return {
    ["So Am I"] = {
        {Time = 0.000, Data = {
            ["RightFoot"] = CFrame.new(4.7584762796759605e-08, 3.5762786865234375e-07, 1.3642420526593924e-08, 0.9907395243644714, 0.09802675247192383, 0.09394695609807968, -0.05632418021559715, 0.9263020753860474, -0.37254777550697327, -0.12354286760091782, 0.3638068437576294, 0.9232454895973206),
            ["LeftLowerArm"] = CFrame.new(-2.9802322387695312e-08, -5.960464477539063e-08, -2.384185791015625e-07, 1, -3.725290298461914e-08, 4.6566128730773926e-08, 2.9802322387695312e-08, 0.7779701948165894, -0.628301203250885, 4.470348358154297e-08, 0.628301203250885, 0.7779701948165894),
            ["RightUpperArm"] = CFrame.new(0, 0.0039058923721313477, 1.9744038581848145e-07, 0.8052508234977722, -0.3984157145023346, -0.4391309320926666, 0.1988341510295868, 0.879168689250946, -0.43304443359375, 0.5586019158363342, 0.26139509677886963, 0.7871699929237366),
            ["Head"] = CFrame.new(-1.4901161193847656e-08, 0.0039060115814208984, -3.725290298461914e-08, 0.7527928948402405, -0.14499223232269287, 0.6420904994010925, 0.44703468680381775, 0.8286091685295105, -0.33699703216552734, -0.48318013548851013, 0.5407256484031677, 0.6885875463485718),
            ["RightHand"] = CFrame.new(1.1175870895385742e-07, 5.960464477539063e-08, 1.341104507446289e-07, 0.9169535636901855, 0.18528859317302704, 0.3533613085746765, -0.19746217131614685, 0.9803091883659363, -0.0016312748193740845, -0.3467056453227997, -0.06827972084283829, 0.9354855418205261),
            ["UpperTorso"] = CFrame.new(8.381903171539307e-09, -0.0039059817790985107, -5.21540641784668e-08, 0.9904563426971436, -0.02243618108332157, -0.13598906993865967, 0.09210773557424545, 0.8417328000068665, 0.5319794416427612, 0.10253091156482697, -0.5394280552864075, 0.835766077041626),
            ["HumanoidRootPart"] = CFrame.new(0, 0, 0, 1, 0, 0, 0, 1, 0, 0, 0, 1),
            ["RightUpperLeg"] = CFrame.new(0, -1.341104507446289e-07, -7.620110409334302e-08, 0.9821314811706543, -0.15615317225456238, 0.10504361242055893, 0.17952397465705872, 0.9448415040969849, -0.2739449441432953, -0.05647217854857445, 0.28790760040283203, 0.9559916257858276),
            ["LeftUpperArm"] = CFrame.new(0, 0.0039060115814208984, -1.9371509552001953e-07, 0.7322608828544617, 0.5523316860198975, -0.39840155839920044, -0.29367905855178833, 0.7839165329933167, 0.5470168590545654, 0.6144482493400574, -0.28355690836906433, 0.7362396717071533),
            ["RightLowerArm"] = CFrame.new(-5.960464477539063e-08, -2.384185791015625e-07, -8.940696716308594e-08, 1, -9.685754776000977e-08, 6.891787052154541e-08, 1.043081283569336e-07, 0.4369659721851349, -0.899478018283844, 1.862645149230957e-08, 0.8994780778884888, 0.4369660019874573),
            ["LeftHand"] = CFrame.new(-2.9802322387695312e-08, 5.960464477539063e-08, -5.960464477539063e-08, 0.9365466833114624, -0.34398841857910156, -0.06747157871723175, 0.3490590751171112, 0.9328359961509705, 0.0893016904592514, 0.032221149653196335, -0.10718676447868347, 0.9937167167663574),
            ["LeftFoot"] = CFrame.new(8.236393966853939e-08, -1.7881393432617188e-07, 1.79495884822245e-08, 0.8753330707550049, -0.25425365567207336, 0.4112752377986908, 0.34429818391799927, 0.9249586462974548, -0.1609666794538498, -0.3394860327243805, 0.28250083327293396, 0.8971858620643616),
            ["LowerTorso"] = CFrame.new(0.13547147810459137, -0.14514803886413574, 2.0186823324053194e-09, 0.9867929220199585, 0.05274799093604088, -0.15315879881381989, -0.09080332517623901, 0.9631045460700989, -0.25334644317626953, 0.13414442539215088, 0.263907790184021, 0.9551743268966675),
            ["RightLowerLeg"] = CFrame.new(1.1175870895385742e-07, -0.000003516674041748047, -0.000013208184100221843, 1, -1.0430809993522416e-07, -6.705523247774181e-08, 1.1920927533992653e-07, 0.6067480444908142, 0.7948938012123108, -5.5879347371501353e-08, -0.7948942184448242, 0.606748640537262),
            ["LeftUpperLeg"] = CFrame.new(-5.960464477539063e-08, -3.166496753692627e-08, -7.450580596923828e-08, 0.9755204916000366, 0.14857180416584015, -0.16213011741638184, -0.12429972738027573, 0.9807177186012268, 0.1508055031299591, 0.18140949308872223, -0.12696124613285065, 0.9751777052879333),
            ["LeftLowerLeg"] = CFrame.new(-2.9802322387695312e-08, 0.000003933906555175781, 0.000013299286365509033, 1, 7.450579886381092e-08, -2.9802315282267955e-08, -3.725290298461914e-08, 0.9261972904205322, 0.3770393431186676, 1.1175870895385742e-08, -0.3770393431186676, 0.9261972308158875),
        }},
        {Time = 0.033, Data = {
            ["RightFoot"] = CFrame.new(8.173446985892951e-08, 3.5762786865234375e-07, 8.85484041646123e-09, 0.9880639910697937, 0.12075947970151901, 0.09563828259706497, -0.08169221132993698, 0.9371255040168762, -0.3392961919307709, -0.13059835135936737, 0.32743415236473083, 0.9358052611351013),
            ["LeftLowerArm"] = CFrame.new(1.1920928955078125e-07, -1.1920928955078125e-07, -5.960464477539063e-08, 1, -6.705522537231445e-08, 7.82310962677002e-08, 2.2351741790771484e-08, 0.7738925814628601, -0.6333168745040894, 5.21540641784668e-08, 0.6333169341087341, 0.7738926410675049),
            ["RightUpperArm"] = CFrame.new(0, 0.003906369209289551, 2.421438694000244e-07, 0.8390856385231018, -0.39982137084007263, -0.36888808012008667, 0.24989429116249084, 0.8856142163276672, -0.3914594054222107, 0.4832063317298889, 0.23628473281860352, 0.8430191874504089),
            ["Head"] = CFrame.new(-3.725290298461914e-09, 0.00390625, -1.043081283569336e-07, 0.7567088603973389, -0.12406323105096817, 0.6418724060058594, 0.40120065212249756, 0.8633270859718323, -0.30611205101013184, -0.5161685347557068, 0.4891572594642639, 0.7030614018440247),
            ["RightHand"] = CFrame.new(2.0116567611694336e-07, 1.1920928955078125e-07, -1.9744038581848145e-07, 0.9336589574813843, 0.23914174735546112, 0.2666311264038086, -0.267644464969635, 0.9605395793914795, 0.07569862902164459, -0.23800703883171082, -0.14203909039497375, 0.9608213305473328),
            ["UpperTorso"] = CFrame.new(2.0489096641540527e-08, -0.003906041383743286, 2.2351741790771484e-08, 0.9908446073532104, -0.030741970986127853, -0.13146108388900757, 0.08819156885147095, 0.884648859500885, 0.45784127712249756, 0.10222193598747253, -0.46524325013160706, 0.879260778427124),
            ["HumanoidRootPart"] = CFrame.new(0, 0, 0, 1, 0, 0, 0, 1, 0, 0, 0, 1),
            ["RightUpperLeg"] = CFrame.new(1.1920928955078125e-07, -2.7008354663848877e-07, 1.6931153368204832e-08, 0.9786813259124756, -0.19827376306056976, 0.05357600376009941, 0.20518741011619568, 0.9324593544006348, -0.2973513603210449, 0.00899945106357336, 0.30200517177581787, 0.9532638192176819),
            ["LeftUpperArm"] = CFrame.new(0, 0.00390625, -2.682209014892578e-07, 0.7898003458976746, 0.5043399333953857, -0.3490799367427826, -0.30769112706184387, 0.818109393119812, 0.4858221709728241, 0.5306050777435303, -0.27629369497299194, 0.8013240098953247),
            ["RightLowerArm"] = CFrame.new(-2.384185791015625e-07, 1.7881393432617188e-07, 8.940696716308594e-08, 1, -8.940696716308594e-08, 5.494803190231323e-08, 1.1920928955078125e-07, 0.5190340876579285, -0.8547535538673401, 8.940696716308594e-08, 0.8547535538673401, 0.5190340876579285),
            ["LeftHand"] = CFrame.new(-2.9802322387695312e-08, 0, 2.9802322387695312e-08, 0.9353882074356079, -0.348478227853775, -0.06009840965270996, 0.353514701128006, 0.9173024296760559, 0.1832588165998459, -0.00873325765132904, -0.1926637887954712, 0.9812260270118713),
            ["LeftFoot"] = CFrame.new(-2.788525677033249e-08, 5.960464477539063e-08, 3.1621439688933606e-08, 0.8760110139846802, -0.245152086019516, 0.4153372049331665, 0.32998114824295044, 0.932715117931366, -0.1454477310180664, -0.3517346680164337, 0.26446741819381714, 0.8979644179344177),
            ["LowerTorso"] = CFrame.new(0.12129732966423035, -0.12949275970458984, 2.0186823324053194e-09, 0.9890092015266418, 0.05182874947786331, -0.13847237825393677, -0.0794190913438797, 0.9761899709701538, -0.20185627043247223, 0.12471337616443634, 0.21063508093357086, 0.9695769548416138),
            ["RightLowerLeg"] = CFrame.new(-3.725290298461914e-09, -0.000003814697265625, -0.000013245437003206462, 1, -1.7136335372924805e-07, -8.568170528633345e-08, 2.1606680888908159e-07, 0.6608466506004333, 0.7505205273628235, -1.0803340444454079e-07, -0.7505210041999817, 0.6608472466468811),
            ["LeftUpperLeg"] = CFrame.new(-5.960464477539063e-08, 3.725290298461914e-09, 3.725290298461914e-09, 0.9731714129447937, 0.15122467279434204, -0.1734028309583664, -0.1331595778465271, 0.9847997426986694, 0.11152612417936325, 0.1876325011253357, -0.08544378727674484, 0.9785159826278687),
            ["LeftLowerLeg"] = CFrame.new(5.21540641784668e-08, 0.000003874301910400391, 0.000013329088687896729, 1, 0, 1.4901162970204496e-08, 1.4901155864777138e-08, 0.9381304979324341, 0.3462817966938019, -7.450577932388569e-09, -0.3462819457054138, 0.9381305575370789),
        }},
        {Time = 0.067, Data = {
            ["RightFoot"] = CFrame.new(2.8734575607813895e-08, 3.5762786865234375e-07, 4.632602212950587e-08, 0.9805217385292053, 0.16845619678497314, 0.10099427402019501, -0.140447199344635, 0.9608001112937927, -0.23903495073318481, -0.13730227947235107, 0.2201949805021286, 0.9657446146011353),
            ["LeftLowerArm"] = CFrame.new(-5.960464477539063e-08, 0, -1.1920928955078125e-07, 1, -8.195638656616211e-08, -1.4901159417490817e-08, 4.470347647611561e-08, 0.7600163817405701, -0.6499040126800537, 5.960463766996327e-08, 0.6499040126800537, 0.7600162625312805),
            ["RightUpperArm"] = CFrame.new(-5.960464477539063e-08, 0.0039060115814208984, 3.46451997756958e-07, 0.8938353657722473, -0.41116347908973694, -0.17889417707920074, 0.36045196652412415, 0.8961719274520874, -0.25874757766723633, 0.26670747995376587, 0.166795015335083, 0.9492347836494446),
            ["Head"] = CFrame.new(-3.725290298461914e-09, 0.0039060115814208984, 1.2293457984924316e-07, 0.7642521262168884, -0.07557476311922073, 0.6404742002487183, 0.2807648181915283, 0.9330481290817261, -0.22492748498916626, -0.5805944204330444, 0.35172390937805176, 0.7343027591705322),
            ["RightHand"] = CFrame.new(-3.0547380447387695e-07, -5.960464477539063e-08, -7.450580596923828e-09, 0.9240449666976929, 0.37138035893440247, 0.0906512588262558, -0.38194331526756287, 0.8868799209594727, 0.2599296271800995, 0.016135958954691887, -0.27481040358543396, 0.9613630771636963),
            ["UpperTorso"] = CFrame.new(1.1408701539039612e-08, -0.003906309604644775, -9.313225746154785e-10, 0.9923962950706482, -0.05016016587615013, -0.11239957809448242, 0.07916728407144547, 0.9593601226806641, 0.27085211873054504, 0.09424566477537155, -0.2776910066604614, 0.9560363292694092),
            ["HumanoidRootPart"] = CFrame.new(0, 0, 0, 1, 0, 0, 0, 1, 0, 0, 0, 1),
            ["RightUpperLeg"] = CFrame.new(-2.9802322387695312e-08, -2.3702159523963928e-07, -5.420588422566652e-09, 0.9570521116256714, -0.2778015434741974, -0.0829317644238472, 0.23626968264579773, 0.9131401777267456, -0.332192599773407, 0.1680118441581726, 0.2983311116695404, 0.9395586848258972),
            ["LeftUpperArm"] = CFrame.new(0, 0.003905773162841797, -1.7881393432617188e-07, 0.9017901420593262, 0.38683250546455383, -0.19270510971546173, -0.31581392884254456, 0.8942367434501648, 0.31717872619628906, 0.2950190007686615, -0.22516965866088867, 0.9285809397697449),
            ["RightLowerArm"] = CFrame.new(-1.4901161193847656e-07, -5.960464477539063e-08, 2.9802322387695312e-08, 1, -2.9802322387695312e-08, 7.82310962677002e-08, 7.450580596923828e-08, 0.6826738119125366, -0.7307232618331909, 9.313225746154785e-09, 0.7307232618331909, 0.6826738715171814),
            ["LeftHand"] = CFrame.new(0, -2.384185791015625e-07, 0, 0.932705283164978, -0.35674628615379333, -0.05284961313009262, 0.35028937458992004, 0.8612993955612183, 0.3680499792098999, -0.0857810527086258, -0.36179471015930176, 0.9283028841018677),
            ["LeftFoot"] = CFrame.new(-2.2120563158978257e-08, 0, -2.3046435870810456e-08, 0.8851419687271118, -0.2257070094347, 0.4069153964519501, 0.288798451423645, 0.9521452188491821, -0.10007461905479431, -0.36485517024993896, 0.20609688758850098, 0.9079675078392029),
            ["LowerTorso"] = CFrame.new(0.08656863868236542, -0.09343171119689941, 2.0186823324053194e-09, 0.9938580989837646, 0.04543754830956459, -0.10090374201536179, -0.054300833493471146, 0.9947356581687927, -0.08690430968999863, 0.09642383456230164, 0.09184970706701279, 0.9910933971405029),
            ["RightLowerLeg"] = CFrame.new(2.2351741790771484e-08, -0.000003635883331298828, -0.000013200733519624919, 1, 7.450579886381092e-08, 2.6077039194660756e-08, -2.2351738238057806e-08, 0.795123815536499, 0.6064467430114746, 7.4505797087454084e-09, -0.6064471006393433, 0.7951241135597229),
            ["LeftUpperLeg"] = CFrame.new(5.960464477539063e-08, -4.684552550315857e-07, 0, 0.9694157242774963, 0.16101695597171783, -0.1852211356163025, -0.15754204988479614, 0.9869464039802551, 0.03342678025364876, 0.18818557262420654, -0.003224381012842059, 0.9821282029151917),
            ["LeftLowerLeg"] = CFrame.new(-3.725290298461914e-08, 0.000003814697265625, 0.000013349577784538269, 1, 3.352760913344355e-08, -4.47035120032524e-08, -2.6077035641947077e-08, 0.9673253297805786, 0.25353842973709106, -6.705523247774181e-08, -0.2535383105278015, 0.9673254489898682),
        }},
        {Time = 0.100, Data = {
            ["RightFoot"] = CFrame.new(-4.38121787738055e-08, 1.1920928955078125e-07, -2.537854015827179e-08, 0.9706589579582214, 0.21414241194725037, 0.10938168317079544, -0.2096964418888092, 0.9764468669891357, -0.0507829412817955, -0.11768019199371338, 0.02635607123374939, 0.9927018284797668),
            ["LeftLowerArm"] = CFrame.new(5.960464477539063e-08, -1.1920928955078125e-07, -1.043081283569336e-07, 1, -4.842878098543224e-08, 2.980232594040899e-08, 6.146729703004894e-08, 0.7333235740661621, -0.6798797249794006, 2.6077035641947077e-08, 0.6798798441886902, 0.7333236932754517),
            ["RightUpperArm"] = CFrame.new(0, 0.0039060115814208984, 2.3527536541223526e-07, 0.8932497501373291, -0.4437640607357025, 0.07196194678544998, 0.4472135305404663, 0.8934642672538757, -0.04149411618709564, -0.04588181897997856, 0.06924697011709213, 0.9965438842773438),
            ["Head"] = CFrame.new(1.1641532182693481e-08, 0.0039060115814208984, -1.1350493878126144e-09, 0.7697662711143494, -0.01859186962246895, 0.638055145740509, 0.121482715010643, 0.9855736494064331, -0.11784190684556961, -0.6266593337059021, 0.16822338104248047, 0.7609198689460754),
            ["RightHand"] = CFrame.new(-2.39349901676178e-07, 0, -1.4901161193847656e-07, 0.8664745092391968, 0.4976862370967865, -0.03912363201379776, -0.43444955348968506, 0.7903385758399963, 0.43199390172958374, 0.24591827392578125, -0.35731440782546997, 0.9010275602340698),
            ["UpperTorso"] = CFrame.new(2.9685907065868378e-09, -0.003906071186065674, -2.561137080192566e-09, 0.9949519634246826, -0.06918200850486755, -0.0726945698261261, 0.0727398544549942, 0.9962198138237, 0.04748857021331787, 0.0691344141960144, -0.05253663659095764, 0.9962230920791626),
            ["HumanoidRootPart"] = CFrame.new(0, 0, 0, 1, 0, 0, 0, 1, 0, 0, 0, 1),
            ["RightUpperLeg"] = CFrame.new(1.1920928955078125e-07, -5.320180207490921e-08, -3.5579432733356953e-09, 0.9102257490158081, -0.30989301204681396, -0.2746911644935608, 0.23139366507530212, 0.9307172894477844, -0.28323569893836975, 0.3434326946735382, 0.1942465752363205, 0.9188701510429382),
            ["LeftUpperArm"] = CFrame.new(0, 0.0039060115814208984, -2.3096799850463867e-07, 0.9631043076515198, 0.26391538977622986, 0.05271616578102112, -0.2677437663078308, 0.9594337940216064, 0.08831913769245148, -0.0272689051926136, -0.09917495399713516, 0.9946963787078857),
            ["RightLowerArm"] = CFrame.new(5.960464477539063e-08, 0, 0, 1, -8.381903171539307e-09, -1.4901162970204496e-08, 1.548323780298233e-08, 0.8175311088562012, -0.5758844614028931, 1.4901161193847656e-08, 0.5758844614028931, 0.817531168460846),
            ["LeftHand"] = CFrame.new(-1.043081283569336e-07, -2.384185791015625e-07, -5.960464477539063e-08, 0.9323198795318604, -0.35588935017585754, -0.06420697271823883, 0.3380025029182434, 0.7944201231002808, 0.5046295523643494, -0.12858492136001587, -0.49217820167541504, 0.8609451651573181),
            ["LeftFoot"] = CFrame.new(3.6885921872453764e-08, 0, -2.158594725187868e-08, 0.9094754457473755, -0.20490485429763794, 0.36175739765167236, 0.2137817144393921, 0.9767538905143738, 0.015790078788995743, -0.3565834164619446, 0.06297645717859268, 0.9321386218070984),
            ["LowerTorso"] = CFrame.new(0.042976099997758865, -0.05332136154174805, 1.946586669632211e-09, 0.9982368350028992, 0.03013986349105835, -0.05113562196493149, -0.02880561351776123, 0.9992302060127258, 0.026631897315382957, 0.051898933947086334, -0.02511194348335266, 0.998336672782898),
            ["RightLowerLeg"] = CFrame.new(-5.587935447692871e-08, -0.000003516674041748047, -0.000013342294550966471, 1, -9.685754776000977e-08, 2.7474015951156616e-08, 9.313227877782992e-08, 0.9592463374137878, 0.2825709879398346, -7.078052988163108e-08, -0.2825711667537689, 0.9592463970184326),
            ["LeftUpperLeg"] = CFrame.new(0, 2.6775524020195007e-08, 1.862645149230957e-09, 0.9698805809020996, 0.18335610628128052, -0.1603505164384842, -0.18143467605113983, 0.9830413460731506, 0.026670709252357483, 0.16252152621746063, 0.0032257558777928352, 0.9866998195648193),
            ["LeftLowerLeg"] = CFrame.new(5.564652383327484e-08, 0.0000035762786865234375, 0.000013301149010658264, 1, 1.373700442286463e-08, -2.1420424545226524e-08, 1.3969838619232178e-09, 0.9999845623970032, 0.005557820666581392, -5.587935447692871e-09, -0.005557789001613855, 0.999984622001648),
        }},
        {Time = 0.133, Data = {
            ["RightFoot"] = CFrame.new(-6.849768396932632e-08, 2.384185791015625e-07, 2.4236214812844992e-08, 0.9621912240982056, 0.24686768651008606, 0.11508405953645706, -0.2574103772640228, 0.9622937440872192, 0.08792499452829361, -0.0890389084815979, -0.11422418057918549, 0.9894569516181946),
            ["LeftLowerArm"] = CFrame.new(-1.7881393432617188e-07, 1.7881393432617188e-07, -1.4901161193847656e-08, 1, -7.450581307466564e-08, 0, 6.146728992462158e-08, 0.6897847056388855, -0.7240145206451416, 2.421438694000244e-08, 0.7240145802497864, 0.6897847652435303),
            ["RightUpperArm"] = CFrame.new(1.1920928955078125e-07, 0.0039061307907104492, 2.3283064365386963e-07, 0.8273252248764038, -0.48989415168762207, 0.2748393714427948, 0.4539486765861511, 0.8712800741195679, 0.186552032828331, -0.33085283637046814, -0.029576264321804047, 0.9432187676429749),
            ["Head"] = CFrame.new(1.591524778632447e-08, 0.003906369209289551, -7.945345714688301e-09, 0.7711537480354309, 0.03676323965191841, 0.6355866193771362, -0.01921139284968376, 0.9992204904556274, -0.03448725864291191, -0.6363590359687805, 0.01438445970416069, 0.7712590098381042),
            ["RightHand"] = CFrame.new(-1.341104507446289e-07, -2.384185791015625e-07, 1.1920928955078125e-07, 0.8422256708145142, 0.5350653529167175, -0.0660376101732254, -0.44083914160728455, 0.7540085911750793, 0.48696190118789673, 0.31034937500953674, -0.38101983070373535, 0.8709231019020081),
            ["UpperTorso"] = CFrame.new(1.964508555829525e-09, -0.0039060115814208984, 3.27054294757545e-09, 0.9967696070671082, -0.0791492611169815, -0.013629144988954067, 0.07727552205324173, 0.9913844466209412, -0.10576079040765762, 0.02188260853290558, 0.10436595976352692, 0.9942982196807861),
            ["HumanoidRootPart"] = CFrame.new(0, 0, 0, 1, 0, 0, 0, 1, 0, 0, 0, 1),
            ["RightUpperLeg"] = CFrame.new(5.960464477539063e-08, -1.4551915228366852e-11, 4.1254679672420025e-09, 0.8652541041374207, -0.28363892436027527, -0.41338157653808594, 0.2179775834083557, 0.9553910493850708, -0.19928337633609772, 0.4514654874801636, 0.08232275396585464, 0.8884828090667725),
            ["LeftUpperArm"] = CFrame.new(5.960464477539063e-08, 0.003906369209289551, -2.4493783712387085e-07, 0.9370028972625732, 0.21134576201438904, 0.27813389897346497, -0.18589149415493011, 0.9757906794548035, -0.11522622406482697, -0.29575303196907043, 0.056264594197273254, 0.9536060094833374),
            ["RightLowerArm"] = CFrame.new(1.1920928955078125e-07, 1.1920928955078125e-07, -2.9802322387695312e-08, 1, 5.960464477539063e-08, 0, 4.237517714500427e-08, 0.8677259087562561, -0.4970431625843048, 7.450580596923828e-09, 0.4970431625843048, 0.8677258491516113),
            ["LeftHand"] = CFrame.new(1.9371509552001953e-07, -1.1920928955078125e-07, -1.4901161193847656e-08, 0.9369484782218933, -0.3336926996707916, -0.10381150245666504, 0.33763113617897034, 0.7876954674720764, 0.515306830406189, -0.0901823416352272, -0.5178659558296204, 0.8506951332092285),
            ["LeftFoot"] = CFrame.new(9.884591634090611e-08, 0, 5.435898842165443e-09, 0.9410452246665955, -0.1868932694196701, 0.28196585178375244, 0.20032081007957458, 0.9795403480529785, -0.019298316910862923, -0.2725902199745178, 0.07464434206485748, 0.9592304229736328),
            ["LowerTorso"] = CFrame.new(3.019013372629331e-10, -0.038706183433532715, -7.930537337941246e-10, 0.9999507069587708, 0.009467219933867455, 0.0029891233425587416, -0.009685526601970196, 0.9963936805725098, 0.0842958465218544, -0.0021802964620292187, -0.08432064205408096, 0.9964362978935242),
            ["RightLowerLeg"] = CFrame.new(5.366746336221695e-08, -0.0000036954879760742188, -0.000013323435268830508, 1, 1.2805689841854928e-08, 2.7939677238464355e-08, -2.5029291972344936e-09, 0.999984085559845, 0.005656101740896702, -2.0489094865183688e-08, -0.005656274501234293, 0.9999840259552002),
            ["LeftUpperLeg"] = CFrame.new(-5.960464477539063e-08, -6.56727934256196e-08, 1.8510036170482635e-08, 0.9747470021247864, 0.1709931641817093, -0.14363078773021698, -0.18825656175613403, 0.9751669764518738, -0.11665769666433334, 0.12011629343032837, 0.14075115323066711, 0.9827315211296082),
            ["LeftLowerLeg"] = CFrame.new(-3.725290298461914e-08, 0.000003874301910400391, 0.000013298355042934418, 1, 1.862644971595273e-08, -1.4901162970204496e-08, 2.3748720323624184e-08, 0.994104266166687, 0.1084282249212265, -1.0244545656235005e-08, -0.10842832922935486, 0.9941043853759766),
        }},
        {Time = 0.167, Data = {
            ["RightFoot"] = CFrame.new(2.5043846108019352e-08, 2.980232238769531e-07, -2.5262124836444855e-08, 0.9526758790016174, 0.2804018557071686, 0.11740384250879288, -0.28311383724212646, 0.9590625166893005, 0.006754987873136997, -0.11070363223552704, -0.03967383876442909, 0.9930613040924072),
            ["LeftLowerArm"] = CFrame.new(-1.1920928955078125e-07, 1.1920928955078125e-07, 5.960464477539063e-08, 1, -5.029141902923584e-08, 2.6077035641947077e-08, 6.705522537231445e-08, 0.6252993941307068, -0.7803850173950195, 3.3527612686157227e-08, 0.7803850173950195, 0.6252993941307068),
            ["RightUpperArm"] = CFrame.new(0, 0.0039061307907104492, 2.2351741790771484e-07, 0.7678003907203674, -0.5248417854309082, 0.36745569109916687, 0.4086197316646576, 0.8428891897201538, 0.3500969409942627, -0.4934699237346649, -0.11865498870611191, 0.8616312742233276),
            ["Head"] = CFrame.new(3.14321368932724e-08, 0.00390625, -3.725290298461914e-09, 0.7737648487091064, 0.08698780089616776, 0.6274721026420593, -0.07706854492425919, 0.9960957765579224, -0.04305415228009224, -0.6287674307823181, -0.015044585801661015, 0.7774479389190674),
            ["RightHand"] = CFrame.new(2.086162567138672e-07, 1.7881393432617188e-07, 5.960464477539063e-08, 0.8660995960235596, 0.4986773133277893, -0.03453265503048897, -0.43610963225364685, 0.7875794768333435, 0.4353470206260681, 0.2442949116230011, -0.36199378967285156, 0.8996002078056335),
            ["UpperTorso"] = CFrame.new(1.6298145055770874e-09, -0.0039059221744537354, -1.3969838619232178e-09, 0.9946107864379883, -0.08531571924686432, 0.05891317129135132, 0.09187155961990356, 0.9885859489440918, -0.11940480023622513, -0.048053622245788574, 0.12417372316122055, 0.9910962581634521),
            ["HumanoidRootPart"] = CFrame.new(0, 0, 0, 1, 0, 0, 0, 1, 0, 0, 0, 1),
            ["RightUpperLeg"] = CFrame.new(5.960464477539063e-08, 2.1653249859809875e-07, 1.6931153368204832e-08, 0.8318573236465454, -0.3351091742515564, -0.4423971176147461, 0.23072297871112823, 0.9337918162345886, -0.27349555492401123, 0.5047577619552612, 0.12543800473213196, 0.854098916053772),
            ["LeftUpperArm"] = CFrame.new(0, 0.0039061307907104492, -2.3096799850463867e-07, 0.8885083198547363, 0.24309219419956207, 0.3891778588294983, -0.15049925446510315, 0.9556078314781189, -0.25330567359924316, -0.4334779977798462, 0.16649320721626282, 0.8856505155563354),
            ["RightLowerArm"] = CFrame.new(1.1920928955078125e-07, -1.1920928955078125e-07, 2.384185791015625e-07, 1, -4.470348358154297e-08, 5.587935447692871e-08, 3.725289943190546e-08, 0.8581218123435974, -0.5134461522102356, 7.450579886381092e-08, 0.5134462118148804, 0.8581218123435974),
            ["LeftHand"] = CFrame.new(-1.341104507446289e-07, 0, 2.682209014892578e-07, 0.9413347840309143, -0.29254209995269775, -0.16824957728385925, 0.3368861973285675, 0.843997597694397, 0.4173436164855957, 0.019911684095859528, -0.4495410621166229, 0.893037736415863),
            ["LeftFoot"] = CFrame.new(1.9169483778114227e-09, -5.960464477539063e-08, 7.202288543339819e-09, 0.9690169095993042, -0.1721244752407074, 0.17714285850524902, 0.20840159058570862, 0.9547143578529358, -0.21234263479709625, -0.1325715035200119, 0.24268050491809845, 0.9610052108764648),
            ["LowerTorso"] = CFrame.new(-0.04155848175287247, -0.09045982360839844, -1.0093411662026597e-09, 0.9980142712593079, -0.01128905825316906, 0.06196989119052887, 0.005608556792140007, 0.995827317237854, 0.09108509123325348, -0.06273958086967468, -0.09055665135383606, 0.9939131140708923),
            ["RightLowerLeg"] = CFrame.new(3.725290298461914e-09, -0.0000037550926208496094, -0.000013394448615144938, 1, -4.0978193283081055e-08, 3.259628655882807e-08, -5.587936335871291e-09, 0.9863524436950684, 0.16464760899543762, 4.0978196835794733e-08, -0.16464772820472717, 0.9863524436950684),
            ["LeftUpperLeg"] = CFrame.new(-1.1920928955078125e-07, 4.842877388000488e-08, -2.421438694000244e-08, 0.9802196621894836, 0.1412668079137802, -0.13861194252967834, -0.18483707308769226, 0.9037861824035645, -0.38601282238960266, 0.07074478268623352, 0.40399786829948425, 0.9120202660560608),
            ["LeftLowerLeg"] = CFrame.new(7.916241884231567e-08, 0.0000036954879760742188, 0.000013295561075210571, 1, 4.7497451305389404e-08, -1.862645371275562e-09, -4.284083843231201e-08, 0.8469212055206299, 0.5317184925079346, 1.6763806343078613e-08, -0.5317185521125793, 0.8469212055206299),
        }},
        {Time = 0.200, Data = {
            ["RightFoot"] = CFrame.new(-4.2044121073558927e-08, 2.980232238769531e-07, -3.128661774098873e-10, 0.942234456539154, 0.3130852282047272, 0.11904648691415787, -0.3077208399772644, 0.9494853615760803, -0.061525456607341766, -0.13229571282863617, 0.021338611841201782, 0.9909806847572327),
            ["LeftLowerArm"] = CFrame.new(-2.980232238769531e-07, 0, -1.1920928955078125e-07, 1, -5.029141902923584e-08, 3.725290653733282e-08, 7.450580596923828e-08, 0.5400945544242859, -0.8416043519973755, 8.754432201385498e-08, 0.8416044116020203, 0.5400946140289307),
            ["RightUpperArm"] = CFrame.new(0, 0.0039058923721313477, 2.253800630569458e-07, 0.7417387962341309, -0.5432935357093811, 0.3932628035545349, 0.35249820351600647, 0.8146322965621948, 0.4605642557144165, -0.5705861449241638, -0.2029939591884613, 0.7957543134689331),
            ["Head"] = CFrame.new(1.7695128917694092e-08, 0.003905773162841797, -1.1175870895385742e-08, 0.7806193828582764, 0.1275920420885086, 0.6118446588516235, -0.07362516969442368, 0.9908971786499023, -0.11270406097173691, -0.6206552386283875, 0.042931802570819855, 0.7829074263572693),
            ["RightHand"] = CFrame.new(-1.1920928955078125e-07, 0, -3.725290298461914e-08, 0.905813992023468, 0.4231414794921875, 0.02126924693584442, -0.40980735421180725, 0.8623192310333252, 0.2974283695220947, 0.1075134128332138, -0.27813103795051575, 0.9545072317123413),
            ["UpperTorso"] = CFrame.new(1.862645149230957e-09, -0.0039061009883880615, -1.0244548320770264e-08, 0.9859619140625, -0.10267852246761322, 0.1316676139831543, 0.10831011086702347, 0.9934531450271606, -0.03632871434092522, -0.1270754486322403, 0.05007965490221977, 0.9906280636787415),
            ["HumanoidRootPart"] = CFrame.new(0, 0, 0, 1, 0, 0, 0, 1, 0, 0, 0, 1),
            ["RightUpperLeg"] = CFrame.new(1.1920928955078125e-07, -1.471489667892456e-07, 5.75528247281909e-09, 0.7949935793876648, -0.3823409080505371, -0.4709570109844208, 0.26432183384895325, 0.9171207547187805, -0.2983683943748474, 0.5460030436515808, 0.11271663010120392, 0.8301661610603333),
            ["LeftUpperArm"] = CFrame.new(1.1920928955078125e-07, 0.0039061307907104492, -2.1420419216156006e-07, 0.8492717742919922, 0.31572023034095764, 0.42315271496772766, -0.16684801876544952, 0.9209162592887878, -0.35224297642707825, -0.5008983612060547, 0.2285478115081787, 0.834785521030426),
            ["RightLowerArm"] = CFrame.new(1.1920928955078125e-07, -1.1920928955078125e-07, 2.9802322387695312e-08, 1, -7.450580596923828e-08, 9.313225746154785e-09, 2.2351738238057806e-08, 0.8289451599121094, -0.5593299269676208, 7.450579886381092e-08, 0.5593299865722656, 0.8289451599121094),
            ["LeftHand"] = CFrame.new(-2.2165477275848389e-07, 0, -1.5739351511001587e-07, 0.9369097352027893, -0.24051815271377563, -0.25367578864097595, 0.3006437420845032, 0.9246684312820435, 0.23367032408714294, 0.17836400866508484, -0.29519379138946533, 0.9386410117149353),
            ["LeftFoot"] = CFrame.new(-2.6600929459164036e-08, 5.960464477539063e-08, -4.347384674474597e-10, 0.9868260025978088, -0.14939555525779724, 0.06209150701761246, 0.16087697446346283, 0.9467458724975586, -0.2789098620414734, -0.017116980627179146, 0.2852248549461365, 0.9583078622817993),
            ["LowerTorso"] = CFrame.new(-0.08277124911546707, -0.12695956230163574, -1.0093411662026597e-09, 0.9920584559440613, -0.027333101257681847, 0.122772715985775, 0.019903820008039474, 0.9979186654090881, 0.06133662536740303, -0.1241937205195427, -0.05840586498379707, 0.9905375838279724),
            ["RightLowerLeg"] = CFrame.new(-1.1175870895385742e-07, -0.0000037550926208496094, -0.000013230535842012614, 1, 4.470347647611561e-08, -5.541370029504833e-08, 2.9802318834981634e-08, 0.9566223621368408, 0.29133081436157227, -2.9802318834981634e-08, -0.29133111238479614, 0.9566224217414856),
            ["LeftUpperLeg"] = CFrame.new(-1.1920928955078125e-07, -3.236345946788788e-07, -1.4901161193847656e-08, 0.9850857853889465, 0.1387667953968048, -0.10173450410366058, -0.17068928480148315, 0.862706184387207, -0.4760287404060364, 0.0217099841684103, 0.4862940013408661, 0.8735255002975464),
            ["LeftLowerLeg"] = CFrame.new(-1.862645149230957e-09, 0.0000040531158447265625, 0.000013248063623905182, 1, 1.8440178450873645e-07, 5.960464477539063e-08, -1.4528625058574107e-07, 0.7416831254959106, 0.6707502603530884, 7.636841559133245e-08, -0.6707504391670227, 0.7416833639144897),
        }},
        {Time = 0.233, Data = {
            ["RightFoot"] = CFrame.new(-5.0960807129740715e-08, 2.980232238769531e-07, 9.844370651990175e-09, 0.9313995242118835, 0.34349870681762695, 0.12043096870183945, -0.3412773013114929, 0.9391422271728516, -0.03926395997405052, -0.12658901512622833, -0.004529756493866444, 0.9919449687004089),
            ["LeftLowerArm"] = CFrame.new(-5.960464477539063e-08, 1.7881393432617188e-07, -5.960464477539063e-08, 1, -1.862645149230957e-08, 5.587935447692871e-08, 7.078051567077637e-08, 0.4369659721851349, -0.8994780778884888, 9.313225746154785e-08, 0.8994780778884888, 0.4369659423828125),
            ["RightUpperArm"] = CFrame.new(-5.960464477539063e-08, 0.003905773162841797, 2.2351741790771484e-07, 0.7322611808776855, -0.5523313879966736, 0.3984012305736542, 0.2936789095401764, 0.783916711807251, 0.5470167398452759, -0.6144479513168335, -0.2835572063922882, 0.7362399101257324),
            ["Head"] = CFrame.new(4.0978193283081055e-08, 0.0039060115814208984, 3.3527612686157227e-08, 0.7938573956489563, 0.158260777592659, 0.5871490240097046, -0.05092456936836243, 0.9794505834579468, -0.19514940679073334, -0.6059679388999939, 0.12502050399780273, 0.7856034636497498),
            ["RightHand"] = CFrame.new(-5.960464477539063e-08, -1.1920928955078125e-07, -1.7881393432617188e-07, 0.9365262389183044, 0.34397366642951965, 0.06782813370227814, -0.3490738272666931, 0.9328564405441284, 0.08903113007545471, -0.03264959901571274, -0.10705699026584625, 0.9937167167663574),
            ["UpperTorso"] = CFrame.new(4.71482053399086e-09, -0.0039059221744537354, 9.313225746154785e-10, 0.9724200367927551, -0.13808466494083405, 0.187967911362648, 0.12562331557273865, 0.9891067743301392, 0.0767250582575798, -0.19651487469673157, -0.05099581927061081, 0.9791738986968994),
            ["HumanoidRootPart"] = CFrame.new(0, 0, 0, 1, 0, 0, 0, 1, 0, 0, 0, 1),
            ["RightUpperLeg"] = CFrame.new(0, 2.6775524020195007e-08, -1.4733814168721437e-08, 0.7582036256790161, -0.3773913085460663, -0.5316982865333557, 0.3083471357822418, 0.9260533452033997, -0.21759429574012756, 0.5744991302490234, 0.0010330552468076348, 0.8185045123100281),
            ["LeftUpperArm"] = CFrame.new(-1.1920928955078125e-07, 0.003905653953552246, -2.086162567138672e-07, 0.8052511811256409, 0.39841556549072266, 0.43913060426712036, -0.19883418083190918, 0.8791686296463013, -0.4330444633960724, -0.558601438999176, 0.2613953948020935, 0.7871702313423157),
            ["RightLowerArm"] = CFrame.new(5.960464477539063e-08, 0, -8.940696716308594e-08, 1, -7.4505797087454084e-09, -3.7252898543727042e-09, 7.450579886381092e-08, 0.7779701948165894, -0.628301203250885, 0, 0.628301203250885, 0.7779701352119446),
            ["LeftHand"] = CFrame.new(-1.9371509552001953e-07, 5.960464477539063e-08, 1.825392246246338e-07, 0.917003333568573, -0.18503548204898834, -0.35336512327194214, 0.1977154165506363, 0.9802594780921936, -0.00021788477897644043, 0.3464297950267792, -0.06966584920883179, 0.9354854822158813),
            ["LeftFoot"] = CFrame.new(-1.309416575168143e-08, 0, -8.902361514628865e-09, 0.9919018149375916, -0.11862912029027939, -0.04536665976047516, 0.0994177833199501, 0.9474957585334778, -0.3039214015007019, 0.07903865724802017, 0.29694971442222595, 0.9516164064407349),
            ["LowerTorso"] = CFrame.new(-0.12579494714736938, -0.14514803886413574, -1.8744907848144976e-09, 0.9828545451164246, -0.036422114819288254, 0.18074959516525269, 0.03394703194499016, 0.999282956123352, 0.01676907017827034, -0.18123073875904083, -0.010345641523599625, 0.9833862781524658),
            ["RightLowerLeg"] = CFrame.new(-7.450580596923828e-09, -0.0000036954879760742188, -0.0000133199428091757, 1, -8.940696716308594e-08, 2.9569491744041443e-08, 2.607702498380604e-08, 0.9728490710258484, 0.2314402461051941, 2.2351736461700966e-08, -0.2314404398202896, 0.9728491902351379),
            ["LeftUpperLeg"] = CFrame.new(2.9802322387695312e-08, 3.42843122780323e-08, 1.862645149230957e-09, 0.9881744980812073, 0.14120802283287048, -0.0597633421421051, -0.15193729102611542, 0.8492458462715149, -0.5056641697883606, -0.02065012790262699, 0.508764922618866, 0.8606579899787903),
            ["LeftLowerLeg"] = CFrame.new(-5.587935447692871e-08, 0.000003993511199951172, 0.000013329088687896729, 1, 5.587936158235607e-08, 5.96046660916727e-08, -8.940698137394065e-08, 0.6799075603485107, 0.7332978844642639, 2.2351745343485163e-08, -0.7332977652549744, 0.679907500743866),
        }},
        {Time = 0.267, Data = {
            ["RightFoot"] = CFrame.new(4.102912498638034e-08, 3.5762786865234375e-07, -6.832124199718237e-09, 0.9191946983337402, 0.3741384446620941, 0.12288867682218552, -0.37611085176467896, 0.9265433549880981, -0.007619122043251991, -0.11671243607997894, -0.03921617940068245, 0.9923912286758423),
            ["LeftLowerArm"] = CFrame.new(8.940696716308594e-08, -1.1920928955078125e-07, 2.9802322387695312e-08, 1, -8.614733815193176e-08, 3.259628655882807e-08, 6.938353180885315e-08, 0.32485419511795044, -0.9457641243934631, 4.842877388000488e-08, 0.9457641243934631, 0.32485416531562805),
            ["RightUpperArm"] = CFrame.new(0, 0.0039061307907104492, 2.5331974029541016e-07, 0.7191157937049866, -0.5618118047714233, 0.40895000100135803, 0.22788414359092712, 0.7466291785240173, 0.6249910593032837, -0.6564612984657288, -0.3562476933002472, 0.6649407148361206),
            ["Head"] = CFrame.new(-2.9802322387695312e-08, 0.0039060115814208984, 1.862645149230957e-08, 0.81371009349823, 0.18283891677856445, 0.5517662167549133, -0.0458952821791172, 0.9664866328239441, -0.25258150696754456, -0.5794562697410583, 0.1802046149969101, 0.7948313355445862),
            ["RightHand"] = CFrame.new(2.9802322387695312e-08, 0, 2.9802322387695312e-08, 0.9567942023277283, 0.2811059355735779, 0.07432602345943451, -0.2676243484020233, 0.9513221383094788, -0.15285128355026245, -0.11367534846067429, 0.12635576725006104, 0.985450267791748),
            ["UpperTorso"] = CFrame.new(-1.792795956134796e-08, -0.00390625, -1.862645149230957e-09, 0.9582571387290955, -0.18579871952533722, 0.2173064649105072, 0.1519007831811905, 0.9747634530067444, 0.1635926514863968, -0.24221773445606232, -0.12375481426715851, 0.9622969031333923),
            ["HumanoidRootPart"] = CFrame.new(0, 0, 0, 1, 0, 0, 0, 1, 0, 0, 0, 1),
            ["RightUpperLeg"] = CFrame.new(0, -5.611218512058258e-08, -1.6596459317952394e-08, 0.7230360507965088, -0.36636465787887573, -0.5856584906578064, 0.354339599609375, 0.9244495630264282, -0.14084194600582123, 0.5930113196372986, -0.10568826645612717, 0.798227846622467),
            ["LeftUpperArm"] = CFrame.new(1.1920928955078125e-07, 0.0039061307907104492, -2.682209014892578e-07, 0.7419401407241821, 0.4742339849472046, 0.4739483594894409, -0.21118147671222687, 0.8362088799476624, -0.5061197876930237, -0.6363389492034912, 0.27542147040367126, 0.7205662727355957),
            ["RightLowerArm"] = CFrame.new(-2.9802322387695312e-08, -1.1920928955078125e-07, -2.9802322387695312e-08, 1, -2.2351741790771484e-08, 4.0978193283081055e-08, 8.940698137394065e-08, 0.7037753462791443, -0.7104225754737854, 5.960465188081798e-08, 0.7104225754737854, 0.7037754058837891),
            ["LeftHand"] = CFrame.new(-2.9802322387695312e-08, 5.960464477539063e-08, 3.3527612686157227e-07, 0.8820804953575134, -0.13105736672878265, -0.45250192284584045, 0.03214387223124504, 0.9750295281410217, -0.2197369486093521, 0.4700008034706116, 0.17928048968315125, 0.8642672300338745),
            ["LeftFoot"] = CFrame.new(1.9323920241731685e-09, 1.7881393432617188e-07, 9.023210623126943e-09, 0.9878464937210083, -0.08458530157804489, -0.13040180504322052, 0.0380525141954422, 0.9450385570526123, -0.32473719120025635, 0.1507028192281723, 0.3158282935619354, 0.9367716908454895),
            ["LowerTorso"] = CFrame.new(-0.1711633801460266, -0.1658724546432495, -1.8744907848144976e-09, 0.972358226776123, -0.03957485407590866, 0.2301158607006073, 0.045772574841976166, 0.9987171292304993, -0.021655404940247536, -0.22896364331245422, 0.0315898060798645, 0.9729222655296326),
            ["RightLowerLeg"] = CFrame.new(-5.587935447692871e-08, -0.000003993511199951172, -0.000013290140486788005, 1, 1.4901162970204496e-08, -4.0978196835794733e-08, 3.585591912269592e-08, 0.9875022172927856, 0.15760532021522522, -3.725290298461914e-08, -0.1576053947210312, 0.9875021576881409),
