return {
    ["So Much More"] = {
        {Time = 0.000, Data = {
            ["LeftLowerArm"] = CFrame.new(0.0000011920928955078125, -2.384185791015625e-07, 0.000004634261131286621, 1, 1.4156103134155273e-07, 2.980232594040899e-08, -5.960463766996327e-08, 0.6758154630661011, -0.7370709180831909, -1.4901159772762185e-07, 0.7370708584785461, 0.6758153438568115),
            ["LeftFoot"] = CFrame.new(2.2351741790771484e-08, -2.384185791015625e-07, -9.685754776000977e-08, 0.9796587824821472, -0.18825754523277283, -0.0694829598069191, 0.1825195997953415, 0.9798297882080078, -0.0813654437661171, 0.08339899033308029, 0.06702844053506851, 0.9942594170570374),
            ["RightHand"] = CFrame.new(3.390014171600342e-07, 0.0000012516975402832031, -6.593763828277588e-07, 0.9390470385551453, -0.022084420546889305, 0.3430781364440918, 0.08862058818340302, 0.9797587990760803, -0.1794966459274292, -0.33217018842697144, 0.198959618806839, 0.9219969511032104),
            ["HumanoidRootPart"] = CFrame.new(0, 0, 0, 1, 0, 0, 0, 1, 0, 0, 0, 1),
            ["RightLowerLeg"] = CFrame.new(-6.332993507385254e-08, -0.0007266402244567871, 0.000046031382225919515, 1, 7.450581307466564e-08, 6.332995639013461e-08, -1.0803343286625022e-07, 0.18262258172035217, 0.9831831455230713, 1.1175872316471214e-07, -0.9831830859184265, 0.1826227605342865),
            ["LeftUpperLeg"] = CFrame.new(-8.940696716308594e-08, -2.9616057872772217e-07, -5.960464477539063e-08, 0.5294396877288818, 0.5068087577819824, 0.6803227663040161, -0.24959348142147064, 0.8595011830329895, -0.4460499882698059, -0.8108001351356506, 0.06635252386331558, 0.581550121307373),
            ["LeftLowerLeg"] = CFrame.new(2.9802322387695312e-08, -0.0007266402244567871, 0.00008121505379676819, 1, 2.7474012398442937e-08, 2.2351741790771484e-08, 0, 0.6661713123321533, 0.7457988262176514, 9.126959810146218e-08, -0.7457987666130066, 0.6661713123321533),
            ["Feather"] = CFrame.new(-0.5042458772659302, 0.30171796679496765, -0.49845385551452637, 0.23431064188480377, 0.052987754344940186, -0.9707165956497192, -0.09756692498922348, 0.9947540163993835, 0.030747201293706894, 0.9672535061836243, 0.08750322461128235, 0.23825190961360931),
            ["Head"] = CFrame.new(1.4901161193847656e-08, -7.152557373046875e-07, 3.3527612686157227e-08, 0.8628684878349304, -0.027829565107822418, 0.5046617984771729, 0.01906040869653225, 0.9995644092559814, 0.02253139577805996, -0.5050690174102783, -0.009822651743888855, 0.8630231022834778),
            ["UpperTorso"] = CFrame.new(-7.82310962677002e-08, -2.086162567138672e-07, -2.60770320892334e-08, 0.9695252776145935, -0.15769997239112854, 0.1874876618385315, 0.08376909792423248, 0.9325448274612427, 0.35120221972465515, -0.23022527992725372, -0.3247937262058258, 0.917336106300354),
            ["LeftUpperArm"] = CFrame.new(0.07929253578186035, 0.040110230445861816, 0.030634324997663498, 0.312575101852417, 0.9498429298400879, -0.009757517836987972, -0.2807324528694153, 0.08256050199270248, -0.9562286734580994, -0.9074613451957703, 0.3016325533390045, 0.2924579679965973),
            ["RightLowerArm"] = CFrame.new(2.384185791015625e-07, 7.152557373046875e-07, -0.00000344705767929554, 1, -0.000019405038983677514, 3.6135315895080566e-07, 0.000018936581909656525, 0.970885694026947, -0.23954322934150696, 0.0000042889732867479324, 0.23954328894615173, 0.970885694026947),
            ["LeftHand"] = CFrame.new(-0.0000014901161193847656, -0.0000014901161193847656, 5.960464477539063e-08, 0.8845042586326599, 0.10568300634622574, -0.4544037878513336, -0.07288187742233276, 0.9933470487594604, 0.08916227519512177, 0.46080416440963745, -0.045746441930532455, 0.8863224387168884),
            ["RightFoot"] = CFrame.new(1.1548399925231934e-07, -1.7881393432617188e-07, -1.0986695997416973e-09, 0.9766018986701965, 0.1804433912038803, -0.11699976027011871, -0.19716210663318634, 0.9685109853744507, -0.15203124284744263, 0.08588273823261261, 0.1715420037508011, 0.9814263582229614),
            ["LowerTorso"] = CFrame.new(-0.06670598685741425, -0.06923317909240723, -0.5059051513671875, 0.6151440143585205, -0.02312895841896534, -0.7880755066871643, -0.31610000133514404, 0.908478856086731, -0.2733991742134094, 0.7222732901573181, 0.4172905385494232, 0.5515342354774475),
            ["RightUpperLeg"] = CFrame.new(-5.960464477539063e-08, -3.6228448152542114e-07, 4.300818545743823e-08, 0.9296705722808838, -0.20137572288513184, 0.308481365442276, 0.3177558183670044, 0.8620273470878601, -0.3948923647403717, -0.18639741837978363, 0.4651415944099426, 0.8653897047042847),
            ["RightUpperArm"] = CFrame.new(0.017566263675689697, 0.0030660629272460938, 0.02843140810728073, 0.5466693639755249, -0.42581698298454285, -0.7209939956665039, 0.24135224521160126, 0.9046298861503601, -0.35127493739128113, 0.8018114566802979, 0.018017712980508804, 0.597305417060852),
        }},
        {Time = 0.033, Data = {
            ["LeftLowerArm"] = CFrame.new(0.0000014901161193847656, -2.384185791015625e-07, 0.000004604458808898926, 1, 5.21540641784668e-08, 2.980232594040899e-08, 2.980232594040899e-08, 0.6903132796287537, -0.7235106825828552, -1.1175872316471214e-07, 0.7235106229782104, 0.6903131604194641),
            ["LeftFoot"] = CFrame.new(6.705522537231445e-08, -5.960464477539063e-08, 1.30385160446167e-07, 0.9796612858772278, -0.18816256523132324, -0.06970445811748505, 0.18327373266220093, 0.9804970026016235, -0.07096723467111588, 0.08169835060834885, 0.056748904287815094, 0.9950401782989502),
            ["RightHand"] = CFrame.new(2.691522240638733e-07, 5.960464477539062e-07, -8.903443813323975e-07, 0.9384698271751404, -0.02454954758286476, 0.34448742866516113, 0.08799978345632553, 0.9815443754196167, -0.16978448629379272, -0.3339618444442749, 0.18965253233909607, 0.9233102202415466),
            ["HumanoidRootPart"] = CFrame.new(0, 0, 0, 1, 0, 0, 0, 1, 0, 0, 0, 1),
            ["RightLowerLeg"] = CFrame.new(-4.470348358154297e-08, -0.0007264018058776855, 0.0000461207891930826, 1, 2.4773177642600785e-07, 1.0896476965172042e-07, -1.378357268322361e-07, 0.2043074369430542, 0.9789068102836609, 1.6763804566721774e-08, -0.9789067506790161, 0.20430754125118256),
            ["LeftUpperLeg"] = CFrame.new(-5.960464477539063e-08, -2.514570951461792e-08, -2.9802322387695312e-08, 0.5292530655860901, 0.50518399477005, 0.6816747188568115, -0.24881936609745026, 0.860510528087616, -0.44453394412994385, -0.8111597299575806, 0.06565723568201065, 0.5811274647712708),
            ["LeftLowerLeg"] = CFrame.new(2.9802322387695312e-08, -0.0007266998291015625, 0.00008119456470012665, 1, -9.313226634333205e-09, 8.475035429000854e-08, -1.3411046495548362e-07, 0.6770215034484863, 0.7359634637832642, 1.434236907016384e-07, -0.7359632849693298, 0.677021324634552),
            ["Feather"] = CFrame.new(-0.5147210955619812, 0.31160542368888855, -0.4910132884979248, 0.22921958565711975, 0.05266997218132019, -0.9719486236572266, -0.1011626273393631, 0.9944168329238892, 0.030027402564883232, 0.9681035876274109, 0.09143946319818497, 0.2332688421010971),
            ["Head"] = CFrame.new(3.725290298461914e-08, -5.960464477539062e-07, -5.587935447692871e-08, 0.8763109445571899, -0.033418022096157074, 0.4805853068828583, 0.030485140159726143, 0.9994385242462158, 0.013909701257944107, -0.48078030347824097, 0.002461604541167617, 0.8768377304077148),
            ["UpperTorso"] = CFrame.new(-4.470348358154297e-08, 1.4901161193847656e-07, -4.470348358154297e-08, 0.9710395336151123, -0.15780635178089142, 0.1793869584798813, 0.0880219042301178, 0.9343053698539734, 0.3454354703426361, -0.22211378812789917, -0.31964167952537537, 0.9211376905441284),
            ["LeftUpperArm"] = CFrame.new(0.08012688159942627, 0.04140877723693848, 0.02634332701563835, 0.310526967048645, 0.9503701329231262, -0.019233297556638718, -0.29078781604766846, 0.07571057975292206, -0.9537875056266785, -0.904994785785675, 0.3017693758010864, 0.29986587166786194),
            ["RightLowerArm"] = CFrame.new(1.7881393432617188e-07, 2.384185791015625e-07, -0.0000035334378480911255, 1, -0.00001942599737958517, 1.3457612624279136e-07, 0.000018925640688394196, 0.9736493825912476, -0.2280503362417221, 0.000004289672233426245, 0.2280503213405609, 0.9736494421958923),
            ["LeftHand"] = CFrame.new(-0.0000019073486328125, -0.0000015497207641601562, -4.76837158203125e-07, 0.88044273853302, 0.12339811027050018, -0.45781344175338745, -0.09130945056676865, 0.9915942549705505, 0.09167103469371796, 0.4652775228023529, -0.03890825808048248, 0.8843095898628235),
            ["RightFoot"] = CFrame.new(1.5832483768463135e-07, -1.1920928955078125e-07, 6.875052349641919e-08, 0.9828076958656311, 0.15275636315345764, -0.10370447486639023, -0.1646338850259781, 0.9793041944503784, -0.1177247166633606, 0.08357477933168411, 0.13277408480644226, 0.9876165390014648),
            ["LowerTorso"] = CFrame.new(-0.08315989375114441, -0.06019926071166992, -0.493448406457901, 0.6115775108337402, -0.02477460540831089, -0.7907965779304504, -0.31677213311195374, 0.9082337021827698, -0.27343544363975525, 0.7250024080276489, 0.4177292287349701, 0.5476073622703552),
            ["RightUpperLeg"] = CFrame.new(8.940696716308594e-08, -5.2619725465774536e-08, 5.790934665128589e-08, 0.9382539987564087, -0.19704177975654602, 0.28434842824935913, 0.3088570535182953, 0.8473761081695557, -0.4319271445274353, -0.15584206581115723, 0.4930804967880249, 0.8559117913246155),
            ["RightUpperArm"] = CFrame.new(0.01828378438949585, 0.0015636682510375977, 0.024180671200156212, 0.5835997462272644, -0.4103934168815613, -0.7007057666778564, 0.23547105491161346, 0.9113450646400452, -0.3376443386077881, 0.7771517038345337, 0.03205357491970062, 0.6284964680671692),
        }},
        {Time = 0.067, Data = {
            ["LeftLowerArm"] = CFrame.new(0.0000013113021850585938, -5.364418029785156e-07, 0.000004649162292480469, 1, 1.4901162614933128e-07, 2.980232594040899e-08, -2.0489096641540527e-08, 0.7043042778968811, -0.7098982334136963, -1.043081283569336e-07, 0.7098982334136963, 0.7043042182922363),
            ["LeftFoot"] = CFrame.new(-3.725290298461914e-08, 0, 4.470348358154297e-08, 0.9798062443733215, -0.18729948997497559, -0.06999041140079498, 0.18339534103870392, 0.9812896251678467, -0.05862552300095558, 0.07966139167547226, 0.04460576921701431, 0.9958235621452332),
            ["RightHand"] = CFrame.new(3.762543201446533e-07, 8.940696716308594e-07, -5.513429641723633e-07, 0.9378063678741455, -0.026340460404753685, 0.3461577296257019, 0.08661656826734543, 0.9833363890647888, -0.15983463823795319, -0.3361797630786896, 0.17987699806690216, 0.9244608283042908),
            ["HumanoidRootPart"] = CFrame.new(0, 0, 0, 1, 0, 0, 0, 1, 0, 0, 0, 1),
            ["RightLowerLeg"] = CFrame.new(-3.632158041000366e-08, -0.0007266402244567871, 0.00004607608570950106, 1, 2.3236503920998075e-07, -2.5611383236423535e-08, -1.2945385208240623e-07, 0.2226521223783493, 0.9748979806900024, 6.33299421792799e-08, -0.9748979806900024, 0.2226523607969284),
            ["LeftUpperLeg"] = CFrame.new(2.9802322387695312e-08, -9.033828973770142e-08, -2.9802322387695312e-08, 0.5288822054862976, 0.50152587890625, 0.684657096862793, -0.24622832238674164, 0.8626940846443176, -0.44173598289489746, -0.8121916651725769, 0.06504441052675247, 0.5797533392906189),
            ["LeftLowerLeg"] = CFrame.new(-1.341104507446289e-07, -0.0007265210151672363, 0.00008134730160236359, 1, 4.5634813261585805e-08, 8.381902460996571e-08, -7.450580596923828e-08, 0.6904467940330505, 0.7233833074569702, -2.60770320892334e-08, -0.7233831882476807, 0.6904467344284058),
            ["Feather"] = CFrame.new(-0.5252858996391296, 0.3266007602214813, -0.48203110694885254, 0.22413836419582367, 0.05234370008111, -0.9731505513191223, -0.10536523163318634, 0.9940050840377808, 0.02919497713446617, 0.9688447117805481, 0.09598984569311142, 0.2283107042312622),
            ["Head"] = CFrame.new(2.2351741790771484e-08, -8.344650268554688e-07, 1.4901161193847656e-08, 0.8926501274108887, -0.04008226469159126, 0.4489644169807434, 0.042447544634342194, 0.9990872740745544, 0.0047998023219406605, -0.44874706864356995, 0.014772729948163033, 0.8935368061065674),
            ["UpperTorso"] = CFrame.new(8.940696716308594e-08, 2.9802322387695312e-08, 1.4901161193847656e-08, 0.971796989440918, -0.15942443907260895, 0.17376554012298584, 0.09282498806715012, 0.9359785318374634, 0.33959975838661194, -0.21678109467029572, -0.3138921558856964, 0.9243796467781067),
            ["LeftUpperArm"] = CFrame.new(0.08137345314025879, 0.0431056022644043, 0.022080013528466225, 0.31167072057724, 0.9497320652008057, -0.029505185782909393, -0.3017936944961548, 0.06949936598539352, -0.950836718082428, -0.9009894728660583, 0.30525240302085876, 0.30828389525413513),
            ["RightLowerArm"] = CFrame.new(3.5762786865234375e-07, 3.5762786865234375e-07, -0.000004362314939498901, 1, -0.00001939573121489957, -2.2351745343485163e-08, 0.00001892075306386687, 0.9755713939666748, -0.2196827530860901, 0.000004291535333322827, 0.21968279778957367, 0.9755713939666748),
            ["LeftHand"] = CFrame.new(-0.0000017285346984863281, -0.0000013709068298339844, -1.7881393432617188e-07, 0.8758458495140076, 0.1437007486820221, -0.46069929003715515, -0.11122920364141464, 0.9890455603599548, 0.09704180806875229, 0.4695979356765747, -0.03375030308961868, 0.8822353482246399),
            ["RightFoot"] = CFrame.new(2.0116567611694336e-07, 0, -5.75528247281909e-09, 0.988372266292572, 0.12533318996429443, -0.08609208464622498, -0.13272294402122498, 0.9873921871185303, -0.08626285195350647, 0.0741950199007988, 0.0966862365603447, 0.9925457239151001),
            ["LowerTorso"] = CFrame.new(-0.10062719881534576, -0.0447620153427124, -0.48008251190185547, 0.6079361438751221, -0.025359969586133957, -0.7935808300971985, -0.31803658604621887, 0.9080265760421753, -0.27265462279319763, 0.7275069355964661, 0.4181443750858307, 0.5439567565917969),
            ["RightUpperLeg"] = CFrame.new(5.960464477539063e-08, 4.936009645462036e-08, -4.639878170564771e-08, 0.9453893899917603, -0.19855532050132751, 0.2584855854511261, 0.30197104811668396, 0.832056999206543, -0.4652900695800781, -0.1226886734366417, 0.5179352760314941, 0.8465757966041565),
            ["RightUpperArm"] = CFrame.new(0.019361138343811035, -0.00047385692596435547, 0.019936708733439445, 0.6240833401679993, -0.39303746819496155, -0.675308346748352, 0.23526842892169952, 0.9186899065971375, -0.3172663152217865, 0.7450964450836182, 0.03912194445729256, 0.6658083200454712),
        }},
        {Time = 0.100, Data = {
            ["LeftLowerArm"] = CFrame.new(0.0000010728836059570312, -1.7881393432617188e-07, 0.000004872679710388184, 1, 2.0116567611694336e-07, 4.470348358154297e-08, -7.078051567077637e-08, 0.7152002453804016, -0.6989197134971619, -9.685754776000977e-08, 0.6989197134971619, 0.7152001261711121),
            ["LeftFoot"] = CFrame.new(4.470348358154297e-08, -2.384185791015625e-07, 1.341104507446289e-07, 0.9800485372543335, -0.1858421117067337, -0.07048112899065018, 0.1830613911151886, 0.9821116328239441, -0.04410808905959129, 0.07741723209619522, 0.030325841158628464, 0.9965375065803528),
            ["RightHand"] = CFrame.new(3.650784492492676e-07, 0.0000011920928955078125, -9.685754776000977e-07, 0.9370653629302979, -0.02773376554250717, 0.34805068373680115, 0.08472520112991333, 0.9851081967353821, -0.14961105585098267, -0.3387185037136078, 0.16968409717082977, 0.9254606366157532),
            ["HumanoidRootPart"] = CFrame.new(0, 0, 0, 1, 0, 0, 0, 1, 0, 0, 0, 1),
            ["RightLowerLeg"] = CFrame.new(-6.146728992462158e-08, -0.0007265210151672363, 0.000046031382225919515, 1, 1.452863784834335e-07, 8.428471431898288e-08, -9.220092067607766e-08, 0.23766672611236572, 0.9713468551635742, 1.7415730724223977e-07, -0.9713468551635742, 0.23766681551933289),
            ["LeftUpperLeg"] = CFrame.new(2.384185791015625e-07, -9.499490261077881e-08, -2.9802322387695312e-08, 0.5283717513084412, 0.495417058467865, 0.6894820928573608, -0.24204356968402863, 0.866294264793396, -0.4369772672653198, -0.8137801885604858, 0.0640019103884697, 0.577637791633606),
            ["LeftLowerLeg"] = CFrame.new(1.341104507446289e-07, -0.0007264614105224609, 0.00008088909089565277, 1, 7.916244015859775e-08, 1.3224781980625266e-07, -5.960465188081798e-08, 0.7069354057312012, 0.707278311252594, 7.450581307466564e-08, -0.7072781324386597, 0.7069352865219116),
            ["Feather"] = CFrame.new(-0.5355330109596252, 0.34486934542655945, -0.47203099727630615, 0.2194688469171524, 0.051982332020998, -0.9742335677146912, -0.10995465517044067, 0.9935354590415955, 0.028239639475941658, 0.9694036841392517, 0.10092110186815262, 0.22376649081707),
            ["Head"] = CFrame.new(-7.82310962677002e-08, -4.76837158203125e-07, 9.313225746154785e-10, 0.9093371033668518, -0.04725445806980133, 0.41336789727211, 0.05388842523097992, 0.9985373616218567, -0.004396673291921616, -0.4125555753707886, 0.026273641735315323, 0.9105535745620728),
            ["UpperTorso"] = CFrame.new(2.2351741790771484e-07, -2.980232238769531e-07, 7.450580596923828e-08, 0.9719713926315308, -0.16233932971954346, 0.17005187273025513, 0.09821170568466187, 0.9375557899475098, 0.3336820602416992, -0.21360266208648682, -0.3076282739639282, 0.9272209405899048),
            ["LeftUpperArm"] = CFrame.new(0.08293294906616211, 0.04504108428955078, 0.018133413046598434, 0.3148098289966583, 0.9483588337898254, -0.03886345028877258, -0.3130286931991577, 0.0650818720459938, -0.9475111365318298, -0.8960511684417725, 0.31045109033584595, 0.31735190749168396),
            ["RightLowerArm"] = CFrame.new(3.8743019104003906e-07, 2.384185791015625e-07, -0.000003904104232788086, 1, -0.00001941807749972213, -1.67638020798222e-07, 0.000018914231986855157, 0.9769850373268127, -0.21330790221691132, 0.00000428035900768009, 0.21330788731575012, 0.976984977722168),
            ["LeftHand"] = CFrame.new(-0.0000013709068298339844, -0.0000012516975402832031, 4.76837158203125e-07, 0.8709955811500549, 0.1647561937570572, -0.4628410339355469, -0.1307251900434494, 0.9858506321907043, 0.10492628067731857, 0.4735798239707947, -0.030885327607393265, 0.8802095055580139),
            ["RightFoot"] = CFrame.new(2.1420419216156006e-07, -1.1920928955078125e-07, -4.300818545743823e-08, 0.9931613206863403, 0.09599598497152328, -0.0664500743150711, -0.09981696307659149, 0.9933838844299316, -0.05678930878639221, 0.060558777302503586, 0.0630335807800293, 0.9961724281311035),
            ["LowerTorso"] = CFrame.new(-0.11791945993900299, -0.02503800392150879, -0.4663287401199341, 0.6045022010803223, -0.024796323850750923, -0.7962175011634827, -0.3198387920856476, 0.9078589677810669, -0.2711002826690674, 0.7295754551887512, 0.41854196786880493, 0.5408718585968018),
            ["RightUpperLeg"] = CFrame.new(8.940696716308594e-08, -8.381903171539307e-08, -4.639878170564771e-08, 0.9517405033111572, -0.20293675363063812, 0.23023201525211334, 0.2942882180213928, 0.8163326978683472, -0.4969863295555115, -0.08708880096673965, 0.5407565832138062, 0.836658775806427),
            ["RightUpperArm"] = CFrame.new(0.02070218324661255, -0.002949357032775879, 0.01600797474384308, 0.6637399196624756, -0.37672847509384155, -0.6461616158485413, 0.2384541779756546, 0.9253959655761719, -0.29458799958229065, 0.7089350819587708, 0.04144991934299469, 0.7040547132492065),
        }},
        {Time = 0.133, Data = {
            ["LeftLowerArm"] = CFrame.new(0.0000014901161193847656, -4.76837158203125e-07, 0.000005044043064117432, 1, 1.564621925354004e-07, 1.4901164746561335e-08, -7.82310962677002e-08, 0.722079336643219, -0.6918103694915771, -1.0803341865539551e-07, 0.6918102502822876, 0.7220792770385742),
            ["LeftFoot"] = CFrame.new(6.705522537231445e-08, -2.384185791015625e-07, -3.725290298461914e-08, 0.9803423285484314, -0.18408921360969543, -0.07099445164203644, 0.1825120747089386, 0.9828004837036133, -0.028153467923402786, 0.07495595514774323, 0.014642870984971523, 0.9970793724060059),
            ["RightHand"] = CFrame.new(3.427267074584961e-07, 9.5367431640625e-07, -6.556510925292969e-07, 0.936259925365448, -0.02896205708384514, 0.35011181235313416, 0.08254455775022507, 0.9868313074111938, -0.13910533487796783, -0.3414730131626129, 0.1591387242078781, 0.9263215065002441),
            ["HumanoidRootPart"] = CFrame.new(0, 0, 0, 1, 0, 0, 0, 1, 0, 0, 0, 1),
            ["RightLowerLeg"] = CFrame.new(-1.341104507446289e-07, -0.0007262229919433594, 0.00004610588803188875, 1, 1.0803344707710494e-07, 1.8812724533745495e-07, -5.215405707303944e-08, 0.25217628479003906, 0.9676812887191772, 2.0489093799369584e-07, -0.967681348323822, 0.2521764636039734),
            ["LeftUpperLeg"] = CFrame.new(1.1920928955078125e-07, -1.5739351511001587e-07, 5.960464477539063e-08, 0.5277469754219055, 0.48792052268981934, 0.6952819228172302, -0.2367730587720871, 0.8706144094467163, -0.43124133348464966, -0.815733790397644, 0.06296229362487793, 0.5749905109405518),
            ["LeftLowerLeg"] = CFrame.new(-2.384185791015625e-07, -0.0007265806198120117, 0.0000810772180557251, 1, 1.862645149230957e-08, 6.89179060486822e-08, -2.2351747119842003e-08, 0.724943220615387, 0.6888085603713989, 1.396984146140312e-07, -0.6888086199760437, 0.7249434590339661),
            ["Feather"] = CFrame.new(-0.5450863242149353, 0.3647291362285614, -0.46096110343933105, 0.21567589044570923, 0.051671143621206284, -0.9750968217849731, -0.11499222368001938, 0.9929946660995483, 0.027182092890143394, 0.9696704149246216, 0.10626313835382462, 0.22010764479637146),
            ["Head"] = CFrame.new(-1.1175870895385742e-08, -3.5762786865234375e-07, -1.4901161193847656e-08, 0.9242770075798035, -0.054123036563396454, 0.37786588072776794, 0.0637248307466507, 0.9978835582733154, -0.012943359091877937, -0.37636569142341614, 0.036042701452970505, 0.9257698655128479),
            ["UpperTorso"] = CFrame.new(1.7881393432617188e-07, -4.172325134277344e-07, 1.2665987014770508e-07, 0.9717446565628052, -0.16607524454593658, 0.16772407293319702, 0.10401216149330139, 0.939170777797699, 0.32732224464416504, -0.21188150346279144, -0.3006283938884735, 0.9299079775810242),
            ["LeftUpperArm"] = CFrame.new(0.08471179008483887, 0.04704320430755615, 0.014230120927095413, 0.31902214884757996, 0.9466155767440796, -0.04630236700177193, -0.32435664534568787, 0.06314671784639359, -0.9438249468803406, -0.8905154466629028, 0.3161194622516632, 0.32718586921691895),
            ["RightLowerArm"] = CFrame.new(2.682209014892578e-07, 4.172325134277344e-07, -0.0000037848949432373047, 1, -0.000019397592041059397, -2.495945068403671e-07, 0.00001891330066428054, 0.9781526327133179, -0.20788808166980743, 0.00000428035900768009, 0.20788808166980743, 0.9781526327133179),
            ["LeftHand"] = CFrame.new(-0.0000014901161193847656, -0.0000016689300537109375, -2.384185791015625e-07, 0.8662833571434021, 0.18482591211795807, -0.4641033113002777, -0.1483357697725296, 0.982307493686676, 0.11431769281625748, 0.47702157497406006, -0.030188292264938354, 0.8783733248710632),
            ["RightFoot"] = CFrame.new(1.3969838619232178e-07, -5.960464477539063e-08, 1.6952981241047382e-09, 0.9966193437576294, 0.06731507927179337, -0.047102250158786774, -0.0686742514371872, 0.9972500801086426, -0.027859926223754883, 0.04509710520505905, 0.031000670045614243, 0.9985015392303467),
            ["LowerTorso"] = CFrame.new(-0.13380961120128632, -0.0032448768615722656, -0.4527090787887573, 0.6016350388526917, -0.023050813004374504, -0.7984384298324585, -0.32201722264289856, 0.9077576398849487, -0.26885154843330383, 0.7309857606887817, 0.4188614785671234, 0.5387160181999207),
            ["RightUpperLeg"] = CFrame.new(2.9802322387695312e-08, 1.1082738637924194e-07, 1.3205863069742918e-08, 0.9567058086395264, -0.20911702513694763, 0.2024453580379486, 0.28630882501602173, 0.8012781739234924, -0.5253384113311768, -0.05235770717263222, 0.5605564117431641, 0.826459527015686),
            ["RightUpperArm"] = CFrame.new(0.022223353385925293, -0.005657672882080078, 0.012151973322033882, 0.6992300748825073, -0.3626570999622345, -0.6160817742347717, 0.2435271143913269, 0.931066632270813, -0.27167949080467224, 0.6721397638320923, 0.03993401303887367, 0.7393466830253601),
        }},
        {Time = 0.167, Data = {
            ["LeftLowerArm"] = CFrame.new(0.0000013709068298339844, -8.344650268554688e-07, 0.0000049620866775512695, 1, 1.8626454334480513e-07, -2.9802322387695312e-08, -1.1175870895385742e-07, 0.7269594073295593, -0.6866804957389832, -1.1920928955078125e-07, 0.6866803765296936, 0.7269594669342041),
            ["LeftFoot"] = CFrame.new(-2.9802322387695312e-08, -1.1920928955078125e-07, -2.0116567611694336e-07, 0.9806321263313293, -0.18231995403766632, -0.07155612111091614, 0.1819729059934616, 0.983237624168396, -0.01139701995998621, 0.07243406772613525, -0.0018449702765792608, 0.99737149477005),
            ["RightHand"] = CFrame.new(2.8312206268310547e-07, 0.000001430511474609375, -8.940696716308594e-07, 0.9354032278060913, -0.03034191206097603, 0.3522782325744629, 0.08039713650941849, 0.9884659647941589, -0.12834101915359497, -0.34432128071784973, 0.1483727991580963, 0.9270537495613098),
            ["HumanoidRootPart"] = CFrame.new(0, 0, 0, 1, 0, 0, 0, 1, 0, 0, 0, 1),
            ["RightLowerLeg"] = CFrame.new(-1.4156103134155273e-07, -0.0007265210151672363, 0.0000461207891930826, 1, 1.7136336794010276e-07, 1.080334541825323e-07, -1.8253925304634322e-07, 0.2638881504535675, 0.9645532965660095, 1.0430814256778831e-07, -0.9645533561706543, 0.26388850808143616),
            ["LeftUpperLeg"] = CFrame.new(-5.960464477539063e-08, 8.754432201385498e-08, -2.9802322387695312e-08, 0.5271134972572327, 0.47948163747787476, 0.7016047835350037, -0.23081254959106445, 0.8753599524497986, -0.42481833696365356, -0.8178489804267883, 0.061988331377506256, 0.5720840096473694),
            ["LeftLowerLeg"] = CFrame.new(4.470348358154297e-08, -0.0007268190383911133, 0.00008121877908706665, 1, 7.078051567077637e-08, 9.499491682163352e-08, -3.725290653733282e-08, 0.7435181736946106, 0.6687159538269043, 7.823110337312755e-08, -0.6687157154083252, 0.7435179948806763),
            ["Feather"] = CFrame.new(-0.553552508354187, 0.38452622294425964, -0.44961297512054443, 0.21322497725486755, 0.051580268889665604, -0.9756405353546143, -0.1200120747089386, 0.9924259781837463, 0.026236455887556076, 0.9696041345596313, 0.11149141192436218, 0.21780063211917877),
            ["Head"] = CFrame.new(4.0978193283081055e-08, -8.344650268554688e-07, 2.60770320892334e-08, 0.9361521005630493, -0.059696875512599945, 0.3464902341365814, 0.07119198888540268, 0.9972513914108276, -0.020530695095658302, -0.34431254863739014, 0.04388698935508728, 0.9378288984298706),
            ["UpperTorso"] = CFrame.new(5.960464477539063e-08, -5.960464477539063e-08, 0, 0.9712672829627991, -0.17035046219825745, 0.16619472205638885, 0.11014246195554733, 0.9407829642295837, 0.32061851024627686, -0.2109704166650772, -0.293101042509079, 0.9325143694877625),
            ["LeftUpperArm"] = CFrame.new(0.08662247657775879, 0.048952460289001465, 0.010730765759944916, 0.32344067096710205, 0.9447816014289856, -0.052670277655124664, -0.33536601066589355, 0.06240605562925339, -0.9400186538696289, -0.8848252892494202, 0.3217039108276367, 0.3370322585105896),
            ["RightLowerArm"] = CFrame.new(0, 8.940696716308594e-07, -0.000003844499588012695, 1, -0.00001939758840308059, -3.762543769880722e-07, 0.000018915163309429772, 0.9793325662612915, -0.202256977558136, 0.000004313886620366247, 0.20225699245929718, 0.9793325066566467),
            ["LeftHand"] = CFrame.new(-0.0000017881393432617188, -0.0000017881393432617188, 4.172325134277344e-07, 0.8622274994850159, 0.202266126871109, -0.46438324451446533, -0.16370266675949097, 0.9788854718208313, 0.12241306900978088, 0.47933828830718994, -0.029527120292186737, 0.8771336078643799),
            ["RightFoot"] = CFrame.new(2.123415470123291e-07, -1.1920928955078125e-07, -4.300818545743823e-08, 0.9986708164215088, 0.04146881774067879, -0.03061320073902607, -0.041532766073942184, 0.9991360306739807, -0.0014621984446421266, 0.03052562102675438, 0.0027315092738717794, 0.9995302557945251),
            ["LowerTorso"] = CFrame.new(-0.14707455039024353, 0.019102096557617188, -0.4398472309112549, 0.5996338725090027, -0.020098881796002388, -0.8000220060348511, -0.32445791363716125, 0.9077306389808655, -0.26599305868148804, 0.7315505743026733, 0.4190719425678253, 0.53778475522995),
            ["RightUpperLeg"] = CFrame.new(-2.9802322387695312e-08, 1.885928213596344e-08, -5.012407200410962e-08, 0.9602804183959961, -0.2148231416940689, 0.17807991802692413, 0.2781814932823181, 0.7869561314582825, -0.5507408380508423, -0.021828744560480118, 0.578403890132904, 0.8154581785202026),
            ["RightUpperArm"] = CFrame.new(0.02385091781616211, -0.00848543643951416, 0.008737437427043915, 0.7277339100837708, -0.3517465889453888, -0.5887933969497681, 0.24900484085083008, 0.93539959192276, -0.25104647874832153, 0.6390617489814758, 0.036082640290260315, 0.7683086395263672),
        }},
        {Time = 0.200, Data = {
            ["LeftLowerArm"] = CFrame.new(0.0000014901161193847656, -3.5762786865234375e-07, 0.000005334615707397461, 1, 1.4901161193847656e-07, -2.980232594040899e-08, -1.4901159772762185e-07, 0.7329591512680054, -0.6802727580070496, -9.685753354915505e-08, 0.68027263879776, 0.7329591512680054),
            ["LeftFoot"] = CFrame.new(-1.4901161193847656e-08, -5.960464477539063e-08, -8.940696716308594e-08, 0.98087078332901, -0.18084052205085754, -0.07203666120767593, 0.1817389577627182, 0.983328104019165, 0.0060666268691420555, 0.06973876059055328, -0.019042598083615303, 0.9973835945129395),
            ["RightHand"] = CFrame.new(1.4901161193847656e-07, 0.0000010728836059570312, -7.450580596923828e-07, 0.9345171451568604, -0.0321219265460968, 0.35446521639823914, 0.07855559140443802, 0.9899736642837524, -0.11739280074834824, -0.3471407890319824, 0.1375509649515152, 0.9276710152626038),
            ["HumanoidRootPart"] = CFrame.new(0, 0, 0, 1, 0, 0, 0, 1, 0, 0, 0, 1),
            ["RightLowerLeg"] = CFrame.new(7.450580596923828e-09, -0.0007262229919433594, 0.00004595687641995028, 1, 1.8626455755565985e-07, 1.2107200575428578e-07, -6.33299421792799e-08, 0.27191299200057983, 0.9623217582702637, 2.272427366278862e-07, -0.9623218774795532, 0.2719132602214813),
            ["LeftUpperLeg"] = CFrame.new(-1.1920928955078125e-07, -4.4424086809158325e-07, 0, 0.5265190005302429, 0.47053852677345276, 0.7080758810043335, -0.22464652359485626, 0.8802701234817505, -0.4179214537143707, -0.8199462294578552, 0.060976848006248474, 0.5691840052604675),
            ["LeftLowerLeg"] = CFrame.new(1.043081283569336e-07, -0.0007265806198120117, 0.0000807046890258789, 1, 6.332993507385254e-08, 1.6763808119435453e-08, -2.9802318834981634e-08, 0.7622725367546082, 0.6472562551498413, -7.636844401304188e-08, -0.6472563147544861, 0.7622725963592529),
            ["Feather"] = CFrame.new(-0.5606368184089661, 0.40486571192741394, -0.4382011890411377, 0.21228604018688202, 0.05163136124610901, -0.9758425354957581, -0.12520991265773773, 0.9918095469474792, 0.02523483708500862, 0.9691528081893921, 0.11682501435279846, 0.21701271831989288),
            ["Head"] = CFrame.new(2.60770320892334e-08, -0.0000011920928955078125, 7.450580596923828e-09, 0.9440800547599792, -0.06290794163942337, 0.3236597776412964, 0.07601843029260635, 0.996712863445282, -0.028012637048959732, -0.32083362340927124, 0.051050182431936264, 0.9457588791847229),
            ["UpperTorso"] = CFrame.new(-1.4901161193847656e-07, -5.960464477539063e-08, -4.470348358154297e-08, 0.9706934094429016, -0.17504951357841492, 0.16465739905834198, 0.11646787077188492, 0.9419769644737244, 0.3148251473903656, -0.21021351218223572, -0.28642144799232483, 0.9347583651542664),
            ["LeftUpperArm"] = CFrame.new(0.08857542276382446, 0.05065321922302246, 0.008814893662929535, 0.32742998003959656, 0.9430136680603027, -0.05928739905357361, -0.344486802816391, 0.060712918639183044, -0.9368259906768799, -0.879840075969696, 0.3271685242652893, 0.344734787940979),
            ["RightLowerArm"] = CFrame.new(1.1920928955078125e-07, 7.748603820800781e-07, -0.0000035762786865234375, 1, -0.000019378960132598877, -5.066394805908203e-07, 0.0000189170241355896, 0.9807392954826355, -0.19532161951065063, 0.000004323199391365051, 0.19532153010368347, 0.9807392358779907),
            ["LeftHand"] = CFrame.new(-0.0000014901161193847656, -0.000001430511474609375, 3.5762786865234375e-07, 0.8595659136772156, 0.2154645025730133, -0.4633798897266388, -0.17663374543190002, 0.9761476516723633, 0.1262398213148117, 0.4795279800891876, -0.026662874966859818, 0.8771218657493591),
            ["RightFoot"] = CFrame.new(1.601874828338623e-07, 0, 4.639878170564771e-08, 0.9996000528335571, 0.0205452311784029, -0.01943778246641159, -0.02013157494366169, 0.9995715022087097, 0.02125154249370098, 0.019865937530994415, -0.020851479843258858, 0.9995852112770081),
            ["LowerTorso"] = CFrame.new(-0.15653008222579956, 0.041797637939453125, -0.42821961641311646, 0.5988263487815857, -0.01594526506960392, -0.8007201552391052, -0.3269912302494049, 0.9078032970428467, -0.2626212239265442, 0.7310839891433716, 0.41909292340278625, 0.5384026169776917),
            ["RightUpperLeg"] = CFrame.new(-5.960464477539063e-08, -3.9674341678619385e-07, 3.183231456205249e-08, 0.9628071784973145, -0.217934250831604, 0.1597091108560562, 0.2701863646507263, 0.7736472487449646, -0.5731224417686462, 0.001344434916973114, 0.594957709312439, 0.803756058216095),
            ["RightUpperArm"] = CFrame.new(0.02551501989364624, -0.011256217956542969, 0.006904773414134979, 0.7470913529396057, -0.34425026178359985, -0.5686355829238892, 0.2524259090423584, 0.938295304775238, -0.23639601469039917, 0.6149274110794067, 0.03307110443711281, 0.7878898978233337),
        }},
        {Time = 0.233, Data = {
            ["LeftLowerArm"] = CFrame.new(0.0000019073486328125, -5.364418029785156e-07, 0.0000050067901611328125, 1, 1.4156105976326216e-07, 0, -1.564622067462551e-07, 0.7397981882095337, -0.6728289723396301, -7.450581307466564e-08, 0.6728289723396301, 0.7397981286048889),
            ["LeftFoot"] = CFrame.new(0, -2.384185791015625e-07, 8.940696716308594e-08, 0.9810364842414856, -0.17977236211299896, -0.0724528580904007, 0.18193773925304413, 0.9830065369606018, 0.02442999929189682, 0.0668298602104187, -0.037148367613554, 0.9970725774765015),
            ["RightHand"] = CFrame.new(2.682209014892578e-07, 5.960464477539062e-07, -8.642673492431641e-07, 0.9336336255073547, -0.03453268110752106, 0.3565606474876404, 0.07720426470041275, 0.9913491010665894, -0.10614333301782608, -0.3498111069202423, 0.1266271322965622, 0.928223192691803),
            ["HumanoidRootPart"] = CFrame.new(0, 0, 0, 1, 0, 0, 0, 1, 0, 0, 0, 1),
            ["RightLowerLeg"] = CFrame.new(-5.960464477539063e-08, -0.0007263422012329102, 0.00004631450428860262, 1, 1.937151665742931e-07, 6.705523958316917e-08, -8.940696716308594e-08, 0.27520281076431274, 0.9613862633705139, 5.960464477539063e-08, -0.9613862037658691, 0.2752028703689575),
            ["LeftUpperLeg"] = CFrame.new(-5.960464477539063e-08, -4.0046870708465576e-08, 5.960464477539063e-08, 0.526051938533783, 0.46051523089408875, 0.7149790525436401, -0.21852488815784454, 0.8856709003448486, -0.4096757173538208, -0.8218980431556702, 0.059269897639751434, 0.5665428638458252),
            ["LeftLowerLeg"] = CFrame.new(-2.384185791015625e-07, -0.0007266998291015625, 0.00008105020970106125, 1, 5.2154071283894154e-08, 1.303851426825986e-08, -3.725289587919178e-08, 0.7819671034812927, 0.6233198046684265, 6.89178563106907e-08, -0.6233198046684265, 0.781967043876648),
            ["Feather"] = CFrame.new(-0.5665678977966309, 0.4254767596721649, -0.42680656909942627, 0.21236655116081238, 0.05204188823699951, -0.9758032560348511, -0.13032127916812897, 0.9911695122718811, 0.024496233090758324, 0.9684610962867737, 0.12196247279644012, 0.21727418899536133),
            ["Head"] = CFrame.new(-5.7392753660678864e-08, -8.344650268554688e-07, 8.731149137020111e-09, 0.9491956830024719, -0.06421013176441193, 0.3080659806728363, 0.07870443910360336, 0.9962889552116394, -0.0348435677587986, -0.3046852648258209, 0.05731961876153946, 0.9507266879081726),
            ["UpperTorso"] = CFrame.new(-9.685754776000977e-08, 0, 7.450580596923828e-08, 0.9701699018478394, -0.17987138032913208, 0.16253192722797394, 0.12301377207040787, 0.9429765343666077, 0.3092942535877228, -0.20889705419540405, -0.28007444739341736, 0.9369741082191467),
            ["LeftUpperArm"] = CFrame.new(0.09051686525344849, 0.052136778831481934, 0.008108869194984436, 0.33066025376319885, 0.9415280222892761, -0.06472010910511017, -0.3526952266693115, 0.0596737302839756, -0.933833658695221, -0.8753684163093567, 0.3316083550453186, 0.35180389881134033),
            ["RightLowerArm"] = CFrame.new(5.960464477539063e-08, 2.384185791015625e-07, -0.0000037848949432373047, 1, -0.000019382687241886742, -7.26431721886911e-07, 0.000018928203644463792, 0.9825571179389954, -0.18596088886260986, 0.000004319475010561291, 0.18596090376377106, 0.9825572371482849),
            ["LeftHand"] = CFrame.new(-0.0000017881393432617188, -0.0000013709068298339844, -2.384185791015625e-07, 0.858543336391449, 0.22459396719932556, -0.4609343111515045, -0.1875433325767517, 0.9742218852043152, 0.12537670135498047, 0.47721147537231445, -0.02119600959122181, 0.8785330653190613),
            ["RightFoot"] = CFrame.new(1.7508864402770996e-07, 0, 1.6596459317952394e-08, 0.9998530149459839, 0.006710804998874664, -0.01577983796596527, -0.006096580531448126, 0.9992341995239258, 0.038650691509246826, 0.01602713204920292, -0.038548730313777924, 0.9991282224655151),
            ["LowerTorso"] = CFrame.new(-0.16273242235183716, 0.06524491310119629, -0.4175751507282257, 0.598720133304596, -0.010917565785348415, -0.8008838891983032, -0.329549103975296, 0.9079928994178772, -0.25874006748199463, 0.7300216555595398, 0.41884347796440125, 0.5400357246398926),
            ["RightUpperLeg"] = CFrame.new(-2.9802322387695312e-08, 1.5273690223693848e-07, -5.420588422566652e-09, 0.9647624492645264, -0.2164536714553833, 0.14960379898548126, 0.2627392113208771, 0.7618127465248108, -0.5921229124069214, 0.014197250828146935, 0.6105647087097168, 0.7918391227722168),
            ["RightUpperArm"] = CFrame.new(0.027163147926330566, -0.01398611068725586, 0.006284721195697784, 0.7554550766944885, -0.3402533233165741, -0.559924304485321, 0.25307077169418335, 0.9397963881492615, -0.2296476811170578, 0.6043533086776733, 0.031788188964128494, 0.7960821390151978),
        }},
        {Time = 0.267, Data = {
            ["LeftLowerArm"] = CFrame.new(0.0000012814998626708984, -2.384185791015625e-07, 0.000005200505256652832, 1, 1.3411046495548362e-07, -2.980232594040899e-08, -1.2665987014770508e-07, 0.7465906739234924, -0.6652837991714478, -1.1548399925231934e-07, 0.665283739566803, 0.7465905547142029),
            ["LeftFoot"] = CFrame.new(1.4901161193847656e-08, 0, -6.705522537231445e-08, 0.9810979962348938, -0.1792886108160019, -0.07281850278377533, 0.18273834884166718, 0.9821851849555969, 0.04380521923303604, 0.06366743892431259, -0.0562838651239872, 0.9963828325271606),
            ["RightHand"] = CFrame.new(3.5762786865234375e-07, 7.748603820800781e-07, -6.854534149169922e-07, 0.9327728152275085, -0.036578286439180374, 0.3586038649082184, 0.07551620155572891, 0.9925915598869324, -0.09518042206764221, -0.35246598720550537, 0.11586219072341919, 0.9286248087882996),
            ["HumanoidRootPart"] = CFrame.new(0, 0, 0, 1, 0, 0, 0, 1, 0, 0, 0, 1),
