return {
    ["Soaked"] = {
        {Time = 0.000, Data = {
            ["RightFoot"] = CFrame.new(-1.0943040251731873e-08, 3.5762786865234375e-07, -4.6267814468592405e-08, 0.9912835359573364, 0.006886530201882124, -0.13156667351722717, -0.05989193543791771, 0.9130340218544006, -0.40346211194992065, 0.11734576523303986, 0.407825231552124, 0.905488133430481),
            ["LeftLowerArm"] = CFrame.new(0, 0, -1.51805579662323e-07, 1, 2.16066737834808e-07, -4.023314090773056e-07, 5.14090118031163e-07, 0.7398254871368408, -0.6727990508079529, -1.0244549741855735e-07, 0.6727989315986633, 0.7398253679275513),
            ["RightUpperArm"] = CFrame.new(-5.960464477539063e-08, -0.06523799896240234, -1.862645149230957e-08, 0.5134702920913696, 0.5021805763244629, 0.6958180665969849, 0.6263325214385986, 0.33494824171066284, -0.7039303779602051, -0.5865628123283386, 0.7972605228424072, -0.14254595339298248),
            ["Head"] = CFrame.new(-6.984919309616089e-10, -1.1920928955078125e-07, -7.566995918750763e-10, 0.9990002512931824, 0.013556844554841518, 0.04260091483592987, 0.0012956652790307999, 0.9437327980995178, -0.3307066261768341, -0.044687215238809586, 0.3304312229156494, 0.9427716732025146),
            ["LowerTorso"] = CFrame.new(0.00013362734171096236, -0.13843464851379395, -0.08610799163579941, 0.9999369382858276, -0.005506833549588919, -0.009789325296878815, 0.004733006935566664, 0.9969891905784607, -0.07739617675542831, 0.010185961611568928, 0.0773448720574379, 0.9969523549079895),
            ["UpperTorso"] = CFrame.new(5.820766091346741e-11, -3.2782554626464844e-07, 1.1710653780028224e-08, 0.9994117617607117, 0.008061275817453861, -0.03333555907011032, -0.00258538662455976, 0.9869260787963867, 0.16115298867225647, 0.03419892489910126, -0.16097186505794525, 0.9863663911819458),
            ["HumanoidRootPart"] = CFrame.new(0, 0, 0, 1, 0, 0, 0, 1, 0, 0, 0, 1),
            ["RightUpperLeg"] = CFrame.new(-0.000025451183319091797, -0.0001256715040653944, -0.004997499752789736, 0.98539799451828, 0.05979539453983307, 0.15942233800888062, -0.011382542550563812, 0.957345187664032, -0.2887224555015564, -0.16988621652126312, 0.2826922535896301, 0.9440466165542603),
            ["LeftUpperArm"] = CFrame.new(1.1920928955078125e-07, -0.06523776054382324, -1.4901161193847656e-08, 0.3379965126514435, -0.27336350083351135, -0.9005724191665649, -0.6743196845054626, 0.5971862077713013, -0.4343529939651489, 0.6565450429916382, 0.7540829181671143, 0.01751246489584446),
            ["RightLowerArm"] = CFrame.new(-1.7881393432617188e-07, -2.384185791015625e-07, -7.82310962677002e-08, 1, -1.154839708306099e-07, 1.9371513815258368e-07, -7.4505820180093e-08, 0.898468017578125, -0.43903908133506775, 1.4901164746561335e-08, 0.43903911113739014, 0.8984680771827698),
            ["LeftHand"] = CFrame.new(8.940696716308594e-08, -1.7881393432617188e-07, -7.450580596923828e-08, 0.8510072231292725, -0.47490566968917847, -0.2241687923669815, 0.46827685832977295, 0.493014931678772, 0.7332477569580078, -0.23770453035831451, -0.7289724946022034, 0.6419470906257629),
            ["LeftFoot"] = CFrame.new(-1.9444996723905206e-08, 1.1920928955078125e-07, 7.450580596923828e-09, 0.999005913734436, 0.043975941836833954, -0.007300595752894878, -0.04305248707532883, 0.9093321561813354, -0.41383764147758484, -0.011560323648154736, 0.41374048590660095, 0.9103214740753174),
            ["RightHand"] = CFrame.new(-6.109476089477539e-07, -1.1920928955078125e-07, 3.5762786865234375e-07, 0.5860098004341125, 0.5059183239936829, 0.6329610347747803, -0.7828652858734131, 0.15193432569503784, 0.6033552289009094, 0.20907998085021973, -0.8490951657295227, 0.48510080575942993),
            ["RightLowerLeg"] = CFrame.new(4.470348358154297e-08, 1.1920928955078125e-07, -5.75528247281909e-09, 1, 3.492458233722573e-08, 2.970918444589188e-07, 4.675238187701325e-07, 0.7049189805984497, 0.709287703037262, -1.4202665710172369e-08, -0.7092878818511963, 0.7049190402030945),
            ["LeftUpperLeg"] = CFrame.new(0.000025480985641479492, 0.00012548547238111496, 0.0049975053407251835, 0.9992491602897644, -0.03343351557850838, 0.01958068273961544, 0.03773322328925133, 0.9544762969017029, -0.29589033126831055, -0.008796310983598232, 0.2964073121547699, 0.9550212621688843),
            ["LeftLowerLeg"] = CFrame.new(-3.14321368932724e-08, 0, -6.565824151039124e-08, 1, 6.507616490125656e-08, 2.8405342078485774e-08, -5.098991096019745e-08, 0.6955502033233643, 0.7184774875640869, 2.421438694000244e-08, -0.7184774875640869, 0.6955501437187195),
        }},
        {Time = 0.033, Data = {
            ["RightFoot"] = CFrame.new(6.32135197520256e-08, 4.172325134277344e-07, -5.289621185511351e-09, 0.9903931617736816, 0.006424655206501484, -0.1381320208311081, -0.060926828533411026, 0.9170082807540894, -0.3941873013973236, 0.1241350769996643, 0.39881670475006104, 0.9085901379585266),
            ["LeftLowerArm"] = CFrame.new(2.9802322387695312e-08, -5.960464477539063e-08, 5.4016709327697754e-08, 1, -2.6822084464583895e-07, -1.1920930376163597e-07, 8.940694584680386e-08, 0.7409799098968506, -0.6715273857116699, -2.831220058396866e-07, 0.6715272665023804, 0.740979790687561),
            ["RightUpperArm"] = CFrame.new(1.1920928955078125e-07, -0.06523752212524414, -1.4901161193847656e-08, 0.5111902356147766, 0.4804914891719818, 0.7126094698905945, 0.6043667793273926, 0.38855433464050293, -0.6955332159996033, -0.6110853552818298, 0.7862273454666138, -0.09176769107580185),
            ["Head"] = CFrame.new(-1.3969838619232178e-09, 3.5762786865234375e-07, -1.7782440409064293e-08, 0.9991865754127502, 0.01174749992787838, 0.03857684135437012, -0.0016522874357178807, 0.967750608921051, -0.2519051432609558, -0.04029199108481407, 0.2516365051269531, 0.9669828414916992),
            ["LowerTorso"] = CFrame.new(-0.00018891776562668383, -0.13239455223083496, -0.08745494484901428, 0.9999212026596069, -0.008745461702346802, -0.009006288833916187, 0.008057024329900742, 0.9972376227378845, -0.07383948564529419, 0.009627074003219604, 0.07376101613044739, 0.9972295165061951),
            ["UpperTorso"] = CFrame.new(-8.731149137020111e-10, 4.172325134277344e-07, -2.2842868929728866e-08, 0.9995206594467163, 0.012417557649314404, -0.028358645737171173, -0.008048252202570438, 0.9887606501579285, 0.14929112792015076, 0.029893845319747925, -0.1489911675453186, 0.9883865714073181),
            ["HumanoidRootPart"] = CFrame.new(0, 0, 0, 1, 0, 0, 0, 1, 0, 0, 0, 1),
            ["RightUpperLeg"] = CFrame.new(-0.000025510787963867188, -0.00012536020949482918, -0.004997528623789549, 0.984351634979248, 0.06319846957921982, 0.1644934117794037, -0.014827428385615349, 0.9598692655563354, -0.280055433511734, -0.17559078335762024, 0.27323412895202637, 0.9457858204841614),
            ["LeftUpperArm"] = CFrame.new(-1.1920928955078125e-07, -0.06523740291595459, -3.3527612686157227e-08, 0.320894718170166, -0.2752826511859894, -0.9062263369560242, -0.6544731855392456, 0.6271811723709106, -0.42226651310920715, 0.6846105456352234, 0.728603720664978, 0.021094102412462234),
            ["RightLowerArm"] = CFrame.new(-1.1920928955078125e-07, 1.1920928955078125e-07, 1.1175870895385742e-07, 1, 1.937151665742931e-07, 1.4901168299275014e-07, 3.7252908668961027e-07, 0.9261991381645203, -0.3770347833633423, 2.0209702711326827e-07, 0.3770349323749542, 0.9261991381645203),
            ["LeftHand"] = CFrame.new(2.4586915969848633e-07, 0, 0, 0.8828357458114624, -0.44284990429878235, -0.15647542476654053, 0.40480268001556396, 0.5484649538993835, 0.7316561937332153, -0.23819279670715332, -0.7092744708061218, 0.6634716987609863),
            ["LeftFoot"] = CFrame.new(-8.43756424728781e-08, -1.1920928955078125e-07, 1.30385160446167e-08, 0.9988511800765991, 0.047591324895620346, -0.0056092278100550175, -0.04570804163813591, 0.911030113697052, -0.4097989499568939, -0.014392681419849396, 0.4095844030380249, 0.9121586084365845),
            ["RightHand"] = CFrame.new(-1.043081283569336e-07, 1.7881393432617188e-07, -7.450580596923828e-08, 0.6562431454658508, 0.4420371651649475, 0.6115126609802246, -0.7544118165969849, 0.39986029267311096, 0.5205525159835815, -0.01441558450460434, -0.8029415607452393, 0.5958836674690247),
            ["RightLowerLeg"] = CFrame.new(-1.2433156371116638e-07, 0, 9.110226528719068e-08, 1, 2.0954747981249966e-07, 1.725274216823891e-07, 4.125758437112381e-07, 0.7210922241210938, 0.692838728427887, -1.7974522847907792e-07, -0.6928390264511108, 0.7210925817489624),
            ["LeftUpperLeg"] = CFrame.new(0.000025540590286254883, 0.00012597721070051193, 0.004997457843273878, 0.9993641376495361, -0.0317487008869648, 0.016227854415774345, 0.035113297402858734, 0.9553884267807007, -0.2932576835155487, -0.006193071138113737, 0.293641060590744, 0.955895721912384),
            ["LeftLowerLeg"] = CFrame.new(7.683411240577698e-09, 2.980232238769531e-07, -2.561137080192566e-08, 1, 6.728806312139568e-08, 2.654268982382746e-08, -6.58910721540451e-08, 0.7033511996269226, 0.7108426690101624, 2.514570951461792e-08, -0.7108426094055176, 0.7033511400222778),
        }},
        {Time = 0.067, Data = {
            ["RightFoot"] = CFrame.new(5.3551048040390015e-09, 4.76837158203125e-07, 1.985608832910657e-08, 0.9892591238021851, 0.0061156717129051685, -0.1460449993610382, -0.061740923672914505, 0.92310631275177, -0.3795562982559204, 0.13249313831329346, 0.3844963312149048, 0.9135688543319702),
            ["LeftLowerArm"] = CFrame.new(1.4901161193847656e-07, -1.1920928955078125e-07, -2.7567148208618164e-07, 1, -3.5762798233918147e-07, 1.4901162614933128e-07, -2.458691312767769e-07, 0.7387235760688782, -0.6740083694458008, -1.4901159417490817e-08, 0.6740084886550903, 0.7387237548828125),
            ["RightUpperArm"] = CFrame.new(-1.7881393432617188e-07, -0.06523764133453369, 0, 0.5168824791908264, 0.4586229920387268, 0.7228400707244873, 0.5953877568244934, 0.41411712765693665, -0.6884912848472595, -0.6150983572006226, 0.7862392067909241, -0.0590086504817009),
            ["Head"] = CFrame.new(-1.862645149230957e-09, -2.384185791015625e-07, -2.9103830456733704e-10, 0.9993401169776917, 0.010788722895085812, 0.034683115780353546, -0.005252555012702942, 0.9877569079399109, -0.15591269731521606, -0.035940539091825485, 0.1556277573108673, 0.9871618151664734),
            ["LowerTorso"] = CFrame.new(-0.0007119894726201892, -0.12325191497802734, -0.08705087751150131, 0.9999004602432251, -0.011192931793630123, -0.0085943304002285, 0.010597068816423416, 0.997729480266571, -0.06651058793067932, 0.009319170378148556, 0.0664127990603447, 0.9977487325668335),
            ["UpperTorso"] = CFrame.new(1.2223608791828156e-09, -1.1920928955078125e-07, 1.2569216778501868e-08, 0.9996044635772705, 0.015935786068439484, -0.023174196481704712, -0.012666426599025726, 0.9907711744308472, 0.1349523663520813, 0.025110971182584763, -0.1346052885055542, 0.9905810952186584),
            ["HumanoidRootPart"] = CFrame.new(0, 0, 0, 1, 0, 0, 0, 1, 0, 0, 0, 1),
            ["RightUpperLeg"] = CFrame.new(-0.000025540590286254883, -0.00012575788423419, -0.00499748345464468, 0.9829732775688171, 0.0653938576579094, 0.17171914875507355, -0.01664234884083271, 0.9623720049858093, -0.27122533321380615, -0.18299385905265808, 0.26374945044517517, 0.9470741748809814),
            ["LeftUpperArm"] = CFrame.new(5.960464477539063e-08, -0.06523787975311279, -1.4901161193847656e-08, 0.3163149356842041, -0.2685944736003876, -0.9098362922668457, -0.6424254179000854, 0.6450446844100952, -0.4137714207172394, 0.6980218887329102, 0.7153841257095337, 0.03148534893989563),
            ["RightLowerArm"] = CFrame.new(0, -3.5762786865234375e-07, 5.587935447692871e-08, 1, 8.940694584680386e-08, 1.7881393432617188e-07, 1.6391278734317893e-07, 0.9510306715965271, -0.30909624695777893, 6.33299421792799e-08, 0.3090965151786804, 0.9510307908058167),
            ["LeftHand"] = CFrame.new(-6.705522537231445e-08, 2.384185791015625e-07, -1.1920928955078125e-07, 0.9179428815841675, -0.39499229192733765, -0.03689379617571831, 0.2913717031478882, 0.6081627011299133, 0.7384046912193298, -0.2692275643348694, -0.6885631680488586, 0.6733478307723999),
            ["LeftFoot"] = CFrame.new(3.6307028494775295e-08, -5.960464477539063e-08, 3.259629011154175e-08, 0.9986966848373413, 0.05088845640420914, -0.003938512876629829, -0.0482155866920948, 0.9152988195419312, -0.3998788893222809, -0.016744524240493774, 0.39954784512519836, 0.9165595769882202),
            ["RightHand"] = CFrame.new(2.086162567138672e-07, -1.1920928955078125e-07, -1.1920928955078125e-07, 0.7580780386924744, 0.32014065980911255, 0.5681792497634888, -0.6163168549537659, 0.6365440487861633, 0.46364307403564453, -0.21324019134044647, -0.7016564011573792, 0.6798584461212158),
            ["RightLowerLeg"] = CFrame.new(3.166496753692627e-08, 2.980232238769531e-07, -1.3205863069742918e-08, 1, 1.1129303345569497e-07, 1.8742855445452733e-07, 3.823079737230728e-07, 0.7432770133018494, 0.6689838171005249, -3.492460010079412e-08, -0.6689839363098145, 0.7432769536972046),
            ["LeftUpperLeg"] = CFrame.new(0.000025540590286254883, 0.00012546125799417496, 0.0049974978901445866, 0.9994398951530457, -0.030712004750967026, 0.013293066993355751, 0.033245693892240524, 0.9566062092781067, -0.289480984210968, -0.003825392806902528, 0.28976088762283325, 0.9570915102958679),
            ["LeftLowerLeg"] = CFrame.new(2.0954757928848267e-09, -5.960464477539063e-08, -1.3737007975578308e-08, 1, 6.379558925573292e-08, 3.026799078043041e-08, -5.1921240640240285e-08, 0.7190314531326294, 0.6949772834777832, 2.51457130673316e-08, -0.6949776411056519, 0.7190317511558533),
        }},
        {Time = 0.100, Data = {
            ["RightFoot"] = CFrame.new(-5.681067705154419e-08, 4.172325134277344e-07, 3.149762051180005e-08, 0.988054633140564, 0.006122490856796503, -0.15398278832435608, -0.06320556998252869, 0.9273998737335205, -0.36869287490844727, 0.14054571092128754, 0.37402141094207764, 0.9167087078094482),
            ["LeftLowerArm"] = CFrame.new(5.364418029785156e-07, -2.384185791015625e-07, -7.82310962677002e-08, 1, -7.450577754752885e-08, -4.470348358154297e-08, 2.9802315282267955e-08, 0.7321171760559082, -0.6811783909797668, 4.470347292340193e-08, 0.6811788082122803, 0.7321174740791321),
            ["RightUpperArm"] = CFrame.new(0, -0.06523716449737549, 2.9802322387695312e-08, 0.5508566498756409, 0.4053797125816345, 0.7295368313789368, 0.5892585515975952, 0.4301195442676544, -0.6839388012886047, -0.5910426378250122, 0.8066378235816956, -0.00193921965546906),
            ["Head"] = CFrame.new(1.3969838619232178e-09, 1.1920928955078125e-07, 2.5480403564870358e-08, 0.9994512796401978, 0.011514315381646156, 0.031058810651302338, -0.009541528299450874, 0.9979721307754517, -0.06293443590402603, -0.03172045573592186, 0.06260364502668381, 0.9975342750549316),
            ["LowerTorso"] = CFrame.new(-0.0012176195159554482, -0.11779117584228516, -0.08442433923482895, 0.9998766183853149, -0.013342827558517456, -0.008296170271933079, 0.01286598201841116, 0.998397707939148, -0.05510504171252251, 0.009018040262162685, 0.05499142035841942, 0.9984461069107056),
            ["UpperTorso"] = CFrame.new(6.170012056827545e-09, -5.960464477539063e-08, -2.920569386333227e-08, 0.9996623992919922, 0.01868298090994358, -0.018060550093650818, -0.01636914163827896, 0.9925514459609985, 0.12072185426950455, 0.020181555300951004, -0.12038539350032806, 0.9925220608711243),
            ["HumanoidRootPart"] = CFrame.new(0, 0, 0, 1, 0, 0, 0, 1, 0, 0, 0, 1),
            ["RightUpperLeg"] = CFrame.new(-0.000025540590286254883, -0.0001257290132343769, -0.0049974750727415085, 0.9815235733985901, 0.0682234913110733, 0.17876583337783813, -0.01704259216785431, 0.9617323279380798, -0.27346011996269226, -0.19058097898960114, 0.26536116003990173, 0.9451255798339844),
            ["LeftUpperArm"] = CFrame.new(1.1920928955078125e-07, -0.06523704528808594, 5.960464477539063e-08, 0.3315888047218323, -0.26188236474990845, -0.9063479900360107, -0.6352574229240417, 0.6482877731323242, -0.4197275936603546, 0.6974932551383972, 0.7149410247802734, 0.048602260649204254),
            ["RightLowerArm"] = CFrame.new(-2.980232238769531e-07, -1.7881393432617188e-07, -2.5331974029541016e-07, 1, -1.1175872316471214e-07, 7.4505820180093e-08, -5.960465898624534e-08, 0.9406696557998657, -0.33932361006736755, 4.4703494239684005e-08, 0.33932381868362427, 0.9406697154045105),
            ["LeftHand"] = CFrame.new(-9.685754776000977e-08, 0, -8.940696716308594e-08, 0.9453862905502319, -0.29011431336402893, 0.1485888659954071, 0.11522825062274933, 0.7238854765892029, 0.6802292466163635, -0.3049052655696869, -0.6259580850601196, 0.7177810668945312),
            ["LeftFoot"] = CFrame.new(1.592707121744752e-08, 5.960464477539063e-08, 2.9802322387695312e-08, 0.9985254406929016, 0.05426241457462311, -0.0016126492992043495, -0.050512176007032394, 0.9178169965744019, -0.3937770426273346, -0.019887331873178482, 0.3932778835296631, 0.919204592704773),
            ["RightHand"] = CFrame.new(0, 5.960464477539063e-08, 2.9802322387695312e-08, 0.8949073553085327, 0.18216070532798767, 0.4073801338672638, -0.3951871991157532, 0.7475459575653076, 0.5338560938835144, -0.20728743076324463, -0.6387429237365723, 0.7409718036651611),
            ["RightLowerLeg"] = CFrame.new(1.816079020500183e-08, -1.7881393432617188e-07, -6.535992724820971e-08, 1, 1.0011712703317244e-07, 2.600717721179535e-07, 4.3725574983000115e-07, 0.7570199966430664, 0.653391420841217, -1.1664809562716982e-07, -0.6533917784690857, 0.7570202946662903),
            ["LeftUpperLeg"] = CFrame.new(0.000025451183319091797, 0.00012567732483148575, 0.00499747833237052, 0.9994956851005554, -0.030102187767624855, 0.010111252777278423, 0.03174648433923721, 0.9544578194618225, -0.2966518998146057, -0.0007205604924820364, 0.296823650598526, 0.9549322128295898),
            ["LeftLowerLeg"] = CFrame.new(3.632158041000366e-08, 1.1920928955078125e-07, -2.2817403078079224e-08, 1, 6.007029895727101e-08, 2.3283067918100642e-08, -5.937182123716411e-08, 0.7265392541885376, 0.6871248483657837, 2.6077035641947077e-08, -0.6871249675750732, 0.7265393733978271),
        }},
        {Time = 0.133, Data = {
            ["RightFoot"] = CFrame.new(-1.6763806343078613e-08, 5.364418029785156e-07, -1.18088792078197e-08, 0.98680579662323, 0.003466068534180522, -0.16187210381031036, -0.0626433938741684, 0.930082380771637, -0.3619704842567444, 0.14929912984371185, 0.3673347234725952, 0.9180276989936829),
            ["LeftLowerArm"] = CFrame.new(2.9802322387695312e-08, 5.960464477539063e-08, -3.725290298461914e-08, 1, -1.3411040811206476e-07, -7.450579175838357e-08, 2.682208162241295e-07, 0.7141530513763428, -0.6999896764755249, 3.7252888773764425e-08, 0.6999897360801697, 0.714152991771698),
            ["RightUpperArm"] = CFrame.new(1.1920928955078125e-07, -0.0652381181716919, -5.21540641784668e-08, 0.6014500260353088, 0.3361254334449768, 0.7247604727745056, 0.5825614333152771, 0.43627116084098816, -0.68577641248703, -0.5466992855072021, 0.8346778750419617, 0.0665816217660904),
            ["Head"] = CFrame.new(2.3283064365386963e-09, -1.1920928955078125e-07, 1.9463186617940664e-09, 0.9995197057723999, 0.014522257260978222, 0.027377666905522346, -0.014613470062613487, 0.9998884201049805, 0.0031348939519375563, -0.027329081669449806, -0.003533408511430025, 0.9996203184127808),
            ["LowerTorso"] = CFrame.new(-0.0014617140404880047, -0.11704635620117188, -0.07910393923521042, 0.9998457431793213, -0.015707477927207947, -0.007870943285524845, 0.015386784449219704, 0.9991097450256348, -0.039282288402318954, 0.00848085805773735, 0.0391550175845623, 0.9991971850395203),
            ["UpperTorso"] = CFrame.new(-1.4551915228366852e-09, 2.980232238769531e-07, 4.16184775531292e-09, 0.9996975064277649, 0.02091648243367672, -0.012942366302013397, -0.01945296861231327, 0.9943448305130005, 0.10440251231193542, 0.01505301520228386, -0.10411902517080307, 0.9944509267807007),
            ["HumanoidRootPart"] = CFrame.new(0, 0, 0, 1, 0, 0, 0, 1, 0, 0, 0, 1),
            ["RightUpperLeg"] = CFrame.new(-0.000025510787963867188, -0.00012545124627649784, -0.004997494630515575, 0.9803881049156189, 0.07320789992809296, 0.18297526240348816, -0.0168420672416687, 0.9561713933944702, -0.29232269525527954, -0.19635576009750366, 0.28350830078125, 0.938651978969574),
            ["LeftUpperArm"] = CFrame.new(-1.1920928955078125e-07, -0.0652381181716919, 9.313225746154785e-09, 0.3721652925014496, -0.2560971975326538, -0.8921365141868591, -0.6270304918289185, 0.6393147110939026, -0.44509488344192505, 0.6843433976173401, 0.7250454425811768, 0.07735010981559753),
            ["RightLowerArm"] = CFrame.new(4.76837158203125e-07, 0, -1.4901161193847656e-07, 1, 1.0430814256778831e-07, -2.980231101901154e-07, 1.341104365337742e-07, 0.9156746864318848, -0.4019201695919037, -2.2351738238057806e-08, 0.4019203186035156, 0.9156747460365295),
            ["LeftHand"] = CFrame.new(-8.940696716308594e-08, 0, -3.129243850708008e-07, 0.9367831945419312, -0.1195354014635086, 0.3288598656654358, -0.07530698925256729, 0.8489407896995544, 0.5230941772460938, -0.34171053767204285, -0.5147919654846191, 0.7862720489501953),
            ["LeftFoot"] = CFrame.new(4.71045495942235e-08, 5.960464477539063e-08, -1.3969838619232178e-08, 0.9983367919921875, 0.0576198548078537, 0.0019534374587237835, -0.0523001104593277, 0.9193875193595886, -0.38986068964004517, -0.02425982803106308, 0.38910990953445435, 0.9208717942237854),
            ["RightHand"] = CFrame.new(-2.682209014892578e-07, -1.1920928955078125e-07, -2.086162567138672e-07, 0.9943532943725586, 0.008955047465860844, 0.10574281215667725, -0.0675058513879776, 0.8222144842147827, 0.5651608109474182, -0.0818820670247078, -0.5691074728965759, 0.8181758522987366),
            ["RightLowerLeg"] = CFrame.new(1.1641532182693481e-08, 0, 3.149762051180005e-08, 1, 1.4761455702227977e-07, 2.1187578624903836e-07, 4.2142346501350403e-07, 0.7566477060317993, 0.6538228392601013, -4.505272954702377e-08, -0.6538229584693909, 0.7566477060317993),
            ["LeftUpperLeg"] = CFrame.new(0.000025510787963867188, 0.00012590386904776096, 0.004997469484806061, 0.9995432496070862, -0.029613325372338295, 0.006029677111655474, 0.029989130795001984, 0.9472987651824951, -0.3189445734024048, 0.0037334435619413853, 0.3189798891544342, 0.9477542638778687),
            ["LeftLowerLeg"] = CFrame.new(-2.6542693376541138e-08, 1.7881393432617188e-07, -5.820766091346741e-08, 1, 7.636845111846924e-08, 3.81842291119483e-08, -4.7963112592697144e-08, 0.7217162847518921, 0.6921890377998352, 2.2351741790771484e-08, -0.6921890377998352, 0.7217162251472473),
        }},
        {Time = 0.167, Data = {
            ["RightFoot"] = CFrame.new(-3.655441105365753e-08, 2.384185791015625e-07, 4.267349140718579e-08, 0.9852597713470459, -0.004169032443314791, -0.17101460695266724, -0.057069502770900726, 0.9344198703765869, -0.35157153010368347, 0.1612645983695984, 0.3561491072177887, 0.920408308506012),
            ["LeftLowerArm"] = CFrame.new(5.960464477539063e-08, 2.384185791015625e-07, -8.940696716308594e-08, 1, -1.4901155864777138e-08, -2.831220911048149e-07, 3.203749656677246e-07, 0.7164608240127563, -0.6976274847984314, -7.450580596923828e-08, 0.6976273655891418, 0.7164607048034668),
            ["RightUpperArm"] = CFrame.new(-5.960464477539063e-08, -0.06523787975311279, -1.862645149230957e-09, 0.6466056704521179, 0.2872583866119385, 0.706670880317688, 0.5806509256362915, 0.41544976830482483, -0.7001755833625793, -0.49471768736839294, 0.8630667924880981, 0.10183532536029816),
            ["Head"] = CFrame.new(9.313225746154785e-10, -1.1920928955078125e-07, -5.8023942983709276e-08, 0.999530017375946, 0.020004065707325935, 0.02323327772319317, -0.020821157842874527, 0.9991536140441895, 0.03547820448875427, -0.022503884509205818, -0.03594530373811722, 0.9991003274917603),
            ["LowerTorso"] = CFrame.new(-0.0012263336684554815, -0.11597061157226562, -0.07055090367794037, 0.9997977614402771, -0.018795529380440712, -0.007155206054449081, 0.018658949062228203, 0.999650776386261, -0.01871470920741558, 0.007504358887672424, 0.01857731118798256, 0.9997992515563965),
            ["UpperTorso"] = CFrame.new(-4.190951585769653e-09, 5.066394805908203e-07, -1.2958480510860682e-08, 0.9997110366821289, 0.022803205996751785, -0.007614069152623415, -0.022058675065636635, 0.9959951639175415, 0.0866437703371048, 0.009559433907270432, -0.08645058423280716, 0.9962103366851807),
            ["HumanoidRootPart"] = CFrame.new(0, 0, 0, 1, 0, 0, 0, 1, 0, 0, 0, 1),
            ["RightUpperLeg"] = CFrame.new(-0.000025540590286254883, -0.00012520444579422474, -0.004997490905225277, 0.9796013832092285, 0.07997117191553116, 0.18435245752334595, -0.017019513994455338, 0.9471219182014465, -0.32042184472084045, -0.2002284824848175, 0.310748428106308, 0.9291630983352661),
            ["LeftUpperArm"] = CFrame.new(1.1920928955078125e-07, -0.0652381181716919, -4.284083843231201e-08, 0.41617217659950256, -0.25738799571990967, -0.8720964193344116, -0.610573947429657, 0.631604790687561, -0.47778138518333435, 0.6737954616546631, 0.7313185334205627, 0.10570205748081207),
            ["RightLowerArm"] = CFrame.new(-5.960464477539063e-08, -1.7881393432617188e-07, 4.6193599700927734e-07, 1, -8.195635814445268e-08, 1.0430815677864302e-07, -1.6391277313232422e-07, 0.9168747663497925, -0.39917516708374023, 2.8312206268310547e-07, 0.3991750180721283, 0.9168747067451477),
            ["LeftHand"] = CFrame.new(-2.5331974029541016e-07, 1.1920928955078125e-07, 2.9802322387695312e-08, 0.8970586657524109, 0.07846984267234802, 0.4348885118961334, -0.22869844734668732, 0.9245090484619141, 0.3049270510673523, -0.37813055515289307, -0.3729954957962036, 0.8472847938537598),
            ["LeftFoot"] = CFrame.new(-4.5140041038393974e-08, 1.1920928955078125e-07, 1.0244548320770264e-08, 0.998200535774231, 0.059683408588171005, 0.005796479061245918, -0.052914928644895554, 0.9222061634063721, -0.38306087255477905, -0.02820812538266182, 0.3820649981498718, 0.923704981803894),
            ["RightHand"] = CFrame.new(-5.960464477539063e-08, 0, 2.086162567138672e-07, 0.9702244400978088, -0.1534077674150467, -0.1874312460422516, 0.22088827192783356, 0.8778864145278931, 0.42488086223602295, 0.09936301410198212, -0.4536314308643341, 0.8856329321861267),
            ["RightLowerLeg"] = CFrame.new(-2.1886080503463745e-08, -5.960464477539063e-08, -5.790934665128589e-08, 1, 1.490115550950577e-07, 2.5180631268995057e-07, 4.060564435803826e-07, 0.7525328993797302, 0.6585543751716614, 2.8056078349436575e-08, -0.6585546731948853, 0.7525331377983093),
            ["LeftUpperLeg"] = CFrame.new(0.000025540590286254883, 0.0001259286655113101, 0.00499748345464468, 0.9995989203453064, -0.028301186859607697, 0.0010099235223606229, 0.026882296428084373, 0.9370731711387634, -0.3480963110923767, 0.00890547689050436, 0.3479841947555542, 0.9374582767486572),
            ["LeftLowerLeg"] = CFrame.new(-2.7008354663848877e-08, -2.980232238769531e-07, 2.537854015827179e-08, 1, 6.007030606269836e-08, 2.3283075023528e-08, -6.519259443393821e-08, 0.716217041015625, 0.6978774070739746, 2.3166654372630546e-08, -0.6978775858879089, 0.7162173390388489),
        }},
        {Time = 0.200, Data = {
            ["RightFoot"] = CFrame.new(4.202593117952347e-08, 3.5762786865234375e-07, 3.289460437372327e-08, 0.9834893345832825, -0.012627800926566124, -0.18052566051483154, -0.04846256226301193, 0.9427487254142761, -0.32996419072151184, 0.17435649037361145, 0.33326485753059387, 0.9265711903572083),
            ["LeftLowerArm"] = CFrame.new(-1.4901161193847656e-07, 0, 1.7881393432617188e-07, 1, 1.2665987014770508e-07, -1.639128583974525e-07, 1.2665987014770508e-07, 0.7307741045951843, -0.6826196908950806, 1.6391277313232422e-07, 0.6826194524765015, 0.7307738661766052),
            ["RightUpperArm"] = CFrame.new(-1.1920928955078125e-07, -0.06523764133453369, 1.4901161193847656e-08, 0.6823952198028564, 0.32493218779563904, 0.6547943949699402, 0.5875973105430603, 0.2890070378780365, -0.7557808756828308, -0.43481746315956116, 0.9004965424537659, 0.006287704687565565),
            ["Head"] = CFrame.new(1.280568540096283e-09, -1.1920928955078125e-07, -2.5473127607256174e-08, 0.9994361400604248, 0.028038932010531425, 0.018474696204066277, -0.02858409844338894, 0.9991430044174194, 0.029938271269202232, -0.017619416117668152, -0.030449431389570236, 0.9993810653686523),
            ["LowerTorso"] = CFrame.new(-0.000258670566836372, -0.1114201545715332, -0.05836114287376404, 0.9997138977050781, -0.023144138976931572, -0.006040267180651426, 0.02318577654659748, 0.9997074007987976, 0.0068988860584795475, 0.005878723692148924, -0.007037070579826832, 0.9999579787254333),
            ["UpperTorso"] = CFrame.new(6.577465683221817e-09, 3.2782554626464844e-07, 8.11269273981452e-10, 0.9996997714042664, 0.024392172694206238, -0.0023482453543692827, -0.02416413091123104, 0.9971839189529419, 0.07099516689777374, 0.004073465708643198, -0.07091694325208664, 0.997473955154419),
            ["HumanoidRootPart"] = CFrame.new(0, 0, 0, 1, 0, 0, 0, 1, 0, 0, 0, 1),
            ["RightUpperLeg"] = CFrame.new(-0.000025451183319091797, -0.00012549076927825809, -0.004997482523322105, 0.9791170358657837, 0.08762101829051971, 0.1834462434053421, -0.017567327246069908, 0.9354423880577087, -0.353042334318161, -0.20253702998161316, 0.3424474895000458, 0.9174467921257019),
            ["LeftUpperArm"] = CFrame.new(-1.1920928955078125e-07, -0.06523776054382324, -2.0489096641540527e-08, 0.45052000880241394, -0.2542498707771301, -0.8557970523834229, -0.5774569511413574, 0.6480754613876343, -0.496530145406723, 0.6808634996414185, 0.7178823947906494, 0.14515240490436554),
            ["RightLowerArm"] = CFrame.new(-4.76837158203125e-07, 0, 4.544854164123535e-07, 1, -2.905726432800293e-07, 1.043081780949251e-07, -1.4901159772762185e-07, 0.9820936322212219, -0.18839359283447266, 3.352760913344355e-08, 0.1883937120437622, 0.9820936322212219),
            ["LeftHand"] = CFrame.new(-4.470348358154297e-07, 2.384185791015625e-07, -1.6391277313232422e-07, 0.8591883778572083, 0.24986211955547333, 0.4465020000934601, -0.3431376814842224, 0.9287046790122986, 0.14058592915534973, -0.37954181432724, -0.2740013897418976, 0.8836694359779358),
            ["LeftFoot"] = CFrame.new(4.99130692332983e-09, 5.960464477539063e-08, -2.60770320892334e-08, 0.9980971217155457, 0.06093860790133476, 0.009418518282473087, -0.0531579814851284, 0.9277564883232117, -0.3693806827068329, -0.031247932463884354, 0.3681773841381073, 0.9292304515838623),
            ["RightHand"] = CFrame.new(-1.1920928955078125e-07, 1.1920928955078125e-07, 1.4901161193847656e-07, 0.8816633224487305, -0.2561321258544922, -0.3963155746459961, 0.33941954374313354, 0.9276862144470215, 0.15554079413414001, 0.32781749963760376, -0.27165189385414124, 0.9048432111740112),
            ["RightLowerLeg"] = CFrame.new(1.6298145055770874e-08, -1.1920928955078125e-07, -1.3205863069742918e-08, 1, 2.0838335501593974e-07, 1.9057183919812815e-07, 4.661267780647904e-07, 0.751879096031189, 0.6593007445335388, -3.282911009705458e-08, -0.6593009829521179, 0.7518793940544128),
            ["LeftUpperLeg"] = CFrame.new(0.000025510787963867188, 0.00012577054440043867, 0.004997498355805874, 0.9996630549430847, -0.025458896532654762, -0.005057453643530607, 0.021613987162709236, 0.9243671894073486, -0.38089096546173096, 0.01437233854085207, 0.3806535303592682, 0.9246061444282532),
            ["LeftLowerLeg"] = CFrame.new(4.190951585769653e-08, -1.1920928955078125e-07, 4.249159246683121e-08, 1, 7.171180982368242e-08, 3.539026138810186e-08, -4.377216100692749e-08, 0.7151474952697754, 0.6989732980728149, 2.6309862732887268e-08, -0.6989735960960388, 0.715147852897644),
        }},
        {Time = 0.233, Data = {
            ["RightFoot"] = CFrame.new(4.1443854570388794e-08, 3.5762786865234375e-07, -1.5068508218973875e-08, 0.9821932315826416, -0.015177179127931595, -0.1872606873512268, -0.03839365020394325, 0.9594820737838745, -0.27914103865623474, 0.1839091032743454, 0.28136059641838074, 0.9418141841888428),
            ["LeftLowerArm"] = CFrame.new(2.980232238769531e-07, 0, 2.086162567138672e-07, 1, 5.21540464148984e-08, -1.9371509552001953e-07, 4.544854732557724e-07, 0.748227596282959, -0.663442075252533, -7.450581307466564e-08, 0.6634422540664673, 0.7482276558876038),
            ["RightUpperArm"] = CFrame.new(1.1920928955078125e-07, -0.06523787975311279, 3.096647560596466e-08, 0.7469704747200012, 0.2659570872783661, 0.609345555305481, 0.5792096257209778, 0.18966083228588104, -0.7928082942962646, -0.32642218470573425, 0.9451432228088379, -0.012373844161629677),
            ["Head"] = CFrame.new(-3.6088749766349792e-09, -3.5762786865234375e-07, 6.184563972055912e-10, 0.9990882873535156, 0.040923114866018295, 0.012164894491434097, -0.0404452383518219, 0.9984880089759827, -0.03722919151186943, -0.013670039363205433, 0.036703333258628845, 0.9992327690124512),
            ["LowerTorso"] = CFrame.new(0.001903336844407022, -0.10078763961791992, -0.037416327744722366, 0.9995452165603638, -0.029848719015717506, -0.00431097624823451, 0.030031053349375725, 0.9982278347015381, 0.05137374624609947, 0.0027697852347046137, -0.05147992819547653, 0.9986701607704163),
            ["UpperTorso"] = CFrame.new(-9.880750440061092e-09, 5.960464477539063e-08, -8.374627213925123e-09, 0.9997005462646484, 0.024316368624567986, 0.0027607425581663847, -0.024442998692393303, 0.9976685047149658, 0.06371897459030151, -0.001204787869937718, -0.06376728415489197, 0.9979641437530518),
            ["HumanoidRootPart"] = CFrame.new(0, 0, 0, 1, 0, 0, 0, 1, 0, 0, 0, 1),
            ["RightUpperLeg"] = CFrame.new(-0.000025510787963867188, -0.00012578209862113, -0.004997500218451023, 0.9794741272926331, 0.09577716141939163, 0.17736214399337769, -0.015798812732100487, 0.9136719703674316, -0.40614500641822815, -0.20094989240169525, 0.3950067162513733, 0.8964312076568604),
            ["LeftUpperArm"] = CFrame.new(0, -0.06523764133453369, 1.909211277961731e-08, 0.49046772718429565, -0.24736201763153076, -0.8356158137321472, -0.4986864924430847, 0.7066869735717773, -0.5019016861915588, 0.7146700024604797, 0.6628768444061279, 0.22325101494789124),
            ["RightLowerArm"] = CFrame.new(1.1920928955078125e-07, -5.960464477539063e-08, -2.4586915969848633e-07, 1, 2.0675361156463623e-07, -1.4901157641133977e-08, 3.1292435664909135e-07, 0.9476056694984436, -0.31944260001182556, -1.1548398504146462e-07, 0.3194426894187927, 0.9476056098937988),
            ["LeftHand"] = CFrame.new(5.960464477539063e-08, -1.1920928955078125e-07, 2.086162567138672e-07, 0.8481197953224182, 0.39599940180778503, 0.3519628345966339, -0.4502238631248474, 0.8888794779777527, 0.08480403572320938, -0.2792694568634033, -0.23038654029369354, 0.9321644306182861),
            ["LeftFoot"] = CFrame.new(-2.514570951461792e-08, -5.960464477539063e-08, -9.313225746154785e-09, 0.998157262802124, 0.05906608700752258, 0.013906009495258331, -0.05097320303320885, 0.9404963850975037, -0.33595913648605347, -0.03292250260710716, 0.33463117480278015, 0.9417740106582642),
            ["RightHand"] = CFrame.new(3.5762786865234375e-07, 1.1920928955078125e-07, 1.1920928955078125e-07, 0.7943199276924133, -0.30272579193115234, -0.5267000198364258, 0.41726598143577576, 0.9019984602928162, 0.11085017025470734, 0.44152572751045227, -0.30782464146614075, 0.8427925705909729),
            ["RightLowerLeg"] = CFrame.new(-9.941868484020233e-08, 5.960464477539063e-08, -2.8107024263590574e-08, 1, 1.403967928581551e-07, 2.202577320531418e-07, 4.267784561307053e-07, 0.7554726600646973, 0.6551799178123474, 2.095475259977775e-08, -0.6551801562309265, 0.7554728984832764),
            ["LeftUpperLeg"] = CFrame.new(0.000025570392608642578, 0.0001255262177437544, 0.004997484385967255, 0.9996963739395142, -0.020211970433592796, -0.014092794619500637, 0.012130207382142544, 0.9015486836433411, -0.43250739574432373, 0.02144748531281948, 0.4322054386138916, 0.9015201926231384),
            ["LeftLowerLeg"] = CFrame.new(2.2351741790771484e-08, -5.960464477539063e-08, -1.4901161193847656e-08, 1, 6.146729703004894e-08, 2.6077044523731274e-08, -6.146728992462158e-08, 0.719762921333313, 0.6942200064659119, 2.1420419216156006e-08, -0.6942200064659119, 0.7197630405426025),
        }},
        {Time = 0.267, Data = {
            ["RightFoot"] = CFrame.new(-3.841705620288849e-08, 4.172325134277344e-07, -2.438173396512866e-08, 0.9811895489692688, -0.008322924375534058, -0.19286803901195526, -0.029581032693386078, 0.9807895421981812, -0.19281278550624847, 0.19076701998710632, 0.1948912888765335, 0.962094247341156),
            ["LeftLowerArm"] = CFrame.new(-2.384185791015625e-07, 0, -5.960464477539063e-08, 1, -2.4214381255660555e-07, 1.8253919620292436e-07, -7.450577044210149e-08, 0.7249142527580261, -0.688839316368103, 1.4901154088420299e-07, 0.6888391375541687, 0.7249141335487366),
            ["RightUpperArm"] = CFrame.new(1.1920928955078125e-07, -0.0652381181716919, 0, 0.8024865388870239, 0.2838589549064636, 0.5248228311538696, 0.5734957456588745, -0.12418778985738754, -0.8097410202026367, -0.16467596590518951, 0.9507899880409241, -0.26245084404945374),
            ["Head"] = CFrame.new(2.561137080192566e-09, -2.384185791015625e-07, 1.0659277904778719e-08, 0.9983280897140503, 0.05776926875114441, 0.0019515275489538908, -0.056543126702308655, 0.9830338358879089, -0.1744922250509262, -0.011998693458735943, 0.1740902066230774, 0.9846566915512085),
            ["LowerTorso"] = CFrame.new(0.005416590720415115, -0.0876321792602539, -0.005898063536733389, 0.999238908290863, -0.03892231360077858, -0.002576696453616023, 0.03895867243409157, 0.9924986362457275, 0.11588239669799805, -0.0019531561993062496, -0.11589471995830536, 0.993259608745575),
            ["UpperTorso"] = CFrame.new(2.2482709027826786e-08, 2.086162567138672e-07, -4.198227543383837e-09, 0.9997308254241943, 0.021776946261525154, 0.00800725445151329, -0.022287538275122643, 0.9972673654556274, 0.07043632119894028, -0.0064513892866671085, -0.07059574127197266, 0.9974841475486755),
            ["HumanoidRootPart"] = CFrame.new(0, 0, 0, 1, 0, 0, 0, 1, 0, 0, 0, 1),
            ["RightUpperLeg"] = CFrame.new(-0.0000254213809967041, -0.0001254221424460411, -0.004997501149773598, 0.9802515506744385, 0.10615293681621552, 0.1668495088815689, -0.01122142095118761, 0.8722139596939087, -0.48899561166763306, -0.19743649661540985, 0.47746676206588745, 0.8561802506446838),
            ["LeftUpperArm"] = CFrame.new(-1.1920928955078125e-07, -0.0652381181716919, -7.59027898311615e-08, 0.629888117313385, -0.25843068957328796, -0.7324305772781372, -0.31054604053497314, 0.7805605530738831, -0.5424818396568298, 0.7119004130363464, 0.5691561698913574, 0.4114108979701996),
            ["RightLowerArm"] = CFrame.new(0, 1.1920928955078125e-07, 5.066394805908203e-07, 1, 4.0233149434243387e-07, 7.4505820180093e-08, 4.0605655726722034e-07, 0.9741173386573792, -0.22604285180568695, 2.9057258643661044e-07, 0.2260429710149765, 0.9741173982620239),
            ["LeftHand"] = CFrame.new(2.086162567138672e-07, 1.1920928955078125e-07, -8.940696716308594e-08, 0.8624510169029236, 0.49348604679107666, 0.11247172951698303, -0.5061393976211548, 0.8413762450218201, 0.18949730694293976, -0.0011173805687576532, -0.2203582376241684, 0.9754183292388916),
            ["LeftFoot"] = CFrame.new(-1.798616722226143e-08, 1.1920928955078125e-07, 3.166496753692627e-08, 0.9987281560897827, 0.0464286282658577, 0.019661063328385353, -0.03899974748492241, 0.9585103392601013, -0.2823772430419922, -0.03195589780807495, 0.28125154972076416, 0.9591020345687866),
