return {
    ["Soar Above"] = {
        {Time = 0.000, Data = {
            ["RightFoot"] = CFrame.new(1.9371509552001953e-07, -5.960464477539063e-08, -2.438173396512866e-08, 0.998219907283783, -0.04551556333899498, -0.03854231536388397, 0.03933853283524513, 0.9881852269172668, -0.14813047647476196, 0.044829290360212326, 0.14635048806667328, 0.9882165789604187),
            ["LeftLowerArm"] = CFrame.new(0.0000012516975402832031, -4.172325134277344e-07, 0.000004664063453674316, 1, -3.4924592995366766e-08, -5.346375075987453e-08, -8.568167686462402e-08, -0.40990912914276123, -0.9121264219284058, -3.725290298461914e-09, 0.9121264219284058, -0.40990909934043884),
            ["RightUpperArm"] = CFrame.new(-0.042807936668395996, -0.02629268169403076, -0.060031045228242874, 0.17452213168144226, -0.9633389711380005, -0.20376497507095337, 0.9785155653953552, 0.14660999178886414, 0.14495821297168732, -0.10976970940828323, -0.22468560934066772, 0.9682287573814392),
            ["Head"] = CFrame.new(2.421438694000244e-08, -5.960464477539062e-07, 2.0489096641540527e-08, 0.9707016944885254, 0.1302293837070465, 0.2019372284412384, -0.13658395409584045, 0.9904686212539673, 0.017798781394958496, -0.19769464433193207, -0.04485861212015152, 0.9792367815971375),
            ["RightHand"] = CFrame.new(4.470348358154297e-08, 9.5367431640625e-07, -6.668269634246826e-07, 0.9984420537948608, -0.030236536636948586, -0.046896323561668396, 0.02135934680700302, 0.9835452437400818, -0.17939525842666626, 0.051549024879932404, 0.17811399698257446, 0.9826586842536926),
            ["UpperTorso"] = CFrame.new(1.1920928955078125e-07, -5.960464477539063e-08, -3.725290298461914e-09, 0.9148457646369934, -0.22690516710281372, -0.33402323722839355, 0.26504167914390564, 0.961487352848053, 0.07276686280965805, 0.3046479821205139, -0.1551007181406021, 0.9397518634796143),
            ["HumanoidRootPart"] = CFrame.new(0, 0, 0, 1, 0, 0, 0, 1, 0, 0, 0, 1),
            ["RightUpperLeg"] = CFrame.new(2.9802322387695312e-08, 3.597233444452286e-08, -1.6596459317952394e-08, 0.9194943904876709, 0.10442270338535309, 0.3789803087711334, 0.1294122338294983, 0.8299243450164795, -0.5426585078239441, -0.3711909353733063, 0.5480160713195801, 0.7495970129966736),
            ["LeftUpperArm"] = CFrame.new(-0.002339184284210205, -0.08352744579315186, -0.057595230638980865, -0.1399877667427063, 0.48931628465652466, -0.8607978820800781, -0.9893853068351746, -0.03489246591925621, 0.14106479287147522, 0.03898974508047104, 0.8714081048965454, 0.48900702595710754),
            ["RightLowerArm"] = CFrame.new(5.960464477539062e-07, 3.5762786865234375e-07, -0.000004023313522338867, 1, -9.667129461377044e-07, 0.000019466511730570346, 0.000018980355889652856, -0.17790716886520386, -0.9840473532676697, 0.000004388392426335486, 0.9840472936630249, -0.17790715396404266),
            ["LeftHand"] = CFrame.new(-0.0000017955899238586426, -0.0000013113021850585938, 1.6833655536174774e-07, 0.9189764857292175, -0.002399951685220003, -0.3943046033382416, -0.052282944321632385, 0.9904106259346008, -0.1278800070285797, 0.3908309042453766, 0.13813412189483643, 0.9100387692451477),
            ["LeftFoot"] = CFrame.new(-2.421438694000244e-08, -1.7881393432617188e-07, 1.4901161193847656e-08, 0.9936695098876953, -0.008162454701960087, -0.1120464950799942, 0.001323064905591309, 0.9981381297111511, -0.060980457812547684, 0.11233584582805634, 0.060446202754974365, 0.9918301105499268),
            ["LowerTorso"] = CFrame.new(-0.2596234083175659, -0.13946080207824707, 0.4144948124885559, 0.9549355506896973, 0.1970008909702301, 0.2220107913017273, -0.19266852736473083, 0.9803974628448486, -0.041228216141462326, -0.22578079998493195, -0.0034042028710246086, 0.9741722345352173),
            ["RightLowerLeg"] = CFrame.new(-3.725290298461914e-09, -0.0007262825965881348, 0.00004604628338711336, 1, 1.899898904866859e-07, -6.239862671009178e-08, -5.21540641784668e-08, 0.4601806402206421, 0.8878253698348999, 4.6566128730773926e-08, -0.8878253698348999, 0.46018069982528687),
            ["LeftUpperLeg"] = CFrame.new(2.384185791015625e-07, -7.334165275096893e-09, 1.4901161193847656e-08, 0.9584752917289734, -0.04959741607308388, 0.2808294892311096, 0.09446558356285095, 0.9843809604644775, -0.14856092631816864, -0.2690751254558563, 0.16892075538635254, 0.9481901526451111),
            ["LeftLowerLeg"] = CFrame.new(1.043081283569336e-07, -0.0007264614105224609, 0.00008097290992736816, 1, 5.960463766996327e-08, -4.0978196835794733e-08, -9.685754776000977e-08, 0.7899385094642639, 0.6131861209869385, 3.166496753692627e-08, -0.6131860017776489, 0.7899385690689087),
        }},
        {Time = 0.033, Data = {
            ["RightFoot"] = CFrame.new(1.8905848264694214e-07, -5.960464477539063e-08, 1.6596459317952394e-08, 0.9979460835456848, 0.054252758622169495, -0.03406425938010216, -0.05649353563785553, 0.996037483215332, -0.0686866044998169, 0.030202943831682205, 0.0704699233174324, 0.9970566034317017),
            ["LeftLowerArm"] = CFrame.new(0.0000014603137969970703, -2.384185791015625e-07, 0.000004872679710388184, 1, 7.450578820566989e-09, -3.073365206773815e-08, -7.171183824539185e-08, -0.04575539752840996, -0.9989526867866516, -2.60770320892334e-08, 0.9989527463912964, -0.045755352824926376),
            ["RightUpperArm"] = CFrame.new(-0.023481249809265137, -0.05156600475311279, -0.01659736968576908, 0.4002007842063904, -0.9149664640426636, 0.05172770097851753, 0.7539528608322144, 0.36081066727638245, 0.5489726662635803, -0.5209553241729736, -0.18069903552532196, 0.8342381715774536),
            ["Head"] = CFrame.new(-2.2817403078079224e-08, -5.960464477539062e-07, 4.0978193283081055e-08, 0.9899395704269409, 0.09086176753044128, 0.10846155881881714, -0.09314941614866257, 0.995520293712616, 0.01620449312031269, -0.10650333017110825, -0.026144683361053467, 0.9939686059951782),
            ["RightHand"] = CFrame.new(4.470348358154297e-08, 8.940696716308594e-07, -8.344650268554688e-07, 0.9999104142189026, 0.00692742969840765, 0.011458599008619785, -0.0046215481124818325, 0.9817290902137756, -0.1902281641960144, -0.012567052617669106, 0.19015821814537048, 0.9816731214523315),
            ["UpperTorso"] = CFrame.new(0, 0, 3.725290298461914e-08, 0.952724814414978, -0.19237831234931946, -0.2351723164319992, 0.1970687210559845, 0.9803829789161682, -0.0036233640275895596, 0.23125600814819336, -0.04289307817816734, 0.9719469547271729),
            ["HumanoidRootPart"] = CFrame.new(0, 0, 0, 1, 0, 0, 0, 1, 0, 0, 0, 1),
            ["RightUpperLeg"] = CFrame.new(5.960464477539063e-08, -2.2351741790771484e-08, 7.653579814359546e-08, 0.9245399236679077, 0.07679551839828491, 0.37326720356941223, 0.1381724774837494, 0.8452827334403992, -0.5161449313163757, -0.3551538288593292, 0.5287718772888184, 0.7708865404129028),
            ["LeftUpperArm"] = CFrame.new(0.01551741361618042, -0.07404696941375732, -0.016482669860124588, -0.07046496123075485, 0.36706846952438354, -0.9275211095809937, -0.8507495522499084, 0.4633731544017792, 0.2480134665966034, 0.5208261609077454, 0.806564450263977, 0.2796318233013153),
            ["RightLowerArm"] = CFrame.new(-1.7881393432617188e-07, 4.172325134277344e-07, -0.000003180466592311859, 1, -0.000005494801825989271, 0.000018686059775063768, 0.00001896918001875747, 0.05823761597275734, -0.9983028173446655, 0.000004394911684357794, 0.9983028173446655, 0.058237653225660324),
            ["LeftHand"] = CFrame.new(-0.0000011064112186431885, -0.0000013709068298339844, 3.725290298461914e-07, 0.9144042730331421, 0.07497651875019073, -0.3977976441383362, -0.15167450904846191, 0.9745675921440125, -0.16496331989765167, 0.375312864780426, 0.21117904782295227, 0.9025210738182068),
            ["LeftFoot"] = CFrame.new(4.6566128730773926e-08, -5.960464477539063e-08, -1.1175870895385742e-07, 0.9993219971656799, 0.0252336785197258, -0.026811441406607628, -0.02669983170926571, 0.9980841279029846, -0.05581478029489517, 0.025351380929350853, 0.0564926378428936, 0.9980810880661011),
            ["LowerTorso"] = CFrame.new(-0.24704542756080627, -0.08243775367736816, 0.41634589433670044, 0.9672384262084961, 0.15253540873527527, 0.20293539762496948, -0.1672614961862564, 0.9842398166656494, 0.05740911886096001, -0.19098016619682312, -0.08947157859802246, 0.9775077700614929),
            ["RightLowerLeg"] = CFrame.new(1.30385160446167e-08, -0.0007265210151672363, 0.000046131965063977987, 1, 1.1175877290270364e-07, -2.328307324717116e-08, -6.705523247774181e-08, 0.6604224443435669, 0.7508943676948547, 9.126962652317161e-08, -0.7508944272994995, 0.6604224443435669),
            ["LeftUpperLeg"] = CFrame.new(-5.960464477539063e-08, 4.842877388000488e-08, 8.940696716308594e-08, 0.9667034149169922, -0.06956423074007034, 0.2462625503540039, 0.10389398038387299, 0.986152172088623, -0.12926748394966125, -0.2338598221540451, 0.15054860711097717, 0.9605439901351929),
            ["LeftLowerLeg"] = CFrame.new(6.705522537231445e-08, -0.0007266402244567871, 0.00008096545934677124, 1, 3.725290298461914e-08, 4.284084909045305e-08, -2.0489098417897367e-08, 0.9000253081321716, 0.43583762645721436, 9.499491682163352e-08, -0.43583762645721436, 0.9000253677368164),
        }},
        {Time = 0.067, Data = {
            ["RightFoot"] = CFrame.new(1.8067657947540283e-07, -1.7881393432617188e-07, 1.1008523870259523e-08, 0.9897680878639221, 0.14261263608932495, 0.004564930684864521, -0.13393621146678925, 0.9175688624382019, 0.3743376135826111, 0.049196548759937286, -0.3711186349391937, 0.9272812008857727),
            ["LeftLowerArm"] = CFrame.new(0.0000014603137969970703, -1.7881393432617188e-07, 0.0000049211084842681885, 1, 1.4528633585086936e-07, -3.725290298461914e-09, -9.220092067607766e-08, 0.6107121109962463, -0.7918527722358704, -1.0803340444454079e-07, 0.7918527722358704, 0.6107120513916016),
            ["RightUpperArm"] = CFrame.new(-0.01950359344482422, -0.053484439849853516, 0.0004211515188217163, 0.54302579164505, -0.751967191696167, 0.37372225522994995, 0.41729995608329773, 0.6278700828552246, 0.6569932699203491, -0.7286862730979919, -0.2008100003004074, 0.6547453999519348),
            ["Head"] = CFrame.new(4.6566128730773926e-09, -2.384185791015625e-07, -8.381903171539307e-09, 0.998786985874176, 0.04512259364128113, -0.019714342430233955, -0.04360402375459671, 0.9964765906333923, 0.07164725661277771, 0.02287781797349453, -0.07070072740316391, 0.9972351789474487),
            ["RightHand"] = CFrame.new(2.8312206268310547e-07, 0.0000012516975402832031, -7.450580596923828e-07, 0.9950568079948425, -0.04095563292503357, 0.09046917408704758, 0.057956330478191376, 0.9792604446411133, -0.19413934648036957, -0.0806419625878334, 0.19842320680618286, 0.9767934083938599),
            ["UpperTorso"] = CFrame.new(1.043081283569336e-07, -3.2782554626464844e-07, 2.60770320892334e-08, 0.9838414788246155, -0.14771485328674316, -0.10117446631193161, 0.14175280928611755, 0.987842857837677, -0.06381820887327194, 0.10937131196260452, 0.04844513535499573, 0.9928197860717773),
            ["HumanoidRootPart"] = CFrame.new(0, 0, 0, 1, 0, 0, 0, 1, 0, 0, 0, 1),
            ["RightUpperLeg"] = CFrame.new(0, -6.51925802230835e-08, 9.143695933744311e-08, 0.9136614203453064, 0.025904685258865356, 0.4056500196456909, 0.1492796391248703, 0.9068461656570435, -0.39413943886756897, -0.3780721127986908, 0.42066505551338196, 0.8246831893920898),
            ["LeftUpperArm"] = CFrame.new(0.019235610961914062, -0.05739009380340576, 0.00038758665323257446, -0.09453841298818588, 0.3020258843898773, -0.9486005306243896, -0.4605071246623993, 0.831524670124054, 0.3106446862220764, 0.8826072812080383, 0.46620500087738037, 0.06047404929995537),
            ["RightLowerArm"] = CFrame.new(-2.682209014892578e-07, 1.7881393432617188e-07, -0.000004021450877189636, 1, -0.000013787299394607544, 0.000013738875168201048, 0.000018924474716186523, 0.5347412824630737, -0.8450159430503845, 0.000004366040229797363, 0.8450158834457397, 0.5347412824630737),
            ["LeftHand"] = CFrame.new(-0.000001344829797744751, -0.0000011920928955078125, 1.6391277313232422e-07, 0.8629317283630371, 0.30190137028694153, -0.4052208662033081, -0.4094391167163849, 0.8877114653587341, -0.2105427086353302, 0.2961563169956207, 0.3475973308086395, 0.8896448612213135),
            ["LeftFoot"] = CFrame.new(1.862645149230957e-09, -1.7881393432617188e-07, -1.4901161193847656e-08, 0.9967186450958252, 0.07178787887096405, 0.03739657253026962, -0.08040086925029755, 0.9314849972724915, 0.35478416085243225, -0.009365209378302097, -0.35662639141082764, 0.9342000484466553),
            ["LowerTorso"] = CFrame.new(-0.2264987826347351, 0.044220685958862305, 0.4229934513568878, 0.9802297949790955, 0.12234192341566086, 0.15550561249256134, -0.14351420104503632, 0.9806534051895142, 0.13312627375125885, -0.13621015846729279, -0.15281158685684204, 0.9788234829902649),
            ["RightLowerLeg"] = CFrame.new(-4.0978193283081055e-08, -0.0007260441780090332, 0.000046050008677411824, 1, 7.031489701603277e-08, -1.3445972513181914e-07, -1.862645326866641e-08, 0.925095796585083, 0.37973371148109436, 4.190951941041021e-08, -0.3797338604927063, 0.9250959157943726),
            ["LeftUpperLeg"] = CFrame.new(2.9802322387695312e-08, -1.9371509552001953e-07, 1.4901161193847656e-08, 0.9633057713508606, -0.10497856885194778, 0.24702568352222443, 0.10505691915750504, 0.9943826198577881, 0.01290120929479599, -0.2469923049211502, 0.013523907400667667, 0.968923032283783),
            ["LeftLowerLeg"] = CFrame.new(-1.1175870895385742e-07, -0.0007266402244567871, 0.00008100271224975586, 1, 1.4901161193847656e-08, 1.7229469406743192e-08, -2.980232949312267e-08, 0.9999861121177673, 0.0052730306051671505, -3.678724880273876e-08, -0.005273152608424425, 0.9999861717224121),
        }},
        {Time = 0.100, Data = {
            ["RightFoot"] = CFrame.new(1.8719583749771118e-07, 5.960464477539063e-08, 1.6596459317952394e-08, 0.9898484945297241, 0.14177121222019196, 0.010051091201603413, -0.11380921304225922, 0.7482829689979553, 0.6535440683364868, 0.0851326733827591, -0.6480536460876465, 0.7568217515945435),
            ["LeftLowerArm"] = CFrame.new(0.0000014901161193847656, -5.960464477539062e-07, 0.000004678964614868164, 1, 1.3597311010471458e-07, 3.725290298461914e-08, -1.341104507446289e-07, 0.9021049737930298, -0.4315167963504791, -9.313225746154785e-08, 0.4315168261528015, 0.9021049737930298),
            ["RightUpperArm"] = CFrame.new(-0.013120412826538086, -0.05412900447845459, 0.00935545563697815, 0.6448454260826111, -0.5226693749427795, 0.5576658248901367, 0.3329727053642273, 0.8488614559173584, 0.4105648696422577, -0.6879705786705017, -0.07906337827444077, 0.7214189767837524),
            ["Head"] = CFrame.new(-1.862645149230957e-09, -0.0000010728836059570312, -1.955777406692505e-08, 0.9929615259170532, 0.031040288507938385, -0.11429830640554428, -0.018930580466985703, 0.9942340850830078, 0.10554767400026321, 0.1169155165553093, -0.10264119505882263, 0.9878237247467041),
            ["RightHand"] = CFrame.new(2.682209014892578e-07, 0.0000013113021850585938, -6.407499313354492e-07, 0.9755922555923462, -0.17507460713386536, 0.1325470507144928, 0.19805201888084412, 0.9622341394424438, -0.1867644041776657, -0.09484358876943588, 0.20845729112625122, 0.9734219908714294),
            ["UpperTorso"] = CFrame.new(-9.313225746154785e-09, -5.662441253662109e-07, -2.8870999813079834e-08, 0.9939038157463074, -0.10953228175640106, 0.012569448910653591, 0.1100742295384407, 0.9922946691513062, -0.05687724053859711, -0.006242742761969566, 0.05791410431265831, 0.998302161693573),
            ["HumanoidRootPart"] = CFrame.new(0, 0, 0, 1, 0, 0, 0, 1, 0, 0, 0, 1),
            ["RightUpperLeg"] = CFrame.new(2.9802322387695312e-08, -3.7439167499542236e-07, 1.673470251262188e-10, 0.924475908279419, -0.03237241879105568, 0.37986382842063904, 0.1345352828502655, 0.9599881172180176, -0.24560770392417908, -0.35671380162239075, 0.27816328406333923, 0.891840934753418),
            ["LeftUpperArm"] = CFrame.new(0.025639235973358154, -0.04678606986999512, 0.009796932339668274, 0.2752512991428375, 0.30948200821876526, -0.9101965427398682, -0.3172905445098877, 0.9229620695114136, 0.21787101030349731, 0.9075039625167847, 0.22882743179798126, 0.3522421419620514),
            ["RightLowerArm"] = CFrame.new(2.980232238769531e-07, 1.7881393432617188e-07, -0.000004038214683532715, 1, -0.00001852214518294204, 0.000005685725682269549, 0.000018931928934762254, 0.8671731352806091, -0.4980068504810333, 0.000004313887075113598, 0.49800679087638855, 0.8671731352806091),
            ["LeftHand"] = CFrame.new(-0.0000014603137969970703, -0.0000010728836059570312, 1.7136335372924805e-07, 0.8538457155227661, 0.3043586015701294, -0.42227113246917725, -0.4012060761451721, 0.9016628861427307, -0.16136318445205688, 0.33163413405418396, 0.30719706416130066, 0.8919916749000549),
            ["LeftFoot"] = CFrame.new(8.009374141693115e-08, -5.960464477539063e-08, -5.960464477539063e-08, 0.9896175265312195, 0.13019713759422302, 0.06087543070316315, -0.13922156393527985, 0.7631672620773315, 0.6310256719589233, 0.03569967299699783, -0.6329491138458252, 0.7733697295188904),
            ["LowerTorso"] = CFrame.new(-0.2081906795501709, 0.15224242210388184, 0.4442623555660248, 0.9913212656974792, 0.10671860724687576, 0.07676821947097778, -0.11690299957990646, 0.9827274084091187, 0.14345958828926086, -0.06013242155313492, -0.1511889547109604, 0.9866742491722107),
            ["RightLowerLeg"] = CFrame.new(-1.862645149230957e-09, -0.0007264614105224609, 0.000046068635128904134, 1, 0, -5.494804611316795e-08, -1.1175870895385742e-08, 0.9999856948852539, 0.005356976296752691, 9.313225746154785e-10, -0.005356805399060249, 0.9999856948852539),
            ["LeftUpperLeg"] = CFrame.new(0, -5.438923835754395e-07, 0, 0.9589619040489197, -0.08933078497648239, 0.2690947353839874, 0.10728020966053009, 0.9928299784660339, -0.05272255837917328, -0.2624555826187134, 0.07942751795053482, 0.9616696834564209),
            ["LeftLowerLeg"] = CFrame.new(-7.450580596923828e-09, -0.0007262229919433594, 0.00008106976747512817, 1, -7.450582373280668e-09, -2.0954757928848267e-09, -1.4901162970204496e-08, 0.9999861717224121, 0.005276521667838097, 2.3283067140944524e-10, -0.005276594776660204, 0.9999861121177673),
        }},
        {Time = 0.133, Data = {
            ["RightFoot"] = CFrame.new(1.9185245037078857e-07, -5.960464477539063e-08, 5.198671715334058e-08, 0.9900181293487549, 0.14010876417160034, -0.015292694792151451, -0.10072700679302216, 0.7792587876319885, 0.6185541749000549, 0.09858184307813644, -0.6108399033546448, 0.7855933308601379),
            ["LeftLowerArm"] = CFrame.new(0.0000011324882507324219, -4.76837158203125e-07, 0.000004947185516357422, 1, 1.4901161193847656e-07, 1.2479723920932884e-07, -1.601874828338623e-07, 0.9962083697319031, -0.08699954301118851, -1.1175870895385742e-07, 0.08699962496757507, 0.9962083697319031),
            ["RightUpperArm"] = CFrame.new(-0.003657817840576172, -0.05225169658660889, -0.004666253924369812, 0.7200179100036621, -0.35990503430366516, 0.5933316946029663, 0.3252369165420532, 0.930295467376709, 0.169621080160141, -0.6130214333534241, 0.07084327191114426, 0.7868838310241699),
            ["Head"] = CFrame.new(-7.450580596923828e-09, -5.960464477539062e-07, -4.284083843231201e-08, 0.9814319610595703, 0.007206699810922146, -0.19167567789554596, -0.0023207238409668207, 0.9996669292449951, 0.02570314146578312, 0.19179707765579224, -0.0247811246663332, 0.9811217188835144),
            ["RightHand"] = CFrame.new(2.5331974029541016e-07, 0.0000010132789611816406, -8.046627044677734e-07, 0.9386216998100281, -0.3057864010334015, 0.15963679552078247, 0.33134743571281433, 0.9279233813285828, -0.17078393697738647, -0.09590741991996765, 0.21319691836833954, 0.9722906351089478),
            ["UpperTorso"] = CFrame.new(2.1420419216156006e-08, 0, -1.3271346688270569e-08, 0.9911884069442749, -0.0749892070889473, 0.10918862372636795, 0.07020506262779236, 0.9964235424995422, 0.047025058418512344, -0.11232438683509827, -0.038945138454437256, 0.9929081201553345),
            ["HumanoidRootPart"] = CFrame.new(0, 0, 0, 1, 0, 0, 0, 1, 0, 0, 0, 1),
            ["RightUpperLeg"] = CFrame.new(1.1920928955078125e-07, -4.284083843231201e-08, 3.509194357320666e-08, 0.9529494643211365, -0.002427454572170973, 0.3031195402145386, 0.08395761996507645, 0.9629614353179932, -0.25623518228530884, -0.29127034544944763, 0.2696281373500824, 0.9178573489189148),
            ["LeftUpperArm"] = CFrame.new(0.0352441668510437, -0.03432118892669678, -0.003533504903316498, 0.6747075319290161, 0.32097455859184265, -0.6646389365196228, -0.37548667192459106, 0.9245241284370422, 0.06530610471963882, 0.6354364156723022, 0.20550066232681274, 0.7443051934242249),
            ["RightLowerArm"] = CFrame.new(1.4901161193847656e-07, 2.384185791015625e-07, -0.000003859400749206543, 1, -0.0000193864107131958, -2.942979335784912e-07, 0.00001888862061605323, 0.9782888293266296, -0.20724625885486603, 0.000004239380814397009, 0.2072463035583496, 0.9782888293266296),
            ["LeftHand"] = CFrame.new(-0.0000015050172805786133, -0.0000011920928955078125, 2.905726432800293e-07, 0.8961825370788574, 0.17373019456863403, -0.4082576632499695, -0.25120967626571655, 0.9571406841278076, -0.1441374272108078, 0.36571943759918213, 0.23173174262046814, 0.9014155864715576),
            ["LeftFoot"] = CFrame.new(4.470348358154297e-08, -1.7881393432617188e-07, 4.190951585769653e-08, 0.9919120669364929, 0.12346936762332916, -0.02942493185400963, -0.08582653105258942, 0.8232383728027344, 0.5611705183982849, 0.09351106733083725, -0.5541063547134399, 0.8271770477294922),
            ["LowerTorso"] = CFrame.new(-0.19125458598136902, 0.1953415870666504, 0.4744233787059784, 0.9956604838371277, 0.09194204956293106, -0.01438868883997202, -0.09059811383485794, 0.9929890036582947, 0.07592716813087463, 0.021268710494041443, -0.0742940753698349, 0.9970095753669739),
            ["RightLowerLeg"] = CFrame.new(-7.078051567077637e-08, -0.000726163387298584, 0.000046109613322187215, 1, 1.3038519597330378e-08, -5.564652383327484e-08, -1.4901161193847656e-08, 0.9887893199920654, 0.14931771159172058, 7.031485438346863e-08, -0.149317666888237, 0.9887892603874207),
            ["LeftUpperLeg"] = CFrame.new(0, -7.82310962677002e-08, -2.7939677238464355e-08, 0.9749307632446289, -0.07098951935768127, 0.21088044345378876, 0.07989286631345749, 0.9962237477302551, -0.033993225544691086, -0.20767085254192352, 0.04998886212706566, 0.9769206643104553),
            ["LeftLowerLeg"] = CFrame.new(-5.587935447692871e-08, -0.0007265210151672363, 0.00008095800876617432, 1, 1.25728565336658e-08, 1.3387762010097504e-09, 5.587936335871291e-09, 0.9999861717224121, 0.005268835462629795, -2.176966695799365e-08, -0.005268885288387537, 0.9999861717224121),
        }},
        {Time = 0.167, Data = {
            ["RightFoot"] = CFrame.new(1.6577541828155518e-07, -1.7881393432617188e-07, 3.708555595949292e-08, 0.9920703768730164, -0.11694015562534332, -0.04605858400464058, 0.12555018067359924, 0.9389598965644836, 0.3202992081642151, 0.005791297182440758, -0.3235419988632202, 0.9461960792541504),
            ["LeftLowerArm"] = CFrame.new(0.000001519918441772461, -5.960464477539063e-08, 0.00000502169132232666, 1, 1.657754324924099e-07, 1.564621925354004e-07, -1.4249236812702293e-07, 0.9995907545089722, -0.02860702946782112, -1.1920930376163597e-07, 0.028607014566659927, 0.9995908141136169),
            ["RightUpperArm"] = CFrame.new(0.00462263822555542, -0.052237868309020996, -0.041429899632930756, 0.728480339050293, -0.2717978358268738, 0.628842294216156, 0.3664965033531189, 0.9301464557647705, -0.022539198398590088, -0.5787891745567322, 0.24688775837421417, 0.7772061824798584),
            ["Head"] = CFrame.new(5.587935447692871e-09, -4.76837158203125e-07, 7.497146725654602e-08, 0.9759392142295837, -0.02170301228761673, -0.2169598937034607, 0.014623508788645267, 0.999308705329895, -0.03418312221765518, 0.2175518125295639, 0.030187837779521942, 0.9755818843841553),
            ["RightHand"] = CFrame.new(1.7881393432617188e-07, 8.344650268554688e-07, -9.164214134216309e-07, 0.9365206956863403, -0.3251655697822571, 0.13113398849964142, 0.3445318043231964, 0.9228415489196777, -0.17222535610198975, -0.06501424312591553, 0.20647256076335907, 0.9762900471687317),
            ["UpperTorso"] = CFrame.new(3.725290298461914e-09, 0.000001043081283569336, 1.424923539161682e-07, 0.9861865043640137, -0.035643670707941055, 0.1617579460144043, 0.013374623842537403, 0.9905192255973816, 0.13672184944152832, -0.16509772837162018, -0.13266979157924652, 0.9773133993148804),
            ["HumanoidRootPart"] = CFrame.new(0, 0, 0, 1, 0, 0, 0, 1, 0, 0, 0, 1),
            ["RightUpperLeg"] = CFrame.new(0, 6.933696568012238e-07, 7.46731529943645e-08, 0.9993125796318054, -0.02850550226867199, -0.02370576001703739, 0.01605057157576084, 0.9090149402618408, -0.4164544343948364, 0.033420201390981674, 0.41578754782676697, 0.9088475108146667),
            ["LeftUpperArm"] = CFrame.new(0.04376131296157837, -0.024502873420715332, -0.040453195571899414, 0.7485547661781311, 0.3869478702545166, -0.5384581685066223, -0.4213279187679291, 0.904621958732605, 0.06435863673686981, 0.5120043158531189, 0.1786915361881256, 0.8401910066604614),
            ["RightLowerArm"] = CFrame.new(0, 2.980232238769531e-07, -0.000003978610038757324, 1, -0.000019274657461210154, -0.0000023366883397102356, 0.00001887977123260498, 0.9947580099105835, -0.10225774347782135, 0.000004250556230545044, 0.10225771367549896, 0.9947580099105835),
            ["LeftHand"] = CFrame.new(-0.0000011101365089416504, -0.0000012516975402832031, 8.009374141693115e-08, 0.8944316506385803, 0.1254693865776062, -0.42924240231513977, -0.1747029572725296, 0.9815971851348877, -0.07711081206798553, 0.4116685092449188, 0.14396034181118011, 0.8998915553092957),
            ["LeftFoot"] = CFrame.new(-5.6927092373371124e-08, -1.1920928955078125e-07, -4.7497451305389404e-08, 0.990520715713501, 0.1367221176624298, 0.013257636688649654, -0.11939586699008942, 0.8092148900032043, 0.575252890586853, 0.06792156398296356, -0.5713828802108765, 0.8178682327270508),
            ["LowerTorso"] = CFrame.new(-0.1770155280828476, 0.2069239616394043, 0.501721203327179, 0.9935715794563293, 0.06075822561979294, -0.09552016109228134, -0.059689734131097794, 0.9981188178062439, 0.014006473124027252, 0.09619148820638657, -0.008214863948523998, 0.995328962802887),
            ["RightLowerLeg"] = CFrame.new(-5.029141902923584e-08, -0.0007264614105224609, 0.00004607608570950106, 1, 8.940700979565008e-08, -3.8184239770089334e-08, -5.960465188081798e-08, 0.7967922687530518, 0.6042529344558716, 5.7742006731587026e-08, -0.6042534112930298, 0.7967926263809204),
            ["LeftUpperLeg"] = CFrame.new(-5.960464477539063e-08, 4.745088517665863e-07, 1.7881393432617188e-07, 0.994396984577179, -0.02908734604716301, 0.10162972658872604, 0.05733385309576988, 0.9561126232147217, -0.2873353660106659, -0.0888117104768753, 0.29155221581459045, 0.9524231553077698),
            ["LeftLowerLeg"] = CFrame.new(2.6659108698368073e-08, -0.0007261037826538086, 0.00008100830018520355, 1, 4.319009860864753e-08, 1.0710213160791682e-08, -2.805609256029129e-08, 0.910957396030426, 0.41250044107437134, 7.275957614183426e-09, -0.41250061988830566, 0.9109574556350708),
        }},
        {Time = 0.200, Data = {
            ["RightFoot"] = CFrame.new(1.5459954738616943e-07, -2.384185791015625e-07, -5.790934665128589e-08, 0.9873436689376831, -0.13106860220432281, -0.08929473906755447, 0.14939139783382416, 0.9576356410980225, 0.24620382487773895, 0.053242214024066925, -0.2564273476600647, 0.9650958776473999),
            ["LeftLowerArm"] = CFrame.new(0.0000014603137969970703, -5.960464477539063e-08, 0.000004526227712631226, 1, 1.527369164477932e-07, 1.3411047916633834e-07, -1.341104365337742e-07, 0.9870101809501648, -0.16065818071365356, -1.639127589214695e-07, 0.1606581062078476, 0.9870101809501648),
            ["RightUpperArm"] = CFrame.new(0.006775319576263428, -0.05279421806335449, -0.06640063971281052, 0.4800601601600647, -0.23849205672740936, 0.8441941142082214, 0.4406450390815735, 0.8976763486862183, 0.0030237555038183928, -0.75853431224823, 0.37053826451301575, 0.5360291004180908),
            ["Head"] = CFrame.new(-1.83936208486557e-08, -7.152557373046875e-07, 5.3172698244452477e-08, 0.9850091338157654, -0.046183742582798004, -0.16620521247386932, 0.03656691685318947, 0.9975003600120544, -0.060464732348918915, 0.16858233511447906, 0.05348064377903938, 0.9842356443405151),
            ["RightHand"] = CFrame.new(2.384185791015625e-07, 0.0000011920928955078125, -6.94766640663147e-07, 0.9617640972137451, -0.23828986287117004, 0.13500972092151642, 0.260702520608902, 0.9475920796394348, -0.1846715211868286, -0.08392884582281113, 0.21280799806118011, 0.9734828472137451),
            ["UpperTorso"] = CFrame.new(-3.3527612686157227e-08, -5.066394805908203e-07, -1.4901161193847656e-08, 0.9903971552848816, 0.015476077795028687, 0.1373830884695053, -0.041559744626283646, 0.9810804724693298, 0.18908731639385223, -0.13185757398605347, -0.19298118352890015, 0.9723023772239685),
            ["HumanoidRootPart"] = CFrame.new(0, 0, 0, 1, 0, 0, 0, 1, 0, 0, 0, 1),
            ["RightUpperLeg"] = CFrame.new(-2.9802322387695312e-08, -3.166496753692627e-08, 2.438173396512866e-08, 0.9768334627151489, -0.08766742050647736, -0.19522006809711456, 0.0006025638431310654, 0.9133619666099548, -0.40714821219444275, 0.2140001654624939, 0.3975982069969177, 0.8922552466392517),
            ["LeftUpperArm"] = CFrame.new(0.04617345333099365, -0.017299771308898926, -0.06603614240884781, 0.7130683064460754, 0.5176271796226501, -0.47285887598991394, -0.45148196816444397, 0.8550243377685547, 0.2551426589488983, 0.5363746881484985, 0.03155316784977913, 0.8433900475502014),
            ["RightLowerArm"] = CFrame.new(0, -1.7881393432617188e-07, -0.000004172325134277344, 1, -0.000019229950339649804, 0.0000025853514671325684, 0.000018917025954579003, 0.937512218952179, -0.3479524552822113, 0.000004317611910664709, 0.3479524850845337, 0.937512218952179),
            ["LeftHand"] = CFrame.new(-0.0000013648532330989838, -0.0000010132789611816406, 2.1047890186309814e-07, 0.8581700325012207, 0.13185004889965057, -0.4961443543434143, -0.2222248762845993, 0.9666233062744141, -0.12749770283699036, 0.4627746045589447, 0.219670370221138, 0.8588278293609619),
            ["LeftFoot"] = CFrame.new(-3.3527612686157227e-08, -5.960464477539063e-08, 7.450580596923828e-09, 0.9993159174919128, 0.03108261525630951, 0.020038854330778122, -0.03673971816897392, 0.7724403142929077, 0.6340238451957703, 0.004228308331221342, -0.6343264579772949, 0.7730539441108704),
            ["LowerTorso"] = CFrame.new(-0.1645221710205078, 0.19073104858398438, 0.5237715840339661, 0.99007248878479, 0.02046952210366726, -0.13905930519104004, -0.02359209768474102, 0.9995044469833374, -0.020843686535954475, 0.13856373727321625, 0.023917462676763535, 0.9900646805763245),
            ["RightLowerLeg"] = CFrame.new(1.4901161193847656e-08, -0.0007264614105224609, 0.00004610588803188875, 1, 1.2107199154343107e-07, 1.5832483768463135e-08, -3.3527616238870905e-08, 0.7323517203330994, 0.6809263825416565, 3.81842291119483e-08, -0.6809266209602356, 0.7323518395423889),
            ["LeftUpperLeg"] = CFrame.new(0, -8.475035429000854e-08, -2.2351741790771484e-08, 0.9890192151069641, -0.08730990439653397, -0.11923984438180923, 0.031363021582365036, 0.912451982498169, -0.4079801142215729, 0.1444212943315506, 0.399760365486145, 0.9051708579063416),
            ["LeftLowerLeg"] = CFrame.new(1.0291114449501038e-07, -0.0007265210151672363, 0.00008099526166915894, 1, 4.7963112592697144e-08, 6.303891098013992e-08, -4.563479905073109e-08, 0.858271062374115, 0.5131967663764954, 2.2118909370760775e-08, -0.5131967663764954, 0.8582710027694702),
        }},
        {Time = 0.233, Data = {
            ["RightFoot"] = CFrame.new(1.19674950838089e-07, -5.960464477539063e-08, -5.045876605436206e-08, 0.9937133193016052, -0.030051186680793762, -0.10784615576267242, 0.059471495449543, 0.9578396081924438, 0.28108078241348267, 0.09485259652137756, -0.28572767972946167, 0.9536051750183105),
            ["LeftLowerArm"] = CFrame.new(0.0000011622905731201172, -3.5762786865234375e-07, 0.000004775822162628174, 1, 5.960465188081798e-08, 8.195640788244418e-08, -8.940698847936801e-08, 0.8928084969520569, -0.4504365921020508, -8.195640788244418e-08, 0.450436532497406, 0.8928085565567017),
            ["RightUpperArm"] = CFrame.new(0.012239515781402588, -0.0585026741027832, -0.08924558758735657, 0.0538569875061512, -0.33301469683647156, 0.9413823485374451, 0.5549814701080322, 0.7937138676643372, 0.24902617931365967, -0.8301175832748413, 0.5090378522872925, 0.22756394743919373),
            ["Head"] = CFrame.new(3.166496753692627e-08, -0.0000010728836059570312, -7.008202373981476e-08, 0.992811918258667, -0.06391946226358414, -0.10118798166513443, 0.05605912208557129, 0.9953204393386841, -0.07870709151029587, 0.1057453453540802, 0.07246875762939453, 0.9917490482330322),
            ["RightHand"] = CFrame.new(3.5762786865234375e-07, 0.0000013113021850585938, -6.780028343200684e-07, 0.9685161709785461, -0.1915636956691742, 0.15899558365345, 0.22086988389492035, 0.955862283706665, -0.19376203417778015, -0.11486025154590607, 0.22277919948101044, 0.9680789113044739),
            ["UpperTorso"] = CFrame.new(5.587935447692871e-09, -5.960464477539063e-08, 6.705522537231445e-08, 0.9929214119911194, 0.06498555839061737, 0.0994182750582695, -0.08622128516435623, 0.9700638651847839, 0.2270287126302719, -0.08168841153383255, -0.23399364948272705, 0.9688003659248352),
            ["HumanoidRootPart"] = CFrame.new(0, 0, 0, 1, 0, 0, 0, 1, 0, 0, 0, 1),
            ["RightUpperLeg"] = CFrame.new(2.9802322387695312e-08, -3.3760443329811096e-07, 2.438173396512866e-08, 0.9891966581344604, -0.059409040957689285, -0.13401757180690765, 0.008148405700922012, 0.9350712299346924, -0.35436660051345825, 0.14636839926242828, 0.34944581985473633, 0.9254531860351562),
            ["LeftUpperArm"] = CFrame.new(0.05228954553604126, -0.008597135543823242, -0.08996598422527313, 0.7603358626365662, 0.6335390210151672, -0.14323952794075012, -0.5736141800880432, 0.7583975195884705, 0.30951616168022156, 0.30472299456596375, -0.15317201614379883, 0.9400436878204346),
            ["RightLowerArm"] = CFrame.new(2.384185791015625e-07, 5.960464477539062e-07, -0.000003866851329803467, 1, -0.000014573337466572411, 0.000012949111805937719, 0.000019006431102752686, 0.5818160176277161, -0.813320517539978, 0.0000043138861656188965, 0.8133205771446228, 0.5818160176277161),
            ["LeftHand"] = CFrame.new(-0.0000011082738637924194, -0.0000010132789611816406, 2.682209014892578e-07, 0.8287783861160278, -0.0023991914931684732, -0.5595714449882507, -0.15214590728282928, 0.9613519906997681, -0.22946445643901825, 0.5384959578514099, 0.2753119170665741, 0.7963830232620239),
            ["LeftFoot"] = CFrame.new(-1.862645149230957e-08, -1.1920928955078125e-07, -1.862645149230957e-08, 0.9948773980140686, 0.013014611788094044, -0.10024738311767578, 0.051234014332294464, 0.7899600863456726, 0.6110137701034546, 0.08714369684457779, -0.613020122051239, 0.7852469086647034),
            ["LowerTorso"] = CFrame.new(-0.15247149765491486, 0.15518808364868164, 0.5440248250961304, 0.9857988953590393, -0.020467516034841537, -0.16667841374874115, 0.013280694372951984, 0.9989380836486816, -0.04411901533603668, 0.1674043834209442, 0.04127886891365051, 0.9850238561630249),
            ["RightLowerLeg"] = CFrame.new(2.0489096641540527e-08, -0.0007263422012329102, 0.00004608353629009798, 1, 1.0710213160791682e-07, -1.4435501682896756e-08, -4.9360089349193004e-08, 0.7470901608467102, 0.6647226214408875, 9.26665819633854e-08, -0.6647228002548218, 0.7470902800559998),
            ["LeftUpperLeg"] = CFrame.new(2.9802322387695312e-08, -4.6100467443466187e-07, -5.21540641784668e-08, 0.979284405708313, -0.10644666105508804, -0.17225320637226105, 0.010519895702600479, 0.8762730360031128, -0.4817001521587372, 0.20221619307994843, 0.4699091613292694, 0.8592403531074524),
            ["LeftLowerLeg"] = CFrame.new(8.754432201385498e-08, -0.0007265806198120117, 0.00008088722825050354, 1, 5.355104093496266e-08, -6.228221050008642e-09, -8.288770914077759e-08, 0.8212200403213501, 0.5706114172935486, -1.5366822481155396e-08, -0.5706116557121277, 0.8212202191352844),
        }},
        {Time = 0.267, Data = {
            ["RightFoot"] = CFrame.new(2.7939677238464355e-07, -5.960464477539063e-08, -8.026108844205737e-08, 0.9973191022872925, 0.010604950599372387, -0.0724034234881401, 0.013326792046427727, 0.9465731978416443, 0.32221364974975586, 0.07195217162370682, -0.3223147690296173, 0.9438941478729248),
            ["LeftLowerArm"] = CFrame.new(0.0000014901161193847656, -5.960464477539063e-08, 0.000004895031452178955, 1, 1.788139627478813e-07, 1.4901164746561335e-08, -4.4703490686970326e-08, 0.6500096321105957, -0.7599260210990906, -1.0244549741855735e-07, 0.7599259614944458, 0.6500095725059509),
            ["RightUpperArm"] = CFrame.new(0.02706664800643921, -0.07135796546936035, -0.10155638307332993, -0.012330855242908001, -0.3883638381958008, 0.921423614025116, 0.750700056552887, 0.6051234006881714, 0.26509496569633484, -0.6605281829833984, 0.694981575012207, 0.28408294916152954),
            ["Head"] = CFrame.new(-3.2974639907479286e-08, -2.384185791015625e-07, -2.270699042128399e-07, 0.9948322176933289, -0.08309709280729294, -0.05834313854575157, 0.07586051523685455, 0.9902466535568237, -0.11686258018016815, 0.06748498976230621, 0.11183250695466995, 0.9914329051971436),
            ["RightHand"] = CFrame.new(5.140900611877441e-07, 9.5367431640625e-07, -7.152557373046875e-07, 0.9953261613845825, -0.029048796743154526, 0.09209880977869034, 0.04892474412918091, 0.9739199876785278, -0.22155442833900452, -0.08326102048158646, 0.22502492368221283, 0.9707890748977661),
            ["UpperTorso"] = CFrame.new(4.470348358154297e-08, 2.9802322387695312e-08, -9.872019290924072e-08, 0.990269660949707, 0.11617092788219452, 0.07661832123994827, -0.13274338841438293, 0.9538179636001587, 0.26946377754211426, -0.041776061058044434, -0.27701225876808167, 0.9599578380584717),
            ["HumanoidRootPart"] = CFrame.new(0, 0, 0, 1, 0, 0, 0, 1, 0, 0, 0, 1),
            ["RightUpperLeg"] = CFrame.new(-2.9802322387695312e-08, 1.0989606380462646e-07, -6.875052349641919e-08, 0.9974647164344788, -0.03263801336288452, -0.06323722749948502, 0.01016648206859827, 0.9448643922805786, -0.32730406522750854, 0.07043320685625076, 0.32583117485046387, 0.942800760269165),
            ["LeftUpperArm"] = CFrame.new(0.06906425952911377, 0.007114052772521973, -0.1040073111653328, 0.670686662197113, 0.7386360168457031, 0.06779447197914124, -0.6688275933265686, 0.562709391117096, 0.48582708835601807, 0.3207007944583893, -0.37118062376976013, 0.8714218735694885),
            ["RightLowerArm"] = CFrame.new(6.854534149169922e-07, 1.1920928955078125e-07, -0.000004127621650695801, 1, -0.000007495283171010669, 0.000018045308024738915, 0.00001898035225167405, 0.1660158783197403, -0.9861230850219727, 0.000004336237452662317, 0.9861231446266174, 0.16601581871509552),
            ["LeftHand"] = CFrame.new(-0.0000014677643775939941, -0.000001430511474609375, 4.3213367462158203e-07, 0.8332968950271606, 0.025996897369623184, -0.5522137880325317, -0.20609194040298462, 0.9414948225021362, -0.2666715085506439, 0.5129741430282593, 0.3360235393047333, 0.7899027466773987),
