return {
    ["Social Climber"] = {
        {Time = 0.000, Data = {
            ["LeftFoot"] = CFrame.new(-3.725290298461914e-08, 0, 1.862645149230957e-08, 0.9948076605796814, 0.05449192598462105, 0.0859554335474968, -0.008073505014181137, 0.884174108505249, -0.4670878052711487, -0.10145209729671478, 0.4639686644077301, 0.8800231218338013),
            ["LeftLowerArm"] = CFrame.new(0, 1.7881393432617188e-07, -3.725290298461914e-08, 1, -8.242204074804249e-08, 1.2386590242385864e-07, 7.82310962677002e-08, -0.38409262895584106, -0.9232946634292603, 1.2898817658424377e-07, 0.9232945442199707, -0.38409242033958435),
            ["LowerTorso"] = CFrame.new(-0.0003590612323023379, -0.11965250968933105, -0.06257878988981247, 0.9997235536575317, -0.00028197962092235684, 0.02351478300988674, 0.001636397442780435, 0.998338520526886, -0.05759923905134201, -0.023459473624825478, 0.0576217882335186, 0.9980628490447998),
            ["Head"] = CFrame.new(-1.1641532182693481e-09, -1.1920928955078125e-07, -2.1973391994833946e-09, 0.9983971118927002, 0.012552640400826931, -0.055188607424497604, -0.021603824570775032, 0.9857861995697021, -0.1666099727153778, 0.05231276899576187, 0.16753533482551575, 0.984477162361145),
            ["RightUpperArm"] = CFrame.new(0, -1.1920928955078125e-07, -1.30385160446167e-08, 0.9810489416122437, 0.016490140929818153, -0.19305741786956787, 0.009242902509868145, 0.9912548661231995, 0.1316377818584442, 0.1935397833585739, -0.13092754781246185, 0.9723170399665833),
            ["UpperTorso"] = CFrame.new(3.7834979593753815e-10, 2.980232238769531e-07, 2.0743755158036947e-08, 1, 0.0000664342733216472, -0.0002347856789128855, -0.00004891472781309858, 0.9972696304321289, 0.07384718954563141, 0.0002390519221080467, -0.07384717464447021, 0.9972696304321289),
            ["HumanoidRootPart"] = CFrame.new(0, 0, 0, 1, 0, 0, 0, 1, 0, 0, 0, 1),
            ["RightHand"] = CFrame.new(-1.4528632164001465e-07, -1.1920928955078125e-07, -1.9371509552001953e-07, 0.5537207126617432, -0.22123776376247406, 0.8027748465538025, 0.5515043139457703, 0.8197410106658936, -0.15449132025241852, -0.6238880753517151, 0.5282788276672363, 0.5759211778640747),
            ["LeftUpperArm"] = CFrame.new(-2.384185791015625e-07, -1.1920928955078125e-07, -5.587935447692871e-09, 0.9947022199630737, -0.03767646849155426, 0.0956452414393425, 0.025430643931031227, 0.9916831851005554, 0.1261659562587738, -0.09960326552391052, -0.1230652779340744, 0.9873875379562378),
            ["RightLowerArm"] = CFrame.new(1.1920928955078125e-07, -1.7881393432617188e-07, 7.450580596923828e-09, 1, -6.938352470342579e-08, 1.1734664440155029e-07, 8.288771624620495e-08, -0.3760068714618683, -0.9266168475151062, 1.1152589252105827e-07, 0.9266168475151062, -0.37600696086883545),
            ["LeftHand"] = CFrame.new(4.470348358154297e-08, -5.960464477539063e-08, 2.691522240638733e-07, 0.594755232334137, 0.30532106757164, -0.7436700463294983, -0.5618333220481873, 0.8195141553878784, -0.11287051439285278, 0.5749865770339966, 0.4849492311477661, 0.6589499115943909),
            ["RightUpperLeg"] = CFrame.new(0, 2.362648956477642e-07, 2.9038346838206053e-08, 0.9936236143112183, 0.025637269020080566, -0.10979504138231277, -0.05306243896484375, 0.9655507206916809, -0.2547476887702942, 0.09948164969682693, 0.2589492201805115, 0.9607542753219604),
            ["LeftUpperLeg"] = CFrame.new(2.9802322387695312e-08, 1.7946877051144838e-07, 3.725290298461914e-08, 0.9884874224662781, -0.006383706349879503, 0.15116845071315765, 0.02799774892628193, 0.9895725846290588, -0.14128805696964264, -0.14869019389152527, 0.14389382302761078, 0.978358805179596),
            ["RightLowerLeg"] = CFrame.new(1.1175870895385742e-08, -5.960464477539063e-08, 1.6596459317952394e-08, 1, -1.0430814256778831e-07, -4.284085264316673e-08, 1.043081283569336e-07, 0.7245082855224609, 0.6892659664154053, -3.91155481338501e-08, -0.6892661452293396, 0.7245084643363953),
            ["RightFoot"] = CFrame.new(9.313225746154785e-10, 3.5762786865234375e-07, -1.1343217920511961e-08, 0.9897873401641846, -0.06922978162765503, -0.12461278587579727, 0.01334422081708908, 0.9153140783309937, -0.4025192856788635, 0.141926109790802, 0.3967459499835968, 0.9068902730941772),
            ["LeftLowerLeg"] = CFrame.new(-2.2351741790771484e-08, -2.384185791015625e-07, 4.470348358154297e-08, 1, 4.4703490686970326e-08, 4.097820394122209e-08, -5.3085386753082275e-08, 0.7752290964126587, 0.6316803097724915, 1.0244548320770264e-08, -0.6316801905632019, 0.7752290368080139),
        }},
        {Time = 0.033, Data = {
            ["LeftFoot"] = CFrame.new(-9.313225746154785e-10, 5.960464477539063e-08, 1.862645149230957e-08, 0.994084358215332, 0.056968577206134796, 0.0924711525440216, 0.0006854254752397537, 0.848090648651123, -0.5298508405685425, -0.10860881209373474, 0.5267796516418457, 0.843034565448761),
            ["LeftLowerArm"] = CFrame.new(-1.1920928955078125e-07, 0, -1.4901161193847656e-08, 1, -7.130438461899757e-08, 1.0104846381864263e-07, 8.475034718458119e-08, -0.1659306138753891, -0.9861374497413635, 1.218577239114893e-07, 0.9861374497413635, -0.16593068838119507),
            ["LowerTorso"] = CFrame.new(-0.00042117724660784006, -0.16784751415252686, -0.0580209344625473, 0.9998568892478943, -0.0003565749793779105, 0.016919974237680435, 0.0014028233708813787, 0.9980836510658264, -0.06186361610889435, -0.01686549000442028, 0.061878494918346405, 0.9979411959648132),
            ["Head"] = CFrame.new(6.984919309616089e-10, 3.5762786865234375e-07, 6.737536750733852e-09, 0.9980844259262085, 0.013140417635440826, -0.06045567989349365, -0.022060856223106384, 0.9885389804840088, -0.14934536814689636, 0.05780033767223358, 0.15039308369159698, 0.9869352579116821),
            ["RightUpperArm"] = CFrame.new(1.1920928955078125e-07, 5.960464477539062e-07, -2.7939677238464355e-09, 0.9754000902175903, 0.0009139657486230135, -0.22044022381305695, -0.0004271941725164652, 0.9999974370002747, 0.0022558821365237236, 0.22044169902801514, -0.002106203930452466, 0.9753979444503784),
            ["UpperTorso"] = CFrame.new(0, 2.9802322387695312e-08, -1.4036231732461601e-08, 0.999999463558197, -0.00024304422549903393, -0.0011017933720722795, 0.0003332081832922995, 0.996583878993988, 0.08258691430091858, 0.0010779607109725475, -0.08258722722530365, 0.9965833425521851),
            ["HumanoidRootPart"] = CFrame.new(0, 0, 0, 1, 0, 0, 0, 1, 0, 0, 0, 1),
            ["RightHand"] = CFrame.new(-4.284083843231201e-08, 1.1920928955078125e-07, -3.166496753692627e-07, 0.5135449171066284, -0.1860555112361908, 0.8376486897468567, 0.627310574054718, 0.7474697828292847, -0.21856573224067688, -0.5854512453079224, 0.6377086639404297, 0.5005733370780945),
            ["LeftUpperArm"] = CFrame.new(-3.5762786865234375e-07, 5.960464477539062e-07, -6.51925802230835e-09, 0.9934666156768799, -0.010837364010512829, 0.11360754817724228, 0.005449807271361351, 0.998850405216217, 0.04762639105319977, -0.11399306356906891, -0.04669608548283577, 0.9923835396766663),
            ["RightLowerArm"] = CFrame.new(1.1920928955078125e-07, -1.7881393432617188e-07, -1.4901161193847656e-08, 1, -8.13452061265707e-08, 9.825451030565091e-08, 8.684583718832073e-08, -0.10612514615058899, -0.9943527579307556, 8.443021926041183e-08, 0.9943528175354004, -0.10612521320581436),
            ["LeftHand"] = CFrame.new(-1.387670636177063e-07, 0, 1.0617077350616455e-07, 0.5511314272880554, 0.3221355378627777, -0.7697293758392334, -0.6444259285926819, 0.7503263354301453, -0.14739812910556793, 0.5300654768943787, 0.5772688388824463, 0.6211205124855042),
            ["RightUpperLeg"] = CFrame.new(0, 2.0170409698039293e-07, -2.3115717340260744e-08, 0.9937498569488525, 0.021666735410690308, -0.10950742661952972, -0.054303184151649475, 0.9509178996086121, -0.30464136600494385, 0.0975320041179657, 0.30868375301361084, 0.946151077747345),
            ["LeftUpperLeg"] = CFrame.new(0, 1.9962317310273647e-07, -1.1175870895385742e-08, 0.9883792996406555, 0.0023882200475782156, 0.15198928117752075, 0.03007768839597702, 0.9770349264144897, -0.2109460085630417, -0.14900264143943787, 0.21306614577770233, 0.9656091928482056),
            ["RightLowerLeg"] = CFrame.new(3.5390257835388184e-08, 2.384185791015625e-07, -3.183231456205249e-08, 1, -9.685756907629184e-08, -5.0291429687376876e-08, 1.0803341865539551e-07, 0.6459652781486511, 0.7633665800094604, -5.587935447692871e-08, -0.7633669376373291, 0.6459656953811646),
            ["RightFoot"] = CFrame.new(-5.3551048040390015e-08, 2.384185791015625e-07, 3.5579432733356953e-09, 0.990172803401947, -0.0752098336815834, -0.11790425330400467, 0.009583513252437115, 0.877587616443634, -0.47932031750679016, 0.1395207941532135, 0.4734801948070526, 0.8696842193603516),
            ["LeftLowerLeg"] = CFrame.new(2.9802322387695312e-08, -1.7881393432617188e-07, 5.960464477539063e-08, 1, 6.332995639013461e-08, 3.166497464235363e-08, -6.239861249923706e-08, 0.673783004283905, 0.7389290928840637, 3.725290298461914e-08, -0.7389292120933533, 0.6737833619117737),
        }},
        {Time = 0.067, Data = {
            ["LeftFoot"] = CFrame.new(-2.421438694000244e-08, -5.960464477539063e-08, -4.842877388000488e-08, 0.99407559633255, 0.057946689426898956, 0.09195691347122192, 0.0022812189999967813, 0.8347247838973999, -0.5506625771522522, -0.10866793245077133, 0.5476099848747253, 0.8296473622322083),
            ["LeftLowerArm"] = CFrame.new(-1.7881393432617188e-07, -2.980232238769531e-07, -1.1292286217212677e-08, 1, -8.102506399154663e-08, 6.984919309616089e-08, 8.300412446260452e-08, 0.19104981422424316, -0.981580376625061, 7.874041330069304e-08, 0.981580376625061, 0.19104993343353271),
            ["LowerTorso"] = CFrame.new(-0.0010524265235289931, -0.18648874759674072, -0.05201892554759979, 0.9999693632125854, -0.000602918618824333, 0.007804353255778551, 0.0010979966027662158, 0.9979756474494934, -0.06358823925256729, -0.007750214543193579, 0.06359484791755676, 0.9979457855224609),
            ["Head"] = CFrame.new(8.731149137020111e-11, -1.1920928955078125e-07, 1.0726580512709916e-08, 0.9976674914360046, 0.015253658406436443, -0.06653492897748947, -0.022303245961666107, 0.9940589666366577, -0.1065332368016243, 0.06451462209224701, 0.10776879638433456, 0.992080569267273),
            ["RightUpperArm"] = CFrame.new(1.1920928955078125e-07, -1.1920928955078125e-07, -2.3283064365386963e-09, 0.9747130870819092, -0.02294214628636837, -0.22227907180786133, 0.0019331909716129303, 0.9955441951751709, -0.09427616000175476, 0.22345149517059326, 0.09146249294281006, 0.970414400100708),
            ["UpperTorso"] = CFrame.new(-1.4551915228366852e-11, -8.940696716308594e-08, 2.4087967176456004e-08, 0.9999966621398926, -0.0002754323941189796, -0.0026005010586231947, 0.0005092791398055851, 0.9959094524383545, 0.09035636484622955, 0.002564975991845131, -0.09035737812519073, 0.9959061741828918),
            ["HumanoidRootPart"] = CFrame.new(0, 0, 0, 1, 0, 0, 0, 1, 0, 0, 0, 1),
            ["RightHand"] = CFrame.new(-4.0978193283081055e-08, 0, -1.7508864402770996e-07, 0.4895576536655426, -0.1887696534395218, 0.8512926697731018, 0.6660701036453247, 0.7110254168510437, -0.22537457942962646, -0.5627467036247253, 0.6773544549942017, 0.4738216698169708),
            ["LeftUpperArm"] = CFrame.new(-1.1920928955078125e-07, -2.384185791015625e-07, 3.259629011154175e-09, 0.9944450259208679, 0.03472663089632988, 0.09936392307281494, -0.032868146896362305, 0.9992539286613464, -0.0202806256711483, -0.09999404847621918, 0.016902053728699684, 0.9948444962501526),
            ["RightLowerArm"] = CFrame.new(5.960464477539063e-08, 4.172325134277344e-07, 6.984919309616089e-08, 1, -5.35510338295353e-08, 6.798654084150257e-08, 8.568166975919667e-08, 0.19936113059520721, -0.9799261093139648, 7.485504482929173e-08, 0.9799261093139648, 0.19936122000217438),
            ["LeftHand"] = CFrame.new(-1.1920928955078125e-07, 5.960464477539063e-08, -3.5762786865234375e-07, 0.5952656865119934, 0.2676176130771637, -0.7576540112495422, -0.6287363767623901, 0.7422676682472229, -0.23179621994495392, 0.5003491640090942, 0.6143448948860168, 0.6101073026657104),
            ["RightUpperLeg"] = CFrame.new(-2.9802322387695312e-08, -6.883055903017521e-08, 1.2507371138781309e-08, 0.9944712519645691, 0.021760523319244385, -0.10272955149412155, -0.05515987053513527, 0.9407051205635071, -0.33471083641052246, 0.08935470879077911, 0.33852681517601013, 0.9367045164108276),
            ["LeftUpperLeg"] = CFrame.new(8.940696716308594e-08, -1.5852856449782848e-07, 1.1175870895385742e-08, 0.9868751168251038, 0.007988673634827137, 0.1612876057624817, 0.030503997579216957, 0.9715726375579834, -0.23476828634738922, -0.1585780531167984, 0.23660695552825928, 0.9585772156715393),
            ["RightLowerLeg"] = CFrame.new(-3.166496753692627e-08, 1.1920928955078125e-07, -3.55576048605144e-08, 1, -1.303851746570217e-07, -4.842879164357328e-08, 1.2293457984924316e-07, 0.6053702235221863, 0.7959436774253845, -5.21540641784668e-08, -0.7959440350532532, 0.605370819568634),
            ["RightFoot"] = CFrame.new(-1.5366822481155396e-08, 3.5762786865234375e-07, 1.3802491594105959e-08, 0.990200936794281, -0.07600975781679153, -0.11715281754732132, 0.008061465807259083, 0.8686125874519348, -0.49542608857154846, 0.1394176483154297, 0.4896271526813507, 0.8607138991355896),
            ["LeftLowerLeg"] = CFrame.new(3.3527612686157227e-08, -1.1920928955078125e-07, 3.725290298461914e-08, 1, 7.450581307466564e-08, 3.72529100900465e-08, -6.70552182668871e-08, 0.6353565454483032, 0.7722189426422119, 5.122273449842396e-08, -0.7722189426422119, 0.6353566646575928),
        }},
        {Time = 0.100, Data = {
            ["LeftFoot"] = CFrame.new(-4.190951585769653e-08, 1.7881393432617188e-07, -1.1175870895385742e-08, 0.9940385818481445, 0.059371769428253174, 0.09144613891839981, 0.0017772784922271967, 0.8297942876815796, -0.5580665469169617, -0.10901498049497604, 0.5549021363258362, 0.8247420787811279),
            ["LeftLowerArm"] = CFrame.new(-5.960464477539063e-08, 0, 0, 1, -7.823108916227284e-08, 4.0978193283081055e-08, 8.684582297746601e-08, 0.4498656094074249, -0.8930962681770325, 4.516913776342335e-08, 0.8930962681770325, 0.44986557960510254),
            ["LowerTorso"] = CFrame.new(-0.0030582528561353683, -0.19328343868255615, -0.04639270901679993, 0.9999960660934448, -0.0012506741331890225, -0.0025190459564328194, 0.001086925738491118, 0.9979500770568848, -0.0639881044626236, 0.0025939103215932846, 0.06398510932922363, 0.9979475140571594),
            ["Head"] = CFrame.new(-5.820766091346741e-10, -2.384185791015625e-07, -6.162736099213362e-09, 0.9968955516815186, 0.020407484844326973, -0.07604529708623886, -0.02404523454606533, 0.9985945820808411, -0.047232095152139664, 0.07497451454401016, 0.04891408234834671, 0.9959850907325745),
            ["RightUpperArm"] = CFrame.new(1.1920928955078125e-07, -2.384185791015625e-07, 7.916241884231567e-09, 0.9770785570144653, -0.040391985327005386, -0.20901218056678772, 0.006617316976189613, 0.9871225953102112, -0.15982897579669952, 0.21277643740177155, 0.15478232502937317, 0.9647635221481323),
            ["UpperTorso"] = CFrame.new(-4.2928149923682213e-10, -1.4901161193847656e-07, 1.7796082829590887e-08, 0.9999896883964539, -0.0007712439401075244, -0.004494177643209696, 0.001236136071383953, 0.9945369362831116, 0.1043778508901596, 0.00438912445679307, -0.10438230633735657, 0.9945275783538818),
            ["HumanoidRootPart"] = CFrame.new(0, 0, 0, 1, 0, 0, 0, 1, 0, 0, 0, 1),
            ["RightHand"] = CFrame.new(2.9802322387695312e-08, -5.960464477539063e-08, -2.2351741790771484e-08, 0.5007082223892212, -0.3538036346435547, 0.7900090217590332, 0.7357003688812256, 0.6548348665237427, -0.1730210781097412, -0.45611000061035156, 0.6678429841995239, 0.5881747007369995),
            ["LeftUpperArm"] = CFrame.new(-1.1920928955078125e-07, -3.5762786865234375e-07, 3.259629011154175e-09, 0.996396541595459, 0.07536273449659348, 0.038915134966373444, -0.07195824384689331, 0.9939892292022705, -0.08250777423381805, -0.04489922896027565, 0.07941018790006638, 0.9958303570747375),
            ["RightLowerArm"] = CFrame.new(1.7881393432617188e-07, -8.344650268554688e-07, -9.685754776000977e-08, 1, -9.406356582530861e-08, 4.0978189730367376e-08, 7.823108916227284e-08, 0.4372866749763489, -0.8993222117424011, 2.0721925508837558e-08, 0.8993222117424011, 0.43728652596473694),
            ["LeftHand"] = CFrame.new(1.5273690223693848e-07, 0, -2.3096799850463867e-07, 0.75529545545578, 0.4781164228916168, -0.44825565814971924, -0.6260121464729309, 0.7287718653678894, -0.27748942375183105, 0.194004088640213, 0.4902001917362213, 0.849744975566864),
            ["RightUpperLeg"] = CFrame.new(5.960464477539063e-08, -1.6705598682165146e-08, 1.673470251262188e-10, 0.995387852191925, 0.024195289239287376, -0.09283117204904556, -0.055413030087947845, 0.9349245429039001, -0.35049334168434143, 0.07830982655286789, 0.3540208041667938, 0.9319532513618469),
            ["LeftUpperLeg"] = CFrame.new(2.9802322387695312e-08, -5.5762939155101776e-08, 1.210719347000122e-08, 0.9850552082061768, 0.011400201357901096, 0.17186133563518524, 0.03118167072534561, 0.9695162177085876, -0.24303515255451202, -0.16939295828342438, 0.24476198852062225, 0.9546715021133423),
            ["RightLowerLeg"] = CFrame.new(3.5390257835388184e-08, 2.980232238769531e-07, 9.85528458841145e-08, 1, -1.266598843585598e-07, -4.8428795196286956e-08, 1.210719347000122e-07, 0.5895126461982727, 0.8077589869499207, -5.774199962615967e-08, -0.807759165763855, 0.5895128846168518),
            ["RightFoot"] = CFrame.new(4.7963112592697144e-08, 2.384185791015625e-07, 3.5579432733356953e-09, 0.9901362061500549, -0.07560191303491592, -0.11796017736196518, 0.006963635794818401, 0.8674371242523193, -0.49749788641929626, 0.13993488252162933, 0.4917696416378021, 0.8594074845314026),
            ["LeftLowerLeg"] = CFrame.new(-6.332993507385254e-08, -2.384185791015625e-07, -1.341104507446289e-07, 1, 7.078052988163108e-08, 1.1175873559921001e-08, -6.239861249923706e-08, 0.6216307282447815, 0.7833105325698853, 4.6566128730773926e-09, -0.7833105325698853, 0.6216306686401367),
        }},
        {Time = 0.133, Data = {
            ["LeftFoot"] = CFrame.new(1.1175870895385742e-08, 1.7881393432617188e-07, 4.0978193283081055e-08, 0.9939403533935547, 0.06108585745096207, 0.09138456732034683, -0.0022489738184958696, 0.8424932360649109, -0.5387024283409119, -0.10989798605442047, 0.535232424736023, 0.8375253081321716),
            ["LeftLowerArm"] = CFrame.new(-1.1920928955078125e-07, -5.960464477539063e-08, 2.9802322387695312e-08, 1, -7.217748532184487e-08, 3.725290653733282e-08, 7.031486148889599e-08, 0.6643326282501221, -0.7474371790885925, 2.3283067918100642e-08, 0.7474370002746582, 0.6643325686454773),
            ["LowerTorso"] = CFrame.new(-0.006913516670465469, -0.17512726783752441, -0.0430460125207901, 0.9999191164970398, -0.0022145071998238564, -0.012526506558060646, 0.001408085459843278, 0.9979473948478699, -0.0640234500169754, 0.01264257449656725, 0.06400063633918762, 0.9978697896003723),
            ["Head"] = CFrame.new(3.4924596548080444e-10, -2.384185791015625e-07, -4.598405212163925e-09, 0.9957796931266785, 0.026553522795438766, -0.08785118907690048, -0.0250175092369318, 0.999515175819397, 0.01853962242603302, 0.08830086886882782, -0.016263486817479134, 0.99596107006073),
            ["RightUpperArm"] = CFrame.new(0, -1.1920928955078125e-07, -1.4901161193847656e-08, 0.9904510974884033, -0.08186118304729462, -0.11093000322580338, 0.060577742755413055, 0.981205940246582, -0.18320871889591217, 0.12384284287691116, 0.17473948001861572, 0.9767953753471375),
            ["UpperTorso"] = CFrame.new(5.238689482212067e-10, 8.940696716308594e-08, 1.1801603250205517e-08, 0.9999734163284302, -0.00048095063539221883, -0.0072847153060138226, 0.0012889389181509614, 0.993783712387085, 0.11132119596004486, 0.007185894530266523, -0.1113276258111, 0.9937577843666077),
            ["HumanoidRootPart"] = CFrame.new(0, 0, 0, 1, 0, 0, 0, 1, 0, 0, 0, 1),
            ["RightHand"] = CFrame.new(5.21540641784668e-08, 1.1920928955078125e-07, -1.341104507446289e-07, 0.5640365481376648, -0.5062046051025391, 0.6523953676223755, 0.7683008313179016, 0.6112505793571472, -0.18996429443359375, -0.3026164770126343, 0.6083828806877136, 0.7336851954460144),
            ["LeftUpperArm"] = CFrame.new(5.960464477539063e-08, -1.1920928955078125e-07, 1.30385160446167e-08, 0.9928503632545471, 0.1002313494682312, -0.06482134014368057, -0.10705965012311935, 0.9878960251808167, -0.11224865168333054, 0.05278588458895683, 0.1183859333395958, 0.991563618183136),
            ["RightLowerArm"] = CFrame.new(1.1920928955078125e-07, 5.960464477539063e-08, 0, 1, -5.960463056453591e-08, 1.3038517820973539e-08, 6.891787052154541e-08, 0.6878882050514221, -0.7258167862892151, 3.4458935260772705e-08, 0.7258166670799255, 0.6878881454467773),
            ["LeftHand"] = CFrame.new(-2.9802322387695312e-08, 3.5762786865234375e-07, 1.9371509552001953e-07, 0.809781551361084, 0.48481544852256775, -0.33046627044677734, -0.5644629001617432, 0.7974241375923157, -0.21329878270626068, 0.16011129319667816, 0.3592614531517029, 0.9193997383117676),
            ["RightUpperLeg"] = CFrame.new(0, 4.3422915041446686e-07, -2.6266206987202168e-09, 0.9962621331214905, 0.02786288410425186, -0.08176472783088684, -0.05370832979679108, 0.9411502480506897, -0.33369410037994385, 0.06765523552894592, 0.33683809638023376, 0.9391288161277771),
            ["LeftUpperLeg"] = CFrame.new(0, 2.2246968001127243e-07, -6.51925802230835e-09, 0.9832586050033569, 0.008457724936306477, 0.1820192039012909, 0.03193860873579979, 0.9754581451416016, -0.2178564816713333, -0.1793946772813797, 0.22002267837524414, 0.9588574767112732),
            ["RightLowerLeg"] = CFrame.new(1.862645149230957e-08, 1.7881393432617188e-07, -5.418405635282397e-08, 1, -1.1175872316471214e-07, -4.4703494239684005e-08, 1.1734664440155029e-07, 0.6253644824028015, 0.7803324460983276, -5.587935447692871e-08, -0.7803328037261963, 0.6253650784492493),
            ["RightFoot"] = CFrame.new(2.2351741790771484e-08, 4.172325134277344e-07, -7.094786269590259e-08, 0.9902780652046204, -0.07289934158325195, -0.1184702143073082, 0.008173142559826374, 0.8806971907615662, -0.47360923886299133, 0.13886207342147827, 0.4680367112159729, 0.8727308511734009),
            ["LeftLowerLeg"] = CFrame.new(-1.1175870895385742e-08, 1.1920928955078125e-07, -5.21540641784668e-08, 1, 6.705523958316917e-08, 3.539026138810186e-08, -7.171183824539185e-08, 0.6596147418022156, 0.751603901386261, 1.7695128917694092e-08, -0.751603901386261, 0.6596148014068604),
        }},
        {Time = 0.167, Data = {
            ["LeftFoot"] = CFrame.new(-1.5832483768463135e-08, -1.7881393432617188e-07, -1.1175870895385742e-08, 0.9937529563903809, 0.06278983503580093, 0.09226308017969131, -0.013648285530507565, 0.8888845443725586, -0.4579281806945801, -0.1107645258307457, 0.4538081884384155, 0.8841885328292847),
            ["LeftLowerArm"] = CFrame.new(-1.1920928955078125e-07, -2.384185791015625e-07, -2.9802322387695312e-08, 1, -6.33299421792799e-08, 0, 5.4016702222270396e-08, 0.8724120259284973, -0.4887712001800537, 8.381902283360887e-09, 0.4887712597846985, 0.8724120855331421),
            ["LowerTorso"] = CFrame.new(-0.012586907483637333, -0.11276960372924805, -0.041472434997558594, 0.9998212456703186, -0.004001467023044825, -0.018478691577911377, 0.0029135243967175484, 0.9982813000679016, -0.058531504124403, 0.01868114434182644, 0.05846720561385155, 0.9981145262718201),
            ["Head"] = CFrame.new(1.6298145055770874e-09, 0, -4.3655745685100555e-09, 0.992885947227478, 0.0335097461938858, -0.11425738781690598, -0.02466428652405739, 0.9966505765914917, 0.0779704600572586, 0.11648748070001602, -0.07459758222103119, 0.9903867244720459),
            ["RightUpperArm"] = CFrame.new(-5.960464477539063e-08, -2.384185791015625e-07, -1.6763806343078613e-08, 0.9937715530395508, -0.1114182099699974, -0.002032131189480424, 0.10942338407039642, 0.9791051745414734, -0.17140497267246246, 0.021087273955345154, 0.17011494934558868, 0.9851986169815063),
            ["UpperTorso"] = CFrame.new(-2.9103830456733704e-11, -1.1920928955078125e-07, 8.352799341082573e-09, 0.9999251365661621, 0.0015683344099670649, -0.012142844498157501, -0.0003362269198987633, 0.9949055314064026, 0.10081181675195694, 0.012239089235663414, -0.10080018639564514, 0.994831383228302),
            ["HumanoidRootPart"] = CFrame.new(0, 0, 0, 1, 0, 0, 0, 1, 0, 0, 0, 1),
            ["RightHand"] = CFrame.new(-4.284083843231201e-08, 0, 7.450580596923828e-08, 0.5272040963172913, -0.5303359031677246, 0.6639276146888733, 0.7576287984848022, 0.647172212600708, -0.08465737104415894, -0.3847784996032715, 0.547642171382904, 0.7429894208908081),
            ["LeftUpperArm"] = CFrame.new(1.1920928955078125e-07, -1.1920928955078125e-07, 0, 0.9723495841026306, 0.09369970858097076, -0.21390844881534576, -0.12493874877691269, 0.9825882315635681, -0.13751617074012756, 0.19729867577552795, 0.1604391634464264, 0.9671258926391602),
            ["RightLowerArm"] = CFrame.new(1.1920928955078125e-07, 1.7881393432617188e-07, -3.725290298461914e-08, 1, -5.02914261346632e-08, 1.6763806343078613e-08, 4.330650327233343e-08, 0.8762795925140381, -0.4818029999732971, 2.7939681679356454e-09, 0.48180311918258667, 0.8762796521186829),
            ["LeftHand"] = CFrame.new(1.341104507446289e-07, -2.980232238769531e-07, 2.9802322387695312e-08, 0.6820842623710632, 0.3147122859954834, -0.6600888967514038, -0.49547842144966125, 0.8627700209617615, -0.10064342617988586, 0.5378310084342957, 0.3957071006298065, 0.7444149255752563),
            ["RightUpperLeg"] = CFrame.new(-5.960464477539063e-08, 2.1257437765598297e-07, 1.227454049512744e-08, 0.9967705011367798, 0.032930221408605576, -0.07324065268039703, -0.05036319047212601, 0.9667391180992126, -0.2507571280002594, 0.06254711002111435, 0.25363582372665405, 0.9652754068374634),
            ["LeftUpperLeg"] = CFrame.new(0, 2.630986273288727e-07, 7.450580596923828e-09, 0.9823266863822937, -0.008448373526334763, 0.18698376417160034, 0.0328591950237751, 0.9912503361701965, -0.12784002721309662, -0.18426765501499176, 0.13172480463981628, 0.9740093350410461),
            ["RightLowerLeg"] = CFrame.new(1.862645149230957e-08, 1.7881393432617188e-07, -1.3205863069742918e-08, 1, -1.0430815677864302e-07, -3.725290298461914e-08, 1.0430814256778831e-07, 0.7568646669387817, 0.6535711884498596, -3.166497108963995e-08, -0.6535717248916626, 0.7568650245666504),
            ["RightFoot"] = CFrame.new(3.4458935260772705e-08, 2.384185791015625e-07, -9.480572771281004e-09, 0.9906976819038391, -0.06741611659526825, -0.11820875853300095, 0.015801945701241493, 0.9197756052017212, -0.39212626218795776, 0.1351611316204071, 0.38661083579063416, 0.9122849106788635),
            ["LeftLowerLeg"] = CFrame.new(2.2351741790771484e-08, 0, 7.450580596923828e-09, 1, 4.4703494239684005e-08, 2.421439049271612e-08, -5.308539385850963e-08, 0.7903875708580017, 0.6126070022583008, 1.1175872671742582e-08, -0.6126070618629456, 0.7903876900672913),
        }},
        {Time = 0.200, Data = {
            ["LeftFoot"] = CFrame.new(7.450580596923828e-09, -5.960464477539063e-08, -5.960464477539063e-08, 0.9934030771255493, 0.06552693247795105, 0.09410956501960754, -0.02472195029258728, 0.923738956451416, -0.3822239935398102, -0.11197860538959503, 0.3773759603500366, 0.9192650318145752),
            ["LeftLowerArm"] = CFrame.new(-2.384185791015625e-07, 5.364418029785156e-07, -5.960464477539063e-08, 1, -4.470347647611561e-08, -5.587933316064664e-08, 2.9802318834981634e-08, 0.9686509966850281, -0.24842554330825806, 1.862644971595273e-08, 0.24842555820941925, 0.9686510562896729),
            ["LowerTorso"] = CFrame.new(-0.01848761923611164, -0.06858181953430176, -0.04156435281038284, 0.9998565316200256, -0.007271987851709127, -0.015306247398257256, 0.00646582804620266, 0.9986222982406616, -0.05207483470439911, 0.01566384732723236, 0.05196838825941086, 0.9985259175300598),
            ["Head"] = CFrame.new(-9.313225746154785e-10, -2.384185791015625e-07, 1.0011717677116394e-08, 0.9890065789222717, 0.038042888045310974, -0.14289416372776031, -0.021292757242918015, 0.9929072260856628, 0.11697040498256683, 0.14633049070835114, -0.11264175921678543, 0.9828017950057983),
            ["RightUpperArm"] = CFrame.new(1.1920928955078125e-07, -2.384185791015625e-07, 3.725290298461914e-09, 0.9918088316917419, -0.1240495815873146, -0.03044671006500721, 0.1174788773059845, 0.9794750809669495, -0.1637902706861496, 0.0501399002969265, 0.15887172520160675, 0.9860252141952515),
            ["UpperTorso"] = CFrame.new(6.984919309616089e-10, 8.940696716308594e-08, -6.373738870024681e-09, 0.9997336268424988, 0.007594723254442215, -0.021795107051730156, -0.00571937020868063, 0.996377170085907, 0.08485215902328491, 0.022360576316714287, -0.08470490574836731, 0.9961551427841187),
            ["HumanoidRootPart"] = CFrame.new(0, 0, 0, 1, 0, 0, 0, 1, 0, 0, 0, 1),
            ["RightHand"] = CFrame.new(-1.4528632164001465e-07, -4.76837158203125e-07, -1.30385160446167e-08, 0.4787002205848694, -0.6084505915641785, 0.6329569220542908, 0.670030415058136, 0.7190479636192322, 0.1844700127840042, -0.5673671960830688, 0.33579450845718384, 0.7518884539604187),
            ["LeftUpperArm"] = CFrame.new(-3.5762786865234375e-07, -1.1920928955078125e-07, 0, 0.894222617149353, 0.049325283616781235, -0.4448966681957245, -0.14540359377861023, 0.972019612789154, -0.1844879686832428, 0.42334818840026855, 0.22966282069683075, 0.8763739466667175),
            ["RightLowerArm"] = CFrame.new(-2.9802322387695312e-08, 0, 9.685754776000977e-08, 1, -2.607702498380604e-08, -1.8626447051417472e-09, 9.313225746154785e-09, 0.9363598227500916, -0.3510417640209198, 2.421438694000244e-08, 0.35104167461395264, 0.9363598823547363),
            ["LeftHand"] = CFrame.new(5.960464477539063e-08, -2.384185791015625e-07, 1.1920928955078125e-07, 0.444085031747818, 0.22763694822788239, -0.8665853142738342, -0.4612826108932495, 0.8872470855712891, -0.0033215403091162443, 0.7681190967559814, 0.40121570229530334, 0.4990178346633911),
            ["RightUpperLeg"] = CFrame.new(0, 2.4796463549137115e-08, -5.420588422566652e-09, 0.99655681848526, 0.036813367158174515, -0.07429179549217224, -0.048998866230249405, 0.9843065738677979, -0.16952770948410034, 0.06688500940799713, 0.17258405685424805, 0.9827212691307068),
            ["LeftUpperLeg"] = CFrame.new(-5.960464477539063e-08, -7.194466888904572e-08, 1.30385160446167e-08, 0.9832413196563721, -0.02420627512037754, 0.18069474399089813, 0.03355071321129799, 0.9982430338859558, -0.04883761703968048, -0.1791950911283493, 0.05408160388469696, 0.9823259711265564),
            ["RightLowerLeg"] = CFrame.new(-1.862645149230957e-08, 3.5762786865234375e-07, -1.6931153368204832e-08, 1, -7.636847243475131e-08, -2.5145718396402117e-08, 7.82310962677002e-08, 0.8564115166664124, 0.516293466091156, -2.3283064365386963e-08, -0.5162938237190247, 0.8564118146896362),
            ["RightFoot"] = CFrame.new(6.05359673500061e-09, 2.980232238769531e-07, -9.480572771281004e-09, 0.9912329316139221, -0.062358442693948746, -0.11648470163345337, 0.02237820066511631, 0.948117196559906, -0.3171323537826538, 0.1302170306444168, 0.31174570322036743, 0.9412004947662354),
            ["LeftLowerLeg"] = CFrame.new(-1.30385160446167e-08, -1.1920928955078125e-07, -1.4901161193847656e-08, 1, 5.5879368687783426e-08, -2.6077035641947077e-08, -4.470348358154297e-08, 0.8828607797622681, 0.4696349799633026, 8.381903171539307e-09, -0.4696350395679474, 0.8828607201576233),
        }},
        {Time = 0.233, Data = {
            ["LeftFoot"] = CFrame.new(-2.514570951461792e-08, -1.1920928955078125e-07, -1.862645149230957e-08, 0.9925780296325684, 0.06969378888607025, 0.0996582955121994, -0.03304486721754074, 0.943226158618927, -0.3305034637451172, -0.11703447252511978, 0.3247571289539337, 0.9385284781455994),
            ["LeftLowerArm"] = CFrame.new(2.682209014892578e-07, -4.76837158203125e-07, -3.4458935260772705e-08, 1, -2.980232594040899e-08, -1.08033368917404e-07, 2.7474015951156616e-08, 0.9636982679367065, -0.26699385046958923, 3.3527612686157227e-08, 0.26699399948120117, 0.9636982679367065),
            ["LowerTorso"] = CFrame.new(-0.023808740079402924, -0.04286789894104004, -0.041735388338565826, 0.9998725652694702, -0.015705063939094543, 0.0028672609478235245, 0.01581570692360401, 0.9989135265350342, -0.04383637756109238, -0.002175692468881607, 0.04387613758444786, 0.9990347027778625),
            ["Head"] = CFrame.new(3.4924596548080444e-09, 0, 1.3969838619232178e-09, 0.9832627177238464, 0.04018131643533707, -0.1777077317237854, -0.015476938337087631, 0.9902729392051697, 0.13827534019947052, 0.18153519928455353, -0.13321049511432648, 0.9743202924728394),
            ["RightUpperArm"] = CFrame.new(-5.960464477539063e-08, 1.1920928955078125e-07, 3.725290298461914e-09, 0.9663919806480408, -0.10890837013721466, -0.23286393284797668, 0.08451292663812637, 0.9900719523429871, -0.11231716722249985, 0.2427843064069748, 0.08886227756738663, 0.9660016894340515),
            ["UpperTorso"] = CFrame.new(-7.566995918750763e-10, 8.940696716308594e-08, 3.368768375366926e-09, 0.9990500807762146, 0.021140821278095245, -0.03810692951083183, -0.01834978349506855, 0.9972243905067444, 0.0721597895026207, 0.039526667445898056, -0.0713919848203659, 0.9966648817062378),
            ["HumanoidRootPart"] = CFrame.new(0, 0, 0, 1, 0, 0, 0, 1, 0, 0, 0, 1),
            ["RightHand"] = CFrame.new(2.0116567611694336e-07, -5.960464477539063e-08, -4.470348358154297e-08, 0.3035357892513275, -0.46677979826927185, 0.8306521773338318, 0.6247421503067017, 0.7557315230369568, 0.1963862031698227, -0.7194187641143799, 0.4593328833580017, 0.5210082530975342),
            ["LeftUpperArm"] = CFrame.new(1.1920928955078125e-07, -1.1920928955078125e-07, -7.450580596923828e-09, 0.8074390888214111, 0.013082964345812798, -0.5898059606552124, -0.14479590952396393, 0.9735689163208008, -0.17662879824638367, 0.5719059705734253, 0.22801828384399414, 0.7879918813705444),
            ["RightLowerArm"] = CFrame.new(1.1920928955078125e-07, 1.7881393432617188e-07, -3.725290298461914e-08, 1, -5.2154071283894154e-08, -7.450577932388569e-09, 2.0489096641540527e-08, 0.9234201312065125, -0.3837905526161194, -1.5366822481155396e-08, 0.38379067182540894, 0.9234201908111572),
            ["LeftHand"] = CFrame.new(1.1920928955078125e-07, -2.384185791015625e-07, -5.960464477539063e-08, 0.292942076921463, 0.1925431787967682, -0.9365427494049072, -0.4313504993915558, 0.9007830023765564, 0.050268858671188354, 0.8533005118370056, 0.3892521262168884, 0.34693047404289246),
            ["RightUpperLeg"] = CFrame.new(5.960464477539063e-08, 2.3725442588329315e-07, 1.7047568690031767e-08, 0.9945152401924133, 0.0442669503390789, -0.09476222097873688, -0.05308592692017555, 0.9942813515663147, -0.09266316890716553, 0.09011838585138321, 0.09718535840511322, 0.9911779165267944),
            ["LeftUpperLeg"] = CFrame.new(8.940696716308594e-08, 3.993045538663864e-08, 1.0826624929904938e-08, 0.9873360395431519, -0.029212692752480507, 0.1559303104877472, 0.03097361885011196, 0.9994808435440063, -0.008874702267348766, -0.15559008717536926, 0.013592049479484558, 0.9877281785011292),
            ["RightLowerLeg"] = CFrame.new(-1.5832483768463135e-08, 3.5762786865234375e-07, 9.145878721028566e-09, 1, -5.5879368687783426e-08, -6.51925802230835e-09, 6.332992086299782e-08, 0.9247304201126099, 0.38062262535095215, -1.2572852092773701e-08, -0.38062289357185364, 0.9247304797172546),
            ["RightFoot"] = CFrame.new(-3.4458935260772705e-08, 4.76837158203125e-07, -5.75528247281909e-09, 0.9921590089797974, -0.05765465274453163, -0.11088930815458298, 0.02795809879899025, 0.9671415686607361, -0.25269651412963867, 0.12181480973958969, 0.2476150393486023, 0.9611702561378479),
            ["LeftLowerLeg"] = CFrame.new(8.102506399154663e-08, -5.960464477539063e-08, 7.450580596923828e-09, 1, 2.980233304583635e-08, -1.6763806343078613e-08, -3.3527612686157227e-08, 0.9273706674575806, 0.3741441071033478, 2.0954757928848267e-08, -0.37414419651031494, 0.9273706078529358),
        }},
        {Time = 0.267, Data = {
            ["LeftFoot"] = CFrame.new(-2.1420419216156006e-08, 1.1920928955078125e-07, -4.470348358154297e-08, 0.9910250902175903, 0.07483860105276108, 0.11076372861862183, -0.03565962240099907, 0.9465741515159607, -0.3205084800720215, -0.12883257865905762, 0.3136822581291199, 0.9407474994659424),
            ["LeftLowerArm"] = CFrame.new(-2.9802322387695312e-08, -5.960464477539062e-07, 2.9802322387695312e-08, 1, -2.9802322387695312e-08, 6.70552182668871e-08, 4.0978196835794733e-08, 0.8998726010322571, -0.436152845621109, -3.259629366425543e-08, 0.43615293502807617, 0.8998726606369019),
            ["LowerTorso"] = CFrame.new(-0.027698051184415817, -0.032237887382507324, -0.040930137038230896, 0.9987626075744629, -0.03092927671968937, 0.03894488513469696, 0.03225507587194443, 0.9989050626754761, -0.033887725323438644, -0.03785412013530731, 0.035101957619190216, 0.9986665844917297),
            ["Head"] = CFrame.new(-1.0011717677116394e-08, -3.5762786865234375e-07, 4.6566128730773926e-09, 0.9775465726852417, 0.03677915781736374, -0.20748509466648102, -0.008442082442343235, 0.9906951189041138, 0.1358383148908615, 0.21055050194263458, -0.13103656470775604, 0.9687610268592834),
            ["RightUpperArm"] = CFrame.new(-5.960464477539063e-08, -4.76837158203125e-07, -3.725290298461914e-09, 0.8952427506446838, -0.08070970326662064, -0.43820804357528687, 0.06774430721998215, 0.9966796636581421, -0.04517059400677681, 0.4403987228870392, 0.010752536356449127, 0.897737979888916),
            ["UpperTorso"] = CFrame.new(3.4924596548080444e-10, 5.960464477539063e-08, -1.0710209608078003e-08, 0.9970223903656006, 0.04479111358523369, -0.06277091056108475, -0.040494002401828766, 0.9968541264533997, 0.06813319027423859, 0.06562519818544388, -0.06538846343755722, 0.9956997036933899),
            ["HumanoidRootPart"] = CFrame.new(0, 0, 0, 1, 0, 0, 0, 1, 0, 0, 0, 1),
            ["RightHand"] = CFrame.new(-4.470348358154297e-08, -4.76837158203125e-07, 1.4901161193847656e-08, 0.16743311285972595, -0.3756822943687439, 0.9114983081817627, 0.6385452151298523, 0.7457433938980103, 0.19007055461406708, -0.7511498928070068, 0.5502087473869324, 0.3647521436214447),
            ["LeftUpperArm"] = CFrame.new(-1.1920928955078125e-07, -5.960464477539062e-07, 1.862645149230957e-08, 0.692069411277771, 0.04409843683242798, -0.7204826474189758, -0.1807883381843567, 0.9769085645675659, -0.11386523395776749, 0.698824405670166, 0.2090574949979782, 0.6840609908103943),
            ["RightLowerArm"] = CFrame.new(-1.1920928955078125e-07, 5.364418029785156e-07, 1.1175870895385742e-08, 1, -6.705521116145974e-08, 1.4901157641133977e-08, 4.9360089349193004e-08, 0.8507784008979797, -0.5255247354507446, 1.909211100326047e-08, 0.5255246758460999, 0.850778341293335),
            ["LeftHand"] = CFrame.new(-2.384185791015625e-07, 1.1920928955078125e-07, 1.4901161193847656e-07, 0.3222372829914093, 0.1654113531112671, -0.9320956468582153, -0.49006277322769165, 0.8715624213218689, -0.014751827344298363, 0.8099392652511597, 0.4615388512611389, 0.36191192269325256),
            ["RightUpperLeg"] = CFrame.new(-5.960464477539063e-08, -1.9418075680732727e-07, -7.283233571797609e-09, 0.9882984757423401, 0.06092642992734909, -0.1398361176252365, -0.06360873579978943, 0.9978653788566589, -0.01478908397257328, 0.13863658905029297, 0.02351069450378418, 0.9900643229484558),
