return {
    ["Soda Pop"] = {
        {Time = 0.000, Data = {
            ["LeftFoot"] = CFrame.new(-8.102506399154663e-08, 5.960464477539063e-08, -7.043126970529556e-09, 0.9548882246017456, -0.2836604118347168, 0.08789452910423279, 0.29594120383262634, 0.9335203170776367, -0.20238158106803894, -0.024644194170832634, 0.21926365792751312, 0.9753544330596924),
            ["LeftLowerArm"] = CFrame.new(-2.384185791015625e-07, 1.1920928955078125e-07, -2.9802322387695312e-08, 1, 5.960465898624534e-08, -1.862644793959589e-08, 1.4156101713069802e-07, 0.5050281286239624, -0.8631027936935425, 1.0803340444454079e-07, 0.8631028532981873, 0.505028486251831),
            ["LowerTorso"] = CFrame.new(0.006413482129573822, -0.08957159519195557, 0.006995707750320435, 0.9972862005233765, -0.040272437036037445, -0.06163138896226883, 0.03676101565361023, 0.9976924061775208, -0.0570831261575222, 0.06378772109746933, 0.05466243252158165, 0.9964653849601746),
            ["Head"] = CFrame.new(1.5832483768463135e-08, 0.003905773162841797, 3.329478204250336e-08, 0.937000036239624, 0.34072577953338623, -0.07705257833003998, -0.30120885372161865, 0.8997448086738586, 0.3158046007156372, 0.17693045735359192, -0.2727000415325165, 0.945690393447876),
            ["RightUpperArm"] = CFrame.new(1.1920928955078125e-07, 0.003905773162841797, 2.5331974029541016e-07, 0.9185699224472046, -0.2824037969112396, -0.2765471637248993, 0.3577447235584259, 0.8915150761604309, 0.27788245677948, 0.16807149350643158, -0.35418787598609924, 0.9199473857879639),
            ["UpperTorso"] = CFrame.new(1.6298145055770874e-08, -0.0039061009883880615, -3.6088749766349792e-09, 0.9955158829689026, -0.06274711340665817, 0.07078846544027328, 0.06869560480117798, 0.9940112829208374, -0.08498630672693253, -0.06503153592348099, 0.08946814388036728, 0.9938643574714661),
            ["HumanoidRootPart"] = CFrame.new(0, 0, 0, 1, 0, 0, 0, 1, 0, 0, 0, 1),
            ["RightHand"] = CFrame.new(-5.960464477539063e-08, 2.384185791015625e-07, 5.960464477539063e-08, 0.8537667989730835, -0.00817434024065733, 0.5205909609794617, 0.011430188082158566, 0.9999300837516785, -0.0030473642982542515, -0.520530104637146, 0.008552691899240017, 0.8538007736206055),
            ["LeftUpperArm"] = CFrame.new(5.960464477539063e-08, 0.003905773162841797, -2.5425106287002563e-07, 0.8743157386779785, 0.42760780453681946, -0.22961574792861938, -0.1338333934545517, 0.667145311832428, 0.7328072190284729, 0.4665413796901703, -0.6099743247032166, 0.6405234932899475),
            ["RightLowerArm"] = CFrame.new(2.384185791015625e-07, 4.76837158203125e-07, 8.940696716308594e-08, 1, 0.000001013279643302667, -2.0861622829215776e-07, 0.0000011175864074175479, 0.9287405014038086, -0.370730459690094, 2.9429776304823463e-07, 0.3707306981086731, 0.9287405014038086),
            ["LeftHand"] = CFrame.new(1.043081283569336e-07, 5.960464477539063e-08, -2.9976945370435715e-08, 0.902668297290802, 0.18506643176078796, 0.38851022720336914, -0.2249457836151123, 0.9725613594055176, 0.0593625009059906, -0.36686423420906067, -0.14097818732261658, 0.9195302128791809),
            ["RightUpperLeg"] = CFrame.new(0, 4.44706529378891e-08, 3.892637323588133e-09, 0.9955774545669556, -0.07664720714092255, -0.054317839443683624, 0.07040171325206757, 0.9915648698806763, -0.10882444679737091, 0.06220175698399544, 0.10451905429363251, 0.9925758838653564),
            ["LeftUpperLeg"] = CFrame.new(2.9802322387695312e-08, 2.3632310330867767e-08, 5.587935447692871e-09, 0.9810039401054382, 0.19388450682163239, -0.006338560022413731, -0.1925060749053955, 0.9689587950706482, -0.1551131308078766, -0.023931467905640602, 0.15338699519634247, 0.9878764748573303),
            ["RightLowerLeg"] = CFrame.new(7.264316082000732e-08, -0.000003635883331298828, -0.0000133199428091757, 1, -6.33299421792799e-08, -5.587935447692871e-09, 3.539026138810186e-08, 0.8945435881614685, 0.4469800591468811, -1.3038517820973539e-08, -0.44698086380958557, 0.8945439457893372),
            ["RightFoot"] = CFrame.new(9.313225746154785e-09, 4.76837158203125e-07, 2.4047039914876223e-08, 0.9703325629234314, 0.11263047903776169, -0.21393786370754242, -0.17492172122001648, 0.937890887260437, -0.2996043562889099, 0.16690516471862793, 0.3281387388706207, 0.9297676682472229),
            ["LeftLowerLeg"] = CFrame.new(-7.636845111846924e-08, 0.000003933906555175781, 0.000013269484043121338, 1, 1.1082740059009666e-07, 3.7369321859159754e-08, -1.2060627341270447e-07, 0.9242014288902283, 0.3819052577018738, 4.6566128730773926e-08, -0.38190561532974243, 0.924201488494873),
        }},
        {Time = 0.033, Data = {
            ["LeftFoot"] = CFrame.new(-8.102506399154663e-08, 5.960464477539063e-08, -7.043126970529556e-09, 0.9548882246017456, -0.2836604118347168, 0.08789452910423279, 0.29594120383262634, 0.9335203170776367, -0.20238158106803894, -0.024644194170832634, 0.21926365792751312, 0.9753544330596924),
            ["LeftLowerArm"] = CFrame.new(-2.384185791015625e-07, 1.1920928955078125e-07, -2.9802322387695312e-08, 1, 5.960465898624534e-08, -1.862644793959589e-08, 1.4156101713069802e-07, 0.5050281286239624, -0.8631027936935425, 1.0803340444454079e-07, 0.8631028532981873, 0.505028486251831),
            ["LowerTorso"] = CFrame.new(0.006413482129573822, -0.08957159519195557, 0.006995707750320435, 0.9972862005233765, -0.040272437036037445, -0.06163138896226883, 0.03676101565361023, 0.9976924061775208, -0.0570831261575222, 0.06378772109746933, 0.05466243252158165, 0.9964653849601746),
            ["Head"] = CFrame.new(1.5832483768463135e-08, 0.003905773162841797, 3.329478204250336e-08, 0.937000036239624, 0.34072577953338623, -0.07705257833003998, -0.30120885372161865, 0.8997448086738586, 0.3158046007156372, 0.17693045735359192, -0.2727000415325165, 0.945690393447876),
            ["RightUpperArm"] = CFrame.new(1.1920928955078125e-07, 0.003905773162841797, 2.5331974029541016e-07, 0.9185699224472046, -0.2824037969112396, -0.2765471637248993, 0.3577447235584259, 0.8915150761604309, 0.27788245677948, 0.16807149350643158, -0.35418787598609924, 0.9199473857879639),
            ["UpperTorso"] = CFrame.new(1.6298145055770874e-08, -0.0039061009883880615, -3.6088749766349792e-09, 0.9955158829689026, -0.06274711340665817, 0.07078846544027328, 0.06869560480117798, 0.9940112829208374, -0.08498630672693253, -0.06503153592348099, 0.08946814388036728, 0.9938643574714661),
            ["HumanoidRootPart"] = CFrame.new(0, 0, 0, 1, 0, 0, 0, 1, 0, 0, 0, 1),
            ["RightHand"] = CFrame.new(-5.960464477539063e-08, 2.384185791015625e-07, 5.960464477539063e-08, 0.8537667989730835, -0.00817434024065733, 0.5205909609794617, 0.011430188082158566, 0.9999300837516785, -0.0030473642982542515, -0.520530104637146, 0.008552691899240017, 0.8538007736206055),
            ["LeftUpperArm"] = CFrame.new(5.960464477539063e-08, 0.003905773162841797, -2.5425106287002563e-07, 0.8743157386779785, 0.42760780453681946, -0.22961574792861938, -0.1338333934545517, 0.667145311832428, 0.7328072190284729, 0.4665413796901703, -0.6099743247032166, 0.6405234932899475),
            ["RightLowerArm"] = CFrame.new(2.384185791015625e-07, 4.76837158203125e-07, 8.940696716308594e-08, 1, 0.000001013279643302667, -2.0861622829215776e-07, 0.0000011175864074175479, 0.9287405014038086, -0.370730459690094, 2.9429776304823463e-07, 0.3707306981086731, 0.9287405014038086),
            ["LeftHand"] = CFrame.new(1.043081283569336e-07, 5.960464477539063e-08, -2.9976945370435715e-08, 0.902668297290802, 0.18506643176078796, 0.38851022720336914, -0.2249457836151123, 0.9725613594055176, 0.0593625009059906, -0.36686423420906067, -0.14097818732261658, 0.9195302128791809),
            ["RightUpperLeg"] = CFrame.new(0, 4.44706529378891e-08, 3.892637323588133e-09, 0.9955774545669556, -0.07664720714092255, -0.054317839443683624, 0.07040171325206757, 0.9915648698806763, -0.10882444679737091, 0.06220175698399544, 0.10451905429363251, 0.9925758838653564),
            ["LeftUpperLeg"] = CFrame.new(2.9802322387695312e-08, 2.3632310330867767e-08, 5.587935447692871e-09, 0.9810039401054382, 0.19388450682163239, -0.006338560022413731, -0.1925060749053955, 0.9689587950706482, -0.1551131308078766, -0.023931467905640602, 0.15338699519634247, 0.9878764748573303),
            ["RightLowerLeg"] = CFrame.new(7.264316082000732e-08, -0.000003635883331298828, -0.0000133199428091757, 1, -6.33299421792799e-08, -5.587935447692871e-09, 3.539026138810186e-08, 0.8945435881614685, 0.4469800591468811, -1.3038517820973539e-08, -0.44698086380958557, 0.8945439457893372),
            ["RightFoot"] = CFrame.new(9.313225746154785e-09, 4.76837158203125e-07, 2.4047039914876223e-08, 0.9703325629234314, 0.11263047903776169, -0.21393786370754242, -0.17492172122001648, 0.937890887260437, -0.2996043562889099, 0.16690516471862793, 0.3281387388706207, 0.9297676682472229),
            ["LeftLowerLeg"] = CFrame.new(-7.636845111846924e-08, 0.000003933906555175781, 0.000013269484043121338, 1, 1.1082740059009666e-07, 3.7369321859159754e-08, -1.2060627341270447e-07, 0.9242014288902283, 0.3819052577018738, 4.6566128730773926e-08, -0.38190561532974243, 0.924201488494873),
        }},
        {Time = 0.067, Data = {
            ["LeftFoot"] = CFrame.new(3.2188836485147476e-08, 5.960464477539063e-08, 2.514570951461792e-08, 0.9301007986068726, -0.35479241609573364, 0.0950513631105423, 0.365825891494751, 0.8716045022010803, -0.3263092637062073, 0.03292350843548775, 0.33827221393585205, 0.9404720067977905),
            ["LeftLowerArm"] = CFrame.new(-5.960464477539063e-08, -1.1920928955078125e-07, -3.5762786865234375e-07, 1, 2.533197118737007e-07, -8.493657901453844e-07, 0.0000011324889328534482, 0.20440813899040222, -0.9788858294487, 1.4901169720360485e-07, 0.9788857698440552, 0.20440787076950073),
            ["LowerTorso"] = CFrame.new(0.01101386547088623, -0.14256834983825684, 0.019542217254638672, 0.9893332719802856, -0.04748842865228653, -0.13771262764930725, 0.0382048599421978, 0.9968647956848145, -0.06928881257772446, 0.14057070016860962, 0.06328827887773514, 0.9880456924438477),
            ["Head"] = CFrame.new(-1.1175870895385742e-08, 0.00390625, -2.9802322387695312e-08, 0.9384669661521912, 0.3379549980163574, -0.07117807865142822, -0.2916947901248932, 0.8859480619430542, 0.3605695366859436, 0.1849161982536316, -0.3176201581954956, 0.930012583732605),
            ["RightUpperArm"] = CFrame.new(0, 0.003906607627868652, 7.078051567077637e-08, 0.9774943590164185, -0.07007386535406113, -0.19898372888565063, 0.13793757557868958, 0.9259610176086426, 0.35152485966682434, 0.15961822867393494, -0.3710605800151825, 0.9147873520851135),
            ["UpperTorso"] = CFrame.new(-7.450580596923828e-09, -0.003906577825546265, 1.3969838619232178e-09, 0.9925154447555542, -0.08559899777173996, 0.08709808439016342, 0.09467245638370514, 0.989847719669342, -0.10601318627595901, -0.07713855803012848, 0.11346547305583954, 0.9905428886413574),
            ["HumanoidRootPart"] = CFrame.new(0, 0, 0, 1, 0, 0, 0, 1, 0, 0, 0, 1),
            ["RightHand"] = CFrame.new(2.9802322387695312e-08, -5.960464477539063e-08, 8.940696716308594e-08, 0.8126946687698364, -0.009927846491336823, 0.5826053619384766, 0.014752179384231567, 0.9998849630355835, -0.0035402257926762104, -0.5825030207633972, 0.011472024023532867, 0.812747597694397),
            ["LeftUpperArm"] = CFrame.new(0, 0.003906607627868652, -3.166496753692627e-07, 0.9260349869728088, 0.253153532743454, -0.2799496352672577, 0.11305978894233704, 0.5216012597084045, 0.8456649780273438, 0.3601067066192627, -0.814767062664032, 0.4543994665145874),
            ["RightLowerArm"] = CFrame.new(-1.1920928955078125e-07, -3.5762786865234375e-07, 1.7881393432617188e-07, 1, 3.3527616238870905e-08, 1.4901157641133977e-08, -2.9802318834981634e-08, 0.904506266117096, -0.42646047472953796, 5.215405707303944e-08, 0.4264605641365051, 0.9045061469078064),
            ["LeftHand"] = CFrame.new(-6.705522537231445e-08, 1.1920928955078125e-07, -7.450580596923828e-08, 0.8733186721801758, 0.23873507976531982, 0.4246416389942169, -0.2957054078578949, 0.9525136351585388, 0.0726407989859581, -0.38713428378105164, -0.1890067160129547, 0.9024427533149719),
            ["RightUpperLeg"] = CFrame.new(0, -2.207234501838684e-07, -9.145878721028566e-09, 0.9822164177894592, -0.14380083978176117, -0.12071297317743301, 0.1312911957502365, 0.9856705665588379, -0.1059073954820633, 0.13421432673931122, 0.08817581087350845, 0.9870218634605408),
            ["LeftUpperLeg"] = CFrame.new(0, -2.4656765162944794e-07, -7.450580596923828e-09, 0.9601142406463623, 0.2792898118495941, 0.013357656076550484, -0.27397075295448303, 0.9492255449295044, -0.15463028848171234, -0.05586440488696098, 0.14480425417423248, 0.9878821969032288),
            ["RightLowerLeg"] = CFrame.new(-5.587935447692871e-08, -0.0000036954879760742188, -0.00001334043190581724, 1, -6.14673041354763e-08, -2.235175244891252e-08, 1.1175873737556685e-07, 0.8114396929740906, 0.5844363570213318, -5.0291429687376876e-08, -0.5844361186027527, 0.811439573764801),
            ["RightFoot"] = CFrame.new(2.2351741790771484e-08, 2.980232238769531e-07, -1.3205863069742918e-08, 0.951492965221405, 0.1408744901418686, -0.27352437376976013, -0.24821391701698303, 0.8767849802970886, -0.4118718206882477, 0.181799054145813, 0.459785521030426, 0.869221568107605),
            ["LeftLowerLeg"] = CFrame.new(-3.259629011154175e-08, 0.000003814697265625, 0.000013358891010284424, 1, 4.6566128730773926e-08, 6.984921085972928e-09, -6.146728992462158e-08, 0.8618310689926147, 0.5071960091590881, 7.450580596923828e-09, -0.5071954131126404, 0.8618307113647461),
        }},
        {Time = 0.100, Data = {
            ["LeftFoot"] = CFrame.new(1.280568540096283e-08, 1.7881393432617188e-07, 2.3283064365386963e-08, 0.9236993193626404, -0.3671799302101135, 0.10935667902231216, 0.3801160752773285, 0.842666745185852, -0.38134512305259705, 0.04786933958530426, 0.39381667971611023, 0.917941689491272),
            ["LeftLowerArm"] = CFrame.new(-1.1920928955078125e-07, 5.960464477539063e-08, 1.6391277313232422e-07, 1, 2.9802318834981634e-08, -5.8114471812587e-07, 7.45058400752896e-07, 0.008870436809957027, -0.999960720539093, 1.7136343899437634e-07, 0.999960720539093, 0.008870608173310757),
            ["LowerTorso"] = CFrame.new(0.023296870291233063, -0.16125023365020752, 0.03074517846107483, 0.9716626405715942, -0.04503875970840454, -0.2320423275232315, 0.02950357086956501, 0.9971112608909607, -0.06999047100543976, 0.23452350497245789, 0.06116093695163727, 0.9701843857765198),
            ["Head"] = CFrame.new(2.2351741790771484e-08, 0.003905773162841797, -3.725290298461914e-09, 0.9724369049072266, 0.23302212357521057, -0.008205953054130077, -0.21776379644870758, 0.9202151298522949, 0.32524287700653076, 0.08334004133939743, -0.3144911825656891, 0.945594847202301),
            ["RightUpperArm"] = CFrame.new(0, 0.0039061307907104492, 3.203749656677246e-07, 0.9913681149482727, -0.08198095113039017, -0.1023159921169281, 0.1144409254193306, 0.9218797087669373, 0.37019070982933044, 0.06397447735071182, -0.3787042796611786, 0.9233039617538452),
            ["UpperTorso"] = CFrame.new(-9.313225746154785e-09, -0.0039059817790985107, -8.032657206058502e-09, 0.9910195469856262, -0.10120633244514465, 0.08739388734102249, 0.11066783964633942, 0.9876134991645813, -0.11123115569353104, -0.07505329698324203, 0.1199038177728653, 0.9899443984031677),
            ["HumanoidRootPart"] = CFrame.new(0, 0, 0, 1, 0, 0, 0, 1, 0, 0, 0, 1),
            ["RightHand"] = CFrame.new(4.470348358154297e-08, 2.384185791015625e-07, -1.1920928955078125e-07, 0.8300829529762268, -0.02202901802957058, 0.55720454454422, 0.014285095036029816, 0.9997316002845764, 0.018242651596665382, -0.5574569702148438, -0.007183203473687172, 0.8301749229431152),
            ["LeftUpperArm"] = CFrame.new(1.1920928955078125e-07, 0.00390625, -1.862645149230957e-07, 0.915657103061676, 0.32647883892059326, -0.23448410630226135, 0.078988216817379, 0.42583173513412476, 0.9013480544090271, 0.39412298798561096, -0.8438477516174316, 0.36412757635116577),
            ["RightLowerArm"] = CFrame.new(-1.1920928955078125e-07, 0, -1.7881393432617188e-07, 1, 2.0861622829215776e-07, -2.2351753159455257e-07, 3.911554244950821e-07, 0.890175998210907, -0.45561689138412476, -7.450579886381092e-08, 0.4556167423725128, 0.890175998210907),
            ["LeftHand"] = CFrame.new(6.449408829212189e-08, -3.5762786865234375e-07, 1.8603168427944183e-07, 0.8820630311965942, 0.24053889513015747, 0.40510040521621704, -0.30324941873550415, 0.9479161500930786, 0.09744279086589813, -0.36056163907051086, -0.20879638195037842, 0.909064769744873),
            ["RightUpperLeg"] = CFrame.new(0, 2.514570951461792e-08, -1.6596459317952394e-08, 0.970074474811554, -0.17276564240455627, -0.17060531675815582, 0.1491488665342331, 0.9784523844718933, -0.14278069138526917, 0.19159875810146332, 0.11306193470954895, 0.9749397039413452),
            ["LeftUpperLeg"] = CFrame.new(0, -3.306195139884949e-08, 0, 0.953090488910675, 0.3006058931350708, 0.035431310534477234, -0.29474136233329773, 0.948336660861969, -0.11740836501121521, -0.06889210641384125, 0.10145850479602814, 0.9924514293670654),
            ["RightLowerLeg"] = CFrame.new(2.3655593395233154e-07, -0.000003635883331298828, -0.000013353470421861857, 1, -1.7881397695873602e-07, 1.4901162970204496e-08, 7.07805440924858e-08, 0.7609099745750427, 0.6488569974899292, 1.4901166522918174e-08, -0.6488574743270874, 0.7609104514122009),
            ["RightFoot"] = CFrame.new(2.9802322387695312e-08, 3.5762786865234375e-07, -1.7711863620206714e-07, 0.9405121803283691, 0.13867352902889252, -0.31017306447029114, -0.2712496221065521, 0.8562113046646118, -0.4396878778934479, 0.20459868013858795, 0.49766650795936584, 0.8428922295570374),
            ["LeftLowerLeg"] = CFrame.new(-2.1979212760925293e-07, 0.000004172325134277344, 0.000013314187526702881, 1, -3.7252898543727042e-09, -1.8626458597736928e-08, -4.097818262494002e-08, 0.8565984964370728, 0.5159832835197449, 2.9802315282267955e-08, -0.515983521938324, 0.8565987348556519),
        }},
        {Time = 0.133, Data = {
            ["LeftFoot"] = CFrame.new(-2.3283064365386963e-09, 1.1920928955078125e-07, 3.166496753692627e-08, 0.9233901500701904, -0.3645612895488739, 0.12019159644842148, 0.38050469756126404, 0.8279591798782349, -0.41194573044776917, 0.05066322535276413, 0.4261205494403839, 0.9032468199729919),
            ["LeftLowerArm"] = CFrame.new(5.960464477539063e-08, 2.384185791015625e-07, 1.1175870895385742e-08, 1, -3.427267074584961e-07, -3.7252888773764425e-07, 6.891786483720352e-07, -0.14896073937416077, -0.9888432025909424, -7.450579886381092e-08, 0.9888432025909424, -0.14896056056022644),
            ["LowerTorso"] = CFrame.new(0.048021405935287476, -0.16330599784851074, 0.04065316915512085, 0.9385200142860413, -0.04332848638296127, -0.34249618649482727, 0.02009827457368374, 0.9972676038742065, -0.07108677178621292, 0.34463930130004883, 0.05983251333236694, 0.9368259906768799),
            ["Head"] = CFrame.new(-1.1920928955078125e-07, 0.0039058923721313477, 1.4156103134155273e-07, 0.9885438680648804, 0.11087346822023392, 0.10241129249334335, -0.13556109368801117, 0.9505453705787659, 0.2794404625892639, -0.06636405736207962, -0.29012173414230347, 0.9546857476234436),
            ["RightUpperArm"] = CFrame.new(0, 0.0039064884185791016, 3.129243850708008e-07, 0.9951245188713074, -0.09840994328260422, -0.006554012652486563, 0.09349317103624344, 0.9200791120529175, 0.3804127275943756, -0.03140604868531227, -0.3791700601577759, 0.9247936010360718),
            ["UpperTorso"] = CFrame.new(2.0489096641540527e-08, -0.003905743360519409, 1.862645149230957e-09, 0.9895351529121399, -0.11653193831443787, 0.08509184420108795, 0.12599220871925354, 0.985238790512085, -0.11589165031909943, -0.07032960653305054, 0.12539927661418915, 0.9896103739738464),
            ["HumanoidRootPart"] = CFrame.new(0, 0, 0, 1, 0, 0, 0, 1, 0, 0, 0, 1),
            ["RightHand"] = CFrame.new(1.1920928955078125e-07, 1.1920928955078125e-07, 1.4901161193847656e-07, 0.8412060737609863, -0.02553713321685791, 0.5401110053062439, 0.002491832012310624, 0.9990566968917847, 0.04335402697324753, -0.5407090187072754, -0.03512364253401756, 0.8404763340950012),
            ["LeftUpperArm"] = CFrame.new(-3.5762786865234375e-07, 0.0039061307907104492, -7.82310962677002e-08, 0.896113395690918, 0.39870646595954895, -0.1949700117111206, 0.049627549946308136, 0.3465246558189392, 0.9367272257804871, 0.4410419464111328, -0.849090039730072, 0.2907384932041168),
            ["RightLowerArm"] = CFrame.new(1.1920928955078125e-07, -3.5762786865234375e-07, 1.4901161193847656e-07, 1, 6.705524242534011e-07, -2.458692165419052e-07, 7.525085266024689e-07, 0.8715996146202087, -0.49021828174591064, 1.7881390590446244e-07, 0.4902183711528778, 0.8715997338294983),
            ["LeftHand"] = CFrame.new(-5.960464477539063e-08, 1.7881393432617188e-07, -2.384185791015625e-07, 0.8953083753585815, 0.25093454122543335, 0.3680424094200134, -0.3157433271408081, 0.9403109550476074, 0.12697172164916992, -0.3142121434211731, -0.22988489270210266, 0.9210987687110901),
            ["RightUpperLeg"] = CFrame.new(1.1920928955078125e-07, 2.4866312742233276e-07, -2.4047039914876223e-08, 0.9669351577758789, -0.1673106551170349, -0.19246220588684082, 0.1317577064037323, 0.9739223122596741, -0.1847054660320282, 0.21834924817085266, 0.15323975682258606, 0.9637646079063416),
            ["LeftUpperLeg"] = CFrame.new(0, 2.8870999813079834e-07, 7.450580596923828e-09, 0.9534528255462646, 0.2962894141674042, 0.05604732036590576, -0.2928815484046936, 0.9541566967964172, -0.06168229132890701, -0.07175028324127197, 0.04239725321531296, 0.9965209364891052),
            ["RightLowerLeg"] = CFrame.new(-2.2351741790771484e-08, -0.000003516674041748047, -0.000013290140486788005, 1, -8.195638656616211e-08, 2.980232949312267e-08, 1.1175873737556685e-07, 0.7300038933753967, 0.6834425926208496, -9.685756907629184e-08, -0.6834430694580078, 0.7300043702125549),
            ["RightFoot"] = CFrame.new(-4.0978193283081055e-08, 3.5762786865234375e-07, 4.639878170564771e-08, 0.936936616897583, 0.11901076138019562, -0.32861390709877014, -0.2647061347961426, 0.8555859923362732, -0.44486257433891296, 0.2282114028930664, 0.5037947297096252, 0.8331328630447388),
            ["LeftLowerLeg"] = CFrame.new(0, 0.000003874301910400391, 0.000013336539268493652, 1, 4.470348358154297e-08, 2.9802347256691064e-08, 0, 0.8749600052833557, 0.4841947853565216, -1.4901164746561335e-08, -0.48419517278671265, 0.8749602437019348),
        }},
        {Time = 0.167, Data = {
            ["LeftFoot"] = CFrame.new(5.774199962615967e-08, 0, -3.725290298461914e-08, 0.926555871963501, -0.35235536098480225, 0.1316838264465332, 0.3742615878582001, 0.8284453749656677, -0.416659414768219, 0.03771619871258736, 0.43534359335899353, 0.8994744420051575),
            ["LeftLowerArm"] = CFrame.new(-1.7881393432617188e-07, 5.960464477539063e-08, 1.3783574104309082e-07, 1, 7.450577754752885e-08, -8.940693874137651e-08, 4.0605684148431465e-07, -0.24398629367351532, -0.9697786569595337, 2.086163561898502e-07, 0.9697786569595337, -0.24398618936538696),
            ["LowerTorso"] = CFrame.new(0.08432519435882568, -0.15687096118927002, 0.051697880029678345, 0.8848750591278076, -0.045509159564971924, -0.4636017084121704, 0.012945009395480156, 0.9972344636917114, -0.07318305969238281, 0.4656485915184021, 0.058756280690431595, 0.8830162882804871),
            ["Head"] = CFrame.new(-1.4901161193847656e-08, 0.003905773162841797, -1.4901161193847656e-08, 0.9653326869010925, -0.0008937045931816101, 0.2610214352607727, -0.06226537749171257, 0.9703376293182373, 0.23359790444374084, -0.2534877061843872, -0.24175235629081726, 0.9366429448127747),
            ["RightUpperArm"] = CFrame.new(1.1920928955078125e-07, 0.003905653953552246, 2.980232238769531e-07, 0.989705502986908, -0.11588440835475922, 0.08398903161287308, 0.07536431401968002, 0.9208766222000122, 0.38249972462654114, -0.12166884541511536, -0.3722324073314667, 0.9201303124427795),
            ["UpperTorso"] = CFrame.new(-1.4901161193847656e-08, -0.0039061009883880615, 1.862645149230957e-09, 0.9887577295303345, -0.12641537189483643, 0.07985884696245193, 0.1355738788843155, 0.9832059741020203, -0.12217250466346741, -0.06307154893875122, 0.13162541389465332, 0.9892909526824951),
            ["HumanoidRootPart"] = CFrame.new(0, 0, 0, 1, 0, 0, 0, 1, 0, 0, 0, 1),
            ["RightHand"] = CFrame.new(-3.8743019104003906e-07, 0, 0, 0.8469760417938232, -0.020911239087581635, 0.5312192440032959, -0.019846051931381226, 0.9972862005233765, 0.07089812308549881, -0.5312604904174805, -0.07059100270271301, 0.8442627787590027),
            ["LeftUpperArm"] = CFrame.new(0, 0.0039055347442626953, -1.7881393432617188e-07, 0.8719373941421509, 0.4591524004936218, -0.17001107335090637, 0.03002147376537323, 0.29644134640693665, 0.9545790553092957, 0.48869606852531433, -0.8374375104904175, 0.24469365179538727),
            ["RightLowerArm"] = CFrame.new(-1.7881393432617188e-07, 5.960464477539063e-08, -2.9802322387695312e-08, 1, 5.513432483894576e-07, -6.258492248889524e-07, 8.49365960675641e-07, 0.849677562713623, -0.5273024439811707, -1.8626447229053156e-07, 0.5273026823997498, 0.8496777415275574),
            ["LeftHand"] = CFrame.new(1.4901161193847656e-07, 1.7881393432617188e-07, 5.960464477539063e-08, 0.910436749458313, 0.2778565287590027, 0.30643168091773987, -0.33270132541656494, 0.9320772886276245, 0.1433255672454834, -0.24579405784606934, -0.23243871331214905, 0.941040575504303),
            ["RightUpperLeg"] = CFrame.new(0, -2.942979335784912e-07, -3.149762051180005e-08, 0.9754951596260071, -0.1392499804496765, -0.17034155130386353, 0.0993996411561966, 0.9696372747421265, -0.22343826293945312, 0.19628776609897614, 0.20103022456169128, 0.9597182869911194),
            ["LeftUpperLeg"] = CFrame.new(0, -2.2910535335540771e-07, -1.4901161193847656e-08, 0.9543461799621582, 0.2873392701148987, 0.08161415904760361, -0.28891268372535706, 0.9573224782943726, 0.007927125319838524, -0.07584843784570694, -0.031143978238105774, 0.9966325163841248),
            ["RightLowerLeg"] = CFrame.new(-6.705522537231445e-08, -0.000003635883331298828, -0.000013386998034548014, 1, -7.450581307466564e-08, -1.1175867342672063e-08, 7.450581307466564e-08, 0.7121078372001648, 0.702069878578186, -1.862645371275562e-09, -0.7020701169967651, 0.7121080756187439),
            ["RightFoot"] = CFrame.new(-5.587935447692871e-08, 3.5762786865234375e-07, 1.6952981241047382e-09, 0.9467151761054993, 0.08545681834220886, -0.3105299174785614, -0.2243323177099228, 0.8667781949043274, -0.44538748264312744, 0.23109601438045502, 0.49131739139556885, 0.8397626280784607),
            ["LeftLowerLeg"] = CFrame.new(2.2351741790771484e-08, 0.000004112720489501953, 0.00001325458288192749, 1, 1.1920927533992653e-07, -7.450582373280668e-09, 2.2351745343485163e-08, 0.8992551565170288, 0.4374239444732666, 1.1175872671742582e-08, -0.4374246299266815, 0.8992554545402527),
        }},
        {Time = 0.200, Data = {
            ["LeftFoot"] = CFrame.new(-3.3527612686157227e-08, 0, 2.2351741790771484e-08, 0.9300312399864197, -0.3317045271396637, 0.15815985202789307, 0.3673417568206787, 0.8509945273399353, -0.3753238618373871, -0.010100062005221844, 0.40716150403022766, 0.9133003354072571),
            ["LeftLowerArm"] = CFrame.new(-2.086162567138672e-07, 0, 2.9802322387695312e-08, 1, -3.4831461448447953e-07, -7.096674607964815e-07, 0.0000010896475259869476, -0.2862502932548523, -0.9581549763679504, -1.3038517820973539e-08, 0.9581548571586609, -0.2862500846385956),
            ["LowerTorso"] = CFrame.new(0.12748387455940247, -0.14226126670837402, 0.06592173874378204, 0.8076636791229248, -0.05307459086179733, -0.5872513651847839, 0.009715328924357891, 0.9970035552978516, -0.0767437219619751, 0.5895634889602661, 0.05627730116248131, 0.8057581186294556),
            ["Head"] = CFrame.new(1.4901161193847656e-08, 0.0039058923721313477, 7.450580596923828e-08, 0.893183708190918, -0.0757334902882576, 0.44326886534690857, -0.017101382836699486, 0.9792832732200623, 0.2017720341682434, -0.4493666887283325, -0.1877998262643814, 0.8733847141265869),
            ["RightUpperArm"] = CFrame.new(-1.7881393432617188e-07, 0.003905653953552246, 2.980232238769531e-07, 0.9780095815658569, -0.13013549149036407, 0.1629789024591446, 0.05927356332540512, 0.922659158706665, 0.3810339570045471, -0.19995994865894318, -0.36299431324005127, 0.9100830554962158),
            ["UpperTorso"] = CFrame.new(5.587935447692871e-09, -0.003906160593032837, 2.9802322387695312e-08, 0.989356517791748, -0.12741203606128693, 0.07028397172689438, 0.13602499663829803, 0.9813665151596069, -0.13571122288703918, -0.051681287586688995, 0.14382655918598175, 0.9882524013519287),
            ["HumanoidRootPart"] = CFrame.new(0, 0, 0, 1, 0, 0, 0, 1, 0, 0, 0, 1),
            ["RightHand"] = CFrame.new(-1.4901161193847656e-07, -2.384185791015625e-07, -5.960464477539063e-08, 0.8484706282615662, -0.009577910415828228, 0.529155433177948, -0.049717407673597336, 0.9939724802970886, 0.09770924597978592, -0.5269021987915039, -0.10921125113964081, 0.8428804874420166),
            ["LeftUpperArm"] = CFrame.new(0, 0.003905653953552246, -5.960464477539063e-08, 0.8541695475578308, 0.49660414457321167, -0.15419885516166687, 0.016836296766996384, 0.26997172832489014, 0.9627211689949036, 0.5197219848632812, -0.8249239325523376, 0.22224046289920807),
            ["RightLowerArm"] = CFrame.new(0, -2.384185791015625e-07, 3.5762786865234375e-07, 1, 1.192092469182171e-07, -7.450581307466564e-08, 2.756714252427628e-07, 0.8260058164596558, -0.563661515712738, -6.705521116145974e-08, 0.5636616349220276, 0.8260059356689453),
            ["LeftHand"] = CFrame.new(-1.2665987014770508e-07, 5.960464477539062e-07, 5.960464477539063e-08, 0.9230847358703613, 0.32183799147605896, 0.21055884659290314, -0.35167941451072693, 0.9279544353485107, 0.12338021397590637, -0.1556801050901413, -0.18793894350528717, 0.9697641134262085),
            ["RightUpperLeg"] = CFrame.new(-8.940696716308594e-08, 7.264316082000732e-08, 8.77116690389812e-08, 0.9891100525856018, -0.09262911975383759, -0.11436540633440018, 0.062274642288684845, 0.9675054550170898, -0.24506349861621857, 0.13335387408733368, 0.23527242243289948, 0.9627379775047302),
            ["LeftUpperLeg"] = CFrame.new(1.4901161193847656e-07, 6.984919309616089e-08, -2.9802322387695312e-08, 0.9514338970184326, 0.2777520418167114, 0.13277584314346313, -0.29146063327789307, 0.9515489935874939, 0.09800271689891815, -0.09911710768938065, -0.13194049894809723, 0.9862890243530273),
            ["RightLowerLeg"] = CFrame.new(2.980232238769531e-07, -0.0000035762786865234375, -0.0000133199428091757, 1, -1.0058285937475375e-07, -5.587935447692871e-09, 8.195639367158947e-08, 0.7226428389549255, 0.6912218332290649, 3.166497108963995e-08, -0.6912216544151306, 0.7226426601409912),
            ["RightFoot"] = CFrame.new(-5.681067705154419e-08, 4.172325134277344e-07, -5.790934665128589e-08, 0.9629230499267578, 0.05575370788574219, -0.2639549672603607, -0.1682770699262619, 0.888874351978302, -0.42612776160240173, 0.21086043119430542, 0.4547460675239563, 0.8652992844581604),
            ["LeftLowerLeg"] = CFrame.new(-2.086162567138672e-07, 0.000004470348358154297, 0.000013349577784538269, 1, 2.2351738238057806e-08, 5.215408194203519e-08, -1.0058283805847168e-07, 0.92952960729599, 0.3687475919723511, -2.7939677238464355e-09, -0.3687474727630615, 0.9295296669006348),
        }},
        {Time = 0.233, Data = {
            ["LeftFoot"] = CFrame.new(1.4901161193847656e-08, -1.1920928955078125e-07, 7.450580596923828e-09, 0.9305436611175537, -0.3057657480239868, 0.20148444175720215, 0.35428497195243835, 0.8908793926239014, -0.28428032994270325, -0.0925782322883606, 0.3359184265136719, 0.9373306632041931),
            ["LeftLowerArm"] = CFrame.new(-8.940696716308594e-08, 2.384185791015625e-07, 9.685754776000977e-08, 1, -4.730539444608439e-07, -6.625188575526408e-07, 9.349317906526267e-07, -0.28777194023132324, -0.9576992392539978, -4.0628961528454965e-08, 0.9576990604400635, -0.28777116537094116),
            ["LowerTorso"] = CFrame.new(0.1717890352010727, -0.12042760848999023, 0.08386993408203125, 0.7088541388511658, -0.0659899115562439, -0.7022629976272583, 0.010359009727835655, 0.9964807033538818, -0.08317907899618149, 0.7052789926528931, 0.05168638378381729, 0.7070417404174805),
            ["Head"] = CFrame.new(0, 0.003905773162841797, -2.9802322387695312e-08, 0.782934844493866, -0.10777062177658081, 0.6126980781555176, -0.012974469922482967, 0.9818375110626221, 0.18927983939647675, -0.6219684481620789, -0.1561429351568222, 0.7673162221908569),
            ["RightUpperArm"] = CFrame.new(0, 0.00390625, 1.7881393432617188e-07, 0.9651384353637695, -0.13768123090267181, 0.22260268032550812, 0.042876116931438446, 0.9221479892730713, 0.38445398211479187, -0.25820422172546387, -0.36150646209716797, 0.8959036469459534),
            ["UpperTorso"] = CFrame.new(-2.2351741790771484e-08, -0.0039059221744537354, 0, 0.9913561940193176, -0.11881185322999954, 0.05564582347869873, 0.1262744814157486, 0.9791831970214844, -0.1589205116033554, -0.03560347855091095, 0.16457276046276093, 0.985722005367279),
            ["HumanoidRootPart"] = CFrame.new(0, 0, 0, 1, 0, 0, 0, 1, 0, 0, 0, 1),
            ["RightHand"] = CFrame.new(2.980232238769531e-07, -1.1920928955078125e-07, 5.960464477539063e-08, 0.8465561270713806, 0.006495645735412836, 0.5322595238685608, -0.0824771523475647, 0.9894504547119141, 0.11910264194011688, -0.5258710980415344, -0.14472606778144836, 0.8381614089012146),
            ["LeftUpperArm"] = CFrame.new(0, 0.003905653953552246, -3.8743019104003906e-07, 0.8498329520225525, 0.5069285035133362, -0.14424575865268707, 0.007112590130418539, 0.2626282870769501, 0.964870810508728, 0.5270041227340698, -0.8210055232048035, 0.2195848971605301),
            ["RightLowerArm"] = CFrame.new(-5.960464477539063e-08, 2.384185791015625e-07, 5.960464477539063e-08, 1, 1.3411050758804777e-07, -2.4586927338532405e-07, 3.9488054426328745e-07, 0.8005130887031555, -0.5993152260780334, 3.3527591369875154e-08, 0.5993152260780334, 0.8005131483078003),
            ["LeftHand"] = CFrame.new(5.005858838558197e-08, 2.980232238769531e-07, -2.9802322387695312e-08, 0.9280446171760559, 0.3653630018234253, 0.07240816950798035, -0.3693743944168091, 0.927783727645874, 0.052727267146110535, -0.047913774847984314, -0.07567869126796722, 0.995980441570282),
            ["RightUpperLeg"] = CFrame.new(-5.960464477539063e-08, 2.0489096641540527e-07, -3.149762051180005e-08, 0.9984530210494995, -0.035917725414037704, -0.042434196919202805, 0.02476833574473858, 0.9707081317901611, -0.23898376524448395, 0.049781668931245804, 0.23756180703639984, 0.9700959920883179),
            ["LeftUpperLeg"] = CFrame.new(5.960464477539063e-08, 5.587935447692871e-09, -4.470348358154297e-08, 0.9424053430557251, 0.25860047340393066, 0.21213367581367493, -0.30225351452827454, 0.9300282597541809, 0.2090224176645279, -0.14323103427886963, -0.2611003816127777, 0.9546250700950623),
            ["RightLowerLeg"] = CFrame.new(1.4156103134155273e-07, -0.000003814697265625, -0.000013290140486788005, 1, -5.774199962615967e-08, 2.2351734685344127e-08, 5.029141192380848e-08, 0.7679725885391235, 0.6404822468757629, -2.0489094865183688e-08, -0.6404827237129211, 0.767973005771637),
            ["RightFoot"] = CFrame.new(-2.561137080192566e-08, 1.7881393432617188e-07, 6.129994289949536e-08, 0.9776336550712585, 0.040122177451848984, -0.20645715296268463, -0.1173739805817604, 0.9186364412307739, -0.37726619839668274, 0.17451633512973785, 0.39306166768074036, 0.9027988314628601),
            ["LeftLowerLeg"] = CFrame.new(-1.1920928955078125e-07, 0.000004112720489501953, 0.000013314187526702881, 1, 6.705523247774181e-08, -5.215408904746255e-08, -2.9802322387695312e-08, 0.9636659026145935, 0.2671104669570923, 1.4901161193847656e-08, -0.26711052656173706, 0.9636659622192383),
        }},
        {Time = 0.267, Data = {
            ["LeftFoot"] = CFrame.new(-2.9802322387695312e-08, 5.960464477539063e-08, -7.450580596923828e-08, 0.9280790686607361, -0.27880802750587463, 0.24685117602348328, 0.3204524517059326, 0.9356227517127991, -0.14805305004119873, -0.18968267738819122, 0.2165088951587677, 0.9576768279075623),
            ["LeftLowerArm"] = CFrame.new(2.384185791015625e-07, 2.980232238769531e-07, 5.21540641784668e-08, 1, -5.140902317180007e-07, -9.406347771800938e-07, 0.0000010728838333307067, -0.24726007878780365, -0.9689493775367737, -1.1548402767402877e-07, 0.9689491987228394, -0.2472594827413559),
            ["LowerTorso"] = CFrame.new(0.21283653378486633, -0.09544491767883301, 0.10372434556484222, 0.5983067750930786, -0.0827566385269165, -0.7969831228256226, 0.012540813535451889, 0.995497465133667, -0.09395386278629303, 0.8011690378189087, 0.04621758311986923, 0.5966494679450989),
            ["Head"] = CFrame.new(7.450580596923828e-08, 0.0039060115814208984, 1.341104507446289e-07, 0.6587173938751221, -0.1109895408153534, 0.7441592812538147, -0.04743503779172897, 0.9809658527374268, 0.1882973462343216, -0.7508937120437622, -0.15933391451835632, 0.6409143209457397),
            ["RightUpperArm"] = CFrame.new(1.1920928955078125e-07, 0.0039058923721313477, 4.172325134277344e-07, 0.956500768661499, -0.13762643933296204, 0.25722718238830566, 0.024427972733974457, 0.9164153337478638, 0.3994824290275574, -0.29070544242858887, -0.37582162022590637, 0.8799136877059937),
            ["UpperTorso"] = CFrame.new(3.725290298461914e-09, -0.003906339406967163, -3.725290298461914e-08, 0.9939163327217102, -0.10340117663145065, 0.037924133241176605, 0.10869432240724564, 0.9764707088470459, -0.1862555891275406, -0.017771586775779724, 0.18924394249916077, 0.9817691445350647),
            ["HumanoidRootPart"] = CFrame.new(0, 0, 0, 1, 0, 0, 0, 1, 0, 0, 0, 1),
            ["RightHand"] = CFrame.new(-1.7881393432617188e-07, -1.7881393432617188e-07, 5.960464477539063e-08, 0.8418244123458862, 0.02530277892947197, 0.5391578674316406, -0.11352631449699402, 0.9848560690879822, 0.1310359388589859, -0.5276774764060974, -0.171517476439476, 0.8319485783576965),
            ["LeftUpperArm"] = CFrame.new(5.960464477539063e-08, 0.0039055347442626953, -1.4901161193847656e-07, 0.8541337847709656, 0.49861079454421997, -0.14778724312782288, 0.0012332940241321921, 0.2822345197200775, 0.959344744682312, 0.5200519561767578, -0.8195920586585999, 0.24045085906982422),
            ["RightLowerArm"] = CFrame.new(0, 1.7881393432617188e-07, 5.960464477539063e-08, 1, -3.576279254957626e-07, -1.5646223516796454e-07, -3.725290742551124e-09, 0.7729048728942871, -0.6345219612121582, -2.272427366278862e-07, 0.6345219016075134, 0.7729048132896423),
            ["LeftHand"] = CFrame.new(4.470348358154297e-08, -2.980232238769531e-07, -4.0978193283081055e-08, 0.9212586283683777, 0.3766615390777588, -0.09699800610542297, -0.3835229277610779, 0.9212184548377991, -0.06532234698534012, 0.06475169956684113, 0.09737978875637054, 0.9931386709213257),
            ["RightUpperLeg"] = CFrame.new(-5.960464477539063e-08, 1.862645149230957e-07, -4.639878170564771e-08, 0.9993094205856323, 0.01666060835123062, 0.03322142735123634, -0.009462621994316578, 0.9785283207893372, -0.20589593052864075, -0.03593317046761513, 0.20543818175792694, 0.978009819984436),
            ["LeftUpperLeg"] = CFrame.new(2.9802322387695312e-08, 1.555308699607849e-07, 0, 0.9299877882003784, 0.21639762818813324, 0.2971494197845459, -0.31545209884643555, 0.8848180770874023, 0.34290969371795654, -0.1887134462594986, -0.41263672709465027, 0.8911314010620117),
