return {
    ["SOU"] = {
        {Time = 0.000, Data = {
            ["RightFoot"] = CFrame.new(7.078051567077637e-08, 2.384185791015625e-07, -3.55576048605144e-08, 0.9467602372169495, 0.3051172196865082, 0.10270660370588303, -0.2292550653219223, 0.8629418611526489, -0.4503031373023987, -0.22602501511573792, 0.4027838110923767, 0.8869490027427673),
            ["LeftLowerArm"] = CFrame.new(1.1920928955078125e-07, 4.172325134277344e-07, 1.6391277313232422e-07, 1, -7.264316082000732e-08, 9.685758328714655e-08, 8.381903171539307e-08, 0.1340649574995041, -0.990972638130188, 6.379559636116028e-08, 0.990972638130188, 0.1340649574995041),
            ["RightUpperArm"] = CFrame.new(-2.384185791015625e-07, -3.5762786865234375e-07, -7.916241884231567e-09, 0.7859350442886353, -0.18792887032032013, 0.5890576839447021, 0.14820358157157898, 0.9821762442588806, 0.11560988426208496, -0.6002848148345947, -0.0035614098887890577, 0.799778401851654),
            ["Head"] = CFrame.new(1.0710209608078003e-08, -4.76837158203125e-07, 6.897607818245888e-09, 0.9948275089263916, -0.06253831088542938, 0.08004557341337204, 0.07493375241756439, 0.983835756778717, -0.16264130175113678, -0.06858039647340775, 0.16779817640781403, 0.9834330677986145),
            ["RightHand"] = CFrame.new(-4.470348358154297e-08, -2.980232238769531e-07, 4.172325134277344e-07, 0.9037944078445435, -0.4253057837486267, 0.04765302687883377, 0.42724305391311646, 0.9031290411949158, -0.042679667472839355, -0.024884885177016258, 0.05893304944038391, 0.9979518055915833),
            ["UpperTorso"] = CFrame.new(-2.561137080192566e-09, -5.960464477539063e-08, 1.1077645467594266e-08, 0.9981728792190552, 0.05576734617352486, -0.023260928690433502, -0.05473187938332558, 0.9975747466087341, 0.04300061613321304, 0.02560255117714405, -0.04164892062544823, 0.9988042712211609),
            ["HumanoidRootPart"] = CFrame.new(0, 0, 0, 1, 0, 0, 0, 1, 0, 0, 0, 1),
            ["RightUpperLeg"] = CFrame.new(2.384185791015625e-07, 6.882473826408386e-07, 7.617927622050047e-09, 0.903175413608551, -0.38285765051841736, -0.1941511183977127, 0.2766386568546295, 0.8649461269378662, -0.418735533952713, 0.32824596762657166, 0.32448166608810425, 0.8871110081672668),
            ["LeftUpperArm"] = CFrame.new(-1.1920928955078125e-07, -5.960464477539062e-07, 0, 0.7994167804718018, 0.02833097241818905, -0.6001085042953491, -0.004414995200932026, 0.9991376399993896, 0.041287705302238464, 0.6007606387138367, -0.03035661391913891, 0.7988523244857788),
            ["RightLowerArm"] = CFrame.new(1.7881393432617188e-07, -1.7881393432617188e-07, -8.940696716308594e-08, 1, -5.587935447692871e-08, 3.725290653733282e-08, 8.288770914077759e-08, 0.41186895966529846, -0.9112431406974792, 8.009374141693115e-08, 0.9112430810928345, 0.41186898946762085),
            ["LeftHand"] = CFrame.new(-4.470348358154297e-08, 1.1920928955078125e-07, 4.3213367462158203e-07, 0.6638533473014832, 0.2331957221031189, -0.7105761766433716, 0.04832584410905838, 0.9347806572914124, 0.3519231081008911, 0.7462998032569885, -0.2679646611213684, 0.6092877984046936),
            ["LeftFoot"] = CFrame.new(-1.210719347000122e-07, -5.960464477539063e-08, 2.0489096641540527e-08, 0.9502809047698975, -0.20507840812206268, 0.23432688415050507, 0.27148011326789856, 0.9142147302627563, -0.30084875226020813, -0.15252788364887238, 0.34950605034828186, 0.924435555934906),
            ["LowerTorso"] = CFrame.new(8.177337917913974e-07, -0.20209205150604248, -0.07255494594573975, 0.999789834022522, -0.006672576069831848, 0.01938590034842491, 0.007156661245971918, 0.9996616244316101, -0.025009887292981148, -0.01921246014535427, 0.025143370032310486, 0.9994992613792419),
            ["RightLowerLeg"] = CFrame.new(5.21540641784668e-08, -0.0000035762786865234375, -0.00001326033816440031, 1, -8.195635814445268e-08, 0, 1.4901162614933128e-07, 0.5721877813339233, 0.8201220035552979, -7.450581307466564e-08, -0.8201225996017456, 0.5721888542175293),
            ["LeftUpperLeg"] = CFrame.new(-1.7881393432617188e-07, 4.6356581151485443e-07, -7.450580596923828e-09, 0.891773521900177, 0.43120113015174866, 0.1371338665485382, -0.298712819814682, 0.7886716723442078, -0.5373710989952087, -0.3398684561252594, 0.43824949860572815, 0.8321218490600586),
            ["LeftLowerLeg"] = CFrame.new(-1.4901161193847656e-07, 0.0000040531158447265625, 0.000013381242752075195, 1, 1.4901157641133977e-08, 7.450581307466564e-08, -2.980232949312267e-08, 0.4872930943965912, 0.8732384443283081, 0, -0.8732385635375977, 0.48729318380355835),
        }},
        {Time = 0.033, Data = {
            ["RightFoot"] = CFrame.new(-4.0978193283081055e-08, 2.980232238769531e-07, -2.0656443666666746e-08, 0.945406436920166, 0.3065606355667114, 0.11057738959789276, -0.22368812561035156, 0.8571712970733643, -0.4639187455177307, -0.23700295388698578, 0.4138573706150055, 0.8789494633674622),
            ["LeftLowerArm"] = CFrame.new(-3.8743019104003906e-07, 0.0000010132789611816406, 7.450580596923828e-08, 1, -8.754430069757291e-08, 7.823110337312755e-08, 8.940695295223122e-08, 0.026094669476151466, -0.999659538269043, 9.965150127300149e-08, 0.9996594786643982, 0.026094641536474228),
            ["RightUpperArm"] = CFrame.new(-1.7881393432617188e-07, 0, 7.450580596923828e-09, 0.774717390537262, -0.17147819697856903, 0.6086117029190063, 0.14776797592639923, 0.9849714040756226, 0.08942103385925293, -0.6147988438606262, 0.020657286047935486, 0.788413405418396),
            ["Head"] = CFrame.new(5.6461431086063385e-08, -3.5762786865234375e-07, 5.9371814131736755e-09, 0.9933919310569763, -0.10455098748207092, 0.04734557867050171, 0.11098086088895798, 0.9801853895187378, -0.1640731245279312, -0.029253436252474785, 0.1682433933019638, 0.9853113293647766),
            ["RightHand"] = CFrame.new(-1.1920928955078125e-07, -1.7881393432617188e-07, 1.4901161193847656e-07, 0.7695392966270447, -0.5674320459365845, 0.2929682731628418, 0.6108365058898926, 0.7878513932228088, -0.0785428062081337, -0.18624769151210785, 0.23939760029315948, 0.9528907537460327),
            ["UpperTorso"] = CFrame.new(3.8708094507455826e-09, 2.384185791015625e-07, -6.4192136051133275e-09, 0.9977920055389404, 0.06552504748106003, 0.010843398049473763, -0.06605175882577896, 0.9960823059082031, 0.05879920348525047, -0.006948093883693218, -0.05938560888171196, 0.9982109665870667),
            ["HumanoidRootPart"] = CFrame.new(0, 0, 0, 1, 0, 0, 0, 1, 0, 0, 0, 1),
            ["RightUpperLeg"] = CFrame.new(1.1920928955078125e-07, -9.592622518539429e-08, 4.5838532969355583e-10, 0.9081785082817078, -0.3657647371292114, -0.20353907346725464, 0.2589489221572876, 0.8729768991470337, -0.41334837675094604, 0.3288728892803192, 0.3226880133152008, 0.8875331878662109),
            ["LeftUpperArm"] = CFrame.new(-1.1920928955078125e-07, -1.1920928955078125e-07, 9.313225746154785e-10, 0.8488197922706604, 0.11096884310245514, -0.5169051289558411, -0.05948631837964058, 0.9915614724159241, 0.11518411338329315, 0.5253250598907471, -0.06702178716659546, 0.8482580780982971),
            ["RightLowerArm"] = CFrame.new(4.172325134277344e-07, 7.152557373046875e-07, -1.4901161193847656e-07, 1, -8.940699558479537e-08, 2.980233304583635e-08, 6.19329725282114e-08, 0.6488100290298462, -0.76095050573349, 3.3061962056990524e-08, 0.7609505653381348, 0.6488100290298462),
            ["LeftHand"] = CFrame.new(-7.450580596923828e-08, 0, -5.662441253662109e-07, 0.6202586889266968, 0.2297126054763794, -0.7500076293945312, 0.14129485189914703, 0.9077974557876587, 0.3948919475078583, 0.77156662940979, -0.3509073257446289, 0.5306119918823242),
            ["LeftFoot"] = CFrame.new(2.514570951461792e-08, 5.960464477539063e-08, -5.587935447692871e-09, 0.953473687171936, -0.23893144726753235, 0.1838461309671402, 0.27861928939819336, 0.9312940835952759, -0.2346547693014145, -0.11514890193939209, 0.2749605178833008, 0.9545354843139648),
            ["LowerTorso"] = CFrame.new(0.021766692399978638, -0.20483195781707764, -0.06528328359127045, 0.9998695254325867, -0.016088513657450676, 0.001482768333517015, 0.01612839475274086, 0.999335527420044, -0.03268693760037422, -0.0009558988967910409, 0.03270658478140831, 0.9994645714759827),
            ["RightLowerLeg"] = CFrame.new(1.341104507446289e-07, -0.0000035762786865234375, -0.000013334843970369548, 1, -1.3038511781360285e-07, 4.470351555596608e-08, 1.4901162614933128e-07, 0.5746451020240784, 0.8184021711349487, 0, -0.8184027075767517, 0.5746460556983948),
            ["LeftUpperLeg"] = CFrame.new(-1.7881393432617188e-07, 3.0081719160079956e-07, 1.4319084584712982e-08, 0.88728266954422, 0.45328354835510254, 0.0852278620004654, -0.342812716960907, 0.7717487812042236, -0.5356149673461914, -0.3085596561431885, 0.44602447748184204, 0.8401505947113037),
            ["LeftLowerLeg"] = CFrame.new(-2.086162567138672e-07, 0.000004112720489501953, 0.000013284385204315186, 1, 1.341104365337742e-07, 8.940698847936801e-08, -8.940696716308594e-08, 0.4506774842739105, 0.8926866054534912, 6.705522537231445e-08, -0.8926868438720703, 0.4506780207157135),
        }},
        {Time = 0.067, Data = {
            ["RightFoot"] = CFrame.new(4.842877388000488e-08, 2.384185791015625e-07, 9.145878721028566e-09, 0.9338513016700745, 0.3330175280570984, 0.1304665505886078, -0.23608560860157013, 0.8479602932929993, -0.4745801091194153, -0.2686736583709717, 0.4123864471912384, 0.8704896569252014),
            ["LeftLowerArm"] = CFrame.new(-5.960464477539063e-08, 4.76837158203125e-07, -1.4901161193847656e-08, 1, -6.891788473240013e-08, 7.450583439094771e-08, 9.313225746154785e-08, -0.030840329825878143, -0.9995244145393372, 1.1920928955078125e-07, 0.9995243549346924, -0.030840303748846054),
            ["RightUpperArm"] = CFrame.new(-1.7881393432617188e-07, -1.1920928955078125e-07, -2.421438694000244e-08, 0.7702877521514893, -0.14235207438468933, 0.6216049194335938, 0.14608444273471832, 0.9882350564002991, 0.04528641328215599, -0.6207383871078491, 0.055923230946063995, 0.7820208668708801),
            ["Head"] = CFrame.new(4.44706529378891e-08, -4.76837158203125e-07, -3.259629011154175e-09, 0.9884914755821228, -0.15125474333763123, -0.0025648789014667273, 0.14873407781124115, 0.9748343229293823, -0.16606099903583527, 0.027617860585451126, 0.16376841068267822, 0.9861121773719788),
            ["RightHand"] = CFrame.new(1.4901161193847656e-08, 3.5762786865234375e-07, 2.682209014892578e-07, 0.7021441459655762, -0.619178056716919, 0.3515852391719818, 0.6700029969215393, 0.7416733503341675, -0.03188633173704147, -0.24101808667182922, 0.25795188546180725, 0.9356127977371216),
            ["UpperTorso"] = CFrame.new(-4.321918822824955e-09, 8.940696716308594e-08, -1.805165084078908e-08, 0.9962229132652283, 0.07365699112415314, 0.045984309166669846, -0.07721686363220215, 0.9937060475349426, 0.08115378022193909, -0.03971734270453453, -0.08439800888299942, 0.9956402778625488),
            ["HumanoidRootPart"] = CFrame.new(0, 0, 0, 1, 0, 0, 0, 1, 0, 0, 0, 1),
            ["RightUpperLeg"] = CFrame.new(1.7881393432617188e-07, 5.53671270608902e-07, -5.653419066220522e-09, 0.8976848125457764, -0.3757770359516144, -0.2301173210144043, 0.2646861970424652, 0.8773736357688904, -0.400195837020874, 0.3522830605506897, 0.29834067821502686, 0.8870677947998047),
            ["LeftUpperArm"] = CFrame.new(-2.384185791015625e-07, -4.76837158203125e-07, -9.313225746154785e-09, 0.8695818781852722, 0.18396003544330597, -0.45824241638183594, -0.11988364905118942, 0.9788996577262878, 0.16547957062721252, 0.47901496291160583, -0.08896227180957794, 0.8732871413230896),
            ["RightLowerArm"] = CFrame.new(5.960464477539062e-07, 3.5762786865234375e-07, -7.450580596923828e-09, 1, -3.725290653733282e-08, 1.1175873559921001e-08, 3.352760913344355e-08, 0.9095951914787292, -0.41549575328826904, -1.88592803596066e-08, 0.41549575328826904, 0.9095951318740845),
            ["LeftHand"] = CFrame.new(3.5762786865234375e-07, 0, -7.450580596923828e-09, 0.5777846574783325, 0.24699079990386963, -0.777920663356781, 0.23338153958320618, 0.8633224964141846, 0.4474453926086426, 0.7821112275123596, -0.44007939100265503, 0.4411713182926178),
            ["LeftFoot"] = CFrame.new(-6.51925802230835e-08, 5.960464477539063e-08, -1.862645149230957e-08, 0.9267333745956421, -0.32967254519462585, 0.18022529780864716, 0.35909226536750793, 0.9182897210121155, -0.1667240560054779, -0.11053511500358582, 0.21922636032104492, 0.9693926572799683),
            ["LowerTorso"] = CFrame.new(0.033284250646829605, -0.20640599727630615, -0.06313448399305344, 0.999811589717865, -0.018979361280798912, -0.0040740519762039185, 0.018759895116090775, 0.9986496567726135, -0.04844579100608826, 0.004988020285964012, 0.04836023226380348, 0.9988175630569458),
            ["RightLowerLeg"] = CFrame.new(1.341104507446289e-07, -0.000003874301910400391, -0.000013394448615144938, 1, -1.3038513202445756e-07, -7.450583439094771e-08, 3.725289943190546e-08, 0.5775135159492493, 0.8163807392120361, -7.4505797087454084e-09, -0.8163811564445496, 0.5775141716003418),
            ["LeftUpperLeg"] = CFrame.new(-5.960464477539063e-08, 1.4319084584712982e-07, 1.8044374883174896e-08, 0.8847891688346863, 0.4642006754875183, 0.040818650275468826, -0.3850320875644684, 0.7776001691818237, -0.4970795214176178, -0.2624850571155548, 0.42409414052963257, 0.8667443990707397),
            ["LeftLowerLeg"] = CFrame.new(-7.450580596923828e-08, 0.0000036954879760742188, 0.000013381242752075195, 1, 1.3411047916633834e-07, 1.4901161193847656e-08, -7.450580596923828e-08, 0.44813254475593567, 0.8939671516418457, 2.9802322387695312e-08, -0.8939672112464905, 0.4481325149536133),
        }},
        {Time = 0.100, Data = {
            ["RightFoot"] = CFrame.new(-5.21540641784668e-08, 2.980232238769531e-07, -4.300818545743823e-08, 0.9235925674438477, 0.35764262080192566, 0.1380888968706131, -0.24909448623657227, 0.8336175084114075, -0.4929845631122589, -0.29142525792121887, 0.4209199845790863, 0.8590097427368164),
            ["LeftLowerArm"] = CFrame.new(5.960464477539062e-07, -8.940696716308594e-07, -3.7997961044311523e-07, 1, -1.0430807861894209e-07, 8.940696716308594e-08, 1.2293453721667902e-07, -0.0502338707447052, -0.9987375140190125, 1.043080928297968e-07, 0.9987374544143677, -0.05023381859064102),
            ["RightUpperArm"] = CFrame.new(-2.384185791015625e-07, -9.5367431640625e-07, -3.725290298461914e-09, 0.7651842832565308, -0.15921075642108917, 0.6238149404525757, 0.14674459397792816, 0.9865657687187195, 0.07179249078035355, -0.6268645524978638, 0.036606982350349426, 0.7782678008079529),
            ["Head"] = CFrame.new(4.0978193283081055e-08, -7.152557373046875e-07, -1.955777406692505e-08, 0.9778811931610107, -0.1938103437423706, -0.07865048199892044, 0.1787155419588089, 0.969584584236145, -0.16723233461380005, 0.10866968333721161, 0.1494773030281067, 0.9827754497528076),
            ["RightHand"] = CFrame.new(-1.9371509552001953e-07, 1.1920928955078125e-07, -5.21540641784668e-08, 0.8849756121635437, -0.45018982887268066, 0.11894204467535019, 0.44061294198036194, 0.8922464847564697, 0.09877564013004303, -0.15059350430965424, -0.0350065715610981, 0.9879757761955261),
            ["UpperTorso"] = CFrame.new(-3.841705620288849e-09, 8.940696716308594e-08, -2.9103830456733704e-09, 0.9945709705352783, 0.07720901072025299, 0.06976690143346786, -0.08391688764095306, 0.9915453791618347, 0.09897322207689285, -0.06153542548418045, -0.10429051518440247, 0.9926413893699646),
            ["HumanoidRootPart"] = CFrame.new(0, 0, 0, 1, 0, 0, 0, 1, 0, 0, 0, 1),
            ["RightUpperLeg"] = CFrame.new(2.980232238769531e-07, 8.367933332920074e-07, -1.287116901949048e-08, 0.8699190020561218, -0.4046303331851959, -0.28198495507240295, 0.28375038504600525, 0.8782640695571899, -0.38488712906837463, 0.40339380502700806, 0.2548072338104248, 0.8788323998451233),
            ["LeftUpperArm"] = CFrame.new(5.960464477539063e-08, -7.152557373046875e-07, 0, 0.8700022101402283, 0.2397252470254898, -0.4308457672595978, -0.17755605280399323, 0.9675443172454834, 0.17981065809726715, 0.45996755361557007, -0.07993639260530472, 0.8843302726745605),
            ["RightLowerArm"] = CFrame.new(-5.960464477539063e-08, 9.5367431640625e-07, -1.4901161193847656e-08, 1, -1.1175872671742582e-08, -2.6309869838314626e-08, 1.4435503459253596e-08, 0.9955557584762573, -0.09417463839054108, -1.0244550985305523e-08, 0.09417463839054108, 0.9955556988716125),
            ["LeftHand"] = CFrame.new(-2.9802322387695312e-08, -2.384185791015625e-07, 1.4156103134155273e-07, 0.547584056854248, 0.26862016320228577, -0.7924613356590271, 0.307199090719223, 0.8163962364196777, 0.48900535702705383, 0.7783190608024597, -0.5112147927284241, 0.36452558636665344),
            ["LeftFoot"] = CFrame.new(1.9185245037078857e-07, -1.7881393432617188e-07, -1.862645149230957e-08, 0.9180001020431519, -0.36628490686416626, 0.15202364325523376, 0.3869762718677521, 0.9111912846565247, -0.14135058224201202, -0.08674833923578262, 0.18858937919139862, 0.9782172441482544),
            ["LowerTorso"] = CFrame.new(0.03846772387623787, -0.20836913585662842, -0.06145535036921501, 0.9997037649154663, -0.013971093110740185, 0.01993098482489586, 0.0151530671864748, 0.9980568289756775, -0.060440290719270706, -0.01904783584177494, 0.060724399983882904, 0.997972846031189),
            ["RightLowerLeg"] = CFrame.new(-1.043081283569336e-07, -0.0000035762786865234375, -0.000013215634680818766, 1, -9.49948883999241e-08, -2.9802318834981634e-08, 8.940696716308594e-08, 0.5766360759735107, 0.8170010447502136, -3.725290298461914e-08, -0.8170011639595032, 0.5766361951828003),
            ["LeftUpperLeg"] = CFrame.new(0, 3.341119736433029e-07, 1.862645149230957e-09, 0.8884957432746887, 0.45882725715637207, 0.007291512563824654, -0.4008610248565674, 0.7837854027748108, -0.4743315875530243, -0.22335118055343628, 0.41851890087127686, 0.8803161382675171),
            ["LeftLowerLeg"] = CFrame.new(3.725290298461914e-08, 0.0000040531158447265625, 0.000013418495655059814, 1, 7.450583439094771e-08, 1.0430811414607888e-07, -1.1175872316471214e-07, 0.4771673083305359, 0.8788127899169922, 5.7742006731587026e-08, -0.8788125514984131, 0.4771668612957001),
        }},
        {Time = 0.133, Data = {
            ["RightFoot"] = CFrame.new(-6.705522537231445e-08, 1.1920928955078125e-07, 3.149762051180005e-08, 0.9143144488334656, 0.3892022371292114, 0.11203016340732574, -0.2822006046772003, 0.8106306195259094, -0.5130696296691895, -0.2905028164386749, 0.4374925196170807, 0.8510045409202576),
            ["LeftLowerArm"] = CFrame.new(-3.5762786865234375e-07, -1.1920928955078125e-07, 2.5331974029541016e-07, 1, -1.3038511781360285e-07, 7.264316082000732e-08, 1.378357126213814e-07, -0.06383360922336578, -0.9979605674743652, 7.823107495141812e-08, 0.9979605674743652, -0.06383362412452698),
            ["RightUpperArm"] = CFrame.new(1.1920928955078125e-07, -5.960464477539062e-07, 2.9802322387695312e-08, 0.7683563232421875, -0.16489526629447937, 0.6184158325195312, 0.11403483152389526, 0.9860513806343079, 0.121238574385643, -0.6297814846038818, -0.022633472457528114, 0.7764426469802856),
            ["Head"] = CFrame.new(1.862645149230957e-08, -2.384185791015625e-07, 2.60770320892334e-08, 0.9587497711181641, -0.2245500385761261, -0.1742876023054123, 0.19591835141181946, 0.9662639498710632, -0.16718268394470215, 0.20594877004623413, 0.12614025175571442, 0.9703987836837769),
            ["RightHand"] = CFrame.new(-3.3527612686157227e-07, -2.980232238769531e-07, 8.940696716308594e-08, 0.9166268110275269, -0.21736371517181396, -0.33548232913017273, 0.32853296399116516, 0.8877425789833069, 0.3224581778049469, 0.22773122787475586, -0.40579068660736084, 0.8851398229598999),
            ["UpperTorso"] = CFrame.new(9.080395102500916e-09, 5.960464477539063e-08, -2.561137080192566e-09, 0.9948747754096985, 0.07727383822202682, 0.06521488726139069, -0.08416487276554108, 0.9903011322021484, 0.1105445921421051, -0.05604016035795212, -0.11546683311462402, 0.9917292594909668),
            ["HumanoidRootPart"] = CFrame.new(0, 0, 0, 1, 0, 0, 0, 1, 0, 0, 0, 1),
            ["RightUpperLeg"] = CFrame.new(2.980232238769531e-07, 9.364448487758636e-07, -1.287116901949048e-08, 0.8160456418991089, -0.44577813148498535, -0.36790192127227783, 0.31376227736473083, 0.876230776309967, -0.36574965715408325, 0.48540976643562317, 0.18303443491458893, 0.854912519454956),
            ["LeftUpperArm"] = CFrame.new(-1.1920928955078125e-07, -2.384185791015625e-07, 7.450580596923828e-09, 0.8770619630813599, 0.26699408888816833, -0.39934512972831726, -0.22774510085582733, 0.9630593657493591, 0.1436968892812729, 0.4229593276977539, -0.035082198679447174, 0.9054692387580872),
            ["RightLowerArm"] = CFrame.new(4.76837158203125e-07, 6.556510925292969e-07, 8.940696716308594e-08, 1, -1.5366822481155396e-08, 1.7462298274040222e-08, 9.313226634333205e-09, 0.9975074529647827, -0.07056201994419098, 3.515743074444799e-08, 0.07056201994419098, 0.9975073933601379),
            ["LeftHand"] = CFrame.new(4.917383193969727e-07, 1.1920928955078125e-07, -4.805624485015869e-07, 0.5751039385795593, 0.245505690574646, -0.7803733348846436, 0.31254255771636963, 0.8156120181083679, 0.4869232475757599, 0.7560242414474487, -0.5239313840866089, 0.39233067631721497),
            ["LeftFoot"] = CFrame.new(1.3224780559539795e-07, 5.960464477539063e-08, 2.2351741790771484e-08, 0.9176202416419983, -0.37766033411026, 0.12387792766094208, 0.39288532733917236, 0.9090240001678467, -0.1389845907688141, -0.06011953577399254, 0.17620502412319183, 0.9825159311294556),
            ["LowerTorso"] = CFrame.new(0.03919351100921631, -0.2149968147277832, -0.05845918133854866, 0.9969791769981384, -0.006255751475691795, 0.07741730660200119, 0.011321041733026505, 0.9978103637695312, -0.06516358256340027, -0.07684013992547989, 0.06584317982196808, 0.9948669672012329),
            ["RightLowerLeg"] = CFrame.new(1.4901161193847656e-08, -0.000003635883331298828, -0.000013275239325594157, 1, -1.83936208486557e-07, -2.9802340151263707e-08, 6.705523247774181e-08, 0.5762128829956055, 0.817299485206604, -3.725290653733282e-08, -0.8172997236251831, 0.5762132406234741),
            ["LeftUpperLeg"] = CFrame.new(-1.1920928955078125e-07, 3.119930624961853e-08, 3.725290298461914e-09, 0.8975843787193298, 0.4397156834602356, -0.031508415937423706, -0.39966943860054016, 0.7815110087394714, -0.47906631231307983, -0.18602867424488068, 0.442595511674881, 0.877213180065155),
            ["LeftLowerLeg"] = CFrame.new(5.21540641784668e-08, 0.000003993511199951172, 0.000013392418622970581, 1, 8.940695295223122e-08, 5.960464477539063e-08, -1.4901158351676713e-07, 0.49270081520080566, 0.8701989650726318, 1.154839708306099e-07, -0.8701988458633423, 0.4927005469799042),
        }},
        {Time = 0.167, Data = {
            ["RightFoot"] = CFrame.new(-3.725290298461914e-08, 3.5762786865234375e-07, 3.149762051180005e-08, 0.9221446514129639, 0.38678035140037537, 0.007091178093105555, -0.32949239015579224, 0.7949012517929077, -0.5094766020774841, -0.20269200205802917, 0.46747517585754395, 0.8604553937911987),
            ["LeftLowerArm"] = CFrame.new(5.662441253662109e-07, -5.960464477539063e-08, 4.470348358154297e-08, 1, -7.078047303821222e-08, 1.0523946514240379e-07, 7.078051567077637e-08, -0.06944264471530914, -0.9975859522819519, 1.1920928955078125e-07, 0.9975860118865967, -0.06944264471530914),
            ["RightUpperArm"] = CFrame.new(-5.960464477539063e-08, 7.152557373046875e-07, -1.4901161193847656e-08, 0.7942937612533569, -0.17077310383319855, 0.5830386281013489, 0.0667397528886795, 0.9783995747566223, 0.19565315544605255, -0.6038570404052734, -0.11649425327777863, 0.7885340452194214),
            ["Head"] = CFrame.new(-9.313225746154785e-09, 3.5762786865234375e-07, -1.1175870895385742e-08, 0.9314996600151062, -0.24039246141910553, -0.2729833722114563, 0.20119380950927734, 0.965740442276001, -0.16391021013259888, 0.3030339181423187, 0.09775975346565247, 0.9479523301124573),
            ["RightHand"] = CFrame.new(2.9802322387695312e-08, -4.172325134277344e-07, 0, 0.8565142750740051, -0.07792440801858902, -0.5102069973945618, 0.32468801736831665, 0.8497737050056458, 0.4152860641479492, 0.4011995196342468, -0.521356463432312, 0.7531444430351257),
            ["UpperTorso"] = CFrame.new(1.1641532182693481e-09, -1.7881393432617188e-07, -2.7939677238464355e-08, 0.9961879849433899, 0.0743015706539154, 0.04570461064577103, -0.07931318879127502, 0.9896092414855957, 0.1199294775724411, -0.03631871938705444, -0.1230972558259964, 0.9917298555374146),
            ["HumanoidRootPart"] = CFrame.new(0, 0, 0, 1, 0, 0, 0, 1, 0, 0, 0, 1),
            ["RightUpperLeg"] = CFrame.new(2.980232238769531e-07, 1.0849907994270325e-07, -3.894820110872388e-08, 0.7683454751968384, -0.4658808708190918, -0.4388631284236908, 0.3362776041030884, 0.8772638440132141, -0.3425281047821045, 0.5445756316184998, 0.11559968441724777, 0.8307068347930908),
            ["LeftUpperArm"] = CFrame.new(0, 9.5367431640625e-07, 7.450580596923828e-09, 0.9094834327697754, 0.2692270874977112, -0.31679123640060425, -0.255463182926178, 0.9630700945854187, 0.08505624532699585, 0.3279915750026703, 0.0035712197422981262, 0.9446739554405212),
            ["RightLowerArm"] = CFrame.new(5.960464477539062e-07, 2.980232238769531e-07, 4.172325134277344e-07, 1, 9.313225746154785e-09, -4.866161162908611e-08, 9.313226634333205e-09, 0.99955153465271, -0.02994689717888832, 4.330650327233343e-08, 0.02994687855243683, 0.99955153465271),
            ["LeftHand"] = CFrame.new(-4.172325134277344e-07, 0, 6.51925802230835e-08, 0.6535849571228027, 0.2277873158454895, -0.7217614650726318, 0.1931617558002472, 0.8718510866165161, 0.45007142424583435, 0.7317891120910645, -0.4335765540599823, 0.525829017162323),
            ["LeftFoot"] = CFrame.new(-4.6566128730773926e-08, 0, 2.9802322387695312e-08, 0.9276480078697205, -0.3656366765499115, 0.07601860165596008, 0.3730417490005493, 0.9168006181716919, -0.142535999417305, -0.017577901482582092, 0.1605815291404724, 0.9868661761283875),
            ["LowerTorso"] = CFrame.new(0.044951580464839935, -0.22050714492797852, -0.05519251152873039, 0.9899464249610901, 0.0038572235498577356, 0.14139020442962646, 0.005929791368544102, 0.9976174831390381, -0.06873326003551483, -0.1413184553384781, 0.06888066232204437, 0.9875649809837341),
            ["RightLowerLeg"] = CFrame.new(-7.450580596923828e-08, -0.0000037550926208496094, -0.000013305041647981852, 1, -5.867330798992043e-08, -8.940698847936801e-08, 1.0430809993522416e-07, 0.5680783987045288, 0.8229742050170898, -8.940694584680386e-08, -0.822974443435669, 0.5680786967277527),
            ["LeftUpperLeg"] = CFrame.new(-1.1920928955078125e-07, -4.086177796125412e-08, 8.381903171539307e-09, 0.901203453540802, 0.43198543787002563, -0.03494423255324364, -0.38982728123664856, 0.772733747959137, -0.5009162425994873, -0.1893858015537262, 0.4650496244430542, 0.8647900819778442),
            ["LeftLowerLeg"] = CFrame.new(-6.705522537231445e-08, 0.000004231929779052734, 0.000013239681720733643, 1, 1.341104507446289e-07, 7.450583439094771e-08, -1.49011640360186e-07, 0.5075066089630127, 0.8616477847099304, 5.215407838932151e-08, -0.8616479635238647, 0.507506787776947),
        }},
        {Time = 0.200, Data = {
            ["RightFoot"] = CFrame.new(-8.940696716308594e-08, 3.5762786865234375e-07, 9.145878721028566e-09, 0.9397567510604858, 0.34180501103401184, -0.005191779229789972, -0.2988770306110382, 0.8141703605651855, -0.4977940022945404, -0.16592130064964294, 0.4693571627140045, 0.8672797083854675),
            ["LeftLowerArm"] = CFrame.new(1.4901161193847656e-07, 1.1920928955078125e-07, 1.2665987014770508e-07, 1, -8.754429359214555e-08, 1.2503008406383742e-07, 1.0547225315349351e-07, -0.06067343428730965, -0.9981577396392822, 8.568165554834195e-08, 0.9981576800346375, -0.06067342311143875),
            ["RightUpperArm"] = CFrame.new(1.1920928955078125e-07, 3.5762786865234375e-07, 2.2351741790771484e-08, 0.9810695648193359, -0.17117555439472198, 0.09056276082992554, 0.15554124116897583, 0.9750984907150269, 0.15808165073394775, -0.1153673380613327, -0.1410028040409088, 0.9832642078399658),
            ["Head"] = CFrame.new(3.5390257835388184e-08, 0, 1.1175870895385742e-08, 0.8992406129837036, -0.23684096336364746, -0.3677944242954254, 0.19043156504631042, 0.9688539505004883, -0.15829652547836304, 0.393830269575119, 0.07230699062347412, 0.9163348078727722),
            ["RightHand"] = CFrame.new(7.450580596923828e-08, -1.1920928955078125e-07, 3.129243850708008e-07, 0.974582314491272, -0.21853232383728027, -0.04932611808180809, 0.2237698882818222, 0.9389545917510986, 0.2613263726234436, -0.01079330500215292, -0.26572173833847046, 0.9639893174171448),
            ["UpperTorso"] = CFrame.new(-1.862645149230957e-09, -5.960464477539063e-08, -1.5832483768463135e-08, 0.9974014163017273, 0.06033581867814064, 0.0393703393638134, -0.06502217799425125, 0.9892112612724304, 0.13127563893795013, -0.031024908646941185, -0.13349448144435883, 0.9905638098716736),
            ["HumanoidRootPart"] = CFrame.new(0, 0, 0, 1, 0, 0, 0, 1, 0, 0, 0, 1),
            ["RightUpperLeg"] = CFrame.new(-2.9802322387695312e-08, 1.471489667892456e-07, 1.3205863069742918e-08, 0.755137026309967, -0.47951385378837585, -0.44702863693237305, 0.3427014648914337, 0.8700457811355591, -0.35436663031578064, 0.5588592886924744, 0.11439786851406097, 0.8213340640068054),
            ["LeftUpperArm"] = CFrame.new(-2.384185791015625e-07, 3.5762786865234375e-07, -7.450580596923828e-09, 0.9555153250694275, 0.24697287380695343, -0.1612294763326645, -0.24162189662456512, 0.9689597487449646, 0.05230668932199478, 0.16914315521717072, -0.011023287661373615, 0.9855298399925232),
            ["RightLowerArm"] = CFrame.new(5.960464477539062e-07, 0.0000010728836059570312, -1.1920928955078125e-07, 1, -1.4901164746561335e-08, 1.4901166522918174e-08, 1.1175873559921001e-08, 1, 1.1175874448099421e-08, -1.862645504502325e-08, 3.725291186640334e-09, 1),
            ["LeftHand"] = CFrame.new(-4.377216100692749e-07, -1.1920928955078125e-07, -3.0547380447387695e-07, 0.7148662805557251, 0.28650355339050293, -0.6378730535507202, -0.04621944576501846, 0.9295748472213745, 0.36572450399398804, 0.6977320313453674, -0.23196196556091309, 0.6777637600898743),
            ["LeftFoot"] = CFrame.new(2.2351741790771484e-08, 5.960464477539063e-08, -2.9802322387695312e-08, 0.9305460453033447, -0.36611998081207275, 0.006348685827106237, 0.3639816343784332, 0.9229382872581482, -0.12530893087387085, 0.04001854732632637, 0.1189165785908699, 0.9920975565910339),
            ["LowerTorso"] = CFrame.new(0.057607877999544144, -0.22133374214172363, -0.05502359941601753, 0.9839859008789062, 0.018006926402449608, 0.17733445763587952, -0.004748550243675709, 0.9971792101860046, -0.07490721344947815, -0.17818307876586914, 0.0728655606508255, 0.9812957644462585),
            ["RightLowerLeg"] = CFrame.new(-1.9371509552001953e-07, -0.0000035762786865234375, -0.000013364646292757243, 1, -1.7508864402770996e-07, -8.940698847936801e-08, 8.195639367158947e-08, 0.5383017659187317, 0.8427518606185913, -1.1175872316471214e-07, -0.8427521586418152, 0.5383021831512451),
            ["LeftUpperLeg"] = CFrame.new(-1.1920928955078125e-07, 6.263144314289093e-08, 1.862645149230957e-08, 0.8961099982261658, 0.4438003599643707, -0.005316630937159061, -0.38426533341407776, 0.769792914390564, -0.5096654295921326, -0.2220970094203949, 0.45875945687294006, 0.8603562712669373),
            ["LeftLowerLeg"] = CFrame.new(1.4901161193847656e-07, 0.000003933906555175781, 0.00001344829797744751, 1, 1.0430815677864302e-07, 5.960465898624534e-08, -8.940698847936801e-08, 0.5402981042861938, 0.8414737582206726, 5.960465898624534e-08, -0.8414736390113831, 0.5402979850769043),
        }},
        {Time = 0.233, Data = {
            ["RightFoot"] = CFrame.new(-8.940696716308594e-08, 1.1920928955078125e-07, -4.300818545743823e-08, 0.9570619463920593, 0.28861355781555176, 0.027105923742055893, -0.23843495547771454, 0.8369333744049072, -0.492637038230896, -0.16486747562885284, 0.4650212228298187, 0.8698127269744873),
            ["LeftLowerArm"] = CFrame.new(-1.4901161193847656e-07, 4.76837158203125e-07, 5.960464477539063e-08, 1, -7.078048014363958e-08, 5.774199962615967e-08, 6.146728281919422e-08, -0.030218686908483505, -0.9995433688163757, 7.450579886381092e-08, 0.999543309211731, -0.030218683183193207),
            ["RightUpperArm"] = CFrame.new(-1.7881393432617188e-07, 2.384185791015625e-07, 0, 0.9812142848968506, -0.1901918351650238, -0.03233491629362106, 0.19279354810714722, 0.9606065154075623, 0.20016463100910187, -0.007008534390479326, -0.2026384174823761, 0.9792285561561584),
            ["Head"] = CFrame.new(3.166496753692627e-08, 0, 3.725290298461914e-09, 0.8632081151008606, -0.21533550322055817, -0.4566206634044647, 0.16690386831760406, 0.9753367900848389, -0.1444346308708191, 0.4764607846736908, 0.048465386033058167, 0.8778589367866516),
            ["RightHand"] = CFrame.new(-1.7508864402770996e-07, -5.960464477539062e-07, 8.940696716308594e-08, 0.9861619472503662, -0.10995026677846909, 0.12407923489809036, 0.10549276322126389, 0.9935343861579895, 0.04196061193943024, -0.12789051234722137, -0.028290484100580215, 0.991384744644165),
            ["UpperTorso"] = CFrame.new(1.4435499906539917e-08, 2.384185791015625e-07, -7.450580596923828e-09, 0.9987015724182129, 0.0331430546939373, 0.0386875681579113, -0.03815833479166031, 0.9898260235786438, 0.13707099854946136, -0.0337509959936142, -0.13836929202079773, 0.9898054599761963),
            ["HumanoidRootPart"] = CFrame.new(0, 0, 0, 1, 0, 0, 0, 1, 0, 0, 0, 1),
            ["RightUpperLeg"] = CFrame.new(1.7881393432617188e-07, 4.675239324569702e-07, -1.6952981241047382e-09, 0.7977548241615295, -0.48303869366645813, -0.3609171509742737, 0.3502556085586548, 0.8584360480308533, -0.37471094727516174, 0.4908241331577301, 0.17251433432102203, 0.8540085554122925),
            ["LeftUpperArm"] = CFrame.new(-1.1920928955078125e-07, 0, 1.4901161193847656e-08, 0.9730603694915771, 0.22996893525123596, -0.01636687107384205, -0.2285979837179184, 0.9716046452522278, 0.0610535554587841, 0.029942547902464867, -0.055667366832494736, 0.9980003237724304),
            ["RightLowerArm"] = CFrame.new(-8.940696716308594e-08, -2.384185791015625e-07, 5.960464477539063e-08, 1, 3.725290298461914e-09, 0, -1.1175870895385742e-08, 1, -1.862645326866641e-08, 0, -1.862645149230957e-08, 1),
            ["LeftHand"] = CFrame.new(-6.258487701416016e-07, -2.384185791015625e-07, 2.086162567138672e-07, 0.6904876828193665, 0.4331778287887573, -0.5792961120605469, -0.3225459158420563, 0.9012147188186646, 0.28944140672683716, 0.6474496722221375, -0.01300615631043911, 0.7619972825050354),
            ["LeftFoot"] = CFrame.new(7.078051567077637e-08, -1.1920928955078125e-07, 7.450580596923828e-09, 0.9228590726852417, -0.3848063051700592, -0.015971185639500618, 0.38144758343696594, 0.9189574122428894, -0.1000770553946495, 0.053186897188425064, 0.08626489341259003, 0.9948515892028809),
            ["LowerTorso"] = CFrame.new(0.06897210329771042, -0.21897482872009277, -0.05500716343522072, 0.9818791747093201, 0.038825444877147675, 0.18548832833766937, -0.024222148582339287, 0.9964718222618103, -0.08035675436258316, -0.18795378506183624, 0.07440769672393799, 0.9793553352355957),
            ["RightLowerLeg"] = CFrame.new(-1.1920928955078125e-07, -0.0000034570693969726562, -0.00001337954745395109, 1, -1.6763810606335028e-07, 4.47035120032524e-08, 1.713633963618122e-07, 0.5021542310714722, 0.8647779822349548, -1.4901164746561335e-08, -0.8647781610488892, 0.5021545886993408),
            ["LeftUpperLeg"] = CFrame.new(-5.960464477539063e-08, 9.406358003616333e-08, 2.60770320892334e-08, 0.9001390337944031, 0.43550270795822144, 0.00934528186917305, -0.37596365809440613, 0.7875556349754333, -0.4882698357105255, -0.2200026661157608, 0.43599721789360046, 0.8726426959037781),
            ["LeftLowerLeg"] = CFrame.new(-1.1920928955078125e-07, 0.000003993511199951172, 0.000013217329978942871, 1, 1.043081283569336e-07, 4.470348358154297e-08, -1.3411046495548362e-07, 0.5840920209884644, 0.8116874098777771, 4.4703490686970326e-08, -0.8116874694824219, 0.5840920805931091),
        }},
        {Time = 0.267, Data = {
            ["RightFoot"] = CFrame.new(2.7939677238464355e-08, 2.980232238769531e-07, 1.6952981241047382e-09, 0.9536799788475037, 0.2982238531112671, 0.039461519569158554, -0.2416900396347046, 0.8376961946487427, -0.48974546790122986, -0.17911037802696228, 0.4575233459472656, 0.8709719777107239),
            ["LeftLowerArm"] = CFrame.new(0, 5.960464477539062e-07, -5.960464477539063e-08, 1, -8.009372010064908e-08, 9.313224325069314e-08, 4.8428763221863846e-08, -0.0013400536263361573, -0.9999991059303284, 4.656611807263289e-08, 0.9999991059303284, -0.0013400836614891887),
            ["RightUpperArm"] = CFrame.new(-1.1920928955078125e-07, -3.5762786865234375e-07, -2.2351741790771484e-08, 0.9740309119224548, -0.20435424149036407, -0.09748464822769165, 0.2239515483379364, 0.9329031705856323, 0.2820236086845398, 0.033311013132333755, -0.2965315282344818, 0.954442024230957),
            ["Head"] = CFrame.new(3.166496753692627e-08, -2.384185791015625e-07, 2.60770320892334e-08, 0.8198703527450562, -0.19177547097206116, -0.5394764542579651, 0.14723628759384155, 0.9811675548553467, -0.125027135014534, 0.5532940030097961, 0.023075535893440247, 0.8326664566993713),
            ["RightHand"] = CFrame.new(4.842877388000488e-08, -4.172325134277344e-07, -5.960464477539063e-08, 0.9917709231376648, -0.09080468118190765, 0.09025035798549652, 0.08959061652421951, 0.9958263039588928, 0.01742233708500862, -0.09145577251911163, -0.009193398989737034, 0.9957666993141174),
            ["UpperTorso"] = CFrame.new(-5.587935447692871e-09, -5.960464477539063e-08, -1.1175870895385742e-08, 0.9996737837791443, 0.013295244425535202, 0.021810926496982574, -0.0159852784126997, 0.9916189312934875, 0.12820470333099365, -0.019923562183976173, -0.12851151823997498, 0.991507887840271),
            ["HumanoidRootPart"] = CFrame.new(0, 0, 0, 1, 0, 0, 0, 1, 0, 0, 0, 1),
            ["RightUpperLeg"] = CFrame.new(1.1920928955078125e-07, 8.428469300270081e-07, -5.3849362302571535e-08, 0.8340242505073547, -0.47701945900917053, -0.277229905128479, 0.3645448088645935, 0.8536167740821838, -0.3720821142196655, 0.41413840651512146, 0.20926274359226227, 0.8858320116996765),
            ["LeftUpperArm"] = CFrame.new(-1.1920928955078125e-07, -1.1920928955078125e-07, 0, 0.9666947722434998, 0.22645613551139832, 0.11924348771572113, -0.23490145802497864, 0.9700316786766052, 0.062128499150276184, -0.10160060971975327, -0.08806975930929184, 0.990919291973114),
            ["RightLowerArm"] = CFrame.new(5.960464477539063e-08, 4.172325134277344e-07, 7.450580596923828e-08, 1, -1.862644793959589e-08, 0, 1.862644793959589e-08, 0.983697235584259, -0.17983241379261017, -7.450578820566989e-09, 0.17983238399028778, 0.9836972951889038),
            ["LeftHand"] = CFrame.new(2.086162567138672e-07, 1.1920928955078125e-07, -1.1175870895385742e-08, 0.6160823702812195, 0.4702407121658325, -0.6319147944450378, -0.3550074100494385, 0.8819118142127991, 0.31016355752944946, 0.7031446099281311, 0.033248137682676315, 0.7102692127227783),
            ["LeftFoot"] = CFrame.new(-1.1175870895385742e-08, 5.960464477539063e-08, 6.705522537231445e-08, 0.9224283695220947, -0.3861623704433441, -0.0021274317987263203, 0.38441985845565796, 0.9187617897987366, -0.08999042212963104, 0.03670533373951912, 0.08219213783740997, 0.9959403872489929),
