return {
    ["Sparrow Run"] = {
        [1] = {Time = 0.000, Data = {
            ["RightFoot"] = CFrame.new(1.4528632164001465e-07, -1.1920928955078125e-07, -1.3205863069742918e-08, 0.9977916479110718, -0.04669063538312912, -0.04724401235580444, 0.030484234914183617, 0.95382159948349, -0.2988229990005493, 0.05901458114385605, 0.29672276973724365, 0.9531384706497192),
            ["LeftLowerArm"] = CFrame.new(0.0000014007091522216797, -2.384185791015625e-07, 0.00000476837158203125, 1, 8.195639367158947e-08, -3.72529100900465e-08, 0, 0.30394598841667175, -0.9526892900466919, -1.0430814256778831e-07, 0.9526892900466919, 0.3039460778236389),
            ["RightUpperArm"] = CFrame.new(-0.01757580041885376, -0.03444385528564453, -0.03587473928928375, 0.8969976902008057, -0.28558436036109924, -0.33739736676216125, 0.41403481364250183, 0.8101518750190735, 0.41500502824783325, 0.15482407808303833, -0.511952817440033, 0.8449460864067078),
            ["Head"] = CFrame.new(9.313225746154785e-09, -0.0000010728836059570312, -7.916241884231567e-09, 0.9856414198875427, 0.02141640894114971, 0.16748838126659393, 0.01672886312007904, 0.9746578931808472, -0.22307442128658295, -0.16802135109901428, 0.22267314791679382, 0.9603049755096436),
            ["RightHand"] = CFrame.new(5.662441253662109e-07, 0.0000010728836059570312, -9.98377799987793e-07, 0.5075180530548096, -0.3034568727016449, 0.8064358234405518, 0.6098194718360901, 0.7877097129821777, -0.08737005293369293, -0.6087245941162109, 0.5361225008964539, 0.5848314762115479),
            ["UpperTorso"] = CFrame.new(6.51925802230835e-09, 4.172325134277344e-07, -3.6670826375484467e-08, 0.9525467157363892, -0.014529041945934296, -0.30404579639434814, -0.009569630026817322, 0.996937096118927, -0.07762011885643005, 0.3042423725128174, 0.07684635370969772, 0.9494900107383728),
            ["HumanoidRootPart"] = CFrame.new(0, 0, 0, 1, 0, 0, 0, 1, 0, 0, 0, 1),
            ["RightUpperLeg"] = CFrame.new(0, 2.2025778889656067e-07, -1.6596459317952394e-08, 0.9355305433273315, -0.13334566354751587, -0.3271109461784363, -0.047466348856687546, 0.8701633810997009, -0.4904719293117523, 0.3500422239303589, 0.47437819838523865, 0.8077349662780762),
            ["LeftUpperArm"] = CFrame.new(0.04636448621749878, 0.039403557777404785, -0.03703829273581505, 0.8059946298599243, 0.5658547878265381, -0.173726886510849, -0.4929293990135193, 0.4791508615016937, -0.726247251033783, -0.3277091383934021, 0.6709864735603333, 0.6651195287704468),
            ["RightLowerArm"] = CFrame.new(3.8743019104003906e-07, 5.364418029785156e-07, -0.000003874301910400391, 1, -0.000013753771781921387, 0.000013761228728981223, 0.00001899898416013457, 0.5308697819709778, -0.8474534749984741, 0.000004321337655710522, 0.8474534153938293, 0.5308698415756226),
            ["LeftHand"] = CFrame.new(-0.0000013113021850585938, -0.0000012516975402832031, 4.172325134277344e-07, 0.3583126366138458, 0.20376108586788177, -0.9110944867134094, -0.7129580974578857, 0.6897702813148499, -0.1261269897222519, 0.6027461886405945, 0.6947651505470276, 0.39242687821388245),
            ["LeftFoot"] = CFrame.new(2.1420419216156006e-08, -1.1920928955078125e-07, 5.960464477539063e-08, 0.9991680979728699, 0.027556534856557846, 0.030062086880207062, -0.014429139904677868, 0.9283591508865356, -0.37140390276908875, -0.038143109530210495, 0.3706614375114441, 0.9279847145080566),
            ["LowerTorso"] = CFrame.new(0.009687138721346855, -0.12513446807861328, 0.194090336561203, 0.9880083203315735, 0.006938608828932047, 0.15424448251724243, -0.015300652012228966, 0.9984724521636963, 0.0530921034514904, -0.153640478849411, -0.05481547862291336, 0.9866052269935608),
            ["RightLowerLeg"] = CFrame.new(-3.725290298461914e-09, -0.0007263422012329102, 0.00004594942583935335, 1, 1.3411050758804777e-07, 1.676381167214913e-08, -5.2154071283894154e-08, 0.6028013825416565, 0.7978914380073547, 1.1175872316471214e-07, -0.79789137840271, 0.6028012633323669),
            ["LeftUpperLeg"] = CFrame.new(-2.9802322387695312e-08, 3.4389086067676544e-07, -5.960464477539063e-08, 0.9985734820365906, 0.007884505204856396, 0.05280941724777222, 0.035632360726594925, 0.6381890177726746, -0.7690545916557312, -0.039765942841768265, 0.7698392868041992, 0.6369978189468384),
            ["LeftLowerLeg"] = CFrame.new(-7.450580596923828e-09, -0.0007266998291015625, 0.000080890953540802, 1, 9.033831105398349e-08, 7.543716407099055e-08, -6.519258732851085e-08, 0.05804320052266121, 0.9983141422271729, 1.4435501327625389e-07, -0.9983141422271729, 0.05804324522614479)
        }},
        [2] = {Time = 0.033, Data = {
            ["RightFoot"] = CFrame.new(1.8067657947540283e-07, -1.1920928955078125e-07, -7.281050784513354e-08, 0.998450517654419, -0.04161087051033974, -0.03694932535290718, 0.02021932788193226, 0.8898696303367615, -0.4557669758796692, 0.05184488371014595, 0.4543134570121765, 0.8893318772315979),
            ["LeftLowerArm"] = CFrame.new(0.0000011920928955078125, -3.5762786865234375e-07, 0.000004410743713378906, 1, 4.0978196835794733e-08, -1.043081283569336e-07, -4.470347647611561e-08, 0.3261394798755646, -0.9453216791152954, -7.450579886381092e-08, 0.9453217387199402, 0.32613950967788696),
            ["RightUpperArm"] = CFrame.new(-0.01291567087173462, -0.033934950828552246, -0.034451767802238464, 0.918533205986023, -0.2702648341655731, -0.2885371446609497, 0.3700326085090637, 0.844673752784729, 0.38678455352783203, 0.13918527960777283, -0.4620424807071686, 0.8758676052093506),
            ["Head"] = CFrame.new(0, -8.344650268554688e-07, -1.257285475730896e-08, 0.9882853031158447, -0.01573314145207405, 0.15180502831935883, 0.0523010790348053, 0.9693561792373657, -0.24002763628959656, -0.143376886844635, 0.24515509605407715, 0.9588232636451721),
            ["RightHand"] = CFrame.new(4.6193599700927734e-07, 0.0000010728836059570312, -8.121132850646973e-07, 0.508851170539856, -0.30244943499565125, 0.8059741258621216, 0.6090213060379028, 0.7881746292114258, -0.08873505145311356, -0.6084107756614685, 0.5360085964202881, 0.5852622985839844),
            ["UpperTorso"] = CFrame.new(-7.450580596923828e-09, 0, 6.05359673500061e-09, 0.9604923725128174, -0.025521017611026764, -0.2771337926387787, 0.019189300015568733, 0.9994897842407227, -0.02553579770028591, 0.27764421701431274, 0.01920892298221588, 0.9604920148849487),
            ["HumanoidRootPart"] = CFrame.new(0, 0, 0, 1, 0, 0, 0, 1, 0, 0, 0, 1),
            ["RightUpperLeg"] = CFrame.new(5.960464477539063e-08, -2.6702764444053173e-07, 1.0179064702242613e-08, 0.9389665722846985, -0.12215182185173035, -0.3215910494327545, -0.013973155058920383, 0.9205203056335449, -0.390444815158844, 0.34372469782829285, 0.3711082339286804, 0.8626309633255005),
            ["LeftUpperArm"] = CFrame.new(0.05128610134124756, 0.0431135892868042, -0.03491906449198723, 0.7918601632118225, 0.5965272188186646, -0.13081611692905426, -0.49280238151550293, 0.4976383149623871, -0.7137942314147949, -0.3606986105442047, 0.6296916007995605, 0.6880297660827637),
            ["RightLowerArm"] = CFrame.new(4.172325134277344e-07, 3.5762786865234375e-07, -0.0000040531158447265625, 1, -0.0000136941689561354, 0.000013932589354226366, 0.00001898408299894072, 0.5233234167098999, -0.852134108543396, 0.00000439584346167976, 0.8521342277526855, 0.5233234167098999),
            ["LeftHand"] = CFrame.new(-0.0000014007091522216797, -0.0000011920928955078125, 4.76837158203125e-07, 0.3807045817375183, 0.21198567748069763, -0.9000698328018188, -0.7167645692825317, 0.6826207637786865, -0.1423998475074768, 0.5842196941375732, 0.6993504166603088, 0.4118211269378662),
            ["LeftFoot"] = CFrame.new(1.30385160446167e-08, 0, -3.3527612686157227e-08, 0.9993022680282593, -0.006259029731154442, 0.03682427108287811, 0.020771179348230362, 0.9124888181686401, -0.4085742235183716, -0.031044352799654007, 0.4090539813041687, 0.9119820594787598),
            ["LowerTorso"] = CFrame.new(0.02103656344115734, -0.15194272994995117, 0.16357333958148956, 0.9893100261688232, 0.03289731964468956, 0.1420692801475525, -0.03299909457564354, 0.9994540810585022, -0.0016402817564085126, -0.14204569160938263, -0.0030654091387987137, 0.9898553490638733),
            ["RightLowerLeg"] = CFrame.new(-1.2293457984924316e-07, -0.0007264018058776855, 0.000046128239773679525, 1, 1.2293465090351674e-07, -7.450582373280668e-09, -6.332992796842518e-08, 0.6476203203201294, 0.7619633674621582, 7.450579886381092e-08, -0.7619632482528687, 0.6476202011108398),
            ["LeftUpperLeg"] = CFrame.new(-8.940696716308594e-08, -1.1315569281578064e-07, 7.916241884231567e-09, 0.9991554021835327, 0.015955746173858643, 0.0378691740334034, 0.020113831385970116, 0.6137133240699768, -0.789272665977478, -0.03583436459302902, 0.7893677949905396, 0.6128739714622498),
            ["LeftLowerLeg"] = CFrame.new(0, -0.0007265210151672363, 0.00008088350296020508, 1, 9.685756197086448e-08, 9.313224325069314e-08, -6.89178563106907e-08, -0.13753347098827362, 0.9904971122741699, 1.154839708306099e-07, -0.9904971122741699, -0.1375335156917572)
        }},
        [3] = {Time = 0.067, Data = {
            ["RightFoot"] = CFrame.new(2.4586915969848633e-07, 0, -2.438173396512866e-08, 0.9979994297027588, -0.04983584210276604, -0.03890394791960716, 0.022004779428243637, 0.8506767749786377, -0.5252282619476318, 0.05926975980401039, 0.5233215689659119, 0.8500716090202332),
            ["LeftLowerArm"] = CFrame.new(0.000001341104507446289, -2.384185791015625e-07, 0.000005185604095458984, 1, 1.1175872316471214e-07, -1.4901162970204496e-08, -1.1920930376163597e-07, 0.3860572576522827, -0.9224749207496643, -7.450581307466564e-08, 0.9224749207496643, 0.386057049036026),
            ["RightUpperArm"] = CFrame.new(-0.011765241622924805, -0.0264894962310791, -0.032935839146375656, 0.9301215410232544, -0.26353296637535095, -0.255781888961792, 0.33153170347213745, 0.9021397233009338, 0.27609914541244507, 0.15798968076705933, -0.34160542488098145, 0.926469087600708),
            ["Head"] = CFrame.new(5.587935447692871e-09, -9.5367431640625e-07, -6.05359673500061e-09, 0.9919574856758118, -0.04911569505929947, 0.11665398627519608, 0.07716921716928482, 0.9652149677276611, -0.24981039762496948, -0.10032662749290466, 0.25680315494537354, 0.9612422585487366),
            ["RightHand"] = CFrame.new(1.0803341865539551e-07, 7.748603820800781e-07, -9.592622518539429e-07, 0.5009990930557251, -0.3105471134185791, 0.8078117966651917, 0.6142582893371582, 0.7851273417472839, -0.07913196086883545, -0.6096610426902771, 0.5358503460884094, 0.5841048359870911),
            ["UpperTorso"] = CFrame.new(-1.862645149230957e-09, -2.9802322387695312e-08, 3.306195139884949e-08, 0.9769589900970459, -0.02938719093799591, -0.21139408648014069, 0.03393293544650078, 0.9992637038230896, 0.017907502129673958, 0.2107122391462326, -0.024668121710419655, 0.9772368669509888),
            ["HumanoidRootPart"] = CFrame.new(0, 0, 0, 1, 0, 0, 0, 1, 0, 0, 0, 1),
            ["RightUpperLeg"] = CFrame.new(-5.960464477539063e-08, -2.2561289370059967e-07, 1.3205863069742918e-08, 0.9498152732849121, -0.12833654880523682, -0.2852732837200165, -0.0017443351680412889, 0.9097778797149658, -0.415091872215271, 0.3128068745136261, 0.39475810527801514, 0.8638970255851746),
            ["LeftUpperArm"] = CFrame.new(0.05162423849105835, 0.0401536226272583, -0.03282439708709717, 0.7488990426063538, 0.6584733128547668, -0.07458681613206863, -0.5674540400505066, 0.5790730118751526, -0.5853806734085083, -0.34226635098457336, 0.4807155728340149, 0.8073204159736633),
            ["RightLowerArm"] = CFrame.new(6.556510925292969e-07, 4.172325134277344e-07, -0.0000036954879760742188, 1, -0.000013425944416667335, 0.000014096498489379883, 0.000019006431102752686, 0.5098360776901245, -0.8602716326713562, 0.000004395842552185059, 0.8602715730667114, 0.509835958480835),
            ["LeftHand"] = CFrame.new(-0.0000014901161193847656, -0.0000011920928955078125, 7.450580596923828e-08, 0.4033244848251343, 0.21314609050750732, -0.8898863792419434, -0.7169291377067566, 0.677929162979126, -0.16255682706832886, 0.568631649017334, 0.7035487294197083, 0.42623642086982727),
            ["LeftFoot"] = CFrame.new(0, -1.1920928955078125e-07, 7.450580596923828e-09, 0.9981939792633057, -0.04379667714238167, 0.04111775755882263, 0.05710091069340706, 0.9043658971786499, -0.422920286655426, -0.018662985414266586, 0.4245045483112335, 0.9052335619926453),
            ["LowerTorso"] = CFrame.new(0.032071277499198914, -0.208288311958313, 0.13689345121383667, 0.9929590225219727, 0.04509415850043297, 0.10954014956951141, -0.04055612161755562, 0.9982382655143738, -0.043309688568115234, -0.11130017787218094, 0.038562219589948654, 0.9930384755134583),
            ["RightLowerLeg"] = CFrame.new(-2.2351741790771484e-08, -0.0007262825965881348, 0.0000459643270005472, 1, 1.1548402767402877e-07, 1.4901166522918174e-08, -8.195639367158947e-08, 0.5321189761161804, 0.8466694951057434, 9.313227167240257e-08, -0.8466695547103882, 0.5321192741394043),
            ["LeftUpperLeg"] = CFrame.new(0, -1.4761462807655334e-07, 7.450580596923828e-09, 0.9989975094795227, 0.03966771438717842, 0.02074950747191906, -0.00668730353936553, 0.5905342698097229, -0.8069847226142883, -0.04426455870270729, 0.8060370087623596, 0.5902077555656433),
            ["LeftLowerLeg"] = CFrame.new(1.1920928955078125e-07, -0.000726163387298584, 0.00008109584450721741, 1, 6.705522537231445e-08, 1.0430815677864302e-07, -8.381903882082042e-08, -0.318768709897995, 0.9478325247764587, 1.0803343286625022e-07, -0.9478325247764587, -0.31876876950263977)
        }},
        [4] = {Time = 0.100, Data = {
            ["RightFoot"] = CFrame.new(1.6205012798309326e-07, -5.960464477539063e-08, -4.300818545743823e-08, 0.9965338110923767, -0.06727822870016098, -0.04892965033650398, 0.028383765369653702, 0.8278571963310242, -0.5602202415466309, 0.07819737493991852, 0.5568897128105164, 0.8268973231315613),
            ["LeftLowerArm"] = CFrame.new(9.238719940185547e-07, -1.7881393432617188e-07, 0.000004825182259082794, 1, 1.4156105976326216e-07, -5.774202094244174e-08, -1.1920930376163597e-07, 0.41736075282096863, -0.9087409377098083, -5.681068415697155e-08, 0.9087409973144531, 0.41736075282096863),
            ["RightUpperArm"] = CFrame.new(-0.014797568321228027, -0.014414548873901367, -0.03184985741972923, 0.9329568147659302, -0.26338282227516174, -0.24540022015571594, 0.29347631335258484, 0.9512574672698975, 0.09476776421070099, 0.2084786295890808, -0.16043351590633392, 0.96477872133255),
            ["Head"] = CFrame.new(4.6566128730773926e-09, -4.76837158203125e-07, -2.3283064365386963e-09, 0.9959660172462463, -0.06340298801660538, 0.06349683552980423, 0.07690107822418213, 0.9677470922470093, -0.23989979922771454, -0.04623847082257271, 0.24381513893604279, 0.9687188863754272),
            ["RightHand"] = CFrame.new(4.4330954551696777e-07, 0.0000012516975402832031, -9.164214134216309e-07, 0.49100807309150696, -0.32527509331703186, 0.8081502318382263, 0.6315295696258545, 0.7719066143035889, -0.07301139086484909, -0.6000679135322571, 0.5462201237678528, 0.5844336152076721),
            ["UpperTorso"] = CFrame.new(1.210719347000122e-08, -2.9802322387695312e-08, -1.3969838619232178e-08, 0.9943789839744568, -0.014511738903820515, -0.10488013923168182, 0.01878228224813938, 0.999029278755188, 0.039845991879701614, 0.10420005768537521, -0.04159192368388176, 0.993686318397522),
            ["HumanoidRootPart"] = CFrame.new(0, 0, 0, 1, 0, 0, 0, 1, 0, 0, 0, 1),
            ["RightUpperLeg"] = CFrame.new(-2.9802322387695312e-08, 2.1141022443771362e-07, -7.283233571797609e-09, 0.9661744236946106, -0.10448037087917328, -0.23577719926834106, -0.027851324528455734, 0.8666357398033142, -0.49816399812698364, 0.25638124346733093, 0.48787954449653625, 0.834411084651947),
            ["LeftUpperArm"] = CFrame.new(0.0472949743270874, 0.03088533878326416, -0.03166087344288826, 0.7586430907249451, 0.6488569378852844, 0.05870005488395691, -0.5639111995697021, 0.699096143245697, -0.43962278962135315, -0.3262893855571747, 0.30041542649269104, 0.8962622880935669),
            ["RightLowerArm"] = CFrame.new(0, 7.748603820800781e-07, -0.0000036656856536865234, 1, -0.000013127921192790382, 0.000014416877093026415, 0.000018958004147862084, 0.4928172528743744, -0.8701328039169312, 0.000004313886620366247, 0.8701328039169312, 0.49281731247901917),
            ["LeftHand"] = CFrame.new(-0.0000017285346984863281, -0.0000011920928955078125, -2.1606683731079102e-07, 0.41021716594696045, 0.218620166182518, -0.885396420955658, -0.7055561542510986, 0.691220760345459, -0.15621978044509888, 0.5778516530990601, 0.6887810230255127, 0.4377999007701874),
            ["LeftFoot"] = CFrame.new(1.4901161193847656e-08, -5.960464477539063e-08, -5.21540641784668e-08, 0.99610435962677, -0.07660818099975586, 0.04367196559906006, 0.08817524462938309, 0.8714276552200317, -0.4825342893600464, -0.0010908859549090266, 0.4845049977302551, 0.8747876882553101),
            ["LowerTorso"] = CFrame.new(0.04227030277252197, -0.29646074771881104, 0.1176958978176117, 0.9980068802833557, 0.02875927835702896, 0.056171342730522156, -0.025366300716996193, 0.9978634119033813, -0.060210149735212326, -0.05778292566537857, 0.058665286749601364, 0.9966040253639221),
            ["RightLowerLeg"] = CFrame.new(-8.195638656616211e-08, -0.0007259845733642578, 0.00004597922816174105, 1, 1.0430814256778831e-07, 4.4703494239684005e-08, -8.940698137394065e-08, 0.3461139500141144, 0.9381924271583557, 1.266598843585598e-07, -0.9381925463676453, 0.34611421823501587),
            ["LeftUpperLeg"] = CFrame.new(0, -8.288770914077759e-08, -1.4901161193847656e-08, 0.9959617257118225, 0.08977840095758438, -0.0001925145334098488, -0.050967905670404434, 0.5636476874351501, -0.82444167137146, -0.0739084929227829, 0.821121871471405, 0.5659469366073608),
            ["LeftLowerLeg"] = CFrame.new(-2.9802322387695312e-08, -0.0007264614105224609, 0.00008091749623417854, 1, 5.215408194203519e-08, 1.1920930376163597e-07, -8.195639367158947e-08, -0.47594478726387024, 0.8794752955436707, 1.3690443267933006e-07, -0.8794752359390259, -0.4759446680545807)
        }},
        [5] = {Time = 0.133, Data = {
            ["RightFoot"] = CFrame.new(1.7508864402770996e-07, 0, 4.639878170564771e-08, 0.995218813419342, -0.08100941777229309, -0.05456351116299629, 0.03797416016459465, 0.8356203436851501, -0.5479934811592102, 0.08998704701662064, 0.5433012843132019, 0.8347011804580688),
            ["LeftLowerArm"] = CFrame.new(0.000001519918441772461, -4.76837158203125e-07, 0.000005036592483520508, 1, 1.3411046495548362e-07, -6.705523247774181e-08, -8.195638656616211e-08, 0.4653104543685913, -0.8851475715637207, -5.960464477539063e-08, 0.8851475715637207, 0.4653104841709137),
            ["RightUpperArm"] = CFrame.new(-0.021781206130981445, -0.00037848949432373047, -0.031036080792546272, 0.9221076369285583, -0.28173547983169556, -0.26522183418273926, 0.26685449481010437, 0.9593977928161621, -0.0913497656583786, 0.2801898419857025, 0.01345868594944477, 0.9598503112792969),
            ["Head"] = CFrame.new(-5.122274160385132e-09, -9.5367431640625e-07, -2.450542524456978e-08, 0.9972347617149353, -0.07417824119329453, 0.0045214551500976086, 0.07338520139455795, 0.9733216762542725, -0.2173929363489151, 0.011725001037120819, 0.21712346374988556, 0.9760737419128418),
            ["RightHand"] = CFrame.new(1.043081283569336e-07, 9.5367431640625e-07, -3.725290298461914e-07, 0.47825175523757935, -0.3406197726726532, 0.8094768524169922, 0.6546329259872437, 0.7526954412460327, -0.07004063576459885, -0.5854324698448181, 0.5634072422981262, 0.5829592943191528),
            ["UpperTorso"] = CFrame.new(9.70612745732069e-09, -1.7881393432617188e-07, 5.948095349594951e-09, 0.9999207854270935, 0.0013499653432518244, 0.012519003823399544, -0.0018819576362147927, 0.9990912675857544, 0.042580440640449524, -0.012450141832232475, -0.04260063171386719, 0.999014675617218),
            ["HumanoidRootPart"] = CFrame.new(0, 0, 0, 1, 0, 0, 0, 1, 0, 0, 0, 1),
            ["RightUpperLeg"] = CFrame.new(2.9802322387695312e-08, -5.797483026981354e-08, 5.289621185511351e-09, 0.9779598116874695, -0.06285641342401505, -0.19910749793052673, -0.058978959918022156, 0.8316099047660828, -0.5522198677062988, 0.2002902328968048, 0.5517916679382324, 0.8095737099647522),
            ["LeftUpperArm"] = CFrame.new(0.03938150405883789, 0.017975449562072754, -0.030968308448791504, 0.8391377329826355, 0.51289963722229, 0.18105751276016235, -0.4569036662578583, 0.8452969789505005, -0.2769700586795807, -0.29510530829429626, 0.149690181016922, 0.9436662197113037),
            ["RightLowerArm"] = CFrame.new(1.4901161193847656e-07, 5.960464477539062e-07, -0.000003814697265625, 1, -0.000012740492820739746, 0.00001474470082030166, 0.00001898594018712174, 0.46879953145980835, -0.8833046555519104, 0.000004306435130274622, 0.8833045959472656, 0.4687995910644531),
            ["LeftHand"] = CFrame.new(-0.0000016540288925170898, -0.0000012516975402832031, 4.172325134277344e-07, 0.4167877733707428, 0.22926174104213715, -0.8796172738075256, -0.6826328635215759, 0.7179321050643921, -0.1363305300474167, 0.600250244140625, 0.6572765707969666, 0.45572736859321594),
            ["LeftFoot"] = CFrame.new(9.313225746154785e-09, -1.7881393432617188e-07, -8.940696716308594e-08, 0.9940267205238342, -0.09933798015117645, 0.04519849270582199, 0.10809969902038574, 0.8391993641853333, -0.5329720973968506, 0.015013786032795906, 0.5346742272377014, 0.8449248671531677),
            ["LowerTorso"] = CFrame.new(0.04863575100898743, -0.34457433223724365, 0.10568159818649292, 0.9999756217002869, 0.006906993221491575, -0.0010335049591958523, -0.006958388723433018, 0.9979889392852783, -0.06300570070743561, 0.0005962465656921268, 0.06301136314868927, 0.9980126619338989),
            ["RightLowerLeg"] = CFrame.new(1.4901161193847656e-08, -0.0007264614105224609, 0.00004608353629009798, 1, 1.3411046495548362e-07, 4.4703490686970326e-08, -9.313227167240257e-08, 0.2432006299495697, 0.9699760675430298, 1.266598843585598e-07, -0.9699760675430298, 0.24320074915885925),
            ["LeftUpperLeg"] = CFrame.new(0, -5.774199962615967e-08, -3.550667315721512e-09, 0.9893602728843689, 0.14525927603244781, -0.00813067052513361, -0.08995266258716583, 0.5668300986289978, -0.8189092874526978, -0.11434540897607803, 0.8109275102615356, 0.5738654136657715),
            ["LeftLowerLeg"] = CFrame.new(0, -0.0007269382476806641, 0.0000809626653790474, 1, 7.450579886381092e-08, 1.2293455142753373e-07, -6.70552182668871e-08, -0.5444468259811401, 0.8387954831123352, 1.1362133989223366e-07, -0.8387953639030457, -0.5444466471672058)
        }},
        [6] = {Time = 0.167, Data = {
            ["RightFoot"] = CFrame.new(1.862645149230957e-07, 0, 8.737697498872876e-08, 0.9951669573783875, -0.08207838982343674, -0.053905732929706573, 0.04980389028787613, 0.8949905633926392, -0.44329604506492615, 0.08463022112846375, 0.43846890330314636, 0.8947529792785645),
            ["LeftLowerArm"] = CFrame.new(0.0000010728836059570312, 5.960464477539063e-08, 0.000004976987838745117, 1, 1.3411042232291948e-07, 0, -8.66129994392395e-08, 0.5135956406593323, -0.8580324053764343, -8.940696716308594e-08, 0.8580324053764343, 0.5135955810546875),
            ["RightUpperArm"] = CFrame.new(-0.032335102558135986, 0.010082125663757324, -0.0299336239695549, 0.8901287913322449, -0.32012423872947693, -0.32433202862739563, 0.2700064778327942, 0.9438171982765198, -0.19054044783115387, 0.3671067953109741, 0.08203379064798355, 0.9265545010566711),
            ["Head"] = CFrame.new(0, -5.960464477539062e-07, 1.257285475730896e-08, 0.9979378581047058, -0.04304734617471695, -0.04761462286114693, 0.03408621996641159, 0.9839486479759216, -0.17516624927520752, 0.05439077317714691, 0.17318184673786163, 0.9833868741989136),
            ["RightHand"] = CFrame.new(3.725290298461914e-07, 0.0000011324882507324219, -8.195638656616211e-07, 0.46703630685806274, -0.35225096344947815, 0.8110461235046387, 0.6728948354721069, 0.7366481423377991, -0.06754390895366669, -0.5736633539199829, 0.5772944092750549, 0.5810697078704834),
            ["UpperTorso"] = CFrame.new(7.916241884231567e-09, 1.1920928955078125e-07, 4.6566128730773926e-09, 0.994189977645874, 0.0042215073481202126, 0.10755731165409088, -0.004826382268220186, 0.9999740123748779, 0.005363998003304005, -0.10753185302019119, -0.005851927679032087, 0.9941844344139099),
            ["HumanoidRootPart"] = CFrame.new(0, 0, 0, 1, 0, 0, 0, 1, 0, 0, 0, 1),
            ["RightUpperLeg"] = CFrame.new(0, -7.59027898311615e-08, 1.879379851743579e-08, 0.9842941761016846, -0.024030299857258797, -0.17489297688007355, -0.07533296942710876, 0.8387877345085144, -0.5392218232154846, 0.15965570509433746, 0.5439280271530151, 0.8238035440444946),
            ["LeftUpperArm"] = CFrame.new(0.028659462928771973, 0.004898548126220703, -0.029931865632534027, 0.8680087327957153, 0.44781985878944397, 0.21451839804649353, -0.42899852991104126, 0.8938783407211304, -0.130161315202713, -0.250042200088501, 0.02095305733382702, 0.9680082201957703),
            ["RightLowerArm"] = CFrame.new(3.8743019104003906e-07, 2.980232238769531e-07, -0.000003919005393981934, 1, -0.000012297183275222778, 0.00001509487810835708, 0.000018913298845291138, 0.4413506090641022, -0.8973348140716553, 0.000004284083843231201, 0.8973348140716553, 0.44135063886642456),
            ["LeftHand"] = CFrame.new(-0.0000016540288925170898, -0.0000010132789611816406, 5.662441253662109e-07, 0.431233674287796, 0.2436572015285492, -0.8687165379524231, -0.6437956094741821, 0.7576693296432495, -0.10707154870033264, 0.6321113109588623, 0.6054489016532898, 0.48359841108322144),
            ["LeftFoot"] = CFrame.new(-2.421438694000244e-08, -5.960464477539063e-08, 5.960464477539063e-08, 0.9947223663330078, -0.0915256142616272, 0.04637335240840912, 0.10228083282709122, 0.8487372398376465, -0.5188290476799011, 0.008127355948090553, 0.5208340287208557, 0.853619396686554),
            ["LowerTorso"] = CFrame.new(0.046098288148641586, -0.2737778425216675, 0.10102120786905289, 0.9989673495292664, -0.0070021930150687695, -0.04489279165863991, 0.005416203755885363, 0.9993602633476257, -0.03535318374633789, 0.04511162266135216, 0.03507351875305176, 0.998366117477417),
            ["RightLowerLeg"] = CFrame.new(8.940696716308594e-08, -0.0007265806198120117, 0.00004600157990353182, 1, 1.415610881849716e-07, 3.352762334429826e-08, -1.005828522693264e-07, 0.34850916266441345, 0.9373053312301636, 1.005828522693264e-07, -0.9373054504394531, 0.34850937128067017),
            ["LeftUpperLeg"] = CFrame.new(-2.9802322387695312e-08, -1.1664815247058868e-07, 1.862645149230957e-08, 0.9819067716598511, 0.18733595311641693, 0.027649788185954094, -0.09384951740503311, 0.608237087726593, -0.7881876826286316, -0.1644735485315323, 0.7713320255279541, 0.6148135662078857),
            ["LeftLowerLeg"] = CFrame.new(5.960464477539063e-08, -0.0007266402244567871, 0.00008106930181384087, 1, 7.078051567077637e-08, 1.2293457984924316e-07, -5.960464477539063e-08, -0.450008749961853, 0.8930240869522095, 1.2014061212539673e-07, -0.893024206161499, -0.4500088691711426)
        }},
        [7] = {Time = 0.200, Data = {
            ["RightFoot"] = CFrame.new(2.644956111907959e-07, -5.960464477539063e-08, 3.149762051180005e-08, 0.9956749677658081, -0.07659569382667542, -0.05257866531610489, 0.05807415395975113, 0.9548690319061279, -0.29129472374916077, 0.07251767069101334, 0.2869812846183777, 0.9551873207092285),
            ["LeftLowerArm"] = CFrame.new(0.0000013709068298339844, -5.364418029785156e-07, 0.000004664063453674316, 1, 8.940696716308594e-08, 0, -1.471489667892456e-07, 0.5567589998245239, -0.8306741714477539, -6.705522537231445e-08, 0.8306741118431091, 0.5567589402198792),
            ["RightUpperArm"] = CFrame.new(-0.045011937618255615, 0.020824909210205078, -0.02967359498143196, 0.840888261795044, -0.3860686421394348, -0.37928664684295654, 0.31468769907951355, 0.9189483523368835, -0.23770910501480103, 0.4403166174888611, 0.08052994310855865, 0.8942237496376038),
            ["Head"] = CFrame.new(2.7939677238464355e-09, -8.344650268554688e-07, 8.96397978067398e-09, 0.9959176778793335, -0.007183212321251631, -0.08998027443885803, -0.005767843220382929, 0.9897274971008301, -0.1428506225347519, 0.09008193761110306, 0.14278632402420044, 0.9856456518173218),
            ["RightHand"] = CFrame.new(2.8312206268310547e-07, 0.0000010728836059570312, -9.98377799987793e-07, 0.45726510882377625, -0.36320576071739197, 0.8117818236351013, 0.6936823725700378, 0.716871440410614, -0.07000033557415009, -0.5565189123153687, 0.5951277017593384, 0.5797502994537354),
            ["UpperTorso"] = CFrame.new(-4.6566128730773926e-09, -4.172325134277344e-07, -1.210719347000122e-08, 0.9831430315971375, -0.00006959633901715279, 0.1828385591506958, 0.006948448717594147, 0.9992918372154236, -0.03698223829269409, -0.18270641565322876, 0.037629272788763046, 0.9824471473693848),
            ["HumanoidRootPart"] = CFrame.new(0, 0, 0, 1, 0, 0, 0, 1, 0, 0, 0, 1),
            ["RightUpperLeg"] = CFrame.new(0, -3.3738615456968546e-07, 2.9613147489726543e-09, 0.9889450073242188, 0.0022578055504709482, -0.1482660323381424, -0.07552275061607361, 0.8681500554084778, -0.4905218780040741, 0.1276097148656845, 0.49629658460617065, 0.8587231040000916),
            ["LeftUpperArm"] = CFrame.new(0.01646357774734497, -0.009423136711120605, -0.02949216589331627, 0.8966180086135864, 0.3923570513725281, 0.20526164770126343, -0.39780864119529724, 0.917332649230957, -0.01578175462782383, -0.19448524713516235, -0.06750467419624329, 0.9785799384117126),
            ["RightLowerArm"] = CFrame.new(4.470348358154297e-07, 6.556510925292969e-07, -0.000003777444362640381, 1, -0.000011418013855291065, 0.000015735631677671336, 0.000018998980522155762, 0.3906804323196411, -0.9205265045166016, 0.000004328787326812744, 0.920526385307312, 0.3906804621219635),
            ["LeftHand"] = CFrame.new(-0.0000013113021850585938, -0.0000011920928955078125, 1.043081283569336e-07, 0.4481652081012726, 0.254829466342926, -0.8568602204322815, -0.6161089539527893, 0.7825583219528198, -0.08951229602098465, 0.6477329134941101, 0.5680356025695801, 0.507718563079834),
            ["LeftFoot"] = CFrame.new(-5.21540641784668e-08, -2.384185791015625e-07, 1.341104507446289e-07, 0.9971290826797485, -0.06181150674819946, 0.04373646154999733, 0.07533575594425201, 0.8679665327072144, -0.49087533354759216, -0.007620013318955898, 0.4927610456943512, 0.8701313138008118),
            ["LowerTorso"] = CFrame.new(0.035603102296590805, -0.1613985300064087, 0.10041223466396332, 0.9968568086624146, -0.00978388637304306, -0.0786176323890686, 0.009707195684313774, 0.9999520182609558, -0.0013576046330854297, 0.07862712442874908, 0.0005901837139390409, 0.9969040155410767),
            ["RightLowerLeg"] = CFrame.new(-3.725290298461914e-08, -0.0007263422012329102, 0.000046031382225919515, 1, 8.195642919872625e-08, 1.1175874448099421e-08, -6.705523958316917e-08, 0.5311198234558105, 0.8472966551780701, 8.195640788244418e-08, -0.8472967147827148, 0.5311199426651001),
            ["LeftUpperLeg"] = CFrame.new(0, -4.997491487301886e-07, -1.862645149230957e-08, 0.9722925424575806, 0.20883262157440186, 0.10505396127700806, -0.07023544609546661, 0.6895961761474609, -0.7207801938056946, -0.22296729683876038, 0.6934306621551514, 0.6851566433906555),
            ["LeftLowerLeg"] = CFrame.new(8.195638656616211e-08, -0.0007266402244567871, 0.0000811554491519928, 1, 8.568168397005138e-08, 8.940698137394065e-08, -8.568165554834195e-08, -0.20435436069965363, 0.9788970351219177, 1.0803339023368608e-07, -0.9788970351219177, -0.20435449481010437)
        }},
        [8] = {Time = 0.233, Data = {
            ["RightFoot"] = CFrame.new(1.955777406692505e-07, -1.1920928955078125e-07, 1.287116901949048e-08, 0.9954991340637207, -0.06914814561605453, -0.06480827182531357, 0.0377667136490345, 0.9166475534439087, -0.3979082703590393, 0.08692111074924469, 0.3936696946620941, 0.9151332974433899),
            ["LeftLowerArm"] = CFrame.new(0.0000011324882507324219, -4.172325134277344e-07, 0.000004816800355911255, 1, 8.940695295223122e-08, -2.2351745343485163e-08, -7.450581307466564e-08, 0.5885785818099976, -0.8084402084350586, -7.124618406351146e-08, 0.8084400296211243, 0.5885784029960632),
            ["RightUpperArm"] = CFrame.new(-0.05982273817062378, 0.0378725528717041, -0.029556361958384514, 0.7919113039970398, -0.44659069180488586, -0.41645339131355286, 0.3828791081905365, 0.8944284319877625, -0.23108747601509094, 0.475689172744751, 0.023549560457468033, 0.879298210144043),
            ["Head"] = CFrame.new(-5.238689482212067e-10, -7.152557373046875e-07, -9.19681042432785e-09, 0.9923976063728333, -0.018608465790748596, -0.12165849655866623, -0.00031203089747577906, 0.988119900226593, -0.15368524193763733, 0.12307291477918625, 0.1525547355413437, 0.9806019067764282),
            ["RightHand"] = CFrame.new(6.407499313354492e-07, 0.0000010728836059570312, -5.811452865600586e-07, 0.4665835201740265, -0.3755566477775574, 0.8007848858833313, 0.7191187143325806, 0.6881893277168274, -0.09624913334846497, -0.514944851398468, 0.6207678318023682, 0.5911681056022644),
            ["UpperTorso"] = CFrame.new(6.51925802230835e-09, 5.960464477539063e-08, -1.525040715932846e-08, 0.9723583459854126, -0.01202510204166174, 0.2331838607788086, 0.025025121867656708, 0.9982877373695374, -0.05287214741110802, -0.232148677110672, 0.0572461262345314, 0.9709943532943726),
            ["HumanoidRootPart"] = CFrame.new(0, 0, 0, 1, 0, 0, 0, 1, 0, 0, 0, 1),
            ["RightUpperLeg"] = CFrame.new(8.940696716308594e-08, -2.7031637728214264e-07, -2.590968506410718e-08, 0.9934075474739075, -0.01972970925271511, -0.11292561888694763, -0.057249825447797775, 0.7680566906929016, -0.6378178000450134, 0.09931720048189163, 0.6400778293609619, 0.7618637681007385),
            ["LeftUpperArm"] = CFrame.new(0.0036393404006958008, -0.029767751693725586, -0.02900051698088646, 0.8974326252937317, 0.4094422161579132, 0.16423173248767853, -0.41767618060112, 0.9084257483482361, 0.01758795604109764, -0.14199112355709076, -0.08437974005937576, 0.9862650036811829),
            ["RightLowerArm"] = CFrame.new(-1.4901161193847656e-07, 5.364418029785156e-07, -0.000003941357135772705, 1, -0.00000961916521191597, 0.000017020856830640696, 0.000019028782844543457, 0.283515989780426, -0.9589675664901733, 0.000004343688488006592, 0.9589675068855286, 0.2835160493850708),
            ["LeftHand"] = CFrame.new(-0.0000014789402484893799, -0.0000013113021850585938, 2.644956111907959e-07, 0.5152501463890076, 0.3187119662761688, -0.7955750823020935, -0.6727359890937805, 0.7255265116691589, -0.14504386484622955, 0.5309836864471436, 0.6099459528923035, 0.5882369875907898),
            ["LeftFoot"] = CFrame.new(2.7939677238464355e-08, 0, 2.9802322387695312e-08, 0.99950110912323, 0.008892112411558628, 0.03030623123049736, 0.006656859070062637, 0.8786851763725281, -0.4773551821708679, -0.030874431133270264, 0.4773189127445221, 0.8781876564025879),
            ["LowerTorso"] = CFrame.new(0.017573699355125427, -0.11612355709075928, 0.10591216385364532, 0.9951333403587341, 0.0056126792915165424, -0.09837757796049118, -0.004271643701940775, 0.9998951554298401, 0.013836848549544811, 0.09844492375850677, -0.013349279761314392, 0.9950529336929321),
            ["RightLowerLeg"] = CFrame.new(-3.725290298461914e-08, -0.0007263422012329102, 0.00004614314093487337, 1, 1.49011640360186e-07, 5.215408904746255e-08, -7.82310962677002e-08, 0.2318585067987442, 0.9727495908737183, 1.3783574104309082e-07, -0.9727495312690735, 0.23185868561267853),
            ["LeftUpperLeg"] = CFrame.new(-5.960464477539063e-08, -9.260838851332664e-08, -1.862645149230957e-08, 0.9585511684417725, 0.16408030688762665, 0.2329324632883072, -0.007202528417110443, 0.83122718334198, -0.5558865070343018, -0.284829705953598, 0.53116774559021, 0.7979552745819092),
            ["LeftLowerLeg"] = CFrame.new(3.725290298461914e-09, -0.0007265210151672363, 0.00008093565702438354, 1, 9.126959810146218e-08, 7.543713564928112e-08, -9.126959810146218e-08, 0.24156221747398376, 0.9703854322433472, 6.146728281919422e-08, -0.9703853130340576, 0.24156218767166138)
        }},
        [9] = {Time = 0.267, Data = {
            ["RightFoot"] = CFrame.new(6.332993507385254e-08, 0, 6.129994289949536e-08, 0.9931384921073914, -0.08402649313211441, -0.08133598417043686, 0.044526103883981705, 0.9148190021514893, -0.40140214562416077, 0.10813617706298828, 0.3950263261795044, 0.9122832417488098),
            ["LeftLowerArm"] = CFrame.new(0.0000012516975402832031, -5.364418029785156e-07, 0.000004842877388000488, 1, 1.7881393432617188e-07, 0, -7.82310962677002e-08, 0.6112260818481445, -0.7914561629295349, -1.043081283569336e-07, 0.7914560437202454, 0.6112260222434998),
            ["RightUpperArm"] = CFrame.new(-0.0715898871421814, 0.05208945274353027, -0.030312994495034218, 0.7573959231376648, -0.4711948335170746, -0.4520253539085388, 0.4442087709903717, 0.8792179226875305, -0.1722046285867691, 0.4785708785057068, -0.0703665167093277, 0.8752248883247375),
            ["Head"] = CFrame.new(6.51925802230835e-09, -5.960464477539062e-07, -4.0745362639427185e-09, 0.990021288394928, -0.037409573793411255, -0.13586199283599854, 0.012234565801918507, 0.9832967519760132, -0.18159796297550201, 0.14038614928722382, 0.17812365293502808, 0.9739423394203186),
            ["RightHand"] = CFrame.new(-1.043081283569336e-07, 0.0000011324882507324219, -8.158385753631592e-07, 0.48546773195266724, -0.3933054506778717, 0.7807888388633728, 0.7479567527770996, 0.6492405533790588, -0.13801294565200806, -0.45263874530792236, 0.6509972810745239, 0.6093614101409912),
            ["UpperTorso"] = CFrame.new(2.7939677238464355e-09, 3.5762786865234375e-07, 1.7811544239521027e-08, 0.9662826657295227, -0.030620945617556572, 0.25565680861473083, 0.04597689211368561, 0.9974653720855713, -0.05430474504828453, -0.2533458471298218, 0.06422799080610275, 0.9652413129806519),
            ["HumanoidRootPart"] = CFrame.new(0, 0, 0, 1, 0, 0, 0, 1, 0, 0, 0, 1),
            ["RightUpperLeg"] = CFrame.new(0, -8.032657206058502e-08, 9.480572771281004e-09, 0.9951261281967163, -0.05318673327565193, -0.08303675055503845, -0.03210592269897461, 0.6214374899864197, -0.7828059792518616, 0.09323699027299881, 0.7816563844680786, 0.6167007088661194),
            ["LeftUpperArm"] = CFrame.new(-0.005201280117034912, -0.047678351402282715, -0.029326722025871277, 0.8899306654930115, 0.4454754889011383, 0.09785293787717819, -0.4459722936153412, 0.8948667049407959, -0.017951268702745438, -0.09556230902671814, -0.027664341032505035, 0.9950390458106995),
            ["RightLowerArm"] = CFrame.new(4.172325134277344e-07, 6.556510925292969e-07, -0.000003725290298461914, 1, -0.000007189810276031494, 0.000018082562746712938, 0.000019000843167304993, 0.15086248517036438, -0.9885547757148743, 0.000004380941390991211, 0.9885547757148743, 0.150862455368042),
            ["LeftHand"] = CFrame.new(-0.0000017117708921432495, -0.0000012516975402832031, 2.682209014892578e-07, 0.5610878467559814, 0.3763228952884674, -0.7372658252716064, -0.7222819328308105, 0.6576587557792664, -0.2139953374862671, 0.40433815121650696, 0.6525840759277344, 0.6408160924911499),
            ["LeftFoot"] = CFrame.new(2.7939677238464355e-09, -1.1920928955078125e-07, -5.21540641784668e-08, 0.9965160489082336, 0.07965915650129318, 0.024705100804567337, -0.07037413120269775, 0.9620866179466248, -0.26350879669189453, -0.044759463518857956, 0.26085230708122253, 0.9643405675888062),
