return {
    ["Speedy Macarena"] = {
        {Time = 0.000, Data = {
            ["RightFoot"] = CFrame.new(-7.450580596923828e-09, 2.384185791015625e-07, -1.0986695997416973e-09, 0.9398478269577026, -0.3208099901676178, -0.11733563244342804, 0.14001379907131195, 0.6751020550727844, -0.7243154048919678, 0.31158050894737244, 0.6643178462982178, 0.6794111728668213),
            ["LeftLowerArm"] = CFrame.new(-3.5762786865234375e-07, 2.980232238769531e-07, -7.35744833946228e-08, 1, -1.4901161193847656e-08, -8.940695295223122e-08, -3.725290298461914e-09, 0.425916850566864, -0.904762327671051, 5.192123353481293e-08, 0.9047623872756958, 0.425916850566864),
            ["RightUpperArm"] = CFrame.new(-1.1920928955078125e-07, 0, -4.284083843231201e-08, 0.5690326690673828, 0.5062207579612732, 0.6480294466018677, 0.3304392397403717, 0.580865740776062, -0.7439121603965759, -0.7530018091201782, 0.6374444961547852, 0.1632566750049591),
            ["Head"] = CFrame.new(5.529727786779404e-09, -2.384185791015625e-07, -5.471520125865936e-08, 0.8942334055900574, -0.3403005599975586, -0.29076164960861206, 0.1679333597421646, 0.8572216629981995, -0.4867951273918152, 0.41490378975868225, 0.38647982478141785, 0.823703944683075),
            ["RightHand"] = CFrame.new(2.3096799850463867e-07, 0, 1.7881393432617188e-07, 0.5824062824249268, -0.6079707741737366, 0.539605975151062, 0.7320696711540222, 0.6808398962020874, -0.023037435486912727, -0.3533792793750763, 0.4084465205669403, 0.8416025042533875),
            ["UpperTorso"] = CFrame.new(-7.450580596923828e-09, 1.1920928955078125e-07, -6.845220923423767e-08, 0.9928243160247803, -0.10179953277111053, 0.06274386495351791, 0.08397664874792099, 0.9670740365982056, 0.2402409315109253, -0.08513439446687698, -0.23324796557426453, 0.9686834216117859),
            ["HumanoidRootPart"] = CFrame.new(0, 0, 0, 1, 0, 0, 0, 1, 0, 0, 0, 1),
            ["RightUpperLeg"] = CFrame.new(-5.960464477539063e-08, -1.862645149230957e-07, -1.287116901949048e-08, 0.978627622127533, -0.12256292253732681, -0.1651248335838318, -0.1688164472579956, -0.02029919996857643, -0.9854384660720825, 0.11742657423019409, 0.9922531843185425, -0.04055626690387726),
            ["LeftUpperArm"] = CFrame.new(1.1920928955078125e-07, 4.76837158203125e-07, -1.5832483768463135e-07, 0.731269896030426, 0.61593097448349, 0.2930418848991394, -0.4997255802154541, 0.7762027978897095, -0.3844265341758728, -0.4642398953437805, 0.13467885553836823, 0.8754099607467651),
            ["RightLowerArm"] = CFrame.new(-8.940696716308594e-08, 5.960464477539063e-08, 5.960464477539063e-08, 1, -6.332993507385254e-08, 1.4156104555240745e-07, 9.313227167240257e-08, -0.2283370941877365, -0.9735821485519409, 1.564622067462551e-07, 0.9735822081565857, -0.22833698987960815),
            ["LeftHand"] = CFrame.new(-8.940696716308594e-08, -3.5762786865234375e-07, 2.980232238769531e-07, 0.45488056540489197, 0.3215612769126892, 0.8304711580276489, -0.16953295469284058, 0.9467488527297974, -0.2737247943878174, -0.8742666840553284, -0.016280150040984154, 0.48517248034477234),
            ["LeftFoot"] = CFrame.new(-5.587935447692871e-09, -1.7881393432617188e-07, 0, 0.9983802437782288, 0.0331660732626915, 0.04622682183980942, 0.021460283547639847, 0.5329553484916687, -0.845871090888977, -0.052691057324409485, 0.8454931974411011, 0.5313805341720581),
            ["LowerTorso"] = CFrame.new(0.008271236903965473, -0.8954379558563232, -0.39858075976371765, 0.9899830222129822, 0.1227840781211853, -0.06969752162694931, -0.1071109026670456, 0.9747717976570129, 0.195824533700943, 0.09198331087827682, -0.18639759719371796, 0.9781590104103088),
            ["RightLowerLeg"] = CFrame.new(4.470348358154297e-08, -0.00012242794036865234, -0.00007740983710391447, 1, -1.4901154088420299e-07, -1.639128583974525e-07, 1.3411046495548362e-07, -0.6097411513328552, 0.7926005125045776, -2.6822092991096724e-07, -0.792600691318512, -0.6097413897514343),
            ["LeftUpperLeg"] = CFrame.new(1.4901161193847656e-07, -1.1175870895385742e-07, -7.078051567077637e-08, 0.7465464472770691, 0.5765001773834229, 0.3321380615234375, 0.13256952166557312, 0.36030519008636475, -0.9233664274215698, -0.65199214220047, 0.7333673238754272, 0.19255834817886353),
            ["LeftLowerLeg"] = CFrame.new(-1.4901161193847656e-08, 0.00012260675430297852, 0.00007745623588562012, 1, 9.313223614526578e-08, 8.195638656616211e-08, -1.0058283805847168e-07, -0.5092583894729614, 0.8606137633323669, 1.1175870895385742e-07, -0.8606137037277222, -0.5092582702636719),
        }},
        {Time = 0.019, Data = {
            ["RightFoot"] = CFrame.new(-3.725290298461914e-08, 3.5762786865234375e-07, 1.287116901949048e-08, 0.9167143702507019, -0.37748897075653076, -0.13090817630290985, 0.16291776299476624, 0.6523348689079285, -0.740213930606842, 0.3648185729980469, 0.6572375893592834, 0.6595046520233154),
            ["LeftLowerArm"] = CFrame.new(-8.940696716308594e-08, -5.960464477539063e-08, -2.682209014892578e-07, 1, 2.9802318834981634e-08, 1.4901159417490817e-08, 1.341104507446289e-07, 0.21304592490196228, -0.9770421981811523, 3.3527612686157227e-08, 0.9770421385765076, 0.21304577589035034),
            ["RightUpperArm"] = CFrame.new(0, 1.1920928955078125e-07, 8.940696716308594e-08, 0.6095508933067322, 0.4594395160675049, 0.6460363864898682, 0.27148181200027466, 0.6446788907051086, -0.7146235704421997, -0.7448123097419739, 0.610986590385437, 0.26823535561561584),
            ["Head"] = CFrame.new(1.955777406692505e-08, 0, -2.3317988961935043e-07, 0.8992021083831787, -0.3266664445400238, -0.29107508063316345, 0.141596257686615, 0.8467283248901367, -0.5128369927406311, 0.4139882028102875, 0.41992902755737305, 0.8076346516609192),
            ["RightHand"] = CFrame.new(-1.9371509552001953e-07, 1.1920928955078125e-07, 8.940696716308594e-08, 0.6320006847381592, -0.5954334139823914, 0.4960182309150696, 0.7503686547279358, 0.6301562190055847, -0.19962461292743683, -0.19370579719543457, 0.4983595013618469, 0.8450539112091064),
            ["UpperTorso"] = CFrame.new(7.450580596923828e-09, -5.960464477539063e-08, 1.816079020500183e-08, 0.9912136197090149, -0.11775927245616913, 0.06023614853620529, 0.0992506891489029, 0.9631981253623962, 0.24979756772518158, -0.08743531256914139, -0.24162429571151733, 0.9664227366447449),
            ["HumanoidRootPart"] = CFrame.new(0, 0, 0, 1, 0, 0, 0, 1, 0, 0, 0, 1),
            ["RightUpperLeg"] = CFrame.new(0, -1.7136335372924805e-07, -3.5579432733356953e-09, 0.9654124975204468, -0.12115637212991714, -0.23086771368980408, -0.23591852188110352, -0.028947439044713974, -0.9713416695594788, 0.11100102216005325, 0.9922112226486206, -0.05652936175465584),
            ["LeftUpperArm"] = CFrame.new(5.960464477539063e-08, 1.1920928955078125e-07, 1.2293457984924316e-07, 0.7338659167289734, 0.5814130306243896, 0.3512827455997467, -0.48423367738723755, 0.8104273080825806, -0.3297352194786072, -0.476401686668396, 0.07187840342521667, 0.8762848973274231),
            ["RightLowerArm"] = CFrame.new(-3.5762786865234375e-07, -1.7881393432617188e-07, -1.7881393432617188e-07, 1, -3.3527612686157227e-08, 1.043081283569336e-07, 9.685753354915505e-08, -0.17902269959449768, -0.9838449954986572, 1.5646217832454568e-07, 0.9838449954986572, -0.17902258038520813),
            ["LeftHand"] = CFrame.new(-2.9802322387695312e-08, 5.960464477539063e-08, 1.7881393432617188e-07, 0.361002653837204, 0.26816487312316895, 0.8931769132614136, -0.07769175618886948, 0.9630826115608215, -0.25775146484375, -0.9293228983879089, 0.023656338453292847, 0.3685094714164734),
            ["LeftFoot"] = CFrame.new(9.685754776000977e-08, 0, 7.450580596923828e-09, 0.9991082549095154, 0.011307100765407085, 0.040682148188352585, 0.028303831815719604, 0.5356227159500122, -0.8439828753471375, -0.03133312985301018, 0.8443816900253296, 0.5348252058029175),
            ["LowerTorso"] = CFrame.new(0.036407534033060074, -0.9217836856842041, -0.4051710069179535, 0.9944683313369751, 0.09412188827991486, -0.046625059098005295, -0.08240985870361328, 0.9743817448616028, 0.2092578262090683, 0.06512634456157684, -0.20425789058208466, 0.9767483472824097),
            ["RightLowerLeg"] = CFrame.new(-1.341104507446289e-07, -0.00012254714965820312, -0.00007748434290988371, 1, -1.0430807861894209e-07, -2.4586918812019576e-07, 1.3783578367565497e-07, -0.6295058727264404, 0.7769957184791565, -2.384186643666908e-07, -0.7769957184791565, -0.6295060515403748),
            ["LeftUpperLeg"] = CFrame.new(-5.960464477539063e-08, -4.470348358154297e-08, -5.587935447692871e-09, 0.7561607956886292, 0.6001937985420227, 0.26074492931365967, 0.10222067683935165, 0.2852288484573364, -0.9529927968978882, -0.6463526487350464, 0.7472696304321289, 0.1543268859386444),
            ["LeftLowerLeg"] = CFrame.new(1.7881393432617188e-07, 0.0001226663589477539, 0.00007741153240203857, 1, 1.1175872316471214e-07, 1.1175872316471214e-07, -1.862645504502325e-08, -0.5505897998809814, 0.8347760438919067, 1.6391281576488836e-07, -0.8347760438919067, -0.5505896806716919),
        }},
        {Time = 0.038, Data = {
            ["RightFoot"] = CFrame.new(2.2351741790771484e-08, 4.172325134277344e-07, 1.4733814168721437e-08, 0.9234129190444946, -0.36210355162620544, -0.127240389585495, 0.1589609533548355, 0.6625686287879944, -0.7319383025169373, 0.3493425250053406, 0.6556553244590759, 0.6693848967552185),
            ["LeftLowerArm"] = CFrame.new(1.7881393432617188e-07, -2.980232238769531e-07, -8.940696716308594e-08, 1, -7.450579175838357e-08, 8.195635814445268e-08, 3.725290298461914e-08, -0.0029357217717915773, -0.9999957084655762, 1.4156103134155273e-07, 0.9999957084655762, -0.002935736207291484),
            ["RightUpperArm"] = CFrame.new(-1.1920928955078125e-07, -1.1920928955078125e-07, 5.774199962615967e-08, 0.6791621446609497, 0.43649861216545105, 0.5900914669036865, 0.20121487975120544, 0.6624296307563782, -0.7215951681137085, -0.705869197845459, 0.6088152527809143, 0.3620668649673462),
            ["Head"] = CFrame.new(-3.3527612686157227e-08, 1.1920928955078125e-07, 7.334165275096893e-09, 0.9099399447441101, -0.30820441246032715, -0.27752378582954407, 0.11095321178436279, 0.8256614208221436, -0.553148090839386, 0.3996233344078064, 0.47253936529159546, 0.7854984998703003),
            ["RightHand"] = CFrame.new(-2.9802322387695312e-08, 1.1920928955078125e-07, -2.086162567138672e-07, 0.6285959482192993, -0.5322918891906738, 0.5670387744903564, 0.749621570110321, 0.6089185476303101, -0.2593946158885956, -0.20720677077770233, 0.5881187319755554, 0.781781017780304),
            ["UpperTorso"] = CFrame.new(-6.51925802230835e-09, -8.940696716308594e-08, 4.330649971961975e-08, 0.9906958937644958, -0.12679196894168854, 0.049452997744083405, 0.10903097689151764, 0.9569025039672852, 0.26916518807411194, -0.08144966512918472, -0.2612689435482025, 0.961823582649231),
            ["HumanoidRootPart"] = CFrame.new(0, 0, 0, 1, 0, 0, 0, 1, 0, 0, 0, 1),
            ["RightUpperLeg"] = CFrame.new(5.960464477539063e-08, 4.0978193283081055e-07, 3.892637323588133e-09, 0.9494999647140503, -0.11156013607978821, -0.2932642102241516, -0.2946653664112091, 0.004090793896466494, -0.9555919170379639, 0.10780581831932068, 0.9937493205070496, -0.028988942503929138),
            ["LeftUpperArm"] = CFrame.new(0, -1.1920928955078125e-07, 7.078051567077637e-08, 0.7390866279602051, 0.5351901650428772, 0.40905052423477173, -0.4549598693847656, 0.8444213271141052, -0.28277939558029175, -0.496751993894577, 0.02289714477956295, 0.867590606212616),
            ["RightLowerArm"] = CFrame.new(0, -6.556510925292969e-07, 0, 1, -1.4528630742915993e-07, 6.705522537231445e-08, 1.266598843585598e-07, 0.026841383427381516, -0.9996397495269775, 2.6077035641947077e-08, 0.9996397495269775, 0.026841409504413605),
            ["LeftHand"] = CFrame.new(1.1920928955078125e-07, 2.384185791015625e-07, 1.7881393432617188e-07, 0.26085641980171204, 0.22096188366413116, 0.9397501945495605, 0.04508310183882713, 0.9696028828620911, -0.24049465358257294, -0.964324414730072, 0.10510145127773285, 0.24296504259109497),
            ["LeftFoot"] = CFrame.new(-5.960464477539063e-08, 1.1920928955078125e-07, 0, 0.9993243217468262, -0.011917242780327797, 0.03477008640766144, 0.03564467653632164, 0.5450114011764526, -0.8376703858375549, -0.008966975845396519, 0.8383440375328064, 0.5450682044029236),
            ["LowerTorso"] = CFrame.new(0.06791531294584274, -0.931861400604248, -0.4070449769496918, 0.9983548521995544, 0.041645295917987823, -0.03941240906715393, -0.032377615571022034, 0.9767486453056335, 0.2119290679693222, 0.047321867197752, -0.2103043496608734, 0.9764900207519531),
            ["RightLowerLeg"] = CFrame.new(2.5331974029541016e-07, -0.00012218952178955078, -0.00007743963942630216, 1, -8.940693874137651e-08, -1.8626462860993342e-07, 1.713633963618122e-07, -0.6064571142196655, 0.7951160669326782, -3.3155092182823864e-07, -0.7951162457466125, -0.6064574122428894),
            ["LeftUpperLeg"] = CFrame.new(0, 3.334134817123413e-07, -7.450580596923828e-09, 0.751693606376648, 0.6376159191131592, 0.16852955520153046, 0.047399066388607025, 0.20264531672000885, -0.9781043529510498, -0.6578071117401123, 0.7432231903076172, 0.12210473418235779),
            ["LeftLowerLeg"] = CFrame.new(-1.1175870895385742e-07, 0.0001226663589477539, 0.00007747113704681396, 1, -5.960463766996327e-08, 1.4156103134155273e-07, -4.0978189730367376e-08, -0.5857129096984863, 0.810518741607666, 1.341104365337742e-07, -0.8105186820030212, -0.5857126712799072),
        }},
        {Time = 0.058, Data = {
            ["RightFoot"] = CFrame.new(4.470348358154297e-08, 4.172325134277344e-07, 5.3849362302571535e-08, 0.908058226108551, -0.3963581919670105, -0.13539057970046997, 0.17542001605033875, 0.6534270644187927, -0.7363831996917725, 0.38033944368362427, 0.6449289917945862, 0.662879467010498),
            ["LeftLowerArm"] = CFrame.new(2.9802322387695312e-08, 0, 0, 1, -1.4901162970204496e-08, 2.0116567611694336e-07, 1.1175873737556685e-07, -0.2008589655160904, -0.9796201586723328, 1.4901164746561335e-08, 0.9796202182769775, -0.20085901021957397),
            ["RightUpperArm"] = CFrame.new(1.1920928955078125e-07, 3.5762786865234375e-07, -2.0489096641540527e-08, 0.7626951932907104, 0.46677079796791077, 0.4476839601993561, 0.10738828778266907, 0.5911924839019775, -0.7993494272232056, -0.6377803087234497, 0.6577358245849609, 0.40077388286590576),
            ["Head"] = CFrame.new(0, -2.384185791015625e-07, -1.5506520867347717e-07, 0.9253495931625366, -0.2789805233478546, -0.25670644640922546, 0.085392527282238, 0.8130958080291748, -0.575832724571228, 0.369373083114624, 0.5109257102012634, 0.7762206196784973),
            ["RightHand"] = CFrame.new(-1.341104507446289e-07, -2.384185791015625e-07, 7.450580596923828e-08, 0.5862164497375488, -0.4238567352294922, 0.690431535243988, 0.7200605869293213, 0.6631697416305542, -0.20425260066986084, -0.3712993562221527, 0.6168885827064514, 0.6939634680747986),
            ["UpperTorso"] = CFrame.new(9.313225746154785e-09, -8.940696716308594e-08, -1.932494342327118e-08, 0.9913110136985779, -0.12746639549732208, 0.03248048946261406, 0.11228493601083755, 0.9486226439476013, 0.2958162724971771, -0.06851836293935776, -0.2895987927913666, 0.9546924829483032),
            ["HumanoidRootPart"] = CFrame.new(0, 0, 0, 1, 0, 0, 0, 1, 0, 0, 0, 1),
            ["RightUpperLeg"] = CFrame.new(1.1920928955078125e-07, -1.0244548320770264e-07, 1.673470251262188e-10, 0.920482873916626, -0.07106198370456696, -0.38426753878593445, -0.3797907829284668, 0.06890837103128433, -0.9225024580955505, 0.09203409403562546, 0.9950888752937317, 0.036440107971429825),
            ["LeftUpperArm"] = CFrame.new(-1.1920928955078125e-07, 3.5762786865234375e-07, -1.4901161193847656e-07, 0.7580928206443787, 0.4838705360889435, 0.4372235834598541, -0.4195535182952881, 0.8751393556594849, -0.241052508354187, -0.49926963448524475, -0.000698576623108238, 0.8664463758468628),
            ["RightLowerArm"] = CFrame.new(2.384185791015625e-07, 1.1920928955078125e-07, -1.7881393432617188e-07, 1, -8.649658411741257e-08, 2.9802318834981634e-08, 2.2351745343485163e-08, 0.45316082239151, -0.8914287686347961, -2.6077035641947077e-08, 0.8914287686347961, 0.4531607925891876),
            ["LeftHand"] = CFrame.new(-3.2782554626464844e-07, 1.7881393432617188e-07, -8.940696716308594e-08, 0.18103252351284027, 0.14881205558776855, 0.9721534252166748, 0.16973508894443512, 0.9689255952835083, -0.17992591857910156, -0.9687194228172302, 0.19758068025112152, 0.15014813840389252),
            ["LeftFoot"] = CFrame.new(8.195638656616211e-08, -5.960464477539063e-08, -4.470348358154297e-08, 0.9987287521362305, -0.04261539503931999, 0.026921754702925682, 0.04631711542606354, 0.5650880336761475, -0.8237294554710388, 0.019889868795871735, 0.8239293098449707, 0.5663436651229858),
            ["LowerTorso"] = CFrame.new(0.10137493163347244, -0.9261432886123657, -0.4073033332824707, 0.9987870454788208, -0.02815108373761177, -0.04039802774786949, 0.035819314420223236, 0.9783514142036438, 0.20382718741893768, 0.033785510808229446, -0.20502695441246033, 0.9781731367111206),
            ["RightLowerLeg"] = CFrame.new(-1.6391277313232422e-07, -0.0001226663589477539, -0.00007736513362033293, 1, -1.1920919007479824e-07, -2.533197118737007e-07, 7.450579886381092e-08, -0.5607941746711731, 0.8279552459716797, -2.719461633660103e-07, -0.8279551863670349, -0.5607941150665283),
            ["LeftUpperLeg"] = CFrame.new(-5.960464477539063e-08, -2.039596438407898e-07, -4.6566128730773926e-08, 0.737393856048584, 0.6736668944358826, 0.04923316836357117, -0.03561440110206604, 0.11156264692544937, -0.9931190013885498, -0.6745235323905945, 0.7305660247802734, 0.10625798255205154),
            ["LeftLowerLeg"] = CFrame.new(-1.4901161193847656e-07, 0.0001226663589477539, 0.00007762014865875244, 1, -7.450579175838357e-08, 2.831220058396866e-07, 8.568165554834195e-08, -0.6122429966926575, 0.7906697392463684, 1.415610029198433e-07, -0.7906696796417236, -0.6122429370880127),
        }},
        {Time = 0.077, Data = {
            ["RightFoot"] = CFrame.new(2.2351741790771484e-08, 1.7881393432617188e-07, 3.149762051180005e-08, 0.9067252278327942, -0.3991716802120209, -0.13605760037899017, 0.181727334856987, 0.6609633564949036, -0.7280811667442322, 0.38055840134620667, 0.6354442834854126, 0.6718528866767883),
            ["LeftLowerArm"] = CFrame.new(-4.172325134277344e-07, 2.384185791015625e-07, 0, 1, -9.12696123123169e-08, 1.7136333951839333e-07, 0, -0.349652498960495, -0.9368795156478882, 8.940696716308594e-08, 0.9368795156478882, -0.34965240955352783),
            ["RightUpperArm"] = CFrame.new(-5.960464477539063e-08, 0, 3.427267074584961e-07, 0.8400390148162842, 0.48910418152809143, 0.23475861549377441, 0.060164641588926315, 0.34605997800827026, -0.9362813830375671, -0.5391797423362732, 0.8006370067596436, 0.26127687096595764),
            ["Head"] = CFrame.new(5.960464477539063e-08, 0, 1.9744038581848145e-07, 0.9425730109214783, -0.22976669669151306, -0.24241170287132263, 0.05761779099702835, 0.8267596960067749, -0.559596836566925, 0.32899290323257446, 0.5134936571121216, 0.7925200462341309),
            ["RightHand"] = CFrame.new(1.4901161193847656e-07, 1.1920928955078125e-07, 1.6391277313232422e-07, 0.6393634676933289, -0.36647146940231323, 0.6759536266326904, 0.6444641351699829, 0.73490309715271, -0.21114762127399445, -0.419380784034729, 0.5706279277801514, 0.7060477137565613),
            ["UpperTorso"] = CFrame.new(1.816079020500183e-08, 8.940696716308594e-08, -6.379559636116028e-08, 0.9916150569915771, -0.1284528225660324, 0.014128538779914379, 0.11752503365278244, 0.9418739676475525, 0.31474021077156067, -0.05373658239841461, -0.31044062972068787, 0.9490727782249451),
            ["HumanoidRootPart"] = CFrame.new(0, 0, 0, 1, 0, 0, 0, 1, 0, 0, 0, 1),
            ["RightUpperLeg"] = CFrame.new(0, 2.2351741790771484e-08, -1.6952981241047382e-09, 0.8877862095832825, -0.030549433082342148, -0.4592410922050476, -0.45067110657691956, 0.14487481117248535, -0.8808558583259583, 0.09344206005334854, 0.9889783263206482, 0.11484977602958679),
            ["LeftUpperArm"] = CFrame.new(-2.384185791015625e-07, 2.384185791015625e-07, 1.601874828338623e-07, 0.8009496331214905, 0.4365942180156708, 0.40971335768699646, -0.3825550675392151, 0.8995777368545532, -0.21074044704437256, -0.4605771601200104, 0.012054703198373318, 0.8875377774238586),
            ["RightLowerArm"] = CFrame.new(-1.7881393432617188e-07, 5.960464477539063e-08, -2.980232238769531e-07, 1, 3.7252894102834944e-09, 9.685752644372769e-08, 3.166497108963995e-08, 0.9570206999778748, -0.290019690990448, 3.725290653733282e-08, 0.29001951217651367, 0.9570206999778748),
            ["LeftHand"] = CFrame.new(-1.4901161193847656e-07, 5.960464477539063e-08, -8.940696716308594e-08, 0.15845493972301483, 0.05417017638683319, 0.9858792424201965, 0.24856074154376984, 0.9641485810279846, -0.09292594343423843, -0.9555677175521851, 0.2597752809524536, 0.13930916786193848),
            ["LeftFoot"] = CFrame.new(-4.0978193283081055e-08, 1.1920928955078125e-07, -4.470348358154297e-08, 0.9967664480209351, -0.07837332040071487, 0.017732463777065277, 0.06107722595334053, 0.5955614447593689, -0.8009843826293945, 0.052215225994586945, 0.7994775176048279, 0.5984225869178772),
            ["LowerTorso"] = CFrame.new(0.13547304272651672, -0.9043285846710205, -0.4060898423194885, 0.9942013025283813, -0.10109508037567139, -0.03665750101208687, 0.10634206980466843, 0.9749316573143005, 0.1954476237297058, 0.015979772433638573, -0.19821250438690186, 0.9800288677215576),
            ["RightLowerLeg"] = CFrame.new(0, -0.00012236833572387695, -0.00007726082549197599, 1, -1.0430807861894209e-07, -2.011657187495075e-07, 1.5646217832454568e-07, -0.4908600449562073, 0.8712383508682251, -2.458691312767769e-07, -0.8712385296821594, -0.4908602833747864),
            ["LeftUpperLeg"] = CFrame.new(0, 8.568167686462402e-08, -3.4458935260772705e-08, 0.7217655181884766, 0.6881462931632996, -0.07422372698783875, -0.12231559306383133, 0.021265096962451935, -0.9922635555267334, -0.6812440156936646, 0.7252603769302368, 0.09951934218406677),
            ["LeftLowerLeg"] = CFrame.new(5.960464477539063e-08, 0.0001226663589477539, 0.00007742084562778473, 1, -2.2351741790771484e-08, 1.6391277313232422e-07, -2.2351744632942427e-07, -0.6183164119720459, 0.7859292030334473, 1.396984004031765e-07, -0.7859293222427368, -0.6183164715766907),
        }},
        {Time = 0.096, Data = {
            ["RightFoot"] = CFrame.new(-1.1920928955078125e-07, 5.960464477539063e-08, 5.3849362302571535e-08, 0.9162150025367737, -0.37860727310180664, -0.1311744600534439, 0.17824620008468628, 0.6783174276351929, -0.7128205895423889, 0.35885700583457947, 0.6297159194946289, 0.6889702677726746),
            ["LeftLowerArm"] = CFrame.new(8.940696716308594e-08, 1.1920928955078125e-07, -1.4901161193847656e-07, 1, -3.911554458113642e-08, 1.1525114018695604e-07, 2.980232949312267e-08, -0.4600726068019867, -0.8878811597824097, 1.4156105976326216e-07, 0.8878812789916992, -0.4600728154182434),
            ["RightUpperArm"] = CFrame.new(2.384185791015625e-07, 2.384185791015625e-07, 1.862645149230957e-08, 0.8859137892723083, 0.3920800983905792, 0.24785086512565613, 0.06986119598150253, 0.4154552221298218, -0.9069268703460693, -0.45855891704559326, 0.820774257183075, 0.3406664729118347),
            ["Head"] = CFrame.new(1.564621925354004e-07, 1.1920928955078125e-07, 1.0244548320770264e-07, 0.956110417842865, -0.16945326328277588, -0.23903682827949524, 0.016339393332600594, 0.8453713655471802, -0.5339290499687195, 0.2925509512424469, 0.5065893530845642, 0.8110371828079224),
            ["RightHand"] = CFrame.new(1.4901161193847656e-08, -5.960464477539063e-08, 2.384185791015625e-07, 0.8208467364311218, -0.39472657442092896, 0.4127972424030304, 0.4309201240539551, 0.902370274066925, 0.0059840381145477295, -0.37485799193382263, 0.17297059297561646, 0.9108033180236816),
            ["UpperTorso"] = CFrame.new(-1.6298145055770874e-08, 5.960464477539063e-08, 2.7939677238464355e-08, 0.99004727602005, -0.14073032140731812, -0.001161116291768849, 0.13381746411323547, 0.9387960433959961, 0.3174193203449249, -0.04358045384287834, -0.31441548466682434, 0.9482846260070801),
            ["HumanoidRootPart"] = CFrame.new(0, 0, 0, 1, 0, 0, 0, 1, 0, 0, 0, 1),
            ["RightUpperLeg"] = CFrame.new(2.384185791015625e-07, 3.0547380447387695e-07, -5.9437297750264406e-08, 0.8576976656913757, 0.0076242173090577126, -0.5140979886054993, -0.5028986930847168, 0.22051545977592468, -0.8357428908348083, 0.10699468851089478, 0.9753537178039551, 0.1929694563150406),
            ["LeftUpperArm"] = CFrame.new(1.1920928955078125e-07, 2.384185791015625e-07, 2.2351741790771484e-07, 0.8636713624000549, 0.39434459805488586, 0.31394919753074646, -0.34905198216438293, 0.9172457456588745, -0.1918931007385254, -0.3636406660079956, 0.056147970259189606, 0.9298456907272339),
            ["RightLowerArm"] = CFrame.new(5.960464477539063e-08, -2.384185791015625e-07, -8.940696716308594e-08, 1, -1.4901161193847656e-08, 7.450580596923828e-08, 7.450580596923828e-09, 0.9983717799186707, -0.05704259127378464, 2.9802322387695312e-08, 0.05704247206449509, 0.9983718395233154),
            ["LeftHand"] = CFrame.new(-2.9802322387695312e-08, -5.960464477539063e-08, -5.21540641784668e-08, 0.19607099890708923, -0.008740314282476902, 0.9805508255958557, 0.24464543163776398, 0.9687755107879639, -0.040283918380737305, -0.9495814442634583, 0.24778570234775543, 0.19208696484565735),
            ["LeftFoot"] = CFrame.new(7.450580596923828e-08, 5.960464477539063e-08, 2.9802322387695312e-08, 0.9941378235816956, -0.10764075070619583, 0.010172273963689804, 0.07659348100423813, 0.6347274780273438, -0.7689304947853088, 0.07631152868270874, 0.7652022242546082, 0.6392515301704407),
            ["LowerTorso"] = CFrame.new(0.16965961456298828, -0.864091157913208, -0.40447720885276794, 0.9855653643608093, -0.16787156462669373, -0.02191096358001232, 0.16886506974697113, 0.9655687212944031, 0.19789303839206696, -0.0120640704408288, -0.1987365037202835, 0.9799787402153015),
            ["RightLowerLeg"] = CFrame.new(-5.960464477539063e-08, -0.00012236833572387695, -0.00007770786032779142, 1, -1.3411036547950062e-07, -2.011657187495075e-07, 1.7508865823856468e-07, -0.39688780903816223, 0.9178671836853027, -2.309680269263481e-07, -0.9178671836853027, -0.3968878388404846),
            ["LeftUpperLeg"] = CFrame.new(2.9802322387695312e-08, 2.123415470123291e-07, -4.98257577419281e-08, 0.7116386890411377, 0.680488646030426, -0.17465955018997192, -0.18802495300769806, -0.05506168678402901, -0.9806196093559265, -0.6769174337387085, 0.7306870222091675, 0.08876485377550125),
            ["LeftLowerLeg"] = CFrame.new(-4.470348358154297e-08, 0.00012290477752685547, 0.00007741060107946396, 1, 2.9802318834981634e-08, 1.788139627478813e-07, -1.2293459406009788e-07, -0.5976864099502563, 0.8017301559448242, 1.2340025534740562e-07, -0.8017300367355347, -0.597686231136322),
        }},
        {Time = 0.115, Data = {
            ["RightFoot"] = CFrame.new(-7.450580596923828e-09, 2.384185791015625e-07, -7.617927622050047e-09, 0.9310603737831116, -0.3435768187046051, -0.12280669808387756, 0.16678722202777863, 0.7001309394836426, -0.694260835647583, 0.3245128393173218, 0.625916600227356, 0.7091689705848694),
            ["LeftLowerArm"] = CFrame.new(-1.7881393432617188e-07, 2.980232238769531e-07, 2.9802322387695312e-08, 1, -8.905772119760513e-08, 1.4621758737121127e-07, 7.636845111846924e-08, -0.5612110495567322, -0.8276727199554443, 1.1152587831020355e-07, 0.8276728391647339, -0.561211109161377),
            ["RightUpperArm"] = CFrame.new(0, 2.384185791015625e-07, 1.862645149230957e-07, 0.885344386100769, 0.27911847829818726, 0.37183043360710144, 0.1533600091934204, 0.5796684622764587, -0.8002907633781433, -0.43891462683677673, 0.7655569314956665, 0.470400869846344),
            ["Head"] = CFrame.new(8.940696716308594e-08, 0, 1.7508864402770996e-07, 0.9631379842758179, -0.09986969083547592, -0.2497827410697937, -0.04337599501013756, 0.8587262630462646, -0.5105953812599182, 0.2654881179332733, 0.5026084780693054, 0.8227399587631226),
            ["RightHand"] = CFrame.new(5.960464477539063e-08, -5.960464477539063e-08, 0, 0.9202532768249512, -0.39066511392593384, 0.02269756607711315, 0.3691038489341736, 0.8858051300048828, 0.2812674641609192, -0.12998636066913605, -0.250459760427475, 0.9593609571456909),
            ["UpperTorso"] = CFrame.new(-8.568167686462402e-08, 0, -1.0652001947164536e-08, 0.9861973524093628, -0.16511580348014832, -0.012310145422816277, 0.16056154668331146, 0.9355393648147583, 0.3146205544471741, -0.04043222591280937, -0.31225448846817017, 0.9491377472877502),
            ["HumanoidRootPart"] = CFrame.new(0, 0, 0, 1, 0, 0, 0, 1, 0, 0, 0, 1),
            ["RightUpperLeg"] = CFrame.new(-2.384185791015625e-07, -1.4901161193847656e-08, -9.482755558565259e-08, 0.8311013579368591, 0.03923206776380539, -0.5547351837158203, -0.5396694540977478, 0.29772886633872986, -0.7874737977981567, 0.13426649570465088, 0.9538440108299255, 0.26861512660980225),
            ["LeftUpperArm"] = CFrame.new(0, 2.384185791015625e-07, -2.9802322387695312e-08, 0.9299505352973938, 0.33298543095588684, 0.15592530369758606, -0.30432361364364624, 0.9350522756576538, -0.18183639645576477, -0.20634722709655762, 0.12164709717035294, 0.9708877205848694),
            ["RightLowerArm"] = CFrame.new(-2.980232238769531e-07, 2.980232238769531e-07, 5.960464477539063e-08, 1, -2.7939677238464355e-09, -9.685751223287298e-08, -2.3283067918100642e-08, 0.999983549118042, -0.005750879645347595, -1.0803343286625022e-07, 0.005750897340476513, 0.9999834895133972),
            ["LeftHand"] = CFrame.new(-1.3969838619232178e-08, 0, 7.450580596923828e-09, 0.2475510835647583, -0.06197630241513252, 0.9668907523155212, 0.2047593593597412, 0.9787580370903015, 0.010312872938811779, -0.9469910860061646, 0.19542695581912994, 0.25498244166374207),
            ["LeftFoot"] = CFrame.new(-1.2665987014770508e-07, 1.1920928955078125e-07, -2.9802322387695312e-08, 0.9916941523551941, -0.12853041291236877, 0.00475477147847414, 0.09109535813331604, 0.6757994294166565, -0.7314346432685852, 0.09079863876104355, 0.7257928252220154, 0.6818950176239014),
            ["LowerTorso"] = CFrame.new(0.20207926630973816, -0.8084372282028198, -0.40465715527534485, 0.9744809865951538, -0.22439385950565338, 0.00585826626047492, 0.218164324760437, 0.9529249668121338, 0.2105666548013687, -0.05283235013484955, -0.20391510426998138, 0.9775620102882385),
            ["RightLowerLeg"] = CFrame.new(1.341104507446289e-07, -0.0001226663589477539, -0.00007735023245913908, 1, -1.0430807861894209e-07, -1.7881397695873602e-07, 1.3783574104309082e-07, -0.2820014953613281, 0.9594140648841858, -2.980232238769531e-07, -0.9594139456748962, -0.2820012867450714),
            ["LeftUpperLeg"] = CFrame.new(-5.960464477539063e-08, 2.2351741790771484e-08, 5.238689482212067e-09, 0.7138969302177429, 0.6568664312362671, -0.24264664947986603, -0.23257873952388763, -0.10442224889993668, -0.9669557213783264, -0.6604986190795898, 0.7467412352561951, 0.0782262459397316),
            ["LeftLowerLeg"] = CFrame.new(2.9802322387695312e-08, 0.0001226663589477539, 0.00007727555930614471, 1, 1.4901157641133977e-08, 2.533197118737007e-07, -1.1175870895385742e-07, -0.5499283671379089, 0.8352118730545044, 1.993030309677124e-07, -0.8352118730545044, -0.5499282479286194),
        }},
        {Time = 0.135, Data = {
            ["RightFoot"] = CFrame.new(1.4901161193847656e-08, 3.5762786865234375e-07, -8.957431418821216e-08, 0.9476678967475891, -0.2989458441734314, -0.11205781251192093, 0.14758285880088806, 0.7214463949203491, -0.6765602827072144, 0.28309890627861023, 0.6246170997619629, 0.727811336517334),
            ["LeftLowerArm"] = CFrame.new(5.960464477539063e-08, 2.384185791015625e-07, -1.0989606380462646e-07, 1, -4.470347647611561e-08, 1.73225998878479e-07, 3.166496753692627e-08, -0.6528141498565674, -0.7575182318687439, 1.1827796697616577e-07, 0.7575181126594543, -0.6528140902519226),
            ["RightUpperArm"] = CFrame.new(3.5762786865234375e-07, 1.1920928955078125e-07, 8.381903171539307e-08, 0.8896527886390686, 0.13661059737205505, 0.4357239902019501, 0.18518495559692383, 0.7642773389816284, -0.6177269816398621, -0.41740208864212036, 0.6302522420883179, 0.6546434164047241),
            ["Head"] = CFrame.new(1.9371509552001953e-07, -2.384185791015625e-07, -1.0058283805847168e-07, 0.964137852191925, -0.02251628413796425, -0.2644452452659607, -0.11509434878826141, 0.8623563647270203, -0.4930466115474701, 0.23914755880832672, 0.5058010220527649, 0.8288388252258301),
            ["RightHand"] = CFrame.new(5.960464477539063e-08, 5.960464477539063e-08, 4.470348358154297e-08, 0.9202451109886169, -0.34037142992019653, -0.1931227743625641, 0.3898843228816986, 0.7548388838768005, 0.5274545550346375, -0.03375370427966118, -0.5606831908226013, 0.8273423314094543),
            ["UpperTorso"] = CFrame.new(1.0803341865539551e-07, -2.980232238769531e-07, 3.026798367500305e-08, 0.9814965724945068, -0.1904505491256714, -0.019830256700515747, 0.1868904083967209, 0.9302799105644226, 0.3156759738922119, -0.04167294129729271, -0.31354090571403503, 0.9486598372459412),
            ["HumanoidRootPart"] = CFrame.new(0, 0, 0, 1, 0, 0, 0, 1, 0, 0, 0, 1),
            ["RightUpperLeg"] = CFrame.new(5.960464477539063e-08, -8.195638656616211e-08, 8.398637874051929e-08, 0.8048657178878784, 0.0647398829460144, -0.5899152159690857, -0.5659040808677673, 0.38309356570243835, -0.730063259601593, 0.17872832715511322, 0.9214380383491516, 0.34497496485710144),
            ["LeftUpperArm"] = CFrame.new(2.980232238769531e-07, 2.384185791015625e-07, -1.4901161193847656e-08, 0.9706846475601196, 0.23603171110153198, -0.0453924760222435, -0.24035346508026123, 0.9541876912117004, -0.17820237576961517, 0.0012515672715380788, 0.18388834595680237, 0.9829463958740234),
            ["RightLowerArm"] = CFrame.new(-1.7881393432617188e-07, -4.172325134277344e-07, -8.940696716308594e-08, 1, -4.470347292340193e-08, -7.636845111846924e-08, 3.725290298461914e-08, 0.9935048818588257, -0.1137901172041893, -2.8870999813079834e-08, 0.1137901023030281, 0.9935048818588257),
            ["LeftHand"] = CFrame.new(6.705522537231445e-08, -1.7881393432617188e-07, 5.960464477539063e-08, 0.29142117500305176, -0.14995796978473663, 0.9447677731513977, 0.19983643293380737, 0.9753888845443726, 0.09317728132009506, -0.935488760471344, 0.16164512932300568, 0.3142161965370178),
            ["LeftFoot"] = CFrame.new(0, -5.960464477539063e-08, 4.470348358154297e-08, 0.9897117614746094, -0.14307284355163574, 0.0009725892450660467, 0.10506410896778107, 0.7221351265907288, -0.6837267279624939, 0.09712009131908417, 0.676794707775116, 0.7297375798225403),
            ["LowerTorso"] = CFrame.new(0.23168064653873444, -0.740544319152832, -0.40982866287231445, 0.9601986408233643, -0.2746029496192932, 0.051105644553899765, 0.2562301754951477, 0.9388003945350647, 0.23021766543388367, -0.11119642108678818, -0.20795989036560059, 0.9717963933944702),
            ["RightLowerLeg"] = CFrame.new(-1.043081283569336e-07, -0.00012230873107910156, -0.00007729062781436369, 1, -1.7881387748275301e-07, -2.346934877550666e-07, 1.788139627478813e-07, -0.1457323580980301, 0.989324152469635, -1.788139627478813e-07, -0.9893240928649902, -0.14573191106319427),
            ["LeftUpperLeg"] = CFrame.new(5.960464477539063e-08, 2.0116567611694336e-07, -7.82310962677002e-08, 0.7320229411125183, 0.6161655187606812, -0.2906588912010193, -0.26886337995529175, -0.1307307630777359, -0.9542652368545532, -0.6259831786155701, 0.7766914367675781, 0.06996645033359528),
            ["LeftLowerLeg"] = CFrame.new(5.960464477539063e-08, 0.00012260675430297852, 0.0000773472711443901, 1, 0, 1.7881390590446244e-07, 1.4901161193847656e-08, -0.47919923067092896, 0.8777062892913818, 1.0989606380462646e-07, -0.8777061700820923, -0.479199081659317),
        }},
        {Time = 0.154, Data = {
            ["RightFoot"] = CFrame.new(-3.725290298461914e-08, 1.7881393432617188e-07, -6.442860467359424e-08, 0.9615024328231812, -0.2553750276565552, -0.10147462785243988, 0.1268453747034073, 0.7400341629981995, -0.6604992747306824, 0.24376945197582245, 0.6222001314163208, 0.7439379692077637),
            ["LeftLowerArm"] = CFrame.new(-2.9802322387695312e-08, -1.7881393432617188e-07, 1.1362135410308838e-07, 1, -5.4016684458702e-08, 2.062879502773285e-07, 9.522773325443268e-08, -0.7229324579238892, -0.6909189224243164, 1.3597309589385986e-07, 0.6909186244010925, -0.7229323387145996),
            ["RightUpperArm"] = CFrame.new(-1.7881393432617188e-07, 0, -1.4388933777809143e-07, 0.9749952554702759, -0.008189916610717773, 0.2220749855041504, 0.1035526841878891, 0.9009373784065247, -0.4214126765727997, -0.19662436842918396, 0.4338720142841339, 0.8792576193809509),
            ["Head"] = CFrame.new(5.960464477539063e-08, -2.384185791015625e-07, -1.862645149230957e-08, 0.9622915387153625, 0.04400062561035156, -0.26843807101249695, -0.17354631423950195, 0.8592106699943542, -0.4812885522842407, 0.209467813372612, 0.509726345539093, 0.8344473838806152),
            ["RightHand"] = CFrame.new(2.384185791015625e-07, -5.960464477539063e-08, 1.341104507446289e-07, 0.9414651393890381, -0.3245062232017517, -0.09131813794374466, 0.30343958735466003, 0.6977379322052002, 0.6489115357398987, -0.1468597799539566, -0.6386373043060303, 0.755364179611206),
            ["UpperTorso"] = CFrame.new(-7.450580596923828e-09, -2.384185791015625e-07, -1.30385160446167e-08, 0.9767231941223145, -0.21298673748970032, -0.025464795529842377, 0.20991499722003937, 0.9246461987495422, 0.3177502751350403, -0.04413069784641266, -0.3156995475292206, 0.947832465171814),
            ["HumanoidRootPart"] = CFrame.new(0, 0, 0, 1, 0, 0, 0, 1, 0, 0, 0, 1),
            ["RightUpperLeg"] = CFrame.new(-1.7881393432617188e-07, -3.725290298461914e-07, -4.267349140718579e-08, 0.7767208814620972, 0.08990804851055145, -0.6233951449394226, -0.5853654146194458, 0.46838781237602234, -0.6617854833602905, 0.23249094188213348, 0.8789365291595459, 0.41643548011779785),
            ["LeftUpperArm"] = CFrame.new(0, 2.384185791015625e-07, 5.587935447692871e-08, 0.9611305594444275, 0.11727047711610794, -0.24995115399360657, -0.16329322755336761, 0.9714459180831909, -0.1721288114786148, 0.22262834012508392, 0.2062537521123886, 0.9528357982635498),
            ["RightLowerArm"] = CFrame.new(2.384185791015625e-07, 1.7881393432617188e-07, -5.960464477539063e-08, 1, 7.4505797087454084e-09, -4.4703494239684005e-08, 4.8428766774577525e-08, 0.9705601334571838, -0.24085935950279236, -1.4901159417490817e-08, 0.2408592402935028, 0.9705601334571838),
            ["LeftHand"] = CFrame.new(4.6566128730773926e-09, 5.960464477539063e-08, -2.384185791015625e-07, 0.3547753393650055, -0.27972611784935, 0.8921254873275757, 0.24499720335006714, 0.9486655592918396, 0.20002496242523193, -0.9022809267044067, 0.14760439097881317, 0.40509524941444397),
            ["LeftFoot"] = CFrame.new(-4.0978193283081055e-08, 1.1920928955078125e-07, 1.4901161193847656e-08, 0.9872289299964905, -0.15927553176879883, -0.003251506946980953, 0.12168896943330765, 0.767117440700531, -0.6298592686653137, 0.10281561315059662, 0.6214196085929871, 0.7767025232315063),
            ["LowerTorso"] = CFrame.new(0.25691649317741394, -0.6648938655853271, -0.4202546775341034, 0.941264271736145, -0.32005515694618225, 0.10764008015394211, 0.28483888506889343, 0.9237741827964783, 0.25594571232795715, -0.18135185539722443, -0.21025249361991882, 0.9606796503067017),
