return {
    ["Spidey Landing"] = {
        {Time = 0.000, Data = {
            ["LeftFoot"] = CFrame.new(-3.725290298461914e-09, -1.1920928955078125e-07, 3.4691765904426575e-08, 0.979305624961853, -0.20090945065021515, -0.024410752579569817, 0.20068825781345367, 0.979590892791748, -0.011224636808037758, 0.026167774572968483, 0.006093698088079691, 0.999639093875885),
            ["LeftLowerArm"] = CFrame.new(-4.172325134277344e-07, -5.960464477539063e-08, -5.960464477539063e-08, 1, -6.146731124090365e-08, 1.4901162970204496e-08, 6.33299421792799e-08, 0.7728904485702515, -0.6345395445823669, 0, 0.6345396637916565, 0.7728903889656067),
            ["LowerTorso"] = CFrame.new(-0.05804872140288353, -0.17748332023620605, 0.06831908226013184, 0.9634842872619629, -0.009919317439198494, -0.2675813138484955, 0.0006419607670977712, 0.9993963837623596, -0.03473649546504021, 0.2677643299102783, 0.03329630196094513, 0.9629089832305908),
            ["Head"] = CFrame.new(-3.725290298461914e-08, -2.384185791015625e-07, -5.4016709327697754e-08, 0.9284260272979736, -0.04904155805706978, 0.3682662844657898, 0.06913115829229355, 0.9967420101165771, -0.04155043512582779, -0.3650287389755249, 0.0640353336930275, 0.9287914037704468),
            ["RightUpperArm"] = CFrame.new(-5.960464477539063e-08, -1.1920928955078125e-07, -1.043081283569336e-07, 0.9433642625808716, -0.3274639844894409, -0.05321032181382179, 0.33034196496009827, 0.912367045879364, 0.241786390542984, -0.030628982931375504, -0.24567021429538727, 0.9688695073127747),
            ["UpperTorso"] = CFrame.new(-6.984919309616089e-10, -1.7881393432617188e-07, 0, 0.9935623407363892, 0.034499358385801315, -0.10790624469518661, -0.008207096718251705, 0.9719196557998657, 0.23517023026943207, 0.11298943310976028, -0.2327706664800644, 0.965945839881897),
            ["HumanoidRootPart"] = CFrame.new(0, 0, 0, 1, 0, 0, 0, 1, 0, 0, 0, 1),
            ["RightHand"] = CFrame.new(-2.5331974029541016e-07, -1.1920928955078125e-07, 0, 0.9807862043380737, 0.18331949412822723, -0.06672628223896027, -0.1927642822265625, 0.9632745981216431, -0.18693332374095917, 0.030007241293787956, 0.19620424509048462, 0.9801039099693298),
            ["LeftUpperArm"] = CFrame.new(5.960464477539063e-08, -1.1920928955078125e-07, -5.960464477539063e-08, 0.8052031397819519, 0.4898569583892822, -0.3341982364654541, -0.42544206976890564, 0.8698022961616516, 0.24988538026809692, 0.41309455037117004, -0.05902650207281113, 0.9087732434272766),
            ["RightLowerArm"] = CFrame.new(-2.384185791015625e-07, 5.960464477539063e-08, 1.1920928955078125e-07, 1, -5.029141902923584e-08, -2.421438694000244e-08, 8.195638656616211e-08, 0.8607878088951111, -0.5089641213417053, 1.4901161193847656e-08, 0.5089641213417053, 0.8607877492904663),
            ["LeftHand"] = CFrame.new(2.980232238769531e-07, -2.384185791015625e-07, -1.1920928955078125e-07, 0.9690282940864563, -0.21800409257411957, 0.11601077765226364, 0.21780019998550415, 0.9758843779563904, 0.01458417996764183, -0.11639253795146942, 0.011134752072393894, 0.9931409955024719),
            ["RightUpperLeg"] = CFrame.new(-1.1920928955078125e-07, -4.4191256165504456e-07, -1.1008523870259523e-08, 0.8568077087402344, -0.3354994058609009, -0.3915618360042572, 0.3316366672515869, 0.9400296807289124, -0.07975894212722778, 0.39483895897865295, -0.061518345028162, 0.9166885614395142),
            ["LeftUpperLeg"] = CFrame.new(2.9802322387695312e-08, -5.569308996200562e-07, 4.284083843231201e-08, 0.9585497379302979, 0.28041350841522217, 0.05050447955727577, -0.21055009961128235, 0.8165432214736938, -0.5375182032585144, -0.1919664889574051, 0.5046042203903198, 0.8417384624481201),
            ["RightLowerLeg"] = CFrame.new(1.043081283569336e-07, -0.00006014108657836914, -0.00007217952952487394, 1, -1.0430816388407038e-07, -2.980232594040899e-08, 7.450581307466564e-08, 0.8443982005119324, 0.5357155203819275, -4.4703490686970326e-08, -0.5357161164283752, 0.844398558139801),
            ["RightFoot"] = CFrame.new(-1.043081283569336e-07, 2.980232238769531e-07, 6.129994289949536e-08, 0.9492887258529663, 0.3134210407733917, -0.024862540885806084, -0.29297858476638794, 0.8531306982040405, -0.43166109919548035, -0.11408081650733948, 0.417055606842041, 0.9016932249069214),
            ["LeftLowerLeg"] = CFrame.new(6.705522537231445e-08, 0.000060558319091796875, 0.00007197260856628418, 1, 5.1921240640240285e-08, 1.903391044777436e-08, -2.9802322387695312e-08, 0.8177794218063354, 0.5755317807197571, 3.725290298461914e-09, -0.5755317807197571, 0.8177794814109802),
        }},
        {Time = 0.033, Data = {
            ["LeftFoot"] = CFrame.new(1.043081283569336e-07, -5.960464477539063e-08, 1.9674189388751984e-08, 0.9793150424957275, -0.20086751878261566, -0.02437949739396572, 0.20065653324127197, 0.9796018004417419, -0.01083796564489603, 0.026059232652187347, 0.0057220482267439365, 0.9996441006660461),
            ["LeftLowerArm"] = CFrame.new(5.960464477539063e-08, 5.960464477539062e-07, -5.960464477539063e-08, 1, -8.381902460996571e-08, 5.960463766996327e-08, 5.0291401265667446e-08, 0.772752583026886, -0.634707510471344, 7.450577754752885e-08, 0.6347073316574097, 0.7727525234222412),
            ["LowerTorso"] = CFrame.new(-0.05807742103934288, -0.17741179466247559, 0.06836884468793869, 0.9635908603668213, -0.009866759181022644, -0.2671990692615509, 0.0006006563198752701, 0.9993963241577148, -0.03473830223083496, 0.2673805356025696, 0.033313024789094925, 0.9630150198936462),
            ["Head"] = CFrame.new(7.450580596923828e-09, 2.384185791015625e-07, -4.6566128730773926e-08, 0.9286984801292419, -0.04900744557380676, 0.3675832748413086, 0.0691099688410759, 0.9967364072799683, -0.041718535125255585, -0.3643389940261841, 0.06414777785539627, 0.9290544986724854),
            ["RightUpperArm"] = CFrame.new(0, 1.1920928955078125e-07, -1.1920928955078125e-07, 0.9434110522270203, -0.32723402976989746, -0.05379257723689079, 0.33026671409606934, 0.9124310612678528, 0.24164746701717377, -0.02999330684542656, -0.24573874473571777, 0.9688720107078552),
            ["UpperTorso"] = CFrame.new(3.3760443329811096e-09, 1.1920928955078125e-07, 3.725290298461914e-09, 0.9935981035232544, 0.03446946665644646, -0.10758564621210098, -0.008235152810811996, 0.9718813896179199, 0.23532696068286896, 0.11267204582691193, -0.2329343557357788, 0.965943455696106),
            ["HumanoidRootPart"] = CFrame.new(0, 0, 0, 1, 0, 0, 0, 1, 0, 0, 0, 1),
            ["RightHand"] = CFrame.new(5.960464477539063e-08, -5.960464477539063e-08, 7.450580596923828e-09, 0.9807654619216919, 0.18362759053707123, -0.06618224829435349, -0.19295954704284668, 0.9632373452186584, -0.1869235783815384, 0.029425017535686493, 0.19609883427619934, 0.9801425933837891),
            ["LeftUpperArm"] = CFrame.new(0, 3.5762786865234375e-07, -2.9802322387695312e-08, 0.8048171997070312, 0.4900791645050049, -0.3348018229007721, -0.42567166686058044, 0.8697099685668945, 0.24981576204299927, 0.4136098623275757, -0.05854029208421707, 0.9085702896118164),
            ["RightLowerArm"] = CFrame.new(5.960464477539063e-08, 2.384185791015625e-07, 2.980232238769531e-07, 1, -9.63919077889841e-08, -5.587935447692871e-09, 2.980232594040899e-08, 0.8610662817955017, -0.5084928274154663, 2.980232594040899e-08, 0.5084928870201111, 0.8610662817955017),
            ["LeftHand"] = CFrame.new(5.960464477539063e-08, 0, 1.4901161193847656e-08, 0.9690033197402954, -0.21814852952957153, 0.11594759672880173, 0.21805229783058167, 0.9758414030075073, 0.013667861931025982, -0.11612813919782639, 0.012038558721542358, 0.9931613206863403),
            ["RightUpperLeg"] = CFrame.new(5.960464477539063e-08, 2.0442530512809753e-07, -2.2184394765645266e-08, 0.8566135764122009, -0.33545470237731934, -0.3920246362686157, 0.3317199945449829, 0.9400195479393005, -0.07953131943941116, 0.3951900601387024, -0.06191493198275566, 0.9165104627609253),
            ["LeftUpperLeg"] = CFrame.new(5.960464477539063e-08, 2.9383227229118347e-07, 2.421438694000244e-08, 0.9586523175239563, 0.28010910749435425, 0.050245191901922226, -0.2104550153017044, 0.8166599273681641, -0.5373783111572266, -0.19155776500701904, 0.5045846104621887, 0.8418431878089905),
            ["RightLowerLeg"] = CFrame.new(7.450580596923828e-08, -0.00006002187728881836, -0.00007207522139651701, 1, 2.2351747119842003e-08, -1.3411047916633834e-07, 7.450581307466564e-08, 0.844603419303894, 0.5353921055793762, -1.527369164477932e-07, -0.5353924632072449, 0.8446037173271179),
            ["RightFoot"] = CFrame.new(1.4901161193847656e-08, 2.980232238769531e-07, -2.0656443666666746e-08, 0.9492776989936829, 0.3134559690952301, -0.02484222874045372, -0.2930148243904114, 0.8531708121299744, -0.4315573275089264, -0.11407952010631561, 0.41694727540016174, 0.9017434120178223),
            ["LeftLowerLeg"] = CFrame.new(-7.450580596923828e-09, 0.000060617923736572266, 0.00007204711437225342, 1, 5.83240833407217e-08, 1.2689268302779055e-08, -5.960464477539063e-08, 0.8180965781211853, 0.5750808119773865, 7.450580596923828e-09, -0.575080931186676, 0.8180965781211853),
        }},
        {Time = 0.067, Data = {
            ["LeftFoot"] = CFrame.new(-3.725290298461914e-09, 5.960464477539063e-08, -5.820766091346741e-08, 0.9797197580337524, -0.19895382225513458, -0.023805271834135056, 0.1992335319519043, 0.9799011945724487, 0.009992482140660286, 0.02133880741894245, -0.014532310888171196, 0.9996667504310608),
            ["LeftLowerArm"] = CFrame.new(0, 3.5762786865234375e-07, 0, 1, -1.229346082709526e-07, -9.685756907629184e-08, 3.72529100900465e-08, 0.7672625184059143, -0.6413334012031555, 1.4901164746561335e-08, 0.641333281993866, 0.7672623991966248),
            ["LowerTorso"] = CFrame.new(-0.05937161296606064, -0.17371511459350586, 0.07093027979135513, 0.9681270718574524, -0.007451976649463177, -0.25034868717193604, -0.0012158445315435529, 0.9994057416915894, -0.03445061668753624, 0.25045666098594666, 0.03365696966648102, 0.9675426483154297),
            ["Head"] = CFrame.new(-2.2351741790771484e-08, 3.5762786865234375e-07, 4.6566128730773926e-08, 0.9397416114807129, -0.04712516814470291, 0.3386222720146179, 0.0682564452290535, 0.996375560760498, -0.05076240375638008, -0.33500269055366516, 0.07081684470176697, 0.9395521283149719),
            ["RightUpperArm"] = CFrame.new(0, 4.76837158203125e-07, 8.940696716308594e-08, 0.9448951482772827, -0.31839829683303833, -0.0761289969086647, 0.32732969522476196, 0.9150900840759277, 0.2355109304189682, -0.00532137556001544, -0.24745239317417145, 0.9688854813575745),
            ["UpperTorso"] = CFrame.new(6.984919309616089e-10, 2.384185791015625e-07, 2.7939677238464355e-09, 0.9950137138366699, 0.0330357700586319, -0.09410917013883591, -0.009244121611118317, 0.9700371026992798, 0.24278083443641663, 0.0993097722530365, -0.24070021510124207, 0.9655055999755859),
            ["HumanoidRootPart"] = CFrame.new(0, 0, 0, 1, 0, 0, 0, 1, 0, 0, 0, 1),
            ["RightHand"] = CFrame.new(-4.470348358154297e-08, 0, 8.195638656616211e-08, 0.9796457290649414, 0.19585822522640228, -0.04397507384419441, -0.20064933598041534, 0.9618164300918579, -0.1861429512500763, 0.0058384845033288, 0.19117778539657593, 0.9815381169319153),
            ["LeftUpperArm"] = CFrame.new(-1.1920928955078125e-07, 4.76837158203125e-07, 0, 0.7900628447532654, 0.4976550042629242, -0.3579670190811157, -0.4349508285522461, 0.8665570616722107, 0.24473702907562256, 0.4319934546947479, -0.03765958175063133, 0.901090145111084),
            ["RightLowerArm"] = CFrame.new(5.960464477539063e-08, 4.172325134277344e-07, 1.1920928955078125e-07, 1, -7.078050856534901e-08, 5.587935447692871e-09, 1.0430815677864302e-07, 0.8719596862792969, -0.4895775020122528, -4.4703494239684005e-08, 0.48957759141921997, 0.8719598650932312),
            ["LeftHand"] = CFrame.new(1.7881393432617188e-07, -1.1920928955078125e-07, 8.940696716308594e-08, 0.9675441384315491, -0.22567546367645264, 0.11370644718408585, 0.22961854934692383, 0.9730160236358643, -0.022694705054163933, -0.1055164560675621, 0.04806726425886154, 0.9932552576065063),
            ["RightUpperLeg"] = CFrame.new(0, 1.4994293451309204e-07, 1.6931153368204832e-08, 0.8478564620018005, -0.33490461111068726, -0.4110695719718933, 0.33528655767440796, 0.9392324686050415, -0.0736578106880188, 0.410758376121521, -0.07537496089935303, 0.9086233377456665),
            ["LeftUpperLeg"] = CFrame.new(0, 2.314336597919464e-07, -1.1175870895385742e-08, 0.9629502892494202, 0.26689913868904114, 0.038623496890068054, -0.20624271035194397, 0.8211207389831543, -0.5321887731552124, -0.17375530302524567, 0.504505455493927, 0.8457443714141846),
            ["RightLowerLeg"] = CFrame.new(-8.940696716308594e-08, -0.00006026029586791992, -0.00007205286965472624, 1, -9.313227877782992e-08, -1.1920928955078125e-07, 8.940696716308594e-08, 0.8503105044364929, 0.5262808203697205, -1.341104507446289e-07, -0.5262813568115234, 0.8503108024597168),
            ["RightFoot"] = CFrame.new(-5.21540641784668e-08, 2.384185791015625e-07, 1.6952981241047382e-09, 0.9487995505332947, 0.3151097893714905, -0.02202899381518364, -0.29430073499679565, 0.856500506401062, -0.42402076721191406, -0.1147453561425209, 0.4087941348552704, 0.9053846001625061),
            ["LeftLowerLeg"] = CFrame.new(1.6763806343078613e-07, 0.000060558319091796875, 0.00007220357656478882, 1, 6.007031316812572e-08, 4.6566128730773926e-09, -5.5879347371501353e-08, 0.8315931558609009, 0.5553851127624512, 3.7252898543727042e-09, -0.555385410785675, 0.8315932750701904),
        }},
        {Time = 0.100, Data = {
            ["LeftFoot"] = CFrame.new(1.4901161193847656e-08, 0, -2.1420419216156006e-08, 0.9803032875061035, -0.19556620717048645, -0.02755911834537983, 0.19712664186954498, 0.9774434566497803, 0.07579900324344635, 0.012113794684410095, -0.07973883301019669, 0.9967421889305115),
            ["LeftLowerArm"] = CFrame.new(5.960464477539063e-08, 5.364418029785156e-07, -4.172325134277344e-07, 1, -1.0244549208948683e-08, -1.1175873737556685e-07, 6.332993507385254e-08, 0.7574927806854248, -0.6528435945510864, 1.1920928955078125e-07, 0.6528436541557312, 0.75749272108078),
            ["LowerTorso"] = CFrame.new(-0.062150537967681885, -0.16451621055603027, 0.07726491987705231, 0.9766021370887756, -0.002189018065109849, -0.2150431126356125, -0.004995711613446474, 0.9994474649429321, -0.03286159783601761, 0.21499620378017426, 0.033167000859975815, 0.9760516285896301),
            ["Head"] = CFrame.new(-1.4901161193847656e-08, 2.384185791015625e-07, 4.284083843231201e-08, 0.9587150812149048, -0.043317750096321106, 0.28104984760284424, 0.06574420630931854, 0.995317280292511, -0.07086028903722763, -0.2766643464565277, 0.08641238510608673, 0.9570736289024353),
            ["RightUpperArm"] = CFrame.new(-1.1920928955078125e-07, 2.384185791015625e-07, 5.21540641784668e-08, 0.9460486769676208, -0.3039596676826477, -0.11225166916847229, 0.3220404386520386, 0.920309841632843, 0.22208039462566376, 0.03580283373594284, -0.2462485134601593, 0.9685452580451965),
            ["UpperTorso"] = CFrame.new(-9.313225746154785e-10, 1.7881393432617188e-07, 4.6566128730773926e-09, 0.9971019625663757, 0.029760736972093582, -0.07001420110464096, -0.010588581673800945, 0.9656406044960022, 0.2596656084060669, 0.07533638924360275, -0.25817176699638367, 0.9631572365760803),
            ["HumanoidRootPart"] = CFrame.new(0, 0, 0, 1, 0, 0, 0, 1, 0, 0, 0, 1),
            ["RightHand"] = CFrame.new(-1.6391277313232422e-07, -1.7881393432617188e-07, 2.60770320892334e-08, 0.9751652479171753, 0.22145387530326843, -0.0032912774477154016, -0.21818380057811737, 0.9579979181289673, -0.18610699474811554, -0.03806104138493538, 0.182203471660614, 0.9825239777565002),
            ["LeftUpperArm"] = CFrame.new(0, 1.1920928955078125e-07, 2.9802322387695312e-08, 0.7664226293563843, 0.5067668557167053, -0.3946947753429413, -0.45211881399154663, 0.8620780110359192, 0.22893214225769043, 0.45627304911613464, 0.0029903571121394634, 0.8898348212242126),
            ["RightLowerArm"] = CFrame.new(-1.1920928955078125e-07, -2.384185791015625e-07, -1.1920928955078125e-07, 1, -4.6566135836201283e-08, -7.008203795066947e-08, -7.450580596923828e-09, 0.8905540108680725, -0.45487740635871887, 4.470348358154297e-08, 0.4548775851726532, 0.8905541896820068),
            ["LeftHand"] = CFrame.new(1.7881393432617188e-07, 1.7881393432617188e-07, 0, 0.9634873867034912, -0.2430180311203003, 0.11240383982658386, 0.25324997305870056, 0.9633994698524475, -0.08789676427841187, -0.08692912757396698, 0.11315357685089111, 0.9897673726081848),
            ["RightUpperLeg"] = CFrame.new(-2.9802322387695312e-08, 2.0209699869155884e-07, 1.673470251262188e-10, 0.828226625919342, -0.3468218743801117, -0.4401762783527374, 0.3441648781299591, 0.9346925020217896, -0.08888562768697739, 0.442256897687912, -0.07787583023309708, 0.8935011625289917),
            ["LeftUpperLeg"] = CFrame.new(0, 2.795131877064705e-07, -5.587935447692871e-09, 0.9705532789230347, 0.24065448343753815, 0.010569005273282528, -0.19846831262111664, 0.8237418532371521, -0.5310928821563721, -0.13651609420776367, 0.5133564472198486, 0.8472477793693542),
            ["RightLowerLeg"] = CFrame.new(-4.470348358154297e-08, -0.00006031990051269531, -0.00007217952952487394, 1, -1.1175870895385742e-08, -2.9802318834981634e-08, 9.685753354915505e-08, 0.8374229669570923, 0.5465547442436218, -7.823108916227284e-08, -0.5465553998947144, 0.8374233245849609),
            ["RightFoot"] = CFrame.new(-3.725290298461914e-08, 2.980232238769531e-07, 9.145878721028566e-09, 0.9472562074661255, 0.3204587399959564, -0.003448442555963993, -0.296319842338562, 0.8717028498649597, -0.3902928829193115, -0.12206681817770004, 0.3707295060157776, 0.9206843376159668),
            ["LeftLowerLeg"] = CFrame.new(7.450580596923828e-08, 0.000060558319091796875, 0.00007201731204986572, 1, 8.847564458847046e-09, 1.0244548320770264e-08, -3.725290298461914e-08, 0.8517459034919739, 0.523955225944519, 7.450580596923828e-09, -0.5239551663398743, 0.8517458438873291),
        }},
        {Time = 0.133, Data = {
            ["LeftFoot"] = CFrame.new(7.450580596923828e-09, 0, -4.0978193283081055e-08, 0.9808734059333801, -0.1914164125919342, -0.035313528031110764, 0.19464607536792755, 0.964152991771698, 0.180338516831398, -0.000472124113002792, -0.1837628185749054, 0.9829705953598022),
            ["LeftLowerArm"] = CFrame.new(2.384185791015625e-07, 0, 1.1920928955078125e-07, 1, -7.636845111846924e-08, -7.4505797087454084e-09, 7.823110337312755e-08, 0.7499662041664124, -0.6614761352539062, 2.980232594040899e-08, 0.6614761352539062, 0.7499662637710571),
            ["LowerTorso"] = CFrame.new(-0.0657133013010025, -0.14976119995117188, 0.08710453659296036, 0.9851284027099609, 0.004845765419304371, -0.1717514991760254, -0.009945521131157875, 0.9995344877243042, -0.028844788670539856, 0.17153175175189972, 0.030123978853225708, 0.9847180247306824),
            ["Head"] = CFrame.new(1.1175870895385742e-08, -3.5762786865234375e-07, -2.8870999813079834e-08, 0.9767088890075684, -0.03746560588479042, 0.21127250790596008, 0.059405211359262466, 0.9933649301528931, -0.09847378730773926, -0.2061813771724701, 0.10873106867074966, 0.9724540114402771),
            ["RightUpperArm"] = CFrame.new(0, -4.76837158203125e-07, -3.725290298461914e-08, 0.9459515810012817, -0.2921657860279083, -0.1407652348279953, 0.31651294231414795, 0.9263070821762085, 0.20438849925994873, 0.07067658752202988, -0.23789575695991516, 0.9687159657478333),
            ["UpperTorso"] = CFrame.new(9.313225746154785e-09, -2.9802322387695312e-08, 1.0244548320770264e-08, 0.9988199472427368, 0.023302236571907997, -0.04261301830410957, -0.010289979167282581, 0.9589988589286804, 0.2832229733467102, 0.04746557027101517, -0.28245019912719727, 0.9581069350242615),
            ["HumanoidRootPart"] = CFrame.new(0, 0, 0, 1, 0, 0, 0, 1, 0, 0, 0, 1),
            ["RightHand"] = CFrame.new(1.1920928955078125e-07, 2.384185791015625e-07, -1.043081283569336e-07, 0.9664894938468933, 0.25443679094314575, 0.03405613452196121, -0.24360030889511108, 0.9508878588676453, -0.19097422063350677, -0.08097448945045471, 0.1762787252664566, 0.9810040593147278),
            ["LeftUpperArm"] = CFrame.new(0, -3.5762786865234375e-07, -1.1920928955078125e-07, 0.7574468851089478, 0.507784366607666, -0.4104016423225403, -0.4702998399734497, 0.860351026058197, 0.19650371372699738, 0.45287108421325684, 0.04417083039879799, 0.890481173992157),
            ["RightLowerArm"] = CFrame.new(-2.980232238769531e-07, 2.384185791015625e-07, -8.940696716308594e-08, 1, -1.862645149230957e-08, 2.9802322387695312e-08, 5.960465188081798e-08, 0.9066448211669922, -0.4218946397304535, 2.980232594040899e-08, 0.42189472913742065, 0.9066449403762817),
            ["LeftHand"] = CFrame.new(-1.1920928955078125e-07, -5.364418029785156e-07, 8.940696716308594e-08, 0.9566618204116821, -0.26708465814590454, 0.11603525280952454, 0.2823951840400696, 0.9481501579284668, -0.14582231640815735, -0.07107174396514893, 0.1722702831029892, 0.9824824333190918),
            ["RightUpperLeg"] = CFrame.new(0, -2.4796463549137115e-07, 9.480572771281004e-09, 0.8026626110076904, -0.3665873408317566, -0.47047433257102966, 0.35406693816185, 0.9276504516601562, -0.11874981969594955, 0.47996819019317627, -0.07126349955797195, 0.8743868470191956),
            ["LeftUpperLeg"] = CFrame.new(-5.960464477539063e-08, -1.3621320249512792e-07, 9.42964106798172e-09, 0.9776639938354492, 0.20884521305561066, -0.023597892373800278, -0.1893773227930069, 0.8266564011573792, -0.5298826694488525, -0.09115610271692276, 0.5225160121917725, 0.8477426171302795),
            ["RightLowerLeg"] = CFrame.new(-1.043081283569336e-07, -0.00006020069122314453, -0.00007214972720248625, 1, -3.725290298461914e-08, -4.4703490686970326e-08, 6.705523247774181e-08, 0.8149312734603882, 0.5795572996139526, -1.1175872316471214e-07, -0.5795575976371765, 0.8149315714836121),
            ["RightFoot"] = CFrame.new(0, 2.384185791015625e-07, 1.0600342648103833e-07, 0.9452250599861145, 0.32532915472984314, 0.02666301839053631, -0.2988070249557495, 0.8952548503875732, -0.3305038809776306, -0.13139298558235168, 0.3044337034225464, 0.9434280395507812),
            ["LeftLowerLeg"] = CFrame.new(2.9802322387695312e-08, 0.000060617923736572266, 0.00007208436727523804, 1, 3.911553747570906e-08, -1.8626449271863521e-09, -4.097818262494002e-08, 0.8797755241394043, 0.47538939118385315, 2.607702498380604e-08, -0.475389301776886, 0.8797755241394043),
        }},
        {Time = 0.167, Data = {
            ["LeftFoot"] = CFrame.new(-8.195638656616211e-08, 5.960464477539063e-08, -9.313225746154785e-08, 0.9800400733947754, -0.1941784918308258, -0.04261677712202072, 0.19690726697444916, 0.9186316728591919, 0.3425543010234833, -0.027367617934942245, -0.34410858154296875, 0.9385310411453247),
            ["LeftLowerArm"] = CFrame.new(0, -5.364418029785156e-07, 0, 1, -8.940696716308594e-08, 4.4703469370688254e-08, 1.0430809993522416e-07, 0.7488624453544617, -0.6627256274223328, 8.940694584680386e-08, 0.6627255082130432, 0.7488622665405273),
            ["LowerTorso"] = CFrame.new(-0.06956546753644943, -0.1215517520904541, 0.10012513399124146, 0.9921119213104248, 0.013074594549834728, -0.1246718093752861, -0.01575648784637451, 0.9996646642684937, -0.02055010013282299, 0.1243613138794899, 0.022352389991283417, 0.9919852018356323),
            ["Head"] = CFrame.new(1.862645149230957e-08, -1.1920928955078125e-07, 1.3085082173347473e-07, 0.9904214143753052, -0.028730733320116997, 0.1350555568933487, 0.04646638408303261, 0.9904159903526306, -0.1300661563873291, -0.13002431392669678, 0.13509593904018402, 0.9822641015052795),
            ["RightUpperArm"] = CFrame.new(1.1920928955078125e-07, 1.1920928955078125e-07, 1.043081283569336e-07, 0.9462659955024719, -0.2911720871925354, -0.14071084558963776, 0.314340740442276, 0.930364191532135, 0.18871226906776428, 0.0759645327925682, -0.2228030264377594, 0.9718993306159973),
            ["UpperTorso"] = CFrame.new(-1.862645149230957e-09, 2.9802322387695312e-08, -9.313225746154785e-09, 0.9998273253440857, 0.012105248868465424, -0.014097713865339756, -0.007124230265617371, 0.9504334926605225, 0.31084656715393066, 0.017161818221211433, -0.3106924593448639, 0.950355589389801),
            ["HumanoidRootPart"] = CFrame.new(0, 0, 0, 1, 0, 0, 0, 1, 0, 0, 0, 1),
            ["RightHand"] = CFrame.new(2.3469328880310059e-07, 1.1920928955078125e-07, -4.470348358154297e-08, 0.9552395343780518, 0.2914816737174988, 0.05055679753422737, -0.2757907509803772, 0.9392540454864502, -0.20430700480937958, -0.10703730583190918, 0.18121924996376038, 0.9776005148887634),
            ["LeftUpperArm"] = CFrame.new(0, -2.384185791015625e-07, 0, 0.7697780132293701, 0.5028338432312012, -0.3931923806667328, -0.486642062664032, 0.8609276413917542, 0.14826583862304688, 0.4130632281303406, 0.07721219211816788, 0.9074233174324036),
            ["RightLowerArm"] = CFrame.new(-8.940696716308594e-08, 2.384185791015625e-07, -1.1920928955078125e-07, 1, -5.401669511684304e-08, -1.1175869119028903e-08, 4.470348358154297e-08, 0.9129392504692078, -0.40809544920921326, 0, 0.4080955684185028, 0.9129392504692078),
            ["LeftHand"] = CFrame.new(5.960464477539063e-08, 0, -1.30385160446167e-07, 0.9433870911598206, -0.3012995421886444, 0.13870728015899658, 0.32129037380218506, 0.933974027633667, -0.15641267597675323, -0.08242178708314896, 0.19212287664413452, 0.9779036641120911),
            ["RightUpperLeg"] = CFrame.new(-5.960464477539063e-08, 2.791639417409897e-07, -1.287116901949048e-08, 0.775771975517273, -0.38563671708106995, -0.49946191906929016, 0.358214408159256, 0.9207605719566345, -0.15453937649726868, 0.5194808840751648, -0.05902719497680664, 0.8524408936500549),
            ["LeftUpperLeg"] = CFrame.new(-5.960464477539063e-08, 3.466266207396984e-07, -3.725290298461914e-09, 0.9829330444335938, 0.1765216737985611, -0.05179516598582268, -0.17691338062286377, 0.829824686050415, -0.5292379260063171, -0.050441041588783264, 0.5293686389923096, 0.8468911051750183),
            ["RightLowerLeg"] = CFrame.new(-5.960464477539063e-08, -0.00006002187728881836, -0.0000721050237189047, 1, -7.823110337312755e-08, -5.960463766996327e-08, 1.192092469182171e-07, 0.7939260005950928, 0.6080140471458435, 2.9802311729554276e-08, -0.6080145239830017, 0.7939263582229614),
            ["RightFoot"] = CFrame.new(-2.2351741790771484e-08, 3.5762786865234375e-07, -2.8107024263590574e-08, 0.9511875510215759, 0.30362412333488464, 0.05526918172836304, -0.280857652425766, 0.9258721470832825, -0.25274449586868286, -0.1279115229845047, 0.22488470375537872, 0.9659531712532043),
            ["LeftLowerLeg"] = CFrame.new(5.587935447692871e-08, 0.000060617923736572266, 0.00007206201553344727, 1, 6.612390990312633e-08, 1.862645149230957e-08, 0, 0.9157648682594299, 0.4017147123813629, 1.862645326866641e-08, -0.4017147123813629, 0.9157649278640747),
        }},
        {Time = 0.200, Data = {
            ["LeftFoot"] = CFrame.new(1.0617077350616455e-07, -5.960464477539063e-08, -5.21540641784668e-08, 0.9734797477722168, -0.22779086232185364, -0.02117803506553173, 0.21154256165027618, 0.8610479235649109, 0.46243512630462646, -0.0871032178401947, -0.4546512961387634, 0.8864001631736755),
            ["LeftLowerArm"] = CFrame.new(2.086162567138672e-07, 1.1920928955078125e-07, 8.940696716308594e-08, 1, -1.3411046495548362e-07, 0, 3.725290298461914e-08, 0.7530460357666016, -0.6579679250717163, 7.450580596923828e-08, 0.6579678654670715, 0.7530459761619568),
            ["LowerTorso"] = CFrame.new(-0.07470033317804337, -0.09251952171325684, 0.11924771964550018, 0.9980683922767639, 0.021819982677698135, -0.05816704407334328, -0.022015348076820374, 0.999754011631012, -0.002720432821661234, 0.0580933652818203, 0.0039957445114851, 0.998303234577179),
            ["Head"] = CFrame.new(1.3969838619232178e-08, -2.384185791015625e-07, 1.7025740817189217e-09, 0.9991124272346497, -0.01565839909017086, 0.039105795323848724, 0.021816188469529152, 0.9864858984947205, -0.16238699853420258, -0.03603464365005493, 0.1630961149930954, 0.9859519004821777),
            ["RightUpperArm"] = CFrame.new(0, -2.384185791015625e-07, -1.4901161193847656e-08, 0.9461290240287781, -0.3104862570762634, -0.0918598398566246, 0.3226906657218933, 0.927532434463501, 0.18855847418308258, 0.02665819227695465, -0.20804297924041748, 0.9777564406394958),
            ["UpperTorso"] = CFrame.new(5.122274160385132e-09, 0, 0, 0.9999054670333862, -0.0018730591982603073, 0.013620208017528057, -0.002852430334314704, 0.9408562183380127, 0.33879411220550537, -0.013449248857796192, -0.33880093693733215, 0.9407620429992676),
            ["HumanoidRootPart"] = CFrame.new(0, 0, 0, 1, 0, 0, 0, 1, 0, 0, 0, 1),
            ["RightHand"] = CFrame.new(6.705522537231445e-08, 1.1920928955078125e-07, 2.0489096641540527e-08, 0.9426892995834351, 0.32811474800109863, 0.06064249575138092, -0.30825671553611755, 0.9259536862373352, -0.2181459367275238, -0.12772902846336365, 0.18695056438446045, 0.9740302562713623),
            ["LeftUpperArm"] = CFrame.new(0, -2.384185791015625e-07, -7.82310962677002e-08, 0.7825226187705994, 0.4989126920700073, -0.3724846839904785, -0.504206657409668, 0.8587738871574402, 0.09101007878780365, 0.3652862310409546, 0.1165919080376625, 0.9235650300979614),
            ["RightLowerArm"] = CFrame.new(-2.9802322387695312e-08, -2.384185791015625e-07, 2.384185791015625e-07, 1, -5.960464477539063e-08, 5.587936335871291e-09, 2.7939680791178034e-08, 0.9042545557022095, -0.426993727684021, 3.725290742551124e-09, 0.4269939363002777, 0.904254674911499),
            ["LeftHand"] = CFrame.new(-2.9802322387695312e-08, 0, -5.587935447692871e-09, 0.9061839580535889, -0.35957199335098267, 0.22257323563098907, 0.3889753520488739, 0.9152342677116394, -0.10509219020605087, -0.16591833531856537, 0.18180829286575317, 0.9692352414131165),
            ["RightUpperLeg"] = CFrame.new(0, 2.6775524020195007e-09, -3.5579432733356953e-09, 0.7462347745895386, -0.42180314660072327, -0.5149911642074585, 0.34864556789398193, 0.906684398651123, -0.23742350935935974, 0.5670803189277649, -0.0023757992312312126, 0.8236590623855591),
            ["LeftUpperLeg"] = CFrame.new(5.960464477539063e-08, -4.612957127392292e-08, -2.7939677238464355e-09, 0.9893320202827454, 0.14040306210517883, -0.03884818032383919, -0.13987602293491364, 0.8410145044326782, -0.522617757320404, -0.04070528224110603, 0.5224764347076416, 0.8516815900802612),
            ["RightLowerLeg"] = CFrame.new(5.21540641784668e-08, -0.00006026029586791992, -0.0000721050237189047, 1, -1.1175869474300271e-07, -1.4901159417490817e-08, 1.0710211029163474e-07, 0.7126955389976501, 0.7014729976654053, -4.4703490686970326e-08, -0.7014735341072083, 0.7126961350440979),
            ["RightFoot"] = CFrame.new(-1.043081283569336e-07, 2.980232238769531e-07, -2.8107024263590574e-08, 0.9816638827323914, 0.18406543135643005, 0.04955923184752464, -0.1674664169549942, 0.9569584727287292, -0.23703435063362122, -0.09105589240789413, 0.2243889719247818, 0.9702364206314087),
            ["LeftLowerLeg"] = CFrame.new(-4.0978193283081055e-08, 0.000060617923736572266, 0.00007206201553344727, 1, 4.656613428188905e-10, 1.1175872671742582e-08, -4.6566128730773926e-09, 0.9468965530395508, 0.32153841853141785, -2.7939677238464355e-09, -0.32153838872909546, 0.9468965530395508),
        }},
        {Time = 0.233, Data = {
            ["LeftFoot"] = CFrame.new(0, -1.7881393432617188e-07, -2.9802322387695312e-08, 0.9718199968338013, -0.23334424197673798, 0.03341563791036606, 0.20328488945960999, 0.9013830423355103, 0.3823402523994446, -0.11933708190917969, -0.36477282643318176, 0.9234172105789185),
            ["LeftLowerArm"] = CFrame.new(-4.76837158203125e-07, 0, 1.1920928955078125e-07, 1, -1.0430814256778831e-07, 8.940699558479537e-08, 5.21540641784668e-08, 0.7715006470680237, -0.6362285614013672, 1.4901161193847656e-08, 0.6362285614013672, 0.7715006470680237),
            ["LowerTorso"] = CFrame.new(-0.08157892525196075, -0.08280634880065918, 0.14801573753356934, 0.9994908571243286, 0.024124812334775925, -0.020883293822407722, -0.023609012365341187, 0.9994186162948608, 0.024601463228464127, 0.021464655175805092, -0.024095909669995308, 0.9994792342185974),
            ["Head"] = CFrame.new(2.421438694000244e-08, -1.1920928955078125e-07, -9.615905582904816e-08, 0.9996156692504883, -0.012627942487597466, -0.024681709706783295, 0.007508569862693548, 0.9802869558334351, -0.19743674993515015, 0.02668832428753376, 0.19717562198638916, 0.9800049066543579),
            ["RightUpperArm"] = CFrame.new(1.1920928955078125e-07, -1.1920928955078125e-07, -1.2852251529693604e-07, 0.9333964586257935, -0.3541148006916046, -0.05808586627244949, 0.3587161600589752, 0.916379988193512, 0.17768119275569916, -0.00969083234667778, -0.1866832971572876, 0.9823724031448364),
            ["UpperTorso"] = CFrame.new(0, -1.1920928955078125e-07, -4.540197551250458e-09, 0.9991660714149475, -0.006299362517893314, 0.040344368666410446, -0.00898743700236082, 0.9298725128173828, 0.36777234077453613, -0.03983186557888985, -0.3678281903266907, 0.929040253162384),
            ["HumanoidRootPart"] = CFrame.new(0, 0, 0, 1, 0, 0, 0, 1, 0, 0, 0, 1),
            ["RightHand"] = CFrame.new(-2.2910535335540771e-07, 1.1920928955078125e-07, 3.725290298461914e-08, 0.9305949807167053, 0.3592645525932312, 0.0701577290892601, -0.3342844843864441, 0.9121779799461365, -0.23703430593013763, -0.14915421605110168, 0.19713039696216583, 0.968964695930481),
            ["LeftUpperArm"] = CFrame.new(-1.1920928955078125e-07, -2.384185791015625e-07, -6.332993507385254e-08, 0.8173169493675232, 0.4841799736022949, -0.31235089898109436, -0.4949306845664978, 0.8675112724304199, 0.04967529699206352, 0.29501965641975403, 0.11399158835411072, 0.9486671090126038),
            ["RightLowerArm"] = CFrame.new(1.7881393432617188e-07, -0.0000010132789611816406, 1.8998980522155762e-07, 1, -5.681067705154419e-08, 7.450580596923828e-09, 7.450581307466564e-08, 0.8737350702285767, -0.48640212416648865, -5.587936335871291e-09, 0.486402302980423, 0.8737350702285767),
            ["LeftHand"] = CFrame.new(-2.980232238769531e-07, -5.960464477539063e-08, 3.119930624961853e-08, 0.8886260986328125, -0.38236376643180847, 0.25326257944107056, 0.4135238230228424, 0.9068032503128052, -0.08188924193382263, -0.19834795594215393, 0.17749889194965363, 0.9639254808425903),
            ["RightUpperLeg"] = CFrame.new(-2.9802322387695312e-08, -3.0477531254291534e-07, -6.351910997182131e-09, 0.7440539002418518, -0.4455694258213043, -0.49784693121910095, 0.3239741623401642, 0.8922953009605408, -0.314404159784317, 0.5843154788017273, 0.07264400273561478, 0.8082688450813293),
            ["LeftUpperLeg"] = CFrame.new(0, -3.3085234463214874e-07, -1.862645149230957e-09, 0.9902323484420776, 0.13830935955047607, 0.017621921375393867, -0.10124373435974121, 0.8001779913902283, -0.5911556482315063, -0.09586305916309357, 0.5835973620414734, 0.8063650131225586),
            ["RightLowerLeg"] = CFrame.new(-2.9802322387695312e-08, -0.00006014108657836914, -0.00007209757313830778, 1, -9.685756197086448e-08, 0, 1.7881397695873602e-07, 0.6429910659790039, 0.7658732533454895, -3.72529100900465e-08, -0.7658737897872925, 0.6429916620254517),
            ["RightFoot"] = CFrame.new(-1.043081283569336e-07, 3.5762786865234375e-07, -2.8107024263590574e-08, 0.9919570088386536, 0.124814972281456, 0.02104249782860279, -0.11592552065849304, 0.9625956416130066, -0.2448887974023819, -0.05082138627767563, 0.2404807060956955, 0.969322919845581),
            ["LeftLowerLeg"] = CFrame.new(1.2479722499847412e-07, 0.000060677528381347656, 0.00007213838398456573, 1, 5.634501576423645e-08, 4.6566128730773926e-09, -1.4901162970204496e-08, 0.8767979741096497, 0.48085901141166687, 2.7939681679356454e-09, -0.4808589220046997, 0.8767979741096497),
        }},
        {Time = 0.267, Data = {
            ["LeftFoot"] = CFrame.new(1.1175870895385742e-08, 0, -7.450580596923828e-09, 0.9756944179534912, -0.18599380552768707, 0.11587459594011307, 0.15572883188724518, 0.960530698299408, 0.2304980605840683, -0.15417222678661346, -0.20685075223445892, 0.9661489725112915),
            ["LeftLowerArm"] = CFrame.new(-2.384185791015625e-07, 2.384185791015625e-07, 1.4901161193847656e-07, 1, 7.450581485102248e-09, -3.166496753692627e-08, 1.4901159417490817e-08, 0.8113510012626648, -0.5845595598220825, -2.9802318834981634e-08, 0.584559440612793, 0.8113508820533752),
            ["LowerTorso"] = CFrame.new(-0.09028542041778564, -0.08832788467407227, 0.17793400585651398, 0.9999045729637146, 0.007220041006803513, -0.01178310252726078, -0.006497575435787439, 0.9981628656387329, 0.06023820862174034, 0.012196375988423824, -0.060155898332595825, 0.9981145262718201),
            ["Head"] = CFrame.new(3.725290298461914e-09, 2.384185791015625e-07, -2.605374902486801e-07, 0.9984580874443054, -0.020137496292591095, -0.05173015967011452, 0.006544765550643206, 0.9680868983268738, -0.25052934885025024, 0.055124253034591675, 0.2498045414686203, 0.9667259454727173),
            ["RightUpperArm"] = CFrame.new(0, 0, -2.682209014892578e-07, 0.9155791997909546, -0.3949717581272125, -0.07557903975248337, 0.40212708711624146, 0.9006146192550659, 0.16488511860370636, 0.0029425807297229767, -0.18135777115821838, 0.9834128022193909),
            ["UpperTorso"] = CFrame.new(-6.28642737865448e-09, 1.4901161193847656e-07, 2.3050233721733093e-08, 0.997675895690918, 0.011201063171029091, 0.06721243262290955, -0.037545572966337204, 0.9135128259658813, 0.40507376194000244, -0.05686217546463013, -0.40665575861930847, 0.9118102192878723),
            ["HumanoidRootPart"] = CFrame.new(0, 0, 0, 1, 0, 0, 0, 1, 0, 0, 0, 1),
            ["RightHand"] = CFrame.new(2.1606683731079102e-07, -2.384185791015625e-07, 1.4901161193847656e-08, 0.9210129976272583, 0.3810112476348877, 0.08102737367153168, -0.34775635600090027, 0.8979716897010803, -0.2696525752544403, -0.17550082504749298, 0.2201758623123169, 0.9595426321029663),
            ["LeftUpperArm"] = CFrame.new(-1.1920928955078125e-07, 0, -1.4901161193847656e-07, 0.8502914309501648, 0.4820023775100708, -0.21137277781963348, -0.4857122302055359, 0.8733109831809998, 0.03756781294941902, 0.20270194113254547, 0.0707228034734726, 0.9766833186149597),
            ["RightLowerArm"] = CFrame.new(-4.172325134277344e-07, 2.384185791015625e-07, 2.5704503059387207e-07, 1, -7.660128886755047e-08, 2.2351738238057806e-08, 1.4901161193847656e-08, 0.8095588088035583, -0.5870386958122253, -3.259629011154175e-08, 0.5870389342308044, 0.8095588088035583),
            ["LeftHand"] = CFrame.new(1.1920928955078125e-07, 5.960464477539063e-08, -1.4901161193847656e-07, 0.9040097594261169, -0.3663795590400696, 0.22030124068260193, 0.3960646986961365, 0.9117339253425598, -0.10896783322095871, -0.16093230247497559, 0.18576155602931976, 0.9693262577056885),
            ["RightUpperLeg"] = CFrame.new(0, 1.979060471057892e-08, -1.2405507732182741e-08, 0.7734673619270325, -0.4592268466949463, -0.4368739724159241, 0.26020121574401855, 0.8585492372512817, -0.44180193543434143, 0.5779650211334229, 0.22804412245750427, 0.783551037311554),
            ["LeftUpperLeg"] = CFrame.new(-5.960464477539063e-08, 2.6635825634002686e-07, 1.955777406692505e-08, 0.9760407209396362, 0.18992623686790466, 0.10617294907569885, -0.0715276449918747, 0.7408979535102844, -0.6677979826927185, -0.20549573004245758, 0.6442036628723145, 0.7367314696311951),
            ["RightLowerLeg"] = CFrame.new(4.284083843231201e-08, -0.000060498714447021484, -0.00007209757313830778, 1, -1.1175868053214799e-07, -8.940698847936801e-08, 1.7136336794010276e-07, 0.5328202843666077, 0.8462283611297607, -2.2351745343485163e-08, -0.8462284803390503, 0.5328205227851868),
