return {
    ["Spike It"] = {
        [1] = {Time = 0.000, Data = {
            ["LeftLowerArm"] = CFrame.new(-8.344650268554688e-07, 1.7881393432617188e-07, -1.0989606380462646e-07, 1, -1.3411047916633834e-07, 6.705524668859653e-08, 7.450580596923828e-08, 0.4852515757083893, -0.8743745684623718, 4.173489287495613e-08, 0.8743745684623718, 0.4852515459060669),
            ["LeftFoot"] = CFrame.new(1.6763806343078613e-08, -1.1920928955078125e-07, -3.818422555923462e-08, 0.9986783266067505, 0.051349055022001266, -0.002257770858705044, -0.05139841511845589, 0.9978418946266174, -0.04086389020085335, 0.00015432765940204263, 0.040925927460193634, 0.9991621971130371),
            ["RightHand"] = CFrame.new(-8.195638656616211e-08, 4.172325134277344e-07, 1.4901161193847656e-08, -0.013601025566458702, -0.9299197196960449, 0.3675110340118408, 0.9894303679466248, -0.06558385491371155, -0.1293308287858963, 0.14437001943588257, 0.3618675172328949, 0.920982837677002),
            ["HumanoidRootPart"] = CFrame.new(0, 0, 0, 1, 0, 0, 0, 1, 0, 0, 0, 1),
            ["Handle"] = CFrame.new(-679.8007202148438, 1.3619682638632558e-12, 3.3188703521536134e-12, 1, 5.684341886080802e-14, 1.385171274556618e-13, 5.684341886080802e-14, 1, 1.9684467738395285e-27, 1.385171274556618e-13, 1.9684467738395285e-27, 1),
            ["RightLowerLeg"] = CFrame.new(-2.9802322387695312e-08, -0.0000034570693969726562, -0.00001326033816440031, 1, -4.1723257027115324e-07, -2.831220911048149e-07, 4.4703489265884855e-07, 0.40421977639198303, 0.9146620631217957, -3.576279254957626e-07, -0.9146619439125061, 0.4042196273803711),
            ["RightFoot"] = CFrame.new(3.725290298461914e-09, 2.980232238769531e-07, 2.032174961641431e-08, 0.953400194644928, 0.30121251940727234, 0.017301583662629128, -0.2589791417121887, 0.8464465737342834, -0.4652501344680786, -0.15478402376174927, 0.4390890598297119, 0.8850101828575134),
            ["LeftLowerLeg"] = CFrame.new(1.0058283805847168e-07, 0.0000040531158447265625, 0.000013288110494613647, 1, 1.862645149230957e-09, -5.8906159949856374e-08, -9.31322685637781e-10, 0.999984622001648, 0.005560352001339197, 1.0593795174429488e-08, -0.0055602542124688625, 0.9999845623970032),
            ["LowerTorso"] = CFrame.new(-0.10660842061042786, -0.1688004732131958, -0.231129452586174, 0.8895037770271301, 0.3551652431488037, -0.2874729335308075, -0.3761865198612213, 0.9263379573822021, -0.019536780193448067, 0.259358286857605, 0.1255214810371399, 0.9575895071029663),
            ["Head"] = CFrame.new(-2.644956111907959e-07, 4.76837158203125e-07, -3.725290298461914e-08, 0.855741560459137, -0.4303300380706787, 0.28726714849472046, 0.4644196927547455, 0.8835920691490173, -0.059829458594322205, -0.22808057069778442, 0.18461109697818756, 0.9559802412986755),
            ["UpperTorso"] = CFrame.new(-3.3527612686157227e-08, -1.4901161193847656e-07, 3.818422555923462e-08, 0.9940651655197144, 0.011689991690218449, 0.10815715789794922, -0.03690585494041443, 0.9714882969856262, 0.23419764637947083, -0.1023356020450592, -0.23679932951927185, 0.9661540389060974),
            ["LeftUpperArm"] = CFrame.new(0, 3.5762786865234375e-07, -2.9802322387695312e-08, 0.9785561561584473, -0.04175287485122681, -0.20170390605926514, -0.011166074313223362, 0.9670474529266357, -0.25435158610343933, 0.20567716658115387, 0.25114965438842773, 0.9458440542221069),
            ["RightLowerArm"] = CFrame.new(4.172325134277344e-07, 5.960464477539063e-08, 4.470348358154297e-08, 1, -8.568167686462402e-08, 2.607702498380604e-08, 6.332992796842518e-08, 0.7216162085533142, -0.6922933459281921, 3.352760913344355e-08, 0.6922933459281921, 0.7216162085533142),
            ["LeftHand"] = CFrame.new(-1.1920928955078125e-07, 5.960464477539063e-08, -8.940696716308594e-08, 0.8002147674560547, 0.4900206923484802, -0.34573981165885925, -0.5964444875717163, 0.7103978395462036, -0.37361612915992737, 0.06253315508365631, 0.5051876902580261, 0.8607410192489624),
            ["RightUpperArm"] = CFrame.new(2.384185791015625e-07, 8.344650268554688e-07, 4.470348358154297e-08, 0.10767743736505508, -0.1372133493423462, 0.9846716523170471, 0.17515765130519867, 0.9775556921958923, 0.11706757545471191, -0.9786344170570374, 0.15986725687980652, 0.12929470837116241),
            ["RightUpperLeg"] = CFrame.new(-2.9802322387695312e-08, -4.796311259269714e-07, 6.908521754667163e-08, 0.7223255634307861, -0.6354050040245056, 0.2729588747024536, 0.6706749200820923, 0.547387957572937, -0.5005609393119812, 0.16864463686943054, 0.5446345806121826, 0.8215426206588745),
            ["LeftUpperLeg"] = CFrame.new(-4.76837158203125e-07, -4.0978193283081055e-07, 1.0058283805847168e-07, 0.7729172110557556, -0.3687604069709778, 0.5163479447364807, 0.2676514983177185, 0.9273180961608887, 0.26161760091781616, -0.5752927660942078, -0.0640074610710144, 0.8154392242431641)
        }},
        [2] = {Time = 0.033, Data = {
            ["LeftFoot"] = CFrame.new(-3.725290298461914e-09, 5.960464477539063e-08, 2.491287887096405e-08, 0.9997426867485046, 0.02267710119485855, 0.0006547560333274305, -0.02268511988222599, 0.9989428520202637, 0.03998413309454918, 0.00025258943787775934, -0.039988767355680466, 0.9992001056671143),
            ["LeftLowerArm"] = CFrame.new(-2.682209014892578e-07, 2.384185791015625e-07, -4.470348358154297e-08, 1, -3.352762334429826e-08, -2.980233304583635e-08, 8.195638656616211e-08, 0.659588634967804, -0.7516267895698547, 4.0978193283081055e-08, 0.7516268491744995, 0.6595886945724487),
            ["RightUpperArm"] = CFrame.new(3.5762786865234375e-07, 3.5762786865234375e-07, 5.587935447692871e-08, 0.057882290333509445, -0.08142242580652237, 0.9949975609779358, 0.18322111666202545, 0.9806058406829834, 0.06958607584238052, -0.9813662767410278, 0.17827677726745605, 0.07167802006006241),
            ["Head"] = CFrame.new(-2.5890767574310303e-07, 0, -2.8870999813079834e-08, 0.8784475326538086, -0.4298930764198303, 0.20861932635307312, 0.4500887989997864, 0.8910245895385742, -0.059122469276189804, -0.16046862304210663, 0.14583317935466766, 0.9762082695960999),
            ["RightHand"] = CFrame.new(-2.4586915969848633e-07, 7.152557373046875e-07, 2.384185791015625e-07, -0.07791657745838165, -0.9323213696479797, 0.3531374931335449, 0.9828625917434692, -0.13119114935398102, -0.1294991821050644, 0.167063370347023, 0.3369954526424408, 0.9265657067298889),
            ["UpperTorso"] = CFrame.new(4.284083843231201e-08, -2.384185791015625e-07, -1.4901161193847656e-08, 0.988588273525238, -0.08240111917257309, 0.12610866129398346, 0.04118784889578819, 0.9530870318412781, 0.2998812198638916, -0.1449030637741089, -0.2912648618221283, 0.9456045031547546),
            ["HumanoidRootPart"] = CFrame.new(0, 0, 0, 1, 0, 0, 0, 1, 0, 0, 0, 1),
            ["LeftUpperLeg"] = CFrame.new(-1.7881393432617188e-07, -8.754432201385498e-07, 2.9802322387695312e-08, 0.8167581558227539, -0.3923046886920929, 0.4230876564979553, 0.290030837059021, 0.9130550622940063, 0.2867271304130554, -0.4987868070602417, -0.11147837340831757, 0.8595256805419922),
            ["LeftUpperArm"] = CFrame.new(5.960464477539063e-08, -2.384185791015625e-07, 1.7695128917694092e-08, 0.9657586216926575, -0.007713195867836475, -0.25932762026786804, -0.07470428198575974, 0.9489573240280151, -0.3064301609992981, 0.24845437705516815, 0.31531044840812683, 0.9158874750137329),
            ["RightLowerArm"] = CFrame.new(1.7881393432617188e-07, -3.5762786865234375e-07, -1.341104507446289e-07, 1, -4.284084909045305e-08, 1.5832483768463135e-08, 5.494803190231323e-08, 0.8073492646217346, -0.5900739431381226, 1.7695128917694092e-08, 0.5900738835334778, 0.8073492050170898),
            ["LeftHand"] = CFrame.new(-2.682209014892578e-07, 5.960464477539062e-07, 3.2782554626464844e-07, 0.7294210195541382, 0.5437917113304138, -0.41501283645629883, -0.6776353716850281, 0.6573829054832458, -0.3296332359313965, 0.09357050806283951, 0.5216687321662903, 0.8480014204978943),
            ["RightFoot"] = CFrame.new(-5.029141902923584e-08, 2.980232238769531e-07, 1.1345400707796216e-07, 0.9563925862312317, 0.2919716238975525, 0.00811694748699665, -0.24736490845680237, 0.8244287371635437, -0.5090458393096924, -0.1553187370300293, 0.48484006524086, 0.8607010841369629),
            ["LowerTorso"] = CFrame.new(-0.07974892854690552, -0.1614607572555542, -0.21941296756267548, 0.8743424415588379, 0.4062154293060303, -0.26554539799690247, -0.43932750821113586, 0.8949818015098572, -0.07745295763015747, 0.20619569718837738, 0.18438181281089783, 0.9609821438789368),
            ["RightLowerLeg"] = CFrame.new(0, -0.000003814697265625, -0.000013215634680818766, 1, -2.4959444999694824e-07, -1.788139627478813e-07, 1.7881389169360773e-07, 0.3597378134727478, 0.9330534934997559, -1.7881389169360773e-07, -0.9330534934997559, 0.3597378730773926),
            ["RightUpperLeg"] = CFrame.new(-1.1920928955078125e-07, -5.085021257400513e-07, -6.129994289949536e-08, 0.6678951382637024, -0.6901415586471558, 0.27860528230667114, 0.7260856032371521, 0.5220019817352295, -0.44756415486335754, 0.16345015168190002, 0.5012170672416687, 0.8497443795204163),
            ["LeftLowerLeg"] = CFrame.new(-5.960464477539063e-08, 0.000003933906555175781, 0.000013334676623344421, 1, 1.0710209608078003e-08, 2.2118912923474454e-08, -1.257285475730896e-08, 0.9999845623970032, 0.0055661736987531185, -1.8248101696372032e-08, -0.00556604191660881, 0.9999845623970032)
        }},
        [3] = {Time = 0.067, Data = {
            ["LeftFoot"] = CFrame.new(-3.166496753692627e-08, 1.7881393432617188e-07, -1.862645149230957e-09, 0.9994455575942993, -0.03278520703315735, -0.00582120893523097, 0.03329532966017723, 0.9862288236618042, 0.16200079023838043, 0.00042958668200299144, -0.162104994058609, 0.9867735505104065),
            ["LeftLowerArm"] = CFrame.new(-2.980232238769531e-07, 5.364418029785156e-07, 2.9802322387695312e-08, 1, -2.980232949312267e-08, 0, 5.960464477539063e-08, 0.8682634234428406, -0.49610358476638794, 1.862645149230957e-08, 0.49610358476638794, 0.8682634234428406),
            ["RightUpperArm"] = CFrame.new(2.384185791015625e-07, 0.0000010728836059570312, 5.21540641784668e-08, -0.03516015410423279, -0.0458618700504303, 0.9983288645744324, 0.208092600107193, 0.9767153859138489, 0.05219779163599014, -0.977476954460144, 0.20958012342453003, -0.0247979536652565),
            ["Head"] = CFrame.new(-3.3120159059762955e-07, 3.5762786865234375e-07, -4.284083843231201e-08, 0.8857191801071167, -0.44165945053100586, 0.14296351373195648, 0.44796106219291687, 0.8939495086669922, -0.013614991679787636, -0.12178897857666016, 0.0761011466383934, 0.9896343946456909),
            ["RightHand"] = CFrame.new(-2.2724270820617676e-07, 6.556510925292969e-07, -7.078051567077637e-08, 0.0043379878625273705, -0.9589927792549133, 0.2833976447582245, 0.990979015827179, -0.03383840620517731, -0.12967507541179657, 0.13394717872142792, 0.28140369057655334, 0.950194776058197),
            ["UpperTorso"] = CFrame.new(-2.7939677238464355e-08, -2.086162567138672e-07, -3.3527612686157227e-08, 0.9852679967880249, -0.0719543918967247, 0.1551440954208374, 0.01706598699092865, 0.9440198540687561, 0.3294471502304077, -0.1701642870903015, -0.32194599509239197, 0.9313404560089111),
            ["HumanoidRootPart"] = CFrame.new(0, 0, 0, 1, 0, 0, 0, 1, 0, 0, 0, 1),
            ["LeftUpperLeg"] = CFrame.new(-2.384185791015625e-07, -0.000001080334186553955, 6.705522537231445e-08, 0.835154116153717, -0.3552945554256439, 0.41986122727394104, 0.24147345125675201, 0.9227098226547241, 0.3004949986934662, -0.49417418241500854, -0.1495743840932846, 0.8563991189002991),
            ["LeftUpperArm"] = CFrame.new(-1.1920928955078125e-07, 3.5762786865234375e-07, 2.7008354663848877e-08, 0.9470837712287903, -0.009459392167627811, -0.3208473324775696, -0.11186200380325317, 0.927177369594574, -0.3575320839881897, 0.3008643686771393, 0.3745034337043762, 0.877056360244751),
            ["RightLowerArm"] = CFrame.new(3.5762786865234375e-07, 0, -3.0919909477233887e-07, 1, -3.539026138810186e-08, 1.7695127141337252e-08, 4.7031790018081665e-08, 0.909612774848938, -0.4154573082923889, 8.381903171539307e-09, 0.4154573082923889, 0.9096126556396484),
            ["LeftHand"] = CFrame.new(-2.384185791015625e-07, -2.384185791015625e-07, 2.384185791015625e-07, 0.694225013256073, 0.5922063589096069, -0.409076064825058, -0.719317615032196, 0.5907275676727295, -0.3655449151992798, 0.025174492970108986, 0.5480261445045471, 0.8360824584960938),
            ["RightFoot"] = CFrame.new(5.587935447692871e-08, 3.5762786865234375e-07, -1.3205863069742918e-08, 0.963531494140625, 0.267581969499588, 0.0026404173113405704, -0.22874552011489868, 0.8287249207496643, -0.510774552822113, -0.13886243104934692, 0.4915434718132019, 0.8597107529640198),
            ["LowerTorso"] = CFrame.new(-0.036679401993751526, -0.134208083152771, -0.20043344795703888, 0.8879191279411316, 0.3871699273586273, -0.24839302897453308, -0.429315984249115, 0.8914011716842651, -0.14523005485534668, 0.16518913209438324, 0.23559163510799408, 0.9577103853225708),
            ["RightLowerLeg"] = CFrame.new(-5.960464477539063e-08, -0.000003635883331298828, -0.000013275239325594157, 1, 2.7008358216562556e-08, 2.980232594040899e-08, 5.960463766996327e-08, 0.3903850018978119, 0.9206517934799194, 1.4901159417490817e-08, -0.9206517338752747, 0.3903849124908447),
            ["RightUpperLeg"] = CFrame.new(0, -6.891787052154541e-07, -1.6596459317952394e-08, 0.6902939677238464, -0.6946800947189331, 0.20227180421352386, 0.7067270874977112, 0.5874808430671692, -0.394212007522583, 0.15502026677131653, 0.4150732457637787, 0.8964836597442627),
            ["LeftLowerLeg"] = CFrame.new(-1.4901161193847656e-08, 0.000003874301910400391, 0.000013280659914016724, 1, -9.31322907682386e-10, 2.6077040971017595e-08, -1.9557779395995567e-08, 0.999984622001648, 0.005561704747378826, 6.519259798665189e-09, -0.005561500787734985, 0.9999845623970032)
        }},
        [4] = {Time = 0.100, Data = {
            ["LeftFoot"] = CFrame.new(-3.166496753692627e-08, 1.1920928955078125e-07, 6.984919309616089e-08, 0.9978458881378174, -0.062385573983192444, -0.02029118686914444, 0.0650823563337326, 0.9802644848823547, 0.18667012453079224, 0.008244997821748257, -0.18758909404277802, 0.9822131395339966),
            ["LeftLowerArm"] = CFrame.new(-4.76837158203125e-07, 0.0000012516975402832031, -1.7881393432617188e-07, 1, -1.4901166522918174e-08, 0, 7.450580596923828e-09, 0.9706591367721558, -0.24046003818511963, 3.725290298461914e-08, 0.24045999348163605, 0.9706591367721558),
            ["RightUpperArm"] = CFrame.new(2.384185791015625e-07, 0.0000011920928955078125, 6.332993507385254e-08, -0.1890183836221695, -0.05282580852508545, 0.9805516600608826, 0.262032687664032, 0.9596312642097473, 0.10221011936664581, -0.9463672637939453, 0.27625614404678345, -0.1675458699464798),
            ["Head"] = CFrame.new(-3.5390257835388184e-07, 5.960464477539062e-07, -1.1175870895385742e-08, 0.8913924098014832, -0.4451124370098114, 0.08540817350149155, 0.4442084729671478, 0.8954087495803833, 0.030366338789463043, -0.08999166637659073, 0.010870706290006638, 0.9958832263946533),
            ["RightHand"] = CFrame.new(-3.427267074584961e-07, 6.556510925292969e-07, 2.5331974029541016e-07, 0.10205760598182678, -0.993113100528717, 0.057539306581020355, 0.9896548986434937, 0.09549902379512787, -0.10706616193056107, 0.1008339375257492, 0.06787102669477463, 0.9925855398178101),
            ["UpperTorso"] = CFrame.new(8.66129994392395e-08, -2.384185791015625e-07, -2.9802322387695312e-08, 0.9805413484573364, -0.009715856984257698, 0.19607248902320862, -0.059616025537252426, 0.9368700981140137, 0.344558447599411, -0.18704211711883545, -0.3495428264141083, 0.9180605411529541),
            ["HumanoidRootPart"] = CFrame.new(0, 0, 0, 1, 0, 0, 0, 1, 0, 0, 0, 1),
            ["LeftUpperLeg"] = CFrame.new(-2.384185791015625e-07, -9.313225746154785e-07, 3.725290298461914e-08, 0.8344536423683167, -0.2038431614637375, 0.5119913220405579, 0.13560526072978973, 0.976457953453064, 0.1677529513835907, -0.5341333150863647, -0.07055331766605377, 0.8424510955810547),
            ["LeftUpperArm"] = CFrame.new(5.960464477539063e-08, 4.76837158203125e-07, 2.0489096641540527e-08, 0.9334025979042053, -0.020375225692987442, -0.35825201869010925, -0.13012851774692535, 0.9112030267715454, -0.3908653259277344, 0.33440423011779785, 0.4114534854888916, 0.8478677868843079),
            ["RightLowerArm"] = CFrame.new(3.5762786865234375e-07, 3.5762786865234375e-07, -1.9371509552001953e-07, 1, -2.2351745343485163e-08, -1.4901159417490817e-08, 1.862645149230957e-08, 0.9684973359107971, -0.24902406334877014, 2.2351741790771484e-08, 0.24902403354644775, 0.9684973359107971),
            ["LeftHand"] = CFrame.new(-2.384185791015625e-07, 3.5762786865234375e-07, 0, 0.6939888596534729, 0.6297722458839417, -0.34895026683807373, -0.7199677228927612, 0.6035897135734558, -0.3425288498401642, -0.005092321429401636, 0.4889441430568695, 0.8723002672195435),
            ["RightFoot"] = CFrame.new(-1.862645149230957e-08, 2.980232238769531e-07, 5.757465260103345e-08, 0.9734033346176147, 0.229081928730011, -0.0027719095814973116, -0.20121757686138153, 0.8490934371948242, -0.4884169101715088, -0.10953377932310104, 0.4759851396083832, 0.872606098651886),
            ["LowerTorso"] = CFrame.new(0.02708612009882927, -0.09305226802825928, -0.17905884981155396, 0.9180042147636414, 0.3228815793991089, -0.23025153577327728, -0.3716953992843628, 0.9029372930526733, -0.21574713289737701, 0.13824190199375153, 0.28364020586013794, 0.9489138126373291),
            ["RightLowerLeg"] = CFrame.new(7.450580596923828e-08, -0.0000032782554626464844, -0.000013290140486788005, 1, -1.4249229707274935e-07, -4.470350489782504e-08, 1.0430814256778831e-07, 0.4828249514102936, 0.8757165670394897, -2.980232594040899e-08, -0.8757168650627136, 0.48282569646835327),
            ["RightUpperLeg"] = CFrame.new(5.960464477539063e-08, -9.499490261077881e-07, -5.3849362302571535e-08, 0.7597034573554993, -0.6464369297027588, 0.07049945741891861, 0.6313684582710266, 0.7073240280151367, -0.31790971755981445, 0.15564236044883728, 0.28602802753448486, 0.9454963207244873),
            ["LeftLowerLeg"] = CFrame.new(-3.725290298461914e-08, 0.0000037550926208496094, 0.000013276934623718262, 1, 3.5390254282674505e-08, 2.2584572434425354e-08, -5.21540641784668e-08, 0.9674026966094971, 0.25324341654777527, 4.6566128730773926e-08, -0.25324320793151855, 0.9674026370048523)
        }},
        [5] = {Time = 0.133, Data = {
            ["LeftFoot"] = CFrame.new(1.6763806343078613e-08, 0, 0, 0.9999775886535645, -0.005678609479218721, -0.0035622199065983295, 0.006398665253072977, 0.9669751524925232, 0.2547905743122101, 0.001997679704800248, -0.2548075318336487, 0.9669897556304932),
            ["LeftLowerArm"] = CFrame.new(-2.980232238769531e-07, 4.172325134277344e-07, -2.384185791015625e-07, 1, 4.4703497792397684e-08, -7.450583261459087e-09, 2.9802322387695312e-08, 0.9983873963356018, -0.05676831677556038, -7.450580596923828e-09, 0.05676831677556038, 0.9983873963356018),
            ["RightUpperArm"] = CFrame.new(2.384185791015625e-07, 0.0000010728836059570312, 5.6461431086063385e-08, -0.3462175130844116, -0.13795877993106842, 0.9279552698135376, 0.3079119324684143, 0.9176254868507385, 0.25130409002304077, -0.8861849308013916, 0.37273427844047546, -0.2752188742160797),
            ["Head"] = CFrame.new(-3.501772880554199e-07, 7.152557373046875e-07, -3.247987478971481e-08, 0.9001189470291138, -0.4341013431549072, 0.03663431107997894, 0.43196287751197815, 0.9002602100372314, 0.05421914905309677, -0.056517042219638824, -0.03297900781035423, 0.9978567957878113),
            ["RightHand"] = CFrame.new(-2.086162567138672e-07, 4.172325134277344e-07, 2.086162567138672e-07, 0.13647697865962982, -0.970240592956543, -0.20001818239688873, 0.9666789174079895, 0.17457441985607147, -0.1872314214706421, 0.21657758951187134, -0.16780050098896027, 0.9617365598678589),
            ["UpperTorso"] = CFrame.new(6.193295121192932e-08, -3.2782554626464844e-07, -1.341104507446289e-07, 0.9725143313407898, 0.033512525260448456, 0.2304188311100006, -0.1134001612663269, 0.932464599609375, 0.3430019021034241, -0.20336249470710754, -0.3597038686275482, 0.9106354713439941),
            ["HumanoidRootPart"] = CFrame.new(0, 0, 0, 1, 0, 0, 0, 1, 0, 0, 0, 1),
            ["LeftUpperLeg"] = CFrame.new(-1.7881393432617188e-07, -0.0000010728836059570312, -5.21540641784668e-08, 0.7784218192100525, -0.02062251977622509, 0.6274026036262512, 0.04094895347952843, 0.9989997148513794, -0.017968613654375076, -0.6264046430587769, 0.039678510278463364, 0.7784876227378845),
            ["LeftUpperArm"] = CFrame.new(-1.1920928955078125e-07, 5.960464477539062e-07, -3.6088749766349792e-09, 0.9012429714202881, -0.01644279435276985, -0.43300190567970276, -0.17233969271183014, 0.9032421708106995, -0.393004834651947, 0.3975676894187927, 0.4288162589073181, 0.8112068772315979),
            ["RightLowerArm"] = CFrame.new(2.384185791015625e-07, 3.5762786865234375e-07, 8.940696716308594e-08, 1, -1.4901161193847656e-08, 2.2351738238057806e-08, 7.450579175838357e-08, 0.9814363718032837, -0.19178827106952667, 4.097818262494002e-08, 0.19178828597068787, 0.9814363718032837),
            ["LeftHand"] = CFrame.new(-2.5331974029541016e-07, 3.5762786865234375e-07, 5.960464477539063e-08, 0.7220413088798523, 0.6281640529632568, -0.2899419665336609, -0.6907520294189453, 0.6309333443641663, -0.35324904322624207, -0.03896429017186165, 0.4553385376930237, 0.8894655108451843),
            ["RightFoot"] = CFrame.new(8.195638656616211e-08, 2.980232238769531e-07, 6.129994289949536e-08, 0.9821969270706177, 0.18778109550476074, -0.005237810779362917, -0.16980533301830292, 0.8755581378936768, -0.4522871971130371, -0.08034474402666092, 0.44512495398521423, 0.8918570280075073),
            ["LowerTorso"] = CFrame.new(0.0948842242360115, -0.04764425754547119, -0.15291503071784973, 0.9393081665039062, 0.27487221360206604, -0.2052936851978302, -0.3229832649230957, 0.9102742075920105, -0.25900328159332275, 0.1156807392835617, 0.30959030985832214, 0.943807065486908),
            ["RightLowerLeg"] = CFrame.new(5.960464477539063e-08, -0.0000035762786865234375, -0.000013275239325594157, 1, -2.0116563348437921e-07, -5.960463766996327e-08, 1.6391278734317893e-07, 0.586471676826477, 0.8099695444107056, -1.4156104555240745e-07, -0.8099697828292847, 0.5864718556404114),
            ["RightUpperLeg"] = CFrame.new(1.7881393432617188e-07, -9.369105100631714e-07, -9.110226528719068e-08, 0.8112164735794067, -0.5827629566192627, -0.04811706021428108, 0.5566174983978271, 0.7947896122932434, -0.24183973670005798, 0.17917802929878235, 0.16940146684646606, 0.9691224098205566),
            ["LeftLowerLeg"] = CFrame.new(-4.470348358154297e-08, 0.000003993511199951172, 0.000013515353202819824, 1, 1.7788259754070168e-07, 5.960463056453591e-08, -1.154839708306099e-07, 0.8693057894706726, 0.49427497386932373, -3.166496043149891e-08, -0.49427473545074463, 0.8693057298660278)
        }},
        [6] = {Time = 0.167, Data = {
            ["LeftFoot"] = CFrame.new(-9.313225746154785e-09, 5.960464477539063e-08, 4.0978193283081055e-08, 0.999934196472168, 0.009346978738904, 0.006663733161985874, -0.01097764540463686, 0.9483411908149719, 0.31706225872039795, -0.003355923807248473, -0.31711462140083313, 0.9483813047409058),
            ["LeftLowerArm"] = CFrame.new(-5.066394805908203e-07, 0.0000010132789611816406, -1.1920928955078125e-07, 1, 7.450583261459087e-09, 0, 0, 0.9992446899414062, -0.03886092081665993, 1.4901162970204496e-08, 0.0388609915971756, 0.9992446899414062),
            ["RightUpperArm"] = CFrame.new(2.384185791015625e-07, 0.0000011920928955078125, 5.960464477539063e-08, -0.38533931970596313, -0.1967136710882187, 0.901563823223114, 0.374918669462204, 0.8593633770942688, 0.34775063395500183, -0.8431782722473145, 0.4720151126384735, -0.25739482045173645),
            ["Head"] = CFrame.new(-3.241002559661865e-07, 3.5762786865234375e-07, -5.774199962615967e-08, 0.9197847247123718, -0.3924225866794586, -0.0007968890713527799, 0.39220869541168213, 0.9192125797271729, 0.034939587116241455, -0.01297861710190773, -0.03244944289326668, 0.9993891716003418),
            ["RightHand"] = CFrame.new(-2.384185791015625e-07, 3.5762786865234375e-07, 1.1920928955078125e-07, 0.12017263472080231, -0.9472825527191162, -0.2970091998577118, 0.9285801649093628, 0.21307536959648132, -0.30387139320373535, 0.3511373698711395, -0.2392798215150833, 0.9052335023880005),
            ["UpperTorso"] = CFrame.new(1.3962562661617994e-08, -3.8743019104003906e-07, -3.5157427191734314e-08, 0.9737185835838318, -0.03999939188361168, 0.2242148220539093, -0.042251892387866974, 0.93564373254776, 0.3504078686237335, -0.22380131483078003, -0.3506721258163452, 0.9093635678291321),
            ["HumanoidRootPart"] = CFrame.new(0, 0, 0, 1, 0, 0, 0, 1, 0, 0, 0, 1),
            ["LeftUpperLeg"] = CFrame.new(-2.384185791015625e-07, -0.0000010132789611816406, -4.470348358154297e-08, 0.7942410111427307, 0.028390273451805115, 0.6069391965866089, 0.09872714430093765, 0.9796030521392822, -0.1750168651342392, -0.5995283126831055, 0.19892676174640656, 0.7752380967140198),
            ["LeftUpperArm"] = CFrame.new(0, 5.960464477539062e-07, -1.30385160446167e-08, 0.9001882076263428, -0.038555942475795746, -0.43379101157188416, -0.1674327701330185, 0.8888770341873169, -0.4264552593231201, 0.40202921628952026, 0.4565208852291107, 0.7937009930610657),
            ["RightLowerArm"] = CFrame.new(1.1920928955078125e-07, 1.1920928955078125e-07, 1.043081283569336e-07, 1, -1.4901162970204496e-08, 3.725289943190546e-08, -7.450580596923828e-09, 0.9801163077354431, -0.19842420518398285, -1.5832483768463135e-08, 0.19842424988746643, 0.9801162481307983),
            ["LeftHand"] = CFrame.new(-4.76837158203125e-07, 2.384185791015625e-07, -1.1920928955078125e-07, 0.7053507566452026, 0.5986857414245605, -0.37954699993133545, -0.7083422541618347, 0.6157198548316956, -0.3451668918132782, 0.027048075571656227, 0.5123128294944763, 0.8583729267120361),
            ["RightFoot"] = CFrame.new(-6.51925802230835e-08, 2.980232238769531e-07, 2.032174961641431e-08, 0.9878352880477905, 0.15538626909255981, -0.006038711406290531, -0.14107120037078857, 0.879139244556427, -0.4552062153816223, -0.06542404741048813, 0.45052117109298706, 0.8903656005859375),
            ["LowerTorso"] = CFrame.new(0.1575988233089447, -0.015372633934020996, -0.11826179176568985, 0.9325953722000122, 0.3200654685497284, -0.16680531203746796, -0.35414740443229675, 0.9006293416023254, -0.25188568234443665, 0.0696098580956459, 0.29398107528686523, 0.9532731175422668),
            ["RightLowerLeg"] = CFrame.new(-2.9802322387695312e-08, -0.000003814697265625, -0.000013275239325594157, 1, -1.1548401346317405e-07, -1.1920936060505483e-07, 1.4901162614933128e-07, 0.6000210642814636, 0.7999839782714844, -4.4703490686970326e-08, -0.7999842166900635, 0.6000215411186218),
            ["RightUpperLeg"] = CFrame.new(0, -9.164214134216309e-07, -9.110226528719068e-08, 0.7993912696838379, -0.593592643737793, -0.09285076707601547, 0.5565469861030579, 0.7898207306861877, -0.2577572762966156, 0.22633835673332214, 0.15437300503253937, 0.9617379307746887),
            ["LeftLowerLeg"] = CFrame.new(-4.470348358154297e-08, 0.000004231929779052734, 0.000013306736946105957, 1, 7.916241173688832e-08, 4.00468671557519e-08, -4.842877388000488e-08, 0.7586168646812439, 0.6515366435050964, 8.940696716308594e-08, -0.6515370607376099, 0.7586171627044678)
        }},
        [7] = {Time = 0.200, Data = {
            ["LeftFoot"] = CFrame.new(1.30385160446167e-08, 5.960464477539063e-08, 7.450580596923828e-09, 0.9999651312828064, 0.0063259899616241455, 0.005453089717775583, -0.007758324965834618, 0.9453123807907104, 0.32607436180114746, -0.0030920146964490414, -0.3261050581932068, 0.9453284740447998),
            ["LeftLowerArm"] = CFrame.new(-5.066394805908203e-07, 8.940696716308594e-07, -2.086162567138672e-07, 1, -2.9802340151263707e-08, 1.4901170075631853e-08, 7.450580596923828e-09, 0.9763501286506653, -0.21619583666324615, -2.2351741790771484e-08, 0.21619577705860138, 0.9763501286506653),
            ["RightUpperArm"] = CFrame.new(4.76837158203125e-07, 0.000001430511474609375, 8.940696716308594e-08, -0.29222413897514343, -0.23046796023845673, 0.9281646609306335, 0.47886791825294495, 0.804833710193634, 0.3506114184856415, -0.8278228640556335, 0.5469253063201904, -0.12482808530330658),
            ["Head"] = CFrame.new(-1.1362135410308838e-07, 9.5367431640625e-07, -4.470348358154297e-08, 0.9409767985343933, -0.33467617630958557, -0.0505424439907074, 0.3337651491165161, 0.9423044919967651, -0.02575249783694744, 0.05624513328075409, 0.007363203912973404, 0.9983898997306824),
            ["RightHand"] = CFrame.new(-2.9802322387695312e-08, 9.5367431640625e-07, 8.940696716308594e-08, 0.1209314689040184, -0.9511996507644653, -0.2838926315307617, 0.9020970463752747, 0.2246539145708084, -0.36844485998153687, 0.41424205899238586, -0.2115420550107956, 0.8852419853210449),
            ["UpperTorso"] = CFrame.new(3.0297087505459785e-08, -4.470348358154297e-07, 6.705522537231445e-08, 0.9686712026596069, -0.11562696844339371, 0.21978743374347687, 0.030493512749671936, 0.9336820840835571, 0.3568023443222046, -0.24646754562854767, -0.33892199397087097, 0.9079568982124329),
            ["HumanoidRootPart"] = CFrame.new(0, 0, 0, 1, 0, 0, 0, 1, 0, 0, 0, 1),
            ["LeftUpperLeg"] = CFrame.new(-2.384185791015625e-07, -9.760260581970215e-07, 1.3224780559539795e-07, 0.8238598108291626, 0.08114669471979141, 0.560954749584198, 0.15694594383239746, 0.9183389544487, -0.36334773898124695, -0.5446310043334961, 0.3873874247074127, 0.7438469529151917),
            ["LeftUpperArm"] = CFrame.new(5.960464477539063e-08, 0.0000010728836059570312, 0, 0.9096303582191467, -0.07770344614982605, -0.40808677673339844, -0.12930454313755035, 0.8805913925170898, -0.45589399337768555, 0.3947821855545044, 0.4674624800682068, 0.79096519947052),
            ["RightLowerArm"] = CFrame.new(2.980232238769531e-07, -5.960464477539063e-08, 7.450580596923828e-08, 1, -2.980233659855003e-08, 2.9802318834981634e-08, -3.725290653733282e-08, 0.973368763923645, -0.22924533486366272, 2.2351745343485163e-08, 0.2292453795671463, 0.9733686447143555),
            ["LeftHand"] = CFrame.new(-5.960464477539063e-08, 2.980232238769531e-07, 0, 0.6522872447967529, 0.5899254083633423, -0.4759299159049988, -0.7404227256774902, 0.6302494406700134, -0.23358091711997986, 0.16215935349464417, 0.5047511458396912, 0.8478978276252747),
            ["RightFoot"] = CFrame.new(4.0978193283081055e-08, 2.980232238769531e-07, -5.75528247281909e-09, 0.9921749830245972, 0.12474866211414337, -0.00517646037042141, -0.11142388731241226, 0.8659687638282776, -0.48752713203430176, -0.05633535236120224, 0.48428916931152344, 0.873092532157898),
            ["LowerTorso"] = CFrame.new(0.2184920310974121, -0.026644349098205566, -0.08376877754926682, 0.9284079074859619, 0.3538689911365509, -0.11329405009746552, -0.37074944376945496, 0.9024243354797363, -0.21948881447315216, 0.02456902153789997, 0.245778888463974, 0.9690145254135132),
            ["RightLowerLeg"] = CFrame.new(1.4901161193847656e-08, -0.0000034570693969726562, -0.000013334843970369548, 1, -3.576278118089249e-07, -1.4156103134155273e-07, 2.607703493140434e-07, 0.5400451421737671, 0.8416361212730408, -7.078052277620372e-08, -0.8416360020637512, 0.5400451421737671),
            ["RightUpperLeg"] = CFrame.new(-5.960464477539063e-08, -7.469207048416138e-07, 1.3205863069742918e-08, 0.7945385575294495, -0.5980597734451294, -0.10503923892974854, 0.538356363773346, 0.7738304734230042, -0.33370426297187805, 0.2808574438095093, 0.20859237015247345, 0.9368075728416443),
            ["LeftLowerLeg"] = CFrame.new(2.9802322387695312e-08, 0.000003814697265625, 0.000013306736946105957, 1, -4.470347647611561e-08, -3.911553392299538e-08, -5.960462345910855e-08, 0.6081676483154297, 0.7938087582588196, -3.7252888773764425e-08, -0.7938085794448853, 0.6081674695014954)
        }},
        [8] = {Time = 0.233, Data = {
            ["LeftFoot"] = CFrame.new(-2.2351741790771484e-08, 1.1920928955078125e-07, 0, 0.999961256980896, -0.005637139547616243, -0.006769601255655289, 0.007618804462254047, 0.9391884803771973, 0.34331774711608887, 0.004422775004059076, -0.3433558940887451, 0.939194917678833),
            ["LeftLowerArm"] = CFrame.new(-4.172325134277344e-07, 2.384185791015625e-07, -1.9371509552001953e-07, 1, -4.0978218152076806e-08, 1.4901170075631853e-08, 2.2351747119842003e-08, 0.9353224039077759, -0.3537966310977936, 2.2351747119842003e-08, 0.35379669070243835, 0.9353223443031311),
            ["RightUpperArm"] = CFrame.new(2.384185791015625e-07, 0.0000010728836059570312, 1.1920928955078125e-07, -0.05883195251226425, -0.2845454812049866, 0.9568557143211365, 0.5817261934280396, 0.769177258014679, 0.26450175046920776, -0.8112542629241943, 0.5721891522407532, 0.12027538567781448),
            ["Head"] = CFrame.new(-2.0116567611694336e-07, 2.384185791015625e-07, -4.470348358154297e-08, 0.9596714973449707, -0.2604880630970001, -0.10572033375501633, 0.2513054311275482, 0.9634596109390259, -0.09268856048583984, 0.12600155174732208, 0.06238245218992233, 0.9900667667388916),
            ["RightHand"] = CFrame.new(-2.2351741790771484e-07, 3.5762786865234375e-07, 0, 0.15018779039382935, -0.9694294333457947, -0.19403712451457977, 0.9134157299995422, 0.21115843951702118, -0.3479710817337036, 0.37830591201782227, -0.12497542798519135, 0.9172054529190063),
            ["UpperTorso"] = CFrame.new(-7.839025784051046e-08, -1.1920928955078125e-07, -1.955777406692505e-08, 0.9603284597396851, -0.18446046113967896, 0.20914988219738007, 0.10557793080806732, 0.9346457719802856, 0.3395446538925171, -0.25811365246772766, -0.30399277806282043, 0.9170418381690979),
            ["HumanoidRootPart"] = CFrame.new(0, 0, 0, 1, 0, 0, 0, 1, 0, 0, 0, 1),
            ["LeftUpperLeg"] = CFrame.new(-2.384185791015625e-07, -8.931383490562439e-07, 1.1641532182693481e-07, 0.8584998250007629, 0.09994932264089584, 0.5029791593551636, 0.1923631727695465, 0.8464358448982239, -0.49653077125549316, -0.47536760568618774, 0.5230262875556946, 0.7074385285377502),
            ["LeftUpperArm"] = CFrame.new(0, 4.76837158203125e-07, 7.450580596923828e-09, 0.9004023671150208, -0.1365814208984375, -0.413063108921051, -0.09440057724714279, 0.8654880523681641, -0.4919542074203491, 0.42469295859336853, 0.4819501042366028, 0.7663941979408264),
            ["RightLowerArm"] = CFrame.new(3.5762786865234375e-07, 5.960464477539063e-08, -2.9802322387695312e-08, 1, 0, -2.2351736461700966e-08, 3.632158396271734e-08, 0.93620765209198, -0.35144752264022827, 1.1175872671742582e-08, 0.35144755244255066, 0.9362075328826904),
            ["LeftHand"] = CFrame.new(-4.023313522338867e-07, 3.5762786865234375e-07, 2.9802322387695312e-08, 0.5922974348068237, 0.574653148651123, -0.5647631883621216, -0.7589282989501953, 0.633294939994812, -0.15154384076595306, 0.2705765664577484, 0.5183739066123962, 0.8112195134162903),
            ["RightFoot"] = CFrame.new(2.421438694000244e-08, 4.172325134277344e-07, -2.8107024263590574e-08, 0.9949164390563965, 0.10063353180885315, -0.0037639113143086433, -0.08903279900550842, 0.8615302443504333, -0.4998389184474945, -0.0470576211810112, 0.497633159160614, 0.8661102652549744),
            ["LowerTorso"] = CFrame.new(0.27626803517341614, -0.03154122829437256, -0.07070833444595337, 0.9295035004615784, 0.365384578704834, -0.050175368785858154, -0.3684225082397461, 0.9136217832565308, -0.17193110287189484, -0.01697966456413269, 0.17829629778862, 0.9838303327560425),
            ["RightLowerLeg"] = CFrame.new(6.705522537231445e-08, -0.000003933906555175781, -0.000013156030036043376, 1, 7.450584149637507e-08, 7.450582373280668e-09, -3.7252917195473856e-08, 0.5069124698638916, 0.861997663974762, -7.450583439094771e-08, -0.8619976043701172, 0.506912350654602),
            ["RightUpperLeg"] = CFrame.new(-5.960464477539063e-08, -6.398186087608337e-07, 4.6733475755900145e-08, 0.8002236485481262, -0.5849578380584717, -0.13216178119182587, 0.49844518303871155, 0.7712973952293396, -0.39579349756240845, 0.3334585428237915, 0.25084808468818665, 0.9087798595428467),
            ["LeftLowerLeg"] = CFrame.new(-5.21540641784668e-08, 0.0000036954879760742188, 0.00001315772533416748, 1, 3.9115551686563776e-08, -1.862645593320167e-09, -9.313227877782992e-08, 0.5193221569061279, 0.8545783758163452, -3.725291186640334e-09, -0.8545786738395691, 0.5193225145339966)
        }},
        [9] = {Time = 0.267, Data = {
            ["LeftFoot"] = CFrame.new(-1.1175870895385742e-08, -1.7881393432617188e-07, 0, 0.9994071125984192, -0.022495022043585777, -0.026066426187753677, 0.029728148132562637, 0.9457029104232788, 0.323669970035553, 0.017370108515024185, -0.3242529630661011, 0.9458109140396118),
            ["LeftLowerArm"] = CFrame.new(-2.384185791015625e-07, 6.556510925292969e-07, -8.940696716308594e-08, 1, -2.980232949312267e-08, 1.4901166522918174e-08, 2.60770320892334e-08, 0.9119524359703064, -0.41029608249664307, -1.4901161193847656e-08, 0.4102960526943207, 0.9119524359703064),
            ["RightUpperArm"] = CFrame.new(3.5762786865234375e-07, 9.5367431640625e-07, 2.9802322387695312e-08, 0.12667810916900635, -0.39996978640556335, 0.9077317118644714, 0.6588647365570068, 0.7180051207542419, 0.22442375123500824, -0.7415187358856201, 0.5696428418159485, 0.3544814884662628),
            ["Head"] = CFrame.new(-1.3969838619232178e-07, 4.76837158203125e-07, 0, 0.963858962059021, -0.2100122570991516, -0.16392356157302856, 0.1821829378604889, 0.9685251116752625, -0.16961288452148438, 0.19438490271568298, 0.13361887633800507, 0.9717822074890137),
            ["RightHand"] = CFrame.new(-9.313225746154785e-08, 4.76837158203125e-07, 1.1920928955078125e-07, 0.1495521515607834, -0.9768877029418945, -0.15272413194179535, 0.9303648471832275, 0.19132529199123383, -0.31275540590286255, 0.3347468376159668, -0.09531592577695847, 0.9374750852584839),
            ["UpperTorso"] = CFrame.new(1.1490192264318466e-07, -4.76837158203125e-07, -2.60770320892334e-08, 0.9640589356422424, -0.17158614099025726, 0.2028513252735138, 0.102857805788517, 0.9449906349182129, 0.310504674911499, -0.24497090280056, -0.27847999334335327, 0.9286755323410034),
            ["HumanoidRootPart"] = CFrame.new(0, 0, 0, 1, 0, 0, 0, 1, 0, 0, 0, 1),
            ["LeftUpperLeg"] = CFrame.new(-5.960464477539063e-08, -0.0000010281801223754883, 7.427297532558441e-08, 0.917352020740509, 0.11248338967561722, 0.38185444474220276, 0.16725420951843262, 0.7615615725517273, -0.6261389851570129, -0.36123600602149963, 0.6382565498352051, 0.679806649684906),
            ["LeftUpperArm"] = CFrame.new(0, 4.76837158203125e-07, 1.862645149230957e-08, 0.8539482951164246, -0.20628751814365387, -0.47772133350372314, -0.09678074717521667, 0.8390811681747437, -0.5353282690048218, 0.511278510093689, 0.5033769607543945, 0.6965673565864563),
            ["RightLowerArm"] = CFrame.new(6.556510925292969e-07, -6.556510925292969e-07, 1.0058283805847168e-07, 1, -6.426127185932273e-08, 3.5390254282674505e-08, 2.2817399525365545e-08, 0.8552796840667725, -0.5181666016578674, 1.1175869119028903e-08, 0.5181666612625122, 0.8552796840667725),
            ["LeftHand"] = CFrame.new(-1.6391277313232422e-07, 1.7881393432617188e-07, 2.2351741790771484e-07, 0.5512067675590515, 0.5658147931098938, -0.6132087111473083, -0.7864260673522949, 0.5978516340255737, -0.15526536107063293, 0.27875638008117676, 0.5678265690803528, 0.7745113968849182),
