return {
    ["Spin Out 2"] = {
        {Time = 0.000, Data = {
            ["LeftFoot"] = CFrame.new(4.0978193283081055e-08, 0, 2.1420419216156006e-08, 0.9837687015533447, -0.17380405962467194, -0.0446232445538044, 0.17396071553230286, 0.9847525358200073, -0.00037887608050368726, 0.044008687138557434, -0.007390000857412815, 0.9990038871765137),
            ["LeftLowerArm"] = CFrame.new(-2.980232238769531e-07, -6.556510925292969e-07, 5.960464477539063e-08, 1, -4.563480615615845e-08, 2.9802318834981634e-08, 2.6077035641947077e-08, 0.8931930661201477, -0.44967350363731384, 2.980232594040899e-08, 0.44967353343963623, 0.8931929469108582),
            ["LowerTorso"] = CFrame.new(-0.06076372042298317, -0.14496266841888428, -0.028124317526817322, 0.9634888172149658, -0.011868301779031754, -0.26748549938201904, 0.000039892947825137526, 0.9990234971046448, -0.04418285936117172, 0.2677486836910248, 0.042559023946523666, 0.9625484347343445),
            ["Head"] = CFrame.new(-3.119930624961853e-08, 0, -1.8137507140636444e-07, 0.9370489120483398, 0.04007658734917641, 0.34689095616340637, -0.03142634406685829, 0.9990398287773132, -0.030528517439961433, -0.34778133034706116, 0.017705202102661133, 0.9374085664749146),
            ["RightUpperArm"] = CFrame.new(-1.1920928955078125e-07, 2.384185791015625e-07, 0, 0.9756412506103516, -0.20516902208328247, -0.07765153795480728, 0.21141111850738525, 0.9738539457321167, 0.08314986526966095, 0.05856144428253174, -0.09754082560539246, 0.9935071468353271),
            ["UpperTorso"] = CFrame.new(-1.5497789718210697e-09, -1.1920928955078125e-07, -2.3283064365386963e-08, 0.9965730309486389, 0.002303380984812975, -0.0826864242553711, 0.014233600348234177, 0.979927122592926, 0.19884735345840454, 0.0814845860004425, -0.1993427723646164, 0.9765361547470093),
            ["HumanoidRootPart"] = CFrame.new(0, 0, 0, 1, 0, 0, 0, 1, 0, 0, 0, 1),
            ["RightHand"] = CFrame.new(-1.043081283569336e-07, -2.384185791015625e-07, -8.940696716308594e-08, 0.9988261461257935, 0.02910541743040085, -0.03872193768620491, -0.034349799156188965, 0.9891964197158813, -0.14251567423343658, 0.03415565565228462, 0.14367851614952087, 0.9890348315238953),
            ["LeftUpperArm"] = CFrame.new(-1.1920928955078125e-07, -4.76837158203125e-07, -1.1920928955078125e-07, 0.8103410601615906, 0.362999826669693, -0.4599766731262207, -0.357286274433136, 0.9282824397087097, 0.10314156115055084, 0.4644286334514618, 0.08076351135969162, 0.881920337677002),
            ["RightLowerArm"] = CFrame.new(2.384185791015625e-07, 8.344650268554688e-07, 1.4901161193847656e-07, 1, -6.332994928470725e-08, 3.7252894102834944e-09, 2.980232594040899e-08, 0.907088577747345, -0.4209398031234741, 1.862645326866641e-08, 0.4209398031234741, 0.907088577747345),
            ["LeftHand"] = CFrame.new(0, -5.960464477539063e-08, -1.4528632164001465e-07, 0.9945313334465027, -0.05324563756585121, 0.08984605967998505, 0.057363372296094894, 0.9973883628845215, -0.043886490166187286, -0.08727456629276276, 0.048800405114889145, 0.9949883818626404),
            ["RightUpperLeg"] = CFrame.new(2.384185791015625e-07, -3.771856427192688e-08, 2.0656443666666746e-08, 0.9264183044433594, -0.22554312646389008, -0.30146244168281555, 0.25718021392822266, 0.9638831615447998, 0.06919343024492264, 0.27496814727783203, -0.14163242280483246, 0.9509640336036682),
            ["LeftUpperLeg"] = CFrame.new(-4.76837158203125e-07, -2.39349901676178e-07, -5.21540641784668e-08, 0.97511225938797, 0.22061100602149963, 0.02206730842590332, -0.1845782846212387, 0.8629045486450195, -0.4704535901546478, -0.12282922863960266, 0.4546718895435333, 0.8821487426757812),
            ["RightLowerLeg"] = CFrame.new(5.960464477539063e-08, -0.0000033974647521972656, -0.00001324357435805723, 1, -1.266598843585598e-07, 1.4901164746561335e-08, 1.7881390590446244e-07, 0.9101457595825195, 0.4142879545688629, -2.4680044674596502e-08, -0.4142882823944092, 0.9101458787918091),
            ["RightFoot"] = CFrame.new(-3.3527612686157227e-08, 4.172325134277344e-07, -2.0656443666666746e-08, 0.969001829624176, 0.23886831104755402, -0.06306689232587814, -0.2421654760837555, 0.8678268790245056, -0.43385735154151917, -0.04890350624918938, 0.43568164110183716, 0.8987716436386108),
            ["LeftLowerLeg"] = CFrame.new(-2.9802322387695312e-08, 0.0000040531158447265625, 0.000013113021850585938, 1, 1.5133993258586997e-07, 5.1222752261992355e-08, -1.1175875158642157e-07, 0.8650001883506775, 0.5017716884613037, 2.980233304583635e-08, -0.5017715692520142, 0.8650000691413879),
        }},
        {Time = 0.033, Data = {
            ["LeftFoot"] = CFrame.new(-7.450580596923828e-09, 0, 2.8870999813079834e-08, 0.9835723638534546, -0.17550639808177948, -0.04222540929913521, 0.1730959415435791, 0.9833544492721558, -0.05524453520774841, 0.05121845752000809, 0.04702844098210335, 0.9975796341896057),
            ["LeftLowerArm"] = CFrame.new(-1.7881393432617188e-07, 0.0000010728836059570312, -2.980232238769531e-07, 1, -8.14907039625723e-08, 3.7252898543727042e-09, 5.960465188081798e-08, 0.8839852213859558, -0.4675148129463196, 7.450581307466564e-08, 0.4675147533416748, 0.8839852213859558),
            ["LowerTorso"] = CFrame.new(-0.0571414977312088, -0.15902459621429443, -0.05820092186331749, 0.9638822078704834, -0.01815376617014408, -0.26570945978164673, -0.0003109179378952831, 0.9975968599319458, -0.0692855715751648, 0.2663286626338959, 0.06686574220657349, 0.9615603089332581),
            ["Head"] = CFrame.new(3.259629011154175e-09, -4.76837158203125e-07, -9.016366675496101e-08, 0.9407476782798767, 0.046663496643304825, 0.33588138222694397, -0.034803636372089386, 0.9985426664352417, -0.041246894747018814, -0.3373166620731354, 0.027113039046525955, 0.9410006999969482),
            ["RightUpperArm"] = CFrame.new(0, 3.5762786865234375e-07, -7.450580596923828e-09, 0.967706024646759, -0.21065989136695862, -0.13844668865203857, 0.21988916397094727, 0.9739748239517212, 0.05497235059738159, 0.12326309084892273, -0.08364002406597137, 0.9888430833816528),
            ["UpperTorso"] = CFrame.new(1.30385160446167e-08, -5.662441253662109e-07, -1.30385160446167e-08, 0.9973605275154114, -0.004063181579113007, -0.07249551266431808, 0.02085890807211399, 0.9723803997039795, 0.23246826231479645, 0.06954861432313919, -0.23336683213710785, 0.9698984622955322),
            ["HumanoidRootPart"] = CFrame.new(0, 0, 0, 1, 0, 0, 0, 1, 0, 0, 0, 1),
            ["RightHand"] = CFrame.new(2.2351741790771484e-07, -1.1920928955078125e-07, 5.960464477539063e-08, 0.9976571798324585, 0.029139211401343346, 0.06189728528261185, -0.01814693957567215, 0.9850616455078125, -0.17124326527118683, -0.06596246361732483, 0.16971881687641144, 0.9832825660705566),
            ["LeftUpperArm"] = CFrame.new(-2.384185791015625e-07, -1.1920928955078125e-07, -8.940696716308594e-08, 0.8068898320198059, 0.3931639790534973, -0.44085249304771423, -0.38361984491348267, 0.9162976145744324, 0.1150413304567337, 0.4491821527481079, 0.07629406452178955, 0.8901766538619995),
            ["RightLowerArm"] = CFrame.new(8.344650268554688e-07, 3.5762786865234375e-07, 8.940696716308594e-08, 1, -4.470348358154297e-08, 4.470347647611561e-08, 2.9802318834981634e-08, 0.9022663235664368, -0.4311792552471161, 4.470347647611561e-08, 0.4311792850494385, 0.9022663235664368),
            ["LeftHand"] = CFrame.new(2.384185791015625e-07, -2.980232238769531e-07, 3.725290298461914e-09, 0.9962878823280334, -0.0555896982550621, 0.06572866439819336, 0.06149933487176895, 0.9938950538635254, -0.09159957617521286, -0.06023542210459709, 0.0953017994761467, 0.9936243891716003),
            ["RightUpperLeg"] = CFrame.new(2.384185791015625e-07, 2.7008354663848877e-07, 3.55576048605144e-08, 0.940815269947052, -0.23364239931106567, -0.245515838265419, 0.25910618901252747, 0.9628022313117981, 0.07665354758501053, 0.2184733897447586, -0.1357315331697464, 0.9663572907447815),
            ["LeftUpperLeg"] = CFrame.new(-3.5762786865234375e-07, 2.8219074010849e-07, 2.9802322387695312e-08, 0.9753633141517639, 0.22030995786190033, 0.011403605341911316, -0.18872305750846863, 0.8600563406944275, -0.47401151061058044, -0.11423718929290771, 0.4601811170578003, 0.8804448843002319),
            ["RightLowerLeg"] = CFrame.new(5.21540641784668e-08, -0.000003635883331298828, -0.000013313423551153392, 1, -2.6077044523731274e-08, 2.2351748896198842e-08, 9.313227877782992e-08, 0.8858970403671265, 0.46388161182403564, 3.02679903363412e-09, -0.46388205885887146, 0.8858972191810608),
            ["RightFoot"] = CFrame.new(5.960464477539063e-08, 2.980232238769531e-07, 5.3849362302571535e-08, 0.9684916734695435, 0.24220246076583862, -0.05798249691724777, -0.24275967478752136, 0.866121232509613, -0.4369228184223175, -0.055603817105293274, 0.4372321665287018, 0.8976283073425293),
            ["LeftLowerLeg"] = CFrame.new(-1.4901161193847656e-08, 0.000004112720489501953, 0.000013321638107299805, 1, 4.109460860490799e-08, 4.5634816814299484e-08, -7.450581307466564e-08, 0.8190680146217346, 0.5736960768699646, 2.980232594040899e-08, -0.5736964344978333, 0.8190683126449585),
        }},
        {Time = 0.067, Data = {
            ["LeftFoot"] = CFrame.new(5.587935447692871e-08, 0, 4.0978193283081055e-08, 0.9818587899208069, -0.1846967488527298, -0.042901232838630676, 0.1770048290491104, 0.9739275574684143, -0.14189545810222626, 0.06798982620239258, 0.13172779977321625, 0.9889516234397888),
            ["LeftLowerArm"] = CFrame.new(-5.364418029785156e-07, 1.1920928955078125e-07, -5.960464477539063e-08, 1, 7.450582373280668e-09, -1.4901164746561335e-08, 5.960467319710006e-08, 0.8557692170143127, -0.5173577666282654, -7.450584149637507e-09, 0.5173578262329102, 0.8557692170143127),
            ["LowerTorso"] = CFrame.new(-0.04681263118982315, -0.2076023817062378, -0.08349412679672241, 0.9649102091789246, -0.02726503275334835, -0.26116105914115906, -0.0018985398346558213, 0.9938441514968872, -0.11077117174863815, 0.26257359981536865, 0.10738003998994827, 0.958918571472168),
            ["Head"] = CFrame.new(-2.7474015951156616e-08, 2.384185791015625e-07, -1.1594966053962708e-07, 0.9485542178153992, 0.05712068825960159, 0.31141945719718933, -0.04319014772772789, 0.9977410435676575, -0.05145297572016716, -0.31365495920181274, 0.03535570576786995, 0.9488785862922668),
            ["RightUpperArm"] = CFrame.new(-5.960464477539063e-08, 2.384185791015625e-07, -7.450580596923828e-09, 0.9628936648368835, -0.20774608850479126, -0.17227137088775635, 0.21805550158023834, 0.9749869108200073, 0.04304011911153793, 0.15902093052864075, -0.07900775223970413, 0.9841088056564331),
            ["UpperTorso"] = CFrame.new(-4.6566128730773926e-09, -5.960464477539062e-07, -2.0489096641540527e-08, 0.9986767768859863, -0.01662440039217472, -0.04866516590118408, 0.02965298295021057, 0.9593039155006409, 0.28081461787223816, 0.04201632738113403, -0.28188613057136536, 0.9585275053977966),
            ["HumanoidRootPart"] = CFrame.new(0, 0, 0, 1, 0, 0, 0, 1, 0, 0, 0, 1),
            ["RightHand"] = CFrame.new(8.940696716308594e-08, 1.1920928955078125e-07, 5.960464477539063e-08, 0.968883752822876, 0.02576581947505474, 0.2461717128753662, 0.029619906097650528, 0.975350558757782, -0.21866442263126373, -0.2457377165555954, 0.21915198862552643, 0.944238007068634),
            ["LeftUpperArm"] = CFrame.new(-1.1920928955078125e-07, 1.1920928955078125e-07, -1.4901161193847656e-07, 0.8018119931221008, 0.4533328413963318, -0.3893415927886963, -0.4284527003765106, 0.8902975916862488, 0.15426738560199738, 0.41656434535980225, 0.04312096908688545, 0.9080829620361328),
            ["RightLowerArm"] = CFrame.new(1.1920928955078125e-07, 2.384185791015625e-07, -5.960464477539063e-08, 1, -5.2154071283894154e-08, -2.2351734685344127e-08, 4.4703490686970326e-08, 0.8827373385429382, -0.4698669910430908, 2.6077035641947077e-08, 0.4698670208454132, 0.8827372789382935),
            ["LeftHand"] = CFrame.new(5.960464477539063e-08, 0, -5.960464477539063e-08, 0.9981036186218262, -0.060948051512241364, 0.008637667633593082, 0.06143064796924591, 0.9772117137908936, -0.20318341255187988, 0.003942769952118397, 0.2033286988735199, 0.979102611541748),
            ["RightUpperLeg"] = CFrame.new(5.960464477539063e-08, -2.952292561531067e-07, -9.145878721028566e-09, 0.967599630355835, -0.23119951784610748, -0.10147760063409805, 0.2262260913848877, 0.972334086894989, -0.058209504932165146, 0.11212851107120514, 0.033366452902555466, 0.9931334853172302),
            ["LeftUpperLeg"] = CFrame.new(-2.980232238769531e-07, -1.3969838619232178e-07, 2.9802322387695312e-08, 0.9743321537971497, 0.22468464076519012, -0.013925640843808651, -0.2005401998758316, 0.838198184967041, -0.5071564316749573, -0.10227740556001663, 0.49693143367767334, 0.8617416024208069),
            ["RightLowerLeg"] = CFrame.new(-9.685754776000977e-08, -0.000003516674041748047, -0.000013319011486601084, 1, -4.097818262494002e-08, -7.450581307466564e-08, -3.166496753692627e-08, 0.7094979286193848, 0.7047068476676941, 3.3527612686157227e-08, -0.7047074437141418, 0.7094985842704773),
            ["RightFoot"] = CFrame.new(8.195638656616211e-08, 3.5762786865234375e-07, 1.6596459317952394e-08, 0.9746949076652527, 0.2220820039510727, -0.02548929676413536, -0.20881301164627075, 0.8638425469398499, -0.4584457576274872, -0.0797942578792572, 0.4521678388118744, 0.8883568048477173),
            ["LeftLowerLeg"] = CFrame.new(1.1175870895385742e-07, 0.000003635883331298828, 0.000013381242752075195, 1, 3.492459939025139e-07, 1.5832483768463135e-07, -2.719462486311386e-07, 0.7104414701461792, 0.7037562727928162, 1.8626455755565985e-07, -0.7037562727928162, 0.710441529750824),
        }},
        {Time = 0.100, Data = {
            ["LeftFoot"] = CFrame.new(-8.195638656616211e-08, 1.7881393432617188e-07, -5.960464477539063e-08, 0.9788362979888916, -0.1992594450712204, -0.04663912579417229, 0.18653658032417297, 0.9624720811843872, -0.19710855185985565, 0.08416440337896347, 0.1842370480298996, 0.9792717695236206),
            ["LeftLowerArm"] = CFrame.new(-5.364418029785156e-07, 4.172325134277344e-07, 5.960464477539063e-08, 1, -4.842878098543224e-08, 6.705523247774181e-08, 7.63684582238966e-08, 0.8060101270675659, -0.5919018983840942, 0, 0.5919018387794495, 0.8060100078582764),
            ["LowerTorso"] = CFrame.new(-0.02960614487528801, -0.2566584348678589, -0.09220438450574875, 0.9665452837944031, -0.029556840658187866, -0.25478753447532654, -0.0056061879731714725, 0.9906668663024902, -0.13619038462638855, 0.25643491744995117, 0.13306255638599396, 0.9573586583137512),
            ["Head"] = CFrame.new(-2.7939677238464355e-08, -5.960464477539062e-07, -9.12696123123169e-08, 0.9485301375389099, 0.06318353116512299, 0.3103199601173401, -0.050235383212566376, 0.9975075125694275, -0.049549687653779984, -0.31267717480659485, 0.03141031041741371, 0.9493399858474731),
            ["RightUpperArm"] = CFrame.new(-5.960464477539063e-08, 0, 3.4458935260772705e-08, 0.958626389503479, -0.21532021462917328, -0.18620623648166656, 0.20465299487113953, 0.9759600758552551, -0.074960857629776, 0.19787031412124634, 0.03375176340341568, 0.9796469807624817),
            ["UpperTorso"] = CFrame.new(1.0244548320770264e-08, 8.940696716308594e-08, -5.029141902923584e-08, 0.998856782913208, -0.0304400771856308, -0.03686012327671051, 0.0402013398706913, 0.9521015286445618, 0.3031281530857086, 0.025867344811558723, -0.3042634427547455, 0.9522367715835571),
            ["HumanoidRootPart"] = CFrame.new(0, 0, 0, 1, 0, 0, 0, 1, 0, 0, 0, 1),
            ["RightHand"] = CFrame.new(-5.923211574554443e-07, 5.960464477539063e-08, -2.9802322387695312e-08, 0.9394857287406921, 0.02223215065896511, 0.34186607599258423, 0.0640573799610138, 0.9688931107521057, -0.2390456348657608, -0.33654624223709106, 0.24647891521453857, 0.9088371396064758),
            ["LeftUpperArm"] = CFrame.new(-2.384185791015625e-07, 0, 2.9802322387695312e-08, 0.8067523837089539, 0.5037769079208374, -0.30880337953567505, -0.4551656246185303, 0.8630818128585815, 0.2188926637172699, 0.3767956793308258, -0.03603552281856537, 0.9255951642990112),
            ["RightLowerArm"] = CFrame.new(5.960464477539062e-07, 0.0000015497207641601562, -1.564621925354004e-07, 1, -7.450579886381092e-08, 1.4901161193847656e-08, 4.470347647611561e-08, 0.8373571038246155, -0.5466562509536743, 4.656612162534657e-08, 0.5466562509536743, 0.8373571634292603),
            ["LeftHand"] = CFrame.new(5.960464477539062e-07, 3.5762786865234375e-07, 2.9802322387695312e-08, 0.9960593581199646, -0.06632854789495468, -0.05887559801340103, 0.04340299963951111, 0.9434689879417419, -0.32860663533210754, 0.0773434191942215, 0.3247564136981964, 0.9426300525665283),
            ["RightUpperLeg"] = CFrame.new(5.960464477539063e-08, 1.9511207938194275e-07, 5.790934665128589e-08, 0.9863303303718567, -0.16224195063114166, 0.02880999445915222, 0.16437359154224396, 0.9564673900604248, -0.2411462664604187, 0.011568297632038593, 0.24258548021316528, 0.9700611233711243),
            ["LeftUpperLeg"] = CFrame.new(-3.5762786865234375e-07, 1.9185245037078857e-07, 2.9802322387695312e-08, 0.9724841713905334, 0.22982682287693024, -0.038134295493364334, -0.2135579138994217, 0.814018726348877, -0.5401542782783508, -0.09309976547956467, 0.5334352254867554, 0.8407015800476074),
            ["RightLowerLeg"] = CFrame.new(2.9802322387695312e-08, -0.0000036954879760742188, -0.000013230535842012614, 1, -4.768372150465439e-07, -3.1292447033592907e-07, 4.2468295191611105e-07, 0.48473265767097473, 0.8746622800827026, -2.7194610652259144e-07, -0.874662458896637, 0.4847327768802643),
            ["RightFoot"] = CFrame.new(1.4901161193847656e-08, 4.172325134277344e-07, 1.6596459317952394e-08, 0.985228955745697, 0.17123325169086456, 0.0017314316937699914, -0.15064221620559692, 0.8714722394943237, -0.4667365252971649, -0.08142983168363571, 0.45958182215690613, 0.8843947649002075),
            ["LeftLowerLeg"] = CFrame.new(-3.725290298461914e-08, 0.000003814697265625, 0.000013247132301330566, 1, 2.0489096641540527e-07, 1.7881390590446244e-07, -1.7508865823856468e-07, 0.6185895204544067, 0.7857145071029663, 9.685756197086448e-08, -0.7857143878936768, 0.6185893416404724),
        }},
        {Time = 0.133, Data = {
            ["LeftFoot"] = CFrame.new(1.4528632164001465e-07, -1.1920928955078125e-07, -3.3527612686157227e-08, 0.9742670655250549, -0.21904568374156952, -0.0531306229531765, 0.20556560158729553, 0.9601899981498718, -0.18915103375911713, 0.09244808554649353, 0.17336192727088928, 0.9805096387863159),
            ["LeftLowerArm"] = CFrame.new(0, 5.960464477539062e-07, 1.1920928955078125e-07, 1, -8.195638656616211e-08, -2.9802318834981634e-08, 5.2154071283894154e-08, 0.7310651540756226, -0.682307779788971, 4.4703490686970326e-08, 0.682307779788971, 0.7310651540756226),
            ["LowerTorso"] = CFrame.new(0.0016134388279169798, -0.2707909345626831, -0.0794750228524208, 0.9683789610862732, -0.023092396557331085, -0.24841302633285522, -0.01531426701694727, 0.9883273243904114, -0.15157362818717957, 0.24901357293128967, 0.15058496594429016, 0.9567217826843262),
            ["Head"] = CFrame.new(4.6100467443466187e-08, -2.384185791015625e-07, -1.4202669262886047e-08, 0.9312248229980469, 0.055094052106142044, 0.36025679111480713, -0.042524196207523346, 0.9981812238693237, -0.04273132607340813, -0.36195579171180725, 0.024472830817103386, 0.9318739771842957),
            ["RightUpperArm"] = CFrame.new(1.1920928955078125e-07, 0, 2.0489096641540527e-08, 0.9603933095932007, -0.20277638733386993, -0.19111962616443634, 0.1561209261417389, 0.9596920609474182, -0.23370373249053955, 0.23080556094646454, 0.19460971653461456, 0.9533393383026123),
            ["UpperTorso"] = CFrame.new(1.0244548320770264e-08, 5.960464477539063e-08, -1.8742866814136505e-08, 0.9982230067253113, -0.04901643097400665, -0.03388776630163193, 0.05717480927705765, 0.9480821490287781, 0.31284406781196594, 0.01679389365017414, -0.3142256438732147, 0.9491998553276062),
            ["HumanoidRootPart"] = CFrame.new(0, 0, 0, 1, 0, 0, 0, 1, 0, 0, 0, 1),
            ["RightHand"] = CFrame.new(-1.564621925354004e-07, -5.364418029785156e-07, 5.960464477539063e-08, 0.967496395111084, 0.05216958001255989, 0.2474454641342163, 0.014453970827162266, 0.9654817581176758, -0.26006945967674255, -0.2524716854095459, 0.25519290566444397, 0.9333459734916687),
            ["LeftUpperArm"] = CFrame.new(5.960464477539063e-08, -5.960464477539062e-07, 0, 0.8027691841125488, 0.5413612723350525, -0.24997958540916443, -0.45387646555900574, 0.8266445994377136, 0.332648366689682, 0.38672709465026855, -0.15358002483844757, 0.9093159437179565),
            ["RightLowerArm"] = CFrame.new(7.748603820800781e-07, 0.0000011324882507324219, -2.5331974029541016e-07, 1, -5.960463056453591e-08, 2.9802311729554276e-08, 9.965150127300149e-08, 0.7417993545532227, -0.670621931552887, 5.029141192380848e-08, 0.6706218719482422, 0.7417994141578674),
            ["LeftHand"] = CFrame.new(2.384185791015625e-07, -1.1920928955078125e-07, -2.8312206268310547e-07, 0.9910693168640137, -0.06750660389661789, -0.11499759554862976, 0.0130988247692585, 0.9075036644935608, -0.4198399484157562, 0.13270288705825806, 0.4145841598510742, 0.9002832770347595),
            ["RightUpperLeg"] = CFrame.new(0, -3.650784492492676e-07, 4.300818545743823e-08, 0.9912444353103638, -0.06267307698726654, 0.11621808260679245, 0.09348230808973312, 0.9547074437141418, -0.2824799418449402, -0.09325024485588074, 0.2908708453178406, 0.952207088470459),
            ["LeftUpperLeg"] = CFrame.new(-1.7881393432617188e-07, -1.564621925354004e-07, -2.9802322387695312e-08, 0.9704522490501404, 0.23663769662380219, -0.04717202112078667, -0.225005105137825, 0.8168705105781555, -0.5311265587806702, -0.08715098351240158, 0.5260467529296875, 0.8459783792495728),
            ["RightLowerLeg"] = CFrame.new(-5.587935447692871e-08, -0.000003516674041748047, -0.000013252887583803385, 1, -9.983776863009552e-07, -5.438923835754395e-07, 8.046628181546112e-07, 0.44622480869293213, 0.894920825958252, -6.370246978804062e-07, -0.8949209451675415, 0.446225106716156),
            ["RightFoot"] = CFrame.new(2.2351741790771484e-08, 3.5762786865234375e-07, 4.639878170564771e-08, 0.9950850009918213, 0.09898167848587036, -0.002911406336352229, -0.08621477335691452, 0.8515259623527527, -0.5171754360198975, -0.04871179535984993, 0.5148847103118896, 0.8558745384216309),
            ["LeftLowerLeg"] = CFrame.new(-5.960464477539063e-08, 0.000003993511199951172, 0.00001315772533416748, 1, 2.402813379376312e-07, 1.0058282384761696e-07, -1.7881390590446244e-07, 0.6205273866653442, 0.7841851115226746, 9.685753354915505e-08, -0.7841848731040955, 0.6205269694328308),
        }},
        {Time = 0.167, Data = {
            ["LeftFoot"] = CFrame.new(0, -5.960464477539063e-08, -2.2351741790771484e-08, 0.9689122438430786, -0.23876997828483582, -0.06479226052761078, 0.22944732010364532, 0.9651769399642944, -0.1256483942270279, 0.09253697842359543, 0.10687608271837234, 0.9899568557739258),
            ["LeftLowerArm"] = CFrame.new(-3.8743019104003906e-07, 3.5762786865234375e-07, -8.940696716308594e-08, 1, -6.14673041354763e-08, 0, 1.3411049337719305e-07, 0.6357871294021606, -0.7718645334243774, 7.450583439094771e-08, 0.7718645930290222, 0.6357870101928711),
            ["LowerTorso"] = CFrame.new(0.056485265493392944, -0.27387702465057373, -0.03239257633686066, 0.9723880887031555, -0.00436616875231266, -0.23332899808883667, -0.033605411648750305, 0.9867846369743347, -0.15851424634456635, 0.23093757033348083, 0.16197846829891205, 0.9593909382820129),
            ["Head"] = CFrame.new(1.862645149230957e-08, -3.5762786865234375e-07, -4.0046870708465576e-08, 0.9052900671958923, 0.03676681965589523, 0.42319995164871216, -0.026304295286536217, 0.9991874694824219, -0.03053860366344452, -0.42397886514663696, 0.01651432178914547, 0.9055215716362),
            ["RightUpperArm"] = CFrame.new(-1.1920928955078125e-07, 4.76837158203125e-07, -3.3527612686157227e-08, 0.9521625638008118, -0.2689749300479889, 0.1450480967760086, 0.30213531851768494, 0.8997800946235657, -0.3148176372051239, -0.045833297073841095, 0.34358176589012146, 0.9380037188529968),
            ["UpperTorso"] = CFrame.new(9.313225746154785e-10, -1.4901161193847656e-07, -1.0710209608078003e-07, 0.9962611794471741, -0.08245138078927994, -0.025795690715312958, 0.08638717979192734, 0.9474703669548035, 0.30795639753341675, -0.0009507795330137014, -0.30903348326683044, 0.9510506987571716),
            ["HumanoidRootPart"] = CFrame.new(0, 0, 0, 1, 0, 0, 0, 1, 0, 0, 0, 1),
            ["RightHand"] = CFrame.new(-2.905726432800293e-07, -1.7881393432617188e-07, 2.980232238769531e-07, 0.9921447038650513, 0.11577609926462173, 0.047381509095430374, -0.09807123243808746, 0.9549923539161682, -0.27994951605796814, -0.07766038179397583, 0.27310362458229065, 0.958844780921936),
            ["LeftUpperArm"] = CFrame.new(5.960464477539063e-08, -1.1920928955078125e-07, 2.9802322387695312e-08, 0.7996724843978882, 0.5492771863937378, -0.2425253987312317, -0.37888672947883606, 0.7749583125114441, 0.5058504343032837, 0.4657990634441376, -0.3126250207424164, 0.8278265595436096),
            ["RightLowerArm"] = CFrame.new(-8.940696716308594e-08, 6.556510925292969e-07, -1.043081283569336e-07, 1, -1.1175869474300271e-07, 1.4901157641133977e-08, 7.078052277620372e-08, 0.5915703177452087, -0.8062534928321838, 3.3527616238870905e-08, 0.8062533736228943, 0.5915703177452087),
            ["LeftHand"] = CFrame.new(3.5762786865234375e-07, 0, 5.960464477539063e-08, 0.9856685996055603, -0.06089705973863602, -0.15731839835643768, -0.019674303010106087, 0.8847065567970276, -0.4657329320907593, 0.16754235327243805, 0.46215343475341797, 0.8708294034004211),
            ["RightUpperLeg"] = CFrame.new(1.1920928955078125e-07, -3.227032721042633e-07, -6.875052349641919e-08, 0.9941121935844421, -0.030223043635487556, 0.10405565798282623, 0.06023058667778969, 0.9524154663085938, -0.29879289865493774, -0.0900738388299942, 0.30330100655555725, 0.9486280679702759),
            ["LeftUpperLeg"] = CFrame.new(-2.384185791015625e-07, 1.5494879335165024e-07, -9.685754776000977e-08, 0.9687085747718811, 0.24259328842163086, -0.05246221646666527, -0.23494075238704681, 0.8280742764472961, -0.5090148448944092, -0.08004079014062881, 0.5054123997688293, 0.8591575622558594),
            ["RightLowerLeg"] = CFrame.new(6.705522537231445e-08, -0.000003635883331298828, -0.000013386998034548014, 1, -5.587936158235607e-08, -8.568167686462402e-08, 1.6391271628890536e-07, 0.41879162192344666, 0.9080824851989746, -1.0617073797902776e-07, -0.9080824851989746, 0.4187914729118347),
            ["RightFoot"] = CFrame.new(0, 4.172325134277344e-07, -5.045876605436206e-08, 0.9992802739143372, 0.03761172667145729, -0.004935008008033037, -0.032862138003110886, 0.7933242321014404, -0.6079117059707642, -0.018949514254927635, 0.6076363921165466, 0.793989360332489),
            ["LeftLowerLeg"] = CFrame.new(-2.2351741790771484e-08, 0.000003635883331298828, 0.000013381242752075195, 1, -6.426126475389538e-08, -1.1175868230850483e-08, 2.9802318834981634e-08, 0.6845138072967529, 0.7289999723434448, -2.2351738238057806e-08, -0.7289998531341553, 0.6845137476921082),
        }},
        {Time = 0.200, Data = {
            ["LeftFoot"] = CFrame.new(1.862645149230957e-08, 0, -7.639755494892597e-09, 0.9660082459449768, -0.2470644861459732, -0.07607544958591461, 0.2458713948726654, 0.9689847230911255, -0.024816272780299187, 0.07984708249568939, 0.005268471781164408, 0.996793270111084),
            ["LeftLowerArm"] = CFrame.new(-1.7881393432617188e-07, 5.364418029785156e-07, -4.3213367462158203e-07, 1, -4.842877388000488e-08, 5.2154071283894154e-08, 8.568170528633345e-08, 0.5496243834495544, -0.8354119658470154, 1.8626458597736928e-08, 0.8354119062423706, 0.5496243238449097),
            ["LowerTorso"] = CFrame.new(0.13237164914608002, -0.26681745052337646, 0.028949692845344543, 0.9776846170425415, 0.022439559921622276, -0.2088765949010849, -0.05667274817824364, 0.9855883717536926, -0.15938548743724823, 0.20228980481624603, 0.16766633093357086, 0.9648662805557251),
            ["Head"] = CFrame.new(2.2351741790771484e-08, -1.1920928955078125e-07, -9.406358003616333e-08, 0.8331395983695984, 0.012074897065758705, 0.5529308319091797, 0.002557117259129882, 0.9996669292449951, -0.025683706626296043, -0.5530567765235901, 0.022812046110630035, 0.8328312635421753),
            ["RightUpperArm"] = CFrame.new(0, 4.76837158203125e-07, 1.043081283569336e-07, 0.7541990876197815, -0.2394237369298935, 0.6114407777786255, 0.5200682282447815, 0.7862793803215027, -0.3336072564125061, -0.40088990330696106, 0.5695972442626953, 0.7175279855728149),
            ["UpperTorso"] = CFrame.new(-2.421438694000244e-08, -8.940696716308594e-08, 9.313225746154785e-09, 0.9910758137702942, -0.13314004242420197, 0.006517481990158558, 0.12487871944904327, 0.9444599747657776, 0.3039749562740326, -0.04662671312689781, -0.30044838786125183, 0.9526577591896057),
            ["HumanoidRootPart"] = CFrame.new(0, 0, 0, 1, 0, 0, 0, 1, 0, 0, 0, 1),
            ["RightHand"] = CFrame.new(-5.066394805908203e-07, -2.384185791015625e-07, -2.5797635316848755e-07, 0.9768891334533691, 0.18044038116931915, -0.11458221077919006, -0.2052193284034729, 0.9416738748550415, -0.2667121887207031, 0.05977344885468483, 0.2840627431869507, 0.9569407105445862),
            ["LeftUpperArm"] = CFrame.new(0, 0, 2.9802322387695312e-08, 0.8372509479522705, 0.4696444869041443, -0.28008005023002625, -0.20483404397964478, 0.7442700862884521, 0.6356925964355469, 0.5070046782493591, -0.4748644530773163, 0.7193399667739868),
            ["RightLowerArm"] = CFrame.new(8.344650268554688e-07, 0.000001430511474609375, -1.7136335372924805e-07, 1, -6.70552182668871e-08, 5.5413678978766256e-08, 7.450579886381092e-08, 0.4208662509918213, -0.9071227312088013, 6.70552182668871e-08, 0.9071227312088013, 0.4208662807941437),
            ["LeftHand"] = CFrame.new(2.384185791015625e-07, 5.960464477539063e-08, -5.960464477539063e-08, 0.9792225360870361, -0.04813153296709061, -0.19699430465698242, -0.05489712208509445, 0.872235119342804, -0.4859960973262787, 0.1952170431613922, 0.4867126941680908, 0.8514699339866638),
            ["RightUpperLeg"] = CFrame.new(5.960464477539063e-08, 2.1513551473617554e-07, -1.6596459317952394e-08, 0.9981405735015869, -0.009754864498972893, 0.06016924977302551, 0.029124977067112923, 0.9434643387794495, -0.33019229769706726, -0.05354643240571022, 0.3313307464122772, 0.9419940114021301),
            ["LeftUpperLeg"] = CFrame.new(-2.384185791015625e-07, 1.6763806343078613e-07, -4.470348358154297e-08, 0.9692515730857849, 0.2405187487602234, -0.05198407918214798, -0.2367202490568161, 0.853683590888977, -0.46388375759124756, -0.06719453632831573, 0.4619256854057312, 0.8843696117401123),
            ["RightLowerLeg"] = CFrame.new(-1.862645149230957e-08, -0.000003516674041748047, -0.000013327393389772624, 1, -1.6484408149608498e-07, -1.2572861862736318e-07, 1.937150670983101e-07, 0.3999015986919403, 0.916557788848877, -9.778885612377053e-08, -0.9165580868721008, 0.3999023139476776),
            ["RightFoot"] = CFrame.new(6.05359673500061e-08, 2.980232238769531e-07, -2.0656443666666746e-08, 0.9996890425682068, -0.02476675622165203, 0.002905603963881731, 0.021223586052656174, 0.7838662266731262, -0.6205666661262512, 0.013091708533465862, 0.6204356551170349, 0.7841483950614929),
            ["LeftLowerLeg"] = CFrame.new(-7.450580596923828e-09, 0.000003933906555175781, 0.000013336539268493652, 1, -4.423782673512733e-09, -7.483324182544493e-09, -3.725289943190546e-08, 0.7850728631019592, 0.6194036602973938, 1.4901159417490817e-08, -0.6194035410881042, 0.7850726842880249),
        }},
        {Time = 0.233, Data = {
            ["LeftFoot"] = CFrame.new(-7.078051567077637e-08, 5.960464477539063e-08, 5.4016709327697754e-08, 0.9679807424545288, -0.23810073733329773, -0.07950913161039352, 0.24521011114120483, 0.9646531939506531, 0.09652037173509598, 0.05371702089905739, -0.1129264086484909, 0.9921503067016602),
            ["LeftLowerArm"] = CFrame.new(-1.7881393432617188e-07, 8.940696716308594e-07, 0, 1, -9.313225746154785e-08, 6.332992086299782e-08, 5.960463766996327e-08, 0.512000322341919, -0.8589852452278137, 5.960463766996327e-08, 0.8589853048324585, 0.5120003819465637),
            ["LowerTorso"] = CFrame.new(0.21637272834777832, -0.24180853366851807, 0.09925879538059235, 0.9836839437484741, 0.057761091738939285, -0.17038103938102722, -0.08508151769638062, 0.983816921710968, -0.15768755972385406, 0.1585155576467514, 0.16961099207401276, 0.9726793169975281),
            ["Head"] = CFrame.new(-7.078051567077637e-08, 1.1920928955078125e-07, -7.916241884231567e-08, 0.7045865654945374, 0.009755183011293411, 0.7095509767532349, 0.028987843543291092, 0.9986752867698669, -0.04251520708203316, -0.7090257406234741, 0.05052400007843971, 0.7033702731132507),
            ["RightUpperArm"] = CFrame.new(-1.7881393432617188e-07, 3.5762786865234375e-07, -8.568167686462402e-08, 0.4472014307975769, -0.05235953629016876, 0.8928994536399841, 0.6634355187416077, 0.6889569759368896, -0.29187604784965515, -0.5998868346214294, 0.722908616065979, 0.34283971786499023),
            ["UpperTorso"] = CFrame.new(2.2351741790771484e-08, -5.960464477539063e-08, 0, 0.9759090542793274, -0.21011467278003693, 0.05876568704843521, 0.18137410283088684, 0.9310078024864197, 0.3167457580566406, -0.12126424908638, -0.29845649003982544, 0.9466882944107056),
            ["HumanoidRootPart"] = CFrame.new(0, 0, 0, 1, 0, 0, 0, 1, 0, 0, 0, 1),
            ["RightHand"] = CFrame.new(-2.086162567138672e-07, -4.172325134277344e-07, 1.4901161193847656e-07, 0.9507514238357544, 0.25612467527389526, -0.17456239461898804, -0.29298511147499084, 0.9264134764671326, -0.23646949231624603, 0.1011512503027916, 0.2759678363800049, 0.9558296203613281),
            ["LeftUpperArm"] = CFrame.new(0, -3.5762786865234375e-07, -7.450580596923828e-08, 0.8607779741287231, 0.32710516452789307, -0.3899533748626709, 0.017512546852231026, 0.746658205986023, 0.6649774312973022, 0.5086793303489685, -0.5792269110679626, 0.6369784474372864),
            ["RightLowerArm"] = CFrame.new(7.748603820800781e-07, -5.960464477539063e-08, 2.384185791015625e-07, 1, -1.1548394240890048e-07, 5.9604616353681195e-08, 1.2665987014770508e-07, 0.26617586612701416, -0.9639245271682739, 1.341104507446289e-07, 0.9639244675636292, 0.26617586612701416),
            ["LeftHand"] = CFrame.new(3.334134817123413e-07, 0, -6.146728992462158e-08, 0.9720515608787537, -0.031127706170082092, -0.23269487917423248, -0.08843151479959488, 0.8696187734603882, -0.48573988676071167, 0.2174757421016693, 0.4927417039871216, 0.8425614833831787),
            ["RightUpperLeg"] = CFrame.new(1.7881393432617188e-07, 2.9616057872772217e-07, 1.1006341082975268e-07, 0.9999969601631165, -0.002479488030076027, -0.00021092210954520851, 0.0022543363738805056, 0.9384982585906982, -0.3452768623828888, 0.0010541673982515931, 0.34527507424354553, 0.9385008215904236),
            ["LeftUpperLeg"] = CFrame.new(-5.364418029785156e-07, 7.264316082000732e-08, -5.587935447692871e-09, 0.9752392172813416, 0.21872957050800323, -0.032648880034685135, -0.21489258110523224, 0.9023723602294922, -0.3735579252243042, -0.05224669724702835, 0.37132418155670166, 0.9270321726799011),
            ["RightLowerLeg"] = CFrame.new(-2.2351741790771484e-07, -0.0000037550926208496094, -0.000013245437003206462, 1, -2.1606670941309858e-07, -6.332995639013461e-08, 1.578591621864689e-07, 0.4225139915943146, 0.9063562154769897, 7.4505797087454084e-09, -0.9063563942909241, 0.422514408826828),
            ["RightFoot"] = CFrame.new(2.7939677238464355e-08, 2.980232238769531e-07, -2.8107024263590574e-08, 0.9960459470748901, -0.08839484304189682, 0.008881478570401669, 0.07653836905956268, 0.803070068359375, -0.5909481644630432, 0.045103974640369415, 0.5892918705940247, 0.8066606521606445),
            ["LeftLowerLeg"] = CFrame.new(-8.568167686462402e-08, 0.0000037550926208496094, 0.0000133514404296875, 1, 7.264316792543468e-08, 9.685756197086448e-08, 1.4901161193847656e-08, 0.8971166014671326, 0.44179385900497437, 7.82310962677002e-08, -0.4417940676212311, 0.8971166610717773),
        }},
        {Time = 0.267, Data = {
            ["LeftFoot"] = CFrame.new(-3.725290298461914e-08, 5.960464477539063e-08, 6.402842700481415e-09, 0.9818914532661438, -0.18465542793273926, -0.04232669249176979, 0.18256063759326935, 0.9819748997688293, -0.048960112035274506, 0.05060455948114395, 0.04034668952226639, 0.9979034662246704),
            ["LeftLowerArm"] = CFrame.new(-1.1920928955078125e-07, 6.556510925292969e-07, -5.513429641723633e-07, 1, -8.451753075178203e-08, -3.725289943190546e-08, 6.891789183782748e-08, 0.579627275466919, -0.8148818016052246, 7.450583439094771e-08, 0.8148817420005798, 0.579627275466919),
            ["LowerTorso"] = CFrame.new(0.28421273827552795, -0.19653236865997314, 0.17134056985378265, 0.9926919937133789, 0.08946730941534042, -0.08098375052213669, -0.10099208354949951, 0.9832542538642883, -0.15169578790664673, 0.06605580449104309, 0.15876588225364685, 0.9851041436195374),
            ["Head"] = CFrame.new(-4.6566128730773926e-09, 2.384185791015625e-07, -1.3527460396289825e-07, 0.6036797165870667, 0.03357571363449097, 0.7965195775032043, 0.08247724920511246, 0.9911214113235474, -0.1042880192399025, -0.7929491400718689, 0.12865129113197327, 0.5955507159233093),
            ["RightUpperArm"] = CFrame.new(0, 0, 4.470348358154297e-08, 0.16192568838596344, 0.19235125184059143, 0.9678744673728943, 0.7944886684417725, 0.5563313364982605, -0.24348118901252747, -0.5852929353713989, 0.808391273021698, -0.0627366155385971),
            ["UpperTorso"] = CFrame.new(-6.705522537231445e-08, -2.682209014892578e-07, -7.450580596923828e-08, 0.9513024091720581, -0.28835156559944153, 0.10898269712924957, 0.22518034279346466, 0.8914801478385925, 0.3931373357772827, -0.21051768958568573, -0.3494516909122467, 0.9129983186721802),
            ["HumanoidRootPart"] = CFrame.new(0, 0, 0, 1, 0, 0, 0, 1, 0, 0, 0, 1),
            ["RightHand"] = CFrame.new(-2.6775524020195007e-07, -1.7881393432617188e-07, -9.313225746154785e-08, 0.9248172044754028, 0.32941845059394836, -0.19025427103042603, -0.3656383156776428, 0.9077696204185486, -0.20557965338230133, 0.10498536378145218, 0.2596878111362457, 0.9599689245223999),
            ["LeftUpperArm"] = CFrame.new(0, -2.384185791015625e-07, -5.21540641784668e-08, 0.7944155335426331, 0.21042220294475555, -0.5697602033615112, 0.18909917771816254, 0.8057600259780884, 0.5612416863441467, 0.577187716960907, -0.5536002516746521, 0.6003175973892212),
            ["RightLowerArm"] = CFrame.new(2.980232238769531e-07, 0.0000011324882507324219, -3.0547380447387695e-07, 1, -8.195638656616211e-08, 8.800993356317122e-08, 1.1292284796127205e-07, 0.3356954753398895, -0.9419705867767334, 6.519257311765614e-08, 0.9419706463813782, 0.33569544553756714),
            ["LeftHand"] = CFrame.new(2.682209014892578e-07, 1.7881393432617188e-07, -2.9802322387695312e-08, 0.9648839831352234, -0.011244207620620728, -0.2624358534812927, -0.11644066870212555, 0.8772499561309814, -0.4656975567340851, 0.2354581654071808, 0.4799022078514099, 0.8451350927352905),
            ["RightUpperLeg"] = CFrame.new(1.7881393432617188e-07, -2.0489096641540527e-07, 2.0656443666666746e-08, 0.996588408946991, -0.012667503207921982, -0.08155444264411926, -0.014544252306222916, 0.9457307457923889, -0.3246256709098816, 0.08124087750911713, 0.32470425963401794, 0.9423200488090515),
            ["LeftUpperLeg"] = CFrame.new(-3.5762786865234375e-07, -2.7194619178771973e-07, 7.450580596923828e-09, 0.989122211933136, 0.14451400935649872, -0.027442123740911484, -0.14554449915885925, 0.9344758987426758, -0.3249179422855377, -0.02131117321550846, 0.32537755370140076, 0.9453439712524414),
