return {
    ["Spin Out"] = {
        {Time = 0.000, Data = {
            ["LeftFoot"] = CFrame.new(1.862645149230957e-08, 5.960464477539063e-08, -4.842877388000488e-08, 0.9825683236122131, -0.17965339124202728, -0.047792259603738785, 0.17493966221809387, 0.9805266857147217, -0.0892401784658432, 0.06289420276880264, 0.07932410389184952, 0.9948629140853882),
            ["LeftLowerArm"] = CFrame.new(-3.5762786865234375e-07, 9.5367431640625e-07, -2.980232238769531e-07, 1, -7.078050145992165e-08, 1.4901166522918174e-08, 2.9802343703977385e-08, 0.9287511110305786, -0.370703786611557, 2.235175777798304e-08, 0.370703786611557, 0.9287511706352234),
            ["LowerTorso"] = CFrame.new(-0.06076372042298317, -0.20496273040771484, -0.028124317526817322, 0.9634888172149658, -0.011868301779031754, -0.26748552918434143, 0.000039892947825137526, 0.9990234971046448, -0.04418286308646202, 0.2677486836910248, 0.042559023946523666, 0.9625484943389893),
            ["Head"] = CFrame.new(2.1420419216156006e-08, 2.384185791015625e-07, -2.468004822731018e-08, 0.9370742440223694, 0.037922799587249756, 0.34706467390060425, -0.02570084109902382, 0.9988790154457092, -0.03975255414843559, -0.34818312525749207, 0.028331220149993896, 0.9369983673095703),
            ["RightUpperArm"] = CFrame.new(-1.1920928955078125e-07, 4.76837158203125e-07, 3.725290298461914e-08, 0.9760420918464661, -0.20346955955028534, -0.0770847424864769, 0.2083773910999298, 0.976078450679779, 0.06204627454280853, 0.0626162737607956, -0.07662253081798553, 0.9950920939445496),
            ["UpperTorso"] = CFrame.new(2.1871528588235378e-08, -3.5762786865234375e-07, 8.381903171539307e-09, 0.9965416789054871, 0.0023389558773487806, -0.0830623060464859, 0.01602117344737053, 0.9754400253295898, 0.21968188881874084, 0.08153606206178665, -0.2202528566122055, 0.9720291495323181),
            ["HumanoidRootPart"] = CFrame.new(0, 0, 0, 1, 0, 0, 0, 1, 0, 0, 0, 1),
            ["RightHand"] = CFrame.new(-4.6193599700927734e-07, 5.960464477539063e-08, 8.940696716308594e-08, 0.9987475872039795, 0.03362598270177841, -0.037051014602184296, -0.03856683522462845, 0.9891270399093628, -0.14191697537899017, 0.031876131892204285, 0.14316818118095398, 0.9891849756240845),
            ["LeftUpperArm"] = CFrame.new(1.1920928955078125e-07, -1.1920928955078125e-07, -1.4901161193847656e-07, 0.8478694558143616, 0.3585315942764282, -0.39060524106025696, -0.3574504256248474, 0.9306421279907227, 0.07832293957471848, 0.3915950059890747, 0.0732143446803093, 0.9172202944755554),
            ["RightLowerArm"] = CFrame.new(-5.364418029785156e-07, -5.364418029785156e-07, -5.960464477539062e-07, 1, -5.494803900774059e-08, 2.980232594040899e-08, 7.450581485102248e-09, 0.9401013255119324, -0.34089526534080505, -3.725290742551124e-09, 0.34089523553848267, 0.9401013255119324),
            ["LeftHand"] = CFrame.new(-5.960464477539063e-08, 0, -7.599592208862305e-07, 0.9944754838943481, -0.06128641217947006, 0.08522041141986847, 0.06508593261241913, 0.9969724416732788, -0.042542338371276855, -0.08235511183738708, 0.04785402491688728, 0.9954535365104675),
            ["RightUpperLeg"] = CFrame.new(2.980232238769531e-07, 3.2223761081695557e-07, 8.026108844205737e-08, 0.9257497787475586, -0.2666480839252472, -0.26811647415161133, 0.2647722065448761, 0.9633141756057739, -0.04383542016148567, 0.26996850967407227, -0.030409205704927444, 0.9623886942863464),
            ["LeftUpperLeg"] = CFrame.new(-2.980232238769531e-07, 4.805624485015869e-07, 2.9802322387695312e-08, 0.9735999703407288, 0.22818563878536224, -0.0058610644191503525, -0.19051316380500793, 0.7981842160224915, -0.5714952349662781, -0.12572892010211945, 0.5575243234634399, 0.8205844759941101),
            ["RightLowerLeg"] = CFrame.new(-7.450580596923828e-09, -0.000003635883331298828, -0.000013267788744997233, 1, -2.7567156735130993e-07, -1.639128583974525e-07, 2.6263305130669323e-07, 0.7861594557762146, 0.6180235743522644, -1.322478482279621e-07, -0.6180238723754883, 0.7861596345901489),
            ["RightFoot"] = CFrame.new(1.1175870895385742e-07, 2.980232238769531e-07, -1.3205863069742918e-08, 0.9667686223983765, 0.24665044248104095, -0.06724730879068375, -0.2432922124862671, 0.8068220615386963, -0.5383743047714233, -0.07853301614522934, 0.5368443727493286, 0.8400184512138367),
            ["LeftLowerLeg"] = CFrame.new(2.9802322387695312e-08, 0.000003874301910400391, 0.000013306736946105957, 1, 1.4202667841800576e-07, 1.6763808119435453e-08, -1.6391277313232422e-07, 0.7410944104194641, 0.6714009642601013, 4.470348358154297e-08, -0.6714009642601013, 0.7410942912101746),
        }},
        {Time = 0.033, Data = {
            ["LeftFoot"] = CFrame.new(-6.332993507385254e-08, -5.960464477539063e-08, 9.313225746154785e-09, 0.9821493029594421, -0.1824149638414383, -0.04590676724910736, 0.17433804273605347, 0.9743943214416504, -0.1419932246208191, 0.07063324749469757, 0.13145554065704346, 0.9888026118278503),
            ["LeftLowerArm"] = CFrame.new(-1.7881393432617188e-07, 6.556510925292969e-07, 0, 1, -4.8428763221863846e-08, -6.705525379402388e-08, -3.7252920748187535e-09, 0.9216358065605164, -0.3880559206008911, 1.4901168299275014e-08, 0.3880559504032135, 0.9216358065605164),
            ["LowerTorso"] = CFrame.new(-0.05716143921017647, -0.22668933868408203, -0.058200910687446594, 0.9638817310333252, -0.024030528962612152, -0.26524442434310913, -0.00030874236836098135, 0.9958196878433228, -0.09134088456630707, 0.2663305699825287, 0.08812370896339417, 0.9598449468612671),
            ["Head"] = CFrame.new(1.0058283805847168e-07, 4.76837158203125e-07, -6.332993507385254e-08, 0.9378291368484497, 0.0335480198264122, 0.34547221660614014, -0.014951215125620365, 0.9982988834381104, -0.056355513632297516, -0.3467750549316406, 0.04768664389848709, 0.9367353320121765),
            ["RightUpperArm"] = CFrame.new(-2.980232238769531e-07, 4.76837158203125e-07, 7.078051567077637e-08, 0.9673795104026794, -0.19039113819599152, -0.16711710393428802, 0.19767719507217407, 0.9798687100410461, 0.027948036789894104, 0.15843181312084198, -0.06007160246372223, 0.9855409264564514),
            ["UpperTorso"] = CFrame.new(1.5366822481155396e-08, -2.384185791015625e-07, 9.313225746154785e-09, 0.99735426902771, 0.007658472750335932, -0.07229112088680267, 0.013213230296969414, 0.9587728977203369, 0.2838659882545471, 0.07148480415344238, -0.2840701937675476, 0.9561349749565125),
            ["HumanoidRootPart"] = CFrame.new(0, 0, 0, 1, 0, 0, 0, 1, 0, 0, 0, 1),
            ["RightHand"] = CFrame.new(-2.980232238769531e-07, -1.1920928955078125e-07, 8.940696716308594e-08, 0.9971773028373718, 0.04068008437752724, 0.06310770660638809, -0.02936652861535549, 0.9848628044128418, -0.17083019018173218, -0.06910182535648346, 0.1684948056936264, 0.9832773804664612),
            ["LeftUpperArm"] = CFrame.new(-1.1920928955078125e-07, 2.384185791015625e-07, -2.9802322387695312e-08, 0.8572046756744385, 0.36114126443862915, -0.36712026596069336, -0.3698195517063141, 0.9278009533882141, 0.04918317869305611, 0.3583764433860779, 0.09360818564891815, 0.928872287273407),
            ["RightLowerArm"] = CFrame.new(-4.76837158203125e-07, 0.0000011920928955078125, -2.682209014892578e-07, 1, -4.3772146796072775e-08, 0, 2.235172757991677e-08, 0.93000328540802, -0.36755114793777466, -1.8626440834168534e-08, 0.3675510883331299, 0.9300034046173096),
            ["LeftHand"] = CFrame.new(0, 2.384185791015625e-07, -7.115304470062256e-07, 0.9980610609054565, -0.05663786455988884, 0.02581137605011463, 0.05853937938809395, 0.9950667023658752, -0.08009697496891022, -0.021147511899471283, 0.08145270496606827, 0.9964529275894165),
            ["RightUpperLeg"] = CFrame.new(2.384185791015625e-07, -2.5192275643348694e-07, 1.1006341082975268e-07, 0.9646378755569458, -0.22868047654628754, -0.13106948137283325, 0.22019723057746887, 0.9724810123443604, -0.07611825317144394, 0.1448691338300705, 0.04456508904695511, 0.9884467124938965),
            ["LeftUpperLeg"] = CFrame.new(-1.7881393432617188e-07, 5.587935447692871e-09, -2.9802322387695312e-08, 0.9736177325248718, 0.2275339812040329, -0.01723426952958107, -0.1982862800359726, 0.8062505722045898, -0.5573529601097107, -0.1129215881228447, 0.546066164970398, 0.8300967812538147),
            ["RightLowerLeg"] = CFrame.new(1.862645149230957e-08, -0.0000036954879760742188, -0.000013230535842012614, 1, -2.3096799850463867e-07, -2.458693018070335e-07, 1.732259846676243e-07, 0.6913542151451111, 0.7225152254104614, -2.1234151859061967e-07, -0.7225160002708435, 0.6913549900054932),
            ["RightFoot"] = CFrame.new(0, 3.5762786865234375e-07, 7.620110409334302e-08, 0.9774987697601318, 0.20678073167800903, -0.04168913885951042, -0.19605238735675812, 0.817651093006134, -0.5413030982017517, -0.07784352451562881, 0.5372973680496216, 0.8397933840751648),
            ["LeftLowerLeg"] = CFrame.new(2.9802322387695312e-08, 0.000003874301910400391, 0.000013187527656555176, 1, 2.2724276504959562e-07, 3.3527612686157227e-08, -2.0116567611694336e-07, 0.6809885501861572, 0.732294499874115, 5.960464477539063e-08, -0.7322942018508911, 0.680988073348999),
        }},
        {Time = 0.067, Data = {
            ["LeftFoot"] = CFrame.new(-5.21540641784668e-08, 5.960464477539063e-08, 2.9802322387695312e-08, 0.9801077246665955, -0.19269123673439026, -0.047530096024274826, 0.17862091958522797, 0.9608193039894104, -0.21194566786289215, 0.08650784194469452, 0.19923940300941467, 0.9761250019073486),
            ["LeftLowerArm"] = CFrame.new(5.960464477539063e-08, -1.7881393432617188e-07, 2.384185791015625e-07, 1, -6.70552182668871e-08, 4.4703490686970326e-08, 4.4703497792397684e-08, 0.8920118808746338, -0.45201194286346436, 1.4901166522918174e-08, 0.4520118832588196, 0.8920120000839233),
            ["LowerTorso"] = CFrame.new(-0.04685217887163162, -0.2788732051849365, -0.08363465219736099, 0.9649087190628052, -0.04256817698478699, -0.2591123878955841, -0.0018931927625089884, 0.9856190085411072, -0.16897211968898773, 0.26257890462875366, 0.16353321075439453, 0.9509517550468445),
            ["Head"] = CFrame.new(5.21540641784668e-08, 3.5762786865234375e-07, -7.636845111846924e-08, 0.9372683763504028, 0.021556681022047997, 0.34794166684150696, 0.0017109992913901806, 0.9977898597717285, -0.06642697006464005, -0.34860458970069885, 0.06285525113344193, 0.9351599812507629),
            ["RightUpperArm"] = CFrame.new(-2.980232238769531e-07, 3.5762786865234375e-07, 1.3783574104309082e-07, 0.9288175106048584, -0.1796606481075287, -0.3240680992603302, 0.18145784735679626, 0.9830825924873352, -0.02493324689567089, 0.32306522130966187, -0.03564629331231117, 0.9457051157951355),
            ["UpperTorso"] = CFrame.new(3.4924596548080444e-08, 2.9802322387695312e-08, -2.2351741790771484e-08, 0.9987792372703552, 0.016866786405444145, -0.046428386121988297, 0.0016175869386643171, 0.928227424621582, 0.3720099627971649, 0.04937068745493889, -0.3716309666633606, 0.9270668625831604),
            ["HumanoidRootPart"] = CFrame.new(0, 0, 0, 1, 0, 0, 0, 1, 0, 0, 0, 1),
            ["RightHand"] = CFrame.new(8.940696716308594e-08, 5.960464477539063e-08, 2.086162567138672e-07, 0.968504786491394, 0.05072193592786789, 0.24377429485321045, 0.005489959381520748, 0.9744441509246826, -0.22456307709217072, -0.2489347606897354, 0.2188287228345871, 0.9434752464294434),
            ["LeftUpperArm"] = CFrame.new(2.384185791015625e-07, 0, 2.9802322387695312e-08, 0.8767623901367188, 0.37674206495285034, -0.29892000555992126, -0.39077115058898926, 0.9203839898109436, 0.01382924523204565, 0.2803313136100769, 0.10468440502882004, 0.9541779160499573),
            ["RightLowerArm"] = CFrame.new(-5.066394805908203e-07, 9.5367431640625e-07, -2.8312206268310547e-07, 1, -3.352760558072987e-08, 5.960463056453591e-08, 2.9802308176840597e-08, 0.9092404842376709, -0.41627129912376404, 1.1175865566315224e-08, 0.4162713587284088, 0.9092404246330261),
            ["LeftHand"] = CFrame.new(4.172325134277344e-07, 4.172325134277344e-07, -6.556510925292969e-07, 0.9937451481819153, -0.03872505947947502, -0.10474254935979843, 0.02152228355407715, 0.9867791533470154, -0.16063567996025085, 0.10957846790552139, 0.15737666189670563, 0.9814404249191284),
            ["RightUpperLeg"] = CFrame.new(1.7881393432617188e-07, 2.207234501838684e-07, 7.281050784513354e-08, 0.9934185743331909, -0.0969155803322792, 0.0610479973256588, 0.10630255192518234, 0.9785772562026978, -0.17631278932094574, -0.042652565985918045, 0.18164202570915222, 0.9824392795562744),
            ["LeftUpperLeg"] = CFrame.new(-1.7881393432617188e-07, 3.03611159324646e-07, -1.4901161193847656e-08, 0.9722772240638733, 0.23023805022239685, -0.04083646833896637, -0.2145496904850006, 0.8089486956596375, -0.5473301410675049, -0.09298157691955566, 0.5409182906150818, 0.835919976234436),
            ["RightLowerLeg"] = CFrame.new(-7.078051567077637e-08, -0.000003874301910400391, -0.000013297591067384928, 1, -2.0116564769523393e-07, -1.1175870895385742e-07, 2.309680269263481e-07, 0.48908495903015137, 0.8722360134124756, -5.2154071283894154e-08, -0.8722361326217651, 0.48908522725105286),
            ["RightFoot"] = CFrame.new(-7.450580596923828e-09, 1.7881393432617188e-07, -4.300818545743823e-08, 0.9931862950325012, 0.11564916372299194, -0.014366391114890575, -0.10257452726364136, 0.8090057969093323, -0.5787814855575562, -0.055313196033239365, 0.576311469078064, 0.8153561353683472),
            ["LeftLowerLeg"] = CFrame.new(0, 0.000003814697265625, 0.000013321638107299805, 1, 1.3411049337719305e-07, 3.352759847530251e-08, -1.005828522693264e-07, 0.5699924230575562, 0.821650505065918, 5.2154071283894154e-08, -0.8216500282287598, 0.5699915289878845),
        }},
        {Time = 0.100, Data = {
            ["LeftFoot"] = CFrame.new(-1.1175870895385742e-08, 0, -8.568167686462402e-08, 0.9770418405532837, -0.2065790295600891, -0.05210021883249283, 0.18790416419506073, 0.9508192539215088, -0.24624226987361908, 0.10040652751922607, 0.23079872131347656, 0.9678070545196533),
            ["LeftLowerArm"] = CFrame.new(-4.172325134277344e-07, 4.172325134277344e-07, 3.5762786865234375e-07, 1, -5.21540464148984e-08, 0, 5.308540096393699e-08, 0.8182931542396545, -0.5748010873794556, 4.4703494239684005e-08, 0.5748011469841003, 0.8182932138442993),
            ["LowerTorso"] = CFrame.new(-0.030580241233110428, -0.31936371326446533, -0.09220437705516815, 0.9665487408638, -0.05196714028716087, -0.2511633336544037, -0.003737583290785551, 0.976300835609436, -0.216385617852211, 0.2564558684825897, 0.21008595824241638, 0.9434481859207153),
            ["Head"] = CFrame.new(3.725290298461914e-08, 3.5762786865234375e-07, -1.0989606380462646e-07, 0.9331514835357666, 0.006380231119692326, 0.3594268262386322, 0.014893904328346252, 0.9982978105545044, -0.05638882517814636, -0.35917478799819946, 0.05797255039215088, 0.9314680695533752),
            ["RightUpperArm"] = CFrame.new(-5.960464477539063e-08, 4.76837158203125e-07, 1.1548399925231934e-07, 0.9002822637557983, -0.20692412555217743, -0.3829808533191681, 0.19197918474674225, 0.9783491492271423, -0.07731084525585175, 0.39068642258644104, -0.003922781907021999, 0.9205154180526733),
            ["UpperTorso"] = CFrame.new(2.3515895009040833e-08, -8.940696716308594e-08, -6.845220923423767e-08, 0.9996634721755981, 0.023879274725914, -0.010133977048099041, -0.01758245937526226, 0.9109578728675842, 0.4121246933937073, 0.01907283440232277, -0.41180774569511414, 0.9110711812973022),
            ["HumanoidRootPart"] = CFrame.new(0, 0, 0, 1, 0, 0, 0, 1, 0, 0, 0, 1),
            ["RightHand"] = CFrame.new(-1.9371509552001953e-07, 1.7881393432617188e-07, -1.7881393432617188e-07, 0.940170407295227, 0.05468205362558365, 0.33628788590431213, 0.033733632415533066, 0.9672461748123169, -0.2515890896320343, -0.33903053402900696, 0.24788084626197815, 0.9075314998626709),
            ["LeftUpperArm"] = CFrame.new(-1.1920928955078125e-07, -1.1920928955078125e-07, -1.6391277313232422e-07, 0.8873328566551208, 0.4175873398780823, -0.1956050992012024, -0.4242744445800781, 0.9054943323135376, 0.008437249809503555, 0.18064256012439728, 0.07550359517335892, 0.9806464910507202),
            ["RightLowerArm"] = CFrame.new(-5.960464477539063e-08, 0.0000012516975402832031, -3.725290298461914e-07, 1, -4.470348358154297e-08, -4.470348358154297e-08, 3.725289943190546e-08, 0.8970182538032532, -0.4419936239719391, -7.4505797087454084e-09, 0.44199371337890625, 0.8970182538032532),
            ["LeftHand"] = CFrame.new(1.1920928955078125e-07, 3.5762786865234375e-07, -7.748603820800781e-07, 0.9719334840774536, -0.0030043248552829027, -0.23523661494255066, -0.052771564573049545, 0.9716528654098511, -0.2304472029209137, 0.2292606085538864, 0.23639312386512756, 0.9442234039306641),
            ["RightUpperLeg"] = CFrame.new(3.5762786865234375e-07, 4.889443516731262e-08, 5.045876605436206e-08, 0.994879961013794, -0.04265569895505905, 0.09162098169326782, 0.06413225829601288, 0.9671117663383484, -0.2461344301700592, -0.0781085193157196, 0.25074976682662964, 0.9648955464363098),
            ["LeftUpperLeg"] = CFrame.new(-4.76837158203125e-07, 2.849847078323364e-07, -7.450580596923828e-08, 0.970108687877655, 0.23456120491027832, -0.062211938202381134, -0.22994554042816162, 0.806588351726532, -0.5445551872253418, -0.07755220681428909, 0.5425830483436584, 0.836414635181427),
            ["RightLowerLeg"] = CFrame.new(3.725290298461914e-08, -0.0000035762786865234375, -0.000013342294550966471, 1, -1.6763800658736727e-07, -1.3783585472992854e-07, 2.607702640489151e-07, 0.3754998743534088, 0.9268220067024231, -1.0430809993522416e-07, -0.9268224835395813, 0.3755010664463043),
            ["RightFoot"] = CFrame.new(5.4016709327697754e-08, 3.5762786865234375e-07, 1.6596459317952394e-08, 0.9944176077842712, 0.10527496784925461, -0.007124627940356731, -0.0898265615105629, 0.8091989755630493, -0.5806265473365784, -0.055360570549964905, 0.5780261158943176, 0.8141388893127441),
            ["LeftLowerLeg"] = CFrame.new(0, 0.000003933906555175781, 0.0000133514404296875, 1, -2.3283072891899792e-07, -1.1175868053214799e-07, 1.8998983364326705e-07, 0.4971606135368347, 0.8676590919494629, -1.1175872316471214e-07, -0.8676586151123047, 0.497159868478775),
        }},
        {Time = 0.133, Data = {
            ["LeftFoot"] = CFrame.new(-5.21540641784668e-08, -5.960464477539063e-08, 1.7136335372924805e-07, 0.9722640514373779, -0.22594977915287018, -0.06040848419070244, 0.20642174780368805, 0.9504173398017883, -0.2325878143310547, 0.10996679216623306, 0.2136671096086502, 0.9706976413726807),
            ["LeftLowerArm"] = CFrame.new(-6.854534149169922e-07, 0.0000021457672119140625, 3.5762786865234375e-07, 1, -6.705521116145974e-08, 5.960465898624534e-08, 6.519260864479293e-08, 0.6602022647857666, -0.7510878443717957, 2.235175244891252e-08, 0.7510878443717957, 0.6602023839950562),
            ["LowerTorso"] = CFrame.new(-0.0011336748721078038, -0.33003294467926025, -0.0794750303030014, 0.9684721827507019, -0.05935300886631012, -0.2419481873512268, -0.005974994041025639, 0.965390682220459, -0.2607395648956299, 0.24905019998550415, 0.2539646625518799, 0.9345993995666504),
            ["Head"] = CFrame.new(7.450580596923828e-09, 5.960464477539062e-07, -7.078051567077637e-08, 0.9233312010765076, -0.018815938383340836, 0.3835434317588806, 0.039933107793331146, 0.9980883598327637, -0.04716939106583595, -0.3819226920604706, 0.05886904522776604, 0.9223175048828125),
            ["RightUpperArm"] = CFrame.new(-2.980232238769531e-07, -2.384185791015625e-07, 6.146728992462158e-08, 0.9113320112228394, -0.27131643891334534, -0.3096151053905487, 0.23635932803153992, 0.9606212377548218, -0.14608633518218994, 0.33705848455429077, 0.05995272845029831, 0.9395729303359985),
            ["UpperTorso"] = CFrame.new(1.909211277961731e-08, -4.76837158203125e-07, 7.35744833946228e-08, 0.9987881779670715, 0.03467888385057449, 0.03492077440023422, -0.04677875339984894, 0.8894253373146057, 0.45468059182167053, -0.015291618183255196, -0.4557631015777588, 0.8899698257446289),
            ["HumanoidRootPart"] = CFrame.new(0, 0, 0, 1, 0, 0, 0, 1, 0, 0, 0, 1),
            ["RightHand"] = CFrame.new(-8.940696716308594e-08, 4.76837158203125e-07, 1.4901161193847656e-08, 0.9676194787025452, 0.047940291464328766, 0.2478192150592804, 0.019175194203853607, 0.9649999737739563, -0.2615479826927185, -0.2516842484474182, 0.2578308880329132, 0.9328335523605347),
            ["LeftUpperArm"] = CFrame.new(2.980232238769531e-07, -3.5762786865234375e-07, -1.341104507446289e-07, 0.8754231929779053, 0.47840917110443115, -0.06898442655801773, -0.4774704873561859, 0.8781154155731201, 0.030583936721086502, 0.07520794123411179, 0.006164153106510639, 0.997148871421814),
            ["RightLowerArm"] = CFrame.new(-7.152557373046875e-07, 0.0000014901161193847656, -3.129243850708008e-07, 1, -7.4505797087454084e-09, 1.4901164746561335e-08, 2.2351738238057806e-08, 0.9077235460281372, -0.419568806886673, -2.0489094865183688e-08, 0.419568806886673, 0.9077235460281372),
            ["LeftHand"] = CFrame.new(2.9802322387695312e-08, 5.960464477539062e-07, -0.0000010132789611816406, 0.9533313512802124, 0.05208070948719978, -0.29740065336227417, -0.1301097720861435, 0.9597225189208984, -0.24900665879249573, 0.2724536657333374, 0.27608048915863037, 0.9217096567153931),
            ["RightUpperLeg"] = CFrame.new(2.980232238769531e-07, 3.213062882423401e-07, 9.480572771281004e-09, 0.9963597059249878, -0.03241343051195145, 0.07884708046913147, 0.04823518171906471, 0.9769578576087952, -0.2079102098941803, -0.07029131799936295, 0.21095658838748932, 0.9749648571014404),
            ["LeftUpperLeg"] = CFrame.new(-2.980232238769531e-07, 3.259629011154175e-07, 7.450580596923828e-08, 0.9663549661636353, 0.24548490345478058, -0.07678113132715225, -0.24958838522434235, 0.8228168487548828, -0.5105665326118469, -0.06215978413820267, 0.51255202293396, 0.8564032912254333),
            ["RightLowerLeg"] = CFrame.new(5.21540641784668e-08, -0.0000036954879760742188, -0.000013185832358431071, 1, -3.7625414961439674e-07, -2.4586915969848633e-07, 2.9057250117148214e-07, 0.35294798016548157, 0.9356428384780884, -2.2910523966857e-07, -0.9356429576873779, 0.35294845700263977),
            ["RightFoot"] = CFrame.new(-2.421438694000244e-08, 2.384185791015625e-07, 3.149762051180005e-08, 0.9939523339271545, 0.10920022428035736, -0.011578666046261787, -0.09284187108278275, 0.7793521881103516, -0.6196694374084473, -0.058644071221351624, 0.6169970631599426, 0.7847775220870972),
            ["LeftLowerLeg"] = CFrame.new(-1.043081283569336e-07, 0.000003814697265625, 0.000013202428817749023, 1, 2.79396800806353e-07, 1.564621925354004e-07, -2.384185791015625e-07, 0.4995252788066864, 0.8662993311882019, 1.1920928955078125e-07, -0.8662993907928467, 0.4995252788066864),
        }},
        {Time = 0.167, Data = {
            ["LeftFoot"] = CFrame.new(-1.0803341865539551e-07, 0, -9.313225746154785e-09, 0.9712897539138794, -0.22651122510433197, -0.07272462546825409, 0.2127486765384674, 0.9638252854347229, -0.16055822372436523, 0.10646268725395203, 0.14047639071941376, 0.9843435883522034),
            ["LeftLowerArm"] = CFrame.new(3.5762786865234375e-07, 0.0000013113021850585938, 6.239861249923706e-08, 1, -8.940698137394065e-08, 3.7252917195473856e-08, 1.2293465090351674e-07, 0.30173996090888977, -0.9533903002738953, 7.24103728089176e-08, 0.9533903002738953, 0.30174002051353455),
            ["LowerTorso"] = CFrame.new(0.04167076200246811, -0.3290802240371704, -0.026364892721176147, 0.9728783369064331, -0.06187298521399498, -0.22288933396339417, -0.008433958515524864, 0.9534346461296082, -0.30148178339004517, 0.23116399347782135, 0.2951848804950714, 0.9270540475845337),
            ["Head"] = CFrame.new(9.685754776000977e-08, 2.384185791015625e-07, -1.7508864402770996e-07, 0.9053124189376831, -0.073863185942173, 0.41827455163002014, 0.10305707156658173, 0.9935355186462402, -0.04760792851448059, -0.4120540916919708, 0.08620620518922806, 0.9070722460746765),
            ["RightUpperArm"] = CFrame.new(-2.980232238769531e-07, 3.5762786865234375e-07, 2.9802322387695312e-08, 0.9193115830421448, -0.3596789240837097, -0.15967875719070435, 0.31850892305374146, 0.9183590412139893, -0.23488055169582367, 0.23112405836582184, 0.1650693267583847, 0.9588189125061035),
            ["UpperTorso"] = CFrame.new(5.774199962615967e-08, -2.384185791015625e-07, 1.0477378964424133e-08, 0.994956374168396, 0.047914035618305206, 0.08812590688467026, -0.08644367754459381, 0.8552417755126953, 0.5109688639640808, -0.05088639631867409, -0.516009509563446, 0.8550700545310974),
            ["HumanoidRootPart"] = CFrame.new(0, 0, 0, 1, 0, 0, 0, 1, 0, 0, 0, 1),
            ["RightHand"] = CFrame.new(-3.343448042869568e-07, 0, -5.774199962615967e-08, 0.9974983930587769, 0.03067120909690857, 0.06368851661682129, -0.011435603722929955, 0.9591149687767029, -0.28278598189353943, -0.06975798308849335, 0.2813502848148346, 0.9570662975311279),
            ["LeftUpperArm"] = CFrame.new(1.7881393432617188e-07, 0, -1.4156103134155273e-07, 0.88892662525177, 0.4392543435096741, 0.12986667454242706, -0.4515789747238159, 0.8878961205482483, 0.08784671127796173, -0.07672104239463806, -0.13673435151576996, 0.9876323342323303),
            ["RightLowerArm"] = CFrame.new(-7.152557373046875e-07, 7.152557373046875e-07, -3.371387720108032e-07, 1, -4.4703490686970326e-08, -1.4901162970204496e-08, 2.0489094865183688e-08, 0.9292941093444824, -0.3693407475948334, 1.2631060641865588e-08, 0.36934077739715576, 0.9292941093444824),
            ["LeftHand"] = CFrame.new(2.2351741790771484e-07, 0, -2.980232238769531e-07, 0.9598621726036072, 0.18080665171146393, -0.2144143134355545, -0.23159122467041016, 0.9421625137329102, -0.24227142333984375, 0.15820875763893127, 0.2822036147117615, 0.9462194442749023),
            ["RightUpperLeg"] = CFrame.new(2.980232238769531e-07, 8.139759302139282e-07, 2.8107024263590574e-08, 0.9987697601318359, -0.013795060105621815, 0.047632090747356415, 0.02222852222621441, 0.983165442943573, -0.18136081099510193, -0.044328298419713974, 0.18219637870788574, 0.9822624921798706),
            ["LeftUpperLeg"] = CFrame.new(-1.1920928955078125e-07, 2.1420419216156006e-07, -1.4901161193847656e-08, 0.9621183276176453, 0.26524579524993896, -0.06303279846906662, -0.26196953654289246, 0.8354136943817139, -0.4831728935241699, -0.0755016952753067, 0.48138192296028137, 0.8732531070709229),
            ["RightLowerLeg"] = CFrame.new(-2.60770320892334e-08, -0.000004172325134277344, -0.0000133199428091757, 1, -3.203746530289209e-07, -2.8498499204943073e-07, 3.1106176834327925e-07, 0.3440588712692261, 0.9389476180076599, -2.970919297240471e-07, -0.9389480352401733, 0.3440602123737335),
            ["RightFoot"] = CFrame.new(4.284083843231201e-08, 3.5762786865234375e-07, -5.75528247281909e-09, 0.9954438209533691, 0.09425938129425049, -0.014382105320692062, -0.08039629459381104, 0.7486284971237183, -0.6580960750579834, -0.051264721900224686, 0.6562549471855164, 0.7527965307235718),
            ["LeftLowerLeg"] = CFrame.new(-6.705522537231445e-08, 0.0000036954879760742188, 0.000013470649719238281, 1, 7.357447628919545e-08, 7.450577932388569e-09, -2.2351736461700966e-08, 0.5466780066490173, 0.8373430371284485, -2.2351736461700966e-08, -0.8373429775238037, 0.5466778874397278),
        }},
        {Time = 0.200, Data = {
            ["LeftFoot"] = CFrame.new(1.3725366443395615e-07, -1.1920928955078125e-07, 7.64266587793827e-08, 0.9756768345832825, -0.19949157536029816, -0.0908718928694725, 0.2019386738538742, 0.9792238473892212, 0.01848522014915943, 0.0852963775396347, -0.036386068910360336, 0.9956910014152527),
            ["LeftLowerArm"] = CFrame.new(-2.384185791015625e-07, 0.0000010728836059570312, 3.725290298461914e-08, 1, -7.916242594774303e-08, 1.7392454765285947e-07, 8.614740920620534e-08, -0.17330177128314972, -0.9848688244819641, 8.381910276966664e-08, 0.9848688244819641, -0.1733017861843109),
            ["LowerTorso"] = CFrame.new(0.09809743613004684, -0.3216019868850708, 0.07792253792285919, 0.9791747331619263, -0.06030673161149025, -0.19385577738285065, -0.01270228624343872, 0.9347931742668152, -0.3549653887748718, 0.20262186229228973, 0.35003551840782166, 0.9145597815513611),
            ["Head"] = CFrame.new(5.587935447692871e-08, -1.1920928955078125e-07, -2.1047890186309814e-07, 0.8727747797966003, -0.14120522141456604, 0.4672528803348541, 0.20327983796596527, 0.9754307270050049, -0.08492531627416611, -0.44378089904785156, 0.16910377144813538, 0.8800354599952698),
            ["RightUpperArm"] = CFrame.new(1.1920928955078125e-07, 2.384185791015625e-07, 5.587935447692871e-08, 0.8645580410957336, -0.49599725008010864, 0.08078498393297195, 0.4898271858692169, 0.7958187460899353, -0.3560083508491516, 0.11228892207145691, 0.3473605215549469, 0.9309843182563782),
            ["UpperTorso"] = CFrame.new(2.7939677238464355e-08, -6.556510925292969e-07, -4.284083843231201e-08, 0.9875067472457886, 0.039015114307403564, 0.1526702344417572, -0.12595058977603912, 0.7776537537574768, 0.6159472465515137, -0.09469334036111832, -0.6274810433387756, 0.7728524208068848),
            ["HumanoidRootPart"] = CFrame.new(0, 0, 0, 1, 0, 0, 0, 1, 0, 0, 0, 1),
            ["RightHand"] = CFrame.new(-1.2014061212539673e-07, 3.5762786865234375e-07, 2.9802322387695312e-08, 0.9966025948524475, 0.012158733792603016, -0.08145821839570999, -0.03607450798153877, 0.9535638093948364, -0.29902318120002747, 0.07403989136219025, 0.3009457588195801, 0.9507627487182617),
            ["LeftUpperArm"] = CFrame.new(5.960464477539063e-08, -4.76837158203125e-07, -2.0675361156463623e-07, 0.9217526912689209, 0.2867400348186493, 0.2610599398612976, -0.3422066271305084, 0.9181326627731323, 0.19981779158115387, -0.182391956448555, -0.27351897954940796, 0.9444154500961304),
            ["RightLowerArm"] = CFrame.new(-0.0000011324882507324219, -5.364418029785156e-07, -4.498288035392761e-07, 1, -1.5832480215749456e-08, -9.313226634333205e-09, 3.2014209949693395e-08, 0.948098361492157, -0.3179771304130554, 3.259628567064965e-09, 0.31797710061073303, 0.9480984210968018),
            ["LeftHand"] = CFrame.new(-3.864988684654236e-08, 2.980232238769531e-07, 0, 0.9373942613601685, 0.32460686564445496, -0.1261843591928482, -0.3465210795402527, 0.9055813550949097, -0.24463355541229248, 0.034860365092754364, 0.27304354310035706, 0.9613698124885559),
            ["RightUpperLeg"] = CFrame.new(3.5762786865234375e-07, -2.5331974029541016e-07, -1.507069100625813e-07, 0.9999493360519409, 0.008830904960632324, -0.0048424676060676575, -0.009543864987790585, 0.9844223856925964, -0.17556095123291016, 0.0032169981859624386, 0.17559818923473358, 0.9844566583633423),
            ["LeftUpperLeg"] = CFrame.new(-2.980232238769531e-07, -2.728775143623352e-07, -9.685754776000977e-08, 0.9582245349884033, 0.28529828786849976, -0.020266341045498848, -0.26436546444892883, 0.8564160466194153, -0.44346633553504944, -0.10916368663311005, 0.4302980601787567, 0.8960618376731873),
            ["RightLowerLeg"] = CFrame.new(-2.7939677238464355e-08, -0.000003337860107421875, -0.000013297591067384928, 1, -2.6263288077643665e-07, -2.6263316499353095e-07, 2.6077037773575285e-07, 0.33650726079940796, 0.9416805505752563, -2.9057270012344816e-07, -0.941680908203125, 0.3365080952644348),
            ["RightFoot"] = CFrame.new(-2.1886080503463745e-08, 2.980232238769531e-07, -6.535992724820971e-08, 0.9979836344718933, 0.06288714706897736, -0.008604967966675758, -0.05339839681982994, 0.7585421204566956, -0.6494320034980774, -0.03431382030248642, 0.6485824584960938, 0.7603709697723389),
            ["LeftLowerLeg"] = CFrame.new(2.0023435354232788e-08, 0.000003874301910400391, 0.000013269484043121338, 1, 1.2412372996095655e-07, 5.4656993597745895e-08, -1.0011715545488187e-07, 0.6574289798736572, 0.7535169124603271, 1.2107190805465962e-08, -0.7535165548324585, 0.6574286222457886),
        }},
        {Time = 0.233, Data = {
            ["LeftFoot"] = CFrame.new(-7.82310962677002e-08, 1.7881393432617188e-07, 5.960464477539063e-08, 0.9829463362693787, -0.15573427081108093, -0.09779234230518341, 0.17121808230876923, 0.9690700173377991, 0.17772984504699707, 0.06708905100822449, -0.1914423406124115, 0.9792082905769348),
            ["LeftLowerArm"] = CFrame.new(-6.258487701416016e-07, 5.364418029785156e-07, -3.5762786865234375e-07, 1, -9.685756907629184e-08, 1.788140622238643e-07, 7.450586281265714e-08, -0.4438811242580414, -0.8960857391357422, 1.4901172562531428e-07, 0.896085798740387, -0.44388100504875183),
            ["LowerTorso"] = CFrame.new(0.16798365116119385, -0.2942521572113037, 0.1670994907617569, 0.987073540687561, -0.04527899622917175, -0.1537388414144516, -0.019400544464588165, 0.9184499382972717, -0.39506134390830994, 0.1590893715620041, 0.39293721318244934, 0.9056991934776306),
            ["Head"] = CFrame.new(2.514570951461792e-08, 4.76837158203125e-07, 1.862645149230957e-08, 0.8317672610282898, -0.16427920758724213, 0.530259907245636, 0.24600429832935333, 0.965374231338501, -0.08680155873298645, -0.49763959646224976, 0.20264483988285065, 0.8433800339698792),
            ["RightUpperArm"] = CFrame.new(2.384185791015625e-07, 4.76837158203125e-07, 6.705522537231445e-08, 0.7315148711204529, -0.5125570297241211, 0.4496345818042755, 0.6745179295539856, 0.6403080821037292, -0.36746615171432495, -0.0995572954416275, 0.5720934867858887, 0.8141236901283264),
            ["UpperTorso"] = CFrame.new(2.9802322387695312e-08, -7.450580596923828e-07, 2.2351741790771484e-08, 0.9757843613624573, -0.008550433441996574, 0.2185675948858261, -0.14321807026863098, 0.7302871346473694, 0.6679590940475464, -0.1653284728527069, -0.6830868124961853, 0.7113782167434692),
            ["HumanoidRootPart"] = CFrame.new(0, 0, 0, 1, 0, 0, 0, 1, 0, 0, 0, 1),
            ["RightHand"] = CFrame.new(-3.8743019104003906e-07, 3.5762786865234375e-07, -8.940696716308594e-08, 0.9917656779289246, 0.004196536727249622, -0.12799718976020813, -0.043024759739637375, 0.9522892832756042, -0.30214905738830566, 0.12062229216098785, 0.30516818165779114, 0.9446282982826233),
            ["LeftUpperArm"] = CFrame.new(5.960464477539063e-08, -3.5762786865234375e-07, -8.568167686462402e-08, 0.9737825393676758, 0.13843367993831635, 0.18051017820835114, -0.20735499262809753, 0.8664942979812622, 0.45408329367637634, -0.09355062991380692, -0.4796079695224762, 0.8724817633628845),
            ["RightLowerArm"] = CFrame.new(0, 9.5367431640625e-07, -1.341104507446289e-07, 1, 1.4901161193847656e-08, 4.4703490686970326e-08, 2.9802315282267955e-08, 0.955707311630249, -0.2943190038204193, 5.215404996761208e-08, 0.2943189740180969, 0.955707311630249),
            ["LeftHand"] = CFrame.new(2.915039658546448e-07, 4.172325134277344e-07, -2.8312206268310547e-07, 0.8985475897789001, 0.4125673770904541, -0.14966817200183868, -0.43629345297813416, 0.876654863357544, -0.2027912139892578, 0.047542355954647064, 0.24751685559749603, 0.9677164554595947),
            ["RightUpperLeg"] = CFrame.new(2.384185791015625e-07, -6.277114152908325e-07, -3.149762051180005e-08, 0.9970834851264954, 0.023944219574332237, -0.0724664255976677, -0.034309543669223785, 0.9887832999229431, -0.14536337554454803, 0.0681731328368187, 0.14742529392242432, 0.9867209792137146),
            ["LeftUpperLeg"] = CFrame.new(-1.7881393432617188e-07, -3.296881914138794e-07, -1.7508864402770996e-07, 0.9668427109718323, 0.25479573011398315, -0.017159486189484596, -0.2376856803894043, 0.8732735514640808, -0.425322026014328, -0.09338518977165222, 0.4152980148792267, 0.9048795104026794),
            ["RightLowerLeg"] = CFrame.new(8.195638656616211e-08, -0.000003635883331298828, -0.000013245437003206462, 1, -3.2782557468635787e-07, -3.5017748700738593e-07, 3.464519693352486e-07, 0.37990802526474, 0.9250240325927734, -4.433094886735489e-07, -0.9250242710113525, 0.37990856170654297),
            ["RightFoot"] = CFrame.new(-5.029141902923584e-08, 2.980232238769531e-07, 3.894820110872388e-08, 0.9997254610061646, 0.023313453420996666, -0.0023640443105250597, -0.019986793398857117, 0.7956787943840027, -0.6053885817527771, -0.01223269198089838, 0.6052699685096741, 0.795926570892334),
            ["LeftLowerLeg"] = CFrame.new(-3.632158041000366e-08, 0.000003814697265625, 0.000013388693332672119, 1, 1.096632331609726e-07, 6.51925713412993e-09, -1.0989606380462646e-07, 0.6989179253578186, 0.715202271938324, 2.60770320892334e-08, -0.7152019143104553, 0.69891756772995),
        }},
        {Time = 0.267, Data = {
            ["LeftFoot"] = CFrame.new(-2.9802322387695312e-08, -1.1920928955078125e-07, -5.587935447692871e-09, 0.9987268447875977, -0.039871182292699814, -0.030903475359082222, 0.04567497596144676, 0.9747746586799622, 0.2184680700302124, 0.021413395181298256, -0.21960130333900452, 0.9753546714782715),
            ["LeftLowerArm"] = CFrame.new(-1.1920928955078125e-07, 9.5367431640625e-07, 6.556510925292969e-07, 1, -6.705519695060502e-08, 1.6205011377223855e-07, 1.192093321833454e-07, -0.5092477798461914, -0.8606199026107788, 8.940699558479537e-08, 0.8606199026107788, -0.5092477798461914),
            ["LowerTorso"] = CFrame.new(0.25035837292671204, -0.23675823211669922, 0.23954011499881744, 0.9996250867843628, 0.024000516161322594, -0.013187390752136707, -0.026962190866470337, 0.9468462467193604, -0.32055482268333435, 0.004792951047420502, 0.32079017162323, 0.947138249874115),
            ["Head"] = CFrame.new(9.685754776000977e-08, 3.5762786865234375e-07, -7.078051567077637e-08, 0.8071430921554565, -0.10485319048166275, 0.5809698700904846, 0.20113304257392883, 0.9740663170814514, -0.10363566875457764, -0.5550364851951599, 0.2005009800195694, 0.807300329208374),
            ["RightUpperArm"] = CFrame.new(-5.960464477539063e-08, -7.152557373046875e-07, 1.1920928955078125e-07, 0.42015981674194336, -0.34195390343666077, 0.8405553698539734, 0.7816105484962463, 0.6069727540016174, -0.1437676101922989, -0.46103209257125854, 0.7173922061920166, 0.5223003625869751),
            ["UpperTorso"] = CFrame.new(-1.5832483768463135e-08, -7.152557373046875e-07, 1.3387762010097504e-07, 0.9706618785858154, -0.09006991237401962, 0.22294177114963531, -0.06968072801828384, 0.7820339202880859, 0.6193283200263977, -0.23013091087341309, -0.6166931986808777, 0.7528143525123596),
            ["HumanoidRootPart"] = CFrame.new(0, 0, 0, 1, 0, 0, 0, 1, 0, 0, 0, 1),
            ["RightHand"] = CFrame.new(-1.1920928955078125e-07, 5.960464477539062e-07, 1.564621925354004e-07, 0.9906388521194458, 0.0016666060546413064, -0.13649894297122955, -0.04189463332295418, 0.9553830027580261, -0.29238367080688477, 0.1299215406179428, 0.29536524415016174, 0.9465093612670898),
            ["LeftUpperArm"] = CFrame.new(1.7881393432617188e-07, -7.152557373046875e-07, -1.043081283569336e-07, 0.9809430837631226, -0.030068688094615936, 0.19195520877838135, -0.0900142565369606, 0.8052029013633728, 0.5861276984214783, -0.1721869707107544, -0.5922365188598633, 0.7871515154838562),
            ["RightLowerArm"] = CFrame.new(1.1920928955078125e-07, 8.940696716308594e-07, -2.682209014892578e-07, 1, 2.9802322387695312e-08, -1.1175870895385742e-08, -3.7252889661942845e-09, 0.8935043811798096, -0.449054479598999, -6.5192558018623e-09, 0.449054479598999, 0.8935043811798096),
            ["LeftHand"] = CFrame.new(1.1920928955078125e-07, 1.7881393432617188e-07, -6.51925802230835e-08, 0.9006507992744446, 0.4178329110145569, -0.11934828013181686, -0.4331315755844116, 0.8853245377540588, -0.169108048081398, 0.03500308841466904, 0.2040008306503296, 0.978344738483429),
            ["RightUpperLeg"] = CFrame.new(2.384185791015625e-07, -8.754432201385498e-08, 6.070331437513232e-08, 0.9773345589637756, 0.007240115664899349, -0.2115769237279892, -0.040803972631692886, 0.9871176481246948, -0.15470609068870544, 0.20773109793663025, 0.1598324477672577, 0.9650394916534424),
