return {
    ["Spongebob"] = {
        {Time = 0.000, Data = {
            ["RightHand"] = CFrame.new(1.471489667892456e-07, 0, -1.3969838619232178e-08, 1, -1.862645149230957e-08, -9.313225746154785e-09, 1.4901161193847656e-08, 1, 3.725290298461914e-09, 5.587935447692871e-09, 0, 1),
            ["LeftLowerArm"] = CFrame.new(-2.9802322387695312e-08, 0, 3.725290298461914e-09, 1, -5.5879347371501353e-08, -1.1175870895385742e-08, 3.818422555923462e-08, 0.930159866809845, -0.36715465784072876, 1.955777406692505e-08, 0.36715471744537354, 0.9301599264144897),
            ["RightUpperArm"] = CFrame.new(-0.10699105262756348, -0.016604363918304443, 0.01716521382331848, 0.9843123555183411, -0.12220670282840729, -0.12725913524627686, 0.14957977831363678, 0.9605227708816528, 0.23456770181655884, 0.09356959164142609, -0.24992337822914124, 0.9637340307235718),
            ["Head"] = CFrame.new(2.0721927285194397e-08, 0, 1.862645149230957e-09, 0.9967948198318481, -0.01558838039636612, 0.07846833765506744, -0.016362233087420464, 0.9203760027885437, 0.3906919062137604, -0.07831062376499176, -0.39072373509407043, 0.9171710014343262),
            ["RightFoot"] = CFrame.new(1.6763806343078613e-07, 5.960464477539063e-08, -1.1175870895385742e-08, 1, 0.0000014808026662649354, -0.000025302175345132127, -0.0000014007091522216797, 0.9999998807907104, -0.0006385194719769061, 0.000025272369384765625, 0.000638335885014385, 0.9999998211860657),
            ["UpperTorso"] = CFrame.new(-3.725290298461914e-09, -5.960464477539063e-08, 1.4901161193847656e-08, 0.9964099526405334, 0.05409055948257446, -0.06512719392776489, -0.043242987245321274, 0.9865307211875916, 0.1577567309141159, 0.07278311252593994, -0.15437406301498413, 0.9853280186653137),
            ["HumanoidRootPart"] = CFrame.new(0, 0, 0, 1, 0, 0, 0, 1, 0, 0, 0, 1),
            ["RightUpperLeg"] = CFrame.new(-5.960464477539063e-08, 5.960464477539063e-08, 6.51925802230835e-08, 0.7617022395133972, -0.5905972719192505, -0.26646706461906433, 0.5500904321670532, 0.8067722916603088, -0.21568253636360168, 0.34235990047454834, 0.01770496740937233, 0.939402163028717),
            ["LeftUpperArm"] = CFrame.new(0, 0, -1.564621925354004e-07, 0.9830745458602905, 0.1699008047580719, 0.06854376941919327, -0.1735004186630249, 0.9835395216941833, 0.05047404766082764, -0.05883987620472908, -0.06151224672794342, 0.9963704943656921),
            ["RightLowerArm"] = CFrame.new(-2.9802322387695312e-08, -5.960464477539063e-08, -2.9802322387695312e-08, 1, -4.842877388000488e-08, -1.862645326866641e-08, 4.470348358154297e-08, 0.9068135619163513, -0.42153188586235046, 1.4901161193847656e-08, 0.4215319752693176, 0.9068136215209961),
            ["LeftHand"] = CFrame.new(1.6577541828155518e-07, -5.960464477539063e-08, 6.984919309616089e-09, 0.9999778270721436, 0.006666115485131741, 3.7252898543727042e-09, -0.00666610524058342, 0.9999777674674988, 4.563479905073109e-08, 9.313225746154785e-09, -3.166496398421259e-08, 1),
            ["LeftFoot"] = CFrame.new(2.4563632905483246e-08, 5.960464477539063e-08, -8.940696716308594e-08, 0.9514747858047485, -0.29826343059539795, 0.07572860270738602, 0.3073709309101105, 0.9093182682991028, -0.2804695963859558, 0.014792392030358315, 0.2901366055011749, 0.9568709135055542),
            ["LowerTorso"] = CFrame.new(-0.23336786031723022, -0.1550079882144928, -3.846238882942998e-08, 0.9877793192863464, -0.125571608543396, -0.0923244059085846, 0.118179090321064, 0.9896327257156372, -0.0816134363412857, 0.10161557793617249, 0.06970524787902832, 0.9923787117004395),
            ["RightLowerLeg"] = CFrame.new(-9.313225746154785e-08, 0.00002849102020263672, -0.000016052275896072388, 0.9999908804893494, 8.214263971240143e-07, -0.004269048105925322, 2.9802322387695312e-08, 1, 0.0001941136724781245, 0.004269033670425415, -0.0001942943490575999, 0.9999909400939941),
            ["LeftUpperLeg"] = CFrame.new(-5.960464477539063e-08, 0, -1.4901161193847656e-08, 0.9174302816390991, 0.39495915174484253, -0.0482611209154129, -0.3930208384990692, 0.8805679082870483, -0.2648296356201172, -0.06209973990917206, 0.2619304358959198, 0.9630868434906006),
            ["LeftLowerLeg"] = CFrame.new(-7.2177499532699585e-09, -0.000028431415557861328, 0.000016123056411743164, 0.996860146522522, 0.07810386270284653, -0.013028214685618877, -0.049045443534851074, 0.7382045984268188, 0.6727912425994873, 0.062165115028619766, -0.6700401306152344, 0.7397176623344421),
        }},
        {Time = 0.033, Data = {
            ["RightHand"] = CFrame.new(2.738088369369507e-07, 0, -8.381903171539307e-09, 1, 1.862645371275562e-09, -7.450581485102248e-09, 0, 1, -3.725290742551124e-09, 3.725290742551124e-09, -1.4901162970204496e-08, 1),
            ["LeftLowerArm"] = CFrame.new(1.341104507446289e-07, -1.7881393432617188e-07, 3.725290298461914e-09, 1, -4.8428766774577525e-08, 7.450581485102248e-09, 4.0978193283081055e-08, 0.9327462315559387, -0.3605335056781769, 1.0244548320770264e-08, 0.36053353548049927, 0.9327463507652283),
            ["RightUpperArm"] = CFrame.new(-0.10699105262756348, -0.016604483127593994, 0.01716522127389908, 0.988738477230072, -0.10142061114311218, -0.11004631221294403, 0.12367686629295349, 0.9677937626838684, 0.21926985681056976, 0.0842636227607727, -0.23041072487831116, 0.969438374042511),
            ["Head"] = CFrame.new(2.7008354663848877e-08, 1.1920928955078125e-07, 3.725290298461914e-09, 0.9970273375511169, -0.012324565090239048, 0.07605759054422379, -0.01860642060637474, 0.919397234916687, 0.3928900361061096, -0.07476935535669327, -0.3931373357772827, 0.9164347052574158),
            ["RightFoot"] = CFrame.new(1.6391277313232422e-07, 1.1920928955078125e-07, 1.4901161193847656e-07, 0.9999836683273315, 0.005699159111827612, 0.0004489794955588877, -0.005688368808478117, 0.9997636675834656, -0.02098279632627964, -0.0005684643401764333, 0.02097972296178341, 0.9997798204421997),
            ["UpperTorso"] = CFrame.new(1.955777406692505e-08, -2.9802322387695312e-08, -2.7939677238464355e-09, 0.9963406324386597, 0.05549022555351257, -0.06501005589962006, -0.04464327543973923, 0.9864604473114014, 0.15780645608901978, 0.07288655638694763, -0.15432672202587128, 0.9853278398513794),
            ["HumanoidRootPart"] = CFrame.new(0, 0, 0, 1, 0, 0, 0, 1, 0, 0, 0, 1),
            ["RightUpperLeg"] = CFrame.new(5.960464477539063e-08, -2.9802322387695312e-08, 4.6566128730773926e-08, 0.7830521464347839, -0.6023361682891846, -0.15498535335063934, 0.5059943795204163, 0.7618603110313416, -0.40439924597740173, 0.3616616725921631, 0.2382439821958542, 0.9013550281524658),
            ["LeftUpperArm"] = CFrame.new(0, 1.1920928955078125e-07, -8.940696716308594e-08, 0.9814725518226624, 0.17725495994091034, 0.07274866849184036, -0.18185116350650787, 0.9813501834869385, 0.06230687350034714, -0.06034769117832184, -0.0743819996714592, 0.9954021573066711),
            ["RightLowerArm"] = CFrame.new(0, 5.960464477539063e-08, 1.1920928955078125e-07, 1, -5.774199962615967e-08, 1.862645371275562e-09, 5.960465188081798e-08, 0.9101417660713196, -0.41429707407951355, 6.33299421792799e-08, 0.4142971336841583, 0.9101417660713196),
            ["LeftHand"] = CFrame.new(7.078051567077637e-08, -5.960464477539063e-08, -2.0489096641540527e-08, 0.9999777674674988, 0.006666089408099651, 1.862645149230957e-08, -0.006666114553809166, 0.9999777674674988, 3.3527612686157227e-08, -1.862645149230957e-09, -3.352760913344355e-08, 1),
            ["LeftFoot"] = CFrame.new(-3.3527612686157227e-08, 1.7881393432617188e-07, 3.3527612686157227e-08, 0.9515884518623352, -0.299321711063385, 0.06990043818950653, 0.30698853731155396, 0.9140850901603699, -0.26496511697769165, 0.015414735302329063, 0.2735961973667145, 0.9617210626602173),
            ["LowerTorso"] = CFrame.new(-0.2229602336883545, -0.21581287682056427, -3.689088146074937e-08, 0.9842040538787842, -0.15288811922073364, -0.08926151692867279, 0.1462983638048172, 0.9862978458404541, -0.0762452632188797, 0.09969543665647507, 0.06198208034038544, 0.9930856227874756),
            ["RightLowerLeg"] = CFrame.new(-7.82310962677002e-08, 0.000028312206268310547, -0.00001599639654159546, 0.9992358088493347, 0.03837565705180168, -0.007428489625453949, -0.02117968536913395, 0.6912921667098999, 0.7222650051116943, 0.03285254165530205, -0.7215556502342224, 0.6915766000747681),
            ["LeftUpperLeg"] = CFrame.new(0, -5.960464477539063e-08, -4.284083843231201e-08, 0.9064790606498718, 0.4082314074039459, -0.10790150612592697, -0.42013978958129883, 0.8464812636375427, -0.32703518867492676, -0.04216940328478813, 0.3417843282222748, 0.9388318061828613),
            ["LeftLowerLeg"] = CFrame.new(1.30385160446167e-08, -0.0000286102294921875, 0.00001607835292816162, 0.9944612383842468, 0.104168601334095, -0.01399465836584568, -0.05660709738731384, 0.6430163383483887, 0.7637577056884766, 0.08855836093425751, -0.7587351202964783, 0.6453514695167542),
        }},
        {Time = 0.067, Data = {
            ["RightHand"] = CFrame.new(-4.0978193283081055e-08, 5.960464477539063e-08, -1.1175870895385742e-08, 1, 9.313225746154785e-09, 9.313225746154785e-09, 1.3038517820973539e-08, 1, 0, 9.313226634333205e-09, -7.450580596923828e-09, 1),
            ["LeftLowerArm"] = CFrame.new(5.960464477539063e-08, -5.960464477539063e-08, -7.450580596923828e-09, 1, -5.4016709327697754e-08, 7.450580596923828e-09, 3.259629011154175e-08, 0.9397789239883423, -0.34178298711776733, 2.421438694000244e-08, 0.3417831063270569, 0.9397789239883423),
            ["RightUpperArm"] = CFrame.new(-0.10699105262756348, -0.01660442352294922, 0.0171651691198349, 0.9936169385910034, -0.09046916663646698, -0.06738429516553879, 0.1012527197599411, 0.9785918593406677, 0.1791810840368271, 0.049731358885765076, -0.1848602443933487, 0.9815057516098022),
            ["Head"] = CFrame.new(6.05359673500061e-08, 1.1920928955078125e-07, 7.450580596923828e-09, 0.9976292848587036, -0.002260527340695262, 0.06878010183572769, -0.025493180379271507, 0.9162123799324036, 0.39988112449645996, -0.06392111629247665, -0.4006866216659546, 0.9139826893806458),
            ["RightFoot"] = CFrame.new(1.4901161193847656e-08, 0, 4.470348358154297e-08, 0.999812126159668, 0.01926550641655922, 0.0021329973824322224, -0.01924862526357174, 0.9997852444648743, -0.0076843854039907455, -0.0022805032785981894, 0.0076417624950408936, 0.9999682903289795),
            ["UpperTorso"] = CFrame.new(2.0023435354232788e-08, 0, 2.3283064365386963e-09, 0.9961881041526794, 0.058482132852077484, -0.06472275406122208, -0.047642264515161514, 0.9863033294677734, 0.1579115390777588, 0.07307127118110657, -0.15422606468200684, 0.9853299260139465),
            ["HumanoidRootPart"] = CFrame.new(0, 0, 0, 1, 0, 0, 0, 1, 0, 0, 0, 1),
            ["RightUpperLeg"] = CFrame.new(5.960464477539063e-08, -8.940696716308594e-08, 4.6566128730773926e-08, 0.8166970014572144, -0.4658845365047455, -0.3405255079269409, 0.4008826017379761, 0.8825033903121948, -0.24592886865139008, 0.4150894582271576, 0.06433858722448349, 0.9075028896331787),
            ["LeftUpperArm"] = CFrame.new(0, 5.960464477539063e-08, -1.1920928955078125e-07, 0.9764981865882874, 0.1993759423494339, 0.08185628056526184, -0.20437119901180267, 0.9771775007247925, 0.0579354427754879, -0.06843717396259308, -0.07330302894115448, 0.9949588179588318),
            ["RightLowerArm"] = CFrame.new(5.960464477539063e-08, 5.960464477539063e-08, 2.9802322387695312e-08, 1, -2.0489094865183688e-08, -3.725290742551124e-09, 4.842877388000488e-08, 0.919502317905426, -0.39308449625968933, 4.0978193283081055e-08, 0.39308449625968933, 0.9195024371147156),
            ["LeftHand"] = CFrame.new(1.4528632164001465e-07, 0, 1.1175870895385742e-08, 0.9999778270721436, 0.006666107103228569, 9.313225746154785e-09, -0.006666114553809166, 0.9999778270721436, 2.60770320892334e-08, 5.587935447692871e-09, 1.3969838619232178e-08, 1),
            ["LeftFoot"] = CFrame.new(1.3131648302078247e-07, -1.1920928955078125e-07, 2.9802322387695312e-08, 0.9634734392166138, -0.2623315155506134, 0.053863272070884705, 0.26770150661468506, 0.9378513693809509, -0.2208414375782013, 0.0074179344810545444, 0.22719401121139526, 0.973821222782135),
            ["LowerTorso"] = CFrame.new(-0.1877715289592743, -0.23537571728229523, -3.157753525329099e-08, 0.9812893867492676, -0.1736948937177658, -0.08307376503944397, 0.1688031256198883, 0.9836520552635193, -0.06272274255752563, 0.09261030703783035, 0.0475260466337204, 0.9945675730705261),
            ["RightLowerLeg"] = CFrame.new(7.450580596923828e-09, 0.00002855062484741211, -0.00001605413854122162, 0.9936439990997314, 0.11241218447685242, -0.005928725935518742, -0.055222973227500916, 0.5326718091964722, 0.8445185422897339, 0.09809225052595139, -0.838823139667511, 0.5354936718940735),
            ["LeftUpperLeg"] = CFrame.new(-5.960464477539063e-08, -1.1920928955078125e-07, -2.7008354663848877e-08, 0.8966894745826721, 0.4208073616027832, -0.13736450672149658, -0.4425395131111145, 0.8449493050575256, -0.3003656268119812, -0.0103300167247653, 0.3301239609718323, 0.9438810348510742),
            ["LeftLowerLeg"] = CFrame.new(6.146728992462158e-08, -0.0000286102294921875, 0.000016048550605773926, 0.9923998713493347, 0.1207704246044159, -0.023604286834597588, -0.06586507707834244, 0.6833428144454956, 0.727120578289032, 0.10394453257322311, -0.7200396656990051, 0.6861039996147156),
        }},
        {Time = 0.100, Data = {
            ["RightHand"] = CFrame.new(-1.341104507446289e-07, 0, -1.3969838619232178e-09, 1, 1.30385160446167e-08, -1.303851426825986e-08, -6.51925802230835e-09, 1, 1.8626449271863521e-09, 1.862645149230957e-08, -3.725290298461914e-09, 1),
            ["LeftLowerArm"] = CFrame.new(-2.384185791015625e-07, 0, -3.5390257835388184e-08, 1, -4.842877388000488e-08, -7.450580596923828e-09, 4.190951585769653e-08, 0.9482567310333252, -0.31750452518463135, 2.0489096641540527e-08, 0.3175046443939209, 0.9482567310333252),
            ["RightUpperArm"] = CFrame.new(-0.10699117183685303, -0.01660442352294922, 0.01716519147157669, 0.9963119626045227, -0.08521300554275513, -0.01006996538490057, 0.08576233685016632, 0.9851821660995483, 0.14852958917617798, -0.0027358850929886103, -0.14884552359580994, 0.9888567328453064),
            ["Head"] = CFrame.new(7.450580596923828e-09, 0, -7.450580596923828e-09, 0.9982842803001404, 0.013878419995307922, 0.056885749101638794, -0.03610961139202118, 0.910692572593689, 0.41150349378585815, -0.04609442874789238, -0.4128517508506775, 0.9096311926841736),
            ["RightFoot"] = CFrame.new(-2.9802322387695312e-08, 2.384185791015625e-07, 2.9802322387695312e-08, 0.9992221593856812, 0.03903757408261299, 0.005594819318503141, -0.03911716863512993, 0.9991236925125122, 0.01489640586078167, -0.005008266773074865, -0.015103446319699287, 0.9998733997344971),
            ["UpperTorso"] = CFrame.new(-3.259629011154175e-09, -2.9802322387695312e-08, -6.51925802230835e-09, 0.9961203932762146, 0.05987285077571869, -0.06449320167303085, -0.049051277339458466, 0.9862267971038818, 0.1579582393169403, 0.07306232303380966, -0.15418197214603424, 0.9853374361991882),
            ["HumanoidRootPart"] = CFrame.new(0, 0, 0, 1, 0, 0, 0, 1, 0, 0, 0, 1),
            ["RightUpperLeg"] = CFrame.new(0, -5.960464477539063e-08, 4.0978193283081055e-08, 0.8356568217277527, -0.3981426954269409, -0.37836554646492004, 0.3075329661369324, 0.9099356532096863, -0.2782810926437378, 0.4550838768482208, 0.11618758738040924, 0.882835865020752),
            ["LeftUpperArm"] = CFrame.new(-2.384185791015625e-07, 1.1920928955078125e-07, -1.4156103134155273e-07, 0.9689168334007263, 0.22883495688438416, 0.09399372339248657, -0.23245638608932495, 0.9721614718437195, 0.029431667178869247, -0.08464207500219345, -0.050366394221782684, 0.9951376914978027),
            ["RightLowerArm"] = CFrame.new(8.940696716308594e-08, -1.1920928955078125e-07, 2.9802322387695312e-08, 1, -7.729977369308472e-08, -9.313226634333205e-09, 5.587936158235607e-08, 0.9320966601371765, -0.3622095584869385, 2.2351745343485163e-08, 0.36220961809158325, 0.9320967197418213),
            ["LeftHand"] = CFrame.new(3.5390257835388184e-08, 5.960464477539063e-08, 5.587935447692871e-09, 0.9999778270721436, 0.006666115485131741, -1.1175870895385742e-08, -0.00666610524058342, 0.9999778270721436, 9.313225746154785e-09, -5.587935447692871e-09, 9.313226634333205e-09, 1),
            ["LeftFoot"] = CFrame.new(1.1827796697616577e-07, -1.1920928955078125e-07, -1.862645149230957e-08, 0.9811731576919556, -0.1901196986436844, 0.0339692048728466, 0.19311928749084473, 0.9677090644836426, -0.16200004518032074, -0.0020728555973619223, 0.16551047563552856, 0.9862059354782104),
            ["LowerTorso"] = CFrame.new(-0.13754472136497498, -0.17931407690048218, -2.0268206668561106e-08, 0.9794455766677856, -0.18796221911907196, -0.07318906486034393, 0.18418586254119873, 0.9813302159309387, -0.05537693202495575, 0.08223140239715576, 0.04075830057263374, 0.9957794547080994),
            ["RightLowerLeg"] = CFrame.new(3.725290298461914e-09, 0.000028252601623535156, -0.000016016885638237, 0.9824901819229126, 0.18559835851192474, 0.016320791095495224, -0.057900384068489075, 0.22089087963104248, 0.9735783934593201, 0.1770896464586258, -0.9574761390686035, 0.2277689278125763),
            ["LeftUpperLeg"] = CFrame.new(0, -5.960464477539063e-08, -5.2619725465774536e-08, 0.884673535823822, 0.4510069191455841, -0.11809220165014267, -0.4655233919620514, 0.8683140873908997, -0.17122729122638702, 0.025316482409834862, 0.20645500719547272, 0.9781285524368286),
            ["LeftLowerLeg"] = CFrame.new(5.21540641784668e-08, -0.0000286102294921875, 0.000016063451766967773, 0.9929279088973999, 0.10791759192943573, -0.049478236585855484, -0.06465771049261093, 0.8411041498184204, 0.5369943976402283, 0.0995674803853035, -0.5299976468086243, 0.8421335220336914),
        }},
        {Time = 0.133, Data = {
            ["RightHand"] = CFrame.new(-1.7578713595867157e-07, 0, -7.930793799459934e-09, 1, 8.847564458847046e-09, -3.725290298461914e-09, 9.778887033462524e-09, 1, 6.51925802230835e-09, 1.862645149230957e-09, -4.6566128730773926e-09, 1),
            ["LeftLowerArm"] = CFrame.new(-1.4901161193847656e-08, 5.960464477539063e-08, -1.4901161193847656e-08, 1, -4.6566128730773926e-08, -7.450580596923828e-09, 4.1443854570388794e-08, 0.9544246196746826, -0.29845210909843445, 9.313225746154785e-09, 0.2984522581100464, 0.9544246196746826),
            ["RightUpperArm"] = CFrame.new(-0.10699105262756348, -0.01660442352294922, 0.017165206372737885, 0.9950084686279297, -0.08880870789289474, 0.045510079711675644, 0.08212418109178543, 0.9878247380256653, 0.13212890923023224, -0.05669017881155014, -0.12773200869560242, 0.9901872873306274),
            ["Head"] = CFrame.new(-4.6566128730773926e-09, 1.1920928955078125e-07, 7.450580596923828e-09, 0.9985911846160889, 0.03349155932664871, 0.041159987449645996, -0.04786437377333641, 0.9033700823783875, 0.4261825680732727, -0.022909214720129967, -0.4275522232055664, 0.9037003517150879),
            ["RightFoot"] = CFrame.new(-8.195638656616211e-08, 0, -7.078051567077637e-08, 0.9979613423347473, 0.06290294229984283, 0.010785984806716442, -0.06319230794906616, 0.99757981300354, 0.02900564670562744, -0.008935541845858097, -0.029628179967403412, 0.9995211362838745),
            ["UpperTorso"] = CFrame.new(0, -2.9802322387695312e-08, -1.3969838619232178e-08, 0.9964836239814758, 0.056842394173145294, -0.06155800074338913, -0.0465238057076931, 0.986388623714447, 0.1577124148607254, 0.06968484818935394, -0.1542939394712448, 0.9855645298957825),
            ["HumanoidRootPart"] = CFrame.new(0, 0, 0, 1, 0, 0, 0, 1, 0, 0, 0, 1),
            ["RightUpperLeg"] = CFrame.new(0, 2.9802322387695312e-08, 3.91155481338501e-08, 0.8405607342720032, -0.31216591596603394, -0.4427301287651062, 0.23298566043376923, 0.9461462497711182, -0.22477827966213226, 0.4890555143356323, 0.08579008281230927, 0.8680235147476196),
            ["LeftUpperArm"] = CFrame.new(0, -5.960464477539063e-08, -8.940696716308594e-08, 0.9613105058670044, 0.2536819279193878, 0.10736704617738724, -0.2525554597377777, 0.9672800898551941, -0.024190237745642662, -0.10999061167240143, -0.0038619330152869225, 0.993925154209137),
            ["RightLowerArm"] = CFrame.new(1.4901161193847656e-07, 0, -2.9802322387695312e-08, 1, -3.5855915569982244e-08, 1.862645371275562e-09, 5.587935447692871e-08, 0.9436546564102173, -0.3309318721294403, 7.450580596923828e-09, 0.33093196153640747, 0.9436547160148621),
            ["LeftHand"] = CFrame.new(1.4528632164001465e-07, 5.960464477539063e-08, -1.4901161193847656e-08, 0.9999777674674988, 0.006666108034551144, -1.1175872671742582e-08, -0.006666104309260845, 0.9999778270721436, 4.5634813261585805e-08, 0, -1.862645149230957e-09, 1),
            ["LeftFoot"] = CFrame.new(2.3283064365386963e-07, 1.1920928955078125e-07, 8.568167686462402e-08, 0.9916024208068848, -0.12838175892829895, 0.015580432489514351, 0.12929196655750275, 0.986810028553009, -0.09741464257240295, -0.0028686446603387594, 0.09861092269420624, 0.9951218962669373),
            ["LowerTorso"] = CFrame.new(-0.07202840596437454, -0.13626007735729218, -1.0375519110539244e-08, 0.9789369106292725, -0.1951761692762375, -0.05990833789110184, 0.19207699596881866, 0.9799044728279114, -0.0537944994866848, 0.06920384615659714, 0.0411543995141983, 0.9967533946037292),
            ["RightLowerLeg"] = CFrame.new(3.213062882423401e-08, 0.000028431415557861328, -0.00001610349863767624, 0.9692637324333191, 0.24192969501018524, 0.04469965025782585, -0.03261503204703331, -0.053729571402072906, 0.998022735118866, 0.24385294318199158, -0.9688050746917725, -0.04418754577636719),
            ["LeftUpperLeg"] = CFrame.new(-5.960464477539063e-08, 0, -5.273614078760147e-08, 0.9061866402626038, 0.39864909648895264, -0.14108476042747498, -0.42063626646995544, 0.884045422077179, -0.20378658175468445, 0.043485987931489944, 0.2440139353275299, 0.9687963128089905),
            ["LeftLowerLeg"] = CFrame.new(1.862645149230957e-09, -0.000028371810913085938, 0.000016048550605773926, 0.9944235682487488, 0.09684731811285019, -0.041742246598005295, -0.0558580607175827, 0.8194233775138855, 0.5704605579376221, 0.08945207297801971, -0.5649478435516357, 0.8202636241912842),
        }},
        {Time = 0.167, Data = {
            ["RightHand"] = CFrame.new(-1.9383151084184647e-07, -5.960464477539063e-08, 6.752088665962219e-09, 1, 2.9234794141075326e-08, -2.2118908926671565e-09, -7.712515071034431e-10, 1, 6.053595846822191e-09, 5.820766091346741e-10, 6.053595846822191e-09, 1),
            ["LeftLowerArm"] = CFrame.new(0, -1.1920928955078125e-07, -2.3748725652694702e-08, 1, -5.66942546242899e-08, 1.3969838619232178e-08, 5.8651494327932596e-08, 0.9565219283103943, -0.2916601896286011, 1.862645149230957e-09, 0.29166027903556824, 0.9565220475196838),
            ["RightUpperArm"] = CFrame.new(-0.10699105262756348, -0.01660442352294922, 0.01716519147157669, 0.9880427122116089, -0.13093644380569458, 0.08140808343887329, 0.1203138455748558, 0.9849644899368286, 0.12397429347038269, -0.09641681611537933, -0.11269749701023102, 0.988940417766571),
            ["Head"] = CFrame.new(3.864988684654236e-08, 1.1920928955078125e-07, 0, 0.9983206391334534, 0.053133074194192886, 0.02308417670428753, -0.05786370486021042, 0.8953680396080017, 0.4415517747402191, 0.0027921609580516815, -0.44214603304862976, 0.8969388008117676),
            ["RightFoot"] = CFrame.new(1.555308699607849e-07, 5.960464477539063e-08, 9.66247171163559e-08, 0.9960187077522278, 0.08774445205926895, 0.01573646254837513, -0.08795972168445587, 0.9960321187973022, 0.01353453379124403, -0.014486327767372131, -0.014865116216242313, 0.9997845888137817),
            ["UpperTorso"] = CFrame.new(1.3969838619232178e-09, -2.9802322387695312e-08, 3.725290298461914e-09, 0.9974474310874939, 0.047918979078531265, -0.05293834209442139, -0.03908510133624077, 0.9868485927581787, 0.1568511575460434, 0.0597582682967186, -0.154381662607193, 0.9862024188041687),
            ["HumanoidRootPart"] = CFrame.new(0, 0, 0, 1, 0, 0, 0, 1, 0, 0, 0, 1),
            ["RightUpperLeg"] = CFrame.new(0, 2.9802322387695312e-08, 4.842877388000488e-08, 0.8435836434364319, -0.12072037905454636, -0.5232524871826172, 0.11819738149642944, 0.9922486543655396, -0.03836639225482941, 0.5238283276557922, -0.029481714591383934, 0.851313591003418),
            ["LeftUpperArm"] = CFrame.new(-1.1920928955078125e-07, 0, -1.043081283569336e-07, 0.9561220407485962, 0.2662157714366913, 0.12231046706438065, -0.25581759214401245, 0.9621126055717468, -0.09432298690080643, -0.1427866816520691, 0.058895014226436615, 0.9879997372627258),
            ["RightLowerArm"] = CFrame.new(2.9802322387695312e-08, -5.960464477539063e-08, 7.450580596923828e-08, 1, -6.017215525844222e-08, 5.238689482212067e-09, 2.468004822731018e-08, 0.9510734677314758, -0.30896469950675964, 1.2689270079135895e-08, 0.3089647591114044, 0.9510735273361206),
            ["LeftHand"] = CFrame.new(-1.5133991837501526e-08, 0, 3.3527612686157227e-08, 0.9999777674674988, 0.006666089873760939, 4.190952029858863e-09, -0.006666096858680248, 0.9999777674674988, 3.9581212973871516e-08, 9.313225746154785e-10, -1.1408701539039612e-08, 1),
            ["LeftFoot"] = CFrame.new(5.6927092373371124e-08, -2.384185791015625e-07, -1.3969838619232178e-08, 0.9976627826690674, -0.06825219839811325, 0.003259252291172743, 0.06832173466682434, 0.997148334980011, -0.03205453231930733, -0.0010621193796396255, 0.03220241516828537, 0.9994807839393616),
            ["LowerTorso"] = CFrame.new(0.00998171791434288, -0.12155015766620636, 2.007665145242754e-09, 0.9797613620758057, -0.1952548325061798, -0.04408420994877815, 0.1929241567850113, 0.9798294305801392, -0.05210138484835625, 0.053368065506219864, 0.04254201054573059, 0.9976683259010315),
            ["RightLowerLeg"] = CFrame.new(3.725290298461914e-09, 0.0000286102294921875, -0.00001605600118637085, 0.9532209634780884, 0.3007256090641022, 0.03056451305747032, -0.0188248623162508, -0.04185943305492401, 0.9989461302757263, 0.301688015460968, -0.9527916312217712, -0.03424029052257538),
            ["LeftUpperLeg"] = CFrame.new(5.960464477539063e-08, 0, -4.190951585769653e-08, 0.9565224051475525, 0.25798657536506653, -0.13604377210140228, -0.2909616529941559, 0.8763062357902527, -0.383964866399765, 0.02015819400548935, 0.4068544805049896, 0.9132706522941589),
            ["LeftLowerLeg"] = CFrame.new(5.587935447692871e-08, -0.0000286102294921875, 0.000016085803508758545, 0.9989903569221497, 0.04413766786456108, -0.00838103611022234, -0.022401103749871254, 0.6510775685310364, 0.7586806416511536, 0.038943056017160416, -0.757726788520813, 0.6514089107513428),
        }},
        {Time = 0.200, Data = {
            ["RightHand"] = CFrame.new(1.1175870895385742e-07, 0, 3.5390257835388184e-08, 1, -3.119930624961853e-08, 0, 4.656612873077393e-10, 1, -1.862645149230957e-09, 0, -5.587935447692871e-09, 1),
            ["LeftLowerArm"] = CFrame.new(-4.470348358154297e-08, -5.960464477539063e-08, -9.313225746154785e-09, 1, -4.0978196835794733e-08, 1.1175870895385742e-08, 6.984920020158825e-08, 0.9563958644866943, -0.29207366704940796, 4.190952029858863e-09, 0.2920738160610199, 0.9563958644866943),
            ["RightUpperArm"] = CFrame.new(-0.10699105262756348, -0.016604483127593994, 0.017165206372737885, 0.9716585278511047, -0.21911633014678955, 0.0887003019452095, 0.20732277631759644, 0.970183253288269, 0.12554627656936646, -0.11356476694345474, -0.10359862446784973, 0.988114595413208),
            ["Head"] = CFrame.new(3.259629011154175e-09, 0, 9.313225746154785e-09, 0.997522234916687, 0.07019279152154922, 0.004734776448458433, -0.0646323561668396, 0.8877601027488708, 0.4557463228702545, 0.027786750346422195, -0.45492324233055115, 0.8900970816612244),
            ["RightFoot"] = CFrame.new(-5.21540641784668e-08, 1.1920928955078125e-07, -9.313225746154785e-08, 0.993316113948822, 0.1135442703962326, 0.02075706049799919, -0.11342207342386246, 0.9935225248336792, -0.006965421140193939, -0.02141348272562027, 0.004564643371850252, 0.9997602701187134),
            ["UpperTorso"] = CFrame.new(-2.0954757928848267e-09, -2.9802322387695312e-08, 3.259629011154175e-09, 0.9986073970794678, 0.03477727621793747, -0.039671387523412704, -0.028222929686307907, 0.987475574016571, 0.15522722899913788, 0.04457290470600128, -0.15389138460159302, 0.9870819449424744),
            ["HumanoidRootPart"] = CFrame.new(0, 0, 0, 1, 0, 0, 0, 1, 0, 0, 0, 1),
            ["RightUpperLeg"] = CFrame.new(1.7881393432617188e-07, 0, 4.0046870708465576e-08, 0.8410181999206543, 0.04342777281999588, -0.5392614603042603, 0.011493280529975891, 0.9951138496398926, 0.09806374460458755, 0.5408849120140076, -0.08867153525352478, 0.8364094495773315),
            ["LeftUpperArm"] = CFrame.new(0, 5.960464477539063e-08, -8.940696716308594e-08, 0.9520550966262817, 0.27170053124427795, 0.14060597121715546, -0.24822205305099487, 0.9547038078308105, -0.16409315168857574, -0.17882126569747925, 0.12132410705089569, 0.9763726592063904),
            ["RightLowerArm"] = CFrame.new(1.4901161193847656e-07, 0, 5.21540641784668e-08, 1, -3.026798012228937e-08, 1.1175870895385742e-08, 2.7008354663848877e-08, 0.9535037279129028, -0.30138099193573, 7.450580596923828e-09, 0.30138108134269714, 0.9535038471221924),
            ["LeftHand"] = CFrame.new(2.2910535335540771e-07, -5.960464477539063e-08, 7.450580596923828e-09, 0.9999778270721436, 0.006666100583970547, 7.450580596923828e-09, -0.006666127592325211, 0.9999777674674988, 3.725290298461914e-08, -1.1175870895385742e-08, -6.51925713412993e-09, 1),
            ["LeftFoot"] = CFrame.new(-1.0410076356492937e-08, 0, 2.9569491744041443e-08, 0.9999973773956299, -0.0023015476763248444, 0.00003384333831490949, 0.002301762579008937, 0.9999661445617676, -0.007910509593784809, -0.000015625962987542152, 0.007910517044365406, 0.9999687671661377),
            ["LowerTorso"] = CFrame.new(0.07915399968624115, -0.12097211182117462, 5.0018087449643645e-09, 0.9815942049026489, -0.18919633328914642, -0.02602977678179741, 0.18774041533470154, 0.9809383153915405, -0.05013580247759819, 0.03501911833882332, 0.044326167553663254, 0.9984031319618225),
            ["RightLowerLeg"] = CFrame.new(2.60770320892334e-08, 0.00002866983413696289, -0.000016041100025177002, 0.9391546845436096, 0.34342050552368164, 0.007144174538552761, -0.011194060556590557, 0.00981156062334776, 0.9998892545700073, 0.34331202507019043, -0.9391305446624756, 0.013058744370937347),
            ["LeftUpperLeg"] = CFrame.new(2.9802322387695312e-08, -2.9802322387695312e-08, -4.0046870708465576e-08, 0.9820771813392639, 0.17306923866271973, -0.07464353740215302, -0.18798375129699707, 0.8706929683685303, -0.454484224319458, -0.0136656379327178, 0.4603703022003174, 0.8876218795776367),
            ["LeftLowerLeg"] = CFrame.new(6.455229595303535e-08, -0.00002849102020263672, 0.000016083940863609314, 0.9996711015701294, -0.025311898440122604, 0.0041336058638989925, 0.011654261499643326, 0.5918893218040466, 0.8059349656105042, -0.022846389561891556, -0.8056217432022095, 0.5919895768165588),
        }},
        {Time = 0.233, Data = {
            ["RightHand"] = CFrame.new(1.862645149230957e-09, 0, 3.725290298461914e-09, 1, 7.450581485102248e-09, -9.313225746154785e-09, 3.725290742551124e-09, 1, -3.725290298461914e-09, 1.862645371275562e-09, 7.450581485102248e-09, 1),
            ["LeftLowerArm"] = CFrame.new(-2.9802322387695312e-08, -5.960464477539063e-08, -7.450580596923828e-09, 1, -7.078051567077637e-08, -7.4505797087454084e-09, 6.51925802230835e-08, 0.9553448557853699, -0.2954932451248169, 3.725290298461914e-09, 0.29549339413642883, 0.9553448557853699),
            ["RightUpperArm"] = CFrame.new(-0.10699105262756348, -0.016604483127593994, 0.017165206372737885, 0.9597185254096985, -0.2717212736606598, 0.07147026062011719, 0.26007920503616333, 0.9553979635238647, 0.13990578055381775, -0.10629792511463165, -0.11568239331245422, 0.9875821471214294),
            ["Head"] = CFrame.new(0, 0, 2.3283064365386963e-08, 0.9961445927619934, 0.08708115667104721, -0.010623063892126083, -0.07169243693351746, 0.8778716325759888, 0.47349926829338074, 0.050558533519506454, -0.4709121882915497, 0.880730152130127),
            ["RightFoot"] = CFrame.new(7.82310962677002e-08, -1.1920928955078125e-07, -5.21540641784668e-08, 0.989486813545227, 0.14217229187488556, 0.026516878977417946, -0.14160127937793732, 0.9896726012229919, -0.022298473864793777, -0.029413145035505295, 0.018309159204363823, 0.9993996620178223),
            ["UpperTorso"] = CFrame.new(1.5366822481155396e-08, -5.960464477539063e-08, 9.637005859985948e-09, 0.9994761943817139, 0.021043112501502037, -0.024588219821453094, -0.01704499125480652, 0.9881115555763245, 0.152791365981102, 0.027511095628142357, -0.15229225158691406, 0.9879525303840637),
            ["HumanoidRootPart"] = CFrame.new(0, 0, 0, 1, 0, 0, 0, 1, 0, 0, 0, 1),
            ["RightUpperLeg"] = CFrame.new(5.960464477539063e-08, -5.960464477539063e-08, 5.774199962615967e-08, 0.8464158773422241, 0.10640730708837509, -0.5217832326889038, -0.059324994683265686, 0.992575466632843, 0.10618147999048233, 0.5292076468467712, -0.05891885980963707, 0.8464441299438477),
            ["LeftUpperArm"] = CFrame.new(0, -5.960464477539063e-08, -9.685754776000977e-08, 0.9471232295036316, 0.27663227915763855, 0.16258008778095245, -0.2382446527481079, 0.945684015750885, -0.22118166089057922, -0.21493534743785858, 0.17075228691101074, 0.9615854620933533),
            ["RightLowerArm"] = CFrame.new(-1.4901161193847656e-07, 0, -1.3969838619232178e-08, 1, -2.1420419216156006e-08, -1.862645371275562e-09, 7.450581485102248e-09, 0.9507961869239807, -0.3098168969154358, 5.587936335871291e-09, 0.30981701612472534, 0.9507963061332703),
            ["LeftHand"] = CFrame.new(-4.0978193283081055e-08, 1.1920928955078125e-07, -2.9802322387695312e-08, 0.9999777674674988, 0.006666101515293121, 0, -0.006666089408099651, 0.9999778270721436, -1.862645326866641e-08, 1.1175869119028903e-08, -5.587935447692871e-08, 1),
            ["LeftFoot"] = CFrame.new(-1.3271346688270569e-08, 5.960464477539063e-08, -2.514570951461792e-07, 0.9953086972236633, 0.09052246809005737, 0.03415320813655853, -0.08722192794084549, 0.9922804236412048, -0.0881582647562027, -0.04186985641717911, 0.08476632088422775, 0.9955207705497742),
            ["LowerTorso"] = CFrame.new(0.13751624524593353, -0.14110451936721802, 1.3814263510880664e-08, 0.9838855266571045, -0.17869727313518524, -0.006048966199159622, 0.17820923030376434, 0.9828223586082458, -0.04797599837183952, 0.014518240466713905, 0.046124909073114395, 0.9988301992416382),
            ["RightLowerLeg"] = CFrame.new(-1.1175870895385742e-07, 0.00002855062484741211, -0.000016123056411743164, 0.928951621055603, 0.37013381719589233, 0.007048085331916809, -0.003795919008553028, -0.00951377209275961, 0.9999476075172424, 0.370181679725647, -0.9289297461509705, -0.007432970218360424),
            ["LeftUpperLeg"] = CFrame.new(2.9802322387695312e-08, -5.960464477539063e-08, -2.9569491744041443e-08, 0.985800564289093, 0.16467571258544922, 0.03285126015543938, -0.12835754454135895, 0.8651155829429626, -0.4848704934120178, -0.10826646536588669, 0.47376886010169983, 0.873968780040741),
            ["LeftLowerLeg"] = CFrame.new(-3.725290298461914e-08, -0.0000286102294921875, 0.000016208738088607788, 0.9972741603851318, -0.07317044585943222, 0.009499588049948215, 0.03349687159061432, 0.5636922121047974, 0.825305700302124, -0.06574280560016632, -0.8227376937866211, 0.5646064877510071),
        }},
        {Time = 0.267, Data = {
            ["RightHand"] = CFrame.new(1.1175870895385742e-08, 0, 1.5599653124809265e-08, 1, 0, 9.313225746154785e-10, -3.259629011154175e-08, 1, -1.862645149230957e-09, 3.725290298461914e-09, -7.450580596923828e-09, 1),
            ["LeftLowerArm"] = CFrame.new(2.9802322387695312e-08, -5.960464477539063e-08, -3.725290298461914e-08, 1, -5.2154071283894154e-08, 2.9802322387695312e-08, 7.82310962677002e-08, 0.9519513845443726, -0.30624920129776, 8.381903171539307e-09, 0.30624938011169434, 0.9519513845443726),
            ["RightUpperArm"] = CFrame.new(-0.10699129104614258, -0.01660454273223877, 0.017165224999189377, 0.9551072120666504, -0.2948688268661499, 0.028680875897407532, 0.28556615114212036, 0.9420821666717529, 0.17587818205356598, -0.07888074964284897, -0.15979233384132385, 0.9839940667152405),
            ["Head"] = CFrame.new(-5.529727786779404e-09, 0, 7.450580596923828e-09, 0.994466245174408, 0.10282118618488312, -0.02155669778585434, -0.07888922840356827, 0.8663825392723083, 0.4931102991104126, 0.06937851011753082, -0.48868098855018616, 0.8696996569633484),
            ["RightFoot"] = CFrame.new(-1.5832483768463135e-08, 5.960464477539063e-08, 2.3952452465891838e-08, 0.9839447736740112, 0.17517557740211487, 0.03414995223283768, -0.1743353307247162, 0.9843372106552124, -0.02622010000050068, -0.03820779547095299, 0.019845280796289444, 0.999072790145874),
            ["UpperTorso"] = CFrame.new(-3.6670826375484467e-09, -5.960464477539063e-08, 5.995389074087143e-09, 0.9998844265937805, 0.010506113059818745, -0.010990837588906288, -0.008744378574192524, 0.9887092709541321, 0.1495910882949829, 0.012438362464308739, -0.14947770535945892, 0.9886868596076965),
            ["HumanoidRootPart"] = CFrame.new(0, 0, 0, 1, 0, 0, 0, 1, 0, 0, 0, 1),
            ["RightUpperLeg"] = CFrame.new(-5.960464477539063e-08, 2.9802322387695312e-08, 4.936009645462036e-08, 0.8724971413612366, 0.029463594779372215, -0.48773011565208435, -0.05867570638656616, 0.9972749948501587, -0.04471910372376442, 0.4850834310054779, 0.06763528287410736, 0.8718483448028564),
            ["LeftUpperArm"] = CFrame.new(0, -5.960464477539063e-08, -1.0803341865539551e-07, 0.9412680864334106, 0.280646950006485, 0.1877545565366745, -0.22760342061519623, 0.9380798935890198, -0.2611573040485382, -0.24942171573638916, 0.20308534801006317, 0.946860671043396),
            ["RightLowerArm"] = CFrame.new(2.9802322387695312e-08, -5.960464477539063e-08, -3.166496753692627e-08, 1, -2.8870996260366155e-08, 2.4214383387288763e-08, 2.0489094865183688e-08, 0.9424880743026733, -0.3342399001121521, 0, 0.33423998951911926, 0.9424880146980286),
            ["LeftHand"] = CFrame.new(2.5704503059387207e-07, 1.1920928955078125e-07, -1.4901161193847656e-08, 0.9999778270721436, 0.006666101515293121, 3.725290298461914e-09, -0.006666101515293121, 0.9999778270721436, -2.0489096641540527e-08, 0, 1.1175870895385742e-08, 1),
            ["LeftFoot"] = CFrame.new(-2.421438694000244e-08, 1.7881393432617188e-07, 1.6205012798309326e-07, 0.9734400510787964, 0.20935261249542236, 0.09266094863414764, -0.17835654318332672, 0.9472203850746155, -0.26638761162757874, -0.14353929460048676, 0.2427859753370285, 0.9594017267227173),
            ["LowerTorso"] = CFrame.new(0.197896808385849, -0.18418537080287933, 2.293147538523499e-08, 0.9860739707946777, -0.16557995975017548, 0.01553878653794527, 0.1661291867494583, 0.9850331544876099, -0.04594548046588898, -0.00769856758415699, 0.04788709059357643, 0.9988231062889099),
            ["RightLowerLeg"] = CFrame.new(1.210719347000122e-07, 0.000028312206268310547, -0.000016026198863983154, 0.9284329414367676, 0.36719053983688354, 0.05642073228955269, 0.009514293633401394, -0.175324946641922, 0.9844646453857422, 0.3713782727718353, -0.9134727120399475, -0.1662711799144745),
            ["LeftUpperLeg"] = CFrame.new(2.9802322387695312e-08, 0, -4.7963112592697144e-08, 0.9571005702018738, 0.2241095006465912, 0.18366675078868866, -0.09911138564348221, 0.8488403558731079, -0.5192753076553345, -0.27227821946144104, 0.4787953197956085, 0.834637463092804),
