return {
    ["Spongebob Shuffle"] = {
        {Time = 0.000, Data = {
            ["RightFoot"] = CFrame.new(-3.14321368932724e-08, 4.76837158203125e-07, 5.420588422566652e-09, 0.9999805688858032, -0.003551827510818839, 0.005124971270561218, 0.005462175700813532, 0.8953996896743774, -0.4452294707298279, -0.003007416380569339, 0.44524911046028137, 0.8954018354415894),
            ["LeftLowerArm"] = CFrame.new(-5.960464477539063e-08, 2.384185791015625e-07, 2.086162567138672e-07, 1, -8.568167686462402e-08, 7.4505797087454084e-09, 1.0430814256778831e-07, 0.686704695224762, -0.7269365191459656, -2.2351745343485163e-08, 0.7269365787506104, 0.686704695224762),
            ["RightUpperArm"] = CFrame.new(-2.384185791015625e-07, 4.76837158203125e-07, -8.940696716308594e-08, 0.8747435212135315, -0.4199431240558624, 0.24180938303470612, 0.29466012120246887, 0.8570970296859741, 0.42256394028663635, -0.38470691442489624, -0.298383504152298, 0.8734803795814514),
            ["Head"] = CFrame.new(-6.51925802230835e-08, -2.384185791015625e-07, -1.4994293451309204e-07, 0.9705691337585449, -0.14490006864070892, 0.19235269725322723, 0.15855035185813904, 0.9856753349304199, -0.0574968047440052, -0.18126602470874786, 0.08630220592021942, 0.979640007019043),
            ["RightHand"] = CFrame.new(1.4901161193847656e-08, 0, 2.2351741790771484e-07, 0.9889862537384033, -0.10750554502010345, 0.10172880440950394, 0.10456613451242447, 0.99394291639328, 0.03381422162055969, -0.10474774241447449, -0.022804448381066322, 0.9942374229431152),
            ["UpperTorso"] = CFrame.new(-6.146728992462158e-08, -2.086162567138672e-07, -9.313225746154785e-10, 0.9972372055053711, -0.05580400675535202, 0.049029089510440826, 0.04429374262690544, 0.9765700101852417, 0.2105921506881714, -0.05963221564888954, -0.20783865451812744, 0.9763438105583191),
            ["HumanoidRootPart"] = CFrame.new(0, 0, 0, 1, 0, 0, 0, 1, 0, 0, 0, 1),
            ["RightUpperLeg"] = CFrame.new(5.960464477539063e-08, 1.5366822481155396e-08, -8.214556146413088e-09, 0.9748312830924988, -0.1725539267063141, -0.14117063581943512, 0.06682261824607849, 0.8302440047264099, -0.5533803105354309, 0.2126939594745636, 0.5300189256668091, 0.8208782076835632),
            ["LeftUpperArm"] = CFrame.new(-1.1920928955078125e-07, 5.960464477539062e-07, -1.4901161193847656e-08, 0.9551233053207397, 0.2532687485218048, -0.15360471606254578, -0.1870298683643341, 0.917775571346283, 0.3502969443798065, 0.22969397902488708, -0.3058481216430664, 0.9239575862884521),
            ["RightLowerArm"] = CFrame.new(2.980232238769531e-07, 5.364418029785156e-07, -1.5622936189174652e-07, 1, -3.7252888773764425e-08, 6.332992086299782e-08, 4.4703490686970326e-08, 0.6307383179664612, -0.775995671749115, -1.4901162970204496e-08, 0.775995671749115, 0.6307383179664612),
            ["LeftHand"] = CFrame.new(-4.470348358154297e-08, 1.7881393432617188e-07, -5.960464477539063e-08, 0.9943071007728577, 0.06632017344236374, -0.08339740335941315, -0.06158100813627243, 0.9964054822921753, 0.05817163735628128, 0.08695556968450546, -0.05270477756857872, 0.9948170185089111),
            ["LeftFoot"] = CFrame.new(2.922024577856064e-08, -5.960464477539063e-08, 5.587935447692871e-09, 0.9998594522476196, 0.01667412370443344, -0.0017935914220288396, -0.015138859860599041, 0.8513964414596558, -0.5243041515350342, -0.007215205579996109, 0.5242577195167542, 0.8515291810035706),
            ["LowerTorso"] = CFrame.new(0.00044740474550053477, -0.23000752925872803, -0.0998748391866684, 0.981496274471283, 0.05001791566610336, -0.1848333179950714, -0.05529240518808365, 0.9981938600540161, -0.02348986640572548, 0.18332457542419434, 0.03327509015798569, 0.9824891686439514),
            ["RightLowerLeg"] = CFrame.new(6.239861249923706e-08, -0.000003516674041748047, -0.0000133199428091757, 1, -1.3317912817001343e-07, -3.6321598173572056e-08, 1.1222437024116516e-07, 0.4102279543876648, 0.9119828939437866, -4.7031790018081665e-08, -0.911983072757721, 0.4102282226085663),
            ["LeftUpperLeg"] = CFrame.new(-1.1920928955078125e-07, -1.019798219203949e-07, -3.725290298461914e-09, 0.9657166600227356, 0.03117424249649048, 0.25772008299827576, 0.06427917629480362, 0.9331334829330444, -0.3537372350692749, -0.2515147924423218, 0.35817596316337585, 0.8991386890411377),
            ["LeftLowerLeg"] = CFrame.new(1.1175870895385742e-08, 0.000004351139068603516, 0.000013191252946853638, 1, 9.406355871988126e-08, 2.514570951461792e-08, -7.357446918376809e-08, 0.5809047818183899, 0.8139715194702148, 2.8870992707652476e-08, -0.8139715790748596, 0.5809049010276794),
        }},
        {Time = 0.013, Data = {
            ["RightFoot"] = CFrame.new(4.738103598356247e-08, 4.76837158203125e-07, -2.2519088815897703e-08, 0.9986109733581543, -0.05268082022666931, 0.0009947310900315642, 0.048376258462667465, 0.9092074036598206, -0.4135231673717499, 0.02088038995862007, 0.41299736499786377, 0.9104931354522705),
            ["LeftLowerArm"] = CFrame.new(2.980232238769531e-07, 0, -2.9802322387695312e-08, 1, -8.445930888001385e-08, 3.352760558072987e-08, 7.450580596923828e-08, 0.5816408395767212, -0.8134457468986511, 1.4901161193847656e-08, 0.8134457468986511, 0.5816407799720764),
            ["RightUpperArm"] = CFrame.new(0, 3.5762786865234375e-07, 1.1920928955078125e-07, 0.8638765811920166, -0.4385456144809723, 0.24778015911579132, 0.31658169627189636, 0.8553324341773987, 0.41010066866874695, -0.391782283782959, -0.27583372592926025, 0.8777372241020203),
            ["Head"] = CFrame.new(-5.681067705154419e-08, 4.76837158203125e-07, -9.313225746154785e-08, 0.9719830751419067, -0.13750362396240234, 0.19063501060009003, 0.1527884155511856, 0.9859253168106079, -0.06787553429603577, -0.17861875891685486, 0.09510069340467453, 0.9793115854263306),
            ["RightHand"] = CFrame.new(2.4586915969848633e-07, 5.960464477539063e-08, 2.384185791015625e-07, 0.993571400642395, -0.11173534393310547, 0.018195070326328278, 0.1102379783987999, 0.9915028810501099, 0.0690632313489914, -0.02575727179646492, -0.06661342084407806, 0.9974464178085327),
            ["UpperTorso"] = CFrame.new(-6.146728992462158e-08, 2.384185791015625e-07, -1.1641532182693481e-09, 0.9971126914024353, -0.061421431601047516, 0.04465038701891899, 0.049040693789720535, 0.9698020219802856, 0.2389124035835266, -0.0579763688147068, -0.2360328882932663, 0.9700140357017517),
            ["HumanoidRootPart"] = CFrame.new(0, 0, 0, 1, 0, 0, 0, 1, 0, 0, 0, 1),
            ["RightUpperLeg"] = CFrame.new(5.960464477539063e-08, 2.1988944354234263e-07, -6.701156962662935e-09, 0.974123477935791, -0.17415361106395721, -0.14406289160251617, 0.060415998101234436, 0.8148447275161743, -0.5765228271484375, 0.2177923172712326, 0.5529001951217651, 0.8042805790901184),
            ["LeftUpperArm"] = CFrame.new(-1.1920928955078125e-07, 3.5762786865234375e-07, -7.450580596923828e-08, 0.9612787365913391, 0.24958443641662598, -0.11683667451143265, -0.19226881861686707, 0.9111474752426147, 0.36447644233703613, 0.1974230855703354, -0.32789942622184753, 0.9238539934158325),
            ["RightLowerArm"] = CFrame.new(-0.0000010728836059570312, 4.172325134277344e-07, -2.8405338525772095e-07, 1, -4.470347647611561e-08, 3.725289587919178e-08, 1.0430814256778831e-07, 0.5468642115592957, -0.8372213840484619, 2.980232594040899e-08, 0.8372213840484619, 0.5468642115592957),
            ["LeftHand"] = CFrame.new(1.4901161193847656e-07, 4.172325134277344e-07, 1.7881393432617188e-07, 0.9980769157409668, 0.06191771477460861, 0.002968758810311556, -0.061984915286302567, 0.9974098801612854, 0.036486901342868805, -0.0007018223986960948, -0.03660079836845398, 0.9993297457695007),
            ["LeftFoot"] = CFrame.new(4.0279701352119446e-08, 0, 4.842877388000488e-08, 0.9998251795768738, 0.018574144691228867, -0.002175044035539031, -0.016835341230034828, 0.8433264493942261, -0.5371379256248474, -0.008142510429024696, 0.5370805859565735, 0.8434916734695435),
            ["LowerTorso"] = CFrame.new(-0.006586285308003426, -0.2377547025680542, -0.0984879657626152, 0.9787684082984924, 0.04894883930683136, -0.19903883337974548, -0.05750080570578575, 0.9976442456245422, -0.03741200268268585, 0.19673866033554077, 0.04806257784366608, 0.9792772531509399),
            ["RightLowerLeg"] = CFrame.new(-7.450580596923828e-09, -0.000003635883331298828, -0.000013364646292757243, 1, -3.667080363811692e-07, -1.7834828724971885e-07, 3.457533921391587e-07, 0.3679170608520508, 0.9298584461212158, -2.7171327587893757e-07, -0.9298586249351501, 0.36791756749153137),
            ["LeftUpperLeg"] = CFrame.new(0, 3.166496753692627e-07, -7.450580596923828e-09, 0.9629856944084167, 0.03033442609012127, 0.2678401470184326, 0.06430485099554062, 0.9391053915023804, -0.3375591039657593, -0.2617698609828949, 0.34228792786598206, 0.9023943543434143),
            ["LeftLowerLeg"] = CFrame.new(-1.6763806343078613e-08, 0.000003933906555175781, 0.000013396143913269043, 1, 1.0058285937475375e-07, 6.146728281919422e-08, -1.3271345267185097e-07, 0.5707604885101318, 0.8211166858673096, 4.2375173592290594e-08, -0.8211166858673096, 0.5707603693008423),
        }},
        {Time = 0.025, Data = {
            ["RightFoot"] = CFrame.new(7.450580596923828e-09, 4.172325134277344e-07, 9.145878721028566e-09, 0.9945824146270752, -0.1032029539346695, -0.012456418015062809, 0.09324020892381668, 0.938646137714386, -0.33203843235969543, 0.04595944285392761, 0.3290784955024719, 0.9431837201118469),
            ["LeftLowerArm"] = CFrame.new(-1.7881393432617188e-07, 2.384185791015625e-07, 0, 1, -8.195636524988004e-08, 7.450579886381092e-08, 8.940695295223122e-08, 0.45802637934684753, -0.8889385461807251, 2.9802318834981634e-08, 0.8889385461807251, 0.4580264091491699),
            ["RightUpperArm"] = CFrame.new(0, 8.344650268554688e-07, -4.470348358154297e-08, 0.8490185141563416, -0.46392422914505005, 0.25286754965782166, 0.3489527106285095, 0.8517006039619446, 0.3909450173377991, -0.39673641324043274, -0.2436807006597519, 0.8849971890449524),
            ["Head"] = CFrame.new(-5.774199962615967e-08, -3.5762786865234375e-07, -1.341104507446289e-07, 0.9727980494499207, -0.13193917274475098, 0.1904100924730301, 0.14888088405132294, 0.9858105182647705, -0.07753793150186539, -0.17747794091701508, 0.10377714782953262, 0.9786378145217896),
            ["RightHand"] = CFrame.new(-4.470348358154297e-07, 0, 2.086162567138672e-07, 0.9911403059959412, -0.12114483118057251, -0.054450228810310364, 0.12615714967250824, 0.9868854880332947, 0.10070490092039108, 0.041536252945661545, -0.1066819578409195, 0.9934252500534058),
            ["UpperTorso"] = CFrame.new(-6.28642737865448e-08, 2.682209014892578e-07, 1.1059455573558807e-08, 0.9969214200973511, -0.06544413417577744, 0.043184515088796616, 0.05131542310118675, 0.9610039591789246, 0.27173206210136414, -0.0592837817966938, -0.2686794698238373, 0.9614035487174988),
            ["HumanoidRootPart"] = CFrame.new(0, 0, 0, 1, 0, 0, 0, 1, 0, 0, 0, 1),
            ["RightUpperLeg"] = CFrame.new(-5.960464477539063e-08, -1.0622898116707802e-07, 2.9613147489726543e-09, 0.9750072956085205, -0.1700098067522049, -0.14302991330623627, 0.04888055473566055, 0.7921504378318787, -0.6083652973175049, 0.21672937273979187, 0.5861692428588867, 0.7806625962257385),
            ["LeftUpperArm"] = CFrame.new(5.960464477539063e-08, 9.5367431640625e-07, -1.1920928955078125e-07, 0.9662868976593018, 0.24312736093997955, -0.0847276896238327, -0.19663271307945251, 0.9093047976493835, 0.3667430281639099, 0.16620860993862152, -0.33771875500679016, 0.9264560341835022),
            ["RightLowerArm"] = CFrame.new(-6.854534149169922e-07, 7.748603820800781e-07, -4.210742190480232e-07, 1, -8.195637946073475e-08, 7.4505797087454084e-09, 8.940699558479537e-08, 0.4355872869491577, -0.9001465439796448, 5.215408194203519e-08, 0.9001465439796448, 0.4355872869491577),
            ["LeftHand"] = CFrame.new(-8.940696716308594e-08, -1.1920928955078125e-07, -1.1920928955078125e-07, 0.9949703812599182, 0.061756595969200134, 0.07886853069067001, -0.0631924420595169, 0.9978756904602051, 0.015838993713259697, -0.07772276550531387, -0.020743170753121376, 0.9967591762542725),
            ["LeftFoot"] = CFrame.new(-2.991873770952225e-08, 0, -5.587935447692871e-09, 0.9996464252471924, 0.026207029819488525, -0.004498624242842197, -0.024842314422130585, 0.860133945941925, -0.5094631910324097, -0.009481958113610744, 0.5093945860862732, 0.8604807257652283),
            ["LowerTorso"] = CFrame.new(-0.013864869251847267, -0.23661696910858154, -0.09618514776229858, 0.9742963314056396, 0.04449937492609024, -0.22083161771297455, -0.05778048560023308, 0.9968652129173279, -0.05404765531420708, 0.21773429214954376, 0.06541818380355835, 0.9738132357597351),
            ["RightLowerLeg"] = CFrame.new(1.0058283805847168e-07, -0.0000036954879760742188, -0.0000130070184241049, 1, -1.4528630742915993e-07, -1.3783578367565497e-07, 1.5646214990283625e-07, 0.32891491055488586, 0.9443596005439758, -1.3876703519599687e-07, -0.9443596601486206, 0.3289150595664978),
            ["LeftUpperLeg"] = CFrame.new(2.9802322387695312e-08, -1.210719347000122e-08, 7.450580596923828e-09, 0.9586332440376282, 0.03834329545497894, 0.2820499539375305, 0.06102551519870758, 0.9401600360870361, -0.33522388339042664, -0.2780257761478424, 0.33856910467147827, 0.898928701877594),
            ["LeftLowerLeg"] = CFrame.new(1.0617077350616455e-07, 0.000004172325134277344, 0.000013263896107673645, 1, 2.0116564769523393e-07, 7.078048724906694e-08, -1.7927959561347961e-07, 0.5512865781784058, 0.8343161940574646, 8.195638656616211e-08, -0.8343159556388855, 0.5512862801551819),
        }},
        {Time = 0.038, Data = {
            ["RightFoot"] = CFrame.new(5.8673322200775146e-08, 2.980232238769531e-07, -4.300818545743823e-08, 0.9878931641578674, -0.15072591602802277, -0.036725785583257675, 0.1362883299589157, 0.9562975168228149, -0.25869008898735046, 0.07411202788352966, 0.2505530118942261, 0.9652620553970337),
            ["LeftLowerArm"] = CFrame.new(5.960464477539063e-08, -9.5367431640625e-07, -5.960464477539063e-08, 1, -8.195640788244418e-08, 7.450580596923828e-08, 8.940698137394065e-08, 0.32077309489250183, -0.9471560716629028, 4.4703490686970326e-08, 0.9471561312675476, 0.32077306509017944),
            ["RightUpperArm"] = CFrame.new(-1.1920928955078125e-07, 2.384185791015625e-07, 4.470348358154297e-08, 0.8291510343551636, -0.4964905381202698, 0.25691601634025574, 0.3928344249725342, 0.8444560170173645, 0.3641086518764496, -0.3977307379245758, -0.20097555220127106, 0.8952202200889587),
            ["Head"] = CFrame.new(-5.774199962615967e-08, -3.5762786865234375e-07, -1.2479722499847412e-07, 0.9728697538375854, -0.12849299609661102, 0.1923903524875641, 0.14718948304653168, 0.9853439331054688, -0.0862121507525444, -0.17849305272102356, 0.11219107359647751, 0.9775241017341614),
            ["RightHand"] = CFrame.new(8.940696716308594e-08, -5.960464477539063e-08, 5.662441253662109e-07, 0.984859049320221, -0.13288703560829163, -0.11132757365703583, 0.14675197005271912, 0.9809439182281494, 0.1273299753665924, 0.09228566288948059, -0.14173950254917145, 0.9855928421020508),
            ["UpperTorso"] = CFrame.new(-6.612390279769897e-08, -1.7881393432617188e-07, 9.66247171163559e-09, 0.9967101216316223, -0.06760291010141373, 0.0447087436914444, 0.05056840553879738, 0.9497823119163513, 0.3087986707687378, -0.06333921104669571, -0.3055219054222107, 0.9500761032104492),
            ["HumanoidRootPart"] = CFrame.new(0, 0, 0, 1, 0, 0, 0, 1, 0, 0, 0, 1),
            ["RightUpperLeg"] = CFrame.new(0, 5.122274160385132e-09, 2.8107024263590574e-08, 0.9771961569786072, -0.15983814001083374, -0.13978351652622223, 0.0323292501270771, 0.7626254558563232, -0.64603191614151, 0.20986303687095642, 0.6267808675765991, 0.7504021525382996),
            ["LeftUpperArm"] = CFrame.new(-1.1920928955078125e-07, 5.960464477539062e-07, -1.4901161193847656e-08, 0.9700604677200317, 0.2356797605752945, -0.05863342061638832, -0.20053544640541077, 0.9134824872016907, 0.3540271818637848, 0.13699764013290405, -0.3316696584224701, 0.9333953857421875),
            ["RightLowerArm"] = CFrame.new(-5.364418029785156e-07, 2.980232238769531e-07, -1.5366822481155396e-07, 1, -4.097817907222634e-08, 1.4901162970204496e-08, 1.043081283569336e-07, 0.29446402192115784, -0.9556626677513123, 7.450580596923828e-08, 0.9556625485420227, 0.29446402192115784),
            ["LeftHand"] = CFrame.new(2.384185791015625e-07, 1.7881393432617188e-07, 0, 0.9882515668869019, 0.06417802721261978, 0.1387089639902115, -0.06411324441432953, 0.9979304075241089, -0.0049399868585169315, -0.1387389451265335, -0.0040110815316438675, 0.9903208613395691),
            ["LeftFoot"] = CFrame.new(1.6763806343078613e-08, -5.960464477539063e-08, 2.0489096641540527e-08, 0.9995244741439819, 0.03017192706465721, -0.006369361188262701, -0.02972317859530449, 0.8876399993896484, -0.4595782458782196, -0.00821264274418354, 0.45954859256744385, 0.8881143927574158),
            ["LowerTorso"] = CFrame.new(-0.021458692848682404, -0.22795498371124268, -0.09253036975860596, 0.9673420190811157, 0.03656461089849472, -0.2508235573768616, -0.05660070478916168, 0.995714545249939, -0.07313638925552368, 0.2470744550228119, 0.08494468778371811, 0.9652661085128784),
            ["RightLowerLeg"] = CFrame.new(0, -0.0000037550926208496094, -0.000013394448615144938, 1, -4.172326271145721e-07, -3.185124626270408e-07, 4.1164463482346036e-07, 0.2780606150627136, 0.9605636596679688, -2.79396800806353e-07, -0.9605635404586792, 0.27806055545806885),
            ["LeftUpperLeg"] = CFrame.new(0, 8.195638656616211e-08, 2.9802322387695312e-08, 0.9539737701416016, 0.050558608025312424, 0.2955976128578186, 0.05296318233013153, 0.941788375377655, -0.3320084810256958, -0.29517632722854614, 0.332383394241333, 0.8957635760307312),
            ["LeftLowerLeg"] = CFrame.new(-1.0803341865539551e-07, 0.0000036954879760742188, 0.000013198703527450562, 1, -1.1734670124496915e-07, -4.00468671557519e-08, 9.472388740050519e-08, 0.5379835367202759, 0.8429557681083679, -7.264316792543468e-08, -0.842955470085144, 0.5379829406738281),
        }},
        {Time = 0.050, Data = {
            ["RightFoot"] = CFrame.new(-2.421438694000244e-08, 2.980232238769531e-07, 3.894820110872388e-08, 0.9789796471595764, -0.19013595581054688, -0.07380645722150803, 0.17573553323745728, 0.9700124859809875, -0.1679074466228485, 0.10351856797933578, 0.15140770375728607, 0.9830360412597656),
            ["LeftLowerArm"] = CFrame.new(-2.980232238769531e-07, -4.76837158203125e-07, -2.9802322387695312e-08, 1, -1.3411042232291948e-07, 9.685752644372769e-08, 1.1920927533992653e-07, 0.17622803151607513, -0.9843493700027466, 2.9802318834981634e-08, 0.9843493700027466, 0.17622806131839752),
            ["RightUpperArm"] = CFrame.new(1.1920928955078125e-07, 1.1920928955078125e-07, -1.1920928955078125e-07, 0.8033102750778198, -0.5352566242218018, 0.26113784313201904, 0.447269082069397, 0.8317261338233948, 0.32891032099723816, -0.39324653148651123, -0.14741820096969604, 0.9075379371643066),
            ["Head"] = CFrame.new(-5.727633833885193e-08, 0, -1.0617077350616455e-07, 0.9721538424491882, -0.12708233296871185, 0.19689317047595978, 0.1477215737104416, 0.9845616221427917, -0.09389709681272507, -0.18192079663276672, 0.12036775797605515, 0.9759182929992676),
            ["RightHand"] = CFrame.new(3.427267074584961e-07, -5.960464477539063e-08, 3.5762786865234375e-07, 0.9780036211013794, -0.14439621567726135, -0.15052825212478638, 0.16686472296714783, 0.9746221899986267, 0.14922448992729187, 0.12516076862812042, -0.1710599660873413, 0.9772785305976868),
            ["UpperTorso"] = CFrame.new(-5.4016709327697754e-08, -2.086162567138672e-07, -3.725290298461914e-08, 0.9964904189109802, -0.06802792102098465, 0.048775967210531235, 0.04678582772612572, 0.9358205199241638, 0.34935808181762695, -0.06941168755292892, -0.3458499312400818, 0.9357189536094666),
            ["HumanoidRootPart"] = CFrame.new(0, 0, 0, 1, 0, 0, 0, 1, 0, 0, 0, 1),
            ["RightUpperLeg"] = CFrame.new(5.960464477539063e-08, -2.9336661100387573e-07, -9.145878721028566e-09, 0.9812036752700806, -0.14152593910694122, -0.13118664920330048, 0.01123750489205122, 0.7205609083175659, -0.693300724029541, 0.19264794886112213, 0.678794801235199, 0.7086071968078613),
            ["LeftUpperArm"] = CFrame.new(-2.384185791015625e-07, 1.1920928955078125e-07, -1.4901161193847656e-08, 0.9725846648216248, 0.22929254174232483, -0.03878329321742058, -0.20469307899475098, 0.9232401251792908, 0.32515907287597656, 0.11036287248134613, -0.3083059787750244, 0.9448637962341309),
            ["RightLowerArm"] = CFrame.new(2.384185791015625e-07, 4.76837158203125e-07, -4.284083843231201e-07, 1, -7.450577754752885e-08, 8.940693874137651e-08, 1.1920930376163597e-07, 0.1264408677816391, -0.9919741153717041, 6.705523247774181e-08, 0.9919741749763489, 0.12644080817699432),
            ["LeftHand"] = CFrame.new(5.960464477539063e-08, 1.7881393432617188e-07, 0, 0.981283962726593, 0.06743646413087845, 0.18037202954292297, -0.06377037614583969, 0.9976245164871216, -0.026053596287965775, -0.18170051276683807, 0.01406366378068924, 0.9832533597946167),
            ["LeftFoot"] = CFrame.new(-2.176966518163681e-08, 5.960464477539063e-08, 5.471520125865936e-08, 0.9994538426399231, 0.03209753707051277, -0.007862931117415428, -0.03256337717175484, 0.9160050749778748, -0.3998430371284485, -0.005631432868540287, 0.3998804986476898, 0.9165499806404114),
            ["LowerTorso"] = CFrame.new(-0.029377026483416557, -0.2146826982498169, -0.08705080300569534, 0.9571557641029358, 0.025464072823524475, -0.2884517312049866, -0.05509302020072937, 0.9939450621604919, -0.09506866335868835, 0.2842843234539032, 0.10688719898462296, 0.9527631402015686),
            ["RightLowerLeg"] = CFrame.new(-2.9802322387695312e-08, -0.000003874301910400391, -0.000013543460227083415, 1, -2.793967439629341e-07, -2.607703493140434e-07, 3.3527609843986284e-07, 0.21827739477157593, 0.9758867621421814, -3.1664964694755326e-07, -0.9758867621421814, 0.21827757358551025),
            ["LeftUpperLeg"] = CFrame.new(2.9802322387695312e-08, -4.461035132408142e-07, -5.960464477539063e-08, 0.9498262405395508, 0.06289491057395935, 0.3063894510269165, 0.04146232828497887, 0.9456103444099426, -0.32264843583106995, -0.31001803278923035, 0.31916356086730957, 0.8955576419830322),
            ["LeftLowerLeg"] = CFrame.new(-4.470348358154297e-08, 0.000003874301910400391, 0.000013306736946105957, 1, 4.377218587592324e-08, -4.423782229423523e-08, 3.81842291119483e-08, 0.533806324005127, 0.8456069827079773, -4.284084198502569e-08, -0.845606803894043, 0.5338059663772583),
        }},
        {Time = 0.062, Data = {
            ["RightFoot"] = CFrame.new(-1.4901161193847656e-08, 3.5762786865234375e-07, 3.894820110872388e-08, 0.9688153862953186, -0.21567699313163757, -0.12198463082313538, 0.2089531272649765, 0.9757221341133118, -0.06561246514320374, 0.13317419588565826, 0.03807738795876503, 0.9903609752655029),
            ["LeftLowerArm"] = CFrame.new(-7.152557373046875e-07, 5.960464477539062e-07, 3.2782554626464844e-07, 1, -5.2154071283894154e-08, 1.1920931797249068e-07, 7.4505820180093e-08, 0.038326505571603775, -0.9992653727531433, 8.195640788244418e-08, 0.9992653727531433, 0.038326509296894073),
            ["RightUpperArm"] = CFrame.new(-1.1920928955078125e-07, 3.5762786865234375e-07, 1.4901161193847656e-08, 0.7704488039016724, -0.5796247124671936, 0.26541271805763245, 0.5164122581481934, 0.8115630745887756, 0.27328333258628845, -0.37380096316337585, -0.07348842918872833, 0.9245930910110474),
            ["Head"] = CFrame.new(-4.284083843231201e-08, -2.384185791015625e-07, -1.3783574104309082e-07, 0.9700257778167725, -0.1287316083908081, 0.20610244572162628, 0.15202312171459198, 0.9831598401069641, -0.1014183908700943, -0.18957585096359253, 0.1297108232975006, 0.9732605218887329),
            ["RightHand"] = CFrame.new(-2.2351741790771484e-07, 5.960464477539063e-08, 4.917383193969727e-07, 0.9770456552505493, -0.14677339792251587, -0.15439976751804352, 0.17158600687980652, 0.9717501997947693, 0.162048801779747, 0.12625357508659363, -0.1848219633102417, 0.9746286273002625),
            ["UpperTorso"] = CFrame.new(-4.842877388000488e-08, -3.8743019104003906e-07, 2.7008354663848877e-08, 0.9962418675422668, -0.06615760922431946, 0.05590406060218811, 0.03875304386019707, 0.9176891446113586, 0.3954046666622162, -0.07746154814958572, -0.3917522132396698, 0.9168041348457336),
            ["HumanoidRootPart"] = CFrame.new(0, 0, 0, 1, 0, 0, 0, 1, 0, 0, 0, 1),
            ["RightUpperLeg"] = CFrame.new(-2.9802322387695312e-08, 2.421438694000244e-08, 1.3205863069742918e-08, 0.9866510629653931, -0.1131642758846283, -0.11710476130247116, -0.012608288787305355, 0.6638601422309875, -0.7477506995201111, 0.1623598337173462, 0.7392453551292419, 0.6535711884498596),
            ["LeftUpperArm"] = CFrame.new(-1.1920928955078125e-07, 3.5762786865234375e-07, 1.4901161193847656e-08, 0.9723780751228333, 0.2315426617860794, -0.029477788135409355, -0.21586033701896667, 0.9401066303253174, 0.2638254761695862, 0.0887991338968277, -0.25017496943473816, 0.9641199111938477),
            ["RightLowerArm"] = CFrame.new(-1.1920928955078125e-07, 5.960464477539062e-07, -7.450580596923828e-08, 1, -1.1920923270736239e-07, 7.450579886381092e-08, 2.980233304583635e-08, -0.06195374205708504, -0.9980790615081787, 9.685758328714655e-08, 0.9980790615081787, -0.061953701078891754),
            ["LeftHand"] = CFrame.new(2.9802322387695312e-08, 3.5762786865234375e-07, 1.7881393432617188e-07, 0.9802134037017822, 0.06599461287260056, 0.1866183876991272, -0.058877132833004, 0.9973199367523193, -0.0434342622756958, -0.18898458778858185, 0.03158721327781677, 0.9814718961715698),
            ["LeftFoot"] = CFrame.new(-4.190951585769653e-09, -1.1920928955078125e-07, -3.5390257835388184e-08, 0.9995052218437195, 0.029958738014101982, -0.009590322151780128, -0.031439997255802155, 0.9416092038154602, -0.3352370858192444, -0.0010130021255463362, 0.33537229895591736, 0.9420849680900574),
            ["LowerTorso"] = CFrame.new(-0.0375794991850853, -0.20028173923492432, -0.0797918289899826, 0.9431800246238708, 0.01170020829886198, -0.33207622170448303, -0.054765403270721436, 0.9911863803863525, -0.12062457948923111, 0.32773810625076294, 0.13195697963237762, 0.9355079531669617),
            ["RightLowerLeg"] = CFrame.new(4.470348358154297e-08, -0.0000040531158447265625, -0.000013409349776338786, 1, -7.4505797087454084e-09, -5.960465898624534e-08, 1.378357268322361e-07, 0.1496705412864685, 0.9887359738349915, 1.4901159417490817e-08, -0.9887359738349915, 0.14967069029808044),
            ["LeftUpperLeg"] = CFrame.new(0, 2.337619662284851e-07, 0, 0.9468167424201965, 0.07375606894493103, 0.3132062256336212, 0.027489157393574715, 0.9512761235237122, -0.307112455368042, -0.32059696316719055, 0.2993890345096588, 0.8986567258834839),
            ["LeftLowerLeg"] = CFrame.new(5.21540641784668e-08, 0.0000036954879760742188, 0.000013331882655620575, 1, 2.2351753159455257e-07, 1.0151414642223244e-07, -2.1373853087425232e-07, 0.5354059934616089, 0.8445951342582703, 1.6065314412117004e-07, -0.8445948362350464, 0.5354055166244507),
        }},
        {Time = 0.075, Data = {
            ["RightFoot"] = CFrame.new(3.725290298461914e-09, 3.5762786865234375e-07, -2.8107024263590574e-08, 0.9587256908416748, -0.2229449599981308, -0.17646750807762146, 0.23399131000041962, 0.9712330102920532, 0.04421260952949524, 0.16153399646282196, -0.08367956429719925, 0.9833130836486816),
            ["LeftLowerArm"] = CFrame.new(-5.960464477539063e-08, 0, 8.940696716308594e-08, 1, -1.2665987014770508e-07, 8.940698847936801e-08, 1.192093321833454e-07, -0.07219448685646057, -0.9973905682563782, 9.685758328714655e-08, 0.9973905682563782, -0.07219448685646057),
            ["RightUpperArm"] = CFrame.new(-2.384185791015625e-07, 4.76837158203125e-07, 7.450580596923828e-09, 0.7436286211013794, -0.6096674799919128, 0.27444854378700256, 0.5841917395591736, 0.7921311259269714, 0.17677198350429535, -0.3251713216304779, 0.028877809643745422, 0.9452141523361206),
            ["Head"] = CFrame.new(-6.705522537231445e-08, -1.1920928955078125e-07, -2.3096799850463867e-07, 0.9667019844055176, -0.13111889362335205, 0.21976149082183838, 0.15925727784633636, 0.9804486632347107, -0.11557527631521225, -0.20031075179576874, 0.14672550559043884, 0.9686832427978516),
            ["RightHand"] = CFrame.new(-1.4901161193847656e-07, 1.7881393432617188e-07, -5.960464477539063e-08, 0.985793948173523, -0.11547669768333435, -0.12196505814790726, 0.13347788155078888, 0.9793951511383057, 0.15155485272407532, 0.10195096582174301, -0.16568145155906677, 0.9808953404426575),
            ["UpperTorso"] = CFrame.new(-7.729977369308472e-08, -2.384185791015625e-07, 2.60770320892334e-08, 0.9957460761070251, -0.06931675970554352, 0.06070404499769211, 0.03493274003267288, 0.8936415314674377, 0.4474198520183563, -0.08526135236024857, -0.4433959722518921, 0.8922614455223083),
            ["HumanoidRootPart"] = CFrame.new(0, 0, 0, 1, 0, 0, 0, 1, 0, 0, 0, 1),
            ["RightUpperLeg"] = CFrame.new(0, -2.814922481775284e-07, -9.145878721028566e-09, 0.9925153851509094, -0.07267005741596222, -0.09814395755529404, -0.03632081300020218, 0.5916406512260437, -0.8053834438323975, 0.11659324169158936, 0.8029199242591858, 0.5845729112625122),
            ["LeftUpperArm"] = CFrame.new(0, 4.76837158203125e-07, -3.5762786865234375e-07, 0.9644275307655334, 0.2624850571155548, -0.03132379800081253, -0.254263699054718, 0.9535189270973206, 0.16171464323997498, 0.0723155066370964, -0.14799752831459045, 0.9863404035568237),
            ["RightLowerArm"] = CFrame.new(8.940696716308594e-07, 0.0000013709068298339844, -5.457550287246704e-07, 1, -6.705519695060502e-08, 1.0058282384761696e-07, 4.470347647611561e-08, -0.2038397639989853, -0.9790042638778687, 8.288770203535023e-08, 0.9790042638778687, -0.2038397341966629),
            ["LeftHand"] = CFrame.new(5.960464477539063e-08, 3.5762786865234375e-07, -1.4901161193847656e-07, 0.9866505861282349, 0.045122284442186356, 0.15647587180137634, -0.03939644619822502, 0.998442530632019, -0.03950412943959236, -0.15801475942134857, 0.03281218186020851, 0.9868914484977722),
            ["LeftFoot"] = CFrame.new(-2.0954757928848267e-09, 0, 2.2351741790771484e-08, 0.9995901584625244, 0.02617723122239113, -0.011590600945055485, -0.02838279865682125, 0.959082841873169, -0.28169944882392883, 0.0037421430461108685, 0.28191274404525757, 0.9594327807426453),
            ["LowerTorso"] = CFrame.new(-0.04594186693429947, -0.18784654140472412, -0.07175365090370178, 0.9252159595489502, -0.004059574566781521, -0.3794192671775818, -0.05740020424127579, 0.9869377017021179, -0.15053042769432068, 0.37507420778274536, 0.1610519140958786, 0.9128974676132202),
            ["RightLowerLeg"] = CFrame.new(4.470348358154297e-08, -0.000003635883331298828, -0.000013409349776338786, 1, -1.564622067462551e-07, -1.8253926725719793e-07, 1.2293457984924316e-07, 0.0749678686261177, 0.9971859455108643, -1.7881393432617188e-07, -0.9971859455108643, 0.07496818155050278),
            ["LeftUpperLeg"] = CFrame.new(-5.960464477539063e-08, -2.246815711259842e-07, 2.9802322387695312e-08, 0.9458045363426208, 0.0779527872800827, 0.3152416944503784, 0.013884453102946281, 0.960165798664093, -0.2790861427783966, -0.3244397044181824, 0.26833778619766235, 0.9070467352867126),
            ["LeftLowerLeg"] = CFrame.new(5.587935447692871e-09, 0.000003993511199951172, 0.000013297423720359802, 1, 9.499492392706088e-08, 2.980232594040899e-08, -7.962808723505077e-08, 0.5438464879989624, 0.8391849398612976, 4.423782673512733e-09, -0.8391847014427185, 0.5438463091850281),
        }},
        {Time = 0.087, Data = {
            ["RightFoot"] = CFrame.new(-4.470348358154297e-08, 4.172325134277344e-07, 4.639878170564771e-08, 0.9503439664840698, -0.20948977768421173, -0.23013174533843994, 0.2494823932647705, 0.9549013376235962, 0.1610034555196762, 0.18602435290813446, -0.21042248606681824, 0.9597486257553101),
            ["LeftLowerArm"] = CFrame.new(1.4901161193847656e-07, 8.344650268554688e-07, 2.980232238769531e-07, 1, -9.313227877782992e-08, 8.940696716308594e-08, 5.960465188081798e-08, -0.1643604189157486, -0.9864003658294678, 8.940698137394065e-08, 0.9864004254341125, -0.1643604040145874),
            ["RightUpperArm"] = CFrame.new(-1.7881393432617188e-07, 2.384185791015625e-07, -8.195638656616211e-08, 0.7261309623718262, -0.6203451752662659, 0.2964893877506256, 0.639169454574585, 0.7679509520530701, 0.041397515684366226, -0.2533700168132782, 0.15944692492485046, 0.9541385769844055),
            ["Head"] = CFrame.new(-1.862645149230957e-08, 2.384185791015625e-07, -1.9744038581848145e-07, 0.9626731276512146, -0.13204099237918854, 0.23627471923828125, 0.16744528710842133, 0.9763728976249695, -0.13659465312957764, -0.21265609562397003, 0.1710590422153473, 0.9620375633239746),
            ["RightHand"] = CFrame.new(5.21540641784668e-08, -5.960464477539063e-08, 1.6391277313232422e-07, 0.9957053065299988, -0.05742674693465233, -0.07261703908443451, 0.06649886071681976, 0.9893584847450256, 0.1294136345386505, 0.06441254913806915, -0.13368673622608185, 0.9889281392097473),
            ["UpperTorso"] = CFrame.new(-1.0756775736808777e-07, -1.7881393432617188e-07, -1.5832483768463135e-08, 0.9949139356613159, -0.07945576310157776, 0.06191211938858032, 0.03750012069940567, 0.8626280426979065, 0.504446804523468, -0.09348829835653305, -0.4995594620704651, 0.8612202405929565),
            ["HumanoidRootPart"] = CFrame.new(0, 0, 0, 1, 0, 0, 0, 1, 0, 0, 0, 1),
            ["RightUpperLeg"] = CFrame.new(-2.9802322387695312e-08, 4.842877388000488e-08, 1.3205863069742918e-08, 0.9969428777694702, -0.018224123865365982, -0.07597890496253967, -0.056400150060653687, 0.5051254034042358, -0.8612012267112732, 0.05407360568642616, 0.8628535866737366, 0.5025531649589539),
            ["LeftUpperArm"] = CFrame.new(-1.1920928955078125e-07, 5.960464477539062e-07, -1.7881393432617188e-07, 0.9494560360908508, 0.30992311239242554, -0.04980919510126114, -0.3083382546901703, 0.950555145740509, 0.037047259509563446, 0.05882815271615982, -0.01981670968234539, 0.9980714321136475),
            ["RightLowerArm"] = CFrame.new(3.5762786865234375e-07, 0.0000010728836059570312, -4.842877388000488e-07, 1, -1.0058278832048018e-07, 1.6810368208552973e-07, 7.078051567077637e-08, -0.2901928722858429, -0.9569681882858276, 1.0617077350616455e-07, 0.9569681882858276, -0.2901928424835205),
            ["LeftHand"] = CFrame.new(1.7881393432617188e-07, 1.7881393432617188e-07, -7.450580596923828e-09, 0.9939610362052917, 0.011241472326219082, 0.1091567873954773, -0.008057789877057076, 0.9995304942131042, -0.029563505202531815, -0.10943782329559326, 0.02850540354847908, 0.9935848712921143),
            ["LeftFoot"] = CFrame.new(5.762558430433273e-09, 5.960464477539063e-08, 3.3527612686157227e-08, 0.9996539354324341, 0.022629082202911377, -0.013413681648671627, -0.025239720940589905, 0.968773603439331, -0.24665910005569458, 0.007413060404360294, 0.24691219627857208, 0.969009518623352),
            ["LowerTorso"] = CFrame.new(-0.05430129915475845, -0.1795593500137329, -0.06433086097240448, 0.9035027623176575, -0.021468713879585266, -0.42804431915283203, -0.06436517089605331, 0.980620265007019, -0.18504342436790466, 0.423721581697464, 0.19473838806152344, 0.8846112489700317),
            ["RightLowerLeg"] = CFrame.new(4.470348358154297e-08, -0.0000034570693969726562, -0.000013454053259920329, 1, -2.3841852225814364e-07, -1.8253919620292436e-07, 1.7508864402770996e-07, 0.000503070536069572, 0.9999998807907104, -9.685754776000977e-08, -0.9999998807907104, 0.0005031003965996206),
            ["LeftUpperLeg"] = CFrame.new(8.940696716308594e-08, 2.421438694000244e-08, -1.4901161193847656e-08, 0.9467558264732361, 0.07318614423274994, 0.3135239779949188, 0.0033184767235070467, 0.9715501666069031, -0.23681074380874634, -0.3219355046749115, 0.2252422571182251, 0.919577956199646),
            ["LeftLowerLeg"] = CFrame.new(9.406358003616333e-08, 0.000004112720489501953, 0.000013288110494613647, 1, 3.783499025189485e-08, 3.81842291119483e-08, -5.587936158235607e-08, 0.556607186794281, 0.8307759761810303, 6.280607323105869e-08, -0.830775797367096, 0.5566071271896362),
        }},
        {Time = 0.100, Data = {
            ["RightFoot"] = CFrame.new(7.450580596923828e-09, 2.980232238769531e-07, 1.6596459317952394e-08, 0.9455093145370483, -0.17554253339767456, -0.27422040700912476, 0.25447019934654236, 0.9238138794898987, 0.2860294282436371, 0.20311838388442993, -0.3402245342731476, 0.9181450605392456),
            ["LeftLowerArm"] = CFrame.new(-1.7881393432617188e-07, 4.172325134277344e-07, 1.7881393432617188e-07, 1, -1.0523946514240379e-07, 8.195637946073475e-08, 3.72529100900465e-08, -0.23898570239543915, -0.9710230827331543, 1.3411047916633834e-07, 0.9710232019424438, -0.23898568749427795),
            ["RightUpperArm"] = CFrame.new(-2.980232238769531e-07, 4.76837158203125e-07, 2.4400651454925537e-07, 0.7212677001953125, -0.6079750657081604, 0.33187249302864075, 0.6727539896965027, 0.7289280295372009, -0.12675221264362335, -0.16484898328781128, 0.3146907091140747, 0.9347698092460632),
            ["Head"] = CFrame.new(-9.12696123123169e-08, 0, -8.568167686462402e-08, 0.9583278894424438, -0.12938836216926575, 0.2546890079975128, 0.17498299479484558, 0.9705908894538879, -0.1653306782245636, -0.2258070409297943, 0.20300725102424622, 0.952785074710846),
            ["RightHand"] = CFrame.new(-4.544854164123535e-07, -5.960464477539063e-08, -1.1920928955078125e-07, 0.999792754650116, 0.014222372323274612, -0.014571774750947952, -0.012624083086848259, 0.9944502711296082, 0.10444750636816025, 0.015976419672369957, -0.10424189269542694, 0.9944236278533936),
            ["UpperTorso"] = CFrame.new(-1.4901161193847656e-08, -4.76837158203125e-07, -2.7939677238464355e-08, 0.993559718132019, -0.0974583849310875, 0.057800859212875366, 0.04783659800887108, 0.823203444480896, 0.565727710723877, -0.10271680355072021, -0.5593191981315613, 0.822563886642456),
            ["HumanoidRootPart"] = CFrame.new(0, 0, 0, 1, 0, 0, 0, 1, 0, 0, 0, 1),
            ["RightUpperLeg"] = CFrame.new(5.960464477539063e-08, 1.862645149230957e-08, -4.639878170564771e-08, 0.9973395466804504, 0.04973416030406952, -0.053295399993658066, -0.06898663192987442, 0.4077276885509491, -0.9104939699172974, -0.023552721366286278, 0.9117481112480164, 0.4100736081600189),
            ["LeftUpperArm"] = CFrame.new(-3.5762786865234375e-07, 7.152557373046875e-07, -2.9802322387695312e-08, 0.9279025793075562, 0.36259782314300537, -0.08671606332063675, -0.37002792954444885, 0.9241155385971069, -0.09534073621034622, 0.04556530714035034, 0.12055428326129913, 0.991660475730896),
            ["RightLowerArm"] = CFrame.new(8.344650268554688e-07, 0.0000017285346984863281, -7.450580596923828e-09, 1, -7.450579175838357e-08, 9.872017159295865e-08, 9.499491682163352e-08, -0.3180428445339203, -0.9480763673782349, 1.005828522693264e-07, 0.9480763673782349, -0.3180428445339203),
            ["LeftHand"] = CFrame.new(-1.1920928955078125e-07, 3.5762786865234375e-07, -1.1920928955078125e-07, 0.9981575012207031, -0.029127266258001328, 0.05322848632931709, 0.030709141865372658, 0.9991034269332886, -0.02914523333311081, -0.05233187973499298, 0.030726131051778793, 0.9981570243835449),
            ["LeftFoot"] = CFrame.new(4.307366907596588e-08, -1.1920928955078125e-07, 7.450580596923828e-09, 0.9996724724769592, 0.021249881014227867, -0.014267029240727425, -0.024009017273783684, 0.97170090675354, -0.23499172925949097, 0.008869625627994537, 0.23525705933570862, 0.971892774105072),
