return {
    ["Spread Your Wings"] = {
        {Time = 0.000, Data = {
            ["RightFoot"] = CFrame.new(4.400499165058136e-08, 4.76837158203125e-07, -1.5068508218973875e-08, 0.9939906597137451, 0.013087024912238121, -0.1086801066994667, -0.02862533926963806, 0.9893559813499451, -0.14267192780971527, 0.105656199157238, 0.14492598176002502, 0.9837852716445923),
            ["LeftLowerArm"] = CFrame.new(-4.172325134277344e-07, 2.980232238769531e-07, -7.450580596923828e-08, 1, -7.450579175838357e-08, 0, 7.450580596923828e-08, 0.39465227723121643, -0.9188306331634521, 5.960464477539063e-08, 0.9188305735588074, 0.39465218782424927),
            ["LeftFoot"] = CFrame.new(4.470348358154297e-08, 5.960464477539063e-08, 1.1175870895385742e-08, 0.9897952079772949, -0.13170698285102844, -0.054395005106925964, 0.11060238629579544, 0.9507616758346558, -0.28951549530029297, 0.08984798938035965, 0.2805449366569519, 0.9556265473365784),
            ["Head"] = CFrame.new(6.705522537231445e-08, 1.1920928955078125e-07, 4.0978193283081055e-08, 0.8804519176483154, -0.13246096670627594, -0.4552569091320038, 0.0794157013297081, 0.987817645072937, -0.1338265985250473, 0.46743741631507874, 0.08167345076799393, 0.8802452683448792),
            ["LowerTorso"] = CFrame.new(0.13703550398349762, -0.06534481048583984, -0.24952661991119385, 0.9713528752326965, -0.09367839992046356, -0.21839916706085205, 0.10106699913740158, 0.9946165084838867, 0.02288295142352581, 0.21507976949214935, -0.04430036246776581, 0.9755911827087402),
            ["UpperTorso"] = CFrame.new(1.4901161193847656e-08, 2.9802322387695312e-08, -7.450580596923828e-09, 0.9862833619117737, -0.16180329024791718, 0.03263420611619949, 0.16192051768302917, 0.986803412437439, -0.0009642057120800018, -0.032047517597675323, 0.006235125474631786, 0.9994669556617737),
            ["HumanoidRootPart"] = CFrame.new(0, 0, 0, 1, 0, 0, 0, 1, 0, 0, 0, 1),
            ["RightUpperLeg"] = CFrame.new(1.1920928955078125e-07, 4.1443854570388794e-08, 2.0656443666666746e-08, 0.9924356937408447, 0.09422500431537628, -0.07869597524404526, -0.0871233269572258, 0.9921901226043701, 0.08926507830619812, 0.08649240434169769, -0.08173380047082901, 0.9928941130638123),
            ["LeftUpperArm"] = CFrame.new(1.7881393432617188e-07, 2.384185791015625e-07, 2.2351741790771484e-08, 0.3871609568595886, 0.7878787517547607, 0.47890862822532654, -0.7885468602180481, 0.5521208047866821, -0.2708441913127899, -0.4778077006340027, -0.2727815806865692, 0.8350389003753662),
            ["RightLowerArm"] = CFrame.new(5.960464477539063e-08, -1.1920928955078125e-07, 1.8998980522155762e-07, 1, 9.313223614526578e-08, 0, 7.450580596923828e-09, 0.9774022102355957, -0.21138843894004822, 1.862645149230957e-08, 0.21138840913772583, 0.9774021506309509),
            ["LeftHand"] = CFrame.new(-1.7881393432617188e-07, 5.960464477539063e-08, 1.1920928955078125e-07, 0.8933528661727905, 0.3407655954360962, 0.2929161787033081, -0.26835328340530396, 0.9274319410324097, -0.2604926824569702, -0.360426664352417, 0.15410687029361725, 0.9199694395065308),
            ["RightHand"] = CFrame.new(-5.285255610942841e-07, 1.7881393432617188e-07, 3.166496753692627e-08, 0.5610893368721008, -0.34596607089042664, -0.751988410949707, 0.06699562072753906, 0.9244669079780579, -0.3753296732902527, 0.8250396847724915, 0.16021345555782318, 0.5418866276741028),
            ["RightUpperArm"] = CFrame.new(3.5762786865234375e-07, 4.76837158203125e-07, 4.470348358154297e-08, -0.3936308026313782, -0.9090569615364075, 0.1366395652294159, 0.8285210132598877, -0.41522690653800964, -0.3756856322288513, 0.3982560336589813, -0.034672677516937256, 0.9166187644004822),
            ["RightLowerLeg"] = CFrame.new(7.450580596923828e-09, 2.384185791015625e-07, 1.6596459317952394e-08, 1, -2.7939677238464355e-09, -2.4214401150857157e-08, 9.31322685637781e-10, 0.9999870657920837, 0.0050910767167806625, 3.14321413341645e-09, -0.00509108928963542, 0.9999870657920837),
            ["LeftUpperLeg"] = CFrame.new(0, -6.891787052154541e-08, 0, 0.9322356581687927, 0.3185305595397949, 0.17168308794498444, -0.2280745953321457, 0.8855859637260437, -0.404622882604599, -0.28092485666275024, 0.3380472660064697, 0.8982234597206116),
            ["LeftLowerLeg"] = CFrame.new(-5.21540641784668e-08, -5.960464477539063e-08, 8.055940270423889e-08, 1, 6.33299421792799e-08, 3.35276340024393e-08, -5.401671643312511e-08, 0.7602107524871826, 0.6496769189834595, 1.769513069405093e-08, -0.6496766209602356, 0.7602105140686035),
        }},
        {Time = 0.017, Data = {
            ["RightFoot"] = CFrame.new(-3.527384251356125e-08, 2.384185791015625e-07, -7.617927622050047e-09, 0.9951527714729309, -0.0007625420694239438, -0.09833875298500061, -0.013820064254105091, 0.9889620542526245, -0.1475227028131485, 0.09736566245555878, 0.14816701412200928, 0.9841578006744385),
            ["LeftLowerArm"] = CFrame.new(-5.364418029785156e-07, 3.5762786865234375e-07, 8.940696716308594e-08, 1, -1.7881393432617188e-07, 1.3411042232291948e-07, 6.70552182668871e-08, 0.35674673318862915, -0.9342011213302612, 9.685753354915505e-08, 0.934201180934906, 0.3567468523979187),
            ["LeftFoot"] = CFrame.new(7.450580596923828e-09, -1.7881393432617188e-07, 7.078051567077637e-08, 0.9881805181503296, -0.14379481971263885, -0.05312717705965042, 0.12233802676200867, 0.9485839605331421, -0.2919279932975769, 0.09237334132194519, 0.28197813034057617, 0.9549636840820312),
            ["Head"] = CFrame.new(7.450580596923828e-09, 3.5762786865234375e-07, 4.0978193283081055e-08, 0.8752303719520569, -0.13559632003307343, -0.46431198716163635, 0.08452876657247543, 0.9880095720291138, -0.12919805943965912, 0.4762633740901947, 0.07383041083812714, 0.8761976361274719),
            ["LowerTorso"] = CFrame.new(0.1567295491695404, -0.07136654853820801, -0.24577577412128448, 0.9731453061103821, -0.09783140569925308, -0.2083684802055359, 0.10434485971927643, 0.9943305253982544, 0.02047313190996647, 0.2051842361688614, -0.04166550934314728, 0.9778360724449158),
            ["UpperTorso"] = CFrame.new(1.4901161193847656e-08, 2.9802322387695312e-08, -5.587935447692871e-09, 0.9865946769714355, -0.16004273295402527, 0.03189515322446823, 0.16019576787948608, 0.9870826601982117, -0.0022847463842481375, -0.031117470934987068, 0.007363585755228996, 0.9994885921478271),
            ["HumanoidRootPart"] = CFrame.new(0, 0, 0, 1, 0, 0, 0, 1, 0, 0, 0, 1),
            ["RightUpperLeg"] = CFrame.new(0, 2.062879502773285e-07, 2.8107024263590574e-08, 0.9892627000808716, 0.11017682403326035, -0.09602373093366623, -0.10060375928878784, 0.9899477362632751, 0.09941007941961288, 0.10601125657558441, -0.08868250995874405, 0.9904025793075562),
            ["LeftUpperArm"] = CFrame.new(-1.1920928955078125e-07, 7.152557373046875e-07, 2.2351741790771484e-08, 0.40918585658073425, 0.7671319246292114, 0.4940401017665863, -0.7603589296340942, 0.5859842300415039, -0.28013738989830017, -0.5044018626213074, -0.26101943850517273, 0.8230718970298767),
            ["RightLowerArm"] = CFrame.new(-1.7881393432617188e-07, 5.960464477539063e-08, -3.725290298461914e-09, 1, 9.965152969471092e-08, 7.450580596923828e-09, 0, 0.9774611592292786, -0.21111533045768738, -3.725290298461914e-09, 0.21111536026000977, 0.9774612188339233),
            ["LeftHand"] = CFrame.new(4.172325134277344e-07, 1.1920928955078125e-07, -1.4901161193847656e-07, 0.8873568773269653, 0.34720057249069214, 0.303396999835968, -0.2724197804927826, 0.9256640076637268, -0.26255226135253906, -0.37200185656547546, 0.15032604336738586, 0.9159784913063049),
            ["RightHand"] = CFrame.new(-4.5727938413619995e-07, 1.7881393432617188e-07, 2.9802322387695312e-08, 0.5627304315567017, -0.3668183386325836, -0.7407961487770081, 0.09229161590337753, 0.9184290766716003, -0.3846692144870758, 0.8214722871780396, 0.1480957418680191, 0.5506820678710938),
            ["RightUpperArm"] = CFrame.new(-1.1920928955078125e-07, 8.344650268554688e-07, 2.2351741790771484e-08, -0.3933742940425873, -0.9095828533172607, 0.13384932279586792, 0.8268795013427734, -0.4136701822280884, -0.3809821605682373, 0.4019041955471039, -0.03919139876961708, 0.9148425459861755),
            ["RightLowerLeg"] = CFrame.new(9.778887033462524e-09, 1.1920928955078125e-07, -3.55576048605144e-08, 1, 1.862645149230957e-09, -4.9127283574534886e-08, 1.3969840839678227e-09, 0.9999870657920837, 0.00508776493370533, -3.2596294552433847e-09, -0.005087762139737606, 0.9999871253967285),
            ["LeftUpperLeg"] = CFrame.new(0, 7.450580596923828e-09, 5.587935447692871e-08, 0.9317891597747803, 0.3301577866077423, 0.15088078379631042, -0.24409350752830505, 0.8775234222412109, -0.4127601981163025, -0.2686775326728821, 0.3477763831615448, 0.8982560634613037),
            ["LeftLowerLeg"] = CFrame.new(7.450580596923828e-09, -1.7881393432617188e-07, -1.7038473743014038e-08, 1, 4.284083843231201e-08, 1.862645504502325e-08, -6.332993507385254e-08, 0.7499021291732788, 0.661548912525177, 1.3616954674944282e-08, -0.6615487933158875, 0.7499021291732788),
        }},
        {Time = 0.033, Data = {
            ["RightFoot"] = CFrame.new(2.3283064365386963e-10, 4.172325134277344e-07, 5.420588422566652e-09, 0.9961056113243103, -0.013938180170953274, -0.08706007897853851, 0.0005844426923431456, 0.9884476661682129, -0.15156158804893494, 0.08816686272621155, 0.15092073380947113, 0.9846063256263733),
            ["LeftLowerArm"] = CFrame.new(2.384185791015625e-07, -1.1920928955078125e-07, -5.960464477539063e-08, 1, -1.4156101713069802e-07, -1.4901157641133977e-08, 1.4901162970204496e-08, 0.31854674220085144, -0.9479072690010071, 1.1920930376163597e-07, 0.9479071497917175, 0.3185463845729828),
            ["LeftFoot"] = CFrame.new(-4.0978193283081055e-08, 0, 1.4901161193847656e-08, 0.986405611038208, -0.15589287877082825, -0.051974888890981674, 0.13403910398483276, 0.9462574124336243, -0.294330358505249, 0.0950656533241272, 0.283362478017807, 0.9542894959449768),
            ["Head"] = CFrame.new(3.725290298461914e-09, 2.384185791015625e-07, -2.2351741790771484e-08, 0.8699004054069519, -0.138655886054039, -0.4733370840549469, 0.08966529369354248, 0.9881383180618286, -0.1246708333492279, 0.4850088655948639, 0.06600932031869888, 0.8720145225524902),
            ["LowerTorso"] = CFrame.new(0.17620791494846344, -0.07738685607910156, -0.2422284185886383, 0.974876344203949, -0.10215101391077042, -0.19794315099716187, 0.10780274868011475, 0.9940101504325867, 0.01796075329184532, 0.1949227899312973, -0.03884832561016083, 0.9800489544868469),
            ["UpperTorso"] = CFrame.new(-5.960464477539063e-08, -8.940696716308594e-08, 2.2351741790771484e-08, 0.9869030714035034, -0.15828149020671844, 0.0311335027217865, 0.15846885740756989, 0.9873573780059814, -0.0036296602338552475, -0.03016538918018341, 0.008515818975865841, 0.9995086789131165),
            ["HumanoidRootPart"] = CFrame.new(0, 0, 0, 1, 0, 0, 0, 1, 0, 0, 0, 1),
            ["RightUpperLeg"] = CFrame.new(0, -1.578591763973236e-07, -9.145878721028566e-09, 0.9854140877723694, 0.1271538883447647, -0.1130979135632515, -0.11476019769906998, 0.9872754812240601, 0.11007793992757797, 0.12565569579601288, -0.09549333155155182, 0.987467348575592),
            ["LeftUpperArm"] = CFrame.new(1.1920928955078125e-07, 3.5762786865234375e-07, -8.940696716308594e-08, 0.4300476610660553, 0.7451371550559998, 0.5097348690032959, -0.7308332920074463, 0.6188154816627502, -0.28801095485687256, -0.5300393104553223, -0.248672753572464, 0.8106911182403564),
            ["RightLowerArm"] = CFrame.new(-2.9802322387695312e-08, -4.172325134277344e-07, -1.4156103134155273e-07, 1, 1.6763801014008095e-08, -5.960465898624534e-08, -3.725290653733282e-08, 0.9775919914245605, -0.21050862967967987, -1.1175872671742582e-08, 0.21050851047039032, 0.9775921106338501),
            ["LeftHand"] = CFrame.new(-2.384185791015625e-07, 1.1920928955078125e-07, 5.960464477539063e-08, 0.8812775611877441, 0.3534829914569855, 0.3136877119541168, -0.2763184905052185, 0.9238710403442383, -0.2647833526134491, -0.3834032416343689, 0.1466701626777649, 0.9118607044219971),
            ["RightHand"] = CFrame.new(1.7415732145309448e-07, 3.5762786865234375e-07, 2.9802322387695312e-08, 0.5636152029037476, -0.3877698481082916, -0.7293646335601807, 0.11714459955692291, 0.9115652441978455, -0.3941139280796051, 0.8176888823509216, 0.13668766617774963, 0.5591971278190613),
            ["RightUpperArm"] = CFrame.new(1.1920928955078125e-07, 5.960464477539062e-07, 3.725290298461914e-08, -0.3931315839290619, -0.9100669622421265, 0.13124620914459229, 0.8252286314964294, -0.4121720790863037, -0.3861503005027771, 0.4055185914039612, -0.04349977895617485, 0.913051187992096),
            ["RightLowerLeg"] = CFrame.new(-2.9802322387695312e-08, 1.7881393432617188e-07, 1.6952981241047382e-09, 1, -2.7939683899802503e-09, -4.755566962444391e-08, 6.05359673500061e-09, 0.9999870657920837, 0.00508385943248868, -8.614733815193176e-09, -0.005083888303488493, 0.9999870657920837),
            ["LeftUpperLeg"] = CFrame.new(0, 1.0617077350616455e-07, 7.450580596923828e-09, 0.9307615756988525, 0.34168148040771484, 0.13014113903045654, -0.26033443212509155, 0.8692460656166077, -0.42028242349624634, -0.256727397441864, 0.3573024570941925, 0.8980122804641724),
            ["LeftLowerLeg"] = CFrame.new(-1.862645149230957e-08, -1.1920928955078125e-07, 5.145557224750519e-08, 1, 4.0978196835794733e-08, 1.8626458597736928e-08, -4.6566128730773926e-08, 0.7394146919250488, 0.6732504367828369, 1.955777406692505e-08, -0.6732502579689026, 0.7394145131111145),
        }},
        {Time = 0.050, Data = {
            ["RightFoot"] = CFrame.new(-9.778887033462524e-09, 4.172325134277344e-07, 1.287116901949048e-08, 0.9968376159667969, -0.026259645819664, -0.07500195503234863, 0.01434092503041029, 0.9877731800079346, -0.15523682534694672, 0.07816125452518463, 0.15367035567760468, 0.9850260019302368),
            ["LeftLowerArm"] = CFrame.new(2.9802322387695312e-08, 5.960464477539063e-08, -1.1175870895385742e-07, 1, -1.7136333951839333e-07, 1.4901161193847656e-07, 1.1175870895385742e-07, 0.2800690829753876, -0.9599799513816833, 1.7136335372924805e-07, 0.9599798917770386, 0.2800690531730652),
            ["LeftFoot"] = CFrame.new(-2.9802322387695312e-08, 1.1920928955078125e-07, 3.725290298461914e-08, 0.9844747185707092, -0.16800321638584137, -0.05083701014518738, 0.1457376331090927, 0.9437831044197083, -0.2967055141925812, 0.09782665967941284, 0.2846902012825012, 0.9536149501800537),
            ["Head"] = CFrame.new(1.7881393432617188e-07, -1.1920928955078125e-07, 0, 0.8644672632217407, -0.14169900119304657, -0.4823046326637268, 0.09489311277866364, 0.9881985783576965, -0.12024503946304321, 0.4936513602733612, 0.05818062275648117, 0.86771160364151),
            ["LowerTorso"] = CFrame.new(0.19589576125144958, -0.08340871334075928, -0.23847153782844543, 0.9764560461044312, -0.10640112310647964, -0.18765023350715637, 0.11125541478395462, 0.9936710000038147, 0.015498433262109756, 0.18481352925300598, -0.036010634154081345, 0.9821137189865112),
            ["UpperTorso"] = CFrame.new(0, 1.1920928955078125e-07, -2.0489096641540527e-08, 0.9872080087661743, -0.15651899576187134, 0.030367650091648102, 0.1567385494709015, 0.9876276850700378, -0.0049774544313549995, -0.02921285107731819, 0.009673552587628365, 0.9995264410972595),
            ["HumanoidRootPart"] = CFrame.new(0, 0, 0, 1, 0, 0, 0, 1, 0, 0, 0, 1),
            ["RightUpperLeg"] = CFrame.new(1.1920928955078125e-07, 3.4924596548080444e-08, -3.149762051180005e-08, 0.9808715581893921, 0.14506618678569794, -0.1297953575849533, -0.12951117753982544, 0.9841422438621521, 0.12120591104030609, 0.14532001316547394, -0.10207755118608475, 0.9841048717498779),
            ["LeftUpperArm"] = CFrame.new(4.172325134277344e-07, -1.1920928955078125e-07, 5.21540641784668e-08, 0.44967883825302124, 0.7219368815422058, 0.5259239673614502, -0.7000734210014343, 0.650546669960022, -0.29442548751831055, -0.554694652557373, -0.2357884645462036, 0.7979458570480347),
            ["RightLowerArm"] = CFrame.new(0, -2.980232238769531e-07, 2.2351741790771484e-08, 1, -4.1909512304982854e-08, 0, -4.0978193283081055e-08, 0.9777970314025879, -0.209554061293602, 5.587935447692871e-08, 0.20955413579940796, 0.9777970910072327),
            ["LeftHand"] = CFrame.new(2.9802322387695312e-08, 0, 1.7881393432617188e-07, 0.8751605749130249, 0.3596167266368866, 0.32368165254592896, -0.28007397055625916, 0.9220531582832336, -0.2671639025211334, -0.394528329372406, 0.14315643906593323, 0.9076638221740723),
            ["RightHand"] = CFrame.new(2.2165477275848389e-07, -2.980232238769531e-07, 7.450580596923828e-09, 0.5637664794921875, -0.4088011085987091, -0.7176693677902222, 0.14152006804943085, 0.9038798213005066, -0.4036995768547058, 0.8137195706367493, 0.12602755427360535, 0.5674304962158203),
            ["RightUpperArm"] = CFrame.new(1.1920928955078125e-07, 0, 1.4901161193847656e-08, -0.39291536808013916, -0.9105055928230286, 0.12883028388023376, 0.823561429977417, -0.4107472598552704, -0.3911949098110199, 0.40910184383392334, -0.04760679230093956, 0.911246120929718),
            ["RightLowerLeg"] = CFrame.new(-6.705522537231445e-08, 1.1920928955078125e-07, 1.6952981241047382e-09, 1, -5.58793811222813e-09, -1.862645149230957e-09, 0, 0.9999871850013733, 0.005079464986920357, -2.2817406630792902e-08, -0.00507947476580739, 0.9999871850013733),
            ["LeftUpperLeg"] = CFrame.new(0, 2.0023435354232788e-07, 2.2351741790771484e-08, 0.9291576743125916, 0.35309889912605286, 0.10948595404624939, -0.27677732706069946, 0.8607722520828247, -0.4271599054336548, -0.24507218599319458, 0.36659568548202515, 0.8975229263305664),
            ["LeftLowerLeg"] = CFrame.new(1.862645149230957e-08, 1.7881393432617188e-07, 8.89413058757782e-08, 1, 5.215408194203519e-08, 1.8626458597736928e-08, -5.02914261346632e-08, 0.7287758588790894, 0.6847524642944336, 2.6077035641947077e-08, -0.6847524046897888, 0.7287757992744446),
        }},
        {Time = 0.067, Data = {
            ["RightFoot"] = CFrame.new(2.0023435354232788e-08, 4.76837158203125e-07, -1.3205863069742918e-08, 0.9973452091217041, -0.03769421949982643, -0.0623043067753315, 0.02275938354432583, 0.9740922451019287, -0.22500324249267578, 0.06917143613100052, 0.22298796474933624, 0.972364068031311),
            ["LeftLowerArm"] = CFrame.new(2.086162567138672e-07, -2.980232238769531e-07, -1.564621925354004e-07, 1, -1.0058283805847168e-07, 2.9802322387695312e-08, 1.1920928955078125e-07, 0.24133718013763428, -0.9704413414001465, 1.1175870895385742e-07, 0.9704413414001465, 0.2413371205329895),
            ["LeftFoot"] = CFrame.new(2.9802322387695312e-08, -5.960464477539063e-08, 7.450580596923828e-09, 0.9823817014694214, -0.18012043833732605, -0.04982777684926987, 0.15739405155181885, 0.9411630630493164, -0.29906412959098816, 0.100763700902462, 0.28595253825187683, 0.9529311656951904),
            ["Head"] = CFrame.new(8.940696716308594e-08, 2.384185791015625e-07, 1.862645149230957e-08, 0.858927309513092, -0.14470450580120087, -0.49122756719589233, 0.1002059131860733, 0.9881949424743652, -0.11588627845048904, 0.502197802066803, 0.050314076244831085, 0.8632879257202148),
            ["LowerTorso"] = CFrame.new(0.2153840810060501, -0.08942914009094238, -0.23479023575782776, 0.9779461026191711, -0.11058656126260757, -0.17717808485031128, 0.1146778017282486, 0.9933178424835205, 0.012987533584237099, 0.1745579093694687, -0.033019501715898514, 0.9840931296348572),
            ["UpperTorso"] = CFrame.new(0, -2.9802322387695312e-08, -1.862645149230957e-09, 0.9875091314315796, -0.15475663542747498, 0.02959839440882206, 0.15500643849372864, 0.987893283367157, -0.00632447749376297, -0.02826129086315632, 0.010833400301635265, 0.9995418787002563),
            ["HumanoidRootPart"] = CFrame.new(0, 0, 0, 1, 0, 0, 0, 1, 0, 0, 0, 1),
            ["RightUpperLeg"] = CFrame.new(0, 6.658956408500671e-08, 5.75528247281909e-09, 0.9756289720535278, 0.15222018957138062, -0.15804152190685272, -0.1447993516921997, 0.987787663936615, 0.0575215220451355, 0.1648673266172409, -0.033235423266887665, 0.9857556819915771),
            ["LeftUpperArm"] = CFrame.new(3.5762786865234375e-07, 4.76837158203125e-07, 1.1175870895385742e-08, 0.4680173397064209, 0.697584867477417, 0.542526364326477, -0.6682264804840088, 0.68109530210495, -0.2993037700653076, -0.5783019661903381, -0.22245118021965027, 0.7849093079566956),
            ["RightLowerArm"] = CFrame.new(-8.940696716308594e-08, -6.556510925292969e-07, -1.6391277313232422e-07, 1, -4.470347292340193e-08, 2.980232594040899e-08, 0, 0.9780625104904175, -0.2083120197057724, 3.7252898543727042e-09, 0.20831194519996643, 0.9780624508857727),
            ["LeftHand"] = CFrame.new(-2.9802322387695312e-08, 0, -1.1920928955078125e-07, 0.8689976930618286, 0.36564335227012634, 0.3333887457847595, -0.28371891379356384, 0.9201996326446533, -0.26969653367996216, -0.4053969383239746, 0.139776811003685, 0.9033912420272827),
            ["RightHand"] = CFrame.new(3.0174851417541504e-07, -2.980232238769531e-07, -5.587935447692871e-08, 0.5632011890411377, -0.42987361550331116, -0.7057006359100342, 0.16541403532028198, 0.8953934907913208, -0.41341105103492737, 0.8095941543579102, 0.11610084772109985, 0.575393795967102),
            ["RightUpperArm"] = CFrame.new(1.1920928955078125e-07, 5.960464477539062e-07, 1.4901161193847656e-08, -0.39272749423980713, -0.9109023213386536, 0.1265787035226822, 0.82187420129776, -0.40939053893089294, -0.39613425731658936, 0.41265976428985596, -0.05154099687933922, 0.9094259142875671),
            ["RightLowerLeg"] = CFrame.new(7.078051567077637e-08, 2.384185791015625e-07, -2.8107024263590574e-08, 1, -1.4901168299275014e-08, 2.2351741790771484e-08, 2.0489098417897367e-08, 0.9888789057731628, 0.1487235426902771, 3.0617233193197535e-08, -0.14872369170188904, 0.9888788461685181),
            ["LeftUpperLeg"] = CFrame.new(0, -3.259629011154175e-08, -5.587935447692871e-09, 0.9269821047782898, 0.36441531777381897, 0.08891448378562927, -0.2934039533138275, 0.8520960211753845, -0.43341273069381714, -0.23370592296123505, 0.37567785382270813, 0.8967986106872559),
            ["LeftLowerLeg"] = CFrame.new(6.332993507385254e-08, -1.7881393432617188e-07, -4.842877388000488e-08, 1, 6.332994928470725e-08, 3.3527616238870905e-08, -7.823108916227284e-08, 0.7179785370826721, 0.6960652470588684, 2.0489094865183688e-08, -0.6960653066635132, 0.7179785370826721),
        }},
        {Time = 0.083, Data = {
            ["RightFoot"] = CFrame.new(1.862645149230957e-09, 3.5762786865234375e-07, -1.3205863069742918e-08, 0.9972007274627686, -0.04762420803308487, -0.057642459869384766, 0.030185524374246597, 0.9617191553115845, -0.2723695933818817, 0.0684073194861412, 0.2698674201965332, 0.9604645371437073),
            ["LeftLowerArm"] = CFrame.new(-2.9802322387695312e-08, 2.384185791015625e-07, 6.705522537231445e-08, 1, -2.067535831429268e-07, 1.639127589214695e-07, 1.0058282384761696e-07, 0.22315239906311035, -0.9747835397720337, 2.2351738238057806e-08, 0.9747835397720337, 0.22315241396427155),
            ["LeftFoot"] = CFrame.new(3.91155481338501e-08, -5.960464477539063e-08, 6.705522537231445e-08, 0.9771570563316345, -0.20465467870235443, -0.05727599933743477, 0.17884819209575653, 0.9374902844429016, -0.29853904247283936, 0.11479303240776062, 0.2814757823944092, 0.9526772499084473),
            ["Head"] = CFrame.new(2.2351741790771484e-08, 1.1920928955078125e-07, 7.450580596923828e-09, 0.8580957651138306, -0.14117318391799927, -0.4937022030353546, 0.09949754178524017, 0.9889550805091858, -0.10985459387302399, 0.5037577748298645, 0.04514370113611221, 0.8626645803451538),
            ["LowerTorso"] = CFrame.new(0.23168210685253143, -0.09813427925109863, -0.22952967882156372, 0.9772533178329468, -0.10984650999307632, -0.1814102679491043, 0.1130361258983612, 0.9935640096664429, 0.00730600580573082, 0.17944017052650452, -0.02764573134481907, 0.9833803772926331),
            ["UpperTorso"] = CFrame.new(1.4901161193847656e-08, 5.960464477539063e-08, 9.313225746154785e-09, 0.9863812327384949, -0.16162952780723572, 0.03046443872153759, 0.16183370351791382, 0.9868084788322449, -0.0043444326147437096, -0.029360376298427582, 0.00921541266143322, 0.9995265007019043),
            ["HumanoidRootPart"] = CFrame.new(0, 0, 0, 1, 0, 0, 0, 1, 0, 0, 0, 1),
            ["RightUpperLeg"] = CFrame.new(5.960464477539063e-08, 2.3050233721733093e-07, 2.6244379114359617e-08, 0.9742106795310974, 0.15144774317741394, -0.1672639101743698, -0.15216714143753052, 0.9883174896240234, 0.008582929149270058, 0.16660965979099274, 0.017090395092964172, 0.9858748316764832),
            ["LeftUpperArm"] = CFrame.new(-4.76837158203125e-07, 1.1920928955078125e-07, 4.284083843231201e-08, 0.4908592402935028, 0.680129885673523, 0.5445003509521484, -0.6275161504745483, 0.7095415592193604, -0.32058441638946533, -0.6043846607208252, -0.18432098627090454, 0.7750774621963501),
            ["RightLowerArm"] = CFrame.new(-1.4901161193847656e-07, -1.7881393432617188e-07, 4.470348358154297e-08, 1, -7.450578820566989e-09, -4.4703490686970326e-08, 2.2351745343485163e-08, 0.9732266068458557, -0.22984793782234192, 7.450581485102248e-09, 0.22984784841537476, 0.9732266068458557),
            ["LeftHand"] = CFrame.new(5.960464477539063e-08, 1.7881393432617188e-07, 1.341104507446289e-07, 0.8573460578918457, 0.3950515687465668, 0.32998839020729065, -0.31127750873565674, 0.9084808826446533, -0.2788705825805664, -0.4099564552307129, 0.13637042045593262, 0.901853084564209),
            ["RightHand"] = CFrame.new(-9.499490261077881e-08, 0, -5.960464477539063e-08, 0.5506768822669983, -0.46510049700737, -0.6931354403495789, 0.2104608416557312, 0.8809177279472351, -0.42389872670173645, 0.8077508211135864, 0.08755332976579666, 0.5829863548278809),
            ["RightUpperArm"] = CFrame.new(1.1920928955078125e-07, 0, -2.421438694000244e-08, -0.33959195017814636, -0.9232022166252136, 0.1799306422472, 0.7989553809165955, -0.3840811550617218, -0.4627656936645508, 0.4963342845439911, -0.01339495275169611, 0.8680282235145569),
            ["RightLowerLeg"] = CFrame.new(6.332993507385254e-08, 3.5762786865234375e-07, 2.1609594114124775e-09, 1, -1.8626458597736928e-08, -3.2596297216969106e-08, 3.259629011154175e-08, 0.9682146310806274, 0.25012078881263733, -2.727028913795948e-08, -0.25012096762657166, 0.968214750289917),
            ["LeftUpperLeg"] = CFrame.new(2.9802322387695312e-08, 2.2817403078079224e-07, 2.421438694000244e-08, 0.9212136268615723, 0.3781561255455017, 0.09145215898752213, -0.30421629548072815, 0.8466717004776001, -0.43657708168029785, -0.2425241321325302, 0.3743594288825989, 0.8950067758560181),
            ["LeftLowerLeg"] = CFrame.new(-3.725290298461914e-09, 1.7881393432617188e-07, -3.725290298461914e-08, 1, 4.097820749393577e-08, 3.72529100900465e-08, -5.587935447692871e-08, 0.7091471552848816, 0.705060601234436, 3.166496753692627e-08, -0.705060601234436, 0.7091472148895264),
        }},
        {Time = 0.100, Data = {
            ["RightFoot"] = CFrame.new(3.259629011154175e-08, 4.172325134277344e-07, -6.16346369497478e-08, 0.9970398545265198, -0.05672652646899223, -0.05190061032772064, 0.037788886576890945, 0.9494128823280334, -0.31174877285957336, 0.06695953011512756, 0.3088647425174713, 0.9487461447715759),
            ["LeftLowerArm"] = CFrame.new(-5.960464477539063e-08, -4.172325134277344e-07, -5.960464477539063e-08, 1, -1.189982583582605e-07, 1.043080928297968e-07, 1.5646217832454568e-07, 0.206543430685997, -0.9784374237060547, 8.195637946073475e-08, 0.9784374833106995, 0.20654352009296417),
            ["LeftFoot"] = CFrame.new(8.940696716308594e-08, -5.960464477539063e-08, 2.2351741790771484e-08, 0.9691124558448792, -0.24060705304145813, -0.05412210524082184, 0.2156556397676468, 0.9332420825958252, -0.2873188555240631, 0.11964000761508942, 0.2667723298072815, 0.9563047885894775),
            ["Head"] = CFrame.new(-2.9802322387695312e-08, 0, 1.210719347000122e-08, 0.8559378385543823, -0.1384073942899704, -0.4982109069824219, 0.09882569313049316, 0.989537239074707, -0.10511721670627594, 0.5075470805168152, 0.04073784127831459, 0.8606604337692261),
            ["LowerTorso"] = CFrame.new(0.24615229666233063, -0.10799264907836914, -0.22368130087852478, 0.9768905639648438, -0.10718837380409241, -0.18492071330547333, 0.10909561067819595, 0.9940312504768372, 0.0001398073072778061, 0.18380196392536163, -0.02031060867011547, 0.9827535152435303),
            ["UpperTorso"] = CFrame.new(-2.60770320892334e-08, 8.940696716308594e-08, 3.0384398996829987e-08, 0.9846453666687012, -0.1714898943901062, 0.03263136371970177, 0.17160499095916748, 0.985165536403656, -0.000740757561288774, -0.03202022612094879, 0.006329076364636421, 0.9994672536849976),
            ["HumanoidRootPart"] = CFrame.new(0, 0, 0, 1, 0, 0, 0, 1, 0, 0, 0, 1),
            ["RightUpperLeg"] = CFrame.new(1.7881393432617188e-07, 2.0745210349559784e-07, 1.4253600966185331e-08, 0.9729305505752563, 0.14838728308677673, -0.17716535925865173, -0.15618620812892914, 0.9872461557388306, -0.030838318169116974, 0.17032977938652039, 0.05767427384853363, 0.9836978316307068),
            ["LeftUpperArm"] = CFrame.new(-3.5762786865234375e-07, -2.384185791015625e-07, -2.7008354663848877e-08, 0.5117559432983398, 0.6714168787002563, 0.5360087752342224, -0.5873317122459412, 0.7287482023239136, -0.352090060710907, -0.627014696598053, -0.13463081419467926, 0.7672856450080872),
            ["RightLowerArm"] = CFrame.new(4.76837158203125e-07, -1.1920928955078125e-07, 2.9802322387695312e-08, 1, -5.21540641784668e-08, -2.9802311729554276e-08, 8.568166975919667e-08, 0.9689937829971313, -0.24708522856235504, 5.960463766996327e-08, 0.247085303068161, 0.9689937829971313),
            ["LeftHand"] = CFrame.new(1.1920928955078125e-07, 1.1920928955078125e-07, -1.4901161193847656e-08, 0.8356526494026184, 0.42614030838012695, 0.34653934836387634, -0.3376072645187378, 0.8961737155914307, -0.2879135012626648, -0.4332504868507385, 0.12360149621963501, 0.892757773399353),
            ["RightHand"] = CFrame.new(3.91155481338501e-07, -2.980232238769531e-07, 1.5273690223693848e-07, 0.5187880396842957, -0.49434396624565125, -0.6974834203720093, 0.23876437544822693, 0.8671802282333374, -0.43702432513237, 0.820884108543396, 0.06018877774477005, 0.5679142475128174),
            ["RightUpperArm"] = CFrame.new(0, -2.384185791015625e-07, -9.313225746154785e-10, -0.2690235376358032, -0.9340623617172241, 0.2348487228155136, 0.7679226994514465, -0.3551937937736511, -0.533040463924408, 0.5813097357749939, 0.036945223808288574, 0.8128432035446167),
            ["RightLowerLeg"] = CFrame.new(4.470348358154297e-08, 2.384185791015625e-07, 5.420588422566652e-09, 1, -4.8428795196286956e-08, -4.0978193283081055e-08, 4.842877388000488e-08, 0.94260573387146, 0.3339077830314636, -1.3504177331924438e-08, -0.3339081406593323, 0.9426057934761047),
            ["LeftUpperLeg"] = CFrame.new(0, 1.9371509552001953e-07, 3.7369318306446075e-08, 0.9150815010070801, 0.3905078172683716, 0.10064619034528732, -0.3102625608444214, 0.8411860466003418, -0.44288069009780884, -0.2576105296611786, 0.3740452229976654, 0.8909135460853577),
            ["LeftLowerLeg"] = CFrame.new(-4.842877388000488e-08, 1.1920928955078125e-07, -3.632158041000366e-08, 1, 6.70552680048786e-08, 2.2351741790771484e-08, -6.705523958316917e-08, 0.6946826577186584, 0.7193162441253662, 2.2351747119842003e-08, -0.7193164825439453, 0.6946827173233032),
        }},
        {Time = 0.117, Data = {
            ["RightFoot"] = CFrame.new(2.2351741790771484e-08, 2.384185791015625e-07, -2.029992174357176e-09, 0.9966733455657959, -0.06597384810447693, -0.047851212322711945, 0.0457465797662735, 0.9387751817703247, -0.34147965908050537, 0.06745017319917679, 0.33815497159957886, 0.93867027759552),
            ["LeftLowerArm"] = CFrame.new(4.172325134277344e-07, 0, 1.4901161193847656e-08, 1, -3.725290298461914e-08, 1.1175870895385742e-07, 1.0419171303510666e-07, 0.18650378286838531, -0.982454240322113, 7.450580596923828e-08, 0.982454240322113, 0.1865038424730301),
            ["LeftFoot"] = CFrame.new(-4.470348358154297e-08, 0, 2.9802322387695312e-08, 0.9634611010551453, -0.2658484876155853, -0.03267177566885948, 0.24744856357574463, 0.9301263093948364, -0.2713564932346344, 0.1025286614894867, 0.25335678458213806, 0.9619243144989014),
            ["Head"] = CFrame.new(0, 0, -4.505272954702377e-08, 0.8534758687019348, -0.13680268824100494, -0.5028558969497681, 0.09823675453662872, 0.9898641109466553, -0.10256075859069824, 0.5117895007133484, 0.03813428431749344, 0.858264148235321),
            ["LowerTorso"] = CFrame.new(0.2596014738082886, -0.11895787715911865, -0.21620327234268188, 0.9760424494743347, -0.10661303251981735, -0.1896704137325287, 0.10755588859319687, 0.9941847920417786, -0.005345703102648258, 0.18913735449314117, -0.015182538889348507, 0.981833279132843),
            ["UpperTorso"] = CFrame.new(-1.1175870895385742e-08, 8.940696716308594e-08, 1.1175870895385742e-08, 0.9835959672927856, -0.17677415907382965, 0.03591647744178772, 0.1768440306186676, 0.9842380881309509, 0.0012481953017413616, -0.035571012645959854, 0.005123899318277836, 0.9993540048599243),
            ["HumanoidRootPart"] = CFrame.new(0, 0, 0, 1, 0, 0, 0, 1, 0, 0, 0, 1),
            ["RightUpperLeg"] = CFrame.new(-2.9802322387695312e-08, -8.149072527885437e-09, -9.145878721028566e-09, 0.971657395362854, 0.1489599645137787, -0.18355624377727509, -0.16297666728496552, 0.984570324420929, -0.063718281686306, 0.17123258113861084, 0.0918276458978653, 0.9809419512748718),
            ["LeftUpperArm"] = CFrame.new(-1.1920928955078125e-07, 7.152557373046875e-07, 5.180481821298599e-09, 0.5363914370536804, 0.663205087184906, 0.521960973739624, -0.5385372638702393, 0.7451476454734802, -0.3933606743812561, -0.6498168706893921, -0.07010012865066528, 0.7568515539169312),
            ["RightLowerArm"] = CFrame.new(-2.384185791015625e-07, -1.1920928955078125e-07, 1.6391277313232422e-07, 1, -7.450581485102248e-09, 1.4901157641133977e-08, 5.122274160385132e-08, 0.9667251110076904, -0.25581756234169006, 2.9802322387695312e-08, 0.2558176815509796, 0.9667250514030457),
            ["LeftHand"] = CFrame.new(1.4901161193847656e-07, 1.1920928955078125e-07, -1.7881393432617188e-07, 0.804222583770752, 0.46478182077407837, 0.3704104721546173, -0.373403400182724, 0.88001549243927, -0.2935009002685547, -0.46238070726394653, 0.09772757440805435, 0.8812794089317322),
            ["RightHand"] = CFrame.new(2.4400651454925537e-07, -5.960464477539062e-07, -1.7508864402770996e-07, 0.46300116181373596, -0.5170038342475891, -0.7199561595916748, 0.2504936456680298, 0.8554746508598328, -0.45322883129119873, 0.8502252697944641, 0.029500965029001236, 0.5255919098854065),
            ["RightUpperArm"] = CFrame.new(0, 3.5762786865234375e-07, -4.487810656428337e-08, -0.18482166528701782, -0.9387819766998291, 0.2907392084598541, 0.7304773926734924, -0.3291333019733429, -0.598392903804779, 0.6574525237083435, 0.10178244113922119, 0.7465900182723999),
            ["RightLowerLeg"] = CFrame.new(-5.21540641784668e-08, 4.172325134277344e-07, 3.149762051180005e-08, 1, -3.3527612686157227e-08, -3.352762334429826e-08, 6.519257311765614e-08, 0.9170019030570984, 0.39888280630111694, 8.847563570668626e-09, -0.39888283610343933, 0.9170020222663879),
            ["LeftUpperLeg"] = CFrame.new(0, -2.6542693376541138e-08, -4.6566128730773926e-09, 0.9021158814430237, 0.4101717174053192, 0.1339625120162964, -0.3078770935535431, 0.8293887376785278, -0.46618252992630005, -0.3023219704627991, 0.3793066740036011, 0.8744871616363525),
            ["LeftLowerLeg"] = CFrame.new(6.705522537231445e-08, -1.1920928955078125e-07, -4.842877388000488e-08, 1, 6.705523958316917e-08, 3.725290653733282e-08, -5.587935447692871e-08, 0.6611989140510559, 0.7502106428146362, 3.166496753692627e-08, -0.750210702419281, 0.6611989140510559),
        }},
        {Time = 0.133, Data = {
            ["RightFoot"] = CFrame.new(-3.725290298461914e-09, 4.172325134277344e-07, 3.5222910810261965e-08, 0.9960018396377563, -0.0750395655632019, -0.04847072437405586, 0.052187081426382065, 0.929128885269165, -0.36605432629585266, 0.0725042074918747, 0.3620617687702179, 0.9293303489685059),
            ["LeftLowerArm"] = CFrame.new(-5.960464477539063e-08, 0, -1.043081283569336e-07, 1, -1.6018749704471702e-07, 8.940698137394065e-08, 9.685756197086448e-08, 0.16482454538345337, -0.9863229393959045, 9.685756197086448e-08, 0.9863229990005493, 0.16482451558113098),
            ["LeftFoot"] = CFrame.new(2.60770320892334e-08, 5.960464477539063e-08, -5.960464477539063e-08, 0.9563582539558411, -0.29219678044319153, -0.0002860855311155319, 0.28238436579704285, 0.9244929552078247, -0.2560703456401825, 0.07508757710456848, 0.24481429159641266, 0.9666581153869629),
            ["Head"] = CFrame.new(-1.1920928955078125e-07, -1.1920928955078125e-07, -1.862645149230957e-09, 0.8514301776885986, -0.13348817825317383, -0.5071961283683777, 0.09373008459806442, 0.9902271032333374, -0.10327161848545074, 0.5160247683525085, 0.04038909450173378, 0.8556209206581116),
            ["LowerTorso"] = CFrame.new(0.2710093855857849, -0.13053083419799805, -0.20843563973903656, 0.9748425483703613, -0.10696467757225037, -0.19555248320102692, 0.10699138045310974, 0.9942049384117126, -0.01045797299593687, 0.19553790986537933, -0.010727553628385067, 0.9806374907493591),
            ["UpperTorso"] = CFrame.new(-7.450580596923828e-09, 2.086162567138672e-07, -1.30385160446167e-08, 0.9831493496894836, -0.1782049685716629, 0.04074953868985176, 0.1781741827726364, 0.9839890599250793, 0.004415626171976328, -0.04088398814201355, 0.002919289516285062, 0.9991596937179565),
            ["HumanoidRootPart"] = CFrame.new(0, 0, 0, 1, 0, 0, 0, 1, 0, 0, 0, 1),
            ["RightUpperLeg"] = CFrame.new(5.960464477539063e-08, 2.2491440176963806e-07, -2.4047039914876223e-08, 0.9711597561836243, 0.15136298537254333, -0.18422304093837738, -0.17064058780670166, 0.9808733463287354, -0.09364419430494308, 0.16652515530586243, 0.12237925082445145, 0.9784133434295654),
            ["LeftUpperArm"] = CFrame.new(-3.5762786865234375e-07, 1.1920928955078125e-07, 1.1641532182693481e-08, 0.5703898072242737, 0.6486075520515442, 0.5039482116699219, -0.4725748896598816, 0.7609673738479614, -0.4445243775844574, -0.67180997133255, 0.015398860909044743, 0.7405635714530945),
            ["RightLowerArm"] = CFrame.new(2.384185791015625e-07, -4.172325134277344e-07, 8.940696716308594e-08, 1, -5.960464477539063e-08, -1.0430814256778831e-07, -3.539026138810186e-08, 0.9603239297866821, -0.2788870334625244, 1.4901162970204496e-08, 0.2788870334625244, 0.9603239297866821),
            ["LeftHand"] = CFrame.new(-5.960464477539063e-08, 1.1920928955078125e-07, -7.450580596923828e-08, 0.7800650596618652, 0.5104741454124451, 0.36182159185409546, -0.4211421608924866, 0.856026291847229, -0.2997634708881378, -0.4627503752708435, 0.08145651966333389, 0.8827383518218994),
            ["RightHand"] = CFrame.new(-5.878973752260208e-08, 3.5762786865234375e-07, 6.51925802230835e-08, 0.38825565576553345, -0.5381393432617188, -0.7481067776679993, 0.2562217116355896, 0.8428187966346741, -0.47329384088516235, 0.885216474533081, -0.007922247983515263, 0.46511203050613403),
            ["RightUpperArm"] = CFrame.new(-1.7881393432617188e-07, 1.1920928955078125e-07, -1.7695128917694092e-08, -0.08636023849248886, -0.9379684925079346, 0.33579328656196594, 0.6850758194923401, -0.30062639713287354, -0.6635472774505615, 0.7233346104621887, 0.17273980379104614, 0.6685416102409363),
            ["RightLowerLeg"] = CFrame.new(-1.4901161193847656e-07, 2.980232238769531e-07, -1.3205863069742918e-08, 1, -7.450580596923828e-08, -1.8626460374093767e-09, 6.519258732851085e-08, 0.891041100025177, 0.4539225995540619, -5.308539385850963e-08, -0.45392271876335144, 0.891041100025177),
