return {
    ["Spring-Loaded"] = {
        {Time = 0.000, Data = {
            ["RightFoot"] = CFrame.new(-1.5832483768463135e-08, 4.76837158203125e-07, 1.1939846444875002e-08, 0.9979962110519409, -0.06030422821640968, -0.01915910840034485, 0.05244874954223633, 0.9577898979187012, -0.28264424204826355, 0.03539448231458664, 0.28107306361198425, 0.9590335488319397),
            ["LeftLowerArm"] = CFrame.new(5.960464477539062e-07, -2.384185791015625e-07, 1.4901161193847656e-08, 1, -7.078051567077637e-08, -1.862645149230957e-09, 2.9802318834981634e-08, 0.9168537259101868, -0.3992234170436859, -8.00937343115038e-08, 0.3992234468460083, 0.9168537259101868),
            ["RightUpperArm"] = CFrame.new(-1.1920928955078125e-07, 3.5762786865234375e-07, -1.2386590242385864e-07, 0.8653761744499207, 0.20836016535758972, 0.45575228333473206, 0.4773048460483551, -0.6197596192359924, -0.6229591965675354, 0.15265700221061707, 0.7566269040107727, -0.6357764601707458),
            ["Head"] = CFrame.new(-1.9208528101444244e-09, 1.1920928955078125e-07, 1.22859091788996e-07, 0.9982052445411682, 0.05988643690943718, 0.00013624517305288464, -0.024388425052165985, 0.4085893929004669, -0.9123924374580383, -0.05469560623168945, 0.9107515811920166, 0.4093165695667267),
            ["RightHand"] = CFrame.new(-2.2351741790771484e-07, 3.5762786865234375e-07, -8.940696716308594e-08, 0.5766162276268005, 0.017131734639406204, 0.8168355226516724, -0.14455480873584747, 0.9861462116241455, 0.08136062324047089, -0.8041254878044128, -0.1649913191795349, 0.5711042881011963),
            ["UpperTorso"] = CFrame.new(-2.3283064365386963e-10, 3.2782554626464844e-07, -6.437767297029495e-08, 0.9999986290931702, -0.0002921860432252288, 0.001663250382989645, 0.0002143597521353513, 0.998913586139679, 0.04660115763545036, -0.001675059087574482, -0.046600718051195145, 0.9989122748374939),
            ["HumanoidRootPart"] = CFrame.new(0, 0, 0, 1, 0, 0, 0, 1, 0, 0, 0, 1),
            ["RightUpperLeg"] = CFrame.new(0, 7.086200639605522e-07, 4.906178219243884e-08, 0.9978943467140198, -0.0041076322086155415, -0.06473074853420258, -0.05780971050262451, 0.39620521664619446, -0.9163403511047363, 0.02941112220287323, 0.9181527495384216, 0.3951333463191986),
            ["LeftUpperArm"] = CFrame.new(1.7881393432617188e-07, 2.384185791015625e-07, -4.6333298087120056e-08, 0.7905248999595642, -0.15226297080516815, -0.5932002067565918, -0.6065208911895752, -0.32887253165245056, -0.7238613367080688, -0.08486999571323395, 0.9320186972618103, -0.35233256220817566),
            ["RightLowerArm"] = CFrame.new(4.172325134277344e-07, 3.5762786865234375e-07, -8.493661880493164e-07, 1, -9.313227167240257e-08, -3.725290653733282e-08, 1.4901164746561335e-08, 0.9586343765258789, -0.2846404016017914, -5.401672353855247e-08, 0.28464046120643616, 0.9586344361305237),
            ["LeftHand"] = CFrame.new(-1.043081283569336e-07, 5.960464477539063e-08, 3.8743019104003906e-07, 0.4570240378379822, 0.017291665077209473, -0.8892862796783447, 0.16747410595417023, 0.9802553057670593, 0.105129174888134, 0.8735454082489014, -0.19697901606559753, 0.4451042413711548),
            ["LeftFoot"] = CFrame.new(-4.551839083433151e-08, -1.1920928955078125e-07, 3.166496753692627e-08, 0.9976344704627991, 0.06548324972391129, 0.020915241912007332, -0.05708711966872215, 0.9587078094482422, -0.2786051034927368, -0.03829537704586983, 0.2767515778541565, 0.9601779580116272),
            ["LowerTorso"] = CFrame.new(-0.007454906590282917, -0.41388630867004395, 0.5056464076042175, 0.9999796748161316, 0.002940114587545395, -0.005675999913364649, -0.0019853487610816956, 0.9868831634521484, 0.16142384707927704, 0.0060761538334190845, -0.16140927374362946, 0.9868688583374023),
            ["RightLowerLeg"] = CFrame.new(7.916241884231567e-08, -0.000003635883331298828, -0.000013122502423357219, 1, 2.3562461137771606e-07, 1.8347054719924927e-07, -2.1699818830711592e-07, 0.29075443744659424, 0.9567976593971252, 2.011657045386528e-07, -0.95679771900177, 0.29075461626052856),
            ["LeftUpperLeg"] = CFrame.new(0, 5.399342626333237e-07, -4.959292709827423e-08, 0.9973233342170715, -0.0001585511927260086, 0.07311789691448212, 0.0671420469880104, 0.3979411721229553, -0.9149507880210876, -0.0289517380297184, 0.9174110293388367, 0.3968864679336548),
            ["LeftLowerLeg"] = CFrame.new(-8.381903171539307e-09, 0.000003814697265625, 0.00001329183578491211, 1, 2.337620514936134e-07, 2.048908953611317e-07, -1.7369167437664146e-07, 0.2969851791858673, 0.9548823237419128, 2.2351744632942427e-07, -0.9548820853233337, 0.29698458313941956),
        }},
        {Time = 0.033, Data = {
            ["RightFoot"] = CFrame.new(2.1420419216156006e-08, 4.172325134277344e-07, -2.2628228180110455e-09, 0.9992532730102539, -0.031494174152612686, -0.022383999079465866, 0.031571242958307266, 0.9994967579841614, 0.0030973635148257017, 0.022275250405073166, -0.003801552578806877, 0.999744713306427),
            ["LeftLowerArm"] = CFrame.new(-5.364418029785156e-07, 0.0000010728836059570312, 1.341104507446289e-07, 1, -4.4703490686970326e-08, -7.450581485102248e-09, -1.4901157641133977e-08, 0.8831771612167358, -0.4690396189689636, 2.2351736461700966e-08, 0.46903958916664124, 0.8831771612167358),
            ["RightUpperArm"] = CFrame.new(-1.7881393432617188e-07, -1.1920928955078125e-07, -9.313225746154785e-09, 0.7933745980262756, 0.011948062106966972, 0.6086166501045227, 0.40695011615753174, -0.7539621591567993, -0.5156866312026978, 0.45271244645118713, 0.6568092703819275, -0.6030365228652954),
            ["Head"] = CFrame.new(9.313225746154785e-10, -2.384185791015625e-07, -3.9282895158976316e-08, 0.9976538419723511, 0.0673128142952919, 0.01248480100184679, -0.027508746832609177, 0.5611464977264404, -0.8272593021392822, -0.06269095838069916, 0.8249749541282654, 0.5616816878318787),
            ["RightHand"] = CFrame.new(3.2782554626464844e-07, 8.940696716308594e-07, -2.9802322387695312e-08, 0.6556063890457153, -0.011469894088804722, 0.7550157308578491, 0.1649247109889984, 0.977918803691864, -0.12835365533828735, -0.7368719577789307, 0.20867027342319489, 0.6430214047431946),
            ["UpperTorso"] = CFrame.new(1.3969838619232178e-09, -5.960464477539063e-08, -2.4727341951802373e-08, 0.9999959468841553, -0.0016554358880966902, 0.002353247022256255, 0.0011368973646312952, 0.9786860346794128, 0.20535893738269806, -0.002643047599121928, -0.20535539090633392, 0.9786840081214905),
            ["HumanoidRootPart"] = CFrame.new(0, 0, 0, 1, 0, 0, 0, 1, 0, 0, 0, 1),
            ["RightUpperLeg"] = CFrame.new(-8.940696716308594e-08, -2.0023435354232788e-08, -8.644565241411328e-08, 0.9944029450416565, -0.04659876972436905, -0.09482251107692719, -0.02585221454501152, 0.7628846764564514, -0.6460174322128296, 0.10244224220514297, 0.6448531746864319, 0.7574101686477661),
            ["LeftUpperArm"] = CFrame.new(5.960464477539063e-08, -4.76837158203125e-07, -1.7695128917694092e-08, 0.17828917503356934, 0.1443498283624649, -0.9733325242996216, -0.6084710955619812, -0.761204183101654, -0.22434628009796143, -0.7732890248298645, 0.6322431564331055, -0.04788181558251381),
            ["RightLowerArm"] = CFrame.new(9.5367431640625e-07, -8.344650268554688e-07, 1.9371509552001953e-07, 1, -7.823107495141812e-08, 1.1175870895385742e-08, 4.447064227974806e-08, 0.7931682467460632, -0.6090025901794434, -1.4901157641133977e-08, 0.6090025305747986, 0.7931682467460632),
            ["LeftHand"] = CFrame.new(-7.152557373046875e-07, 0, 2.9802322387695312e-08, 0.7531511187553406, 0.46276235580444336, -0.4675622880458832, -0.5747225284576416, 0.8086863160133362, -0.12538087368011475, 0.3200896978378296, 0.36314934492111206, 0.8750230073928833),
            ["LeftFoot"] = CFrame.new(1.0710209608078003e-08, 5.960464477539063e-08, 1.4901161193847656e-08, 0.9990903735160828, 0.036404088139534, 0.022209597751498222, -0.035189684480428696, 0.9979841113090515, -0.05281650274991989, -0.02408769726753235, 0.05198712646961212, 0.9983572363853455),
            ["LowerTorso"] = CFrame.new(-0.005870913155376911, -0.3007805347442627, 0.3003769814968109, 0.9999409317970276, 0.005478445906192064, -0.009388679638504982, -0.007952213287353516, 0.9575329422950745, -0.2882142961025238, 0.0074110026471316814, 0.2882719039916992, 0.9575200080871582),
            ["RightLowerLeg"] = CFrame.new(-1.4901161193847656e-08, -0.000003874301910400391, -0.000013442877389024943, 1, 0, -4.2840859748594085e-08, 3.7252898543727042e-09, 0.24618057906627655, 0.9692239761352539, 7.4505797087454084e-09, -0.9692240357398987, 0.2461806833744049),
            ["LeftUpperLeg"] = CFrame.new(0, -1.0058283805847168e-07, -1.1548399925231934e-07, 0.9935436248779297, 0.032882269471883774, 0.10858158022165298, 0.0411841943860054, 0.787254273891449, -0.6152511835098267, -0.10571207106113434, 0.6157512068748474, 0.7808176279067993),
            ["LeftLowerLeg"] = CFrame.new(-3.725290298461914e-08, 0.000003933906555175781, 0.000013139098882675171, 1, 1.3038514623531228e-07, 1.0430811414607888e-07, -1.378357268322361e-07, 0.276959627866745, 0.9608817100524902, 1.2665985593685036e-07, -0.9608815908432007, 0.2769593894481659),
        }},
        {Time = 0.067, Data = {
            ["RightFoot"] = CFrame.new(2.421438694000244e-08, 3.5762786865234375e-07, 4.639878170564771e-08, 0.9997124671936035, 0.01691146194934845, 0.017001518979668617, -0.021636540070176125, 0.9418168067932129, 0.33542975783348083, -0.010339912958443165, -0.3357008397579193, 0.9419118762016296),
            ["LeftLowerArm"] = CFrame.new(-4.76837158203125e-07, 0, 1.341104507446289e-07, 1, -4.470347292340193e-08, 4.470348358154297e-08, 3.725290298461914e-08, 0.8100888729095459, -0.5863071084022522, 3.4924596548080444e-08, 0.5863071084022522, 0.8100888729095459),
            ["RightUpperArm"] = CFrame.new(-5.960464477539063e-08, -1.1920928955078125e-07, 1.1548399925231934e-07, 0.5389228463172913, -0.20080643892288208, 0.8180701732635498, 0.13397294282913208, -0.9383755326271057, -0.3185948133468628, 0.8316330313682556, 0.2812972366809845, -0.47880950570106506),
            ["Head"] = CFrame.new(-2.3283064365386963e-09, -2.384185791015625e-07, -1.2529926607385278e-07, 0.9966984987258911, 0.0799436941742897, 0.014183809980750084, -0.043237075209617615, 0.6704707145690918, -0.740675151348114, -0.06872212886810303, 0.7376165390014648, 0.6717137098312378),
            ["RightHand"] = CFrame.new(-4.172325134277344e-07, 5.960464477539063e-08, -1.7881393432617188e-07, 0.8763960003852844, -0.13042418658733368, 0.46359437704086304, 0.1560485064983368, 0.9876004457473755, -0.017155872657895088, -0.45560842752456665, 0.08737858384847641, 0.8858815431594849),
            ["UpperTorso"] = CFrame.new(1.7462298274040222e-09, -5.960464477539063e-08, 3.9599399315193295e-08, 0.999985933303833, -0.0026072743348777294, 0.004629544448107481, 0.0020662525203078985, 0.9935649037361145, 0.11324524879455566, -0.004895014688372612, -0.1132340058684349, 0.9935563206672668),
            ["HumanoidRootPart"] = CFrame.new(0, 0, 0, 1, 0, 0, 0, 1, 0, 0, 0, 1),
            ["RightUpperLeg"] = CFrame.new(-5.960464477539063e-08, -1.6833655536174774e-07, -2.731758286245167e-07, 0.9872856736183167, -0.07868959754705429, -0.13811227679252625, 0.08976174145936966, 0.9930707812309265, 0.07585195451974869, 0.13118650019168854, -0.0872841477394104, 0.9875078201293945),
            ["LeftUpperArm"] = CFrame.new(0, 2.384185791015625e-07, 7.450580596923828e-08, 0.48686832189559937, 0.1539192646741867, -0.8598068952560425, -0.2587779462337494, -0.9147434830665588, -0.31028762459754944, -0.8342620134353638, 0.37356826663017273, -0.4055289626121521),
            ["RightLowerArm"] = CFrame.new(3.5762786865234375e-07, 2.980232238769531e-07, -2.3096799850463867e-07, 1, -1.1920930376163597e-07, 4.4703490686970326e-08, 7.450581307466564e-08, 0.7481128573417664, -0.6635715365409851, 1.0360964530775618e-08, 0.6635715365409851, 0.7481129169464111),
            ["LeftHand"] = CFrame.new(4.172325134277344e-07, -2.384185791015625e-07, 1.1920928955078125e-07, 0.8499297499656677, 0.2817910611629486, -0.4452112913131714, -0.290099173784256, 0.955634355545044, 0.051044151186943054, 0.43984299898147583, 0.08577149361371994, 0.8939695358276367),
            ["LeftFoot"] = CFrame.new(2.7939677238464355e-09, -1.1920928955078125e-07, -3.725290298461914e-09, 0.9998497366905212, -0.013789715245366096, -0.010506466962397099, 0.015889763832092285, 0.9713018536567688, 0.23731915652751923, 0.006932282820343971, -0.23745037615299225, 0.9713749289512634),
            ["LowerTorso"] = CFrame.new(-0.004280507564544678, 0.008770227432250977, -0.0955498218536377, 0.9998815059661865, 0.004528227727860212, -0.014719762839376926, -0.012982740066945553, 0.7619668245315552, -0.6474860310554504, 0.008284008130431175, 0.6476003527641296, 0.7619352340698242),
            ["RightLowerLeg"] = CFrame.new(1.0803341865539551e-07, -0.0000036954879760742188, -0.000013655218936037272, 1, 6.705523247774181e-08, 5.960465188081798e-08, -6.891787762697277e-08, 0.5793082118034363, 0.815108597278595, 8.940698137394065e-08, -0.8151086568832397, 0.579308271408081),
            ["LeftUpperLeg"] = CFrame.new(1.1920928955078125e-07, -6.402842700481415e-08, -1.7136335372924805e-07, 0.9880723357200623, 0.041488166898489, 0.14829647541046143, -0.06471091508865356, 0.9857324957847595, 0.15538330376148224, -0.13973399996757507, -0.16312694549560547, 0.9766597151756287),
            ["LeftLowerLeg"] = CFrame.new(4.842877388000488e-08, 0.0000036954879760742188, 0.0000135079026222229, 1, -1.136213683139431e-07, -1.7695121812266734e-08, 1.0430809993522416e-07, 0.6383652091026306, 0.7697336077690125, -4.004686005032454e-08, -0.769733726978302, 0.6383652091026306),
        }},
        {Time = 0.100, Data = {
            ["RightFoot"] = CFrame.new(8.055940270423889e-08, 4.172325134277344e-07, -1.0261283023282886e-07, 0.9955480694770813, 0.024570288136601448, 0.09099660813808441, -0.09425480663776398, 0.262212336063385, 0.9603961706161499, -0.0002632793039083481, -0.9646974802017212, 0.2633609473705292),
            ["LeftLowerArm"] = CFrame.new(6.556510925292969e-07, -2.384185791015625e-07, 4.76837158203125e-07, 1, -4.470347647611561e-08, -1.4901161193847656e-08, 6.705522537231445e-08, 0.8342567086219788, -0.5513761639595032, -3.725290298461914e-08, 0.5513761639595032, 0.8342568278312683),
            ["RightUpperArm"] = CFrame.new(0, -2.384185791015625e-07, -1.1175870895385742e-07, 0.25409021973609924, -0.3861406147480011, 0.88675457239151, -0.2620016932487488, -0.910044252872467, -0.32120829820632935, 0.9310173988342285, -0.15071527659893036, -0.3324028551578522),
            ["Head"] = CFrame.new(0, -1.1920928955078125e-07, -3.5433913581073284e-09, 0.9965407252311707, 0.08300706744194031, -0.004062986932694912, -0.0377473421394825, 0.4085369110107422, -0.9119608998298645, -0.07403933256864548, 0.9089595079421997, 0.4102570116519928),
            ["RightHand"] = CFrame.new(3.2782554626464844e-07, 1.7881393432617188e-07, 2.980232238769531e-07, 0.5705092549324036, -0.26502734422683716, 0.77735435962677, 0.42381080985069275, 0.9057479500770569, -0.0022384801413863897, -0.7034938335418701, 0.33072829246520996, 0.6290588974952698),
            ["UpperTorso"] = CFrame.new(1.068110577762127e-08, 5.960464477539063e-08, 1.8536229617893696e-07, 0.9999733567237854, -0.0016262002754956484, 0.007127636112272739, 0.0029912812169641256, 0.9806130528450012, -0.19593150913715363, -0.006670830771327019, 0.19594746828079224, 0.9805917143821716),
            ["HumanoidRootPart"] = CFrame.new(0, 0, 0, 1, 0, 0, 0, 1, 0, 0, 0, 1),
            ["RightUpperLeg"] = CFrame.new(1.7881393432617188e-07, 3.910681698471308e-07, 2.531305653974414e-08, 0.9693031907081604, -0.054379429668188095, -0.2397794872522354, 0.2061745673418045, 0.7110949158668518, 0.6721876859664917, 0.13395290076732635, -0.7009900212287903, 0.7004780173301697),
            ["LeftUpperArm"] = CFrame.new(5.960464477539063e-08, -4.76837158203125e-07, 4.377216100692749e-08, 0.4277540147304535, 0.2434832751750946, -0.870483934879303, 0.1542920619249344, -0.9685710072517395, -0.19510042667388916, -0.8906293511390686, -0.05085377395153046, -0.45187774300575256),
            ["RightLowerArm"] = CFrame.new(3.5762786865234375e-07, -1.1920928955078125e-07, 0, 1, -5.960465898624534e-08, 1.4901162970204496e-08, 7.4505820180093e-08, 0.7344180345535278, -0.6786974668502808, 1.1175873559921001e-08, 0.6786975264549255, 0.7344179153442383),
            ["LeftHand"] = CFrame.new(0, 0, 5.960464477539063e-08, 0.3803147077560425, 0.1798412948846817, -0.9072032570838928, -0.41804835200309753, 0.9084119200706482, 0.004828131757676601, 0.8249826431274414, 0.37741872668266296, 0.42066481709480286),
            ["LeftFoot"] = CFrame.new(-2.468004822731018e-08, -1.1920928955078125e-07, -1.4901161193847656e-08, 0.9969128370285034, -0.0030895560048520565, -0.07845526188611984, 0.07851579040288925, 0.04210149496793747, 0.9960234761238098, 0.0002257563464809209, -0.9991085529327393, 0.04221418872475624),
            ["LowerTorso"] = CFrame.new(-0.0024674381129443645, 0.44025278091430664, -0.2826090455055237, 0.9998631477355957, 0.0007086929399520159, -0.01653430052101612, -0.014066501520574093, 0.5627467036247253, -0.8265097737312317, 0.008718881756067276, 0.8266291618347168, 0.5626795887947083),
            ["RightLowerLeg"] = CFrame.new(8.475035429000854e-08, -0.0000036954879760742188, -0.000013185832358431071, 1, -1.0244547432591844e-08, 2.2351747119842003e-08, 1.862645149230957e-09, 0.9999839067459106, 0.00567778991535306, -1.210719347000122e-08, -0.005677976179867983, 0.9999839663505554),
            ["LeftUpperLeg"] = CFrame.new(2.9802322387695312e-08, 1.5113619156181812e-07, -7.636845111846924e-08, 0.9704001545906067, 0.038164105266332626, 0.23846851289272308, -0.18743948638439178, 0.7416613101959229, 0.6440535187721252, -0.15228304266929626, -0.6696879863739014, 0.7268617153167725),
            ["LeftLowerLeg"] = CFrame.new(-2.3283064365386963e-08, 0.000003874301910400391, 0.000013239681720733643, 1, 2.1420420992512845e-08, 2.2002501154361198e-08, -7.916240996053148e-09, 0.9999843835830688, 0.005600652191787958, 2.3283062144940914e-09, -0.005600641947239637, 0.9999843835830688),
        }},
        {Time = 0.133, Data = {
            ["RightFoot"] = CFrame.new(1.4901161193847656e-08, 1.1920928955078125e-07, 1.0600342648103833e-07, 0.9856292009353638, 0.07188428193330765, 0.15286564826965332, -0.16892322897911072, 0.4218370020389557, 0.8907967209815979, -0.0004503504023887217, -0.9038175940513611, 0.42791748046875),
            ["LeftLowerArm"] = CFrame.new(1.1920928955078125e-07, 3.5762786865234375e-07, -1.7881393432617188e-07, 1, -7.4505820180093e-08, 4.470347647611561e-08, 8.940695295223122e-08, 0.44915062189102173, -0.8934561014175415, 8.940695295223122e-08, 0.8934561610221863, 0.44915059208869934),
            ["RightUpperArm"] = CFrame.new(0, 0, 1.5832483768463135e-07, 0.21946105360984802, -0.6863617300987244, 0.6933571100234985, -0.25082042813301086, -0.7264882326126099, -0.6397688388824463, 0.9428287148475647, -0.0335036963224411, -0.3315897285938263),
            ["Head"] = CFrame.new(-9.313225746154785e-10, -1.1920928955078125e-07, 1.632142812013626e-07, 0.9962506294250488, 0.08464108407497406, -0.017908215522766113, -0.03536286577582359, 0.20948274433612823, -0.9771727323532104, -0.07895749062299728, 0.9741421937942505, 0.21169045567512512),
            ["RightHand"] = CFrame.new(2.384185791015625e-07, 2.980232238769531e-07, -1.6391277313232422e-07, 0.26735004782676697, -0.5454645156860352, 0.7943503856658936, 0.4228108525276184, 0.8071668148040771, 0.4119621813297272, -0.865884006023407, 0.2257217913866043, 0.44642436504364014),
            ["UpperTorso"] = CFrame.new(0, 0, -1.210719347000122e-08, 0.9999809265136719, 0.0011180936126038432, -0.006089099682867527, -0.003795842407271266, 0.887721061706543, -0.46036601066589355, 0.004890688229352236, 0.4603802263736725, 0.8877083659172058),
            ["HumanoidRootPart"] = CFrame.new(0, 0, 0, 1, 0, 0, 0, 1, 0, 0, 0, 1),
            ["RightUpperLeg"] = CFrame.new(0, -5.820766091346741e-08, 2.395172487013042e-07, 0.9257354736328125, -0.05223914980888367, -0.374546080827713, 0.3552488088607788, 0.4597029983997345, 0.8139234781265259, 0.12966151535511017, -0.8865349888801575, 0.4441213011741638),
            ["LeftUpperArm"] = CFrame.new(1.1920928955078125e-07, 0, -3.725290298461914e-08, 0.4240345358848572, 0.519362211227417, -0.7419280409812927, 0.2273627370595932, -0.854037344455719, -0.46789583563804626, -0.8766419291496277, 0.02971726283431053, -0.48022523522377014),
            ["RightLowerArm"] = CFrame.new(-3.5762786865234375e-07, 2.980232238769531e-07, 1.1920928955078125e-07, 1, -1.0430816388407038e-07, 5.2154071283894154e-08, 8.940698137394065e-08, 0.28377023339271545, -0.958892285823822, 8.940698137394065e-08, 0.9588923454284668, 0.28377029299736023),
            ["LeftHand"] = CFrame.new(5.960464477539063e-08, 4.172325134277344e-07, 0, 0.12171109020709991, 0.3612973392009735, -0.9244731664657593, -0.420365571975708, 0.8625063896179199, 0.28173670172691345, 0.899154782295227, 0.35432615876197815, 0.2568535804748535),
            ["LeftFoot"] = CFrame.new(8.195638656616211e-08, 2.384185791015625e-07, -2.9802322387695312e-08, 0.9987877607345581, -0.01553589291870594, -0.04670900106430054, 0.04922489449381828, 0.3179759681224823, 0.9468201994895935, 0.00014252217079047114, -0.947971522808075, 0.3183547258377075),
            ["LowerTorso"] = CFrame.new(-0.0001705379254417494, 0.7997019290924072, -0.26631608605384827, 0.9998594522476196, -0.005955920554697514, -0.01567183993756771, -0.014285360462963581, 0.18662503361701965, -0.9823273420333862, 0.008775421418249607, 0.9824131727218628, 0.1865137219429016),
            ["RightLowerLeg"] = CFrame.new(5.960464477539063e-08, -0.000003635883331298828, -0.000013394448615144938, 1, -7.450586814172766e-09, 3.539026138810186e-08, 1.4528635006172408e-07, 0.9999838471412659, 0.0056946114636957645, 5.0291429687376876e-08, -0.005694667808711529, 0.9999838471412659),
            ["LeftUpperLeg"] = CFrame.new(0, 1.1338852345943451e-07, -1.0244548320770264e-07, 0.9663534164428711, 0.023959197103977203, 0.2560996115207672, -0.22505226731300354, 0.5608689785003662, 0.7967293858528137, -0.12454918771982193, -0.8275578022003174, 0.547389566898346),
            ["LeftLowerLeg"] = CFrame.new(1.4901161193847656e-08, 0.000004291534423828125, 0.000013500452041625977, 1, -5.4016709327697754e-08, 1.862645326866641e-08, 1.0058283805847168e-07, 0.9999842047691345, 0.005627170670777559, -3.725290298461914e-09, -0.005627325735986233, 0.9999842643737793),
        }},
        {Time = 0.167, Data = {
            ["RightFoot"] = CFrame.new(8.940696716308594e-08, 1.7881393432617188e-07, -7.281050784513354e-08, 0.9994186162948608, 0.020952798426151276, 0.026898730546236038, -0.03296438977122307, 0.7953558564186096, 0.6052454710006714, -0.008712627924978733, -0.6057806015014648, 0.7955843806266785),
            ["LeftLowerArm"] = CFrame.new(-2.9802322387695312e-08, 5.960464477539063e-08, -1.1920928955078125e-07, 1, -8.940698847936801e-08, 1.862645593320167e-09, 0, 0.8461177349090576, -0.5329961776733398, 2.2351745343485163e-08, 0.5329961776733398, 0.8461177349090576),
            ["RightUpperArm"] = CFrame.new(1.1920928955078125e-07, 2.384185791015625e-07, 5.587935447692871e-08, 0.4526858627796173, -0.4462248682975769, 0.7719836235046387, -0.4969654679298401, -0.8450971245765686, -0.19706910848617554, 0.7403383255004883, -0.2944389283657074, -0.6043219566345215),
            ["Head"] = CFrame.new(6.340997060760856e-09, 4.76837158203125e-07, -7.948256097733974e-08, 0.9969882369041443, 0.07399687170982361, -0.023216184228658676, -0.029712695628404617, 0.08793951570987701, -0.9956825971603394, -0.07163579016923904, 0.9933736324310303, 0.08987320214509964),
            ["RightHand"] = CFrame.new(-2.2351741790771484e-08, 0, 4.842877388000488e-08, 0.5666123032569885, -0.29792436957359314, 0.7682392597198486, 0.5207366943359375, 0.8520300388336182, -0.053649138659238815, -0.6385794878005981, 0.43044862151145935, 0.6379108428955078),
            ["UpperTorso"] = CFrame.new(6.05359673500061e-09, 2.384185791015625e-07, 1.3537282939068973e-07, 0.9999502897262573, 0.001364148803986609, -0.009884372353553772, -0.005192641168832779, 0.9170448184013367, -0.39875057339668274, 0.008520456962287426, 0.39878198504447937, 0.9170061945915222),
            ["HumanoidRootPart"] = CFrame.new(0, 0, 0, 1, 0, 0, 0, 1, 0, 0, 0, 1),
            ["RightUpperLeg"] = CFrame.new(-8.940696716308594e-08, 2.812594175338745e-07, -2.2148742573335767e-07, 0.9230304956436157, -0.1188574880361557, -0.36590662598609924, 0.3713906407356262, 0.5235204100608826, 0.7668084502220154, 0.10041876882314682, -0.8436819314956665, 0.5273681879043579),
            ["LeftUpperArm"] = CFrame.new(0, 4.76837158203125e-07, -1.3969838619232178e-08, 0.5631110072135925, 0.2838902473449707, -0.7760876417160034, 0.4104669988155365, -0.9111849069595337, -0.03548320382833481, -0.7172328233718872, -0.29857733845710754, -0.6296260356903076),
            ["RightLowerArm"] = CFrame.new(-5.960464477539063e-08, -5.960464477539063e-08, -5.364418029785156e-07, 1, -6.705523247774181e-08, 3.166496398421259e-08, 5.960463056453591e-08, 0.751980185508728, -0.6591858267784119, 0, 0.6591858267784119, 0.7519800662994385),
            ["LeftHand"] = CFrame.new(-8.940696716308594e-08, -1.1920928955078125e-07, 1.94646418094635e-07, 0.42225804924964905, 0.3125496208667755, -0.8508883118629456, -0.5948420763015747, 0.8038426041603088, 0.0000750012623029761, 0.6840037703514099, 0.5061125159263611, 0.5253467559814453),
            ["LeftFoot"] = CFrame.new(8.940696716308594e-08, -5.960464477539063e-08, 1.4901161193847656e-08, 0.9985528588294983, 0.03306054696440697, 0.04241657257080078, -0.053779181092977524, 0.6158285140991211, 0.7860429286956787, -0.00013412535190582275, -0.7871863842010498, 0.6167149543762207),
            ["LowerTorso"] = CFrame.new(0.003465096466243267, 0.916273832321167, -0.07368223369121552, 0.9998679757118225, -0.012553905136883259, -0.010326064191758633, -0.0141712985932827, -0.3620341122150421, -0.9320571422576904, 0.007962573319673538, 0.9320803284645081, -0.3621641993522644),
            ["RightLowerLeg"] = CFrame.new(3.129243850708008e-07, -0.0000036954879760742188, -0.000013230535842012614, 1, 1.6391278734317893e-07, 0, -7.450580596923828e-09, 0.8523536920547485, 0.5229651927947998, -1.4901161193847656e-08, -0.5229658484458923, 0.8523540496826172),
            ["LeftUpperLeg"] = CFrame.new(-5.960464477539063e-08, 2.882443368434906e-07, 2.2351741790771484e-08, 0.9217849373817444, 0.003214714117348194, 0.3876883387565613, -0.3517194390296936, 0.42763829231262207, 0.8327177166938782, -0.16311360895633698, -0.903944194316864, 0.3953213691711426),
            ["LeftLowerLeg"] = CFrame.new(-1.4901161193847656e-07, 0.0000037550926208496094, 0.000013306736946105957, 1, 1.5040866685467336e-07, -7.450581307466564e-08, 9.918586840740318e-08, 0.9999844431877136, 0.005591275170445442, -2.980232594040899e-08, -0.0055913301184773445, 0.9999843835830688),
        }},
        {Time = 0.200, Data = {
            ["RightFoot"] = CFrame.new(-1.6298145055770874e-08, 2.980232238769531e-07, -1.696680556051433e-07, 0.9849621653556824, -0.09518145769834518, -0.14418748021125793, 0.16368943452835083, 0.7811148762702942, 0.6025490760803223, 0.05527573823928833, -0.617090106010437, 0.7849488258361816),
            ["LeftLowerArm"] = CFrame.new(8.940696716308594e-08, 5.960464477539063e-08, 2.60770320892334e-07, 1, -1.8160786652288152e-08, 1.955777229056821e-08, 1.4901157641133977e-08, 0.9702102541923523, -0.24226440489292145, 4.656611984898973e-09, 0.24226441979408264, 0.9702102541923523),
            ["RightUpperArm"] = CFrame.new(1.1920928955078125e-07, -1.1920928955078125e-07, -1.3969838619232178e-07, 0.7775930762290955, -0.08016151189804077, 0.6236370205879211, -0.3594065010547638, -0.8704999685287476, 0.3362395167350769, 0.5159226655960083, -0.48559659719467163, -0.7057053446769714),
            ["Head"] = CFrame.new(-4.889443516731262e-09, -1.1920928955078125e-07, -9.733776096254587e-08, 0.9976497292518616, 0.06500788033008575, -0.02165595069527626, -0.028678927570581436, 0.10912308096885681, -0.9936145544052124, -0.06222961097955704, 0.9919002652168274, 0.11073096096515656),
            ["RightHand"] = CFrame.new(9.872019290924072e-08, 0, 1.4062970876693726e-07, 0.5349435210227966, -0.23777469992637634, 0.8107395768165588, 0.664586067199707, 0.7109308242797852, -0.23000577092170715, -0.521690309047699, 0.661846399307251, 0.538329541683197),
            ["UpperTorso"] = CFrame.new(4.656612873077393e-10, -1.1920928955078125e-07, -1.428725227015093e-07, 0.9999556541442871, 0.0008479316020384431, -0.0093813706189394, -0.0037058910820633173, 0.9510385990142822, -0.30904990434646606, 0.008659989573061466, 0.30907097458839417, 0.9509995579719543),
            ["HumanoidRootPart"] = CFrame.new(0, 0, 0, 1, 0, 0, 0, 1, 0, 0, 0, 1),
            ["RightUpperLeg"] = CFrame.new(-5.960464477539063e-08, -1.6065314412117004e-07, -1.8400169210508466e-07, 0.9717424511909485, -0.025655653327703476, -0.23464518785476685, 0.17311759293079376, 0.753217339515686, 0.6345815658569336, 0.1604585498571396, -0.657271146774292, 0.7363747954368591),
            ["LeftUpperArm"] = CFrame.new(0, -1.1920928955078125e-07, -1.6763806343078613e-08, 0.7966492176055908, 0.12178358435630798, -0.5920462608337402, 0.28347474336624146, -0.9403700828552246, 0.18800605833530426, -0.5338465571403503, -0.31760498881340027, -0.7836676239967346),
            ["RightLowerArm"] = CFrame.new(2.384185791015625e-07, -1.1920928955078125e-07, -1.30385160446167e-07, 1, 1.1175873559921001e-08, 4.190951585769653e-09, 0, 1, 3.725290298461914e-09, -7.4505820180093e-08, 1.1175873559921001e-08, 1),
            ["LeftHand"] = CFrame.new(7.264316082000732e-08, 5.960464477539063e-08, -1.601874828338623e-07, 0.4553224444389343, 0.38161882758140564, -0.8043933510780334, -0.6136342883110046, 0.78912752866745, 0.02703217789530754, 0.6450848579406738, 0.4812949597835541, 0.5934818387031555),
            ["LeftFoot"] = CFrame.new(-3.725290298461914e-08, -1.7881393432617188e-07, 2.1606683731079102e-07, 0.9922406077384949, 0.07103786617517471, 0.1020408421754837, -0.11874240636825562, 0.7847590446472168, 0.6083203554153442, -0.036863844841718674, -0.6157165765762329, 0.7871049642562866),
            ["LowerTorso"] = CFrame.new(0.007828139699995518, 0.8295049667358398, 0.20203635096549988, 0.9998805522918701, -0.014905095100402832, -0.004117065109312534, -0.014055492356419563, -0.7650529742240906, -0.643813967704773, 0.006446335464715958, 0.6437948346138, -0.7651709914207458),
            ["RightLowerLeg"] = CFrame.new(3.9604492485523224e-07, -0.0000035762786865234375, -0.000013133678294252604, 1, -1.7229469406743192e-08, -2.537854371098547e-08, -7.450580596923828e-09, 0.7681571841239929, 0.6402611136436462, -6.868503987789154e-09, -0.6402614116668701, 0.7681573629379272),
            ["LeftUpperLeg"] = CFrame.new(-5.960464477539063e-08, -3.57162207365036e-07, -8.288770914077759e-08, 0.987440288066864, 0.01274658739566803, 0.15747793018817902, -0.09911640733480453, 0.8261780738830566, 0.5546222925186157, -0.1230352520942688, -0.5632649064064026, 0.8170648217201233),
            ["LeftLowerLeg"] = CFrame.new(2.60770320892334e-07, 0.000003933906555175781, 0.000013232231140136719, 1, 4.358588512332062e-07, 1.2200325727462769e-07, -4.4028274714946747e-07, 0.8010450005531311, 0.598604142665863, 1.2852251529693604e-07, -0.598604142665863, 0.8010450601577759),
        }},
        {Time = 0.233, Data = {
            ["RightFoot"] = CFrame.new(1.4901161193847656e-08, 4.172325134277344e-07, -1.5849218470975757e-07, 0.9908451437950134, -0.07196726649999619, -0.11422216892242432, 0.13500335812568665, 0.5303170084953308, 0.8369810581207275, 0.0003384473966434598, -0.8447393178939819, 0.5351786017417908),
            ["LeftLowerArm"] = CFrame.new(0, -1.1920928955078125e-07, 1.341104507446289e-07, 1, -7.264316792543468e-08, -3.958121830294203e-09, 6.612391700855369e-08, 0.8333367109298706, -0.5527658462524414, -1.2572857421844219e-08, 0.5527657866477966, 0.8333366513252258),
            ["RightUpperArm"] = CFrame.new(0, 2.384185791015625e-07, -6.100162863731384e-08, 0.886861264705658, -0.1979888677597046, 0.4174653887748718, -0.08548139035701752, -0.9582469463348389, -0.2728659510612488, 0.4540594518184662, 0.20630872249603271, -0.8667565584182739),
            ["Head"] = CFrame.new(1.6298145055770874e-09, 1.1920928955078125e-07, -7.359631126746535e-08, 0.9980044960975647, 0.06032056361436844, -0.018665248528122902, -0.030017992481589317, 0.19318491220474243, -0.9807031154632568, -0.0555507093667984, 0.9793064594268799, 0.19461004436016083),
            ["RightHand"] = CFrame.new(-2.0489096641540527e-07, -5.960464477539063e-08, -2.2351741790771484e-08, 0.24871636927127838, -0.43166911602020264, 0.8670651912689209, 0.8740938305854797, 0.4856749475002289, -0.008938874118030071, -0.41725319623947144, 0.7601195573806763, 0.49811461567878723),
            ["UpperTorso"] = CFrame.new(3.026798367500305e-09, -2.682209014892578e-07, 2.537676664360333e-07, 0.9999608397483826, 0.0005612722015939653, -0.008833814412355423, -0.002454567700624466, 0.976432204246521, -0.21581041812896729, 0.008504493162035942, 0.21582362055778503, 0.9763954281806946),
            ["HumanoidRootPart"] = CFrame.new(0, 0, 0, 1, 0, 0, 0, 1, 0, 0, 0, 1),
            ["RightUpperLeg"] = CFrame.new(-1.7881393432617188e-07, -7.404014468193054e-08, 4.1882594814524055e-07, 0.9897552728652954, 0.0823628157377243, -0.11662261933088303, 0.02542230114340782, 0.7021133303642273, 0.711611270904541, 0.14049272239208221, -0.7072858810424805, 0.6928264498710632),
            ["LeftUpperArm"] = CFrame.new(1.1920928955078125e-07, 0, -5.3085386753082275e-08, 0.8667546510696411, 0.193101704120636, -0.4598347544670105, 0.006096809171140194, -0.9260363578796387, -0.3773850202560425, -0.4986974596977234, 0.3242967128753662, -0.8038237690925598),
            ["RightLowerArm"] = CFrame.new(2.980232238769531e-07, 0, -4.470348358154297e-08, 1, -5.4016702222270396e-08, 4.190952473948073e-09, 2.9802318834981634e-08, 0.8971779346466064, -0.441669225692749, 1.3969836842875338e-08, 0.44166916608810425, 0.8971779942512512),
            ["LeftHand"] = CFrame.new(-8.66129994392395e-08, 0, 4.842877388000488e-08, 0.17935135960578918, 0.5222492218017578, -0.8337199687957764, -0.8913945555686951, 0.4448227882385254, 0.08688231557607651, 0.41623184084892273, 0.7275909185409546, 0.5453096032142639),
            ["LeftFoot"] = CFrame.new(1.4901161193847656e-08, 1.1920928955078125e-07, -1.862645149230957e-08, 0.999140202999115, -0.017375335097312927, -0.03764502331614494, 0.041461117565631866, 0.42126888036727905, 0.9059873819351196, 0.00011681023170240223, -0.906769335269928, 0.42162758111953735),
            ["LowerTorso"] = CFrame.new(0.010858351364731789, 0.6821649074554443, 0.37145912647247314, 0.9998895525932312, -0.014843098819255829, 0.0008691289112903178, -0.0139967305585742, -0.9593745470046997, -0.2817883789539337, 0.0050164335407316685, 0.281745046377182, -0.9594762325286865),
            ["RightLowerLeg"] = CFrame.new(-1.7508864402770996e-07, -0.000004172325134277344, -0.00001337954745395109, 1, 7.078052988163108e-08, 6.705523958316917e-08, -1.9744048529446445e-07, 0.9999838471412659, 0.005691044498234987, 9.685759039257391e-08, -0.005690935533493757, 0.9999839067459106),
            ["LeftUpperLeg"] = CFrame.new(8.940696716308594e-08, 2.016313374042511e-07, 4.086177796125412e-07, 0.9913129806518555, -0.0299493670463562, 0.1280687302350998, -0.07250384241342545, 0.6879773139953613, 0.7221013903617859, -0.10973501950502396, -0.7251139283180237, 0.6798295378684998),
            ["LeftLowerLeg"] = CFrame.new(3.650784492492676e-07, 0.000003874301910400391, 0.000013418495655059814, 1, 2.6077035641947077e-08, 3.352762334429826e-08, -1.1175872316471214e-07, 0.9999842047691345, 0.005629600025713444, 6.705523247774181e-08, -0.0056291683577001095, 0.9999841451644897),
        }},
        {Time = 0.267, Data = {
            ["RightFoot"] = CFrame.new(-4.470348358154297e-08, 4.76837158203125e-07, 3.359309630468488e-08, 0.9953986406326294, -0.07982247322797775, -0.0530095212161541, 0.09582062810659409, 0.8305622935295105, 0.5486211180686951, 0.00023545167641714215, -0.5511758327484131, 0.8343889117240906),
            ["LeftLowerArm"] = CFrame.new(-5.960464477539063e-08, 0, -2.086162567138672e-07, 1, -4.656612162534657e-08, 8.498317782823506e-08, 5.215405707303944e-08, 0.7631151676177979, -0.646262526512146, 2.2351738238057806e-08, 0.646262526512146, 0.7631151676177979),
            ["RightUpperArm"] = CFrame.new(1.1920928955078125e-07, -1.1920928955078125e-07, 7.450580596923828e-09, 0.9272189140319824, -0.21553996205329895, 0.30628034472465515, 0.050668809562921524, -0.7380819320678711, -0.6728060245513916, 0.3710765242576599, 0.6393572688102722, -0.6734423041343689),
            ["Head"] = CFrame.new(1.1641532182693481e-10, 0, 1.673470251262188e-09, 0.9980052709579468, 0.06043437495827675, -0.018253155052661896, -0.035354021936655045, 0.2954828441143036, -0.9546936750411987, -0.05230281874537468, 0.9534346461296082, 0.29703009128570557),
            ["RightHand"] = CFrame.new(-2.738088369369507e-07, 0, 3.3527612686157227e-08, 0.15398810803890228, -0.40163397789001465, 0.9027612209320068, 0.9196184277534485, 0.39241307973861694, 0.01771906390786171, -0.36137187480926514, 0.8274674415588379, 0.4297769367694855),
            ["UpperTorso"] = CFrame.new(4.656612873077393e-10, -2.682209014892578e-07, 1.3502358342520893e-08, 0.9999578595161438, -0.0010870294645428658, -0.009115694090723991, -0.00034202070673927665, 0.9878642559051514, -0.15531933307647705, 0.009173903614282608, 0.15531587600708008, 0.9878223538398743),
            ["HumanoidRootPart"] = CFrame.new(0, 0, 0, 1, 0, 0, 0, 1, 0, 0, 0, 1),
            ["RightUpperLeg"] = CFrame.new(-5.960464477539063e-08, -2.4354085326194763e-07, -3.3011019695550203e-08, 0.9934352040290833, 0.11411350220441818, 0.008046811446547508, -0.11025127023458481, 0.9362976551055908, 0.33345380425453186, 0.030517268925905228, -0.33215200901031494, 0.9427321553230286),
            ["LeftUpperArm"] = CFrame.new(0, -1.1920928955078125e-07, 2.8638169169425964e-08, 0.8855253458023071, 0.2153196930885315, -0.41168248653411865, -0.16383326053619385, -0.6844672560691833, -0.7103965878486633, -0.43474552035331726, 0.6965214610099792, -0.5708365440368652),
            ["RightLowerArm"] = CFrame.new(-1.1920928955078125e-07, 0, 2.9802322387695312e-08, 1, -6.891786341611805e-08, 1.3504175555567599e-08, 7.63684582238966e-08, 0.7726864814758301, -0.6347879767417908, -7.450581485102248e-09, 0.634787917137146, 0.7726864218711853),
            ["LeftHand"] = CFrame.new(2.2351741790771484e-08, 5.960464477539063e-08, -4.7497451305389404e-08, 0.07513218373060226, 0.5153312087059021, -0.8536913990974426, -0.9550341963768005, 0.2834314703941345, 0.08704230189323425, 0.2868187129497528, 0.8087646961212158, 0.5134536027908325),
            ["LeftFoot"] = CFrame.new(-2.2351741790771484e-08, -2.384185791015625e-07, -5.587935447692871e-08, 0.9979712963104248, 0.05792435258626938, 0.026424450799822807, -0.06366699188947678, 0.9089862108230591, 0.4119354486465454, -0.00015823882131371647, -0.41278183460235596, 0.9108297824859619),
            ["LowerTorso"] = CFrame.new(0.011850915849208832, 0.5266525745391846, 0.3221902847290039, 0.9998952150344849, -0.014111636206507683, 0.0032315049320459366, -0.013909198343753815, -0.9983419179916382, -0.055856168270111084, 0.0040143695659935474, 0.05580536648631096, -0.9984335899353027),
