return {
    ["Sprinkler"] = {
        {Time = 0.000, Data = {
            ["RightFoot"] = CFrame.new(1.4901161193847656e-08, 2.384185791015625e-07, -1.3205863069742918e-08, 0.7298794388771057, 0.3094467520713806, -0.6095234155654907, -0.6150110363960266, 0.6864940524101257, -0.3879263699054718, 0.2983914315700531, 0.658003568649292, 0.6913714408874512),
            ["LeftLowerArm"] = CFrame.new(-9.5367431640625e-07, 8.344650268554688e-07, -3.8743019104003906e-07, 1, 0, -1.955777406692505e-08, -1.1175865566315224e-08, 1, 0, -5.587932783157612e-09, -3.7252898543727042e-09, 1),
            ["RightUpperArm"] = CFrame.new(2.384185791015625e-07, 8.344650268554688e-07, -9.685754776000977e-08, 0.4276635944843292, -0.5529440641403198, 0.715092122554779, 0.3843874931335449, -0.6047537326812744, -0.6975094079971313, 0.8181382417678833, 0.573171854019165, -0.04608645662665367),
            ["Head"] = CFrame.new(5.494803190231323e-08, 5.960464477539062e-07, -4.7031790018081665e-08, 0.9448087215423584, -0.01127715315669775, 0.32742825150489807, -0.0004376143915578723, 0.999363124370575, 0.03568241745233536, -0.3276221454143524, -0.033856350928545, 0.9442020654678345),
            ["RightHand"] = CFrame.new(4.246830940246582e-07, 1.1920928955078125e-07, 2.086162567138672e-07, 0.6153666973114014, -0.25818803906440735, -0.7447568774223328, 0.05888202786445618, 0.9572510719299316, -0.2832021117210388, 0.7860386371612549, 0.13042041659355164, 0.6042630076408386),
            ["UpperTorso"] = CFrame.new(4.778848960995674e-08, 1.1920928955078125e-07, -1.6472768038511276e-08, 0.8994703888893127, -0.23078544437885284, 0.37106746435165405, 0.2600848972797394, 0.9651135802268982, -0.030195273458957672, -0.3511536419391632, 0.12366880476474762, 0.9281148314476013),
            ["HumanoidRootPart"] = CFrame.new(0, 0, 0, 1, 0, 0, 0, 1, 0, 0, 0, 1),
            ["RightUpperLeg"] = CFrame.new(4.76837158203125e-07, -9.145587682723999e-07, -2.4047039914876223e-08, 0.8426728248596191, -0.528481125831604, 0.10300587117671967, 0.5331226587295532, 0.7921761870384216, -0.2970481812953949, 0.07538554072380066, 0.30522891879081726, 0.9492904543876648),
            ["LeftUpperArm"] = CFrame.new(2.384185791015625e-07, -0.0000010728836059570312, 1.043081283569336e-07, 0.2776806354522705, 0.7212968468666077, -0.6345269083976746, -0.9026325941085815, -0.030210763216018677, -0.4293505847454071, -0.32885873317718506, 0.6919670701026917, 0.6426769495010376),
            ["RightLowerArm"] = CFrame.new(8.344650268554688e-07, -7.152557373046875e-07, 0.0000010728836059570312, 1, -4.470345515983354e-08, 1.266598985694145e-07, 1.0803340444454079e-07, -0.561854362487793, -0.8272362351417542, 1.639127589214695e-07, 0.8272362351417542, -0.561854362487793),
            ["LeftHand"] = CFrame.new(8.940696716308594e-08, -5.960464477539063e-08, -5.662441253662109e-07, 0.9718294739723206, 0.026148684322834015, 0.23423035442829132, -0.031305838376283646, 0.9993418455123901, 0.01832590252161026, -0.2335970550775528, -0.02514239400625229, 0.972008466720581),
            ["LeftFoot"] = CFrame.new(-2.60770320892334e-08, 0, 3.725290298461914e-09, 0.9943545460700989, -0.10492444038391113, 0.015813931822776794, 0.10610020160675049, 0.9851201772689819, -0.13520771265029907, -0.0013920068740844727, 0.1361219882965088, 0.9906911253929138),
            ["LowerTorso"] = CFrame.new(-0.09222006052732468, -0.19958829879760742, 0.08486199378967285, 0.8625040054321289, 0.17914605140686035, 0.4732794761657715, -0.25635090470314026, 0.9610371589660645, 0.10340119153261185, -0.43631523847579956, -0.21050956845283508, 0.8748226761817932),
            ["RightLowerLeg"] = CFrame.new(7.450580596923828e-08, -0.000003635883331298828, -0.000013290140486788005, 1, -1.7881390590446244e-07, -1.266598985694145e-07, 1.1920928955078125e-07, 0.572114884853363, 0.8201729655265808, -3.725290298461914e-08, -0.8201735615730286, 0.5721156597137451),
            ["LeftUpperLeg"] = CFrame.new(-2.980232238769531e-07, -4.3213367462158203e-07, 1.4901161193847656e-07, 0.9524718523025513, -0.2450961023569107, -0.18090128898620605, 0.11972565203905106, 0.8472472429275513, -0.5175304412841797, 0.28011274337768555, 0.47127485275268555, 0.8363234996795654),
            ["LeftLowerLeg"] = CFrame.new(8.009374141693115e-08, 0.000003635883331298828, 0.000013336539268493652, 1, 4.0978196835794733e-08, 2.4214378058218244e-08, -5.215405707303944e-08, 0.8779428601264954, 0.47876542806625366, 0, -0.4787655770778656, 0.8779429793357849),
        }},
        {Time = 0.033, Data = {
            ["RightFoot"] = CFrame.new(-2.421438694000244e-08, 2.384185791015625e-07, -4.300818545743823e-08, 0.7298793792724609, 0.3094467222690582, -0.6095234751701355, -0.6150110363960266, 0.6864940524101257, -0.3879263699054718, 0.2983914315700531, 0.6580036282539368, 0.6913713812828064),
            ["LeftLowerArm"] = CFrame.new(-6.258487701416016e-07, 7.152557373046875e-07, -4.917383193969727e-07, 1, 3.725290742551124e-09, -8.847562682490206e-09, 0, 1, -5.5879341154252415e-09, 6.146727571376687e-08, 5.587936335871291e-09, 1),
            ["RightUpperArm"] = CFrame.new(2.384185791015625e-07, 8.344650268554688e-07, -9.685754776000977e-08, 0.42768529057502747, -0.552926242351532, 0.7150928974151611, 0.3844071328639984, -0.6047424077987671, -0.6975082755088806, 0.8181176781654358, 0.5732008814811707, -0.046090785413980484),
            ["Head"] = CFrame.new(4.330649971961975e-08, 5.960464477539062e-07, -4.936009645462036e-08, 0.9448087811470032, -0.011277098208665848, 0.32742828130722046, -0.0004376372671686113, 0.9993630647659302, 0.035682301968336105, -0.3276222348213196, -0.03385624662041664, 0.9442021250724792),
            ["RightHand"] = CFrame.new(3.7997961044311523e-07, 5.960464477539063e-08, 1.4901161193847656e-07, 0.6153669953346252, -0.2581876516342163, -0.7447567582130432, 0.058881908655166626, 0.9572511315345764, -0.2832016944885254, 0.7860383987426758, 0.1304202526807785, 0.6042633056640625),
            ["UpperTorso"] = CFrame.new(-6.257323548197746e-08, 1.1920928955078125e-07, -1.9266735762357712e-08, 0.8994704484939575, -0.23078545928001404, 0.37106746435165405, 0.26008492708206177, 0.9651135802268982, -0.030195266008377075, -0.3511536717414856, 0.12366880476474762, 0.9281148314476013),
            ["HumanoidRootPart"] = CFrame.new(0, 0, 0, 1, 0, 0, 0, 1, 0, 0, 0, 1),
            ["RightUpperLeg"] = CFrame.new(3.5762786865234375e-07, -9.145587682723999e-07, -2.4047039914876223e-08, 0.8426727652549744, -0.528481125831604, 0.10300587117671967, 0.5331226587295532, 0.7921761870384216, -0.2970481216907501, 0.07538557052612305, 0.30522894859313965, 0.9492904543876648),
            ["LeftUpperArm"] = CFrame.new(2.384185791015625e-07, -0.0000010728836059570312, 1.341104507446289e-07, 0.27768051624298096, 0.7212965488433838, -0.6345272064208984, -0.9026325941085815, -0.030210958793759346, -0.4293505847454071, -0.3288586735725403, 0.6919671893119812, 0.6426767110824585),
            ["RightLowerArm"] = CFrame.new(0.0000014901161193847656, -0.0000013113021850585938, 0.0000011324882507324219, 1, -9.685747670573619e-08, 1.8626447229053156e-07, 8.940692453052179e-08, -0.5618544816970825, -0.8272361159324646, 1.2665981330428622e-07, 0.8272360563278198, -0.5618545413017273),
            ["LeftHand"] = CFrame.new(-2.682209014892578e-07, 2.384185791015625e-07, -3.5762786865234375e-07, 0.971829354763031, 0.026148736476898193, 0.23423044383525848, -0.03130590170621872, 0.9993418455123901, 0.018326032906770706, -0.2335970103740692, -0.025142543017864227, 0.9720084071159363),
            ["LeftFoot"] = CFrame.new(-9.313225746154785e-09, 1.1920928955078125e-07, 9.313225746154785e-09, 0.9943141937255859, -0.10506945103406906, 0.017313208431005478, 0.10644825547933578, 0.9850833415985107, -0.1352020800113678, -0.0028493651188910007, 0.13627611100673676, 0.9906668066978455),
            ["LowerTorso"] = CFrame.new(-0.09222006052732468, -0.19958829879760742, 0.08486199378967285, 0.8625040054321289, 0.17914606630802155, 0.4732794761657715, -0.25635090470314026, 0.9610371589660645, 0.10340119153261185, -0.43631523847579956, -0.21050958335399628, 0.8748226761817932),
            ["RightLowerLeg"] = CFrame.new(1.1920928955078125e-07, -0.0000035762786865234375, -0.000013290140486788005, 1, -1.1920927533992653e-07, -9.685758328714655e-08, 1.1920928955078125e-07, 0.5721149444580078, 0.8201730251312256, -7.450580596923828e-08, -0.8201735019683838, 0.5721156001091003),
            ["LeftUpperLeg"] = CFrame.new(-3.5762786865234375e-07, -4.3213367462158203e-07, 1.4901161193847656e-07, 0.952111005783081, -0.24547189474105835, -0.18228602409362793, 0.1193070188164711, 0.8471999764442444, -0.5177046656608582, 0.28151461482048035, 0.47116437554359436, 0.8359148502349854),
            ["LeftLowerLeg"] = CFrame.new(9.313225746154785e-09, 0.000003635883331298828, 0.00001321546733379364, 1, 4.284084198502569e-08, -8.381899618825628e-09, -4.4703469370688254e-08, 0.8779425621032715, 0.47876599431037903, 2.2351734685344127e-08, -0.47876614332199097, 0.8779425024986267),
        }},
        {Time = 0.067, Data = {
            ["RightFoot"] = CFrame.new(1.4901161193847656e-08, 4.172325134277344e-07, 5.420588422566652e-09, 0.7336582541465759, 0.299057275056839, -0.61017245054245, -0.5988171100616455, 0.7089746594429016, -0.3725225031375885, 0.32119107246398926, 0.6386860609054565, 0.6992257237434387),
            ["LeftLowerArm"] = CFrame.new(-0.0000020563602447509766, 7.152557373046875e-07, -1.341104507446289e-07, 1, -3.7252889661942845e-09, -1.862644793959589e-08, -1.1175868230850483e-08, 1, 8.381901395182467e-09, 1.3969835066518499e-08, 1.1175867342672063e-08, 1),
            ["RightUpperArm"] = CFrame.new(3.5762786865234375e-07, 3.5762786865234375e-07, -7.450580596923828e-09, 0.4098316729068756, -0.5648952722549438, 0.7161922454833984, 0.41067585349082947, -0.5868126153945923, -0.6978513598442078, 0.8144835233688354, 0.5801243782043457, -0.008505437523126602),
            ["Head"] = CFrame.new(2.9802322387695312e-08, -3.5762786865234375e-07, -3.725290298461914e-08, 0.9438066482543945, 0.009649653919041157, 0.3303571343421936, -0.03649549186229706, 0.9965036511421204, 0.07515735179185867, -0.32847678661346436, -0.08299055695533752, 0.9408589601516724),
            ["RightHand"] = CFrame.new(9.685754776000977e-08, 0, 3.129243850708008e-07, 0.6020978689193726, -0.2852126657962799, -0.7457425594329834, 0.09333907067775726, 0.9527598023414612, -0.2890271544456482, 0.7929476499557495, 0.10441570729017258, 0.6002761125564575),
            ["UpperTorso"] = CFrame.new(-9.73232090473175e-08, 4.172325134277344e-07, -6.705522537231445e-08, 0.9094506502151489, -0.19005709886550903, 0.3698350191116333, 0.2236454039812088, 0.9734010696411133, -0.04973210394382477, -0.3505457639694214, 0.12794074416160583, 0.9277655482292175),
            ["HumanoidRootPart"] = CFrame.new(0, 0, 0, 1, 0, 0, 0, 1, 0, 0, 0, 1),
            ["RightUpperLeg"] = CFrame.new(4.76837158203125e-07, -4.4517219066619873e-07, -6.875052349641919e-08, 0.8642691969871521, -0.4980478286743164, 0.07061988860368729, 0.49708980321884155, 0.8240950107574463, -0.27160507440567017, 0.07707492262125015, 0.269844114780426, 0.9598143696784973),
            ["LeftUpperArm"] = CFrame.new(1.7881393432617188e-07, -0.0000010728836059570312, 8.195638656616211e-08, 0.2644774913787842, 0.7509984970092773, -0.6050230264663696, -0.921011209487915, 0.010647580958902836, -0.38939085602760315, -0.28598982095718384, 0.6602180600166321, 0.6944940090179443),
            ["RightLowerArm"] = CFrame.new(5.960464477539062e-07, -3.5762786865234375e-07, 0.0000018477439880371094, 1, -3.7252888773764425e-08, 2.0861628513557662e-07, 5.587932605521928e-08, -0.5670199394226074, -0.8237041234970093, 1.1920923270736239e-07, 0.8237041234970093, -0.5670199990272522),
            ["LeftHand"] = CFrame.new(-6.705522537231445e-07, -1.1920928955078125e-07, -4.470348358154297e-07, 0.9853119850158691, -0.011452249251306057, 0.17037992179393768, 0.01330163050442934, 0.999864399433136, -0.00971692893654108, -0.17024551331996918, 0.011840566992759705, 0.9853305816650391),
            ["LeftFoot"] = CFrame.new(-4.0978193283081055e-08, -1.1920928955078125e-07, -5.587935447692871e-09, 0.9921822547912598, -0.12343534082174301, 0.018387729302048683, 0.12477999180555344, 0.9836766123771667, -0.12965548038482666, -0.0020836954936385155, 0.13093601167201996, 0.9913886785507202),
            ["LowerTorso"] = CFrame.new(-0.08246495574712753, -0.18291926383972168, 0.08340553939342499, 0.8656114935874939, 0.15631747245788574, 0.47569069266319275, -0.2281859964132309, 0.9687861204147339, 0.09687436372041702, -0.44569939374923706, -0.19240149855613708, 0.8742618560791016),
            ["RightLowerLeg"] = CFrame.new(-4.470348358154297e-08, -0.000003814697265625, -0.000013305041647981852, 1, -1.9371512394172896e-07, -7.450580596923828e-08, 1.1920927533992653e-07, 0.6232825517654419, 0.7819966673851013, -9.313224325069314e-08, -0.7819968461990356, 0.6232827305793762),
            ["LeftUpperLeg"] = CFrame.new(-2.384185791015625e-07, -8.568167686462402e-08, 1.4901161193847656e-08, 0.9549885392189026, -0.21426957845687866, -0.2051469087600708, 0.08511926233768463, 0.860414981842041, -0.5024349689483643, 0.28416818380355835, 0.46235769987106323, 0.8399249911308289),
            ["LeftLowerLeg"] = CFrame.new(1.564621925354004e-07, 0.0000037550926208496094, 0.000013349577784538269, 1, 5.7742006731587026e-08, -3.073361654060136e-08, -7.450577754752885e-08, 0.8846675157546997, 0.46622234582901, -7.450577932388569e-09, -0.46622249484062195, 0.8846675753593445),
        }},
        {Time = 0.100, Data = {
            ["RightFoot"] = CFrame.new(-1.0058283805847168e-07, 2.980232238769531e-07, -5.75528247281909e-09, 0.7425521016120911, 0.27469632029533386, -0.6108666658401489, -0.5537174940109253, 0.7649036049842834, -0.3291187286376953, 0.37684646248817444, 0.5826358199119568, 0.7200853228569031),
            ["LeftLowerArm"] = CFrame.new(-0.0000017285346984863281, 4.172325134277344e-07, -3.2782554626464844e-07, 1, 3.725291186640334e-09, 2.3283059036316445e-08, 1.210719524635806e-08, 1, -1.0710206943542744e-08, 2.8871003365793513e-08, -1.4668334102907465e-08, 1),
            ["RightUpperArm"] = CFrame.new(2.384185791015625e-07, 9.5367431640625e-07, -1.1175870895385742e-07, 0.38196712732315063, -0.5592312812805176, 0.7357727289199829, 0.4197765588760376, -0.6042885184288025, -0.6772171854972839, 0.8233399391174316, 0.567534863948822, 0.003933615982532501),
            ["Head"] = CFrame.new(5.774199962615967e-08, 1.1920928955078125e-07, -6.51925802230835e-08, 0.9414881467819214, -0.004897245671600103, 0.33701059222221375, -0.034101471304893494, 0.9933794140815735, 0.10970263183116913, -0.3353166878223419, -0.11477631330490112, 0.9350878000259399),
            ["RightHand"] = CFrame.new(-1.1920928955078125e-07, 2.384185791015625e-07, 2.980232238769531e-07, 0.5719309449195862, -0.3030979335308075, -0.7622511386871338, 0.0967819020152092, 0.9476752877235413, -0.30421188473701477, 0.8145725131034851, 0.10021599382162094, 0.5713392496109009),
            ["UpperTorso"] = CFrame.new(-9.592622518539429e-08, 2.682209014892578e-07, -7.35744833946228e-08, 0.9266045093536377, -0.10798290371894836, 0.3601997196674347, 0.14420221745967865, 0.9866897463798523, -0.07516048103570938, -0.34728938341140747, 0.12158564478158951, 0.929842472076416),
            ["HumanoidRootPart"] = CFrame.new(0, 0, 0, 1, 0, 0, 0, 1, 0, 0, 0, 1),
            ["RightUpperLeg"] = CFrame.new(2.384185791015625e-07, -6.631016731262207e-07, 2.8107024263590574e-08, 0.9078486561775208, -0.41928234696388245, 0.00361523381434381, 0.4109651446342468, 0.8880631923675537, -0.2060377448797226, 0.08317743241786957, 0.18853656947612762, 0.978537380695343),
            ["LeftUpperArm"] = CFrame.new(2.980232238769531e-07, -7.152557373046875e-07, 1.1175870895385742e-07, 0.24416476488113403, 0.7763502597808838, -0.5810885429382324, -0.9443538784980774, 0.05416197329759598, -0.324441522359848, -0.22040733695030212, 0.6279704570770264, 0.7463737726211548),
            ["RightLowerArm"] = CFrame.new(-2.086162567138672e-07, -7.152557373046875e-07, 0.0000010132789611816406, 1, -8.195635814445268e-08, 2.0861622829215776e-07, 8.568165554834195e-08, -0.5445330142974854, -0.8387393951416016, 1.3411042232291948e-07, 0.8387393951416016, -0.5445330739021301),
            ["LeftHand"] = CFrame.new(-5.513429641723633e-07, -5.960464477539063e-08, -4.172325134277344e-07, 0.9933645129203796, -0.1004297211766243, 0.05604471638798714, 0.10515299439430237, 0.9904748201370239, -0.08889608085155487, -0.04658299311995506, 0.09419945627450943, 0.9944630265235901),
            ["LeftFoot"] = CFrame.new(-9.313225746154785e-08, 5.960464477539063e-08, 0, 0.9899766445159912, -0.14000579714775085, 0.018566256389021873, 0.14121849834918976, 0.9830769896507263, -0.11669237166643143, -0.0019146071281284094, 0.1181446835398674, 0.9929946660995483),
            ["LowerTorso"] = CFrame.new(-0.05947592481970787, -0.148911714553833, 0.08178253471851349, 0.870948851108551, 0.09939710050821304, 0.4812154471874237, -0.1607012003660202, 0.9830910563468933, 0.08779047429561615, -0.46435245871543884, -0.15379290282726288, 0.8721952438354492),
            ["RightLowerLeg"] = CFrame.new(0, -0.000003516674041748047, -0.000013364646292757243, 1, -7.450580596923828e-08, -1.4901164746561335e-08, 1.1175873737556685e-07, 0.7391835451126099, 0.6735033392906189, -7.450582373280668e-09, -0.6735040545463562, 0.7391842603683472),
            ["LeftUpperLeg"] = CFrame.new(-2.384185791015625e-07, -3.0174851417541504e-07, 0, 0.9572060108184814, -0.14545100927352905, -0.25020110607147217, 0.00857724342495203, 0.8784074187278748, -0.4778357148170471, 0.28928038477897644, 0.4552411437034607, 0.842064380645752),
            ["LeftLowerLeg"] = CFrame.new(1.0896474123001099e-07, 0.0000035762786865234375, 0.00001329183578491211, 1, 4.284083487959833e-08, 2.2351731132630448e-08, -2.2351734685344127e-08, 0.8923418521881104, 0.45135974884033203, -1.1175867342672063e-08, -0.4513601064682007, 0.8923420906066895),
        }},
        {Time = 0.133, Data = {
            ["RightFoot"] = CFrame.new(-4.470348358154297e-08, 2.980232238769531e-07, -2.029992174357176e-09, 0.7510547041893005, 0.2450602948665619, -0.6130762100219727, -0.48878368735313416, 0.8306156396865845, -0.26677313446998596, 0.44385531544685364, 0.5000232458114624, 0.7436193823814392),
            ["LeftLowerArm"] = CFrame.new(7.748603820800781e-07, 7.152557373046875e-07, -3.5762786865234375e-07, 1, -9.313225746154785e-10, -2.8870992707652476e-08, 2.7939683899802503e-09, 1, -4.190950697591234e-09, -2.7939684343891713e-08, 1.909211277961731e-08, 1),
            ["RightUpperArm"] = CFrame.new(0, 5.960464477539062e-07, -1.1175870895385742e-07, 0.3216307461261749, -0.5705699324607849, 0.7556478977203369, 0.3910743296146393, -0.6467556953430176, -0.6548036336898804, 0.8623308539390564, 0.5061195492744446, 0.015118785202503204),
            ["Head"] = CFrame.new(2.60770320892334e-08, 2.384185791015625e-07, -4.0978193283081055e-08, 0.9382377862930298, -0.008159785531461239, 0.3458949029445648, -0.02575477585196495, 0.9953013062477112, 0.09333918988704681, -0.3450313210487366, -0.09648279845714569, 0.9336190819740295),
            ["RightHand"] = CFrame.new(-3.427267074584961e-07, 5.960464477539062e-07, -5.21540641784668e-07, 0.5364155769348145, -0.35317060351371765, -0.7665043473243713, 0.11312948167324066, 0.9301233887672424, -0.34938845038414, 0.8363372683525085, 0.10070318728685379, 0.5388866066932678),
            ["UpperTorso"] = CFrame.new(-7.636845111846924e-08, 2.086162567138672e-07, 1.862645149230957e-09, 0.9379542469978333, -0.02304929308593273, 0.3459923565387726, 0.05656743422150612, 0.9945930242538452, -0.08709149062633514, -0.34211423993110657, 0.1012597307562828, 0.9341865181922913),
            ["HumanoidRootPart"] = CFrame.new(0, 0, 0, 1, 0, 0, 0, 1, 0, 0, 0, 1),
            ["RightUpperLeg"] = CFrame.new(2.980232238769531e-07, -5.662441253662109e-07, 7.281050784513354e-08, 0.9468668103218079, -0.31652703881263733, -0.0570426769554615, 0.3094959259033203, 0.9449597597122192, -0.10612934082746506, 0.08749588578939438, 0.08283571898937225, 0.9927148222923279),
            ["LeftUpperArm"] = CFrame.new(5.960464477539063e-08, -9.5367431640625e-07, 9.685754776000977e-08, 0.23203685879707336, 0.7968918681144714, -0.557783305644989, -0.9525280594825745, 0.06995648890733719, -0.29630473256111145, -0.19710229337215424, 0.60005784034729, 0.7752943634986877),
            ["RightLowerArm"] = CFrame.new(0.000001430511474609375, -0.0000012516975402832031, 8.940696716308594e-07, 1, -4.4703462265260896e-08, 1.1175870895385742e-07, 6.146726150291215e-08, -0.5223958492279053, -0.8527032136917114, 1.4901154088420299e-07, 0.8527031540870667, -0.5223957300186157),
            ["LeftHand"] = CFrame.new(-3.3527612686157227e-07, 2.384185791015625e-07, -2.980232238769531e-07, 0.9789761900901794, -0.20388247072696686, 0.006141186226159334, 0.20158347487449646, 0.9624625444412231, -0.1817415952682495, 0.03114324063062668, 0.17915859818458557, 0.9833272099494934),
            ["LeftFoot"] = CFrame.new(3.91155481338501e-08, 1.1920928955078125e-07, 2.0489096641540527e-08, 0.9873669743537903, -0.15736550092697144, 0.018508082255721092, 0.15843957662582397, 0.9791811108589172, -0.1268911361694336, 0.0018453618977218866, 0.1282203197479248, 0.9917440414428711),
            ["LowerTorso"] = CFrame.new(-0.032642289996147156, -0.12155437469482422, 0.0799114853143692, 0.8721697330474854, 0.033481355756521225, 0.48805636167526245, -0.08078836649656296, 0.9938147664070129, 0.07619386166334152, -0.4824865460395813, -0.10588324815034866, 0.8694800138473511),
            ["RightLowerLeg"] = CFrame.new(-1.2665987014770508e-07, -0.0000035762786865234375, -0.000013308766938280314, 1, -1.4901162970204496e-08, -1.0430814256778831e-07, 6.332993507385254e-08, 0.859071671962738, 0.5118551850318909, -8.66129994392395e-08, -0.5118555426597595, 0.8590717911720276),
            ["LeftUpperLeg"] = CFrame.new(-2.980232238769531e-07, -4.544854164123535e-07, 1.7881393432617188e-07, 0.9517809748649597, -0.07125266641378403, -0.2983890473842621, -0.08182700723409653, 0.8784517049789429, -0.470772922039032, 0.29566434025764465, 0.4724889397621155, 0.8302631974220276),
            ["LeftLowerLeg"] = CFrame.new(1.3830140233039856e-07, 0.0000036954879760742188, 0.000013140961527824402, 1, 4.097820394122209e-08, 1.8626440834168534e-08, -6.705520405603238e-08, 0.8746153712272644, 0.4848172962665558, -3.7252889661942845e-09, -0.4848174452781677, 0.874615490436554),
        }},
        {Time = 0.167, Data = {
            ["RightFoot"] = CFrame.new(-1.4901161193847656e-08, 2.980232238769531e-07, -4.6733475755900145e-08, 0.75489342212677, 0.21925494074821472, -0.6181125044822693, -0.4232405126094818, 0.882809579372406, -0.20375126600265503, 0.5010023713111877, 0.4154210686683655, 0.7592248916625977),
            ["LeftLowerArm"] = CFrame.new(-2.682209014892578e-07, 7.748603820800781e-07, -2.980232238769531e-07, 1, 2.3283062144940914e-09, -3.725287633926655e-09, -2.3283055483602766e-09, 1, 1.5948888432149033e-08, 3.7252889661942845e-09, 3.14321324523803e-09, 1),
            ["RightUpperArm"] = CFrame.new(2.384185791015625e-07, 7.152557373046875e-07, -6.332993507385254e-08, 0.22446581721305847, -0.5955279469490051, 0.7713375687599182, 0.3430713713169098, -0.6925677061080933, -0.6345487236976624, 0.9120949506759644, 0.40705832839012146, 0.04885093867778778),
            ["Head"] = CFrame.new(2.7939677238464355e-08, 3.5762786865234375e-07, -6.51925802230835e-08, 0.9352228045463562, -0.012451175600290298, 0.35384073853492737, -0.008604959584772587, 0.9982870221138, 0.057871781289577484, -0.3539552390575409, -0.057167790830135345, 0.9335136413574219),
            ["RightHand"] = CFrame.new(1.4901161193847656e-08, 5.960464477539062e-07, -5.21540641784668e-07, 0.49049392342567444, -0.43176618218421936, -0.7569634914398193, 0.13637897372245789, 0.8959597945213318, -0.42267829179763794, 0.8607069849967957, 0.10408724844455719, 0.4983466565608978),
            ["UpperTorso"] = CFrame.new(-1.0617077350616455e-07, 1.1920928955078125e-07, -6.426125764846802e-08, 0.9410770535469055, 0.0390387699007988, 0.3359316885471344, -0.010427005589008331, 0.9961922764778137, -0.08655783534049988, -0.33803170919418335, 0.07795481383800507, 0.9379007816314697),
            ["HumanoidRootPart"] = CFrame.new(0, 0, 0, 1, 0, 0, 0, 1, 0, 0, 0, 1),
            ["RightUpperLeg"] = CFrame.new(3.5762786865234375e-07, -9.476207196712494e-07, -4.639878170564771e-08, 0.9697359204292297, -0.22755329310894012, -0.08849746733903885, 0.2285042405128479, 0.9735426902770996, 0.0006324946880340576, 0.08601228147745132, -0.020835578441619873, 0.9960762858390808),
            ["LeftUpperArm"] = CFrame.new(5.960464477539063e-08, -5.960464477539062e-07, 2.60770320892334e-08, 0.23555898666381836, 0.8121776580810547, -0.5337410569190979, -0.9446612000465393, 0.062326494604349136, -0.32207244634628296, -0.22831377387046814, 0.5800715088844299, 0.781914234161377),
            ["RightLowerArm"] = CFrame.new(2.384185791015625e-07, -0.0000015497207641601562, 7.152557373046875e-07, 1, -5.960460214282648e-08, 1.1920926112907182e-07, 8.940693874137651e-08, -0.5094097852706909, -0.8605241775512695, 1.490115550950577e-07, 0.8605241775512695, -0.5094097256660461),
            ["LeftHand"] = CFrame.new(4.470348358154297e-08, 4.172325134277344e-07, -1.7881393432617188e-07, 0.95784592628479, -0.28552964329719543, 0.03168633580207825, 0.2854388356208801, 0.9334166049957275, -0.21738986670970917, 0.03249472379684448, 0.21727053821086884, 0.9755704998970032),
            ["LeftFoot"] = CFrame.new(7.264316082000732e-08, -5.960464477539063e-08, -3.725290298461914e-09, 0.985838770866394, -0.1666073054075241, 0.019079159945249557, 0.16757316887378693, 0.9743587970733643, -0.15014778077602386, 0.00642578536644578, 0.15121838450431824, 0.988479495048523),
            ["LowerTorso"] = CFrame.new(-0.011358867399394512, -0.10972070693969727, 0.07770022749900818, 0.8690916299819946, -0.01595904864370823, 0.49439364671707153, -0.016868505626916885, 0.9979419112205505, 0.061866652220487595, -0.4943634271621704, -0.06210746988654137, 0.8670337200164795),
            ["RightLowerLeg"] = CFrame.new(1.4901161193847656e-08, -0.0000037550926208496094, -0.000013267788744997233, 1, -8.195640788244418e-08, 7.450581307466564e-08, 5.960465188081798e-08, 0.9388819336891174, 0.34423938393592834, 2.3283067918100642e-08, -0.3442396819591522, 0.9388819932937622),
            ["LeftUpperLeg"] = CFrame.new(-4.172325134277344e-07, -4.7031790018081665e-07, 1.043081283569336e-07, 0.9406433701515198, -0.02037900499999523, -0.3387841582298279, -0.1521194875240326, 0.867002546787262, -0.4745170474052429, 0.30339688062667847, 0.49788686633110046, 0.8124400973320007),
            ["LeftLowerLeg"] = CFrame.new(1.5727709978818893e-07, 0.000003635883331298828, 0.000013304874300956726, 1, 4.4703490686970326e-08, 2.4214372729147726e-08, 7.4505797087454084e-09, 0.8403760194778442, 0.5420035123825073, -1.1175869119028903e-08, -0.542003870010376, 0.8403763175010681),
        }},
        {Time = 0.200, Data = {
            ["RightFoot"] = CFrame.new(-1.6763806343078613e-08, 4.76837158203125e-07, 7.992639439180493e-08, 0.753113865852356, 0.20110970735549927, -0.6263975501060486, -0.37335118651390076, 0.9146096110343933, -0.15523557364940643, 0.5416902899742126, 0.3507767617702484, 0.7638901472091675),
            ["LeftLowerArm"] = CFrame.new(-3.8743019104003906e-07, 5.364418029785156e-07, -2.682209014892578e-07, 1, 3.259629011154175e-09, -5.5879341154252415e-09, -9.313223525708736e-10, 1, 1.7695125364980413e-08, 0, 9.778887033462524e-09, 1),
            ["RightUpperArm"] = CFrame.new(2.384185791015625e-07, 7.152557373046875e-07, 2.2351741790771484e-08, 0.12286399304866791, -0.610258162021637, 0.7826170325279236, 0.2973528206348419, -0.7297253608703613, -0.6156967878341675, 0.9468293190002441, 0.30836036801338196, 0.09180509299039841),
            ["Head"] = CFrame.new(5.029141902923584e-08, 8.344650268554688e-07, -2.60770320892334e-08, 0.9328078627586365, -0.02890390157699585, 0.35921308398246765, 0.02007909305393696, 0.9993985295295715, 0.028274523094296455, -0.35981425642967224, -0.019162019714713097, 0.9328272342681885),
            ["RightHand"] = CFrame.new(2.980232238769531e-07, 1.1920928955078125e-07, -6.332993507385254e-07, 0.44710513949394226, -0.5048342347145081, -0.7384033203125, 0.15081433951854706, 0.8562376499176025, -0.4940771758556366, 0.8816757798194885, 0.10954257100820541, 0.458964467048645),
            ["UpperTorso"] = CFrame.new(-9.033828973770142e-08, -2.9802322387695312e-08, -5.3551048040390015e-08, 0.9406664371490479, 0.06577075272798538, 0.3328976631164551, -0.04285307601094246, 0.9962069988250732, -0.07573145627975464, -0.3366159200668335, 0.056972358375787735, 0.9399169087409973),
            ["HumanoidRootPart"] = CFrame.new(0, 0, 0, 1, 0, 0, 0, 1, 0, 0, 0, 1),
            ["RightUpperLeg"] = CFrame.new(4.76837158203125e-07, -6.19795173406601e-07, 5.75528247281909e-09, 0.978778064250946, -0.18165814876556396, -0.09483540058135986, 0.19003190100193024, 0.9777990579605103, 0.08829949051141739, 0.07668979465961456, -0.10444751381874084, 0.9915692806243896),
            ["LeftUpperArm"] = CFrame.new(2.384185791015625e-07, -3.5762786865234375e-07, 1.043081283569336e-07, 0.24770644307136536, 0.8212794065475464, -0.5139470100402832, -0.9283462166786194, 0.04945024102926254, -0.3684130907058716, -0.2771553099155426, 0.5683790445327759, 0.7746807932853699),
            ["RightLowerArm"] = CFrame.new(0.0000013113021850585938, -0.0000012516975402832031, 0.000001430511474609375, 1, -2.6077019654735523e-08, 1.0430816388407038e-07, 7.450579886381092e-08, -0.5019803047180176, -0.8648791313171387, 1.7881390590446244e-07, 0.8648790717124939, -0.5019803047180176),
            ["LeftHand"] = CFrame.new(-1.341104507446289e-07, -1.1920928955078125e-07, -6.258487701416016e-07, 0.9463227987289429, -0.3172334134578705, 0.061937011778354645, 0.32318347692489624, 0.9256720542907715, -0.19668158888816833, 0.005060635507106781, 0.20614130795001984, 0.9785091876983643),
            ["LeftFoot"] = CFrame.new(-3.3527612686157227e-08, -1.7881393432617188e-07, -7.450580596923828e-09, 0.9864671230316162, -0.16254828870296478, 0.021464291960000992, 0.16389323770999908, 0.9738673567771912, -0.15723034739494324, 0.004653835669159889, 0.15862023830413818, 0.9873287081718445),
            ["LowerTorso"] = CFrame.new(-0.0018401581328362226, -0.1045386791229248, 0.07506370544433594, 0.8661679029464722, -0.03242010623216629, 0.49870043992996216, 0.011849003843963146, 0.9989452958106995, 0.044360678642988205, -0.49961262941360474, -0.03251469135284424, 0.8656384944915771),
            ["RightLowerLeg"] = CFrame.new(-7.450580596923828e-09, -0.0000036954879760742188, -0.000013305041647981852, 1, 0, -1.4901161193847656e-08, -1.1175872671742582e-08, 0.9764444828033447, 0.21576911211013794, -1.6763808119435453e-08, -0.21576929092407227, 0.9764444231987),
            ["LeftUpperLeg"] = CFrame.new(-4.76837158203125e-07, -2.9709190130233765e-07, 8.940696716308594e-08, 0.932902455329895, -0.00027022225549444556, -0.3601289987564087, -0.17877523601055145, 0.8677348494529724, -0.46376287937164307, 0.3126220703125, 0.4970274865627289, 0.8094635009765625),
            ["LeftLowerLeg"] = CFrame.new(2.4563632905483246e-08, 0.000004172325134277344, 0.000013344455510377884, 1, 6.332993507385254e-08, 6.519255180137407e-08, -5.215404996761208e-08, 0.8259000778198242, 0.5638166666030884, -7.450578820566989e-09, -0.5638166069984436, 0.8258999586105347),
        }},
        {Time = 0.233, Data = {
            ["RightFoot"] = CFrame.new(-4.0978193283081055e-08, 3.5762786865234375e-07, -2.0656443666666746e-08, 0.7512710690498352, 0.1910669058561325, -0.6317319869995117, -0.3533603847026825, 0.9248767495155334, -0.14049653708934784, 0.55743008852005, 0.32878032326698303, 0.7623487114906311),
            ["LeftLowerArm"] = CFrame.new(-0.0000014603137969970703, 9.5367431640625e-07, -1.1920928955078125e-07, 1, -3.725291630729544e-09, -3.166496043149891e-08, 7.4505797087454084e-09, 1, -6.51925624595151e-09, 1.6763804566721774e-08, 2.421439582178664e-08, 1),
            ["RightUpperArm"] = CFrame.new(1.1920928955078125e-07, 4.76837158203125e-07, -9.12696123123169e-08, 0.0506458505988121, -0.6098322868347168, 0.7909106016159058, 0.27001306414604187, -0.7540740370750427, -0.5987197160720825, 0.9615237712860107, 0.24387890100479126, 0.12647183239459991),
            ["Head"] = CFrame.new(4.6566128730773926e-08, 2.384185791015625e-07, -3.166496753692627e-08, 0.9309041500091553, -0.051306553184986115, 0.36164233088493347, 0.04831920936703682, 0.9986820220947266, 0.017305459827184677, -0.3620535731315613, 0.0013645534636452794, 0.9321563243865967),
            ["RightHand"] = CFrame.new(4.172325134277344e-07, 4.76837158203125e-07, 1.2665987014770508e-07, 0.418325811624527, -0.550025224685669, -0.7228248715400696, 0.15389785170555115, 0.8272174000740051, -0.5403950810432434, 0.8951643109321594, 0.11482004076242447, 0.4306941330432892),
            ["UpperTorso"] = CFrame.new(-1.0943040251731873e-07, -4.470348358154297e-07, -4.98257577419281e-08, 0.9401689171791077, 0.0715797021985054, 0.3331047594547272, -0.05586732551455498, 0.9968369603157043, -0.05652444064617157, -0.33609718084335327, 0.03453285992145538, 0.9411941170692444),
            ["HumanoidRootPart"] = CFrame.new(0, 0, 0, 1, 0, 0, 0, 1, 0, 0, 0, 1),
            ["RightUpperLeg"] = CFrame.new(3.5762786865234375e-07, -0.0000014398247003555298, -5.420588422566652e-09, 0.9812120199203491, -0.16977059841156006, -0.0916571393609047, 0.180845707654953, 0.9748309850692749, 0.13038115203380585, 0.0672154352068901, -0.1445075273513794, 0.9872182607650757),
            ["LeftUpperArm"] = CFrame.new(2.384185791015625e-07, -4.76837158203125e-07, 4.284083843231201e-08, 0.25968924164772034, 0.824610710144043, -0.5025721192359924, -0.9072381258010864, 0.030012058094143867, -0.41954538226127625, -0.33087828755378723, 0.5649040341377258, 0.7559120655059814),
            ["RightLowerArm"] = CFrame.new(3.5762786865234375e-07, -0.0000013113021850585938, 3.8743019104003906e-07, 1, -9.68574909165909e-08, 7.823107495141812e-08, 5.9604616353681195e-08, -0.4964457154273987, -0.8680678606033325, 1.3411039390121005e-07, 0.868067741394043, -0.4964457154273987),
            ["LeftHand"] = CFrame.new(1.7881393432617188e-07, 0, -0.0000011622905731201172, 0.950431227684021, -0.29752498865127563, 0.09032916277647018, 0.308897465467453, 0.9366841912269592, -0.16494019329547882, -0.035536132752895355, 0.18466676771640778, 0.9821586012840271),
            ["LeftFoot"] = CFrame.new(3.725290298461914e-09, 0, -3.3527612686157227e-08, 0.9878628253936768, -0.15326008200645447, 0.025266939774155617, 0.15532809495925903, 0.9753037691116333, -0.157022163271904, -0.0005780196515843272, 0.1590409129858017, 0.9872718453407288),
            ["LowerTorso"] = CFrame.new(5.382642029871931e-07, -0.1033928394317627, 0.07192051410675049, 0.865378201007843, -0.02672339789569378, 0.5004063248634338, 0.017421677708625793, 0.9995778203010559, 0.023252658545970917, -0.5008164048194885, -0.011404423043131828, 0.8654784560203552),
            ["RightLowerLeg"] = CFrame.new(-8.568167686462402e-08, -0.000003337860107421875, -0.0000133199428091757, 1, -7.4505797087454084e-09, -7.450581307466564e-08, 2.793966658032332e-08, 0.9841002225875854, 0.1776140183210373, 9.313222193441106e-09, -0.17761409282684326, 0.984100341796875),
            ["LeftUpperLeg"] = CFrame.new(-3.5762786865234375e-07, -7.820781320333481e-07, 2.2351741790771484e-08, 0.9301948547363281, 0.0012735030613839626, -0.3670639395713806, -0.17693009972572327, 0.8777152895927429, -0.4453220069408417, 0.32161080837249756, 0.47918087244033813, 0.8166715502738953),
            ["LeftLowerLeg"] = CFrame.new(2.0256265997886658e-08, 0.0000036954879760742188, 0.00001326482743024826, 1, 2.2351738238057806e-08, 2.048908598339949e-08, -5.2154039309471045e-08, 0.823769748210907, 0.5669246315956116, 2.2351731132630448e-08, -0.5669245719909668, 0.8237696290016174),
        }},
        {Time = 0.267, Data = {
            ["RightFoot"] = CFrame.new(-3.3527612686157227e-08, 3.5762786865234375e-07, 1.6596459317952394e-08, 0.7504649758338928, 0.19081147015094757, -0.6327662467956543, -0.37448200583457947, 0.9116612076759338, -0.16922542452812195, 0.5445784330368042, 0.3639574944972992, 0.7556254267692566),
            ["LeftLowerArm"] = CFrame.new(7.748603820800781e-07, 4.76837158203125e-07, -3.725290298461914e-07, 1, -7.4505797087454084e-09, -1.4901157641133977e-08, 0, 1, 1.8626447051417472e-09, 0, -1.8626449271863521e-09, 1),
            ["RightUpperArm"] = CFrame.new(1.1920928955078125e-07, 4.76837158203125e-07, -1.6391277313232422e-07, 0.030057268217206, -0.6145139932632446, 0.7883331775665283, 0.2596375048160553, -0.7568174004554749, -0.5998465418815613, 0.9652382731437683, 0.22271065413951874, 0.1368027925491333),
            ["Head"] = CFrame.new(3.725290298461914e-08, -3.5762786865234375e-07, -5.029141902923584e-08, 0.9302420020103455, -0.06409180909395218, 0.36130625009536743, 0.0634695366024971, 0.9978911280632019, 0.013602321967482567, -0.3614160716533661, 0.010278481058776379, 0.9323480725288391),
            ["RightHand"] = CFrame.new(7.450580596923828e-08, 5.960464477539062e-07, 7.450580596923828e-09, 0.4118789732456207, -0.559525728225708, -0.7192265391349792, 0.15571412444114685, 0.8208922743797302, -0.5494442582130432, 0.8978357315063477, 0.11431083083152771, 0.42523428797721863),
            ["UpperTorso"] = CFrame.new(-9.080395102500916e-08, -2.086162567138672e-07, -3.748573362827301e-08, 0.9411653876304626, 0.05549798905849457, 0.3333582282066345, -0.0460311658680439, 0.9982826113700867, -0.036236464977264404, -0.33479681611061096, 0.01875964179635048, 0.9421036243438721),
            ["HumanoidRootPart"] = CFrame.new(0, 0, 0, 1, 0, 0, 0, 1, 0, 0, 0, 1),
            ["RightUpperLeg"] = CFrame.new(2.980232238769531e-07, -0.0000013094977475702763, -5.9437297750264406e-08, 0.9785016775131226, -0.18914104998111725, -0.08222086727619171, 0.19739368557929993, 0.9743943214416504, 0.1076631024479866, 0.059751980006694794, -0.12157857418060303, 0.9907817840576172),
            ["LeftUpperArm"] = CFrame.new(1.1920928955078125e-07, -9.5367431640625e-07, 1.043081283569336e-07, 0.2868677079677582, 0.8214149475097656, -0.49293458461761475, -0.8695008158683777, 0.0072828661650419235, -0.4938778579235077, -0.4020887017250061, 0.5702845454216003, 0.7163102030754089),
            ["RightLowerArm"] = CFrame.new(0.0000011324882507324219, -0.0000010728836059570312, 4.172325134277344e-07, 1, -5.215403220404369e-08, 1.8626448650138627e-07, 7.450577044210149e-08, -0.508088231086731, -0.8613049983978271, 1.1920923270736239e-07, 0.8613049983978271, -0.508088231086731),
            ["LeftHand"] = CFrame.new(8.940696716308594e-08, 1.1920928955078125e-07, 8.940696716308594e-08, 0.9570102691650391, -0.25114282965660095, 0.1451161503791809, 0.26773199439048767, 0.9573241472244263, -0.10885849595069885, -0.11158426105976105, 0.14303094148635864, 0.9834079146385193),
            ["LeftFoot"] = CFrame.new(3.91155481338501e-08, 5.960464477539063e-08, 2.60770320892334e-08, 0.989571750164032, -0.14083628356456757, 0.030216798186302185, 0.1438148319721222, 0.9777932167053223, -0.15243947505950928, -0.008076842874288559, 0.15519507229328156, 0.9878508448600769),
            ["LowerTorso"] = CFrame.new(-0.004739117808640003, -0.10553717613220215, 0.0674094408750534, 0.8666841387748718, -0.005433282814919949, 0.4988277852535248, 0.0031002028845250607, 0.999980092048645, 0.005505463108420372, -0.49884772300720215, -0.0032250303775072098, 0.8666836619377136),
