return {
    ["Square Up"] = {
        [1] = {Time = 0.000, Data = {
            ["RightFoot"] = CFrame.new(2.4586915969848633e-07, -5.960464477539063e-08, 4.470348358154297e-08, 0.9893496036529541, -0.1310371607542038, 0.06337845325469971, 0.13543392717838287, 0.6691299080848694, -0.7307001948356628, 0.05334045737981796, 0.7315015196800232, 0.6797502636909485),
            ["LeftLowerArm"] = CFrame.new(0.0000013954704627394676, -5.476176738739014e-07, 0.000005036592483520508, 1, -2.9802315282267955e-08, -8.940695295223122e-08, -1.4901161193847656e-08, -0.10454615205526352, -0.9945200681686401, -6.705522537231445e-08, 0.9945200085639954, -0.1045462042093277),
            ["LeftFoot"] = CFrame.new(-1.257285475730896e-08, -1.341104507446289e-07, -1.862645149230957e-09, 0.9987949728965759, 0.017592187970876694, 0.045816175639629364, -0.00510309636592865, 0.9657135009765625, -0.259560227394104, -0.04881151020526886, 0.2590135335922241, 0.9646394848823547),
            ["Head"] = CFrame.new(3.725290298461914e-08, -9.5367431640625e-07, 5.960464477539063e-08, 0.9977390766143799, -0.06572788208723068, 0.014023590832948685, 0.05797722190618515, 0.9473029375076294, 0.3150489628314972, -0.03399217128753662, -0.3135235607624054, 0.9489718079566956),
            ["RightUpperArm"] = CFrame.new(-0.013663291931152344, 0.08297769725322723, 0.05158495157957077, 0.8075336813926697, -0.5469942688941956, 0.22065021097660065, 0.3737524449825287, 0.7639572024345398, 0.5260025858879089, -0.4562877118587494, -0.34229618310928345, 0.8213615417480469),
            ["UpperTorso"] = CFrame.new(-4.470348358154297e-08, 1.1920928955078125e-07, 4.470348358154297e-08, 0.9788706302642822, 0.12980057299137115, -0.15800052881240845, -0.09064967930316925, 0.9680770039558411, 0.23368698358535767, 0.18328949809074402, -0.21442654728889465, 0.9593884348869324),
            ["HumanoidRootPart"] = CFrame.new(0, 0, 0, 1, 0, 0, 0, 1, 0, 0, 0, 1),
            ["RightHand"] = CFrame.new(3.501772880554199e-07, 0.0000014379620552062988, -6.183981895446777e-07, 0.7371113300323486, -0.19179807603359222, 0.6479812264442444, 0.4151511788368225, 0.8851203918457031, -0.21026542782783508, -0.5332133173942566, 0.4239993691444397, 0.7320579290390015),
            ["LeftUpperArm"] = CFrame.new(0.04315483570098877, 0.0882323756814003, 0.05154413357377052, 0.85331130027771, 0.5024545788764954, -0.13928104937076569, -0.4078630208969116, 0.8096542954444885, 0.42202818393707275, 0.3248193562030792, -0.3033137619495392, 0.8958198428153992),
            ["RightLowerArm"] = CFrame.new(4.232224455336109e-07, 4.246830940246582e-07, -0.000003948807716369629, 1, -0.00000968575113802217, 0.000016875568690011278, 0.000018998976884176955, 0.28936249017715454, -0.957219660282135, 0.000004351138159108814, 0.9572196006774902, 0.2893625497817993),
            ["LeftHand"] = CFrame.new(-0.0000013918615877628326, -0.000001087784767150879, 2.2910535335540771e-07, 0.9688348770141602, 0.04274657368659973, -0.2439911663532257, -0.08348654955625534, 0.9837162494659424, -0.15916182100772858, 0.2332146316766739, 0.17457152903079987, 0.9566273093223572),
            ["LowerTorso"] = CFrame.new(0.04693489149212837, -0.41673731803894043, -0.14529281854629517, 0.9892653822898865, -0.027533961459994316, 0.1435132473707199, 0.03324363753199577, 0.9987420439720154, -0.0375397652387619, -0.1422991156578064, 0.04190769046545029, 0.988936185836792),
            ["RightUpperLeg"] = CFrame.new(-1.341104507446289e-07, -1.1920928955078125e-07, 8.940696716308594e-08, 0.9827044606208801, 0.10639815032482147, -0.15156309306621552, -0.1585746705532074, 0.9061880707740784, -0.39201727509498596, 0.09563475847244263, 0.4092709720134735, 0.9073869585990906),
            ["RightLowerLeg"] = CFrame.new(-1.2559784323684653e-08, -0.0007263123989105225, 0.00004598498344421387, 1, 1.452863784834335e-07, 3.352762689701194e-08, -5.960465898624534e-08, 0.27370890974998474, 0.9618126749992371, 1.098960922263359e-07, -0.9618126153945923, 0.2737089991569519),
            ["LeftUpperLeg"] = CFrame.new(-5.21540641784668e-08, 8.940696716308594e-08, 1.043081283569336e-07, 0.9828907251358032, 0.15049849450588226, 0.10618894547224045, -0.0869671106338501, 0.8874027132987976, -0.45271778106689453, -0.16236568987369537, 0.4357369840145111, 0.8853081464767456),
            ["LeftLowerLeg"] = CFrame.new(8.106425752885116e-08, -0.0007263273000717163, 0.00008085370063781738, 1, 3.026798367500305e-08, 1.471489667892456e-07, -5.960464477539063e-08, -0.531782329082489, 0.846881091594696, 1.2852251529693604e-07, -0.846881091594696, -0.531782329082489)
        }},
        [2] = {Time = 0.033, Data = {
            ["RightFoot"] = CFrame.new(1.8812716007232666e-07, -7.450580596923828e-09, -3.725290298461914e-08, 0.9878639578819275, -0.12725386023521423, 0.08905866742134094, 0.1538252979516983, 0.7221319079399109, -0.6744356155395508, 0.021512441337108612, 0.6799499988555908, 0.7329428791999817),
            ["LeftLowerArm"] = CFrame.new(0.0000013777753338217735, -4.3213367462158203e-07, 0.0000049620866775512695, 1, -1.4901161193847656e-08, -5.960464477539063e-08, -4.470348358154297e-08, -0.3757668137550354, -0.926714301109314, -3.073364496231079e-08, 0.9267142415046692, -0.3757668733596802),
            ["LeftFoot"] = CFrame.new(7.916241884231567e-09, -7.450580596923828e-09, -9.12696123123169e-08, 0.9996702671051025, 0.02028118446469307, 0.01575120911002159, -0.014885986223816872, 0.9574863314628601, -0.2880946099758148, -0.020924486219882965, 0.28776493668556213, 0.9574724435806274),
            ["Head"] = CFrame.new(2.2351741790771484e-08, -7.748603820800781e-07, 1.4901161193847656e-08, 0.9980432987213135, -0.06252522021532059, -0.0004981923848390579, 0.059111230075359344, 0.9408913850784302, 0.3335108160972595, -0.02038407139480114, -0.33288758993148804, 0.9427462220191956),
            ["RightUpperArm"] = CFrame.new(-0.014918744564056396, 0.08952082693576813, 0.04905180633068085, 0.7216607332229614, -0.6283214092254639, 0.2905479669570923, 0.41159698367118835, 0.7269294857978821, 0.5496923327445984, -0.5565910935401917, -0.2771025598049164, 0.7832115292549133),
            ["UpperTorso"] = CFrame.new(2.9802322387695312e-08, -5.960464477539063e-08, 1.4901161193847656e-08, 0.9905654191970825, 0.06642745435237885, -0.11986492574214935, -0.03866967931389809, 0.9746094346046448, 0.22054778039455414, 0.1314718872308731, -0.2138318568468094, 0.967983067035675),
            ["HumanoidRootPart"] = CFrame.new(0, 0, 0, 1, 0, 0, 0, 1, 0, 0, 0, 1),
            ["RightHand"] = CFrame.new(4.2282044887542725e-07, 0.0000011846423149108887, -8.046627044677734e-07, 0.7310764789581299, -0.22526997327804565, 0.6440342664718628, 0.38290122151374817, 0.9167285561561584, -0.11399789154529572, -0.5647246837615967, 0.32994264364242554, 0.7564552426338196),
            ["LeftUpperArm"] = CFrame.new(0.041884779930114746, 0.08848538994789124, 0.049067240208387375, 0.8234995603561401, 0.5659894347190857, -0.03878742828965187, -0.4390656054019928, 0.6791389584541321, 0.5882108211517334, 0.35926303267478943, -0.4673609435558319, 0.8077769875526428),
            ["RightLowerArm"] = CFrame.new(-1.4632723832619376e-07, 6.221234798431396e-07, -0.000003933906555175781, 1, -0.00000558793499294552, 0.00001864135447249282, 0.000019043684005737305, 0.0640888586640358, -0.9979442358016968, 0.000004366040229797363, 0.9979442358016968, 0.06408896297216415),
            ["LeftHand"] = CFrame.new(-0.0000014546094462275505, -0.0000010579824447631836, 4.6193599700927734e-07, 0.9774594306945801, 0.005539447534829378, -0.2110503762960434, -0.02898639813065529, 0.9937102198600769, -0.10816548019647598, 0.2091238647699356, 0.11184485256671906, 0.9714721441268921),
            ["LowerTorso"] = CFrame.new(0.031817156821489334, -0.37377455830574036, -0.12917663156986237, 0.9941061735153198, 0.021818164736032486, 0.10619255155324936, -0.017145344987511635, 0.998852550983429, -0.04471909627318382, -0.10704636573791504, 0.04263482242822647, 0.9933395981788635),
            ["RightUpperLeg"] = CFrame.new(-6.891787052154541e-08, -3.5762786865234375e-07, 1.1920928955078125e-07, 0.9908519983291626, 0.049052100628614426, -0.125723198056221, -0.0929407924413681, 0.9234974980354309, -0.3721756339073181, 0.09784900397062302, 0.38045552372932434, 0.9196081161499023),
            ["RightLowerLeg"] = CFrame.new(-1.441204915408889e-07, -0.0007261931896209717, 0.000046193599700927734, 1, 1.4342370491249312e-07, 5.960465188081798e-08, -8.521600847188893e-08, 0.2586100697517395, 0.9659817814826965, 1.2759117851146584e-07, -0.9659819006919861, 0.25861015915870667),
            ["LeftUpperLeg"] = CFrame.new(5.960464477539063e-08, -3.5762786865234375e-07, 8.940696716308594e-08, 0.981687605381012, 0.1270071566104889, 0.14198097586631775, -0.05716572701931, 0.9073727130889893, -0.41642165184020996, -0.1817181408405304, 0.400679349899292, 0.8980169892311096),
            ["LeftLowerLeg"] = CFrame.new(-4.5174132878855744e-08, -0.0007265806198120117, 0.00008115172386169434, 1, 9.10368029849451e-08, 1.3131648302078247e-07, -8.56816981809061e-08, -0.43907248973846436, 0.8984516859054565, 1.5273694486950262e-07, -0.8984517455101013, -0.4390724003314972)
        }},
        [3] = {Time = 0.067, Data = {
            ["RightFoot"] = CFrame.new(2.2025778889656067e-07, 3.725290298461914e-08, 5.587935447692871e-08, 0.9899455308914185, -0.06557171046733856, 0.12533268332481384, 0.12358210980892181, 0.8320042490959167, -0.5408295392990112, -0.06881415843963623, 0.5508806109428406, 0.8317422270774841),
            ["LeftLowerArm"] = CFrame.new(0.0000015863915905356407, -3.2782554626464844e-07, 0.00000476837158203125, 1, -4.4703490686970326e-08, -1.4901161193847656e-07, -5.960464477539063e-08, -0.5164191126823425, -0.8563359975814819, -1.4901161193847656e-08, 0.8563360571861267, -0.5164190530776978),
            ["LeftFoot"] = CFrame.new(5.375477485358715e-08, -1.9371509552001953e-07, 7.450580596923828e-09, 0.9990730881690979, -0.003969360608607531, -0.042864490300416946, -0.008908473886549473, 0.9551208019256592, -0.29608267545700073, 0.04211597889661789, 0.2961903214454651, 0.9542000889778137),
            ["Head"] = CFrame.new(-3.725290298461914e-09, -0.0000011324882507324219, -1.1920928955078125e-07, 0.9984517097473145, -0.0546426996588707, -0.010415537282824516, 0.054763346910476685, 0.9327170252799988, 0.35642632842063904, -0.009761343710124493, -0.3564451038837433, 0.9342654347419739),
            ["RightUpperArm"] = CFrame.new(-0.017709195613861084, 0.09590233862400055, 0.045855626463890076, 0.6358157396316528, -0.7036486864089966, 0.3172019124031067, 0.4485878050327301, 0.6713148951530457, 0.5900043249130249, -0.6280982494354248, -0.23284123837947845, 0.7424809336662292),
            ["UpperTorso"] = CFrame.new(1.1175870895385742e-08, 1.1920928955078125e-07, -2.9802322387695312e-08, 0.9970363974571228, 0.016745615750551224, -0.0750875249505043, -0.003091046353802085, 0.9839546084403992, 0.17839229106903076, 0.07686998695135117, -0.17763151228427887, 0.9810903072357178),
            ["HumanoidRootPart"] = CFrame.new(0, 0, 0, 1, 0, 0, 0, 1, 0, 0, 0, 1),
            ["RightHand"] = CFrame.new(2.1606683731079102e-07, 0.0000010058283805847168, -7.82310962677002e-07, 0.7450771331787109, -0.2860839068889618, 0.6025075912475586, 0.35999932885169983, 0.9329500198364258, -0.002199561567977071, -0.5614807605743408, 0.2185412049293518, 0.7981101870536804),
            ["LeftUpperArm"] = CFrame.new(0.03912836313247681, 0.08789492398500443, 0.04607949033379555, 0.7943085432052612, 0.604373574256897, 0.06169719621539116, -0.47237682342529297, 0.5505660772323608, 0.6882854700088501, 0.38201335072517395, -0.5758554339408875, 0.7228116393089294),
            ["RightLowerArm"] = CFrame.new(4.2755954154927167e-07, 2.8312206268310547e-07, -0.000003546476364135742, 1, -0.0000016242265701293945, 0.000019401319150347263, 0.000018998982341145165, -0.13889862596988678, -0.9903066158294678, 0.000004380941845738562, 0.9903066754341125, -0.13889868557453156),
            ["LeftHand"] = CFrame.new(-0.0000015676487237215042, -0.0000011995434761047363, -6.332993507385254e-08, 0.9796863794326782, 0.007512511685490608, -0.20039474964141846, -0.03394950181245804, 0.9910871386528015, -0.1288166642189026, 0.19764116406440735, 0.1330031454563141, 0.971209704875946),
            ["LowerTorso"] = CFrame.new(0.02002589777112007, -0.3200676441192627, -0.10697374492883682, 0.9964165091514587, 0.05209371820092201, 0.06663636118173599, -0.051250770688056946, 0.9985834360122681, -0.014298719353973866, -0.06728683412075043, 0.010832317173480988, 0.9976748824119568),
            ["RightUpperLeg"] = CFrame.new(-5.3551048040390015e-08, -1.4901161193847656e-07, -1.4901161193847656e-08, 0.995715856552124, -0.017258448526263237, -0.09084058552980423, -0.021964240819215775, 0.9101614952087402, -0.41367101669311523, 0.08981888741254807, 0.41389405727386475, 0.9058831930160522),
            ["RightLowerLeg"] = CFrame.new(-3.881405774563973e-08, -0.0007262751460075378, 0.000046133995056152344, 1, 1.5459956159702415e-07, 3.4458938813486384e-08, -7.35744833946228e-08, 0.22852152585983276, 0.9735388159751892, 1.3224780559539795e-07, -0.9735389351844788, 0.22852171957492828),
            ["LeftUpperLeg"] = CFrame.new(8.195638656616211e-08, 5.960464477539063e-08, -1.9371509552001953e-07, 0.9784626960754395, 0.14710670709609985, 0.14481227099895477, -0.06886111944913864, 0.8939531445503235, -0.44283825159072876, -0.1945999264717102, 0.4233291447162628, 0.8848297595977783),
            ["LeftLowerLeg"] = CFrame.new(6.158285970059296e-08, -0.0007263049483299255, 0.00008112192153930664, 1, 9.685759039257391e-08, 1.3224779138454323e-07, -5.960465188081798e-08, -0.3227744996547699, 0.9464760422706604, 1.4901162614933128e-07, -0.9464760422706604, -0.32277432084083557)
        }},
        [4] = {Time = 0.100, Data = {
            ["RightFoot"] = CFrame.new(1.6047852113842964e-07, -3.129243850708008e-07, 7.450580596923828e-09, 0.9803375601768494, -0.0036424491554498672, 0.19729436933994293, 0.0677790641784668, 0.9452141523361206, -0.3193373680114746, -0.18532218039035797, 0.3264307975769043, 0.9268757104873657),
            ["LeftLowerArm"] = CFrame.new(0.000001134234480559826, -1.2665987014770508e-07, 0.000004932284355163574, 1, -1.4901161193847656e-08, -8.940699558479537e-08, -1.639127589214695e-07, -0.4716135263442993, -0.881805419921875, 5.215405707303944e-08, 0.8818053603172302, -0.4716135859489441),
            ["LeftFoot"] = CFrame.new(-4.6100467443466187e-08, -1.9371509552001953e-07, -1.3969838619232178e-07, 0.9946731328964233, -0.049080099910497665, -0.09064594656229019, 0.02524460293352604, 0.9685790538787842, -0.2474217414855957, 0.09994123876094818, 0.24381527304649353, 0.9646584987640381),
            ["Head"] = CFrame.new(-2.2351741790771484e-08, -7.152557373046875e-07, -4.470348358154297e-08, 0.9989144802093506, -0.044139355421066284, -0.01488590706139803, 0.04644545540213585, 0.919324517250061, 0.39074957370758057, -0.0035624695010483265, -0.3910169005393982, 0.920376718044281),
            ["RightUpperArm"] = CFrame.new(-0.02260977029800415, 0.09659242630004883, 0.0425666868686676, 0.5805153846740723, -0.741406261920929, 0.33662864565849304, 0.44391873478889465, 0.6347538828849792, 0.6324741840362549, -0.6825965046882629, -0.2177252322435379, 0.697608470916748),
            ["UpperTorso"] = CFrame.new(-1.0710209608078003e-08, 4.76837158203125e-07, 2.9802322387695312e-08, 0.9996237754821777, -0.006291690748184919, -0.026701457798480988, 0.009484845213592052, 0.9925827383995056, 0.12120110541582108, 0.025740861892700195, -0.12140870094299316, 0.9922687411308289),
            ["HumanoidRootPart"] = CFrame.new(0, 0, 0, 1, 0, 0, 0, 1, 0, 0, 0, 1),
            ["RightHand"] = CFrame.new(1.7881393432617188e-07, 0.0000011026859283447266, -7.022172212600708e-07, 0.7582879066467285, -0.3633509874343872, 0.541271448135376, 0.40690523386001587, 0.9124817252159119, 0.04249268397688866, -0.5093404650688171, 0.18802441656589508, 0.8397734761238098),
            ["LeftUpperArm"] = CFrame.new(0.034324467182159424, 0.08098210394382477, 0.04319214075803757, 0.7667805552482605, 0.6396698355674744, 0.05357598885893822, -0.4744802415370941, 0.5085893869400024, 0.7184743285179138, 0.43233802914619446, -0.576332688331604, 0.6934871077537537),
            ["RightLowerArm"] = CFrame.new(1.8068350016164914e-07, 1.1548399925231934e-07, -0.000004380941390991211, 1, -2.980232594040899e-08, 0.000019490724298520945, 0.000018969178199768066, -0.22680243849754333, -0.9739407896995544, 0.0000044405460357666016, 0.9739407896995544, -0.22680246829986572),
            ["LeftHand"] = CFrame.new(-0.0000016512349247932434, -0.0000011175870895385742, 3.371387720108032e-07, 0.9679704308509827, 0.08576618880033493, -0.23596057295799255, -0.13564735651016235, 0.9695144891738892, -0.2040630728006363, 0.21126577258110046, 0.22953450679779053, 0.9500952959060669),
            ["LowerTorso"] = CFrame.new(0.013521529734134674, -0.23486626148223877, -0.08551237732172012, 0.9978945255279541, 0.058354832231998444, 0.02830948866903782, -0.059400610625743866, 0.9975249767303467, 0.03762463480234146, -0.02604384534060955, -0.039227019995450974, 0.9988908767700195),
            ["RightUpperLeg"] = CFrame.new(6.705522537231445e-08, -5.960464477539063e-08, 5.960464477539063e-08, 0.9958875775337219, -0.07035281509160995, -0.05708305165171623, 0.034020137041807175, 0.8743573427200317, -0.48408904671669006, 0.08396807312965393, 0.4801560640335083, 0.8731547594070435),
            ["RightLowerLeg"] = CFrame.new(-8.236926873905759e-08, -0.0007263794541358948, 0.00004607439041137695, 1, 1.4901161193847656e-07, 4.6566135836201283e-08, -9.080396523586387e-08, 0.23212113976478577, 0.9726869463920593, 1.303851746570217e-07, -0.9726868867874146, 0.23212118446826935),
            ["LeftUpperLeg"] = CFrame.new(-7.450580596923828e-09, -2.086162567138672e-07, 4.470348358154297e-08, 0.9711997509002686, 0.1983051896095276, 0.13208334147930145, -0.10498593002557755, 0.853798508644104, -0.5099083185195923, -0.21389001607894897, 0.4813557267189026, 0.8500279784202576),
            ["LeftLowerLeg"] = CFrame.new(-5.655876833543516e-08, -0.0007266886532306671, 0.00008088350296020508, 1, 9.685753354915505e-08, 9.685754776000977e-08, -8.195637946073475e-08, -0.13147777318954468, 0.9913191199302673, 9.685753354915505e-08, -0.9913191199302673, -0.13147775828838348)
        }},
        [5] = {Time = 0.133, Data = {
            ["RightFoot"] = CFrame.new(1.3504177331924438e-07, -7.450580596923828e-09, -4.470348358154297e-08, 0.9476157426834106, 0.1321607381105423, 0.29078835248947144, -0.07377956062555313, 0.9763322472572327, -0.20330245792865753, -0.31077471375465393, 0.1711985170841217, 0.9349386692047119),
            ["LeftLowerArm"] = CFrame.new(0.0000012592645362019539, -1.862645149230957e-07, 0.000005170702934265137, 1, -5.960465188081798e-08, -1.4901164746561335e-08, -1.1920930376163597e-07, -0.42426180839538574, -0.9055395722389221, -2.2351745343485163e-08, 0.9055396318435669, -0.42426183819770813),
            ["LeftFoot"] = CFrame.new(-5.4016709327697754e-08, -1.4156103134155273e-07, 2.7939677238464355e-08, 0.9884361624717712, -0.10570448637008667, -0.10872270166873932, 0.0864446684718132, 0.9818676710128784, -0.16871094703674316, 0.12458478659391403, 0.1573614925146103, 0.9796510338783264),
            ["Head"] = CFrame.new(3.725290298461914e-09, -6.854534149169922e-07, -1.341104507446289e-07, 0.999279260635376, -0.034820038825273514, -0.015121851116418839, 0.0379432775080204, 0.9036616086959839, 0.4265631139278412, -0.001187897869385779, -0.4268295466899872, 0.9043314456939697),
            ["RightUpperArm"] = CFrame.new(-0.02771848440170288, 0.09390433132648468, 0.03978121280670166, 0.5808078050613403, -0.7434479594230652, 0.3315836191177368, 0.4179670512676239, 0.6218921542167664, 0.6622337698936462, -0.698545515537262, -0.24603953957557678, 0.6719365119934082),
            ["UpperTorso"] = CFrame.new(0, 5.960464477539063e-08, -4.470348358154297e-08, 0.9997642040252686, -0.008962464518845081, 0.019778532907366753, 0.0069227092899382114, 0.9948735237121582, 0.10088987648487091, -0.020581364631652832, -0.10072922706604004, 0.9947009682655334),
            ["HumanoidRootPart"] = CFrame.new(0, 0, 0, 1, 0, 0, 0, 1, 0, 0, 0, 1),
            ["RightHand"] = CFrame.new(1.9744038581848145e-07, 0.0000012665987014770508, -6.984919309616089e-07, 0.7656235098838806, -0.39124757051467896, 0.5106321573257446, 0.44941866397857666, 0.8932589292526245, 0.010575118474662304, -0.460264652967453, 0.22139115631580353, 0.8597342371940613),
            ["LeftUpperArm"] = CFrame.new(0.029362142086029053, 0.07121873646974564, 0.04091838002204895, 0.7886564135551453, 0.6119011640548706, 0.059985771775245667, -0.47687435150146484, 0.5471917986869812, 0.687874972820282, 0.3880877196788788, -0.5711025595664978, 0.7233462929725647),
            ["RightLowerArm"] = CFrame.new(2.5514643198221165e-07, 5.364418029785156e-07, -0.0000036954879760742188, 1, 3.5762786865234375e-07, 0.000019520528439898044, 0.00001890957537398208, -0.24397312104701996, -0.9697819948196411, 0.0000044405464905139524, 0.9697819948196411, -0.24397313594818115),
            ["LeftHand"] = CFrame.new(-0.0000012647360563278198, -0.0000011920928955078125, 1.2665987014770508e-07, 0.9474663734436035, 0.1300404667854309, -0.2922270894050598, -0.1964312344789505, 0.9576023817062378, -0.21074292063713074, 0.2524324655532837, 0.25707441568374634, 0.9328401684761047),
            ["LowerTorso"] = CFrame.new(0.011826847679913044, -0.19045937061309814, -0.0762365385890007, 0.9987101554870605, 0.049530886113643646, -0.011176901869475842, -0.04881971329450607, 0.997190535068512, 0.05681329593062401, 0.01395951397716999, -0.05619436129927635, 0.9983222484588623),
            ["RightUpperLeg"] = CFrame.new(-1.4901161193847656e-08, 8.940696716308594e-08, 1.4901161193847656e-08, 0.9882435202598572, -0.14930711686611176, 0.032896384596824646, 0.14243684709072113, 0.820935845375061, -0.552970290184021, 0.055556632578372955, 0.5511549115180969, 0.8325513601303101),
            ["RightLowerLeg"] = CFrame.new(-1.0123023486130478e-07, -0.000726163387298584, 0.000046133995056152344, 1, 1.3783575525394554e-07, 5.96046660916727e-08, -7.078051567077637e-08, 0.2268015295267105, 0.9739410281181335, 1.334119588136673e-07, -0.9739410281181335, 0.22680172324180603),
            ["LeftUpperLeg"] = CFrame.new(2.2351741790771484e-08, 1.7881393432617188e-07, 1.4901161193847656e-08, 0.9588219523429871, 0.2668238580226898, 0.0972915068268776, -0.15646159648895264, 0.7821537852287292, -0.6031212210655212, -0.23702415823936462, 0.563063383102417, 0.791693925857544),
            ["LeftLowerLeg"] = CFrame.new(-1.5193985802852694e-07, -0.0007267170585691929, 0.00008091330528259277, 1, 7.823112468940963e-08, 1.0430814256778831e-07, -5.960465188081798e-08, 0.01426131371408701, 0.999898374080658, 8.940698137394065e-08, -0.999898374080658, 0.014261269941926003)
        }},
        [6] = {Time = 0.167, Data = {
            ["RightFoot"] = CFrame.new(1.6205012798309326e-07, -1.4901161193847656e-07, -1.0058283805847168e-07, 0.940966010093689, 0.1808571070432663, 0.28613579273223877, -0.14719386398792267, 0.9798159599304199, -0.1352585107088089, -0.3048228323459625, 0.08515612035989761, 0.9485944509506226),
            ["LeftLowerArm"] = CFrame.new(0.000001407111994922161, -4.76837158203125e-07, 0.000004872679710388184, 1, -1.4901159417490817e-08, -2.980232594040899e-08, -2.9802322387695312e-08, -0.3679294288158417, -0.9298537373542786, -2.2351741790771484e-08, 0.9298537373542786, -0.3679294288158417),
            ["LeftFoot"] = CFrame.new(4.470348358154297e-08, -3.129243850708008e-07, 1.6763806343078613e-08, 0.9784886240959167, -0.18045936524868011, -0.0999729186296463, 0.16894470155239105, 0.9790449142456055, -0.1137055978178978, 0.11839716136455536, 0.0943695455789566, 0.9884718656539917),
            ["Head"] = CFrame.new(2.60770320892334e-08, -0.0000011324882507324219, 1.4901161193847656e-08, 0.9995375871658325, -0.028095323592424393, -0.011633836664259434, 0.030333520844578743, 0.8943034410476685, 0.44643154740333557, -0.0021385010331869125, -0.4465780556201935, 0.8947421312332153),
            ["RightUpperArm"] = CFrame.new(-0.031926631927490234, 0.09362953901290894, 0.037808045744895935, 0.6185709238052368, -0.7246906757354736, 0.30363261699676514, 0.38750576972961426, 0.617538571357727, 0.6844602227210999, -0.6835270524024963, -0.3057279884815216, 0.6628132462501526),
            ["UpperTorso"] = CFrame.new(-1.0011717677116394e-08, 5.960464477539062e-07, -2.2351741790771484e-08, 0.9982401132583618, 0.0005876925424672663, 0.059300005435943604, -0.00749753275886178, 0.9931778907775879, 0.11636857688426971, -0.058827027678489685, -0.1166083812713623, 0.9914342761039734),
            ["HumanoidRootPart"] = CFrame.new(0, 0, 0, 1, 0, 0, 0, 1, 0, 0, 0, 1),
            ["RightHand"] = CFrame.new(3.725290298461914e-07, 8.568167686462402e-07, -4.507601261138916e-07, 0.7764719724655151, -0.36240899562835693, 0.515509843826294, 0.46208545565605164, 0.8836783170700073, -0.07476719468832016, -0.4284489154815674, 0.2962642312049866, 0.8536155223846436),
            ["LeftUpperArm"] = CFrame.new(0.02531355619430542, 0.06524325162172318, 0.03942302614450455, 0.8347700834274292, 0.5463368892669678, 0.06837031245231628, -0.45442238450050354, 0.6135073900222778, 0.645840048789978, 0.3109007775783539, -0.5701970458030701, 0.7604053616523743),
            ["RightLowerArm"] = CFrame.new(5.845298574058688e-07, 2.4959444999694824e-07, -0.000003874301910400391, 1, -7.450579460055451e-07, 0.00001947581949934829, 0.000019028781025554053, -0.18909747898578644, -0.9819583296775818, 0.000004351138613856165, 0.9819583296775818, -0.18909744918346405),
            ["LeftHand"] = CFrame.new(-0.0000015087425708770752, -0.0000012665987014770508, 1.4156103134155273e-07, 0.9089585542678833, 0.17746616899967194, -0.37722647190093994, -0.2649289071559906, 0.9445502161979675, -0.19400417804718018, 0.32188060879707336, 0.2762799859046936, 0.9055731296539307),
            ["LowerTorso"] = CFrame.new(0.011841468513011932, -0.1753087043762207, -0.07842199504375458, 0.9983474612236023, 0.03016008995473385, -0.04891548678278923, -0.028345834463834763, 0.998899519443512, 0.037368591874837875, 0.04998868331313133, -0.03592028096318245, 0.9981037378311157),
            ["RightUpperLeg"] = CFrame.new(3.725290298461914e-08, 2.384185791015625e-07, 0, 0.9767794609069824, -0.18162018060684204, 0.1136489138007164, 0.2133874148130417, 0.7772225141525269, -0.5919382572174072, 0.01917744055390358, 0.6024444103240967, 0.7979304194450378),
            ["RightLowerLeg"] = CFrame.new(-8.774680537726454e-08, -0.0007261931896209717, 0.000046133995056152344, 1, 1.5273695908035734e-07, 4.842878453814592e-08, -7.82310962677002e-08, 0.22681303322315216, 0.9739382863044739, 1.2293457984924316e-07, -0.9739384055137634, 0.22681312263011932),
            ["LeftUpperLeg"] = CFrame.new(-2.9802322387695312e-08, 2.086162567138672e-07, -2.9802322387695312e-08, 0.9424305558204651, 0.33001160621643066, 0.05400962382555008, -0.22604483366012573, 0.7477109432220459, -0.6243653893470764, -0.2464313954114914, 0.576212465763092, 0.7792630791664124),
            ["LeftLowerLeg"] = CFrame.new(2.6474967995682164e-08, -0.0007266849279403687, 0.00008097290992736816, 1, 8.195639367158947e-08, 4.4703469370688254e-08, -1.1920927533992653e-07, 0.16951671242713928, 0.9855273365974426, 7.357447628919545e-08, -0.9855273962020874, 0.169516459107399)
        }},
        [7] = {Time = 0.200, Data = {
            ["RightFoot"] = CFrame.new(8.009374141693115e-08, -7.450580596923828e-09, -5.8673322200775146e-08, 0.953101634979248, 0.20974479615688324, 0.2181849181652069, -0.1857578456401825, 0.9745596647262573, -0.1254090964794159, -0.23893816769123077, 0.07899805903434753, 0.9678160548210144),
            ["LeftLowerArm"] = CFrame.new(0.0000014224497135728598, -1.6391277313232422e-07, 0.00000476837158203125, 1, 2.2351738238057806e-08, -4.4703490686970326e-08, -8.940698137394065e-08, -0.33400240540504456, -0.942572295665741, -2.2351745343485163e-08, 0.9425722360610962, -0.33400237560272217),
            ["LeftFoot"] = CFrame.new(5.21540641784668e-08, -1.2665987014770508e-07, -3.3527612686157227e-08, 0.9666822552680969, -0.24973757565021515, -0.056183770298957825, 0.24059854447841644, 0.9613775610923767, -0.1336618810892105, 0.08739420026540756, 0.11569087207317352, 0.989433228969574),
            ["Head"] = CFrame.new(-1.6763806343078613e-08, -2.384185791015625e-07, -5.960464477539063e-08, 0.9997200965881348, -0.02229657955467701, -0.007918009534478188, 0.023519013077020645, 0.899857759475708, 0.4355488419532776, -0.0025861831381917, -0.4356133043766022, 0.9001303911209106),
            ["RightUpperArm"] = CFrame.new(-0.034741222858428955, 0.09371909499168396, 0.03814488649368286, 0.6728914380073547, -0.688535213470459, 0.2704378366470337, 0.3586333096027374, 0.6233893632888794, 0.6948148608207703, -0.6469924449920654, -0.37054696679115295, 0.6664050817489624),
            ["UpperTorso"] = CFrame.new(9.313225746154785e-10, 1.7881393432617188e-07, 2.9802322387695312e-08, 0.996009886264801, 0.018848586827516556, 0.08723039925098419, -0.03190726414322853, 0.9880451560020447, 0.15082700550556183, -0.08334466814994812, -0.15300841629505157, 0.9847041368484497),
            ["HumanoidRootPart"] = CFrame.new(0, 0, 0, 1, 0, 0, 0, 1, 0, 0, 0, 1),
            ["RightHand"] = CFrame.new(3.166496753692627e-07, 0.0000011324882507324219, -6.631016731262207e-07, 0.7903948426246643, -0.3027504086494446, 0.5325576663017273, 0.4402114152908325, 0.8852624297142029, -0.15008145570755005, -0.4260164201259613, 0.35306182503700256, 0.8329813480377197),
            ["LeftUpperArm"] = CFrame.new(0.022684693336486816, 0.059777699410915375, 0.0400049164891243, 0.883068859577179, 0.4606002867221832, 0.08964855223894119, -0.41768142580986023, 0.684488832950592, 0.5975090265274048, 0.21384938061237335, -0.565086305141449, 0.7968350052833557),
            ["RightLowerArm"] = CFrame.new(1.3662679521075916e-07, 5.513429641723633e-07, -0.0000037550926208496094, 1, -0.0000025182955596392276, 0.000019356613847776316, 0.000018998980522155762, -0.09601420909166336, -0.9953799843788147, 0.000004410743713378906, 0.9953799843788147, -0.09601438790559769),
            ["LeftHand"] = CFrame.new(-0.0000014025717973709106, -0.0000013187527656555176, 1.564621925354004e-07, 0.8567254543304443, 0.21071185171604156, -0.47076714038848877, -0.3145805597305298, 0.9367882609367371, -0.15318943560123444, 0.4087306261062622, 0.2793354392051697, 0.8688563108444214),
            ["LowerTorso"] = CFrame.new(0.011107316240668297, -0.192763090133667, -0.08318778872489929, 0.9970085024833679, 0.0030979178845882416, -0.07723120599985123, -0.003547413507476449, 0.9999776482582092, -0.005683619063347578, 0.07721186429262161, 0.005940585862845182, 0.9969971179962158),
            ["RightUpperLeg"] = CFrame.new(5.960464477539063e-08, -1.7881393432617188e-07, 1.4901161193847656e-07, 0.9656584858894348, -0.19216394424438477, 0.17486245930194855, 0.2586803436279297, 0.7739307880401611, -0.5780276656150818, -0.02425525151193142, 0.6034104228019714, 0.797061562538147),
            ["RightLowerLeg"] = CFrame.new(-4.613967519162543e-08, -0.0007262080907821655, 0.00004628300666809082, 1, 1.7136333951839333e-07, 4.842880230171431e-08, -1.2293459406009788e-07, 0.29573339223861694, 0.9552704691886902, 1.527369164477932e-07, -0.955270528793335, 0.2957339286804199),
            ["LeftUpperLeg"] = CFrame.new(-1.4901161193847656e-08, -2.682209014892578e-07, 4.470348358154297e-08, 0.9256611466407776, 0.3776014745235443, 0.023845965042710304, -0.29145219922065735, 0.7518236041069031, -0.5914533734321594, -0.24126161634922028, 0.5405352115631104, 0.8059865832328796),
            ["LeftLowerLeg"] = CFrame.new(3.8518244593888085e-08, -0.000726260244846344, 0.00008103251457214355, 1, 8.195636524988004e-08, 4.4703494239684005e-08, -9.685753354915505e-08, 0.31692180037498474, 0.9484516978263855, 7.823108916227284e-08, -0.9484516978263855, 0.31692203879356384)
        }},
        [8] = {Time = 0.233, Data = {
            ["RightFoot"] = CFrame.new(8.009374141693115e-08, -2.086162567138672e-07, 0, 0.9552831053733826, 0.26812514662742615, 0.12467247247695923, -0.22254213690757751, 0.9295554757118225, -0.2939417064189911, -0.1947031319141388, 0.2530527114868164, 0.9476576447486877),
            ["LeftLowerArm"] = CFrame.new(0.0000019064464140683413, -5.289912223815918e-07, 0.000005081295967102051, 1, -2.7939670133036998e-08, -3.725290298461914e-08, -1.0430811414607888e-07, -0.3014512360095978, -0.9534816145896912, 0, 0.9534815549850464, -0.3014512062072754),
            ["LeftFoot"] = CFrame.new(1.1362135410308838e-07, -5.21540641784668e-08, 4.842877388000488e-08, 0.9562742710113525, -0.2923721969127655, 0.007624633610248566, 0.28463220596313477, 0.9243308901786804, -0.2541591227054596, 0.06726137548685074, 0.2452160120010376, 0.9671323895454407),
            ["Head"] = CFrame.new(-1.5366822481155396e-08, -6.854534149169922e-07, -1.341104507446289e-07, 0.9998903870582581, -0.014706048183143139, -0.0017701070755720139, 0.014117881655693054, 0.9100340604782104, 0.41429299116134644, -0.004481708165258169, -0.414272665977478, 0.9101419448852539),
            ["RightUpperArm"] = CFrame.new(-0.035924434661865234, 0.09788310527801514, 0.040066421031951904, 0.7280351519584656, -0.6439046859741211, 0.23526985943317413, 0.3387393057346344, 0.6362552046775818, 0.6931341886520386, -0.5960038304328918, -0.4249308407306671, 0.6813319325447083),
            ["UpperTorso"] = CFrame.new(0, -5.960464477539063e-08, 1.341104507446289e-07, 0.9945425391197205, 0.024756191298365593, 0.10135215520858765, -0.04296042397618294, 0.9824353456497192, 0.1815907061100006, -0.09507650136947632, -0.1849537342786789, 0.9781373143196106),
            ["HumanoidRootPart"] = CFrame.new(0, 0, 0, 1, 0, 0, 0, 1, 0, 0, 0, 1),
            ["RightHand"] = CFrame.new(9.499490261077881e-08, 0.000001475214958190918, -9.164214134216309e-07, 0.7970078587532043, -0.2450726330280304, 0.5520120859146118, 0.3964124023914337, 0.9018215537071228, -0.1719743013381958, -0.455670565366745, 0.3558894693851471, 0.8159089684486389),
            ["LeftUpperArm"] = CFrame.new(0.021572589874267578, 0.06205194443464279, 0.04175253212451935, 0.9086205959320068, 0.4085254967212677, 0.08669320493936539, -0.3821830153465271, 0.72971510887146, 0.566967248916626, 0.16835929453372955, -0.5482908487319946, 0.8191656470298767),
            ["RightLowerArm"] = CFrame.new(2.3774600776960142e-07, 1.9185245037078857e-07, -0.000003814697265625, 1, -0.000004023313067591516, 0.000019147999410051852, 0.000018939377696369775, -0.01870506815612316, -0.999825119972229, 0.000004380941845738562, 0.9998250007629395, -0.018705017864704132),
            ["LeftHand"] = CFrame.new(-0.0000014007091522216797, -0.0000010505318641662598, 1.1175870895385742e-08, 0.79450523853302, 0.27552640438079834, -0.5411524176597595, -0.3863271474838257, 0.9168853163719177, -0.10036466270685196, 0.46852195262908936, 0.2888020873069763, 0.8349137306213379),
            ["LowerTorso"] = CFrame.new(0.008102006278932095, -0.28092169761657715, -0.08576129376888275, 0.9955313801765442, -0.012969955801963806, -0.09353706985712051, 0.008400874212384224, 0.9987596869468689, -0.04907717555761337, 0.0940575897693634, 0.04807206988334656, 0.9944055676460266),
            ["RightUpperLeg"] = CFrame.new(1.4901161193847656e-08, -5.960464477539063e-08, 1.1920928955078125e-07, 0.9523169994354248, -0.20942585170269012, 0.2218853086233139, 0.2981286942958832, 0.7933886051177979, -0.5307108759880066, -0.06489677727222443, 0.5715551376342773, 0.8179932236671448),
            ["RightLowerLeg"] = CFrame.new(5.776464462314834e-08, -0.0007263347506523132, 0.00004595518112182617, 1, 1.6018749704471702e-07, 2.2351748896198842e-08, -9.126959810146218e-08, 0.3277389705181122, 0.9447682499885559, 1.639127589214695e-07, -0.9447683691978455, 0.3277392089366913),
            ["LeftUpperLeg"] = CFrame.new(4.470348358154297e-08, 8.940696716308594e-08, -1.4901161193847656e-08, 0.9167578816413879, 0.39943957328796387, 0.0017078457167372108, -0.3263958692550659, 0.7515653967857361, -0.5732497572898865, -0.23026227951049805, 0.5249738097190857, 0.8193789720535278),
            ["LeftLowerLeg"] = CFrame.new(-6.696428300756452e-08, -0.0007266253232955933, 0.00008097290992736816, 1, 8.940698137394065e-08, 1.0430814256778831e-07, -5.960463056453591e-08, 0.3601798713207245, 0.9328829646110535, 5.215404996761208e-08, -0.9328829646110535, 0.3601798117160797)
        }},
        [9] = {Time = 0.267, Data = {
            ["RightFoot"] = CFrame.new(3.725290298461914e-08, 7.450580596923828e-09, 4.470348358154297e-08, 0.9455592036247253, 0.3248901963233948, 0.01908569037914276, -0.2594740688800812, 0.787973165512085, -0.5583649277687073, -0.19644629955291748, 0.5230149626731873, 0.8293758630752563),
            ["LeftLowerArm"] = CFrame.new(9.20117599889636e-07, -2.2351741790771484e-07, 0.000005066394805908203, 1, 0, -8.195639367158947e-08, -4.470347647611561e-08, -0.3240789771080017, -0.9460300803184509, 0, 0.9460300803184509, -0.3240789771080017),
            ["LeftFoot"] = CFrame.new(-4.470348358154297e-08, -9.685754776000977e-08, -5.960464477539063e-08, 0.9476827383041382, -0.3141096532344818, 0.05685734376311302, 0.2999010682106018, 0.815094530582428, -0.4956611692905426, 0.1093478798866272, 0.48678135871887207, 0.8666529059410095),
            ["Head"] = CFrame.new(4.190951585769653e-09, -9.834766387939453e-07, -1.1920928955078125e-07, 0.9999334216117859, -0.008306624367833138, 0.008022123016417027, 0.004550667479634285, 0.9219103455543518, 0.38737642765045166, -0.010613543912768364, -0.3873142898082733, 0.9218867421150208),
            ["RightUpperArm"] = CFrame.new(-0.0359574556350708, 0.10316634923219681, 0.04300268739461899, 0.7725247740745544, -0.6006104946136475, 0.20608793199062347, 0.33444732427597046, 0.6607525944709778, 0.6719755530357361, -0.5397690534591675, -0.45019233226776123, 0.7113203406333923),
            ["UpperTorso"] = CFrame.new(1.3969838619232178e-08, 2.980232238769531e-07, 0, 0.9946106672286987, 0.010808787308633327, 0.10311557352542877, -0.03234170749783516, 0.9772703051567078, 0.2095157653093338, -0.0985070988535881, -0.2117214947938919, 0.9723531007766724),
            ["HumanoidRootPart"] = CFrame.new(0, 0, 0, 1, 0, 0, 0, 1, 0, 0, 0, 1),
            ["RightHand"] = CFrame.new(6.146728992462158e-08, 7.003545761108398e-07, -8.903443813323975e-07, 0.8047899603843689, -0.21390371024608612, 0.5536763668060303, 0.3546956479549408, 0.9212501645088196, -0.15965376794338226, -0.47592446208000183, 0.32487455010414124, 0.8172840476036072),
            ["LeftUpperArm"] = CFrame.new(0.02147728204727173, 0.06897182762622833, 0.04423312097787857, 0.9065308570861816, 0.4186466634273529, 0.054190780967473984, -0.3719805181026459, 0.731514036655426, 0.5714173316955566, 0.19958080351352692, -0.5381655097007751, 0.8188685178756714),
            ["RightLowerArm"] = CFrame.new(1.3818862498737872e-08, 4.78699803352356e-07, -0.000004112720489501953, 1, -0.000004976986019755714, 0.000018849972548196092, 0.00001901388168334961, 0.03020910546183586, -0.9995436668395996, 0.000004351139068603516, 0.9995436072349548, 0.030209116637706757),
            ["LeftHand"] = CFrame.new(-0.00000155717134475708, -0.0000012218952178955078, 3.725290298461914e-07, 0.7630778551101685, 0.2631925344467163, -0.5902889370918274, -0.39960628747940063, 0.909959614276886, -0.11085418611764908, 0.5079634785652161, 0.32047364115715027, 0.7995437979698181),
