return {
    ["Squash & Stretch"] = {
        {Time = 0.000, Data = {
            ["RightFoot"] = CFrame.new(1.6111880540847778e-07, -1.2665987014770508e-07, 0, 0.9187724590301514, 0.1279439479112625, -0.37348029017448425, 0.11748923361301422, 0.8145512342453003, 0.5680692791938782, 0.37689998745918274, -0.5658062100410461, 0.7333551049232483),
            ["LeftLowerArm"] = CFrame.new(0.0000016750709619373083, 7.301568984985352e-07, 0.000005066394805908203, 1, 1.266598985694145e-07, 2.2351747119842003e-08, -1.1920930376163597e-07, 0.8092520236968994, -0.5874616503715515, -8.940698137394065e-08, 0.587461531162262, 0.8092520236968994),
            ["LeftFoot"] = CFrame.new(6.51925802230835e-09, 1.043081283569336e-07, 4.0978193283081055e-08, 0.9244835376739502, -0.06983933597803116, 0.3747701644897461, -0.1613713949918747, 0.8189647197723389, 0.5506871342658997, -0.3453831970691681, -0.569578230381012, 0.7458491921424866),
            ["Head"] = CFrame.new(1.8102582544088364e-08, 0.24099507927894592, -2.086162567138672e-07, 0.9990676045417786, -0.0017237348947674036, -0.043138034641742706, -0.009759042412042618, 0.9643226265907288, -0.2645505368709564, 0.04205496981739998, 0.26472458243370056, 0.9634065628051758),
            ["RightUpperArm"] = CFrame.new(-0.02584197372198105, 0.4045286178588867, 0.04331451654434204, -0.5551567673683167, -0.7922241687774658, 0.25334128737449646, 0.5635421872138977, -0.58228999376297, -0.5859682559967041, 0.6117362380027771, -0.18253566324710846, 0.7697139382362366),
            ["UpperTorso"] = CFrame.new(-0.007468022406101227, 0.006945669651031494, 0.0016922354698181152, 0.9998635649681091, -0.01081313006579876, -0.01249087043106556, 0.006593582686036825, 0.9544124007225037, -0.29841840267181396, 0.015148280188441277, 0.2982953190803528, 0.954353392124176),
            ["HumanoidRootPart"] = CFrame.new(0, 0, 0, 1, 0, 0, 0, 1, 0, 0, 0, 1),
            ["RightHand"] = CFrame.new(3.0174851417541504e-07, 9.164214134216309e-07, -9.350478649139404e-07, 0.921083390712738, -0.2121235579252243, -0.3265096843242645, 0.03889867290854454, 0.8845062255859375, -0.464904248714447, 0.38741743564605713, 0.41551464796066284, 0.822955310344696),
            ["LeftUpperArm"] = CFrame.new(0.03576171025633812, 0.3307074308395386, -0.08600491285324097, -0.6222649812698364, 0.7495086193084717, -0.2258833348751068, -0.5372233390808105, -0.6187595129013062, -0.5731735825538635, -0.5693657994270325, -0.23531591892242432, 0.787685751914978),
            ["RightLowerArm"] = CFrame.new(1.828379936341662e-08, 4.470348358154297e-08, -0.000004351139068603516, 1, -0.0000109262791738729, 0.000016123058230732568, 0.000018984079360961914, 0.36285391449928284, -0.9318460822105408, 0.00000426173210144043, 0.9318461418151855, 0.36285391449928284),
            ["LeftHand"] = CFrame.new(-0.0000014081597328186035, -9.238719940185547e-07, 2.2351741790771484e-07, 0.9571239948272705, 0.1448540836572647, 0.25085991621017456, -0.023852547630667686, 0.9024645090103149, -0.430103600025177, -0.28869473934173584, 0.40567880868911743, 0.8672256469726562),
            ["LowerTorso"] = CFrame.new(-0.025985004380345345, 0.36212003231048584, -0.518259584903717, 0.9997707605361938, 0.01644480600953102, 0.01371320616453886, -0.018766794353723526, 0.9813335537910461, 0.19139595329761505, -0.010309758596122265, -0.1916094422340393, 0.9814171195030212),
            ["RightUpperLeg"] = CFrame.new(3.725290298461914e-09, -5.960464477539063e-08, 2.2351741790771484e-08, 0.9959470629692078, 0.0283126812428236, 0.08536964654922485, -0.011660883203148842, 0.9817975759506226, -0.18957215547561646, -0.08918300271034241, 0.1878080815076828, 0.9781485199928284),
            ["RightLowerLeg"] = CFrame.new(-8.165505960278097e-08, -0.0007269978523254395, 0.00004619592800736427, 1, 4.1560284103070444e-08, -7.457856554538012e-08, -5.093170329928398e-08, 0.9999856948852539, 0.005351867992430925, 6.610025593545288e-08, -0.005351952277123928, 0.9999856948852539),
            ["LeftUpperLeg"] = CFrame.new(3.725290298461914e-09, -8.940696716308594e-08, 4.470348358154297e-08, 0.9959080219268799, -0.08814086765050888, 0.019961552694439888, 0.09032946079969406, 0.9776966571807861, -0.18960486352443695, -0.002804407151415944, 0.19063206017017365, 0.9816575646400452),
            ["LeftLowerLeg"] = CFrame.new(-7.014105563030171e-08, -0.0007267594337463379, 0.00008103041909635067, 1, 1.4799303116319606e-08, -4.831237188085424e-09, -1.8577338778413832e-08, 0.9999861717224121, 0.0052746920846402645, 3.3105607144534588e-09, -0.005274762865155935, 0.9999861717224121),
        }},
        {Time = 0.033, Data = {
            ["RightFoot"] = CFrame.new(1.7601996660232544e-07, 1.1175870895385742e-07, -7.729977369308472e-08, 0.8690140247344971, 0.07749596983194351, -0.48868101835250854, -0.005061375442892313, 0.9889988899230957, 0.14783678948879242, 0.49476176500320435, -0.12599851191043854, 0.8598459362983704),
            ["LeftLowerArm"] = CFrame.new(0.0000014681718312203884, -5.960464477539062e-07, 0.000004470348358154297, 1, 7.450580596923828e-08, -1.4901157641133977e-08, -1.2665985593685036e-07, 0.4781724214553833, -0.8782659769058228, -4.8428766774577525e-08, 0.8782659769058228, 0.4781723618507385),
            ["LeftFoot"] = CFrame.new(-2.1886080503463745e-08, -2.0116567611694336e-07, -4.0978193283081055e-08, 0.8667046427726746, -0.047533780336380005, 0.49655184149742126, -0.03393945470452309, 0.9875232577323914, 0.15377287566661835, -0.4976659417152405, -0.15012817084789276, 0.8542776703834534),
            ["Head"] = CFrame.new(-1.525040715932846e-08, 0.18723127245903015, -6.183981895446777e-07, 0.9989578723907471, 0.0018968814983963966, -0.045604098588228226, -0.012358060106635094, 0.9730581045150757, -0.2302294671535492, 0.04393869265913963, 0.23055274784564972, 0.9720672965049744),
            ["RightUpperArm"] = CFrame.new(-0.024900510907173157, 0.26942068338394165, 0.045013874769210815, -0.34593772888183594, -0.9339930415153503, 0.08935362100601196, 0.6201902031898499, -0.2990880310535431, -0.7251970171928406, 0.7040534615516663, -0.19545668363571167, 0.6827189922332764),
            ["UpperTorso"] = CFrame.new(-0.0071000587195158005, -0.007577776908874512, -0.004592448472976685, 0.9996852278709412, -0.016999302431941032, -0.01845374144613743, 0.009836257435381413, 0.9421519637107849, -0.33504170179367065, 0.023081714287400246, 0.33475473523139954, 0.9420225620269775),
            ["HumanoidRootPart"] = CFrame.new(0, 0, 0, 1, 0, 0, 0, 1, 0, 0, 0, 1),
            ["RightHand"] = CFrame.new(6.69620931148529e-07, 8.419156074523926e-07, -6.966292858123779e-07, 0.7610618472099304, -0.06594132632017136, -0.645318329334259, -0.24426540732383728, 0.892461359500885, -0.37927183508872986, 0.6009320020675659, 0.44627833366394043, 0.663111686706543),
            ["LeftUpperArm"] = CFrame.new(0.03601914644241333, 0.2374017834663391, -0.08102327585220337, -0.381847620010376, 0.920857310295105, -0.07883118838071823, -0.5217669606208801, -0.2851867973804474, -0.8040074110031128, -0.7628576159477234, -0.26587674021720886, 0.589370608329773),
            ["RightLowerArm"] = CFrame.new(6.96763208907214e-07, -1.862645149230957e-08, -0.0000041425228118896484, 1, -0.000005938928552495781, 0.00001859665098891128, 0.000018998978703166358, 0.08411730080842972, -0.9964558482170105, 0.000004423781774676172, 0.9964559078216553, 0.08411724120378494),
            ["LeftHand"] = CFrame.new(-0.000001044943928718567, -9.611248970031738e-07, 1.1920928955078125e-07, 0.7301740646362305, -0.08711570501327515, 0.6776843667030334, 0.400478720664978, 0.8581727147102356, -0.32118022441864014, -0.553590714931488, 0.5059155821800232, 0.6615037322044373),
            ["LowerTorso"] = CFrame.new(-0.023639673367142677, 0.11573651432991028, -0.538957953453064, 0.9996433258056641, 0.015320738777518272, 0.02187534049153328, -0.019390510395169258, 0.9796011447906494, 0.20001429319381714, -0.018364742398262024, -0.20036713778972626, 0.9795487523078918),
            ["RightUpperLeg"] = CFrame.new(1.862645149230957e-09, -7.450580596923828e-07, 1.6391277313232422e-07, 0.9964291453361511, 0.04707152396440506, 0.07009512186050415, -0.01717105321586132, 0.9258022904396057, -0.3776182234287262, -0.08266928046941757, 0.37506595253944397, 0.9233044981956482),
            ["RightLowerLeg"] = CFrame.new(-1.238326774455345e-08, -0.0007264018058776855, 0.000046193599700927734, 1, -1.8626465703164286e-08, -5.1222752261992355e-08, 3.9115558791991134e-08, 0.9271236658096313, 0.3747553825378418, 6.332994928470725e-08, -0.3747556805610657, 0.9271237254142761),
            ["LeftUpperLeg"] = CFrame.new(7.450580596923828e-09, -6.854534149169922e-07, 7.450580596923828e-08, 0.9963807463645935, -0.08461766690015793, 0.008086713030934334, 0.08194514364004135, 0.9308905005455017, -0.3559889793395996, 0.02259509637951851, 0.355363130569458, 0.9344552159309387),
            ["LeftLowerLeg"] = CFrame.new(2.5127743441544226e-08, -0.0007270276546478271, 0.0000810474157333374, 1, 1.9557779395995567e-08, 7.2177499532699585e-09, -4.330650327233343e-08, 0.9443633556365967, 0.3289041817188263, 1.0244549208948683e-08, -0.328904390335083, 0.9443633556365967),
        }},
        {Time = 0.067, Data = {
            ["RightFoot"] = CFrame.new(1.3597309589385986e-07, -2.5331974029541016e-07, -2.2351741790771484e-08, 0.7947311997413635, -0.09306561946868896, -0.5997841954231262, -0.1858382523059845, 0.9034073948860168, -0.3864183723926544, 0.5778117775917053, 0.41856178641319275, 0.7006708979606628),
            ["LeftLowerArm"] = CFrame.new(0.0000013734388630837202, -3.0174851417541504e-07, 0.000004738569259643555, 1, 1.862645326866641e-08, -8.940696716308594e-08, -5.960465188081798e-08, -0.15015049278736115, -0.9886631965637207, -3.725290653733282e-08, 0.9886631965637207, -0.15015050768852234),
            ["LeftFoot"] = CFrame.new(2.60770320892334e-08, -1.7136335372924805e-07, -4.0978193283081055e-08, 0.7802705764770508, 0.08273027092218399, 0.6199462413787842, 0.19077913463115692, 0.9124919176101685, -0.3618863523006439, -0.5956351161003113, 0.4006422758102417, 0.6962075233459473),
            ["Head"] = CFrame.new(-2.3283064365386963e-09, 0.11257675290107727, 1.4901161193847656e-08, 0.998765230178833, 0.008436918258666992, -0.04895731806755066, -0.016395803540945053, 0.9862365126609802, -0.16452643275260925, 0.046895384788513184, 0.16512593626976013, 0.9851570725440979),
            ["RightUpperArm"] = CFrame.new(-0.02362808585166931, 0.07575635612010956, 0.05161195993423462, -0.1025644838809967, -0.9582199454307556, -0.2670115530490875, 0.5535246133804321, 0.16805098950862885, -0.8157017230987549, 0.8264931440353394, -0.23145951330661774, 0.5131623148918152),
            ["UpperTorso"] = CFrame.new(-0.006290607154369354, -0.039527833461761475, -0.01841875910758972, 0.9994239807128906, -0.024150652810931206, -0.02384425885975361, 0.013054173439741135, 0.9220836162567139, -0.38677096366882324, 0.03132716193795204, 0.3862367272377014, 0.9218676090240479),
            ["HumanoidRootPart"] = CFrame.new(0, 0, 0, 1, 0, 0, 0, 1, 0, 0, 0, 1),
            ["RightHand"] = CFrame.new(3.03611159324646e-07, 6.854534149169922e-07, -7.972121238708496e-07, 0.3136736750602722, 0.15395933389663696, -0.9369659423828125, -0.503141462802887, 0.8637977242469788, -0.026503078639507294, 0.8052685856819153, 0.47973954677581787, 0.3484143018722534),
            ["LeftUpperArm"] = CFrame.new(0.03637039661407471, 0.10160564631223679, -0.07146340608596802, -0.19204024970531464, 0.9214440584182739, 0.33772972226142883, -0.39013227820396423, 0.24409528076648712, -0.8878143429756165, -0.9005094766616821, -0.3022553622722626, 0.3126089572906494),
            ["RightLowerArm"] = CFrame.new(6.032741453054768e-07, 4.172325134277344e-07, -0.0000037848949432373047, 1, 0.0000022761523723602295, 0.00001937523666128982, 0.000018954275219584815, -0.33858510851860046, -0.9409358501434326, 0.000004373490355646936, 0.9409357905387878, -0.33858516812324524),
            ["LeftHand"] = CFrame.new(-0.0000014528632164001465, -0.000001564621925354004, 2.8312206268310547e-07, 0.22151656448841095, -0.2847878634929657, 0.9326446652412415, 0.7239671349525452, 0.6887667775154114, 0.03836579993367195, -0.6533007621765137, 0.6667056083679199, 0.35875067114830017),
            ["LowerTorso"] = CFrame.new(-0.01988787204027176, -0.1307605654001236, -0.5678936839103699, 0.9994692206382751, 0.012105371803045273, 0.030245879665017128, -0.018397020176053047, 0.9759249687194824, 0.21732959151268005, -0.026886852458119392, -0.21777063608169556, 0.9756295680999756),
            ["RightUpperLeg"] = CFrame.new(1.0058283805847168e-07, 2.086162567138672e-07, 2.980232238769531e-07, 0.9943369030952454, 0.07880110293626785, 0.07130663841962814, -0.027189115062355995, 0.8372638821601868, -0.5461229681968689, -0.10273756086826324, 0.5410911440849304, 0.8346647024154663),
            ["RightLowerLeg"] = CFrame.new(-3.330497122533416e-08, -0.0007264912128448486, 0.00004634261131286621, 1, -1.3690448952274892e-07, -9.126963362859897e-08, 1.6018749704471702e-07, 0.7227261066436768, 0.6911342740058899, -1.6763808119435453e-08, -0.6911347508430481, 0.7227264642715454),
            ["LeftUpperLeg"] = CFrame.new(-1.1920928955078125e-07, 8.940696716308594e-08, 1.1920928955078125e-07, 0.9945313930511475, -0.10086188465356827, -0.027098659425973892, 0.06962531059980392, 0.8337065577507019, -0.5478009581565857, 0.0778445452451706, 0.5429182648658752, 0.8361696600914001),
            ["LeftLowerLeg"] = CFrame.new(4.136868980708641e-08, -0.0007264912128448486, 0.00008118152618408203, 1, 1.5925617447010154e-07, 5.587935447692871e-08, -1.592561460483921e-07, 0.7308209538459778, 0.6825690269470215, 7.078050856534901e-08, -0.6825692057609558, 0.7308211922645569),
        }},
        {Time = 0.100, Data = {
            ["RightFoot"] = CFrame.new(2.1653249859809875e-07, -1.1920928955078125e-07, 0, 0.7963005900382996, -0.07317941635847092, -0.600458562374115, -0.17046813666820526, 0.9252746105194092, -0.3388326168060303, 0.580384373664856, 0.37217146158218384, 0.724321722984314),
            ["LeftLowerArm"] = CFrame.new(0.0000013629323802888393, -1.1175870895385742e-07, 0.000004559755325317383, 1, -1.862645504502325e-08, -1.0430815677864302e-07, -8.195640788244418e-08, -0.3232963979244232, -0.9462977647781372, 2.2351747119842003e-08, 0.946297824382782, -0.32329636812210083),
            ["LeftFoot"] = CFrame.new(-3.3993273973464966e-08, -1.2665987014770508e-07, 2.9802322387695312e-08, 0.7801980972290039, 0.06675030291080475, 0.6219611167907715, 0.17441970109939575, 0.9316418766975403, -0.3187808692455292, -0.6007235646247864, 0.35719430446624756, 0.7152224183082581),
            ["Head"] = CFrame.new(-2.3283064365386963e-08, 0.10787296295166016, -9.685754776000977e-08, 0.9987292289733887, 0.014958761632442474, -0.04812661558389664, -0.0184931680560112, 0.9970976710319519, -0.07385343313217163, 0.046882133930921555, 0.07464942336082458, 0.9961071610450745),
            ["RightUpperArm"] = CFrame.new(-0.023006319999694824, 0.043509095907211304, 0.06370383501052856, -0.05554994195699692, -0.9127532839775085, -0.40471702814102173, 0.5017226338386536, 0.3249327838420868, -0.8016814589500427, 0.8632431626319885, -0.24758891761302948, 0.439898818731308),
            ["UpperTorso"] = CFrame.new(-0.005481105297803879, -0.0714794397354126, -0.032245367765426636, 0.9994484782218933, -0.02207246795296669, -0.024813858792185783, 0.010420852340757847, 0.917872428894043, -0.39673885703086853, 0.031532980501651764, 0.3962613642215729, 0.917596161365509),
            ["HumanoidRootPart"] = CFrame.new(0, 0, 0, 1, 0, 0, 0, 1, 0, 0, 0, 1),
            ["RightHand"] = CFrame.new(2.644956111907959e-07, 5.960464477539062e-07, -5.438923835754395e-07, 0.30013471841812134, 0.19055992364883423, -0.934668779373169, -0.5951589345932007, 0.8031418323516846, -0.027369322255253792, 0.7454562783241272, 0.5644909739494324, 0.3544647991657257),
            ["LeftUpperArm"] = CFrame.new(0.03661005198955536, 0.06819935142993927, -0.06037294864654541, -0.17527665197849274, 0.8640741109848022, 0.4718625247478485, -0.3687131404876709, 0.38678887486457825, -0.8452485203742981, -0.9128684401512146, -0.3221341073513031, 0.25080034136772156),
            ["RightLowerArm"] = CFrame.new(2.8417161956895143e-09, 7.227063179016113e-07, -0.000004038214683532715, 1, 0.000004643341526389122, 0.000018930066289613023, 0.000018980350432684645, -0.4530516266822815, -0.8914843797683716, 0.000004425643965078052, 0.8914843201637268, -0.4530516564846039),
            ["LeftHand"] = CFrame.new(-0.0000014863908290863037, -0.0000011995434761047363, 2.905726432800293e-07, 0.15910466015338898, -0.24513021111488342, 0.9563454389572144, 0.8538329601287842, 0.520475447177887, -0.008641787804663181, -0.49563607573509216, 0.8179343938827515, 0.29211071133613586),
            ["LowerTorso"] = CFrame.new(-0.017925675958395004, -0.12467001378536224, -0.5742865800857544, 0.9995133876800537, 0.0081443190574646, 0.03011414222419262, -0.015229887329041958, 0.9698576331138611, 0.24319615960121155, -0.027225764468312263, -0.24353644251823425, 0.9695096015930176),
            ["RightUpperLeg"] = CFrame.new(4.0978193283081055e-08, -8.940696716308594e-08, 0, 0.9944424629211426, 0.0794069916009903, 0.06912968307733536, -0.02904639020562172, 0.8380561470985413, -0.5448102951049805, -0.10119633376598358, 0.5397744178771973, 0.8357049822807312),
            ["RightLowerLeg"] = CFrame.new(-1.0242362691315066e-07, -0.0007261931896209717, 0.00004601478576660156, 1, -2.235175244891252e-08, -7.450583439094771e-08, 4.4703494239684005e-08, 0.7543979287147522, 0.6564174890518188, 2.421439226907296e-08, -0.6564173698425293, 0.7543978691101074),
            ["LeftUpperLeg"] = CFrame.new(2.60770320892334e-08, -1.1920928955078125e-07, -2.9802322387695312e-08, 0.994957685470581, -0.0956520363688469, -0.030163565650582314, 0.06311589479446411, 0.8308695554733276, -0.5528762936592102, 0.07794573903083801, 0.5481846928596497, 0.83271723985672),
            ["LeftLowerLeg"] = CFrame.new(4.8864745139098886e-08, -0.0007269382476806641, 0.00008094310760498047, 1, 1.2386591663471336e-07, 3.725290298461914e-08, -1.220032714854824e-07, 0.7522706389427185, 0.6588545441627502, 5.02914261346632e-08, -0.6588543057441711, 0.7522704005241394),
        }},
        {Time = 0.133, Data = {
            ["RightFoot"] = CFrame.new(1.8812716007232666e-07, -1.1920928955078125e-07, -1.862645149230957e-08, 0.8007251024246216, -0.07552047818899155, -0.5942519903182983, -0.16062860190868378, 0.9286224842071533, -0.33445292711257935, 0.577094316482544, 0.36325880885124207, 0.7314409017562866),
            ["LeftLowerArm"] = CFrame.new(0.0000014686957001686096, -3.501772880554199e-07, 0.00000432133674621582, 1, 5.587935447692871e-09, -7.217750663812694e-08, -7.450579886381092e-08, -0.4288344383239746, -0.9033831357955933, 4.470347647611561e-08, 0.903383195400238, -0.428834468126297),
            ["LeftFoot"] = CFrame.new(1.955777406692505e-08, 5.960464477539063e-08, 1.862645149230957e-08, 0.7820810079574585, 0.06640618294477463, 0.6196279525756836, 0.1709975153207779, 0.9332733750343323, -0.315849244594574, -0.5992571711540222, 0.352974534034729, 0.7185406684875488),
            ["Head"] = CFrame.new(-7.450580596923828e-09, 0.10175350308418274, -6.426125764846802e-08, 0.9987323880195618, 0.021049892529845238, -0.04572399705648422, -0.020002489909529686, 0.9995297193527222, 0.02324521541595459, 0.04619182273745537, -0.02230120450258255, 0.9986836314201355),
            ["RightUpperArm"] = CFrame.new(-0.022793233394622803, 0.03485005348920822, 0.06728208065032959, -0.06442451477050781, -0.9057967662811279, -0.4187858998775482, 0.4647620618343353, 0.34413209557533264, -0.8158243894577026, 0.8830887079238892, -0.24719491600990295, 0.3988093435764313),
            ["UpperTorso"] = CFrame.new(-0.005113184452056885, -0.08600252866744995, -0.03853023052215576, 0.9994627833366394, -0.019107365980744362, -0.026630820706486702, 0.00669807568192482, 0.9144213795661926, -0.40470829606056213, 0.032084692269563675, 0.4043124318122864, 0.9140580296516418),
            ["HumanoidRootPart"] = CFrame.new(0, 0, 0, 1, 0, 0, 0, 1, 0, 0, 0, 1),
            ["RightHand"] = CFrame.new(3.2782554626464844e-07, 0.0000015348196029663086, -6.407499313354492e-07, 0.3180810511112213, 0.23843687772750854, -0.9175902605056763, -0.732782781124115, 0.6759340167045593, -0.07837585359811783, 0.6015428304672241, 0.6973243355751038, 0.38972482085227966),
            ["LeftUpperArm"] = CFrame.new(0.03669425845146179, 0.05747058242559433, -0.05668073892593384, -0.17364898324012756, 0.8567008972167969, 0.4857052266597748, -0.3519589900970459, 0.40663811564445496, -0.8430720567703247, -0.9197668433189392, -0.3173469305038452, 0.23091121017932892),
            ["RightLowerArm"] = CFrame.new(3.308357463538414e-07, 4.470348358154297e-07, -0.000003635883331298828, 1, 0.000004823785275220871, 0.000018863009245251305, 0.00001899152630358003, -0.46109437942504883, -0.8873512148857117, 0.000004420056029630359, 0.8873511552810669, -0.46109434962272644),
            ["LeftHand"] = CFrame.new(-0.0000013150274753570557, -7.37607479095459e-07, 7.450580596923828e-09, 0.14330045878887177, -0.23436880111694336, 0.9615280032157898, 0.87815260887146, 0.47816622257232666, -0.014323563314974308, -0.4564131200313568, 0.8464210033416748, 0.2743333876132965),
            ["LowerTorso"] = CFrame.new(-0.01591273583471775, -0.11597955226898193, -0.5794972777366638, 0.9995405673980713, 0.0040219067595899105, 0.03004232607781887, -0.011992008425295353, 0.9627581834793091, 0.27009814977645874, -0.027837179601192474, -0.27033430337905884, 0.9623640775680542),
            ["RightUpperLeg"] = CFrame.new(-7.450580596923828e-09, -3.8743019104003906e-07, 2.9802322387695312e-08, 0.9949266910552979, 0.07935487478971481, 0.061837583780288696, -0.0322757251560688, 0.8339502811431885, -0.5508952140808105, -0.09528567641973495, 0.5461042523384094, 0.8322804570198059),
            ["RightLowerLeg"] = CFrame.new(-7.281329317265772e-08, -0.0007262527942657471, 0.000046193599700927734, 1, -2.980233659855003e-08, -5.4016734196693506e-08, 5.5879340266073996e-08, 0.7756741642951965, 0.6311334371566772, 2.7939670133036998e-08, -0.6311336755752563, 0.7756743431091309),
            ["LeftUpperLeg"] = CFrame.new(0, -1.1920928955078125e-07, 1.4901161193847656e-07, 0.9954549074172974, -0.09005497395992279, -0.030978946015238762, 0.0570015087723732, 0.824003279209137, -0.5637105107307434, 0.07629168778657913, 0.5593823790550232, 0.8253912925720215),
            ["LeftLowerLeg"] = CFrame.new(-2.176936675368779e-08, -0.0007264614105224609, 0.00008088350296020508, 1, 9.406354450902654e-08, 2.2351738238057806e-08, -9.685751223287298e-08, 0.76654452085495, 0.6421912312507629, 4.004685649761086e-08, -0.6421911120414734, 0.76654452085495),
        }},
        {Time = 0.167, Data = {
            ["RightFoot"] = CFrame.new(1.1734664440155029e-07, -2.5331974029541016e-07, 3.3527612686157227e-08, 0.8123732209205627, -0.08211882412433624, -0.5773269534111023, -0.1492752581834793, 0.9277625679969788, -0.34201425313949585, 0.5637079477310181, 0.3640236258506775, 0.741430938243866),
            ["LeftLowerArm"] = CFrame.new(0.0000013443932402879, -1.6391277313232422e-07, 0.000004783272743225098, 1, -5.122273449842396e-08, -8.405186235904694e-08, -7.450581307466564e-08, -0.4373365640640259, -0.8992980122566223, 7.450581485102248e-09, 0.8992978930473328, -0.4373365342617035),
            ["LeftFoot"] = CFrame.new(5.029141902923584e-08, -1.2665987014770508e-07, 7.450580596923828e-08, 0.7854780554771423, 0.06954635679721832, 0.614969789981842, 0.1695285141468048, 0.9314815998077393, -0.3218729794025421, -0.5952178835868835, 0.3570789396762848, 0.7198681235313416),
            ["Head"] = CFrame.new(7.450580596923828e-09, 0.09827309846878052, 1.1920928955078125e-07, 0.9987549781799316, 0.026959743350744247, -0.04197300598025322, -0.020752962678670883, 0.9896697998046875, 0.14185583591461182, 0.04536378011107445, -0.1408083736896515, 0.9889970421791077),
            ["RightUpperArm"] = CFrame.new(-0.02258986234664917, 0.032234981656074524, 0.06922304630279541, -0.09297476708889008, -0.9212177395820618, -0.3777744472026825, 0.43897750973701477, 0.30262500047683716, -0.8460005521774292, 0.8936747312545776, -0.24449102580547333, 0.3762573301792145),
            ["UpperTorso"] = CFrame.new(-0.005193941295146942, -0.08281475305557251, -0.03715065121650696, 0.9994659423828125, -0.016028909012675285, -0.028477312996983528, 0.0028863539919257164, 0.9113342761993408, -0.4116568863391876, 0.03255077451467514, 0.41135498881340027, 0.9108939170837402),
            ["HumanoidRootPart"] = CFrame.new(0, 0, 0, 1, 0, 0, 0, 1, 0, 0, 0, 1),
            ["RightHand"] = CFrame.new(-1.4901161193847656e-08, 0.0000014901161193847656, -6.631016731262207e-07, 0.30065837502479553, 0.2707769572734833, -0.9144856929779053, -0.8211245536804199, 0.5612338185310364, -0.10378395020961761, 0.4851381480693817, 0.782110333442688, 0.39108169078826904),
            ["LeftUpperArm"] = CFrame.new(0.0368712842464447, 0.05322173237800598, -0.05464208126068115, -0.17447704076766968, 0.8670869469642639, 0.4666028916835785, -0.3427850008010864, 0.39074280858039856, -0.8542942404747009, -0.9230689406394958, -0.30899903178215027, 0.22904875874519348),
            ["RightLowerArm"] = CFrame.new(2.3597738163516624e-07, 5.662441253662109e-07, -0.0000036954879760742188, 1, 0.0000040419408833258785, 0.00001907535443024244, 0.000018984081179951318, -0.4229760468006134, -0.906140923500061, 0.000004410744168126257, 0.906140923500061, -0.42297598719596863),
            ["LeftHand"] = CFrame.new(-0.0000013783574104309082, -0.000001125037670135498, 1.9371509552001953e-07, 0.14480088651180267, -0.2372208684682846, 0.9606034159660339, 0.8728475570678711, 0.4878668785095215, -0.011093986220657825, -0.46601492166519165, 0.8400667905807495, 0.2777015268802643),
            ["LowerTorso"] = CFrame.new(-0.01392030343413353, -0.10650943219661713, -0.5837944149971008, 0.99954754114151, 0.0005438398802652955, 0.030076930299401283, -0.009402203373610973, 0.9553928375244141, 0.29518866539001465, -0.0285747442394495, -0.29533785581588745, 0.9549655318260193),
            ["RightUpperLeg"] = CFrame.new(1.862645149230957e-08, 5.960464477539063e-08, -1.4901161193847656e-07, 0.9962581992149353, 0.07493557035923004, 0.04306288808584213, -0.03833965212106705, 0.829724907875061, -0.5568540096282959, -0.07745858281850815, 0.5531194806098938, 0.8294933438301086),
            ["RightLowerLeg"] = CFrame.new(-7.794199063937413e-08, -0.0007263422012329102, 0.00004622340202331543, 1, -1.11758780008131e-08, -6.705523958316917e-08, 5.587936158235607e-08, 0.7941854596138, 0.6076754331588745, 4.0978196835794733e-08, -0.6076755523681641, 0.7941855192184448),
            ["LeftUpperLeg"] = CFrame.new(-3.725290298461914e-09, 1.7881393432617188e-07, -2.980232238769531e-07, 0.9959986209869385, -0.08437841385602951, -0.029444804415106773, 0.052294984459877014, 0.8174557685852051, -0.5736123323440552, 0.07247035205364227, 0.5697775483131409, 0.8185975551605225),
            ["LeftLowerLeg"] = CFrame.new(9.158320324331726e-09, -0.0007267892360687256, 0.0000813603401184082, 1, 1.0803341865539551e-07, 3.5390257835388184e-08, -1.0384246706962585e-07, 0.7802072763442993, 0.6255210638046265, 3.5390257835388184e-08, -0.625521183013916, 0.7802073359489441),
        }},
        {Time = 0.200, Data = {
            ["RightFoot"] = CFrame.new(1.9185245037078857e-07, -7.450580596923828e-09, -1.1175870895385742e-08, 0.8118634819984436, -0.07973025739192963, -0.5783776640892029, -0.13845928013324738, 0.936079740524292, -0.32339414954185486, 0.5671919584274292, 0.34263378381729126, 0.7489296197891235),
            ["LeftLowerArm"] = CFrame.new(0.0000014360120985656977, -4.246830940246582e-07, 0.000004678964614868164, 1, -2.980232594040899e-08, -8.102506399154663e-08, -6.705523247774181e-08, -0.35345277190208435, -0.9354523420333862, -1.4901162970204496e-08, 0.935452401638031, -0.35345280170440674),
            ["LeftFoot"] = CFrame.new(-3.026798367500305e-08, -7.450580596923828e-08, -1.1175870895385742e-08, 0.7911874651908875, 0.06539051979780197, 0.6080676317214966, 0.15879063308238983, 0.938204288482666, -0.3075034022331238, -0.590599536895752, 0.33984842896461487, 0.7319122552871704),
            ["Head"] = CFrame.new(-6.51925802230835e-09, 0.105724036693573, -2.1606683731079102e-07, 0.9987844228744507, 0.03118741512298584, -0.03817378729581833, -0.020995212718844414, 0.969801127910614, 0.24299165606498718, 0.04459928721189499, -0.24189496040344238, 0.969277024269104),
            ["RightUpperArm"] = CFrame.new(-0.02258896827697754, 0.04037819057703018, 0.07092404365539551, -0.12884944677352905, -0.9412389993667603, -0.31219685077667236, 0.41276949644088745, 0.2353479564189911, -0.8799050450325012, 0.901675820350647, -0.24224072694778442, 0.3581902086734772),
            ["UpperTorso"] = CFrame.new(-0.005410368554294109, -0.0742722749710083, -0.03345388174057007, 0.9994610548019409, -0.013131249696016312, -0.030085962265729904, -0.0004992685280740261, 0.9103211760520935, -0.4139021933078766, 0.03282294049859047, 0.41369423270225525, 0.9098240733146667),
            ["HumanoidRootPart"] = CFrame.new(0, 0, 0, 1, 0, 0, 0, 1, 0, 0, 0, 1),
            ["RightHand"] = CFrame.new(4.0605664253234863e-07, 6.92903995513916e-07, -6.631016731262207e-07, 0.2512039840221405, 0.2742901146411896, -0.9282571077346802, -0.8357549905776978, 0.5452347993850708, -0.06506012380123138, 0.4882728159427643, 0.7921388745307922, 0.3662048280239105),
            ["LeftUpperArm"] = CFrame.new(0.03688330948352814, 0.06011359021067619, -0.05330437421798706, -0.1775316596031189, 0.8845775127410889, 0.43128272891044617, -0.3345564305782318, 0.3578944504261017, -0.8717705011367798, -0.9255023002624512, -0.29905539751052856, 0.23240357637405396),
            ["RightLowerArm"] = CFrame.new(3.8278432157312636e-07, 0.0000011920928955078125, -0.0000040531158447265625, 1, 0.0000027921050786972046, 0.000019267203242634423, 0.00001897662878036499, -0.3624982237815857, -0.931984543800354, 0.000004403293132781982, 0.9319844841957092, -0.3624982535839081),
            ["LeftHand"] = CFrame.new(-0.0000013634562492370605, -0.000001080334186553955, 1.862645149230957e-07, 0.15479744970798492, -0.24603000283241272, 0.9568212032318115, 0.8536406755447388, 0.5208456516265869, -0.0041782003827393055, -0.4973282217979431, 0.8174283504486084, 0.29064714908599854),
            ["LowerTorso"] = CFrame.new(-0.012001145631074905, -0.09761625528335571, -0.5872355103492737, 0.9995412826538086, -0.0020870864391326904, 0.030214866623282433, -0.00755105959251523, 0.9489468932151794, 0.31534573435783386, -0.029330456629395485, -0.3154292404651642, 0.9484957456588745),
            ["RightUpperLeg"] = CFrame.new(-8.195638656616211e-08, 2.384185791015625e-07, 1.1920928955078125e-07, 0.9960971474647522, 0.07652903348207474, 0.04397636651992798, -0.039336662739515305, 0.8309236168861389, -0.5549942255020142, -0.07901423424482346, 0.5510982871055603, 0.8306910395622253),
            ["RightLowerLeg"] = CFrame.new(-7.510945465583063e-08, -0.0007259845733642578, 0.00004626810550689697, 1, -7.823111758398227e-08, -7.4505820180093e-08, 1.1175869474300271e-07, 0.8183547854423523, 0.5747130513191223, 2.0489094865183688e-08, -0.5747133493423462, 0.8183550238609314),
            ["LeftUpperLeg"] = CFrame.new(5.587935447692871e-08, 1.4901161193847656e-07, 5.960464477539063e-08, 0.9966831207275391, -0.07781040668487549, -0.023838870227336884, 0.04997483640909195, 0.8163968324661255, -0.5753249526023865, 0.06422824412584305, 0.5722253322601318, 0.8175774216651917),
            ["LeftLowerLeg"] = CFrame.new(1.7372894234313208e-08, -0.0007263123989105225, 0.00008094310760498047, 1, 6.193295121192932e-08, 1.210719524635806e-08, -6.05359673500061e-08, 0.7996870279312134, 0.6004170179367065, 1.7462298274040222e-08, -0.6004170775413513, 0.7996871471405029),
        }},
        {Time = 0.233, Data = {
            ["RightFoot"] = CFrame.new(1.6391277313232422e-07, -1.1175870895385742e-07, 1.4901161193847656e-08, 0.8119117021560669, -0.08644691854715347, -0.577344536781311, -0.13249383866786957, 0.9358803033828735, -0.32645562291145325, 0.5685461759567261, 0.3415478467941284, 0.7483983635902405),
            ["LeftLowerArm"] = CFrame.new(0.0000013713433872908354, -4.209578037261963e-07, 0.000005125999450683594, 1, -1.862645371275562e-09, -8.568167686462402e-08, -6.705523247774181e-08, -0.22089146077632904, -0.9752984046936035, -1.4901162970204496e-08, 0.9752984642982483, -0.22089147567749023),
            ["LeftFoot"] = CFrame.new(3.259629011154175e-09, -2.4586915969848633e-07, 4.0978193283081055e-08, 0.7925180792808533, 0.06799471378326416, 0.6060462594032288, 0.1559363752603531, 0.9381356239318848, -0.3091689646244049, -0.5895754098892212, 0.33952662348747253, 0.732886552810669),
            ["Head"] = CFrame.new(-1.862645149230957e-09, 0.11631500720977783, -4.470348358154297e-08, 0.998820960521698, 0.03049589693546295, -0.037773143500089645, -0.020812025293707848, 0.9719281792640686, 0.2343554049730301, 0.04385961592197418, -0.23329296708106995, 0.9714168906211853),
            ["RightUpperArm"] = CFrame.new(-0.02242720127105713, 0.05200672149658203, 0.07493895292282104, -0.1674651801586151, -0.9584373831748962, -0.23098310828208923, 0.38630443811416626, 0.1517637073993683, -0.9098004698753357, 0.9070414900779724, -0.2415894865989685, 0.3448333144187927),
            ["UpperTorso"] = CFrame.new(-0.0057236915454268456, -0.061904847621917725, -0.028102099895477295, 0.9994480013847351, -0.011054065078496933, -0.03132948651909828, -0.002760031959041953, 0.912135660648346, -0.4098793566226959, 0.03310758247971535, 0.40973961353302, 0.9116015434265137),
            ["HumanoidRootPart"] = CFrame.new(0, 0, 0, 1, 0, 0, 0, 1, 0, 0, 0, 1),
            ["RightHand"] = CFrame.new(2.682209014892578e-07, 9.499490261077881e-07, -6.780028343200684e-07, 0.21880099177360535, 0.292507141828537, -0.9308949708938599, -0.8953549861907959, 0.4394341707229614, -0.07236803323030472, 0.3878989517688751, 0.8493157029151917, 0.35804682970046997),
            ["LeftUpperArm"] = CFrame.new(0.03708347678184509, 0.07091102004051208, -0.049988627433776855, -0.18607178330421448, 0.912681519985199, 0.3638542890548706, -0.3209860324859619, 0.2935362756252289, -0.900446891784668, -0.9286255240440369, -0.28433969616889954, 0.23833903670310974),
            ["RightLowerArm"] = CFrame.new(2.9580047566923895e-07, 4.172325134277344e-07, -0.000004351139068603516, 1, 0.0000013271347825138946, 0.000019449746105237864, 0.000018991529941558838, -0.2900301218032837, -0.9570176005363464, 0.000004377216100692749, 0.9570176005363464, -0.2900301516056061),
            ["LeftHand"] = CFrame.new(-0.00000130385160446167, -0.0000010281801223754883, 2.980232238769531e-07, 0.17374590039253235, -0.2602083086967468, 0.949791431427002, 0.8159592151641846, 0.5780379772186279, 0.009097479283809662, -0.5513826608657837, 0.7734105587005615, 0.3127514123916626),
            ["LowerTorso"] = CFrame.new(-0.010115521028637886, -0.08937489986419678, -0.5899377465248108, 0.9995284676551819, -0.0032953822519630194, 0.03052949719130993, -0.006889176554977894, 0.9448142647743225, 0.32753413915634155, -0.029924053698778152, -0.3275899887084961, 0.944346010684967),
            ["RightUpperLeg"] = CFrame.new(3.3527612686157227e-08, -3.2782554626464844e-07, -2.9802322387695312e-08, 0.9960304498672485, 0.07732100039720535, 0.04410114139318466, -0.04011347144842148, 0.832176685333252, -0.5530580878257751, -0.0794629454612732, 0.5490934252738953, 0.8319747447967529),
            ["RightLowerLeg"] = CFrame.new(-1.5238487804936085e-08, -0.0007264018058776855, 0.000046193599700927734, 1, -7.264319634714411e-08, -6.705523247774181e-08, 9.685756197086448e-08, 0.8329309225082397, 0.5533767938613892, 1.3038517820973539e-08, -0.5533771514892578, 0.8329311013221741),
            ["LeftUpperLeg"] = CFrame.new(-8.940696716308594e-08, -4.172325134277344e-07, 0, 0.9968724250793457, -0.07514700293540955, -0.024463560432195663, 0.04757349193096161, 0.8178011775016785, -0.5735313296318054, 0.06310548633337021, 0.570573627948761, 0.8188183307647705),
            ["LeftLowerLeg"] = CFrame.new(1.741932997845197e-08, -0.0007262825965881348, 0.00008119642734527588, 1, 2.6077035641947077e-08, 1.303851426825986e-08, -2.2351741790771484e-08, 0.814866840839386, 0.5796481370925903, 4.6566128730773926e-09, -0.5796483159065247, 0.814866840839386),
        }},
        {Time = 0.267, Data = {
            ["RightFoot"] = CFrame.new(1.993030309677124e-07, -6.705522537231445e-08, -2.2351741790771484e-08, 0.811954915523529, -0.08733363449573517, -0.5771501660346985, -0.12360723316669464, 0.9405972361564636, -0.3162248730659485, 0.5704827904701233, 0.3280999958515167, 0.752927303314209),
            ["LeftLowerArm"] = CFrame.new(0.0000014300458133220673, -3.073364496231079e-07, 0.0000050067901611328125, 1, 2.6077039194660756e-08, -7.4505820180093e-08, -7.450581307466564e-08, -0.07271743565797806, -0.9973526000976562, -2.980232594040899e-08, 0.997352659702301, -0.07271746546030045),
            ["LeftFoot"] = CFrame.new(-4.656612873077393e-10, -7.450580596923828e-08, 3.3527612686157227e-08, 0.7917445302009583, 0.06671154499053955, 0.6071988344192505, 0.14913448691368103, 0.9428291320800781, -0.29804736375808716, -0.5923677086830139, 0.3265315592288971, 0.7365307211875916),
            ["Head"] = CFrame.new(8.381903171539307e-09, 0.12150406837463379, 2.682209014892578e-07, 0.9988459944725037, 0.029687214642763138, -0.03775543347001076, -0.021180806681513786, 0.9777950644493103, 0.2084905207157135, 0.04310654103755951, -0.2074500322341919, 0.9772953987121582),
            ["RightUpperArm"] = CFrame.new(-0.021679192781448364, 0.059474825859069824, 0.08218008279800415, -0.20372766256332397, -0.9678694009780884, -0.147390216588974, 0.3579391837120056, 0.06648977845907211, -0.9313748478889465, 0.9112489223480225, -0.24250338971614838, 0.3328922688961029),
            ["UpperTorso"] = CFrame.new(-0.006095175631344318, -0.04724186658859253, -0.021757155656814575, 0.9994286298751831, -0.010602225549519062, -0.03209487348794937, -0.0029472652822732925, 0.9185812473297119, -0.3952215015888214, 0.03367198631167412, 0.3950900137424469, 0.918025016784668),
            ["HumanoidRootPart"] = CFrame.new(0, 0, 0, 1, 0, 0, 0, 1, 0, 0, 0, 1),
            ["RightHand"] = CFrame.new(2.1979212760925293e-07, 9.387731552124023e-07, -8.270144462585449e-07, 0.1859019547700882, 0.2989897131919861, -0.9359729886054993, -0.9210957884788513, 0.38467496633529663, -0.06006557494401932, 0.3420863449573517, 0.8732871413230896, 0.34691041707992554),
            ["LeftUpperArm"] = CFrame.new(0.03788295388221741, 0.0793156698346138, -0.04336190223693848, -0.20070235431194305, 0.9501734375953674, 0.23851463198661804, -0.2863108515739441, 0.17594705522060394, -0.9418433308601379, -0.9368802309036255, -0.2573194205760956, 0.2367316633462906),
            ["RightLowerArm"] = CFrame.new(3.3196945992131077e-07, 3.46451997756958e-07, -0.000003933906555175781, 1, -5.7742006731587026e-08, 0.000019486995370243676, 0.000019004564819624647, -0.21888986229896545, -0.9757496118545532, 0.000004418193384481128, 0.9757496118545532, -0.21888990700244904),
            ["LeftHand"] = CFrame.new(-0.0000014007091522216797, -0.0000012516975402832031, -2.2351741790771484e-08, 0.19435928761959076, -0.27228599786758423, 0.9423823952674866, 0.7736505270004272, 0.6331808567047119, 0.02338777668774128, -0.6030666828155518, 0.7245290279388428, 0.3337192237377167),
