return {
    ["Standing Bow"] = {
        {Time = 0.000, Data = {
            ["RightFoot"] = CFrame.new(-5.21540641784668e-08, 4.76837158203125e-07, -1.3205863069742918e-08, 0.9539234042167664, 0.27922961115837097, -0.10982343554496765, -0.2991797626018524, 0.8572906851768494, -0.418979674577713, -0.022841451689600945, 0.4325316846370697, 0.9013295769691467),
            ["LeftLowerArm"] = CFrame.new(2.980232238769531e-07, 0, 8.940696716308594e-08, 1, -4.656614649434232e-08, -2.2351747119842003e-08, 3.605964593589306e-08, 0.8181487321853638, -0.5750068426132202, -2.9802322387695312e-08, 0.5750067830085754, 0.8181486129760742),
            ["RightUpperArm"] = CFrame.new(0, -2.384185791015625e-07, 5.960464477539063e-08, 0.9806756973266602, -0.17825137078762054, -0.08063316345214844, 0.19267170131206512, 0.9514797329902649, 0.23992538452148438, 0.03395359590649605, -0.25082457065582275, 0.9674368500709534),
            ["Head"] = CFrame.new(-1.862645149230957e-08, 1.1920928955078125e-07, 2.1420419216156006e-08, 0.9499877095222473, -0.03371218219399452, 0.31046250462532043, 0.027172666043043137, 0.9993089437484741, 0.025366123765707016, -0.31110307574272156, -0.01566123403608799, 0.9502471685409546),
            ["RightHand"] = CFrame.new(2.086162567138672e-07, -7.748603820800781e-07, 0, 0.9919397234916687, 0.023599814623594284, 0.12449357658624649, -0.014554725028574467, 0.9972205758094788, -0.07307112216949463, -0.12587204575538635, 0.07066972553730011, 0.9895262122154236),
            ["UpperTorso"] = CFrame.new(1.7229467630386353e-08, -5.960464477539063e-08, 5.587935447692871e-09, 0.9987601041793823, 0.0010580928064882755, -0.04977109283208847, 0.006617536768317223, 0.9880797863006592, 0.15380024909973145, 0.04934069141745567, -0.1539389044046402, 0.9868477582931519),
            ["HumanoidRootPart"] = CFrame.new(0, 0, 0, 1, 0, 0, 0, 1, 0, 0, 0, 1),
            ["RightUpperLeg"] = CFrame.new(0, -1.1781230568885803e-07, 5.790934665128589e-08, 0.8895057439804077, -0.30611974000930786, -0.339219868183136, 0.28899815678596497, 0.9519597887992859, -0.10125621408224106, 0.3539202809333801, -0.007966055534780025, 0.93524169921875),
            ["LeftUpperArm"] = CFrame.new(-1.1920928955078125e-07, 1.1920928955078125e-07, 8.940696716308594e-08, 0.8636655807495117, 0.4068529009819031, -0.29757818579673767, -0.3736583888530731, 0.9129923582077026, 0.1637815684080124, 0.3383214473724365, -0.030259933322668076, 0.9405438899993896),
            ["RightLowerArm"] = CFrame.new(0, 3.5762786865234375e-07, -5.960464477539063e-08, 1, -4.842878098543224e-08, 4.097820394122209e-08, 4.097818262494002e-08, 0.8154823184013367, -0.5787819623947144, 1.4901157641133977e-08, 0.5787819623947144, 0.8154823780059814),
            ["LeftHand"] = CFrame.new(1.1920928955078125e-07, -2.384185791015625e-07, 1.043081283569336e-07, 0.9686654210090637, -0.11339164525270462, -0.22097469866275787, 0.11823797971010208, 0.992946445941925, 0.008784671314060688, 0.21841976046562195, -0.034636881202459335, 0.9752399921417236),
            ["LeftFoot"] = CFrame.new(3.725290298461914e-08, -5.960464477539063e-08, -4.98257577419281e-08, 0.9691669344902039, -0.2300502359867096, 0.08827400207519531, 0.22880777716636658, 0.9731736779212952, 0.024083631113171577, -0.0914464071393013, -0.0031431936658918858, 0.9958050847053528),
            ["LowerTorso"] = CFrame.new(-0.048072699457407, -0.1620159149169922, 0.1248364970088005, 0.9643248319625854, -0.01470847800374031, -0.2643128037452698, 0.0033920404966920614, 0.999059796333313, -0.04322007670998573, 0.2647000253200531, 0.04078163206577301, 0.963468074798584),
            ["RightLowerLeg"] = CFrame.new(2.8312206268310547e-07, -0.00005996227264404297, -0.0000721646283636801, 1, -5.960465188081798e-08, -7.450581485102248e-09, 7.636844401304188e-08, 0.8191941976547241, 0.5735160112380981, 3.7252898543727042e-09, -0.5735163688659668, 0.8191943764686584),
            ["LeftUpperLeg"] = CFrame.new(2.9802322387695312e-08, -1.2700911611318588e-07, -6.100162863731384e-08, 0.964564859867096, 0.2635391056537628, -0.012721702456474304, -0.23573142290115356, 0.8391239047050476, -0.4902059733867645, -0.11851318180561066, 0.47583436965942383, 0.871513843536377),
            ["LeftLowerLeg"] = CFrame.new(-9.313225746154785e-08, 0.00006079673767089844, 0.00007206201553344727, 1, 4.0978193283081055e-08, 2.7474019503870295e-08, -5.21540641784668e-08, 0.8453019261360168, 0.5342888832092285, 2.2351741790771484e-08, -0.5342888832092285, 0.8453020453453064),
        }},
        {Time = 0.033, Data = {
            ["RightFoot"] = CFrame.new(-2.2351741790771484e-08, 5.364418029785156e-07, 1.6952981241047382e-09, 0.9539233446121216, 0.2792297601699829, -0.10982377827167511, -0.2991800606250763, 0.8572903275489807, -0.418980211019516, -0.02284139208495617, 0.43253231048583984, 0.9013292789459229),
            ["LeftLowerArm"] = CFrame.new(4.76837158203125e-07, -2.384185791015625e-07, 1.7881393432617188e-07, 1, -7.729980211479415e-08, 4.4703494239684005e-08, 8.673669071868062e-08, 0.8181045055389404, -0.575069785118103, 7.450580596923828e-09, 0.5750697255134583, 0.8181044459342957),
            ["RightUpperArm"] = CFrame.new(0, 0, 0, 0.9806796312332153, -0.1782318651676178, -0.08062915503978729, 0.1926519274711609, 0.9514826536178589, 0.23992934823036194, 0.03395416587591171, -0.2508271634578705, 0.9674361944198608),
            ["Head"] = CFrame.new(-1.862645149230957e-09, 3.5762786865234375e-07, -2.0954757928848267e-09, 0.9499874711036682, -0.0337115041911602, 0.31046319007873535, 0.027172761037945747, 0.9993090033531189, 0.025363590568304062, -0.3111036717891693, -0.01565883681178093, 0.9502469301223755),
            ["RightHand"] = CFrame.new(5.960464477539063e-08, -3.5762786865234375e-07, -8.940696716308594e-08, 0.9919388890266418, 0.02358643338084221, 0.12450234591960907, -0.014540557749569416, 0.9972207546234131, -0.07307225465774536, -0.1258799433708191, 0.07067237049341202, 0.9895249605178833),
            ["UpperTorso"] = CFrame.new(1.7695128917694092e-08, -2.980232238769531e-07, 1.0244548320770264e-08, 0.998759925365448, 0.0010586121352389455, -0.049775380641222, 0.006617700681090355, 0.9880797266960144, 0.15380050241947174, 0.04934506118297577, -0.1539391577243805, 0.986847460269928),
            ["HumanoidRootPart"] = CFrame.new(0, 0, 0, 1, 0, 0, 0, 1, 0, 0, 0, 1),
            ["RightUpperLeg"] = CFrame.new(5.960464477539063e-08, -2.766028046607971e-07, 2.8107024263590574e-08, 0.8895044922828674, -0.3061197102069855, -0.3392232060432434, 0.28899821639060974, 0.9519596695899963, -0.10125623643398285, 0.35392358899116516, -0.0079672085121274, 0.9352405667304993),
            ["LeftUpperArm"] = CFrame.new(-1.1920928955078125e-07, 4.76837158203125e-07, 0, 0.863670825958252, 0.4068509340286255, -0.29756537079811096, -0.37366175651550293, 0.9129935503005981, 0.1637672483921051, 0.3383041024208069, -0.03025222010910511, 0.9405503869056702),
            ["RightLowerArm"] = CFrame.new(0, 4.76837158203125e-07, 0, 1, -4.842878098543224e-08, 3.352762334429826e-08, 5.215404996761208e-08, 0.8154824376106262, -0.5787819027900696, -7.450578820566989e-09, 0.5787818431854248, 0.8154824376106262),
            ["LeftHand"] = CFrame.new(-1.1920928955078125e-07, 5.960464477539063e-08, 8.940696716308594e-08, 0.9686557650566101, -0.11339648813009262, -0.22101423144340515, 0.11824525892734528, 0.9929455518722534, 0.008788772858679295, 0.21845826506614685, -0.03464723378419876, 0.9752309918403625),
            ["LeftFoot"] = CFrame.new(4.842877388000488e-08, -5.960464477539063e-08, 1.1175870895385742e-08, 0.9691677093505859, -0.23004740476608276, 0.08827347308397293, 0.22880491614341736, 0.9731743931770325, 0.02408367022871971, -0.0914459154009819, -0.00314363487996161, 0.9958050847053528),
            ["LowerTorso"] = CFrame.new(-0.048072699457407, -0.16201460361480713, 0.1248364970088005, 0.9643259048461914, -0.014708409085869789, -0.264309287071228, 0.003392122220247984, 0.999059796333313, -0.04322008788585663, 0.26469650864601135, 0.04078167676925659, 0.9634690880775452),
            ["RightLowerLeg"] = CFrame.new(2.2351741790771484e-07, -0.00006002187728881836, -0.0000721050237189047, 1, -5.960465188081798e-08, -2.2351745343485163e-08, 8.381903171539307e-08, 0.8191941380500793, 0.5735160112380981, 1.1175870895385742e-08, -0.573516309261322, 0.8191943764686584),
            ["LeftUpperLeg"] = CFrame.new(-5.960464477539063e-08, -3.2229581847786903e-07, -5.21540641784668e-08, 0.9645653367042542, 0.26353734731674194, -0.012724903412163258, -0.23573139309883118, 0.8391239643096924, -0.4902060925960541, -0.11850959807634354, 0.4758353531360626, 0.8715137839317322),
            ["LeftLowerLeg"] = CFrame.new(-1.1175870895385742e-07, 0.000060677528381347656, 0.00007222592830657959, 1, 7.217749953269958e-08, 3.317836672067642e-08, -3.725290298461914e-08, 0.8453019857406616, 0.5342888832092285, 0, -0.5342888832092285, 0.8453019261360168),
        }},
        {Time = 0.067, Data = {
            ["RightFoot"] = CFrame.new(-6.705522537231445e-08, 4.172325134277344e-07, 1.6596459317952394e-08, 0.9539230465888977, 0.2792302668094635, -0.10982430726289749, -0.2991807162761688, 0.8572892546653748, -0.4189818203449249, -0.022841714322566986, 0.43253400921821594, 0.901328444480896),
            ["LeftLowerArm"] = CFrame.new(1.7881393432617188e-07, -1.7881393432617188e-07, -8.940696716308594e-08, 1, -4.004688136660661e-08, 3.72529100900465e-08, 8.611095836386085e-08, 0.8178152441978455, -0.5754808783531189, 8.195638656616211e-08, 0.5754808783531189, 0.8178152441978455),
            ["RightUpperArm"] = CFrame.new(-1.1920928955078125e-07, -1.1920928955078125e-07, 0, 0.9806867837905884, -0.17819596827030182, -0.08062086254358292, 0.19261525571346283, 0.9514883160591125, 0.23993650078773499, 0.03395407646894455, -0.25083133578300476, 0.9674351811408997),
            ["Head"] = CFrame.new(-1.955777406692505e-08, 1.1920928955078125e-07, -4.0279701352119446e-08, 0.9499866962432861, -0.0337100550532341, 0.31046566367149353, 0.02717309445142746, 0.9993091225624084, 0.02535782754421234, -0.3111059367656708, -0.015653157606720924, 0.9502463340759277),
            ["RightHand"] = CFrame.new(-1.9371509552001953e-07, -3.5762786865234375e-07, 0, 0.9919374585151672, 0.023561779409646988, 0.12451888620853424, -0.014514339156448841, 0.9972209930419922, -0.07307397574186325, -0.1258946657180786, 0.07067709416151047, 0.9895228147506714),
            ["UpperTorso"] = CFrame.new(7.916241884231567e-09, -1.4901161193847656e-07, -5.587935447692871e-09, 0.9987585544586182, 0.0010621461551636457, -0.04980337619781494, 0.006618555635213852, 0.9880796670913696, 0.15380144119262695, 0.04937315732240677, -0.1539401262998581, 0.9868459105491638),
            ["HumanoidRootPart"] = CFrame.new(0, 0, 0, 1, 0, 0, 0, 1, 0, 0, 0, 1),
            ["RightUpperLeg"] = CFrame.new(5.960464477539063e-08, -1.8952414393424988e-07, 4.6733475755900145e-08, 0.8894951939582825, -0.3061200976371765, -0.33924728631973267, 0.28899872303009033, 0.9519595503807068, -0.10125629603862762, 0.35394635796546936, -0.007975196465849876, 0.9352318048477173),
            ["LeftUpperArm"] = CFrame.new(0, 2.384185791015625e-07, 0, 0.8636823892593384, 0.4068470001220703, -0.29753708839416504, -0.37366983294487, 0.9129958748817444, 0.16373604536056519, 0.33826562762260437, -0.0302352886646986, 0.9405648112297058),
            ["RightLowerArm"] = CFrame.new(0, 1.7881393432617188e-07, 5.960464477539063e-08, 1, -4.4703490686970326e-08, 5.2154071283894154e-08, 4.8428763221863846e-08, 0.8154823780059814, -0.5787819623947144, -7.450578820566989e-09, 0.5787820219993591, 0.8154823780059814),
            ["LeftHand"] = CFrame.new(5.960464477539063e-08, 2.980232238769531e-07, 1.1920928955078125e-07, 0.9686571955680847, -0.11336898803710938, -0.22102250158786774, 0.11823035031557083, 0.9929467439651489, 0.008846686221659184, 0.21846045553684235, -0.034701019525527954, 0.9752285480499268),
            ["LeftFoot"] = CFrame.new(-7.078051567077637e-08, -5.960464477539063e-08, 8.777715265750885e-08, 0.9691728949546814, -0.23002712428569794, 0.08826964348554611, 0.22878459095954895, 0.9731792211532593, 0.024083120748400688, -0.09144195914268494, -0.0031459517776966095, 0.9958054423332214),
            ["LowerTorso"] = CFrame.new(-0.048072699457407, -0.16200542449951172, 0.1248364970088005, 0.964332640171051, -0.014707914553582668, -0.26428452134132385, 0.003392684506252408, 0.999059796333313, -0.04322013258934021, 0.2646717131137848, 0.04078195244073868, 0.9634758830070496),
            ["RightLowerLeg"] = CFrame.new(1.9371509552001953e-07, -0.00006002187728881836, -0.0000721348260412924, 1, -5.960465188081798e-08, -7.450581485102248e-09, 7.636844401304188e-08, 0.8191941976547241, 0.5735160112380981, 3.7252898543727042e-09, -0.5735163688659668, 0.8191943764686584),
            ["LeftUpperLeg"] = CFrame.new(-1.1920928955078125e-07, -1.4950637705624104e-07, -5.21540641784668e-08, 0.9645684957504272, 0.2635246217250824, -0.012746999971568584, -0.23573081195354462, 0.8391242027282715, -0.4902057945728302, -0.11848483979701996, 0.4758419096469879, 0.8715135455131531),
            ["LeftLowerLeg"] = CFrame.new(-1.341104507446289e-07, 0.00006073713302612305, 0.00007215142250061035, 1, 5.960465188081798e-08, 2.0605511963367462e-08, -3.725290298461914e-08, 0.8453020453453064, 0.534288763999939, 0, -0.5342888236045837, 0.8453019857406616),
        }},
        {Time = 0.100, Data = {
            ["RightFoot"] = CFrame.new(-4.470348358154297e-08, 4.172325134277344e-07, -3.55576048605144e-08, 0.954974889755249, 0.27562734484672546, -0.1097850576043129, -0.2959365248680115, 0.8586453199386597, -0.41850876808166504, -0.021086448803544044, 0.43215495347976685, 0.9015530347824097),
            ["LeftLowerArm"] = CFrame.new(2.980232238769531e-07, 5.960464477539063e-08, -2.682209014892578e-07, 1, -7.729979500936679e-08, 2.980232594040899e-08, 5.029141902923584e-08, 0.815531313419342, -0.5787131190299988, 2.2351741790771484e-08, 0.578713059425354, 0.8155312538146973),
            ["RightUpperArm"] = CFrame.new(-5.960464477539063e-08, -3.5762786865234375e-07, 2.9802322387695312e-08, 0.9814481735229492, -0.17422877252101898, -0.08002511411905289, 0.1887134164571762, 0.9515722393989563, 0.2426886260509491, 0.033866286277770996, -0.2532880902290344, 0.966797947883606),
            ["Head"] = CFrame.new(-1.7695128917694092e-08, 2.384185791015625e-07, -2.3283064365386963e-09, 0.9499454498291016, -0.029294539242982864, 0.3110392689704895, 0.02290133386850357, 0.9994451403617859, 0.024187689647078514, -0.3115752935409546, -0.0158536359667778, 0.9500892758369446),
            ["RightHand"] = CFrame.new(2.2351741790771484e-07, -4.76837158203125e-07, -2.9802322387695312e-08, 0.9919397830963135, 0.023599743843078613, 0.1244933009147644, -0.015072623267769814, 0.9975030422210693, -0.06899803131818771, -0.12581080198287964, 0.06656494736671448, 0.9898185729980469),
            ["UpperTorso"] = CFrame.new(1.3969838619232178e-08, -3.5762786865234375e-07, 1.4901161193847656e-08, 0.9987601041793823, 0.0010580332018435001, -0.04977035149931908, 0.006617489270865917, 0.9880797863006592, 0.15380041301250458, 0.04933992773294449, -0.15393903851509094, 0.9868477582931519),
            ["HumanoidRootPart"] = CFrame.new(0, 0, 0, 1, 0, 0, 0, 1, 0, 0, 0, 1),
            ["RightUpperLeg"] = CFrame.new(0, -2.5331974029541016e-07, 4.6733475755900145e-08, 0.8915858268737793, -0.2982944846153259, -0.34072747826576233, 0.28144577145576477, 0.9544442296028137, -0.09911849349737167, 0.3547719419002533, -0.007523784413933754, 0.9349226951599121),
            ["LeftUpperArm"] = CFrame.new(0, 0, 0, 0.8621951937675476, 0.4108656048774719, -0.2963257133960724, -0.37742236256599426, 0.911181628704071, 0.16522833704948425, 0.33789321780204773, -0.030619148164987564, 0.9406862258911133),
            ["RightLowerArm"] = CFrame.new(0, 5.960464477539063e-08, -5.960464477539063e-08, 1, -2.980232594040899e-08, 3.725290653733282e-08, 4.8428763221863846e-08, 0.8130934238433838, -0.5821333527565002, 1.4901157641133977e-08, 0.582133412361145, 0.8130934238433838),
            ["LeftHand"] = CFrame.new(0, -1.1920928955078125e-07, 2.9802322387695312e-08, 0.9686285257339478, -0.11332367360591888, -0.22117124497890472, 0.11877915263175964, 0.9928543567657471, 0.01148004550486803, 0.21828964352607727, -0.0373905748128891, 0.9751673936843872),
            ["LeftFoot"] = CFrame.new(-5.587935447692871e-08, -5.960464477539063e-08, -2.468004822731018e-08, 0.9683690071105957, -0.23365680873394012, 0.08755636215209961, 0.23213909566402435, 0.9723001718521118, 0.027277471497654915, -0.09150467067956924, -0.006089371163398027, 0.9957860708236694),
            ["LowerTorso"] = CFrame.new(-0.04349036142230034, -0.16198039054870605, 0.1284317672252655, 0.9643014073371887, -0.019001906737685204, -0.2641243636608124, 0.007848896086215973, 0.9990348219871521, -0.04321776703000069, 0.26469066739082336, 0.03960186988115311, 0.9635198712348938),
            ["RightLowerLeg"] = CFrame.new(2.384185791015625e-07, -0.00006008148193359375, -0.00007206032023532316, 1, -5.21540641784668e-08, -5.960465188081798e-08, 7.823108916227284e-08, 0.8202295899391174, 0.5720342397689819, 1.862644971595273e-08, -0.572034478187561, 0.8202298283576965),
            ["LeftUpperLeg"] = CFrame.new(-5.960464477539063e-08, -3.8024154491722584e-07, -3.934837877750397e-08, 0.9626927375793457, 0.26999595761299133, -0.018024718388915062, -0.24343515932559967, 0.8350499272346497, -0.493387371301651, -0.11816094070672989, 0.4793681800365448, 0.8696229457855225),
            ["LeftLowerLeg"] = CFrame.new(-1.1548399925231934e-07, 0.00006085634231567383, 0.00007192790508270264, 1, 4.9360089349193004e-08, 1.4901161193847656e-08, -2.2351738238057806e-08, 0.8432334065437317, 0.5375475883483887, 7.4505797087454084e-09, -0.5375475287437439, 0.8432334661483765),
        }},
        {Time = 0.133, Data = {
            ["RightFoot"] = CFrame.new(-8.195638656616211e-08, 2.980232238769531e-07, -3.55576048605144e-08, 0.9578094482421875, 0.26565903425216675, -0.10966593027114868, -0.2869389057159424, 0.8621984720230103, -0.4174680709838867, -0.016350774094462395, 0.43132245540618896, 0.9020498394966125),
            ["LeftLowerArm"] = CFrame.new(3.2782554626464844e-07, -4.76837158203125e-07, -1.7881393432617188e-07, 1, -3.911556234470481e-08, 5.215407838932151e-08, 6.225309334695339e-08, 0.8117092847824097, -0.5840618014335632, -7.450580596923828e-09, 0.5840618014335632, 0.8117092251777649),
            ["RightUpperArm"] = CFrame.new(0, 0, 0, 0.9829092621803284, -0.17037521302700043, -0.0697261244058609, 0.18267156183719635, 0.94960618019104, 0.2547140121459961, 0.022815382108092308, -0.26309770345687866, 0.9644994139671326),
            ["Head"] = CFrame.new(7.916241884231567e-09, 1.1920928955078125e-07, -5.168840289115906e-08, 0.9497653245925903, -0.018840808421373367, 0.31239569187164307, 0.012786909006536007, 0.9996889233589172, 0.021416541188955307, -0.312701940536499, -0.016345970332622528, 0.9497107267379761),
            ["RightHand"] = CFrame.new(-1.4901161193847656e-08, -1.1920928955078125e-07, -1.1920928955078125e-07, 0.9929425120353699, 0.016295773908495903, 0.11747217178344727, -0.008126410655677319, 0.9975356459617615, -0.0696902722120285, -0.11831829696893692, 0.06824331730604172, 0.9906279444694519),
            ["UpperTorso"] = CFrame.new(7.450580596923828e-09, -2.086162567138672e-07, 4.6566128730773926e-09, 0.9987598657608032, 0.0010584667325019836, -0.04977582022547722, 0.006617872975766659, 0.9880799055099487, 0.15379966795444489, 0.04934535548090935, -0.15393833816051483, 0.9868475198745728),
            ["HumanoidRootPart"] = CFrame.new(0, 0, 0, 1, 0, 0, 0, 1, 0, 0, 0, 1),
            ["RightUpperLeg"] = CFrame.new(0, -3.1944364309310913e-07, 4.300818545743823e-08, 0.8965754508972168, -0.2788580358028412, -0.34407952427864075, 0.26207712292671204, 0.9603211283683777, -0.09538888931274414, 0.3570268750190735, -0.004652149043977261, 0.9340826272964478),
            ["LeftUpperArm"] = CFrame.new(0, 4.76837158203125e-07, -5.960464477539063e-08, 0.8580194115638733, 0.4216698110103607, -0.2932530641555786, -0.3875065743923187, 0.9061997532844543, 0.169235959649086, 0.3371075987815857, -0.03157026320695877, 0.9409366846084595),
            ["RightLowerArm"] = CFrame.new(1.1920928955078125e-07, 4.172325134277344e-07, -5.960464477539063e-08, 1, -4.0978193283081055e-08, 4.0978196835794733e-08, 6.705521116145974e-08, 0.811773419380188, -0.5839726328849792, -1.4901157641133977e-08, 0.5839725136756897, 0.8117734789848328),
            ["LeftHand"] = CFrame.new(-2.384185791015625e-07, 5.960464477539063e-08, -3.2782554626464844e-07, 0.9685713052749634, -0.11329677700996399, -0.2214353084564209, 0.11962861567735672, 0.9927000999450684, 0.015350407920777798, 0.21807940304279327, -0.04135800898075104, 0.9750542044639587),
            ["LeftFoot"] = CFrame.new(5.21540641784668e-08, 5.960464477539063e-08, -2.1886080503463745e-08, 0.9661039113998413, -0.24366459250450134, 0.0852690190076828, 0.2410471886396408, 0.9696924686431885, 0.03991064056754112, -0.09240955114364624, -0.018003836274147034, 0.9955583214759827),
            ["LowerTorso"] = CFrame.new(-0.03139449283480644, -0.16174888610839844, 0.13943667709827423, 0.9641682505607605, -0.029169635847210884, -0.2636830806732178, 0.01840291917324066, 0.9988964796066284, -0.043210726231336594, 0.2646525204181671, 0.03680986911058426, 0.9636410474777222),
            ["RightLowerLeg"] = CFrame.new(2.9802322387695312e-08, -0.00006020069122314453, -0.00007207522139651701, 1, -2.980232594040899e-08, -9.685756197086448e-08, 1.2665985593685036e-07, 0.8219277858734131, 0.5695915818214417, 7.450579886381092e-08, -0.5695918798446655, 0.8219279050827026),
            ["LeftUpperLeg"] = CFrame.new(-5.960464477539063e-08, -1.2153759598731995e-07, -3.5390257835388184e-08, 0.9577195644378662, 0.28594568371772766, -0.03175371512770653, -0.26276257634162903, 0.8244021534919739, -0.5013152360916138, -0.11717098951339722, 0.48846304416656494, 0.8646818995475769),
            ["LeftLowerLeg"] = CFrame.new(-1.7136335372924805e-07, 0.000060558319091796875, 0.00007210671901702881, 1, 3.864988684654236e-08, 1.885928391232028e-08, -3.725290298461914e-08, 0.8392159938812256, 0.5437982678413391, 2.2351741790771484e-08, -0.5437982678413391, 0.8392160534858704),
        }},
        {Time = 0.167, Data = {
            ["RightFoot"] = CFrame.new(-3.725290298461914e-08, 3.5762786865234375e-07, -6.535992724820971e-08, 0.9618720412254333, 0.250598281621933, -0.10955728590488434, -0.27332931756973267, 0.8666316270828247, -0.4174211621284485, -0.009659552946686745, 0.4314512312412262, 0.9020847678184509),
            ["LeftLowerArm"] = CFrame.new(2.682209014892578e-07, -1.1920928955078125e-07, -1.1920928955078125e-07, 1, -6.206393265983934e-08, 1.4901162970204496e-08, 7.171183113996449e-08, 0.8012261986732483, -0.5983617305755615, 1.4901159417490817e-08, 0.5983616709709167, 0.8012261986732483),
            ["RightUpperArm"] = CFrame.new(0, -1.1920928955078125e-07, 2.9802322387695312e-08, 0.9836754202842712, -0.1743607372045517, -0.04451066628098488, 0.1798771619796753, 0.9455602765083313, 0.27121976017951965, -0.005202630069106817, -0.27479860186576843, 0.9614877700805664),
            ["Head"] = CFrame.new(-2.421438694000244e-08, 0, -5.587935447692871e-08, 0.9491700530052185, -0.007606865372508764, 0.3146720230579376, 0.0028921174816787243, 0.9998765587806702, 0.015447373501956463, -0.31475067138671875, -0.013751998543739319, 0.9490747451782227),
            ["RightHand"] = CFrame.new(1.341104507446289e-07, -1.1920928955078125e-07, -8.940696716308594e-08, 0.995000958442688, -0.001998351188376546, 0.09984518587589264, 0.010559397749602795, 0.9963003396987915, -0.08528941869735718, -0.09930531680583954, 0.0859169289469719, 0.9913408756256104),
            ["UpperTorso"] = CFrame.new(1.4901161193847656e-08, -1.7881393432617188e-07, 9.313225746154785e-10, 0.9987209439277649, 0.0010381058091297746, -0.05055270344018936, 0.006728814914822578, 0.9881682395935059, 0.15322668850421906, 0.0501137375831604, -0.15337085723876953, 0.9868972301483154),
            ["HumanoidRootPart"] = CFrame.new(0, 0, 0, 1, 0, 0, 0, 1, 0, 0, 0, 1),
            ["RightUpperLeg"] = CFrame.new(-2.9802322387695312e-08, -2.454034984111786e-07, 2.8107024263590574e-08, 0.9025995135307312, -0.2542230188846588, -0.3473968803882599, 0.23286567628383636, 0.967073917388916, -0.10267236083745956, 0.36206021904945374, 0.011775077320635319, 0.9320803284645081),
            ["LeftUpperArm"] = CFrame.new(-1.1920928955078125e-07, 3.5762786865234375e-07, 0, 0.8558430075645447, 0.4304390251636505, -0.2868013381958008, -0.3928845524787903, 0.9016394019126892, 0.1807984709739685, 0.33641403913497925, -0.042055342346429825, 0.9407746195793152),
            ["RightLowerArm"] = CFrame.new(5.960464477539063e-08, 9.5367431640625e-07, 5.960464477539063e-08, 1, -3.72529100900465e-08, 4.097820394122209e-08, 5.215405707303944e-08, 0.8163815140724182, -0.5775129795074463, 7.4505797087454084e-09, 0.5775129795074463, 0.8163815140724182),
            ["LeftHand"] = CFrame.new(0, 2.980232238769531e-07, -8.940696716308594e-08, 0.970065712928772, -0.09925413876771927, -0.22163325548171997, 0.1060425415635109, 0.994181752204895, 0.018912164494395256, 0.21846656501293182, -0.0418485589325428, 0.9749467372894287),
            ["LeftFoot"] = CFrame.new(8.940696716308594e-08, -1.1920928955078125e-07, -6.658956408500671e-08, 0.9626325368881226, -0.2585180103778839, 0.08066689223051071, 0.2535540461540222, 0.9650084376335144, 0.06685260683298111, -0.09512689709663391, -0.043901000171899796, 0.9944967031478882),
            ["LowerTorso"] = CFrame.new(-0.014196817763149738, -0.16112565994262695, 0.15807059407234192, 0.9638726711273193, -0.03897961974143982, -0.26349592208862305, 0.03083651326596737, 0.9989124536514282, -0.03497115522623062, 0.26457253098487854, 0.0255824476480484, 0.9640263915061951),
            ["RightLowerLeg"] = CFrame.new(1.9371509552001953e-07, -0.00005996227264404297, -0.00007207522139651701, 1, -7.450580596923828e-08, -1.3411046495548362e-07, 8.940695295223122e-08, 0.821049690246582, 0.5708564519882202, -3.7252898543727042e-09, -0.5708567500114441, 0.8210499882698059),
            ["LeftUpperLeg"] = CFrame.new(0, -2.076849341392517e-07, -5.960464477539063e-08, 0.9505847692489624, 0.30637744069099426, -0.05021581053733826, -0.28707221150398254, 0.8057913780212402, -0.5179669857025146, -0.11822982132434845, 0.5067870616912842, 0.8539254069328308),
            ["LeftLowerLeg"] = CFrame.new(-4.0978193283081055e-08, 0.000060439109802246094, 0.00007209181785583496, 1, 2.3283067918100642e-08, 4.0512531995773315e-08, -2.9802322387695312e-08, 0.8370208740234375, 0.5471711754798889, -1.4901161193847656e-08, -0.5471711754798889, 0.8370208144187927),
        }},
        {Time = 0.200, Data = {
            ["RightFoot"] = CFrame.new(4.0978193283081055e-08, 3.5762786865234375e-07, 8.365168469026685e-08, 0.9666329026222229, 0.23161038756370544, -0.1094430461525917, -0.25615987181663513, 0.8709889650344849, -0.4192376136779785, -0.0017765200464054942, 0.4332840144634247, 0.9012559056282043),
            ["LeftLowerArm"] = CFrame.new(2.384185791015625e-07, 2.384185791015625e-07, -5.960464477539063e-08, 1, -9.313227522511625e-09, 2.2351747119842003e-08, 2.980232594040899e-08, 0.7896414995193481, -0.6135686039924622, 5.2154071283894154e-08, 0.6135684847831726, 0.7896414399147034),
            ["RightUpperArm"] = CFrame.new(0, 0, 2.9802322387695312e-08, 0.9822092652320862, -0.1874535083770752, -0.01123710349202156, 0.18272575736045837, 0.9402059316635132, 0.2874442934989929, -0.043317217379808426, -0.284383624792099, 0.9577314853668213),
            ["Head"] = CFrame.new(0, 1.1920928955078125e-07, -8.847564458847046e-09, 0.9481024146080017, -0.00033142647589556873, 0.3179650902748108, -0.0016450106631964445, 0.9999810457229614, 0.005947486497461796, -0.3179609775543213, -0.006161763332784176, 0.9480838179588318),
            ["RightHand"] = CFrame.new(5.960464477539063e-08, -1.1920928955078125e-07, -3.725290298461914e-08, 0.9966984987258911, -0.025833647698163986, 0.0769728273153305, 0.03368288278579712, 0.9941637516021729, -0.1024891585111618, -0.07387595623731613, 0.10474289953708649, 0.9917516112327576),
            ["UpperTorso"] = CFrame.new(1.210719347000122e-08, -8.940696716308594e-08, 5.122274160385132e-09, 0.9986139535903931, 0.000992338522337377, -0.05262281000614166, 0.007018927484750748, 0.9883809685707092, 0.1518351435661316, 0.05216214060783386, -0.1519940346479416, 0.9870040416717529),
            ["HumanoidRootPart"] = CFrame.new(0, 0, 0, 1, 0, 0, 0, 1, 0, 0, 0, 1),
            ["RightUpperLeg"] = CFrame.new(-2.9802322387695312e-08, -2.975575625896454e-07, 2.996966941282153e-08, 0.908099353313446, -0.2307899296283722, -0.34941598773002625, 0.19705840945243835, 0.9717718958854675, -0.1297210305929184, 0.36949101090431213, 0.04894406720995903, 0.9279444813728333),
            ["LeftUpperArm"] = CFrame.new(-1.1920928955078125e-07, 0, 0, 0.854192316532135, 0.43457886576652527, -0.2854764759540558, -0.3928371071815491, 0.899078369140625, 0.19322799146175385, 0.3406384587287903, -0.052908070385456085, 0.9387045502662659),
            ["RightLowerArm"] = CFrame.new(5.960464477539063e-08, 4.76837158203125e-07, -2.9802322387695312e-08, 1, -3.166497108963995e-08, 4.4703490686970326e-08, 7.450577754752885e-08, 0.819873571395874, -0.5725447535514832, -2.9802311729554276e-08, 0.5725448131561279, 0.8198735117912292),
            ["LeftHand"] = CFrame.new(-1.7881393432617188e-07, -1.7881393432617188e-07, -1.1920928955078125e-07, 0.9725492596626282, -0.07138948142528534, -0.22147589921951294, 0.0767461508512497, 0.9969276189804077, 0.015664447098970413, 0.2196771204471588, -0.032231882214546204, 0.975040078163147),
            ["LeftFoot"] = CFrame.new(-7.450580596923828e-09, -1.1920928955078125e-07, -6.51925802230835e-09, 0.9581907391548157, -0.2766420841217041, 0.07307236641645432, 0.2676328718662262, 0.9568600654602051, 0.11310018599033356, -0.10120832920074463, -0.08881489932537079, 0.9908929467201233),
            ["LowerTorso"] = CFrame.new(0.005653745494782925, -0.15990304946899414, 0.18455266952514648, 0.9635209441184998, -0.043245017528533936, -0.2641160786151886, 0.04093299061059952, 0.9990602135658264, -0.014253527857363224, 0.2644842863082886, 0.002922512823715806, 0.9643855690956116),
            ["RightLowerLeg"] = CFrame.new(1.7881393432617188e-07, -0.00006002187728881836, -0.00007197091326816007, 1, -5.960465188081798e-08, -1.1175872316471214e-07, 7.916241173688832e-08, 0.8148991465568542, 0.5796025395393372, 8.195637946073475e-08, -0.579602837562561, 0.8148993253707886),
            ["LeftUpperLeg"] = CFrame.new(0, -1.7932325135916471e-07, -5.774199962615967e-08, 0.942613422870636, 0.32658734917640686, -0.06943058222532272, -0.3102257549762726, 0.779785692691803, -0.5437778830528259, -0.1234498992562294, 0.5341114401817322, 0.8363522291183472),
            ["LeftLowerLeg"] = CFrame.new(-4.470348358154297e-08, 0.00006085634231567383, 0.0000721365213394165, 1, 7.543713564928112e-08, 3.632158041000366e-08, -6.705522537231445e-08, 0.8409831523895264, 0.541061520576477, 1.4901161193847656e-08, -0.541061520576477, 0.8409830927848816),
        }},
        {Time = 0.233, Data = {
            ["RightFoot"] = CFrame.new(-7.82310962677002e-08, 4.76837158203125e-07, 1.6952981241047382e-09, 0.9717144966125488, 0.20942147076129913, -0.10914988070726395, -0.23605556786060333, 0.8749929070472717, -0.422687828540802, 0.006985187996178865, 0.43649759888648987, 0.8996784687042236),
            ["LeftLowerArm"] = CFrame.new(2.384185791015625e-07, -5.960464477539063e-08, -8.940696716308594e-08, 1, -4.656614649434232e-08, 3.72529100900465e-08, 5.2154071283894154e-08, 0.7855831384658813, -0.6187561750411987, -2.2351745343485163e-08, 0.6187561750411987, 0.7855830788612366),
            ["RightUpperArm"] = CFrame.new(0, -1.1920928955078125e-07, -2.9802322387695312e-08, 0.9784623384475708, -0.20586943626403809, 0.015139851719141006, 0.18963086605072021, 0.9254124760627747, 0.32810381054878235, -0.08155710250139236, -0.3181662857532501, 0.9445203542709351),
            ["Head"] = CFrame.new(1.862645149230957e-08, 3.5762786865234375e-07, -6.635673344135284e-08, 0.9474112391471863, 0.0020242719911038876, 0.3200123906135559, -0.0007203215500339866, 0.9999909400939941, -0.004192879889160395, -0.32001793384552, 0.0037419800646603107, 0.947404146194458),
            ["RightHand"] = CFrame.new(-2.8312206268310547e-07, -3.5762786865234375e-07, -7.450580596923828e-09, 0.9972942471504211, -0.049698591232299805, 0.0541689395904541, 0.05389204993844032, 0.995422899723053, -0.07892357558012009, -0.04999865964055061, 0.08162880688905716, 0.9954079389572144),
            ["UpperTorso"] = CFrame.new(-9.313225746154785e-09, -2.9802322387695312e-08, 2.561137080192566e-09, 0.998453676700592, 0.0009320066310465336, -0.055582188069820404, 0.0073053790256381035, 0.9889882206916809, 0.14781387150287628, 0.05510791018605232, -0.14799129962921143, 0.9874521493911743),
            ["HumanoidRootPart"] = CFrame.new(0, 0, 0, 1, 0, 0, 0, 1, 0, 0, 0, 1),
            ["RightUpperLeg"] = CFrame.new(0, -2.0582228899002075e-07, 5.418405635282397e-08, 0.9117839336395264, -0.21214339137077332, -0.35163217782974243, 0.15864482522010803, 0.9717238545417786, -0.174884632229805, 0.3787899315357208, 0.10367224365472794, 0.9196576476097107),
            ["LeftUpperArm"] = CFrame.new(-1.1920928955078125e-07, 0, -5.960464477539063e-08, 0.8517467975616455, 0.44139567017555237, -0.28230705857276917, -0.4065015912055969, 0.8966413736343384, 0.1754726767539978, 0.33058109879493713, -0.03470001369714737, 0.9431395530700684),
            ["RightLowerArm"] = CFrame.new(1.7881393432617188e-07, 2.384185791015625e-07, -2.9802322387695312e-08, 1, -4.4703490686970326e-08, 1.6763809895792292e-08, 8.195635814445268e-08, 0.7987411022186279, -0.6016750335693359, 1.4901155864777138e-08, 0.6016749739646912, 0.7987410426139832),
            ["LeftHand"] = CFrame.new(1.1920928955078125e-07, 1.1920928955078125e-07, 2.682209014892578e-07, 0.974019467830658, -0.05130914971232414, -0.22057583928108215, 0.055244095623493195, 0.998404324054718, 0.011703643016517162, 0.21962317824363708, -0.023585058748722076, 0.9752996563911438),
            ["LeftFoot"] = CFrame.new(-2.2351741790771484e-08, 5.960464477539063e-08, -1.6763806343078613e-08, 0.9522421360015869, -0.30028578639030457, 0.05534747987985611, 0.28400886058807373, 0.9376010894775391, 0.20060719549655914, -0.11213339865207672, -0.17530740797519684, 0.9781070947647095),
            ["LowerTorso"] = CFrame.new(0.02568986266851425, -0.15788507461547852, 0.22041741013526917, 0.963735044002533, -0.04109042137861252, -0.2636784315109253, 0.046629272401332855, 0.998802900314331, 0.014779487624764442, 0.26275548338890076, -0.02653864212334156, 0.9644973874092102),
            ["RightLowerLeg"] = CFrame.new(2.086162567138672e-07, -0.00006008148193359375, -0.00007219443068606779, 1, -7.450581307466564e-08, -6.705523247774181e-08, 9.03382755268467e-08, 0.8022941946983337, 0.5969286561012268, -6.70552182668871e-08, -0.5969289541244507, 0.8022944331169128),
            ["LeftUpperLeg"] = CFrame.new(0, -8.42846930027008e-08, -5.029141902923584e-08, 0.9345110058784485, 0.34261569380760193, -0.09645597636699677, -0.3314816951751709, 0.7390339374542236, -0.5864715576171875, -0.12964999675750732, 0.5800372958183289, 0.8042060732841492),
            ["LeftLowerLeg"] = CFrame.new(-1.341104507446289e-07, 0.000060498714447021484, 0.00007206201553344727, 1, 6.798654794692993e-08, 9.313224857976365e-09, -4.470348358154297e-08, 0.8419855833053589, 0.5395000576972961, 1.4901161193847656e-08, -0.5394999980926514, 0.8419855237007141),
        }},
        {Time = 0.267, Data = {
            ["RightFoot"] = CFrame.new(-1.043081283569336e-07, 3.5762786865234375e-07, 1.6596459317952394e-08, 0.976586103439331, 0.18565408885478973, -0.10868405550718307, -0.21446910500526428, 0.8796936869621277, -0.4244312345981598, 0.016811160370707512, 0.4378032386302948, 0.8989138007164001),
            ["LeftLowerArm"] = CFrame.new(1.4901161193847656e-07, -5.960464477539063e-08, 8.940696716308594e-08, 1, -3.2596297216969106e-08, -2.980232949312267e-08, 6.51925802230835e-08, 0.790060818195343, -0.6130284667015076, 0, 0.6130284070968628, 0.790060818195343),
            ["RightUpperArm"] = CFrame.new(0, -2.384185791015625e-07, 0, 0.9730978608131409, -0.2283347100019455, 0.03072167932987213, 0.19987991452217102, 0.9030012488365173, 0.38031160831451416, -0.11458000540733337, -0.36393970251083374, 0.9243480563163757),
            ["Head"] = CFrame.new(-1.862645149230957e-08, 0, 1.862645149230957e-09, 0.947705090045929, 0.0011465578572824597, 0.3191453218460083, 0.003264564322307706, 0.9999064207077026, -0.013286239467561245, -0.3191305994987488, 0.01363351009786129, 0.9476127624511719),
            ["RightHand"] = CFrame.new(1.1175870895385742e-07, -5.960464477539063e-08, 5.960464477539063e-08, 0.9970031976699829, -0.06807713955640793, 0.03674592077732086, 0.07052290439605713, 0.9950529336929321, -0.0699744001030922, -0.03180055320262909, 0.07235559076070786, 0.9968717694282532),
            ["UpperTorso"] = CFrame.new(5.587935447692871e-09, -5.960464477539063e-08, -1.1641532182693481e-08, 0.9982555508613586, 0.0009144668001681566, -0.059034205973148346, 0.007391441613435745, 0.9900780916213989, 0.14032408595085144, 0.05857689306139946, -0.14051565527915955, 0.988344132900238),
            ["HumanoidRootPart"] = CFrame.new(0, 0, 0, 1, 0, 0, 0, 1, 0, 0, 0, 1),
            ["RightUpperLeg"] = CFrame.new(-2.9802322387695312e-08, -1.7508864402770996e-07, 5.045876605436206e-08, 0.9131326675415039, -0.19830259680747986, -0.3561807870864868, 0.12016355991363525, 0.9658247232437134, -0.22965961694717407, 0.3895503282546997, 0.1669096052646637, 0.905754804611206),
            ["LeftUpperArm"] = CFrame.new(0, 1.1920928955078125e-07, 2.9802322387695312e-08, 0.8481599688529968, 0.45163488388061523, -0.2768585979938507, -0.43101978302001953, 0.8921896815299988, 0.13497978448867798, 0.3079719543457031, 0.00484716659411788, 0.9513830542564392),
            ["RightLowerArm"] = CFrame.new(1.7881393432617188e-07, 5.364418029785156e-07, -1.7881393432617188e-07, 1, -4.5634813261585805e-08, 3.3527619791584584e-08, 8.195636524988004e-08, 0.7870258092880249, -0.6169201731681824, 0, 0.6169202327728271, 0.7870258092880249),
            ["LeftHand"] = CFrame.new(-1.1920928955078125e-07, 3.5762786865234375e-07, -2.9802322387695312e-08, 0.975476086139679, -0.04490279406309128, -0.2154769003391266, 0.04759794473648071, 0.9988396763801575, 0.0073328339494764805, 0.2148972451686859, -0.01740928366780281, 0.9764814376831055),
            ["LeftFoot"] = CFrame.new(7.450580596923828e-08, 5.960464477539063e-08, 1.862645149230957e-08, 0.9470453858375549, -0.3194563388824463, 0.032445017248392105, 0.29460352659225464, 0.9046434760093689, 0.30794331431388855, -0.12772567570209503, -0.2820777893066406, 0.950851321220398),
            ["LowerTorso"] = CFrame.new(0.043481189757585526, -0.15488195419311523, 0.2641303837299347, 0.9648966789245605, -0.03454074263572693, -0.2603486180305481, 0.04856378212571144, 0.9976841807365417, 0.047621842473745346, 0.25810080766677856, -0.058593668043613434, 0.964339554309845),
            ["RightLowerLeg"] = CFrame.new(3.129243850708008e-07, -0.00006020069122314453, -0.00007206032023532316, 1, -1.1175872316471214e-07, -8.195639367158947e-08, 5.960463766996327e-08, 0.7871509790420532, 0.6167601346969604, 1.862644971595273e-08, -0.6167604327201843, 0.7871512174606323),
