return {
    ["Stare Don't Touch"] = {
        {Time = 0.000, Data = {
            ["LeftFoot"] = CFrame.new(-7.450580596923828e-09, 1.1920928955078125e-07, 7.450580596923828e-09, 0.9980992674827576, -0.05133403092622757, -0.03409985080361366, 0.05246952921152115, 0.9980677962303162, 0.03328239917755127, 0.03232533112168312, -0.03500832989811897, 0.9988641142845154),
            ["LeftLowerArm"] = CFrame.new(2.2351741790771484e-07, 1.1920928955078125e-07, 1.1920928955078125e-07, 1, -1.0803343286625022e-07, -7.450580596923828e-08, 5.21540641784668e-08, 0.8358354568481445, -0.5489801168441772, -9.872019290924072e-08, 0.548980176448822, 0.8358353972434998),
            ["LowerTorso"] = CFrame.new(0, 0, 0, 0.9509702920913696, -0.008336448110640049, 0.30916985869407654, -0.007469596806913614, 0.9987260103225708, 0.04990510642528534, -0.309192031621933, -0.049767766147851944, 0.9496965408325195),
            ["Head"] = CFrame.new(-3.725290298461914e-09, 1.1920928955078125e-07, 7.450580596923828e-09, 0.9920921921730042, -0.04868578910827637, -0.11568470299243927, 0.04361550137400627, 0.9979905486106873, -0.045964278280735016, 0.11769001930952072, 0.04055514559149742, 0.992222011089325),
            ["RightUpperArm"] = CFrame.new(2.384185791015625e-07, -1.1920928955078125e-07, 4.470348358154297e-08, 0.7307446599006653, -0.22211693227291107, 0.6455047130584717, 0.008740263991057873, 0.9485520720481873, 0.31650060415267944, -0.6825950145721436, -0.225639209151268, 0.6950907707214355),
            ["UpperTorso"] = CFrame.new(1.1641532182693481e-09, 2.384185791015625e-07, 2.130400389432907e-08, 0.9995759129524231, 0.019669901579618454, 0.02147558704018593, -0.019152019172906876, 0.9995271563529968, -0.024059250950813293, -0.02193862944841385, 0.023637883365154266, 0.9994798302650452),
            ["HumanoidRootPart"] = CFrame.new(0, 0, 0, 1, 0, 0, 0, 1, 0, 0, 0, 1),
            ["RightHand"] = CFrame.new(-6.705522537231445e-08, -1.1920928955078125e-07, 4.470348358154297e-08, 0.9976851940155029, -0.034789394587278366, 0.05842912197113037, 0.028283197432756424, 0.9936715364456177, 0.10870575904846191, -0.061841025948524475, -0.10680171847343445, 0.9923554062843323),
            ["LeftUpperArm"] = CFrame.new(1.1920928955078125e-07, 0, 8.940696716308594e-08, 0.7177567481994629, 0.26159539818763733, -0.6452853083610535, -0.09227528423070908, 0.9543047547340393, 0.28423169255256653, 0.6901525855064392, -0.1444653570652008, 0.7090974450111389),
            ["RightLowerArm"] = CFrame.new(2.9802322387695312e-08, 1.7881393432617188e-07, -7.450580596923828e-08, 1, -9.313225746154785e-08, -2.8870992707652476e-08, 3.725290298461914e-08, 0.816908597946167, -0.5767672061920166, 0, 0.5767672061920166, 0.8169085383415222),
            ["LeftHand"] = CFrame.new(-1.043081283569336e-07, 0, -5.960464477539063e-08, 0.994425892829895, -0.10245849192142487, -0.02488970011472702, 0.10347238183021545, 0.9936769604682922, 0.04358534514904022, 0.0202668197453022, -0.04591793194413185, 0.9987396597862244),
            ["RightUpperLeg"] = CFrame.new(0, 2.086162567138672e-07, 4.470348358154297e-08, 0.9980279207229614, -0.04479308798909187, 0.04397708177566528, 0.058343760669231415, 0.9204058051109314, -0.38658633828163147, -0.023160286247730255, 0.38839006423950195, 0.921204149723053),
            ["LeftUpperLeg"] = CFrame.new(2.9802322387695312e-08, 2.682209014892578e-07, -7.450580596923828e-09, 0.9941429495811462, 0.08702968806028366, 0.06407591700553894, -0.046467509120702744, 0.8795033693313599, -0.47361838817596436, -0.09757363796234131, 0.4678671061992645, 0.8783962726593018),
            ["RightLowerLeg"] = CFrame.new(-2.60770320892334e-08, -3.5762786865234375e-07, 1.043081283569336e-07, 1, 4.842878098543224e-08, 1.6763802790364934e-08, -4.470347647611561e-08, 0.7594431638717651, 0.6505739688873291, 5.5879347371501353e-08, -0.6505737900733948, 0.7594428658485413),
            ["RightFoot"] = CFrame.new(5.960464477539063e-08, 0, 1.6952981241047382e-09, 0.9986327886581421, 0.04354366287589073, 0.028924375772476196, -0.0406930074095726, 0.9948586225509644, -0.0927383154630661, -0.032813943922519684, 0.09143447875976562, 0.995270311832428),
            ["LeftLowerLeg"] = CFrame.new(1.0803341865539551e-07, -2.384185791015625e-07, -1.4901161193847656e-08, 1, 5.5879347371501353e-08, -1.8626449271863521e-09, -9.313225746154785e-08, 0.7729873061180115, 0.6344215869903564, -5.587935447692871e-08, -0.6344214677810669, 0.7729872465133667),
        }},
        {Time = 0.033, Data = {
            ["LeftFoot"] = CFrame.new(1.955777406692505e-08, 5.960464477539063e-08, 1.30385160446167e-08, 0.9980297684669495, -0.05226343125104904, -0.03471716120839119, 0.0527881383895874, 0.9985023140907288, 0.014374525286257267, 0.033913884311914444, -0.016178729012608528, 0.9992938041687012),
            ["LeftLowerArm"] = CFrame.new(1.1920928955078125e-07, -1.7881393432617188e-07, 2.9802322387695312e-08, 1, -4.6566128730773926e-08, 6.519258732851085e-08, 5.960464477539063e-08, 0.8522689938545227, -0.5231038331985474, 2.7939677238464355e-08, 0.5231038928031921, 0.8522690534591675),
            ["LowerTorso"] = CFrame.new(0.00337093323469162, -0.010818243026733398, 0.007002351339906454, 0.9497947096824646, -0.010104737244546413, 0.31271088123321533, -0.0069807772524654865, 0.9985451102256775, 0.053468890488147736, -0.3127962350845337, -0.05296754464507103, 0.9483422040939331),
            ["Head"] = CFrame.new(-7.450580596923828e-09, -1.1920928955078125e-07, -1.862645149230957e-09, 0.9880412220954895, -0.06711574643850327, -0.13881716132164001, 0.059154413640499115, 0.996401309967041, -0.06070726364850998, 0.14239196479320526, 0.05176963657140732, 0.9884556531906128),
            ["RightUpperArm"] = CFrame.new(-1.1920928955078125e-07, 1.1920928955078125e-07, -1.4156103134155273e-07, 0.7523714303970337, -0.1992349475622177, 0.6278876066207886, 0.0014503300189971924, 0.9536643624305725, 0.3008692264556885, -0.6587375402450562, -0.22545476257801056, 0.71779865026474),
            ["UpperTorso"] = CFrame.new(-2.444721758365631e-09, -5.960464477539063e-08, 1.1350493878126144e-09, 0.9993019104003906, 0.024227388203144073, 0.028440851718187332, -0.023524578660726547, 0.9994158148765564, -0.024790553376078606, -0.02902483008801937, 0.024104325100779533, 0.999288022518158),
            ["HumanoidRootPart"] = CFrame.new(0, 0, 0, 1, 0, 0, 0, 1, 0, 0, 0, 1),
            ["RightHand"] = CFrame.new(1.4156103134155273e-07, -1.7881393432617188e-07, -4.470348358154297e-08, 0.9974029064178467, -0.044224467128515244, 0.05684887617826462, 0.03854484111070633, 0.994499683380127, 0.09738947451114655, -0.06084323674440384, -0.09494541585445404, 0.9936214089393616),
            ["LeftUpperArm"] = CFrame.new(1.1920928955078125e-07, 0, 1.862645149230957e-07, 0.732343316078186, 0.2433907687664032, -0.6359515190124512, -0.09265923500061035, 0.9608707427978516, 0.2610398530960083, 0.6746017932891846, -0.13224397599697113, 0.7262395620346069),
            ["RightLowerArm"] = CFrame.new(5.960464477539063e-08, -2.980232238769531e-07, 8.940696716308594e-08, 1, -6.70552182668871e-08, 2.1420420992512845e-08, 4.470348358154297e-08, 0.834588885307312, -0.5508732199668884, -1.955777406692505e-08, 0.5508732199668884, 0.8345890641212463),
            ["LeftHand"] = CFrame.new(9.685754776000977e-08, -4.76837158203125e-07, 0, 0.9949349761009216, -0.09767540544271469, -0.023747526109218597, 0.09852610528469086, 0.9944174885749817, 0.03777001053094864, 0.01992577500641346, -0.03991848602890968, 0.9990043044090271),
            ["RightUpperLeg"] = CFrame.new(5.960464477539063e-08, 3.5762786865234375e-07, 2.9802322387695312e-08, 0.998129665851593, -0.04546456038951874, 0.040867384523153305, 0.05776750296354294, 0.9201868772506714, -0.3871936500072479, -0.02000199258327484, 0.388830304145813, 0.9210923314094543),
            ["LeftUpperLeg"] = CFrame.new(2.9802322387695312e-08, 3.8743019104003906e-07, 0, 0.9925913214683533, 0.10635440051555634, 0.058748457580804825, -0.05321037769317627, 0.815189778804779, -0.5767443776130676, -0.10923033952713013, 0.5693455338478088, 0.8148095607757568),
            ["RightLowerLeg"] = CFrame.new(1.4901161193847656e-08, -5.960464477539063e-08, -2.9802322387695312e-08, 1, 1.4901159417490817e-08, 9.685756907629184e-08, -4.0978196835794733e-08, 0.7616786956787109, 0.6479548215866089, 4.284084198502569e-08, -0.6479550004005432, 0.7616788744926453),
            ["RightFoot"] = CFrame.new(4.936009645462036e-08, 5.960464477539063e-08, 9.145878721028566e-09, 0.9985931515693665, 0.04417090117931366, 0.02934092842042446, -0.04027542844414711, 0.9916898608207703, -0.122184619307518, -0.03449418768286705, 0.12083113193511963, 0.9920737147331238),
            ["LeftLowerLeg"] = CFrame.new(-7.450580596923828e-09, -5.960464477539063e-08, 0, 1, 4.4703469370688254e-08, 3.4458938813486384e-08, -6.332993507385254e-08, 0.7210355997085571, 0.6928977370262146, -2.60770320892334e-08, -0.6928980350494385, 0.7210359573364258),
        }},
        {Time = 0.067, Data = {
            ["LeftFoot"] = CFrame.new(6.51925802230835e-08, -1.1920928955078125e-07, -5.587935447692871e-09, 0.9982104897499084, -0.049810606986284256, -0.03308788686990738, 0.05085977911949158, 0.9982038736343384, 0.03166206181049347, 0.03145136684179306, -0.033288247883319855, 0.9989508986473083),
            ["LeftLowerArm"] = CFrame.new(1.9371509552001953e-07, -5.960464477539063e-08, 0, 1, -4.842877388000488e-08, 4.470348358154297e-08, 2.9802318834981634e-08, 0.8874779343605042, -0.4608502686023712, -6.332992796842518e-08, 0.46085017919540405, 0.8874779343605042),
            ["LowerTorso"] = CFrame.new(0.01000125054270029, -0.03617525100708008, 0.020676186308264732, 0.9467719793319702, -0.012301898561418056, 0.3216697871685028, -0.007116939872503281, 0.9982253313064575, 0.0591232068836689, -0.3218262493610382, -0.05826561525464058, 0.9450042247772217),
            ["Head"] = CFrame.new(1.6763806343078613e-08, 0, 9.313225746154785e-10, 0.9753204584121704, -0.10988689213991165, -0.19150708615779877, 0.09320154041051865, 0.991192102432251, -0.09408346563577652, 0.20015880465507507, 0.07391277700662613, 0.9769715666770935),
            ["RightUpperArm"] = CFrame.new(0, 4.76837158203125e-07, 0, 0.798262894153595, -0.14699126780033112, 0.5840976238250732, -0.014079510234296322, 0.9649447202682495, 0.26207536458969116, -0.6021445989608765, -0.21742883324623108, 0.7682099342346191),
            ["UpperTorso"] = CFrame.new(5.238689482212067e-10, 1.4901161193847656e-07, 9.313225746154785e-10, 0.9983882904052734, 0.034599050879478455, 0.04498672857880592, -0.033424295485019684, 0.9990870356559753, -0.026608364656567574, -0.04586625471711159, 0.025061961263418198, 0.9986332058906555),
            ["HumanoidRootPart"] = CFrame.new(0, 0, 0, 1, 0, 0, 0, 1, 0, 0, 0, 1),
            ["RightHand"] = CFrame.new(-1.1920928955078125e-07, 0, -2.9802322387695312e-08, 0.9965791702270508, -0.06409157067537308, 0.052176713943481445, 0.060856837779283524, 0.9962570071220398, 0.061388760805130005, -0.05591591075062752, -0.05800348520278931, 0.996749222278595),
            ["LeftUpperArm"] = CFrame.new(0, 1.1920928955078125e-07, 5.21540641784668e-08, 0.7634286284446716, 0.20312127470970154, -0.6131221055984497, -0.09197041392326355, 0.9737771153450012, 0.20808571577072144, 0.6393107175827026, -0.10246945917606354, 0.762090265750885),
            ["RightLowerArm"] = CFrame.new(1.7881393432617188e-07, 1.7881393432617188e-07, 1.7881393432617188e-07, 1, -4.8428766774577525e-08, 5.21540464148984e-08, 2.9802315282267955e-08, 0.8769614100456238, -0.48056092858314514, 2.2351736461700966e-08, 0.48056086897850037, 0.8769614100456238),
            ["LeftHand"] = CFrame.new(-1.4901161193847656e-08, 1.1920928955078125e-07, 2.9802322387695312e-08, 0.9962483644485474, -0.08389972895383835, -0.02121523953974247, 0.08436808735132217, 0.9961865544319153, 0.022234763950109482, 0.019268926233053207, -0.02394125610589981, 0.9995276927947998),
            ["RightUpperLeg"] = CFrame.new(-2.9802322387695312e-08, -1.1920928955078125e-07, -1.4901161193847656e-08, 0.998253583908081, -0.04882274568080902, 0.03325902670621872, 0.05790439993143082, 0.920177698135376, -0.38719499111175537, -0.011700295843183994, 0.38844484090805054, 0.9213978052139282),
            ["LeftUpperLeg"] = CFrame.new(0, -1.4901161193847656e-07, -2.9802322387695312e-08, 0.9891275763511658, 0.13976427912712097, 0.04574466124176979, -0.06119503080844879, 0.6740298867225647, -0.7361648082733154, -0.13372275233268738, 0.7253617644309998, 0.6752545833587646),
            ["RightLowerLeg"] = CFrame.new(2.9802322387695312e-08, 2.980232238769531e-07, 5.960464477539063e-08, 1, 5.215404996761208e-08, 5.587935447692871e-09, -5.587935447692871e-08, 0.7642671465873718, 0.6448997259140015, 1.862645149230957e-09, -0.6448997259140015, 0.7642672657966614),
            ["RightFoot"] = CFrame.new(1.5832483768463135e-08, 5.960464477539063e-08, 5.012407200410962e-08, 0.9984836578369141, 0.04585418850183487, 0.030459001660346985, -0.039279282093048096, 0.9811163544654846, -0.1893879920244217, -0.03856806457042694, 0.18790455162525177, 0.9814298748970032),
            ["LeftLowerLeg"] = CFrame.new(9.685754776000977e-08, -2.980232238769531e-07, 7.450580596923828e-08, 1, 4.097818262494002e-08, 5.913896217180081e-08, -9.685753354915505e-08, 0.6856768727302551, 0.7279060482978821, -3.352760913344355e-08, -0.7279060482978821, 0.6856769323348999),
        }},
        {Time = 0.100, Data = {
            ["LeftFoot"] = CFrame.new(-1.862645149230957e-08, 0, -7.450580596923828e-08, 0.9988873600959778, -0.03928280621767044, -0.026094380766153336, 0.04252332076430321, 0.9894924759864807, 0.138189435005188, 0.020391840487718582, -0.13914552330970764, 0.9900619983673096),
            ["LeftLowerArm"] = CFrame.new(2.9802322387695312e-08, 7.152557373046875e-07, 5.960464477539063e-08, 1, -1.1175870895385742e-08, -2.421438694000244e-08, 3.725290298461914e-08, 0.9204390645027161, -0.3908859193325043, -2.421438694000244e-08, 0.3908860683441162, 0.9204391241073608),
            ["LowerTorso"] = CFrame.new(0.014667230658233166, -0.06542420387268066, 0.030021680518984795, 0.942660391330719, -0.010192316956818104, 0.33359789848327637, -0.010187110863626003, 0.9981892108917236, 0.05928337574005127, -0.3335980474948883, -0.05928260087966919, 0.9408496022224426),
            ["Head"] = CFrame.new(5.587935447692871e-09, 1.1920928955078125e-07, -3.725290298461914e-09, 0.9555662274360657, -0.15708014369010925, -0.2494376301765442, 0.1279934048652649, 0.9833589792251587, -0.1289299875497818, 0.2655390202999115, 0.09127479046583176, 0.9597697257995605),
            ["RightUpperArm"] = CFrame.new(-2.384185791015625e-07, 3.5762786865234375e-07, 7.450580596923828e-09, 0.8422399163246155, -0.0896536186337471, 0.531595766544342, -0.02883104979991913, 0.9771731495857239, 0.21047912538051605, -0.5383315086364746, -0.1926003098487854, 0.8204294443130493),
            ["UpperTorso"] = CFrame.new(-2.3283064365386963e-10, -3.2782554626464844e-07, 1.4901161193847656e-08, 0.9968597292900085, 0.04581925645470619, 0.06458688527345657, -0.04402955248951912, 0.9986131191253662, -0.028866542503237724, -0.06581992655992508, 0.02593229152262211, 0.9974945783615112),
            ["HumanoidRootPart"] = CFrame.new(0, 0, 0, 1, 0, 0, 0, 1, 0, 0, 0, 1),
            ["RightHand"] = CFrame.new(-5.960464477539063e-08, 0, 5.960464477539063e-08, 0.9956592321395874, -0.08156599849462509, 0.04483123496174812, 0.08168789744377136, 0.9966576099395752, -0.0008912963094189763, -0.044608552008867264, 0.004549326840788126, 0.9989942312240601),
            ["LeftUpperArm"] = CFrame.new(0, 5.960464477539062e-07, -7.450580596923828e-08, 0.7934471368789673, 0.16257412731647491, -0.5865247845649719, -0.08839093893766403, 0.9842285513877869, 0.1532357633113861, 0.6021865010261536, -0.06974095106124878, 0.7953035235404968),
            ["RightLowerArm"] = CFrame.new(-3.2782554626464844e-07, -2.384185791015625e-07, 1.1920928955078125e-07, 1, -6.705522537231445e-08, -2.2351734685344127e-08, 2.2351745343485163e-08, 0.9266481995582581, -0.37592950463294983, 2.6077035641947077e-08, 0.3759298026561737, 0.9266481995582581),
            ["LeftHand"] = CFrame.new(4.470348358154297e-08, 5.960464477539063e-08, -2.9802322387695312e-08, 0.9978295564651489, -0.06307926028966904, -0.01890408806502819, 0.0631282851099968, 0.9980034232139587, 0.0020103869028389454, 0.0187396090477705, -0.0031995258759707212, 0.9998193383216858),
            ["RightUpperLeg"] = CFrame.new(-2.9802322387695312e-08, 1.4901161193847656e-07, -2.2351741790771484e-08, 0.9980992078781128, -0.056896451860666275, 0.023682119324803352, 0.061628200113773346, 0.9208649396896362, -0.3849799633026123, 0.0000958343007368967, 0.3857079744338989, 0.9226211309432983),
            ["LeftUpperLeg"] = CFrame.new(2.9802322387695312e-08, 5.960464477539063e-08, -2.9802322387695312e-08, 0.9864533543586731, 0.15862305462360382, 0.04181523993611336, -0.05995771661400795, 0.5859092473983765, -0.8081554770469666, -0.15269210934638977, 0.7947006821632385, 0.5874829292297363),
            ["RightLowerLeg"] = CFrame.new(-6.705522537231445e-08, -5.960464477539063e-08, 0, 1, 9.313224325069314e-08, -5.587935447692871e-08, -6.332993507385254e-08, 0.758785605430603, 0.6513404250144958, -3.91155481338501e-08, -0.6513404846191406, 0.7587857246398926),
            ["RightFoot"] = CFrame.new(-1.7695128917694092e-08, -1.1920928955078125e-07, -2.438173396512866e-08, 0.9983087182044983, 0.04842589795589447, 0.03216760605573654, -0.03821003437042236, 0.9635626077651978, -0.2647399306297302, -0.04381553828716278, 0.2630631625652313, 0.9637832045555115),
            ["LeftLowerLeg"] = CFrame.new(-1.4901161193847656e-08, 2.980232238769531e-07, 2.086162567138672e-07, 1, 9.685754776000977e-08, 7.078052277620372e-08, -7.450581307466564e-08, 0.7928011417388916, 0.6094805598258972, 1.4901162970204496e-08, -0.6094805002212524, 0.792801022529602),
        }},
        {Time = 0.133, Data = {
            ["LeftFoot"] = CFrame.new(-5.587935447692871e-08, 5.960464477539063e-08, -1.1920928955078125e-07, 0.9994625449180603, -0.02730809710919857, -0.01814020797610283, 0.031591542065143585, 0.9501208662986755, 0.3102779686450958, 0.008762398734688759, -0.3106843829154968, 0.950472891330719),
            ["LeftLowerArm"] = CFrame.new(-2.5331974029541016e-07, -5.960464477539062e-07, -2.2351741790771484e-07, 1, -2.6077035641947077e-08, 4.4703494239684005e-08, 1.862645149230957e-08, 0.929553210735321, -0.36868831515312195, -1.862645149230957e-08, 0.36868828535079956, 0.9295531511306763),
            ["LowerTorso"] = CFrame.new(0.01214514672756195, -0.08791804313659668, 0.024038998410105705, 0.9382334351539612, 0.0011434681946411729, 0.3460012972354889, -0.01829124428331852, 0.9987601637840271, 0.046298567205667496, -0.34551939368247986, -0.049767766147851944, 0.9370909929275513),
            ["Head"] = CFrame.new(9.313225746154785e-09, -5.960464477539062e-07, -7.450580596923828e-09, 0.9380780458450317, -0.1862761229276657, -0.2920801639556885, 0.14882928133010864, 0.9780601859092712, -0.14576736092567444, 0.31282493472099304, 0.09327108412981033, 0.9452201724052429),
            ["RightUpperArm"] = CFrame.new(1.1920928955078125e-07, -4.76837158203125e-07, -1.2665987014770508e-07, 0.8665988445281982, -0.050962939858436584, 0.4963962733745575, -0.03703422099351883, 0.9854593276977539, 0.16582660377025604, -0.4976292848587036, -0.16208875179290771, 0.8521104454994202),
            ["UpperTorso"] = CFrame.new(-3.259629011154175e-09, 0, -3.026798367500305e-09, 0.9953293800354004, 0.05289958044886589, 0.08075372129678726, -0.05056813731789589, 0.9982502460479736, -0.030649084597826004, -0.08223377913236618, 0.026422495022416115, 0.9962628483772278),
            ["HumanoidRootPart"] = CFrame.new(0, 0, 0, 1, 0, 0, 0, 1, 0, 0, 0, 1),
            ["RightHand"] = CFrame.new(-4.470348358154297e-08, 5.960464477539063e-08, 0, 0.9955936074256897, -0.08598555624485016, 0.0374162532389164, 0.0886153057217598, 0.9932029843330383, -0.0754668340086937, -0.03067280538380146, 0.0784497931599617, 0.9964460730552673),
            ["LeftUpperArm"] = CFrame.new(-1.1920928955078125e-07, -6.556510925292969e-07, -3.725290298461914e-08, 0.8096539378166199, 0.14615020155906677, -0.5684195756912231, -0.08158412575721741, 0.9871225357055664, 0.13759784400463104, 0.581209659576416, -0.06503261625766754, 0.8111511468887329),
            ["RightLowerArm"] = CFrame.new(-5.960464477539063e-08, 1.1920928955078125e-07, -5.960464477539063e-08, 1, -1.9557775843281888e-08, -5.867334351705722e-08, 2.2351745343485163e-08, 0.962210476398468, -0.2723069190979004, -1.210719524635806e-08, 0.272306889295578, 0.9622105360031128),
            ["LeftHand"] = CFrame.new(7.450580596923828e-09, 1.1920928955078125e-07, -1.4901161193847656e-08, 0.9989999532699585, -0.03939719870686531, -0.021143795922398567, 0.03929382190108299, 0.9992137551307678, -0.005286211147904396, 0.021335404366254807, 0.00445015262812376, 0.9997625350952148),
            ["RightUpperLeg"] = CFrame.new(-5.960464477539063e-08, 8.940696716308594e-08, -7.450580596923828e-09, 0.9973044395446777, -0.07185758650302887, 0.014850186184048653, 0.07211378216743469, 0.9224892854690552, -0.3792266845703125, 0.013551002368330956, 0.3792758882045746, 0.9251846075057983),
            ["LeftUpperLeg"] = CFrame.new(2.9802322387695312e-08, 1.1920928955078125e-07, 1.4901161193847656e-08, 0.9861948490142822, 0.15505249798297882, 0.05812506377696991, -0.0587402768433094, 0.6557687520980835, -0.7526729702949524, -0.15482056140899658, 0.7388681769371033, 0.6558238863945007),
            ["RightLowerLeg"] = CFrame.new(-5.21540641784668e-08, 1.1920928955078125e-07, -4.470348358154297e-08, 1, 3.72529100900465e-08, 2.607702853651972e-08, -5.215405707303944e-08, 0.7332592010498047, 0.6799497604370117, 4.8428766774577525e-08, -0.6799494028091431, 0.7332587242126465),
            ["RightFoot"] = CFrame.new(5.029141902923584e-08, 0, -3.55576048605144e-08, 0.9980543255805969, 0.05193709954619408, 0.03449985757470131, -0.03800390288233757, 0.9453725218772888, -0.3237696886062622, -0.04943075031042099, 0.32182830572128296, 0.945506751537323),
            ["LeftLowerLeg"] = CFrame.new(-1.4901161193847656e-07, 5.960464477539063e-08, 5.960464477539063e-08, 1, 3.725290653733282e-08, 9.313227167240257e-08, 0, 0.9643937945365906, 0.2644706964492798, -4.0978196835794733e-08, -0.2644706964492798, 0.9643937349319458),
        }},
        {Time = 0.167, Data = {
            ["LeftFoot"] = CFrame.new(-9.313225746154785e-08, 0, 1.1920928955078125e-07, 0.9996054768562317, -0.023395204916596413, -0.015541031956672668, 0.027150925248861313, 0.9465344548225403, 0.3214586079120636, 0.007189490832388401, -0.32175347208976746, 0.9467961192131042),
            ["LeftLowerArm"] = CFrame.new(-2.682209014892578e-07, 1.1920928955078125e-07, -1.4901161193847656e-08, 1, -5.960463056453591e-08, 2.2351741790771484e-08, 3.3527612686157227e-08, 0.9003757238388062, -0.4351133108139038, 4.470348358154297e-08, 0.43511316180229187, 0.9003757238388062),
            ["LowerTorso"] = CFrame.new(-0.0011053424095734954, -0.09508228302001953, -0.0047918641939759254, 0.9341105222702026, 0.02442101016640663, 0.3561477065086365, -0.03221848979592323, 0.9993531107902527, 0.015977580100297928, -0.3555271327495575, -0.02639947645366192, 0.9342930912971497),
            ["Head"] = CFrame.new(2.60770320892334e-08, -1.1920928955078125e-07, -3.725290298461914e-09, 0.9342308044433594, -0.18002885580062866, -0.30790016055107117, 0.14624571800231934, 0.9807114005088806, -0.12968195974826813, 0.3253077566623688, 0.07612377405166626, 0.9425392150878906),
            ["RightUpperArm"] = CFrame.new(0, -5.960464477539062e-07, 7.82310962677002e-08, 0.8652230501174927, -0.055529091507196426, 0.498302698135376, -0.03768204152584076, 0.983835756778717, 0.17506396770477295, -0.49996915459632874, -0.17024654150009155, 0.8491449356079102),
            ["UpperTorso"] = CFrame.new(5.122274160385132e-09, 5.960464477539063e-08, 3.259629011154175e-09, 0.9946334362030029, 0.05223936215043068, 0.08930591493844986, -0.04961283877491951, 0.9982753992080688, -0.031382471323013306, -0.09079129993915558, 0.026783466339111328, 0.9955097436904907),
            ["HumanoidRootPart"] = CFrame.new(0, 0, 0, 1, 0, 0, 0, 1, 0, 0, 0, 1),
            ["RightHand"] = CFrame.new(1.341104507446289e-07, 1.7881393432617188e-07, -5.960464477539063e-08, 0.9966673254966736, -0.07277469336986542, 0.036854952573776245, 0.07671227306127548, 0.9898001551628113, -0.1200459748506546, -0.027742726728320122, 0.12247290462255478, 0.9920840859413147),
            ["LeftUpperArm"] = CFrame.new(1.1920928955078125e-07, -6.556510925292969e-07, -1.862645149230957e-08, 0.8047510981559753, 0.1692495197057724, -0.5689728856086731, -0.07148510962724686, 0.979148268699646, 0.19015415012836456, 0.5892924666404724, -0.11235374957323074, 0.8000695705413818),
            ["RightLowerArm"] = CFrame.new(0, -1.7881393432617188e-07, -8.940696716308594e-08, 1, -2.444721758365631e-09, 1.3224779138454323e-07, 3.725290653733282e-08, 0.9650859236717224, -0.2619336247444153, 2.1420420992512845e-08, 0.2619335651397705, 0.9650858640670776),
            ["LeftHand"] = CFrame.new(1.7881393432617188e-07, -5.960464477539063e-08, 7.450580596923828e-08, 0.9993473291397095, -0.016581134870648384, -0.032095011323690414, 0.01707855612039566, 0.9997373223304749, 0.015289224684238434, 0.03183283656835556, -0.015827232971787453, 0.999367892742157),
            ["RightUpperLeg"] = CFrame.new(5.960464477539063e-08, 2.9802322387695312e-08, -1.30385160446167e-08, 0.9954590797424316, -0.0948643609881401, 0.007872534915804863, 0.09175795316696167, 0.9342684149742126, -0.34456202387809753, 0.025331683456897736, 0.34371986985206604, 0.9387305974960327),
            ["LeftUpperLeg"] = CFrame.new(-1.1920928955078125e-07, 2.086162567138672e-07, 3.725290298461914e-09, 0.9876057505607605, 0.14906035363674164, 0.04915429279208183, -0.06805123388767242, 0.6888618469238281, -0.7216913104057312, -0.1414359211921692, 0.7094014883041382, 0.6904676556587219),
            ["RightLowerLeg"] = CFrame.new(1.4901161193847656e-08, -5.960464477539063e-08, -1.6391277313232422e-07, 1, 3.725289943190546e-08, 5.4016709327697754e-08, -6.70552182668871e-08, 0.7071627378463745, 0.707050621509552, 3.5390254282674505e-08, -0.7070508599281311, 0.7071629166603088),
            ["RightFoot"] = CFrame.new(-5.494803190231323e-08, -1.1920928955078125e-07, -2.0656443666666746e-08, 0.997635006904602, 0.057254113256931305, 0.0380316898226738, -0.039781492203474045, 0.9321811199188232, -0.35979941487312317, -0.0560525506734848, 0.35743585228919983, 0.9322543144226074),
            ["LeftLowerLeg"] = CFrame.new(-7.450580596923828e-08, 5.960464477539063e-08, 1.1920928955078125e-07, 1, 0, 6.332992796842518e-08, -4.470347292340193e-08, 0.983548104763031, 0.1806465983390808, -5.960463056453591e-08, -0.18064667284488678, 0.9835480451583862),
        }},
        {Time = 0.200, Data = {
            ["LeftFoot"] = CFrame.new(-8.940696716308594e-08, 0, -2.9802322387695312e-08, 0.9995515942573547, -0.024942103773355484, -0.016568565741181374, 0.026474948972463608, 0.9946504831314087, 0.09984767436981201, 0.013989502564072609, -0.10024173557758331, 0.9948648810386658),
            ["LeftLowerArm"] = CFrame.new(-1.4901161193847656e-07, 2.384185791015625e-07, 1.341104507446289e-07, 1, -3.725289943190546e-08, 3.725290298461914e-09, 4.470347647611561e-08, 0.8467586636543274, -0.5319772362709045, 7.823108916227284e-08, 0.5319773554801941, 0.8467587232589722),
            ["LowerTorso"] = CFrame.new(-0.021891087293624878, -0.08662819862365723, -0.05007167160511017, 0.9306809306144714, 0.052787017077207565, 0.36200371384620667, -0.04822280630469322, 0.9986022114753723, -0.02163855731487274, -0.3626399636268616, 0.002681645331904292, 0.9319254755973816),
            ["Head"] = CFrame.new(-2.2351741790771484e-08, 0, -3.725290298461914e-09, 0.9407761096954346, -0.1465991884469986, -0.30569443106651306, 0.12449301779270172, 0.9880653619766235, -0.09070995450019836, 0.31534403562545776, 0.0472809337079525, 0.9477989077568054),
            ["RightUpperArm"] = CFrame.new(-2.384185791015625e-07, -1.1920928955078125e-07, 4.470348358154297e-08, 0.844135046005249, -0.09533054381608963, 0.5275872945785522, -0.034814126789569855, 0.9722409248352051, 0.231377974152565, -0.5349990725517273, -0.21368171274662018, 0.8173836469650269),
            ["UpperTorso"] = CFrame.new(-2.153683453798294e-09, 0, -5.2677933126688e-09, 0.9944185018539429, 0.04580449312925339, 0.09504665434360504, -0.042865023016929626, 0.9985442757606506, -0.0327417217195034, -0.096407949924469, 0.02848493680357933, 0.9949342608451843),
            ["HumanoidRootPart"] = CFrame.new(0, 0, 0, 1, 0, 0, 0, 1, 0, 0, 0, 1),
            ["RightHand"] = CFrame.new(2.9802322387695312e-08, -5.960464477539063e-08, 0, 0.9977927207946777, -0.05132921412587166, 0.0421321876347065, 0.05650531128048897, 0.9895551204681396, -0.13261902332305908, -0.03488500416278839, 0.13470691442489624, 0.990271270275116),
            ["LeftUpperArm"] = CFrame.new(0, -2.980232238769531e-07, 1.4901161193847656e-08, 0.781754732131958, 0.21436510980129242, -0.5855828523635864, -0.058495860546827316, 0.960125207901001, 0.2733823359012604, 0.6208363771438599, -0.1794636994600296, 0.7631218433380127),
            ["RightLowerArm"] = CFrame.new(-1.6391277313232422e-07, 2.384185791015625e-07, 0, 1, -4.0978189730367376e-08, -1.4901159417490817e-08, 2.9802315282267955e-08, 0.9415497183799744, -0.3368743360042572, -2.3283059036316445e-08, 0.3368742763996124, 0.9415495991706848),
            ["LeftHand"] = CFrame.new(-2.4586915969848633e-07, 2.980232238769531e-07, 3.725290298461914e-08, 0.9988518953323364, 0.00577516620978713, -0.047557976096868515, -0.0037130648270249367, 0.9990537166595459, 0.04333477467298508, 0.047763243317604065, -0.04310842603445053, 0.9979280829429626),
            ["RightUpperLeg"] = CFrame.new(1.1920928955078125e-07, 0, -2.9802322387695312e-08, 0.9927489161491394, -0.1202055960893631, 0.0006638776394538581, 0.11588045209646225, 0.9555317163467407, -0.27116572856903076, 0.03196123614907265, 0.2692764699459076, 0.9625325202941895),
            ["LeftUpperLeg"] = CFrame.new(-5.960464477539063e-08, -5.960464477539063e-08, 0, 0.9892195463180542, 0.14632490277290344, 0.00580955483019352, -0.07927766442298889, 0.5684635043144226, -0.8188798427581787, -0.12312497943639755, 0.8095914125442505, 0.5739356279373169),
            ["RightLowerLeg"] = CFrame.new(-2.2351741790771484e-08, 0, 2.9802322387695312e-08, 1, 6.332992086299782e-08, 3.539026138810186e-08, -4.0978193283081055e-08, 0.7101732492446899, 0.7040269374847412, 1.30385160446167e-08, -0.7040268778800964, 0.7101733088493347),
            ["RightFoot"] = CFrame.new(3.725290298461914e-09, 0, 1.287116901949048e-08, 0.9970741271972656, 0.06367378681898117, 0.042296119034290314, -0.04310924559831619, 0.9253120422363281, -0.3767481744289398, -0.06312606483697891, 0.3738226592540741, 0.9253496527671814),
            ["LeftLowerLeg"] = CFrame.new(0, 1.1920928955078125e-07, 2.9802322387695312e-08, 1, 7.450581485102248e-09, 7.450582373280668e-09, -7.450581307466564e-08, 0.8181251287460327, 0.5750404596328735, 2.980232594040899e-08, -0.5750404000282288, 0.8181249499320984),
        }},
        {Time = 0.233, Data = {
            ["LeftFoot"] = CFrame.new(0, 1.7881393432617188e-07, 6.705522537231445e-08, 0.999478816986084, -0.026891013607382774, -0.017863187938928604, 0.025241699069738388, 0.995897650718689, -0.08689603209495544, 0.020126644521951675, 0.08639984577894211, 0.9960572123527527),
            ["LeftLowerArm"] = CFrame.new(-2.980232238769531e-07, -4.76837158203125e-07, 0, 1, -5.960465188081798e-08, 0, 6.705522537231445e-08, 0.7882040739059448, -0.615414023399353, 4.842877388000488e-08, 0.6154139637947083, 0.7882040739059448),
            ["LowerTorso"] = CFrame.new(-0.0453355498611927, -0.06433987617492676, -0.10192134231328964, 0.928699254989624, 0.0767296850681305, 0.36280909180641174, -0.06173239275813103, 0.9966967701911926, -0.052770040929317474, -0.3656597137451172, 0.02661031112074852, 0.9303681254386902),
            ["Head"] = CFrame.new(-2.2351741790771484e-08, 0, -7.450580596923828e-09, 0.9492443203926086, -0.10139713436365128, -0.2977482080459595, 0.09180295467376709, 0.9947109818458557, -0.04607038572430611, 0.3008447587490082, 0.016397884115576744, 0.9535322189331055),
            ["RightUpperArm"] = CFrame.new(-1.1920928955078125e-07, -4.172325134277344e-07, 5.960464477539063e-08, 0.8096776604652405, -0.1477600485086441, 0.5679692029953003, -0.03205549344420433, 0.9552063941955566, 0.29419901967048645, -0.5859988927841187, -0.25641295313835144, 0.7686728835105896),
            ["UpperTorso"] = CFrame.new(-1.955777406692505e-08, 1.4901161193847656e-07, -9.313225746154785e-09, 0.9937824606895447, 0.03697611391544342, 0.10502088069915771, -0.0332525335252285, 0.998762309551239, -0.036988236010074615, -0.10625853389501572, 0.03326618671417236, 0.9937819242477417),
            ["HumanoidRootPart"] = CFrame.new(0, 0, 0, 1, 0, 0, 0, 1, 0, 0, 0, 1),
            ["RightHand"] = CFrame.new(1.4901161193847656e-07, -5.960464477539063e-08, 3.725290298461914e-08, 0.9982858300209045, -0.033014167100191116, 0.04832851514220238, 0.03939540311694145, 0.9896925091743469, -0.13768380880355835, -0.043284714221954346, 0.1393517553806305, 0.989296555519104),
            ["LeftUpperArm"] = CFrame.new(0, 0, -2.9802322387695312e-08, 0.7473359107971191, 0.2651321291923523, -0.6092565655708313, -0.04356818646192551, 0.9345194101333618, 0.35323548316955566, 0.6630164980888367, -0.23744143545627594, 0.7099514603614807),
            ["RightLowerArm"] = CFrame.new(2.980232238769531e-07, 0, 5.960464477539063e-08, 1, -4.470348358154297e-08, 4.377216455964117e-08, 5.960463766996327e-08, 0.9053251147270203, -0.42471927404403687, 3.5390254282674505e-08, 0.4247192144393921, 0.9053251147270203),
            ["LeftHand"] = CFrame.new(-1.7881393432617188e-07, -1.1920928955078125e-07, 1.1362135410308838e-07, 0.9975837469100952, 0.028020158410072327, -0.06357341259717941, -0.02383246272802353, 0.9975546598434448, 0.0657024011015892, 0.06525852531194687, -0.06402837485074997, 0.9958121180534363),
            ["RightUpperLeg"] = CFrame.new(0, 5.364418029785156e-07, -2.9802322387695312e-08, 0.9901257753372192, -0.14002317190170288, -0.0066682822071015835, 0.13655680418014526, 0.9741778373718262, -0.17980484664440155, 0.031673066318035126, 0.1771189570426941, 0.9836797714233398),
            ["LeftUpperLeg"] = CFrame.new(-5.960464477539063e-08, 4.172325134277344e-07, 2.2351741790771484e-08, 0.9901870489120483, 0.13921354711055756, -0.012218939140439034, -0.08145704865455627, 0.5039060115814209, -0.8599089980125427, -0.11355368047952652, 0.8524661064147949, 0.5103012323379517),
            ["RightLowerLeg"] = CFrame.new(-7.450580596923828e-09, 2.384185791015625e-07, 5.960464477539063e-08, 1, 2.980232594040899e-08, 8.195641498787154e-08, -5.960465188081798e-08, 0.7427314519882202, 0.6695892214775085, 4.0978196835794733e-08, -0.6695894598960876, 0.7427316904067993),
            ["RightFoot"] = CFrame.new(-9.872019290924072e-08, 0, -3.9282895158976316e-08, 0.9966047406196594, 0.06858319044113159, 0.04555715620517731, -0.047152407467365265, 0.9290048480033875, -0.36705097556114197, -0.06749649345874786, 0.3636569380760193, 0.9290845990180969),
            ["LeftLowerLeg"] = CFrame.new(-1.043081283569336e-07, 1.1920928955078125e-07, 2.2351741790771484e-08, 1, 4.842878098543224e-08, 1.0058285937475375e-07, -1.1175872316471214e-07, 0.5628154277801514, 0.8265825510025024, 5.2154071283894154e-08, -0.8265827298164368, 0.5628155469894409),
        }},
        {Time = 0.267, Data = {
            ["LeftFoot"] = CFrame.new(-2.9802322387695312e-08, 0, 7.450580596923828e-08, 0.9994246959686279, -0.028250405564904213, -0.01876635104417801, 0.023640818893909454, 0.9770298004150391, -0.211787611246109, 0.024318067356944084, 0.2112220823764801, 0.9771355390548706),
            ["LeftLowerArm"] = CFrame.new(-4.470348358154297e-08, 2.384185791015625e-07, 2.9802322387695312e-08, 1, -1.862645326866641e-08, 3.3527612686157227e-08, 9.685754776000977e-08, 0.7419624328613281, -0.6704416275024414, 2.9802322387695312e-08, 0.6704413890838623, 0.7419623732566833),
            ["LowerTorso"] = CFrame.new(-0.0665622130036354, -0.030001163482666016, -0.1504618376493454, 0.9293171763420105, 0.08676571398973465, 0.35894468426704407, -0.06835290044546127, 0.9956255555152893, -0.06369971483945847, -0.3629014194011688, 0.034662216901779175, 0.9311826229095459),
            ["Head"] = CFrame.new(2.2351741790771484e-08, 0, 2.9802322387695312e-08, 0.9529683589935303, -0.06054067984223366, -0.29696163535118103, 0.05931871756911278, 0.9981527328491211, -0.013132931664586067, 0.2972080409526825, -0.0051001086831092834, 0.9547991752624512),
            ["RightUpperArm"] = CFrame.new(0, 1.1920928955078125e-07, 5.960464477539063e-08, 0.7729470133781433, -0.19453391432762146, 0.603911817073822, -0.03180211782455444, 0.9387604594230652, 0.3430998623371124, -0.6336730122566223, -0.2844037413597107, 0.7194254398345947),
            ["UpperTorso"] = CFrame.new(-4.470348358154297e-08, -2.9802322387695312e-08, 6.51925802230835e-09, 0.991563618183136, 0.02925753965973854, 0.1262761801481247, -0.023570280522108078, 0.998649537563324, -0.04629994183778763, -0.12746021151542664, 0.04293311387300491, 0.9909141063690186),
            ["HumanoidRootPart"] = CFrame.new(0, 0, 0, 1, 0, 0, 0, 1, 0, 0, 0, 1),
            ["RightHand"] = CFrame.new(-1.7881393432617188e-07, 1.1920928955078125e-07, -8.568167686462402e-08, 0.9981626868247986, -0.025304466485977173, 0.05505520850419998, 0.032773423939943314, 0.9897077679634094, -0.13929997384548187, -0.05096360668540001, 0.14084815979003906, 0.988718569278717),
            ["LeftUpperArm"] = CFrame.new(-1.1920928955078125e-07, 3.5762786865234375e-07, -8.940696716308594e-08, 0.7106783390045166, 0.30885040760040283, -0.6320978999137878, -0.029966184869408607, 0.9109565019607544, 0.41141244769096375, 0.7028787136077881, -0.2734403610229492, 0.6566520929336548),
            ["RightLowerArm"] = CFrame.new(1.1920928955078125e-07, -1.1920928955078125e-07, 1.1920928955078125e-07, 1, -3.9115551686563776e-08, 3.119930624961853e-08, 6.51925802230835e-08, 0.8699404001235962, -0.49315720796585083, 4.190951585769653e-09, 0.4931570589542389, 0.8699402213096619),
            ["LeftHand"] = CFrame.new(-3.725290298461914e-08, -2.384185791015625e-07, -9.499490261077881e-08, 0.9958736896514893, 0.04800531640648842, -0.07701324671506882, -0.04183405637741089, 0.9959297180175781, 0.07983771711587906, 0.0805322676897049, -0.07628639042377472, 0.9938284754753113),
            ["RightUpperLeg"] = CFrame.new(5.960464477539063e-08, 4.172325134277344e-07, 2.9802322387695312e-08, 0.9890469908714294, -0.1472201943397522, -0.01060072984546423, 0.14557884633541107, 0.9848245978355408, -0.09448539465665817, 0.024350326508283615, 0.09190735965967178, 0.9954698085784912),
            ["LeftUpperLeg"] = CFrame.new(-1.7881393432617188e-07, 2.384185791015625e-07, -1.6763806343078613e-08, 0.9884569048881531, 0.15150128304958344, -0.0006757122464478016, -0.07072091847658157, 0.45745882391929626, -0.886414110660553, -0.13398346304893494, 0.8762299418449402, 0.4628927707672119),
            ["RightLowerLeg"] = CFrame.new(3.725290298461914e-08, 0, -1.4901161193847656e-08, 1, 7.450580596923828e-09, 3.3527616238870905e-08, -5.215405707303944e-08, 0.7994042038917542, 0.6007936000823975, 1.8440184135215532e-07, -0.6007936000823975, 0.7994042038917542),
