return {
    ["Start It Up"] = {
        {Time = 0.000, Data = {
            ["RightFoot"] = CFrame.new(-3.725290298461914e-08, 2.384185791015625e-07, 4.639878170564771e-08, 0.9974181056022644, 0.06938337534666061, -0.018522726371884346, -0.06985490024089813, 0.8775661587715149, -0.47433915734291077, -0.016656331717967987, 0.4744087755680084, 0.8801473379135132),
            ["LeftLowerArm"] = CFrame.new(1.7881393432617188e-07, -2.980232238769531e-07, 5.960464477539063e-08, 1, 1.6763808119435453e-08, -2.9802308176840597e-08, -7.4505797087454084e-09, 0.9999865293502808, -0.005195581819862127, -5.5879347371501353e-08, 0.0051956563256680965, 0.9999865293502808),
            ["LeftFoot"] = CFrame.new(-2.2351741790771484e-08, 5.960464477539063e-08, -5.960464477539063e-08, 0.9772465825080872, 0.06775728613138199, 0.20099307596683502, 0.10310792177915573, 0.6763519048690796, -0.7293263673782349, -0.18535923957824707, 0.7334555983543396, 0.6539762616157532),
            ["Head"] = CFrame.new(-1.1920928955078125e-07, 0, -1.4901161193847656e-08, 0.8586334586143494, 0.17823319137096405, -0.48060548305511475, -0.10428179055452347, 0.9787325263023376, 0.17665793001651764, 0.5018703937530518, -0.10156593471765518, 0.858958899974823),
            ["LowerTorso"] = CFrame.new(-0.08138099312782288, -0.38882386684417725, -0.00039830803871154785, 0.8764083385467529, -0.09686709195375443, -0.47172582149505615, 0.018510965630412102, 0.9856131076812744, -0.16800078749656677, 0.481212854385376, 0.13850519061088562, 0.8655925989151001),
            ["UpperTorso"] = CFrame.new(5.587935447692871e-09, 5.960464477539063e-08, 2.60770320892334e-08, 0.9357975721359253, -0.3039577007293701, -0.17858509719371796, 0.35219642519950867, 0.828349232673645, 0.43565505743026733, 0.01551017165184021, -0.4705820083618164, 0.8822199702262878),
            ["HumanoidRootPart"] = CFrame.new(0, 0, 0, 1, 0, 0, 0, 1, 0, 0, 0, 1),
            ["RightUpperLeg"] = CFrame.new(0, 2.682209014892578e-07, -4.639878170564771e-08, 0.9804221391677856, 0.09243739396333694, 0.17386145889759064, 0.010667608119547367, 0.8567297458648682, -0.515655517578125, -0.19661812484264374, 0.5074145793914795, 0.8389706611633301),
            ["LeftUpperArm"] = CFrame.new(0, 3.5762786865234375e-07, 2.980232238769531e-07, 0.8572101593017578, 0.494859516620636, 0.14249546825885773, -0.34953510761260986, 0.762320876121521, -0.5446943640708923, -0.3781745731830597, 0.41711029410362244, 0.8264400959014893),
            ["RightLowerArm"] = CFrame.new(4.172325134277344e-07, -4.76837158203125e-07, 2.384185791015625e-07, 1, -1.2665984172599565e-07, -3.7252894102834944e-09, 8.195636524988004e-08, 0.28519192337989807, -0.9584704637527466, 7.450578820566989e-09, 0.9584704637527466, 0.28519201278686523),
            ["LeftHand"] = CFrame.new(1.7881393432617188e-07, -5.960464477539063e-08, 1.4901161193847656e-07, 0.5178120732307434, 0.3338751792907715, -0.7876535058021545, -0.636544942855835, 0.7654910683631897, -0.09399085491895676, 0.571560263633728, 0.5500462055206299, 0.6089069843292236),
            ["RightHand"] = CFrame.new(-1.7229467630386353e-08, 2.384185791015625e-07, 1.043081283569336e-07, 0.651727020740509, 0.18771813809871674, -0.7348560690879822, -0.1225818544626236, 0.9822195768356323, 0.14219169318675995, 0.7484822273254395, -0.0025900995824486017, 0.6631501913070679),
            ["RightUpperArm"] = CFrame.new(1.1920928955078125e-07, 4.76837158203125e-07, 9.872019290924072e-08, 0.8847498297691345, -0.25566625595092773, 0.38968271017074585, 0.1826961189508438, 0.9594448208808899, 0.21468065679073334, -0.42876574397087097, -0.11874498426914215, 0.8955777883529663),
            ["RightLowerLeg"] = CFrame.new(-3.725290298461914e-08, 3.5762786865234375e-07, -1.3205863069742918e-08, 1, -2.0116564769523393e-07, -1.2665994120197865e-07, 1.6391278734317893e-07, 0.09417800605297089, 0.9955554008483887, -1.3783575525394554e-07, -0.9955554008483887, 0.09417837113142014),
            ["LeftUpperLeg"] = CFrame.new(1.4901161193847656e-07, 1.4901161193847656e-07, -8.940696716308594e-08, 0.9651965498924255, 0.07959737628698349, 0.249118372797966, 0.006033127661794424, 0.9455275535583496, -0.3254864513874054, -0.26145604252815247, 0.31566137075424194, 0.9121397137641907),
            ["LeftLowerLeg"] = CFrame.new(2.60770320892334e-08, 5.960464477539063e-08, 2.9802322387695312e-08, 1, 7.823111758398227e-08, 3.3527619791584584e-08, -8.568167686462402e-08, 0.2522953748703003, 0.9676503539085388, 6.705522537231445e-08, -0.9676503539085388, 0.25229543447494507),
        }},
        {Time = 0.033, Data = {
            ["RightFoot"] = CFrame.new(-3.3527612686157227e-08, 2.384185791015625e-07, -5.045876605436206e-08, 0.9975551962852478, 0.06760664284229279, -0.017693234607577324, -0.06731806695461273, 0.8616551160812378, -0.5030092000961304, -0.018761347979307175, 0.5029709339141846, 0.8641000390052795),
            ["LeftLowerArm"] = CFrame.new(2.384185791015625e-07, -2.980232238769531e-07, -2.682209014892578e-07, 1, 2.421438694000244e-08, 3.352760558072987e-08, -1.862645149230957e-09, 0.9999865293502808, -0.005194090772420168, 7.264316082000732e-08, 0.0051941098645329475, 0.9999865889549255),
            ["LeftFoot"] = CFrame.new(3.725290298461914e-09, 0, -4.842877388000488e-08, 0.9678800702095032, 0.06787417083978653, 0.24207669496536255, 0.14211146533489227, 0.6465867757797241, -0.7494864463806152, -0.2073945254087448, 0.7598147988319397, 0.6161727905273438),
            ["Head"] = CFrame.new(5.960464477539063e-08, -1.1920928955078125e-07, -5.960464477539063e-08, 0.851494312286377, 0.19922494888305664, -0.4850432276725769, -0.11101831495761871, 0.9725372791290283, 0.20456376671791077, 0.5124767422676086, -0.12033621221780777, 0.8502275943756104),
            ["LowerTorso"] = CFrame.new(-0.0746132880449295, -0.41062939167022705, 0.00192946195602417, 0.8478133082389832, -0.12370949983596802, -0.5156632661819458, 0.032062727957963943, 0.9825878739356995, -0.18301139771938324, 0.5293246507644653, 0.13862591981887817, 0.8370175361633301),
            ["UpperTorso"] = CFrame.new(2.0489096641540527e-08, -5.960464477539063e-08, -7.450580596923828e-09, 0.9264752268791199, -0.3223864734172821, -0.19419211149215698, 0.3753895163536072, 0.8285301923751831, 0.41547608375549316, 0.02695019543170929, -0.45782601833343506, 0.8886333703994751),
            ["HumanoidRootPart"] = CFrame.new(0, 0, 0, 1, 0, 0, 0, 1, 0, 0, 0, 1),
            ["RightUpperLeg"] = CFrame.new(0, -1.6391277313232422e-07, -3.149762051180005e-08, 0.9696455597877502, 0.1390400379896164, 0.20113523304462433, -0.014873115345835686, 0.8546043038368225, -0.5190667510032654, -0.244062140583992, 0.5003193020820618, 0.8307313323020935),
            ["LeftUpperArm"] = CFrame.new(1.1920928955078125e-07, -4.76837158203125e-07, -5.960464477539063e-08, 0.8194344639778137, 0.5413700342178345, 0.18826988339424133, -0.3702222406864166, 0.7506754398345947, -0.5471945405006409, -0.43756455183029175, 0.3786884546279907, 0.8155566453933716),
            ["RightLowerArm"] = CFrame.new(-2.9802322387695312e-08, -2.384185791015625e-07, 1.7881393432617188e-07, 1, -7.450579886381092e-08, 5.21540641784668e-08, 6.705522537231445e-08, 0.3039388954639435, -0.9526914954185486, 4.0978193283081055e-08, 0.9526914954185486, 0.30393898487091064),
            ["LeftHand"] = CFrame.new(7.450580596923828e-08, 1.1920928955078125e-07, -1.4901161193847656e-07, 0.5179764032363892, 0.3253321945667267, -0.7911128401756287, -0.6258056163787842, 0.7746303081512451, -0.09118843823671341, 0.5831534266471863, 0.5423162579536438, 0.6048347353935242),
            ["RightHand"] = CFrame.new(7.729977369308472e-08, -2.384185791015625e-07, 9.685754776000977e-08, 0.6428766250610352, 0.2268592268228531, -0.7316041588783264, -0.13623857498168945, 0.9737707376480103, 0.18223538994789124, 0.7537564635276794, -0.017482200637459755, 0.65692138671875),
            ["RightUpperArm"] = CFrame.new(0, -5.960464477539062e-07, 3.5390257835388184e-08, 0.8621767163276672, -0.31422773003578186, 0.3973817229270935, 0.25576648116111755, 0.9470781683921814, 0.19397519528865814, -0.4373040795326233, -0.06560394167900085, 0.8969177007675171),
            ["RightLowerLeg"] = CFrame.new(3.725290298461914e-08, 2.384185791015625e-07, -4.300818545743823e-08, 1, -1.7508864402770996e-07, -1.1920938902676426e-07, 1.2665987014770508e-07, 0.0941745936870575, 0.9955556988716125, -1.4156103134155273e-07, -0.9955557584762573, 0.09417498856782913),
            ["LeftUpperLeg"] = CFrame.new(-5.960464477539063e-08, -2.4959444999694824e-07, 1.4901161193847656e-08, 0.9621760845184326, 0.0984715148806572, 0.25400927662849426, -0.013001644983887672, 0.9479239583015442, -0.3182310163974762, -0.27211809158325195, 0.30289191007614136, 0.9133500456809998),
            ["LeftLowerLeg"] = CFrame.new(7.078051567077637e-08, -5.960464477539063e-08, 0, 1, 8.568168397005138e-08, 4.842878453814592e-08, -8.568167686462402e-08, 0.21101289987564087, 0.9774832725524902, 9.313225746154785e-08, -0.9774832725524902, 0.21101297438144684),
        }},
        {Time = 0.067, Data = {
            ["RightFoot"] = CFrame.new(-1.6763806343078613e-08, 1.1920928955078125e-07, 9.145878721028566e-09, 0.9975076913833618, 0.06831613928079605, -0.017643708735704422, -0.06949295103549957, 0.9079706072807312, -0.4132308065891266, -0.012210598215460777, 0.41342756152153015, 0.9104554057121277),
            ["LeftLowerArm"] = CFrame.new(-8.940696716308594e-08, 1.1920928955078125e-07, -5.960464477539063e-08, 1, 7.450580596923828e-09, 4.2840827774170975e-08, -2.980232594040899e-08, 0.9999865293502808, -0.0051912409253418446, -4.0978196835794733e-08, 0.00519134383648634, 0.9999865293502808),
            ["LeftFoot"] = CFrame.new(2.3283064365386963e-08, -1.1920928955078125e-07, 3.3527612686157227e-08, 0.9606183171272278, 0.05917952582240105, 0.2714959383010864, 0.1739257574081421, 0.6339374780654907, -0.7535735964775085, -0.2167077660560608, 0.7711167931556702, 0.59867924451828),
            ["Head"] = CFrame.new(0, 3.5762786865234375e-07, 0, 0.8492569923400879, 0.2463187426328659, -0.46700093150138855, -0.15388870239257812, 0.9615811705589294, 0.2273324429988861, 0.5050554871559143, -0.12119735777378082, 0.8545351028442383),
            ["LowerTorso"] = CFrame.new(-0.06154823303222656, -0.40632450580596924, 0.008223071694374084, 0.8192501664161682, -0.15351444482803345, -0.5525056719779968, 0.053462959825992584, 0.9797508716583252, -0.19295069575309753, 0.5709385871887207, 0.12853629887104034, 0.8108683824539185),
            ["UpperTorso"] = CFrame.new(-3.3527612686157227e-08, -5.960464477539063e-08, 3.725290298461914e-08, 0.9145589470863342, -0.3500101864337921, -0.20266962051391602, 0.4035488963127136, 0.8231661915779114, 0.39943182468414307, 0.02702559158205986, -0.4470909833908081, 0.8940801620483398),
            ["HumanoidRootPart"] = CFrame.new(0, 0, 0, 1, 0, 0, 0, 1, 0, 0, 0, 1),
            ["RightUpperLeg"] = CFrame.new(5.960464477539063e-08, 8.568167686462402e-08, 2.8107024263590574e-08, 0.9552865624427795, 0.20282165706157684, 0.21515393257141113, -0.05147632583975792, 0.8306203484535217, -0.554455041885376, -0.29116642475128174, 0.5185878276824951, 0.8039207458496094),
            ["LeftUpperArm"] = CFrame.new(-1.1920928955078125e-07, 4.76837158203125e-07, 1.1920928955078125e-07, 0.7758920192718506, 0.5982915759086609, 0.2000969499349594, -0.40959393978118896, 0.7189785838127136, -0.5615182518959045, -0.47981712222099304, 0.35371896624565125, 0.8029063940048218),
            ["RightLowerArm"] = CFrame.new(3.5762786865234375e-07, 3.5762786865234375e-07, -1.4901161193847656e-07, 1, -9.685754776000977e-08, 4.470347647611561e-08, 1.3783575525394554e-07, 0.34744083881378174, -0.9377020001411438, 4.0978196835794733e-08, 0.9377020001411438, 0.3474406898021698),
            ["LeftHand"] = CFrame.new(-1.4901161193847656e-07, -4.172325134277344e-07, 2.9802322387695312e-08, 0.5174704790115356, 0.31341275572776794, -0.7962393760681152, -0.6075157523155212, 0.7898622155189514, -0.08391763269901276, 0.6026185750961304, 0.5271528363227844, 0.599133312702179),
            ["RightHand"] = CFrame.new(-2.3748725652694702e-08, 5.960464477539063e-08, 1.862645149230957e-07, 0.6456409096717834, 0.22117021679878235, -0.7309117317199707, -0.12602351605892181, 0.9748759269714355, 0.18367108702659607, 0.7531706690788269, -0.026473484933376312, 0.6572921276092529),
            ["RightUpperArm"] = CFrame.new(1.1920928955078125e-07, 5.960464477539062e-07, -4.6566128730773926e-08, 0.8338220715522766, -0.3271116614341736, 0.4446783661842346, 0.2859887480735779, 0.9449708461761475, 0.1588728427886963, -0.47217729687690735, -0.0052986741065979, 0.8814877867698669),
            ["RightLowerLeg"] = CFrame.new(-2.2351741790771484e-08, 4.172325134277344e-07, 7.620110409334302e-08, 1, -1.6391277313232422e-07, -1.0430819230577981e-07, 1.8626454334480513e-07, 0.08284236490726471, 0.9965627193450928, -1.303851746570217e-07, -0.9965627193450928, 0.08284265547990799),
            ["LeftUpperLeg"] = CFrame.new(-1.1920928955078125e-07, -1.601874828338623e-07, -2.9802322387695312e-08, 0.9571701884269714, 0.13079169392585754, 0.2583000957965851, -0.048081398010253906, 0.9515671133995056, -0.30365827679634094, -0.28550559282302856, 0.278233140707016, 0.9171001315116882),
            ["LeftLowerLeg"] = CFrame.new(2.9802322387695312e-08, 1.1920928955078125e-07, -5.960464477539063e-08, 1, 6.332994928470725e-08, 4.842878453814592e-08, -9.313224325069314e-08, 0.20693320035934448, 0.9783551096916199, 5.774199252073231e-08, -0.9783551692962646, 0.20693325996398926),
        }},
        {Time = 0.100, Data = {
            ["RightFoot"] = CFrame.new(-2.0489096641540527e-08, 3.5762786865234375e-07, 1.6952981241047382e-09, 0.9970762729644775, 0.07542375475168228, -0.012261820957064629, -0.07591908425092697, 0.9595470428466797, -0.2711194157600403, -0.008682982064783573, 0.27125781774520874, 0.9624676704406738),
            ["LeftLowerArm"] = CFrame.new(-5.960464477539063e-08, -5.960464477539063e-08, 5.960464477539063e-08, 1, 1.4901155864777138e-08, 5.9604616353681195e-08, -1.303851426825986e-08, 0.9999865889549255, -0.0051888409070670605, -8.940695295223122e-08, 0.005188894923776388, 0.9999865293502808),
            ["LeftFoot"] = CFrame.new(-4.190951585769653e-08, 0, 1.1175870895385742e-08, 0.9578414559364319, 0.04728500545024872, 0.28337952494621277, 0.19288083910942078, 0.6251837611198425, -0.7562686204910278, -0.21292445063591003, 0.7790439128875732, 0.589706540107727),
            ["Head"] = CFrame.new(5.960464477539063e-08, 0, 5.960464477539063e-08, 0.834608256816864, 0.29192298650741577, -0.46712973713874817, -0.19170516729354858, 0.948944091796875, 0.2505083978176117, 0.5164090991020203, -0.11952508240938187, 0.8479595184326172),
            ["LowerTorso"] = CFrame.new(-0.04987642168998718, -0.3991091251373291, 0.01450677216053009, 0.793549120426178, -0.17865337431430817, -0.5816896557807922, 0.07329005748033524, 0.9770323634147644, -0.20009100437164307, 0.6040765643119812, 0.11614995449781418, 0.7884166240692139),
            ["UpperTorso"] = CFrame.new(1.4901161193847656e-08, 5.960464477539063e-08, 0, 0.9080691933631897, -0.3749649226665497, -0.18657901883125305, 0.4187784790992737, 0.819191575050354, 0.3918541967868805, 0.005912356078624725, -0.4339659810066223, 0.9009098410606384),
            ["HumanoidRootPart"] = CFrame.new(0, 0, 0, 1, 0, 0, 0, 1, 0, 0, 0, 1),
            ["RightUpperLeg"] = CFrame.new(1.1920928955078125e-07, 4.470348358154297e-08, -1.6952981241047382e-09, 0.9403855800628662, 0.26257017254829407, 0.21617570519447327, -0.0812043622136116, 0.7905592322349548, -0.6069778800010681, -0.33027416467666626, 0.5532386898994446, 0.764752209186554),
            ["LeftUpperArm"] = CFrame.new(0, -1.1920928955078125e-07, 0, 0.7518407702445984, 0.6329580545425415, 0.1846613585948944, -0.4440188407897949, 0.6930873990058899, -0.567870557308197, -0.4874245822429657, 0.3449551463127136, 0.8021367192268372),
            ["RightLowerArm"] = CFrame.new(2.980232238769531e-07, -2.980232238769531e-07, -1.7881393432617188e-07, 1, -4.097818262494002e-08, 9.313224325069314e-08, 8.195638656616211e-08, 0.3358669579029083, -0.9419093728065491, 1.862645149230957e-09, 0.9419094324111938, 0.3358670473098755),
            ["LeftHand"] = CFrame.new(-1.6391277313232422e-07, 3.5762786865234375e-07, 1.1920928955078125e-07, 0.5158254504203796, 0.30600908398628235, -0.8001767992973328, -0.5921334624290466, 0.8023543953895569, -0.07487067580223083, 0.619114100933075, 0.5124314427375793, 0.5950726866722107),
            ["RightHand"] = CFrame.new(9.639188647270203e-08, 2.384185791015625e-07, -2.9802322387695312e-08, 0.6399086117744446, 0.24730491638183594, -0.7275697588920593, -0.1466521918773651, 0.9686999320983887, 0.2002834677696228, 0.754327654838562, -0.02146359533071518, 0.6561470031738281),
            ["RightUpperArm"] = CFrame.new(0, 0, -7.543712854385376e-08, 0.8163180947303772, -0.3272339403629303, 0.47596532106399536, 0.2811446487903595, 0.9449389576911926, 0.16747556626796722, -0.504561722278595, -0.002898275852203369, 0.8633707761764526),
            ["RightLowerLeg"] = CFrame.new(7.450580596923828e-09, 1.7881393432617188e-07, 6.875052349641919e-08, 1, -1.2293456563838845e-07, -1.4901168299275014e-07, 1.7136336794010276e-07, 0.05563662573695183, 0.9984511733055115, -1.3783575525394554e-07, -0.9984511733055115, 0.05563683062791824),
            ["LeftUpperLeg"] = CFrame.new(-5.960464477539063e-08, -7.078051567077637e-08, -2.9802322387695312e-08, 0.9478430151939392, 0.16814221441745758, 0.27078017592430115, -0.08552610129117966, 0.9525516033172607, -0.2921144962310791, -0.30704885721206665, 0.25371992588043213, 0.9172497987747192),
            ["LeftLowerLeg"] = CFrame.new(-2.60770320892334e-08, -5.960464477539063e-08, 2.9802322387695312e-08, 1, 1.0244550452398471e-07, 3.725290653733282e-08, -8.568166975919667e-08, 0.20839862525463104, 0.9780439734458923, 7.636844401304188e-08, -0.9780440330505371, 0.208398699760437),
        }},
        {Time = 0.133, Data = {
            ["RightFoot"] = CFrame.new(-3.725290298461914e-09, 5.364418029785156e-07, 1.6596459317952394e-08, 0.996632993221283, 0.08193127810955048, -0.0031850156374275684, -0.08139896392822266, 0.9839980602264404, -0.15849964320659637, -0.009852050803601742, 0.15822534263134003, 0.9873539209365845),
            ["LeftLowerArm"] = CFrame.new(1.1920928955078125e-07, -1.1920928955078125e-07, -1.7881393432617188e-07, 1, 1.1175868230850483e-08, -2.2351731132630448e-08, -6.51925624595151e-09, 0.9999865889549255, -0.005186611320823431, -3.5390250729960826e-08, 0.005186611320823431, 0.9999865889549255),
            ["LeftFoot"] = CFrame.new(1.955777406692505e-08, -1.1920928955078125e-07, 1.862645149230957e-08, 0.9623059630393982, 0.03401504456996918, 0.2698332965373993, 0.19145391881465912, 0.6199436783790588, -0.7609305381774902, -0.1931646764278412, 0.7839086651802063, 0.590063214302063),
            ["Head"] = CFrame.new(-5.960464477539063e-08, 0, -8.940696716308594e-08, 0.8179697394371033, 0.3165510892868042, -0.4803341031074524, -0.20770835876464844, 0.9411753416061401, 0.26654553413391113, 0.536453902721405, -0.11825673282146454, 0.8356032371520996),
            ["LowerTorso"] = CFrame.new(-0.04295802116394043, -0.39241206645965576, 0.01688811182975769, 0.7762567400932312, -0.19410866498947144, -0.5997894406318665, 0.08674367517232895, 0.975255012512207, -0.20335489511489868, 0.6244205236434937, 0.10582766681909561, 0.7738860249519348),
            ["UpperTorso"] = CFrame.new(1.862645149230957e-08, 1.4901161193847656e-07, 2.2351741790771484e-08, 0.9052939414978027, -0.39243969321250916, -0.1625852733850479, 0.4243229627609253, 0.8175864219665527, 0.3892331123352051, -0.01982296258211136, -0.42135900259017944, 0.9066773056983948),
            ["HumanoidRootPart"] = CFrame.new(0, 0, 0, 1, 0, 0, 0, 1, 0, 0, 0, 1),
            ["RightUpperLeg"] = CFrame.new(5.960464477539063e-08, 2.5331974029541016e-07, -3.149762051180005e-08, 0.9306660890579224, 0.29872745275497437, 0.21124054491519928, -0.09772190451622009, 0.7593486309051514, -0.6433042287826538, -0.3525777757167816, 0.5780585408210754, 0.735892117023468),
            ["LeftUpperArm"] = CFrame.new(1.1920928955078125e-07, -1.1920928955078125e-07, -1.1920928955078125e-07, 0.7437110543251038, 0.6498506665229797, 0.15680541098117828, -0.4688799977302551, 0.6742695569992065, -0.5705365538597107, -0.47649285197257996, 0.3507916033267975, 0.8061637878417969),
            ["RightLowerArm"] = CFrame.new(5.960464477539063e-08, 0, -1.1920928955078125e-07, 1, -4.9825739978359707e-08, 2.60770232074492e-08, 4.3306489061478715e-08, 0.27453920245170593, -0.9615758657455444, 4.656611807263289e-08, 0.9615758657455444, 0.2745392918586731),
            ["LeftHand"] = CFrame.new(1.043081283569336e-07, -1.7881393432617188e-07, -2.682209014892578e-07, 0.5135366916656494, 0.3032790720462799, -0.8026843667030334, -0.5764827728271484, 0.8148329257965088, -0.060949575155973434, 0.6355689167976379, 0.4940335154533386, 0.593281626701355),
            ["RightHand"] = CFrame.new(-1.2590317055583e-07, -1.1920928955078125e-07, 1.0803341865539551e-07, 0.6712760925292969, 0.21851429343223572, -0.7082656621932983, -0.10640675574541092, 0.9740685224533081, 0.19967029988765717, 0.733529806137085, -0.05866973474621773, 0.6771200299263),
            ["RightUpperArm"] = CFrame.new(-5.960464477539063e-08, 0, -1.6763806343078613e-08, 0.8005659580230713, -0.29306045174598694, 0.5226945877075195, 0.22991883754730225, 0.9557158350944519, 0.18369685113430023, -0.5533819198608398, -0.02688431739807129, 0.8324938416481018),
            ["RightLowerLeg"] = CFrame.new(-3.725290298461914e-08, 0, -1.3205863069742918e-08, 1, -1.639127589214695e-07, -1.3038521728958585e-07, 1.7136335372924805e-07, 0.0412624292075634, 0.9991483688354492, -1.4528632164001465e-07, -0.9991483688354492, 0.04126270115375519),
            ["LeftUpperLeg"] = CFrame.new(2.9802322387695312e-08, 3.0174851417541504e-07, 2.9802322387695312e-08, 0.9330208897590637, 0.20541858673095703, 0.29542386531829834, -0.11887133866548538, 0.9508976340293884, -0.28576797246932983, -0.33961984515190125, 0.23151004314422607, 0.9116258025169373),
            ["LeftLowerLeg"] = CFrame.new(1.4901161193847656e-08, -5.960464477539063e-08, -1.4901161193847656e-08, 1, 8.195639367158947e-08, 6.891788473240013e-08, -7.078050856534901e-08, 0.21328924596309662, 0.9769891500473022, 6.798654084150257e-08, -0.9769890904426575, 0.2132893204689026),
        }},
        {Time = 0.167, Data = {
            ["RightFoot"] = CFrame.new(-3.5390257835388184e-08, 3.5762786865234375e-07, -5.75528247281909e-09, 0.9966180324554443, 0.08202136307954788, 0.0050055887550115585, -0.08111143112182617, 0.9916683435440063, -0.10007470846176147, -0.013172191567718983, 0.09933041036128998, 0.9949674010276794),
            ["LeftLowerArm"] = CFrame.new(5.960464477539063e-08, -4.172325134277344e-07, -1.1920928955078125e-07, 1, 1.1525118637223386e-08, 4.6566135836201283e-08, -1.996522769331932e-08, 0.9999866485595703, -0.005184998270124197, 2.421438694000244e-08, 0.005184995010495186, 0.9999866485595703),
            ["LeftFoot"] = CFrame.new(4.936009645462036e-08, 0, -2.60770320892334e-08, 0.9685457944869995, 0.023126650601625443, 0.2477581948041916, 0.1806022971868515, 0.6196053624153137, -0.7638534307479858, -0.17117789387702942, 0.7845727801322937, 0.5959395170211792),
            ["Head"] = CFrame.new(-2.9802322387695312e-08, 0, -2.9802322387695312e-08, 0.7984172701835632, 0.3300648033618927, -0.5035744309425354, -0.21377938985824585, 0.9372650384902954, 0.2753775417804718, 0.5628750324249268, -0.11221227049827576, 0.8188895583152771),
            ["LowerTorso"] = CFrame.new(-0.03873923420906067, -0.38679039478302, 0.01672285795211792, 0.7705751061439514, -0.1999286413192749, -0.6051799058914185, 0.09262922406196594, 0.9745749831199646, -0.20401820540428162, 0.6305822730064392, 0.10115396976470947, 0.7695024609565735),
            ["UpperTorso"] = CFrame.new(1.862645149230957e-08, -2.9802322387695312e-08, 1.1175870895385742e-08, 0.9031243324279785, -0.40627723932266235, -0.13894419372081757, 0.4269524812698364, 0.8153465390205383, 0.3910519480705261, -0.04558785632252693, -0.4124910533428192, 0.9098201990127563),
            ["HumanoidRootPart"] = CFrame.new(0, 0, 0, 1, 0, 0, 0, 1, 0, 0, 0, 1),
            ["RightUpperLeg"] = CFrame.new(1.1920928955078125e-07, 5.587935447692871e-08, -3.149762051180005e-08, 0.928925096988678, 0.3093343675136566, 0.20349538326263428, -0.10435964167118073, 0.7460398077964783, -0.6576730012893677, -0.3552565574645996, 0.5896921753883362, 0.7252970933914185),
            ["LeftUpperArm"] = CFrame.new(2.384185791015625e-07, 2.384185791015625e-07, -1.1920928955078125e-07, 0.7436646223068237, 0.6563219428062439, 0.12729819118976593, -0.4841061234474182, 0.6599648594856262, -0.5745323300361633, -0.4610903859138489, 0.3656335175037384, 0.8085220456123352),
            ["RightLowerArm"] = CFrame.new(1.7881393432617188e-07, -3.5762786865234375e-07, 2.8312206268310547e-07, 1, -1.0407531192413444e-07, 4.4703494239684005e-08, 2.7939677238464355e-08, 0.19261620938777924, -0.9812742471694946, 1.0011717677116394e-07, 0.9812741875648499, 0.19261620938777924),
            ["LeftHand"] = CFrame.new(-2.9802322387695312e-08, 0, -1.1920928955078125e-07, 0.5108143091201782, 0.3090040981769562, -0.8022375702857971, -0.5599018931388855, 0.8277009725570679, -0.037698108702898026, 0.6523639559745789, 0.4684310257434845, 0.5958134531974792),
            ["RightHand"] = CFrame.new(6.005575414747e-08, -5.960464477539063e-08, 1.2665987014770508e-07, 0.7312372922897339, 0.17234985530376434, -0.659990668296814, -0.04869142919778824, 0.9782737493515015, 0.20151855051517487, 0.6803831458091736, -0.11522215604782104, 0.7237420678138733),
            ["RightUpperArm"] = CFrame.new(1.1920928955078125e-07, 2.384185791015625e-07, -2.9802322387695312e-08, 0.7822113037109375, -0.20399843156337738, 0.5886684060096741, 0.11889795958995819, 0.976386308670044, 0.1803695410490036, -0.6115626096725464, -0.07109572738409042, 0.7879952192306519),
            ["RightLowerLeg"] = CFrame.new(-1.4901161193847656e-08, 2.384185791015625e-07, 3.149762051180005e-08, 1, -1.7508862981685525e-07, -1.043081780949251e-07, 1.6018749704471702e-07, 0.0379413366317749, 0.9992799758911133, -1.1175872316471214e-07, -0.9992799758911133, 0.03794160485267639),
            ["LeftUpperLeg"] = CFrame.new(-5.960464477539063e-08, 2.0489096641540527e-07, -5.960464477539063e-08, 0.9204007387161255, 0.2303595393896103, 0.3159064054489136, -0.14014728367328644, 0.9486875534057617, -0.2834620475769043, -0.36499473452568054, 0.21662521362304688, 0.9054571390151978),
            ["LeftLowerLeg"] = CFrame.new(-2.7939677238464355e-08, 5.960464477539063e-08, 6.705522537231445e-08, 1, 7.543714986013583e-08, 9.313229298868464e-08, -6.705522537231445e-08, 0.2201094776391983, 0.9754752516746521, 8.475035429000854e-08, -0.9754751920700073, 0.22010959684848785),
        }},
        {Time = 0.200, Data = {
            ["RightFoot"] = CFrame.new(1.6763806343078613e-08, 4.172325134277344e-07, -5.75528247281909e-09, 0.9971758723258972, 0.07434597611427307, 0.010633226484060287, -0.07245517522096634, 0.9895955920219421, -0.12430153787136078, -0.019763987511396408, 0.12318015098571777, 0.9921875596046448),
            ["LeftLowerArm"] = CFrame.new(-2.384185791015625e-07, -1.1920928955078125e-07, -1.7881393432617188e-07, 1, 1.862645815364772e-09, -1.4901154088420299e-08, 1.5366822481155396e-08, 0.9999866485595703, -0.005183678586035967, -3.725290298461914e-09, 0.005183660425245762, 0.9999866485595703),
            ["LeftFoot"] = CFrame.new(-1.0710209608078003e-08, 0, -1.4901161193847656e-08, 0.9735627770423889, 0.020380666479468346, 0.22750835120677948, 0.16507291793823242, 0.6256570816040039, -0.7624331712722778, -0.15788127481937408, 0.7798319458961487, 0.605752170085907),
            ["Head"] = CFrame.new(1.4901161193847656e-07, 1.1920928955078125e-07, 2.9802322387695312e-08, 0.7769067883491516, 0.32523491978645325, -0.5391086339950562, -0.20005227625370026, 0.9393927454948425, 0.27842506766319275, 0.5969883799552917, -0.10846038907766342, 0.7948845028877258),
            ["LowerTorso"] = CFrame.new(-0.038610994815826416, -0.3836725950241089, 0.013285532593727112, 0.7811850309371948, -0.19118228554725647, -0.5943058133125305, 0.08664792031049728, 0.9759451746940613, -0.20005762577056885, 0.6182574033737183, 0.10478666424751282, 0.7789592742919922),
            ["UpperTorso"] = CFrame.new(-2.9802322387695312e-08, -1.1920928955078125e-07, 1.862645149230957e-08, 0.9009358286857605, -0.4152352213859558, -0.12607413530349731, 0.4295278787612915, 0.8119040131568909, 0.39537036418914795, -0.061811573803424835, -0.41035568714141846, 0.9098284244537354),
            ["HumanoidRootPart"] = CFrame.new(0, 0, 0, 1, 0, 0, 0, 1, 0, 0, 0, 1),
            ["RightUpperLeg"] = CFrame.new(5.960464477539063e-08, 4.0978193283081055e-08, 1.3205863069742918e-08, 0.9382519125938416, 0.28556808829307556, 0.19528010487556458, -0.09602290391921997, 0.7572568655014038, -0.6460198760032654, -0.3323597013950348, 0.5873779058456421, 0.7379186749458313),
            ["LeftUpperArm"] = CFrame.new(1.7881393432617188e-07, -1.1920928955078125e-07, 0, 0.7548290491104126, 0.649283766746521, 0.09307797998189926, -0.49116697907447815, 0.6535615921020508, -0.5758579969406128, -0.43472757935523987, 0.38895750045776367, 0.8122339844703674),
            ["RightLowerArm"] = CFrame.new(-8.940696716308594e-08, 5.960464477539063e-08, 3.203749656677246e-07, 1, -1.043081283569336e-07, 9.313225746154785e-08, 9.685753354915505e-08, 0.20713317394256592, -0.9783127903938293, 1.2665985593685036e-07, 0.9783127903938293, 0.20713341236114502),
            ["LeftHand"] = CFrame.new(1.4901161193847656e-07, -1.7881393432617188e-07, -5.960464477539063e-08, 0.5097168684005737, 0.3185424506664276, -0.7991993427276611, -0.5431184768676758, 0.8395739197731018, -0.01175763737410307, 0.6672413945198059, 0.44005274772644043, 0.6009510159492493),
            ["RightHand"] = CFrame.new(6.51925802230835e-08, -1.1920928955078125e-07, 1.4901161193847656e-08, 0.7639473676681519, 0.05411318689584732, -0.6430057883262634, 0.07286481559276581, 0.9828701019287109, 0.1692846715450287, 0.641151487827301, -0.17617695033550262, 0.7469179630279541),
            ["RightUpperArm"] = CFrame.new(0, 0, -2.2351741790771484e-08, 0.7127991318702698, -0.06627904623746872, 0.6982293725013733, 0.011971715837717056, 0.9965296387672424, 0.0823734849691391, -0.7012661099433899, -0.050356797873973846, 0.7111189961433411),
            ["RightLowerLeg"] = CFrame.new(2.2351741790771484e-08, 3.5762786865234375e-07, -8.026108844205737e-08, 1, -1.4156101713069802e-07, -6.705524668859653e-08, 1.825392246246338e-07, 0.04167313128709793, 0.9991313219070435, -1.1920928955078125e-07, -0.9991313219070435, 0.04167335107922554),
            ["LeftUpperLeg"] = CFrame.new(-5.960464477539063e-08, -9.499490261077881e-08, -2.9802322387695312e-08, 0.9188510179519653, 0.22871965169906616, 0.3215593695640564, -0.13659383356571198, 0.9488660097122192, -0.2845972180366516, -0.3702094852924347, 0.21757939457893372, 0.9031080007553101),
            ["LeftLowerLeg"] = CFrame.new(9.685754776000977e-08, -1.1920928955078125e-07, 6.705522537231445e-08, 1, 1.1269007416103705e-07, 6.891788473240013e-08, -9.499490261077881e-08, 0.22885839641094208, 0.973459780216217, 2.0489096641540527e-08, -0.973459780216217, 0.22885838150978088),
        }},
        {Time = 0.233, Data = {
            ["RightFoot"] = CFrame.new(0, 4.76837158203125e-07, 3.149762051180005e-08, 0.9977052807807922, 0.06513001769781113, 0.018506081774830818, -0.05953926220536232, 0.9740757942199707, -0.21824592351913452, -0.03224066644906998, 0.2166435867547989, 0.9757183194160461),
            ["LeftLowerArm"] = CFrame.new(-8.940696716308594e-08, 2.384185791015625e-07, 5.960464477539063e-08, 1, -1.5832483768463135e-08, 9.685750512744562e-08, 1.3969838619232178e-08, 0.9999866485595703, -0.005182711873203516, 1.0803341865539551e-07, 0.005182594992220402, 0.9999866485595703),
            ["LeftFoot"] = CFrame.new(-4.842877388000488e-08, -5.960464477539063e-08, -5.587935447692871e-08, 0.9777268767356873, 0.023694580420851707, 0.20853954553604126, 0.14653387665748596, 0.634286642074585, -0.7590841054916382, -0.1502600908279419, 0.7727348804473877, 0.6166868805885315),
            ["Head"] = CFrame.new(1.1920928955078125e-07, 2.384185791015625e-07, 0, 0.7547829151153564, 0.3059191107749939, -0.5802723169326782, -0.1732737272977829, 0.9461568593978882, 0.2734292447566986, 0.6326759457588196, -0.10583382099866867, 0.76715087890625),
            ["LowerTorso"] = CFrame.new(-0.0429149866104126, -0.38330626487731934, 0.006610870361328125, 0.79868084192276, -0.17024999856948853, -0.577168881893158, 0.0713268518447876, 0.9791650176048279, -0.19012713432312012, 0.5975127220153809, 0.11068323999643326, 0.7941836714744568),
            ["UpperTorso"] = CFrame.new(0, 0, -1.862645149230957e-08, 0.8997748494148254, -0.419666588306427, -0.11952079832553864, 0.43081918358802795, 0.8108966946601868, 0.39603227376937866, -0.06928246468305588, -0.40783175826072693, 0.9104247689247131),
            ["HumanoidRootPart"] = CFrame.new(0, 0, 0, 1, 0, 0, 0, 1, 0, 0, 0, 1),
            ["RightUpperLeg"] = CFrame.new(5.960464477539063e-08, -1.2665987014770508e-07, -3.149762051180005e-08, 0.9524222016334534, 0.2387172430753708, 0.18948882818222046, -0.07248638570308685, 0.781295895576477, -0.6199374794960022, -0.29603657126426697, 0.5767069458961487, 0.7614274024963379),
            ["LeftUpperArm"] = CFrame.new(2.384185791015625e-07, 3.5762786865234375e-07, -2.980232238769531e-07, 0.7729918956756592, 0.6317906379699707, 0.057654887437820435, -0.4934253990650177, 0.6558394432067871, -0.5713194012641907, -0.3987668454647064, 0.4131770133972168, 0.8187001943588257),
            ["RightLowerArm"] = CFrame.new(-1.7881393432617188e-07, 1.1920928955078125e-07, 7.450580596923828e-09, 1, -7.4505797087454084e-09, 1.1175866632129328e-07, 1.043081283569336e-07, 0.32156646251678467, -0.9468868970870972, 1.4156103134155273e-07, 0.9468870759010315, 0.3215666711330414),
            ["LeftHand"] = CFrame.new(5.960464477539063e-08, -1.1920928955078125e-07, -8.940696716308594e-08, 0.5120041966438293, 0.32905951142311096, -0.7934557199478149, -0.5272799134254456, 0.8496056199073792, 0.012100720778107643, 0.6781059503555298, 0.41217735409736633, 0.6085078120231628),
            ["RightHand"] = CFrame.new(4.470348358154297e-08, -2.384185791015625e-07, -1.4901161193847656e-08, 0.717411458492279, -0.107807956635952, -0.6882577538490295, 0.27058032155036926, 0.9535098671913147, 0.132685124874115, 0.6419557929039001, -0.2814188301563263, 0.7132293581962585),
            ["RightUpperArm"] = CFrame.new(-5.960464477539063e-08, 0, -1.1920928955078125e-07, 0.6213692426681519, 0.05873186141252518, 0.7813134789466858, -0.008935630321502686, 0.9976530075073242, -0.0678877979516983, -0.7834669947624207, 0.03520183637738228, 0.6204357743263245),
            ["RightLowerLeg"] = CFrame.new(2.60770320892334e-08, 0, -9.516224963590503e-08, 1, -1.1175868053214799e-07, -1.341105360097572e-07, 1.9744038581848145e-07, 0.0476287417113781, 0.9988651275634766, -1.564621925354004e-07, -0.9988650679588318, 0.04762890934944153),
            ["LeftUpperLeg"] = CFrame.new(0, -1.30385160446167e-07, 2.9802322387695312e-08, 0.9228165745735168, 0.20909938216209412, 0.32355400919914246, -0.11443579196929932, 0.9507539868354797, -0.2880474030971527, -0.3678506314754486, 0.2287888377904892, 0.9012999534606934),
            ["LeftLowerLeg"] = CFrame.new(2.421438694000244e-08, -1.7881393432617188e-07, -5.21540641784668e-08, 1, 1.1175872316471214e-07, 1.0617080192787398e-07, -8.568166975919667e-08, 0.23996677994728088, 0.970781147480011, 7.357447628919545e-08, -0.9707810878753662, 0.2399669885635376),
        }},
        {Time = 0.267, Data = {
            ["RightFoot"] = CFrame.new(3.725290298461914e-09, 3.5762786865234375e-07, 1.6596459317952394e-08, 0.9978058338165283, 0.06093839555978775, 0.025886137038469315, -0.0451778843998909, 0.9124760627746582, -0.40662795305252075, -0.04839975759387016, 0.40456655621528625, 0.9132270812988281),
            ["LeftLowerArm"] = CFrame.new(2.682209014892578e-07, -1.1920928955078125e-07, -1.1920928955078125e-07, 1, -4.004688491932029e-08, -2.980230462412692e-08, -3.864989039925604e-08, 0.9999866485595703, -0.005181404296308756, 7.450581485102248e-09, 0.005181405693292618, 0.9999865889549255),
            ["LeftFoot"] = CFrame.new(-5.681067705154419e-08, 0, -7.450580596923828e-09, 0.9800398349761963, 0.034487854689359665, 0.1957869678735733, 0.12810488045215607, 0.6435495615005493, -0.7546080946922302, -0.15202347934246063, 0.7646271586418152, 0.6262859106063843),
            ["Head"] = CFrame.new(5.960464477539063e-08, 0, 0, 0.7329326868057251, 0.27270254492759705, -0.6232519745826721, -0.14143356680870056, 0.9572046399116516, 0.2524995803833008, 0.6654369235038757, -0.09691645205020905, 0.7401357889175415),
            ["LowerTorso"] = CFrame.new(-0.05424430966377258, -0.38559985160827637, -0.004162907600402832, 0.8158121109008789, -0.1383943408727646, -0.5615137815475464, 0.047036755830049515, 0.983606219291687, -0.17408722639083862, 0.5764010548591614, 0.11561068147420883, 0.8089475035667419),
            ["UpperTorso"] = CFrame.new(-5.587935447692871e-09, -1.1920928955078125e-07, -2.60770320892334e-08, 0.9030073881149292, -0.4136025011539459, -0.11623530834913254, 0.4245254695415497, 0.8174495100975037, 0.3892998695373535, -0.06599890440702438, -0.4008854627609253, 0.9137478470802307),
            ["HumanoidRootPart"] = CFrame.new(0, 0, 0, 1, 0, 0, 0, 1, 0, 0, 0, 1),
            ["RightUpperLeg"] = CFrame.new(5.960464477539063e-08, -3.501772880554199e-07, -1.6596459317952394e-08, 0.9672046303749084, 0.16785408556461334, 0.1906314194202423, -0.03253214433789253, 0.8262054920196533, -0.562428891658783, -0.25190672278404236, 0.5377820134162903, 0.8045703172683716),
            ["LeftUpperArm"] = CFrame.new(0, 1.1920928955078125e-07, -2.384185791015625e-07, 0.7984773516654968, 0.6012423038482666, 0.030688680708408356, -0.4840449094772339, 0.6714734435081482, -0.5610917806625366, -0.3579586446285248, 0.433164119720459, 0.8271844983100891),
            ["RightLowerArm"] = CFrame.new(-1.4901161193847656e-07, -1.7881393432617188e-07, 4.6566128730773926e-08, 1, -6.705523247774181e-08, 8.195638656616211e-08, 4.4703494239684005e-08, 0.4740808606147766, -0.8804812431335449, 1.862645504502325e-08, 0.8804814219474792, 0.4740810990333557),
            ["LeftHand"] = CFrame.new(1.7881393432617188e-07, -5.960464477539063e-08, 2.384185791015625e-07, 0.5180080533027649, 0.33994224667549133, -0.7849246859550476, -0.5128885507583618, 0.8578196167945862, 0.03303376957774162, 0.6845531463623047, 0.385466992855072, 0.618709921836853),
            ["RightHand"] = CFrame.new(-1.4901161193847656e-08, 0, -1.7881393432617188e-07, 0.6128767728805542, -0.16643640398979187, -0.7724512815475464, 0.3764002323150635, 0.9210233688354492, 0.10019436478614807, 0.6947697401046753, -0.35215750336647034, 0.6271204948425293),
            ["RightUpperArm"] = CFrame.new(2.384185791015625e-07, 1.1920928955078125e-07, 2.60770320892334e-08, 0.5640055537223816, 0.11820799112319946, 0.8172667622566223, 0.04548738896846771, 0.9837511777877808, -0.17367935180664062, -0.8245171904563904, 0.135131374001503, 0.5494639277458191),
            ["RightLowerLeg"] = CFrame.new(-5.587935447692871e-08, 1.7881393432617188e-07, 9.110226528719068e-08, 1, -1.639127589214695e-07, -1.9371520920685725e-07, 1.1548402767402877e-07, 0.08706260472536087, 0.996202826499939, -1.6763810606335028e-07, -0.9962028861045837, 0.08706299215555191),
