return {
    ["Starlit"] = {
        {Time = 0.000, Data = {
            ["LeftFoot"] = CFrame.new(6.146728992462158e-08, -1.7881393432617188e-07, 4.6566128730773926e-09, 0.9933236837387085, 0.11466621607542038, 0.012643096037209034, -0.0948820561170578, 0.8744034171104431, -0.4758317470550537, -0.06561703234910965, 0.47145548462867737, 0.879445493221283),
            ["LeftLowerArm"] = CFrame.new(-1.7881393432617188e-07, -4.76837158203125e-07, -5.960464477539063e-08, 1, -8.754432911928234e-08, 1.0803341865539551e-07, 7.450579886381092e-08, -0.11334733664989471, -0.99355548620224, 7.078050856534901e-08, 0.9935554265975952, -0.11334732174873352),
            ["LowerTorso"] = CFrame.new(-0.030801497399806976, -0.10042405128479004, 0.05655539780855179, 0.9969761371612549, -0.07491068542003632, 0.02066350355744362, 0.07614627480506897, 0.99481201171875, -0.0674605444073677, -0.015502783469855785, 0.0688299834728241, 0.9975080490112305),
            ["Head"] = CFrame.new(-1.4435499906539917e-08, -2.384185791015625e-07, 8.381903171539307e-08, 0.7913417220115662, -0.059149786829948425, 0.6085060834884644, 0.1807362586259842, 0.9734565019607544, -0.14041654765605927, -0.5840485095977783, 0.22109661996364594, 0.7810273170471191),
            ["RightUpperArm"] = CFrame.new(-5.960464477539063e-08, 5.960464477539062e-07, 7.636845111846924e-08, 0.8367084860801697, -0.055140379816293716, -0.5448656678199768, 0.07337663322687149, 0.9972350597381592, 0.0117587735876441, 0.5427107214927673, -0.049819011241197586, 0.8384408950805664),
            ["UpperTorso"] = CFrame.new(1.3271346688270569e-08, -1.1920928955078125e-07, -9.66247171163559e-09, 0.9988366961479187, 0.03279523551464081, -0.03535322844982147, -0.023369688540697098, 0.9704902768135071, 0.24000553786754608, 0.04218099266290665, -0.23890016973018646, 0.9701276421546936),
            ["HumanoidRootPart"] = CFrame.new(0, 0, 0, 1, 0, 0, 0, 1, 0, 0, 0, 1),
            ["RightHand"] = CFrame.new(5.960464477539063e-08, 0, -2.5331974029541016e-07, 0.8846551179885864, -0.2691437304019928, -0.38071879744529724, 0.305728554725647, 0.9513662457466125, 0.03784921392798424, 0.35201624035835266, -0.1498800665140152, 0.9239158630371094),
            ["LeftUpperArm"] = CFrame.new(5.960464477539063e-08, 2.384185791015625e-07, 5.21540641784668e-08, 0.9553677439689636, 0.08326846361160278, 0.28344133496284485, -0.12559649348258972, 0.9829110503196716, 0.1345793604850769, -0.26739126443862915, -0.16417188942432404, 0.9494996666908264),
            ["RightLowerArm"] = CFrame.new(5.960464477539063e-08, -1.1920928955078125e-07, -5.960464477539063e-08, 1, -7.264316792543468e-08, 9.685756197086448e-08, 8.195638656616211e-08, -0.07189752161502838, -0.9974120259284973, 4.470348358154297e-08, 0.9974120259284973, -0.07189757376909256),
            ["LeftHand"] = CFrame.new(-1.7881393432617188e-07, 1.1920928955078125e-07, 2.2351741790771484e-08, 0.8346004486083984, 0.46393275260925293, 0.29699841141700745, -0.4572220742702484, 0.8841314315795898, -0.09622979164123535, -0.30722978711128235, -0.0554807223379612, 0.9500167369842529),
            ["RightUpperLeg"] = CFrame.new(5.960464477539063e-08, -5.587935447692871e-09, -2.6841007638722658e-08, 0.5095700025558472, -0.25236576795578003, -0.8225873708724976, -0.03409777581691742, 0.9493459463119507, -0.31237733364105225, 0.8597533702850342, 0.18722648918628693, 0.4751530587673187),
            ["LeftUpperLeg"] = CFrame.new(0, -4.6100467443466187e-08, 0, 0.9986717104911804, -0.050773587077856064, 0.008775364607572556, 0.051399100571870804, 0.9936121702194214, -0.10046472400426865, -0.0036183493211865425, 0.10078230500221252, 0.9949020147323608),
            ["RightLowerLeg"] = CFrame.new(3.725290298461914e-08, 2.980232238769531e-07, 5.3849362302571535e-08, 1, -1.0244549741855735e-07, 1.0710214937148521e-08, 7.823110337312755e-08, 0.8960728645324707, 0.44390708208084106, -2.0489098417897367e-08, -0.44390714168548584, 0.8960729241371155),
            ["RightFoot"] = CFrame.new(-2.9802322387695312e-08, 2.980232238769531e-07, -3.55576048605144e-08, 0.9512020945549011, 0.05156191065907478, 0.3042299747467041, 0.10365231335163116, 0.8752573728561401, -0.4724196493625641, -0.29063859581947327, 0.48090115189552307, 0.8272024989128113),
            ["LeftLowerLeg"] = CFrame.new(5.727633833885193e-08, 0, -7.450580596923828e-09, 1, 6.519258732851085e-08, 9.313229298868464e-09, -6.798654794692993e-08, 0.78822922706604, 0.6153820753097534, 1.955777406692505e-08, -0.6153818964958191, 0.7882290482521057),
        }},
        {Time = 0.033, Data = {
            ["LeftFoot"] = CFrame.new(2.514570951461792e-08, 0, 8.009374141693115e-08, 0.9876664876937866, 0.1488434076309204, 0.04858502373099327, -0.10151480883359909, 0.8449968695640564, -0.5250475406646729, -0.11920410394668579, 0.5136399865150452, 0.8496850728988647),
            ["LeftLowerArm"] = CFrame.new(-5.960464477539063e-08, 2.980232238769531e-07, 1.564621925354004e-07, 1, -8.754431490842762e-08, 8.195637946073475e-08, 8.009374852235851e-08, -0.03372190147638321, -0.9994312524795532, 9.313227167240257e-08, 0.9994312524795532, -0.03372185677289963),
            ["LowerTorso"] = CFrame.new(-0.014484614133834839, -0.11063480377197266, 0.05703269690275192, 0.9943658709526062, -0.10562819987535477, -0.00889927614480257, 0.10513544827699661, 0.993466854095459, -0.04438716173171997, 0.013529671356081963, 0.04320144280791283, 0.9989747405052185),
            ["Head"] = CFrame.new(-8.381903171539307e-09, -1.1920928955078125e-07, -4.6566128730773926e-09, 0.9073567986488342, -0.06453776359558105, 0.41537752747535706, 0.1378987431526184, 0.9791603088378906, -0.1490945816040039, -0.39709892868995667, 0.19256214797496796, 0.8973474502563477),
            ["RightUpperArm"] = CFrame.new(-1.1920928955078125e-07, -1.1920928955078125e-07, 9.685754776000977e-08, 0.9093087315559387, -0.12312400341033936, -0.3974897861480713, 0.15263056755065918, 0.9873329401016235, 0.04333178326487541, 0.38711974024772644, -0.10007105022668839, 0.9165828824043274),
            ["UpperTorso"] = CFrame.new(-2.537854015827179e-08, -8.940696716308594e-08, -2.444721758365631e-09, 0.9955869317054749, 0.08468761295080185, -0.040432002395391464, -0.07493773102760315, 0.9767836332321167, 0.20069396495819092, 0.056489620357751846, -0.19677843153476715, 0.9788192510604858),
            ["HumanoidRootPart"] = CFrame.new(0, 0, 0, 1, 0, 0, 0, 1, 0, 0, 0, 1),
            ["RightHand"] = CFrame.new(1.7881393432617188e-07, 0, -4.842877388000488e-07, 0.9680925011634827, -0.24463939666748047, -0.054302364587783813, 0.24500538408756256, 0.969521701335907, 0.00008935295045375824, 0.05262542515993118, -0.013390868902206421, 0.9985246062278748),
            ["LeftUpperArm"] = CFrame.new(2.980232238769531e-07, 0, 2.9802322387695312e-08, 0.9879539608955383, 0.05546509474515915, 0.14446663856506348, -0.08453378081321716, 0.9753955006599426, 0.2036115527153015, -0.1296187788248062, -0.2133711725473404, 0.9683345556259155),
            ["RightLowerArm"] = CFrame.new(-2.9802322387695312e-08, 5.960464477539062e-07, 2.9802322387695312e-08, 1, -1.1175872316471214e-07, 8.195639367158947e-08, 9.685756197086448e-08, 0.06866996735334396, -0.9976394772529602, 6.705523247774181e-08, 0.997639536857605, 0.06866992264986038),
            ["LeftHand"] = CFrame.new(6.705522537231445e-08, 0, -1.7136335372924805e-07, 0.927152693271637, 0.3053789436817169, -0.21709832549095154, -0.31578338146209717, 0.9487267136573792, -0.014087501913309097, 0.20166489481925964, 0.0816173106431961, 0.9760481119155884),
            ["RightUpperLeg"] = CFrame.new(-2.9802322387695312e-08, -2.39349901676178e-07, 1.0986695997416973e-09, 0.49968579411506653, -0.21355040371418, -0.8394703269004822, -0.0865352600812912, 0.9519788026809692, -0.2936803698539734, 0.86187344789505, 0.21939165890216827, 0.45721063017845154),
            ["LeftUpperLeg"] = CFrame.new(-1.1920928955078125e-07, -2.076849341392517e-07, -6.51925802230835e-09, 0.9996723532676697, -0.025551991537213326, -0.001564876176416874, 0.024932004511356354, 0.9856446385383606, -0.16698232293128967, 0.005809140857309103, 0.16688859462738037, 0.9859586954116821),
            ["RightLowerLeg"] = CFrame.new(2.9802322387695312e-08, 2.384185791015625e-07, -1.0261283023282886e-07, 1, -7.823108916227284e-08, -1.816079731042919e-08, 5.960463766996327e-08, 0.9001278281211853, 0.43562570214271545, -5.5879347371501353e-08, -0.4356257915496826, 0.9001279473304749),
            ["RightFoot"] = CFrame.new(-2.2351741790771484e-08, 1.7881393432617188e-07, -3.276363713666797e-08, 0.9490973353385925, 0.01697748713195324, 0.3145252466201782, 0.11384367197751999, 0.9125553965568542, -0.39278745651245117, -0.29369041323661804, 0.4086005985736847, 0.8641713261604309),
            ["LeftLowerLeg"] = CFrame.new(2.0954757928848267e-09, 0, -1.5133991837501526e-08, 1, 6.426126475389538e-08, 1.676381167214913e-08, -5.029141902923584e-08, 0.7245964407920837, 0.6891735196113586, 2.514570951461792e-08, -0.6891734600067139, 0.724596381187439),
        }},
        {Time = 0.067, Data = {
            ["LeftFoot"] = CFrame.new(-8.381903171539307e-09, -5.960464477539063e-08, 5.21540641784668e-08, 0.990170419216156, 0.12875892221927643, 0.05462370812892914, -0.0835929811000824, 0.8579074144363403, -0.5069587230682373, -0.11213758587837219, 0.497409462928772, 0.8602378368377686),
            ["LeftLowerArm"] = CFrame.new(-5.960464477539063e-08, -4.76837158203125e-07, 1.4901161193847656e-08, 1, -7.823110337312755e-08, 7.823110337312755e-08, 1.005828522693264e-07, 0.07127131521701813, -0.997456967830658, 7.450581307466564e-08, 0.9974570274353027, 0.07127130031585693),
            ["LowerTorso"] = CFrame.new(0.002308100461959839, -0.08191800117492676, 0.05446908622980118, 0.9897410869598389, -0.1305571049451828, -0.05802951753139496, 0.12876079976558685, 0.9911028742790222, -0.03370125964283943, 0.06191315874457359, 0.025883594527840614, 0.9977458715438843),
            ["Head"] = CFrame.new(0, -2.384185791015625e-07, 4.516914486885071e-08, 0.9718986749649048, -0.040377892553806305, 0.23191103339195251, 0.07829150557518005, 0.9845401644706726, -0.15668831765651703, -0.22199894487857819, 0.17044194042682648, 0.9600344300270081),
            ["RightUpperArm"] = CFrame.new(-1.7881393432617188e-07, -3.5762786865234375e-07, -4.6566128730773926e-09, 0.9099852442741394, -0.16605602204799652, -0.37993744015693665, 0.1954653114080429, 0.9798994660377502, 0.03988146036863327, 0.36567771434783936, -0.11055617779493332, 0.9241521954536438),
            ["UpperTorso"] = CFrame.new(-2.1886080503463745e-08, -2.384185791015625e-07, -1.3969838619232178e-09, 0.9908989071846008, 0.1265408843755722, -0.04590098559856415, -0.11715926229953766, 0.9786631464958191, 0.1687963902950287, 0.06628125160932541, -0.1618824154138565, 0.9845815896987915),
            ["HumanoidRootPart"] = CFrame.new(0, 0, 0, 1, 0, 0, 0, 1, 0, 0, 0, 1),
            ["RightHand"] = CFrame.new(-4.470348358154297e-08, -1.7881393432617188e-07, 4.0978193283081055e-08, 0.970454752445221, -0.23318016529083252, 0.06200510263442993, 0.23251858353614807, 0.9724294543266296, 0.017781177535653114, -0.06444184482097626, -0.0028384532779455185, 0.9979174733161926),
            ["LeftUpperArm"] = CFrame.new(2.384185791015625e-07, 0, 1.4901161193847656e-08, 0.9669060707092285, 0.03671634569764137, 0.25247716903686523, -0.09352696686983109, 0.9717104434967041, 0.21686780452728271, -0.2373720109462738, -0.2333042472600937, 0.9429866075515747),
            ["RightLowerArm"] = CFrame.new(-2.384185791015625e-07, 0, 7.450580596923828e-09, 1, -7.450581307466564e-08, 7.4505820180093e-08, 8.195640788244418e-08, 0.2270060032606125, -0.9738934636116028, 8.195640788244418e-08, 0.9738933444023132, 0.2270059436559677),
            ["LeftHand"] = CFrame.new(-1.601874828338623e-07, 0, -4.470348358154297e-08, 0.8969990015029907, 0.24161623418331146, -0.37015485763549805, -0.26580092310905457, 0.9639124274253845, -0.014929648488759995, 0.353189617395401, 0.11177945137023926, 0.9288501739501953),
            ["RightUpperLeg"] = CFrame.new(-2.9802322387695312e-08, -2.4330802261829376e-07, 1.673470251262188e-10, 0.5661952495574951, -0.13628651201725006, -0.812926173210144, -0.11677426844835281, 0.9630266427993774, -0.24278293550014496, 0.8159576058387756, 0.2323913723230362, 0.5293463468551636),
            ["LeftUpperLeg"] = CFrame.new(0, -2.582091838121414e-07, 9.313225746154785e-09, 0.9994823336601257, 0.01664189249277115, 0.02753402106463909, -0.012666907161474228, 0.9902517795562744, -0.13871188461780548, -0.029574042186141014, 0.13829131424427032, 0.9899499416351318),
            ["RightLowerLeg"] = CFrame.new(0, 3.5762786865234375e-07, 5.012407200410962e-08, 1, -7.63684582238966e-08, 5.6774318579755345e-08, 3.725290298461914e-08, 0.9316084980964661, 0.3634631633758545, -3.725290298461914e-09, -0.3634633719921112, 0.9316086769104004),
            ["RightFoot"] = CFrame.new(2.9802322387695312e-08, 2.384185791015625e-07, 2.285378286615014e-08, 0.9629175066947937, 0.015199273824691772, 0.26936739683151245, 0.06589242815971375, 0.9549283385276794, -0.28943055868148804, -0.2616257667541504, 0.29644739627838135, 0.9185158610343933),
            ["LeftLowerLeg"] = CFrame.new(5.3085386753082275e-08, 5.960464477539063e-08, 9.778887033462524e-09, 1, 5.215408194203519e-08, 3.7252920748187535e-09, -6.51925802230835e-08, 0.7645136117935181, 0.6446077823638916, 1.5832483768463135e-08, -0.6446077823638916, 0.7645134925842285),
        }},
        {Time = 0.100, Data = {
            ["LeftFoot"] = CFrame.new(-1.30385160446167e-08, 0, 3.725290298461914e-08, 0.9929888248443604, 0.09948375821113586, 0.06384465098381042, -0.06150157004594803, 0.8960443735122681, -0.4396839737892151, -0.10094912350177765, 0.432674765586853, 0.8958805799484253),
            ["LeftLowerArm"] = CFrame.new(8.940696716308594e-08, 0, -1.1175870895385742e-07, 1, -5.960465188081798e-08, 6.705523247774181e-08, 1.1175870895385742e-07, 0.16722653806209564, -0.9859185814857483, 7.450580596923828e-08, 0.9859185218811035, 0.16722643375396729),
            ["LowerTorso"] = CFrame.new(0.019686609506607056, -0.03253304958343506, 0.04915081709623337, 0.9821659326553345, -0.14904865622520447, -0.11460621654987335, 0.1468481421470642, 0.9887779355049133, -0.027457289397716522, 0.11741254478693008, 0.01013790350407362, 0.9930315613746643),
            ["Head"] = CFrame.new(-4.656612873077393e-10, 0, -8.498318493366241e-09, 0.9853764772415161, -0.008062945678830147, 0.17020057141780853, 0.037421271204948425, 0.9847332835197449, -0.17000038921833038, -0.16623149812221527, 0.17388364672660828, 0.9706346988677979),
            ["RightUpperArm"] = CFrame.new(0, -3.5762786865234375e-07, -2.9802322387695312e-08, 0.8959117531776428, -0.2184763103723526, -0.38679495453834534, 0.24523606896400452, 0.969245433807373, 0.020560530945658684, 0.37040725350379944, -0.11327654868364334, 0.921936571598053),
            ["UpperTorso"] = CFrame.new(-3.4924596548080444e-08, 2.9802322387695312e-08, -2.3283064365386963e-09, 0.9851952791213989, 0.16275788843631744, -0.05385298654437065, -0.1539417952299118, 0.9781240224838257, 0.1399119794368744, 0.0754467099905014, -0.12955041229724884, 0.988698422908783),
            ["HumanoidRootPart"] = CFrame.new(0, 0, 0, 1, 0, 0, 0, 1, 0, 0, 0, 1),
            ["RightHand"] = CFrame.new(-2.2258609533309937e-07, -5.960464477539063e-08, 1.6577541828155518e-07, 0.9663461446762085, -0.22490008175373077, 0.12488017231225967, 0.21996846795082092, 0.9741121530532837, 0.05214764177799225, -0.13337527215480804, -0.022922972217202187, 0.9908005595207214),
            ["LeftUpperArm"] = CFrame.new(0, -1.1920928955078125e-07, 1.4901161193847656e-08, 0.9040802717208862, 0.023335786536335945, 0.4267251193523407, -0.12494385242462158, 0.9693143963813782, 0.21170422434806824, -0.4086907207965851, -0.2447144240140915, 0.879253625869751),
            ["RightLowerArm"] = CFrame.new(-8.940696716308594e-08, 1.1920928955078125e-07, -5.681067705154419e-08, 1, -1.0430814256778831e-07, 7.264316792543468e-08, 7.450581307466564e-08, 0.34512951970100403, -0.9385551810264587, 7.823110337312755e-08, 0.938555121421814, 0.34512946009635925),
            ["LeftHand"] = CFrame.new(1.341104507446289e-07, 0, -6.705522537231445e-08, 0.8711044192314148, 0.20389185845851898, -0.44677186012268066, -0.23668275773525238, 0.9714174270629883, -0.018155235797166824, 0.43030035495758057, 0.12155844271183014, 0.8944637775421143),
            ["RightUpperLeg"] = CFrame.new(-1.4901161193847656e-07, 1.885928213596344e-08, -1.6952981241047382e-09, 0.6540921926498413, -0.030793730169534683, -0.75578773021698, -0.14153794944286346, 0.9765408039093018, -0.16228128969669342, 0.7430547475814819, 0.21311955153942108, 0.6343892812728882),
            ["LeftUpperLeg"] = CFrame.new(0, 1.5660043573006988e-07, -1.0244548320770264e-08, 0.9967228770256042, 0.05014680698513985, 0.06347348541021347, -0.04615747183561325, 0.9969564080238342, -0.06282968074083328, -0.0664309710264206, 0.05969403684139252, 0.9960038661956787),
            ["RightLowerLeg"] = CFrame.new(-1.1175870895385742e-08, 2.980232238769531e-07, -2.8107024263590574e-08, 1, -2.6542700481968495e-08, 4.004688136660661e-08, 2.60770320892334e-08, 0.9709715247154236, 0.2391950786113739, -2.421438694000244e-08, -0.23919521272182465, 0.9709715843200684),
            ["RightFoot"] = CFrame.new(1.1175870895385742e-08, 2.384185791015625e-07, 2.7772330213338137e-08, 0.9784470200538635, 0.03789901360869408, 0.20299050211906433, -0.007872716523706913, 0.9891454577445984, -0.14672861993312836, -0.20634815096855164, 0.1419682800769806, 0.9681248664855957),
            ["LeftLowerLeg"] = CFrame.new(-2.0023435354232788e-08, -5.960464477539063e-08, -1.30385160446167e-08, 1, 4.284084909045305e-08, 1.8626458597736928e-08, -4.44706529378891e-08, 0.8504822850227356, 0.5260037183761597, 1.0244548320770264e-08, -0.5260036587715149, 0.8504822850227356),
        }},
        {Time = 0.133, Data = {
            ["LeftFoot"] = CFrame.new(2.3283064365386963e-08, 1.1920928955078125e-07, 3.725290298461914e-09, 0.9974657893180847, 0.06001828610897064, 0.0382089838385582, -0.04260501265525818, 0.9339600205421448, -0.3548290431499481, -0.05698200687766075, 0.35230186581611633, 0.9341501593589783),
            ["LeftLowerArm"] = CFrame.new(-2.9802322387695312e-08, -1.1920928955078125e-07, 0, 1, -7.450579886381092e-08, 8.195638656616211e-08, 5.960465188081798e-08, 0.1758773922920227, -0.9844121336936951, 1.6391278734317893e-07, 0.9844121336936951, 0.17587731778621674),
            ["LowerTorso"] = CFrame.new(0.03709873557090759, 0.004758358001708984, 0.042266979813575745, 0.9722005128860474, -0.15588974952697754, -0.17471300065517426, 0.1540609896183014, 0.987768292427063, -0.024066662415862083, 0.1763276606798172, -0.003518835874274373, 0.9843252301216125),
            ["Head"] = CFrame.new(3.725290298461914e-09, -5.960464477539062e-07, -2.2351741790771484e-08, 0.9907212853431702, 0.010252109728753567, 0.13552284240722656, 0.015786753967404366, 0.981720507144928, -0.1896725594997406, -0.13499008119106293, 0.19005222618579865, 0.9724494814872742),
            ["RightUpperArm"] = CFrame.new(-2.980232238769531e-07, -8.344650268554688e-07, -1.4901161193847656e-08, 0.8684355616569519, -0.2833894193172455, -0.4068294167518616, 0.3132251501083374, 0.9496522545814514, 0.007114987820386887, 0.38433027267456055, -0.13360823690891266, 0.9134764075279236),
            ["UpperTorso"] = CFrame.new(-1.0244548320770264e-08, 8.940696716308594e-08, 4.656612873077393e-10, 0.9806225299835205, 0.1852070838212967, -0.06385770440101624, -0.17690736055374146, 0.9771891236305237, 0.11749551445245743, 0.08416207134723663, -0.10392184555530548, 0.9910181760787964),
            ["HumanoidRootPart"] = CFrame.new(0, 0, 0, 1, 0, 0, 0, 1, 0, 0, 0, 1),
            ["RightHand"] = CFrame.new(-4.023313522338867e-07, -2.384185791015625e-07, 2.384185791015625e-07, 0.9638830423355103, -0.2191692739725113, 0.15130920708179474, 0.2080126702785492, 0.9743213057518005, 0.0861896276473999, -0.16631413996219635, -0.05160252004861832, 0.9847217202186584),
            ["LeftUpperArm"] = CFrame.new(1.1920928955078125e-07, -9.5367431640625e-07, -1.4901161193847656e-08, 0.7921662926673889, 0.03667966648936272, 0.6092021465301514, -0.17113327980041504, 0.9714963436126709, 0.16403722763061523, -0.5858207941055298, -0.2341996431350708, 0.7758637070655823),
            ["RightLowerArm"] = CFrame.new(-2.086162567138672e-07, 0, 1.4901161193847656e-08, 1, 2.9802315282267955e-08, 1.0058283805847168e-07, 4.4703494239684005e-08, 0.417723685503006, -0.9085742235183716, 4.284084909045305e-08, 0.908574104309082, 0.41772350668907166),
            ["LeftHand"] = CFrame.new(-1.6391277313232422e-07, -5.960464477539063e-08, -2.2351741790771484e-07, 0.8600513935089111, 0.18514560163021088, -0.47542887926101685, -0.21640664339065552, 0.976237952709198, -0.011304526589810848, 0.46203872561454773, 0.11260847747325897, 0.8796815276145935),
            ["RightUpperLeg"] = CFrame.new(1.1920928955078125e-07, -5.005858838558197e-08, -1.6596459317952394e-08, 0.7441233396530151, 0.07156391441822052, -0.6641980409622192, -0.1579565852880478, 0.9849013090133667, -0.07084627449512482, 0.6490994095802307, 0.15763269364833832, 0.7441921234130859),
            ["LeftUpperLeg"] = CFrame.new(-5.960464477539063e-08, 2.655433490872383e-07, 3.725290298461914e-09, 0.9867944121360779, 0.07673767954111099, 0.14264743030071259, -0.0757991150021553, 0.9970508217811584, -0.012009994126856327, -0.1431482434272766, 0.001038830727338791, 0.9897007942199707),
            ["RightLowerLeg"] = CFrame.new(9.825453162193298e-08, 2.980232238769531e-07, 7.829657988622785e-08, 1, -1.676381167214913e-08, -8.195640788244418e-08, 1.862644971595273e-08, 0.9941039085388184, 0.10843231528997421, 2.1420417439799166e-08, -0.10843237489461899, 0.9941038489341736),
            ["RightFoot"] = CFrame.new(-3.725290298461914e-09, 4.76837158203125e-07, 7.24758137948811e-08, 0.9876614212989807, 0.076713427901268, 0.13652849197387695, -0.07431527972221375, 0.9969791173934937, -0.022583777084946632, -0.1378486007452011, 0.012159190140664577, 0.9903786778450012),
            ["LeftLowerLeg"] = CFrame.new(-1.3737007975578308e-08, -1.1920928955078125e-07, -7.450580596923828e-09, 1, 4.1909537173978606e-08, 1.1175873559921001e-08, -4.100730066625147e-08, 0.8991307616233826, 0.43768009543418884, 8.149073416063857e-09, -0.4376802146434784, 0.8991308212280273),
        }},
        {Time = 0.167, Data = {
            ["LeftFoot"] = CFrame.new(3.725290298461914e-09, 0, -1.862645149230957e-09, 0.9994690418243408, -0.006222602445632219, 0.03198548033833504, 0.012787772342562675, 0.9777526259422302, -0.2093711942434311, -0.029970936477184296, 0.20966923236846924, 0.9773130416870117),
            ["LeftLowerArm"] = CFrame.new(-8.940696716308594e-08, 5.364418029785156e-07, -2.2351741790771484e-08, 1, -9.685752644372769e-08, 2.2351738238057806e-08, 6.70552182668871e-08, 0.11804892122745514, -0.9930078387260437, 1.3038514623531228e-07, 0.9930077791213989, 0.11804892867803574),
            ["LowerTorso"] = CFrame.new(0.055925577878952026, 0.018334388732910156, 0.03559118136763573, 0.9665061831474304, -0.10205958783626556, -0.235477477312088, 0.09940909594297409, 0.9947777390480042, -0.023132164031267166, 0.2366086095571518, -0.0010512223234400153, 0.9716044664382935),
            ["Head"] = CFrame.new(-5.587935447692871e-09, -3.5762786865234375e-07, -9.313225746154785e-09, 0.9915769100189209, 0.03591432794928551, 0.12444081902503967, -0.008109299466013908, 0.9761167168617249, -0.2170957326889038, -0.12926557660102844, 0.214258074760437, 0.9681859016418457),
            ["RightUpperArm"] = CFrame.new(1.1920928955078125e-07, -1.1920928955078125e-07, 0, 0.8272868990898132, -0.3635154664516449, -0.42831411957740784, 0.39245763421058655, 0.9194983243942261, -0.022359445691108704, 0.40196216106414795, -0.14959751069545746, 0.9033532738685608),
            ["UpperTorso"] = CFrame.new(-1.862645149230957e-08, -1.4901161193847656e-07, 6.51925802230835e-09, 0.9883057475090027, 0.13003720343112946, -0.07963746786117554, -0.12182942777872086, 0.9874533414840698, 0.1004670262336731, 0.09170272946357727, -0.08958996087312698, 0.9917481541633606),
            ["HumanoidRootPart"] = CFrame.new(0, 0, 0, 1, 0, 0, 0, 1, 0, 0, 0, 1),
            ["RightHand"] = CFrame.new(-1.1920928955078125e-07, 1.1920928955078125e-07, -1.341104507446289e-07, 0.9638756513595581, -0.21337564289569855, 0.1594201773405075, 0.19899895787239075, 0.9747338891029358, 0.1014549508690834, -0.17704014480113983, -0.06606568396091461, 0.9819838404655457),
            ["LeftUpperArm"] = CFrame.new(-1.1920928955078125e-07, 1.1920928955078125e-07, 0, 0.6571021676063538, 0.08455605059862137, 0.7490441203117371, -0.21721778810024261, 0.9727780818939209, 0.0807429701089859, -0.7218263149261475, -0.21576213836669922, 0.6575815081596375),
            ["RightLowerArm"] = CFrame.new(0, -2.384185791015625e-07, -7.450580596923828e-08, 1, -4.470348358154297e-08, 4.4703490686970326e-08, 7.450580596923828e-08, 0.442336767911911, -0.8968492150306702, -1.1175870895385742e-08, 0.8968490958213806, 0.44233667850494385),
            ["LeftHand"] = CFrame.new(3.8743019104003906e-07, 5.960464477539063e-08, 1.341104507446289e-07, 0.8587177395820618, 0.18045224249362946, -0.4796259105205536, -0.20071294903755188, 0.9796068072319031, 0.009207948110997677, 0.4715062975883484, 0.08836013078689575, 0.8774247169494629),
            ["RightUpperLeg"] = CFrame.new(-5.960464477539063e-08, 2.844171831384301e-07, 1.6931153368204832e-08, 0.8322195410728455, -0.0050452458672225475, -0.5544232130050659, -0.1263595074415207, 0.9719178080558777, -0.1985171139240265, 0.5398554801940918, 0.23526635766029358, 0.8082115650177002),
            ["LeftUpperLeg"] = CFrame.new(5.960464477539063e-08, -4.3059117160737514e-08, -1.1175870895385742e-08, 0.9788597226142883, 0.015579966828227043, 0.20393884181976318, -0.04212133586406708, 0.9910772442817688, 0.12645882368087769, -0.20014901459217072, -0.13237573206424713, 0.9707817435264587),
            ["RightLowerLeg"] = CFrame.new(6.891787052154541e-08, 2.384185791015625e-07, 2.2184394765645266e-08, 1, -2.7008358216562556e-08, 7.450584149637507e-09, 4.4703490686970326e-08, 0.9356827139854431, 0.3528425693511963, 2.2351745343485163e-08, -0.35284262895584106, 0.9356827735900879),
            ["RightFoot"] = CFrame.new(-7.636845111846924e-08, 3.5762786865234375e-07, -1.1343217920511961e-08, 0.9917992353439331, 0.10145086795091629, 0.07773125171661377, -0.09005853533744812, 0.9863033890724182, -0.13818494975566864, -0.09068576246500015, 0.1300516277551651, 0.9873514771461487),
            ["LeftLowerLeg"] = CFrame.new(6.9267116487026215e-09, 5.960464477539063e-08, 2.0489096641540527e-08, 1, 1.5832485544819974e-08, 1.8626462594539817e-09, -1.816079198135867e-08, 0.97734534740448, 0.2116512805223465, 2.7939681679356454e-09, -0.21165117621421814, 0.97734534740448),
        }},
        {Time = 0.200, Data = {
            ["LeftFoot"] = CFrame.new(-6.05359673500061e-08, -1.1920928955078125e-07, -4.0978193283081055e-08, 0.9959270358085632, -0.09015306830406189, -0.0014051813632249832, 0.08973164856433868, 0.9925559759140015, -0.08234573155641556, 0.008818530477583408, 0.08188431710004807, 0.9966028332710266),
            ["LeftLowerArm"] = CFrame.new(1.1920928955078125e-07, 2.384185791015625e-07, -2.2351741790771484e-08, 1, -1.0471556777247315e-07, 1.1175870895385742e-07, 6.705523247774181e-08, 0.024423833936452866, -0.999701738357544, 1.3643877139202232e-07, 0.999701738357544, 0.024423878639936447),
            ["LowerTorso"] = CFrame.new(0.07450291514396667, 0.01468515396118164, 0.028650783002376556, 0.9518342614173889, -0.020825982093811035, -0.3059052526950836, 0.013702725991606712, 0.9995831251144409, -0.02541498839855194, 0.3063070476055145, 0.019999120384454727, 0.9517226815223694),
            ["Head"] = CFrame.new(-1.1175870895385742e-08, 2.384185791015625e-07, 7.450580596923828e-09, 0.9858995079994202, 0.06677113473415375, 0.1534401923418045, -0.0272141695022583, 0.9687132239341736, -0.2466864287853241, -0.1651110202074051, 0.2390323430299759, 0.956870973110199),
            ["RightUpperArm"] = CFrame.new(-5.960464477539063e-08, 2.384185791015625e-07, 1.4901161193847656e-08, 0.7116823792457581, -0.42252570390701294, -0.5612309575080872, 0.430428147315979, 0.8936493992805481, -0.12697401642799377, 0.5551936626434326, -0.151204451918602, 0.8178614974021912),
            ["UpperTorso"] = CFrame.new(0, 2.682209014892578e-07, -3.725290298461914e-09, 0.9950408935546875, 0.03419854864478111, -0.09340271353721619, -0.025760982185602188, 0.995600163936615, 0.09009213000535965, 0.09607277065515518, -0.08723921328783035, 0.9915438890457153),
            ["HumanoidRootPart"] = CFrame.new(0, 0, 0, 1, 0, 0, 0, 1, 0, 0, 0, 1),
            ["RightHand"] = CFrame.new(-1.7881393432617188e-07, -1.1920928955078125e-07, -2.980232238769531e-07, 0.9687067270278931, -0.19935864210128784, 0.14786362648010254, 0.1938948780298233, 0.9797146320343018, 0.05063406005501747, -0.15495844185352325, -0.02037954144179821, 0.9877107739448547),
            ["LeftUpperArm"] = CFrame.new(2.384185791015625e-07, 0, -1.1920928955078125e-07, 0.5636468529701233, 0.16882739961147308, 0.8085786700248718, -0.22457987070083618, 0.9733371734619141, -0.046677280217409134, -0.794900119304657, -0.15528100728988647, 0.5865337252616882),
            ["RightLowerArm"] = CFrame.new(0, 2.384185791015625e-07, 2.9802322387695312e-08, 1, -1.1920926112907182e-07, 1.1920927533992653e-07, 1.341104507446289e-07, 0.40295079350471497, -0.915221631526947, 6.332993507385254e-08, 0.915221631526947, 0.40295088291168213),
            ["LeftHand"] = CFrame.new(1.7881393432617188e-07, 5.960464477539063e-08, 7.450580596923828e-08, 0.9155291318893433, 0.2698816955089569, -0.29827970266342163, -0.25659018754959106, 0.9628934860229492, 0.08365114033222198, 0.30978694558143616, -0.000049456961278337985, 0.9508058428764343),
            ["RightUpperLeg"] = CFrame.new(-2.9802322387695312e-08, 4.931353032588959e-07, 9.480572771281004e-09, 0.889423131942749, -0.05926549807190895, -0.4532262682914734, -0.0865630954504013, 0.9517751932144165, -0.2943314015865326, 0.448813259601593, 0.30101776123046875, 0.8414007425308228),
            ["LeftUpperLeg"] = CFrame.new(2.9802322387695312e-08, 3.306195139884949e-08, -3.725290298461914e-09, 0.9800878167152405, -0.05780716612935066, 0.1899641901254654, 0.007250216323882341, 0.966465413570404, 0.2566946744918823, -0.19843272864818573, -0.2502061128616333, 0.9476400017738342),
            ["RightLowerLeg"] = CFrame.new(-1.862645149230957e-08, 4.76837158203125e-07, -6.535992724820971e-08, 1, -1.4901162970204496e-08, -7.636848664560603e-08, 8.940698137394065e-08, 0.8329921960830688, 0.5532845854759216, -3.3527616238870905e-08, -0.5532848238945007, 0.8329923748970032),
            ["RightFoot"] = CFrame.new(-7.450580596923828e-09, 2.384185791015625e-07, -5.418405635282397e-08, 0.9981488585472107, 0.0420636422932148, 0.043926965445280075, -0.03048066794872284, 0.970985472202301, -0.2371879369020462, -0.05262954905629158, 0.23541036248207092, 0.9704701900482178),
            ["LeftLowerLeg"] = CFrame.new(-1.257285475730896e-08, 2.384185791015625e-07, 7.450580596923828e-09, 1, -5.820766646458253e-10, 4.190952918037283e-09, 1.0477378964424133e-09, 0.9999877214431763, 0.00496002146974206, -5.122274160385132e-09, -0.004960011225193739, 0.999987781047821),
        }},
        {Time = 0.233, Data = {
            ["LeftFoot"] = CFrame.new(3.4458935260772705e-08, 5.960464477539063e-08, 0, 0.9949619770050049, -0.05406736582517624, -0.08442369103431702, 0.04050940275192261, 0.9871207475662231, -0.15476366877555847, 0.09170404076576233, 0.1505640149116516, 0.9843378663063049),
            ["LeftLowerArm"] = CFrame.new(1.1920928955078125e-07, -2.384185791015625e-07, 0, 1, -1.4156103134155273e-07, 5.960465188081798e-08, 9.685753354915505e-08, -0.053515784442424774, -0.9985671043395996, 8.940695295223122e-08, 0.9985671043395996, -0.05351577699184418),
            ["LowerTorso"] = CFrame.new(0.0899650976061821, -0.004832029342651367, 0.020373515784740448, 0.9186084270477295, 0.02412320487201214, -0.39443227648735046, -0.039621323347091675, 0.9987277388572693, -0.031194103881716728, 0.39317795634269714, 0.04428308829665184, 0.9183954000473022),
            ["Head"] = CFrame.new(1.4901161193847656e-08, 0, -3.725290298461914e-09, 0.9708183407783508, 0.09331260621547699, 0.22091779112815857, -0.03014427050948143, 0.9613707661628723, -0.2736011743545532, -0.23791436851024628, 0.25895771384239197, 0.9361291527748108),
            ["RightUpperArm"] = CFrame.new(-1.1920928955078125e-07, -3.5762786865234375e-07, -4.470348358154297e-08, 0.5819409489631653, -0.5026341080665588, -0.6392995119094849, 0.43053731322288513, 0.8573375344276428, -0.2821522057056427, 0.6899147629737854, -0.11104632914066315, 0.7153224945068359),
            ["UpperTorso"] = CFrame.new(7.450580596923828e-09, -8.940696716308594e-08, 7.450580596923828e-09, 0.9952124953269958, -0.023714259266853333, -0.09481431543827057, 0.0324484258890152, 0.9952610731124878, 0.09166556596755981, 0.09219124168157578, -0.09430330246686935, 0.9912657141685486),
            ["HumanoidRootPart"] = CFrame.new(0, 0, 0, 1, 0, 0, 0, 1, 0, 0, 0, 1),
            ["RightHand"] = CFrame.new(0, 5.960464477539063e-08, -2.9802322387695312e-08, 0.9779078364372253, -0.1761096715927124, 0.11261315643787384, 0.18335053324699402, 0.9813664555549622, -0.057468682527542114, -0.1003938615322113, 0.0768466666340828, 0.991975724697113),
            ["LeftUpperArm"] = CFrame.new(0, -4.76837158203125e-07, 2.9802322387695312e-08, 0.5757487416267395, 0.28232285380363464, 0.7673377990722656, -0.23748376965522766, 0.9557777047157288, -0.17346584796905518, -0.7823777198791504, -0.08235755562782288, 0.6173348426818848),
            ["RightLowerArm"] = CFrame.new(-1.7881393432617188e-07, 3.5762786865234375e-07, 2.9802322387695312e-08, 1, -1.3224780559539795e-07, 9.126959810146218e-08, 1.639127589214695e-07, 0.2974097728729248, -0.9547499418258667, -3.725289943190546e-08, 0.9547499418258667, 0.2974098026752472),
            ["LeftHand"] = CFrame.new(2.682209014892578e-07, 1.1920928955078125e-07, 2.60770320892334e-07, 0.9110300540924072, 0.4054422378540039, 0.0751071572303772, -0.41181597113609314, 0.9038322567939758, 0.11616766452789307, -0.020784972235560417, -0.1367625892162323, 0.9903857707977295),
            ["RightUpperLeg"] = CFrame.new(5.960464477539063e-08, -1.5832483768463135e-08, -1.6596459317952394e-08, 0.9260334968566895, -0.06593911349773407, -0.37163689732551575, -0.06327039003372192, 0.9435703754425049, -0.3250720202922821, 0.37210068106651306, 0.3245410919189453, 0.8696057796478271),
            ["LeftUpperLeg"] = CFrame.new(-5.960464477539063e-08, 1.3969838619232178e-08, -2.9802322387695312e-08, 0.9852449893951416, -0.027323072776198387, 0.16895544528961182, 0.010001685470342636, 0.99467933177948, 0.10253344476222992, -0.17085789144039154, -0.09933076798915863, 0.9802759885787964),
            ["RightLowerLeg"] = CFrame.new(-4.0978193283081055e-08, 2.384185791015625e-07, -5.790934665128589e-08, 1, -5.21540641784668e-08, -7.450582373280668e-09, 8.195639367158947e-08, 0.7742326259613037, 0.6329008936882019, -1.4901162970204496e-08, -0.632901132106781, 0.7742328643798828),
            ["RightFoot"] = CFrame.new(5.21540641784668e-08, 2.980232238769531e-07, -6.535992724820971e-08, 0.9991735816001892, -0.03250288963317871, 0.024408778175711632, 0.03671567887067795, 0.979339599609375, -0.19886131584644318, -0.01744113303720951, 0.1995934695005417, 0.9797236919403076),
            ["LeftLowerLeg"] = CFrame.new(1.862645149230957e-08, -1.1920928955078125e-07, -1.1175870895385742e-08, 1, 2.0489098417897367e-08, 3.073365206773815e-08, -3.259629011154175e-08, 0.9285869598388672, 0.37111520767211914, 2.0139850676059723e-08, -0.37111514806747437, 0.9285869598388672),
        }},
        {Time = 0.267, Data = {
            ["LeftFoot"] = CFrame.new(-4.842877388000488e-08, -5.960464477539063e-08, 0, 0.9780376553535461, 0.06108827888965607, -0.19927556812763214, -0.09518538415431976, 0.9814711809158325, -0.16629558801651, 0.18542465567588806, 0.1816113144159317, 0.9657303690910339),
            ["LeftLowerArm"] = CFrame.new(-5.960464477539063e-08, -2.980232238769531e-07, -4.470348358154297e-08, 1, 1.4901159417490817e-08, 7.078050145992165e-08, 1.1175868053214799e-07, -0.08571208268404007, -0.9963199496269226, 1.0430809993522416e-07, 0.9963200092315674, -0.0857120007276535),
            ["LowerTorso"] = CFrame.new(0.10252130031585693, -0.04844367504119873, 0.012111872434616089, 0.8854702711105347, 0.06309989839792252, -0.460392028093338, -0.09130875021219254, 0.9950494766235352, -0.0392354279756546, 0.45563703775405884, 0.07677963376045227, 0.8868482112884521),
            ["Head"] = CFrame.new(1.862645149230957e-08, 0, 1.862645149230957e-08, 0.9553974270820618, 0.11858665198087692, 0.270468145608902, -0.0338134802877903, 0.9537401795387268, -0.29872453212738037, -0.29338106513023376, 0.276255339384079, 0.9152107238769531),
            ["RightUpperArm"] = CFrame.new(2.384185791015625e-07, -3.5762786865234375e-07, 0, 0.5930960178375244, -0.5358636379241943, -0.6009052395820618, 0.39668071269989014, 0.8439574241638184, -0.3610822260379791, 0.7006295323371887, -0.02421117201447487, 0.7131146788597107),
            ["UpperTorso"] = CFrame.new(-2.0489096641540527e-08, 1.4901161193847656e-07, -1.1175870895385742e-08, 0.9916173219680786, -0.07997511327266693, -0.10148437321186066, 0.08992791175842285, 0.9911530017852783, 0.09761618077754974, 0.0927797481417656, -0.10592418164014816, 0.9900363683700562),
            ["HumanoidRootPart"] = CFrame.new(0, 0, 0, 1, 0, 0, 0, 1, 0, 0, 0, 1),
            ["RightHand"] = CFrame.new(-2.086162567138672e-07, 2.384185791015625e-07, -1.1920928955078125e-07, 0.9855188131332397, -0.15359841287136078, 0.07183585315942764, 0.16322775185108185, 0.9740889072418213, -0.15654900670051575, -0.045928869396448135, 0.16600756347179413, 0.9850543737411499),
            ["LeftUpperArm"] = CFrame.new(0, -7.152557373046875e-07, -1.1920928955078125e-07, 0.6509221196174622, 0.41224348545074463, 0.6374602913856506, -0.3155314326286316, 0.9106579422950745, -0.2667245864868164, -0.6904639005661011, -0.027521871030330658, 0.72284334897995),
            ["RightLowerArm"] = CFrame.new(1.1920928955078125e-07, 1.1920928955078125e-07, -2.086162567138672e-07, 1, -2.9802315282267955e-08, 9.685752644372769e-08, 1.3411040811206476e-07, 0.14155635237693787, -0.9899302124977112, 5.21540464148984e-08, 0.989930272102356, 0.1415562629699707),
            ["LeftHand"] = CFrame.new(2.9802322387695312e-08, 1.1920928955078125e-07, 2.384185791015625e-07, 0.8434765338897705, 0.46111056208610535, 0.2755438983440399, -0.4986841678619385, 0.8628374338150024, 0.08261849731206894, -0.1996532678604126, -0.207096129655838, 0.9577316045761108),
            ["RightUpperLeg"] = CFrame.new(0, 1.8440186977386475e-07, 2.0656443666666746e-08, 0.9464478492736816, -0.09748263657093048, -0.3077881634235382, -0.017870241776108742, 0.9360489249229431, -0.3514159917831421, 0.3223618268966675, 0.3380970060825348, 0.884179413318634),
            ["LeftUpperLeg"] = CFrame.new(-1.1920928955078125e-07, 9.12696123123169e-08, -5.21540641784668e-08, 0.9916476607322693, -0.009511444717645645, 0.1286260038614273, 0.014470560476183891, 0.99918532371521, -0.037675805389881134, -0.12816259264945984, 0.039222463965415955, 0.9909772276878357),
            ["RightLowerLeg"] = CFrame.new(7.450580596923828e-08, 1.7881393432617188e-07, -1.0633812053129077e-07, 1, -1.0430815677864302e-07, -1.0058288779646318e-07, 1.1175870895385742e-07, 0.7205972671508789, 0.6933537721633911, -4.0978193283081055e-08, -0.6933540105819702, 0.720597505569458),
