return {
    ["Statuesque"] = {
        {Time = 0.000, Data = {
            ["RightFoot"] = CFrame.new(-1.3737007975578308e-08, 2.980232238769531e-07, -8.66566551849246e-08, 0.9998596906661987, 0.013611705973744392, 0.009769300930202007, -0.013599556870758533, 0.9999067783355713, -0.0012965333880856633, -0.009785987436771393, 0.0011639314470812678, 0.9999514818191528),
            ["LeftLowerArm"] = CFrame.new(2.384185791015625e-07, 2.980232238769531e-07, -7.450580596923828e-07, 1, -1.769513779947829e-08, 7.450581485102248e-09, 1.1175869119028903e-08, 0.9805248379707336, -0.19639521837234497, -1.4901159417490817e-08, 0.1963951736688614, 0.9805248379707336),
            ["RightUpperArm"] = CFrame.new(0, 0, 1.4901161193847656e-08, -0.1863882690668106, -0.6745187640190125, -0.7143416404724121, 0.6093257665634155, 0.49099603295326233, -0.622611403465271, 0.7707020044326782, -0.5513142347335815, 0.319485604763031),
            ["Head"] = CFrame.new(-1.043081283569336e-07, 0.0000010728836059570312, -2.3096799850463867e-07, 0.8482268452644348, 0.4807754456996918, 0.22218531370162964, -0.024498792365193367, 0.45467501878738403, -0.8903204202651978, -0.5290663242340088, 0.7497503757476807, 0.3974458575248718),
            ["RightHand"] = CFrame.new(0, -1.7881393432617188e-07, 6.258487701416016e-07, 0.8774317502975464, -0.3526029884815216, 0.3252454400062561, 0.32137784361839294, 0.9354503154754639, 0.1471363753080368, -0.3561317026615143, -0.024575410410761833, 0.9341126084327698),
            ["UpperTorso"] = CFrame.new(-1.7695128917694092e-07, 7.450580596923828e-07, 1.4901161193847656e-07, 0.9716516733169556, 0.09369562566280365, -0.21705803275108337, -0.1826939433813095, 0.8802996277809143, -0.43783068656921387, 0.1500532478094101, 0.4650741219520569, 0.8724621534347534),
            ["HumanoidRootPart"] = CFrame.new(0, 0, 0, 1, 0, 0, 0, 1, 0, 0, 0, 1),
            ["RightUpperLeg"] = CFrame.new(-8.940696716308594e-08, 2.421438694000244e-07, 2.516244421713054e-07, 0.9238531589508057, -0.3483976423740387, 0.15847578644752502, 0.2692330479621887, 0.885831356048584, 0.3779105544090271, -0.27204591035842896, -0.3064669072628021, 0.9121782183647156),
            ["LeftUpperArm"] = CFrame.new(5.960464477539063e-08, -3.5762786865234375e-07, 1.1920928955078125e-07, 0.6358720660209656, 0.6157695651054382, -0.4652896225452423, -0.13789549469947815, -0.5025237798690796, -0.853495717048645, -0.7593758702278137, 0.6068753004074097, -0.23462900519371033),
            ["RightLowerArm"] = CFrame.new(-1.7881393432617188e-07, 9.5367431640625e-07, 4.470348358154297e-07, 1, -1.564622067462551e-07, 2.2351745343485163e-08, 7.4505820180093e-08, 0.8150138854980469, -0.5794414281845093, 4.4703494239684005e-08, 0.5794414281845093, 0.8150140047073364),
            ["LeftHand"] = CFrame.new(-1.4901161193847656e-07, 2.384185791015625e-07, -9.238719940185547e-07, 0.4292615056037903, -0.007193881087005138, 0.9031516909599304, -0.25391876697540283, 0.9586756229400635, 0.12832191586494446, -0.866752564907074, -0.2844107449054718, 0.4096956253051758),
            ["LeftFoot"] = CFrame.new(1.4901161193847656e-08, 0, 2.8870999813079834e-08, 0.9999415278434753, -0.009682901203632355, -0.004815731197595596, 0.010484286583960056, 0.9771653413772583, 0.21222229301929474, 0.0026511892210692167, -0.21226005256175995, 0.9772095680236816),
            ["LowerTorso"] = CFrame.new(-0.2279895544052124, 0.09394669532775879, -0.503113329410553, 0.8654621243476868, 0.18302415311336517, -0.46634480357170105, -0.009780682623386383, 0.9368711709976196, 0.34953799843788147, 0.5008788704872131, -0.29795074462890625, 0.8126166462898254),
            ["RightLowerLeg"] = CFrame.new(-2.868473529815674e-07, -0.0000037550926208496094, -0.000013245437003206462, 1, -0.0000010281796676281374, -6.92904393417848e-07, 8.74512011250772e-07, 0.2040131539106369, 0.97896808385849, -7.67409915169992e-07, -0.9789681434631348, 0.20401379466056824),
            ["LeftUpperLeg"] = CFrame.new(5.960464477539063e-08, 3.948807716369629e-07, 2.9802322387695312e-08, 0.8238072991371155, -0.055574096739292145, 0.5641390681266785, 0.2983494699001312, 0.8887031078338623, -0.34812992811203003, -0.4820052981376648, 0.4551025629043579, 0.7487006783485413),
            ["LeftLowerLeg"] = CFrame.new(6.332993507385254e-08, 0.000004112720489501953, 0.000013314187526702881, 1, 1.0058283805847168e-07, -1.303851426825986e-08, -5.029141902923584e-08, 0.8648121953010559, 0.5020957589149475, -1.6763806343078613e-08, -0.5020955204963684, 0.8648120164871216),
        }},
        {Time = 0.033, Data = {
            ["RightFoot"] = CFrame.new(4.6798959374427795e-08, 4.172325134277344e-07, 5.216861609369516e-09, 0.9998596906661987, 0.013611312955617905, 0.00976908765733242, -0.013599163852632046, 0.9999067783355713, -0.0012857900001108646, -0.009785671718418598, 0.0011533042415976524, 0.9999515414237976),
            ["LeftLowerArm"] = CFrame.new(2.384185791015625e-07, 0.0000017881393432617188, -0.0000012218952178955078, 1, -3.8184236217375656e-08, -7.450583261459087e-09, -5.5879341154252415e-09, 0.9805248975753784, -0.19639500975608826, -7.450578820566989e-09, 0.19639502465724945, 0.9805248975753784),
            ["RightUpperArm"] = CFrame.new(0, 1.1920928955078125e-07, -5.960464477539063e-08, -0.18638792634010315, -0.6745191812515259, -0.7143412828445435, 0.6093254089355469, 0.4909961521625519, -0.6226117014884949, 0.7707023620605469, -0.5513135194778442, 0.3194858431816101),
            ["Head"] = CFrame.new(-1.4156103134155273e-07, 0.0000011920928955078125, -1.043081283569336e-07, 0.8482255935668945, 0.4807747006416321, 0.22219134867191315, -0.02450445666909218, 0.4546927213668823, -0.8903112411499023, -0.5290679335594177, 0.7497401833534241, 0.39746302366256714),
            ["RightHand"] = CFrame.new(4.172325134277344e-07, 1.1920928955078125e-07, 0.0000010132789611816406, 0.8774318695068359, -0.35260283946990967, 0.3252457082271576, 0.321377694606781, 0.9354503750801086, 0.14713646471500397, -0.3561318516731262, -0.024575479328632355, 0.934112548828125),
            ["UpperTorso"] = CFrame.new(-6.51925802230835e-08, 8.642673492431641e-07, 1.4901161193847656e-07, 0.9716516137123108, 0.09369556605815887, -0.21705828607082367, -0.18269400298595428, 0.8802996277809143, -0.4378306567668915, 0.1500534564256668, 0.4650741219520569, 0.8724620342254639),
            ["HumanoidRootPart"] = CFrame.new(0, 0, 0, 1, 0, 0, 0, 1, 0, 0, 0, 1),
            ["RightUpperLeg"] = CFrame.new(1.7881393432617188e-07, 5.811452865600586e-07, -9.85528458841145e-08, 0.9238532781600952, -0.3483975827693939, 0.15847532451152802, 0.2692330479621887, 0.8858311176300049, 0.3779113292694092, -0.2720456123352051, -0.3064677119255066, 0.9121779203414917),
            ["LeftUpperArm"] = CFrame.new(0, 2.384185791015625e-07, 8.940696716308594e-08, 0.6358879804611206, 0.6158040761947632, -0.46522223949432373, -0.13787686824798584, -0.5024520754814148, -0.8535409569740295, -0.7593659162521362, 0.6068997383117676, -0.23459811508655548),
            ["RightLowerArm"] = CFrame.new(2.980232238769531e-07, -5.960464477539063e-08, 6.258487701416016e-07, 1, -1.0430814256778831e-07, -1.4901157641133977e-08, 5.21540641784668e-08, 0.8150143027305603, -0.5794409513473511, 2.9802322387695312e-08, 0.5794409513473511, 0.8150142431259155),
            ["LeftHand"] = CFrame.new(-2.384185791015625e-07, -5.960464477539063e-08, -1.7881393432617188e-07, 0.42925819754600525, -0.007208766415715218, 0.903153121471405, -0.2539169192314148, 0.9586741924285889, 0.12833580374717712, -0.8667546510696411, -0.28441497683525085, 0.40968838334083557),
            ["LeftFoot"] = CFrame.new(-1.6763806343078613e-08, 1.1920928955078125e-07, -5.122274160385132e-09, 0.9999415278434753, -0.009683569893240929, -0.004815938416868448, 0.010485039092600346, 0.9771625995635986, 0.21223460137844086, 0.002651029033586383, -0.21227264404296875, 0.9772069454193115),
            ["LowerTorso"] = CFrame.new(-0.2279895544052124, 0.09395480155944824, -0.5031185150146484, 0.865462064743042, 0.18302422761917114, -0.466344952583313, -0.009780671447515488, 0.9368711113929749, 0.349538117647171, 0.5008790493011475, -0.297950804233551, 0.8126165270805359),
            ["RightLowerLeg"] = CFrame.new(2.905726432800293e-07, -0.0000035762786865234375, -0.000013297591067384928, 1, -9.834762977334321e-07, -6.742778850821196e-07, 8.938367273003678e-07, 0.20402434468269348, 0.9789657592773438, -7.823108489901642e-07, -0.9789658784866333, 0.20402494072914124),
            ["LeftUpperLeg"] = CFrame.new(3.8743019104003906e-07, 9.387731552124023e-07, -2.9802322387695312e-08, 0.823807418346405, -0.055583175271749496, 0.5641380548477173, 0.29834893345832825, 0.8887091875076294, -0.34811490774154663, -0.48200538754463196, 0.45508962869644165, 0.7487084865570068),
            ["LeftLowerLeg"] = CFrame.new(1.5273690223693848e-07, 0.0000040531158447265625, 0.000013384968042373657, 1, 1.452863784834335e-07, 1.3038517820973539e-08, -8.33533917443674e-08, 0.8648270964622498, 0.5020700097084045, 3.445894236620006e-08, -0.502069890499115, 0.864827036857605),
        }},
        {Time = 0.067, Data = {
            ["RightFoot"] = CFrame.new(-3.3760443329811096e-08, 4.172325134277344e-07, 1.3440876500681043e-07, 0.9998597502708435, 0.013611032627522945, 0.00976905319839716, -0.013599042780697346, 0.9999067783355713, -0.0012752838665619493, -0.009785428643226624, 0.001142646768130362, 0.9999515414237976),
            ["LeftLowerArm"] = CFrame.new(-5.960464477539063e-08, 0.0000015497207641601562, -7.152557373046875e-07, 1, -2.8871021129361907e-08, 0, 7.4505797087454084e-09, 0.9805248379707336, -0.19639521837234497, -7.4505797087454084e-09, 0.1963951587677002, 0.9805248975753784),
            ["RightUpperArm"] = CFrame.new(0, 7.152557373046875e-07, -5.960464477539063e-08, -0.18638913333415985, -0.6745191216468811, -0.7143411040306091, 0.6093212366104126, 0.4909985065460205, -0.6226139068603516, 0.7707053422927856, -0.5513115525245667, 0.31948187947273254),
            ["Head"] = CFrame.new(-1.6391277313232422e-07, 0.0000013113021850585938, -1.9371509552001953e-07, 0.8482255339622498, 0.4807721972465515, 0.22219735383987427, -0.024507317692041397, 0.4547077417373657, -0.8903034925460815, -0.5290679931640625, 0.7497326731681824, 0.39747703075408936),
            ["RightHand"] = CFrame.new(-5.960464477539063e-08, -1.1920928955078125e-07, 2.9802322387695312e-08, 0.8774318695068359, -0.35260289907455444, 0.32524538040161133, 0.3213777244091034, 0.9354503154754639, 0.14713653922080994, -0.35613179206848145, -0.02457566000521183, 0.934112548828125),
            ["UpperTorso"] = CFrame.new(-1.3597309589385986e-07, 5.066394805908203e-07, 2.9802322387695312e-08, 0.9716517329216003, 0.09369559586048126, -0.21705810725688934, -0.1826939731836319, 0.8802995681762695, -0.4378306269645691, 0.15005341172218323, 0.46507418155670166, 0.8724620938301086),
            ["HumanoidRootPart"] = CFrame.new(0, 0, 0, 1, 0, 0, 0, 1, 0, 0, 0, 1),
            ["RightUpperLeg"] = CFrame.new(5.960464477539063e-08, -9.685754776000977e-08, -3.894820110872388e-08, 0.9238532781600952, -0.34839755296707153, 0.15847520530223846, 0.26923295855522156, 0.8858311176300049, 0.37791094183921814, -0.27204522490501404, -0.3064676821231842, 0.912178099155426),
            ["LeftUpperArm"] = CFrame.new(-3.5762786865234375e-07, -1.1920928955078125e-07, 2.9802322387695312e-08, 0.6359049081802368, 0.6158372759819031, -0.46515509486198425, -0.13785482943058014, -0.5023838877677917, -0.8535845279693604, -0.7593556642532349, 0.6069225072860718, -0.23457223176956177),
            ["RightLowerArm"] = CFrame.new(2.384185791015625e-07, -1.7881393432617188e-07, 4.76837158203125e-07, 1, -1.0430815677864302e-07, -3.725290298461914e-08, 8.940696716308594e-08, 0.8150140047073364, -0.579441249370575, 1.4901161193847656e-08, 0.579441249370575, 0.8150140047073364),
            ["LeftHand"] = CFrame.new(-3.5762786865234375e-07, -5.364418029785156e-07, -2.682209014892578e-07, 0.42928895354270935, -0.007214637473225594, 0.9031383991241455, -0.2539159059524536, 0.958672285079956, 0.12835220992565155, -0.8667397499084473, -0.2844213545322418, 0.4097154140472412),
            ["LeftFoot"] = CFrame.new(-6.891787052154541e-08, 0, -2.7474015951156616e-08, 0.9999415874481201, -0.009683703072369099, -0.004816114436835051, 0.010485311038792133, 0.9771603941917419, 0.21224462985992432, 0.0026510769966989756, -0.2122827172279358, 0.9772047400474548),
            ["LowerTorso"] = CFrame.new(-0.2279895544052124, 0.0939626693725586, -0.5031236410140991, 0.865462064743042, 0.18302419781684875, -0.4663448929786682, -0.00978067610412836, 0.9368711113929749, 0.34953805804252625, 0.5008789300918579, -0.29795077443122864, 0.8126165866851807),
            ["RightLowerLeg"] = CFrame.new(1.4901161193847656e-08, -0.000003814697265625, -0.00001333856926066801, 1, -9.462229400014621e-07, -6.593765533580154e-07, 8.395873010158539e-07, 0.20403409004211426, 0.9789636135101318, -7.82310962677002e-07, -0.9789637923240662, 0.2040349394083023),
            ["LeftUpperLeg"] = CFrame.new(0, 2.7567148208618164e-07, -1.1920928955078125e-07, 0.8238075971603394, -0.05559113994240761, 0.5641371011734009, 0.298348605632782, 0.8887143731117249, -0.348101943731308, -0.4820055067539215, 0.4550785720348358, 0.7487151026725769),
            ["LeftLowerLeg"] = CFrame.new(-3.725290298461914e-09, 0.000004112720489501953, 0.000013280659914016724, 1, 9.313224325069314e-08, 2.60770320892334e-08, -8.381903171539307e-08, 0.8648396730422974, 0.5020483732223511, 2.8870999813079834e-08, -0.502048134803772, 0.8648396134376526),
        }},
        {Time = 0.100, Data = {
            ["RightFoot"] = CFrame.new(-2.3981556296348572e-08, 2.384185791015625e-07, -1.0248913895338774e-07, 0.9998597502708435, 0.01360973622649908, 0.009768112562596798, -0.013597770594060421, 0.9999067187309265, -0.0012854431988671422, -0.009784725494682789, 0.0011529956245794892, 0.9999514818191528),
            ["LeftLowerArm"] = CFrame.new(-2.980232238769531e-07, 1.1920928955078125e-07, -4.172325134277344e-07, 1, -2.980233659855003e-08, 7.450581485102248e-09, 1.6763804566721774e-08, 0.9805248379707336, -0.19639502465724945, -7.4505797087454084e-09, 0.19639505445957184, 0.9805248975753784),
            ["RightUpperArm"] = CFrame.new(1.1920928955078125e-07, 3.5762786865234375e-07, 4.470348358154297e-08, -0.18638907372951508, -0.6745187044143677, -0.7143413424491882, 0.6093166470527649, 0.49100208282470703, -0.62261563539505, 0.7707089781761169, -0.5513088703155518, 0.3194781243801117),
            ["Head"] = CFrame.new(-9.685754776000977e-08, 8.344650268554688e-07, -1.1175870895385742e-07, 0.8482258319854736, 0.48077166080474854, 0.22219747304916382, -0.02450401894748211, 0.45470356941223145, -0.890305757522583, -0.5290676355361938, 0.7497354745864868, 0.39747217297554016),
            ["RightHand"] = CFrame.new(-1.7881393432617188e-07, -5.960464477539063e-08, 1.4901161193847656e-07, 0.8774317502975464, -0.3526029884815216, 0.32524558901786804, 0.32137781381607056, 0.9354503750801086, 0.1471364051103592, -0.35613182187080383, -0.024575451388955116, 0.9341126084327698),
            ["UpperTorso"] = CFrame.new(-9.12696123123169e-08, 6.258487701416016e-07, 2.9802322387695312e-08, 0.9716517329216003, 0.09369555860757828, -0.217058002948761, -0.18269385397434235, 0.8802995681762695, -0.43783071637153625, 0.15005329251289368, 0.4650741517543793, 0.8724621534347534),
            ["HumanoidRootPart"] = CFrame.new(0, 0, 0, 1, 0, 0, 0, 1, 0, 0, 0, 1),
            ["RightUpperLeg"] = CFrame.new(1.1920928955078125e-07, 8.530914783477783e-07, 2.3672328097745776e-07, 0.923853874206543, -0.3483942151069641, 0.15847915410995483, 0.26923245191574097, 0.8858368396759033, 0.3778979778289795, -0.2720440924167633, -0.30645498633384705, 0.9121828079223633),
            ["LeftUpperArm"] = CFrame.new(0, -2.384185791015625e-07, 1.4901161193847656e-07, 0.6358827948570251, 0.6158847212791443, -0.46512269973754883, -0.13782666623592377, -0.5023518800735474, -0.8536078929901123, -0.7593793869018555, 0.6069008708000183, -0.2345515489578247),
            ["RightLowerArm"] = CFrame.new(7.152557373046875e-07, 5.364418029785156e-07, 8.940696716308594e-07, 1, -1.266598843585598e-07, 7.450579886381092e-08, 7.450581307466564e-08, 0.8150137662887573, -0.5794416666030884, 4.4703490686970326e-08, 0.5794416069984436, 0.8150137662887573),
            ["LeftHand"] = CFrame.new(-5.960464477539063e-08, 4.172325134277344e-07, -4.172325134277344e-07, 0.42931923270225525, -0.007220922037959099, 0.9031239748001099, -0.25391462445259094, 0.9586703181266785, 0.12836888432502747, -0.8667250871658325, -0.28442761301994324, 0.4097420871257782),
            ["LeftFoot"] = CFrame.new(5.587935447692871e-09, -1.1920928955078125e-07, 1.7229467630386353e-08, 0.9999415874481201, -0.009683245792984962, -0.004815874621272087, 0.010484790429472923, 0.9771605730056763, 0.2122434824705124, 0.0026509733870625496, -0.21228186786174774, 0.9772050380706787),
            ["LowerTorso"] = CFrame.new(-0.2279895544052124, 0.0939626693725586, -0.503110408782959, 0.865462064743042, 0.18302419781684875, -0.466344952583313, -0.009780636988580227, 0.9368711113929749, 0.34953808784484863, 0.5008789896965027, -0.297950804233551, 0.8126165270805359),
            ["RightLowerLeg"] = CFrame.new(5.21540641784668e-08, -0.000003635883331298828, -0.000013249162293504924, 1, -9.313220061812899e-07, -6.742777713952819e-07, 8.298083002955536e-07, 0.20401005446910858, 0.978968620300293, -6.929039386704972e-07, -0.9789688587188721, 0.20401108264923096),
            ["LeftUpperLeg"] = CFrame.new(-1.1920928955078125e-07, 8.121132850646973e-07, -1.1920928955078125e-07, 0.8238073587417603, -0.05558057129383087, 0.5641384124755859, 0.2983491122722626, 0.8887073993682861, -0.34811925888061523, -0.48200538754463196, 0.4550934433937073, 0.7487061619758606),
            ["LeftLowerLeg"] = CFrame.new(7.450580596923828e-08, 0.0000035762786865234375, 0.000013202428817749023, 1, 1.3969838619232178e-07, 1.4901162970204496e-08, -9.778889165090732e-08, 0.8648293614387512, 0.5020663738250732, 2.7939683899802503e-09, -0.502065896987915, 0.8648291826248169),
        }},
        {Time = 0.133, Data = {
            ["RightFoot"] = CFrame.new(-9.499490261077881e-08, 3.5762786865234375e-07, -2.9358488973230124e-08, 0.9998596906661987, 0.013608579523861408, 0.009767311625182629, -0.013596470467746258, 0.9999067187309265, -0.0012959999730810523, -0.009783986024558544, 0.0011635576374828815, 0.9999515414237976),
            ["LeftLowerArm"] = CFrame.new(1.7881393432617188e-07, -7.748603820800781e-07, -6.556510925292969e-07, 1, -1.676381344850597e-08, 0, -7.450580596923828e-09, 0.9805248379707336, -0.19639521837234497, 1.4901161193847656e-08, 0.1963951587677002, 0.9805248975753784),
            ["RightUpperArm"] = CFrame.new(0, 7.152557373046875e-07, 1.4901161193847656e-08, -0.18638958036899567, -0.6745188236236572, -0.7143411636352539, 0.6093127727508545, 0.4910045564174652, -0.6226175427436829, 0.7707119584083557, -0.5513066053390503, 0.3194747567176819),
            ["Head"] = CFrame.new(-8.940696716308594e-08, 9.5367431640625e-07, -9.685754776000977e-08, 0.8482261300086975, 0.480771005153656, 0.22219768166542053, -0.024500912055373192, 0.45469996333122253, -0.8903076648712158, -0.5290673971176147, 0.7497380971908569, 0.39746761322021484),
            ["RightHand"] = CFrame.new(2.384185791015625e-07, -2.384185791015625e-07, 8.046627044677734e-07, 0.8774316906929016, -0.35260316729545593, 0.32524573802948, 0.3213779330253601, 0.9354501962661743, 0.14713650941848755, -0.35613200068473816, -0.02457544393837452, 0.934112548828125),
            ["UpperTorso"] = CFrame.new(-3.166496753692627e-08, 1.7881393432617188e-07, 1.1175870895385742e-07, 0.9716516733169556, 0.09369558095932007, -0.21705806255340576, -0.18269391357898712, 0.8802995681762695, -0.43783071637153625, 0.15005332231521606, 0.4650741517543793, 0.8724620938301086),
            ["HumanoidRootPart"] = CFrame.new(0, 0, 0, 1, 0, 0, 0, 1, 0, 0, 0, 1),
            ["RightUpperLeg"] = CFrame.new(1.1920928955078125e-07, -5.513429641723633e-07, 1.3205863069742918e-08, 0.9238544702529907, -0.3483910858631134, 0.15848273038864136, 0.26923173666000366, 0.8858420252799988, 0.3778863251209259, -0.27204281091690063, -0.30644333362579346, 0.9121869802474976),
            ["LeftUpperArm"] = CFrame.new(5.960464477539063e-08, 0, 2.086162567138672e-07, 0.6358832716941833, 0.6158842444419861, -0.4651225805282593, -0.13782280683517456, -0.5023550987243652, -0.8536067008972168, -0.7593796849250793, 0.6068987250328064, -0.23455631732940674),
            ["RightLowerArm"] = CFrame.new(-3.2782554626464844e-07, 0, 7.152557373046875e-07, 1, -5.21540641784668e-08, 7.450580596923828e-09, 4.470347647611561e-08, 0.815014123916626, -0.5794410705566406, 4.470347647611561e-08, 0.5794410705566406, 0.815014123916626),
            ["LeftHand"] = CFrame.new(-1.1920928955078125e-07, -0.0000011920928955078125, -3.2782554626464844e-07, 0.4293496310710907, -0.0072267381474375725, 0.9031094908714294, -0.2539140582084656, 0.9586682915687561, 0.12838535010814667, -0.8667103052139282, -0.28443443775177, 0.40976881980895996),
            ["LeftFoot"] = CFrame.new(-1.4901161193847656e-08, -5.960464477539063e-08, -4.936009645462036e-08, 0.9999415278434753, -0.009682347998023033, -0.004815570544451475, 0.010483808815479279, 0.9771610498428345, 0.21224220097064972, 0.002650892361998558, -0.21227988600730896, 0.977205216884613),
            ["LowerTorso"] = CFrame.new(-0.2279895544052124, 0.09396243095397949, -0.5030971169471741, 0.865462064743042, 0.18302419781684875, -0.4663449227809906, -0.009780666790902615, 0.9368711113929749, 0.349538117647171, 0.5008789896965027, -0.2979508340358734, 0.8126165866851807),
            ["RightLowerLeg"] = CFrame.new(-1.564621925354004e-07, -0.0000037550926208496094, -0.00001326033816440031, 1, -0.0000010430810561956605, -7.338828140746045e-07, 9.366775657326798e-07, 0.20398695766925812, 0.9789735674858093, -8.34464913168631e-07, -0.9789736866950989, 0.20398768782615662),
            ["LeftUpperLeg"] = CFrame.new(2.682209014892578e-07, 3.203749656677246e-07, 1.4901161193847656e-07, 0.8238070607185364, -0.05556933581829071, 0.5641397833824158, 0.29834991693496704, 0.8886998295783997, -0.3481379449367523, -0.4820053279399872, 0.45510950684547424, 0.7486964464187622),
            ["LeftLowerLeg"] = CFrame.new(-5.587935447692871e-08, 0.000003993511199951172, 0.000013247132301330566, 1, 6.332992796842518e-08, 3.539024362453347e-08, -5.96046660916727e-08, 0.8648176789283752, 0.5020861625671387, 4.4703497792397684e-08, -0.5020859241485596, 0.8648176193237305),
        }},
        {Time = 0.167, Data = {
            ["RightFoot"] = CFrame.new(-4.7031790018081665e-08, 4.172325134277344e-07, -1.507578417658806e-08, 0.9998598098754883, 0.013607369735836983, 0.00976626481860876, -0.0135949132964015, 0.9999068379402161, -0.0013061476638540626, -0.009783009998500347, 0.0011738025350496173, 0.9999515414237976),
            ["LeftLowerArm"] = CFrame.new(3.2782554626464844e-07, 9.5367431640625e-07, -0.0000010728836059570312, 1, -1.5832490873890492e-08, 7.450582373280668e-09, 1.6763804566721774e-08, 0.9805247783660889, -0.1963953822851181, 7.4505797087454084e-09, 0.19639547169208527, 0.9805248379707336),
            ["RightUpperArm"] = CFrame.new(0, 2.384185791015625e-07, 5.960464477539063e-08, -0.18639053404331207, -0.6745189428329468, -0.7143408060073853, 0.6093084812164307, 0.4910067915916443, -0.6226198673248291, 0.7707151174545288, -0.5513043403625488, 0.3194710612297058),
            ["Head"] = CFrame.new(-1.043081283569336e-07, 0.0000013113021850585938, -1.341104507446289e-07, 0.8482264280319214, 0.48077133297920227, 0.22219569981098175, -0.024495352059602737, 0.4546889066696167, -0.890313446521759, -0.5290670394897461, 0.7497446537017822, 0.3974558115005493),
            ["RightHand"] = CFrame.new(1.7881393432617188e-07, 1.1920928955078125e-07, 8.940696716308594e-08, 0.8774318695068359, -0.35260313749313354, 0.32524532079696655, 0.3213779628276825, 0.9354502558708191, 0.14713649451732635, -0.35613158345222473, -0.024575524032115936, 0.9341126680374146),
            ["UpperTorso"] = CFrame.new(-2.2351741790771484e-08, 4.172325134277344e-07, 1.2665987014770508e-07, 0.9716517329216003, 0.09369563311338425, -0.2170579731464386, -0.18269392848014832, 0.8802995681762695, -0.43783074617385864, 0.15005327761173248, 0.4650741517543793, 0.8724620342254639),
            ["HumanoidRootPart"] = CFrame.new(0, 0, 0, 1, 0, 0, 0, 1, 0, 0, 0, 1),
            ["RightUpperLeg"] = CFrame.new(5.960464477539063e-08, 1.1920928955078125e-07, 1.7711863620206714e-07, 0.9238550662994385, -0.348387748003006, 0.1584867388010025, 0.2692309617996216, 0.8858476877212524, 0.37787383794784546, -0.272041380405426, -0.3064310848712921, 0.9121915698051453),
            ["LeftUpperArm"] = CFrame.new(1.1920928955078125e-07, -1.1920928955078125e-07, 1.4901161193847656e-07, 0.6358838081359863, 0.6158843636512756, -0.465121865272522, -0.13781730830669403, -0.502358615398407, -0.8536054491996765, -0.7593802213668823, 0.6068956851959229, -0.2345622181892395),
            ["RightLowerArm"] = CFrame.new(2.980232238769531e-07, 1.1920928955078125e-07, 8.642673492431641e-07, 1, -1.4901162970204496e-08, -7.450581485102248e-09, 0, 0.8150142431259155, -0.5794409513473511, 1.4901164746561335e-08, 0.5794409513473511, 0.8150142431259155),
            ["LeftHand"] = CFrame.new(-1.7881393432617188e-07, 5.960464477539063e-08, -0.0000011622905731201172, 0.4293801486492157, -0.007232772186398506, 0.903095006942749, -0.25391292572021484, 0.9586664438247681, 0.12840178608894348, -0.8666955232620239, -0.2844404876232147, 0.40979570150375366),
            ["LeftFoot"] = CFrame.new(-9.313225746154785e-09, 0, 8.847564458847046e-09, 0.9999415874481201, -0.00968179851770401, -0.004815489519387484, 0.010483277030289173, 0.9771612286567688, 0.212241068482399, 0.0026508925948292017, -0.21227873861789703, 0.9772055149078369),
            ["LowerTorso"] = CFrame.new(-0.2279895544052124, 0.0939626693725586, -0.5030840635299683, 0.865462064743042, 0.18302419781684875, -0.4663449227809906, -0.009780660271644592, 0.9368711113929749, 0.349538117647171, 0.5008789896965027, -0.2979508340358734, 0.8126165866851807),
            ["RightLowerLeg"] = CFrame.new(-2.980232238769531e-07, -0.0000034570693969726562, -0.000013409349776338786, 1, -9.685750228527468e-07, -7.003551445450285e-07, 8.579808081776719e-07, 0.20396378636360168, 0.9789783358573914, -7.525085266024689e-07, -0.9789783954620361, 0.20396463572978973),
            ["LeftUpperLeg"] = CFrame.new(2.086162567138672e-07, 5.960464477539062e-07, -8.940696716308594e-08, 0.8238069415092468, -0.05555950105190277, 0.5641411542892456, 0.2983505129814148, 0.8886932730674744, -0.348154217004776, -0.4820052981376648, 0.4551233947277069, 0.7486879229545593),
            ["LeftLowerLeg"] = CFrame.new(-3.725290298461914e-09, 0.000003635883331298828, 0.000013280659914016724, 1, 8.009374852235851e-08, 5.21540641784668e-08, -1.0197980770954018e-07, 0.8648081421852112, 0.5021020770072937, 4.8894428061885264e-08, -0.5021025538444519, 0.8648084402084351),
        }},
        {Time = 0.200, Data = {
            ["RightFoot"] = CFrame.new(1.1641532182693481e-09, 2.384185791015625e-07, -1.1919473763555288e-07, 0.9998598098754883, 0.013606048189103603, 0.009765300899744034, -0.01359382551163435, 0.9999067783355713, -0.001317107118666172, -0.009782410226762295, 0.0011846857378259301, 0.9999514818191528),
            ["LeftLowerArm"] = CFrame.new(2.980232238769531e-07, -5.960464477539062e-07, -0.000001341104507446289, 1, -1.3969843948302696e-08, -7.450583261459087e-09, 7.4505797087454084e-09, 0.9805248975753784, -0.19639523327350616, -1.4901159417490817e-08, 0.19639535248279572, 0.9805248379707336),
            ["RightUpperArm"] = CFrame.new(0, 4.76837158203125e-07, -7.450580596923828e-08, -0.1863907128572464, -0.6745190620422363, -0.7143408060073853, 0.6093038320541382, 0.4910100996494293, -0.6226218938827515, 0.7707187533378601, -0.5513014197349548, 0.3194672167301178),
            ["Head"] = CFrame.new(4.470348358154297e-08, 3.5762786865234375e-07, -1.1175870895385742e-07, 0.84822678565979, 0.48077166080474854, 0.22219350934028625, -0.02449026331305504, 0.4546780586242676, -0.8903191089630127, -0.5290666818618774, 0.7497509121894836, 0.39744430780410767),
            ["RightHand"] = CFrame.new(-2.384185791015625e-07, 0, 8.642673492431641e-07, 0.8774318099021912, -0.35260283946990967, 0.32524582743644714, 0.32137760519981384, 0.9354503154754639, 0.14713643491268158, -0.3561319410800934, -0.024575507268309593, 0.9341124892234802),
            ["UpperTorso"] = CFrame.new(1.1175870895385742e-08, 4.470348358154297e-07, 4.470348358154297e-08, 0.9716512560844421, 0.09370815008878708, -0.217054545879364, -0.18269431591033936, 0.8803263902664185, -0.43777647614479065, 0.15005558729171753, 0.4650207459926605, 0.8724901676177979),
            ["HumanoidRootPart"] = CFrame.new(0, 0, 0, 1, 0, 0, 0, 1, 0, 0, 0, 1),
            ["RightUpperLeg"] = CFrame.new(3.5762786865234375e-07, -9.648501873016357e-07, -6.129994289949536e-08, 0.9238555431365967, -0.34838443994522095, 0.15849056839942932, 0.2692304253578186, 0.885853111743927, 0.3778611421585083, -0.2720402777194977, -0.30641883611679077, 0.9121960401535034),
            ["LeftUpperArm"] = CFrame.new(-1.1920928955078125e-07, -5.960464477539062e-07, 1.7881393432617188e-07, 0.6358836889266968, 0.6158846020698547, -0.46512162685394287, -0.13781344890594482, -0.5023613572120667, -0.8536044955253601, -0.7593809366226196, 0.6068931221961975, -0.23456618189811707),
            ["RightLowerArm"] = CFrame.new(5.960464477539063e-08, 0, 9.238719940185547e-07, 1, -5.960467319710006e-08, 0, 2.980232949312267e-08, 0.8150139451026917, -0.5794414281845093, 2.980232949312267e-08, 0.5794415473937988, 0.8150138854980469),
            ["LeftHand"] = CFrame.new(-2.086162567138672e-07, -5.960464477539063e-08, -1.1920928955078125e-07, 0.4294108748435974, -0.007238816004246473, 0.9030802845954895, -0.25391149520874023, 0.9586646556854248, 0.12841816246509552, -0.8666806221008301, -0.2844465970993042, 0.40982282161712646),
            ["LeftFoot"] = CFrame.new(-5.029141902923584e-08, 5.960464477539063e-08, 1.3969838619232178e-08, 0.9999415874481201, -0.00968086440116167, -0.004815280437469482, 0.01048229355365038, 0.9771617650985718, 0.21223844587802887, 0.0026507473085075617, -0.2122761756181717, 0.9772060513496399),
            ["LowerTorso"] = CFrame.new(-0.2279895544052124, 0.09396243095397949, -0.5030707120895386, 0.865462064743042, 0.18302419781684875, -0.4663449227809906, -0.009780660271644592, 0.9368711113929749, 0.349538117647171, 0.5008789896965027, -0.2979508340358734, 0.8126165866851807),
            ["RightLowerLeg"] = CFrame.new(-3.203749656677246e-07, -0.0000036954879760742188, -0.000013308766938280314, 1, -9.462232810619753e-07, -6.482011940533994e-07, 8.619390428066254e-07, 0.20393964648246765, 0.9789832830429077, -7.748603820800781e-07, -0.9789835214614868, 0.20394067466259003),
            ["LeftUpperLeg"] = CFrame.new(3.2782554626464844e-07, -2.1606683731079102e-07, 5.960464477539063e-08, 0.8238067626953125, -0.05554746836423874, 0.5641427040100098, 0.2983514368534088, 0.8886852860450745, -0.34817400574684143, -0.48200511932373047, 0.455140620470047, 0.7486774921417236),
            ["LeftLowerLeg"] = CFrame.new(7.450580596923828e-08, 0.000004112720489501953, 0.000013295561075210571, 1, 8.195640788244418e-08, 2.980232594040899e-08, -7.264317503086204e-08, 0.8647952079772949, 0.5021243095397949, 3.445894236620006e-08, -0.5021246671676636, 0.8647955060005188),
        }},
        {Time = 0.233, Data = {
            ["RightFoot"] = CFrame.new(-1.7695128917694092e-08, 3.5762786865234375e-07, -6.059417501091957e-08, 0.9998598098754883, 0.013605832122266293, 0.00976513046771288, -0.013593253679573536, 0.9999067783355713, -0.0013288083719089627, -0.009782344102859497, 0.0011960804695263505, 0.9999515414237976),
            ["LeftLowerArm"] = CFrame.new(-1.1920928955078125e-07, -7.152557373046875e-07, -7.748603820800781e-07, 1, -7.450582373280668e-09, -7.450581485102248e-09, -5.587932783157612e-09, 0.9805248379707336, -0.19639526307582855, -7.450577044210149e-09, 0.19639530777931213, 0.9805248379707336),
            ["RightUpperArm"] = CFrame.new(1.1920928955078125e-07, 1.1920928955078125e-07, -7.450580596923828e-08, -0.18639135360717773, -0.6745185256004333, -0.7143411040306091, 0.6092994809150696, 0.49101316928863525, -0.62262362241745, 0.7707219123840332, -0.5512992739677429, 0.31946325302124023),
            ["Head"] = CFrame.new(-2.4586915969848633e-07, 0.0000017881393432617188, -2.1606683731079102e-07, 0.8482277393341064, 0.480771005153656, 0.2221909463405609, -0.024484705179929733, 0.45466694235801697, -0.8903250098228455, -0.5290653705596924, 0.7497581243515015, 0.3974326252937317),
            ["RightHand"] = CFrame.new(-3.5762786865234375e-07, 2.980232238769531e-07, 6.854534149169922e-07, 0.8774317502975464, -0.35260292887687683, 0.32524582743644714, 0.3213777244091034, 0.9354503154754639, 0.1471366584300995, -0.35613206028938293, -0.024575592949986458, 0.9341124892234802),
            ["UpperTorso"] = CFrame.new(-9.499490261077881e-08, 2.980232238769531e-07, 1.4901161193847656e-08, 0.9716496467590332, 0.09371909499168396, -0.21705709397792816, -0.1826958954334259, 0.8803535103797913, -0.43772122263908386, 0.15006406605243683, 0.46496716141700745, 0.8725172281265259),
            ["HumanoidRootPart"] = CFrame.new(0, 0, 0, 1, 0, 0, 0, 1, 0, 0, 0, 1),
            ["RightUpperLeg"] = CFrame.new(5.960464477539063e-08, -1.4901161193847656e-07, -9.145878721028566e-09, 0.9238525629043579, -0.348387748003006, 0.15850143134593964, 0.2692319452762604, 0.8858554363250732, 0.37785467505455017, -0.27204906940460205, -0.30640846490859985, 0.912196934223175),
            ["LeftUpperArm"] = CFrame.new(-2.384185791015625e-07, -1.1920928955078125e-07, 1.7881393432617188e-07, 0.635884165763855, 0.61588454246521, -0.46512115001678467, -0.13780903816223145, -0.502364456653595, -0.8536034226417542, -0.7593813538551331, 0.6068907380104065, -0.23457103967666626),
            ["RightLowerArm"] = CFrame.new(-2.086162567138672e-07, 1.7881393432617188e-07, 0.0000012516975402832031, 1, 1.4901164746561335e-08, 2.980232594040899e-08, 7.450584149637507e-09, 0.8150139451026917, -0.579441249370575, 1.4901168299275014e-08, 0.5794413089752197, 0.8150140643119812),
            ["LeftHand"] = CFrame.new(5.960464477539063e-08, 0, -3.5762786865234375e-07, 0.4294421970844269, -0.007244889624416828, 0.9030653238296509, -0.2539103627204895, 0.9586626291275024, 0.128434956073761, -0.8666654825210571, -0.2844529151916504, 0.40985047817230225),
            ["LeftFoot"] = CFrame.new(2.9802322387695312e-08, 1.1920928955078125e-07, 4.563480615615845e-08, 0.9999415874481201, -0.009681985713541508, -0.004815743770450354, 0.010483479127287865, 0.9771617650985718, 0.2122381329536438, 0.0026510851457715034, -0.21227610111236572, 0.9772061109542847),
            ["LowerTorso"] = CFrame.new(-0.2279895544052124, 0.0939626693725586, -0.503057599067688, 0.8654578328132629, 0.18302397429943085, -0.4663529098033905, -0.009782101958990097, 0.9368740320205688, 0.3495301902294159, 0.5008863210678101, -0.2979417145252228, 0.8126152753829956),
            ["RightLowerLeg"] = CFrame.new(-3.2782554626464844e-07, -0.000003635883331298828, -0.000013264063454698771, 1, -0.0000010132790748684783, -6.817281814619491e-07, 9.010547046273132e-07, 0.2039116621017456, 0.97898930311203, -7.67409915169992e-07, -0.9789893627166748, 0.203912153840065),
            ["LeftUpperLeg"] = CFrame.new(-5.960464477539063e-08, 3.501772880554199e-07, 1.4901161193847656e-07, 0.8238020539283752, -0.055539894849061966, 0.5641503930091858, 0.29834994673728943, 0.8886846899986267, -0.3481767475605011, -0.4820140302181244, 0.45514288544654846, 0.7486703991889954),
            ["LeftLowerLeg"] = CFrame.new(-7.078051567077637e-08, 0.000003874301910400391, 0.000013321638107299805, 1, 1.3038513202445756e-07, 1.8626440390079324e-09, -1.0849906573184853e-07, 0.8647889494895935, 0.5021353960037231, 2.2351738238057806e-08, -0.5021356344223022, 0.8647890686988831),
        }},
        {Time = 0.267, Data = {
            ["RightFoot"] = CFrame.new(-5.3551048040390015e-09, 2.980232238769531e-07, -5.6039425544440746e-08, 0.9998598694801331, 0.013605416752398014, 0.009764955379068851, -0.013592875562608242, 0.9999067783355713, -0.0013422697084024549, -0.00978237483650446, 0.0012095205020159483, 0.9999514818191528),
            ["LeftLowerArm"] = CFrame.new(2.980232238769531e-07, -7.748603820800781e-07, -9.834766387939453e-07, 1, -5.58793900040655e-09, 1.4901166522918174e-08, 1.8626447051417472e-09, 0.9805248975753784, -0.1963951140642166, -2.2351736461700966e-08, 0.19639508426189423, 0.9805248975753784),
            ["RightUpperArm"] = CFrame.new(0, 2.384185791015625e-07, -1.341104507446289e-07, -0.1863921582698822, -0.6745187044143677, -0.7143407464027405, 0.6092954277992249, 0.4910155236721039, -0.6226258873939514, 0.7707250714302063, -0.5512970089912415, 0.31945961713790894),
            ["Head"] = CFrame.new(-8.940696716308594e-08, 0.0000016689300537109375, -2.60770320892334e-07, 0.8482282757759094, 0.48077088594436646, 0.22218932211399078, -0.024478843435645103, 0.45465654134750366, -0.8903305530548096, -0.5290647745132446, 0.7497645616531372, 0.3974211812019348),
            ["RightHand"] = CFrame.new(-4.172325134277344e-07, 1.7881393432617188e-07, 0.0000010132789611816406, 0.8774317502975464, -0.3526029884815216, 0.32524561882019043, 0.32137778401374817, 0.9354502558708191, 0.14713646471500397, -0.3561318516731262, -0.024575453251600266, 0.9341124892234802),
            ["UpperTorso"] = CFrame.new(-9.12696123123169e-08, 8.344650268554688e-07, 2.9802322387695312e-08, 0.971649706363678, 0.09371915459632874, -0.21705682575702667, -0.18269595503807068, 0.880353569984436, -0.437721312046051, 0.15006394684314728, 0.4649672210216522, 0.8725172877311707),
            ["HumanoidRootPart"] = CFrame.new(0, 0, 0, 1, 0, 0, 0, 1, 0, 0, 0, 1),
            ["RightUpperLeg"] = CFrame.new(-8.940696716308594e-08, 3.390014171600342e-07, -2.4047039914876223e-08, 0.9238492846488953, -0.34839072823524475, 0.1585131585597992, 0.2692335546016693, 0.8858584761619568, 0.3778466582298279, -0.27205854654312134, -0.3063964545726776, 0.9121981263160706),
            ["LeftUpperArm"] = CFrame.new(0, 8.344650268554688e-07, 2.9802322387695312e-08, 0.6358845829963684, 0.6158844828605652, -0.46512067317962646, -0.13780446350574493, -0.5023676156997681, -0.8536023497581482, -0.7593818306922913, 0.6068881154060364, -0.23457610607147217),
            ["RightLowerArm"] = CFrame.new(-2.682209014892578e-07, 2.384185791015625e-07, 8.642673492431641e-07, 1, -7.450581485102248e-09, 1.4901161193847656e-08, 8.195639367158947e-08, 0.8150140047073364, -0.5794413685798645, 5.960465188081798e-08, 0.5794414281845093, 0.8150139451026917),
            ["LeftHand"] = CFrame.new(-1.4901161193847656e-07, 1.7881393432617188e-07, 2.9802322387695312e-08, 0.4294716715812683, -0.007250683382153511, 0.9030512571334839, -0.2539094090461731, 0.9586606621742249, 0.12845101952552795, -0.866651177406311, -0.28445935249328613, 0.4098765254020691),
            ["LeftFoot"] = CFrame.new(3.3527612686157227e-08, -5.960464477539063e-08, -1.1175870895385742e-08, 0.9999415874481201, -0.009682349860668182, -0.0048159523867070675, 0.01048396434634924, 0.9771619439125061, 0.2122371941804886, 0.0026514797937124968, -0.2122751921415329, 0.9772064089775085),
