return {
    ["Stay Afloat"] = {
        [1] = {Time = 0.000, Data = {
            ["RightFoot"] = CFrame.new(1.1920928955078125e-07, 3.5762786865234375e-07, -2.8107024263590574e-08, 0.9416607618331909, 0.24289169907569885, -0.2329893261194229, -0.33391210436820984, 0.5874752402305603, -0.7371223568916321, -0.0421624556183815, 0.771930456161499, 0.6343237161636353),
            ["LeftLowerArm"] = CFrame.new(1.7881393432617188e-07, -3.5762786865234375e-07, -5.960464477539063e-08, 1, -2.9802315282267955e-08, 1.3411050758804777e-07, 1.7881393432617188e-07, 0.14022685587406158, -0.990119457244873, 4.470348358154297e-08, 0.990119457244873, 0.1402270346879959),
            ["RightUpperArm"] = CFrame.new(0, 1.1920928955078125e-07, 8.940696716308594e-08, 0.9694469571113586, -0.2448388934135437, 0.015003150328993797, 0.19903597235679626, 0.8208796381950378, 0.5352973341941833, -0.14337854087352753, -0.5159560441970825, 0.844530463218689),
            ["Head"] = CFrame.new(3.725290298461914e-09, -2.384185791015625e-07, -6.332993507385254e-08, 0.9668270349502563, 0.019543958827853203, 0.25468316674232483, 0.05916249006986618, 0.9528213739395142, -0.29771000146865845, -0.24848616123199463, 0.302901953458786, 0.9200571775436401),
            ["RightHand"] = CFrame.new(6.705522537231445e-08, -2.980232238769531e-07, 2.2351741790771484e-08, 0.9169948697090149, -0.22134095430374146, 0.3318614959716797, 0.3084547221660614, 0.9209675788879395, -0.23806461691856384, -0.2529347836971283, 0.32066670060157776, 0.9127941727638245),
            ["UpperTorso"] = CFrame.new(7.450580596923828e-09, -1.1920928955078125e-07, -1.862645149230957e-08, 0.9985139966011047, 0.016927223652601242, -0.05180024728178978, -0.007822901010513306, 0.9852138161659241, 0.1711507886648178, 0.05393155291676521, -0.1704912781715393, 0.9838821887969971),
            ["HumanoidRootPart"] = CFrame.new(0, 0, 0, 1, 0, 0, 0, 1, 0, 0, 0, 1),
            ["RightUpperLeg"] = CFrame.new(-5.960464477539063e-08, -1.8207356333732605e-07, -6.129994289949536e-08, 0.923879086971283, -0.373300164937973, -0.08424533158540726, 0.17880390584468842, 0.6157194972038269, -0.7674096822738647, 0.3383438289165497, 0.6939283609390259, 0.6355983018875122),
            ["LeftUpperArm"] = CFrame.new(1.1920928955078125e-07, -2.384185791015625e-07, -5.960464477539063e-08, 0.909619152545929, 0.40776896476745605, -0.07948287576436996, -0.3669835925102234, 0.87834632396698, 0.3063180446624756, 0.19472050666809082, -0.24946391582489014, 0.9486052393913269),
            ["RightLowerArm"] = CFrame.new(-1.1920928955078125e-07, -1.1920928955078125e-07, 1.7881393432617188e-07, 1, -7.823116021654641e-08, 8.195631551188853e-08, 4.470348358154297e-08, 0.0855853483080864, -0.9963308572769165, 2.9802322387695312e-08, 0.9963309168815613, 0.08558528870344162),
            ["LeftHand"] = CFrame.new(-2.9802322387695312e-08, 1.1920928955078125e-07, 1.4901161193847656e-07, 0.9453093409538269, 0.05204614996910095, -0.32199612259864807, -0.09148415923118591, 0.9898694157600403, -0.10857829451560974, 0.3130829632282257, 0.13209755718708038, 0.9404942393302917),
            ["LeftFoot"] = CFrame.new(3.91155481338501e-08, -5.960464477539063e-08, 3.632158041000366e-08, 0.9719948768615723, -0.23492547869682312, -0.0060136159881949425, 0.23194445669651031, 0.963146984577179, -0.13619744777679443, 0.03778815269470215, 0.13098815083503723, 0.9906635284423828),
            ["LowerTorso"] = CFrame.new(0.030723173171281815, -0.6267272233963013, 0.33847641944885254, 0.9790245890617371, 0.008280190639197826, -0.20357437431812286, 0.019593697041273117, 0.9907163977622986, 0.13452602922916412, 0.2027982771396637, -0.1356929987668991, 0.9697733521461487),
            ["RightLowerLeg"] = CFrame.new(1.6298145055770874e-07, -0.00006031990051269531, -0.00007202586130006239, 1, -5.9604083446629375e-08, -1.9371564974335342e-07, 1.7881387748275301e-07, -0.11445816606283188, 0.9934288263320923, -2.086161856595936e-07, -0.993428111076355, -0.11445169150829315),
            ["LeftUpperLeg"] = CFrame.new(5.960464477539063e-08, -6.030313670635223e-08, 7.450580596923828e-09, 0.9547761678695679, 0.22355912625789642, -0.1960199475288391, -0.22639048099517822, 0.11924253404140472, -0.9667101502418518, -0.19274285435676575, 0.9673689007759094, 0.1644618958234787),
            ["LeftLowerLeg"] = CFrame.new(-1.1175870895385742e-08, 0.000060677528381347656, 0.00007211416959762573, 1, 1.266598843585598e-07, 9.12696123123169e-08, -9.126959810146218e-08, 0.1323043555021286, 0.9912092685699463, 7.916241173688832e-08, -0.9912091493606567, 0.13230405747890472)
        }},
        [2] = {Time = 0.033, Data = {
            ["RightFoot"] = CFrame.new(2.9802322387695312e-08, 4.76837158203125e-07, -7.281050784513354e-08, 0.9254379868507385, 0.25401660799980164, -0.2811513841152191, -0.3757672905921936, 0.5200580358505249, -0.7670161724090576, -0.04861529543995857, 0.8154845833778381, 0.5767496228218079),
            ["LeftLowerArm"] = CFrame.new(0, -2.384185791015625e-07, -2.9802322387695312e-08, 1, -1.490115550950577e-07, 1.4901168299275014e-08, 8.940695295223122e-08, 0.08215446025133133, -0.9966196417808533, 7.450579886381092e-08, 0.9966196417808533, 0.08215457946062088),
            ["RightUpperArm"] = CFrame.new(0, 1.1920928955078125e-07, -1.4901161193847656e-08, 0.9617351293563843, -0.27011358737945557, 0.04585466533899307, 0.23097415268421173, 0.8893545866012573, 0.39459022879600525, -0.14736558496952057, -0.36889973282814026, 0.9177123308181763),
            ["Head"] = CFrame.new(-1.4901161193847656e-08, -1.1920928955078125e-07, -8.009374141693115e-08, 0.9730555415153503, 0.05346405878663063, 0.22428661584854126, 0.04935046657919884, 0.9019098281860352, -0.42909562587738037, -0.22522766888141632, 0.428602933883667, 0.874970018863678),
            ["RightHand"] = CFrame.new(-2.064552973024547e-07, 2.384185791015625e-07, -1.4738179743289948e-07, 0.8775961995124817, -0.20841728150844574, 0.43173083662986755, 0.33465272188186646, 0.9111611247062683, -0.24040158092975616, -0.34326741099357605, 0.3554542660713196, 0.8693766593933105),
            ["UpperTorso"] = CFrame.new(3.725290298461914e-09, 1.1920928955078125e-07, 4.6566128730773926e-09, 0.9986744523048401, 0.010545862838625908, -0.05037986487150192, 0.0015249841380864382, 0.9722939133644104, 0.23375701904296875, 0.0514492504298687, -0.23352397978305817, 0.9709889888763428),
            ["HumanoidRootPart"] = CFrame.new(0, 0, 0, 1, 0, 0, 0, 1, 0, 0, 0, 1),
            ["RightUpperLeg"] = CFrame.new(5.960464477539063e-08, 1.9132858142256737e-07, -3.149762051180005e-08, 0.9325297474861145, -0.3579893410205841, -0.04727873206138611, 0.2108353227376938, 0.6460981369018555, -0.7335560321807861, 0.29314985871315, 0.6740925908088684, 0.6779824495315552),
            ["LeftUpperArm"] = CFrame.new(0, 0, -1.4901161193847656e-08, 0.9019942879676819, 0.42618489265441895, -0.06908567994832993, -0.40550482273101807, 0.8911885619163513, 0.20334427058696747, 0.14823061227798462, -0.15540073812007904, 0.9766669869422913),
            ["RightLowerArm"] = CFrame.new(-3.2782554626464844e-07, 5.960464477539063e-08, -8.940696716308594e-08, 1, -4.936012132361611e-08, 1.0058278121505282e-07, 8.288771624620495e-08, -0.006506559904664755, -0.9999788999557495, 4.377216455964117e-08, 0.9999788999557495, -0.006506564095616341),
            ["LeftHand"] = CFrame.new(0, 0, -5.960464477539063e-08, 0.9080975651741028, 0.09361232817173004, -0.4081615209579468, -0.1563086360692978, 0.98002028465271, -0.12299516797065735, 0.38849276304244995, 0.1754908561706543, 0.9045863747596741),
            ["LeftFoot"] = CFrame.new(-2.7474015951156616e-08, 5.960464477539063e-08, -1.30385160446167e-08, 0.9712063670158386, -0.23607149720191956, -0.03207221254706383, 0.22543632984161377, 0.9541836977005005, -0.19675308465957642, 0.07705043256282806, 0.18385791778564453, 0.9799283742904663),
            ["LowerTorso"] = CFrame.new(0.03637857735157013, -0.6891590356826782, 0.2888975143432617, 0.9811797142028809, -0.0018105122726410627, -0.19308865070343018, 0.022715384140610695, 0.9940952658653259, 0.10610704123973846, 0.19175630807876587, -0.10849610716104507, 0.9754272103309631),
            ["RightLowerLeg"] = CFrame.new(3.725290298461914e-09, -0.000060498714447021484, -0.00007207335875136778, 1, -1.6391120993830555e-07, -1.6391334156651283e-07, 7.450580596923828e-08, -0.1924552172422409, 0.9813066124916077, -1.043081283569336e-07, -0.9813057780265808, -0.19245083630084991),
            ["LeftUpperLeg"] = CFrame.new(-1.1920928955078125e-07, 2.8475187718868256e-07, 3.725290298461914e-08, 0.9511176943778992, 0.224588081240654, -0.21198029816150665, -0.23414993286132812, 0.07686025649309158, -0.9691575169563293, -0.20136810839176178, 0.9714179039001465, 0.1256904900074005),
            ["LeftLowerLeg"] = CFrame.new(-2.9336661100387573e-08, 0.00006073713302612305, 0.00007207691669464111, 1, 1.1222437024116516e-07, 1.0803341865539551e-07, -9.126962652317161e-08, 0.005588192027062178, 0.9999844431877136, 1.1059456994644279e-07, -0.9999843835830688, 0.005588458850979805)
        }},
        [3] = {Time = 0.067, Data = {
            ["RightFoot"] = CFrame.new(0, 2.384185791015625e-07, 4.639878170564771e-08, 0.9140570759773254, 0.2501682937145233, -0.3192521631717682, -0.4035896062850952, 0.48299744725227356, -0.7770496606826782, -0.040189292281866074, 0.8391242027282715, 0.5424683094024658),
            ["LeftLowerArm"] = CFrame.new(-3.2782554626464844e-07, 1.7881393432617188e-07, 5.960464477539063e-08, 1, -7.450579175838357e-08, 1.4901166522918174e-08, 1.2665987014770508e-07, -0.003712697885930538, -0.9999932050704956, 5.960464477539063e-08, 0.999993085861206, -0.0037127449177205563),
            ["RightUpperArm"] = CFrame.new(0, 1.1920928955078125e-07, 2.2351741790771484e-08, 0.9386841058731079, -0.3129343092441559, 0.14471633732318878, 0.31705257296562195, 0.9483917951583862, -0.00570143386721611, -0.13546191155910492, 0.051235754042863846, 0.989456832408905),
            ["Head"] = CFrame.new(-2.2351741790771484e-08, 0, -6.891787052154541e-08, 0.982330322265625, 0.09149748086929321, 0.1632649451494217, 0.027517251670360565, 0.792258083820343, -0.6095651984214783, -0.18512171506881714, 0.6032871603965759, 0.7757415175437927),
            ["RightHand"] = CFrame.new(1.4901161193847656e-08, 0, 1.6391277313232422e-07, 0.7904648780822754, -0.1741638481616974, 0.5872273445129395, 0.3597429394721985, 0.9079506397247314, -0.21496456861495972, -0.49573224782943726, 0.3811725974082947, 0.7803552746772766),
            ["UpperTorso"] = CFrame.new(-3.725290298461914e-09, 8.940696716308594e-08, 3.306195139884949e-08, 0.9987602233886719, -0.0037632142193615437, -0.04963880032300949, 0.018995458260178566, 0.9505012631416321, 0.31013980507850647, 0.046014685183763504, -0.3106982409954071, 0.949394166469574),
            ["HumanoidRootPart"] = CFrame.new(0, 0, 0, 1, 0, 0, 0, 1, 0, 0, 0, 1),
            ["RightUpperLeg"] = CFrame.new(5.960464477539063e-08, 1.1455267667770386e-07, -2.4047039914876223e-08, 0.9367513656616211, -0.3486250638961792, -0.031004177406430244, 0.23743745684623718, 0.6980792284011841, -0.6755053400993347, 0.25713911652565, 0.6254166960716248, 0.7367029786109924),
            ["LeftUpperArm"] = CFrame.new(0, 1.1920928955078125e-07, -1.4901161193847656e-08, 0.8732106685638428, 0.4754866063594818, -0.10684522986412048, -0.4787924289703369, 0.8779067993164062, -0.006118582561612129, 0.09089084714651108, 0.056499458849430084, 0.994256854057312),
            ["RightLowerArm"] = CFrame.new(1.1920928955078125e-07, 1.7881393432617188e-07, 8.940696716308594e-08, 1, -8.195620182505081e-08, 7.171200167022107e-08, 6.984918599073353e-08, -0.04405771568417549, -0.9990290403366089, 1.1175869474300271e-07, 0.9990290403366089, -0.044057831168174744),
            ["LeftHand"] = CFrame.new(2.384185791015625e-07, -1.1920928955078125e-07, -2.9802322387695312e-08, 0.8015445470809937, 0.16705329716205597, -0.5741249918937683, -0.2629908323287964, 0.9608134627342224, -0.08759751915931702, 0.5369936227798462, 0.22120293974876404, 0.8140682578086853),
            ["LeftFoot"] = CFrame.new(8.638016879558563e-08, -1.7881393432617188e-07, -1.1175870895385742e-08, 0.9706637263298035, -0.23552517592906952, -0.04837352782487869, 0.21487154066562653, 0.9399849772453308, -0.26506271958351135, 0.10789918154478073, 0.2468930184841156, 0.9630169868469238),
            ["LowerTorso"] = CFrame.new(0.04036559537053108, -0.7176663875579834, 0.22063405811786652, 0.9838383793830872, -0.009610108099877834, -0.1788010597229004, 0.024692868813872337, 0.9962999224662781, 0.08232197165489197, 0.1773482710123062, -0.085406593978405, 0.980435311794281),
            ["RightLowerLeg"] = CFrame.new(6.332993507385254e-08, -0.000060558319091796875, -0.00007218698010547087, 1, -8.195562628543485e-08, -1.19209701665568e-07, 7.450579175838357e-08, -0.22464169561862946, 0.9744422435760498, -1.1920926112907182e-07, -0.9744414687156677, -0.2246384620666504),
            ["LeftUpperLeg"] = CFrame.new(-5.960464477539063e-08, 2.9336661100387573e-07, 3.725290298461914e-08, 0.9503990411758423, 0.22231733798980713, -0.2175242155790329, -0.2399718016386032, 0.07918702065944672, -0.9675448536872864, -0.19787652790546417, 0.9717533588409424, 0.12860901653766632),
            ["LeftLowerLeg"] = CFrame.new(-2.3050233721733093e-08, 0.000060617923736572266, 0.0000723227858543396, 1, 6.298068910837173e-08, 7.916241884231567e-08, -9.499492392706088e-08, -0.08198577165603638, 0.9966335892677307, 8.672943607734851e-08, -0.9966335296630859, -0.08198545128107071)
        }},
        [4] = {Time = 0.100, Data = {
            ["RightFoot"] = CFrame.new(2.9802322387695312e-08, 4.172325134277344e-07, 1.6596459317952394e-08, 0.9106332659721375, 0.2186436504125595, -0.3506392240524292, -0.4128992557525635, 0.5146492123603821, -0.7514175772666931, 0.016170121729373932, 0.8290542960166931, 0.5589489936828613),
            ["LeftLowerArm"] = CFrame.new(-1.1920928955078125e-07, 5.960464477539063e-08, 1.7881393432617188e-07, 1, -1.154839708306099e-07, 4.4703490686970326e-08, 6.332991375757047e-08, -0.10430385917425156, -0.9945455193519592, 5.960462345910855e-08, 0.9945454597473145, -0.10430391132831573),
            ["RightUpperArm"] = CFrame.new(1.1920928955078125e-07, 0, 2.9802322387695312e-08, 0.9064367413520813, -0.321827232837677, 0.27349382638931274, 0.4138758182525635, 0.8058779835700989, -0.4233980178833008, -0.08413785696029663, 0.49697884917259216, 0.8636754751205444),
            ["Head"] = CFrame.new(3.725290298461914e-08, 0, 3.632158041000366e-08, 0.9900750517845154, 0.11086098849773407, 0.08637798577547073, -0.006883150432258844, 0.6521307229995728, -0.7580752968788147, -0.14037078619003296, 0.7499569058418274, 0.646421492099762),
            ["RightHand"] = CFrame.new(1.043081283569336e-07, -5.960464477539063e-08, 2.086162567138672e-07, 0.6718812584877014, -0.16398464143276215, 0.7222784161567688, 0.3857674300670624, 0.9099422693252563, -0.15226639807224274, -0.6322650909423828, 0.3809385895729065, 0.6746324300765991),
            ["UpperTorso"] = CFrame.new(-1.862645149230957e-09, 8.940696716308594e-08, -4.190951585769653e-09, 0.9984650611877441, -0.021989213302731514, -0.05083349719643593, 0.03773483261466026, 0.9419105648994446, 0.33373746275901794, 0.040542036294937134, -0.33514347672462463, 0.9412944912910461),
            ["HumanoidRootPart"] = CFrame.new(0, 0, 0, 1, 0, 0, 0, 1, 0, 0, 0, 1),
            ["RightUpperLeg"] = CFrame.new(1.1920928955078125e-07, 1.5366822481155396e-07, -9.145878721028566e-09, 0.9419558048248291, -0.3334619402885437, -0.03906525671482086, 0.22416652739048004, 0.711280345916748, -0.6662043333053589, 0.24993768334388733, 0.6187757849693298, 0.7447454929351807),
            ["LeftUpperArm"] = CFrame.new(0, -2.384185791015625e-07, -4.470348358154297e-08, 0.8247761130332947, 0.5297048091888428, -0.19788184762001038, -0.5650425553321838, 0.7854903936386108, -0.2524513602256775, 0.021709589287638664, 0.32002758979797363, 0.9471595287322998),
            ["RightLowerArm"] = CFrame.new(-4.172325134277344e-07, -2.384185791015625e-07, 6.332993507385254e-08, 1, -9.126871702846984e-08, 7.171254168270025e-08, -2.398156162541909e-08, 0.046219587326049805, -0.9989312887191772, 8.894132719206027e-08, 0.998931348323822, 0.046220507472753525),
            ["LeftHand"] = CFrame.new(-2.384185791015625e-07, 5.960464477539063e-08, -1.7881393432617188e-07, 0.6256729960441589, 0.24627399444580078, -0.7401906847953796, -0.3523710072040558, 0.9357631206512451, 0.013489773496985435, 0.6959654688835144, 0.25238168239593506, 0.672261655330658),
            ["LeftFoot"] = CFrame.new(7.962808012962341e-08, 5.960464477539063e-08, 1.1175870895385742e-08, 0.9729709029197693, -0.2227625846862793, -0.06086521968245506, 0.1964407116174698, 0.9369626045227051, -0.2889846861362457, 0.12140326201915741, 0.26921746134757996, 0.9553970098495483),
            ["LowerTorso"] = CFrame.new(0.03967556729912758, -0.6947180032730103, 0.1822350174188614, 0.9872522950172424, -0.00945896003395319, -0.1588824838399887, 0.028087958693504333, 0.9929198026657104, 0.11541815847158432, 0.15666577219963074, -0.11840947717428207, 0.9805279970169067),
            ["RightLowerLeg"] = CFrame.new(-1.043081283569336e-07, -0.000060439109802246094, -0.00007217207894427702, 1, -1.8626293751822232e-07, -2.5332056452498364e-07, 1.4901161193847656e-07, -0.20765143632888794, 0.9782036542892456, -1.7881393432617188e-07, -0.9782029390335083, -0.20764781534671783),
            ["LeftUpperLeg"] = CFrame.new(0, 9.266659617424011e-08, 1.4901161193847656e-08, 0.9542633891105652, 0.21886146068572998, -0.20366933941841125, -0.22470197081565857, 0.07568009197711945, -0.9714842438697815, -0.19720643758773804, 0.9728167057037354, 0.12139729410409927),
            ["LeftLowerLeg"] = CFrame.new(8.381903171539307e-08, 0.00006073713302612305, 0.00007212162017822266, 1, 1.0337681999317283e-07, 1.0430816388407038e-07, -7.823110337312755e-08, -0.07509531080722809, 0.9971764087677002, 9.150245716682548e-08, -0.9971764087677002, -0.07509521394968033)
        }},
        [5] = {Time = 0.133, Data = {
            ["RightFoot"] = CFrame.new(5.960464477539063e-08, 1.7881393432617188e-07, 7.620110409334302e-08, 0.9076935052871704, 0.18045565485954285, -0.3788587152957916, -0.4094586670398712, 0.5784511566162109, -0.7054889798164368, 0.09184867143630981, 0.7955061793327332, 0.5989585518836975),
            ["LeftLowerArm"] = CFrame.new(2.682209014892578e-07, -1.1920928955078125e-07, 7.450580596923828e-09, 1, -1.490115550950577e-07, 1.3411049337719305e-07, 7.450580596923828e-08, -0.17209824919700623, -0.9850798845291138, 7.264316082000732e-08, 0.9850797653198242, -0.1720982789993286),
            ["RightUpperArm"] = CFrame.new(0, 0, -2.9802322387695312e-08, 0.8718854784965515, -0.27880969643592834, 0.40259385108947754, 0.48961418867111206, 0.512551486492157, -0.7053815126419067, -0.009678949601948261, 0.8121305704116821, 0.5833995938301086),
            ["Head"] = CFrame.new(-3.3527612686157227e-08, -1.1920928955078125e-07, -1.1641532182693481e-07, 0.9939222931861877, 0.10721748322248459, 0.024959562346339226, -0.03962527588009834, 0.5599820017814636, -0.8275566101074219, -0.1027054712176323, 0.8215379118919373, 0.5608272552490234),
            ["RightHand"] = CFrame.new(3.427267074584961e-07, 5.960464477539063e-08, -2.086162567138672e-07, 0.5431645512580872, -0.23279161751270294, 0.8067103028297424, 0.42894190549850464, 0.902884840965271, -0.02827930450439453, -0.7217902541160583, 0.3613961338996887, 0.5902701020240784),
            ["UpperTorso"] = CFrame.new(-6.51925802230835e-09, -5.960464477539063e-08, -9.313225746154785e-09, 0.997840404510498, -0.04037404805421829, -0.051813457161188126, 0.05476556345820427, 0.9468910098075867, 0.31685689091682434, 0.036268942058086395, -0.3190101683139801, 0.9470570683479309),
            ["HumanoidRootPart"] = CFrame.new(0, 0, 0, 1, 0, 0, 0, 1, 0, 0, 0, 1),
            ["RightUpperLeg"] = CFrame.new(-5.960464477539063e-08, -1.8370337784290314e-07, 5.75528247281909e-09, 0.9451963901519775, -0.3211691677570343, -0.058800116181373596, 0.20051422715187073, 0.7131125330924988, -0.6717616319656372, 0.2576776444911957, 0.6231541633605957, 0.7384300231933594),
            ["LeftUpperArm"] = CFrame.new(-1.1920928955078125e-07, -1.1920928955078125e-07, 7.450580596923828e-08, 0.7700093984603882, 0.5504152774810791, -0.3226897120475769, -0.6361619830131531, 0.6236212849617004, -0.454306423664093, -0.04882103204727173, 0.5551031827926636, 0.8303475379943848),
            ["RightLowerArm"] = CFrame.new(5.960464477539063e-08, -4.172325134277344e-07, 1.7881393432617188e-07, 1, -1.1175674785590672e-07, 1.3783808583411883e-07, 5.215407838932151e-08, 0.09182953834533691, -0.9957744479179382, 2.2351747119842003e-08, 0.9957747459411621, 0.09183286130428314),
            ["LeftHand"] = CFrame.new(2.384185791015625e-07, 5.960464477539063e-08, 3.8743019104003906e-07, 0.4394708573818207, 0.3107047975063324, -0.8428096175193787, -0.40365487337112427, 0.9065093398094177, 0.12370753288269043, 0.8024513721466064, 0.2858382761478424, 0.523801863193512),
            ["LeftFoot"] = CFrame.new(5.587935447692871e-09, -5.960464477539063e-08, 1.862645149230957e-08, 0.9765550494194031, -0.1971375048160553, -0.08647125214338303, 0.17428843677043915, 0.9598261117935181, -0.21990330517292023, 0.12634843587875366, 0.1996767520904541, 0.9716816544532776),
            ["LowerTorso"] = CFrame.new(0.036391112953424454, -0.6420478820800781, 0.14637131989002228, 0.9904717803001404, -0.004764259792864323, -0.1376340389251709, 0.028513088822364807, 0.9848407506942749, 0.1711013913154602, 0.1347324103116989, -0.17339541018009186, 0.9755927324295044),
            ["RightLowerLeg"] = CFrame.new(7.078051567077637e-08, -0.00006026029586791992, -0.00007212737546069548, 1, -1.93713475482582e-07, -2.160674767992532e-07, 1.0430809993522416e-07, -0.15712133049964905, 0.9875800609588623, -1.6391273049976007e-07, -0.9875794053077698, -0.15711651742458344),
            ["LeftUpperLeg"] = CFrame.new(-5.960464477539063e-08, -7.869675755500793e-08, 1.4901161193847656e-08, 0.9602603912353516, 0.21240577101707458, -0.18106329441070557, -0.1983674019575119, 0.06302297860383987, -0.9780994653701782, -0.19634270668029785, 0.9751471281051636, 0.10265272110700607),
            ["LeftLowerLeg"] = CFrame.new(9.313225746154785e-09, 0.000060617923736572266, 0.00007210671901702881, 1, 8.475033297372647e-08, 1.005828522693264e-07, -8.940694584680386e-08, -0.03339121863245964, 0.9994423985481262, 1.1967492241637956e-07, -0.9994423389434814, -0.033391229808330536)
        }},
        [6] = {Time = 0.167, Data = {
            ["RightFoot"] = CFrame.new(1.4156103134155273e-07, 2.384185791015625e-07, -1.3205863069742918e-08, 0.8975569605827332, 0.10790009051561356, -0.4274943470954895, -0.36619171500205994, 0.7224146723747253, -0.5865172147750854, 0.24555064737796783, 0.6829894185066223, 0.6879289150238037),
            ["LeftLowerArm"] = CFrame.new(-2.086162567138672e-07, 1.7881393432617188e-07, 0, 1, -5.960463056453591e-08, 2.0861632776814076e-07, 8.940698847936801e-08, -0.1775675117969513, -0.9841086864471436, 2.458692165419052e-07, 0.9841086268424988, -0.1775677353143692),
            ["RightUpperArm"] = CFrame.new(0, 1.1920928955078125e-07, 1.4901161193847656e-08, 0.8412702083587646, -0.20284676551818848, 0.5011186003684998, 0.5405439734458923, 0.30060407519340515, -0.7857756018638611, 0.008757066912949085, 0.931928277015686, 0.36254239082336426),
            ["Head"] = CFrame.new(-3.632158041000366e-08, -2.384185791015625e-07, -3.827153705060482e-08, 0.9972963929176331, 0.072537861764431, 0.01175422128289938, -0.0357133224606514, 0.6182409524917603, -0.7851767539978027, -0.06422197818756104, 0.7826342582702637, 0.6191601157188416),
            ["RightHand"] = CFrame.new(-1.341104507446289e-07, 2.384185791015625e-07, -1.1920928955078125e-07, 0.47829875349998474, -0.2834153473377228, 0.8312090039253235, 0.45101138949394226, 0.891406774520874, 0.04440082982182503, -0.7535377144813538, 0.35365211963653564, 0.5541843175888062),
            ["UpperTorso"] = CFrame.new(2.9685907065868378e-09, -1.4901161193847656e-07, 2.6309862732887268e-08, 0.9975247383117676, -0.05087446793913841, -0.04854109510779381, 0.06201649457216263, 0.9618874788284302, 0.26632025837898254, 0.03314220532774925, -0.2686713635921478, 0.9626615643501282),
            ["HumanoidRootPart"] = CFrame.new(0, 0, 0, 1, 0, 0, 0, 1, 0, 0, 0, 1),
            ["RightUpperLeg"] = CFrame.new(5.960464477539063e-08, -3.727036528289318e-07, 3.183231456205249e-08, 0.9445546269416809, -0.31541159749031067, -0.09130201488733292, 0.20217415690422058, 0.7777482867240906, -0.5951737761497498, 0.2587321102619171, 0.5437124371528625, 0.7983935475349426),
            ["LeftUpperArm"] = CFrame.new(-1.1920928955078125e-07, -2.384185791015625e-07, -1.043081283569336e-07, 0.7403730154037476, 0.5180622339248657, -0.42832159996032715, -0.6706924438476562, 0.526729941368103, -0.5222328305244446, -0.044939156621694565, 0.6739192605018616, 0.7374370694160461),
            ["RightLowerArm"] = CFrame.new(2.384185791015625e-07, 2.384185791015625e-07, 2.384185791015625e-07, 1, -1.1175647074423978e-07, 8.568330400748891e-08, 1.4156105976326216e-07, 0.15308253467082977, -0.9882124662399292, 3.72529100900465e-08, 0.9882134795188904, 0.15308867394924164),
            ["LeftHand"] = CFrame.new(-1.7881393432617188e-07, -5.960464477539063e-08, 0, 0.3453771770000458, 0.34949615597724915, -0.8709576725959778, -0.43894386291503906, 0.8804541826248169, 0.17924435436725616, 0.8294835686683655, 0.320394903421402, 0.4574976861476898),
            ["LeftFoot"] = CFrame.new(9.313225746154785e-09, 0, -7.450580596923828e-09, 0.9816316962242126, -0.1518074870109558, -0.115558922290802, 0.1378144472837448, 0.9830695986747742, -0.12075304239988327, 0.13193367421627045, 0.10260958969593048, 0.9859334826469421),
            ["LowerTorso"] = CFrame.new(0.03203375265002251, -0.5331282615661621, 0.06426440924406052, 0.993353545665741, 0.0009713288745842874, -0.11509964615106583, 0.015938881784677505, 0.9891700744628906, 0.14590628445148468, 0.11399480700492859, -0.14677104353904724, 0.9825800061225891),
            ["RightLowerLeg"] = CFrame.new(1.043081283569336e-07, -0.0000603795051574707, -0.00007211992488009855, 1, -1.0430749597389877e-07, -1.6391314261454681e-07, 1.1920927533992653e-07, -0.06683148443698883, 0.9977646470069885, -2.0861622829215776e-07, -0.9977643489837646, -0.06682609766721725),
            ["LeftUpperLeg"] = CFrame.new(0, -4.992762114852667e-07, 3.725290298461914e-09, 0.9698436856269836, 0.2104143649339676, -0.12300099432468414, -0.1671295315027237, 0.20681367814540863, -0.96399986743927, -0.1774010956287384, 0.9554862380027771, 0.23574356734752655),
            ["LeftLowerLeg"] = CFrame.new(5.774199962615967e-08, 0.000060617923736572266, 0.00007217377424240112, 1, 8.661299233381214e-08, 9.685754776000977e-08, -7.823110337312755e-08, 0.06759465485811234, 0.9977129101753235, 6.612390990312633e-08, -0.9977128505706787, 0.06759469956159592)
        }},
        [7] = {Time = 0.200, Data = {
            ["RightFoot"] = CFrame.new(-1.4901161193847656e-08, 2.980232238769531e-07, 1.6596459317952394e-08, 0.8802101016044617, 0.054292529821395874, -0.4714674949645996, -0.2630569636821747, 0.8826648592948914, -0.3894801735877991, 0.3950081169605255, 0.46685659885406494, 0.7912165522575378),
            ["LeftLowerArm"] = CFrame.new(-8.940696716308594e-08, -1.7881393432617188e-07, -2.384185791015625e-07, 1, -4.470347292340193e-08, 4.4703494239684005e-08, 2.9802322387695312e-08, -0.14196231961250305, -0.9898720383644104, 1.7881393432617188e-07, 0.9898720383644104, -0.14196255803108215),
            ["RightUpperArm"] = CFrame.new(-5.960464477539063e-08, -1.1920928955078125e-07, -2.9802322387695312e-08, 0.8312685489654541, -0.13230964541435242, 0.5398978590965271, 0.5558372735977173, 0.20857515931129456, -0.8046961426734924, -0.0061375717632472515, 0.9690153002738953, 0.24693019688129425),
            ["Head"] = CFrame.new(-1.30385160446167e-08, -1.1920928955078125e-07, -4.44706529378891e-08, 0.9994720220565796, 0.027702204883098602, 0.016980528831481934, -0.007014350034296513, 0.6942332983016968, -0.7197158336639404, -0.03172619268298149, 0.7192167639732361, 0.6940610408782959),
            ["RightHand"] = CFrame.new(-7.450580596923828e-09, 0, -2.9802322387695312e-08, 0.4911237359046936, -0.2908552885055542, 0.821098804473877, 0.4316721558570862, 0.8999872207641602, 0.060585618019104004, -0.7566086649894714, 0.3246941566467285, 0.5675616264343262),
            ["UpperTorso"] = CFrame.new(2.3283064365386963e-09, 1.1920928955078125e-07, -8.847564458847046e-09, 0.9975101351737976, -0.05579058453440666, -0.04314015805721283, 0.06301982700824738, 0.9797298312187195, 0.19015249609947205, 0.031657006591558456, -0.192397803068161, 0.980806291103363),
            ["HumanoidRootPart"] = CFrame.new(0, 0, 0, 1, 0, 0, 0, 1, 0, 0, 0, 1),
            ["RightUpperLeg"] = CFrame.new(0, 2.7782516553997993e-07, 3.892637323588133e-09, 0.9394508004188538, -0.3076689541339874, -0.15091878175735474, 0.19706082344055176, 0.8453222513198853, -0.49658411741256714, 0.2803555130958557, 0.4367726147174835, 0.8547676801681519),
            ["LeftUpperArm"] = CFrame.new(1.1920928955078125e-07, -2.384185791015625e-07, -7.450580596923828e-08, 0.7269455194473267, 0.46499526500701904, -0.5053015947341919, -0.6866753697395325, 0.4866294860839844, -0.5400637984275818, -0.005232208874076605, 0.7395749688148499, 0.6730538606643677),
            ["RightLowerArm"] = CFrame.new(5.364418029785156e-07, 0, -2.384185791015625e-07, 1, -1.4900862765898637e-08, 1.1921146381155268e-07, 7.823107495141812e-08, 0.22801423072814941, -0.9736557006835938, 3.725289587919178e-08, 0.9736577868461609, 0.2280232459306717),
            ["LeftHand"] = CFrame.new(-5.960464477539063e-08, 2.384185791015625e-07, -1.7881393432617188e-07, 0.34669050574302673, 0.36998921632766724, -0.8619245886802673, -0.4572109282016754, 0.8690154552459717, 0.18912985920906067, 0.8190017342567444, 0.32851213216781616, 0.4704422354698181),
            ["LeftFoot"] = CFrame.new(-2.60770320892334e-08, 1.1920928955078125e-07, 4.470348358154297e-08, 0.984101414680481, -0.09185943007469177, -0.15200752019882202, 0.0992932990193367, 0.9941696524620056, 0.04204230383038521, 0.1472593992948532, -0.0564672015607357, 0.9874847531318665),
            ["LowerTorso"] = CFrame.new(0.02983274683356285, -0.403767466545105, -0.016200978308916092, 0.9960581660270691, 0.0011088094906881452, -0.08869555592536926, 0.0074257818050682545, 0.9953694939613342, 0.09583558887243271, 0.08839108049869537, -0.09611641615629196, 0.9914377331733704),
            ["RightLowerLeg"] = CFrame.new(-3.725290298461914e-08, -0.000060439109802246094, -0.00007201561675174162, 1, -6.70549837877843e-08, -1.3411067811830435e-07, 1.7136335372924805e-07, 0.05888837203383446, 0.9982642531394958, -1.7136335372924805e-07, -0.9982645511627197, 0.05889356881380081),
            ["LeftUpperLeg"] = CFrame.new(5.960464477539063e-08, 4.568719305098057e-07, 0, 0.975792407989502, 0.20881137251853943, -0.06501448154449463, -0.1413377821445465, 0.3752555847167969, -0.9160823225975037, -0.1668914258480072, 0.9030953049659729, 0.39568474888801575),
            ["LeftLowerLeg"] = CFrame.new(5.21540641784668e-08, 0.000060439109802246094, 0.00007203593850135803, 1, 9.313227167240257e-08, 6.70552182668871e-08, -5.960465188081798e-08, 0.21045345067977905, 0.9776039123535156, 6.891787762697277e-08, -0.9776039719581604, 0.21045324206352234)
        }},
        [8] = {Time = 0.233, Data = {
            ["RightFoot"] = CFrame.new(-1.1175870895385742e-07, 2.384185791015625e-07, 1.6952981241047382e-09, 0.9138648509979248, 0.06336186826229095, -0.4010404050350189, -0.1533004492521286, 0.9684787392616272, -0.1963283270597458, 0.37596529722213745, 0.24090279638767242, 0.8947747349739075),
            ["LeftLowerArm"] = CFrame.new(5.960464477539063e-08, 2.384185791015625e-07, 1.1920928955078125e-07, 1, -1.7881382063933415e-07, -4.470351555596608e-08, 7.450581307466564e-08, -0.0866520032286644, -0.996238648891449, 8.940698137394065e-08, 0.996238648891449, -0.0866519957780838),
            ["RightUpperArm"] = CFrame.new(0, -2.384185791015625e-07, 7.450580596923828e-09, 0.8305418491363525, -0.0925329402089119, 0.5492188930511475, 0.5560869574546814, 0.192847341299057, -0.8084375858306885, -0.03110566921532154, 0.976855993270874, 0.21163006126880646),
            ["Head"] = CFrame.new(-3.725290298461914e-09, 0, -4.7963112592697144e-08, 0.9998674392700195, -0.004024455789476633, 0.015775104984641075, 0.014455297961831093, 0.6652229428291321, -0.7465046048164368, -0.007489669136703014, 0.7466340661048889, 0.6651932001113892),
            ["RightHand"] = CFrame.new(2.868473529815674e-07, -2.980232238769531e-07, 5.960464477539063e-08, 0.5179070234298706, -0.2971760034561157, 0.8021603226661682, 0.3827289044857025, 0.9191233515739441, 0.0933818593621254, -0.7650431990623474, 0.25864797830581665, 0.5897615551948547),
            ["UpperTorso"] = CFrame.new(6.984919309616089e-10, 0, 3.725290298461914e-09, 0.9974320530891418, -0.06126293167471886, -0.03709620609879494, 0.06496287137269974, 0.9919714331626892, 0.10850145667791367, 0.030151275917887688, -0.11063270270824432, 0.9934039115905762),
            ["HumanoidRootPart"] = CFrame.new(0, 0, 0, 1, 0, 0, 0, 1, 0, 0, 0, 1),
            ["RightUpperLeg"] = CFrame.new(-5.960464477539063e-08, -2.1455343812704086e-07, -5.420588422566652e-09, 0.9490151405334473, -0.2861849069595337, -0.1321859210729599, 0.21554656326770782, 0.8950871229171753, -0.39032793045043945, 0.23002170026302338, 0.3419315814971924, 0.9111372828483582),
            ["LeftUpperArm"] = CFrame.new(0, -1.1920928955078125e-07, -1.4901161193847656e-08, 0.7191822528839111, 0.40580904483795166, -0.5639998912811279, -0.6930599212646484, 0.47673749923706055, -0.5407300591468811, 0.0494469478726387, 0.7797694802284241, 0.624111533164978),
            ["RightLowerArm"] = CFrame.new(1.7881393432617188e-07, 0, -1.1920928955078125e-07, 1, -1.210695899089842e-07, 1.3038743418292142e-08, 1.0803341865539551e-07, 0.30258989334106445, -0.9531171917915344, -9.96515154838562e-08, 0.9531208872795105, 0.3026014268398285),
            ["LeftHand"] = CFrame.new(-3.5762786865234375e-07, -5.960464477539063e-08, -1.1920928955078125e-07, 0.367322713136673, 0.3848211467266083, -0.8467508554458618, -0.4627073109149933, 0.865347683429718, 0.19254876673221588, 0.8068307638168335, 0.3210703134536743, 0.49592137336730957),
            ["LeftFoot"] = CFrame.new(-4.842877388000488e-08, 5.960464477539063e-08, 7.450580596923828e-08, 0.9829980731010437, -0.016623392701148987, -0.18286237120628357, 0.06928924471139908, 0.9558466076850891, 0.28558051586151123, 0.17004099488258362, -0.293395459651947, 0.9407472014427185),
            ["LowerTorso"] = CFrame.new(0.02748619019985199, -0.2691100835800171, -0.08865991234779358, 0.9980600476264954, 0.00141526001971215, -0.062243666499853134, -0.0003339659597259015, 0.9998489618301392, 0.017378944903612137, 0.06225883960723877, -0.01732444018125534, 0.9979097247123718),
            ["RightLowerLeg"] = CFrame.new(-7.450580596923828e-09, -0.000060558319091796875, -0.00007195601210696623, 1, -2.2351702000378282e-07, -8.940711637706045e-08, 1.8626454334480513e-07, 0.18542832136154175, 0.9826571941375732, -1.266598843585598e-07, -0.9826578497886658, 0.18543215095996857),
            ["LeftUpperLeg"] = CFrame.new(5.960464477539063e-08, -1.7433194443583488e-07, -3.725290298461914e-09, 0.9784172773361206, 0.20661331713199615, -0.0032825476955622435, -0.11929894238710403, 0.5518268942832947, -0.8253813982009888, -0.16872350871562958, 0.8079591393470764, 0.5645660161972046),
            ["LeftLowerLeg"] = CFrame.new(7.450580596923828e-09, 0.00006079673767089844, 0.00007204897701740265, 1, 8.00937343115038e-08, 5.774199962615967e-08, -6.705522537231445e-08, 0.38257697224617004, 0.9239238500595093, 4.0978193283081055e-08, -0.923923671245575, 0.38257667422294617)
        }},
        [9] = {Time = 0.267, Data = {
            ["RightFoot"] = CFrame.new(-3.725290298461914e-08, 2.384185791015625e-07, -1.3241515262052417e-07, 0.9217591881752014, 0.20804700255393982, -0.32722267508506775, -0.23270465433597565, 0.9718171954154968, -0.0376470573246479, 0.3101750910282135, 0.11085078120231628, 0.9441969990730286),
            ["LeftLowerArm"] = CFrame.new(5.662441253662109e-07, 1.7881393432617188e-07, -2.980232238769531e-07, 1, -6.33298924412884e-08, 7.450584860180243e-08, 1.1175870895385742e-07, -0.026054050773382187, -0.9996606111526489, 9.685754776000977e-08, 0.9996606111526489, -0.026054084300994873),
            ["RightUpperArm"] = CFrame.new(0, 0, 4.0978193283081055e-08, 0.8331819772720337, -0.07727301865816116, 0.5475770235061646, 0.5487483739852905, 0.23806634545326233, -0.8013696670532227, -0.06843259185552597, 0.9681701064109802, 0.24076174199581146),
            ["Head"] = CFrame.new(-2.5902409106492996e-09, -1.1920928955078125e-07, 6.565824151039124e-08, 0.9991493821144104, -0.028557604178786278, 0.02974795550107956, 0.04072817787528038, 0.5704410672187805, -0.8203276991844177, 0.0064571392722427845, 0.820841908454895, 0.571119487285614),
            ["RightHand"] = CFrame.new(1.9185245037078857e-07, 0, -2.384185791015625e-07, 0.5452944040298462, -0.2976405620574951, 0.7836238145828247, 0.33507630228996277, 0.9342953562736511, 0.12168040126562119, -0.7683605551719666, 0.19622011482715607, 0.6092024445533752),
            ["UpperTorso"] = CFrame.new(-4.656612873077393e-10, 2.9802322387695312e-08, -1.2165401130914688e-08, 0.9974736571311951, -0.06486637145280838, -0.028961561620235443, 0.06506587564945221, 0.9978629350662231, 0.006000029854476452, 0.028510475531220436, -0.007869184948503971, 0.9995625615119934),
            ["HumanoidRootPart"] = CFrame.new(0, 0, 0, 1, 0, 0, 0, 1, 0, 0, 0, 1),
            ["RightUpperLeg"] = CFrame.new(1.1920928955078125e-07, 3.841705620288849e-09, -5.420588422566652e-09, 0.9614555835723877, -0.25698602199554443, -0.09780622273683548, 0.2270628809928894, 0.9426483511924744, -0.24464848637580872, 0.1550661325454712, 0.213007852435112, 0.9646663069725037),
            ["LeftUpperArm"] = CFrame.new(0, -2.384185791015625e-07, 8.195638656616211e-08, 0.7131718993186951, 0.35254108905792236, -0.6058884859085083, -0.6898301839828491, 0.5065674781799316, -0.5172262787818909, 0.12457995861768723, 0.7868316769599915, 0.6044635772705078),
            ["RightLowerArm"] = CFrame.new(-6.258487701416016e-07, -1.1920928955078125e-07, -3.427267074584961e-07, 1, 5.5878333071746056e-09, 9.127109024120728e-08, 7.823108916227284e-08, 0.3762112855911255, -0.9265283942222595, 4.982575063650074e-08, 0.9265339374542236, 0.376225084066391),
            ["LeftHand"] = CFrame.new(-1.043081283569336e-07, -1.1920928955078125e-07, 8.940696716308594e-08, 0.3911554217338562, 0.3953063488006592, -0.8311019539833069, -0.46777087450027466, 0.8631039261817932, 0.1903725415468216, 0.7925830483436584, 0.3143001198768616, 0.5225207209587097),
            ["LeftFoot"] = CFrame.new(-8.195638656616211e-08, 1.7881393432617188e-07, -7.450580596923828e-09, 0.9785511493682861, 0.048127178102731705, -0.2003031224012375, 0.07532580941915512, 0.8214035034179688, 0.5653516054153442, 0.19173873960971832, -0.5683133006095886, 0.8001601696014404),
            ["LowerTorso"] = CFrame.new(0.024438530206680298, -0.13252902030944824, -0.14188526570796967, 0.9993323087692261, 0.002714425791054964, -0.03643796220421791, -0.005674596875905991, 0.9966667294502258, -0.08138298988342285, 0.03609558939933777, 0.08153536170721054, 0.9960166811943054),
