return {
    ["Steady"] = {
        {Time = 0.000, Data = {
            ["RightFoot"] = CFrame.new(-3.4458935260772705e-08, 3.5762786865234375e-07, 5.3849362302571535e-08, 0.9805765151977539, 0.04169059544801712, 0.19165505468845367, 0.038308531045913696, 0.9176193475723267, -0.39560985565185547, -0.19235959649085999, 0.3952678143978119, 0.8981989622116089),
            ["LeftLowerArm"] = CFrame.new(3.2782554626464844e-07, -2.980232238769531e-07, -8.940696716308594e-08, 1, -9.872020712009544e-08, 8.568167686462402e-08, 6.705523247774181e-08, 0.3584741950035095, -0.9335396885871887, 1.4901162614933128e-07, 0.9335396885871887, 0.3584742248058319),
            ["LeftFoot"] = CFrame.new(3.725290298461914e-09, 0, -7.450580596923828e-09, 0.9738026261329651, -0.20163725316524506, 0.1051231175661087, 0.22605577111244202, 0.9085090160369873, -0.3514399826526642, -0.02464188262820244, 0.36599692702293396, 0.9302898049354553),
            ["Head"] = CFrame.new(3.119930624961853e-08, 0, 8.381903171539307e-09, 0.9976573586463928, 0.06822966784238815, -0.0049409870989620686, -0.06738928705453873, 0.9678038358688354, -0.2425171583890915, -0.01176501251757145, 0.24228213727474213, 0.9701346158981323),
            ["LowerTorso"] = CFrame.new(0.206356018781662, -0.09716081619262695, -0.06969325244426727, 0.997056245803833, -0.05769379809498787, -0.050500255078077316, 0.05631978064775467, 0.9980139136314392, -0.028222424909472466, 0.05202820897102356, 0.025295186787843704, 0.9983252286911011),
            ["UpperTorso"] = CFrame.new(6.984919309616089e-10, 1.4901161193847656e-07, 0, 0.9995678067207336, 0.009205346927046776, 0.027920294553041458, -0.012156017124652863, 0.9941387176513672, 0.10742669552564621, -0.02676774375140667, -0.10771965235471725, 0.9938209652900696),
            ["HumanoidRootPart"] = CFrame.new(0, 0, 0, 1, 0, 0, 0, 1, 0, 0, 0, 1),
            ["RightUpperLeg"] = CFrame.new(0, 2.0209699869155884e-07, -9.145878721028566e-09, 0.9379836320877075, -0.010604117065668106, -0.34651732444763184, 0.002093452727422118, 0.999687135219574, -0.024925796315073967, 0.3466731309890747, 0.02265448495745659, 0.9377124309539795),
            ["LeftUpperArm"] = CFrame.new(0, 1.1920928955078125e-07, -3.725290298461914e-09, 0.9243993163108826, 0.15524409711360931, -0.3484041094779968, -0.13097698986530304, 0.987078070640564, 0.09231436252593994, 0.35823318362236023, -0.039702367037534714, 0.9327875971794128),
            ["RightLowerArm"] = CFrame.new(2.384185791015625e-07, 2.384185791015625e-07, 5.960464477539063e-08, 1, -5.960465898624534e-08, 6.705523958316917e-08, 4.470348358154297e-08, 0.5387033224105835, -0.8424955606460571, 3.166496753692627e-08, 0.8424956202507019, 0.5387033224105835),
            ["LeftHand"] = CFrame.new(0, 1.1920928955078125e-07, 2.682209014892578e-07, 0.920895516872406, -0.016799265518784523, -0.3894476592540741, 0.1165986955165863, 0.9652007222175598, 0.23407751321792603, 0.37196263670921326, -0.2609700560569763, 0.8908076882362366),
            ["RightHand"] = CFrame.new(0, 5.960464477539063e-08, 1.1920928955078125e-07, 0.6436007022857666, 0.3664061725139618, 0.6719560027122498, -0.36666011810302734, 0.9182608723640442, -0.14952446520328522, -0.671817421913147, -0.15014521777629852, 0.7253397107124329),
            ["RightUpperArm"] = CFrame.new(1.1920928955078125e-07, 1.1920928955078125e-07, 2.2351741790771484e-08, 0.8408936858177185, -0.1887858808040619, 0.5072059035301208, 0.16886460781097412, 0.9819222688674927, 0.08551901578903198, -0.5141814351081848, 0.01373668946325779, 0.8575714230537415),
            ["RightLowerLeg"] = CFrame.new(-9.685754776000977e-08, -0.00006020069122314453, -0.00007205286965472624, 1, -4.842878453814592e-08, -2.7939673685750677e-08, 6.89178563106907e-08, 0.8917356729507446, 0.45255640149116516, -7.846390559507199e-08, -0.4525567591190338, 0.891735851764679),
            ["LeftUpperLeg"] = CFrame.new(0, 5.844049155712128e-08, 0, 0.9070190191268921, 0.33353206515312195, 0.25704652070999146, -0.2659205496311188, 0.9269986152648926, -0.2644995450973511, -0.3265007734298706, 0.1715521216392517, 0.9294983744621277),
            ["LeftLowerLeg"] = CFrame.new(-1.1175870895385742e-07, 0.00006031990051269531, 0.00007206946611404419, 1, 1.4901162970204496e-08, 3.72529100900465e-08, -6.705523958316917e-08, 0.7904984951019287, 0.612464189529419, 0, -0.6124641299247742, 0.7904984354972839),
        }},
        {Time = 0.033, Data = {
            ["RightFoot"] = CFrame.new(-6.798654794692993e-08, 4.172325134277344e-07, 1.6596459317952394e-08, 0.9808307886123657, 0.03901781886816025, 0.19091551005840302, 0.03787780925631523, 0.922884464263916, -0.38320931792259216, -0.19114480912685394, 0.3830952048301697, 0.9037156105041504),
            ["LeftLowerArm"] = CFrame.new(-2.086162567138672e-07, -2.980232238769531e-07, -1.4901161193847656e-07, 1, 4.097820394122209e-08, 1.0430815677864302e-07, 9.685754776000977e-08, 0.2023100107908249, -0.9793215394020081, 6.332993507385254e-08, 0.9793215990066528, 0.2023099958896637),
            ["LeftFoot"] = CFrame.new(-1.6763806343078613e-08, 0, 7.450580596923828e-09, 0.9727554321289062, -0.20206931233406067, 0.11364433914422989, 0.22947050631046295, 0.9090381860733032, -0.3478403687477112, -0.03301909193396568, 0.3644416034221649, 0.930640697479248),
            ["Head"] = CFrame.new(2.1653249859809875e-08, 0, 6.05359673500061e-09, 0.996516227722168, 0.0714527890086174, -0.04301122948527336, -0.08102995157241821, 0.951575756072998, -0.2965429127216339, 0.0197395458817482, 0.29899510741233826, 0.9540505409240723),
            ["LowerTorso"] = CFrame.new(0.2110728770494461, -0.09513545036315918, -0.06486121565103531, 0.9971437454223633, -0.06424099951982498, -0.039717305451631546, 0.06381812691688538, 0.9978914856910706, -0.011826529167592525, 0.04039331153035164, 0.00925806537270546, 0.9991409778594971),
            ["UpperTorso"] = CFrame.new(-1.4202669262886047e-08, 1.4901161193847656e-07, -5.587935447692871e-09, 0.9994256496429443, 0.02309262380003929, 0.024802666157484055, -0.025255419313907623, 0.9955528378486633, 0.09075594693422318, -0.022596577182412148, -0.09133021533489227, 0.995564341545105),
            ["HumanoidRootPart"] = CFrame.new(0, 0, 0, 1, 0, 0, 0, 1, 0, 0, 0, 1),
            ["RightUpperLeg"] = CFrame.new(5.960464477539063e-08, -1.2398231774568558e-08, 3.892637323588133e-09, 0.9340300559997559, 0.005023049656301737, -0.35715916752815247, -0.012947582639753819, 0.9997201561927795, -0.019799942150712013, 0.3569597601890564, 0.023118020966649055, 0.933833658695221),
            ["LeftUpperArm"] = CFrame.new(5.960464477539063e-08, 0, -3.166496753692627e-08, 0.8545106649398804, 0.20326462388038635, -0.478011816740036, -0.15895430743694305, 0.9784345626831055, 0.13190630078315735, 0.49451521039009094, -0.03673320263624191, 0.8683925271034241),
            ["RightLowerArm"] = CFrame.new(2.980232238769531e-07, 5.960464477539062e-07, 8.940696716308594e-08, 1, -7.450580596923828e-08, 2.980232594040899e-08, 5.960464477539063e-08, 0.444030225276947, -0.8960118293762207, 4.0978193283081055e-08, 0.8960118889808655, 0.4440303146839142),
            ["LeftHand"] = CFrame.new(1.7881393432617188e-07, -1.1920928955078125e-07, 5.960464477539063e-08, 0.7843113541603088, 0.14389584958553314, -0.6034481525421143, -0.08440904319286346, 0.9884339570999146, 0.12599064409732819, 0.6145981550216675, -0.04787938669323921, 0.7873860001564026),
            ["RightHand"] = CFrame.new(1.4901161193847656e-07, 1.7881393432617188e-07, -2.980232238769531e-07, 0.54649418592453, 0.3297574818134308, 0.7698078155517578, -0.2650314271450043, 0.9400690793991089, -0.21454285085201263, -0.7944196462631226, -0.08677656203508377, 0.6011383533477783),
            ["RightUpperArm"] = CFrame.new(-1.1920928955078125e-07, -1.1920928955078125e-07, -2.421438694000244e-08, 0.8082510828971863, -0.21031156182289124, 0.5499992966651917, 0.18738357722759247, 0.9773503541946411, 0.0983547791838646, -0.5582271218299866, 0.02356548234820366, 0.8293535113334656),
            ["RightLowerLeg"] = CFrame.new(-1.043081283569336e-07, -0.00006026029586791992, -0.00007206404552562162, 1, -7.078052277620372e-08, -2.7939673685750677e-08, 4.6566135836201283e-08, 0.9051592946052551, 0.42507216334342957, -1.9790606486935758e-08, -0.425072580575943, 0.9051594734191895),
            ["LeftUpperLeg"] = CFrame.new(-5.960464477539063e-08, -7.898779585957527e-08, 7.450580596923828e-09, 0.9115428328514099, 0.3389464318752289, 0.23281970620155334, -0.26803120970726013, 0.9191353917121887, -0.28870323300361633, -0.3118478059768677, 0.20076245069503784, 0.9286794662475586),
            ["LeftLowerLeg"] = CFrame.new(1.4901161193847656e-08, 0.000060617923736572266, 0.00007206201553344727, 1, 3.725289587919178e-08, -7.450580596923828e-09, -5.587935447692871e-08, 0.7859189510345459, 0.6183295845985413, 3.3527612686157227e-08, -0.6183295249938965, 0.7859189510345459),
        }},
        {Time = 0.067, Data = {
            ["RightFoot"] = CFrame.new(-3.818422555923462e-08, 2.980232238769531e-07, 9.145878721028566e-09, 0.9807887673377991, 0.038928158581256866, 0.1911492645740509, 0.03654303029179573, 0.9258742332458496, -0.37606024742126465, -0.19161945581436157, 0.3758211135864258, 0.9066646099090576),
            ["LeftLowerArm"] = CFrame.new(1.7881393432617188e-07, -3.5762786865234375e-07, 0, 1, -1.0617082324415605e-07, 1.1175868053214799e-07, 7.823107495141812e-08, 0.08537853509187698, -0.9963485598564148, 1.7508860139514582e-07, 0.9963486790657043, 0.085378497838974),
            ["LeftFoot"] = CFrame.new(4.6566128730773926e-08, -1.1920928955078125e-07, 1.507578417658806e-08, 0.9703395366668701, -0.20109671354293823, 0.13416902720928192, 0.2359973043203354, 0.9082982540130615, -0.34539780020713806, -0.05240724980831146, 0.3668166995048523, 0.928816020488739),
            ["Head"] = CFrame.new(1.8277205526828766e-08, 1.1920928955078125e-07, -9.42964106798172e-09, 0.9936835169792175, 0.07396117597818375, -0.08439724147319794, -0.09780233353376389, 0.9395537376403809, -0.3281365931034088, 0.055026277899742126, 0.3343181312084198, 0.9408525824546814),
            ["LowerTorso"] = CFrame.new(0.21432636678218842, -0.09465408325195312, -0.06339062750339508, 0.997323215007782, -0.06962911039590836, -0.022322427481412888, 0.06963041424751282, 0.9975726008415222, -0.0007209059549495578, 0.022318435832858086, -0.0008353440789505839, 0.9997506141662598),
            ["UpperTorso"] = CFrame.new(-1.0593794286251068e-08, 2.9802322387695312e-08, 3.14321368932724e-09, 0.9992291331291199, 0.03555666282773018, 0.016643304377794266, -0.0367082878947258, 0.996511697769165, 0.07494747638702393, -0.013920360244810581, -0.07550064474344254, 0.9970486164093018),
            ["HumanoidRootPart"] = CFrame.new(0, 0, 0, 1, 0, 0, 0, 1, 0, 0, 0, 1),
            ["RightUpperLeg"] = CFrame.new(0, -2.1393861970864236e-07, -1.6952981241047382e-09, 0.9272242188453674, 0.017147697508335114, -0.37411394715309143, -0.02197207510471344, 0.9997212886810303, -0.008634285070002079, 0.3738616406917572, 0.016225842759013176, 0.9273425340652466),
            ["LeftUpperArm"] = CFrame.new(5.960464477539063e-08, 2.384185791015625e-07, -9.313225746154785e-09, 0.790476381778717, 0.21768155694007874, -0.5725050568580627, -0.17625051736831665, 0.9760199189186096, 0.12775328755378723, 0.5865857005119324, -0.00008154264651238918, 0.809887170791626),
            ["RightLowerArm"] = CFrame.new(-2.384185791015625e-07, -1.1920928955078125e-07, -2.9802322387695312e-08, 1, -2.309680269263481e-07, -1.4901162970204496e-08, 1.0430814256778831e-07, 0.3518798351287842, -0.9360453486442566, 1.0803343286625022e-07, 0.9360451698303223, 0.35187968611717224),
            ["LeftHand"] = CFrame.new(-2.9802322387695312e-08, 5.960464477539063e-08, -1.6391277313232422e-07, 0.47673800587654114, -0.16352123022079468, -0.8637024760246277, -0.16925060749053955, 0.9470866322517395, -0.27272918820381165, 0.8625978827476501, 0.2762022614479065, 0.42383596301078796),
            ["RightHand"] = CFrame.new(0, -1.1920928955078125e-07, 8.940696716308594e-08, 0.44435468316078186, 0.3262595236301422, 0.8343285322189331, -0.18010705709457397, 0.944844126701355, -0.27355271577835083, -0.8775593638420105, -0.028713900595903397, 0.47860726714134216),
            ["RightUpperArm"] = CFrame.new(1.1920928955078125e-07, 2.384185791015625e-07, -8.381903171539307e-09, 0.769325315952301, -0.2399197220802307, 0.592095673084259, 0.2149866819381714, 0.9699757099151611, 0.11370054632425308, -0.6015974283218384, 0.03981994464993477, 0.7978062629699707),
            ["RightLowerLeg"] = CFrame.new(1.3783574104309082e-07, -0.00006031990051269531, -0.00007208267197711393, 1, -6.705523247774181e-08, 1.862645149230957e-09, 6.10016357427412e-08, 0.9159724116325378, 0.40124115347862244, -7.078052277620372e-08, -0.40124139189720154, 0.9159724712371826),
            ["LeftUpperLeg"] = CFrame.new(0, -2.1701998775824904e-07, 1.30385160446167e-08, 0.9218142628669739, 0.33657732605934143, 0.1922869086265564, -0.2698633372783661, 0.9133278727531433, -0.30496880412101746, -0.2782665193080902, 0.22923342883586884, 0.9327486157417297),
            ["LeftLowerLeg"] = CFrame.new(1.4901161193847656e-08, 0.000060677528381347656, 0.00007210671901702881, 1, 8.195639367158947e-08, 2.980232949312267e-08, -6.70552182668871e-08, 0.7794726490974426, 0.6264364719390869, 2.607702853651972e-08, -0.6264364123344421, 0.7794725894927979),
        }},
        {Time = 0.100, Data = {
            ["RightFoot"] = CFrame.new(1.862645149230957e-08, 3.5762786865234375e-07, -2.0656443666666746e-08, 0.9806290864944458, 0.0402466282248497, 0.1916951835155487, 0.035772498697042465, 0.9254053831100464, -0.37728655338287354, -0.19258028268814087, 0.3768356442451477, 0.9060397148132324),
            ["LeftLowerArm"] = CFrame.new(-8.940696716308594e-08, -2.384185791015625e-07, -8.940696716308594e-08, 1, -1.564621925354004e-07, 7.450579886381092e-08, 7.450580596923828e-08, 0.042942773550748825, -0.999077558517456, 9.406358003616333e-08, 0.999077558517456, 0.04294276610016823),
            ["LeftFoot"] = CFrame.new(-1.0058283805847168e-07, 0, -1.1175870895385742e-08, 0.9665746688842773, -0.19922971725463867, 0.16137228906154633, 0.24426968395709991, 0.9068036675453186, -0.34356915950775146, -0.07788370549678802, 0.3715035021305084, 0.9251590967178345),
            ["Head"] = CFrame.new(1.3085809769108891e-08, 0, 1.1641532182693481e-10, 0.9893273115158081, 0.07556496560573578, -0.12458465248346329, -0.1127808690071106, 0.9384921193122864, -0.32636335492134094, 0.09225998818874359, 0.3369309604167938, 0.9369982481002808),
            ["LowerTorso"] = CFrame.new(0.21641485393047333, -0.09633851051330566, -0.06273303925991058, 0.9973616003990173, -0.07258106768131256, -0.0013450385304167867, 0.07258696854114532, 0.9973495602607727, 0.0050098286010324955, 0.0009778541279956698, -0.0050942436791956425, 0.9999865889549255),
            ["UpperTorso"] = CFrame.new(2.3370375856757164e-08, 1.4901161193847656e-07, 1.0157236829400063e-08, 0.9990358352661133, 0.04369146376848221, 0.004292945843189955, -0.04387621581554413, 0.9970090985298157, 0.06362175941467285, -0.0015003783628344536, -0.06374875456094742, 0.9979648590087891),
            ["HumanoidRootPart"] = CFrame.new(0, 0, 0, 1, 0, 0, 0, 1, 0, 0, 0, 1),
            ["RightUpperLeg"] = CFrame.new(-2.9802322387695312e-08, 2.4604378268122673e-07, 9.822542779147625e-10, 0.9187829494476318, 0.022877806797623634, -0.394099622964859, -0.025043385103344917, 0.9996863603591919, -0.0003522853075992316, 0.3939679265022278, 0.01019317377358675, 0.9190676212310791),
            ["LeftUpperArm"] = CFrame.new(5.960464477539063e-08, -1.1920928955078125e-07, -3.096647560596466e-08, 0.7574442028999329, 0.19849704205989838, -0.6219947934150696, -0.17634019255638123, 0.9794554710388184, 0.09783186763525009, 0.6286354064941406, 0.035580623894929886, 0.7768857479095459),
            ["RightLowerArm"] = CFrame.new(2.384185791015625e-07, -4.172325134277344e-07, -2.9802322387695312e-08, 1, -4.4703494239684005e-08, 7.4505820180093e-08, 7.264316792543468e-08, 0.2726806402206421, -0.9621046185493469, 5.960465188081798e-08, 0.9621046781539917, 0.2726806700229645),
            ["LeftHand"] = CFrame.new(2.9802322387695312e-08, 1.1920928955078125e-07, -1.1920928955078125e-07, 0.3548521101474762, -0.28582316637039185, -0.8901603817939758, -0.24503099918365479, 0.8904074430465698, -0.3835810124874115, 0.902241587638855, 0.35423123836517334, 0.245927095413208),
            ["RightHand"] = CFrame.new(2.086162567138672e-07, 5.960464477539063e-08, 1.7881393432617188e-07, 0.36926159262657166, 0.31050243973731995, 0.875918984413147, -0.146344393491745, 0.9502007365226746, -0.2751398980617523, -0.917730450630188, -0.026586946099996567, 0.3963128328323364),
            ["RightUpperArm"] = CFrame.new(0, 2.384185791015625e-07, -4.6566128730773926e-09, 0.7562539577484131, -0.24685470759868622, 0.6059232950210571, 0.20470178127288818, 0.9688713550567627, 0.13923190534114838, -0.6214315891265869, 0.01873883791267872, 0.7832441926002502),
            ["RightLowerLeg"] = CFrame.new(-4.284083843231201e-08, -0.00006103515625, -0.00007204728171927854, 1, -5.21540641784668e-08, -2.4214383387288763e-08, 5.331820318588143e-08, 0.9198905825614929, 0.3921750485897064, -4.738102532542143e-08, -0.39217525720596313, 0.9198906421661377),
            ["LeftUpperLeg"] = CFrame.new(-5.960464477539063e-08, 1.8996070139110088e-07, 5.791662260890007e-09, 0.9340417385101318, 0.3273337781429291, 0.1428939700126648, -0.27055180072784424, 0.9096294045448303, -0.31523972749710083, -0.23316916823387146, 0.25578680634498596, 0.9381925463676453),
            ["LeftLowerLeg"] = CFrame.new(-1.862645149230957e-08, 0.00006073713302612305, 0.0000720396637916565, 1, 5.215407838932151e-08, 1.4901161193847656e-08, -3.725289943190546e-08, 0.7710140943527222, 0.636817991733551, 2.2351738238057806e-08, -0.6368181109428406, 0.7710141539573669),
        }},
        {Time = 0.133, Data = {
            ["RightFoot"] = CFrame.new(2.2351741790771484e-08, 2.980232238769531e-07, -1.3205863069742918e-08, 0.9805518388748169, 0.04220565780997276, 0.19166883826255798, 0.0363309308886528, 0.9206893444061279, -0.38860148191452026, -0.19286836683750153, 0.38800743222236633, 0.9012502431869507),
            ["LeftLowerArm"] = CFrame.new(2.682209014892578e-07, -3.5762786865234375e-07, 2.9802322387695312e-08, 1, -9.313229298868464e-09, 8.940695295223122e-08, 7.53207345383089e-08, 0.04982677847146988, -0.9987578988075256, 1.8719588013027533e-07, 0.9987578988075256, 0.04982677474617958),
            ["LeftFoot"] = CFrame.new(-5.029141902923584e-08, -1.7881393432617188e-07, -2.9802322387695312e-08, 0.961837112903595, -0.19728697836399078, 0.18959787487983704, 0.25326380133628845, 0.9041810035705566, -0.3439684212207794, -0.10357022285461426, 0.37885957956314087, 0.9196404218673706),
            ["Head"] = CFrame.new(2.153683453798294e-08, 0, -4.773028194904327e-09, 0.9836983680725098, 0.08017397671937943, -0.16096509993076324, -0.12473823875188828, 0.9489732384681702, -0.28963831067085266, 0.1295299530029297, 0.30499520897865295, 0.9435040950775146),
            ["LowerTorso"] = CFrame.new(0.21757985651493073, -0.10096073150634766, -0.06228012219071388, 0.9971166253089905, -0.07318967580795288, 0.020046453922986984, 0.07307896018028259, 0.9973069429397583, 0.006203122902661562, -0.020446473732590675, -0.004720264580100775, 0.9997798204421997),
            ["UpperTorso"] = CFrame.new(4.109460860490799e-08, 2.086162567138672e-07, 2.7939677238464355e-09, 0.9988685250282288, 0.046685151755809784, -0.009069867432117462, -0.04610419273376465, 0.997355043888092, 0.05619007721543312, 0.011669120751321316, -0.05570831894874573, 0.9983789324760437),
            ["HumanoidRootPart"] = CFrame.new(0, 0, 0, 1, 0, 0, 0, 1, 0, 0, 0, 1),
            ["RightUpperLeg"] = CFrame.new(0, 1.3649696484208107e-08, 9.480572771281004e-09, 0.9101789593696594, 0.02119220420718193, -0.41367289423942566, -0.023496337234973907, 0.9997238516807556, -0.0004824525094591081, 0.41354846954345703, 0.010158865712583065, 0.9104254245758057),
            ["LeftUpperArm"] = CFrame.new(0, -2.384185791015625e-07, -4.6566128730773926e-09, 0.751864492893219, 0.17348314821720123, -0.6360846757888794, -0.1746813952922821, 0.9826999306678772, 0.06154036521911621, 0.6357564330101013, 0.06484226882457733, 0.7691613435745239),
            ["RightLowerArm"] = CFrame.new(0, -3.5762786865234375e-07, 2.682209014892578e-07, 1, -6.705521116145974e-08, 1.4901162970204496e-08, 6.705521116145974e-08, 0.2438633143901825, -0.9698096513748169, 6.705521116145974e-08, 0.9698095917701721, 0.24386340379714966),
            ["LeftHand"] = CFrame.new(8.940696716308594e-08, 1.7881393432617188e-07, -5.103647708892822e-07, 0.40295109152793884, -0.13643161952495575, -0.9049957990646362, -0.23553919792175293, 0.9400606751441956, -0.2465916872024536, 0.8843933939933777, 0.31252607703208923, 0.3466631770133972),
            ["RightHand"] = CFrame.new(-8.940696716308594e-08, -5.960464477539063e-08, 1.043081283569336e-07, 0.3708712160587311, 0.259043425321579, 0.8918245434761047, -0.18189530074596405, 0.9619717001914978, -0.2037763148546219, -0.9106967449188232, -0.08664349466562271, 0.4038865268230438),
            ["RightUpperArm"] = CFrame.new(0, -1.1920928955078125e-07, 1.862645149230957e-09, 0.7527207136154175, -0.2408306747674942, 0.6127092242240906, 0.1907307207584381, 0.9705480337142944, 0.1471673846244812, -0.6301059722900391, 0.006086507346481085, 0.7764852643013),
            ["RightLowerLeg"] = CFrame.new(5.960464477539063e-08, -0.000060498714447021484, -0.00007208267197711393, 1, -5.960464477539063e-08, -4.4703462265260896e-08, 5.890614573900166e-08, 0.9147751927375793, 0.4039629101753235, -3.77185607192132e-08, -0.4039633274078369, 0.9147754907608032),
            ["LeftUpperLeg"] = CFrame.new(1.1920928955078125e-07, 8.026836439967155e-08, 7.916241884231567e-09, 0.944873571395874, 0.31420767307281494, 0.09212704747915268, -0.2701471447944641, 0.9070551991462708, -0.3229111433029175, -0.18502545356750488, 0.2802222669124603, 0.9419347047805786),
            ["LeftLowerLeg"] = CFrame.new(-7.078051567077637e-08, 0.000060439109802246094, 0.00007208436727523804, 1, 8.195639367158947e-08, 2.9802315282267955e-08, -1.1175872671742582e-08, 0.7588691115379333, 0.6512433290481567, 4.842878098543224e-08, -0.6512433290481567, 0.7588689923286438),
        }},
        {Time = 0.167, Data = {
            ["RightFoot"] = CFrame.new(1.3969838619232178e-08, 4.76837158203125e-07, 1.6952981241047382e-09, 0.9803324341773987, 0.04463798925280571, 0.19223889708518982, 0.038513533771038055, 0.9120847582817078, -0.40818852186203003, -0.19355885684490204, 0.407564640045166, 0.8924272060394287),
            ["LeftLowerArm"] = CFrame.new(-3.5762786865234375e-07, 2.980232238769531e-07, 8.940696716308594e-08, 1, -8.56816981809061e-08, 7.450580596923828e-08, 8.754432911928234e-08, 0.10896646231412888, -0.9940454959869385, 8.102507109697399e-08, 0.9940454959869385, 0.10896642506122589),
            ["LeftFoot"] = CFrame.new(-1.4901161193847656e-08, 5.960464477539063e-08, 1.1175870895385742e-08, 0.9570364952087402, -0.19645318388938904, 0.21327760815620422, 0.2620888352394104, 0.9007374048233032, -0.3463832139968872, -0.12405893206596375, 0.38739919662475586, 0.9135269522666931),
            ["Head"] = CFrame.new(1.4668330550193787e-08, 2.384185791015625e-07, 1.210719347000122e-08, 0.9784122705459595, 0.08938220888376236, -0.18633343279361725, -0.130502387881279, 0.966341495513916, -0.22170573472976685, 0.16024506092071533, 0.24123665690422058, 0.9571449756622314),
            ["LowerTorso"] = CFrame.new(0.21793504059314728, -0.10830020904541016, -0.06202639266848564, 0.9966856241226196, -0.0714251846075058, 0.03893997147679329, 0.07130070775747299, 0.9974443316459656, 0.004578510764986277, -0.03916747868061066, -0.001786892767995596, 0.9992311000823975),
            ["UpperTorso"] = CFrame.new(2.3283064365386963e-09, -1.1920928955078125e-07, -9.313225746154785e-10, 0.9987615346908569, 0.045174360275268555, -0.020851336419582367, -0.04413227364420891, 0.9978724718093872, 0.04798877239227295, 0.02297484315931797, -0.047009117901325226, 0.9986302852630615),
            ["HumanoidRootPart"] = CFrame.new(0, 0, 0, 1, 0, 0, 0, 1, 0, 0, 0, 1),
            ["RightUpperLeg"] = CFrame.new(-2.9802322387695312e-08, -3.04047716781497e-07, 3.892637323588133e-09, 0.9021114110946655, 0.011972378008067608, -0.4313369691371918, -0.018267584964632988, 0.9997785091400146, -0.010455242358148098, 0.4311164319515228, 0.01731117069721222, 0.9021303653717041),
            ["LeftUpperArm"] = CFrame.new(0, 1.1920928955078125e-07, 4.6566128730773926e-09, 0.7756222486495972, 0.15606026351451874, -0.6116007566452026, -0.17513419687747955, 0.9841170310974121, 0.029011299833655357, 0.6064141988754272, 0.08461052179336548, 0.7906344532966614),
            ["RightLowerArm"] = CFrame.new(1.1920928955078125e-07, 5.960464477539063e-08, 1.7881393432617188e-07, 1, -5.960464477539063e-08, 2.980232594040899e-08, 6.239861960466442e-08, 0.29945236444473267, -0.9541113376617432, 3.3527616238870905e-08, 0.9541113376617432, 0.2994523346424103),
            ["LeftHand"] = CFrame.new(0, 2.384185791015625e-07, 5.587935447692871e-08, 0.5697711706161499, 0.03758399188518524, -0.8209438920021057, -0.13808755576610565, 0.9891290068626404, -0.0505550354719162, 0.8101188540458679, 0.14216671884059906, 0.5687665939331055),
            ["RightHand"] = CFrame.new(1.7881393432617188e-07, 2.980232238769531e-07, -3.2782554626464844e-07, 0.49251294136047363, 0.1858023703098297, 0.8502404689788818, -0.29583996534347534, 0.9545121192932129, -0.03721947595477104, -0.8184801936149597, -0.23320390284061432, 0.5250771641731262),
            ["RightUpperArm"] = CFrame.new(0, 1.1920928955078125e-07, 1.30385160446167e-08, 0.7822648286819458, -0.19867081940174103, 0.590416669845581, 0.17332535982131958, 0.9797705411911011, 0.10004023462533951, -0.5983477830886841, 0.02407616749405861, 0.8008747100830078),
            ["RightLowerLeg"] = CFrame.new(-9.685754776000977e-08, -0.000060498714447021484, -0.0000720565949450247, 1, -7.823110337312755e-08, 1.862645149230957e-09, 6.752089376504955e-08, 0.9007775783538818, 0.4342803359031677, -7.93952565913969e-08, -0.4342808425426483, 0.9007778167724609),
            ["LeftUpperLeg"] = CFrame.new(-5.960464477539063e-08, -2.618107828311622e-07, -9.313225746154785e-10, 0.9527486562728882, 0.300094336271286, 0.04704615846276283, -0.26842015981674194, 0.9042500853538513, -0.33208802342414856, -0.14219924807548523, 0.3037682771682739, 0.9420744776725769),
            ["LeftLowerLeg"] = CFrame.new(4.842877388000488e-08, 0.00006085634231567383, 0.00007217004895210266, 1, 7.450580596923828e-08, 5.2154071283894154e-08, -5.587935447692871e-08, 0.7412437200546265, 0.6712359189987183, 5.21540641784668e-08, -0.6712360978126526, 0.7412437796592712),
        }},
        {Time = 0.200, Data = {
            ["RightFoot"] = CFrame.new(2.7939677238464355e-09, 4.76837158203125e-07, 1.6952981241047382e-09, 0.9805566072463989, 0.04688457027077675, 0.19055356085300446, 0.040837787091732025, 0.9010265469551086, -0.4318370819091797, -0.19194023311138153, 0.4312227666378021, 0.8815929293632507),
            ["LeftLowerArm"] = CFrame.new(0, -1.1920928955078125e-07, 1.1175870895385742e-07, 1, -1.8998980522155762e-07, 7.078050856534901e-08, 1.0430815677864302e-07, 0.19540497660636902, -0.9807226061820984, -1.1757950169055675e-08, 0.9807226657867432, 0.19540497660636902),
            ["LeftFoot"] = CFrame.new(0, 5.960464477539063e-08, 0, 0.9538515210151672, -0.19665618240833282, 0.22692234814167023, 0.2682937681674957, 0.8975343704223633, -0.34992921352386475, -0.13485480844974518, 0.39466241002082825, 0.9088762402534485),
            ["Head"] = CFrame.new(-6.984919309616089e-09, 1.1920928955078125e-07, -5.587935447692871e-09, 0.9743479490280151, 0.10075724869966507, -0.201231449842453, -0.1297481656074524, 0.9821085929870605, -0.13648498058319092, 0.18387919664382935, 0.15909330546855927, 0.9699885845184326),
            ["LowerTorso"] = CFrame.new(0.21726728975772858, -0.1173543930053711, -0.06197454035282135, 0.9962252974510193, -0.06759653985500336, 0.05445991829037666, 0.0676531121134758, 0.9977086782455444, 0.0008067592862062156, -0.05438966304063797, 0.002880665473639965, 0.9985156655311584),
            ["UpperTorso"] = CFrame.new(3.003515303134918e-08, 2.086162567138672e-07, -5.820766091346741e-09, 0.9986865520477295, 0.04103614389896393, -0.030681468546390533, -0.039840225130319595, 0.9984592795372009, 0.038623593747615814, 0.032219164073467255, -0.037350501865148544, 0.9987826943397522),
            ["HumanoidRootPart"] = CFrame.new(0, 0, 0, 1, 0, 0, 0, 1, 0, 0, 0, 1),
            ["RightUpperLeg"] = CFrame.new(0, 2.475862856954336e-07, -1.1241354513913393e-08, 0.896291971206665, -0.002163900760933757, -0.4434591829776764, -0.010685049928724766, 0.9995924234390259, -0.02647371217608452, 0.44333571195602417, 0.02846645377576351, 0.895903468132019),
            ["LeftUpperArm"] = CFrame.new(5.960464477539063e-08, -2.384185791015625e-07, -1.30385160446167e-08, 0.809731125831604, 0.13786444067955017, -0.5703762769699097, -0.1718505620956421, 0.9851056337356567, -0.005859284196048975, 0.5610729455947876, 0.10276404768228531, 0.8213626742362976),
            ["RightLowerArm"] = CFrame.new(-1.7881393432617188e-07, -2.384185791015625e-07, 5.960464477539063e-08, 1, -5.960464477539063e-08, 5.960464477539063e-08, 5.587936158235607e-08, 0.3839603662490845, -0.9233495593070984, 1.9557776909095992e-07, 0.9233495593070984, 0.3839603662490845),
            ["LeftHand"] = CFrame.new(0, -1.1920928955078125e-07, -4.470348358154297e-07, 0.7365741729736328, 0.15456347167491913, -0.6584596037864685, 0.004782586824148893, 0.9723238348960876, 0.23358851671218872, 0.6763399243354797, -0.17520445585250854, 0.7154490947723389),
            ["RightHand"] = CFrame.new(-2.9802322387695312e-08, -5.960464477539063e-08, -8.940696716308594e-08, 0.6456592082977295, 0.13974837958812714, 0.7507294416427612, -0.38372907042503357, 0.9093471765518188, 0.16074806451797485, -0.6602091789245605, -0.39186498522758484, 0.6407536864280701),
            ["RightUpperArm"] = CFrame.new(-1.1920928955078125e-07, -1.1920928955078125e-07, -1.30385160446167e-08, 0.8368265628814697, -0.14049582183361053, 0.5291337370872498, 0.14008232951164246, 0.9892851114273071, 0.04113465175032616, -0.5292431712150574, 0.03969968482851982, 0.8475409150123596),
            ["RightLowerLeg"] = CFrame.new(5.587935447692871e-08, -0.0000603795051574707, -0.00007203796849353239, 1, -6.705523247774181e-08, -2.0489096641540527e-08, 7.450579886381092e-08, 0.8804079294204712, 0.47421693801879883, -6.565823440496388e-08, -0.4742172062397003, 0.8804081082344055),
            ["LeftUpperLeg"] = CFrame.new(2.9802322387695312e-08, 1.686203177087009e-07, -1.1990778148174286e-08, 0.9577266573905945, 0.287311315536499, 0.014557790011167526, -0.26511767506599426, 0.9011279344558716, -0.3430468440055847, -0.11167966574430466, 0.3246854841709137, 0.9392054677009583),
            ["LeftLowerLeg"] = CFrame.new(4.470348358154297e-08, 0.000060677528381347656, 0.0000721178948879242, 1, 7.450581307466564e-08, 2.2351745343485163e-08, -5.2154071283894154e-08, 0.7203490734100342, 0.6936116814613342, 3.725290653733282e-08, -0.693611741065979, 0.720349133014679),
        }},
        {Time = 0.233, Data = {
            ["RightFoot"] = CFrame.new(-6.239861249923706e-08, 2.384185791015625e-07, 1.6596459317952394e-08, 0.9806858897209167, 0.04951024800539017, 0.18921935558319092, 0.0430816151201725, 0.8889912962913513, -0.4558928906917572, -0.19078563153743744, 0.455239862203598, 0.8696882724761963),
            ["LeftLowerArm"] = CFrame.new(1.1920928955078125e-07, -4.172325134277344e-07, -2.2351741790771484e-08, 1, -8.940698847936801e-08, 9.685753354915505e-08, 8.568168397005138e-08, 0.24390560388565063, -0.9697989821434021, 2.0489098417897367e-08, 0.9697990417480469, 0.24390552937984467),
            ["LeftFoot"] = CFrame.new(-5.587935447692871e-09, 0, 0, 0.9522656202316284, -0.1968621164560318, 0.23331420123577118, 0.2720988988876343, 0.8938479423522949, -0.35636773705482483, -0.1383921056985855, 0.4028415083885193, 0.9047467112541199),
            ["Head"] = CFrame.new(2.444721758365631e-08, 1.1920928955078125e-07, 1.3969838619232178e-09, 0.9714105725288391, 0.1097588986158371, -0.21051016449928284, -0.1243189200758934, 0.9905931353569031, -0.057184986770153046, 0.2022533416748047, 0.08172053843736649, 0.9759177565574646),
            ["LowerTorso"] = CFrame.new(0.2154487669467926, -0.1275010108947754, -0.062121883034706116, 0.9958069920539856, -0.06304509192705154, 0.06628621369600296, 0.06341799348592758, 0.9979808330535889, -0.003534129122272134, -0.06592955440282822, 0.0077230436727404594, 0.9977943897247314),
            ["UpperTorso"] = CFrame.new(-7.2177499532699585e-09, -1.1920928955078125e-07, -4.6566128730773926e-09, 0.9985983967781067, 0.036651529371738434, -0.03818492218852043, -0.03551330789923668, 0.9989166855812073, 0.030071856454014778, 0.03924573212862015, -0.02867363765835762, 0.9988181591033936),
            ["HumanoidRootPart"] = CFrame.new(0, 0, 0, 1, 0, 0, 0, 1, 0, 0, 0, 1),
            ["RightUpperLeg"] = CFrame.new(0, -2.1711457520723343e-08, -9.611540008336306e-09, 0.8917897939682007, -0.018779948353767395, -0.45206013321876526, -0.0019906479865312576, 0.9989657402038574, -0.045427095144987106, 0.45244571566581726, 0.04141119495034218, 0.8908299207687378),
            ["LeftUpperArm"] = CFrame.new(-1.1920928955078125e-07, 2.384185791015625e-07, -4.190951585769653e-09, 0.8243668675422668, 0.12976469099521637, -0.5509814023971558, -0.17148612439632416, 0.9848787784576416, -0.0246200542896986, 0.5394551157951355, 0.1147817075252533, 0.8341542482376099),
            ["RightLowerArm"] = CFrame.new(-2.384185791015625e-07, -5.960464477539063e-08, -2.9802322387695312e-08, 1, -1.4528629321830522e-07, 1.4901162970204496e-08, 8.195636524988004e-08, 0.4279279112815857, -0.9038129448890686, -1.8626447051417472e-09, 0.9038128852844238, 0.4279279112815857),
            ["LeftHand"] = CFrame.new(1.1920928955078125e-07, -5.960464477539063e-08, 3.725290298461914e-07, 0.8020226359367371, 0.16231264173984528, -0.5748172402381897, 0.09193678945302963, 0.9173532724380493, 0.38731250166893005, 0.5901758670806885, -0.3634800314903259, 0.7208150029182434),
            ["RightHand"] = CFrame.new(-2.9802322387695312e-08, -1.1920928955078125e-07, 3.8743019104003906e-07, 0.7071550488471985, 0.141142800450325, 0.6928279399871826, -0.41429463028907776, 0.8767568469047546, 0.24424917995929718, -0.5729675889015198, -0.4597567319869995, 0.6784776449203491),
            ["RightUpperArm"] = CFrame.new(2.384185791015625e-07, 2.384185791015625e-07, 3.259629011154175e-09, 0.8662704825401306, -0.11044210195541382, 0.4872146546840668, 0.1204519048333168, 0.9926599264144897, 0.010852470062673092, -0.4848368465900421, 0.04928474873304367, 0.8732149004936218),
            ["RightLowerLeg"] = CFrame.new(-3.725290298461914e-09, -0.0000603795051574707, -0.00007206032023532316, 1, -6.332994928470725e-08, 2.60770320892334e-08, 7.450581307466564e-08, 0.856410026550293, 0.5162959694862366, -1.9557775843281888e-08, -0.51629638671875, 0.8564102649688721),
            ["LeftUpperLeg"] = CFrame.new(0, 2.8798240236938e-08, -1.0244548320770264e-08, 0.9609173536300659, 0.27675631642341614, -0.006623394787311554, -0.26105305552482605, 0.8979126811027527, -0.35440683364868164, -0.09213709831237793, 0.34228482842445374, 0.9350679516792297),
            ["LeftLowerLeg"] = CFrame.new(-2.9802322387695312e-08, 0.00006073713302612305, 0.00007202848792076111, 1, 5.21540641784668e-08, 2.980232594040899e-08, -3.725290653733282e-08, 0.6985343098640442, 0.7155765295028687, 5.2154071283894154e-08, -0.7155765295028687, 0.6985343098640442),
        }},
        {Time = 0.267, Data = {
            ["RightFoot"] = CFrame.new(5.960464477539063e-08, 4.172325134277344e-07, 3.894820110872388e-08, 0.9807502031326294, 0.052482228726148605, 0.18808166682720184, 0.044570304453372955, 0.8776094317436218, -0.4772997200489044, -0.1901119351387024, 0.4764949083328247, 0.8583765029907227),
            ["LeftLowerArm"] = CFrame.new(2.682209014892578e-07, -1.7881393432617188e-07, 2.8870999813079834e-08, 1, -3.539026138810186e-08, 3.72529100900465e-08, 1.1175869474300271e-07, 0.19568902254104614, -0.9806660413742065, 1.338776089987448e-09, 0.9806660413742065, 0.19568903744220734),
            ["LeftFoot"] = CFrame.new(3.073364496231079e-08, -1.7881393432617188e-07, 7.450580596923828e-09, 0.951257586479187, -0.1960490494966507, 0.2380627542734146, 0.2747187614440918, 0.8894509673118591, -0.36524903774261475, -0.14013853669166565, 0.41284605860710144, 0.8999550938606262),
            ["Head"] = CFrame.new(-1.5366822481155396e-08, -1.1920928955078125e-07, -1.862645149230957e-09, 0.9697703719139099, 0.11572764813899994, -0.21483156085014343, -0.11644887179136276, 0.9931528568267822, 0.009341382421553135, 0.21444164216518402, 0.01595793478190899, 0.9766064286231995),
            ["LowerTorso"] = CFrame.new(0.2123231440782547, -0.13777828216552734, -0.06239743530750275, 0.995486855506897, -0.059206586331129074, 0.07416575402021408, 0.05988213047385216, 0.9981815814971924, -0.0069159953854978085, -0.07362140715122223, 0.01132598053663969, 0.9972219467163086),
            ["UpperTorso"] = CFrame.new(2.6542693376541138e-08, -2.9802322387695312e-08, 2.7939677238464355e-09, 0.9984808564186096, 0.0342729277908802, -0.04314367473125458, -0.033238157629966736, 0.9991477131843567, 0.02447756566107273, 0.0439458042383194, -0.023006340488791466, 0.9987690448760986),
            ["HumanoidRootPart"] = CFrame.new(0, 0, 0, 1, 0, 0, 0, 1, 0, 0, 0, 1),
            ["RightUpperLeg"] = CFrame.new(1.1920928955078125e-07, 9.89530235528946e-09, -7.639755494892597e-10, 0.8888297080993652, -0.03490397334098816, -0.4569065272808075, 0.0059050009585917, 0.9978845715522766, -0.06474334746599197, 0.45819970965385437, 0.054847653955221176, 0.8871554136276245),
            ["LeftUpperArm"] = CFrame.new(-1.1920928955078125e-07, 2.384185791015625e-07, 1.862645149230957e-09, 0.7983710169792175, 0.14910143613815308, -0.5834147334098816, -0.18356524407863617, 0.983007550239563, 0.000024768984076217748, 0.5735047459602356, 0.10707502067089081, 0.8121744990348816),
            ["RightLowerArm"] = CFrame.new(1.1920928955078125e-07, 2.980232238769531e-07, 1.7881393432617188e-07, 1, -7.078050145992165e-08, 8.940696716308594e-08, 5.867331509534779e-08, 0.38202860951423645, -0.9241504669189453, 8.195637946073475e-08, 0.9241504669189453, 0.382028728723526),
            ["LeftHand"] = CFrame.new(-5.960464477539063e-08, 0, 2.384185791015625e-07, 0.7770327925682068, 0.10885369032621384, -0.6199764609336853, 0.0555172935128212, 0.9692439436912537, 0.23975862562656403, 0.6270070672035217, -0.22071963548660278, 0.7470911145210266),
            ["RightHand"] = CFrame.new(-8.940696716308594e-08, -1.7881393432617188e-07, 2.682209014892578e-07, 0.5671108365058899, 0.2114124298095703, 0.7960466146469116, -0.4305289387702942, 0.900035560131073, 0.06768304854631424, -0.7021611928939819, -0.3811047077178955, 0.6014389395713806),
            ["RightUpperArm"] = CFrame.new(-1.1920928955078125e-07, 1.1920928955078125e-07, -1.862645149230957e-09, 0.8557168245315552, -0.12068002671003342, 0.5031751394271851, 0.12005528807640076, 0.9921918511390686, 0.0337941013276577, -0.5033245086669922, 0.03149062767624855, 0.863523542881012),
