return {
    ["Steamed"] = {
        {Time = 0.000, Data = {
            ["RightFoot"] = CFrame.new(2.2351741790771484e-08, 2.980232238769531e-07, 1.845910446718335e-08, 0.9689088463783264, 0.24615474045276642, -0.02497180923819542, -0.23970258235931396, 0.9088917970657349, -0.3412594497203827, -0.06130543351173401, 0.3366357386112213, 0.9396374225616455),
            ["LeftLowerArm"] = CFrame.new(0, 0, -5.960464477539063e-08, 1, -9.313225746154785e-09, 4.1676685214042664e-08, 1.1175869119028903e-08, 0.9911621809005737, -0.1326557695865631, 1.6763804566721774e-08, 0.1326557844877243, 0.9911622405052185),
            ["RightUpperArm"] = CFrame.new(0, -1.1920928955078125e-07, -4.470348358154297e-08, 0.9947673082351685, 0.050695378333330154, -0.08870270103216171, -0.04457922279834747, 0.996576726436615, 0.0696246400475502, 0.09192872792482376, -0.06530603766441345, 0.9936217665672302),
            ["Head"] = CFrame.new(-1.7695128917694092e-08, -1.1920928955078125e-07, -4.7963112592697144e-08, 0.9371404647827148, 0.03705935180187225, 0.3469790816307068, -0.02476154826581478, 0.9989004731178284, -0.03981087729334831, -0.34807294607162476, 0.02871665172278881, 0.9370275139808655),
            ["RightHand"] = CFrame.new(3.0547380447387695e-07, 2.980232238769531e-07, 0, 0.9786540269851685, -0.19190233945846558, -0.07355158776044846, 0.17392036318778992, 0.9640145301818848, -0.20106662809848785, 0.10948999226093292, 0.1839825063943863, 0.9768124222755432),
            ["UpperTorso"] = CFrame.new(-1.7025740817189217e-09, 5.960464477539063e-08, 1.5832483768463135e-08, 0.9965594410896301, 0.0063124592415988445, -0.08264060318470001, 0.011201049201190472, 0.9776902198791504, 0.2097533643245697, 0.08212097734212875, -0.20995734632015228, 0.9742557406425476),
            ["HumanoidRootPart"] = CFrame.new(0, 0, 0, 1, 0, 0, 0, 1, 0, 0, 0, 1),
            ["RightUpperLeg"] = CFrame.new(1.1920928955078125e-07, 6.239861249923706e-08, 5.75528247281909e-09, 0.9127349853515625, -0.29579970240592957, -0.28181135654449463, 0.2657202184200287, 0.9537596106529236, -0.14048269391059875, 0.310334712266922, 0.053340304642915726, 0.949129581451416),
            ["LeftUpperArm"] = CFrame.new(-1.1920928955078125e-07, -2.384185791015625e-07, -5.960464477539063e-08, 0.9162179827690125, 0.12102626264095306, -0.3819650709629059, -0.09687917679548264, 0.9919201135635376, 0.08190789073705673, 0.3887917399406433, -0.03804101049900055, 0.9205400347709656),
            ["RightLowerArm"] = CFrame.new(0, -5.960464477539063e-08, -2.9802322387695312e-08, 1, -3.725290742551124e-09, 7.916241884231567e-09, 1.3038520485508798e-08, 0.994702160358429, -0.10279950499534607, -2.6542702258325335e-08, 0.10279951989650726, 0.9947021007537842),
            ["LeftHand"] = CFrame.new(-7.450580596923828e-09, 2.980232238769531e-07, -5.960464477539063e-08, 0.9771817326545715, 0.16199807822704315, 0.13737766444683075, -0.14741618931293488, 0.9828879833221436, -0.11045202612876892, -0.1529199182987213, 0.08768002688884735, 0.9843413233757019),
            ["LeftFoot"] = CFrame.new(0, 5.960464477539063e-08, 1.2293457984924316e-07, 0.970422625541687, -0.2329866886138916, -0.063222736120224, 0.2407010942697525, 0.9538845419883728, 0.17935310304164886, 0.018520623445510864, -0.18926574289798737, 0.9817512631416321),
            ["LowerTorso"] = CFrame.new(-0.06077461317181587, -0.1231999397277832, -0.023169219493865967, 0.9634994268417358, -0.011921759694814682, -0.26744481921195984, 0.00010016919259214774, 0.9990239143371582, -0.04417214170098305, 0.2677103877067566, 0.04253304377198219, 0.9625601768493652),
            ["RightLowerLeg"] = CFrame.new(-4.470348358154297e-08, -0.0000034570693969726562, -0.000013305041647981852, 1, -1.71712642327293e-07, -1.8626458597736928e-07, 3.3481057926110225e-07, 0.8609601855278015, 0.5086718201637268, -1.3038520307873114e-07, -0.5086724162101746, 0.8609604835510254),
            ["LeftUpperLeg"] = CFrame.new(-5.960464477539063e-08, -1.2014061212539673e-07, -7.450580596923828e-09, 0.9598093032836914, 0.2746267318725586, 0.05784856155514717, -0.24431703984737396, 0.9190359115600586, -0.3093254268169403, -0.1381140500307083, 0.28276005387306213, 0.949195146560669),
            ["LeftLowerLeg"] = CFrame.new(5.587935447692871e-08, 0.000004112720489501953, 0.000013366341590881348, 1, 3.725290298461914e-08, -8.195640788244418e-08, -4.8428763221863846e-08, 0.9867383241653442, 0.1623191386461258, -6.705521116145974e-08, -0.16231927275657654, 0.986738383769989),
        }},
        {Time = 0.033, Data = {
            ["RightFoot"] = CFrame.new(7.450580596923828e-09, 3.5762786865234375e-07, -3.183231456205249e-08, 0.9740918278694153, 0.2258969247341156, -0.01075277104973793, -0.2168412208557129, 0.9194247126579285, -0.3280826210975647, -0.06422647088766098, 0.32191428542137146, 0.9445878863334656),
            ["LeftLowerArm"] = CFrame.new(5.960464477539062e-07, 5.960464477539062e-07, 0, 1, -7.450578820566989e-09, 4.586763679981232e-08, 1.862645371275562e-09, 0.9902212619781494, -0.13950607180595398, 1.862645326866641e-08, 0.13950607180595398, 0.9902212619781494),
            ["RightUpperArm"] = CFrame.new(0, 0, -2.2351741790771484e-08, 0.9980307221412659, 0.03348108381032944, -0.05304551497101784, -0.029525481164455414, 0.9968452453613281, 0.0736747682094574, 0.0553448349237442, -0.07196345180273056, 0.9958705902099609),
            ["Head"] = CFrame.new(6.51925802230835e-09, 3.5762786865234375e-07, 8.707866072654724e-08, 0.9371755123138428, 0.04294869676232338, 0.34620437026023865, -0.028166834264993668, 0.9984683990478516, -0.04761824011802673, -0.3477192521095276, 0.03487519547343254, 0.9369498491287231),
            ["RightHand"] = CFrame.new(6.705522537231445e-08, 0, 2.9802322387695312e-08, 0.980724573135376, -0.18202540278434753, -0.07103656232357025, 0.16563160717487335, 0.9673201441764832, -0.19198410212993622, 0.10366109758615494, 0.17651760578155518, 0.978823721408844),
            ["UpperTorso"] = CFrame.new(1.0477378964424133e-09, 2.086162567138672e-07, 2.7939677238464355e-09, 0.9972056746482849, 0.001893122447654605, -0.07468125224113464, 0.013896393589675426, 0.9775305390357971, 0.21033571660518646, 0.07340146601200104, -0.21078576147556305, 0.9747726917266846),
            ["HumanoidRootPart"] = CFrame.new(0, 0, 0, 1, 0, 0, 0, 1, 0, 0, 0, 1),
            ["RightUpperLeg"] = CFrame.new(5.960464477539063e-08, -2.4354085326194763e-07, 5.045876605436206e-08, 0.9096438884735107, -0.31355544924736023, -0.2724537253379822, 0.2685519754886627, 0.94431072473526, -0.1901499629020691, 0.3169034719467163, 0.09980084747076035, 0.9431924223899841),
            ["LeftUpperArm"] = CFrame.new(-1.1920928955078125e-07, 0, -2.9802322387695312e-08, 0.9169232845306396, 0.12346448749303818, -0.3794841766357422, -0.09749001264572144, 0.9914266467094421, 0.0870000347495079, 0.386972039937973, -0.04277642443776131, 0.9210987687110901),
            ["RightLowerArm"] = CFrame.new(-1.1920928955078125e-07, 2.384185791015625e-07, -2.9802322387695312e-08, 1, -1.210719524635806e-08, 2.1420419216156006e-08, 8.381902283360887e-09, 0.9941966533660889, -0.1075788289308548, 1.1408699762682772e-08, 0.107578806579113, 0.9941965937614441),
            ["LeftHand"] = CFrame.new(1.1548399925231934e-07, 2.384185791015625e-07, -5.960464477539063e-08, 0.978553295135498, 0.16614697873592377, 0.12177310138940811, -0.1534677892923355, 0.9823377728462219, -0.10705212503671646, -0.1374087631702423, 0.08606795221567154, 0.9867680072784424),
            ["LeftFoot"] = CFrame.new(-7.450580596923828e-09, 5.960464477539063e-08, -1.1175870895385742e-07, 0.9708835482597351, -0.23144079744815826, -0.061809275299310684, 0.2380639612674713, 0.9608983397483826, 0.14142201840877533, 0.02666161023080349, -0.15201878547668457, 0.9880179762840271),
            ["LowerTorso"] = CFrame.new(-0.06515737622976303, -0.12693238258361816, -0.027889668941497803, 0.9612387418746948, -0.011665928177535534, -0.27547043561935425, -0.0005950829363428056, 0.9990143775939941, -0.044383883476257324, 0.2757166922092438, 0.042827438563108444, 0.960284411907196),
            ["RightLowerLeg"] = CFrame.new(4.842877388000488e-08, -0.0000037550926208496094, -0.000013368371583055705, 1, -2.3469334564651945e-07, -1.6391282997574308e-07, 2.309680269263481e-07, 0.8173543214797974, 0.5761353373527527, -7.078052277620372e-08, -0.5761353373527527, 0.8173543214797974),
            ["LeftUpperLeg"] = CFrame.new(0, -2.2258609533309937e-07, -3.725290298461914e-08, 0.9593050479888916, 0.27689000964164734, 0.05536917224526405, -0.2424456626176834, 0.9081950187683105, -0.3411772847175598, -0.14475464820861816, 0.31386908888816833, 0.9383668899536133),
            ["LeftLowerLeg"] = CFrame.new(-1.0803341865539551e-07, 0.0000037550926208496094, 0.000013306736946105957, 1, -1.0617078771701927e-07, 1.4156104555240745e-07, 0, 0.9720545411109924, 0.23475509881973267, 5.960465188081798e-08, -0.23475521802902222, 0.9720546007156372),
        }},
        {Time = 0.067, Data = {
            ["RightFoot"] = CFrame.new(0, 4.76837158203125e-07, 2.032174961641431e-08, 0.9839853048324585, 0.1777854710817337, 0.012851257808506489, -0.16656140983104706, 0.9427478909492493, -0.28893569111824036, -0.06348384916782379, 0.2821681797504425, 0.9572622776031494),
            ["LeftLowerArm"] = CFrame.new(5.066394805908203e-07, 0.0000012516975402832031, 1.1920928955078125e-07, 1, -2.0489094865183688e-08, 7.147902181259269e-08, 7.450582373280668e-09, 0.986546516418457, -0.16348062455654144, -2.0023440683303306e-08, 0.16348059475421906, 0.9865466356277466),
            ["RightUpperArm"] = CFrame.new(1.1920928955078125e-07, 0, -1.2665987014770508e-07, 0.9977691173553467, -0.020817594602704048, 0.06343138962984085, 0.01448003202676773, 0.9950037598609924, 0.09878162294626236, -0.06517089903354645, -0.09764277189970016, 0.9930854439735413),
            ["Head"] = CFrame.new(2.7939677238464355e-09, 1.1920928955078125e-07, -3.958120942115784e-08, 0.9369764924049377, 0.06426175683736801, 0.3434319496154785, -0.039650000631809235, 0.9961474537849426, -0.07821948081254959, -0.34713539481163025, 0.05967271700501442, 0.9359146952629089),
            ["RightHand"] = CFrame.new(1.0058283805847168e-07, 5.960464477539063e-08, 2.9802322387695312e-08, 0.9870020747184753, -0.15129058063030243, -0.054205141961574554, 0.14097413420677185, 0.977006733417511, -0.159950390458107, 0.07715771347284317, 0.15022984147071838, 0.9856357574462891),
            ["UpperTorso"] = CFrame.new(1.792795956134796e-08, 2.9802322387695312e-08, -3.725290298461914e-09, 0.9985932111740112, -0.009210591204464436, -0.05221883952617645, 0.020148063078522682, 0.9768454432487488, 0.21299587190151215, 0.04904794692993164, -0.21374838054180145, 0.9756566882133484),
            ["HumanoidRootPart"] = CFrame.new(0, 0, 0, 1, 0, 0, 0, 1, 0, 0, 0, 1),
            ["RightUpperLeg"] = CFrame.new(-5.960464477539063e-08, -4.7497451305389404e-08, -2.4047039914876223e-08, 0.9074645638465881, -0.34782084822654724, -0.23564580082893372, 0.27565690875053406, 0.9162108302116394, -0.2908109724521637, 0.3170511722564697, 0.19894318282604218, 0.9273080229759216),
            ["LeftUpperArm"] = CFrame.new(0, 0, -2.086162567138672e-07, 0.9199201464653015, 0.1347610354423523, -0.36822062730789185, -0.10305394232273102, 0.9891654253005981, 0.10455568134784698, 0.3783211410045624, -0.05823630094528198, 0.9238407611846924),
            ["RightLowerArm"] = CFrame.new(5.960464477539063e-08, 0.0000011324882507324219, 8.940696716308594e-08, 1, -1.3038517820973539e-08, 8.847565347025466e-09, 1.3038517820973539e-08, 0.9914981722831726, -0.13012121617794037, -5.122274604474342e-09, 0.13012124598026276, 0.9914981126785278),
            ["LeftHand"] = CFrame.new(2.086162567138672e-07, 4.76837158203125e-07, -7.450580596923828e-08, 0.9830323457717896, 0.16714046895503998, 0.07557535171508789, -0.1596240997314453, 0.9824515581130981, -0.09648416936397552, -0.09037556499242783, 0.08278340846300125, 0.9924612045288086),
            ["LeftFoot"] = CFrame.new(4.842877388000488e-08, 1.1920928955078125e-07, 2.9802322387695312e-08, 0.9722247123718262, -0.2268097698688507, -0.057762086391448975, 0.23021559417247772, 0.9712051749229431, 0.061329104006290436, 0.04218871146440506, -0.07292328029870987, 0.9964448809623718),
            ["LowerTorso"] = CFrame.new(-0.07835851609706879, -0.13863563537597656, -0.04200983792543411, 0.954413115978241, -0.012278259731829166, -0.298236221075058, -0.001247268170118332, 0.9989808797836304, -0.045119114220142365, 0.29848626255989075, 0.043434254825115204, 0.9534251093864441),
            ["RightLowerLeg"] = CFrame.new(-6.775371730327606e-08, -0.000003814697265625, -0.000013197706721257418, 1, -1.3411047916633834e-07, -6.705523958316917e-08, 1.7136329688582919e-07, 0.7127457857131958, 0.7014224529266357, -1.3411040811206476e-07, -0.7014225125312805, 0.7127458453178406),
            ["LeftUpperLeg"] = CFrame.new(0, -9.359791874885559e-08, -2.9802322387695312e-08, 0.9573299288749695, 0.28339332342147827, 0.05663573369383812, -0.23820264637470245, 0.8847363591194153, -0.4006260335445404, -0.16364237666130066, 0.3700404763221741, 0.9144895672798157),
            ["LeftLowerLeg"] = CFrame.new(1.043081283569336e-07, 0.000003933906555175781, 0.0000133514404296875, 1, 1.5832481992106295e-08, 6.891787052154541e-08, -3.3527616238870905e-08, 0.9266177415847778, 0.376004695892334, -1.4901162970204496e-08, -0.37600475549697876, 0.9266177415847778),
        }},
        {Time = 0.100, Data = {
            ["RightFoot"] = CFrame.new(7.450580596923828e-09, 2.980232238769531e-07, -2.0656443666666746e-08, 0.9898982048034668, 0.13607558608055115, 0.03981417417526245, -0.1276041567325592, 0.9774680733680725, -0.1681462973356247, -0.06179749220609665, 0.16136810183525085, 0.984957754611969),
            ["LeftLowerArm"] = CFrame.new(6.556510925292969e-07, -3.5762786865234375e-07, 1.1920928955078125e-07, 1, -1.6763802790364934e-08, -9.173525938876992e-08, 7.450580596923828e-09, 0.9778933525085449, -0.2091042399406433, 3.4458935260772705e-08, 0.20910422503948212, 0.9778934121131897),
            ["RightUpperArm"] = CFrame.new(1.1920928955078125e-07, 0, -1.4901161193847656e-08, 0.9606510400772095, -0.12481686472892761, 0.24813395738601685, 0.08326900005340576, 0.9816716909408569, 0.17142653465270996, -0.2649829387664795, -0.14401917159557343, 0.9534372687339783),
            ["Head"] = CFrame.new(-1.1175870895385742e-08, 1.1920928955078125e-07, -9.499490261077881e-08, 0.9367945790290833, 0.09782782196998596, 0.33592528104782104, -0.053348589688539505, 0.9888274073600769, -0.13919222354888916, -0.3457889258861542, 0.11247336864471436, 0.9315470457077026),
            ["RightHand"] = CFrame.new(-2.0489096641540527e-07, -1.7881393432617188e-07, -1.4901161193847656e-08, 0.9950019717216492, -0.09960347414016724, -0.0070892698131501675, 0.09846200048923492, 0.9904605746269226, -0.09640118479728699, 0.016623537987470627, 0.09522133320569992, 0.9953173398971558),
            ["UpperTorso"] = CFrame.new(-1.210719347000122e-08, -5.960464477539063e-08, 2.2351741790771484e-08, 0.9997157454490662, -0.016314521431922913, -0.017385166138410568, 0.01973711885511875, 0.9753789901733398, 0.21965059638023376, 0.013373675756156445, -0.21993128955364227, 0.9754238128662109),
            ["HumanoidRootPart"] = CFrame.new(0, 0, 0, 1, 0, 0, 0, 1, 0, 0, 0, 1),
            ["RightUpperLeg"] = CFrame.new(0, 2.2351741790771484e-07, 2.8107024263590574e-08, 0.9163000583648682, -0.3708322048187256, -0.15125375986099243, 0.2844310700893402, 0.8684425950050354, -0.4060869812965393, 0.2819451689720154, 0.3290760815143585, 0.9012301564216614),
            ["LeftUpperArm"] = CFrame.new(-1.1920928955078125e-07, 2.384185791015625e-07, -1.7881393432617188e-07, 0.9264194965362549, 0.15899112820625305, -0.3412752151489258, -0.1184912919998169, 0.9835222363471985, 0.13654281198978424, 0.3573608696460724, -0.08605773001909256, 0.9299932718276978),
            ["RightLowerArm"] = CFrame.new(-1.4901161193847656e-07, 7.152557373046875e-07, 2.9802322387695312e-08, 1, -1.1175870895385742e-08, -1.0244549208948683e-08, 1.6763808119435453e-08, 0.9832664132118225, -0.18217343091964722, 1.862645371275562e-09, 0.18217343091964722, 0.9832664728164673),
            ["LeftHand"] = CFrame.new(-2.682209014892578e-07, -2.980232238769531e-07, -1.4901161193847656e-08, 0.9886986017227173, 0.1498768925666809, -0.0034645404666662216, -0.149697408080101, 0.9857380390167236, -0.07688507437705994, -0.008108166046440601, 0.07653483003377914, 0.997033953666687),
            ["LeftFoot"] = CFrame.new(5.960464477539063e-08, 0, 5.2852556109428406e-08, 0.9744149446487427, -0.21880577504634857, -0.05137725546956062, 0.21714715659618378, 0.9754757881164551, -0.03597456216812134, 0.05798868089914322, 0.023898079991340637, 0.9980312585830688),
            ["LowerTorso"] = CFrame.new(-0.1006624773144722, -0.15605473518371582, -0.06592299044132233, 0.9429077506065369, -0.021538840606808662, -0.33235687017440796, 0.006288738455623388, 0.99888014793396, -0.046892426908016205, 0.332994669675827, 0.04212512448430061, 0.9419872760772705),
            ["RightLowerLeg"] = CFrame.new(2.2351741790771484e-08, -0.0000036954879760742188, -0.0000133199428091757, 1, -8.940696716308594e-08, -2.682209867543861e-07, 1.9371513815258368e-07, 0.569739580154419, 0.8218249082565308, -2.1606689415420988e-07, -0.8218253254890442, 0.5697401165962219),
            ["LeftUpperLeg"] = CFrame.new(5.960464477539063e-08, 2.1792948246002197e-07, -7.450580596923828e-09, 0.951850414276123, 0.3001713454723358, 0.06227429583668709, -0.2390950471162796, 0.8540288805961609, -0.4620262086391449, -0.19187112152576447, 0.4248904287815094, 0.8846771717071533),
            ["LeftLowerLeg"] = CFrame.new(5.960464477539063e-08, 0.000003933906555175781, 0.0000133514404296875, 1, 1.9266738604528655e-07, 1.4598482778183097e-07, -1.4901162614933128e-07, 0.8495644927024841, 0.5274849534034729, 8.940698137394065e-08, -0.5274849534034729, 0.8495644927024841),
        }},
        {Time = 0.133, Data = {
            ["RightFoot"] = CFrame.new(1.4901161193847656e-08, 4.172325134277344e-07, 6.129994289949536e-08, 0.9876329302787781, 0.14176970720291138, 0.0669512152671814, -0.13788481056690216, 0.9886603355407715, -0.059485554695129395, -0.07462549954652786, 0.049518659710884094, 0.9959814548492432),
            ["LeftLowerArm"] = CFrame.new(-2.384185791015625e-07, 9.5367431640625e-07, -1.1920928955078125e-07, 1, -3.352759847530251e-08, 4.889443516731262e-08, 1.4901154088420299e-08, 0.9598554372787476, -0.28049516677856445, 3.7252885221050747e-08, 0.28049516677856445, 0.9598554372787476),
            ["RightUpperArm"] = CFrame.new(0, 4.76837158203125e-07, -1.210719347000122e-07, 0.8681898713111877, -0.2871381342411041, 0.40471985936164856, 0.17325007915496826, 0.939655601978302, 0.2950114607810974, -0.46500641107559204, -0.18600821495056152, 0.8655461072921753),
            ["Head"] = CFrame.new(2.9802322387695312e-08, 0, -8.195638656616211e-08, 0.9383570551872253, 0.118857242166996, 0.3245902955532074, -0.06098706275224686, 0.9812209606170654, -0.1829923391342163, -0.3402447998523712, 0.15191635489463806, 0.9279842972755432),
            ["RightHand"] = CFrame.new(-5.960464477539063e-08, -5.960464477539063e-08, 0, 0.9942350387573242, -0.02585609443485737, 0.10405892878770828, 0.02786744385957718, 0.9994509816169739, -0.017921458929777145, -0.10353846848011017, 0.02071799896657467, 0.9944096803665161),
            ["UpperTorso"] = CFrame.new(7.450580596923828e-09, 2.9802322387695312e-08, -7.450580596923828e-09, 0.9997571706771851, 0.0032783937640488148, 0.021794332191348076, -0.00827123038470745, 0.9724063873291016, 0.2331472486257553, -0.020428581163287163, -0.23327091336250305, 0.9721972346305847),
            ["HumanoidRootPart"] = CFrame.new(0, 0, 0, 1, 0, 0, 0, 1, 0, 0, 0, 1),
            ["RightUpperLeg"] = CFrame.new(-5.960464477539063e-08, -7.450580596923828e-09, -2.4047039914876223e-08, 0.9311922192573547, -0.35662195086479187, -0.07551033049821854, 0.28373897075653076, 0.8391392827033997, -0.4640443027019501, 0.228852316737175, 0.4106898009777069, 0.8825877904891968),
            ["LeftUpperArm"] = CFrame.new(-1.1920928955078125e-07, 1.1920928955078125e-07, -1.1920928955078125e-07, 0.9366344809532166, 0.196022629737854, -0.2903291583061218, -0.14705976843833923, 0.97223961353302, 0.18199937045574188, 0.3179454207420349, -0.12777115404605865, 0.9394600987434387),
            ["RightLowerArm"] = CFrame.new(0, 5.364418029785156e-07, 2.384185791015625e-07, 1, -1.862645149230957e-08, 2.4214383387288763e-08, 2.2351747119842003e-08, 0.9615839123725891, -0.27451109886169434, -2.2351747119842003e-08, 0.27451109886169434, 0.9615840315818787),
            ["LeftHand"] = CFrame.new(-6.705522537231445e-08, 5.960464477539063e-08, -8.940696716308594e-08, 0.9897091388702393, 0.09562257677316666, -0.10645314306020737, -0.10026295483112335, 0.9941918849945068, -0.03911537304520607, 0.10209454596042633, 0.049386173486709595, 0.9935480952262878),
            ["LeftFoot"] = CFrame.new(2.9802322387695312e-08, 5.960464477539063e-08, -4.470348358154297e-08, 0.9770157337188721, -0.20865239202976227, -0.043640587478876114, 0.200782909989357, 0.9695265889167786, -0.140373095870018, 0.07159950584173203, 0.12838442623615265, 0.9891364574432373),
            ["LowerTorso"] = CFrame.new(-0.12828058004379272, -0.1725459098815918, -0.10093643516302109, 0.9287938475608826, -0.05472247302532196, -0.36653459072113037, 0.03805260732769966, 0.9978926181793213, -0.05255747213959694, 0.368638277053833, 0.034867458045482635, 0.9289187788963318),
            ["RightLowerLeg"] = CFrame.new(8.195638656616211e-08, -0.0000037550926208496094, -0.000013312492228578776, 1, -4.6193599700927734e-07, -3.427269064104621e-07, 4.619359401658585e-07, 0.48682093620300293, 0.873501718044281, -3.7252897300277255e-07, -0.8735017776489258, 0.48682111501693726),
            ["LeftUpperLeg"] = CFrame.new(1.1920928955078125e-07, 6.51925802230835e-08, -5.960464477539063e-08, 0.9400891065597534, 0.33652177453041077, 0.054643068462610245, -0.26159924268722534, 0.8147975206375122, -0.5173690915107727, -0.2186286896467209, 0.47207850217819214, 0.8540160655975342),
            ["LeftLowerLeg"] = CFrame.new(7.450580596923828e-08, 0.0000040531158447265625, 0.000013217329978942871, 1, 4.5634816814299484e-08, 2.980232594040899e-08, -7.450581307466564e-08, 0.7449195384979248, 0.6671545505523682, 2.980232594040899e-08, -0.6671543717384338, 0.7449193596839905),
        }},
        {Time = 0.167, Data = {
            ["RightFoot"] = CFrame.new(1.1920928955078125e-07, 3.5762786865234375e-07, -4.300818545743823e-08, 0.9930101037025452, 0.09703956544399261, 0.06718962639570236, -0.10152468830347061, 0.9925804734230042, 0.0669092983007431, -0.06019815802574158, -0.07326298952102661, 0.9954942464828491),
            ["LeftLowerArm"] = CFrame.new(1.7881393432617188e-07, 2.980232238769531e-07, -1.1920928955078125e-07, 1, -3.352760913344355e-08, 9.31322685637781e-10, 4.4703490686970326e-08, 0.924776554107666, -0.3805105984210968, 2.6077035641947077e-08, 0.38051050901412964, 0.9247766733169556),
            ["RightUpperArm"] = CFrame.new(0, 1.1920928955078125e-07, 1.862645149230957e-08, 0.7591972351074219, -0.4761406481266022, 0.4437450170516968, 0.28615182638168335, 0.8565353155136108, 0.42949339747428894, -0.5845824480056763, -0.19909179210662842, 0.7865277528762817),
            ["Head"] = CFrame.new(-1.4901161193847656e-08, -1.1920928955078125e-07, -1.4901161193847656e-08, 0.9421457052230835, 0.122599758207798, 0.31197863817214966, -0.06905063986778259, 0.9817367196083069, -0.17727144062519073, -0.3280143737792969, 0.14547321200370789, 0.9334045648574829),
            ["RightHand"] = CFrame.new(1.4901161193847656e-08, 0, 0, 0.973930299282074, 0.08217925578355789, 0.21143868565559387, -0.08835818618535995, 0.9958894848823547, 0.01992674358189106, -0.20893190801143646, -0.03808962553739548, 0.9771881699562073),
            ["UpperTorso"] = CFrame.new(0, -1.1920928955078125e-07, -7.450580596923828e-09, 0.9982360601425171, 0.03013163059949875, 0.05115635693073273, -0.04213356971740723, 0.9665905833244324, 0.2528388798236847, -0.04182880371809006, -0.2545482814311981, 0.9661549925804138),
            ["HumanoidRootPart"] = CFrame.new(0, 0, 0, 1, 0, 0, 0, 1, 0, 0, 0, 1),
            ["RightUpperLeg"] = CFrame.new(-5.960464477539063e-08, 2.35741026699543e-07, -3.149762051180005e-08, 0.9458819627761841, -0.3240724205970764, -0.016870293766260147, 0.2675299346446991, 0.8081635236740112, -0.5246894955635071, 0.18367141485214233, 0.4917812645435333, 0.8511265516281128),
            ["LeftUpperArm"] = CFrame.new(5.960464477539063e-08, 1.1920928955078125e-07, -5.960464477539063e-08, 0.9454739689826965, 0.2554202079772949, -0.2020878940820694, -0.2047882378101349, 0.9486872553825378, 0.2409447580575943, 0.25326040387153625, -0.18642175197601318, 0.9492661952972412),
            ["RightLowerArm"] = CFrame.new(-2.384185791015625e-07, 7.152557373046875e-07, -1.9371509552001953e-07, 1, -3.725290742551124e-09, 4.4703490686970326e-08, 2.9802322387695312e-08, 0.9099103212356567, -0.41480517387390137, -2.9802322387695312e-08, 0.41480520367622375, 0.9099103212356567),
            ["LeftHand"] = CFrame.new(-4.3213367462158203e-07, 5.960464477539063e-08, 1.043081283569336e-07, 0.9777116775512695, 0.021894903853535652, -0.20880763232707977, -0.022866064682602882, 0.9997360706329346, -0.0022379790898412466, 0.20870350301265717, 0.0069627296179533005, 0.9779541492462158),
            ["LeftFoot"] = CFrame.new(1.30385160446167e-07, 5.960464477539063e-08, -7.82310962677002e-08, 0.979767382144928, -0.19675599038600922, -0.03664719685912132, 0.18434251844882965, 0.9584779143333435, -0.21757301688194275, 0.0779343694448471, 0.20641523599624634, 0.9753559231758118),
            ["LowerTorso"] = CFrame.new(-0.15661001205444336, -0.18019580841064453, -0.1340252161026001, 0.9153776168823242, -0.0970110148191452, -0.3907335698604584, 0.07897801697254181, 0.9949464201927185, -0.06200144439935684, 0.3947737514972687, 0.02589537762105465, 0.9184134602546692),
            ["RightLowerLeg"] = CFrame.new(1.1175870895385742e-07, -0.0000034570693969726562, -0.000013185832358431071, 1, 7.264316082000732e-08, 0, 7.450580596923828e-08, 0.4107799828052521, 0.9117346405982971, 1.043081283569336e-07, -0.9117345809936523, 0.41077980399131775),
            ["LeftUpperLeg"] = CFrame.new(-5.960464477539063e-08, -3.259629011154175e-07, 1.4901161193847656e-08, 0.9271071553230286, 0.372651606798172, 0.04004073143005371, -0.29129114747047424, 0.7836475968360901, -0.5486763715744019, -0.23584312200546265, 0.49701839685440063, 0.8350754380226135),
            ["LeftLowerLeg"] = CFrame.new(-1.9371509552001953e-07, 0.000003933906555175781, 0.000013202428817749023, 1, 1.9557776909095992e-07, 1.0430814256778831e-07, -1.266598843585598e-07, 0.6570478081703186, 0.7538489699363708, 5.960465188081798e-08, -0.7538489103317261, 0.6570478081703186),
        }},
        {Time = 0.200, Data = {
            ["RightFoot"] = CFrame.new(-7.450580596923828e-09, 4.172325134277344e-07, -1.3205863069742918e-08, 0.9967524409294128, -0.056157078593969345, -0.05771484971046448, 0.0675569623708725, 0.9732054471969604, 0.21978908777236938, 0.043825652450323105, -0.22297441959381104, 0.9738386869430542),
            ["LeftLowerArm"] = CFrame.new(0.0000011324882507324219, -6.556510925292969e-07, 5.960464477539062e-07, 1, -5.2154071283894154e-08, 2.8871003365793513e-08, 1.4901161193847656e-08, 0.8352164626121521, -0.549921452999115, 0, 0.5499213933944702, 0.8352164626121521),
            ["RightUpperArm"] = CFrame.new(0, -1.1920928955078125e-07, 9.685754776000977e-08, 0.6637579798698425, -0.6588428020477295, 0.3540502190589905, 0.4492017924785614, 0.7296326160430908, 0.5156105160713196, -0.5980327129364014, -0.18320044875144958, 0.7802528142929077),
            ["Head"] = CFrame.new(1.4901161193847656e-08, 4.76837158203125e-07, 6.705522537231445e-08, 0.9478304982185364, 0.11226283013820648, 0.29835280776023865, -0.07604338228702545, 0.9885430932044983, -0.1303839236497879, -0.30957186222076416, 0.10089412331581116, 0.9455081820487976),
            ["RightHand"] = CFrame.new(-2.3469328880310059e-07, 4.172325134277344e-07, 8.940696716308594e-08, 0.9480984807014465, 0.2321886420249939, 0.21725033223628998, -0.2373577356338501, 0.9714194536209106, -0.0023665556218475103, -0.21159058809280396, -0.04932229220867157, 0.9761130213737488),
            ["UpperTorso"] = CFrame.new(-2.421438694000244e-08, 1.1920928955078125e-07, 0, 0.9973323345184326, 0.04361218586564064, 0.05853337049484253, -0.0583442784845829, 0.9581679701805115, 0.2801966965198517, -0.04386480897665024, -0.2828643321990967, 0.9581563472747803),
            ["HumanoidRootPart"] = CFrame.new(0, 0, 0, 1, 0, 0, 0, 1, 0, 0, 0, 1),
            ["RightUpperLeg"] = CFrame.new(1.1920928955078125e-07, 2.3329630494117737e-07, -4.639878170564771e-08, 0.9578409790992737, -0.28720390796661377, 0.0073866876773536205, 0.2350555956363678, 0.7686217427253723, -0.5949532389640808, 0.1651952713727951, 0.5716069340705872, 0.803726315498352),
            ["LeftUpperArm"] = CFrame.new(0, 2.384185791015625e-07, 2.9802322387695312e-08, 0.929725706577301, 0.36737388372421265, -0.02542874403297901, -0.3414878249168396, 0.8859387636184692, 0.313845157623291, 0.13782672584056854, -0.2831062376499176, 0.9491336941719055),
            ["RightLowerArm"] = CFrame.new(-2.9802322387695312e-08, 0.0000012516975402832031, 3.725290298461914e-07, 1, -9.965150127300149e-08, 2.607702853651972e-08, 8.940695295223122e-08, 0.7963764667510986, -0.6048012375831604, 0, 0.6048011779785156, 0.7963764667510986),
            ["LeftHand"] = CFrame.new(2.980232238769531e-07, 0, -7.450580596923828e-09, 0.9637787938117981, -0.04298637434840202, -0.2632160782814026, 0.05507311969995499, 0.997731626033783, 0.03871149942278862, 0.2609547972679138, -0.05180542171001434, 0.9639599919319153),
            ["LeftFoot"] = CFrame.new(2.9802322387695312e-08, 5.960464477539063e-08, 1.4901161193847656e-08, 0.982489287853241, -0.18362167477607727, -0.0315907821059227, 0.17017751932144165, 0.9534107446670532, -0.24909326434135437, 0.07585782557725906, 0.2393556386232376, 0.9679641723632812),
            ["LowerTorso"] = CFrame.new(-0.18129059672355652, -0.17054986953735352, -0.1550031304359436, 0.9065024256706238, -0.13094541430473328, -0.4013811945915222, 0.11120773106813431, 0.99117112159729, -0.07219886034727097, 0.40729159116744995, 0.020811758935451508, 0.9130611419677734),
            ["RightLowerLeg"] = CFrame.new(8.940696716308594e-08, -0.000003993511199951172, -0.000013036820746492594, 1, -1.564621925354004e-07, -5.960467319710006e-08, 1.192092469182171e-07, 0.3277011811733246, 0.9447814226150513, -1.043080928297968e-07, -0.944781482219696, 0.3277014195919037),
            ["LeftUpperLeg"] = CFrame.new(-2.384185791015625e-07, -1.1920928955078125e-07, 1.043081283569336e-07, 0.9191399812698364, 0.39257270097732544, 0.0326867401599884, -0.3113010823726654, 0.7746861577033997, -0.5504119396209717, -0.2413986474275589, 0.49572986364364624, 0.8342531323432922),
            ["LeftLowerLeg"] = CFrame.new(-4.470348358154297e-08, 0.000003874301910400391, 0.000013425946235656738, 1, -2.7939670133036998e-08, -4.470348358154297e-08, -1.1175870895385742e-08, 0.6250618696212769, 0.7805749773979187, 4.470348358154297e-08, -0.7805752158164978, 0.6250621676445007),
        }},
        {Time = 0.233, Data = {
            ["RightFoot"] = CFrame.new(2.2351741790771484e-08, 2.980232238769531e-07, -5.045876605436206e-08, 0.9890803098678589, -0.06640981137752533, -0.13156713545322418, 0.09872334450483322, 0.9613813757896423, 0.2569039762020111, 0.10942509770393372, -0.2670873999595642, 0.9574395418167114),
            ["LeftLowerArm"] = CFrame.new(3.5762786865234375e-07, -1.1920928955078125e-07, -8.940696716308594e-08, 1, -1.1920927533992653e-07, 7.450581307466564e-08, 8.940696716308594e-08, 0.6510033011436462, -0.759074866771698, 4.470348358154297e-08, 0.759074866771698, 0.6510034203529358),
            ["RightUpperArm"] = CFrame.new(1.1920928955078125e-07, 3.5762786865234375e-07, 5.21540641784668e-08, 0.56538987159729, -0.8019551634788513, 0.19287878274917603, 0.6383225321769714, 0.5735152363777161, 0.5134439468383789, -0.5223779678344727, -0.16717705130577087, 0.8361658453941345),
            ["Head"] = CFrame.new(0, 5.960464477539062e-07, 4.470348358154297e-08, 0.955841600894928, 0.08001589775085449, 0.2827797532081604, -0.07139866054058075, 0.9966185688972473, -0.04066595807671547, -0.2850775122642517, 0.01868012733757496, 0.9583224058151245),
            ["RightHand"] = CFrame.new(1.7974525690078735e-07, 1.1920928955078125e-07, -8.009374141693115e-08, 0.9173675179481506, 0.37135836482048035, 0.14328297972679138, -0.36973705887794495, 0.9283266663551331, -0.03878380358219147, -0.1474161446094513, -0.01739802211523056, 0.988921582698822),
            ["UpperTorso"] = CFrame.new(6.51925802230835e-08, -8.940696716308594e-08, 0, 0.9975839257240295, 0.046495210379362106, 0.051619451493024826, -0.06032026559114456, 0.9483091831207275, 0.31156235933303833, -0.034465037286281586, -0.31392332911491394, 0.9488226175308228),
            ["HumanoidRootPart"] = CFrame.new(0, 0, 0, 1, 0, 0, 0, 1, 0, 0, 0, 1),
            ["RightUpperLeg"] = CFrame.new(0, 1.3742828741669655e-07, 9.480572771281004e-09, 0.9554828405380249, -0.2774595320224762, 0.10034329444169998, 0.2277710884809494, 0.4774705767631531, -0.8486120104789734, 0.187544584274292, 0.8336893916130066, 0.519412100315094),
            ["LeftUpperArm"] = CFrame.new(-1.1920928955078125e-07, -2.384185791015625e-07, 1.7881393432617188e-07, 0.836841881275177, 0.4908946454524994, 0.24231815338134766, -0.5464637279510498, 0.7755388617515564, 0.31609633564949036, -0.03275725618004799, -0.3969406485557556, 0.9172595739364624),
            ["RightLowerArm"] = CFrame.new(0, 5.960464477539063e-08, 3.725290298461914e-07, 1, -6.70552182668871e-08, -1.1175873559921001e-08, 1.4901162970204496e-08, 0.6094263792037964, -0.7928426265716553, 5.960465188081798e-08, 0.7928426265716553, 0.6094264984130859),
            ["LeftHand"] = CFrame.new(5.364418029785156e-07, 1.1920928955078125e-07, -2.682209014892578e-07, 0.9578057527542114, -0.08918195217847824, -0.27323034405708313, 0.11545035243034363, 0.9899567365646362, 0.08159000426530838, 0.2632099688053131, -0.10969185829162598, 0.9584822654724121),
            ["LeftFoot"] = CFrame.new(3.725290298461914e-08, 0, 4.0978193283081055e-08, 0.9851945042610168, -0.16926082968711853, -0.027249395847320557, 0.15808190405368805, 0.9583922624588013, -0.2376861274242401, 0.06634636223316193, 0.22985902428627014, 0.9709597229957581),
            ["LowerTorso"] = CFrame.new(-0.20173034071922302, -0.13450121879577637, -0.16875490546226501, 0.9008990526199341, -0.15688949823379517, -0.4046810567378998, 0.1351265013217926, 0.9874297976493835, -0.08199556171894073, 0.4124584197998047, 0.0191865935921669, 0.9107744097709656),
            ["RightLowerLeg"] = CFrame.new(5.960464477539063e-08, -0.0000037550926208496094, -0.000013239849067758769, 1, -2.1606689415420988e-07, -1.937152518394214e-07, 1.6391278734317893e-07, -0.2555808126926422, 0.9667878150939941, -1.8533322077018966e-07, -0.9667878150939941, -0.25558075308799744),
            ["LeftUpperLeg"] = CFrame.new(8.940696716308594e-08, 5.075708031654358e-08, 1.4901161193847656e-08, 0.9156313538551331, 0.3997352719306946, 0.04278939589858055, -0.3221075236797333, 0.7931464910507202, -0.5168802738189697, -0.24055351316928864, 0.45948922634124756, 0.8549876809120178),
            ["LeftLowerLeg"] = CFrame.new(1.4901161193847656e-07, 0.000003814697265625, 0.000013276934623718262, 1, 7.823110337312755e-08, 8.940698137394065e-08, -6.70552182668871e-08, 0.6613243222236633, 0.7501004934310913, 9.685753354915505e-08, -0.7501001954078674, 0.6613239049911499),
        }},
        {Time = 0.267, Data = {
            ["RightFoot"] = CFrame.new(-1.862645149230957e-08, 2.384185791015625e-07, 1.246298779733479e-07, 0.9934082627296448, -0.050789233297109604, -0.10276438295841217, 0.06015346199274063, 0.994107723236084, 0.09017439931631088, 0.09757882356643677, -0.09576165676116943, 0.9906099438667297),
            ["LeftLowerArm"] = CFrame.new(8.940696716308594e-08, -1.1920928955078125e-07, -2.9802322387695312e-08, 1, -8.940695295223122e-08, 5.960464477539063e-08, 7.450580596923828e-08, 0.4043275713920593, -0.9146142601966858, 6.705522537231445e-08, 0.9146142601966858, 0.4043275713920593),
            ["RightUpperArm"] = CFrame.new(0, -1.1920928955078125e-07, -1.043081283569336e-07, 0.465323805809021, -0.8846851587295532, 0.028388366103172302, 0.8002157807350159, 0.43417003750801086, 0.4137042760848999, -0.37832337617874146, -0.16978968679904938, 0.9099686741828918),
            ["Head"] = CFrame.new(-7.450580596923828e-08, -1.1920928955078125e-07, -1.7136335372924805e-07, 0.9647440910339355, 0.035672079771757126, 0.2607609033584595, -0.05075286328792572, 0.997391402721405, 0.05132872238755226, -0.2582496404647827, -0.06275342404842377, 0.9640379548072815),
            ["RightHand"] = CFrame.new(-7.301568984985352e-07, -5.960464477539062e-07, 7.82310962677002e-08, 0.8916497230529785, 0.4495847821235657, 0.0532398447394371, -0.44631901383399963, 0.8926458954811096, -0.06310832500457764, -0.07589682191610336, 0.0325084887444973, 0.9965856671333313),
            ["UpperTorso"] = CFrame.new(-4.0978193283081055e-08, 5.960464477539063e-08, 7.450580596923828e-09, 0.9983152747154236, 0.0406833216547966, 0.04137120023369789, -0.05231817066669464, 0.9394640922546387, 0.33862972259521484, -0.025090139359235764, -0.34022367000579834, 0.9400098323822021),
            ["HumanoidRootPart"] = CFrame.new(0, 0, 0, 1, 0, 0, 0, 1, 0, 0, 0, 1),
            ["RightUpperLeg"] = CFrame.new(5.960464477539063e-08, -1.3690441846847534e-07, 8.026108844205737e-08, 0.9626462459564209, -0.2187449336051941, 0.15957112610340118, 0.20932836830615997, 0.2274484783411026, -0.9510253667831421, 0.17173805832862854, 0.9489035606384277, 0.2647414803504944),
            ["LeftUpperArm"] = CFrame.new(-1.1920928955078125e-07, 0, -1.7881393432617188e-07, 0.6514225006103516, 0.5780488848686218, 0.4914350211620331, -0.7223106026649475, 0.6707205176353455, 0.16852696239948273, -0.2321987897157669, -0.4647509753704071, 0.8544532060623169),
            ["RightLowerArm"] = CFrame.new(7.152557373046875e-07, 5.960464477539063e-08, 4.6193599700927734e-07, 1, -2.9802322387695312e-08, 1.0523942250983964e-07, 4.470347647611561e-08, 0.39399945735931396, -0.9191106557846069, 4.470347647611561e-08, 0.9191107749938965, 0.3939993977546692),
            ["LeftHand"] = CFrame.new(-2.384185791015625e-07, -1.1920928955078125e-07, 1.1920928955078125e-07, 0.9671052098274231, -0.12611860036849976, -0.22091132402420044, 0.15207244455814362, 0.9828131794929504, 0.10465342551469803, 0.2039157897233963, -0.1348053365945816, 0.9696628451347351),
            ["LeftFoot"] = CFrame.new(7.450580596923828e-08, 5.960464477539063e-08, -2.60770320892334e-08, 0.987590491771698, -0.1552426815032959, -0.02376438118517399, 0.1476803421974182, 0.9694576859474182, -0.19581224024295807, 0.053437188267707825, 0.18987272679805756, 0.9803534746170044),
            ["LowerTorso"] = CFrame.new(-0.2189805507659912, -0.08526611328125, -0.17666491866111755, 0.8977401852607727, -0.1747426837682724, -0.40438535809516907, 0.15096642076969147, 0.9844118356704712, -0.09023605287075043, 0.413849800825119, 0.01995992101728916, 0.9101263284683228),
            ["RightLowerLeg"] = CFrame.new(5.960464477539063e-08, -0.0000036954879760742188, -0.0000133199428091757, 1, 4.6193571279218304e-07, 0.000001072884515451733, -2.79396800806353e-07, -0.670119047164917, 0.7422530651092529, 9.983779136746307e-07, -0.7422536611557007, -0.6701197028160095),
