return {
    ["Step It Up"] = {
        {Time = 0.000, Data = {
            ["RightFoot"] = CFrame.new(-1.1990778148174286e-08, 2.384185791015625e-07, -5.4060365073382854e-09, 0.9308981895446777, -0.3652426600456238, 0.005148565862327814, 0.3582213819026947, 0.9100642800331116, -0.20847128331661224, 0.07145722955465317, 0.19591057300567627, 0.9780149459838867),
            ["LeftLowerArm"] = CFrame.new(-2.9802322387695312e-08, -1.1920928955078125e-07, -1.6391277313232422e-07, 1, 8.847563570668626e-09, 8.381902283360887e-09, -6.053594070465351e-09, 1, 5.587934559514451e-09, -9.313221305262687e-10, -1.8626449271863521e-09, 1),
            ["RightUpperArm"] = CFrame.new(-5.960464477539063e-08, -5.960464477539062e-07, 8.940696716308594e-08, 0.9581301212310791, 0.17123615741729736, -0.22948865592479706, -0.19342388212680817, 0.9780266880989075, -0.07778898626565933, 0.21112577617168427, 0.11892057955265045, 0.970197856426239),
            ["Head"] = CFrame.new(6.332993507385254e-08, -7.152557373046875e-07, -3.5390257835388184e-08, 0.9843007326126099, -0.006069584749639034, -0.17639502882957458, -0.04847646504640579, 0.9516773819923401, -0.3032495379447937, 0.16971178352832794, 0.3070397973060608, 0.936442494392395),
            ["RightHand"] = CFrame.new(1.0459916666150093e-07, -3.5762786865234375e-07, -5.587935447692871e-08, 0.439463347196579, -0.8830046057701111, 0.16484858095645905, 0.8709530234336853, 0.3739596903324127, -0.31873971223831177, 0.2198018580675125, 0.2836497724056244, 0.933397114276886),
            ["UpperTorso"] = CFrame.new(2.60770320892334e-08, 2.682209014892578e-07, 3.725290298461914e-09, 0.9786705374717712, -0.08975837379693985, -0.18479053676128387, 0.10573069751262665, 0.991294801235199, 0.07845917344093323, 0.17613954842090607, -0.09632371366024017, 0.9796411395072937),
            ["HumanoidRootPart"] = CFrame.new(0, 0, 0, 1, 0, 0, 0, 1, 0, 0, 0, 1),
            ["RightUpperLeg"] = CFrame.new(1.1920928955078125e-07, -8.062925189733505e-07, -3.056629793718457e-08, 0.3993118107318878, -0.14534862339496613, -0.9052203297615051, -0.3310893177986145, 0.8978607654571533, -0.29021748900413513, 0.8549444675445557, 0.41559576988220215, 0.31040289998054504),
            ["LeftUpperArm"] = CFrame.new(1.1920928955078125e-07, -2.384185791015625e-07, 1.4901161193847656e-08, 0.9593676924705505, -0.14329363405704498, -0.24306538701057434, 0.13908229768276215, 0.9896799325942993, -0.03449203819036484, 0.24549944698810577, -0.0007155407220125198, 0.9693965315818787),
            ["RightLowerArm"] = CFrame.new(1.7881393432617188e-07, 1.7881393432617188e-07, -2.7939677238464355e-09, 1, 1.618172440487342e-08, 8.847562682490206e-09, 1.542502681139979e-09, 1, -4.656611762854368e-10, 2.561136414058751e-09, -1.8626444830971423e-09, 1),
            ["LeftHand"] = CFrame.new(6.332993507385254e-08, 2.980232238769531e-07, 2.9802322387695312e-08, 0.1463814377784729, 0.7397763729095459, 0.6567370891571045, -0.5308229923248291, 0.6189531087875366, -0.5788988471031189, -0.8347451090812683, -0.26387104392051697, 0.4832935333251953),
            ["LeftFoot"] = CFrame.new(-2.9802322387695312e-08, -5.960464477539063e-08, -3.5390257835388184e-08, 0.9639953970909119, 0.26400625705718994, -0.03183551877737045, -0.26591628789901733, 0.9565147161483765, -0.11986789107322693, -0.001194800715893507, 0.12401774525642395, 0.9922792911529541),
            ["LowerTorso"] = CFrame.new(-0.058770060539245605, -0.10640931129455566, 0.25438907742500305, 0.9436927437782288, 0.08553855866193771, 0.31957337260246277, -0.09290604293346405, 0.9956439733505249, 0.007850512862205505, -0.3175097405910492, -0.03709876537322998, 0.9475290775299072),
            ["RightLowerLeg"] = CFrame.new(-8.940696716308594e-08, -0.0000034570693969726562, -0.00001326033816440031, 1, -2.4586918812019576e-07, 9.685756907629184e-08, 1.7136335372924805e-07, 0.9132276773452759, 0.4074493944644928, 0, -0.40744978189468384, 0.9132277965545654),
            ["LeftUpperLeg"] = CFrame.new(-1.1920928955078125e-07, -8.344650268554688e-07, -1.4901161193847656e-08, 0.9281920790672302, -0.35800060629844666, 0.10146448761224747, 0.34706851840019226, 0.9312655925750732, 0.11085179448127747, -0.1341753900051117, -0.0676766112446785, 0.9886439442634583),
            ["LeftLowerLeg"] = CFrame.new(2.9802322387695312e-08, 0.0000036954879760742188, 0.000013306736946105957, 1, -2.0954763257918785e-08, -9.313225746154785e-09, -2.6077035641947077e-08, 0.999984622001648, 0.005561230704188347, 9.313226634333205e-09, -0.005561406258493662, 0.999984622001648),
        }},
        {Time = 0.033, Data = {
            ["RightFoot"] = CFrame.new(2.7706846594810486e-08, 2.980232238769531e-07, 1.263833837583661e-08, 0.9527691602706909, -0.30321386456489563, 0.017100021243095398, 0.3035801351070404, 0.9493436217308044, -0.08115282654762268, 0.008372929878532887, 0.08251167833805084, 0.9965550303459167),
            ["LeftLowerArm"] = CFrame.new(3.5762786865234375e-07, 0, -8.940696716308594e-08, 1, -1.1175869119028903e-08, 1.3038519597330378e-08, 3.7252894102834944e-09, 1, 0, -3.7252894102834944e-09, 1.8626449271863521e-09, 1),
            ["RightUpperArm"] = CFrame.new(0, 1.1920928955078125e-07, 8.195638656616211e-08, 0.9624564051628113, 0.17372965812683105, -0.20855621993541718, -0.19309541583061218, 0.9782131314277649, -0.07624468207359314, 0.19076646864414215, 0.11365345120429993, 0.9750338792800903),
            ["Head"] = CFrame.new(5.727633833885193e-08, -5.960464477539062e-07, -5.029141902923584e-08, 0.9868234992027283, -0.006792529486119747, -0.1616581380367279, -0.042689766734838486, 0.9527854323387146, -0.3006288409233093, 0.15606750547885895, 0.3035687506198883, 0.9399410486221313),
            ["RightHand"] = CFrame.new(1.2712553143501282e-07, -4.76837158203125e-07, -6.332993507385254e-08, 0.4419105350971222, -0.8849795460700989, 0.14671923220157623, 0.8648247122764587, 0.37684378027915955, -0.3317635953426361, 0.2383136749267578, 0.27349618077278137, 0.9318833351135254),
            ["UpperTorso"] = CFrame.new(-1.862645149230957e-08, 5.066394805908203e-07, -2.7939677238464355e-09, 0.9625192284584045, -0.10168325901031494, -0.2514306306838989, 0.10884632915258408, 0.993949830532074, 0.014710391871631145, 0.24841362237930298, -0.04152633994817734, 0.9677636027336121),
            ["HumanoidRootPart"] = CFrame.new(0, 0, 0, 1, 0, 0, 0, 1, 0, 0, 0, 1),
            ["RightUpperLeg"] = CFrame.new(1.1920928955078125e-07, 1.3783574104309082e-07, 1.3205863069742918e-08, 0.4752228260040283, 0.006527182180434465, -0.8798412084579468, -0.3425784111022949, 0.9224357604980469, -0.17819172143936157, 0.8104340434074402, 0.38609546422958374, 0.4405986964702606),
            ["LeftUpperArm"] = CFrame.new(-1.1920928955078125e-07, 0, 8.940696716308594e-08, 0.9616338014602661, -0.1427498608827591, -0.23427104949951172, 0.14009647071361542, 0.9897413849830627, -0.02801860123872757, 0.23586735129356384, -0.005876895971596241, 0.9717675447463989),
            ["RightLowerArm"] = CFrame.new(5.960464477539063e-08, -9.5367431640625e-07, -3.725290298461914e-09, 1, 7.712515959212851e-09, 3.2596298993325945e-09, -2.1434971131384373e-08, 1, 2.5611377463263807e-09, 1.3969838619232178e-09, 6.984920419839113e-10, 1),
            ["LeftHand"] = CFrame.new(-4.470348358154297e-08, 0, -2.384185791015625e-07, 0.2342378944158554, 0.7273253798484802, 0.6450818777084351, -0.5187929272651672, 0.6546818017959595, -0.5497686266899109, -0.8221840858459473, -0.20588727295398712, 0.5306825041770935),
            ["LeftFoot"] = CFrame.new(7.450580596923828e-09, 0, 2.421438694000244e-08, 0.9991050958633423, 0.0422920323908329, -0.0006229765131138265, -0.04229249432682991, 0.998690664768219, -0.028782624751329422, -0.0005951375933364034, 0.028783554211258888, 0.9995855689048767),
            ["LowerTorso"] = CFrame.new(-0.05518322065472603, -0.05458962917327881, 0.2527760863304138, 0.9341629147529602, 0.08381862193346024, 0.34686344861984253, -0.11000358313322067, 0.992326021194458, 0.05646560341119766, -0.339468777179718, -0.09090428799390793, 0.9362143874168396),
            ["RightLowerLeg"] = CFrame.new(-3.725290298461914e-08, -0.000003635883331298828, -0.000013334843970369548, 1, -8.940698137394065e-08, -8.405914542208848e-08, -5.960465188081798e-08, 0.998257577419281, 0.05900658294558525, 3.9115551686563776e-08, -0.059006839990615845, 0.9982576370239258),
            ["LeftUpperLeg"] = CFrame.new(-2.384185791015625e-07, 1.862645149230957e-07, 0, 0.9364254474639893, -0.34442248940467834, 0.06693743169307709, 0.3422468304634094, 0.938671350479126, 0.04199138283729553, -0.07729513198137283, -0.016412697732448578, 0.9968731999397278),
            ["LeftLowerLeg"] = CFrame.new(0, 0.000004291534423828125, 0.000013276934623718262, 1, 2.7939680791178034e-08, 1.30385160446167e-08, -3.213062527152033e-08, 0.999984622001648, 0.005560511723160744, -3.725289943190546e-08, -0.005560823250561953, 0.999984622001648),
        }},
        {Time = 0.067, Data = {
            ["RightFoot"] = CFrame.new(-1.955777406692505e-08, 2.980232238769531e-07, 3.196328179910779e-08, 0.9760832786560059, -0.21496029198169708, 0.03245918080210686, 0.21739663183689117, 0.9647632241249084, -0.14822566509246826, 0.0005475693615153432, 0.1517373025417328, 0.9884207844734192),
            ["LeftLowerArm"] = CFrame.new(-2.9802322387695312e-08, -5.960464477539062e-07, 8.940696716308594e-08, 1, -5.5879341154252415e-09, -1.210719524635806e-08, -9.313224857976365e-09, 1, 3.725290742551124e-09, -9.313224635931761e-10, -7.450578820566989e-09, 1),
            ["RightUpperArm"] = CFrame.new(0, -1.1920928955078125e-07, 4.0978193283081055e-08, 0.9662906527519226, 0.18119440972805023, -0.18289613723754883, -0.19778013229370117, 0.977234423160553, -0.07678508013486862, 0.1648193895816803, 0.11036993563175201, 0.9801291227340698),
            ["Head"] = CFrame.new(5.98374754190445e-08, -9.5367431640625e-07, -5.960464477539063e-08, 0.9921848177909851, -0.009473155252635479, -0.12441722303628922, -0.027943778783082962, 0.9549185633659363, -0.29554980993270874, 0.12160810083150864, 0.29671671986579895, 0.9471909999847412),
            ["RightHand"] = CFrame.new(1.555308699607849e-07, -1.1920928955078125e-07, -5.4016709327697754e-08, 0.4667716920375824, -0.8748303651809692, 0.12959904968738556, 0.8497143983840942, 0.4030093848705292, -0.3399543762207031, 0.24517270922660828, 0.2688031792640686, 0.9314693808555603),
            ["UpperTorso"] = CFrame.new(3.725290298461914e-08, 4.470348358154297e-07, -4.936009645462036e-08, 0.9280324578285217, -0.11721177399158478, -0.3535778522491455, 0.10867329686880112, 0.993104100227356, -0.04398227483034134, 0.35629481077194214, 0.002392528811469674, 0.9343705773353577),
            ["HumanoidRootPart"] = CFrame.new(0, 0, 0, 1, 0, 0, 0, 1, 0, 0, 0, 1),
            ["RightUpperLeg"] = CFrame.new(1.1920928955078125e-07, -6.952323019504547e-07, 2.438173396512866e-08, 0.6433145999908447, 0.006811609957367182, -0.7655718326568604, -0.3105437159538269, 0.9163272380828857, -0.2527989149093628, 0.6997921466827393, 0.4003724455833435, 0.5916017293930054),
            ["LeftUpperArm"] = CFrame.new(5.960464477539063e-08, -1.1920928955078125e-07, 2.2351741790771484e-08, 0.9662728905677795, -0.13729406893253326, -0.21786931157112122, 0.13634440302848816, 0.9904704093933105, -0.01946018822491169, 0.2184649109840393, -0.010901409201323986, 0.9757839441299438),
            ["RightLowerArm"] = CFrame.new(-5.960464477539063e-08, -2.384185791015625e-07, 5.21540641784668e-08, 1, 1.2805678739624682e-09, -2.444721758365631e-09, -1.8859276806892922e-08, 1, -1.862645149230957e-09, -6.984917644281552e-10, 9.313221305262687e-10, 1),
            ["LeftHand"] = CFrame.new(7.450580596923828e-08, 2.980232238769531e-07, -1.9371509552001953e-07, 0.3071715533733368, 0.7144991755485535, 0.6285989284515381, -0.5130882859230042, 0.6806471347808838, -0.522933840751648, -0.8014898300170898, -0.16189634799957275, 0.575676679611206),
            ["LeftFoot"] = CFrame.new(3.725290298461914e-08, 0, -1.4901161193847656e-08, 0.9948074221611023, 0.09990382939577103, 0.019428202882409096, -0.10058716684579849, 0.9941978454589844, 0.03811897709965706, -0.015507403761148453, -0.039875078946352005, 0.9990844130516052),
            ["LowerTorso"] = CFrame.new(-0.04858751222491264, -0.012251019477844238, 0.2483232021331787, 0.9126219153404236, 0.08029145747423172, 0.4008423686027527, -0.1293610781431198, 0.9868565201759338, 0.09685005247592926, -0.38779765367507935, -0.1402408629655838, 0.9110134840011597),
            ["RightLowerLeg"] = CFrame.new(2.2351741790771484e-08, -0.0000037550926208496094, -0.000013305041647981852, 1, -1.4901164746561335e-08, -1.1175869474300271e-07, -1.3411046495548362e-07, 0.9999840259552002, 0.005652136635035276, -1.0989607801548118e-07, -0.005651996936649084, 0.9999840259552002),
            ["LeftUpperLeg"] = CFrame.new(-2.384185791015625e-07, -1.7136335372924805e-07, -2.086162567138672e-07, 0.9232173562049866, -0.34146520495414734, 0.1762712001800537, 0.3684022128582001, 0.9169542193412781, -0.15321511030197144, -0.10931489616632462, 0.2063894420862198, 0.9723443984985352),
            ["LeftLowerLeg"] = CFrame.new(1.043081283569336e-07, 0.000003814697265625, 0.000013396143913269043, 1, 8.195639367158947e-08, -1.1548402767402877e-07, -7.450581485102248e-09, 0.9503206014633179, 0.31127285957336426, 5.7742006731587026e-08, -0.3112727701663971, 0.9503206610679626),
        }},
        {Time = 0.100, Data = {
            ["RightFoot"] = CFrame.new(-3.91155481338501e-08, 4.76837158203125e-07, 5.8862497098743916e-09, 0.9893075823783875, -0.143904447555542, 0.02371080592274666, 0.14584434032440186, 0.9757367372512817, -0.16330142319202423, 0.0003644600510597229, 0.16501396894454956, 0.9862913489341736),
            ["LeftLowerArm"] = CFrame.new(2.9802322387695312e-08, -1.7881393432617188e-07, -9.12696123123169e-08, 1, -1.862644971595273e-08, -4.656612428988183e-09, 5.5879341154252415e-09, 1, 0, 5.5879341154252415e-09, -3.7252898543727042e-09, 1),
            ["RightUpperArm"] = CFrame.new(-5.960464477539063e-08, -1.1920928955078125e-07, 1.1082738637924194e-07, 0.9697677493095398, 0.18821705877780914, -0.15532179176807404, -0.20271992683410645, 0.9756799936294556, -0.0833856537938118, 0.135849729180336, 0.11235152184963226, 0.9843384027481079),
            ["Head"] = CFrame.new(5.659967428073287e-08, -0.0000011920928955078125, -3.958120942115784e-08, 0.9970590472221375, -0.014654552564024925, -0.0752229392528534, -0.007988362573087215, 0.9563269019126892, -0.2921903133392334, 0.07621961086988449, 0.2919318675994873, 0.9533973336219788),
            ["RightHand"] = CFrame.new(-1.73225998878479e-07, -7.152557373046875e-07, -3.3527612686157227e-08, 0.5013585090637207, -0.8577172756195068, 0.11384524405002594, 0.8287941217422485, 0.4382796883583069, -0.34786683320999146, 0.24847529828548431, 0.26876023411750793, 0.9306063055992126),
            ["UpperTorso"] = CFrame.new(7.450580596923828e-09, 4.470348358154297e-07, 5.448237061500549e-08, 0.8868732452392578, -0.11494582146406174, -0.4474855363368988, 0.10392997413873672, 0.9933675527572632, -0.049187593162059784, 0.450171560049057, -0.002883999841287732, 0.8929375410079956),
            ["HumanoidRootPart"] = CFrame.new(0, 0, 0, 1, 0, 0, 0, 1, 0, 0, 0, 1),
            ["RightUpperLeg"] = CFrame.new(0, -4.754401743412018e-07, 5.2321411203593016e-08, 0.806819498538971, -0.009536758996546268, -0.590721070766449, -0.22727030515670776, 0.9179182648658752, -0.32523003220558167, 0.5453353524208069, 0.39665487408638, 0.7384267449378967),
            ["LeftUpperArm"] = CFrame.new(0, 3.5762786865234375e-07, 1.0803341865539551e-07, 0.9710493087768555, -0.13856156170368195, -0.19458669424057007, 0.13647660613059998, 0.9903489351272583, -0.024147462099790573, 0.196054607629776, -0.0031081493943929672, 0.9805880784988403),
            ["RightLowerArm"] = CFrame.new(-2.384185791015625e-07, 5.960464477539063e-08, 7.078051567077637e-08, 1, -2.176966340527997e-08, 5.587936335871291e-09, -6.635674232313704e-09, 1, 9.31322685637781e-10, 5.122274604474342e-09, -9.313224635931761e-10, 1),
            ["LeftHand"] = CFrame.new(-1.30385160446167e-07, 3.5762786865234375e-07, -1.2665987014770508e-07, 0.35996922850608826, 0.7079647779464722, 0.6076250672340393, -0.5272169709205627, 0.6916851997375488, -0.493572473526001, -0.7697170972824097, -0.14267925918102264, 0.6222363710403442),
            ["LeftFoot"] = CFrame.new(-7.450580596923828e-09, 5.960464477539063e-08, -1.1175870895385742e-08, 0.990982711315155, 0.125479057431221, 0.046993374824523926, -0.12116751074790955, 0.9889445304870605, -0.08548342436552048, -0.05719984322786331, 0.07901816070079803, 0.9952307939529419),
            ["LowerTorso"] = CFrame.new(-0.04467462748289108, -0.0007874965667724609, 0.24231895804405212, 0.8928730487823486, 0.08101575076580048, 0.4429607391357422, -0.13906221091747284, 0.9852099418640137, 0.1001158058643341, -0.42829835414886475, -0.15098980069160461, 0.8909335732460022),
            ["RightLowerLeg"] = CFrame.new(7.82310962677002e-08, -0.000003635883331298828, -0.000013308766938280314, 1, 7.450584149637507e-09, -6.332994928470725e-08, -4.842878098543224e-08, 0.9999841451644897, 0.005648390855640173, -5.587936158235607e-08, -0.00564869400113821, 0.9999841451644897),
            ["LeftUpperLeg"] = CFrame.new(0, -4.507601261138916e-07, -1.4901161193847656e-08, 0.9249160885810852, -0.2360999584197998, 0.2979714870452881, 0.342431902885437, 0.8578429222106934, -0.3832043707370758, -0.16513828933238983, 0.4564672112464905, 0.874281108379364),
            ["LeftLowerLeg"] = CFrame.new(-2.9802322387695312e-08, 0.000003874301910400391, 0.000013232231140136719, 1, 2.980232594040899e-08, -3.725290653733282e-08, -4.097820394122209e-08, 0.5922796726226807, 0.805732786655426, -7.450582373280668e-09, -0.8057325482368469, 0.592279314994812),
        }},
        {Time = 0.133, Data = {
            ["RightFoot"] = CFrame.new(2.4883775040507317e-08, 2.980232238769531e-07, -1.9492290448397398e-08, 0.9963856935501099, -0.08430255204439163, 0.010423023253679276, 0.08494424819946289, 0.988569438457489, -0.12455929070711136, 0.00019680894911289215, 0.12499482184648514, 0.992157518863678),
            ["LeftLowerArm"] = CFrame.new(3.5762786865234375e-07, 0, -2.9802322387695312e-08, 1, -5.5879341154252415e-09, 1.210719347000122e-08, -1.6763801014008095e-08, 1, -3.725290298461914e-09, -1.7695121812266734e-08, -3.7252894102834944e-09, 1),
            ["RightUpperArm"] = CFrame.new(-1.1920928955078125e-07, 0, 9.685754776000977e-08, 0.9730133414268494, 0.19140243530273438, -0.1288810521364212, -0.20394477248191833, 0.9746214151382446, -0.09230256825685501, 0.10794331133365631, 0.11609624326229095, 0.9873549938201904),
            ["Head"] = CFrame.new(5.2386894822120667e-08, -8.344650268554688e-07, -4.819594323635101e-08, 0.9994432926177979, -0.022236285731196404, -0.02487494982779026, 0.01390725839883089, 0.9553295373916626, -0.2952154874801636, 0.03032826818525791, 0.29470518231391907, 0.9551069140434265),
            ["RightHand"] = CFrame.new(-1.8067657947540283e-07, -8.344650268554688e-07, 4.0512531995773315e-08, 0.5113359093666077, -0.8528446555137634, 0.10579101741313934, 0.8185604214668274, 0.44585397839546204, -0.3621782958507538, 0.2617144286632538, 0.27179110050201416, 0.9260860085487366),
            ["UpperTorso"] = CFrame.new(-4.6566128730773926e-08, 3.5762786865234375e-07, 1.885928213596344e-08, 0.864230215549469, -0.09211485832929611, -0.4945918023586273, 0.10116573423147202, 0.9948332905769348, -0.008508924394845963, 0.4928201735019684, -0.04268207028508186, 0.869083821773529),
            ["HumanoidRootPart"] = CFrame.new(0, 0, 0, 1, 0, 0, 0, 1, 0, 0, 0, 1),
            ["RightUpperLeg"] = CFrame.new(-2.9802322387695312e-08, -4.284083843231201e-07, 5.75528247281909e-09, 0.8996796607971191, -0.0013903896324336529, -0.4365484416484833, -0.1608099639415741, 0.928621232509613, -0.33436959981918335, 0.4058530628681183, 0.3710266649723053, 0.8352380394935608),
            ["LeftUpperArm"] = CFrame.new(1.1920928955078125e-07, -2.384185791015625e-07, 4.842877388000488e-08, 0.9758885502815247, -0.14068233966827393, -0.16688334941864014, 0.13634279370307922, 0.9899615049362183, -0.037240128964185715, 0.17044714093208313, 0.013588866218924522, 0.9852731227874756),
            ["RightLowerArm"] = CFrame.new(-8.940696716308594e-08, -7.152557373046875e-07, 9.080395102500916e-08, 1, -1.6705593353094628e-08, 2.7939670133036998e-08, -7.799826562404633e-09, 1, 4.656611984898973e-09, 1.862645149230957e-08, -1.396983417834008e-09, 1),
            ["LeftHand"] = CFrame.new(-1.6298145055770874e-08, 5.960464477539062e-07, -1.0244548320770264e-07, 0.40027663111686707, 0.7047450542449951, 0.585758626461029, -0.5579441785812378, 0.6944897770881653, -0.4542931616306305, -0.7269642353057861, -0.1449775993824005, 0.6711963415145874),
            ["LeftFoot"] = CFrame.new(-2.9802322387695312e-08, 5.960464477539063e-08, -1.4901161193847656e-08, 0.9891771078109741, 0.1331862062215805, 0.06156487762928009, -0.1223236694931984, 0.980270504951477, -0.155263289809227, -0.08102907985448837, 0.14605233073234558, 0.9859529733657837),
            ["LowerTorso"] = CFrame.new(-0.042183343321084976, -0.0030024051666259766, 0.23489290475845337, 0.8942572474479675, 0.08466344326734543, 0.4394727647304535, -0.13185091316699982, 0.9882022738456726, 0.07792066037654877, -0.42769092321395874, -0.127625972032547, 0.8948699831962585),
            ["RightLowerLeg"] = CFrame.new(9.866198524832726e-09, -0.0000033974647521972656, -0.000013312492228578776, 1, 3.646710666771469e-08, -6.728806312139568e-08, -2.840534918391313e-08, 0.9999840259552002, 0.005651629995554686, -4.9825775505496495e-08, -0.005651706364005804, 0.9999840259552002),
            ["LeftUpperLeg"] = CFrame.new(-1.1920928955078125e-07, -7.003545761108398e-07, -2.9802322387695312e-08, 0.9269548058509827, -0.19413410127162933, 0.32104039192199707, 0.3342110812664032, 0.8160860538482666, -0.47149384021759033, -0.1704636812210083, 0.5443487763404846, 0.8213566541671753),
            ["LeftLowerLeg"] = CFrame.new(-3.725290298461914e-09, 0.0000037550926208496094, 0.00001329183578491211, 1, 4.4703490686970326e-08, 8.940699558479537e-08, -8.940698137394065e-08, 0.3138222098350525, 0.9494817852973938, 1.1920930376163597e-07, -0.9494818449020386, 0.3138224184513092),
        }},
        {Time = 0.167, Data = {
            ["RightFoot"] = CFrame.new(-1.3969838619232178e-08, 5.960464477539063e-08, -3.579043550416827e-08, 0.997061550617218, -0.07575227320194244, 0.011400067247450352, 0.07631082832813263, 0.9691388607025146, -0.23440639674663544, 0.006708494387567043, 0.23458810150623322, 0.9720719456672668),
            ["LeftLowerArm"] = CFrame.new(4.76837158203125e-07, -2.384185791015625e-07, -1.4901161193847656e-07, 1, -7.450577932388569e-09, 9.313226634333205e-09, 1.3038509827367761e-08, 1, 0, -2.6077019654735523e-08, 7.450577932388569e-09, 1),
            ["RightUpperArm"] = CFrame.new(1.1920928955078125e-07, 3.5762786865234375e-07, -1.4901161193847656e-08, 0.9768781065940857, 0.18631112575531006, -0.10486870259046555, -0.196385458111763, 0.9758478999137878, -0.09567475318908691, 0.08451065421104431, 0.11405722796916962, 0.9898731708526611),
            ["Head"] = CFrame.new(5.820766091346741e-08, -1.1920928955078125e-07, -1.1199153959751129e-07, 0.9993762373924255, -0.03157434239983559, 0.01581776887178421, 0.03492369502782822, 0.9501081705093384, -0.3099595010280609, -0.005241817329078913, 0.31031858921051025, 0.9506182074546814),
            ["RightHand"] = CFrame.new(-8.568167686462402e-08, -1.1920928955078125e-07, -1.862645149230957e-08, 0.4608363211154938, -0.8794015645980835, 0.11951054632663727, 0.8358628153800964, 0.38482022285461426, -0.39146754145622253, 0.29826706647872925, 0.2802968919277191, 0.9123981595039368),
            ["UpperTorso"] = CFrame.new(-2.0489096641540527e-08, 3.8743019104003906e-07, -1.885928213596344e-08, 0.867405891418457, -0.06787411123514175, -0.4929504990577698, 0.07893982529640198, 0.9968780875205994, 0.001644475618377328, 0.49129998683929443, -0.0403398796916008, 0.8700558543205261),
            ["HumanoidRootPart"] = CFrame.new(0, 0, 0, 1, 0, 0, 0, 1, 0, 0, 0, 1),
            ["RightUpperLeg"] = CFrame.new(0, -4.4750049710273743e-07, 3.183231456205249e-08, 0.9035064578056335, -0.01244867593050003, -0.42839354276657104, -0.19149352610111237, 0.882522463798523, -0.42951664328575134, 0.38341397047042847, 0.47010543942451477, 0.7949808239936829),
            ["LeftUpperArm"] = CFrame.new(2.384185791015625e-07, 7.152557373046875e-07, 0, 0.9798324704170227, -0.14526647329330444, -0.13720861077308655, 0.14005090296268463, 0.9890291094779968, -0.04698219522833824, 0.1425282508134842, 0.026818476617336273, 0.9894273281097412),
            ["RightLowerArm"] = CFrame.new(-3.8743019104003906e-07, -8.344650268554688e-07, -2.60770320892334e-08, 1, -9.720674931656959e-09, 2.0954759705205106e-08, 8.265486961533952e-09, 1, -2.3283066585833012e-09, -1.1175869119028903e-08, -1.396983195789403e-09, 1),
            ["LeftHand"] = CFrame.new(-5.681067705154419e-08, 1.1920928955078125e-07, -2.60770320892334e-08, 0.42190784215927124, 0.6978292465209961, 0.578816294670105, -0.5776196122169495, 0.698972225189209, -0.4216555058956146, -0.6988199949264526, -0.15643572807312012, 0.6979817152023315),
            ["LeftFoot"] = CFrame.new(6.332993507385254e-08, 5.960464477539063e-08, 8.568167686462402e-08, 0.9789540767669678, 0.1507836878299713, 0.13752545416355133, -0.17445997893810272, 0.9679633378982544, 0.1805850714445114, -0.10589025914669037, -0.20077721774578094, 0.9738972187042236),
            ["LowerTorso"] = CFrame.new(-0.03999006003141403, -0.046263694763183594, 0.22612759470939636, 0.9159018397331238, 0.07606170326471329, 0.39413008093833923, -0.1201094463467598, 0.9888271689414978, 0.08828702569007874, -0.3830112814903259, -0.1282009780406952, 0.9148043990135193),
            ["RightLowerLeg"] = CFrame.new(-1.257285475730896e-08, -0.0000036954879760742188, -0.00001337768480880186, 1, -6.286429510282687e-08, -2.607702498380604e-08, 1.126900315284729e-07, 0.982529878616333, 0.1861049383878708, -1.6763806343078613e-08, -0.18610531091690063, 0.982529878616333),
            ["LeftUpperLeg"] = CFrame.new(-1.1920928955078125e-07, -6.668269634246826e-07, -2.9802322387695312e-08, 0.9144333600997925, -0.29003429412841797, 0.2822974622249603, 0.4022359848022461, 0.7286468744277954, -0.5543285012245178, -0.04492097720503807, 0.6204466223716736, 0.7829611897468567),
            ["LeftLowerLeg"] = CFrame.new(6.51925802230835e-08, 0.000003933906555175781, 0.000013303011655807495, 1, -1.043080928297968e-07, -7.450577044210149e-08, 3.352760558072987e-08, 0.3921595513820648, 0.9198972582817078, -5.960463056453591e-08, -0.9198971390724182, 0.3921595811843872),
        }},
        {Time = 0.200, Data = {
            ["RightFoot"] = CFrame.new(-2.2351741790771484e-08, 2.980232238769531e-07, -3.043533070012927e-08, 0.9972949028015137, 0.07347550243139267, -0.002098009455949068, -0.07027476280927658, 0.9447133541107178, -0.32027748227119446, -0.021550437435507774, 0.31955933570861816, 0.9473214745521545),
            ["LeftLowerArm"] = CFrame.new(-3.5762786865234375e-07, 4.172325134277344e-07, -2.9802322387695312e-08, 1, -5.587935447692871e-09, -1.9557779395995567e-08, 1.303851426825986e-08, 1, -1.1175873559921001e-08, -2.1420417439799166e-08, 7.450580596923828e-09, 1),
            ["RightUpperArm"] = CFrame.new(0, 1.1920928955078125e-07, 3.725290298461914e-08, 0.9800429344177246, 0.17066527903079987, -0.10192842781543732, -0.18092377483844757, 0.978227436542511, -0.10167532414197922, 0.082356758415699, 0.11808745563030243, 0.9895821809768677),
            ["Head"] = CFrame.new(6.705522537231445e-08, -3.5762786865234375e-07, -9.837094694375992e-08, 0.99832683801651, -0.04483858123421669, 0.03651312366127968, 0.05451929569244385, 0.9403052926063538, -0.33593687415122986, -0.019270552322268486, 0.33736541867256165, 0.9411765933036804),
            ["RightHand"] = CFrame.new(4.470348358154297e-08, -0.0000010132789611816406, -7.078051567077637e-08, 0.3762397766113281, -0.9138142466545105, 0.15292879939079285, 0.8609994053840637, 0.283869206905365, -0.42201706767082214, 0.3422333300113678, 0.2904512584209442, 0.893596351146698),
            ["UpperTorso"] = CFrame.new(-3.3527612686157227e-08, 5.960464477539062e-07, 6.239861249923706e-08, 0.9034884572029114, -0.004483500495553017, -0.42858898639678955, 0.008684549480676651, 0.9999315738677979, 0.007847171276807785, 0.4285244345664978, -0.010811916552484035, 0.9034656286239624),
            ["HumanoidRootPart"] = CFrame.new(0, 0, 0, 1, 0, 0, 0, 1, 0, 0, 0, 1),
            ["RightUpperLeg"] = CFrame.new(1.1920928955078125e-07, -5.355104804039001e-07, -1.6952981241047382e-09, 0.7938875555992126, -0.09490641951560974, -0.6006125211715698, -0.33674532175064087, 0.7538255453109741, -0.5642252564430237, 0.5063055157661438, 0.6501844525337219, 0.5664931535720825),
            ["LeftUpperArm"] = CFrame.new(1.7881393432617188e-07, -3.5762786865234375e-07, 0, 0.979516863822937, -0.15559573471546173, -0.12781551480293274, 0.1495703011751175, 0.9871912002563477, -0.05551842600107193, 0.13481676578521729, 0.03526381403207779, 0.9902428984642029),
            ["RightLowerArm"] = CFrame.new(-9.5367431640625e-07, -9.5367431640625e-07, 2.9802322387695312e-08, 1, -2.5844192563795332e-08, 6.51925802230835e-09, 1.2107191693644381e-08, 1, -1.862645149230957e-09, -1.303851426825986e-08, -5.587933671336032e-09, 1),
            ["LeftHand"] = CFrame.new(-7.078051567077637e-08, 4.76837158203125e-07, -1.341104507446289e-07, 0.4174308776855469, 0.6947433948516846, 0.5857331156730652, -0.6022542715072632, 0.6941952109336853, -0.3941863477230072, -0.6804714202880859, -0.18821461498737335, 0.7081905603408813),
            ["LeftFoot"] = CFrame.new(2.2351741790771484e-08, 5.960464477539063e-08, 1.3969838619232178e-08, 0.9784835577011108, 0.17891818284988403, 0.1027534157037735, -0.1801605075597763, 0.9836331009864807, 0.002865358954295516, -0.1005590558052063, -0.021315937861800194, 0.9947026968002319),
            ["LowerTorso"] = CFrame.new(-0.038558002561330795, -0.12169063091278076, 0.2165037840604782, 0.9449119567871094, 0.031020544469356537, 0.3258514702320099, -0.07468399405479431, 0.9896724820137024, 0.12235524505376816, -0.3186906576156616, -0.13995081186294556, 0.9374700784683228),
            ["RightLowerLeg"] = CFrame.new(1.341104507446289e-07, -0.0000037550926208496094, -0.0000133199428091757, 1, -2.7939670133036998e-08, 1.4901159417490817e-08, -1.6391278734317893e-07, 0.8061331510543823, 0.5917338728904724, 1.4901162614933128e-07, -0.5917342901229858, 0.8061333894729614),
            ["LeftUpperLeg"] = CFrame.new(-1.7881393432617188e-07, -6.873160600662231e-07, -5.960464477539063e-08, 0.9229334592819214, -0.25658220052719116, 0.28698334097862244, 0.3751819431781769, 0.7664780020713806, -0.5212962627410889, -0.08621097356081009, 0.5887927412986755, 0.8036733269691467),
            ["LeftLowerLeg"] = CFrame.new(7.636845111846924e-08, 0.0000040531158447265625, 0.000013343989849090576, 1, 1.9371505288745539e-07, 8.940694584680386e-08, -1.5273688802608376e-07, 0.46489161252975464, 0.8853675723075867, 8.940695295223122e-08, -0.8853676319122314, 0.46489161252975464),
        }},
        {Time = 0.233, Data = {
            ["RightFoot"] = CFrame.new(4.470348358154297e-08, 2.384185791015625e-07, 1.6952981241047382e-09, 0.9750253558158875, -0.22109781205654144, -0.021012766286730766, 0.19854214787483215, 0.9101201295852661, -0.3636781573295593, 0.09953226149082184, 0.35042449831962585, 0.9312877058982849),
            ["LeftLowerArm"] = CFrame.new(5.960464477539063e-08, -1.1920928955078125e-07, -1.1920928955078125e-07, 1, 3.7252898543727042e-09, -2.0489103746967885e-08, -3.7252898543727042e-09, 1, 1.8626458597736928e-08, 0, -1.303851426825986e-08, 1),
            ["RightUpperArm"] = CFrame.new(-5.960464477539063e-08, 2.384185791015625e-07, -7.450580596923828e-09, 0.9810378551483154, 0.1575092077255249, -0.11294123530387878, -0.16985070705413818, 0.9793633222579956, -0.10953719913959503, 0.0933573767542839, 0.12664330005645752, 0.9875454306602478),
            ["Head"] = CFrame.new(4.470348358154297e-08, -2.384185791015625e-07, -1.257285475730896e-07, 0.9971635341644287, -0.06747204065322876, 0.03335333615541458, 0.07491599023342133, 0.93242347240448, -0.3535166084766388, -0.007246948312968016, 0.3550126254558563, 0.9348334670066833),
            ["RightHand"] = CFrame.new(-4.842877388000488e-08, -5.960464477539063e-08, -1.0617077350616455e-07, 0.2741529941558838, -0.941167950630188, 0.19759337604045868, 0.8818120956420898, 0.164035364985466, -0.4421536326408386, 0.3837285041809082, 0.29545801877975464, 0.8749040365219116),
            ["UpperTorso"] = CFrame.new(-2.9802322387695312e-08, 4.172325134277344e-07, 6.984919309616089e-08, 0.9437443017959595, 0.0437965914607048, -0.327763170003891, -0.04217928647994995, 0.9990374445915222, 0.01204525213688612, 0.32797524333000183, 0.0024571644607931376, 0.9446831941604614),
            ["HumanoidRootPart"] = CFrame.new(0, 0, 0, 1, 0, 0, 0, 1, 0, 0, 0, 1),
            ["RightUpperLeg"] = CFrame.new(1.1920928955078125e-07, -1.2881355360150337e-07, 1.1006341082975268e-07, 0.4163166880607605, -0.21028758585453033, -0.884567379951477, -0.5159193277359009, 0.7464586496353149, -0.42026999592781067, 0.7486705780029297, 0.6313309669494629, 0.20227167010307312),
            ["LeftUpperArm"] = CFrame.new(1.1920928955078125e-07, 0, 0, 0.9772768020629883, -0.16426445543766022, -0.13396714627742767, 0.15706756711006165, 0.9855955839157104, -0.06270022690296173, 0.14233683049678802, 0.04023359715938568, 0.9890002608299255),
            ["RightLowerArm"] = CFrame.new(-1.1920928955078125e-07, -3.5762786865234375e-07, 8.009374141693115e-08, 1, -1.2805680960070731e-08, -1.5832481992106295e-08, 1.0477378076245714e-08, 1, -1.8626449271863521e-09, -1.1175869119028903e-08, 1.8626444830971423e-09, 1),
            ["LeftHand"] = CFrame.new(-5.029141902923584e-08, 2.980232238769531e-07, -2.2351741790771484e-07, 0.40578174591064453, 0.6920846104621887, 0.5969591736793518, -0.6192517280578613, 0.6885697245597839, -0.3773581385612488, -0.672211766242981, -0.21654291450977325, 0.7079835534095764),
            ["LeftFoot"] = CFrame.new(2.8347130864858627e-08, 5.960464477539063e-08, 5.9881131164729595e-09, 0.9811446666717529, 0.19100740551948547, 0.029516935348510742, -0.17696167528629303, 0.9492027759552002, -0.260189950466156, -0.07771572470664978, 0.250060498714447, 0.965106189250946),
            ["LowerTorso"] = CFrame.new(-0.03831934928894043, -0.146439790725708, 0.20634137094020844, 0.9688429236412048, -0.0015461351722478867, 0.24767133593559265, -0.035935178399086, 0.9885218143463135, 0.146742582321167, -0.2450554072856903, -0.15107062458992004, 0.9576666951179504),
            ["RightLowerLeg"] = CFrame.new(-8.940696716308594e-08, -0.000003516674041748047, -0.000013364646292757243, 1, -3.799794683345681e-07, -8.940699558479537e-08, 4.1164463482346036e-07, 0.544353187084198, 0.8388554453849792, -1.4901162614933128e-07, -0.8388561606407166, 0.5443543791770935),
            ["LeftUpperLeg"] = CFrame.new(-2.384185791015625e-07, -4.7334469854831696e-07, 1.6391277313232422e-07, 0.9272605776786804, -0.23287661373615265, 0.29318323731422424, 0.3354540169239044, 0.864524245262146, -0.3742571473121643, -0.16630840301513672, 0.44538336992263794, 0.8797586560249329),
            ["LeftLowerLeg"] = CFrame.new(-1.0617077350616455e-07, 0.000003874301910400391, 0.000013329088687896729, 1, 8.940699558479537e-08, 5.960463056453591e-08, -1.2665985593685036e-07, 0.637789249420166, 0.7702111005783081, 7.450579886381092e-08, -0.7702110409736633, 0.6377890706062317),
        }},
        {Time = 0.267, Data = {
            ["RightFoot"] = CFrame.new(2.2351741790771484e-08, 2.980232238769531e-07, -5.75528247281909e-09, 0.9416695833206177, -0.328770250082016, -0.07189343124628067, 0.28019705414772034, 0.8842479586601257, -0.3736238181591034, 0.18640828132629395, 0.3316863477230072, 0.92479008436203),
            ["LeftLowerArm"] = CFrame.new(-2.9802322387695312e-08, 0.0000013709068298339844, -1.4901161193847656e-07, 1, 5.587936335871291e-09, 1.3038517820973539e-08, 0, 1, 5.587936335871291e-09, 1.8626449271863521e-09, -9.313226634333205e-09, 1),
            ["RightUpperArm"] = CFrame.new(-2.980232238769531e-07, 2.384185791015625e-07, -7.450580596923828e-09, 0.9807065725326538, 0.15226182341575623, -0.1226014494895935, -0.16641297936439514, 0.9793395400047302, -0.11489486694335938, 0.10257435590028763, 0.1330806165933609, 0.9857829809188843),
            ["Head"] = CFrame.new(5.122274160385132e-08, -9.5367431640625e-07, -9.825453162193298e-08, 0.9960575103759766, -0.08546382933855057, 0.023782147094607353, 0.08833182603120804, 0.9307317733764648, -0.35487449169158936, 0.008194134570658207, 0.3555760383605957, 0.9346114993095398),
            ["RightHand"] = CFrame.new(-3.5390257835388184e-08, -1.7881393432617188e-07, -1.2200325727462769e-07, 0.18785181641578674, -0.9528494477272034, 0.2383057028055191, 0.8921980857849121, 0.06408198177814484, -0.44707509875297546, 0.41072410345077515, 0.29659977555274963, 0.8621684312820435),
            ["UpperTorso"] = CFrame.new(1.30385160446167e-08, 1.4901161193847656e-07, 4.656612873077393e-10, 0.973455011844635, 0.05554923042654991, -0.22203516960144043, -0.05621163547039032, 0.9984133243560791, 0.0033399693202227354, 0.2218683809041977, 0.009229651652276516, 0.9750329852104187),
            ["HumanoidRootPart"] = CFrame.new(0, 0, 0, 1, 0, 0, 0, 1, 0, 0, 0, 1),
            ["RightUpperLeg"] = CFrame.new(0, -0.000001537846401333809, -1.6952981241047382e-09, 0.49084293842315674, -0.18391820788383484, -0.8516147136688232, -0.5813495516777039, 0.658901035785675, -0.4773700535297394, 0.6489267349243164, 0.7293995022773743, 0.21649570763111115),
            ["LeftUpperArm"] = CFrame.new(1.7881393432617188e-07, -2.384185791015625e-07, 1.0058283805847168e-07, 0.9744771122932434, -0.17230923473834991, -0.1438891589641571, 0.16369152069091797, 0.9840382933616638, -0.06981239467859268, 0.15362176299095154, 0.04447712004184723, 0.9871283173561096),
            ["RightLowerArm"] = CFrame.new(-2.980232238769531e-07, -4.172325134277344e-07, 8.195638656616211e-08, 1, -4.656611762854368e-10, 6.51925713412993e-09, 6.053595846822191e-09, 1, 1.8626449271863521e-09, 1.3969836842875338e-08, 1.8626447051417472e-09, 1),
            ["LeftHand"] = CFrame.new(1.7601996660232544e-07, 4.172325134277344e-07, -2.8312206268310547e-07, 0.4029900133609772, 0.6877022981643677, 0.6038748621940613, -0.6185550093650818, 0.6909694075584412, -0.3741002082824707, -0.6745285391807556, -0.2227710634469986, 0.7038354277610779),
            ["LeftFoot"] = CFrame.new(-1.1175870895385742e-08, 5.960464477539063e-08, 4.377216100692749e-08, 0.9816393256187439, 0.1906544268131256, 0.005920922849327326, -0.17916081845760345, 0.932223379611969, -0.3144225776195526, -0.06546572595834732, 0.30758848786354065, 0.949264645576477),
            ["LowerTorso"] = CFrame.new(-0.04055868089199066, -0.13292503356933594, 0.1946718543767929, 0.9866234064102173, -0.006816789973527193, 0.16287346184253693, -0.02050619199872017, 0.9859989881515503, 0.16548573970794678, -0.1617211550474167, -0.16661201417446136, 0.9726698994636536),
            ["RightLowerLeg"] = CFrame.new(1.1920928955078125e-07, -0.0000037550926208496094, -0.000013245437003206462, 1, 2.2351744632942427e-07, 8.940700979565008e-08, -1.30385160446167e-07, 0.30372384190559387, 0.9527600407600403, 1.4901161193847656e-07, -0.9527602195739746, 0.3037244379520416),
