return {
    ["Sticky"] = {
        {Time = 0.000, Data = {
            ["RightFoot"] = CFrame.new(-5.383208190323785e-08, 4.172325134277344e-07, 5.413312464952469e-09, 0.9864257574081421, 0.08140545338392258, 0.1426093429327011, -0.04538501426577568, 0.9697955250740051, -0.2396596372127533, -0.15781156718730927, 0.22993455827236176, 0.9603259563446045),
            ["LeftLowerArm"] = CFrame.new(-1.7881393432617188e-07, 1.1920928955078125e-07, 4.470348358154297e-08, 1, -2.421439049271612e-08, 8.381903171539307e-09, 1.1175870895385742e-08, 0.9698858857154846, -0.24355988204479218, 1.6763806343078613e-08, 0.24355991184711456, 0.9698858857154846),
            ["RightUpperArm"] = CFrame.new(-1.1920928955078125e-07, -1.1920928955078125e-07, 1.30385160446167e-08, 0.6128564476966858, -0.30201008915901184, 0.7302033305168152, 0.30038997530937195, 0.9437490105628967, 0.13821600377559662, -0.730871319770813, 0.1346391886472702, 0.6691035032272339),
            ["Head"] = CFrame.new(-1.30385160446167e-08, 0, -5.587935447692871e-09, 0.9748308062553406, -0.15870586037635803, 0.15658052265644073, 0.1599443256855011, 0.987114667892456, 0.004740279167890549, -0.15531522035598755, 0.020423194393515587, 0.987653911113739),
            ["RightHand"] = CFrame.new(-5.960464477539063e-08, -5.960464477539063e-08, 8.940696716308594e-08, 1, -1.4901162970204496e-08, 5.960465188081798e-08, 1.4901162970204496e-08, 0.9768922924995422, 0.21373248100280762, -7.450581485102248e-09, -0.21373239159584045, 0.9768922328948975),
            ["UpperTorso"] = CFrame.new(-4.656612873077393e-10, -8.940696716308594e-08, -1.1350493878126144e-08, 0.999295711517334, 0.03641461580991745, -0.009059373289346695, -0.03543677553534508, 0.9951881766319275, 0.09135022759437561, 0.012342254631221294, -0.09096486866474152, 0.9957776665687561),
            ["HumanoidRootPart"] = CFrame.new(0, 0, 0, 1, 0, 0, 0, 1, 0, 0, 0, 1),
            ["RightUpperLeg"] = CFrame.new(5.960464477539063e-08, -3.296881914138794e-07, -1.6952981241047382e-09, 0.9968296885490417, -0.07953070104122162, 0.0023594924714416265, 0.07744947075843811, 0.9630963802337646, -0.25777342915534973, 0.018228428438305855, 0.257138729095459, 0.9662025570869446),
            ["LeftUpperArm"] = CFrame.new(5.960464477539063e-08, 3.5762786865234375e-07, -1.862645149230957e-09, 0.9898010492324829, 0.07031935453414917, -0.12389181554317474, -0.041886862367391586, 0.9748942852020264, 0.2186930924654007, 0.13615982234477997, -0.211273193359375, 0.9678968191146851),
            ["RightLowerArm"] = CFrame.new(0, -2.384185791015625e-07, 2.2351741790771484e-07, 1, -5.960464477539063e-08, 2.2351741790771484e-08, 5.21540641784668e-08, 0.36761584877967834, -0.9299777746200562, 2.2351741790771484e-08, 0.9299777746200562, 0.36761587858200073),
            ["LeftHand"] = CFrame.new(8.381903171539307e-08, -5.960464477539063e-08, -2.2351741790771484e-08, 0.9921073913574219, 0.10288967192173004, -0.07167059183120728, -0.09056615084409714, 0.9832885265350342, 0.15792904794216156, 0.08672215789556503, -0.15019163489341736, 0.9848461151123047),
            ["LeftFoot"] = CFrame.new(2.9802322387695312e-08, -1.1920928955078125e-07, 7.450580596923828e-09, 0.9940999150276184, -0.022527672350406647, -0.10610377788543701, 0.005067243240773678, 0.986772358417511, -0.16203302145004272, 0.10835054516792297, 0.16053931415081024, 0.9810643196105957),
            ["LowerTorso"] = CFrame.new(0, -0.08748483657836914, 0, 0.9930898547172546, -0.01810193993151188, -0.11595211178064346, 0.006237355060875416, 0.9947772026062012, -0.1018795445561409, 0.11719071865081787, 0.10045229643583298, 0.9880161285400391),
            ["RightLowerLeg"] = CFrame.new(-2.2351741790771484e-08, -0.0000035762786865234375, -0.000013230535842012614, 1, -1.4901162970204496e-08, -2.6077035641947077e-08, 1.862644971595273e-08, 0.8271306753158569, 0.5620092749595642, -1.4901159417490817e-08, -0.5620098114013672, 0.8271309733390808),
            ["LeftUpperLeg"] = CFrame.new(-5.960464477539063e-08, -2.7194619178771973e-07, -1.1175870895385742e-08, 0.9282862544059753, 0.21784961223602295, 0.30137398838996887, -0.08659730851650238, 0.9147942662239075, -0.39452803134918213, -0.3616429567337036, 0.34013670682907104, 0.868056058883667),
            ["LeftLowerLeg"] = CFrame.new(6.332993507385254e-08, 0.000003814697265625, 0.00001329183578491211, 1, 9.313229298868464e-08, 5.587936779960501e-09, -7.450581307466564e-08, 0.6494641900062561, 0.7603921890258789, 3.166497108963995e-08, -0.7603923082351685, 0.6494643092155457),
        }},
        {Time = 0.034, Data = {
            ["RightFoot"] = CFrame.new(4.748289939016104e-08, 2.384185791015625e-07, 7.661583367735147e-09, 0.9837496876716614, 0.08525204658508301, 0.15801498293876648, -0.04754253476858139, 0.9723543524742126, -0.22861924767494202, -0.173136904835701, 0.2173917144536972, 0.9606063365936279),
            ["LeftLowerArm"] = CFrame.new(-0.00005358457565307617, 0.00010067224502563477, -0.00004381686449050903, 1, -2.7939680791178034e-08, -4.79631196981245e-08, 3.352760913344355e-08, 0.9652175903320312, -0.2614482343196869, -2.0489094865183688e-08, 0.2614482343196869, 0.9652175903320312),
            ["RightUpperArm"] = CFrame.new(-1.1920928955078125e-07, 0, 2.8870999813079834e-08, 0.6738714575767517, -0.25239598751068115, 0.6944014430046082, 0.3220808207988739, 0.946192741394043, 0.03135686740279198, -0.6649520993232727, 0.202522873878479, 0.7189043164253235),
            ["Head"] = CFrame.new(-8.847564458847046e-09, 3.5762786865234375e-07, 3.259629011154175e-09, 0.970596432685852, -0.165235698223114, 0.17504259943962097, 0.16778704524040222, 0.9858232736587524, 0.0002268647076562047, -0.17259857058525085, 0.02914968878030777, 0.9845609068870544),
            ["RightHand"] = CFrame.new(5.960464477539063e-08, 0, 2.60770320892334e-08, 0.9997869729995728, 0.016215920448303223, 0.01277519203722477, -0.01751040108501911, 0.9939146041870117, 0.10875292867422104, -0.010933886282145977, -0.10895344614982605, 0.9939867854118347),
            ["UpperTorso"] = CFrame.new(9.313225746154785e-10, 2.086162567138672e-07, -3.8853613659739494e-09, 0.9995905756950378, 0.027058791369199753, -0.009299108758568764, -0.026139799505472183, 0.99579918384552, 0.08775357156991959, 0.011634564027190208, -0.08747456967830658, 0.9960988163948059),
            ["HumanoidRootPart"] = CFrame.new(0, 0, 0, 1, 0, 0, 0, 1, 0, 0, 0, 1),
            ["RightUpperLeg"] = CFrame.new(0, 3.0780211091041565e-07, -5.420588422566652e-09, 0.9938739538192749, -0.10177111625671387, -0.043094947934150696, 0.08632463216781616, 0.9583324193954468, -0.27229973673820496, 0.06901159137487411, 0.26691150665283203, 0.961246907711029),
            ["LeftUpperArm"] = CFrame.new(0, 3.5762786865234375e-07, -9.313225746154785e-10, 0.9871807098388672, 0.08284127712249756, -0.1364249736070633, -0.05182454362511635, 0.9748109579086304, 0.21692822873592377, 0.15095917880535126, -0.20707714557647705, 0.9666077494621277),
            ["RightLowerArm"] = CFrame.new(-0.0000616312026977539, -0.00009763240814208984, 1.4156103134155273e-07, 1, -8.195639367158947e-08, 3.3527616238870905e-08, 8.195638656616211e-08, 0.2554763853549957, -0.9668153524398804, 8.09086486697197e-08, 0.9668153524398804, 0.2554764151573181),
            ["LeftHand"] = CFrame.new(-1.30385160446167e-07, 1.1920928955078125e-07, 4.470348358154297e-08, 0.9936370849609375, 0.08698433637619019, -0.07154723256826401, -0.07493351399898529, 0.9848107695579529, 0.15662916004657745, 0.08408476412296295, -0.1502712517976761, 0.9850625991821289),
            ["LeftFoot"] = CFrame.new(2.7939677238464355e-08, -2.980232238769531e-07, 2.9802322387695312e-08, 0.9870249032974243, -0.03839017450809479, -0.15591047704219818, 0.025702863931655884, 0.9962520003318787, -0.08259212225675583, 0.1584966480731964, 0.07751317322254181, 0.9843121767044067),
            ["LowerTorso"] = CFrame.new(0.005629626102745533, -0.083213210105896, -0.0005134759121574461, 0.9933465719223022, -0.01037345640361309, -0.11469507217407227, -0.0009095121058635414, 0.9951971769332886, -0.09788648039102554, 0.11515963822603226, 0.09733951836824417, 0.9885662794113159),
            ["RightLowerLeg"] = CFrame.new(2.9802322387695312e-08, -0.000003874301910400391, -0.000013252887583803385, 1, -1.0244551873483942e-07, -5.774199252073231e-08, 1.1920926112907182e-07, 0.8189427256584167, 0.5738751292228699, 9.313223969797946e-09, -0.5738753080368042, 0.8189427852630615),
            ["LeftUpperLeg"] = CFrame.new(0, 2.849847078323364e-07, -7.450580596923828e-09, 0.8661335706710815, 0.30142807960510254, 0.398690402507782, -0.08623012900352478, 0.8758364915847778, -0.4748419523239136, -0.49231815338134766, 0.3768974244594574, 0.7845835089683533),
            ["LeftLowerLeg"] = CFrame.new(-9.685754776000977e-08, 0.0000036954879760742188, 0.00001341104507446289, 1, -4.470347292340193e-08, 6.984917888530617e-08, -4.0978193283081055e-08, 0.5867551565170288, 0.8097644448280334, -3.91155481338501e-08, -0.8097644448280334, 0.5867551565170288),
        }},
        {Time = 0.069, Data = {
            ["RightFoot"] = CFrame.new(2.0256265997886658e-08, 1.7881393432617188e-07, -1.7971615307033062e-09, 0.9776290655136108, 0.08983972668647766, 0.19018535315990448, -0.05053621158003807, 0.9780338406562805, -0.20222681760787964, -0.20417554676532745, 0.18809205293655396, 0.9606944918632507),
            ["LeftLowerArm"] = CFrame.new(-0.00021070241928100586, 0.0003972053527832031, -0.00017295777797698975, 1, -2.980232594040899e-08, 1.1175869119028903e-08, 2.2351738238057806e-08, 0.9537811279296875, -0.3005024492740631, -9.313224857976365e-09, 0.3005024790763855, 0.9537811279296875),
            ["RightUpperArm"] = CFrame.new(0, -1.1920928955078125e-07, -9.313225746154785e-09, 0.8035339713096619, -0.1494171917438507, 0.5762012600898743, 0.33267080783843994, 0.9154292345046997, -0.22653788328170776, -0.4936228096485138, 0.37371620535850525, 0.7852851748466492),
            ["Head"] = CFrame.new(1.862645149230957e-09, -1.1920928955078125e-07, -2.7939677238464355e-09, 0.9599438309669495, -0.17899301648139954, 0.21556782722473145, 0.1852865070104599, 0.9826416969299316, -0.00917865801602602, -0.2101830244064331, 0.0487527996301651, 0.976445734500885),
            ["RightHand"] = CFrame.new(-5.960464477539063e-08, 0, 1.9371509552001953e-07, 0.9974825382232666, 0.060189858078956604, 0.03749622777104378, -0.05472441762685776, 0.9896323680877686, -0.1327899992465973, -0.04510002210736275, 0.13040363788604736, 0.9904347062110901),
            ["UpperTorso"] = CFrame.new(1.862645149230957e-09, -8.940696716308594e-08, -4.190951585769653e-09, 0.999948263168335, 0.0037842332385480404, -0.009445114992558956, -0.003019374795258045, 0.9968128800392151, 0.07971920073032379, 0.00971668865531683, -0.07968655228614807, 0.9967727065086365),
            ["HumanoidRootPart"] = CFrame.new(0, 0, 0, 1, 0, 0, 0, 1, 0, 0, 0, 1),
            ["RightUpperLeg"] = CFrame.new(-8.940696716308594e-08, -1.5739351511001587e-07, 5.75528247281909e-09, 0.9782506227493286, -0.15390901267528534, -0.13906073570251465, 0.1055329367518425, 0.9464500546455383, -0.3051152229309082, 0.17857404053211212, 0.2838035225868225, 0.9421076774597168),
            ["LeftUpperArm"] = CFrame.new(-1.1920928955078125e-07, 0, -1.862645149230957e-09, 0.9800839424133301, 0.11233736574649811, -0.1637553870677948, -0.07593284547328949, 0.9739494323730469, 0.21367458999156952, 0.18349309265613556, -0.19698458909988403, 0.9630823135375977),
            ["RightLowerArm"] = CFrame.new(-0.00024369359016418457, -0.00038677453994750977, 7.748603820800781e-07, 1, -7.4505820180093e-08, 4.4703490686970326e-08, 1.0430815677864302e-07, -0.024922816082835197, -0.9996894598007202, 9.685756907629184e-08, 0.9996894001960754, -0.02492278441786766),
            ["LeftHand"] = CFrame.new(6.332993507385254e-08, -3.5762786865234375e-07, -5.21540641784668e-08, 0.9961104393005371, 0.05190734565258026, -0.07120157033205032, -0.040455203503370285, 0.9872772693634033, 0.1537761241197586, 0.0782778188586235, -0.15029749274253845, 0.9855371117591858),
            ["LeftFoot"] = CFrame.new(-3.632158041000366e-08, -5.960464477539063e-08, -2.9802322387695312e-08, 0.9735296964645386, 0.010071351192891598, -0.22833876311779022, 0.020707078278064728, 0.9910338521003723, 0.1319969892501831, 0.22762082517147064, -0.13323107361793518, 0.9645922780036926),
            ["LowerTorso"] = CFrame.new(0.018014803528785706, -0.07246661186218262, -0.001990326913073659, 0.9936834573745728, 0.008454347029328346, -0.11190041154623032, -0.018498031422495842, 0.9958576560020447, -0.0890243649482727, 0.11068423837423325, 0.09053197503089905, 0.9897236824035645),
            ["RightLowerLeg"] = CFrame.new(-6.705522537231445e-08, -0.0000035762786865234375, -0.00001326033816440031, 1, -3.017484857537056e-07, -1.0989604959377175e-07, 3.1292447033592907e-07, 0.8018805384635925, 0.5974838137626648, -1.0058285937475375e-07, -0.5974843502044678, 0.801880955696106),
            ["LeftUpperLeg"] = CFrame.new(-5.960464477539063e-08, -2.2724270820617676e-07, -3.725290298461914e-09, 0.6679589748382568, 0.4900690019130707, 0.5600565075874329, -0.04547899588942528, 0.7780377864837646, -0.6265690326690674, -0.7428072094917297, 0.3930516839027405, 0.541985273361206),
            ["LeftLowerLeg"] = CFrame.new(1.4901161193847656e-08, 0.000003933906555175781, 0.000013232231140136719, 1, 5.401672353855247e-08, 1.6996640539446162e-08, 4.6566133171666024e-09, 0.4564927816390991, 0.8897271752357483, -3.259629366425543e-08, -0.8897271156311035, 0.4564928412437439),
        }},
        {Time = 0.103, Data = {
            ["RightFoot"] = CFrame.new(4.2957253754138947e-08, 4.172325134277344e-07, -6.919435691088438e-09, 0.9716593027114868, 0.08962289243936539, 0.2187371551990509, -0.051742974668741226, 0.9835381507873535, -0.17313441634178162, -0.2306533306837082, 0.15690965950489044, 0.9603012800216675),
            ["LeftLowerArm"] = CFrame.new(-0.00046747922897338867, 0.000881195068359375, -0.0003835931420326233, 1, -4.842877388000488e-08, -3.166497108963995e-08, 2.9802322387695312e-08, 0.9407631754875183, -0.3390643894672394, 1.30385160446167e-08, 0.33906441926956177, 0.9407632350921631),
            ["RightUpperArm"] = CFrame.new(0, 0, -6.51925802230835e-09, 0.9133713245391846, -0.06409228593111038, 0.40205109119415283, 0.2772381007671356, 0.8211022615432739, -0.498928964138031, -0.2981475591659546, 0.5671712756156921, 0.76774001121521),
            ["Head"] = CFrame.new(-5.587935447692871e-09, 3.5762786865234375e-07, -9.313225746154785e-10, 0.9474795460700989, -0.19187773764133453, 0.25586241483688354, 0.20307843387126923, 0.9790000319480896, -0.017838958650827408, -0.24706636369228363, 0.0688621774315834, 0.9665486216545105),
            ["RightHand"] = CFrame.new(-1.341104507446289e-07, 2.384185791015625e-07, 1.6763806343078613e-08, 0.9913857579231262, 0.11811626702547073, 0.05659538879990578, -0.08846285939216614, 0.922511100769043, -0.37569621205329895, -0.09658568352460861, 0.36745327711105347, 0.9250131249427795),
            ["UpperTorso"] = CFrame.new(-7.683411240577698e-09, 1.1920928955078125e-07, -1.0244548320770264e-08, 0.9996197819709778, -0.0261703934520483, -0.008686154149472713, 0.02672453597187996, 0.9970901608467102, 0.07139396667480469, 0.006792450789362192, -0.07159894704818726, 0.9974104166030884),
            ["HumanoidRootPart"] = CFrame.new(0, 0, 0, 1, 0, 0, 0, 1, 0, 0, 0, 1),
            ["RightUpperLeg"] = CFrame.new(1.1920928955078125e-07, 2.7939677238464355e-09, -3.5222910810261965e-08, 0.9508543014526367, -0.21085362136363983, -0.22675298154354095, 0.12590919435024261, 0.9323311448097229, -0.33897727727890015, 0.2828834354877472, 0.29376763105392456, 0.9130594730377197),
            ["LeftUpperArm"] = CFrame.new(-1.1920928955078125e-07, 2.384185791015625e-07, 8.381903171539307e-09, 0.9706510305404663, 0.14686410129070282, -0.19044044613838196, -0.10549239069223404, 0.9716401100158691, 0.2116292119026184, 0.21612028777599335, -0.18532808125019073, 0.9586164355278015),
            ["RightLowerArm"] = CFrame.new(-0.0005401670932769775, -0.0008578300476074219, 0.0000032186508178710938, 1, -8.195639367158947e-08, 1.1594967475048179e-07, 1.043081283569336e-07, -0.33901044726371765, -0.9407827258110046, 1.341104507446289e-07, 0.9407826066017151, -0.3390103578567505),
            ["LeftHand"] = CFrame.new(-1.2665987014770508e-07, 0, 9.313225746154785e-10, 0.9973528385162354, 0.01676640659570694, -0.07075446844100952, -0.0059101879596710205, 0.9885258674621582, 0.15093667805194855, 0.07247330248355865, -0.1501189023256302, 0.9860081672668457),
            ["LeftFoot"] = CFrame.new(-7.450580596923828e-09, 0, -1.4901161193847656e-08, 0.9733133912086487, 0.12586446106433868, -0.19188344478607178, -0.05035630613565445, 0.9329296350479126, 0.3565200865268707, 0.22388678789138794, -0.3373432755470276, 0.9143710136413574),
            ["LowerTorso"] = CFrame.new(0.03039998561143875, -0.058347105979919434, -0.004335188306868076, 0.9935186505317688, 0.03184599056839943, -0.1091170459985733, -0.04070553556084633, 0.9959672093391418, -0.07995221763849258, 0.10613083094358444, 0.08387567847967148, 0.9908084273338318),
            ["RightLowerLeg"] = CFrame.new(-2.9802322387695312e-08, -0.000003516674041748047, -0.000013334843970369548, 1, -1.862645149230957e-07, -7.07805440924858e-08, 2.0116563348437921e-07, 0.7869383692741394, 0.6170313954353333, -1.0803339023368608e-07, -0.6170316338539124, 0.7869386672973633),
            ["LeftUpperLeg"] = CFrame.new(-5.960464477539063e-08, -2.3515895009040833e-07, 0, 0.43319761753082275, 0.6529471278190613, 0.6212889552116394, 0.04114533215761185, 0.6742808222770691, -0.7373279929161072, -0.9003593325614929, 0.34497177600860596, 0.26523104310035706),
            ["LeftLowerLeg"] = CFrame.new(-4.6566128730773926e-08, 0.000003874301910400391, 0.000013180077075958252, 1, 2.3841855067985307e-07, 1.6577537564899103e-07, -2.3469328880310059e-07, 0.3304238021373749, 0.9438326954841614, 1.341104507446289e-07, -0.9438327550888062, 0.3304237425327301),
        }},
        {Time = 0.138, Data = {
            ["RightFoot"] = CFrame.new(-5.797483026981354e-08, 4.172325134277344e-07, 2.3581378627568483e-08, 0.9696505665779114, 0.08918454498052597, 0.22764921188354492, -0.05375399813055992, 0.9860790967941284, -0.15734867751598358, -0.23851284384727478, 0.14033646881580353, 0.9609460830688477),
            ["LeftLowerArm"] = CFrame.new(-0.0008187294006347656, 0.0015448331832885742, -0.0006721094250679016, 1, -4.470347292340193e-08, -6.332993507385254e-08, 4.470347292340193e-08, 0.9343318939208984, -0.3564041256904602, 1.8626447051417472e-09, 0.35640406608581543, 0.9343319535255432),
            ["RightUpperArm"] = CFrame.new(1.1920928955078125e-07, -2.384185791015625e-07, -1.30385160446167e-08, 0.959333598613739, -0.014943569898605347, 0.28187891840934753, 0.20489883422851562, 0.7237176299095154, -0.6589758992195129, -0.19415327906608582, 0.6899343729019165, 0.6973485946655273),
            ["Head"] = CFrame.new(-8.381903171539307e-09, -3.5762786865234375e-07, -1.3969838619232178e-09, 0.9412259459495544, -0.19743525981903076, 0.27406764030456543, 0.21124720573425293, 0.9771957397460938, -0.021521851420402527, -0.2635685205459595, 0.07815293222665787, 0.9614696502685547),
            ["RightHand"] = CFrame.new(4.805624485015869e-07, 2.384185791015625e-07, -8.195638656616211e-08, 0.9831472039222717, 0.16818200051784515, 0.071668840944767, -0.11097624152898788, 0.8605695366859436, -0.49709606170654297, -0.14527861773967743, 0.48076507449150085, 0.864730715751648),
            ["UpperTorso"] = CFrame.new(1.6065314412117004e-08, 8.940696716308594e-08, 8.381903171539307e-09, 0.998439610004425, -0.05547471344470978, -0.006394573021680117, 0.05577857792377472, 0.9962025880813599, 0.06685178726911545, 0.0026617057155817747, -0.06710415333509445, 0.9977424740791321),
            ["HumanoidRootPart"] = CFrame.new(0, 0, 0, 1, 0, 0, 0, 1, 0, 0, 0, 1),
            ["RightUpperLeg"] = CFrame.new(0, 2.6309862732887268e-08, 2.438173396512866e-08, 0.9345702528953552, -0.24469871819019318, -0.2582652270793915, 0.14453226327896118, 0.9244419932365417, -0.3528704047203064, 0.32509809732437134, 0.2924545109272003, 0.8993229269981384),
            ["LeftUpperArm"] = CFrame.new(5.960464477539063e-08, -3.5762786865234375e-07, 3.725290298461914e-09, 0.9637781381607056, 0.175136536359787, -0.20114435255527496, -0.13164786994457245, 0.9682946801185608, 0.21230751276016235, 0.23194977641105652, -0.17813709378242493, 0.9562774896621704),
            ["RightLowerArm"] = CFrame.new(-0.0009473264217376709, -0.001502692699432373, 0.0000074803829193115234, 1, -6.70552182668871e-08, 1.1548398504146462e-07, 5.960463766996327e-08, -0.5367566347122192, -0.8437371253967285, 1.2665985593685036e-07, 0.8437370657920837, -0.5367565155029297),
            ["LeftHand"] = CFrame.new(0, 0, 2.2351741790771484e-08, 0.9975102543830872, 0.0007897281320765615, -0.07051791250705719, 0.009796732105314732, 0.9886903166770935, 0.14965194463729858, 0.06983865052461624, -0.1499701738357544, 0.9862208962440491),
            ["LeftFoot"] = CFrame.new(2.2351741790771484e-08, 5.960464477539063e-08, 2.9802322387695312e-08, 0.974532425403595, 0.1760169118642807, -0.13894112408161163, -0.09642870724201202, 0.888312041759491, 0.4490027129650116, 0.20245498418807983, -0.4241696894168854, 0.8826618790626526),
            ["LowerTorso"] = CFrame.new(0.03602960705757141, -0.04395699501037598, -0.007452694233506918, 0.992702305316925, 0.05329027771949768, -0.10817722231149673, -0.06162767484784126, 0.9952585101127625, -0.07524998486042023, 0.10365420579910278, 0.08136754482984543, 0.9912795424461365),
            ["RightLowerLeg"] = CFrame.new(-7.450580596923828e-09, -0.0000035762786865234375, -0.000013305041647981852, 1, -6.33299421792799e-08, -1.2572853336223488e-07, 4.4703490686970326e-08, 0.7852929830551147, 0.6191243529319763, -6.705523247774181e-08, -0.6191244721412659, 0.78529292345047),
            ["LeftUpperLeg"] = CFrame.new(0, -1.7695128917694092e-08, 7.450580596923828e-09, 0.32934340834617615, 0.735037088394165, 0.592666506767273, 0.08791037648916245, 0.6010878086090088, -0.7943332195281982, -0.9401089549064636, 0.31370988488197327, 0.13334693014621735),
            ["LeftLowerLeg"] = CFrame.new(1.4901161193847656e-08, 0.0000040531158447265625, 0.000013187527656555176, 1, -7.823108916227284e-08, -5.5879347371501353e-08, 7.450579886381092e-08, 0.23755604028701782, 0.9713739156723022, -2.2351738238057806e-08, -0.9713738560676575, 0.23755604028701782),
        }},
        {Time = 0.172, Data = {
            ["RightFoot"] = CFrame.new(5.663605406880379e-08, 3.5762786865234375e-07, -6.220943760126829e-09, 0.9764018654823303, 0.1026827022433281, 0.1899888962507248, -0.07032102346420288, 0.9829565286636353, -0.16985711455345154, -0.204192116856575, 0.15248890221118927, 0.9669812917709351),
            ["LeftLowerArm"] = CFrame.new(-0.0012607574462890625, 0.0023781657218933105, -0.0010345950722694397, 1, -2.980232594040899e-08, 1.862645371275562e-09, 3.3527616238870905e-08, 0.9367331862449646, -0.3500443398952484, 1.4901162970204496e-08, 0.3500443398952484, 0.9367332458496094),
            ["RightUpperArm"] = CFrame.new(-1.1920928955078125e-07, 0, 6.752088665962219e-09, 0.9520870447158813, 0.02906748838722706, 0.3044428527355194, 0.19629058241844177, 0.7052907943725586, -0.6812010407447815, -0.23452159762382507, 0.7083220481872559, 0.6657925844192505),
            ["Head"] = CFrame.new(-7.450580596923828e-09, -1.1920928955078125e-07, 1.1641532182693481e-09, 0.9423849582672119, -0.19805121421813965, 0.269603967666626, 0.2095312774181366, 0.9776990413665771, -0.014186086133122444, -0.2607819437980652, 0.06985922157764435, 0.9628668427467346),
            ["RightHand"] = CFrame.new(1.043081283569336e-07, -5.960464477539063e-08, -4.470348358154297e-08, 0.9764345288276672, 0.1970255970954895, 0.08807174861431122, -0.12309834361076355, 0.8436568379402161, -0.522580087184906, -0.1772639900445938, 0.49942371249198914, 0.8480292558670044),
            ["UpperTorso"] = CFrame.new(-1.792795956134796e-08, -2.384185791015625e-07, 9.313225746154785e-10, 0.9969178438186646, -0.07839386910200119, -0.0030517056584358215, 0.07840432971715927, 0.9941692352294922, 0.07403001934289932, -0.002769583137705922, -0.07404112070798874, 0.9972513914108276),
            ["HumanoidRootPart"] = CFrame.new(0, 0, 0, 1, 0, 0, 0, 1, 0, 0, 0, 1),
            ["RightUpperLeg"] = CFrame.new(-1.4901161193847656e-07, -2.6775524020195007e-07, 9.480572771281004e-09, 0.9449536800384521, -0.24543209373950958, -0.2163921296596527, 0.16446839272975922, 0.9279965162277222, -0.3343241810798645, 0.28286513686180115, 0.28033116459846497, 0.9172796010971069),
            ["LeftUpperArm"] = CFrame.new(0, 0, 3.026798367500305e-09, 0.9610483646392822, 0.191729336977005, -0.1990624964237213, -0.14822793006896973, 0.9654619097709656, 0.21427033841609955, 0.2332691252231598, -0.1764174997806549, 0.9562753438949585),
            ["RightLowerArm"] = CFrame.new(-0.0014580488204956055, -0.002312898635864258, 0.000014513731002807617, 1, -6.33299421792799e-08, 1.1920930376163597e-07, 8.568168397005138e-08, -0.5677565932273865, -0.823196530342102, 1.3411046495548362e-07, 0.8231964707374573, -0.5677565336227417),
            ["LeftHand"] = CFrame.new(-1.1175870895385742e-07, -1.1920928955078125e-07, -2.0489096641540527e-08, 0.9972033500671387, 0.008992563001811504, -0.07419390976428986, 0.002254173392429948, 0.9886642694473267, 0.15012650191783905, 0.0747029259800911, -0.14987386763095856, 0.9858789443969727),
            ["LeftFoot"] = CFrame.new(2.2351741790771484e-08, 0, -2.9802322387695312e-08, 0.971762478351593, 0.1690986156463623, -0.16457031667232513, -0.08288133144378662, 0.8976172208786011, 0.43291378021240234, 0.22092613577842712, -0.40704935789108276, 0.8862857222557068),
            ["LowerTorso"] = CFrame.new(0.03212461620569229, -0.031926512718200684, -0.011247480288147926, 0.9916286468505859, 0.06747173517942429, -0.11009199917316437, -0.07679928839206696, 0.9936020374298096, -0.08280634135007858, 0.10380054265260696, 0.09056812524795532, 0.9904659986495972),
            ["RightLowerLeg"] = CFrame.new(7.450580596923828e-08, -0.0000035762786865234375, -0.0000133199428091757, 1, -2.3096799850463867e-07, -9.685751223287298e-08, 2.1979215603096236e-07, 0.7951282262802124, 0.6064409613609314, -7.264316792543468e-08, -0.6064413785934448, 0.7951284646987915),
            ["LeftUpperLeg"] = CFrame.new(0, -5.541369318962097e-08, -1.1175870895385742e-08, 0.3284671902656555, 0.7601441740989685, 0.5606160163879395, 0.07206825166940689, 0.5716480612754822, -0.8173277378082275, -0.9417620301246643, 0.3088679611682892, 0.13298539817333221),
            ["LeftLowerLeg"] = CFrame.new(5.21540641784668e-08, 0.000004231929779052734, 0.000013265758752822876, 1, -2.7939684343891713e-08, 2.2351738238057806e-08, -1.4901162970204496e-08, 0.19859841465950012, 0.9800810217857361, 2.980232594040899e-08, -0.9800810217857361, 0.19859838485717773),
        }},
        {Time = 0.207, Data = {
            ["RightFoot"] = CFrame.new(-7.328344509005547e-08, 4.172325134277344e-07, 1.845910446718335e-08, 0.9866515398025513, 0.12309597432613373, 0.1066126897931099, -0.09982926398515701, 0.9744442105293274, -0.20122754573822021, -0.12865835428237915, 0.18789882957935333, 0.9737254977226257),
            ["LeftLowerArm"] = CFrame.new(-0.0017883777618408203, 0.0033742785453796387, -0.001467593014240265, 1, -1.4901162970204496e-08, 2.980232594040899e-08, 4.0978189730367376e-08, 0.9423620700836182, -0.3345950245857239, -7.450579886381092e-08, 0.33459505438804626, 0.9423621296882629),
            ["RightUpperArm"] = CFrame.new(0, 2.384185791015625e-07, -5.580659490078688e-09, 0.8973885774612427, 0.06294510513544083, 0.43672826886177063, 0.23905789852142334, 0.7625629901885986, -0.6011230945587158, -0.37087059020996094, 0.6438443064689636, 0.6692678332328796),
            ["Head"] = CFrame.new(7.916241884231567e-09, 0, -1.622538547962904e-09, 0.9451372623443604, -0.19929958879947662, 0.25883421301841736, 0.20583638548851013, 0.9785845875740051, 0.001884865458123386, -0.25366681814193726, 0.05149604007601738, 0.9659199714660645),
            ["RightHand"] = CFrame.new(-1.9371509552001953e-07, 0, -5.960464477539063e-08, 0.9720523953437805, 0.21286778151988983, 0.0990031510591507, -0.12817542254924774, 0.834527850151062, -0.5358493328094482, -0.19668594002723694, 0.5081837773323059, 0.8384890556335449),
            ["UpperTorso"] = CFrame.new(2.0023435354232788e-08, -2.9802322387695312e-08, 0, 0.9955384135246277, -0.09435275942087173, 0.0009334779460914433, 0.09387139230966568, 0.9913653135299683, 0.09155923873186111, -0.009564274922013283, -0.09106310456991196, 0.9957992434501648),
            ["HumanoidRootPart"] = CFrame.new(0, 0, 0, 1, 0, 0, 0, 1, 0, 0, 0, 1),
            ["RightUpperLeg"] = CFrame.new(5.960464477539063e-08, -5.9138983488082886e-08, 4.300818545743823e-08, 0.9652507901191711, -0.2286573350429535, -0.12651820480823517, 0.18357498943805695, 0.9378672242164612, -0.29445794224739075, 0.1859872192144394, 0.26100000739097595, 0.9472527503967285),
            ["LeftUpperArm"] = CFrame.new(-1.1920928955078125e-07, 0, -1.8553691916167736e-09, 0.9596309661865234, 0.20023620128631592, -0.19751934707164764, -0.1567186862230301, 0.9638095498085022, 0.2156626433134079, 0.23355451226234436, -0.17600156366825104, 0.9562822580337524),
            ["RightLowerArm"] = CFrame.new(-0.0020685195922851562, -0.0032812952995300293, 0.000024944543838500977, 1, -6.705525379402388e-08, 8.195640788244418e-08, 9.033828973770142e-08, -0.4713468551635742, -0.8819479942321777, 1.341104507446289e-07, 0.8819480538368225, -0.47134682536125183),
            ["LeftHand"] = CFrame.new(0, 1.7881393432617188e-07, -8.568167686462402e-08, 0.9961522221565247, 0.027152789756655693, -0.08332854509353638, -0.014205994084477425, 0.9882479906082153, 0.15219759941101074, 0.086481973528862, -0.1504281908273697, 0.9848311543464661),
            ["LeftFoot"] = CFrame.new(0, 5.960464477539063e-08, 0, 0.9679520130157471, 0.1508292853832245, -0.20079673826694489, -0.07047377526760101, 0.9305665493011475, 0.35927635431289673, 0.24104417860507965, -0.3336114287376404, 0.9113732576370239),
            ["LowerTorso"] = CFrame.new(0.020568830892443657, -0.02299809455871582, -0.015624185092747211, 0.9906924962997437, 0.07482048124074936, -0.1137123852968216, -0.08641450852155685, 0.9911564588546753, -0.10070484131574631, 0.10517199337482452, 0.10959392040967941, 0.9883967041969299),
            ["RightLowerLeg"] = CFrame.new(-5.21540641784668e-08, -0.0000035762786865234375, -0.00001337954745395109, 1, -2.474989742040634e-07, -1.1175872316471214e-07, 2.4586915969848633e-07, 0.8058624267578125, 0.5921024680137634, -1.1362135410308838e-07, -0.5921028852462769, 0.8058627843856812),
            ["LeftUpperLeg"] = CFrame.new(0, -1.802109181880951e-07, -1.1175870895385742e-08, 0.3466041684150696, 0.7526437044143677, 0.5598152279853821, 0.04626522585749626, 0.5823672413825989, -0.8116083741188049, -0.9368699193000793, 0.30720680952072144, 0.16702967882156372),
            ["LeftLowerLeg"] = CFrame.new(-9.685754776000977e-08, 0.000003635883331298828, 0.000013500452041625977, 1, 3.650784492492676e-07, 3.2782557468635787e-07, -3.0919906635062944e-07, 0.20071755349636078, 0.9796491265296936, 2.682208730675484e-07, -0.9796491861343384, 0.20071768760681152),
        }},
        {Time = 0.241, Data = {
            ["RightFoot"] = CFrame.new(7.03730620443821e-08, 4.76837158203125e-07, 1.1008523870259523e-08, 0.991531491279602, 0.12935800850391388, 0.011483092792332172, -0.12319371104240417, 0.9648781418800354, -0.23202034831047058, -0.04109342396259308, 0.22864152491092682, 0.972643256187439),
            ["LeftLowerArm"] = CFrame.new(-0.00239717960357666, 0.0045226216316223145, -0.0019673779606819153, 1, -4.0978193283081055e-08, -2.0489094865183688e-08, 4.470347647611561e-08, 0.9489160776138306, -0.3155288100242615, -3.725289943190546e-08, 0.31552883982658386, 0.9489160180091858),
            ["RightUpperArm"] = CFrame.new(0, -1.1920928955078125e-07, 7.450580596923828e-09, 0.792666494846344, 0.050536900758743286, 0.6075572967529297, 0.28246358036994934, 0.8526993989944458, -0.4394519329071045, -0.5402724146842957, 0.5199516415596008, 0.6616314053535461),
            ["Head"] = CFrame.new(-2.7939677238464355e-09, 0, 3.841705620288849e-09, 0.9484028220176697, -0.20039044320583344, 0.24571503698825836, 0.2022908478975296, 0.9791646003723145, 0.01775244250893593, -0.24415288865566254, 0.03286942467093468, 0.9691795706748962),
            ["RightHand"] = CFrame.new(3.2782554626464844e-07, 1.7881393432617188e-07, -8.940696716308594e-08, 0.9682808518409729, 0.22774527966976166, 0.10278318077325821, -0.1376655250787735, 0.8295470476150513, -0.5412024259567261, -0.20851975679397583, 0.5098861455917358, 0.834587037563324),
            ["UpperTorso"] = CFrame.new(-1.5599653124809265e-08, 0, 5.587935447692871e-09, 0.994586169719696, -0.10371899604797363, 0.006391482427716255, 0.10240109264850616, 0.9886969327926636, 0.10951031744480133, -0.017677564173936844, -0.10826292634010315, 0.9939651489257812),
            ["HumanoidRootPart"] = CFrame.new(0, 0, 0, 1, 0, 0, 0, 1, 0, 0, 0, 1),
            ["RightUpperLeg"] = CFrame.new(5.960464477539063e-08, 8.242204785346985e-08, -1.6952981241047382e-09, 0.9783138036727905, -0.2065051943063736, -0.016055434942245483, 0.19622284173965454, 0.948836624622345, -0.24739807844161987, 0.06632284075021744, 0.23888221383094788, 0.9687809944152832),
            ["LeftUpperArm"] = CFrame.new(-1.1920928955078125e-07, 0, -1.1175870895385742e-08, 0.9591847658157349, 0.20336519181728363, -0.19648705422878265, -0.1598488986492157, 0.9631089568138123, 0.2164936661720276, 0.2332657277584076, -0.1762492060661316, 0.9563071131706238),
            ["RightLowerArm"] = CFrame.new(-0.0027728378772735596, -0.004398465156555176, 0.00003904104232788086, 1, -7.450579175838357e-08, 6.705523247774181e-08, 9.499490261077881e-08, -0.28207218647003174, -0.9593932628631592, 8.940696716308594e-08, 0.9593931436538696, -0.28207218647003174),
            ["LeftHand"] = CFrame.new(1.4156103134155273e-07, 5.960464477539063e-08, 7.450580596923828e-08, 0.9944255948066711, 0.04562520608305931, -0.09505916386842728, -0.03030729666352272, 0.9871715307235718, 0.15676090121269226, 0.10099203884601593, -0.15300603210926056, 0.9830513000488281),
            ["LeftFoot"] = CFrame.new(4.377216100692749e-08, -5.960464477539063e-08, -1.1920928955078125e-07, 0.9677683711051941, 0.11396124213933945, -0.22458212077617645, -0.05451856553554535, 0.9654144644737244, 0.2549561858177185, 0.2458702027797699, -0.23449468612670898, 0.940510630607605),
            ["LowerTorso"] = CFrame.new(0.001601027324795723, -0.01744258403778076, -0.020487435162067413, 0.990029513835907, 0.07750517874956131, -0.11762014776468277, -0.09151384234428406, 0.9886926412582397, -0.11879435181617737, 0.10708300024271011, 0.12837378680706024, 0.9859277009963989),
            ["RightLowerLeg"] = CFrame.new(3.725290298461914e-08, -0.000003814697265625, -0.000013461503840517253, 1, -1.713633110966839e-07, -1.0244548320770264e-07, 2.4586907443335804e-07, 0.8161934614181519, 0.5777780413627625, -8.568164844291459e-08, -0.5777787566184998, 0.8161939382553101),
            ["LeftUpperLeg"] = CFrame.new(0, -2.7008354663848877e-08, 2.9802322387695312e-08, 0.394133061170578, 0.6721025109291077, 0.6268473863601685, 0.02251434698700905, 0.6747920513153076, -0.7376644611358643, -0.9187776446342468, 0.30485087633132935, 0.25082582235336304),
            ["LeftLowerLeg"] = CFrame.new(1.1920928955078125e-07, 0.0000035762786865234375, 0.000013343989849090576, 1, 1.3411049337719305e-07, 5.7742006731587026e-08, -1.415610029198433e-07, 0.3185577392578125, 0.9479035139083862, 6.705521116145974e-08, -0.9479035139083862, 0.31855764985084534),
        }},
        {Time = 0.276, Data = {
            ["RightFoot"] = CFrame.new(-2.121669240295887e-08, 1.7881393432617188e-07, -6.220943760126829e-09, 0.9922741651535034, 0.11180824041366577, -0.05376771464943886, -0.12169557809829712, 0.9614586234092712, -0.2465512752532959, 0.024128995835781097, 0.2511900067329407, 0.9676370620727539),
            ["LeftLowerArm"] = CFrame.new(-0.003082752227783203, 0.005816459655761719, -0.002530135214328766, 1, -1.4901159417490817e-08, -1.8626449271863521e-09, 2.2351741790771484e-08, 0.9544289708137512, -0.2984383702278137, 1.862645149230957e-08, 0.2984384000301361, 0.9544289112091064),
            ["RightUpperArm"] = CFrame.new(0, -2.384185791015625e-07, -2.6775524020195007e-08, 0.6721485257148743, -0.02527914196252823, 0.7399846911430359, 0.29574888944625854, 0.9253930449485779, -0.23702393472194672, -0.6787849068641663, 0.37816494703292847, 0.629477858543396),
            ["Head"] = CFrame.new(5.587935447692871e-09, -1.1920928955078125e-07, -6.51925802230835e-09, 0.9511911869049072, -0.20088709890842438, 0.23426423966884613, 0.20081716775894165, 0.9793246388435364, 0.02440883219242096, -0.23432408273220062, 0.023826809599995613, 0.9718665480613708),
            ["RightHand"] = CFrame.new(-1.7881393432617188e-07, -1.1920928955078125e-07, 1.4528632164001465e-07, 0.9623871445655823, 0.25368693470954895, 0.09723234176635742, -0.16238386929035187, 0.8240445852279663, -0.5427542924880981, -0.21781347692012787, 0.5065507888793945, 0.8342443704605103),
            ["UpperTorso"] = CFrame.new(1.30385160446167e-08, -1.1920928955078125e-07, -2.986053004860878e-08, 0.994178295135498, -0.10679835826158524, 0.014272172935307026, 0.10438770055770874, 0.9875091910362244, 0.11802022159099579, -0.026698274537920952, -0.11584331095218658, 0.9929087162017822),
            ["HumanoidRootPart"] = CFrame.new(0, 0, 0, 1, 0, 0, 0, 1, 0, 0, 0, 1),
            ["RightUpperLeg"] = CFrame.new(0, -2.868473529815674e-07, -2.2184394765645266e-08, 0.978123664855957, -0.19167986512184143, 0.08082684129476547, 0.20475715398788452, 0.9557097554206848, -0.21140800416469574, -0.03672436624765396, 0.22333300113677979, 0.9740501642227173),
            ["LeftUpperArm"] = CFrame.new(1.1920928955078125e-07, -4.76837158203125e-07, 3.026798367500305e-09, 0.9592087864875793, 0.20379605889320374, -0.19592273235321045, -0.16032172739505768, 0.9629710912704468, 0.21675726771354675, 0.2328421175479889, -0.17650480568408966, 0.9563632607460022),
            ["RightLowerArm"] = CFrame.new(-0.0035654008388519287, -0.0056566596031188965, 0.000058457255363464355, 1, -1.2665987014770508e-07, 1.0430814256778831e-07, 1.1920930376163597e-07, -0.047127846628427505, -0.9988889098167419, 1.3411046495548362e-07, 0.9988888502120972, -0.04712784290313721),
            ["LeftHand"] = CFrame.new(4.470348358154297e-08, 5.960464477539063e-08, -8.940696716308594e-08, 0.992790937423706, 0.05483081564307213, -0.10658284276723862, -0.036784421652555466, 0.9856995940208435, 0.16444876790046692, 0.11407550424337387, -0.15934264659881592, 0.9806103706359863),
            ["LeftFoot"] = CFrame.new(-3.3527612686157227e-08, 1.1920928955078125e-07, -7.450580596923828e-09, 0.9753668904304504, 0.06017708033323288, -0.2122219204902649, -0.02109529636800289, 0.9831067323684692, 0.18181365728378296, 0.2195778638124466, -0.17285801470279694, 0.960159182548523),
            ["LowerTorso"] = CFrame.new(-0.0245400108397007, -0.015530586242675781, -0.02574186772108078, 0.9896783828735352, 0.07780087739229202, -0.12034859508275986, -0.09307527542114258, 0.9875264167785645, -0.12699921429157257, 0.10896675288677216, 0.13688987493515015, 0.9845747351646423),
