return {
    ["Stock Shuffle"] = {
        {Time = 0.000, Data = {
            ["LeftFoot"] = CFrame.new(-1.5832483768463135e-08, 1.1920928955078125e-07, -1.30385160446167e-08, 0.9931889176368713, -0.07358099520206451, 0.0903424620628357, 0.08297201991081238, 0.9910025596618652, -0.10502217710018158, -0.08180197328329086, 0.11180279403924942, 0.9903578758239746),
            ["LeftLowerArm"] = CFrame.new(-5.960464477539063e-08, -2.384185791015625e-07, 2.2351741790771484e-08, 1, -3.3527612686157227e-08, -7.916241884231567e-09, 1.4901161193847656e-08, 0.9574502110481262, -0.28859859704971313, 4.516914486885071e-08, 0.28859859704971313, 0.9574502110481262),
            ["LowerTorso"] = CFrame.new(0, -0.028396010398864746, 0, 1, 0, 0, 0, 1, 0, 0, 0, 1),
            ["Head"] = CFrame.new(0, 0, 0, 1, 0, 0, 0, 1, 0, 0, 0, 1),
            ["RightUpperArm"] = CFrame.new(0.04479324817657471, -0.2119588851928711, 0.07930124551057816, 0.8976397514343262, -0.04135327413678169, 0.438785582780838, 0.013088677078485489, 0.9976505041122437, 0.0672474205493927, -0.4405355453491211, -0.054620835930109024, 0.8960719704627991),
            ["UpperTorso"] = CFrame.new(0, -1.1920928955078125e-07, 0, 1, 0, 0, 0, 1, 0, 0, 0, 1),
            ["HumanoidRootPart"] = CFrame.new(0, 0, 0, 1, 0, 0, 0, 1, 0, 0, 0, 1),
            ["RightHand"] = CFrame.new(-2.4028122425079346e-07, -5.960464477539063e-08, -8.940696716308594e-08, 0.29462727904319763, 0.26778510212898254, 0.917325496673584, -0.22758568823337555, 0.9519768953323364, -0.2048044055700302, -0.9281160831451416, -0.14842922985553741, 0.3414224088191986),
            ["LeftUpperArm"] = CFrame.new(-0.08262884616851807, -0.22842144966125488, 0.10038268566131592, 0.8774951696395874, 0.06856025755405426, -0.47465980052948, -0.028940629214048386, 0.9954952001571655, 0.09028811752796173, 0.47871172428131104, -0.06549042463302612, 0.8755261898040771),
            ["RightLowerArm"] = CFrame.new(5.960464477539063e-08, 0, 0, 1, -1.303851426825986e-08, 5.2386894822120667e-08, 2.3283060812673284e-08, 0.9765942692756653, -0.21508993208408356, -6.007029895727101e-08, 0.21508990228176117, 0.9765943288803101),
            ["LeftHand"] = CFrame.new(1.4528632164001465e-07, 4.172325134277344e-07, -5.21540641784668e-08, 0.37949809432029724, -0.26207900047302246, -0.8872969150543213, 0.21096128225326538, 0.9582881331443787, -0.19281913340091705, 0.9008200168609619, -0.11401081085205078, 0.418956995010376),
            ["RightUpperLeg"] = CFrame.new(0, 0, 0, 0.9825206398963928, -0.1076044887304306, -0.151903435587883, 0.07215786725282669, 0.9723567366600037, -0.22207123041152954, 0.17160020768642426, 0.2072284072637558, 0.9631249308586121),
            ["LeftUpperLeg"] = CFrame.new(0, 0, 0, 0.9930306077003479, 0.09082204103469849, 0.07511043548583984, -0.07358095049858093, 0.9755986332893372, -0.2068650871515274, -0.09206552803516388, 0.1998966485261917, 0.975482165813446),
            ["RightLowerLeg"] = CFrame.new(-1.1175870895385742e-08, -5.364418029785156e-07, -0.0000022277235984802246, 1, -2.9802322387695312e-08, 1.5366820704798556e-08, 4.470347647611561e-08, 0.9527654647827148, 0.3037070333957672, -2.7939673685750677e-08, -0.30370721220970154, 0.9527655243873596),
            ["RightFoot"] = CFrame.new(5.21540641784668e-08, 1.7881393432617188e-07, 1.862645149230957e-08, 0.9973245859146118, 0.07233667373657227, -0.01054586935788393, -0.0729648545384407, 0.9938609004020691, -0.0831671878695488, 0.004465161357074976, 0.08371441066265106, 0.996479868888855),
            ["LeftLowerLeg"] = CFrame.new(1.4901161193847656e-08, 4.172325134277344e-07, 0.0000022687017917633057, 1, 2.607702853651972e-08, -3.7252898543727042e-09, -1.862645149230957e-08, 0.948829710483551, 0.3157881796360016, 6.51925802230835e-09, -0.315788209438324, 0.948829710483551),
        }},
        {Time = 0.033, Data = {
            ["LeftFoot"] = CFrame.new(-1.5832483768463135e-08, 1.1920928955078125e-07, -1.30385160446167e-08, 0.9931889176368713, -0.07358099520206451, 0.0903424620628357, 0.08297201991081238, 0.9910025596618652, -0.10502217710018158, -0.08180197328329086, 0.11180279403924942, 0.9903578758239746),
            ["LeftLowerArm"] = CFrame.new(-5.960464477539063e-08, -2.384185791015625e-07, 2.2351741790771484e-08, 1, -3.3527612686157227e-08, -7.916241884231567e-09, 1.4901161193847656e-08, 0.9574502110481262, -0.28859859704971313, 4.516914486885071e-08, 0.28859859704971313, 0.9574502110481262),
            ["LowerTorso"] = CFrame.new(0, -0.028396010398864746, 0, 1, 0, 0, 0, 1, 0, 0, 0, 1),
            ["Head"] = CFrame.new(0, 0, 0, 1, 0, 0, 0, 1, 0, 0, 0, 1),
            ["RightUpperArm"] = CFrame.new(0.04479324817657471, -0.2119588851928711, 0.07930124551057816, 0.8976397514343262, -0.04135327413678169, 0.438785582780838, 0.013088677078485489, 0.9976505041122437, 0.0672474205493927, -0.4405355453491211, -0.054620835930109024, 0.8960719704627991),
            ["UpperTorso"] = CFrame.new(0, -1.1920928955078125e-07, 0, 1, 0, 0, 0, 1, 0, 0, 0, 1),
            ["HumanoidRootPart"] = CFrame.new(0, 0, 0, 1, 0, 0, 0, 1, 0, 0, 0, 1),
            ["RightHand"] = CFrame.new(-2.4028122425079346e-07, -5.960464477539063e-08, -8.940696716308594e-08, 0.29462727904319763, 0.26778510212898254, 0.917325496673584, -0.22758568823337555, 0.9519768953323364, -0.2048044055700302, -0.9281160831451416, -0.14842922985553741, 0.3414224088191986),
            ["LeftUpperArm"] = CFrame.new(-0.08262884616851807, -0.22842144966125488, 0.10038268566131592, 0.8774951696395874, 0.06856025755405426, -0.47465980052948, -0.028940629214048386, 0.9954952001571655, 0.09028811752796173, 0.47871172428131104, -0.06549042463302612, 0.8755261898040771),
            ["RightLowerArm"] = CFrame.new(5.960464477539063e-08, 0, 0, 1, -1.303851426825986e-08, 5.2386894822120667e-08, 2.3283060812673284e-08, 0.9765942692756653, -0.21508993208408356, -6.007029895727101e-08, 0.21508990228176117, 0.9765943288803101),
            ["LeftHand"] = CFrame.new(1.4528632164001465e-07, 4.172325134277344e-07, -5.21540641784668e-08, 0.37949809432029724, -0.26207900047302246, -0.8872969150543213, 0.21096128225326538, 0.9582881331443787, -0.19281913340091705, 0.9008200168609619, -0.11401081085205078, 0.418956995010376),
            ["RightUpperLeg"] = CFrame.new(0, 0, 0, 0.9825206398963928, -0.1076044887304306, -0.151903435587883, 0.07215786725282669, 0.9723567366600037, -0.22207123041152954, 0.17160020768642426, 0.2072284072637558, 0.9631249308586121),
            ["LeftUpperLeg"] = CFrame.new(0, 0, 0, 0.9930306077003479, 0.09082204103469849, 0.07511043548583984, -0.07358095049858093, 0.9755986332893372, -0.2068650871515274, -0.09206552803516388, 0.1998966485261917, 0.975482165813446),
            ["RightLowerLeg"] = CFrame.new(-1.1175870895385742e-08, -5.364418029785156e-07, -0.0000022277235984802246, 1, -2.9802322387695312e-08, 1.5366820704798556e-08, 4.470347647611561e-08, 0.9527654647827148, 0.3037070333957672, -2.7939673685750677e-08, -0.30370721220970154, 0.9527655243873596),
            ["RightFoot"] = CFrame.new(5.21540641784668e-08, 1.7881393432617188e-07, 1.862645149230957e-08, 0.9973245859146118, 0.07233667373657227, -0.01054586935788393, -0.0729648545384407, 0.9938609004020691, -0.0831671878695488, 0.004465161357074976, 0.08371441066265106, 0.996479868888855),
            ["LeftLowerLeg"] = CFrame.new(1.4901161193847656e-08, 4.172325134277344e-07, 0.0000022687017917633057, 1, 2.607702853651972e-08, -3.7252898543727042e-09, -1.862645149230957e-08, 0.948829710483551, 0.3157881796360016, 6.51925802230835e-09, -0.315788209438324, 0.948829710483551),
        }},
        {Time = 0.067, Data = {
            ["LeftFoot"] = CFrame.new(1.862645149230957e-08, -5.960464477539063e-08, -6.705522537231445e-08, 0.92560213804245, 0.36193275451660156, -0.11074936389923096, -0.37215426564216614, 0.8169119954109192, -0.44063106179237366, -0.0690065324306488, 0.44906508922576904, 0.8908305168151855),
            ["LeftLowerArm"] = CFrame.new(1.1920928955078125e-07, -5.960464477539063e-08, -2.3469328880310059e-07, 1, -4.470348358154297e-08, -4.656612428988183e-09, 1.1920928955078125e-07, 0.7347326874732971, -0.6783567667007446, -4.6566128730773926e-08, 0.6783567667007446, 0.7347326874732971),
            ["LowerTorso"] = CFrame.new(-0.3209220767021179, -0.26847386360168457, 0.3930075466632843, 0.9823969006538391, 0.046858590096235275, -0.18083347380161285, -0.04764406755566597, 0.998864471912384, 1.7758881865059806e-10, 0.18062810599803925, 0.008615640923380852, 0.9835138320922852),
            ["Head"] = CFrame.new(-2.2351741790771484e-08, 0, 1.862645149230957e-08, 0.9702608585357666, 0.038913436233997345, 0.23891359567642212, -0.029059339314699173, 0.998580813407898, -0.04463164135813713, -0.24031123518943787, 0.03636166825890541, 0.9700146317481995),
            ["RightUpperArm"] = CFrame.new(-0.12648844718933105, -0.25839436054229736, -0.04158759117126465, 0.6345264315605164, -0.5511500835418701, -0.5418577194213867, -0.22119419276714325, 0.5422541499137878, -0.8105761408805847, 0.7405736446380615, 0.6341877579689026, 0.2221633493900299),
            ["UpperTorso"] = CFrame.new(0, 2.9802322387695312e-08, -7.450580596923828e-09, 0.9795362949371338, 0.07781253010034561, -0.1856175810098648, -0.06681069731712341, 0.9956580996513367, 0.06481695175170898, 0.18985524773597717, -0.05108930543065071, 0.9804819822311401),
            ["HumanoidRootPart"] = CFrame.new(0, 0, 0, 1, 0, 0, 0, 1, 0, 0, 0, 1),
            ["RightHand"] = CFrame.new(5.960464477539063e-08, 0, -4.470348358154297e-08, 0.8270402550697327, -0.19450047612190247, 0.5274220705032349, 2.2351741790771484e-08, 0.9382352232933044, 0.3459983468055725, -0.5621427893638611, -0.28615453839302063, 0.775958240032196),
            ["LeftUpperArm"] = CFrame.new(0, -0.13155972957611084, -2.2351741790771484e-08, 0.6406480669975281, 0.7117332816123962, 0.28810736536979675, -0.21771128475666046, 0.5281985998153687, -0.8207363486289978, -0.7363231778144836, 0.46307891607284546, 0.49334171414375305),
            ["RightLowerArm"] = CFrame.new(0, -1.1920928955078125e-07, 1.862645149230957e-09, 1, -5.960463766996327e-08, -5.21540641784668e-08, -4.470348358154297e-08, 0.4705248773097992, -0.8823868036270142, 4.470348358154297e-08, 0.8823867440223694, 0.4705248773097992),
            ["LeftHand"] = CFrame.new(2.980232238769531e-07, 1.1920928955078125e-07, -1.2479722499847412e-07, 0.7433974146842957, 0.5045827031135559, -0.43904054164886475, -0.3585352599620819, 0.8547612428665161, 0.37528088688850403, 0.5646350979804993, -0.12157133221626282, 0.8163379430770874),
            ["RightUpperLeg"] = CFrame.new(5.960464477539063e-08, 2.8638169169425964e-08, -3.3527612686157227e-08, 0.5045551657676697, 0.03365674614906311, -0.8627232313156128, -0.8545160889625549, 0.16227973997592926, -0.49342432618141174, 0.12339545786380768, 0.9861707091331482, 0.11063918471336365),
            ["LeftUpperLeg"] = CFrame.new(5.960464477539063e-08, 8.847564458847046e-08, 0, 0.9119938015937805, -0.3807050287723541, -0.15274512767791748, 0.4058448374271393, 0.8915566205978394, 0.20103976130485535, 0.05964404344558716, -0.2453378289937973, 0.9676011800765991),
            ["RightLowerLeg"] = CFrame.new(-1.7881393432617188e-07, -4.172325134277344e-07, -0.000002378597855567932, 1, -2.346932035379723e-07, -1.3411047916633834e-07, 1.5273685960437433e-07, 0.05306840315461159, 0.998590886592865, -1.378357126213814e-07, -0.998590886592865, 0.053068701177835464),
            ["RightFoot"] = CFrame.new(1.341104507446289e-07, 2.384185791015625e-07, -4.470348358154297e-08, 0.9446319937705994, 0.1458519995212555, -0.29393497109413147, -0.055659495294094086, 0.9540244340896606, 0.29451578855514526, 0.3233768343925476, -0.2618487477302551, 0.9093199968338013),
            ["LeftLowerLeg"] = CFrame.new(5.960464477539063e-08, 2.980232238769531e-07, 0.0000022351741790771484, 1, 2.2351738238057806e-08, 1.4901162970204496e-08, -5.215404996761208e-08, 0.9617428779602051, 0.27395376563072205, -2.2351736461700966e-08, -0.27395379543304443, 0.9617428779602051),
        }},
        {Time = 0.100, Data = {
            ["LeftFoot"] = CFrame.new(1.862645149230957e-08, -5.960464477539063e-08, -6.705522537231445e-08, 0.92560213804245, 0.36193275451660156, -0.11074936389923096, -0.37215426564216614, 0.8169119954109192, -0.44063106179237366, -0.0690065324306488, 0.44906508922576904, 0.8908305168151855),
            ["LeftLowerArm"] = CFrame.new(1.1920928955078125e-07, -5.960464477539063e-08, -2.3469328880310059e-07, 1, -4.470348358154297e-08, -4.656612428988183e-09, 1.1920928955078125e-07, 0.7347326874732971, -0.6783567667007446, -4.6566128730773926e-08, 0.6783567667007446, 0.7347326874732971),
            ["LowerTorso"] = CFrame.new(-0.3209220767021179, -0.26847386360168457, 0.3930075466632843, 0.9823969006538391, 0.046858590096235275, -0.18083347380161285, -0.04764406755566597, 0.998864471912384, 1.7758881865059806e-10, 0.18062810599803925, 0.008615640923380852, 0.9835138320922852),
            ["Head"] = CFrame.new(-2.2351741790771484e-08, 0, 1.862645149230957e-08, 0.9702608585357666, 0.038913436233997345, 0.23891359567642212, -0.029059339314699173, 0.998580813407898, -0.04463164135813713, -0.24031123518943787, 0.03636166825890541, 0.9700146317481995),
            ["RightUpperArm"] = CFrame.new(-0.12648844718933105, -0.25839436054229736, -0.04158759117126465, 0.6345264315605164, -0.5511500835418701, -0.5418577194213867, -0.22119419276714325, 0.5422541499137878, -0.8105761408805847, 0.7405736446380615, 0.6341877579689026, 0.2221633493900299),
            ["UpperTorso"] = CFrame.new(0, 2.9802322387695312e-08, -7.450580596923828e-09, 0.9795362949371338, 0.07781253010034561, -0.1856175810098648, -0.06681069731712341, 0.9956580996513367, 0.06481695175170898, 0.18985524773597717, -0.05108930543065071, 0.9804819822311401),
            ["HumanoidRootPart"] = CFrame.new(0, 0, 0, 1, 0, 0, 0, 1, 0, 0, 0, 1),
            ["RightHand"] = CFrame.new(5.960464477539063e-08, 0, -4.470348358154297e-08, 0.8270402550697327, -0.19450047612190247, 0.5274220705032349, 2.2351741790771484e-08, 0.9382352232933044, 0.3459983468055725, -0.5621427893638611, -0.28615453839302063, 0.775958240032196),
            ["LeftUpperArm"] = CFrame.new(0, -0.13155972957611084, -2.2351741790771484e-08, 0.6406480669975281, 0.7117332816123962, 0.28810736536979675, -0.21771128475666046, 0.5281985998153687, -0.8207363486289978, -0.7363231778144836, 0.46307891607284546, 0.49334171414375305),
            ["RightLowerArm"] = CFrame.new(0, -1.1920928955078125e-07, 1.862645149230957e-09, 1, -5.960463766996327e-08, -5.21540641784668e-08, -4.470348358154297e-08, 0.4705248773097992, -0.8823868036270142, 4.470348358154297e-08, 0.8823867440223694, 0.4705248773097992),
            ["LeftHand"] = CFrame.new(2.980232238769531e-07, 1.1920928955078125e-07, -1.2479722499847412e-07, 0.7433974146842957, 0.5045827031135559, -0.43904054164886475, -0.3585352599620819, 0.8547612428665161, 0.37528088688850403, 0.5646350979804993, -0.12157133221626282, 0.8163379430770874),
            ["RightUpperLeg"] = CFrame.new(5.960464477539063e-08, 2.8638169169425964e-08, -3.3527612686157227e-08, 0.5045551657676697, 0.03365674614906311, -0.8627232313156128, -0.8545160889625549, 0.16227973997592926, -0.49342432618141174, 0.12339545786380768, 0.9861707091331482, 0.11063918471336365),
            ["LeftUpperLeg"] = CFrame.new(5.960464477539063e-08, 8.847564458847046e-08, 0, 0.9119938015937805, -0.3807050287723541, -0.15274512767791748, 0.4058448374271393, 0.8915566205978394, 0.20103976130485535, 0.05964404344558716, -0.2453378289937973, 0.9676011800765991),
            ["RightLowerLeg"] = CFrame.new(-1.7881393432617188e-07, -4.172325134277344e-07, -0.000002378597855567932, 1, -2.346932035379723e-07, -1.3411047916633834e-07, 1.5273685960437433e-07, 0.05306840315461159, 0.998590886592865, -1.378357126213814e-07, -0.998590886592865, 0.053068701177835464),
            ["RightFoot"] = CFrame.new(1.341104507446289e-07, 2.384185791015625e-07, -4.470348358154297e-08, 0.9446319937705994, 0.1458519995212555, -0.29393497109413147, -0.055659495294094086, 0.9540244340896606, 0.29451578855514526, 0.3233768343925476, -0.2618487477302551, 0.9093199968338013),
            ["LeftLowerLeg"] = CFrame.new(5.960464477539063e-08, 2.980232238769531e-07, 0.0000022351741790771484, 1, 2.2351738238057806e-08, 1.4901162970204496e-08, -5.215404996761208e-08, 0.9617428779602051, 0.27395376563072205, -2.2351736461700966e-08, -0.27395379543304443, 0.9617428779602051),
        }},
        {Time = 0.133, Data = {
            ["LeftFoot"] = CFrame.new(1.862645149230957e-08, -5.960464477539063e-08, -6.705522537231445e-08, 0.92560213804245, 0.36193275451660156, -0.11074936389923096, -0.37215426564216614, 0.8169119954109192, -0.44063106179237366, -0.0690065324306488, 0.44906508922576904, 0.8908305168151855),
            ["LeftLowerArm"] = CFrame.new(1.1920928955078125e-07, -5.960464477539063e-08, -2.3469328880310059e-07, 1, -4.470348358154297e-08, -4.656612428988183e-09, 1.1920928955078125e-07, 0.7347326874732971, -0.6783567667007446, -4.6566128730773926e-08, 0.6783567667007446, 0.7347326874732971),
            ["LowerTorso"] = CFrame.new(-0.3209220767021179, -0.26847386360168457, 0.3930075466632843, 0.9823969006538391, 0.046858590096235275, -0.18083347380161285, -0.04764406755566597, 0.998864471912384, 1.7758881865059806e-10, 0.18062810599803925, 0.008615640923380852, 0.9835138320922852),
            ["Head"] = CFrame.new(-2.2351741790771484e-08, 0, 1.862645149230957e-08, 0.9702608585357666, 0.038913436233997345, 0.23891359567642212, -0.029059339314699173, 0.998580813407898, -0.04463164135813713, -0.24031123518943787, 0.03636166825890541, 0.9700146317481995),
            ["RightUpperArm"] = CFrame.new(-0.12648844718933105, -0.25839436054229736, -0.04158759117126465, 0.6345264315605164, -0.5511500835418701, -0.5418577194213867, -0.22119419276714325, 0.5422541499137878, -0.8105761408805847, 0.7405736446380615, 0.6341877579689026, 0.2221633493900299),
            ["UpperTorso"] = CFrame.new(0, 2.9802322387695312e-08, -7.450580596923828e-09, 0.9795362949371338, 0.07781253010034561, -0.1856175810098648, -0.06681069731712341, 0.9956580996513367, 0.06481695175170898, 0.18985524773597717, -0.05108930543065071, 0.9804819822311401),
            ["HumanoidRootPart"] = CFrame.new(0, 0, 0, 1, 0, 0, 0, 1, 0, 0, 0, 1),
            ["RightHand"] = CFrame.new(5.960464477539063e-08, 0, -4.470348358154297e-08, 0.8270402550697327, -0.19450047612190247, 0.5274220705032349, 2.2351741790771484e-08, 0.9382352232933044, 0.3459983468055725, -0.5621427893638611, -0.28615453839302063, 0.775958240032196),
            ["LeftUpperArm"] = CFrame.new(0, -0.13155972957611084, -2.2351741790771484e-08, 0.6406480669975281, 0.7117332816123962, 0.28810736536979675, -0.21771128475666046, 0.5281985998153687, -0.8207363486289978, -0.7363231778144836, 0.46307891607284546, 0.49334171414375305),
            ["RightLowerArm"] = CFrame.new(0, -1.1920928955078125e-07, 1.862645149230957e-09, 1, -5.960463766996327e-08, -5.21540641784668e-08, -4.470348358154297e-08, 0.4705248773097992, -0.8823868036270142, 4.470348358154297e-08, 0.8823867440223694, 0.4705248773097992),
            ["LeftHand"] = CFrame.new(2.980232238769531e-07, 1.1920928955078125e-07, -1.2479722499847412e-07, 0.7433974146842957, 0.5045827031135559, -0.43904054164886475, -0.3585352599620819, 0.8547612428665161, 0.37528088688850403, 0.5646350979804993, -0.12157133221626282, 0.8163379430770874),
            ["RightUpperLeg"] = CFrame.new(5.960464477539063e-08, 2.8638169169425964e-08, -3.3527612686157227e-08, 0.5045551657676697, 0.03365674614906311, -0.8627232313156128, -0.8545160889625549, 0.16227973997592926, -0.49342432618141174, 0.12339545786380768, 0.9861707091331482, 0.11063918471336365),
            ["LeftUpperLeg"] = CFrame.new(5.960464477539063e-08, 8.847564458847046e-08, 0, 0.9119938015937805, -0.3807050287723541, -0.15274512767791748, 0.4058448374271393, 0.8915566205978394, 0.20103976130485535, 0.05964404344558716, -0.2453378289937973, 0.9676011800765991),
            ["RightLowerLeg"] = CFrame.new(-1.7881393432617188e-07, -4.172325134277344e-07, -0.000002378597855567932, 1, -2.346932035379723e-07, -1.3411047916633834e-07, 1.5273685960437433e-07, 0.05306840315461159, 0.998590886592865, -1.378357126213814e-07, -0.998590886592865, 0.053068701177835464),
            ["RightFoot"] = CFrame.new(1.341104507446289e-07, 2.384185791015625e-07, -4.470348358154297e-08, 0.9446319937705994, 0.1458519995212555, -0.29393497109413147, -0.055659495294094086, 0.9540244340896606, 0.29451578855514526, 0.3233768343925476, -0.2618487477302551, 0.9093199968338013),
            ["LeftLowerLeg"] = CFrame.new(5.960464477539063e-08, 2.980232238769531e-07, 0.0000022351741790771484, 1, 2.2351738238057806e-08, 1.4901162970204496e-08, -5.215404996761208e-08, 0.9617428779602051, 0.27395376563072205, -2.2351736461700966e-08, -0.27395379543304443, 0.9617428779602051),
        }},
        {Time = 0.167, Data = {
            ["LeftFoot"] = CFrame.new(-0.00452062301337719, -0.03920799493789673, 0.01456904411315918, 0.9880902171134949, -0.15353906154632568, -0.010172784328460693, 0.1536298394203186, 0.9806174039840698, 0.121604323387146, -0.008695477619767189, -0.1217188686132431, 0.9925265908241272),
            ["LeftLowerArm"] = CFrame.new(5.960464477539063e-08, 2.384185791015625e-07, 1.1920928955078125e-07, 1, -1.4156103134155273e-07, 5.960463766996327e-08, 1.0430811414607888e-07, 0.2742824852466583, -0.9616491794586182, 8.940695295223122e-08, 0.9616492390632629, 0.2742825448513031),
            ["LowerTorso"] = CFrame.new(-0.2394964098930359, -0.2955547571182251, 0.33896785974502563, 0.9142407774925232, -0.11376888304948807, -0.3888707756996155, 7.450581485102248e-09, 0.9597686529159546, -0.2807919979095459, 0.40517136454582214, 0.256711483001709, 0.8774596452713013),
            ["Head"] = CFrame.new(2.9802322387695312e-08, 1.1920928955078125e-07, 7.450580596923828e-08, 0.9804186820983887, -0.18935216963291168, 0.05408291518688202, 0.12736956775188446, 0.8192022442817688, 0.5591822266578674, -0.15018720924854279, -0.5413442254066467, 0.8272788524627686),
            ["RightUpperArm"] = CFrame.new(-0.05459076166152954, -0.31101202964782715, -0.06907984614372253, 0.48109468817710876, -0.800294816493988, -0.35787737369537354, 0.01905222423374653, 0.4176723062992096, -0.9083980321884155, 0.8764616847038269, 0.4302070736885071, 0.2161872684955597),
            ["UpperTorso"] = CFrame.new(2.301002055560275e-08, -1.7881393432617188e-07, 8.195638656616211e-08, 0.9960240125656128, 0.0032174212392419577, 0.08902761340141296, -0.00424535945057869, 0.9999265074729919, 0.011359263211488724, -0.08898451924324036, -0.01169203594326973, 0.9959644675254822),
            ["HumanoidRootPart"] = CFrame.new(0, 0, 0, 1, 0, 0, 0, 1, 0, 0, 0, 1),
            ["RightHand"] = CFrame.new(1.1920928955078125e-07, 2.384185791015625e-07, -2.9802322387695312e-08, -0.11084087193012238, -0.3221125900745392, 0.940190315246582, -0.01636255346238613, 0.9464828372001648, 0.32233935594558716, -0.9937035441398621, 0.0203444454818964, -0.11017954349517822),
            ["LeftUpperArm"] = CFrame.new(-0.09192371368408203, -0.18838250637054443, 0.06004539132118225, 0.4136551022529602, 0.596751868724823, 0.6875876784324646, -0.025911230593919754, 0.7626415491104126, -0.6463021636009216, -0.9100649356842041, 0.24952998757362366, 0.3309330940246582),
            ["RightLowerArm"] = CFrame.new(5.960464477539063e-08, 1.1920928955078125e-07, -2.5331974029541016e-07, 1, -1.2665985593685036e-07, 2.9802322387695312e-08, 5.587935447692871e-08, 0.2806287407875061, -0.9598164558410645, 1.1920928955078125e-07, 0.9598163962364197, 0.28062883019447327),
            ["LeftHand"] = CFrame.new(2.8312206268310547e-07, 1.1920928955078125e-07, -1.3783574104309082e-07, -0.13187667727470398, 0.35025647282600403, -0.927323579788208, -0.024325978010892868, 0.9340687990188599, 0.3562637269496918, 0.9909675717353821, 0.06954086571931839, -0.11466161161661148),
            ["RightUpperLeg"] = CFrame.new(0, 1.1175870895385742e-08, -6.705522537231445e-08, 1, 1.2336597876583255e-07, 8.717892185927667e-09, -8.047653921039455e-08, 0.768491268157959, -0.639860212802887, -1.2797205073411533e-08, 0.6398602724075317, 0.7684913277626038),
            ["LeftUpperLeg"] = CFrame.new(2.9802322387695312e-08, -6.705522537231445e-08, 5.960464477539063e-08, 0.9925773739814758, 0.08358213305473328, -0.08834214508533478, -0.12063898146152496, 0.7685514688491821, -0.6283113360404968, 0.015379978343844414, 0.6343050599098206, 0.7729299068450928),
            ["RightLowerLeg"] = CFrame.new(1.8867268636313383e-08, -2.384185791015625e-07, -0.0000023283064365386963, 1, -9.278473100948759e-08, -2.73645156312341e-07, 1.2155224737853132e-07, -0.0404294915497303, 0.999182403087616, -1.5138225251121185e-07, -0.9991824626922607, -0.040429361164569855),
            ["RightFoot"] = CFrame.new(-0.000412643508752808, -0.0030042529106140137, 0.0009064823389053345, 0.9999610781669617, 0.0062532429583370686, -0.006226510740816593, -0.005537259392440319, 0.9940230250358582, 0.10903066396713257, 0.006871250458061695, -0.10899197310209274, 0.9940189123153687),
            ["LeftLowerLeg"] = CFrame.new(1.4901161193847656e-08, 7.152557373046875e-07, 0.000002294778823852539, 1, 8.940695295223122e-08, 1.1920930376163597e-07, -1.0430814256778831e-07, -0.025856610387563705, 0.9996657371520996, 1.564622067462551e-07, -0.9996657371520996, -0.02585659548640251),
        }},
        {Time = 0.200, Data = {
            ["LeftFoot"] = CFrame.new(-0.00452062301337719, -0.03920799493789673, 0.01456904411315918, 0.9880902171134949, -0.15353906154632568, -0.010172784328460693, 0.1536298394203186, 0.9806174039840698, 0.121604323387146, -0.008695477619767189, -0.1217188686132431, 0.9925265908241272),
            ["LeftLowerArm"] = CFrame.new(5.960464477539063e-08, 2.384185791015625e-07, 1.1920928955078125e-07, 1, -1.4156103134155273e-07, 5.960463766996327e-08, 1.0430811414607888e-07, 0.2742824852466583, -0.9616491794586182, 8.940695295223122e-08, 0.9616492390632629, 0.2742825448513031),
            ["LowerTorso"] = CFrame.new(-0.2394964098930359, -0.2955547571182251, 0.33896785974502563, 0.9142407774925232, -0.11376888304948807, -0.3888707756996155, 7.450581485102248e-09, 0.9597686529159546, -0.2807919979095459, 0.40517136454582214, 0.256711483001709, 0.8774596452713013),
            ["Head"] = CFrame.new(2.9802322387695312e-08, 1.1920928955078125e-07, 7.450580596923828e-08, 0.9804186820983887, -0.18935216963291168, 0.05408291518688202, 0.12736956775188446, 0.8192022442817688, 0.5591822266578674, -0.15018720924854279, -0.5413442254066467, 0.8272788524627686),
            ["RightUpperArm"] = CFrame.new(-0.05459076166152954, -0.31101202964782715, -0.06907984614372253, 0.48109468817710876, -0.800294816493988, -0.35787737369537354, 0.01905222423374653, 0.4176723062992096, -0.9083980321884155, 0.8764616847038269, 0.4302070736885071, 0.2161872684955597),
            ["UpperTorso"] = CFrame.new(2.301002055560275e-08, -1.7881393432617188e-07, 8.195638656616211e-08, 0.9960240125656128, 0.0032174212392419577, 0.08902761340141296, -0.00424535945057869, 0.9999265074729919, 0.011359263211488724, -0.08898451924324036, -0.01169203594326973, 0.9959644675254822),
            ["HumanoidRootPart"] = CFrame.new(0, 0, 0, 1, 0, 0, 0, 1, 0, 0, 0, 1),
            ["RightHand"] = CFrame.new(1.1920928955078125e-07, 2.384185791015625e-07, -2.9802322387695312e-08, -0.11084087193012238, -0.3221125900745392, 0.940190315246582, -0.01636255346238613, 0.9464828372001648, 0.32233935594558716, -0.9937035441398621, 0.0203444454818964, -0.11017954349517822),
            ["LeftUpperArm"] = CFrame.new(-0.09192371368408203, -0.18838250637054443, 0.06004539132118225, 0.4136551022529602, 0.596751868724823, 0.6875876784324646, -0.025911230593919754, 0.7626415491104126, -0.6463021636009216, -0.9100649356842041, 0.24952998757362366, 0.3309330940246582),
            ["RightLowerArm"] = CFrame.new(5.960464477539063e-08, 1.1920928955078125e-07, -2.5331974029541016e-07, 1, -1.2665985593685036e-07, 2.9802322387695312e-08, 5.587935447692871e-08, 0.2806287407875061, -0.9598164558410645, 1.1920928955078125e-07, 0.9598163962364197, 0.28062883019447327),
            ["LeftHand"] = CFrame.new(2.8312206268310547e-07, 1.1920928955078125e-07, -1.3783574104309082e-07, -0.13187667727470398, 0.35025647282600403, -0.927323579788208, -0.024325978010892868, 0.9340687990188599, 0.3562637269496918, 0.9909675717353821, 0.06954086571931839, -0.11466161161661148),
            ["RightUpperLeg"] = CFrame.new(0, 1.1175870895385742e-08, -6.705522537231445e-08, 1, 1.2336597876583255e-07, 8.717892185927667e-09, -8.047653921039455e-08, 0.768491268157959, -0.639860212802887, -1.2797205073411533e-08, 0.6398602724075317, 0.7684913277626038),
            ["LeftUpperLeg"] = CFrame.new(2.9802322387695312e-08, -6.705522537231445e-08, 5.960464477539063e-08, 0.9925773739814758, 0.08358213305473328, -0.08834214508533478, -0.12063898146152496, 0.7685514688491821, -0.6283113360404968, 0.015379978343844414, 0.6343050599098206, 0.7729299068450928),
            ["RightLowerLeg"] = CFrame.new(1.8867268636313383e-08, -2.384185791015625e-07, -0.0000023283064365386963, 1, -9.278473100948759e-08, -2.73645156312341e-07, 1.2155224737853132e-07, -0.0404294915497303, 0.999182403087616, -1.5138225251121185e-07, -0.9991824626922607, -0.040429361164569855),
            ["RightFoot"] = CFrame.new(-0.000412643508752808, -0.0030042529106140137, 0.0009064823389053345, 0.9999610781669617, 0.0062532429583370686, -0.006226510740816593, -0.005537259392440319, 0.9940230250358582, 0.10903066396713257, 0.006871250458061695, -0.10899197310209274, 0.9940189123153687),
            ["LeftLowerLeg"] = CFrame.new(1.4901161193847656e-08, 7.152557373046875e-07, 0.000002294778823852539, 1, 8.940695295223122e-08, 1.1920930376163597e-07, -1.0430814256778831e-07, -0.025856610387563705, 0.9996657371520996, 1.564622067462551e-07, -0.9996657371520996, -0.02585659548640251),
        }},
        {Time = 0.233, Data = {
            ["LeftFoot"] = CFrame.new(-0.00452062301337719, -0.03920799493789673, 0.01456904411315918, 0.9880902171134949, -0.15353906154632568, -0.010172784328460693, 0.1536298394203186, 0.9806174039840698, 0.121604323387146, -0.008695477619767189, -0.1217188686132431, 0.9925265908241272),
            ["LeftLowerArm"] = CFrame.new(5.960464477539063e-08, 2.384185791015625e-07, 1.1920928955078125e-07, 1, -1.4156103134155273e-07, 5.960463766996327e-08, 1.0430811414607888e-07, 0.2742824852466583, -0.9616491794586182, 8.940695295223122e-08, 0.9616492390632629, 0.2742825448513031),
            ["LowerTorso"] = CFrame.new(-0.2394964098930359, -0.2955547571182251, 0.33896785974502563, 0.9142407774925232, -0.11376888304948807, -0.3888707756996155, 7.450581485102248e-09, 0.9597686529159546, -0.2807919979095459, 0.40517136454582214, 0.256711483001709, 0.8774596452713013),
            ["Head"] = CFrame.new(2.9802322387695312e-08, 1.1920928955078125e-07, 7.450580596923828e-08, 0.9804186820983887, -0.18935216963291168, 0.05408291518688202, 0.12736956775188446, 0.8192022442817688, 0.5591822266578674, -0.15018720924854279, -0.5413442254066467, 0.8272788524627686),
            ["RightUpperArm"] = CFrame.new(-0.05459076166152954, -0.31101202964782715, -0.06907984614372253, 0.48109468817710876, -0.800294816493988, -0.35787737369537354, 0.01905222423374653, 0.4176723062992096, -0.9083980321884155, 0.8764616847038269, 0.4302070736885071, 0.2161872684955597),
            ["UpperTorso"] = CFrame.new(2.301002055560275e-08, -1.7881393432617188e-07, 8.195638656616211e-08, 0.9960240125656128, 0.0032174212392419577, 0.08902761340141296, -0.00424535945057869, 0.9999265074729919, 0.011359263211488724, -0.08898451924324036, -0.01169203594326973, 0.9959644675254822),
            ["HumanoidRootPart"] = CFrame.new(0, 0, 0, 1, 0, 0, 0, 1, 0, 0, 0, 1),
            ["RightHand"] = CFrame.new(1.1920928955078125e-07, 2.384185791015625e-07, -2.9802322387695312e-08, -0.11084087193012238, -0.3221125900745392, 0.940190315246582, -0.01636255346238613, 0.9464828372001648, 0.32233935594558716, -0.9937035441398621, 0.0203444454818964, -0.11017954349517822),
            ["LeftUpperArm"] = CFrame.new(-0.09192371368408203, -0.18838250637054443, 0.06004539132118225, 0.4136551022529602, 0.596751868724823, 0.6875876784324646, -0.025911230593919754, 0.7626415491104126, -0.6463021636009216, -0.9100649356842041, 0.24952998757362366, 0.3309330940246582),
            ["RightLowerArm"] = CFrame.new(5.960464477539063e-08, 1.1920928955078125e-07, -2.5331974029541016e-07, 1, -1.2665985593685036e-07, 2.9802322387695312e-08, 5.587935447692871e-08, 0.2806287407875061, -0.9598164558410645, 1.1920928955078125e-07, 0.9598163962364197, 0.28062883019447327),
            ["LeftHand"] = CFrame.new(2.8312206268310547e-07, 1.1920928955078125e-07, -1.3783574104309082e-07, -0.13187667727470398, 0.35025647282600403, -0.927323579788208, -0.024325978010892868, 0.9340687990188599, 0.3562637269496918, 0.9909675717353821, 0.06954086571931839, -0.11466161161661148),
            ["RightUpperLeg"] = CFrame.new(0, 1.1175870895385742e-08, -6.705522537231445e-08, 1, 1.2336597876583255e-07, 8.717892185927667e-09, -8.047653921039455e-08, 0.768491268157959, -0.639860212802887, -1.2797205073411533e-08, 0.6398602724075317, 0.7684913277626038),
            ["LeftUpperLeg"] = CFrame.new(2.9802322387695312e-08, -6.705522537231445e-08, 5.960464477539063e-08, 0.9925773739814758, 0.08358213305473328, -0.08834214508533478, -0.12063898146152496, 0.7685514688491821, -0.6283113360404968, 0.015379978343844414, 0.6343050599098206, 0.7729299068450928),
            ["RightLowerLeg"] = CFrame.new(1.8867268636313383e-08, -2.384185791015625e-07, -0.0000023283064365386963, 1, -9.278473100948759e-08, -2.73645156312341e-07, 1.2155224737853132e-07, -0.0404294915497303, 0.999182403087616, -1.5138225251121185e-07, -0.9991824626922607, -0.040429361164569855),
            ["RightFoot"] = CFrame.new(-0.000412643508752808, -0.0030042529106140137, 0.0009064823389053345, 0.9999610781669617, 0.0062532429583370686, -0.006226510740816593, -0.005537259392440319, 0.9940230250358582, 0.10903066396713257, 0.006871250458061695, -0.10899197310209274, 0.9940189123153687),
            ["LeftLowerLeg"] = CFrame.new(1.4901161193847656e-08, 7.152557373046875e-07, 0.000002294778823852539, 1, 8.940695295223122e-08, 1.1920930376163597e-07, -1.0430814256778831e-07, -0.025856610387563705, 0.9996657371520996, 1.564622067462551e-07, -0.9996657371520996, -0.02585659548640251),
        }},
        {Time = 0.267, Data = {
            ["LeftFoot"] = CFrame.new(-6.05359673500061e-08, -5.960464477539063e-08, -5.21540641784668e-08, 0.9966179132461548, -0.04214944317936897, 0.07054299116134644, 0.06962710618972778, 0.8890583515167236, -0.4524678587913513, -0.04364524409174919, 0.4558495283126831, 0.8889862298965454),
            ["LeftLowerArm"] = CFrame.new(1.7881393432617188e-07, -1.1920928955078125e-07, -8.568167686462402e-08, 1, -5.681067705154419e-08, 5.215405707303944e-08, 6.705522537231445e-08, 0.725959062576294, -0.6877380013465881, 1.1175870895385742e-08, 0.6877380013465881, 0.7259590029716492),
            ["LowerTorso"] = CFrame.new(-0.4965699017047882, -0.19329166412353516, 1.090327501296997, 0.9673725366592407, 0.10628087818622589, -0.22998863458633423, -0.08786948025226593, 0.9921575784683228, 0.08889508247375488, 0.23763279616832733, -0.06578568369150162, 0.9691248536109924),
            ["Head"] = CFrame.new(-3.725290298461914e-08, -1.1920928955078125e-07, -8.568167686462402e-08, 0.8666267991065979, -0.160368874669075, 0.4724828004837036, 0.20657920837402344, 0.9772908687591553, -0.047197531908750534, -0.45418408513069153, 0.13850772380828857, 0.8800753355026245),
            ["RightUpperArm"] = CFrame.new(0.4017282724380493, -0.08624935150146484, -0.15788602828979492, -0.14606282114982605, -0.04561331495642662, -0.9882232546806335, 0.15826162695884705, 0.9849935173988342, -0.068855881690979, 0.9765341877937317, -0.16645509004592896, -0.13665199279785156),
            ["UpperTorso"] = CFrame.new(-2.9802322387695312e-08, 2.086162567138672e-07, 5.21540641784668e-08, 0.9425564408302307, 0.1118839681148529, -0.31475305557250977, -0.10184893012046814, 0.9936312437057495, 0.04820627719163895, 0.31814202666282654, -0.013379903510212898, 0.947948694229126),
            ["HumanoidRootPart"] = CFrame.new(0, 0, 0, 1, 0, 0, 0, 1, 0, 0, 0, 1),
            ["RightHand"] = CFrame.new(5.960464477539063e-08, 5.960464477539063e-08, 1.4901161193847656e-08, -0.9368448257446289, -0.3496655225753784, -0.0074719032272696495, -0.344167023897171, 0.917891800403595, 0.19754432141780853, -0.06221609190106392, 0.187639981508255, -0.9802655577659607),
            ["LeftUpperArm"] = CFrame.new(0.02834796905517578, -0.7849622964859009, 0.1840808093547821, 0.2534876763820648, 0.8051512837409973, -0.5361674427986145, -0.9658202528953552, 0.17961221933364868, -0.1868979036808014, -0.05417879298329353, 0.5652174949645996, 0.8231608867645264),
            ["RightLowerArm"] = CFrame.new(-2.086162567138672e-07, -1.1920928955078125e-07, 1.4901161193847656e-07, 1, -9.685756907629184e-08, 8.568168397005138e-08, 1.3411046495548362e-07, 0.21656639873981476, -0.9762679934501648, 9.126962652317161e-08, 0.97626793384552, 0.21656635403633118),
            ["LeftHand"] = CFrame.new(-3.203749656677246e-07, 0, -2.9802322387695312e-08, -0.11737586557865143, 0.49640193581581116, -0.8601208925247192, 0.33187758922576904, 0.8359196186065674, 0.43714508414268494, 0.9359915256500244, -0.23414456844329834, -0.2628614604473114),
            ["RightUpperLeg"] = CFrame.new(0, 4.08967025578022e-07, -1.4156103134155273e-07, 0.9097889065742493, -0.12318339943885803, -0.39637109637260437, -0.19401657581329346, 0.7179943919181824, -0.6684622764587402, 0.3669355809688568, 0.6850619912147522, 0.6293234825134277),
            ["LeftUpperLeg"] = CFrame.new(0.18696460127830505, 0.04570727050304413, -0.010126680135726929, 0.7124553322792053, -0.2015920728445053, 0.6721370220184326, 0.08304578810930252, 0.9753369092941284, 0.2045026421546936, -0.6967861652374268, -0.08988083153963089, 0.711625337600708),
            ["RightLowerLeg"] = CFrame.new(-7.450580596923828e-09, -7.748603820800781e-07, -0.000002428889274597168, 1, -1.0617078771701927e-07, -3.72529100900465e-08, 7.450580596923828e-08, 0.9360421299934387, 0.3518877327442169, 0, -0.3518880307674408, 0.936042308807373),
            ["RightFoot"] = CFrame.new(-7.450580596923828e-09, 2.980232238769531e-07, 0, 0.7993296980857849, -0.23870404064655304, -0.5514459013938904, 0.3413598835468292, 0.93563312292099, 0.08979994058609009, 0.49451541900634766, -0.26002123951911926, 0.8293632864952087),
            ["LeftLowerLeg"] = CFrame.new(-1.1175870895385742e-07, 4.172325134277344e-07, 0.0000022798776626586914, 1, 2.60770320892334e-08, -2.2351747119842003e-08, -1.4901161193847656e-08, 0.9650964140892029, 0.2618951201438904, 4.284083843231201e-08, -0.2618951201438904, 0.9650963544845581),
        }},
        {Time = 0.300, Data = {
            ["LeftFoot"] = CFrame.new(-6.05359673500061e-08, -5.960464477539063e-08, -5.21540641784668e-08, 0.9966179132461548, -0.04214944317936897, 0.07054299116134644, 0.06962710618972778, 0.8890583515167236, -0.4524678587913513, -0.04364524409174919, 0.4558495283126831, 0.8889862298965454),
            ["LeftLowerArm"] = CFrame.new(1.7881393432617188e-07, -1.1920928955078125e-07, -8.568167686462402e-08, 1, -5.681067705154419e-08, 5.215405707303944e-08, 6.705522537231445e-08, 0.725959062576294, -0.6877380013465881, 1.1175870895385742e-08, 0.6877380013465881, 0.7259590029716492),
