return {
    ["Stop!"] = {
        {Time = 0.000, Data = {
            ["LeftLowerArm"] = CFrame.new(-2.9802322387695312e-08, -1.1920928955078125e-07, 0, 1, -8.940693874137651e-08, 3.7252888773764425e-08, 2.9802315282267955e-08, 0.9537303447723389, -0.3006632924079895, 1.0430809993522416e-07, 0.3006633520126343, 0.9537302851676941),
            ["LeftFoot"] = CFrame.new(-7.450580596923828e-09, 0, -3.725290298461914e-08, 0.9021762609481812, -0.03818761557340622, 0.429673969745636, 0.21229995787143707, 0.9063963890075684, -0.3652043640613556, -0.3755088448524475, 0.4206986129283905, 0.8258365988731384),
            ["RightHand"] = CFrame.new(5.960464477539063e-08, -1.1920928955078125e-07, -1.6391277313232422e-07, 0.9746295809745789, -0.2141130417585373, -0.0652129203081131, 0.18784014880657196, 0.9408860206604004, -0.2818683981895447, 0.12170949578285217, 0.26246756315231323, 0.9572343230247498),
            ["HumanoidRootPart"] = CFrame.new(0, 0, 0, 1, 0, 0, 0, 1, 0, 0, 0, 1),
            ["RightLowerLeg"] = CFrame.new(7.450580596923828e-09, 3.5762786865234375e-07, 1.6952981241047382e-09, 1, -1.4901159417490817e-08, 1.8626458597736928e-08, 7.450580596923828e-09, 0.999987006187439, 0.0051110368221998215, -9.313225746154785e-09, -0.005111041944473982, 0.9999869465827942),
            ["LeftUpperLeg"] = CFrame.new(-5.960464477539063e-08, -7.82310962677002e-08, -3.4924596548080444e-09, 0.8849506378173828, 0.09935042262077332, -0.45496389269828796, -0.1607964038848877, 0.9820793867111206, -0.09830863028764725, 0.4370434582233429, 0.160154789686203, 0.88506680727005),
            ["LeftLowerLeg"] = CFrame.new(-2.60770320892334e-08, -5.960464477539063e-08, 2.2351741790771484e-08, 1, 6.332993507385254e-08, -9.313227522511625e-09, -3.725289943190546e-08, 0.8421480059623718, 0.5392465591430664, 4.703178291265431e-08, -0.5392464399337769, 0.8421478867530823),
            ["RightUpperArm"] = CFrame.new(1.1920928955078125e-07, -3.5762786865234375e-07, 5.960464477539063e-08, 0.4047989845275879, -0.9062795042991638, 0.12163694202899933, 0.12507358193397522, -0.07689587771892548, -0.9891631007194519, 0.9058115482330322, 0.415625661611557, 0.0822242870926857),
            ["Head"] = CFrame.new(0, -2.384185791015625e-07, 3.3527612686157227e-08, 0.7908212542533875, -0.11158134043216705, -0.6017901301383972, 0.038026485592126846, 0.99029940366745, -0.13364574313163757, 0.6108647584915161, 0.08280602097511292, 0.787392795085907),
            ["UpperTorso"] = CFrame.new(3.073364496231079e-08, 0, -1.6298145055770874e-09, 0.9737306237220764, 0.2264096438884735, 0.024239476770162582, -0.22705820202827454, 0.9734624028205872, 0.028558246791362762, -0.017130421474575996, -0.033311810344457626, 0.9992982149124146),
            ["LeftUpperArm"] = CFrame.new(-2.384185791015625e-07, -3.5762786865234375e-07, -1.4901161193847656e-08, 0.872490644454956, 0.3841862082481384, -0.3019293546676636, -0.2875673472881317, 0.9032896757125854, 0.3183909058570862, 0.395050972700119, -0.19096791744232178, 0.898591160774231),
            ["RightLowerArm"] = CFrame.new(-1.1920928955078125e-07, -1.1920928955078125e-07, 1.6391277313232422e-07, 1, 4.656612428988183e-09, 1.1175867342672063e-08, -1.7229465854029513e-08, 0.9999867677688599, -0.005153657868504524, 3.911554458113642e-08, 0.005153662990778685, 0.9999867677688599),
            ["LeftHand"] = CFrame.new(-2.682209014892578e-07, 2.384185791015625e-07, -5.960464477539063e-08, 0.9961771368980408, -0.08722398430109024, -0.004821006674319506, 0.08522384613752365, 0.9824921488761902, -0.16566909849643707, 0.019186830148100853, 0.16462485492229462, 0.9861696362495422),
            ["Sign"] = CFrame.new(2.086162567138672e-07, 2.421438694000244e-07, 2.384185791015625e-07, 0.9921916127204895, 0.013526994735002518, 0.1239871010184288, -0.03390676900744438, 0.9859151244163513, 0.16377364099025726, -0.12002535909414291, -0.16669893264770508, 0.9786754250526428),
            ["RightFoot"] = CFrame.new(5.21540641784668e-08, 2.980232238769531e-07, 2.032174961641431e-08, 0.9733529090881348, 0.0866246372461319, 0.21232108771800995, -0.061366625130176544, 0.9905323386192322, -0.12280017137527466, -0.22094838321208954, 0.10649885982275009, 0.9694534540176392),
            ["RightUpperLeg"] = CFrame.new(0, -2.1606683731079102e-07, 4.32410161010921e-08, 0.439003586769104, 0.16470031440258026, -0.8832608461380005, 0.07474732398986816, 0.9729528427124023, 0.21857613325119019, 0.8953706622123718, -0.16197721660137177, 0.4148189127445221),
            ["LowerTorso"] = CFrame.new(0.06192693114280701, -0.03213357925415039, -0.1302584409713745, 0.6774054169654846, -0.10251321643590927, 0.7284318804740906, 0.12492826581001282, 0.9918895363807678, 0.023412905633449554, -0.7249240279197693, 0.07514169067144394, 0.6847180724143982),
        }},
        {Time = 0.033, Data = {
            ["LeftLowerArm"] = CFrame.new(1.1920928955078125e-07, -5.960464477539063e-08, -5.960464477539063e-08, 1, 0, 1.0058280253133489e-07, 5.960464477539063e-08, 0.9555008411407471, -0.2949883043766022, -1.4901161193847656e-08, 0.29498839378356934, 0.9555009007453918),
            ["LeftFoot"] = CFrame.new(4.936009645462036e-08, 0, 0, 0.902032732963562, -0.04298913851380348, 0.4295216500759125, 0.21538253128528595, 0.9071419835090637, -0.36152970790863037, -0.3740953505039215, 0.41862308979034424, 0.8275309205055237),
            ["RightHand"] = CFrame.new(-5.960464477539063e-08, -5.960464477539063e-08, 4.190951585769653e-08, 0.9775271415710449, -0.20506562292575836, -0.04887654632329941, 0.18745993077754974, 0.9516267776489258, -0.24344497919082642, 0.09643421322107315, 0.22881156206130981, 0.9686824679374695),
            ["HumanoidRootPart"] = CFrame.new(0, 0, 0, 1, 0, 0, 0, 1, 0, 0, 0, 1),
            ["RightLowerLeg"] = CFrame.new(-3.725290298461914e-08, 1.7881393432617188e-07, -2.8107024263590574e-08, 1, -2.2351747119842003e-08, -4.284084909045305e-08, -3.725290298461914e-09, 0.999987006187439, 0.005112805869430304, 3.166496753692627e-08, -0.005112798418849707, 0.9999869465827942),
            ["LeftUpperLeg"] = CFrame.new(0, 3.3155083656311035e-07, -1.1175870895385742e-08, 0.8833643794059753, 0.10688377171754837, -0.4563368558883667, -0.16690002381801605, 0.9815611243247986, -0.09317799657583237, 0.43796321749687195, 0.15847277641296387, 0.8849149346351624),
            ["LeftLowerLeg"] = CFrame.new(-2.2351741790771484e-08, -1.1920928955078125e-07, 2.9802322387695312e-08, 1, 4.4703490686970326e-08, 4.284084909045305e-08, -3.725290298461914e-08, 0.8462703227996826, 0.5327539443969727, 3.3527612686157227e-08, -0.5327538847923279, 0.8462701439857483),
            ["RightUpperArm"] = CFrame.new(1.1920928955078125e-07, 1.1920928955078125e-07, 8.195638656616211e-08, 0.4104722738265991, -0.9061854481697083, 0.10168851912021637, 0.10609522461891174, -0.06329867988824844, -0.9923391938209534, 0.9056800603866577, 0.4181163012981415, 0.07015964388847351),
            ["Head"] = CFrame.new(-7.450580596923828e-09, -1.1920928955078125e-07, -1.1175870895385742e-08, 0.792509138584137, -0.12156296521425247, -0.5976217985153198, 0.04042278230190277, 0.9882482290267944, -0.14741581678390503, 0.6085188984870911, 0.09267090260982513, 0.7881097197532654),
            ["UpperTorso"] = CFrame.new(2.0489096641540527e-08, 1.4901161193847656e-07, -1.4901161193847656e-08, 0.9724551439285278, 0.23180371522903442, 0.024457847699522972, -0.23248291015625, 0.9721371531486511, 0.030019331723451614, -0.016817724332213402, -0.03487846627831459, 0.999250054359436),
            ["LeftUpperArm"] = CFrame.new(-1.1920928955078125e-07, 1.1920928955078125e-07, -9.685754776000977e-08, 0.8723320960998535, 0.3826243281364441, -0.30436035990715027, -0.2822549343109131, 0.9024288654327393, 0.3255061209201813, 0.39921021461486816, -0.198042094707489, 0.8952154517173767),
            ["RightLowerArm"] = CFrame.new(-1.4901161193847656e-07, -2.980232238769531e-07, 1.1920928955078125e-07, 1, 4.6566133171666024e-09, 6.682238051780587e-08, -9.313225746154785e-10, 0.9951459765434265, -0.09841080009937286, 3.91155481338501e-08, 0.09841081500053406, 0.9951459169387817),
            ["LeftHand"] = CFrame.new(-5.960464477539063e-08, 1.1920928955078125e-07, 1.4901161193847656e-07, 0.9952914714813232, -0.09682875871658325, -0.004374980926513672, 0.09481824934482574, 0.9820060729980469, -0.16332083940505981, 0.020110059529542923, 0.16213683784008026, 0.9865633845329285),
            ["Sign"] = CFrame.new(1.1920928955078125e-07, -1.4901161193847656e-08, -1.1920928955078125e-07, 0.9919193387031555, 0.006321090739220381, 0.12671299278736115, -0.027997378259897232, 0.9850413799285889, 0.17002864181995392, -0.12374281138181686, -0.1722024828195572, 0.9772584438323975),
            ["RightFoot"] = CFrame.new(4.0978193283081055e-08, 2.980232238769531e-07, -1.3205863069742918e-08, 0.9698987007141113, 0.08639435470104218, 0.22766783833503723, -0.05854426324367523, 0.9902541041374207, -0.1263699233531952, -0.23636658489704132, 0.10923749953508377, 0.965503990650177),
            ["RightUpperLeg"] = CFrame.new(5.960464477539063e-08, 0, -5.757465260103345e-08, 0.42358142137527466, 0.17038898169994354, -0.889689028263092, 0.07508043944835663, 0.9721676111221313, 0.2219306379556656, 0.9027411937713623, -0.1608039140701294, 0.39899909496307373),
            ["LowerTorso"] = CFrame.new(0.06783930957317352, -0.03059864044189453, -0.13610410690307617, 0.6762105822563171, -0.10392031073570251, 0.7293420433998108, 0.1259520947933197, 0.9917330145835876, 0.024530410766601562, -0.7258617877960205, 0.07527443021535873, 0.6837093830108643),
        }},
        {Time = 0.067, Data = {
            ["LeftLowerArm"] = CFrame.new(0, -2.384185791015625e-07, -1.1920928955078125e-07, 1, -4.4703494239684005e-08, 2.607702498380604e-08, 5.960465188081798e-08, 0.9567246437072754, -0.290994793176651, -7.450581307466564e-08, 0.2909950017929077, 0.9567246437072754),
            ["LeftFoot"] = CFrame.new(-1.862645149230957e-08, 0, 2.9802322387695312e-08, 0.9018542766571045, -0.04733191058039665, 0.429439514875412, 0.21859289705753326, 0.9073575735092163, -0.35905399918556213, -0.3726605474948883, 0.4176866412162781, 0.828650712966919),
            ["RightHand"] = CFrame.new(0, 0, 1.9371509552001953e-07, 0.976823091506958, -0.2087511569261551, -0.047326184809207916, 0.1927129179239273, 0.9539185166358948, -0.23000329732894897, 0.09315866231918335, 0.2155519276857376, 0.9720385074615479),
            ["HumanoidRootPart"] = CFrame.new(0, 0, 0, 1, 0, 0, 0, 1, 0, 0, 0, 1),
            ["RightLowerLeg"] = CFrame.new(-3.725290298461914e-08, 1.7881393432617188e-07, 1.6596459317952394e-08, 1, 3.725291630729544e-09, 0, 0, 0.9999869465827942, 0.005114194005727768, -9.313225746154785e-09, -0.005114192143082619, 0.999987006187439),
            ["LeftUpperLeg"] = CFrame.new(-1.1920928955078125e-07, 2.7194619178771973e-07, -1.1175870895385742e-08, 0.8820047378540039, 0.11350728571414948, -0.457366019487381, -0.17249920964241028, 0.9809621572494507, -0.08920372277498245, 0.43853357434272766, 0.15757344663143158, 0.8847931623458862),
            ["LeftLowerLeg"] = CFrame.new(-1.1175870895385742e-08, -1.1920928955078125e-07, -7.450580596923828e-09, 1, 7.823111758398227e-08, 3.3527612686157227e-08, -2.9802318834981634e-08, 0.8488809466362, 0.5285838842391968, 7.497146015111866e-08, -0.5285840034484863, 0.8488810658454895),
            ["RightUpperArm"] = CFrame.new(-5.960464477539063e-08, 7.152557373046875e-07, -5.960464477539063e-08, 0.4131103754043579, -0.9052074551582336, 0.09969674050807953, 0.09448850154876709, -0.06627906858921051, -0.9933172464370728, 0.905765950679779, 0.4197697937488556, 0.05815111845731735),
            ["Head"] = CFrame.new(-3.725290298461914e-09, 2.384185791015625e-07, 0, 0.7963041663169861, -0.1319228708744049, -0.5903356075286865, 0.042729299515485764, 0.9857581257820129, -0.16265062987804413, 0.6033854484558105, 0.10429482161998749, 0.7906002402305603),
            ["UpperTorso"] = CFrame.new(-5.960464477539063e-08, 5.960464477539063e-08, 1.4901161193847656e-08, 0.9714366793632507, 0.2359691858291626, 0.02508784830570221, -0.2366824746131897, 0.9710988998413086, 0.030794993042945862, -0.017095966264605522, -0.035853203386068344, 0.9992108345031738),
            ["LeftUpperArm"] = CFrame.new(5.960464477539063e-08, 5.960464477539062e-07, -5.960464477539063e-08, 0.8752707242965698, 0.38009554147720337, -0.29904600977897644, -0.2808048129081726, 0.9028319716453552, 0.3256428837776184, 0.3937637209892273, -0.20105206966400146, 0.8969549536705017),
            ["RightLowerArm"] = CFrame.new(-1.4901161193847656e-07, 1.1920928955078125e-07, 3.0547380447387695e-07, 1, -4.3772175217782205e-08, 4.8428766774577525e-08, 2.2817406630792902e-08, 0.9888302087783813, -0.14904649555683136, -3.539026138810186e-08, 0.1490466147661209, 0.9888302087783813),
            ["LeftHand"] = CFrame.new(0, 1.1920928955078125e-07, -1.1920928955078125e-07, 0.9964262843132019, -0.0844232514500618, -0.0027538735885173082, 0.0828375518321991, 0.9830459356307983, -0.16358105838298798, 0.01651723124086857, 0.16276805102825165, 0.9865261316299438),
            ["Sign"] = CFrame.new(-1.4901161193847656e-08, 2.086162567138672e-07, -1.1920928955078125e-07, 0.9924108982086182, 0.011630582623183727, 0.12241486459970474, -0.03249620646238327, 0.9849309921264648, 0.16986799240112305, -0.11859431862831116, -0.17255695164203644, 0.9778341054916382),
            ["RightFoot"] = CFrame.new(-5.21540641784668e-08, 1.7881393432617188e-07, -2.0656443666666746e-08, 0.9668394923210144, 0.08607248961925507, 0.2404434084892273, -0.05594828724861145, 0.9900095462799072, -0.12942588329315186, -0.24918119609355927, 0.11168167740106583, 0.9619958400726318),
            ["RightUpperLeg"] = CFrame.new(0, 4.880130290985107e-07, 1.3205863069742918e-08, 0.4108354151248932, 0.17568358778953552, -0.8946226239204407, 0.0752134770154953, 0.9713824987411499, 0.22529762983322144, 0.9086017608642578, -0.15984782576560974, 0.38586437702178955),
            ["LowerTorso"] = CFrame.new(0.073272705078125, -0.02945888042449951, -0.141148641705513, 0.6753460764884949, -0.1052364856004715, 0.7299540638923645, 0.12714383006095886, 0.9915610551834106, 0.025319814682006836, -0.7264586687088013, 0.07570952922105789, 0.6830270886421204),
        }},
        {Time = 0.100, Data = {
            ["LeftLowerArm"] = CFrame.new(2.086162567138672e-07, -2.384185791015625e-07, 5.960464477539063e-08, 1, -6.705522537231445e-08, 6.332993507385254e-08, 2.980232949312267e-08, 0.9574618935585022, -0.2885596454143524, -8.940698847936801e-08, 0.2885597050189972, 0.957461953163147),
            ["LeftFoot"] = CFrame.new(2.60770320892334e-08, 0, 0, 0.9016793370246887, -0.05107937380671501, 0.42937782406806946, 0.22143472731113434, 0.9074577689170837, -0.3570534884929657, -0.3714040517807007, 0.41702693700790405, 0.8295465111732483),
            ["RightHand"] = CFrame.new(8.940696716308594e-08, -1.1920928955078125e-07, 3.5762786865234375e-07, 0.9742396473884583, -0.2189517468214035, -0.054014429450035095, 0.20125404000282288, 0.9521930813789368, -0.22983741760253906, 0.10175544768571854, 0.2130459100008011, 0.9717289805412292),
            ["HumanoidRootPart"] = CFrame.new(0, 0, 0, 1, 0, 0, 0, 1, 0, 0, 0, 1),
            ["RightLowerLeg"] = CFrame.new(-1.4901161193847656e-08, 2.980232238769531e-07, 1.6596459317952394e-08, 1, -7.450581485102248e-09, 3.911556234470481e-08, -1.1175872671742582e-08, 0.9999869465827942, 0.005115276202559471, 2.2351745343485163e-08, -0.005115304607897997, 0.999987006187439),
            ["LeftUpperLeg"] = CFrame.new(-5.960464477539063e-08, -3.5762786865234375e-07, 2.7008354663848877e-08, 0.8808218836784363, 0.11944171041250229, -0.45813408493995667, -0.17755186557769775, 0.9803665280342102, -0.08577172458171844, 0.4388943910598755, 0.15689213573932648, 0.8847352266311646),
            ["LeftLowerLeg"] = CFrame.new(6.705522537231445e-08, -2.384185791015625e-07, 4.470348358154297e-08, 1, 3.3527616238870905e-08, -7.450581485102248e-09, -4.4703490686970326e-08, 0.8509194850921631, 0.5252962112426758, 3.81842291119483e-08, -0.525296151638031, 0.8509195446968079),
            ["RightUpperArm"] = CFrame.new(0, 2.384185791015625e-07, -8.940696716308594e-08, 0.4128226041793823, -0.904644787311554, 0.10580721497535706, 0.08735060691833496, -0.07630935311317444, -0.9932506680488586, 0.9066131711006165, 0.4192788898944855, 0.04751909524202347),
            ["Head"] = CFrame.new(1.4901161193847656e-08, 0, -7.450580596923828e-09, 0.8025665283203125, -0.14117585122585297, -0.5796173810958862, 0.04511280730366707, 0.9831757545471191, -0.1770039200782776, 0.5948545336723328, 0.11590936034917831, 0.7954328060150146),
            ["UpperTorso"] = CFrame.new(-1.1175870895385742e-08, -3.8743019104003906e-07, 1.7695128917694092e-08, 0.9706725478172302, 0.2390030324459076, 0.025933217257261276, -0.23974700272083282, 0.9703444838523865, 0.03087228536605835, -0.017785772681236267, -0.036184318363666534, 0.9991869330406189),
            ["LeftUpperArm"] = CFrame.new(1.1920928955078125e-07, -2.384185791015625e-07, 1.4901161193847656e-08, 0.8817296028137207, 0.37491747736930847, -0.2863386869430542, -0.2809509336948395, 0.9049075245857239, 0.3197014033794403, 0.3789718449115753, -0.20144297182559967, 0.9032171368598938),
            ["RightLowerArm"] = CFrame.new(-2.980232238769531e-07, 3.5762786865234375e-07, -7.450580596923828e-09, 1, 4.190951941041021e-08, 2.2351741790771484e-08, -3.8184236217375656e-08, 0.9859029054641724, -0.16731879115104675, -3.3527619791584584e-08, 0.16731882095336914, 0.9859028458595276),
            ["LeftHand"] = CFrame.new(-5.960464477539063e-08, -1.1920928955078125e-07, 1.1920928955078125e-07, 0.998193085193634, -0.06008603051304817, -0.0006254292093217373, 0.059156373143196106, 0.9844690561294556, -0.16529209911823273, 0.010547403246164322, 0.16495628654956818, 0.9862444996833801),
            ["Sign"] = CFrame.new(5.960464477539063e-08, -5.960464477539063e-08, 1.1920928955078125e-07, 0.9930797815322876, 0.023512989282608032, 0.11506377160549164, -0.04245523735880852, 0.9853689670562744, 0.16506224870681763, -0.1094992458820343, -0.16880512237548828, 0.9795482754707336),
            ["RightFoot"] = CFrame.new(-1.4901161193847656e-08, 3.5762786865234375e-07, 2.032174961641431e-08, 0.9645037651062012, 0.08552739024162292, 0.24983534216880798, -0.0535600520670414, 0.98979252576828, -0.13206881284713745, -0.2585805356502533, 0.11400001496076584, 0.9592394828796387),
            ["RightUpperLeg"] = CFrame.new(1.1920928955078125e-07, -2.0489096641540527e-07, 2.1587766241282225e-08, 0.4014735817909241, 0.18047890067100525, -0.8979122638702393, 0.07488951832056046, 0.9706400036811829, 0.2285812795162201, 0.9128037691116333, -0.15901361405849457, 0.3761703372001648),
            ["LowerTorso"] = CFrame.new(0.07808814942836761, -0.02867579460144043, -0.1455542892217636, 0.6747201085090637, -0.10642555356025696, 0.7303605675697327, 0.12839077413082123, 0.9913867115974426, 0.025851674377918243, -0.7268209457397461, 0.07632890343666077, 0.6825725436210632),
        }},
        {Time = 0.133, Data = {
            ["LeftLowerArm"] = CFrame.new(1.1920928955078125e-07, -1.1920928955078125e-07, 1.1920928955078125e-07, 1, -2.2351738238057806e-08, -7.078050856534901e-08, 1.4156104555240745e-07, 0.9577968120574951, -0.2874460816383362, -2.980232594040899e-08, 0.28744611144065857, 0.9577968120574951),
            ["LeftFoot"] = CFrame.new(0, 0, -7.450580596923828e-09, 0.9014931321144104, -0.05438104271888733, 0.42936334013938904, 0.22424887120723724, 0.9072074890136719, -0.35593146085739136, -0.37016561627388, 0.41715386509895325, 0.8300361037254333),
            ["RightHand"] = CFrame.new(-2.9802322387695312e-08, 1.1920928955078125e-07, 2.2351741790771484e-07, 0.9712130427360535, -0.22960028052330017, -0.06347481161355972, 0.2087726593017578, 0.948727011680603, -0.2373422086238861, 0.11471410095691681, 0.21725791692733765, 0.9693501591682434),
            ["HumanoidRootPart"] = CFrame.new(0, 0, 0, 1, 0, 0, 0, 1, 0, 0, 0, 1),
            ["RightLowerLeg"] = CFrame.new(-7.450580596923828e-08, 5.960464477539062e-07, -7.281050784513354e-08, 1, -1.4901170075631853e-08, -5.587936779960501e-09, 3.725290742551124e-09, 0.999987006187439, 0.0051161362789571285, -1.4901162970204496e-08, -0.005116141866892576, 0.999987006187439),
            ["LeftUpperLeg"] = CFrame.new(0, 8.940696716308594e-08, 0, 0.8798134326934814, 0.12436790019273758, -0.45876044034957886, -0.18198131024837494, 0.979759156703949, -0.08339636027812958, 0.4391029179096222, 0.15685905516147614, 0.8846377730369568),
            ["LeftLowerLeg"] = CFrame.new(-2.2351741790771484e-08, 0, -7.450580596923828e-09, 1, 4.4703497792397684e-08, 5.960465188081798e-08, -5.587936158235607e-08, 0.8518839478492737, 0.5237305164337158, 4.377216455964117e-08, -0.5237305760383606, 0.8518840670585632),
            ["RightUpperArm"] = CFrame.new(1.1920928955078125e-07, -3.5762786865234375e-07, -3.725290298461914e-08, 0.40999507904052734, -0.9046236276626587, 0.1164480671286583, 0.08352488279342651, -0.0898972749710083, -0.9924425482749939, 0.9082553386688232, 0.41662275791168213, 0.03870111703872681),
            ["Head"] = CFrame.new(4.470348358154297e-08, -3.5762786865234375e-07, -2.9802322387695312e-08, 0.8114435076713562, -0.14830070734024048, -0.5653021335601807, 0.04790060594677925, 0.980891227722168, -0.18856845796108246, 0.5824647545814514, 0.1259344220161438, 0.8030413389205933),
            ["UpperTorso"] = CFrame.new(2.60770320892334e-08, 0, 1.862645149230957e-08, 0.9700985550880432, 0.2411952018737793, 0.02708611637353897, -0.24197348952293396, 0.9698033332824707, 0.03050290048122406, -0.018910983577370644, -0.03614491969347, 0.9991676211357117),
            ["LeftUpperArm"] = CFrame.new(0, 1.1920928955078125e-07, 9.685754776000977e-08, 0.889931321144104, 0.368131548166275, -0.26926136016845703, -0.28215134143829346, 0.9081964492797852, 0.30914369225502014, 0.35834765434265137, -0.19914419949054718, 0.912101149559021),
            ["RightLowerArm"] = CFrame.new(5.960464477539063e-08, -1.1920928955078125e-07, -1.4901161193847656e-08, 1, -4.0046870708465576e-08, -2.4214383387288763e-08, 4.889443960820472e-09, 0.9865487813949585, -0.16346697509288788, -4.284084198502569e-08, 0.16346703469753265, 0.9865487813949585),
            ["LeftHand"] = CFrame.new(-2.086162567138672e-07, 1.1920928955078125e-07, -1.1920928955078125e-07, 0.9990993142127991, -0.04243019223213196, 0.0005428027943708003, 0.041916605085134506, 0.9848567247390747, -0.1682271957397461, 0.006603592075407505, 0.16809827089309692, 0.9857481122016907),
            ["Sign"] = CFrame.new(-8.940696716308594e-08, -1.043081283569336e-07, 0, 0.9934399724006653, 0.03601289540529251, 0.10853598266839981, -0.05292953923344612, 0.9861369729042053, 0.15726518630981445, -0.10136786848306656, -0.16197845339775085, 0.9815741181373596),
            ["RightFoot"] = CFrame.new(2.9802322387695312e-08, 2.980232238769531e-07, -3.55576048605144e-08, 0.9631435871124268, 0.08468414843082428, 0.25531005859375, -0.051417797803878784, 0.98960942029953, -0.13427388668060303, -0.2640281319618225, 0.11619764566421509, 0.957490086555481),
            ["RightUpperLeg"] = CFrame.new(-8.940696716308594e-08, 5.587935447692871e-08, 5.418405635282397e-08, 0.39595016837120056, 0.1847413182258606, -0.8994966745376587, 0.07403483241796494, 0.9699423313140869, 0.23179912567138672, 0.915282666683197, -0.15837498009204865, 0.3703714907169342),
            ["LowerTorso"] = CFrame.new(0.08242703974246979, -0.028210997581481934, -0.14932504296302795, 0.6742843389511108, -0.10741937160491943, 0.7306174039840698, 0.12956249713897705, 0.9912260174751282, 0.026162706315517426, -0.727017343044281, 0.07701951265335083, 0.682285726070404),
        }},
        {Time = 0.167, Data = {
            ["LeftLowerArm"] = CFrame.new(0, -1.7881393432617188e-07, -1.7881393432617188e-07, 1, -2.9802318834981634e-08, -5.5879347371501353e-08, 6.705523247774181e-08, 0.9577499032020569, -0.2876022160053253, 1.4901162970204496e-08, 0.2876023054122925, 0.9577499628067017),
            ["LeftFoot"] = CFrame.new(2.60770320892334e-08, -5.960464477539063e-08, 2.9802322387695312e-08, 0.9013085961341858, -0.05730210244655609, 0.42937079071998596, 0.2268342524766922, 0.9068795442581177, -0.35512787103652954, -0.36903810501098633, 0.4174758493900299, 0.830376386642456),
            ["RightHand"] = CFrame.new(-2.9802322387695312e-08, 1.1920928955078125e-07, 3.129243850708008e-07, 0.9693987369537354, -0.23485469818115234, -0.07148070633411407, 0.21044623851776123, 0.9449319243431091, -0.2506312429904938, 0.12640632688999176, 0.22791877388954163, 0.9654400944709778),
            ["HumanoidRootPart"] = CFrame.new(0, 0, 0, 1, 0, 0, 0, 1, 0, 0, 0, 1),
            ["RightLowerLeg"] = CFrame.new(2.9802322387695312e-08, 2.980232238769531e-07, -1.3205863069742918e-08, 1, 1.1175873559921001e-08, -9.313229298868464e-09, 0, 0.999987006187439, 0.005116766318678856, -9.313226634333205e-09, -0.005116765853017569, 0.999987006187439),
            ["LeftUpperLeg"] = CFrame.new(0, -2.2351741790771484e-07, 4.6566128730773926e-09, 0.8789250254631042, 0.1285196840763092, -0.4593189060688019, -0.18581271171569824, 0.9791929721832275, -0.08157714456319809, 0.4392773509025574, 0.15704739093780518, 0.8845176696777344),
            ["LeftLowerLeg"] = CFrame.new(2.9802322387695312e-08, 0, 1.4901161193847656e-08, 1, 6.705523958316917e-08, -1.1175870895385742e-08, -4.0978189730367376e-08, 0.8523945212364197, 0.5228991508483887, 2.654268982382746e-08, -0.5228992104530334, 0.8523945212364197),
            ["RightUpperArm"] = CFrame.new(0, -3.5762786865234375e-07, -7.450580596923828e-09, 0.40510791540145874, -0.904776394367218, 0.13140498101711273, 0.08281449228525162, -0.10682227462530136, -0.9908232688903809, 0.9105105400085449, 0.41227254271507263, 0.03165401890873909),
            ["Head"] = CFrame.new(-7.450580596923828e-09, 1.1920928955078125e-07, -2.9802322387695312e-08, 0.8231983184814453, -0.15014725923538208, -0.5475403666496277, 0.051130324602127075, 0.9800840616226196, -0.19188806414604187, 0.5654470324516296, 0.1299661099910736, 0.8144806027412415),
            ["UpperTorso"] = CFrame.new(-9.313225746154785e-09, -2.086162567138672e-07, -1.3969838619232178e-08, 0.9696993827819824, 0.24264593422412872, 0.02839341014623642, -0.24345578253269196, 0.9694560766220093, 0.029739461839199066, -0.020310113206505775, -0.03575090691447258, 0.9991543889045715),
            ["LeftUpperArm"] = CFrame.new(1.1920928955078125e-07, 0, 5.21540641784668e-08, 0.8981961607933044, 0.3611973226070404, -0.2505597174167633, -0.2842513918876648, 0.9120000004768372, 0.2957317531108856, 0.3353278338909149, -0.19440320134162903, 0.921825647354126),
            ["RightLowerArm"] = CFrame.new(-1.1920928955078125e-07, 5.960464477539063e-08, 1.1175870895385742e-07, 1, -5.308537964765492e-08, -3.3527612686157227e-08, 1.6065316188473844e-08, 0.9900544285774231, -0.1406853049993515, -9.31322685637781e-10, 0.1406853199005127, 0.9900544285774231),
            ["LeftHand"] = CFrame.new(1.1920928955078125e-07, -1.1920928955078125e-07, -8.940696716308594e-08, 0.9993718862533569, -0.035436000674963, 0.000389164371881634, 0.03496965020895004, 0.9843191504478455, -0.1728958934545517, 0.005743894726037979, 0.17280086874961853, 0.9849400520324707),
            ["Sign"] = CFrame.new(-1.7881393432617188e-07, 2.086162567138672e-07, 1.1920928955078125e-07, 0.9933303594589233, 0.04325014725327492, 0.10688450187444687, -0.05893457308411598, 0.987192690372467, 0.14824751019477844, -0.09910379350185394, -0.15355798602104187, 0.9831573963165283),
            ["RightFoot"] = CFrame.new(1.862645149230957e-08, 4.172325134277344e-07, -9.480572771281004e-09, 0.9628086090087891, 0.0835414007306099, 0.2569442391395569, -0.04952678829431534, 0.9894534349441528, -0.13612112402915955, -0.26560622453689575, 0.11833331733942032, 0.9567919373512268),
            ["RightUpperLeg"] = CFrame.new(-5.960464477539063e-08, -3.5390257835388184e-07, -4.546745913103223e-08, 0.394133061170578, 0.1884404867887497, -0.899527370929718, 0.07261422276496887, 0.969309389591217, 0.23487511277198792, 0.9161802530288696, -0.15789060294628143, 0.36835339665412903),
            ["LowerTorso"] = CFrame.new(0.08625999093055725, -0.027985334396362305, -0.15249435603618622, 0.6739484667778015, -0.10819103568792343, 0.7308133840560913, 0.1305779069662094, 0.9910890460014343, 0.0263051837682724, -0.727147102355957, 0.07769974321126938, 0.682070255279541),
        }},
        {Time = 0.200, Data = {
            ["LeftLowerArm"] = CFrame.new(-5.960464477539063e-08, 2.384185791015625e-07, 1.1920928955078125e-07, 1, -1.4901159417490817e-08, 8.940694584680386e-08, 5.215405707303944e-08, 0.9573941230773926, -0.2887847125530243, 4.470347647611561e-08, 0.28878459334373474, 0.9573941230773926),
            ["LeftFoot"] = CFrame.new(-1.3969838619232178e-08, 0, -3.725290298461914e-08, 0.9011494517326355, -0.05983373522758484, 0.42935922741889954, 0.2291821986436844, 0.906459629535675, -0.35469233989715576, -0.3679744303226471, 0.418032169342041, 0.8305685520172119),
            ["RightHand"] = CFrame.new(-8.940696716308594e-08, -2.384185791015625e-07, 1.4901161193847656e-08, 0.9687700867652893, -0.2354010045528412, -0.07791733741760254, 0.20745354890823364, 0.9415767192840576, -0.265323281288147, 0.1358223557472229, 0.2408730536699295, 0.9610060453414917),
            ["HumanoidRootPart"] = CFrame.new(0, 0, 0, 1, 0, 0, 0, 1, 0, 0, 0, 1),
            ["RightLowerLeg"] = CFrame.new(-4.470348358154297e-08, 5.960464477539062e-07, 1.6596459317952394e-08, 1, -1.4901164746561335e-08, -1.4901168299275014e-08, 7.450580596923828e-09, 0.9999869465827942, 0.005117165390402079, 1.1175870895385742e-08, -0.005117201711982489, 0.9999869465827942),
            ["LeftUpperLeg"] = CFrame.new(0, -1.9371509552001953e-07, -3.725290298461914e-09, 0.878116250038147, 0.13186921179294586, -0.4599155783653259, -0.18906882405281067, 0.9786685109138489, -0.08038032054901123, 0.43950530886650085, 0.1575389802455902, 0.8843171000480652),
            ["LeftLowerLeg"] = CFrame.new(-1.862645149230957e-08, 0, -7.450580596923828e-09, 1, 5.5879375793210784e-08, 7.450582373280668e-09, -4.842877388000488e-08, 0.8523792028427124, 0.5229241251945496, 2.0954757928848267e-08, -0.5229241847991943, 0.8523792028427124),
            ["RightUpperArm"] = CFrame.new(-5.960464477539063e-08, 0, 2.2351741790771484e-08, 0.3989521563053131, -0.9048335552215576, 0.1487068235874176, 0.0846579447388649, -0.1251339316368103, -0.9885213971138, 0.9130554795265198, 0.4069618582725525, 0.02667887695133686),
            ["Head"] = CFrame.new(-2.9802322387695312e-08, 0, 2.2351741790771484e-08, 0.837881326675415, -0.1454717069864273, -0.5261110067367554, 0.054917894303798676, 0.9814093708992004, -0.18390144407749176, 0.5430827736854553, 0.1251947581768036, 0.830293595790863),
            ["UpperTorso"] = CFrame.new(-2.7939677238464355e-08, 8.940696716308594e-08, 1.1175870895385742e-08, 0.9694479703903198, 0.24349531531333923, 0.029675889760255814, -0.2443285435438156, 0.9692677855491638, 0.0286971777677536, -0.02177625335752964, -0.035071082413196564, 0.9991475939750671),
            ["LeftUpperArm"] = CFrame.new(0, -1.1920928955078125e-07, 3.725290298461914e-08, 0.9051058292388916, 0.35557669401168823, -0.2331279218196869, -0.2872437834739685, 0.9156131744384766, 0.2813247740268707, 0.31348758935928345, -0.18766413629055023, 0.9308640956878662),
            ["RightLowerArm"] = CFrame.new(0, -5.364418029785156e-07, -4.470348358154297e-08, 1, -7.264315371457997e-08, 7.264314660915261e-08, 2.9162034564933492e-08, 0.9939779043197632, -0.10958129912614822, 2.9802318834981634e-08, 0.10958133637905121, 0.9939778447151184),
            ["LeftHand"] = CFrame.new(1.1920928955078125e-07, 2.980232238769531e-07, 1.4901161193847656e-07, 0.9995297193527222, -0.03066590055823326, -0.0002826191484928131, 0.030120141804218292, 0.9833943843841553, -0.17896494269371033, 0.005765886511653662, 0.1788722425699234, 0.9838554859161377),
            ["Sign"] = CFrame.new(-8.940696716308594e-08, 2.5331974029541016e-07, -4.76837158203125e-07, 0.9929537177085876, 0.0462225116789341, 0.10911701619625092, -0.061492886394262314, 0.9880954027175903, 0.1410181075334549, -0.10129985213279724, -0.14673449099063873, 0.9839752912521362),
            ["RightFoot"] = CFrame.new(-3.725290298461914e-08, 3.5762786865234375e-07, -9.480572771281004e-09, 0.9632817506790161, 0.08221341669559479, 0.255595862865448, -0.04787547141313553, 0.9893049001693726, -0.13778190314769745, -0.26419010758399963, 0.1204862892627716, 0.9569153189659119),
            ["RightUpperLeg"] = CFrame.new(-1.1920928955078125e-07, -7.078051567077637e-08, 2.438173396512866e-08, 0.3950933516025543, 0.19159817695617676, -0.8984383344650269, 0.07077505439519882, 0.9687526226043701, 0.23771685361862183, 0.9159106016159058, -0.15750743448734283, 0.36918747425079346),
            ["LowerTorso"] = CFrame.new(0.08963009715080261, -0.02796196937561035, -0.1551235318183899, 0.6736234426498413, -0.1087661013007164, 0.7310277223587036, 0.13144546747207642, 0.990973949432373, 0.026318613439798355, -0.727292001247406, 0.07836144417524338, 0.6818401217460632),
        }},
        {Time = 0.233, Data = {
            ["LeftLowerArm"] = CFrame.new(-1.7881393432617188e-07, -5.960464477539063e-08, 5.960464477539063e-08, 1, -5.215407838932151e-08, 3.1664949773357876e-08, 4.4703490686970326e-08, 0.9567716121673584, -0.2908402979373932, 2.980232594040899e-08, 0.29084062576293945, 0.9567715525627136),
            ["LeftFoot"] = CFrame.new(-1.6763806343078613e-08, 0, -7.450580596923828e-09, 0.9009923934936523, -0.062029480934143066, 0.4293772876262665, 0.23123493790626526, 0.9060838222503662, -0.35432010889053345, -0.3670736849308014, 0.41852664947509766, 0.8307179808616638),
            ["RightHand"] = CFrame.new(-2.9802322387695312e-08, -2.384185791015625e-07, 3.129243850708008e-07, 0.9681372046470642, -0.23574380576610565, -0.08447097986936569, 0.20442527532577515, 0.9388278126716614, -0.27715131640434265, 0.1446402221918106, 0.2510523796081543, 0.9571059346199036),
            ["HumanoidRootPart"] = CFrame.new(0, 0, 0, 1, 0, 0, 0, 1, 0, 0, 0, 1),
            ["RightLowerLeg"] = CFrame.new(-7.450580596923828e-08, 5.960464477539063e-08, 4.639878170564771e-08, 1, 0, 7.450582373280668e-09, 2.2351741790771484e-08, 0.9999869465827942, 0.005117421504110098, 3.3527612686157227e-08, -0.005117433145642281, 0.9999869465827942),
            ["LeftUpperLeg"] = CFrame.new(0, -4.0978193283081055e-08, -5.587935447692871e-08, 0.8774100542068481, 0.1346900910139084, -0.4604458510875702, -0.19182443618774414, 0.9782133102416992, -0.07938636839389801, 0.4397216737270355, 0.15797914564609528, 0.8841308951377869),
            ["LeftLowerLeg"] = CFrame.new(1.862645149230957e-08, -1.1920928955078125e-07, -3.725290298461914e-08, 1, 5.215407838932151e-08, 6.33299421792799e-08, -3.3527612686157227e-08, 0.8523306250572205, 0.5230032801628113, 3.166496753692627e-08, -0.5230032801628113, 0.85233074426651),
            ["RightUpperArm"] = CFrame.new(0, 4.76837158203125e-07, 1.564621925354004e-07, 0.39265161752700806, -0.9051884412765503, 0.16266176104545593, 0.08884114027023315, -0.13870717585086823, -0.9863404631614685, 0.9153862595558167, 0.40173906087875366, 0.02595430798828602),
            ["Head"] = CFrame.new(2.2351741790771484e-08, 1.1920928955078125e-07, 2.2351741790771484e-08, 0.8564027547836304, -0.1356588751077652, -0.49816784262657166, 0.05950189009308815, 0.9843679666519165, -0.16576869785785675, 0.5128684639930725, 0.11232289671897888, 0.8510873913764954),
            ["UpperTorso"] = CFrame.new(2.60770320892334e-08, 1.1920928955078125e-07, 7.450580596923828e-09, 0.9692955613136292, 0.24394463002681732, 0.030936993658542633, -0.24479621648788452, 0.9691824316978455, 0.027573809027671814, -0.023257063701748848, -0.03430042415857315, 0.9991409778594971),
            ["LeftUpperArm"] = CFrame.new(0, 1.1920928955078125e-07, 3.725290298461914e-08, 0.9102990627288818, 0.35156792402267456, -0.2185310572385788, -0.2906314432621002, 0.9187179207801819, 0.26737746596336365, 0.2947695851325989, -0.17988145351409912, 0.9384846687316895),
            ["RightLowerArm"] = CFrame.new(-2.9802322387695312e-08, -1.1920928955078125e-07, -3.427267074584961e-07, 1, -4.4703494239684005e-08, -2.9802311729554276e-08, -2.5611377463263807e-09, 0.9966912269592285, -0.0812816247344017, 1.862645593320167e-09, 0.08128168433904648, 0.9966912269592285),
            ["LeftHand"] = CFrame.new(0, 5.960464477539063e-08, -8.940696716308594e-08, 0.9996182918548584, -0.027597002685070038, -0.001311376690864563, 0.026873182505369186, 0.9822282195091248, -0.1857571303844452, 0.006414557807147503, 0.1856507956981659, 0.982594907283783),
            ["Sign"] = CFrame.new(1.9371509552001953e-07, 4.470348358154297e-08, 2.384185791015625e-07, 0.992561936378479, 0.04929013177752495, 0.11131587624549866, -0.06447840481996536, 0.9884346127510071, 0.13725709915161133, -0.10326319932937622, -0.1434137225151062, 0.9842607975006104),
            ["RightFoot"] = CFrame.new(-4.0978193283081055e-08, 3.5762786865234375e-07, 6.875052349641919e-08, 0.9643186926841736, 0.08072196692228317, 0.25213783979415894, -0.046429987996816635, 0.9891873002052307, -0.1391141265630722, -0.2606412172317505, 0.1224437952041626, 0.957639753818512),
            ["RightUpperLeg"] = CFrame.new(0, -3.725290298461914e-08, -1.287116901949048e-08, 0.39805474877357483, 0.19427932798862457, -0.8965535163879395, 0.06868214160203934, 0.9682628512382507, 0.24031205475330353, 0.9147870540618896, -0.15723448991775513, 0.37207791209220886),
            ["LowerTorso"] = CFrame.new(0.09256371855735779, -0.028087258338928223, -0.15730100870132446, 0.6733338236808777, -0.1091892346739769, 0.7312313914299011, 0.1321805864572525, 0.9908782243728638, 0.026245523244142532, -0.7274268865585327, 0.07898260653018951, 0.6816244721412659),
        }},
        {Time = 0.267, Data = {
            ["LeftLowerArm"] = CFrame.new(2.9802322387695312e-08, 2.980232238769531e-07, 1.1920928955078125e-07, 1, -1.4901166522918174e-08, 9.313223969797946e-09, 7.450581485102248e-09, 0.9559301733970642, -0.2935943305492401, 4.4703490686970326e-08, 0.2935945391654968, 0.9559301733970642),
            ["LeftFoot"] = CFrame.new(5.587935447692871e-09, 5.960464477539063e-08, 3.725290298461914e-08, 0.9008501768112183, -0.06385461241006851, 0.4294084310531616, 0.2330762892961502, 0.905620276927948, -0.35429856181144714, -0.36625751852989197, 0.41925472021102905, 0.8307111859321594),
            ["RightHand"] = CFrame.new(-2.9802322387695312e-08, 1.1920928955078125e-07, -3.725290298461914e-08, 0.9675253033638, -0.23601391911506653, -0.09051129966974258, 0.20163904130458832, 0.936558723449707, -0.28670457005500793, 0.15243524312973022, 0.2591431438922882, 0.9537338614463806),
            ["HumanoidRootPart"] = CFrame.new(0, 0, 0, 1, 0, 0, 0, 1, 0, 0, 0, 1),
            ["RightLowerLeg"] = CFrame.new(1.4901161193847656e-08, 2.384185791015625e-07, 1.6596459317952394e-08, 1, 1.1175874448099421e-08, -2.7939684343891713e-08, -1.4901161193847656e-08, 0.9999869465827942, 0.005117559339851141, 9.313225746154785e-09, -0.005117563530802727, 0.9999869465827942),
            ["LeftUpperLeg"] = CFrame.new(-5.960464477539063e-08, -2.8870999813079834e-07, 0, 0.8768206238746643, 0.1367962658405304, -0.4609474539756775, -0.19408628344535828, 0.9777973890304565, -0.07901114970445633, 0.4399046003818512, 0.15874215960502625, 0.8839032053947449),
            ["LeftLowerLeg"] = CFrame.new(-1.862645149230957e-08, -1.7881393432617188e-07, -7.450580596923828e-09, 1, 4.842878453814592e-08, -2.7939680791178034e-08, -3.911554458113642e-08, 0.851850688457489, 0.5237845778465271, 5.308537964765492e-08, -0.5237846374511719, 0.8518508672714233),
