return {
    ["Strategy"] = {
        {Time = 0.000, Data = {
            ["RightFoot"] = CFrame.new(3.706372808665037e-08, 2.384185791015625e-07, -3.1679519452154636e-08, 0.9995217323303223, 0.030011357739567757, 0.007462944369763136, -0.029712792485952377, 0.9988620281219482, -0.03730787709355354, -0.008574188686907291, 0.037068672478199005, 0.9992759823799133),
            ["LeftLowerArm"] = CFrame.new(1.1920928955078125e-07, -1.1920928955078125e-07, 2.9802322387695312e-08, 1, -3.352760202801619e-08, -4.0978189730367376e-08, 5.844047734626656e-08, 0.9556081295013428, -0.29464077949523926, 3.119929914419117e-08, 0.2946407198905945, 0.9556081295013428),
            ["RightUpperArm"] = CFrame.new(0, -2.384185791015625e-07, -1.1920928955078125e-07, 0.8602257966995239, 0.10233817994594574, 0.49953779578208923, 0.12004831433296204, 0.9114709496498108, -0.39345771074295044, -0.4955805540084839, 0.39843133091926575, 0.77178555727005),
            ["Head"] = CFrame.new(2.9802322387695312e-08, 1.1920928955078125e-07, -2.9802322387695312e-08, 0.858879566192627, -0.20966492593288422, 0.46729719638824463, 0.3416299819946289, 0.9142748117446899, -0.21769358217716217, -0.3815954327583313, 0.3466152846813202, 0.856879711151123),
            ["RightHand"] = CFrame.new(7.264316082000732e-08, -5.960464477539063e-08, 2.2351741790771484e-07, 0.9924183487892151, 0.12290392071008682, 0.0007720274152234197, -0.12122899293899536, 0.9778262376785278, 0.1707608550786972, 0.020232556387782097, -0.1695597767829895, 0.985312283039093),
            ["UpperTorso"] = CFrame.new(5.960464477539063e-08, -2.086162567138672e-07, 0, 0.9925687313079834, -0.11817851662635803, -0.0290028415620327, 0.1196894571185112, 0.9911441206932068, 0.05751447007060051, 0.021949099376797676, -0.060558393597602844, 0.9979233145713806),
            ["HumanoidRootPart"] = CFrame.new(0, 0, 0, 1, 0, 0, 0, 1, 0, 0, 0, 1),
            ["RightUpperLeg"] = CFrame.new(5.960464477539063e-08, -1.0289659257978201e-07, -4.360481398180127e-08, 0.9659503102302551, -0.2553006112575531, -0.04197269678115845, 0.21938498318195343, 0.8942115902900696, -0.39019981026649475, 0.13715068995952606, 0.367705374956131, 0.9197730422019958),
            ["LeftUpperArm"] = CFrame.new(0, -1.1920928955078125e-07, -7.450580596923828e-08, 0.6870421767234802, -0.030499663203954697, -0.7259771823883057, -0.19220411777496338, 0.9559021592140198, -0.2220555543899536, 0.700735867023468, 0.2920972406864166, 0.6508828401565552),
            ["RightLowerArm"] = CFrame.new(1.1920928955078125e-07, -1.1920928955078125e-07, 4.0978193283081055e-08, 1, -3.9115530370281704e-08, -1.2107191693644381e-08, 4.493631422519684e-08, 0.8278673887252808, -0.5609240531921387, 2.9802322387695312e-08, 0.5609238743782043, 0.8278672099113464),
            ["LeftHand"] = CFrame.new(1.4901161193847656e-08, -4.172325134277344e-07, 8.940696716308594e-08, 0.4208812415599823, 0.1281222254037857, 0.8980221152305603, -0.3966974914073944, 0.9162887334823608, 0.05519399046897888, -0.8157758116722107, -0.3794730305671692, 0.436474472284317),
            ["LeftFoot"] = CFrame.new(1.341104507446289e-07, -1.1920928955078125e-07, 2.384185791015625e-07, 0.9941223859786987, -0.09544171392917633, -0.05110325664281845, 0.09600246697664261, 0.9953436851501465, 0.008627296425402164, 0.05004177987575531, -0.013482585549354553, 0.998656153678894),
            ["LowerTorso"] = CFrame.new(0.011786919087171555, 0.11486959457397461, -0.23592232167720795, 0.840024471282959, 0.23445816338062286, -0.48927322030067444, -0.20500677824020386, 0.972115159034729, 0.11386188864707947, 0.502325713634491, 0.004657540936022997, 0.8646659255027771),
            ["RightLowerLeg"] = CFrame.new(-5.21540641784668e-08, 2.384185791015625e-07, 4.639878170564771e-08, 1, -2.458692165419052e-07, -4.330649616690607e-08, 1.7881397695873602e-07, 0.9037041664123535, 0.42815715074539185, 1.3969842171945857e-08, -0.4281575381755829, 0.9037042856216431),
            ["LeftUpperLeg"] = CFrame.new(1.1920928955078125e-07, -9.383074939250946e-08, 2.9802322387695312e-08, 0.9960068464279175, 0.03114832565188408, -0.08366703987121582, -0.0742025226354599, 0.8099347352981567, -0.5818070769309998, 0.04964253678917885, 0.5856924057006836, 0.8090120553970337),
            ["LeftLowerLeg"] = CFrame.new(-1.4901161193847656e-07, -1.7881393432617188e-07, -1.9371509552001953e-07, 1, 2.2351744632942427e-07, 1.043081283569336e-07, -1.3038513202445756e-07, 0.38642606139183044, 0.922320544719696, 1.6391273049976007e-07, -0.9223204255104065, 0.3864256739616394),
        }},
        {Time = 0.033, Data = {
            ["RightFoot"] = CFrame.new(5.431138561107218e-08, 4.172325134277344e-07, -2.6266206987202168e-09, 0.9976263046264648, 0.06689131259918213, 0.01634867489337921, -0.06527543812990189, 0.9942563772201538, -0.08481458574533463, -0.021928217262029648, 0.08354612439870834, 0.9962626695632935),
            ["LeftLowerArm"] = CFrame.new(3.5762786865234375e-07, 1.1920928955078125e-07, -1.1920928955078125e-07, 1, -1.1920928955078125e-07, -1.4901162970204496e-08, -2.0023440683303306e-08, 0.5283634662628174, -0.8490181565284729, 8.10250853078287e-08, 0.8490183353424072, 0.5283637046813965),
            ["RightUpperArm"] = CFrame.new(-5.960464477539063e-08, 2.384185791015625e-07, -2.9802322387695312e-08, 0.7865960597991943, 0.13533376157283783, 0.6024543046951294, 0.04749332740902901, 0.9595345854759216, -0.27755701541900635, -0.6156386137008667, 0.2469377964735031, 0.7483388185501099),
            ["Head"] = CFrame.new(1.4901161193847656e-08, -1.1920928955078125e-07, -2.2351741790771484e-08, 0.8271351456642151, -0.23763951659202576, 0.5092887282371521, 0.3787941336631775, 0.9051676392555237, -0.19283820688724518, -0.4151657819747925, 0.35241878032684326, 0.8387123942375183),
            ["RightHand"] = CFrame.new(-7.450580596923828e-09, 1.1920928955078125e-07, 2.682209014892578e-07, 0.9979413151741028, 0.05577835440635681, -0.03165603056550026, -0.04278931766748428, 0.9467178583145142, 0.3192090690135956, 0.04777436703443527, -0.31719735264778137, 0.9471555352210999),
            ["UpperTorso"] = CFrame.new(3.725290298461914e-08, 1.4901161193847656e-07, 2.2351741790771484e-08, 0.9928940534591675, -0.11636219173669815, -0.02492765337228775, 0.1169753447175026, 0.9928267598152161, 0.024735404178500175, 0.021870695054531097, -0.02747553586959839, 0.999383270740509),
            ["HumanoidRootPart"] = CFrame.new(0, 0, 0, 1, 0, 0, 0, 1, 0, 0, 0, 1),
            ["RightUpperLeg"] = CFrame.new(-5.960464477539063e-08, 2.831075107678771e-07, 2.8107024263590574e-08, 0.9545693397521973, -0.29745370149612427, 0.0178481824696064, 0.2667320668697357, 0.8262041807174683, -0.4962264597415924, 0.13285832107067108, 0.4784434139728546, 0.868009626865387),
            ["LeftUpperArm"] = CFrame.new(1.1920928955078125e-07, 2.384185791015625e-07, -6.705522537231445e-08, 0.7518632411956787, 0.0012818105751648545, -0.6593180298805237, -0.07175588607788086, 0.9942172169685364, -0.07989538460969925, 0.6554028391838074, 0.10737991333007812, 0.7476072907447815),
            ["RightLowerArm"] = CFrame.new(-1.7881393432617188e-07, -3.5762786865234375e-07, -8.195638656616211e-08, 1, -1.1734664440155029e-07, 9.685756197086448e-08, 7.450579886381092e-08, 0.4016837477684021, -0.9157785773277283, 7.4505797087454084e-09, 0.9157785177230835, 0.4016837477684021),
            ["LeftHand"] = CFrame.new(-7.636845111846924e-08, 5.960464477539063e-08, 2.2351741790771484e-08, 0.5867971777915955, 0.2040642946958542, 0.7835988402366638, -0.5649273991584778, 0.7964679598808289, 0.2156296670436859, -0.5801088809967041, -0.5692070722579956, 0.5826462507247925),
            ["LeftFoot"] = CFrame.new(-7.450580596923828e-08, 1.1920928955078125e-07, -2.9802322387695312e-08, 0.9896016120910645, -0.13431666791439056, -0.051456958055496216, 0.12739883363246918, 0.9845752120018005, -0.11992239952087402, 0.06677057594060898, 0.11211973428726196, 0.9914488196372986),
            ["LowerTorso"] = CFrame.new(0.004934776108711958, 0.1071019172668457, -0.3130684494972229, 0.812311053276062, 0.26359882950782776, -0.5202561020851135, -0.2231689691543579, 0.9646300077438354, 0.14030155539512634, 0.5388379693031311, 0.002136527094990015, 0.842406690120697),
            ["RightLowerLeg"] = CFrame.new(7.450580596923828e-08, 3.5762786865234375e-07, 1.6596459317952394e-08, 1, -1.1920928955078125e-07, -1.1548404188488348e-07, 1.7881389169360773e-07, 0.7869473695755005, 0.6170198321342468, -6.146727571376687e-08, -0.6170201301574707, 0.7869476675987244),
            ["LeftUpperLeg"] = CFrame.new(0, 7.799826562404633e-09, -8.940696716308594e-08, 0.9935093522071838, -0.019441086798906326, -0.11207647621631622, -0.045923784375190735, 0.8328664898872375, -0.5515652894973755, 0.10406799614429474, 0.5531324744224548, 0.8265680074691772),
            ["LeftLowerLeg"] = CFrame.new(-2.086162567138672e-07, 2.384185791015625e-07, -2.9802322387695312e-08, 1, -4.4703494239684005e-08, 4.4703490686970326e-08, 3.3527612686157227e-08, 0.471674382686615, 0.8817729949951172, 2.9802322387695312e-08, -0.8817729353904724, 0.4716741740703583),
        }},
        {Time = 0.067, Data = {
            ["RightFoot"] = CFrame.new(-1.563239493407309e-08, 1.7881393432617188e-07, -2.5182089302688837e-08, 0.9932406544685364, 0.1118130013346672, 0.031159592792391777, -0.10672968626022339, 0.9852863550186157, -0.13349071145057678, -0.04562712088227272, 0.12926287949085236, 0.9905601739883423),
            ["LeftLowerArm"] = CFrame.new(-2.384185791015625e-07, 5.960464477539063e-08, 5.960464477539063e-08, 1, 1.8160786652288152e-08, 5.960465188081798e-08, 1.1548399925231934e-07, 0.19570809602737427, -0.9806622266769409, 8.277129381895065e-08, 0.9806621670722961, 0.1957080066204071),
            ["RightUpperArm"] = CFrame.new(1.1920928955078125e-07, 3.5762786865234375e-07, -1.6367994248867035e-07, 0.6306336522102356, 0.24576953053474426, 0.7361375093460083, 0.033114850521087646, 0.9391469955444336, -0.34191614389419556, -0.7753739356994629, 0.24000078439712524, 0.5841190218925476),
            ["Head"] = CFrame.new(1.4901161193847656e-07, -1.1920928955078125e-07, -4.44706529378891e-08, 0.8013553619384766, -0.26179423928260803, 0.5378599166870117, 0.4027470350265503, 0.9009453654289246, -0.16153138875961304, -0.44229447841644287, 0.34606558084487915, 0.8274142742156982),
            ["RightHand"] = CFrame.new(-5.960464477539063e-08, -1.1920928955078125e-07, -4.023313522338867e-07, 0.9980623722076416, -0.060280535370111465, -0.015419092029333115, 0.062217939645051956, 0.9642578959465027, 0.257556676864624, -0.0006577111780643463, -0.25801724195480347, 0.9661401510238647),
            ["UpperTorso"] = CFrame.new(5.21540641784668e-08, -1.1920928955078125e-07, -4.470348358154297e-08, 0.9945297241210938, -0.10184931010007858, -0.023183675482869148, 0.10152047872543335, 0.9947211742401123, -0.01494614314287901, 0.02458367496728897, 0.012510806322097778, 0.9996195435523987),
            ["HumanoidRootPart"] = CFrame.new(0, 0, 0, 1, 0, 0, 0, 1, 0, 0, 0, 1),
            ["RightUpperLeg"] = CFrame.new(0, -2.5262124836444855e-08, -1.6596459317952394e-08, 0.9416359663009644, -0.32748278975486755, 0.07795436680316925, 0.31091931462287903, 0.7573021054267883, -0.5743018388748169, 0.12903906404972076, 0.5650208592414856, 0.8149236440658569),
            ["LeftUpperArm"] = CFrame.new(2.980232238769531e-07, -2.384185791015625e-07, 1.641456037759781e-07, 0.7142869234085083, -0.10914510488510132, -0.6912895441055298, 0.011406445875763893, 0.9894487261772156, -0.1444346010684967, 0.6997600197792053, 0.09528230130672455, 0.7079954147338867),
            ["RightLowerArm"] = CFrame.new(-1.4901161193847656e-07, 2.384185791015625e-07, 8.940696716308594e-08, 1, -1.899897767998482e-07, 6.332993507385254e-08, 1.266598843585598e-07, 0.1413554698228836, -0.9899589419364929, 7.078052277620372e-08, 0.9899589419364929, 0.14135557413101196),
            ["LeftHand"] = CFrame.new(4.470348358154297e-08, -5.960464477539063e-08, -1.2665987014770508e-07, 0.7651026248931885, 0.21261091530323029, 0.6077951192855835, -0.4791555404663086, 0.8185510635375977, 0.3168340027332306, -0.4301488399505615, -0.533639132976532, 0.7281492352485657),
            ["LeftFoot"] = CFrame.new(1.6391277313232422e-07, 5.960464477539063e-08, -5.960464477539063e-08, 0.9855524897575378, -0.16866113245487213, -0.015485431998968124, 0.15252575278282166, 0.9235668778419495, -0.3517959713935852, 0.07363612949848175, 0.3443511128425598, 0.9359487295150757),
            ["LowerTorso"] = CFrame.new(-0.0057387626729905605, 0.07648897171020508, -0.3953043222427368, 0.7980599403381348, 0.28272777795791626, -0.5321330428123474, -0.22965803742408752, 0.959152102470398, 0.16518059372901917, 0.5570976138114929, -0.00961538776755333, 0.8303913474082947),
            ["RightLowerLeg"] = CFrame.new(-1.1920928955078125e-07, 2.384185791015625e-07, 1.6596459317952394e-08, 1, -3.427267074584961e-07, -1.0803343286625022e-07, 3.352761552832817e-07, 0.6453902721405029, 0.7638529539108276, -1.7136336794010276e-07, -0.7638529539108276, 0.6453903317451477),
            ["LeftUpperLeg"] = CFrame.new(0, 1.4528632164001465e-07, -2.9802322387695312e-08, 0.9928558468818665, -0.03656980022788048, -0.11357782781124115, -0.024500636383891106, 0.869110107421875, -0.494011253118515, 0.11677758395671844, 0.49326491355895996, 0.8620052337646484),
            ["LeftLowerLeg"] = CFrame.new(8.940696716308594e-08, 5.960464477539063e-08, -1.4901161193847656e-07, 1, 2.53319797138829e-07, 1.1175869474300271e-07, -1.8998980522155762e-07, 0.6228891611099243, 0.7823103070259094, 1.4156103134155273e-07, -0.7823101878166199, 0.62288898229599),
        }},
        {Time = 0.100, Data = {
            ["RightFoot"] = CFrame.new(2.869273885153234e-08, 2.384185791015625e-07, 2.190063241869211e-09, 0.98951256275177, 0.1419639140367508, 0.026669442653656006, -0.13195127248764038, 0.9634900689125061, -0.23297177255153656, -0.058769118040800095, 0.22700940072536469, 0.9721178412437439),
            ["LeftLowerArm"] = CFrame.new(8.940696716308594e-08, 3.5762786865234375e-07, -1.043081283569336e-07, 1, -8.824280683938923e-08, 8.242202653718778e-08, -3.3527612686157227e-08, 0.03757624328136444, -0.9992937445640564, 5.3085386753082275e-08, 0.9992938041687012, 0.03757627308368683),
            ["RightUpperArm"] = CFrame.new(-2.384185791015625e-07, -1.1920928955078125e-07, 1.0058283805847168e-07, 0.45932838320732117, 0.41426071524620056, 0.7857516407966614, 0.1178162470459938, 0.8483615517616272, -0.516141414642334, -0.8804185390472412, 0.3296526372432709, 0.34087005257606506),
            ["Head"] = CFrame.new(0, 1.1920928955078125e-07, -5.960464477539063e-08, 0.782787024974823, -0.2807278037071228, 0.555370569229126, 0.41770726442337036, 0.8985642194747925, -0.13454784452915192, -0.46126481890678406, 0.33730462193489075, 0.820646345615387),
            ["RightHand"] = CFrame.new(5.960464477539063e-08, 0, 1.4901161193847656e-07, 0.9855981469154358, -0.15021543204784393, 0.07766503095626831, 0.1471432000398636, 0.9881402254104614, 0.04390576109290123, -0.08333904296159744, -0.03184540942311287, 0.9960123300552368),
            ["UpperTorso"] = CFrame.new(2.2351741790771484e-08, 2.9802322387695312e-08, 3.725290298461914e-08, 0.996738076210022, -0.0769890621304512, -0.024204730987548828, 0.07555760443210602, 0.9956046938896179, -0.055339448153972626, 0.028358908370137215, 0.053330112248659134, 0.9981741905212402),
            ["HumanoidRootPart"] = CFrame.new(0, 0, 0, 1, 0, 0, 0, 1, 0, 0, 0, 1),
            ["RightUpperLeg"] = CFrame.new(1.1920928955078125e-07, -2.277083694934845e-07, -9.110226528719068e-08, 0.9351241588592529, -0.33978185057640076, 0.10045505315065384, 0.3356362283229828, 0.7586157321929932, -0.5584356188774109, 0.11353950202465057, 0.5559231042861938, 0.8234430551528931),
            ["LeftUpperArm"] = CFrame.new(1.1920928955078125e-07, 0, -1.1920928955078125e-07, 0.6268579959869385, -0.2512950599193573, -0.7374955415725708, -0.005374407395720482, 0.9451417922973633, -0.3266165256500244, 0.7791150808334351, 0.20870555937290192, 0.5911192297935486),
            ["RightLowerArm"] = CFrame.new(-1.1920928955078125e-07, -2.384185791015625e-07, 2.384185791015625e-07, 1, -1.1548399925231934e-07, 1.1920927533992653e-07, 3.72529100900465e-08, 0.11965712904930115, -0.9928153157234192, 4.842878453814592e-08, 0.9928153157234192, 0.11965713649988174),
            ["LeftHand"] = CFrame.new(2.421438694000244e-08, 0, -4.470348358154297e-08, 0.9015317559242249, 0.11332212388515472, 0.41761070489883423, -0.2651543915271759, 0.907353937625885, 0.3261934220790863, -0.3419557809829712, -0.4048049747943878, 0.8480561375617981),
            ["LeftFoot"] = CFrame.new(-5.960464477539063e-08, 0, 9.685754776000977e-08, 0.9823747873306274, -0.18359632790088654, 0.035104624927043915, 0.17437545955181122, 0.8324843645095825, -0.5258927345275879, 0.06732815504074097, 0.5227449536323547, 0.8498262166976929),
            ["LowerTorso"] = CFrame.new(-0.018613949418067932, 0.031871795654296875, -0.4684889316558838, 0.7964556813240051, 0.2886302173137665, -0.5313671827316284, -0.22010751068592072, 0.956828773021698, 0.18981948494911194, 0.5632150769233704, -0.03422489017248154, 0.8256012797355652),
            ["RightLowerLeg"] = CFrame.new(-8.940696716308594e-08, 1.1920928955078125e-07, 7.620110409334302e-08, 1, -1.8626448650138627e-07, -2.2724276504959562e-07, 2.1606678046737215e-07, 0.6511441469192505, 0.7589540481567383, -1.5273685960437433e-07, -0.7589540481567383, 0.6511443257331848),
            ["LeftUpperLeg"] = CFrame.new(5.960464477539063e-08, 8.381903171539307e-08, -2.9802322387695312e-08, 0.9930542707443237, -0.02813044562935829, -0.11424578726291656, -0.02102513052523136, 0.912942111492157, -0.40754687786102295, 0.11576420068740845, 0.4071183204650879, 0.9060096740722656),
            ["LeftLowerLeg"] = CFrame.new(-5.960464477539063e-08, -1.1920928955078125e-07, 5.960464477539063e-08, 1, 1.5646214990283625e-07, -1.9371505288745539e-07, -3.166496043149891e-08, 0.7991302013397217, 0.6011581420898438, -3.7252894102834944e-09, -0.601158082485199, 0.7991301417350769),
        }},
        {Time = 0.133, Data = {
            ["RightFoot"] = CFrame.new(2.444721758365631e-09, 2.980232238769531e-07, -1.0804797057062387e-08, 0.9877524971961975, 0.1557699739933014, 0.00899161770939827, -0.14383138716220856, 0.9313585162162781, -0.33449026942253113, -0.060478370636701584, 0.3291004002094269, 0.9423563480377197),
            ["LeftLowerArm"] = CFrame.new(1.4901161193847656e-07, -5.960464477539063e-08, 1.1920928955078125e-07, 1, -1.2107190627830278e-07, 1.695007227908718e-07, 9.220094909778709e-08, 0.01977425627410412, -0.9998044967651367, 3.166497108963995e-08, 0.9998044371604919, 0.019774368032813072),
            ["RightUpperArm"] = CFrame.new(1.1920928955078125e-07, 0, -1.4784745872020721e-07, 0.3703610599040985, 0.6041858792304993, 0.7055438160896301, 0.19899319112300873, 0.6903167366981506, -0.6956037878990173, -0.9073227047920227, 0.3980230689048767, 0.1354374885559082),
            ["Head"] = CFrame.new(5.960464477539063e-08, 1.1920928955078125e-07, 1.4901161193847656e-08, 0.7720250487327576, -0.29213789105415344, 0.5644756555557251, 0.42845091223716736, 0.8951970338821411, -0.12268713116645813, -0.4694753587245941, 0.33656764030456543, 0.8162813186645508),
            ["RightHand"] = CFrame.new(2.9802322387695312e-08, 5.960464477539063e-08, -5.960464477539063e-08, 0.9613242149353027, -0.13618263602256775, 0.2393951714038849, 0.18374848365783691, 0.9646046757698059, -0.18914112448692322, -0.2051641047000885, 0.22581440210342407, 0.9523212313652039),
            ["UpperTorso"] = CFrame.new(-5.960464477539063e-08, 2.9802322387695312e-08, -4.842877388000488e-08, 0.9986315369606018, -0.04386986047029495, -0.028472088277339935, 0.041142892092466354, 0.9950763583183289, -0.09016869217157364, 0.03228765353560448, 0.08887391537427902, 0.9955193996429443),
            ["HumanoidRootPart"] = CFrame.new(0, 0, 0, 1, 0, 0, 0, 1, 0, 0, 0, 1),
            ["RightUpperLeg"] = CFrame.new(-1.1920928955078125e-07, -3.91155481338501e-08, 1.3205863069742918e-08, 0.9395325779914856, -0.33200347423553467, 0.08397864550352097, 0.32542479038238525, 0.7891590595245361, -0.5208901762962341, 0.10666520893573761, 0.5167220234870911, 0.8494828343391418),
            ["LeftUpperArm"] = CFrame.new(5.960464477539063e-08, 1.1920928955078125e-07, -1.4901161193847656e-08, 0.5593374371528625, -0.38441306352615356, -0.7344169020652771, -0.11464080959558487, 0.8415848016738892, -0.5278189182281494, 0.8209744691848755, 0.37942302227020264, 0.4266602098941803),
            ["RightLowerArm"] = CFrame.new(1.7881393432617188e-07, -1.7881393432617188e-07, -1.4901161193847656e-07, 1, -5.21540464148984e-08, -1.862645149230957e-09, 1.2014059791454201e-07, 0.21937602758407593, -0.9756404757499695, 9.49948883999241e-08, 0.9756404161453247, 0.21937605738639832),
            ["LeftHand"] = CFrame.new(1.0989606380462646e-07, -1.1920928955078125e-07, -2.9802322387695312e-08, 0.9533975124359131, -0.018672680482268333, 0.30113881826400757, -0.05691246688365936, 0.9690359234809875, 0.24027130007743835, -0.2963007688522339, -0.24621306359767914, 0.9228137135505676),
            ["LeftFoot"] = CFrame.new(1.1175870895385742e-07, -5.960464477539063e-08, -7.450580596923828e-09, 0.9812272191047668, -0.1840643584728241, 0.057562533766031265, 0.1878746747970581, 0.8449199795722961, -0.5008126497268677, 0.04354572296142578, 0.5022256374359131, 0.8636395335197449),
            ["LowerTorso"] = CFrame.new(-0.03207101672887802, -0.017908334732055664, -0.5184813737869263, 0.805330216884613, 0.27746281027793884, -0.5238870978355408, -0.18949972093105316, 0.9578307271003723, 0.21598652005195618, 0.5617234110832214, -0.07466402649879456, 0.8239490985870361),
            ["RightLowerLeg"] = CFrame.new(4.470348358154297e-08, 2.980232238769531e-07, 1.6596459317952394e-08, 1, -3.129244134925102e-07, -1.266598985694145e-07, 3.4272667903678666e-07, 0.7191501259803772, 0.6948546171188354, -1.378357268322361e-07, -0.6948547959327698, 0.7191502451896667),
            ["LeftUpperLeg"] = CFrame.new(-1.1920928955078125e-07, 3.3527612686157227e-08, -7.450580596923828e-08, 0.9929479360580444, 0.011826694011688232, -0.1179596558213234, -0.04548764228820801, 0.9568604826927185, -0.2869647145271301, 0.1094774678349495, 0.2903069257736206, 0.9506507515907288),
            ["LeftLowerLeg"] = CFrame.new(1.1920928955078125e-07, 0, -1.862645149230957e-08, 1, 1.4901159417490817e-08, -5.960465898624534e-08, -2.9802322387695312e-08, 0.949292004108429, 0.31439608335494995, 1.1827796697616577e-07, -0.3143959939479828, 0.949292004108429),
        }},
        {Time = 0.167, Data = {
            ["RightFoot"] = CFrame.new(4.0297891246154904e-08, 4.172325134277344e-07, -5.032779881730676e-08, 0.9858426451683044, 0.16765755414962769, -0.0023066378198564053, -0.15564976632595062, 0.9099467396736145, -0.38440871238708496, -0.06235010549426079, 0.37932562828063965, 0.9231602549552917),
            ["LeftLowerArm"] = CFrame.new(-1.7881393432617188e-07, 5.960464477539062e-07, -2.421438694000244e-07, 1, -1.1548399925231934e-07, 1.4528632164001465e-07, 5.2154071283894154e-08, 0.013926684856414795, -0.9999030232429504, 4.0978196835794733e-08, 0.9999030232429504, 0.013926709070801735),
            ["RightUpperArm"] = CFrame.new(-1.1920928955078125e-07, 5.960464477539062e-07, -4.0978193283081055e-08, 0.352056086063385, 0.7064936757087708, 0.6139407157897949, 0.22666874527931213, 0.5720548033714294, -0.7882733941078186, -0.9081177115440369, 0.4166775643825531, 0.04125533252954483),
            ["Head"] = CFrame.new(-2.9802322387695312e-08, 2.384185791015625e-07, -7.450580596923828e-08, 0.7693857550621033, -0.2934373617172241, 0.5673975348472595, 0.4363822937011719, 0.8901157379150391, -0.13139493763446808, -0.46649327874183655, 0.34869563579559326, 0.812893271446228),
            ["RightHand"] = CFrame.new(0, -5.960464477539063e-08, 2.9802322387695312e-08, 0.9137171506881714, -0.06503449380397797, 0.4011131525039673, 0.19513311982154846, 0.9360715746879578, -0.2927340269088745, -0.3564324975013733, 0.34574633836746216, 0.8679948449134827),
            ["UpperTorso"] = CFrame.new(3.725290298461914e-08, 1.1920928955078125e-07, 4.284083843231201e-08, 0.9993529319763184, -0.0035997056402266026, -0.0357879176735878, -0.0004025772213935852, 0.9937978982925415, -0.11120140552520752, 0.035966336727142334, 0.11114385724067688, 0.9931533336639404),
            ["HumanoidRootPart"] = CFrame.new(0, 0, 0, 1, 0, 0, 0, 1, 0, 0, 0, 1),
            ["RightUpperLeg"] = CFrame.new(1.1920928955078125e-07, -1.7508864402770996e-07, -7.992639439180493e-08, 0.9523521065711975, -0.3033909499645233, 0.03129629045724869, 0.2749547064304352, 0.8095924854278564, -0.5186133980751038, 0.13200533390045166, 0.5025076270103455, 0.8544359803199768),
            ["LeftUpperArm"] = CFrame.new(-2.384185791015625e-07, 4.76837158203125e-07, 5.960464477539063e-08, 0.5399453043937683, -0.46890103816986084, -0.6989928483963013, -0.2306578904390335, 0.7162330150604248, -0.658640444278717, 0.8094788789749146, 0.516857922077179, 0.2785709500312805),
            ["RightLowerArm"] = CFrame.new(-2.086162567138672e-07, 4.172325134277344e-07, -2.384185791015625e-07, 1, -1.4901161193847656e-07, 2.9802322387695312e-08, 1.2852252950779075e-07, 0.20299437642097473, -0.9791799783706665, 7.450581307466564e-08, 0.9791799187660217, 0.2029944658279419),
            ["LeftHand"] = CFrame.new(2.2724270820617676e-07, -4.172325134277344e-07, 0, 0.9648773670196533, -0.08476661890745163, 0.24864867329597473, 0.04688289761543274, 0.9868785738945007, 0.15450842678546906, -0.2584834694862366, -0.13742424547672272, 0.9561908841133118),
            ["LeftFoot"] = CFrame.new(4.470348358154297e-08, -5.960464477539063e-08, -3.5390257835388184e-08, 0.97789067029953, -0.2077324390411377, 0.02402273193001747, 0.2088349610567093, 0.9641433954238892, -0.16375498473644257, 0.010856260545551777, 0.16515113413333893, 0.9862085580825806),
            ["LowerTorso"] = CFrame.new(-0.04478643834590912, -0.062427639961242676, -0.5380175709724426, 0.8210198879241943, 0.24492235481739044, -0.5156933069229126, -0.135544553399086, 0.9610973596572876, 0.24066519737243652, 0.5545757412910461, -0.12769150733947754, 0.8222777247428894),
            ["RightLowerLeg"] = CFrame.new(4.470348358154297e-08, 2.980232238769531e-07, 7.620110409334302e-08, 1, -1.192093463942001e-07, -5.96046660916727e-08, 1.937150670983101e-07, 0.7565211653709412, 0.653968870639801, -7.450579886381092e-08, -0.6539692282676697, 0.7565215229988098),
            ["LeftUpperLeg"] = CFrame.new(5.960464477539063e-08, 1.4901161193847656e-08, 7.078051567077637e-08, 0.993660569190979, 0.08263912796974182, -0.0762212947010994, -0.09464583545923233, 0.9808089137077332, -0.17045901715755463, 0.06067178398370743, 0.17659243941307068, 0.9824123978614807),
            ["LeftLowerLeg"] = CFrame.new(-1.7881393432617188e-07, -1.7881393432617188e-07, -9.685754776000977e-08, 1, 1.4901162970204496e-08, -1.0617080192787398e-07, -4.0978193283081055e-08, 0.999984622001648, 0.005545017775148153, -1.043081283569336e-07, -0.005545065272599459, 0.9999846816062927),
        }},
        {Time = 0.200, Data = {
            ["RightFoot"] = CFrame.new(4.390312824398279e-08, 1.7881393432617188e-07, -8.01155692897737e-08, 0.984170138835907, 0.1771116405725479, -0.006380835548043251, -0.166542187333107, 0.9119270443916321, -0.37503665685653687, -0.060604702681303024, 0.37016284465789795, 0.9269881248474121),
            ["LeftLowerArm"] = CFrame.new(-5.960464477539063e-08, -5.960464477539062e-07, 2.2351741790771484e-08, 1, -4.656611096720553e-08, 8.381902460996571e-08, 1.3597309589385986e-07, -0.14597158133983612, -0.9892888069152832, 1.1548399925231934e-07, 0.9892887473106384, -0.14597146213054657),
            ["RightUpperArm"] = CFrame.new(-1.7881393432617188e-07, 0, -1.4901161193847656e-08, 0.3769490420818329, 0.6909957528114319, 0.6167936325073242, 0.17737296223640442, 0.599739134311676, -0.7802897095680237, -0.9090920686721802, 0.4035317897796631, 0.10350707918405533),
            ["Head"] = CFrame.new(7.450580596923828e-08, 0, 2.9802322387695312e-08, 0.7752708196640015, -0.2811514437198639, 0.5656051635742188, 0.42919647693634033, 0.8914694786071777, -0.1451641172170639, -0.46340659260749817, 0.35529717803001404, 0.8117994666099548),
            ["RightHand"] = CFrame.new(-4.842877388000488e-08, -1.7881393432617188e-07, 0, 0.8330557942390442, -0.005800091661512852, 0.5531588196754456, 0.13094758987426758, 0.9735936522483826, -0.186998188495636, -0.5374671220779419, 0.22821471095085144, 0.8118171095848083),
            ["UpperTorso"] = CFrame.new(-4.6566128730773926e-09, -5.960464477539063e-08, -6.798654794692993e-08, 0.9979594349861145, 0.04530807211995125, -0.04499107226729393, -0.049785248935222626, 0.9933338165283203, -0.10396868735551834, 0.03998054191470146, 0.10599642246961594, 0.9935625195503235),
            ["HumanoidRootPart"] = CFrame.new(0, 0, 0, 1, 0, 0, 0, 1, 0, 0, 0, 1),
            ["RightUpperLeg"] = CFrame.new(0, -1.564621925354004e-07, 3.183231456205249e-08, 0.9659198522567749, -0.25676092505455017, -0.032753974199295044, 0.2089470475912094, 0.8481476306915283, -0.48681291937828064, 0.15277478098869324, 0.46337834000587463, 0.8728920221328735),
            ["LeftUpperArm"] = CFrame.new(1.1920928955078125e-07, -3.5762786865234375e-07, 1.4901161193847656e-08, 0.5573827028274536, -0.4809420108795166, -0.676771342754364, -0.2631678581237793, 0.6707611680030823, -0.6934133768081665, 0.7874435782432556, 0.5646010041236877, 0.24730253219604492),
            ["RightLowerArm"] = CFrame.new(-1.1920928955078125e-07, -1.1920928955078125e-07, -2.9802322387695312e-08, 1, -1.3969837198146706e-07, 1.194421059835804e-07, 1.2898817658424377e-07, -0.1073881983757019, -0.9942172169685364, 1.2759119272232056e-07, 0.9942171573638916, -0.10738822817802429),
            ["LeftHand"] = CFrame.new(-3.725290298461914e-08, -2.384185791015625e-07, 1.7881393432617188e-07, 0.9814839363098145, -0.06378989666700363, 0.18061093986034393, 0.03295369818806648, 0.9850918650627136, 0.16884350776672363, -0.18868878483772278, -0.1597655713558197, 0.9689538478851318),
            ["LeftFoot"] = CFrame.new(-2.9802322387695312e-08, 0, 9.313225746154785e-08, 0.9811130166053772, -0.1934155374765396, 0.0027905155438929796, 0.19184505939483643, 0.9710975289344788, -0.14200392365455627, 0.024755967780947685, 0.1398571878671646, 0.9898622035980225),
            ["LowerTorso"] = CFrame.new(-0.056621335446834564, -0.08493196964263916, -0.5473397970199585, 0.8385833501815796, 0.1868070363998413, -0.5117432475090027, -0.06830903887748718, 0.9680118560791016, 0.2414269596338272, 0.5404737591743469, -0.16749995946884155, 0.8245192170143127),
            ["RightLowerLeg"] = CFrame.new(1.4901161193847656e-08, 1.1920928955078125e-07, 7.620110409334302e-08, 1, -5.2154071283894154e-08, -4.4703494239684005e-08, 7.078051567077637e-08, 0.8001999258995056, 0.5997329354286194, 1.862645149230957e-08, -0.5997333526611328, 0.8002002239227295),
            ["LeftUpperLeg"] = CFrame.new(5.960464477539063e-08, -2.60770320892334e-07, -2.60770320892334e-08, 0.9880024790763855, 0.1426798701286316, -0.05910763144493103, -0.1535836011171341, 0.9479395747184753, -0.27896708250045776, 0.016227472573518753, 0.2846981883049011, 0.9584798812866211),
            ["LeftLowerLeg"] = CFrame.new(-1.4901161193847656e-08, -5.960464477539063e-08, 1.1548399925231934e-07, 1, 4.560570943112907e-08, -5.215407838932151e-08, -1.4901162970204496e-08, 0.9824735522270203, 0.18640223145484924, -1.2945385208240623e-07, -0.18640221655368805, 0.982473611831665),
        }},
        {Time = 0.233, Data = {
            ["RightFoot"] = CFrame.new(3.66999302059412e-08, 5.364418029785156e-07, -4.1509338188916445e-08, 0.9822781085968018, 0.18742822110652924, 0.0006556521984748542, -0.1794203668832779, 0.9413092136383057, -0.285911500453949, -0.0542047880589962, 0.2807271182537079, 0.9582558274269104),
            ["LeftLowerArm"] = CFrame.new(-2.384185791015625e-07, -4.172325134277344e-07, 8.940696716308594e-08, 1, -3.5390257835388184e-08, 1.1362135410308838e-07, 5.215405707303944e-08, -0.503420352935791, -0.8640414476394653, 1.6763804921993142e-07, 0.8640416860580444, -0.5034207105636597),
            ["RightUpperArm"] = CFrame.new(-1.1920928955078125e-07, 2.384185791015625e-07, -3.725290298461914e-08, 0.48013824224472046, 0.5802621245384216, 0.657846987247467, 0.05404576286673546, 0.7289525866508484, -0.6824277639389038, -0.8755263686180115, 0.3632134795188904, 0.31863731145858765),
            ["Head"] = CFrame.new(2.9802322387695312e-08, 2.384185791015625e-07, -5.960464477539063e-08, 0.7880591154098511, -0.2527866065502167, 0.5613037347793579, 0.39626163244247437, 0.9060844779014587, -0.1482824981212616, -0.47110483050346375, 0.3392784595489502, 0.8142176866531372),
            ["RightHand"] = CFrame.new(-2.086162567138672e-07, -2.980232238769531e-07, -8.940696716308594e-08, 0.7417136430740356, -0.015458793379366398, 0.6705387234687805, -0.047647152096033096, 0.9959941506385803, 0.07566674798727036, -0.6690222024917603, -0.08807221055030823, 0.7380056381225586),
            ["UpperTorso"] = CFrame.new(-3.8300640881061554e-08, -1.7881393432617188e-07, -4.6566128730773926e-08, 0.9933773875236511, 0.10151787847280502, -0.05380979925394058, -0.10471161454916, 0.9926736950874329, -0.06028720736503601, 0.04729528725147247, 0.0655224397778511, 0.9967297315597534),
            ["HumanoidRootPart"] = CFrame.new(0, 0, 0, 1, 0, 0, 0, 1, 0, 0, 0, 1),
            ["RightUpperLeg"] = CFrame.new(-2.9802322387695312e-08, -2.4586915969848633e-07, -1.6596459317952394e-08, 0.9757621884346008, -0.2024819701910019, -0.08300179988145828, 0.15563488006591797, 0.9087458848953247, -0.3872449994087219, 0.1538374274969101, 0.36494097113609314, 0.9182330965995789),
            ["LeftUpperArm"] = CFrame.new(1.7881393432617188e-07, 0, -1.4901161193847656e-08, 0.6066261529922485, -0.4334726333618164, -0.6664129495620728, -0.1742650717496872, 0.7453750967979431, -0.6434652209281921, 0.7756523489952087, 0.5064755082130432, 0.3766249716281891),
            ["RightLowerArm"] = CFrame.new(-2.980232238769531e-07, 0.0000010728836059570312, -5.960464477539063e-08, 1, -6.519257311765614e-08, 1.6950069436916237e-07, 5.2154071283894154e-08, -0.5892812609672546, -0.8079278469085693, 1.6391278734317893e-07, 0.8079279065132141, -0.5892814993858337),
            ["LeftHand"] = CFrame.new(2.9569491744041443e-08, 1.1920928955078125e-07, 4.470348358154297e-08, 0.9976621866226196, 0.04326777905225754, 0.05289844423532486, -0.057646699249744415, 0.9485406875610352, 0.3113643229007721, -0.03670404478907585, -0.3136855363845825, 0.948817253112793),
            ["LeftFoot"] = CFrame.new(-9.313225746154785e-08, -5.960464477539063e-08, 1.1175870895385742e-08, 0.982970654964447, -0.18374942243099213, 0.0022326624020934105, 0.17893889546394348, 0.9543302059173584, -0.23923802375793457, 0.0418294332921505, 0.2355632185935974, 0.970958411693573),
            ["LowerTorso"] = CFrame.new(-0.06865254044532776, -0.07382142543792725, -0.5679024457931519, 0.8528034687042236, 0.10536504536867142, -0.5114923715591431, -0.0007224047440104187, 0.9796722531318665, 0.2006034553050995, 0.5222314596176147, -0.17070582509040833, 0.8355439901351929),
            ["RightLowerLeg"] = CFrame.new(-1.4901161193847656e-08, 2.384185791015625e-07, -4.300818545743823e-08, 1, 1.1175875158642157e-07, -1.3411046495548362e-07, 3.539026138810186e-08, 0.8563308715820312, 0.5164274573326111, -1.8998983364326705e-07, -0.5164275169372559, 0.856330931186676),
            ["LeftUpperLeg"] = CFrame.new(2.9802322387695312e-08, -2.086162567138672e-07, 1.4901161193847656e-08, 0.9765364527702332, 0.1878628134727478, -0.1052817851305008, -0.21283116936683655, 0.9164977669715881, -0.33872511982917786, 0.0328565277159214, 0.3531847894191742, 0.9349765181541443),
            ["LeftLowerLeg"] = CFrame.new(8.940696716308594e-08, 0, 1.6391277313232422e-07, 1, 9.313224325069314e-08, -7.82310962677002e-08, -5.21540641784668e-08, 0.9215236902236938, 0.3883224129676819, -9.12696123123169e-08, -0.3883221745491028, 0.9215235710144043),
        }},
        {Time = 0.267, Data = {
            ["RightFoot"] = CFrame.new(-1.5068508218973875e-08, 4.172325134277344e-07, -1.070293365046382e-08, 0.9787733554840088, 0.2031550258398056, 0.027037130668759346, -0.19620943069458008, 0.9669663310050964, -0.16272126138210297, -0.059201497584581375, 0.153962180018425, 0.9863016605377197),
            ["LeftLowerArm"] = CFrame.new(-1.4901161193847656e-07, -2.384185791015625e-07, 2.682209014892578e-07, 1, -4.284084198502569e-08, 1.2502998458785441e-07, 8.009374141693115e-08, -0.7971767783164978, -0.6037457585334778, 1.5692785382270813e-07, 0.6037459969520569, -0.7971768975257874),
            ["RightUpperArm"] = CFrame.new(-1.7881393432617188e-07, 3.5762786865234375e-07, -2.9802322387695312e-08, 0.8503084778785706, 0.34280872344970703, 0.3993220329284668, -0.08125704526901245, 0.8351738452911377, -0.5439504981040955, -0.5199738144874573, 0.43007785081863403, 0.7380107641220093),
            ["Head"] = CFrame.new(-2.9802322387695312e-08, 2.384185791015625e-07, 7.450580596923828e-08, 0.8023238778114319, -0.21407414972782135, 0.55717933177948, 0.3476007878780365, 0.9264267683029175, -0.14459319412708282, -0.4852321743965149, 0.3096865117549896, 0.8177065253257751),
            ["RightHand"] = CFrame.new(9.685754776000977e-08, -1.1920928955078125e-07, 7.450580596923828e-09, 0.8525421023368835, -0.021863868460059166, 0.5222015976905823, -0.12697015702724457, 0.9605306386947632, 0.24750646948814392, -0.5070015788078308, -0.27731359004974365, 0.8161163926124573),
            ["UpperTorso"] = CFrame.new(-7.450580596923828e-09, -5.960464477539063e-08, 1.862645149230957e-08, 0.9869856834411621, 0.1475139856338501, -0.06402323395013809, -0.147955983877182, 0.9889915585517883, -0.002192365238443017, 0.06299492716789246, 0.011636458337306976, 0.9979460835456848),
            ["HumanoidRootPart"] = CFrame.new(0, 0, 0, 1, 0, 0, 0, 1, 0, 0, 0, 1),
            ["RightUpperLeg"] = CFrame.new(1.1920928955078125e-07, -6.05359673500061e-08, -1.6952981241047382e-09, 0.9792570471763611, -0.1744384914636612, -0.10308708995580673, 0.13168925046920776, 0.9345784783363342, -0.3304862678050995, 0.1539924293756485, 0.31005537509918213, 0.9381641745567322),
            ["LeftUpperArm"] = CFrame.new(-2.384185791015625e-07, 3.5762786865234375e-07, -1.1920928955078125e-07, 0.7459682822227478, -0.38563331961631775, -0.5429717898368835, -0.009638600051403046, 0.8089588284492493, -0.5877865552902222, 0.6659117341041565, 0.44370320439338684, 0.5997405052185059),
            ["RightLowerArm"] = CFrame.new(1.1920928955078125e-07, -1.1920928955078125e-07, 1.4901161193847656e-08, 1, -1.1175870895385742e-07, 1.9371505288745539e-07, 7.078052277620372e-08, -0.7842200398445129, -0.6204828023910522, 7.823110337312755e-08, 0.6204828023910522, -0.7842200398445129),
            ["LeftHand"] = CFrame.new(2.0116567611694336e-07, 2.384185791015625e-07, 1.1920928955078125e-07, 0.9847092032432556, 0.1729612648487091, -0.02079007215797901, -0.1413622349500656, 0.8630893230438232, 0.484864741563797, 0.10180612653493881, -0.47451165318489075, 0.8743420243263245),
            ["LeftFoot"] = CFrame.new(-1.7881393432617188e-07, 5.960464477539063e-08, 3.725290298461914e-08, 0.9860756993293762, -0.16628803312778473, 0.001777671161107719, 0.16152836382389069, 0.9552007913589478, -0.2479921579360962, 0.03954031690955162, 0.24482619762420654, 0.9687604308128357),
