return {
    Streets = {
        [1] = {Time = 0.000, Data = {
            ["LeftLowerArm"] = CFrame.new(2.086162567138672e-07, -1.1920928955078125e-07, -1.1920928955078125e-07, 1, -1.1175869119028903e-08, -2.0489096641540527e-08, 3.352760913344355e-08, 0.95021653175354, -0.31159040331840515, -1.303851426825986e-08, 0.31159037351608276, 0.95021653175354),
            ["LeftFoot"] = CFrame.new(3.259629011154175e-08, 5.960464477539063e-08, -2.2351741790771484e-08, 0.9980339407920837, -0.06050631403923035, 0.016350628808140755, 0.06264466792345047, 0.9713068008422852, -0.22943156957626343, -0.001999348634853959, 0.23000478744506836, 0.9731875061988831),
            ["RightHand"] = CFrame.new(4.470348358154297e-08, -1.1920928955078125e-07, 3.725290298461914e-08, 0.999755859375, -0.011966314166784286, 0.018575394526124, 0.01416105218231678, 0.992315948009491, -0.12291671335697174, -0.016961773857474327, 0.12314974516630173, 0.9922431111335754),
            ["HumanoidRootPart"] = CFrame.new(0, 0, 0, 1, 0, 0, 0, 1, 0, 0, 0, 1),
            ["CamPart"] = CFrame.new(0.07375997304916382, -1.1280465126037598, -61.02109146118164, -0.9972131252288818, -0.0714423805475235, 0.021494437009096146, -0.07459890097379684, 0.958757758140564, -0.2742599844932556, -0.0010141723323613405, -0.27509909868240356, -0.9614153504371643),
            ["RightLowerLeg"] = CFrame.new(0, -0.000003635883331298828, -0.000013245437003206462, 1, -1.415610029198433e-07, -2.477317480042984e-07, 2.1606686573250045e-07, 0.8413470387458801, 0.5404948592185974, -1.4901162970204496e-08, -0.5404954552650452, 0.841347336769104),
            ["RightFoot"] = CFrame.new(-6.705522537231445e-08, 2.980232238769531e-07, -2.438173396512866e-08, 0.9969865083694458, 0.07756400108337402, 0.0013292155927047133, -0.07671210169792175, 0.9882969856262207, -0.13184882700443268, -0.011540384031832218, 0.1313501000404358, 0.9912689924240112),
            ["LeftLowerLeg"] = CFrame.new(-2.9802322387695312e-08, 0.000004112720489501953, 0.000013224780559539795, 1, 0, -4.097820394122209e-08, -2.514570596190424e-08, 0.9561054706573486, 0.2930229604244232, 9.313224857976365e-09, -0.2930229604244232, 0.9561055302619934),
            ["RightUpperArm"] = CFrame.new(1.1920928955078125e-07, 0, -2.9802322387695312e-08, 0.9099893569946289, -0.22761860489845276, 0.3465675413608551, 0.20667444169521332, 0.9736115336418152, 0.0967792496085167, -0.35945093631744385, -0.016441402956843376, 0.9330191612243652),
            ["Head"] = CFrame.new(5.122274160385132e-09, 0, 7.450580596923828e-08, 0.9562667012214661, 0.04475315660238266, -0.28905239701271057, 0.020941924303770065, 0.975213885307312, 0.2202712893486023, 0.29174569249153137, -0.21669140458106995, 0.9316272139549255),
            ["UpperTorso"] = CFrame.new(-1.6763806343078613e-08, 0, -5.587935447692871e-09, 0.9873698949813843, -0.024663105607032776, -0.1565009504556656, 0.03179079294204712, 0.99856036901474, 0.04320531710982323, 0.1552100032567978, -0.04763492941856384, 0.9867324233055115),
            ["LeftUpperArm"] = CFrame.new(-1.1920928955078125e-07, 0, 4.0978193283081055e-08, 0.9924481511116028, 0.10896089673042297, -0.056340303272008896, -0.08551672846078873, 0.9438759684562683, 0.3190377354621887, 0.08794087916612625, -0.31181037425994873, 0.9460659027099609),
            ["RightLowerArm"] = CFrame.new(-1.1920928955078125e-07, 2.980232238769531e-07, 5.960464477539063e-08, 1, -2.607702853651972e-08, 3.9115551686563776e-08, 5.215405707303944e-08, 0.9552963376045227, -0.295649915933609, 3.7252898543727042e-09, 0.295649915933609, 0.9552963972091675),
            ["LeftHand"] = CFrame.new(1.7881393432617188e-07, 5.960464477539063e-08, 2.9802322387695312e-08, 0.9914638996124268, -0.12648648023605347, -0.031632378697395325, 0.12437547743320465, 0.9903213381767273, -0.061598338186740875, 0.039117589592933655, 0.05713830515742302, 0.9975996613502502),
            ["LowerTorso"] = CFrame.new(-0.04052111878991127, -0.060382962226867676, 0.0016511455178260803, 0.5640521049499512, 0.21356900036334991, -0.7976424694061279, -0.061146024614572525, 0.9741247892379761, 0.21758277714252472, 0.8234721422195435, -0.07395536452531815, 0.5625159740447998),
            ["RightUpperLeg"] = CFrame.new(0, -2.514570951461792e-07, -3.149762051180005e-08, 0.9886384010314941, -0.10006586462259293, 0.11216489970684052, 0.14779776334762573, 0.7830835580825806, -0.604099452495575, -0.027384763583540916, 0.6138134002685547, 0.7889758348464966),
            ["LeftUpperLeg"] = CFrame.new(-1.1920928955078125e-07, -1.0058283805847168e-07, 4.470348358154297e-08, 0.9376809597015381, 0.018115535378456116, 0.34702494740486145, 0.07264767587184906, 0.9663538336753845, -0.2467440664768219, -0.3398187458515167, 0.25657764077186584, 0.9048155546188354)
        }},
        [2] = {Time = 0.017, Data = {
            ["LeftLowerArm"] = CFrame.new(2.086162567138672e-07, -1.1920928955078125e-07, -1.1920928955078125e-07, 1, -1.1175869119028903e-08, -2.0489096641540527e-08, 3.352760913344355e-08, 0.95021653175354, -0.31159040331840515, -1.303851426825986e-08, 0.31159037351608276, 0.95021653175354),
            ["LeftFoot"] = CFrame.new(3.259629011154175e-08, 5.960464477539063e-08, -2.2351741790771484e-08, 0.9980339407920837, -0.06050631403923035, 0.016350628808140755, 0.06264466792345047, 0.9713068008422852, -0.22943156957626343, -0.001999348634853959, 0.23000478744506836, 0.9731875061988831),
            ["RightHand"] = CFrame.new(4.470348358154297e-08, -1.1920928955078125e-07, 3.725290298461914e-08, 0.999755859375, -0.011966314166784286, 0.018575394526124, 0.01416105218231678, 0.992315948009491, -0.12291671335697174, -0.016961773857474327, 0.12314974516630173, 0.9922431111335754),
            ["HumanoidRootPart"] = CFrame.new(0, 0, 0, 1, 0, 0, 0, 1, 0, 0, 0, 1),
            ["CamPart"] = CFrame.new(0.0737530067563057, -1.12807035446167, -61.012847900390625, -0.9972141981124878, -0.07143054902553558, 0.021487673744559288, -0.0745856761932373, 0.9587584137916565, -0.27426138520240784, -0.0010108448332175612, -0.2750999927520752, -0.9614151120185852),
            ["RightLowerLeg"] = CFrame.new(0, -0.000003635883331298828, -0.000013245437003206462, 1, -1.415610029198433e-07, -2.477317480042984e-07, 2.1606686573250045e-07, 0.8413470387458801, 0.5404948592185974, -1.4901162970204496e-08, -0.5404954552650452, 0.841347336769104),
            ["RightFoot"] = CFrame.new(-6.705522537231445e-08, 2.980232238769531e-07, -2.438173396512866e-08, 0.9969865083694458, 0.07756400108337402, 0.0013292155927047133, -0.07671210169792175, 0.9882969856262207, -0.13184882700443268, -0.011540384031832218, 0.1313501000404358, 0.9912689924240112),
            ["LeftLowerLeg"] = CFrame.new(-2.9802322387695312e-08, 0.000004112720489501953, 0.000013224780559539795, 1, 0, -4.097820394122209e-08, -2.514570596190424e-08, 0.9561054706573486, 0.2930229604244232, 9.313224857976365e-09, -0.2930229604244232, 0.9561055302619934),
            ["RightUpperArm"] = CFrame.new(1.1920928955078125e-07, 0, -2.9802322387695312e-08, 0.9099893569946289, -0.22761860489845276, 0.3465675413608551, 0.20667444169521332, 0.9736115336418152, 0.0967792496085167, -0.35945093631744385, -0.016441402956843376, 0.9330191612243652),
            ["Head"] = CFrame.new(5.122274160385132e-09, 0, 7.450580596923828e-08, 0.9562667012214661, 0.04475315660238266, -0.28905239701271057, 0.020941924303770065, 0.975213885307312, 0.2202712893486023, 0.29174569249153137, -0.21669140458106995, 0.9316272139549255),
            ["UpperTorso"] = CFrame.new(-1.6763806343078613e-08, 0, -5.587935447692871e-09, 0.9873698949813843, -0.024663105607032776, -0.1565009504556656, 0.03179079294204712, 0.99856036901474, 0.04320531710982323, 0.1552100032567978, -0.04763492941856384, 0.9867324233055115),
            ["LeftUpperArm"] = CFrame.new(-1.1920928955078125e-07, 0, 4.0978193283081055e-08, 0.9924481511116028, 0.10896089673042297, -0.056340303272008896, -0.08551672846078873, 0.9438759684562683, 0.3190377354621887, 0.08794087916612625, -0.31181037425994873, 0.9460659027099609),
            ["RightLowerArm"] = CFrame.new(-1.1920928955078125e-07, 2.980232238769531e-07, 5.960464477539063e-08, 1, -2.607702853651972e-08, 3.9115551686563776e-08, 5.215405707303944e-08, 0.9552963376045227, -0.295649915933609, 3.7252898543727042e-09, 0.295649915933609, 0.9552963972091675),
            ["LeftHand"] = CFrame.new(1.7881393432617188e-07, 5.960464477539063e-08, 2.9802322387695312e-08, 0.9914638996124268, -0.12648648023605347, -0.031632378697395325, 0.12437547743320465, 0.9903213381767273, -0.061598338186740875, 0.039117589592933655, 0.05713830515742302, 0.9975996613502502),
            ["LowerTorso"] = CFrame.new(-0.04052111878991127, -0.060382962226867676, 0.0016511455178260803, 0.5640521049499512, 0.21356900036334991, -0.7976424694061279, -0.061146024614572525, 0.9741247892379761, 0.21758277714252472, 0.8234721422195435, -0.07395536452531815, 0.5625159740447998),
            ["RightUpperLeg"] = CFrame.new(0, -2.514570951461792e-07, -3.149762051180005e-08, 0.9886384010314941, -0.10006586462259293, 0.11216489970684052, 0.14779776334762573, 0.7830835580825806, -0.604099452495575, -0.027384763583540916, 0.6138134002685547, 0.7889758348464966),
            ["LeftUpperLeg"] = CFrame.new(-1.1920928955078125e-07, -1.0058283805847168e-07, 4.470348358154297e-08, 0.9376809597015381, 0.018115535378456116, 0.34702494740486145, 0.07264767587184906, 0.9663538336753845, -0.2467440664768219, -0.3398187458515167, 0.25657764077186584, 0.9048155546188354)
        }},
        [3] = {Time = 0.033, Data = {
            ["LeftLowerArm"] = CFrame.new(2.384185791015625e-07, -3.5762786865234375e-07, 5.960464477539063e-08, 1, -2.6077035641947077e-08, -5.401672353855247e-08, 6.332994928470725e-08, 0.95021653175354, -0.3115904927253723, -1.862645504502325e-08, 0.3115905225276947, 0.9502165913581848),
            ["LeftFoot"] = CFrame.new(-3.4458935260772705e-08, 5.960464477539063e-08, 7.450580596923828e-09, 0.9980314373970032, -0.06054523587226868, 0.016360463574528694, 0.06268549710512161, 0.971225917339325, -0.22976264357566833, -0.001978606218472123, 0.2303358018398285, 0.973109245300293),
            ["RightHand"] = CFrame.new(-1.4901161193847656e-07, -1.1920928955078125e-07, 1.2665987014770508e-07, 0.999755859375, -0.011966300196945667, 0.01857541874051094, 0.014161044731736183, 0.992315948009491, -0.12291672080755234, -0.016961785033345222, 0.12314973026514053, 0.992243230342865),
            ["HumanoidRootPart"] = CFrame.new(0, 0, 0, 1, 0, 0, 0, 1, 0, 0, 0, 1),
            ["CamPart"] = CFrame.new(0.07373225688934326, -1.1281414031982422, -60.98826599121094, -0.997217059135437, -0.07139503955841064, 0.021468129009008408, -0.07454615086317062, 0.9587603211402893, -0.27426576614379883, -0.0010015752632170916, -0.2751028835773468, -0.9614142775535583),
            ["RightLowerLeg"] = CFrame.new(3.725290298461914e-08, -0.000003635883331298828, -0.000013290140486788005, 1, -1.303851746570217e-07, -3.632158041000366e-08, 1.1175873737556685e-07, 0.841132640838623, 0.5408287048339844, 6.332994928470725e-08, -0.5408289432525635, 0.8411327600479126),
            ["RightFoot"] = CFrame.new(-1.1175870895385742e-08, 2.980232238769531e-07, 5.420588422566652e-09, 0.9969890117645264, 0.07753228396177292, 0.0013086518738418818, -0.07668131589889526, 0.9882776737213135, -0.13201257586479187, -0.011528640985488892, 0.13151465356349945, 0.9912472367286682),
            ["LeftLowerLeg"] = CFrame.new(1.1175870895385742e-07, 0.000003933906555175781, 0.000013172626495361328, 1, 2.9802322387695312e-08, 9.033830394855613e-08, -3.073364851502447e-08, 0.9558881521224976, 0.29373109340667725, 1.5832485544819974e-08, -0.2937310039997101, 0.9558880925178528),
            ["RightUpperArm"] = CFrame.new(0, 1.1920928955078125e-07, 5.960464477539063e-08, 0.9099894165992737, -0.22761863470077515, 0.3465675115585327, 0.2066744565963745, 0.9736115336418152, 0.09677927941083908, -0.35945096611976624, -0.01644141972064972, 0.9330191612243652),
            ["Head"] = CFrame.new(1.4901161193847656e-08, -1.1920928955078125e-07, 0, 0.9562667012214661, 0.04475313052535057, -0.28905239701271057, 0.02094193361699581, 0.975213885307312, 0.2202713042497635, 0.29174569249153137, -0.21669135987758636, 0.9316272139549255),
            ["UpperTorso"] = CFrame.new(-1.30385160446167e-08, -2.9802322387695312e-08, -2.60770320892334e-08, 0.9873698353767395, -0.024663105607032776, -0.1565008908510208, 0.03179078549146652, 0.99856036901474, 0.04320532828569412, 0.15521001815795898, -0.04763491451740265, 0.9867324829101562),
            ["LeftUpperArm"] = CFrame.new(-1.1920928955078125e-07, 1.1920928955078125e-07, 2.2351741790771484e-08, 0.9924481511116028, 0.10896091163158417, -0.056340280920267105, -0.08551672101020813, 0.9438759684562683, 0.3190377652645111, 0.08794087916612625, -0.31181034445762634, 0.9460659623146057),
            ["RightLowerArm"] = CFrame.new(-2.384185791015625e-07, 5.364418029785156e-07, 1.7881393432617188e-07, 1, -1.1175868230850483e-08, -5.075708742197094e-08, 2.9802318834981634e-08, 0.9552963972091675, -0.295649915933609, 0, 0.2956498861312866, 0.9552964568138123),
            ["LeftHand"] = CFrame.new(-1.4901161193847656e-08, -2.980232238769531e-07, -2.9802322387695312e-08, 0.9914639592170715, -0.12648652493953705, -0.03163233399391174, 0.12437546253204346, 0.9903213381767273, -0.06159832328557968, 0.03911759331822395, 0.05713827162981033, 0.9975996613502502),
            ["LowerTorso"] = CFrame.new(-0.04048975557088852, -0.060480356216430664, 0.001709983334876597, 0.5640360713005066, 0.21356575191020966, -0.7976547479629517, -0.06114403158426285, 0.9741258025169373, 0.2175784707069397, 0.8234832882881165, -0.07395025342702866, 0.5625003576278687),
            ["RightUpperLeg"] = CFrame.new(5.960464477539063e-08, -1.2665987014770508e-07, -6.129994289949536e-08, 0.9886407256126404, -0.09999267756938934, 0.11220977455377579, 0.1477735936641693, 0.7829523086547852, -0.6042753458023071, -0.027431761845946312, 0.6139928102493286, 0.788834810256958),
            ["LeftUpperLeg"] = CFrame.new(0, 2.4028122425079346e-07, 5.960464477539063e-08, 0.937677800655365, 0.018292898312211037, 0.34702417254447937, 0.07260788232088089, 0.9662593603134155, -0.24712538719177246, -0.33983612060546875, 0.2569206953048706, 0.9047117233276367)
        }},
        [4] = {Time = 0.050, Data = {
            ["LeftLowerArm"] = CFrame.new(0, 2.384185791015625e-07, 2.980232238769531e-07, 1, -2.2351745343485163e-08, 9.313226634333205e-09, 6.33299421792799e-08, 0.9502165913581848, -0.31159040331840515, -3.539026138810186e-08, 0.31159040331840515, 0.95021653175354),
            ["LeftFoot"] = CFrame.new(-1.862645149230957e-09, 0, 3.725290298461914e-08, 0.9980239272117615, -0.0606597363948822, 0.016389550641179085, 0.06280560791492462, 0.9709884524345398, -0.23073142766952515, -0.0019179284572601318, 0.2313048243522644, 0.9728794693946838),
            ["RightHand"] = CFrame.new(-1.4901161193847656e-07, -1.7881393432617188e-07, -1.564621925354004e-07, 0.9997559189796448, -0.011966308578848839, 0.018575463443994522, 0.014161046594381332, 0.992315948009491, -0.12291671335697174, -0.016961880028247833, 0.12314974516630173, 0.9922431707382202),
            ["HumanoidRootPart"] = CFrame.new(0, 0, 0, 1, 0, 0, 0, 1, 0, 0, 0, 1),
            ["CamPart"] = CFrame.new(0.07369790971279144, -1.1282577514648438, -60.94758224487305, -0.9972220659255981, -0.07133631408214569, 0.02143542841076851, -0.07448071241378784, 0.9587633013725281, -0.2742728292942047, -0.000985888415016234, -0.27510741353034973, -0.9614130854606628),
            ["RightLowerLeg"] = CFrame.new(-5.960464477539063e-08, -0.000003874301910400391, -0.00001326033816440031, 1, -1.601874686230076e-07, -4.377216455964117e-08, 1.6391271628890536e-07, 0.8405064940452576, 0.5418007373809814, 8.195635814445268e-08, -0.5418015122413635, 0.8405070900917053),
            ["RightFoot"] = CFrame.new(2.9802322387695312e-08, 3.5762786865234375e-07, -5.790934665128589e-08, 0.9969964027404785, 0.07743866741657257, 0.0012489277869462967, -0.07659091800451279, 0.9882208704948425, -0.1324882060289383, -0.011494220234453678, 0.13199537992477417, 0.991183876991272),
            ["LeftLowerLeg"] = CFrame.new(0, 0.000003874301910400391, 0.00001329183578491211, 1, -4.470348358154297e-08, 4.6566128730773926e-09, -2.2351738238057806e-08, 0.9552487134933472, 0.29580384492874146, -5.5879347371501353e-08, -0.29580384492874146, 0.9552487730979919),
            ["RightUpperArm"] = CFrame.new(-5.960464477539063e-08, 0, -5.960464477539063e-08, 0.9099894762039185, -0.22761864960193634, 0.3465676009654999, 0.2066744714975357, 0.97361159324646, 0.09677927941083908, -0.359451025724411, -0.016441451385617256, 0.93301922082901),
            ["Head"] = CFrame.new(-1.909211277961731e-08, 0, -5.960464477539063e-08, 0.9562667012214661, 0.04475313052535057, -0.2890523672103882, 0.02094189263880253, 0.9752138257026672, 0.2202713042497635, 0.29174575209617615, -0.21669138967990875, 0.9316272735595703),
            ["UpperTorso"] = CFrame.new(-9.313225746154785e-09, -1.4901161193847656e-07, 1.7695128917694092e-08, 0.9873698353767395, -0.024663109332323074, -0.15650087594985962, 0.03179078549146652, 0.99856036901474, 0.04320531338453293, 0.1552100032567978, -0.04763490706682205, 0.9867324233055115),
            ["LeftUpperArm"] = CFrame.new(0, 0, -7.078051567077637e-08, 0.9924481511116028, 0.10896087437868118, -0.056340284645557404, -0.08551671355962753, 0.9438759684562683, 0.31903770565986633, 0.08794088661670685, -0.31181034445762634, 0.9460659027099609),
            ["RightLowerArm"] = CFrame.new(0, -5.960464477539063e-08, 2.384185791015625e-07, 1, -1.4901161193847656e-08, -3.67872416973114e-08, 0, 0.9552963376045227, -0.295649915933609, 7.450581307466564e-08, 0.295649915933609, 0.9552963972091675),
            ["LeftHand"] = CFrame.new(-7.450580596923828e-08, 1.7881393432617188e-07, 1.1920928955078125e-07, 0.9914638996124268, -0.12648648023605347, -0.03163233399391174, 0.12437546998262405, 0.9903213381767273, -0.061598338186740875, 0.039117589592933655, 0.05713828653097153, 0.9975996613502502),
            ["LowerTorso"] = CFrame.new(-0.04039735719561577, -0.06076633930206299, 0.0018831721972674131, 0.5639896988868713, 0.21355655789375305, -0.7976899743080139, -0.06113828346133232, 0.9741289019584656, 0.21756607294082642, 0.8235154747962952, -0.07393564283847809, 0.5624551773071289),
            ["RightUpperLeg"] = CFrame.new(0, -1.564621925354004e-07, -7.620110409334302e-08, 0.9886476993560791, -0.09977824240922928, 0.11233970522880554, 0.1477019041776657, 0.782569408416748, -0.6047889590263367, -0.02756873518228531, 0.6145156621932983, 0.7884226441383362),
            ["LeftUpperLeg"] = CFrame.new(5.960464477539063e-08, -1.1175870895385742e-07, 5.960464477539063e-08, 0.9376688599586487, 0.01881309784948826, 0.3470207452774048, 0.07249071449041367, 0.9659817218780518, -0.2482428103685379, -0.3398858606815338, 0.2579253315925598, 0.9044070839881897)
        }},
        [5] = {Time = 0.067, Data = {
            ["LeftLowerArm"] = CFrame.new(-2.086162567138672e-07, 3.5762786865234375e-07, 1.7881393432617188e-07, 1, -2.607702853651972e-08, 1.0244548320770264e-08, 5.960464477539063e-08, 0.9502164721488953, -0.3115905523300171, -3.3527612686157227e-08, 0.3115904927253723, 0.95021653175354),
            ["LeftFoot"] = CFrame.new(5.494803190231323e-08, -5.960464477539063e-08, -1.4901161193847656e-08, 0.9980118274688721, -0.060846421867609024, 0.01643785834312439, 0.06300143897533417, 0.9706035256385803, -0.23229220509529114, -0.0018207430839538574, 0.2328660786151886, 0.9725071787834167),
            ["RightHand"] = CFrame.new(-1.4901161193847656e-07, -2.980232238769531e-07, 2.9802322387695312e-08, 0.9997559189796448, -0.011966320686042309, 0.018575433641672134, 0.01416105404496193, 0.9923160076141357, -0.12291672825813293, -0.016961844637989998, 0.12314976751804352, 0.9922431707382202),
            ["HumanoidRootPart"] = CFrame.new(0, 0, 0, 1, 0, 0, 0, 1, 0, 0, 0, 1),
            ["CamPart"] = CFrame.new(0.07365018874406815, -1.12841796875, -60.891014099121094, -0.9972288012504578, -0.07125464081764221, 0.021389884874224663, -0.07438965886831284, 0.9587675929069519, -0.2742825746536255, -0.000964021310210228, -0.27511367201805115, -0.9614112377166748),
            ["RightLowerLeg"] = CFrame.new(-1.4901161193847656e-07, -0.000003933906555175781, -0.00001312622771365568, 1, -4.4703494239684005e-08, -8.940699558479537e-08, 1.341104365337742e-07, 0.8393778204917908, 0.5435481667518616, 9.685753354915505e-08, -0.5435484051704407, 0.8393779993057251),
            ["RightFoot"] = CFrame.new(2.2351741790771484e-08, 2.384185791015625e-07, 5.420588422566652e-09, 0.9970083236694336, 0.07728572934865952, 0.0011523086577653885, -0.07644224166870117, 0.9881160259246826, -0.13335365056991577, -0.011445045471191406, 0.13286684453487396, 0.9910678863525391),
            ["LeftLowerLeg"] = CFrame.new(-8.195638656616211e-08, 0.000003814697265625, 0.000013306736946105957, 1, 7.823111758398227e-08, -5.587936779960501e-09, -1.3969836842875338e-08, 0.9542080163955688, 0.29914388060569763, 4.284083487959833e-08, -0.2991439998149872, 0.9542080760002136),
            ["RightUpperArm"] = CFrame.new(-1.1920928955078125e-07, 1.1920928955078125e-07, -8.940696716308594e-08, 0.9099894165992737, -0.22761863470077515, 0.3465675115585327, 0.2066744565963745, 0.9736116528511047, 0.0967792272567749, -0.3594509959220886, -0.016441451385617256, 0.9330191612243652),
            ["Head"] = CFrame.new(2.0023435354232788e-08, -1.1920928955078125e-07, -1.2665987014770508e-07, 0.9562667012214661, 0.04475316032767296, -0.2890523672103882, 0.020941898226737976, 0.975213885307312, 0.2202712893486023, 0.29174578189849854, -0.21669140458106995, 0.9316272139549255),
            ["UpperTorso"] = CFrame.new(3.725290298461914e-09, -1.4901161193847656e-07, -5.587935447692871e-09, 0.9873698353767395, -0.02466309815645218, -0.156500905752182, 0.03179079666733742, 0.9985603094100952, 0.04320530593395233, 0.15521003305912018, -0.047634899616241455, 0.9867324233055115),
            ["LeftUpperArm"] = CFrame.new(0, 0, -1.043081283569336e-07, 0.9924481511116028, 0.10896094143390656, -0.0563402995467186, -0.08551671355962753, 0.9438760280609131, 0.31903770565986633, 0.08794088661670685, -0.3118104636669159, 0.9460659027099609),
            ["RightLowerArm"] = CFrame.new(-3.5762786865234375e-07, -2.384185791015625e-07, 0, 1, -1.1175872671742582e-08, 3.2596297216969106e-08, 7.450582373280668e-09, 0.9552964568138123, -0.295649915933609, 7.450582373280668e-09, 0.2956498861312866, 0.9552964568138123),
            ["LeftHand"] = CFrame.new(1.7881393432617188e-07, -1.1920928955078125e-07, 0, 0.9914638996124268, -0.12648649513721466, -0.031632404774427414, 0.12437544763088226, 0.9903213977813721, -0.061598312109708786, 0.039117589592933655, 0.057138290256261826, 0.9975996017456055),
            ["LowerTorso"] = CFrame.new(-0.040246445685625076, -0.06123185157775879, 0.0021657247561961412, 0.5639163851737976, 0.21354199945926666, -0.7977457046508789, -0.06112919747829437, 0.9741338491439819, 0.2175464630126953, 0.8235664367675781, -0.07391249388456345, 0.5623837113380432),
            ["RightUpperLeg"] = CFrame.new(-2.9802322387695312e-08, 1.1175870895385742e-08, 1.0261283023282886e-07, 0.9886590242385864, -0.09941817820072174, 0.11255832761526108, 0.14758431911468506, 0.7818800210952759, -0.6057083606719971, -0.0277886800467968, 0.6154507398605347, 0.7876853346824646),
            ["LeftUpperLeg"] = CFrame.new(2.9802322387695312e-08, -3.03611159324646e-07, -4.470348358154297e-08, 0.937655508518219, 0.01965385302901268, 0.3470103442668915, 0.07229969650506973, 0.9655307531356812, -0.25004616379737854, -0.33996328711509705, 0.25954583287239075, 0.9039141535758972)
        }},
        [6] = {Time = 0.083, Data = {
            ["LeftLowerArm"] = CFrame.new(5.960464477539063e-08, -1.7881393432617188e-07, -2.9802322387695312e-08, 1, -2.2351741790771484e-08, -1.1175872671742582e-08, 4.0978196835794733e-08, 0.9502165913581848, -0.31159040331840515, -2.421439049271612e-08, 0.3115904629230499, 0.95021653175354),
            ["LeftFoot"] = CFrame.new(8.381903171539307e-09, -5.960464477539063e-08, -3.725290298461914e-09, 0.997995138168335, -0.06110162287950516, 0.016505004838109016, 0.06326907128095627, 0.9700807929039001, -0.23439380526542664, -0.001689672702923417, 0.23496808111667633, 0.9720016717910767),
            ["RightHand"] = CFrame.new(4.470348358154297e-08, 1.1920928955078125e-07, 1.564621925354004e-07, 0.9997559189796448, -0.011966315098106861, 0.018575415015220642, 0.014161039143800735, 0.992315948009491, -0.12291670590639114, -0.01696188747882843, 0.12314974516630173, 0.992243230342865),
            ["HumanoidRootPart"] = CFrame.new(0, 0, 0, 1, 0, 0, 0, 1, 0, 0, 0, 1),
            ["CamPart"] = CFrame.new(0.07358929514884949, -1.1286206245422363, -60.818790435791016, -0.997237503528595, -0.07115021347999573, 0.021332064643502235, -0.07427337020635605, 0.9587730169296265, -0.2742951214313507, -0.0009364495053887367, -0.2751217782497406, -0.9614089131355286),
            ["RightLowerLeg"] = CFrame.new(-3.725290298461914e-08, -0.000003874301910400391, -0.000013349745131563395, 1, -4.4703490686970326e-08, -1.6950075121258124e-07, 8.940694584680386e-08, 0.8379762172698975, 0.5457062125205994, 4.8428763221863846e-08, -0.5457068681716919, 0.8379766345024109),
            ["RightFoot"] = CFrame.new(-1.0617077350616455e-07, 4.172325134277344e-07, 2.7772330213338137e-08, 0.9970247149467468, 0.07707589864730835, 0.0010205826256424189, -0.0762396976351738, 0.9879878759384155, -0.13441455364227295, -0.011368692852556705, 0.1339375525712967, 0.9909247159957886),
            ["LeftLowerLeg"] = CFrame.new(2.2351741790771484e-08, 0.0000040531158447265625, 0.000013262033462524414, 1, 1.862645149230957e-08, 1.0803340444454079e-07, -3.213063237694769e-08, 0.952786386013031, 0.3036414086818695, 8.195639367158947e-08, -0.3036413788795471, 0.9527864456176758),
            ["RightUpperArm"] = CFrame.new(0, 1.1920928955078125e-07, -2.9802322387695312e-08, 0.9099893569946289, -0.22761866450309753, 0.3465676009654999, 0.2066744565963745, 0.97361159324646, 0.0967792496085167, -0.35945096611976624, -0.016441449522972107, 0.9330191612243652),
            ["Head"] = CFrame.new(-1.862645149230957e-09, 0, -5.960464477539063e-08, 0.9562667012214661, 0.04475314915180206, -0.28905239701271057, 0.020941901952028275, 0.975213885307312, 0.2202712744474411, 0.29174575209617615, -0.21669138967990875, 0.9316272735595703),
            ["UpperTorso"] = CFrame.new(1.862645149230957e-09, 2.086162567138672e-07, -6.239861249923706e-08, 0.9873698353767395, -0.024663101881742477, -0.1565008908510208, 0.03179079294204712, 0.99856036901474, 0.04320531710982323, 0.15521001815795898, -0.047634921967983246, 0.9867324233055115),
            ["LeftUpperArm"] = CFrame.new(-1.1920928955078125e-07, -1.1920928955078125e-07, -8.940696716308594e-08, 0.9924481511116028, 0.10896091163158417, -0.05634026974439621, -0.08551672101020813, 0.9438759684562683, 0.31903770565986633, 0.08794092386960983, -0.31181037425994873, 0.9460659623146057),
            ["RightLowerArm"] = CFrame.new(-5.960464477539063e-08, -3.5762786865234375e-07, 5.960464477539063e-08, 1, -2.6077035641947077e-08, -1.257285475730896e-08, 1.4901162970204496e-08, 0.9552964568138123, -0.2956498861312866, -2.980232594040899e-08, 0.29564985632896423, 0.9552963972091675),
            ["LeftHand"] = CFrame.new(-1.043081283569336e-07, 0, 2.9802322387695312e-08, 0.9914638996124268, -0.12648651003837585, -0.03163229674100876, 0.12437549233436584, 0.9903213977813721, -0.06159832328557968, 0.039117563515901566, 0.057138245552778244, 0.997599720954895),
            ["LowerTorso"] = CFrame.new(-0.040039557963609695, -0.061867594718933105, 0.002552654128521681, 0.5638192296028137, 0.21352267265319824, -0.7978194952011108, -0.061117127537727356, 0.9741405248641968, 0.21752041578292847, 0.8236337900161743, -0.07388176769018173, 0.5622889995574951),
            ["RightUpperLeg"] = CFrame.new(-2.9802322387695312e-08, 2.7939677238464355e-07, 5.790934665128589e-08, 0.9886748194694519, -0.0989433005452156, 0.1128375455737114, 0.1474221646785736, 0.7810252904891968, -0.6068496108055115, -0.028085099533200264, 0.6166115403175354, 0.7867662906646729),
            ["LeftUpperLeg"] = CFrame.new(2.9802322387695312e-08, 3.520399332046509e-07, -2.9802322387695312e-08, 0.9376387000083923, 0.020790979266166687, 0.3469890058040619, 0.07203815132379532, 0.9649171829223633, -0.2524787187576294, -0.3400648236274719, 0.26173022389411926, 0.9032458662986755)
        }},
        [7] = {Time = 0.100, Data = {
            ["LeftLowerArm"] = CFrame.new(-5.960464477539063e-08, -5.364418029785156e-07, -2.682209014892578e-07, 1, -2.6077039194660756e-08, 5.587936779960501e-09, 4.4703490686970326e-08, 0.9502165913581848, -0.31159040331840515, -3.725290742551124e-09, 0.31159037351608276, 0.9502165913581848),
            ["LeftFoot"] = CFrame.new(1.0244548320770264e-08, 0, -5.21540641784668e-08, 0.9979740381240845, -0.061422303318977356, 0.016590626910328865, 0.06360515207052231, 0.9694310426712036, -0.23697693645954132, -0.0015278460923582315, 0.23755179345607758, 0.9713736772537231),
            ["RightHand"] = CFrame.new(-7.450580596923828e-08, -2.980232238769531e-07, -2.2351741790771484e-08, 0.999755859375, -0.01196630485355854, 0.018575394526124, 0.014161046594381332, 0.9923160076141357, -0.12291669845581055, -0.016961827874183655, 0.12314974516630173, 0.9922431707382202),
            ["HumanoidRootPart"] = CFrame.new(0, 0, 0, 1, 0, 0, 0, 1, 0, 0, 0, 1),
            ["CamPart"] = CFrame.new(0.07351541519165039, -1.12886381149292, -60.731143951416016, -0.997248113155365, -0.07102339714765549, 0.02126181870698929, -0.07413213700056076, 0.958779513835907, -0.27431046962738037, -0.000902934989426285, -0.2751317620277405, -0.9614061117172241),
            ["RightLowerLeg"] = CFrame.new(1.564621925354004e-07, -0.000003516674041748047, -0.000013200733519624919, 1, -4.842878098543224e-08, -1.7695128917694092e-07, 1.4901159772762185e-07, 0.8362193703651428, 0.5483951568603516, -1.639127589214695e-07, -0.5483952164649963, 0.836219310760498),
            ["RightFoot"] = CFrame.new(-1.1548399925231934e-07, 2.384185791015625e-07, -2.029992174357176e-09, 0.9970453381538391, 0.07681161910295486, 0.0008563118753954768, -0.07598485797643661, 0.9878264665603638, -0.13573941588401794, -0.011272014118731022, 0.13527336716651917, 0.9907442331314087),
            ["LeftLowerLeg"] = CFrame.new(-7.450580596923828e-08, 0.000003874301910400391, 0.000013306736946105957, 1, 6.705522537231445e-08, -2.514570951461792e-08, -3.725290653733282e-08, 0.951007068157196, 0.3091694712638855, 3.166497108963995e-08, -0.3091692328453064, 0.9510070085525513),
            ["RightUpperArm"] = CFrame.new(1.1920928955078125e-07, 1.1920928955078125e-07, -5.960464477539063e-08, 0.9099894165992737, -0.22761863470077515, 0.3465675413608551, 0.2066744714975357, 0.97361159324646, 0.09677927196025848, -0.359451025724411, -0.01644141785800457, 0.9330191612243652),
            ["Head"] = CFrame.new(2.468004822731018e-08, 2.384185791015625e-07, -5.21540641784668e-08, 0.9562666416168213, 0.04475313797593117, -0.28905242681503296, 0.02094191126525402, 0.975213885307312, 0.22027133405208588, 0.29174569249153137, -0.21669134497642517, 0.9316272735595703),
            ["UpperTorso"] = CFrame.new(1.4901161193847656e-08, -2.086162567138672e-07, -3.5390257835388184e-08, 0.987369954586029, -0.024663101881742477, -0.1565009355545044, 0.03179078921675682, 0.99856036901474, 0.04320530593395233, 0.1552099734544754, -0.04763494431972504, 0.9867324233055115),
            ["LeftUpperArm"] = CFrame.new(0, 2.384185791015625e-07, 1.0058283805847168e-07, 0.992448091506958, 0.10896090418100357, -0.0563402995467186, -0.08551671355962753, 0.9438760280609131, 0.3190377354621887, 0.08794082701206207, -0.31181034445762634, 0.9460659027099609),
            ["RightLowerArm"] = CFrame.new(5.960464477539063e-08, -2.384185791015625e-07, 1.1920928955078125e-07, 1, -3.352760558072987e-08, 4.656612873077393e-10, 7.450578820566989e-09, 0.9552963376045227, -0.29564979672431946, -2.9802315282267955e-08, 0.29564982652664185, 0.9552963972091675),
            ["LeftHand"] = CFrame.new(-1.7881393432617188e-07, -5.960464477539063e-08, 2.9802322387695312e-08, 0.9914638996124268, -0.12648649513721466, -0.031632326543331146, 0.12437547743320465, 0.9903213977813721, -0.06159833073616028, 0.039117563515901566, 0.05713828653097153, 0.997599720954895),
            ["LowerTorso"] = CFrame.new(-0.03977922722697258, -0.06266474723815918, 0.003038972383365035, 0.5637012720108032, 0.21349918842315674, -0.797909140586853, -0.0611024871468544, 0.9741485118865967, 0.21748881042003632, 0.8237156867980957, -0.07384447753429413, 0.5621739625930786),
            ["RightUpperLeg"] = CFrame.new(0, -8.754432201385498e-08, -3.149762051180005e-08, 0.988694965839386, -0.09834970533847809, 0.11317988485097885, 0.14721691608428955, 0.7799555659294128, -0.6082732081413269, -0.028451912105083466, 0.6180588006973267, 0.7856170535087585),
            ["LeftUpperLeg"] = CFrame.new(-1.1920928955078125e-07, -1.8812716007232666e-07, -7.450580596923828e-08, 0.9376198053359985, 0.022197600454092026, 0.34695324301719666, 0.07170923054218292, 0.9641526341438293, -0.2554750442504883, -0.3401866853237152, 0.2644183337688446, 0.9024168252944946)
        }},
        [8] = {Time = 0.117, Data = {
            ["LeftLowerArm"] = CFrame.new(-1.1920928955078125e-07, 2.384185791015625e-07, 2.682209014892578e-07, 1, -2.607702853651972e-08, 3.725290298461914e-09, 4.842877388000488e-08, 0.95021653175354, -0.31159037351608276, -1.862645149230957e-09, 0.31159043312072754, 0.95021653175354),
            ["LeftFoot"] = CFrame.new(8.847564458847046e-08, -5.960464477539063e-08, -1.1175870895385742e-08, 0.9979486465454102, -0.061804868280887604, 0.016694335266947746, 0.06400579959154129, 0.9686645269393921, -0.23998399078845978, -0.001338869333267212, 0.2405601441860199, 0.9706332683563232),
            ["RightHand"] = CFrame.new(-8.940696716308594e-08, -5.960464477539063e-08, 1.4901161193847656e-07, 0.9997559189796448, -0.011966301128268242, 0.018575448542833328, 0.014161055907607079, 0.9923160076141357, -0.12291671335697174, -0.01696185953915119, 0.12314974516630173, 0.9922431707382202),
            ["HumanoidRootPart"] = CFrame.new(0, 0, 0, 1, 0, 0, 0, 1, 0, 0, 0, 1),
            ["CamPart"] = CFrame.new(0.07342877238988876, -1.129145622253418, -60.6282958984375, -0.9972603917121887, -0.0708744078874588, 0.021179677918553352, -0.07396630197763443, 0.9587872624397278, -0.2743282616138458, -0.0008639525040052831, -0.2751432955265045, -0.9614028334617615),
            ["RightLowerLeg"] = CFrame.new(-7.450580596923828e-09, -0.000003814697265625, -0.000013230535842012614, 1, 1.1920931797249068e-07, -9.313229298868464e-08, 3.725290298461914e-08, 0.8341273665428162, 0.5515717267990112, -3.725290298461914e-09, -0.5515719056129456, 0.8341275453567505),
            ["RightFoot"] = CFrame.new(-5.21540641784668e-08, 4.172325134277344e-07, -2.0656443666666746e-08, 0.9970698356628418, 0.07649495452642441, 0.000661226047668606, -0.07568003982305527, 0.9876331090927124, -0.13730797171592712, -0.011156321503221989, 0.13685573637485504, 0.9905282258987427),
            ["LeftLowerLeg"] = CFrame.new(7.450580596923828e-08, 0.000003933906555175781, 0.000013299286365509033, 1, 7.82310962677002e-08, 1.1175872671742582e-08, -5.1688413549300094e-08, 0.948890745639801, 0.31560492515563965, -7.124619116893882e-08, -0.3156047463417053, 0.948890745639801),
            ["RightUpperArm"] = CFrame.new(0, -1.1920928955078125e-07, 0, 0.9099894165992737, -0.22761864960193634, 0.3465675413608551, 0.2066744565963745, 0.97361159324646, 0.09677927941083908, -0.3594509959220886, -0.016441404819488525, 0.9330191612243652),
            ["Head"] = CFrame.new(-1.862645149230957e-09, 0, -1.4901161193847656e-08, 0.9562667012214661, 0.04475316032767296, -0.28905245661735535, 0.020941905677318573, 0.975213885307312, 0.2202712893486023, 0.29174572229385376, -0.21669134497642517, 0.9316272735595703),
            ["UpperTorso"] = CFrame.new(-1.862645149230957e-08, -8.940696716308594e-08, 2.0489096641540527e-08, 0.9873698949813843, -0.024663101881742477, -0.1565009355545044, 0.03179078549146652, 0.9985603094100952, 0.04320533201098442, 0.15520994365215302, -0.04763491451740265, 0.9867324233055115),
            ["LeftUpperArm"] = CFrame.new(-1.1920928955078125e-07, 2.384185791015625e-07, 6.705522537231445e-08, 0.9924481511116028, 0.10896091163158417, -0.056340303272008896, -0.08551672101020813, 0.9438760280609131, 0.31903770565986633, 0.08794091641902924, -0.31181034445762634, 0.9460659027099609),
            ["RightLowerArm"] = CFrame.new(0, 5.960464477539063e-08, -2.384185791015625e-07, 1, -1.862645504502325e-08, 9.499491682163352e-08, 2.2351745343485163e-08, 0.9552964568138123, -0.29564985632896423, -1.4901162970204496e-08, 0.2956498861312866, 0.9552964568138123),
            ["LeftHand"] = CFrame.new(1.6391277313232422e-07, 1.7881393432617188e-07, 1.1920928955078125e-07, 0.9914638996124268, -0.12648653984069824, -0.03163236007094383, 0.12437549233436584, 0.9903213977813721, -0.06159832701086998, 0.039117518812417984, 0.057138290256261826, 0.997599720954895),
            ["LowerTorso"] = CFrame.new(-0.03946797549724579, -0.0636138916015625, 0.0036196932196617126, 0.5635655522346497, 0.2134721577167511, -0.7980122566223145, -0.06108566373586655, 0.9741575717926025, 0.2174524962902069, 0.8238097429275513, -0.07380162924528122, 0.562041699886322),
            ["RightUpperLeg"] = CFrame.new(0, -2.551823854446411e-07, -4.639878170564771e-08, 0.9887191653251648, -0.09764491766691208, 0.11357749998569489, 0.14697007834911346, 0.7786855101585388, -0.6099579334259033, -0.028882041573524475, 0.6197696328163147, 0.7842522859573364),
            ["LeftUpperLeg"] = CFrame.new(-5.960464477539063e-08, -2.868473529815674e-07, 2.9802322387695312e-08, 0.9375997185707092, 0.023847045376896858, 0.346897691488266, 0.07131649553775787, 0.9632483720779419, -0.2589723765850067, -0.34032464027404785, 0.267551988363266, 0.9014407396316528)
        }},
        [9] = {Time = 0.133, Data = {
            ["LeftLowerArm"] = CFrame.new(-1.1920928955078125e-07, -1.1920928955078125e-07, 8.940696716308594e-08, 1, -2.2351741790771484e-08, 3.352760913344355e-08, 5.960464477539063e-08, 0.95021653175354, -0.31159043312072754, 1.6763806343078613e-08, 0.31159043312072754, 0.95021653175354),
            ["LeftFoot"] = CFrame.new(0, 5.960464477539063e-08, 1.4901161193847656e-08, 0.9979192018508911, -0.06224597990512848, 0.01681596226990223, 0.06446757167577744, 0.9677904844284058, -0.24336332082748413, -0.001125931739807129, 0.24394097924232483, 0.9697895050048828),
            ["RightHand"] = CFrame.new(-5.960464477539063e-08, -2.384185791015625e-07, 1.4901161193847656e-07, 0.999755859375, -0.011966295540332794, 0.01857539638876915, 0.014161061495542526, 0.992315948009491, -0.12291671335697174, -0.016961820423603058, 0.12314973771572113, 0.9922431707382202),
            ["HumanoidRootPart"] = CFrame.new(0, 0, 0, 1, 0, 0, 0, 1, 0, 0, 0, 1),
            ["CamPart"] = CFrame.new(0.07332956045866013, -1.129465103149414, -60.510475158691406, -0.9972745776176453, -0.07070355117321014, 0.02108575589954853, -0.07377622276544571, 0.9587960243225098, -0.27434882521629333, -0.000819502049125731, -0.275156706571579, -0.9613990187644958),
            ["RightLowerLeg"] = CFrame.new(1.9371509552001953e-07, -0.000003516674041748047, -0.000013349745131563395, 1, -7.078050856534901e-08, -1.6018749704471702e-07, 2.3096797008292924e-07, 0.8317177891731262, 0.5551982522010803, -8.568166975919667e-08, -0.555198609828949, 0.8317181468009949),
