return {
    Stride = {
        [1] = {Time = 0.000, Data = {
            ["RightFoot"] = CFrame.new(5.075708031654358e-08, 3.5762786865234375e-07, -5.75528247281909e-09, 0.999374508857727, 0.028206842020154, 0.021333687007427216, -0.02657538279891014, 0.9969607591629028, -0.07323192805051804, -0.02333456091582775, 0.07262005656957626, 0.997086763381958),
            ["LeftLowerArm"] = CFrame.new(2.682209014892578e-07, 2.384185791015625e-07, 1.4901161193847656e-08, 1, -1.6530981028495262e-08, 2.980233659855003e-08, 3.4924616532094888e-09, 1, -9.313230187046884e-09, 7.450585037815927e-09, -6.519260242754399e-09, 1),
            ["RightUpperArm"] = CFrame.new(-5.960464477539063e-08, -4.76837158203125e-07, -2.2351741790771484e-08, 0.9531038999557495, -0.28067582845687866, 0.11320003867149353, 0.2840903699398041, 0.9586814641952515, -0.014919424429535866, -0.10433526337146759, 0.04637879505753517, 0.9934601783752441),
            ["Head"] = CFrame.new(-3.958120942115784e-09, 1.1920928955078125e-07, -1.862645149230957e-09, 0.9950917363166809, 0.09369365870952606, -0.03184428811073303, -0.0858699381351471, 0.9774929285049438, 0.19270160794258118, 0.049182500690221786, -0.18902131915092468, 0.9807405471801758),
            ["RightHand"] = CFrame.new(-2.421438694000244e-07, 5.960464477539063e-08, 2.9802322387695312e-08, 0.9127429723739624, -0.03212308511137962, 0.40726959705352783, 0.05278540402650833, 0.9978205561637878, -0.039596397429704666, -0.4051100015640259, 0.05763925611972809, 0.9124492406845093),
            ["UpperTorso"] = CFrame.new(-3.725290298461914e-09, -1.7881393432617188e-07, 4.6566128730773926e-09, 0.9890044927597046, 0.0041930703446269035, -0.1478259563446045, 0.017496129497885704, 0.9892600774765015, 0.1451152116060257, 0.14684675633907318, -0.14610597491264343, 0.9783093929290771),
            ["HumanoidRootPart"] = CFrame.new(0, 0, 0, 1, 0, 0, 0, 1, 0, 0, 0, 1),
            ["RightUpperLeg"] = CFrame.new(1.1920928955078125e-07, -3.5675475373864174e-07, 1.6931153368204832e-08, 0.9921492338180542, -0.1130843386054039, -0.05340287461876869, 0.005766770802438259, 0.46793410181999207, -0.8837446570396423, 0.12492669373750687, 0.8764985799789429, 0.46491241455078125),
            ["LeftUpperArm"] = CFrame.new(-1.1920928955078125e-07, 0, -2.60770320892334e-08, 0.9153542518615723, 0.2854597866535187, -0.28397059440612793, -0.2967962622642517, 0.9549353122711182, 0.0032465201802551746, 0.2721003592014313, 0.08130969852209091, 0.9588274955749512),
            ["RightLowerArm"] = CFrame.new(3.5762786865234375e-07, 7.152557373046875e-07, 3.3527612686157227e-08, 1, -4.842877388000488e-08, 3.725290298461914e-08, 2.654268982382746e-08, 0.897127628326416, -0.4417714774608612, 1.4901159417490817e-08, 0.4417714476585388, 0.8971276879310608),
            ["LeftHand"] = CFrame.new(3.5762786865234375e-07, -4.172325134277344e-07, 5.960464477539063e-08, 0.8953440189361572, -0.24553337693214417, -0.37158119678497314, 0.2608255445957184, 0.9653401970863342, -0.009404675103724003, 0.36101141571998596, -0.08849740773439407, 0.9283528327941895),
            ["LeftFoot"] = CFrame.new(6.373738870024681e-09, 1.7881393432617188e-07, -1.1641532182693481e-08, 0.9788215756416321, 0.20416836440563202, 0.01495556440204382, -0.19573819637298584, 0.954793393611908, -0.22373215854167938, -0.0599585585296154, 0.2160668522119522, 0.9745360016822815),
            ["LowerTorso"] = CFrame.new(-0.03301335871219635, -0.12331366539001465, 0.11146627366542816, 0.9958354830741882, -0.0015428955666720867, 0.09115529805421829, 0.0046495660208165646, 0.9994151592254639, -0.03387855365872383, -0.09104971587657928, 0.03416129946708679, 0.9952602386474609),
            ["RightLowerLeg"] = CFrame.new(1.043081283569336e-07, -0.000003516674041748047, -0.000012967902875971049, 1, 7.404008073308432e-08, 1.4808044568326295e-07, -1.5553088417163963e-07, 0.014507468789815903, 0.9998947978019714, 7.17118453508192e-08, -0.9998947381973267, 0.014507763087749481),
            ["LeftUpperLeg"] = CFrame.new(-5.960464477539063e-08, -7.172930054366589e-07, 0, 0.9807382822036743, -0.18530668318271637, 0.061756279319524765, 0.19493545591831207, 0.9085727334022522, -0.36945322155952454, 0.012352107092738152, 0.37437543272972107, 0.9271949529647827),
            ["LeftLowerLeg"] = CFrame.new(4.936009645462036e-08, 0.000003933906555175781, 0.000013340264558792114, 1, -4.097818262494002e-08, 9.313225746154785e-09, 3.352760558072987e-08, 0.8061694502830505, 0.5916846990585327, -2.9802315282267955e-08, -0.5916847586631775, 0.8061695098876953)
        }},
        [2] = {Time = 0.033, Data = {
            ["RightFoot"] = CFrame.new(6.05359673500061e-08, 3.5762786865234375e-07, 3.708555595949292e-08, 0.999384343624115, 0.02984938956797123, 0.01844271644949913, -0.02979516237974167, 0.999550998210907, -0.003205709857866168, -0.01853024587035179, 0.002654934534803033, 0.9998247623443604),
            ["LeftLowerArm"] = CFrame.new(1.1920928955078125e-07, 5.364418029785156e-07, 8.940696716308594e-08, 1, -9.313229298868464e-09, 1.862645326866641e-08, 4.656613938891496e-08, 0.9999819993972778, -0.006008737720549107, -3.725291186640334e-09, 0.006008740980178118, 0.9999819993972778),
            ["RightUpperArm"] = CFrame.new(2.384185791015625e-07, 9.5367431640625e-07, 3.725290298461914e-08, 0.9505460262298584, -0.3078581690788269, 0.04105689004063606, 0.306415319442749, 0.9511436820030212, 0.03788617625832558, -0.05071456730365753, -0.023432087153196335, 0.99843829870224),
            ["Head"] = CFrame.new(-9.313225746154785e-09, 7.152557373046875e-07, -2.2817403078079224e-08, 0.9903708696365356, 0.1380770206451416, 0.010012575425207615, -0.13749553263187408, 0.97260981798172, 0.18741732835769653, 0.0161396823823452, -0.18698935210704803, 0.9822294116020203),
            ["RightHand"] = CFrame.new(3.394234227016568e-08, 1.1920928955078125e-07, -9.313225746154785e-08, 0.9283617734909058, -0.027616599574685097, 0.37065061926841736, 0.04460528865456581, 0.9983066320419312, -0.03733975440263748, -0.36899179220199585, 0.05119773745536804, 0.9280216097831726),
            ["UpperTorso"] = CFrame.new(2.3283064365386963e-09, 2.384185791015625e-07, 2.3283064365386963e-09, 0.9774486422538757, 0.0015185859519988298, -0.21116824448108673, 0.024897750467061996, 0.9921709299087524, 0.12238092720508575, 0.20970085263252258, -0.1248786672949791, 0.969758152961731),
            ["HumanoidRootPart"] = CFrame.new(0, 0, 0, 1, 0, 0, 0, 1, 0, 0, 0, 1),
            ["RightUpperLeg"] = CFrame.new(1.1920928955078125e-07, 3.9639417082071304e-07, -5.420588422566652e-09, 0.9870268106460571, -0.12735746800899506, -0.09776577353477478, 0.013544355519115925, 0.6727994680404663, -0.7397010326385498, 0.15998320281505585, 0.7287804484367371, 0.6657961010932922),
            ["LeftUpperArm"] = CFrame.new(0, 5.960464477539062e-07, 7.450580596923828e-09, 0.8634828329086304, 0.33097735047340393, -0.3805936276912689, -0.3423377275466919, 0.9387390613555908, 0.039671316742897034, 0.3704083561897278, 0.09603604674339294, 0.9238911271095276),
            ["RightLowerArm"] = CFrame.new(-4.172325134277344e-07, -6.556510925292969e-07, 2.2351741790771484e-08, 1, -7.631026477383784e-08, 2.2351745343485163e-08, 2.8900110748963925e-08, 0.9056538939476013, -0.42401784658432007, 6.2864287109221095e-09, 0.4240177571773529, 0.9056539535522461),
            ["LeftHand"] = CFrame.new(-5.21540641784668e-07, -3.5762786865234375e-07, 8.940696716308594e-08, 0.8964310884475708, -0.2492775321006775, -0.36643174290657043, 0.2686622142791748, 0.9632324576377869, 0.0019784532487392426, 0.3524656295776367, -0.10021987557411194, 0.9304428100585938),
            ["LeftFoot"] = CFrame.new(1.3067619875073433e-08, 5.960464477539063e-08, -2.7939677238464355e-09, 0.9783031344413757, 0.20648470520973206, 0.016946837306022644, -0.19921323657035828, 0.9600003957748413, -0.19675719738006592, -0.056896328926086426, 0.18911220133304596, 0.9803057909011841),
            ["LowerTorso"] = CFrame.new(-0.03955473005771637, -0.11776328086853027, 0.11146631836891174, 0.992472231388092, 0.003624554956331849, 0.12241657823324203, -0.0008950132760219276, 0.9997499585151672, -0.022344790399074554, -0.12246695905923843, 0.02206701785326004, 0.9922272562980652),
            ["RightLowerLeg"] = CFrame.new(1.6111880540847778e-07, -0.0000034570693969726562, -0.000013054515875410289, 1, 1.3457604097766307e-07, 1.5832502242574265e-07, -1.965091058764301e-07, 0.3697105646133423, 0.9291468262672424, 6.658957829586143e-08, -0.9291470646858215, 0.3697110116481781),
            ["LeftUpperLeg"] = CFrame.new(-1.1920928955078125e-07, 3.6100391298532486e-07, 2.60770320892334e-08, 0.9779823422431946, -0.20629151165485382, 0.03153356537222862, 0.20324541628360748, 0.9072584509849548, -0.3682030141353607, 0.047348055988550186, 0.3665049970149994, 0.9292106032371521),
            ["LeftLowerLeg"] = CFrame.new(-1.862645149230957e-09, 0.000003933906555175781, 0.000013314187526702881, 1, -2.1420412110728648e-08, -3.725290298461914e-09, 2.607702498380604e-08, 0.8295262455940247, 0.5584677457809448, -2.9802315282267955e-08, -0.5584676861763, 0.8295262455940247)
        }},
        [3] = {Time = 0.067, Data = {
            ["RightFoot"] = CFrame.new(1.7229467630386353e-08, 3.5762786865234375e-07, 2.590968506410718e-08, 0.9997203946113586, 0.02155914343893528, 0.009722433984279633, -0.021180657669901848, 0.9990729689598083, -0.03747952729463577, -0.010521515272557735, 0.037264201790094376, 0.9992501139640808),
            ["LeftLowerArm"] = CFrame.new(0, 4.76837158203125e-07, -1.1920928955078125e-07, 1, 2.980232594040899e-08, 5.587935447692871e-08, 4.4703490686970326e-08, 0.998568058013916, -0.05349743738770485, 3.725290742551124e-09, 0.05349747836589813, 0.9985679984092712),
            ["RightUpperArm"] = CFrame.new(0, -4.76837158203125e-07, 2.9802322387695312e-08, 0.9431933760643005, -0.3321996331214905, 0.005449588410556316, 0.3306184411048889, 0.940072238445282, 0.0834006741642952, -0.032828669995069504, -0.07686125487089157, 0.9965012073516846),
            ["Head"] = CFrame.new(-1.862645149230957e-09, -7.152557373046875e-07, 2.514570951461792e-08, 0.9833340048789978, 0.1773786097764969, 0.03988970071077347, -0.1817588210105896, 0.9642429947853088, 0.1928713619709015, -0.004252126906067133, -0.19690728187561035, 0.9804129004478455),
            ["RightHand"] = CFrame.new(-8.940696716308594e-08, 3.5762786865234375e-07, 6.51925802230835e-08, 0.9738162159919739, -0.010110564529895782, 0.2271120548248291, 0.015863962471485138, 0.9995974898338318, -0.023521963506937027, -0.22678281366825104, 0.0265089999884367, 0.9735845327377319),
            ["UpperTorso"] = CFrame.new(-9.313225746154785e-09, 1.7881393432617188e-07, 8.149072527885437e-10, 0.956139326095581, -0.016021432355046272, -0.29247382283210754, 0.03969930484890938, 0.9963778257369995, 0.07520218193531036, 0.2902095317840576, -0.0835147574543953, 0.9533120393753052),
            ["HumanoidRootPart"] = CFrame.new(0, 0, 0, 1, 0, 0, 0, 1, 0, 0, 0, 1),
            ["RightUpperLeg"] = CFrame.new(1.1920928955078125e-07, 9.006907930597663e-08, -2.206797944381833e-08, 0.9786160588264465, -0.14717243611812592, -0.14370450377464294, 0.021414684131741524, 0.7677257657051086, -0.64042067527771, 0.20457792282104492, 0.6236485242843628, 0.754460334777832),
            ["LeftUpperArm"] = CFrame.new(-2.384185791015625e-07, -3.5762786865234375e-07, 4.470348358154297e-08, 0.789814293384552, 0.3706689178943634, -0.48866957426071167, -0.354367196559906, 0.9260680079460144, 0.12969964742660522, 0.5006168484687805, 0.0707298219203949, 0.8627746105194092),
            ["RightLowerArm"] = CFrame.new(-2.384185791015625e-07, -4.76837158203125e-07, -1.1920928955078125e-07, 1, -3.2596297216969106e-08, 6.984919309616089e-09, 4.190951941041021e-08, 0.9320652484893799, -0.3622906804084778, 0, 0.36229071021080017, 0.9320652484893799),
            ["LeftHand"] = CFrame.new(2.9802322387695312e-08, 0, -8.940696716308594e-08, 0.9040551781654358, -0.25578442215919495, -0.3424305021762848, 0.2847382724285126, 0.9579213261604309, 0.0362052395939827, 0.3187606632709503, -0.130234494805336, 0.9388453960418701),
            ["LeftFoot"] = CFrame.new(2.9453076422214508e-08, 1.1920928955078125e-07, -9.313225746154785e-09, 0.978093683719635, 0.2073199450969696, 0.01874297857284546, -0.2017975151538849, 0.9664217233657837, -0.1590813249349594, -0.051094312220811844, 0.1518140435218811, 0.9870875477790833),
            ["LowerTorso"] = CFrame.new(-0.04519768804311752, -0.11223745346069336, 0.11146634817123413, 0.9880773425102234, 0.01663777232170105, 0.1530567854642868, -0.016921689733862877, 0.99985671043396, 0.000552412704564631, -0.15302564203739166, -0.003135806182399392, 0.9882173538208008),
            ["RightLowerLeg"] = CFrame.new(1.1688098311424255e-07, -0.0000032782554626464844, -0.000013081524230074137, 1, 1.8253911093779607e-07, 1.5285345966731256e-07, -2.288725795551727e-07, 0.5524251461029053, 0.8335622549057007, 6.193296542278404e-08, -0.8335625529289246, 0.5524255037307739),
            ["LeftUpperLeg"] = CFrame.new(-5.960464477539063e-08, 1.4022225514054298e-07, -3.050081431865692e-08, 0.9722181558609009, -0.23406913876533508, 0.0018973629921674728, 0.2185153067111969, 0.9046486616134644, -0.3658713698387146, 0.08392278850078583, 0.35612139105796814, 0.930663526058197),
            ["LeftLowerLeg"] = CFrame.new(2.60770320892334e-08, 0.0000040531158447265625, 0.00001329183578491211, 1, -2.9802315282267955e-08, 9.313225746154785e-09, 3.352760558072987e-08, 0.8638870716094971, 0.5036856532096863, -2.9802315282267955e-08, -0.5036856532096863, 0.8638870716094971)
        }},
        [4] = {Time = 0.100, Data = {
            ["RightFoot"] = CFrame.new(8.800998330116272e-08, 4.172325134277344e-07, 9.145878721028566e-09, 0.9999872446060181, -0.004946580622345209, -0.0010434257565066218, 0.004620797000825405, 0.9780531525611877, -0.20830318331718445, 0.0020507057197391987, 0.20829671621322632, 0.9780637621879578),
            ["LeftLowerArm"] = CFrame.new(4.172325134277344e-07, -4.172325134277344e-07, 2.980232238769531e-07, 1, -2.2351747119842003e-08, 3.725290653733282e-08, 3.3527616238870905e-08, 0.9935375452041626, -0.11350445449352264, 4.4703490686970326e-08, 0.11350449919700623, 0.9935375452041626),
            ["RightUpperArm"] = CFrame.new(2.384185791015625e-07, 3.5762786865234375e-07, -4.470348358154297e-08, 0.9376604557037354, -0.34655120968818665, -0.026365119963884354, 0.34706857800483704, 0.9296538829803467, 0.1236412301659584, -0.01833757385611534, -0.12508396804332733, 0.9919766783714294),
            ["Head"] = CFrame.new(-4.0745362639427185e-10, 5.960464477539062e-07, -1.257285475730896e-08, 0.9730201363563538, 0.21898768842220306, 0.07263848930597305, -0.2293711155653, 0.9521381258964539, 0.20204466581344604, -0.024916570633649826, -0.21325473487377167, 0.9766788482666016),
            ["RightHand"] = CFrame.new(1.9371509552001953e-07, 4.172325134277344e-07, 1.4901161193847656e-08, 0.9989897012710571, 0.035345468670129776, 0.027754340320825577, -0.03560250252485275, 0.9993270635604858, 0.008820867165923119, -0.027423879131674767, -0.009800072759389877, 0.9995759129524231),
            ["UpperTorso"] = CFrame.new(-9.313225746154785e-09, -1.1920928955078125e-07, -8.381903171539307e-09, 0.9352846145629883, -0.05458548292517662, -0.3496616780757904, 0.06715068966150284, 0.997456431388855, 0.023904142901301384, 0.34746745228767395, -0.04583720117807388, 0.9365710616111755),
            ["HumanoidRootPart"] = CFrame.new(0, 0, 0, 1, 0, 0, 0, 1, 0, 0, 0, 1),
            ["RightUpperLeg"] = CFrame.new(-5.960464477539063e-08, -5.4249539971351624e-08, -9.145878721028566e-09, 0.9659249782562256, -0.16943298280239105, -0.19565606117248535, 0.029331065714359283, 0.8227367997169495, -0.5676653981208801, 0.2571546733379364, 0.5425832867622375, 0.7996717095375061),
            ["LeftUpperArm"] = CFrame.new(0, -1.1920928955078125e-07, -7.450580596923828e-08, 0.7364180684089661, 0.40396660566329956, -0.5426781177520752, -0.3586782217025757, 0.9132694602012634, 0.19310379028320312, 0.5736187100410461, 0.05244167149066925, 0.817441999912262),
            ["RightLowerArm"] = CFrame.new(-4.76837158203125e-07, -1.7881393432617188e-07, 1.1920928955078125e-07, 1, -9.080395102500916e-09, 1.1175870895385742e-08, 5.029141902923584e-08, 0.9662790298461914, -0.2574973404407501, 1.4901161193847656e-08, 0.2574973404407501, 0.9662790298461914),
            ["LeftHand"] = CFrame.new(2.384185791015625e-07, 5.960464477539063e-08, 2.384185791015625e-07, 0.9175884127616882, -0.2644059360027313, -0.2968519628047943, 0.30340394377708435, 0.9482935070991516, 0.09319651871919632, 0.2568611204624176, -0.17558202147483826, 0.950364887714386),
            ["LeftFoot"] = CFrame.new(-4.6798959374427795e-08, 1.7881393432617188e-07, 3.725290298461914e-09, 0.9782400131225586, 0.20651161670684814, 0.01998983509838581, -0.2030484825372696, 0.9727060794830322, -0.11231368035078049, -0.04263825714588165, 0.10581089556217194, 0.9934717416763306),
            ["LowerTorso"] = CFrame.new(-0.0491584911942482, -0.10972023010253906, 0.11146639287471771, 0.9830026030540466, 0.04117491841316223, 0.17891491949558258, -0.04591942951083183, 0.9986926913261414, 0.022456621751189232, -0.17775636911392212, -0.03029058873653412, 0.9836082458496094),
            ["RightLowerLeg"] = CFrame.new(1.0710209608078003e-07, -0.0000034570693969726562, -0.000013215634680818766, 1, 1.9278368768027576e-07, 1.4901176825787843e-07, -2.421439262434433e-07, 0.6370036602020264, 0.7708605527877808, 5.541370740047569e-08, -0.7708608508110046, 0.6370038986206055),
            ["LeftUpperLeg"] = CFrame.new(-1.1920928955078125e-07, -5.75091689825058e-07, 1.862645149230957e-08, 0.963118851184845, -0.2680724859237671, -0.023222604766488075, 0.24321520328521729, 0.9042224884033203, -0.35103854537010193, 0.11510217189788818, 0.3324437439441681, 0.9360730648040771),
            ["LeftLowerLeg"] = CFrame.new(3.259629011154175e-08, 0.0000040531158447265625, 0.000013396143913269043, 1, -5.168839223301802e-08, 1.862645371275562e-09, 2.7939670133036998e-08, 0.9047046899795532, 0.42603936791419983, -1.4901157641133977e-08, -0.42603933811187744, 0.9047046899795532)
        }},
        [5] = {Time = 0.133, Data = {
            ["RightFoot"] = CFrame.new(8.195638656616211e-08, 4.76837158203125e-07, 1.6596459317952394e-08, 0.9994849562644958, -0.03204810246825218, -0.0017171163344755769, 0.029457801952958107, 0.9373077154159546, -0.3472546339035034, 0.01273817103356123, 0.3470264673233032, 0.93776935338974),
            ["LeftLowerArm"] = CFrame.new(-5.960464477539063e-08, -2.980232238769531e-07, -2.682209014892578e-07, 1, 1.4901162970204496e-08, 1.6763808119435453e-08, 6.332992796842518e-08, 0.9829632043838501, -0.18380270898342133, -2.2351738238057806e-08, 0.18380270898342133, 0.9829631447792053),
            ["RightUpperArm"] = CFrame.new(-5.960464477539063e-08, -1.1920928955078125e-07, 0, 0.9354246258735657, -0.3517477214336395, -0.03541603684425354, 0.3529675602912903, 0.9236186742782593, 0.14947447180747986, -0.019866423681378365, -0.15232282876968384, 0.9881312251091003),
            ["Head"] = CFrame.new(-2.2817403078079224e-08, -4.76837158203125e-07, -1.4901161193847656e-08, 0.9599465131759644, 0.2589157521724701, 0.1070767417550087, -0.2761411666870117, 0.9389647245407104, 0.20516210794448853, -0.04742157459259033, -0.22651296854019165, 0.9728531241416931),
            ["RightHand"] = CFrame.new(-1.4901161193847656e-07, 3.5762786865234375e-07, 7.450580596923828e-08, 0.9859541058540344, 0.10352198779582977, -0.13106447458267212, -0.09677648544311523, 0.9936814308166504, 0.05684710294008255, 0.13612128794193268, -0.04336467757821083, 0.9897426962852478),
            ["UpperTorso"] = CFrame.new(1.862645149230957e-09, -3.5762786865234375e-07, 9.778887033462524e-09, 0.9147796034812927, -0.09970179945230484, -0.39145615696907043, 0.10478760302066803, 0.9944591522216797, -0.008409128524363041, 0.3901255428791046, -0.033327262848615646, 0.9201583862304688),
            ["HumanoidRootPart"] = CFrame.new(0, 0, 0, 1, 0, 0, 0, 1, 0, 0, 0, 1),
            ["RightUpperLeg"] = CFrame.new(0, -1.500011421740055e-07, 5.604670150205493e-08, 0.9500778317451477, -0.19982336461544037, -0.23963052034378052, 0.03608940169215202, 0.8332379460334778, -0.5517356395721436, 0.30991891026496887, 0.5155436992645264, 0.7988523840904236),
            ["LeftUpperArm"] = CFrame.new(-1.1920928955078125e-07, -2.384185791015625e-07, -1.4901161193847656e-08, 0.6886237263679504, 0.43700867891311646, -0.5786371231079102, -0.36808547377586365, 0.8982018232345581, 0.24030520021915436, 0.6247483491897583, 0.04750799387693405, 0.7793796062469482),
            ["RightLowerArm"] = CFrame.new(3.5762786865234375e-07, 2.384185791015625e-07, 5.960464477539063e-08, 1, 1.6763809895792292e-08, 1.862645593320167e-09, 7.450581485102248e-09, 0.9885308146476746, -0.15101921558380127, -7.450581485102248e-09, 0.15101929008960724, 0.9885308146476746),
            ["LeftHand"] = CFrame.new(-5.960464477539063e-08, -5.960464477539062e-07, 5.960464477539063e-08, 0.9312801361083984, -0.2726968228816986, -0.24156564474105835, 0.315856397151947, 0.9348036646842957, 0.1624101847410202, 0.18152765929698944, -0.22754943370819092, 0.9566969275474548),
            ["LeftFoot"] = CFrame.new(-1.0652001947164536e-08, -1.1920928955078125e-07, -1.862645149230957e-09, 0.9782853722572327, 0.20620641112327576, 0.020902248099446297, -0.20289833843708038, 0.9733891487121582, -0.10651733726263046, -0.042310528457164764, 0.09996318072080612, 0.9940910935401917),
            ["LowerTorso"] = CFrame.new(-0.050654392689466476, -0.12607431411743164, 0.11146637797355652, 0.9780691266059875, 0.0691404789686203, 0.19646993279457092, -0.07816898822784424, 0.9961938261985779, 0.038567494601011276, -0.19305558502674103, -0.05307953059673309, 0.9797510504722595),
            ["RightLowerLeg"] = CFrame.new(1.2852251529693604e-07, -0.0000034570693969726562, -0.000013018194295000285, 1, 1.9557764119326748e-07, 1.4808045989411767e-07, -2.3841863594498136e-07, 0.6460734009742737, 0.7632750868797302, 4.93601071127614e-08, -0.7632752656936646, 0.6460737586021423),
            ["LeftUpperLeg"] = CFrame.new(-1.1920928955078125e-07, -8.102506399154663e-07, 5.21540641784668e-08, 0.9527856707572937, -0.3023911714553833, -0.0275530107319355, 0.27118220925331116, 0.888237714767456, -0.3708018660545349, 0.1366008073091507, 0.345822811126709, 0.9283032417297363),
            ["LeftLowerLeg"] = CFrame.new(4.6566128730773926e-09, 0.000003874301910400391, 0.00001337006688117981, 1, -5.1222723840282924e-08, 5.587936335871291e-09, 4.2840827774170975e-08, 0.905913770198822, 0.42346227169036865, -3.725289587919178e-08, -0.4234622120857239, 0.9059138298034668)
        }},
        [6] = {Time = 0.167, Data = {
            ["RightFoot"] = CFrame.new(1.7695128917694092e-08, 5.960464477539062e-07, -3.892637323588133e-09, 0.998853325843811, -0.04781835898756981, -0.0023618130944669247, 0.0428687185049057, 0.9152495265007019, -0.4005991220474243, 0.021317552775144577, 0.4000396430492401, 0.9162504076957703),
            ["LeftLowerArm"] = CFrame.new(2.980232238769531e-07, -4.76837158203125e-07, -2.980232238769531e-07, 1, -7.450581485102248e-09, -1.932494519962802e-08, 7.450581485102248e-09, 0.9622483253479004, -0.2721731960773468, -2.2351745343485163e-08, 0.2721731960773468, 0.9622482657432556),
            ["RightUpperArm"] = CFrame.new(-5.960464477539063e-08, -2.384185791015625e-07, 0, 0.9321212768554688, -0.3617236912250519, -0.017493832856416702, 0.3598390817642212, 0.9196567535400391, 0.15731266140937805, -0.04081539064645767, -0.15292944014072418, 0.9873939156532288),
            ["Head"] = CFrame.new(2.7939677238464355e-08, -2.384185791015625e-07, 3.725290298461914e-09, 0.9485837817192078, 0.2843150794506073, 0.13911744952201843, -0.3082864284515381, 0.9295021295547485, 0.20244844257831573, -0.07175083458423615, -0.23492734134197235, 0.9693611860275269),
            ["RightHand"] = CFrame.new(1.7881393432617188e-07, -1.7881393432617188e-07, 2.9802322387695312e-08, 0.9540596604347229, 0.17399320006370544, -0.2439192235469818, -0.15020006895065308, 0.9821639657020569, 0.1131109744310379, 0.25924915075302124, -0.0712779238820076, 0.9631767272949219),
            ["UpperTorso"] = CFrame.new(2.421438694000244e-08, -5.364418029785156e-07, 4.284083843231201e-08, 0.8991469740867615, -0.12141740322113037, -0.4204672873020172, 0.12983575463294983, 0.9914976358413696, -0.008665685541927814, 0.41794437170028687, -0.04679996520280838, 0.9072664380073547),
            ["HumanoidRootPart"] = CFrame.new(0, 0, 0, 1, 0, 0, 0, 1, 0, 0, 0, 1),
            ["RightUpperLeg"] = CFrame.new(1.1920928955078125e-07, -3.523891791701317e-07, 1.5068508218973875e-08, 0.940610408782959, -0.22930751740932465, -0.2503401041030884, 0.03059539943933487, 0.7916619777679443, -0.6101928949356079, 0.3381064832210541, 0.5662943720817566, 0.7516612410545349),
            ["LeftUpperArm"] = CFrame.new(5.960464477539063e-08, -4.76837158203125e-07, -4.470348358154297e-08, 0.6710005402565002, 0.45930755138397217, -0.5820609927177429, -0.38939905166625977, 0.8863453269004822, 0.25052037835121155, 0.6309728622436523, 0.05855472385883331, 0.7735920548439026),
            ["RightLowerArm"] = CFrame.new(0, 3.5762786865234375e-07, -1.4901161193847656e-07, 1, -5.587936158235607e-08, -1.4901162970204496e-08, 1.862645149230957e-08, 0.9978880286216736, -0.06495750695466995, 0, 0.06495757400989532, 0.9978880882263184),
            ["LeftHand"] = CFrame.new(-3.5762786865234375e-07, 0, -2.421438694000244e-08, 0.944718599319458, -0.27214595675468445, -0.18287545442581177, 0.3097884953022003, 0.9235742688179016, 0.2259243130683899, 0.10741475224494934, -0.27008765935897827, 0.9568253755569458),
            ["LeftFoot"] = CFrame.new(-2.9976945370435715e-08, 5.960464477539063e-08, -6.984919309616089e-09, 0.9785677790641785, 0.20479249954223633, 0.021567150950431824, -0.19836540520191193, 0.9655770659446716, -0.16826215386390686, -0.05528346076607704, 0.1603776067495346, 0.9855063557624817),
            ["LowerTorso"] = CFrame.new(-0.043023355305194855, -0.1641225814819336, 0.11146624386310577, 0.9757211804389954, 0.08246289193630219, 0.20289956033229828, -0.09336631000041962, 0.9946256279945374, 0.04475005716085434, -0.1981189250946045, -0.06260755658149719, 0.978176474571228),
            ["RightLowerLeg"] = CFrame.new(1.1175870895385742e-07, -0.0000032782554626464844, -0.000013021919585298747, 1, 1.7136325425326504e-07, 1.6205029851334984e-07, -2.2724276504959562e-07, 0.5531172156333923, 0.8331032991409302, 5.215407838932151e-08, -0.8331034183502197, 0.553117573261261),
            ["LeftUpperLeg"] = CFrame.new(-5.960464477539063e-08, -5.234032869338989e-07, -7.450580596923828e-09, 0.9481028318405151, -0.31794583797454834, -0.0033910281490534544, 0.28307926654815674, 0.8488929271697998, -0.44637084007263184, 0.1448003351688385, 0.4222455322742462, 0.8948417901992798),
            ["LeftLowerLeg"] = CFrame.new(-6.798654794692993e-08, 0.000003814697265625, 0.000013314187526702881, 1, -3.259628655882807e-08, 3.725290742551124e-09, -5.5879341154252415e-09, 0.8370616436004639, 0.5471085906028748, -2.2351736461700966e-08, -0.5471086502075195, 0.8370617032051086)
        }},
        [7] = {Time = 0.200, Data = {
            ["RightFoot"] = CFrame.new(5.587935447692871e-09, 4.172325134277344e-07, 4.489265847951174e-09, 0.9979556202888489, -0.0638263151049614, -0.003309178166091442, 0.05591919273138046, 0.897050678730011, -0.43837475776672363, 0.030948180705308914, 0.43729454278945923, 0.898786187171936),
            ["LeftLowerArm"] = CFrame.new(2.384185791015625e-07, 2.384185791015625e-07, -2.9802322387695312e-08, 1, -7.450580596923828e-09, -3.725290742551124e-09, 3.72529100900465e-08, 0.9253516793251038, -0.3791099190711975, 1.4901164746561335e-08, 0.37910985946655273, 0.9253517389297485),
            ["RightUpperArm"] = CFrame.new(-1.7881393432617188e-07, -1.1920928955078125e-07, -1.4901161193847656e-08, 0.9298479557037354, -0.3665595054626465, 0.03188816085457802, 0.3575392961502075, 0.9206185936927795, 0.1569303423166275, -0.08688115328550339, -0.13452012836933136, 0.9870947599411011),
            ["Head"] = CFrame.new(-8.195638656616211e-08, 1.1920928955078125e-07, -1.862645149230957e-08, 0.9389863014221191, 0.2945261001586914, 0.17764893174171448, -0.32751816511154175, 0.9233784079551697, 0.20026078820228577, -0.10505514591932297, -0.24622544646263123, 0.9635022878646851),
            ["RightHand"] = CFrame.new(-8.195638656616211e-08, -1.1920928955078125e-07, 8.940696716308594e-08, 0.9170947074890137, 0.23455241322517395, -0.32237038016319275, -0.19838157296180725, 0.9698846340179443, 0.1413099765777588, 0.34580662846565247, -0.06564230471849442, 0.9360068440437317),
            ["UpperTorso"] = CFrame.new(-2.2817403078079224e-08, -2.682209014892578e-07, -8.96397978067398e-09, 0.8964004516601562, -0.12466233968734741, -0.4253535568714142, 0.14958921074867249, 0.9884177446365356, 0.025563102215528488, 0.4172402024269104, -0.08654306083917618, 0.9046662449836731),
            ["HumanoidRootPart"] = CFrame.new(0, 0, 0, 1, 0, 0, 0, 1, 0, 0, 0, 1),
            ["RightUpperLeg"] = CFrame.new(1.7881393432617188e-07, -1.1909287422895432e-07, -1.4733814168721437e-08, 0.9415103793144226, -0.2292662113904953, -0.24697226285934448, 0.015029842033982277, 0.7607300281524658, -0.6488944888114929, 0.3366487920284271, 0.6072288751602173, 0.7196810841560364),
            ["LeftUpperArm"] = CFrame.new(5.960464477539063e-08, 1.1920928955078125e-07, -2.9802322387695312e-08, 0.6771583557128906, 0.4692038893699646, -0.5668371319770813, -0.42287948727607727, 0.8785591721534729, 0.22205135226249695, 0.6021873354911804, 0.08933977782726288, 0.7933403849601746),
            ["RightLowerArm"] = CFrame.new(-4.470348358154297e-07, 7.152557373046875e-07, 2.9802322387695312e-08, 1, 3.725290742551124e-09, 2.2351745343485163e-08, -3.725291186640334e-09, 1, -1.4901162970204496e-08, 0, -4.4703490686970326e-08, 1),
            ["LeftHand"] = CFrame.new(3.5762786865234375e-07, 3.5762786865234375e-07, -8.940696716308594e-08, 0.9607338309288025, -0.25288015604019165, -0.11420214921236038, 0.27525338530540466, 0.9205259084701538, 0.277250200510025, 0.03501496836543083, -0.29779815673828125, 0.9539865255355835),
            ["LeftFoot"] = CFrame.new(-1.04482751339674e-08, -2.384185791015625e-07, -9.313225746154785e-09, 0.9791843295097351, 0.20179741084575653, 0.021813305094838142, -0.1908375769853592, 0.9519116282463074, -0.239677295088768, -0.06913062185049057, 0.23052576184272766, 0.970607578754425),
            ["LowerTorso"] = CFrame.new(-0.028244631364941597, -0.20755267143249512, 0.11356006562709808, 0.9774225950241089, 0.08263047784566879, 0.19446666538715363, -0.09202949702739716, 0.9949610233306885, 0.03978883847594261, -0.19019897282123566, -0.05678717792034149, 0.9801018238067627),
            ["RightLowerLeg"] = CFrame.new(1.6391277313232422e-07, -0.0000035762786865234375, -0.000013036820746492594, 1, 1.6763797816565784e-07, 1.5646236306565697e-07, -2.0861631355728605e-07, 0.4704842269420624, 0.8824081420898438, 7.4505820180093e-08, -0.8824083805084229, 0.47048473358154297),
            ["LeftUpperLeg"] = CFrame.new(1.7881393432617188e-07, -4.246830940246582e-07, 1.4901161193847656e-08, 0.9503812193870544, -0.3096567392349243, 0.029806334525346756, 0.279994934797287, 0.8097019791603088, -0.5157379508018494, 0.13556748628616333, 0.49849310517311096, 0.8562278151512146),
            ["LeftLowerLeg"] = CFrame.new(-4.7497451305389404e-08, 0.000003933906555175781, 0.000013463199138641357, 1, -2.793966835668016e-09, 1.862645149230957e-09, 2.2351736461700966e-08, 0.7377415299415588, 0.675083339214325, -1.4901157641133977e-08, -0.6750832796096802, 0.7377415299415588)
        }},
        [8] = {Time = 0.233, Data = {
            ["RightFoot"] = CFrame.new(-1.6763806343078613e-08, 3.5762786865234375e-07, 4.0236045606434345e-09, 0.9964644908905029, -0.08386173844337463, -0.005071008577942848, 0.07253672927618027, 0.8892132043838501, -0.4517049491405487, 0.04238986223936081, 0.4497412145137787, 0.8921530842781067),
            ["LeftLowerArm"] = CFrame.new(-1.1920928955078125e-07, -5.960464477539062e-07, -1.4901161193847656e-07, 1, -4.842877388000488e-08, -4.4703490686970326e-08, 6.705523247774181e-08, 0.8670725226402283, -0.4981820285320282, 3.725290653733282e-08, 0.49818193912506104, 0.867072582244873),
            ["RightUpperArm"] = CFrame.new(-1.1920928955078125e-07, -4.76837158203125e-07, -5.21540641784668e-08, 0.9329438805580139, -0.3453376591205597, 0.10177316516637802, 0.32450103759765625, 0.9290351867675781, 0.17774394154548645, -0.15593251585960388, -0.1327996551990509, 0.9787999391555786),
            ["Head"] = CFrame.new(1.4901161193847656e-08, -1.1920928955078125e-07, -3.725290298461914e-08, 0.9364472031593323, 0.27298375964164734, 0.22033275663852692, -0.31972214579582214, 0.9226129055023193, 0.21578529477119446, -0.14437595009803772, -0.27251681685447693, 0.9512571692466736),
            ["RightHand"] = CFrame.new(2.980232238769531e-07, -2.384185791015625e-07, -8.940696716308594e-08, 0.8863587379455566, 0.2673238515853882, -0.37802955508232117, -0.23436948657035828, 0.9631983637809753, 0.13160492479801178, 0.3992985486984253, -0.028050608932971954, 0.9163918495178223),
            ["UpperTorso"] = CFrame.new(-1.30385160446167e-08, 1.7881393432617188e-07, 8.614733815193176e-09, 0.906158983707428, -0.1175716295838356, -0.40626710653305054, 0.16422317922115326, 0.9830250144004822, 0.0818093866109848, 0.38975223898887634, -0.14085078239440918, 0.9100848436355591),
            ["HumanoidRootPart"] = CFrame.new(0, 0, 0, 1, 0, 0, 0, 1, 0, 0, 0, 1),
            ["RightUpperLeg"] = CFrame.new(5.960464477539063e-08, 3.474997356534004e-07, 5.75528247281909e-09, 0.9483636617660522, -0.20239858329296112, -0.24421581625938416, -0.011242581531405449, 0.7480131387710571, -0.66358882188797, 0.3169860541820526, 0.6320690512657166, 0.7071129083633423),
            ["LeftUpperArm"] = CFrame.new(-2.384185791015625e-07, -3.5762786865234375e-07, -5.960464477539063e-08, 0.6928578019142151, 0.4638180434703827, -0.5521059036254883, -0.4472452402114868, 0.8770217895507812, 0.17551195621490479, 0.5656145811080933, 0.12532183527946472, 0.8150917887687683),
            ["RightLowerArm"] = CFrame.new(2.980232238769531e-07, 1.7881393432617188e-07, 2.9802322387695312e-08, 1, 1.30385160446167e-08, -5.122274160385132e-09, 3.795139491558075e-08, 1, 3.725290298461914e-09, -2.1420419216156006e-08, -1.862645149230957e-08, 1),
            ["LeftHand"] = CFrame.new(-5.960464477539063e-08, 2.980232238769531e-07, 4.470348358154297e-08, 0.976737916469574, -0.21207523345947266, -0.0317365862429142, 0.21114566922187805, 0.9253263473510742, 0.3149423599243164, -0.03742481768131256, -0.31431716680526733, 0.9485801458358765),
            ["LeftFoot"] = CFrame.new(4.3655745685100555e-09, 1.7881393432617188e-07, 3.725290298461914e-09, 0.9804847240447998, 0.19544284045696259, 0.021259915083646774, -0.18074291944503784, 0.9386789202690125, -0.293622225522995, -0.07734259217977524, 0.2840496599674225, 0.9556851387023926),
            ["LowerTorso"] = CFrame.new(-0.007775070145726204, -0.2399613857269287, 0.11928874254226685, 0.9823824763298035, 0.07405491173267365, 0.17158302664756775, -0.07985174655914307, 0.9964377284049988, 0.02712293155491352, -0.1689632087945938, -0.040346287190914154, 0.9847962856292725),
            ["RightLowerLeg"] = CFrame.new(7.450580596923828e-08, -0.0000033974647521972656, -0.000013059172488283366, 1, 1.3411036547950062e-07, 1.5273708697804977e-07, -2.011657187495075e-07, 0.42444002628326416, 0.9054559469223022, 5.5879368687783426e-08, -0.9054560661315918, 0.4244403541088104),
            ["LeftUpperLeg"] = CFrame.new(-5.960464477539063e-08, -4.377216100692749e-07, 0, 0.9580915570259094, -0.28028711676597595, 0.05915939062833786, 0.26463162899017334, 0.786922812461853, -0.5574249625205994, 0.10968515276908875, 0.5497196316719055, 0.8281169533729553),
            ["LeftLowerLeg"] = CFrame.new(1.30385160446167e-08, 0.000004112720489501953, 0.000013418495655059814, 1, -2.4214381610931923e-08, 1.955777406692505e-08, 1.1175868230850483e-08, 0.649970531463623, 0.7599594593048096, -1.862644793959589e-08, -0.7599594593048096, 0.6499704718589783)
        }},
        [9] = {Time = 0.267, Data = {
            ["RightFoot"] = CFrame.new(1.6763806343078613e-08, 2.980232238769531e-07, -9.014911483973265e-09, 0.9935852885246277, -0.11280710250139236, -0.007939805276691914, 0.09846647828817368, 0.8975271582603455, -0.4298233985900879, 0.05561310425400734, 0.4262857139110565, 0.9028780460357666),
            ["LeftLowerArm"] = CFrame.new(2.980232238769531e-07, 5.960464477539062e-07, 1.7881393432617188e-07, 1, -2.980232949312267e-08, 6.705523958316917e-08, 6.33299421792799e-08, 0.7812670469284058, -0.6241969466209412, 1.862645326866641e-08, 0.6241970062255859, 0.7812671065330505),
            ["RightUpperArm"] = CFrame.new(0, -2.384185791015625e-07, 5.587935447692871e-08, 0.929034411907196, -0.31351444125175476, 0.19647876918315887, 0.28418654203414917, 0.9446964859962463, 0.1636659950017929, -0.2369244247674942, -0.09621470421552658, 0.9667521119117737),
            ["Head"] = CFrame.new(-3.725290298461914e-08, -3.5762786865234375e-07, 4.6566128730773926e-08, 0.9456146955490112, 0.20514556765556335, 0.25244441628456116, -0.2719350755214691, 0.924415111541748, 0.2674100399017334, -0.17850546538829803, -0.32151535153388977, 0.9299266934394836),
            ["RightHand"] = CFrame.new(9.685754776000977e-08, -4.172325134277344e-07, -1.7881393432617188e-07, 0.885390043258667, 0.21553637087345123, -0.4118601381778717, -0.19729936122894287, 0.9764862656593323, 0.08687733113765717, 0.42090103030204773, 0.004339438397437334, 0.9070962071418762),
            ["UpperTorso"] = CFrame.new(1.862645149230957e-09, -5.066394805908203e-07, -1.816079020500183e-08, 0.9294853210449219, -0.06423266977071762, -0.3632233440876007, 0.13164971768856049, 0.9776353240013123, 0.16400478780269623, 0.3445654809474945, -0.2002582997083664, 0.9171539545059204),
            ["HumanoidRootPart"] = CFrame.new(0, 0, 0, 1, 0, 0, 0, 1, 0, 0, 0, 1),
            ["RightUpperLeg"] = CFrame.new(0, 8.015194907784462e-08, -1.6596459317952394e-08, 0.9545608758926392, -0.11984474956989288, -0.27285686135292053, -0.08375532180070877, 0.7707916498184204, -0.6315579414367676, 0.2860046923160553, 0.625713586807251, 0.7257298827171326),
            ["LeftUpperArm"] = CFrame.new(0, -1.1920928955078125e-07, 8.940696716308594e-08, 0.7270994186401367, 0.43643441796302795, -0.5299544334411621, -0.4517818093299866, 0.885405957698822, 0.1093139722943306, 0.516933023929596, 0.15994155406951904, 0.8409512042999268),
            ["RightLowerArm"] = CFrame.new(1.1920928955078125e-07, -6.556510925292969e-07, 1.043081283569336e-07, 1, -3.7252889661942845e-09, 7.4505797087454084e-09, -1.4901157641133977e-08, 1, -3.7252898543727042e-09, 3.7252894102834944e-09, 3.7252889661942845e-09, 1),
            ["LeftHand"] = CFrame.new(3.5762786865234375e-07, -1.7881393432617188e-07, -5.960464477539063e-08, 0.9869933724403381, -0.15172803401947021, 0.05312979221343994, 0.12618756294250488, 0.9359588027000427, 0.3287214934825897, -0.09960358589887619, -0.3177415430545807, 0.9429313540458679),
            ["LeftFoot"] = CFrame.new(-6.693881005048752e-10, 1.1920928955078125e-07, -1.6065314412117004e-08, 0.9834867715835571, 0.17989489436149597, 0.019792504608631134, -0.16203728318214417, 0.9239739775657654, -0.34643346071243286, -0.08060938119888306, 0.33750566840171814, 0.9378657341003418),
