return {
    ["Stronger"] = {
        {Time = 0.000, Data = {
            ["RightFoot"] = CFrame.new(-3.400964487809688e-08, 0.008948862552642822, -0.00010280577407684177, 0.9815894961357117, 0.1461092084646225, 0.12302801012992859, -0.13124006986618042, 0.983892023563385, -0.12138518691062927, -0.13877351582050323, 0.10299786180257797, 0.9849516749382019),
            ["LeftLowerArm"] = CFrame.new(-0.000500023365020752, -0.00009965896606445312, 2.9802322387695312e-08, 1, -3.576276128569589e-07, 1.490109013957408e-08, 5.215407838932151e-08, -0.09766964614391327, -0.9952187538146973, 2.3096805534805753e-07, 0.9952188730239868, -0.09767056256532669),
            ["LeftFoot"] = CFrame.new(-4.842877388000488e-08, 0.014287292957305908, -0.000002880580723285675, 0.9988195300102234, -0.037157803773880005, -0.0312875434756279, 0.03003918007016182, 0.9786524772644043, -0.20333229005336761, 0.03817339614033699, 0.20213572680950165, 0.9786097407341003),
            ["Head"] = CFrame.new(-1.1618340067798272e-08, 0, -1.8917489796876907e-10, 0.9992589354515076, -0.03789960965514183, -0.006737719755619764, 0.03768956661224365, 0.9988697171211243, -0.028962954878807068, 0.007827789522707462, 0.028687547892332077, 0.9995577931404114),
            ["LowerTorso"] = CFrame.new(0.05688120052218437, -0.08585596084594727, -0.04341307282447815, 0.9975292682647705, -0.012037537060678005, -0.06921307742595673, 0.004378973972052336, 0.9939489364624023, -0.10975587368011475, 0.07011545449495316, 0.10918161273002625, 0.9915458559989929),
            ["UpperTorso"] = CFrame.new(-3.925379132851958e-09, -2.086162567138672e-07, -1.0186340659856796e-08, 0.9970160722732544, 0.03638254106044769, 0.06808285415172577, -0.04362615570425987, 0.993179440498352, 0.10812696814537048, -0.06368454545736313, -0.11077452450990677, 0.9918031096458435),
            ["HumanoidRootPart"] = CFrame.new(0, 0, 0, 1, 0, 0, 0, 1, 0, 0, 0, 1),
            ["RightUpperLeg"] = CFrame.new(5.960464477539063e-08, -6.215996108949184e-07, -5.850597517564893e-08, 0.8913886547088623, -0.16896353662014008, -0.4205699861049652, 0.1291399747133255, 0.9841341972351074, -0.1216534972190857, 0.43445274233818054, 0.05414220690727234, 0.8990670442581177),
            ["LeftUpperArm"] = CFrame.new(0, -3.5762786865234375e-07, 5.093170329928398e-10, 0.8978114128112793, 0.4341737926006317, -0.0736730694770813, -0.2759566903114319, 0.42429450154304504, -0.8624514937400818, -0.3431948125362396, 0.7946492433547974, 0.5007491111755371),
            ["RightLowerArm"] = CFrame.new(1.1920928955078125e-07, 5.960464477539063e-08, -2.086162567138672e-07, 1, 2.076847351872857e-07, -2.142032151652984e-08, -4.0046874261179255e-08, 0.09453803300857544, -0.9955213069915771, -2.249144301913475e-07, 0.9955213069915771, 0.09453749656677246),
            ["LeftHand"] = CFrame.new(8.940696716308594e-08, 0.00010031461715698242, 2.086162567138672e-07, 0.8771767020225525, -0.4378971457481384, -0.1969980001449585, 0.32257553935050964, 0.8413060307502747, -0.43376424908638, 0.35567706823349, 0.3169388771057129, 0.8792272210121155),
            ["RightHand"] = CFrame.new(1.8998980522155762e-07, -1.1920928955078125e-07, 1.4901161193847656e-08, 0.7774229645729065, 0.6116348505020142, 0.1466851830482483, -0.611727774143219, 0.7894961833953857, -0.049850381910800934, -0.1462966799736023, -0.05097569525241852, 0.9879263043403625),
            ["RightUpperArm"] = CFrame.new(1.1920928955078125e-07, -3.5762786865234375e-07, 0, 0.9745731949806213, -0.07351535558700562, 0.21166624128818512, 0.22379548847675323, 0.36606520414352417, -0.903278648853302, -0.011078784242272377, 0.9276809096336365, 0.3732093870639801),
            ["RightLowerLeg"] = CFrame.new(-3.725290298461914e-08, 0.0416751503944397, -0.005589356645941734, 1, 5.587900631098819e-08, 5.587761719993978e-08, -6.705523247774181e-08, 0.9431754350662231, 0.33228328824043274, 3.9115551686563776e-08, -0.33229541778564453, 0.943179726600647),
            ["LeftUpperLeg"] = CFrame.new(-1.1920928955078125e-07, -5.862675607204437e-07, -0.00009998120367527008, 0.8913688659667969, 0.17924050986766815, 0.41633763909339905, -0.12631459534168243, 0.9803350567817688, -0.1515980064868927, -0.4353232681751251, 0.08255914598703384, 0.8964827060699463),
            ["LeftLowerLeg"] = CFrame.new(-1.043081283569336e-07, 0.07165974378585815, -0.018340587615966797, 1, -1.3410881649633666e-07, -3.5389366104254805e-08, 1.2665985593685036e-07, 0.8123052716255188, 0.583231508731842, -7.450579886381092e-08, -0.583232581615448, 0.8123059272766113),
        }},
        {Time = 0.033, Data = {
            ["RightFoot"] = CFrame.new(2.2203948901733384e-08, 0.01001828908920288, -0.00010294251842424273, 0.9829109907150269, 0.1417197734117508, 0.11748713999986649, -0.12315455824136734, 0.9805952310562134, -0.15254227817058563, -0.13681744039058685, 0.1354566365480423, 0.9812888503074646),
            ["LeftLowerArm"] = CFrame.new(-0.0004999339580535889, -0.00010007619857788086, -1.3969838619232178e-07, 1, -1.7788244122129981e-07, 0, 1.4901162614933128e-07, -0.05930590629577637, -0.9982398748397827, 3.762543769880722e-07, 0.9982399344444275, -0.059306465089321136),
            ["LeftFoot"] = CFrame.new(2.421438694000244e-08, 0.015464842319488525, -0.0000028689391911029816, 0.9984307289123535, -0.039700400084257126, -0.03949897363781929, 0.0313386432826519, 0.9806084036827087, -0.19347214698791504, 0.04641176387667656, 0.19191423058509827, 0.9803103804588318),
            ["Head"] = CFrame.new(1.3169483281672e-09, 0, 0, 0.999466061592102, -0.030538054183125496, -0.011626786552369595, 0.030173050239682198, 0.9990831613540649, -0.030371449887752533, 0.012543614953756332, 0.030004417523741722, 0.999471127986908),
            ["LowerTorso"] = CFrame.new(0.0697016492486, -0.10021471977233887, -0.042002156376838684, 0.9983208179473877, -0.01009678840637207, -0.057041969150304794, 0.004006099421530962, 0.9943691492080688, -0.10589681565761566, 0.057789985090494156, 0.10549046844244003, 0.9927397966384888),
            ["UpperTorso"] = CFrame.new(1.141415850725025e-08, 2.9802322387695312e-08, -1.2660166248679161e-09, 0.9971967339515686, 0.03063974343240261, 0.06826438009738922, -0.03795427829027176, 0.9933639764785767, 0.10856996476650238, -0.06448481976985931, -0.11085651814937592, 0.9917421936988831),
            ["HumanoidRootPart"] = CFrame.new(0, 0, 0, 1, 0, 0, 0, 1, 0, 0, 0, 1),
            ["RightUpperLeg"] = CFrame.new(1.1920928955078125e-07, 1.658918336033821e-07, -4.453613655641675e-08, 0.8885874152183533, -0.1759556531906128, -0.42361974716186523, 0.12405773997306824, 0.9812718033790588, -0.14734606444835663, 0.44161295890808105, 0.07839173078536987, 0.893775999546051),
            ["LeftUpperArm"] = CFrame.new(0, 0, 4.656612873077393e-10, 0.8918479681015015, 0.4514164626598358, 0.028814071789383888, -0.24362649023532867, 0.5330431461334229, -0.8102540373802185, -0.3811212480068207, 0.7156034708023071, 0.5853702425956726),
            ["RightLowerArm"] = CFrame.new(1.1920928955078125e-07, 0, -1.4901161193847656e-07, 1, 2.6822067411558237e-07, -1.862636445082444e-08, -1.862645149230957e-08, 0.09748952090740204, -0.9952366352081299, -1.4901161193847656e-07, 0.9952365756034851, 0.09748899936676025),
            ["LeftHand"] = CFrame.new(8.940696716308594e-08, 0.00010001659393310547, -1.1920928955078125e-07, 0.9283523559570312, -0.35516557097435, -0.10963709652423859, 0.28110557794570923, 0.8638262748718262, -0.4180740416049957, 0.24319079518318176, 0.3572979271411896, 0.9017725586891174),
            ["RightHand"] = CFrame.new(1.341104507446289e-07, -5.960464477539063e-08, -4.0978193283081055e-08, 0.7685864567756653, 0.6392157077789307, 0.02604285441339016, -0.629253089427948, 0.7626963257789612, -0.14945004880428314, -0.1153930127620697, 0.09847737848758698, 0.9884262681007385),
            ["RightUpperArm"] = CFrame.new(1.1920928955078125e-07, 0, 0, 0.9535381197929382, 0.031606826931238174, 0.299609899520874, 0.25705215334892273, 0.43331801891326904, -0.8638055324554443, -0.15712852776050568, 0.9006868004798889, 0.4050602912902832),
            ["RightLowerLeg"] = CFrame.new(7.450580596923828e-09, 0.047620415687561035, -0.007479114457964897, 1, 8.52153760888541e-08, 6.053415546602992e-08, -8.195639367158947e-08, 0.9240040183067322, 0.38237255811691284, 2.6077035641947077e-08, -0.38238295912742615, 0.9240081906318665),
            ["LeftUpperLeg"] = CFrame.new(-1.1920928955078125e-07, 9.499490261077881e-08, -0.00009999983012676239, 0.8942587375640869, 0.19494713842868805, 0.4028642475605011, -0.13016289472579956, 0.9745240807533264, -0.18262876570224762, -0.42820432782173157, 0.11089900881052017, 0.8968541026115417),
            ["LeftLowerLeg"] = CFrame.new(9.685754776000977e-08, 0.07591450214385986, -0.020718634128570557, 1, -8.195534206834054e-08, -2.6076392600771214e-08, 1.5646217832454568e-07, 0.7878403067588806, 0.615880012512207, -8.754431490842762e-08, -0.6158795952796936, 0.787839949131012),
        }},
        {Time = 0.067, Data = {
            ["RightFoot"] = CFrame.new(3.537252268870361e-08, 0.01101619005203247, -0.00010286278848070651, 0.9840770363807678, 0.13928750157356262, 0.11042168736457825, -0.11688777804374695, 0.9751238226890564, -0.18835031986236572, -0.1339016705751419, 0.17243139445781708, 0.9758745431900024),
            ["LeftLowerArm"] = CFrame.new(-0.0005000829696655273, -0.00009965896606445312, -3.427267074584961e-07, 1, -2.7567122629079677e-07, 2.9802173173720803e-08, -4.4703490686970326e-08, 0.039899908006191254, -0.9992037415504456, 2.9802325229866256e-07, 0.9992037415504456, 0.03989928215742111),
            ["LeftFoot"] = CFrame.new(-9.313225746154785e-09, 0.018072128295898438, -0.0000027958303689956665, 0.9979106187820435, -0.03640202060341835, -0.053381163626909256, 0.027175210416316986, 0.9860218167304993, -0.16440042853355408, 0.05861649662256241, 0.1625915914773941, 0.9849482774734497),
            ["Head"] = CFrame.new(7.799826562404633e-09, -1.1920928955078125e-07, 1.862645149230957e-09, 0.9995853900909424, -0.011024119332432747, -0.026600055396556854, 0.010104767046868801, 0.9993553161621094, -0.03445231541991234, 0.026962706819176674, 0.03416924551129341, 0.9990523457527161),
            ["LowerTorso"] = CFrame.new(0.08135891705751419, -0.11483359336853027, -0.03797420486807823, 0.9997087121009827, -0.005248102359473705, -0.02356172725558281, 0.0029783127829432487, 0.9954389333724976, -0.09535469859838486, 0.023954693228006363, 0.09525672346353531, 0.9951645731925964),
            ["UpperTorso"] = CFrame.new(-3.297145667602308e-09, 2.9802322387695312e-08, -3.157765604555607e-09, 0.9975178241729736, 0.015150023624300957, 0.06876607239246368, -0.02268712967634201, 0.9936522245407104, 0.11018457263708115, -0.06666026264429092, -0.11147118359804153, 0.9915294647216797),
            ["HumanoidRootPart"] = CFrame.new(0, 0, 0, 1, 0, 0, 0, 1, 0, 0, 0, 1),
            ["RightUpperLeg"] = CFrame.new(1.1920928955078125e-07, -5.417969077825546e-07, -6.40939106233418e-08, 0.8760597705841064, -0.18792514503002167, -0.4440782070159912, 0.12100614607334137, 0.9771411418914795, -0.17477752268314362, 0.4667727053165436, 0.0993950366973877, 0.8787760734558105),
            ["LeftUpperArm"] = CFrame.new(0, -2.384185791015625e-07, -1.862645149230957e-09, 0.8577572703361511, 0.4358004331588745, 0.2726355791091919, -0.18936152756214142, 0.7609384655952454, -0.6205764412879944, -0.47790655493736267, 0.48067721724510193, 0.7352243065834045),
            ["RightLowerArm"] = CFrame.new(1.1920928955078125e-07, 0, 2.9802322387695312e-08, 1, 3.7252877405080653e-07, -1.0430763097701856e-07, -4.470348358154297e-08, 0.11802748590707779, -0.9930104613304138, -2.384185791015625e-07, 0.9930102825164795, 0.11802718043327332),
            ["LeftHand"] = CFrame.new(8.940696716308594e-08, 0.00010001659393310547, 3.5762786865234375e-07, 0.9839403629302979, -0.15051302313804626, 0.09595531225204468, 0.17652630805969238, 0.900190532207489, -0.39811787009239197, -0.026455778628587723, 0.4086598753929138, 0.9123020172119141),
            ["RightHand"] = CFrame.new(-5.960464477539063e-08, -1.1920928955078125e-07, 1.043081283569336e-07, 0.740700900554657, 0.6394836902618408, -0.20596912503242493, -0.6685762405395508, 0.6714547276496887, -0.3196185827255249, -0.06609151512384415, 0.3744450807571411, 0.9248895645141602),
            ["RightUpperArm"] = CFrame.new(0, -1.1920928955078125e-07, -3.725290298461914e-09, 0.8313458561897278, 0.23438137769699097, 0.5039139986038208, 0.2841920256614685, 0.5999162793159485, -0.7478874325752258, -0.4775971472263336, 0.7649614810943604, 0.43212851881980896),
            ["RightLowerLeg"] = CFrame.new(6.705522537231445e-08, 0.05319845676422119, -0.00954444520175457, 1, 5.9604140290048235e-08, 8.381664251544407e-09, -8.940696716308594e-08, 0.90302574634552, 0.4295782148838043, 1.4901161193847656e-08, -0.4295864403247833, 0.9030296802520752),
            ["LeftUpperLeg"] = CFrame.new(-1.1920928955078125e-07, -4.2351894080638885e-07, -0.0001000184565782547, 0.9042666554450989, 0.21267393231391907, 0.370235800743103, -0.12634050846099854, 0.9615659713745117, -0.2437600940465927, -0.40784797072410583, 0.17366862297058105, 0.8963852524757385),
            ["LeftLowerLeg"] = CFrame.new(-1.4901161193847656e-08, 0.08383113145828247, -0.025404229760169983, 1, -1.8626202802352054e-07, -6.332841451239801e-08, 1.7136333951839333e-07, 0.7393561601638794, 0.6733171939849854, -1.0244546899684792e-07, -0.6733145713806152, 0.7393537759780884),
        }},
        {Time = 0.100, Data = {
            ["RightFoot"] = CFrame.new(3.2336373578800703e-09, 0.010189354419708252, -0.00010290312638971955, 0.9837111234664917, 0.1443432718515396, 0.10713968425989151, -0.12348905205726624, 0.975745677947998, -0.18076369166374207, -0.13062526285648346, 0.16457714140415192, 0.9776736497879028),
            ["LeftLowerArm"] = CFrame.new(-0.0004999637603759766, -0.00010001659393310547, 1.4901161193847656e-08, 1, -3.7252868878567824e-07, -4.097799788382872e-08, 1.4901157641133977e-08, 0.17471958696842194, -0.9846183657646179, 2.533196834519913e-07, 0.9846182465553284, 0.17471925914287567),
            ["LeftFoot"] = CFrame.new(-6.332993507385254e-08, 0.021688461303710938, -0.0000028014183044433594, 0.996489942073822, -0.03418853133916855, -0.07641652971506119, 0.023309579119086266, 0.9900215864181519, -0.13898687064647675, 0.08040144294500351, 0.13670551776885986, 0.9873414635658264),
            ["Head"] = CFrame.new(6.05359673500061e-09, -2.384185791015625e-07, 8.381903171539307e-09, 0.9984989762306213, 0.016711518168449402, -0.05215973034501076, -0.01884985901415348, 0.9989904761314392, -0.04077691212296486, 0.05142565444111824, 0.04169891029596329, 0.9978058934211731),
            ["LowerTorso"] = CFrame.new(0.076012022793293, -0.10153782367706299, -0.03163902834057808, 0.9996441006660461, 0.0006942450418137014, 0.026668021455407143, 0.0014342762297019362, 0.9968168139457703, -0.07971348613500595, -0.026638470590114594, 0.07972336560487747, 0.996461033821106),
            ["UpperTorso"] = CFrame.new(-9.094947017729282e-12, -2.9802322387695312e-08, 1.894659362733364e-08, 0.9975569844245911, -0.007280272431671619, 0.06947784870862961, -0.0006653733435086906, 0.9935196042060852, 0.1136597990989685, -0.06985507905483246, -0.11342836916446686, 0.9910874366760254),
            ["HumanoidRootPart"] = CFrame.new(0, 0, 0, 1, 0, 0, 0, 1, 0, 0, 0, 1),
            ["RightUpperLeg"] = CFrame.new(0, -9.93022695183754e-08, -3.149762051180005e-08, 0.851655900478363, -0.18955573439598083, -0.48862361907958984, 0.126226007938385, 0.9790455102920532, -0.1597883254289627, 0.5086739659309387, 0.07442236691713333, 0.8577380776405334),
            ["LeftUpperArm"] = CFrame.new(5.960464477539063e-08, -3.5762786865234375e-07, 7.450580596923828e-09, 0.7959160804748535, 0.3284943401813507, 0.5085363388061523, -0.17600294947624207, 0.929261326789856, -0.32480210065841675, -0.5792587399482727, 0.16901125013828278, 0.7974298596382141),
            ["RightLowerArm"] = CFrame.new(-5.960464477539063e-08, -5.960464477539062e-07, 0, 1, 2.458689323248109e-07, 0, -4.470347647611561e-08, 0.17261932790279388, -0.9849887490272522, -1.8626448650138627e-07, 0.9849886298179626, 0.17261900007724762),
            ["LeftHand"] = CFrame.new(7.450580596923828e-08, 0.0000997781753540039, 6.05359673500061e-08, 0.9524892568588257, 0.06361217051744461, 0.2978576719760895, 0.06431285291910172, 0.9138903021812439, -0.4008372128009796, -0.2977047860622406, 0.40094640851020813, 0.8663778305053711),
            ["RightHand"] = CFrame.new(4.470348358154297e-08, 1.7881393432617188e-07, 7.450580596923828e-08, 0.7204740643501282, 0.6118110418319702, -0.3265060782432556, -0.6919667720794678, 0.603129506111145, -0.3967604339122772, -0.04581699147820473, 0.5117833614349365, 0.8578898906707764),
            ["RightUpperArm"] = CFrame.new(0, -3.5762786865234375e-07, 7.450580596923828e-09, 0.6180248260498047, 0.3550305962562561, 0.701426088809967, 0.22718606889247894, 0.7734972834587097, -0.5916828513145447, -0.7526167631149292, 0.5250290036201477, 0.3973824977874756),
            ["RightLowerLeg"] = CFrame.new(2.9802322387695312e-08, 0.04857879877090454, -0.00781354121863842, 1, 7.357393627671627e-08, -1.061676471181272e-07, -1.043081283569336e-07, 0.9206101298332214, 0.3904730975627899, 2.7939677238464355e-08, -0.3904830515384674, 0.9206143617630005),
            ["LeftUpperLeg"] = CFrame.new(0, -1.8317950889468193e-07, -0.00010000821202993393, 0.8937352895736694, 0.24639710783958435, 0.3748723864555359, -0.12026269733905792, 0.9366620182991028, -0.32891836762428284, -0.4321737289428711, 0.24890358746051788, 0.866766095161438),
            ["LeftLowerLeg"] = CFrame.new(6.705522537231445e-08, 0.09410864114761353, -0.03256551921367645, 1, -1.6391054202813393e-07, -6.332843582868009e-08, 2.2351741790771484e-07, 0.6649202704429626, 0.7469194531440735, -8.940696716308594e-08, -0.7469143867492676, 0.6649145483970642),
        }},
        {Time = 0.133, Data = {
            ["RightFoot"] = CFrame.new(-5.691572368959896e-08, 0.008000016212463379, -0.00010283857409376651, 0.9833402037620544, 0.15005074441432953, 0.10260620713233948, -0.13469359278678894, 0.9805072546005249, -0.1430574357509613, -0.12206472456455231, 0.1268472671508789, 0.9843813180923462),
            ["LeftLowerArm"] = CFrame.new(-0.0004999041557312012, -0.00009965896606445312, 1.341104507446289e-07, 1, -2.3096775692010851e-07, -3.352744570861432e-08, -7.450581485102248e-09, 0.317872554063797, -0.9481335282325745, 2.0302834968788375e-07, 0.9481335282325745, 0.3178723156452179),
            ["LeftFoot"] = CFrame.new(-1.1548399925231934e-07, 0.025378882884979248, -0.00000260770320892334, 0.9929131269454956, -0.03995813429355621, -0.11193050444126129, 0.025375688448548317, 0.9913453459739685, -0.12881340086460114, 0.11610244959592819, 0.12505102157592773, 0.9853318333625793),
            ["Head"] = CFrame.new(-8.381903171539307e-09, 2.384185791015625e-07, 2.444721758365631e-09, 0.9948648810386658, 0.04859087988734245, -0.0887855663895607, -0.053066618740558624, 0.9973996877670288, -0.04876449704170227, 0.08618520200252533, 0.05322563648223877, 0.9948563575744629),
            ["LowerTorso"] = CFrame.new(0.06540288031101227, -0.07161378860473633, -0.02353646047413349, 0.9960248470306396, 0.005864672362804413, 0.0888824611902237, -0.000472530082333833, 0.9981640577316284, -0.060565996915102005, -0.08907447755336761, 0.06028323248028755, 0.9941990971565247),
            ["UpperTorso"] = CFrame.new(-1.6625563148409128e-09, -2.9802322387695312e-08, -1.1816155165433884e-08, 0.9969648718833923, -0.033680494874715805, 0.07019077986478806, 0.02510904148221016, 0.9925040006637573, 0.1196054071187973, -0.07369294762611389, -0.11747995764017105, 0.9903372526168823),
            ["HumanoidRootPart"] = CFrame.new(0, 0, 0, 1, 0, 0, 0, 1, 0, 0, 0, 1),
            ["RightUpperLeg"] = CFrame.new(0, -3.655441105365753e-07, -4.639878170564771e-08, 0.8189297914505005, -0.17322827875614166, -0.5471273064613342, 0.1326095014810562, 0.984674334526062, -0.11326322704553604, 0.5583626627922058, 0.02021264098584652, 0.8293511271476746),
            ["LeftUpperArm"] = CFrame.new(-1.1920928955078125e-07, 1.1920928955078125e-07, 0, 0.7614074349403381, 0.23153254389762878, 0.6055176258087158, -0.20519423484802246, 0.9720967411994934, -0.11368096619844437, -0.6149424314498901, -0.037691157311201096, 0.7876707315444946),
            ["RightLowerArm"] = CFrame.new(5.960464477539063e-08, 2.384185791015625e-07, -7.450580596923828e-08, 1, 2.514568961942132e-07, 1.490109013957408e-08, -4.4703494239684005e-08, 0.27358824014663696, -0.9618469476699829, -2.53319797138829e-07, 0.9618470072746277, 0.27358800172805786),
            ["LeftHand"] = CFrame.new(-1.043081283569336e-07, 0.00009995698928833008, 4.172325134277344e-07, 0.9116544723510742, 0.15563400089740753, 0.3803507089614868, 0.014513201080262661, 0.9127461314201355, -0.4082719385623932, -0.41070127487182617, 0.37772035598754883, 0.8298479318618774),
            ["RightHand"] = CFrame.new(-8.195638656616211e-08, 0, -8.754432201385498e-08, 0.8638160228729248, 0.40248873829841614, 0.303028404712677, -0.40942299365997314, 0.9113156199455261, -0.04332410544157028, -0.2935895025730133, -0.0866413563489914, 0.9519962668418884),
            ["RightUpperArm"] = CFrame.new(0, 1.1920928955078125e-07, 0, 0.49318426847457886, 0.3393559455871582, 0.801003634929657, 0.1340322047472, 0.8801366686820984, -0.4554065465927124, -0.8595374822616577, 0.3319595754146576, 0.38858482241630554),
            ["RightLowerLeg"] = CFrame.new(-1.6391277313232422e-07, 0.03646266460418701, -0.004181040450930595, 1, 7.636807453081929e-08, 2.60761936488052e-08, -7.450581307466564e-08, 0.9574459195137024, 0.28859904408454895, 2.421439049271612e-08, -0.2886127531528473, 0.9574500918388367),
            ["LeftUpperLeg"] = CFrame.new(-1.1920928955078125e-07, -3.16067598760128e-07, -0.0001000426709651947, 0.8460806012153625, 0.324143648147583, 0.42318397760391235, -0.11963654309511185, 0.8890870809555054, -0.441805899143219, -0.5194562673568726, 0.3231949508190155, 0.7910265326499939),
            ["LeftLowerLeg"] = CFrame.new(1.4901161193847656e-07, 0.105724036693573, -0.04371924698352814, 1, -1.9371265125300852e-07, -1.415575496821475e-07, 1.7136333951839333e-07, 0.5490013360977173, 0.8358280658721924, -1.7136333951839333e-07, -0.8358215093612671, 0.5489912629127502),
        }},
        {Time = 0.167, Data = {
            ["RightFoot"] = CFrame.new(1.8438186089042574e-08, 0.00497514009475708, -0.00010300620488123968, 0.9831838607788086, 0.15508489310741425, 0.09643055498600006, -0.1463327258825302, 0.9849404096603394, -0.09208515286445618, -0.10925384610891342, 0.07642669230699539, 0.9910708665847778),
            ["LeftLowerArm"] = CFrame.new(-0.0004999637603759766, -0.00010013580322265625, -8.981442078948021e-08, 1, -2.086160861836106e-07, -5.960433924201425e-08, 0, 0.44322705268859863, -0.8964094519615173, 2.1234157543403853e-07, 0.8964093327522278, 0.44322696328163147),
            ["LeftFoot"] = CFrame.new(4.470348358154297e-08, 0.028169333934783936, -0.000002175569534301758, 0.9883279800415039, -0.04093387350440025, -0.1467478722333908, 0.022652389481663704, 0.9920036792755127, -0.12416525185108185, 0.15064819157123566, 0.1193864494562149, 0.9813501834869385),
            ["Head"] = CFrame.new(2.60770320892334e-08, -3.5762786865234375e-07, -1.955777406692505e-08, 0.9873303771018982, 0.08035996556282043, -0.1368253380060196, -0.08894966542720795, 0.9943543076515198, -0.05785783380270004, 0.13140341639518738, 0.06929535418748856, 0.9889041781425476),
            ["LowerTorso"] = CFrame.new(0.05067714303731918, -0.041571855545043945, -0.014379679225385189, 0.9873961806297302, 0.008782469667494297, 0.1580241322517395, -0.002569711534306407, 0.9992172122001648, -0.039476700127124786, -0.15824712812900543, 0.038573067635297775, 0.9866458177566528),
            ["UpperTorso"] = CFrame.new(-3.8708094507455826e-09, 2.384185791015625e-07, 3.4924596548080444e-09, 0.9956302046775818, -0.06109589710831642, 0.07062594592571259, 0.05168421193957329, 0.9904059171676636, 0.12815961241722107, -0.0777784213423729, -0.1239493191242218, 0.9892356395721436),
            ["HumanoidRootPart"] = CFrame.new(0, 0, 0, 1, 0, 0, 0, 1, 0, 0, 0, 1),
            ["RightUpperLeg"] = CFrame.new(-8.940696716308594e-08, -9.173527359962463e-08, -4.639878170564771e-08, 0.7796915173530579, -0.14448270201683044, -0.6092674136161804, 0.1395091861486435, 0.9886409640312195, -0.05590653046965599, 0.6104247570037842, -0.04139900580048561, 0.7909916639328003),
            ["LeftUpperArm"] = CFrame.new(1.1920928955078125e-07, -1.1920928955078125e-07, 0, 0.930137574672699, 0.24441856145858765, 0.2740505039691925, -0.2550751864910126, 0.9669154286384583, 0.0033673266880214214, -0.2641606032848358, -0.07303549349308014, 0.9617094993591309),
            ["RightLowerArm"] = CFrame.new(-5.960464477539063e-08, 1.1920928955078125e-07, -1.043081283569336e-07, 1, 2.4586898916822975e-07, 1.0803289285377105e-07, -2.980232594040899e-08, 0.6384689807891846, -0.7696476578712463, -1.8160793047172774e-07, 0.7696475982666016, 0.6384689807891846),
            ["LeftHand"] = CFrame.new(1.5366822481155396e-07, 0.00009989738464355469, 2.1047890186309814e-07, 0.9581306576728821, 0.07769303768873215, 0.27559173107147217, -0.008673462085425854, 0.9699175953865051, -0.24328076839447021, -0.28620001673698425, 0.2307027280330658, 0.9299805164337158),
            ["RightHand"] = CFrame.new(-1.7136335372924805e-07, 0, -3.203749656677246e-07, 0.9553325176239014, 0.17754286527633667, 0.23626068234443665, -0.20875681936740875, 0.9712728261947632, 0.11423765122890472, -0.2091897875070572, -0.1584540456533432, 0.9649511575698853),
            ["RightUpperArm"] = CFrame.new(1.1920928955078125e-07, -2.384185791015625e-07, 2.9802322387695312e-08, 0.5272586345672607, 0.2504476308822632, 0.8119571208953857, 0.08403678983449936, 0.935520589351654, -0.34313154220581055, -0.8455389142036438, 0.24915331602096558, 0.4722144305706024),
            ["RightLowerLeg"] = CFrame.new(-1.1920928955078125e-07, 0.020837068557739258, -0.0012530816020444036, 1, 5.587924789551835e-08, -1.4900637168580033e-08, -3.81842291119483e-08, 0.9870880246162415, 0.1601615846157074, -4.0978196835794733e-08, -0.1601787954568863, 0.9870908260345459),
            ["LeftUpperLeg"] = CFrame.new(-5.960464477539063e-08, 9.73232090473175e-08, -0.00010000169277191162, 0.7794415950775146, 0.4180714190006256, 0.4665789306163788, -0.10935420542955399, 0.8241134881973267, -0.555748462677002, -0.6168568730354309, 0.3821691572666168, 0.6880754232406616),
            ["LeftLowerLeg"] = CFrame.new(-4.470348358154297e-08, 0.1149449348449707, -0.056596942245960236, 1, -2.2351517259266984e-07, -5.58778481263289e-08, 2.6822095833267667e-07, 0.41508784890174866, 0.9097874760627747, -8.940698847936801e-08, -0.9097813963890076, 0.41507452726364136),
        }},
        {Time = 0.200, Data = {
            ["RightFoot"] = CFrame.new(5.2852556109428406e-08, 0.0064580440521240234, -0.00010292574734194204, 0.9847792983055115, 0.1522916704416275, 0.08376966416835785, -0.14688432216644287, 0.9868572354316711, -0.06736715137958527, -0.09292318671941757, 0.054037827998399734, 0.9942054748535156),
            ["LeftLowerArm"] = CFrame.new(-0.0005000829696655273, -0.00010001659393310547, -2.9802322387695312e-08, 1, -1.713632258315556e-07, -9.685706459094945e-08, 1.1175870895385742e-08, 0.5298693776130676, -0.8480793237686157, 2.4586915969848633e-07, 0.8480793833732605, 0.5298692584037781),
            ["LeftFoot"] = CFrame.new(3.725290298461914e-09, 0.03001636266708374, -0.0000020116567611694336, 0.9847371578216553, -0.028753582388162613, -0.17166675627231598, 0.007419723551720381, 0.9922971725463867, -0.1236613392829895, 0.17388975620269775, 0.12049757689237595, 0.9773629903793335),
            ["Head"] = CFrame.new(1.1175870895385742e-08, -1.1920928955078125e-07, -2.60770320892334e-08, 0.9746055006980896, 0.10760533809661865, -0.19638030230998993, -0.12296105921268463, 0.9900983572006226, -0.0677189901471138, 0.1871488392353058, 0.09014642238616943, 0.9781866073608398),
            ["LowerTorso"] = CFrame.new(0.03270260989665985, -0.0279691219329834, -0.004951821640133858, 0.9734203219413757, 0.008661618456244469, 0.22886236011981964, -0.0046759191900491714, 0.9998279213905334, -0.017951808869838715, -0.2289784699678421, 0.016404511407017708, 0.9732933044433594),
            ["UpperTorso"] = CFrame.new(1.1350493878126144e-09, -2.980232238769531e-07, 2.2118911147117615e-09, 0.993721067905426, -0.08684198558330536, 0.07054756581783295, 0.0764319896697998, 0.9873653054237366, 0.13880962133407593, -0.08171068876981735, -0.13254594802856445, 0.9878031015396118),
            ["HumanoidRootPart"] = CFrame.new(0, 0, 0, 1, 0, 0, 0, 1, 0, 0, 0, 1),
            ["RightUpperLeg"] = CFrame.new(5.960464477539063e-08, -2.975575625896454e-07, -2.7772330213338137e-08, 0.8217481374740601, -0.17487628757953644, -0.5423559546470642, 0.15391096472740173, 0.9844874143600464, -0.08422885090112686, 0.5486724972724915, -0.01424848847091198, 0.8359160423278809),
            ["LeftUpperArm"] = CFrame.new(-1.1920928955078125e-07, -1.1920928955078125e-07, -4.470348358154297e-08, 0.8358641862869263, 0.281258761882782, -0.4714069366455078, -0.247791588306427, 0.9596162438392639, 0.13317658007144928, 0.48982688784599304, 0.005493080709129572, 0.8718024492263794),
            ["RightLowerArm"] = CFrame.new(0, 5.960464477539063e-08, 8.940696716308594e-08, 1, 1.1734665861240501e-07, 1.7788163120258105e-07, -3.725290653733282e-08, 0.962393581867218, -0.2716592252254486, -1.6251580348125572e-07, 0.2716589570045471, 0.962393581867218),
            ["LeftHand"] = CFrame.new(1.2665987014770508e-07, 0.00009995698928833008, -2.682209014892578e-07, 0.9999002814292908, -0.013984126038849354, 0.0020251593086868525, 0.013753103092312813, 0.9960654377937317, 0.08754958212375641, -0.0032414873130619526, -0.08751150965690613, 0.9961581826210022),
            ["RightHand"] = CFrame.new(-1.4901161193847656e-07, -1.7881393432617188e-07, -5.960464477539063e-08, 0.9906988739967346, 0.10628727823495865, 0.08496394008398056, -0.11984921991825104, 0.9772551655769348, 0.17495523393154144, -0.0644354447722435, -0.1835084706544876, 0.9809036254882812),
            ["RightUpperArm"] = CFrame.new(1.1920928955078125e-07, -1.1920928955078125e-07, 5.960464477539063e-08, 0.6058364510536194, 0.11874005943536758, 0.7866784930229187, 0.08498044312000275, 0.9734846949577332, -0.2123815268278122, -0.7910376787185669, 0.19552074372768402, 0.5796819925308228),
            ["RightLowerLeg"] = CFrame.new(-4.470348358154297e-08, 0.02827376127243042, -0.0024142174515873194, 1, 3.7252775086926704e-08, -2.6076145687170538e-08, -4.0046870708465576e-08, 0.9753326177597046, 0.2207244485616684, 4.7497451305389404e-08, -0.22074022889137268, 0.9753361940383911),
            ["LeftUpperLeg"] = CFrame.new(-5.960464477539063e-08, -3.8172584027051926e-07, -0.00010000541806221008, 0.724799633026123, 0.49294084310531616, 0.48133787512779236, -0.08226484805345535, 0.755548894405365, -0.6498880386352539, -0.6840307712554932, 0.4314570426940918, 0.5881831049919128),
            ["LeftLowerLeg"] = CFrame.new(-3.725290298461914e-08, 0.12069785594940186, -0.06862352043390274, 1, -1.6763684129728063e-07, -7.450358907590271e-08, 3.390014455817436e-07, 0.2899731695652008, 0.9570392966270447, -1.4528633585086936e-07, -0.9570347666740417, 0.2899584174156189),
        }},
        {Time = 0.233, Data = {
            ["RightFoot"] = CFrame.new(-4.249159246683121e-08, 0.009025931358337402, -0.00010288476914865896, 0.9835315346717834, 0.16174033284187317, 0.08066265285015106, -0.15332841873168945, 0.98295658826828, -0.1014300212264061, -0.09568784385919571, 0.08738640695810318, 0.9915672540664673),
            ["LeftLowerArm"] = CFrame.new(-0.000500023365020752, -0.00009971857070922852, 1.1548399925231934e-07, 1, -1.0803335470654929e-07, -1.2293398299334513e-07, 2.980232594040899e-08, 0.5621070861816406, -0.8270642757415771, 2.4680051069481124e-07, 0.8270644545555115, 0.5621074438095093),
            ["LeftFoot"] = CFrame.new(3.3527612686157227e-08, 0.030630946159362793, -0.0000017583370208740234, 0.983453631401062, 0.0007479141349904239, -0.18117010593414307, -0.023803794756531715, 0.9918542504310608, -0.12513570487499237, 0.1795898973941803, 0.1273762434720993, 0.9754581451416016),
            ["Head"] = CFrame.new(2.9802322387695312e-08, -3.5762786865234375e-07, -2.2351741790771484e-08, 0.9554009437561035, 0.12580879032611847, -0.26717278361320496, -0.151681587100029, 0.9853124618530273, -0.07843534648418427, 0.2533808648586273, 0.11546238511800766, 0.9604512453079224),
            ["LowerTorso"] = CFrame.new(0.012009793892502785, -0.037506103515625, 0.003969488199800253, 0.9550914764404297, 0.005559233017265797, 0.2962590157985687, -0.00662046717479825, 0.99997478723526, 0.0025790228974074125, -0.29623720049858093, -0.004424576181918383, 0.9551041722297668),
            ["UpperTorso"] = CFrame.new(4.656612873077393e-10, 2.9802322387695312e-08, -6.984919309616089e-10, 0.9916065335273743, -0.10877107828855515, 0.06989508122205734, 0.0973130315542221, 0.9838186502456665, 0.15043649077415466, -0.08512723445892334, -0.14237208664417267, 0.9861457943916321),
            ["HumanoidRootPart"] = CFrame.new(0, 0, 0, 1, 0, 0, 0, 1, 0, 0, 0, 1),
            ["RightUpperLeg"] = CFrame.new(5.960464477539063e-08, -6.507616490125656e-08, -6.362824933603406e-08, 0.92140793800354, -0.20441021025180817, -0.33049267530441284, 0.1768021136522293, 0.9778656959533691, -0.1118784174323082, 0.34604713320732117, 0.044668447226285934, 0.9371541738510132),
            ["LeftUpperArm"] = CFrame.new(1.1920928955078125e-07, 1.1920928955078125e-07, 2.9802322387695312e-08, 0.5299394130706787, 0.2842370867729187, -0.7989829182624817, -0.22461602091789246, 0.9555539488792419, 0.1909564733505249, 0.8177480697631836, 0.07826898247003555, 0.5702298283576965),
            ["RightLowerArm"] = CFrame.new(-5.960464477539063e-08, 0, 8.940696716308594e-08, 1, 1.210719347000122e-08, 2.756698620487441e-07, -4.5634813261585805e-08, 1, -6.52387655009079e-07, -1.6670675506702537e-07, -5.9138983488082886e-08, 1),
            ["LeftHand"] = CFrame.new(-2.384185791015625e-07, 0.0001004934310913086, -1.4901161193847656e-08, 0.9694575667381287, -0.011891951784491539, -0.24497272074222565, 0.07503876090049744, 0.9653082489967346, 0.2501012086868286, 0.2334979772567749, -0.2608422040939331, 0.9367165565490723),
            ["RightHand"] = CFrame.new(5.960464477539063e-08, 2.384185791015625e-07, 5.960464477539063e-08, 0.9947732090950012, 0.10203149169683456, 0.004002968315035105, -0.10099906474351883, 0.9774280190467834, 0.18556590378284454, 0.015020791441202164, -0.18499800562858582, 0.9826237559318542),
            ["RightUpperArm"] = CFrame.new(0, 0, 5.960464477539063e-08, 0.652342677116394, -0.06898129731416702, 0.7547784447669983, 0.12253701686859131, 0.9923474192619324, -0.015213385224342346, -0.7479530572891235, 0.10241268575191498, 0.6558033227920532),
            ["RightLowerLeg"] = CFrame.new(-1.5925616025924683e-07, 0.04210221767425537, -0.0057149287313222885, 1, 7.543665958564816e-08, 4.842726752940507e-08, -1.1362135410308838e-07, 0.9419025182723999, 0.3358743488788605, 3.5390257835388184e-08, -0.33588653802871704, 0.941906750202179),
            ["LeftUpperLeg"] = CFrame.new(-5.960464477539063e-08, -1.973239704966545e-07, -0.00010005151852965355, 0.7219347357749939, 0.5081901550292969, 0.4696425795555115, -0.03895599767565727, 0.7074664831161499, -0.7056553363800049, -0.6908637285232544, 0.49115580320358276, 0.5305530428886414),
            ["LeftLowerLeg"] = CFrame.new(-5.960464477539063e-08, 0.12295740842819214, -0.07594701647758484, 1, -2.346920808804498e-07, -1.3038099666573544e-07, 3.0919909477233887e-07, 0.21392610669136047, 0.97685307264328, -1.9744038581848145e-07, -0.9768499135971069, 0.21391122043132782),
        }},
        {Time = 0.267, Data = {
            ["RightFoot"] = CFrame.new(5.203764885663986e-08, 0.008222818374633789, -0.00010292760998709127, 0.9811780452728271, 0.1753343641757965, 0.08092337846755981, -0.1570044755935669, 0.9682909250259399, -0.19433607161045074, -0.11242460459470749, 0.17796273529529572, 0.9775913953781128),
            ["LeftLowerArm"] = CFrame.new(-0.0004998743534088135, -0.00010001659393310547, 6.239861249923706e-08, 1, 4.0978164861371624e-08, 2.6076900638827283e-08, -3.725290742551124e-09, 0.4758443832397461, -0.8795295357704163, 1.6670675506702537e-07, 0.8795294761657715, 0.47584429383277893),
            ["LeftFoot"] = CFrame.new(-1.862645149230957e-08, 0.028475284576416016, -0.00000216066837310791, 0.9844322800636292, 0.05480562523007393, -0.16701190173625946, -0.07967455685138702, 0.986061692237854, -0.1460697203874588, 0.156669020652771, 0.15709450840950012, 0.9750747084617615),
            ["Head"] = CFrame.new(-7.450580596923828e-09, 0, -7.450580596923828e-09, 0.9287863373756409, 0.13217505812644958, -0.346245139837265, -0.17317266762256622, 0.9807584285736084, -0.09013443440198898, 0.32766929268836975, 0.14367584884166718, 0.9338041543960571),
            ["LowerTorso"] = CFrame.new(-0.011195125989615917, -0.06001782417297363, 0.011698294430971146, 0.9346920847892761, 0.0003432961239013821, 0.3554582893848419, -0.008263692259788513, 0.9997502565383911, 0.020764173939824104, -0.3553623855113983, -0.02234550565481186, 0.9344614744186401),
            ["UpperTorso"] = CFrame.new(1.280568540096283e-09, 8.940696716308594e-08, -1.1641532182693481e-09, 0.9896941781044006, -0.12556807696819305, 0.06883402168750763, 0.11314481496810913, 0.9803521037101746, 0.16157974302768707, -0.08777085691690445, -0.15212632715702057, 0.9844561219215393),
            ["HumanoidRootPart"] = CFrame.new(0, 0, 0, 1, 0, 0, 0, 1, 0, 0, 0, 1),
            ["RightUpperLeg"] = CFrame.new(5.960464477539063e-08, 1.37049937620759e-07, -7.620110409334302e-08, 0.9758680462837219, -0.191472589969635, -0.10497792810201645, 0.18874238431453705, 0.981386661529541, -0.03543366864323616, 0.10980913043022156, 0.01477942056953907, 0.993843138217926),
            ["LeftUpperArm"] = CFrame.new(-1.1920928955078125e-07, -2.384185791015625e-07, -1.043081283569336e-07, 0.4211999475955963, 0.25757282972335815, -0.869624674320221, -0.2811320722103119, 0.9486786723136902, 0.1448223739862442, 0.8622966408729553, 0.1834801882505417, 0.47199511528015137),
            ["RightLowerArm"] = CFrame.new(-1.1920928955078125e-07, 0, 2.384185791015625e-07, 1, 7.939527080225162e-08, 1.6949975645275117e-07, -3.91155481338501e-08, 0.9907326102256775, -0.13582782447338104, -2.3096799850463867e-07, 0.1358274668455124, 0.9907324910163879),
            ["LeftHand"] = CFrame.new(-7.450580596923828e-08, 0.00009989738464355469, -4.470348358154297e-08, 0.9309267997741699, 0.03389323130249977, -0.36363255977630615, 0.05091744661331177, 0.9739148020744324, 0.2211304008960724, 0.3616388738155365, -0.2243689000606537, 0.9049159288406372),
            ["RightHand"] = CFrame.new(-1.4901161193847656e-08, 1.7881393432617188e-07, 1.4901161193847656e-08, 0.986651599407196, 0.12224895507097244, 0.10758331418037415, -0.1402445286512375, 0.9736533761024475, 0.17980995774269104, -0.0827665850520134, -0.19249539077281952, 0.977800726890564),
            ["RightUpperArm"] = CFrame.new(0, -2.384185791015625e-07, -2.9802322387695312e-08, 0.6282251477241516, -0.3210265636444092, 0.7087137699127197, 0.1627817451953888, 0.9449794292449951, 0.2837534248828888, -0.7608122229576111, -0.06289537996053696, 0.6459170579910278),
