return {
    ["Stuck"] = {
        {Time = 0.000, Data = {
            ["LeftFoot"] = CFrame.new(-2.2351741790771484e-08, 0, 7.450580596923828e-09, 0.9351781010627747, -0.34786611795425415, -0.06656897068023682, 0.28718891739845276, 0.8547822833061218, -0.43228477239608765, 0.20727890729904175, 0.38514477014541626, 0.8992766737937927),
            ["LeftLowerArm"] = CFrame.new(3.8743019104003906e-07, 2.980232238769531e-07, 4.6566128730773926e-08, 1, -4.656612873077393e-10, 6.810296326875687e-09, -4.656612873077393e-10, 1, 0, 6.861228030174971e-09, -4.656612873077393e-10, 1),
            ["LowerTorso"] = CFrame.new(-0.02749193087220192, -0.7692224979400635, -0.07546484470367432, 0.9999105930328369, 0.012506560422480106, -0.004740837495774031, -0.012229044921696186, 0.9984317421913147, 0.054630886763334274, 0.00541664706543088, -0.05456802248954773, 0.9984953999519348),
            ["Head"] = CFrame.new(4.470348358154297e-08, 3.5762786865234375e-07, -2.9802322387695312e-08, 0.9609484672546387, -0.14718878269195557, 0.23433634638786316, 0.12803158164024353, 0.9872048497200012, 0.09505029022693634, -0.2453283667564392, -0.061335932463407516, 0.9674977660179138),
            ["RightUpperArm"] = CFrame.new(3.5762786865234375e-07, -1.1920928955078125e-07, -1.1175870895385742e-08, 0.40120041370391846, -0.9151597023010254, 0.03900160267949104, 0.5724799633026123, 0.21727824211120605, -0.7906054258346558, 0.7150558829307556, 0.33951881527900696, 0.6110827326774597),
            ["UpperTorso"] = CFrame.new(-2.0838342607021332e-08, -1.1920928955078125e-07, 2.2795575205236673e-08, 0.9662854671478271, 0.08253923803567886, -0.2438848465681076, -0.07034551352262497, 0.9958171248435974, 0.05830685794353485, 0.2476772964000702, -0.03918484225869179, 0.9680498242378235),
            ["HumanoidRootPart"] = CFrame.new(0, 0, 0, 1, 0, 0, 0, 1, 0, 0, 0, 1),
            ["RightHand"] = CFrame.new(1.1175870895385742e-07, 1.1920928955078125e-07, 9.685754776000977e-08, 0.9776664972305298, 0.1583789587020874, -0.13814608752727509, -0.16466540098190308, 0.9857191443443298, -0.03525723144412041, 0.13058927655220032, 0.05721771717071533, 0.9897841811180115),
            ["LeftUpperArm"] = CFrame.new(0, 3.5762786865234375e-07, -2.9802322387695312e-08, -0.2809096872806549, 0.2691737115383148, -0.9212140440940857, -0.9593921899795532, -0.10438047349452972, 0.26205208897590637, -0.025619197636842728, 0.9574185609817505, 0.2875646650791168),
            ["RightLowerArm"] = CFrame.new(-5.960464477539062e-07, -5.960464477539063e-08, 3.427267074584961e-07, 1, -1.3783574104309082e-07, 1.3411047916633834e-07, 1.043081283569336e-07, -0.26795896887779236, -0.9634304046630859, 1.0058283805847168e-07, 0.9634303450584412, -0.26795896887779236),
            ["LeftHand"] = CFrame.new(-1.909211277961731e-07, -3.5762786865234375e-07, -1.564621925354004e-07, 0.9599872827529907, -0.27529728412628174, -0.05134141445159912, 0.2747502028942108, 0.9613552093505859, -0.01756611280143261, 0.05419321730732918, 0.0027571870014071465, 0.9985266923904419),
            ["RightUpperLeg"] = CFrame.new(5.960464477539063e-08, 2.8870999813079834e-07, -7.639755494892597e-10, 0.6970494389533997, -0.69884192943573, 0.16044369339942932, 0.4566398859024048, 0.260145366191864, -0.8507668375968933, 0.552812933921814, 0.6662914752960205, 0.5004534125328064),
            ["LeftUpperLeg"] = CFrame.new(-1.7881393432617188e-07, 2.2165477275848389e-07, 1.5832483768463135e-08, 0.7296469807624817, 0.6778320670127869, -0.09032675623893738, -0.31076234579086304, 0.21101835370063782, -0.9267674684524536, -0.6091322302818298, 0.7042832970619202, 0.3646136224269867),
            ["RightLowerLeg"] = CFrame.new(8.940696716308594e-08, -0.00012248754501342773, -0.00007742473826510832, 1, -1.1175866632129328e-07, -1.4901161193847656e-07, 1.0430811414607888e-07, -0.10527628660202026, 0.9944430589675903, -1.341104365337742e-07, -0.9944430589675903, -0.10527605563402176),
            ["RightFoot"] = CFrame.new(-4.284083843231201e-08, 3.5762786865234375e-07, -3.183231456205249e-08, 0.8767895698547363, 0.4736870229244232, 0.08283230662345886, -0.3773001730442047, 0.7844520211219788, -0.49221864342689514, -0.2981353998184204, 0.40031951665878296, 0.8665215373039246),
            ["LeftLowerLeg"] = CFrame.new(-5.960464477539063e-08, 0.00012260675430297852, 0.00007736682891845703, 1, 4.806133091506126e-08, 2.2351733264258655e-07, -1.1920926112907182e-07, -0.15120798349380493, 0.9885019659996033, 1.1175868053214799e-07, -0.988502025604248, -0.15120811760425568),
        }},
        {Time = 0.033, Data = {
            ["LeftFoot"] = CFrame.new(-1.043081283569336e-07, 5.960464477539063e-08, 2.2351741790771484e-08, 0.93317049741745, -0.3592166006565094, -0.012506076134741306, 0.3166482448577881, 0.8380548357963562, -0.4442952871322632, 0.17007876932621002, 0.4106430411338806, 0.895793080329895),
            ["LeftLowerArm"] = CFrame.new(3.8743019104003906e-07, 5.364418029785156e-07, 5.960464477539063e-08, 1, -3.725290742551124e-09, 4.307367262867956e-08, 3.725290298461914e-09, 1, -3.725290742551124e-09, 9.546056389808655e-09, -1.862645371275562e-09, 1),
            ["LowerTorso"] = CFrame.new(-0.04107820615172386, -0.7766625881195068, -0.06434793770313263, 0.9988126158714294, 0.036556195467710495, -0.032202091068029404, -0.03273512050509453, 0.9931577444076538, 0.11209879070520401, 0.036079660058021545, -0.1109115406870842, 0.993175208568573),
            ["Head"] = CFrame.new(-3.725290298461914e-08, -3.5762786865234375e-07, -1.1175870895385742e-08, 0.9560317397117615, -0.16527828574180603, 0.24225308001041412, 0.14630679786205292, 0.9847207069396973, 0.09444275498390198, -0.25416097044944763, -0.05484697222709656, 0.9656055569648743),
            ["RightUpperArm"] = CFrame.new(-5.960464477539063e-08, -3.5762786865234375e-07, -1.1175870895385742e-08, 0.1790601909160614, -0.9615891575813293, 0.2080477625131607, 0.3067795932292938, -0.1463504284620285, -0.9404616355895996, 0.9347853660583496, 0.23222412168979645, 0.2687903046607971),
            ["UpperTorso"] = CFrame.new(-6.05359673500061e-09, -2.9802322387695312e-08, 8.498318493366241e-09, 0.97111576795578, 0.07766401022672653, -0.2256157547235489, -0.07906077802181244, 0.9968658089637756, 0.0028517621103674173, 0.22513005137443542, 0.015067972242832184, 0.9742122292518616),
            ["HumanoidRootPart"] = CFrame.new(0, 0, 0, 1, 0, 0, 0, 1, 0, 0, 0, 1),
            ["RightHand"] = CFrame.new(-7.82310962677002e-08, 4.76837158203125e-07, 1.862645149230957e-07, 0.9476274847984314, 0.27383098006248474, -0.16437435150146484, -0.2766362130641937, 0.960955798625946, 0.006031178869307041, 0.15960800647735596, 0.03975653275847435, 0.9863796234130859),
            ["LeftUpperArm"] = CFrame.new(5.960464477539063e-08, -2.384185791015625e-07, -7.450580596923828e-09, -0.2568349242210388, 0.3071524202823639, -0.9163479208946228, -0.9638454914093018, -0.1510382890701294, 0.21952074766159058, -0.07097717374563217, 0.9395982027053833, 0.33483925461769104),
            ["RightLowerArm"] = CFrame.new(-1.7881393432617188e-07, -2.384185791015625e-07, 5.662441253662109e-07, 1, -1.1175868053214799e-07, 1.4156104555240745e-07, 7.357451181633223e-08, -0.481886625289917, -0.8762336373329163, 1.7479766256656148e-07, 0.8762335777282715, -0.48188668489456177),
            ["LeftHand"] = CFrame.new(-8.940696716308594e-08, -2.980232238769531e-07, -7.450580596923828e-08, 0.9599876999855042, -0.2752954661846161, -0.05134296417236328, 0.2747481167316437, 0.9613558053970337, -0.017568020150065422, 0.054195281118154526, 0.0027587278746068478, 0.9985266327857971),
            ["RightUpperLeg"] = CFrame.new(-8.940696716308594e-08, 4.852190613746643e-07, -1.1939846444875002e-08, 0.7191354036331177, -0.651713490486145, 0.24106790125370026, 0.462887167930603, 0.19055578112602234, -0.8656929731369019, 0.5182469487190247, 0.7341375946998596, 0.43870511651039124),
            ["LeftUpperLeg"] = CFrame.new(2.9802322387695312e-08, 5.4016709327697754e-08, 5.587935447692871e-09, 0.7489722371101379, 0.6583576798439026, -0.07487030327320099, -0.27409499883651733, 0.20496602356433868, -0.939606785774231, -0.603251576423645, 0.7242610454559326, 0.3339664936065674),
            ["RightLowerLeg"] = CFrame.new(-5.960464477539063e-08, -0.00012260675430297852, -0.00007733533129794523, 1, -1.9371502446574596e-07, -2.0861631355728605e-07, 1.7881390590446244e-07, -0.11656320095062256, 0.9931833148002625, -2.0861622829215776e-07, -0.9931833744049072, -0.11656306684017181),
            ["RightFoot"] = CFrame.new(5.587935447692871e-08, 2.980232238769531e-07, -3.742025000974536e-08, 0.8709540963172913, 0.48992156982421875, 0.037633661180734634, -0.4161797761917114, 0.7762366533279419, -0.4735511243343353, -0.26121556758880615, 0.3967791795730591, 0.8799620270729065),
            ["LeftLowerLeg"] = CFrame.new(5.960464477539063e-08, 0.0001227855682373047, 0.00007759034633636475, 1, 9.22009135706503e-08, 8.940694584680386e-08, -5.960463056453591e-08, -0.157469242811203, 0.9875238537788391, 7.450579175838357e-08, -0.9875239729881287, -0.15746934711933136),
        }},
        {Time = 0.067, Data = {
            ["LeftFoot"] = CFrame.new(5.21540641784668e-08, -1.1920928955078125e-07, -1.4901161193847656e-08, 0.9279502034187317, -0.37090325355529785, 0.03659667447209358, 0.34535229206085205, 0.8187724351882935, -0.4586324393749237, 0.14014378190040588, 0.4382266104221344, 0.8878722190856934),
            ["LeftLowerArm"] = CFrame.new(-2.086162567138672e-07, -2.384185791015625e-07, -1.2665987014770508e-07, 1, -9.313225746154785e-09, 4.190952473948073e-09, 7.450580596923828e-09, 1, 7.450582373280668e-09, -1.6763806343078613e-08, 9.313225746154785e-09, 1),
            ["LowerTorso"] = CFrame.new(-0.05446464940905571, -0.7841041088104248, -0.05399075523018837, 0.9944828152656555, 0.07361885160207748, -0.07472777366638184, -0.062099259346723557, 0.9872999787330627, 0.1462274193763733, 0.08454382419586182, -0.14078010618686676, 0.9864245057106018),
            ["Head"] = CFrame.new(3.725290298461914e-08, -5.960464477539062e-07, -3.725290298461914e-09, 0.9522331953048706, -0.17608100175857544, 0.24949441850185394, 0.15936970710754395, 0.9834805727005005, 0.08583403378725052, -0.2604866623878479, -0.04197218641638756, 0.9645647406578064),
            ["RightUpperArm"] = CFrame.new(2.384185791015625e-07, -3.5762786865234375e-07, -3.5390257835388184e-08, 0.19169342517852783, -0.9383258819580078, 0.28774696588516235, 0.10800061374902725, -0.2712363600730896, -0.956434428691864, 0.9754945635795593, 0.21441899240016937, 0.04934557527303696),
            ["UpperTorso"] = CFrame.new(-2.2351741790771484e-08, 1.7881393432617188e-07, 2.6542693376541138e-08, 0.9803683757781982, 0.05630429461598396, -0.18896493315696716, -0.06238141283392906, 0.9977042078971863, -0.026363283395767212, 0.18704672157764435, 0.03763362765312195, 0.9816299676895142),
            ["HumanoidRootPart"] = CFrame.new(0, 0, 0, 1, 0, 0, 0, 1, 0, 0, 0, 1),
            ["RightHand"] = CFrame.new(-7.450580596923828e-09, 0, -1.341104507446289e-07, 0.8565129041671753, 0.49423837661743164, -0.1487085372209549, -0.48093217611312866, 0.8688358068466187, 0.11759507656097412, 0.18732334673404694, -0.02920306846499443, 0.9818642139434814),
            ["LeftUpperArm"] = CFrame.new(-2.384185791015625e-07, 0, -8.940696716308594e-08, -0.18157289922237396, 0.34654366970062256, -0.920292854309082, -0.9738728404045105, -0.19316907227039337, 0.11940477043390274, -0.13639312982559204, 0.9179287552833557, 0.3725636601448059),
            ["RightLowerArm"] = CFrame.new(1.1920928955078125e-07, -1.1920928955078125e-07, 2.980232238769531e-07, 1, -7.823111758398227e-08, 1.5646223516796454e-07, 6.519260153936557e-08, -0.6327019333839417, -0.7743954658508301, 1.2572859020565375e-07, 0.7743954658508301, -0.6327018737792969),
            ["LeftHand"] = CFrame.new(-2.980232238769531e-07, -5.364418029785156e-07, -1.4901161193847656e-08, 0.9599891901016235, -0.2752896845340729, -0.05134456604719162, 0.2747420072555542, 0.9613573551177979, -0.017575319856405258, 0.0541987270116806, 0.0027656222227960825, 0.998526394367218),
            ["RightUpperLeg"] = CFrame.new(-1.7881393432617188e-07, 4.252651706337929e-07, -3.242894308641553e-08, 0.7359547019004822, -0.584068775177002, 0.34239473938941956, 0.4968986511230469, 0.12247861921787262, -0.8591222763061523, 0.45985037088394165, 0.8024106025695801, 0.3803614377975464),
            ["LeftUpperLeg"] = CFrame.new(2.384185791015625e-07, 8.475035429000854e-07, 7.450580596923828e-09, 0.7578697204589844, 0.6513954401016235, -0.03629951551556587, -0.2440793216228485, 0.2314973771572113, -0.9417187571525574, -0.6050280332565308, 0.7225600481033325, 0.3344370722770691),
            ["RightLowerLeg"] = CFrame.new(2.9802322387695312e-08, -0.0001220703125, -0.00007745454058749601, 1, -1.1175866632129328e-07, -2.2351753159455257e-07, 1.788139627478813e-07, -0.1302572637796402, 0.9914803504943848, -2.0861628513557662e-07, -0.9914802312850952, -0.13025712966918945),
            ["RightFoot"] = CFrame.new(4.6566128730773926e-08, 4.76837158203125e-07, -4.6733475755900145e-08, 0.8616979718208313, 0.5073644518852234, -0.007634221110492945, -0.4568125009536743, 0.7691162824630737, -0.4469696879386902, -0.22090502083301544, 0.3886405825614929, 0.8945165276527405),
            ["LeftLowerLeg"] = CFrame.new(1.4901161193847656e-07, 0.00012242794036865234, 0.00007741153240203857, 1, 1.2107190627830278e-07, 4.470347647611561e-08, -1.2665985593685036e-07, -0.15742431581020355, 0.9875310659408569, 8.940695295223122e-08, -0.9875311255455017, -0.15742458403110504),
        }},
        {Time = 0.100, Data = {
            ["LeftFoot"] = CFrame.new(-1.4901161193847656e-08, -5.960464477539063e-08, 5.21540641784668e-08, 0.9318922162055969, -0.36059942841529846, 0.03930918499827385, 0.3369283378124237, 0.8203495144844055, -0.46206700801849365, 0.13437366485595703, 0.44384098052978516, 0.8859734535217285),
            ["LeftLowerArm"] = CFrame.new(-2.9802322387695312e-08, 3.5762786865234375e-07, -2.2351741790771484e-08, 1, -5.704352989965855e-09, -9.313230187046884e-10, 8.498320269723081e-09, 1, 1.2340030330904028e-08, 9.313227966600834e-10, -9.895305908003138e-09, 1),
            ["LowerTorso"] = CFrame.new(-0.06675292551517487, -0.7821903228759766, -0.047815896570682526, 0.9907971620559692, 0.10310125350952148, -0.08769899606704712, -0.08978570252656937, 0.9854707717895508, 0.14417320489883423, 0.10128923505544662, -0.13497228920459747, 0.9856586456298828),
            ["Head"] = CFrame.new(-2.2351741790771484e-08, -3.5762786865234375e-07, 5.21540641784668e-08, 0.9550592303276062, -0.17968584597110748, 0.23574340343475342, 0.1662653535604477, 0.9831640720367432, 0.07579174637794495, -0.24539315700531006, -0.03318961337208748, 0.9688553214073181),
            ["RightUpperArm"] = CFrame.new(2.384185791015625e-07, -2.384185791015625e-07, -3.91155481338501e-08, 0.2178144007921219, -0.9095824956893921, 0.35385942459106445, 0.17198507487773895, -0.32112017273902893, -0.9312911033630371, 0.960717499256134, 0.26370716094970703, 0.08648993074893951),
            ["UpperTorso"] = CFrame.new(-3.073364496231079e-08, -3.2782554626464844e-07, -2.1420419216156006e-08, 0.98650723695755, 0.033548761159181595, -0.16024401783943176, -0.03790810704231262, 0.9989876747131348, -0.02422446571290493, 0.1592690795660019, 0.029972132295370102, 0.9867801666259766),
            ["HumanoidRootPart"] = CFrame.new(0, 0, 0, 1, 0, 0, 0, 1, 0, 0, 0, 1),
            ["RightHand"] = CFrame.new(-4.423782229423523e-08, -1.7881393432617188e-07, 5.21540641784668e-08, 0.8133313655853271, 0.5751113295555115, -0.08797220885753632, -0.5533332228660583, 0.8113601803779602, 0.18845975399017334, 0.1797625869512558, -0.1046023815870285, 0.9781329035758972),
            ["LeftUpperArm"] = CFrame.new(1.1920928955078125e-07, 7.152557373046875e-07, 1.4901161193847656e-08, 0.04983077198266983, 0.3556622564792633, -0.9332851767539978, -0.9675332903862, -0.21463753283023834, -0.1334547996520996, -0.2477828711271286, 0.9096347093582153, 0.33341947197914124),
            ["RightLowerArm"] = CFrame.new(2.980232238769531e-07, -2.980232238769531e-07, 2.384185791015625e-07, 1, -7.823108916227284e-08, 1.8230639398097992e-07, 6.286428089197216e-08, -0.6953099370002747, -0.7187100648880005, 1.4016406169048423e-07, 0.7187101244926453, -0.6953098773956299),
            ["LeftHand"] = CFrame.new(-3.203749656677246e-07, -5.364418029785156e-07, 8.568167686462402e-08, 0.9599916338920593, -0.27529871463775635, -0.051252029836177826, 0.27472126483917236, 0.9613530039787292, -0.01812872849404812, 0.054262109100818634, 0.003323426702991128, 0.9985212683677673),
            ["RightUpperLeg"] = CFrame.new(-8.940696716308594e-08, -1.5547266229987144e-07, -2.521119313314557e-08, 0.7250065207481384, -0.5626091957092285, 0.39728686213493347, 0.5349488258361816, 0.09666416794061661, -0.8393365144729614, 0.43381500244140625, 0.8210523128509521, 0.37104904651641846),
            ["LeftUpperLeg"] = CFrame.new(1.1920928955078125e-07, 7.82310962677002e-08, 2.9802322387695312e-08, 0.7610019445419312, 0.6485852599143982, 0.0146124716848135, -0.21265889704227448, 0.2706710994243622, -0.9388893842697144, -0.6129048466682434, 0.7113890647888184, 0.34390896558761597),
            ["RightLowerLeg"] = CFrame.new(-1.7881393432617188e-07, -0.00012248754501342773, -0.00007749924407107756, 1, -1.3411039390121005e-07, -1.3411047916633834e-07, 1.4901158351676713e-07, -0.13166414201259613, 0.9912945032119751, -2.6822084464583895e-07, -0.9912943840026855, -0.13166379928588867),
            ["RightFoot"] = CFrame.new(2.9802322387695312e-08, 4.76837158203125e-07, -9.480572771281004e-09, 0.8540198802947998, 0.5197380781173706, -0.022862831130623817, -0.47754865884780884, 0.765745222568512, -0.4307909905910492, -0.20639148354530334, 0.37882259488105774, 0.9021621346473694),
            ["LeftLowerLeg"] = CFrame.new(-2.9802322387695312e-08, 0.00012254714965820312, 0.0000775456428527832, 1, 8.940698137394065e-08, 1.3411046495548362e-07, -1.4156104555240745e-07, -0.14396356046199799, 0.9895829558372498, 8.195639367158947e-08, -0.9895830154418945, -0.14396362006664276),
        }},
        {Time = 0.133, Data = {
            ["LeftFoot"] = CFrame.new(1.4901161193847656e-08, 0, 1.4901161193847656e-08, 0.9385672807693481, -0.34508106112480164, -0.0032784324139356613, 0.3037119507789612, 0.8304861187934875, -0.46696028113365173, 0.16386167705059052, 0.4372776746749878, 0.8842722177505493),
            ["LeftLowerArm"] = CFrame.new(-2.980232238769531e-07, -1.7881393432617188e-07, 7.450580596923828e-09, 1, -1.862645371275562e-09, -1.9557775843281888e-08, 9.313225746154785e-09, 1, -1.4901162970204496e-08, -3.725290298461914e-09, 3.725290742551124e-09, 1),
            ["LowerTorso"] = CFrame.new(-0.07223621010780334, -0.779658317565918, -0.05762646719813347, 0.9882755875587463, 0.1270456612110138, -0.0846804827451706, -0.115296371281147, 0.9845784902572632, 0.1315750777721405, 0.1000906229019165, -0.12026908248662949, 0.9876827597618103),
            ["Head"] = CFrame.new(3.3527612686157227e-08, -3.5762786865234375e-07, -7.450580596923828e-09, 0.9623479247093201, -0.1642698347568512, 0.21656864881515503, 0.15685154497623444, 0.9862978458404541, 0.05113019794225693, -0.22200030088424683, -0.015235909260809422, 0.974927544593811),
            ["RightUpperArm"] = CFrame.new(3.5762786865234375e-07, 2.384185791015625e-07, -1.30385160446167e-08, 0.05427168309688568, -0.8397728204727173, 0.5402187705039978, 0.6775032877922058, -0.36646005511283875, -0.6377275586128235, 0.7335148453712463, 0.4006105363368988, 0.5490603446960449),
            ["UpperTorso"] = CFrame.new(-5.587935447692871e-08, -2.086162567138672e-07, 5.9371814131736755e-09, 0.991342306137085, 0.0010318114655092359, -0.1312994658946991, -0.00710444338619709, 0.9989258050918579, -0.04579026997089386, 0.13111114501953125, 0.046326637268066406, 0.9902846813201904),
            ["HumanoidRootPart"] = CFrame.new(0, 0, 0, 1, 0, 0, 0, 1, 0, 0, 0, 1),
            ["RightHand"] = CFrame.new(-1.862645149230957e-09, -1.7881393432617188e-07, 2.9802322387695312e-08, 0.8418115973472595, 0.5392714142799377, -0.023231161758303642, -0.5239564180374146, 0.8267315030097961, 0.20490191876888275, 0.12970368564128876, -0.16031669080257416, 0.9785068035125732),
            ["LeftUpperArm"] = CFrame.new(0, 2.384185791015625e-07, 2.2351741790771484e-08, 0.21383105218410492, 0.3484664559364319, -0.9126047492027283, -0.9404628872871399, -0.17923641204833984, -0.288797527551651, -0.26420828700065613, 0.9200247526168823, 0.2893933951854706),
            ["RightLowerArm"] = CFrame.new(-4.470348358154297e-07, -1.7881393432617188e-07, -3.8743019104003906e-07, 1, -4.4703469370688254e-08, 1.4342364806907426e-07, 6.14673041354763e-08, -0.5949772000312805, -0.8037426471710205, 1.6111884804104193e-07, 0.8037425875663757, -0.5949771404266357),
            ["LeftHand"] = CFrame.new(-1.9371509552001953e-07, 0, -1.7881393432617188e-07, 0.9599905610084534, -0.27527716755867004, -0.051387540996074677, 0.27474430203437805, 0.9613617062568665, -0.01729915477335453, 0.054164085537195206, 0.0024886217433959246, 0.9985290169715881),
            ["RightUpperLeg"] = CFrame.new(-8.940696716308594e-08, 2.425513230264187e-07, 2.1122104953974485e-08, 0.6928191184997559, -0.5939942002296448, 0.4088676869869232, 0.5519915819168091, 0.07200346142053604, -0.8307350873947144, 0.4640119671821594, 0.8012405037879944, 0.37776505947113037),
            ["LeftUpperLeg"] = CFrame.new(2.9802322387695312e-08, 3.3061951398849487e-07, 1.862645149230957e-08, 0.7449544668197632, 0.6630073189735413, 0.07392025738954544, -0.18286626040935516, 0.30950745940208435, -0.9331479668617249, -0.6415627002716064, 0.6816351413726807, 0.3518108129501343),
            ["RightLowerLeg"] = CFrame.new(-2.086162567138672e-07, -0.00012230873107910156, -0.00007735023245913908, 1, -1.4156097449813387e-07, -1.6391282997574308e-07, 1.341104365337742e-07, -0.13843508064746857, 0.990371584892273, -2.3841855067985307e-07, -0.990371584892273, -0.13843491673469543),
            ["RightFoot"] = CFrame.new(-2.2351741790771484e-08, 2.384185791015625e-07, 5.198671715334058e-08, 0.8539276123046875, 0.5201648473739624, 0.015383915975689888, -0.46222928166389465, 0.7717354893684387, -0.4367697238922119, -0.23906457424163818, 0.3658590316772461, 0.8994418382644653),
            ["LeftLowerLeg"] = CFrame.new(-2.9802322387695312e-08, 0.00012260675430297852, 0.00007749348878860474, 1, 9.685754776000977e-08, 1.3411046495548362e-07, -1.4901161193847656e-08, -0.12709319591522217, 0.9918908476829529, 1.1548399925231934e-07, -0.9918907880783081, -0.12709324061870575),
        }},
        {Time = 0.167, Data = {
            ["LeftFoot"] = CFrame.new(1.4156103134155273e-07, 5.960464477539063e-08, -5.960464477539063e-08, 0.9388792514801025, -0.34028974175453186, -0.05204824358224869, 0.2761594355106354, 0.8347911834716797, -0.4762978255748749, 0.20552827417850494, 0.43281224370002747, 0.8777422904968262),
            ["LeftLowerArm"] = CFrame.new(-8.642673492431641e-07, 1.1920928955078125e-07, 9.685754776000977e-08, 1, 0, -1.4901162970204496e-08, 2.2351736461700966e-08, 0.9978607892990112, -0.06537600606679916, 1.6763802790364934e-08, 0.06537599861621857, 0.9978607892990112),
            ["LowerTorso"] = CFrame.new(-0.0702848732471466, -0.7870464324951172, -0.08421874046325684, 0.9883413910865784, 0.13511116802692413, -0.07018750160932541, -0.12911315262317657, 0.9880707859992981, 0.08393985033035278, 0.08069142699241638, -0.07389909774065018, 0.9939959049224854),
            ["Head"] = CFrame.new(3.91155481338501e-08, -3.5762786865234375e-07, -2.2351741790771484e-08, 0.9774003624916077, -0.13089589774608612, 0.16599701344966888, 0.1341535747051239, 0.990924060344696, -0.008517255075275898, -0.1633756160736084, 0.030593864619731903, 0.9860895872116089),
            ["RightUpperArm"] = CFrame.new(2.384185791015625e-07, -4.76837158203125e-07, 3.4924596548080444e-09, -0.2510015368461609, -0.5280254483222961, 0.811287522315979, 0.9270220994949341, -0.37236249446868896, 0.04445662721991539, 0.27861881256103516, 0.7632400989532471, 0.5829547643661499),
            ["UpperTorso"] = CFrame.new(-5.587935447692871e-09, -4.172325134277344e-07, -1.0943040251731873e-08, 0.9968137741088867, -0.032649777829647064, -0.07277697324752808, 0.029147140681743622, 0.9983890056610107, -0.04868206009268761, 0.07424919307231903, 0.046405691653490067, 0.9961594939231873),
            ["HumanoidRootPart"] = CFrame.new(0, 0, 0, 1, 0, 0, 0, 1, 0, 0, 0, 1),
            ["RightHand"] = CFrame.new(-2.682209014892578e-07, 1.7881393432617188e-07, -2.980232238769531e-07, 0.8751668334007263, 0.47276338934898376, 0.10284929722547531, -0.4836791455745697, 0.8600687384605408, 0.16228517889976501, -0.011734934523701668, -0.19177259504795074, 0.9813692569732666),
            ["LeftUpperArm"] = CFrame.new(0, -1.1920928955078125e-07, -2.2351741790771484e-08, 0.36375054717063904, 0.31708768010139465, -0.8758658766746521, -0.904559314250946, -0.10424593091011047, -0.4134070873260498, -0.22239163517951965, 0.9426496028900146, 0.2489050030708313),
            ["RightLowerArm"] = CFrame.new(5.364418029785156e-07, -5.960464477539063e-08, 3.0174851417541504e-07, 1, -6.70552182668871e-08, 5.215408194203519e-08, 1.0430814256778831e-07, 0.16902154684066772, -0.9856124520301819, 7.729978079851207e-08, 0.9856123328208923, 0.16902154684066772),
            ["LeftHand"] = CFrame.new(8.940696716308594e-08, 1.7881393432617188e-07, -4.470348358154297e-08, 0.9599891304969788, -0.27529481053352356, -0.051320672035217285, 0.27474430203437805, 0.9613557457923889, -0.017628829926252365, 0.054190605878829956, 0.0028234554920345545, 0.9985266327857971),
            ["RightUpperLeg"] = CFrame.new(-8.940696716308594e-08, -2.644956111907959e-07, 7.617927622050047e-09, 0.6367884278297424, -0.6722588539123535, 0.3775828778743744, 0.5578391551971436, 0.06362615525722504, -0.8275066018104553, 0.5322743058204651, 0.7375770211219788, 0.41552865505218506),
            ["LeftUpperLeg"] = CFrame.new(-5.960464477539063e-08, -2.682209014892578e-07, 2.2351741790771484e-08, 0.7292827367782593, 0.6768165826797485, 0.10033079236745834, -0.19830553233623505, 0.34942618012428284, -0.9157381057739258, -0.6548448204994202, 0.6479357481002808, 0.3890470862388611),
            ["RightLowerLeg"] = CFrame.new(0, -0.00012236833572387695, -0.00007748434290988371, 1, -1.3411040811206476e-07, -1.7881399116959074e-07, 1.9371512394172896e-07, -0.15790152549743652, 0.987454891204834, -2.3841860752327193e-07, -0.987454891204834, -0.15790139138698578),
            ["RightFoot"] = CFrame.new(-3.725290298461914e-08, 2.980232238769531e-07, -3.742025000974536e-08, 0.8533879518508911, 0.5100933313369751, 0.10739731788635254, -0.41108548641204834, 0.7852386832237244, -0.463042289018631, -0.3205273747444153, 0.3510057032108307, 0.8798055052757263),
            ["LeftLowerLeg"] = CFrame.new(2.9802322387695312e-08, 0.0001227259635925293, 0.00007742643356323242, 1, 1.247972107876194e-07, 4.470347647611561e-08, -1.1920928955078125e-07, -0.1277003437280655, 0.9918128252029419, 1.1548399925231934e-07, -0.9918128252029419, -0.1277005523443222),
        }},
        {Time = 0.200, Data = {
            ["LeftFoot"] = CFrame.new(-2.9802322387695312e-08, -1.7881393432617188e-07, -2.2351741790771484e-08, 0.9346787929534912, -0.3478759229183197, -0.07319821417331696, 0.272316038608551, 0.833001434803009, -0.48161453008651733, 0.22851622104644775, 0.43022191524505615, 0.873320996761322),
            ["LeftLowerArm"] = CFrame.new(4.76837158203125e-07, 1.7881393432617188e-07, -4.470348358154297e-08, 1, -2.2351741790771484e-08, -2.7939681679356454e-09, 1.4901162970204496e-08, 0.9624428749084473, -0.2714843153953552, 3.539026138810186e-08, 0.27148425579071045, 0.9624428749084473),
            ["LowerTorso"] = CFrame.new(-0.06049668416380882, -0.7947344779968262, -0.1138094961643219, 0.9929037690162659, 0.11242078989744186, -0.038777660578489304, -0.1122395321726799, 0.9936577081680298, 0.0068268850445747375, 0.03929920867085457, -0.0024260536301881075, 0.9992245435714722),
            ["Head"] = CFrame.new(-1.1175870895385742e-08, -3.5762786865234375e-07, -2.7939677238464355e-09, 0.9921869039535522, -0.10180587321519852, 0.07211748510599136, 0.10715718567371368, 0.9914329648017883, -0.07468748092651367, -0.06389602273702621, 0.08183185011148453, 0.9945958852767944),
            ["RightUpperArm"] = CFrame.new(0, -4.76837158203125e-07, -1.1175870895385742e-08, -0.35017305612564087, -0.1317027062177658, 0.927379846572876, 0.9351781606674194, -0.10529330372810364, 0.33816438913345337, 0.05310972034931183, 0.9856813549995422, 0.16003639996051788),
            ["UpperTorso"] = CFrame.new(-3.725290298461914e-09, -3.8743019104003906e-07, -4.249159246683121e-09, 0.9989275932312012, -0.04503251239657402, 0.010764376260340214, 0.045134395360946655, 0.9989365935325623, -0.009416467510163784, -0.010328884236514568, 0.009892215020954609, 0.9998977184295654),
            ["HumanoidRootPart"] = CFrame.new(0, 0, 0, 1, 0, 0, 0, 1, 0, 0, 0, 1),
            ["RightHand"] = CFrame.new(5.960464477539063e-08, -5.960464477539063e-08, 1.7136335372924805e-07, 0.8818781971931458, 0.4064197540283203, 0.23898528516292572, -0.4391319751739502, 0.8925491571426392, 0.10256371647119522, -0.17162218689918518, -0.19539472460746765, 0.9655913710594177),
            ["LeftUpperArm"] = CFrame.new(0, -2.384185791015625e-07, -8.381903171539307e-09, 0.5053874254226685, 0.2519634962081909, -0.8252865672111511, -0.8499578833580017, -0.019618744030594826, -0.5264853835105896, -0.14884614944458008, 0.9675378799438477, 0.20424328744411469),
            ["RightLowerArm"] = CFrame.new(8.940696716308594e-07, -3.5762786865234375e-07, -3.5762786865234375e-07, 1, -1.6763801014008095e-08, 1.0710208719899583e-08, 1.862645149230957e-08, 0.9710333943367004, -0.2389441281557083, 2.7939677238464355e-09, 0.23894411325454712, 0.9710333347320557),
            ["LeftHand"] = CFrame.new(-4.470348358154297e-08, -5.960464477539063e-08, -1.4901161193847656e-07, 0.959987461566925, -0.27530354261398315, -0.05130453407764435, 0.27475255727767944, 0.9613532423973083, -0.017638809978961945, 0.054177843034267426, 0.0028370218351483345, 0.9985272884368896),
            ["RightUpperLeg"] = CFrame.new(-2.9802322387695312e-08, -3.4036929719150066e-07, 4.823959898203611e-09, 0.5980089902877808, -0.7372562885284424, 0.31438589096069336, 0.5872710347175598, 0.13612213730812073, -0.7978618144989014, 0.545433759689331, 0.6617581844329834, 0.5143715739250183),
            ["LeftUpperLeg"] = CFrame.new(1.7881393432617188e-07, -1.5753903426229954e-07, 1.30385160446167e-08, 0.7355409264564514, 0.6749616861343384, 0.058368220925331116, -0.26730379462242126, 0.3682976961135864, -0.8904520273208618, -0.6225177645683289, 0.6393619775772095, 0.4513184130191803),
            ["RightLowerLeg"] = CFrame.new(-2.9802322387695312e-08, -0.00012242794036865234, -0.00007733533129794523, 1, -1.899896915347199e-07, -2.3841860752327193e-07, 1.7881393432617188e-07, -0.16510382294654846, 0.9862762689590454, -1.9371509552001953e-07, -0.9862761497497559, -0.16510328650474548),
            ["RightFoot"] = CFrame.new(9.12696123123169e-08, 4.172325134277344e-07, 5.420588422566652e-09, 0.8338686227798462, 0.5329211950302124, 0.1437307596206665, -0.4011581540107727, 0.763994038105011, -0.5053554177284241, -0.37912440299987793, 0.3637421429157257, 0.8508568406105042),
            ["LeftLowerLeg"] = CFrame.new(-8.940696716308594e-08, 0.00012254714965820312, 0.00007756799459457397, 1, 5.5879340266073996e-08, 1.7881387748275301e-07, -1.1175868053214799e-07, -0.14476309716701508, 0.9894663691520691, 4.8428763221863846e-08, -0.9894663691520691, -0.14476315677165985),
        }},
        {Time = 0.233, Data = {
            ["LeftFoot"] = CFrame.new(-7.450580596923828e-08, -1.1920928955078125e-07, -5.21540641784668e-08, 0.9273308515548706, -0.3667483925819397, -0.07452133297920227, 0.2885340750217438, 0.8274511098861694, -0.48173919320106506, 0.23833954334259033, 0.4252298176288605, 0.8731403946876526),
            ["LeftLowerArm"] = CFrame.new(0, 2.384185791015625e-07, -4.470348358154297e-08, 1, 7.450580596923828e-09, 1.4901164746561335e-08, 6.332993507385254e-08, 0.8632371425628662, -0.5047986507415771, 1.4901161193847656e-08, 0.5047986507415771, 0.8632370829582214),
            ["LowerTorso"] = CFrame.new(-0.04181302711367607, -0.7908668518066406, -0.14099732041358948, 0.9975965619087219, 0.06914369761943817, -0.004500858020037413, -0.06929002702236176, 0.9954875111579895, -0.06483467668294907, -0.0000023608470200997544, 0.06499071419239044, 0.9978858828544617),
            ["Head"] = CFrame.new(-4.6566128730773926e-09, -2.384185791015625e-07, -2.6775524020195007e-08, 0.9966124296188354, -0.07913587987422943, -0.022390011698007584, 0.07667752355337143, 0.992522656917572, -0.09497065097093582, 0.029738184064626694, 0.0929320827126503, 0.9952283501625061),
            ["RightUpperArm"] = CFrame.new(0, -2.384185791015625e-07, -5.21540641784668e-08, -0.49234870076179504, -0.10794247686862946, 0.8636789321899414, 0.8645391464233398, 0.05429132655262947, 0.49962443113327026, -0.10082101821899414, 0.9926736354827881, 0.06659015268087387),
            ["UpperTorso"] = CFrame.new(-6.905622740305262e-09, -3.5762786865234375e-07, 1.7207639757543802e-08, 0.9947523474693298, -0.041726186871528625, 0.09341716021299362, 0.038500044494867325, 0.9986072182655334, 0.03607534244656563, -0.09479234367609024, -0.03228945657610893, 0.994973361492157),
            ["HumanoidRootPart"] = CFrame.new(0, 0, 0, 1, 0, 0, 0, 1, 0, 0, 0, 1),
            ["RightHand"] = CFrame.new(-1.1548399925231934e-07, -1.1920928955078125e-07, -2.3795291781425476e-07, 0.8772836327552795, 0.3746522068977356, 0.30001506209373474, -0.41507652401924133, 0.9060589075088501, 0.08227217942476273, -0.24100784957408905, -0.19670525193214417, 0.9503800272941589),
            ["LeftUpperArm"] = CFrame.new(0, -2.384185791015625e-07, -3.725290298461914e-09, 0.55104660987854, 0.2729730010032654, -0.7885640859603882, -0.819982647895813, 0.001779952086508274, -0.5723857879638672, -0.1548422873020172, 0.9620200395584106, 0.22481399774551392),
            ["RightLowerArm"] = CFrame.new(8.344650268554688e-07, -1.7881393432617188e-07, -1.0849907994270325e-07, 1, 0, 9.509675713559318e-09, 2.3283064365386963e-09, 1, 1.1641531072470457e-09, 7.450580596923828e-09, -9.31322685637781e-10, 1),
            ["LeftHand"] = CFrame.new(-1.4901161193847656e-07, -4.172325134277344e-07, -3.129243850708008e-07, 0.9211859703063965, -0.38419246673583984, -0.061746492981910706, 0.38410714268684387, 0.9231866002082825, -0.013720281422138214, 0.062274783849716187, -0.011078362353146076, 0.9979976415634155),
            ["RightUpperLeg"] = CFrame.new(5.960464477539063e-08, -3.166496753692627e-07, -2.9634975362569094e-08, 0.5919684171676636, -0.7771214842796326, 0.21367155015468597, 0.6033982038497925, 0.2515742778778076, -0.7567172646522522, 0.534307062625885, 0.5768817663192749, 0.6178376078605652),
            ["LeftUpperLeg"] = CFrame.new(0, 2.989545464515686e-07, 1.885928213596344e-08, 0.7414126992225647, 0.6707251071929932, -0.020867209881544113, -0.3582633137702942, 0.36934399604797363, -0.8574568033218384, -0.567410409450531, 0.6432052254676819, 0.5141326785087585),
            ["RightLowerLeg"] = CFrame.new(0, -0.00012248754501342773, -0.00007732043013675138, 1, -1.2293453721667902e-07, -1.4901168299275014e-07, 8.940699558479537e-08, -0.14591911435127258, 0.9892966151237488, -8.195641498787154e-08, -0.989296555519104, -0.14591875672340393),
            ["RightFoot"] = CFrame.new(-6.146728992462158e-08, 1.7881393432617188e-07, 1.6952981241047382e-09, 0.8105427026748657, 0.5666965842247009, 0.14790648221969604, -0.41011881828308105, 0.7294683456420898, -0.5474276542663574, -0.41811853647232056, 0.3830548822879791, 0.823678731918335),
            ["LeftLowerLeg"] = CFrame.new(0, 0.0001227855682373047, 0.00007740408182144165, 1, 8.568167686462402e-08, 7.450580596923828e-08, -6.705522537231445e-08, -0.15694791078567505, 0.987606942653656, 8.940696716308594e-08, -0.9876068830490112, -0.1569477915763855),
        }},
        {Time = 0.267, Data = {
            ["LeftFoot"] = CFrame.new(-7.450580596923828e-08, -5.960464477539063e-08, -7.450580596923828e-08, 0.9180368781089783, -0.39047181606292725, -0.06884974241256714, 0.3133231997489929, 0.820852518081665, -0.47752487659454346, 0.24297532439231873, 0.4168127179145813, 0.8759164810180664),
            ["LeftLowerArm"] = CFrame.new(6.258487701416016e-07, 2.384185791015625e-07, -1.7136335372924805e-07, 1, -1.1920928955078125e-07, 1.4901161193847656e-08, 7.450579886381092e-08, 0.591815173625946, -0.806073784828186, 2.9802318834981634e-08, 0.8060737252235413, 0.591815173625946),
            ["LowerTorso"] = CFrame.new(-0.0198543518781662, -0.786433219909668, -0.1543668955564499, 0.9996925592422485, 0.0138744181022048, 0.020548949018120766, -0.011862008832395077, 0.9954058527946472, -0.09500803798437119, -0.021772723644971848, 0.09473507851362228, 0.9952644109725952),
            ["Head"] = CFrame.new(5.587935447692871e-09, -3.5762786865234375e-07, -2.514570951461792e-08, 0.9985364079475403, -0.0490030013024807, 0.022887445986270905, 0.05011260136961937, 0.9974546432495117, -0.05072571709752083, -0.020343411713838577, 0.05179840698838234, 0.9984503388404846),
            ["RightUpperArm"] = CFrame.new(1.1920928955078125e-07, -3.5762786865234375e-07, 2.9802322387695312e-08, -0.4372779428958893, -0.19096897542476654, 0.8788167238235474, 0.8816104531288147, 0.10198091715574265, 0.4608287513256073, -0.17762649059295654, 0.9762842059135437, 0.12376631051301956),
            ["UpperTorso"] = CFrame.new(-1.3737007975578308e-08, -3.8743019104003906e-07, 3.309105522930622e-08, 0.989703893661499, -0.023184215649962425, 0.1412397176027298, 0.01592642068862915, 0.9985043406486511, 0.05230182781815529, -0.14224103093147278, -0.049513883888721466, 0.9885928630828857),
            ["HumanoidRootPart"] = CFrame.new(0, 0, 0, 1, 0, 0, 0, 1, 0, 0, 0, 1),
            ["RightHand"] = CFrame.new(-3.725290298461914e-08, -2.384185791015625e-07, -4.7031790018081665e-08, 0.8772842288017273, 0.37465038895606995, 0.3000161051750183, -0.41507455706596375, 0.9060600399971008, 0.08227090537548065, -0.24100980162620544, -0.1967039555311203, 0.9503799080848694),
            ["LeftUpperArm"] = CFrame.new(0, 1.1920928955078125e-07, -5.21540641784668e-08, 0.526213526725769, 0.44369998574256897, -0.725416898727417, -0.8008865118026733, -0.028115972876548767, -0.5981559157371521, -0.28579744696617126, 0.8957342505455017, 0.3405582308769226),
            ["RightLowerArm"] = CFrame.new(7.152557373046875e-07, 1.1920928955078125e-07, -4.4552143663167953e-07, 1, -6.51925802230835e-09, 1.949956640601158e-09, 0, 1, 6.984919309616089e-10, 5.587935447692871e-09, 1.280568540096283e-09, 1),
            ["LeftHand"] = CFrame.new(2.384185791015625e-07, 1.1920928955078125e-07, 2.980232238769531e-07, 0.7880432605743408, -0.6147232055664062, 0.03321545571088791, 0.615511417388916, 0.7857442498207092, -0.06125178933143616, 0.011554084718227386, 0.06871356815099716, 0.9975695610046387),
            ["RightUpperLeg"] = CFrame.new(-1.1920928955078125e-07, 4.2142346501350403e-07, -3.4291588235646486e-08, 0.6256097555160522, -0.7714051604270935, 0.11639034003019333, 0.5794833898544312, 0.3596140146255493, -0.7313526272773743, 0.5223135352134705, 0.524987518787384, 0.6719945073127747),
            ["LeftUpperLeg"] = CFrame.new(-5.960464477539063e-08, 2.738088369369507e-07, 2.7939677238464355e-09, 0.7298187613487244, 0.6736159920692444, -0.11664515733718872, -0.43817007541656494, 0.329938679933548, -0.8361502885818481, -0.5247585773468018, 0.6613486409187317, 0.5359539985656738),
