return {
    ["Stylish Moonwalk"] = {
        {Time = 0.000, Data = {
            ["RightFoot"] = CFrame.new(-3.725290298461914e-08, 3.5762786865234375e-07, 1.3802491594105959e-08, 0.6025252342224121, 0.58822101354599, -0.5394049286842346, -0.7979909777641296, 0.4551830291748047, -0.39499372243881226, 0.013184716925024986, 0.6684343218803406, 0.7436547875404358),
            ["LeftLowerArm"] = CFrame.new(-4.172325134277344e-07, 5.960464477539062e-07, 4.628673195838928e-07, 1, -1.1641532182693481e-10, 1.862645149230957e-09, -1.4086253941059113e-08, 1, 1.6298145055770874e-09, 9.313225746154785e-10, 1.280568540096283e-09, 1),
            ["RightUpperArm"] = CFrame.new(1.1920928955078125e-07, -3.5762786865234375e-07, 7.450580596923828e-08, 0.6992989182472229, -0.18404428660869598, 0.6907303929328918, 0.05667988955974579, 0.9775210618972778, 0.2030763477087021, -0.7125787734985352, -0.10286059230566025, 0.6940113306045532),
            ["Head"] = CFrame.new(-8.568167686462402e-08, -3.5762786865234375e-07, 1.862645149230957e-07, 0.9983861446380615, -0.05171828344464302, 0.023458173498511314, 0.048054289072752, 0.9894957542419434, 0.13634155690670013, -0.03026328608393669, -0.1349942982196808, 0.9903841614723206),
            ["RightHand"] = CFrame.new(1.4901161193847656e-07, 5.960464477539062e-07, 7.450580596923828e-08, 0.9497489333152771, -0.2939199209213257, 0.10764767974615097, 0.2903132736682892, 0.955720841884613, 0.04812537133693695, -0.11702611297369003, -0.014455467462539673, 0.9930236339569092),
            ["UpperTorso"] = CFrame.new(3.3527612686157227e-08, 0.0000014603137969970703, 2.514570951461792e-08, 0.9990925192832947, -0.03188910707831383, 0.02823535166680813, 0.03159238398075104, 0.9994415044784546, 0.010893255472183228, -0.028566423803567886, -0.009991331025958061, 0.9995419979095459),
            ["HumanoidRootPart"] = CFrame.new(0, 0, 0, 1, 0, 0, 0, 1, 0, 0, 0, 1),
            ["RightUpperLeg"] = CFrame.new(7.152557373046875e-07, 6.73346221446991e-07, -4.3382897274568677e-07, 0.7066708207130432, -0.5739477872848511, -0.41376352310180664, 0.6629785299301147, 0.332876980304718, 0.6705609560012817, -0.24713517725467682, -0.748182475566864, 0.6157497763633728),
            ["LeftUpperArm"] = CFrame.new(-5.960464477539062e-07, -0.0000011920928955078125, -8.195638656616211e-08, 0.743257462978363, 0.16864219307899475, -0.6474008560180664, -0.14455755054950714, 0.9853299856185913, 0.09070846438407898, 0.6532009840011597, 0.02616688422858715, 0.7567325830459595),
            ["RightLowerArm"] = CFrame.new(2.384185791015625e-07, -3.5762786865234375e-07, 1.1920928955078125e-07, 1, -1.629815749026875e-08, -2.793966391578806e-09, 1.5832490873890492e-08, 0.9776692390441895, -0.21014980971813202, 1.0710214937148521e-08, 0.2101498544216156, 0.9776691794395447),
            ["LeftHand"] = CFrame.new(-0.0000013327226042747498, 3.5762786865234375e-07, 3.3155083656311035e-07, 0.9291725754737854, 0.26361745595932007, -0.25912195444107056, -0.2650940418243408, 0.9637591242790222, 0.029891710728406906, 0.25761109590530396, 0.04091716557741165, 0.9653819799423218),
            ["LeftFoot"] = CFrame.new(5.960464477539063e-08, -5.960464477539063e-08, -9.313225746154785e-09, 0.750694215297699, 0.6097661256790161, -0.2542475759983063, -0.4380688965320587, 0.17136578261852264, -0.882456362247467, -0.4945238530635834, 0.7738339900970459, 0.3957638144493103),
            ["LowerTorso"] = CFrame.new(-0.009370502084493637, -0.1850295066833496, -0.07184164226055145, 0.7717916369438171, 0.0808996707201004, 0.6307082772254944, -0.08120983093976974, 0.9962919354438782, -0.02841663733124733, -0.6306684017181396, -0.029287992045283318, 0.7754995822906494),
            ["RightLowerLeg"] = CFrame.new(-2.384185791015625e-07, -0.0000037550926208496094, -0.0000133199428091757, 1, -4.4703490686970326e-08, -8.940698137394065e-08, -7.4505820180093e-08, 0.9999833106994629, 0.005777046550065279, -3.72529100900465e-08, -0.0057772924192249775, 0.9999833703041077),
            ["LeftUpperLeg"] = CFrame.new(4.76837158203125e-07, -2.5331974029541016e-07, -2.0489096641540527e-07, 0.6679142117500305, -0.741716742515564, 0.06121029704809189, 0.6473154425621033, 0.619547963142395, 0.44400766491889954, -0.36725106835365295, -0.25693726539611816, 0.8939298391342163),
            ["LeftLowerLeg"] = CFrame.new(2.0116567611694336e-07, 0.000003933906555175781, 0.000013217329978942871, 1, 5.960460924825384e-08, 4.5401986170645614e-08, -2.9802318834981634e-08, 0.7207943201065063, 0.6931480765342712, 7.450579886381092e-08, -0.6931490898132324, 0.720795214176178),
        }},
        {Time = 0.033, Data = {
            ["RightFoot"] = CFrame.new(-5.587935447692871e-08, 2.384185791015625e-07, -5.75528247281909e-09, 0.9394972920417786, 0.057922281324863434, -0.33762282133102417, -0.26158076524734497, 0.7576820254325867, -0.5979079604148865, 0.2211792767047882, 0.6500484347343445, 0.7269917130470276),
            ["LeftLowerArm"] = CFrame.new(-0.0000015795230865478516, 5.364418029785156e-07, 8.493661880493164e-07, 1, -5.122274604474342e-09, 0, -3.2596294552433847e-09, 1, 0, 0, -7.450581485102248e-09, 1),
            ["RightUpperArm"] = CFrame.new(2.384185791015625e-07, 2.384185791015625e-07, 2.086162567138672e-07, 0.6108313202857971, -0.08349257707595825, 0.7873459458351135, 0.07642942667007446, 0.9959983825683594, 0.04632393643260002, -0.7880632877349854, 0.031880322843790054, 0.6147685647010803),
            ["Head"] = CFrame.new(-4.842877388000488e-08, -4.76837158203125e-07, 1.862645149230957e-07, 0.9976906180381775, -0.055844634771347046, 0.03866419568657875, 0.049644291400909424, 0.9880316853523254, 0.1460438221693039, -0.04635734111070633, -0.14378716051578522, 0.9885222911834717),
            ["RightHand"] = CFrame.new(-1.6391277313232422e-07, -1.1920928955078125e-07, -1.043081283569336e-07, 0.9506621360778809, -0.2982918620109558, 0.08522678166627884, 0.295955628156662, 0.9543994665145874, 0.03914043307304382, -0.09301570057868958, -0.01198594644665718, 0.9955925345420837),
            ["UpperTorso"] = CFrame.new(-7.450580596923828e-09, 0.000001341104507446289, 7.450580596923828e-09, 0.9984073638916016, -0.034328360110521317, 0.044770579785108566, 0.03395490720868111, 0.9993822574615479, 0.009075838141143322, -0.04505396634340286, -0.007541158236563206, 0.9989560842514038),
            ["HumanoidRootPart"] = CFrame.new(0, 0, 0, 1, 0, 0, 0, 1, 0, 0, 0, 1),
            ["RightUpperLeg"] = CFrame.new(7.152557373046875e-07, 0.0000011082738637924194, -4.3010368244722486e-07, 0.9706858992576599, -0.19945967197418213, -0.13410821557044983, 0.1932394802570343, 0.9794338941574097, -0.058031655848026276, 0.1429247260093689, 0.030415838584303856, 0.9892660975456238),
            ["LeftUpperArm"] = CFrame.new(-4.76837158203125e-07, -0.0000013113021850585938, -1.6391277313232422e-07, 0.7235151529312134, 0.10320711135864258, -0.6825494170188904, -0.04516099393367767, 0.9937189817428589, 0.10238702595233917, 0.6888297200202942, -0.043253976851701736, 0.7236320972442627),
            ["RightLowerArm"] = CFrame.new(1.1920928955078125e-07, -0.0000010728836059570312, 8.195638656616211e-08, 1, -2.235175955433988e-08, 7.45057615603173e-09, 3.0500828529511637e-08, 0.9767032861709595, -0.21459469199180603, 1.920853698322844e-09, 0.21459472179412842, 0.9767031669616699),
            ["LeftHand"] = CFrame.new(-0.0000016167759895324707, 8.344650268554688e-07, 2.5331974029541016e-07, 0.9296987652778625, 0.2596522867679596, -0.2612297236919403, -0.2590053975582123, 0.9651463031768799, 0.037536028772592545, 0.26187124848365784, 0.03276270255446434, 0.9645466208457947),
            ["LeftFoot"] = CFrame.new(-3.725290298461914e-09, -1.1920928955078125e-07, 3.725290298461914e-08, 0.9973347187042236, -0.07146304100751877, 0.014714513905346394, 0.07288112491369247, 0.9852785468101501, -0.15464350581169128, -0.0034472497645765543, 0.15530365705490112, 0.9878607988357544),
            ["LowerTorso"] = CFrame.new(-0.00927999522536993, -0.1891953945159912, -0.07681017369031906, 0.7140165567398071, 0.08473502099514008, 0.6949823498725891, -0.08702768385410309, 0.9956923127174377, -0.03198756277561188, -0.6946988701820374, -0.03764306753873825, 0.718315064907074),
            ["RightLowerLeg"] = CFrame.new(-7.450580596923828e-08, -0.000003635883331298828, -0.000013290140486788005, 1, -1.2665987014770508e-07, -2.980232594040899e-08, 1.0617078771701927e-07, 0.6647948622703552, 0.7470258474349976, -5.587936158235607e-08, -0.7470259666442871, 0.6647949814796448),
            ["LeftUpperLeg"] = CFrame.new(4.172325134277344e-07, -2.076849341392517e-07, -2.7939677238464355e-07, 0.9901952147483826, 0.07796958833932877, 0.11590646207332611, -0.003388211829587817, 0.8428959250450134, -0.5380661487579346, -0.13964948058128357, 0.5323977470397949, 0.834895670413971),
            ["LeftLowerLeg"] = CFrame.new(-2.421438694000244e-08, 0.000004231929779052734, 0.000013241544365882874, 1, 3.725289943190546e-08, 4.5634813261585805e-08, -4.4703490686970326e-08, 0.742294192314148, 0.6700736284255981, 1.4901162970204496e-08, -0.6700741648674011, 0.7422946095466614),
        }},
        {Time = 0.067, Data = {
            ["RightFoot"] = CFrame.new(-6.146728992462158e-08, 2.980232238769531e-07, -1.0261283023282886e-07, 0.93941330909729, 0.03961394354701042, -0.34048911929130554, -0.2516058385372162, 0.7542829513549805, -0.6064255833625793, 0.23280298709869385, 0.6553534269332886, 0.7185507416725159),
            ["LeftLowerArm"] = CFrame.new(-0.0000013709068298339844, 9.5367431640625e-07, 5.21540641784668e-07, 1, 1.1641533292916506e-09, -5.355106136306631e-09, -1.1641532182693481e-09, 1, 3.230525846831256e-09, 3.259629011154175e-09, 3.5506677598107217e-09, 1),
            ["RightUpperArm"] = CFrame.new(3.5762786865234375e-07, -2.384185791015625e-07, 8.940696716308594e-08, 0.5145983099937439, -0.010483133606612682, 0.8573672771453857, 0.14866238832473755, 0.9858720302581787, -0.07717398554086685, -0.8444454073905945, 0.16717198491096497, 0.5088866353034973),
            ["Head"] = CFrame.new(-2.421438694000244e-08, -0.0000010728836059570312, 1.7881393432617188e-07, 0.9972133636474609, -0.057326145470142365, 0.04774130880832672, 0.04954192042350769, 0.9873325824737549, 0.15073148906230927, -0.05577772855758667, -0.1479463279247284, 0.9874212741851807),
            ["RightHand"] = CFrame.new(-5.587935447692871e-08, 4.172325134277344e-07, -1.2665987014770508e-07, 0.9402095079421997, -0.3314501941204071, 0.07840219885110855, 0.32799050211906433, 0.9431427717208862, 0.053889233618974686, -0.0918060839176178, -0.024951990693807602, 0.9954643249511719),
            ["UpperTorso"] = CFrame.new(-9.313225746154785e-09, 0.0000016987323760986328, 1.862645149230957e-08, 0.9971023201942444, -0.03699011728167534, 0.06647367030382156, 0.03652537614107132, 0.9992991089820862, 0.008193809539079666, -0.06672987341880798, -0.0057420688681304455, 0.9977545142173767),
            ["HumanoidRootPart"] = CFrame.new(0, 0, 0, 1, 0, 0, 0, 1, 0, 0, 0, 1),
            ["RightUpperLeg"] = CFrame.new(5.960464477539062e-07, 5.923211574554443e-07, -4.412795533426106e-07, 0.9752790927886963, -0.1813899427652359, -0.1262083351612091, 0.18014807999134064, 0.9834092259407043, -0.02127991057932377, 0.12797437608242035, -0.0019817878492176533, 0.9917755126953125),
            ["LeftUpperArm"] = CFrame.new(-5.960464477539062e-07, -0.0000013113021850585938, -5.21540641784668e-08, 0.7000404596328735, 0.06033254787325859, -0.7115497589111328, 0.04098793864250183, 0.9913871884346008, 0.12438493221998215, 0.7129259705543518, -0.116239532828331, 0.6915383338928223),
            ["RightLowerArm"] = CFrame.new(0, -0.0000013709068298339844, -2.9802322387695312e-08, 1, -3.7951412679149144e-08, -7.450577932388569e-09, 7.450584149637507e-09, 0.9694108963012695, -0.24544356763362885, 5.4016734196693506e-08, 0.24544355273246765, 0.9694109559059143),
            ["LeftHand"] = CFrame.new(-0.000001210719347000122, 7.152557373046875e-07, 1.043081283569336e-07, 0.9276777505874634, 0.275284081697464, -0.2522552013397217, -0.2719067633152008, 0.9610818028450012, 0.04887343570590019, 0.25589197874069214, 0.0232511255890131, 0.9664257168769836),
            ["LeftFoot"] = CFrame.new(1.4901161193847656e-08, 0, 5.029141902923584e-08, 0.9973958134651184, -0.06777039170265198, 0.024672051891684532, 0.07057957351207733, 0.9875474572181702, -0.14060096442699432, -0.014837323687970638, 0.14197611808776855, 0.9897589087486267),
            ["LowerTorso"] = CFrame.new(-0.00933358259499073, -0.19317102432250977, -0.08304674923419952, 0.6575171947479248, 0.08713960647583008, 0.7483835816383362, -0.09168750792741776, 0.9951613545417786, -0.03531857952475548, -0.7478399872779846, -0.04539484158158302, 0.6623252630233765),
            ["RightLowerLeg"] = CFrame.new(3.725290298461914e-08, -0.0000037550926208496094, -0.000013401899195741862, 1, -1.2665984172599565e-07, -6.332996349556197e-08, 1.0989604959377175e-07, 0.6732672452926636, 0.7393986582756042, -1.3201496074088936e-07, -0.739399254322052, 0.6732678413391113),
            ["LeftUpperLeg"] = CFrame.new(4.76837158203125e-07, -6.873160600662231e-07, -1.4901161193847656e-07, 0.9891388416290283, 0.06591008603572845, 0.13137942552566528, 0.01589388959109783, 0.8406241536140442, -0.541385293006897, -0.14612285792827606, 0.5375936031341553, 0.8304465413093567),
            ["LeftLowerLeg"] = CFrame.new(1.4901161193847656e-08, 0.000003635883331298828, 0.000013101845979690552, 1, 3.166496398421259e-08, 1.0244550985305523e-08, -2.2351741790771484e-08, 0.7472259998321533, 0.6645695567131042, 1.7508864402770996e-07, -0.6645700931549072, 0.7472265362739563),
        }},
        {Time = 0.100, Data = {
            ["RightFoot"] = CFrame.new(-6.146728992462158e-08, 4.172325134277344e-07, -3.55576048605144e-08, 0.9496750235557556, 0.0258012767881155, -0.3121712803840637, -0.22418266534805298, 0.7520229816436768, -0.6198418140411377, 0.2187681645154953, 0.6586318016052246, 0.719961941242218),
            ["LeftLowerArm"] = CFrame.new(-0.0000012516975402832031, 0.0000010132789611816406, 1.4901161193847656e-07, 1, -3.7252894102834944e-09, -1.3038519597330378e-08, 0, 1, 2.6077039194660756e-08, 1.4901155864777138e-08, 1.4901157641133977e-08, 1),
            ["RightUpperArm"] = CFrame.new(3.5762786865234375e-07, -3.5762786865234375e-07, 1.341104507446289e-07, 0.46821922063827515, 0.03830519691109657, 0.8827815055847168, 0.2487604171037674, 0.9529370665550232, -0.1732897013425827, -0.8478732109069824, 0.3007388710975647, 0.4366548955440521),
            ["Head"] = CFrame.new(-1.341104507446289e-07, -3.5762786865234375e-07, 1.9371509552001953e-07, 0.9969934225082397, -0.05886675789952278, 0.0503869503736496, 0.05046064034104347, 0.9867287278175354, 0.15433822572231293, -0.05880391597747803, -0.15133170783519745, 0.9867324829101562),
            ["RightHand"] = CFrame.new(-2.2351741790771484e-08, 1.1920928955078125e-07, 4.470348358154297e-08, 0.9215566515922546, -0.36470791697502136, 0.13312163949012756, 0.3585112988948822, 0.9309909343719482, 0.0687437430024147, -0.1490064561367035, -0.015625568106770515, 0.9887127876281738),
            ["UpperTorso"] = CFrame.new(-1.862645149230957e-09, 0.0000012814998626708984, -3.725290298461914e-09, 0.9953641295433044, -0.039791423827409744, 0.08756233751773834, 0.03935542330145836, 0.9992029070854187, 0.006700625643134117, -0.08775866031646729, -0.003223482286557555, 0.9961366057395935),
            ["HumanoidRootPart"] = CFrame.new(0, 0, 0, 1, 0, 0, 0, 1, 0, 0, 0, 1),
            ["RightUpperLeg"] = CFrame.new(7.152557373046875e-07, 0.0000010523945093154907, -5.53038262296468e-07, 0.981979250907898, -0.16698911786079407, -0.0884954035282135, 0.168584406375885, 0.9856278896331787, 0.010819520801305771, 0.08541644364595413, -0.025542879477143288, 0.9960178732872009),
            ["LeftUpperArm"] = CFrame.new(-5.960464477539062e-07, -0.0000011920928955078125, -1.4901161193847656e-07, 0.7006101608276367, 0.032695140689611435, -0.7127944231033325, 0.11264955252408981, 0.9813541769981384, 0.15573759377002716, 0.7045960426330566, -0.18940742313861847, 0.6838639378547668),
            ["RightLowerArm"] = CFrame.new(4.76837158203125e-07, -0.0000016689300537109375, -5.960464477539063e-08, 1, -1.8626465703164286e-08, -4.4703469370688254e-08, -2.980233304583635e-08, 0.9537310600280762, -0.3006609380245209, 4.4703497792397684e-08, 0.3006609380245209, 0.9537310600280762),
            ["LeftHand"] = CFrame.new(-0.0000013634562492370605, 0.0000013113021850585938, 2.8312206268310547e-07, 0.9246179461479187, 0.2835986614227295, -0.2542704641819, -0.2782990038394928, 0.958779513835907, 0.05737338960170746, 0.26006025075912476, 0.01771477982401848, 0.9654299020767212),
            ["LeftFoot"] = CFrame.new(3.073364496231079e-08, 5.960464477539063e-08, 7.636845111846924e-08, 0.9977907538414001, -0.05697815120220184, 0.034161537885665894, 0.06096767261624336, 0.989618182182312, -0.1301497370004654, -0.02639189176261425, 0.13194528222084045, 0.9909056425094604),
            ["LowerTorso"] = CFrame.new(-0.011182526126503944, -0.19646620750427246, -0.09037213027477264, 0.5988895893096924, 0.08851242810487747, 0.7959251403808594, -0.09670701622962952, 0.9945934414863586, -0.03783902898430824, -0.7949711084365845, -0.054310142993927, 0.6042113900184631),
            ["RightLowerLeg"] = CFrame.new(2.9802322387695312e-08, -0.0000034570693969726562, -0.000013325530744623393, 1, -1.1548398504146462e-07, -4.0978221704790485e-08, 1.247972107876194e-07, 0.6773524880409241, 0.7356581091880798, -8.149071817342701e-08, -0.7356587052345276, 0.6773531436920166),
            ["LeftUpperLeg"] = CFrame.new(2.682209014892578e-07, -3.725290298461914e-07, -1.862645149230957e-07, 0.9870606660842896, 0.0532691553235054, 0.15124061703681946, 0.03785282373428345, 0.8391377925872803, -0.542600154876709, -0.15581516921520233, 0.5413042902946472, 0.8262635469436646),
            ["LeftLowerLeg"] = CFrame.new(4.470348358154297e-08, 0.0000035762786865234375, 0.000013317912817001343, 1, 4.842877388000488e-08, 3.725290298461914e-08, -8.940698847936801e-08, 0.751250684261322, 0.6600164771080017, 4.4703494239684005e-08, -0.6600169539451599, 0.751251220703125),
        }},
        {Time = 0.133, Data = {
            ["RightFoot"] = CFrame.new(5.21540641784668e-08, 2.384185791015625e-07, -6.535992724820971e-08, 0.9618239998817444, 0.024644918739795685, -0.2725560963153839, -0.1978045254945755, 0.7508674263954163, -0.6301368474960327, 0.18912416696548462, 0.6599931120872498, 0.7270769476890564),
            ["LeftLowerArm"] = CFrame.new(-0.0000010728836059570312, 0.0000011920928955078125, 5.364418029785156e-07, 1, 0, 3.9115558791991134e-08, 1.1175870895385742e-08, 1, 0, -2.60770320892334e-08, -3.725290298461914e-09, 1),
            ["RightUpperArm"] = CFrame.new(2.384185791015625e-07, -4.76837158203125e-07, 2.086162567138672e-07, 0.4116615355014801, 0.046519648283720016, 0.910148561000824, 0.3691602647304535, 0.9045791625976562, -0.21320682764053345, -0.8332200050354004, 0.4237600266933441, 0.3552075922489166),
            ["Head"] = CFrame.new(-4.9709342420101166e-08, 0, 1.862645149230957e-07, 0.9971288442611694, -0.05955156311392784, 0.04677337408065796, 0.051450178027153015, 0.9860092997550964, 0.1585516482591629, -0.05556106939911842, -0.15568996965885162, 0.9862422347068787),
            ["RightHand"] = CFrame.new(-4.172325134277344e-07, 1.7881393432617188e-07, -1.1920928955078125e-07, 0.9044275879859924, -0.40702587366104126, 0.12783081829547882, 0.40190771222114563, 0.9133884906768799, 0.06474415957927704, -0.14311178028583527, -0.007180295884609222, 0.9896804690361023),
            ["UpperTorso"] = CFrame.new(-1.1175870895385742e-08, 0.000001430511474609375, 1.4901161193847656e-08, 0.9942690134048462, -0.04112222418189049, 0.09868218004703522, 0.0409141480922699, 0.9991542100906372, 0.00413195975124836, -0.09876836091279984, -0.00007078332419041544, 0.9951105117797852),
            ["HumanoidRootPart"] = CFrame.new(0, 0, 0, 1, 0, 0, 0, 1, 0, 0, 0, 1),
            ["RightUpperLeg"] = CFrame.new(7.152557373046875e-07, 0.000001298263669013977, -5.08334778714925e-07, 0.9884399175643921, -0.14953568577766418, -0.02501240186393261, 0.1504485309123993, 0.9878163933753967, 0.03980052471160889, 0.018755972385406494, -0.043102916330099106, 0.9988945722579956),
            ["LeftUpperArm"] = CFrame.new(-4.76837158203125e-07, -0.000001430511474609375, -1.043081283569336e-07, 0.7023249268531799, 0.020610196515917778, -0.7115577459335327, 0.17287884652614594, 0.9647173285484314, 0.19857853651046753, 0.6905452013015747, -0.2624800503253937, 0.6739823818206787),
            ["RightLowerArm"] = CFrame.new(5.960464477539063e-08, -0.0000010728836059570312, -2.4028122425079346e-07, 1, -5.96046660916727e-08, 2.9802308176840597e-08, 0, 0.9186627864837646, -0.39504265785217285, -1.4901164746561335e-08, 0.39504274725914, 0.9186628460884094),
            ["LeftHand"] = CFrame.new(-0.000001519918441772461, 6.556510925292969e-07, 5.066394805908203e-07, 0.9302098751068115, 0.2869362533092499, -0.22886070609092712, -0.28115352988243103, 0.9578954577445984, 0.058215267956256866, 0.23592860996723175, 0.010192596353590488, 0.9717170000076294),
            ["LeftFoot"] = CFrame.new(-1.3969838619232178e-08, 5.960464477539063e-08, -7.264316082000732e-08, 0.9984921813011169, -0.04311283305287361, 0.033981818705797195, 0.04665307700634003, 0.9926807880401611, -0.11139335483312607, -0.02893112413585186, 0.11281105875968933, 0.9931952357292175),
            ["LowerTorso"] = CFrame.new(-0.012910393998026848, -0.1996936798095703, -0.09749190509319305, 0.5334845781326294, 0.08666235953569412, 0.8413583040237427, -0.09862422943115234, 0.9943252801895142, -0.03988318145275116, -0.8400402069091797, -0.06170124560594559, 0.5390041470527649),
            ["RightLowerLeg"] = CFrame.new(1.043081283569336e-07, -0.000003635883331298828, -0.000013219825632404536, 1, -1.3038520307873114e-07, -9.313229298868464e-08, 1.1920927533992653e-07, 0.6779200434684753, 0.7351358532905579, -1.8882562358157884e-07, -0.7351356744766235, 0.6779199242591858),
            ["LeftUpperLeg"] = CFrame.new(5.066394805908203e-07, -2.5331974029541016e-07, -1.1175870895385742e-07, 0.9849774837493896, 0.03971242159605026, 0.16805444657802582, 0.05956554412841797, 0.8353303074836731, -0.5465118885040283, -0.16208398342132568, 0.5483121275901794, 0.8204160332679749),
            ["LeftLowerLeg"] = CFrame.new(-5.21540641784668e-08, 0.000004470348358154297, 0.000013150274753570557, 1, 8.3819010399111e-08, 2.2351745343485163e-08, -7.264316082000732e-08, 0.7561641931533813, 0.6543810963630676, 1.862645149230957e-09, -0.6543819308280945, 0.7561649084091187),
        }},
        {Time = 0.167, Data = {
            ["RightFoot"] = CFrame.new(-5.168840289115906e-08, 2.384185791015625e-07, 9.110226528719068e-08, 0.9707831144332886, 0.01357452291995287, -0.23957385122776031, -0.16721950471401215, 0.7543206810951233, -0.6348527073860168, 0.1720981001853943, 0.6563658118247986, 0.7345518469810486),
            ["LeftLowerArm"] = CFrame.new(-0.0000012814998626708984, 6.556510925292969e-07, 7.152557373046875e-07, 1, 7.450580596923828e-09, 2.2351745343485163e-08, 1.4901161193847656e-08, 0.9990442991256714, -0.043709058314561844, -1.862645149230957e-08, 0.043709076941013336, 0.9990443587303162),
            ["RightUpperArm"] = CFrame.new(1.1920928955078125e-07, -3.5762786865234375e-07, 1.7881393432617188e-07, 0.42520174384117126, 0.05280458554625511, 0.9035569429397583, 0.46642163395881653, 0.8427502512931824, -0.2687429189682007, -0.7756639122962952, 0.5357087850570679, 0.3337096869945526),
            ["Head"] = CFrame.new(-7.264316082000732e-08, -3.5762786865234375e-07, 1.4156103134155273e-07, 0.9980107545852661, -0.05538007989525795, 0.03012828715145588, 0.049634452909231186, 0.9848521947860718, 0.16614051163196564, -0.038873061537742615, -0.16431470215320587, 0.9856417179107666),
            ["RightHand"] = CFrame.new(-1.1920928955078125e-07, 2.384185791015625e-07, -1.043081283569336e-07, 0.8976258635520935, -0.427082359790802, 0.10894283652305603, 0.4245600402355194, 0.9042018055915833, 0.0465615838766098, -0.11839190125465393, 0.004457823932170868, 0.9929569959640503),
            ["UpperTorso"] = CFrame.new(5.587935447692871e-09, 0.0000011026859283447266, 1.4901161193847656e-08, 0.9942389130592346, -0.04177115485072136, 0.09871257096529007, 0.04185276851058006, 0.9991230368614197, 0.0012446584878489375, -0.09867774695158005, 0.0028939240146428347, 0.9951152801513672),
            ["HumanoidRootPart"] = CFrame.new(0, 0, 0, 1, 0, 0, 0, 1, 0, 0, 0, 1),
            ["RightUpperLeg"] = CFrame.new(7.152557373046875e-07, 7.264316082000732e-07, -4.487301339395344e-07, 0.9914418458938599, -0.12221474200487137, 0.04589772969484329, 0.11893701553344727, 0.9905425310134888, 0.06840735673904419, -0.053823914378881454, -0.06236244738101959, 0.9966012239456177),
            ["LeftUpperArm"] = CFrame.new(-4.76837158203125e-07, -0.0000013113021850585938, -8.940696716308594e-08, 0.7100790739059448, 0.02705051563680172, -0.7036018371582031, 0.2228224128484726, 0.9392748475074768, 0.2609846591949463, 0.6679355502128601, -0.34209826588630676, 0.6609323024749756),
            ["RightLowerArm"] = CFrame.new(-3.5762786865234375e-07, -0.0000010728836059570312, -2.8312206268310547e-07, 1, -5.960465898624534e-08, 2.9802308176840597e-08, 9.685756907629184e-08, 0.8720060586929321, -0.4894951581954956, 5.960465898624534e-08, 0.489495187997818, 0.8720060586929321),
            ["LeftHand"] = CFrame.new(-0.000001519918441772461, 5.364418029785156e-07, 1.9371509552001953e-07, 0.9304017424583435, 0.2840540111064911, -0.23165923357009888, -0.2769729793071747, 0.958793580532074, 0.06325241178274155, 0.24008050560951233, 0.0053132264874875546, 0.9707384705543518),
            ["LeftFoot"] = CFrame.new(2.1420419216156006e-08, 0, -1.7695128917694092e-08, 0.9992395639419556, -0.028638949617743492, 0.02646058052778244, 0.030492808669805527, 0.9968996644020081, -0.07253503799438477, -0.024301907047629356, 0.07328690588474274, 0.9970147609710693),
            ["LowerTorso"] = CFrame.new(-0.014176166616380215, -0.2034590244293213, -0.10538644343614578, 0.4553341865539551, 0.08561237901449203, 0.8861949443817139, -0.09781969338655472, 0.994150698184967, -0.04578106850385666, -0.8849306702613831, -0.06584163010120392, 0.46104535460472107),
            ["RightLowerLeg"] = CFrame.new(1.2665987014770508e-07, -0.000003516674041748047, -0.000013312492228578776, 1, -1.0430814256778831e-07, -1.4901172562531428e-07, 1.0803344707710494e-07, 0.6761977672576904, 0.7367197871208191, -9.450015880929641e-08, -0.7367202043533325, 0.6761981844902039),
            ["LeftUpperLeg"] = CFrame.new(5.066394805908203e-07, -7.431954145431519e-07, -1.9371509552001953e-07, 0.983261227607727, 0.023501772433519363, 0.18067976832389832, 0.08132892847061157, 0.8307623863220215, -0.5506537556648254, -0.16304287314414978, 0.5561308264732361, 0.8149449825286865),
            ["LeftLowerLeg"] = CFrame.new(-2.2351741790771484e-08, 0.000003874301910400391, 0.000013150274753570557, 1, 3.6321576857289983e-08, -1.7666028639951037e-08, -4.842877388000488e-08, 0.7635524868965149, 0.6457448601722717, -3.4458935260772705e-08, -0.6457458734512329, 0.763553261756897),
        }},
        {Time = 0.200, Data = {
            ["RightFoot"] = CFrame.new(-3.795139491558075e-08, 2.980232238769531e-07, -4.6733475755900145e-08, 0.9741927981376648, -0.006473000627011061, -0.22562475502490997, -0.1436469405889511, 0.7532619833946228, -0.6418431997299194, 0.17410917580127716, 0.6576888561248779, 0.7328921556472778),
            ["LeftLowerArm"] = CFrame.new(-0.0000010728836059570312, 7.748603820800781e-07, 3.129243850708008e-07, 1, 3.725290653733282e-08, -7.450580596923828e-09, 0, 0.9963276386260986, -0.08562351763248444, 4.842877388000488e-08, 0.08562350273132324, 0.9963275790214539),
            ["RightUpperArm"] = CFrame.new(2.384185791015625e-07, -1.1920928955078125e-07, 1.341104507446289e-07, 0.4483563005924225, 0.046743813902139664, 0.8926317691802979, 0.5516948699951172, 0.771251380443573, -0.31749629974365234, -0.7032848000526428, 0.6348121762275696, 0.32000732421875),
            ["Head"] = CFrame.new(-7.82310962677002e-08, -3.5762786865234375e-07, 1.6391277313232422e-07, 0.998849093914032, -0.047935329377651215, 0.0017025970155373216, 0.04694131016731262, 0.9841995239257812, 0.17072759568691254, -0.009859745390713215, -0.17045123875141144, 0.985316812992096),
            ["RightHand"] = CFrame.new(2.384185791015625e-07, 3.5762786865234375e-07, 3.3527612686157227e-08, 0.8954920172691345, -0.44068247079849243, 0.06239493563771248, 0.4411119818687439, 0.89742112159729, 0.007458771578967571, -0.059281520545482635, 0.020843852311372757, 0.9980237483978271),
            ["UpperTorso"] = CFrame.new(-1.7695128917694092e-08, 0.000001341104507446289, 1.4901161193847656e-08, 0.9948384165763855, -0.046440646052360535, 0.09022191911935806, 0.046399571001529694, 0.9989197850227356, 0.0025535395834594965, -0.09024295210838318, 0.0016459064790979028, 0.9959184527397156),
            ["HumanoidRootPart"] = CFrame.new(0, 0, 0, 1, 0, 0, 0, 1, 0, 0, 0, 1),
            ["RightUpperLeg"] = CFrame.new(6.556510925292969e-07, 0.0000013122335076332092, -3.9657606976106763e-07, 0.9901621341705322, -0.09046713262796402, 0.10674624145030975, 0.0798005610704422, 0.9917529225349426, 0.1002904549241066, -0.11493849009275436, -0.09078477323055267, 0.9892154932022095),
            ["LeftUpperArm"] = CFrame.new(-4.76837158203125e-07, -0.000001430511474609375, -1.043081283569336e-07, 0.7192720174789429, 0.04304305091500282, -0.6933935284614563, 0.26061078906059265, 0.908475935459137, 0.3267316222190857, 0.6439951658248901, -0.41571491956710815, 0.6422242522239685),
            ["RightLowerArm"] = CFrame.new(0.0000011920928955078125, -0.0000010728836059570312, -1.1920928955078125e-07, 1, -4.47035120032524e-08, -4.2840827774170975e-08, 6.705523958316917e-08, 0.8178912401199341, -0.5753728747367859, 4.4703494239684005e-08, 0.5753729939460754, 0.8178912997245789),
            ["LeftHand"] = CFrame.new(-0.0000013560056686401367, 7.152557373046875e-07, 5.811452865600586e-07, 0.93024742603302, 0.2811281383037567, -0.23581068217754364, -0.2700694799423218, 0.9596235752105713, 0.07864660024642944, 0.2483993023633957, -0.009475503116846085, 0.968611478805542),
            ["LeftFoot"] = CFrame.new(3.5390257835388184e-08, -5.960464477539063e-08, -7.2177499532699585e-09, 0.9992358088493347, -0.0031000934541225433, -0.03896533325314522, 0.0026193775702267885, 0.9999198913574219, -0.012383107095956802, 0.03900027647614479, 0.012271763756871223, 0.9991639256477356),
            ["LowerTorso"] = CFrame.new(-0.01404988020658493, -0.2085869312286377, -0.11261214315891266, 0.3637091815471649, 0.08915376663208008, 0.9272363185882568, -0.09873473644256592, 0.9934917688369751, -0.056795429438352585, -0.9262651205062866, -0.07089341431856155, 0.3701445758342743),
            ["RightLowerLeg"] = CFrame.new(-1.4994293451309204e-07, -0.000003874301910400391, -0.000013362783647608012, 1, -1.2340028376911505e-07, 1.4901170075631853e-08, 1.2153761019817466e-07, 0.6760991215705872, 0.7368108630180359, -1.4959370631117963e-08, -0.7368107438087463, 0.6760989427566528),
            ["LeftUpperLeg"] = CFrame.new(4.76837158203125e-07, -2.942979335784912e-07, -2.3096799850463867e-07, 0.9827967882156372, -0.005639071576297283, 0.18460439145565033, 0.10832013189792633, 0.8271743059158325, -0.5514070987701416, -0.14959020912647247, 0.5619173049926758, 0.8135549426078796),
            ["LeftLowerLeg"] = CFrame.new(-1.862645149230957e-09, 0.0000040531158447265625, 0.000013347715139389038, 1, 3.282911720248194e-08, 2.1376765246827745e-08, -6.519257311765614e-08, 0.7841643691062927, 0.6205524206161499, -1.5832481992106295e-08, -0.6205532550811768, 0.78416508436203),
        }},
        {Time = 0.233, Data = {
            ["RightFoot"] = CFrame.new(2.7939677238464355e-08, 3.5762786865234375e-07, 3.242894308641553e-08, 0.9736147522926331, -0.038379114121198654, -0.22494778037071228, -0.12126544117927551, 0.7480358481407166, -0.6524853706359863, 0.1933106631040573, 0.6625477075576782, 0.7236444354057312),
            ["LeftLowerArm"] = CFrame.new(-0.000001341104507446289, 7.748603820800781e-07, -1.4901161193847656e-07, 1, -1.1175870895385742e-08, -6.33299421792799e-08, 2.9802315282267955e-08, 0.9939058423042297, -0.1102331131696701, 0, 0.11023309081792831, 0.9939058423042297),
            ["RightUpperArm"] = CFrame.new(3.5762786865234375e-07, 2.384185791015625e-07, 1.7881393432617188e-07, 0.4967293441295624, 0.04183711111545563, 0.8668962717056274, 0.6109334826469421, 0.6926009654998779, -0.383489191532135, -0.6164578199386597, 0.7201067209243774, 0.3184761106967926),
            ["Head"] = CFrame.new(-6.51925802230835e-08, -3.5762786865234375e-07, 2.3096799850463867e-07, 0.9986805319786072, -0.03887263312935829, -0.03356028348207474, 0.04421066865324974, 0.9832727313041687, 0.17669250071048737, 0.026130493730306625, -0.17794327437877655, 0.9836937785148621),
            ["RightHand"] = CFrame.new(-5.960464477539063e-08, 0, 8.940696716308594e-08, 0.8970439434051514, -0.436012864112854, 0.07214498519897461, 0.4380352795124054, 0.8988446593284607, -0.01426534354686737, -0.058627285063266754, 0.04439864307641983, 0.997292160987854),
            ["UpperTorso"] = CFrame.new(-3.5390257835388184e-08, 0.0000013113021850585938, 4.842877388000488e-08, 0.9954929351806641, -0.05088214576244354, 0.08003067225217819, 0.050449252128601074, 0.9986990690231323, 0.007422947324812412, -0.08030412346124649, -0.0033519649878144264, 0.9967647194862366),
            ["HumanoidRootPart"] = CFrame.new(0, 0, 0, 1, 0, 0, 0, 1, 0, 0, 0, 1),
            ["RightUpperLeg"] = CFrame.new(6.556510925292969e-07, 9.117648005485535e-07, -4.0402665035799146e-07, 0.9853367805480957, -0.05120081454515457, 0.16275765001773834, 0.03029916062951088, 0.9912592172622681, 0.12840242683887482, -0.16790887713432312, -0.12158768624067307, 0.9782753586769104),
            ["LeftUpperArm"] = CFrame.new(-5.960464477539062e-07, -0.0000015497207641601562, -9.685754776000977e-08, 0.7239291071891785, 0.05703449994325638, -0.6875119805335999, 0.29450979828834534, 0.8756511807441711, 0.3827519118785858, 0.623851478099823, -0.4795646369457245, 0.6171128749847412),
            ["RightLowerArm"] = CFrame.new(-8.940696716308594e-08, -9.5367431640625e-07, -1.1920928955078125e-07, 1, -4.4703494239684005e-08, 7.450577044210149e-08, 2.980233304583635e-08, 0.7470363974571228, -0.664783239364624, 4.4703497792397684e-08, 0.6647832989692688, 0.747036337852478),
            ["LeftHand"] = CFrame.new(-0.0000014528632164001465, 4.172325134277344e-07, 2.942979335784912e-07, 0.9250703454017639, 0.2943111062049866, -0.24005387723445892, -0.2799626886844635, 0.9555307626724243, 0.09263782948255539, 0.2566431164741516, -0.018490459769964218, 0.9663293361663818),
            ["LeftFoot"] = CFrame.new(-2.60770320892334e-08, 5.960464477539063e-08, -7.35744833946228e-08, 0.9968857169151306, 0.0040506403893232346, -0.07875581085681915, -0.00033604350755922496, 0.9988892078399658, 0.04712079465389252, 0.0788591280579567, -0.046947915107011795, 0.9957796931266785),
            ["LowerTorso"] = CFrame.new(-0.0108488779515028, -0.2151045799255371, -0.12081792950630188, 0.2714282274246216, 0.09545908868312836, 0.9577130079269409, -0.0979173332452774, 0.9926451444625854, -0.07118985801935196, -0.9574649333953857, -0.07445377856492996, 0.27877897024154663),
            ["RightLowerLeg"] = CFrame.new(1.862645149230957e-08, -0.000003635883331298828, -0.000013264063454698771, 1, -1.266598843585598e-07, -3.911557300284585e-08, 1.2153758177646523e-07, 0.67677903175354, 0.7361858487129211, -1.0244547432591844e-08, -0.7361862659454346, 0.6767794489860535),
            ["LeftUpperLeg"] = CFrame.new(4.470348358154297e-07, -7.422640919685364e-07, -1.6391277313232422e-07, 0.9863290786743164, -0.04168882593512535, 0.15942752361297607, 0.12401184439659119, 0.8248903155326843, -0.5515220165252686, -0.10851763933897018, 0.5637534856796265, 0.8187835216522217),
            ["LeftLowerLeg"] = CFrame.new(7.078051567077637e-08, 0.000004112720489501953, 0.00001339055597782135, 1, 7.357447628919545e-08, -3.7136491215505885e-08, -4.284083487959833e-08, 0.8051358461380005, 0.5930902361869812, 7.4505797087454084e-09, -0.5930904150009155, 0.8051360845565796),
        }},
        {Time = 0.267, Data = {
            ["RightFoot"] = CFrame.new(-3.073364496231079e-08, 2.980232238769531e-07, 1.6952981241047382e-09, 0.9753562808036804, -0.052049070596694946, -0.21440860629081726, -0.10568977147340775, 0.7428070902824402, -0.6611104607582092, 0.19367456436157227, 0.6674791574478149, 0.7190006375312805),
            ["LeftLowerArm"] = CFrame.new(-0.000001043081283569336, 7.748603820800781e-07, 1.6577541828155518e-07, 1, -1.862644971595273e-08, 3.725290653733282e-08, 0, 0.991567850112915, -0.12958841025829315, 7.450580596923828e-09, 0.12958839535713196, 0.9915679097175598),
            ["RightUpperArm"] = CFrame.new(3.5762786865234375e-07, -5.960464477539062e-07, 1.7881393432617188e-07, 0.5396175384521484, 0.04566686972975731, 0.8406708240509033, 0.6516813635826111, 0.6095344424247742, -0.4514186382293701, -0.5330330729484558, 0.7914431095123291, 0.29915547370910645),
            ["Head"] = CFrame.new(-7.82310962677002e-08, -4.76837158203125e-07, 1.9185245037078857e-07, 0.9974878430366516, -0.031270742416381836, -0.06356209516525269, 0.04273581504821777, 0.9812565445899963, 0.18790754675865173, 0.05649465322494507, -0.19015197455883026, 0.9801279306411743),
            ["RightHand"] = CFrame.new(-5.662441253662109e-07, 2.980232238769531e-07, 1.7881393432617188e-07, 0.8883370757102966, -0.44988399744033813, 0.0919874757528305, 0.45322245359420776, 0.8912120461463928, -0.01818021759390831, -0.07380137592554092, 0.057840920984745026, 0.9955942034721375),
            ["UpperTorso"] = CFrame.new(1.3504177331924438e-08, 0.0000014603137969970703, 3.725290298461914e-09, 0.9954051375389099, -0.05471579730510712, 0.07858007401227951, 0.05378358066082001, 0.9984554052352905, 0.01393227931112051, -0.07922094315290451, -0.009641910903155804, 0.9968104362487793),
            ["HumanoidRootPart"] = CFrame.new(0, 0, 0, 1, 0, 0, 0, 1, 0, 0, 0, 1),
            ["RightUpperLeg"] = CFrame.new(8.940696716308594e-07, 3.5762786865234375e-07, -4.0402665035799146e-07, 0.9807248115539551, -0.02644326165318489, 0.19359710812568665, -0.002133401110768318, 0.9892919659614563, 0.1459350436925888, -0.19538262486457825, -0.1435345560312271, 0.9701665639877319),
            ["LeftUpperArm"] = CFrame.new(-4.76837158203125e-07, -0.0000016689300537109375, -1.434236764907837e-07, 0.7582505941390991, 0.06611289083957672, -0.648602306842804, 0.30348947644233704, 0.8446922898292542, 0.44089579582214355, 0.5770184397697449, -0.5311535000801086, 0.6204240918159485),
            ["RightLowerArm"] = CFrame.new(5.960464477539063e-08, -7.748603820800781e-07, 2.2351741790771484e-07, 1, -7.264319634714411e-08, 0, 5.401672353855247e-08, 0.6614959239959717, -0.7499487996101379, 1.0430815677864302e-07, 0.7499487400054932, 0.6614959836006165),
            ["LeftHand"] = CFrame.new(-0.0000013262033462524414, 0.0000011324882507324219, 3.5762786865234375e-07, 0.9357205033302307, 0.26855194568634033, -0.22870737314224243, -0.2583487927913666, 0.9632114768028259, 0.07402453571557999, 0.24017293751239777, -0.010179982520639896, 0.9706767797470093),
            ["LeftFoot"] = CFrame.new(3.91155481338501e-08, -1.7881393432617188e-07, -2.60770320892334e-08, 0.9927979707717896, 0.017813730984926224, -0.11846859008073807, -0.005723574664443731, 0.9948068857192993, 0.1016196683049202, 0.11966371536254883, -0.10020998120307922, 0.9877442717552185),
