return {
    ["Summoning Jitsu"] = {
        {Time = 0.000, Data = {
            ["LeftFoot"] = CFrame.new(4.0978193283081055e-08, 5.960464477539063e-08, -7.450580596923828e-09, 0.9911373257637024, -0.12923456728458405, -0.03074735403060913, 0.13250555098056793, 0.9782408475875854, 0.15964694321155548, 0.009446481242775917, -0.16230618953704834, 0.9866952896118164),
            ["LeftLowerArm"] = CFrame.new(5.960464477539063e-08, -1.7881393432617188e-07, 5.960464477539063e-08, 1, -3.073364496231079e-08, 4.0978189730367376e-08, 5.7742006731587026e-08, 0.8932572603225708, -0.4495459794998169, -3.725290742551124e-09, 0.4495459496974945, 0.893257200717926),
            ["LowerTorso"] = CFrame.new(-0.05962974578142166, -0.11243128776550293, 0.034804653376340866, 0.9634904265403748, -0.011835595592856407, -0.2674812376499176, 1.806611322763274e-07, 0.9990225434303284, -0.04420441761612892, 0.26774296164512634, 0.04259048029780388, 0.962548553943634),
            ["Head"] = CFrame.new(6.51925802230835e-09, -3.5762786865234375e-07, 1.3923272490501404e-07, 0.9379020929336548, -0.02478284388780594, 0.3460136651992798, 0.03826053440570831, 0.9987497329711914, -0.03217441961169243, -0.34478363394737244, 0.0434151329100132, 0.9376776814460754),
            ["RightUpperArm"] = CFrame.new(-1.7881393432617188e-07, -3.5762786865234375e-07, 4.470348358154297e-08, 0.9732234477996826, -0.21167786419391632, -0.08960243314504623, 0.21844828128814697, 0.9730411767959595, 0.07396785914897919, 0.07152944803237915, -0.0915607437491417, 0.9932271242141724),
            ["UpperTorso"] = CFrame.new(-1.4664465197711252e-09, -2.9802322387695312e-08, -5.587935447692871e-09, 0.9965737462043762, 0.009692313149571419, -0.08213947713375092, 0.007224934175610542, 0.9791123270988464, 0.20319148898124695, 0.08239320665597916, -0.20308873057365417, 0.9756876826286316),
            ["HumanoidRootPart"] = CFrame.new(0, 0, 0, 1, 0, 0, 0, 1, 0, 0, 0, 1),
            ["RightHand"] = CFrame.new(2.8312206268310547e-07, -1.7881393432617188e-07, -1.1920928955078125e-07, 0.9912817478179932, 0.12221094220876694, -0.04924653843045235, -0.1288779377937317, 0.9770749807357788, -0.16945527493953705, 0.027408258989453316, 0.17432467639446259, 0.984306812286377),
            ["LeftUpperArm"] = CFrame.new(-1.1920928955078125e-07, -7.152557373046875e-07, 1.1920928955078125e-07, 0.8578585982322693, 0.3431428074836731, -0.3825331926345825, -0.3372092843055725, 0.9375995397567749, 0.08483609557151794, 0.3877738118171692, 0.05621633678674698, 0.9200387001037598),
            ["RightLowerArm"] = CFrame.new(-3.2782554626464844e-07, -8.344650268554688e-07, -1.7881393432617188e-07, 1, -1.4901162970204496e-08, 1.862645504502325e-08, 3.725290653733282e-08, 0.9061893820762634, -0.4228721559047699, 2.980232594040899e-08, 0.4228721261024475, 0.9061894416809082),
            ["LeftHand"] = CFrame.new(1.1920928955078125e-07, 1.7881393432617188e-07, -2.086162567138672e-07, 0.9853501319885254, -0.1412481814622879, 0.09557238221168518, 0.14784052968025208, 0.9868203997612, -0.06579430401325226, -0.08501943200826645, 0.07895990461111069, 0.9932457208633423),
            ["RightUpperLeg"] = CFrame.new(0, -2.016313374042511e-07, -9.145878721028566e-09, 0.905992329120636, -0.1763622760772705, -0.3848041594028473, 0.213740274310112, 0.975269615650177, 0.05625278502702713, 0.36536693572998047, -0.13321292400360107, 0.9212824106216431),
            ["LeftUpperLeg"] = CFrame.new(-1.1920928955078125e-07, -1.3969838619232178e-08, 0, 0.9839342832565308, 0.17201773822307587, 0.04778322950005531, -0.13960739970207214, 0.9081703424453735, -0.3946346938610077, -0.11127950251102448, 0.38162368535995483, 0.9175947904586792),
            ["RightLowerLeg"] = CFrame.new(1.4901161193847656e-08, -0.0000035762786865234375, -0.000013284552551340312, 1, -4.4703494239684005e-08, -1.1920930376163597e-07, 5.21540641784668e-08, 0.9204645156860352, 0.39082592725753784, -1.3737007975578308e-08, -0.3908263146877289, 0.9204646944999695),
            ["RightFoot"] = CFrame.new(-9.685754776000977e-08, 2.384185791015625e-07, 1.6596459317952394e-08, 0.9809894561767578, 0.19209669530391693, 0.027546126395463943, -0.16307459771633148, 0.892947793006897, -0.4195839464664459, -0.10519781708717346, 0.4071156084537506, 0.9072985053062439),
            ["LeftLowerLeg"] = CFrame.new(2.9802322387695312e-08, 0.000003993511199951172, 0.000013366341590881348, 1, 3.725290653733282e-08, 7.450584149637507e-09, -2.6077039194660756e-08, 0.9612010717391968, 0.2758486568927765, -1.4901164746561335e-08, -0.2758486866950989, 0.9612011909484863),
        }},
        {Time = 0.033, Data = {
            ["LeftFoot"] = CFrame.new(2.60770320892334e-08, -1.1920928955078125e-07, -3.725290298461914e-09, 0.9909132122993469, -0.12399149686098099, -0.05212698131799698, 0.12854549288749695, 0.98707515001297, 0.0957014262676239, 0.039587002247571945, -0.10153257101774216, 0.9940443634986877),
            ["LeftLowerArm"] = CFrame.new(2.384185791015625e-07, 0.0000011920928955078125, 1.1920928955078125e-07, 1, -3.771856782464056e-08, 3.725290653733282e-08, 6.47269118303484e-08, 0.8807868361473083, -0.47351300716400146, 3.725289943190546e-08, 0.47351300716400146, 0.8807868957519531),
            ["LowerTorso"] = CFrame.new(-0.061713892966508865, -0.13109230995178223, 0.03733382001519203, 0.9592889547348022, -0.011939986608922482, -0.28217414021492004, 0.004297316074371338, 0.9996073842048645, -0.02768833562731743, 0.2823939621448517, 0.025348521769046783, 0.9589635729789734),
            ["Head"] = CFrame.new(8.381903171539307e-09, 2.384185791015625e-07, -2.7008354663848877e-08, 0.9344053268432617, -0.03220243379473686, 0.35475313663482666, 0.04896935075521469, 0.9980624914169312, -0.03838500380516052, -0.3528296649456024, 0.05323914438486099, 0.934171736240387),
            ["RightUpperArm"] = CFrame.new(0, -4.76837158203125e-07, -2.9802322387695312e-08, 0.9713762998580933, -0.21532906591892242, -0.10030755400657654, 0.22221516072750092, 0.9729387164115906, 0.06333144009113312, 0.08395598828792572, -0.08380856364965439, 0.9929388165473938),
            ["UpperTorso"] = CFrame.new(6.51925802230835e-09, -8.940696716308594e-08, 9.19681042432785e-09, 0.9969601035118103, 0.019789041951298714, -0.07535957545042038, -0.0045285699889063835, 0.9802905917167664, 0.19750918447971344, 0.07778283208608627, -0.19656746089458466, 0.9774002432823181),
            ["HumanoidRootPart"] = CFrame.new(0, 0, 0, 1, 0, 0, 0, 1, 0, 0, 0, 1),
            ["RightHand"] = CFrame.new(-1.1920928955078125e-07, 5.960464477539063e-08, 0, 0.9823179244995117, 0.18084733188152313, -0.04843448847532272, -0.1863357424736023, 0.9695172309875488, -0.15910851955413818, 0.01818368397653103, 0.16532020270824432, 0.9860723614692688),
            ["LeftUpperArm"] = CFrame.new(0, -1.1920928955078125e-07, 2.9802322387695312e-08, 0.8806169033050537, 0.32087716460227966, -0.34864291548728943, -0.3169398307800293, 0.9458596110343933, 0.06999188661575317, 0.35222601890563965, 0.048862818628549576, 0.9346386790275574),
            ["RightLowerArm"] = CFrame.new(5.960464477539062e-07, 1.7881393432617188e-07, -1.7881393432617188e-07, 1, 3.725290298461914e-09, -3.725290742551124e-09, 3.72529100900465e-08, 0.9061893820762634, -0.42287227511405945, -1.1175873559921001e-08, 0.42287224531173706, 0.9061893820762634),
            ["LeftHand"] = CFrame.new(1.1920928955078125e-07, 5.960464477539063e-08, -2.9802322387695312e-08, 0.9842301607131958, -0.14609438180923462, 0.09973753988742828, 0.15297654271125793, 0.9860758781433105, -0.06521108001470566, -0.08882182091474533, 0.07944021373987198, 0.9928746223449707),
            ["RightUpperLeg"] = CFrame.new(-8.940696716308594e-08, 5.774199962615967e-08, -7.399648893624544e-09, 0.9109139442443848, -0.19468800723552704, -0.3637746274471283, 0.20458683371543884, 0.9787804484367371, -0.011534453369677067, 0.35830143094062805, -0.06391668319702148, 0.9314156174659729),
            ["LeftUpperLeg"] = CFrame.new(5.960464477539063e-08, -1.1315569281578064e-07, 4.272442311048508e-08, 0.9791131615638733, 0.19213777780532837, 0.06648816168308258, -0.13750004768371582, 0.8666478395462036, -0.4795990586280823, -0.1497708559036255, 0.4604397416114807, 0.8749651908874512),
            ["RightLowerLeg"] = CFrame.new(2.9802322387695312e-08, -0.0000032186508178710938, -0.00001326033816440031, 1, -5.960464477539063e-08, -5.960465898624534e-08, 5.215407838932151e-08, 0.8787482976913452, 0.4772851765155792, 2.8405345631199452e-08, -0.4772855341434479, 0.8787485957145691),
            ["RightFoot"] = CFrame.new(4.0978193283081055e-08, 2.384185791015625e-07, -1.0261283023282886e-07, 0.9806589484214783, 0.19324320554733276, 0.03106939233839512, -0.1580529808998108, 0.8754974007606506, -0.45664331316947937, -0.11544479429721832, 0.442901074886322, 0.8891072869300842),
            ["LeftLowerLeg"] = CFrame.new(6.705522537231445e-08, 0.0000037550926208496094, 0.000013142824172973633, 1, 4.8428763221863846e-08, 2.048908953611317e-08, -3.725289587919178e-08, 0.9133275151252747, 0.40722590684890747, 0, -0.40722575783729553, 0.9133274555206299),
        }},
        {Time = 0.067, Data = {
            ["LeftFoot"] = CFrame.new(7.450580596923828e-09, -5.960464477539063e-08, -5.21540641784668e-08, 0.9892154932022095, -0.12313877791166306, -0.07930687814950943, 0.12745067477226257, 0.9904911518096924, 0.051803603768348694, 0.07217364758253098, -0.06135351583361626, 0.9955033659934998),
            ["LeftLowerArm"] = CFrame.new(1.1920928955078125e-07, 5.960464477539063e-08, -2.384185791015625e-07, 1, -5.960464477539063e-08, 3.72529100900465e-08, 4.6566135836201283e-08, 0.8511117696762085, -0.5249845385551453, 6.705523247774181e-08, 0.5249845385551453, 0.8511117100715637),
            ["LowerTorso"] = CFrame.new(-0.06540457159280777, -0.1487429141998291, 0.042897921055555344, 0.9537543058395386, -0.005593152716755867, -0.30053529143333435, 0.008594614453613758, 0.9999255537986755, 0.008665921166539192, 0.3004644215106964, -0.010848144069314003, 0.9537313580513),
            ["Head"] = CFrame.new(-1.862645149230957e-08, 5.960464477539062e-07, -1.862645149230957e-08, 0.9298471808433533, -0.0410260446369648, 0.3656518757343292, 0.06367120146751404, 0.996713399887085, -0.05008389800786972, -0.36239537596702576, 0.0698518231511116, 0.9294033050537109),
            ["RightUpperArm"] = CFrame.new(-5.960464477539063e-08, -1.1920928955078125e-07, 0, 0.9676561951637268, -0.21526384353637695, -0.13154098391532898, 0.22254569828510284, 0.9739626049995422, 0.043247487396001816, 0.11880636215209961, -0.07112260907888412, 0.9903669953346252),
            ["UpperTorso"] = CFrame.new(-1.862645149230957e-09, -2.9802322387695312e-08, 5.587935447692871e-09, 0.9973058104515076, 0.030107688158750534, -0.06689219921827316, -0.017475714907050133, 0.9831504821777344, 0.18196070194244385, 0.0712435394525528, -0.1803014874458313, 0.9810279011726379),
            ["HumanoidRootPart"] = CFrame.new(0, 0, 0, 1, 0, 0, 0, 1, 0, 0, 0, 1),
            ["RightHand"] = CFrame.new(-1.9371509552001953e-07, 0, 2.9802322387695312e-08, 0.9504697918891907, 0.30758121609687805, -0.04473257437348366, -0.31081628799438477, 0.9402604103088379, -0.13893787562847137, -0.0006744461134076118, 0.14595983922481537, 0.9892902970314026),
            ["LeftUpperArm"] = CFrame.new(0, -2.384185791015625e-07, -1.4901161193847656e-07, 0.9201266169548035, 0.27529555559158325, -0.2785309851169586, -0.2711673080921173, 0.9610134959220886, 0.05404973030090332, 0.28255170583724976, 0.025795847177505493, 0.9589052200317383),
            ["RightLowerArm"] = CFrame.new(1.7881393432617188e-07, 0, -4.172325134277344e-07, 1, -1.862644971595273e-08, 7.4505797087454084e-09, 5.215405707303944e-08, 0.9061893224716187, -0.42287224531173706, -5.5879347371501353e-08, 0.42287224531173706, 0.9061893820762634),
            ["LeftHand"] = CFrame.new(-2.980232238769531e-07, 7.152557373046875e-07, -5.960464477539063e-08, 0.980822741985321, -0.1595652997493744, 0.11191888898611069, 0.16729550063610077, 0.9838657975196838, -0.06340686976909637, -0.09999557584524155, 0.08091440796852112, 0.9916923642158508),
            ["RightUpperLeg"] = CFrame.new(0, -4.2049214243888855e-07, 4.487083060666919e-08, 0.9165334105491638, -0.2093699723482132, -0.34077978134155273, 0.1881992220878601, 0.9775792956352234, -0.0944446548819542, 0.3529130518436432, 0.022427059710025787, 0.9353873133659363),
            ["LeftUpperLeg"] = CFrame.new(-1.7881393432617188e-07, -6.307382136583328e-07, 3.3527612686157227e-08, 0.9712543487548828, 0.21818409860134125, 0.09518805146217346, -0.1291162073612213, 0.8188024759292603, -0.5593664050102234, -0.19998502731323242, 0.5309973955154419, 0.823436975479126),
            ["RightLowerLeg"] = CFrame.new(-7.450580596923828e-08, -0.000003993511199951172, -0.000013312492228578776, 1, -5.960463766996327e-08, -1.3411046495548362e-07, 5.5879347371501353e-08, 0.8367231488227844, 0.5476255416870117, -3.5390254282674505e-08, -0.5476260781288147, 0.8367235660552979),
            ["RightFoot"] = CFrame.new(4.842877388000488e-08, 5.364418029785156e-07, -2.8107024263590574e-08, 0.9803522825241089, 0.19391685724258423, 0.036137282848358154, -0.1525513082742691, 0.8614847660064697, -0.4843258857727051, -0.12505044043064117, 0.4692975580692291, 0.8741410970687866),
            ["LeftLowerLeg"] = CFrame.new(4.470348358154297e-08, 0.0000040531158447265625, 0.000013299286365509033, 1, 6.053596024457875e-08, -3.2596300769682784e-08, -2.9802308176840597e-08, 0.8695523738861084, 0.49384111166000366, 0, -0.49384087324142456, 0.8695521354675293),
        }},
        {Time = 0.100, Data = {
            ["LeftFoot"] = CFrame.new(7.078051567077637e-08, 1.7881393432617188e-07, -3.91155481338501e-08, 0.9868831038475037, -0.13937857747077942, -0.08145874738693237, 0.14266057312488556, 0.9891192317008972, 0.03593483567237854, 0.07556377351284027, -0.047084201127290726, 0.9960287809371948),
            ["LeftLowerArm"] = CFrame.new(4.172325134277344e-07, 2.384185791015625e-07, -1.1920928955078125e-07, 1, -7.078052277620372e-08, -1.1175872671742582e-08, 3.725290653733282e-08, 0.8184316158294678, -0.5746040344238281, 4.4703490686970326e-08, 0.5746039152145386, 0.818431556224823),
            ["LowerTorso"] = CFrame.new(-0.06884239614009857, -0.1625840663909912, 0.048462022095918655, 0.9524915218353271, 0.010033749975264072, -0.3043997883796692, 0.0038607632741332054, 0.9989791512489319, 0.045009396970272064, 0.30454063415527344, -0.04404628649353981, 0.9514803886413574),
            ["Head"] = CFrame.new(-2.2351741790771484e-08, 0, -2.60770320892334e-08, 0.9292178750038147, -0.04634438082575798, 0.3666147291660309, 0.07268635183572769, 0.9956454634666443, -0.05836886167526245, -0.3623132109642029, 0.08088531345129013, 0.9285401701927185),
            ["RightUpperArm"] = CFrame.new(0, 5.960464477539062e-07, 2.9802322387695312e-08, 0.9621475338935852, -0.21147991716861725, -0.17189660668373108, 0.21879002451896667, 0.9754635095596313, 0.024533730000257492, 0.16249053180217743, -0.06121428310871124, 0.9848094582557678),
            ["UpperTorso"] = CFrame.new(1.862645149230957e-09, 2.9802322387695312e-08, 1.6763806343078613e-08, 0.9975275993347168, 0.027903467416763306, -0.06449806690216064, -0.01688552089035511, 0.986073911190033, 0.16544842720031738, 0.06821639835834503, -0.16395029425621033, 0.9841071367263794),
            ["HumanoidRootPart"] = CFrame.new(0, 0, 0, 1, 0, 0, 0, 1, 0, 0, 0, 1),
            ["RightHand"] = CFrame.new(4.470348358154297e-07, 4.172325134277344e-07, -1.1920928955078125e-07, 0.9021939039230347, 0.42949798703193665, -0.03972068056464195, -0.4309648275375366, 0.8938055038452148, -0.12402118742465973, -0.017764294520020485, 0.12900930643081665, 0.9914843440055847),
            ["LeftUpperArm"] = CFrame.new(0, 3.5762786865234375e-07, -5.960464477539063e-08, 0.9493775367736816, 0.23008054494857788, -0.2138815075159073, -0.22161683440208435, 0.9730916023254395, 0.06307867914438248, 0.22263945639133453, -0.012485737912356853, 0.9748209714889526),
            ["RightLowerArm"] = CFrame.new(-1.4901161193847656e-07, 5.364418029785156e-07, 2.9802322387695312e-08, 1, -4.6566128730773926e-08, 3.3527616238870905e-08, 3.725290298461914e-08, 0.9061893820762634, -0.4228721559047699, -5.587935447692871e-08, 0.4228720963001251, 0.9061894416809082),
            ["LeftHand"] = CFrame.new(-8.940696716308594e-08, 7.152557373046875e-07, 1.1920928955078125e-07, 0.9748202562332153, -0.18000854551792145, 0.13161475956439972, 0.18909530341625214, 0.9801207780838013, -0.06005286052823067, -0.11818846315145493, 0.08342856913805008, 0.9894803166389465),
            ["RightUpperLeg"] = CFrame.new(0, 6.379559636116028e-08, 2.8107024263590574e-08, 0.9172021746635437, -0.22750627994537354, -0.3270796835422516, 0.18066130578517914, 0.9691752791404724, -0.16751374304294586, 0.3551080524921417, 0.09455326944589615, 0.9300312399864197),
            ["LeftUpperLeg"] = CFrame.new(-5.960464477539063e-08, 1.4062970876693726e-07, 4.470348358154297e-08, 0.970207691192627, 0.22222410142421722, 0.09650672972202301, -0.1191241592168808, 0.784420371055603, -0.6086817979812622, -0.21096546947956085, 0.5790519714355469, 0.7875233888626099),
            ["RightLowerLeg"] = CFrame.new(-2.9802322387695312e-08, -0.0000036954879760742188, -0.000013305041647981852, 1, -7.450581307466564e-08, -1.4901162614933128e-07, 5.960463766996327e-08, 0.7981211543083191, 0.6024971008300781, -1.8626449271863521e-09, -0.6024971008300781, 0.7981211543083191),
            ["RightFoot"] = CFrame.new(-3.3527612686157227e-08, 2.980232238769531e-07, 3.149762051180005e-08, 0.9802061915397644, 0.19479066133499146, 0.03539317473769188, -0.1500522345304489, 0.8475687503814697, -0.5090299248695374, -0.129152312874794, 0.4936433732509613, 0.8600208759307861),
            ["LeftLowerLeg"] = CFrame.new(-1.6763806343078613e-07, 0.000004112720489501953, 0.000013135373592376709, 1, 5.2154071283894154e-08, 3.073364851502447e-08, -5.215405707303944e-08, 0.8491877317428589, 0.5280910134315491, 0, -0.5280911922454834, 0.8491878509521484),
        }},
        {Time = 0.133, Data = {
            ["LeftFoot"] = CFrame.new(-9.313225746154785e-08, 0, 1.3969838619232178e-08, 0.9837018847465515, -0.1585049331188202, -0.08489403128623962, 0.16193681955337524, 0.9861748814582825, 0.03515048325061798, 0.07814883440732956, -0.04832527041435242, 0.9957697987556458),
            ["LeftLowerArm"] = CFrame.new(2.682209014892578e-07, 0.0000011324882507324219, 1.1920928955078125e-07, 1, -2.6077044523731274e-08, 4.0978196835794733e-08, 5.960465898624534e-08, 0.8026197552680969, -0.5964910387992859, 3.3527619791584584e-08, 0.5964911580085754, 0.8026198148727417),
            ["LowerTorso"] = CFrame.new(-0.07256430387496948, -0.1689610481262207, 0.050991129130125046, 0.9523000717163086, 0.023682285100221634, -0.3042430877685547, -0.00516913179308176, 0.9980929493904114, 0.061511870473623276, 0.3051196336746216, -0.057005077600479126, 0.9506064057350159),
            ["Head"] = CFrame.new(-3.725290298461914e-08, 2.384185791015625e-07, 6.705522537231445e-08, 0.931479811668396, -0.05378524214029312, 0.35979509353637695, 0.0775386244058609, 0.9956374168395996, -0.05190477892756462, -0.3554336726665497, 0.07624631375074387, 0.931586503982544),
            ["RightUpperArm"] = CFrame.new(-1.1920928955078125e-07, 2.384185791015625e-07, -2.2351741790771484e-08, 0.956200361251831, -0.21681147813796997, -0.19665639102458954, 0.22380498051643372, 0.9745364189147949, 0.01378876343369484, 0.18865931034088135, -0.05719752982258797, 0.9803755283355713),
            ["UpperTorso"] = CFrame.new(7.450580596923828e-09, -8.940696716308594e-08, 1.6763806343078613e-08, 0.9980416297912598, 0.02034982107579708, -0.05915174260735512, -0.01063289400190115, 0.9870334267616272, 0.16016237437725067, 0.061644017696380615, -0.15921975672245026, 0.985316812992096),
            ["HumanoidRootPart"] = CFrame.new(0, 0, 0, 1, 0, 0, 0, 1, 0, 0, 0, 1),
            ["RightHand"] = CFrame.new(5.960464477539063e-08, 0, -2.9802322387695312e-08, 0.8745107650756836, 0.48338955640792847, -0.039567191153764725, -0.4842834174633026, 0.8658449649810791, -0.12562675774097443, -0.02646755427122116, 0.1290237158536911, 0.9912883043289185),
            ["LeftUpperArm"] = CFrame.new(-1.1920928955078125e-07, 5.960464477539062e-07, -5.960464477539063e-08, 0.9599069952964783, 0.21420882642269135, -0.18081264197826385, -0.19783371686935425, 0.9746592044830322, 0.10440990328788757, 0.19859617948532104, -0.06445290893316269, 0.9779598712921143),
            ["RightLowerArm"] = CFrame.new(-1.4901161193847656e-07, 0, 5.960464477539063e-08, 1, -2.0489094865183688e-08, 2.60770232074492e-08, 5.960463056453591e-08, 0.9061893224716187, -0.4228721261024475, -1.4901157641133977e-08, 0.4228721261024475, 0.9061894416809082),
            ["LeftHand"] = CFrame.new(-1.4901161193847656e-07, 0, -5.960464477539063e-08, 0.9657301306724548, -0.2057148516178131, 0.15826216340065002, 0.21658362448215485, 0.9747352004051208, -0.05461713671684265, -0.14302805066108704, 0.08702235668897629, 0.9858854413032532),
            ["RightUpperLeg"] = CFrame.new(5.960464477539063e-08, -5.112960934638977e-07, 5.75528247281909e-09, 0.9154754877090454, -0.24510625004768372, -0.3191043436527252, 0.1850210577249527, 0.9606668949127197, -0.20709028840065002, 0.3573121726512909, 0.13054510951042175, 0.9248168468475342),
            ["LeftUpperLeg"] = CFrame.new(2.9802322387695312e-08, -3.4552067518234253e-07, -7.450580596923828e-09, 0.9702200293540955, 0.2188294678926468, 0.10386002063751221, -0.10802996903657913, 0.7746821045875549, -0.6230546236038208, -0.21680128574371338, 0.5932801365852356, 0.7752522826194763),
            ["RightLowerLeg"] = CFrame.new(-2.9802322387695312e-08, -0.000003814697265625, -0.000013230535842012614, 1, -1.192093321833454e-07, 2.2351748896198842e-08, 1.6228300125931128e-07, 0.7739063501358032, 0.6332996487617493, 1.2479725342018355e-07, -0.6333001255989075, 0.7739067673683167),
            ["RightFoot"] = CFrame.new(4.842877388000488e-08, 2.980232238769531e-07, 1.6952981241047382e-09, 0.9798515439033508, 0.19669882953166962, 0.03464894741773605, -0.1498502492904663, 0.8387041687965393, -0.523564875125885, -0.1320449709892273, 0.5078237652778625, 0.8512809872627258),
            ["LeftLowerLeg"] = CFrame.new(-2.2351741790771484e-08, 0.000003993511199951172, 0.00001315772533416748, 1, 7.450579175838357e-08, -1.1641530406336642e-08, -5.960463056453591e-08, 0.848227858543396, 0.5296313762664795, 2.2351736461700966e-08, -0.529631495475769, 0.848227858543396),
        }},
        {Time = 0.167, Data = {
            ["LeftFoot"] = CFrame.new(-4.0978193283081055e-08, -5.960464477539063e-08, -2.7939677238464355e-08, 0.9742552042007446, -0.20208902657032013, -0.09993498027324677, 0.21078212559223175, 0.9737656712532043, 0.08573881536722183, 0.07998634874820709, -0.10459637641906738, 0.9912930727005005),
            ["LeftLowerArm"] = CFrame.new(-1.1920928955078125e-07, 6.556510925292969e-07, 1.1920928955078125e-07, 1, -3.91155481338501e-08, 9.313225746154785e-09, 3.725289943190546e-08, 0.8368053436279297, -0.5475005507469177, 1.1175869119028903e-08, 0.5475005507469177, 0.8368053436279297),
            ["LowerTorso"] = CFrame.new(-0.07632240653038025, -0.15477228164672852, 0.049423057585954666, 0.955261766910553, 0.033137474209070206, -0.29389944672584534, -0.015906676650047302, 0.9980216026306152, 0.06082649901509285, 0.2953336238861084, -0.05343026667833328, 0.9538989663124084),
            ["Head"] = CFrame.new(-3.725290298461914e-09, -2.384185791015625e-07, 2.9802322387695312e-08, 0.9405141472816467, -0.06281045079231262, 0.3338981568813324, 0.07119254767894745, 0.9973790049552917, -0.012913416139781475, -0.3322119116783142, 0.035916320979595184, 0.9425207376480103),
            ["RightUpperArm"] = CFrame.new(0, 2.384185791015625e-07, -1.043081283569336e-07, 0.9613763689994812, -0.25717344880104065, -0.09806784242391586, 0.2610882520675659, 0.9648729562759399, 0.02920795977115631, 0.08711154013872147, -0.05368423834443092, 0.9947510361671448),
            ["UpperTorso"] = CFrame.new(-5.587935447692871e-09, 0, 5.587935447692871e-09, 0.9988886713981628, 0.004956481512635946, -0.04687104746699333, 0.00258538406342268, 0.9871959686279297, 0.1594914346933365, 0.04706145450472832, -0.15943539142608643, 0.9860860705375671),
            ["HumanoidRootPart"] = CFrame.new(0, 0, 0, 1, 0, 0, 0, 1, 0, 0, 0, 1),
            ["RightHand"] = CFrame.new(-3.129243850708008e-07, -2.384185791015625e-07, 5.960464477539063e-08, 0.8713595271110535, 0.48486942052841187, -0.07506144791841507, -0.4906061291694641, 0.8591070175170898, -0.14574222266674042, -0.006180154159665108, 0.16381947696208954, 0.9864710569381714),
            ["LeftUpperArm"] = CFrame.new(1.1920928955078125e-07, 0, 5.960464477539063e-08, 0.9589179158210754, 0.2009696215391159, -0.2002192884683609, -0.17139805853366852, 0.9728368520736694, 0.15559950470924377, 0.22605149447917938, -0.1148899495601654, 0.9673164486885071),
            ["RightLowerArm"] = CFrame.new(4.172325134277344e-07, 8.344650268554688e-07, 2.086162567138672e-07, 1, -5.774199252073231e-08, -5.587936335871291e-09, 6.705523247774181e-08, 0.9280344247817993, -0.37249431014060974, 4.4703490686970326e-08, 0.37249433994293213, 0.9280344843864441),
            ["LeftHand"] = CFrame.new(8.940696716308594e-08, -3.5762786865234375e-07, 5.960464477539063e-08, 0.9530158042907715, -0.23494184017181396, 0.19121527671813965, 0.24788856506347656, 0.9676710963249207, -0.046519823372364044, -0.17410393059253693, 0.09173422306776047, 0.980445146560669),
            ["RightUpperLeg"] = CFrame.new(0, -1.4528632164001465e-07, -1.6596459317952394e-08, 0.917926549911499, -0.25011277198791504, -0.30798450112342834, 0.19434881210327148, 0.9602143168449402, -0.20054210722446442, 0.34588927030563354, 0.12422636151313782, 0.9300153851509094),
            ["LeftUpperLeg"] = CFrame.new(-2.384185791015625e-07, -4.190951585769653e-09, -1.4901161193847656e-08, 0.9705076217651367, 0.21192045509815216, 0.11491195857524872, -0.10153739154338837, 0.7916721701622009, -0.6024495363235474, -0.218643918633461, 0.573013961315155, 0.7898417711257935),
            ["RightLowerLeg"] = CFrame.new(-1.4156103134155273e-07, -0.000003874301910400391, -0.000013230535842012614, 1, -1.0430814256778831e-07, -1.2665992699112394e-07, 7.776543498039246e-08, 0.7833002209663391, 0.62164306640625, 1.30385160446167e-08, -0.6216437220573425, 0.7833006978034973),
            ["RightFoot"] = CFrame.new(-4.0978193283081055e-08, 4.172325134277344e-07, -1.3205863069742918e-08, 0.9804227352142334, 0.19629576802253723, 0.015466694720089436, -0.1623436063528061, 0.8502920269966125, -0.5006470680236816, -0.11142630875110626, 0.48833543062210083, 0.8655133247375488),
            ["LeftLowerLeg"] = CFrame.new(-1.2293457984924316e-07, 0.000003933906555175781, 0.000013172626495361328, 1, 2.4214383387288763e-08, 3.445894236620006e-08, -1.1175869119028903e-08, 0.877519965171814, 0.4795399308204651, 7.4505797087454084e-09, -0.47953999042510986, 0.8775200843811035),
        }},
        {Time = 0.200, Data = {
            ["LeftFoot"] = CFrame.new(2.60770320892334e-08, 0, 3.725290298461914e-08, 0.9588004350662231, -0.25546011328697205, -0.12426610291004181, 0.27579909563064575, 0.9419189095497131, 0.19163408875465393, 0.06809371709823608, -0.21801169216632843, 0.9735678434371948),
            ["LeftLowerArm"] = CFrame.new(1.7881393432617188e-07, -4.172325134277344e-07, 4.172325134277344e-07, 1, -5.401671643312511e-08, 1.4901161193847656e-08, 5.215405707303944e-08, 0.8922976851463318, -0.4514475166797638, 7.823108916227284e-08, 0.4514475464820862, 0.8922977447509766),
            ["LowerTorso"] = CFrame.new(-0.07986878603696823, -0.12315130233764648, 0.045220647007226944, 0.9627666473388672, 0.04305336996912956, -0.2668835520744324, -0.028357472270727158, 0.9978741407394409, 0.05867808312177658, 0.268842488527298, -0.048925161361694336, 0.9619407653808594),
            ["Head"] = CFrame.new(5.587935447692871e-09, 1.1920928955078125e-07, -2.514570951461792e-08, 0.9551434516906738, -0.0673011764883995, 0.2883951663970947, 0.057065222412347794, 0.997410774230957, 0.04376443848013878, -0.2905937731266022, -0.025343993678689003, 0.9565107822418213),
            ["RightUpperArm"] = CFrame.new(-5.960464477539063e-08, 0, -2.2351741790771484e-08, 0.9426345229148865, -0.32465535402297974, 0.07771177589893341, 0.3188892602920532, 0.9445734620094299, 0.07804273068904877, -0.09874144941568375, -0.04878433793783188, 0.9939166307449341),
            ["UpperTorso"] = CFrame.new(7.450580596923828e-09, 0, -2.60770320892334e-08, 0.9993629455566406, -0.015190089121460915, -0.03229798004031181, 0.019966067746281624, 0.988006055355072, 0.15311944484710693, 0.029584715142846107, -0.15366673469543457, 0.9876797795295715),
            ["HumanoidRootPart"] = CFrame.new(0, 0, 0, 1, 0, 0, 0, 1, 0, 0, 0, 1),
            ["RightHand"] = CFrame.new(-5.587935447692871e-08, -2.980232238769531e-07, -2.60770320892334e-08, 0.864931583404541, 0.4788743853569031, -0.15024255216121674, -0.4995368421077728, 0.8503522276878357, -0.16542072594165802, 0.048543330281972885, 0.21812930703163147, 0.9747118949890137),
            ["LeftUpperArm"] = CFrame.new(1.1920928955078125e-07, 2.384185791015625e-07, -8.940696716308594e-08, 0.9487532377243042, 0.18864834308624268, -0.25353333353996277, -0.13812141120433807, 0.9691280126571655, 0.20423844456672668, 0.28423556685447693, -0.15875360369682312, 0.9455196857452393),
            ["RightLowerArm"] = CFrame.new(-1.1920928955078125e-07, -0.000001430511474609375, -2.9802322387695312e-08, 1, -4.6100474548893544e-08, -1.2107189029109122e-08, 3.7252889661942845e-09, 0.9611744284629822, -0.2759418189525604, -2.2351734685344127e-08, 0.27594178915023804, 0.9611743092536926),
            ["LeftHand"] = CFrame.new(-2.2351741790771484e-07, 0, 1.9371509552001953e-07, 0.9362143874168396, -0.2659384608268738, 0.22973760962486267, 0.28107762336730957, 0.9590364694595337, -0.0352761372923851, -0.21094544231891632, 0.09760013967752457, 0.9726130962371826),
            ["RightUpperLeg"] = CFrame.new(1.1920928955078125e-07, -3.073364496231079e-08, -2.4047039914876223e-08, 0.9258571267127991, -0.25347721576690674, -0.28024575114250183, 0.20232726633548737, 0.9589106440544128, -0.19888228178024292, 0.31914302706718445, 0.1274351179599762, 0.9390996098518372),
            ["LeftUpperLeg"] = CFrame.new(-5.960464477539063e-08, -1.7648562788963318e-07, 0, 0.9735626578330994, 0.1963026523590088, 0.11679507791996002, -0.09550992399454117, 0.8143128156661987, -0.5725140571594238, -0.20749376714229584, 0.5462233424186707, 0.8115334510803223),
            ["RightLowerLeg"] = CFrame.new(-4.470348358154297e-08, -0.000003933906555175781, -0.000013349745131563395, 1, -1.1175870895385742e-07, -1.4901155864777138e-08, 7.590276140945207e-08, 0.7838781476020813, 0.62091463804245, 3.352760202801619e-08, -0.6209146976470947, 0.7838781476020813),
            ["RightFoot"] = CFrame.new(-8.195638656616211e-08, 3.5762786865234375e-07, -8.77116690389812e-08, 0.9806698560714722, 0.1936173439025879, -0.02826894074678421, -0.1861649453639984, 0.8787621259689331, -0.439454048871994, -0.060244377702474594, 0.4362218379974365, 0.897820234298706),
            ["LeftLowerLeg"] = CFrame.new(3.725290298461914e-08, 0.000004231929779052734, 0.000013433396816253662, 1, 2.7939670133036998e-08, -1.1175874448099421e-08, -2.60770320892334e-08, 0.9205270409584045, 0.39067885279655457, -1.4901161193847656e-08, -0.3906787931919098, 0.9205271005630493),
        }},
        {Time = 0.233, Data = {
            ["LeftFoot"] = CFrame.new(-2.60770320892334e-08, 0, 3.3527612686157227e-08, 0.9587433934211731, -0.2705880105495453, -0.08713851869106293, 0.2797923684120178, 0.9524152874946594, 0.12091979384422302, 0.050272684544324875, -0.14031139016151428, 0.9888303279876709),
            ["LeftLowerArm"] = CFrame.new(8.940696716308594e-08, 3.5762786865234375e-07, -5.364418029785156e-07, 1, -4.7497451305389404e-08, 9.778887033462524e-08, 2.2351745343485163e-08, 0.9176870584487915, -0.3973041772842407, -1.1175872671742582e-08, 0.39730411767959595, 0.9176870584487915),
            ["LowerTorso"] = CFrame.new(-0.08295556157827377, -0.08851480484008789, 0.03913648799061775, 0.9724480509757996, 0.049542348831892014, -0.22779476642608643, -0.038656994700431824, 0.9978983998298645, 0.05200434848666191, 0.22989243268966675, -0.04176566004753113, 0.9723195433616638),
            ["Head"] = CFrame.new(2.421438694000244e-08, 4.76837158203125e-07, 5.4016709327697754e-08, 0.9698464870452881, -0.061628442257642746, 0.23579619824886322, 0.044492147862911224, 0.9960129261016846, 0.077321857213974, -0.2396213412284851, -0.06449920684099197, 0.9687216281890869),
            ["RightUpperArm"] = CFrame.new(0, -2.384185791015625e-07, 1.4901161193847656e-08, 0.8953903317451477, -0.3958267271518707, 0.20395439863204956, 0.37344300746917725, 0.9169972538948059, 0.14020158350467682, -0.24252115190029144, -0.04936978220939636, 0.9688892364501953),
            ["UpperTorso"] = CFrame.new(-1.3969838619232178e-09, 5.960464477539063e-08, -7.450580596923828e-09, 0.9993732571601868, -0.029011566191911697, -0.020282315090298653, 0.03171630576252937, 0.9883150458335876, 0.14908859133720398, 0.01572001539170742, -0.14963844418525696, 0.988615870475769),
            ["HumanoidRootPart"] = CFrame.new(0, 0, 0, 1, 0, 0, 0, 1, 0, 0, 0, 1),
            ["RightHand"] = CFrame.new(5.476176738739014e-07, -1.7881393432617188e-07, -6.705522537231445e-08, 0.860011637210846, 0.4552452862262726, -0.2305031567811966, -0.4958497881889343, 0.8522234559059143, -0.16687805950641632, 0.12046970427036285, 0.2578119933605194, 0.9586553573608398),
            ["LeftUpperArm"] = CFrame.new(-1.1920928955078125e-07, 3.5762786865234375e-07, 2.9802322387695312e-08, 0.9225148558616638, 0.25427788496017456, -0.29036056995391846, -0.176767960190773, 0.9471184015274048, 0.2678057849407196, 0.34310293197631836, -0.1957283318042755, 0.9186789393424988),
            ["RightLowerArm"] = CFrame.new(2.384185791015625e-07, 3.5762786865234375e-07, -1.4901161193847656e-08, 1, -3.81842291119483e-08, 1.1175870895385742e-08, 1.303851426825986e-08, 0.9749067425727844, -0.22261390089988708, 3.7252898543727042e-09, 0.22261394560337067, 0.9749067425727844),
            ["LeftHand"] = CFrame.new(2.086162567138672e-07, -5.960464477539063e-08, 2.2351741790771484e-07, 0.9150235652923584, -0.2969755530357361, 0.27301540970802307, 0.31419914960861206, 0.9491331577301025, -0.02062254212796688, -0.25300368666648865, 0.10465134680271149, 0.9617886543273926),
            ["RightUpperLeg"] = CFrame.new(5.960464477539063e-08, -1.5739351511001587e-07, -4.639878170564771e-08, 0.9333836436271667, -0.2668377459049225, -0.2399846911430359, 0.21154925227165222, 0.949263334274292, -0.23269319534301758, 0.2898998558521271, 0.16642332077026367, 0.9424760937690735),
            ["LeftUpperLeg"] = CFrame.new(0, 3.329478204250336e-08, -2.2351741790771484e-08, 0.97684246301651, 0.1949603259563446, 0.08814387023448944, -0.09654243290424347, 0.7692707777023315, -0.6315869092941284, -0.19094082713127136, 0.6084513664245605, 0.7702783942222595),
            ["RightLowerLeg"] = CFrame.new(-8.940696716308594e-08, -0.000003874301910400391, -0.000013252887583803385, 1, -3.725289943190546e-08, -8.195641498787154e-08, 1.1362135410308838e-07, 0.7420983910560608, 0.6702901124954224, -8.195638656616211e-08, -0.6702910661697388, 0.7420991063117981),
            ["RightFoot"] = CFrame.new(5.587935447692871e-08, 2.980232238769531e-07, 1.6596459317952394e-08, 0.9761796593666077, 0.2037387490272522, -0.07459079474210739, -0.21696069836616516, 0.9148316979408264, -0.34060317277908325, -0.0011560134589672089, 0.348673939704895, 0.9372437000274658),
            ["LeftLowerLeg"] = CFrame.new(-4.0978193283081055e-08, 0.000003993511199951172, 0.000013567507266998291, 1, 6.146728992462158e-08, 2.607702853651972e-08, -4.284083487959833e-08, 0.8283931016921997, 0.5601470470428467, 1.862644971595273e-08, -0.560147225856781, 0.8283931612968445),
        }},
        {Time = 0.267, Data = {
            ["LeftFoot"] = CFrame.new(1.6996636986732483e-08, 0, 4.6566128730773926e-08, 0.9636698365211487, -0.2670901119709015, 0.0018135372083634138, 0.2669501304626465, 0.9628950953483582, -0.039633721113204956, 0.008839481510221958, 0.03867803514003754, 0.9992126822471619),
            ["LeftLowerArm"] = CFrame.new(0, 9.5367431640625e-07, -8.940696716308594e-08, 1, -1.4901162970204496e-08, -2.2351745343485163e-08, 1.4901162970204496e-08, 0.912445068359375, -0.4091993272304535, 2.2351745343485163e-08, 0.4091992974281311, 0.912445068359375),
            ["LowerTorso"] = CFrame.new(-0.08533476293087006, -0.06860995292663574, 0.03192336484789848, 0.9822010397911072, 0.04910382255911827, -0.1813005656003952, -0.04294703155755997, 0.9983645677566528, 0.03773236274719238, 0.18285685777664185, -0.02927444688975811, 0.9827036261558533),
            ["Head"] = CFrame.new(-3.725290298461914e-09, 4.76837158203125e-07, 9.185168892145157e-08, 0.9831233024597168, -0.04976177215576172, 0.176046684384346, 0.037619490176439285, 0.9967200756072998, 0.07165124267339706, -0.1790347546339035, -0.06381919980049133, 0.9817707538604736),
            ["RightUpperArm"] = CFrame.new(1.1920928955078125e-07, -2.384185791015625e-07, 5.21540641784668e-08, 0.8079865574836731, -0.5207674503326416, 0.2756067216396332, 0.48386937379837036, 0.8533793091773987, 0.19394390285015106, -0.33619678020477295, -0.023346437141299248, 0.9415023326873779),
            ["UpperTorso"] = CFrame.new(-2.7241185307502747e-08, -3.2782554626464844e-07, -4.6566128730773926e-09, 0.9995211958885193, -0.030366424471139908, -0.005943609401583672, 0.03092147968709469, 0.9873387217521667, 0.15558312833309174, 0.0011438503861427307, -0.1556924432516098, 0.9878049492835999),
            ["HumanoidRootPart"] = CFrame.new(0, 0, 0, 1, 0, 0, 0, 1, 0, 0, 0, 1),
            ["RightHand"] = CFrame.new(-3.5623088479042053e-07, 0, -8.381903171539307e-08, 0.8661415576934814, 0.3887117803096771, -0.3141688108444214, -0.4532665014266968, 0.8757703900337219, -0.16605964303016663, 0.21059033274650574, 0.2862333357334137, 0.934731125831604),
            ["LeftUpperArm"] = CFrame.new(-1.1920928955078125e-07, 0, 1.4901161193847656e-08, 0.8663673400878906, 0.39959150552749634, -0.2995569407939911, -0.3021042048931122, 0.8969687819480896, 0.32276949286460876, 0.39766913652420044, -0.18913957476615906, 0.8978227376937866),
            ["RightLowerArm"] = CFrame.new(0.0000011920928955078125, 2.980232238769531e-07, -2.0116567611694336e-07, 1, 6.519258910486769e-09, 2.0489096641540527e-08, -1.4901161193847656e-08, 0.9431185126304626, -0.3324567377567291, 7.450580596923828e-09, 0.3324567377567291, 0.9431185126304626),
            ["LeftHand"] = CFrame.new(8.940696716308594e-08, -5.960464477539063e-08, 5.960464477539063e-08, 0.8641236424446106, -0.35125890374183655, 0.36042696237564087, 0.3768002688884735, 0.9262943267822266, -0.0006460194126702845, -0.33363446593284607, 0.13636721670627594, 0.932787299156189),
            ["RightUpperLeg"] = CFrame.new(1.1920928955078125e-07, -8.353963494300842e-07, -2.4047039914876223e-08, 0.946453332901001, -0.27762749791145325, -0.16477042436599731, 0.20912671089172363, 0.9160454869270325, -0.3422378599643707, 0.24595187604427338, 0.28945407271385193, 0.9250535368919373),
            ["LeftUpperLeg"] = CFrame.new(0, -2.6938505470752716e-07, -7.450580596923828e-09, 0.9741672873497009, 0.21859359741210938, 0.05670085921883583, -0.11928794533014297, 0.7112894058227539, -0.6927031874656677, -0.19175110757350922, 0.6680451035499573, 0.7189904451370239),
