return {
    ["Sundrop Dance"] = {
        {Time = 0.000, Data = {
            ["RightFoot"] = CFrame.new(-5.587935447692871e-08, 2.980232238769531e-07, -9.143695933744311e-08, 0.9622018337249756, -0.0634404793381691, 0.2648450434207916, 0.19820281863212585, 0.8300668001174927, -0.5212528705596924, -0.18677055835723877, 0.5540438294410706, 0.8112661242485046),
            ["LeftLowerArm"] = CFrame.new(7.748603820800781e-07, 3.5762786865234375e-07, 7.636845111846924e-08, 1, 2.980233304583635e-08, 7.450580596923828e-08, 5.448237772043285e-08, 0.7048555016517639, -0.7093510031700134, 1.1734665861240501e-07, 0.7093509435653687, 0.7048554420471191),
            ["RightUpperArm"] = CFrame.new(1.1920928955078125e-07, -2.384185791015625e-07, -3.725290298461914e-07, 0.35495486855506897, -0.8200201988220215, -0.44896990060806274, 0.4637530446052551, 0.5714331269264221, -0.6770504117012024, 0.8117513060569763, 0.0321115180850029, 0.5831199884414673),
            ["Head"] = CFrame.new(4.7497451305389404e-08, -2.384185791015625e-07, -2.1606683731079102e-07, 0.9795801043510437, 0.20030848681926727, 0.01729985885322094, -0.16592560708522797, 0.8540199995040894, -0.4930705428123474, -0.11354070901870728, 0.4801316559314728, 0.8698173761367798),
            ["RightHand"] = CFrame.new(1.1920928955078125e-07, 0, -1.1175870895385742e-08, 0.8262964487075806, -0.30098897218704224, -0.47606709599494934, -0.1527411937713623, 0.6938170194625854, -0.7037675976753235, 0.5421295166015625, 0.6542351841926575, 0.5273247361183167),
            ["UpperTorso"] = CFrame.new(-1.862645149230957e-08, -1.1920928955078125e-07, 7.450580596923828e-08, 0.9409922957420349, 0.338288277387619, 0.009727508760988712, -0.31354692578315735, 0.8606327772140503, 0.4012470841407776, 0.12736539542675018, -0.38062089681625366, 0.915918231010437),
            ["HumanoidRootPart"] = CFrame.new(0, 0, 0, 1, 0, 0, 0, 1, 0, 0, 0, 1),
            ["RightUpperLeg"] = CFrame.new(-0.0004011690616607666, 0.01990927755832672, 0.002165107289329171, 0.6802363991737366, -0.6989282965660095, -0.2208554595708847, -0.17506182193756104, 0.13767507672309875, -0.9748840928077698, 0.7117807865142822, 0.7018154263496399, -0.028703797608613968),
            ["LeftUpperArm"] = CFrame.new(-1.1920928955078125e-07, -2.384185791015625e-07, -1.7136335372924805e-07, -0.4321199059486389, 0.8983292579650879, -0.07922864705324173, -0.7080655694007874, -0.3923775255680084, -0.5870972275733948, -0.5584940910339355, -0.1975971907377243, 0.8056300282478333),
            ["RightLowerArm"] = CFrame.new(3.5762786865234375e-07, 2.384185791015625e-07, -9.266659617424011e-08, 1, -2.3655604763916926e-07, -7.450578820566989e-09, 1.3411046495548362e-07, 0.06456601619720459, -0.9979134798049927, -1.2596139242759818e-07, 0.9979135394096375, 0.0645659863948822),
            ["LeftHand"] = CFrame.new(-6.705522537231445e-08, 1.7881393432617188e-07, 0, -0.13428419828414917, -0.051762666553258896, 0.989590048789978, 0.426902174949646, 0.8981918096542358, 0.10491126775741577, -0.8942719101905823, 0.43654578924179077, -0.09851542115211487),
            ["LeftFoot"] = CFrame.new(-2.0721927285194397e-08, -1.1920928955078125e-07, 7.450580596923828e-09, 0.8431861996650696, 0.012314640916883945, -0.5374807715415955, -0.135697141289711, 0.9722433090209961, -0.19060224294662476, 0.520214855670929, 0.23364779353141785, 0.8214530944824219),
            ["LowerTorso"] = CFrame.new(0.3914340138435364, -0.8182629346847534, 0.30308791995048523, 0.9736904501914978, -0.09592966735363007, 0.20669905841350555, 0.03160841017961502, 0.9551606178283691, 0.2943962514400482, -0.22567203640937805, -0.28011730313301086, 0.9330629110336304),
            ["RightLowerLeg"] = CFrame.new(-7.82310962677002e-08, 0, 1.507069100625813e-07, 1, -1.0803338312825872e-07, -2.1606686573250045e-07, 1.862645371275562e-09, -0.4313492476940155, 0.9021850228309631, -2.3469331722481002e-07, -0.9021850228309631, -0.4313493072986603),
            ["LeftUpperLeg"] = CFrame.new(0.0004010498523712158, -0.019909590482711792, -0.002165021374821663, 0.533433735370636, 0.8451159000396729, -0.035038966685533524, 0.2413361817598343, -0.19177205860614777, -0.95130455493927, -0.8106820583343506, 0.49900174140930176, -0.3062545359134674),
            ["LeftLowerLeg"] = CFrame.new(-4.190951585769653e-08, 1.1920928955078125e-07, -6.274785846471786e-08, 1, 8.381905303167514e-08, 8.33533917443674e-08, -9.257930599915198e-08, -0.2232370525598526, 0.9747642874717712, 1.0710212450248946e-07, -0.9747642278671265, -0.2232370525598526),
        }},
        {Time = 0.033, Data = {
            ["RightFoot"] = CFrame.new(-1.4901161193847656e-08, 4.76837158203125e-07, -5.75528247281909e-09, 0.9581807255744934, -0.05845160782337189, 0.2801305949687958, 0.20518171787261963, 0.8226996064186096, -0.5301561951637268, -0.19947493076324463, 0.5654633045196533, 0.8002882599830627),
            ["LeftLowerArm"] = CFrame.new(2.9802322387695312e-08, -4.172325134277344e-07, -7.078051567077637e-08, 1, 3.6321573304576305e-08, 5.122273094571028e-08, 5.797478763724939e-08, 0.7174111008644104, -0.6966498494148254, 8.195632972274325e-08, 0.6966500282287598, 0.7174113988876343),
            ["RightUpperArm"] = CFrame.new(0, 0, -1.7881393432617188e-07, 0.38719964027404785, -0.7916943430900574, -0.4725431799888611, 0.47389018535614014, 0.6105292439460754, -0.6345720887184143, 0.7908884882926941, 0.0217723585665226, 0.6115726828575134),
            ["Head"] = CFrame.new(-5.494803190231323e-08, 0, 7.450580596923828e-09, 0.9549585580825806, 0.29673847556114197, 0.0007561981910839677, -0.26149284839630127, 0.8427311778068542, -0.47055885195732117, -0.14027012884616852, 0.44916656613349915, 0.8823683261871338),
            ["RightHand"] = CFrame.new(2.9802322387695312e-08, -5.960464477539063e-08, -4.470348358154297e-08, 0.8413348197937012, -0.29675254225730896, -0.4517676830291748, -0.12420202791690826, 0.7073056101799011, -0.6959114074707031, 0.526050865650177, 0.6416048407554626, 0.5582233667373657),
            ["UpperTorso"] = CFrame.new(-1.1175870895385742e-08, 0, -7.450580596923828e-08, 0.9393254518508911, 0.3428497016429901, 0.011038404889404774, -0.3179070055484772, 0.8579986691474915, 0.4034521281719208, 0.12885256111621857, -0.38248199224472046, 0.9149341583251953),
            ["HumanoidRootPart"] = CFrame.new(0, 0, 0, 1, 0, 0, 0, 1, 0, 0, 0, 1),
            ["RightUpperLeg"] = CFrame.new(-0.0004010200500488281, 0.019909489899873734, 0.002165047684684396, 0.6696372032165527, -0.709065318107605, -0.22093501687049866, -0.15721388161182404, 0.15540605783462524, -0.9752603769302368, 0.7258580327033997, 0.687804639339447, -0.007409241981804371),
            ["LeftUpperArm"] = CFrame.new(-1.1920928955078125e-07, 0, -2.123415470123291e-07, -0.3979610502719879, 0.9115586280822754, -0.10338345915079117, -0.6996817588806152, -0.37446871399879456, -0.6084561347961426, -0.5933570265769958, -0.16980627179145813, 0.786824643611908),
            ["RightLowerArm"] = CFrame.new(0, 2.384185791015625e-07, 7.450580596923828e-09, 1, -7.450577932388569e-09, -8.940695295223122e-08, 6.705523958316917e-08, 0.09084524214267731, -0.995864987373352, 1.750886866602741e-07, 0.995864987373352, 0.09084545075893402),
            ["LeftHand"] = CFrame.new(-2.7939677238464355e-07, 5.960464477539063e-08, -1.1920928955078125e-07, -0.08880919963121414, 0.0010119302896782756, 0.9960481524467468, 0.4166386127471924, 0.9083502888679504, 0.036224860697984695, -0.9047238230705261, 0.4182090759277344, -0.08109167963266373),
            ["LeftFoot"] = CFrame.new(2.561137080192566e-08, -1.7881393432617188e-07, 1.862645149230957e-08, 0.8422590494155884, 0.008556756190955639, -0.5390050411224365, -0.1360771805047989, 0.9708685874938965, -0.19722366333007812, 0.5216155052185059, 0.2394597977399826, 0.8188872933387756),
            ["LowerTorso"] = CFrame.new(0.38822829723358154, -0.8181649446487427, 0.29888418316841125, 0.9744381904602051, -0.08775220811367035, 0.20680858194828033, 0.028085708618164062, 0.9609194993972778, 0.27539968490600586, -0.22289332747459412, -0.26255151629447937, 0.9388211965560913),
            ["RightLowerLeg"] = CFrame.new(-8.940696716308594e-08, -1.1920928955078125e-07, -4.300818545743823e-08, 1, -1.7881390590446244e-07, -2.2351750317284313e-07, 5.7742006731587026e-08, -0.4318675696849823, 0.9019371271133423, -2.1606686573250045e-07, -0.9019370675086975, -0.43186745047569275),
            ["LeftUpperLeg"] = CFrame.new(0.00040099024772644043, -0.01990937814116478, -0.002165079116821289, 0.5295935273170471, 0.8476974368095398, -0.030652359127998352, 0.22396712005138397, -0.17459286749362946, -0.958830714225769, -0.8181499242782593, 0.500925600528717, -0.2823193073272705),
            ["LeftLowerLeg"] = CFrame.new(-2.6542693376541138e-08, -5.960464477539063e-08, -1.7567072063684464e-07, 1, 7.171183113996449e-08, 2.090818895794655e-07, -7.151538738980889e-08, -0.22571896016597748, 0.9741925001144409, 1.2200325727462769e-07, -0.9741924405097961, -0.2257189303636551),
        }},
        {Time = 0.067, Data = {
            ["RightFoot"] = CFrame.new(5.4016709327697754e-08, 4.76837158203125e-07, -5.75528247281909e-09, 0.9553946256637573, -0.035365402698516846, 0.29320743680000305, 0.19987770915031433, 0.808307945728302, -0.5537927150726318, -0.21741674840450287, 0.5876967906951904, 0.7793222665786743),
            ["LeftLowerArm"] = CFrame.new(-2.9802322387695312e-08, 5.960464477539063e-08, 1.1175870895385742e-07, 1, 1.5646224937881925e-07, 6.053595313915139e-08, 2.0815056700485002e-07, 0.7227283120155334, -0.6911322474479675, 1.0989604959377175e-07, 0.6911321878433228, 0.7227283716201782),
            ["RightUpperArm"] = CFrame.new(-1.7881393432617188e-07, 1.1920928955078125e-07, 3.8743019104003906e-07, 0.4137670397758484, -0.7600445747375488, -0.5011276006698608, 0.4889600872993469, 0.6498569846153259, -0.5818968415260315, 0.7679290175437927, -0.004261694382876158, 0.6405211687088013),
            ["Head"] = CFrame.new(-8.335337042808533e-08, 2.384185791015625e-07, 4.3213367462158203e-07, 0.9225757122039795, 0.38556969165802, -0.013779702596366405, -0.35126638412475586, 0.8246507048606873, -0.44335442781448364, -0.15958084166049957, 0.41386881470680237, 0.8962405323982239),
            ["RightHand"] = CFrame.new(-1.043081283569336e-07, -1.1920928955078125e-07, -4.470348358154297e-07, 0.8285291790962219, -0.251152366399765, -0.5004621744155884, -0.14849017560482025, 0.7632200717926025, -0.6288447380065918, 0.5398983359336853, 0.5953299403190613, 0.5950562953948975),
            ["UpperTorso"] = CFrame.new(4.0978193283081055e-08, -1.1920928955078125e-07, -9.685754776000977e-08, 0.9401373267173767, 0.3406524658203125, 0.00989281665533781, -0.31521958112716675, 0.8581814169883728, 0.4051678478717804, 0.129531592130661, -0.3840321898460388, 0.9141887426376343),
            ["HumanoidRootPart"] = CFrame.new(0, 0, 0, 1, 0, 0, 0, 1, 0, 0, 0, 1),
            ["RightUpperLeg"] = CFrame.new(-0.00040096044540405273, 0.019909285008907318, 0.002165107289329171, 0.6626890301704407, -0.7129160761833191, -0.2293339967727661, -0.13019628822803497, 0.1918918937444687, -0.9727416634559631, 0.7374904751777649, 0.6744837164878845, 0.03434582054615021),
            ["LeftUpperArm"] = CFrame.new(0, 1.1920928955078125e-07, 3.725290298461914e-07, -0.3726959526538849, 0.9201468825340271, -0.1201140433549881, -0.6893187761306763, -0.3611801266670227, -0.6280037760734558, -0.6212387084960938, -0.15125754475593567, 0.7688848972320557),
            ["RightLowerArm"] = CFrame.new(-2.086162567138672e-07, -2.384185791015625e-07, -1.7881393432617188e-07, 1, -8.195637946073475e-08, 0, 1.266598985694145e-07, 0.11083491891622543, -0.9938388466835022, -3.72529100900465e-08, 0.9938388466835022, 0.11083459109067917),
            ["LeftHand"] = CFrame.new(4.0978193283081055e-08, -5.960464477539063e-08, 3.5762786865234375e-07, -0.04575572535395622, 0.05754419416189194, 0.9972939491271973, 0.4056706130504608, 0.9133834838867188, -0.03409070149064064, -0.912873387336731, 0.403012752532959, -0.06513645499944687),
            ["LeftFoot"] = CFrame.new(-1.0943040251731873e-08, 5.960464477539063e-08, 7.078051567077637e-08, 0.8435932993888855, -0.000014539344192598946, -0.5369828343391418, -0.13555067777633667, 0.9676093459129333, -0.21297483146190643, 0.5195924639701843, 0.2524525821208954, 0.816266655921936),
            ["LowerTorso"] = CFrame.new(0.3788387179374695, -0.8069928884506226, 0.2900272309780121, 0.9752665758132935, -0.08165449649095535, 0.2053963989019394, 0.02661404199898243, 0.9658815860748291, 0.25761306285858154, -0.2194238156080246, -0.2457749843597412, 0.9441651701927185),
            ["RightLowerLeg"] = CFrame.new(2.2351741790771484e-08, -5.960464477539063e-08, 2.1031155483797193e-07, 1, -1.341103512686459e-07, -1.4901162614933128e-07, 4.2840827774170975e-08, -0.41456907987594604, 0.9100178480148315, -1.9371505288745539e-07, -0.9100179076194763, -0.41456928849220276),
            ["LeftUpperLeg"] = CFrame.new(0.0004010498523712158, -0.019909553229808807, -0.0021650493144989014, 0.5281136631965637, 0.8489631414413452, -0.018907489255070686, 0.2012050449848175, -0.14673319458961487, -0.9684967398643494, -0.8249924182891846, 0.5076720714569092, -0.2483074963092804),
            ["LeftLowerLeg"] = CFrame.new(2.0023435354232788e-08, 5.960464477539063e-08, -1.7497222870588303e-07, 1, 6.053598156086082e-08, 1.2200328569633712e-07, -2.595698767038357e-08, -0.222098246216774, 0.975024402141571, 1.2270179183815344e-07, -0.9750243425369263, -0.22209826111793518),
        }},
        {Time = 0.100, Data = {
            ["RightFoot"] = CFrame.new(-9.313225746154785e-09, 1.1920928955078125e-07, 9.145878721028566e-09, 0.9537306427955627, 0.0015575472498312593, 0.30065858364105225, 0.18312732875347137, 0.7900891900062561, -0.5849987864494324, -0.23845815658569336, 0.6129900217056274, 0.7532469034194946),
            ["LeftLowerArm"] = CFrame.new(-3.8743019104003906e-07, -2.980232238769531e-07, 1.4156103134155273e-07, 1, 1.1175873559921001e-08, 5.960463766996327e-08, 3.492458944265309e-08, 0.7141934633255005, -0.699948787689209, 1.2200322885291826e-07, 0.6999483704566956, 0.7141930460929871),
            ["RightUpperArm"] = CFrame.new(-1.1920928955078125e-07, -2.384185791015625e-07, -1.043081283569336e-07, 0.4276004731655121, -0.7297204732894897, -0.5335409641265869, 0.5091145038604736, 0.6821154952049255, -0.5249007344245911, 0.7469673156738281, -0.04718592390418053, 0.6631842851638794),
            ["Head"] = CFrame.new(6.51925802230835e-09, -1.1920928955078125e-07, -1.1920928955078125e-07, 0.8851071000099182, 0.4647272229194641, -0.02477719821035862, -0.43227851390838623, 0.8012500405311584, -0.41368305683135986, -0.17239730060100555, 0.37686479091644287, 0.9100838303565979),
            ["RightHand"] = CFrame.new(1.6391277313232422e-07, 5.960464477539063e-08, 2.086162567138672e-07, 0.8125355243682861, -0.20632775127887726, -0.5451745986938477, -0.15072393417358398, 0.8290881514549255, -0.5384188294410706, 0.5630883574485779, 0.5196554064750671, 0.6425650715827942),
            ["UpperTorso"] = CFrame.new(-1.0058283805847168e-07, 2.9802322387695312e-08, 4.470348358154297e-08, 0.9427534341812134, 0.3334288001060486, 0.0064207809045910835, -0.30727171897888184, 0.8609906435012817, 0.40531352162361145, 0.12961505353450775, -0.3840838670730591, 0.9141552448272705),
            ["HumanoidRootPart"] = CFrame.new(0, 0, 0, 1, 0, 0, 0, 1, 0, 0, 0, 1),
            ["RightUpperLeg"] = CFrame.new(-0.0004011392593383789, 0.019909270107746124, 0.0021649731788784266, 0.6601267457008362, -0.7105355858802795, -0.2436627745628357, -0.09770257771015167, 0.24040928483009338, -0.9657419919967651, 0.7447730302810669, 0.661318838596344, 0.08927924931049347),
            ["LeftUpperArm"] = CFrame.new(0, -1.1920928955078125e-07, 2.0116567611694336e-07, -0.3544806241989136, 0.9269319772720337, -0.1230471208691597, -0.6863299608230591, -0.34729576110839844, -0.6390125751495361, -0.6350549459457397, -0.14206673204898834, 0.7592907547950745),
            ["RightLowerArm"] = CFrame.new(2.980232238769531e-07, 4.172325134277344e-07, 1.341104507446289e-07, 1, -5.960463056453591e-08, 1.4901161193847656e-07, 3.427268211453338e-07, 0.10628078132867813, -0.9943361878395081, 2.0116574717121694e-07, 0.9943362474441528, 0.10628082603216171),
            ["LeftHand"] = CFrame.new(-3.650784492492676e-07, 2.384185791015625e-07, 0, -0.0034623779356479645, 0.12581248581409454, 0.9920480251312256, 0.3867422640323639, 0.9150275588035583, -0.11469520628452301, -0.9221813678741455, 0.38327011466026306, -0.05182544142007828),
            ["LeftFoot"] = CFrame.new(3.119930624961853e-08, -5.960464477539063e-08, -7.450580596923828e-08, 0.8475590944290161, -0.01154354028403759, -0.5305759310722351, -0.13444884121418, 0.9624775052070618, -0.23571327328681946, 0.5133880376815796, 0.27111583948135376, 0.8142041563987732),
            ["LowerTorso"] = CFrame.new(0.36360639333724976, -0.7857118844985962, 0.27836617827415466, 0.9760724306106567, -0.07757823169231415, 0.2031358778476715, 0.02642238326370716, 0.9695842862129211, 0.24332718551158905, -0.21583424508571625, -0.23213765025138855, 0.9484344124794006),
            ["RightLowerLeg"] = CFrame.new(1.1920928955078125e-07, -1.1920928955078125e-07, -1.0261283023282886e-07, 1, -1.862645149230957e-07, -1.2665984172599565e-07, 1.4156103134155273e-07, -0.37951213121414185, 0.9251868724822998, -1.7136335372924805e-07, -0.925186812877655, -0.3795118033885956),
            ["LeftUpperLeg"] = CFrame.new(0.00040090084075927734, -0.019909629598259926, -0.002165207639336586, 0.5305534601211548, 0.8476508855819702, 0.001109214616008103, 0.1764935851097107, -0.10918910056352615, -0.9782268404960632, -0.8290737271308899, 0.5191973447799683, -0.20753566920757294),
            ["LeftLowerLeg"] = CFrame.new(-1.6763806343078613e-08, -1.1920928955078125e-07, -1.0384246706962585e-07, 1, 7.078055830334051e-08, 1.047737114845404e-07, -9.726498717554932e-08, -0.2116643786430359, 0.9773425459861755, 1.1175869474300271e-07, -0.977342426776886, -0.2116641253232956),
        }},
        {Time = 0.133, Data = {
            ["RightFoot"] = CFrame.new(-1.862645149230957e-08, 2.980232238769531e-07, -2.0656443666666746e-08, 0.9517840147018433, 0.04536985233426094, 0.30339571833610535, 0.1593310385942459, 0.7720322608947754, -0.6152883768081665, -0.26214659214019775, 0.633962094783783, 0.7275789976119995),
            ["LeftLowerArm"] = CFrame.new(1.1920928955078125e-07, 4.172325134277344e-07, -1.862645149230957e-08, 1, -1.1548398504146462e-07, -2.9802322387695312e-08, 7.031486859432334e-08, 0.6897459626197815, -0.7240513563156128, -4.749746196353044e-08, 0.7240514755249023, 0.689746081829071),
            ["RightUpperArm"] = CFrame.new(-5.960464477539063e-08, -1.1920928955078125e-07, -3.725290298461914e-07, 0.4320848286151886, -0.7054420709609985, -0.5618315935134888, 0.5420457720756531, 0.7010482549667358, -0.4633762836456299, 0.720755934715271, -0.10432077944278717, 0.685293972492218),
            ["Head"] = CFrame.new(6.705522537231445e-08, -2.384185791015625e-07, -1.341104507446289e-07, 0.845083475112915, 0.5335641503334045, -0.03381846845149994, -0.5041306614875793, 0.7742098569869995, -0.3826894164085388, -0.17800654470920563, 0.34045344591140747, 0.9232578873634338),
            ["RightHand"] = CFrame.new(3.2782554626464844e-07, 1.1920928955078125e-07, 2.384185791015625e-07, 0.8045602440834045, -0.1815580576658249, -0.5654375553131104, -0.10983540117740631, 0.8902041912078857, -0.44212302565574646, 0.5836259126663208, 0.4178197681903839, 0.6962812542915344),
            ["UpperTorso"] = CFrame.new(-5.21540641784668e-08, 1.1920928955078125e-07, 0, 0.9464551210403442, 0.3228313624858856, 0.0016603536205366254, -0.2960066497325897, 0.8657363653182983, 0.4035847783088684, 0.12885229289531708, -0.38246628642082214, 0.9149407744407654),
            ["HumanoidRootPart"] = CFrame.new(0, 0, 0, 1, 0, 0, 0, 1, 0, 0, 0, 1),
            ["RightUpperLeg"] = CFrame.new(-0.0004010200500488281, 0.0199093259871006, 0.0021650774870067835, 0.659290611743927, -0.7045340538024902, -0.262616366147995, -0.06300690025091171, 0.2962796092033386, -0.9530208110809326, 0.7492437362670898, 0.6448644399642944, 0.1509438157081604),
            ["LeftUpperArm"] = CFrame.new(5.960464477539063e-08, -3.5762786865234375e-07, -3.129243850708008e-07, -0.3299940526485443, 0.9373233914375305, -0.11193280667066574, -0.6900936961174011, -0.3204456567764282, -0.6489109992980957, -0.6441075801849365, -0.13689252734184265, 0.7525860071182251),
            ["RightLowerArm"] = CFrame.new(1.1920928955078125e-07, 1.1920928955078125e-07, -1.6391277313232422e-07, 1, -1.341104365337742e-07, 2.3841863594498136e-07, 8.940698847936801e-08, 0.07328838855028152, -0.9973108768463135, 1.9371513815258368e-07, 0.9973108768463135, 0.07328823953866959),
            ["LeftHand"] = CFrame.new(-4.3213367462158203e-07, 5.960464477539063e-08, 1.1920928955078125e-07, 0.044165436178445816, 0.20242658257484436, 0.9783011078834534, 0.35605159401893616, 0.9117629528045654, -0.2047327607870102, -0.9334220290184021, 0.3573679029941559, -0.031806010752916336),
            ["LeftFoot"] = CFrame.new(0, 0, 2.2351741790771484e-08, 0.8552041053771973, -0.025738947093486786, -0.5176524519920349, -0.13080988824367523, 0.9557137489318848, -0.2636289596557617, 0.5015125870704651, 0.2931705117225647, 0.813962996006012),
            ["LowerTorso"] = CFrame.new(0.34287261962890625, -0.7516902685165405, 0.26469695568084717, 0.9770805239677429, -0.07262413203716278, 0.2000984400510788, 0.02455039881169796, 0.9721754789352417, 0.23296383023262024, -0.21144959330558777, -0.2227119356393814, 0.9516766667366028),
            ["RightLowerLeg"] = CFrame.new(8.195638656616211e-08, 0, 2.1031155483797193e-07, 1, -1.2665985593685036e-07, -1.862645149230957e-07, 1.6763810606335028e-07, -0.3240338861942291, 0.9460456371307373, -2.1606689415420988e-07, -0.946045458316803, -0.3240335285663605),
            ["LeftUpperLeg"] = CFrame.new(0.0004010200500488281, -0.0199093297123909, -0.0021650120615959167, 0.5391417741775513, 0.8414506912231445, 0.03587646409869194, 0.15179085731506348, -0.055180031806230545, -0.9868711233139038, -0.8284236788749695, 0.5375090837478638, -0.1574743688106537),
            ["LeftLowerLeg"] = CFrame.new(1.1175870895385742e-08, 0, 2.989545464515686e-07, 1, 8.568168397005138e-08, 1.2759119272232056e-07, -5.634502286966381e-08, -0.18768338859081268, 0.9822296500205994, 1.0803343286625022e-07, -0.9822295904159546, -0.18768340349197388),
        }},
        {Time = 0.167, Data = {
            ["RightFoot"] = CFrame.new(-7.82310962677002e-08, 4.172325134277344e-07, -6.535992724820971e-08, 0.95051509141922, 0.09176955372095108, 0.29681557416915894, 0.12650690972805023, 0.7582591772079468, -0.6395612359046936, -0.28375551104545593, 0.6454622745513916, 0.70912766456604),
            ["LeftLowerArm"] = CFrame.new(4.470348358154297e-07, -5.960464477539063e-08, -2.9802322387695312e-08, 1, -1.1175867342672063e-08, 8.195636524988004e-08, 8.661299233381214e-08, 0.6524621844291687, -0.7578213810920715, 1.1920927533992653e-07, 0.757821261882782, 0.6524621248245239),
            ["RightUpperArm"] = CFrame.new(-2.384185791015625e-07, -1.1920928955078125e-07, 4.470348358154297e-08, 0.4325011372566223, -0.6834787726402283, -0.5880468487739563, 0.5801511406898499, 0.7102129459381104, -0.3987765312194824, 0.690193772315979, -0.16868476569652557, 0.7036889791488647),
            ["Head"] = CFrame.new(-1.0896474123001099e-07, -1.1920928955078125e-07, 2.0116567611694336e-07, 0.8113250136375427, 0.5825986862182617, -0.04827089235186577, -0.5624194145202637, 0.7553560137748718, -0.3363364636898041, -0.15948760509490967, 0.30002686381340027, 0.9405039548873901),
            ["RightHand"] = CFrame.new(7.450580596923828e-08, 1.1920928955078125e-07, -5.960464477539063e-08, 0.7879347205162048, -0.1497713029384613, -0.597266674041748, -0.05181790143251419, 0.9503998756408691, -0.30668383836746216, 0.6135746836662292, 0.2725963294506073, 0.7410921454429626),
            ["UpperTorso"] = CFrame.new(3.725290298461914e-09, -8.940696716308594e-08, -1.4901161193847656e-08, 0.9509425759315491, 0.30932000279426575, -0.005430364515632391, -0.28164249658584595, 0.8728509545326233, 0.3985079228878021, 0.12800632417201996, -0.37742871046066284, 0.9171489477157593),
            ["HumanoidRootPart"] = CFrame.new(0, 0, 0, 1, 0, 0, 0, 1, 0, 0, 0, 1),
            ["RightUpperLeg"] = CFrame.new(-0.0004010498523712158, 0.019909674301743507, 0.0021650774870067835, 0.6628397107124329, -0.6912353038787842, -0.2878144681453705, -0.030613496899604797, 0.35904762148857117, -0.9328169822692871, 0.7481352686882019, 0.6271193027496338, 0.2168300896883011),
            ["LeftUpperArm"] = CFrame.new(-1.1920928955078125e-07, 0, 1.862645149230957e-07, -0.3045872151851654, 0.9480172395706177, -0.0921408161520958, -0.698485791683197, -0.2880847156047821, -0.6550763845443726, -0.6475681066513062, -0.13516901433467865, 0.7499234080314636),
            ["RightLowerArm"] = CFrame.new(-1.1920928955078125e-07, 1.1920928955078125e-07, 2.9802322387695312e-08, 1, -2.0861619987044833e-07, 2.309680269263481e-07, -1.1920926112907182e-07, 0.009578360244631767, -0.9999542236328125, -4.470347292340193e-08, 0.999954104423523, 0.009578333236277103),
            ["LeftHand"] = CFrame.new(-1.9371509552001953e-07, 1.7881393432617188e-07, 0, 0.09157239645719528, 0.283603310585022, 0.9545594453811646, 0.3136644959449768, 0.9015759825706482, -0.2979518473148346, -0.9451080560684204, 0.3266955316066742, -0.006396977696567774),
            ["LeftFoot"] = CFrame.new(8.381903171539307e-09, -5.960464477539063e-08, -4.470348358154297e-08, 0.8650197386741638, -0.03851509839296341, -0.500257670879364, -0.12658663094043732, 0.9480420351028442, -0.29187706112861633, 0.4855068027973175, 0.31580525636672974, 0.8151994347572327),
            ["LowerTorso"] = CFrame.new(0.3169785141944885, -0.707628607749939, 0.25011053681373596, 0.9778217077255249, -0.0708780288696289, 0.19708147644996643, 0.02489112690091133, 0.9736544489860535, 0.22666580975055695, -0.20795491337776184, -0.2167331576347351, 0.9538246393203735),
            ["RightLowerLeg"] = CFrame.new(-2.9802322387695312e-08, 0, -1.3205863069742918e-08, 1, -1.6391268786719593e-07, -1.5646224937881925e-07, 5.960463766996327e-08, -0.24646452069282532, 0.9691518545150757, -2.2351738948600541e-07, -0.9691518545150757, -0.2464645951986313),
            ["LeftUpperLeg"] = CFrame.new(0.0004011392593383789, -0.019909242168068886, -0.0021650679409503937, 0.5525076985359192, 0.8299006223678589, 0.07746098935604095, 0.12909668684005737, 0.006608269177377224, -0.991610050201416, -0.8234496712684631, 0.5578719973564148, -0.10348619520664215),
            ["LeftLowerLeg"] = CFrame.new(8.940696716308594e-08, 1.7881393432617188e-07, -1.257285475730896e-08, 1, 9.685756197086448e-08, 1.7229467630386353e-07, -1.6391277313232422e-07, -0.15324196219444275, 0.9881886839866638, 1.0803341865539551e-07, -0.9881887435913086, -0.15324202179908752),
        }},
        {Time = 0.200, Data = {
            ["RightFoot"] = CFrame.new(2.123415470123291e-07, 3.5762786865234375e-07, -1.3205863069742918e-08, 0.9499922394752502, 0.1358998566865921, 0.28115126490592957, 0.08590071648359299, 0.751874566078186, -0.6536860466003418, -0.3002263009548187, 0.6451478600502014, 0.7026013135910034),
            ["LeftLowerArm"] = CFrame.new(-8.940696716308594e-07, -5.960464477539063e-08, -3.725290298461914e-09, 1, -1.6391278734317893e-07, 1.862645504502325e-08, -1.983716799713875e-07, 0.6078805327415466, -0.7940288782119751, -4.0978189730367376e-08, 0.7940285801887512, 0.6078801155090332),
            ["RightUpperArm"] = CFrame.new(0, -2.384185791015625e-07, -1.341104507446289e-07, 0.4307788908481598, -0.6624962687492371, -0.6128040552139282, 0.6179952621459961, 0.711397647857666, -0.334656685590744, 0.6576560139656067, -0.23454689979553223, 0.715874433517456),
            ["Head"] = CFrame.new(3.632158041000366e-08, -2.384185791015625e-07, -2.4586915969848633e-07, 0.779369592666626, 0.6239897012710571, -0.05674412101507187, -0.61100834608078, 0.7368412017822266, -0.28936830163002014, -0.13875114917755127, 0.26019591093063354, 0.9555345177650452),
            ["RightHand"] = CFrame.new(-4.6193599700927734e-07, 2.384185791015625e-07, -1.4901161193847656e-07, 0.7640975117683411, -0.10320508480072021, -0.6367913484573364, -0.014181305654346943, 0.9841939210891724, -0.17652513086795807, 0.6449450254440308, 0.14391344785690308, 0.7505568861961365),
            ["UpperTorso"] = CFrame.new(-3.725290298461914e-08, -2.682209014892578e-07, 3.3527612686157227e-08, 0.9554315209388733, 0.29484689235687256, -0.014697384089231491, -0.26614314317703247, 0.8818246722221375, 0.38929858803749084, 0.1277438849210739, -0.3680362105369568, 0.9209943413734436),
            ["HumanoidRootPart"] = CFrame.new(0, 0, 0, 1, 0, 0, 0, 1, 0, 0, 0, 1),
            ["RightUpperLeg"] = CFrame.new(-0.0004010200500488281, 0.019909100607037544, 0.002165047684684396, 0.6709156036376953, -0.670555830001831, -0.316586971282959, -0.0029742263723164797, 0.424498587846756, -0.9054237604141235, 0.741527795791626, 0.6084044575691223, 0.28280824422836304),
            ["LeftUpperArm"] = CFrame.new(1.7881393432617188e-07, -2.384185791015625e-07, -1.7881393432617188e-07, -0.2770674228668213, 0.9584218263626099, -0.06827446818351746, -0.7107321619987488, -0.252243310213089, -0.6566835045814514, -0.6466015577316284, -0.1334208846092224, 0.7510694861412048),
            ["RightLowerArm"] = CFrame.new(1.1920928955078125e-07, -1.7881393432617188e-07, 2.2351741790771484e-07, 1, -1.4901157641133977e-08, 1.4901159772762185e-07, -1.3411040811206476e-07, -0.02961365133523941, -0.9995614290237427, 4.4703469370688254e-08, 0.9995614886283875, -0.029613520950078964),
            ["LeftHand"] = CFrame.new(6.705522537231445e-08, 2.980232238769531e-07, -5.960464477539063e-08, 0.14176605641841888, 0.36368900537490845, 0.9206697344779968, 0.2639659345149994, 0.8824975490570068, -0.3892558515071869, -0.9540568590164185, 0.2982087731361389, 0.02910671755671501),
            ["LeftFoot"] = CFrame.new(5.587935447692871e-08, 0, 0, 0.8761953115463257, -0.04729941114783287, -0.47963011264801025, -0.12292677909135818, 0.9403256177902222, -0.31729626655578613, 0.46601593494415283, 0.33697256445884705, 0.8180941939353943),
            ["LowerTorso"] = CFrame.new(0.2862653136253357, -0.6569234132766724, 0.23552483320236206, 0.9781715273857117, -0.07369263470172882, 0.19429324567317963, 0.02884700708091259, 0.9741081595420837, 0.22423464059829712, -0.20578712224960327, -0.2137352079153061, 0.95497065782547),
            ["RightLowerLeg"] = CFrame.new(7.450580596923828e-08, 1.1920928955078125e-07, -1.0261283023282886e-07, 1, -1.7881393432617188e-07, -1.8626454334480513e-07, 1.0430815677864302e-07, -0.15019825100898743, 0.9886560440063477, -2.0861631355728605e-07, -0.9886559247970581, -0.15019787847995758),
            ["LeftUpperLeg"] = CFrame.new(0.00040099024772644043, -0.019909605383872986, -0.0021650195121765137, 0.5700574517250061, 0.8126943707466125, 0.12067591398954391, 0.11032208800315857, 0.06983321160078049, -0.9914396405220032, -0.814164400100708, 0.5784904360771179, -0.04984944313764572),
            ["LeftLowerLeg"] = CFrame.new(-2.9802322387695312e-08, 5.960464477539063e-08, 5.029141902923584e-08, 1, 7.823111758398227e-08, 1.3038513202445756e-07, -9.49948883999241e-08, -0.11138147860765457, 0.9937776923179626, 8.568166975919667e-08, -0.9937777519226074, -0.11138138175010681),
        }},
        {Time = 0.233, Data = {
            ["RightFoot"] = CFrame.new(8.940696716308594e-08, 2.980232238769531e-07, 1.6952981241047382e-09, 0.9493398666381836, 0.17457760870456696, 0.26129773259162903, 0.04167797416448593, 0.7542015314102173, -0.6553186774253845, -0.31147533655166626, 0.6330109238624573, 0.708717942237854),
            ["LeftLowerArm"] = CFrame.new(-1.7881393432617188e-07, 1.7881393432617188e-07, -1.2665987014770508e-07, 1, -2.1606676625651744e-07, 1.2665987014770508e-07, 3.471724951964461e-08, 0.5620407462120056, -0.8271095156669617, -1.0989611354261797e-07, 0.8271096348762512, 0.5620408058166504),
            ["RightUpperArm"] = CFrame.new(-5.960464477539063e-08, 2.384185791015625e-07, 2.2351741790771484e-07, 0.4274876117706299, -0.6405402421951294, -0.6379361152648926, 0.6499085426330566, 0.7082645297050476, -0.27564537525177, 0.6283893585205078, -0.29676511883735657, 0.719066858291626),
            ["Head"] = CFrame.new(2.60770320892334e-08, 2.384185791015625e-07, -1.1175870895385742e-08, 0.7525629997253418, 0.6558217406272888, -0.05955743044614792, -0.6478688716888428, 0.7211549878120422, -0.2453591674566269, -0.11796186864376068, 0.22323393821716309, 0.9676010608673096),
            ["RightHand"] = CFrame.new(-3.0547380447387695e-07, 5.960464477539063e-08, -1.1920928955078125e-07, 0.7605270147323608, -0.032766763120889664, -0.6484787464141846, 0.016784735023975372, 0.9993842244148254, -0.030812766402959824, 0.6490892767906189, 0.012549085542559624, 0.7606090307235718),
            ["UpperTorso"] = CFrame.new(-4.470348358154297e-08, 1.1920928955078125e-07, -7.078051567077637e-08, 0.9602296352386475, 0.27795395255088806, -0.02646789140999317, -0.24815472960472107, 0.8930297493934631, 0.37538936734199524, 0.1279776245355606, -0.3538920283317566, 0.9264892339706421),
            ["HumanoidRootPart"] = CFrame.new(0, 0, 0, 1, 0, 0, 0, 1, 0, 0, 0, 1),
            ["RightUpperLeg"] = CFrame.new(-0.0004010796546936035, 0.01990921050310135, 0.002165017882362008, 0.6807438731193542, -0.6475992798805237, -0.34234899282455444, 0.021549468860030174, 0.4848592281341553, -0.8743267059326172, 0.7322044968605042, 0.5878152847290039, 0.3440206050872803),
            ["LeftUpperArm"] = CFrame.new(0, 1.1920928955078125e-07, 7.450580596923828e-09, -0.2394123375415802, 0.969944417476654, -0.04346943274140358, -0.7226002216339111, -0.2079058736562729, -0.6592605710029602, -0.648483395576477, -0.12642434239387512, 0.7506570816040039),
            ["RightLowerArm"] = CFrame.new(-2.980232238769531e-07, -2.384185791015625e-07, -1.4901161193847656e-07, 1, -6.705522537231445e-08, 2.086162567138672e-07, 2.0861628513557662e-07, -0.07538369297981262, -0.9971545934677124, 1.6391278734317893e-07, 0.9971546530723572, -0.07538372278213501),
            ["LeftHand"] = CFrame.new(1.6391277313232422e-07, -1.7881393432617188e-07, 2.384185791015625e-07, 0.20393617451190948, 0.43273046612739563, 0.8781540393829346, 0.21417653560638428, 0.8555546402931213, -0.4713328182697296, -0.9552688002586365, 0.28420180082321167, 0.08179783821105957),
            ["LeftFoot"] = CFrame.new(5.029141902923584e-08, -1.1920928955078125e-07, 4.470348358154297e-08, 0.8918113112449646, -0.05547080561518669, -0.44899430871009827, -0.11377706378698349, 0.9330562949180603, -0.3412628769874573, 0.4378669559955597, 0.35542792081832886, 0.8257989883422852),
            ["LowerTorso"] = CFrame.new(0.25107425451278687, -0.6004360914230347, 0.2208356112241745, 0.9784321188926697, -0.07686072587966919, 0.1917370706796646, 0.03228842094540596, 0.9736956357955933, 0.22555327415466309, -0.20402978360652924, -0.2144976258277893, 0.9551767706871033),
            ["RightLowerLeg"] = CFrame.new(5.960464477539063e-08, 0, 1.6596459317952394e-08, 1, -1.6391268786719593e-07, -1.0430816388407038e-07, 9.685754776000977e-08, -0.0434989258646965, 0.9990534782409668, -1.6391277313232422e-07, -0.9990534782409668, -0.043498694896698),
            ["LeftUpperLeg"] = CFrame.new(0.00040099024772644043, -0.019909614697098732, -0.0021651536226272583, 0.5970614552497864, 0.7848587036132812, 0.1658755987882614, 0.092710942029953, 0.13787925243377686, -0.986100435256958, -0.7968201041221619, 0.6041409969329834, 0.00955754891037941),
            ["LeftLowerLeg"] = CFrame.new(1.4202669262886047e-07, 1.1920928955078125e-07, -1.9243452697992325e-07, 1, 8.19563368281706e-08, 1.4156111660668103e-07, -8.754432201385498e-08, -0.059686899185180664, 0.9982171654701233, 8.195638656616211e-08, -0.9982172250747681, -0.059686996042728424),
        }},
        {Time = 0.267, Data = {
            ["RightFoot"] = CFrame.new(1.1920928955078125e-07, 4.172325134277344e-07, 9.145878721028566e-09, 0.948248565196991, 0.20622330904006958, 0.24144789576530457, -0.0031199424993246794, 0.7664084434509277, -0.6423454880714417, -0.3175140619277954, 0.6083502769470215, 0.7273893356323242),
            ["LeftLowerArm"] = CFrame.new(-3.8743019104003906e-07, -2.384185791015625e-07, -2.0489096641540527e-08, 1, -9.685753354915505e-08, 4.470348358154297e-08, 9.49948883999241e-08, 0.5190701484680176, -0.8547319173812866, 3.958120586844416e-08, 0.8547316789627075, 0.5190698504447937),
            ["RightUpperArm"] = CFrame.new(0, 2.384185791015625e-07, -8.940696716308594e-08, 0.4228549897670746, -0.6170034408569336, -0.6637018918991089, 0.6719321012496948, 0.7049009799957275, -0.22720515727996826, 0.6080304384231567, -0.34988778829574585, 0.7126553654670715),
            ["Head"] = CFrame.new(-1.4901161193847656e-08, 0, 4.470348358154297e-08, 0.7363115549087524, 0.6744394302368164, -0.05456246808171272, -0.6690807938575745, 0.7136896848678589, -0.20731115341186523, -0.10087784379720688, 0.18915224075317383, 0.9767522811889648),
            ["RightHand"] = CFrame.new(-5.960464477539063e-08, 1.1920928955078125e-07, -1.4901161193847656e-07, 0.7836998701095581, 0.06460532546043396, -0.6177705526351929, 0.01994621753692627, 0.9914457201957703, 0.12898719310760498, 0.6208193302154541, -0.11340919137001038, 0.7757073044776917),
            ["UpperTorso"] = CFrame.new(-5.960464477539063e-08, -1.7881393432617188e-07, 2.9802322387695312e-08, 0.9650996327400208, 0.25868692994117737, -0.0407889261841774, -0.22770406305789948, 0.905836284160614, 0.3572281301021576, 0.1293581873178482, -0.33547231554985046, 0.9331260919570923),
            ["HumanoidRootPart"] = CFrame.new(0, 0, 0, 1, 0, 0, 0, 1, 0, 0, 0, 1),
            ["RightUpperLeg"] = CFrame.new(-0.0004011690616607666, 0.019909046590328217, 0.0021649806294590235, 0.6898213028907776, -0.6268740296363831, -0.36218273639678955, 0.04290388152003288, 0.5347833633422852, -0.8438993096351624, 0.7227073907852173, 0.5666002631187439, 0.3957998752593994),
            ["LeftUpperArm"] = CFrame.new(1.1920928955078125e-07, 3.5762786865234375e-07, 5.960464477539063e-08, -0.19061675667762756, 0.981458842754364, -0.020099207758903503, -0.7272768020629883, -0.15494287014007568, -0.6686262488365173, -0.6593433618545532, -0.11283349245786667, 0.7433270812034607),
            ["RightLowerArm"] = CFrame.new(1.1920928955078125e-07, -1.7881393432617188e-07, -8.940696716308594e-08, 1, -7.450577754752885e-08, 1.154839708306099e-07, 8.940698137394065e-08, -0.1240825429558754, -0.992271900177002, 4.4703490686970326e-08, 0.9922719597816467, -0.12408268451690674),
            ["LeftHand"] = CFrame.new(3.8743019104003906e-07, 1.1920928955078125e-07, 1.7881393432617188e-07, 0.27763745188713074, 0.4824362099170685, 0.8307663798332214, 0.17163553833961487, 0.8259411454200745, -0.5369938611984253, -0.9452294111251831, 0.2916789650917053, 0.14650872349739075),
            ["LeftFoot"] = CFrame.new(-2.60770320892334e-08, -1.1920928955078125e-07, -7.450580596923828e-09, 0.9087886810302734, -0.05855470150709152, -0.4131280183792114, -0.10364135354757309, 0.9273978471755981, -0.3594326078891754, 0.4041801691055298, 0.36946555972099304, 0.8367397785186768),
            ["LowerTorso"] = CFrame.new(0.21174651384353638, -0.5423542261123657, 0.20693892240524292, 0.9783536195755005, -0.08094680309295654, 0.19045162200927734, 0.0355248898267746, 0.9723562598228455, 0.2307840883731842, -0.2038680613040924, -0.21902267634868622, 0.9541838765144348),
