return {
    ["Surfin' Bird"] = {
        {Time = 0.000, Data = {
            ["LeftFoot"] = CFrame.new(-7.916241884231567e-09, -1.7881393432617188e-07, 1.1175870895385742e-08, 0.9975082874298096, 0.07054907828569412, -0.000010701826795411762, -0.06141435354948044, 0.868276059627533, -0.4922653138637543, -0.03471959009766579, 0.4910392463207245, 0.870445191860199),
            ["LeftLowerArm"] = CFrame.new(-1.7881393432617188e-07, 0, -4.470348358154297e-08, 1, -2.9802318834981634e-08, 2.0489094865183688e-08, 4.284083487959833e-08, 0.90388023853302, -0.4277855455875397, 4.6566123179658803e-10, 0.42778563499450684, 0.90388023853302),
            ["RightUpperArm"] = CFrame.new(1.1920928955078125e-07, 1.1920928955078125e-07, -1.862645149230957e-07, 0.9406332969665527, 0.02235153503715992, 0.33868810534477234, 0.023857690393924713, -0.9997153282165527, -0.00028371353982947767, 0.3385852575302124, 0.00834719929844141, -0.9408987164497375),
            ["Head"] = CFrame.new(8.381903171539307e-09, 0, -8.917413651943207e-08, 0.9915264844894409, -0.10851962119340897, 0.07140499353408813, 0.11959196627140045, 0.5479142069816589, -0.82794189453125, 0.050724130123853683, 0.8294658064842224, 0.5562495589256287),
            ["RightHand"] = CFrame.new(-2.086162567138672e-07, -1.7881393432617188e-07, -2.9802322387695312e-08, 0.8975597620010376, -0.4167519807815552, -0.14388889074325562, 0.334507018327713, 0.8562970757484436, -0.3935231864452362, 0.28721341490745544, 0.3050788938999176, 0.9079843163490295),
            ["UpperTorso"] = CFrame.new(4.656612873077393e-10, 0, 3.0384398996829987e-08, 0.9864345788955688, -0.026788603514432907, 0.161954864859581, -0.011394581757485867, 0.9730410575866699, 0.23035064339637756, -0.1637594848871231, -0.229071244597435, 0.9595359563827515),
            ["HumanoidRootPart"] = CFrame.new(0, 0, 0, 1, 0, 0, 0, 1, 0, 0, 0, 1),
            ["LeftUpperLeg"] = CFrame.new(0, -4.284083843231201e-08, 1.1175870895385742e-08, 0.9872201681137085, 0.03883736580610275, 0.15455785393714905, 0.1489848643541336, 0.11934071779251099, -0.9816116094589233, -0.056568264961242676, 0.992093563079834, 0.11202923953533173),
            ["LeftUpperArm"] = CFrame.new(5.960464477539063e-08, 1.1920928955078125e-07, -1.1175870895385742e-07, 0.9822170734405518, -0.09348994493484497, -0.1628168225288391, -0.046501897275447845, 0.7190436720848083, -0.6934072971343994, 0.18189896643161774, 0.6886478066444397, 0.7019094824790955),
            ["RightLowerArm"] = CFrame.new(0, 2.384185791015625e-07, -2.9802322387695312e-08, 1, -5.215405707303944e-08, -1.4901162970204496e-08, 4.470347292340193e-08, 0.8961188197135925, -0.44381433725357056, 2.9802315282267955e-08, 0.4438142776489258, 0.8961188197135925),
            ["LeftHand"] = CFrame.new(7.078051567077637e-08, 0, -8.940696716308594e-08, 0.8437198996543884, 0.48317986726760864, 0.23382458090782166, -0.475531667470932, 0.8748767971992493, -0.09198088943958282, -0.2490110695362091, -0.03358497843146324, 0.9679181575775146),
            ["RightFoot"] = CFrame.new(-2.0023435354232788e-08, 2.980232238769531e-07, 1.845910446718335e-08, 0.9906637072563171, -0.12860454618930817, -0.0452377088367939, 0.10124410688877106, 0.9162462949752808, -0.3876108229160309, 0.09129741042852402, 0.3794122338294983, 0.9207124710083008),
            ["LowerTorso"] = CFrame.new(-0.03805026412010193, -0.33046114444732666, 0.30450546741485596, 0.9933700561523438, 0.048473626375198364, -0.10424136370420456, 0.030817920342087746, 0.7612832188606262, 0.647686779499054, 0.11075291782617569, -0.6466051936149597, 0.7547420859336853),
            ["RightLowerLeg"] = CFrame.new(-4.377216100692749e-08, 2.384185791015625e-07, -4.161120159551501e-08, 1, -1.471489525783909e-07, -1.0244550452398471e-07, 1.341104507446289e-07, 0.36791491508483887, 0.9298593401908875, -1.0058283805847168e-07, -0.9298595190048218, 0.3679152727127075),
            ["RightUpperLeg"] = CFrame.new(0, -5.960464477539063e-08, 8.77116690389812e-08, 0.9800493717193604, 0.19559702277183533, 0.03528544306755066, 0.02260414883494377, 0.06669145822525024, -0.9975175857543945, -0.19746465981006622, 0.9784140586853027, 0.06093933805823326),
            ["LeftLowerLeg"] = CFrame.new(-4.6566128730773926e-08, -5.960464477539063e-08, 2.2351741790771484e-08, 1, 7.264317503086204e-08, 5.587936158235607e-08, -8.381902460996571e-08, 0.32477840781211853, 0.9457902312278748, 7.450579886381092e-08, -0.9457902312278748, 0.3247784376144409),
        }},
        {Time = 0.033, Data = {
            ["LeftFoot"] = CFrame.new(1.7229467630386353e-08, -5.960464477539063e-08, 2.7939677238464355e-09, 0.9975146651268005, 0.07046031951904297, 0.00017724315694067627, -0.06157822534441948, 0.8729872703552246, -0.4838404953479767, -0.03424631059169769, 0.4826270043849945, 0.8751562833786011),
            ["LeftLowerArm"] = CFrame.new(5.960464477539063e-08, 4.76837158203125e-07, -1.7881393432617188e-07, 1, -3.352760913344355e-08, -1.8626444830971423e-09, 2.9802322387695312e-08, 0.905292272567749, -0.42478910088539124, 6.984919309616089e-09, 0.424789160490036, 0.9052923321723938),
            ["RightUpperArm"] = CFrame.new(-5.960464477539063e-08, -1.1920928955078125e-07, 2.2351741790771484e-08, 0.9411090016365051, 0.018362239003181458, 0.33760467171669006, 0.023889170959591866, -0.9996399879455566, -0.012223291210830212, 0.33725854754447937, 0.01956859417259693, -0.9412087202072144),
            ["Head"] = CFrame.new(-2.7008354663848877e-08, -1.1920928955078125e-07, 1.41095370054245e-07, 0.9915544390678406, -0.10911145061254501, 0.0701047033071518, 0.11898251622915268, 0.5502333641052246, -0.8264904022216797, 0.05160560458898544, 0.8278513550758362, 0.5585687160491943),
            ["RightHand"] = CFrame.new(-8.940696716308594e-08, 2.980232238769531e-07, 2.980232238769531e-07, 0.8983070850372314, -0.4158399999141693, -0.14185115694999695, 0.33479684591293335, 0.8569236993789673, -0.3919091820716858, 0.2845269739627838, 0.3045634627342224, 0.9090024828910828),
            ["UpperTorso"] = CFrame.new(-9.313225746154785e-10, -1.1920928955078125e-07, -9.778887033462524e-09, 0.9871664643287659, -0.026718072593212128, 0.15744426846504211, -0.01070766057819128, 0.9726121425628662, 0.23218730092048645, -0.15933580696582794, -0.23089328408241272, 0.9598439931869507),
            ["HumanoidRootPart"] = CFrame.new(0, 0, 0, 1, 0, 0, 0, 1, 0, 0, 0, 1),
            ["LeftUpperLeg"] = CFrame.new(-5.960464477539063e-08, -2.942979335784912e-07, -1.4528632164001465e-07, 0.9875137209892273, 0.033230043947696686, 0.15398842096328735, 0.1484588384628296, 0.13065913319587708, -0.9802490472793579, -0.052693698555231094, 0.9908703565597534, 0.12409435212612152),
            ["LeftUpperArm"] = CFrame.new(5.960464477539063e-08, 0, -7.450580596923828e-08, 0.9826781153678894, -0.09249281138181686, -0.1605895310640335, -0.04692894592881203, 0.7141060829162598, -0.6984627842903137, 0.17928066849708557, 0.6939002275466919, 0.6973958015441895),
            ["RightLowerArm"] = CFrame.new(0, -1.7881393432617188e-07, -2.682209014892578e-07, 1, -6.705521116145974e-08, 1.4901161193847656e-08, 4.0978196835794733e-08, 0.8809590935707092, -0.4731924831867218, 2.2351745343485163e-08, 0.47319233417510986, 0.880959153175354),
            ["LeftHand"] = CFrame.new(1.1175870895385742e-08, -5.960464477539063e-08, -7.450580596923828e-08, 0.843567967414856, 0.4831112027168274, 0.2345139980316162, -0.475787878036499, 0.8748601078987122, -0.09080639481544495, -0.24903638660907745, -0.034977465867996216, 0.9678623080253601),
            ["RightFoot"] = CFrame.new(-3.026798367500305e-08, 3.5762786865234375e-07, -2.8107024263590574e-08, 0.9907557368278503, -0.12813672423362732, -0.04454329237341881, 0.10146630555391312, 0.9178969860076904, -0.38362666964530945, 0.0900428518652916, 0.37556102871894836, 0.9224134087562561),
            ["LowerTorso"] = CFrame.new(-0.03755432367324829, -0.32204997539520264, 0.30452537536621094, 0.9938188195228577, 0.04859105870127678, -0.09981533139944077, 0.02769261784851551, 0.7621874809265137, 0.6467637419700623, 0.10750492662191391, -0.6455301642417908, 0.7561306357383728),
            ["RightLowerLeg"] = CFrame.new(-8.381903171539307e-09, 4.172325134277344e-07, -2.0086736185476184e-07, 1, -1.4528630742915993e-07, -9.313229298868464e-08, 1.4156103134155273e-07, 0.38066089153289795, 0.9247145652770996, -9.12696123123169e-08, -0.9247146844863892, 0.38066133856773376),
            ["RightUpperLeg"] = CFrame.new(0, -2.980232238769531e-07, -7.24758137948811e-08, 0.981013834476471, 0.19049406051635742, 0.03638770058751106, 0.021940363571047783, 0.0774088203907013, -0.9967580437660217, -0.19269320368766785, 0.9786316752433777, 0.07175948470830917),
            ["LeftLowerLeg"] = CFrame.new(7.450580596923828e-09, -5.960464477539063e-08, 1.1920928955078125e-07, 1, 7.729980211479415e-08, 5.2154071283894154e-08, -8.381903171539307e-08, 0.34326866269111633, 0.9392372369766235, 5.960464477539063e-08, -0.9392373561859131, 0.3432687222957611),
        }},
        {Time = 0.067, Data = {
            ["LeftFoot"] = CFrame.new(-4.1676685214042664e-08, -1.1920928955078125e-07, -2.2351741790771484e-08, 0.9972905516624451, 0.07354337722063065, 0.0017093238420784473, -0.06425299495458603, 0.8821509480476379, -0.46656325459480286, -0.03582046180963516, 0.46518924832344055, 0.8844862580299377),
            ["LeftLowerArm"] = CFrame.new(8.940696716308594e-08, -2.980232238769531e-07, -5.960464477539063e-08, 1, -3.352759847530251e-08, -3.725290298461914e-09, 3.67872416973114e-08, 0.9204233288764954, -0.3909233808517456, 1.7695128917694092e-08, 0.39092329144477844, 0.9204232692718506),
            ["RightUpperArm"] = CFrame.new(0, -7.152557373046875e-07, -5.289912223815918e-07, 0.9404565095901489, 0.0033772613387554884, 0.3398974537849426, 0.022051336243748665, -0.998450517654419, -0.05109283700585365, 0.33919820189476013, 0.05554559454321861, -0.9390736818313599),
            ["Head"] = CFrame.new(1.5832483768463135e-08, -2.384185791015625e-07, -1.2759119272232056e-07, 0.9917498826980591, -0.11443555355072021, 0.057763904333114624, 0.11381562799215317, 0.5787687301635742, -0.8075101375579834, 0.058975908905267715, 0.8074226975440979, 0.5870184898376465),
            ["RightHand"] = CFrame.new(-5.960464477539063e-08, 1.1920928955078125e-07, 1.1920928955078125e-07, 0.8977339863777161, -0.4179430603981018, -0.1392754167318344, 0.33792227506637573, 0.8561328053474426, -0.39095374941825867, 0.2826346755027771, 0.3039082884788513, 0.9098118543624878),
            ["UpperTorso"] = CFrame.new(-8.381903171539307e-09, 0, -1.8847640603780746e-07, 0.9890812635421753, -0.03075474314391613, 0.1441270112991333, -0.00587468221783638, 0.9689768552780151, 0.2470819056034088, -0.14725464582443237, -0.2452307790517807, 0.95821613073349),
            ["HumanoidRootPart"] = CFrame.new(0, 0, 0, 1, 0, 0, 0, 1, 0, 0, 0, 1),
            ["LeftUpperLeg"] = CFrame.new(-5.960464477539063e-08, -3.91155481338501e-08, -1.5273690223693848e-07, 0.9884131550788879, 0.01985831744968891, 0.15048335492610931, 0.14529284834861755, 0.16313041746616364, -0.975847601890564, -0.04392716661095619, 0.9864047169685364, 0.15835504233837128),
            ["LeftUpperArm"] = CFrame.new(0, -2.384185791015625e-07, -3.725290298461914e-08, 0.9865168333053589, -0.08418221771717072, -0.1403495967388153, -0.05032192915678024, 0.659996509552002, -0.7495812773704529, 0.15573163330554962, 0.7465373873710632, 0.6468616127967834),
            ["RightLowerArm"] = CFrame.new(-2.086162567138672e-07, 3.5762786865234375e-07, 8.940696716308594e-08, 1, -2.9802308176840597e-08, 1.4901164746561335e-08, 4.656612162534657e-08, 0.8653931021690369, -0.5010937452316284, 1.4901159417490817e-08, 0.5010935664176941, 0.8653931021690369),
            ["LeftHand"] = CFrame.new(9.313225746154785e-09, 5.960464477539063e-08, 4.470348358154297e-08, 0.8421691060066223, 0.48258471488952637, 0.24054855108261108, -0.47747185826301575, 0.8747020363807678, -0.0831664502620697, -0.25054308772087097, -0.044815078377723694, 0.9670675992965698),
            ["RightFoot"] = CFrame.new(5.122274160385132e-09, 2.980232238769531e-07, 3.336026566103101e-08, 0.9914159178733826, -0.12449982762336731, -0.03992783650755882, 0.100389264523983, 0.9205150008201599, -0.37758970260620117, 0.08376408368349075, 0.3703404664993286, 0.9251118898391724),
            ["LowerTorso"] = CFrame.new(-0.032637327909469604, -0.3068321943283081, 0.3048381805419922, 0.9949215054512024, 0.0483904667198658, -0.0882594957947731, 0.018808018416166306, 0.7720335721969604, 0.6353034377098083, 0.09888193756341934, -0.6337369680404663, 0.767202615737915),
            ["RightLowerLeg"] = CFrame.new(2.514570951461792e-08, 1.1920928955078125e-07, 9.575887816026807e-08, 1, -1.30385160446167e-07, -1.0244553294569414e-07, 1.4156103134155273e-07, 0.40348100662231445, 0.9149878621101379, -8.940696716308594e-08, -0.9149880409240723, 0.4034813642501831),
            ["RightUpperLeg"] = CFrame.new(0, 1.862645149230957e-07, -2.326632966287434e-07, 0.9836894273757935, 0.17653688788414001, 0.03449456766247749, 0.015111405402421951, 0.10998518764972687, -0.9938184022903442, -0.17923955619335175, 0.9781298637390137, 0.10552353411912918),
            ["LeftLowerLeg"] = CFrame.new(-1.30385160446167e-08, 1.1920928955078125e-07, 5.960464477539063e-08, 1, 8.009374852235851e-08, 5.774199962615967e-08, -7.264315371457997e-08, 0.37728163599967957, 0.9260985255241394, 5.029141192380848e-08, -0.9260985851287842, 0.37728169560432434),
        }},
        {Time = 0.100, Data = {
            ["LeftFoot"] = CFrame.new(3.771856427192688e-08, -5.960464477539063e-08, -4.190951585769653e-09, 0.9979145526885986, 0.06428627669811249, 0.0058207386173307896, -0.05526161938905716, 0.8974500298500061, -0.4376409351825714, -0.03335811197757721, 0.43640652298927307, 0.8991310000419617),
            ["LeftLowerArm"] = CFrame.new(-5.960464477539063e-08, 0, 1.4901161193847656e-08, 1, -2.8870989154938798e-08, -1.3969840839678227e-09, 3.23634559151742e-08, 0.9562291502952576, -0.2926189601421356, 4.6566123179658803e-10, 0.29261887073516846, 0.9562291502952576),
            ["RightUpperArm"] = CFrame.new(2.384185791015625e-07, 3.5762786865234375e-07, 1.4156103134155273e-07, 0.9423722624778748, -0.03009805642068386, 0.3332098424434662, 0.03022373840212822, -0.9842145442962646, -0.17437946796417236, 0.3331983983516693, 0.17440129816532135, -0.9265868067741394),
            ["Head"] = CFrame.new(-1.4901161193847656e-08, 2.384185791015625e-07, 6.658956408500671e-08, 0.9930455088615417, -0.11325231939554214, 0.0321657620370388, 0.10059202462434769, 0.6742371916770935, -0.7316319942474365, 0.06117165833711624, 0.7297794818878174, 0.680940568447113),
            ["RightHand"] = CFrame.new(5.960464477539063e-08, 3.5762786865234375e-07, 2.086162567138672e-07, 0.8963768482208252, -0.42207542061805725, -0.1355033814907074, 0.343374103307724, 0.8544234037399292, -0.38994213938713074, 0.28036218881607056, 0.3030068278312683, 0.9108151197433472),
            ["UpperTorso"] = CFrame.new(0, -2.086162567138672e-07, -7.159542292356491e-09, 0.9916433691978455, -0.03593503311276436, 0.12390430271625519, 0.002292608143761754, 0.9651803374290466, 0.2615755498409271, -0.12898972630500793, -0.25910550355911255, 0.9571969509124756),
            ["HumanoidRootPart"] = CFrame.new(0, 0, 0, 1, 0, 0, 0, 1, 0, 0, 0, 1),
            ["LeftUpperLeg"] = CFrame.new(2.9802322387695312e-08, -1.0058283805847168e-07, -2.2351741790771484e-08, 0.9903692603111267, -0.0006759206298738718, 0.13844987750053406, 0.13431353867053986, 0.2473442256450653, -0.9595732092857361, -0.03359624370932579, 0.9689275026321411, 0.24505291879177094),
            ["LeftUpperArm"] = CFrame.new(0, 2.384185791015625e-07, -2.682209014892578e-07, 0.9910339117050171, -0.07286795973777771, -0.11199193447828293, -0.06054762005805969, 0.5022615790367126, -0.862593412399292, 0.11910463869571686, 0.8616400957107544, 0.4933461546897888),
            ["RightLowerArm"] = CFrame.new(1.1920928955078125e-07, 0, -2.086162567138672e-07, 1, -4.470347647611561e-08, 2.9802322387695312e-08, 2.60770320892334e-08, 0.8435883522033691, -0.5369904041290283, 1.4901161193847656e-08, 0.5369904637336731, 0.8435883522033691),
            ["LeftHand"] = CFrame.new(5.587935447692871e-08, -5.960464477539063e-08, 4.470348358154297e-08, 0.8389803767204285, 0.48169997334480286, 0.25313499569892883, -0.47848474979400635, 0.8745875358581543, -0.07841364294290543, -0.25916075706481934, -0.055333495140075684, 0.9642479419708252),
            ["RightFoot"] = CFrame.new(1.816079020500183e-08, 2.980232238769531e-07, 1.6952981241047382e-09, 0.9945880174636841, -0.0991450846195221, -0.03106570988893509, 0.08090035617351532, 0.926618754863739, -0.36719557642936707, 0.06519176065921783, 0.3626953959465027, 0.9296248555183411),
            ["LowerTorso"] = CFrame.new(-0.024726174771785736, -0.27337121963500977, 0.30550074577331543, 0.9964025020599365, 0.04481753706932068, -0.0719267874956131, 0.007329071406275034, 0.7999724745750427, 0.5999919772148132, 0.08442962169647217, -0.5983606576919556, 0.7967661023139954),
            ["RightLowerLeg"] = CFrame.new(4.0046870708465576e-08, 2.384185791015625e-07, -2.531305653974414e-08, 1, -1.424923397053135e-07, -7.264318924171675e-08, 1.3597309589385986e-07, 0.46274885535240173, 0.88648921251297, -7.636845111846924e-08, -0.8864894509315491, 0.462749183177948),
            ["RightUpperLeg"] = CFrame.new(5.960464477539063e-08, -1.341104507446289e-07, -1.6596459317952394e-08, 0.9878003001213074, 0.15232740342617035, 0.03235628083348274, 0.001514919102191925, 0.19836768507957458, -0.9801265597343445, -0.15571856498718262, 0.9682183861732483, 0.19571687281131744),
            ["LeftLowerLeg"] = CFrame.new(1.862645149230957e-08, -1.7881393432617188e-07, 6.705522537231445e-08, 1, 7.729979500936679e-08, 5.02914261346632e-08, -8.195638656616211e-08, 0.4495730996131897, 0.8932436108589172, 5.029141902923584e-08, -0.893243670463562, 0.4495730400085449),
        }},
        {Time = 0.133, Data = {
            ["LeftFoot"] = CFrame.new(-1.909211277961731e-08, 5.960464477539063e-08, 2.7008354663848877e-08, 0.9988446235656738, 0.045532796531915665, 0.015372157096862793, -0.035600144416093826, 0.915921151638031, -0.3997764587402344, -0.03228265419602394, 0.39876723289489746, 0.9164838194847107),
            ["LeftLowerArm"] = CFrame.new(-2.9802322387695312e-08, 2.384185791015625e-07, -2.5331974029541016e-07, 1, 1.1175873559921001e-08, 5.5879341154252415e-09, 2.7939677238464355e-09, 0.9999867677688599, -0.005157267674803734, -7.450580596923828e-09, 0.0051572551019489765, 0.9999867081642151),
            ["RightUpperArm"] = CFrame.new(-1.1920928955078125e-07, -1.1920928955078125e-07, 7.450580596923828e-08, 0.9486665725708008, -0.10272412747144699, 0.2991315424442291, 0.04949028417468071, -0.8859221339225769, -0.4611862003803253, 0.3123822510242462, 0.4523159861564636, -0.8353607654571533),
            ["Head"] = CFrame.new(-1.30385160446167e-08, 3.5762786865234375e-07, 7.578637450933456e-08, 0.9952557682991028, -0.09708798676729202, -0.006312360055744648, 0.07569508254528046, 0.8134499788284302, -0.5766881704330444, 0.0611242949962616, 0.573474645614624, 0.8169399499893188),
            ["RightHand"] = CFrame.new(2.682209014892578e-07, -1.1920928955078125e-07, 8.940696716308594e-08, 0.8903681039810181, -0.43662044405937195, -0.1288701593875885, 0.3592800199985504, 0.8477901220321655, -0.3900895118713379, 0.27957576513290405, 0.30102261900901794, 0.9117141962051392),
            ["UpperTorso"] = CFrame.new(-4.48198989033699e-09, 2.9802322387695312e-08, 1.5393015928566456e-07, 0.9935663342475891, -0.03948261961340904, 0.10614699125289917, 0.011589515022933483, 0.9677881598472595, 0.2514990568161011, -0.11265764385461807, -0.2486506998538971, 0.9620193243026733),
            ["HumanoidRootPart"] = CFrame.new(0, 0, 0, 1, 0, 0, 0, 1, 0, 0, 0, 1),
            ["LeftUpperLeg"] = CFrame.new(2.9802322387695312e-08, 6.705522537231445e-08, -1.6763806343078613e-08, 0.9937319159507751, -0.024182822555303574, 0.10914281755685806, 0.11036703735589981, 0.3675004541873932, -0.9234515428543091, -0.017778348177671432, 0.9297088980674744, 0.3678659200668335),
            ["LeftUpperArm"] = CFrame.new(0, 3.5762786865234375e-07, 2.2351741790771484e-07, 0.993560254573822, -0.05199427902698517, -0.1006707027554512, -0.08414247632026672, 0.2564505934715271, -0.9628880023956299, 0.0758817121386528, 0.9651579260826111, 0.25042417645454407),
            ["RightLowerArm"] = CFrame.new(-2.980232238769531e-07, -4.76837158203125e-07, -3.2782554626464844e-07, 1, -5.215405707303944e-08, 7.450580596923828e-09, 7.450581307466564e-08, 0.8081116080284119, -0.5890293717384338, 2.2351745343485163e-08, 0.5890294313430786, 0.8081116676330566),
            ["LeftHand"] = CFrame.new(1.2665987014770508e-07, -5.960464477539063e-08, -4.470348358154297e-08, 0.8341639041900635, 0.47752827405929565, 0.27593016624450684, -0.4849526286125183, 0.8733617663383484, -0.04539192095398903, -0.2626628279685974, -0.09594853967428207, 0.9601053595542908),
            ["RightFoot"] = CFrame.new(-2.3515895009040833e-08, 3.5762786865234375e-07, 1.287116901949048e-08, 0.9983406066894531, -0.05449024960398674, -0.01862351782619953, 0.04455387964844704, 0.9358066916465759, -0.3496865928173065, 0.03648249804973602, 0.3482767641544342, 0.9366816282272339),
            ["LowerTorso"] = CFrame.new(-0.014752283692359924, -0.2252875566482544, 0.3029148578643799, 0.9980937242507935, 0.03346005827188492, -0.05185926333069801, 0.00031120021594688296, 0.8375392556190491, 0.5463771224021912, 0.061715975403785706, -0.5453517436981201, 0.835932195186615),
            ["RightLowerLeg"] = CFrame.new(-5.122274160385132e-08, 1.7881393432617188e-07, 4.360481398180127e-08, 1, -1.2759119272232056e-07, -6.519259443393821e-08, 1.2479722499847412e-07, 0.5604953169822693, 0.828157365322113, -6.332993507385254e-08, -0.8281576037406921, 0.5604957938194275),
            ["RightUpperLeg"] = CFrame.new(-2.9802322387695312e-08, 9.313225746154785e-09, -1.287116901949048e-08, 0.992222785949707, 0.12269081920385361, 0.02100086584687233, -0.021484581753611565, 0.3349871039390564, -0.941977858543396, -0.1226070299744606, 0.9342005252838135, 0.3350176513195038),
            ["LeftLowerLeg"] = CFrame.new(-2.468004822731018e-08, -2.384185791015625e-07, 3.166496753692627e-08, 1, 7.590281114744357e-08, 3.4458938813486384e-08, -7.636845111846924e-08, 0.5487534999847412, 0.8359842896461487, 4.0978193283081055e-08, -0.8359842300415039, 0.548753559589386),
        }},
        {Time = 0.167, Data = {
            ["LeftFoot"] = CFrame.new(-3.784953150898218e-08, -5.960464477539063e-08, -1.0244548320770264e-08, 0.9986421465873718, 0.042304035276174545, 0.030401187017560005, -0.028199637308716774, 0.9296640157699585, -0.3673277497291565, -0.043802350759506226, 0.36597153544425964, 0.9295946955680847),
            ["LeftLowerArm"] = CFrame.new(0, -2.980232238769531e-07, 6.705522537231445e-08, 1, 7.275957614183426e-09, -4.71482008990165e-09, 4.7148187576340206e-09, 0.9963557720184326, -0.08529437333345413, 8.963976227960302e-09, 0.08529448509216309, 0.9963557720184326),
            ["RightUpperArm"] = CFrame.new(1.1920928955078125e-07, -3.5762786865234375e-07, 1.2665987014770508e-07, 0.9591714143753052, -0.20113269984722137, 0.19883619248867035, 0.05279161408543587, -0.5633564591407776, -0.824525773525238, 0.2778547406196594, 0.8013583421707153, -0.5297371745109558),
            ["Head"] = CFrame.new(-3.725290298461914e-09, -1.1920928955078125e-07, 1.0035000741481781e-07, 0.9964202046394348, -0.06827457994222641, -0.04985366761684418, 0.03953411430120468, 0.897581160068512, -0.43907299637794495, 0.07472524046897888, 0.43553024530410767, 0.8970672488212585),
            ["RightHand"] = CFrame.new(-5.960464477539063e-08, -2.384185791015625e-07, -1.1920928955078125e-07, 0.8881673216819763, -0.44727247953414917, -0.10538450628519058, 0.36827877163887024, 0.83000248670578, -0.4188876748085022, 0.2748264968395233, 0.3332315683364868, 0.9019020795822144),
            ["UpperTorso"] = CFrame.new(6.402842700481415e-10, 2.086162567138672e-07, -1.1850670489366166e-07, 0.9942654371261597, -0.04006468132138252, 0.09915214776992798, 0.01704293303191662, 0.9746828079223633, 0.22294194996356964, -0.10557396709918976, -0.21997343003749847, 0.9697762131690979),
            ["HumanoidRootPart"] = CFrame.new(0, 0, 0, 1, 0, 0, 0, 1, 0, 0, 0, 1),
            ["LeftUpperLeg"] = CFrame.new(0, 2.1886080503463745e-07, -1.4435499906539917e-07, 0.9970165491104126, -0.044179946184158325, 0.06329519301652908, 0.07639527320861816, 0.4474894404411316, -0.8910203576087952, 0.01104129571467638, 0.8931973576545715, 0.4495292901992798),
            ["LeftUpperArm"] = CFrame.new(1.1920928955078125e-07, -3.5762786865234375e-07, -1.4901161193847656e-07, 0.9966230392456055, -0.022171275690197945, -0.07906336337327957, -0.07902298867702484, 0.0026924286503344774, -0.9968691468238831, 0.02231471613049507, 0.999750554561615, 0.0009312593610957265),
            ["RightLowerArm"] = CFrame.new(5.960464477539063e-08, 3.5762786865234375e-07, -8.940696716308594e-08, 1, -5.960464477539063e-08, 2.60770320892334e-08, 5.960462345910855e-08, 0.6636384129524231, -0.7480536103248596, 6.332991375757047e-08, 0.7480534911155701, 0.6636384129524231),
            ["LeftHand"] = CFrame.new(1.909211277961731e-08, 1.1920928955078125e-07, 2.7567148208618164e-07, 0.8689345717430115, 0.46277695894241333, 0.17547045648097992, -0.4876451790332794, 0.8611295223236084, 0.14373116195201874, -0.08458729833364487, -0.2104603350162506, 0.973936140537262),
            ["RightFoot"] = CFrame.new(1.6065314412117004e-08, 4.76837158203125e-07, 5.012407200410962e-08, 0.9997262358665466, -0.02308012917637825, -0.003854702925309539, 0.020504677668213844, 0.9434369802474976, -0.330917090177536, 0.011274284683167934, 0.33074772357940674, 0.9436519742012024),
            ["LowerTorso"] = CFrame.new(-0.004918623715639114, -0.18860578536987305, 0.29600703716278076, 0.999533474445343, 0.012909510172903538, -0.027680685743689537, 0.0029122321866452694, 0.861874520778656, 0.5071133971214294, 0.0304038617759943, -0.506957471370697, 0.8614347577095032),
            ["RightLowerLeg"] = CFrame.new(-4.1211023926734924e-08, 1.7881393432617188e-07, 9.296491043642163e-08, 1, -1.30385160446167e-07, -5.681068415697155e-08, 1.1641533603778953e-07, 0.6452399492263794, 0.7639797329902649, -5.587936158235607e-08, -0.7639800310134888, 0.645240306854248),
            ["RightUpperLeg"] = CFrame.new(0, 2.4260953068733215e-07, 3.892637323588133e-09, 0.9949541687965393, 0.09972862154245377, -0.01097946334630251, -0.05451928824186325, 0.44553840160369873, -0.8936013579368591, -0.0842258632183075, 0.8896908164024353, 0.44872722029685974),
            ["LeftLowerLeg"] = CFrame.new(4.612957127392292e-09, 0, 0, 1, 5.497715704905204e-08, 3.3061954951563166e-08, -6.63567405467802e-08, 0.6150373220443726, 0.788498044013977, 2.869638038305311e-08, -0.7884981036186218, 0.6150373220443726),
        }},
        {Time = 0.200, Data = {
            ["LeftFoot"] = CFrame.new(6.28642737865448e-09, -5.960464477539063e-08, -1.862645149230957e-08, 0.9970160126686096, 0.060655634850263596, 0.04775085300207138, -0.03895709663629532, 0.9293596148490906, -0.3671146631240845, -0.06664528697729111, 0.3641589879989624, 0.928949236869812),
            ["LeftLowerArm"] = CFrame.new(0, -3.5762786865234375e-07, -4.544854164123535e-07, 1, -3.632156264643527e-08, 2.3283062144940914e-09, 1.862645149230957e-09, 0.9778262972831726, -0.2094174474477768, 5.587935447692871e-09, 0.2094174325466156, 0.9778262972831726),
            ["RightUpperArm"] = CFrame.new(0, -4.76837158203125e-07, 4.023313522338867e-07, 0.9668577909469604, -0.24906417727470398, 0.056152764707803726, 0.031399618834257126, -0.10226908326148987, -0.9942610859870911, 0.25337743759155273, 0.9630722403526306, -0.09105920046567917),
            ["Head"] = CFrame.new(-2.2351741790771484e-08, -1.1920928955078125e-07, -4.423782229423523e-08, 0.9949811697006226, -0.043923042714595795, -0.0899076983332634, -0.00301750423386693, 0.8849305510520935, -0.4657132625579834, 0.10001759231090546, 0.46364733576774597, 0.8803567290306091),
            ["RightHand"] = CFrame.new(-1.341104507446289e-07, 0, 2.086162567138672e-07, 0.8903445601463318, -0.45085322856903076, -0.06339088827371597, 0.35154077410697937, 0.7692422866821289, -0.53355872631073, 0.2893194556236267, 0.45276665687561035, 0.8433841466903687),
            ["UpperTorso"] = CFrame.new(-1.2223608791828156e-09, 5.960464477539063e-08, -1.7428601495339535e-07, 0.9953669309616089, -0.03029954433441162, 0.09125132858753204, 0.010089910589158535, 0.9767253994941711, 0.21425630152225494, -0.09561935067176819, -0.21234287321567535, 0.9725058674812317),
            ["HumanoidRootPart"] = CFrame.new(0, 0, 0, 1, 0, 0, 0, 1, 0, 0, 0, 1),
            ["LeftUpperLeg"] = CFrame.new(0, 1.6111880540847778e-07, -9.837094694375992e-09, 0.9979952573776245, -0.06262998282909393, 0.009107120335102081, 0.03397646173834801, 0.40879330039024353, -0.9119943976402283, 0.053395241498947144, 0.9104754328727722, 0.41010165214538574),
            ["LeftUpperArm"] = CFrame.new(-1.1920928955078125e-07, -2.384185791015625e-07, 2.9802322387695312e-08, 0.9966661334037781, -0.02052590437233448, -0.07896500080823898, -0.08050178736448288, -0.40487754344940186, -0.9108203053474426, -0.01327578630298376, 0.9141406416893005, -0.40518009662628174),
            ["RightLowerArm"] = CFrame.new(-5.960464477539063e-08, 1.1920928955078125e-07, -5.811452865600586e-07, 1, -6.891783499440862e-08, 5.029141192380848e-08, 6.33299421792799e-08, 0.6115725040435791, -0.7911883592605591, 5.587936158235607e-08, 0.7911883592605591, 0.6115725040435791),
            ["LeftHand"] = CFrame.new(-3.725290298461914e-08, 5.960464477539063e-08, 2.980232238769531e-07, 0.9409279227256775, 0.33625489473342896, -0.039842937141656876, -0.30979442596435547, 0.902380645275116, 0.2995603382587433, 0.13668204843997955, -0.26952171325683594, 0.9532451033592224),
            ["RightFoot"] = CFrame.new(-4.307366907596588e-09, 4.76837158203125e-07, -1.879379851743579e-08, 0.999737024307251, -0.019523687660694122, 0.012035106308758259, 0.022458519786596298, 0.9397668838500977, -0.34107717871665955, -0.004651108291000128, 0.34125804901123047, 0.9399582743644714),
            ["LowerTorso"] = CFrame.new(0.003706231713294983, -0.19664990901947021, 0.2959909439086914, 0.9998510479927063, -0.017211487516760826, 0.0013628732413053513, 0.014071245677769184, 0.8580752015113831, 0.5133312344551086, -0.010004643350839615, -0.5132355093955994, 0.8581895232200623),
            ["RightLowerLeg"] = CFrame.new(-2.6921043172478676e-08, 2.384185791015625e-07, -6.722257239744067e-08, 1, -1.2852252950779075e-07, -5.844051287340335e-08, 1.2310921704283828e-07, 0.6439298987388611, 0.7650842666625977, -5.157199467475948e-08, -0.7650845646858215, 0.643930196762085),
            ["RightUpperLeg"] = CFrame.new(0, 1.5925616025924683e-07, -6.72953319735825e-08, 0.9941582679748535, 0.08491124957799911, -0.0666300356388092, -0.09776659309864044, 0.4468901753425598, -0.8892306089401245, -0.045729368925094604, 0.8905499577522278, 0.45258089900016785),
            ["LeftLowerLeg"] = CFrame.new(-7.683411240577698e-09, -1.1920928955078125e-07, 9.12696123123169e-08, 1, 7.171183824539185e-08, 3.9115558791991134e-08, -6.705522537231445e-08, 0.581220269203186, 0.813746452331543, 4.0978193283081055e-08, -0.8137462735176086, 0.5812201499938965),
        }},
        {Time = 0.233, Data = {
            ["LeftFoot"] = CFrame.new(2.2817403078079224e-08, -5.960464477539063e-08, 2.2351741790771484e-08, 0.9940759539604187, 0.09035670012235641, 0.06040528789162636, -0.062284134328365326, 0.9290395975112915, -0.3647001087665558, -0.08907198160886765, 0.35877716541290283, 0.9291636943817139),
            ["LeftLowerArm"] = CFrame.new(2.384185791015625e-07, -1.7881393432617188e-07, -1.4901161193847656e-08, 1, 0, 1.862645149230957e-08, 2.421438694000244e-08, 0.9866191148757935, -0.1630420684814453, -3.725290298461914e-09, 0.1630420833826065, 0.9866191148757935),
            ["RightUpperArm"] = CFrame.new(0, 0, 2.682209014892578e-07, 0.9719023704528809, -0.2269253432750702, -0.06253509968519211, 0.016298167407512665, 0.32991132140159607, -0.9438711404800415, 0.23481936752796173, 0.9163314700126648, 0.3243401348590851),
            ["Head"] = CFrame.new(7.450580596923828e-09, 2.384185791015625e-07, 1.471489667892456e-07, 0.9916183948516846, -0.030103245750069618, -0.12564599514007568, -0.048130832612514496, 0.8164131045341492, -0.575458824634552, 0.11990223824977875, 0.5766831040382385, 0.8081215023994446),
            ["RightHand"] = CFrame.new(1.043081283569336e-07, 5.960464477539063e-08, 4.470348358154297e-08, 0.8883587718009949, -0.45670285820961, -0.047345057129859924, 0.344268262386322, 0.7307637333869934, -0.5894606709480286, 0.3038061261177063, 0.507352888584137, 0.8064084649085999),
            ["UpperTorso"] = CFrame.new(-5.122274160385132e-09, -1.1920928955078125e-07, -1.1415977496653795e-07, 0.9971574544906616, -0.017808755859732628, 0.07321108877658844, 0.0017016604542732239, 0.9767407178878784, 0.21441730856895447, -0.07532674819231033, -0.21368321776390076, 0.9739946126937866),
            ["HumanoidRootPart"] = CFrame.new(0, 0, 0, 1, 0, 0, 0, 1, 0, 0, 0, 1),
            ["LeftUpperLeg"] = CFrame.new(0, -3.725290298461914e-09, -1.3597309589385986e-07, 0.9955757856369019, -0.0875096544623375, -0.034221626818180084, -0.003837647382169962, 0.32603034377098083, -0.9453515410423279, 0.09388469159603119, 0.9413002729415894, 0.3242519199848175),
            ["LeftUpperArm"] = CFrame.new(-2.384185791015625e-07, 3.5762786865234375e-07, 2.2351741790771484e-07, 0.9925675988197327, -0.047774337232112885, -0.11192569881677628, -0.1038571149110794, -0.8119210600852966, -0.5744545459747314, -0.06343065947294235, 0.5818091630935669, -0.8108481168746948),
            ["RightLowerArm"] = CFrame.new(-1.1920928955078125e-07, -1.1920928955078125e-07, -1.2293457984924316e-07, 1, -5.2154071283894154e-08, 3.6321573304576305e-08, 3.91155481338501e-08, 0.7082414031028748, -0.705970287322998, 4.0978193283081055e-08, 0.7059703469276428, 0.7082415223121643),
            ["LeftHand"] = CFrame.new(-7.450580596923828e-08, -2.980232238769531e-07, 8.940696716308594e-08, 0.9661265015602112, 0.2577067017555237, 0.013674172572791576, -0.256571888923645, 0.953472912311554, 0.15830396115779877, 0.027758069336414337, -0.15645021200180054, 0.9872958064079285),
            ["RightFoot"] = CFrame.new(-4.6100467443466187e-08, 3.5762786865234375e-07, -3.4269760362803936e-09, 0.9987515807151794, -0.042975954711437225, 0.025464331731200218, 0.049243852496147156, 0.9326596856117249, -0.3573804199695587, -0.008390768431127071, 0.3581884503364563, 0.9336117506027222),
            ["LowerTorso"] = CFrame.new(0.012561149895191193, -0.21869075298309326, 0.3000108003616333, 0.9985204935073853, -0.044813014566898346, 0.03079972229897976, 0.02089061215519905, 0.8390901684761047, 0.5435911417007446, -0.05020369961857796, -0.5421434044837952, 0.83878493309021),
            ["RightLowerLeg"] = CFrame.new(5.192123353481293e-08, 3.5762786865234375e-07, -3.892637323588133e-09, 1, -1.1874364247432823e-07, -5.6810691262398905e-08, 1.1362135410308838e-07, 0.6047579050064087, 0.7964090704917908, -5.681067705154419e-08, -0.7964094877243042, 0.6047583818435669),
            ["RightUpperLeg"] = CFrame.new(0, 4.470348358154297e-08, 4.1145540308207273e-08, 0.9901546835899353, 0.0682121142745018, -0.12223328649997711, -0.13931334018707275, 0.39521417021751404, -0.9079635739326477, -0.013625804334878922, 0.9160529375076294, 0.40082573890686035),
            ["LeftLowerLeg"] = CFrame.new(-4.656612873077393e-10, 1.1920928955078125e-07, 1.3224780559539795e-07, 1, 8.102509241325606e-08, 3.725290653733282e-08, -7.264316082000732e-08, 0.5253499746322632, 0.8508862257003784, 4.284083843231201e-08, -0.8508862853050232, 0.5253499746322632),
        }},
        {Time = 0.267, Data = {
            ["LeftFoot"] = CFrame.new(1.909211277961731e-08, 0, -2.0489096641540527e-08, 0.9913451075553894, 0.11348605901002884, 0.0659986287355423, -0.07968476414680481, 0.9196822047233582, -0.384493350982666, -0.10433243215084076, 0.3759065270423889, 0.9207654595375061),
            ["LeftLowerArm"] = CFrame.new(-5.960464477539063e-08, 1.1920928955078125e-07, -8.940696716308594e-08, 1, -9.313224857976365e-09, 3.7252894102834944e-09, 2.2351745343485163e-08, 0.9999867081642151, -0.0051565044559538364, -1.4901162970204496e-08, 0.005156450439244509, 0.9999867677688599),
            ["RightUpperArm"] = CFrame.new(0, 1.1920928955078125e-07, -2.8312206268310547e-07, 0.9765943288803101, -0.1750364601612091, -0.12500382959842682, 0.011438348330557346, 0.6226109266281128, -0.7824479341506958, 0.21478569507598877, 0.7627043128013611, 0.6100404858589172),
            ["Head"] = CFrame.new(-7.450580596923828e-09, 1.1920928955078125e-07, -1.6298145055770874e-07, 0.9877301454544067, -0.026194874197244644, -0.15395791828632355, -0.08979225903749466, 0.7113310098648071, -0.6970977783203125, 0.12777546048164368, 0.7023688554763794, 0.7002511620521545),
            ["RightHand"] = CFrame.new(-5.4016709327697754e-08, 0, 1.341104507446289e-07, 0.8732732534408569, -0.47822219133377075, -0.09326135367155075, 0.3812618851661682, 0.789888322353363, -0.4803287386894226, 0.3033697307109833, 0.3839012384414673, 0.872116208076477),
            ["UpperTorso"] = CFrame.new(3.026798367500305e-09, -2.9802322387695312e-08, 1.5657860785722733e-07, 0.9974759221076965, -0.021769994869828224, 0.06758713722229004, 0.0061066849157214165, 0.9746156334877014, 0.22380149364471436, -0.07074365764856339, -0.22282390296459198, 0.9722884893417358),
            ["HumanoidRootPart"] = CFrame.new(0, 0, 0, 1, 0, 0, 0, 1, 0, 0, 0, 1),
            ["LeftUpperLeg"] = CFrame.new(5.960464477539063e-08, -1.210719347000122e-07, 2.421438694000244e-08, 0.9941741824150085, -0.09828508645296097, -0.044248536229133606, -0.021735990419983864, 0.2192763388156891, -0.9754207134246826, 0.10557196289300919, 0.9706997871398926, 0.2158624678850174),
            ["LeftUpperArm"] = CFrame.new(0, 3.5762786865234375e-07, 5.21540641784668e-08, 0.9846341609954834, -0.07925821095705032, -0.15560810267925262, -0.11273568123579025, -0.969011127948761, -0.21979095041751862, -0.13336583971977234, 0.23395638167858124, -0.9630566239356995),
            ["RightLowerArm"] = CFrame.new(-8.940696716308594e-08, 1.1920928955078125e-07, 1.5366822481155396e-08, 1, -4.610044967989779e-08, 9.313223525708736e-10, 8.189817890524864e-08, 0.817101240158081, -0.5764942765235901, 1.30385160446167e-08, 0.5764941573143005, 0.8171011805534363),
            ["LeftHand"] = CFrame.new(1.1920928955078125e-07, 2.384185791015625e-07, 0, 0.9490426182746887, 0.27623075246810913, 0.15170611441135406, -0.24313342571258545, 0.9480360150337219, -0.20521636307239532, -0.20050987601280212, 0.15787440538406372, 0.9668875932693481),
            ["RightFoot"] = CFrame.new(-2.3283064365386963e-10, 4.172325134277344e-07, 4.7330104280263186e-08, 0.99713134765625, -0.06966309249401093, 0.02960042469203472, 0.07568973302841187, 0.9199770092964172, -0.38459497690200806, -0.0004396243020892143, 0.38573238253593445, 0.9226108193397522),
            ["LowerTorso"] = CFrame.new(0.020400241017341614, -0.25916314125061035, 0.3045843839645386, 0.9977290034294128, -0.056384626775979996, 0.0368461012840271, 0.024477610364556313, 0.8131529092788696, 0.581535279750824, -0.0627511590719223, -0.5793126821517944, 0.8126864433288574),
