return {
    ["Surround"] = {
        {Time = 0.000, Data = {
            ["RightFoot"] = CFrame.new(-1.648440957069397e-07, 2.980232238769531e-07, -4.300818545743823e-08, 0.9984256029129028, 0.055615514516830444, 0.007302360143512487, -0.05372582748532295, 0.9855738282203674, -0.16049234569072723, -0.016122886911034584, 0.15984755754470825, 0.9870101809501648),
            ["LeftLowerArm"] = CFrame.new(-2.384185791015625e-07, 2.980232238769531e-07, 1.3969838619232178e-07, 0.9999849796295166, -0.002375686541199684, -0.004948705900460482, 0.0006475301343016326, 0.9462569952011108, -0.3234151303768158, 0.005451135337352753, 0.32340705394744873, 0.9462442994117737),
            ["RightUpperArm"] = CFrame.new(-1.7881393432617188e-07, 0, -1.1920928955078125e-07, -0.11228103190660477, -0.9681467413902283, -0.22379669547080994, 0.8157960176467896, 0.03877607360482216, -0.5770385265350342, 0.5673357844352722, -0.24736285209655762, 0.7854563593864441),
            ["Head"] = CFrame.new(0, -2.384185791015625e-07, 5.960464477539063e-08, 0.9068294763565063, 0.4066372811794281, -0.11093475669622421, -0.3109357953071594, 0.8230665326118469, 0.47526904940605164, 0.2845686972141266, -0.3964942395687103, 0.8728190064430237),
            ["RightHand"] = CFrame.new(0, -5.364418029785156e-07, -2.086162567138672e-07, 0.694286048412323, 0.45288142561912537, -0.5593437552452087, -0.37892553210258484, 0.890770673751831, 0.2508845925331116, 0.6118679046630859, 0.03776394575834274, 0.790057897567749),
            ["UpperTorso"] = CFrame.new(-2.9802322387695312e-08, -2.9802322387695312e-08, 7.82310962677002e-08, 0.9829365015029907, 0.0034179692156612873, -0.18391354382038116, -0.058291032910346985, 0.9540854096412659, -0.2938080430030823, 0.17446503043174744, 0.29951515793800354, 0.9380046129226685),
            ["HumanoidRootPart"] = CFrame.new(0, 0, 0, 1, 0, 0, 0, 1, 0, 0, 0, 1),
            ["RightUpperLeg"] = CFrame.new(0, -2.7567148208618164e-07, 4.766479833051562e-08, 0.9743224382400513, 0.15257486701011658, -0.16558019816875458, -0.19545596837997437, 0.9382032752037048, -0.28560754656791687, 0.11177137494087219, 0.3106372654438019, 0.9439340233802795),
            ["LeftUpperArm"] = CFrame.new(0, -3.5762786865234375e-07, -2.9802322387695312e-08, 0.8739383816719055, 0.44896072149276733, -0.18618810176849365, -0.36381995677948, 0.8582895994186401, 0.36190328001976013, 0.32228371500968933, -0.24854224920272827, 0.9134330749511719),
            ["RightLowerArm"] = CFrame.new(1.7881393432617188e-07, -1.1920928955078125e-07, 5.662441253662109e-07, 0.999648928642273, 0.023603765293955803, 0.012042793445289135, 0.023269305005669594, -0.5645186305046082, -0.8250922560691833, -0.01267694216221571, 0.8250827789306641, -0.5648697018623352),
            ["LeftHand"] = CFrame.new(5.960464477539063e-08, -1.1920928955078125e-07, 1.1920928955078125e-07, 0.9865760207176208, 0.11722934246063232, -0.11368930339813232, -0.1008710265159607, 0.9849591255187988, 0.14028754830360413, 0.12842512130737305, -0.12693630158901215, 0.9835619926452637),
            ["LeftFoot"] = CFrame.new(7.450580596923828e-08, -1.1920928955078125e-07, 6.216578185558319e-08, 0.9534937143325806, -0.024553272873163223, 0.30041131377220154, 0.1271008998155594, 0.9364826679229736, -0.326872855424881, -0.27330416440963745, 0.34985366463661194, 0.8960509300231934),
            ["LowerTorso"] = CFrame.new(0.4332008361816406, -0.16726815700531006, -0.4500495493412018, 0.8962582349777222, -0.22427889704704285, -0.3826488256454468, 0.2458776980638504, 0.9692695140838623, 0.007796243764460087, 0.3691413104534149, -0.10107225924730301, 0.9238609671592712),
            ["RightLowerLeg"] = CFrame.new(3.725290298461914e-08, -0.00012236833572387695, -0.00007749924407107756, 1, -7.078052988163108e-08, 1.6763802790364934e-08, 7.078051567077637e-08, 0.879281222820282, 0.47630247473716736, -2.2351741790771484e-08, -0.4763030707836151, 0.8792814612388611),
            ["LeftUpperLeg"] = CFrame.new(-1.1920928955078125e-07, -4.237517714500427e-08, 1.4435499906539917e-07, 0.8676317930221558, 0.4845707416534424, 0.1113835871219635, -0.49699801206588745, 0.8517237901687622, 0.16601057350635529, -0.014424131251871586, -0.19939358532428741, 0.9798133373260498),
            ["LeftLowerLeg"] = CFrame.new(-8.940696716308594e-08, 0.00012284517288208008, 0.00007733702659606934, 1, 1.1920931797249068e-07, 1.1175867342672063e-08, -4.097820394122209e-08, 0.7222238183021545, 0.691659152507782, 1.862645504502325e-08, -0.6916595101356506, 0.7222241163253784),
        }},
        {Time = 0.033, Data = {
            ["RightFoot"] = CFrame.new(-5.21540641784668e-08, 4.172325134277344e-07, -8.026108844205737e-08, 0.999201774597168, 0.026913560926914215, 0.029520010575652122, -0.020987726747989655, 0.9824556112289429, -0.18531186878681183, -0.033989809453487396, 0.18454469740390778, 0.9822363257408142),
            ["LeftLowerArm"] = CFrame.new(2.384185791015625e-07, 2.980232238769531e-07, -2.9802322387695312e-08, 0.999984860420227, -0.0023834765888750553, -0.004963867366313934, 0.0006274506449699402, 0.9449147582054138, -0.3273161053657532, 0.005470668897032738, 0.32730811834335327, 0.9449019432067871),
            ["RightUpperArm"] = CFrame.new(-4.172325134277344e-07, 0, 1.4901161193847656e-07, -0.09201597422361374, -0.9780069589614868, -0.1871778964996338, 0.7601229548454285, 0.05243745446205139, -0.6476600170135498, 0.6432310938835144, -0.20187313854694366, 0.7385804057121277),
            ["Head"] = CFrame.new(1.7136335372924805e-07, 3.5762786865234375e-07, 1.341104507446289e-07, 0.9271713495254517, 0.36995214223861694, -0.05906595289707184, -0.2987750172615051, 0.8252942562103271, 0.47919002175331116, 0.22602416574954987, -0.4266437590122223, 0.8757214546203613),
            ["RightHand"] = CFrame.new(8.940696716308594e-08, -5.960464477539063e-08, 2.086162567138672e-07, 0.6361739039421082, 0.4689359664916992, -0.6126840710639954, -0.4269680082798004, 0.8753958344459534, 0.22667261958122253, 0.6426360607147217, 0.11739325523376465, 0.7571246027946472),
            ["UpperTorso"] = CFrame.new(-2.9802322387695312e-08, -2.086162567138672e-07, 2.7939677238464355e-09, 0.9840453267097473, 0.007129640318453312, -0.1777748465538025, -0.06063191592693329, 0.9528241753578186, -0.297405481338501, 0.167267844080925, 0.30343934893608093, 0.9380544424057007),
            ["HumanoidRootPart"] = CFrame.new(0, 0, 0, 1, 0, 0, 0, 1, 0, 0, 0, 1),
            ["RightUpperLeg"] = CFrame.new(-1.4901161193847656e-07, -3.203749656677246e-07, -2.7922942535951734e-07, 0.9738126397132874, 0.16738702356815338, -0.1538524180650711, -0.20436571538448334, 0.9409881830215454, -0.2697702944278717, 0.09961733967065811, 0.2941477596759796, 0.950554370880127),
            ["LeftUpperArm"] = CFrame.new(-1.1920928955078125e-07, 1.1920928955078125e-07, 1.1920928955078125e-07, 0.8580194115638733, 0.4263833165168762, -0.2863563597202301, -0.26773887872695923, 0.8470905423164368, 0.4590790569782257, 0.43831339478492737, -0.3172300159931183, 0.8409795165061951),
            ["RightLowerArm"] = CFrame.new(2.980232238769531e-07, -3.5762786865234375e-07, 2.086162567138672e-07, 0.9996432662010193, 0.024008525535464287, 0.011701135896146297, 0.023845594376325607, -0.6049529910087585, -0.7959039807319641, -0.012029917910695076, 0.7958992123603821, -0.605309784412384),
            ["LeftHand"] = CFrame.new(5.960464477539063e-08, -1.7881393432617188e-07, 5.960464477539063e-08, 0.9895779490470886, 0.012306001037359238, -0.14347170293331146, 0.008925140835344791, 0.9891844987869263, 0.14640498161315918, 0.1437215656042099, -0.14615964889526367, 0.9787652492523193),
            ["LeftFoot"] = CFrame.new(7.264316082000732e-08, 5.960464477539063e-08, 1.3969838619232178e-09, 0.9146972298622131, 0.04194244369864464, 0.40195712447166443, 0.08361569792032242, 0.953438401222229, -0.2897644639015198, -0.395395427942276, 0.2986569404602051, 0.868600606918335),
            ["LowerTorso"] = CFrame.new(0.47898614406585693, -0.16207563877105713, -0.47813862562179565, 0.8761009573936462, -0.21259279549121857, -0.4327255189418793, 0.23342281579971313, 0.9723618626594543, -0.005119107663631439, 0.42185407876968384, -0.09652315825223923, 0.9015111923217773),
            ["RightLowerLeg"] = CFrame.new(-1.862645149230957e-08, -0.0001220703125, -0.00007746944174868986, 1, -1.303851746570217e-07, 6.332993507385254e-08, 8.195638656616211e-08, 0.8771032691001892, 0.4803013205528259, 8.102506399154663e-08, -0.4803018867969513, 0.8771036267280579),
            ["LeftUpperLeg"] = CFrame.new(-3.5762786865234375e-07, -1.955777406692505e-08, -1.1362135410308838e-07, 0.8771904110908508, 0.4568901062011719, 0.14761020243167877, -0.47625666856765747, 0.8669874668121338, 0.14667004346847534, -0.06096426397562027, -0.1989579200744629, 0.9781100153923035),
            ["LeftLowerLeg"] = CFrame.new(1.341104507446289e-07, 0.0001227259635925293, 0.00007743388414382935, 1, 7.450579175838357e-08, 2.5145718396402117e-08, -7.63684582238966e-08, 0.6716788411140442, 0.740842878818512, -3.725290742551124e-09, -0.7408424019813538, 0.6716784834861755),
        }},
        {Time = 0.067, Data = {
            ["RightFoot"] = CFrame.new(3.259629011154175e-09, 4.172325134277344e-07, -4.300818545743823e-08, 0.9980012774467468, -0.0011017656652256846, 0.06318436563014984, 0.013738187029957771, 0.9797166585922241, -0.19991658627986908, -0.06168253719806671, 0.20038533210754395, 0.9777736067771912),
            ["LeftLowerArm"] = CFrame.new(2.086162567138672e-07, -5.960464477539063e-08, -1.4901161193847656e-07, 0.9999843835830688, -0.0024246906396001577, -0.005040949676185846, 0.0005226358771324158, 0.937728762626648, -0.3473679721355438, 0.005569297820329666, 0.34735992550849915, 0.9377153515815735),
            ["RightUpperArm"] = CFrame.new(-5.960464477539063e-08, -4.76837158203125e-07, -1.1920928955078125e-07, -0.05392836034297943, -0.9897410273551941, -0.13230493664741516, 0.6959173679351807, 0.05776612088084221, -0.7157947421073914, 0.7160941362380981, -0.1306748390197754, 0.6856626868247986),
            ["Head"] = CFrame.new(1.4901161193847656e-07, -5.960464477539062e-07, -7.078051567077637e-08, 0.9544965028762817, 0.29409322142601013, 0.04945266619324684, -0.2844138741493225, 0.8478241562843323, 0.4475522041320801, 0.08969490975141525, -0.4412519037723541, 0.8928893804550171),
            ["RightHand"] = CFrame.new(2.682209014892578e-07, -1.7881393432617188e-07, -4.3213367462158203e-07, 0.6191259026527405, 0.41981229186058044, -0.6636571884155273, -0.404472291469574, 0.8948638439178467, 0.18873530626296997, 0.673116147518158, 0.15158000588417053, 0.7238357067108154),
            ["UpperTorso"] = CFrame.new(-8.940696716308594e-08, 2.9802322387695312e-08, 2.60770320892334e-08, 0.9865293502807617, 0.015096303075551987, -0.16288678348064423, -0.06350245326757431, 0.9529873132705688, -0.29628169536590576, 0.15075621008872986, 0.3026342988014221, 0.9411084651947021),
            ["HumanoidRootPart"] = CFrame.new(0, 0, 0, 1, 0, 0, 0, 1, 0, 0, 0, 1),
            ["RightUpperLeg"] = CFrame.new(2.384185791015625e-07, -4.5634806156158447e-07, -1.246298779733479e-07, 0.978864848613739, 0.17020735144615173, -0.11337190866470337, -0.19618281722068787, 0.9380834102630615, -0.2855030298233032, 0.05775746330618858, 0.301710307598114, 0.9516485333442688),
            ["LeftUpperArm"] = CFrame.new(1.7881393432617188e-07, -5.960464477539062e-07, -1.4901161193847656e-07, 0.8560838103294373, 0.37004515528678894, -0.36081463098526, -0.14022265374660492, 0.8382316827774048, 0.5269775390625, 0.4974517524242401, -0.40054255723953247, 0.7694852352142334),
            ["RightLowerArm"] = CFrame.new(-5.960464477539063e-08, 0, 4.917383193969727e-07, 0.9996384382247925, 0.024370763450860977, 0.01136372983455658, 0.0243536364287138, -0.6413594484329224, -0.766853928565979, -0.011400599032640457, 0.7668534517288208, -0.6417211294174194),
            ["LeftHand"] = CFrame.new(8.940696716308594e-08, -1.7881393432617188e-07, -1.434236764907837e-07, 0.9855768084526062, -0.09775608777999878, -0.13813813030719757, 0.11519990861415863, 0.9855087995529175, 0.12450499832630157, 0.12396516650915146, -0.1386227011680603, 0.9825560450553894),
            ["LeftFoot"] = CFrame.new(-3.3527612686157227e-08, 5.960464477539063e-08, -4.6566128730773926e-09, 0.8661276698112488, 0.07292475551366806, 0.4944738447666168, 0.008859233930706978, 0.9869037866592407, -0.16106659173965454, -0.4997444152832031, 0.14388500154018402, 0.8541389107704163),
            ["LowerTorso"] = CFrame.new(0.5085142254829407, -0.15712249279022217, -0.5021845102310181, 0.8392585515975952, -0.18851307034492493, -0.5100077986717224, 0.20855416357517242, 0.9778407216072083, -0.018244527280330658, 0.5021456480026245, -0.09105236083269119, 0.8599762916564941),
            ["RightLowerLeg"] = CFrame.new(-5.4016709327697754e-08, -0.00012224912643432617, -0.00007738003478152677, 1, -6.053595313915139e-08, 4.703177935994063e-08, 7.450581307466564e-08, 0.8642625212669373, 0.5030407309532166, -2.1187590348858976e-08, -0.5030410289764404, 0.8642628192901611),
            ["LeftUpperLeg"] = CFrame.new(-2.384185791015625e-07, -3.4458935260772705e-07, -4.0978193283081055e-08, 0.9004203677177429, 0.3968885540962219, 0.1781095415353775, -0.4211116135120392, 0.8979301452636719, 0.12800855934619904, -0.1091247946023941, -0.19026552140712738, 0.9756489396095276),
            ["LeftLowerLeg"] = CFrame.new(3.725290298461914e-08, 0.00012260675430297852, 0.0000773891806602478, 1, 4.470347647611561e-08, 4.6566128730773926e-08, -7.450580596923828e-08, 0.6098762154579163, 0.7924966812133789, 7.078051567077637e-08, -0.7924966812133789, 0.609876275062561),
        }},
        {Time = 0.100, Data = {
            ["RightFoot"] = CFrame.new(4.720641300082207e-08, 1.7881393432617188e-07, -2.8107024263590574e-08, 0.996279776096344, -0.020173368975520134, 0.08378424495458603, 0.03718167170882225, 0.9776922464370728, -0.20672544836997986, -0.07774484902620316, 0.209072083234787, 0.9748051166534424),
            ["LeftLowerArm"] = CFrame.new(1.4901161193847656e-07, -3.5762786865234375e-07, -1.4901161193847656e-07, 0.9999825954437256, -0.002587031340226531, -0.00531065883114934, 0.00012703055108431727, 0.9082127213478088, -0.4185088276863098, 0.005905912257730961, 0.4185008108615875, 0.908197283744812),
            ["RightUpperArm"] = CFrame.new(2.384185791015625e-07, -3.5762786865234375e-07, 2.980232238769531e-07, 0.013554227538406849, -0.9967339634895325, -0.07961016893386841, 0.6133226156234741, 0.07116841524839401, -0.7866197228431702, 0.7897162437438965, -0.03816443681716919, 0.6122838854789734),
            ["Head"] = CFrame.new(7.636845111846924e-08, 2.384185791015625e-07, 7.450580596923828e-09, 0.9625309705734253, 0.20531417429447174, 0.17714472115039825, -0.26142796874046326, 0.8761239647865295, 0.40504634380340576, -0.07203889638185501, -0.43618008494377136, 0.8969712257385254),
            ["RightHand"] = CFrame.new(-5.960464477539063e-08, 2.980232238769531e-07, -2.682209014892578e-07, 0.5977921485900879, 0.3682408034801483, -0.7120696902275085, -0.378055214881897, 0.9127745032310486, 0.1546511948108673, 0.7069079875946045, 0.17675238847732544, 0.6848648190498352),
            ["UpperTorso"] = CFrame.new(0, -2.682209014892578e-07, 0, 0.9881007671356201, 0.032527294009923935, -0.15032951533794403, -0.07572077214717865, 0.9536091089248657, -0.29136934876441956, 0.13387803733348846, 0.2992853820323944, 0.9447247982025146),
            ["HumanoidRootPart"] = CFrame.new(0, 0, 0, 1, 0, 0, 0, 1, 0, 0, 0, 1),
            ["RightUpperLeg"] = CFrame.new(1.7881393432617188e-07, -4.0978193283081055e-07, 1.1006341082975268e-07, 0.9822496175765991, 0.17749151587486267, -0.060685575008392334, -0.18755877017974854, 0.9340773224830627, -0.3038442134857178, 0.0027551595121622086, 0.3098328411579132, 0.9507870674133301),
            ["LeftUpperArm"] = CFrame.new(-2.384185791015625e-07, -2.384185791015625e-07, 1.4901161193847656e-07, 0.8376193046569824, 0.3207927942276001, -0.4421378970146179, -0.01340041309595108, 0.8212225437164307, 0.5704507231712341, 0.5460900068283081, -0.4718957543373108, 0.6921706199645996),
            ["RightLowerArm"] = CFrame.new(1.1920928955078125e-07, -2.384185791015625e-07, -2.2351741790771484e-07, 0.9996341466903687, 0.02470056340098381, 0.011027141474187374, 0.024809250608086586, -0.6747109293937683, -0.7376651167869568, -0.010780618526041508, 0.7376687526702881, -0.6750768423080444),
            ["LeftHand"] = CFrame.new(-4.470348358154297e-08, -7.748603820800781e-07, -5.960464477539063e-08, 0.9815093874931335, -0.1657404899597168, -0.09575715661048889, 0.17560504376888275, 0.9787495136260986, 0.10588864237070084, 0.07617222517728806, -0.12074612081050873, 0.98975670337677),
            ["LeftFoot"] = CFrame.new(8.568167686462402e-08, -1.7881393432617188e-07, -5.587935447692871e-09, 0.8266351222991943, 0.09806155413389206, 0.5541278123855591, -0.08681774139404297, 0.995134174823761, -0.04659251123666763, -0.5560010075569153, -0.009593294002115726, 0.8311267495155334),
            ["LowerTorso"] = CFrame.new(0.5306674838066101, -0.1535564661026001, -0.5230692028999329, 0.7965028882026672, -0.16949787735939026, -0.580390989780426, 0.1885981261730194, 0.9816591143608093, -0.027860842645168304, 0.5744684338569641, -0.08726939558982849, 0.8138612508773804),
            ["RightLowerLeg"] = CFrame.new(-9.057112038135529e-08, -0.00012224912643432617, -0.00007738003478152677, 1, -1.2002415417100565e-07, 1.8888391295490692e-08, 8.370261639356613e-08, 0.8538227677345276, 0.5205636620521545, 3.317836672067642e-08, -0.5205639004707336, 0.8538228869438171),
            ["LeftUpperLeg"] = CFrame.new(-3.5762786865234375e-07, -6.686896085739136e-07, 2.9802322387695312e-08, 0.9216152429580688, 0.34116682410240173, 0.18501566350460052, -0.36035630106925964, 0.9292458295822144, 0.08151909708976746, -0.14411361515522003, -0.14180098474025726, 0.9793487787246704),
            ["LeftLowerLeg"] = CFrame.new(1.6763806343078613e-08, 0.0001227855682373047, 0.00007733982056379318, 1, 1.043080928297968e-07, 2.9802318834981634e-08, -8.22474319761568e-08, 0.5166155099868774, 0.8562176823616028, 8.102507109697399e-08, -0.8562175631523132, 0.5166153311729431),
        }},
        {Time = 0.133, Data = {
            ["RightFoot"] = CFrame.new(-9.092036634683609e-08, 4.76837158203125e-07, -5.75528247281909e-09, 0.9955644607543945, -0.02887643314898014, 0.08954130858182907, 0.04722936451435089, 0.9765170216560364, -0.21019954979419708, -0.08136923611164093, 0.21349626779556274, 0.9735495448112488),
            ["LeftLowerArm"] = CFrame.new(-5.960464477539063e-08, 5.960464477539063e-08, -7.450580596923828e-08, 0.9999793171882629, -0.002912285039201379, -0.00574238458648324, -0.0006089621456339955, 0.8450837731361389, -0.5346336364746094, 0.006409801077097654, 0.5346260070800781, 0.8450645804405212),
            ["RightUpperArm"] = CFrame.new(0, 0, 1.7881393432617188e-07, 0.10367514193058014, -0.9932379722595215, -0.05224804952740669, 0.5133171677589417, 0.09842713177204132, -0.8525360822677612, 0.8519136309623718, 0.06156700477004051, 0.5200504660606384),
            ["Head"] = CFrame.new(-2.8870999813079834e-08, -2.384185791015625e-07, -2.60770320892334e-08, 0.9463515281677246, 0.12333371490240097, 0.29867660999298096, -0.23320536315441132, 0.9004881381988525, 0.3670646846294403, -0.22368331253528595, -0.41702505946159363, 0.8809402585029602),
            ["RightHand"] = CFrame.new(1.1920928955078125e-07, -1.7881393432617188e-07, -8.940696716308594e-08, 0.5663528442382812, 0.3360220193862915, -0.7525514364242554, -0.3593359887599945, 0.922426700592041, 0.14144501090049744, 0.7417021989822388, 0.19031107425689697, 0.643163800239563),
            ["UpperTorso"] = CFrame.new(-1.1920928955078125e-07, 2.9802322387695312e-08, 1.341104507446289e-07, 0.9878310561180115, 0.05671745538711548, -0.14482034742832184, -0.09607499092817307, 0.9547659754753113, -0.28141024708747864, 0.1223086565732956, 0.29189935326576233, 0.9485964775085449),
            ["HumanoidRootPart"] = CFrame.new(0, 0, 0, 1, 0, 0, 0, 1, 0, 0, 0, 1),
            ["RightUpperLeg"] = CFrame.new(5.960464477539063e-08, 7.450580596923828e-08, 4.300818545743823e-08, 0.9819803237915039, 0.1883532702922821, -0.015418373048305511, -0.18371634185314178, 0.9323033690452576, -0.31154271960258484, -0.04430519416928291, 0.30876120924949646, 0.9501071572303772),
            ["LeftUpperArm"] = CFrame.new(0, -1.1920928955078125e-07, 0, 0.7905299663543701, 0.31115707755088806, -0.5274879932403564, 0.08592262119054794, 0.7964426279067993, 0.5985788106918335, 0.6063659191131592, -0.5185176730155945, 0.6028763651847839),
            ["RightLowerArm"] = CFrame.new(2.980232238769531e-07, -6.556510925292969e-07, 2.384185791015625e-07, 0.9996296763420105, 0.025049928575754166, 0.01063661277294159, 0.025283662602305412, -0.7102305293083191, -0.7035149931907654, -0.010068546049296856, 0.7035233974456787, -0.7106008529663086),
            ["LeftHand"] = CFrame.new(-5.21540641784668e-08, -7.152557373046875e-07, 9.685754776000977e-08, 0.9805459976196289, -0.19509482383728027, -0.021622993052005768, 0.19627408683300018, 0.9731261134147644, 0.12042433023452759, -0.002452280605211854, -0.12232562899589539, 0.9924870133399963),
            ["LeftFoot"] = CFrame.new(2.2351741790771484e-08, -1.1920928955078125e-07, 5.587935447692871e-08, 0.8164358139038086, 0.12962737679481506, 0.5626978874206543, -0.15019330382347107, 0.9886078834533691, -0.009823370724916458, -0.5575613975524902, -0.07649341970682144, 0.8266043066978455),
            ["LowerTorso"] = CFrame.new(0.5484458804130554, -0.15136802196502686, -0.5404831767082214, 0.761962354183197, -0.1607782542705536, -0.6273466348648071, 0.17849557101726532, 0.9833105802536011, -0.035208676010370255, 0.62253737449646, -0.08515089005231857, 0.7779438495635986),
            ["RightLowerLeg"] = CFrame.new(-1.2014061212539673e-07, -0.00012236833572387695, -0.00007749924407107756, 1, -7.310883631816978e-08, 1.118750674322655e-07, 5.2852563214855763e-08, 0.8495956659317017, 0.5274337530136108, -1.816079198135867e-08, -0.5274345278739929, 0.8495962023735046),
            ["LeftUpperLeg"] = CFrame.new(-4.172325134277344e-07, -1.0058283805847168e-07, 2.60770320892334e-08, 0.9441349506378174, 0.2923578917980194, 0.15210629999637604, -0.29702821373939514, 0.9548314809799194, 0.00843092706054449, -0.14277103543281555, -0.05313989892601967, 0.988328218460083),
            ["LeftLowerLeg"] = CFrame.new(1.4901161193847656e-08, 0.0001227855682373047, 0.0000773727660998702, 1, 7.450580596923828e-08, 4.4703494239684005e-08, -3.166496753692627e-08, 0.3942265510559082, 0.919013500213623, 1.5032128430902958e-08, -0.9190133213996887, 0.3942263722419739),
        }},
        {Time = 0.167, Data = {
            ["RightFoot"] = CFrame.new(5.78584149479866e-08, 4.76837158203125e-07, -5.790934665128589e-08, 0.9957422614097595, -0.030829032883048058, 0.08687357604503632, 0.048806071281433105, 0.9758042097091675, -0.21312925219535828, -0.07820110768079758, 0.21646183729171753, 0.9731541872024536),
            ["LeftLowerArm"] = CFrame.new(1.1920928955078125e-07, 2.980232238769531e-07, -1.1362135410308838e-07, 0.9999755620956421, -0.003326914506033063, -0.00615757005289197, -0.0014746447559446096, 0.7598940134048462, -0.6500453352928162, 0.006841745693236589, 0.6500385403633118, 0.7598704099655151),
            ["RightUpperArm"] = CFrame.new(-5.960464477539063e-08, -2.384185791015625e-07, 3.8743019104003906e-07, 0.19633468985557556, -0.9783528447151184, -0.06541004776954651, 0.4000363349914551, 0.1408257782459259, -0.9056153297424316, 0.8952227830886841, 0.15163733065128326, 0.41902562975883484),
            ["Head"] = CFrame.new(6.51925802230835e-08, -3.5762786865234375e-07, 2.3469328880310059e-07, 0.9124233722686768, 0.05547332391142845, 0.40547025203704834, -0.20530246198177338, 0.9191263914108276, 0.3362407088279724, -0.3540264070034027, -0.3900379240512848, 0.8500211834907532),
            ["RightHand"] = CFrame.new(1.4901161193847656e-07, 4.172325134277344e-07, 1.1920928955078125e-07, 0.5310404896736145, 0.30276787281036377, -0.7914087176322937, -0.33066296577453613, 0.9339805841445923, 0.13543424010276794, 0.7801653742790222, 0.18976861238479614, 0.5960955619812012),
            ["UpperTorso"] = CFrame.new(-2.9802322387695312e-08, 4.172325134277344e-07, -1.4901161193847656e-08, 0.986014723777771, 0.08107184618711472, -0.145610511302948, -0.11790722608566284, 0.956821858882904, -0.2656877338886261, 0.1177835613489151, 0.279140442609787, 0.9529992938041687),
            ["HumanoidRootPart"] = CFrame.new(0, 0, 0, 1, 0, 0, 0, 1, 0, 0, 0, 1),
            ["RightUpperLeg"] = CFrame.new(2.384185791015625e-07, -1.601874828338623e-07, -6.129994289949536e-08, 0.980485200881958, 0.19609534740447998, 0.013983022421598434, -0.18215125799179077, 0.9329147338867188, -0.3106301426887512, -0.07395828515291214, 0.30202096700668335, 0.9504280686378479),
            ["LeftUpperArm"] = CFrame.new(-2.384185791015625e-07, -8.344650268554688e-07, 2.086162567138672e-07, 0.7336761951446533, 0.3378593623638153, -0.5895509719848633, 0.1416153609752655, 0.7725458741188049, 0.6189654469490051, 0.6645782589912415, -0.5376096367835999, 0.5189523696899414),
            ["RightLowerArm"] = CFrame.new(5.364418029785156e-07, -1.7881393432617188e-07, 1.1175870895385742e-07, 0.9996251463890076, 0.025420961901545525, 0.010173448361456394, 0.025777751579880714, -0.748438835144043, -0.6627026796340942, -0.009232334792613983, 0.6627164483070374, -0.7488134503364563),
            ["LeftHand"] = CFrame.new(-2.5564804673194885e-07, -2.980232238769531e-07, -7.450580596923828e-09, 0.9718945026397705, -0.22701208293437958, 0.06234323978424072, 0.2152281552553177, 0.9641205668449402, 0.15539780259132385, -0.09538357704877853, -0.1376122385263443, 0.9858827590942383),
            ["LeftFoot"] = CFrame.new(-9.313225746154785e-08, 0, 8.195638656616211e-08, 0.8364242911338806, 0.16577216982841492, 0.5224112272262573, -0.15793897211551666, 0.9856311678886414, -0.05988863855600357, -0.5248329639434814, -0.03241671994328499, 0.8505880236625671),
            ["LowerTorso"] = CFrame.new(0.5607864856719971, -0.1498507261276245, -0.5538557171821594, 0.7423648238182068, -0.158840149641037, -0.6508950591087341, 0.17424806952476501, 0.9838331341743469, -0.04135315492749214, 0.6469405889511108, -0.08271806687116623, 0.7580406069755554),
            ["RightLowerLeg"] = CFrame.new(-1.5040859580039978e-07, -0.00012230873107910156, -0.00007729062781436369, 1, -6.7986569263212e-08, 7.136258517448368e-08, 3.539026138810186e-08, 0.8481822609901428, 0.5297039151191711, 5.471520836408672e-08, -0.5297044515609741, 0.8481826186180115),
            ["LeftUpperLeg"] = CFrame.new(-1.7881393432617188e-07, 1.3783574104309082e-07, 7.450580596923828e-09, 0.9708526730537415, 0.22764627635478973, 0.07498309761285782, -0.22131966054439545, 0.9715694189071655, -0.08408524841070175, -0.0919932946562767, 0.06503916531801224, 0.9936333298683167),
            ["LeftLowerLeg"] = CFrame.new(7.450580596923828e-09, 0.00012254714965820312, 0.00007747858762741089, 1, 1.30385160446167e-07, 5.2154071283894154e-08, -7.636847243475131e-08, 0.26160475611686707, 0.9651750922203064, 1.4854597907287825e-07, -0.9651750922203064, 0.26160481572151184),
        }},
        {Time = 0.200, Data = {
            ["RightFoot"] = CFrame.new(-5.005858838558197e-09, 2.980232238769531e-07, 1.287116901949048e-08, 0.9964626431465149, -0.030119627714157104, 0.07845362275838852, 0.04658006131649017, 0.97499018907547, -0.21731199324131012, -0.06994608044624329, 0.2201976627111435, 0.9729443192481995),
            ["LeftLowerArm"] = CFrame.new(-3.5762786865234375e-07, 1.7881393432617188e-07, -1.564621925354004e-07, 0.9999719858169556, -0.003755461424589157, -0.006482166238129139, -0.002314705401659012, 0.6680499315261841, -0.7441129684448242, 0.007124902680516243, 0.7441070079803467, 0.6680225133895874),
            ["RightUpperArm"] = CFrame.new(0, -5.960464477539062e-07, 2.9802322387695312e-08, 0.2729780077934265, -0.9521372318267822, -0.13754236698150635, 0.2713417410850525, 0.21337109804153442, -0.9385342001914978, 0.9229609370231628, 0.21887819468975067, 0.31660017371177673),
            ["Head"] = CFrame.new(-2.60770320892334e-08, -2.384185791015625e-07, 2.2351741790771484e-08, 0.8701714277267456, 0.003864264115691185, 0.4927336275577545, -0.17856186628341675, 0.9344752430915833, 0.30801284313201904, -0.45925748348236084, -0.3560074269771576, 0.8138437867164612),
            ["RightHand"] = CFrame.new(-7.078051567077637e-08, 4.76837158203125e-07, -7.152557373046875e-07, 0.47964560985565186, 0.2516483664512634, -0.8406029939651489, -0.3098851144313812, 0.9448428750038147, 0.10603471100330353, 0.820921003818512, 0.20963136851787567, 0.5311717987060547),
            ["UpperTorso"] = CFrame.new(5.960464477539063e-08, 2.980232238769531e-07, 1.4901161193847656e-08, 0.9833102226257324, 0.10166677832603455, -0.15088039636611938, -0.13695120811462402, 0.9595561623573303, -0.24596020579338074, 0.11977238208055496, 0.2625182867050171, 0.9574647545814514),
            ["HumanoidRootPart"] = CFrame.new(0, 0, 0, 1, 0, 0, 0, 1, 0, 0, 0, 1),
            ["RightUpperLeg"] = CFrame.new(1.7881393432617188e-07, 7.897615432739258e-07, 5.045876605436206e-08, 0.9796395897865295, 0.19886164367198944, 0.027572963386774063, -0.18121223151683807, 0.9349744319915771, -0.3049345910549164, -0.08641979843378067, 0.2937292456626892, 0.951974093914032),
            ["LeftUpperArm"] = CFrame.new(5.960464477539063e-08, -8.344650268554688e-07, 1.4901161193847656e-07, 0.6847785115242004, 0.3875311315059662, -0.6171693205833435, 0.15755921602249146, 0.7481253743171692, 0.644580066204071, 0.711514949798584, -0.5386354327201843, 0.4512411057949066),
            ["RightLowerArm"] = CFrame.new(1.1920928955078125e-07, -4.76837158203125e-07, 4.246830940246582e-07, 0.9996218681335449, 0.02570256032049656, 0.009782951325178146, 0.026142867282032967, -0.7776572704315186, -0.6281446814537048, -0.008537130430340767, 0.6281628608703613, -0.7780351042747498),
            ["LeftHand"] = CFrame.new(-2.4586915969848633e-07, -6.556510925292969e-07, -1.7881393432617188e-07, 0.9499465227127075, -0.28054845333099365, 0.13745655119419098, 0.25326547026634216, 0.9491614699363708, 0.18694700300693512, -0.18291616439819336, -0.14277663826942444, 0.9727057814598083),
            ["LeftFoot"] = CFrame.new(-1.862645149230957e-08, 0, -1.6391277313232422e-07, 0.8522473573684692, 0.2196858823299408, 0.4747766852378845, -0.15157271921634674, 0.9723187685012817, -0.17782537639141083, -0.5006997585296631, 0.07958845049142838, 0.8619543313980103),
            ["LowerTorso"] = CFrame.new(0.5677149295806885, -0.1487041711807251, -0.5633161664009094, 0.7381876707077026, -0.15990649163722992, -0.6553693413734436, 0.1727043092250824, 0.9839202761650085, -0.04554235562682152, 0.6521137356758118, -0.07956628501415253, 0.7539343237876892),
            ["RightLowerLeg"] = CFrame.new(-2.3189932107925415e-07, -0.0001221299171447754, -0.00007746944174868986, 1, -1.0337685552030962e-07, 7.660124623498632e-08, 8.568168397005138e-08, 0.8474043607711792, 0.5309472680091858, 4.598405922706661e-08, -0.5309481620788574, 0.847404956817627),
            ["LeftUpperLeg"] = CFrame.new(-1.1920928955078125e-07, 6.705522537231445e-07, -2.60770320892334e-07, 0.9909403920173645, 0.13027586042881012, -0.032639335840940475, -0.13418540358543396, 0.970540463924408, -0.20011378824710846, 0.00560738006606698, 0.20268069207668304, 0.9792288541793823),
            ["LeftLowerLeg"] = CFrame.new(-5.21540641784668e-08, 0.00012284517288208008, 0.0000775754451751709, 1, 1.2572853336223488e-07, 8.940698847936801e-08, -8.195638656616211e-08, 0.13973891735076904, 0.9901884198188782, 1.2200325727462769e-07, -0.9901884198188782, 0.13973896205425262),
        }},
        {Time = 0.233, Data = {
            ["RightFoot"] = CFrame.new(1.6880221664905548e-08, 1.7881393432617188e-07, 2.4047039914876223e-08, 0.9974215030670166, -0.029287084937095642, 0.06551806628704071, 0.043313734233379364, 0.9735820889472961, -0.22419151663780212, -0.0572214275598526, 0.22645145654678345, 0.9723402261734009),
            ["LeftLowerArm"] = CFrame.new(-5.960464477539063e-08, 0, -2.2351741790771484e-08, 0.9999687075614929, -0.0041672345250844955, -0.006721518002450466, -0.003085144329816103, 0.5770183801651001, -0.8167253136634827, 0.007281930185854435, 0.8167205452919006, 0.576987624168396),
            ["RightUpperArm"] = CFrame.new(-5.960464477539063e-08, -5.960464477539062e-07, -8.940696716308594e-08, 0.3201998472213745, -0.9148051142692566, -0.24617822468280792, 0.1305774450302124, 0.2999977767467499, -0.9449607133865356, 0.9383078813552856, 0.2704310119152069, 0.21551211178302765),
            ["Head"] = CFrame.new(4.0978193283081055e-08, -3.5762786865234375e-07, 1.4901161193847656e-08, 0.8293284773826599, -0.030733419582247734, 0.5579153895378113, -0.14867307245731354, 0.9503556489944458, 0.2733505368232727, -0.5386192202568054, -0.30964434146881104, 0.7835878729820251),
            ["RightHand"] = CFrame.new(2.384185791015625e-07, 3.5762786865234375e-07, -4.470348358154297e-07, 0.39267727732658386, 0.17839735746383667, -0.9022077918052673, -0.2874314486980438, 0.9556695818901062, 0.06386673450469971, 0.8736062049865723, 0.23424400389194489, 0.42654669284820557),
            ["UpperTorso"] = CFrame.new(2.9802322387695312e-08, 5.960464477539063e-08, 1.564621925354004e-07, 0.9800949096679688, 0.11939894407987595, -0.15861272811889648, -0.15364165604114532, 0.9621447324752808, -0.2251039743423462, 0.12573117017745972, 0.2449926882982254, 0.9613377451896667),
            ["HumanoidRootPart"] = CFrame.new(0, 0, 0, 1, 0, 0, 0, 1, 0, 0, 0, 1),
            ["RightUpperLeg"] = CFrame.new(5.364418029785156e-07, -8.754432201385498e-08, 5.75528247281909e-09, 0.9795262813568115, 0.1994294673204422, 0.0274987630546093, -0.18258413672447205, 0.9375941157341003, -0.29594001173973083, -0.08480186015367508, 0.28485992550849915, 0.9548106789588928),
            ["LeftUpperArm"] = CFrame.new(0, -9.5367431640625e-07, 2.9802322387695312e-08, 0.6503766179084778, 0.44894278049468994, -0.6127484440803528, 0.1455201953649521, 0.7180824875831604, 0.6805742979049683, 0.7455428838729858, -0.5317968726158142, 0.4016939103603363),
            ["RightLowerArm"] = CFrame.new(4.172325134277344e-07, 5.960464477539063e-08, 1.4901161193847656e-08, 0.9996194839477539, 0.025910379365086555, 0.009469551965594292, 0.026406750082969666, -0.7994073033332825, -0.6002088785171509, -0.00798159558326006, 0.6002305746078491, -0.7997873425483704),
            ["LeftHand"] = CFrame.new(-1.1175870895385742e-08, -8.344650268554688e-07, 2.9802322387695312e-08, 0.9238103628158569, -0.33530697226524353, 0.18478040397167206, 0.2991977035999298, 0.9334266781806946, 0.19797880947589874, -0.23886260390281677, -0.12760894000530243, 0.9626322388648987),
            ["LeftFoot"] = CFrame.new(3.725290298461914e-08, 5.960464477539063e-08, -7.450580596923828e-09, 0.8364647030830383, 0.27666378021240234, 0.4730585217475891, -0.16194342076778412, 0.9494486451148987, -0.2689267098903656, -0.5235468149185181, 0.1483391374349594, 0.838983952999115),
            ["LowerTorso"] = CFrame.new(0.5711567401885986, -0.14859139919281006, -0.5692660808563232, 0.7464714050292969, -0.16272954642772675, -0.6452128291130066, 0.17444302141666412, 0.9835805296897888, -0.04624965786933899, 0.6421449184417725, -0.07802881300449371, 0.7626017332077026),
            ["RightLowerLeg"] = CFrame.new(4.0512531995773315e-08, -0.00012260675430297852, -0.00007749924407107756, 1, -1.0943045225531023e-07, 7.404014468193054e-08, 5.820768933517684e-08, 0.848115861415863, 0.5298103094100952, -1.746230715582442e-09, -0.5298109650611877, 0.8481161594390869),
            ["LeftUpperLeg"] = CFrame.new(2.9802322387695312e-08, -2.384185791015625e-07, 9.685754776000977e-08, 0.9906139373779297, 0.009310813620686531, -0.13637183606624603, -0.055320825427770615, 0.9396268129348755, -0.33769986033439636, 0.12499433755874634, 0.342074453830719, 0.9313223958015442),
            ["LeftLowerLeg"] = CFrame.new(2.9802322387695312e-08, 0.00012248754501342773, 0.00007733702659606934, 1, 9.313223614526578e-08, 8.940695295223122e-08, -5.960464477539063e-08, 0.04966842010617256, 0.9987658262252808, 9.313225746154785e-08, -0.998765766620636, 0.049668438732624054),
        }},
        {Time = 0.267, Data = {
            ["RightFoot"] = CFrame.new(-1.1757947504520416e-08, 4.76837158203125e-07, -6.535992724820971e-08, 0.9981823563575745, -0.029431430622935295, 0.05259205400943756, 0.04094067960977554, 0.9715273380279541, -0.23336322605609894, -0.04422620311379433, 0.23509232699871063, 0.9709664583206177),
            ["LeftLowerArm"] = CFrame.new(2.980232238769531e-07, 5.960464477539062e-07, 2.5331974029541016e-07, 0.9999659061431885, -0.004553178790956736, -0.006891559809446335, -0.003777854610234499, 0.4898444414138794, -0.8718016743659973, 0.007345271296799183, 0.8717980980873108, 0.4898105263710022),
            ["RightUpperArm"] = CFrame.new(-1.1920928955078125e-07, 1.1920928955078125e-07, -1.6391277313232422e-07, 0.3363404870033264, -0.8640275001525879, -0.3746085464954376, -0.0062035247683525085, 0.3957417607307434, -0.9183408617973328, 0.9417200088500977, 0.3111991584300995, 0.1277439445257187),
            ["Head"] = CFrame.new(2.0489096641540527e-08, -1.1920928955078125e-07, 5.960464477539063e-08, 0.7952641844749451, -0.04951482266187668, 0.6042376756668091, -0.10903109610080719, 0.9687286019325256, 0.22288407385349274, -0.5963783860206604, -0.24313227832317352, 0.7649964690208435),
            ["RightHand"] = CFrame.new(-5.960464477539063e-08, -2.980232238769531e-07, -8.940696716308594e-08, 0.2691028118133545, 0.08926603943109512, -0.9589657783508301, -0.2714724838733673, 0.9623529314994812, 0.01340118795633316, 0.9240597486495972, 0.2567264437675476, 0.28320497274398804),
            ["UpperTorso"] = CFrame.new(-1.1920928955078125e-07, 8.940696716308594e-08, 2.2351741790771484e-08, 0.9765269160270691, 0.1376148760318756, -0.16570253670215607, -0.17058777809143066, 0.9638067483901978, -0.20488157868385315, 0.13151051104068756, 0.22833915054798126, 0.9646586775779724),
            ["HumanoidRootPart"] = CFrame.new(0, 0, 0, 1, 0, 0, 0, 1, 0, 0, 0, 1),
            ["RightUpperLeg"] = CFrame.new(-1.1920928955078125e-07, -2.123415470123291e-07, 1.5476689441129565e-07, 0.9793435335159302, 0.20162005722522736, 0.015350498259067535, -0.1889522522687912, 0.9395521879196167, -0.28554999828338623, -0.07199524343013763, 0.2767508625984192, 0.9582408666610718),
            ["LeftUpperArm"] = CFrame.new(-1.1920928955078125e-07, -4.76837158203125e-07, 2.9802322387695312e-08, 0.6299077272415161, 0.511799156665802, -0.5841899514198303, 0.11728943139314651, 0.6808612942695618, 0.7229599356651306, 0.7677626013755798, -0.5239174365997314, 0.3688512146472931),
            ["RightLowerArm"] = CFrame.new(5.960464477539063e-08, -2.980232238769531e-07, 2.682209014892578e-07, 0.9996181726455688, 0.02602938376367092, 0.00927797146141529, 0.026554938405752182, -0.8119539022445679, -0.5831171274185181, -0.007644847966730595, 0.5831409692764282, -0.8123350739479065),
            ["LeftHand"] = CFrame.new(-1.7136335372924805e-07, -3.5762786865234375e-07, 7.450580596923828e-08, 0.9090591669082642, -0.3635055422782898, 0.20365476608276367, 0.3289106786251068, 0.926096498966217, 0.1848324090242386, -0.255791574716568, -0.10103929787874222, 0.9614372849464417),
            ["LeftFoot"] = CFrame.new(0, 0, -3.5390257835388184e-08, 0.7863638401031494, 0.29051148891448975, 0.5451930165290833, -0.17758527398109436, 0.9515798687934875, -0.25091710686683655, -0.5916886925697327, 0.10049371421337128, 0.7998781800270081),
