return {
    ["Susie"] = {
        {Time = 0.000, Data = {
            ["RightFoot"] = CFrame.new(5.980837158858776e-08, -5.960464477539063e-08, 3.5579432733356953e-09, 0.9995095729827881, -0.0020100781694054604, 0.03125281631946564, 0.0013031020062044263, 0.9997432231903076, 0.022625965997576714, -0.031290482729673386, -0.022574368864297867, 0.9992554187774658),
            ["LeftLowerArm"] = CFrame.new(-2.384185791015625e-07, 2.384185791015625e-07, 0.00000426173210144043, 1, -6.70552182668871e-08, 8.195636524988004e-08, 9.313225746154785e-08, -0.02346121519804001, -0.9997247457504272, 7.450580596923828e-08, 0.999724805355072, -0.023461205884814262),
            ["RightUpperArm"] = CFrame.new(0.0014323592185974121, 0.09887576103210449, 0.014883920550346375, 0.2717173397541046, -0.6805598735809326, 0.680446982383728, 0.9546424150466919, 0.10114213079214096, -0.2800506353378296, 0.12176928669214249, 0.725678026676178, 0.6771732568740845),
            ["Head"] = CFrame.new(1.1175870895385742e-08, -1.1920928955078125e-07, -7.450580596923828e-09, 0.9416744709014893, -0.046728212386369705, 0.3332652449607849, 0.05809488892555237, 0.9980173110961914, -0.024217767640948296, -0.331472784280777, 0.042166098952293396, 0.9425221085548401),
            ["RightHand"] = CFrame.new(-7.450580596923828e-08, -5.960464477539063e-08, 0, 0.23455947637557983, 0.10939901322126389, -0.9659262895584106, 0.23645275831222534, 0.9573837518692017, 0.1658502221107483, 0.9429061412811279, -0.2672978639602661, 0.19869586825370789),
            ["UpperTorso"] = CFrame.new(-7.101874643922201e-12, 2.384185791015625e-07, -1.6040502259784262e-12, 0.9407406449317932, 0.03711487725377083, -0.33708977699279785, 0.01432344876229763, 0.9887576699256897, 0.14883945882320404, 0.3388242721557617, -0.14484760165214539, 0.9296329021453857),
            ["HumanoidRootPart"] = CFrame.new(0, 0, 0, 1, 0, 0, 0, 1, 0, 0, 0, 1),
            ["RightUpperLeg"] = CFrame.new(-2.9802322387695312e-08, 5.266517177915375e-07, -3.317836672067642e-08, 0.9573485255241394, -0.03831414133310318, -0.28638404607772827, 0.0007214869256131351, 0.9914829134941101, -0.1302347332239151, 0.28893470764160156, 0.12447327375411987, 0.9492224454879761),
            ["LeftUpperArm"] = CFrame.new(0.0014322996139526367, 0.09887588024139404, 0.014883920550346375, 0.24404682219028473, 0.7939671874046326, -0.5568278431892395, -0.9554907083511353, 0.09871669113636017, -0.2780153453350067, -0.16576682031154633, 0.5998925566673279, 0.7827197909355164),
            ["RightLowerArm"] = CFrame.new(-2.086162567138672e-07, -1.7881393432617188e-07, -0.00000432133674621582, 1, -0.00001427903953299392, 0.000014208259017323144, 0.000014252960681915283, 0.002665508771315217, -0.9999964833259583, 0.000014193356037139893, 0.9999964833259583, 0.0026654789689928293),
            ["LeftHand"] = CFrame.new(8.568167686462402e-07, 5.960464477539063e-08, 5.960464477539063e-08, 0.10938160121440887, -0.23456956446170807, 0.9659258723258972, 0.41075149178504944, 0.8955736756324768, 0.1709713190793991, -0.9051624536514282, 0.37805426120758057, 0.19430910050868988),
            ["LeftFoot"] = CFrame.new(1.4421175364986993e-09, -1.7881393432617188e-07, -1.816624717321247e-08, 0.9945172667503357, 0.09542357176542282, 0.042776938527822495, -0.10109717398881912, 0.9819290041923523, 0.159983828663826, -0.02673756331205368, -0.1634313017129898, 0.9861923456192017),
            ["LowerTorso"] = CFrame.new(0.00020399317145347595, 0.04088234901428223, -1.1337000782596363e-10, 0.8191519975662231, 9.685754776000977e-08, 0.5735765695571899, -1.043081283569336e-07, 1, -2.60770320892334e-08, -0.5735765695571899, -2.812531363360904e-08, 0.8191519975662231),
            ["RightLowerLeg"] = CFrame.new(5.448237061500549e-08, 1.1920928955078125e-07, 2.4047039914876223e-08, 1, -2.153684119932109e-09, -3.721289942859585e-08, 6.461050361394882e-09, 0.9809985756874084, 0.19401493668556213, 7.860944606363773e-08, -0.19401489198207855, 0.9809986352920532),
            ["LeftUpperLeg"] = CFrame.new(5.960464477539063e-08, 4.270609395007341e-07, -1.657902259921684e-08, 0.9803721308708191, 0.06888130307197571, 0.18473219871520996, 0.09257849305868149, 0.6664236783981323, -0.7398032546043396, -0.17406855523586273, 0.7423846125602722, 0.6469661593437195),
            ["LeftLowerLeg"] = CFrame.new(-4.470348358154297e-08, 0, -1.4901161193847656e-07, 1, 7.450580596923828e-09, -1.5273685960437433e-07, 2.9802318834981634e-08, 0.32626208662986755, 0.9452794194221497, 3.725289943190546e-08, -0.9452793598175049, 0.3262619376182556),
        }},
        {Time = 0.233, Data = {
            ["RightFoot"] = CFrame.new(3.10355972032994e-08, 5.960464477539063e-08, 2.064189175143838e-08, 0.9928601384162903, -0.09526076167821884, -0.07179290056228638, 0.1110171228647232, 0.9581083059310913, 0.26401442289352417, 0.04363517090678215, -0.2700999677181244, 0.9618430733680725),
            ["LeftLowerArm"] = CFrame.new(2.9802322387695312e-08, 2.980232238769531e-07, 0.0000041425228118896484, 1, -6.332992796842518e-08, 1.1175868053214799e-07, 8.195637946073475e-08, -0.02346121147274971, -0.999724805355072, 7.823108916227284e-08, 0.999724805355072, -0.02346121333539486),
            ["RightUpperArm"] = CFrame.new(-0.010623335838317871, 0.098105788230896, 0.016197264194488525, 0.15006530284881592, -0.6221718192100525, 0.7683637142181396, 0.9822665452957153, 0.00547274574637413, -0.1874101161956787, 0.11239627003669739, 0.782861590385437, 0.61195969581604),
            ["Head"] = CFrame.new(1.4901161193847656e-08, -2.384185791015625e-07, 2.2351741790771484e-08, 0.9398183822631836, -0.10623370110988617, -0.32473960518836975, 0.04586808383464813, 0.981060266494751, -0.1881938874721527, 0.3385816812515259, 0.1619728058576584, 0.9268911480903625),
            ["RightHand"] = CFrame.new(-7.152557373046875e-07, 0, 2.5331974029541016e-07, 0.1931723952293396, 0.2776714563369751, -0.9410541653633118, -0.36744460463523865, 0.9097951650619507, 0.19302180409431458, 0.9097630977630615, 0.308498740196228, 0.27777621150016785),
            ["UpperTorso"] = CFrame.new(-1.3378164354094224e-08, 1.4901161193847656e-07, -8.465465661799954e-09, 0.9661188125610352, 0.23040249943733215, 0.11631518602371216, -0.25271886587142944, 0.9360021352767944, 0.2450171709060669, -0.05241866782307625, -0.26611068844795227, 0.9625162482261658),
            ["HumanoidRootPart"] = CFrame.new(0, 0, 0, 1, 0, 0, 0, 1, 0, 0, 0, 1),
            ["RightUpperLeg"] = CFrame.new(-5.960464477539063e-08, 5.174615580472164e-07, -7.620110409334302e-08, 0.8823077082633972, -0.15017542243003845, -0.44607239961624146, -0.21629363298416138, 0.7123681306838989, -0.6676445603370667, 0.41803160309791565, 0.6855501532554626, 0.5960455536842346),
            ["LeftUpperArm"] = CFrame.new(-0.01062321662902832, 0.09810543060302734, 0.016197234392166138, 0.35529276728630066, 0.8226043581962585, -0.4439471960067749, -0.9129963517189026, 0.20351044833660126, -0.3535833954811096, -0.2005114108324051, 0.5309478044509888, 0.8233405947685242),
            ["RightLowerArm"] = CFrame.new(0, -2.384185791015625e-07, -0.000004116445779800415, 1, -0.000014275314242695458, 0.000014198945791576989, 0.000014267861843109131, 0.0026655124966055155, -0.9999964833259583, 0.000014215707778930664, 0.999996542930603, 0.002665445441380143),
            ["LeftHand"] = CFrame.new(5.513429641723633e-07, -1.1920928955078125e-07, 7.450580596923828e-08, 0.3688695430755615, -0.19396159052848816, 0.9090182185173035, -0.3101118505001068, 0.896264910697937, 0.3170803189277649, -0.876222550868988, -0.39885857701301575, 0.270455002784729),
            ["LeftFoot"] = CFrame.new(2.0489096641540527e-08, -5.960464477539063e-08, 4.470348358154297e-08, 0.9985491633415222, -0.044838257133960724, -0.029821010306477547, 0.03575029969215393, 0.9661311507225037, -0.25556331872940063, 0.0402701161801815, 0.25412628054618835, 0.9663323163986206),
            ["LowerTorso"] = CFrame.new(-0.01971989870071411, -0.0008609294891357422, -1.1568157542996005e-10, 0.8067073225975037, -0.17364829778671265, -0.5648625493049622, 0.1422443687915802, 0.9848077297210693, -0.09960055351257324, 0.5735764503479004, -2.5701069716888014e-08, 0.8191520571708679),
            ["RightLowerLeg"] = CFrame.new(2.2351741790771484e-08, 2.980232238769531e-07, -1.8829450709745288e-07, 1, -3.948805726849969e-07, -2.9057270012344816e-07, 4.0233129539046786e-07, 0.2001558244228363, 0.9797641038894653, -1.937150670983101e-07, -0.9797640442848206, 0.20015616714954376),
            ["LeftUpperLeg"] = CFrame.new(-5.960464477539063e-08, 2.648506267632911e-07, 2.9802322387695312e-08, 0.9386239647865295, 0.2609105110168457, 0.22563450038433075, -0.20886749029159546, 0.9504666924476624, -0.23019017279148102, -0.27451708912849426, 0.16893428564071655, 0.9466264843940735),
            ["LeftLowerLeg"] = CFrame.new(-1.4901161193847656e-08, 1.1920928955078125e-07, 8.195638656616211e-08, 1, 6.332993507385254e-08, -4.6566128730773926e-08, 1.1175870895385742e-08, 0.8522255420684814, 0.5231746435165405, -6.426125764846802e-08, -0.5231746435165405, 0.8522255420684814),
        }},
        {Time = 0.433, Data = {
            ["RightFoot"] = CFrame.new(-8.698407327756286e-09, 0, -1.6087142284959555e-08, 0.9331459999084473, -0.2530902922153473, -0.25531190633773804, 0.2622673213481903, 0.9649932980537415, 0.001971125602722168, 0.24587510526180267, -0.0687994509935379, 0.9668567776679993),
            ["LeftLowerArm"] = CFrame.new(-1.1920928955078125e-07, 3.5762786865234375e-07, 0.00000426173210144043, 1, -2.4214383387288763e-08, 9.685753354915505e-08, 7.450580596923828e-08, -0.023461218923330307, -0.9997247457504272, 1.3224780559539795e-07, 0.9997247457504272, -0.02346121147274971),
            ["RightUpperArm"] = CFrame.new(5.960464477539063e-08, 3.5762786865234375e-07, -1.1920928955078125e-07, 0.9848161339759827, -0.11660713702440262, 0.12860773503780365, 0.13455095887184143, 0.9808196425437927, -0.14102816581726074, -0.10969617962837219, 0.1561911404132843, 0.9816166758537292),
            ["Head"] = CFrame.new(-2.2351741790771484e-08, 2.384185791015625e-07, -1.4901161193847656e-08, 0.9999189972877502, -0.011780712753534317, -0.004811033606529236, 0.010868229903280735, 0.9872696995735168, -0.1586839109659195, 0.00661901431158185, 0.1586187183856964, 0.9873177409172058),
            ["RightHand"] = CFrame.new(2.9802322387695312e-08, 0, -6.705522537231445e-08, 0.9949092268943787, -0.08931970596313477, 0.046665869653224945, 0.10024230927228928, 0.9247201085090637, -0.36721137166023254, -0.01035375241190195, 0.3700198531150818, 0.928966224193573),
            ["UpperTorso"] = CFrame.new(-3.725290298461914e-09, -8.940696716308594e-08, -7.450580596923828e-09, 0.9692020416259766, 0.15314865112304688, -0.1928548812866211, -0.029353074729442596, 0.8493701219558716, 0.526980996131897, 0.24451161921024323, -0.5050901770591736, 0.8277065753936768),
            ["HumanoidRootPart"] = CFrame.new(0, 0, 0, 1, 0, 0, 0, 1, 0, 0, 0, 1),
            ["RightUpperLeg"] = CFrame.new(2.9802322387695312e-08, -1.862645149230957e-08, 7.281050784513354e-08, 0.9939108490943909, -0.08153306692838669, -0.07411964982748032, -0.04032038897275925, 0.35689789056777954, -0.9332728385925293, 0.10254580527544022, 0.9305784702301025, 0.3514370918273926),
            ["LeftUpperArm"] = CFrame.new(-1.1920928955078125e-07, 3.5762786865234375e-07, -5.960464477539063e-08, 0.9836331009864807, 0.04974149912595749, 0.17318116128444672, -0.02566884458065033, 0.9900209903717041, -0.1385623663663864, -0.17834539711475372, 0.13184921443462372, 0.9750943183898926),
            ["RightLowerArm"] = CFrame.new(0, -5.364418029785156e-07, -0.0000040531158447265625, 1, -0.000014295801520347595, 0.000014238061339710839, 0.000014223158359527588, 0.002665475010871887, -0.999996542930603, 0.000014280900359153748, 0.9999964833259583, 0.002665482694283128),
            ["LeftHand"] = CFrame.new(-3.129243850708008e-07, 5.960464477539063e-08, -3.725290298461914e-07, 0.994907557964325, -0.08932797610759735, -0.046684883534908295, 0.08285267651081085, 0.9885786175727844, -0.12588822841644287, 0.05739694833755493, 0.12137920409440994, 0.9909453988075256),
            ["LeftFoot"] = CFrame.new(-9.313225746154785e-09, -1.1920928955078125e-07, 1.862645149230957e-08, 0.9969476461410522, -0.07246825844049454, -0.02905062399804592, 0.05714840441942215, 0.9308587312698364, -0.360882967710495, 0.053194452077150345, 0.35812073945999146, 0.9321585893630981),
            ["LowerTorso"] = CFrame.new(0.030000001192092896, -0.10000002384185791, 5.9604643443123e-10, 0.8160348534584045, -0.13662447035312653, -0.5616233944892883, 0.0713939219713211, 0.9880469441413879, -0.13662439584732056, 0.5735765099525452, 0.07139378041028976, 0.8160349130630493),
            ["RightLowerLeg"] = CFrame.new(-5.774199962615967e-08, 1.1920928955078125e-07, -2.438173396512866e-08, 1, 3.529712842009758e-07, 2.952292561531067e-07, -1.234002411365509e-07, -0.263019859790802, 0.964790403842926, 3.334134817123413e-07, -0.9647904634475708, -0.26301994919776917),
            ["LeftUpperLeg"] = CFrame.new(-2.9802322387695312e-08, -5.029141902923584e-08, -4.470348358154297e-08, 0.947333574295044, 0.24157826602458954, 0.21023572981357574, -0.1785581260919571, 0.9434078335762024, -0.27946141362190247, -0.2658498287200928, 0.22720405459403992, 0.9368577003479004),
            ["LeftLowerLeg"] = CFrame.new(-1.4901161193847656e-08, -1.1920928955078125e-07, -2.2351741790771484e-08, 1, 1.4901166522918174e-08, 1.862644971595273e-08, -3.725290742551124e-09, 0.719271183013916, 0.6947299838066101, 2.272427366278862e-07, -0.6947295069694519, 0.7192707061767578),
        }},
        {Time = 0.633, Data = {
            ["RightFoot"] = CFrame.new(1.3831595424562693e-08, 5.960464477539063e-08, 2.000888343900442e-08, 0.9701321721076965, -0.21832275390625, -0.10573083162307739, 0.21764037013053894, 0.9758614301681519, -0.018087804317474365, 0.10712753236293793, -0.005463732872158289, 0.9942302703857422),
            ["LeftLowerArm"] = CFrame.new(-2.980232238769531e-07, 2.384185791015625e-07, 0.000004202127456665039, 1, -8.568166975919667e-08, 1.1920927533992653e-07, 8.940696716308594e-08, -0.023461181670427322, -0.999724805355072, 7.82310962677002e-08, 0.999724805355072, -0.02346125617623329),
            ["RightUpperArm"] = CFrame.new(-0.010623455047607422, 0.0981062650680542, 0.016197368502616882, 0.28633421659469604, -0.7853349447250366, 0.548873245716095, 0.9289003014564514, 0.08711669594049454, -0.3599376380443573, 0.2348555028438568, 0.6129109859466553, 0.7544422149658203),
            ["Head"] = CFrame.new(1.4901161193847656e-08, -1.1920928955078125e-07, -3.725290298461914e-09, 0.9402185678482056, 0.09031740576028824, -0.32837778329849243, -0.12329205870628357, 0.9890608787536621, -0.08098022639751434, 0.3174717426300049, 0.11662530899047852, 0.9410686492919922),
            ["RightHand"] = CFrame.new(3.0547380447387695e-07, -5.960464477539063e-08, 2.9802322387695312e-08, 0.19317230582237244, 0.2776713967323303, -0.9410542845726013, -0.36744460463523865, 0.9097951650619507, 0.1930217742919922, 0.9097632169723511, 0.30849865078926086, 0.2777760624885559),
            ["UpperTorso"] = CFrame.new(-5.3551048040390015e-09, 1.4901161193847656e-07, -4.190951585769653e-09, 0.9660106301307678, -0.0890052318572998, 0.24269671738147736, 0.031861480325460434, 0.9726924300193787, 0.22990082204341888, -0.25653156638145447, -0.21435397863388062, 0.9424669742584229),
            ["HumanoidRootPart"] = CFrame.new(0, 0, 0, 1, 0, 0, 0, 1, 0, 0, 0, 1),
            ["RightUpperLeg"] = CFrame.new(-5.960464477539063e-08, 9.936047717928886e-08, -4.360481398180127e-08, 0.9530356526374817, -0.07143425941467285, -0.2943131625652313, -0.15515924990177155, 0.7194024920463562, -0.6770418882369995, 0.2600935995578766, 0.6909103989601135, 0.6745325922966003),
            ["LeftUpperArm"] = CFrame.new(-0.010623335838317871, 0.09810638427734375, 0.016197338700294495, 0.22923240065574646, 0.6886274814605713, -0.6879278421401978, -0.9535006284713745, 0.016786426305770874, -0.3009234368801117, -0.19567632675170898, 0.724920928478241, 0.6604547500610352),
            ["RightLowerArm"] = CFrame.new(-1.4901161193847656e-07, -2.384185791015625e-07, -0.00000426173210144043, 1, -0.000014267863662098534, 0.000014213846952770837, 0.000014271587133407593, 0.002665516221895814, -0.9999964833259583, 0.000014193356037139893, 0.999996542930603, 0.002665467793121934),
            ["LeftHand"] = CFrame.new(2.5331974029541016e-07, -5.960464477539063e-08, 0, 0.368869423866272, -0.19396166503429413, 0.9090182781219482, -0.31011179089546204, 0.8962648510932922, 0.3170802593231201, -0.8762226104736328, -0.39885860681533813, 0.2704548239707947),
            ["LeftFoot"] = CFrame.new(-4.6566128730773926e-08, -5.960464477539063e-08, -1.6763806343078613e-08, 0.9970337748527527, -0.06644836813211441, -0.038836028426885605, 0.06749766319990158, 0.9973711371421814, 0.026363927870988846, 0.03698214516043663, -0.02890698052942753, 0.9988977909088135),
            ["LowerTorso"] = CFrame.new(0.14960573613643646, 0.026524066925048828, -8.61004378904795e-10, 0.8658589124679565, 0.00033029913902282715, -0.5002883672714233, -0.004086219239979982, 0.9999711513519287, -0.006411902606487274, 0.5002717971801758, 0.007596100214868784, 0.8658351302146912),
            ["RightLowerLeg"] = CFrame.new(-1.4901161193847656e-08, 4.172325134277344e-07, -1.1751399142667651e-07, 1, 3.427267927236244e-07, 3.7252920748187535e-08, -1.7881401959130017e-07, 0.2855193614959717, 0.9583730101585388, 1.4901168299275014e-07, -0.9583730101585388, 0.2855195701122284),
            ["LeftUpperLeg"] = CFrame.new(0, 9.838549885898829e-08, 1.0244548320770264e-08, 0.9763847589492798, 0.08735858649015427, 0.19758878648281097, -0.06690961122512817, 0.9919064044952393, -0.10791107267141342, -0.20541657507419586, 0.09214214235544205, 0.9743274450302124),
            ["LeftLowerLeg"] = CFrame.new(0, -2.384185791015625e-07, -5.21540641784668e-08, 1, 1.676381167214913e-08, -1.2759122114403e-07, 7.450584149637507e-09, 0.984911322593689, 0.17306025326251984, 1.2572860441650846e-07, -0.173060342669487, 0.9849112629890442),
        }},
        {Time = 0.833, Data = {
            ["RightFoot"] = CFrame.new(2.0489096641540527e-08, -5.960464477539063e-08, -5.045876605436206e-08, 0.9988586902618408, -0.0379440039396286, 0.029009822756052017, 0.043696124106645584, 0.9711964130401611, -0.2342396229505539, -0.01928604394197464, 0.23523984849452972, 0.9717459678649902),
            ["LeftLowerArm"] = CFrame.new(-3.5762786865234375e-07, 1.7881393432617188e-07, 0.000004173256456851959, 1, -5.960463056453591e-08, 9.685752644372769e-08, 8.754432201385498e-08, -0.023461194708943367, -0.9997247457504272, 6.705522537231445e-08, 0.9997247457504272, -0.02346119098365307),
            ["RightUpperArm"] = CFrame.new(0.0014324188232421875, 0.09887576103210449, 0.014883995056152344, 0.3552926778793335, -0.8226044774055481, 0.44394707679748535, 0.9129962921142578, 0.2035103440284729, -0.35358351469039917, 0.20051148533821106, 0.530947744846344, 0.8233405947685242),
            ["Head"] = CFrame.new(-1.1175870895385742e-08, 1.1920928955078125e-07, 5.4016709327697754e-08, 0.9398183226585388, 0.10623367130756378, 0.3247396945953369, -0.045868031680583954, 0.9810603260993958, -0.18819394707679749, -0.33858180046081543, 0.16197285056114197, 0.9268912076950073),
            ["RightHand"] = CFrame.new(-1.043081283569336e-07, -1.1920928955078125e-07, -1.7881393432617188e-07, 0.23455962538719177, 0.10939918458461761, -0.9659263491630554, 0.2364528775215149, 0.9573837518692017, 0.1658504158258438, 0.9429060816764832, -0.2672978639602661, 0.1986958235502243),
            ["UpperTorso"] = CFrame.new(-6.80990197565734e-09, 2.9802322387695312e-08, 3.345649091102132e-09, 0.9661188125610352, -0.23040246963500977, -0.11631518602371216, 0.25271883606910706, 0.9360021352767944, 0.2450171709060669, 0.052418842911720276, -0.26611071825027466, 0.9625162482261658),
            ["HumanoidRootPart"] = CFrame.new(0, 0, 0, 1, 0, 0, 0, 1, 0, 0, 0, 1),
            ["RightUpperLeg"] = CFrame.new(-2.9802322387695312e-08, 2.188201051467331e-07, 4.300818545743823e-08, 0.9509081244468689, -0.1946730762720108, -0.24057498574256897, 0.12734529376029968, 0.9546433687210083, -0.26914551854133606, 0.2820587456226349, 0.22529636323451996, 0.9325687885284424),
            ["LeftUpperArm"] = CFrame.new(0.0014322996139526367, 0.0988759994506836, 0.01488405466079712, 0.15006542205810547, 0.6221716403961182, -0.7683637142181396, -0.9822665452957153, 0.005472803488373756, -0.18741022050380707, -0.1123962476849556, 0.7828617095947266, 0.6119597554206848),
            ["RightLowerArm"] = CFrame.new(-1.7881393432617188e-07, -3.5762786865234375e-07, -0.0000040531158447265625, 1, -0.00001426041308150161, 0.000014223160178516991, 0.000014260411262512207, 0.0026655124966055155, -0.9999964833259583, 0.000014200806617736816, 0.999996542930603, 0.0026655199471861124),
            ["LeftHand"] = CFrame.new(3.390014171600342e-07, 0, 4.470348358154297e-08, 0.10938174277544022, -0.23456987738609314, 0.9659258127212524, 0.4107513725757599, 0.895573616027832, 0.1709715873003006, -0.9051623940467834, 0.37805411219596863, 0.19430916011333466),
            ["LeftFoot"] = CFrame.new(2.91543074126821e-08, -5.960464477539063e-08, 4.462413016881328e-08, 0.9955248236656189, 0.07767321914434433, 0.05382520705461502, -0.09042983502149582, 0.9483781456947327, 0.30397602915763855, -0.027435872703790665, -0.30748316645622253, 0.9511579275131226),
            ["LowerTorso"] = CFrame.new(0.16952964663505554, -0.0052187442779541016, -7.011889402441795e-10, 0.8067072629928589, 0.17364829778671265, 0.5648626089096069, -0.1422443687915802, 0.9848077297210693, -0.09960055351257324, -0.5735765695571899, -3.3716023750685054e-08, 0.8191519975662231),
            ["RightLowerLeg"] = CFrame.new(7.450580596923828e-09, 5.960464477539063e-08, 7.620110409334302e-08, 1, 2.6449566803421476e-07, -1.611188196193325e-07, -1.3038511781360285e-07, 0.843222975730896, 0.5375637412071228, 1.6763801014008095e-08, -0.5375639796257019, 0.8432231545448303),
            ["LeftUpperLeg"] = CFrame.new(2.9802322387695312e-08, -5.862956697910704e-08, -4.470348358154297e-08, 0.913036584854126, 0.1862429678440094, 0.36287441849708557, 0.15670163929462433, 0.6612170338630676, -0.7336462140083313, -0.37657514214515686, 0.726708710193634, 0.5745306015014648),
            ["LeftLowerLeg"] = CFrame.new(2.9802322387695312e-08, -1.1920928955078125e-07, -1.0803341865539551e-07, 1, 2.3096791323951038e-07, 5.587936335871291e-09, 1.490115231206346e-08, 0.22809137403964996, 0.9736397862434387, 1.5646209305941738e-07, -0.973639726638794, 0.22809156775474548),
        }},
        {Time = 1.033, Data = {
            ["RightFoot"] = CFrame.new(5.273614078760147e-08, 0, 4.267349140718579e-08, 0.9995254278182983, -0.007752096280455589, 0.029816631227731705, 0.01740674488246441, 0.9406394958496094, -0.33896079659461975, -0.025418898090720177, 0.3393186926841736, 0.9403279423713684),
            ["LeftLowerArm"] = CFrame.new(5.960464477539063e-08, 1.7881393432617188e-07, 0.000004231929779052734, 1, -6.332992796842518e-08, 6.70552182668871e-08, 8.940696716308594e-08, -0.0234612338244915, -0.999724805355072, 1.471489667892456e-07, 0.999724805355072, -0.023461181670427322),
            ["RightUpperArm"] = CFrame.new(5.960464477539063e-08, 1.1920928955078125e-07, 1.4901161193847656e-07, 0.9848161339759827, 0.1166071891784668, -0.12860772013664246, -0.13455098867416382, 0.9808196425437927, -0.14102812111377716, 0.10969612002372742, 0.15619111061096191, 0.9816166758537292),
            ["Head"] = CFrame.new(7.450580596923828e-08, 1.1920928955078125e-07, 2.9802322387695312e-08, 0.999919056892395, 0.011780700646340847, 0.004810971673578024, -0.010868149809539318, 0.9872696995735168, -0.15868398547172546, -0.006619221996515989, 0.1586187481880188, 0.9873178005218506),
            ["RightHand"] = CFrame.new(0, 1.1920928955078125e-07, -7.82310962677002e-08, 0.9949061274528503, 0.08933530747890472, -0.046702347695827484, -0.10027056932449341, 0.9247176051139832, -0.3672100901603699, 0.010381714440882206, 0.3700224459171295, 0.9289647936820984),
            ["UpperTorso"] = CFrame.new(1.6763806343078613e-08, -1.4901161193847656e-07, -2.421438694000244e-08, 0.9692020416259766, -0.1531486213207245, 0.1928548812866211, 0.029353046789765358, 0.849370002746582, 0.526980996131897, -0.24451161921024323, -0.5050901770591736, 0.8277065753936768),
            ["HumanoidRootPart"] = CFrame.new(0, 0, 0, 1, 0, 0, 0, 1, 0, 0, 0, 1),
            ["RightUpperLeg"] = CFrame.new(2.9802322387695312e-08, -2.682209014892578e-07, -7.620110409334302e-08, 0.9553442001342773, -0.1793581247329712, -0.2348366230726242, 0.09965146332979202, 0.9437193274497986, -0.315378338098526, 0.27818548679351807, 0.27789294719696045, 0.9194499850273132),
            ["LeftUpperArm"] = CFrame.new(0, 1.1920928955078125e-07, -4.470348358154297e-08, 0.9848161935806274, 0.116607166826725, -0.12860779464244843, -0.13455094397068024, 0.9808196425437927, -0.14102797210216522, 0.10969620943069458, 0.15619097650051117, 0.9816166162490845),
            ["RightLowerArm"] = CFrame.new(5.960464477539063e-08, -2.980232238769531e-07, -0.000004231929779052734, 1, -0.00001427717688784469, 0.000014178456694935448, 0.00001424551010131836, 0.002665482694283128, -0.9999964833259583, 0.00001424551010131836, 0.9999964833259583, 0.0026654975954443216),
            ["LeftHand"] = CFrame.new(-4.470348358154297e-08, 5.960464477539063e-08, 1.6391277313232422e-07, 0.9752877950668335, 0.06117529422044754, 0.21230009198188782, -0.03477830812335014, 0.991430938243866, -0.1259179264307022, -0.2181839495897293, 0.11542273312807083, 0.9690580368041992),
            ["LeftFoot"] = CFrame.new(-4.9651589506538585e-08, -5.960464477539063e-08, -6.335631042020395e-08, 0.9373156428337097, 0.23410701751708984, 0.2581351399421692, -0.26035135984420776, 0.9628128409385681, 0.07217219471931458, -0.2316393405199051, -0.134853795170784, 0.9634093046188354),
            ["LowerTorso"] = CFrame.new(0.10999999940395355, -0.10000002384185791, -5.960465454535324e-10, 0.8160348534584045, 0.13662447035312653, 0.5616233944892883, -0.07139391452074051, 0.9880469441413879, -0.13662439584732056, -0.5735765099525452, 0.07139378041028976, 0.8160349130630493),
            ["RightLowerLeg"] = CFrame.new(-8.754432201385498e-08, 0, 9.85528458841145e-08, 1, -2.556481604187866e-07, -1.3154929945358163e-07, 2.682209014892578e-07, 0.7107927799224854, 0.7034015655517578, -1.7648562788963318e-07, -0.7034015655517578, 0.7107927203178406),
            ["LeftUpperLeg"] = CFrame.new(0, -1.6391277313232422e-07, 8.940696716308594e-08, 0.9955441951751709, 0.08332733809947968, -0.04414140433073044, -0.06877424567937851, 0.3213612139225006, -0.9444559812545776, -0.06451384723186493, 0.9432834386825562, 0.3256601393222809),
            ["LeftLowerLeg"] = CFrame.new(-1.4901161193847656e-08, 1.1920928955078125e-07, -7.916241884231567e-08, 1, -3.7252917195473856e-08, -1.3783569841052667e-07, 6.891787762697277e-08, -0.2051706314086914, 0.9787262082099915, -3.166497108963995e-08, -0.978726327419281, -0.2051706463098526),
        }},
        {Time = 1.233, Data = {
            ["RightFoot"] = CFrame.new(3.9814040064811707e-08, 5.960464477539063e-08, 2.7772330213338137e-08, 0.9995253682136536, -0.007752088829874992, 0.029816780239343643, 0.017406750470399857, 0.9406396150588989, -0.33896082639694214, -0.02541886642575264, 0.3393186926841736, 0.9403278827667236),
            ["LeftLowerArm"] = CFrame.new(-1.4901161193847656e-07, 3.5762786865234375e-07, 0.000004112720489501953, 1, -4.097818262494002e-08, 8.940694584680386e-08, 9.685753354915505e-08, -0.023461246863007545, -0.9997247457504272, 1.3597308168300515e-07, 0.9997247457504272, -0.02346120961010456),
            ["RightUpperArm"] = CFrame.new(1.1920928955078125e-07, 3.5762786865234375e-07, -5.960464477539063e-08, 0.9848161339759827, 0.11660713702440262, -0.12860776484012604, -0.13455092906951904, 0.9808196425437927, -0.14102803170681, 0.10969619452953339, 0.15619103610515594, 0.9816166758537292),
            ["Head"] = CFrame.new(-1.30385160446167e-08, 3.5762786865234375e-07, 1.4901161193847656e-08, 0.999919056892395, 0.011780720204114914, 0.004810945130884647, -0.010868205688893795, 0.9872696399688721, -0.15868397057056427, -0.006619077641516924, 0.15861876308918, 0.9873178005218506),
            ["RightHand"] = CFrame.new(-4.470348358154297e-08, 1.1920928955078125e-07, -2.421438694000244e-07, 0.9949060678482056, 0.08933545649051666, -0.0467025451362133, -0.10027063637971878, 0.9247176051139832, -0.3672102093696594, 0.010381825268268585, 0.3700225055217743, 0.9289647936820984),
            ["UpperTorso"] = CFrame.new(0, -1.4901161193847656e-07, -2.2351741790771484e-08, 0.9692020416259766, -0.15314865112304688, 0.1928548812866211, 0.0293530635535717, 0.8493701219558716, 0.526980996131897, -0.24451161921024323, -0.5050901770591736, 0.8277065753936768),
            ["HumanoidRootPart"] = CFrame.new(0, 0, 0, 1, 0, 0, 0, 1, 0, 0, 0, 1),
            ["RightUpperLeg"] = CFrame.new(0, -2.7008354663848877e-07, -1.0600342648103833e-07, 0.9553442001342773, -0.17935816943645477, -0.2348366677761078, 0.09965144097805023, 0.9437193274497986, -0.315378338098526, 0.2781854569911957, 0.27789294719696045, 0.9194499254226685),
            ["LeftUpperArm"] = CFrame.new(-5.960464477539063e-08, 3.5762786865234375e-07, -4.470348358154297e-08, 0.9848161339759827, 0.11660713702440262, -0.12860751152038574, -0.13455091416835785, 0.9808197021484375, -0.1410280168056488, 0.10969604551792145, 0.15619102120399475, 0.9816166758537292),
            ["RightLowerArm"] = CFrame.new(2.9802322387695312e-08, -3.5762786865234375e-07, -0.000004231929779052734, 1, -0.000014262275726650842, 0.000014185907275532372, 0.00001424551010131836, 0.002665482694283128, -0.999996542930603, 0.000014232471585273743, 0.999996542930603, 0.0026655124966055155),
            ["LeftHand"] = CFrame.new(-8.940696716308594e-08, -1.1920928955078125e-07, 2.9802322387695312e-08, 0.9752877950668335, 0.06117507070302963, 0.21230004727840424, -0.034778159111738205, 0.9914309978485107, -0.1259176880121231, -0.21818390488624573, 0.11542254686355591, 0.969058096408844),
            ["LeftFoot"] = CFrame.new(-8.307142707053572e-08, -1.7881393432617188e-07, 2.804335963446647e-08, 0.9373154640197754, 0.23410701751708984, 0.25813543796539307, -0.26035138964653015, 0.9628128409385681, 0.07217218726873398, -0.23163950443267822, -0.13485391438007355, 0.9634091854095459),
            ["LowerTorso"] = CFrame.new(0.10999999940395355, -0.10000002384185791, -5.960465454535324e-10, 0.8160348534584045, 0.13662447035312653, 0.5616233944892883, -0.07139391452074051, 0.9880469441413879, -0.13662441074848175, -0.5735765099525452, 0.07139378786087036, 0.8160349130630493),
            ["RightLowerLeg"] = CFrame.new(2.7939677238464355e-09, 1.1920928955078125e-07, 1.3580574886873364e-07, 1, -2.3236512447510904e-07, -2.2095628082752228e-07, 2.486631558440422e-07, 0.7107927799224854, 0.7034015655517578, -1.6367995669952506e-07, -0.703401505947113, 0.7107927799224854),
            ["LeftUpperLeg"] = CFrame.new(-2.9802322387695312e-08, -1.695007085800171e-07, 7.450580596923828e-08, 0.9955441951751709, 0.08332718908786774, -0.04414144158363342, -0.0687742680311203, 0.321361243724823, -0.9444559812545776, -0.06451383978128433, 0.9432834386825562, 0.3256601095199585),
            ["LeftLowerLeg"] = CFrame.new(4.470348358154297e-08, 1.7881393432617188e-07, -1.7601996660232544e-07, 1, 0, -1.0803339023368608e-07, 6.705523958316917e-08, -0.2051706165075302, 0.9787262678146362, -2.1420424545226524e-08, -0.9787262678146362, -0.20517069101333618),
        }},
    }
}