return {
    ["Swag Surfin'"] = {
        {Time = 0.000, Data = {
            ["RightFoot"] = CFrame.new(9.685754776000977e-08, 0, 1.6952981241047382e-09, 0.8412613272666931, 0.5220434069633484, -0.14053507149219513, -0.4400201737880707, 0.5101388692855835, -0.7390133738517761, -0.3141046166419983, 0.6835415363311768, 0.6588696241378784),
            ["LeftLowerArm"] = CFrame.new(0.0000016987323760986328, -5.960464477539062e-07, 0.00000492483377456665, 1, 2.6077035641947077e-08, -1.3411047916633834e-07, -4.470348358154297e-08, -0.1298127919435501, -0.9915385842323303, -1.862645149230957e-09, 0.9915385246276855, -0.1298127919435501),
            ["RightUpperArm"] = CFrame.new(-0.0214921236038208, 0.017124295234680176, -0.18195979297161102, 0.9201241135597229, -0.27987486124038696, -0.27393704652786255, 0.33207833766937256, 0.9283638000488281, 0.16692744195461273, 0.2075945883989334, -0.24456250667572021, 0.9471502900123596),
            ["Head"] = CFrame.new(-1.1175870895385742e-08, -7.152557373046875e-07, 6.705522537231445e-08, 0.9554097056388855, -0.15865029394626617, -0.24904291331768036, 0.09195581823587418, 0.9613208174705505, -0.2596275210380554, 0.28060024976730347, 0.22514966130256653, 0.9330440163612366),
            ["RightHand"] = CFrame.new(2.086162567138672e-07, 0.0000010728836059570312, -5.960464477539062e-07, 0.7547478675842285, 0.44979310035705566, 0.47753649950027466, -0.1253097504377365, 0.8133814930915833, -0.5680742263793945, -0.6439356803894043, 0.36891284584999084, 0.670261561870575),
            ["UpperTorso"] = CFrame.new(-3.725290298461914e-08, 1.1920928955078125e-07, 6.332993507385254e-08, 0.9474472403526306, -0.3068937063217163, 0.09033269435167313, 0.26034411787986755, 0.9037523865699768, 0.33978334069252014, -0.18591582775115967, -0.29840928316116333, 0.9361556768417358),
            ["HumanoidRootPart"] = CFrame.new(0, 0, 0, 1, 0, 0, 0, 1, 0, 0, 0, 1),
            ["RightUpperLeg"] = CFrame.new(-2.9802322387695312e-08, 2.9802322387695312e-08, 1.3205863069742918e-08, 0.7110997438430786, -0.656888484954834, 0.25066861510276794, 0.6591641306877136, 0.4988196790218353, -0.5627447366714478, 0.24462203681468964, 0.5653994083404541, 0.7877078652381897),
            ["LeftUpperArm"] = CFrame.new(0.039686381816864014, 0.03621113300323486, -0.18339799344539642, 0.9231517910957336, 0.27373048663139343, -0.269930362701416, -0.356603741645813, 0.34742704033851624, -0.8672533631324768, -0.1436125487089157, 0.8968645930290222, 0.4183412492275238),
            ["RightLowerArm"] = CFrame.new(5.960464477539063e-08, 5.960464477539062e-07, -0.0000038116704672574997, 1, -0.000007711350917816162, 0.000017866495909402147, 0.000018984081179951318, 0.18114200234413147, -0.9834570288658142, 0.000004340662144386442, 0.9834570288658142, 0.18114204704761505),
            ["LeftHand"] = CFrame.new(-0.000001475214958190918, -0.0000011920928955078125, 1.4901161193847656e-07, 0.23229354619979858, -0.18522490561008453, -0.954846203327179, -0.10608026385307312, 0.9710193872451782, -0.21416960656642914, 0.9668437242507935, 0.15104055404663086, 0.20591296255588531),
            ["LeftFoot"] = CFrame.new(-1.1175870895385742e-08, -1.7881393432617188e-07, -2.2351741790771484e-08, 0.9813629388809204, -0.1571124643087387, 0.11064612865447998, 0.17512814700603485, 0.9682453274726868, -0.17841307818889618, -0.07910162210464478, 0.1944652944803238, 0.9777148365974426),
            ["LowerTorso"] = CFrame.new(0.04610639065504074, -0.6475440263748169, 0.44785135984420776, 0.9693191051483154, 0.18847131729125977, 0.15779420733451843, -0.2024357169866562, 0.9762210249900818, 0.07753856480121613, -0.1394282430410385, -0.10710279643535614, 0.984423041343689),
            ["RightLowerLeg"] = CFrame.new(-2.60770320892334e-08, -0.0007262825965881348, 0.00004617294325726107, 1, 1.378358120973644e-07, 1.1548404188488348e-07, -1.3783576946480025e-07, -0.04207746312022209, 0.999114453792572, 1.713633963618122e-07, -0.999114453792572, -0.0420774444937706),
            ["LeftUpperLeg"] = CFrame.new(-2.9802322387695312e-08, -1.862645149230957e-07, 5.21540641784668e-08, 0.9184659719467163, 0.3505556881427765, 0.1831146478652954, 0.042571406811475754, 0.37267667055130005, -0.9269841313362122, -0.39320212602615356, 0.8591989874839783, 0.32736754417419434),
            ["LeftLowerLeg"] = CFrame.new(-8.940696716308594e-08, -0.0007264018058776855, 0.00008105114102363586, 1, 5.215407838932151e-08, 7.264316792543468e-08, -3.725290653733282e-08, 0.2193201184272766, 0.9756529927253723, 7.450581307466564e-08, -0.9756529927253723, 0.21931996941566467),
        }},
        {Time = 0.033, Data = {
            ["RightFoot"] = CFrame.new(4.470348358154297e-08, 0, -5.790934665128589e-08, 0.8691915273666382, 0.4822210371494293, -0.1094026267528534, -0.40158772468566895, 0.5593300461769104, -0.7251741886138916, -0.2885020673274994, 0.6742497682571411, 0.6798187494277954),
            ["LeftLowerArm"] = CFrame.new(0.0000013709068298339844, -4.76837158203125e-07, 0.0000049620866775512695, 1, 5.960465188081798e-08, -4.4703494239684005e-08, -7.450580596923828e-08, -0.07858169823884964, -0.9969077706336975, -4.842877388000488e-08, 0.9969077706336975, -0.07858175039291382),
            ["RightUpperArm"] = CFrame.new(-0.017277777194976807, 0.014676332473754883, -0.16107416152954102, 0.8802466988563538, -0.2618672847747803, -0.395715594291687, 0.3768998682498932, 0.8924990892410278, 0.24777476489543915, 0.28829172253608704, -0.36724793910980225, 0.8843172192573547),
            ["Head"] = CFrame.new(1.7695128917694092e-08, -9.5367431640625e-07, 1.5133991837501526e-08, 0.9743221998214722, -0.17006650567054749, -0.14755862951278687, 0.13746193051338196, 0.9683374762535095, -0.20839136838912964, 0.1783270537853241, 0.18275651335716248, 0.9668502807617188),
            ["RightHand"] = CFrame.new(1.2665987014770508e-07, 0.0000011920928955078125, -6.556510925292969e-07, 0.767284095287323, 0.495536208152771, 0.40708521008491516, -0.28063857555389404, 0.8302150368690491, -0.481648713350296, -0.5766429901123047, 0.25531741976737976, 0.7760774493217468),
            ["UpperTorso"] = CFrame.new(-3.725290298461914e-09, -1.1920928955078125e-07, 1.3224780559539795e-07, 0.954648494720459, -0.29146474599838257, 0.06078469008207321, 0.25834909081459045, 0.9123938083648682, 0.3174794018268585, -0.14799360930919647, -0.28737765550613403, 0.9463150501251221),
            ["HumanoidRootPart"] = CFrame.new(0, 0, 0, 1, 0, 0, 0, 1, 0, 0, 0, 1),
            ["RightUpperLeg"] = CFrame.new(2.9802322387695312e-08, -2.2351741790771484e-08, 7.281050784513354e-08, 0.7348079085350037, -0.6132066249847412, 0.2898881137371063, 0.6437258720397949, 0.4958120584487915, -0.5829127430915833, 0.21371597051620483, 0.614937424659729, 0.7590636610984802),
            ["LeftUpperArm"] = CFrame.new(0.044087767601013184, 0.041310906410217285, -0.1625310182571411, 0.9235116839408875, 0.29903680086135864, -0.24021488428115845, -0.30275124311447144, 0.1837500035762787, -0.9351887106895447, -0.23551642894744873, 0.9363829493522644, 0.2602287530899048),
            ["RightLowerArm"] = CFrame.new(3.2782554626464844e-07, 5.960464477539062e-07, -0.0000038351863622665405, 1, -0.000005286186478770105, 0.000018797816665028222, 0.000018995257050846703, 0.047173380851745605, -0.99888676404953, 0.0000043921177166339476, 0.9988867044448853, 0.04717353731393814),
            ["LeftHand"] = CFrame.new(-0.0000011473894119262695, -0.0000010132789611816406, 8.940696716308594e-08, 0.1511792242527008, -0.15643000602722168, -0.9760504961013794, -0.015085049904882908, 0.9869192838668823, -0.1605086326599121, 0.9883912205696106, 0.03898942470550537, 0.14684216678142548),
            ["LeftFoot"] = CFrame.new(-1.1175870895385742e-08, -1.1920928955078125e-07, -4.470348358154297e-08, 0.9897664189338684, -0.11579518020153046, 0.08339042216539383, 0.13163290917873383, 0.9665191769599915, -0.22025816142559052, -0.05509345233440399, 0.22898076474666595, 0.9718706607818604),
            ["LowerTorso"] = CFrame.new(0.09244607388973236, -0.604416012763977, 0.46321773529052734, 0.972813606262207, 0.21271257102489471, 0.09158211201429367, -0.2182353287935257, 0.974338173866272, 0.0551229752600193, -0.07750660926103592, -0.0736108273267746, 0.9942706823348999),
            ["RightLowerLeg"] = CFrame.new(-6.984919309616089e-08, -0.0007263422012329102, 0.00004601648106472567, 1, 1.415611023958263e-07, 7.4505820180093e-08, -8.195638656616211e-08, -0.044715456664562225, 0.998999834060669, 1.1175870895385742e-07, -0.9989997744560242, -0.044715527445077896),
            ["LeftUpperLeg"] = CFrame.new(0, -1.2293457984924316e-07, 1.0058283805847168e-07, 0.9036727547645569, 0.3745693266391754, 0.2075413316488266, 0.02048787847161293, 0.4462831914424896, -0.8946571946144104, -0.4277333915233612, 0.81272953748703, 0.3956199586391449),
            ["LeftLowerLeg"] = CFrame.new(1.1175870895385742e-07, -0.0007264614105224609, 0.00008111074566841125, 1, 2.980233304583635e-08, 5.0291408371094803e-08, -5.215405707303944e-08, 0.2763039171695709, 0.9610704183578491, 5.5879347371501353e-08, -0.9610702991485596, 0.2763035297393799),
        }},
        {Time = 0.067, Data = {
            ["RightFoot"] = CFrame.new(1.1175870895385742e-07, -1.1920928955078125e-07, 2.4047039914876223e-08, 0.8951895833015442, 0.4395315945148468, -0.07380618155002594, -0.36225220561027527, 0.6210911870002747, -0.6949960589408875, -0.259632408618927, 0.6488896608352661, 0.7152155041694641),
            ["LeftLowerArm"] = CFrame.new(0.000001430511474609375, -4.76837158203125e-07, 0.000005513429641723633, 1, 1.2665987014770508e-07, -2.9802322387695312e-08, -5.960464477539063e-08, -0.002011902630329132, -0.9999979734420776, -3.725290298461914e-08, 0.9999979734420776, -0.002011910080909729),
            ["RightUpperArm"] = CFrame.new(-0.012196063995361328, 0.011370539665222168, -0.13972881436347961, 0.8417882323265076, -0.2732343077659607, -0.4655490219593048, 0.4302452504634857, 0.8604597449302673, 0.2729429602622986, 0.32600879669189453, -0.430060476064682, 0.841882586479187),
            ["Head"] = CFrame.new(2.8405338525772095e-08, -4.76837158203125e-07, 3.3527612686157227e-08, 0.9814929962158203, -0.18468399345874786, -0.05063088983297348, 0.17450498044490814, 0.9714539647102356, -0.16070225834846497, 0.0788646712899208, 0.14889270067214966, 0.9857035279273987),
            ["RightHand"] = CFrame.new(2.942979335784912e-07, 0.0000010728836059570312, -6.705522537231445e-07, 0.7892656326293945, 0.5008690357208252, 0.35523149371147156, -0.3474058508872986, 0.8412467241287231, -0.414262592792511, -0.5063289403915405, 0.20355379581451416, 0.8379720449447632),
            ["UpperTorso"] = CFrame.new(-1.4901161193847656e-08, 8.940696716308594e-08, 1.1175870895385742e-08, 0.9602071046829224, -0.2771202325820923, 0.03473992273211479, 0.25487831234931946, 0.920332670211792, 0.2966896891593933, -0.11419100314378738, -0.2760290503501892, 0.9543418884277344),
            ["HumanoidRootPart"] = CFrame.new(0, 0, 0, 1, 0, 0, 0, 1, 0, 0, 0, 1),
            ["RightUpperLeg"] = CFrame.new(-8.940696716308594e-08, 1.601874828338623e-07, 1.2962118489667773e-07, 0.7593170404434204, -0.5757431983947754, 0.3032447397708893, 0.6231403946876526, 0.5091166496276855, -0.5937142372131348, 0.1874399334192276, 0.6397813558578491, 0.7453497052192688),
            ["LeftUpperArm"] = CFrame.new(0.04942047595977783, 0.045626044273376465, -0.1409272998571396, 0.9136521816253662, 0.354132741689682, -0.19957424700260162, -0.2502972483634949, 0.10325227677822113, -0.9626474976539612, -0.32029855251312256, 0.9294778108596802, 0.182975172996521),
            ["RightLowerArm"] = CFrame.new(2.384185791015625e-07, 5.364418029785156e-07, -0.000003769993782043457, 1, -0.0000043138861656188965, 0.000018946830095956102, 0.00001906603756651748, -0.0005209892988204956, -0.9999998807907104, 0.000004380941845738562, 0.9999998807907104, -0.0005210639210417867),
            ["LeftHand"] = CFrame.new(-0.0000013113021850585938, -9.5367431640625e-07, 2.384185791015625e-07, 0.1832837164402008, -0.13506777584552765, -0.9737370014190674, 0.009850959293544292, 0.9907189607620239, -0.1355692446231842, 0.9830107092857361, 0.015255430713295937, 0.1829133927822113),
            ["LeftFoot"] = CFrame.new(5.21540641784668e-08, -2.980232238769531e-07, 4.470348358154297e-08, 0.9926738142967224, -0.10185860842466354, 0.06498944014310837, 0.11529788374900818, 0.9593904614448547, -0.257441908121109, -0.03612753748893738, 0.2630491554737091, 0.9641058444976807),
            ["LowerTorso"] = CFrame.new(0.129801943898201, -0.5390300750732422, 0.4764479994773865, 0.9724910259246826, 0.2314733862876892, 0.026105355471372604, -0.2323019951581955, 0.9720085859298706, 0.03514557704329491, -0.017239365726709366, -0.040243081748485565, 0.9990411996841431),
            ["RightLowerLeg"] = CFrame.new(3.5390257835388184e-08, -0.0007264614105224609, 0.000046012755774427205, 1, 1.713634105726669e-07, 0, -1.1920926112907182e-07, -0.00000715256010153098, 1, 1.0430809993522416e-07, -1, -0.000007078054750309093),
            ["LeftUpperLeg"] = CFrame.new(-2.9802322387695312e-08, -8.754432201385498e-08, 8.102506399154663e-08, 0.897993803024292, 0.3716549873352051, 0.23554116487503052, -0.005731701385229826, 0.545146107673645, -0.8383215069770813, -0.4399707019329071, 0.7514575123786926, 0.4916679263114929),
            ["LeftLowerLeg"] = CFrame.new(-1.30385160446167e-07, -0.0007265210151672363, 0.00008089467883110046, 1, 5.960463766996327e-08, 1.0803341865539551e-07, -8.940696716308594e-08, 0.3758709728717804, 0.9266719818115234, 6.332993507385254e-08, -0.926672101020813, 0.3758711516857147),
        }},
        {Time = 0.100, Data = {
            ["RightFoot"] = CFrame.new(1.1175870895385742e-07, -1.1920928955078125e-07, 1.6952981241047382e-09, 0.9135320782661438, 0.40515628457069397, -0.03616408258676529, -0.3257982134819031, 0.6755604147911072, -0.661417543888092, -0.24354645609855652, 0.6160085797309875, 0.7491455674171448),
            ["LeftLowerArm"] = CFrame.new(7.748603820800781e-07, -4.172325134277344e-07, 0.000004857778549194336, 1, 5.960463766996327e-08, -7.450581485102248e-09, -8.195638656616211e-08, 0.09431944787502289, -0.995542049407959, -2.2351741790771484e-08, 0.9955419898033142, 0.09431944042444229),
            ["RightUpperArm"] = CFrame.new(-0.007311820983886719, 0.008191108703613281, -0.11891549825668335, 0.8213406801223755, -0.32009077072143555, -0.4721664786338806, 0.48186206817626953, 0.8323188424110413, 0.2739608585834503, 0.3053007125854492, -0.45253440737724304, 0.8378568887710571),
            ["Head"] = CFrame.new(-9.42964106798172e-09, -5.960464477539062e-07, -7.543712854385376e-08, 0.9790669679641724, -0.19894707202911377, 0.04298684373497963, 0.20290890336036682, 0.970620334148407, -0.12932226061820984, -0.015995625406503677, 0.1353374421596527, 0.9906704425811768),
            ["RightHand"] = CFrame.new(9.12696123123169e-08, 0.0000010728836059570312, -8.419156074523926e-07, 0.8306345343589783, 0.44739603996276855, 0.33148518204689026, -0.3231346905231476, 0.8721321821212769, -0.3673822283744812, -0.4534648656845093, 0.198046013712883, 0.8689924478530884),
            ["UpperTorso"] = CFrame.new(3.3527612686157227e-08, -1.1920928955078125e-07, -8.009374141693115e-08, 0.964304506778717, -0.2645467221736908, 0.011492575518786907, 0.2509247660636902, 0.9267916679382324, 0.27945321798324585, -0.08457963168621063, -0.26659420132637024, 0.9600905179977417),
            ["HumanoidRootPart"] = CFrame.new(0, 0, 0, 1, 0, 0, 0, 1, 0, 0, 0, 1),
            ["RightUpperLeg"] = CFrame.new(5.960464477539063e-08, -2.0023435354232788e-07, -1.6952981241047382e-09, 0.7777516841888428, -0.5444976687431335, 0.31404605507850647, 0.6070516109466553, 0.5210449695587158, -0.6000005006790161, 0.16306674480438232, 0.6572932004928589, 0.7357816100120544),
            ["LeftUpperArm"] = CFrame.new(0.05455887317657471, 0.048722267150878906, -0.11960334330797195, 0.8955850601196289, 0.41938450932502747, -0.14847253262996674, -0.19705578684806824, 0.07473461329936981, -0.9775396585464478, -0.398869127035141, 0.9047272801399231, 0.14957337081432343),
            ["RightLowerArm"] = CFrame.new(-1.7881393432617188e-07, 5.960464477539062e-07, -0.000003725290298461914, 1, -0.000004366039775050012, 0.000018976636056322604, 0.00001898407754197251, -0.0013184844283387065, -0.9999991655349731, 0.000004425644419825403, 0.9999991059303284, -0.0013183359988033772),
            ["LeftHand"] = CFrame.new(-0.0000014901161193847656, -0.000001430511474609375, 1.1920928955078125e-07, 0.14319242537021637, -0.12428845465183258, -0.981859564781189, 0.05531119927763939, 0.9915376305580139, -0.1174471452832222, 0.9881481528282166, -0.037490274757146835, 0.14885538816452026),
            ["LeftFoot"] = CFrame.new(-1.862645149230957e-08, -1.7881393432617188e-07, -1.6763806343078613e-08, 0.97761470079422, -0.20601211488246918, 0.04276009276509285, 0.2102736383676529, 0.9637534022331238, -0.16420885920524597, -0.007381288334727287, 0.16952446103096008, 0.9854984283447266),
            ["LowerTorso"] = CFrame.new(0.15756164491176605, -0.4818991422653198, 0.4876919984817505, 0.9687417149543762, 0.24504996836185455, -0.03860057517886162, -0.24446876347064972, 0.969467282295227, 0.019191447645425797, 0.042124856263399124, -0.00915492232888937, 0.9990705251693726),
            ["RightLowerLeg"] = CFrame.new(8.475035429000854e-08, -0.0007263422012329102, 0.00004612265183823183, 1, 1.6391273049976007e-07, 8.940703111193216e-08, -1.1920928955078125e-07, 0.049429405480623245, 0.9987776875495911, 1.6391277313232422e-07, -0.9987776279449463, 0.04942965880036354),
            ["LeftUpperLeg"] = CFrame.new(-2.9802322387695312e-08, -2.621673047542572e-07, -3.073364496231079e-08, 0.901590883731842, 0.3475845754146576, 0.25752487778663635, -0.04195277392864227, 0.6627582907676697, -0.7476572394371033, -0.43055081367492676, 0.6632769703865051, 0.6121189594268799),
            ["LeftLowerLeg"] = CFrame.new(3.3527612686157227e-08, -0.0007265806198120117, 0.00008097104728221893, 1, 6.705520405603238e-08, 7.54371214384264e-08, -8.940693874137651e-08, 0.5451784729957581, 0.8383198976516724, -7.450577932388569e-09, -0.8383200168609619, 0.5451785922050476),
        }},
        {Time = 0.133, Data = {
            ["RightFoot"] = CFrame.new(8.940696716308594e-08, -2.384185791015625e-07, 7.620110409334302e-08, 0.9253745675086975, 0.37905368208885193, 0.0006483548786491156, -0.29330912232398987, 0.7171303033828735, -0.632213830947876, -0.24010780453681946, 0.5848439931869507, 0.7747937440872192),
            ["LeftLowerArm"] = CFrame.new(0.0000013113021850585938, -4.76837158203125e-07, 0.000005036592483520508, 1, 7.078052277620372e-08, -2.980232594040899e-08, -9.685756197086448e-08, 0.198209747672081, -0.9801596999168396, -6.705523247774181e-08, 0.9801596999168396, 0.1982095092535019),
            ["RightUpperArm"] = CFrame.new(-0.0033684372901916504, 0.005739569664001465, -0.10171958059072495, 0.7935095429420471, -0.39019331336021423, -0.46700331568717957, 0.5505121350288391, 0.7873325943946838, 0.2775672972202301, 0.2593819797039032, -0.47734320163726807, 0.8395620584487915),
            ["Head"] = CFrame.new(2.6542693376541138e-08, -9.5367431640625e-07, -1.695007085800171e-07, 0.9690018892288208, -0.20889168977737427, 0.13190846145153046, 0.22432489693164825, 0.9676425457000732, -0.11552628129720688, -0.10350768268108368, 0.14153537154197693, 0.9845069646835327),
            ["RightHand"] = CFrame.new(2.1047890186309814e-07, 0.0000010132789611816406, -7.227063179016113e-07, 0.8817459344863892, 0.35553640127182007, 0.3100285530090332, -0.2580486834049225, 0.9137098789215088, -0.3139193654060364, -0.39488619565963745, 0.19679470360279083, 0.8974056839942932),
            ["UpperTorso"] = CFrame.new(-1.4156103134155273e-07, -2.980232238769531e-07, 3.5390257835388184e-08, 0.9684426188468933, -0.24896357953548431, -0.011669130064547062, 0.24313928186893463, 0.9334203600883484, 0.2638368308544159, -0.05479360371828079, -0.2583480179309845, 0.9644967317581177),
            ["HumanoidRootPart"] = CFrame.new(0, 0, 0, 1, 0, 0, 0, 1, 0, 0, 0, 1),
            ["RightUpperLeg"] = CFrame.new(-5.960464477539063e-08, -5.480833351612091e-07, -5.571200745180249e-08, 0.7927313446998596, -0.5167945623397827, 0.32326531410217285, 0.5921047925949097, 0.5267806053161621, -0.6098474264144897, 0.14487598836421967, 0.6748522520065308, 0.7235921621322632),
            ["LeftUpperArm"] = CFrame.new(0.058651626110076904, 0.049546241760253906, -0.10184760391712189, 0.8722403049468994, 0.476643830537796, -0.10957977175712585, -0.14908084273338318, 0.045726072043180466, -0.987767219543457, -0.46580228209495544, 0.8779065012931824, 0.11094266176223755),
            ["RightLowerArm"] = CFrame.new(-5.960464477539063e-08, 5.960464477539062e-07, -0.000003844499588012695, 1, -0.000003769993782043457, 0.000019043685824726708, 0.000019036235244129784, -0.02833963930606842, -0.9995983839035034, 0.000004410744168126257, 0.9995983839035034, -0.028339598327875137),
            ["LeftHand"] = CFrame.new(-0.000001430511474609375, -0.0000011324882507324219, 2.980232238769531e-07, 0.08383623510599136, -0.12822000682353973, -0.9881958961486816, 0.17290247976779938, 0.9785165786743164, -0.11229553818702698, 0.9813644289970398, -0.16144683957099915, 0.10420481115579605),
            ["LeftFoot"] = CFrame.new(2.0954757928848267e-08, -5.960464477539063e-08, 1.1175870895385742e-08, 0.9523456692695618, -0.30420875549316406, 0.02224797010421753, 0.3047381639480591, 0.9520685076713562, -0.026460453867912292, -0.013131944462656975, 0.03197929263114929, 0.9994023442268372),
            ["LowerTorso"] = CFrame.new(0.1787894368171692, -0.442970871925354, 0.49696624279022217, 0.9631698727607727, 0.25100642442703247, -0.09643509984016418, -0.2512105703353882, 0.9678785800933838, 0.010217524133622646, 0.09590214490890503, 0.014384305104613304, 0.9952868223190308),
            ["RightLowerLeg"] = CFrame.new(1.4901161193847656e-08, -0.0007265806198120117, 0.00004615617945091799, 1, 1.5646226358967397e-07, 8.940698847936801e-08, -8.940698137394065e-08, 0.08598059415817261, 0.9962968230247498, 1.7136336794010276e-07, -0.9962968826293945, 0.08598039299249649),
            ["LeftUpperLeg"] = CFrame.new(-5.960464477539063e-08, -2.6030465960502625e-07, -9.313225746154785e-09, 0.9118140339851379, 0.3163668215274811, 0.26173868775367737, -0.07572752237319946, 0.7560846209526062, -0.6500780582427979, -0.4035598337650299, 0.5729295611381531, 0.7133662104606628),
            ["LeftLowerLeg"] = CFrame.new(3.91155481338501e-08, -0.0007265210151672363, 0.00008090771734714508, 1, 6.146728281919422e-08, 1.6298145055770874e-09, -4.4703490686970326e-08, 0.6989986300468445, 0.7151230573654175, 2.0489098417897367e-08, -0.7151229977607727, 0.6989986300468445),
        }},
        {Time = 0.167, Data = {
            ["RightFoot"] = CFrame.new(2.8312206268310547e-07, -5.960464477539063e-08, -4.300818545743823e-08, 0.9340952038764954, 0.3553914427757263, 0.034107811748981476, -0.2643052339553833, 0.7525730729103088, -0.6031389832496643, -0.24001897871494293, 0.5543742179870605, 0.7969065308570862),
            ["LeftLowerArm"] = CFrame.new(0.0000011026859283447266, -2.980232238769531e-07, 0.000004649162292480469, 1, 1.1606607586145401e-07, 1.4901164746561335e-08, -2.2351745343485163e-08, 0.30312180519104004, -0.9529519081115723, -6.705523247774181e-08, 0.9529518485069275, 0.30312177538871765),
            ["RightUpperArm"] = CFrame.new(-0.002112865447998047, 0.006413936614990234, -0.0890498012304306, 0.7616575360298157, -0.46309712529182434, -0.4532317519187927, 0.6147401928901672, 0.7375626564025879, 0.27945607900619507, 0.2048715054988861, -0.4914696216583252, 0.8464546203613281),
            ["Head"] = CFrame.new(6.984919309616089e-08, -9.5367431640625e-07, 1.3783574104309082e-07, 0.9530648589134216, -0.21038483083248138, 0.21772849559783936, 0.238678440451622, 0.9645283222198486, -0.11277340352535248, -0.18627935647964478, 0.15944738686084747, 0.969472348690033),
            ["RightHand"] = CFrame.new(8.940696716308594e-08, 0.0000012516975402832031, -8.940696716308594e-07, 0.9212789535522461, 0.24290743470191956, 0.30371150374412537, -0.16345272958278656, 0.950470507144928, -0.26436561346054077, -0.3528856337070465, 0.193912073969841, 0.915352463722229),
            ["UpperTorso"] = CFrame.new(-8.940696716308594e-08, -2.9802322387695312e-08, 6.51925802230835e-09, 0.9716602563858032, -0.23389510810375214, -0.034199751913547516, 0.23484598100185394, 0.9387210607528687, 0.2522900402545929, -0.02690546028316021, -0.2531718313694, 0.9670471549034119),
            ["HumanoidRootPart"] = CFrame.new(0, 0, 0, 1, 0, 0, 0, 1, 0, 0, 0, 1),
            ["RightUpperLeg"] = CFrame.new(-1.1920928955078125e-07, -1.2293457984924316e-07, -2.3115717340260744e-08, 0.8089244961738586, -0.48623061180114746, 0.330485999584198, 0.5743075609207153, 0.5333031415939331, -0.621094822883606, 0.12574611604213715, 0.6922192573547363, 0.710647702217102),
            ["LeftUpperArm"] = CFrame.new(0.05976712703704834, 0.04716646671295166, -0.08881678432226181, 0.845245897769928, 0.5283913016319275, -0.07976319640874863, -0.10341817140579224, 0.015306323766708374, -0.9945201873779297, -0.5242748260498047, 0.8488630652427673, 0.06758284568786621),
            ["RightLowerArm"] = CFrame.new(-8.940696716308594e-08, 4.76837158203125e-07, -0.000003933906555175781, 1, -0.0000032708044273022097, 0.000019229957615607418, 0.000019013883502339013, -0.054321788251399994, -0.9985235333442688, 0.000004403293587529333, 0.9985235333442688, -0.054321806877851486),
            ["LeftHand"] = CFrame.new(-0.0000014603137969970703, -0.000001430511474609375, 2.384185791015625e-07, -0.009064026176929474, -0.15909871459007263, -0.9872210621833801, 0.3271358609199524, 0.932463526725769, -0.15327775478363037, 0.9449338912963867, -0.32434460520744324, 0.043595049530267715),
            ["LeftFoot"] = CFrame.new(1.1711381375789642e-07, -2.384185791015625e-07, -3.725290298461914e-09, 0.9423444867134094, -0.33451047539711, 0.009469671174883842, 0.33289748430252075, 0.9399376511573792, 0.07547552138566971, -0.03414827585220337, -0.06797146052122116, 0.9971027374267578),
            ["LowerTorso"] = CFrame.new(0.19736677408218384, -0.411443829536438, 0.5047329664230347, 0.9559750556945801, 0.2509147822856903, -0.1521628499031067, -0.2529454827308655, 0.9674608707427979, 0.006181775592267513, 0.14876270294189453, 0.03257928416132927, 0.9883361458778381),
            ["RightLowerLeg"] = CFrame.new(6.332993507385254e-08, -0.0007262825965881348, 0.00004613941564457491, 1, 1.9371513815258368e-07, 1.4901166522918174e-08, -1.1920928955078125e-07, 0.12039817869663239, 0.9927257299423218, 1.3783574104309082e-07, -0.9927257299423218, 0.12039818614721298),
            ["LeftUpperLeg"] = CFrame.new(0, -3.725290298461914e-08, -1.210719347000122e-08, 0.9204010963439941, 0.301295667886734, 0.24916428327560425, -0.10626065731048584, 0.8060718178749084, -0.5822002291679382, -0.37625858187675476, 0.5093812346458435, 0.7739251255989075),
            ["LeftLowerLeg"] = CFrame.new(-3.632158041000366e-08, -0.0007266998291015625, 0.00008095894008874893, 1, 5.21540641784668e-08, 6.519259798665189e-09, -4.4703490686970326e-08, 0.778811514377594, 0.6272579431533813, 3.539026138810186e-08, -0.6272581219673157, 0.7788116335868835),
        }},
        {Time = 0.200, Data = {
            ["RightFoot"] = CFrame.new(1.7136335372924805e-07, -1.1920928955078125e-07, -7.281050784513354e-08, 0.9404705166816711, 0.33423715829849243, 0.06164916977286339, -0.24022838473320007, 0.782024085521698, -0.5750903487205505, -0.24042773246765137, 0.5260455012321472, 0.8157637715339661),
            ["LeftLowerArm"] = CFrame.new(0.0000014901161193847656, -2.384185791015625e-07, 0.000004455447196960449, 1, 1.0803339023368608e-07, 4.4703490686970326e-08, -8.940696716308594e-08, 0.4031497538089752, -0.9151341915130615, -5.21540641784668e-08, 0.915134072303772, 0.40314966440200806),
            ["RightUpperArm"] = CFrame.new(-0.004887878894805908, 0.012012004852294922, -0.0814984142780304, 0.7287604808807373, -0.5227095484733582, -0.4423608183860779, 0.6664241552352905, 0.6899132132530212, 0.2826637029647827, 0.15743952989578247, -0.500793993473053, 0.851127564907074),
            ["Head"] = CFrame.new(9.313225746154785e-09, -8.344650268554688e-07, 2.9802322387695312e-08, 0.9327594637870789, -0.20637811720371246, 0.29558074474334717, 0.2511538565158844, 0.9602113366127014, -0.12213104218244553, -0.25861474871635437, 0.18815496563911438, 0.9474788308143616),
            ["RightHand"] = CFrame.new(1.5273690223693848e-07, 0.0000011920928955078125, -6.258487701416016e-07, 0.9414177536964417, 0.12774667143821716, 0.31211093068122864, -0.05691050365567207, 0.9723849892616272, -0.2263372391462326, -0.33240628242492676, 0.1953156441450119, 0.9226908087730408),
            ["UpperTorso"] = CFrame.new(-1.043081283569336e-07, 2.9802322387695312e-08, 1.4901161193847656e-08, 0.9730300903320312, -0.2250111699104309, -0.05081881582736969, 0.2305915355682373, 0.9427139759063721, 0.24107663333415985, -0.006337370257824659, -0.24629314243793488, 0.9691746234893799),
            ["HumanoidRootPart"] = CFrame.new(0, 0, 0, 1, 0, 0, 0, 1, 0, 0, 0, 1),
            ["RightUpperLeg"] = CFrame.new(8.940696716308594e-08, -3.129243850708008e-07, -1.339431037195027e-07, 0.8250190019607544, -0.449811726808548, 0.3420712351799011, 0.5555574893951416, 0.5348028540611267, -0.6366646885871887, 0.10343870520591736, 0.7153007984161377, 0.6911189556121826),
            ["LeftUpperArm"] = CFrame.new(0.05650681257247925, 0.03966724872589111, -0.08125834167003632, 0.8179578185081482, 0.5724058747291565, -0.057416751980781555, -0.05875658988952637, -0.016159316524863243, -0.9981415867805481, -0.5722699165344238, 0.819811224937439, 0.02041494846343994),
            ["RightLowerArm"] = CFrame.new(8.940696716308594e-08, 7.152557373046875e-07, -0.000003814697265625, 1, -0.0000030398362014238955, 0.00001922995397762861, 0.000019006429283763282, -0.06921195983886719, -0.9976019859313965, 0.000004433095000422327, 0.9976019859313965, -0.06921197474002838),
            ["LeftHand"] = CFrame.new(-0.0000014901161193847656, -0.0000011324882507324219, 2.980232238769531e-07, -0.07355525344610214, -0.14552219212055206, -0.9866169095039368, 0.4745839834213257, 0.8649927377700806, -0.1629648655653, 0.8771315813064575, -0.48021960258483887, 0.005437841173261404),
            ["LeftFoot"] = CFrame.new(-2.8405338525772095e-08, 0, 1.4901161193847656e-08, 0.9362492561340332, -0.3485506474971771, 0.044157031923532486, 0.34250408411026, 0.9334791302680969, 0.10633772611618042, -0.07828374952077866, -0.08443467319011688, 0.9933491945266724),
            ["LowerTorso"] = CFrame.new(0.21442092955112457, -0.38722169399261475, 0.5110690593719482, 0.9460874199867249, 0.24918735027313232, -0.2069406509399414, -0.2522630989551544, 0.9675864577293396, 0.011826458387076855, 0.2031800001859665, 0.04101462662220001, 0.9782820343971252),
            ["RightLowerLeg"] = CFrame.new(5.587935447692871e-09, -0.0007264018058776855, 0.00004598667874233797, 1, 1.9371513815258368e-07, 0, -1.1920927533992653e-07, 0.14958877861499786, 0.98874831199646, 1.471489525783909e-07, -0.98874831199646, 0.14958873391151428),
            ["LeftUpperLeg"] = CFrame.new(0, -2.5704503059387207e-07, 7.450580596923828e-09, 0.9302715063095093, 0.29899492859840393, 0.2125958651304245, -0.14211973547935486, 0.8279329538345337, -0.542521059513092, -0.3382262587547302, 0.47447776794433594, 0.8126954436302185),
            ["LeftLowerLeg"] = CFrame.new(8.754432201385498e-08, -0.0007266402244567871, 0.00008111074566841125, 1, 2.9336661100387573e-08, 2.9802318834981634e-08, -2.9802318834981634e-08, 0.8066344857215881, 0.5910505652427673, 2.9802318834981634e-08, -0.5910506248474121, 0.8066344857215881),
        }},
        {Time = 0.233, Data = {
            ["RightFoot"] = CFrame.new(1.043081283569336e-07, 0, -5.790934665128589e-08, 0.9442864060401917, 0.31811249256134033, 0.08442453294992447, -0.22233429551124573, 0.8056868314743042, -0.5490323901176453, -0.24267396330833435, 0.4996732771396637, 0.8315262794494629),
            ["LeftLowerArm"] = CFrame.new(0.0000016093254089355469, -2.384185791015625e-07, 0.000004649162292480469, 1, 8.940695295223122e-08, -3.7252917195473856e-08, -3.539026138810186e-08, 0.49383804202079773, -0.8695539832115173, -7.450581307466564e-08, 0.8695538640022278, 0.4938380718231201),
            ["RightUpperArm"] = CFrame.new(-0.010923624038696289, 0.01998603343963623, -0.07668128609657288, 0.6968294978141785, -0.5718364715576172, -0.4329337477684021, 0.7069538235664368, 0.6494461894035339, 0.2800646126270294, 0.12101613730192184, -0.501221239566803, 0.8568152189254761),
            ["Head"] = CFrame.new(-1.862645149230957e-08, -4.76837158203125e-07, -1.341104507446289e-07, 0.9104284644126892, -0.19460521638393402, 0.36503300070762634, 0.2575899362564087, 0.9571722149848938, -0.13217023015022278, -0.323678195476532, 0.21436014771461487, 0.9215649366378784),
            ["RightHand"] = CFrame.new(8.344650268554688e-07, 9.5367431640625e-07, -7.450580596923828e-07, 0.9444025158882141, 0.02703850157558918, 0.3276776671409607, 0.039433352649211884, 0.9801045656204224, -0.19452501833438873, -0.3264184296131134, 0.19663149118423462, 0.9245471358299255),
            ["UpperTorso"] = CFrame.new(0, 8.940696716308594e-08, 3.725290298461914e-09, 0.972747802734375, -0.22276797890663147, -0.0643133595585823, 0.23162636160850525, 0.9462190270423889, 0.22587332129478455, 0.010536987334489822, -0.2346145063638687, 0.9720313549041748),
            ["HumanoidRootPart"] = CFrame.new(0, 0, 0, 1, 0, 0, 0, 1, 0, 0, 0, 1),
            ["RightUpperLeg"] = CFrame.new(8.940696716308594e-08, -6.705522537231445e-08, -5.012407200410962e-08, 0.8368048667907715, -0.41443026065826416, 0.3577781617641449, 0.5415618419647217, 0.5305529236793518, -0.6520923972129822, 0.08042659610509872, 0.7394329905509949, 0.6684088110923767),
            ["LeftUpperArm"] = CFrame.new(0.05010122060775757, 0.029103994369506836, -0.07659522444009781, 0.7900481224060059, 0.611894965171814, -0.037532541900873184, -0.016431212425231934, -0.04006567224860191, -0.9990619421005249, -0.612824559211731, 0.7899236083030701, -0.021599682047963142),
            ["RightLowerArm"] = CFrame.new(7.748603820800781e-07, 8.344650268554688e-07, -0.0000037550926208496094, 1, -0.00000321120023727417, 0.000019244856957811862, 0.000019006431102752686, -0.060591816902160645, -0.9981626272201538, 0.000004462897777557373, 0.9981626272201538, -0.06059174984693527),
            ["LeftHand"] = CFrame.new(-0.0000014007091522216797, -0.0000010728836059570312, 2.086162567138672e-07, -0.09898997098207474, -0.07388359308242798, -0.9923418164253235, 0.5924432277679443, 0.7968599200248718, -0.11842792481184006, 0.7995074391365051, -0.5996294617652893, -0.03510935232043266),
            ["LeftFoot"] = CFrame.new(-7.380731403827667e-08, -5.960464477539063e-08, 8.847564458847046e-09, 0.9420990347862244, -0.320708692073822, 0.09795653074979782, 0.3084501624107361, 0.9433749914169312, 0.12207461893558502, -0.13155989348888397, -0.08479153364896774, 0.9876751899719238),
            ["LowerTorso"] = CFrame.new(0.22694168984889984, -0.36938536167144775, 0.5166268348693848, 0.9336320161819458, 0.24928772449493408, -0.25726842880249023, -0.2522878646850586, 0.9674058556556702, 0.021838713437318802, 0.25432711839675903, 0.044516369700431824, 0.9660931825637817),
            ["RightLowerLeg"] = CFrame.new(-8.568167686462402e-08, -0.0007262229919433594, 0.000046166016545612365, 1, 8.195642919872625e-08, 2.980233304583635e-08, -1.4901159772762185e-07, 0.1731770783662796, 0.9848906993865967, 1.7631099069603806e-07, -0.9848907589912415, 0.17317719757556915),
            ["LeftUpperLeg"] = CFrame.new(-2.9802322387695312e-08, -9.685754776000977e-08, 7.450580596923828e-09, 0.9355369210243225, 0.30472254753112793, 0.17864719033241272, -0.16552485525608063, 0.8249832987785339, -0.5403740406036377, -0.31204530596733093, 0.4759693145751953, 0.8222414255142212),
            ["LeftLowerLeg"] = CFrame.new(5.448237061500549e-08, -0.0007263422012329102, 0.0000810474157333374, 1, 4.889444227273998e-08, 0, -2.9802322387695312e-08, 0.787368893623352, 0.6164821982383728, 2.60770320892334e-08, -0.6164821982383728, 0.7873688340187073),
        }},
        {Time = 0.267, Data = {
            ["RightFoot"] = CFrame.new(2.682209014892578e-07, -1.7881393432617188e-07, 1.2835516827180982e-07, 0.9457498788833618, 0.30743876099586487, 0.10506515204906464, -0.20791177451610565, 0.8211939930915833, -0.5314255952835083, -0.2496597170829773, 0.4807514250278473, 0.8405641913414001),
            ["LeftLowerArm"] = CFrame.new(0.0000013709068298339844, -5.364418029785156e-07, 0.000004626810550689697, 1, 9.685753354915505e-08, 7.450580596923828e-09, -5.4016702222270396e-08, 0.5735623836517334, -0.8191620111465454, -9.685753354915505e-08, 0.8191618919372559, 0.5735622644424438),
            ["RightUpperArm"] = CFrame.new(-0.017695724964141846, 0.02636861801147461, -0.07706066966056824, 0.6631723642349243, -0.5977943539619446, -0.45038241147994995, 0.739249587059021, 0.6172922253608704, 0.2691846787929535, 0.1171005591750145, -0.5114608407020569, 0.8512903451919556),
            ["Head"] = CFrame.new(-2.2351741790771484e-08, -7.152557373046875e-07, 1.4901161193847656e-08, 0.8919700980186462, -0.1805191934108734, 0.4144904613494873, 0.2586909830570221, 0.9556918144226074, -0.14047132432460785, -0.37076738476753235, 0.23252108693122864, 0.8991470336914062),
            ["RightHand"] = CFrame.new(7.525086402893066e-07, 0.0000012516975402832031, -8.419156074523926e-07, 0.9411758184432983, -0.036394376307725906, 0.33595141768455505, 0.10442374646663666, 0.9768475294113159, -0.186721071600914, -0.3213779926300049, 0.21081867814064026, 0.9231858253479004),
            ["UpperTorso"] = CFrame.new(-1.0058283805847168e-07, -1.1920928955078125e-07, 5.960464477539063e-08, 0.9710014462471008, -0.22570109367370605, -0.07883688807487488, 0.2375059425830841, 0.9483808279037476, 0.21015428006649017, 0.027335122227668762, -0.22278429567813873, 0.9744845032691956),
            ["HumanoidRootPart"] = CFrame.new(0, 0, 0, 1, 0, 0, 0, 1, 0, 0, 0, 1),
            ["RightUpperLeg"] = CFrame.new(-2.9802322387695312e-08, -4.0978193283081055e-08, -4.639878170564771e-08, 0.8421149253845215, -0.39403676986694336, 0.3682084381580353, 0.534294605255127, 0.5167927742004395, -0.6689203977584839, 0.07329179346561432, 0.7600396275520325, 0.64573073387146),
            ["LeftUpperArm"] = CFrame.new(0.04330551624298096, 0.02007150650024414, -0.07710302621126175, 0.7695009708404541, 0.6381951570510864, -0.023983124643564224, 0.01811836287379265, -0.05935348942875862, -0.998072624206543, -0.6383886337280273, 0.7675833702087402, -0.05723562464118004),
            ["RightLowerArm"] = CFrame.new(4.172325134277344e-07, 4.76837158203125e-07, -0.000003874301910400391, 1, -0.000003784894033742603, 0.000019095845345873386, 0.000019080936908721924, -0.032592110335826874, -0.9994688034057617, 0.000004388391971588135, 0.9994688034057617, -0.032592009752988815),
            ["LeftHand"] = CFrame.new(-0.000001341104507446289, -0.0000012516975402832031, 8.940696716308594e-08, -0.07438115030527115, 0.0012872967636212707, -0.9972290396690369, 0.6734857559204102, 0.7375555038452148, -0.04928183928132057, 0.73544842004776, -0.6752853393554688, -0.055727265775203705),
            ["LeftFoot"] = CFrame.new(-6.391201168298721e-08, -2.384185791015625e-07, 9.313225746154785e-09, 0.9502992630004883, -0.2740597128868103, 0.14772513508796692, 0.25400134921073914, 0.9568449854850769, 0.14117740094661713, -0.18004105985164642, -0.09663834422826767, 0.9789005517959595),
