return {
    ["Swagger Strut"] = {
        {Time = 0.000, Data = {
            ["RightFoot"] = CFrame.new(-8.568167686462402e-08, 2.980232238769531e-07, 2.590968506410718e-08, 0.958840548992157, -0.13540522754192352, -0.24957367777824402, 0.1401602178812027, 0.9901294112205505, 0.0012593093561008573, 0.24694108963012695, -0.03618602082133293, 0.9683550596237183),
            ["LeftLowerArm"] = CFrame.new(-6.854534149169922e-07, 3.5762786865234375e-07, -4.6193599700927734e-07, 1, -1.0989603538291703e-07, -3.725291630729544e-09, 4.842877388000488e-08, 0.23575879633426666, -0.9718115925788879, 1.5459954738616943e-07, 0.9718116521835327, 0.2357589602470398),
            ["LeftFoot"] = CFrame.new(7.450580596923828e-09, 0, -1.1920928955078125e-07, 0.9686557650566101, -0.20942214131355286, 0.13359802961349487, 0.2316252589225769, 0.9557896256446838, -0.18115243315696716, -0.08975434303283691, 0.2064184844493866, 0.9743384718894958),
            ["Head"] = CFrame.new(-8.847564458847046e-09, 0, 8.66566551849246e-09, 0.9859063625335693, -0.030263083055615425, -0.16453805565834045, -0.008858541026711464, 0.972679615020752, -0.2319825440645218, 0.1670634150505066, 0.23017074167728424, 0.9587030410766602),
            ["LowerTorso"] = CFrame.new(0.07839354872703552, -0.07828307151794434, 0.3291088044643402, 0.9501444101333618, -0.0382952019572258, 0.3094497323036194, 0.023658214136958122, 0.9984226822853088, 0.05091645568609238, -0.3109113872051239, -0.04105694964528084, 0.9495516419410706),
            ["UpperTorso"] = CFrame.new(-5.587935447692871e-09, 1.1920928955078125e-07, -1.4901161193847656e-08, 0.9559683799743652, -0.04208320379257202, -0.29043707251548767, 0.006667628418654203, 0.9925241470336914, -0.12186652421951294, 0.2933942377567291, 0.11456398665904999, 0.9491021633148193),
            ["HumanoidRootPart"] = CFrame.new(0, 0, 0, 1, 0, 0, 0, 1, 0, 0, 0, 1),
            ["RightUpperLeg"] = CFrame.new(-1.1920928955078125e-07, -6.705522537231445e-08, -6.129994289949536e-08, 0.823165774345398, -0.055790696293115616, -0.5650545954704285, -0.18021699786186218, 0.9180395007133484, -0.3531692624092102, 0.5384422540664673, 0.3925441801548004, 0.7456438541412354),
            ["LeftUpperArm"] = CFrame.new(0, 1.1920928955078125e-07, 7.450580596923828e-09, -0.0015299239894375205, 0.8330522775650024, -0.5531920790672302, -0.5491663217544556, 0.4616102874279022, 0.6966580748558044, 0.8357117176055908, 0.30486056208610535, 0.45677801966667175),
            ["RightLowerArm"] = CFrame.new(1.1920928955078125e-07, -2.980232238769531e-07, -1.043081283569336e-07, 1, -6.938371654996445e-08, 1.1506166686103825e-07, 3.550666960450144e-08, 0.6556265950202942, -0.7550883293151855, 4.9767542975587276e-08, 0.7550853490829468, 0.6556230783462524),
            ["LeftHand"] = CFrame.new(-3.725290298461914e-08, 5.960464477539063e-08, 5.21540641784668e-08, 0.9497410655021667, -0.2791775166988373, -0.14160457253456116, 0.312852680683136, 0.8620249629020691, 0.39879298210144043, 0.010732724331319332, -0.4230518043041229, 0.9060420393943787),
            ["RightHand"] = CFrame.new(1.341104507446289e-07, 5.960464477539063e-08, -2.9802322387695312e-08, 0.9484651684761047, 0.3095110356807709, 0.06791737675666809, -0.31687816977500916, 0.925390899181366, 0.2079552710056305, 0.001520178047940135, -0.21875691413879395, 0.9757775664329529),
            ["RightUpperArm"] = CFrame.new(-5.960464477539063e-08, 0, 2.9802322387695312e-08, 0.7621402740478516, -0.4060641825199127, 0.5042344331741333, -0.08687163144350052, 0.7076581120491028, 0.7011939287185669, -0.6415570974349976, -0.5782145261764526, 0.5040583610534668),
            ["RightLowerLeg"] = CFrame.new(-7.450580596923828e-08, -0.000060498714447021484, -0.00007215717778308317, 1, -3.1665010169490415e-08, -6.5192611309328186e-09, 4.470347292340193e-08, 0.9616034626960754, 0.2744433581829071, -8.940694584680386e-08, -0.2744429111480713, 0.9616032838821411),
            ["LeftUpperLeg"] = CFrame.new(2.9802322387695312e-08, -9.406358003616333e-08, 7.450580596923828e-09, 0.9717963933944702, 0.23382419347763062, -0.03062896616756916, -0.23421816527843475, 0.9721335172653198, -0.009919941425323486, 0.0274557713419199, 0.01681402698159218, 0.9994816184043884),
            ["LeftLowerLeg"] = CFrame.new(-2.9802322387695312e-08, 0.000060558319091796875, 0.00007206574082374573, 1, 7.450580596923828e-08, 5.960465188081798e-08, -6.332994928470725e-08, 0.6699594259262085, 0.7423978447914124, 8.381905303167514e-08, -0.7423977851867676, 0.6699592471122742),
        }},
        {Time = 0.033, Data = {
            ["RightFoot"] = CFrame.new(-7.264316082000732e-08, 3.5762786865234375e-07, -5.75528247281909e-09, 0.9595372080802917, -0.12262691557407379, -0.25347232818603516, 0.05354978144168854, 0.9632236361503601, -0.26331084966659546, 0.27644336223602295, 0.2390879988670349, 0.9308164119720459),
            ["LeftLowerArm"] = CFrame.new(3.5762786865234375e-07, -3.5762786865234375e-07, -6.705522537231445e-08, 1, -7.450579886381092e-08, 1.1175873737556685e-07, 1.6391277313232422e-07, 0.24769280850887299, -0.968838632106781, 1.2665987014770508e-07, 0.9688386917114258, 0.24769280850887299),
            ["LeftFoot"] = CFrame.new(-1.4901161193847656e-08, 5.960464477539063e-08, -1.4901161193847656e-08, 0.9849873185157776, -0.14195217192173004, 0.09823307394981384, 0.1613299548625946, 0.9594274759292603, -0.2312394380569458, -0.06142231822013855, 0.24361571669578552, 0.9679248929023743),
            ["Head"] = CFrame.new(1.5832483768463135e-08, 2.384185791015625e-07, 2.6891939342021942e-08, 0.98466956615448, -0.03609027713537216, -0.1706559658050537, -0.005885682068765163, 0.9709298610687256, -0.23929166793823242, 0.17433105409145355, 0.2366277426481247, 0.9558327198028564),
            ["LowerTorso"] = CFrame.new(0.10865316540002823, -0.14930129051208496, 0.28975194692611694, 0.9484992623329163, -0.05168125405907631, 0.3125353455543518, 0.04351228475570679, 0.9985057711601257, 0.03306085616350174, -0.3137768805027008, -0.017759069800376892, 0.9493306875228882),
            ["UpperTorso"] = CFrame.new(0, -8.940696716308594e-08, -3.91155481338501e-08, 0.9620842933654785, -0.028674758970737457, -0.27124130725860596, -0.0009263334213756025, 0.9941092133522034, -0.10837960243225098, 0.2727511525154114, 0.10452156513929367, 0.9563901424407959),
            ["HumanoidRootPart"] = CFrame.new(0, 0, 0, 1, 0, 0, 0, 1, 0, 0, 0, 1),
            ["RightUpperLeg"] = CFrame.new(0, 4.493631422519684e-08, -4.639878170564771e-08, 0.8202014565467834, -0.11280129849910736, -0.5608442425727844, -0.1786268800497055, 0.8808601498603821, -0.43838444352149963, 0.5434722304344177, 0.45974037051200867, 0.702333927154541),
            ["LeftUpperArm"] = CFrame.new(-1.1920928955078125e-07, 0, 3.725290298461914e-09, 0.1122254803776741, 0.7907351851463318, -0.6017835736274719, -0.6193451881408691, 0.5292465686798096, 0.579922080039978, 0.7770567536354065, 0.3076298236846924, 0.5491329431533813),
            ["RightLowerArm"] = CFrame.new(2.384185791015625e-07, -1.1920928955078125e-07, 2.8312206268310547e-07, 1, -3.5390371522225905e-08, -6.519236706026277e-08, 1.4901161193847656e-07, 0.585002601146698, -0.8110340237617493, 7.450580596923828e-09, 0.8110315203666687, 0.5849989056587219),
            ["LeftHand"] = CFrame.new(8.940696716308594e-08, -1.1920928955078125e-07, -1.1175870895385742e-07, 0.9636408090591431, -0.23637960851192474, -0.1245836541056633, 0.264300674200058, 0.911742091178894, 0.31443819403648376, 0.039261266589164734, -0.33593305945396423, 0.9410673379898071),
            ["RightHand"] = CFrame.new(1.4901161193847656e-07, 1.1920928955078125e-07, 7.450580596923828e-08, 0.9353637099266052, 0.3444662392139435, 0.08020420372486115, -0.35125333070755005, 0.8781791925430298, 0.3246988356113434, 0.0414215549826622, -0.3318799138069153, 0.9424108266830444),
            ["RightUpperArm"] = CFrame.new(1.1920928955078125e-07, 0, 1.4901161193847656e-08, 0.5454893112182617, -0.476703941822052, 0.6893429756164551, -0.2333517223596573, 0.7035797238349915, 0.671208381652832, -0.8049772381782532, -0.5269998908042908, 0.27255403995513916),
            ["RightLowerLeg"] = CFrame.new(-7.450580596923828e-09, -0.000060498714447021484, -0.00007203051791293547, 1, -1.3038521728958585e-07, 1.862645371275562e-09, 7.543710722757169e-08, 0.7675889730453491, 0.640940248966217, -8.195636524988004e-08, -0.640942394733429, 0.7675908207893372),
            ["LeftUpperLeg"] = CFrame.new(0, -3.259629011154175e-08, -5.960464477539063e-08, 0.947877824306488, 0.31718677282333374, -0.03033551201224327, -0.31815528869628906, 0.9473718404769897, -0.035552240908145905, 0.0174618698656559, 0.04335041716694832, 0.9989073872566223),
            ["LeftLowerLeg"] = CFrame.new(-5.960464477539063e-08, 0.000060617923736572266, 0.00007206201553344727, 1, 4.4703494239684005e-08, 2.2351747119842003e-08, -8.009374852235851e-08, 0.4818013310432434, 0.8762806057929993, 1.5797560593000526e-07, -0.8762806057929993, 0.481801301240921),
        }},
        {Time = 0.067, Data = {
            ["RightFoot"] = CFrame.new(-9.313225746154785e-09, 2.384185791015625e-07, -5.790934665128589e-08, 0.9621380567550659, -0.12035442143678665, -0.24454493820667267, -0.003354367334395647, 0.891914963722229, -0.4521882236003876, 0.2725420892238617, 0.4358927309513092, 0.8577433228492737),
            ["LeftLowerArm"] = CFrame.new(8.940696716308594e-08, -1.7881393432617188e-07, -2.3096799850463867e-07, 1, -1.1920928955078125e-07, 4.842877388000488e-08, 7.450579886381092e-08, 0.24320489168167114, -0.9699749946594238, 1.0430811414607888e-07, 0.9699749946594238, 0.24320493638515472),
            ["LeftFoot"] = CFrame.new(5.960464477539063e-08, -1.7881393432617188e-07, 1.043081283569336e-07, 0.9732091426849365, -0.18449321389198303, 0.13720902800559998, 0.2169269621372223, 0.9345657825469971, -0.2820103168487549, -0.07620175927877426, 0.30421915650367737, 0.9495493769645691),
            ["Head"] = CFrame.new(-1.30385160446167e-08, -2.384185791015625e-07, -1.0943040251731873e-08, 0.9865861535072327, -0.022939421236515045, -0.16162145137786865, -0.015156609006226063, 0.9729280471801758, -0.2306109517812729, 0.1625361442565918, 0.22996734082698822, 0.95952969789505),
            ["LowerTorso"] = CFrame.new(0.14091750979423523, -0.23656344413757324, 0.25165751576423645, 0.9538431167602539, -0.07708295434713364, 0.290243923664093, 0.07639305293560028, 0.9969833493232727, 0.013724429532885551, -0.29042619466781616, 0.009081653319299221, 0.9568542838096619),
            ["UpperTorso"] = CFrame.new(-7.450580596923828e-09, -3.5762786865234375e-07, -1.6763806343078613e-08, 0.9713364839553833, 0.004734806716442108, -0.2376616895198822, -0.021646393463015556, 0.9974095225334167, -0.0685991421341896, 0.23672112822532654, 0.07177739590406418, 0.9689227342605591),
            ["HumanoidRootPart"] = CFrame.new(0, 0, 0, 1, 0, 0, 0, 1, 0, 0, 0, 1),
            ["RightUpperLeg"] = CFrame.new(-5.960464477539063e-08, -6.618793122470379e-07, 2.8107024263590574e-08, 0.822368860244751, -0.0879061296582222, -0.5621232390403748, -0.19384704530239105, 0.8855970501899719, -0.4220719039440155, 0.5349138379096985, 0.4560597836971283, 0.7112473249435425),
            ["LeftUpperArm"] = CFrame.new(0, -2.384185791015625e-07, 3.725290298461914e-09, 0.29075461626052856, 0.7516571283340454, -0.5920077562332153, -0.6595104932785034, 0.605712354183197, 0.4451500177383423, 0.6931865811347961, 0.26100608706474304, 0.6718394756317139),
            ["RightLowerArm"] = CFrame.new(-2.9802322387695312e-08, 5.960464477539063e-08, -1.6688136383891106e-07, 1, -1.1175913527949888e-08, -1.4901104350428795e-08, 1.0430814256778831e-07, 0.5247986316680908, -0.8512288331985474, 6.891787762697277e-08, 0.8512265086174011, 0.5247946381568909),
            ["LeftHand"] = CFrame.new(2.682209014892578e-07, 1.1920928955078125e-07, -7.078051567077637e-08, 0.9752309322357178, -0.18892255425453186, -0.11503410339355469, 0.21027366816997528, 0.9532194137573242, 0.21715867519378662, 0.06862631440162659, -0.23596857488155365, 0.9693345427513123),
            ["RightHand"] = CFrame.new(-7.450580596923828e-08, 0, -9.685754776000977e-08, 0.9168646931648254, 0.3836674094200134, 0.11024133861064911, -0.397650808095932, 0.8535125851631165, 0.3367464244365692, 0.035114217549562454, -0.35258445143699646, 0.9351196885108948),
            ["RightUpperArm"] = CFrame.new(-5.960464477539063e-08, -1.1920928955078125e-07, -3.725290298461914e-09, 0.2181580662727356, -0.5886216759681702, 0.7784155607223511, -0.30597779154777527, 0.716153621673584, 0.6272953152656555, -0.9267064332962036, -0.37503138184547424, -0.023872332647442818),
            ["RightLowerLeg"] = CFrame.new(-4.470348358154297e-08, -0.00006031990051269531, -0.0000721050237189047, 1, -1.4156103134155273e-07, -7.450580596923828e-08, 1.043081283569336e-07, 0.5995384454727173, 0.8003436326980591, -6.332993507385254e-08, -0.8003460168838501, 0.5995416045188904),
            ["LeftUpperLeg"] = CFrame.new(2.9802322387695312e-08, -5.895271897315979e-07, -3.91155481338501e-08, 0.9221807718276978, 0.3824450969696045, -0.05760665982961655, -0.3834155797958374, 0.9235537052154541, -0.006420323625206947, 0.05074711889028549, 0.02800789847970009, 0.9983187317848206),
            ["LeftLowerLeg"] = CFrame.new(-2.9802322387695312e-08, 0.00006085634231567383, 0.00007214001379907131, 1, 5.960465898624534e-08, 1.3783576946480025e-07, -1.1920930376163597e-07, 0.32003745436668396, 0.9474049806594849, 6.699702481682834e-08, -0.9474049210548401, 0.3200374245643616),
        }},
        {Time = 0.100, Data = {
            ["RightFoot"] = CFrame.new(-7.450580596923828e-08, 4.172325134277344e-07, -8.026108844205737e-08, 0.9672751426696777, -0.11705517768859863, -0.2251090407371521, -0.030450060963630676, 0.8272363543510437, -0.5610266923904419, 0.25189635157585144, 0.5495253205299377, 0.7966021299362183),
            ["LeftLowerArm"] = CFrame.new(-2.682209014892578e-07, 2.980232238769531e-07, -1.601874828338623e-07, 1, -7.450577754752885e-08, 6.332997770641668e-08, 2.2351747119842003e-08, 0.2712373733520508, -0.9625124931335449, 5.960465898624534e-08, 0.9625125527381897, 0.27123770117759705),
            ["LeftFoot"] = CFrame.new(-5.960464477539063e-08, 1.1920928955078125e-07, -5.21540641784668e-08, 0.9727166891098022, -0.17323754727840424, 0.15430861711502075, 0.21582399308681488, 0.9197058081626892, -0.32796594500541687, -0.08510243147611618, 0.35232090950012207, 0.9320016503334045),
            ["Head"] = CFrame.new(0, -1.1920928955078125e-07, 0, 0.9890604615211487, -0.016760971397161484, -0.14655530452728271, -0.014217258431017399, 0.9780668020248413, -0.20780587196350098, 0.1468239575624466, 0.20761626958847046, 0.9671289324760437),
            ["LowerTorso"] = CFrame.new(0.17078039050102234, -0.2951033115386963, 0.2360970824956894, 0.9609639644622803, -0.11122618615627289, 0.25333186984062195, 0.1133413165807724, 0.9935362935066223, 0.006277703680098057, -0.25239256024360657, 0.02268030494451523, 0.9673590660095215),
            ["UpperTorso"] = CFrame.new(-7.450580596923828e-09, 5.960464477539063e-08, 2.0489096641540527e-08, 0.9810940027236938, 0.05901796743273735, -0.18431329727172852, -0.06424833089113235, 0.9976796507835388, -0.02253040298819542, 0.18255582451820374, 0.03394632041454315, 0.9826093316078186),
            ["HumanoidRootPart"] = CFrame.new(0, 0, 0, 1, 0, 0, 0, 1, 0, 0, 0, 1),
            ["RightUpperLeg"] = CFrame.new(1.1920928955078125e-07, 3.4691765904426575e-08, 7.932976586744189e-08, 0.8252056241035461, -0.017756760120391846, -0.5645531415939331, -0.21820209920406342, 0.9118966460227966, -0.34761497378349304, 0.5209832787513733, 0.41003572940826416, 0.7486278414726257),
            ["LeftUpperArm"] = CFrame.new(1.1920928955078125e-07, -4.76837158203125e-07, -7.450580596923828e-09, 0.4748203158378601, 0.7003427147865295, -0.5329779982566833, -0.6501893997192383, 0.6872875690460205, 0.32386645674705505, 0.5931268334388733, 0.19275854527950287, 0.781693696975708),
            ["RightLowerArm"] = CFrame.new(1.1920928955078125e-07, 3.5762786865234375e-07, 1.8347054719924927e-07, 1, -1.6763891608206904e-08, 4.8428532295474724e-08, 6.70552182668871e-08, 0.36617735028266907, -0.9305465221405029, 6.70552182668871e-08, 0.9305451512336731, 0.36617371439933777),
            ["LeftHand"] = CFrame.new(8.940696716308594e-08, 1.1920928955078125e-07, 1.4901161193847656e-08, 0.9838913083076477, -0.1406763643026352, -0.11030960083007812, 0.15417717397212982, 0.9800664186477661, 0.12529674172401428, 0.0904843732714653, -0.140285924077034, 0.9859678745269775),
            ["RightHand"] = CFrame.new(-9.313225746154785e-10, -5.960464477539063e-08, 9.313225746154785e-08, 0.9130341410636902, 0.38721099495887756, 0.12818343937397003, -0.40387168526649475, 0.8142940402030945, 0.416919469833374, 0.05706533044576645, -0.4324268102645874, 0.899859607219696),
            ["RightUpperArm"] = CFrame.new(-1.1920928955078125e-07, -4.76837158203125e-07, -7.450580596923828e-09, 0.13326895236968994, -0.7290562391281128, 0.6713536381721497, -0.24932360649108887, 0.6309471130371094, 0.7346711754798889, -0.9592065215110779, -0.2652975022792816, -0.09768718481063843),
            ["RightLowerLeg"] = CFrame.new(1.043081283569336e-07, -0.000060439109802246094, -0.00007203051791293547, 1, -8.195636524988004e-08, -8.940698137394065e-08, 9.965152969471092e-08, 0.5356556177139282, 0.8444346189498901, -1.4901162614933128e-07, -0.8444365859031677, 0.5356586575508118),
            ["LeftUpperLeg"] = CFrame.new(-5.960464477539063e-08, -1.909211277961731e-07, -3.632158041000366e-08, 0.8860116600990295, 0.45562878251075745, -0.08594038337469101, -0.46287673711776733, 0.8799719214439392, -0.1067458763718605, 0.026988444849848747, 0.13435786962509155, 0.9905653595924377),
            ["LeftLowerLeg"] = CFrame.new(7.450580596923828e-09, 0.00006079673767089844, 0.00007207691669464111, 1, 8.195640788244418e-08, 5.3085386753082275e-08, -1.0337681999317283e-07, 0.019282415509223938, 0.9998141527175903, 6.705523247774181e-08, -0.9998140931129456, 0.01928219571709633),
        }},
        {Time = 0.133, Data = {
            ["RightFoot"] = CFrame.new(1.4901161193847656e-08, 2.980232238769531e-07, -2.0656443666666746e-08, 0.9717420935630798, -0.10199551284313202, -0.21286559104919434, -0.03159838169813156, 0.8374754190444946, -0.5455605983734131, 0.23392070829868317, 0.536872386932373, 0.810587465763092),
            ["LeftLowerArm"] = CFrame.new(-5.960464477539063e-08, -1.7881393432617188e-07, 2.2351741790771484e-08, 1, -1.266598985694145e-07, 8.940694584680386e-08, 5.8673322200775146e-08, 0.3677726686000824, -0.9299158453941345, 7.450580596923828e-08, 0.9299158453941345, 0.36777248978614807),
            ["LeftFoot"] = CFrame.new(2.9802322387695312e-08, -5.960464477539063e-08, -8.195638656616211e-08, 0.9674122929573059, -0.18773561716079712, 0.16990934312343597, 0.23996323347091675, 0.8939275741577148, -0.3785642981529236, -0.08081641048192978, 0.40699994564056396, 0.9098460078239441),
            ["Head"] = CFrame.new(5.587935447692871e-09, 2.384185791015625e-07, -1.30385160446167e-08, 0.9900764226913452, -0.016462409868836403, -0.13956281542778015, -0.003522842191159725, 0.9898952841758728, -0.14175651967525482, 0.1404862403869629, 0.14084148406982422, 0.980013906955719),
            ["LowerTorso"] = CFrame.new(0.18616682291030884, -0.24828016757965088, 0.24606172740459442, 0.9695596694946289, -0.129362553358078, 0.20789296925067902, 0.13026542961597443, 0.9914345741271973, 0.009401080198585987, -0.2073284089565277, 0.017966357991099358, 0.9781063795089722),
            ["UpperTorso"] = CFrame.new(-5.21540641784668e-08, -1.1920928955078125e-07, -2.7939677238464355e-08, 0.9895523190498352, 0.09549286961555481, -0.10801573097705841, -0.09681665897369385, 0.9952772259712219, -0.007066329009830952, 0.10683073848485947, 0.01745019666850567, 0.9941241145133972),
            ["HumanoidRootPart"] = CFrame.new(0, 0, 0, 1, 0, 0, 0, 1, 0, 0, 0, 1),
            ["RightUpperLeg"] = CFrame.new(-1.4901161193847656e-07, -1.6298145055770874e-07, 2.029992174357176e-09, 0.8416191935539246, 0.08802606165409088, -0.532848596572876, -0.22103826701641083, 0.9563571214675903, -0.1911209225654602, 0.4927669167518616, 0.278626024723053, 0.8243453502655029),
            ["LeftUpperArm"] = CFrame.new(0, 3.5762786865234375e-07, -2.9802322387695312e-08, 0.6259575486183167, 0.6186395287513733, -0.4748288691043854, -0.5532519221305847, 0.7813857197761536, 0.2887016534805298, 0.5496267676353455, 0.08198507130146027, 0.8313778042793274),
            ["RightLowerArm"] = CFrame.new(0, -5.960464477539063e-08, 1.1734664440155029e-07, 1, -8.568218845539377e-08, 9.778830190043664e-08, 7.636845111846924e-08, 0.28479233384132385, -0.9585902690887451, 4.842877388000488e-08, 0.9585893154144287, 0.28478896617889404),
            ["LeftHand"] = CFrame.new(-5.960464477539063e-08, -1.1920928955078125e-07, -8.940696716308594e-08, 0.9894775748252869, -0.09659439325332642, -0.10772126168012619, 0.1002773866057396, 0.9945279955863953, 0.02930358424782753, 0.10430129617452621, -0.039797164499759674, 0.9937492609024048),
            ["RightHand"] = CFrame.new(-1.4901161193847656e-08, -5.960464477539063e-08, -1.4901161193847656e-08, 0.9123428463935852, 0.3901498019695282, 0.12413110584020615, -0.40391236543655396, 0.8081074357032776, 0.4287501275539398, 0.06697404384613037, -0.4412998855113983, 0.8948546648025513),
            ["RightUpperArm"] = CFrame.new(1.1920928955078125e-07, 1.1920928955078125e-07, 1.1175870895385742e-08, 0.252689391374588, -0.8264161944389343, 0.5031728148460388, 0.01798887550830841, 0.5239723324775696, 0.851545512676239, -0.9673802256584167, -0.206129252910614, 0.14726676046848297),
            ["RightLowerLeg"] = CFrame.new(-5.587935447692871e-08, -0.00006020069122314453, -0.00007206777081592008, 1, -4.470350489782504e-08, -7.823110337312755e-08, 9.499490261077881e-08, 0.6793320775032043, 0.7338293790817261, -1.0058283805847168e-07, -0.7338310480117798, 0.6793337464332581),
            ["LeftUpperLeg"] = CFrame.new(0, -5.2619725465774536e-08, -3.3527612686157227e-08, 0.879380464553833, 0.46456900238990784, -0.10423853248357773, -0.47604653239250183, 0.8617565035820007, -0.17537297308444977, 0.008355206809937954, 0.20384187996387482, 0.9789681434631348),
            ["LeftLowerLeg"] = CFrame.new(-2.9802322387695312e-08, 0.00006073713302612305, 0.000072048744186759, 1, 5.960464477539063e-08, 1.1688094048167841e-07, -1.527369164477932e-07, -0.08929016441106796, 0.996005654335022, 1.1920930376163597e-07, -0.996005654335022, -0.08928997814655304),
        }},
        {Time = 0.167, Data = {
            ["RightFoot"] = CFrame.new(-1.210719347000122e-07, 1.7881393432617188e-07, -4.300818545743823e-08, 0.9771732091903687, -0.07466306537389755, -0.19888652861118317, -0.03354738652706146, 0.8702067732810974, -0.4915439784526825, 0.2097785323858261, 0.48699647188186646, 0.8478376865386963),
            ["LeftLowerArm"] = CFrame.new(-5.960464477539063e-08, -3.5762786865234375e-07, 1.1920928955078125e-07, 1, -9.872020712009544e-08, 5.96046660916727e-08, 1.0430814256778831e-07, 0.4758806824684143, -0.8795098662376404, -1.4901162970204496e-08, 0.8795099854469299, 0.47588080167770386),
            ["LeftFoot"] = CFrame.new(1.4901161193847656e-08, 5.960464477539063e-08, 1.043081283569336e-07, 0.9753947854042053, -0.1537102460861206, 0.1580456793308258, 0.19717451930046082, 0.9289050102233887, -0.3134608268737793, -0.09862704575061798, 0.33691057562828064, 0.9363567233085632),
            ["Head"] = CFrame.new(3.725290298461914e-09, 4.76837158203125e-07, -2.421438694000244e-08, 0.9900001287460327, -0.03507919982075691, -0.1366356462240219, 0.019548509269952774, 0.9933581352233887, -0.11339055001735687, 0.1397058516740799, 0.10958568751811981, 0.984110414981842),
            ["LowerTorso"] = CFrame.new(0.17783191800117493, -0.18256497383117676, 0.2672595679759979, 0.9800543189048767, -0.11315957456827164, 0.16336628794670105, 0.11179587244987488, 0.9935762286186218, 0.01754743792116642, -0.16430246829986572, 0.0010662410641089082, 0.9864094257354736),
            ["UpperTorso"] = CFrame.new(0, -1.4901161193847656e-07, 1.862645149230957e-08, 0.9944742918014526, 0.10152556002140045, -0.026712441816926003, -0.1021760106086731, 0.9944713711738586, -0.024227162823081017, 0.024105004966259003, 0.026822669431567192, 0.9993495345115662),
            ["HumanoidRootPart"] = CFrame.new(0, 0, 0, 1, 0, 0, 0, 1, 0, 0, 0, 1),
            ["RightUpperLeg"] = CFrame.new(-2.9802322387695312e-08, -4.5991328079253435e-07, 5.75528247281909e-09, 0.8650475144386292, 0.14346210658550262, -0.48073920607566833, -0.18344636261463165, 0.9823375940322876, -0.036930035799741745, 0.46694788336753845, 0.12013129889965057, 0.8760855793952942),
            ["LeftUpperArm"] = CFrame.new(-1.1920928955078125e-07, 5.960464477539062e-07, -1.1175870895385742e-08, 0.7611239552497864, 0.5064525008201599, -0.4052111506462097, -0.41864246129989624, 0.8607763051986694, 0.2894872725009918, 0.4954077899456024, -0.05069701001048088, 0.8671799302101135),
            ["RightLowerArm"] = CFrame.new(5.960464477539063e-08, -1.1920928955078125e-07, 5.438923835754395e-07, 1, -8.75448051829153e-08, 8.56812292227005e-08, 7.823110337312755e-08, 0.19647371768951416, -0.9805095791816711, 9.685756197086448e-08, 0.9805091619491577, 0.1964716911315918),
            ["LeftHand"] = CFrame.new(1.1175870895385742e-07, -1.1920928955078125e-07, 1.4901161193847656e-08, 0.9968006014823914, 0.03675450384616852, -0.07097779214382172, -0.041057366877794266, 0.9973448514938354, -0.060146816074848175, 0.06857869029045105, 0.06286843121051788, 0.9956628680229187),
            ["RightHand"] = CFrame.new(-1.4901161193847656e-08, 1.7881393432617188e-07, -5.587935447692871e-08, 0.8910252451896667, 0.4161721467971802, 0.18130084872245789, -0.4467187523841858, 0.732849657535553, 0.5132073760032654, 0.08072394132614136, -0.5382678508758545, 0.8388970494270325),
            ["RightUpperArm"] = CFrame.new(1.1920928955078125e-07, 3.5762786865234375e-07, -4.0978193283081055e-08, 0.2454475611448288, -0.9117629528045654, 0.3293052613735199, 0.2344997674226761, 0.38545191287994385, 0.8924341201782227, -0.940619707107544, -0.14182785153388977, 0.3084145486354828),
            ["RightLowerLeg"] = CFrame.new(-5.21540641784668e-08, -0.000060439109802246094, -0.00007207522139651701, 1, -2.235175244891252e-08, -4.097820394122209e-08, 1.0244548320770264e-07, 0.8350769877433777, 0.5501326322555542, -1.3969838619232178e-09, -0.550133228302002, 0.8350773453712463),
            ["LeftUpperLeg"] = CFrame.new(-5.960464477539063e-08, -4.783214535564184e-07, 1.4901161193847656e-08, 0.9078464508056641, 0.4032643139362335, -0.11485905945301056, -0.41162431240081787, 0.8049497604370117, -0.42734211683273315, -0.07987643778324127, 0.4352400600910187, 0.89676433801651),
            ["LeftLowerLeg"] = CFrame.new(3.725290298461914e-08, 0.000060617923736572266, 0.00007206574082374573, 1, 9.685754776000977e-08, 1.2293453721667902e-07, -1.564622067462551e-07, -0.17346227169036865, 0.9848405122756958, 1.0430814256778831e-07, -0.9848405718803406, -0.1734623908996582),
        }},
        {Time = 0.200, Data = {
            ["RightFoot"] = CFrame.new(-7.450580596923828e-09, 2.384185791015625e-07, 3.894820110872388e-08, 0.9822269082069397, -0.03974752500653267, -0.1834382265806198, -0.04055293649435043, 0.9092755913734436, -0.4142148792743683, 0.18326422572135925, 0.4142921566963196, 0.8915023803710938),
            ["LeftLowerArm"] = CFrame.new(5.960464477539063e-08, -5.364418029785156e-07, -4.470348358154297e-08, 1, -9.685752644372769e-08, -2.980233659855003e-08, 8.940695295223122e-08, 0.5624430179595947, -0.8268358707427979, -7.4505797087454084e-09, 0.8268360495567322, 0.5624434351921082),
            ["LeftFoot"] = CFrame.new(5.960464477539063e-08, 0, -1.4901161193847656e-08, 0.9473981857299805, -0.25369200110435486, 0.1951327919960022, 0.3122369945049286, 0.8665534853935242, -0.3893500864505768, -0.0703180655837059, 0.4297969937324524, 0.9001832008361816),
            ["Head"] = CFrame.new(7.450580596923828e-09, 0, 1.1175870895385742e-08, 0.9901360869407654, -0.061560261994600296, -0.12586072087287903, 0.04397183284163475, 0.9894512295722961, -0.13803161680698395, 0.13303032517433167, 0.13113582134246826, 0.9823983311653137),
            ["LowerTorso"] = CFrame.new(0.1545770764350891, -0.12872016429901123, 0.2937467098236084, 0.989574134349823, -0.07624927908182144, 0.12218508124351501, 0.07326401025056839, 0.9968981742858887, 0.028748244047164917, -0.12399809807538986, -0.019496746361255646, 0.9920908808708191),
            ["UpperTorso"] = CFrame.new(-2.60770320892334e-08, 1.1920928955078125e-07, -3.073364496231079e-08, 0.9950453639030457, 0.08829038590192795, 0.04571286961436272, -0.08601442724466324, 0.9950600266456604, -0.04956943914294243, -0.04986359924077988, 0.04539189860224724, 0.9977239966392517),
            ["HumanoidRootPart"] = CFrame.new(0, 0, 0, 1, 0, 0, 0, 1, 0, 0, 0, 1),
            ["RightUpperLeg"] = CFrame.new(1.1920928955078125e-07, -1.387670636177063e-07, -2.7772330213338137e-08, 0.8871701955795288, 0.16153229773044586, -0.43224388360977173, -0.12052465230226517, 0.9853257536888123, 0.12086883187294006, 0.44542428851127625, -0.055139876902103424, 0.8936195373535156),
            ["LeftUpperArm"] = CFrame.new(0, 0, 2.2351741790771484e-08, 0.8461401462554932, 0.4274819493293762, -0.31828638911247253, -0.3103587329387665, 0.8807142376899719, 0.3577987551689148, 0.4332716763019562, -0.20396481454372406, 0.8778803944587708),
            ["RightLowerArm"] = CFrame.new(1.7881393432617188e-07, 1.1920928955078125e-07, 7.450580596923828e-08, 1, -5.9954139430828945e-09, 8.428434483676028e-08, 7.729978079851207e-08, 0.17550840973854065, -0.9844781756401062, 1.2805687177319669e-08, 0.9844779372215271, 0.17550699412822723),
            ["LeftHand"] = CFrame.new(-4.6566128730773926e-08, -3.5762786865234375e-07, -1.0803341865539551e-07, 0.9955946207046509, 0.05051930621266365, -0.0789894089102745, -0.05850067734718323, 0.9930387139320374, -0.10223418474197388, 0.07327460497617722, 0.10640464723110199, 0.9916192889213562),
            ["RightHand"] = CFrame.new(1.993030309677124e-07, 2.384185791015625e-07, -5.960464477539063e-08, 0.8978034853935242, 0.405548632144928, 0.1716836541891098, -0.42965584993362427, 0.7210468649864197, 0.543592631816864, 0.09666859358549118, -0.5618023872375488, 0.8216031193733215),
            ["RightUpperArm"] = CFrame.new(0, 0, 1.4901161193847656e-08, 0.1616588830947876, -0.9556848406791687, 0.24603188037872314, 0.3229777216911316, 0.28681960701942444, 0.9018992185592651, -0.9324976205825806, -0.06634125858545303, 0.3550299108028412),
            ["RightLowerLeg"] = CFrame.new(-8.940696716308594e-08, -0.00006014108657836914, -0.00007207522139651701, 1, -7.823111758398227e-08, -7.078048724906694e-08, 2.2351745343485163e-08, 0.9529755115509033, 0.30304694175720215, 2.51457130673316e-08, -0.3030473589897156, 0.9529756903648376),
            ["LeftUpperLeg"] = CFrame.new(-5.960464477539063e-08, -5.8673322200775146e-08, -1.862645149230957e-08, 0.9584290981292725, 0.28525978326797485, -0.0063725062645971775, -0.250967800617218, 0.8321667909622192, -0.4944833517074585, -0.13575327396392822, 0.4755264222621918, 0.8691638112068176),
            ["LeftLowerLeg"] = CFrame.new(-2.60770320892334e-08, 0.000060677528381347656, 0.00007214024662971497, 1, 7.07805440924858e-08, 5.960465188081798e-08, -6.705523247774181e-08, 0.28398826718330383, 0.9588279128074646, 5.960465188081798e-08, -0.9588278532028198, 0.2839880883693695),
        }},
        {Time = 0.233, Data = {
            ["RightFoot"] = CFrame.new(-2.9685907065868378e-08, 3.5762786865234375e-07, 6.129994289949536e-08, 0.9862159490585327, 0.0030756276100873947, -0.1654355674982071, -0.05620886757969856, 0.9465765953063965, -0.31754255294799805, 0.1556236296892166, 0.3224644064903259, 0.9337011575698853),
            ["LeftLowerArm"] = CFrame.new(-1.1920928955078125e-07, -7.152557373046875e-07, -3.4458935260772705e-08, 1, -7.078050145992165e-08, 4.4703490686970326e-08, 8.195638656616211e-08, 0.6457858681678772, -0.7635185122489929, 3.282912075519562e-08, 0.7635186314582825, 0.6457861065864563),
            ["LeftFoot"] = CFrame.new(9.685754776000977e-08, 0, 5.587935447692871e-09, 0.9652109146118164, -0.17970871925354004, 0.18992847204208374, 0.1970803141593933, 0.9773769974708557, -0.07677027583122253, -0.1718355268239975, 0.11153064668178558, 0.9787918925285339),
            ["Head"] = CFrame.new(1.1175870895385742e-08, 0, -1.1175870895385742e-08, 0.9923494458198547, -0.07537735998630524, -0.0977804958820343, 0.058801133185625076, 0.984950840473175, -0.1625244915485382, 0.10855969786643982, 0.1555316150188446, 0.9818477034568787),
            ["LowerTorso"] = CFrame.new(0.128544420003891, -0.0848304033279419, 0.32092344760894775, 0.9964191317558289, -0.043103739619255066, 0.07273899018764496, 0.04019715636968613, 0.9983518719673157, 0.04096122458577156, -0.0743846520781517, -0.03789064288139343, 0.9965095520019531),
            ["UpperTorso"] = CFrame.new(-1.862645149230957e-09, 1.1920928955078125e-07, -3.3527612686157227e-08, 0.9914999008178711, 0.07353712618350983, 0.10733333230018616, -0.06564026325941086, 0.9949949979782104, -0.07534234970808029, -0.11233660578727722, 0.06765655428171158, 0.9913643598556519),
            ["HumanoidRootPart"] = CFrame.new(0, 0, 0, 1, 0, 0, 0, 1, 0, 0, 0, 1),
            ["RightUpperLeg"] = CFrame.new(0, 1.8905848264694214e-07, -3.149762051180005e-08, 0.906198263168335, 0.13930952548980713, -0.3992444574832916, -0.05837521702051163, 0.9763428568840027, 0.2082022726535797, 0.41880443692207336, -0.1653711348772049, 0.8928918242454529),
            ["LeftUpperArm"] = CFrame.new(0, 1.1920928955078125e-07, 0, 0.9144549369812012, 0.36365559697151184, -0.17755797505378723, -0.2634851932525635, 0.8680348992347717, 0.42082178592681885, 0.30716073513031006, -0.3380386233329773, 0.8895967602729797),
            ["RightLowerArm"] = CFrame.new(-2.086162567138672e-07, 4.172325134277344e-07, -3.129243850708008e-07, 1, -1.2572913021813292e-07, 4.4703291735004314e-08, 4.842878453814592e-08, 0.18003277480602264, -0.9836609363555908, 4.284084909045305e-08, 0.9836606383323669, 0.18003113567829132),
            ["LeftHand"] = CFrame.new(2.421438694000244e-07, 0, 0, 0.9924589991569519, -0.008142675273120403, -0.12230656296014786, -0.010141327045857906, 0.9889160990715027, -0.14812922477722168, 0.12215711176395416, 0.14825259149074554, 0.9813759922981262),
            ["RightHand"] = CFrame.new(-3.0547380447387695e-07, -2.980232238769531e-07, -1.1175870895385742e-07, 0.9072208404541016, 0.3812583088874817, 0.17773137986660004, -0.4072284400463104, 0.6901370286941528, 0.5982319712638855, 0.10542891919612885, -0.6151041388511658, 0.7813642621040344),
            ["RightUpperArm"] = CFrame.new(0, 2.384185791015625e-07, -2.2351741790771484e-08, 0.10126228630542755, -0.9642854332923889, 0.24474196135997772, 0.35287585854530334, 0.2648267149925232, 0.8974117040634155, -0.9301745891571045, -0.004514265805482864, 0.36708807945251465),
            ["RightLowerLeg"] = CFrame.new(-4.0512531995773315e-08, -0.000060498714447021484, -0.0000721050237189047, 1, -1.1175870895385742e-08, -6.635671923049813e-08, 2.0954757928848267e-08, 0.9875707626342773, 0.15717534720897675, -5.029141902923584e-08, -0.15717513859272003, 0.9875707626342773),
            ["LeftUpperLeg"] = CFrame.new(0, 1.9650906324386597e-07, -3.725290298461914e-09, 0.9703677296638489, 0.19757243990898132, 0.13911022245883942, -0.0886627733707428, 0.826684832572937, -0.5556356310844421, -0.2247786670923233, 0.5268370509147644, 0.8197057247161865),
            ["LeftLowerLeg"] = CFrame.new(-2.7939677238464355e-09, 0.00006079673767089844, 0.00007200054824352264, 1, 4.0046874261179255e-08, 2.1420424545226524e-08, -4.842878098543224e-08, 0.7716690897941589, 0.6360244750976562, 1.3038517820973539e-08, -0.6360242962837219, 0.7716689109802246),
        }},
        {Time = 0.267, Data = {
            ["RightFoot"] = CFrame.new(-7.497146725654602e-08, 2.384185791015625e-07, -1.1751399142667651e-07, 0.981067419052124, 0.04047852382063866, -0.18939287960529327, -0.09458201378583908, 0.9534876346588135, -0.2862076163291931, 0.16900040209293365, 0.29870185256004333, 0.9392633438110352),
            ["LeftLowerArm"] = CFrame.new(2.682209014892578e-07, -1.7881393432617188e-07, -2.8312206268310547e-07, 1, -1.0989604959377175e-07, 1.1175870895385742e-08, 2.0489094865183688e-08, 0.7087936997413635, -0.7054159045219421, 3.725289943190546e-08, 0.7054159641265869, 0.7087936997413635),
            ["LeftFoot"] = CFrame.new(-4.470348358154297e-08, 0, 5.21540641784668e-08, 0.9829677939414978, -0.1096699982881546, 0.14746896922588348, 0.06517523527145386, 0.958298921585083, 0.2782360017299652, -0.17183291912078857, -0.26388561725616455, 0.9491246342658997),
            ["Head"] = CFrame.new(7.450580596923828e-09, -2.384185791015625e-07, -3.166496753692627e-08, 0.9960424304008484, -0.07240595668554306, -0.051544658839702606, 0.06204522028565407, 0.9816972613334656, -0.1800576150417328, 0.06363846361637115, 0.17614708840847015, 0.9823047518730164),
            ["LowerTorso"] = CFrame.new(0.09935421496629715, -0.05551314353942871, 0.3446507453918457, 0.9997362494468689, -0.0219888873398304, 0.006637032143771648, 0.02161344885826111, 0.9984055757522583, 0.05214497819542885, -0.007773058954626322, -0.051987744867801666, 0.9986174702644348),
            ["UpperTorso"] = CFrame.new(6.984919309616089e-10, -2.682209014892578e-07, -2.0139850676059723e-08, 0.9847447276115417, 0.06748341023921967, 0.1603868007659912, -0.05191250517964363, 0.9936956167221069, -0.09936853498220444, -0.16608135402202606, 0.08952651172876358, 0.9820396900177002),
            ["HumanoidRootPart"] = CFrame.new(0, 0, 0, 1, 0, 0, 0, 1, 0, 0, 0, 1),
            ["RightUpperLeg"] = CFrame.new(0, -3.073364496231079e-07, 5.289621185511351e-09, 0.9433580636978149, 0.06919169425964355, -0.3244789242744446, -0.017874062061309814, 0.9871859550476074, 0.1585708111524582, 0.3312945067882538, -0.14379318058490753, 0.9325066208839417),
            ["LeftUpperArm"] = CFrame.new(0, -2.384185791015625e-07, -4.470348358154297e-08, 0.9402457475662231, 0.3298199474811554, -0.08459806442260742, -0.24800950288772583, 0.8336132764816284, 0.49353840947151184, 0.2333008497953415, -0.44306623935699463, 0.8655998110771179),
            ["RightLowerArm"] = CFrame.new(-1.1920928955078125e-07, 2.980232238769531e-07, -2.682209014892578e-07, 1, -9.68580451399248e-08, 1.4901086586860401e-08, 6.705523247774181e-08, 0.19664008915424347, -0.9804762005805969, 1.862645326866641e-08, 0.9804757237434387, 0.19663803279399872),
            ["LeftHand"] = CFrame.new(-3.725290298461914e-09, -1.1920928955078125e-07, 4.470348358154297e-08, 0.9935536980628967, -0.07255493849515915, -0.0871034562587738, 0.05640076473355293, 0.9828842878341675, -0.17537830770015717, 0.09833697229623795, 0.16933511197566986, 0.9806402921676636),
            ["RightHand"] = CFrame.new(8.940696716308594e-08, 3.5762786865234375e-07, -1.341104507446289e-07, 0.9106010794639587, 0.37493911385536194, 0.17384545505046844, -0.40219300985336304, 0.7071512341499329, 0.581536591053009, 0.09511332213878632, -0.5994646549224854, 0.7947282791137695),
            ["RightUpperArm"] = CFrame.new(0, -3.5762786865234375e-07, -2.9802322387695312e-08, 0.03130257874727249, -0.9578567743301392, 0.28553536534309387, 0.3648756146430969, 0.2769124507904053, 0.8889250159263611, -0.9305300116539001, 0.07635491341352463, 0.3581646680831909),
