return {
    ["Swag Shuffle"] = {
        {Time = 0.000, Data = {
            ["RightFoot"] = CFrame.new(-3.91155481338501e-08, 3.5762786865234375e-07, 7.992639439180493e-08, 0.9428822994232178, -0.32536038756370544, -0.0715101882815361, 0.33109089732170105, 0.9389678239822388, 0.09337141364812851, 0.03676636144518852, -0.1117146760225296, 0.9930599927902222),
            ["LeftLowerArm"] = CFrame.new(5.960464477539063e-08, 5.960464477539063e-08, -7.450580596923828e-08, 1, -1.1920927533992653e-07, 5.960464477539063e-08, 8.940696716308594e-08, 0.3181566298007965, -0.9480381608009338, 1.0244548320770264e-07, 0.9480381608009338, 0.3181566298007965),
            ["LeftFoot"] = CFrame.new(-7.450580596923828e-09, 0, 0, 0.9963310360908508, -0.04295350983738899, 0.0740247368812561, 0.07465096563100815, 0.8591681122779846, -0.5062188506126404, -0.041855860501527786, 0.5098874568939209, 0.8592221736907959),
            ["Head"] = CFrame.new(-1.862645149230957e-09, 1.1920928955078125e-07, -4.540197551250458e-09, 0.9963136315345764, 0.03413963317871094, 0.07870077341794968, -0.03325178846716881, 0.9993680715560913, -0.012564500793814659, -0.07907995581626892, 0.009901325218379498, 0.9968191981315613),
            ["LowerTorso"] = CFrame.new(-0.019652513787150383, -0.1658104658126831, -0.009965531527996063, 0.995736300945282, -0.003150199307128787, -0.09219188243150711, 0.001955087762326002, 0.9999130368232727, -0.0130507443100214, 0.09222495555877686, 0.012814859859645367, 0.9956557750701904),
            ["UpperTorso"] = CFrame.new(4.94765117764473e-10, 5.960464477539063e-08, 2.9103830456733704e-09, 0.9999523758888245, 0.0067731887102127075, -0.007037308067083359, -0.006253472995012999, 0.9974268674850464, 0.07141758501529694, 0.007502936292439699, -0.07137015461921692, 0.9974216818809509),
            ["HumanoidRootPart"] = CFrame.new(0, 0, 0, 1, 0, 0, 0, 1, 0, 0, 0, 1),
            ["RightUpperLeg"] = CFrame.new(0, -4.936009645462036e-08, 5.75528247281909e-09, 0.9638614058494568, -0.1809072494506836, -0.19555975496768951, -0.039000507444143295, 0.630342960357666, -0.7753366827964783, 0.2635338008403778, 0.7549439072608948, 0.6005075573921204),
            ["LeftUpperArm"] = CFrame.new(-1.1920928955078125e-07, 3.5762786865234375e-07, 2.2351741790771484e-08, 0.507716953754425, 0.20671764016151428, -0.8363559246063232, -0.49303996562957764, 0.8658145070075989, -0.08530527353286743, 0.7064949870109558, 0.45566779375076294, 0.5415087342262268),
            ["RightLowerArm"] = CFrame.new(5.960464477539063e-08, 0, 5.960464477539063e-08, 1, 0, 7.078050856534901e-08, 4.470348358154297e-08, 0.5384467244148254, -0.8426595330238342, 5.21540641784668e-08, 0.842659592628479, 0.5384467840194702),
            ["LeftHand"] = CFrame.new(-8.940696716308594e-08, 2.384185791015625e-07, -2.9802322387695312e-08, 0.9552030563354492, 0.2863498330116272, -0.0747724249958992, -0.28669244050979614, 0.9580017924308777, 0.006341666914522648, 0.07344800978899002, 0.015379320830106735, 0.9971804618835449),
            ["RightHand"] = CFrame.new(-5.960464477539063e-08, -1.1920928955078125e-07, -2.384185791015625e-07, 0.8646730780601501, 0.13143517076969147, 0.4848354458808899, -0.05646665394306183, 0.9844775199890137, -0.1661796122789383, -0.49915140867233276, 0.11631392687559128, 0.8586728572845459),
            ["RightUpperArm"] = CFrame.new(1.1920928955078125e-07, 4.76837158203125e-07, -7.450580596923828e-09, 0.6061012148857117, -0.29049521684646606, 0.7404417395591736, 0.5489281415939331, 0.8264560103416443, -0.1250934898853302, -0.5756034255027771, 0.4822685420513153, 0.660377025604248),
            ["RightLowerLeg"] = CFrame.new(-1.862645149230957e-08, 5.364418029785156e-07, -1.0261283023282886e-07, 1, -1.3597311010471458e-07, -1.8253935252232623e-07, 1.1920928955078125e-07, -0.2314205765724182, 0.9728538990020752, -2.0116567611694336e-07, -0.9728538990020752, -0.23142053186893463),
            ["LeftUpperLeg"] = CFrame.new(0, 6.781192496418953e-08, 1.862645149230957e-09, 0.9892271757125854, -0.0028285488951951265, -0.1463610976934433, -0.04823664575815201, 0.9376771450042725, -0.3441437780857086, 0.1382128745317459, 0.3474963307380676, 0.927439272403717),
            ["LeftLowerLeg"] = CFrame.new(3.3527612686157227e-08, 0, 0, 1, 5.960465188081798e-08, 5.7742006731587026e-08, -7.823110337312755e-08, 0.6195618510246277, 0.7849478125572205, 1.3038517820973539e-08, -0.7849478721618652, 0.6195619702339172),
        }},
        {Time = 0.017, Data = {
            ["RightFoot"] = CFrame.new(3.5390257835388184e-08, 3.5762786865234375e-07, -9.480572771281004e-09, 0.9449875950813293, -0.3040623068809509, -0.1206008642911911, 0.31183674931526184, 0.9487415552139282, 0.051453329622745514, 0.09877411276102066, -0.08623053878545761, 0.9913667440414429),
            ["LeftLowerArm"] = CFrame.new(8.940696716308594e-08, -4.172325134277344e-07, 1.6391277313232422e-07, 1, -1.1920927533992653e-07, 5.215405707303944e-08, 1.0803341865539551e-07, 0.19871297478675842, -0.9800577163696289, 6.798654794692993e-08, 0.9800577163696289, 0.198713019490242),
            ["LeftFoot"] = CFrame.new(-5.4016709327697754e-08, -5.960464477539063e-08, 1.4901161193847656e-08, 0.9979850649833679, -0.04519267380237579, 0.04453793168067932, 0.06145273521542549, 0.863193690776825, -0.501119077205658, -0.015797985717654228, 0.5028462409973145, 0.8642315864562988),
            ["Head"] = CFrame.new(2.0954757928848267e-09, -2.384185791015625e-07, 1.5686964616179466e-08, 0.9975043535232544, 0.029204249382019043, 0.06428182870149612, -0.028794847428798676, 0.9995588064193726, -0.007286142557859421, -0.06446624547243118, 0.005417069420218468, 0.9979051947593689),
            ["LowerTorso"] = CFrame.new(-0.02128252200782299, -0.16277718544006348, -0.013598411343991756, 0.99647456407547, 0.0018844697624444962, -0.08387422561645508, -0.002316785976290703, 0.9999845623970032, -0.005057312548160553, 0.08386339247226715, 0.005233800504356623, 0.9964635372161865),
            ["UpperTorso"] = CFrame.new(-1.979060471057892e-09, -8.940696716308594e-08, -5.820766091346741e-10, 0.9999651908874512, 0.00814757402986288, -0.0018321382813155651, -0.008025717921555042, 0.9982364177703857, 0.058819759637117386, 0.0023081533145159483, -0.058803003281354904, 0.9982669949531555),
            ["HumanoidRootPart"] = CFrame.new(0, 0, 0, 1, 0, 0, 0, 1, 0, 0, 0, 1),
            ["RightUpperLeg"] = CFrame.new(-8.940696716308594e-08, -1.8531864043325186e-07, 1.673470251262188e-10, 0.9614229202270508, -0.18087223172187805, -0.20724710822105408, -0.06761398166418076, 0.5749168992042542, -0.8154135346412659, 0.2666355073451996, 0.7979699373245239, 0.5405085682868958),
            ["LeftUpperArm"] = CFrame.new(-1.1920928955078125e-07, -3.5762786865234375e-07, -7.450580596923828e-09, 0.36348241567611694, 0.19603987038135529, -0.910740852355957, -0.5813670754432678, 0.8116195201873779, -0.057323601096868515, 0.7279374599456787, 0.5503109693527222, 0.4089805781841278),
            ["RightLowerArm"] = CFrame.new(2.980232238769531e-07, 6.556510925292969e-07, 1.1920928955078125e-07, 1, 2.9802322387695312e-08, 8.195635814445268e-08, 1.341104507446289e-07, 0.4903889298439026, -0.8715037107467651, 3.3527612686157227e-08, 0.8715037703514099, 0.4903889000415802),
            ["LeftHand"] = CFrame.new(-2.980232238769531e-07, 1.1920928955078125e-07, -1.341104507446289e-07, 0.9525058269500732, 0.2862091660499573, -0.10400509089231491, -0.2924768924713135, 0.9549252986907959, -0.0507437139749527, 0.08479385077953339, 0.07875288277864456, 0.9932814836502075),
            ["RightHand"] = CFrame.new(-1.1920928955078125e-07, -1.1920928955078125e-07, -3.725290298461914e-08, 0.8625270128250122, 0.16475526988506317, 0.4784383177757263, -0.10093322396278381, 0.9825261235237122, -0.1563810259103775, -0.49584242701530457, 0.08659256249666214, 0.8640843033790588),
            ["RightUpperArm"] = CFrame.new(-5.960464477539063e-08, -5.960464477539062e-07, 7.2177499532699585e-09, 0.519865870475769, -0.2773182690143585, 0.8079814910888672, 0.5951900482177734, 0.7960582971572876, -0.10972708463668823, -0.6127710342407227, 0.5379459261894226, 0.5789006352424622),
            ["RightLowerLeg"] = CFrame.new(7.450580596923828e-09, 2.384185791015625e-07, -5.790934665128589e-08, 1, -1.378357126213814e-07, -1.6763814869591442e-07, 1.1175869474300271e-07, -0.32368049025535583, 0.9461665153503418, -2.458691312767769e-07, -0.9461663961410522, -0.32368046045303345),
            ["LeftUpperLeg"] = CFrame.new(1.1920928955078125e-07, -7.345806807279587e-08, -5.587935447692871e-09, 0.9922094941139221, 0.004169123712927103, -0.12451158463954926, -0.047551970928907394, 0.9364449381828308, -0.34757688641548157, 0.11514917016029358, 0.3507898449897766, 0.9293477535247803),
            ["LeftLowerLeg"] = CFrame.new(2.9802322387695312e-08, -1.1920928955078125e-07, 2.2351741790771484e-08, 1, 5.215407838932151e-08, 3.9115551686563776e-08, -6.705522537231445e-08, 0.6298026442527771, 0.7767553329467773, 1.30385160446167e-08, -0.7767553329467773, 0.6298025250434875),
        }},
        {Time = 0.033, Data = {
            ["RightFoot"] = CFrame.new(3.3527612686157227e-08, 4.172325134277344e-07, -1.1565134627744555e-07, 0.9510439038276672, -0.24069802463054657, -0.19385528564453125, 0.2449541538953781, 0.9695325493812561, -0.0020753820426762104, 0.1884486824274063, -0.04551175609230995, 0.9810279607772827),
            ["LeftLowerArm"] = CFrame.new(2.9802322387695312e-08, -2.980232238769531e-07, 2.9802322387695312e-08, 1, -7.4505820180093e-08, 1.359731243155693e-07, 7.264316792543468e-08, 0.07613665610551834, -0.9970974326133728, 6.519258732851085e-08, 0.9970974922180176, 0.07613667845726013),
            ["LeftFoot"] = CFrame.new(5.8673322200775146e-08, -1.1920928955078125e-07, -2.60770320892334e-08, 0.9987273812294006, -0.049838125705718994, -0.007742004469037056, 0.03970399498939514, 0.8715582489967346, -0.48868176341056824, 0.031102623790502548, 0.48775240778923035, 0.8724278807640076),
            ["Head"] = CFrame.new(8.381903171539307e-09, -2.384185791015625e-07, 1.1525116860866547e-08, 0.9984545707702637, 0.016459576785564423, 0.05308155342936516, -0.016735827550292015, 0.9998486638069153, 0.004764236509799957, -0.05299507826566696, -0.005645146127790213, 0.9985788464546204),
            ["LowerTorso"] = CFrame.new(-0.02478640340268612, -0.1554279327392578, -0.017921218648552895, 0.996688187122345, 0.013856971636414528, -0.08012872189283371, -0.012892228551208973, 0.9998382925987244, 0.012544754892587662, 0.08028958737850189, -0.01147017814218998, 0.9967056512832642),
            ["UpperTorso"] = CFrame.new(-4.656612873077393e-10, -2.384185791015625e-07, -4.190951585769653e-09, 0.999934732913971, 0.010687802918255329, 0.00404391810297966, -0.010807862505316734, 0.9994631409645081, 0.030932776629924774, -0.0037111532874405384, -0.03097444213926792, 0.9995133876800537),
            ["HumanoidRootPart"] = CFrame.new(0, 0, 0, 1, 0, 0, 0, 1, 0, 0, 0, 1),
            ["RightUpperLeg"] = CFrame.new(0, -2.538727130740881e-07, 2.029992174357176e-09, 0.9592612385749817, -0.18815918266773224, -0.21074658632278442, -0.09066765010356903, 0.5014654397964478, -0.8604137301445007, 0.26757684350013733, 0.8444693684577942, 0.46397626399993896),
            ["LeftUpperArm"] = CFrame.new(-1.1920928955078125e-07, -3.5762786865234375e-07, -1.4901161193847656e-08, 0.19484278559684753, 0.182019904255867, -0.9637972116470337, -0.6666030287742615, 0.7453886270523071, 0.006010334938764572, 0.7194975018501282, 0.6412991881370544, 0.2665686011314392),
            ["RightLowerArm"] = CFrame.new(-1.1920928955078125e-07, -2.384185791015625e-07, 1.1920928955078125e-07, 1, -1.0430815677864302e-07, -7.450580596923828e-08, 1.043081283569336e-07, 0.43115702271461487, -0.9022769331932068, 6.332993507385254e-08, 0.9022769927978516, 0.43115711212158203),
            ["LeftHand"] = CFrame.new(-1.4528632164001465e-07, 0, -1.564621925354004e-07, 0.9439934492111206, 0.2875520586967468, -0.16183383762836456, -0.3121584355831146, 0.9372010231018066, -0.15560045838356018, 0.10692773759365082, 0.19740363955497742, 0.9744734168052673),
            ["RightHand"] = CFrame.new(-2.086162567138672e-07, -5.960464477539063e-08, -2.980232238769531e-07, 0.8692867159843445, 0.19388067722320557, 0.4546986520290375, -0.15003712475299835, 0.9799617528915405, -0.1310110092163086, -0.47098785638809204, 0.04566428065299988, 0.8809570074081421),
            ["RightUpperArm"] = CFrame.new(2.384185791015625e-07, -4.76837158203125e-07, -1.6065314412117004e-08, 0.42447778582572937, -0.257710337638855, 0.8679887056350708, 0.6332399249076843, 0.7696892619132996, -0.08115249127149582, -0.6471676230430603, 0.5840924382209778, 0.48990824818611145),
            ["RightLowerLeg"] = CFrame.new(-2.9802322387695312e-08, 2.980232238769531e-07, -8.77116690389812e-08, 1, -1.7136333951839333e-07, -2.0116577559292637e-07, 1.341104507446289e-07, -0.42687997221946716, 0.9043083786964417, -2.1606683731079102e-07, -0.9043083190917969, -0.4268799126148224),
            ["LeftUpperLeg"] = CFrame.new(0, -2.396991476416588e-07, -7.450580596923828e-09, 0.9976018071174622, 0.021434474736452103, -0.06581315398216248, -0.04308738186955452, 0.9364551305770874, -0.34813132882118225, 0.05416904017329216, 0.35013216733932495, 0.9351327419281006),
            ["LeftLowerLeg"] = CFrame.new(7.450580596923828e-09, -1.1920928955078125e-07, 1.4901161193847656e-08, 1, 5.960464477539063e-08, 3.539026494081554e-08, -6.658956408500671e-08, 0.6566150784492493, 0.75422602891922, 2.0489096641540527e-08, -0.7542258501052856, 0.6566150188446045),
        }},
        {Time = 0.050, Data = {
            ["RightFoot"] = CFrame.new(-5.8673322200775146e-08, 4.172325134277344e-07, -2.438173396512866e-08, 0.9482150673866272, -0.16935090720653534, -0.2687164545059204, 0.16355900466442108, 0.9855532646179199, -0.04396883770823479, 0.2722807228565216, -0.0022589650470763445, 0.9622153043746948),
            ["LeftLowerArm"] = CFrame.new(-4.470348358154297e-07, -3.5762786865234375e-07, 0, 1, -8.568166975919667e-08, 8.498316361738034e-08, 7.147899339088326e-08, -0.019058214500546455, -0.9998184442520142, 8.009372010064908e-08, 0.9998184442520142, -0.019058238714933395),
            ["LeftFoot"] = CFrame.new(-5.448237061500549e-08, 0, 9.313225746154785e-10, 0.9969605803489685, -0.05773376300930977, -0.05231080576777458, 0.026263076812028885, 0.8811976313591003, -0.4720180630683899, 0.07334758341312408, 0.46920955181121826, 0.8800355195999146),
            ["Head"] = CFrame.new(4.656612873077393e-10, 0, 5.122274160385132e-09, 0.9990035891532898, 0.001217539538629353, 0.0446140430867672, -0.0020018781069666147, 0.9998442530632019, 0.01754031330347061, -0.04458572342991829, -0.01761205866932869, 0.9988503456115723),
            ["LowerTorso"] = CFrame.new(-0.028666522353887558, -0.14622092247009277, -0.022079620510339737, 0.9965763092041016, 0.028678782284259796, -0.07754474133253098, -0.02641012892127037, 0.9991971850395203, 0.03012513741850853, 0.07834643870592117, -0.02797403186559677, 0.9965336322784424),
            ["UpperTorso"] = CFrame.new(2.0954757928848267e-09, -8.940696716308594e-08, 3.958120942115784e-09, 0.9998813271522522, 0.012685071676969528, 0.008748546242713928, -0.012711858376860619, 0.9999147057533264, 0.0030127789359539747, -0.00870959460735321, -0.0031236279755830765, 0.9999572038650513),
            ["HumanoidRootPart"] = CFrame.new(0, 0, 0, 1, 0, 0, 0, 1, 0, 0, 0, 1),
            ["RightUpperLeg"] = CFrame.new(-2.9802322387695312e-08, 2.7794158086180687e-08, -1.6952981241047382e-09, 0.956192135810852, -0.19950278103351593, -0.21423190832138062, -0.10892684012651443, 0.4367945194244385, -0.8929421901702881, 0.27171969413757324, 0.8771597743034363, 0.39592817425727844),
            ["LeftUpperArm"] = CFrame.new(-1.1920928955078125e-07, 5.960464477539062e-07, -7.450580596923828e-09, 0.054919444024562836, 0.16785341501235962, -0.9842810034751892, -0.7329294085502625, 0.6762216687202454, 0.0744238942861557, 0.6780843734741211, 0.7173210382461548, 0.16016237437725067),
            ["RightLowerArm"] = CFrame.new(0, -2.384185791015625e-07, -8.940696716308594e-08, 1, -8.940695295223122e-08, 8.940694584680386e-08, 9.685754776000977e-08, 0.3670289218425751, -0.9302095174789429, 8.940696716308594e-08, 0.9302095770835876, 0.36702895164489746),
            ["LeftHand"] = CFrame.new(4.847534000873566e-07, 0, 2.0489096641540527e-07, 0.9325299859046936, 0.2871569097042084, -0.218926802277565, -0.33852455019950867, 0.9062193632125854, -0.2533133625984192, 0.1256548911333084, 0.3103342354297638, 0.9422863125801086),
            ["RightHand"] = CFrame.new(-1.4901161193847656e-07, 0, 8.940696716308594e-08, 0.8806195855140686, 0.2146768420934677, 0.4224017262458801, -0.19058889150619507, 0.9766622185707092, -0.0990302562713623, -0.4338030219078064, 0.006702929735183716, 0.9009827375411987),
            ["RightUpperArm"] = CFrame.new(1.1920928955078125e-07, 5.960464477539062e-07, -1.3969838619232178e-09, 0.3306797444820404, -0.2403971403837204, 0.9126117825508118, 0.6684387922286987, 0.7423015832901001, -0.046670448035001755, -0.6662135720252991, 0.6254580020904541, 0.40615469217300415),
            ["RightLowerLeg"] = CFrame.new(0, 3.5762786865234375e-07, -5.790934665128589e-08, 1, -1.1175869474300271e-07, -2.2351754580540728e-07, 1.7136335372924805e-07, -0.5058222413063049, 0.8626378178596497, -2.5331974029541016e-07, -0.8626376986503601, -0.5058221220970154),
            ["LeftUpperLeg"] = CFrame.new(5.960464477539063e-08, -3.958120942115784e-08, -7.450580596923828e-09, 0.9989683032035828, 0.043435435742139816, 0.013262681663036346, -0.03640661761164665, 0.9404832720756531, -0.3378845453262329, -0.027149489149451256, 0.3370530605316162, 0.9410942196846008),
            ["LeftLowerLeg"] = CFrame.new(5.587935447692871e-08, 1.7881393432617188e-07, 2.2351741790771484e-08, 1, 5.0291429687376876e-08, 2.421439049271612e-08, -6.705522537231445e-08, 0.6923707127571106, 0.7215418815612793, 2.421438694000244e-08, -0.7215420603752136, 0.6923707723617554),
        }},
        {Time = 0.067, Data = {
            ["RightFoot"] = CFrame.new(-5.21540641784668e-08, 2.980232238769531e-07, -1.673470251262188e-10, 0.9404699206352234, -0.11737193912267685, -0.3189672827720642, 0.10569196194410324, 0.9929453730583191, -0.05374759063124657, 0.3230257034301758, 0.01683581992983818, 0.9462405443191528),
            ["LeftLowerArm"] = CFrame.new(4.172325134277344e-07, -2.980232238769531e-07, -1.7881393432617188e-07, 1, -7.124616274722939e-08, 6.426125054304066e-08, 9.220092067607766e-08, -0.05714442580938339, -0.9983659386634827, 1.0430811414607888e-07, 0.9983659386634827, -0.05714443325996399),
            ["LeftFoot"] = CFrame.new(-1.7229467630386353e-08, -1.1920928955078125e-07, 2.9802322387695312e-08, 0.9965753555297852, -0.07168988138437271, -0.041209202259778976, 0.04501541331410408, 0.8883911371231079, -0.4568752646446228, 0.06936325877904892, 0.45345547795295715, 0.8885756731033325),
            ["Head"] = CFrame.new(-6.05359673500061e-09, -2.384185791015625e-07, -7.916241884231567e-09, 0.9992446899414062, -0.011287754401564598, 0.03718603774905205, 0.010367493145167828, 0.9996374845504761, 0.02484831027686596, -0.037453051656484604, -0.024443916976451874, 0.9989993572235107),
            ["LowerTorso"] = CFrame.new(-0.03127206116914749, -0.1377882957458496, -0.025231212377548218, 0.9964064955711365, 0.042232342064380646, -0.07342036068439484, -0.039512999355793, 0.9984923601150513, 0.03810460492968559, 0.07491889595985413, -0.035066623240709305, 0.9965729713439941),
            ["UpperTorso"] = CFrame.new(-7.2177499532699585e-09, 0, -1.0477378964424133e-09, 0.9998616576194763, 0.012337353080511093, 0.011164410039782524, -0.01222984492778778, 0.9998787045478821, -0.009647357277572155, -0.011282076127827168, 0.009509488940238953, 0.9998911619186401),
            ["HumanoidRootPart"] = CFrame.new(0, 0, 0, 1, 0, 0, 0, 1, 0, 0, 0, 1),
            ["RightUpperLeg"] = CFrame.new(0, -2.34867911785841e-08, -7.639755494892597e-10, 0.9524555206298828, -0.21298381686210632, -0.21786795556545258, -0.1168007031083107, 0.40520089864730835, -0.906735897064209, 0.28140032291412354, 0.889072597026825, 0.3610590100288391),
            ["LeftUpperArm"] = CFrame.new(5.960464477539063e-08, -3.5762786865234375e-07, -9.313225746154785e-09, -0.004166439175605774, 0.15444710850715637, -0.9879922866821289, -0.7778618931770325, 0.6203855872154236, 0.10026159882545471, 0.6284215450286865, 0.7689394950866699, 0.11755375564098358),
            ["RightLowerArm"] = CFrame.new(2.980232238769531e-07, 1.1920928955078125e-07, 1.6391277313232422e-07, 1, -9.685753354915505e-08, 2.9802322387695312e-08, 5.215404996761208e-08, 0.30495357513427734, -0.9523673057556152, 1.0058281674218961e-07, 0.9523673057556152, 0.30495360493659973),
            ["LeftHand"] = CFrame.new(2.998858690261841e-07, 0, -1.2665987014770508e-07, 0.9268932342529297, 0.28065022826194763, -0.24920757114887238, -0.3489525616168976, 0.8888833522796631, -0.29684749245643616, 0.13820622861385345, 0.36210760474205017, 0.9218335747718811),
            ["RightHand"] = CFrame.new(1.1920928955078125e-07, -1.1920928955078125e-07, -2.9802322387695312e-08, 0.893663763999939, 0.22383888065814972, 0.3889232277870178, -0.21216662228107452, 0.9744782447814941, -0.07333152741193771, -0.3954116702079773, -0.01698271930217743, 0.9183470606803894),
            ["RightUpperArm"] = CFrame.new(-1.7881393432617188e-07, -3.5762786865234375e-07, 5.587935447692871e-09, 0.2507321238517761, -0.2324022501707077, 0.9397459626197815, 0.7048557996749878, 0.7092374563217163, -0.012664679437875748, -0.6635599136352539, 0.6655609607696533, 0.34163898229599),
            ["RightLowerLeg"] = CFrame.new(-4.470348358154297e-08, 1.1920928955078125e-07, 1.6952981241047382e-09, 1, -1.4901159772762185e-07, -2.458693018070335e-07, 1.639127589214695e-07, -0.5351376533508301, 0.8447648882865906, -2.682208730675484e-07, -0.8447649478912354, -0.5351376533508301),
            ["LeftUpperLeg"] = CFrame.new(0, 7.194466888904572e-08, 3.725290298461914e-09, 0.9924710988998413, 0.0688980296254158, 0.10126311331987381, -0.03486236557364464, 0.9514901638031006, -0.3056977689266205, -0.11741282045841217, 0.29986605048179626, 0.9467284679412842),
            ["LeftLowerLeg"] = CFrame.new(-5.21540641784668e-08, -1.1920928955078125e-07, 4.0978193283081055e-08, 1, 5.7742006731587026e-08, 3.3527616238870905e-08, -5.308537254222756e-08, 0.7311273813247681, 0.682240903377533, 2.4214381610931923e-08, -0.682240903377533, 0.7311274409294128),
        }},
        {Time = 0.083, Data = {
            ["RightFoot"] = CFrame.new(1.0710209608078003e-08, 4.172325134277344e-07, -5.790934665128589e-08, 0.9410721063613892, -0.09003148227930069, -0.3260023295879364, 0.078383669257164, 0.9957321882247925, -0.04871886223554611, 0.328997403383255, 0.020294921472668648, 0.9441128373146057),
            ["LeftLowerArm"] = CFrame.new(-1.7881393432617188e-07, 5.960464477539063e-08, 1.3783574104309082e-07, 1, -7.636845111846924e-08, -1.303851426825986e-08, 3.632158396271734e-08, -0.053619448095560074, -0.9985615015029907, 9.313227167240257e-08, 0.9985615015029907, -0.053619466722011566),
            ["LeftFoot"] = CFrame.new(-6.891787052154541e-08, -1.1920928955078125e-07, 0, 0.99501633644104, -0.09537594765424728, 0.029085345566272736, 0.09846148639917374, 0.893749475479126, -0.4376271069049835, 0.015744095668196678, 0.43830978870391846, 0.8986860513687134),
            ["Head"] = CFrame.new(-1.1175870895385742e-08, 0, 2.7939677238464355e-09, 0.9993465542793274, -0.02021937072277069, 0.02996043488383293, 0.01940857619047165, 0.9994441270828247, 0.027110185474157333, -0.030491912737488747, -0.02651088684797287, 0.9991834759712219),
            ["LowerTorso"] = CFrame.new(-0.0326133668422699, -0.1301729679107666, -0.027330074459314346, 0.9962306618690491, 0.0540333017706871, -0.06785920262336731, -0.05201441049575806, 0.998159646987915, 0.03117494285106659, 0.06941879540681839, -0.02752777375280857, 0.997207760810852),
            ["UpperTorso"] = CFrame.new(5.122274160385132e-09, 8.940696716308594e-08, -4.773028194904327e-09, 0.9998962879180908, 0.008282290771603584, 0.011784108355641365, -0.0082556689158082, 0.9999633431434631, -0.0023062892723828554, -0.011802786961197853, 0.002208760939538479, 0.9999279379844666),
            ["HumanoidRootPart"] = CFrame.new(0, 0, 0, 1, 0, 0, 0, 1, 0, 0, 0, 1),
            ["RightUpperLeg"] = CFrame.new(-2.9802322387695312e-08, 2.866290742531419e-07, -3.092281986027956e-09, 0.9456260204315186, -0.23451589047908783, -0.22537453472614288, -0.10417960584163666, 0.4380234181880951, -0.892906665802002, 0.30812007188796997, 0.8678351640701294, 0.3897744417190552),
            ["LeftUpperArm"] = CFrame.new(-2.384185791015625e-07, 0, 2.2351741790771484e-08, 0.005593456327915192, 0.14419353008270264, -0.9895337820053101, -0.8084043860435486, 0.5831108093261719, 0.08040054887533188, 0.5886009335517883, 0.7994936108589172, 0.11982828378677368),
            ["RightLowerArm"] = CFrame.new(2.384185791015625e-07, -5.364418029785156e-07, 2.2351741790771484e-08, 1, -2.2351738238057806e-08, 3.725289943190546e-08, 1.750886866602741e-07, 0.2428789585828781, -0.9700565338134766, 1.0430815677864302e-07, 0.9700565934181213, 0.24287918210029602),
            ["LeftHand"] = CFrame.new(-1.5273690223693848e-07, 0, 3.166496753692627e-08, 0.9295352697372437, 0.2656644582748413, -0.2557086646556854, -0.3344833254814148, 0.8993772864341736, -0.2814987301826477, 0.15519408881664276, 0.34719306230545044, 0.9248630404472351),
            ["RightHand"] = CFrame.new(-1.043081283569336e-07, -1.1920928955078125e-07, 5.960464477539063e-08, 0.9188164472579956, 0.20080816745758057, 0.33978384733200073, -0.1908610314130783, 0.9796047210693359, -0.06282360106706619, -0.345468670129776, -0.007128134369850159, 0.9384030103683472),
            ["RightUpperArm"] = CFrame.new(0, 1.1920928955078125e-07, 9.313225746154785e-10, 0.18146006762981415, -0.23633378744125366, 0.9545776844024658, 0.7441512942314148, 0.6675863862037659, 0.023821447044610977, -0.6428927779197693, 0.7060274481773376, 0.29700833559036255),
            ["RightLowerLeg"] = CFrame.new(2.9802322387695312e-08, 3.5762786865234375e-07, -4.300818545743823e-08, 1, -9.685756197086448e-08, -2.3096816903489525e-07, 1.564621925354004e-07, -0.48615598678588867, 0.8738721609115601, -2.3096799850463867e-07, -0.8738721609115601, -0.4861559569835663),
            ["LeftUpperLeg"] = CFrame.new(-5.960464477539063e-08, 2.19675712287426e-07, 0, 0.9701867699623108, 0.10087917000055313, 0.22036585211753845, -0.04607982933521271, 0.9694496393203735, -0.2409232258796692, -0.23793774843215942, 0.2235860973596573, 0.9451956748962402),
            ["LeftLowerLeg"] = CFrame.new(-3.3527612686157227e-08, 1.1920928955078125e-07, 3.725290298461914e-08, 1, 4.4703494239684005e-08, 2.6077035641947077e-08, -6.705522537231445e-08, 0.7757359743118286, 0.6310576796531677, 1.1175870895385742e-08, -0.6310577392578125, 0.7757359743118286),
        }},
        {Time = 0.100, Data = {
            ["RightFoot"] = CFrame.new(-1.30385160446167e-08, 4.76837158203125e-07, 8.458300726488233e-08, 0.9501121640205383, -0.0779346153140068, -0.3020149767398834, 0.06336867809295654, 0.9963181614875793, -0.057746462523937225, 0.30540356040000916, 0.03572758287191391, 0.9515526294708252),
            ["LeftLowerArm"] = CFrame.new(2.980232238769531e-07, 5.960464477539063e-08, -1.043081283569336e-07, 1, -8.568166975919667e-08, 8.149071817342701e-08, 7.916241884231567e-09, -0.04475376009941101, -0.9989980459213257, 7.82310962677002e-08, 0.9989980459213257, -0.04475375637412071),
            ["LeftFoot"] = CFrame.new(4.842877388000488e-08, 5.960464477539063e-08, -3.725290298461914e-08, 0.9879042506217957, -0.12787075340747833, 0.08771757781505585, 0.15252844989299774, 0.9032291173934937, -0.4011387825012207, -0.027935195714235306, 0.4096662700176239, 0.9118077158927917),
            ["Head"] = CFrame.new(2.0256265997886658e-08, -4.76837158203125e-07, -7.450580596923828e-09, 0.9993307590484619, -0.028308408334851265, 0.02316606231033802, 0.027633650228381157, 0.9991989731788635, 0.028946461156010628, -0.023966923356056213, -0.028286822140216827, 0.9993125796318054),
            ["LowerTorso"] = CFrame.new(-0.033471882343292236, -0.12190008163452148, -0.02896793931722641, 0.995830774307251, 0.06626191735267639, -0.06269452720880508, -0.0655243992805481, 0.99775630235672, 0.013749774545431137, 0.06346495449542999, -0.009584425017237663, 0.9979380965232849),
            ["UpperTorso"] = CFrame.new(-1.6065314412117004e-08, 5.960464477539063e-08, -3.4924596548080444e-09, 0.9999319314956665, 0.001348242163658142, 0.011595478281378746, -0.0015329679008573294, 0.9998719096183777, 0.01593722216784954, -0.011572514660656452, -0.01595390774309635, 0.9998058080673218),
            ["HumanoidRootPart"] = CFrame.new(0, 0, 0, 1, 0, 0, 0, 1, 0, 0, 0, 1),
            ["RightUpperLeg"] = CFrame.new(-2.9802322387695312e-08, -1.061926013790071e-08, 3.892637323588133e-09, 0.9314047694206238, -0.26473063230514526, -0.2498057335615158, -0.07573945820331573, 0.5303244590759277, -0.8444048762321472, 0.35601794719696045, 0.8054028749465942, 0.4738960564136505),
            ["LeftUpperArm"] = CFrame.new(5.960464477539063e-08, -5.960464477539062e-07, 0, 0.034899208694696426, 0.13843293488025665, -0.9897567629814148, -0.8298978209495544, 0.5558055639266968, 0.04847552627325058, 0.5568228960037231, 0.819705069065094, 0.13428233563899994),
            ["RightLowerArm"] = CFrame.new(0, -1.1920928955078125e-07, -4.842877388000488e-08, 1, -8.940694584680386e-08, 6.70552182668871e-08, 5.215405707303944e-08, 0.17643560469150543, -0.9843121767044067, 6.798654084150257e-08, 0.9843121767044067, 0.17643557488918304),
            ["LeftHand"] = CFrame.new(6.146728992462158e-08, 5.960464477539063e-08, -1.862645149230957e-09, 0.934080183506012, 0.24527662992477417, -0.259487122297287, -0.3080735504627228, 0.9210056662559509, -0.23840971291065216, 0.18051284551620483, 0.3026350736618042, 0.9358564615249634),
            ["RightHand"] = CFrame.new(-7.450580596923828e-08, 0, 1.1920928955078125e-07, 0.9538586735725403, 0.13816393911838531, 0.26657912135124207, -0.12323996424674988, 0.9897609949111938, -0.07200781255960464, -0.27379846572875977, 0.035832058638334274, 0.9611194133758545),
            ["RightUpperArm"] = CFrame.new(1.1920928955078125e-07, -1.1920928955078125e-07, -2.7939677238464355e-09, 0.11168383061885834, -0.2464570701122284, 0.9626970887184143, 0.7816050052642822, 0.6200494766235352, 0.06806186586618423, -0.6136940717697144, 0.7448474168777466, 0.2618814706802368),
            ["RightLowerLeg"] = CFrame.new(-5.960464477539063e-08, 1.1920928955078125e-07, 3.146196831949055e-07, 1, -9.685754776000977e-08, -2.3841872121010965e-07, 1.1175870895385742e-07, -0.35637378692626953, 0.9343435764312744, -2.1606683731079102e-07, -0.9343435168266296, -0.3563736379146576),
            ["LeftUpperLeg"] = CFrame.new(0, 2.991873770952225e-08, -7.450580596923828e-09, 0.9121821522712708, 0.12775355577468872, 0.389362096786499, -0.07322967797517776, 0.9856866002082825, -0.15185381472110748, -0.4031887650489807, 0.11000543087720871, 0.9084810018539429),
            ["LeftLowerLeg"] = CFrame.new(-9.685754776000977e-08, -2.384185791015625e-07, -7.450580596923828e-08, 1, 3.725290653733282e-08, 2.2351748896198842e-08, -2.980232594040899e-08, 0.8288322687149048, 0.5594975352287292, 4.6566135836201283e-08, -0.5594973564147949, 0.8288319706916809),
        }},
        {Time = 0.117, Data = {
            ["RightFoot"] = CFrame.new(-1.862645149230957e-08, 3.5762786865234375e-07, 1.287116901949048e-08, 0.9621604681015015, -0.0757419690489769, -0.26174524426460266, 0.05834159255027771, 0.9955774545669556, -0.07363289594650269, 0.26616477966308594, 0.05557623133063316, 0.9623241424560547),
            ["LeftLowerArm"] = CFrame.new(1.4901161193847656e-07, 3.5762786865234375e-07, -1.4901161193847656e-08, 1, -8.195635814445268e-08, 1.2305098096021538e-07, -1.1292286217212677e-08, -0.03320499509572983, -0.9994485378265381, 1.0896474123001099e-07, 0.9994485378265381, -0.033204998821020126),
            ["LeftFoot"] = CFrame.new(7.450580596923828e-09, -5.960464477539063e-08, 3.725290298461914e-09, 0.9829707145690918, -0.16391412913799286, 0.08307100832462311, 0.18279772996902466, 0.9184576272964478, -0.350742906332016, -0.018805507570505142, 0.35995519161224365, 0.9327800869941711),
            ["Head"] = CFrame.new(1.30385160446167e-08, 0, -1.0244548320770264e-08, 0.9992236495018005, -0.03552940487861633, 0.017026543617248535, 0.034994855523109436, 0.9989150762557983, 0.030726276338100433, -0.018099749460816383, -0.03010646626353264, 0.9993829131126404),
            ["LowerTorso"] = CFrame.new(-0.03418062627315521, -0.11366796493530273, -0.030210334807634354, 0.9951997995376587, 0.07867459207773209, -0.05820329487323761, -0.07933539152145386, 0.996806263923645, -0.009127535857260227, 0.05729930102825165, 0.0137013029307127, 0.9982630014419556),
            ["UpperTorso"] = CFrame.new(2.3283064365386963e-09, 8.940696716308594e-08, 3.1723175197839737e-09, 0.9999173283576965, -0.007271437905728817, 0.01061420701444149, 0.006844718474894762, 0.9991881847381592, 0.03970041498541832, -0.01089427713304758, -0.039624474942684174, 0.9991553425788879),
            ["HumanoidRootPart"] = CFrame.new(0, 0, 0, 1, 0, 0, 0, 1, 0, 0, 0, 1),
            ["RightUpperLeg"] = CFrame.new(0, -4.61841409560293e-09, -4.489265847951174e-09, 0.9097375273704529, -0.29109713435173035, -0.29604077339172363, -0.040942978113889694, 0.6466594338417053, -0.7616791725158691, 0.41316020488739014, 0.7050489783287048, 0.5763719081878662),
            ["LeftUpperArm"] = CFrame.new(5.960464477539063e-08, 5.960464477539062e-07, -1.1175870895385742e-08, 0.07511210441589355, 0.1356595903635025, -0.9879041314125061, -0.8440050482749939, 0.5362517833709717, 0.0094672329723835, 0.5310496091842651, 0.8330850005149841, 0.1547764092683792),
            ["RightLowerArm"] = CFrame.new(1.1920928955078125e-07, 1.1920928955078125e-07, -1.4901161193847656e-07, 1, -1.043080928297968e-07, 1.7508860139514582e-07, 1.043081283569336e-07, 0.10999061167240143, -0.9939326047897339, 1.1920928955078125e-07, 0.9939326643943787, 0.10999057441949844),
            ["LeftHand"] = CFrame.new(-1.725275069475174e-07, -1.7881393432617188e-07, -3.166496753692627e-08, 0.9387297034263611, 0.22289836406707764, -0.26287442445755005, -0.27478086948394775, 0.9444228410720825, -0.18044662475585938, 0.20804327726364136, 0.24162359535694122, 0.9478059411048889),
            ["RightHand"] = CFrame.new(3.129243850708008e-07, -1.1920928955078125e-07, -1.341104507446289e-07, 0.9806001782417297, 0.052610039710998535, 0.1888270527124405, -0.03290398046374321, 0.9938195943832397, -0.10601882636547089, -0.1932375431060791, 0.09774903953075409, 0.9762707352638245),
            ["RightUpperArm"] = CFrame.new(0, 2.384185791015625e-07, 5.587935447692871e-09, 0.042320672422647476, -0.25700631737709045, 0.9654825925827026, 0.8128083944320679, 0.5708007216453552, 0.11631570756435394, -0.5809919238090515, 0.779829740524292, 0.23305357992649078),
            ["RightLowerLeg"] = CFrame.new(0, 0, 1.0600342648103833e-07, 1, -2.4586907443335804e-07, -1.415610881849716e-07, 1.0430814256778831e-07, -0.16224582493305206, 0.9867504239082336, -1.4156104555240745e-07, -0.9867503643035889, -0.1622457504272461),
            ["LeftUpperLeg"] = CFrame.new(0, 6.688060238957405e-08, 9.313225746154785e-09, 0.8048078417778015, 0.1325279027223587, 0.5785505771636963, -0.11785712838172913, 0.9910260438919067, -0.06306492537260056, -0.5817165374755859, -0.017431234940886497, 0.813204824924469),
            ["LeftLowerLeg"] = CFrame.new(-1.862645149230957e-08, -3.5762786865234375e-07, -3.3527612686157227e-08, 1, 1.4901161193847656e-08, 7.450581485102248e-09, -3.119930269690485e-08, 0.881547749042511, 0.4720950126647949, 4.284083487959833e-08, -0.47209489345550537, 0.881547749042511),
        }},
        {Time = 0.133, Data = {
            ["RightFoot"] = CFrame.new(3.725290298461914e-08, 2.980232238769531e-07, -1.5068508218973875e-08, 0.9732833504676819, -0.07659707218408585, -0.21645405888557434, 0.05756814032793045, 0.9940100908279419, -0.09289733320474625, 0.22227340936660767, 0.07795485854148865, 0.9718630313873291),
            ["LeftLowerArm"] = CFrame.new(-1.4901161193847656e-07, 1.7881393432617188e-07, -1.341104507446289e-07, 1, -7.450579886381092e-08, 2.95694988494688e-08, -5.587936335871291e-09, -0.021667776629328728, -0.9997652769088745, 8.754432911928234e-08, 0.9997652173042297, -0.021667806431651115),
            ["LeftFoot"] = CFrame.new(-1.1175870895385742e-08, 0, -4.470348358154297e-08, 0.9808615446090698, -0.19395862519741058, -0.017055755481123924, 0.18003879487514496, 0.9368368983268738, -0.2998709976673126, 0.07414095848798752, 0.2910613417625427, 0.9538272619247437),
            ["Head"] = CFrame.new(-3.073364496231079e-08, -3.5762786865234375e-07, -8.847564458847046e-09, 0.9990543127059937, -0.041852984577417374, 0.011783285066485405, 0.04144885390996933, 0.9986063241958618, 0.032673463225364685, -0.013134341686964035, -0.03215406462550163, 0.9993966221809387),
            ["LowerTorso"] = CFrame.new(-0.034492239356040955, -0.10575437545776367, -0.03096439689397812, 0.994372546672821, 0.09089219570159912, -0.05442285165190697, -0.09273827821016312, 0.9951629638671875, -0.0324103944003582, 0.05121374875307083, 0.03727509081363678, 0.9979918599128723),
            ["UpperTorso"] = CFrame.new(-1.6472768038511276e-08, 2.086162567138672e-07, -4.2782630771398544e-09, 0.9998251795768738, -0.01644536666572094, 0.008905481547117233, 0.015847589820623398, 0.9978574514389038, 0.06347879767417908, -0.009930331259965897, -0.06332655996084213, 0.9979434609413147),
            ["HumanoidRootPart"] = CFrame.new(0, 0, 0, 1, 0, 0, 0, 1, 0, 0, 0, 1),
            ["RightUpperLeg"] = CFrame.new(-2.9802322387695312e-08, 2.2843596525490284e-07, -2.9831426218152046e-10, 0.8838053941726685, -0.3013143241405487, -0.35790738463401794, -0.0060685062780976295, 0.757549524307251, -0.6527495384216309, 0.46781525015830994, 0.5790755748748779, 0.6676977872848511),
            ["LeftUpperArm"] = CFrame.new(0, -4.76837158203125e-07, -3.725290298461914e-09, 0.11819681525230408, 0.1348595917224884, -0.98378986120224, -0.8526391983032227, 0.5215833187103271, -0.030940286815166473, 0.5089556574821472, 0.8424748182296753, 0.17663609981536865),
            ["RightLowerArm"] = CFrame.new(-2.384185791015625e-07, 3.5762786865234375e-07, -1.341104507446289e-07, 1, -8.568166975919667e-08, 1.8440189819557418e-07, 1.4156104555240745e-07, 0.0481114387512207, -0.9988420605659485, 7.078052277620372e-08, 0.9988420009613037, 0.0481114462018013),
            ["LeftHand"] = CFrame.new(3.688037395477295e-07, 5.960464477539063e-08, 3.520399332046509e-07, 0.9422963857650757, 0.2023753523826599, -0.26668718457221985, -0.24111971259117126, 0.9628886580467224, -0.121271051466465, 0.23224762082099915, 0.1785769760608673, 0.9561231136322021),
            ["RightHand"] = CFrame.new(-2.7939677238464355e-07, 0, -1.341104507446289e-07, 0.9914350509643555, -0.035713694989681244, 0.12562336027622223, 0.055694617331027985, 0.9856520891189575, -0.15933619439601898, -0.11813050508499146, 0.1649681180715561, 0.9791991114616394),
            ["RightUpperArm"] = CFrame.new(-5.960464477539063e-08, 0, -1.1175870895385742e-08, -0.02424568310379982, -0.2641870975494385, 0.9641667008399963, 0.83546382188797, 0.5242943167686462, 0.16466884315013885, -0.5490103960037231, 0.8095188140869141, 0.20800690352916718),
