return {
    ["Swaggin'"] = {
        {Time = 0.000, Data = {
            ["LeftFoot"] = CFrame.new(-1.507024016689229e-08, -5.960464477539063e-08, -2.4483185256940487e-08, 0.9830352067947388, 0.16592487692832947, 0.07817187905311584, -0.0697883740067482, 0.7325044870376587, -0.6771755814552307, -0.16962172091007233, 0.6602318286895752, 0.7316572666168213),
            ["LeftLowerArm"] = CFrame.new(-5.960464477539063e-08, 5.960464477539063e-08, 0, 1, -2.9802322387695312e-08, -7.450580596923828e-09, 3.166496753692627e-08, 0.4728420078754425, -0.8811473250389099, -9.755603969097137e-08, 0.8811473250389099, 0.4728419780731201),
            ["LowerTorso"] = CFrame.new(-0.04257279261946678, -0.4536590576171875, -0.02304248884320259, 0.9980443120002747, 0.05931450054049492, 0.019731836393475533, -0.05609944835305214, 0.9891396760940552, -0.1358511596918106, -0.027575485408306122, 0.13447853922843933, 0.9905327558517456),
            ["Head"] = CFrame.new(-1.979060471057892e-09, 1.1920928955078125e-07, 1.9848812371492386e-08, 0.9985930919647217, -0.05295604467391968, 0.002741300966590643, 0.052556343376636505, 0.9952793121337891, 0.08158990740776062, -0.007049034349620342, -0.08133091032505035, 0.9966623187065125),
            ["RightUpperArm"] = CFrame.new(-0.0061914920806884766, -0.023502826690673828, -0.005135504528880119, 0.6212040185928345, -0.4708344042301178, 0.626434862613678, 0.20829850435256958, 0.86983323097229, 0.44721582531929016, -0.7554584741592407, -0.14732679724693298, 0.6384178996086121),
            ["UpperTorso"] = CFrame.new(-9.255018085241318e-09, 1.1920928955078125e-07, 2.500019036233425e-08, 0.9981526136398315, -0.0587228424847126, -0.015589369460940361, 0.060645051300525665, 0.9785224199295044, 0.19701820611953735, 0.0036850774195045233, -0.1975996345281601, 0.9802759289741516),
            ["HumanoidRootPart"] = CFrame.new(0, 0, 0, 1, 0, 0, 0, 1, 0, 0, 0, 1),
            ["RightHand"] = CFrame.new(-1.1920928955078125e-07, 0, -1.043081283569336e-07, 0.9064616560935974, 0.2815123498439789, -0.31476670503616333, -0.22343334555625916, 0.9522270560264587, 0.20818565785884857, 0.3583362102508545, -0.11838292330503464, 0.9260565042495728),
            ["LeftUpperArm"] = CFrame.new(-0.010973095893859863, -0.07223236560821533, -0.010364964604377747, 0.7898064851760864, 0.08740294724702835, -0.6070967316627502, -0.0875292420387268, 0.9957256317138672, 0.029481595382094383, 0.6070785522460938, 0.029853956773877144, 0.7940808534622192),
            ["RightLowerArm"] = CFrame.new(0, 3.5762786865234375e-07, 1.043081283569336e-07, 1, -1.7136336794010276e-07, 1.043081283569336e-07, 1.0430814256778831e-07, 0.10109597444534302, -0.9948766827583313, 1.9371512394172896e-07, 0.9948767423629761, 0.10109597444534302),
            ["LeftHand"] = CFrame.new(6.705522537231445e-08, 1.1920928955078125e-07, -5.960464477539063e-08, 0.9539796710014343, -0.17038507759571075, -0.24676263332366943, 0.23621004819869995, 0.9339187741279602, 0.2683295011520386, 0.1847369372844696, -0.3142685294151306, 0.9311861395835876),
            ["RightUpperLeg"] = CFrame.new(0, 2.9383227229118347e-07, 7.617927622050047e-09, 0.6635373830795288, -0.17080000042915344, -0.7283855676651001, 0.078724205493927, 0.9841262698173523, -0.15905354917049408, 0.7439896464347839, 0.04819639399647713, 0.6664506196975708),
            ["LeftUpperLeg"] = CFrame.new(-5.960464477539063e-08, 2.03610397875309e-07, 1.6763806343078613e-08, 0.883476197719574, 0.09217773377895355, 0.45931825041770935, 0.15724442899227142, 0.8652247786521912, -0.4760885536670685, -0.4412982165813446, 0.49283793568611145, 0.7499110102653503),
            ["RightLowerLeg"] = CFrame.new(3.725290298461914e-09, -0.00015425682067871094, -0.00006402114377124235, 1, -1.5646209305941738e-07, -1.4528630742915993e-07, 1.4156101713069802e-07, 0.04680809751152992, 0.9989039301872253, -2.020969702698494e-07, -0.9989039897918701, 0.04680824652314186),
            ["RightFoot"] = CFrame.new(4.6566128730773926e-08, 2.980232238769531e-07, 2.4047039914876223e-08, 0.9808077216148376, 0.18729068338871002, 0.05420905724167824, -0.12783072888851166, 0.8276169896125793, -0.546542763710022, -0.14722681045532227, 0.5291240811347961, 0.8356748819351196),
            ["LeftLowerLeg"] = CFrame.new(5.960464477539063e-08, 0.0001544356346130371, 0.00006404519081115723, 1, 1.1175869474300271e-07, 5.960463766996327e-08, -8.940695295223122e-08, 0.18394158780574799, 0.982937216758728, 8.195637946073475e-08, -0.982937216758728, 0.18394158780574799),
        }},
        {Time = 0.033, Data = {
            ["LeftFoot"] = CFrame.new(-9.614358198462014e-09, -5.960464477539063e-08, -5.306162620399846e-08, 0.9849457740783691, 0.14578978717327118, 0.09288273751735687, -0.0590016134083271, 0.7885785102844238, -0.6120970845222473, -0.1624828279018402, 0.5974021553993225, 0.7853088974952698),
            ["LeftLowerArm"] = CFrame.new(0, 1.7881393432617188e-07, 7.450580596923828e-08, 1, -2.9802322387695312e-08, 1.1175869119028903e-08, 4.470348358154297e-08, 0.398113489151001, -0.9173361659049988, -1.2852251529693604e-07, 0.9173362255096436, 0.3981134295463562),
            ["LowerTorso"] = CFrame.new(-0.04039519652724266, -0.39638733863830566, -0.021842336282134056, 0.9984050989151001, 0.05535956472158432, 0.011073805391788483, -0.05291827768087387, 0.9860031604766846, -0.15810568630695343, -0.019671469926834106, 0.1572675108909607, 0.9873601198196411),
            ["Head"] = CFrame.new(1.979060471057892e-09, 0, 9.080395102500916e-09, 0.9992458820343018, -0.03816698119044304, 0.007140966132283211, 0.037361595779657364, 0.9951616525650024, 0.09086985141038895, -0.0105746416375041, -0.09053438901901245, 0.9958372116088867),
            ["RightUpperArm"] = CFrame.new(-0.0061914920806884766, -0.02350306510925293, -0.005135539919137955, 0.6160592436790466, -0.4804087281227112, 0.6242424845695496, 0.2083713412284851, 0.8636486530303955, 0.4590126574039459, -0.7596397995948792, -0.15270470082759857, 0.6321620345115662),
            ["UpperTorso"] = CFrame.new(5.820766091346741e-10, 0, 1.8466380424797535e-08, 0.9980778694152832, -0.061764463782310486, -0.005080047529190779, 0.06133180484175682, 0.9726652503013611, 0.22396601736545563, -0.008891956880688667, -0.22384703159332275, 0.9745838046073914),
            ["HumanoidRootPart"] = CFrame.new(0, 0, 0, 1, 0, 0, 0, 1, 0, 0, 0, 1),
            ["RightHand"] = CFrame.new(-2.9802322387695312e-08, 1.1920928955078125e-07, -4.470348358154297e-08, 0.9175064563751221, 0.2907397150993347, -0.2713899612426758, -0.24143466353416443, 0.949402391910553, 0.20085930824279785, 0.3160560429096222, -0.11876670271158218, 0.9412773251533508),
            ["LeftUpperArm"] = CFrame.new(-0.010973095893859863, -0.07223224639892578, -0.01036497950553894, 0.7793657779693604, 0.1528671532869339, -0.6076353192329407, -0.1078810915350914, 0.988037645816803, 0.11019708216190338, 0.6172119975090027, -0.02033146843314171, 0.7865341305732727),
            ["RightLowerArm"] = CFrame.new(-5.960464477539063e-08, -5.960464477539063e-08, 7.450580596923828e-08, 1, -2.1606686573250045e-07, 8.940696716308594e-08, 1.1920927533992653e-07, 0.06819892674684525, -0.9976717829704285, 1.4901159772762185e-07, 0.9976718425750732, 0.06819888949394226),
            ["LeftHand"] = CFrame.new(0, 5.960464477539063e-08, -2.384185791015625e-07, 0.9388439655303955, -0.20047283172607422, -0.2799689769744873, 0.26986315846443176, 0.933375895023346, 0.23660804331302643, 0.21388274431228638, -0.29769134521484375, 0.9303945899009705),
            ["RightUpperLeg"] = CFrame.new(-5.960464477539063e-08, 1.802109181880951e-07, 9.014911483973265e-09, 0.6708905100822449, -0.2200450450181961, -0.708156943321228, 0.09705887734889984, 0.9728012681007385, -0.21032661199569702, 0.7351772785186768, 0.07237323373556137, 0.6740004420280457),
            ["LeftUpperLeg"] = CFrame.new(-5.960464477539063e-08, 2.3480970412492752e-07, 1.862645149230957e-09, 0.8822238445281982, 0.11220621317625046, 0.4572645425796509, 0.12096715718507767, 0.8845692873001099, -0.4504489004611969, -0.455025315284729, 0.45271071791648865, 0.7668148279190063),
            ["RightLowerLeg"] = CFrame.new(4.842877388000488e-08, -0.00015419721603393555, -0.00006411800131900236, 1, -1.033767418334719e-07, -1.4901158351676713e-07, 1.4156103134155273e-07, -0.06888840347528458, 0.9976243376731873, -1.6111880540847778e-07, -0.997624397277832, -0.06888845562934875),
            ["RightFoot"] = CFrame.new(7.450580596923828e-09, 4.172325134277344e-07, 5.664333002641797e-08, 0.9873690605163574, 0.14323987066745758, 0.06771057099103928, -0.07584718614816666, 0.8025470972061157, -0.5917474627494812, -0.13910283148288727, 0.5791376829147339, 0.8032747507095337),
            ["LeftLowerLeg"] = CFrame.new(0, 0.00015431642532348633, 0.00006407499313354492, 1, 8.940695295223122e-08, 8.195637946073475e-08, -9.685753354915505e-08, 0.22175122797489166, 0.9751032590866089, 5.215405707303944e-08, -0.9751032590866089, 0.22175122797489166),
        }},
        {Time = 0.067, Data = {
            ["LeftFoot"] = CFrame.new(-6.511083938676165e-08, -5.960464477539063e-08, 1.6819832637793297e-08, 0.9877827763557434, 0.09190021455287933, 0.12585510313510895, -0.026168877258896828, 0.8939586281776428, -0.4473852515220642, -0.15362413227558136, 0.4386257231235504, 0.8854416608810425),
            ["LeftLowerArm"] = CFrame.new(-1.1920928955078125e-07, 0, -7.450580596923828e-08, 1, -1.0430814256778831e-07, -5.21540641784668e-08, 7.450579886381092e-08, 0.22074121236801147, -0.9753324389457703, -6.332992796842518e-08, 0.9753324389457703, 0.2207411825656891),
            ["LowerTorso"] = CFrame.new(-0.03541585057973862, -0.2703894376754761, -0.01840641349554062, 0.9991150498390198, 0.040232449769973755, -0.01226882729679346, -0.04191024601459503, 0.9769479036331177, -0.2093239575624466, 0.0035643901210278273, 0.20965290069580078, 0.9777694940567017),
            ["Head"] = CFrame.new(3.259629011154175e-09, 0, 2.1420419216156006e-08, 0.9997537732124329, -0.0029618984553962946, 0.02199113555252552, 0.0005017873481847346, 0.9938157200813293, 0.11104097962379456, -0.02218402735888958, -0.11100249737501144, 0.9935725927352905),
            ["RightUpperArm"] = CFrame.new(-0.006191551685333252, -0.02350318431854248, -0.005135525017976761, 0.6130059361457825, -0.511855959892273, 0.6018531322479248, 0.2234937846660614, 0.8429917693138123, 0.48930084705352783, -0.7578088641166687, -0.16543401777744293, 0.6311556696891785),
            ["UpperTorso"] = CFrame.new(1.1656084097921848e-08, -2.9802322387695312e-08, 2.1245796233415604e-08, 0.9974271059036255, -0.06945422291755676, 0.01775953732430935, 0.06161938235163689, 0.9572117924690247, 0.28275227546691895, -0.03663797304034233, -0.2809304893016815, 0.9590285420417786),
            ["HumanoidRootPart"] = CFrame.new(0, 0, 0, 1, 0, 0, 0, 1, 0, 0, 0, 1),
            ["RightHand"] = CFrame.new(1.7881393432617188e-07, 5.960464477539063e-08, 1.4901161193847656e-08, 0.9369155764579773, 0.3104850947856903, -0.1605871021747589, -0.28153640031814575, 0.9425548911094666, 0.17979909479618073, 0.20718708634376526, -0.12324541807174683, 0.9705072045326233),
            ["LeftUpperArm"] = CFrame.new(-0.010973095893859863, -0.07223248481750488, -0.010364986956119537, 0.7502726316452026, 0.31996339559555054, -0.5785451531410217, -0.16936787962913513, 0.9389052987098694, 0.29961901903152466, 0.6390662789344788, -0.12680897116661072, 0.758626401424408),
            ["RightLowerArm"] = CFrame.new(-2.9802322387695312e-08, -3.5762786865234375e-07, -7.450580596923828e-08, 1, -1.639127589214695e-07, 7.450580596923828e-08, 8.940698137394065e-08, -0.005697562824934721, -0.9999837875366211, 1.7136336794010276e-07, 0.9999837875366211, -0.005697518587112427),
            ["LeftHand"] = CFrame.new(1.4901161193847656e-08, 1.1920928955078125e-07, -1.1920928955078125e-07, 0.8979611396789551, -0.26936087012290955, -0.34800946712493896, 0.3389347791671753, 0.9277020692825317, 0.15650016069412231, 0.28069406747817993, -0.25848355889320374, 0.9243361353874207),
            ["RightUpperLeg"] = CFrame.new(5.960464477539063e-08, 1.0780058801174164e-07, -2.0787410903722048e-08, 0.6962845921516418, -0.34741440415382385, -0.6280853748321533, 0.1484927237033844, 0.9258476495742798, -0.34749993681907654, 0.7022376656532288, 0.1486927717924118, 0.6962417960166931),
            ["LeftUpperLeg"] = CFrame.new(-5.960464477539063e-08, 2.6542693376541138e-08, -1.955777406692505e-08, 0.8802812099456787, 0.16337980329990387, 0.44543489813804626, 0.029035378247499466, 0.9185292720794678, -0.3942854702472687, -0.4735631048679352, 0.36001530289649963, 0.8038201928138733),
            ["RightLowerLeg"] = CFrame.new(4.284083843231201e-08, -0.0001544356346130371, -0.0000641925071249716, 1, -1.103616753539427e-07, -2.179294256166031e-07, 1.434236907016384e-07, -0.3226628303527832, 0.9465139508247375, -2.5052580099327315e-07, -0.9465139508247375, -0.3226627707481384),
            ["RightFoot"] = CFrame.new(1.862645149230957e-09, 3.5762786865234375e-07, -2.6244379114359617e-08, 0.9938240051269531, 0.034272536635398865, 0.10554294288158417, 0.04479184001684189, 0.746288001537323, -0.664114236831665, -0.10152626037597656, 0.664740264415741, 0.7401439547538757),
            ["LeftLowerLeg"] = CFrame.new(0, 0.00015425682067871094, 0.00006404519081115723, 1, 8.195639367158947e-08, 7.82310962677002e-08, -1.1920928955078125e-07, 0.3044857978820801, 0.9525167942047119, 5.587935447692871e-08, -0.9525169134140015, 0.3044860363006592),
        }},
        {Time = 0.100, Data = {
            ["LeftFoot"] = CFrame.new(-1.2066159627011075e-08, -5.960464477539063e-08, -9.277130175178172e-10, 0.9873754382133484, 0.010027032345533371, 0.1580803543329239, 0.03047598898410797, 0.967322587966919, -0.25171101093292236, -0.15543869137763977, 0.25335070490837097, 0.9548048973083496),
            ["LeftLowerArm"] = CFrame.new(2.9802322387695312e-08, 0, -7.450580596923828e-09, 1, -5.960463766996327e-08, 4.470348358154297e-08, 5.960463766996327e-08, 0.03251054510474205, -0.9994714260101318, -1.4901159417490817e-08, 0.9994713664054871, 0.03251059353351593),
            ["LowerTorso"] = CFrame.new(-0.029964927583932877, -0.14439153671264648, -0.01298151072114706, 0.9989078640937805, 0.00908511970192194, -0.04583173245191574, -0.020990591496229172, 0.9636124968528748, -0.26647767424583435, 0.041743043810129166, 0.2671486437320709, 0.9627509117126465),
            ["Head"] = CFrame.new(7.377821020781994e-09, -1.1920928955078125e-07, 1.237731339642778e-08, 0.9980316758155823, 0.03872811049222946, 0.04932473972439766, -0.04487306624650955, 0.9904612898826599, 0.13028039038181305, -0.04380872845649719, -0.13223721086978912, 0.9902495741844177),
            ["RightUpperArm"] = CFrame.new(-0.006191551685333252, -0.02350330352783203, -0.005135510582476854, 0.6285879015922546, -0.5685093402862549, 0.5307301878929138, 0.2799479067325592, 0.8020527958869934, 0.5275799036026001, -0.725607693195343, -0.1830536276102066, 0.663313627243042),
            ["UpperTorso"] = CFrame.new(4.656612873077393e-10, 1.4901161193847656e-07, -7.764901965856552e-08, 0.9961093068122864, -0.07847989350557327, 0.0400918647646904, 0.06021890044212341, 0.938298761844635, 0.34054258465766907, -0.0643438920378685, -0.33680328726768494, 0.9393739700317383),
            ["HumanoidRootPart"] = CFrame.new(0, 0, 0, 1, 0, 0, 0, 1, 0, 0, 0, 1),
            ["RightHand"] = CFrame.new(5.960464477539063e-08, -2.384185791015625e-07, 2.9802322387695312e-08, 0.9446715712547302, 0.32768481969833374, -0.014778481796383858, -0.3220098614692688, 0.9350107908248901, 0.1485416293144226, 0.06249286234378815, -0.13556420803070068, 0.988795816898346),
            ["LeftUpperArm"] = CFrame.new(-0.010972976684570312, -0.07223260402679443, -0.010364992544054985, 0.7001146674156189, 0.5293039083480835, -0.4792461693286896, -0.2758670449256897, 0.8195801377296448, 0.5021811723709106, 0.6585869789123535, -0.21937626600265503, 0.7198175191879272),
            ["RightLowerArm"] = CFrame.new(-8.940696716308594e-08, -1.7881393432617188e-07, 2.8312206268310547e-07, 1, -1.788139627478813e-07, 1.1920928955078125e-07, 5.960464477539063e-08, -0.08124352246522903, -0.9966943264007568, 2.086162567138672e-07, 0.9966943264007568, -0.08124353736639023),
            ["LeftHand"] = CFrame.new(-5.960464477539063e-08, 5.960464477539063e-08, -5.960464477539063e-08, 0.8470713496208191, -0.34288540482521057, -0.406078577041626, 0.3980502784252167, 0.9155768156051636, 0.05722825601696968, 0.3521733283996582, -0.21011604368686676, 0.9120445847511292),
            ["RightUpperLeg"] = CFrame.new(1.7881393432617188e-07, 3.241002559661865e-07, -9.436189429834485e-08, 0.7489544749259949, -0.5135180950164795, -0.4187679588794708, 0.23496338725090027, 0.7967360019683838, -0.5567799806594849, 0.6195639371871948, 0.3186075985431671, 0.7173768877983093),
            ["LeftUpperLeg"] = CFrame.new(-5.960464477539063e-08, 1.671724021434784e-07, -5.774199962615967e-08, 0.8782119750976562, 0.23768706619739532, 0.41502854228019714, -0.09400881826877594, 0.9366263747215271, -0.33748120069503784, -0.4689413607120514, 0.2573636770248413, 0.8449010848999023),
            ["RightLowerLeg"] = CFrame.new(2.2351741790771484e-08, -0.0001544952392578125, -0.00006390938506228849, 1, -1.14552619834285e-07, -2.2724267978446733e-07, 8.940696716308594e-08, -0.565773606300354, 0.8245605826377869, -2.905726432800293e-07, -0.8245606422424316, -0.5657737255096436),
            ["RightFoot"] = CFrame.new(4.0978193283081055e-08, 2.980232238769531e-07, -7.46731529943645e-08, 0.9832593202590942, -0.0844884142279625, 0.16144077479839325, 0.17132367193698883, 0.7303605079650879, -0.6612274646759033, -0.06204390525817871, 0.6778165102005005, 0.7326084971427917),
            ["LeftLowerLeg"] = CFrame.new(1.30385160446167e-08, 0.00015419721603393555, 0.00006413459777832031, 1, 8.288770914077759e-08, 1.266598843585598e-07, -5.960464477539063e-08, 0.38604503870010376, 0.9224799871444702, 8.288770914077759e-08, -0.9224799871444702, 0.3860451579093933),
        }},
        {Time = 0.133, Data = {
            ["LeftFoot"] = CFrame.new(2.60770320892334e-08, 1.1920928955078125e-07, 1.4901161193847656e-08, 0.98078852891922, -0.09363702684640884, 0.17113187909126282, 0.11743556708097458, 0.9839044213294983, -0.1346888244152069, -0.15576550364494324, 0.15219803154468536, 0.9759984016418457),
            ["LeftLowerArm"] = CFrame.new(5.960464477539063e-08, 2.384185791015625e-07, 2.7567148208618164e-07, 1, -8.940696716308594e-08, -1.341104507446289e-07, -1.3411046495548362e-07, -0.0539865642786026, -0.9985417127609253, 1.3411046495548362e-07, 0.9985417127609253, -0.05398651957511902),
            ["LowerTorso"] = CFrame.new(-0.026372596621513367, -0.0871196985244751, -0.0058144330978393555, 0.9954783916473389, -0.04140940681099892, -0.08548731356859207, 0.013162515126168728, 0.9514278769493103, -0.3075902760028839, 0.0940721407532692, 0.3050742447376251, 0.9476708769798279),
            ["Head"] = CFrame.new(-6.394111551344395e-08, 1.1920928955078125e-07, -2.9802322387695312e-08, 0.9932635426521301, 0.0732114166021347, 0.08982130140066147, -0.08512821048498154, 0.9869126677513123, 0.1369546800851822, -0.07861914485692978, -0.14367826282978058, 0.98649662733078),
            ["RightUpperArm"] = CFrame.new(-0.006191432476043701, -0.023502826690673828, -0.00513555109500885, 0.6647472381591797, -0.6485984921455383, 0.37071722745895386, 0.40859904885292053, 0.7310826182365417, 0.5464111566543579, -0.6254262924194336, -0.21175047755241394, 0.7510018348693848),
            ["UpperTorso"] = CFrame.new(3.725290298461914e-09, 3.2782554626464844e-07, 3.050081431865692e-08, 0.9952919483184814, -0.0830085426568985, 0.05003640055656433, 0.059026483446359634, 0.9285907745361328, 0.3663810193538666, -0.07687609642744064, -0.361702561378479, 0.9291185736656189),
            ["HumanoidRootPart"] = CFrame.new(0, 0, 0, 1, 0, 0, 0, 1, 0, 0, 0, 1),
            ["RightHand"] = CFrame.new(-1.1920928955078125e-07, 1.1920928955078125e-07, 1.7881393432617188e-07, 0.9359700679779053, 0.32875344157218933, 0.12602122128009796, -0.34326502680778503, 0.9316701292991638, 0.11899569630622864, -0.07828996330499649, -0.15463507175445557, 0.9848648905754089),
            ["LeftUpperArm"] = CFrame.new(-0.010973095893859863, -0.07223212718963623, -0.01036500558257103, 0.6245806217193604, 0.7115551233291626, -0.3218516409397125, -0.43938374519348145, 0.6608802080154419, 0.60842365026474, 0.6456322073936462, -0.2385932058095932, 0.7254186272621155),
            ["RightLowerArm"] = CFrame.new(-8.940696716308594e-08, -5.960464477539063e-08, -7.450580596923828e-09, 1, -1.4901158351676713e-07, 1.4901158351676713e-07, 1.1920928955078125e-07, -0.11596526205539703, -0.9932533502578735, 1.1920928955078125e-07, 0.9932532906532288, -0.11596515774726868),
            ["LeftHand"] = CFrame.new(-2.384185791015625e-07, 2.980232238769531e-07, 1.6391277313232422e-07, 0.8206545114517212, -0.3843301236629486, -0.42286714911460876, 0.4150906205177307, 0.9095357060432434, -0.021084576845169067, 0.3927161991596222, -0.15822505950927734, 0.9059464335441589),
            ["RightUpperLeg"] = CFrame.new(0, 5.112960934638977e-07, 3.9282895158976316e-08, 0.823302686214447, -0.5674237012863159, -0.0142531031742692, 0.36871179938316345, 0.5537359118461609, -0.7466112375259399, 0.43153735995292664, 0.6094316244125366, 0.6651079654693604),
            ["LeftUpperLeg"] = CFrame.new(2.9802322387695312e-08, 5.885958671569824e-07, 7.078051567077637e-08, 0.8685621023178101, 0.3439931571483612, 0.3567473590373993, -0.2336275279521942, 0.919062614440918, -0.31739890575408936, -0.43705618381500244, 0.19233480095863342, 0.8786293268203735),
            ["RightLowerLeg"] = CFrame.new(0, -0.0001544952392578125, -0.00006394291267497465, 1, -1.0430807861894209e-07, -3.2782546099952015e-07, 1.0430814256778831e-07, -0.6496936678886414, 0.7601959109306335, -2.868473814032768e-07, -0.7601961493492126, -0.6496938467025757),
            ["RightFoot"] = CFrame.new(-7.450580596923828e-09, 2.980232238769531e-07, -5.75528247281909e-09, 0.96823650598526, -0.12065094709396362, 0.21900153160095215, 0.21346595883369446, 0.854941725730896, -0.47276514768600464, -0.13019374012947083, 0.5044978260993958, 0.8535405993461609),
            ["LeftLowerLeg"] = CFrame.new(0, 0.00015419721603393555, 0.00006407499313354492, 1, 1.1175868053214799e-07, 5.2154071283894154e-08, -1.2665987014770508e-07, 0.4131149649620056, 0.9106789231300354, -3.725290298461914e-09, -0.9106788635253906, 0.41311508417129517),
        }},
        {Time = 0.167, Data = {
            ["LeftFoot"] = CFrame.new(-9.903995845661484e-09, -5.960464477539063e-08, -2.0646382381528383e-09, 0.9687075018882751, -0.19266125559806824, 0.15648487210273743, 0.21841827034950256, 0.9611544609069824, -0.16874708235263824, -0.1178952232003212, 0.197645902633667, 0.9731582999229431),
            ["LeftLowerArm"] = CFrame.new(-5.960464477539063e-08, -1.7881393432617188e-07, 0, 1, -8.195637946073475e-08, -8.195636524988004e-08, -4.470348358154297e-08, 0.161018505692482, -0.9869514107704163, 7.450580596923828e-08, 0.9869514107704163, 0.16101841628551483),
            ["LowerTorso"] = CFrame.new(-0.025272248312830925, -0.1071937084197998, 0.002598799532279372, 0.9856529235839844, -0.11033090949058533, -0.12773169577121735, 0.0627012774348259, 0.9419654607772827, -0.3298023045063019, 0.15670624375343323, 0.3170616924762726, 0.9353689551353455),
            ["Head"] = CFrame.new(3.4458935260772705e-08, 4.76837158203125e-07, 1.30385160446167e-08, 0.9854984879493713, 0.09345106035470963, 0.14163227379322052, -0.11063333600759506, 0.9867432117462158, 0.11873556673526764, -0.128658726811409, -0.13268281519412994, 0.9827727675437927),
            ["RightUpperArm"] = CFrame.new(-0.006191432476043701, -0.02350294589996338, -0.005135528743267059, 0.6818419098854065, -0.7275283932685852, 0.07611948251724243, 0.6583197116851807, 0.6556657552719116, 0.36975356936454773, -0.3189151883125305, -0.20200255513191223, 0.926006555557251),
            ["UpperTorso"] = CFrame.new(3.725290298461914e-09, -1.1920928955078125e-07, 7.450580596923828e-09, 0.9967575669288635, -0.063047856092453, 0.04999452084302902, 0.0407785028219223, 0.9314354658126831, 0.3616146743297577, -0.06936567276716232, -0.35840341448783875, 0.9309863448143005),
            ["HumanoidRootPart"] = CFrame.new(0, 0, 0, 1, 0, 0, 0, 1, 0, 0, 0, 1),
            ["RightHand"] = CFrame.new(-3.948807716369629e-07, -1.7881393432617188e-07, 4.470348358154297e-08, 0.9448065161705017, 0.23408514261245728, 0.229226753115654, -0.26968368887901306, 0.9529497623443604, 0.13841086626052856, -0.1860417127609253, -0.19259019196033478, 0.9634820818901062),
            ["LeftUpperArm"] = CFrame.new(-0.010973095893859863, -0.07223200798034668, -0.010364994406700134, 0.5441889762878418, 0.8284388780593872, -0.13246633112430573, -0.7320792078971863, 0.5460235476493835, 0.40733081102371216, 0.4097784757614136, -0.12468907982110977, 0.9036228060722351),
            ["RightLowerArm"] = CFrame.new(-2.086162567138672e-07, 0, 9.685754776000977e-08, 1, -1.043081283569336e-07, 6.705522537231445e-08, 4.470348358154297e-08, 0.07483795285224915, -0.9971957802772522, 1.30385160446167e-07, 0.9971957206726074, 0.07483787089586258),
            ["LeftHand"] = CFrame.new(1.4901161193847656e-07, -2.384185791015625e-07, 8.940696716308594e-08, 0.8526853322982788, -0.312652587890625, -0.4185406565666199, 0.324909508228302, 0.9447309970855713, -0.04378766193985939, 0.409098744392395, -0.09865077584981918, 0.9071418642997742),
            ["RightUpperLeg"] = CFrame.new(0, 1.5087425708770752e-07, -7.24758137948811e-08, 0.8462042808532715, -0.40854138135910034, 0.3420998454093933, 0.5163695216178894, 0.47023046016693115, -0.715713620185852, 0.13153284788131714, 0.7822897434234619, 0.6088692545890808),
            ["LeftUpperLeg"] = CFrame.new(2.9802322387695312e-08, 1.7881393432617188e-07, -5.960464477539063e-08, 0.8311235308647156, 0.4673849940299988, 0.3013056814670563, -0.3861786425113678, 0.8749779462814331, -0.2920268774032593, -0.40012475848197937, 0.1263524442911148, 0.9077087640762329),
            ["RightLowerLeg"] = CFrame.new(-1.341104507446289e-07, -0.0001545548439025879, -0.00006407329783542082, 1, -1.4156096028727916e-07, -1.9371502446574596e-07, 1.4156104555240745e-07, -0.4574333131313324, 0.889244019985199, -2.2351744632942427e-07, -0.889244019985199, -0.4574332535266876),
            ["RightFoot"] = CFrame.new(-4.470348358154297e-08, 5.960464477539063e-08, 9.145878721028566e-09, 0.9731612801551819, -0.003097118344157934, 0.2301034927368164, 0.07187643647193909, 0.9539758563041687, -0.29114246368408203, -0.2186114490032196, 0.29986774921417236, 0.9285949468612671),
            ["LeftLowerLeg"] = CFrame.new(0, 0.00015437602996826172, 0.00006403028964996338, 1, 1.2665985593685036e-07, 1.4901159417490817e-08, -5.960464477539063e-08, 0.46027785539627075, 0.8877748847007751, 6.705522537231445e-08, -0.8877748847007751, 0.46027785539627075),
        }},
        {Time = 0.200, Data = {
            ["LeftFoot"] = CFrame.new(-5.0717090971375e-08, 0, 2.764585360637284e-08, 0.9556552171707153, -0.25978580117225647, 0.13868838548660278, 0.28942662477493286, 0.9154912233352661, -0.2794783413410187, -0.054363418370485306, 0.30722513794898987, 0.9500828981399536),
            ["LeftLowerArm"] = CFrame.new(-5.960464477539063e-08, 1.7881393432617188e-07, -2.9802322387695312e-08, 1, 2.980232594040899e-08, -1.825392246246338e-07, -7.264316792543468e-08, 0.6180528402328491, -0.7861366868019104, 8.940698137394065e-08, 0.7861366868019104, 0.6180527806282043),
            ["LowerTorso"] = CFrame.new(-0.025115054100751877, -0.15360808372497559, 0.010765237733721733, 0.9684672951698303, -0.18558984994888306, -0.16621536016464233, 0.11900515854358673, 0.9307240843772888, -0.34581848978996277, 0.2188810259103775, 0.31513339281082153, 0.9234620928764343),
            ["Head"] = CFrame.new(-6.51925802230835e-08, -3.5762786865234375e-07, 1.862645149230957e-09, 0.9747617840766907, 0.10442215949296951, 0.1973208636045456, -0.1226881593465805, 0.9889934659004211, 0.08270251005887985, -0.1865130513906479, -0.10482407361268997, 0.9768443703651428),
            ["RightUpperArm"] = CFrame.new(-0.006191551685333252, -0.02350318431854248, -0.0051355380564928055, 0.5469790697097778, -0.8000510334968567, -0.2464396357536316, 0.810318112373352, 0.5799175500869751, -0.0841447040438652, 0.21023468673229218, -0.15366911888122559, 0.9654985070228577),
            ["UpperTorso"] = CFrame.new(-1.862645149230957e-08, -2.384185791015625e-07, 1.2293457984924316e-07, 0.9986668825149536, -0.018738524988293648, 0.04809901490807533, 0.0007480570347979665, 0.9369422793388367, 0.3494836390018463, -0.05161479860544205, -0.34898167848587036, 0.935707151889801),
            ["HumanoidRootPart"] = CFrame.new(0, 0, 0, 1, 0, 0, 0, 1, 0, 0, 0, 1),
            ["RightHand"] = CFrame.new(-4.6938657760620117e-07, -2.384185791015625e-07, 1.6391277313232422e-07, 0.9572992324829102, 0.03279474005103111, 0.28723302483558655, -0.09872274845838547, 0.9709038138389587, 0.21817347407341003, -0.27172061800956726, -0.23721355199813843, 0.9326830506324768),
            ["LeftUpperArm"] = CFrame.new(-0.010973334312438965, -0.07223272323608398, -0.010364972054958344, 0.41361305117607117, 0.9101596474647522, 0.023102514445781708, -0.8945112228393555, 0.41096776723861694, -0.17594091594219208, -0.16962869465351105, 0.05210600048303604, 0.9841296672821045),
            ["RightLowerArm"] = CFrame.new(-5.960464477539063e-08, 0, 0, 1, -8.195639367158947e-08, 5.960465188081798e-08, 1.5646217832454568e-07, 0.4898033142089844, -0.8718329668045044, 9.685753354915505e-08, 0.8718330264091492, 0.48980340361595154),
            ["LeftHand"] = CFrame.new(2.3469328880310059e-07, 1.1920928955078125e-07, 0, 0.8983830213546753, -0.12914226949214935, -0.4197978675365448, 0.13056500256061554, 0.9911122918128967, -0.02548152208328247, 0.4193574786186218, -0.031918708235025406, 0.9072598218917847),
            ["RightUpperLeg"] = CFrame.new(-2.9802322387695312e-08, -1.9371509552001953e-07, 4.300818545743823e-08, 0.7978246808052063, -0.3352574408054352, 0.5010771751403809, 0.5904491543769836, 0.6024715900421143, -0.5370267629623413, -0.12184244394302368, 0.7243137359619141, 0.6786191463470459),
            ["LeftUpperLeg"] = CFrame.new(0, -1.5459954738616943e-07, 4.470348358154297e-08, 0.7600986361503601, 0.5768508315086365, 0.29915469884872437, -0.5227325558662415, 0.8162806034088135, -0.24583864212036133, -0.38600632548332214, 0.030483659356832504, 0.921992301940918),
            ["RightLowerLeg"] = CFrame.new(4.470348358154297e-08, -0.00015437602996826172, -0.00006399879202945158, 1, -1.9371502446574596e-07, -1.4901159772762185e-07, 1.9371509552001953e-07, -0.005719451233744621, 0.9999837279319763, -1.341104507446289e-07, -0.9999836683273315, -0.005719407927244902),
            ["RightFoot"] = CFrame.new(-1.9755680114030838e-07, 2.384185791015625e-07, 1.0542862582951784e-08, 0.9860345721244812, 0.11781162023544312, 0.11771218478679657, -0.08286570012569427, 0.9601703882217407, -0.2668449580669403, -0.1444614976644516, 0.2533641755580902, 0.9565237164497375),
            ["LeftLowerLeg"] = CFrame.new(-8.940696716308594e-08, 0.00015425682067871094, 0.00006394088268280029, 1, 3.725289943190546e-08, 8.940698137394065e-08, -1.1920928955078125e-07, 0.5530894994735718, 0.8331218361854553, 0, -0.8331218361854553, 0.5530895590782166),
        }},
        {Time = 0.233, Data = {
            ["LeftFoot"] = CFrame.new(4.342317083683156e-08, -1.1920928955078125e-07, -3.889994104611105e-09, 0.9483544826507568, -0.2965240478515625, 0.11268175393342972, 0.31690528988838196, 0.8700162172317505, -0.37768107652664185, 0.013956397771835327, 0.3938848674297333, 0.9190537929534912),
            ["LeftLowerArm"] = CFrame.new(-2.9802322387695312e-08, -5.960464477539063e-08, 7.264316082000732e-08, 1, 8.940698137394065e-08, -7.450581307466564e-08, -8.940696716308594e-08, 0.9174950122833252, -0.3977475166320801, 7.217749953269958e-08, 0.39774754643440247, 0.9174950122833252),
            ["LowerTorso"] = CFrame.new(-0.024957861751317978, -0.2056596279144287, 0.016942698508501053, 0.9478001594543457, -0.25258076190948486, -0.1946222186088562, 0.1714266836643219, 0.9182776808738708, -0.3569019138813019, 0.2688637673854828, 0.30490824580192566, 0.913642942905426),
            ["Head"] = CFrame.new(-3.725290298461914e-09, -1.1920928955078125e-07, 0, 0.9622979760169983, 0.10966827720403671, 0.24890883266925812, -0.12514638900756836, 0.991015613079071, 0.047186411917209625, -0.2414977103471756, -0.07655730843544006, 0.9673768281936646),
            ["RightUpperArm"] = CFrame.new(-0.0061914920806884766, -0.02350294589996338, -0.005135521292686462, 0.3365277945995331, -0.8515626788139343, -0.40198272466659546, 0.7180385589599609, 0.5082319974899292, -0.4755217134952545, 0.6092370748519897, -0.1286127269268036, 0.782489001750946),
            ["UpperTorso"] = CFrame.new(4.0978193283081055e-08, 8.940696716308594e-08, -4.284083843231201e-08, 0.9987749457359314, 0.026292238384485245, 0.04192037880420685, -0.03879033774137497, 0.9419911503791809, 0.3333888053894043, -0.030723068863153458, -0.33460643887519836, 0.941857099533081),
            ["HumanoidRootPart"] = CFrame.new(0, 0, 0, 1, 0, 0, 0, 1, 0, 0, 0, 1),
            ["RightHand"] = CFrame.new(5.960464477539063e-08, -1.1920928955078125e-07, -1.4901161193847656e-08, 0.9376966953277588, -0.16574372351169586, 0.30537500977516174, 0.06883665174245834, 0.9500882625579834, 0.30429235100746155, -0.34056782722473145, -0.2643129527568817, 0.9023038744926453),
            ["LeftUpperArm"] = CFrame.new(-0.010972976684570312, -0.07223224639892578, -0.010365001857280731, 0.28612756729125977, 0.9561203718185425, 0.06296835094690323, -0.7094478607177734, 0.25556355714797974, -0.6567883491516113, -0.6440611481666565, 0.14325262606143951, 0.7514412999153137),
            ["RightLowerArm"] = CFrame.new(-1.1920928955078125e-07, -1.1920928955078125e-07, 0, 1, -6.705522537231445e-08, 5.4948024796885875e-08, 8.195637946073475e-08, 0.8066412806510925, -0.5910413861274719, 1.862644971595273e-08, 0.5910413861274719, 0.8066412210464478),
            ["LeftHand"] = CFrame.new(-2.9802322387695312e-08, -5.960464477539063e-08, -2.9802322387695312e-08, 0.9073457717895508, 0.06048808991909027, -0.4160104990005493, -0.06663798540830612, 0.9977771639823914, -0.00026438385248184204, 0.4150698184967041, 0.02796204760670662, 0.9093598127365112),
            ["RightUpperLeg"] = CFrame.new(5.960464477539063e-08, -1.862645149230957e-08, 5.790934665128589e-08, 0.7609599232673645, -0.3981112241744995, 0.5122963190078735, 0.6008440256118774, 0.7303494811058044, -0.32492485642433167, -0.24479901790618896, 0.5550649166107178, 0.7949694395065308),
            ["LeftUpperLeg"] = CFrame.new(-5.960464477539063e-08, 9.685754776000977e-08, -2.2351741790771484e-08, 0.6765657067298889, 0.6735213398933411, 0.29770469665527344, -0.6166216135025024, 0.7391678094863892, -0.2709405720233917, -0.40253782272338867, -0.0002619326114654541, 0.9154033064842224),
            ["RightLowerLeg"] = CFrame.new(1.4156103134155273e-07, -0.00015437602996826172, -0.00006402859435183927, 1, -6.705520405603238e-08, 1.4901157641133977e-08, 6.705523247774181e-08, 0.5157570242881775, 0.8567347526550293, -4.4703490686970326e-08, -0.8567349910736084, 0.5157573819160461),
            ["RightFoot"] = CFrame.new(-5.587935447692871e-08, 2.980232238769531e-07, -9.516224963590503e-08, 0.9910248517990112, 0.13276731967926025, -0.01557750441133976, -0.13302330672740936, 0.9679316878318787, -0.21310332417488098, -0.013215353712439537, 0.213263139128685, 0.9769055843353271),
            ["LeftLowerLeg"] = CFrame.new(-1.4901161193847656e-08, 0.00015431642532348633, 0.00006407499313354492, 1, 8.195637946073475e-08, 9.685754776000977e-08, -1.1920930376163597e-07, 0.5349147915840149, 0.8449059128761292, 2.980232594040899e-08, -0.8449059724807739, 0.5349149107933044),
        }},
        {Time = 0.267, Data = {
            ["LeftFoot"] = CFrame.new(-7.942242064018501e-08, -1.1920928955078125e-07, 3.9888213620997703e-08, 0.945805013179779, -0.31418681144714355, 0.08209579437971115, 0.3182365596294403, 0.846444845199585, -0.42691540718078613, 0.06464133411645889, 0.4299044907093048, 0.9005574584007263),
            ["LeftLowerArm"] = CFrame.new(-8.940696716308594e-08, 0, -8.195638656616211e-08, 1, -2.9802322387695312e-08, 0, 1.4901161193847656e-08, 0.9796236157417297, -0.20084214210510254, -1.4901161193847656e-08, 0.20084212720394135, 0.9796236157417297),
            ["LowerTorso"] = CFrame.new(-0.023857513442635536, -0.24263906478881836, 0.01938900351524353, 0.9316163659095764, -0.2985161542892456, -0.20731401443481445, 0.21008731424808502, 0.9077767133712769, -0.36304929852485657, 0.29657092690467834, 0.29466861486434937, 0.9084140658378601),
            ["Head"] = CFrame.new(-1.1175870895385742e-08, -1.1920928955078125e-07, -7.450580596923828e-09, 0.9509022235870361, 0.11055818200111389, 0.2890709638595581, -0.12445785105228424, 0.991768479347229, 0.030093377456068993, -0.28336435556411743, -0.0645928904414177, 0.9568346738815308),
            ["RightUpperArm"] = CFrame.new(-0.006191432476043701, -0.02350306510925293, -0.005135528743267059, 0.24451136589050293, -0.8692664504051208, -0.4296394884586334, 0.6337774991989136, 0.478613018989563, -0.6076641082763672, 0.7338531017303467, -0.12371505796909332, 0.6679478883743286),
            ["UpperTorso"] = CFrame.new(0, -1.1920928955078125e-07, -1.1920928955078125e-07, 0.9983833432197571, 0.048295050859451294, 0.02997482195496559, -0.055313438177108765, 0.9469152688980103, 0.316689133644104, -0.013089096173644066, -0.3178351819515228, 0.9480556845664978),
            ["HumanoidRootPart"] = CFrame.new(0, 0, 0, 1, 0, 0, 0, 1, 0, 0, 0, 1),
            ["RightHand"] = CFrame.new(3.427267074584961e-07, 5.960464477539063e-08, -5.960464477539063e-08, 0.9118833541870117, -0.25444015860557556, 0.3220699727535248, 0.1378220170736313, 0.9289293885231018, 0.34365013241767883, -0.38661858439445496, -0.268980473279953, 0.8821426630020142),
            ["LeftUpperArm"] = CFrame.new(-0.010973095893859863, -0.07223236560821533, -0.010364986956119537, 0.24256572127342224, 0.9683560729026794, 0.05872403830289841, -0.5710140466690063, 0.1914462000131607, -0.7983052730560303, -0.7842863202095032, 0.16010922193527222, 0.5993832349777222),
            ["RightLowerArm"] = CFrame.new(5.960464477539063e-08, -1.1920928955078125e-07, 2.384185791015625e-07, 1, -3.282912075519562e-08, -5.21540641784668e-08, 2.60770320892334e-08, 0.8996967077255249, -0.4365157186985016, 5.587935447692871e-08, 0.436515748500824, 0.8996966481208801),
            ["LeftHand"] = CFrame.new(-5.960464477539063e-08, 0, 3.725290298461914e-07, 0.9006761312484741, 0.14207561314105988, -0.41060584783554077, -0.15699292719364166, 0.9875962138175964, -0.0026455821935087442, 0.4051368534564972, 0.06684510409832001, 0.9118092060089111),
            ["RightUpperLeg"] = CFrame.new(-2.9802322387695312e-08, 0, -1.9541039364412427e-07, 0.7608928084373474, -0.44617393612861633, 0.4711380898952484, 0.5857028961181641, 0.7847610116004944, -0.20273727178573608, -0.2792746126651764, 0.43020832538604736, 0.858444333076477),
            ["LeftUpperLeg"] = CFrame.new(5.960464477539063e-08, -5.587935447692871e-08, -8.940696716308594e-08, 0.6126036643981934, 0.7448875904083252, 0.2643091380596161, -0.667865514755249, 0.6666757464408875, -0.3309064507484436, -0.4226967394351959, 0.026191547513008118, 0.9058927297592163),
