return {
    ["Sway Stomp"] = {
        {Time = 0.000, Data = {
            ["LeftFoot"] = CFrame.new(-8.847564458847046e-08, -5.960464477539063e-08, -3.5390257835388184e-08, 0.9908102750778198, -0.1352258026599884, 0.003014679066836834, 0.1337580680847168, 0.9828816652297974, 0.12669827044010162, -0.020095838233828545, -0.12513083219528198, 0.9919367432594299),
            ["LeftLowerArm"] = CFrame.new(4.76837158203125e-07, -1.7881393432617188e-07, -3.3527612686157227e-07, 1, -4.6566128730773926e-08, 1.6391273049976007e-07, 8.940698137394065e-08, 0.05476309359073639, -0.9984993934631348, 1.303851746570217e-07, 0.9984993934631348, 0.05476304143667221),
            ["LowerTorso"] = CFrame.new(-0.058926258236169815, -0.15293848514556885, -0.10619644075632095, 0.9300029873847961, 0.32605600357055664, 0.16965264081954956, -0.2117193639278412, 0.8525305986404419, -0.47787711024284363, -0.3004487454891205, 0.40850839018821716, 0.8618882894515991),
            ["Head"] = CFrame.new(-5.21540641784668e-08, 4.76837158203125e-07, -1.4901161193847656e-07, 0.9271286725997925, -0.06115052476525307, -0.369720458984375, 0.25871551036834717, 0.8181961178779602, 0.513440728187561, 0.27110663056373596, -0.5716779232025146, 0.774393618106842),
            ["RightUpperArm"] = CFrame.new(0, 1.1920928955078125e-07, 1.4901161193847656e-08, 0.3886791467666626, -0.5367597341537476, 0.7488775253295898, 0.02384171076118946, 0.8183711171150208, 0.5741952657699585, -0.9210647344589233, -0.20532336831092834, 0.33088088035583496),
            ["UpperTorso"] = CFrame.new(0, 3.5762786865234375e-07, -3.03611159324646e-07, 0.9980675578117371, -0.052984196692705154, -0.03246545046567917, 0.0611153170466423, 0.9314643144607544, 0.35866352915763855, 0.01123679056763649, -0.35995417833328247, 0.9329021573066711),
            ["HumanoidRootPart"] = CFrame.new(0, 0, 0, 1, 0, 0, 0, 1, 0, 0, 0, 1),
            ["RightHand"] = CFrame.new(-5.960464477539063e-08, -5.960464477539063e-08, 5.960464477539063e-08, 0.7876811623573303, -0.05469337850809097, -0.6136511564254761, 0.06611430644989014, 0.9978037476539612, -0.004067650530487299, 0.6125254034996033, -0.03736706078052521, 0.789566695690155),
            ["LeftUpperArm"] = CFrame.new(5.960464477539063e-08, 1.1920928955078125e-07, 0, 0.7020071148872375, 0.6127647161483765, -0.3629123568534851, -0.2785697877407074, 0.7052513360977173, 0.6519356966018677, 0.6554273366928101, -0.3565671741962433, 0.6657885313034058),
            ["RightLowerArm"] = CFrame.new(-5.960464477539063e-08, 5.960464477539063e-08, -2.8312206268310547e-07, 1, -1.676381167214913e-08, 3.911551615942699e-08, 2.0489096641540527e-08, 0.9788611531257629, -0.2045258730649948, -7.450580596923828e-09, 0.2045261114835739, 0.9788611531257629),
            ["LeftHand"] = CFrame.new(-4.377216100692749e-08, 3.5762786865234375e-07, -1.2945383787155151e-07, 0.9887396097183228, -0.09716375917196274, 0.11381123960018158, 0.0601620227098465, 0.9544646739959717, 0.2921951115131378, -0.13701991736888885, -0.2820575535297394, 0.9495625495910645),
            ["RightUpperLeg"] = CFrame.new(-2.384185791015625e-07, 2.0116567611694336e-07, -3.295208443887532e-07, 0.7169079184532166, -0.5126679539680481, -0.47245633602142334, 0.5948370099067688, 0.8032479882240295, 0.03099510818719864, 0.3636098802089691, -0.3032561242580414, 0.8808088898658752),
            ["LeftUpperLeg"] = CFrame.new(5.960464477539063e-08, -6.575137376785278e-07, -1.2293457984924316e-07, 0.9665141105651855, -0.09068168699741364, 0.24005724489688873, 0.07333222776651382, 0.994072675704956, 0.08026204258203506, -0.24591262638568878, -0.05997105687856674, 0.9674350619316101),
            ["RightLowerLeg"] = CFrame.new(7.450580596923828e-08, -0.00012242794036865234, -0.00007738003478152677, 1, -7.450579175838357e-08, -8.195637946073475e-08, 1.1175869474300271e-07, 0.5787092447280884, 0.8155332803726196, -7.823108916227284e-08, -0.8155339956283569, 0.5787102580070496),
            ["RightFoot"] = CFrame.new(-5.21540641784668e-08, 3.5762786865234375e-07, 4.639878170564771e-08, 0.9839015007019043, 0.17852084338665009, 0.008283190429210663, -0.13263800740242004, 0.7605181932449341, -0.6356239914894104, -0.1197710633277893, 0.6242936253547668, 0.7719544172286987),
            ["LeftLowerLeg"] = CFrame.new(1.4901161193847656e-08, 0.00012260675430297852, 0.00007747113704681396, 1, 8.568164844291459e-08, 1.909210745054679e-08, -5.587935447692871e-08, 0.7319062352180481, 0.6814057230949402, 1.0244548320770264e-08, -0.6814054846763611, 0.7319058775901794),
        }},
        {Time = 0.020, Data = {
            ["LeftFoot"] = CFrame.new(1.424923539161682e-07, 5.960464477539063e-08, 9.313225746154785e-09, 0.9894765019416809, -0.14469289779663086, 0.000550752563867718, 0.14309893548488617, 0.9791254997253418, 0.1443464607000351, -0.02142513170838356, -0.14274902641773224, 0.9895271062850952),
            ["LeftLowerArm"] = CFrame.new(1.1920928955078125e-07, 0, 1.4901161193847656e-07, 1, -3.725290298461914e-08, -2.9802318834981634e-08, 1.341104365337742e-07, 0.018220948055386543, -0.9998340010643005, 2.607702853651972e-08, 0.9998340606689453, 0.018221097066998482),
            ["LowerTorso"] = CFrame.new(-0.043519098311662674, -0.15399563312530518, -0.10582026094198227, 0.9264046549797058, 0.3342185914516449, 0.17341388761997223, -0.2100711166858673, 0.8409920334815979, -0.4986007511615753, -0.3124813139438629, 0.4254768192768097, 0.8493084907531738),
            ["Head"] = CFrame.new(-7.450580596923828e-09, 0.0000011920928955078125, -1.7136335372924805e-07, 0.9274604916572571, -0.04314323514699936, -0.3714241087436676, 0.24552731215953827, 0.8194434642791748, 0.5179080367088318, 0.282016783952713, -0.5715339183807373, 0.7705941796302795),
            ["RightUpperArm"] = CFrame.new(-1.1920928955078125e-07, 7.152557373046875e-07, 3.725290298461914e-08, 0.36800938844680786, -0.5305275917053223, 0.763616144657135, 0.002808259567245841, 0.8218801617622375, 0.5696535706520081, -0.9298179149627686, -0.20749355852603912, 0.3039493262767792),
            ["UpperTorso"] = CFrame.new(2.60770320892334e-08, 2.086162567138672e-07, -1.8998980522155762e-07, 0.997730016708374, -0.06018489599227905, -0.03021269105374813, 0.06717916578054428, 0.9207674860954285, 0.38428452610969543, 0.004690664354711771, -0.38544145226478577, 0.9227203130722046),
            ["HumanoidRootPart"] = CFrame.new(0, 0, 0, 1, 0, 0, 0, 1, 0, 0, 0, 1),
            ["RightHand"] = CFrame.new(7.450580596923828e-08, -1.7881393432617188e-07, 2.2351741790771484e-08, 0.7766619920730591, -0.06815622001886368, -0.6262199282646179, 0.09074980765581131, 0.9958650469779968, 0.00416416022926569, 0.6233462691307068, -0.06006342172622681, 0.7796353697776794),
            ["LeftUpperArm"] = CFrame.new(-1.1920928955078125e-07, 4.76837158203125e-07, -1.4901161193847656e-08, 0.6824983954429626, 0.6329178214073181, -0.36552825570106506, -0.28617286682128906, 0.6915938854217529, 0.6631770133972168, 0.6725334525108337, -0.34801289439201355, 0.6531351208686829),
            ["RightLowerArm"] = CFrame.new(0, -3.5762786865234375e-07, -1.2665987014770508e-07, 1, -1.4901164746561335e-08, -5.587933671336032e-09, 1.6763806343078613e-08, 0.9791991114616394, -0.2029021829366684, -3.725290298461914e-09, 0.20290222764015198, 0.9791990518569946),
            ["LeftHand"] = CFrame.new(1.2293457984924316e-07, -1.7881393432617188e-07, 2.4028122425079346e-07, 0.9906410574913025, -0.08902796357870102, 0.10346125066280365, 0.05541500076651573, 0.9550499320030212, 0.2912195920944214, -0.12473748624324799, -0.2827607989311218, 0.9510451555252075),
            ["RightUpperLeg"] = CFrame.new(-1.1920928955078125e-07, 2.384185791015625e-07, 5.790934665128589e-08, 0.7139965891838074, -0.5040422677993774, -0.48595356941223145, 0.5997744202613831, 0.7984042167663574, 0.05310710147023201, 0.3612194359302521, -0.3293815851211548, 0.8723697066307068),
            ["LeftUpperLeg"] = CFrame.new(5.960464477539063e-08, -4.4330954551696777e-07, 1.0803341865539551e-07, 0.9683501124382019, -0.0822361409664154, 0.23565982282161713, 0.06234252452850342, 0.9939277172088623, 0.09066934883594513, -0.24168513715267181, -0.07310859858989716, 0.9675968289375305),
            ["RightLowerLeg"] = CFrame.new(2.086162567138672e-07, -0.00012290477752685547, -0.00007738003478152677, 1, -5.960464477539063e-08, -7.450580596923828e-08, 1.1175868053214799e-07, 0.5789391994476318, 0.8153701424598694, -7.078050145992165e-08, -0.8153706789016724, 0.5789400339126587),
            ["RightFoot"] = CFrame.new(-9.685754776000977e-08, 2.980232238769531e-07, 2.7772330213338137e-08, 0.9852234721183777, 0.17115752398967743, 0.006356121972203255, -0.12743061780929565, 0.7573092579841614, -0.6405022144317627, -0.11443936824798584, 0.6302284598350525, 0.7679299712181091),
            ["LeftLowerLeg"] = CFrame.new(2.9802322387695312e-08, 0.00012248754501342773, 0.00007736682891845703, 1, 6.14672543974848e-08, 6.519255890680142e-08, -2.7939670133036998e-08, 0.7279636263847351, 0.685616135597229, -6.239859828838235e-08, -0.6856157183647156, 0.7279633283615112),
        }},
        {Time = 0.041, Data = {
            ["LeftFoot"] = CFrame.new(2.0489096641540527e-08, 1.1920928955078125e-07, -7.636845111846924e-08, 0.9876853823661804, -0.15643320977687836, -0.0025098256301134825, 0.15473943948745728, 0.974370539188385, 0.16327236592769623, -0.0230958741158247, -0.16165034472942352, 0.9865779280662537),
            ["LeftLowerArm"] = CFrame.new(-2.980232238769531e-07, 4.76837158203125e-07, 2.9802322387695312e-08, 1, -1.2665985593685036e-07, 5.960463766996327e-08, 1.1920927533992653e-07, -0.017398951575160027, -0.9998486638069153, 1.7881390590446244e-07, 0.9998487234115601, -0.017398925498127937),
            ["LowerTorso"] = CFrame.new(-0.026676153764128685, -0.15518689155578613, -0.10282357037067413, 0.9241598844528198, 0.3393848240375519, 0.17534661293029785, -0.20832128822803497, 0.8325024247169495, -0.5133634209632874, -0.3202042281627655, 0.43790143728256226, 0.8400664329528809),
            ["Head"] = CFrame.new(-1.1920928955078125e-07, 2.384185791015625e-07, -1.7136335372924805e-07, 0.9286431670188904, -0.026725085452198982, -0.3700105547904968, 0.23036246001720428, 0.8233432173728943, 0.5186898708343506, 0.2907835841178894, -0.5669142603874207, 0.7707484364509583),
            ["RightUpperArm"] = CFrame.new(0, -2.384185791015625e-07, 5.960464477539063e-08, 0.34243515133857727, -0.5212549567222595, 0.7816852331161499, -0.015629660338163376, 0.82871013879776, 0.5594596266746521, -0.9394115209579468, -0.20379620790481567, 0.27563223242759705),
            ["UpperTorso"] = CFrame.new(-7.636845111846924e-08, 3.5762786865234375e-07, 6.146728992462158e-08, 0.997333288192749, -0.06784393638372421, -0.026900481432676315, 0.07291281968355179, 0.9101158380508423, 0.407888799905777, -0.0031903099734336138, -0.4087619483470917, 0.912635326385498),
            ["HumanoidRootPart"] = CFrame.new(0, 0, 0, 1, 0, 0, 0, 1, 0, 0, 0, 1),
            ["RightHand"] = CFrame.new(-1.4901161193847656e-08, -1.7881393432617188e-07, 7.82310962677002e-08, 0.7766001224517822, -0.07073579728603363, -0.6260104179382324, 0.09596779942512512, 0.9953626990318298, 0.006582770962268114, 0.6226415038108826, -0.06518879532814026, 0.7797868847846985),
            ["LeftUpperArm"] = CFrame.new(5.960464477539063e-08, -2.384185791015625e-07, -8.940696716308594e-08, 0.6575483679771423, 0.6567195057868958, -0.3692556917667389, -0.2955111563205719, 0.6756469011306763, 0.6754069924354553, 0.6930392384529114, -0.3349936306476593, 0.6383382081985474),
            ["RightLowerArm"] = CFrame.new(5.960464477539063e-08, 1.1920928955078125e-07, -3.0919909477233887e-07, 1, -1.7695127141337252e-08, -1.8626447051417472e-09, 1.862645149230957e-08, 0.9810970425605774, -0.1935165822505951, 0, 0.19351665675640106, 0.9810970425605774),
            ["LeftHand"] = CFrame.new(6.05359673500061e-09, -2.980232238769531e-07, -9.220093488693237e-08, 0.9915757775306702, -0.0842236876487732, 0.09840619564056396, 0.05181242525577545, 0.9542121887207031, 0.2946089804172516, -0.11871352791786194, -0.2870286703109741, 0.9505376815795898),
            ["RightUpperLeg"] = CFrame.new(-3.2782554626464844e-07, 4.842877388000488e-07, 2.2927270038053393e-07, 0.715222954750061, -0.49486204981803894, -0.4935261011123657, 0.5988610982894897, 0.7979828715324402, 0.06773267686367035, 0.3603074550628662, -0.34399834275245667, 0.867089569568634),
            ["LeftUpperLeg"] = CFrame.new(-1.1920928955078125e-07, 2.9616057872772217e-07, 2.868473529815674e-07, 0.9703887104988098, -0.07283561676740646, 0.23030613362789154, 0.0523650199174881, 0.9942141771316528, 0.0937865674495697, -0.23580434918403625, -0.07895020395517349, 0.9685882925987244),
            ["RightLowerLeg"] = CFrame.new(1.7881393432617188e-07, -0.00012236833572387695, -0.00007739493594272062, 1, -7.450579175838357e-08, -1.1175872316471214e-07, 1.1175869474300271e-07, 0.5761486291885376, 0.8173443078994751, -6.332992796842518e-08, -0.8173449635505676, 0.5761497020721436),
            ["RightFoot"] = CFrame.new(-6.705522537231445e-08, 3.5762786865234375e-07, -2.8107024263590574e-08, 0.9868956804275513, 0.16131626069545746, 0.00378429121337831, -0.12087281048297882, 0.754604697227478, -0.6449496746063232, -0.10689584165811539, 0.6360415816307068, 0.7642157077789307),
            ["LeftLowerLeg"] = CFrame.new(-2.60770320892334e-08, 0.00012254714965820312, 0.00007738173007965088, 1, 6.705519695060502e-08, 5.308537254222756e-08, -7.450579886381092e-08, 0.7240936756134033, 0.6897019743919373, 2.7939673685750677e-08, -0.6897015571594238, 0.7240933775901794),
        }},
        {Time = 0.061, Data = {
            ["LeftFoot"] = CFrame.new(1.30385160446167e-08, -5.960464477539063e-08, 9.313225746154785e-09, 0.9859950542449951, -0.16669416427612305, -0.00518941693007946, 0.16489529609680176, 0.9697509407997131, 0.17997965216636658, -0.02496924065053463, -0.17831505835056305, 0.983656644821167),
            ["LeftLowerArm"] = CFrame.new(-2.682209014892578e-07, 2.384185791015625e-07, -1.043081283569336e-07, 1, -1.5646217832454568e-07, 8.940693874137651e-08, 1.3411040811206476e-07, -0.0591856986284256, -0.9982470273971558, 1.490115550950577e-07, 0.9982470273971558, -0.059185780584812164),
            ["LowerTorso"] = CFrame.new(-0.008998105302453041, -0.15690159797668457, -0.09735223650932312, 0.9226726293563843, 0.34213516116142273, 0.17781665921211243, -0.2059609442949295, 0.8271726965904236, -0.5228437185287476, -0.32596829533576965, 0.4457903206348419, 0.8336759805679321),
            ["Head"] = CFrame.new(-8.940696716308594e-08, 7.152557373046875e-07, -1.4901161193847656e-07, 0.929265022277832, -0.010665729641914368, -0.36925995349884033, 0.21486800909042358, 0.8287085294723511, 0.5167920589447021, 0.30049681663513184, -0.5595788955688477, 0.7723815441131592),
            ["RightUpperArm"] = CFrame.new(1.1920928955078125e-07, 3.5762786865234375e-07, 5.960464477539063e-08, 0.3068996071815491, -0.5114970207214355, 0.8026105761528015, -0.03566766530275345, 0.83653324842453, 0.5467540621757507, -0.9510733485221863, -0.19642594456672668, 0.23848755657672882),
            ["UpperTorso"] = CFrame.new(-1.0803341865539551e-07, 2.980232238769531e-07, 2.60770320892334e-08, 0.996896505355835, -0.07461841404438019, -0.025089003145694733, 0.07815268635749817, 0.8997525572776794, 0.42934587597846985, -0.00946328230202198, -0.4299738109111786, 0.9027915596961975),
            ["HumanoidRootPart"] = CFrame.new(0, 0, 0, 1, 0, 0, 0, 1, 0, 0, 0, 1),
            ["RightHand"] = CFrame.new(8.195638656616211e-08, -1.1920928955078125e-07, -2.942979335784912e-07, 0.782010555267334, -0.07512418925762177, -0.6187217235565186, 0.09818386286497116, 0.9951629042625427, 0.0032649182248860598, 0.6154831647872925, -0.06330155581235886, 0.7856034636497498),
            ["LeftUpperArm"] = CFrame.new(0, 7.152557373046875e-07, 2.9802322387695312e-08, 0.633588969707489, 0.6801605224609375, -0.3687102496623993, -0.3055644929409027, 0.6578212976455688, 0.6884050369262695, 0.7107710242271423, -0.32350099086761475, 0.6246209740638733),
            ["RightLowerArm"] = CFrame.new(5.960464477539063e-08, 4.172325134277344e-07, -3.03611159324646e-07, 1, -1.5366824257512235e-08, -9.313223525708736e-10, 1.3504177331924438e-08, 0.9828189611434937, -0.18457230925559998, -4.6566128730773926e-09, 0.18457241356372833, 0.9828189611434937),
            ["LeftHand"] = CFrame.new(-1.3597309589385986e-07, 5.960464477539063e-08, 7.171183824539185e-08, 0.9928734302520752, -0.0761842429637909, 0.09164268523454666, 0.04558110982179642, 0.9532756805419922, 0.29864323139190674, -0.11011244356632233, -0.29233792424201965, 0.949954628944397),
            ["RightUpperLeg"] = CFrame.new(-2.384185791015625e-07, 2.2351741790771484e-08, -1.6952981241047382e-09, 0.7187170386314392, -0.4851159453392029, -0.4981051981449127, 0.5932880640029907, 0.8014398217201233, 0.07551617175340652, 0.36256757378578186, -0.34979549050331116, 0.8638221621513367),
            ["LeftUpperLeg"] = CFrame.new(-1.7881393432617188e-07, -3.0547380447387695e-07, 2.60770320892334e-08, 0.9712777733802795, -0.0611153319478035, 0.22996635735034943, 0.04122404754161835, 0.9950581789016724, 0.09033123403787613, -0.23435024917125702, -0.07825728505849838, 0.9689973592758179),
            ["RightLowerLeg"] = CFrame.new(4.470348358154297e-08, -0.00012254714965820312, -0.00007743963942630216, 1, -3.725290298461914e-08, -8.195638656616211e-08, 1.341104365337742e-07, 0.5712711215019226, 0.8207609057426453, -1.7508862981685525e-07, -0.820761501789093, 0.5712718367576599),
            ["RightFoot"] = CFrame.new(2.9802322387695312e-08, 3.5762786865234375e-07, -1.3205863069742918e-08, 0.9887238144874573, 0.14974942803382874, 0.0007664993172511458, -0.11344236880540848, 0.7523295283317566, -0.6489452123641968, -0.09775504469871521, 0.6415414810180664, 0.760834813117981),
            ["LeftLowerLeg"] = CFrame.new(-2.2351741790771484e-08, 0.0001227855682373047, 0.00007732212543487549, 1, 1.4156093186556973e-07, -3.259627590068703e-08, -4.8428766774577525e-08, 0.720008134841919, 0.6939660906791687, -3.725289943190546e-08, -0.6939656734466553, 0.720007598400116),
        }},
        {Time = 0.082, Data = {
            ["LeftFoot"] = CFrame.new(-4.470348358154297e-08, -5.960464477539063e-08, -2.2351741790771484e-08, 0.9843987226486206, -0.17578952014446259, -0.0075682587921619415, 0.17375174164772034, 0.9644071459770203, 0.19932131469249725, -0.02773967944085598, -0.19752709567546844, 0.9799049496650696),
            ["LeftLowerArm"] = CFrame.new(5.960464477539063e-08, 0, -1.6391277313232422e-07, 1, -1.1920930376163597e-07, 2.2351744632942427e-07, 2.9802322387695312e-08, -0.0969139039516449, -0.9952928423881531, 7.078051567077637e-08, 0.9952928423881531, -0.09691382944583893),
            ["LowerTorso"] = CFrame.new(0.009631008841097355, -0.15926408767700195, -0.09025076031684875, 0.9221372604370117, 0.34200388193130493, 0.18082116544246674, -0.20211465656757355, 0.8244448900222778, -0.528621256351471, -0.32986757159233093, 0.45091474056243896, 0.8293752670288086),
            ["Head"] = CFrame.new(5.21540641784668e-08, 2.384185791015625e-07, -1.7881393432617188e-07, 0.9306876063346863, 0.006069045979529619, -0.365764856338501, 0.19581764936447144, 0.8362860679626465, 0.5121338963508606, 0.30899208784103394, -0.5482598543167114, 0.7771325707435608),
            ["RightUpperArm"] = CFrame.new(0, -7.152557373046875e-07, 0, 0.27103954553604126, -0.4997636079788208, 0.8226627707481384, -0.052555397152900696, 0.8456956744194031, 0.5310713052749634, -0.9611324667930603, -0.18717679381370544, 0.20295169949531555),
            ["UpperTorso"] = CFrame.new(2.2351741790771484e-08, 6.258487701416016e-07, 3.725290298461914e-08, 0.9964557886123657, -0.08027935773134232, -0.02512349560856819, 0.08299002796411514, 0.8894485235214233, 0.4494379162788391, -0.01373464334756136, -0.4499295651912689, 0.8929582834243774),
            ["HumanoidRootPart"] = CFrame.new(0, 0, 0, 1, 0, 0, 0, 1, 0, 0, 0, 1),
            ["RightHand"] = CFrame.new(3.073364496231079e-08, 5.960464477539063e-08, 5.587935447692871e-08, 0.785963237285614, -0.07654211670160294, -0.6135174632072449, 0.09164419025182724, 0.9957683682441711, -0.006827933713793755, 0.6114435791969299, -0.05085879564285278, 0.78965163230896),
            ["LeftUpperArm"] = CFrame.new(0, 0, -1.4901161193847656e-08, 0.6052297949790955, 0.7050257325172424, -0.3696426749229431, -0.31592801213264465, 0.6389427185058594, 0.7013859748840332, 0.7306753396987915, -0.30771902203559875, 0.6094440817832947),
            ["RightLowerArm"] = CFrame.new(5.960464477539063e-08, -5.960464477539062e-07, -1.30385160446167e-07, 1, -6.984918421437669e-09, 1.0826622265369679e-08, 7.450580596923828e-09, 0.9849874377250671, -0.17262592911720276, -6.984919309616089e-10, 0.17262600362300873, 0.9849874377250671),
            ["LeftHand"] = CFrame.new(-4.377216100692749e-08, 2.384185791015625e-07, -7.543712854385376e-08, 0.9945670366287231, -0.0684514194726944, 0.0784277468919754, 0.04154111072421074, 0.9517903327941895, 0.30392393469810486, -0.09545102715492249, -0.2990146577358246, 0.9494626522064209),
            ["RightUpperLeg"] = CFrame.new(0, 7.674098014831543e-07, 2.8142676455900073e-07, 0.7245888710021973, -0.47338294982910156, -0.5008792281150818, 0.5830413103103638, 0.808565616607666, 0.0792689397931099, 0.36746951937675476, -0.34947147965431213, 0.8618795871734619),
            ["LeftUpperLeg"] = CFrame.new(0, 4.0605664253234863e-07, 3.948807716369629e-07, 0.9700822830200195, -0.044170837849378586, 0.23872436583042145, 0.025887485593557358, 0.9965234398841858, 0.07918818295001984, -0.2413923442363739, -0.0706397145986557, 0.9678532481193542),
            ["RightLowerLeg"] = CFrame.new(1.341104507446289e-07, -0.00012254714965820312, -0.00007738003478152677, 1, -1.4901158351676713e-07, -1.1175870895385742e-07, 1.4901161193847656e-07, 0.5654398202896118, 0.8247889876365662, -1.043081283569336e-07, -0.8247896432876587, 0.5654406547546387),
            ["RightFoot"] = CFrame.new(-4.0978193283081055e-08, 3.5762786865234375e-07, 1.6952981241047382e-09, 0.990646243095398, 0.13642995059490204, -0.0027016049716621637, -0.10514320433139801, 0.7505521774291992, -0.6523916125297546, -0.08697731792926788, 0.6465741991996765, 0.7578772902488708),
            ["LeftLowerLeg"] = CFrame.new(7.450580596923828e-08, 0.00012248754501342773, 0.00007741153240203857, 1, 2.9802308176840597e-08, 4.0978196835794733e-08, -3.725289943190546e-08, 0.7121759057044983, 0.7020014524459839, 1.3038514623531228e-07, -0.7020009756088257, 0.7121754884719849),
        }},
        {Time = 0.102, Data = {
            ["LeftFoot"] = CFrame.new(5.029141902923584e-08, -5.960464477539063e-08, 9.313225746154785e-09, 0.9827305674552917, -0.18477585911750793, -0.00992213562130928, 0.18246835470199585, 0.9587554335594177, 0.21792924404144287, -0.030755143612623215, -0.2159765362739563, 0.9759141802787781),
            ["LeftLowerArm"] = CFrame.new(2.384185791015625e-07, -1.1920928955078125e-07, 0, 1, -1.4156097449813387e-07, 1.3411042232291948e-07, 8.940696716308594e-08, -0.1373342126607895, -0.9905248284339905, -4.470348358154297e-08, 0.9905247688293457, -0.13733424246311188),
            ["LowerTorso"] = CFrame.new(0.02933565340936184, -0.1626758575439453, -0.0815240740776062, 0.9226049184799194, 0.3377689719200134, 0.18631234765052795, -0.1944141685962677, 0.8243185877799988, -0.5316973328590393, -0.3331715762615204, 0.4543248414993286, 0.8261874318122864),
            ["Head"] = CFrame.new(4.842877388000488e-08, 3.5762786865234375e-07, -1.4901161193847656e-07, 0.9321727752685547, 0.022907443344593048, -0.3612883687019348, 0.17462597787380219, 0.8457567691802979, 0.5041838884353638, 0.317111611366272, -0.5330767035484314, 0.7843911647796631),
            ["RightUpperArm"] = CFrame.new(0, 2.384185791015625e-07, 5.960464477539063e-08, 0.238897904753685, -0.48934316635131836, 0.8387317657470703, -0.06629831343889236, 0.8535066843032837, 0.5168473124504089, -0.9687787890434265, -0.17908024787902832, 0.17145822942256927),
            ["UpperTorso"] = CFrame.new(-1.341104507446289e-07, 1.4901161193847656e-07, -2.0489096641540527e-07, 0.9962290525436401, -0.08250384777784348, -0.02684672549366951, 0.08543717861175537, 0.8790026307106018, 0.4691004157066345, -0.015104331076145172, -0.46962475776672363, 0.8827367424964905),
            ["HumanoidRootPart"] = CFrame.new(0, 0, 0, 1, 0, 0, 0, 1, 0, 0, 0, 1),
            ["RightHand"] = CFrame.new(-7.82310962677002e-08, 2.384185791015625e-07, -6.705522537231445e-08, 0.7843037247657776, -0.07600482553243637, -0.6157039403915405, 0.08274463564157486, 0.996415376663208, -0.01759827882051468, 0.6148341298103333, -0.03714384511113167, 0.7877811193466187),
            ["LeftUpperArm"] = CFrame.new(5.960464477539063e-08, -1.1920928955078125e-07, -2.9802322387695312e-08, 0.5774886012077332, 0.7287081480026245, -0.3680919110774994, -0.32487818598747253, 0.6187576651573181, 0.7152577042579651, 0.7489734888076782, -0.2934681177139282, 0.594066321849823),
            ["RightLowerArm"] = CFrame.new(5.960464477539063e-08, -3.5762786865234375e-07, -2.8312206268310547e-07, 1, -1.3067613657824495e-08, 1.6298150384841392e-08, 9.313225746154785e-10, 0.9859594106674194, -0.16698557138442993, 4.190951585769653e-09, 0.1669854372739792, 0.9859593510627747),
            ["LeftHand"] = CFrame.new(-7.636845111846924e-08, 2.384185791015625e-07, 5.587935447692871e-08, 0.996947705745697, -0.047183096408843994, 0.06220211833715439, 0.026293162256479263, 0.9530873894691467, 0.3015510141849518, -0.07351215928792953, -0.29899537563323975, 0.9514188766479492),
            ["RightUpperLeg"] = CFrame.new(-2.682209014892578e-07, 3.129243850708008e-07, 1.1006341082975268e-07, 0.7326112985610962, -0.45683610439300537, -0.5045611262321472, 0.5672093629837036, 0.819523811340332, 0.08156813681125641, 0.37623703479766846, -0.34595003724098206, 0.8595141768455505),
            ["LeftUpperLeg"] = CFrame.new(-1.7881393432617188e-07, 2.086162567138672e-07, 7.450580596923828e-08, 0.9654976725578308, -0.01826990395784378, 0.259770005941391, 0.003004177939146757, 0.9982510805130005, 0.05904129147529602, -0.260394424200058, -0.056224528700113297, 0.9638639688491821),
            ["RightLowerLeg"] = CFrame.new(1.4156103134155273e-07, -0.00012230873107910156, -0.00007736513362033293, 1, -7.450579886381092e-08, -1.49011640360186e-07, 9.685752644372769e-08, 0.5606954097747803, 0.8280215859413147, -7.823107495141812e-08, -0.8280221819877625, 0.5606961250305176),
            ["RightFoot"] = CFrame.new(6.146728992462158e-08, 4.172325134277344e-07, 4.639878170564771e-08, 0.9925855994224548, 0.12136898934841156, -0.006613974459469318, -0.0960417240858078, 0.7497811913490295, -0.6546777486801147, -0.0744975134730339, 0.6504595875740051, 0.7558791637420654),
            ["LeftLowerLeg"] = CFrame.new(-2.60770320892334e-08, 0.0001227259635925293, 0.00007727742195129395, 1, 1.1175863789958385e-08, 3.0733637856883433e-08, -8.195636524988004e-08, 0.6988470554351807, 0.7152713537216187, 4.470347292340193e-08, -0.7152711153030396, 0.6988468170166016),
        }},
        {Time = 0.122, Data = {
            ["LeftFoot"] = CFrame.new(-6.146728992462158e-08, -1.1920928955078125e-07, -7.264316082000732e-08, 0.9812520146369934, -0.1923607587814331, -0.011911682784557343, 0.18970772624015808, 0.9531210064888, 0.23573510348796844, -0.03399309143424034, -0.23357580602169037, 0.9717443585395813),
            ["LeftLowerArm"] = CFrame.new(-4.172325134277344e-07, 2.980232238769531e-07, -4.3213367462158203e-07, 1, -1.043081283569336e-07, 8.940695295223122e-08, 1.4901161193847656e-07, -0.17650745809078217, -0.9842993021011353, 1.0803341865539551e-07, 0.98429936170578, -0.17650745809078217),
            ["LowerTorso"] = CFrame.new(0.04939325898885727, -0.16683197021484375, -0.07204197347164154, 0.9236897826194763, 0.33071401715278625, 0.19345654547214508, -0.18441510200500488, 0.8263440728187561, -0.5321152806282043, -0.3358396291732788, 0.45583316683769226, 0.8242741823196411),
            ["Head"] = CFrame.new(4.842877388000488e-08, 2.384185791015625e-07, -1.6763806343078613e-07, 0.9339413046836853, 0.039306316524744034, -0.35525861382484436, 0.15164650976657867, 0.85646653175354, 0.4934252202510834, 0.32366180419921875, -0.5147038698196411, 0.7939288020133972),
            ["RightUpperArm"] = CFrame.new(2.384185791015625e-07, -2.384185791015625e-07, 7.078051567077637e-08, 0.20893974602222443, -0.47744858264923096, 0.8534560203552246, -0.07908473163843155, 0.8616102933883667, 0.5013715028762817, -0.9747255444526672, -0.1722518503665924, 0.14226575195789337),
            ["UpperTorso"] = CFrame.new(1.2293457984924316e-07, 2.384185791015625e-07, -1.825392246246338e-07, 0.9961482882499695, -0.08253157883882523, -0.029616938903927803, 0.08647871017456055, 0.8688751459121704, 0.48741963505744934, -0.014494191855192184, -0.48810315132141113, 0.872665524482727),
            ["HumanoidRootPart"] = CFrame.new(0, 0, 0, 1, 0, 0, 0, 1, 0, 0, 0, 1),
            ["RightHand"] = CFrame.new(-7.450580596923828e-09, 1.1920928955078125e-07, 2.2351741790771484e-07, 0.7784478664398193, -0.0753316655755043, -0.6231726408004761, 0.06802163273096085, 0.9970501065254211, -0.03555695712566376, 0.6240129470825195, -0.01471002772450447, 0.7812756896018982),
            ["LeftUpperArm"] = CFrame.new(0, -2.384185791015625e-07, 1.1175870895385742e-08, 0.5472447276115417, 0.752305269241333, -0.36682480573654175, -0.3330880403518677, 0.5978281497955322, 0.7291462421417236, 0.7678382992744446, -0.2768363058567047, 0.577741801738739),
            ["RightLowerArm"] = CFrame.new(-5.960464477539063e-08, 2.980232238769531e-07, 4.470348358154297e-07, 1, -1.4901161193847656e-08, 7.450581485102248e-09, -2.1071171474318362e-08, 0.9873465299606323, -0.15857775509357452, -5.587934559514451e-09, 0.1585778146982193, 0.9873465895652771),
            ["LeftHand"] = CFrame.new(3.5390257835388184e-08, -5.960464477539063e-08, -1.6763806343078613e-08, 0.9986745119094849, -0.029181936755776405, 0.042400434613227844, 0.014820368960499763, 0.9518917202949524, 0.306076318025589, -0.04929233342409134, -0.3050421476364136, 0.9510623216629028),
            ["RightUpperLeg"] = CFrame.new(-8.940696716308594e-08, 2.7567148208618164e-07, 5.790934665128589e-08, 0.7418220639228821, -0.4373530149459839, -0.5083532929420471, 0.5474050641059875, 0.8328090310096741, 0.08231598138809204, 0.3873601257801056, -0.339339941740036, 0.8572054505348206),
            ["LeftUpperLeg"] = CFrame.new(1.7881393432617188e-07, -4.209578037261963e-07, -1.4901161193847656e-08, 0.9530426263809204, 0.01781603880226612, 0.3023119270801544, -0.029055114835500717, 0.9990422129631042, 0.03272004425525665, -0.30143946409225464, -0.039968185126781464, 0.9526473879814148),
            ["RightLowerLeg"] = CFrame.new(7.450580596923828e-08, -0.00012236833572387695, -0.00007736513362033293, 1, -1.0430811414607888e-07, -9.685754776000977e-08, 1.415610029198433e-07, 0.556818425655365, 0.8306335806846619, -4.8428763221863846e-08, -0.8306342363357544, 0.5568193793296814),
            ["RightFoot"] = CFrame.new(5.4016709327697754e-08, 3.5762786865234375e-07, 9.145878721028566e-09, 0.994358479976654, 0.10553060472011566, -0.01071843784302473, -0.0866299420595169, 0.7496262788772583, -0.6561663150787354, -0.061209678649902344, 0.6533940434455872, 0.7545401453971863),
            ["LeftLowerLeg"] = CFrame.new(1.2665987014770508e-07, 0.0001227855682373047, 0.00007741153240203857, 1, 1.1175865566315224e-08, 2.0489096641540527e-08, -5.215407838932151e-08, 0.6818293929100037, 0.7315118908882141, 1.1175873559921001e-08, -0.7315112352371216, 0.6818287968635559),
        }},
        {Time = 0.143, Data = {
            ["LeftFoot"] = CFrame.new(-5.8673322200775146e-08, 5.960464477539063e-08, 1.1175870895385742e-08, 0.9802548289299011, -0.1972976177930832, -0.013207610696554184, 0.19407708942890167, 0.9471599459648132, 0.25538507103919983, -0.03787709027528763, -0.2529064416885376, 0.9667493104934692),
            ["LeftLowerArm"] = CFrame.new(0, 4.172325134277344e-07, 2.384185791015625e-07, 1, -1.4901159772762185e-07, 7.450579886381092e-08, 2.9802322387695312e-08, -0.20937909185886383, -0.9778346419334412, 1.564621925354004e-07, 0.9778345823287964, -0.20937895774841309),
            ["LowerTorso"] = CFrame.new(0.06933505833148956, -0.17151093482971191, -0.06146717071533203, 0.9253054857254028, 0.3222631514072418, 0.19989041984081268, -0.17507775127887726, 0.8305953741073608, -0.5286389589309692, -0.33638888597488403, 0.45415616035461426, 0.8249755501747131),
            ["Head"] = CFrame.new(-1.862645149230957e-08, 0, -2.0116567611694336e-07, 0.9355525970458984, 0.056903764605522156, -0.34857332706451416, 0.1269870102405548, 0.866741955280304, 0.48232030868530273, 0.3295687437057495, -0.4955002963542938, 0.8036565184593201),
            ["RightUpperArm"] = CFrame.new(-5.960464477539063e-08, 0, 2.9802322387695312e-08, 0.18412506580352783, -0.470030814409256, 0.8632318377494812, -0.08940571546554565, 0.8665974736213684, 0.49093323945999146, -0.9788281917572021, -0.1675707995891571, 0.11753887683153152),
            ["UpperTorso"] = CFrame.new(-4.842877388000488e-08, -2.086162567138672e-07, -7.450580596923828e-09, 0.996014416217804, -0.08317126333713531, -0.03221769630908966, 0.08806148171424866, 0.8596192002296448, 0.5032897591590881, -0.01416440587490797, -0.5041205883026123, 0.8635169863700867),
            ["HumanoidRootPart"] = CFrame.new(0, 0, 0, 1, 0, 0, 0, 1, 0, 0, 0, 1),
            ["RightHand"] = CFrame.new(0, -5.960464477539063e-08, 2.3096799850463867e-07, 0.7703884243965149, -0.07256963104009628, -0.6334319710731506, 0.055456023663282394, 0.9973629117012024, -0.04681750759482384, 0.6351585984230042, 0.0009401795687153935, 0.7723808288574219),
            ["LeftUpperArm"] = CFrame.new(0, 0, 0, 0.5141235589981079, 0.7751627564430237, -0.3671512305736542, -0.340435653924942, 0.5773149132728577, 0.7421666383743286, 0.7872614860534668, -0.25657379627227783, 0.5607038736343384),
            ["RightLowerArm"] = CFrame.new(5.960464477539063e-08, -1.1920928955078125e-07, 1.1175870895385742e-07, 1, -2.2351741790771484e-08, -1.6763801014008095e-08, 2.514570951461792e-08, 0.9869095683097839, -0.16127511858940125, 2.421438694000244e-08, 0.16127513349056244, 0.9869095087051392),
            ["LeftHand"] = CFrame.new(-5.960464477539063e-08, 0, -9.872019290924072e-08, 0.9995529055595398, -0.013982884585857391, 0.026428718119859695, 0.00519493268802762, 0.9516807198524475, 0.30704519152641296, -0.029445115476846695, -0.3067709803581238, 0.9513279795646667),
            ["RightUpperLeg"] = CFrame.new(-2.682209014892578e-07, 1.6391277313232422e-07, 8.77116690389812e-08, 0.7522362470626831, -0.4187024235725403, -0.5087522268295288, 0.5245437026023865, 0.8478180170059204, 0.07783263176679611, 0.3987412452697754, -0.3254121243953705, 0.8573874831199646),
            ["LeftUpperLeg"] = CFrame.new(5.960464477539063e-08, -3.3155083656311035e-07, 6.705522537231445e-08, 0.9334406852722168, 0.05695052444934845, 0.35418227314949036, -0.06095721572637558, 0.9981403946876526, 0.00015582155901938677, -0.3535148501396179, -0.021736079826951027, 0.935176432132721),
            ["RightLowerLeg"] = CFrame.new(0, -0.0001227855682373047, -0.00007743963942630216, 1, -1.0430809993522416e-07, -7.823110337312755e-08, 1.043081283569336e-07, 0.5508628487586975, 0.834595263004303, -1.341104507446289e-07, -0.834595799446106, 0.5508637428283691),
            ["RightFoot"] = CFrame.new(4.6566128730773926e-08, 4.172325134277344e-07, 1.6596459317952394e-08, 0.9959085583686829, 0.08912187814712524, -0.014960250817239285, -0.07694223523139954, 0.7494280338287354, -0.6575986742973328, -0.047394175082445145, 0.6560602188110352, 0.7532200217247009),
            ["LeftLowerLeg"] = CFrame.new(1.2293457984924316e-07, 0.00012236833572387695, 0.0000775456428527832, 1, 3.725287101019603e-08, 1.3969835288563104e-09, -4.8428763221863846e-08, 0.6644270420074463, 0.7473536133766174, -3.0733637856883433e-08, -0.7473531365394592, 0.6644265055656433),
        }},
        {Time = 0.163, Data = {
            ["LeftFoot"] = CFrame.new(1.3969838619232178e-09, -5.960464477539063e-08, 2.9802322387695312e-08, 0.9804680347442627, -0.1962530016899109, -0.012933439575135708, 0.19240403175354004, 0.9434463977813721, 0.2699805200099945, -0.04078279808163643, -0.2671961188316345, 0.9627789258956909),
            ["LeftLowerArm"] = CFrame.new(-2.682209014892578e-07, -1.7881393432617188e-07, -1.4901161193847656e-08, 1, -1.7881393432617188e-07, 7.450580596923828e-08, 8.940696716308594e-08, -0.23766537010669708, -0.9713471531867981, 1.7136335372924805e-07, 0.9713471531867981, -0.2376653254032135),
            ["LowerTorso"] = CFrame.new(0.08943818509578705, -0.1769874095916748, -0.04962335154414177, 0.9286670088768005, 0.3090522885322571, 0.20509587228298187, -0.1640900820493698, 0.8382095694541931, -0.5200762152671814, -0.3326440453529358, 0.449323445558548, 0.8291299343109131),
            ["Head"] = CFrame.new(-6.891787052154541e-08, 4.76837158203125e-07, -1.73225998878479e-07, 0.9378167986869812, 0.07344742864370346, -0.3392717242240906, 0.10144925117492676, 0.8766993880271912, 0.4702194929122925, 0.33197563886642456, -0.47539860010147095, 0.8147320747375488),
            ["RightUpperArm"] = CFrame.new(-2.980232238769531e-07, -2.384185791015625e-07, -8.568167686462402e-08, 0.16367772221565247, -0.46259355545043945, 0.8713305592536926, -0.09450654685497284, 0.8718271851539612, 0.48061004281044006, -0.9819766879081726, -0.16101151704788208, 0.09898059070110321),
            ["UpperTorso"] = CFrame.new(-1.1920928955078125e-07, 4.470348358154297e-07, -2.2724270820617676e-07, 0.9960485696792603, -0.08227404206991196, -0.03344178572297096, 0.08771786093711853, 0.852480411529541, 0.5153475403785706, -0.013891265727579594, -0.5162442922592163, 0.856328547000885),
            ["HumanoidRootPart"] = CFrame.new(0, 0, 0, 1, 0, 0, 0, 1, 0, 0, 0, 1),
            ["RightHand"] = CFrame.new(-4.470348358154297e-08, 5.960464477539063e-08, 1.1920928955078125e-07, 0.7713560461997986, -0.06412465870380402, -0.6331647038459778, 0.04703168198466301, 0.9979339838027954, -0.04377060756087303, 0.6346635818481445, 0.003984062932431698, 0.7727785110473633),
            ["LeftUpperArm"] = CFrame.new(1.1920928955078125e-07, -4.76837158203125e-07, 3.166496753692627e-08, 0.4839414060115814, 0.7939616441726685, -0.368002325296402, -0.3473145067691803, 0.5602479577064514, 0.7519941926002502, 0.8032269477844238, -0.23610864579677582, 0.5468813180923462),
            ["RightLowerArm"] = CFrame.new(5.960464477539063e-08, 0, -3.8743019104003906e-07, 1, 3.7252885221050747e-09, 1.862645149230957e-09, 1.4901159417490817e-08, 0.9867106676101685, -0.16248710453510284, 6.70552182668871e-08, 0.1624869704246521, 0.9867107272148132),
            ["LeftHand"] = CFrame.new(1.7136335372924805e-07, -5.960464477539063e-08, 1.1175870895385742e-08, 0.9999496936798096, -0.0002594143443275243, 0.010030046105384827, -0.0028988721314817667, 0.949557900428772, 0.313578724861145, -0.00960558746010065, -0.31359198689460754, 0.9495092630386353),
            ["RightUpperLeg"] = CFrame.new(-2.980232238769531e-07, 4.3958425521850586e-07, -4.639878170564771e-08, 0.7659035921096802, -0.3975413739681244, -0.5053245425224304, 0.49477896094322205, 0.8663240075111389, 0.06837878376245499, 0.41059181094169617, -0.3023965060710907, 0.8602159023284912),
            ["LeftUpperLeg"] = CFrame.new(-1.7881393432617188e-07, -2.421438694000244e-07, -1.6391277313232422e-07, 0.9075973629951477, 0.10146820545196533, 0.4073958694934845, -0.09169290214776993, 0.9948365688323975, -0.04350609332323074, -0.40970665216445923, 0.0021298544015735388, 0.9122148156166077),
