return {
    ["Sweaty"] = {
        {Time = 0.000, Data = {
            ["RightFoot"] = CFrame.new(-8.381903171539307e-09, 2.384185791015625e-07, -3.55576048605144e-08, 0.9978537559509277, 0.03164125978946686, -0.05733037367463112, -0.04948403686285019, 0.9377661943435669, -0.343723863363266, 0.04288677126169205, 0.34582310914993286, 0.9373192191123962),
            ["LeftLowerArm"] = CFrame.new(-1.7881393432617188e-07, -4.76837158203125e-07, -1.341104507446289e-07, 1, -2.9802322387695312e-08, -3.725290298461914e-08, 3.725290742551124e-09, 0.9757431149482727, -0.21891871094703674, 1.6763808119435453e-08, 0.21891871094703674, 0.9757431149482727),
            ["RightUpperArm"] = CFrame.new(0, 3.5762786865234375e-07, 7.450580596923828e-09, 0.010654316283762455, -0.6328592300415039, 0.774193525314331, 0.6157649159431458, -0.6058714985847473, -0.5037395358085632, 0.7878579497337341, 0.482088178396225, 0.38323742151260376),
            ["Head"] = CFrame.new(4.0978193283081055e-08, -3.5762786865234375e-07, -2.60770320892334e-08, 0.8691970109939575, 0.34927013516426086, -0.350009948015213, -0.40728917717933655, 0.9070963859558105, -0.10626223683357239, 0.2803785502910614, 0.2349180430173874, 0.9306994676589966),
            ["RightHand"] = CFrame.new(1.4901161193847656e-08, -5.960464477539063e-08, 4.3958425521850586e-07, 0.9982003569602966, 0.03730541095137596, -0.046950943768024445, -0.04203511029481888, 0.9936726093292236, -0.10415270179510117, 0.042768485844135284, 0.10593884438276291, 0.9934524893760681),
            ["UpperTorso"] = CFrame.new(7.450580596923828e-09, 7.152557373046875e-07, -5.25033101439476e-08, 0.9865880608558655, -0.08952649682760239, 0.13648803532123566, 0.07618039846420288, 0.9920607805252075, 0.10006031394004822, -0.1443624496459961, -0.08832062035799026, 0.9855754375457764),
            ["HumanoidRootPart"] = CFrame.new(0, 0, 0, 1, 0, 0, 0, 1, 0, 0, 0, 1),
            ["RightUpperLeg"] = CFrame.new(5.960464477539063e-08, 4.805624485015869e-07, 9.480572771281004e-09, 0.9378189444541931, -0.05309909209609032, -0.34303995966911316, 0.12300731241703033, 0.9749389290809631, 0.18537293374538422, 0.32459983229637146, -0.21604286134243011, 0.9208477139472961),
            ["LeftUpperArm"] = CFrame.new(-1.1920928955078125e-07, 4.76837158203125e-07, -5.960464477539063e-08, 0.7966296076774597, 0.349381685256958, -0.49326860904693604, -0.25968286395072937, 0.9347079396247864, 0.2426646202802658, 0.5458446145057678, -0.06522045284509659, 0.8353442549705505),
            ["RightLowerArm"] = CFrame.new(-5.960464477539063e-08, 4.76837158203125e-07, -6.239861249923706e-08, 1, -6.705521116145974e-08, 1.3969835777061235e-07, 1.1175875158642157e-07, -0.4129517078399658, -0.9107529520988464, 1.4901166878189542e-07, 0.9107529520988464, -0.41295167803764343),
            ["LeftHand"] = CFrame.new(0, 2.980232238769531e-07, 5.21540641784668e-08, 0.9889448285102844, 0.07342090457677841, 0.1288319081068039, -0.05845637619495392, 0.9914898872375488, -0.11632169783115387, -0.1362760365009308, 0.10750468820333481, 0.9848206043243408),
            ["LeftFoot"] = CFrame.new(6.612390279769897e-08, 0, 1.30385160446167e-08, 0.9881711602210999, -0.09434361010789871, -0.12090108543634415, 0.07786886394023895, 0.9878613352775574, -0.1344122290611267, 0.13211429119110107, 0.12340767681598663, 0.9835224747657776),
            ["LowerTorso"] = CFrame.new(-0.02707386016845703, -0.0462801456451416, -0.1650940626859665, 0.9924809336662292, 0.04261673614382744, 0.1147405281662941, -0.012623137794435024, 0.9680677652359009, -0.25037071108818054, -0.12174658477306366, 0.2470397651195526, 0.9613267779350281),
            ["RightLowerLeg"] = CFrame.new(8.381903171539307e-08, -0.00012260675430297852, -0.000077357683039736, 1, -5.774201383701438e-08, -4.936007158562461e-08, 1.154839708306099e-07, 0.8916351795196533, 0.4527541399002075, -3.876629151022826e-08, -0.4527547061443329, 0.8916354179382324),
            ["LeftUpperLeg"] = CFrame.new(-5.960464477539063e-08, 1.1734664440155029e-07, 1.1175870895385742e-08, 0.9928062558174133, 0.053743377327919006, -0.10699324309825897, -0.05554793030023575, 0.9983585476875305, -0.013955104164779186, 0.10606762766838074, 0.01979808323085308, 0.99416184425354),
            ["LeftLowerLeg"] = CFrame.new(-6.239861249923706e-08, 0.00012254714965820312, 0.0000774431973695755, 1, 4.377216100692749e-08, 4.6566128730773926e-09, -2.1420420992512845e-08, 0.9259288907051086, 0.37769803404808044, 1.0244549208948683e-08, -0.37769803404808044, 0.9259288311004639),
        }},
        {Time = 0.033, Data = {
            ["RightFoot"] = CFrame.new(-1.5366822481155396e-08, 2.384185791015625e-07, 1.6596459317952394e-08, 0.9980433583259583, 0.022866640239953995, -0.0581946037709713, -0.042558010667562485, 0.9302974939346313, -0.36432865262031555, 0.04580731689929962, 0.3660924732685089, 0.9294503927230835),
            ["LeftLowerArm"] = CFrame.new(5.960464477539063e-08, 7.748603820800781e-07, -2.9802322387695312e-08, 1, -3.3527612686157227e-08, 1.4901162970204496e-08, -2.1420417439799166e-08, 0.9801144599914551, -0.19843323528766632, -3.352760913344355e-08, 0.19843325018882751, 0.9801144599914551),
            ["RightUpperArm"] = CFrame.new(0, 1.1920928955078125e-07, 1.2665987014770508e-07, -0.01682967320084572, -0.668682873249054, 0.7433573603630066, 0.6025303602218628, -0.6000892519950867, -0.5261655449867249, 0.7979185581207275, 0.4390401542186737, 0.4130009412765503),
            ["Head"] = CFrame.new(-4.842877388000488e-08, -1.1920928955078125e-07, 5.587935447692871e-08, 0.8678121566772461, 0.35531100630760193, -0.3473561704158783, -0.4121341109275818, 0.9052006602287292, -0.10371826589107513, 0.2775747776031494, 0.23316529393196106, 0.931979775428772),
            ["RightHand"] = CFrame.new(2.2351741790771484e-07, -1.7881393432617188e-07, -2.1979212760925293e-07, 0.9981929659843445, 0.0367516428232193, -0.047541119158267975, -0.04129311814904213, 0.9942929148674011, -0.0983695238828659, 0.04365454614162445, 0.10015487670898438, 0.994013786315918),
            ["UpperTorso"] = CFrame.new(-1.862645149230957e-09, 8.940696716308594e-08, 1.257285475730896e-08, 0.9863672256469727, -0.08405753970146179, 0.14147154986858368, 0.07098454982042313, 0.992938220500946, 0.09505190700292587, -0.14846232533454895, -0.08371376246213913, 0.9853684902191162),
            ["HumanoidRootPart"] = CFrame.new(0, 0, 0, 1, 0, 0, 0, 1, 0, 0, 0, 1),
            ["RightUpperLeg"] = CFrame.new(0, -7.450580596923828e-09, 1.5476689441129565e-07, 0.9394093155860901, -0.062416646629571915, -0.33706721663475037, 0.1277996003627777, 0.9761640429496765, 0.17541682720184326, 0.318083792924881, -0.207865372300148, 0.9249945282936096),
            ["LeftUpperArm"] = CFrame.new(1.1920928955078125e-07, -1.1920928955078125e-07, 5.960464477539063e-08, 0.8051124215126038, 0.35163038969039917, -0.47765061259269714, -0.23169121146202087, 0.9277822375297546, 0.2924710512161255, 0.5459973812103271, -0.12480467557907104, 0.8284386992454529),
            ["RightLowerArm"] = CFrame.new(1.1920928955078125e-07, 1.1920928955078125e-07, 1.1874362826347351e-07, 1, -7.450579886381092e-08, 1.2479722499847412e-07, 1.1920928955078125e-07, -0.42732787132263184, -0.9040967226028442, 1.7136335372924805e-07, 0.9040967226028442, -0.4273279011249542),
            ["LeftHand"] = CFrame.new(-1.5273690223693848e-07, 5.960464477539062e-07, 7.450580596923828e-08, 0.9911356568336487, 0.031007390469312668, 0.12918512523174286, -0.01602454110980034, 0.9931848049163818, -0.11544324457645416, -0.13188429176807404, 0.11234984546899796, 0.9848777055740356),
            ["LeftFoot"] = CFrame.new(1.6298145055770874e-08, -2.384185791015625e-07, 2.0489096641540527e-08, 0.9881658554077148, -0.1006893590092659, -0.11571541428565979, 0.08630812913179398, 0.9886208772659302, -0.12320601940155029, 0.12680426239967346, 0.11176099628210068, 0.985611617565155),
            ["LowerTorso"] = CFrame.new(-0.010785426013171673, -0.047785043716430664, -0.17315493524074554, 0.9928046464920044, 0.05550399422645569, 0.1061050146818161, -0.026734737679362297, 0.9664633870124817, -0.25540927052497864, -0.11672283709049225, 0.2507348358631134, 0.9609931707382202),
            ["RightLowerLeg"] = CFrame.new(1.30385160446167e-08, -0.00012248754501342773, -0.00007739493594272062, 1, -7.357449760547752e-08, -1.7695125364980413e-08, 8.3819010399111e-08, 0.8764351606369019, 0.4815196096897125, 1.3969835288563104e-09, -0.48152002692222595, 0.8764352798461914),
            ["LeftUpperLeg"] = CFrame.new(-5.960464477539063e-08, 1.1734664440155029e-07, 1.30385160446167e-07, 0.9940183758735657, 0.05028447136282921, -0.09694860875606537, -0.04953321814537048, 0.9987210035324097, 0.010142655111849308, 0.09733457863330841, -0.005280081182718277, 0.9952377676963806),
            ["LeftLowerLeg"] = CFrame.new(4.563480615615845e-08, 0.00012296438217163086, 0.00007741106674075127, 1, 3.911553747570906e-08, 9.313227522511625e-09, -3.725290653733282e-08, 0.9358783960342407, 0.35232359170913696, 9.313226634333205e-09, -0.35232341289520264, 0.935878336429596),
        }},
        {Time = 0.067, Data = {
            ["RightFoot"] = CFrame.new(-1.0011717677116394e-08, 2.980232238769531e-07, 2.4047039914876223e-08, 0.998059868812561, 0.013655575923621655, -0.060746464878320694, -0.03610244393348694, 0.9218170642852783, -0.38594016432762146, 0.05072687938809395, 0.3873845636844635, 0.9205216765403748),
            ["LeftLowerArm"] = CFrame.new(-2.682209014892578e-07, -1.7881393432617188e-07, 1.1920928955078125e-07, 1, 9.313224857976365e-09, -2.7939673685750677e-08, 9.313223969797946e-09, 0.983782172203064, -0.17936740815639496, 1.862644793959589e-08, 0.17936740815639496, 0.9837822318077087),
            ["RightUpperArm"] = CFrame.new(1.1920928955078125e-07, 3.5762786865234375e-07, 0, -0.05063045024871826, -0.7040567994117737, 0.7083365321159363, 0.585426390171051, -0.5955407619476318, -0.5500974655151367, 0.80914306640625, 0.38682714104652405, 0.4423258602619171),
            ["Head"] = CFrame.new(-2.7939677238464355e-09, 0, 2.9569491744041443e-08, 0.8686149716377258, 0.3541884422302246, -0.3464946448802948, -0.40697866678237915, 0.9088751077651978, -0.09118406474590302, 0.2826240360736847, 0.22021979093551636, 0.933609664440155),
            ["RightHand"] = CFrame.new(-1.043081283569336e-07, -1.1920928955078125e-07, -7.525086402893066e-07, 0.998333752155304, 0.036718640476465225, -0.044514209032058716, -0.04109423607587814, 0.9939619302749634, -0.10173922777175903, 0.04050968214869499, 0.10339897871017456, 0.9938147068023682),
            ["UpperTorso"] = CFrame.new(6.05359673500061e-09, 2.384185791015625e-07, 6.542541086673737e-08, 0.9875085353851318, -0.07177691161632538, 0.14026805758476257, 0.05939975380897522, 0.9941216111183167, 0.09052113443613052, -0.14594082534313202, -0.08105853199958801, 0.9859669804573059),
            ["HumanoidRootPart"] = CFrame.new(0, 0, 0, 1, 0, 0, 0, 1, 0, 0, 0, 1),
            ["RightUpperLeg"] = CFrame.new(-2.9802322387695312e-08, -6.705522537231445e-08, 1.0261283023282886e-07, 0.9456591010093689, -0.07474198192358017, -0.31645312905311584, 0.12964166700839996, 0.9791905879974365, 0.1561373472213745, 0.2981979548931122, -0.1886783242225647, 0.9356700778007507),
            ["LeftUpperArm"] = CFrame.new(0, 2.384185791015625e-07, -7.450580596923828e-08, 0.828113853931427, 0.32902392745018005, -0.45384013652801514, -0.1970086246728897, 0.9287987351417542, 0.31388020515441895, 0.5248001217842102, -0.17051811516284943, 0.8339715003967285),
            ["RightLowerArm"] = CFrame.new(2.384185791015625e-07, 4.172325134277344e-07, -2.505257725715637e-07, 1, -5.960464477539063e-08, 1.8253926725719793e-07, 1.1920930376163597e-07, -0.4345283806324005, -0.9006582498550415, 1.564622067462551e-07, 0.9006581902503967, -0.4345283508300781),
            ["LeftHand"] = CFrame.new(3.0174851417541504e-07, -2.384185791015625e-07, 8.195638656616211e-08, 0.9927893280982971, -0.005352409090846777, 0.11975318193435669, 0.01474854163825512, 0.9968666434288025, -0.0777144804596901, -0.11896201223134995, 0.07892031967639923, 0.9897573590278625),
            ["LeftFoot"] = CFrame.new(-3.5390257835388184e-08, 1.7881393432617188e-07, -2.421438694000244e-08, 0.9884569644927979, -0.10592211037874222, -0.10832052677869797, 0.09329048544168472, 0.9888941049575806, -0.11569550633430481, 0.11937219649553299, 0.10425476729869843, 0.9873608350753784),
            ["LowerTorso"] = CFrame.new(0.0032146733719855547, -0.05025315284729004, -0.17982129752635956, 0.9941966533660889, 0.06622069329023361, 0.08478110283613205, -0.042134568095207214, 0.9648221135139465, -0.25950533151626587, -0.09898330271244049, 0.25442713499069214, 0.9620130658149719),
            ["RightLowerLeg"] = CFrame.new(1.862645149230957e-08, -0.00012248754501342773, -0.00007737258420092985, 1, -3.539026494081554e-08, -8.032654363887559e-08, 7.729977369308472e-08, 0.8545832633972168, 0.519313633441925, -8.690403774380684e-08, -0.5193144083023071, 0.854583740234375),
            ["LeftUpperLeg"] = CFrame.new(2.9802322387695312e-08, 1.2293457984924316e-07, 1.30385160446167e-07, 0.9959807991981506, 0.04649548977613449, -0.07655346393585205, -0.04389043152332306, 0.998410165309906, 0.035368457436561584, 0.07807625085115433, -0.031866397708654404, 0.9964379668235779),
            ["LeftLowerLeg"] = CFrame.new(4.6566128730773926e-08, 0.00012236833572387695, 0.00007739383727312088, 1, 2.980233304583635e-08, 3.7252894102834944e-09, -3.352760913344355e-08, 0.9440338015556335, 0.3298487663269043, 3.7252898543727042e-09, -0.3298490345478058, 0.9440338611602783),
        }},
        {Time = 0.100, Data = {
            ["RightFoot"] = CFrame.new(-1.2223608791828156e-09, 2.384185791015625e-07, -4.300818545743823e-08, 0.997937023639679, 0.00287663284689188, -0.064137302339077, -0.028790783137083054, 0.9129648804664612, -0.4070208668708801, 0.05738444998860359, 0.40802791714668274, 0.9111642837524414),
            ["LeftLowerArm"] = CFrame.new(1.1920928955078125e-07, 4.172325134277344e-07, -2.384185791015625e-07, 1, -2.421438694000244e-08, 1.909211277961731e-08, 1.4901162970204496e-08, 0.9868910908699036, -0.16138778626918793, -3.3527616238870905e-08, 0.16138777136802673, 0.9868910908699036),
            ["RightUpperArm"] = CFrame.new(1.1920928955078125e-07, 1.1920928955078125e-07, -1.1175870895385742e-08, -0.07380302250385284, -0.7390739917755127, 0.6695691347122192, 0.5701399445533752, -0.5821283459663391, -0.5797129273414612, 0.8182258605957031, 0.3389635682106018, 0.46433842182159424),
            ["Head"] = CFrame.new(3.725290298461914e-09, -5.960464477539062e-07, 3.632158041000366e-08, 0.8690088391304016, 0.344789057970047, -0.3548860251903534, -0.39030128717422485, 0.9185045957565308, -0.06335819512605667, 0.3041192293167114, 0.1935712695121765, 0.9327602386474609),
            ["RightHand"] = CFrame.new(-3.427267074584961e-07, -5.960464477539063e-08, -3.5762786865234375e-07, 0.9989991784095764, 0.03821248188614845, -0.023250747472047806, -0.040827568620443344, 0.9913185238838196, -0.12498289346694946, 0.018272988498210907, 0.1258070468902588, 0.9918864965438843),
            ["UpperTorso"] = CFrame.new(-5.122274160385132e-09, -1.7881393432617188e-07, 1.6530975699424744e-08, 0.9896962642669678, -0.05253036320209503, 0.13319915533065796, 0.04118506610393524, 0.9953961968421936, 0.08654578775167465, -0.1371321976184845, -0.08016827702522278, 0.9873033165931702),
            ["HumanoidRootPart"] = CFrame.new(0, 0, 0, 1, 0, 0, 0, 1, 0, 0, 0, 1),
            ["RightUpperLeg"] = CFrame.new(-2.9802322387695312e-08, 4.842877388000488e-08, -2.9634975362569094e-08, 0.9566074013710022, -0.08616074174642563, -0.27834999561309814, 0.1265973299741745, 0.9833053350448608, 0.13070498406887054, 0.26244139671325684, -0.1602717638015747, 0.9515448212623596),
            ["LeftUpperArm"] = CFrame.new(-1.1920928955078125e-07, -2.384185791015625e-07, 1.4901161193847656e-08, 0.8616286516189575, 0.29090848565101624, -0.4158947765827179, -0.15838442742824554, 0.9326287508010864, 0.3242192268371582, 0.4821934998035431, -0.21348533034324646, 0.8496549129486084),
            ["RightLowerArm"] = CFrame.new(-5.364418029785156e-07, 0, 1.601874828338623e-07, 1, -8.195639367158947e-08, 1.639127589214695e-07, 5.2154071283894154e-08, -0.43690747022628784, -0.8995064496994019, 1.4156104555240745e-07, 0.8995065093040466, -0.4369073808193207),
            ["LeftHand"] = CFrame.new(-2.1606683731079102e-07, 5.960464477539063e-08, 1.1175870895385742e-08, 0.9941207766532898, -0.03692145645618439, 0.10178827494382858, 0.039476532489061356, 0.9989510774612427, -0.02320241741836071, -0.10082483291625977, 0.027084290981292725, 0.994535505771637),
            ["LeftFoot"] = CFrame.new(3.026798367500305e-08, -5.960464477539063e-08, 1.862645149230957e-09, 0.9887780547142029, -0.1117703914642334, -0.09912372380495071, 0.1002771258354187, 0.9883838295936584, -0.11420118063688278, 0.11073639243841171, 0.10297958552837372, 0.98850017786026),
            ["LowerTorso"] = CFrame.new(0.016028864309191704, -0.0539851188659668, -0.18469317257404327, 0.9962025880813599, 0.07302486151456833, 0.04741045832633972, -0.0580817274749279, 0.9630614519119263, -0.2629433274269104, -0.06486058235168457, 0.2591911554336548, 0.9636457562446594),
            ["RightLowerLeg"] = CFrame.new(-3.702007234096527e-08, -0.0001220703125, -0.00007748434290988371, 1, -9.476208617797965e-08, -4.062895087031393e-08, 3.888271393748255e-08, 0.8282256722450256, 0.5603943467140198, -8.876667578761044e-08, -0.5603947639465332, 0.8282260298728943),
            ["LeftUpperLeg"] = CFrame.new(-1.1920928955078125e-07, 6.332993507385254e-08, -1.30385160446167e-08, 0.9979931712150574, 0.04420161992311478, -0.04534098878502846, -0.04126037657260895, 0.9971049427986145, 0.06386975198984146, 0.04803287982940674, -0.06187056750059128, 0.9969277381896973),
            ["LeftLowerLeg"] = CFrame.new(8.102506399154663e-08, 0.0001227259635925293, 0.00007742294110357761, 1, 2.444722113636999e-08, 9.313221305262687e-09, -2.2351741790771484e-08, 0.9506685733795166, 0.31020835041999817, -1.3969838619232178e-09, -0.31020858883857727, 0.9506685733795166),
        }},
        {Time = 0.133, Data = {
            ["RightFoot"] = CFrame.new(-4.889443516731262e-09, 1.1920928955078125e-07, -2.0656443666666746e-08, 0.997596800327301, -0.008948725648224354, -0.06870653480291367, -0.021321050822734833, 0.903857409954071, -0.42730221152305603, 0.06592459231615067, 0.4277402460575104, 0.9014945030212402),
            ["LeftLowerArm"] = CFrame.new(8.940696716308594e-08, 6.556510925292969e-07, -2.384185791015625e-07, 1, -1.909211455597415e-08, 1.0244550985305523e-08, 2.2351747119842003e-08, 0.9896296262741089, -0.1436428725719452, -1.862645504502325e-08, 0.143642857670784, 0.9896296858787537),
            ["RightUpperArm"] = CFrame.new(-2.384185791015625e-07, 0, -7.078051567077637e-08, -0.08107464015483856, -0.7724787592887878, 0.629844069480896, 0.5604885816574097, -0.5578770041465759, -0.612066924571991, 0.8241840600967407, 0.30339738726615906, 0.47819507122039795),
            ["Head"] = CFrame.new(-7.683411240577698e-09, -3.5762786865234375e-07, -9.313225746154785e-09, 0.8682705163955688, 0.32618704438209534, -0.3737759590148926, -0.358007550239563, 0.933565080165863, -0.016936741769313812, 0.34341961145401, 0.14852027595043182, 0.9273644685745239),
            ["RightHand"] = CFrame.new(-6.705522537231445e-08, -1.1920928955078125e-07, -2.4586915969848633e-07, 0.9962941408157349, 0.07121316343545914, 0.048237740993499756, -0.05718912556767464, 0.9673478007316589, -0.24691617488861084, -0.06424636393785477, 0.24324247241020203, 0.967835545539856),
            ["UpperTorso"] = CFrame.new(-2.9685907065868378e-09, 2.9802322387695312e-08, -6.979098543524742e-08, 0.9925599098205566, -0.022817062214016914, 0.11960020661354065, 0.012935629114508629, 0.9964860081672668, 0.08275478333234787, -0.12106814980506897, -0.08059199154376984, 0.9893671870231628),
            ["HumanoidRootPart"] = CFrame.new(0, 0, 0, 1, 0, 0, 0, 1, 0, 0, 0, 1),
            ["RightUpperLeg"] = CFrame.new(5.960464477539063e-08, 7.82310962677002e-08, -6.223126547411084e-08, 0.9714831709861755, -0.09463006258010864, -0.21740688383579254, 0.11800966411828995, 0.9882462024688721, 0.0971754714846611, 0.20565590262413025, -0.12006057053804398, 0.9712318778038025),
            ["LeftUpperArm"] = CFrame.new(5.960464477539063e-08, 0, 0, 0.9030128717422485, 0.24013306200504303, -0.35623592138290405, -0.11574036628007889, 0.9345222115516663, 0.33655980229377747, 0.4137294590473175, -0.26268693804740906, 0.8716785907745361),
            ["RightLowerArm"] = CFrame.new(-1.7881393432617188e-07, 7.152557373046875e-07, 3.8743019104003906e-07, 1, -1.043080928297968e-07, 9.313224325069314e-08, 5.960464477539063e-08, -0.4271056354045868, -0.9042017459869385, 1.341104507446289e-07, 0.9042017459869385, -0.4271056354045868),
            ["LeftHand"] = CFrame.new(4.842877388000488e-08, -3.5762786865234375e-07, 5.21540641784668e-08, 0.9945605993270874, -0.061904992908239365, 0.08376765996217728, 0.06140564754605293, 0.9980764985084534, 0.008527109399437904, -0.08413439989089966, -0.003336903639137745, 0.996448814868927),
            ["LeftFoot"] = CFrame.new(7.008202373981476e-08, 0, -5.587935447692871e-09, 0.989112913608551, -0.11840129643678665, -0.08738881349563599, 0.10753152519464493, 0.9869251847267151, -0.12006479501724243, 0.10046208649873734, 0.10936068743467331, 0.9889124035835266),
            ["LowerTorso"] = CFrame.new(0.026814645156264305, -0.0591740608215332, -0.18719419836997986, 0.9971588253974915, 0.07463473826646805, -0.010198544710874557, -0.07465800642967224, 0.9611649513244629, -0.26568424701690674, -0.010026789270341396, 0.26569077372550964, 0.9640061855316162),
            ["RightLowerLeg"] = CFrame.new(2.1420419216156006e-08, -0.00012230873107910156, -0.00007735023245913908, 1, -1.4342370491249312e-07, -8.381900507004048e-09, 2.9802311729554276e-08, 0.7955873608589172, 0.6058381795883179, -3.1432126235131364e-08, -0.6058389544487, 0.7955878973007202),
            ["LeftUpperLeg"] = CFrame.new(-1.1920928955078125e-07, 6.705522537231445e-08, -4.7497451305389404e-08, 0.999079704284668, 0.04289417341351509, 0.000046744233259232715, -0.042684406042099, 0.9940842986106873, 0.09987219423055649, 0.004237435758113861, -0.09978251159191132, 0.9950003027915955),
            ["LeftLowerLeg"] = CFrame.new(4.0046870708465576e-08, 0.00012284517288208008, 0.00007746985647827387, 1, 4.214232518506833e-08, -1.862645149230957e-09, -3.585591912269592e-08, 0.9573274254798889, 0.2890058159828186, -2.3283064365386963e-09, -0.2890055477619171, 0.9573274254798889),
        }},
        {Time = 0.167, Data = {
            ["RightFoot"] = CFrame.new(4.1443854570388794e-08, 3.5762786865234375e-07, -4.300818545743823e-08, 0.997203528881073, -0.019276561215519905, -0.0722058117389679, -0.014779498800635338, 0.8962137699127197, -0.4433758854866028, 0.07325843721628189, 0.4432033896446228, 0.8934227824211121),
            ["LeftLowerArm"] = CFrame.new(-2.980232238769531e-07, 3.5762786865234375e-07, -1.043081283569336e-07, 1, -7.275957614183426e-09, -2.7939681679356454e-09, 3.725290742551124e-09, 0.9914400577545166, -0.13056327402591705, -4.0978196835794733e-08, 0.13056325912475586, 0.9914399981498718),
            ["RightUpperArm"] = CFrame.new(2.384185791015625e-07, -3.5762786865234375e-07, 6.705522537231445e-08, -0.06252533942461014, -0.8151764273643494, 0.5758281946182251, 0.5620585680007935, -0.505527138710022, -0.654623806476593, 0.8247306942939758, 0.28271859884262085, 0.4897853136062622),
            ["Head"] = CFrame.new(5.029141902923584e-08, -2.384185791015625e-07, -9.452924132347107e-08, 0.8628406524658203, 0.30600327253341675, -0.4023283123970032, -0.3206394910812378, 0.9466487169265747, 0.032353587448596954, 0.3907638490200043, 0.10108639299869537, 0.9149236679077148),
            ["RightHand"] = CFrame.new(3.818422555923462e-07, 3.5762786865234375e-07, -6.183981895446777e-07, 0.9850596189498901, 0.14454086124897003, 0.09362410008907318, -0.09524158388376236, 0.9101848602294922, -0.403103768825531, -0.14348024129867554, 0.388164222240448, 0.9103527069091797),
            ["UpperTorso"] = CFrame.new(9.313225746154785e-10, -2.384185791015625e-07, -4.98257577419281e-08, 0.9948015809059143, 0.009916404262185097, 0.1013484001159668, -0.01810850203037262, 0.9966115951538086, 0.08023369312286377, -0.10020933300256729, -0.08165187388658524, 0.9916103482246399),
            ["HumanoidRootPart"] = CFrame.new(0, 0, 0, 1, 0, 0, 0, 1, 0, 0, 0, 1),
            ["RightUpperLeg"] = CFrame.new(-5.960464477539063e-08, -3.0174851417541504e-07, -1.767839421518147e-07, 0.9838651418685913, -0.09779197722673416, -0.14982092380523682, 0.10856800526380539, 0.9919286370277405, 0.06550291925668716, 0.1422061026096344, -0.08071194589138031, 0.9865410327911377),
            ["LeftUpperArm"] = CFrame.new(0, 0, 5.587935447692871e-08, 0.9391443729400635, 0.18246152997016907, -0.29105982184410095, -0.0752040445804596, 0.9359291791915894, 0.344065397977829, 0.3351900577545166, -0.3012382388114929, 0.892694354057312),
            ["RightLowerArm"] = CFrame.new(1.7881393432617188e-07, -1.7881393432617188e-07, -6.705522537231445e-07, 1, -1.2945383787155151e-07, 1.8253918199206964e-07, 6.053597445543346e-08, -0.4033130407333374, -0.9150620102882385, 1.1548401346317405e-07, 0.9150620698928833, -0.40331313014030457),
            ["LeftHand"] = CFrame.new(-1.1175870895385742e-08, 2.980232238769531e-07, 1.043081283569336e-07, 0.9949193596839905, -0.08014712482690811, 0.06092551350593567, 0.07836989313364029, 0.9964415431022644, 0.031025025993585587, -0.06319525092840195, -0.026092659682035446, 0.9976600408554077),
            ["LeftFoot"] = CFrame.new(6.046320777386427e-09, 1.7881393432617188e-07, 2.1420419216156006e-08, 0.9896049499511719, -0.1250351369380951, -0.07105042040348053, 0.11544176191091537, 0.985287606716156, -0.12602181732654572, 0.08576245605945587, 0.11650989949703217, 0.9894798994064331),
            ["LowerTorso"] = CFrame.new(0.03553058207035065, -0.06442427635192871, -0.1891280859708786, 0.9945732355117798, 0.07310207933187485, -0.07402874529361725, -0.09044649451971054, 0.9591687321662903, -0.2679828405380249, 0.051415953785181046, 0.2732241749763489, 0.9605753421783447),
            ["RightLowerLeg"] = CFrame.new(-9.872019290924072e-08, -0.0001220703125, -0.00007734278187854216, 1, -1.6950069436916237e-07, 3.073364140959711e-08, 8.195639367158947e-08, 0.7646421194076538, 0.6444547176361084, -7.40401517873579e-08, -0.6444551348686218, 0.7646425366401672),
            ["LeftUpperLeg"] = CFrame.new(5.960464477539063e-08, -1.4156103134155273e-07, -4.0978193283081055e-08, 0.99813312292099, 0.039118535816669464, 0.04690530523657799, -0.04524939879775047, 0.9894382953643799, 0.13771145045757294, -0.04102291539311409, -0.13957713544368744, 0.9893611669540405),
            ["LeftLowerLeg"] = CFrame.new(3.768946044147015e-09, 0.00012284517288208008, 0.0000774487853050232, 1, 1.3456879166540148e-08, 1.1699741619963788e-08, -2.7466732888115075e-08, 0.9631621837615967, 0.2689213752746582, 2.5320325836020174e-09, -0.26892122626304626, 0.9631622433662415),
        }},
        {Time = 0.200, Data = {
            ["RightFoot"] = CFrame.new(-1.5832483768463135e-08, 2.384185791015625e-07, -4.300818545743823e-08, 0.9970237612724304, -0.02712167240679264, -0.0721677914261818, -0.008796177804470062, 0.889947235584259, -0.4559783637523651, 0.07659226655960083, 0.45525631308555603, 0.8870601654052734),
            ["LeftLowerArm"] = CFrame.new(-1.7881393432617188e-07, -4.76837158203125e-07, 1.341104507446289e-07, 1, 2.3253965864000747e-08, 3.725291186640334e-09, -3.725290298461914e-09, 0.9920170307159424, -0.12610483169555664, 0, 0.12610484659671783, 0.9920169711112976),
            ["RightUpperArm"] = CFrame.new(0, 1.1920928955078125e-07, 1.1175870895385742e-08, -0.029004495590925217, -0.8665714263916016, 0.4982096254825592, 0.5849871635437012, -0.4188663959503174, -0.6945075988769531, 0.8105236887931824, 0.27130234241485596, 0.5190823078155518),
            ["Head"] = CFrame.new(-5.681067705154419e-08, -4.76837158203125e-07, 6.798654794692993e-08, 0.8507768511772156, 0.2879529893398285, -0.43961551785469055, -0.28658685088157654, 0.9554066061973572, 0.0711774080991745, 0.44050732254981995, 0.06543188542127609, 0.8953614234924316),
            ["RightHand"] = CFrame.new(-2.6542693376541138e-08, 1.1920928955078125e-07, -1.9371509552001953e-07, 0.9700437188148499, 0.23121725022792816, 0.07452470064163208, -0.15972620248794556, 0.8381883502006531, -0.5214669704437256, -0.1830378919839859, 0.4939423203468323, 0.8500107526779175),
            ["UpperTorso"] = CFrame.new(1.3969838619232178e-08, 8.940696716308594e-08, 6.984919309616089e-08, 0.9959781169891357, 0.04023386910557747, 0.08005653321743011, -0.04661354795098305, 0.9957455396652222, 0.07948580384254456, -0.07651788741350174, -0.08289777487516403, 0.9936161637306213),
            ["HumanoidRootPart"] = CFrame.new(0, 0, 0, 1, 0, 0, 0, 1, 0, 0, 0, 1),
            ["RightUpperLeg"] = CFrame.new(1.1920928955078125e-07, 7.82310962677002e-08, -5.3849362302571535e-08, 0.9910682439804077, -0.09698807448148727, -0.09152685850858688, 0.10124902427196503, 0.9939267635345459, 0.04310883209109306, 0.08679001778364182, -0.051990922540426254, 0.9948690533638),
            ["LeftUpperArm"] = CFrame.new(-2.384185791015625e-07, -2.384185791015625e-07, 5.587935447692871e-08, 0.9626397490501404, 0.12959682941436768, -0.2377590537071228, -0.0409742072224617, 0.9376386404037476, 0.345188170671463, 0.26766738295555115, -0.32254987955093384, 0.907918393611908),
            ["RightLowerArm"] = CFrame.new(2.980232238769531e-07, 5.960464477539063e-08, -5.364418029785156e-07, 1, -7.334163854011422e-08, 1.4062969455608254e-07, 8.661302075552157e-08, -0.3822772800922394, -0.9240476489067078, 1.1711384217960585e-07, 0.9240477085113525, -0.38227736949920654),
            ["LeftHand"] = CFrame.new(-4.0978193283081055e-08, 1.7881393432617188e-07, 8.940696716308594e-08, 0.9953113794326782, -0.09082677215337753, 0.033252935856580734, 0.08934223651885986, 0.9950419068336487, 0.043699294328689575, -0.03705707937479019, -0.04052351042628288, 0.9984911680221558),
            ["LeftFoot"] = CFrame.new(-7.217749953269958e-08, 5.960464477539063e-08, -7.916241884231567e-09, 0.9894267320632935, -0.13421830534934998, -0.054957762360572815, 0.12592554092407227, 0.9830015897750854, -0.13360664248466492, 0.07195604592561722, 0.12527348101139069, 0.9895095229148865),
            ["LowerTorso"] = CFrame.new(0.042998433113098145, -0.06877255439758301, -0.192103311419487, 0.9888749718666077, 0.07001413404941559, -0.13124190270900726, -0.1036808118224144, 0.9570841193199158, -0.27062949538230896, 0.10666165500879288, 0.2812259793281555, 0.9536955952644348),
            ["RightLowerLeg"] = CFrame.new(0, -0.00012218952178955078, -0.00007745454058749601, 1, -1.2665984172599565e-07, -5.867333641162986e-08, 1.0244548320770264e-07, 0.7410224676132202, 0.6714802384376526, 2.421438694000244e-08, -0.6714802384376526, 0.7410225868225098),
            ["LeftUpperLeg"] = CFrame.new(-1.1920928955078125e-07, 4.4330954551696777e-07, -1.30385160446167e-07, 0.9960647225379944, 0.03602727875113487, 0.08097600936889648, -0.04880222678184509, 0.985617995262146, 0.16178877651691437, -0.0739825889468193, -0.16510401666164398, 0.9834975004196167),
            ["LeftLowerLeg"] = CFrame.new(9.313225746154785e-10, 0.00012248754501342773, 0.00007737055420875549, 1, 3.0267977013664904e-09, 2.6193450963774012e-08, -2.537854015827179e-08, 0.9622990489006042, 0.2719937264919281, 1.5832483768463135e-08, -0.27199357748031616, 0.9622990489006042),
        }},
        {Time = 0.233, Data = {
            ["RightFoot"] = CFrame.new(-2.7939677238464355e-08, 1.7881393432617188e-07, -4.300818545743823e-08, 0.9970877170562744, -0.032406285405159, -0.06903700530529022, -0.0034443980548530817, 0.8851720690727234, -0.46525081992149353, 0.07618656009435654, 0.4641339182853699, 0.8824827075004578),
            ["LeftLowerArm"] = CFrame.new(0, 1.7881393432617188e-07, -3.3527612686157227e-08, 1, -1.7462298274040222e-08, -2.3283067918100642e-08, -3.725290742551124e-09, 0.9920977354049683, -0.12546803057193756, -1.1175872671742582e-08, 0.12546804547309875, 0.9920977354049683),
            ["RightUpperArm"] = CFrame.new(0, 0, -7.450580596923828e-08, 0.007817556150257587, -0.925265371799469, 0.3792400658130646, 0.6034747958183289, -0.2980378568172455, -0.7395887970924377, 0.7973437905311584, 0.23464363813400269, 0.556044340133667),
            ["Head"] = CFrame.new(-4.6566128730773926e-08, -3.5762786865234375e-07, -8.195638656616211e-08, 0.8354224562644958, 0.2770649492740631, -0.4746624231338501, -0.25931423902511597, 0.9601708054542542, 0.10405860841274261, 0.48458802700042725, 0.03615380451083183, 0.8739951252937317),
            ["RightHand"] = CFrame.new(1.9470462575554848e-07, -4.172325134277344e-07, 1.6391277313232422e-07, 0.9628905653953552, 0.26820746064186096, 0.030108332633972168, -0.20147301256656647, 0.7885349988937378, -0.5810518860816956, -0.17958389222621918, 0.5534232258796692, 0.8133094906806946),
            ["UpperTorso"] = CFrame.new(3.4458935260772705e-08, -1.1920928955078125e-07, 4.842877388000488e-08, 0.9962626099586487, 0.06552828848361969, 0.05627480894327164, -0.06994873285293579, 0.994293212890625, 0.08055006712675095, -0.050675321370363235, -0.08418535441160202, 0.995160698890686),
            ["HumanoidRootPart"] = CFrame.new(0, 0, 0, 1, 0, 0, 0, 1, 0, 0, 0, 1),
            ["RightUpperLeg"] = CFrame.new(0, -3.501772880554199e-07, -9.145878721028566e-09, 0.9945223927497864, -0.09575437754392624, -0.041909512132406235, 0.09694153815507889, 0.9949164986610413, 0.027267439290881157, 0.03908539563417435, -0.031180916354060173, 0.998749315738678),
            ["LeftUpperArm"] = CFrame.new(0, -2.384185791015625e-07, -1.2665987014770508e-07, 0.9753247499465942, 0.08816134929656982, -0.20240899920463562, -0.014555009081959724, 0.9404911994934082, 0.3395062983036041, 0.22029519081115723, -0.3281828463077545, 0.918567419052124),
            ["RightLowerArm"] = CFrame.new(-1.7881393432617188e-07, 0, 1.1920928955078125e-07, 1, -5.177571438252926e-08, 9.700306691229343e-08, 8.262578177209434e-08, -0.32379937171936035, -0.9461257457733154, 8.680945740024981e-08, 0.9461257457733154, -0.3237994313240051),
            ["LeftHand"] = CFrame.new(-4.032626748085022e-07, 1.1920928955078125e-07, 9.685754776000977e-08, 0.9955069422721863, -0.09455583244562149, -0.005029697436839342, 0.09468914568424225, 0.9942501783370972, 0.05000678822398186, 0.0002723373763728887, -0.050258342176675797, 0.9987362027168274),
            ["LeftFoot"] = CFrame.new(4.842877388000488e-08, 1.1920928955078125e-07, -7.450580596923828e-09, 0.9886366724967957, -0.14489488303661346, -0.04003945365548134, 0.1382630616426468, 0.9809984564781189, -0.13610845804214478, 0.05900004878640175, 0.1290256828069687, 0.9898844957351685),
            ["LowerTorso"] = CFrame.new(0.048708584159612656, -0.07125616073608398, -0.19613845646381378, 0.9809881448745728, 0.06680923700332642, -0.18220582604408264, -0.11559809744358063, 0.9553015828132629, -0.2720954716205597, 0.1558830291032791, 0.28798505663871765, 0.9448624849319458),
            ["RightLowerLeg"] = CFrame.new(-7.078051567077637e-08, -0.00012230873107910156, -0.00007749924407107756, 1, -2.2351738948600541e-07, 1.862645326866641e-08, 7.078051567077637e-08, 0.7248297333717346, 0.6889277696609497, 6.798654794692993e-08, -0.6889281272888184, 0.7248300313949585),
            ["LeftUpperLeg"] = CFrame.new(-1.1920928955078125e-07, -1.9744038581848145e-07, 7.450580596923828e-09, 0.9939445853233337, 0.03264673799276352, 0.10492067784070969, -0.051330920308828354, 0.9822065234184265, 0.18065296113491058, -0.0971560850739479, -0.18494462966918945, 0.9779346585273743),
            ["LeftLowerLeg"] = CFrame.new(8.754432201385498e-08, 0.00012254714965820312, 0.00007738173007965088, 1, -6.519259798665189e-09, 1.8626447051417472e-09, -2.7474019503870295e-08, 0.9600374102592468, 0.27987176179885864, 8.381904059717726e-09, -0.27987194061279297, 0.9600374698638916),
        }},
        {Time = 0.267, Data = {
            ["RightFoot"] = CFrame.new(-2.2351741790771484e-08, 2.384185791015625e-07, -4.300818545743823e-08, 0.9974342584609985, -0.03499462828040123, -0.062453050166368484, 0.0012409751070663333, 0.8807024359703064, -0.47366800904273987, 0.07157843559980392, 0.4723755717277527, 0.8784863948822021),
            ["LeftLowerArm"] = CFrame.new(-3.2782554626464844e-07, -2.384185791015625e-07, -1.7508864402770996e-07, 1, -1.4901161193847656e-08, -8.381903171539307e-09, 4.284083487959833e-08, 0.9912784099578857, -0.13178493082523346, -2.2351738238057806e-08, 0.13178491592407227, 0.9912784099578857),
            ["RightUpperArm"] = CFrame.new(-1.1920928955078125e-07, 2.384185791015625e-07, 2.9802322387695312e-08, 0.08289653807878494, -0.9768496751785278, 0.1972133219242096, 0.6263430118560791, -0.10285257548093796, -0.7727326154708862, 0.7751274704933167, 0.18758001923561096, 0.6033168435096741),
            ["Head"] = CFrame.new(-1.30385160446167e-07, 4.76837158203125e-07, 7.450580596923828e-09, 0.8230835199356079, 0.2790704071521759, -0.4946245551109314, -0.24475577473640442, 0.9602145552635193, 0.13447177410125732, 0.5124726891517639, 0.010380633175373077, 0.858640730381012),
            ["RightHand"] = CFrame.new(1.1920928955078125e-07, 4.76837158203125e-07, 2.8312206268310547e-07, 0.9831048250198364, 0.1704763025045395, -0.06665409356355667, -0.17716193199157715, 0.7946210503578186, -0.5806816816329956, -0.04602774232625961, 0.5826795101165771, 0.8113976716995239),
            ["UpperTorso"] = CFrame.new(3.725290298461914e-08, -1.7881393432617188e-07, 0, 0.9962948560714722, 0.0799906849861145, 0.03159267082810402, -0.08239982277154922, 0.9930334687232971, 0.08423179388046265, -0.02463482692837715, -0.08652295917272568, 0.9959452748298645),
            ["HumanoidRootPart"] = CFrame.new(0, 0, 0, 1, 0, 0, 0, 1, 0, 0, 0, 1),
            ["RightUpperLeg"] = CFrame.new(0, -7.450580596923828e-09, -6.129994289949536e-08, 0.9950780272483826, -0.09891067445278168, -0.006040707230567932, 0.09899699687957764, 0.994955837726593, 0.016202203929424286, 0.004407491069287062, -0.016720551997423172, 0.9998505115509033),
            ["LeftUpperArm"] = CFrame.new(0, 0, 2.9802322387695312e-08, 0.9782149791717529, 0.06674609333276749, -0.1965716928243637, -0.0029234588146209717, 0.9512374997138977, 0.3084455728530884, 0.20757389068603516, -0.3011513948440552, 0.9307098984718323),
            ["RightLowerArm"] = CFrame.new(-5.364418029785156e-07, -3.5762786865234375e-07, -5.140900611877441e-07, 1, -9.778890586176203e-08, 1.1175872316471214e-07, 8.47503613954359e-08, -0.18785814940929413, -0.9821962714195251, 8.638017590101299e-08, 0.9821962714195251, -0.18785813450813293),
            ["LeftHand"] = CFrame.new(-1.5459954738616943e-07, 0, 2.9802322387695312e-08, 0.9939839243888855, -0.09091845154762268, -0.06107332557439804, 0.09421432763338089, 0.9941164255142212, 0.05344343185424805, 0.05585493892431259, -0.05887587368488312, 0.9967014789581299),
            ["LeftFoot"] = CFrame.new(4.470348358154297e-08, 1.7881393432617188e-07, 1.1175870895385742e-08, 0.9875511527061462, -0.1554003208875656, -0.02436579205095768, 0.15108464658260345, 0.9801971912384033, -0.12801185250282288, 0.04377630352973938, 0.12273716181516647, 0.991473376750946),
            ["LowerTorso"] = CFrame.new(0.052754681557416916, -0.07177329063415527, -0.20186567306518555, 0.9726260304450989, 0.0672161877155304, -0.22244243323802948, -0.12786906957626343, 0.9541051983833313, -0.27080029249191284, 0.19403132796287537, 0.2918309271335602, 0.9365823864936829),
