return {
    ["Sweet Victory"] = {
        {Time = 0.000, Data = {
            ["LeftFoot"] = CFrame.new(-2.9802322387695312e-08, -5.960464477539063e-08, 2.7939677238464355e-09, 0.9605634808540344, -0.2674068212509155, -0.07623273134231567, 0.27010756731033325, 0.9624389410018921, 0.027448251843452454, 0.06602945178747177, -0.046956997364759445, 0.9967122077941895),
            ["LeftLowerArm"] = CFrame.new(-0.0004995167255401611, -0.00009870529174804688, -1.1920928955078125e-07, 1, -2.887101402393455e-08, -2.4214401150857157e-08, -1.862644793959589e-08, 0.9916620254516602, -0.12886591255664825, -4.8428763221863846e-08, 0.12886589765548706, 0.9916620850563049),
            ["LowerTorso"] = CFrame.new(-0.06078179180622101, -0.16319704055786133, -0.023169372230768204, 0.9627732634544373, -0.05751403421163559, -0.2641209661960602, 0.04645271599292755, 0.9977694153785706, -0.04794134199619293, 0.2662891149520874, 0.03388749808073044, 0.9632973670959473),
            ["Head"] = CFrame.new(-7.776543498039246e-08, 3.5762786865234375e-07, -6.926711648702621e-08, 0.9326092004776001, -0.10217927396297455, 0.34612053632736206, 0.11794423311948776, 0.992712140083313, -0.0247349850833416, -0.34107062220573425, 0.0638909637928009, 0.9378640055656433),
            ["RightUpperArm"] = CFrame.new(-0.005994200706481934, -0.06261110305786133, 1.4901161193847656e-08, 0.9892708659172058, -0.1112794503569603, -0.09465863555669785, 0.11855015158653259, 0.9901116490364075, 0.07499857991933823, 0.08537646383047104, -0.08541571348905563, 0.9926807880401611),
            ["UpperTorso"] = CFrame.new(1.862645149230957e-09, 1.4901161193847656e-07, 0, 0.9951784610748291, 0.061248473823070526, -0.07660645246505737, -0.0443904735147953, 0.9777425527572632, 0.2050584852695465, 0.08746090531349182, -0.20066916942596436, 0.9757472276687622),
            ["HumanoidRootPart"] = CFrame.new(0, 0, 0, 1, 0, 0, 0, 1, 0, 0, 0, 1),
            ["RightHand"] = CFrame.new(1.4901161193847656e-07, -2.980232238769531e-07, 8.940696716308594e-08, 0.9769945740699768, -0.1929883062839508, -0.09075942635536194, 0.17275382578372955, 0.9657074809074402, -0.19381746649742126, 0.12505167722702026, 0.17367951571941376, 0.9768303632736206),
            ["LeftUpperArm"] = CFrame.new(0.005993962287902832, -0.06261134147644043, 1.1920928955078125e-07, 0.8933945894241333, 0.24603450298309326, -0.3759182095527649, -0.2188435196876526, 0.9690607786178589, 0.1141430139541626, 0.39236944913864136, -0.019707458093762398, 0.9195960760116577),
            ["RightLowerArm"] = CFrame.new(-8.046627044677734e-07, -8.940696716308594e-07, 1.7881393432617188e-07, 1, 7.450584149637507e-09, -2.0489101970611046e-08, 1.3038509827367761e-08, 0.9951452612876892, -0.09841796010732651, -1.4901154088420299e-08, 0.0984179899096489, 0.9951452016830444),
            ["LeftHand"] = CFrame.new(1.1920928955078125e-07, 0.00009912252426147461, -2.980232238769531e-07, 0.9763374328613281, 0.15869301557540894, 0.1469077169895172, -0.14519552886486053, 0.9844870567321777, -0.09850625693798065, -0.16026099026203156, 0.07484501600265503, 0.984233021736145),
            ["RightUpperLeg"] = CFrame.new(2.384185791015625e-07, 1.448206603527069e-07, 1.3205863069742918e-08, 0.9171519875526428, -0.28593748807907104, -0.2776186466217041, 0.2511110305786133, 0.9555345177650452, -0.15458646416664124, 0.3094761073589325, 0.07206598669290543, 0.9481724500656128),
            ["LeftUpperLeg"] = CFrame.new(5.960464477539063e-08, -1.4388933777809143e-07, 4.470348358154297e-08, 0.9350040555000305, 0.35384270548820496, -0.023722095414996147, -0.3237760066986084, 0.824434757232666, -0.4641943573951721, -0.14469437301158905, 0.44170433282852173, 0.8854157328605652),
            ["RightLowerLeg"] = CFrame.new(5.21540641784668e-08, -0.0000035762786865234375, -0.000013252887583803385, 1, -2.3655593395233154e-07, -5.2154071283894154e-08, 9.033830394855613e-08, 0.8449054956436157, 0.5349150896072388, -9.685756197086448e-08, -0.5349156260490417, 0.8449058532714844),
            ["RightFoot"] = CFrame.new(-2.2351741790771484e-08, 2.980232238769531e-07, 2.590968506410718e-08, 0.9617951512336731, 0.272697776556015, -0.024210771545767784, -0.26459047198295593, 0.903193473815918, -0.3379838764667511, -0.07030027359724045, 0.33147770166397095, 0.940840482711792),
            ["LeftLowerLeg"] = CFrame.new(3.3527612686157227e-08, 0.0000040531158447265625, 0.000013321638107299805, 1, 7.916242594774303e-08, 4.470348358154297e-08, -5.215404996761208e-08, 0.8799766302108765, 0.4750169515609741, 1.4901157641133977e-08, -0.475017249584198, 0.8799766898155212),
        }},
        {Time = 0.033, Data = {
            ["LeftFoot"] = CFrame.new(-3.725290298461914e-08, 0, 4.563480615615845e-08, 0.9604097008705139, -0.26789677143096924, -0.07645188271999359, 0.27049827575683594, 0.9623746871948242, 0.02579922415316105, 0.0666637122631073, -0.0454578660428524, 0.9967395067214966),
            ["LeftLowerArm"] = CFrame.new(-0.0004996955394744873, -0.00009948015213012695, -1.1920928955078125e-07, 1, -3.7252924300901213e-08, 5.587936779960501e-09, 1.1175863789958385e-08, 0.991756796836853, -0.12813518941402435, 3.725288166833707e-08, 0.12813521921634674, 0.9917567372322083),
            ["LowerTorso"] = CFrame.new(-0.06019404157996178, -0.16388463973999023, -0.022905701771378517, 0.9627238512039185, -0.058534834533929825, -0.264076828956604, 0.04745124280452728, 0.9977117776870728, -0.04816197603940964, 0.26629170775413513, 0.03383590281009674, 0.963298499584198),
            ["Head"] = CFrame.new(1.909211277961731e-08, -4.76837158203125e-07, 7.345806807279587e-08, 0.9322683811187744, -0.1024821549654007, 0.3469484746456146, 0.11818999797105789, 0.992692232131958, -0.02435966581106186, -0.3419165313243866, 0.06371558457612991, 0.9375678896903992),
            ["RightUpperArm"] = CFrame.new(-0.005994141101837158, -0.06261098384857178, 0, 0.9893230199813843, -0.11113009601831436, -0.09428785741329193, 0.11829856038093567, 0.9902033805847168, 0.07417973130941391, 0.08512019366025925, -0.08454181253910065, 0.9927775263786316),
            ["UpperTorso"] = CFrame.new(3.282912075519562e-08, -2.9802322387695312e-08, 7.450580596923828e-09, 0.9950813055038452, 0.06224096193909645, -0.07706757634878159, -0.04524513706564903, 0.97763991355896, 0.20536087453365326, 0.0881262719631195, -0.20086383819580078, 0.9756472110748291),
            ["HumanoidRootPart"] = CFrame.new(0, 0, 0, 1, 0, 0, 0, 1, 0, 0, 0, 1),
            ["RightHand"] = CFrame.new(8.940696716308594e-08, -3.5762786865234375e-07, -1.1920928955078125e-07, 0.9770124554634094, -0.1929086595773697, -0.0907355472445488, 0.17268209159374237, 0.9657248258590698, -0.19379529356956482, 0.12501032650470734, 0.17367200553417206, 0.9768370389938354),
            ["LeftUpperArm"] = CFrame.new(0.005994260311126709, -0.06261122226715088, 1.4901161193847656e-07, 0.8924471735954285, 0.2471444308757782, -0.3774374723434448, -0.2190350741147995, 0.9687461256980896, 0.1164235919713974, 0.39441317319869995, -0.021229857578873634, 0.9186874032020569),
            ["RightLowerArm"] = CFrame.new(-9.5367431640625e-07, -3.5762786865234375e-07, -2.086162567138672e-07, 1, 7.450585925994346e-09, -5.58793944449576e-09, 3.7252894102834944e-09, 0.9951391816139221, -0.09847882390022278, 1.8626447051417472e-09, 0.09847886115312576, 0.9951391220092773),
            ["LeftHand"] = CFrame.new(4.172325134277344e-07, 0.00009918212890625, -3.2782554626464844e-07, 0.9753069281578064, 0.16372139751911163, 0.1482287347316742, -0.14967580139636993, 0.983513593673706, -0.10148057341575623, -0.16239936649799347, 0.07678847759962082, 0.9837327599525452),
            ["RightUpperLeg"] = CFrame.new(5.960464477539063e-08, -5.471520125865936e-08, 4.300818545743823e-08, 0.917461097240448, -0.28488412499427795, -0.27768003940582275, 0.2499541938304901, 0.9558107852935791, -0.15475377440452576, 0.30949652194976807, 0.07257310301065445, 0.9481271505355835),
            ["LeftUpperLeg"] = CFrame.new(1.1920928955078125e-07, -2.5937333703041077e-07, 1.4901161193847656e-08, 0.9344866275787354, 0.3551100194454193, -0.025136787444353104, -0.3252294063568115, 0.8228719234466553, -0.4659481942653656, -0.14477844536304474, 0.4435974657535553, 0.8844549059867859),
            ["RightLowerLeg"] = CFrame.new(-2.60770320892334e-08, -0.000003993511199951172, -0.000013237986422609538, 1, 1.4901162970204496e-08, 2.980232594040899e-08, -4.749743354182101e-08, 0.8441551327705383, 0.5360987782478333, 1.8998973416728404e-07, -0.5360990166664124, 0.8441553711891174),
            ["RightFoot"] = CFrame.new(0, 1.7881393432617188e-07, -2.996966941282153e-08, 0.9618823528289795, 0.2723900377750397, -0.024208245798945427, -0.26424840092658997, 0.9030320644378662, -0.3386824429035187, -0.07039324939250946, 0.3321698307991028, 0.9405893683433533),
            ["LeftLowerLeg"] = CFrame.new(4.842877388000488e-08, 0.000003933906555175781, 0.000013336539268493652, 1, 1.3597308168300515e-07, 1.0244545656235005e-08, -8.940698137394065e-08, 0.8780507445335388, 0.47856736183166504, 7.450581485102248e-09, -0.47856754064559937, 0.8780508041381836),
        }},
        {Time = 0.067, Data = {
            ["LeftFoot"] = CFrame.new(2.9802322387695312e-08, 1.1920928955078125e-07, 3.073364496231079e-08, 0.9599241614341736, -0.2694302201271057, -0.07715557515621185, 0.271788626909256, 0.9621121883392334, 0.021702302619814873, 0.06838514655828476, -0.041802700608968735, 0.9967828989028931),
            ["LeftLowerArm"] = CFrame.new(-0.0004993975162506104, -0.00009953975677490234, -2.980232238769531e-07, 1, 9.313233517715958e-10, -2.0489101970611046e-08, 7.450577044210149e-09, 0.99198317527771, -0.1263701617717743, 4.842875256372281e-08, 0.1263701319694519, 0.99198317527771),
            ["LowerTorso"] = CFrame.new(-0.058246057480573654, -0.1656104326248169, -0.02189144864678383, 0.962583065032959, -0.06179291754961014, -0.26384779810905457, 0.05059971660375595, 0.9975154399871826, -0.04901677742600441, 0.2662211060523987, 0.033832091838121414, 0.9633181691169739),
            ["Head"] = CFrame.new(-7.450580596923828e-09, 5.960464477539062e-07, 8.754432201385498e-08, 0.9312265515327454, -0.10450738668441772, 0.34913524985313416, 0.11941154301166534, 0.9926146864891052, -0.021377449855208397, -0.34432274103164673, 0.0615980327129364, 0.9368284344673157),
            ["RightUpperArm"] = CFrame.new(-0.005994200706481934, -0.06261157989501953, -1.4901161193847656e-08, 0.9893094301223755, -0.11176684498786926, -0.09367593377828598, 0.11882300674915314, 0.9901938438415527, 0.07346638292074203, 0.08454582095146179, -0.08381187170743942, 0.9928885698318481),
            ["UpperTorso"] = CFrame.new(-1.6298145055770874e-09, -5.662441253662109e-07, 1.6763806343078613e-08, 0.9947389364242554, 0.0663929283618927, -0.0780157595872879, -0.04913124069571495, 0.9774482846260071, 0.20538020133972168, 0.08989215642213821, -0.20046666264533997, 0.9755678176879883),
            ["HumanoidRootPart"] = CFrame.new(0, 0, 0, 1, 0, 0, 0, 1, 0, 0, 0, 1),
            ["RightHand"] = CFrame.new(2.9802322387695312e-08, -4.172325134277344e-07, 5.960464477539063e-08, 0.9771447777748108, -0.1923169493675232, -0.09056727588176727, 0.17215317487716675, 0.9658606648445129, -0.19358880817890167, 0.12470576167106628, 0.1735728234052658, 0.9768936038017273),
            ["LeftUpperArm"] = CFrame.new(0.005993962287902832, -0.06261146068572998, 1.1920928955078125e-07, 0.8909620046615601, 0.24860632419586182, -0.3799775540828705, -0.21821987628936768, 0.9682656526565552, 0.12182557582855225, 0.39820441603660583, -0.025623319670557976, 0.9169381856918335),
            ["RightLowerArm"] = CFrame.new(-9.5367431640625e-07, -0.0000010132789611816406, 8.940696716308594e-08, 1, -1.4901171851988693e-08, 2.6077040971017595e-08, -3.7252889661942845e-09, 0.9950606226921082, -0.09927008301019669, 2.2351734685344127e-08, 0.09927009046077728, 0.9950605630874634),
            ["LeftHand"] = CFrame.new(3.8743019104003906e-07, 0.00009942054748535156, -3.8743019104003906e-07, 0.9727948904037476, 0.17551395297050476, 0.1512121707201004, -0.1600659191608429, 0.9810711145401001, -0.10898822546005249, -0.16747893393039703, 0.08181924372911453, 0.982474684715271),
            ["RightUpperLeg"] = CFrame.new(0, -3.4854747354984283e-07, 2.8107024263590574e-08, 0.9184255599975586, -0.28121158480644226, -0.2782343327999115, 0.2461971491575241, 0.9568415284156799, -0.15440651774406433, 0.3096473813056946, 0.07331040501594543, 0.9480213522911072),
            ["LeftUpperLeg"] = CFrame.new(8.940696716308594e-08, -6.468035280704498e-07, 9.685754776000977e-08, 0.9328539967536926, 0.35906311869621277, -0.029275858774781227, -0.32981860637664795, 0.8185259103775024, -0.4703561067581177, -0.1449243426322937, 0.4484294354915619, 0.8819910287857056),
            ["RightLowerLeg"] = CFrame.new(-7.450580596923828e-08, -0.000003337860107421875, -0.000013386998034548014, 1, -2.2910535335540771e-07, -1.0430814256778831e-07, 1.098960922263359e-07, 0.8426109552383423, 0.5385226011276245, 5.960465898624534e-08, -0.5385228991508484, 0.8426110744476318),
            ["RightFoot"] = CFrame.new(-5.960464477539063e-08, 1.7881393432617188e-07, 7.283233571797609e-09, 0.9622032642364502, 0.271257609128952, -0.02416997030377388, -0.2630624771118164, 0.9028234481811523, -0.34015846252441406, -0.07044973969459534, 0.33366021513938904, 0.9400575160980225),
            ["LeftLowerLeg"] = CFrame.new(1.0058283805847168e-07, 0.000004112720489501953, 0.000013455748558044434, 1, 6.705524668859653e-08, -1.4249241075958707e-07, -7.078051567077637e-08, 0.8729910850524902, 0.4877360463142395, -8.195638656616211e-08, -0.48773619532585144, 0.872991144657135),
        }},
        {Time = 0.100, Data = {
            ["LeftFoot"] = CFrame.new(9.685754776000977e-08, -1.7881393432617188e-07, -2.421438694000244e-08, 0.9590699076652527, -0.27209725975990295, -0.078409343957901, 0.2741759717464447, 0.961531400680542, 0.016884639859199524, 0.07079870998859406, -0.037691690027713776, 0.9967783093452454),
            ["LeftLowerArm"] = CFrame.new(-0.0004996657371520996, -0.00009930133819580078, -1.7881393432617188e-07, 1, -9.313231075225303e-09, -1.8626460374093767e-09, 3.725287633926655e-09, 0.9922522902488708, -0.12423932552337646, 3.725287456290971e-08, 0.12423928081989288, 0.9922523498535156),
            ["LowerTorso"] = CFrame.new(-0.05466070771217346, -0.16786837577819824, -0.019791699945926666, 0.9623472094535828, -0.06737928837537766, -0.2633398771286011, 0.0559699572622776, 0.9971495270729065, -0.050598837435245514, 0.2659985423088074, 0.03395452722907066, 0.9633753299713135),
            ["Head"] = CFrame.new(-2.0489096641540527e-08, -2.384185791015625e-07, -1.19674950838089e-07, 0.9295780658721924, -0.10999813675880432, 0.3518310487270355, 0.12252800911664963, 0.9923736453056335, -0.013472634367644787, -0.347665935754776, 0.05563301220536232, 0.9359666109085083),
            ["RightUpperArm"] = CFrame.new(-0.005994081497192383, -0.06261157989501953, 2.9802322387695312e-08, 0.9889538288116455, -0.11486794054508209, -0.09368003904819489, 0.12208772450685501, 0.9896542429924011, 0.07535997778177261, 0.08405402302742004, -0.08596468716859818, 0.9927461743354797),
            ["UpperTorso"] = CFrame.new(2.3050233721733093e-08, 2.384185791015625e-07, 2.3283064365386963e-08, 0.9940550923347473, 0.07501322776079178, -0.07891453802585602, -0.05762035772204399, 0.9774234294891357, 0.20328153669834137, 0.0923817977309227, -0.19752594828605652, 0.9759351015090942),
            ["HumanoidRootPart"] = CFrame.new(0, 0, 0, 1, 0, 0, 0, 1, 0, 0, 0, 1),
            ["RightHand"] = CFrame.new(-8.940696716308594e-08, -6.556510925292969e-07, 5.960464477539063e-08, 0.9775148630142212, -0.19067035615444183, -0.09005331993103027, 0.170658141374588, 0.9661924839019775, -0.19325637817382812, 0.12385709583759308, 0.17354267835617065, 0.9770067930221558),
            ["LeftUpperArm"] = CFrame.new(0.005994081497192383, -0.06261146068572998, 0, 0.891011655330658, 0.24744974076747894, -0.3806157112121582, -0.2143041044473648, 0.9683597087860107, 0.12787865102291107, 0.40021514892578125, -0.032373856753110886, 0.9158487319946289),
            ["RightLowerArm"] = CFrame.new(-8.344650268554688e-07, -0.0000013113021850585938, -5.960464477539063e-08, 1, -7.450584149637507e-09, 2.23517560016262e-08, 1.8626444830971423e-09, 0.9948581457138062, -0.1012781634926796, -3.7252889661942845e-09, 0.10127817094326019, 0.9948581457138062),
            ["LeftHand"] = CFrame.new(5.662441253662109e-07, 0.00009942054748535156, -4.470348358154297e-07, 0.9696641564369202, 0.189614936709404, 0.15426476299762726, -0.17229171097278595, 0.9778392314910889, -0.1189374104142189, -0.1733984500169754, 0.08875081688165665, 0.9808447957038879),
            ["RightUpperLeg"] = CFrame.new(1.1920928955078125e-07, 3.3224932849407196e-07, 6.535992724820971e-08, 0.9200502038002014, -0.27435070276260376, -0.27971285581588745, 0.23949842154979706, 0.9588192105293274, -0.15266413986682892, 0.3100775480270386, 0.07346756756305695, 0.9478683471679688),
            ["LeftUpperLeg"] = CFrame.new(0, -2.6542693376541138e-08, 2.2351741790771484e-08, 0.930008590221405, 0.3658005893230438, -0.03569481149315834, -0.33769747614860535, 0.812128484249115, -0.47582313418388367, -0.1450675129890442, 0.45457372069358826, 0.8788163661956787),
            ["RightLowerLeg"] = CFrame.new(-2.60770320892334e-08, -0.0000036954879760742188, -0.000013237986422609538, 1, -2.0023442459660146e-07, 1.4901164746561335e-08, 1.0244549741855735e-07, 0.8411722779273987, 0.5407671332359314, 2.980232594040899e-08, -0.5407673716545105, 0.8411723971366882),
            ["RightFoot"] = CFrame.new(4.470348358154297e-08, 4.172325134277344e-07, 6.688787834718823e-08, 0.9628404974937439, 0.26899728178977966, -0.02405010350048542, -0.26079341769218445, 0.9029317498207092, -0.34161511063575745, -0.07017813622951508, 0.33519354462623596, 0.9395322203636169),
            ["LeftLowerLeg"] = CFrame.new(3.725290298461914e-09, 0.000004172325134277344, 0.000013262033462524414, 1, 7.264316082000732e-08, 3.2596300769682784e-08, -8.940698137394065e-08, 0.866371750831604, 0.49939942359924316, -7.450581485102248e-09, -0.4993996024131775, 0.8663719296455383),
        }},
        {Time = 0.133, Data = {
            ["LeftFoot"] = CFrame.new(-4.470348358154297e-08, 0, 3.818422555923462e-08, 0.9578431248664856, -0.27586594223976135, -0.0802159234881401, 0.27780815958976746, 0.9605355262756348, 0.013932819478213787, 0.07320690900087357, -0.03562998026609421, 0.9966802000999451),
            ["LeftLowerArm"] = CFrame.new(-0.000498354434967041, -0.00009948015213012695, -6.556510925292969e-07, 1, -3.725291186640334e-09, -2.0489101970611046e-08, 3.725288166833707e-08, 0.9924717545509338, -0.12247397005558014, 4.842874545829545e-08, 0.12247394770383835, 0.9924717545509338),
            ["LowerTorso"] = CFrame.new(-0.049160879105329514, -0.1701512336730957, -0.01627151295542717, 0.9620825052261353, -0.07408571243286133, -0.2625044882297516, 0.0622418187558651, 0.9966442584991455, -0.05316227674484253, 0.26556214690208435, 0.03480773791670799, 0.9634652733802795),
            ["Head"] = CFrame.new(-1.1175870895385742e-08, -9.5367431640625e-07, 3.166496753692627e-08, 0.9274137020111084, -0.11958497017621994, 0.3544055223464966, 0.12739723920822144, 0.9918509721755981, 0.0012993779964745045, -0.35167282819747925, 0.04394523799419403, 0.935090959072113),
            ["RightUpperArm"] = CFrame.new(-0.005994081497192383, -0.06261146068572998, 1.1920928955078125e-07, 0.9881373643875122, -0.1208803802728653, -0.09472322463989258, 0.1288001984357834, 0.9882330298423767, 0.08249830454587936, 0.0836358293890953, -0.09372002631425858, 0.9920793771743774),
            ["UpperTorso"] = CFrame.new(-1.6880221664905548e-09, 1.7881393432617188e-07, 2.2118911147117615e-08, 0.9929671883583069, 0.08761284500360489, -0.07962616533041, -0.07046283036470413, 0.9778262972831726, 0.1972074806690216, 0.09513848274946213, -0.19020988047122955, 0.9771227240562439),
            ["HumanoidRootPart"] = CFrame.new(0, 0, 0, 1, 0, 0, 0, 1, 0, 0, 0, 1),
            ["RightHand"] = CFrame.new(-1.4901161193847656e-07, -5.364418029785156e-07, 5.960464477539063e-08, 0.9782235026359558, -0.18750114738941193, -0.0890066921710968, 0.16781209409236908, 0.966853678226471, -0.19244025647640228, 0.12213920056819916, 0.173313170671463, 0.977263867855072),
            ["LeftUpperArm"] = CFrame.new(0.005993902683258057, -0.06261181831359863, 1.1920928955078125e-07, 0.8948427438735962, 0.2419775128364563, -0.37510645389556885, -0.20669323205947876, 0.9694219827651978, 0.13228262960910797, 0.3956444263458252, -0.04084015265107155, 0.9174947142601013),
            ["RightLowerArm"] = CFrame.new(-9.5367431640625e-07, -9.5367431640625e-07, -1.1920928955078125e-07, 1, -1.4901171851988693e-08, 5.587939355677918e-08, -7.450578820566989e-09, 0.9944475889205933, -0.10523391515016556, -3.352760558072987e-08, 0.10523393750190735, 0.9944475889205933),
            ["LeftHand"] = CFrame.new(5.960464477539063e-08, 0.00009995698928833008, -2.682209014892578e-07, 0.9670507311820984, 0.20135807991027832, 0.15578189492225647, -0.1821650266647339, 0.9747554659843445, -0.12910425662994385, -0.17784538865089417, 0.09647239744663239, 0.9793182611465454),
            ["RightUpperLeg"] = CFrame.new(2.384185791015625e-07, 7.9302117228508e-07, 2.8107024263590574e-08, 0.9219877123832703, -0.2655588984489441, -0.28181082010269165, 0.2309338003396988, 0.9612880945205688, -0.1503155380487442, 0.31081897020339966, 0.07350937277078629, 0.9476222395896912),
            ["LeftUpperLeg"] = CFrame.new(-1.1920928955078125e-07, 3.632158041000366e-08, 2.9802322387695312e-08, 0.9263420701026917, 0.37424927949905396, -0.04275347292423248, -0.3476214110851288, 0.8056327700614929, -0.47970306873321533, -0.14508500695228577, 0.4592312276363373, 0.8763887882232666),
            ["RightLowerLeg"] = CFrame.new(-2.9802322387695312e-08, -0.0000035762786865234375, -0.000013342294550966471, 1, -2.8125953122071223e-07, -1.415610881849716e-07, 2.4028122425079346e-07, 0.8391704559326172, 0.5438685417175293, -3.725290298461914e-09, -0.5438685417175293, 0.8391704559326172),
            ["RightFoot"] = CFrame.new(-3.725290298461914e-08, 2.384185791015625e-07, -2.0656443666666746e-08, 0.9638456106185913, 0.26539430022239685, -0.023821307346224785, -0.257193386554718, 0.9032232165336609, -0.34356850385665894, -0.06966523081064224, 0.3372739255428314, 0.9388255476951599),
            ["LeftLowerLeg"] = CFrame.new(-1.825392246246338e-07, 0.000004351139068603516, 0.000013336539268493652, 1, 1.2572860974557898e-08, -5.215407838932151e-08, -3.72529100900465e-08, 0.8609334826469421, 0.5087169408798218, -1.0430815677864302e-07, -0.5087175369262695, 0.8609338402748108),
        }},
        {Time = 0.167, Data = {
            ["LeftFoot"] = CFrame.new(1.043081283569336e-07, -5.960464477539063e-08, -6.984919309616089e-08, 0.9562685489654541, -0.28060728311538696, -0.08252310007810593, 0.28280535340309143, 0.9590432643890381, 0.016037529334425926, 0.07464346289634705, -0.03867372125387192, 0.9964601397514343),
            ["LeftLowerArm"] = CFrame.new(-0.000499725341796875, -0.00009799003601074219, 5.960464477539063e-08, 1, -2.51457130673316e-08, 5.4016709327697754e-08, 7.4505734914964705e-09, 0.9925617575645447, -0.1217426210641861, 1.8626433728741176e-08, 0.1217426285147667, 0.9925616979598999),
            ["LowerTorso"] = CFrame.new(-0.04146949201822281, -0.1719529628753662, -0.010995948687195778, 0.9619229435920715, -0.07977917790412903, -0.2614183723926544, 0.06719136983156204, 0.9961245656013489, -0.05675607547163963, 0.26493319869041443, 0.03702991455793381, 0.9635555744171143),
            ["Head"] = CFrame.new(-4.284083843231201e-08, -4.76837158203125e-07, 4.7497451305389404e-08, 0.92501300573349, -0.13308247923851013, 0.3558652997016907, 0.13315792381763458, 0.9907943606376648, 0.02440406195819378, -0.3558369576931, 0.02481219731271267, 0.9342185854911804),
            ["RightUpperArm"] = CFrame.new(-0.005994260311126709, -0.06261146068572998, 0, 0.9867414832115173, -0.12967127561569214, -0.09760560840368271, 0.1391165554523468, 0.9855002164840698, 0.09713850915431976, 0.0835939273238182, -0.10942913591861725, 0.9904732704162598),
            ["UpperTorso"] = CFrame.new(2.7939677238464355e-09, 8.940696716308594e-08, 1.816079020500183e-08, 0.9915950298309326, 0.10156331956386566, -0.08015142381191254, -0.08530103415250778, 0.9789888262748718, 0.18521535396575928, 0.09727843105792999, -0.17682158946990967, 0.9794238805770874),
            ["HumanoidRootPart"] = CFrame.new(0, 0, 0, 1, 0, 0, 0, 1, 0, 0, 0, 1),
            ["RightHand"] = CFrame.new(2.682209014892578e-07, -5.960464477539063e-08, -1.043081283569336e-07, 0.9793593287467957, -0.1823154240846634, -0.08727235347032547, 0.16315634548664093, 0.9679165482521057, -0.19109594821929932, 0.1193121001124382, 0.1729125827550888, 0.977683961391449),
            ["LeftUpperArm"] = CFrame.new(0.005994141101837158, -0.06261146068572998, 0, 0.9028328657150269, 0.2320738583803177, -0.36198878288269043, -0.19541427493095398, 0.9713360071182251, 0.13534942269325256, 0.38302236795425415, -0.05146012827754021, 0.9223040342330933),
            ["RightLowerArm"] = CFrame.new(-8.940696716308594e-07, -9.5367431640625e-07, 5.960464477539063e-08, 1, 3.725292962997173e-09, -1.8626458597736928e-08, 5.587933671336032e-09, 0.9937437176704407, -0.1116853654384613, -5.587933671336032e-09, 0.11168535053730011, 0.9937437176704407),
            ["LeftHand"] = CFrame.new(-1.1920928955078125e-07, 0.00009894371032714844, -2.384185791015625e-07, 0.9662643671035767, 0.2059820145368576, 0.15461160242557526, -0.18546892702579498, 0.9730241894721985, -0.13720543682575226, -0.17870284616947174, 0.10390102863311768, 0.978401780128479),
            ["RightUpperLeg"] = CFrame.new(0, 4.7264620661735535e-07, -9.145878721028566e-09, 0.9237399697303772, -0.25716906785964966, -0.2838464677333832, 0.2223927229642868, 0.963476836681366, -0.14917728304862976, 0.31184303760528564, 0.07467544823884964, 0.947194516658783),
            ["LeftUpperLeg"] = CFrame.new(1.1920928955078125e-07, 1.2200325727462769e-07, 3.725290298461914e-08, 0.922631025314331, 0.38271087408065796, -0.04779787361621857, -0.3573986887931824, 0.8017911314964294, -0.4789542257785797, -0.14497725665569305, 0.4589807689189911, 0.8765376210212708),
            ["RightLowerLeg"] = CFrame.new(7.82310962677002e-08, -0.0000036954879760742188, -0.000013372096873354167, 1, 9.452922711261635e-08, 2.980232594040899e-08, -2.4214381610931923e-08, 0.8353002071380615, 0.5497941970825195, 8.940694584680386e-08, -0.5497941374778748, 0.8353002071380615),
            ["RightFoot"] = CFrame.new(1.4901161193847656e-08, 4.172325134277344e-07, 2.4047039914876223e-08, 0.9652512669563293, 0.26026779413223267, -0.023461690172553062, -0.25201404094696045, 0.9033553600311279, -0.3470419943332672, -0.06912963837385178, 0.34089577198028564, 0.9375560879707336),
            ["LeftLowerLeg"] = CFrame.new(-3.725290298461914e-09, 0.000003635883331298828, 0.000013396143913269043, 1, 9.639190068355674e-08, -5.8673329306202504e-08, 1.4901161193847656e-08, 0.8603770136833191, 0.509657621383667, -9.685754776000977e-08, -0.50965815782547, 0.8603774309158325),
        }},
        {Time = 0.200, Data = {
            ["LeftFoot"] = CFrame.new(6.705522537231445e-08, 5.960464477539063e-08, 5.3085386753082275e-08, 0.9560165405273438, -0.2804478406906128, -0.0859159380197525, 0.28353580832481384, 0.9586122035980225, 0.025888679549098015, 0.07509969919919968, -0.04911021888256073, 0.9959660172462463),
            ["LeftLowerArm"] = CFrame.new(-0.0004993975162506104, -0.00009804964065551758, -2.384185791015625e-07, 1, 1.3038526702757736e-08, -2.2351747119842003e-08, 7.45057526785331e-09, 0.9912621378898621, -0.13190750777721405, -3.725287633926655e-09, 0.13190752267837524, 0.9912620186805725),
            ["LowerTorso"] = CFrame.new(-0.03054085373878479, -0.1733264923095703, -0.004603872075676918, 0.962083637714386, -0.08390901237726212, -0.2595275342464447, 0.0699910819530487, 0.9955922365188599, -0.062428444623947144, 0.2636219263076782, 0.0418967604637146, 0.9637159109115601),
            ["Head"] = CFrame.new(-7.078051567077637e-08, 4.76837158203125e-07, -2.9802322387695312e-08, 0.9211637377738953, -0.15435916185379028, 0.35725468397140503, 0.1432294398546219, 0.9880130887031555, 0.05758104473352432, -0.36186036467552185, -0.0018721879459917545, 0.932230532169342),
            ["RightUpperArm"] = CFrame.new(-0.005994200706481934, -0.06261157989501953, 4.470348358154297e-08, 0.9843924045562744, -0.14322227239608765, -0.10227049887180328, 0.15503732860088348, 0.9807332158088684, 0.11885195970535278, 0.08327753096818924, -0.13285265862941742, 0.98763108253479),
            ["UpperTorso"] = CFrame.new(-2.2118911147117615e-08, 2.086162567138672e-07, 2.60770320892334e-08, 0.9896162152290344, 0.11855341494083405, -0.08127131313085556, -0.10341063141822815, 0.9799524545669556, 0.1702922135591507, 0.09983077645301819, -0.16011962294578552, 0.9820364117622375),
            ["HumanoidRootPart"] = CFrame.new(0, 0, 0, 1, 0, 0, 0, 1, 0, 0, 0, 1),
            ["RightHand"] = CFrame.new(-5.960464477539063e-08, -4.76837158203125e-07, 5.960464477539063e-08, 0.9836288094520569, -0.17257051169872284, -0.051903173327445984, 0.15923011302947998, 0.9671661257743835, -0.19807961583137512, 0.08438168466091156, 0.18657231330871582, 0.978810727596283),
            ["LeftUpperArm"] = CFrame.new(0.005993962287902832, -0.06261169910430908, 2.9802322387695312e-08, 0.9152044057846069, 0.21604345738887787, -0.34018710255622864, -0.17881205677986145, 0.9742087721824646, 0.1376347839832306, 0.36114710569381714, -0.06513439118862152, 0.9302308559417725),
            ["RightLowerArm"] = CFrame.new(-0.0000010728836059570312, -4.76837158203125e-07, -1.7881393432617188e-07, 1, -7.450583261459087e-09, -3.166497464235363e-08, 7.450578820566989e-09, 0.9924660921096802, -0.12251988798379898, 0, 0.12251989543437958, 0.9924660921096802),
            ["LeftHand"] = CFrame.new(1.1920928955078125e-07, 0.00009912252426147461, -2.980232238769531e-07, 0.9676958322525024, 0.20708563923835754, 0.143807053565979, -0.1863972544670105, 0.9717151522636414, -0.14500261843204498, -0.16976745426654816, 0.11351314932107925, 0.9789248704910278),
            ["RightUpperLeg"] = CFrame.new(1.7881393432617188e-07, 4.759058356285095e-07, 8.77116690389812e-08, 0.9250711798667908, -0.24984629452228546, -0.28604233264923096, 0.21479898691177368, 0.9653047919273376, -0.14848674833774567, 0.31321683526039124, 0.0759192407131195, 0.9466422200202942),
            ["LeftUpperLeg"] = CFrame.new(-5.960464477539063e-08, 2.3189932107925415e-07, 7.450580596923828e-09, 0.9196351766586304, 0.39015981554985046, -0.045237794518470764, -0.3623964190483093, 0.7984505295753479, -0.48077595233917236, -0.15145939588546753, 0.45853275060653687, 0.8756757378578186),
            ["RightLowerLeg"] = CFrame.new(1.7508864402770996e-07, -0.000003993511199951172, -0.000013290140486788005, 1, -1.6007111014459952e-07, 2.2351741790771484e-08, 6.519255890680142e-08, 0.8285626769065857, 0.5598963499069214, 6.332991375757047e-08, -0.5598963499069214, 0.8285626769065857),
            ["RightFoot"] = CFrame.new(2.9802322387695312e-08, 2.980232238769531e-07, -3.183231456205249e-08, 0.9670820236206055, 0.2534066140651703, -0.023178687319159508, -0.2450241595506668, 0.9027508497238159, -0.35355934500694275, -0.06867002695798874, 0.3476003408432007, 0.9351248741149902),
            ["LeftLowerLeg"] = CFrame.new(3.3527612686157227e-08, 0.000003337860107421875, 0.000013455748558044434, 1, 1.797452995333515e-07, -1.1175873559921001e-08, -1.1548398504146462e-07, 0.8594496846199036, 0.5112201571464539, 5.215405707303944e-08, -0.5112203359603882, 0.8594498634338379),
        }},
        {Time = 0.233, Data = {
            ["LeftFoot"] = CFrame.new(-1.7136335372924805e-07, -1.7881393432617188e-07, 3.166496753692627e-08, 0.9577596783638, -0.2728806138038635, -0.09073570370674133, 0.2775343954563141, 0.9597461223602295, 0.04315163567662239, 0.07530791312456131, -0.06651139259338379, 0.9949396848678589),
            ["LeftLowerArm"] = CFrame.new(-0.0004991888999938965, -0.00009828805923461914, -5.960464477539063e-08, 1, -1.11758780008131e-08, -1.3038519597330378e-08, 2.235172580355993e-08, 0.9880448579788208, -0.15416663885116577, 0, 0.15416665375232697, 0.9880449175834656),
            ["LowerTorso"] = CFrame.new(-0.01646093837916851, -0.1745375394821167, 0.003468889743089676, 0.962744951248169, -0.08710005134344101, -0.2559996247291565, 0.07134869694709778, 0.9949778318405151, -0.07020332664251328, 0.2608286440372467, 0.04932266101241112, 0.9641243815422058),
            ["Head"] = CFrame.new(-8.754432201385498e-08, -3.5762786865234375e-07, -1.6763806343078613e-08, 0.9159755706787109, -0.1817895770072937, 0.3576890528202057, 0.1572825163602829, 0.9828056693077087, 0.09672324359416962, -0.36912208795547485, -0.032337918877601624, 0.9288182258605957),
            ["RightUpperArm"] = CFrame.new(-0.005994141101837158, -0.06261181831359863, 2.9802322387695312e-08, 0.9811071753501892, -0.1602906733751297, -0.10833229869604111, 0.17502382397651672, 0.9739797115325928, 0.14397938549518585, 0.08243470638990402, -0.1602199822664261, 0.9836331009864807),
            ["UpperTorso"] = CFrame.new(-7.916241884231567e-09, 3.5762786865234375e-07, 1.4901161193847656e-08, 0.9868918657302856, 0.13808035850524902, -0.08353698998689651, -0.12398301810026169, 0.9800630807876587, 0.15525659918785095, 0.10330943018198013, -0.14286428689956665, 0.9843357801437378),
            ["HumanoidRootPart"] = CFrame.new(0, 0, 0, 1, 0, 0, 0, 1, 0, 0, 0, 1),
            ["RightHand"] = CFrame.new(1.1920928955078125e-07, -4.76837158203125e-07, 5.960464477539063e-08, 0.9869112372398376, -0.1589447259902954, 0.02725466899573803, 0.16105975210666656, 0.9629658460617065, -0.21623273193836212, 0.008123742416501045, 0.21779216825962067, 0.9759613871574402),
            ["LeftUpperArm"] = CFrame.new(0.005993843078613281, -0.06261157989501953, 8.940696716308594e-08, 0.9305752515792847, 0.1951480507850647, -0.3097546100616455, -0.1579849272966385, 0.9773098230361938, 0.14108912646770477, 0.33025819063186646, -0.08235751837491989, 0.9402903914451599),
            ["RightLowerArm"] = CFrame.new(-0.0000011026859283447266, -6.556510925292969e-07, -5.960464477539063e-08, 1, -1.117587622445626e-08, 9.31322907682386e-10, 4.656612428988183e-09, 0.9899627566337585, -0.1413290798664093, 9.313224857976365e-09, 0.14132912456989288, 0.9899626970291138),
            ["LeftHand"] = CFrame.new(1.1920928955078125e-07, 0.00009900331497192383, -2.5331974029541016e-07, 0.9696740508079529, 0.20984134078025818, 0.12529492378234863, -0.18996086716651917, 0.9696639180183411, -0.15384018421173096, -0.15377601981163025, 0.1253737360239029, 0.9801196455955505),
            ["RightUpperLeg"] = CFrame.new(5.960464477539063e-08, 6.7148357629776e-07, 4.300818545743823e-08, 0.9258476495742798, -0.24290001392364502, -0.289492130279541, 0.20751507580280304, 0.9670157432556152, -0.14770938456058502, 0.315822035074234, 0.0766824260354042, 0.9457147121429443),
            ["LeftUpperLeg"] = CFrame.new(1.1920928955078125e-07, 4.223547875881195e-07, -3.725290298461914e-08, 0.9173251986503601, 0.3965798318386078, -0.03519832342863083, -0.36149320006370544, 0.7925832867622375, -0.49105435609817505, -0.1668446958065033, 0.4631805419921875, 0.8704175353050232),
            ["RightLowerLeg"] = CFrame.new(1.4156103134155273e-07, -0.0000036954879760742188, -0.000013334843970369548, 1, 1.8719583749771118e-07, 7.450579886381092e-08, -1.8626447229053156e-07, 0.819227933883667, 0.573468029499054, 7.078050145992165e-08, -0.5734681487083435, 0.819227933883667),
            ["RightFoot"] = CFrame.new(-2.2351741790771484e-08, 3.5762786865234375e-07, -2.2519088815897703e-08, 0.9693253040313721, 0.24471023678779602, -0.022918011993169785, -0.23615938425064087, 0.901484489440918, -0.3627047836780548, -0.0680975615978241, 0.35699141025543213, 0.931622326374054),
            ["LeftLowerLeg"] = CFrame.new(2.60770320892334e-08, 0.000003933906555175781, 0.000013321638107299805, 1, 1.8766145615245478e-07, 7.636844401304188e-08, -1.9744035739677201e-07, 0.8530192971229553, 0.521879255771637, 5.960463766996327e-08, -0.5218795537948608, 0.8530194163322449),
        }},
        {Time = 0.267, Data = {
            ["LeftFoot"] = CFrame.new(5.587935447692871e-09, 0, 7.450580596923828e-08, 0.9600296020507812, -0.2630351185798645, -0.09568729251623154, 0.2694344222545624, 0.9610611200332642, 0.061372920870780945, 0.07581808418035507, -0.08470115065574646, 0.9935176372528076),
            ["LeftLowerArm"] = CFrame.new(-0.000499337911605835, -0.00009912252426147461, -8.940696716308594e-08, 1, -5.587939355677918e-08, -3.1664978195067306e-08, 2.235172580355993e-08, 0.9843304753303528, -0.17633377015590668, -7.45057526785331e-09, 0.17633378505706787, 0.984330415725708),
            ["LowerTorso"] = CFrame.new(-0.0006501308525912464, -0.1754012107849121, 0.015361882746219635, 0.9641112089157104, -0.08882585912942886, -0.25019916892051697, 0.07129926979541779, 0.994378387928009, -0.07828200608491898, 0.25574609637260437, 0.05763354152441025, 0.9650245904922485),
            ["Head"] = CFrame.new(-6.624031811952591e-08, -3.5762786865234375e-07, -1.1641532182693481e-08, 0.9121652841567993, -0.20592038333415985, 0.3543321490287781, 0.16885226964950562, 0.9766411185264587, 0.13289539515972137, -0.37342116236686707, -0.06139279901981354, 0.9256283044815063),
            ["RightUpperArm"] = CFrame.new(-0.005994200706481934, -0.06261181831359863, 2.9802322387695312e-08, 0.9777792692184448, -0.1747823804616928, -0.11575432866811752, 0.19276581704616547, 0.9666249752044678, 0.16875268518924713, 0.0823957622051239, -0.18731634318828583, 0.9788379073143005),
            ["UpperTorso"] = CFrame.new(3.818422555923462e-08, -1.7881393432617188e-07, 4.284083843231201e-08, 0.9842995405197144, 0.1541857272386551, -0.08591371774673462, -0.14115971326828003, 0.9798564314842224, 0.1412631720304489, 0.10596390813589096, -0.12691771984100342, 0.9862370491027832),
            ["HumanoidRootPart"] = CFrame.new(0, 0, 0, 1, 0, 0, 0, 1, 0, 0, 0, 1),
            ["RightHand"] = CFrame.new(1.4901161193847656e-08, -2.384185791015625e-07, 4.470348358154297e-08, 0.982345700263977, -0.14619433879852295, 0.1167229562997818, 0.17027606070041656, 0.9571548700332642, -0.23422342538833618, -0.07747984677553177, 0.24996347725391388, 0.9651502966880798),
            ["LeftUpperArm"] = CFrame.new(0.005994141101837158, -0.06261122226715088, -2.9802322387695312e-08, 0.9459758996963501, 0.17172002792358398, -0.2750319242477417, -0.13548316061496735, 0.979982852935791, 0.1458691954612732, 0.29457414150238037, -0.10072654485702515, 0.9503051042556763),
            ["RightLowerArm"] = CFrame.new(-3.2782554626464844e-07, -0.0000011920928955078125, 5.960464477539063e-08, 1, -2.2351766659767236e-08, 3.259631009555619e-09, 1.5832480215749456e-08, 0.985213041305542, -0.17133398354053497, 7.450578820566989e-09, 0.17133402824401855, 0.985213041305542),
            ["LeftHand"] = CFrame.new(5.066394805908203e-07, 0.00009930133819580078, -3.3527612686157227e-07, 0.9708978533744812, 0.21226675808429718, 0.1109064593911171, -0.1932806670665741, 0.9679241180419922, -0.1605168730020523, -0.14142148196697235, 0.13440947234630585, 0.9807825088500977),
            ["RightUpperLeg"] = CFrame.new(1.1920928955078125e-07, 1.695007085800171e-07, 1.3205863069742918e-08, 0.9256447553634644, -0.2368392050266266, -0.2951084077358246, 0.20010675489902496, 0.9683080315589905, -0.14945535361766815, 0.3211527466773987, 0.0792892724275589, 0.9437023401260376),
