return {
    ["Sweet Dreams"] = {
        {Time = 0.000, Data = {
            ["RightFoot"] = CFrame.new(1.1920928955078125e-07, 4.172325134277344e-07, -5.790934665128589e-08, 0.9888218641281128, 0.13871726393699646, 0.0546715073287487, -0.1488903909921646, 0.9381644129753113, 0.31253665685653687, -0.007937610149383545, -0.31718307733535767, 0.9483311176300049),
            ["LeftLowerArm"] = CFrame.new(-1.4901161193847656e-07, 5.960464477539063e-08, 8.940696716308594e-08, 1, -2.169980604094235e-07, -9.778884368927265e-09, 3.725290298461914e-09, 0.9472295045852661, -0.32055607438087463, -6.332993507385254e-08, 0.32055631279945374, 0.9472295641899109),
            ["RightUpperArm"] = CFrame.new(-5.960464477539063e-08, -0.06523823738098145, 1.4901161193847656e-07, -0.01172068901360035, -0.803364098072052, 0.5953729152679443, 0.26681631803512573, -0.5763379335403442, -0.772426962852478, 0.9636761546134949, 0.14980226755142212, 0.22110560536384583),
            ["Head"] = CFrame.new(-4.470348358154297e-08, 0, -1.4901161193847656e-08, 0.6766108870506287, -0.06197051703929901, 0.7337285876274109, -0.058850713074207306, 0.9887135624885559, 0.1377759575843811, -0.733985185623169, -0.1364012211561203, 0.6653271317481995),
            ["LowerTorso"] = CFrame.new(-0.12806399166584015, -0.10423755645751953, 0.07716062664985657, 0.9746801853179932, -0.10027002543210983, -0.19986119866371155, 0.005207647103816271, 0.903755784034729, -0.42801693081855774, 0.2235429435968399, 0.41613876819610596, 0.8813949227333069),
            ["UpperTorso"] = CFrame.new(-4.470348358154297e-08, -1.4901161193847656e-07, -2.60770320892334e-08, 0.7097262144088745, -0.0016709610354155302, -0.7044759392738342, 0.34249112010002136, 0.8746840953826904, 0.34296923875808716, 0.6156204342842102, -0.48469072580337524, 0.6213580965995789),
            ["HumanoidRootPart"] = CFrame.new(0, 0, 0, 1, 0, 0, 0, 1, 0, 0, 0, 1),
            ["RightUpperLeg"] = CFrame.new(-0.000025540590286254883, -0.00012590736150741577, -0.004997605457901955, 0.9907410144805908, 0.008585888892412186, 0.13549451529979706, 0.10191154479980469, 0.6123549342155457, -0.7839869856834412, -0.08970149606466293, 0.7905363440513611, 0.6058099269866943),
            ["LeftUpperArm"] = CFrame.new(1.1920928955078125e-07, -0.06523799896240234, -2.9802322387695312e-08, 0.2128717601299286, 0.9116867184638977, -0.3514442443847656, -0.9100465178489685, 0.05406682565808296, -0.41096487641334534, -0.355669766664505, 0.40731313824653625, 0.8411865234375),
            ["RightLowerArm"] = CFrame.new(3.5762786865234375e-07, -4.76837158203125e-07, 2.3096799850463867e-07, 1, -2.495944215752388e-07, 1.1920928955078125e-07, -1.6391282997574308e-07, 0.8427932858467102, -0.5382373332977295, -6.705524668859653e-08, 0.5382373332977295, 0.842793345451355),
            ["LeftHand"] = CFrame.new(1.341104507446289e-07, -1.1920928955078125e-07, -5.960464477539063e-08, 0.624633252620697, 0.6817570924758911, -0.38084179162979126, -0.7008878588676453, 0.7044903635978699, 0.11157731711864471, 0.34436818957328796, 0.19723239541053772, 0.9178834557533264),
            ["LeftFoot"] = CFrame.new(8.86793714016676e-08, -5.960464477539063e-08, -6.51925802230835e-09, 0.9888150691986084, -0.05087278038263321, 0.14020250737667084, 0.06698907911777496, 0.9913641214370728, -0.11273723840713501, -0.1332562267780304, 0.12086829543113708, 0.9836837649345398),
            ["RightHand"] = CFrame.new(5.960464477539063e-08, -1.1920928955078125e-07, 1.1920928955078125e-07, 0.849570631980896, -0.35175976157188416, 0.39305832982063293, 0.4448455274105072, 0.8782346248626709, -0.17554663121700287, -0.28344693779945374, 0.3239893615245819, 0.9026009440422058),
            ["RightLowerLeg"] = CFrame.new(-7.450580596923828e-09, -5.960464477539063e-08, -1.2496457202360034e-07, 1, -2.0489082430685812e-08, 1.9930291728087468e-07, 4.7497434252363746e-07, 0.3940894901752472, 0.9190720915794373, 2.9802311729554276e-08, -0.919072151184082, 0.39408963918685913),
            ["LeftUpperLeg"] = CFrame.new(0.0000254213809967041, 0.0001252526417374611, 0.004997432231903076, 0.9690791368484497, 0.08121310919523239, 0.2330024242401123, -0.05336131155490875, 0.9909150004386902, -0.12345071882009506, -0.2409111112356186, 0.10720047354698181, 0.9646086692810059),
            ["LeftLowerLeg"] = CFrame.new(-5.029141902923584e-08, -1.1920928955078125e-07, -1.30385160446167e-07, 1, 7.543714986013583e-08, 5.5879347371501353e-08, -8.940695295223122e-08, 0.5018808841705322, 0.864936888217926, 5.5879347371501353e-08, -0.8649367690086365, 0.5018807053565979),
        }},
        {Time = 0.033, Data = {
            ["RightFoot"] = CFrame.new(1.4901161193847656e-08, 4.172325134277344e-07, 9.145878721028566e-09, 0.9886608719825745, 0.13348662853240967, 0.06878402829170227, -0.14907051622867584, 0.927662193775177, 0.34237533807754517, -0.018106598407030106, -0.34874674677848816, 0.9370421767234802),
            ["LeftLowerArm"] = CFrame.new(2.980232238769531e-07, 0, 0, 1, 4.8079510150955684e-08, 6.798654084150257e-08, 1.303851746570217e-07, 0.947853684425354, -0.3187057673931122, -9.499491682163352e-08, 0.31870582699775696, 0.947853684425354),
            ["RightUpperArm"] = CFrame.new(-1.1920928955078125e-07, -0.06523776054382324, -2.9802322387695312e-08, -0.03753768652677536, -0.8964608907699585, 0.44153013825416565, 0.1716083139181137, -0.44106072187423706, -0.8809178471565247, 0.9844498038291931, 0.04270298406481743, 0.17039664089679718),
            ["Head"] = CFrame.new(-7.450580596923828e-09, 1.1920928955078125e-07, 7.450580596923828e-09, 0.6386403441429138, -0.08134570717811584, 0.7651933431625366, -0.05809415131807327, 0.9864621162414551, 0.1533544510602951, -0.7673092484474182, -0.1423916220664978, 0.6252692341804504),
            ["LowerTorso"] = CFrame.new(-0.15358836948871613, -0.20037174224853516, 0.07629949599504471, 0.9754897356033325, -0.040865667164325714, -0.21621713042259216, -0.0663256049156189, 0.882298469543457, -0.4659939110279083, 0.20981113612651825, 0.4689130485057831, 0.8579626679420471),
            ["UpperTorso"] = CFrame.new(-7.450580596923828e-09, -8.940696716308594e-08, 1.30385160446167e-07, 0.6699456572532654, -0.0636884868144989, -0.7396734356880188, 0.4366437494754791, 0.8395768404006958, 0.3231917917728424, 0.600429117679596, -0.5394946336746216, 0.5902798175811768),
            ["HumanoidRootPart"] = CFrame.new(0, 0, 0, 1, 0, 0, 0, 1, 0, 0, 0, 1),
            ["RightUpperLeg"] = CFrame.new(-0.000025510787963867188, -0.00012567732483148575, -0.004997493699193001, 0.9818378686904907, -0.01283818669617176, 0.18928773701190948, 0.16140161454677582, 0.5809253454208374, -0.7977940440177917, -0.09971947968006134, 0.8138556480407715, 0.572446346282959),
            ["LeftUpperArm"] = CFrame.new(1.1920928955078125e-07, -0.06523799896240234, 5.960464477539063e-08, 0.21902619302272797, 0.9066205620765686, -0.3606474995613098, -0.9067335724830627, 0.0526135191321373, -0.4184093177318573, -0.36036354303359985, 0.41865402460098267, 0.8335868120193481),
            ["RightLowerArm"] = CFrame.new(2.384185791015625e-07, 0, 4.470348358154297e-08, 1, -3.4272659377165837e-07, 1.1175869474300271e-07, -3.5017740174225764e-07, 0.8459748029708862, -0.5332227349281311, -8.195641498787154e-08, 0.5332229137420654, 0.8459749221801758),
            ["LeftHand"] = CFrame.new(0, -1.7881393432617188e-07, -2.9802322387695312e-08, 0.6289352774620056, 0.679828941822052, -0.3771910071372986, -0.7000191807746887, 0.7062585353851318, 0.10569839179515839, 0.338250994682312, 0.19756360352039337, 0.9200841784477234),
            ["LeftFoot"] = CFrame.new(1.7080310499295592e-08, 0, 1.4901161193847656e-08, 0.9839973449707031, -0.008836821652948856, 0.17796361446380615, 0.0636759102344513, 0.9502567648887634, -0.304889440536499, -0.16641689836978912, 0.3113424479961395, 0.9356128573417664),
            ["RightHand"] = CFrame.new(0, 5.364418029785156e-07, 7.450580596923828e-08, 0.8118504285812378, -0.28671795129776, 0.5086175799369812, 0.4026931822299957, 0.905739426612854, -0.13219071924686432, -0.42277324199676514, 0.312136173248291, 0.850784182548523),
            ["RightLowerLeg"] = CFrame.new(-2.2351741790771484e-08, 5.960464477539063e-08, -2.438173396512866e-08, 1, 4.097817196679898e-08, 2.1606670941309858e-07, 4.824249799639801e-07, 0.3812854588031769, 0.924457311630249, -4.2840827774170975e-08, -0.9244574308395386, 0.3812856078147888),
            ["LeftUpperLeg"] = CFrame.new(0.000025600194931030273, 0.0001256503164768219, 0.004997417330741882, 0.965806245803833, -0.017768720164895058, 0.2586561441421509, 0.029207779094576836, 0.998754620552063, -0.040451135486364365, -0.25761476159095764, 0.04662266746163368, 0.9651221036911011),
            ["LeftLowerLeg"] = CFrame.new(-1.1478550732135773e-07, 0, 2.421438694000244e-08, 1, 6.728804891054097e-08, 4.7963112592697144e-08, -6.100162153188649e-08, 0.5075622200965881, 0.8616151213645935, 4.470347647611561e-08, -0.8616150617599487, 0.5075622200965881),
        }},
        {Time = 0.067, Data = {
            ["RightFoot"] = CFrame.new(7.450580596923828e-09, 2.384185791015625e-07, 1.4325632946565747e-07, 0.9891601800918579, 0.1189730167388916, 0.0860680565237999, -0.14285597205162048, 0.9153062701225281, 0.37657204270362854, -0.03397746384143829, -0.3847854733467102, 0.9223805665969849),
            ["LeftLowerArm"] = CFrame.new(-5.960464477539063e-08, 5.960464477539063e-08, -2.086162567138672e-07, 1, 2.346932035379723e-07, -4.097817907222634e-08, 2.812593891121651e-07, 0.9481121301651001, -0.3179357945919037, 5.4016702222270396e-08, 0.3179359436035156, 0.9481123089790344),
            ["RightUpperArm"] = CFrame.new(0, -0.06523799896240234, 2.9802322387695312e-08, -0.126907616853714, -0.9569565057754517, 0.261014848947525, 0.04316765069961548, -0.2682216167449951, -0.9623896479606628, 0.9909747838973999, -0.11086679995059967, 0.07534883171319962),
            ["Head"] = CFrame.new(-2.2351741790771484e-08, 0, 3.725290298461914e-08, 0.6244677305221558, -0.12858019769191742, 0.7703940272331238, -0.049973633140325546, 0.9777577519416809, 0.2036975920200348, -0.7794502377510071, -0.16570179164409637, 0.6041526794433594),
            ["LowerTorso"] = CFrame.new(-0.18071717023849487, -0.2592036724090576, 0.07811085134744644, 0.9742933511734009, -0.02658836357295513, -0.22370857000350952, -0.08398951590061188, 0.8785496354103088, -0.470209002494812, 0.20904111862182617, 0.47691071033477783, 0.8537318110466003),
            ["UpperTorso"] = CFrame.new(-3.725290298461914e-08, 2.384185791015625e-07, 5.587935447692871e-08, 0.6682661175727844, -0.06226613372564316, -0.7413118481636047, 0.44885534048080444, 0.8284165263175964, 0.3350447416305542, 0.5932531952857971, -0.5566408634185791, 0.5815511345863342),
            ["HumanoidRootPart"] = CFrame.new(0, 0, 0, 1, 0, 0, 0, 1, 0, 0, 0, 1),
            ["RightUpperLeg"] = CFrame.new(-0.000025540590286254883, -0.0001256261020898819, -0.004997448995709419, 0.9839399456977844, -0.015965720638632774, 0.17778487503528595, 0.15587826073169708, 0.562141478061676, -0.8122186064720154, -0.08697234094142914, 0.8268869519233704, 0.5556020736694336),
            ["LeftUpperArm"] = CFrame.new(0, -0.06523787975311279, 1.7881393432617188e-07, 0.2450525462627411, 0.8917505145072937, -0.38043415546417236, -0.9000615477561951, 0.06341291964054108, -0.43112418055534363, -0.36033111810684204, 0.44806239008903503, 0.8181698322296143),
            ["RightLowerArm"] = CFrame.new(-2.9802322387695312e-08, 2.980232238769531e-07, 9.546056389808655e-08, 1, -3.650783639841393e-07, 2.533197687171196e-07, -3.166495901041344e-07, 0.8534060716629028, -0.5212470889091492, 6.519256601222878e-08, 0.5212466716766357, 0.8534058928489685),
            ["LeftHand"] = CFrame.new(5.960464477539063e-08, 2.980232238769531e-07, -2.9802322387695312e-08, 0.6336392760276794, 0.6788822412490845, -0.3709719181060791, -0.6978933811187744, 0.7085263133049011, 0.10457217693328857, 0.3338354229927063, 0.19263790547847748, 0.9227375984191895),
            ["LeftFoot"] = CFrame.new(4.7963112592697144e-08, -1.1920928955078125e-07, 1.862645149230957e-08, 0.9799859523773193, 0.03758830949664116, 0.1954854428768158, 0.05286233872175217, 0.8976160287857056, -0.43759703636169434, -0.19191943109035492, 0.4391727149486542, 0.8776640892028809),
            ["RightHand"] = CFrame.new(0, -5.960464477539063e-08, 8.195638656616211e-08, 0.743259847164154, -0.1903819441795349, 0.6413419842720032, 0.31408023834228516, 0.9457393884658813, -0.08324923366308212, -0.5906932950019836, 0.2633090913295746, 0.7627254128456116),
            ["RightLowerLeg"] = CFrame.new(2.9802322387695312e-08, 0, -2.0656443666666746e-08, 1, -8.19563368281706e-08, 3.296880208836228e-07, 4.6379869900192716e-07, 0.4119378626346588, 0.9112120866775513, -1.3224781980625266e-07, -0.9112119078636169, 0.41193774342536926),
            ["LeftUpperLeg"] = CFrame.new(0.000025510787963867188, 0.00012597627937793732, 0.004997428506612778, 0.9629225730895996, -0.06773848086595535, 0.2611357569694519, 0.0725124254822731, 0.9973297715187073, -0.008679475635290146, -0.2598502039909363, 0.027293268591165543, 0.9652631282806396),
            ["LeftLowerLeg"] = CFrame.new(5.541369318962097e-08, 2.980232238769531e-07, 3.166496753692627e-08, 1, 7.21775137435543e-08, 4.0978193283081055e-08, -9.965152969471092e-08, 0.5158638954162598, 0.8566706776618958, 5.308539385850963e-08, -0.856670618057251, 0.5158637762069702),
        }},
        {Time = 0.100, Data = {
            ["RightFoot"] = CFrame.new(-1.043081283569336e-07, 2.384185791015625e-07, -4.300818545743823e-08, 0.9892598986625671, 0.09748660773038864, 0.10890930891036987, -0.13397793471813202, 0.9026496410369873, 0.4089908003807068, -0.058436647057533264, -0.41918984055519104, 0.9060162305831909),
            ["LeftLowerArm"] = CFrame.new(8.940696716308594e-08, -1.1920928955078125e-07, 1.4901161193847656e-08, 1, -2.3841855067985307e-07, 1.8067649421027454e-07, -1.7881390590446244e-07, 0.9481467008590698, -0.3178327977657318, 2.7939673685750677e-08, 0.3178331255912781, 0.9481467604637146),
            ["RightUpperArm"] = CFrame.new(0, -0.06523787975311279, 5.960464477539063e-08, -0.30830055475234985, -0.9503049850463867, 0.04325699806213379, 0.011474459432065487, -0.04918353632092476, -0.9987238645553589, 0.9512198567390442, -0.30741092562675476, 0.026067540049552917),
            ["Head"] = CFrame.new(-1.1175870895385742e-08, -2.384185791015625e-07, -4.0978193283081055e-08, 0.6312073469161987, -0.17617399990558624, 0.7553409337997437, -0.04146527126431465, 0.9648042321205139, 0.2596799433231354, -0.7745048999786377, -0.1952320635318756, 0.6016862988471985),
            ["LowerTorso"] = CFrame.new(-0.20449130237102509, -0.2817983627319336, 0.084257572889328, 0.9718875885009766, -0.054483842104673386, -0.2290547490119934, -0.05964440107345581, 0.8841495513916016, -0.46338123083114624, 0.22776542603969574, 0.464016318321228, 0.8560442924499512),
            ["UpperTorso"] = CFrame.new(2.60770320892334e-08, -2.384185791015625e-07, 2.60770320892334e-08, 0.6971753239631653, -0.012504308484494686, -0.7167917490005493, 0.40866169333457947, 0.8284240365028381, 0.3830263614654541, 0.5890180468559265, -0.5599619746208191, 0.5826667547225952),
            ["HumanoidRootPart"] = CFrame.new(0, 0, 0, 1, 0, 0, 0, 1, 0, 0, 0, 1),
            ["RightUpperLeg"] = CFrame.new(-0.000025540590286254883, -0.00012568291276693344, -0.0049975160509347916, 0.993281900882721, 0.0006271703168749809, 0.115718774497509, 0.09404761344194412, 0.5782743692398071, -0.8104034066200256, -0.06742511689662933, 0.8158422112464905, 0.5743305683135986),
            ["LeftUpperArm"] = CFrame.new(-1.1920928955078125e-07, -0.06523787975311279, -8.940696716308594e-08, 0.28226637840270996, 0.8738204836845398, -0.39593350887298584, -0.8900052309036255, 0.0844772532582283, -0.44805610179901123, -0.35807329416275024, 0.47885414958000183, 0.8015499114990234),
            ["RightLowerArm"] = CFrame.new(-5.960464477539063e-08, 2.980232238769531e-07, -2.7939677238464355e-09, 1, 4.470348358154297e-08, -1.3038514623531228e-07, 2.4866312742233276e-07, 0.8631857633590698, -0.5048863887786865, 2.60770320892334e-08, 0.5048865675926208, 0.8631858229637146),
            ["LeftHand"] = CFrame.new(-2.086162567138672e-07, 1.1920928955078125e-07, -1.7881393432617188e-07, 0.6377028226852417, 0.6790753602981567, -0.3635818660259247, -0.695526123046875, 0.7104781866073608, 0.10707111656665802, 0.33102643489837646, 0.18460069596767426, 0.9253886342048645),
            ["LeftFoot"] = CFrame.new(-2.0489096641540527e-08, 0, -3.725290298461914e-09, 0.9736586213111877, 0.06868962198495865, 0.21741895377635956, 0.0539574921131134, 0.8570480346679688, -0.5124037265777588, -0.22153489291667938, 0.5106374621391296, 0.8307656645774841),
            ["RightHand"] = CFrame.new(4.470348358154297e-08, 4.76837158203125e-07, 2.468004822731018e-07, 0.6729466319084167, -0.10520029813051224, 0.7321719527244568, 0.25166815519332886, 0.9633451104164124, -0.0928947776556015, -0.6955616474151611, 0.24677753448486328, 0.6747553944587708),
            ["RightLowerLeg"] = CFrame.new(1.1175870895385742e-07, 0, -2.2275344235822558e-07, 1, 3.3527591369875154e-08, 2.5145706672446977e-07, 4.763713263855607e-07, 0.47290754318237305, 0.8811120986938477, -2.793966658032332e-08, -0.8811121582984924, 0.47290751338005066),
            ["LeftUpperLeg"] = CFrame.new(0.000025600194931030273, 0.0001253066584467888, 0.00499754399061203, 0.9651486277580261, -0.06509274989366531, 0.2534785270690918, 0.07406777143478394, 0.9969137907028198, -0.02601798065006733, -0.2510024905204773, 0.04388599842786789, 0.966991126537323),
            ["LeftLowerLeg"] = CFrame.new(9.499490261077881e-08, 5.960464477539063e-08, 3.073364496231079e-08, 1, 6.705525379402388e-08, 4.4703490686970326e-08, -1.0430815677864302e-07, 0.49859580397605896, 0.8668347001075745, 5.774201383701438e-08, -0.8668346405029297, 0.4985956847667694),
        }},
        {Time = 0.133, Data = {
            ["RightFoot"] = CFrame.new(-5.960464477539063e-08, 2.980232238769531e-07, -5.75528247281909e-09, 0.9885260462760925, 0.07569140940904617, 0.1307172030210495, -0.1261419951915741, 0.8897173404693604, 0.4387386441230774, -0.08309324085712433, -0.4501931667327881, 0.8890565037727356),
            ["LeftLowerArm"] = CFrame.new(-8.940696716308594e-08, -2.980232238769531e-07, 1.4901161193847656e-07, 1, -4.097817907222634e-07, -1.1175868230850483e-08, -2.1327284116523515e-07, 0.94818115234375, -0.31773024797439575, -7.636844401304188e-08, 0.31773021817207336, 0.9481810927391052),
            ["RightUpperArm"] = CFrame.new(0, -0.06523799896240234, 5.960464477539063e-08, -0.30531784892082214, -0.8897572755813599, -0.33928292989730835, 0.4553488790988922, 0.17650467157363892, -0.8726418018341064, 0.8363243341445923, -0.42092546820640564, 0.35125967860221863),
            ["Head"] = CFrame.new(0, 2.384185791015625e-07, 6.705522537231445e-08, 0.6508834362030029, -0.19830217957496643, 0.732820987701416, -0.03218839317560196, 0.9572064280509949, 0.2876107096672058, -0.758495032787323, -0.21078923344612122, 0.6166468858718872),
            ["LowerTorso"] = CFrame.new(-0.21747224032878876, -0.2602694034576416, 0.09957986325025558, 0.9681870937347412, -0.09726796299219131, -0.23054878413677216, -0.01680087484419346, 0.894008219242096, -0.4477354884147644, 0.24966277182102203, 0.43736523389816284, 0.8639330267906189),
            ["UpperTorso"] = CFrame.new(3.3527612686157227e-08, 2.9802322387695312e-08, -1.862645149230957e-08, 0.7354944348335266, 0.05404658988118172, -0.6753717660903931, 0.33603963255882263, 0.8364693522453308, 0.4328930079936981, 0.5883241891860962, -0.5453421473503113, 0.5970566272735596),
            ["HumanoidRootPart"] = CFrame.new(0, 0, 0, 1, 0, 0, 0, 1, 0, 0, 0, 1),
            ["RightUpperLeg"] = CFrame.new(-0.000025510787963867188, -0.00012600235641002655, -0.004997542127966881, 0.9988482594490051, 0.028026917949318886, 0.03894701227545738, 0.013095594011247158, 0.6216316223144531, -0.783200204372406, -0.046161167323589325, 0.782808244228363, 0.620548665523529),
            ["LeftUpperArm"] = CFrame.new(1.1920928955078125e-07, -0.06523787975311279, 2.9802322387695312e-08, 0.3347168564796448, 0.8466401100158691, -0.4137208163738251, -0.8776986598968506, 0.12032436579465866, -0.46386125683784485, -0.3429429233074188, 0.5183846354484558, 0.7833694815635681),
            ["RightLowerArm"] = CFrame.new(-1.1920928955078125e-07, 1.1920928955078125e-07, 5.718320608139038e-07, 1, 1.9371512394172896e-07, -4.4703497792397684e-08, 2.6449555434737704e-07, 0.8839372396469116, -0.4676058292388916, 9.685752644372769e-08, 0.46760568022727966, 0.8839371204376221),
            ["LeftHand"] = CFrame.new(-2.384185791015625e-07, 1.1920928955078125e-07, -5.960464477539063e-08, 0.6406442523002625, 0.6806615591049194, -0.3553517460823059, -0.6944653987884521, 0.7110671401023865, 0.11000578105449677, 0.32755592465400696, 0.1763048768043518, 0.9282370209693909),
            ["LeftFoot"] = CFrame.new(-2.421438694000244e-08, 1.1920928955078125e-07, 2.60770320892334e-08, 0.9663596153259277, 0.07757475972175598, 0.24521715939044952, 0.05954369157552719, 0.8600476980209351, -0.5067276954650879, -0.2502075433731079, 0.5042818188667297, 0.8264960050582886),
            ["RightHand"] = CFrame.new(1.4901161193847656e-07, -2.980232238769531e-07, 8.940696716308594e-08, 0.8531908988952637, -0.3608531653881073, 0.3766304552555084, 0.4315619468688965, 0.8939087390899658, -0.12116686999797821, -0.29294973611831665, 0.2659178674221039, 0.9184052348136902),
            ["RightLowerLeg"] = CFrame.new(-6.705522537231445e-08, -1.1920928955078125e-07, -2.0598963601514697e-07, 1, 6.239858407752763e-08, 2.3329616283263022e-07, 4.488973672778229e-07, 0.5561698079109192, 0.8310685753822327, -5.960463056453591e-08, -0.8310686945915222, 0.5561699271202087),
            ["LeftUpperLeg"] = CFrame.new(0.000025480985641479492, 0.00012537464499473572, 0.004997463896870613, 0.9721031785011292, -0.03722813352942467, 0.23158086836338043, 0.05197795107960701, 0.9969671964645386, -0.05791984498500824, -0.22872185707092285, 0.06834103167057037, 0.9710899591445923),
            ["LeftLowerLeg"] = CFrame.new(8.195638656616211e-08, 5.960464477539063e-08, -9.313225746154785e-10, 1, 9.313227167240257e-08, 5.215402865133001e-08, -5.960463766996327e-08, 0.5012950301170349, 0.8652766942977905, 3.864988329382868e-08, -0.8652764558792114, 0.501294732093811),
        }},
        {Time = 0.167, Data = {
            ["RightFoot"] = CFrame.new(2.60770320892334e-08, 5.364418029785156e-07, -6.535992724820971e-08, 0.9880226254463196, 0.07406946271657944, 0.13536955416202545, -0.1277829259634018, 0.8845112919807434, 0.44867730140686035, -0.08650326728820801, -0.46060121059417725, 0.8833820819854736),
            ["LeftLowerArm"] = CFrame.new(-8.344650268554688e-07, -2.384185791015625e-07, -2.9802322387695312e-08, 1, 2.2351736461700966e-08, 1.1175870895385742e-08, 8.009376273321323e-08, 0.9481284022331238, -0.31788739562034607, 7.823111758398227e-08, 0.3178875744342804, 0.9481284618377686),
            ["RightUpperArm"] = CFrame.new(-5.960464477539063e-08, -0.06523776054382324, 5.960464477539063e-08, -0.13902226090431213, -0.8572055101394653, -0.4958542287349701, 0.5095008611679077, 0.3674464523792267, -0.7780695557594299, 0.8491653203964233, -0.3608073592185974, 0.38566356897354126),
            ["Head"] = CFrame.new(5.122274160385132e-09, 2.384185791015625e-07, 7.450580596923828e-09, 0.67295902967453, -0.18737168610095978, 0.7155542373657227, -0.025007106363773346, 0.9610676765441895, 0.2751791775226593, -0.7392569184303284, -0.20307831466197968, 0.6420736312866211),
            ["LowerTorso"] = CFrame.new(-0.2170346975326538, -0.22381949424743652, 0.09762004017829895, 0.9662272334098816, -0.10129760950803757, -0.23694677650928497, -0.010539880022406578, 0.9031927585601807, -0.4291061758995056, 0.25747594237327576, 0.4171113669872284, 0.8716215491294861),
            ["UpperTorso"] = CFrame.new(-4.0978193283081055e-08, 2.9802322387695312e-08, 5.587935447692871e-08, 0.7618650794029236, 0.08081980794668198, -0.6426740884780884, 0.28421229124069214, 0.8498630523681641, 0.443797767162323, 0.5820525288581848, -0.5207696557044983, 0.6245107650756836),
            ["HumanoidRootPart"] = CFrame.new(0, 0, 0, 1, 0, 0, 0, 1, 0, 0, 0, 1),
            ["RightUpperLeg"] = CFrame.new(-0.000025480985641479492, -0.00012549757957458496, -0.004997553303837776, 0.9986534714698792, 0.04383934661746025, 0.027738023549318314, -0.0069335694424808025, 0.6426713466644287, -0.7661107778549194, -0.05141181871294975, 0.764886736869812, 0.6421096920967102),
            ["LeftUpperArm"] = CFrame.new(1.1920928955078125e-07, -0.06523740291595459, -2.9802322387695312e-08, 0.39993247389793396, 0.8117082118988037, -0.4256567060947418, -0.8584582209587097, 0.16904005408287048, -0.484226256608963, -0.32109737396240234, 0.5590665340423584, 0.7644221782684326),
            ["RightLowerArm"] = CFrame.new(-5.960464477539063e-08, -1.7881393432617188e-07, -2.9802322387695312e-08, 1, -4.656611096720553e-08, -8.195637946073475e-08, 4.4703494239684005e-08, 0.9127410054206848, -0.40853896737098694, 7.823111758398227e-08, 0.40853890776634216, 0.9127408862113953),
            ["LeftHand"] = CFrame.new(-5.960464477539063e-08, -2.384185791015625e-07, 8.940696716308594e-08, 0.6413958072662354, 0.6846578121185303, -0.3462010324001312, -0.6958314180374146, 0.7091982960700989, 0.11338667571544647, 0.32315635681152344, 0.16817155480384827, 0.9312832355499268),
            ["LeftFoot"] = CFrame.new(6.007030606269836e-08, 5.960464477539063e-08, -1.1175870895385742e-08, 0.961307168006897, 0.06878259032964706, 0.2667539119720459, 0.06447893381118774, 0.8852497339248657, -0.46062496304512024, -0.26782649755477905, 0.46000197529792786, 0.8465619087219238),
            ["RightHand"] = CFrame.new(1.4901161193847656e-07, -5.960464477539063e-08, 2.9802322387695312e-08, 0.8728700876235962, -0.34611594676971436, 0.3439498245716095, 0.3950577974319458, 0.9150071144104004, -0.08180124312639236, -0.2864038646221161, 0.20728181302547455, 0.9354181885719299),
            ["RightLowerLeg"] = CFrame.new(-5.494803190231323e-08, -1.7881393432617188e-07, -3.55576048605144e-08, 1, 4.796309127641507e-08, 2.0104916131913342e-07, 3.968597752646019e-07, 0.5796253085136414, 0.8148830533027649, -4.377215745421381e-08, -0.8148830533027649, 0.5796254277229309),
            ["LeftUpperLeg"] = CFrame.new(0.00002536177635192871, 0.0001256866380572319, 0.0049975719302892685, 0.9756177067756653, -0.04218754917383194, 0.2153845578432083, 0.05389542505145073, 0.9973545670509338, -0.048776689916849136, -0.21275663375854492, 0.05919642001390457, 0.9753103852272034),
            ["LeftLowerLeg"] = CFrame.new(-5.21540641784668e-08, -4.172325134277344e-07, 2.2351741790771484e-08, 1, 5.960463766996327e-08, 4.842878098543224e-08, -5.215405707303944e-08, 0.5510373115539551, 0.8344805240631104, 3.352760913344355e-08, -0.8344806432723999, 0.5510374903678894),
        }},
        {Time = 0.200, Data = {
            ["RightFoot"] = CFrame.new(-2.421438694000244e-08, 2.980232238769531e-07, -6.535992724820971e-08, 0.988815188407898, 0.07930959016084671, 0.12631115317344666, -0.12762971222400665, 0.8881495594978333, 0.44147610664367676, -0.07717017829418182, -0.4526593089103699, 0.8883379697799683),
            ["LeftLowerArm"] = CFrame.new(2.9802322387695312e-08, -1.1920928955078125e-07, 1.4901161193847656e-08, 1, -8.195634393359796e-08, -4.097817907222634e-08, -8.940695295223122e-08, 0.9480755925178528, -0.31804487109184265, -4.8428766774577525e-08, 0.3180449903011322, 0.9480756521224976),
            ["RightUpperArm"] = CFrame.new(-1.7881393432617188e-07, -0.065238356590271, -8.940696716308594e-08, 0.05755876004695892, -0.8195202946662903, -0.570152223110199, 0.5735143423080444, 0.49460360407829285, -0.653030276298523, 0.8171709775924683, -0.2894027531147003, 0.4984756112098694),
            ["Head"] = CFrame.new(-4.423782229423523e-09, -3.5762786865234375e-07, -2.9802322387695312e-08, 0.6986117959022522, -0.1637071669101715, 0.6965208649635315, -0.019058801233768463, 0.9688701629638672, 0.24683496356010437, -0.7152470946311951, -0.18571671843528748, 0.6737441420555115),
            ["LowerTorso"] = CFrame.new(-0.21090887486934662, -0.16584038734436035, 0.0970558300614357, 0.96498703956604, -0.09675168246030807, -0.24380144476890564, -0.009678755886852741, 0.9157164692878723, -0.4017085134983063, 0.26211902499198914, 0.39000311493873596, 0.8827180862426758),
            ["UpperTorso"] = CFrame.new(-1.1175870895385742e-08, 2.682209014892578e-07, -1.6391277313232422e-07, 0.7902060151100159, 0.09277020394802094, -0.6057790517807007, 0.23254236578941345, 0.8691610097885132, 0.4364442527294159, 0.5670083165168762, -0.48574984073638916, 0.6652430295944214),
            ["HumanoidRootPart"] = CFrame.new(0, 0, 0, 1, 0, 0, 0, 1, 0, 0, 0, 1),
            ["RightUpperLeg"] = CFrame.new(-0.000025540590286254883, -0.000125812366604805, -0.004997598007321358, 0.998145580291748, 0.055138807743787766, 0.025789622217416763, -0.01706029660999775, 0.6600834131240845, -0.7509989142417908, -0.05843253433704376, 0.7491658926010132, 0.6597996354103088),
            ["LeftUpperArm"] = CFrame.new(1.1920928955078125e-07, -0.06523787975311279, 1.1920928955078125e-07, 0.47204604744911194, 0.7735576629638672, -0.4228250980377197, -0.8263412714004517, 0.22115767002105713, -0.5179278254508972, -0.3071361482143402, 0.5938836932182312, 0.7436193823814392),
            ["RightLowerArm"] = CFrame.new(-8.940696716308594e-08, 5.960464477539063e-08, 1.341104507446289e-07, 1, -8.940696716308594e-08, -1.7881384906104358e-07, 8.195640788244418e-08, 0.9361804127693176, -0.3515196144580841, -1.4156105976326216e-07, 0.3515200912952423, 0.9361805319786072),
            ["LeftHand"] = CFrame.new(8.940696716308594e-08, 1.1920928955078125e-07, -1.1920928955078125e-07, 0.6401817798614502, 0.6904953122138977, -0.33672472834587097, -0.6990253925323486, 0.7053806185722351, 0.1174805760383606, 0.3186390697956085, 0.16017024219036102, 0.9342456459999084),
            ["LeftFoot"] = CFrame.new(-1.7229467630386353e-08, 5.960464477539063e-08, -3.725290298461914e-09, 0.9612247347831726, 0.0377516895532608, 0.2731699049472809, 0.06239922717213631, 0.9351175427436829, -0.3487999439239502, -0.26861390471458435, 0.3523208796977997, 0.8965026140213013),
            ["RightHand"] = CFrame.new(1.7881393432617188e-07, 0, -5.960464477539063e-08, 0.9101815819740295, -0.31748005747795105, 0.2660379409790039, 0.32999399304389954, 0.943979799747467, -0.0024796954821795225, -0.25034675002098083, 0.0900474414229393, 0.9639594554901123),
            ["RightLowerLeg"] = CFrame.new(-4.6798959374427795e-08, 5.960464477539063e-08, -1.0261283023282886e-07, 1, 1.752049740844086e-07, 2.0314460869030881e-07, 4.475005539461563e-07, 0.5795115828514099, 0.8149639368057251, -1.7846470257154579e-07, -0.8149639368057251, 0.5795117616653442),
            ["LeftUpperLeg"] = CFrame.new(0.000025540590286254883, 0.00012558232992887497, 0.004997435957193375, 0.9766536355018616, -0.038741789758205414, 0.2112979292869568, 0.049742285162210464, 0.9976557493209839, -0.04699701443314552, -0.2089817225933075, 0.056410424411296844, 0.9762912392616272),
            ["LeftLowerLeg"] = CFrame.new(1.4901161193847656e-07, 1.1920928955078125e-07, 7.450580596923828e-09, 1, 7.450579175838357e-08, 6.332994928470725e-08, -7.078050856534901e-08, 0.6076574921607971, 0.7941990494728088, 2.2351738238057806e-08, -0.7941993474960327, 0.6076576709747314),
        }},
        {Time = 0.233, Data = {
            ["RightFoot"] = CFrame.new(5.587935447692871e-09, 1.7881393432617188e-07, -5.75528247281909e-09, 0.9897611141204834, 0.0914170891046524, 0.1096167340874672, -0.12968598306179047, 0.8967494964599609, 0.42311006784439087, -0.05961976200342178, -0.43299350142478943, 0.8994233012199402),
            ["LeftLowerArm"] = CFrame.new(-2.682209014892578e-07, 0, -3.2782554626464844e-07, 1, 1.4901161193847656e-07, -1.9371505288745539e-07, 1.806765510536934e-07, 0.9479100108146667, -0.3185386061668396, -5.960463766996327e-08, 0.31853848695755005, 0.9479098320007324),
            ["RightUpperArm"] = CFrame.new(1.1920928955078125e-07, -0.06523752212524414, 8.940696716308594e-08, 0.24898050725460052, -0.7794793844223022, -0.5748223662376404, 0.5957497954368591, 0.5912063717842102, -0.5436515808105469, 0.763603925704956, -0.2070915400981903, 0.6115735173225403),
            ["Head"] = CFrame.new(-1.1175870895385742e-08, 1.1920928955078125e-07, -2.421438694000244e-08, 0.7285852432250977, -0.1417495608329773, 0.6701273322105408, -0.011096778325736523, 0.9757810235023499, 0.21846824884414673, -0.6848652362823486, -0.166608989238739, 0.7093666791915894),
            ["LowerTorso"] = CFrame.new(-0.20040741562843323, -0.07759284973144531, 0.09640254080295563, 0.9634528160095215, -0.0913853868842125, -0.2518084645271301, -0.008326168172061443, 0.9293404221534729, -0.3691302239894867, 0.2677488327026367, 0.35773614048957825, 0.8946146368980408),
            ["UpperTorso"] = CFrame.new(2.2351741790771484e-08, 2.384185791015625e-07, 7.078051567077637e-08, 0.8212472796440125, 0.10027744621038437, -0.5616915822029114, 0.1783292144536972, 0.8900074362754822, 0.41962558031082153, 0.5419886112213135, -0.4447822570800781, 0.7130336165428162),
            ["HumanoidRootPart"] = CFrame.new(0, 0, 0, 1, 0, 0, 0, 1, 0, 0, 0, 1),
            ["RightUpperLeg"] = CFrame.new(-0.000025451183319091797, -0.0001255236566066742, -0.004997448995709419, 0.9973580837249756, 0.06697393208742142, 0.028131451457738876, -0.02510008029639721, 0.6811314225196838, -0.7317309975624084, -0.06816785782575607, 0.7290917038917542, 0.6810128092765808),
            ["LeftUpperArm"] = CFrame.new(0, -0.06523752212524414, -8.940696716308594e-08, 0.5340467691421509, 0.7367196083068848, -0.414775013923645, -0.7965722680091858, 0.27405664324760437, -0.5388558506965637, -0.28331393003463745, 0.6181725263595581, 0.7332094311714172),
            ["RightLowerArm"] = CFrame.new(-4.76837158203125e-07, -5.960464477539063e-08, 2.9802322387695312e-08, 1, -4.4703490686970326e-08, 7.450580596923828e-08, 1.415610029198433e-07, 0.9526702165603638, -0.30400604009628296, 2.700834755842152e-08, 0.30400577187538147, 0.9526700973510742),
            ["LeftHand"] = CFrame.new(0, 0, -1.1920928955078125e-07, 0.6380119323730469, 0.6965949535369873, -0.3281709849834442, -0.7028640508651733, 0.7009036540985107, 0.121309794485569, 0.3145201802253723, 0.1532629281282425, 0.9367966055870056),
            ["LeftFoot"] = CFrame.new(4.1385646909475327e-08, 5.960464477539063e-08, 1.5599653124809265e-08, 0.9671521782875061, -0.014389818534255028, 0.25379055738449097, 0.04939579963684082, 0.9900041818618774, -0.13210536539554596, -0.24935245513916016, 0.1403021216392517, 0.9581955075263977),
            ["RightHand"] = CFrame.new(0, 3.5762786865234375e-07, -2.384185791015625e-07, 0.9426050782203674, -0.29506564140319824, 0.15630748867988586, 0.2858037054538727, 0.9550046920776367, 0.07926063984632492, -0.17266158759593964, -0.030038271099328995, 0.9845231175422668),
            ["RightLowerLeg"] = CFrame.new(-1.3969838619232178e-08, 2.384185791015625e-07, 7.620110409334302e-08, 1, 1.387669641417233e-07, 1.9546116902802169e-07, 4.78699803352356e-07, 0.5701054334640503, 0.8215714693069458, -1.4202669262886047e-07, -0.8215715289115906, 0.5701055526733398),
            ["LeftUpperLeg"] = CFrame.new(0.000025480985641479492, 0.0001256568357348442, 0.0049974918365478516, 0.9743444323539734, -0.018166717141866684, 0.2243279218673706, 0.03044462762773037, 0.9982141852378845, -0.05139588192105293, -0.22299335896968842, 0.056906960904598236, 0.9731574654579163),
            ["LeftLowerLeg"] = CFrame.new(-3.725290298461914e-08, -5.960464477539063e-08, 3.5390257835388184e-08, 1, 5.401671643312511e-08, 2.2351736461700966e-08, -6.519257311765614e-08, 0.6840571761131287, 0.7294285893440247, 2.7939673685750677e-08, -0.7294283509254456, 0.6840569376945496),
        }},
        {Time = 0.267, Data = {
            ["RightFoot"] = CFrame.new(4.0978193283081055e-08, 5.364418029785156e-07, -5.790934665128589e-08, 0.9913060665130615, 0.09375382214784622, 0.09231844544410706, -0.12356605380773544, 0.9044192433357239, 0.408359557390213, -0.045209851115942, -0.4162164330482483, 0.9081409573554993),
            ["LeftLowerArm"] = CFrame.new(8.940696716308594e-08, 1.1920928955078125e-07, 2.682209014892578e-07, 1, 9.685752644372769e-08, -8.940696716308594e-08, 2.3096799850463867e-07, 0.947642982006073, -0.3193315267562866, 0, 0.31933164596557617, 0.9476431608200073),
            ["RightUpperArm"] = CFrame.new(-5.960464477539063e-08, -0.06523776054382324, 2.9802322387695312e-08, 0.42535245418548584, -0.7242522835731506, -0.5427098274230957, 0.573029100894928, 0.6796712875366211, -0.4579133093357086, 0.7005091905593872, -0.11621393263339996, 0.7041174173355103),
            ["Head"] = CFrame.new(-1.0244548320770264e-08, 3.5762786865234375e-07, 1.7695128917694092e-08, 0.7587257027626038, -0.13207104802131653, 0.6378815770149231, 0.003787773195654154, 0.9801092743873596, 0.19842275977134705, -0.6513993144035339, -0.1481323093175888, 0.7441341280937195),
            ["LowerTorso"] = CFrame.new(-0.18742641806602478, 0.03410196304321289, 0.09482873976230621, 0.9613912105560303, -0.09156167507171631, -0.25950607657432556, -0.0060374923050403595, 0.9357778429985046, -0.3525386154651642, 0.2751190662384033, 0.34049421548843384, 0.8990957736968994),
            ["UpperTorso"] = CFrame.new(-6.332993507385254e-08, -2.384185791015625e-07, 1.0058283805847168e-07, 0.8515747785568237, 0.10923644155263901, -0.5127260684967041, 0.13450253009796143, 0.8997824788093567, 0.4150913953781128, 0.5066848397254944, -0.42244407534599304, 0.7515392303466797),
            ["HumanoidRootPart"] = CFrame.new(0, 0, 0, 1, 0, 0, 0, 1, 0, 0, 0, 1),
            ["RightUpperLeg"] = CFrame.new(-0.00002562999725341797, -0.00012565404176712036, -0.0049974266439676285, 0.9961198568344116, 0.08024180680513382, 0.03614633530378342, -0.03271649777889252, 0.718910276889801, -0.6943329572677612, -0.08170031011104584, 0.6904559135437012, 0.7187455892562866),
            ["LeftUpperArm"] = CFrame.new(0, -0.06523752212524414, -2.9802322387695312e-08, 0.5767518281936646, 0.7074546217918396, -0.40849146246910095, -0.7743493318557739, 0.3141293525695801, -0.5492774844169617, -0.2602699398994446, 0.6331118941307068, 0.7289917469024658),
            ["RightLowerArm"] = CFrame.new(-3.5762786865234375e-07, -3.5762786865234375e-07, -2.8312206268310547e-07, 1, -2.533196834519913e-07, -9.685752644372769e-08, -1.2293459406009788e-07, 0.9607663154602051, -0.2773592472076416, -2.0861628513557662e-07, 0.2773592174053192, 0.9607663154602051),
            ["LeftHand"] = CFrame.new(3.8743019104003906e-07, -1.1920928955078125e-07, -5.960464477539063e-08, 0.6359062194824219, 0.7014122605323792, -0.32193803787231445, -0.7062506079673767, 0.6970707178115845, 0.12370277941226959, 0.3111804127693176, 0.14870542287826538, 0.938644528388977),
            ["LeftFoot"] = CFrame.new(-5.25033101439476e-08, 5.960464477539063e-08, 2.0489096641540527e-08, 0.97573322057724, -0.055257249623537064, 0.21187593042850494, 0.03614068776369095, 0.9950040578842163, 0.09306347370147705, -0.21595948934555054, -0.08314786106348038, 0.9728555679321289),
            ["RightHand"] = CFrame.new(3.2782554626464844e-07, 0, -1.7881393432617188e-07, 0.9535501003265381, -0.3011035919189453, 0.00887777004390955, 0.29853707551956177, 0.9485357999801636, 0.1056213229894638, -0.0402238629758358, -0.09806478768587112, 0.9943668246269226),
