return {
    ["Sweet Shot"] = {
        {Time = 0.000, Data = {
            ["RightFoot"] = CFrame.new(-6.705522537231445e-08, 3.5762786865234375e-07, -2.029992174357176e-09, 0.9934386014938354, -0.07013585418462753, -0.09033676236867905, 0.02880871668457985, 0.9178749322891235, -0.39579442143440247, 0.11067938804626465, 0.3906233012676239, 0.9138851165771484),
            ["LeftLowerArm"] = CFrame.new(-1.4901161193847656e-07, 1.7881393432617188e-07, -1.1920928955078125e-07, 1, -4.4703469370688254e-08, 1.1920923270736239e-07, 5.9604616353681195e-08, -0.6192300319671631, -0.785209596157074, 1.3783566998881724e-07, 0.785209596157074, -0.6192300915718079),
            ["LeftFoot"] = CFrame.new(3.166496753692627e-08, 5.960464477539063e-08, -1.1175870895385742e-08, 0.9981963038444519, 0.059736669063568115, -0.005975144449621439, -0.05680318549275398, 0.9075631499290466, -0.4160563051700592, -0.019431065768003464, 0.4156450629234314, 0.9093192219734192),
            ["Head"] = CFrame.new(-5.587935447692871e-09, -5.960464477539062e-07, -6.28642737865448e-08, 0.9971719980239868, -0.009765230119228363, -0.07451668381690979, -0.056482210755348206, 0.5567000508308411, -0.8287913203239441, 0.04957679659128189, 0.8306562304496765, 0.5545740127563477),
            ["LowerTorso"] = CFrame.new(0.03229983523488045, -0.3662843704223633, 0.43079814314842224, 0.9977365732192993, -0.03865767642855644, 0.05502127483487129, 0.018409855663776398, 0.9440054893493652, 0.3294157087802887, -0.06467483192682266, -0.32765716314315796, 0.9425804615020752),
            ["UpperTorso"] = CFrame.new(-1.862645149230957e-09, 5.960464477539063e-08, -2.514570951461792e-08, 0.9988267421722412, 0.03213028982281685, 0.036231864243745804, -0.0428924523293972, 0.9342933297157288, 0.3539155125617981, -0.022479785606265068, -0.35505440831184387, 0.9345753192901611),
            ["HumanoidRootPart"] = CFrame.new(0, 0, 0, 1, 0, 0, 0, 1, 0, 0, 0, 1),
            ["RightUpperLeg"] = CFrame.new(2.384185791015625e-07, 2.7939677238464355e-08, -2.2184394765645266e-08, 0.9944372773170471, 0.07001440972089767, -0.07869326323270798, -0.09896388649940491, 0.3652355968952179, -0.9256398677825928, -0.03606654331088066, 0.9282785058021545, 0.370132714509964),
            ["LeftUpperArm"] = CFrame.new(5.960464477539063e-08, -1.1920928955078125e-07, -2.980232238769531e-07, 0.7094133496284485, -0.42124348878860474, -0.5650546550750732, -0.33637934923171997, 0.502159059047699, -0.7966715097427368, 0.6193397045135498, 0.7552419304847717, 0.21454083919525146),
            ["RightLowerArm"] = CFrame.new(-5.960464477539063e-08, -1.1920928955078125e-07, -1.1920928955078125e-07, 1, -1.136201106533008e-07, 1.564641536333511e-07, 5.960463056453591e-08, -0.6427876949310303, -0.7660444974899292, 2.5611365117583773e-07, 0.7660443782806396, -0.6427876353263855),
            ["LeftHand"] = CFrame.new(1.4901161193847656e-07, 2.384185791015625e-07, 0, 0.7255523204803467, 0.41663026809692383, -0.5477162003517151, -0.6881150007247925, 0.44902342557907104, -0.5699789524078369, 0.008466791361570358, 0.7904412150382996, 0.6124793291091919),
            ["RightHand"] = CFrame.new(1.4901161193847656e-08, 3.5762786865234375e-07, 1.7881393432617188e-07, 0.5987687706947327, -0.45424383878707886, 0.6596445441246033, 0.7897264957427979, 0.4720616936683655, -0.39176997542381287, -0.1334468573331833, 0.7555264830589294, 0.6413933634757996),
            ["RightUpperArm"] = CFrame.new(0, 2.384185791015625e-07, -3.501772880554199e-07, 0.8322029709815979, 0.25336769223213196, 0.49319663643836975, 0.3519412577152252, 0.44596216082572937, -0.8229553699493408, -0.42845723032951355, 0.8584418892860413, 0.2819606363773346),
            ["RightLowerLeg"] = CFrame.new(1.0244548320770264e-08, -0.0000603795051574707, -0.0000722735931049101, 1, -1.434225680441159e-07, -8.195646472586304e-08, 1.3783575525394554e-07, 0.29422762989997864, 0.9557352662086487, -1.1548401346317405e-07, -0.955735445022583, 0.2942279875278473),
            ["LeftUpperLeg"] = CFrame.new(-1.1920928955078125e-07, -3.8743019104003906e-07, -1.1175870895385742e-08, 0.9928371906280518, 0.057358644902706146, 0.10480651259422302, 0.07892362028360367, 0.3437102735042572, -0.935753345489502, -0.08969660848379135, 0.9373224377632141, 0.3367213308811188),
            ["LeftLowerLeg"] = CFrame.new(2.421438694000244e-08, 0.000060677528381347656, 0.00007192045450210571, 1, 1.0430814256778831e-07, 4.6566128730773926e-08, -8.568168397005138e-08, 0.26123228669166565, 0.9652760028839111, 9.313227167240257e-08, -0.9652760624885559, 0.2612321972846985),
        }},
        {Time = 0.033, Data = {
            ["RightFoot"] = CFrame.new(6.239861249923706e-08, 2.980232238769531e-07, -9.480572771281004e-09, 0.9929912686347961, -0.07452300190925598, -0.09173184633255005, 0.025502856820821762, 0.8929725885391235, -0.4493616223335266, 0.11540409922599792, 0.44389891624450684, 0.888627827167511),
            ["LeftLowerArm"] = CFrame.new(-1.1920928955078125e-07, 0, -2.980232238769531e-07, 1, -8.940693874137651e-08, 1.117586450050112e-07, 8.195635814445268e-08, -0.6427876353263855, -0.7660443782806396, 1.7136329688582919e-07, 0.7660444378852844, -0.6427876353263855),
            ["LeftFoot"] = CFrame.new(9.313225746154785e-09, 0, -1.1175870895385742e-08, 0.9976596832275391, 0.06822986900806427, 0.004470009356737137, -0.05826293304562569, 0.882499098777771, -0.4666915833950043, -0.035787198692560196, 0.4653387665748596, 0.8844088315963745),
            ["Head"] = CFrame.new(-1.0244548320770264e-08, -3.5762786865234375e-07, 7.986091077327728e-08, 0.9975841045379639, -0.011228252202272415, -0.06855582445859909, -0.052363794296979904, 0.5269621014595032, -0.848274290561676, 0.04565097764134407, 0.8498147130012512, 0.5251009464263916),
            ["LowerTorso"] = CFrame.new(0.029740026220679283, -0.48497116565704346, 0.4534708559513092, 0.9982536435127258, -0.029210735112428665, 0.05134642496705055, 0.01174109522253275, 0.9499567151069641, 0.3121608793735504, -0.05789532884955406, -0.311012864112854, 0.9486407041549683),
            ["UpperTorso"] = CFrame.new(0, 0, 6.402842700481415e-09, 0.9989814162254333, 0.027171330526471138, 0.03602762892842293, -0.039421066641807556, 0.9140265583992004, 0.40373432636260986, -0.02196020632982254, -0.4047432541847229, 0.9141665697097778),
            ["HumanoidRootPart"] = CFrame.new(0, 0, 0, 1, 0, 0, 0, 1, 0, 0, 0, 1),
            ["RightUpperLeg"] = CFrame.new(0, -6.426125764846802e-08, -2.032174961641431e-08, 0.9945887923240662, 0.06357983499765396, -0.08216289430856705, -0.09520641714334488, 0.24127767980098724, -0.9657748341560364, -0.041579704731702805, 0.9683712124824524, 0.24602515995502472),
            ["LeftUpperArm"] = CFrame.new(0, 1.1920928955078125e-07, 0, 0.7126508355140686, -0.4225428104400635, -0.5599879026412964, -0.35387882590293884, 0.4727117121219635, -0.8070400953292847, 0.6057215929031372, 0.7733055353164673, 0.18734946846961975),
            ["RightLowerArm"] = CFrame.new(-8.940696716308594e-08, -1.1920928955078125e-07, -2.384185791015625e-07, 1, -1.229332156071905e-07, 1.7136548535745533e-07, 7.823107495141812e-08, -0.6427878141403198, -0.7660443186759949, 2.440064577058365e-07, 0.7660443782806396, -0.642787754535675),
            ["LeftHand"] = CFrame.new(1.4901161193847656e-07, -5.960464477539063e-08, 0, 0.7129059433937073, 0.386778324842453, -0.5849511027336121, -0.694491982460022, 0.5050148963928223, -0.512485146522522, 0.09719088673591614, 0.7715974450111389, 0.6286423206329346),
            ["RightHand"] = CFrame.new(9.685754776000977e-08, 4.76837158203125e-07, 5.960464477539063e-08, 0.5981913805007935, -0.42934510111808777, 0.6766258478164673, 0.7801719903945923, 0.5048628449440002, -0.36937564611434937, -0.18302679061889648, 0.7488499283790588, 0.6369766592979431),
            ["RightUpperArm"] = CFrame.new(-5.960464477539063e-08, 0, -3.129243850708008e-07, 0.8292492628097534, 0.25259828567504883, 0.49853748083114624, 0.3717089593410492, 0.41685324907302856, -0.8294975161552429, -0.4173465371131897, 0.8731710314750671, 0.2517824172973633),
            ["RightLowerLeg"] = CFrame.new(5.774199962615967e-08, -0.000060439109802246094, -0.0000722428594599478, 1, -1.4342258225497062e-07, -1.229347077469356e-07, 1.3783575525394554e-07, 0.09239760786294937, 0.9957221746444702, -1.4901162614933128e-07, -0.9957222938537598, 0.09239798039197922),
            ["LeftUpperLeg"] = CFrame.new(0, -3.1944364309310913e-07, -4.284083843231201e-08, 0.9924513697624207, 0.06021216884255409, 0.10683984309434891, 0.09041138738393784, 0.22939376533031464, -0.969125509262085, -0.0828615203499794, 0.971469521522522, 0.22221823036670685),
            ["LeftLowerLeg"] = CFrame.new(3.725290298461914e-08, 0.000060498714447021484, 0.00007192790508270264, 1, 1.341104365337742e-07, 8.568166975919667e-08, -1.0058283805847168e-07, 0.07039471715688705, 0.9975192546844482, 9.685754776000977e-08, -0.9975191950798035, 0.07039468735456467),
        }},
        {Time = 0.067, Data = {
            ["RightFoot"] = CFrame.new(1.955777406692505e-08, 2.384185791015625e-07, -3.55576048605144e-08, 0.9934197068214417, -0.08035188168287277, -0.08161412924528122, 0.03132425621151924, 0.8760468363761902, -0.48118337988853455, 0.11016380041837692, 0.4754845201969147, 0.8728125691413879),
            ["LeftLowerArm"] = CFrame.new(-8.940696716308594e-08, 2.384185791015625e-07, -1.1920928955078125e-07, 1, -6.705521116145974e-08, 1.490115550950577e-07, 5.960462345910855e-08, -0.6427876949310303, -0.7660443782806396, 1.6391271628890536e-07, 0.7660443186759949, -0.6427876949310303),
            ["LeftFoot"] = CFrame.new(2.60770320892334e-08, 0, 2.2351741790771484e-08, 0.9971834421157837, 0.07411264628171921, 0.011519238352775574, -0.057954199612140656, 0.858871340751648, -0.5089021921157837, -0.047609683126211166, 0.5068011283874512, 0.8607472777366638),
            ["Head"] = CFrame.new(-7.450580596923828e-09, -4.76837158203125e-07, 1.1333031579852104e-07, 0.9980151653289795, -0.009482595138251781, -0.06225752830505371, -0.048994116485118866, 0.5042049884796143, -0.8621931672096252, 0.03956640884280205, 0.8635320663452148, 0.5027394890785217),
            ["LowerTorso"] = CFrame.new(0.026645487174391747, -0.5667468309402466, 0.4555661678314209, 0.9987842440605164, -0.029593797400593758, 0.039423830807209015, 0.01771164871752262, 0.9617797136306763, 0.2732509970664978, -0.046003568917512894, -0.2722204923629761, 0.961134672164917),
            ["UpperTorso"] = CFrame.new(0, 1.4901161193847656e-07, -1.1059455573558807e-08, 0.9989550709724426, 0.027652887627482414, 0.036388032138347626, -0.041111964732408524, 0.8915013074874878, 0.4511488676071167, -0.01996440812945366, -0.4521733522415161, 0.8917065262794495),
            ["HumanoidRootPart"] = CFrame.new(0, 0, 0, 1, 0, 0, 0, 1, 0, 0, 0, 1),
            ["RightUpperLeg"] = CFrame.new(-5.960464477539063e-08, 5.029141902923584e-08, -3.5579432733356953e-09, 0.9933033585548401, 0.06299100071191788, -0.09685328602790833, -0.10744302719831467, 0.19541218876838684, -0.9748179912567139, -0.04247843846678734, 0.9786962270736694, 0.2008713334798813),
            ["LeftUpperArm"] = CFrame.new(-1.1920928955078125e-07, 0, -2.3096799850463867e-07, 0.7150659561157227, -0.4264489710330963, -0.55391526222229, -0.33773794770240784, 0.48301151394844055, -0.8078572154045105, 0.612057089805603, 0.7647491693496704, 0.20135726034641266),
            ["RightLowerArm"] = CFrame.new(-2.980232238769531e-07, -1.1920928955078125e-07, -1.1920928955078125e-07, 1, -8.940598661411059e-08, 1.6764016663728398e-07, 1.1920926112907182e-07, -0.6427876949310303, -0.7660444378852844, 2.4586910285506747e-07, 0.7660443782806396, -0.642787754535675),
            ["LeftHand"] = CFrame.new(1.1920928955078125e-07, 2.384185791015625e-07, -2.384185791015625e-07, 0.6993969678878784, 0.437019944190979, -0.5655593872070312, -0.7143101692199707, 0.45461806654930115, -0.5320560336112976, 0.02459442988038063, 0.7761031985282898, 0.6301262974739075),
            ["RightHand"] = CFrame.new(-1.043081283569336e-07, 3.5762786865234375e-07, 5.960464477539063e-08, 0.5876553058624268, -0.39816755056381226, 0.7043561339378357, 0.7913786768913269, 0.4640939235687256, -0.39790529012680054, -0.16846665740013123, 0.7912518978118896, 0.5878384113311768),
            ["RightUpperArm"] = CFrame.new(0, 0, -1.564621925354004e-07, 0.8171955347061157, 0.2855226695537567, 0.5006676912307739, 0.3453194200992584, 0.45294949412345886, -0.8219437003135681, -0.4614606499671936, 0.8445789813995361, 0.27155202627182007),
            ["RightLowerLeg"] = CFrame.new(3.725290298461914e-08, -0.00006031990051269531, -0.00007215717778308317, 1, -1.545983820960828e-07, -1.4156120187180932e-07, 1.49011640360186e-07, -0.03054843097925186, 0.9995332956314087, -1.7322604151104315e-07, -0.9995333552360535, -0.03054826147854328),
            ["LeftUpperLeg"] = CFrame.new(0, 4.190951585769653e-08, -1.862645149230957e-09, 0.9919368624687195, 0.07368665933609009, 0.10310961306095123, 0.088189996778965, 0.18295831978321075, -0.9791571497917175, -0.09101561456918716, 0.9803553223609924, 0.1749846190214157),
            ["LeftLowerLeg"] = CFrame.new(-8.195638656616211e-08, 0.00006079673767089844, 0.00007214397192001343, 1, 8.940698137394065e-08, 1.0058283805847168e-07, -7.82310962677002e-08, -0.0651063621044159, 0.99787837266922, 1.1920928955078125e-07, -0.99787837266922, -0.06510640680789948),
        }},
        {Time = 0.100, Data = {
            ["RightFoot"] = CFrame.new(-2.6542693376541138e-08, 2.384185791015625e-07, -5.75528247281909e-09, 0.994576632976532, -0.08294320106506348, -0.06275428831577301, 0.04102582857012749, 0.8672981858253479, -0.4960721433162689, 0.0955740213394165, 0.4908303916454315, 0.8660105466842651),
            ["LeftLowerArm"] = CFrame.new(-8.940696716308594e-08, 2.384185791015625e-07, -1.1920928955078125e-07, 1, -1.1920926112907182e-07, 1.452862647965958e-07, 5.21540464148984e-08, -0.6427876949310303, -0.7660443186759949, 1.6391271628890536e-07, 0.7660443186759949, -0.6427876949310303),
            ["LeftFoot"] = CFrame.new(6.891787052154541e-08, 5.960464477539063e-08, 3.725290298461914e-09, 0.9966843128204346, 0.0767199695110321, 0.027104541659355164, -0.05055656284093857, 0.8449189066886902, -0.5324998497962952, -0.06375453621149063, 0.5293639302253723, 0.8459959626197815),
            ["Head"] = CFrame.new(-1.210719347000122e-08, -4.76837158203125e-07, 2.835877239704132e-07, 0.9982982277870178, -0.0034647195134311914, -0.05821235105395317, -0.04821641743183136, 0.5124298334121704, -0.857374370098114, 0.03280032426118851, 0.8587221503257751, 0.511390745639801),
            ["LowerTorso"] = CFrame.new(0.020808961242437363, -0.5999141931533813, 0.44926688075065613, 0.9990934729576111, -0.030387749895453453, 0.029813984408974648, 0.02170097641646862, 0.9660542011260986, 0.25742650032043457, -0.03662453591823578, -0.25654613971710205, 0.965837836265564),
            ["UpperTorso"] = CFrame.new(9.313225746154785e-10, 2.9802322387695312e-08, 7.275957614183426e-09, 0.9989948868751526, 0.029001669958233833, 0.03417984023690224, -0.0415080226957798, 0.8863887190818787, 0.4610773026943207, -0.016924604773521423, -0.46203258633613586, 0.8867015242576599),
            ["HumanoidRootPart"] = CFrame.new(0, 0, 0, 1, 0, 0, 0, 1, 0, 0, 0, 1),
            ["RightUpperLeg"] = CFrame.new(-2.9802322387695312e-08, -1.210719347000122e-07, -3.708555595949292e-08, 0.9926216006278992, 0.05407894030213356, -0.10852653533220291, -0.11666572093963623, 0.18206849694252014, -0.9763402342796326, -0.033040162175893784, 0.9817975759506226, 0.1870342195034027),
            ["LeftUpperArm"] = CFrame.new(0, -1.1920928955078125e-07, -2.2351741790771484e-08, 0.710273802280426, -0.3796937167644501, -0.5927425026893616, -0.37806904315948486, 0.5045272707939148, -0.7762191891670227, 0.5937802791595459, 0.7754257321357727, 0.21480225026607513),
            ["RightLowerArm"] = CFrame.new(-1.1920928955078125e-07, -1.1920928955078125e-07, -5.960464477539063e-08, 1, -1.0430700569941109e-07, 2.0489355279096344e-07, 7.450577754752885e-08, -0.6427875757217407, -0.7660444974899292, 2.0116560506266978e-07, 0.7660444974899292, -0.6427875757217407),
            ["LeftHand"] = CFrame.new(-5.960464477539063e-08, -1.1920928955078125e-07, -5.960464477539063e-08, 0.6643443703651428, 0.46695688366889954, -0.5836077332496643, -0.7468577027320862, 0.4451974332332611, -0.49396657943725586, 0.029159652069211006, 0.7640358209609985, 0.6445145606994629),
            ["RightHand"] = CFrame.new(7.450580596923828e-08, 2.384185791015625e-07, -1.1920928955078125e-07, 0.6200376749038696, -0.4147142767906189, 0.6660006046295166, 0.7660468220710754, 0.503372073173523, -0.3997263014316559, -0.16948658227920532, 0.7580426931381226, 0.6298112273216248),
            ["RightUpperArm"] = CFrame.new(0, -1.1920928955078125e-07, -1.6391277313232422e-07, 0.7877776026725769, 0.30994561314582825, 0.5322970151901245, 0.3599992096424103, 0.4695374369621277, -0.8061856031417847, -0.49980708956718445, 0.8267214298248291, 0.25831109285354614),
            ["RightLowerLeg"] = CFrame.new(7.450580596923828e-08, -0.0000603795051574707, -0.00007227266178233549, 1, -1.5087309179762087e-07, -1.5273707276719506e-07, 1.3783575525394554e-07, -0.07878655940294266, 0.9968915581703186, -1.7695130338779563e-07, -0.9968914985656738, -0.07878629863262177),
            ["LeftUpperLeg"] = CFrame.new(2.9802322387695312e-08, -3.259629011154175e-08, 2.7939677238464355e-08, 0.992705225944519, 0.07168823480606079, 0.09693887084722519, 0.08368494361639023, 0.16910968720912933, -0.9820380210876465, -0.08679390698671341, 0.9829866290092468, 0.1618768721818924),
            ["LeftLowerLeg"] = CFrame.new(-7.450580596923828e-08, 0.00006073713302612305, 0.00007209926843643188, 1, 8.940698137394065e-08, 1.1548401346317405e-07, -1.0430814256778831e-07, -0.12157075107097626, 0.9925828576087952, 1.2293459406009788e-07, -0.9925827980041504, -0.12157074362039566),
        }},
        {Time = 0.133, Data = {
            ["RightFoot"] = CFrame.new(2.223532646894455e-08, 2.384185791015625e-07, 7.992639439180493e-08, 0.9959374666213989, -0.08272010087966919, -0.035586878657341, 0.05462377518415451, 0.8691418170928955, -0.49151304364204407, 0.07158894836902618, 0.4875961244106293, 0.8701428771018982),
            ["LeftLowerArm"] = CFrame.new(1.4901161193847656e-07, 0, -1.7881393432617188e-07, 1, -6.89178563106907e-08, 1.2293453721667902e-07, 3.725289587919178e-08, -0.6427879333496094, -0.7660441994667053, 2.0023431090976374e-07, 0.7660442590713501, -0.6427879333496094),
            ["LeftFoot"] = CFrame.new(2.0489096641540527e-08, 5.960464477539063e-08, 3.3527612686157227e-08, 0.9957921504974365, 0.07547206431627274, 0.051981762051582336, -0.03562503680586815, 0.8414221405982971, -0.5392029285430908, -0.08443334698677063, 0.5350820422172546, 0.8405700922012329),
            ["Head"] = CFrame.new(-1.0244548320770264e-08, -3.5762786865234375e-07, -2.2177118808031082e-08, 0.998397171497345, -0.005569852888584137, -0.05632280185818672, -0.04407889023423195, 0.5476909875869751, -0.8355188369750977, 0.035501234233379364, 0.836662232875824, 0.5465673804283142),
            ["LowerTorso"] = CFrame.new(0.01338058803230524, -0.586789608001709, 0.43891793489456177, 0.9992561340332031, -0.031190715730190277, 0.022679002955555916, 0.024436380714178085, 0.9670699238777161, 0.2533353567123413, -0.02983389049768448, -0.2525927722454071, 0.96711266040802),
            ["UpperTorso"] = CFrame.new(-2.9103830456733704e-10, 2.9802322387695312e-08, -2.5171175366267562e-08, 0.998898446559906, 0.03381481394171715, 0.032534681260585785, -0.04488133266568184, 0.890855073928833, 0.45206525921821594, -0.013697187416255474, -0.45302748680114746, 0.891391396522522),
            ["HumanoidRootPart"] = CFrame.new(0, 0, 0, 1, 0, 0, 0, 1, 0, 0, 0, 1),
            ["RightUpperLeg"] = CFrame.new(0, -9.499490261077881e-08, -4.0810846257954836e-08, 0.9922060370445251, 0.038324642926454544, -0.118568554520607, -0.12395280599594116, 0.2060706615447998, -0.9706547856330872, -0.012766491621732712, 0.9777864217758179, 0.20921482145786285),
            ["LeftUpperArm"] = CFrame.new(0, 1.1920928955078125e-07, -2.942979335784912e-07, 0.7106581926345825, -0.31700974702835083, -0.6280682682991028, -0.43271833658218384, 0.5069452524185181, -0.7454941868782043, 0.5547250509262085, 0.8015680313110352, 0.22308900952339172),
            ["RightLowerArm"] = CFrame.new(-1.1920928955078125e-07, -1.1920928955078125e-07, 0, 1, -9.685649615676084e-08, 2.104815592929299e-07, 6.705521116145974e-08, -0.6369194984436035, -0.7709303498268127, 2.3841852225814364e-07, 0.7709304094314575, -0.6369194984436035),
            ["LeftHand"] = CFrame.new(2.2351741790771484e-08, -5.960464477539063e-08, 0, 0.5743595957756042, 0.4336127042770386, -0.694327712059021, -0.8145608305931091, 0.38692253828048706, -0.4321826994419098, 0.08125113695859909, 0.8138003349304199, 0.5754363536834717),
            ["RightHand"] = CFrame.new(1.4901161193847656e-08, -1.7881393432617188e-07, -5.960464477539063e-08, 0.5215926170349121, -0.3434291481971741, 0.7810202240943909, 0.8184912204742432, 0.4598228335380554, -0.34442150592803955, -0.24085968732833862, 0.8189135193824768, 0.520942747592926),
            ["RightUpperArm"] = CFrame.new(0, 0, -3.501772880554199e-07, 0.7727391123771667, 0.292354553937912, 0.5633854866027832, 0.3928987979888916, 0.47679391503334045, -0.7863195538520813, -0.4985026717185974, 0.828973114490509, 0.25357165932655334),
            ["RightLowerLeg"] = CFrame.new(3.608874976634979e-08, -0.000060439109802246094, -0.00007222050771815702, 1, -1.5692663168920262e-07, -1.6111897593873437e-07, 1.4435501327625389e-07, -0.060994673520326614, 0.9981381893157959, -1.6437844863048667e-07, -0.9981380701065063, -0.06099449843168259),
            ["LeftUpperLeg"] = CFrame.new(0, -1.6763806343078613e-07, -3.4458935260772705e-08, 0.9946885108947754, 0.055195316672325134, 0.08688153326511383, 0.07474818080663681, 0.1929512619972229, -0.9783571362495422, -0.07076465338468552, 0.9796546697616577, 0.18780063092708588),
            ["LeftLowerLeg"] = CFrame.new(7.450580596923828e-09, 0.00006073713302612305, 0.00007197260856628418, 1, 1.0803344707710494e-07, 1.0803344707710494e-07, -8.568167686462402e-08, -0.10822581499814987, 0.9941263794898987, 1.1920928955078125e-07, -0.9941263794898987, -0.10822592675685883),
        }},
        {Time = 0.167, Data = {
            ["RightFoot"] = CFrame.new(9.080395102500916e-09, 3.5762786865234375e-07, -6.908521754667163e-08, 0.9962825775146484, -0.08601401746273041, -0.004806716460734606, 0.07507242262363434, 0.8942296504974365, -0.441241055727005, 0.04225156456232071, 0.4392664432525635, 0.8973758220672607),
            ["LeftLowerArm"] = CFrame.new(2.9802322387695312e-08, 3.5762786865234375e-07, -2.384185791015625e-07, 1, -1.0430809993522416e-07, 1.5459949054275057e-07, 4.4703469370688254e-08, -0.6427879929542542, -0.7660441994667053, 2.0116560506266978e-07, 0.7660441398620605, -0.6427879333496094),
            ["LeftFoot"] = CFrame.new(-3.91155481338501e-08, 5.960464477539063e-08, -1.210719347000122e-08, 0.9925408363342285, 0.0867057591676712, 0.08570312708616257, -0.03161036968231201, 0.8619714379310608, -0.5059704184532166, -0.11774419248104095, 0.49948713183403015, 0.8582826256752014),
            ["Head"] = CFrame.new(-6.984919309616089e-09, -4.76837158203125e-07, 9.055656846612692e-08, 0.9991523623466492, 0.006927963811904192, -0.04057813063263893, -0.036853592842817307, 0.5897328853607178, -0.8067572712898254, 0.01834108680486679, 0.8075686693191528, 0.58948814868927),
            ["LowerTorso"] = CFrame.new(0.007503683678805828, -0.5368818044662476, 0.4210621118545532, 0.9994984269142151, -0.03082875721156597, 0.007243663538247347, 0.02800350822508335, 0.9672116041183472, 0.25242331624031067, -0.014788051135838032, -0.2520938515663147, 0.967589795589447),
            ["UpperTorso"] = CFrame.new(0, 2.9802322387695312e-08, -7.259950507432222e-08, 0.999078631401062, 0.030291398987174034, 0.030403275042772293, -0.04045146703720093, 0.9013136029243469, 0.43127432465553284, -0.014338981360197067, -0.4321069121360779, 0.9017084240913391),
            ["HumanoidRootPart"] = CFrame.new(0, 0, 0, 1, 0, 0, 0, 1, 0, 0, 0, 1),
            ["RightUpperLeg"] = CFrame.new(0, -1.0058283805847168e-07, -4.1043676901608706e-08, 0.9912630319595337, 0.02873760275542736, -0.1287311315536499, -0.13179945945739746, 0.2538644075393677, -0.9582180976867676, 0.005143373738974333, 0.966812789440155, 0.2554338872432709),
            ["LeftUpperArm"] = CFrame.new(-1.1920928955078125e-07, 0, -1.6763806343078613e-07, 0.7356285452842712, -0.261654257774353, -0.6248100996017456, -0.4666605293750763, 0.47282806038856506, -0.7474369406700134, 0.49099764227867126, 0.8414099216461182, 0.22572222352027893),
            ["RightLowerArm"] = CFrame.new(-1.4901161193847656e-07, 1.7881393432617188e-07, 5.960464477539063e-08, 1, -9.685649615676084e-08, 1.0803476868659345e-07, 6.705521116145974e-08, -0.6105440258979797, -0.7919823527336121, 1.974403431859173e-07, 0.7919824123382568, -0.610543966293335),
            ["LeftHand"] = CFrame.new(4.470348358154297e-08, -2.384185791015625e-07, -5.960464477539063e-08, 0.5400654077529907, 0.5662539005279541, -0.6226441860198975, -0.8412189483642578, 0.3402635157108307, -0.4202045202255249, -0.02607947587966919, 0.7507178783416748, 0.6601079106330872),
            ["RightHand"] = CFrame.new(-2.9802322387695312e-08, 3.5762786865234375e-07, 1.7881393432617188e-07, 0.5548077821731567, -0.4048730731010437, 0.7268151044845581, 0.8178844451904297, 0.425525426864624, -0.38728049397468567, -0.15249058604240417, 0.8093244433403015, 0.5672333836555481),
            ["RightUpperArm"] = CFrame.new(0, 1.1920928955078125e-07, -3.203749656677246e-07, 0.7878292202949524, 0.33300545811653137, 0.5181046724319458, 0.34075525403022766, 0.46506670117378235, -0.8170673251152039, -0.5130409598350525, 0.8202562928199768, 0.25291991233825684),
            ["RightLowerLeg"] = CFrame.new(2.0023435354232788e-08, -0.00006026029586791992, -0.00007225403533084318, 1, -1.6018624648950208e-07, -1.359732237915523e-07, 1.4156104555240745e-07, 0.0026363530196249485, 0.999996542930603, -1.5087427129856223e-07, -0.999996542930603, 0.0026366556994616985),
            ["LeftUpperLeg"] = CFrame.new(0, -6.984919309616089e-08, -5.098991096019745e-08, 0.9962493777275085, 0.04086218401789665, 0.07627231627702713, 0.06449443101882935, 0.2369823306798935, -0.9693708419799805, -0.05768581107258797, 0.9706542491912842, 0.23345814645290375),
            ["LeftLowerLeg"] = CFrame.new(-1.4901161193847656e-08, 0.00006073713302612305, 0.00007194280624389648, 1, 1.0803341865539551e-07, 1.0058282384761696e-07, -9.685756197086448e-08, -0.06269698590040207, 0.9980326294898987, 1.005828522693264e-07, -0.9980326294898987, -0.06269694864749908),
        }},
        {Time = 0.200, Data = {
            ["RightFoot"] = CFrame.new(3.725290298461914e-09, 2.980232238769531e-07, 3.103195922449231e-08, 0.9969463348388672, -0.070008784532547, 0.03460228443145752, 0.07783818989992142, 0.9264311790466309, -0.36829882860183716, -0.006273186299949884, 0.36989742517471313, 0.9290633797645569),
            ["LeftLowerArm"] = CFrame.new(-2.682209014892578e-07, -1.1920928955078125e-07, -2.384185791015625e-07, 1, -9.685753354915505e-08, 1.3038513202445756e-07, 2.9802311729554276e-08, -0.6427880525588989, -0.7660441994667053, 1.6763800658736727e-07, 0.7660441398620605, -0.6427879929542542),
            ["LeftFoot"] = CFrame.new(4.936009645462036e-08, 1.7881393432617188e-07, -4.936009645462036e-08, 0.9880067706108093, 0.09356871992349625, 0.12283141911029816, -0.026192370802164078, 0.8855147361755371, -0.4638727307319641, -0.1521729975938797, 0.45509207248687744, 0.8773451447486877),
            ["Head"] = CFrame.new(-6.752088665962219e-09, -7.152557373046875e-07, 1.5823752619326115e-07, 0.9991704821586609, 0.03426085412502289, -0.022011104971170425, -0.03854572772979736, 0.6213628053665161, -0.7825744152069092, -0.013134765438735485, 0.7827736139297485, 0.6221678853034973),
            ["LowerTorso"] = CFrame.new(0.0038434118032455444, -0.4633098840713501, 0.4002186357975006, 0.9994390606880188, -0.02874698117375374, -0.017180442810058594, 0.032202333211898804, 0.9657933712005615, 0.2573055624961853, 0.00919600110501051, -0.25771448016166687, 0.9661773443222046),
            ["UpperTorso"] = CFrame.new(5.820766091346741e-09, 1.1920928955078125e-07, -2.4578184820711613e-08, 0.9994657039642334, 0.016791386529803276, 0.028041845187544823, -0.02671540528535843, 0.9139673709869385, 0.4049074351787567, -0.018830375745892525, -0.4054402709007263, 0.9139275550842285),
            ["HumanoidRootPart"] = CFrame.new(0, 0, 0, 1, 0, 0, 0, 1, 0, 0, 0, 1),
            ["RightUpperLeg"] = CFrame.new(0, -6.05359673500061e-08, -4.546745913103223e-08, 0.9906167984008789, 0.025461092591285706, -0.13427607715129852, -0.13534100353717804, 0.3193737864494324, -0.9379143118858337, 0.019003938883543015, 0.9472867846488953, 0.31982287764549255),
            ["LeftUpperArm"] = CFrame.new(0, 1.1920928955078125e-07, -3.486638888716698e-08, 0.7240616679191589, -0.2178189903497696, -0.6544381976127625, -0.5244841575622559, 0.44232869148254395, -0.7275039553642273, 0.4479408860206604, 0.8700001835823059, 0.20603078603744507),
            ["RightLowerArm"] = CFrame.new(-5.960464477539063e-08, -3.5762786865234375e-07, 0, 1, -8.940601503582002e-08, 1.3970016254916118e-07, 6.332991375757047e-08, -0.6148870587348938, -0.7886151671409607, 2.570449453287438e-07, 0.7886152863502502, -0.6148871183395386),
            ["LeftHand"] = CFrame.new(1.4901161193847656e-07, -1.1920928955078125e-07, -5.960464477539063e-08, 0.5121232271194458, 0.5770666599273682, -0.6361791491508484, -0.8589044809341431, 0.3471609652042389, -0.3765134811401367, 0.003583563258871436, 0.7392383217811584, 0.6734342575073242),
            ["RightHand"] = CFrame.new(1.1920928955078125e-07, 1.1920928955078125e-07, -1.1920928955078125e-07, 0.5488247871398926, -0.3868961036205292, 0.7410105466842651, 0.8114132285118103, 0.4596903622150421, -0.36095210909843445, -0.20099732279777527, 0.7993723750114441, 0.5662304759025574),
            ["RightUpperArm"] = CFrame.new(0, 1.1920928955078125e-07, -1.700245775282383e-07, 0.7780758142471313, 0.36649903655052185, 0.5101729035377502, 0.33581337332725525, 0.4436815083026886, -0.8308888673782349, -0.5308741927146912, 0.8178173899650574, 0.22214275598526),
            ["RightLowerLeg"] = CFrame.new(7.450580596923828e-08, -0.00006031990051269531, -0.00007219815597636625, 1, -1.657741393046308e-07, -1.1734675808838801e-07, 1.470216517418521e-07, 0.11113482713699341, 0.9938053488731384, -1.3783575525394554e-07, -0.9938054084777832, 0.11113524436950684),
            ["LeftUpperLeg"] = CFrame.new(0, 4.470348358154297e-08, -8.381903171539307e-09, 0.9973233342170715, 0.03304671496152878, 0.06522344797849655, 0.05225253105163574, 0.3018472492694855, -0.9519233703613281, -0.05114547163248062, 0.952783465385437, 0.29931244254112244),
            ["LeftLowerLeg"] = CFrame.new(-1.043081283569336e-07, 0.00006097555160522461, 0.00007207319140434265, 1, 1.1175872316471214e-07, 9.872019290924072e-08, -9.313227167240257e-08, 0.019344883039593697, 0.99981290102005, 1.005828522693264e-07, -0.9998129606246948, 0.01934485323727131),
        }},
        {Time = 0.233, Data = {
            ["RightFoot"] = CFrame.new(2.0489096641540527e-08, 3.5762786865234375e-07, 7.283233571797609e-09, 0.9977452158927917, -0.026365049183368683, 0.06172064319252968, 0.045169465243816376, 0.9439334869384766, -0.32699909806251526, -0.04964137077331543, 0.329081267118454, 0.9430070519447327),
            ["LeftLowerArm"] = CFrame.new(-2.9802322387695312e-08, 4.172325134277344e-07, 0, 1, -1.0430811414607888e-07, 1.8998976258899347e-07, 5.960463056453591e-08, -0.6427880525588989, -0.7660441994667053, 1.7881389169360773e-07, 0.7660440802574158, -0.6427879929542542),
            ["LeftFoot"] = CFrame.new(4.819594323635101e-08, 5.960464477539063e-08, -5.448237061500549e-08, 0.986055850982666, 0.05467325448989868, 0.1571778655052185, 0.02217280864715576, 0.892907977104187, -0.44969305396080017, -0.1649315357208252, 0.4469074010848999, 0.8792448043823242),
            ["Head"] = CFrame.new(-1.862645149230957e-09, -4.76837158203125e-07, -1.760781742632389e-08, 0.9976259469985962, 0.0663098692893982, -0.018587157130241394, -0.05675366148352623, 0.6387738585472107, -0.767298698425293, -0.039006467908620834, 0.766531765460968, 0.6410204172134399),
            ["LowerTorso"] = CFrame.new(0.0009054419351741672, -0.3828803300857544, 0.3812853991985321, 0.9987078309059143, -0.028289424255490303, -0.04222048819065094, 0.03878629580140114, 0.9610880613327026, 0.2735058069229126, 0.032840289175510406, -0.2747898995876312, 0.9609434008598328),
            ["UpperTorso"] = CFrame.new(4.6566128730773926e-09, -2.9802322387695312e-08, -2.523302100598812e-08, 0.9996480345726013, 0.004433668218553066, 0.026157669723033905, -0.013867509551346302, 0.9278500080108643, 0.3726957440376282, -0.02261797897517681, -0.3729272782802582, 0.9275848865509033),
            ["HumanoidRootPart"] = CFrame.new(0, 0, 0, 1, 0, 0, 0, 1, 0, 0, 0, 1),
            ["RightUpperLeg"] = CFrame.new(0, 6.51925802230835e-08, 8.584902388975024e-08, 0.9892032146453857, 0.025449087843298912, -0.14432398974895477, -0.14255408942699432, 0.39551272988319397, -0.9073302149772644, 0.033991292119026184, 0.9181079864501953, 0.39487019181251526),
            ["LeftUpperArm"] = CFrame.new(0, 2.384185791015625e-07, -5.960464477539063e-08, 0.7133222222328186, -0.19709311425685883, -0.6725514531135559, -0.5557109117507935, 0.4256631135940552, -0.7141404151916504, 0.427032470703125, 0.883156418800354, 0.19410836696624756),
            ["RightLowerArm"] = CFrame.new(-1.7881393432617188e-07, -2.384185791015625e-07, 0, 1, -1.2107064151223312e-07, 1.676401808481387e-07, 1.2665984172599565e-07, -0.6308276653289795, -0.7759230136871338, 2.3283058681045077e-07, 0.7759230136871338, -0.6308277249336243),
            ["LeftHand"] = CFrame.new(1.1920928955078125e-07, 1.1920928955078125e-07, -5.960464477539063e-08, 0.4806274175643921, 0.5280776023864746, -0.7000938653945923, -0.8757117390632629, 0.33100882172584534, -0.35151422023773193, 0.046110499650239944, 0.7820276021957397, 0.6215355396270752),
            ["RightHand"] = CFrame.new(7.450580596923828e-09, 4.76837158203125e-07, 0, 0.5143125653266907, -0.34787052869796753, 0.7838774919509888, 0.8208674192428589, 0.4643254280090332, -0.33252307772636414, -0.2483128160238266, 0.8144863247871399, 0.524370551109314),
            ["RightUpperArm"] = CFrame.new(-5.960464477539063e-08, 3.5762786865234375e-07, -2.3283064365386963e-07, 0.7717325091362, 0.3721877634525299, 0.5156598687171936, 0.35199832916259766, 0.42532482743263245, -0.833784282207489, -0.5296472311019897, 0.8249697089195251, 0.19722771644592285),
            ["RightLowerLeg"] = CFrame.new(2.9802322387695312e-08, -0.00006031990051269531, -0.00007217952952487394, 1, -1.4155995131659438e-07, -1.0430824204377132e-07, 1.3597311010471458e-07, 0.2490549236536026, 0.9684892296791077, -1.266598843585598e-07, -0.9684893488883972, 0.24905526638031006),
            ["LeftUpperLeg"] = CFrame.new(2.9802322387695312e-08, 6.984919309616089e-08, 3.3527612686157227e-08, 0.9983094930648804, 0.02760138362646103, 0.05115120857954025, 0.037264492362737656, 0.3714335262775421, -0.9277114272117615, -0.044605400413274765, 0.9280492067337036, 0.36977705359458923),
            ["LeftLowerLeg"] = CFrame.new(-3.3993273973464966e-08, 0.00006085634231567383, 0.00007199682295322418, 1, 1.0803340444454079e-07, 8.84756374830431e-08, -9.872020712009544e-08, 0.11997144669294357, 0.9927773475646973, 9.872020712009544e-08, -0.9927773475646973, 0.11997134983539581),
        }},
        {Time = 0.267, Data = {
            ["RightFoot"] = CFrame.new(-4.0978193283081055e-08, 4.76837158203125e-07, 1.6596459317952394e-08, 0.9978416562080383, 0.03184396028518677, 0.05742437392473221, -0.01517089456319809, 0.9626635313034058, -0.2702431082725525, -0.06389015913009644, 0.2688212990760803, 0.9610781669616699),
            ["LeftLowerArm"] = CFrame.new(-2.384185791015625e-07, -2.980232238769531e-07, -1.7881393432617188e-07, 1, -1.1920928955078125e-07, 1.9371502446574596e-07, 8.940693874137651e-08, -0.6427880525588989, -0.7660441398620605, 1.192092469182171e-07, 0.7660441398620605, -0.6427879333496094),
            ["LeftFoot"] = CFrame.new(6.644404493272305e-08, 1.1920928955078125e-07, 2.1420419216156006e-08, 0.9871096611022949, 0.01280442625284195, 0.1595323085784912, 0.05709091201424599, 0.9030466079711914, -0.42573195695877075, -0.14951634407043457, 0.42935168743133545, 0.8906749486923218),
            ["Head"] = CFrame.new(-5.587935447692871e-09, -5.960464477539062e-07, 2.5692861527204514e-07, 0.9959321022033691, 0.0894428938627243, -0.010914805345237255, -0.06648541986942291, 0.647682249546051, -0.7590044140815735, -0.06081819534301758, 0.7566424012184143, 0.6509940028190613),
            ["LowerTorso"] = CFrame.new(-0.0027646892704069614, -0.3123738765716553, 0.3689182698726654, 0.9975560903549194, -0.03132706880569458, -0.06245355308055878, 0.04884578287601471, 0.9518117308616638, 0.3027680516242981, 0.04995919391512871, -0.3050787150859833, 0.951015830039978),
            ["UpperTorso"] = CFrame.new(-2.7939677238464355e-09, -1.7881393432617188e-07, -3.888271749019623e-08, 0.9996851682662964, 0.0019866712391376495, 0.025010498240590096, -0.010302434675395489, 0.9414437413215637, 0.3370128870010376, -0.022876443341374397, -0.33716443181037903, 0.9411677718162537),
            ["HumanoidRootPart"] = CFrame.new(0, 0, 0, 1, 0, 0, 0, 1, 0, 0, 0, 1),
            ["RightUpperLeg"] = CFrame.new(-2.9802322387695312e-08, -8.102506399154663e-08, 2.8107024263590574e-08, 0.989660382270813, 0.03035031259059906, -0.14018282294273376, -0.13896693289279938, 0.4448279142379761, -0.8847692012786865, 0.03550420328974724, 0.8951016664505005, 0.44444605708122253),
            ["LeftUpperArm"] = CFrame.new(0, 1.1920928955078125e-07, 5.587935447692871e-08, 0.71402508020401, -0.18401731550693512, -0.6755040884017944, -0.5725908279418945, 0.4017176032066345, -0.7146768569946289, 0.40287476778030396, 0.8970845341682434, 0.18146996200084686),
            ["RightLowerArm"] = CFrame.new(-3.2782554626464844e-07, -1.1920928955078125e-07, 5.960464477539063e-08, 1, -1.2107058466881426e-07, 1.7788480022318254e-07, 6.70552182668871e-08, -0.642787754535675, -0.7660443782806396, 2.887099697090889e-07, 0.7660443782806396, -0.642787754535675),
            ["LeftHand"] = CFrame.new(0, 1.7881393432617188e-07, 0, 0.4693407118320465, 0.5682999491691589, -0.6758362054824829, -0.8830074667930603, 0.30563753843307495, -0.35620710253715515, 0.004128826316446066, 0.7639508247375488, 0.6452611088752747),
            ["RightHand"] = CFrame.new(1.1175870895385742e-07, 0, 1.7881393432617188e-07, 0.5007461905479431, -0.3908507227897644, 0.772323489189148, 0.8261664509773254, 0.48201727867126465, -0.29172274470329285, -0.25826790928840637, 0.7841523885726929, 0.5642821788787842),
            ["RightUpperArm"] = CFrame.new(-5.960464477539063e-08, 3.5762786865234375e-07, -1.4156103134155273e-07, 0.7658993005752563, 0.35963666439056396, 0.532972514629364, 0.3958539366722107, 0.38944658637046814, -0.8316437005996704, -0.5066537857055664, 0.8479344844818115, 0.15591345727443695),
            ["RightLowerLeg"] = CFrame.new(-7.450580596923828e-09, -0.0000603795051574707, -0.0000722912882338278, 1, -1.4528518477163743e-07, -7.264322476885354e-08, 1.341104507446289e-07, 0.36474719643592834, 0.931106448173523, -9.685754776000977e-08, -0.9311065673828125, 0.36474764347076416),
