return {
    ["Swing Victory"] = {
        {Time = 0.000, Data = {
            ["RightFoot"] = CFrame.new(-1.6298145055770874e-08, 5.960464477539062e-07, -3.892637323588133e-09, 0.9622021913528442, -0.009217169135808945, -0.2721807062625885, -0.14453479647636414, 0.8297774195671082, -0.5390536189079285, 0.23081780970096588, 0.5580184459686279, 0.7970815300941467),
            ["LeftLowerArm"] = CFrame.new(-4.172325134277344e-07, -1.1920928955078125e-07, 2.9802322387695312e-08, 1, -9.685751223287298e-08, 5.215407838932151e-08, 1.2293457984924316e-07, 0.7257028222084045, -0.6880084872245789, 5.960464477539063e-08, 0.6880083084106445, 0.725702702999115),
            ["RightUpperArm"] = CFrame.new(-5.960464477539063e-08, 2.384185791015625e-07, 0, 0.25874459743499756, -0.9028408527374268, -0.3434087634086609, 0.9081732034683228, 0.34848275780677795, -0.23190827667713165, 0.329048216342926, -0.25186944007873535, 0.9101038575172424),
            ["Head"] = CFrame.new(-8.940696716308594e-08, 2.384185791015625e-07, 2.2351741790771484e-08, 0.9095469117164612, 0.027851268649101257, 0.4146669805049896, 0.14927402138710022, 0.9092790484428406, -0.38849571347236633, -0.38786813616752625, 0.4152540862560272, 0.8228744864463806),
            ["RightHand"] = CFrame.new(-4.544854164123535e-07, 1.1920928955078125e-07, 1.043081283569336e-07, 0.973145604133606, 0.09452173113822937, 0.20988890528678894, -0.18235208094120026, 0.8730170726776123, 0.45231473445892334, -0.1404828429222107, -0.4784420430660248, 0.8668091893196106),
            ["UpperTorso"] = CFrame.new(1.30385160446167e-08, -5.960464477539063e-08, -1.6298145055770874e-09, 0.9923697710037231, 0.11170745640993118, -0.05219016224145889, -0.10648789256811142, 0.989870548248291, 0.09389803558588028, 0.06215063855051994, -0.0876239463686943, 0.9942129850387573),
            ["HumanoidRootPart"] = CFrame.new(0, 0, 0, 1, 0, 0, 0, 1, 0, 0, 0, 1),
            ["RightUpperLeg"] = CFrame.new(-2.9802322387695312e-08, 1.0337680578231812e-07, 5.045876605436206e-08, 0.9781623482704163, 0.06495580822229385, 0.19743165373802185, 0.04676131159067154, 0.8567787408828735, -0.5135596990585327, -0.20251384377479553, 0.5115768909454346, 0.8350313305854797),
            ["LeftUpperArm"] = CFrame.new(-2.384185791015625e-07, 3.5762786865234375e-07, 1.1920928955078125e-07, 0.2906809151172638, 0.7641641497612, 0.5758104920387268, -0.9075160622596741, 0.4108771085739136, -0.08714678138494492, -0.30318179726600647, -0.4972255229949951, 0.8129255175590515),
            ["RightLowerArm"] = CFrame.new(0, -2.384185791015625e-07, 2.086162567138672e-07, 1, -4.4703469370688254e-08, 5.21540641784668e-08, 1.1920927533992653e-07, 0.4399956464767456, -0.8980001211166382, 7.450579886381092e-08, 0.8979999423027039, 0.4399953782558441),
            ["LeftHand"] = CFrame.new(5.513429641723633e-07, -2.384185791015625e-07, -5.960464477539063e-08, 0.9100850820541382, 0.3185499608516693, -0.2650866210460663, -0.05106999725103378, 0.720986008644104, 0.6910649538040161, 0.41126278042793274, -0.6153902411460876, 0.6724272966384888),
            ["LeftFoot"] = CFrame.new(-3.725290298461914e-09, 5.960464477539063e-08, -5.21540641784668e-08, 0.9510258436203003, 0.15012982487678528, 0.27020543813705444, 0.031245633959770203, 0.8229691982269287, -0.5672261118888855, -0.30752837657928467, 0.5478894114494324, 0.7779741287231445),
            ["LowerTorso"] = CFrame.new(-0.0034707298036664724, -0.2165665626525879, -0.3614537715911865, 0.9614163637161255, 0.034314874559640884, -0.27294889092445374, -0.04006418585777283, 0.9990767240524292, -0.01551638450473547, 0.27216440439224243, 0.02585318498313427, 0.9619033932685852),
            ["RightLowerLeg"] = CFrame.new(-6.51925802230835e-09, -0.00012254714965820312, -0.00007751600787742063, 1, -1.2945379523898737e-07, -1.0011719808744601e-07, 1.3597309589385986e-07, 0.2906077206134796, 0.9568421244621277, -1.2153759598731995e-07, -0.956842303276062, 0.29060831665992737),
            ["LeftUpperLeg"] = CFrame.new(2.384185791015625e-07, -1.7695128917694092e-07, -2.9802322387695312e-08, 0.9848653674125671, -0.09992654621601105, 0.14161595702171326, 0.14246413111686707, 0.9320751428604126, -0.3330764174461365, -0.09871333837509155, 0.3482106029987335, 0.9322044253349304),
            ["LeftLowerLeg"] = CFrame.new(-3.725290298461914e-08, 0.0001227259635925293, 0.00007748231291770935, 1, 1.0058282384761696e-07, 7.450580596923828e-08, -5.5879347371501353e-08, 0.4336475431919098, 0.9010826349258423, 2.607702853651972e-08, -0.9010825753211975, 0.43364760279655457),
        }},
        {Time = 0.034, Data = {
            ["RightFoot"] = CFrame.new(-1.6763806343078613e-08, 2.980232238769531e-07, 4.267349140718579e-08, 0.989575207233429, 0.13656334578990936, 0.04573296755552292, -0.09371519833803177, 0.8517301678657532, -0.5155316591262817, -0.10935474932193756, 0.5058716535568237, 0.8556492328643799),
            ["LeftLowerArm"] = CFrame.new(-1.7881393432617188e-07, 4.172325134277344e-07, 1.1920928955078125e-07, 1, -7.450580596923828e-09, -7.450580596923828e-09, 2.60770320892334e-08, 0.7194051742553711, -0.6945905685424805, 7.450580596923828e-08, 0.69459068775177, 0.7194052338600159),
            ["RightUpperArm"] = CFrame.new(0, -4.76837158203125e-07, -4.470348358154297e-08, 0.23404748737812042, -0.8678540587425232, -0.4382362365722656, 0.8860594034194946, 0.37592899799346924, -0.2712494432926178, 0.4001506567001343, -0.3248180150985718, 0.8569554686546326),
            ["Head"] = CFrame.new(7.450580596923828e-09, -2.384185791015625e-07, 3.725290298461914e-08, 0.9397580027580261, 0.004039214923977852, 0.34181684255599976, 0.17651450634002686, 0.8505750894546509, -0.49534299969673157, -0.29274168610572815, 0.5258381366729736, 0.7986217141151428),
            ["RightHand"] = CFrame.new(-8.568167686462402e-08, -2.384185791015625e-07, 8.940696716308594e-08, 0.9739368557929993, 0.14003713428974152, 0.17842842638492584, -0.2094043344259262, 0.8574247360229492, 0.4700768291950226, -0.08716058731079102, -0.495189368724823, 0.8644021153450012),
            ["UpperTorso"] = CFrame.new(3.259629011154175e-08, -5.960464477539063e-08, 3.073364496231079e-08, 0.9937841296195984, 0.10030199587345123, -0.04829753190279007, -0.09611988812685013, 0.9919639825820923, 0.0822717621922493, 0.056161463260650635, -0.07711800187826157, 0.9954390525817871),
            ["HumanoidRootPart"] = CFrame.new(0, 0, 0, 1, 0, 0, 0, 1, 0, 0, 0, 1),
            ["RightUpperLeg"] = CFrame.new(5.960464477539063e-08, -1.2869713827967644e-07, 3.892637323588133e-09, 0.982127845287323, -0.18735121190547943, -0.018012383952736855, 0.1376960724592209, 0.7804598808288574, -0.6098544001579285, 0.128314808011055, 0.5964745283126831, 0.7923088669776917),
            ["LeftUpperArm"] = CFrame.new(-1.1920928955078125e-07, -5.960464477539062e-07, 0, 0.3024049401283264, 0.7662310004234314, 0.5669580101966858, -0.898906409740448, 0.4270970821380615, -0.0977519229054451, -0.31704655289649963, -0.4800814390182495, 0.817926287651062),
            ["RightLowerArm"] = CFrame.new(-4.172325134277344e-07, 0, 2.980232238769531e-07, 1, -6.705520405603238e-08, 1.266598843585598e-07, 1.1920927533992653e-07, 0.36687394976615906, -0.930270791053772, 2.1606680888908159e-07, 0.9302706122398376, 0.36687377095222473),
            ["LeftHand"] = CFrame.new(1.4901161193847656e-07, -2.384185791015625e-07, -5.960464477539063e-08, 0.943627655506134, 0.2523207664489746, -0.2142457515001297, -0.027708731591701508, 0.7051917314529419, 0.7084751129150391, 0.32984721660614014, -0.6626001000404358, 0.6724298596382141),
            ["LeftFoot"] = CFrame.new(-1.7462298274040222e-08, 1.7881393432617188e-07, 1.4901161193847656e-08, 0.9951616525650024, 0.023576825857162476, -0.0953807607293129, -0.06331565976142883, 0.8962172269821167, -0.43907415866851807, 0.07512977719306946, 0.44298848509788513, 0.8933736085891724),
            ["LowerTorso"] = CFrame.new(-0.011372828856110573, -0.23053300380706787, -0.3497886061668396, 0.9729884266853333, 0.05914733558893204, -0.22314833104610443, -0.05846681073307991, 0.9982426166534424, 0.009661137126386166, 0.2233276218175888, 0.003646595636382699, 0.9747366309165955),
            ["RightLowerLeg"] = CFrame.new(5.960464477539063e-08, -0.00012248754501342773, -0.00007761845336062834, 1, -1.7508860139514582e-07, -1.1548402767402877e-07, 1.49011640360186e-07, 0.1724155694246292, 0.9850242137908936, -6.705523958316917e-08, -0.9850243926048279, 0.17241598665714264),
            ["LeftUpperLeg"] = CFrame.new(2.9802322387695312e-08, -3.94647940993309e-08, 4.0978193283081055e-08, 0.9294183850288391, 0.11593605577945709, 0.35034313797950745, 0.06512723863124847, 0.8829348683357239, -0.46495670080184937, -0.3632354140281677, 0.45495596528053284, 0.813065230846405),
            ["LeftLowerLeg"] = CFrame.new(1.3969838619232178e-08, 0.0001227855682373047, 0.00007732212543487549, 1, 1.0337678446603604e-07, 6.612388858684426e-08, -8.847565169389782e-08, 0.25245392322540283, 0.9676089286804199, 4.0978196835794733e-08, -0.9676089286804199, 0.25245413184165955),
        }},
        {Time = 0.069, Data = {
            ["RightFoot"] = CFrame.new(4.470348358154297e-08, 2.980232238769531e-07, -2.438173396512866e-08, 0.8750216960906982, 0.13634338974952698, 0.46448588371276855, 0.03380956873297691, 0.9399604797363281, -0.33960437774658203, -0.4829014539718628, 0.3128657937049866, 0.817876398563385),
            ["LeftLowerArm"] = CFrame.new(4.172325134277344e-07, -2.384185791015625e-07, 1.1920928955078125e-07, 1, 2.2351736461700966e-08, -5.960463766996327e-08, 8.195637946073475e-08, 0.7583420276641846, -0.6518568992614746, 3.725289943190546e-08, 0.6518568396568298, 0.7583420276641846),
            ["RightUpperArm"] = CFrame.new(1.1920928955078125e-07, 2.384185791015625e-07, -7.450580596923828e-09, 0.23342591524124146, -0.8494842052459717, -0.4731692671775818, 0.8624003529548645, 0.40565603971481323, -0.30283454060554504, 0.4491971731185913, -0.33737191557884216, 0.8272860050201416),
            ["Head"] = CFrame.new(2.9802322387695312e-08, 0, 0, 0.9561328887939453, 0.003900507465004921, 0.2929074764251709, 0.16449269652366638, 0.8202298283576965, -0.5478731989860535, -0.24238838255405426, 0.5720207691192627, 0.7836071252822876),
            ["RightHand"] = CFrame.new(1.4156103134155273e-07, 1.7881393432617188e-07, -2.2351741790771484e-08, 0.9789174795150757, 0.10957846790552139, 0.17237509787082672, -0.17961174249649048, 0.8636612296104431, 0.47098711133003235, -0.09726372361183167, -0.4920182526111603, 0.8651346564292908),
            ["UpperTorso"] = CFrame.new(-1.210719347000122e-08, -2.384185791015625e-07, 1.3504177331924438e-08, 0.9969828724861145, 0.07574501633644104, -0.01697147637605667, -0.07352941483259201, 0.9916201829910278, 0.10622147470712662, 0.024875028058886528, -0.10465309023857117, 0.9941977262496948),
            ["HumanoidRootPart"] = CFrame.new(0, 0, 0, 1, 0, 0, 0, 1, 0, 0, 0, 1),
            ["RightUpperLeg"] = CFrame.new(0, -3.9534643292427063e-07, 8.026108844205737e-08, 0.8258762955665588, -0.5269162654876709, -0.20071716606616974, 0.22405031323432922, 0.6333370208740234, -0.7407332062721252, 0.5174261927604675, 0.566783607006073, 0.6411138772964478),
            ["LeftUpperArm"] = CFrame.new(0, -2.384185791015625e-07, -2.2351741790771484e-08, 0.3448062539100647, 0.7766410112380981, 0.5271979570388794, -0.8793976902961731, 0.4636923670768738, -0.10793063789606094, -0.32828110456466675, -0.4264015555381775, 0.842860221862793),
            ["RightLowerArm"] = CFrame.new(-4.76837158203125e-07, 2.980232238769531e-07, 2.384185791015625e-07, 1, -9.685753354915505e-08, 5.21540464148984e-08, 2.3841855067985307e-07, 0.39236849546432495, -0.9198081493377686, 8.940695295223122e-08, 0.9198081493377686, 0.39236828684806824),
            ["LeftHand"] = CFrame.new(1.043081283569336e-07, 0, 0, 0.9463925957679749, 0.23281370103359222, -0.22391672432422638, -0.008992671966552734, 0.7119213938713074, 0.7022016644477844, 0.3228934705257416, -0.662544846534729, 0.6758506894111633),
            ["LeftFoot"] = CFrame.new(-1.955777406692505e-08, 5.960464477539063e-08, -7.450580596923828e-09, 0.9456611275672913, 0.06252476572990417, -0.3190852701663971, -0.13055463135242462, 0.9717734456062317, -0.19649936258792877, 0.29779279232025146, 0.2274797409772873, 0.9271314144134521),
            ["LowerTorso"] = CFrame.new(-0.028403624892234802, -0.23762905597686768, -0.3510383069515228, 0.9737777709960938, 0.08824501186609268, -0.2096899300813675, -0.09106156975030899, 0.9958380460739136, -0.003795972792431712, 0.2084822654724121, 0.022791124880313873, 0.9777605533599854),
            ["RightLowerLeg"] = CFrame.new(-2.9802322387695312e-08, -0.00012254714965820312, -0.00007732043013675138, 1, -2.0116563348437921e-07, -1.5646223516796454e-07, 1.2665984172599565e-07, 0.022797027602791786, 0.9997401237487793, -1.415610029198433e-07, -0.9997401237487793, 0.02279733680188656),
            ["LeftUpperLeg"] = CFrame.new(2.9802322387695312e-08, -7.82310962677002e-08, 5.541369318962097e-08, 0.8041449189186096, 0.29728949069976807, 0.5147518515586853, 0.04761834070086479, 0.8309547901153564, -0.5542983412742615, -0.5925229787826538, 0.47024813294410706, 0.6540518403053284),
            ["LeftLowerLeg"] = CFrame.new(5.21540641784668e-08, 0.00012284517288208008, 0.00007744133472442627, 1, 1.5459954738616943e-07, 1.0989606380462646e-07, -1.3969838619232178e-07, 0.10988448560237885, 0.9939444661140442, 6.798654794692993e-08, -0.9939444065093994, 0.1098843440413475),
        }},
        {Time = 0.103, Data = {
            ["RightFoot"] = CFrame.new(3.725290298461914e-08, 1.1920928955078125e-07, -9.143695933744311e-08, 0.7726060152053833, 0.12388110160827637, 0.6226824522018433, 0.05844888836145401, 0.9627349972724915, -0.264055073261261, -0.6321895718574524, 0.2404058575630188, 0.7365742325782776),
            ["LeftLowerArm"] = CFrame.new(5.960464477539062e-07, -5.960464477539063e-08, 5.960464477539063e-08, 1, -8.195637946073475e-08, -2.2351734685344127e-08, -5.587935447692871e-08, 0.790998101234436, -0.6118186712265015, -1.4901161193847656e-08, 0.6118186712265015, 0.7909980416297913),
            ["RightUpperArm"] = CFrame.new(1.1920928955078125e-07, 3.5762786865234375e-07, 1.4901161193847656e-08, 0.2401529848575592, -0.8632957339286804, -0.443899929523468, 0.8433716893196106, 0.4119836091995239, -0.3449546992778778, 0.48067736625671387, -0.2915307283401489, 0.8270182609558105),
            ["Head"] = CFrame.new(5.21540641784668e-08, -2.384185791015625e-07, -3.725290298461914e-08, 0.9580864310264587, -0.012415513396263123, 0.2862102687358856, 0.1571941375732422, 0.8580106496810913, -0.48898646235466003, -0.23950041830539703, 0.5134817957878113, 0.8240000605583191),
            ["RightHand"] = CFrame.new(-3.725290298461914e-08, 1.1920928955078125e-07, 9.685754776000977e-08, 0.9645088911056519, 0.11936140060424805, 0.23553243279457092, -0.2267165184020996, 0.8316153883934021, 0.5069670081138611, -0.1353600174188614, -0.5423732995986938, 0.8291615843772888),
            ["UpperTorso"] = CFrame.new(-3.958120942115784e-09, 1.7881393432617188e-07, -1.2456439435482025e-08, 0.9971192479133606, 0.07566186040639877, 0.005337581969797611, -0.07579073309898376, 0.9910928606987, 0.10950277000665665, 0.002995187882333994, -0.10959188640117645, 0.99397212266922),
            ["HumanoidRootPart"] = CFrame.new(0, 0, 0, 1, 0, 0, 0, 1, 0, 0, 0, 1),
            ["RightUpperLeg"] = CFrame.new(-5.960464477539063e-08, 7.217749953269958e-07, 5.75528247281909e-09, 0.7212223410606384, -0.6488128304481506, -0.24265187978744507, 0.27486270666122437, 0.5895863175392151, -0.7594989538192749, 0.6358370780944824, 0.4810717701911926, 0.6035574078559875),
            ["LeftUpperArm"] = CFrame.new(0, 0, -1.4901161193847656e-08, 0.39117202162742615, 0.7823104858398438, 0.48474228382110596, -0.8734953999519348, 0.48145949840545654, -0.07212865352630615, -0.28981083631515503, -0.3952052891254425, 0.8716779351234436),
            ["RightLowerArm"] = CFrame.new(5.960464477539063e-08, 1.1920928955078125e-07, 2.9802322387695312e-08, 1, -5.960463766996327e-08, 7.450579175838357e-08, 1.6391277313232422e-07, 0.4264694154262543, -0.9045020937919617, 1.1920928955078125e-07, 0.9045019745826721, 0.42646923661231995),
            ["LeftHand"] = CFrame.new(5.140900611877441e-07, -1.1920928955078125e-07, -5.960464477539063e-08, 0.9568992853164673, 0.21910445392131805, -0.1906227469444275, -0.030636467039585114, 0.7288628220558167, 0.6839739084243774, 0.28879955410957336, -0.6486541032791138, 0.7041609287261963),
            ["LeftFoot"] = CFrame.new(4.0978193283081055e-08, 0, -1.862645149230957e-08, 0.9290748834609985, 0.08027417212724686, -0.36107584834098816, -0.14698219299316406, 0.9759100675582886, -0.16123197972774506, 0.339434951543808, 0.2028685212135315, 0.9184925556182861),
            ["LowerTorso"] = CFrame.new(-0.03258344903588295, -0.2439178228378296, -0.3854225277900696, 0.9721288681030273, 0.08886364847421646, -0.21695321798324585, -0.09829318523406982, 0.9946087598800659, -0.033044371753931046, 0.21284709870815277, 0.05344840884208679, 0.9756226539611816),
            ["RightLowerLeg"] = CFrame.new(-1.4901161193847656e-08, -0.00012224912643432617, -0.00007746944174868986, 1, -1.4901158351676713e-07, -7.450583439094771e-08, 2.3841855067985307e-07, -0.0033035867381840944, 0.9999946355819702, -1.7881390590446244e-07, -0.9999945163726807, -0.0033033054787665606),
            ["LeftUpperLeg"] = CFrame.new(-1.1920928955078125e-07, 9.313225746154785e-08, -3.725290298461914e-08, 0.764667809009552, 0.3341388404369354, 0.5510302782058716, 0.014474928379058838, 0.8459516763687134, -0.5330628156661987, -0.6442621350288391, 0.4155924320220947, 0.6420354843139648),
            ["LeftLowerLeg"] = CFrame.new(1.0058283805847168e-07, 0.0001227259635925293, 0.00007721781730651855, 1, 2.1047893028480757e-07, 9.685754776000977e-08, -4.842877388000488e-08, 0.09232675284147263, 0.9957287907600403, 6.891787052154541e-08, -0.9957288503646851, 0.09232655167579651),
        }},
        {Time = 0.138, Data = {
            ["RightFoot"] = CFrame.new(1.4901161193847656e-08, 3.5762786865234375e-07, -1.3205863069742918e-08, 0.9008476138114929, 0.1861240267753601, 0.3922140300273895, 0.030059747397899628, 0.8745259642601013, -0.4840456247329712, -0.43309372663497925, 0.44784170389175415, 0.7822199463844299),
            ["LeftLowerArm"] = CFrame.new(8.940696716308594e-08, 1.7881393432617188e-07, -2.9802322387695312e-08, 1, -7.45057615603173e-09, -6.705523958316917e-08, 4.0978189730367376e-08, 0.7947587966918945, -0.606925904750824, 2.2351738238057806e-08, 0.606925368309021, 0.7947584986686707),
            ["RightUpperArm"] = CFrame.new(-5.960464477539063e-08, -2.384185791015625e-07, -2.9802322387695312e-08, 0.2651669383049011, -0.8948136568069458, -0.35915833711624146, 0.8310149312019348, 0.40099582076072693, -0.3855087161064148, 0.488979309797287, -0.19624193012714386, 0.8499343991279602),
            ["Head"] = CFrame.new(3.725290298461914e-08, -2.384185791015625e-07, 7.450580596923828e-09, 0.9506551623344421, -0.015106821432709694, 0.3098818361759186, 0.1558021903038025, 0.8869816660881042, -0.43472906947135925, -0.2682921290397644, 0.4615577161312103, 0.8455672264099121),
            ["RightHand"] = CFrame.new(-1.1222437024116516e-07, -1.7881393432617188e-07, 8.568167686462402e-08, 0.9556183815002441, 0.12783458828926086, 0.26542794704437256, -0.2551106810569763, 0.8096858263015747, 0.5285142660140991, -0.14735062420368195, -0.5727714896202087, 0.8063626289367676),
            ["UpperTorso"] = CFrame.new(3.958120942115784e-08, 2.9802322387695312e-08, -2.421438694000244e-08, 0.9961756467819214, 0.08650672435760498, 0.01227462850511074, -0.0872483029961586, 0.99239581823349, 0.08682353049516678, -0.004670463968068361, -0.08756241947412491, 0.9961481690406799),
            ["HumanoidRootPart"] = CFrame.new(0, 0, 0, 1, 0, 0, 0, 1, 0, 0, 0, 1),
            ["RightUpperLeg"] = CFrame.new(5.960464477539063e-08, -6.239861249923706e-08, 9.480572771281004e-09, 0.8758843541145325, -0.4545322358608246, -0.16194753348827362, 0.25853702425956726, 0.725465714931488, -0.6378541588783264, 0.40741270780563354, 0.5168171525001526, 0.7529377341270447),
            ["LeftUpperArm"] = CFrame.new(1.7881393432617188e-07, -2.384185791015625e-07, -5.960464477539063e-08, 0.4043554365634918, 0.7521985769271851, 0.520282506942749, -0.8635640144348145, 0.5013708472251892, -0.05370820686221123, -0.30125367641448975, -0.42757999897003174, 0.8523037433624268),
            ["RightLowerArm"] = CFrame.new(-1.1920928955078125e-07, 4.172325134277344e-07, 0, 1, -1.0384246706962585e-07, 9.685754776000977e-08, 1.7881393432617188e-07, 0.4609586298465729, -0.887421727180481, 7.450580596923828e-08, 0.887421727180481, 0.4609585404396057),
            ["LeftHand"] = CFrame.new(-2.2351741790771484e-07, 5.960464477539063e-08, -5.960464477539063e-08, 0.9693859219551086, 0.1924760341644287, -0.15245944261550903, -0.044530607759952545, 0.7484235167503357, 0.6617241501808167, 0.24147039651870728, -0.6346773505210876, 0.7340825796127319),
            ["LeftFoot"] = CFrame.new(-2.7474015951156616e-08, 0, 0, 0.9900699853897095, -0.0013667074963450432, -0.14056922495365143, -0.056794315576553345, 0.9108210206031799, -0.4088759124279022, 0.12859222292900085, 0.41279929876327515, 0.9016989469528198),
            ["LowerTorso"] = CFrame.new(-0.02257087640464306, -0.25296568870544434, -0.4139087498188019, 0.9691660404205322, 0.074294313788414, -0.23494157195091248, -0.08395209908485413, 0.9959762096405029, -0.03136167302727699, 0.2316662073135376, 0.05011851340532303, 0.9715034365653992),
            ["RightLowerLeg"] = CFrame.new(-1.341104507446289e-07, -0.00012218952178955078, -0.00007732043013675138, 1, -5.21540464148984e-08, -1.5646224937881925e-07, 1.9371513815258368e-07, 0.08713813126087189, 0.9961962699890137, -1.7881397695873602e-07, -0.9961962699890137, 0.0871383398771286),
            ["LeftUpperLeg"] = CFrame.new(-1.7881393432617188e-07, 3.46451997756958e-07, -1.341104507446289e-07, 0.9080772995948792, 0.13563938438892365, 0.39622920751571655, 0.0521816648542881, 0.9020830988883972, -0.428396075963974, -0.4155389368534088, 0.4096927046775818, 0.8120833039283752),
            ["LeftLowerLeg"] = CFrame.new(-5.494803190231323e-08, 0.00012236833572387695, 0.00007753819227218628, 1, 8.568168397005138e-08, 5.308539385850963e-08, -8.754434333013705e-08, 0.20436175167560577, 0.9788955450057983, 8.381905303167514e-08, -0.9788954854011536, 0.2043616771697998),
        }},
        {Time = 0.172, Data = {
            ["RightFoot"] = CFrame.new(1.862645149230957e-08, 4.172325134277344e-07, 7.620110409334302e-08, 0.9972009658813477, 0.004756704904139042, -0.07461734861135483, -0.05206499993801117, 0.7604276537895203, -0.647331953048706, 0.05366191267967224, 0.649405300617218, 0.7585470676422119),
            ["LeftLowerArm"] = CFrame.new(4.470348358154297e-07, -1.1920928955078125e-07, 1.4901161193847656e-07, 1, 1.1175866632129328e-07, -8.940695295223122e-08, 9.685754776000977e-08, 0.8111753463745117, -0.5848032236099243, 1.4901161193847656e-08, 0.58480304479599, 0.8111752271652222),
            ["RightUpperArm"] = CFrame.new(1.1920928955078125e-07, 7.152557373046875e-07, 2.9802322387695312e-08, 0.3032805919647217, -0.9229812026023865, -0.23690997064113617, 0.8271164894104004, 0.37843814492225647, -0.4155276119709015, 0.4731799066066742, -0.06993068754673004, 0.8781858682632446),
            ["Head"] = CFrame.new(2.2351741790771484e-08, 4.76837158203125e-07, 2.9802322387695312e-08, 0.9384936094284058, -0.0005832090391777456, 0.3452962338924408, 0.16001050174236298, 0.886882483959198, -0.43340060114860535, -0.3059844672679901, 0.4619947075843811, 0.8324268460273743),
            ["RightHand"] = CFrame.new(-1.6763806343078613e-07, 0, -8.195638656616211e-08, 0.9621315002441406, 0.11720377951860428, 0.24610209465026855, -0.23516544699668884, 0.8134480118751526, 0.5319769382476807, -0.13784131407737732, -0.5697066187858582, 0.8102063536643982),
            ["UpperTorso"] = CFrame.new(-3.725290298461914e-08, 2.9802322387695312e-08, 8.149072527885437e-09, 0.9946878552436829, 0.10228212922811508, 0.011597100645303726, -0.10288667678833008, 0.9914059042930603, 0.08080130815505981, -0.0032329135574400425, -0.08156528323888779, 0.9966627955436707),
            ["HumanoidRootPart"] = CFrame.new(0, 0, 0, 1, 0, 0, 0, 1, 0, 0, 0, 1),
            ["RightUpperLeg"] = CFrame.new(5.960464477539063e-08, -5.4016709327697754e-08, 4.300818545743823e-08, 0.9923301935195923, -0.10866155475378036, 0.05893618240952492, 0.12346528470516205, 0.8477231860160828, -0.5158698558807373, 0.006093601230531931, 0.5191898941993713, 0.8546372056007385),
            ["LeftUpperArm"] = CFrame.new(-3.5762786865234375e-07, 9.5367431640625e-07, -1.4901161193847656e-08, 0.3973165452480316, 0.7041391730308533, 0.5884959697723389, -0.8498715162277222, 0.52426677942276, -0.05350693315267563, -0.3462049067020416, -0.4788866341114044, 0.8067277669906616),
            ["RightLowerArm"] = CFrame.new(1.7881393432617188e-07, -1.1920928955078125e-07, 2.8312206268310547e-07, 1, 3.352760558072987e-08, 8.940695295223122e-08, 1.341104507446289e-07, 0.49628597497940063, -0.8681592345237732, 5.960464477539063e-08, 0.8681591153144836, 0.4962857663631439),
            ["LeftHand"] = CFrame.new(2.2351741790771484e-07, 0, 0, 0.9791054129600525, 0.15391220152378082, -0.13290490210056305, -0.03227350488305092, 0.7628925442695618, 0.6457192301750183, 0.2007760852575302, -0.6279379725456238, 0.7519196271896362),
            ["LeftFoot"] = CFrame.new(5.21540641784668e-08, 0, 2.9802322387695312e-08, 0.9555981159210205, 0.11552875488996506, 0.2710820734500885, 0.07816721498966217, 0.7876019477844238, -0.6112059354782104, -0.2841165363788605, 0.6052573323249817, 0.7436006665229797),
            ["LowerTorso"] = CFrame.new(-0.011917001567780972, -0.2777174711227417, -0.43432098627090454, 0.9621875286102295, 0.05331183969974518, -0.2671199440956116, -0.06238975748419762, 0.9977233409881592, -0.025607170537114143, 0.2651466429233551, 0.04130444675683975, 0.9633229970932007),
            ["RightLowerLeg"] = CFrame.new(-9.685754776000977e-08, -0.00012242794036865234, -0.00007727572665316984, 1, -2.0116563348437921e-07, -1.229346224818073e-07, 1.341104507446289e-07, 0.18541917204856873, 0.9826594591140747, -1.2293457984924316e-07, -0.9826595187187195, 0.18541966378688812),
            ["LeftUpperLeg"] = CFrame.new(-5.960464477539063e-08, 1.3969838619232178e-07, 7.450580596923828e-08, 0.9844930768013, -0.1409633755683899, 0.10441676527261734, 0.1682576835155487, 0.9271689653396606, -0.3347342610359192, -0.04962672293186188, 0.34711262583732605, 0.9365095496177673),
            ["LeftLowerLeg"] = CFrame.new(-2.2351741790771484e-08, 0.00012254714965820312, 0.00007748976349830627, 1, 2.9802318834981634e-08, 3.725290298461914e-08, -1.1175872316471214e-07, 0.34704405069351196, 0.9378489255905151, 2.6077035641947077e-08, -0.9378488063812256, 0.34704381227493286),
        }},
        {Time = 0.207, Data = {
            ["RightFoot"] = CFrame.new(1.6065314412117004e-08, 1.7881393432617188e-07, 5.9437297750264406e-08, 0.9409279227256775, -0.08802767843008041, -0.32696473598480225, -0.15400390326976776, 0.7487097978591919, -0.6447603106498718, 0.3015584945678711, 0.6570271849632263, 0.6909257173538208),
            ["LeftLowerArm"] = CFrame.new(-2.980232238769531e-07, 1.7881393432617188e-07, 0, 1, -6.332992796842518e-08, 1.0430814256778831e-07, 5.960464477539063e-08, 0.8399826288223267, -0.5426133275032043, 1.4901161193847656e-08, 0.5426133275032043, 0.8399826288223267),
            ["RightUpperArm"] = CFrame.new(0, -3.5762786865234375e-07, -7.450580596923828e-08, 0.33540448546409607, -0.9299003481864929, -0.1509609967470169, 0.818782389163971, 0.36699676513671875, -0.44148457050323486, 0.4659391939640045, 0.024471698328852654, 0.8844785690307617),
            ["Head"] = CFrame.new(-5.960464477539063e-08, -1.1920928955078125e-07, -7.450580596923828e-09, 0.9310697317123413, 0.03501057252287865, 0.36315757036209106, 0.15664057433605194, 0.8606155514717102, -0.484566330909729, -0.32950398325920105, 0.5080503821372986, 0.7958090305328369),
            ["RightHand"] = CFrame.new(-2.682209014892578e-07, -2.384185791015625e-07, -4.470348358154297e-08, 0.967512845993042, 0.10511987656354904, 0.22993148863315582, -0.21443763375282288, 0.8229578733444214, 0.5260768532752991, -0.13392293453216553, -0.5582922697067261, 0.8187642097473145),
            ["UpperTorso"] = CFrame.new(4.6566128730773926e-09, 4.172325134277344e-07, -2.7474015951156616e-08, 0.993449866771698, 0.1134452149271965, 0.013701407238841057, -0.11424164474010468, 0.9886943101882935, 0.09712064266204834, -0.002528603421524167, -0.09804977476596832, 0.9951782822608948),
            ["HumanoidRootPart"] = CFrame.new(0, 0, 0, 1, 0, 0, 0, 1, 0, 0, 0, 1),
            ["RightUpperLeg"] = CFrame.new(0, 1.5925616025924683e-07, -6.129994289949536e-08, 0.9666323661804199, 0.11007996648550034, 0.23131008446216583, 0.022434771060943604, 0.8631153106689453, -0.5045081973075867, -0.25518345832824707, 0.4928635358810425, 0.8318456411361694),
            ["LeftUpperArm"] = CFrame.new(0, -2.384185791015625e-07, -2.9802322387695312e-08, 0.37565934658050537, 0.6752627491950989, 0.6347439885139465, -0.8414055109024048, 0.5356088876724243, -0.07183198630809784, -0.38848015666007996, -0.5070931315422058, 0.7693764567375183),
            ["RightLowerArm"] = CFrame.new(1.7881393432617188e-07, 2.384185791015625e-07, -5.960464477539063e-08, 1, -3.725290298461914e-08, 1.3411046495548362e-07, 8.940695295223122e-08, 0.49691158533096313, -0.8678015470504761, -4.470347647611561e-08, 0.8678012490272522, 0.49691104888916016),
            ["LeftHand"] = CFrame.new(2.8312206268310547e-07, -1.1920928955078125e-07, 8.940696716308594e-08, 0.9802659749984741, 0.12468165904283524, -0.1534050703048706, 0.005212497431784868, 0.7594430446624756, 0.6505531668663025, 0.197614386677742, -0.6385146379470825, 0.743806004524231),
            ["LeftFoot"] = CFrame.new(-2.60770320892334e-08, 0, 4.470348358154297e-08, 0.7942996621131897, 0.26466622948646545, 0.5468456149101257, 0.19117312133312225, 0.7455041408538818, -0.6384953856468201, -0.5766637921333313, 0.6116988658905029, 0.5415565371513367),
            ["LowerTorso"] = CFrame.new(-0.0021125804632902145, -0.3048173189163208, -0.4432029724121094, 0.9535492062568665, 0.030001206323504448, -0.29973962903022766, -0.041057437658309937, 0.9986864328384399, -0.030654914677143097, 0.29842621088027954, 0.041537508368492126, 0.9535284042358398),
            ["RightLowerLeg"] = CFrame.new(-6.612390279769897e-08, -0.00012242794036865234, -0.00007749179349048063, 1, -1.3830140233039856e-07, -1.3923279595928761e-07, 1.434236764907837e-07, 0.18054156005382538, 0.9835673570632935, -1.41095370054245e-07, -0.9835674166679382, 0.18054167926311493),
            ["LeftUpperLeg"] = CFrame.new(5.960464477539063e-08, -1.51805579662323e-07, 5.960464477539063e-08, 0.9431696534156799, -0.31185418367385864, -0.11479606479406357, 0.25837886333465576, 0.9054248929023743, -0.33681759238243103, 0.20897722244262695, 0.2880152761936188, 0.9345458149909973),
            ["LeftLowerLeg"] = CFrame.new(-1.043081283569336e-07, 0.00012284517288208008, 0.00007752329111099243, 1, 8.940696716308594e-08, 0, -2.980232594040899e-08, 0.37571099400520325, 0.9267369508743286, -7.450581485102248e-09, -0.9267368912696838, 0.37571102380752563),
        }},
        {Time = 0.241, Data = {
            ["RightFoot"] = CFrame.new(-1.1175870895385742e-08, 2.980232238769531e-07, 6.875052349641919e-08, 0.997188150882721, 0.03813499957323074, -0.06450944393873215, -0.06890099495649338, 0.8050848245620728, -0.589144229888916, 0.029468579217791557, 0.5919327139854431, 0.8054488301277161),
            ["LeftLowerArm"] = CFrame.new(1.1920928955078125e-07, -1.1920928955078125e-07, -8.940696716308594e-08, 1, 2.6077014325665004e-08, 2.607702853651972e-08, 8.195637946073475e-08, 0.8608571887016296, -0.5088470578193665, 0, 0.5088467001914978, 0.8608570098876953),
            ["RightUpperArm"] = CFrame.new(1.1920928955078125e-07, 3.5762786865234375e-07, 1.4901161193847656e-08, 0.3432072401046753, -0.9311988353729248, -0.12279020249843597, 0.8363790512084961, 0.3624808192253113, -0.4111909866333008, 0.4274095594882965, 0.03842470422387123, 0.9032412171363831),
            ["Head"] = CFrame.new(-1.4901161193847656e-08, 2.384185791015625e-07, -2.2351741790771484e-08, 0.9408254027366638, 0.10136140882968903, 0.32337814569473267, 0.11599115282297134, 0.8002777695655823, -0.5883041024208069, -0.31842365860939026, 0.5910003781318665, 0.74116450548172),
            ["RightHand"] = CFrame.new(-1.1175870895385742e-07, -5.960464477539063e-08, 1.7881393432617188e-07, 0.9874013662338257, 0.12253377586603165, 0.10012098401784897, -0.15516018867492676, 0.8739068508148193, 0.46066492795944214, -0.031049180775880814, -0.47039586305618286, 0.881909191608429),
            ["UpperTorso"] = CFrame.new(3.725290298461914e-09, -1.4901161193847656e-07, 9.313225746154785e-08, 0.9967342019081116, 0.07533910870552063, 0.02907145768404007, -0.07844450324773788, 0.9887878894805908, 0.1270633041858673, -0.019172612577676773, -0.1289287954568863, 0.9914684891700745),
            ["HumanoidRootPart"] = CFrame.new(0, 0, 0, 1, 0, 0, 0, 1, 0, 0, 0, 1),
            ["RightUpperLeg"] = CFrame.new(1.7881393432617188e-07, 4.936009645462036e-07, 1.3205863069742918e-08, 0.9949275851249695, -0.08233533054590225, 0.057793356478214264, 0.10054156929254532, 0.7953540086746216, -0.5977486371994019, 0.0032495278865098953, 0.6005271673202515, 0.7995977401733398),
            ["LeftUpperArm"] = CFrame.new(0, 1.1920928955078125e-07, -1.043081283569336e-07, 0.37111955881118774, 0.6984817385673523, 0.6118770241737366, -0.8285112380981445, 0.5466344356536865, -0.12149058282375336, -0.4193321168422699, -0.4618593156337738, 0.7815667390823364),
            ["RightLowerArm"] = CFrame.new(4.172325134277344e-07, 1.7881393432617188e-07, 1.043081283569336e-07, 1, -9.965150127300149e-08, -1.4901159417490817e-08, 8.195638656616211e-08, 0.5478526949882507, -0.8365748524665833, 2.9802322387695312e-08, 0.8365747928619385, 0.547852635383606),
            ["LeftHand"] = CFrame.new(2.086162567138672e-07, -1.7881393432617188e-07, 1.1920928955078125e-07, 0.9705339074134827, 0.13670773804187775, -0.19843140244483948, 0.029748594388365746, 0.74921053647995, 0.661663293838501, 0.2391214817762375, -0.6480699777603149, 0.723067581653595),
            ["LeftFoot"] = CFrame.new(-2.60770320892334e-08, 1.7881393432617188e-07, -7.450580596923828e-09, 0.9502030611038208, 0.05576317757368088, 0.30660220980644226, 0.15019522607326508, 0.7801015377044678, -0.607357382774353, -0.27304860949516296, 0.6231630444526672, 0.7328793406486511),
            ["LowerTorso"] = CFrame.new(0.005381542723625898, -0.30646276473999023, -0.41106194257736206, 0.9549826979637146, 0.04118068516254425, -0.2937895953655243, -0.05218906328082085, 0.9981947541236877, -0.029726391658186913, 0.2920350432395935, 0.0437207892537117, 0.9554077982902527),
            ["RightLowerLeg"] = CFrame.new(-6.332993507385254e-08, -0.00012242794036865234, -0.00007721612200839445, 1, -1.2665984172599565e-07, -1.9371518078514782e-07, 1.5273690223693848e-07, 0.06275610625743866, 0.9980289340019226, -8.940696716308594e-08, -0.9980289340019226, 0.06275640428066254),
            ["LeftUpperLeg"] = CFrame.new(-1.1920928955078125e-07, 5.6438148021698e-07, 7.078051567077637e-08, 0.9880624413490295, -0.12768696248531342, 0.08619090914726257, 0.15136806666851044, 0.9086958169937134, -0.3890497088432312, -0.028644852340221405, 0.39745205640792847, 0.9171758890151978),
            ["LeftLowerLeg"] = CFrame.new(2.2351741790771484e-08, 0.0001226663589477539, 0.00007735937833786011, 1, 5.960462345910855e-08, 6.70552182668871e-08, -7.450580596923828e-08, 0.23984642326831818, 0.9708107709884644, 6.705522537231445e-08, -0.9708108901977539, 0.23984673619270325),
        }},
        {Time = 0.276, Data = {
            ["RightFoot"] = CFrame.new(-3.725290298461914e-08, 2.384185791015625e-07, 3.894820110872388e-08, 0.9447776079177856, 0.007633981294929981, 0.3276231586933136, 0.1301720142364502, 0.9087352156639099, -0.3965546786785126, -0.30074986815452576, 0.41730350255966187, 0.8575590252876282),
            ["LeftLowerArm"] = CFrame.new(-5.960464477539063e-08, 5.960464477539063e-08, 1.1920928955078125e-07, 1, 4.470347292340193e-08, -5.960464477539063e-08, 8.568168397005138e-08, 0.8659142851829529, -0.5001927614212036, 7.450581485102248e-09, 0.5001925230026245, 0.8659141063690186),
            ["RightUpperArm"] = CFrame.new(-1.7881393432617188e-07, 2.384185791015625e-07, 4.470348358154297e-08, 0.3275975286960602, -0.9331651926040649, -0.14792735874652863, 0.8667836785316467, 0.3591398596763611, -0.34598392248153687, 0.3759867548942566, -0.014877619221806526, 0.9265056252479553),
            ["Head"] = CFrame.new(-1.4901161193847656e-08, 4.76837158203125e-07, 4.470348358154297e-08, 0.9639406800270081, 0.10034416615962982, 0.24647431075572968, 0.06043486297130585, 0.8194429278373718, -0.5699657797813416, -0.25916433334350586, 0.5643088221549988, 0.7838300466537476),
            ["RightHand"] = CFrame.new(-1.043081283569336e-07, 2.384185791015625e-07, -1.1920928955078125e-07, 0.9800591468811035, 0.1986989825963974, -0.0016375058330595493, -0.17889626324176788, 0.8859100341796875, 0.42797139286994934, 0.0864882543683052, -0.41914451122283936, 0.9037907719612122),
            ["UpperTorso"] = CFrame.new(-2.2351741790771484e-08, -2.980232238769531e-07, 1.862645149230957e-08, 0.9992388486862183, 0.024601219221949577, 0.03027396649122238, -0.028760623186826706, 0.9889140725135803, 0.14567746222019196, -0.026354480534791946, -0.14643727242946625, 0.9888688325881958),
            ["HumanoidRootPart"] = CFrame.new(0, 0, 0, 1, 0, 0, 0, 1, 0, 0, 0, 1),
            ["RightUpperLeg"] = CFrame.new(-8.940696716308594e-08, -5.066394805908203e-07, -9.85528458841145e-08, 0.8620210886001587, -0.4522622227668762, -0.22886325418949127, 0.1732686161994934, 0.6872450709342957, -0.70545893907547, 0.47633782029151917, 0.568465530872345, 0.6707826852798462),
            ["LeftUpperArm"] = CFrame.new(-2.384185791015625e-07, 1.1920928955078125e-07, 4.470348358154297e-08, 0.401389479637146, 0.7830793261528015, 0.47505077719688416, -0.840063750743866, 0.5214205384254456, -0.1497122198343277, -0.3649376928806305, -0.3389800190925598, 0.8671292066574097),
            ["RightLowerArm"] = CFrame.new(1.7881393432617188e-07, 5.364418029785156e-07, -1.601874828338623e-07, 1, 5.215404996761208e-08, -2.980232594040899e-08, 1.4156103134155273e-07, 0.6709323525428772, -0.7415188550949097, 5.960464477539063e-08, 0.7415185570716858, 0.6709319949150085),
            ["LeftHand"] = CFrame.new(-7.450580596923828e-08, -1.1920928955078125e-07, 8.940696716308594e-08, 0.9688211679458618, 0.1400011032819748, -0.2044145166873932, 0.031569235026836395, 0.7485669851303101, 0.6623071432113647, 0.24574175477027893, -0.6481103897094727, 0.7208079099655151),
            ["LeftFoot"] = CFrame.new(3.725290298461914e-09, -5.960464477539063e-08, 1.4901161193847656e-08, 0.9760035276412964, -0.13799569010734558, -0.1684473156929016, 0.05368616431951523, 0.9021754264831543, -0.428015798330307, 0.21103337407112122, 0.4087013006210327, 0.887934684753418),
            ["LowerTorso"] = CFrame.new(0.027013249695301056, -0.29780125617980957, -0.3907104730606079, 0.9755120277404785, 0.05830274149775505, -0.2120782881975174, -0.06989163160324097, 0.9964203834533691, -0.04755837842822075, 0.20854634046554565, 0.06121627241373062, 0.9760947823524475),
