return {
    ["Swing Rik"] = {
        {Time = 0.000, Data = {
            ["RightFoot"] = CFrame.new(-1.0477378964424133e-09, 2.980232238769531e-07, 3.894820110872388e-08, 0.994733452796936, -0.10244157165288925, 0.0033270393032580614, 0.08974603563547134, 0.8548592329025269, -0.5110393166542053, 0.04950755462050438, 0.5086466670036316, 0.8595510125160217),
            ["LeftLowerArm"] = CFrame.new(-2.9802322387695312e-08, 5.364418029785156e-07, -5.587935447692871e-08, 1, -2.980233304583635e-08, 3.725290298461914e-08, -3.725291186640334e-09, 0.9992803335189819, -0.03793186694383621, 3.72529100900465e-08, 0.03793179988861084, 0.9992803931236267),
            ["RightUpperArm"] = CFrame.new(0, 2.384185791015625e-07, -2.2351741790771484e-08, 0.5418371558189392, -0.17871040105819702, 0.8212642669677734, 0.6853649616241455, 0.6595504283905029, -0.3086554706096649, -0.4865052402019501, 0.730106770992279, 0.47985073924064636),
            ["Head"] = CFrame.new(-1.862645149230957e-08, 0, 1.816079020500183e-08, 0.9873412251472473, -0.05314674973487854, -0.14944179356098175, -0.024247944355010986, 0.8805387616157532, -0.47335338592529297, 0.156746506690979, 0.47098493576049805, 0.868103563785553),
            ["RightHand"] = CFrame.new(-5.960464477539063e-08, 2.980232238769531e-07, 1.043081283569336e-07, 0.9632248282432556, -0.03376530483365059, -0.2665668725967407, -0.029656972736120224, 0.9726517200469971, -0.2303672432899475, 0.26705512404441833, 0.2298009991645813, 0.9358808994293213),
            ["UpperTorso"] = CFrame.new(1.862645149230957e-09, 0, -2.9336661100387573e-08, 0.9922062158584595, 0.10532872378826141, 0.0665791779756546, -0.12192270904779434, 0.9309396147727966, 0.3442184031009674, -0.02572510950267315, -0.34965312480926514, 0.9365260004997253),
            ["HumanoidRootPart"] = CFrame.new(0, 0, 0, 1, 0, 0, 0, 1, 0, 0, 0, 1),
            ["RightUpperLeg"] = CFrame.new(0, 3.3527612686157227e-08, -8.365168469026685e-08, 0.9878734350204468, 0.08294925838708878, -0.1312459260225296, -0.14352725446224213, 0.8102675080299377, -0.5682134628295898, 0.05921139940619469, 0.5801604390144348, 0.8123471736907959),
            ["LeftUpperArm"] = CFrame.new(-1.1920928955078125e-07, -1.1920928955078125e-07, 7.450580596923828e-09, 0.8660860657691956, 0.144916370511055, -0.4784289300441742, -0.0962563157081604, 0.9874939322471619, 0.1248624250292778, 0.4905402958393097, -0.062089819461107254, 0.8692038059234619),
            ["RightLowerArm"] = CFrame.new(1.1920928955078125e-07, 3.5762786865234375e-07, 1.341104507446289e-07, 1, 2.9802311729554276e-08, 3.3527612686157227e-08, -1.4901157641133977e-08, 1, 3.725290298461914e-09, -7.450578820566989e-09, 1.4901155864777138e-08, 1),
            ["LeftHand"] = CFrame.new(1.2665987014770508e-07, 1.1920928955078125e-07, 1.341104507446289e-07, 0.9951596856117249, -0.050606630742549896, -0.08423997461795807, 0.05056275799870491, 0.9987173676490784, -0.002655401825904846, 0.08426634222269058, -0.001616820925846696, 0.9964420199394226),
            ["LeftFoot"] = CFrame.new(1.4901161193847656e-08, 0, 1.4901161193847656e-08, 0.8147908449172974, -0.10045883059501648, -0.5709851384162903, 0.3529037535190582, 0.8673309087753296, 0.35099276900291443, 0.4599727392196655, -0.4874888062477112, 0.7421455383300781),
            ["LowerTorso"] = CFrame.new(-0.016991687938570976, -0.2749652862548828, 0.2896091639995575, 0.9970200061798096, -0.041509613394737244, 0.06502380967140198, 0.03692607954144478, 0.9968512058258057, 0.0701722800731659, -0.06773188710212708, -0.06756209582090378, 0.9954133629798889),
            ["RightLowerLeg"] = CFrame.new(-1.100124791264534e-08, -0.0000035762786865234375, -0.000013217497325967997, 1, -3.752647046439961e-07, -1.8847637761609803e-07, 3.12167571792088e-07, 0.47127029299736023, 0.8819886445999146, -2.1606676625651744e-07, -0.8819888234138489, 0.4712706506252289),
            ["LeftUpperLeg"] = CFrame.new(0, 3.1478703022003174e-07, -2.60770320892334e-08, 0.8530393242835999, -0.21156080067157745, -0.4770388603210449, -0.36977633833885193, 0.39997971057891846, -0.8386188745498657, 0.36822476983070374, 0.8917725682258606, 0.2629682123661041),
            ["LeftLowerLeg"] = CFrame.new(1.1920928955078125e-07, 0.000003874301910400391, 0.000013276934623718262, 1, 4.470347647611561e-08, 4.544854164123535e-07, 2.9802322387695312e-08, -0.985641360282898, 0.16885249316692352, 5.21540641784668e-07, -0.16885268688201904, -0.985641360282898),
        }},
        {Time = 0.033, Data = {
            ["RightFoot"] = CFrame.new(2.9802322387695312e-08, 1.7881393432617188e-07, -6.686605047434568e-09, 0.9992416501045227, -0.03865983337163925, 0.004651141818612814, 0.0373813658952713, 0.9189695119857788, -0.3925522267818451, 0.010901754721999168, 0.39242908358573914, 0.9197179675102234),
            ["LeftLowerArm"] = CFrame.new(1.4901161193847656e-07, -9.5367431640625e-07, -4.6193599700927734e-07, 1, -3.725291630729544e-09, -1.0710212272613262e-08, -8.381905836074566e-09, 0.9992521405220032, -0.03866773098707199, -1.3969843948302696e-08, 0.038667649030685425, 0.999252200126648),
            ["RightUpperArm"] = CFrame.new(-5.960464477539063e-08, -5.960464477539062e-07, -1.043081283569336e-07, 0.4386884868144989, -0.14337213337421417, 0.8871284127235413, 0.7603251338005066, 0.5854376554489136, -0.28136909008026123, -0.47901788353919983, 0.7979393601417542, 0.36583417654037476),
            ["Head"] = CFrame.new(-6.332993507385254e-08, -2.384185791015625e-07, -8.89413058757782e-08, 0.9875046014785767, -0.06523945182561874, -0.14345243573188782, -0.013918744400143623, 0.8706214427947998, -0.4917566478252411, 0.1569746881723404, 0.48760855197906494, 0.8588346242904663),
            ["RightHand"] = CFrame.new(2.384185791015625e-07, 2.384185791015625e-07, 8.940696716308594e-08, 0.9620202779769897, -0.093194879591465, -0.25657710433006287, -0.0037582418881356716, 0.9353071451187134, -0.3538171947002411, 0.2729524075984955, 0.3413435220718384, 0.8994340300559998),
            ["UpperTorso"] = CFrame.new(-1.3969838619232178e-09, 4.172325134277344e-07, 1.2281816452741623e-08, 0.9928991198539734, 0.05154004320502281, 0.1072147935628891, -0.08801182359457016, 0.9246203899383545, 0.3705821633338928, -0.08003316074609756, -0.37738677859306335, 0.9225909113883972),
            ["HumanoidRootPart"] = CFrame.new(0, 0, 0, 1, 0, 0, 0, 1, 0, 0, 0, 1),
            ["RightUpperLeg"] = CFrame.new(-2.9802322387695312e-08, 3.1385570764541626e-07, -2.7772330213338137e-08, 0.9941637516021729, 0.05202166363596916, -0.09451114386320114, -0.09564587473869324, 0.8302679061889648, -0.5490968823432922, 0.04990462586283684, 0.5549314618110657, 0.8303977251052856),
            ["LeftUpperArm"] = CFrame.new(1.1920928955078125e-07, 1.1920928955078125e-07, 5.960464477539063e-08, 0.8991312980651855, 0.19149526953697205, -0.3935638964176178, -0.12914782762527466, 0.9752486348152161, 0.1794743537902832, 0.4181910753250122, -0.11054306477308273, 0.9016077518463135),
            ["RightLowerArm"] = CFrame.new(3.5762786865234375e-07, 2.980232238769531e-07, 4.76837158203125e-07, 1, 1.1175869119028903e-08, 5.960462345910855e-08, -1.3038517820973539e-08, 1, 9.313222193441106e-09, 1.4901162970204496e-08, -5.587934559514451e-09, 1),
            ["LeftHand"] = CFrame.new(-1.6577541828155518e-07, 4.172325134277344e-07, 2.9802322387695312e-08, 0.9987362027168274, -0.04330138862133026, -0.025514042004942894, 0.04308822751045227, 0.9990321397781372, -0.008846399374306202, 0.02587236650288105, 0.007735827937722206, 0.9996353387832642),
            ["LeftFoot"] = CFrame.new(-2.60770320892334e-08, 0, -7.450580596923828e-08, 0.9640576839447021, 0.048841796815395355, -0.2611648738384247, 0.07505948096513748, 0.8928526639938354, 0.4440493881702423, 0.25487020611763, -0.4476924538612366, 0.8570956587791443),
            ["LowerTorso"] = CFrame.new(-0.020731594413518906, -0.20235872268676758, 0.20890304446220398, 0.9994187355041504, -0.005629847291857004, 0.03362371027469635, 0.0028849560767412186, 0.9966991543769836, 0.08113276213407516, -0.033969487994909286, -0.08098859339952469, 0.9961360096931458),
            ["RightLowerLeg"] = CFrame.new(-5.820766091346741e-08, -0.000003516674041748047, -0.000013346019841264933, 1, -1.238658740021492e-07, -6.332996349556197e-08, 1.2852251529693604e-07, 0.51021409034729, 0.8600469827651978, -5.029141902923584e-08, -0.860047459602356, 0.5102149248123169),
            ["LeftUpperLeg"] = CFrame.new(2.9802322387695312e-08, 3.187451511621475e-07, -3.725290298461914e-09, 0.9865310788154602, 0.07452825456857681, -0.14560945332050323, -0.15733763575553894, 0.18888719379901886, -0.9693124294281006, -0.044737398624420166, 0.979166567325592, 0.19806909561157227),
            ["LeftLowerLeg"] = CFrame.new(-6.332993507385254e-08, 0.000003814697265625, 0.000013373792171478271, 1, -5.5879341154252415e-09, 2.1886085832534263e-08, -1.4901155864777138e-08, -0.9189826250076294, 0.39429786801338196, 4.656611096720553e-08, -0.3942980468273163, -0.9189828038215637),
        }},
        {Time = 0.067, Data = {
            ["RightFoot"] = CFrame.new(-6.51925802230835e-09, 3.5762786865234375e-07, 6.525806384161115e-08, 0.9997045397758484, 0.01290414109826088, 0.020600613206624985, -0.007030935026705265, 0.9647397994995117, -0.26311159133911133, -0.02326948009431362, 0.26288896799087524, 0.9645454287528992),
            ["LeftLowerArm"] = CFrame.new(2.086162567138672e-07, 1.1920928955078125e-07, -4.544854164123535e-07, 1, 1.862645149230957e-08, 3.725290298461914e-09, 2.607702853651972e-08, 0.9992364645004272, -0.03907020762562752, -7.4505797087454084e-09, 0.03907027468085289, 0.999236524105072),
            ["RightUpperArm"] = CFrame.new(1.1920928955078125e-07, -1.1920928955078125e-07, -5.960464477539063e-08, 0.3482116460800171, -0.1270841509103775, 0.9287617206573486, 0.8321784734725952, 0.4980085492134094, -0.24385730922222137, -0.43154093623161316, 0.8578094840049744, 0.27916908264160156),
            ["Head"] = CFrame.new(-2.9802322387695312e-08, -4.76837158203125e-07, -1.317821443080902e-07, 0.9880738854408264, -0.07836370915174484, -0.1325484812259674, 0.0004095751792192459, 0.8621483445167542, -0.5066558122634888, 0.15397988259792328, 0.5005590915679932, 0.8518984317779541),
            ["RightHand"] = CFrame.new(2.9802322387695312e-08, -2.384185791015625e-07, -3.725290298461914e-09, 0.9712408185005188, -0.1387602537870407, -0.19348612427711487, 0.04407132789492607, 0.903354823589325, -0.4266239106655121, 0.23398509621620178, 0.40582743287086487, 0.8834903240203857),
            ["UpperTorso"] = CFrame.new(2.6775524020195007e-09, -2.682209014892578e-07, -3.744207788258791e-08, 0.9897231459617615, -0.0001348299119854346, 0.14299671351909637, -0.055097874253988266, 0.9224279522895813, 0.3822186291217804, -0.13195571303367615, -0.3861694931983948, 0.9129408001899719),
            ["HumanoidRootPart"] = CFrame.new(0, 0, 0, 1, 0, 0, 0, 1, 0, 0, 0, 1),
            ["RightUpperLeg"] = CFrame.new(1.1920928955078125e-07, -1.1175870895385742e-08, -3.848253982141614e-08, 0.9985978603363037, 0.014952507801353931, -0.050781115889549255, -0.04117526486515999, 0.8222894072532654, -0.5675778985023499, 0.03327007591724396, 0.5688732266426086, 0.8217522501945496),
            ["LeftUpperArm"] = CFrame.new(0, -1.1920928955078125e-07, -2.384185791015625e-07, 0.9220594167709351, 0.23800629377365112, -0.30522027611732483, -0.15764302015304565, 0.9511474370956421, 0.2654568552970886, 0.3534899652004242, -0.19665120542049408, 0.9145344495773315),
            ["RightLowerArm"] = CFrame.new(-7.450580596923828e-07, 1.1920928955078125e-07, 2.086162567138672e-07, 1, -5.587935447692871e-09, 1.4901164746561335e-08, -4.377216455964117e-08, 0.9961166381835938, -0.08804327994585037, -7.450581485102248e-09, 0.08804327249526978, 0.9961166977882385),
            ["LeftHand"] = CFrame.new(2.60770320892334e-07, -2.980232238769531e-07, -1.4901161193847656e-07, 0.9988377690315247, -0.03827659785747528, 0.029291432350873947, 0.038734544068574905, 0.9991335272789001, -0.015229670330882072, -0.028683137148618698, 0.016346514225006104, 0.9994548559188843),
            ["LeftFoot"] = CFrame.new(-3.725290298461914e-09, 0, -2.7939677238464355e-08, 0.9963318705558777, 0.04298339784145355, -0.07399561256170273, -0.018748389557003975, 0.9533327221870422, 0.30133920907974243, 0.08349500596523285, -0.29884639382362366, 0.9506415724754333),
            ["LowerTorso"] = CFrame.new(-0.023942075669765472, -0.1368091106414795, 0.12193296104669571, 0.9993880391120911, 0.0323750264942646, -0.01324446126818657, -0.030923575162887573, 0.9946997761726379, 0.0980619415640831, 0.01634901948273182, -0.09759235382080078, 0.9950922131538391),
            ["RightLowerLeg"] = CFrame.new(-4.0046870708465576e-08, -0.000003516674041748047, -0.00001333856926066801, 1, 0, -1.3969842171945857e-08, 3.3527612686157227e-08, 0.4895496666431427, 0.8719754219055176, 0, -0.8719754815101624, 0.4895497262477875),
            ["LeftUpperLeg"] = CFrame.new(0, -2.1513551473617554e-07, -2.7474015951156616e-08, 0.9906814098358154, 0.10636793076992035, 0.08506651967763901, 0.05044887214899063, 0.2935681641101837, -0.9546059966087341, -0.12651224434375763, 0.9500019550323486, 0.28546664118766785),
            ["LeftLowerLeg"] = CFrame.new(-2.60770320892334e-08, 0.000003814697265625, 0.000013146549463272095, 1, -2.5844204998293208e-08, -2.421438694000244e-08, 9.313227966600834e-10, -0.6622941493988037, 0.7492439150810242, -2.421439226907296e-08, -0.7492439150810242, -0.6622941493988037),
        }},
        {Time = 0.100, Data = {
            ["RightFoot"] = CFrame.new(5.681067705154419e-08, 2.384185791015625e-07, -3.55576048605144e-08, 0.9976620078086853, 0.052058145403862, 0.0442783460021019, -0.04442523047327995, 0.9863331913948059, -0.1586608737707138, -0.05193273723125458, 0.15632307529449463, 0.986339807510376),
            ["LeftLowerArm"] = CFrame.new(3.5762786865234375e-07, 3.5762786865234375e-07, -5.513429641723633e-07, 1, -1.4901164746561335e-08, 1.4901157641133977e-08, 7.4505797087454084e-09, 0.9992304444313049, -0.03922656551003456, 1.1175869119028903e-08, 0.0392264723777771, 0.9992303848266602),
            ["RightUpperArm"] = CFrame.new(-1.1920928955078125e-07, -2.384185791015625e-07, 2.5331974029541016e-07, 0.2810612618923187, -0.13576366007328033, 0.9500383734703064, 0.8992068767547607, 0.38313356041908264, -0.21127210557460785, -0.33530840277671814, 0.9136613607406616, 0.22976356744766235),
            ["Head"] = CFrame.new(-2.9802322387695312e-08, 3.5762786865234375e-07, 1.8067657947540283e-07, 0.9877678751945496, -0.09234892576932907, -0.12564419209957123, 0.014340326189994812, 0.856147289276123, -0.5165328979492188, 0.15527115762233734, 0.5084128379821777, 0.8469989895820618),
            ["RightHand"] = CFrame.new(2.980232238769531e-07, 1.1920928955078125e-07, -5.21540641784668e-08, 0.9806221723556519, -0.17333698272705078, -0.09129282087087631, 0.11419743299484253, 0.8843977451324463, -0.45254796743392944, 0.15918247401714325, 0.43335312604904175, 0.8870546817779541),
            ["UpperTorso"] = CFrame.new(-1.1117663234472275e-08, 1.4901161193847656e-07, 2.542219590395689e-08, 0.9862529635429382, -0.039922088384628296, 0.16034792363643646, -0.024571016430854797, 0.9241585731506348, 0.381218284368515, -0.16340593993663788, -0.37991753220558167, 0.9104730486869812),
            ["HumanoidRootPart"] = CFrame.new(0, 0, 0, 1, 0, 0, 0, 1, 0, 0, 0, 1),
            ["RightUpperLeg"] = CFrame.new(0, 2.1420419216156006e-08, -1.6952981241047382e-09, 0.9999118447303772, -0.013233146630227566, 0.0011118686525151134, 0.011423562653362751, 0.8144323229789734, -0.5801463723182678, 0.006771615706384182, 0.5801077485084534, 0.8145115375518799),
            ["LeftUpperArm"] = CFrame.new(-1.1920928955078125e-07, 0, 4.470348358154297e-08, 0.9341872930526733, 0.28897812962532043, -0.20925091207027435, -0.19615215063095093, 0.9058934450149536, 0.3753418028354645, 0.29802456498146057, -0.30959445238113403, 0.9029577970504761),
            ["RightLowerArm"] = CFrame.new(-4.172325134277344e-07, 8.940696716308594e-07, 2.682209014892578e-07, 1, -2.2351741790771484e-08, 1.4901162970204496e-08, 4.842877388000488e-08, 0.9659099578857422, -0.2588783800601959, -2.2351741790771484e-08, 0.25887835025787354, 0.965910017490387),
            ["LeftHand"] = CFrame.new(-7.450580596923828e-09, -5.960464477539063e-08, -2.5331974029541016e-07, 0.996928334236145, -0.03564775735139847, 0.0697372704744339, 0.037058182060718536, 0.9991318583488464, -0.019036874175071716, -0.06899809837341309, 0.021562565118074417, 0.9973838329315186),
            ["LeftFoot"] = CFrame.new(-1.1175870895385742e-08, -5.960464477539063e-08, 4.0978193283081055e-08, 0.997090756893158, 0.07312199473381042, 0.021525437012314796, -0.07556480169296265, 0.9853013753890991, 0.15320272743701935, -0.010006525553762913, -0.15438370406627655, 0.9879603981971741),
            ["LowerTorso"] = CFrame.new(-0.025180000811815262, -0.0880439281463623, 0.040042467415332794, 0.9966365098953247, 0.06936386972665787, -0.04363904148340225, -0.063944973051548, 0.9912774562835693, 0.11523956060409546, 0.0512518547475338, -0.11206146329641342, 0.9923787117004395),
            ["RightLowerLeg"] = CFrame.new(1.30385160446167e-08, -0.000003814697265625, -0.000013312492228578776, 1, -2.0116563348437921e-07, -1.2293457984924316e-07, 1.8998980522155762e-07, 0.47623905539512634, 0.8793157339096069, -1.0803341865539551e-07, -0.8793159127235413, 0.4762394428253174),
            ["LeftUpperLeg"] = CFrame.new(2.9802322387695312e-08, 3.4319236874580383e-07, -1.0244548320770264e-08, 0.9606562852859497, 0.10824432969093323, 0.25577887892723083, 0.18002675473690033, 0.4585931599140167, -0.8702200055122375, -0.2114948332309723, 0.8820292353630066, 0.42106330394744873),
            ["LeftLowerLeg"] = CFrame.new(-2.2351741790771484e-08, 0.000003874301910400391, 0.000013321638107299805, 1, 1.3411046495548362e-07, 1.1175869474300271e-07, -1.2293457984924316e-07, -0.09294188767671585, 0.9956716299057007, 1.6391277313232422e-07, -0.9956715703010559, -0.09294185787439346),
        }},
        {Time = 0.133, Data = {
            ["RightFoot"] = CFrame.new(6.51925802230835e-08, 4.172325134277344e-07, 5.420588422566652e-09, 0.994154155254364, 0.10062182694673538, 0.039151910692453384, -0.08609232306480408, 0.9575909376144409, -0.2749687433242798, -0.06515936553478241, 0.2699905037879944, 0.9606557488441467),
            ["LeftLowerArm"] = CFrame.new(-2.980232238769531e-07, -1.7881393432617188e-07, -2.384185791015625e-07, 1, -7.450580596923828e-09, 3.725290298461914e-09, -2.2351741790771484e-08, 0.999229907989502, -0.039238341152668, -2.2351741790771484e-08, 0.03923836350440979, 0.9992299675941467),
            ["RightUpperArm"] = CFrame.new(-5.960464477539063e-08, -3.5762786865234375e-07, -4.470348358154297e-08, 0.24502472579479218, -0.1753888726234436, 0.953520655632019, 0.9518223404884338, 0.23055966198444366, -0.2021796852350235, -0.18438342213630676, 0.9571212530136108, 0.2234317660331726),
            ["Head"] = CFrame.new(-2.9802322387695312e-08, 1.1920928955078125e-07, 1.3224780559539795e-07, 0.9853500723838806, -0.10799190402030945, -0.1319967657327652, 0.02341301552951336, 0.852302074432373, -0.5225257277488708, 0.16892965137958527, 0.511780321598053, 0.8423442244529724),
            ["RightHand"] = CFrame.new(1.4901161193847656e-07, -2.384185791015625e-07, 2.384185791015625e-07, 0.9796323776245117, -0.19845764338970184, 0.030578985810279846, 0.19164681434631348, 0.8786198496818542, -0.437377005815506, 0.05993357300758362, 0.4343290627002716, 0.8987581729888916),
            ["UpperTorso"] = CFrame.new(-4.7497451305389404e-08, -1.4901161193847656e-07, 1.2718373909592628e-08, 0.986295759677887, -0.044789377599954605, 0.15879113972187042, -0.017245516180992126, 0.929186999797821, 0.369207501411438, -0.16408324241638184, -0.36688610911369324, 0.9156808257102966),
            ["HumanoidRootPart"] = CFrame.new(0, 0, 0, 1, 0, 0, 0, 1, 0, 0, 0, 1),
            ["RightUpperLeg"] = CFrame.new(0, -1.9278377294540405e-07, 7.617927622050047e-09, 0.9992097020149231, -0.011934440582990646, 0.037916362285614014, 0.029956171289086342, 0.8530780076980591, -0.5209227204322815, -0.026128709316253662, 0.521647036075592, 0.8527613878250122),
            ["LeftUpperArm"] = CFrame.new(1.1920928955078125e-07, -1.1920928955078125e-07, -2.2351741790771484e-07, 0.9319242238998413, 0.3492288887500763, -0.09775733947753906, -0.25982865691185, 0.8310282826423645, 0.4918142855167389, 0.25299474596977234, -0.43293341994285583, 0.8651950359344482),
            ["RightLowerArm"] = CFrame.new(2.384185791015625e-07, 5.960464477539062e-07, 5.960464477539063e-08, 1, -1.4901157641133977e-08, 0, 7.473863661289215e-08, 0.8785960078239441, -0.4775657653808594, -7.450580596923828e-09, 0.4775657653808594, 0.8785960078239441),
            ["LeftHand"] = CFrame.new(2.7567148208618164e-07, -3.5762786865234375e-07, -2.9802322387695312e-08, 0.9955243468284607, -0.03236950561404228, 0.0887901559472084, 0.03399812802672386, 0.9992791414260864, -0.016891831532120705, -0.08817939460277557, 0.019834818318486214, 0.9959071278572083),
            ["LeftFoot"] = CFrame.new(4.470348358154297e-08, 0, -5.960464477539063e-08, 0.9991915822029114, 0.040090084075927734, 0.0030088801868259907, -0.04011562839150429, 0.9991543292999268, 0.009015333838760853, -0.0026450008153915405, -0.009128700010478497, 0.9999549388885498),
            ["LowerTorso"] = CFrame.new(-0.02241853065788746, -0.0762491226196289, -0.030519239604473114, 0.9957295656204224, 0.08651431649923325, -0.03221750631928444, -0.08194883167743683, 0.9890100359916687, 0.12305911630392075, 0.042509812861680984, -0.11989340931177139, 0.9918762445449829),
            ["RightLowerLeg"] = CFrame.new(5.2619725465774536e-08, -0.000003814697265625, -0.000013315286196302623, 1, -2.0163140845852467e-07, -1.1362141094650724e-07, 2.0302832126617432e-07, 0.5196287631988525, 0.8543922305107117, -1.0896474123001099e-07, -0.8543921709060669, 0.5196288228034973),
            ["LeftUpperLeg"] = CFrame.new(-5.960464477539063e-08, -2.8638169169425964e-07, 1.6763806343078613e-08, 0.9235409498214722, 0.03928422927856445, 0.3814827799797058, 0.2800740897655487, 0.6104315519332886, -0.7408993244171143, -0.26197466254234314, 0.7910943627357483, 0.5527559518814087),
            ["LeftLowerLeg"] = CFrame.new(1.4901161193847656e-08, 0.000003874301910400391, 0.000013247132301330566, 1, 3.203749372460152e-07, 1.7136335372924805e-07, -2.8312203426139604e-07, 0.5281133651733398, 0.849173903465271, 2.3096797008292924e-07, -0.8491738438606262, 0.5281133055686951),
        }},
        {Time = 0.167, Data = {
            ["RightFoot"] = CFrame.new(-2.3865140974521637e-08, 5.960464477539063e-08, 1.6596459317952394e-08, 0.9992963075637817, 0.03551068529486656, 0.01208016462624073, -0.027197133749723434, 0.9077544212341309, -0.41861918568611145, -0.025831278413534164, 0.4179964065551758, 0.9080815315246582),
            ["LeftLowerArm"] = CFrame.new(8.940696716308594e-08, 1.1920928955078125e-07, -2.9802322387695312e-08, 1, -1.4901159417490817e-08, -2.2351741790771484e-08, 7.450577932388569e-09, 0.9992308020591736, -0.03921525180339813, 7.450577932388569e-09, 0.039215292781591415, 0.9992308616638184),
            ["RightUpperArm"] = CFrame.new(-5.960464477539063e-08, 2.384185791015625e-07, 2.8312206268310547e-07, 0.23301774263381958, -0.24109849333763123, 0.942111611366272, 0.9724507331848145, 0.05127546936273575, -0.22739972174167633, 0.006518355570733547, 0.9691451787948608, 0.24640436470508575),
            ["Head"] = CFrame.new(-3.725290298461914e-08, -5.960464477539062e-07, -1.4901161193847656e-08, 0.9798172116279602, -0.12609001994132996, -0.15511158108711243, 0.025291644036769867, 0.8479245901107788, -0.5295131802558899, 0.19828927516937256, 0.5149030685424805, 0.8340001106262207),
            ["RightHand"] = CFrame.new(0, 0, -1.2386590242385864e-07, 0.96649569272995, -0.21520555019378662, 0.13990280032157898, 0.2539956569671631, 0.8804993033409119, -0.4002589285373688, -0.03704633191227913, 0.42238327860832214, 0.9056600332260132),
            ["UpperTorso"] = CFrame.new(-1.6909325495362282e-08, 2.682209014892578e-07, -8.338247425854206e-09, 0.9880690574645996, -0.018418269231915474, 0.1529066562652588, -0.03777165338397026, 0.9335225224494934, 0.3565237820148468, -0.14930835366249084, -0.35804563760757446, 0.9216888546943665),
            ["HumanoidRootPart"] = CFrame.new(0, 0, 0, 1, 0, 0, 0, 1, 0, 0, 0, 1),
            ["RightUpperLeg"] = CFrame.new(-5.960464477539063e-08, -4.563480615615845e-08, 5.289621185511351e-09, 0.9999457001686096, 0.009420763701200485, 0.004453014116734266, -0.006545047741383314, 0.9003658890724182, -0.4350844919681549, -0.0081081697717309, 0.43503159284591675, 0.9003787040710449),
            ["LeftUpperArm"] = CFrame.new(1.1920928955078125e-07, -8.344650268554688e-07, -7.450580596923828e-08, 0.9091954231262207, 0.41494882106781006, 0.03436911851167679, -0.35465940833091736, 0.7285561561584473, 0.5860228538513184, 0.21812954545021057, -0.5449985265731812, 0.8095653653144836),
            ["RightLowerArm"] = CFrame.new(2.384185791015625e-07, 1.1920928955078125e-07, 4.023313522338867e-07, 1, -4.470348358154297e-08, -4.4703490686970326e-08, 1.0617078771701927e-07, 0.7364305853843689, -0.6765130758285522, 1.4901162970204496e-08, 0.6765130758285522, 0.7364307045936584),
            ["LeftHand"] = CFrame.new(-4.917383193969727e-07, 1.1920928955078125e-07, -8.940696716308594e-08, 0.9956299662590027, -0.020306682214140892, 0.09115210920572281, 0.020951243117451668, 0.9997618198394775, -0.006119817495346069, -0.09100610017776489, 0.008002931252121925, 0.9958182573318481),
            ["LeftFoot"] = CFrame.new(0, -5.960464477539063e-08, -1.4901161193847656e-08, 0.9985216856002808, -0.054218441247940063, -0.0038563907146453857, 0.05393996089696884, 0.9971477389335632, -0.052791595458984375, 0.006707586348056793, 0.052505508065223694, 0.9985980987548828),
            ["LowerTorso"] = CFrame.new(-0.015301363542675972, -0.11300015449523926, -0.09573803097009659, 0.9965813159942627, 0.08180263638496399, 0.011578903533518314, -0.0825958177447319, 0.9897311925888062, 0.11666222661733627, -0.0019167253049090505, -0.11721976101398468, 0.9931041598320007),
            ["RightLowerLeg"] = CFrame.new(-1.1641532182693481e-08, -0.0000037550926208496094, -0.00001328920916421339, 1, -1.9324939160014765e-07, -1.005828522693264e-07, 1.9231811165809631e-07, 0.5617712736129761, 0.8272923231124878, -9.778887033462524e-08, -0.8272926211357117, 0.561771810054779),
            ["LeftUpperLeg"] = CFrame.new(0, -2.8870999813079834e-08, 1.257285475730896e-08, 0.8816601634025574, -0.05929439514875412, 0.46814480423927307, 0.38063204288482666, 0.675745964050293, -0.6312580108642578, -0.2789168357849121, 0.734745979309082, 0.6183475852012634),
            ["LeftLowerLeg"] = CFrame.new(7.450580596923828e-09, 0.000003635883331298828, 0.000013366341590881348, 1, -7.450580596923828e-09, 2.2351745343485163e-08, -6.798654794692993e-08, 0.8911945819854736, 0.45362165570259094, 1.4901161193847656e-08, -0.45362138748168945, 0.8911944627761841),
        }},
        {Time = 0.200, Data = {
            ["RightFoot"] = CFrame.new(1.4668330550193787e-08, 4.172325134277344e-07, 2.2184394765645266e-08, 0.9977990388870239, -0.06429716944694519, 0.016220221295952797, 0.06211530789732933, 0.8206320405006409, -0.5680708289146423, 0.023214558139443398, 0.5678282976150513, 0.8228198289871216),
            ["LeftLowerArm"] = CFrame.new(-2.9802322387695312e-08, -1.1920928955078125e-07, -4.5821070671081543e-07, 1, -1.4901164746561335e-08, -1.4901164746561335e-08, 1.4901162970204496e-08, 0.9992318153381348, -0.0391915999352932, 7.450581485102248e-09, 0.03919154033064842, 0.9992318153381348),
            ["RightUpperArm"] = CFrame.new(-5.960464477539063e-08, 0, 1.043081283569336e-07, 0.2326405942440033, -0.3146982192993164, 0.9202409982681274, 0.9520187973976135, -0.11976678669452667, -0.2816314101219177, 0.19884301722049713, 0.9416055083274841, 0.27173587679862976),
            ["Head"] = CFrame.new(-7.450580596923828e-09, -1.1920928955078125e-07, 5.587935447692871e-09, 0.9711536169052124, -0.14487165212631226, -0.18940165638923645, 0.02013758011162281, 0.8412764668464661, -0.5402299761772156, 0.23760315775871277, 0.5208321213722229, 0.8199260234832764),
            ["RightHand"] = CFrame.new(5.364418029785156e-07, 0, 1.7881393432617188e-07, 0.9515092372894287, -0.22583319246768951, 0.20887693762779236, 0.2899058759212494, 0.885398268699646, -0.36335158348083496, -0.10288238525390625, 0.4062870740890503, 0.9079350233078003),
            ["UpperTorso"] = CFrame.new(7.450580596923828e-09, -2.384185791015625e-07, 9.080395102500916e-09, 0.9863667488098145, 0.026119351387023926, 0.162476047873497, -0.08253507316112518, 0.9326854944229126, 0.3511207103729248, -0.14236801862716675, -0.35974377393722534, 0.9221257567405701),
            ["HumanoidRootPart"] = CFrame.new(0, 0, 0, 1, 0, 0, 0, 1, 0, 0, 0, 1),
            ["RightUpperLeg"] = CFrame.new(5.960464477539063e-08, -3.725290298461914e-09, -1.1474185157567263e-08, 0.9963353276252747, 0.04223969578742981, -0.07437599450349808, -0.06503767520189285, 0.9388865828514099, -0.338026762008667, 0.05555247887969017, 0.3416251540184021, 0.9381929636001587),
            ["LeftUpperArm"] = CFrame.new(-1.1920928955078125e-07, -2.384185791015625e-07, 5.960464477539063e-08, 0.8616450428962708, 0.47566428780555725, 0.1769501119852066, -0.4690767228603363, 0.6133162975311279, 0.6354606747627258, 0.19373951852321625, -0.6305446624755859, 0.751583993434906),
            ["RightLowerArm"] = CFrame.new(-5.960464477539063e-08, -5.960464477539062e-07, 2.3096799850463867e-07, 1, -6.51925802230835e-08, 0, 5.4016709327697754e-08, 0.5880693793296814, -0.8088105916976929, 5.587935447692871e-08, 0.8088105916976929, 0.5880693793296814),
            ["LeftHand"] = CFrame.new(-1.9371509552001953e-07, -1.1920928955078125e-07, 3.2782554626464844e-07, 0.9957253336906433, 0.008797997608780861, 0.09194357693195343, -0.010068193078041077, 0.9998601078987122, 0.013360798358917236, -0.09181325137615204, -0.01422933116555214, 0.9956746101379395),
            ["LeftFoot"] = CFrame.new(-5.960464477539063e-08, 5.960464477539063e-08, -1.043081283569336e-07, 0.9873969554901123, -0.15823306143283844, 0.0030904561281204224, 0.15616486966609955, 0.9709493517875671, -0.18130086362361908, 0.02568720653653145, 0.17949853837490082, 0.9834228754043579),
            ["LowerTorso"] = CFrame.new(-0.0062218462117016315, -0.19033527374267578, -0.1749493032693863, 0.9969751834869385, 0.054591111838817596, 0.05531992390751839, -0.059853360056877136, 0.9933434128761292, 0.09842023253440857, -0.04957880824804306, -0.10143361985683441, 0.9936061501502991),
            ["RightLowerLeg"] = CFrame.new(-2.3283064365386963e-08, -0.000003933906555175781, -0.000013308766938280314, 1, -1.5832485189548606e-07, -1.1455270509941329e-07, 1.6251577505954629e-07, 0.5635110139846802, 0.8261083364486694, -8.84756374830431e-08, -0.8261085748672485, 0.5635112524032593),
            ["LeftUpperLeg"] = CFrame.new(-5.960464477539063e-08, -4.0046870708465576e-08, 1.0710209608078003e-08, 0.904763400554657, -0.06288314610719681, 0.42124706506729126, 0.3838491439819336, 0.5489709377288818, -0.7424896359443665, -0.1845623254776001, 0.833472728729248, 0.5208264589309692),
            ["LeftLowerLeg"] = CFrame.new(-1.043081283569336e-07, 0.000003993511199951172, 0.00001341104507446289, 1, 7.4505820180093e-08, 2.980232949312267e-08, -3.166496753692627e-08, 0.8843676447868347, 0.4667914807796478, 1.4901161193847656e-08, -0.4667913317680359, 0.8843675255775452),
        }},
        {Time = 0.233, Data = {
            ["RightFoot"] = CFrame.new(-2.3283064365386963e-09, 2.980232238769531e-07, -5.2321411203593016e-08, 0.9963151812553406, -0.08091101795434952, 0.028453269973397255, 0.07754892110824585, 0.7081062197685242, -0.7018342614173889, 0.03663824871182442, 0.7014548778533936, 0.7117719054222107),
            ["LeftLowerArm"] = CFrame.new(-1.4901161193847656e-07, 1.1920928955078125e-07, 7.599592208862305e-07, 1, 1.4901159417490817e-08, 1.0430811414607888e-07, 2.2351738238057806e-08, 0.9992343187332153, -0.039124805480241776, -2.2351738238057806e-08, 0.03912477567791939, 0.9992343783378601),
            ["RightUpperArm"] = CFrame.new(1.1920928955078125e-07, 3.5762786865234375e-07, 2.9802322387695312e-08, 0.24129797518253326, -0.3762730360031128, 0.8945356607437134, 0.907431423664093, -0.2392726093530655, -0.3454231023788452, 0.34401124715805054, 0.895079493522644, 0.2837058901786804),
            ["Head"] = CFrame.new(7.450580596923828e-08, 0, 9.499490261077881e-08, 0.9615188241004944, -0.1586824655532837, -0.22427979111671448, 0.009829198941588402, 0.835683286190033, -0.5491237640380859, 0.27456316351890564, 0.5257883071899414, 0.8050849437713623),
            ["RightHand"] = CFrame.new(-2.980232238769531e-07, 4.172325134277344e-07, 2.9802322387695312e-08, 0.9443274140357971, -0.23497647047042847, 0.23028673231601715, 0.30377575755119324, 0.8915320634841919, -0.3359927237033844, -0.12635768949985504, 0.3872426748275757, 0.9132781624794006),
            ["UpperTorso"] = CFrame.new(3.725290298461914e-09, 1.7881393432617188e-07, 2.0954757928848267e-08, 0.9811367392539978, 0.05443538352847099, 0.18549266457557678, -0.11815731227397919, 0.9283024668693542, 0.35255303978919983, -0.15300187468528748, -0.36782005429267883, 0.9172234535217285),
            ["HumanoidRootPart"] = CFrame.new(0, 0, 0, 1, 0, 0, 0, 1, 0, 0, 0, 1),
            ["RightUpperLeg"] = CFrame.new(-8.940696716308594e-08, 2.6728957891464233e-07, -5.420588422566652e-09, 0.9915123581886292, 0.07781309634447098, -0.10415522754192352, -0.10008323937654495, 0.9681620001792908, -0.22944679856300354, 0.08298517018556595, 0.23792338371276855, 0.967732310295105),
            ["LeftUpperArm"] = CFrame.new(0, 3.5762786865234375e-07, 1.4901161193847656e-07, 0.7954100966453552, 0.5232647657394409, 0.30580511689186096, -0.5785031318664551, 0.5050488114356995, 0.6405154466629028, 0.18071256577968597, -0.6863816380500793, 0.7044311165809631),
            ["RightLowerArm"] = CFrame.new(0.000001430511474609375, 0.0000010728836059570312, 3.5762786865234375e-07, 1, -1.1175868053214799e-07, 5.960463766996327e-08, 9.313223614526578e-08, 0.4828881323337555, -0.8756821155548096, 3.352760558072987e-08, 0.87568199634552, 0.4828881025314331),
            ["LeftHand"] = CFrame.new(-3.2782554626464844e-07, -5.960464477539063e-08, 1.043081283569336e-07, 0.992825448513031, 0.055053941905498505, 0.10614527761936188, -0.059176430106163025, 0.9975950717926025, 0.0360860750079155, -0.10390344262123108, -0.042108457535505295, 0.9936956167221069),
            ["LeftFoot"] = CFrame.new(-4.0978193283081055e-08, 5.960464477539063e-08, 7.450580596923828e-09, 0.9715531468391418, -0.2351163923740387, 0.02836909145116806, 0.23437407612800598, 0.9374092817306519, -0.25755125284194946, 0.033961061388254166, 0.2568736672401428, 0.9658480882644653),
            ["LowerTorso"] = CFrame.new(0.0021802829578518867, -0.2683110237121582, -0.2629905343055725, 0.9967053532600403, 0.02862861379981041, 0.07588722556829453, -0.03421507403254509, 0.9967178702354431, 0.07336802780628204, -0.07353772968053818, -0.07572279125452042, 0.9944135546684265),
            ["RightLowerLeg"] = CFrame.new(-9.12696123123169e-08, -0.0000036954879760742188, -0.00001328920916421339, 1, -4.153699251219223e-07, -2.048910943130977e-07, 3.7462450563907623e-07, 0.5604272484779358, 0.8282033801078796, -2.0489096641540527e-07, -0.8282036781311035, 0.5604277849197388),
            ["LeftUpperLeg"] = CFrame.new(5.960464477539063e-08, 1.3783574104309082e-07, -2.2351741790771484e-08, 0.9611918926239014, -0.08816768229007721, 0.26141276955604553, 0.27144840359687805, 0.47141802310943604, -0.8390952944755554, -0.04925358295440674, 0.8774916529655457, 0.477056086063385),
            ["LeftLowerLeg"] = CFrame.new(-7.450580596923828e-08, 0.000004112720489501953, 0.000013247132301330566, 1, 3.7252920748187535e-08, 7.450585037815927e-09, -5.308539385850963e-08, 0.906050443649292, 0.423169881105423, 2.980232594040899e-08, -0.4231698215007782, 0.9060503840446472),
        }},
        {Time = 0.267, Data = {
            ["RightFoot"] = CFrame.new(3.725290298461914e-09, 2.980232238769531e-07, 1.1008523870259523e-08, 0.9950746893882751, -0.09073619544506073, 0.039916690438985825, 0.08953562378883362, 0.6498842835426331, -0.754740834236145, 0.04254106432199478, 0.7545974850654602, 0.6548076272010803),
            ["LeftLowerArm"] = CFrame.new(-5.066394805908203e-07, 0, -1.5273690223693848e-07, 1, -1.6763802790364934e-08, -7.450577044210149e-09, 1.862644793959589e-08, 0.9992393255233765, -0.03899781033396721, -1.862644793959589e-08, 0.03899781033396721, 0.9992392659187317),
            ["RightUpperArm"] = CFrame.new(0, 2.384185791015625e-07, 2.9802322387695312e-08, 0.2658222019672394, -0.4175623953342438, 0.8688960075378418, 0.8742935657501221, -0.2753020226955414, -0.3997745215892792, 0.4061395525932312, 0.8659390211105347, 0.2918906807899475),
            ["Head"] = CFrame.new(3.725290298461914e-08, 0, 1.0803341865539551e-07, 0.9546637535095215, -0.15997211635112762, -0.25104987621307373, -0.0022059138864278793, 0.8395123481750488, -0.5433362722396851, 0.2976780831813812, 0.5192572474479675, 0.8010991811752319),
            ["RightHand"] = CFrame.new(-7.003545761108398e-07, -1.7881393432617188e-07, 1.7881393432617188e-07, 0.943608283996582, -0.2479783445596695, 0.2193404883146286, 0.3088681399822235, 0.8979138135910034, -0.31361013650894165, -0.11918036639690399, 0.3636723756790161, 0.9238714575767517),
            ["UpperTorso"] = CFrame.new(-6.51925802230835e-09, -2.086162567138672e-07, -3.4924596548080444e-08, 0.9754130840301514, 0.05269091576337814, 0.21399334073066711, -0.1265738308429718, 0.9288201928138733, 0.34824150800704956, -0.1804122030735016, -0.36676526069641113, 0.9126526117324829),
            ["HumanoidRootPart"] = CFrame.new(0, 0, 0, 1, 0, 0, 0, 1, 0, 0, 0, 1),
            ["RightUpperLeg"] = CFrame.new(0, -2.6030465960502625e-07, -5.012407200410962e-08, 0.9886801838874817, 0.10272741317749023, -0.10935579240322113, -0.11591292917728424, 0.9857422709465027, -0.12196911126375198, 0.09526704251766205, 0.1332641839981079, 0.9864912033081055),
            ["LeftUpperArm"] = CFrame.new(-1.1920928955078125e-07, 0, -8.940696716308594e-08, 0.7295815348625183, 0.554773211479187, 0.3999217748641968, -0.6602768301963806, 0.4190487861633301, 0.6232436299324036, 0.17817217111587524, -0.7187661528587341, 0.6720342040061951),
            ["RightLowerArm"] = CFrame.new(-1.1920928955078125e-07, -5.960464477539062e-07, -2.9802322387695312e-08, 1, -8.940698137394065e-08, 4.0978189730367376e-08, 8.195638656616211e-08, 0.43199947476387024, -0.9018738865852356, 3.818422555923462e-08, 0.9018738865852356, 0.4319993555545807),
            ["LeftHand"] = CFrame.new(-8.940696716308594e-08, -1.1920928955078125e-07, -2.8312206268310547e-07, 0.9849750995635986, 0.10618414729833603, 0.1361950784921646, -0.11408992111682892, 0.9921296834945679, 0.051597584038972855, -0.12964420020580292, -0.06636076420545578, 0.9893375039100647),
            ["LeftFoot"] = CFrame.new(0, 5.960464477539063e-08, -8.195638656616211e-08, 0.9672622680664062, -0.25157979130744934, 0.03333856165409088, 0.25187405943870544, 0.9356180429458618, -0.24734264612197876, 0.03103424236178398, 0.24764221906661987, 0.9683544039726257),
            ["LowerTorso"] = CFrame.new(0.009660368785262108, -0.3182666301727295, -0.36576831340789795, 0.9974697828292847, 0.014329353347420692, 0.06963345408439636, -0.017641110345721245, 0.9987305998802185, 0.047180064022541046, -0.06886900216341019, -0.04828909784555435, 0.9964563250541687),
