return {
    ["Swipe It"] = {
        {Time = 0.000, Data = {
            ["LeftFoot"] = CFrame.new(4.470348358154297e-08, -1.1920928955078125e-07, 6.705522537231445e-08, 0.9753687977790833, 0.004563491325825453, 0.2205331027507782, 0.12437891960144043, 0.8143073916435242, -0.5669510960578918, -0.18216897547245026, 0.5804161429405212, 0.793682336807251),
            ["LeftLowerArm"] = CFrame.new(0.0000019669532775878906, -7.152557373046875e-07, 0.000004969537258148193, 1, 1.4528633585086936e-07, -6.705523958316917e-08, -1.1175872316471214e-07, 0.5556882619857788, -0.831390917301178, -9.313227167240257e-08, 0.8313907980918884, 0.5556880831718445),
            ["LowerTorso"] = CFrame.new(0.1721455305814743, -0.2184891700744629, 0.047628745436668396, 0.9978896975517273, -0.06484829634428024, 0.003290839958935976, 0.06492233276367188, 0.9973260164260864, -0.03355740010738373, -0.0011058993404731154, 0.03370022773742676, 0.9994314908981323),
            ["Head"] = CFrame.new(2.468004822731018e-08, -4.76837158203125e-07, 9.96515154838562e-08, 0.9995022416114807, 0.007586117833852768, -0.030622128397226334, -0.01142498105764389, 0.9918102622032166, -0.12720848619937897, 0.029406391084194183, 0.1274949461221695, 0.9914032220840454),
            ["RightUpperArm"] = CFrame.new(0.018455088138580322, -0.11765384674072266, 0.08608323335647583, 0.7282883524894714, -0.5961558818817139, 0.3379260301589966, 0.5329736471176147, 0.8027339577674866, 0.26750296354293823, -0.43073806166648865, -0.014713605865836143, 0.9023571014404297),
            ["UpperTorso"] = CFrame.new(1.146690919995308e-08, -1.7881393432617188e-07, 1.0622898116707802e-08, 0.98659747838974, -0.03767382353544235, -0.15876470506191254, 0.1045096218585968, 0.893117368221283, 0.4375147223472595, 0.1253126859664917, -0.44824346899986267, 0.8850845098495483),
            ["HumanoidRootPart"] = CFrame.new(0, 0, 0, 1, 0, 0, 0, 1, 0, 0, 0, 1),
            ["RightHand"] = CFrame.new(7.748603820800781e-07, 0.0000011324882507324219, -9.238719940185547e-07, 0.8388519287109375, 0.45996248722076416, -0.29113829135894775, -0.49142417311668396, 0.8699289560317993, -0.041551463305950165, 0.23415769636631012, 0.17792795598506927, 0.9557782411575317),
            ["LeftUpperArm"] = CFrame.new(0.09366059303283691, 0.05086922645568848, 0.012712061405181885, 0.2327592968940735, -0.16751497983932495, -0.9579988718032837, -0.9160295724868774, 0.29311227798461914, -0.27381592988967896, 0.3266694247722626, 0.9412884712219238, -0.08522414416074753),
            ["RightLowerArm"] = CFrame.new(-2.9802322387695312e-08, 3.5762786865234375e-07, -0.000003769993782043457, 1, -0.00000640004964225227, 0.000018417842511553317, 0.000019043684005737305, 0.10682821273803711, -0.9942775964736938, 0.000004284083843231201, 0.9942775368690491, 0.1068282425403595),
            ["LeftHand"] = CFrame.new(-0.0000013513490557670593, -0.0000011920928955078125, 2.812594175338745e-07, 0.7164139151573181, -0.6281625032424927, -0.30358240008354187, 0.4919126331806183, 0.7633658051490784, -0.4186825454235077, 0.49474555253982544, 0.15061424672603607, 0.8558870553970337),
            ["RightUpperLeg"] = CFrame.new(2.9802322387695312e-08, -1.2514647096395493e-07, 5.52245182916522e-09, 0.9360179305076599, -0.021274512633681297, -0.3513087332248688, -0.1236487552523613, 0.9146648049354553, -0.3848368227481842, 0.3295169472694397, 0.40365302562713623, 0.8535119891166687),
            ["LeftUpperLeg"] = CFrame.new(8.940696716308594e-08, 2.293381839990616e-08, -2.3283064365386963e-10, 0.9752222895622253, 0.22033680975437164, -0.019832508638501167, -0.20528823137283325, 0.867902398109436, -0.4523296058177948, -0.0824521854519844, 0.44519340991973877, 0.8916303515434265),
            ["RightLowerLeg"] = CFrame.new(-7.450580596923828e-08, -0.000726163387298584, 0.0000461207891930826, 1, 4.4703497792397684e-08, -4.842878453814592e-08, 1.0430814256778831e-07, 0.599990963935852, 0.8000065684318542, 6.33299421792799e-08, -0.8000068664550781, 0.5999912023544312),
            ["RightFoot"] = CFrame.new(2.2165477275848389e-07, 5.960464477539063e-08, 2.4047039914876223e-08, 0.9987481832504272, -0.04648949205875397, -0.01846066117286682, 0.025349346920847893, 0.7885713577270508, -0.6144205331802368, 0.04312159866094589, 0.6131834983825684, 0.7887627482414246),
            ["LeftLowerLeg"] = CFrame.new(-2.2351741790771484e-08, -0.0007264614105224609, 0.00008102040737867355, 1, 1.3038518886787642e-07, 5.960463766996327e-08, -1.1548399925231934e-07, 0.41885805130004883, 0.9080517888069153, 9.220093488693237e-08, -0.9080518484115601, 0.4188578724861145),
        }},
        {Time = 0.033, Data = {
            ["LeftFoot"] = CFrame.new(-3.725290298461914e-09, 0, -3.725290298461914e-08, 0.9810126423835754, 0.021938839927315712, 0.19269953668117523, 0.09212595969438553, 0.8216180205345154, -0.5625448822975159, -0.17066696286201477, 0.5696162581443787, 0.8039964437484741),
            ["LeftLowerArm"] = CFrame.new(0.0000011324882507324219, 0, 0.000004887580871582031, 1, 1.3317912817001343e-07, -4.7017248760994335e-08, -9.499491682163352e-08, 0.43018707633018494, -0.902739942073822, -8.568168397005138e-08, 0.9027398228645325, 0.4301869571208954),
            ["LowerTorso"] = CFrame.new(0.12528039515018463, -0.17770135402679443, 0.056583471596241, 0.9892024993896484, -0.05130723863840103, -0.1372808963060379, 0.04559178650379181, 0.9979703426361084, -0.04446061700582504, 0.13928340375423431, 0.0377216711640358, 0.9895338416099548),
            ["Head"] = CFrame.new(7.450580596923828e-09, -8.344650268554688e-07, 6.891787052154541e-08, 0.9944835305213928, -0.08354820311069489, 0.06342224031686783, 0.08706800639629364, 0.9946871995925903, -0.05492313951253891, -0.058496616780757904, 0.060142241418361664, 0.9964743256568909),
            ["RightUpperArm"] = CFrame.new(0.016331613063812256, -0.10268867015838623, 0.08598247170448303, 0.7246572375297546, -0.6413331627845764, 0.2521187365055084, 0.578021764755249, 0.7648893594741821, 0.2843154966831207, -0.37518370151519775, -0.06030096858739853, 0.9249870181083679),
            ["UpperTorso"] = CFrame.new(-9.313225746154785e-09, -2.980232238769531e-07, -9.313225746154785e-10, 0.9919127225875854, -0.010563572868704796, -0.12648166716098785, 0.06286651641130447, 0.9065901041030884, 0.4173034727573395, 0.11025888472795486, -0.42188018560409546, 0.8999223709106445),
            ["HumanoidRootPart"] = CFrame.new(0, 0, 0, 1, 0, 0, 0, 1, 0, 0, 0, 1),
            ["RightHand"] = CFrame.new(1.341104507446289e-07, 0.0000010132789611816406, -5.364418029785156e-07, 0.8272149562835693, 0.4565885663032532, -0.3274782598018646, -0.4927579462528229, 0.8695663809776306, -0.032315220683813095, 0.2700096070766449, 0.18809930980205536, 0.9443060159683228),
            ["LeftUpperArm"] = CFrame.new(0.08711773157119751, 0.03861665725708008, 0.010055169463157654, 0.10360560566186905, -0.1703709363937378, -0.9799182415008545, -0.9517327547073364, 0.26920145750045776, -0.14742961525917053, 0.2889128625392914, 0.9478946924209595, -0.1342567503452301),
            ["RightLowerArm"] = CFrame.new(1.7881393432617188e-07, 8.344650268554688e-07, -0.0000036116689443588257, 1, -0.000002842395815605414, 0.000019297009203000925, 0.000019028781025554053, -0.08361149579286575, -0.9964984655380249, 0.0000043800096136692446, 0.9964984655380249, -0.08361146599054337),
            ["LeftHand"] = CFrame.new(-0.0000012908130884170532, -0.0000011324882507324219, -1.4319084584712982e-07, 0.789003849029541, -0.5720502734184265, -0.22412247955799103, 0.48573213815689087, 0.8041731119155884, -0.34259337186813354, 0.3762144446372986, 0.16144421696662903, 0.9123589992523193),
            ["RightUpperLeg"] = CFrame.new(2.9802322387695312e-08, -5.271285772323608e-07, 2.8107024263590574e-08, 0.9687688946723938, -0.007968180812895298, -0.24783746898174286, -0.09253951162099838, 0.9156560301780701, -0.39116567373275757, 0.23005084693431854, 0.4018838107585907, 0.8863216638565063),
            ["LeftUpperLeg"] = CFrame.new(-2.9802322387695312e-08, -5.457259248942137e-07, -6.51925802230835e-09, 0.9592610597610474, 0.2364087998867035, 0.1546906679868698, -0.1670306921005249, 0.9161591529846191, -0.36435309052467346, -0.2278575897216797, 0.3236716687679291, 0.918323278427124),
            ["RightLowerLeg"] = CFrame.new(2.086162567138672e-07, -0.0007262825965881348, 0.000046150591515470296, 1, 1.639128583974525e-07, -7.636845111846924e-08, -8.940694584680386e-08, 0.65264493227005, 0.7576639652252197, 7.264314660915261e-08, -0.7576639652252197, 0.6526448726654053),
            ["RightFoot"] = CFrame.new(9.220093488693237e-08, -1.7881393432617188e-07, 2.032174961641431e-08, 0.9977071285247803, -0.04756725952029228, -0.048145268112421036, 0.010712487623095512, 0.8133857250213623, -0.5816264152526855, 0.06682708859443665, 0.5797767639160156, 0.8120300769805908),
            ["LeftLowerLeg"] = CFrame.new(8.195638656616211e-08, -0.0007265210151672363, 0.00008096173405647278, 1, 1.266598843585598e-07, 8.195639367158947e-08, -8.940698137394065e-08, 0.5243980884552002, 0.8514732122421265, 8.195639367158947e-08, -0.851473331451416, 0.5243983268737793),
        }},
        {Time = 0.067, Data = {
            ["LeftFoot"] = CFrame.new(0, -5.960464477539063e-08, 7.450580596923828e-09, 0.9899450540542603, 0.012315013445913792, 0.14091557264328003, 0.0681920275092125, 0.8312497138977051, -0.5517008900642395, -0.1239301860332489, 0.5557628870010376, 0.8220516443252563),
            ["LeftLowerArm"] = CFrame.new(0.0000011920928955078125, -4.172325134277344e-07, 0.000004589557647705078, 1, 9.313223614526578e-08, -4.0978196835794733e-08, -8.195639367158947e-08, 0.24412801861763, -0.9697431325912476, -5.2154071283894154e-08, 0.969743013381958, 0.24412791430950165),
            ["LowerTorso"] = CFrame.new(0.0810815691947937, -0.14222300052642822, 0.059343479573726654, 0.9573160409927368, -0.03778266906738281, -0.2865632474422455, 0.024755297228693962, 0.9984944462776184, -0.04894954711198807, 0.2879812717437744, 0.039766229689121246, 0.9568100571632385),
            ["Head"] = CFrame.new(-2.2351741790771484e-08, -5.960464477539062e-07, -8.195638656616211e-08, 0.9748300909996033, -0.1818482130765915, 0.1289864480495453, 0.1751624345779419, 0.9826164841651917, 0.06150602549314499, -0.13792888820171356, -0.03736450523138046, 0.9897370934486389),
            ["RightUpperArm"] = CFrame.new(0.012244939804077148, -0.08518731594085693, 0.08013368397951126, 0.710026204586029, -0.6974210143089294, 0.09729574620723724, 0.6521272659301758, 0.7033721208572388, 0.2828390598297119, -0.2656930088996887, -0.13737408816814423, 0.9542198777198792),
            ["UpperTorso"] = CFrame.new(2.2351741790771484e-08, -8.940696716308594e-08, -1.4901161193847656e-08, 0.9971063137054443, 0.01929093897342682, -0.07353197038173676, 0.01015858817845583, 0.9247802495956421, 0.38036632537841797, 0.07533828169107437, -0.3800126016139984, 0.9219081401824951),
            ["HumanoidRootPart"] = CFrame.new(0, 0, 0, 1, 0, 0, 0, 1, 0, 0, 0, 1),
            ["RightHand"] = CFrame.new(5.774199962615967e-07, 8.940696716308594e-07, -7.152557373046875e-07, 0.8035607933998108, 0.44634515047073364, -0.39378342032432556, -0.49138396978378296, 0.870802104473114, -0.015689894556999207, 0.335904598236084, 0.20610655844211578, 0.9190694689750671),
            ["LeftUpperArm"] = CFrame.new(0.07812726497650146, 0.023507118225097656, 0.009866476058959961, -0.06994356215000153, -0.1628182977437973, -0.9841738939285278, -0.9666063189506531, 0.25488919019699097, 0.026527175679802895, 0.2465362250804901, 0.9531641006469727, -0.17520929872989655),
            ["RightLowerArm"] = CFrame.new(-5.960464477539063e-08, 4.172325134277344e-07, -0.000003993511199951172, 1, 0.0000032014218049880583, 0.000019222503397031687, 0.000018961727619171143, -0.38249829411506653, -0.9239562749862671, 0.000004410743713378906, 0.9239562749862671, -0.38249820470809937),
            ["LeftHand"] = CFrame.new(-0.000001519918441772461, -0.0000010728836059570312, 8.940696716308594e-08, 0.875763475894928, -0.4644901156425476, -0.13147936761379242, 0.4193432331085205, 0.8669156432151794, -0.26946017146110535, 0.23914340138435364, 0.18084870278835297, 0.9539940357208252),
            ["RightUpperLeg"] = CFrame.new(5.960464477539063e-08, -1.862645149230957e-08, -4.267349140718579e-08, 0.9837156534194946, -0.011331331916153431, -0.1793740838766098, -0.061258696019649506, 0.9171149730682373, -0.39388787746429443, 0.16896992921829224, 0.3984616994857788, 0.9014861583709717),
            ["LeftUpperLeg"] = CFrame.new(-5.960464477539063e-08, -5.844049155712128e-08, 2.60770320892334e-08, 0.9185044169425964, 0.22350287437438965, 0.32618415355682373, -0.14051927626132965, 0.9555798768997192, -0.25907841324806213, -0.3695998787879944, 0.192129448056221, 0.9091107845306396),
            ["RightLowerLeg"] = CFrame.new(-9.685754776000977e-08, -0.0007264018058776855, 0.00004601648106472567, 1, -2.011657187495075e-07, -1.5739350089916115e-07, 2.533196834519913e-07, 0.6971923112869263, 0.7168840169906616, -1.0430809993522416e-07, -0.716884195804596, 0.6971924901008606),
            ["RightFoot"] = CFrame.new(1.9650906324386597e-07, -2.384185791015625e-07, 1.6596459317952394e-08, 0.9959478378295898, -0.05644541233778, -0.07001329958438873, 0.006735522300004959, 0.8231350779533386, -0.5678058862686157, 0.08968046307563782, 0.5650333762168884, 0.8201795816421509),
            ["LeftLowerLeg"] = CFrame.new(-9.499490261077881e-08, -0.0007265806198120117, 0.00008096732199192047, 1, 4.4703490686970326e-08, -3.3527619791584584e-08, -2.421438694000244e-08, 0.6432251930236816, 0.765677273273468, -1.1175870895385742e-08, -0.7656770944595337, 0.6432250738143921),
        }},
        {Time = 0.100, Data = {
            ["LeftFoot"] = CFrame.new(6.612390279769897e-08, 0, 1.4901161193847656e-08, 0.9967278242111206, -0.018380355089902878, 0.07871410250663757, 0.05802949517965317, 0.8406152725219727, -0.5385153293609619, -0.05627022311091423, 0.5413206815719604, 0.838931143283844),
            ["LeftLowerArm"] = CFrame.new(0.000001043081283569336, -1.7881393432617188e-07, 0.0000049406662583351135, 1, 2.9802318834981634e-08, -4.4703494239684005e-08, -8.940698137394065e-08, 0.16969804465770721, -0.9854962229728699, -3.725290653733282e-08, 0.9854961633682251, 0.16969804465770721),
            ["LowerTorso"] = CFrame.new(0.04690142348408699, -0.12128031253814697, 0.05568980425596237, 0.9024840593338013, -0.01818554289638996, -0.4303392171859741, 0.004282998852431774, 0.9994378685951233, -0.03325280174612999, 0.4307019114494324, 0.028166979551315308, 0.9020546674728394),
            ["Head"] = CFrame.new(4.0046870708465576e-08, -7.152557373046875e-07, -4.470348358154297e-08, 0.9507193565368652, -0.24736976623535156, 0.1869247853755951, 0.22941407561302185, 0.9667942523956299, 0.11259747296571732, -0.20857125520706177, -0.06416548043489456, 0.9759000539779663),
            ["RightUpperArm"] = CFrame.new(0.009545207023620605, -0.0730903148651123, 0.06839296221733093, 0.6689518690109253, -0.740352213382721, -0.0661970004439354, 0.7322024703025818, 0.641005277633667, 0.23019930720329285, -0.12799616158008575, -0.202461838722229, 0.9708895087242126),
            ["UpperTorso"] = CFrame.new(-8.381903171539307e-09, -2.9802322387695312e-08, -9.313225746154785e-09, 0.9993321299552917, 0.0334361307322979, -0.014743012376129627, -0.02628662809729576, 0.9380236864089966, 0.34557291865348816, 0.025384144857525826, -0.34495455026626587, 0.9382760524749756),
            ["HumanoidRootPart"] = CFrame.new(0, 0, 0, 1, 0, 0, 0, 1, 0, 0, 0, 1),
            ["RightHand"] = CFrame.new(2.342858351767063e-08, 0.0000011324882507324219, -4.721805453300476e-07, 0.7637466788291931, 0.43285009264945984, -0.47888532280921936, -0.4879024624824524, 0.8728316426277161, 0.010798922739923, 0.4226608872413635, 0.2254016399383545, 0.8778111338615417),
            ["LeftUpperArm"] = CFrame.new(0.07180768251419067, 0.010823488235473633, 0.013152450323104858, -0.10006994754076004, -0.13636761903762817, -0.9855911731719971, -0.9531678557395935, 0.29727861285209656, 0.055646006017923355, 0.28540700674057007, 0.9450022578239441, -0.1597297489643097),
            ["RightLowerArm"] = CFrame.new(6.854534149169922e-07, -1.1920928955078125e-07, -0.000003993511199951172, 1, 0.000008319505468534771, 0.000017590797142474912, 0.000018922148228739388, -0.6212325096130371, -0.7836263179779053, 0.000004422851361596258, 0.7836263179779053, -0.6212325692176819),
            ["LeftHand"] = CFrame.new(-0.0000013560056686401367, -0.0000013113021850585938, 2.086162567138672e-07, 0.9250668883323669, -0.35221752524375916, -0.14210505783557892, 0.30820053815841675, 0.9147948026657104, -0.26108065247535706, 0.22195446491241455, 0.19772033393383026, 0.9548001289367676),
            ["RightUpperLeg"] = CFrame.new(-5.960464477539063e-08, -9.96515154838562e-08, 3.55576048605144e-08, 0.9923985600471497, -0.014661019667983055, -0.12218909710645676, -0.039101772010326385, 0.9038640856742859, -0.42602917551994324, 0.11668848246335983, 0.42756858468055725, 0.8964200615882874),
            ["LeftUpperLeg"] = CFrame.new(2.9802322387695312e-08, -9.872019290924072e-08, -3.725290298461914e-08, 0.8614051342010498, 0.18360090255737305, 0.47357356548309326, -0.11820778995752335, 0.979246199131012, -0.16463251411914825, -0.49397167563438416, 0.08583530783653259, 0.8652307987213135),
            ["RightLowerLeg"] = CFrame.new(2.2351741790771484e-08, -0.0007265210151672363, 0.00004601648106472567, 1, 0, -1.741573356639492e-07, 7.823111758398227e-08, 0.7191643118858337, 0.6948404908180237, 2.0489101970611046e-08, -0.6948400735855103, 0.7191639542579651),
            ["RightFoot"] = CFrame.new(2.7474015951156616e-07, -1.1920928955078125e-07, -2.029992174357176e-09, 0.9960929751396179, -0.06008315831422806, -0.0647210031747818, 0.015306799672544003, 0.8392507433891296, -0.5435295104980469, 0.08697405457496643, 0.5404148101806641, 0.8368911743164062),
            ["LeftLowerLeg"] = CFrame.new(2.9802322387695312e-08, -0.0007268190383911133, 0.00008102692663669586, 1, 9.313224325069314e-08, -6.70552182668871e-08, -5.401669156412936e-08, 0.747738778591156, 0.6639934182167053, -1.8626444830971423e-09, -0.6639930009841919, 0.7477384209632874),
        }},
        {Time = 0.133, Data = {
            ["LeftFoot"] = CFrame.new(1.3969838619232178e-08, 5.960464477539063e-08, 3.725290298461914e-09, 0.9981620907783508, -0.05778922140598297, 0.018242914229631424, 0.05875527858734131, 0.8491619229316711, -0.524854302406311, 0.014839738607406616, 0.5249614119529724, 0.8509965538978577),
            ["LeftLowerArm"] = CFrame.new(0.0000017285346984863281, -4.76837158203125e-07, 0.000004984438419342041, 1, 4.470348358154297e-08, -1.043081283569336e-07, -2.9802322387695312e-08, 0.1489304155111313, -0.9888476729393005, -8.568167686462402e-08, 0.9888477325439453, 0.1489304006099701),
            ["LowerTorso"] = CFrame.new(0.022808682173490524, -0.11352181434631348, 0.04793000966310501, 0.8309576511383057, 0.010129084810614586, -0.5562434792518616, -0.012996556237339973, 0.999914824962616, -0.0012069608783349395, 0.5561838746070862, 0.008232188411056995, 0.8310185074806213),
            ["Head"] = CFrame.new(3.725290298461914e-08, -8.344650268554688e-07, 2.9802322387695312e-08, 0.924173891544342, -0.2942120134830475, 0.2436017543077469, 0.2681896388530731, 0.953911304473877, 0.13463908433914185, -0.2719869911670685, -0.059098441153764725, 0.960484504699707),
            ["RightUpperArm"] = CFrame.new(0.00788569450378418, -0.06528115272521973, 0.05430516600608826, 0.6154176592826843, -0.7552933692932129, -0.2253735512495041, 0.7877584099769592, 0.5989763736724854, 0.14375033974647522, 0.02641970105469227, -0.266006201505661, 0.9636092185974121),
            ["UpperTorso"] = CFrame.new(0, 1.4901161193847656e-07, 4.6566128730773926e-09, 0.9982907176017761, 0.04436180368065834, 0.03805083408951759, -0.054131653159856796, 0.9472863674163818, 0.31578201055526733, -0.022036150097846985, -0.3173019587993622, 0.9480684995651245),
            ["HumanoidRootPart"] = CFrame.new(0, 0, 0, 1, 0, 0, 0, 1, 0, 0, 0, 1),
            ["RightHand"] = CFrame.new(5.21540641784668e-08, 0.0000010132789611816406, -7.03614205121994e-07, 0.7386527061462402, 0.4121004641056061, -0.5334458947181702, -0.4747543931007385, 0.8798357248306274, 0.022312013432383537, 0.4785401225090027, 0.23677483201026917, 0.8455398678779602),
            ["LeftUpperArm"] = CFrame.new(0.06774729490280151, 0.001078486442565918, 0.0188351571559906, -0.08251609653234482, -0.09362038224935532, -0.992182731628418, -0.930377721786499, 0.3640691936016083, 0.04302307218313217, 0.3571952283382416, 0.9266547560691833, -0.11714372783899307),
            ["RightLowerArm"] = CFrame.new(-4.172325134277344e-07, 7.748603820800781e-07, -0.0000037550926208496094, 1, 0.000011213123798370361, 0.00001584878373250831, 0.000018954278857563622, -0.746742308139801, -0.6651134490966797, 0.0000044405464905139524, 0.6651134490966797, -0.7467422485351562),
            ["LeftHand"] = CFrame.new(-0.0000016987323760986328, -0.0000011920928955078125, 2.682209014892578e-07, 0.9493117332458496, -0.23096638917922974, -0.21321676671504974, 0.17252373695373535, 0.9498539566993713, -0.2607935667037964, 0.2627597749233246, 0.2107895463705063, 0.9415547847747803),
            ["RightUpperLeg"] = CFrame.new(8.940696716308594e-08, 1.2759119272232056e-07, -1.229636836796999e-09, 0.9943498373031616, -0.024990573525428772, -0.10316962748765945, -0.027307597920298576, 0.8789666891098022, -0.4761011302471161, 0.10258086770772934, 0.4762280583381653, 0.8733176589012146),
            ["LeftUpperLeg"] = CFrame.new(-5.960464477539063e-08, 8.870847523212433e-08, -1.1641532182693481e-09, 0.8007268905639648, 0.12814007699489594, 0.5851636528968811, -0.09366460889577866, 0.9916198253631592, -0.08897768706083298, -0.5916615724563599, 0.016437696292996407, 0.8060189485549927),
            ["RightLowerLeg"] = CFrame.new(-1.2293457984924316e-07, -0.0007265210151672363, 0.0000460546652902849, 1, -5.215407838932151e-08, -6.891787052154541e-08, 8.195639367158947e-08, 0.7237951755523682, 0.6900143027305603, 1.1548401346317405e-07, -0.6900149583816528, 0.7237957715988159),
            ["RightFoot"] = CFrame.new(1.6763806343078613e-07, -1.1920928955078125e-07, -5.75528247281909e-09, 0.9975214004516602, -0.05962526798248291, -0.03736371546983719, 0.03129003569483757, 0.8514856696128845, -0.523443341255188, 0.06302490085363388, 0.5209769606590271, 0.851240873336792),
            ["LeftLowerLeg"] = CFrame.new(6.146728992462158e-08, -0.0007264614105224609, 0.00008099153637886047, 1, 8.195639367158947e-08, 4.097818262494002e-08, -7.543710722757169e-08, 0.8277262449264526, 0.5611321926116943, 8.475033297372647e-08, -0.5611323118209839, 0.8277261853218079),
        }},
        {Time = 0.167, Data = {
            ["LeftFoot"] = CFrame.new(-4.895264282822609e-08, -5.960464477539063e-08, 7.450580596923828e-09, 0.995255708694458, -0.09247590601444244, -0.03023846447467804, 0.06410876661539078, 0.8570985198020935, -0.51114821434021, 0.07318629324436188, 0.5067844986915588, 0.8589605093002319),
            ["LeftLowerArm"] = CFrame.new(0.0000012516975402832031, -5.364418029785156e-07, 0.000004589557647705078, 1, 1.1920927533992653e-07, -1.6391278734317893e-07, -5.960464477539063e-08, 0.19182898104190826, -0.9814284443855286, -9.685754776000977e-08, 0.9814284443855286, 0.19182896614074707),
            ["LowerTorso"] = CFrame.new(0.010516639798879623, -0.11439168453216553, 0.040410466492176056, 0.7571053504943848, 0.04383501410484314, -0.6518205404281616, -0.02698187343776226, 0.9989932179450989, 0.03584232181310654, 0.6527353525161743, -0.009549073874950409, 0.7575258016586304),
            ["Head"] = CFrame.new(-4.470348358154297e-08, -8.344650268554688e-07, -7.450580596923828e-08, 0.893804132938385, -0.3267635703086853, 0.3071478307247162, 0.29714030027389526, 0.944494903087616, 0.14013199508190155, -0.33588966727256775, -0.03398466855287552, 0.9412881135940552),
            ["RightUpperArm"] = CFrame.new(0.008240222930908203, -0.06302487850189209, 0.0407833456993103, 0.5730044841766357, -0.7348603010177612, -0.36283114552497864, 0.7998955845832825, 0.5978479981422424, 0.05239081382751465, 0.1784178465604782, -0.3202471137046814, 0.9303810596466064),
            ["UpperTorso"] = CFrame.new(0, 0, -1.1175870895385742e-08, 0.9964668154716492, 0.05433836579322815, 0.06404110789299011, -0.07093311101198196, 0.952772319316864, 0.2952853739261627, -0.04497106000781059, -0.2987845540046692, 0.9532604217529297),
            ["HumanoidRootPart"] = CFrame.new(0, 0, 0, 1, 0, 0, 0, 1, 0, 0, 0, 1),
            ["RightHand"] = CFrame.new(1.4901161193847656e-07, 0.0000010132789611816406, -4.6938657760620117e-07, 0.7563556432723999, 0.37740278244018555, -0.5343150496482849, -0.4408843219280243, 0.8975101113319397, 0.009839816018939018, 0.48326727747917175, 0.22812873125076294, 0.8452281951904297),
            ["LeftUpperArm"] = CFrame.new(0.06707298755645752, -0.004056692123413086, 0.023975923657417297, -0.05436394736170769, -0.03790731355547905, -0.9978014230728149, -0.8986944556236267, 0.43738067150115967, 0.032347749918699265, 0.4351927936077118, 0.8984771966934204, -0.05784459039568901),
            ["RightLowerArm"] = CFrame.new(2.980232238769531e-07, 1.7881393432617188e-07, -0.000003933906555175781, 1, 0.0000114142867460032, 0.000015806408555363305, 0.000018984081179951318, -0.756589949131012, -0.6538895964622498, 0.0000043958430069324095, 0.6538895964622498, -0.7565900087356567),
            ["LeftHand"] = CFrame.new(-0.0000012516975402832031, -0.0000014901161193847656, 1.9371509552001953e-07, 0.8089919686317444, -0.11988235265016556, -0.5754647850990295, -0.03033837303519249, 0.9691624641418457, -0.2445482611656189, 0.5870363116264343, 0.2152964025735855, 0.7804078459739685),
            ["RightUpperLeg"] = CFrame.new(1.1920928955078125e-07, 3.306195139884949e-08, -2.4047039914876223e-08, 0.9868986010551453, -0.0546816810965538, -0.15179331600666046, -0.03367844223976135, 0.8502728343009949, -0.5252639055252075, 0.15778803825378418, 0.5234941244125366, 0.8372912406921387),
            ["LeftUpperLeg"] = CFrame.new(-8.940696716308594e-08, -1.1920928955078125e-07, -2.9802322387695312e-08, 0.7537387013435364, 0.07172486931085587, 0.6532484889030457, -0.06681595742702484, 0.9972391128540039, -0.03239968419075012, -0.65376877784729, -0.019226480275392532, 0.7564500570297241),
            ["RightLowerLeg"] = CFrame.new(-9.685754776000977e-08, -0.0007265210151672363, 0.00004607608570950106, 1, 4.842878453814592e-08, -1.396984004031765e-07, 4.8428766774577525e-08, 0.7181882262229919, 0.6958485245704651, 7.450579886381092e-08, -0.6958488821983337, 0.7181885838508606),
            ["RightFoot"] = CFrame.new(1.909211277961731e-07, 0, -3.55576048605144e-08, 0.9981181621551514, -0.05682985484600067, 0.023035578429698944, 0.06086204946041107, 0.872217059135437, -0.4853174388408661, 0.00748868566006422, 0.4858062267303467, 0.8740345239639282),
            ["LeftLowerLeg"] = CFrame.new(-3.952300176024437e-08, -0.0007270574569702148, 0.00008098199032247066, 1, -1.5133989617055477e-09, -1.187436460270419e-08, -2.478190808119507e-08, 0.8818801641464233, 0.4714741110801697, -2.8652717531940652e-08, -0.4714736044406891, 0.881879985332489),
        }},
        {Time = 0.200, Data = {
            ["LeftFoot"] = CFrame.new(-3.585591912269592e-08, -1.1920928955078125e-07, 1.1816155165433884e-08, 0.992184579372406, -0.11030233651399612, -0.05833671614527702, 0.06668490171432495, 0.8638851642608643, -0.4992551803588867, 0.10546514391899109, 0.4914630353450775, 0.864488959312439),
            ["LeftLowerArm"] = CFrame.new(7.748603820800781e-07, -6.556510925292969e-07, 0.0000046193599700927734, 1, 7.450579886381092e-08, 7.450581485102248e-09, -1.341104365337742e-07, 0.28674203157424927, -0.9580078721046448, -1.4156101713069802e-07, 0.9580078125, 0.2867419719696045),
            ["LowerTorso"] = CFrame.new(0.0068425387144088745, -0.11931312084197998, 0.033697426319122314, 0.6838042736053467, 0.080361008644104, -0.7252268195152283, -0.03945719078183174, 0.9965350031852722, 0.0732206255197525, 0.72859787940979, -0.021453160792589188, 0.6846056580543518),
            ["Head"] = CFrame.new(2.9802322387695312e-08, -7.152557373046875e-07, 1.9371509552001953e-07, 0.8628977537155151, -0.34446269273757935, 0.36980095505714417, 0.3179146349430084, 0.9387948513031006, 0.1326439082622528, -0.3928583860397339, 0.003106821794062853, 0.9195939898490906),
            ["RightUpperArm"] = CFrame.new(0.00983041524887085, -0.06416571140289307, 0.028220176696777344, 0.5153046250343323, -0.7075067162513733, -0.48362746834754944, 0.7903716564178467, 0.6105032563209534, -0.050975482910871506, 0.33132150769233704, -0.3559776544570923, 0.8737883567810059),
            ["UpperTorso"] = CFrame.new(-1.1175870895385742e-08, 2.980232238769531e-07, 1.1175870895385742e-08, 0.9953092932701111, 0.05919375643134117, 0.07652239501476288, -0.07872246205806732, 0.9553040266036987, 0.2849511206150055, -0.05623440071940422, -0.2896382808685303, 0.9554827213287354),
            ["HumanoidRootPart"] = CFrame.new(0, 0, 0, 1, 0, 0, 0, 1, 0, 0, 0, 1),
            ["RightHand"] = CFrame.new(-2.9802322387695312e-08, 0.0000010132789611816406, -8.195638656616211e-07, 0.7813922166824341, 0.3326805830001831, -0.5279672145843506, -0.392976850271225, 0.9195458889007568, -0.0021857512183487415, 0.48476335406303406, 0.20918673276901245, 0.849261999130249),
            ["LeftUpperArm"] = CFrame.new(0.0685265064239502, -0.005006194114685059, 0.030740194022655487, -0.012554625980556011, 0.033858057111501694, -0.9993478059768677, -0.8549768328666687, 0.5178939700126648, 0.028287120163440704, 0.5185143351554871, 0.854774534702301, 0.022446276620030403),
            ["RightLowerArm"] = CFrame.new(-5.960464477539063e-08, 4.76837158203125e-07, -0.000003933906555175781, 1, 0.000011458991139079444, 0.000015750529200886376, 0.000018958005966851488, -0.7579581141471863, -0.6523032784461975, 0.000004455448106455151, 0.6523032784461975, -0.757958173751831),
            ["LeftHand"] = CFrame.new(-0.0000014901161193847656, -0.0000012516975402832031, 1.564621925354004e-07, 0.5773851871490479, -0.0047092740423977375, -0.8164579272270203, -0.1761322021484375, 0.9757198691368103, -0.13018569350242615, 0.7972476482391357, 0.21897196769714355, 0.5625373125076294),
            ["RightUpperLeg"] = CFrame.new(0, 2.551823854446411e-07, 2.8107024263590574e-08, 0.9693328738212585, -0.09191657602787018, -0.22791457176208496, -0.05580098181962967, 0.8208733201026917, -0.5683778524398804, 0.23933249711990356, 0.5636651515960693, 0.7905703783035278),
            ["LeftUpperLeg"] = CFrame.new(0, 3.4458935260772705e-07, -1.4901161193847656e-08, 0.7222262620925903, 0.019431008026003838, 0.6913838982582092, -0.03763492405414581, 0.9992285370826721, 0.011231007985770702, -0.6906322240829468, -0.03413144126534462, 0.7224003672599792),
            ["RightLowerLeg"] = CFrame.new(5.960464477539063e-08, -0.0007267594337463379, 0.00004608353629009798, 1, 2.980233659855003e-08, -9.313230187046884e-09, 7.4505797087454084e-09, 0.7073365449905396, 0.7068770527839661, 7.4505797087454084e-09, -0.7068771123886108, 0.7073365449905396),
            ["RightFoot"] = CFrame.new(1.4901161193847656e-07, -1.1920928955078125e-07, 1.6596459317952394e-08, 0.9935760498046875, -0.06547994166612625, 0.09229914098978043, 0.09874006360769272, 0.9000977873802185, -0.42435187101364136, -0.05529194325208664, 0.4307393431663513, 0.900780975818634),
            ["LeftLowerLeg"] = CFrame.new(1.3224780559539795e-07, -0.0007265210151672363, 0.00008098781108856201, 1, 3.725290298461914e-09, 3.993045893935232e-08, -1.955777229056821e-08, 0.9165194034576416, 0.3999902904033661, 5.634500865880909e-08, -0.39999017119407654, 0.9165194630622864),
        }},
        {Time = 0.233, Data = {
            ["LeftFoot"] = CFrame.new(-6.705522537231445e-08, -1.7881393432617188e-07, 1.4901161193847656e-08, 0.995404839515686, -0.0923519879579544, -0.02530503086745739, 0.06773855537176132, 0.8659085035324097, -0.49559491872787476, 0.06768130511045456, 0.49160319566726685, 0.8681851029396057),
            ["LeftLowerArm"] = CFrame.new(0.0000017583370208740234, -2.384185791015625e-07, 0.000004827976226806641, 1, 8.940698137394065e-08, -6.705523247774181e-08, -5.960465188081798e-08, 0.4107213616371155, -0.9117610454559326, -1.266598843585598e-07, 0.9117609858512878, 0.4107212424278259),
            ["LowerTorso"] = CFrame.new(0.00711417943239212, -0.1305983066558838, 0.02621852606534958, 0.6114398241043091, 0.11677335202693939, -0.7826272249221802, -0.05087629333138466, 0.9928062558174133, 0.1083855926990509, 0.7896538376808167, -0.026454098522663116, 0.6129822134971619),
            ["Head"] = CFrame.new(1.1920928955078125e-07, -9.5367431640625e-07, 0, 0.8339465856552124, -0.3514723777770996, 0.42544180154800415, 0.33544737100601196, 0.9350237846374512, 0.11491554975509644, -0.43818747997283936, 0.04687977209687233, 0.8976601362228394),
            ["RightUpperArm"] = CFrame.new(0.011598944664001465, -0.06605315208435059, 0.01711934804916382, 0.45630180835723877, -0.6616843938827515, -0.5949475765228271, 0.7421819567680359, 0.6518506407737732, -0.15574558079242706, 0.49087125062942505, -0.37049224972724915, 0.7885307669639587),
            ["UpperTorso"] = CFrame.new(-7.450580596923828e-09, 2.384185791015625e-07, -1.210719347000122e-08, 0.9944790601730347, 0.05957741662859917, 0.08638329803943634, -0.0819970890879631, 0.9548927545547485, 0.28540557622909546, -0.06548327207565308, -0.29091310501098633, 0.954505980014801),
            ["HumanoidRootPart"] = CFrame.new(0, 0, 0, 1, 0, 0, 0, 1, 0, 0, 0, 1),
            ["RightHand"] = CFrame.new(2.384185791015625e-07, 7.748603820800781e-07, -8.940696716308594e-07, 0.8278911709785461, 0.2796255052089691, -0.48621517419815063, -0.3316471576690674, 0.9431399703025818, -0.02229810319840908, 0.45233434438705444, 0.17971226572990417, 0.8735546469688416),
            ["LeftUpperArm"] = CFrame.new(0.07075905799865723, -0.003796696662902832, 0.03924976661801338, 0.0511602908372879, 0.11954499036073685, -0.9915098547935486, -0.7966794967651367, 0.6035722494125366, 0.031664539128541946, 0.6022329330444336, 0.788295328617096, 0.1261177510023117),
            ["RightLowerArm"] = CFrame.new(5.960464477539062e-07, 5.960464477539062e-07, -0.000003904104232788086, 1, 0.000009804964065551758, 0.000016808515283628367, 0.000018972905309055932, -0.6881961822509766, -0.7255246639251709, 0.000004418194748723181, 0.7255246639251709, -0.6881962418556213),
            ["LeftHand"] = CFrame.new(-0.0000012516975402832031, -0.0000013113021850585938, 3.650784492492676e-07, 0.5811532735824585, 0.12822109460830688, -0.8036291003227234, -0.2686827480792999, 0.9623662829399109, -0.04075293615460396, 0.7681605219841003, 0.2396051585674286, 0.593733549118042),
            ["RightUpperLeg"] = CFrame.new(5.960464477539063e-08, 6.51925802230835e-08, -4.639878170564771e-08, 0.9401895403862, -0.13512194156646729, -0.31270694732666016, -0.08753259479999542, 0.7913168668746948, -0.6051079630851746, 0.3292136490345001, 0.5962883234024048, 0.7321603894233704),
            ["LeftUpperLeg"] = CFrame.new(0, 1.0617077350616455e-07, 1.4901161193847656e-08, 0.7461169958114624, -0.013935472816228867, 0.6656689643859863, 0.00694510480388999, 0.9998894929885864, 0.013147804886102676, -0.665778636932373, -0.005186629947274923, 0.7461314797401428),
            ["RightLowerLeg"] = CFrame.new(-1.1175870895385742e-07, -0.0007261037826538086, 0.00004623999848263338, 1, -1.6717244477604254e-07, -1.3783574104309082e-07, 1.7881387748275301e-07, 0.689353883266449, 0.7244250178337097, -1.3783569841052667e-07, -0.7244248986244202, 0.6893537044525146),
            ["RightFoot"] = CFrame.new(1.7508864402770996e-07, 5.960464477539063e-08, 4.639878170564771e-08, 0.9841747879981995, -0.0886785089969635, 0.1534147560596466, 0.13630981743335724, 0.9320599436759949, -0.3356846868991852, -0.11322375386953354, 0.351283997297287, 0.9293975234031677),
            ["LeftLowerLeg"] = CFrame.new(0, -0.0007268190383911133, 0.00008100271224975586, 1, 7.450581307466564e-08, -2.60770320892334e-08, -5.122273449842396e-08, 0.9165184497833252, 0.39999261498451233, -6.658955697957936e-08, -0.39999261498451233, 0.9165184497833252),
        }},
        {Time = 0.267, Data = {
            ["LeftFoot"] = CFrame.new(-4.6566128730773926e-08, -5.960464477539063e-08, 2.60770320892334e-08, 0.9977948665618896, -0.051754798740148544, 0.04155632108449936, 0.06561639159917831, 0.8634604811668396, -0.5001305341720581, -0.009997817687690258, 0.5017543435096741, 0.8649523854255676),
            ["LeftLowerArm"] = CFrame.new(8.940696716308594e-07, -1.1920928955078125e-07, 0.000004976987838745117, 1, 2.9802315282267955e-08, 5.960464477539063e-08, -1.4528632164001465e-07, 0.5543950796127319, -0.8322536945343018, -9.685754776000977e-08, 0.832253634929657, 0.5543949604034424),
            ["LowerTorso"] = CFrame.new(0.008707817643880844, -0.1467987298965454, 0.016278766095638275, 0.5400571227073669, 0.14095555245876312, -0.8297408819198608, -0.06211412698030472, 0.989862322807312, 0.12772835791110992, 0.8393332958221436, -0.017441976815462112, 0.5433375239372253),
            ["Head"] = CFrame.new(5.960464477539063e-08, -7.152557373046875e-07, 9.685754776000977e-08, 0.807647168636322, -0.35196858644485474, 0.4731009900569916, 0.3449406325817108, 0.9327272176742554, 0.10505187511444092, -0.47824886441230774, 0.07834677398204803, 0.8747225999832153),
            ["RightUpperArm"] = CFrame.new(0.013012409210205078, -0.06907367706298828, 0.004780113697052002, 0.3960716724395752, -0.6079078316688538, -0.688168466091156, 0.6709362864494324, 0.7032623291015625, -0.2350875288248062, 0.6268746256828308, -0.3686058819293976, 0.686409592628479),
            ["UpperTorso"] = CFrame.new(1.6763806343078613e-08, -2.9802322387695312e-08, 1.862645149230957e-09, 0.9937537312507629, 0.057486291974782944, 0.09565036743879318, -0.08329033106565475, 0.9525169730186462, 0.2928723096847534, -0.07427266985177994, -0.2990097105503082, 0.9513553380966187),
            ["HumanoidRootPart"] = CFrame.new(0, 0, 0, 1, 0, 0, 0, 1, 0, 0, 0, 1),
            ["RightHand"] = CFrame.new(2.5331974029541016e-07, 9.5367431640625e-07, -7.152557373046875e-07, 0.8745657801628113, 0.23130403459072113, -0.426183819770813, -0.2751866579055786, 0.960408091545105, -0.04346126690506935, 0.399258017539978, 0.1552896797657013, 0.903592050075531),
            ["LeftUpperArm"] = CFrame.new(0.07304054498672485, -0.003309011459350586, 0.045339543372392654, 0.1477818787097931, 0.2055998593568802, -0.9674137234687805, -0.7169981002807617, 0.6960168480873108, 0.038392625749111176, 0.6812300682067871, 0.6879602074623108, 0.2502731382846832),
            ["RightLowerArm"] = CFrame.new(3.2782554626464844e-07, 5.364418029785156e-07, -0.0000037848949432373047, 1, 0.000006705522537231445, 0.00001841970151872374, 0.00001897942456707824, -0.5467978715896606, -0.8372647166252136, 0.000004433095909917029, 0.8372647166252136, -0.5467978715896606),
            ["LeftHand"] = CFrame.new(-0.0000011324882507324219, -0.0000010728836059570312, 5.364418029785156e-07, 0.6412298083305359, 0.2574152946472168, -0.722883939743042, -0.38036635518074036, 0.9248006343841553, -0.008084778673946857, 0.6664426922798157, 0.2801451086997986, 0.6909221410751343),
            ["RightUpperLeg"] = CFrame.new(0, 7.543712854385376e-08, -1.6596459317952394e-08, 0.928817093372345, -0.15621310472488403, -0.3360004425048828, -0.10273325443267822, 0.7626746892929077, -0.6385711431503296, 0.35601210594177246, 0.6276343464851379, 0.6923370957374573),
