return {
    ["Switchstep"] = {
        {Time = 0.000, Data = {
            ["RightFoot"] = CFrame.new(-2.9802322387695312e-08, 2.980232238769531e-07, -6.535992724820971e-08, 0.9847730398178101, 0.16784696280956268, 0.04527174308896065, -0.17380739748477936, 0.9559965133666992, 0.23635157942771912, -0.003608853090554476, -0.2406202256679535, 0.9706124663352966),
            ["LeftLowerArm"] = CFrame.new(-2.9802322387695312e-08, 0.000002205371856689453, -0.0000014603137969970703, 1, -2.508750540641813e-08, -3.527383896084757e-08, 1.6007110303917216e-08, 0.9874540567398071, -0.15790699422359467, 3.492460487475313e-10, 0.15790696442127228, 0.9874540567398071),
            ["RightUpperArm"] = CFrame.new(-5.960464477539063e-08, -9.5367431640625e-07, 1.1175870895385742e-07, 0.9245478510856628, 0.006504580844193697, -0.3810105323791504, -0.0690334364771843, 0.9861695766448975, -0.15067854523658752, 0.37476083636283875, 0.16561196744441986, 0.9122099280357361),
            ["Head"] = CFrame.new(-7.450580596923828e-09, -5.960464477539062e-07, -7.450580596923828e-09, 0.9072498083114624, 0.06821253150701523, 0.4150238633155823, 0.12164568901062012, 0.902031421661377, -0.4141758680343628, -0.40261659026145935, 0.42624685168266296, 0.8100700378417969),
            ["RightHand"] = CFrame.new(-3.5762786865234375e-07, 5.960464477539063e-08, -5.587935447692871e-07, -0.02565712109208107, 0.21256892383098602, -0.9768091440200806, -0.5121017694473267, 0.8363889455795288, 0.1954621970653534, 0.8585415482521057, 0.5052406787872314, 0.08739760518074036),
            ["UpperTorso"] = CFrame.new(-8.800998330116272e-08, -3.2782554626464844e-07, 4.470348358154297e-08, 0.965676486492157, 0.20028874278068542, -0.1653890460729599, -0.14356930553913116, 0.942197322845459, 0.3027409613132477, 0.21646472811698914, -0.2686050236225128, 0.9386130571365356),
            ["HumanoidRootPart"] = CFrame.new(0, 0, 0, 1, 0, 0, 0, 1, 0, 0, 0, 1),
            ["RightUpperLeg"] = CFrame.new(-5.960464477539063e-08, -8.051283657550812e-07, -7.283233571797609e-09, 0.914583683013916, -0.293547123670578, -0.27814924716949463, 0.1075933501124382, 0.8396544456481934, -0.5323570370674133, 0.3898210823535919, 0.4569579064846039, 0.7995180487632751),
            ["LeftUpperArm"] = CFrame.new(2.384185791015625e-07, -3.5762786865234375e-07, 1.9371509552001953e-07, 0.7430275082588196, 0.47237083315849304, -0.47410550713539124, -0.1796211451292038, 0.8231630325317383, 0.5386453866958618, 0.6447064280509949, -0.31506893038749695, 0.6964805126190186),
            ["RightLowerArm"] = CFrame.new(5.960464477539063e-08, 1.7881393432617188e-07, 6.332993507385254e-08, 1, -9.592621097453957e-08, 1.0803340444454079e-07, 8.102507109697399e-08, -0.19803927838802338, -0.980194091796875, 1.4761464228740806e-07, 0.980194091796875, -0.19803927838802338),
            ["LeftHand"] = CFrame.new(3.0943192541599274e-07, 5.960464477539062e-07, -6.556510925292969e-07, 0.9300305843353271, -0.03047388792037964, 0.3662164509296417, 0.11965440958738327, 0.9673609137535095, -0.22337345778942108, -0.3474564254283905, 0.25156357884407043, 0.9033215641975403),
            ["LeftFoot"] = CFrame.new(-1.4901161193847656e-08, -5.960464477539063e-08, 8.940696716308594e-08, 0.9902769327163696, -0.1310836225748062, -0.04656936228275299, 0.12092870473861694, 0.9766486883163452, -0.1775769144296646, 0.0687592402100563, 0.17021912336349487, 0.9830044507980347),
            ["LowerTorso"] = CFrame.new(-0.3134285807609558, 0.0820925235748291, -0.05115221068263054, 0.9791087508201599, -0.17264564335346222, 0.10742224752902985, 0.1763085424900055, 0.9840041399002075, -0.025518110021948814, -0.10129833966493607, 0.04392445832490921, 0.9938859939575195),
            ["RightLowerLeg"] = CFrame.new(-2.9802322387695312e-08, -0.000003337860107421875, -0.000013334843970369548, 1, 1.4901166522918174e-08, 1.4901159417490817e-08, -1.4901161193847656e-08, 0.9999840259552002, 0.005661446135491133, 6.705522537231445e-08, -0.005661817267537117, 0.9999839663505554),
            ["LeftUpperLeg"] = CFrame.new(-2.384185791015625e-07, -3.0948467610869557e-07, 1.3154931366443634e-08, 0.9621472954750061, 0.13516993820667267, -0.23664695024490356, -0.20027875900268555, 0.9395877718925476, -0.2776029109954834, 0.18482722342014313, 0.3144901394844055, 0.9310934543609619),
            ["LeftLowerLeg"] = CFrame.new(-1.341104507446289e-07, 0.000003874301910400391, 0.000013329088687896729, 1, -1.3411042232291948e-07, -9.872020712009544e-08, 1.112930618774044e-07, 0.4156787395477295, 0.9095114469528198, -1.1734665861240501e-07, -0.9095115661621094, 0.4156789779663086),
        }},
        {Time = 0.033, Data = {
            ["RightFoot"] = CFrame.new(8.940696716308594e-08, 4.172325134277344e-07, 1.2835516827180982e-07, 0.9969998598098755, 0.07662801444530487, 0.010935175232589245, -0.07733380794525146, 0.9921315312385559, 0.09846223145723343, -0.0033040873240679502, -0.09901164472103119, 0.9950807690620422),
            ["LeftLowerArm"] = CFrame.new(1.7881393432617188e-07, 0.0000023245811462402344, -3.5762786865234375e-07, 1, -3.3527616238870905e-08, -1.1175868230850483e-08, 1.4901166522918174e-08, 0.9993640780448914, -0.03565733879804611, 2.6077040971017595e-08, 0.03565732017159462, 0.9993640780448914),
            ["RightUpperArm"] = CFrame.new(-1.1920928955078125e-07, -8.344650268554688e-07, -1.4901161193847656e-08, 0.7377133369445801, 0.18906202912330627, -0.648100733757019, -0.32649707794189453, 0.9401687979698181, -0.09737846255302429, 0.5909135341644287, 0.28344035148620605, 0.7553032636642456),
            ["Head"] = CFrame.new(5.21540641784668e-08, -7.152557373046875e-07, -1.564621925354004e-07, 0.898823618888855, 0.13060426712036133, 0.4184001088142395, 0.11962980031967163, 0.8452338576316833, -0.5208343863487244, -0.4216691851615906, 0.518191397190094, 0.7440919876098633),
            ["RightHand"] = CFrame.new(-2.5331974029541016e-07, 1.7881393432617188e-07, -3.3155083656311035e-07, 0.014465702697634697, 0.15639616549015045, -0.9875885248184204, -0.37755274772644043, 0.9154293537139893, 0.13943853974342346, 0.9258751273155212, 0.3708496391773224, 0.0722901001572609),
            ["UpperTorso"] = CFrame.new(-1.2363307178020477e-07, 3.2782554626464844e-07, 2.7939677238464355e-08, 0.9230642914772034, 0.2475091814994812, -0.2944343090057373, -0.13050000369548798, 0.9215842485427856, 0.3655848205089569, 0.36183154582977295, -0.29903456568717957, 0.8829814791679382),
            ["HumanoidRootPart"] = CFrame.new(0, 0, 0, 1, 0, 0, 0, 1, 0, 0, 0, 1),
            ["RightUpperLeg"] = CFrame.new(-5.960464477539063e-08, -2.3562461137771606e-07, -2.032174961641431e-08, 0.880149245262146, -0.34924212098121643, -0.3215080201625824, 0.08449345827102661, 0.781734049320221, -0.6178615093231201, 0.467117041349411, 0.5166448354721069, 0.7175513505935669),
            ["LeftUpperArm"] = CFrame.new(4.172325134277344e-07, -4.76837158203125e-07, 5.960464477539063e-08, 0.7756756544113159, 0.44375115633010864, -0.44878971576690674, -0.12821470201015472, 0.8070536851882935, 0.5763900876045227, 0.6179710030555725, -0.3895503580570221, 0.682907223701477),
            ["RightLowerArm"] = CFrame.new(0, 4.172325134277344e-07, 7.450580596923828e-08, 1, -1.0989602117206232e-07, 1.1920923270736239e-07, 7.450580596923828e-08, -0.292296826839447, -0.9563276171684265, 1.3597309589385986e-07, 0.9563276767730713, -0.292296826839447),
            ["LeftHand"] = CFrame.new(1.043081283569336e-07, 7.152557373046875e-07, -5.066394805908203e-07, 0.969785749912262, -0.07301345467567444, 0.23277629911899567, 0.11683972924947739, 0.9766209721565247, -0.1804436892271042, -0.21415947377681732, 0.20218928158283234, 0.955643892288208),
            ["LeftFoot"] = CFrame.new(7.450580596923828e-08, 0, 3.725290298461914e-09, 0.9920624494552612, -0.1210557073354721, -0.03402456268668175, 0.11132768541574478, 0.9713515043258667, -0.2099585235118866, 0.05846628174185753, 0.2045040875673294, 0.9771180748939514),
            ["LowerTorso"] = CFrame.new(-0.28746920824050903, 0.06292080879211426, -0.046114712953567505, 0.9686662554740906, -0.18237140774726868, 0.16860130429267883, 0.1928323656320572, 0.9800683259963989, -0.04776805266737938, -0.1565292626619339, 0.0787830799818039, 0.9845262765884399),
            ["RightLowerLeg"] = CFrame.new(2.8312206268310547e-07, -0.000003874301910400391, -0.000013107601262163371, 1, 4.470350489782504e-08, -1.1920928955078125e-07, 1.6391277313232422e-07, 0.9999839067459106, 0.005673397332429886, -5.21540641784668e-08, -0.005673968233168125, 0.9999839067459106),
            ["LeftUpperLeg"] = CFrame.new(-2.980232238769531e-07, 3.173481673002243e-07, 0, 0.9383372068405151, 0.14986403286457062, -0.311551034450531, -0.2149929702281952, 0.9586662650108337, -0.18637874722480774, 0.2707422375679016, 0.24186746776103973, 0.9317719340324402),
            ["LeftLowerLeg"] = CFrame.new(-6.332993507385254e-08, 0.000003874301910400391, 0.000013373792171478271, 1, 1.1175869119028903e-08, 1.043081283569336e-07, -7.450579886381092e-08, 0.47645023465156555, 0.8792015910148621, 3.259628655882807e-08, -0.8792014122009277, 0.476450115442276),
        }},
        {Time = 0.067, Data = {
            ["RightFoot"] = CFrame.new(-7.450580596923828e-08, 4.172325134277344e-07, 6.129994289949536e-08, 0.9997625350952148, -0.02167118899524212, 0.0022770024370402098, 0.021583355963230133, 0.9992040395736694, 0.03355054929852486, -0.0030022189021110535, -0.03349287435412407, 0.9994345307350159),
            ["LeftLowerArm"] = CFrame.new(4.470348358154297e-07, 0.0000019073486328125, -4.172325134277344e-07, 1, -1.4901162970204496e-08, 3.725289943190546e-08, 4.4703494239684005e-08, 0.971221923828125, -0.23817673325538635, 1.4901164746561335e-08, 0.23817671835422516, 0.9712218642234802),
            ["RightUpperArm"] = CFrame.new(-2.384185791015625e-07, -9.5367431640625e-07, 4.470348358154297e-08, 0.6265655755996704, 0.13496443629264832, -0.7675938010215759, -0.37401866912841797, 0.9161393046379089, -0.14421822130680084, 0.6837584972381592, 0.3774566650390625, 0.6245005130767822),
            ["Head"] = CFrame.new(7.450580596923828e-09, -4.76837158203125e-07, -9.685754776000977e-08, 0.9121848344802856, 0.1701434850692749, 0.37278687953948975, 0.09387578070163727, 0.7987663745880127, -0.5942725539207458, -0.39888113737106323, 0.5770819783210754, 0.7126501798629761),
            ["RightHand"] = CFrame.new(-2.086162567138672e-07, 1.7881393432617188e-07, -3.4086406230926514e-07, 0.07734867185354233, 0.12275652587413788, -0.989418089389801, -0.2891935110092163, 0.9524884223937988, 0.09556671977043152, 0.9541406035423279, 0.27874138951301575, 0.10917408019304276),
            ["UpperTorso"] = CFrame.new(-8.003553375601768e-08, -1.7881393432617188e-07, 3.096647560596466e-08, 0.9075589179992676, 0.23516196012496948, -0.3479020595550537, -0.08997698873281479, 0.9181448221206665, 0.3858940601348877, 0.4101719856262207, -0.3189184069633484, 0.8544296622276306),
            ["HumanoidRootPart"] = CFrame.new(0, 0, 0, 1, 0, 0, 0, 1, 0, 0, 0, 1),
            ["RightUpperLeg"] = CFrame.new(0, -7.478520274162292e-07, -5.3849362302571535e-08, 0.8345566987991333, -0.4011731445789337, -0.3775915801525116, 0.0443585067987442, 0.7320871353149414, -0.6797652840614319, 0.5491333603858948, 0.5505530834197998, 0.6287636160850525),
            ["LeftUpperArm"] = CFrame.new(3.5762786865234375e-07, -5.960464477539062e-07, 1.1920928955078125e-07, 0.8805577754974365, 0.4543558955192566, -0.13482795655727386, -0.32387107610702515, 0.7845715284347534, 0.5287298560142517, 0.3460136651992798, -0.42191025614738464, 0.8380132913589478),
            ["RightLowerArm"] = CFrame.new(0, 4.76837158203125e-07, 7.450580596923828e-08, 1, -1.0430811414607888e-07, 1.1175869474300271e-07, 8.754430069757291e-08, -0.3596579134464264, -0.93308424949646, 1.349835372366215e-07, 0.9330843091011047, -0.3596579134464264),
            ["LeftHand"] = CFrame.new(-4.470348358154297e-08, 7.152557373046875e-07, -5.513429641723633e-07, 0.9874146580696106, -0.1572587788105011, 0.0167959276586771, 0.15338866412639618, 0.9781234860420227, 0.1405220776796341, -0.03852672874927521, -0.1361771523952484, 0.9899351596832275),
            ["LeftFoot"] = CFrame.new(-1.0244548320770264e-07, 0, -9.685754776000977e-08, 0.9941539168357849, -0.10793984681367874, -0.002654364565387368, 0.09850981086492538, 0.9168166518211365, -0.38696667551994324, 0.044202566146850586, 0.3844430148601532, 0.9220899939537048),
            ["LowerTorso"] = CFrame.new(-0.2618904709815979, -0.007751584053039551, -0.04161069914698601, 0.9682298302650452, -0.1575368493795395, 0.19419880211353302, 0.17265410721302032, 0.9829373955726624, -0.06344013661146164, -0.18089109659194946, 0.09495384246110916, 0.9789087176322937),
            ["RightLowerLeg"] = CFrame.new(1.7881393432617188e-07, -0.000003516674041748047, -0.000013640317774843425, 1, -1.043081283569336e-07, 4.4703490686970326e-08, -4.470347647611561e-08, 0.9999839663505554, 0.0056760539300739765, 4.470347647611561e-08, -0.0056762732565402985, 0.9999839663505554),
            ["LeftUpperLeg"] = CFrame.new(-2.980232238769531e-07, 1.1781230568885803e-07, -2.60770320892334e-08, 0.9315619468688965, 0.1596406102180481, -0.3266609311103821, -0.19229945540428162, 0.9788341522216797, -0.07003404945135117, 0.30856671929359436, 0.12805791199207306, 0.9425432682037354),
            ["LeftLowerLeg"] = CFrame.new(8.195638656616211e-08, 0.0000040531158447265625, 0.000013314187526702881, 1, -2.011657187495075e-07, -3.725291186640334e-09, 1.0803343286625022e-07, 0.5813407897949219, 0.8136602640151978, -2.7008358216562556e-08, -0.813660204410553, 0.5813407897949219),
        }},
        {Time = 0.100, Data = {
            ["RightFoot"] = CFrame.new(-4.842877388000488e-08, 1.7881393432617188e-07, -1.4731631381437182e-07, 0.997612476348877, -0.06896308064460754, -0.0036714901216328144, 0.06899932771921158, 0.9930599927902222, 0.09524322301149368, -0.0029218941926956177, -0.09526853263378143, 0.9954472780227661),
            ["LeftLowerArm"] = CFrame.new(3.5762786865234375e-07, 0.0000025033950805664062, -2.7567148208618164e-07, 1, -3.3527612686157227e-08, 9.313223969797946e-09, 1.4901164746561335e-08, 0.7883226275444031, -0.6152620911598206, -1.862645504502325e-08, 0.6152621507644653, 0.7883226275444031),
            ["RightUpperArm"] = CFrame.new(-1.1920928955078125e-07, -5.960464477539062e-07, 1.341104507446289e-07, 0.4047585427761078, -0.00470226164907217, -0.9144115447998047, -0.3171093463897705, 0.9372101426124573, -0.14518596231937408, 0.8576783537864685, 0.34873372316360474, 0.3778527081012726),
            ["Head"] = CFrame.new(7.450580596923828e-09, -3.5762786865234375e-07, 2.60770320892334e-08, 0.9452695250511169, 0.165305495262146, 0.2813176214694977, 0.04838164150714874, 0.7816292643547058, -0.6218640804290771, -0.3226836621761322, 0.6014398336410522, 0.7308526039123535),
            ["RightHand"] = CFrame.new(-2.384185791015625e-07, 5.960464477539063e-08, -2.514570951461792e-07, 0.1843423694372177, 0.0376608669757843, -0.9821403622627258, -0.376482754945755, 0.92575603723526, -0.03516498953104019, 0.90789794921875, 0.37624141573905945, 0.18483473360538483),
            ["UpperTorso"] = CFrame.new(-9.167706593871117e-08, -5.960464477539063e-08, 2.8870999813079834e-08, 0.9313128590583801, 0.1532205194234848, -0.33042386174201965, -0.026270948350429535, 0.9331048727035522, 0.35864347219467163, 0.36327165365219116, -0.32532867789268494, 0.8730378150939941),
            ["HumanoidRootPart"] = CFrame.new(0, 0, 0, 1, 0, 0, 0, 1, 0, 0, 0, 1),
            ["RightUpperLeg"] = CFrame.new(0, -9.285286068916321e-07, 5.75528247281909e-09, 0.822165846824646, -0.38903090357780457, -0.4155702292919159, 0.018884452059864998, 0.7482715845108032, -0.663123607635498, 0.5689346194267273, 0.5373496413230896, 0.6225500702857971),
            ["LeftUpperArm"] = CFrame.new(0, -3.5762786865234375e-07, 2.384185791015625e-07, 0.8359590172767639, 0.49649596214294434, 0.23380433022975922, -0.5486823320388794, 0.7646633982658386, 0.33799049258232117, -0.010970738716423512, -0.4108304977416992, 0.911645770072937),
            ["RightLowerArm"] = CFrame.new(-8.940696716308594e-08, 2.384185791015625e-07, 1.7508864402770996e-07, 1, -5.215404996761208e-08, 1.1175869474300271e-07, 8.288771624620495e-08, -0.40089789032936096, -0.9161227941513062, 1.1315570702663535e-07, 0.9161227345466614, -0.40089792013168335),
            ["LeftHand"] = CFrame.new(-1.7881393432617188e-07, 5.960464477539062e-07, -4.172325134277344e-07, 0.9933093786239624, -0.09575033187866211, 0.06456370651721954, 0.0868605300784111, 0.9878716468811035, 0.1287044733762741, -0.07610409706830978, -0.1222352683544159, 0.9895790815353394),
            ["LeftFoot"] = CFrame.new(-1.4901161193847656e-08, 0, 3.259629011154175e-08, 0.9971580505371094, -0.07378026098012924, 0.015243868343532085, 0.07089229673147202, 0.8504248261451721, -0.5212980508804321, 0.02549763210117817, 0.5208975672721863, 0.853238582611084),
            ["LowerTorso"] = CFrame.new(-0.2370888590812683, -0.08650410175323486, -0.03785202279686928, 0.9779534935951233, -0.09019859880208969, 0.18833790719509125, 0.10464376211166382, 0.9921686053276062, -0.06819930672645569, -0.18071146309375763, 0.08640413731336594, 0.9797335267066956),
            ["RightLowerLeg"] = CFrame.new(-1.341104507446289e-07, -0.000003635883331298828, -0.000013312492228578776, 1, 1.1920927533992653e-07, -2.9802311729554276e-08, 1.974403431859173e-07, 0.999984085559845, 0.005649274215102196, -1.862644793959589e-08, -0.005649767350405455, 0.9999840259552002),
            ["LeftUpperLeg"] = CFrame.new(-2.384185791015625e-07, -2.086162567138672e-07, -2.60770320892334e-08, 0.9580775499343872, 0.13290710747241974, -0.25381746888160706, -0.13538439571857452, 0.9907627701759338, 0.007762570399791002, 0.2525046765804291, 0.026925820857286453, 0.9672210216522217),
            ["LeftLowerLeg"] = CFrame.new(-4.807952791452408e-08, 0.0000037550926208496094, 0.000013276934623718262, 1, 1.3783569841052667e-07, 1.3969838619232178e-08, -1.0430811414607888e-07, 0.6909576654434204, 0.7228949069976807, -8.847563570668626e-09, -0.7228952050209045, 0.6909580826759338),
        }},
        {Time = 0.133, Data = {
            ["RightFoot"] = CFrame.new(1.4901161193847656e-08, 2.980232238769531e-07, 9.110226528719068e-08, 0.9998109936714172, 0.01814166270196438, 0.0069981287233531475, -0.0171262938529253, 0.9920300245285034, -0.12483265995979309, -0.009206543676555157, 0.1246895119547844, 0.9921532273292542),
            ["LeftLowerArm"] = CFrame.new(5.364418029785156e-07, 0.0000019669532775878906, -5.140900611877441e-07, 1, 1.4901161193847656e-08, 5.215405707303944e-08, 5.96046660916727e-08, 0.5231399536132812, -0.8522468209266663, 2.980233304583635e-08, 0.8522467613220215, 0.523140013217926),
            ["RightUpperArm"] = CFrame.new(0, -0.0000010728836059570312, 2.9802322387695312e-08, 0.46051520109176636, -0.17374689877033234, -0.8704813718795776, -0.08559982478618622, 0.9673933386802673, -0.2383756935596466, 0.8835148215293884, 0.18428868055343628, 0.43062663078308105),
            ["Head"] = CFrame.new(2.60770320892334e-08, -4.76837158203125e-07, -9.872019290924072e-08, 0.9770452976226807, 0.10761144012212753, 0.18385379016399384, 0.022080564871430397, 0.8072313070297241, -0.5898221731185913, -0.21188406646251678, 0.5803425908088684, 0.7863254547119141),
            ["RightHand"] = CFrame.new(-1.862645149230957e-09, 5.960464477539063e-08, -3.9511360228061676e-07, 0.3931041955947876, -0.036711666733026505, -0.9187607765197754, -0.410903662443161, 0.8868666887283325, -0.211247980594635, 0.8225734829902649, 0.4605647027492523, 0.333545982837677),
            ["UpperTorso"] = CFrame.new(-1.3690441846847534e-07, 1.7881393432617188e-07, 3.632158041000366e-08, 0.9627718329429626, 0.08722276240587234, -0.25585654377937317, -0.00004749746949528344, 0.9465659856796265, 0.3225101828575134, 0.27031534910202026, -0.3104915916919708, 0.9113312363624573),
            ["HumanoidRootPart"] = CFrame.new(0, 0, 0, 1, 0, 0, 0, 1, 0, 0, 0, 1),
            ["RightUpperLeg"] = CFrame.new(-5.960464477539063e-08, -7.855705916881561e-07, -1.287116901949048e-08, 0.8540294766426086, -0.4547365605831146, -0.25268277525901794, 0.04044627770781517, 0.5422887206077576, -0.8392181992530823, 0.5186498761177063, 0.7064967155456543, 0.4815230071544647),
            ["LeftUpperArm"] = CFrame.new(1.7881393432617188e-07, -7.152557373046875e-07, 5.960464477539063e-08, 0.7539158463478088, 0.46738919615745544, 0.4616907835006714, -0.5403786897659302, 0.8408437967300415, 0.031186996027827263, -0.37363335490226746, -0.27300018072128296, 0.8864925503730774),
            ["RightLowerArm"] = CFrame.new(-1.7881393432617188e-07, -1.1920928955078125e-07, -8.195638656616211e-08, 1, -8.195636524988004e-08, 1.341104365337742e-07, 8.195638656616211e-08, -0.41645485162734985, -0.9091564416885376, 1.4901161193847656e-07, 0.9091564416885376, -0.41645491123199463),
            ["LeftHand"] = CFrame.new(2.2351741790771484e-07, 0.0000011920928955078125, -5.364418029785156e-07, 0.9869855046272278, -0.04211645945906639, 0.15519605576992035, 0.06469491124153137, 0.9875422716140747, -0.14343951642513275, -0.14722155034542084, 0.15161320567131042, 0.9774146676063538),
            ["LeftFoot"] = CFrame.new(-4.330649971961975e-08, -1.1920928955078125e-07, 2.9802322387695312e-08, 0.9976831078529358, -0.06482891738414764, 0.02063526026904583, 0.06515418738126755, 0.8231392502784729, -0.5640892386436462, 0.019583435729146004, 0.5641266703605652, 0.8254560828208923),
            ["LowerTorso"] = CFrame.new(-0.21339920163154602, -0.14004480838775635, -0.03527607396245003, 0.9847227931022644, -0.027469687163829803, 0.17194879055023193, 0.038095034658908844, 0.9975425601005554, -0.05880162864923477, -0.1699109524488449, 0.06445369869470596, 0.9833494424819946),
            ["RightLowerLeg"] = CFrame.new(2.2351741790771484e-08, -0.000003814697265625, -0.000013267788744997233, 1, 1.7136333951839333e-07, 8.102505688611927e-08, -9.872017869838601e-08, 0.7613973617553711, 0.6482853889465332, 1.1175869119028903e-08, -0.6482855677604675, 0.7613974213600159),
            ["LeftUpperLeg"] = CFrame.new(-2.384185791015625e-07, 8.591450750827789e-08, 7.450580596923828e-09, 0.9816297292709351, 0.09385662525892258, -0.16611433029174805, -0.0879264771938324, 0.9952106475830078, 0.042715564370155334, 0.16932795941829681, -0.02732475847005844, 0.9851809740066528),
            ["LeftLowerLeg"] = CFrame.new(-6.5338099375367165e-09, 0.0000037550926208496094, 0.000013227341696619987, 1, -2.4447214030942632e-08, 5.1222752261992355e-08, -5.29253227909976e-08, 0.7644398212432861, 0.6446951627731323, -5.133916403110561e-08, -0.6446951031684875, 0.7644398212432861),
        }},
        {Time = 0.167, Data = {
            ["RightFoot"] = CFrame.new(6.705522537231445e-08, 4.76837158203125e-07, -3.183231456205249e-08, 0.9789403676986694, 0.17832417786121368, 0.09938066452741623, -0.17927490174770355, 0.9837987422943115, 0.0006502835894934833, -0.0976545661687851, -0.018452929332852364, 0.9950492978096008),
            ["LeftLowerArm"] = CFrame.new(2.086162567138672e-07, 0.0000022649765014648438, -3.129243850708008e-07, 1, -7.450579175838357e-08, 2.9802308176840597e-08, 8.940698137394065e-08, 0.3332793414592743, -0.9428280591964722, -4.6566133171666024e-09, 0.9428281188011169, 0.33327943086624146),
            ["RightUpperArm"] = CFrame.new(-5.960464477539063e-08, -9.5367431640625e-07, 2.8405338525772095e-07, 0.6691644787788391, -0.355306476354599, -0.6526685357093811, 0.29920169711112976, 0.9327731728553772, -0.20102883875370026, 0.6802185773849487, -0.06075812876224518, 0.7304869294166565),
            ["Head"] = CFrame.new(6.041955202817917e-08, -3.5762786865234375e-07, 2.059387043118477e-07, 0.9964941740036011, 0.020450403913855553, 0.08112415671348572, 0.025548052042722702, 0.8489630222320557, -0.5278343558311462, -0.07966582477092743, 0.5280563831329346, 0.8454642295837402),
            ["RightHand"] = CFrame.new(-4.76837158203125e-07, 4.172325134277344e-07, -2.253800630569458e-07, 0.7480443716049194, -0.017245056107640266, -0.6634247303009033, -0.207892045378685, 0.9432589411735535, -0.2589277923107147, 0.6302465200424194, 0.33161020278930664, 0.7020143270492554),
            ["UpperTorso"] = CFrame.new(-1.1641532182693481e-07, -8.940696716308594e-08, 4.0978193283081055e-08, 0.9886762499809265, 0.07798758149147034, -0.12820760905742645, -0.038557689636945724, 0.9576879143714905, 0.2852146327495575, 0.1450260579586029, -0.27704158425331116, 0.9498502612113953),
            ["HumanoidRootPart"] = CFrame.new(0, 0, 0, 1, 0, 0, 0, 1, 0, 0, 0, 1),
            ["RightUpperLeg"] = CFrame.new(-2.9802322387695312e-08, -8.953793440014124e-07, 2.029992174357176e-09, 0.8897878527641296, -0.4185149073600769, -0.1819971352815628, 0.06925990432500839, 0.518003523349762, -0.8525699973106384, 0.4510883688926697, 0.746001124382019, 0.48989951610565186),
            ["LeftUpperArm"] = CFrame.new(3.5762786865234375e-07, -4.76837158203125e-07, 2.635642886161804e-07, 0.7263919711112976, 0.4289148449897766, 0.5370166301727295, -0.40836301445961, 0.8978330492973328, -0.1647292673587799, -0.55280601978302, -0.09963961690664291, 0.82733154296875),
            ["RightLowerArm"] = CFrame.new(-2.9802322387695312e-08, -1.1920928955078125e-07, 3.650784492492676e-07, 1, -7.450579886381092e-08, 1.2479722499847412e-07, 5.960465188081798e-08, -0.3951243758201599, -0.9186276197433472, 8.24220549588972e-08, 0.9186276197433472, -0.3951244652271271),
            ["LeftHand"] = CFrame.new(1.341104507446289e-07, 5.364418029785156e-07, -1.6391277313232422e-07, 0.9625513553619385, -0.05678088217973709, 0.26508668065071106, 0.15955907106399536, 0.9091765284538269, -0.3846285939216614, -0.21917103230953217, 0.41252171993255615, 0.8841888904571533),
            ["LeftFoot"] = CFrame.new(-5.029141902923584e-08, 0, 5.21540641784668e-08, 0.9987801313400269, -0.04604819789528847, 0.01782771199941635, 0.047692809253931046, 0.8060824871063232, -0.5898780822753906, 0.012792033143341541, 0.5900089740753174, 0.8072956204414368),
            ["LowerTorso"] = CFrame.new(-0.18414674699306488, -0.16284692287445068, -0.03432026505470276, 0.9891146421432495, -0.0009630891145206988, 0.14714398980140686, 0.0064453803934156895, 0.9993023872375488, -0.03678576648235321, -0.14700590074062347, 0.03733373433351517, 0.9884308576583862),
            ["RightLowerLeg"] = CFrame.new(2.9802322387695312e-08, -0.0000035762786865234375, -0.000013364646292757243, 1, -6.973279198518867e-08, 5.983748252447185e-08, -9.313225746154785e-09, 0.5100911855697632, 0.8601203560829163, 1.1175870895385742e-07, -0.8601202964782715, 0.510091245174408),
            ["LeftUpperLeg"] = CFrame.new(-2.384185791015625e-07, -1.9080471247434616e-07, 7.450580596923828e-09, 0.991072952747345, 0.08049765974283218, -0.10627651959657669, -0.07662570476531982, 0.9962560534477234, 0.040030963718891144, 0.10910113155841827, -0.031530119478702545, 0.9935305714607239),
            ["LeftLowerLeg"] = CFrame.new(1.076841726899147e-07, 0.0000040531158447265625, 0.00001329183578491211, 1, 1.471489525783909e-07, 1.862645326866641e-08, -8.62200977280736e-08, 0.7867213487625122, 0.6173079609870911, 6.183108780533075e-08, -0.6173081994056702, 0.7867216467857361),
        }},
        {Time = 0.200, Data = {
            ["RightFoot"] = CFrame.new(-5.960464477539063e-08, 3.5762786865234375e-07, 6.875052349641919e-08, 0.9574636220932007, 0.23308366537094116, 0.17010405659675598, -0.2399769127368927, 0.9705544710159302, 0.020862162113189697, -0.16023267805576324, -0.06079563498497009, 0.985205352306366),
            ["LeftLowerArm"] = CFrame.new(1.4901161193847656e-07, 0.0000024437904357910156, -4.470348358154297e-07, 1, -7.729977369308472e-08, 4.4703469370688254e-08, 1.1920931797249068e-07, 0.23363251984119415, -0.9723249673843384, 7.450582373280668e-09, 0.9723250269889832, 0.23363253474235535),
            ["RightUpperArm"] = CFrame.new(-5.960464477539063e-08, -0.0000013113021850585938, 1.341104507446289e-07, 0.7107231616973877, -0.566166341304779, -0.417526513338089, 0.6463177800178528, 0.7598701119422913, 0.06979238241910934, 0.27775177359580994, -0.31945785880088806, 0.9059805870056152),
            ["Head"] = CFrame.new(6.705522537231445e-08, -7.152557373046875e-07, 1.2200325727462769e-07, 0.9978483319282532, -0.05528782308101654, -0.035242240875959396, 0.03237062692642212, 0.8828701376914978, -0.4685002863407135, 0.05701668560504913, 0.46635138988494873, 0.8827601671218872),
            ["RightHand"] = CFrame.new(-4.079192876815796e-07, 5.960464477539063e-08, -2.9802322387695312e-08, 0.9168460965156555, -0.02776448056101799, -0.39827442169189453, -0.06891290843486786, 0.9715999364852905, -0.22637280821800232, 0.39324846863746643, 0.2349953055381775, 0.8888941407203674),
            ["UpperTorso"] = CFrame.new(-1.043081283569336e-07, -5.960464477539063e-08, 2.9802322387695312e-08, 0.9963208436965942, 0.08186884224414825, 0.02534661628305912, -0.08554413914680481, 0.9679746627807617, 0.2360239326953888, -0.005211890209466219, -0.2373237907886505, 0.9714166522026062),
            ["HumanoidRootPart"] = CFrame.new(0, 0, 0, 1, 0, 0, 0, 1, 0, 0, 0, 1),
            ["RightUpperLeg"] = CFrame.new(0, -6.58910721540451e-07, -9.145878721028566e-09, 0.9162206053733826, -0.37077951431274414, -0.15186280012130737, 0.07886849343776703, 0.5384958982467651, -0.8389290571212769, 0.392835408449173, 0.7566668391227722, 0.5226239562034607),
            ["LeftUpperArm"] = CFrame.new(2.384185791015625e-07, -7.152557373046875e-07, 2.682209014892578e-07, 0.7083534598350525, 0.41285520792007446, 0.5725259780883789, -0.2773754298686981, 0.9086669087409973, -0.3120696544647217, -0.6490748524665833, 0.062251023948192596, 0.7581732273101807),
            ["RightLowerArm"] = CFrame.new(0, 3.5762786865234375e-07, 3.2782554626464844e-07, 1, -8.568165554834195e-08, 1.448206461418522e-07, 6.239861960466442e-08, -0.22786845266819, -0.9736918807029724, 1.2479723920932884e-07, 0.9736918807029724, -0.2278684824705124),
            ["LeftHand"] = CFrame.new(-2.384185791015625e-07, 5.960464477539062e-07, -9.834766387939453e-07, 0.8712981939315796, -0.1838875561952591, 0.45500001311302185, 0.3509686291217804, 0.8815212249755859, -0.3158189356327057, -0.34301692247390747, 0.43486306071281433, 0.8326064944267273),
            ["LeftFoot"] = CFrame.new(-1.0617077350616455e-07, -5.960464477539063e-08, 5.21540641784668e-08, 0.9997166991233826, -0.02213664911687374, 0.008755544200539589, 0.023162884637713432, 0.8196780681610107, -0.5723557472229004, 0.005492976866662502, 0.5723965764045715, 0.8199586868286133),
            ["LowerTorso"] = CFrame.new(-0.14382973313331604, -0.1750396490097046, -0.0371900349855423, 0.993358314037323, 0.009247438050806522, 0.11468997597694397, -0.008275170810520649, 0.9999257922172546, -0.008950570598244667, -0.11476421356201172, 0.007942045107483864, 0.9933610558509827),
            ["RightLowerLeg"] = CFrame.new(-1.7136335372924805e-07, -0.0000035762786865234375, -0.00001333856926066801, 1, -3.199092191152886e-07, -3.2223769608208386e-07, 4.135072799726913e-07, 0.3224787712097168, 0.946576714515686, -4.097819896742294e-07, -0.946576714515686, 0.3224790394306183),
            ["LeftUpperLeg"] = CFrame.new(-1.7881393432617188e-07, -1.2372038327157497e-07, -7.450580596923828e-09, 0.9953003525733948, 0.08551628142595291, -0.0454336516559124, -0.08608131855726242, 0.9962314367294312, -0.010628771036863327, 0.04435384273529053, 0.014489687979221344, 0.9989108443260193),
            ["LeftLowerLeg"] = CFrame.new(-1.9615981727838516e-08, 0.0000037550926208496094, 0.000013384968042373657, 1, 7.450581307466564e-08, 1.8626458597736928e-08, -4.9651145417328735e-08, 0.7519893050193787, 0.6591753363609314, 3.108289803321895e-08, -0.6591753959655762, 0.7519894242286682),
        }},
        {Time = 0.233, Data = {
            ["RightFoot"] = CFrame.new(3.5390257835388184e-08, 2.980232238769531e-07, 4.639878170564771e-08, 0.9698477387428284, 0.19120049476623535, 0.15112212300300598, -0.1964544653892517, 0.980298638343811, 0.02049766108393669, -0.14422568678855896, -0.049568530172109604, 0.9883026480674744),
            ["LeftLowerArm"] = CFrame.new(2.384185791015625e-07, 0.000002205371856689453, -4.023313522338867e-07, 1, -7.450580596923828e-08, 7.450577044210149e-08, 1.1175873737556685e-07, 0.11103320866823196, -0.9938166737556458, 9.685756907629184e-08, 0.9938167333602905, 0.11103322356939316),
            ["RightUpperArm"] = CFrame.new(-5.960464477539063e-08, -0.0000011920928955078125, 0, 0.6416661143302917, -0.7593022584915161, -0.10828151553869247, 0.6878222227096558, 0.5072091221809387, 0.5192683935165405, -0.33936020731925964, -0.40767529606819153, 0.8477237224578857),
            ["Head"] = CFrame.new(7.078051567077637e-08, -3.5762786865234375e-07, -8.381903171539307e-09, 0.9860541820526123, -0.08997296541929245, -0.14000728726387024, 0.023541966453194618, 0.9082141518592834, -0.4178430140018463, 0.16475114226341248, 0.40871986746788025, 0.8976665139198303),
            ["RightHand"] = CFrame.new(0, 0, -2.905726432800293e-07, 0.8183301091194153, -0.13985012471675873, -0.5574743747711182, -0.0398295558989048, 0.9538145065307617, -0.29774439334869385, 0.5733667016029358, 0.26585710048675537, 0.7749649286270142),
            ["UpperTorso"] = CFrame.new(-1.0826624929904938e-07, 2.682209014892578e-07, 3.91155481338501e-08, 0.9834897518157959, 0.047331493347883224, 0.17466436326503754, -0.08024683594703674, 0.9791707396507263, 0.1865081787109375, -0.1621984988451004, -0.19744516909122467, 0.9668025970458984),
            ["HumanoidRootPart"] = CFrame.new(0, 0, 0, 1, 0, 0, 0, 1, 0, 0, 0, 1),
            ["RightUpperLeg"] = CFrame.new(-1.1920928955078125e-07, -3.2724346965551376e-07, -8.214556146413088e-09, 0.9488981366157532, -0.296268492937088, -0.10870663821697235, 0.07889637351036072, 0.55623459815979, -0.8272718787193298, 0.30556124448776245, 0.776419997215271, 0.551184356212616),
            ["LeftUpperArm"] = CFrame.new(2.980232238769531e-07, -7.152557373046875e-07, 1.043081283569336e-07, 0.7054591774940491, 0.4135863780975342, 0.575563907623291, -0.22583815455436707, 0.9009267091751099, -0.37057816982269287, -0.6718069314956665, 0.13144351541996002, 0.7289705276489258),
            ["RightLowerArm"] = CFrame.new(2.384185791015625e-07, 2.384185791015625e-07, 2.8312206268310547e-07, 1, -9.499488129449674e-08, 7.450579175838357e-08, 8.940696716308594e-08, 0.1675088107585907, -0.9858705997467041, 9.685754776000977e-08, 0.9858705997467041, 0.16750885546207428),
            ["LeftHand"] = CFrame.new(1.4901161193847656e-08, 7.152557373046875e-07, -6.966292858123779e-07, 0.6168727874755859, -0.3218933939933777, 0.7182289361953735, 0.5783944129943848, 0.804288387298584, -0.1363086849451065, -0.5337862968444824, 0.4995046555995941, 0.6823248863220215),
            ["LeftFoot"] = CFrame.new(2.60770320892334e-08, 5.960464477539063e-08, -4.470348358154297e-08, 0.9988678693771362, -0.04679407924413681, 0.00856848992407322, 0.04487944021821022, 0.8671785593032837, -0.49597105383872986, 0.015777798369526863, 0.49579405784606934, 0.8682968616485596),
            ["LowerTorso"] = CFrame.new(-0.08795705437660217, -0.18181097507476807, -0.043589845299720764, 0.9975868463516235, 0.03420459106564522, 0.060419462621212006, -0.03564118593931198, 0.9991031289100647, 0.022861242294311523, -0.05958331376314163, -0.024959497153759003, 0.9979113340377808),
            ["RightLowerLeg"] = CFrame.new(7.450580596923828e-08, -0.0000035762786865234375, -0.0000133981739054434, 1, -1.4528629321830522e-07, -1.3969837198146706e-07, 1.7881393432617188e-07, 0.23174874484539032, 0.9727756381034851, -5.587935447692871e-08, -0.9727757573127747, 0.23174890875816345),
            ["LeftUpperLeg"] = CFrame.new(-2.980232238769531e-07, 3.856548573821783e-07, -2.7939677238464355e-09, 0.9925923347473145, 0.09922643005847931, 0.07010496407747269, -0.09241826087236404, 0.9912293553352356, -0.09446282684803009, -0.07886318117380142, 0.0872841626405716, 0.9930570125579834),
            ["LeftLowerLeg"] = CFrame.new(-1.564621925354004e-07, 0.000003874301910400391, 0.000013262033462524414, 1, 1.5785919060817832e-07, 1.0430814256778831e-07, -1.927838155779682e-07, 0.6717170476913452, 0.7408079504966736, 1.4342370491249312e-07, -0.740807831287384, 0.6717169284820557),
        }},
        {Time = 0.267, Data = {
            ["RightFoot"] = CFrame.new(-3.6670826375484467e-08, 2.980232238769531e-07, 6.875052349641919e-08, 0.9931846261024475, 0.10254190862178802, 0.05540377274155617, -0.09390605241060257, 0.9855835437774658, -0.14073680341243744, -0.06903663277626038, 0.13457486033439636, 0.9884956479072571),
            ["LeftLowerArm"] = CFrame.new(8.940696716308594e-08, 0.000002562999725341797, -2.980232238769531e-07, 1, -1.1920928955078125e-07, 8.195636524988004e-08, 7.4505820180093e-08, -0.05811992660164833, -0.9983096718788147, 1.0430815677864302e-07, 0.9983096122741699, -0.0581200085580349),
            ["RightUpperArm"] = CFrame.new(-5.960464477539063e-08, -0.0000010728836059570312, 2.086162567138672e-07, 0.43407467007637024, -0.8954710960388184, 0.0985431894659996, 0.448836088180542, 0.30981042981147766, 0.8381907939910889, -0.7811053395271301, -0.3196077346801758, 0.5364004969596863),
            ["Head"] = CFrame.new(-2.9802322387695312e-08, -3.5762786865234375e-07, 7.264316082000732e-08, 0.9726904630661011, -0.08420168608427048, -0.21629495918750763, -0.007561550475656986, 0.919887900352478, -0.39210882782936096, 0.2319832742214203, 0.3830360174179077, 0.8941293358802795),
            ["RightHand"] = CFrame.new(-4.470348358154297e-07, -1.1920928955078125e-07, -1.1920928955078125e-07, 0.6297091841697693, -0.06898010522127151, -0.7737624049186707, -0.17083632946014404, 0.9593690037727356, -0.2245579957962036, 0.757813572883606, 0.2735929489135742, 0.592339038848877),
            ["UpperTorso"] = CFrame.new(-1.3166572898626328e-07, -1.4901161193847656e-07, 4.752655513584614e-08, 0.9529737234115601, -0.03403489664196968, 0.30113592743873596, -0.014163206331431866, 0.9875860214233398, 0.15643946826457977, -0.3027220368385315, -0.15334774553775787, 0.9406614303588867),
            ["HumanoidRootPart"] = CFrame.new(0, 0, 0, 1, 0, 0, 0, 1, 0, 0, 0, 1),
            ["RightUpperLeg"] = CFrame.new(-8.940696716308594e-08, -0.000001062639057636261, -1.0077201295644045e-08, 0.9754818081855774, -0.2074449509382248, -0.07349644601345062, 0.05916332080960274, 0.5688410997390747, -0.8203165531158447, 0.21197868883609772, 0.795855700969696, 0.5671675801277161),
            ["LeftUpperArm"] = CFrame.new(5.960464477539063e-08, -4.76837158203125e-07, 1.4901161193847656e-07, 0.568915843963623, 0.3985116481781006, 0.7193909287452698, -0.060592129826545715, 0.8926843404769897, -0.44659072160720825, -0.8201606273651123, 0.21048316359519958, 0.5320088267326355),
            ["RightLowerArm"] = CFrame.new(0, -1.1920928955078125e-07, 5.662441253662109e-07, 1, -7.171183113996449e-08, 8.521599426103421e-08, 6.705522537231445e-08, 0.37025246024131775, -0.9289311766624451, 3.725290298461914e-08, 0.9289311766624451, 0.37025243043899536),
            ["LeftHand"] = CFrame.new(3.129243850708008e-07, 9.5367431640625e-07, -3.939494490623474e-07, 0.3197014033794403, -0.27656590938568115, 0.9062573313713074, 0.6909127831459045, 0.7225648760795593, -0.023226311430335045, -0.6484061479568481, 0.6335703730583191, 0.42208802700042725),
            ["LeftFoot"] = CFrame.new(5.21540641784668e-08, 5.960464477539063e-08, -4.470348358154297e-08, 0.9913600087165833, -0.12977683544158936, -0.01906028762459755, 0.11543066799640656, 0.9321652054786682, -0.3431384265422821, 0.062298454344272614, 0.33797362446784973, 0.9390915632247925),
