return {
    ["Symbol of Peace"] = {
        {Time = 0.000, Data = {
            ["LeftFoot"] = CFrame.new(-2.421438694000244e-08, 0, -3.073364496231079e-08, 0.9814493656158447, -0.1915479153394699, 0.008156966418027878, 0.19167430698871613, 0.9812639355659485, -0.01954811066389084, -0.004259692505002022, 0.020749257877469063, 0.9997757077217102),
            ["LeftLowerArm"] = CFrame.new(-5.960464477539063e-08, 4.172325134277344e-07, -5.960464477539063e-08, 1, -4.284084198502569e-08, 5.960463766996327e-08, 6.984920020158825e-08, 0.6857661604881287, -0.7278220653533936, 5.960465188081798e-08, 0.7278218865394592, 0.6857660412788391),
            ["LowerTorso"] = CFrame.new(-0.06277825683355331, -0.19238948822021484, 0.035892054438591, 0.9569851160049438, 0.009745568968355656, -0.28997331857681274, 0.0020568217150866985, 0.9991827607154846, 0.04036896303296089, 0.29012978076934814, -0.039228904992341995, 0.9561829566955566),
            ["Head"] = CFrame.new(1.862645149230957e-09, -1.1920928955078125e-07, -5.587935447692871e-09, 0.948918342590332, 0.0063738333992660046, 0.3154575824737549, -0.012520146556198597, 0.9997691512107849, 0.017460420727729797, -0.3152734637260437, -0.02051793783903122, 0.9487790465354919),
            ["RightUpperArm"] = CFrame.new(1.1920928955078125e-07, -1.1920928955078125e-07, 1.4901161193847656e-08, 0.9438722133636475, -0.3250527083873749, -0.058702390640974045, 0.32722756266593933, 0.8959516882896423, 0.30032098293304443, -0.04502560570836067, -0.30267372727394104, 0.9520301222801208),
            ["UpperTorso"] = CFrame.new(2.7939677238464355e-09, -1.1920928955078125e-07, 5.587935447692871e-09, 0.9988770484924316, -0.001429761410690844, -0.047356512397527695, 0.001962950685992837, 0.9999352097511292, 0.011214411817491055, 0.04733739793300629, -0.011294782161712646, 0.9988151788711548),
            ["HumanoidRootPart"] = CFrame.new(0, 0, 0, 1, 0, 0, 0, 1, 0, 0, 0, 1),
            ["RightHand"] = CFrame.new(-2.9802322387695312e-08, 0, 2.9802322387695312e-08, 0.9297782778739929, 0.36057284474372864, 0.07415726780891418, -0.3531908392906189, 0.9305704832077026, -0.09641162306070328, -0.10377196222543716, 0.06345004588365555, 0.9925751686096191),
            ["LeftUpperArm"] = CFrame.new(-1.1920928955078125e-07, -2.384185791015625e-07, 0, 0.8185964822769165, 0.5065592527389526, -0.27073565125465393, -0.4197019636631012, 0.8493330478668213, 0.3201303780078888, 0.3921096622943878, -0.1484292447566986, 0.9078649282455444),
            ["RightLowerArm"] = CFrame.new(1.7881393432617188e-07, -1.1920928955078125e-07, -2.980232238769531e-07, 1, -5.5879368687783426e-08, 0, 2.9802318834981634e-08, 0.8441107869148254, -0.5361687541007996, 0, 0.5361688137054443, 0.8441107869148254),
            ["LeftHand"] = CFrame.new(2.980232238769531e-07, -1.7881393432617188e-07, -8.940696716308594e-08, 0.9084359407424927, -0.3515235483646393, -0.22622057795524597, 0.3717188239097595, 0.9268614053726196, 0.05246870219707489, 0.19123110175132751, -0.1317548006772995, 0.9726620316505432),
            ["RightUpperLeg"] = CFrame.new(-5.960464477539063e-08, -1.7695128917694092e-07, 5.75528247281909e-09, 0.8646433353424072, -0.39470189809799194, -0.3108091354370117, 0.29521045088768005, 0.8997612595558167, -0.3213728964328766, 0.40650051832199097, 0.1861187070608139, 0.8944927453994751),
            ["LeftUpperLeg"] = CFrame.new(2.9802322387695312e-08, -6.51925802230835e-08, 0, 0.9346566796302795, 0.33204272389411926, 0.12713980674743652, -0.18487630784511566, 0.759303629398346, -0.6239219307899475, -0.30370646715164185, 0.559647798538208, 0.7710751891136169),
            ["RightLowerLeg"] = CFrame.new(9.685754776000977e-08, -0.0000603795051574707, -0.00007203051791293547, 1, -2.9802322387695312e-08, -1.2665987014770508e-07, 1.0617074508445512e-07, 0.7573137879371643, 0.6530508399009705, -2.2351736461700966e-08, -0.6530512571334839, 0.7573140859603882),
            ["RightFoot"] = CFrame.new(1.4901161193847656e-08, 3.5762786865234375e-07, -2.8107024263590574e-08, 0.948108971118927, 0.3164818584918976, -0.03047189489006996, -0.3036290109157562, 0.8728138208389282, -0.38210636377334595, -0.094333715736866, 0.37153109908103943, 0.9236159324645996),
            ["LeftLowerLeg"] = CFrame.new(1.816079020500183e-08, 0.000060677528381347656, 0.00007221847772598267, 1, 8.469215551087927e-09, 2.7008358216562556e-08, -3.4924596548080444e-08, 0.7833980917930603, 0.6215202212333679, 1.6763806343078613e-08, -0.6215202808380127, 0.7833981513977051),
        }},
        {Time = 0.033, Data = {
            ["LeftFoot"] = CFrame.new(-1.6763806343078613e-08, -5.960464477539063e-08, -5.029141902923584e-08, 0.9810472130775452, -0.19360920786857605, 0.007860992103815079, 0.1937442570924759, 0.9807607531547546, -0.023906998336315155, -0.003081308212131262, 0.024976780638098717, 0.9996832609176636),
            ["LeftLowerArm"] = CFrame.new(1.1920928955078125e-07, 0, 1.1920928955078125e-07, 1, -1.1548401346317405e-07, -1.0430811414607888e-07, 1.2572856178394431e-07, 0.689037024974823, -0.7247262597084045, 1.4901162970204496e-08, 0.724726140499115, 0.6890369653701782),
            ["LowerTorso"] = CFrame.new(-0.060609281063079834, -0.19611716270446777, 0.03814011067152023, 0.9560221433639526, 0.009372152388095856, -0.2931447923183441, 0.003243877552449703, 0.999090313911438, 0.04252101853489876, 0.29327666759490967, -0.04160195216536522, 0.9551220536231995),
            ["Head"] = CFrame.new(1.862645149230957e-09, -3.5762786865234375e-07, 1.210719347000122e-08, 0.9483060240745544, 0.010783866979181767, 0.3171740174293518, -0.015681859105825424, 0.9997939467430115, 0.012893089093267918, -0.3169695734977722, -0.017200317233800888, 0.9482797980308533),
            ["RightUpperArm"] = CFrame.new(0, -2.384185791015625e-07, 2.9802322387695312e-08, 0.9459146857261658, -0.31946849822998047, -0.056437939405441284, 0.32115069031715393, 0.8974984288215637, 0.3022560477256775, -0.045908376574516296, -0.3040335178375244, 0.951554536819458),
            ["UpperTorso"] = CFrame.new(2.3283064365386963e-09, -2.9802322387695312e-08, 9.313225746154785e-09, 0.9989566802978516, -0.005064293276518583, -0.045386455953121185, 0.005668760742992163, 0.9998968839645386, 0.013199367560446262, 0.045314889401197433, -0.013442868366837502, 0.9988823533058167),
            ["HumanoidRootPart"] = CFrame.new(0, 0, 0, 1, 0, 0, 0, 1, 0, 0, 0, 1),
            ["RightHand"] = CFrame.new(7.450580596923828e-08, 2.980232238769531e-07, 1.341104507446289e-07, 0.9362224340438843, 0.34760111570358276, 0.051585230976343155, -0.3419959545135498, 0.9350231885910034, -0.09365146607160568, -0.0807865560054779, 0.0700368657708168, 0.9942677617073059),
            ["LeftUpperArm"] = CFrame.new(0, 0, 2.9802322387695312e-08, 0.8241961002349854, 0.5042739510536194, -0.25769925117492676, -0.4244931936264038, 0.8513367176055908, 0.3082711398601532, 0.3748418688774109, -0.14468419551849365, 0.9157292246818542),
            ["RightLowerArm"] = CFrame.new(-1.7881393432617188e-07, -4.76837158203125e-07, -1.1920928955078125e-07, 1, -1.1175872671742582e-08, -1.8626458597736928e-08, 7.4505820180093e-08, 0.8427141308784485, -0.5383613109588623, -2.2351747119842003e-08, 0.5383613705635071, 0.8427141904830933),
            ["LeftHand"] = CFrame.new(0, 5.960464477539063e-08, 2.9802322387695312e-08, 0.9100673198699951, -0.34576985239982605, -0.22851921617984772, 0.365485280752182, 0.9295220971107483, 0.04908044636249542, 0.19544324278831482, -0.12818700075149536, 0.9723015427589417),
            ["RightUpperLeg"] = CFrame.new(5.960464477539063e-08, -2.468004822731018e-07, -1.6596459317952394e-08, 0.8690873384475708, -0.3925914764404297, -0.3009304106235504, 0.29171615839004517, 0.8980849981307983, -0.32915812730789185, 0.3994857668876648, 0.19828085601329803, 0.8950395584106445),
            ["LeftUpperLeg"] = CFrame.new(-5.960464477539063e-08, -2.1979212760925293e-07, -1.4901161193847656e-08, 0.9329594373703003, 0.33734428882598877, 0.12564095854759216, -0.18723738193511963, 0.7528387904167175, -0.6310119032859802, -0.30745556950569153, 0.5651838183403015, 0.7655314207077026),
            ["RightLowerLeg"] = CFrame.new(5.960464477539063e-08, -0.00006008148193359375, -0.00007206777081592008, 1, -9.313227167240257e-08, 0, 1.3224780559539795e-07, 0.7481152415275574, 0.6635684967041016, 1.2665987014770508e-07, -0.6635687947273254, 0.748115599155426),
            ["RightFoot"] = CFrame.new(0, 2.384185791015625e-07, -1.137887011282146e-07, 0.9485453367233276, 0.31459325551986694, -0.03595772385597229, -0.30342331528663635, 0.8705999851226807, -0.38728490471839905, -0.09053269773721695, 0.37826797366142273, 0.9212586879730225),
            ["LeftLowerLeg"] = CFrame.new(2.8870999813079834e-08, 0.00006073713302612305, 0.00007202476263046265, 1, 3.504101542262106e-08, 5.308537964765492e-08, -6.612389569227162e-08, 0.7761227488517761, 0.6305820941925049, 6.891786341611805e-08, -0.6305819749832153, 0.7761226296424866),
        }},
        {Time = 0.067, Data = {
            ["LeftFoot"] = CFrame.new(1.257285475730896e-08, -5.960464477539063e-08, 6.984919309616089e-09, 0.9801859855651855, -0.19793333113193512, 0.007604769431054592, 0.19806286692619324, 0.9798785448074341, -0.024681882932782173, -0.0025664642453193665, 0.02569901943206787, 0.9996665120124817),
            ["LeftLowerArm"] = CFrame.new(-5.960464477539062e-07, -1.7881393432617188e-07, 5.960464477539063e-08, 1, -2.3283064365386963e-08, -1.4901157641133977e-08, 2.7939670577126208e-09, 0.6982026100158691, -0.7159003615379333, 2.9802315282267955e-08, 0.715900182723999, 0.6982025504112244),
            ["LowerTorso"] = CFrame.new(-0.055206961929798126, -0.19804668426513672, 0.04364742711186409, 0.953712522983551, 0.00798357930034399, -0.3006139099597931, 0.006298430263996124, 0.9988979697227478, 0.046510305255651474, 0.30065393447875977, -0.0462508462369442, 0.9526112079620361),
            ["Head"] = CFrame.new(1.8044374883174896e-09, 1.1920928955078125e-07, -1.862645149230957e-08, 0.946814239025116, 0.01620372012257576, 0.321372389793396, -0.019809985533356667, 0.9997721910476685, 0.007953852415084839, -0.32117021083831787, -0.013897034339606762, 0.9469195008277893),
            ["RightUpperArm"] = CFrame.new(0, -1.1920928955078125e-07, -1.4901161193847656e-08, 0.9483366012573242, -0.31309303641319275, -0.05128815397620201, 0.31340616941452026, 0.8993380069732666, 0.3049061596393585, -0.04933856427669525, -0.3052276074886322, 0.9510005116462708),
            ["UpperTorso"] = CFrame.new(9.313225746154785e-10, 1.1920928955078125e-07, 9.313225746154785e-09, 0.9991063475608826, -0.009316190145909786, -0.0412302128970623, 0.00993597973138094, 0.9998404383659363, 0.014853053726255894, 0.04108528792858124, -0.015249439515173435, 0.999039351940155),
            ["HumanoidRootPart"] = CFrame.new(0, 0, 0, 1, 0, 0, 0, 1, 0, 0, 0, 1),
            ["RightHand"] = CFrame.new(-2.9802322387695312e-08, 0, -4.470348358154297e-08, 0.9451790452003479, 0.3250749111175537, 0.03102889657020569, -0.3212999105453491, 0.9427419900894165, -0.08946543186903, -0.05833519995212555, 0.07459152489900589, 0.9955064654350281),
            ["LeftUpperArm"] = CFrame.new(0, 1.1920928955078125e-07, -1.4901161193847656e-08, 0.8354988694190979, 0.4985039532184601, -0.2311616986989975, -0.42868128418922424, 0.8545047044754028, 0.2933492958545685, 0.34376445412635803, -0.14599823951721191, 0.9276370406150818),
            ["RightLowerArm"] = CFrame.new(-1.1920928955078125e-07, 3.5762786865234375e-07, 0, 1, -2.60770320892334e-08, 3.3527616238870905e-08, 2.980232594040899e-08, 0.8393063545227051, -0.5436588525772095, 8.940698137394065e-08, 0.5436588525772095, 0.8393062949180603),
            ["LeftHand"] = CFrame.new(1.7881393432617188e-07, -5.960464477539063e-08, -8.940696716308594e-08, 0.912577211856842, -0.3343125283718109, -0.23545315861701965, 0.352792888879776, 0.9348456263542175, 0.04000965878367424, 0.20673660933971405, -0.11957817524671555, 0.9710618257522583),
            ["RightUpperLeg"] = CFrame.new(-8.940696716308594e-08, 1.1431984603404999e-07, 5.75528247281909e-09, 0.8794487118721008, -0.3825967609882355, -0.2831776440143585, 0.2823035418987274, 0.8982372879981995, -0.3368600010871887, 0.38324227929115295, 0.21630899608135223, 0.8979619741439819),
            ["LeftUpperLeg"] = CFrame.new(8.940696716308594e-08, -2.2817403078079224e-08, 2.2351741790771484e-08, 0.9290688037872314, 0.3477321267127991, 0.12614907324314117, -0.1928408294916153, 0.7463298439979553, -0.6370277404785156, -0.31566381454467773, 0.5675159096717834, 0.760448694229126),
            ["RightLowerLeg"] = CFrame.new(6.705522537231445e-08, -0.000060439109802246094, -0.00007200071559054777, 1, -1.0803343286625022e-07, -1.1175873737556685e-07, 1.5459953317531472e-07, 0.740547239780426, 0.672003984451294, 8.195637946073475e-08, -0.6720042824745178, 0.7405475974082947),
            ["RightFoot"] = CFrame.new(-3.725290298461914e-08, 2.384185791015625e-07, -3.3694959711283445e-08, 0.9499260187149048, 0.3087575435638428, -0.04805690795183182, -0.30242952704429626, 0.8697665333747864, -0.3899262249469757, -0.07859446108341217, 0.38493508100509644, 0.9195913672447205),
            ["LeftLowerLeg"] = CFrame.new(5.587935447692871e-08, 0.000060677528381347656, 0.00007202476263046265, 1, 4.9010857594566914e-08, 6.239863381551913e-08, -7.124618406351146e-08, 0.7729936838150024, 0.6344138979911804, 8.754432911928234e-08, -0.6344138383865356, 0.7729936242103577),
        }},
        {Time = 0.100, Data = {
            ["LeftFoot"] = CFrame.new(-2.0023435354232788e-08, 5.960464477539063e-08, -1.0617077350616455e-07, 0.9788969159126282, -0.20422953367233276, 0.007151415571570396, 0.20433959364891052, 0.9786521792411804, -0.022034885361790657, -0.002498496323823929, 0.02303146943449974, 0.9997316598892212),
            ["LeftLowerArm"] = CFrame.new(3.2782554626464844e-07, -2.384185791015625e-07, -2.384185791015625e-07, 1, -3.05008178713706e-08, 7.450581307466564e-08, 1.564622067462551e-07, 0.7108359336853027, -0.7033579349517822, 1.3411046495548362e-07, 0.7033578753471375, 0.7108358144760132),
            ["LowerTorso"] = CFrame.new(-0.04719343036413193, -0.19882822036743164, 0.05173775553703308, 0.9499002695083618, 0.006995869800448418, -0.3124750554561615, 0.010001271031796932, 0.9985572695732117, 0.05275927111506462, 0.31239333748817444, -0.05324118211865425, 0.9484596848487854),
            ["Head"] = CFrame.new(1.1175870895385742e-08, 1.1920928955078125e-07, 2.421438694000244e-08, 0.9446327686309814, 0.02010294236242771, 0.32751309871673584, -0.022728998214006424, 0.9997329115867615, 0.004191564861685038, -0.32734131813049316, -0.011403377167880535, 0.9448373317718506),
            ["RightUpperArm"] = CFrame.new(0, -1.1920928955078125e-07, -2.9802322387695312e-08, 0.9504923224449158, -0.3077634274959564, -0.04296797886490822, 0.305654913187027, 0.9009999632835388, 0.30785420536994934, -0.05603211373090744, -0.3057464063167572, 0.9504628777503967),
            ["UpperTorso"] = CFrame.new(-9.313225746154785e-10, -2.384185791015625e-07, -1.4901161193847656e-08, 0.9993188977241516, -0.013321815058588982, -0.03441598638892174, 0.013850172981619835, 0.9997892379760742, 0.015159521251916885, 0.03420672193169594, -0.01562584936618805, 0.9992926716804504),
            ["HumanoidRootPart"] = CFrame.new(0, 0, 0, 1, 0, 0, 0, 1, 0, 0, 0, 1),
            ["RightHand"] = CFrame.new(-1.1920928955078125e-07, 0, -1.4901161193847656e-08, 0.9534705281257629, 0.301201194524765, 0.013104920275509357, -0.2991847097873688, 0.9506581425666809, -0.08208392560482025, -0.037182021886110306, 0.07434394955635071, 0.9965392351150513),
            ["LeftUpperArm"] = CFrame.new(0, 0, 5.960464477539063e-08, 0.8523619771003723, 0.4859330356121063, -0.19325736165046692, -0.4281015992164612, 0.8606137633323669, 0.2758130133152008, 0.3003464639186859, -0.15235871076583862, 0.9415831565856934),
            ["RightLowerArm"] = CFrame.new(-1.7881393432617188e-07, 4.76837158203125e-07, -5.960464477539063e-08, 1, -6.146728992462158e-08, 1.1175872671742582e-08, 6.705523247774181e-08, 0.8352643847465515, -0.5498484373092651, 5.2154071283894154e-08, 0.5498485565185547, 0.8352645635604858),
            ["LeftHand"] = CFrame.new(-1.1920928955078125e-07, 2.980232238769531e-07, 8.940696716308594e-08, 0.9151217937469482, -0.31874147057533264, -0.2468932718038559, 0.33457475900650024, 0.9420658946037292, 0.023903317749500275, 0.2249707728624344, -0.10447869449853897, 0.9687479138374329),
            ["RightUpperLeg"] = CFrame.new(0, -2.731103450059891e-07, -5.3849362302571535e-08, 0.8942669034004211, -0.3666185140609741, -0.2566666901111603, 0.2687987983226776, 0.8985463380813599, -0.3469318151473999, 0.3578183650970459, 0.24125778675079346, 0.9020869135856628),
            ["LeftUpperLeg"] = CFrame.new(1.1920928955078125e-07, -2.153683453798294e-07, -3.725290298461914e-08, 0.9230584502220154, 0.3622490465641022, 0.12937882542610168, -0.19999226927757263, 0.7392673492431641, -0.6430294513702393, -0.32858237624168396, 0.5676789879798889, 0.754833996295929),
            ["RightLowerLeg"] = CFrame.new(-1.4901161193847656e-08, -0.000060558319091796875, -0.0000721646283636801, 1, -7.078052277620372e-08, -8.195641498787154e-08, 1.4156104555240745e-07, 0.7328686714172363, 0.6803697347640991, -7.450581485102248e-09, -0.6803700923919678, 0.7328690886497498),
            ["RightFoot"] = CFrame.new(-8.195638656616211e-08, 2.980232238769531e-07, -4.230969352647662e-08, 0.9517294764518738, 0.29970264434814453, -0.06625069677829742, -0.30109402537345886, 0.8696824312210083, -0.391145259141922, -0.05961010977625847, 0.39221274852752686, 0.9179413914680481),
            ["LeftLowerLeg"] = CFrame.new(4.6566128730773926e-08, 0.000060617923736572266, 0.00007186084985733032, 1, 3.3993281078892323e-08, 1.816079198135867e-08, -6.426125764846802e-08, 0.7725465893745422, 0.6349579691886902, 1.210719347000122e-08, -0.6349582076072693, 0.7725467085838318),
        }},
        {Time = 0.133, Data = {
            ["LeftFoot"] = CFrame.new(2.7939677238464355e-09, -5.960464477539063e-08, -5.122274160385132e-09, 0.9773765802383423, -0.21141305565834045, 0.006286272779107094, 0.21147030591964722, 0.9773280620574951, -0.01049905177205801, -0.00392420869320631, 0.01159108430147171, 0.9999251961708069),
            ["LeftLowerArm"] = CFrame.new(-2.384185791015625e-07, 1.1920928955078125e-07, 0, 1, -5.0291429687376876e-08, 0, 4.842878098543224e-08, 0.7178384065628052, -0.6962100863456726, 2.2351745343485163e-08, 0.6962098479270935, 0.7178381085395813),
            ["LowerTorso"] = CFrame.new(-0.03718498349189758, -0.1964259147644043, 0.06212165206670761, 0.9458599090576172, 0.006383157800883055, -0.3245123326778412, 0.013948404230177402, 0.9980836510658264, 0.06028779223561287, 0.32427528500556946, -0.06155023351311684, 0.9439582824707031),
            ["Head"] = CFrame.new(1.1175870895385742e-08, 4.76837158203125e-07, 2.3283064365386963e-08, 0.9430475234985352, 0.021062826737761497, 0.33199065923690796, -0.02256201021373272, 0.99974524974823, 0.0006608107360079885, -0.33189207315444946, -0.008113375864923, 0.943282425403595),
            ["RightUpperArm"] = CFrame.new(1.1920928955078125e-07, 4.76837158203125e-07, -1.4901161193847656e-08, 0.9522948861122131, -0.30321627855300903, -0.034560058265924454, 0.2986491024494171, 0.9026211500167847, 0.309973806142807, -0.06279446929693222, -0.3055078685283661, 0.950116753578186),
            ["UpperTorso"] = CFrame.new(-1.862645149230957e-09, 8.940696716308594e-08, 9.313225746154785e-09, 0.9995376467704773, -0.01641080714762211, -0.025599759072065353, 0.016835879534482956, 0.9997224807739258, 0.016477804630994797, 0.025322236120700836, -0.016901172697544098, 0.9995365142822266),
            ["HumanoidRootPart"] = CFrame.new(0, 0, 0, 1, 0, 0, 0, 1, 0, 0, 0, 1),
            ["RightHand"] = CFrame.new(-5.960464477539063e-08, -4.172325134277344e-07, 0, 0.9589712023735046, 0.28349944949150085, -0.001484364620409906, -0.2829589247703552, 0.956791877746582, -0.06695914268493652, -0.017562566325068474, 0.06463206559419632, 0.997754693031311),
            ["LeftUpperArm"] = CFrame.new(-1.1920928955078125e-07, 0, 1.4901161193847656e-08, 0.8710331916809082, 0.4683961868286133, -0.148008793592453, -0.42430001497268677, 0.8692284226417542, 0.25379374623298645, 0.2475292682647705, -0.15826265513896942, 0.9558672904968262),
            ["RightLowerArm"] = CFrame.new(-1.1920928955078125e-07, 1.1920928955078125e-07, 5.960464477539063e-08, 1, 1.862645371275562e-09, 1.862644971595273e-08, 5.2154071283894154e-08, 0.8326975703239441, -0.5537282824516296, -7.450581485102248e-09, 0.5537282228469849, 0.8326974511146545),
            ["LeftHand"] = CFrame.new(-1.7881393432617188e-07, -1.7881393432617188e-07, -8.940696716308594e-08, 0.9170776605606079, -0.29961976408958435, -0.26305317878723145, 0.3116346597671509, 0.9501927495002747, 0.004170283675193787, 0.24870158731937408, -0.08580083400011063, 0.9647723436355591),
            ["RightUpperLeg"] = CFrame.new(0, 2.3259781301021576e-07, 1.3205863069742918e-08, 0.9070701599121094, -0.34859147667884827, -0.23602503538131714, 0.25277429819107056, 0.8993305563926697, -0.3568052351474762, 0.336643785238266, 0.26398614048957825, 0.903870701789856),
            ["LeftUpperLeg"] = CFrame.new(0, 2.323649823665619e-07, -2.2351741790771484e-08, 0.9165282249450684, 0.3769806921482086, 0.13364727795124054, -0.20775039494037628, 0.7342283725738525, -0.6463346481323242, -0.34178319573402405, 0.5646187663078308, 0.7512588500976562),
            ["RightLowerLeg"] = CFrame.new(-8.940696716308594e-08, -0.00006031990051269531, -0.00007209012255771086, 1, -1.4156104555240745e-07, -9.685756197086448e-08, 1.0058281674218961e-07, 0.7303346991539001, 0.6830890774726868, -5.215404996761208e-08, -0.683089554309845, 0.7303351163864136),
            ["RightFoot"] = CFrame.new(-2.2351741790771484e-08, 3.5762786865234375e-07, -5.418405635282397e-08, 0.954088032245636, 0.2887542247772217, -0.07960547506809235, -0.2964470386505127, 0.8723083138465881, -0.3888406455516815, -0.042839109897613525, 0.3945874571800232, 0.9178594350814819),
            ["LeftLowerLeg"] = CFrame.new(-8.055940270423889e-08, 0.000060498714447021484, 0.00007203221321105957, 1, 3.998866660026579e-08, 5.1222752261992355e-08, -3.77185607192132e-08, 0.7790969610214233, 0.6269035339355469, 6.984918599073353e-08, -0.6269035935401917, 0.7790970206260681),
        }},
        {Time = 0.167, Data = {
            ["LeftFoot"] = CFrame.new(8.847564458847046e-08, -5.960464477539063e-08, -2.6775524020195007e-09, 0.9757871627807617, -0.2186829000711441, 0.004164294805377722, 0.21860605478286743, 0.9757118821144104, 0.014060020446777344, -0.007137708831578493, -0.012809240259230137, 0.9998924732208252),
            ["LeftLowerArm"] = CFrame.new(6.854534149169922e-07, -2.384185791015625e-07, 0, 1, -4.842877388000488e-08, 2.9802322387695312e-08, 8.195638656616211e-08, 0.722039520740509, -0.6918517351150513, 5.960464477539063e-08, 0.6918518543243408, 0.7220396995544434),
            ["LowerTorso"] = CFrame.new(-0.025794124230742455, -0.19046878814697266, 0.07461527734994888, 0.9424673914909363, 0.007165394723415375, -0.33422157168388367, 0.017476506531238556, 0.9973471164703369, 0.07066388428211212, 0.3338412642478943, -0.07243941724300385, 0.9398418664932251),
            ["Head"] = CFrame.new(-5.587935447692871e-09, -1.1920928955078125e-07, -2.60770320892334e-08, 0.9425377249717712, 0.017530975863337517, 0.3336392641067505, -0.017735105007886887, 0.9998398423194885, -0.002434878144413233, -0.3336285650730133, -0.003622013609856367, 0.9426976442337036),
            ["RightUpperArm"] = CFrame.new(1.1920928955078125e-07, -2.384185791015625e-07, -5.960464477539063e-08, 0.9535136818885803, -0.3001842498779297, -0.026479434221982956, 0.2932054400444031, 0.9038645029067993, 0.31154385209083557, -0.06958680599927902, -0.30482518672943115, 0.9498628377914429),
            ["UpperTorso"] = CFrame.new(-3.725290298461914e-09, -2.086162567138672e-07, 6.05359673500061e-09, 0.9997003078460693, -0.01820782758295536, -0.016364388167858124, 0.018491558730602264, 0.999678373336792, 0.01735736057162285, 0.016043057665228844, -0.017654750496149063, 0.9997155070304871),
            ["HumanoidRootPart"] = CFrame.new(0, 0, 0, 1, 0, 0, 0, 1, 0, 0, 0, 1),
            ["RightHand"] = CFrame.new(-4.470348358154297e-08, 1.1920928955078125e-07, 1.4901161193847656e-08, 0.9599553346633911, 0.27989688515663147, -0.011975492350757122, -0.28015291690826416, 0.9590393900871277, -0.041928552091121674, -0.0002505955344531685, 0.04360459744930267, 0.9990488290786743),
            ["LeftUpperArm"] = CFrame.new(0, 0, 1.4901161193847656e-08, 0.8879969120025635, 0.4466872215270996, -0.10923537611961365, -0.4153227210044861, 0.8810300827026367, 0.2264794111251831, 0.19740505516529083, -0.15574504435062408, 0.9678713083267212),
            ["RightLowerArm"] = CFrame.new(0, -2.980232238769531e-07, 1.7881393432617188e-07, 1, -1.3038517820973539e-08, 0, -2.2351745343485163e-08, 0.8310672640800476, -0.5561718344688416, 7.450581307466564e-08, 0.5561720728874207, 0.8310674428939819),
            ["LeftHand"] = CFrame.new(-1.7881393432617188e-07, 0, 5.960464477539063e-08, 0.9179182648658752, -0.2770756781101227, -0.28399893641471863, 0.28537043929100037, 0.9583341479301453, -0.012619521468877792, 0.27566251158714294, -0.06946130096912384, 0.9587415456771851),
            ["RightUpperLeg"] = CFrame.new(-5.960464477539063e-08, 3.073364496231079e-08, -1.6596459317952394e-08, 0.915930449962616, -0.3313436806201935, -0.22645729780197144, 0.23481717705726624, 0.9000335931777954, -0.36715200543403625, 0.32547274231910706, 0.28310951590538025, 0.9021732211112976),
            ["LeftUpperLeg"] = CFrame.new(0, -2.7264468371868134e-07, 3.725290298461914e-08, 0.910645604133606, 0.3897494971752167, 0.1371859908103943, -0.21452932059764862, 0.729749321937561, -0.6491864323616028, -0.35313159227371216, 0.5617483258247375, 0.7481557130813599),
            ["RightLowerLeg"] = CFrame.new(-9.685754776000977e-08, -0.000060617923736572266, -0.00007201561675174162, 1, -4.470348358154297e-08, -1.713633963618122e-07, 1.7881389169360773e-07, 0.734037458896637, 0.679108738899231, -3.725289587919178e-08, -0.6791089773178101, 0.7340378165245056),
            ["RightFoot"] = CFrame.new(1.4901161193847656e-08, 2.384185791015625e-07, -4.6733475755900145e-08, 0.9571912884712219, 0.2767365276813507, -0.0848625972867012, -0.28774064779281616, 0.877835214138031, -0.3828974962234497, -0.031466491520404816, 0.39092493057250977, 0.9198846817016602),
            ["LeftLowerLeg"] = CFrame.new(5.4016709327697754e-08, 0.000060498714447021484, 0.00007220357656478882, 1, 6.003394048548216e-08, 7.566998583286022e-09, -2.8871003365793513e-08, 0.7917261719703674, 0.6108762621879578, -1.1175872671742582e-08, -0.6108761429786682, 0.7917261719703674),
        }},
        {Time = 0.200, Data = {
            ["LeftFoot"] = CFrame.new(4.98257577419281e-08, 5.960464477539063e-08, -5.960464477539063e-08, 0.9736466407775879, -0.22805620729923248, 0.00162124028429389, 0.22805923223495483, 0.973645031452179, -0.0020967526361346245, -0.0011002843966707587, 0.0024111000820994377, 0.999996542930603),
            ["LeftLowerArm"] = CFrame.new(4.172325134277344e-07, 1.1920928955078125e-07, -1.7881393432617188e-07, 1, -1.4901164746561335e-08, 2.9802322387695312e-08, 8.568165554834195e-08, 0.7240091562271118, -0.6897905468940735, 3.725289587919178e-08, 0.6897904872894287, 0.7240090370178223),
            ["LowerTorso"] = CFrame.new(-0.013632677495479584, -0.17947936058044434, 0.08908938616514206, 0.9396556615829468, 0.01276220940053463, -0.3418836295604706, 0.01622597686946392, 0.9965170621871948, 0.08179555833339691, 0.341736763715744, -0.08240703493356705, 0.9361758232116699),
            ["Head"] = CFrame.new(1.1175870895385742e-08, 0, -1.909211277961731e-08, 0.942767322063446, 0.0159553624689579, 0.3330693542957306, -0.015044022351503372, 0.9998728036880493, -0.005315749440342188, -0.3331117033958435, 9.967480991690536e-07, 0.9428874254226685),
            ["RightUpperArm"] = CFrame.new(0, 1.1920928955078125e-07, 1.4901161193847656e-08, 0.9554862976074219, -0.29463377594947815, -0.015397148206830025, 0.2845182418823242, 0.9063590168952942, 0.31235042214393616, -0.07807362824678421, -0.30282729864120483, 0.9498422741889954),
            ["UpperTorso"] = CFrame.new(5.587935447692871e-09, -2.9802322387695312e-08, 1.1175870895385742e-08, 0.9995936751365662, -0.02761305309832096, -0.00707017770037055, 0.027741704136133194, 0.9994384050369263, 0.01879602111876011, 0.0065471939742565155, -0.018984535709023476, 0.9997984170913696),
            ["HumanoidRootPart"] = CFrame.new(0, 0, 0, 1, 0, 0, 0, 1, 0, 0, 0, 1),
            ["RightHand"] = CFrame.new(-1.4901161193847656e-07, -5.960464477539063e-08, -4.284083843231201e-08, 0.9606987833976746, 0.27687379717826843, -0.019970450550317764, -0.2772344648838043, 0.9606276750564575, -0.018325667828321457, 0.014110365882515907, 0.023142220452427864, 0.9996325969696045),
            ["LeftUpperArm"] = CFrame.new(0, 2.384185791015625e-07, 0, 0.9003822803497314, 0.4285529851913452, -0.07519593089818954, -0.40658068656921387, 0.8902453780174255, 0.20531713962554932, 0.15493199229240417, -0.15429070591926575, 0.975802481174469),
            ["RightLowerArm"] = CFrame.new(-1.7881393432617188e-07, 2.384185791015625e-07, -5.960464477539063e-08, 1, -8.568164844291459e-08, -2.6077035641947077e-08, 8.195636524988004e-08, 0.8316483497619629, -0.5553027391433716, -1.4901157641133977e-08, 0.5553026795387268, 0.8316484093666077),
            ["LeftHand"] = CFrame.new(1.1920928955078125e-07, 5.960464477539063e-08, -1.1920928955078125e-07, 0.9171503186225891, -0.2512635886669159, -0.309357225894928, 0.2562737762928009, 0.9662795662879944, -0.025049258023500443, 0.30521970987319946, -0.05630616098642349, 0.9506160020828247),
            ["RightUpperLeg"] = CFrame.new(-2.9802322387695312e-08, -5.8673322200775146e-08, 1.3205863069742918e-08, 0.9257673621177673, -0.3136366009712219, -0.21115610003471375, 0.2198946326971054, 0.9009373188018799, -0.37411022186279297, 0.30757302045822144, 0.29990679025650024, 0.9030253291130066),
            ["LeftUpperLeg"] = CFrame.new(0, 4.842877388000488e-08, 3.725290298461914e-08, 0.905951738357544, 0.3987339437007904, 0.1423468291759491, -0.2188991755247116, 0.7289227843284607, -0.6486560702323914, -0.36240115761756897, 0.556491494178772, 0.7476514577865601),
            ["RightLowerLeg"] = CFrame.new(1.341104507446289e-07, -0.00006031990051269531, -0.0000721050237189047, 1, -5.587936158235607e-08, -1.0430814256778831e-07, 1.266598843585598e-07, 0.7428939342498779, 0.6694088578224182, 0, -0.6694092154502869, 0.7428942322731018),
            ["RightFoot"] = CFrame.new(0, 3.5762786865234375e-07, 2.032174961641431e-08, 0.9597424864768982, 0.26291292905807495, -0.09885022044181824, -0.28067636489868164, 0.884233295917511, -0.37329885363578796, -0.010738449171185493, 0.3860158324241638, 0.9224298596382141),
            ["LeftLowerLeg"] = CFrame.new(2.1420419216156006e-08, 0.000060558319091796875, 0.00007198750972747803, 1, 5.0349631131041406e-09, 5.7276345444279286e-08, -4.5169151974278066e-08, 0.7799496054649353, 0.6258424520492554, 6.33299421792799e-08, -0.6258424520492554, 0.7799496054649353),
        }},
        {Time = 0.233, Data = {
            ["LeftFoot"] = CFrame.new(1.1175870895385742e-08, 5.960464477539063e-08, -3.725290298461914e-09, 0.9722209572792053, -0.23406507074832916, 0.00037626741686835885, 0.2337157130241394, 0.9706804156303406, -0.056182608008384705, 0.012785203754901886, 0.05471048504114151, 0.9984204769134521),
            ["LeftLowerArm"] = CFrame.new(-1.7881393432617188e-07, -2.384185791015625e-07, -2.384185791015625e-07, 1, -1.30385160446167e-07, 1.0430814256778831e-07, 2.9802322387695312e-08, 0.7222990393638611, -0.6915810704231262, 2.9802322387695312e-08, 0.6915809512138367, 0.7222989201545715),
            ["LowerTorso"] = CFrame.new(-0.001312552485615015, -0.16505932807922363, 0.10645686835050583, 0.9434824585914612, 0.01928166300058365, -0.33086109161376953, 0.012189583852887154, 0.9956120252609253, 0.09278116375207901, 0.33119824528694153, -0.09157045930624008, 0.9391074180603027),
            ["Head"] = CFrame.new(-2.60770320892334e-08, 1.1920928955078125e-07, -3.958120942115784e-09, 0.9469849467277527, 0.016491271555423737, 0.3208546042442322, -0.013646932318806648, 0.9998452067375183, -0.011112467385828495, -0.32098811864852905, 0.006144826300442219, 0.9470633268356323),
            ["RightUpperArm"] = CFrame.new(0, 2.384185791015625e-07, 2.9802322387695312e-08, 0.9584555625915527, -0.28502917289733887, -0.011022099293768406, 0.274249404668808, 0.9102059006690979, 0.3103426396846771, -0.07842426747083664, -0.3004723787307739, 0.9505609273910522),
            ["UpperTorso"] = CFrame.new(-3.725290298461914e-09, 5.960464477539063e-08, -2.6775524020195007e-08, 0.9992021918296814, -0.03956520929932594, -0.005450993310660124, 0.03969425708055496, 0.9988723397254944, 0.02604958973824978, 0.004414147697389126, -0.026245184242725372, 0.9996457695960999),
            ["HumanoidRootPart"] = CFrame.new(0, 0, 0, 1, 0, 0, 0, 1, 0, 0, 0, 1),
            ["RightHand"] = CFrame.new(-1.9371509552001953e-07, -1.7881393432617188e-07, 2.2351741790771484e-08, 0.9610587358474731, 0.27517133951187134, -0.025436466559767723, -0.27534061670303345, 0.9613410234451294, -0.003342377720400691, 0.023533418774604797, 0.010215931572020054, 0.9996709227561951),
            ["LeftUpperArm"] = CFrame.new(0, 1.1920928955078125e-07, 2.9802322387695312e-08, 0.9078159332275391, 0.41559261083602905, -0.05615416541695595, -0.3997660279273987, 0.8980481028556824, 0.18356621265411377, 0.12671782076358795, -0.1441957801580429, 0.9814021587371826),
            ["RightLowerArm"] = CFrame.new(2.384185791015625e-07, -1.1920928955078125e-07, -1.1920928955078125e-07, 1, 3.8184211348379904e-08, 6.70552182668871e-08, 5.21540641784668e-08, 0.8404430747032166, -0.5418996810913086, -1.4901161193847656e-08, 0.5418998599052429, 0.8404431343078613),
            ["LeftHand"] = CFrame.new(-2.9802322387695312e-08, -1.1920928955078125e-07, -1.1920928955078125e-07, 0.9135855436325073, -0.22462691366672516, -0.33897578716278076, 0.22790053486824036, 0.9732009172439575, -0.03068143129348755, 0.3367833197116852, -0.04922245815396309, 0.9402947425842285),
            ["RightUpperLeg"] = CFrame.new(0, 2.4121254682540894e-07, -3.149762051180005e-08, 0.9326883554458618, -0.2968377470970154, -0.20489010214805603, 0.2069993019104004, 0.9057223200798035, -0.369890034198761, 0.295370876789093, 0.3025798201560974, 0.9062017202377319),
            ["LeftUpperLeg"] = CFrame.new(0, 1.7601996660232544e-07, -2.2351741790771484e-08, 0.8995680809020996, 0.408674031496048, 0.1541520208120346, -0.21558427810668945, 0.7223756313323975, -0.6570364832878113, -0.3798694312572479, 0.557816207408905, 0.73792964220047),
            ["RightLowerLeg"] = CFrame.new(4.470348358154297e-08, -0.00006014108657836914, -0.00007211992488009855, 1, -1.1548401346317405e-07, -6.705522537231445e-08, 1.564622067462551e-07, 0.7583447098731995, 0.6518534421920776, -7.450581485102248e-09, -0.6518538594245911, 0.7583449482917786),
            ["RightFoot"] = CFrame.new(5.21540641784668e-08, 2.980232238769531e-07, 1.6952981241047382e-09, 0.9604547023773193, 0.24856384098529816, -0.12547160685062408, -0.2776055335998535, 0.8896397948265076, -0.36259591579437256, 0.02149602770805359, 0.3830888569355011, 0.9234614968299866),
            ["LeftLowerLeg"] = CFrame.new(-9.313225746154785e-09, 0.000060677528381347656, 0.00007208436727523804, 1, -4.190950697591234e-09, 4.656611807263289e-08, -7.82310962677002e-08, 0.7265895009040833, 0.6870716214179993, 2.60770320892334e-08, -0.6870718598365784, 0.7265896201133728),
        }},
        {Time = 0.267, Data = {
            ["LeftFoot"] = CFrame.new(-1.3317912817001343e-07, 5.960464477539063e-08, -3.725290298461914e-08, 0.9644263982772827, -0.2578939199447632, 0.058074478060007095, 0.2632017433643341, 0.9572430849075317, -0.12004370987415314, -0.02463279850780964, 0.13105903565883636, 0.9910685420036316),
            ["LeftLowerArm"] = CFrame.new(3.5762786865234375e-07, 4.172325134277344e-07, -2.9802322387695312e-08, 1, -1.3411049337719305e-07, 0, 5.2154071283894154e-08, 0.717998743057251, -0.6960446238517761, 5.960465188081798e-08, 0.6960444450378418, 0.7179985046386719),
            ["LowerTorso"] = CFrame.new(0.010556401684880257, -0.14669370651245117, 0.1222916692495346, 0.9491997361183167, 0.025169776752591133, -0.31366604566574097, 0.007083732634782791, 0.9948342442512512, 0.10126567631959915, 0.3145945370197296, -0.09834327548742294, 0.9441180229187012),
            ["Head"] = CFrame.new(-1.0477378964424133e-08, -4.76837158203125e-07, -6.82193785905838e-08, 0.9523907899856567, 0.01633664034307003, 0.30444198846817017, -0.01244919840246439, 0.9998143315315247, -0.01470663957297802, -0.3046257197856903, 0.010216527618467808, 0.9524174332618713),
            ["RightUpperArm"] = CFrame.new(0, -4.76837158203125e-07, -1.341104507446289e-07, 0.9610843658447266, -0.2762013077735901, -0.005463555920869112, 0.2643425762653351, 0.9137153625488281, 0.3086213767528534, -0.08024948090314865, -0.2980554699897766, 0.9511693716049194),
            ["UpperTorso"] = CFrame.new(-5.587935447692871e-09, -2.086162567138672e-07, -3.864988684654236e-08, 0.9987059831619263, -0.050502002239227295, -0.005994823295623064, 0.05068938434123993, 0.9980331063270569, 0.036886170506477356, 0.004120226018130779, -0.037142314016819, 0.9993014931678772),
            ["HumanoidRootPart"] = CFrame.new(0, 0, 0, 1, 0, 0, 0, 1, 0, 0, 0, 1),
            ["RightHand"] = CFrame.new(1.7881393432617188e-07, -1.1920928955078125e-07, -1.043081283569336e-07, 0.9602657556533813, 0.27771297097206116, -0.027662070468068123, -0.2774916887283325, 0.9606577754020691, 0.011622867546975613, 0.029801640659570694, -0.003484956920146942, 0.9995497465133667),
            ["LeftUpperArm"] = CFrame.new(1.1920928955078125e-07, -3.5762786865234375e-07, -2.9802322387695312e-08, 0.9125812649726868, 0.4064200222492218, -0.04492810368537903, -0.39511746168136597, 0.9047744274139404, 0.15895061194896698, 0.10525055229663849, -0.12730354070663452, 0.9862637519836426),
            ["RightLowerArm"] = CFrame.new(1.7881393432617188e-07, -3.5762786865234375e-07, -2.980232238769531e-07, 1, -3.230525891240177e-08, 7.450582373280668e-09, -1.043081283569336e-07, 0.8578571677207947, -0.5138880014419556, -2.9802322387695312e-08, 0.5138881206512451, 0.8578572869300842),
            ["LeftHand"] = CFrame.new(-1.1920928955078125e-07, -2.384185791015625e-07, -5.960464477539063e-08, 0.9053772687911987, -0.20301491022109985, -0.37293052673339844, 0.2053602635860443, 0.9780993461608887, -0.03389313817024231, 0.3716437816619873, -0.045899003744125366, 0.9272400736808777),
            ["RightUpperLeg"] = CFrame.new(5.960464477539063e-08, -7.078051567077637e-08, -3.149762051180005e-08, 0.9434879422187805, -0.27380239963531494, -0.1867162138223648, 0.19656585156917572, 0.9159389734268188, -0.34988248348236084, 0.26681938767433167, 0.29340770840644836, 0.917997419834137),
            ["LeftUpperLeg"] = CFrame.new(-5.960464477539063e-08, -1.6740523278713226e-07, -5.960464477539063e-08, 0.9011382460594177, 0.40538427233695984, 0.15366694331169128, -0.22520938515663147, 0.7406014800071716, -0.6330797672271729, -0.3704465627670288, 0.5358852744102478, 0.7586807608604431),
            ["RightLowerLeg"] = CFrame.new(-4.470348358154297e-08, -0.000060558319091796875, -0.00007211992488009855, 1, -8.381903882082042e-08, -7.4505820180093e-08, 1.1175872316471214e-07, 0.7834284901618958, 0.6214814782142639, -6.705523247774181e-08, -0.6214819550514221, 0.7834289073944092),
