return {
    ["T-Pose"] = {
        {Time = 0.000, Data = {
            ["RightFoot"] = CFrame.new(1.7462298274040222e-08, 3.5762786865234375e-07, 7.283233571797609e-09, 0.9998495578765869, -0.017243854701519012, -0.0019043150823563337, 0.01697099208831787, 0.9949507713317871, -0.09891945123672485, 0.0036003771238029003, 0.09887249022722244, 0.9950936436653137),
            ["LeftLowerArm"] = CFrame.new(3.8743019104003906e-07, 5.364418029785156e-07, 1.1175870895385742e-08, 1, 7.334166163275313e-09, 1.8626449271863521e-09, -6.752090442319059e-09, 1, -6.984918199393064e-10, 9.313227966600834e-10, 2.561137302237171e-09, 1),
            ["RightUpperArm"] = CFrame.new(2.384185791015625e-07, 3.5762786865234375e-07, 0, 0.11761535704135895, -0.9928174614906311, 0.02191167138516903, 0.9929779767990112, 0.11785928159952164, 0.010191570967435837, -0.012700863182544708, 0.020559122785925865, 0.9997080564498901),
            ["Head"] = CFrame.new(1.1350493878126144e-09, -3.5762786865234375e-07, -2.0372681319713593e-09, 0.9995227456092834, -0.020434826612472534, -0.023171333596110344, 0.020838264375925064, 0.9996330738067627, 0.017305493354797363, 0.022809196263551712, -0.017780082300305367, 0.9995817542076111),
            ["RightHand"] = CFrame.new(5.727633833885193e-08, 4.172325134277344e-07, -1.341104507446289e-07, 0.9812700748443604, -0.18979865312576294, -0.0329488106071949, 0.1851568967103958, 0.9764679670333862, -0.11057732254266739, 0.053160883486270905, 0.10240552574396133, 0.9933212995529175),
            ["UpperTorso"] = CFrame.new(1.979060471057892e-09, 6.854534149169922e-07, 1.5577370504615828e-09, 0.9995239973068237, 0.020988939329981804, 0.02261120080947876, -0.02141840010881424, 0.999591588973999, 0.018921542912721634, -0.022204820066690445, -0.0193968303501606, 0.9995653033256531),
            ["HumanoidRootPart"] = CFrame.new(0, 0, 0, 1, 0, 0, 0, 1, 0, 0, 0, 1),
            ["RightUpperLeg"] = CFrame.new(0, -4.6363857109099627e-07, 8.083588909357786e-09, 0.9957850575447083, 0.004630923271179199, -0.09160065650939941, -0.010744466446340084, 0.9977378249168396, -0.06636108458042145, 0.09108621627092361, 0.06706535071134567, 0.9935822486877441),
            ["LeftUpperArm"] = CFrame.new(-1.1920928955078125e-07, -2.384185791015625e-07, -7.450580596923828e-09, 0.16435185074806213, 0.9835422039031982, -0.07505501806735992, -0.9860732555389404, 0.16578473150730133, 0.013235030695796013, 0.025460194796323776, 0.0718345195055008, 0.9970915913581848),
            ["RightLowerArm"] = CFrame.new(-6.556510925292969e-07, 2.980232238769531e-07, 7.450580596923828e-09, 1, 6.926710760524202e-09, -1.8626447051417472e-09, 6.9267116487026215e-09, 1, 3.958120053937364e-09, -4.656612873077393e-10, 3.4924592107188346e-09, 1),
            ["LeftHand"] = CFrame.new(5.960464477539063e-08, -5.364418029785156e-07, 1.043081283569336e-07, 0.9813540577888489, 0.18918994069099426, 0.033932771533727646, -0.18448558449745178, 0.9766682982444763, -0.10992791503667831, -0.05393832176923752, 0.10161814093589783, 0.9933602213859558),
            ["LeftFoot"] = CFrame.new(-1.6472768038511276e-08, 5.960464477539063e-08, 9.313225746154785e-10, 0.9999594688415527, 0.008763705380260944, 0.002067489316686988, -0.00865915510803461, 0.9988993406295776, -0.04610095173120499, -0.0024693631567060947, 0.046081285923719406, 0.9989347457885742),
            ["LowerTorso"] = CFrame.new(0.0005255723954178393, -0.0008654594421386719, 0.006027445197105408, 0.9999724626541138, -0.00014262339391279966, -0.007419032044708729, 0.00006828639743616804, 0.9999498128890991, -0.010019059292972088, 0.007420088164508343, 0.01001827698200941, 0.9999223351478577),
            ["RightLowerLeg"] = CFrame.new(-5.2619725465774536e-08, -0.00012236833572387695, -0.000077357683039736, 1, -2.7939673685750677e-08, 2.677552179974896e-09, 2.3748722099981023e-08, 0.9862620830535889, 0.16518791019916534, 4.016328158940041e-09, -0.1651879847049713, 0.9862622022628784),
            ["LeftUpperLeg"] = CFrame.new(-5.960464477539063e-08, -6.779901013942435e-07, -6.28642737865448e-09, 0.9948224425315857, -0.0009653134038671851, 0.1016244888305664, 0.0020957104861736298, 0.9999371767044067, -0.01101637165993452, -0.10160734504461288, 0.011172234080731869, 0.9947618842124939),
            ["LeftLowerLeg"] = CFrame.new(9.709037840366364e-08, 0.0001227855682373047, 0.00007742643356323242, 1, 3.4924587666296247e-09, 2.9096568709974235e-08, -7.101336407799863e-09, 0.9983770251274109, 0.0569508858025074, -3.642345092202959e-08, -0.056950852274894714, 0.9983770847320557),
        }},
        {Time = 0.033, Data = {
            ["RightFoot"] = CFrame.new(-2.6775524020195007e-08, 3.5762786865234375e-07, -8.083588909357786e-09, 0.9998495578765869, -0.01724507287144661, -0.0019042068161070347, 0.01696828380227089, 0.9948405623435974, -0.10002247244119644, 0.0036193705163896084, 0.0999753400683403, 0.994983434677124),
            ["LeftLowerArm"] = CFrame.new(0.0000010132789611816406, -4.76837158203125e-07, 2.9802322387695312e-08, 1, -2.3283064365386963e-10, -2.7939681679356454e-09, 1.5599656677522944e-08, 1, -3.725290742551124e-09, -2.7939683899802503e-09, -9.313225746154785e-10, 1),
            ["RightUpperArm"] = CFrame.new(0, 2.384185791015625e-07, -1.1175870895385742e-08, 0.11743798851966858, -0.9928531050682068, 0.021241970360279083, 0.9929955005645752, 0.11768064647912979, 0.01055418886244297, -0.012978528626263142, 0.01985371671617031, 0.9997187256813049),
            ["Head"] = CFrame.new(-5.384208634495735e-10, -1.1920928955078125e-07, -1.0477378964424133e-08, 0.9995226860046387, -0.02043483406305313, -0.023171331733465195, 0.02083827741444111, 0.9996330738067627, 0.017305539920926094, 0.02280919812619686, -0.017780132591724396, 0.9995817542076111),
            ["RightHand"] = CFrame.new(0.0000011941883713006973, -1.7881393432617188e-07, -1.4901161193847656e-08, 0.9813119769096375, -0.18958427011966705, -0.03293560817837715, 0.18495695292949677, 0.9765312671661377, -0.11035211384296417, 0.05308367684483528, 0.10219815373420715, 0.9933466911315918),
            ["UpperTorso"] = CFrame.new(1.8062564777210355e-09, 4.172325134277344e-07, 1.0263647709507495e-09, 0.9995239973068237, 0.020988935604691505, 0.022611195221543312, -0.021418394520878792, 0.9995915293693542, 0.018921425566077232, -0.022204818204045296, -0.0193967092782259, 0.9995653033256531),
            ["HumanoidRootPart"] = CFrame.new(0, 0, 0, 1, 0, 0, 0, 1, 0, 0, 0, 1),
            ["RightUpperLeg"] = CFrame.new(5.960464477539063e-08, -4.286266630515456e-07, 2.7284841053187847e-09, 0.9957894682884216, 0.004173475783318281, -0.09157536923885345, -0.010402003303170204, 0.99765545129776, -0.06764267385005951, 0.09107821434736252, 0.06831031292676926, 0.9934981465339661),
            ["LeftUpperArm"] = CFrame.new(-1.1920928955078125e-07, -3.5762786865234375e-07, -1.210719347000122e-08, 0.1641615778207779, 0.9836228489875793, -0.07441221922636032, -0.9860997796058655, 0.16560052335262299, 0.013556558638811111, 0.025657247751951218, 0.07115241140127182, 0.9971354007720947),
            ["RightLowerArm"] = CFrame.new(9.5367431640625e-07, -4.172325134277344e-07, 7.450580596923828e-09, 1, -6.402842700481415e-10, 0, 1.4377294021983289e-08, 1, -3.0267977013664904e-09, 1.3969840839678227e-09, 0, 1),
            ["LeftHand"] = CFrame.new(-0.0000013110693544149399, -6.556510925292969e-07, 1.341104507446289e-07, 0.9813675880432129, 0.18916529417037964, 0.03367960825562477, -0.18449458479881287, 0.9766827821731567, -0.10978417098522186, -0.05366164818406105, 0.10152491927146912, 0.9933847784996033),
            ["LeftFoot"] = CFrame.new(-5.3085386753082275e-08, 1.7881393432617188e-07, 1.862645149230957e-09, 0.9999594688415527, 0.008763240650296211, 0.002067538443952799, -0.008667178452014923, 0.9990522265434265, -0.04265812411904335, -0.0024394432548433542, 0.042638473212718964, 0.9990876317024231),
            ["LowerTorso"] = CFrame.new(0.0005255723954178393, -0.0008654594421386719, 0.006028041243553162, 0.999972403049469, 0.00020271886023692787, -0.007426944095641375, -0.00027711756411008537, 0.9999498128890991, -0.010017749853432178, 0.007424539420753717, 0.010019530542194843, 0.9999223351478577),
            ["RightLowerLeg"] = CFrame.new(-6.891787052154541e-08, -0.00012236833572387695, -0.00007739493594272062, 1, -2.8870989154938798e-08, 5.5879368687783426e-08, 2.654268982382746e-08, 0.9858695268630981, 0.16751520335674286, 1.461012111292348e-08, -0.16751518845558167, 0.9858695268630981),
            ["LeftUpperLeg"] = CFrame.new(2.9802322387695312e-08, -3.228269633837044e-07, -1.1175870895385742e-08, 0.994820773601532, -0.0017048825975507498, 0.10163025557994843, 0.0024389545433223248, 0.999971866607666, -0.007098121102899313, -0.10161525756120682, 0.007309239357709885, 0.9947969317436218),
            ["LeftLowerLeg"] = CFrame.new(4.656612873077393e-10, 0.00012284517288208008, 0.00007742829620838165, 1, 2.793966835668016e-09, 8.767528925091028e-09, -3.7252898543727042e-09, 0.9987677335739136, 0.04963044822216034, -2.5494951927385046e-08, -0.04963041469454765, 0.9987676739692688),
        }},
        {Time = 0.067, Data = {
            ["RightFoot"] = CFrame.new(3.958120942115784e-09, 3.5762786865234375e-07, -1.673470251262188e-10, 0.9998495578765869, -0.01724587194621563, -0.0019043033244088292, 0.016965996474027634, 0.9947575330734253, -0.10084453225135803, 0.0036335003096610308, 0.10079722106456757, 0.9949004054069519),
            ["LeftLowerArm"] = CFrame.new(-4.76837158203125e-07, 4.172325134277344e-07, 1.862645149230957e-08, 1, 2.561136414058751e-09, -2.7939672797572257e-09, 1.8510037946839475e-08, 1, 1.8626449271863521e-09, 0, -6.9849175332592495e-09, 1),
            ["RightUpperArm"] = CFrame.new(0, 0, -2.421438694000244e-08, 0.11732275038957596, -0.9928772449493408, 0.0207445677369833, 0.9930065274238586, 0.11756382882595062, 0.010807840153574944, -0.01316966861486435, 0.01933148130774498, 0.9997264742851257),
            ["Head"] = CFrame.new(5.8353180065751076e-09, 0, -1.7578713595867157e-08, 0.9995226263999939, -0.020434824749827385, -0.02317133918404579, 0.020838266238570213, 0.9996330738067627, 0.0173054076731205, 0.02280920185148716, -0.01777999848127365, 0.9995818138122559),
            ["RightHand"] = CFrame.new(4.1478779166936874e-07, -2.384185791015625e-07, -1.1175870895385742e-07, 0.9813312888145447, -0.18948253989219666, -0.03294362500309944, 0.18486297130584717, 0.9765663146972656, -0.11020037531852722, 0.05305267125368118, 0.10205297917127609, 0.9933633804321289),
            ["UpperTorso"] = CFrame.new(2.117303665727377e-09, 2.980232238769531e-07, -6.96672941558063e-10, 0.9995240569114685, 0.020988935604691505, 0.02261119894683361, -0.02141839638352394, 0.999591588973999, 0.018921513110399246, -0.022204820066690445, -0.01939680054783821, 0.9995653629302979),
            ["HumanoidRootPart"] = CFrame.new(0, 0, 0, 1, 0, 0, 0, 1, 0, 0, 0, 1),
            ["RightUpperLeg"] = CFrame.new(3.5762786865234375e-07, -0.0000010364674380980432, 8.083588909357786e-09, 0.9957926869392395, 0.0038308186922222376, -0.09155555069446564, -0.010144851170480251, 0.9975928664207458, -0.06859824806451797, 0.09107234328985214, 0.06923829019069672, 0.993434488773346),
            ["LeftUpperArm"] = CFrame.new(0, -5.960464477539062e-07, -1.30385160446167e-08, 0.16403727233409882, 0.9836845993995667, -0.07386814802885056, -0.9861181974411011, 0.16547539830207825, 0.013747014105319977, 0.025746090337634087, 0.07058767229318619, 0.9971733689308167),
            ["RightLowerArm"] = CFrame.new(5.364418029785156e-07, -3.5762786865234375e-07, 0, 1, -3.085005362279958e-09, -4.656611762854368e-10, -3.0267979234110953e-09, 1, -1.8626447051417472e-09, 1.3969836398786128e-09, -1.1641529962247432e-09, 1),
            ["LeftHand"] = CFrame.new(-4.637986421585083e-07, -5.364418029785156e-07, -8.940696716308594e-08, 0.9813745617866516, 0.1891745626926422, 0.03342362865805626, -0.18453477323055267, 0.9766855835914612, -0.10969144105911255, -0.05339520052075386, 0.10148058831691742, 0.9934035539627075),
            ["LeftFoot"] = CFrame.new(2.852175384759903e-09, 5.960464477539063e-08, 0, 0.9999594688415527, 0.008763018995523453, 0.0020675407722592354, -0.008674342185258865, 0.9991782307624817, -0.03959556668996811, -0.0024128775112330914, 0.03957609832286835, 0.9992137551307678),
            ["LowerTorso"] = CFrame.new(0.0005255723954178393, -0.0008654594421386719, 0.006028629839420319, 0.9999722838401794, 0.0004617647791747004, -0.00743288267403841, -0.0005362100782804191, 0.9999496936798096, -0.010016794316470623, 0.007427882868796587, 0.010020502842962742, 0.9999222755432129),
            ["RightLowerLeg"] = CFrame.new(-2.7474015951156616e-08, -0.00012218952178955078, -0.00007739121065242216, 1, -2.7008363545633074e-08, 3.6670829928198145e-08, 2.5145714843688438e-08, 0.9855732917785645, 0.1692492812871933, -4.924369179093446e-08, -0.16924943029880524, 0.9855733513832092),
            ["LeftUpperLeg"] = CFrame.new(-1.7881393432617188e-07, -9.687391866464168e-07, -6.984919309616089e-09, 0.9948195219039917, -0.0023147703614085913, 0.10163059085607529, 0.0026964826975017786, 0.9999898076057434, -0.0036181702744215727, -0.10162118077278137, 0.003873429959639907, 0.9948156476020813),
            ["LeftLowerLeg"] = CFrame.new(7.596099749207497e-08, 0.00012254714965820312, 0.00007738173007965088, 1, 1.6298137284209702e-09, 2.4308983270771023e-08, -2.6775526240641057e-09, 0.9990699887275696, 0.04311768710613251, 6.777555405790281e-09, -0.04311764985322952, 0.9990700483322144),
        }},
        {Time = 0.100, Data = {
            ["RightFoot"] = CFrame.new(2.1886080503463745e-08, 3.5762786865234375e-07, -8.549250196665525e-09, 0.9998495578765869, -0.0172464307397604, -0.0019042310304939747, 0.01696358248591423, 0.9946750998497009, -0.10165493190288544, 0.0036473192740231752, 0.10160760581493378, 0.9948179125785828),
            ["LeftLowerArm"] = CFrame.new(-2.682209014892578e-07, -2.980232238769531e-07, 4.0978193283081055e-08, 1, -1.3853423297405243e-08, 4.6566128730773926e-09, 2.2118911147117615e-09, 1, 4.656612873077393e-10, 9.313225746154785e-10, 1.1641532182693481e-09, 1),
            ["RightUpperArm"] = CFrame.new(1.1920928955078125e-07, 5.960464477539062e-07, -1.1175870895385742e-08, 0.11719778925180435, -0.99289870262146, 0.020416783168911934, 0.9930198788642883, 0.11743737012147903, 0.010956249199807644, -0.013276137411594391, 0.01899022050201893, 0.9997316002845764),
            ["Head"] = CFrame.new(9.356881491839886e-09, 0, -8.32369551062584e-09, 0.9995226860046387, -0.020434824749827385, -0.023171352222561836, 0.020838268101215363, 0.9996330738067627, 0.01730550453066826, 0.022809216752648354, -0.017780093476176262, 0.9995817542076111),
            ["RightHand"] = CFrame.new(1.862645149230957e-07, -1.7881393432617188e-07, -1.1920928955078125e-07, 0.9813603162765503, -0.1893358826637268, -0.03292500600218773, 0.1847255676984787, 0.9766061902046204, -0.11007672548294067, 0.05299623683094978, 0.10194280743598938, 0.9933776259422302),
            ["UpperTorso"] = CFrame.new(1.8699211068451405e-09, 2.086162567138672e-07, -2.3851498553995043e-09, 0.9995240569114685, 0.020988935604691505, 0.022611195221543312, -0.021418394520878792, 0.999591588973999, 0.018921488896012306, -0.022204816341400146, -0.01939677633345127, 0.9995653033256531),
            ["HumanoidRootPart"] = CFrame.new(0, 0, 0, 1, 0, 0, 0, 1, 0, 0, 0, 1),
            ["RightUpperLeg"] = CFrame.new(-8.940696716308594e-08, -5.899419193156064e-07, 6.919435691088438e-09, 0.995795726776123, 0.0034889287780970335, -0.09153513610363007, -0.009887334890663624, 0.9975301623344421, -0.06954079866409302, 0.0910663902759552, 0.07015331834554672, 0.993370771408081),
            ["LeftUpperArm"] = CFrame.new(0, -2.384185791015625e-07, -1.210719347000122e-08, 0.16390711069107056, 0.9837304353713989, -0.07354625314474106, -0.9861372113227844, 0.1653481274843216, 0.01391096506267786, 0.025845374912023544, 0.07024657726287842, 0.9971948266029358),
            ["RightLowerArm"] = CFrame.new(-6.556510925292969e-07, -2.384185791015625e-07, 7.450580596923828e-09, 1, 1.2281816452741623e-08, 2.3283062144940914e-09, -2.6193445190614284e-09, 1, 9.313224635931761e-10, -1.8626449271863521e-09, 9.313225746154785e-10, 1),
            ["LeftHand"] = CFrame.new(-3.164168447256088e-07, -4.76837158203125e-07, 1.043081283569336e-07, 0.9813809990882874, 0.18915921449661255, 0.033319421112537384, -0.1845298707485199, 0.9766860008239746, -0.10969628393650055, -0.05329266935586929, 0.10150544345378876, 0.9934065341949463),
            ["LeftFoot"] = CFrame.new(9.604264050722122e-09, 5.960464477539063e-08, 6.51925802230835e-09, 0.9999595284461975, 0.008762584999203682, 0.002067552413791418, -0.00868246704339981, 0.9993131756782532, -0.03602633625268936, -0.002381854224950075, 0.03600696846842766, 0.9993487000465393),
            ["LowerTorso"] = CFrame.new(0.0005255723954178393, -0.0008654594421386719, 0.0060292258858680725, 0.9999721050262451, 0.0007210127077996731, -0.007438821718096733, -0.000795504602137953, 0.9999495148658752, -0.010015839710831642, 0.007431224454194307, 0.01002147514373064, 0.9999222755432129),
            ["RightLowerLeg"] = CFrame.new(-3.958120942115784e-08, -0.00012242794036865234, -0.00007744336471660063, 1, -2.2351738238057806e-08, -1.3271346688270569e-08, 2.677552046748133e-08, 0.9852781891822815, 0.17095878720283508, 3.096647205325098e-08, -0.17095890641212463, 0.9852781891822815),
            ["LeftUpperLeg"] = CFrame.new(-5.960464477539063e-08, -7.615508366143331e-07, -1.1175870895385742e-08, 0.9948182702064514, -0.0029827039688825607, 0.10162622481584549, 0.00295404065400362, 0.9999955892562866, 0.00043291214387863874, -0.10162708163261414, -0.00013047496031504124, 0.9948225617408752),
            ["LeftLowerLeg"] = CFrame.new(4.068715497851372e-08, 0.00012254714965820312, 0.00007742783054709435, 1, 2.5611357479249364e-09, 1.864828114150896e-08, -1.3969836398786128e-09, 0.9993687868118286, 0.03552607446908951, 8.36735056242155e-11, -0.035526059567928314, 0.9993687868118286),
        }},
        {Time = 0.133, Data = {
            ["RightFoot"] = CFrame.new(-2.7939677238464355e-09, 2.384185791015625e-07, -1.2740201782435179e-08, 0.9998495578765869, -0.01724730245769024, -0.0019043046049773693, 0.0169611144810915, 0.994583785533905, -0.10254528373479843, 0.0036626304499804974, 0.10249762237071991, 0.9947265386581421),
            ["LeftLowerArm"] = CFrame.new(0.0000012516975402832031, 6.556510925292969e-07, 2.2351741790771484e-08, 1, 1.2223610568184995e-08, 3.725290298461914e-09, 1.2689271855492734e-08, 1, -4.6566128730773926e-09, -9.31322685637781e-10, -3.2596294552433847e-09, 1),
            ["RightUpperArm"] = CFrame.new(0, 7.152557373046875e-07, -1.30385160446167e-08, 0.11713854223489761, -0.992910623550415, 0.020176023244857788, 0.9930260181427002, 0.1173766553401947, 0.011048720218241215, -0.013338585384190083, 0.01874108426272869, 0.999735414981842),
            ["Head"] = CFrame.new(1.6443664208054543e-09, 7.152557373046875e-07, -1.0419171303510666e-08, 0.9995226263999939, -0.020434830337762833, -0.023171352222561836, 0.020838269963860512, 0.9996331334114075, 0.01730548031628132, 0.022809214890003204, -0.01778007112443447, 0.9995817542076111),
            ["RightHand"] = CFrame.new(0.000001632492057979107, -4.172325134277344e-07, -9.685754776000977e-08, 0.981373131275177, -0.18926799297332764, -0.03293050453066826, 0.1846628338098526, 0.9766296148300171, -0.10997495800256729, 0.052975624799728394, 0.1018453985452652, 0.9933887720108032),
            ["UpperTorso"] = CFrame.new(2.2337189875543118e-09, 0.0000010132789611816406, -4.4010448618792e-09, 0.9995239973068237, 0.020988941192626953, 0.022611191496253014, -0.02141840010881424, 0.9995915293693542, 0.018921462818980217, -0.022204812616109848, -0.019396744668483734, 0.9995653629302979),
            ["HumanoidRootPart"] = CFrame.new(0, 0, 0, 1, 0, 0, 0, 1, 0, 0, 0, 1),
            ["RightUpperLeg"] = CFrame.new(1.1920928955078125e-07, 1.8189166439697146e-07, 5.056790541857481e-09, 0.9957988858222961, 0.003139409702271223, -0.0915144830942154, -0.00963038019835949, 0.9974601864814758, -0.0705736055970192, 0.09106045961380005, 0.07115837931632996, 0.9932997822761536),
            ["LeftUpperArm"] = CFrame.new(-1.1920928955078125e-07, 4.76837158203125e-07, -1.30385160446167e-08, 0.16384446620941162, 0.9837585687637329, -0.07330881059169769, -0.9861460328102112, 0.16528639197349548, 0.014013344421982765, 0.02590269409120083, 0.06999716907739639, 0.9972109198570251),
            ["RightLowerArm"] = CFrame.new(0.0000014901161193847656, 1.1920928955078125e-07, 1.1175870895385742e-08, 1, -3.14321368932724e-09, -4.6566123179658803e-10, -3.2014209061514975e-09, 1, 6.984918199393064e-10, 9.313224635931761e-10, -3.259629011154175e-09, 1),
            ["LeftHand"] = CFrame.new(-2.637971192598343e-07, -2.980232238769531e-07, 1.4901161193847656e-07, 0.9813908934593201, 0.18913927674293518, 0.03314074128866196, -0.18453191220760345, 0.9766933917999268, -0.1096271276473999, -0.05310314893722534, 0.10147157311439514, 0.9934202432632446),
            ["LeftFoot"] = CFrame.new(1.2631062418222427e-08, 5.960464477539063e-08, 7.450580596923828e-09, 0.9999595284461975, 0.00876226369291544, 0.002067585475742817, -0.008693072013556957, 0.9994688034057617, -0.031410835683345795, -0.0023416595067828894, 0.03139171376824379, 0.9995044469833374),
            ["LowerTorso"] = CFrame.new(0.0005255723954178393, -0.0008654594421386719, 0.0060298144817352295, 0.9999718070030212, 0.0009799570543691516, -0.007444754708558321, -0.0010544954566285014, 0.9999493360519409, -0.010014885105192661, 0.007434562314301729, 0.010022453963756561, 0.9999222159385681),
            ["RightLowerLeg"] = CFrame.new(-6.332993507385254e-08, -0.00012218952178955078, -0.00007735395774943754, 1, -2.6077039194660756e-08, 1.5133984732074168e-08, 2.7474012398442937e-08, 0.984950602054596, 0.17283600568771362, -5.238689038122857e-09, -0.17283625900745392, 0.9849506616592407),
            ["LeftUpperLeg"] = CFrame.new(-1.1920928955078125e-07, -2.836022758856416e-07, -6.752088665962219e-09, 0.9948168396949768, -0.003770260140299797, 0.10161373764276505, 0.0032114405184984207, 0.9999788403511047, 0.005663019604980946, -0.10163306444883347, -0.005307445302605629, 0.9948078393936157),
            ["LeftLowerLeg"] = CFrame.new(2.2613676264882088e-08, 0.00012296438217163086, 0.0000774263171479106, 1, -1.1641525521355334e-09, 4.348113691321487e-08, -4.94765117764473e-09, 0.9996694922447205, 0.0257077906280756, 1.415355654899031e-08, -0.02570776455104351, 0.9996694922447205),
        }},
        {Time = 0.167, Data = {
            ["RightFoot"] = CFrame.new(-2.0954757928848267e-09, 4.76837158203125e-07, 5.420588422566652e-09, 0.9998494386672974, -0.017247674986720085, -0.0019042047206312418, 0.01695965602993965, 0.9945293068885803, -0.10307265818119049, 0.0036715969908982515, 0.10302508622407913, 0.9946721196174622),
            ["LeftLowerArm"] = CFrame.new(-3.5762786865234375e-07, -1.1920928955078125e-07, -2.60770320892334e-08, 1, 5.238688149944437e-09, -1.8626449271863521e-09, -2.386513564545112e-08, 1, 2.3283061589829401e-10, -1.8626447051417472e-09, -4.423781341245103e-09, 1),
            ["RightUpperArm"] = CFrame.new(0, 0.0000010728836059570312, -5.587935447692871e-09, 0.11714539676904678, -0.9929118752479553, 0.020075231790542603, 0.9930237531661987, 0.11738444119691849, 0.011170155368745327, -0.013447503559291363, 0.018626654520630836, 0.9997360706329346),
            ["Head"] = CFrame.new(-7.596099749207497e-09, 3.5762786865234375e-07, -9.89530235528946e-09, 0.9995226263999939, -0.020434817299246788, -0.023171354085206985, 0.020838260650634766, 0.9996331334114075, 0.01730550266802311, 0.022809218615293503, -0.01778009533882141, 0.9995817542076111),
            ["RightHand"] = CFrame.new(5.832407623529434e-08, 2.384185791015625e-07, -2.4586915969848633e-07, 0.9813796281814575, -0.18923419713974, -0.03293308615684509, 0.18463163077831268, 0.976641058921814, -0.10992461442947388, 0.05296529084444046, 0.10179729014635086, 0.9933941960334778),
            ["UpperTorso"] = CFrame.new(2.3355823941528797e-09, 8.046627044677734e-07, 1.2732925824820995e-10, 0.9995239973068237, 0.020988937467336655, 0.022611187770962715, -0.021418394520878792, 0.9995915293693542, 0.01892140321433544, -0.0222048107534647, -0.019396688789129257, 0.9995653629302979),
            ["HumanoidRootPart"] = CFrame.new(0, 0, 0, 1, 0, 0, 0, 1, 0, 0, 0, 1),
            ["RightUpperLeg"] = CFrame.new(1.7881393432617188e-07, -6.229165592230856e-07, 1.0179064702242613e-08, 0.9958008527755737, 0.002912729512900114, -0.09150023758411407, -0.009458719752728939, 0.9974181056022644, -0.0711880475282669, 0.09105652570724487, 0.07175439596176147, 0.9932572841644287),
            ["LeftUpperArm"] = CFrame.new(5.960464477539063e-08, 3.5762786865234375e-07, -2.7939677238464355e-09, 0.16385018825531006, 0.9837700724601746, -0.07314176857471466, -0.9861430525779724, 0.16529548168182373, 0.014123228378593922, 0.025984009727835655, 0.06981416046619415, 0.9972215294837952),
            ["RightLowerArm"] = CFrame.new(2.980232238769531e-07, 1.1920928955078125e-07, -1.4901161193847656e-08, 1, -8.55652348974445e-09, 1.8626447051417472e-09, 6.2864260463868504e-09, 1, 1.8626447051417472e-09, 9.313223525708736e-10, 2.3283055483602766e-09, 1),
            ["LeftHand"] = CFrame.new(-0.0000012004747986793518, -6.556510925292969e-07, 1.1175870895385742e-07, 0.9813909530639648, 0.18913927674293518, 0.033140722662210464, -0.18453200161457062, 0.9766933917999268, -0.10962697863578796, -0.05310310050845146, 0.10147139430046082, 0.9934202432632446),
            ["LeftFoot"] = CFrame.new(-1.4202669262886047e-08, 1.7881393432617188e-07, 7.916241884231567e-09, 0.9999595284461975, 0.008762093260884285, 0.0020676557905972004, -0.008703435771167278, 0.9996011257171631, -0.026869790628552437, -0.002302180277183652, 0.026850838214159012, 0.9996368288993835),
            ["LowerTorso"] = CFrame.new(0.0005255723954178393, -0.0008654594421386719, 0.006030410528182983, 0.9999716281890869, 0.0011528859613463283, -0.007448716089129448, -0.0012274548644199967, 0.9999491572380066, -0.010014168918132782, 0.007436791434884071, 0.01002302672713995, 0.9999222159385681),
            ["RightLowerLeg"] = CFrame.new(-7.729977369308472e-08, -0.0001221299171447754, -0.00007739493594272062, 1, -2.7008354663848877e-08, 2.3283064365386963e-08, 2.8638172722139643e-08, 0.984754741191864, 0.17394864559173584, 5.093171040471134e-08, -0.17394870519638062, 0.9847548007965088),
            ["LeftUpperLeg"] = CFrame.new(-1.1920928955078125e-07, -9.470859367866069e-07, -6.05359673500061e-09, 0.9948158860206604, -0.004463085904717445, 0.1015952005982399, 0.0033831866458058357, 0.999936044216156, 0.010799625888466835, -0.10163696110248566, -0.010400034487247467, 0.9947671890258789),
            ["LeftLowerLeg"] = CFrame.new(2.7852365747094154e-08, 0.0001227855682373047, 0.00007736333645880222, 1, -1.1641525243799578e-10, -3.4189735487188955e-08, -1.2805682070293756e-09, 0.9998712539672852, 0.01604698784649372, 1.2637425550465764e-09, -0.01604696922004223, 0.9998713135719299),
        }},
        {Time = 0.200, Data = {
            ["RightFoot"] = CFrame.new(-1.6065314412117004e-08, 4.76837158203125e-07, 7.283233571797609e-09, 0.9998494982719421, -0.017247997224330902, -0.00190438749268651, 0.016957925632596016, 0.9944753050804138, -0.10359277576208115, 0.003680483903735876, 0.10354495793581009, 0.9946179986000061),
            ["LeftLowerArm"] = CFrame.new(-8.940696716308594e-07, 0, 7.450580596923828e-09, 1, 2.4447212254585793e-08, -3.7252894102834944e-09, -4.6566128730773926e-09, 1, -1.1641529962247432e-09, 0, -1.8626447051417472e-09, 1),
            ["RightUpperArm"] = CFrame.new(1.1920928955078125e-07, 2.384185791015625e-07, -7.450580596923828e-09, 0.11714724451303482, -0.9929130673408508, 0.02000637911260128, 0.9930238723754883, 0.11738506704568863, 0.011153953149914742, -0.013423357158899307, 0.01856015808880329, 0.9997376799583435),
            ["Head"] = CFrame.new(-1.3744283933192492e-08, 1.1920928955078125e-07, -1.658918336033821e-08, 0.9995226860046387, -0.020434824749827385, -0.02317136712372303, 0.020838262513279915, 0.9996330738067627, 0.017305530607700348, 0.02280922792851925, -0.0177801214158535, 0.9995817542076111),
            ["RightHand"] = CFrame.new(1.6565900295972824e-07, 2.980232238769531e-07, -1.1920928955078125e-07, 0.9813796281814575, -0.18923412263393402, -0.03293304517865181, 0.1846315860748291, 0.976641058921814, -0.10992484539747238, 0.05296529456973076, 0.10179750621318817, 0.9933941960334778),
            ["UpperTorso"] = CFrame.new(2.0445440895855427e-09, 4.76837158203125e-07, -4.229150363244116e-09, 0.9995240569114685, 0.02098892442882061, 0.02261117845773697, -0.021418385207653046, 0.9995915293693542, 0.01892145909368992, -0.022204803302884102, -0.019396740943193436, 0.9995653629302979),
            ["HumanoidRootPart"] = CFrame.new(0, 0, 0, 1, 0, 0, 0, 1, 0, 0, 0, 1),
            ["RightUpperLeg"] = CFrame.new(0, -2.76915670838207e-07, 1.5643308870494366e-09, 0.9958028197288513, 0.0026871508453041315, -0.09148550778627396, -0.009287074208259583, 0.9973763227462769, -0.07179344445466995, 0.0910525694489479, 0.07234170287847519, 0.9932150840759277),
            ["LeftUpperArm"] = CFrame.new(0, -1.1920928955078125e-07, -1.4901161193847656e-08, 0.16378153860569, 0.9837867021560669, -0.07307137548923492, -0.9861550331115723, 0.16522429883480072, 0.014115625061094761, 0.0259599257260561, 0.06974781304597855, 0.997226893901825),
            ["RightLowerArm"] = CFrame.new(0.0000010132789611816406, -5.364418029785156e-07, 7.450580596923828e-09, 1, -1.5657862562079572e-08, 9.313225746154785e-10, -9.31322685637781e-10, 1, 3.026798367500305e-09, -4.656613428188905e-10, 2.0954760149294316e-09, 1),
            ["LeftHand"] = CFrame.new(-0.000001980224624276161, 1.1920928955078125e-07, 0, 0.9813878536224365, 0.18916864693164825, 0.03306354582309723, -0.18457026779651642, 0.976688802242279, -0.10960353165864944, -0.053026340901851654, 0.1014610156416893, 0.9934253692626953),
            ["LeftFoot"] = CFrame.new(4.738103598356247e-08, 1.1920928955078125e-07, 1.862645149230957e-09, 0.9999595880508423, 0.008761722594499588, 0.002067568711936474, -0.008714868687093258, 0.9997265934944153, -0.02169882133603096, -0.0022571138106286526, 0.02167993225157261, 0.9997624754905701),
            ["LowerTorso"] = CFrame.new(0.0005255723954178393, -0.0008654594421386719, 0.00603099912405014, 0.9999713897705078, 0.0013254929799586535, -0.007452665828168392, -0.0014000929659232497, 0.9999489188194275, -0.010013566352427006, 0.007439012173563242, 0.01002371497452259, 0.9999221563339233),
            ["RightLowerLeg"] = CFrame.new(-1.3504177331924438e-08, -0.0001221299171447754, -0.00007736885891063139, 1, -2.887101047122087e-08, 3.760213829195891e-08, 3.096647205325098e-08, 0.9845604300498962, 0.1750449240207672, 8.108326454703274e-08, -0.17504514753818512, 0.9845604300498962),
            ["LeftUpperLeg"] = CFrame.new(-1.7881393432617188e-07, -6.149402906885371e-07, -1.234002411365509e-08, 0.9948148727416992, -0.0052277096547186375, 0.10156857222318649, 0.0035547716543078423, 0.9998551607131958, 0.01664567179977894, -0.10164079070091248, -0.016198301687836647, 0.9946893453598022),
            ["LeftLowerLeg"] = CFrame.new(5.878973752260208e-09, 0.00012284517288208008, 0.0000774250365793705, 1, -1.0477372303085986e-09, -2.3392209058670232e-08, 1.1641533570472262e-10, 0.9999872446060181, 0.005045443307608366, -6.782466499544171e-08, -0.0050454395823180676, 0.9999873638153076),
        }},
        {Time = 0.233, Data = {
            ["RightFoot"] = CFrame.new(-2.421438694000244e-08, 4.172325134277344e-07, 8.680217433720827e-09, 0.9998494982719421, -0.017248252406716347, -0.0019042881904169917, 0.016957277432084084, 0.9944477677345276, -0.10385643690824509, 0.003685019677504897, 0.10380875319242477, 0.9945905208587646),
            ["LeftLowerArm"] = CFrame.new(1.1920928955078125e-07, -5.960464477539063e-08, 1.862645149230957e-08, 1, -9.313226634333205e-09, -9.313227966600834e-10, -8.265486961533952e-09, 1, 1.3969841949901252e-09, -2.7939672797572257e-09, -2.0954760149294316e-09, 1),
            ["RightUpperArm"] = CFrame.new(1.1920928955078125e-07, 2.384185791015625e-07, -1.4901161193847656e-08, 0.11708133667707443, -0.9929226040840149, 0.019919022917747498, 0.9930310249328613, 0.11731904000043869, 0.011209873482584953, -0.013467418029904366, 0.018467742949724197, 0.9997388124465942),
            ["Head"] = CFrame.new(-2.1456799004226923e-08, 4.76837158203125e-07, -4.831235855817795e-09, 0.9995226860046387, -0.020434826612472534, -0.023171361535787582, 0.02083827182650566, 0.9996331334114075, 0.01730559766292572, 0.02280922420322895, -0.017780184745788574, 0.9995817542076111),
            ["RightHand"] = CFrame.new(5.618203431367874e-07, -5.960464477539063e-08, 1.4901161193847656e-08, 0.9813796281814575, -0.18923412263393402, -0.032933156937360764, 0.18463154137134552, 0.976641058921814, -0.10992492735385895, 0.05296541750431061, 0.10179753601551056, 0.9933941960334778),
            ["UpperTorso"] = CFrame.new(1.964508555829525e-09, 0.000001341104507446289, -2.7466739993542433e-09, 0.9995239973068237, 0.020988931879401207, 0.022611180320382118, -0.021418390795588493, 0.9995915293693542, 0.0189215000718832, -0.022204797714948654, -0.01939678005874157, 0.9995653629302979),
            ["HumanoidRootPart"] = CFrame.new(0, 0, 0, 1, 0, 0, 0, 1, 0, 0, 0, 1),
            ["RightUpperLeg"] = CFrame.new(1.7881393432617188e-07, -9.072391549125314e-08, 6.220943760126829e-09, 0.9958038330078125, 0.002573753474280238, -0.09147815406322479, -0.009201242588460445, 0.9973549842834473, -0.07210113853216171, 0.09105067700147629, 0.07264015078544617, 0.993193507194519),
            ["LeftUpperArm"] = CFrame.new(5.960464477539063e-08, 0, -6.51925802230835e-09, 0.16378509998321533, 0.9837923049926758, -0.07298775762319565, -0.9861533641815186, 0.16522951424121857, 0.014170479029417038, 0.026000533252954483, 0.06965620815753937, 0.99723219871521),
            ["RightLowerArm"] = CFrame.new(7.152557373046875e-07, 0, 1.1175870895385742e-08, 1, 1.2398229110033299e-08, 9.313223525708736e-10, -1.752050593495369e-08, 1, 2.095475348795617e-09, -1.3969838619232178e-09, 2.561136414058751e-09, 1),
            ["LeftHand"] = CFrame.new(-8.346978574991226e-07, -3.5762786865234375e-07, 1.1920928955078125e-07, 0.9813879132270813, 0.18916848301887512, 0.033063385635614395, -0.1845701038837433, 0.9766887426376343, -0.10960371047258377, -0.053026214241981506, 0.1014612540602684, 0.9934253096580505),
            ["LeftFoot"] = CFrame.new(-1.4668330550193787e-08, -2.384185791015625e-07, 2.3283064365386963e-09, 0.9999595284461975, 0.008761605247855186, 0.0020676443818956614, -0.008714759722352028, 0.9997266530990601, -0.021698538213968277, -0.002257067710161209, 0.02167968824505806, 0.9997624754905701),
            ["LowerTorso"] = CFrame.new(0.0005255723954178393, -0.0008654594421386719, 0.006031595170497894, 0.9999712109565735, 0.001412054873071611, -0.007454650942236185, -0.0014866701094433665, 0.9999487996101379, -0.010013209655880928, 0.007440129294991493, 0.010024004615843296, 0.9999221563339233),
            ["RightLowerLeg"] = CFrame.new(-6.100162863731384e-08, -0.0001226663589477539, -0.00007743963942630216, 1, -2.1420419216156006e-08, -1.3154933142800473e-08, 2.7241185307502747e-08, 0.9844613075256348, 0.17560157179832458, -1.594889909029007e-08, -0.17560167610645294, 0.9844613671302795),
            ["LeftUpperLeg"] = CFrame.new(-1.1920928955078125e-07, -2.173910615965724e-07, -7.683411240577698e-09, 0.994814395904541, -0.0053141457028687, 0.1015690416097641, 0.003640811424702406, 0.9998547434806824, 0.016653796657919884, -0.10164282470941544, -0.016197655349969864, 0.9946891665458679),
            ["LeftLowerLeg"] = CFrame.new(-3.457535058259964e-08, 0.00012254714965820312, 0.00007742410525679588, 1, 2.211890004488737e-09, -4.052347435390402e-08, -2.3283069916502086e-10, 0.9999873042106628, 0.005045480094850063, -6.203300983997906e-08, -0.005045484751462936, 0.9999873638153076),
        }},
        {Time = 0.267, Data = {
            ["RightFoot"] = CFrame.new(2.8172507882118225e-08, 5.364418029785156e-07, -2.9613147489726543e-09, 0.9998494982719421, -0.01724807731807232, -0.0019043420907109976, 0.01695711724460125, 0.9944478273391724, -0.1038559153676033, 0.003684964496642351, 0.10380826145410538, 0.9945905208587646),
            ["LeftLowerArm"] = CFrame.new(0.000001043081283569336, 1.1920928955078125e-07, 1.4901161193847656e-08, 1, 2.7939681679356454e-09, 1.862645593320167e-09, 1.885928213596344e-08, 1, 2.3283069916502086e-10, 2.7939677238464355e-09, 2.0954760149294316e-09, 1),
            ["RightUpperArm"] = CFrame.new(1.1920928955078125e-07, 1.1920928955078125e-07, -1.862645149230957e-08, 0.11708183586597443, -0.9929226040840149, 0.019919030368328094, 0.9930309653282166, 0.11731954663991928, 0.011209872551262379, -0.013467425480484962, 0.018467754125595093, 0.9997388124465942),
            ["Head"] = CFrame.new(-2.657179720699787e-08, 4.76837158203125e-07, -1.0477378964424133e-08, 0.9995226860046387, -0.020434822887182236, -0.023171350359916687, 0.020838266238570213, 0.9996331334114075, 0.01730560138821602, 0.022809214890003204, -0.017780188471078873, 0.9995817542076111),
            ["RightHand"] = CFrame.new(1.043081283569336e-07, -1.7881393432617188e-07, -1.1175870895385742e-07, 0.9813795685768127, -0.18923407793045044, -0.03293301910161972, 0.18463151156902313, 0.976641058921814, -0.10992532968521118, 0.05296535789966583, 0.10179798305034637, 0.9933941960334778),
            ["UpperTorso"] = CFrame.new(1.811713445931673e-09, 0.000001341104507446289, -2.748492988757789e-09, 0.9995239973068237, 0.02098892815411091, 0.022611182183027267, -0.021418385207653046, 0.9995915293693542, 0.018921498209238052, -0.022204799577593803, -0.01939677819609642, 0.9995653629302979),
            ["HumanoidRootPart"] = CFrame.new(0, 0, 0, 1, 0, 0, 0, 1, 0, 0, 0, 1),
            ["RightUpperLeg"] = CFrame.new(1.7881393432617188e-07, -8.476490620523691e-08, 5.75528247281909e-09, 0.9958037734031677, 0.002573557198047638, -0.0914781242609024, -0.009201077744364738, 0.9973549246788025, -0.07210139185190201, 0.0910506471991539, 0.07264033704996109, 0.9931934475898743),
            ["LeftUpperArm"] = CFrame.new(0, 0, -1.30385160446167e-08, 0.16378462314605713, 0.9837923645973206, -0.07298770546913147, -0.9861534833908081, 0.16522902250289917, 0.014170483686029911, 0.026000499725341797, 0.06965616345405579, 0.99723219871521),
            ["RightLowerArm"] = CFrame.new(-2.980232238769531e-07, -1.7881393432617188e-07, 0, 1, 2.6833728128394796e-08, 0, -1.775333480225072e-08, 1, -3.4924596548080444e-09, 0, 3.0267979234110953e-09, 1),
            ["LeftHand"] = CFrame.new(-0.00000101444311439991, -4.172325134277344e-07, 2.5331974029541016e-07, 0.9813878536224365, 0.1891685575246811, 0.03306342288851738, -0.18457013368606567, 0.976688802242279, -0.10960361361503601, -0.0530262291431427, 0.10146115720272064, 0.9934253692626953),
            ["LeftFoot"] = CFrame.new(-2.7939677238464355e-08, 0, 3.725290298461914e-09, 0.9999595880508423, 0.008761637844145298, 0.0020676366984844208, -0.008714806288480759, 0.9997266530990601, -0.021698130294680595, -0.0022570956498384476, 0.021679338067770004, 0.9997624754905701),
            ["LowerTorso"] = CFrame.new(0.0005255723954178393, -0.0008654594421386719, 0.006032183766365051, 0.9999712109565735, 0.0014120551059022546, -0.00745465187355876, -0.0014866703422740102, 0.9999487996101379, -0.010013209655880928, 0.007440130226314068, 0.010024004615843296, 0.9999221563339233),
