return {
    ["Taco Time"] = {
        {Time = 0.000, Data = {
            ["RightFoot"] = CFrame.new(2.9802322387695312e-08, 2.980232238769531e-07, 4.639878170564771e-08, 0.9657385349273682, 0.25928565859794617, -0.010957183316349983, -0.21742016077041626, 0.7853102684020996, -0.5796686410903931, -0.1416952759027481, 0.5621910095214844, 0.8147785663604736),
            ["LeftLowerArm"] = CFrame.new(0.0002745687961578369, -0.000019788742065429688, 0.00007750093936920166, 1, -8.00678918722042e-08, 2.0110969956022018e-07, 6.709755950851104e-08, -0.6277094483375549, -0.778447687625885, 1.7892682535602944e-07, 0.778447687625885, -0.6277093291282654),
            ["LeftFoot"] = CFrame.new(7.922790246084332e-08, 0, 1.7113052308559418e-08, 0.9680973291397095, -0.13811516761779785, 0.20907345414161682, 0.23326800763607025, 0.8014609217643738, -0.5506782531738281, -0.09150713682174683, 0.5818802714347839, 0.8081099390983582),
            ["Head"] = CFrame.new(1.1874362826347351e-08, 1.1920928955078125e-07, 1.3536919141188264e-08, 0.7123345136642456, 0.042711980640888214, -0.7005383968353271, -0.09739558398723602, 0.9945040941238403, -0.03844389691948891, 0.6950494050979614, 0.0955892875790596, 0.7125783562660217),
            ["LowerTorso"] = CFrame.new(0.04746208339929581, -0.3209805488586426, -0.09984800219535828, 0.9995508193969727, -0.02940143644809723, 0.005821920000016689, 0.029926015064120293, 0.989790141582489, -0.13935516774654388, -0.001665238058194518, 0.1394667774438858, 0.9902253746986389),
            ["UpperTorso"] = CFrame.new(6.5338099375367165e-09, 3.5762786865234375e-07, 2.1085725165903568e-08, 0.9965474009513855, 0.0774519294500351, -0.029908807948231697, -0.07164214551448822, 0.9842363595962524, 0.1616983562707901, 0.0419611893594265, -0.15899735689163208, 0.9863868951797485),
            ["HumanoidRootPart"] = CFrame.new(0, 0, 0, 1, 0, 0, 0, 1, 0, 0, 0, 1),
            ["RightUpperLeg"] = CFrame.new(1.1920928955078125e-07, 3.241002559661865e-07, -1.915759639814496e-08, 0.6206518411636353, -0.49354287981987, -0.6092672348022461, 0.3438430428504944, 0.8696599006652832, -0.354208767414093, 0.7046725153923035, 0.010347909294068813, 0.709457278251648),
            ["LeftUpperArm"] = CFrame.new(5.960464477539063e-08, 2.384185791015625e-07, 2.3548636818304658e-08, 0.5716112852096558, 0.6291127800941467, 0.5267597436904907, -0.36471107602119446, 0.7698835730552673, -0.5236913561820984, -0.7350145578384399, 0.10722193121910095, 0.6695308089256287),
            ["RightLowerArm"] = CFrame.new(-0.0003833174705505371, 0.00001245737075805664, 0.000058397650718688965, 1, -8.379257110391336e-08, 1.489486436412335e-07, 9.32039085910219e-08, -0.5529279708862305, -0.833229124546051, 1.34213635760716e-07, 0.8332290053367615, -0.5529279708862305),
            ["LeftHand"] = CFrame.new(-7.450580596923828e-08, 0.0000010132789611816406, 1.341104507446289e-07, 0.49764665961265564, 0.4739331007003784, -0.7265381813049316, -0.518403947353363, 0.8340726494789124, 0.18877752125263214, 0.6954172253608704, 0.28233030438423157, 0.660685658454895),
            ["RightHand"] = CFrame.new(-5.662441253662109e-07, 2.980232238769531e-07, 2.2351741790771484e-08, 0.5164504051208496, -0.6630512475967407, 0.5418025255203247, 0.7365003824234009, 0.666847825050354, 0.11401337385177612, -0.43685948848724365, 0.34011343121528625, 0.8327370882034302),
            ["RightUpperArm"] = CFrame.new(0, -1.1920928955078125e-07, 4.922185325995088e-09, 0.5691583752632141, -0.7250862717628479, -0.3877049684524536, 0.618149995803833, 0.6882549524307251, -0.379740446805954, 0.5421708226203918, -0.023558804765343666, 0.8399297595024109),
            ["RightLowerLeg"] = CFrame.new(8.940696716308594e-08, -0.000060498714447021484, -0.00007198581442935392, 1, -1.1920927533992653e-07, -5.960465898624534e-08, 1.2665987014770508e-07, 0.4439718425273895, 0.896040678024292, -1.6391277313232422e-07, -0.8960407376289368, 0.44397222995758057),
            ["LeftUpperLeg"] = CFrame.new(-5.960464477539063e-08, 1.126900315284729e-07, -1.3737007975578308e-08, 0.9748321771621704, 0.2216087132692337, 0.024331403896212578, -0.1854483187198639, 0.8666251301765442, -0.4632171392440796, -0.12373917549848557, 0.4470466077327728, 0.8859108686447144),
            ["LeftLowerLeg"] = CFrame.new(1.043081283569336e-07, 0.00006079673767089844, 0.00007220730185508728, 1, 8.009374852235851e-08, 4.4703490686970326e-08, -5.2154071283894154e-08, 0.3005578815937042, 0.9537636637687683, 4.842878098543224e-08, -0.9537636041641235, 0.3005578815937042),
        }},
        {Time = 0.033, Data = {
            ["RightFoot"] = CFrame.new(-2.2351741790771484e-08, 2.384185791015625e-07, -5.045876605436206e-08, 0.9591385722160339, 0.2760106027126312, -0.062220897525548935, -0.24882522225379944, 0.718173086643219, -0.6498561501502991, -0.13468202948570251, 0.6387845277786255, 0.7575061321258545),
            ["LeftLowerArm"] = CFrame.new(0.0005179643630981445, -0.00001996755599975586, 0.00007720291614532471, 1, 1.7685758635366255e-08, 1.4147762783522921e-07, 1.0815442408329545e-07, -0.6427876353263855, -0.7660443782806396, 1.6409637737524463e-07, 0.7660443782806396, -0.6427876353263855),
            ["LeftFoot"] = CFrame.new(-1.9033905118703842e-08, -1.1920928955078125e-07, -1.0710209608078003e-08, 0.9696409702301025, -0.14856034517288208, 0.19423258304595947, 0.23874130845069885, 0.7469817996025085, -0.6205005645751953, -0.05290650948882103, 0.6480340957641602, 0.7597715854644775),
            ["Head"] = CFrame.new(4.656612873077393e-10, 4.76837158203125e-07, 5.122274160385132e-09, 0.7490130662918091, 0.052866678684949875, -0.6604401469230652, -0.07867353409528732, 0.9968528151512146, -0.009531107731163502, 0.6578677892684937, 0.05907248705625534, 0.7508182525634766),
            ["LowerTorso"] = CFrame.new(0.046669039875268936, -0.4143441915512085, -0.11290419101715088, 0.9996198415756226, -0.02741743065416813, 0.002947590546682477, 0.02750600315630436, 0.9838103652000427, -0.177089124917984, 0.001955457730218768, 0.17710284888744354, 0.9841904044151306),
            ["UpperTorso"] = CFrame.new(5.558831617236137e-09, 0, -6.39629433862865e-08, 0.996446430683136, 0.07523827254772186, -0.03786526620388031, -0.0667991191148758, 0.9797287583351135, 0.18886339664459229, 0.05130745470523834, -0.1856628954410553, 0.9812731146812439),
            ["HumanoidRootPart"] = CFrame.new(0, 0, 0, 1, 0, 0, 0, 1, 0, 0, 0, 1),
            ["RightUpperLeg"] = CFrame.new(1.1920928955078125e-07, -2.421438694000244e-08, 8.549250196665525e-09, 0.6587715744972229, -0.5372334718704224, -0.5266878008842468, 0.3811423182487488, 0.8418948650360107, -0.3820261061191559, 0.6486529111862183, 0.05092484503984451, 0.7593787312507629),
            ["LeftUpperArm"] = CFrame.new(-1.1920928955078125e-07, 2.384185791015625e-07, 5.587935447692871e-09, 0.598179042339325, 0.5612533092498779, 0.5719956755638123, -0.3484715521335602, 0.8249391913414001, -0.44498294591903687, -0.721629798412323, 0.06685886532068253, 0.6890655159950256),
            ["RightLowerArm"] = CFrame.new(-0.0005566775798797607, 0.000012576580047607422, 0.00005856156349182129, 1, -4.8406942454448654e-08, 2.2336891447594098e-07, 2.0884908735752106e-07, -0.6427878141403198, -0.7660442590713501, 1.1934233157262497e-07, 0.7660442590713501, -0.6427878141403198),
            ["LeftHand"] = CFrame.new(-4.172325134277344e-07, -2.384185791015625e-07, 1.2665987014770508e-07, 0.5122098326683044, 0.4545372426509857, -0.7288693189620972, -0.6085504293441772, 0.7909159064292908, 0.06536446511745453, 0.6060589551925659, 0.4096924066543579, 0.6815255284309387),
            ["RightHand"] = CFrame.new(3.203749656677246e-07, 5.960464477539063e-08, -2.2351741790771484e-08, 0.38773584365844727, -0.5899921655654907, 0.7080554366111755, 0.8375079035758972, 0.5469753742218018, -0.0029324593488126993, -0.3850210905075073, 0.5939085483551025, 0.7061507701873779),
            ["RightUpperArm"] = CFrame.new(1.1920928955078125e-07, -2.384185791015625e-07, 1.862645149230957e-09, 0.6644065976142883, -0.6338585615158081, -0.3959551155567169, 0.5781095623970032, 0.7716498374938965, -0.26525506377220154, 0.47365957498550415, -0.05272538214921951, 0.879124104976654),
            ["RightLowerLeg"] = CFrame.new(-2.9802322387695312e-08, -0.00006031990051269531, -0.00007214972720248625, 1, -1.9371505288745539e-07, -7.4505820180093e-08, 1.4901162614933128e-07, 0.27827009558677673, 0.9605028629302979, -1.6391278734317893e-07, -0.9605028629302979, 0.278270423412323),
            ["LeftUpperLeg"] = CFrame.new(-5.960464477539063e-08, -7.35744833946228e-08, -4.563480615615845e-08, 0.971865177154541, 0.23535604774951935, 0.009255724959075451, -0.1997988522052765, 0.8445733785629272, -0.4967659115791321, -0.12473396956920624, 0.4809401333332062, 0.867835283279419),
            ["LeftLowerLeg"] = CFrame.new(3.725290298461914e-08, 0.000060558319091796875, 0.00007199682295322418, 1, 8.707865362111988e-08, 6.70552182668871e-08, -1.1175870895385742e-07, 0.1385626494884491, 0.9903537034988403, 9.313225746154785e-08, -0.9903537034988403, 0.1385626196861267),
        }},
        {Time = 0.067, Data = {
            ["RightFoot"] = CFrame.new(-7.450580596923828e-09, 2.980232238769531e-07, 5.3849362302571535e-08, 0.9467490911483765, 0.27904483675956726, -0.1606244295835495, -0.3114839494228363, 0.6674988865852356, -0.6763303279876709, -0.08150984346866608, 0.6903472542762756, 0.7188721895217896),
            ["LeftLowerArm"] = CFrame.new(0.000774085521697998, -0.00001990795135498047, 0.00007729232311248779, 0.9999999403953552, -1.8030968718107943e-08, 8.188849420776023e-08, 1.1940399247123423e-07, -0.6427876353263855, -0.7660444378852844, 2.985099811780856e-08, 0.7660443782806396, -0.6427876353263855),
            ["LeftFoot"] = CFrame.new(3.934837877750397e-08, 5.960464477539063e-08, -1.909211277961731e-08, 0.9726603031158447, -0.15618212521076202, 0.17186984419822693, 0.23122328519821167, 0.7202288508415222, -0.6540690064430237, -0.02163172885775566, 0.6759272217750549, 0.7366508841514587),
            ["Head"] = CFrame.new(-1.0011717677116394e-08, -1.1920928955078125e-07, -4.656612873077393e-10, 0.8040271401405334, 0.051528237760066986, -0.5923399329185486, -0.059678204357624054, 0.9981983304023743, 0.005669314879924059, 0.5915900468826294, 0.030741939321160316, 0.805668294429779),
            ["LowerTorso"] = CFrame.new(0.04804876074194908, -0.4601407051086426, -0.12671533226966858, 0.9996558427810669, -0.02435855008661747, 0.00974087230861187, 0.02589975856244564, 0.9754478931427002, -0.21870207786560059, -0.004174447618424892, 0.2188791036605835, 0.9757430553436279),
            ["UpperTorso"] = CFrame.new(2.6193447411060333e-09, -1.4901161193847656e-07, -4.6013155952095985e-08, 0.9964166879653931, 0.07160434126853943, -0.04501922428607941, -0.059227053076028824, 0.970671534538269, 0.2329998016357422, 0.06038268655538559, -0.22949858009815216, 0.9714341163635254),
            ["HumanoidRootPart"] = CFrame.new(0, 0, 0, 1, 0, 0, 0, 1, 0, 0, 0, 1),
            ["RightUpperLeg"] = CFrame.new(5.960464477539063e-08, -1.4621764421463013e-07, -5.058973329141736e-08, 0.722815990447998, -0.5182722210884094, -0.4570896625518799, 0.3973499536514282, 0.8528782725334167, -0.3386912941932678, 0.5653761625289917, 0.06318674236536026, 0.8224093914031982),
            ["LeftUpperArm"] = CFrame.new(-1.1920928955078125e-07, 2.384185791015625e-07, -3.725290298461914e-09, 0.5810873508453369, 0.5847700238227844, 0.5660222768783569, -0.3325364887714386, 0.8053942322731018, -0.49062231183052063, -0.7428033947944641, 0.09687111526727676, 0.6625018119812012),
            ["RightLowerArm"] = CFrame.new(-0.0007790327072143555, 0.000012814998626708984, 0.0000584721565246582, 0.9999999403953552, -2.5363961597690832e-08, 2.084231311982876e-07, 1.5670644870624528e-07, -0.6427880525588989, -0.7660441398620605, 8.208433399659043e-08, 0.7660440802574158, -0.6427880525588989),
            ["LeftHand"] = CFrame.new(1.1920928955078125e-07, -3.5762786865234375e-07, 5.21540641784668e-08, 0.5380856990814209, 0.43536996841430664, -0.7220052480697632, -0.6554419994354248, 0.7547412514686584, -0.03370913863182068, 0.5299619436264038, 0.49073272943496704, 0.6910659074783325),
            ["RightHand"] = CFrame.new(-2.682209014892578e-07, 2.980232238769531e-07, -4.470348358154297e-08, 0.22306247055530548, -0.5146083831787109, 0.8277320861816406, 0.9240825176239014, 0.3836441934108734, -0.011374374851584435, -0.31034600734710693, 0.7668085694313049, 0.5610082745552063),
            ["RightUpperArm"] = CFrame.new(0, 3.5762786865234375e-07, -5.587935447692871e-09, 0.6790370941162109, -0.5969650745391846, -0.4272310733795166, 0.5411679744720459, 0.8003119230270386, -0.25819170475006104, 0.49603012204170227, -0.05597791075706482, 0.8664934039115906),
            ["RightLowerLeg"] = CFrame.new(-7.450580596923828e-08, -0.000060439109802246094, -0.00007198581442935392, 1, -1.0430811414607888e-07, -1.3411047916633834e-07, 1.6391281576488836e-07, 0.20671330392360687, 0.9784014821052551, -7.4505820180093e-08, -0.9784015417098999, 0.20671363174915314),
            ["LeftUpperLeg"] = CFrame.new(0, -7.82310962677002e-08, -5.2619725465774536e-08, 0.9691605567932129, 0.24639493227005005, 0.00417489605024457, -0.21301127970218658, 0.8461290001869202, -0.48856121301651, -0.12391147762537003, 0.4726049304008484, 0.8725197315216064),
            ["LeftLowerLeg"] = CFrame.new(2.2351741790771484e-08, 0.000060558319091796875, 0.00007225759327411652, 1, 6.146729703004894e-08, 6.705522537231445e-08, -1.341104507446289e-07, 0.06482184678316116, 0.9978969097137451, 7.078051567077637e-08, -0.9978968501091003, 0.06482182443141937),
        }},
        {Time = 0.100, Data = {
            ["RightFoot"] = CFrame.new(1.341104507446289e-07, 3.5762786865234375e-07, 3.894820110872388e-08, 0.947318434715271, 0.2626662850379944, -0.18328770995140076, -0.3169640600681305, 0.6865086555480957, -0.6543999314308167, -0.046060338616371155, 0.6780210137367249, 0.7335982322692871),
            ["LeftLowerArm"] = CFrame.new(0.0009617209434509277, -0.000019431114196777344, 0.00007774680852890015, 1, -8.559671016428183e-08, 2.1956880402740353e-07, 1.4931103464732587e-08, -0.6427876949310303, -0.7660444378852844, 1.9410434504152363e-07, 0.7660444974899292, -0.6427876353263855),
            ["LeftFoot"] = CFrame.new(5.75091689825058e-08, 1.1920928955078125e-07, 4.190951585769653e-09, 0.9754201173782349, -0.15969838201999664, 0.15182892978191376, 0.2201147824525833, 0.7382089495658875, -0.6376495361328125, -0.0102497898042202, 0.6553959846496582, 0.7552159428596497),
            ["Head"] = CFrame.new(-1.3969838619232178e-09, 0, -5.122274160385132e-09, 0.8961805701255798, -0.011877468787133694, -0.44345128536224365, -0.037714846432209015, 0.9939738512039185, -0.10311335325241089, 0.4420837163925171, 0.10897189378738403, 0.890347421169281),
            ["LowerTorso"] = CFrame.new(0.054190002381801605, -0.42212438583374023, -0.1413060426712036, 0.9996805787086487, -0.022841593250632286, 0.010814194567501545, 0.024879392236471176, 0.9646430015563965, -0.26238319277763367, -0.004438587464392185, 0.2625684440135956, 0.9649031758308411),
            ["UpperTorso"] = CFrame.new(1.1219526641070843e-08, 8.940696716308594e-08, -4.8370566219091415e-08, 0.995448648929596, 0.07435805350542068, -0.05960637331008911, -0.053507138043642044, 0.953660786151886, 0.2960880696773529, 0.07886078208684921, -0.2915511429309845, 0.9532989263534546),
            ["HumanoidRootPart"] = CFrame.new(0, 0, 0, 1, 0, 0, 0, 1, 0, 0, 0, 1),
            ["RightUpperLeg"] = CFrame.new(1.1920928955078125e-07, -1.4435499906539917e-07, -3.5222910810261965e-08, 0.7940269112586975, -0.45984968543052673, -0.3975673019886017, 0.38386812806129456, 0.886428952217102, -0.2586291432380676, 0.4713456630706787, 0.052744925022125244, 0.8803699612617493),
            ["LeftUpperArm"] = CFrame.new(1.1920928955078125e-07, -1.1920928955078125e-07, -2.0489096641540527e-08, 0.5322028398513794, 0.6650407910346985, 0.5238961577415466, -0.3266129195690155, 0.7322192788124084, -0.5975854992866516, -0.7810788154602051, 0.14688660204410553, 0.6069797277450562),
            ["RightLowerArm"] = CFrame.new(-0.0010377764701843262, 0.000012516975402832031, 0.00005829334259033203, 1, -1.2096353430024465e-07, 1.934855617946596e-07, 7.09278680233183e-08, -0.6427878141403198, -0.7660441994667053, 1.4932183489690942e-07, 0.7660441398620605, -0.6427878737449646),
            ["LeftHand"] = CFrame.new(-1.1920928955078125e-07, 5.960464477539063e-08, 0, 0.5729339122772217, 0.41555407643318176, -0.7068407535552979, -0.5867780447006226, 0.8099462389945984, 0.00006750218744855374, 0.5722222328186035, 0.4138861894607544, 0.707372784614563),
            ["RightHand"] = CFrame.new(-1.1920928955078125e-07, 1.7881393432617188e-07, 3.129243850708008e-07, 0.3816497027873993, -0.4681747853755951, 0.7969059944152832, 0.8852823376655579, 0.4344923794269562, -0.1696568727493286, -0.2657417953014374, 0.7694340348243713, 0.5797907710075378),
            ["RightUpperArm"] = CFrame.new(-1.1920928955078125e-07, 0, 1.6763806343078613e-08, 0.6147574186325073, -0.6387932300567627, -0.46262964606285095, 0.5109291672706604, 0.7693780660629272, -0.3834793269634247, 0.6008533835411072, -0.0008390063885599375, 0.7993231415748596),
            ["RightLowerLeg"] = CFrame.new(-1.1920928955078125e-07, -0.0000603795051574707, -0.00007195601210696623, 1, -1.6391273049976007e-07, -1.3411049337719305e-07, 7.450579886381092e-08, 0.2681846618652344, 0.9633674025535583, -1.4901159772762185e-07, -0.9633675217628479, 0.2681851089000702),
            ["LeftUpperLeg"] = CFrame.new(2.9802322387695312e-08, -1.8812716007232666e-07, -1.5366822481155396e-08, 0.9652032852172852, 0.25995466113090515, 0.028394179418683052, -0.22566857933998108, 0.8828820586204529, -0.41181692481040955, -0.13212242722511292, 0.391079306602478, 0.9108242392539978),
            ["LeftLowerLeg"] = CFrame.new(-6.705522537231445e-08, 0.000060558319091796875, 0.00007185712456703186, 1, 7.729977369308472e-08, 8.940698137394065e-08, -8.195638656616211e-08, 0.13253869116306305, 0.9911779165267944, 1.1920928955078125e-07, -0.9911778569221497, 0.13253873586654663),
        }},
        {Time = 0.133, Data = {
            ["RightFoot"] = CFrame.new(3.725290298461914e-08, 1.7881393432617188e-07, 9.145878721028566e-09, 0.9610986709594727, 0.23206764459609985, -0.14978045225143433, -0.2742012143135071, 0.7364434003829956, -0.6184371709823608, -0.03321452438831329, 0.635449230670929, 0.771428108215332),
            ["LeftLowerArm"] = CFrame.new(0.0008520781993865967, -0.000019729137420654297, 0.00007779896259307861, 0.9999999403953552, -1.4143375892672339e-07, 2.0844231585215311e-07, 8.956691033290554e-08, -0.5588766932487488, -0.8292507529258728, 1.7913382066581107e-07, 0.8292507529258728, -0.5588766932487488),
            ["LeftFoot"] = CFrame.new(-1.1920928955078125e-07, -2.384185791015625e-07, 2.1886080503463745e-08, 0.9784308671951294, -0.1614057570695877, 0.1289236694574356, 0.20644187927246094, 0.7863783836364746, -0.58222895860672, -0.007407619617879391, 0.5962861180305481, 0.8027379512786865),
            ["Head"] = CFrame.new(8.381903171539307e-09, 0, -8.381903171539307e-09, 0.9655375480651855, -0.046352457255125046, -0.25594815611839294, -0.007685415912419558, 0.978469729423523, -0.20651625096797943, 0.26015061140060425, 0.20111829042434692, 0.9443736672401428),
            ["LowerTorso"] = CFrame.new(0.06430765986442566, -0.3571356534957886, -0.13517069816589355, 0.9997580647468567, -0.02039407379925251, 0.008239509537816048, 0.02179168537259102, 0.9692615270614624, -0.24506567418575287, -0.0029883533716201782, 0.24518592655658722, 0.9694714546203613),
            ["UpperTorso"] = CFrame.new(-1.1597876437008381e-08, 5.960464477539063e-08, -5.107722245156765e-08, 0.9935787916183472, 0.07652276754379272, -0.0833396390080452, -0.0471007376909256, 0.9494785070419312, 0.31027752161026, 0.10287246853113174, -0.3043598234653473, 0.9469859600067139),
            ["HumanoidRootPart"] = CFrame.new(0, 0, 0, 1, 0, 0, 0, 1, 0, 0, 0, 1),
            ["RightUpperLeg"] = CFrame.new(5.960464477539063e-08, -1.862645149230957e-08, -5.710899131372571e-08, 0.8529569506645203, -0.3959505259990692, -0.3401288390159607, 0.3263467252254486, 0.9130731225013733, -0.24453121423721313, 0.4073847532272339, 0.09757459908723831, 0.9080291390419006),
            ["LeftUpperArm"] = CFrame.new(1.1920928955078125e-07, 0, -3.725290298461914e-08, 0.48039379715919495, 0.7127782106399536, 0.5110275149345398, -0.3060356676578522, 0.6823175549507141, -0.6638496518135071, -0.8219270706176758, 0.16244998574256897, 0.5460352301597595),
            ["RightLowerArm"] = CFrame.new(-0.000989377498626709, 0.000011801719665527344, 0.0000584721565246582, 1, -1.23753963521267e-07, 1.9351627145169914e-07, -4.012635557160138e-08, -0.5585685968399048, -0.8294581770896912, 1.6423811644017405e-07, 0.8294582366943359, -0.5585687160491943),
            ["LeftHand"] = CFrame.new(3.2782554626464844e-07, 2.384185791015625e-07, -1.341104507446289e-07, 0.6311538219451904, 0.3695541322231293, -0.6823607683181763, -0.5045092105865479, 0.8634872436523438, 0.00053419079631567, 0.5891649127006531, 0.34324848651885986, 0.7310154438018799),
            ["RightHand"] = CFrame.new(-7.450580596923828e-09, -5.960464477539062e-07, -1.9371509552001953e-07, 0.4906546175479889, -0.5046640634536743, 0.7103345394134521, 0.841523289680481, 0.4865912199020386, -0.23653720319271088, -0.22604571282863617, 0.7131221294403076, 0.662929117679596),
            ["RightUpperArm"] = CFrame.new(-1.7881393432617188e-07, -3.5762786865234375e-07, -3.3527612686157227e-08, 0.5392725467681885, -0.7490285634994507, -0.384971559047699, 0.5254775881767273, 0.6564943790435791, -0.5412270426750183, 0.658071756362915, 0.0892816111445427, 0.747576117515564),
            ["RightLowerLeg"] = CFrame.new(-1.4901161193847656e-08, -0.000060617923736572266, -0.00007204541907412931, 1, -1.1920928955078125e-07, -1.788139627478813e-07, 1.4901161193847656e-07, 0.36107495427131653, 0.9325367212295532, -1.043081283569336e-07, -0.9325368404388428, 0.36107516288757324),
            ["LeftUpperLeg"] = CFrame.new(-1.1920928955078125e-07, -1.3317912817001343e-07, -5.494803190231323e-08, 0.9611502885818481, 0.26913851499557495, 0.061274539679288864, -0.22614425420761108, 0.89509516954422, -0.384270042181015, -0.15826842188835144, 0.35548436641693115, 0.9211851358413696),
            ["LeftLowerLeg"] = CFrame.new(-1.4901161193847656e-08, 0.000060677528381347656, 0.00007206574082374573, 1, 8.568168397005138e-08, 1.0430814256778831e-07, -1.1920930376163597e-07, 0.24617642164230347, 0.9692250490188599, 8.940698137394065e-08, -0.9692251086235046, 0.24617640674114227),
        }},
        {Time = 0.167, Data = {
            ["RightFoot"] = CFrame.new(7.450580596923828e-08, 2.980232238769531e-07, -3.55576048605144e-08, 0.9744927287101746, 0.1914442926645279, -0.11710343509912491, -0.22413749992847443, 0.8041104078292847, -0.5506072044372559, -0.011246802285313606, 0.5628103613853455, 0.8265098333358765),
            ["LeftLowerArm"] = CFrame.new(0.0005381405353546143, -0.000019848346710205078, 0.0000771479681134224, 0.9999999403953552, -5.956007598229007e-08, 1.787399099839604e-07, 1.9393971228964801e-07, -0.32151851058006287, -0.9469032287597656, 1.0442907694141468e-07, 0.9469031691551208, -0.32151859998703003),
            ["LeftFoot"] = CFrame.new(2.0954757928848267e-08, -5.960464477539063e-08, -1.5832483768463135e-08, 0.9816141724586487, -0.16072875261306763, 0.1029568538069725, 0.1905631721019745, 0.8561122417449951, -0.48037227988243103, -0.010932926088571548, 0.491160124540329, 0.8710007667541504),
            ["Head"] = CFrame.new(1.5832483768463135e-08, 2.384185791015625e-07, -2.421438694000244e-08, 0.9898562431335449, -0.04635021090507507, -0.13420350849628448, 0.009097153320908546, 0.9639562964439392, -0.26608893275260925, 0.14178138971328735, 0.26199236512184143, 0.9545606970787048),
            ["LowerTorso"] = CFrame.new(0.0791396051645279, -0.25943636894226074, -0.11956289410591125, 0.9998620748519897, -0.015846094116568565, 0.004981271456927061, 0.016521064564585686, 0.9797961711883545, -0.19931526482105255, -0.0017222622409462929, 0.19937005639076233, 0.9799227714538574),
            ["UpperTorso"] = CFrame.new(2.6193447411060333e-10, -2.384185791015625e-07, -7.07223080098629e-09, 0.9949367046356201, 0.06731858104467392, -0.07462844252586365, -0.04323805496096611, 0.9570070505142212, 0.28682395815849304, 0.09072855114936829, -0.2821449637413025, 0.9550719857215881),
            ["HumanoidRootPart"] = CFrame.new(0, 0, 0, 1, 0, 0, 0, 1, 0, 0, 0, 1),
            ["RightUpperLeg"] = CFrame.new(0, 8.102506399154663e-08, 1.157604856416583e-08, 0.8869262933731079, -0.3239700496196747, -0.3292493522167206, 0.2605084478855133, 0.9394514560699463, -0.22263506054878235, 0.3814409077167511, 0.1116885393857956, 0.9176210761070251),
            ["LeftUpperArm"] = CFrame.new(0, 1.1920928955078125e-07, -4.470348358154297e-08, 0.4204467833042145, 0.8197712898254395, 0.38883471488952637, -0.3194911479949951, 0.5349056720733643, -0.7821320295333862, -0.8492054343223572, 0.20457491278648376, 0.48690563440322876),
            ["RightLowerArm"] = CFrame.new(-0.0006688833236694336, 0.000012576580047607422, 0.000058710575103759766, 1, -1.302746532871879e-08, 1.936190585638542e-07, 1.7532347840187867e-07, -0.3034549951553345, -0.9528458118438721, 7.460573669959558e-08, 0.9528458118438721, -0.30345502495765686),
            ["LeftHand"] = CFrame.new(-2.980232238769531e-07, 1.1920928955078125e-07, 1.4901161193847656e-08, 0.6703091859817505, 0.3677421808242798, -0.6447871327400208, -0.514219343662262, 0.8563794493675232, -0.04653166979551315, 0.5350364446640015, 0.3624636232852936, 0.7629445791244507),
            ["RightHand"] = CFrame.new(-1.6391277313232422e-07, 5.960464477539062e-07, 5.960464477539063e-08, 0.5052133202552795, -0.5892196297645569, 0.6305244565010071, 0.8409715294837952, 0.5004392266273499, -0.20687483251094818, -0.19371750950813293, 0.6343349814414978, 0.7480921149253845),
            ["RightUpperArm"] = CFrame.new(1.1920928955078125e-07, 1.1920928955078125e-07, -1.4901161193847656e-08, 0.4299107789993286, -0.8641525506973267, -0.26169857382774353, 0.5424470901489258, 0.47889065742492676, -0.6902168393135071, 0.7217532992362976, 0.15460915863513947, 0.6746217012405396),
            ["RightLowerLeg"] = CFrame.new(1.4901161193847656e-08, -0.000060439109802246094, -0.00007201561675174162, 1, -1.0430809993522416e-07, -8.940698847936801e-08, 1.341104365337742e-07, 0.5165778994560242, 0.8562399744987488, -7.450579886381092e-08, -0.8562402129173279, 0.516578197479248),
            ["LeftUpperLeg"] = CFrame.new(-1.1920928955078125e-07, -1.0477378964424133e-07, 2.561137080192566e-09, 0.9569244980812073, 0.2693364918231964, 0.10841304808855057, -0.21622052788734436, 0.9102973937988281, -0.3529977798461914, -0.19376330077648163, 0.3143511414527893, 0.9293219447135925),
            ["LeftLowerLeg"] = CFrame.new(-2.9802322387695312e-08, 0.00006073713302612305, 0.0000720396637916565, 1, 4.21423465013504e-08, 2.2351741790771484e-08, -8.195639367158947e-08, 0.42820844054222107, 0.9036800861358643, 3.725290653733282e-08, -0.9036800861358643, 0.4282084107398987),
        }},
        {Time = 0.200, Data = {
            ["RightFoot"] = CFrame.new(6.705522537231445e-08, 1.1920928955078125e-07, -3.55576048605144e-08, 0.9805396795272827, 0.16454659402370453, -0.10708127170801163, -0.19588766992092133, 0.8562436699867249, -0.47799018025398254, 0.013035984709858894, 0.4896644651889801, 0.8718135952949524),
            ["LeftLowerArm"] = CFrame.new(0.00025263428688049316, -0.000019729137420654297, 0.00007780897431075573, 0.9999999403953552, -9.681888712975706e-08, 1.3409176347067842e-07, 1.4909900869497505e-07, 0.08728635311126709, -0.9961833357810974, 7.454950434748753e-08, 0.9961832761764526, 0.0872863382101059),
            ["LeftFoot"] = CFrame.new(-6.542541086673737e-08, 1.1920928955078125e-07, -2.3283064365386963e-08, 0.9839988350868225, -0.1610424965620041, 0.07623496651649475, 0.1780112236738205, 0.90692138671875, -0.3818449378013611, -0.007645829115062952, 0.3893057107925415, 0.9210769534111023),
            ["Head"] = CFrame.new(1.8335413187742233e-09, 0, 6.193295121192932e-08, 0.9981209635734558, -0.035756681114435196, -0.04972916096448898, 0.01913468725979328, 0.9532616138458252, -0.30161052942276, 0.05820976570248604, 0.3000229001045227, 0.9521334767341614),
            ["LowerTorso"] = CFrame.new(0.09236729145050049, -0.18494021892547607, -0.10799667239189148, 0.9999478459358215, -0.00985769834369421, 0.002674130955711007, 0.010163462720811367, 0.9863010048866272, -0.16464221477508545, -0.0010145049309358, 0.16466081142425537, 0.9863497018814087),
            ["UpperTorso"] = CFrame.new(-5.493347998708487e-10, 2.086162567138672e-07, 6.300979293882847e-09, 0.9976769685745239, 0.05354161188006401, -0.04211807623505592, -0.0408831387758255, 0.9651468396186829, 0.258495956659317, 0.05449042096734047, -0.25617358088493347, 0.965093731880188),
            ["HumanoidRootPart"] = CFrame.new(0, 0, 0, 1, 0, 0, 0, 1, 0, 0, 0, 1),
            ["RightUpperLeg"] = CFrame.new(0, -1.0244548320770264e-08, 1.7163984011858702e-08, 0.9087295532226562, -0.27052003145217896, -0.3178512454032898, 0.21831490099430084, 0.957116961479187, -0.19043560326099396, 0.35573750734329224, 0.1036626473069191, 0.9288191199302673),
            ["LeftUpperArm"] = CFrame.new(5.960464477539063e-08, -4.76837158203125e-07, 1.862645149230957e-08, 0.34652572870254517, 0.9256288409233093, 0.15209591388702393, -0.3575991094112396, 0.2802615463733673, -0.8908089399337769, -0.8672040104866028, 0.25429272651672363, 0.42816615104675293),
            ["RightLowerArm"] = CFrame.new(-0.000344693660736084, 0.000012636184692382812, 0.00005830824375152588, 1, -2.2340781669072385e-08, 6.704495092435536e-08, 5.964587046491943e-08, 0.11553880572319031, -0.9933030009269714, 1.267474800670243e-07, 0.9933029413223267, 0.11553880572319031),
            ["LeftHand"] = CFrame.new(-5.960464477539063e-08, 2.384185791015625e-07, 8.195638656616211e-08, 0.7101026773452759, 0.43500685691833496, -0.553745448589325, -0.5346478223800659, 0.8446864485740662, -0.022202953696250916, 0.45815509557724, 0.31188756227493286, 0.8323900103569031),
            ["RightHand"] = CFrame.new(5.364418029785156e-07, 0, -2.6728957891464233e-07, 0.5103930830955505, -0.66716068983078, 0.5424990057945251, 0.8429903388023376, 0.5129850506782532, -0.16239385306835175, -0.16990087926387787, 0.5401324033737183, 0.8242106437683105),
            ["RightUpperArm"] = CFrame.new(-2.384185791015625e-07, 1.1920928955078125e-07, 2.9802322387695312e-08, 0.28515148162841797, -0.9545681476593018, -0.08667051047086716, 0.5528290271759033, 0.23764489591121674, -0.798675000667572, 0.7829871773719788, 0.17979037761688232, 0.5954883694648743),
            ["RightLowerLeg"] = CFrame.new(-2.9802322387695312e-08, -0.00006020069122314453, -0.00007219443068606779, 1, -9.313225746154785e-08, -3.725290298461914e-08, 8.940696716308594e-08, 0.6416637301445007, 0.7669857740402222, -3.725290298461914e-08, -0.7669861316680908, 0.6416640877723694),
            ["LeftUpperLeg"] = CFrame.new(0, -1.7508864402770996e-07, 6.356276571750641e-08, 0.9519822001457214, 0.26501911878585815, 0.1532803177833557, -0.2068309634923935, 0.9258618354797363, -0.31622937321662903, -0.2257232517004013, 0.2693416178226471, 0.9362180829048157),
            ["LeftLowerLeg"] = CFrame.new(-1.341104507446289e-07, 0.00006079673767089844, 0.00007202476263046265, 1, 1.005828522693264e-07, 6.705523247774181e-08, -3.725290298461914e-08, 0.5765283703804016, 0.8170772790908813, 8.940696716308594e-08, -0.8170772194862366, 0.5765282511711121),
        }},
        {Time = 0.233, Data = {
            ["RightFoot"] = CFrame.new(7.450580596923828e-09, 3.5762786865234375e-07, -6.908521754667163e-08, 0.9801660776138306, 0.150332972407341, -0.12912996113300323, -0.1907777488231659, 0.89216148853302, -0.40945279598236084, 0.05365057289600372, 0.42596712708473206, 0.9031466245651245),
            ["LeftLowerArm"] = CFrame.new(0.000018864870071411133, -0.000019609928131103516, 0.00007719360291957855, 1, -2.23502141238896e-08, 1.1175385949968586e-08, 9.314331350651628e-08, 0.4915590286254883, -0.8708442449569702, 1.0059478228185981e-07, 0.8708442449569702, 0.49155908823013306),
            ["LeftFoot"] = CFrame.new(-7.683411240577698e-08, 5.960464477539063e-08, -1.30385160446167e-08, 0.9856944680213928, -0.1613309681415558, 0.048774100840091705, 0.1685282588005066, 0.9396666288375854, -0.29769957065582275, 0.0021967056673020124, 0.30166059732437134, 0.9534128904342651),
            ["Head"] = CFrame.new(-2.0023435354232788e-08, 0, -1.618172973394394e-08, 0.9995485544204712, -0.021879401057958603, 0.02058965526521206, 0.02735733799636364, 0.9461545944213867, -0.3225681483745575, -0.01242249459028244, 0.3229750394821167, 0.9463223814964294),
            ["LowerTorso"] = CFrame.new(0.10320689529180527, -0.13876640796661377, -0.09615090489387512, 0.9999876618385315, -0.004820869769901037, 0.001204049214720726, 0.00493712117895484, 0.9913551807403564, -0.13111253082752228, -0.0005615639383904636, 0.1311168372631073, 0.9913668632507324),
            ["UpperTorso"] = CFrame.new(-1.3660610420629382e-09, -5.364418029785156e-07, 3.0464434530586004e-08, 0.9990792870521545, 0.041499052196741104, -0.010878951288759708, -0.03794214874505997, 0.9730613827705383, 0.22740305960178375, 0.02002289704978466, -0.22678092122077942, 0.9737399816513062),
            ["HumanoidRootPart"] = CFrame.new(0, 0, 0, 1, 0, 0, 0, 1, 0, 0, 0, 1),
            ["RightUpperLeg"] = CFrame.new(5.960464477539063e-08, -8.89413058757782e-08, 1.384614733979106e-08, 0.923945426940918, -0.2364310473203659, -0.3007079064846039, 0.18960025906562805, 0.9658109545707703, -0.176807701587677, 0.3322298526763916, 0.10634621977806091, 0.9371839761734009),
            ["LeftUpperArm"] = CFrame.new(-1.1920928955078125e-07, -1.1920928955078125e-07, -1.5832483768463135e-08, 0.2696537375450134, 0.9601007699966431, -0.07412015646696091, -0.4004686176776886, 0.04181020334362984, -0.9153529405593872, -0.8757349848747253, 0.2765112817287445, 0.3957718312740326),
            ["RightLowerArm"] = CFrame.new(-0.00006940960884094238, 0.000012516975402832031, 0.00005814060568809509, 1, -4.469980297017173e-08, 4.4701153001369676e-08, 1.0059698496434066e-07, 0.5159019231796265, -0.8566476702690125, 4.936703845714874e-08, 0.8566477298736572, 0.5159018635749817),
            ["LeftHand"] = CFrame.new(-2.9802322387695312e-08, -7.152557373046875e-07, -8.66129994392395e-08, 0.7662636041641235, 0.5058358907699585, -0.3962153494358063, -0.5063719749450684, 0.8549668788909912, 0.11217242479324341, 0.39550912380218506, 0.11472460627555847, 0.9112798571586609),
            ["RightHand"] = CFrame.new(2.384185791015625e-07, -5.960464477539062e-07, -1.6763806343078613e-07, 0.5431435704231262, -0.7131512761116028, 0.44315218925476074, 0.8305071592330933, 0.533967137336731, -0.15859366953372955, -0.12350320816040039, 0.4541963040828705, 0.8823062777519226),
            ["RightUpperArm"] = CFrame.new(1.1920928955078125e-07, -1.1920928955078125e-07, -1.0244548320770264e-08, 0.15789878368377686, -0.9836264252662659, 0.08687876164913177, 0.5629758238792419, 0.01738668978214264, -0.8262885212898254, 0.8112497925758362, 0.17937904596328735, 0.5565064549446106),
            ["RightLowerLeg"] = CFrame.new(-8.940696716308594e-08, -0.000060439109802246094, -0.00007206032023532316, 1, -7.450580596923828e-08, -8.195639367158947e-08, 1.0430814256778831e-07, 0.7158138155937195, 0.6982909440994263, -4.842878098543224e-08, -0.6982911825180054, 0.7158141136169434),
            ["LeftUpperLeg"] = CFrame.new(5.960464477539063e-08, -1.3795215636491776e-07, 2.4971086531877518e-08, 0.946123480796814, 0.2621091902256012, 0.19012948870658875, -0.19767455756664276, 0.932592511177063, -0.30198678374290466, -0.256466805934906, 0.24813297390937805, 0.9341599941253662),
            ["LeftLowerLeg"] = CFrame.new(3.725290298461914e-08, 0.00006079673767089844, 0.00007198750972747803, 1, 5.4016709327697754e-08, -1.862644971595273e-08, -5.21540641784668e-08, 0.6711517572402954, 0.7413201332092285, 0, -0.7413200736045837, 0.6711517572402954),
        }},
        {Time = 0.267, Data = {
            ["RightFoot"] = CFrame.new(1.0058283805847168e-07, 2.980232238769531e-07, 5.420588422566652e-09, 0.9781585931777954, 0.14320626854896545, -0.15065808594226837, -0.18840691447257996, 0.9169908165931702, -0.3516113758087158, 0.08779884874820709, 0.37231680750846863, 0.9239435195922852),
            ["LeftLowerArm"] = CFrame.new(-0.00010472536087036133, -0.000019609928131103516, 0.0000777021050453186, 1, -8.941317020116912e-08, 7.451088634979897e-09, 7.077143493461335e-08, 0.6982045769691467, -0.7158984541893005, -1.8624062292360577e-08, 0.715898334980011, 0.698204517364502),
            ["LeftFoot"] = CFrame.new(1.4202669262886047e-07, 5.960464477539063e-08, 7.450580596923828e-09, 0.9869312047958374, -0.16017593443393707, 0.01762094348669052, 0.15995466709136963, 0.96053147315979, -0.22758275270462036, 0.01952790468931198, 0.22742705047130585, 0.9735993146896362),
            ["Head"] = CFrame.new(-2.561137080192566e-09, -1.1920928955078125e-07, 3.3760443329811096e-09, 0.9950435757637024, -0.003017446957528591, 0.09939564019441605, 0.035690028220415115, 0.943767786026001, -0.3286660313606262, -0.09281417727470398, 0.3305952847003937, 0.9392014145851135),
            ["LowerTorso"] = CFrame.new(0.11199630051851273, -0.1111292839050293, -0.08459267020225525, 1, -0.0001360978203592822, 0.0003002243465743959, 0.0001656088570598513, 0.9949273467063904, -0.10059606283903122, -0.00028501052292995155, 0.1005961075425148, 0.9949272871017456),
            ["UpperTorso"] = CFrame.new(5.9371814131736755e-09, -1.7881393432617188e-07, -3.54266376234591e-08, 0.9995058178901672, 0.03026190586388111, 0.008506251499056816, -0.03134259954094887, 0.9800944328308105, 0.19604218006134033, -0.0024043195880949497, -0.19621190428733826, 0.9805586338043213),
            ["HumanoidRootPart"] = CFrame.new(0, 0, 0, 1, 0, 0, 0, 1, 0, 0, 0, 1),
            ["RightUpperLeg"] = CFrame.new(0, 7.134076440706849e-08, -5.646870704367757e-08, 0.9357835650444031, -0.21621346473693848, -0.2784978151321411, 0.16866013407707214, 0.9681711196899414, -0.184928759932518, 0.30961763858795166, 0.1260817050933838, 0.9424651265144348),
            ["LeftUpperArm"] = CFrame.new(0, -3.5762786865234375e-07, 4.656612873077393e-10, 0.21630357205867767, 0.9556872248649597, -0.19968660175800323, -0.43376579880714417, -0.08916552364826202, -0.8966060280799866, -0.8746771216392517, 0.2805556058883667, 0.39525043964385986),
            ["RightLowerArm"] = CFrame.new(0.00007075071334838867, 0.000012874603271484375, 0.00005807727575302124, 1, -4.4706780499836896e-08, -2.2353393802632127e-08, 2.979818702897319e-08, 0.707927405834198, -0.7062852382659912, -1.303670682517577e-08, 0.7062852382659912, 0.7079274654388428),
            ["LeftHand"] = CFrame.new(-1.1920928955078125e-07, -6.556510925292969e-07, 1.4901161193847656e-08, 0.8065909147262573, 0.5320966839790344, -0.2574245035648346, -0.4812065362930298, 0.8440084457397461, 0.23687918484210968, 0.34329479932785034, -0.06725230067968369, 0.9368142485618591),
            ["RightHand"] = CFrame.new(-4.917383193969727e-07, -5.960464477539062e-07, -1.862645149230957e-07, 0.6074609756469727, -0.7125130295753479, 0.35119011998176575, 0.7802811861038208, 0.6180596351623535, -0.09572730958461761, -0.14883680641651154, 0.33215585350990295, 0.9313977956771851),
