return {
    ["TaiChi"] = {
        {Time = 0.000, Data = {
            ["RightFoot"] = CFrame.new(2.9802322387695312e-08, 1.7881393432617188e-07, 4.267349140718579e-08, 0.6433634161949158, 0.7654977440834045, 0.009860079735517502, -0.7148258686065674, 0.6052870154380798, -0.35021552443504333, -0.2740577459335327, 0.21826770901679993, 0.9366172552108765),
            ["LeftLowerArm"] = CFrame.new(-7.748603820800781e-07, -1.1920928955078125e-07, 5.587935447692871e-07, 1, -8.940695295223122e-08, -1.3038517820973539e-08, 3.725289943190546e-08, 0.3390733599662781, -0.9407600164413452, 5.774199252073231e-08, 0.9407598972320557, 0.3390733599662781),
            ["RightUpperArm"] = CFrame.new(-1.7881393432617188e-07, -2.384185791015625e-07, -1.4901161193847656e-08, 0.731029748916626, 0.3162044286727905, 0.6046571135520935, 0.5797612071037292, 0.17945779860019684, -0.7947779297828674, -0.35982292890548706, 0.9315630197525024, -0.05213416367769241),
            ["Head"] = CFrame.new(-2.60770320892334e-08, 7.152557373046875e-07, 7.450580596923828e-09, 0.9959061145782471, 0.08003639429807663, 0.04201595112681389, -0.07295437902212143, 0.9861111640930176, -0.1492064893245697, -0.053374432027339935, 0.14553037285804749, 0.9879130125045776),
            ["RightHand"] = CFrame.new(2.5331974029541016e-07, -1.1920928955078125e-07, 0, 0.1928480863571167, -0.6197875738143921, 0.7607055306434631, 0.9283235669136047, 0.3663690388202667, 0.06315933167934418, -0.31784436106681824, 0.694000780582428, 0.6460170149803162),
            ["UpperTorso"] = CFrame.new(4.470348358154297e-08, -2.384185791015625e-07, 1.0803341865539551e-07, 0.9028457403182983, -0.00720354076474905, 0.4299042224884033, 0.033729344606399536, 0.9979649782180786, -0.05411321669816971, -0.4286395013332367, 0.06335622072219849, 0.9012515544891357),
            ["HumanoidRootPart"] = CFrame.new(0, 0, 0, 1, 0, 0, 0, 1, 0, 0, 0, 1),
            ["RightUpperLeg"] = CFrame.new(1.7881393432617188e-07, -2.8312206268310547e-07, 3.55576048605144e-08, 0.5835597515106201, -0.7805029153823853, -0.22421704232692719, 0.6122443079948425, 0.6042495369911194, -0.5099405646324158, 0.5334931015968323, 0.16030505299568176, 0.8304741978645325),
            ["LeftUpperArm"] = CFrame.new(3.5762786865234375e-07, -2.384185791015625e-07, 0, 0.3338043689727783, 0.4203092157840729, -0.8437504768371582, -0.9136549234390259, 0.36452776193618774, -0.17987269163131714, 0.23196837306022644, 0.830938994884491, 0.5056985020637512),
            ["RightLowerArm"] = CFrame.new(1.1920928955078125e-07, 5.960464477539062e-07, 4.284083843231201e-07, 1, 0, -6.332994928470725e-08, 0, 0.9755409955978394, -0.21981781721115112, -7.4505797087454084e-09, 0.21981774270534515, 0.9755409359931946),
            ["LeftHand"] = CFrame.new(-5.662441253662109e-07, 0, -2.2351741790771484e-07, -0.24659374356269836, -0.20899730920791626, 0.946314811706543, 0.8095420598983765, 0.4923776686191559, 0.3196965754032135, -0.5327599048614502, 0.8449168801307678, 0.04777493327856064),
            ["LeftFoot"] = CFrame.new(1.4202669262886047e-08, 5.960464477539063e-08, 6.146728992462158e-08, 0.9999724626541138, -0.0052828057669103146, -0.005225513596087694, 0.004718991927802563, 0.9947190880775452, -0.10252709686756134, 0.005739499814808369, 0.10249920189380646, 0.9947165250778198),
            ["LowerTorso"] = CFrame.new(0.2968476116657257, -0.9163743257522583, -0.606037437915802, 0.9280273914337158, -0.2414667308330536, 0.2836529612541199, 0.1433098316192627, 0.9342822432518005, 0.32646444439888, -0.34384220838546753, -0.2623176872730255, 0.9016440510749817),
            ["RightLowerLeg"] = CFrame.new(-2.5331974029541016e-07, -0.0000036954879760742188, -0.000013200733519624919, 1, 1.564622067462551e-07, 1.415610881849716e-07, -1.1548401346317405e-07, 0.7101086974143982, 0.7040915489196777, 1.4156104555240745e-07, -0.7040920257568359, 0.710109293460846),
            ["LeftUpperLeg"] = CFrame.new(-5.960464477539063e-08, -2.421438694000244e-07, 4.842877388000488e-08, 0.8033755421638489, 0.5344896912574768, -0.2625046670436859, 0.07169462740421295, -0.5244470834732056, -0.848419189453125, -0.5911410450935364, 0.6627790927886963, -0.4596479535102844),
            ["LeftLowerLeg"] = CFrame.new(8.940696716308594e-08, 0.000004112720489501953, 0.000013269484043121338, 1, -3.0640515547020186e-07, -3.57744369239299e-07, 1.6228297283760185e-07, -0.28722870349884033, 0.9578620791435242, -4.861504407926986e-07, -0.9578620195388794, -0.28722891211509705),
        }},
        {Time = 0.033, Data = {
            ["RightFoot"] = CFrame.new(1.4901161193847656e-08, 1.1920928955078125e-07, 7.24758137948811e-08, 0.6513448357582092, 0.7586610913276672, 0.013547939248383045, -0.6981461644172668, 0.6061928272247314, -0.38094863295555115, -0.2972235083580017, 0.23867078125476837, 0.9244969487190247),
            ["LeftLowerArm"] = CFrame.new(-5.662441253662109e-07, 4.76837158203125e-07, 4.6193599700927734e-07, 1, -7.82310962677002e-08, 8.754434333013705e-08, 1.0244551873483942e-07, 0.2866678237915039, -0.9580300450325012, 7.450583439094771e-08, 0.9580300450325012, 0.2866678535938263),
            ["RightUpperArm"] = CFrame.new(-2.980232238769531e-07, 2.384185791015625e-07, -1.7881393432617188e-07, 0.7209687232971191, 0.19250138103961945, 0.6656931638717651, 0.6337736248970032, 0.20531871914863586, -0.7457717061042786, -0.2802412807941437, 0.9595767855644226, 0.026026064530014992),
            ["Head"] = CFrame.new(-8.940696716308594e-08, -2.384185791015625e-07, -7.450580596923828e-08, 0.9957625865936279, 0.08592464029788971, 0.032769691199064255, -0.07983098924160004, 0.984559178352356, -0.15578946471214294, -0.045649852603673935, 0.15251323580741882, 0.9872466325759888),
            ["RightHand"] = CFrame.new(2.5331974029541016e-07, -1.1920928955078125e-07, 1.341104507446289e-07, 0.24998249113559723, -0.6078137159347534, 0.7537050843238831, 0.9163913130760193, 0.39985528588294983, 0.018516143783926964, -0.312627375125885, 0.6860600709915161, 0.656951904296875),
            ["UpperTorso"] = CFrame.new(4.470348358154297e-08, -2.980232238769531e-07, -2.2351741790771484e-08, 0.9059426188468933, -0.014911487698554993, 0.4231380224227905, 0.03242725878953934, 0.9988879561424255, -0.03422608971595764, -0.4221569299697876, 0.04472806304693222, 0.9054186344146729),
            ["HumanoidRootPart"] = CFrame.new(0, 0, 0, 1, 0, 0, 0, 1, 0, 0, 0, 1),
            ["RightUpperLeg"] = CFrame.new(1.7881393432617188e-07, -3.129243850708008e-07, -4.639878170564771e-08, 0.5886680483818054, -0.7829187512397766, -0.20126697421073914, 0.5996917486190796, 0.5899065732955933, -0.5407216548919678, 0.5420697927474976, 0.19760717451572418, 0.816769003868103),
            ["LeftUpperArm"] = CFrame.new(3.5762786865234375e-07, 7.152557373046875e-07, 2.9802322387695312e-08, 0.3554894030094147, 0.43882083892822266, -0.8252658247947693, -0.8876855969429016, 0.434952050447464, -0.15109919011592865, 0.292645663022995, 0.78629070520401, 0.5441557168960571),
            ["RightLowerArm"] = CFrame.new(9.5367431640625e-07, 0.0000011920928955078125, 6.407499313354492e-07, 1, -2.980232594040899e-08, -2.980232949312267e-08, 9.685752644372769e-08, 0.9273806214332581, -0.37411949038505554, 2.9802315282267955e-08, 0.37411949038505554, 0.9273805618286133),
            ["LeftHand"] = CFrame.new(-8.046627044677734e-07, 0, -2.980232238769531e-07, -0.17951072752475739, -0.20684856176376343, 0.961763858795166, 0.8032451272010803, 0.533608078956604, 0.26468783617019653, -0.5679552555084229, 0.8200464248657227, 0.07036168873310089),
            ["LeftFoot"] = CFrame.new(-1.4435499906539917e-08, -5.960464477539063e-08, 2.2351741790771484e-08, 0.9998750686645508, -0.011132925748825073, -0.01122913509607315, 0.010395625606179237, 0.9979135394096375, -0.0637238621711731, 0.01191521156579256, 0.06359900534152985, 0.9979044795036316),
            ["LowerTorso"] = CFrame.new(0.32924365997314453, -0.9197144508361816, -0.5961689352989197, 0.9259141087532043, -0.2464001476764679, 0.2863040864467621, 0.14705348014831543, 0.9332895874977112, 0.3276369273662567, -0.347934365272522, -0.26126164197921753, 0.90038001537323),
            ["RightLowerLeg"] = CFrame.new(-8.940696716308594e-08, -0.0000035762786865234375, -0.000013305041647981852, 1, 1.937150670983101e-07, 7.450579886381092e-08, -1.2293456563838845e-07, 0.652827799320221, 0.7575060725212097, 1.2665985593685036e-07, -0.7575063109397888, 0.6528280973434448),
            ["LeftUpperLeg"] = CFrame.new(0, -3.46451997756958e-07, -3.725290298461914e-09, 0.801143229007721, 0.5309998989105225, -0.27605903148651123, 0.06477674096822739, -0.5354996919631958, -0.8420474529266357, -0.5949566960334778, 0.6567186117172241, -0.4634086787700653),
            ["LeftLowerLeg"] = CFrame.new(-1.2665987014770508e-07, 0.0000040531158447265625, 0.000013433396816253662, 1, -1.806766505296764e-07, -1.3923279595928761e-07, 4.889443516731262e-09, -0.25900888442993164, 0.9658750295639038, -1.2665987014770508e-07, -0.965874969959259, -0.2590089440345764),
        }},
        {Time = 0.067, Data = {
            ["RightFoot"] = CFrame.new(5.960464477539063e-08, 2.384185791015625e-07, -1.6931153368204832e-08, 0.6609761118888855, 0.7499047517776489, 0.02746039628982544, -0.680651068687439, 0.6145389676094055, -0.39881691336631775, -0.3159503936767578, 0.24491789937019348, 0.9166193008422852),
            ["LeftLowerArm"] = CFrame.new(1.4901161193847656e-07, -8.344650268554688e-07, 4.805624485015869e-07, 1, -6.257323548197746e-08, 8.56816981809061e-08, 1.331791850134323e-07, 0.2321774661540985, -0.9726734757423401, 4.8428795196286956e-08, 0.9726735353469849, 0.2321774810552597),
            ["RightUpperArm"] = CFrame.new(-5.960464477539063e-08, 1.1920928955078125e-07, -8.940696716308594e-08, 0.7012017369270325, 0.04608288034796715, 0.7114720940589905, 0.6849833130836487, 0.2332717627286911, -0.6902045607566833, -0.19777297973632812, 0.9713190197944641, 0.13200455904006958),
            ["Head"] = CFrame.new(-8.195638656616211e-08, 4.76837158203125e-07, 1.1175870895385742e-07, 0.9943082928657532, 0.10517702996730804, 0.016998732462525368, -0.10068760812282562, 0.979795515537262, -0.1728084683418274, -0.03483067452907562, 0.17011331021785736, 0.9848088026046753),
            ["RightHand"] = CFrame.new(-4.023313522338867e-07, 1.1920928955078125e-07, -4.470348358154297e-08, 0.3183956444263458, -0.5933565497398376, 0.7392916679382324, 0.8980461955070496, 0.4385218620300293, -0.03480933606624603, -0.3035411834716797, 0.6750012040138245, 0.6724851131439209),
            ["UpperTorso"] = CFrame.new(4.470348358154297e-08, -2.9802322387695312e-08, -6.332993507385254e-08, 0.9128022789955139, -0.02783539518713951, 0.40745216608047485, 0.032942451536655426, 0.9994421005249023, -0.005522279534488916, -0.4070711135864258, 0.018463270738720894, 0.913209855556488),
            ["HumanoidRootPart"] = CFrame.new(0, 0, 0, 1, 0, 0, 0, 1, 0, 0, 0, 1),
            ["RightUpperLeg"] = CFrame.new(1.7881393432617188e-07, -3.725290298461914e-07, -1.3953103916719556e-07, 0.5891153812408447, -0.7838152647018433, -0.19641003012657166, 0.5778115391731262, 0.5785417556762695, -0.5756940245628357, 0.5648689270019531, 0.225661963224411, 0.7937250733375549),
            ["LeftUpperArm"] = CFrame.new(3.5762786865234375e-07, -3.5762786865234375e-07, -2.9802322387695312e-08, 0.3809962868690491, 0.4602774381637573, -0.8018644452095032, -0.8556285500526428, 0.5041583180427551, -0.11715029180049896, 0.3503449857234955, 0.7307319045066833, 0.5859088897705078),
            ["RightLowerArm"] = CFrame.new(6.556510925292969e-07, 6.556510925292969e-07, -4.470348358154297e-08, 1, -2.980232949312267e-08, -7.450582373280668e-09, 5.960465188081798e-08, 0.8294113278388977, -0.5586383938789368, -1.4901162970204496e-08, 0.5586383938789368, 0.8294113874435425),
            ["LeftHand"] = CFrame.new(-2.384185791015625e-07, -1.7881393432617188e-07, -1.7881393432617188e-07, -0.0030613031703978777, -0.19504374265670776, 0.9807897806167603, 0.76102614402771, 0.635803759098053, 0.12881380319595337, -0.6487141847610474, 0.7468008995056152, 0.14648687839508057),
            ["LeftFoot"] = CFrame.new(6.263144314289093e-08, -5.960464477539063e-08, -1.2503733159974217e-07, 0.9999178051948547, -0.008662943728268147, -0.009456528350710869, 0.008569353260099888, 0.999914288520813, -0.009898868389427662, 0.009541251696646214, 0.009816868230700493, 0.9999063014984131),
            ["LowerTorso"] = CFrame.new(0.3636702597141266, -0.9235520362854004, -0.5732901692390442, 0.9193580746650696, -0.2592397630214691, 0.29593172669410706, 0.1568932831287384, 0.9313851594924927, 0.32849106192588806, -0.3607843220233917, -0.2555712163448334, 0.896949291229248),
            ["RightLowerLeg"] = CFrame.new(-5.960464477539063e-08, -0.0000036954879760742188, -0.000013245437003206462, 1, -3.799797525516624e-07, -6.70552680048786e-08, 2.756715389296005e-07, 0.5988180041313171, 0.8008849620819092, -7.4505820180093e-08, -0.8008852601051331, 0.5988183617591858),
            ["LeftUpperLeg"] = CFrame.new(-5.960464477539063e-08, -2.775341272354126e-07, -5.4016709327697754e-08, 0.8094481825828552, 0.5120049715042114, -0.2874796986579895, 0.05458972603082657, -0.5530809760093689, -0.8313370943069458, -0.5846483707427979, 0.6572308540344238, -0.47564080357551575),
            ["LeftLowerLeg"] = CFrame.new(-1.6205012798309326e-07, 0.0000040531158447265625, 0.000013232231140136719, 1, 1.0989604959377175e-07, 1.5251202967192512e-07, -6.891787762697277e-08, -0.219051331281662, 0.9757133722305298, -2.7939680791178034e-08, -0.975713312625885, -0.21905149519443512),
        }},
        {Time = 0.100, Data = {
            ["RightFoot"] = CFrame.new(-1.1175870895385742e-07, 5.364418029785156e-07, 1.246298779733479e-07, 0.6718517541885376, 0.7391864061355591, 0.0471036396920681, -0.66255784034729, 0.6281967163085938, -0.4079044461250305, -0.33110782504081726, 0.24284254014492035, 0.9118087887763977),
            ["LeftLowerArm"] = CFrame.new(-8.046627044677734e-07, -1.1920928955078125e-07, 4.6193599700927734e-07, 1, -1.0803343286625022e-07, 1.8253925304634322e-07, 1.4295801520347595e-07, 0.18069322407245636, -0.9835395812988281, 8.940696716308594e-08, 0.9835395812988281, 0.18069322407245636),
            ["RightUpperArm"] = CFrame.new(-3.5762786865234375e-07, 4.76837158203125e-07, 2.086162567138672e-07, 0.6976730823516846, -0.23583251237869263, 0.6764875054359436, 0.7118076086044312, 0.33511894941329956, -0.6172724366188049, -0.08113080263137817, 0.9121832847595215, 0.4016708433628082),
            ["Head"] = CFrame.new(-5.960464477539063e-08, 4.76837158203125e-07, 2.086162567138672e-07, 0.9909880757331848, 0.1339147686958313, -0.0030968873761594296, -0.13191695511341095, 0.9716690182685852, -0.19610553979873657, -0.02325218915939331, 0.19474679231643677, 0.9805779457092285),
            ["RightHand"] = CFrame.new(-2.123415470123291e-07, 5.960464477539063e-08, -6.705522537231445e-08, 0.4486832022666931, -0.5563347339630127, 0.6994104981422424, 0.8344907164573669, 0.5409095287322998, -0.10508175194263458, -0.3198571801185608, 0.6308000087738037, 0.7069531679153442),
            ["UpperTorso"] = CFrame.new(7.450580596923828e-08, 5.960464477539063e-08, -3.632158041000366e-08, 0.9219176769256592, -0.04315345361828804, 0.3849745988845825, 0.03453168645501137, 0.9989744424819946, 0.029284697026014328, -0.38584357500076294, -0.013704268261790276, 0.9224624633789062),
            ["HumanoidRootPart"] = CFrame.new(0, 0, 0, 1, 0, 0, 0, 1, 0, 0, 0, 1),
            ["RightUpperLeg"] = CFrame.new(5.960464477539063e-08, -3.5762786865234375e-07, -2.242813934572041e-07, 0.5848560333251953, -0.7850514054298401, -0.20405343174934387, 0.550377368927002, 0.5688710808753967, -0.6111220121383667, 0.5958424806594849, 0.24511227011680603, 0.7647823691368103),
            ["LeftUpperArm"] = CFrame.new(1.1920928955078125e-07, 2.384185791015625e-07, 8.940696716308594e-08, 0.4086795449256897, 0.47657114267349243, -0.77837073802948, -0.8184901475906372, 0.5687041282653809, -0.08154498040676117, 0.4038005769252777, 0.6704145073890686, 0.6224865317344666),
            ["RightLowerArm"] = CFrame.new(0.0000012516975402832031, 0.0000011920928955078125, -4.470348358154297e-08, 1, -6.705524668859653e-08, 1.8626460374093767e-08, 8.195640788244418e-08, 0.5714923143386841, -0.8206074833869934, 5.5879368687783426e-08, 0.8206074237823486, 0.5714924335479736),
            ["LeftHand"] = CFrame.new(-8.493661880493164e-07, -1.1920928955078125e-07, 3.129243850708008e-07, 0.23740047216415405, -0.16337649524211884, 0.9575746655464172, 0.6473309993743896, 0.7615968585014343, -0.03054550662636757, -0.7242953181266785, 0.6271191835403442, 0.28656214475631714),
            ["LeftFoot"] = CFrame.new(6.100162863731384e-08, -5.960464477539063e-08, -8.009374141693115e-08, 0.999992311000824, -0.0024193560238927603, -0.00310136447660625, 0.0025805265177041292, 0.9985942840576172, 0.05294254049658775, 0.0029691404197365046, -0.05295008048415184, 0.9985928535461426),
            ["LowerTorso"] = CFrame.new(0.3995542824268341, -0.9278206825256348, -0.5428707003593445, 0.9094856381416321, -0.2764410972595215, 0.3105095326900482, 0.17023691534996033, 0.9290415048599243, 0.32848334312438965, -0.37928253412246704, -0.24589072167873383, 0.8920103907585144),
            ["RightLowerLeg"] = CFrame.new(4.470348358154297e-08, -0.0000035762786865234375, -0.000013185832358431071, 1, -5.58793601612706e-07, -4.172327123797004e-07, 7.152556236178498e-07, 0.5476694703102112, 0.8366947770118713, -3.9488071479354403e-07, -0.8366948366165161, 0.547669529914856),
            ["LeftUpperLeg"] = CFrame.new(-5.960464477539063e-08, -1.387670636177063e-07, -1.126900315284729e-07, 0.8237024545669556, 0.4835711419582367, -0.29609599709510803, 0.04039708897471428, -0.5709155797958374, -0.8200144171714783, -0.5655814409255981, 0.6634864807128906, -0.4897996187210083),
            ["LeftLowerLeg"] = CFrame.new(-6.05359673500061e-08, 0.0000040531158447265625, 0.000013329088687896729, 1, 2.7380889378036954e-07, 2.9761559972030227e-07, -2.9290100655998685e-07, -0.1687847077846527, 0.9856529831886292, 3.846363085813209e-07, -0.9856529831886292, -0.16878487169742584),
        }},
        {Time = 0.133, Data = {
            ["RightFoot"] = CFrame.new(-5.21540641784668e-08, 4.172325134277344e-07, -1.3205863069742918e-08, 0.6834557056427002, 0.7268023490905762, 0.06817162781953812, -0.6441842913627625, 0.6444107890129089, -0.41201940178871155, -0.3433874547481537, 0.2376825511455536, 0.9086212515830994),
            ["LeftLowerArm"] = CFrame.new(4.172325134277344e-07, -1.1920928955078125e-07, 3.5762786865234375e-07, 1, -9.313222193441106e-08, 5.2154071283894154e-08, 9.499490261077881e-08, 0.1374082863330841, -0.9905145764350891, 7.450580596923828e-08, 0.9905145168304443, 0.1374083012342453),
            ["RightUpperArm"] = CFrame.new(0, 1.1920928955078125e-07, 0, 0.6705833077430725, -0.34574711322784424, 0.6563361883163452, 0.7394227981567383, 0.3828042447566986, -0.55381840467453, -0.05976732075214386, 0.8566912412643433, 0.5123553276062012),
            ["Head"] = CFrame.new(0, 1.1920928955078125e-07, 2.2351741790771484e-07, 0.9854960441589355, 0.1677365005016327, -0.025731155648827553, -0.16924120485782623, 0.9603491425514221, -0.22155603766441345, -0.012452065013349056, 0.22269737720489502, 0.9748081564903259),
            ["RightHand"] = CFrame.new(1.6763806343078613e-07, -1.7881393432617188e-07, -1.862645149230957e-07, 0.5004919767379761, -0.5399202704429626, 0.6767525672912598, 0.8170158863067627, 0.5531131625175476, -0.1629442572593689, -0.28634393215179443, 0.6344698071479797, 0.7179521918296814),
            ["UpperTorso"] = CFrame.new(0, -2.9802322387695312e-08, 4.842877388000488e-08, 0.9317836761474609, -0.058553434908390045, 0.35826101899147034, 0.03662531450390816, 0.9970335364341736, 0.06769616156816483, -0.361162006855011, -0.04995670169591904, 0.931164026260376),
            ["HumanoidRootPart"] = CFrame.new(0, 0, 0, 1, 0, 0, 0, 1, 0, 0, 0, 1),
            ["RightUpperLeg"] = CFrame.new(1.1920928955078125e-07, 1.4901161193847656e-08, -9.482755558565259e-08, 0.5762983560562134, -0.7874156832695007, -0.21876156330108643, 0.5217728614807129, 0.5605395436286926, -0.6430777907371521, 0.6289939284324646, 0.25646042823791504, 0.7338898777961731),
            ["LeftUpperArm"] = CFrame.new(1.1920928955078125e-07, 1.1920928955078125e-07, -4.470348358154297e-08, 0.44002407789230347, 0.48645174503326416, -0.7548137307167053, -0.7775768637657166, 0.626851499080658, -0.04930945485830307, 0.4491693675518036, 0.6086229681968689, 0.6540833115577698),
            ["RightLowerArm"] = CFrame.new(5.364418029785156e-07, 6.556510925292969e-07, 1.4156103134155273e-07, 1, -8.195640788244418e-08, 2.6077035641947077e-08, 1.4528629321830522e-07, 0.4598633646965027, -0.8879897594451904, 4.097818262494002e-08, 0.8879896998405457, 0.4598633646965027),
            ["LeftHand"] = CFrame.new(-5.662441253662109e-07, 5.960464477539063e-08, -2.2351741790771484e-07, 0.4859083294868469, -0.1086723729968071, 0.8672274351119995, 0.46525606513023376, 0.8721330165863037, -0.15139631927013397, -0.739885151386261, 0.4770476520061493, 0.47433727979660034),
            ["LeftFoot"] = CFrame.new(1.6065314412117004e-08, -5.960464477539063e-08, -6.705522537231445e-08, 0.9999827742576599, 0.0038514724001288414, 0.004449403379112482, -0.0043529001995921135, 0.9929003715515137, 0.1188695877790451, -0.0039600501768291, -0.1188867911696434, 0.9928999543190002),
            ["LowerTorso"] = CFrame.new(0.4363226592540741, -0.9324545860290527, -0.5103785991668701, 0.8975726962089539, -0.2943729758262634, 0.32818877696990967, 0.18456099927425385, 0.926942765712738, 0.3266717493534088, -0.40037551522254944, -0.23264077305793762, 0.8863282799720764),
            ["RightLowerLeg"] = CFrame.new(2.8312206268310547e-07, -0.0000036954879760742188, -0.000013245437003206462, 1, -4.768369876728684e-07, -1.9371513815258368e-07, 5.289911086947541e-07, 0.4990515112876892, 0.866571843624115, -2.9802316703353426e-07, -0.866572380065918, 0.4990522861480713),
            ["LeftUpperLeg"] = CFrame.new(0, 8.614733815193176e-08, -8.288770914077759e-08, 0.8394094109535217, 0.45185765624046326, -0.30202049016952515, 0.02227073535323143, -0.5838258266448975, -0.8115733861923218, -0.5430432558059692, 0.6745162606239319, -0.5001322031021118),
            ["LeftLowerLeg"] = CFrame.new(9.988434612751007e-08, 0.000003933906555175781, 0.000013217329978942871, 1, 4.827744533031364e-07, 5.773325710833888e-07, -3.701715627357771e-07, -0.11071242392063141, 0.9938524961471558, 6.371409995153954e-07, -0.9938525557518005, -0.110712431371212),
        }},
        {Time = 0.167, Data = {
            ["RightFoot"] = CFrame.new(8.940696716308594e-08, 1.7881393432617188e-07, 8.737697498872876e-08, 0.6950341463088989, 0.7137248516082764, 0.08674899488687515, -0.6259289979934692, 0.6600292921066284, -0.41541925072669983, -0.35375216603279114, 0.2344314455986023, 0.9054841995239258),
            ["LeftLowerArm"] = CFrame.new(-3.8743019104003906e-07, -5.960464477539062e-07, 5.811452865600586e-07, 1, -1.0058282384761696e-07, 1.043080928297968e-07, 1.266598843585598e-07, 0.10762996971607208, -0.99419105052948, 8.940698137394065e-08, 0.9941911101341248, 0.10762990266084671),
            ["RightUpperArm"] = CFrame.new(-2.384185791015625e-07, 1.1920928955078125e-07, 0, 0.6546357870101929, -0.4286437928676605, 0.6226688623428345, 0.7528278231620789, 0.4443874657154083, -0.485561728477478, -0.06857336312532425, 0.7866284847259521, 0.613606870174408),
            ["Head"] = CFrame.new(-1.341104507446289e-07, 3.5762786865234375e-07, 2.9802322387695312e-08, 0.9780347347259521, 0.20225875079631805, -0.05039474740624428, -0.20843251049518585, 0.9466193914413452, -0.24590182304382324, -0.002031110692769289, 0.2510044276714325, 0.9679838418960571),
            ["RightHand"] = CFrame.new(-1.4901161193847656e-08, -5.960464477539063e-08, 3.608874976634979e-07, 0.5520076155662537, -0.5259628891944885, 0.6470322608947754, 0.7932140231132507, 0.5704812407493591, -0.21298514306545258, -0.2570975124835968, 0.6308044791221619, 0.7321110367774963),
            ["UpperTorso"] = CFrame.new(1.341104507446289e-07, 5.960464477539063e-08, -9.685754776000977e-08, 0.9410052299499512, -0.0722123309969902, 0.33059725165367126, 0.038655370473861694, 0.99350905418396, 0.10698427259922028, -0.33617693185806274, -0.08789341896772385, 0.9376885890960693),
            ["HumanoidRootPart"] = CFrame.new(0, 0, 0, 1, 0, 0, 0, 1, 0, 0, 0, 1),
            ["RightUpperLeg"] = CFrame.new(3.5762786865234375e-07, -3.129243850708008e-07, -7.620110409334302e-08, 0.5647813677787781, -0.7910366058349609, -0.23512279987335205, 0.4968295097351074, 0.5534235239028931, -0.6684929728507996, 0.6589252352714539, 0.26073673367500305, 0.7055737972259521),
            ["LeftUpperArm"] = CFrame.new(1.1920928955078125e-07, -3.5762786865234375e-07, 4.470348358154297e-08, 0.4776667654514313, 0.49083685874938965, -0.728638231754303, -0.7344591617584229, 0.6782063841819763, -0.024618521332740784, 0.48208338022232056, 0.5469144582748413, 0.6844561696052551),
            ["RightLowerArm"] = CFrame.new(9.5367431640625e-07, 7.152557373046875e-07, 1.4901161193847656e-08, 1, -6.705523958316917e-08, 5.5879368687783426e-08, 1.0593794286251068e-07, 0.353055864572525, -0.9356023073196411, 5.960464477539063e-08, 0.9356022477149963, 0.353055864572525),
            ["LeftHand"] = CFrame.new(-8.493661880493164e-07, 0, -4.470348358154297e-08, 0.6934352517127991, -0.040264956653118134, 0.7193930149078369, 0.265624463558197, 0.9423988461494446, -0.20329321920871735, -0.6697694659233093, 0.33205899596214294, 0.6641879081726074),
            ["LeftFoot"] = CFrame.new(-1.6938429325819016e-08, 0, 3.725290298461914e-08, 0.9999231100082397, 0.007575790397822857, 0.009825816377997398, -0.009238854050636292, 0.9832165837287903, 0.18220795691013336, -0.00828084908425808, -0.18228492140769958, 0.9832109808921814),
            ["LowerTorso"] = CFrame.new(0.47340235114097595, -0.9373881816864014, -0.48128288984298706, 0.8851778507232666, -0.30953073501586914, 0.347348690032959, 0.19747696816921234, 0.9259528517723083, 0.32189175486564636, -0.4212639331817627, -0.21633809804916382, 0.8807579874992371),
            ["RightLowerLeg"] = CFrame.new(-1.9371509552001953e-07, -0.0000036954879760742188, -0.000013215634680818766, 1, -5.513429073289444e-07, -1.937151665742931e-07, 4.544854164123535e-07, 0.4518462121486664, 0.8920958638191223, -2.5331974029541016e-07, -0.8920958638191223, 0.45184627175331116),
            ["LeftUpperLeg"] = CFrame.new(1.1920928955078125e-07, -2.1141022443771362e-07, -8.009374141693115e-08, 0.8528765439987183, 0.42292124032974243, -0.3061681389808655, 0.001598832430317998, -0.5885165929794312, -0.8084836006164551, -0.5221102833747864, 0.6890471577644348, -0.5026085376739502),
            ["LeftLowerLeg"] = CFrame.new(1.210719347000122e-08, 0.0000040531158447265625, 0.000013180077075958252, 1, 5.658951636178244e-07, 7.895285989434342e-07, -5.41505983164825e-07, -0.049060579389333725, 0.9987958669662476, 6.932534120096534e-07, -0.9987958669662476, -0.04906093329191208),
        }},
        {Time = 0.200, Data = {
            ["RightFoot"] = CFrame.new(-1.043081283569336e-07, 3.5762786865234375e-07, -1.435910235159099e-07, 0.7056543827056885, 0.7015399932861328, 0.09947005659341812, -0.6083381772041321, 0.6718232035636902, -0.42258399724960327, -0.36328601837158203, 0.23768746852874756, 0.9008487462997437),
            ["LeftLowerArm"] = CFrame.new(-8.046627044677734e-07, -2.980232238769531e-07, 5.066394805908203e-07, 1, -8.940698137394065e-08, 9.313227167240257e-08, 7.078052988163108e-08, 0.0965576171875, -0.9953274130821228, 8.195640788244418e-08, 0.9953274726867676, 0.09655757248401642),
            ["RightUpperArm"] = CFrame.new(0, -1.1920928955078125e-07, -5.960464477539063e-08, 0.650693953037262, -0.4818950295448303, 0.5868343710899353, 0.7526992559432983, 0.511319100856781, -0.414724737405777, -0.1002059280872345, 0.7115686535835266, 0.6954342126846313),
            ["Head"] = CFrame.new(1.043081283569336e-07, 3.5762786865234375e-07, -2.9802322387695312e-08, 0.9695188999176025, 0.23276616632938385, -0.07650631666183472, -0.2448342889547348, 0.9324122667312622, -0.26582613587379456, 0.009460104629397392, 0.2764548659324646, 0.9609803557395935),
            ["RightHand"] = CFrame.new(-2.0838342607021332e-07, -1.1920928955078125e-07, -3.2782554626464844e-07, 0.6003061532974243, -0.5152497291564941, 0.6116783618927002, 0.7652461528778076, 0.592337429523468, -0.25206097960472107, -0.23244573175907135, 0.6193981170654297, 0.7498765587806702),
            ["UpperTorso"] = CFrame.new(1.043081283569336e-07, 1.7881393432617188e-07, 5.960464477539063e-08, 0.9484977722167969, -0.08301882445812225, 0.3057122230529785, 0.039939623326063156, 0.988688051700592, 0.14457090198993683, -0.31425613164901733, -0.12491510808467865, 0.9410841464996338),
            ["HumanoidRootPart"] = CFrame.new(0, 0, 0, 1, 0, 0, 0, 1, 0, 0, 0, 1),
            ["RightUpperLeg"] = CFrame.new(4.172325134277344e-07, -4.470348358154297e-08, 8.77116690389812e-08, 0.5527999401092529, -0.7954282760620117, -0.24840739369392395, 0.4805494248867035, 0.5478283166885376, -0.6848040819168091, 0.6807969212532043, 0.25918734073638916, 0.6850818991661072),
            ["LeftUpperArm"] = CFrame.new(4.172325134277344e-07, -2.384185791015625e-07, 1.4901161193847656e-08, 0.5182852745056152, 0.49088191986083984, -0.7002967000007629, -0.6917382478713989, 0.722125232219696, -0.005768415983766317, 0.5028703808784485, 0.4874116778373718, 0.7138286232948303),
            ["RightLowerArm"] = CFrame.new(5.364418029785156e-07, 0.0000011324882507324219, 4.470348358154297e-08, 1, -7.4505820180093e-08, 1.862645593320167e-09, 7.54371214384264e-08, 0.27850669622421265, -0.9604343175888062, 7.078050856534901e-08, 0.9604343771934509, 0.27850666642189026),
            ["LeftHand"] = CFrame.new(-7.748603820800781e-07, 1.7881393432617188e-07, -1.1920928955078125e-07, 0.8360801935195923, 0.022481644526124, 0.5481465458869934, 0.11111071705818176, 0.9715138673782349, -0.20932121574878693, -0.5372377634048462, 0.23591430485248566, 0.8097653985023499),
            ["LeftFoot"] = CFrame.new(-2.168235369026661e-08, 5.960464477539063e-08, 1.1175870895385742e-08, 0.999925434589386, 0.007152808830142021, 0.009898204356431961, -0.009299241006374359, 0.9713380336761475, 0.2375204712152481, -0.007915662601590157, -0.2375950664281845, 0.9713321328163147),
            ["LowerTorso"] = CFrame.new(0.5102211236953735, -0.9425547122955322, -0.46105170249938965, 0.8740983009338379, -0.3186824917793274, 0.36659738421440125, 0.20697477459907532, 0.9271156787872314, 0.3124387860298157, -0.43944692611694336, -0.19722583889961243, 0.8763494491577148),
            ["RightLowerLeg"] = CFrame.new(1.1920928955078125e-07, -0.000003874301910400391, -0.000013215634680818766, 1, -4.470346652851731e-07, -2.98023280720372e-07, 3.0547380447387695e-07, 0.4046463966369629, 0.9144729375839233, -1.9371509552001953e-07, -0.9144733548164368, 0.4046473205089569),
            ["LeftUpperLeg"] = CFrame.new(5.960464477539063e-08, -1.2852251529693604e-07, -2.9802322387695312e-08, 0.8613893985748291, 0.4021727442741394, -0.31026673316955566, -0.01972413994371891, -0.5838832855224609, -0.8115978837013245, -0.5075620412826538, 0.7052215337753296, -0.4950186610221863),
            ["LeftLowerLeg"] = CFrame.new(8.265487849712372e-09, 0.000004112720489501953, 0.000013396143913269043, 1, -1.377193399321186e-07, -1.6822015425077552e-07, 6.32426306879097e-08, 0.009428814984858036, 0.9999556541442871, -8.265488560255108e-08, -0.9999555945396423, 0.009428695775568485),
        }},
        {Time = 0.233, Data = {
            ["RightFoot"] = CFrame.new(-1.1920928955078125e-07, 1.7881393432617188e-07, -1.2868986232206225e-07, 0.7242842316627502, 0.680878221988678, 0.10870770364999771, -0.5826669335365295, 0.6887034177780151, -0.43149334192276, -0.3686617612838745, 0.24918361008167267, 0.8955424427986145),
            ["LeftLowerArm"] = CFrame.new(-1.1920928955078125e-07, -4.172325134277344e-07, 3.5762786865234375e-07, 1, -1.0058280253133489e-07, 6.705523247774181e-08, 1.005828522693264e-07, 0.10429797321557999, -0.9945461750030518, 1.005828522693264e-07, 0.994546115398407, 0.10429801791906357),
            ["RightUpperArm"] = CFrame.new(-2.384185791015625e-07, -2.384185791015625e-07, 0, 0.6580419540405273, -0.5153027176856995, 0.5490391254425049, 0.7381735444068909, 0.5853684544563293, -0.3353264033794403, -0.14859548211097717, 0.6259449124336243, 0.7655797004699707),
            ["Head"] = CFrame.new(-1.4901161193847656e-07, 5.960464477539062e-07, 1.043081283569336e-07, 0.9601260423660278, 0.25755682587623596, -0.10873083025217056, -0.2785523533821106, 0.9144352674484253, -0.29362714290618896, 0.023801617324352264, 0.3122062385082245, 0.9497162103652954),
            ["RightHand"] = CFrame.new(-2.521555870771408e-07, 5.960464477539063e-08, -1.9208528101444244e-07, 0.6546658277511597, -0.5051946043968201, 0.5623087882995605, 0.7263948321342468, 0.6263009905815125, -0.28301525115966797, -0.2091967612504959, 0.5937386751174927, 0.7769886255264282),
            ["UpperTorso"] = CFrame.new(-1.4901161193847656e-08, -8.940696716308594e-08, 7.450580596923828e-08, 0.95406574010849, -0.0918813943862915, 0.2851603031158447, 0.0398443341255188, 0.9822700619697571, 0.1831890046596527, -0.29693603515625, -0.16341224312782288, 0.940811038017273),
            ["HumanoidRootPart"] = CFrame.new(0, 0, 0, 1, 0, 0, 0, 1, 0, 0, 0, 1),
            ["RightUpperLeg"] = CFrame.new(2.980232238769531e-07, 4.470348358154297e-08, 7.281050784513354e-08, 0.539492130279541, -0.8022487163543701, -0.25562742352485657, 0.47165435552597046, 0.5394362211227417, -0.6975315809249878, 0.6974886655807495, 0.25574514269828796, 0.6694058775901794),
            ["LeftUpperArm"] = CFrame.new(1.1920928955078125e-07, 1.1920928955078125e-07, 0, 0.5570423007011414, 0.4897168278694153, -0.6707320213317871, -0.6478154063224792, 0.7615838646888733, 0.018039843067526817, 0.5196529626846313, 0.42446157336235046, 0.7414804100990295),
            ["RightLowerArm"] = CFrame.new(1.7881393432617188e-07, 0.0000014901161193847656, -2.980232238769531e-07, 1, -7.823113179483698e-08, 7.450584149637507e-08, 6.426126475389538e-08, 0.25241801142692566, -0.9676182866096497, 4.0978196835794733e-08, 0.9676182866096497, 0.25241804122924805),
            ["LeftHand"] = CFrame.new(-3.3527612686157227e-07, 5.960464477539063e-08, -2.086162567138672e-07, 0.934658944606781, 0.08701290935277939, 0.3447340130805969, -0.01811043918132782, 0.9799838066101074, -0.1982518881559372, -0.35508421063423157, 0.1790546178817749, 0.9175264835357666),
            ["LeftFoot"] = CFrame.new(-1.8044374883174896e-09, -1.1920928955078125e-07, 8.940696716308594e-08, 0.9999698400497437, 0.004439373034983873, 0.006378267891705036, -0.006078572943806648, 0.9581838250160217, 0.2860889732837677, -0.004841442219913006, -0.28611892461776733, 0.9581818580627441),
            ["LowerTorso"] = CFrame.new(0.5462058782577515, -0.9491524696350098, -0.4469774067401886, 0.8649579286575317, -0.321963369846344, 0.3849512040615082, 0.21345120668411255, 0.9302561283111572, 0.2984329164028168, -0.45418763160705566, -0.1759636104106903, 0.8733558654785156),
            ["RightLowerLeg"] = CFrame.new(-1.4901161193847656e-07, -0.0000035762786865234375, -0.000013275239325594157, 1, -8.046623065638414e-07, -4.917383762403915e-07, 9.536742027194123e-07, 0.3524130880832672, 0.9358444809913635, -7.152556236178498e-07, -0.9358445405960083, 0.3524133265018463),
            ["LeftUpperLeg"] = CFrame.new(-1.1920928955078125e-07, -1.2293457984924316e-07, 1.4901161193847656e-08, 0.8660716414451599, 0.3886774480342865, -0.31440332531929016, -0.04022232070565224, -0.57269287109375, -0.8187828063964844, -0.49829915165901184, 0.7217706441879272, -0.4803595244884491),
            ["LeftLowerLeg"] = CFrame.new(3.4924596548080444e-09, 0.000003874301910400391, 0.00001329183578491211, 1, 4.215399940221687e-07, 2.991872349866753e-07, -2.1129378069417726e-07, 0.06314867734909058, 0.998004138469696, 2.9487998176591645e-07, -0.998004138469696, 0.06314834952354431),
        }},
        {Time = 0.267, Data = {
            ["RightFoot"] = CFrame.new(0, 4.172325134277344e-07, 1.4325632946565747e-07, 0.7555139660835266, 0.6446369290351868, 0.1168014407157898, -0.5437452793121338, 0.716460645198822, -0.4370637536048889, -0.36543092131614685, 0.26669737696647644, 0.8918142914772034),
            ["LeftLowerArm"] = CFrame.new(-2.384185791015625e-07, 2.384185791015625e-07, 4.3422915041446686e-07, 1, -9.313223614526578e-08, 8.568168397005138e-08, 9.313227167240257e-08, 0.12578099966049194, -0.9920580387115479, 7.450581307466564e-08, 0.9920580983161926, 0.12578101456165314),
            ["RightUpperArm"] = CFrame.new(-1.7881393432617188e-07, -2.384185791015625e-07, -2.9802322387695312e-08, 0.6737614870071411, -0.5279592275619507, 0.5170150399208069, 0.709031879901886, 0.6589625477790833, -0.25108176469802856, -0.20813262462615967, 0.5357493758201599, 0.81832355260849),
            ["Head"] = CFrame.new(0, 3.5762786865234375e-07, 5.960464477539063e-08, 0.949326753616333, 0.27639421820640564, -0.14961658418178558, -0.3117418587207794, 0.888594925403595, -0.3364761173725128, 0.03994852304458618, 0.3660675287246704, 0.9297305345535278),
            ["RightHand"] = CFrame.new(2.1187588572502136e-08, 2.980232238769531e-07, -2.1606683731079102e-07, 0.7175764441490173, -0.49173903465270996, 0.49323099851608276, 0.6723174452781677, 0.6739729046821594, -0.3061859607696533, -0.1818607896566391, 0.5513195991516113, 0.8142317533493042),
            ["UpperTorso"] = CFrame.new(8.940696716308594e-08, 1.4901161193847656e-07, -5.960464477539063e-08, 0.958299458026886, -0.0989387035369873, 0.26809215545654297, 0.03750590234994888, 0.9735828042030334, 0.2252328097820282, -0.283294141292572, -0.20578545331954956, 0.9366946220397949),
            ["HumanoidRootPart"] = CFrame.new(0, 0, 0, 1, 0, 0, 0, 1, 0, 0, 0, 1),
            ["RightUpperLeg"] = CFrame.new(2.384185791015625e-07, -3.948807716369629e-07, 2.8107024263590574e-08, 0.5246933102607727, -0.8113580346107483, -0.25767266750335693, 0.4644777476787567, 0.5265119671821594, -0.7120713591575623, 0.7134125828742981, 0.2539358139038086, 0.6531150937080383),
            ["LeftUpperArm"] = CFrame.new(2.384185791015625e-07, -4.76837158203125e-07, -1.7881393432617188e-07, 0.5963739156723022, 0.48085635900497437, -0.6427406668663025, -0.6012429594993591, 0.798103392124176, 0.03921874612569809, 0.5318319201469421, 0.36305421590805054, 0.7650794386863708),
            ["RightLowerArm"] = CFrame.new(7.152557373046875e-07, 2.384185791015625e-07, -2.384185791015625e-07, 1, -1.238659592672775e-07, 9.87202142255228e-08, 8.102505688611927e-08, 0.2464926391839981, -0.9691447019577026, 3.725289943190546e-08, 0.9691447615623474, 0.24649256467819214),
            ["LeftHand"] = CFrame.new(-5.811452865600586e-07, -1.7881393432617188e-07, -3.725290298461914e-07, 0.9804554581642151, 0.1723061203956604, 0.0949619710445404, -0.15643589198589325, 0.9754779934883118, -0.15482425689697266, -0.11931048333644867, 0.1369428038597107, 0.9833675026893616),
            ["LeftFoot"] = CFrame.new(-2.0372681319713593e-09, 0, -2.9802322387695312e-08, 0.9999948143959045, 0.001865791855379939, 0.0026287357322871685, -0.0026317641604691744, 0.9433677196502686, 0.33173882961273193, -0.0018610410625115037, -0.33174389600753784, 0.9433677196502686),
            ["LowerTorso"] = CFrame.new(0.5807830691337585, -0.9575352668762207, -0.43333694338798523, 0.8571533560752869, -0.32285407185554504, 0.40131455659866333, 0.21958057582378387, 0.9338614344596863, 0.28228914737701416, -0.465910404920578, -0.1538442224264145, 0.8713549971580505),
