return {
    ["Take It Slow"] = {
        {Time = 0.000, Data = {
            ["UpperTorso"] = CFrame.new(3.5390257835388184e-08, -2.682209014892578e-07, 1.6763806343078613e-08, 0.943644642829895, -0.10675919055938721, -0.3132684528827667, 0.041054170578718185, 0.9769925475120544, -0.20928488671779633, 0.3284042477607727, 0.18462958931922913, 0.9263167381286621),
            ["LeftLowerArm"] = CFrame.new(0.0000013113021850585938, -2.980232238769531e-07, 0.000005088746547698975, 1, 1.5534898523128504e-07, 1.1481462536266918e-07, -1.5221303328871727e-07, 0.9995908141136169, -0.028607048094272614, -1.2887176126241684e-07, 0.028607018291950226, 0.9995907545089722),
            ["RightUpperArm"] = CFrame.new(-0.025901079177856445, -0.034821510314941406, -0.010255403816699982, 0.9681756496429443, -0.16963866353034973, 0.184007465839386, 0.08559055626392365, 0.9153283834457397, 0.39350777864456177, -0.2351813167333603, -0.36523517966270447, 0.9007180333137512),
            ["Head"] = CFrame.new(7.450580596923828e-09, -7.152557373046875e-07, 3.725290298461914e-09, 0.8918394446372986, 0.22249293327331543, 0.39385202527046204, -0.011056666262447834, 0.881137490272522, -0.47273123264312744, -0.45221689343452454, 0.41724544763565063, 0.7882929444313049),
            ["LeftUpperLeg"] = CFrame.new(5.960464477539063e-08, -3.026798367500305e-07, 2.9802322387695312e-08, 0.8546112179756165, 0.006881071254611015, 0.5192227959632874, 0.17974163591861725, 0.9341790080070496, -0.3082248568534851, -0.48716792464256287, 0.356738418340683, 0.7971231341362),
            ["RightHand"] = CFrame.new(1.341104507446289e-07, 0.0000010728836059570312, -8.642673492431641e-07, 0.9970504641532898, -0.005631387233734131, 0.07654185593128204, 0.014592797495424747, 0.9930211901664734, -0.1170298159122467, -0.07534880936145782, 0.11780166625976562, 0.990174412727356),
            ["HumanoidRootPart"] = CFrame.new(0, 0, 0, 1, 0, 0, 0, 1, 0, 0, 0, 1),
            ["RightUpperLeg"] = CFrame.new(2.9802322387695312e-08, -6.332993507385254e-08, 2.8107024263590574e-08, 0.8975532650947571, 0.19941481947898865, 0.39323264360427856, 0.2083670049905777, 0.5941470861434937, -0.7768993377685547, -0.38856324553489685, 0.7792451977729797, 0.49172714352607727),
            ["LeftUpperArm"] = CFrame.new(0.03792005777359009, 0.03753519058227539, -0.00985553115606308, -0.4937088191509247, 0.06294656544923782, -0.8673463463783264, -0.1505676507949829, -0.9885010719299316, 0.013966511003673077, -0.8564935326576233, 0.13748963177204132, 0.4975091218948364),
            ["RightLowerArm"] = CFrame.new(5.662441253662109e-07, 5.960464477539062e-07, -0.000003904104232788086, 1, -0.000019367786080692895, -7.832423989384552e-07, 0.000018920982256531715, 0.9832442402839661, -0.1822936087846756, 0.000004241243004798889, 0.18229365348815918, 0.9832441806793213),
            ["LeftHand"] = CFrame.new(-0.0000013746321201324463, -1.7881393432617188e-07, 3.075692802667618e-07, 0.7514222860336304, 0.28673189878463745, 0.5942630171775818, -0.34739580750465393, 0.9376267194747925, -0.013136585243046284, -0.5609639883041382, -0.1965734213590622, 0.8041635751724243),
            ["LowerTorso"] = CFrame.new(-0.0624728798866272, -0.18291079998016357, 0.1698767989873886, 0.9744007587432861, 0.10211788862943649, -0.20028755068778992, -0.08536045253276825, 0.9922213554382324, 0.0906110405921936, 0.2079826295375824, -0.07119482010602951, 0.9755380749702454),
            ["LeftFoot"] = CFrame.new(1.862645149230957e-09, 0, 2.2351741790771484e-08, 0.9979075789451599, 0.06292157620191574, 0.014878657646477222, -0.04935137927532196, 0.8899152874946594, -0.4534482955932617, -0.04177240654826164, 0.4517652094364166, 0.8911584615707397),
            ["RightLowerLeg"] = CFrame.new(-5.21540641784668e-08, -0.0007263422012329102, 0.00004610588803188875, 1, 1.229346224818073e-07, -1.862645371275562e-09, -1.1548402767402877e-07, 0.4036176800727844, 0.9149277210235596, 1.266598985694145e-07, -0.9149277210235596, 0.40361788868904114),
            ["RightFoot"] = CFrame.new(1.6763806343078613e-07, -2.384185791015625e-07, 1.6596459317952394e-08, 0.9765151739120483, 0.17752008140087128, -0.1220855712890625, -0.15702477097511292, 0.9744052290916443, 0.16086557507514954, 0.14751754701137543, -0.13791705667972565, 0.9793965220451355),
            ["LeftLowerLeg"] = CFrame.new(9.313225746154785e-08, -0.0007264018058776855, 0.00008101761341094971, 1, 4.0978193283081055e-08, 3.352760913344355e-08, -6.14673041354763e-08, 0.7290270924568176, 0.6844847798347473, 3.539026494081554e-08, -0.6844848990440369, 0.7290271520614624),
        }},
        {Time = 0.033, Data = {
            ["UpperTorso"] = CFrame.new(-1.862645149230957e-09, 8.940696716308594e-08, 1.6763806343078613e-08, 0.9462200999259949, -0.10617641359567642, -0.3056047856807709, 0.044790077954530716, 0.9785084128379822, -0.20128372311592102, 0.3204082250595093, 0.17677052319049835, 0.9306398630142212),
            ["LeftLowerArm"] = CFrame.new(0.000001341104507446289, -4.172325134277344e-07, 0.000005146721377968788, 1, 1.5241677431276912e-07, 1.1947122402489185e-07, -1.531734739046442e-07, 0.9995908141136169, -0.028607046231627464, -1.2654346903673286e-07, 0.028607038781046867, 0.9995907545089722),
            ["RightUpperArm"] = CFrame.new(-0.02547246217727661, -0.034650206565856934, -0.010921522974967957, 0.9690723419189453, -0.16842249035835266, 0.18036822974681854, 0.08554540574550629, 0.9148444533348083, 0.39464110136032104, -0.23147520422935486, -0.3670062720775604, 0.900958240032196),
            ["Head"] = CFrame.new(1.30385160446167e-08, -8.344650268554688e-07, 3.3527612686157227e-08, 0.8963125944137573, 0.21608084440231323, 0.38721153140068054, -0.011531651951372623, 0.8842968940734863, -0.4667825400829315, -0.44327276945114136, 0.41391801834106445, 0.7950982451438904),
            ["LeftUpperLeg"] = CFrame.new(-5.960464477539063e-08, -2.468004822731018e-08, 4.470348358154297e-08, 0.8547709584236145, 0.005022773519158363, 0.5189812183380127, 0.17791764438152313, 0.936526894569397, -0.3020974397659302, -0.4875571131706238, 0.350559800863266, 0.7996221780776978),
            ["RightHand"] = CFrame.new(1.6391277313232422e-07, 0.0000012516975402832031, -9.238719940185547e-07, 0.9966309666633606, 0.007050430402159691, 0.08171288669109344, 0.002759339287877083, 0.9928519129753113, -0.1193215474486351, -0.08197014778852463, 0.11914502829313278, 0.9894874691963196),
            ["HumanoidRootPart"] = CFrame.new(0, 0, 0, 1, 0, 0, 0, 1, 0, 0, 0, 1),
            ["RightUpperLeg"] = CFrame.new(5.960464477539063e-08, 5.029141902923584e-08, -2.4047039914876223e-08, 0.8975400924682617, 0.19826635718345642, 0.3938429355621338, 0.20733313262462616, 0.5985293984413147, -0.7738060355186462, -0.38914623856544495, 0.7761784791946411, 0.496096670627594),
            ["LeftUpperArm"] = CFrame.new(0.038346171379089355, 0.03767955303192139, -0.010523900389671326, -0.49353331327438354, 0.05857979506254196, -0.8677518367767334, -0.14322572946548462, -0.9895815849304199, 0.014655294828116894, -0.8578527569770813, 0.13151729106903076, 0.49678170680999756),
            ["RightLowerArm"] = CFrame.new(3.8743019104003906e-07, 1.7881393432617188e-07, -0.000003933906555175781, 1, -0.000019364060790394433, -8.791686241238494e-07, 0.00001891726060421206, 0.9840997457504272, -0.177617147564888, 0.0000043045738493674435, 0.17761719226837158, 0.9840997457504272),
            ["LeftHand"] = CFrame.new(-0.0000014351680874824524, -0.0000015497207641601562, 1.916196197271347e-07, 0.7598620653152466, 0.328411728143692, 0.5610301494598389, -0.3831510543823242, 0.9234330654144287, -0.021610867232084274, -0.5251713991165161, -0.19853805005550385, 0.8275132179260254),
            ["LowerTorso"] = CFrame.new(-0.06351492553949356, -0.18352138996124268, 0.16858670115470886, 0.9744799733161926, 0.10172707587480545, -0.20010103285312653, -0.08629151433706284, 0.9926863312721252, 0.0844259262084961, 0.2072259485721588, -0.06500435620546341, 0.9761310815811157),
            ["LeftFoot"] = CFrame.new(-1.1175870895385742e-08, -1.7881393432617188e-07, 7.450580596923828e-09, 0.9978804588317871, 0.0633654072880745, 0.014816312119364738, -0.04974564164876938, 0.8895716667175293, -0.45407867431640625, -0.04195309802889824, 0.4523794651031494, 0.8908385038375854),
            ["RightLowerLeg"] = CFrame.new(-7.450580596923828e-09, -0.0007260441780090332, 0.00004600157990353182, 1, 1.043081283569336e-07, 8.009376983864058e-08, -7.450581307466564e-08, 0.4011372923851013, 0.9160178899765015, 9.685756197086448e-08, -0.916018009185791, 0.4011376202106476),
            ["RightFoot"] = CFrame.new(1.7881393432617188e-07, 0, 5.3849362302571535e-08, 0.9764262437820435, 0.1781100034713745, -0.12193748354911804, -0.15791064500808716, 0.9745637774467468, 0.1590273529291153, 0.14716021716594696, -0.1360233724117279, 0.97971510887146),
            ["LeftLowerLeg"] = CFrame.new(-2.9802322387695312e-08, -0.0007264018058776855, 0.00008097290992736816, 1, 1.862644971595273e-08, 4.284084198502569e-08, -6.705523247774181e-08, 0.729080319404602, 0.6844280362129211, 3.9115551686563776e-08, -0.6844281554222107, 0.7290803790092468),
        }},
        {Time = 0.067, Data = {
            ["UpperTorso"] = CFrame.new(-3.725290298461914e-09, -5.960464477539063e-08, -7.916241884231567e-09, 0.9513012766838074, -0.10508860647678375, -0.28979721665382385, 0.050006501376628876, 0.9802541732788086, -0.1913142055273056, 0.3041796088218689, 0.16750569641590118, 0.9377721548080444),
            ["LeftLowerArm"] = CFrame.new(0.000001341104507446289, 1.1920928955078125e-07, 0.000005044916179031134, 1, 1.6515564027486107e-07, 1.2487727474308485e-07, -1.58441267217313e-07, 0.9995908141136169, -0.02860700711607933, -1.2607780774942512e-07, 0.028607070446014404, 0.9995907545089722),
            ["RightUpperArm"] = CFrame.new(-0.02489173412322998, -0.03439533710479736, -0.01188889890909195, 0.9701937437057495, -0.1661667674779892, 0.17638817429542542, 0.08447504043579102, 0.9141317009925842, 0.39651888608932495, -0.22713011503219604, -0.36979973316192627, 0.9009217619895935),
            ["Head"] = CFrame.new(1.6763806343078613e-08, -7.152557373046875e-07, -1.4901161193847656e-08, 0.9059475660324097, 0.20588359236717224, 0.36996081471443176, -0.01465659774839878, 0.888532817363739, -0.4585789740085602, -0.4231362044811249, 0.4100259840488434, 0.8079817295074463),
            ["LeftUpperLeg"] = CFrame.new(0, -2.3050233721733093e-07, -7.450580596923828e-09, 0.8549785017967224, 0.0027532605454325676, 0.5186561942100525, 0.17570041120052338, 0.9393234848976135, -0.29461967945098877, -0.48799702525138855, 0.3430215120315552, 0.802617609500885),
            ["RightHand"] = CFrame.new(2.2351741790771484e-07, 0.0000010728836059570312, -8.642673492431641e-07, 0.9948990345001221, 0.03501630201935768, 0.09460317343473434, -0.023270336911082268, 0.9921925067901611, -0.12252560257911682, -0.09815510362386703, 0.11969919502735138, 0.9879462122917175),
            ["HumanoidRootPart"] = CFrame.new(0, 0, 0, 1, 0, 0, 0, 1, 0, 0, 0, 1),
            ["RightUpperLeg"] = CFrame.new(1.1920928955078125e-07, -5.299225449562073e-07, -4.639878170564771e-08, 0.8975231647491455, 0.19690699875354767, 0.39456287026405334, 0.20606040954589844, 0.6037871837615967, -0.7700521349906921, -0.38986068964004517, 0.7724432945251465, 0.5013381838798523),
            ["LeftUpperArm"] = CFrame.new(0.03890490531921387, 0.03764998912811279, -0.011518485844135284, -0.48596081137657166, 0.059050507843494415, -0.8719834685325623, -0.13640959560871124, -0.990612268447876, 0.008937704376876354, -0.8632696866989136, 0.1232902854681015, 0.4894537329673767),
            ["RightLowerArm"] = CFrame.new(2.682209014892578e-07, 1.1920928955078125e-07, -0.0000037550926208496094, 1, -0.00001935661020979751, -0.0000010458752512931824, 0.000018912835002993234, 0.9858943819999695, -0.167369082570076, 0.000004256144620740088, 0.16736909747123718, 0.9858943819999695),
            ["LeftHand"] = CFrame.new(-0.000001412816345691681, -8.940696716308594e-07, 2.3766187950968742e-07, 0.7770677208900452, 0.3935665488243103, 0.49119293689727783, -0.4329105019569397, 0.9006854295730591, -0.036806412041187286, -0.45689645409584045, -0.1840415894985199, 0.8702728748321533),
            ["LowerTorso"] = CFrame.new(-0.06484100222587585, -0.1844712495803833, 0.1664654165506363, 0.9745901823043823, 0.10128460824489594, -0.19978848099708557, -0.08743281662464142, 0.9931901693344116, 0.0769999697804451, 0.20622682571411133, -0.057575345039367676, 0.9768089652061462),
            ["LeftFoot"] = CFrame.new(4.7497451305389404e-08, -1.7881393432617188e-07, 2.2351741790771484e-08, 0.9978518486022949, 0.06384612619876862, 0.014678724110126495, -0.050178162753582, 0.8889164328575134, -0.4553128480911255, -0.04211820662021637, 0.4535984396934509, 0.8902106285095215),
            ["RightLowerLeg"] = CFrame.new(-7.450580596923828e-09, -0.0007261037826538086, 0.00004613569035427645, 1, 1.3783575525394554e-07, 4.470350489782504e-08, -7.823108916227284e-08, 0.39711782336235046, 0.9177675247192383, 2.9802318834981634e-08, -0.9177676439285278, 0.39711809158325195),
            ["RightFoot"] = CFrame.new(1.8812716007232666e-07, 0, 3.149762051180005e-08, 0.9763062596321106, 0.17880788445472717, -0.12187649309635162, -0.15911604464054108, 0.9749064445495605, 0.15569017827510834, 0.14665691554546356, -0.13260893523693085, 0.9802585244178772),
            ["LeftLowerLeg"] = CFrame.new(-9.685754776000977e-08, -0.0007266998291015625, 0.00008101761341094971, 1, 4.842877388000488e-08, 3.72529100900465e-08, -6.70552182668871e-08, 0.7288416624069214, 0.6846821904182434, 7.264315371457997e-08, -0.6846823692321777, 0.7288418412208557),
        }},
        {Time = 0.100, Data = {
            ["UpperTorso"] = CFrame.new(-1.30385160446167e-08, 2.9802322387695312e-08, 1.7229467630386353e-08, 0.9575710892677307, -0.10367423295974731, -0.2689039409160614, 0.05465158820152283, 0.9814478158950806, -0.18377593159675598, 0.28296804428100586, 0.1612824946641922, 0.9454718828201294),
            ["LeftLowerArm"] = CFrame.new(0.0000013113021850585938, -4.172325134277344e-07, 0.000004802364856004715, 1, 1.5701154154612595e-07, 1.2415694072842598e-07, -1.52242137119174e-07, 0.9995908141136169, -0.028606999665498734, -1.264270395040512e-07, 0.028607023879885674, 0.9995908141136169),
            ["RightUpperArm"] = CFrame.new(-0.02416861057281494, -0.033881187438964844, -0.012885324656963348, 0.9715933203697205, -0.16531036794185638, 0.16934829950332642, 0.0855712741613388, 0.9125699400901794, 0.3998670279979706, -0.22064432501792908, -0.37401676177978516, 0.9007928371429443),
            ["Head"] = CFrame.new(2.421438694000244e-08, -0.0000011920928955078125, 1.4901161193847656e-08, 0.9189764261245728, 0.19352661073207855, 0.34355494379997253, -0.020591385662555695, 0.8936397433280945, -0.44831278920173645, -0.39377468824386597, 0.4049144387245178, 0.8252184987068176),
            ["LeftUpperLeg"] = CFrame.new(0, -2.745073288679123e-07, 7.450580596923828e-09, 0.855444610118866, 0.000003730877779162256, 0.5178943872451782, 0.1746995896100998, 0.9413855075836182, -0.28857114911079407, -0.4875393807888031, 0.337332546710968, 0.8053025007247925),
            ["RightHand"] = CFrame.new(4.470348358154297e-07, 5.960464477539062e-07, -8.344650268554688e-07, 0.9907000660896301, 0.06742576509714127, 0.11818227171897888, -0.05230969190597534, 0.9905684590339661, -0.12664058804512024, -0.12560655176639557, 0.1192808449268341, 0.9848833680152893),
            ["HumanoidRootPart"] = CFrame.new(0, 0, 0, 1, 0, 0, 0, 1, 0, 0, 0, 1),
            ["RightUpperLeg"] = CFrame.new(-2.9802322387695312e-08, -2.2631138563156128e-07, 5.045876605436206e-08, 0.8976643681526184, 0.19512006640434265, 0.39512887597084045, 0.2056926190853119, 0.6074497699737549, -0.7672649025917053, -0.38972988724708557, 0.770021378993988, 0.505151093006134),
            ["LeftUpperArm"] = CFrame.new(0.039565861225128174, 0.037367820739746094, -0.012597404420375824, -0.47149500250816345, 0.07292773574590683, -0.8788482546806335, -0.13014084100723267, -0.9914173483848572, -0.012449346482753754, -0.8722132444381714, 0.10850420594215393, 0.4769391715526581),
            ["RightLowerArm"] = CFrame.new(3.5762786865234375e-07, 7.152557373046875e-07, -0.0000036656856536865234, 1, -0.000019352883100509644, -0.0000012880192343800445, 0.000018934488252853043, 0.9876987934112549, -0.15636828541755676, 0.000004278496362530859, 0.15636833012104034, 0.9876988530158997),
            ["LeftHand"] = CFrame.new(-0.0000014170072972774506, -0.0000013113021850585938, 2.5599729269742966e-07, 0.7906904220581055, 0.46788591146469116, 0.3948303461074829, -0.4764515459537506, 0.875267505645752, -0.08307304978370667, -0.3844510316848755, -0.12243250012397766, 0.9149907231330872),
            ["LowerTorso"] = CFrame.new(-0.06620119512081146, -0.18532276153564453, 0.16359490156173706, 0.9747970104217529, 0.10138989984989166, -0.19872362911701202, -0.08864405006170273, 0.9934547543525696, 0.07204143702983856, 0.20472723245620728, -0.052610114216804504, 0.9774041771888733),
            ["LeftFoot"] = CFrame.new(2.421438694000244e-08, -1.1920928955078125e-07, 1.4901161193847656e-08, 0.9978260397911072, 0.06427445262670517, 0.014560199342668056, -0.05055396631360054, 0.8882518410682678, -0.45656663179397583, -0.04227862507104874, 0.4548379182815552, 0.8895701169967651),
            ["RightLowerLeg"] = CFrame.new(-7.450580596923828e-09, -0.000726163387298584, 0.00004614314093487337, 1, 1.2665992699112394e-07, 2.980232949312267e-08, -1.1548398504146462e-07, 0.3927502930164337, 0.9196451306343079, 7.450579886381092e-08, -0.9196451902389526, 0.3927503824234009),
            ["RightFoot"] = CFrame.new(1.825392246246338e-07, -2.384185791015625e-07, 9.145878721028566e-09, 0.9761746525764465, 0.1794513463973999, -0.12198449671268463, -0.16036251187324524, 0.9753544330596924, 0.15155068039894104, 0.14617416262626648, -0.1283782571554184, 0.9808935523033142),
            ["LeftLowerLeg"] = CFrame.new(5.587935447692871e-08, -0.0007264614105224609, 0.00008097290992736816, 1, 1.4901161193847656e-08, -1.4901159417490817e-08, -5.21540641784668e-08, 0.7290022373199463, 0.6845115423202515, 7.450580596923828e-09, -0.6845114231109619, 0.7290021181106567),
        }},
        {Time = 0.133, Data = {
            ["UpperTorso"] = CFrame.new(3.166496753692627e-08, 8.940696716308594e-08, 2.421438694000244e-08, 0.9655133485794067, -0.10155558586120605, -0.23972967267036438, 0.058506645262241364, 0.9818686842918396, -0.1803082823753357, 0.2536945343017578, 0.1600642055273056, 0.9539490342140198),
            ["LeftLowerArm"] = CFrame.new(0.0000012516975402832031, -2.980232238769531e-07, 0.0000048782676458358765, 1, 1.5998377023151988e-07, 1.2246893277279014e-07, -1.5139814024678344e-07, 0.9995188117027283, -0.03102145716547966, -1.2549573114029045e-07, 0.03102153353393078, 0.9995187520980835),
            ["RightUpperArm"] = CFrame.new(-0.023182392120361328, -0.03310561180114746, -0.013991199433803558, 0.9733964800834656, -0.16561345756053925, 0.15833956003189087, 0.08863319456577301, 0.909420371055603, 0.4063234031200409, -0.21129001677036285, -0.38147956132888794, 0.8999055624008179),
            ["Head"] = CFrame.new(-2.2351741790771484e-08, -9.5367431640625e-07, -3.3527612686157227e-08, 0.9360048770904541, 0.17992985248565674, 0.3025226593017578, -0.03187714144587517, 0.8992717266082764, -0.4362275004386902, -0.3505405783653259, 0.3986673951148987, 0.8474584221839905),
            ["LeftUpperLeg"] = CFrame.new(5.960464477539063e-08, 9.313225746154785e-10, 7.450580596923828e-09, 0.85640949010849, -0.0035097459331154823, 0.5162851810455322, 0.17527395486831665, 0.9425669312477112, -0.284335196018219, -0.48563557863235474, 0.33399873971939087, 0.8078385591506958),
            ["RightHand"] = CFrame.new(1.4901161193847656e-07, 9.5367431640625e-07, -8.642673492431641e-07, 0.9818668961524963, 0.10239410400390625, 0.15953923761844635, -0.08165200799703598, 0.9879406690597534, -0.13155345618724823, -0.17108586430549622, 0.11614138633012772, 0.9783868789672852),
            ["HumanoidRootPart"] = CFrame.new(0, 0, 0, 1, 0, 0, 0, 1, 0, 0, 0, 1),
            ["RightUpperLeg"] = CFrame.new(0, -2.514570951461792e-08, 7.281050784513354e-08, 0.8981438875198364, 0.19262000918388367, 0.39526575803756714, 0.2064165472984314, 0.6090259552001953, -0.7658198475837708, -0.3882393538951874, 0.7694056630134583, 0.5072327852249146),
            ["LeftUpperArm"] = CFrame.new(0.04044455289840698, 0.03674185276031494, -0.013872615993022919, -0.4465835392475128, 0.10256727039813995, -0.8888437151908875, -0.1276400238275528, -0.990550696849823, -0.05017326399683952, -0.8855909705162048, 0.09104540199041367, 0.4554555118083954),
            ["RightLowerArm"] = CFrame.new(2.9802322387695312e-08, 3.5762786865234375e-07, -0.000003993511199951172, 1, -0.00001933425483002793, -0.0000014230610076992889, 0.0000189291313290596, 0.9887153506278992, -0.14980635046958923, 0.000004291534423828125, 0.1498064249753952, 0.988715410232544),
            ["LeftHand"] = CFrame.new(-0.0000014384277164936066, -0.000001430511474609375, 1.94646418094635e-07, 0.7936113476753235, 0.5356490612030029, 0.2885494530200958, -0.5110007524490356, 0.8442251086235046, -0.16174861788749695, -0.33024144172668457, -0.019083485007286072, 0.9437037706375122),
            ["LowerTorso"] = CFrame.new(-0.06751424819231033, -0.18597638607025146, 0.15915505588054657, 0.9751923680305481, 0.10221491008996964, -0.19634661078453064, -0.08991388231515884, 0.9934443235397339, 0.07059697806835175, 0.20227548480033875, -0.05119135230779648, 0.9779897928237915),
            ["LeftFoot"] = CFrame.new(2.7939677238464355e-08, -1.7881393432617188e-07, 0, 0.9978126287460327, 0.06450890004634857, 0.014442934654653072, -0.05075083300471306, 0.8875322937965393, -0.45794227719306946, -0.04235970973968506, 0.4562072157859802, 0.8888646960258484),
            ["RightLowerLeg"] = CFrame.new(-2.9802322387695312e-08, -0.0007264018058776855, 0.00004592707409756258, 1, 1.5646223516796454e-07, 1.8626458597736928e-08, -8.568166975919667e-08, 0.38761478662490845, 0.9218214154243469, 1.0430811414607888e-07, -0.9218215346336365, 0.3876151740550995),
            ["RightFoot"] = CFrame.new(1.695007085800171e-07, -1.1920928955078125e-07, -2.0656443666666746e-08, 0.9760487675666809, 0.17990069091320038, -0.12232935428619385, -0.16157583892345428, 0.9759833216667175, 0.14611586928367615, 0.145677849650383, -0.12285077571868896, 0.9816750288009644),
            ["LeftLowerLeg"] = CFrame.new(9.313225746154785e-08, -0.0007269382476806641, 0.00008091330528259277, 1, 9.313227167240257e-08, -3.7252898543727042e-09, -5.774199252073231e-08, 0.7298731207847595, 0.6835829019546509, 3.166496398421259e-08, -0.6835826635360718, 0.72987300157547),
        }},
        {Time = 0.167, Data = {
            ["UpperTorso"] = CFrame.new(1.30385160446167e-08, 2.384185791015625e-07, -7.916241884231567e-09, 0.9735053181648254, -0.09938183426856995, -0.20593874156475067, 0.06317001581192017, 0.9824513792991638, -0.17549632489681244, 0.21976600587368011, 0.15783745050430298, 0.9626994729042053),
            ["LeftLowerArm"] = CFrame.new(0.000001341104507446289, -0.0000012516975402832031, 0.000004920177161693573, 1, 1.5122350305318832e-07, 1.103617250919342e-07, -1.484295353293419e-07, 0.9949751496315002, -0.10012230277061462, -1.280568540096283e-07, 0.10012234002351761, 0.994975209236145),
            ["RightUpperArm"] = CFrame.new(-0.0221329927444458, -0.032441139221191406, -0.015344634652137756, 0.9751153588294983, -0.16962657868862152, 0.1427476704120636, 0.09656050056219101, 0.9045574069023132, 0.4152734577655792, -0.19956478476524353, -0.3911557197570801, 0.8984270095825195),
            ["Head"] = CFrame.new(-7.450580596923828e-09, -5.960464477539062e-07, -5.587935447692871e-09, 0.9537379145622253, 0.1663144826889038, 0.2504468858242035, -0.046805188059806824, 0.9050306677818298, -0.4227636456489563, -0.29697373509407043, 0.391483336687088, 0.8709462285041809),
            ["LeftUpperLeg"] = CFrame.new(-5.960464477539063e-08, 2.3492611944675446e-07, -1.4901161193847656e-08, 0.857707679271698, -0.007349289022386074, 0.5140851140022278, 0.175877183675766, 0.9437682628631592, -0.2799443304538727, -0.4831198751926422, 0.3305262327194214, 0.8107698559761047),
            ["RightHand"] = CFrame.new(2.5331974029541016e-07, 0.0000010728836059570312, -7.152557373046875e-07, 0.9661381840705872, 0.13696962594985962, 0.2186690866947174, -0.10791109502315521, 0.9842881560325623, -0.13975737988948822, -0.2343761920928955, 0.11142824590206146, 0.9657389521598816),
            ["HumanoidRootPart"] = CFrame.new(0, 0, 0, 1, 0, 0, 0, 1, 0, 0, 0, 1),
            ["RightUpperLeg"] = CFrame.new(5.960464477539063e-08, 9.499490261077881e-08, 2.0656443666666746e-08, 0.8988565802574158, 0.18956045806407928, 0.3951248228549957, 0.2070792019367218, 0.6108925342559814, -0.7641522288322449, -0.38623178005218506, 0.7686853408813477, 0.5098506212234497),
            ["LeftUpperArm"] = CFrame.new(0.041401028633117676, 0.03617382049560547, -0.015404358506202698, -0.41512414813041687, 0.14699378609657288, -0.897811233997345, -0.12511415779590607, -0.9867081642150879, -0.10369891673326492, -0.901120662689209, 0.06928098201751709, 0.42799726128578186),
            ["RightLowerArm"] = CFrame.new(4.172325134277344e-07, 9.5367431640625e-07, -0.000003725290298461914, 1, -0.000019349155991221778, -0.000001253560185432434, 0.00001892820182547439, 0.9875934720039368, -0.15703228116035461, 0.000004269183136784704, 0.1570322960615158, 0.9875935316085815),
            ["LeftHand"] = CFrame.new(-0.0000014407560229301453, -0.0000010728836059570312, 1.802109181880951e-07, 0.7887391448020935, 0.5904285311698914, 0.1711263358592987, -0.5584767460823059, 0.8045739531517029, -0.20190390944480896, -0.2568937838077545, 0.06367947906255722, 0.964339554309845),
            ["LowerTorso"] = CFrame.new(-0.0689021497964859, -0.1866133213043213, 0.15446621179580688, 0.9757315516471863, 0.10301115363836288, -0.19322700798511505, -0.09122708439826965, 0.993440568447113, 0.06894636154174805, 0.199061781167984, -0.049645598977804184, 0.9787286520004272),
            ["LeftFoot"] = CFrame.new(-5.587935447692871e-09, -1.1920928955078125e-07, -2.2351741790771484e-08, 0.9977935552597046, 0.06483983248472214, 0.014279099181294441, -0.051058944314718246, 0.8868544697761536, -0.4592191278934479, -0.042439039796590805, 0.45747673511505127, 0.8882083296775818),
            ["RightLowerLeg"] = CFrame.new(-1.043081283569336e-07, -0.0007263422012329102, 0.00004594197525875643, 1, 1.3038521728958585e-07, 1.862645326866641e-08, -8.568168397005138e-08, 0.3824513554573059, 0.9239757061004639, 1.0430814256778831e-07, -0.9239756464958191, 0.38245147466659546),
            ["RightFoot"] = CFrame.new(1.2479722499847412e-07, -1.7881393432617188e-07, 1.6596459317952394e-08, 0.9758732914924622, 0.18043462932109833, -0.12294210493564606, -0.16285331547260284, 0.9765817523002625, 0.1405947059392929, 0.14543098211288452, -0.11718100309371948, 0.9824044108390808),
            ["LeftLowerLeg"] = CFrame.new(9.313225746154785e-08, -0.0007265210151672363, 0.00008089840412139893, 1, 7.450580596923828e-08, 2.607702498380604e-08, -7.264316082000732e-08, 0.7308429479598999, 0.6825457215309143, 3.725290298461914e-09, -0.6825457215309143, 0.7308428883552551),
        }},
        {Time = 0.200, Data = {
            ["UpperTorso"] = CFrame.new(-5.587935447692871e-09, 3.5762786865234375e-07, -2.514570951461792e-08, 0.9805926084518433, -0.09748250991106033, -0.17010380327701569, 0.06848443299531937, 0.9832842350006104, -0.16870702803134918, 0.18370656669139862, 0.15378336608409882, 0.9708772897720337),
            ["LeftLowerArm"] = CFrame.new(0.0000013113021850585938, -2.384185791015625e-07, 0.0000050407834351062775, 1, 1.632288473274457e-07, 9.69157767372053e-08, -1.3737007975578308e-07, 0.9835149645805359, -0.18082737922668457, -1.2479722499847412e-07, 0.180827334523201, 0.9835149645805359),
            ["RightUpperArm"] = CFrame.new(-0.021086931228637695, -0.032034993171691895, -0.017090488225221634, 0.975915253162384, -0.18153975903987885, 0.12096600234508514, 0.11346180737018585, 0.8960044384002686, 0.42930448055267334, -0.18632212281227112, -0.40523993968963623, 0.8950222730636597),
            ["Head"] = CFrame.new(-2.561137080192566e-09, -9.5367431640625e-07, 2.60770320892334e-08, 0.9697842597961426, 0.1547897905111313, 0.1885698139667511, -0.06614336371421814, 0.9108125567436218, -0.4074867367744446, -0.23482674360275269, 0.38270172476768494, 0.8935301303863525),
            ["LeftUpperLeg"] = CFrame.new(-2.9802322387695312e-08, 3.795139491558075e-08, -5.587935447692871e-08, 0.8592291474342346, -0.011336377821862698, 0.5114652514457703, 0.17669372260570526, 0.9448081851005554, -0.27589282393455505, -0.4801090359687805, 0.3274279832839966, 0.8138099312782288),
            ["RightHand"] = CFrame.new(1.341104507446289e-07, 8.344650268554688e-07, -7.152557373046875e-07, 0.9415674209594727, 0.16533571481704712, 0.29345300793647766, -0.1252802461385727, 0.980634868144989, -0.15053284168243408, -0.3126590847969055, 0.10497298836708069, 0.9440472722053528),
            ["HumanoidRootPart"] = CFrame.new(0, 0, 0, 1, 0, 0, 0, 1, 0, 0, 0, 1),
            ["RightUpperLeg"] = CFrame.new(0, 1.9185245037078857e-07, -9.145878721028566e-09, 0.8997868895530701, 0.1860208511352539, 0.39468955993652344, 0.20776531100273132, 0.6127756237983704, -0.7624563574790955, -0.38368892669677734, 0.768051028251648, 0.5127187967300415),
            ["LeftUpperArm"] = CFrame.new(0.04238903522491455, 0.03579521179199219, -0.0173259936273098, -0.3800638020038605, 0.20560848712921143, -0.9018185138702393, -0.12060875445604324, -0.9776729941368103, -0.1720731109380722, -0.9170633554458618, 0.04336842522025108, 0.39637649059295654),
            ["RightLowerArm"] = CFrame.new(5.960464477539063e-08, 8.940696716308594e-07, -0.0000039637088775634766, 1, -0.000019386412532185204, -0.00000112876296043396, 0.00001893192711577285, 0.9864186644554138, -0.16425053775310516, 0.0000042654578464862425, 0.16425056755542755, 0.9864186644554138),
            ["LeftHand"] = CFrame.new(-0.0000014249235391616821, -0.0000016093254089355469, 1.2991949915885925e-07, 0.7769792079925537, 0.6280559301376343, 0.04299550503492355, -0.6008775234222412, 0.7602577209472656, -0.24689045548439026, -0.18774890899658203, 0.16599389910697937, 0.9680891633033752),
            ["LowerTorso"] = CFrame.new(-0.07037870585918427, -0.1871277093887329, 0.15046259760856628, 0.9763666391372681, 0.10379394143819809, -0.18956539034843445, -0.09256652742624283, 0.9934380054473877, 0.06717457622289658, 0.19529373943805695, -0.04803960397839546, 0.9795675873756409),
            ["LeftFoot"] = CFrame.new(-5.587935447692871e-09, -5.960464477539063e-08, 7.450580596923828e-09, 0.997758150100708, 0.06541931629180908, 0.014112408272922039, -0.05161498114466667, 0.886440098285675, -0.45995670557022095, -0.04259983077645302, 0.45819684863090515, 0.8878291845321655),
            ["RightLowerLeg"] = CFrame.new(2.2351741790771484e-08, -0.0007263422012329102, 0.000046187844418454915, 1, 1.266598985694145e-07, 3.1664978195067306e-08, -7.450580596923828e-08, 0.37752565741539, 0.9259990453720093, 1.564621925354004e-07, -0.9259991645812988, 0.37752607464790344),
            ["RightFoot"] = CFrame.new(1.0617077350616455e-07, -1.1920928955078125e-07, 3.894820110872388e-08, 0.9757132530212402, 0.18099211156368256, -0.123392254114151, -0.16413459181785583, 0.9771087765693665, 0.13534602522850037, 0.14506421983242035, -0.11180578917264938, 0.9830849170684814),
            ["LeftLowerLeg"] = CFrame.new(-2.9802322387695312e-08, -0.0007264018058776855, 0.00008095800876617432, 1, 6.705523247774181e-08, 1.4901161193847656e-08, -5.774199962615967e-08, 0.7319338321685791, 0.6813758611679077, 1.6763806343078613e-08, -0.6813756823539734, 0.7319337129592896),
        }},
        {Time = 0.233, Data = {
            ["UpperTorso"] = CFrame.new(5.21540641784668e-08, 2.9802322387695312e-08, -9.313225746154785e-09, 0.9865313172340393, -0.09612397849559784, -0.13234847784042358, 0.07436580955982208, 0.9842283129692078, -0.16051335632801056, 0.14569026231765747, 0.14850927889347076, 0.9781203269958496),
            ["LeftLowerArm"] = CFrame.new(0.0000013113021850585938, -6.556510925292969e-07, 0.000004883855581283569, 1, 1.5947443898767233e-07, 8.579809929187832e-08, -1.30385160446167e-07, 0.9654926061630249, -0.26043060421943665, -1.2293457984924316e-07, 0.26043060421943665, 0.9654926657676697),
            ["RightUpperArm"] = CFrame.new(-0.020072519779205322, -0.03174769878387451, -0.018869847059249878, 0.9757307767868042, -0.19779476523399353, 0.09395106136798859, 0.13673576712608337, 0.8854749202728271, 0.44411414861679077, -0.1710347831249237, -0.42048966884613037, 0.8910307884216309),
            ["Head"] = CFrame.new(9.313225746154785e-09, -5.960464477539062e-07, -7.450580596923828e-09, 0.9823123812675476, 0.14335788786411285, 0.12046155333518982, -0.08594509959220886, 0.9167370200157166, -0.39013671875, -0.1663607358932495, 0.3728831708431244, 0.9128429889678955),
            ["LeftUpperLeg"] = CFrame.new(8.940696716308594e-08, 1.6530975699424744e-08, -7.450580596923828e-09, 0.8611895442008972, -0.015577109530568123, 0.5080453753471375, 0.17778022587299347, 0.9456283450126648, -0.27236223220825195, -0.4761793613433838, 0.32487592101097107, 0.8171343803405762),
            ["RightHand"] = CFrame.new(3.129243850708008e-07, 0.0000010728836059570312, -7.450580596923828e-07, 0.9029626250267029, 0.18400335311889648, 0.38833093643188477, -0.12907052040100098, 0.9780919551849365, -0.16333092749118805, -0.409877210855484, 0.09735973179340363, 0.906930148601532),
            ["HumanoidRootPart"] = CFrame.new(0, 0, 0, 1, 0, 0, 0, 1, 0, 0, 0, 1),
            ["RightUpperLeg"] = CFrame.new(8.940696716308594e-08, -8.940696716308594e-08, -1.6596459317952394e-08, 0.9011693000793457, 0.1815395951271057, 0.39362066984176636, 0.20839625597000122, 0.614795446395874, -0.7606562376022339, -0.3800853490829468, 0.767508864402771, 0.5162023901939392),
            ["LeftUpperArm"] = CFrame.new(0.04335600137710571, 0.03543436527252197, -0.01925697922706604, -0.34023311734199524, 0.2743476927280426, -0.8994302749633789, -0.11615540832281113, -0.9614298939704895, -0.24932006001472473, -0.9331396222114563, 0.01964680477976799, 0.3589772880077362),
            ["RightLowerArm"] = CFrame.new(2.384185791015625e-07, 7.748603820800781e-07, -0.0000034868717193603516, 1, -0.000019386417989153415, -6.966294563426345e-07, 0.000018917025954579003, 0.982570469379425, -0.18589100241661072, 0.000004276633717381628, 0.1858910173177719, 0.9825704097747803),
            ["LeftHand"] = CFrame.new(-0.0000013522803783416748, -0.0000012516975402832031, 2.9010698199272156e-07, 0.7657978534698486, 0.635928213596344, -0.09564805030822754, -0.632724940776825, 0.7184993624687195, -0.2888222336769104, -0.11494725942611694, 0.2816985845565796, 0.9525929093360901),
            ["LowerTorso"] = CFrame.new(-0.07193738967180252, -0.18744540214538574, 0.1471845656633377, 0.9772112965583801, 0.10452356934547424, -0.1847510039806366, -0.0939149558544159, 0.9934369921684265, 0.06529226154088974, 0.19036303460597992, -0.04645345360040665, 0.980614185333252),
            ["LeftFoot"] = CFrame.new(2.421438694000244e-08, -1.7881393432617188e-07, 0, 0.9977032542228699, 0.06631673127412796, 0.0137967923656106, -0.05255701392889023, 0.886387288570404, -0.4599515497684479, -0.042731933295726776, 0.4581700563430786, 0.8878368735313416),
            ["RightLowerLeg"] = CFrame.new(-1.564621925354004e-07, -0.0007264614105224609, 0.00004609843745129183, 1, 1.750886866602741e-07, 3.725290653733282e-08, -8.940698137394065e-08, 0.37305453419685364, 0.9278092980384827, 1.1175872316471214e-07, -0.927809476852417, 0.3730548918247223),
            ["RightFoot"] = CFrame.new(1.7508864402770996e-07, -1.1920928955078125e-07, 3.149762051180005e-08, 0.9755516052246094, 0.18154427409172058, -0.12385810911655426, -0.1653493195772171, 0.9775623083114624, 0.13050520420074463, 0.14477145671844482, -0.10683484375476837, 0.9836806058883667),
            ["LeftLowerLeg"] = CFrame.new(1.30385160446167e-07, -0.0007263422012329102, 0.00008100271224975586, 1, 5.960464477539063e-08, 5.587935447692871e-09, -7.450581307466564e-08, 0.7332140803337097, 0.6799978017807007, 3.9115551686563776e-08, -0.6799978613853455, 0.7332141995429993),
        }},
        {Time = 0.267, Data = {
            ["UpperTorso"] = CFrame.new(-1.30385160446167e-08, -1.7881393432617188e-07, -1.30385160446167e-08, 0.9910249710083008, -0.09556087851524353, -0.09347639977931976, 0.08078878372907639, 0.985268771648407, -0.15072734653949738, 0.10650286078453064, 0.14182263612747192, 0.9841460585594177),
            ["LeftLowerArm"] = CFrame.new(0.0000012814998626708984, -1.7881393432617188e-07, 0.000004803761839866638, 1, 1.5279510989785194e-07, 7.194467599447307e-08, -1.2479722499847412e-07, 0.9438639283180237, -0.33033454418182373, -1.2200325727462769e-07, 0.3303345739841461, 0.9438639283180237),
            ["RightUpperArm"] = CFrame.new(-0.019131898880004883, -0.03152942657470703, -0.020675629377365112, 0.9742791056632996, -0.21689505875110626, 0.0611293688416481, 0.16617415845394135, 0.8747398853302002, 0.4552101194858551, -0.15220503509044647, -0.433343768119812, 0.8882830739021301),
            ["Head"] = CFrame.new(-8.381903171539307e-09, -7.152557373046875e-07, 1.4901161193847656e-08, 0.9903444647789001, 0.12943533062934875, 0.04964379593729973, -0.1021408960223198, 0.9234090447425842, -0.3699769973754883, -0.09372957050800323, 0.36133402585983276, 0.9277136921882629),
            ["LeftUpperLeg"] = CFrame.new(0, -6.007030606269836e-08, -3.725290298461914e-08, 0.8641075491905212, -0.020045749843120575, 0.5029079914093018, 0.17929154634475708, 0.9459180235862732, -0.2703586518764496, -0.47029009461402893, 0.32378605008125305, 0.8209688663482666),
            ["RightHand"] = CFrame.new(8.940696716308594e-08, 9.5367431640625e-07, -6.556510925292969e-07, 0.8404207825660706, 0.18751583993434906, 0.5084585547447205, -0.1129223108291626, 0.9782289266586304, -0.17411698400974274, -0.5300391912460327, 0.08891529589891434, 0.8432989716529846),
            ["HumanoidRootPart"] = CFrame.new(0, 0, 0, 1, 0, 0, 0, 1, 0, 0, 0, 1),
            ["RightUpperLeg"] = CFrame.new(0, 1.955777406692505e-07, -1.6596459317952394e-08, 0.9033514261245728, 0.1756148338317871, 0.3913000524044037, 0.20885394513607025, 0.6167435646057129, -0.758951723575592, -0.3746147155761719, 0.7673245072364807, 0.5204581022262573),
            ["LeftUpperArm"] = CFrame.new(0.0442543625831604, 0.035073041915893555, -0.02114880084991455, -0.2942282557487488, 0.3514558970928192, -0.8887680172920227, -0.11177672445774078, -0.9362035393714905, -0.3332099914550781, -0.9491763710975647, 0.001303803059272468, 0.3147420883178711),
            ["RightLowerArm"] = CFrame.new(3.5762786865234375e-07, 1.1920928955078125e-07, -0.000003874301910400391, 1, -0.000019412493202253245, -4.246830940246582e-07, 0.00001890584644570481, 0.9798130989074707, -0.19991625845432281, 0.0000042766328078869265, 0.19991624355316162, 0.9798129796981812),
            ["LeftHand"] = CFrame.new(-0.0000013941898941993713, -0.0000015497207641601562, 1.0151416063308716e-07, 0.757530152797699, 0.6064444184303284, -0.241604283452034, -0.6522770524024963, 0.6883623600006104, -0.3173203468322754, -0.026125939562916756, 0.397972971200943, 0.9170252084732056),
            ["LowerTorso"] = CFrame.new(-0.07342841476202011, -0.18759703636169434, 0.14532232284545898, 0.9784323573112488, 0.10512975603342056, -0.17781461775302887, -0.09524456411600113, 0.9934414029121399, 0.06326760351657867, 0.183299720287323, -0.044967178255319595, 0.9820281267166138),
