return {
    ["Take On Me"] = {
        {Time = 0.000, Data = {
            ["RightFoot"] = CFrame.new(-5.5442797020077705e-08, 2.980232238769531e-07, -2.5345798349007964e-08, 0.9125382304191589, 0.408991277217865, -0.0005985387833788991, -0.4041132926940918, 0.9014272689819336, -0.15531030297279358, -0.0629810318350792, 0.1419687122106552, 0.9878656268119812),
            ["LeftLowerArm"] = CFrame.new(8.940696716308594e-08, -3.5762786865234375e-07, -4.172325134277344e-07, 1, 1.564621925354004e-07, 5.215404996761208e-08, 4.172325134277344e-07, 0.9221150875091553, -0.3869151175022125, 2.9802322387695312e-08, 0.38691580295562744, 0.9221153259277344),
            ["RightUpperArm"] = CFrame.new(0.03140830993652344, -0.005350589752197266, 0.038853079080581665, 0.600304126739502, -0.35518959164619446, 0.7165719866752625, 0.29472658038139343, -0.7346675395965576, -0.6110645532608032, 0.7434858083724976, 0.5780172944068909, -0.3363402187824249),
            ["Head"] = CFrame.new(-1.1175870895385742e-08, -2.384185791015625e-07, -7.450580596923828e-09, 0.955467700958252, 0.12341982126235962, -0.2680470049381256, -0.19108350574970245, 0.9509503841400146, -0.24327047169208527, 0.22487488389015198, 0.283656507730484, 0.9321857690811157),
            ["RightHand"] = CFrame.new(1.1920928955078125e-07, -5.960464477539062e-07, 7.450580596923828e-08, 0.9470699429512024, -0.040325235575437546, 0.3184848725795746, 0.13038010895252228, 0.9548910856246948, -0.26680421829223633, -0.2933593690395355, 0.29420578479766846, 0.9096060395240784),
            ["UpperTorso"] = CFrame.new(-9.313225746154785e-09, 2.980232238769531e-07, -6.868503987789154e-09, 0.9621781706809998, -0.1967225968837738, 0.1884506195783615, 0.138393372297287, 0.9488224983215332, 0.2838717997074127, -0.234650120139122, -0.24705497920513153, 0.9401612281799316),
            ["HumanoidRootPart"] = CFrame.new(0, 0, 0, 1, 0, 0, 0, 1, 0, 0, 0, 1),
            ["RightUpperLeg"] = CFrame.new(0, 1.7695128917694092e-07, -2.3410393623635173e-08, 0.8192200660705566, -0.5708946585655212, 0.054386287927627563, 0.5498079657554626, 0.7548998594284058, -0.35754334926605225, 0.16306334733963013, 0.3228088915348053, 0.9323115944862366),
            ["LeftUpperArm"] = CFrame.new(0.0011044740676879883, -0.014010787010192871, 0.039908796548843384, 0.5734804272651672, 0.12814731895923615, -0.8091344833374023, 0.36901041865348816, 0.8414072394371033, 0.39479750394821167, 0.7314038872718811, -0.5249878168106079, 0.4352428615093231),
            ["RightLowerArm"] = CFrame.new(-1.1920928955078125e-07, 1.1920928955078125e-07, 3.5762786865234375e-07, 1, -2.980233659855003e-08, 7.450584149637507e-08, 2.477317480042984e-07, 0.2942880690097809, -0.9557167291641235, 2.0861619987044833e-07, 0.9557168483734131, 0.2942882180213928),
            ["LeftHand"] = CFrame.new(-1.4901161193847656e-07, -1.1920928955078125e-07, 1.1920928955078125e-07, 0.9664655923843384, 0.2541123032569885, -0.03702634572982788, -0.24932049214839935, 0.9630630016326904, 0.10173116624355316, 0.06151001900434494, -0.0890885666012764, 0.9941226840019226),
            ["LeftFoot"] = CFrame.new(-3.725290298461914e-08, -5.960464477539063e-08, 1.914690983539913e-08, 0.982526957988739, -0.18289466202259064, -0.034500088542699814, 0.18561743199825287, 0.9765088558197021, 0.10943946987390518, 0.013673711568117142, -0.113930843770504, 0.9933945536613464),
            ["LowerTorso"] = CFrame.new(-0.07027273625135422, -0.1940842866897583, 0.05298667401075363, 0.9677954316139221, 0.16597427427768707, 0.18927407264709473, -0.13960300385951996, 0.9795159101486206, -0.14511919021606445, -0.20948301255702972, 0.11402244865894318, 0.971141517162323),
            ["RightLowerLeg"] = CFrame.new(-1.862645149230957e-09, 1.1920928955078125e-07, 1.3333192327991128e-07, 1, -3.5203981951781316e-07, -6.817283519922057e-07, 8.43778479975299e-07, 0.4547557532787323, 0.8906161189079285, -2.0489100904796942e-07, -0.890616238117218, 0.45475584268569946),
            ["LeftUpperLeg"] = CFrame.new(2.9802322387695312e-08, 1.043081283569336e-07, 3.725290298461914e-08, 0.9540421366691589, 0.22032491862773895, 0.2031266987323761, -0.09573899954557419, 0.8663986325263977, -0.49008938670158386, -0.28396785259246826, 0.4481186866760254, 0.8476744294166565),
            ["LeftLowerLeg"] = CFrame.new(-4.470348358154297e-08, -1.7881393432617188e-07, 2.204652389536932e-07, 1, -4.4703509161081456e-07, -3.799795535996964e-07, 6.109476089477539e-07, 0.689932107925415, 0.7238740921020508, 1.043081283569336e-07, -0.7238742113113403, 0.6899322271347046),
        }},
        {Time = 0.033, Data = {
            ["RightFoot"] = CFrame.new(-1.6624107956886292e-07, 2.980232238769531e-07, -1.0444637155160308e-08, 0.9030027389526367, 0.41993606090545654, -0.09077586233615875, -0.4174402058124542, 0.807581901550293, -0.4165983498096466, -0.10163569450378418, 0.4140836298465729, 0.9045471549034119),
            ["LeftLowerArm"] = CFrame.new(-1.7881393432617188e-07, -5.364418029785156e-07, -5.960464477539063e-08, 1, -4.842877388000488e-07, 3.948808569020912e-07, -4.0233126696875843e-07, 0.9297094345092773, -0.3682931363582611, 1.4901158351676713e-07, 0.3682939410209656, 0.9297097325325012),
            ["RightUpperArm"] = CFrame.new(0.03157377243041992, -0.00977027416229248, 0.03455322980880737, 0.5195049047470093, -0.42167434096336365, 0.7431726455688477, 0.16282528638839722, -0.8049588203430176, -0.5705521106719971, 0.8388103246688843, 0.41741126775741577, -0.3495207130908966),
            ["Head"] = CFrame.new(0, 1.1920928955078125e-07, 0, 0.9492143392562866, 0.1368754655122757, -0.28329724073410034, -0.2089863121509552, 0.947373628616333, -0.2425033301115036, 0.23519545793533325, 0.28939303755760193, 0.927865743637085),
            ["RightHand"] = CFrame.new(0, 5.960464477539063e-08, 3.129243850708008e-07, 0.9238579869270325, -0.2436532974243164, 0.2951597571372986, 0.3221077620983124, 0.9114992022514343, -0.2557659447193146, -0.20671974122524261, 0.3313644826412201, 0.9205784797668457),
            ["UpperTorso"] = CFrame.new(-6.007030606269836e-08, 2.980232238769531e-07, 1.1059455573558807e-08, 0.9567855596542358, -0.20266543328762054, 0.2085384577512741, 0.15268386900424957, 0.9604461193084717, 0.23287509381771088, -0.24748577177524567, -0.19097132980823517, 0.9498847126960754),
            ["HumanoidRootPart"] = CFrame.new(0, 0, 0, 1, 0, 0, 0, 1, 0, 0, 0, 1),
            ["RightUpperLeg"] = CFrame.new(-1.1920928955078125e-07, 2.377200871706009e-07, -1.968510332517326e-08, 0.8096107244491577, -0.5845815539360046, 0.052870072424411774, 0.5534635186195374, 0.730299174785614, -0.40042582154273987, 0.19547072052955627, 0.3534511625766754, 0.9148026704788208),
            ["LeftUpperArm"] = CFrame.new(0.0012781620025634766, -0.01851201057434082, 0.03546831011772156, 0.6558776497840881, 0.11577054858207703, -0.7459368109703064, 0.3729180097579956, 0.8094735741615295, 0.453525573015213, 0.6563205122947693, -0.5756298899650574, 0.4877426326274872),
            ["RightLowerArm"] = CFrame.new(-1.7881393432617188e-07, 8.344650268554688e-07, 4.470348358154297e-07, 1, -2.9802345125062857e-07, -2.980232949312267e-08, 1.7881389169360773e-07, 0.18040676414966583, -0.98359215259552, -7.450579175838357e-08, 0.98359215259552, 0.180406853556633),
            ["LeftHand"] = CFrame.new(-8.940696716308594e-08, -5.960464477539063e-08, -1.1920928955078125e-07, 0.9707306623458862, 0.22319424152374268, 0.08869364112615585, -0.22716599702835083, 0.973136842250824, 0.037418920546770096, -0.07795969396829605, -0.05647290498018265, 0.9953558444976807),
            ["LeftFoot"] = CFrame.new(5.774199962615967e-08, 1.1920928955078125e-07, -1.2518057701527141e-08, 0.9819256663322449, -0.18807879090309143, -0.0211771409958601, 0.1851639300584793, 0.9777782559394836, -0.09830505400896072, 0.03919541835784912, 0.09260755032300949, 0.9949310421943665),
            ["LowerTorso"] = CFrame.new(-0.06806156039237976, -0.30468976497650146, 0.05814317986369133, 0.9631001949310303, 0.16200792789459229, 0.21492215991020203, -0.14262643456459045, 0.9844115376472473, -0.1029159277677536, -0.22824504971504211, 0.06846476346254349, 0.9711934924125671),
            ["RightLowerLeg"] = CFrame.new(-8.754432201385498e-08, -1.1920928955078125e-07, 5.8826117310673e-08, 1, -1.7881380642847944e-07, -6.85453471760411e-07, 8.679933785060712e-07, 0.3671502470970154, 0.9301615953445435, -3.9860640299593797e-07, -0.930161714553833, 0.36715030670166016),
            ["LeftUpperLeg"] = CFrame.new(0, 1.9185245037078857e-07, 1.4901161193847656e-08, 0.956476628780365, 0.23117446899414062, 0.17807534337043762, -0.08143240958452225, 0.7974568009376526, -0.5978555083274841, -0.2802165746688843, 0.5573339462280273, 0.781574010848999),
            ["LeftLowerLeg"] = CFrame.new(-4.470348358154297e-08, -2.384185791015625e-07, -1.222614685048029e-07, 1, -2.3841855067985307e-07, -3.2037499408943404e-07, 6.705525947836577e-07, 0.5589044094085693, 0.8292319774627686, 5.960467319710006e-08, -0.8292321562767029, 0.5589047074317932),
        }},
        {Time = 0.067, Data = {
            ["RightFoot"] = CFrame.new(-4.889443516731262e-08, 3.5762786865234375e-07, 4.54347173217684e-08, 0.8948728442192078, 0.42563143372535706, -0.13431508839130402, -0.4178803265094757, 0.6933010816574097, -0.5871198773384094, -0.15677602589130402, 0.5815252065658569, 0.7982792854309082),
            ["LeftLowerArm"] = CFrame.new(-5.960464477539063e-08, -5.960464477539062e-07, -1.4901161193847656e-07, 1, -4.991889568373153e-07, 2.756714536644722e-07, -4.842874545829545e-07, 0.9345403909683228, -0.35585710406303406, 8.940691031966708e-08, 0.35585734248161316, 0.934540331363678),
            ["RightUpperArm"] = CFrame.new(0.03329038619995117, -0.01852893829345703, 0.030001848936080933, 0.42925089597702026, -0.45222556591033936, 0.7818155884742737, 0.0235464945435524, -0.8597230315208435, -0.5102176666259766, 0.9028783440589905, 0.23742064833641052, -0.3583885133266449),
            ["Head"] = CFrame.new(9.313225746154785e-09, -1.1920928955078125e-07, -9.313225746154785e-10, 0.9456823468208313, 0.13728313148021698, -0.2946835160255432, -0.2128008008003235, 0.9466836452484131, -0.24188032746315002, 0.24576599895954132, 0.2914507985115051, 0.924475908279419),
            ["RightHand"] = CFrame.new(1.1920928955078125e-07, -5.960464477539063e-08, -1.043081283569336e-07, 0.8437175750732422, -0.4562855362892151, 0.2827434837818146, 0.5240700840950012, 0.8141707181930542, -0.24995332956314087, -0.11615174263715744, 0.3590676784515381, 0.9260558485984802),
            ["UpperTorso"] = CFrame.new(-2.9802322387695312e-08, 1.4901161193847656e-07, -6.984919309616089e-09, 0.9615638256072998, -0.13240043818950653, 0.2405518889427185, 0.0940864309668541, 0.981904923915863, 0.1643495261669159, -0.2579589784145355, -0.13539978861808777, 0.9566212296485901),
            ["HumanoidRootPart"] = CFrame.new(0, 0, 0, 1, 0, 0, 0, 1, 0, 0, 0, 1),
            ["RightUpperLeg"] = CFrame.new(-5.960464477539063e-08, -7.473863661289215e-08, -1.223452272824943e-08, 0.8246767520904541, -0.5646527409553528, 0.03279576078057289, 0.5114779472351074, 0.7197504043579102, -0.4694145917892456, 0.2414514422416687, 0.4038895070552826, 0.8823686242103577),
            ["LeftUpperArm"] = CFrame.new(0.0031166672706604004, -0.028206467628479004, 0.03084266185760498, 0.7362270951271057, 0.09789276868104935, -0.6696169376373291, 0.3481220006942749, 0.7937383055686951, 0.49878931045532227, 0.5803281664848328, -0.6003304123878479, 0.5502931475639343),
            ["RightLowerArm"] = CFrame.new(-5.960464477539063e-08, -2.384185791015625e-07, 2.980232238769531e-07, 1, -1.6391288681916194e-07, 3.5762798233918147e-07, -5.215408194203519e-08, 0.06927496939897537, -0.9975975751876831, -2.2724279347130505e-07, 0.9975976943969727, 0.06927522271871567),
            ["LeftHand"] = CFrame.new(-3.725290298461914e-09, -1.1920928955078125e-07, 1.6391277313232422e-07, 0.9501032829284668, 0.18399213254451752, 0.2518942654132843, -0.1857420951128006, 0.9824509024620056, -0.017024876549839973, -0.2506066560745239, -0.03061239793896675, 0.9676051139831543),
            ["LeftFoot"] = CFrame.new(-1.0849907994270325e-07, -5.960464477539063e-08, -5.3496250984608196e-08, 0.9805207848548889, -0.19575738906860352, -0.016070129349827766, 0.18155576288700104, 0.9345182776451111, -0.3061257600784302, 0.07494425028562546, 0.2972451150417328, 0.9518554210662842),
            ["LowerTorso"] = CFrame.new(-0.06830598413944244, -0.45228493213653564, 0.06324420869350433, 0.9661940336227417, 0.09529050439596176, 0.23955973982810974, -0.08268369734287262, 0.9946354627609253, -0.062159083783626556, -0.2441977858543396, 0.04025004431605339, 0.9688897728919983),
            ["RightLowerLeg"] = CFrame.new(-2.60770320892334e-08, 0, 2.9023794922977686e-08, 1, -3.6135315895080566e-07, -6.295741172834823e-07, 7.916243589534133e-07, 0.25151196122169495, 0.9678542017936707, -1.3038518886787642e-07, -0.9678542613983154, 0.2515123188495636),
            ["LeftUpperLeg"] = CFrame.new(0, 1.1641532182693481e-08, 1.4901161193847656e-08, 0.9510316252708435, 0.2981240451335907, 0.08161439746618271, -0.1351577192544937, 0.6385623812675476, -0.7576084136962891, -0.2779770493507385, 0.7094787955284119, 0.6475868225097656),
            ["LeftLowerLeg"] = CFrame.new(-5.960464477539063e-08, -1.7881393432617188e-07, -6.265682372941228e-08, 1, 3.795138425743971e-08, -5.1036488457612e-07, 5.885959808438201e-07, 0.30254459381103516, 0.9531352519989014, -7.4505820180093e-08, -0.9531351923942566, 0.3025447130203247),
        }},
        {Time = 0.100, Data = {
            ["RightFoot"] = CFrame.new(-6.472691893577576e-08, 2.384185791015625e-07, -1.4169927453622222e-08, 0.8865211009979248, 0.445941299200058, -0.12335745990276337, -0.4181232452392578, 0.6579720377922058, -0.6262946724891663, -0.19812512397766113, 0.6068023443222046, 0.7697649002075195),
            ["LeftLowerArm"] = CFrame.new(1.1920928955078125e-07, 8.344650268554688e-07, 2.086162567138672e-07, 1, 3.818423408574745e-07, -3.445892815534535e-08, 3.65544025271447e-07, 0.9368427395820618, -0.34975072741508484, 5.168839223301802e-08, 0.3497510850429535, 0.9368428587913513),
            ["RightUpperArm"] = CFrame.new(0.03645443916320801, -0.01611483097076416, 0.025418132543563843, 0.34536898136138916, -0.4500575065612793, 0.823509931564331, -0.11295459419488907, -0.8910611867904663, -0.439603328704834, 0.9316444993019104, 0.05880618840456009, -0.35858094692230225),
            ["Head"] = CFrame.new(2.3283064365386963e-09, 0, 0, 0.9444093704223633, 0.12526369094848633, -0.30397364497184753, -0.20396509766578674, 0.9483701586723328, -0.24288353323936462, 0.2578551173210144, 0.2913815677165985, 0.9211990833282471),
            ["RightHand"] = CFrame.new(1.1175870895385742e-07, 1.1920928955078125e-07, -2.3096799850463867e-07, 0.7083734273910522, -0.6472647786140442, 0.2815238833427429, 0.7052894830703735, 0.6648063659667969, -0.24616914987564087, -0.02782212384045124, 0.37293538451194763, 0.9274401068687439),
            ["UpperTorso"] = CFrame.new(-3.725290298461914e-09, -1.4901161193847656e-07, -1.30385160446167e-08, 0.9604977369308472, 0.003498319536447525, 0.27826571464538574, -0.030516184866428375, 0.9952150583267212, 0.09282189607620239, -0.2766096889972687, -0.0976468175649643, 0.9560084939002991),
            ["HumanoidRootPart"] = CFrame.new(0, 0, 0, 1, 0, 0, 0, 1, 0, 0, 0, 1),
            ["RightUpperLeg"] = CFrame.new(-8.940696716308594e-08, -1.8463470041751862e-07, -3.272361936978996e-08, 0.8609523177146912, -0.5086816549301147, -0.002052917843684554, 0.43075647950172424, 0.7311972975730896, -0.5289607644081116, 0.27057355642318726, 0.4545256793498993, 0.8486438393592834),
            ["LeftUpperArm"] = CFrame.new(0.006542086601257324, -0.027532339096069336, 0.026208654046058655, 0.8067371249198914, 0.08272601664066315, -0.5850911140441895, 0.3018122613430023, 0.793571949005127, 0.5283491611480713, 0.5080204010009766, -0.6028266549110413, 0.6152361631393433),
            ["RightLowerArm"] = CFrame.new(0, 7.748603820800781e-07, -1.7881393432617188e-07, 1, -5.960465188081798e-08, 2.6822095833267667e-07, 1.1920936060505483e-07, -0.037811029702425, -0.9992849230766296, 1.918525640576263e-07, 0.9992849826812744, -0.03781159967184067),
            ["LeftHand"] = CFrame.new(-4.656612873077393e-10, -5.960464477539063e-08, 1.043081283569336e-07, 0.9236273765563965, 0.1709851175546646, 0.343040406703949, -0.17649255692958832, 0.9841822385787964, -0.015355095267295837, -0.34023967385292053, -0.04636191576719284, 0.9391952157020569),
            ["LeftFoot"] = CFrame.new(1.7695128917694092e-08, -1.7881393432617188e-07, 1.0765006663859822e-08, 0.9748392701148987, -0.22282709181308746, -0.006054017227143049, 0.2030608355998993, 0.8989131450653076, -0.38822808861732483, 0.0919499471783638, 0.37723106145858765, 0.9215434193611145),
            ["LowerTorso"] = CFrame.new(-0.06953727453947067, -0.5741511583328247, 0.06795285642147064, 0.9667141437530518, -0.019428828731179237, 0.25512027740478516, 0.03016781434416771, 0.9988128542900085, -0.03824818134307861, -0.2540742754936218, 0.044671475887298584, 0.966152548789978),
            ["RightLowerLeg"] = CFrame.new(-8.195638656616211e-08, -1.1920928955078125e-07, -7.528433343395591e-08, 1, -2.384184938364342e-07, -6.146731266198913e-07, 7.376077633125533e-07, 0.14779819548130035, 0.9890175461769104, -8.940699558479537e-08, -0.9890176057815552, 0.14779847860336304),
            ["LeftUpperLeg"] = CFrame.new(2.9802322387695312e-08, -2.3096799850463867e-07, 1.30385160446167e-08, 0.9306946396827698, 0.34745892882347107, -0.11436612159013748, -0.26102694869041443, 0.4118030071258545, -0.8730883598327637, -0.25626617670059204, 0.842431366443634, 0.4739590585231781),
            ["LeftLowerLeg"] = CFrame.new(-2.9802322387695312e-08, -1.1920928955078125e-07, -3.099185619248601e-08, 1, 9.499488129449674e-08, -5.587935447692871e-07, 5.587935447692871e-07, 0.0134369982406497, 0.9999097585678101, 8.381903171539307e-08, -0.9999097585678101, 0.013437030836939812),
        }},
        {Time = 0.133, Data = {
            ["RightFoot"] = CFrame.new(1.7415732145309448e-07, 3.5762786865234375e-07, -3.6521669244393706e-08, 0.8796559572219849, 0.4610697627067566, -0.11670560389757156, -0.4196504056453705, 0.6369468569755554, -0.6466772556304932, -0.22382816672325134, 0.6178295612335205, 0.7537827491760254),
            ["LeftLowerArm"] = CFrame.new(-1.1920928955078125e-07, 4.76837158203125e-07, -8.195638656616211e-08, 1, 4.637989263756026e-07, -1.3411040811206476e-07, 6.929040523573349e-07, 0.9367479681968689, -0.35000404715538025, 4.4703490686970326e-08, 0.350004643201828, 0.9367482662200928),
            ["RightUpperArm"] = CFrame.new(0.03821361064910889, -0.0015715360641479492, 0.020586587488651276, 0.2730180323123932, -0.44392073154449463, 0.8534610271453857, -0.24191032350063324, -0.8903384208679199, -0.38571614027023315, 0.9310964345932007, -0.10115355253219604, -0.3504675030708313),
            ["Head"] = CFrame.new(0, -1.1920928955078125e-07, -2.0489096641540527e-08, 0.9408261179924011, 0.11977915465831757, -0.3170158863067627, -0.20305071771144867, 0.9481903910636902, -0.2443469911813736, 0.27132391929626465, 0.2942584156990051, 0.9164035320281982),
            ["RightHand"] = CFrame.new(3.725290298461914e-08, 1.1920928955078125e-07, -6.407499313354492e-07, 0.536889910697937, -0.7927744388580322, 0.28854477405548096, 0.8420408964157104, 0.4824185371398926, -0.24132849276065826, 0.05211976170539856, 0.37253338098526, 0.9265540838241577),
            ["UpperTorso"] = CFrame.new(0, 1.4901161193847656e-07, -1.1175870895385742e-08, 0.9462258219718933, 0.08105404675006866, 0.31318843364715576, -0.10093748569488525, 0.9937450885772705, 0.04777534678578377, -0.30735716223716736, -0.07681865245103836, 0.9484886527061462),
            ["HumanoidRootPart"] = CFrame.new(0, 0, 0, 1, 0, 0, 0, 1, 0, 0, 0, 1),
            ["RightUpperLeg"] = CFrame.new(1.1920928955078125e-07, 1.1548399925231934e-07, -6.6465872805565596e-09, 0.8772582411766052, -0.4796803295612335, -0.018025537952780724, 0.38911473751068115, 0.7326139211654663, -0.5584502816200256, 0.281083345413208, 0.4828910529613495, 0.8293421864509583),
            ["LeftUpperArm"] = CFrame.new(0.00846397876739502, -0.013953566551208496, 0.021211840212345123, 0.8688763976097107, 0.07885126024484634, -0.48870885372161865, 0.2352828085422516, 0.8028147220611572, 0.547841489315033, 0.43554097414016724, -0.5909916162490845, 0.6789944767951965),
            ["RightLowerArm"] = CFrame.new(-5.960464477539063e-08, 4.76837158203125e-07, 8.940696716308594e-08, 1, -2.6822101517609553e-07, 1.1548407030659291e-07, 1.3411050758804777e-07, -0.14089065790176392, -0.9900252223014832, 0, 0.9900252223014832, -0.14089106023311615),
            ["LeftHand"] = CFrame.new(-4.470348358154297e-08, -1.1920928955078125e-07, -1.4901161193847656e-07, 0.8890992403030396, 0.15831080079078674, 0.42946532368659973, -0.17071866989135742, 0.9852715730667114, -0.009764838963747025, -0.42468538880348206, -0.06463608145713806, 0.9030306339263916),
            ["LeftFoot"] = CFrame.new(-3.119930624961853e-08, 1.1920928955078125e-07, 6.012510311848018e-08, 0.9703604578971863, -0.24146677553653717, -0.009735798463225365, 0.21535064280033112, 0.8822870850563049, -0.41856124997138977, 0.10965806990861893, 0.4040586054325104, 0.9081364274024963),
            ["LowerTorso"] = CFrame.new(-0.07027050107717514, -0.647708535194397, 0.07200746983289719, 0.9620800614356995, -0.08270274102687836, 0.2599273920059204, 0.09343321621417999, 0.9951978325843811, -0.029179856181144714, -0.25626590847969055, 0.0523592084646225, 0.9651871919631958),
            ["RightLowerLeg"] = CFrame.new(3.725290298461914e-09, 1.7881393432617188e-07, -3.058084985241294e-08, 1, -1.1175870895385742e-08, -8.493665859532484e-07, 6.631016731262207e-07, 0.08554507791996002, 0.9963343143463135, -1.8998980522155762e-07, -0.9963343739509583, 0.08554518967866898),
            ["LeftUpperLeg"] = CFrame.new(-1.1920928955078125e-07, 1.909211277961731e-07, -5.4016709327697754e-08, 0.906716525554657, 0.35384586453437805, -0.22947391867637634, -0.3352568447589874, 0.2746361196041107, -0.9012090563774109, -0.25586724281311035, 0.8940739631652832, 0.3676465153694153),
            ["LeftLowerLeg"] = CFrame.new(-8.940696716308594e-08, 0, 1.4968472328291682e-07, 1, 2.1420416373985063e-07, -2.607702356272057e-07, 7.003548034845153e-07, -0.13626700639724731, 0.9906721115112305, -7.450583439094771e-08, -0.9906721115112305, -0.13626720011234283),
        }},
        {Time = 0.167, Data = {
            ["RightFoot"] = CFrame.new(5.587935447692871e-09, 2.980232238769531e-07, 1.563239493407309e-08, 0.8723545074462891, 0.4759208858013153, -0.11179033666849136, -0.42066603899002075, 0.6142507791519165, -0.6676344871520996, -0.2490738183259964, 0.6294405460357666, 0.7360484600067139),
            ["LeftLowerArm"] = CFrame.new(-2.9802322387695312e-08, 3.5762786865234375e-07, 1.4901161193847656e-08, 1, -6.70552182668871e-08, 1.2293453721667902e-07, 1.0430805730266002e-07, 0.9342464208602905, -0.35662782192230225, 1.0430805730266002e-07, 0.3566282391548157, 0.9342465996742249),
            ["RightUpperArm"] = CFrame.new(0.038362979888916016, 0.012946128845214844, 0.015901051461696625, 0.21254487335681915, -0.45059046149253845, 0.8670598268508911, -0.3447171747684479, -0.8648608922958374, -0.3649461567401886, 0.9143275618553162, -0.22132299840450287, -0.33914831280708313),
            ["Head"] = CFrame.new(9.313225746154785e-10, 1.1920928955078125e-07, -2.2351741790771484e-08, 0.9361400008201599, 0.12375058233737946, -0.3291322886943817, -0.21122734248638153, 0.9462301135063171, -0.24501349031925201, 0.28111380338668823, 0.298888623714447, 0.9119431972503662),
            ["RightHand"] = CFrame.new(8.940696716308594e-08, 5.960464477539063e-08, 1.30385160446167e-08, 0.35960400104522705, -0.8839698433876038, 0.2988020181655884, 0.9251335263252258, 0.29598942399024963, -0.2377348244190216, 0.12170816957950592, 0.3619222044944763, 0.9242292046546936),
            ["UpperTorso"] = CFrame.new(1.1175870895385742e-08, 1.4901161193847656e-07, 7.450580596923828e-09, 0.9355537295341492, 0.08826781809329987, 0.34197741746902466, -0.10317569971084595, 0.9943334460258484, 0.02561185695230961, -0.337778240442276, -0.05924493819475174, 0.939359188079834),
            ["HumanoidRootPart"] = CFrame.new(0, 0, 0, 1, 0, 0, 0, 1, 0, 0, 0, 1),
            ["RightUpperLeg"] = CFrame.new(5.960464477539063e-08, 1.2759119272232056e-07, 1.5705154510214925e-08, 0.8715334534645081, -0.490310400724411, 0.005036880727857351, 0.39932283759117126, 0.7037659883499146, -0.5875838994979858, 0.28455352783203125, 0.5141102075576782, 0.8091476559638977),
            ["LeftUpperArm"] = CFrame.new(0.008623957633972168, 0.0004950761795043945, 0.016302816569805145, 0.9196396470069885, 0.0880972221493721, -0.3827560245990753, 0.15175026655197144, 0.8191466927528381, 0.5531460046768188, 0.3622635006904602, -0.566778302192688, 0.7399510145187378),
            ["RightLowerArm"] = CFrame.new(0, 1.7881393432617188e-07, 7.450580596923828e-08, 1, -4.731118679046631e-07, -1.8626458597736928e-08, 3.7252917195473856e-07, -0.23881082236766815, -0.9710661172866821, -1.937151665742931e-07, 0.9710661172866821, -0.23881076276302338),
            ["LeftHand"] = CFrame.new(-1.4901161193847656e-07, 1.7881393432617188e-07, 7.450580596923828e-08, 0.8528550267219543, 0.14699144661426544, 0.5010308027267456, -0.16807954013347626, 0.9857684969902039, -0.003097416367381811, -0.494355708360672, -0.08157180994749069, 0.8654239773750305),
            ["LeftFoot"] = CFrame.new(-7.171183824539185e-08, 0, 2.1009554984630086e-08, 0.9680553674697876, -0.25046950578689575, -0.011570245027542114, 0.22152015566825867, 0.8759620785713196, -0.42850810289382935, 0.11746364086866379, 0.41225677728652954, 0.9034639000892639),
            ["LowerTorso"] = CFrame.new(-0.07027050107717514, -0.6945761442184448, 0.0751839131116867, 0.9617245197296143, -0.08829975128173828, 0.25940144062042236, 0.09727276861667633, 0.9950160384178162, -0.021934906020760536, -0.25617173314094543, 0.04632803425192833, 0.9655205011367798),
            ["RightLowerLeg"] = CFrame.new(5.587935447692871e-08, 0, 2.9023794922977686e-08, 1, -1.1548398504146462e-07, -7.301570690287917e-07, 6.593766102014342e-07, 0.019296137616038322, 0.9998137950897217, -8.940699558479537e-08, -0.9998137950897217, 0.019296150654554367),
            ["LeftUpperLeg"] = CFrame.new(5.960464477539063e-08, -1.6763806343078613e-08, -7.450580596923828e-09, 0.9018174409866333, 0.3453105688095093, -0.2597810924053192, -0.34560173749923706, 0.21548917889595032, -0.9133039712905884, -0.25939324498176575, 0.9134140014648438, 0.3136714696884155),
            ["LeftLowerLeg"] = CFrame.new(7.450580596923828e-08, -1.7881393432617188e-07, 8.635478820906428e-08, 1, 2.551823570229317e-07, -7.003546329542587e-07, 2.5704500217216264e-07, -0.2008601725101471, 0.9796200394630432, 7.4505797087454084e-09, -0.9796199202537537, -0.2008596956729889),
        }},
        {Time = 0.200, Data = {
            ["RightFoot"] = CFrame.new(-2.2817403078079224e-08, 2.384185791015625e-07, 1.563239493407309e-08, 0.8695621490478516, 0.48149093985557556, -0.10967376083135605, -0.42094695568084717, 0.6066030263900757, -0.6744153499603271, -0.2581965923309326, 0.6326131224632263, 0.7301613092422485),
            ["LeftLowerArm"] = CFrame.new(-5.960464477539063e-08, -4.172325134277344e-07, -3.2782554626464844e-07, 1, -5.215408904746255e-08, 2.4214376281861405e-08, 2.756714536644722e-07, 0.9291537404060364, -0.369693398475647, 9.313224325069314e-08, 0.3696935176849365, 0.9291538000106812),
            ["RightUpperArm"] = CFrame.new(0.038474082946777344, 0.018825531005859375, 0.012154623866081238, 0.16780121624469757, -0.4574277400970459, 0.8732713460922241, -0.39627552032470703, -0.8424104452133179, -0.36511707305908203, 0.9026674628257751, -0.2847888469696045, -0.3226250410079956),
            ["Head"] = CFrame.new(-7.450580596923828e-09, 2.384185791015625e-07, 1.4901161193847656e-08, 0.9317114949226379, 0.12478850781917572, -0.3410893380641937, -0.2163238376379013, 0.9450401067733765, -0.24515937268733978, 0.29174983501434326, 0.30220356583595276, 0.9074993133544922),
            ["RightHand"] = CFrame.new(-7.450580596923828e-08, -5.960464477539063e-08, 1.862645149230957e-07, 0.21947820484638214, -0.925979733467102, 0.30723094940185547, 0.9597458243370056, 0.14835119247436523, -0.23849496245384216, 0.17526325583457947, 0.3472081124782562, 0.9212651252746582),
            ["UpperTorso"] = CFrame.new(-5.587935447692871e-09, -1.7881393432617188e-07, -1.1175870895385742e-08, 0.9253754615783691, 0.09505634754896164, 0.36693981289863586, -0.10502072423696518, 0.9944437146186829, 0.007236459292471409, -0.36421287059783936, -0.04523268714547157, 0.9302165508270264),
            ["HumanoidRootPart"] = CFrame.new(0, 0, 0, 1, 0, 0, 0, 1, 0, 0, 0, 1),
            ["RightUpperLeg"] = CFrame.new(0, 4.237517714500427e-08, 8.039933163672686e-10, 0.8696953654289246, -0.49341660737991333, 0.013039405457675457, 0.401332825422287, 0.6915163397789001, -0.6006142497062683, 0.28733617067337036, 0.5275843143463135, 0.7994325757026672),
            ["LeftUpperArm"] = CFrame.new(0.00874340534210205, 0.006323575973510742, 0.012376770377159119, 0.9526450634002686, 0.10635931044816971, -0.2848779559135437, 0.06832335889339447, 0.8380165696144104, 0.541350245475769, 0.2963099479675293, -0.5351783037185669, 0.7910653948783875),
            ["RightLowerArm"] = CFrame.new(-5.960464477539063e-08, 1.7881393432617188e-07, -2.086162567138672e-07, 1, -1.8812727375916438e-07, 1.9371518078514782e-07, 1.3411047916633834e-07, -0.3289371132850647, -0.944351851940155, 2.980232949312267e-08, 0.944351851940155, -0.32893726229667664),
            ["LeftHand"] = CFrame.new(7.450580596923828e-09, -1.7881393432617188e-07, 1.4901161193847656e-07, 0.8240836262702942, 0.13829447329044342, 0.5493280291557312, -0.1671464443206787, 0.9859287738800049, 0.0025382202584296465, -0.5412469506263733, -0.09391001611948013, 0.8356029391288757),
            ["LeftFoot"] = CFrame.new(-6.565824151039124e-08, 1.1920928955078125e-07, -3.114450919383671e-08, 0.9672483205795288, -0.25351056456565857, -0.012777215801179409, 0.22345492243766785, 0.87429279088974, -0.43090611696243286, 0.12041027098894119, 0.413938045501709, 0.9023063778877258),
            ["LowerTorso"] = CFrame.new(-0.07027050107717514, -0.7120312452316284, 0.0772579237818718, 0.9614775776863098, -0.09226671606302261, 0.2589358985424042, 0.09985237568616867, 0.9948692917823792, -0.016268517822027206, -0.25610631704330444, 0.04149717837572098, 0.9657575488090515),
            ["RightLowerLeg"] = CFrame.new(1.1920928955078125e-07, 5.960464477539063e-08, -4.5482011046260595e-08, 1, -7.450577932388569e-09, -7.525089813498198e-07, 7.115304470062256e-07, -0.004122807178646326, 0.9999915361404419, -1.1175870895385742e-07, -0.9999914765357971, -0.004122542217373848),
            ["LeftUpperLeg"] = CFrame.new(-5.960464477539063e-08, -2.514570951461792e-08, -3.3527612686157227e-08, 0.8994781970977783, 0.34188929200172424, -0.2721231281757355, -0.3494247496128082, 0.18884073197841644, -0.9177371859550476, -0.26237648725509644, 0.920570969581604, 0.2893224358558655),
            ["LeftLowerLeg"] = CFrame.new(-2.9802322387695312e-08, 5.960464477539063e-08, 1.7576175537215022e-07, 1, 2.644956111907959e-07, -6.034971988810867e-07, 3.8370507127183373e-07, -0.2246008664369583, 0.974450945854187, 5.960467319710006e-08, -0.9744508862495422, -0.22460079193115234),
        }},
        {Time = 0.233, Data = {
            ["RightFoot"] = CFrame.new(3.818422555923462e-08, 4.172325134277344e-07, -2.162050805054605e-08, 0.8732128739356995, 0.4749850034713745, -0.10903670638799667, -0.4192922115325928, 0.6182077527046204, -0.6648401021957397, -0.24838164448738098, 0.6262655258178711, 0.738985002040863),
            ["LeftLowerArm"] = CFrame.new(2.9802322387695312e-08, -2.980232238769531e-07, 8.940696716308594e-08, 1, -2.1886080503463745e-07, 1.6950065173659823e-07, 1.0523937277184814e-07, 0.9212250113487244, -0.3890296518802643, 9.592615413112071e-08, 0.3890303373336792, 0.9212252497673035),
            ["RightUpperArm"] = CFrame.new(0.038368940353393555, 0.009941339492797852, 0.009666971862316132, 0.15956135094165802, -0.48109740018844604, 0.8620240688323975, -0.4045197665691376, -0.8283981084823608, -0.3874536454677582, 0.9005020260810852, -0.28688305616378784, -0.3267936706542969),
            ["Head"] = CFrame.new(-1.6763806343078613e-08, 2.384185791015625e-07, 1.1175870895385742e-08, 0.9272097945213318, 0.12358343601226807, -0.35356634855270386, -0.21925970911979675, 0.9444345235824585, -0.2448854297399521, 0.3036564886569977, 0.30458298325538635, 0.9027856588363647),
            ["RightHand"] = CFrame.new(-1.4901161193847656e-07, 0, -5.21540641784668e-08, 0.1851063370704651, -0.9395340085029602, 0.28811728954315186, 0.9498701691627502, 0.09588749706745148, -0.29757753014564514, 0.25195708870887756, 0.3287576735019684, 0.9101846814155579),
            ["UpperTorso"] = CFrame.new(-9.313225746154785e-09, -4.172325134277344e-07, 1.1175870895385742e-08, 0.9163015484809875, 0.09989605844020844, 0.3878304064273834, -0.10575990378856659, 0.9943720698356628, -0.006255021318793297, -0.3862726092338562, -0.0352853424847126, 0.9217095375061035),
            ["HumanoidRootPart"] = CFrame.new(0, 0, 0, 1, 0, 0, 0, 1, 0, 0, 0, 1),
            ["RightUpperLeg"] = CFrame.new(0, -4.7101639211177826e-07, -2.9212969820946455e-09, 0.8726139068603516, -0.4884105622768402, 0.00013808533549308777, 0.392000287771225, 0.700194776058197, -0.5967099666595459, 0.2913428843021393, 0.5207518339157104, 0.8024570345878601),
            ["LeftUpperArm"] = CFrame.new(0.008626341819763184, -0.0024955272674560547, 0.009768545627593994, 0.9694781303405762, 0.1365814357995987, -0.2036116123199463, -0.012101870030164719, 0.8561103343963623, 0.5166515111923218, 0.24487905204296112, -0.49841824173927307, 0.8316329717636108),
            ["RightLowerArm"] = CFrame.new(0, 4.76837158203125e-07, -8.940696716308594e-08, 1, -3.911558010827321e-08, 2.2351753159455257e-07, 1.4528630742915993e-07, -0.3964286148548126, -0.9180657267570496, 1.341104365337742e-07, 0.91806560754776, -0.39642834663391113),
            ["LeftHand"] = CFrame.new(2.60770320892334e-08, -1.1920928955078125e-07, 5.960464477539063e-08, 0.8126851320266724, 0.1335405856370926, 0.567194938659668, -0.16590243577957153, 0.9861266016960144, 0.005534130614250898, -0.5585869550704956, -0.09859739989042282, 0.8235650658607483),
            ["LeftFoot"] = CFrame.new(-2.3748725652694702e-08, 0, -1.950297701114323e-08, 0.9683606028556824, -0.24926000833511353, -0.012143409810960293, 0.22046774625778198, 0.8772763013839722, -0.42635688185691833, 0.11692686378955841, 0.4101898968219757, 0.9044735431671143),
            ["LowerTorso"] = CFrame.new(-0.07027050107717514, -0.6933482885360718, 0.07798660546541214, 0.9613248109817505, -0.09487145394086838, 0.2585615813732147, 0.10141544789075851, 0.9947711229324341, -0.012058302760124207, -0.25606557726860046, 0.03781408071517944, 0.965919554233551),
            ["RightLowerLeg"] = CFrame.new(-6.705522537231445e-08, 5.960464477539063e-08, -7.785274647176266e-10, 1, 1.0803339023368608e-07, -7.823114174243528e-07, 6.891789325891295e-07, 0.02365255542099476, 0.9997203350067139, -3.166497890561004e-07, -0.9997203350067139, 0.023652128875255585),
            ["LeftUpperLeg"] = CFrame.new(0, -3.6973506212234497e-07, 9.313225746154785e-09, 0.900600016117096, 0.3458358347415924, -0.26328185200691223, -0.34561800956726074, 0.20248548686504364, -0.9162684082984924, -0.26356762647628784, 0.9161862730979919, 0.30188560485839844),
            ["LeftLowerLeg"] = CFrame.new(0, 0, 1.161571105967596e-07, 1, 3.669411512419174e-07, -5.289912223815918e-07, 4.1350747892465733e-07, -0.20107468962669373, 0.9795758724212646, 9.685760460342863e-08, -0.9795759916305542, -0.20107483863830566),
        }},
        {Time = 0.267, Data = {
            ["RightFoot"] = CFrame.new(5.3085386753082275e-08, 4.172325134277344e-07, -8.122515282593668e-08, 0.8759912848472595, 0.4700453579425812, -0.10815266519784927, -0.4175753593444824, 0.6268573999404907, -0.6577842831611633, -0.2413921356201172, 0.621375322341919, 0.7454012036323547),
            ["LeftLowerArm"] = CFrame.new(-2.086162567138672e-07, -1.1920928955078125e-07, -3.5762786865234375e-07, 1, 1.1175870895385742e-08, -4.4703469370688254e-08, 2.3096791323951038e-07, 0.910092830657959, -0.4144038259983063, -8.195635814445268e-08, 0.41440442204475403, 0.9100931286811829),
            ["RightUpperArm"] = CFrame.new(0.037847042083740234, 0.005055904388427734, 0.008780181407928467, 0.27361032366752625, -0.5529695749282837, 0.7869957089424133, -0.31038814783096313, -0.825205385684967, -0.4719060957431793, 0.9103826284408569, -0.11515583097934723, -0.39741984009742737),
            ["Head"] = CFrame.new(-2.421438694000244e-08, 1.1920928955078125e-07, 1.4901161193847656e-08, 0.9231943488121033, 0.1211666464805603, -0.3647339642047882, -0.2204086184501648, 0.9443531036376953, -0.24416662752628326, 0.3148527443408966, 0.30580374598503113, 0.8985275030136108),
            ["RightHand"] = CFrame.new(-1.862645149230957e-07, 5.960464477539063e-08, 6.705522537231445e-08, 0.24087586998939514, -0.9417600035667419, 0.234663724899292, 0.90852952003479, 0.1337432712316513, -0.39583706855773926, 0.3413985073566437, 0.3085464835166931, 0.8878322839736938),
            ["UpperTorso"] = CFrame.new(-9.313225746154785e-09, -1.1920928955078125e-07, 0, 0.9100011587142944, 0.10188846290111542, 0.4018913507461548, -0.1052500531077385, 0.9943504929542542, -0.0137728750705719, -0.40102410316467285, -0.02976573444902897, 0.9155838489532471),
            ["HumanoidRootPart"] = CFrame.new(0, 0, 0, 1, 0, 0, 0, 1, 0, 0, 0, 1),
            ["RightUpperLeg"] = CFrame.new(-1.1920928955078125e-07, -1.9371509552001953e-07, -5.715264705941081e-09, 0.8745077252388, -0.4848988652229309, -0.010466505773365498, 0.3853454291820526, 0.7077456116676331, -0.5921187996864319, 0.2945254445075989, 0.5137794613838196, 0.8057827949523926),
            ["LeftUpperArm"] = CFrame.new(0.0080527663230896, -0.007088065147399902, 0.008837509900331497, 0.9730736613273621, 0.17911109328269958, -0.14507590234279633, -0.08805914223194122, 0.8705490827560425, 0.4841383993625641, 0.21301022171974182, -0.45832690596580505, 0.8628805875778198),
            ["RightLowerArm"] = CFrame.new(-1.4901161193847656e-07, 3.5762786865234375e-07, -1.4901161193847656e-07, 1, -8.56817479188976e-08, 3.725292518907963e-09, 3.427266221933678e-07, -0.4250795841217041, -0.9051563739776611, 1.7881389169360773e-07, 0.9051560163497925, -0.4250788986682892),
            ["LeftHand"] = CFrame.new(-1.4901161193847656e-08, 2.980232238769531e-07, -1.1920928955078125e-07, 0.831365168094635, 0.1193704903125763, 0.5427547097206116, -0.13497017323970795, 0.9907867312431335, -0.011167313903570175, -0.5390872955322266, -0.06397230923175812, 0.8398171067237854),
            ["LeftFoot"] = CFrame.new(-2.7939677238464355e-09, 0, -3.300715434306767e-08, 0.9690934419631958, -0.2463972419500351, -0.012097818776965141, 0.21824654936790466, 0.8791725039482117, -0.4235849976539612, 0.11500643938779831, 0.4078530967235565, 0.9057756066322327),
            ["LowerTorso"] = CFrame.new(-0.07027050107717514, -0.6784018278121948, 0.07714579254388809, 0.961244523525238, -0.09638909250497818, 0.25829851627349854, 0.10221612453460693, 0.9947198033332825, -0.009193068370223045, -0.2560485303401947, 0.03523905947804451, 0.9660214185714722),
