return {
    ["Taste"] = {
        {Time = 0.000, Data = {
            ["RightFoot"] = CFrame.new(1.434236764907837e-07, -5.960464477539063e-08, 1.6952981241047382e-09, 0.9688174724578857, 0.20065784454345703, -0.14535842835903168, -0.21447817981243134, 0.972892165184021, -0.086487777531147, 0.124063640832901, 0.11496695876121521, 0.9855916500091553),
            ["LeftLowerArm"] = CFrame.new(0.0000014007091522216797, -4.76837158203125e-07, 0.0000050067901611328125, 1, 1.7136336794010276e-07, 1.005828522693264e-07, -1.2665987014770508e-07, 0.9995908141136169, -0.028607048094272614, -9.685754776000977e-08, 0.0286070816218853, 0.9995907545089722),
            ["RightUpperArm"] = CFrame.new(0.028164029121398926, -0.0752800703048706, 0.0075806304812431335, 0.6696580648422241, -0.3243802487850189, -0.6680834293365479, 0.2880043685436249, 0.9426012635231018, -0.16898594796657562, 0.6845521926879883, -0.07924822717905045, 0.7246435284614563),
            ["Head"] = CFrame.new(-2.7939677238464355e-08, -8.344650268554688e-07, 2.0489096641540527e-08, 0.9831739664077759, 0.011945541948080063, -0.1822807490825653, -0.014775007963180542, 0.9997904896736145, -0.014171931892633438, 0.18207325041294098, 0.016626475378870964, 0.9831443428993225),
            ["RightHand"] = CFrame.new(4.6938657760620117e-07, 0.0000014901161193847656, -7.897615432739258e-07, 0.6912755370140076, -0.7049446702003479, 0.15871591866016388, 0.6434786319732666, 0.7004882097244263, 0.3086288273334503, -0.3287450969219208, -0.11121724545955658, 0.937847375869751),
            ["UpperTorso"] = CFrame.new(-4.6566128730773926e-09, 5.662441253662109e-07, -2.1187588572502136e-08, 0.9657001495361328, 0.20941418409347534, 0.15352199971675873, -0.21870902180671692, 0.9746960401535034, 0.046197038143873215, -0.13996288180351257, -0.07818905264139175, 0.987064778804779),
            ["HumanoidRootPart"] = CFrame.new(0, 0, 0, 1, 0, 0, 0, 1, 0, 0, 0, 1),
            ["RightUpperLeg"] = CFrame.new(-2.9802322387695312e-08, 2.5623012334108353e-07, 1.5999830793589354e-08, 0.9288200736045837, -0.08829029649496078, -0.3598586916923523, -0.03280538320541382, 0.9477878212928772, -0.3172101378440857, 0.3690762221813202, 0.30643630027770996, 0.8774276971817017),
            ["LeftUpperArm"] = CFrame.new(0.10248643159866333, 0.08095359802246094, 0.013960190117359161, 0.9411433339118958, 0.07444888353347778, 0.3297068178653717, -0.19624832272529602, 0.9145475625991821, 0.3536797761917114, -0.27520158886909485, -0.39756786823272705, 0.8753308057785034),
            ["RightLowerArm"] = CFrame.new(-8.940696716308594e-08, -1.7881393432617188e-07, -0.000003769993782043457, 1, -0.000018935657863039523, -0.000004179776624368969, 0.00001889281702460721, 0.9999971985816956, -0.0023737498559057713, 0.000004306436949264025, 0.002373752184212208, 0.9999971985816956),
            ["LeftHand"] = CFrame.new(-0.0000013709068298339844, -0.0000013709068298339844, 2.384185791015625e-07, 0.899379551410675, 0.4329220950603485, 0.060784801840782166, -0.4354058802127838, 0.874576985836029, 0.21339455246925354, 0.03922221064567566, -0.2183888852596283, 0.9750733375549316),
            ["LeftFoot"] = CFrame.new(-1.0011717677116394e-08, -2.980232238769531e-07, 1.0710209608078003e-08, 0.9999046325683594, -0.008414190262556076, -0.010951295495033264, 0.005393838509917259, 0.9679228663444519, -0.25118979811668396, 0.012713643722236156, 0.25110679864883423, 0.9678760170936584),
            ["LowerTorso"] = CFrame.new(0.016413047909736633, -0.11905300617218018, 0.024291902780532837, 0.9890939593315125, -0.1377561092376709, 0.052118945866823196, 0.1434999406337738, 0.9810340404510498, -0.13030768930912018, -0.03317977860569954, 0.1363656222820282, 0.9901028275489807),
            ["RightLowerLeg"] = CFrame.new(0, -0.0007264018058776855, 0.0000461207891930826, 1, 1.7881401959130017e-07, 3.725291630729544e-09, -1.043081283569336e-07, 0.37657225131988525, 0.9263873100280762, 8.381903171539307e-08, -0.9263873100280762, 0.37657225131988525),
            ["LeftUpperLeg"] = CFrame.new(-8.940696716308594e-08, 4.079192876815796e-07, 1.1175870895385742e-08, 0.9877321124076843, 0.0963098332285881, -0.12292172014713287, -0.1427236944437027, 0.876188337802887, -0.46035236120224, 0.06336604058742523, 0.4722484052181244, 0.879184901714325),
            ["LeftLowerLeg"] = CFrame.new(-6.379559636116028e-08, -0.0007268190383911133, 0.00008118152618408203, 1, 7.124616985265675e-08, 5.704349881341386e-09, -7.130438461899757e-08, 0.6343429088592529, 0.7730516791343689, -2.3283064365386963e-09, -0.7730517387390137, 0.6343429684638977),
        }},
        {Time = 0.033, Data = {
            ["RightFoot"] = CFrame.new(2.2258609533309937e-07, -1.1920928955078125e-07, -9.480572771281004e-09, 0.982250988483429, 0.16040371358394623, -0.09723024070262909, -0.1697218120098114, 0.9807440042495728, -0.09662121534347534, 0.07985948026180267, 0.11140850186347961, 0.99056077003479),
            ["LeftLowerArm"] = CFrame.new(0.0000011622905731201172, -4.172325134277344e-07, 0.00000476837158203125, 1, 1.7136335372924805e-07, 1.303851746570217e-07, -1.6391278734317893e-07, 0.9995907545089722, -0.028607018291950226, -9.313227167240257e-08, 0.028607025742530823, 0.9995907545089722),
            ["RightUpperArm"] = CFrame.new(0.0267828106880188, -0.08075237274169922, -0.007578540593385696, 0.6596343517303467, -0.33014246821403503, -0.675195038318634, 0.24812959134578705, 0.9436489939689636, -0.2189941704273224, 0.7094464302062988, -0.023079784587025642, 0.7043814659118652),
            ["Head"] = CFrame.new(-8.381903171539307e-09, -8.344650268554688e-07, 3.725290298461914e-09, 0.9939247369766235, 0.02648729830980301, -0.10682789981365204, -0.02884315326809883, 0.9993723034858704, -0.02056950144469738, 0.10621604323387146, 0.023525703698396683, 0.9940647482872009),
            ["RightHand"] = CFrame.new(3.0547380447387695e-07, 0.0000012516975402832031, -7.301568984985352e-07, 0.7754058837890625, -0.612872302532196, 0.15209470689296722, 0.531890332698822, 0.7637282013893127, 0.36580368876457214, -0.34035027027130127, -0.20274870097637177, 0.9181801676750183),
            ["UpperTorso"] = CFrame.new(2.2118911147117615e-09, 8.940696716308594e-08, 1.3969838619232178e-09, 0.9800507426261902, 0.18055672943592072, 0.08306528627872467, -0.18794770538806915, 0.9778653383255005, 0.09195177257061005, -0.0646241307258606, -0.10572933405637741, 0.9922928214073181),
            ["HumanoidRootPart"] = CFrame.new(0, 0, 0, 1, 0, 0, 0, 1, 0, 0, 0, 1),
            ["RightUpperLeg"] = CFrame.new(-5.960464477539063e-08, -1.3317912817001343e-07, 2.438173396512866e-08, 0.9039705991744995, -0.2178478091955185, -0.36793947219848633, -0.011657506227493286, 0.8476110100746155, -0.530489981174469, 0.42743581533432007, 0.48383674025535583, 0.7636758685112),
            ["LeftUpperArm"] = CFrame.new(0.10296159982681274, 0.08604514598846436, -0.006296262145042419, 0.9204253554344177, 0.05069293454289436, 0.3876174986362457, -0.18449187278747559, 0.9305140376091003, 0.31639599800109863, -0.34464457631111145, -0.3627312481403351, 0.8658211827278137),
            ["RightLowerArm"] = CFrame.new(4.172325134277344e-07, 5.960464477539063e-08, -0.00000406801700592041, 1, -0.000018902130250353366, -0.00000423938126914436, 0.00001890585190267302, 0.9999972581863403, -0.002373707015067339, 0.000004377217010187451, 0.0023737559095025063, 0.9999972581863403),
            ["LeftHand"] = CFrame.new(-0.000001341104507446289, -0.0000013709068298339844, 3.5762786865234375e-07, 0.8674227595329285, 0.49511557817459106, 0.04937740042805672, -0.47832709550857544, 0.802424430847168, 0.3568171262741089, 0.13704419136047363, -0.3331300914287567, 0.9328684210777283),
            ["LeftFoot"] = CFrame.new(4.262255970388651e-08, -2.384185791015625e-07, 3.725290298461914e-09, 0.9993834495544434, -0.006879209540784359, 0.0344296358525753, 0.01669575273990631, 0.9557648301124573, -0.2936580777168274, -0.030886471271514893, 0.2940516173839569, 0.9552903175354004),
            ["LowerTorso"] = CFrame.new(0.0005835006013512611, -0.1384817361831665, -0.03271609544754028, 0.9929184317588806, -0.10605059564113617, 0.0535397008061409, 0.11337019503116608, 0.9805430173873901, -0.16025811433792114, -0.035502515733242035, 0.16519302129745483, 0.9856221079826355),
            ["RightLowerLeg"] = CFrame.new(-1.0989606380462646e-07, -0.0007265210151672363, 0.00004607608570950106, 1, 1.4342376175591198e-07, 9.31322907682386e-10, -7.264315371457997e-08, 0.2363237738609314, 0.9716744422912598, 1.555308557499302e-07, -0.9716744422912598, 0.23632389307022095),
            ["LeftUpperLeg"] = CFrame.new(2.9802322387695312e-08, 2.514570951461792e-08, 2.421438694000244e-08, 0.9893182516098022, 0.04201177507638931, -0.13958723843097687, -0.09760844707489014, 0.9021292924880981, -0.42028000950813293, 0.10826901346445084, 0.42941561341285706, 0.8965936303138733),
            ["LeftLowerLeg"] = CFrame.new(1.280568540096283e-09, -0.0007262825965881348, 0.00008084811270236969, 1, 4.889444582545366e-08, 4.3044568798222826e-08, -7.677591185029087e-08, 0.6078330278396606, 0.7940651774406433, 3.702007589367895e-08, -0.7940648198127747, 0.6078327894210815),
        }},
        {Time = 0.067, Data = {
            ["RightFoot"] = CFrame.new(6.239861249923706e-08, 0, -2.8107024263590574e-08, 0.9811007380485535, 0.17343227565288544, -0.08580569922924042, -0.18470029532909393, 0.9715726375579834, -0.1480962187051773, 0.057681672275066376, 0.16114559769630432, 0.9852436780929565),
            ["LeftLowerArm"] = CFrame.new(0.0000012218952178955078, -2.384185791015625e-07, 0.000004738569259643555, 1, 1.564622067462551e-07, 1.1175872316471214e-07, -1.564622067462551e-07, 0.9995907545089722, -0.02860701084136963, -1.4156104555240745e-07, 0.028607022017240524, 0.9995907545089722),
            ["RightUpperArm"] = CFrame.new(0.02503126859664917, -0.08135664463043213, -0.021572167053818703, 0.6471056342124939, -0.31860116124153137, -0.692638099193573, 0.1753155142068863, 0.9463344812393188, -0.27150651812553406, 0.7419695854187012, 0.05426323413848877, 0.6682340502738953),
            ["Head"] = CFrame.new(-1.862645149230957e-09, -1.1920928955078125e-07, 9.080395102500916e-09, 0.9976232051849365, 0.06090960279107094, -0.03221756964921951, -0.06277652829885483, 0.9961907863616943, -0.060524191707372665, 0.028408363461494446, 0.06240274757146835, 0.997646689414978),
            ["RightHand"] = CFrame.new(3.129243850708008e-07, 9.5367431640625e-07, -8.717179298400879e-07, 0.8520157933235168, -0.49878817796707153, 0.1589939445257187, 0.4035440683364868, 0.8192122578620911, 0.40748441219329834, -0.33349859714508057, -0.28302234411239624, 0.899264931678772),
            ["UpperTorso"] = CFrame.new(7.3450792115181684e-09, 0, -2.7124769985675812e-08, 0.9854075312614441, 0.16715559363365173, 0.032108183950185776, -0.17002317309379578, 0.9755200147628784, 0.13947395980358124, -0.008008322678506374, -0.1428978145122528, 0.9897051453590393),
            ["HumanoidRootPart"] = CFrame.new(0, 0, 0, 1, 0, 0, 0, 1, 0, 0, 0, 1),
            ["RightUpperLeg"] = CFrame.new(0, 9.872019290924072e-08, -2.4047039914876223e-08, 0.9078037142753601, -0.2775488793849945, -0.31441861391067505, 0.008435164578258991, 0.7616266012191772, -0.6479613780975342, 0.4193105399608612, 0.585569441318512, 0.6937485337257385),
            ["LeftUpperArm"] = CFrame.new(0.10146206617355347, 0.08678805828094482, -0.02442697063088417, 0.8864452242851257, 0.04446857050061226, 0.460692435503006, -0.18140730261802673, 0.9491125345230103, 0.2574431300163269, -0.4258009195327759, -0.3117821514606476, 0.8494030237197876),
            ["RightLowerArm"] = CFrame.new(5.364418029785156e-07, 3.5762786865234375e-07, -0.0000037103891372680664, 1, -0.000018969178199768066, -0.000004170462943875464, 0.000018894672393798828, 0.9999510645866394, -0.009892315603792667, 0.000004278495907783508, 0.009892366826534271, 0.9999511241912842),
            ["LeftHand"] = CFrame.new(-0.0000014603137969970703, -8.940696716308594e-07, 3.8743019104003906e-07, 0.8545026779174805, 0.5167035460472107, 0.053312260657548904, -0.49061959981918335, 0.7691042423248291, 0.4095989763736725, 0.17063875496387482, -0.3761597275733948, 0.9107065796852112),
            ["LeftFoot"] = CFrame.new(-6.402842700481415e-09, -1.7881393432617188e-07, 2.7939677238464355e-08, 0.9989789724349976, -0.003211749717593193, 0.045063506811857224, 0.019126318395137787, 0.9337375164031982, -0.3574473261833191, -0.04092947393655777, 0.3579442799091339, 0.9328455328941345),
            ["LowerTorso"] = CFrame.new(-0.009624230675399303, -0.1796250343322754, -0.07488295435905457, 0.9950807094573975, -0.09179862588644028, 0.03725052624940872, 0.09725967049598694, 0.9767482876777649, -0.19105863571166992, -0.018845461308956146, 0.19374173879623413, 0.9808715581893921),
            ["RightLowerLeg"] = CFrame.new(-1.862645149230957e-09, -0.0007262229919433594, 0.00004610588803188875, 1, 1.2479725342018355e-07, 1.1641532182693481e-07, -9.592621097453957e-08, 0.1412106454372406, 0.9899795651435852, 1.378357268322361e-07, -0.98997962474823, 0.14121070504188538),
            ["LeftUpperLeg"] = CFrame.new(-1.1920928955078125e-07, 1.5832483768463135e-08, -4.470348358154297e-08, 0.9923310279846191, 0.0234951451420784, -0.12135519087314606, -0.07230757176876068, 0.906604528427124, -0.4157402515411377, 0.10025328397750854, 0.42132672667503357, 0.9013506174087524),
            ["LeftLowerLeg"] = CFrame.new(4.237517714500427e-08, -0.0007266998291015625, 0.000080915167927742, 1, 6.984919309616089e-08, 5.029141902923584e-08, -8.475034718458119e-08, 0.5302231907844543, 0.8478582501411438, 4.656612162534657e-08, -0.8478581309318542, 0.5302230715751648),
        }},
        {Time = 0.100, Data = {
            ["RightFoot"] = CFrame.new(1.7508864402770996e-07, 0, 1.6952981241047382e-09, 0.9808677434921265, 0.1457597315311432, -0.1290455311536789, -0.15323852002620697, 0.9869232177734375, -0.050005897879600525, 0.12006927281618118, 0.06882400065660477, 0.9903770089149475),
            ["LeftLowerArm"] = CFrame.new(0.0000013113021850585938, -3.5762786865234375e-07, 0.000004805624485015869, 1, 1.7881397695873602e-07, 1.5273694486950262e-07, -1.3411046495548362e-07, 0.9973758459091187, -0.07239808142185211, -1.3690443267933006e-07, 0.0723981186747551, 0.9973759055137634),
            ["RightUpperArm"] = CFrame.new(0.022423863410949707, -0.08145284652709961, -0.033480141311883926, 0.6381133198738098, -0.2812848389148712, -0.716721773147583, 0.052285123616456985, 0.9445592164993286, -0.32415157556533813, 0.7681651711463928, 0.1693713665008545, 0.6174429059028625),
            ["Head"] = CFrame.new(-8.498318493366241e-09, -3.5762786865234375e-07, 2.1827872842550278e-11, 0.9964013695716858, 0.0811924934387207, 0.024336479604244232, -0.07884766906499863, 0.9932219386100769, -0.08540034294128418, -0.03110537864267826, 0.08317388594150543, 0.9960495233535767),
            ["RightHand"] = CFrame.new(1.9371509552001953e-07, 8.940696716308594e-07, -9.406358003616333e-07, 0.9068483710289001, -0.3783908486366272, 0.1855967938899994, 0.25689759850502014, 0.8453858494758606, 0.468323290348053, -0.3341103196144104, -0.3770189881324768, 0.8638444542884827),
            ["UpperTorso"] = CFrame.new(1.4173565432429314e-08, 2.086162567138672e-07, -3.68745531886816e-08, 0.9896131753921509, 0.14356419444084167, 0.007424282841384411, -0.14217066764831543, 0.9697446823120117, 0.198451429605484, 0.021290834993124008, -0.19744551181793213, 0.980082631111145),
            ["HumanoidRootPart"] = CFrame.new(0, 0, 0, 1, 0, 0, 0, 1, 0, 0, 0, 1),
            ["RightUpperLeg"] = CFrame.new(0, -2.5704503059387207e-07, 4.6733475755900145e-08, 0.9229182004928589, -0.2900024950504303, -0.2532205283641815, -0.023321539163589478, 0.6144018769264221, -0.7886486649513245, 0.3842892348766327, 0.7337635159492493, 0.5602791905403137),
            ["LeftUpperArm"] = CFrame.new(0.09912490844726562, 0.08807659149169922, -0.03907698765397072, 0.8481564521789551, 0.07828884571790695, 0.5239288210868835, -0.14685386419296265, 0.985005259513855, 0.09054674208164215, -0.508983850479126, -0.1537388563156128, 0.8469356894493103),
            ["RightLowerArm"] = CFrame.new(3.2782554626464844e-07, 5.364418029785156e-07, -0.0000040084123611450195, 1, -0.000019212258848710917, -0.00000276742525784357, 0.000018899332644650713, 0.9965875148773193, -0.08254306763410568, 0.000004179310963081662, 0.08254311233758926, 0.9965875744819641),
            ["LeftHand"] = CFrame.new(-0.0000013262033462524414, -0.0000010728836059570312, 1.1920928955078125e-07, 0.8667439818382263, 0.4944283366203308, 0.06553655117750168, -0.4783381521701813, 0.7868489027023315, 0.38995087146759033, 0.14123539626598358, -0.36933639645576477, 0.918500542640686),
            ["LeftFoot"] = CFrame.new(-1.5599653124809265e-08, -1.1920928955078125e-07, -2.421438694000244e-08, 0.9995099306106567, -0.003575288224965334, 0.031098417937755585, 0.01612389087677002, 0.9103309512138367, -0.4135667085647583, -0.026831239461898804, 0.4138658344745636, 0.909942626953125),
            ["LowerTorso"] = CFrame.new(-0.009705942124128342, -0.22378289699554443, -0.10495166480541229, 0.9969761967658997, -0.07715864479541779, 0.009233145974576473, 0.07721851021051407, 0.9703333973884583, -0.2291082739830017, 0.008718457072973251, 0.2291284203529358, 0.9733572602272034),
            ["RightLowerLeg"] = CFrame.new(-8.568167686462402e-08, -0.0007264018058776855, 0.00004613569035427645, 1, 1.2293457984924316e-07, 8.195643630415361e-08, -8.195638656616211e-08, 0.15073710680007935, 0.9885739088058472, 1.3783574104309082e-07, -0.9885739088058472, 0.15073749423027039),
            ["LeftUpperLeg"] = CFrame.new(-2.9802322387695312e-08, -7.078051567077637e-08, 1.6298145055770874e-08, 0.9968323707580566, 0.027771949768066406, -0.07452470809221268, -0.055649418383836746, 0.9130108952522278, -0.4041215181350708, 0.056818630546331406, 0.4069887101650238, 0.9116644263267517),
            ["LeftLowerLeg"] = CFrame.new(4.563480615615845e-08, -0.0007267594337463379, 0.00008095987141132355, 1, 7.357446918376809e-08, 2.421439226907296e-08, -7.823108916227284e-08, 0.4555495083332062, 0.8902102708816528, 6.193294410650196e-08, -0.8902104496955872, 0.45555004477500916),
        }},
        {Time = 0.133, Data = {
            ["RightFoot"] = CFrame.new(1.7136335372924805e-07, 1.1920928955078125e-07, 3.5579432733356953e-09, 0.9746116995811462, 0.05740030109882355, -0.21641908586025238, -0.09514902532100677, 0.9811390042304993, -0.1682647466659546, 0.20267879962921143, 0.18458488583564758, 0.96169114112854),
            ["LeftLowerArm"] = CFrame.new(0.0000012516975402832031, -4.172325134277344e-07, 0.000005189329385757446, 1, 1.8626454334480513e-07, 4.842878098543224e-08, -1.1175872316471214e-07, 0.9001257419586182, -0.43563032150268555, -2.2538009147865523e-07, 0.43563032150268555, 0.9001257419586182),
            ["RightUpperArm"] = CFrame.new(0.013565659523010254, -0.0704430341720581, -0.04431910067796707, 0.625679075717926, -0.20515170693397522, -0.7526211738586426, -0.16410447657108307, 0.9085936546325684, -0.38409286737442017, 0.7626240849494934, 0.36382725834846497, 0.5348215699195862),
            ["Head"] = CFrame.new(1.8844730220735073e-09, -8.344650268554688e-07, 2.3283064365386963e-10, 0.9950737953186035, 0.07897360622882843, 0.05992830917239189, -0.07561001926660538, 0.9955377578735352, -0.05646028742194176, -0.06411974132061005, 0.05165083333849907, 0.9966047406196594),
            ["RightHand"] = CFrame.new(1.7881393432617188e-07, 0.0000010728836059570312, -0.0000012293457984924316, 0.9363583326339722, -0.2629184126853943, 0.23260855674743652, 0.11423685401678085, 0.8547648191452026, 0.5062873959541321, -0.3319382667541504, -0.4474942684173584, 0.8304013013839722),
            ["UpperTorso"] = CFrame.new(8.905772119760513e-09, 4.76837158203125e-07, 3.905734047293663e-08, 0.9985846281051636, 0.047182634472846985, 0.024547265842556953, -0.05241643264889717, 0.9512871503829956, 0.30381786823272705, -0.00901656225323677, -0.3046744763851166, 0.9524138569831848),
            ["HumanoidRootPart"] = CFrame.new(0, 0, 0, 1, 0, 0, 0, 1, 0, 0, 0, 1),
            ["RightUpperLeg"] = CFrame.new(0, 8.195638656616211e-08, 3.55576048605144e-08, 0.9541223049163818, -0.2591613233089447, -0.14995363354682922, -0.01653125509619713, 0.4544585049152374, -0.8906145095825195, 0.2989605665206909, 0.8522340059280396, 0.4293246567249298),
            ["LeftUpperArm"] = CFrame.new(0.08842509984970093, 0.08889687061309814, -0.050396259874105453, 0.8148148059844971, 0.17395134270191193, 0.5530080795288086, -0.05875159054994583, 0.9737870693206787, -0.2197432816028595, -0.5767366886138916, 0.1465599238872528, 0.8036759495735168),
            ["RightLowerArm"] = CFrame.new(2.086162567138672e-07, 7.152557373046875e-07, -0.000004015862941741943, 1, -0.000019416213035583496, 2.9802325229866256e-07, 0.00001890212661237456, 0.9723647236824036, -0.23346737027168274, 0.000004291535333322827, 0.23346737027168274, 0.9723646640777588),
            ["LeftHand"] = CFrame.new(-0.0000016391277313232422, -0.000001430511474609375, 2.5331974029541016e-07, 0.9102378487586975, 0.3502621054649353, 0.22086942195892334, -0.4107547402381897, 0.8312692046165466, 0.37452971935272217, -0.052418503910303116, -0.4316343069076538, 0.900524377822876),
            ["LeftFoot"] = CFrame.new(-6.51925802230835e-09, 0, -2.7939677238464355e-08, 0.9990570545196533, -0.008086558431386948, 0.042657047510147095, 0.026673590764403343, 0.8895375728607178, -0.456082820892334, -0.03425687924027443, 0.456790566444397, 0.8889144062995911),
            ["LowerTorso"] = CFrame.new(-0.007230292074382305, -0.28023529052734375, -0.12456905841827393, 0.9980483651161194, -0.022257624194025993, -0.058345649391412735, 0.0035137785598635674, 0.9528600573539734, -0.30338984727859497, 0.062347982078790665, 0.3025927245616913, 0.9510785341262817),
            ["RightLowerLeg"] = CFrame.new(5.960464477539063e-08, -0.0007265210151672363, 0.000046150591515470296, 1, 1.5459956159702415e-07, 3.7718578482781595e-08, -1.1548398504146462e-07, 0.21621690690517426, 0.9763453006744385, 1.7508862981685525e-07, -0.976345419883728, 0.21621711552143097),
            ["LeftUpperLeg"] = CFrame.new(0, 1.043081283569336e-07, -3.725290298461914e-09, 0.9999821186065674, -0.004828723147511482, 0.0035552498884499073, 0.005743107292801142, 0.9417397379875183, -0.3362935483455658, -0.0017242578323930502, 0.3363078534603119, 0.9417505860328674),
            ["LeftLowerLeg"] = CFrame.new(5.3085386753082275e-08, -0.0007269382476806641, 0.0000809691846370697, 1, 7.35744833946228e-08, 5.261971125491982e-08, -7.916241884231567e-08, 0.4095732569694519, 0.9122772216796875, 5.2619725465774536e-08, -0.9122772812843323, 0.40957316756248474),
        }},
        {Time = 0.167, Data = {
            ["RightFoot"] = CFrame.new(2.5331974029541016e-07, 1.1920928955078125e-07, -1.6221747500821948e-07, 0.965363085269928, -0.1584577113389969, -0.20728108286857605, 0.22710466384887695, 0.9014255404472351, 0.3685855567455292, 0.12844312191009521, -0.4028934836387634, 0.9061893820762634),
            ["LeftLowerArm"] = CFrame.new(0.0000014007091522216797, -1.7881393432617188e-07, 0.000004783272743225098, 1, 1.42375952805196e-07, -2.328306969445748e-08, -3.026798367500305e-08, 0.6653963923454285, -0.7464902997016907, -5.3085386753082275e-08, 0.7464902400970459, 0.6653963923454285),
            ["RightUpperArm"] = CFrame.new(0.0038303732872009277, -0.051377177238464355, -0.051853928714990616, 0.6402751207351685, -0.12733109295368195, -0.7575188279151917, -0.3594898581504822, 0.8218334913253784, -0.4419921636581421, 0.6788333654403687, 0.5553167462348938, 0.4804252088069916),
            ["Head"] = CFrame.new(-6.984919309616089e-10, -5.960464477539062e-07, -1.1641532182693481e-09, 0.9942130446434021, 0.06437797099351883, 0.086000457406044, -0.06616265326738358, 0.997645378112793, 0.018062137067317963, -0.08463511615991592, -0.02364780753850937, 0.9961313605308533),
            ["RightHand"] = CFrame.new(1.043081283569336e-07, 0.0000010132789611816406, -0.0000010654330253601074, 0.9454002976417542, -0.144995778799057, 0.29188045859336853, -0.022166293114423752, 0.8649030923843384, 0.5014494061470032, -0.3251568078994751, -0.48054027557373047, 0.8144657611846924),
            ["UpperTorso"] = CFrame.new(-5.813490133732557e-09, 4.470348358154297e-07, 6.699701771140099e-08, 0.9979660511016846, -0.03903718665242195, 0.05039803311228752, 0.017349665984511375, 0.9270550012588501, 0.37452375888824463, -0.06134212389588356, -0.3728874921798706, 0.9258465766906738),
            ["HumanoidRootPart"] = CFrame.new(0, 0, 0, 1, 0, 0, 0, 1, 0, 0, 0, 1),
            ["RightUpperLeg"] = CFrame.new(-2.9802322387695312e-08, 4.1676685214042664e-07, 3.9282895158976316e-08, 0.9653668403625488, -0.06202367693185806, -0.2534164786338806, -0.12404127418994904, 0.7454107403755188, -0.6549630761146545, 0.22952266037464142, 0.6637137532234192, 0.7119013071060181),
            ["LeftUpperArm"] = CFrame.new(0.07463455200195312, 0.08280229568481445, -0.05759960412979126, 0.7958108186721802, 0.3039509654045105, 0.5237357020378113, 0.04465240612626076, 0.8330891728401184, -0.5513336062431335, -0.6038967370986938, 0.462143212556839, 0.6494090557098389),
            ["RightLowerArm"] = CFrame.new(2.384185791015625e-07, 5.960464477539062e-07, -0.0000034105032682418823, 1, -0.00001843273639678955, 0.000006221235707926098, 0.000018969176380778663, 0.8539124131202698, -0.5204169154167175, 0.000004366039775050012, 0.5204168558120728, 0.8539124131202698),
            ["LeftHand"] = CFrame.new(-0.0000015329569578170776, -0.0000011324882507324219, 8.195638656616211e-08, 0.9054092764854431, 0.19647647440433502, 0.37633848190307617, -0.3509131371974945, 0.8452803492546082, 0.402940571308136, -0.23894354701042175, -0.4968884289264679, 0.8342711329460144),
            ["LeftFoot"] = CFrame.new(2.0721927285194397e-08, -2.384185791015625e-07, 4.6566128730773926e-08, 0.9979305267333984, -0.010816694237291813, 0.06338530033826828, 0.040076129138469696, 0.8755024075508118, -0.4815495014190674, -0.050285130739212036, 0.48309287428855896, 0.874123752117157),
            ["LowerTorso"] = CFrame.new(-0.01132933422923088, -0.31648969650268555, -0.1404845118522644, 0.9909566640853882, 0.01677742227911949, -0.13312950730323792, -0.06243310496211052, 0.9358651041984558, -0.346783310174942, 0.11877312511205673, 0.3519589304924011, 0.9284492135047913),
            ["RightLowerLeg"] = CFrame.new(-5.587935447692871e-08, -0.0007264614105224609, 0.000046225097321439534, 1, 4.4703490686970326e-08, -2.9802322387695312e-08, 0, 0.9982287883758545, 0.05949269235134125, 2.9802315282267955e-08, -0.05949266999959946, 0.9982287883758545),
            ["LeftUpperLeg"] = CFrame.new(2.9802322387695312e-08, 3.809109330177307e-07, 3.725290298461914e-08, 0.996626615524292, -0.03798886388540268, 0.07274797558784485, 0.05631587281823158, 0.9613539576530457, -0.26949408650398254, -0.059698816388845444, 0.2726821005344391, 0.9602503776550293),
            ["LeftLowerLeg"] = CFrame.new(-2.7939677238464355e-08, -0.0007264614105224609, 0.0000811498612165451, 1, 8.009376983864058e-08, 4.7963105487269786e-08, -8.381903171539307e-08, 0.3975379168987274, 0.9175859093666077, 5.494803190231323e-08, -0.9175857901573181, 0.3975374698638916),
        }},
        {Time = 0.200, Data = {
            ["RightFoot"] = CFrame.new(1.825392246246338e-07, 0, 7.620110409334302e-08, 0.9413502216339111, -0.18476079404354095, -0.282353013753891, 0.3158687949180603, 0.7768252491950989, 0.5447655320167542, 0.11868786811828613, -0.6020016074180603, 0.7896247506141663),
            ["LeftLowerArm"] = CFrame.new(0.0000013709068298339844, -3.5762786865234375e-07, 0.000004723668098449707, 1, 1.0617075929530984e-07, -7.450580596923828e-09, -6.705523247774181e-08, 0.5041086077690125, -0.863640308380127, -4.842878098543224e-08, 0.8636402487754822, 0.5041085481643677),
            ["RightUpperArm"] = CFrame.new(-0.0024136900901794434, -0.03675651550292969, -0.05409170314669609, 0.6936951875686646, -0.10957945883274078, -0.7118842601776123, -0.4478517770767212, 0.7084507346153259, -0.5454599261283875, 0.5641061067581177, 0.6972015500068665, 0.442373663187027),
            ["Head"] = CFrame.new(5.122274160385132e-09, -7.152557373046875e-07, -3.725290298461914e-09, 0.9938679933547974, 0.03995763137936592, 0.10310158878564835, -0.04826107993721962, 0.995678722858429, 0.07934059202671051, -0.09948581457138062, -0.08382987976074219, 0.99150151014328),
            ["RightHand"] = CFrame.new(4.76837158203125e-07, 0.0000010728836059570312, -4.76837158203125e-07, 0.9799782037734985, -0.06649841368198395, 0.18767149746418, -0.02692931517958641, 0.8896483778953552, 0.4558514952659607, -0.19727538526058197, -0.4517785310745239, 0.8700453042984009),
            ["UpperTorso"] = CFrame.new(3.189779818058014e-08, -1.7881393432617188e-07, -9.546056389808655e-08, 0.9972586631774902, -0.038887541741132736, 0.06295274198055267, 0.01325751282274723, 0.9309031367301941, 0.3650256395339966, -0.07279786467552185, -0.3631904721260071, 0.9288666844367981),
            ["HumanoidRootPart"] = CFrame.new(0, 0, 0, 1, 0, 0, 0, 1, 0, 0, 0, 1),
            ["RightUpperLeg"] = CFrame.new(2.9802322387695312e-08, -3.1385570764541626e-07, -1.6560807125642896e-07, 0.973517656326294, -0.02093859761953354, -0.22765113413333893, -0.156643345952034, 0.6642053723335266, -0.7309544682502747, 0.1665121614933014, 0.7472569346427917, 0.6433355212211609),
            ["LeftUpperArm"] = CFrame.new(0.06456011533737183, 0.06811892986297607, -0.059441350400447845, 0.7851775884628296, 0.4288211762905121, 0.44677552580833435, 0.11760356277227402, 0.6050723791122437, -0.7874369621276855, -0.6080012321472168, 0.6708202958106995, 0.4246583580970764),
            ["RightLowerArm"] = CFrame.new(7.748603820800781e-07, 4.76837158203125e-07, -0.000003546476364135742, 1, -0.00001583993071108125, 0.000011309984074614476, 0.000019036235244129784, 0.6625872254371643, -0.7489848732948303, 0.000004336238362157019, 0.748984694480896, 0.6625872254371643),
            ["LeftHand"] = CFrame.new(-0.000001341104507446289, -0.0000013709068298339844, 0, 0.8491829633712769, 0.3307672142982483, 0.4116806387901306, -0.5042756795883179, 0.7393796443939209, 0.4461211860179901, -0.15682606399059296, -0.5864391326904297, 0.794666588306427),
            ["LeftFoot"] = CFrame.new(-4.0978193283081055e-08, -1.1920928955078125e-07, -1.3969838619232178e-08, 0.9972890615463257, -0.008114749565720558, 0.07313523441553116, 0.04287360981106758, 0.8718470335006714, -0.487898588180542, -0.05980353429913521, 0.48971107602119446, 0.8698312044143677),
            ["LowerTorso"] = CFrame.new(-0.021689608693122864, -0.3076709508895874, -0.15709374845027924, 0.9871165752410889, 0.009074551984667778, -0.15974517166614532, -0.061717111617326736, 0.9427232146263123, -0.3278171122074127, 0.14762067794799805, 0.3334527015686035, 0.93113774061203),
            ["RightLowerLeg"] = CFrame.new(-6.705522537231445e-08, -0.0007264614105224609, 0.00004592707409756258, 1, 2.2351747119842003e-08, -8.940698137394065e-08, 0, 0.9999856948852539, 0.00536336051300168, 7.450579886381092e-08, -0.0053631640039384365, 0.9999856948852539),
            ["LeftUpperLeg"] = CFrame.new(5.960464477539063e-08, -3.4831464290618896e-07, -1.043081283569336e-07, 0.9952279925346375, -0.033813778311014175, 0.09153052419424057, 0.05677033215761185, 0.9635868668556213, -0.26129987835884094, -0.07936210930347443, 0.26524919271469116, 0.9609082341194153),
            ["LeftLowerLeg"] = CFrame.new(4.470348358154297e-08, -0.0007264614105224609, 0.00008082576096057892, 1, 6.891788473240013e-08, 7.357445497291337e-08, -8.47503613954359e-08, 0.4125133752822876, 0.9109517931938171, 5.681068415697155e-08, -0.9109516143798828, 0.4125131070613861),
        }},
        {Time = 0.233, Data = {
            ["RightFoot"] = CFrame.new(1.9371509552001953e-07, 1.7881393432617188e-07, 1.0600342648103833e-07, 0.913942277431488, -0.12404058128595352, -0.3864240348339081, 0.3131902515888214, 0.8211151361465454, 0.47716039419174194, 0.2581113278865814, -0.5571211576461792, 0.7892999649047852),
            ["LeftLowerArm"] = CFrame.new(0.0000012516975402832031, -3.5762786865234375e-07, 0.000004783272743225098, 1, 1.1548401346317405e-07, -3.3527619791584584e-08, -1.1920930376163597e-07, 0.4328286349773407, -0.9014763832092285, -8.940698137394065e-08, 0.9014763236045837, 0.43282845616340637),
            ["RightUpperArm"] = CFrame.new(-0.005481302738189697, -0.025580644607543945, -0.05506712198257446, 0.7367627024650574, -0.15308530628681183, -0.6585936546325684, -0.4503141939640045, 0.615491509437561, -0.6468288898468018, 0.5043786764144897, 0.7731333374977112, 0.38453471660614014),
            ["Head"] = CFrame.new(-1.3969838619232178e-08, -5.960464477539062e-07, -2.9103830456733704e-09, 0.9938249588012695, 0.023749327287077904, 0.10838786512613297, -0.0334421806037426, 0.9955142736434937, 0.08850479125976562, -0.10579971969127655, -0.09158316999673843, 0.9901611804962158),
            ["RightHand"] = CFrame.new(2.384185791015625e-07, 0.0000010132789611816406, -8.642673492431641e-07, 0.9882824420928955, 0.03433588147163391, -0.14872416853904724, 0.014139720238745213, 0.9495858550071716, 0.3131883442401886, 0.1519801765680313, -0.3116213381290436, 0.9379734992980957),
            ["UpperTorso"] = CFrame.new(-2.3748725652694702e-08, 1.1920928955078125e-07, 4.7031790018081665e-08, 0.9969516396522522, -0.020807024091482162, 0.07519662380218506, -0.007396827917546034, 0.9342385530471802, 0.3565721809864044, -0.07767079025506973, -0.3560413122177124, 0.9312366247177124),
            ["HumanoidRootPart"] = CFrame.new(0, 0, 0, 1, 0, 0, 0, 1, 0, 0, 0, 1),
            ["RightUpperLeg"] = CFrame.new(0, -4.6100467443466187e-08, 2.0656443666666746e-08, 0.9832759499549866, -0.06444947421550751, -0.17033691704273224, -0.1472131460905075, 0.2693784832954407, -0.9517162442207336, 0.10722272098064423, 0.960875391960144, 0.25538530945777893),
            ["LeftUpperArm"] = CFrame.new(0.05921781063079834, 0.057064175605773926, -0.05961093306541443, 0.79144287109375, 0.5224942564964294, 0.3172035813331604, 0.11470969766378403, 0.38276633620262146, -0.9166961312294006, -0.6003832221031189, 0.7618988752365112, 0.2430025339126587),
            ["RightLowerArm"] = CFrame.new(2.384185791015625e-07, 4.172325134277344e-07, -0.000003904104232788086, 1, -0.000012367961971904151, 0.000015079976947163232, 0.000018984081179951318, 0.4454770088195801, -0.8952935338020325, 0.000004336238362157019, 0.8952934145927429, 0.4454769492149353),
            ["LeftHand"] = CFrame.new(-0.000001475214958190918, -0.0000011920928955078125, 1.7881393432617188e-07, 0.7642731666564941, 0.44148769974708557, 0.47007936239242554, -0.6391112208366394, 0.615911602973938, 0.46064117550849915, -0.08616003394126892, -0.6524887681007385, 0.7528846263885498),
            ["LeftFoot"] = CFrame.new(9.778887033462524e-09, -1.7881393432617188e-07, -2.8870999813079834e-08, 0.997478723526001, -0.0020807026885449886, 0.07093679904937744, 0.035592708736658096, 0.8794321417808533, -0.4746917486190796, -0.06139644980430603, 0.4760197699069977, 0.8772889375686646),
            ["LowerTorso"] = CFrame.new(-0.037240490317344666, -0.2800445556640625, -0.16628071665763855, 0.9854366779327393, -0.00482237059623003, -0.1699744313955307, -0.048913512378931046, 0.9493102431297302, -0.3105120062828064, 0.1628558486700058, 0.3143039345741272, 0.9352492690086365),
            ["RightLowerLeg"] = CFrame.new(4.6566128730773926e-09, -0.0007265210151672363, 0.00004614314093487337, 1, 9.685758328714655e-08, 2.9802318834981634e-08, -5.308537254222756e-08, 0.7774171233177185, 0.6289852261543274, 5.0291408371094803e-08, -0.628985583782196, 0.7774172425270081),
            ["LeftUpperLeg"] = CFrame.new(-5.960464477539063e-08, -4.6100467443466187e-08, -7.450580596923828e-09, 0.9942638278007507, -0.024575958028435707, 0.10409408062696457, 0.04979011416435242, 0.9677087664604187, -0.24710483849048615, -0.09465987980365753, 0.2508699893951416, 0.9633813500404358),
            ["LeftLowerLeg"] = CFrame.new(-6.146728992462158e-08, -0.0007265806198120117, 0.0000807642936706543, 1, 8.195638656616211e-08, 4.7497451305389404e-08, -6.705523247774181e-08, 0.45319685339927673, 0.8914104104042053, 5.2154071283894154e-08, -0.8914104700088501, 0.45319703221321106),
        }},
        {Time = 0.267, Data = {
            ["RightFoot"] = CFrame.new(9.499490261077881e-08, -1.1920928955078125e-07, 3.295208443887532e-07, 0.9007958173751831, -0.09609141945838928, -0.42347756028175354, 0.272250771522522, 0.8847147822380066, 0.3783642053604126, 0.3382994830608368, -0.4561208486557007, 0.8231083750724792),
            ["LeftLowerArm"] = CFrame.new(0.000001043081283569336, -1.7881393432617188e-07, 0.000005140900611877441, 1, 1.0803341865539551e-07, -1.4901161193847656e-08, -6.51925713412993e-09, 0.41576874256134033, -0.9094704389572144, -6.70552182668871e-08, 0.9094704389572144, 0.41576868295669556),
            ["RightUpperArm"] = CFrame.new(-0.0011700987815856934, -0.026729106903076172, -0.05342607945203781, 0.8305007815361023, -0.3533340096473694, -0.4306083023548126, -0.09563447535037994, 0.6711331009864807, -0.7351428866386414, 0.5487462282180786, 0.6517173051834106, 0.523585319519043),
            ["Head"] = CFrame.new(-1.862645149230957e-08, -5.960464477539062e-07, 9.022187441587448e-09, 0.9945293068885803, 0.015327388420701027, 0.1033276617527008, -0.02069907821714878, 0.9984781742095947, 0.05111634358763695, -0.10238692164421082, -0.05297550559043884, 0.9933330416679382),
            ["RightHand"] = CFrame.new(1.7881393432617188e-07, 8.344650268554688e-07, -5.662441253662109e-07, 0.9651046991348267, 0.24661731719970703, -0.08804888278245926, -0.24901312589645386, 0.9683480262756348, -0.01717335171997547, 0.0810268223285675, 0.03849954530596733, 0.9959681034088135),
            ["UpperTorso"] = CFrame.new(1.4668330550193787e-08, -4.470348358154297e-07, 1.4901161193847656e-08, 0.9968068599700928, 0.04087451100349426, 0.0685952827334404, -0.058942921459674835, 0.9561840295791626, 0.28677162528038025, -0.05386803299188614, -0.28989914059638977, 0.9555400609970093),
            ["HumanoidRootPart"] = CFrame.new(0, 0, 0, 1, 0, 0, 0, 1, 0, 0, 0, 1),
            ["RightUpperLeg"] = CFrame.new(0, -2.2910535335540771e-07, -3.894820110872388e-08, 0.9790272116661072, -0.1373748481273651, -0.15044553577899933, -0.17427347600460052, -0.18223240971565247, -0.9676880836486816, 0.10551996529102325, 0.97361159324646, -0.20235136151313782),
            ["LeftUpperArm"] = CFrame.new(0.06271779537200928, 0.04631948471069336, -0.05823768675327301, 0.7937951683998108, 0.5957150459289551, 0.12252767384052277, -0.010552485473453999, 0.21492473781108856, -0.976573646068573, -0.6080936789512634, 0.7739063501358032, 0.1768922060728073),
            ["RightLowerArm"] = CFrame.new(3.5762786865234375e-07, 4.76837158203125e-07, -0.00000346451997756958, 1, -0.000010367483810114209, 0.000016562644304940477, 0.000018991529941558838, 0.32371625304222107, -0.9461542963981628, 0.000004366040229797363, 0.9461542367935181, 0.32371625304222107),
            ["LeftHand"] = CFrame.new(-0.0000014007091522216797, -9.5367431640625e-07, 1.1920928955078125e-07, 0.9024313688278198, 0.34111732244491577, 0.2631659209728241, -0.3894089162349701, 0.9071542620658875, 0.1594752073287964, -0.18433265388011932, -0.24639439582824707, 0.9514785408973694),
            ["LeftFoot"] = CFrame.new(-3.073364496231079e-08, -5.960464477539063e-08, 2.9802322387695312e-08, 0.9983884692192078, 0.0028627009596675634, 0.056676801294088364, 0.021403435617685318, 0.9059746861457825, -0.4227909743785858, -0.05255814641714096, 0.4233223497867584, 0.9044532775878906),
