return {
    ["Team Ghost"] = {
        {Time = 0.000, Data = {
            ["RightFoot"] = CFrame.new(4.470348358154297e-08, 4.172325134277344e-07, -5.045876605436206e-08, 0.9551648497581482, 0.23525573313236237, -0.17976392805576324, -0.28677353262901306, 0.8861029148101807, -0.3641184866428375, 0.07362828403711319, 0.39934492111206055, 0.91383957862854),
            ["LeftLowerArm"] = CFrame.new(-0.0000020563602447509766, -8.344650268554688e-07, 0.000002652406692504883, 1, -2.4214378058218244e-08, 8.940691031966708e-08, 9.685756907629184e-08, -0.22174373269081116, -0.9751049876213074, 1.1175873737556685e-07, 0.9751049876213074, -0.22174373269081116),
            ["LeftFoot"] = CFrame.new(-1.564621925354004e-07, 5.960464477539063e-08, 4.470348358154297e-08, 0.9520431160926819, -0.3059104382991791, -0.00573343550786376, 0.3003373146057129, 0.9379480481147766, -0.17335283756256104, 0.05840800702571869, 0.16331692039966583, 0.9848431348800659),
            ["Head"] = CFrame.new(1.4202669262886047e-07, 8.344650268554688e-07, 2.905726432800293e-07, 0.9107218384742737, -0.0413883775472641, 0.4109412133693695, 0.008750972338020802, 0.9966768026351929, 0.0809876099228859, -0.41292768716812134, -0.07016105204820633, 0.9080575108528137),
            ["LowerTorso"] = CFrame.new(-0.12904056906700134, -0.1836543083190918, 0.13509459793567657, 0.8980992436408997, -0.03268995136022568, -0.4385764002799988, 0.04778169468045235, 0.9985833764076233, 0.023414524272084236, 0.43718966841697693, -0.04198448732495308, 0.8983889222145081),
            ["UpperTorso"] = CFrame.new(6.51925802230835e-08, 3.5762786865234375e-07, 7.450580596923828e-08, 0.9923906326293945, 0.053233180195093155, -0.11102782189846039, -0.05134851858019829, 0.9984852075576782, 0.019767574965953827, 0.11191219091415405, -0.013916054740548134, 0.9936206936836243),
            ["HumanoidRootPart"] = CFrame.new(0, 0, 0, 1, 0, 0, 0, 1, 0, 0, 0, 1),
            ["RightUpperLeg"] = CFrame.new(7.748603820800781e-07, -0.000001911073923110962, 2.5534973246976733e-07, 0.9250395894050598, -0.24837179481983185, -0.28742530941963196, 0.2051008939743042, 0.9634310007095337, -0.17243625223636627, 0.31974276900291443, 0.10055932402610779, 0.9421530961990356),
            ["LeftUpperArm"] = CFrame.new(-1.1920928955078125e-07, -4.76837158203125e-07, 5.513429641723633e-07, 0.8896825313568115, 0.30533719062805176, -0.3394615948200226, -0.1725204885005951, 0.913183331489563, 0.36923283338546753, 0.42273128032684326, -0.26993587613105774, 0.8651202321052551),
            ["RightLowerArm"] = CFrame.new(4.76837158203125e-07, -1.1920928955078125e-07, -8.344650268554688e-07, 1, -5.2154014440475294e-08, 9.872020712009544e-08, 8.940703821735951e-08, -0.11128456890583038, -0.9937885999679565, 1.3411056443146663e-07, 0.9937885999679565, -0.11128459870815277),
            ["LeftHand"] = CFrame.new(2.384185791015625e-07, -4.172325134277344e-07, -4.1350722312927246e-07, 0.9648240804672241, -0.17850083112716675, 0.19300754368305206, 0.1967756152153015, 0.9771857261657715, -0.07992110401391983, -0.1743381917476654, 0.11508902162313461, 0.9779369831085205),
            ["RightHand"] = CFrame.new(-0.00000130385160446167, -5.960464477539063e-08, -0.0000010104849934577942, 0.905744194984436, 0.15933725237846375, -0.39273279905319214, -0.14356696605682373, 0.9872029423713684, 0.06941938400268555, 0.39876803755760193, -0.0064926957711577415, 0.9170289039611816),
            ["RightUpperArm"] = CFrame.new(2.384185791015625e-07, 4.76837158203125e-07, -5.811452865600586e-07, 0.5975737571716309, -0.3378686308860779, 0.7271522879600525, 0.22786568105220795, 0.9410520792007446, 0.2499963939189911, -0.7687540054321289, 0.016301751136779785, 0.6393367648124695),
            ["RightLowerLeg"] = CFrame.new(-8.940696716308594e-08, -0.00012230873107910156, -0.00007736513362033293, 1, -1.1175868053214799e-07, -8.195641498787154e-08, 8.568167686462402e-08, 0.8159744143486023, 0.5780878663063049, -5.960464477539063e-08, -0.5780880451202393, 0.8159745931625366),
            ["LeftUpperLeg"] = CFrame.new(2.9802322387695312e-08, -2.6728957891464233e-07, -2.2351741790771484e-08, 0.9350130558013916, 0.3133179843425751, -0.16607949137687683, -0.35423773527145386, 0.8037088513374329, -0.4780874252319336, -0.016313878819346428, 0.5058496594429016, 0.8624674677848816),
            ["LeftLowerLeg"] = CFrame.new(4.917383193969727e-07, 0.00012189149856567383, 0.00007766485214233398, 1, 7.450578820566989e-09, -4.4703490686970326e-08, -3.725290298461914e-09, 0.7747735381126404, 0.632239043712616, -5.960464477539063e-08, -0.6322389245033264, 0.7747734189033508),
        }},
        {Time = 0.033, Data = {
            ["RightFoot"] = CFrame.new(0, 2.384185791015625e-07, 4.639878170564771e-08, 0.9541637897491455, 0.2393055111169815, -0.17973467707633972, -0.29017579555511475, 0.8867570757865906, -0.3598054051399231, 0.07327745109796524, 0.3954679071903229, 0.915552020072937),
            ["LeftLowerArm"] = CFrame.new(-7.748603820800781e-07, 2.384185791015625e-07, 0.000003159046173095703, 1, -8.195634393359796e-08, 1.0989602117206232e-07, 6.705524668859653e-08, -0.24663572013378143, -0.9691082835197449, 1.080334541825323e-07, 0.9691082835197449, -0.24663573503494263),
            ["LeftFoot"] = CFrame.new(-8.195638656616211e-08, 0, 1.1175870895385742e-08, 0.9632564783096313, -0.26805785298347473, 0.0167981069535017, 0.26672130823135376, 0.9473528265953064, -0.17715105414390564, 0.03157288581132889, 0.1751217544078827, 0.9840403199195862),
            ["Head"] = CFrame.new(1.2479722499847412e-07, 0.0000013113021850585938, 2.980232238769531e-07, 0.9151211380958557, -0.0314335897564888, 0.4019516408443451, 0.011348308064043522, 0.9985694289207458, 0.052253928035497665, -0.40301936864852905, -0.04325723275542259, 0.914168655872345),
            ["LowerTorso"] = CFrame.new(-0.14106598496437073, -0.18419456481933594, 0.13379065692424774, 0.8981516361236572, -0.03253290057182312, -0.43848058581352234, 0.04639526084065437, 0.9987038373947144, 0.020934229716658592, 0.4372310936450958, -0.039145540446043015, 0.8984968662261963),
            ["UpperTorso"] = CFrame.new(5.960464477539063e-08, 7.450580596923828e-07, 5.21540641784668e-08, 0.9933492541313171, 0.04961595684289932, -0.1039016917347908, -0.04386087879538536, 0.9974125623703003, 0.05696161463856697, 0.10645934194326401, -0.05202554911375046, 0.9929550886154175),
            ["HumanoidRootPart"] = CFrame.new(0, 0, 0, 1, 0, 0, 0, 1, 0, 0, 0, 1),
            ["RightUpperLeg"] = CFrame.new(8.344650268554688e-07, -0.0000014835968613624573, 1.9947037799283862e-07, 0.9232219457626343, -0.25605300068855286, -0.2865278422832489, 0.21241343021392822, 0.9614271521568298, -0.174752876162529, 0.32022175192832947, 0.1004732996225357, 0.9419996738433838),
            ["LeftUpperArm"] = CFrame.new(-3.5762786865234375e-07, 1.1920928955078125e-07, 5.066394805908203e-07, 0.881936252117157, 0.308872789144516, -0.35607028007507324, -0.17321383953094482, 0.9149081110954285, 0.3646096885204315, 0.4383896589279175, -0.2598861753940582, 0.8603916764259338),
            ["RightLowerArm"] = CFrame.new(7.748603820800781e-07, 1.1920928955078125e-07, -9.834766387939453e-07, 1, -5.2154007335047936e-08, 1.0430807861894209e-07, 1.0430815677864302e-07, -0.020624175667762756, -0.9997872710227966, 6.332994928470725e-08, 0.9997872710227966, -0.020624181255698204),
            ["LeftHand"] = CFrame.new(2.384185791015625e-07, -4.76837158203125e-07, -6.109476089477539e-07, 0.9611883759498596, -0.1871020495891571, 0.20275579392910004, 0.20484000444412231, 0.9762773513793945, -0.07016582041978836, -0.18481768667697906, 0.10897508263587952, 0.9767122864723206),
            ["RightHand"] = CFrame.new(-5.662441253662109e-07, -1.7881393432617188e-07, 5.587935447692871e-09, 0.905774712562561, 0.140104278922081, -0.3999287486076355, -0.12181439250707626, 0.990014910697937, 0.07093489915132523, 0.40587371587753296, -0.01553397998213768, 0.9137971997261047),
            ["RightUpperArm"] = CFrame.new(5.960464477539062e-07, 9.5367431640625e-07, -5.066394805908203e-07, 0.6041269302368164, -0.3432075083255768, 0.7191935181617737, 0.23973572254180908, 0.9389687776565552, 0.24670736491680145, -0.7599719762802124, 0.023373791947960854, 0.6495354175567627),
            ["RightLowerLeg"] = CFrame.new(-1.1920928955078125e-07, -0.00012230873107910156, -0.00007736513362033293, 1, -9.685756197086448e-08, 2.2351741790771484e-08, 4.842877388000488e-08, 0.8159398436546326, 0.5781363844871521, -7.078051567077637e-08, -0.5781368613243103, 0.8159401416778564),
            ["LeftUpperLeg"] = CFrame.new(0, -4.912726581096649e-08, 2.2351741790771484e-08, 0.9396967887878418, 0.2971438765525818, -0.16933850944042206, -0.3416304290294647, 0.792241632938385, -0.5056103467941284, -0.0160820335149765, 0.5329716205596924, 0.8459804058074951),
            ["LeftLowerLeg"] = CFrame.new(2.086162567138672e-07, 0.0001220703125, 0.00007775425910949707, 1, 7.078048724906694e-08, 8.568166975919667e-08, -5.5879347371501353e-08, 0.7373009920120239, 0.675564706325531, 1.4901159417490817e-08, -0.6755645275115967, 0.7373006939888),
        }},
        {Time = 0.067, Data = {
            ["RightFoot"] = CFrame.new(7.450580596923828e-09, 2.980232238769531e-07, -3.55576048605144e-08, 0.9521463513374329, 0.2464917004108429, -0.18071869015693665, -0.2969928979873657, 0.8858165740966797, -0.35654476284980774, 0.07219832390546799, 0.3931550681591034, 0.9166333079338074),
            ["LeftLowerArm"] = CFrame.new(-0.000001519918441772461, -1.7881393432617188e-07, 0.000003159046173095703, 1, -1.1175865211043856e-07, 1.1548392819804576e-07, 9.685754776000977e-08, -0.30327051877975464, -0.9529045224189758, 8.195638656616211e-08, 0.9529045224189758, -0.30327048897743225),
            ["LeftFoot"] = CFrame.new(-7.450580596923828e-09, 1.1920928955078125e-07, 1.1175870895385742e-08, 0.9762356281280518, -0.19252508878707886, 0.09948913007974625, 0.20928433537483215, 0.9567165374755859, -0.2022227793931961, -0.05625008046627045, 0.2182377725839615, 0.9742730855941772),
            ["Head"] = CFrame.new(1.6391277313232422e-07, 4.76837158203125e-07, 2.942979335784912e-07, 0.9190608859062195, -0.021395299583673477, 0.3935343623161316, 0.014175145886838436, 0.9996739029884338, 0.02124469354748726, -0.39386072754859924, -0.01394680980592966, 0.9190644025802612),
            ["LowerTorso"] = CFrame.new(-0.15608902275562286, -0.1853123903274536, 0.12672916054725647, 0.8982791900634766, -0.03202366456389427, -0.43825674057006836, 0.04224701225757599, 0.9990147948265076, 0.013593638315796852, 0.4373895525932312, -0.03072592243552208, 0.8987471461296082),
            ["UpperTorso"] = CFrame.new(4.190951585769653e-08, 6.556510925292969e-07, 4.6566128730773926e-08, 0.9957531094551086, 0.03799762949347496, -0.08385654538869858, -0.02940968982875347, 0.9944139719009399, 0.10137064009904861, 0.08724018931388855, -0.0984739139676094, 0.9913082718849182),
            ["HumanoidRootPart"] = CFrame.new(0, 0, 0, 1, 0, 0, 0, 1, 0, 0, 0, 1),
            ["RightUpperLeg"] = CFrame.new(7.748603820800781e-07, -0.0000014891847968101501, 2.087836037389934e-07, 0.9204363226890564, -0.2688962519168854, -0.28371089696884155, 0.22757865488529205, 0.9587430357933044, -0.17035210132598877, 0.3178127408027649, 0.09223172068595886, 0.943656861782074),
            ["LeftUpperArm"] = CFrame.new(-2.384185791015625e-07, -2.384185791015625e-07, 4.172325134277344e-07, 0.8633986115455627, 0.3305406868457794, -0.3811635673046112, -0.19230283796787262, 0.9140676856040955, 0.3570713400840759, 0.4664359390735626, -0.2349960058927536, 0.8527686595916748),
            ["RightLowerArm"] = CFrame.new(7.152557373046875e-07, 5.364418029785156e-07, -8.940696716308594e-07, 1, -9.313214377471013e-08, 8.195636524988004e-08, 7.450586281265714e-08, 0.021725889295339584, -0.9997639656066895, 1.1920937481590954e-07, 0.9997639656066895, 0.021725909784436226),
            ["LeftHand"] = CFrame.new(2.384185791015625e-07, -5.364418029785156e-07, -6.742775440216064e-07, 0.9597341418266296, -0.19545528292655945, 0.20176143944263458, 0.19817908108234406, 0.9801422357559204, 0.006813845597207546, -0.19908671081066132, 0.03344542160630226, 0.9794110655784607),
            ["RightHand"] = CFrame.new(-0.0000012293457984924316, -1.1920928955078125e-07, -7.82310962677002e-08, 0.9062964916229248, 0.10963261872529984, -0.4081757366657257, -0.09452714025974274, 0.9938854575157166, 0.05706536024808884, 0.4119361639022827, -0.013134474866092205, 0.9111180305480957),
            ["RightUpperArm"] = CFrame.new(5.960464477539062e-07, 8.344650268554688e-07, -5.960464477539062e-07, 0.5955256819725037, -0.3458434045314789, 0.7250803709030151, 0.25423550605773926, 0.9373317956924438, 0.2382718324661255, -0.7620455622673035, 0.0424441434442997, 0.6461308598518372),
            ["RightLowerLeg"] = CFrame.new(-2.9802322387695312e-08, -0.00012230873107910156, -0.00007742473826510832, 1, -1.564622067462551e-07, -8.940696716308594e-08, 1.341104507446289e-07, 0.8169715404510498, 0.5766776204109192, -8.195638656616211e-08, -0.5766781568527222, 0.8169718384742737),
            ["LeftUpperLeg"] = CFrame.new(-5.960464477539063e-08, -2.477318048477173e-07, -1.4901161193847656e-08, 0.9509129524230957, 0.26662757992744446, -0.15708085894584656, -0.308748722076416, 0.783060610294342, -0.5398982167243958, -0.020947996526956558, 0.561894953250885, 0.8269434571266174),
            ["LeftLowerLeg"] = CFrame.new(2.086162567138672e-07, 0.00012189149856567383, 0.0000775754451751709, 1, 8.940692453052179e-08, 8.940696716308594e-08, -1.0430811414607888e-07, 0.6717790961265564, 0.7407518625259399, 7.450579886381092e-08, -0.7407515048980713, 0.6717788577079773),
        }},
        {Time = 0.100, Data = {
            ["RightFoot"] = CFrame.new(5.21540641784668e-08, 4.172325134277344e-07, 8.365168469026685e-08, 0.9473549127578735, 0.2601648271083832, -0.1866360604763031, -0.3115263879299164, 0.883593738079071, -0.3495900630950928, 0.07395938038825989, 0.38932809233665466, 0.9181252717971802),
            ["LeftLowerArm"] = CFrame.new(-0.0000016391277313232422, -4.172325134277344e-07, 0.0000027418136596679688, 1, -1.3387756325755618e-07, 1.2665981330428622e-07, 1.0430815677864302e-07, -0.4250611364841461, -0.9051646590232849, 1.6763810606335028e-07, 0.9051647186279297, -0.4250611364841461),
            ["LeftFoot"] = CFrame.new(2.2351741790771484e-08, 0, 1.4901161193847656e-08, 0.9698558449745178, -0.12244686484336853, 0.21068093180656433, 0.16125506162643433, 0.9706984162330627, -0.17816169559955597, -0.18269237875938416, 0.2067641317844391, 0.9611825942993164),
            ["Head"] = CFrame.new(1.1920928955078125e-07, 0.0000013113021850585938, 3.0547380447387695e-07, 0.921769917011261, -0.019188065081834793, 0.38726234436035156, 0.029840469360351562, 0.9993231892585754, -0.02151239663362503, -0.38658758997917175, 0.031385548412799835, 0.9217185378074646),
            ["LowerTorso"] = CFrame.new(-0.17580580711364746, -0.18658685684204102, 0.11087612062692642, 0.8986169695854187, -0.0311107337474823, -0.437629759311676, 0.03535710647702217, 0.9993736147880554, 0.0015566858928650618, 0.4373071789741516, -0.016872186213731766, 0.899154007434845),
            ["UpperTorso"] = CFrame.new(7.078051567077637e-08, 7.450580596923828e-07, 5.2386894822120667e-08, 0.9976633191108704, 0.021209223195910454, -0.06494693458080292, -0.011574668809771538, 0.9893236756324768, 0.1452750712633133, 0.06733492016792297, -0.14418385922908783, 0.9872573614120483),
            ["HumanoidRootPart"] = CFrame.new(0, 0, 0, 1, 0, 0, 0, 1, 0, 0, 0, 1),
            ["RightUpperLeg"] = CFrame.new(8.344650268554688e-07, -0.0000014514662325382233, 2.0412699086591601e-07, 0.9176255464553833, -0.28677311539649963, -0.27518123388290405, 0.25151804089546204, 0.9550974369049072, -0.15661266446113586, 0.30773717164993286, 0.0744987353682518, 0.9485504031181335),
            ["LeftUpperArm"] = CFrame.new(-1.1920928955078125e-07, 0, 3.8743019104003906e-07, 0.825905978679657, 0.3664953410625458, -0.4284396469593048, -0.22927632927894592, 0.9125546813011169, 0.3386390805244446, 0.5150841474533081, -0.1814529299736023, 0.8377130627632141),
            ["RightLowerArm"] = CFrame.new(5.364418029785156e-07, 9.5367431640625e-07, -6.556510925292969e-07, 1, -8.940686768710293e-08, 8.940694584680386e-08, 8.195644340958097e-08, 0.0788511112332344, -0.9968863725662231, 1.0803349681509644e-07, 0.9968864321708679, 0.0788511410355568),
            ["LeftHand"] = CFrame.new(-2.086162567138672e-07, -6.556510925292969e-07, -8.046627044677734e-07, 0.9624769687652588, -0.21589809656143188, 0.16439661383628845, 0.2068321257829666, 0.9758253693580627, 0.0706075057387352, -0.17566640675067902, -0.03395557776093483, 0.9838640093803406),
            ["RightHand"] = CFrame.new(-0.0000011548399925231934, 5.960464477539063e-08, -2.1606683731079102e-07, 0.9081233739852905, 0.07799750566482544, -0.4113737940788269, -0.06105078011751175, 0.9966621398925781, 0.054197587072849274, 0.41422799229621887, -0.02410345897078514, 0.9098539352416992),
            ["RightUpperArm"] = CFrame.new(3.5762786865234375e-07, 0.0000015497207641601562, -7.450580596923828e-07, 0.5834648013114929, -0.3598957359790802, 0.7280412316322327, 0.27826717495918274, 0.930777907371521, 0.23710745573043823, -0.7629786133766174, 0.06424609571695328, 0.643223226070404),
            ["RightLowerLeg"] = CFrame.new(0, -0.00012254714965820312, -0.00007736513362033293, 1, -7.450581307466564e-08, 7.450581307466564e-08, 8.940698847936801e-08, 0.8211677670478821, 0.5706865787506104, -1.6391281576488836e-07, -0.5706870555877686, 0.8211680054664612),
            ["LeftUpperLeg"] = CFrame.new(-5.960464477539063e-08, 1.0023359209299088e-07, 4.889443516731262e-09, 0.9656283259391785, 0.2211654633283615, -0.13655690848827362, -0.25877121090888977, 0.7684935927391052, -0.5851966142654419, -0.024482347071170807, 0.6004194021224976, 0.7993104457855225),
            ["LeftLowerLeg"] = CFrame.new(2.086162567138672e-07, 0.00012218952178955078, 0.00007775425910949707, 1, 6.705519695060502e-08, 8.940698137394065e-08, -6.70552182668871e-08, 0.5792797803878784, 0.815128743648529, 2.9802318834981634e-08, -0.815128743648529, 0.5792798399925232),
        }},
        {Time = 0.133, Data = {
            ["RightFoot"] = CFrame.new(-7.450580596923828e-09, 3.5762786865234375e-07, -7.281050784513354e-08, 0.9382895827293396, 0.278995156288147, -0.20438815653324127, -0.3349195122718811, 0.8803917169570923, -0.33576658368110657, 0.08626443147659302, 0.3834998905658722, 0.919503390789032),
            ["LeftLowerArm"] = CFrame.new(-0.0000019073486328125, -7.748603820800781e-07, 0.000003069639205932617, 1, -1.2107186364573863e-07, 1.601874686230076e-07, 8.940698847936801e-08, -0.5597696304321289, -0.8286482691764832, 7.4505820180093e-08, 0.8286482691764832, -0.5597696304321289),
            ["LeftFoot"] = CFrame.new(1.0058283805847168e-07, 0, -8.940696716308594e-08, 0.9438443779945374, -0.07088913023471832, 0.32269585132598877, 0.1251564770936966, 0.9806337356567383, -0.15064354240894318, -0.305767297744751, 0.1825714111328125, 0.9344377517700195),
            ["Head"] = CFrame.new(1.4901161193847656e-07, 5.960464477539062e-07, 2.4586915969848633e-07, 0.9221659302711487, -0.03398733213543892, 0.38529831171035767, 0.06168803945183754, 0.9963049292564392, -0.05975846201181412, -0.3818437159061432, 0.07887552678585052, 0.9208551645278931),
            ["LowerTorso"] = CFrame.new(-0.2014545500278473, -0.18778002262115479, 0.08476892113685608, 0.8990691304206848, -0.029738349840044975, -0.43679550290107727, 0.0257596205919981, 0.999555230140686, -0.015030915848910809, 0.4370481073856354, 0.0022621455136686563, 0.8994353413581848),
            ["UpperTorso"] = CFrame.new(7.078051567077637e-08, 8.046627044677734e-07, 4.470348358154297e-08, 0.9993210434913635, 0.0004842786001972854, -0.036840710788965225, 0.006331207230687141, 0.9827829003334045, 0.18465594947338104, 0.036296140402555466, -0.1847638040781021, 0.9821125268936157),
            ["HumanoidRootPart"] = CFrame.new(0, 0, 0, 1, 0, 0, 0, 1, 0, 0, 0, 1),
            ["RightUpperLeg"] = CFrame.new(7.748603820800781e-07, -9.819050319492817e-07, 1.789812813512981e-07, 0.915034830570221, -0.3081408739089966, -0.2603086829185486, 0.2835860550403595, 0.9503496885299683, -0.12811896204948425, 0.28686287999153137, 0.043413545936346054, 0.9569874405860901),
            ["LeftUpperArm"] = CFrame.new(0, -7.152557373046875e-07, 3.8743019104003906e-07, 0.7625624537467957, 0.4075447916984558, -0.5023999810218811, -0.295581191778183, 0.9103040099143982, 0.28979000449180603, 0.5754392147064209, -0.07248299568891525, 0.8146262764930725),
            ["RightLowerArm"] = CFrame.new(9.5367431640625e-07, 0.0000011920928955078125, -8.344650268554688e-07, 1, -1.1920917586394353e-07, 4.470348358154297e-08, 9.68576259197107e-08, 0.14848807454109192, -0.9889142513275146, 9.68576259197107e-08, 0.9889142513275146, 0.14848805963993073),
            ["LeftHand"] = CFrame.new(1.7881393432617188e-07, -3.5762786865234375e-07, -6.109476089477539e-07, 0.9703605771064758, -0.20542898774147034, 0.12727655470371246, 0.19650942087173462, 0.9772980213165283, 0.0792003944516182, -0.14065717160701752, -0.0518418624997139, 0.9887001514434814),
            ["RightHand"] = CFrame.new(-0.0000010728836059570312, 2.384185791015625e-07, -5.289912223815918e-07, 0.9057202339172363, -0.006167232058942318, -0.4238312840461731, 0.021441228687763214, 0.9992806911468506, 0.031278982758522034, 0.4233335256576538, -0.03741740062832832, 0.9052008986473083),
            ["RightUpperArm"] = CFrame.new(4.76837158203125e-07, 7.152557373046875e-07, -5.662441253662109e-07, 0.5625621676445007, -0.3903728425502777, 0.7287887334823608, 0.31520405411720276, 0.9161968231201172, 0.24744680523872375, -0.7643103003501892, 0.09051291644573212, 0.638464629650116),
            ["RightLowerLeg"] = CFrame.new(0, -0.00012218952178955078, -0.00007748434290988371, 1, -8.568167686462402e-08, -6.705523247774181e-08, 8.940698847936801e-08, 0.8319067358970642, 0.5549151301383972, -4.842878453814592e-08, -0.5549154877662659, 0.8319069743156433),
            ["LeftUpperLeg"] = CFrame.new(2.9802322387695312e-08, 2.0864536054432392e-07, -9.313225746154785e-09, 0.9825963973999023, 0.161154106259346, -0.09237764030694962, -0.18345268070697784, 0.7638863325119019, -0.6187270283699036, -0.029144538566470146, 0.6249055862426758, 0.7801559567451477),
            ["LeftLowerLeg"] = CFrame.new(1.6391277313232422e-07, 0.00012195110321044922, 0.00007739663124084473, 1, 7.450577044210149e-08, 5.2154071283894154e-08, -5.2154071283894154e-08, 0.48415040969848633, 0.8749848008155823, 6.705523247774181e-08, -0.8749848008155823, 0.4841505289077759),
        }},
        {Time = 0.167, Data = {
            ["RightFoot"] = CFrame.new(-7.450580596923828e-09, 3.5762786865234375e-07, -3.55576048605144e-08, 0.9338042736053467, 0.2760736346244812, -0.22758157551288605, -0.3405555486679077, 0.8808530569076538, -0.3288150727748871, 0.10968872159719467, 0.3845534026622772, 0.9165628552436829),
            ["LeftLowerArm"] = CFrame.new(-0.0000014901161193847656, 7.152557373046875e-07, 0.0000030994415283203125, 1, -5.21540464148984e-08, 1.9371509552001953e-07, 6.705524668859653e-08, -0.6487120389938354, -0.7610340118408203, 2.3096808376976696e-07, 0.7610339522361755, -0.6487120389938354),
            ["LeftFoot"] = CFrame.new(-4.0978193283081055e-08, -1.1920928955078125e-07, -7.450580596923828e-09, 0.9072009921073914, -0.049840718507766724, 0.4177349805831909, 0.11481504887342453, 0.9845951199531555, -0.13187192380428314, -0.40472695231437683, 0.1675962507724762, 0.8989478945732117),
            ["Head"] = CFrame.new(1.4901161193847656e-07, 0, 2.682209014892578e-07, 0.9197903871536255, -0.05838462710380554, 0.38804253935813904, 0.09860104322433472, 0.991530179977417, -0.08453240990638733, -0.3798205852508545, 0.11601348966360092, 0.9177567362785339),
            ["LowerTorso"] = CFrame.new(-0.23182380199432373, -0.18832290172576904, 0.04733623191714287, 0.8995373249053955, -0.027854302898049355, -0.43595513701438904, 0.013485617935657501, 0.9992601871490479, -0.03601947799324989, 0.4366358816623688, 0.02652174048125744, 0.8992473483085632),
            ["UpperTorso"] = CFrame.new(9.872019290924072e-08, 5.662441253662109e-07, 3.725290298461914e-08, 0.9997449517250061, -0.022071389481425285, 0.00479883374646306, 0.02053404413163662, 0.9766279458999634, 0.2139541655778885, -0.009408733807504177, -0.2138010561466217, 0.9768319725990295),
            ["HumanoidRootPart"] = CFrame.new(0, 0, 0, 1, 0, 0, 0, 1, 0, 0, 0, 1),
            ["RightUpperLeg"] = CFrame.new(7.748603820800781e-07, -0.0000015585683286190033, 1.920197973959148e-07, 0.9111670255661011, -0.33764156699180603, -0.23616287112236023, 0.3210262656211853, 0.9410292506217957, -0.10679926723241806, 0.25829601287841797, 0.021497394889593124, 0.9658266305923462),
            ["LeftUpperArm"] = CFrame.new(-3.5762786865234375e-07, -8.344650268554688e-07, 3.5762786865234375e-07, 0.6840614676475525, 0.4289306104183197, -0.5899817943572998, -0.391661673784256, 0.8983335494995117, 0.1989927589893341, 0.6153545379638672, 0.09494999796152115, 0.7825109958648682),
            ["RightLowerArm"] = CFrame.new(2.980232238769531e-07, 0.0000013113021850585938, -9.015202522277832e-07, 1, -7.450574202039206e-08, 7.450580596923828e-08, 1.4901172562531428e-07, 0.22438132762908936, -0.9745014905929565, 7.450585925994346e-09, 0.9745014905929565, 0.22438129782676697),
            ["LeftHand"] = CFrame.new(2.9802322387695312e-08, -3.5762786865234375e-07, -4.172325134277344e-07, 0.984067976474762, -0.15182222425937653, 0.09252254664897919, 0.15462444722652435, 0.9876850247383118, -0.02386905439198017, -0.08775924891233444, 0.03779507055878639, 0.9954245090484619),
            ["RightHand"] = CFrame.new(-0.000001296401023864746, 0, -3.725290298461914e-07, 0.8860706686973572, -0.1608339101076126, -0.43475422263145447, 0.15552262961864471, 0.9866635799407959, -0.04803841933608055, 0.4366823434829712, -0.025048602372407913, 0.8992670774459839),
            ["RightUpperArm"] = CFrame.new(4.76837158203125e-07, 3.5762786865234375e-07, -6.258487701416016e-07, 0.5214260816574097, -0.43007034063339233, 0.7369900941848755, 0.359598845243454, 0.8940081000328064, 0.2672792971134186, -0.7738240361213684, 0.12565433979034424, 0.6208118796348572),
            ["RightLowerLeg"] = CFrame.new(1.4901161193847656e-08, -0.00012230873107910156, -0.00007743963942630216, 1, -5.5879340266073996e-08, -1.0430816388407038e-07, 1.341104365337742e-07, 0.8251466155052185, 0.5649186372756958, -2.2351738238057806e-08, -0.5649186372756958, 0.8251466751098633),
            ["LeftUpperLeg"] = CFrame.new(8.940696716308594e-08, -2.3795291781425476e-07, 2.2351741790771484e-08, 0.9939814209938049, 0.10043223947286606, -0.043754640966653824, -0.10575275868177414, 0.7754344344139099, -0.6225090026855469, -0.028591297566890717, 0.6233896613121033, 0.781388521194458),
            ["LeftLowerLeg"] = CFrame.new(2.682209014892578e-07, 0.00012218952178955078, 0.00007756054401397705, 1, 3.725289943190546e-08, 9.313224325069314e-08, 0, 0.41927430033683777, 0.9078598022460938, 9.685753354915505e-08, -0.9078596830368042, 0.4192739725112915),
        }},
        {Time = 0.200, Data = {
            ["RightFoot"] = CFrame.new(-6.705522537231445e-08, 3.5762786865234375e-07, -1.3205863069742918e-08, 0.9399447441101074, 0.22408722341060638, -0.25746673345565796, -0.30340713262557983, 0.8940783739089966, -0.329496830701828, 0.1563589870929718, 0.38782578706741333, 0.9083737730979919),
            ["LeftLowerArm"] = CFrame.new(-0.0000016391277313232422, 7.152557373046875e-07, 0.000002473592758178711, 1, -4.470344805440618e-08, 1.639126594454865e-07, 8.195638656616211e-08, -0.6363611221313477, -0.7713913321495056, 1.6391277313232422e-07, 0.7713912725448608, -0.6363611221313477),
            ["LeftFoot"] = CFrame.new(-1.3504177331924438e-07, -1.1920928955078125e-07, 1.4901161193847656e-08, 0.885843813419342, -0.02426304668188095, 0.46334874629974365, 0.10464268922805786, 0.9833503365516663, -0.1485665887594223, -0.45202958583831787, 0.18009307980537415, 0.8736338019371033),
            ["Head"] = CFrame.new(1.2665987014770508e-07, 4.76837158203125e-07, 2.086162567138672e-07, 0.9184856414794922, -0.06910330802202225, 0.3893699645996094, 0.11641189455986023, 0.9882328510284424, -0.09921792894601822, -0.37793198227882385, 0.13645754754543304, 0.915722131729126),
            ["LowerTorso"] = CFrame.new(-0.2611975073814392, -0.1881105899810791, -0.00041405484080314636, 0.8999475836753845, -0.025401528924703598, -0.4352576732635498, -0.0025003619957715273, 0.9979843497276306, -0.06341192126274109, 0.4359910488128662, 0.05815569683909416, 0.8980700373649597),
            ["UpperTorso"] = CFrame.new(7.543712854385376e-08, 5.364418029785156e-07, 2.0023435354232788e-08, 0.9982616901397705, -0.0417291522026062, 0.04162313789129257, 0.030545849353075027, 0.9702581167221069, 0.24013812839984894, -0.05040569230914116, -0.23844917118549347, 0.9698460698127747),
            ["HumanoidRootPart"] = CFrame.new(0, 0, 0, 1, 0, 0, 0, 1, 0, 0, 0, 1),
            ["RightUpperLeg"] = CFrame.new(7.748603820800781e-07, -0.0000013080425560474396, 1.5616387827321887e-07, 0.9043402671813965, -0.37851184606552124, -0.19722449779510498, 0.3603420853614807, 0.9247450828552246, -0.12247560918331146, 0.22874076664447784, 0.03969139605760574, 0.9726778864860535),
            ["LeftUpperArm"] = CFrame.new(-2.384185791015625e-07, -7.152557373046875e-07, 4.172325134277344e-07, 0.619520902633667, 0.41151270270347595, -0.6684694290161133, -0.49326789379119873, 0.8665257692337036, 0.07628859579563141, 0.6106396317481995, 0.28247204422950745, 0.7398167848587036),
            ["RightLowerArm"] = CFrame.new(0.0000011324882507324219, 1.1920928955078125e-07, -0.0000012367963790893555, 1, -1.043080430918053e-07, 1.4901157641133977e-08, 8.94070240065048e-08, 0.30400702357292175, -0.9526698589324951, -3.7252924300901213e-08, 0.9526698589324951, 0.30400699377059937),
            ["LeftHand"] = CFrame.new(5.960464477539063e-08, -5.960464477539062e-07, -1.7881393432617188e-07, 0.9949883222579956, -0.01706419698894024, 0.09852532297372818, 0.04194251820445061, 0.965682327747345, -0.2563171088695526, -0.09077031910419464, 0.2591649293899536, 0.9615582227706909),
            ["RightHand"] = CFrame.new(-0.0000012814998626708984, -4.172325134277344e-07, -2.384185791015625e-07, 0.8998831510543823, -0.25350838899612427, -0.35488560795783997, 0.22946904599666595, 0.9671893119812012, -0.10903612524271011, 0.3708830773830414, 0.016684509813785553, 0.928529679775238),
            ["RightUpperArm"] = CFrame.new(4.76837158203125e-07, 0.0000011920928955078125, -6.109476089477539e-07, 0.3983505666255951, -0.4799971282482147, 0.7816135287284851, 0.43851351737976074, 0.8481109142303467, 0.2973446846008301, -0.805619478225708, 0.22430063784122467, 0.5483307242393494),
            ["RightLowerLeg"] = CFrame.new(-5.960464477539063e-08, -0.00012260675430297852, -0.00007739493594272062, 1, -1.1175875158642157e-07, 2.9802311729554276e-08, 1.0803341865539551e-07, 0.7622713446617126, 0.6472568511962891, -4.470348358154297e-08, -0.6472576856613159, 0.7622719407081604),
            ["LeftUpperLeg"] = CFrame.new(5.960464477539063e-08, 8.940696716308594e-08, -6.05359673500061e-09, 0.9989325404167175, 0.04618944972753525, 0.0006873768870718777, -0.036916136741638184, 0.8071478605270386, -0.5891944169998169, -0.02776956558227539, 0.5885396599769592, 0.807991087436676),
            ["LeftLowerLeg"] = CFrame.new(2.5704503059387207e-07, 0.0001220703125, 0.0000775754451751709, 1, 1.2665981330428622e-07, 5.0291436792804234e-08, -6.146728281919422e-08, 0.40147924423217773, 0.9158679842948914, 7.4505797087454084e-09, -0.9158681631088257, 0.4014796316623688),
        }},
        {Time = 0.233, Data = {
            ["RightFoot"] = CFrame.new(4.470348358154297e-08, 3.5762786865234375e-07, 3.149762051180005e-08, 0.9368739128112793, 0.2534579336643219, -0.24088716506958008, -0.3081916868686676, 0.9239821434020996, -0.22643911838531494, 0.1651824563741684, 0.2863844931125641, 0.9437684416770935),
            ["LeftLowerArm"] = CFrame.new(-0.0000023245811462402344, 4.76837158203125e-07, 0.0000029355287551879883, 1, -8.940694584680386e-08, 1.1920927533992653e-07, 4.470350489782504e-08, -0.4878770709037781, -0.8729124069213867, 1.378358120973644e-07, 0.8729123473167419, -0.4878770709037781),
            ["LeftFoot"] = CFrame.new(1.3969838619232178e-09, -5.960464477539063e-08, -1.4901161193847656e-08, 0.8792814612388611, 0.009141316637396812, 0.4762149751186371, 0.09862092137336731, 0.9746549725532532, -0.200802743434906, -0.46598076820373535, 0.22352668642997742, 0.8560944199562073),
            ["Head"] = CFrame.new(6.705522537231445e-08, 0.0000011920928955078125, 2.980232238769531e-07, 0.9106457233428955, -0.07572703063488007, 0.4061894118785858, 0.12983550131320953, 0.985711395740509, -0.10731241106987, -0.3922591209411621, 0.1504613608121872, 0.907465934753418),
            ["LowerTorso"] = CFrame.new(-0.2959543764591217, -0.1868736743927002, -0.054990582168102264, 0.9002366065979004, -0.022330069914460182, -0.434827983379364, -0.02237790822982788, 0.9949911832809448, -0.09742620587348938, 0.43482547998428345, 0.09743718802928925, 0.89522784948349),
            ["UpperTorso"] = CFrame.new(4.1443854570388794e-08, 6.258487701416016e-07, 3.4458935260772705e-08, 0.9973526000976562, -0.0567205511033535, 0.04550585895776749, 0.042601924389600754, 0.9628957509994507, 0.2664901316165924, -0.05893266573548317, -0.26384586095809937, 0.9627628922462463),
            ["HumanoidRootPart"] = CFrame.new(0, 0, 0, 1, 0, 0, 0, 1, 0, 0, 0, 1),
            ["RightUpperLeg"] = CFrame.new(8.344650268554688e-07, -0.0000013203825801610947, 1.8456921679899096e-07, 0.8865971565246582, -0.43946215510368347, -0.1442869007587433, 0.4199598729610443, 0.895544171333313, -0.14708629250526428, 0.1938539743423462, 0.06981170177459717, 0.9785433411598206),
            ["LeftUpperArm"] = CFrame.new(-4.76837158203125e-07, -2.384185791015625e-07, 5.364418029785156e-07, 0.6035269498825073, 0.3693532943725586, -0.7066352963447571, -0.5607629418373108, 0.8266496658325195, -0.04685552045702934, 0.5668335556983948, 0.4245333671569824, 0.7060249447822571),
            ["RightLowerArm"] = CFrame.new(0.0000013709068298339844, 4.76837158203125e-07, -0.0000011771917343139648, 1, -1.490114698299294e-07, 7.450577044210149e-08, 8.195641498787154e-08, 0.3396640121936798, -0.9405468106269836, 8.940699558479537e-08, 0.9405469298362732, 0.3396640121936798),
            ["LeftHand"] = CFrame.new(-4.3213367462158203e-07, -5.364418029785156e-07, -2.980232238769531e-07, 0.9770302772521973, 0.17601007223129272, 0.12013454735279083, -0.12963059544563293, 0.938335657119751, -0.32050320506095886, -0.1691383719444275, 0.2975682318210602, 0.9395985007286072),
            ["RightHand"] = CFrame.new(-8.940696716308594e-07, 1.1920928955078125e-07, -6.556510925292969e-07, 0.9610524773597717, -0.1609702706336975, -0.2246484011411667, 0.15472806990146637, 0.9869208335876465, -0.04523949697613716, 0.22899229824543, 0.008718074299395084, 0.9733892679214478),
            ["RightUpperArm"] = CFrame.new(4.76837158203125e-07, 0.0000013113021850585938, -5.960464477539062e-07, 0.207842618227005, -0.5492205023765564, 0.8094184994697571, 0.5168842673301697, 0.7641891837120056, 0.3858051300048828, -0.830440878868103, 0.33818888664245605, 0.4427145719528198),
            ["RightLowerLeg"] = CFrame.new(2.2351741790771484e-08, -0.0001220703125, -0.00007738003478152677, 1, -1.0430814256778831e-07, 2.980232949312267e-08, 8.009374852235851e-08, 0.6846117377281189, 0.7289074659347534, 6.705523247774181e-08, -0.7289080023765564, 0.6846122145652771),
            ["LeftUpperLeg"] = CFrame.new(-5.960464477539063e-08, 9.872019290924072e-08, 2.2351741790771484e-08, 0.9990378618240356, 0.001817540149204433, 0.043817926198244095, 0.02101532369852066, 0.8571146130561829, -0.5146970152854919, -0.038492560386657715, 0.5151224732398987, 0.8562517166137695),
            ["LeftLowerLeg"] = CFrame.new(1.8719583749771118e-07, 0.0001221299171447754, 0.00007756054401397705, 1, 9.12695767851801e-08, 7.112976874168453e-08, -7.695052062217655e-08, 0.43637657165527344, 0.8997641801834106, 1.571606667027936e-08, -0.8997641205787659, 0.4363766610622406),
        }},
        {Time = 0.267, Data = {
            ["RightFoot"] = CFrame.new(1.4901161193847656e-08, 3.5762786865234375e-07, 4.639878170564771e-08, 0.9596289396286011, 0.26725637912750244, -0.08767472952604294, -0.2604377269744873, 0.9620113968849182, 0.0818905308842659, 0.10622961074113846, -0.055750537663698196, 0.9927775263786316),
            ["LeftLowerArm"] = CFrame.new(-0.0000013113021850585938, 1.7881393432617188e-07, 0.0000029206275939941406, 1, -8.940693874137651e-08, 9.872012185496715e-08, 5.5879375793210784e-08, -0.09541178494691849, -0.9954378604888916, 8.940699558479537e-08, 0.9954379200935364, -0.0954117700457573),
            ["LeftFoot"] = CFrame.new(2.7008354663848877e-08, -5.960464477539063e-08, 2.9802322387695312e-08, 0.8731605410575867, 0.049947693943977356, 0.4848671555519104, 0.09253520518541336, 0.9596607089042664, -0.2654971778392792, -0.4785686433315277, 0.27668872475624084, 0.8333157896995544),
            ["Head"] = CFrame.new(1.2665987014770508e-07, 9.5367431640625e-07, 3.650784492492676e-07, 0.8888137340545654, -0.09364946186542511, 0.44859784841537476, 0.15857623517513275, 0.9812741279602051, -0.10933834314346313, -0.4299580454826355, 0.16831836104393005, 0.8870204091072083),
            ["LowerTorso"] = CFrame.new(-0.3520660698413849, -0.18556928634643555, -0.10400675982236862, 0.9010686874389648, -0.01776915416121483, -0.4333123564720154, -0.04535168036818504, 0.9898210167884827, -0.13489866256713867, 0.43129870295524597, 0.14120440185070038, 0.8910908699035645),
            ["UpperTorso"] = CFrame.new(9.313225746154785e-09, 6.258487701416016e-07, 7.450580596923828e-08, 0.9968907237052917, -0.07141128182411194, 0.03330790996551514, 0.0585196390748024, 0.9540287852287292, 0.293946772813797, -0.05276760086417198, -0.29108357429504395, 0.9552413821220398),
            ["HumanoidRootPart"] = CFrame.new(0, 0, 0, 1, 0, 0, 0, 1, 0, 0, 0, 1),
            ["RightUpperLeg"] = CFrame.new(6.556510925292969e-07, -0.0000018870923668146133, 2.218221197836101e-07, 0.850832462310791, -0.5250626802444458, -0.019832558929920197, 0.5044458508491516, 0.8268216848373413, -0.24879732728004456, 0.147032231092453, 0.20168058574199677, 0.9683524966239929),
            ["LeftUpperArm"] = CFrame.new(-2.384185791015625e-07, 2.384185791015625e-07, 5.662441253662109e-07, 0.5824775695800781, 0.2843520939350128, -0.7614879012107849, -0.6345176100730896, 0.7445858120918274, -0.20731480419635773, 0.5080427527427673, 0.6039336919784546, 0.6141309142112732),
            ["RightLowerArm"] = CFrame.new(0.0000011324882507324219, 6.556510925292969e-07, -4.470348358154297e-08, 1, -8.940686768710293e-08, 7.450581307466564e-08, 8.940703821735951e-08, 0.2539394795894623, -0.96722012758255, 4.470351910867976e-08, 0.9672201871871948, 0.2539394795894623),
            ["LeftHand"] = CFrame.new(-1.9371509552001953e-07, -5.364418029785156e-07, -5.327165126800537e-07, 0.9571057558059692, 0.23516371846199036, 0.16925309598445892, -0.16658122837543488, 0.9245817065238953, -0.3426361382007599, -0.23706386983394623, 0.299744576215744, 0.9240962862968445),
            ["RightHand"] = CFrame.new(-0.0000012218952178955078, -5.960464477539062e-07, -8.381903171539307e-07, 0.9742030501365662, -0.06881207227706909, -0.21492645144462585, 0.071993887424469, 0.9973804950714111, 0.007001643534749746, 0.21388153731822968, -0.022294411435723305, 0.9766051769256592),
