return {
    ["TF2 Demoman"] = {
        [1] = {Time = 0.000, Data = {
            ["LeftFoot"] = CFrame.new(3.232344170100987e-09, 0, 6.226582627277821e-08, 0.9752290844917297, -0.13189570605754852, -0.17757253348827362, 0.05407578870654106, 0.9205789566040039, -0.3867947459220886, 0.21448595821857452, 0.36761119961738586, 0.9049077033996582),
            ["LeftLowerArm"] = CFrame.new(5.960464477539063e-08, -2.980232238769531e-07, 5.960464477539063e-08, 1, -2.980232594040899e-08, -3.725290742551124e-09, 7.078051567077637e-08, 0.965925931930542, -0.25881901383399963, 3.725290298461914e-09, 0.25881901383399963, 0.965925931930542),
            ["RightUpperArm"] = CFrame.new(0, 3.5762786865234375e-07, 2.7939677238464355e-09, 0.3420199751853943, -0.6644629836082458, 0.6644631624221802, -5.960465188081798e-08, 0.70710688829422, 0.7071067690849304, -0.9396927356719971, -0.24184468388557434, 0.2418445348739624),
            ["Head"] = CFrame.new(5.704350769519806e-09, 3.5762786865234375e-07, -1.6298145055770874e-08, 0.9848078489303589, 0.17298740148544312, 0.015134438872337341, -0.17364820837974548, 0.981060266494751, 0.0858316570520401, 0, -0.08715572953224182, 0.9961947798728943),
            ["LowerTorso"] = CFrame.new(0, -0.8149216175079346, 0, 0.9636266231536865, -0.258160799741745, -0.06911415606737137, 0.2500280737876892, 0.9621925950050354, -0.10803414136171341, 0.09439130127429962, 0.08682409673929214, 0.9917418360710144),
            ["UpperTorso"] = CFrame.new(-3.958120942115784e-09, -1.1920928955078125e-07, 9.313225746154785e-10, 0.9810313582420349, 0.1733177900314331, 0.08682410418987274, -0.1733177900314331, 0.9848366975784302, -0.007596127223223448, -0.08682408928871155, -0.007596112322062254, 0.9961947798728943),
            ["HumanoidRootPart"] = CFrame.new(0, 0, 0, 1, 0, 0, 0, 1, 0, 0, 0, 1),
            ["LeftUpperLeg"] = CFrame.new(8.940696716308594e-08, -1.0151416063308716e-07, -7.450580596923828e-09, 0.472066730260849, 0.8684657216072083, -0.15139372646808624, -0.41238051652908325, 0.06575897336006165, -0.9086353182792664, -0.7791632413864136, 0.4913684129714966, 0.3891811668872833),
            ["LeftUpperArm"] = CFrame.new(-0.038370490074157715, -0.08228611946105957, -0.016009187325835228, 0.9063077569007874, 0.4082179367542267, -0.10938169062137604, -0.42261838912963867, 0.8754261136054993, -0.2345697581768036, 9.313225746154785e-09, 0.2588191032409668, 0.9659258723258972),
            ["RightLowerArm"] = CFrame.new(0, -5.960464477539063e-08, 5.587935447692871e-08, 1, -6.70552182668871e-08, 9.685753354915505e-08, 8.195638656616211e-08, 0.08715573698282242, -0.9961947202682495, 9.685754776000977e-08, 0.9961947202682495, 0.08715566247701645),
            ["LeftHand"] = CFrame.new(-1.4901161193847656e-08, 1.1920928955078125e-07, 5.960464477539063e-08, 1, 1.862645371275562e-09, 0, -8.009374852235851e-08, 1, -5.21540641784668e-08, 3.725290742551124e-09, 9.313227167240257e-08, 1),
            ["RightFoot"] = CFrame.new(-1.4901161193847656e-08, 5.364418029785156e-07, 5.0938979256898165e-08, 0.9892857670783997, 0.00431521050632, -0.14592894911766052, 0.0030474483501166105, 0.9987349510192871, 0.05019398033618927, 0.14596079289913177, -0.0501004196703434, 0.9880209565162659),
            ["RightHand"] = CFrame.new(-1.4901161193847656e-08, -1.7881393432617188e-07, -2.086162567138672e-07, 1, -2.2351738238057806e-08, -1.30385160446167e-08, -7.450580596923828e-09, 0.8660253882408142, -0.5000000596046448, -2.9802322387695312e-08, 0.4999999403953552, 0.866025447845459),
            ["RightLowerLeg"] = CFrame.new(-8.940696716308594e-08, -0.000005185604095458984, -0.000017056874639820307, 1, 1.1175874448099421e-08, -5.820766785236131e-11, -1.7136335372924805e-07, 0.9999850392341614, 0.005468385294079781, 1.6996636986732483e-08, -0.005468538962304592, 0.9999850988388062),
            ["RightUpperLeg"] = CFrame.new(-2.9802322387695312e-08, -5.4016709327697754e-08, -9.145878721028566e-09, 0.73463374376297, -0.6402215361595154, -0.2245650291442871, 0.034539081156253815, 0.3658517897129059, -0.9300320148468018, 0.6775842905044556, 0.6754767298698425, 0.2908797264099121),
            ["LeftLowerLeg"] = CFrame.new(-2.9802322387695312e-08, 0.0000054836273193359375, 0.000016979873180389404, 1, 1.4901161193847656e-08, 8.940698137394065e-08, -1.4156104555240745e-07, -0.5511727333068848, 0.8343911170959473, 1.1175872316471214e-07, -0.834391176700592, -0.5511729717254639)
        }},
        [2] = {Time = 0.040, Data = {
            ["LeftFoot"] = CFrame.new(-2.3541360860690475e-08, 5.960464477539063e-08, 1.7040292732417583e-08, 0.9793761968612671, -0.12768146395683289, -0.15658806264400482, 0.06912349909543991, 0.9399880170822144, -0.3341321647167206, 0.18985353410243988, 0.316417396068573, 0.9294277429580688),
            ["LeftLowerArm"] = CFrame.new(8.940696716308594e-08, -1.1920928955078125e-07, -2.9802322387695312e-08, 1, -5.960464477539063e-08, 0, 3.725290298461914e-08, 0.9556432962417603, -0.29452675580978394, 1.4901161193847656e-08, 0.2945267856121063, 0.9556432962417603),
            ["RightUpperArm"] = CFrame.new(0, -1.1920928955078125e-07, -1.4901161193847656e-08, 0.3448491394519806, -0.6617146134376526, 0.6657423973083496, -0.0017176198307424784, 0.7088028788566589, 0.7054044008255005, -0.9386566281318665, -0.2444016933441162, 0.24329346418380737),
            ["Head"] = CFrame.new(2.043088898062706e-08, 0, -9.778887033462524e-09, 0.9868709444999695, 0.1608448326587677, 0.014658242464065552, -0.16151027381420135, 0.9831318855285645, 0.08582654595375061, -0.0006062312750145793, -0.08706717938184738, 0.9962023496627808),
            ["LowerTorso"] = CFrame.new(0.022393416613340378, -0.7275822162628174, 0.008179307915270329, 0.9693323969841003, -0.2358245849609375, -0.0691482201218605, 0.22804458439350128, 0.9680180549621582, -0.10457880795001984, 0.09159897267818451, 0.08560275286436081, 0.9921097755432129),
            ["UpperTorso"] = CFrame.new(-2.7241185307502747e-08, 0, 1.4901161193847656e-08, 0.9906271696090698, 0.10517998784780502, 0.08714977651834488, -0.10518229752779007, 0.9944425225257874, -0.0045784758403897285, -0.08714699745178223, -0.004631055518984795, 0.9961847066879272),
            ["HumanoidRootPart"] = CFrame.new(0, 0, 0, 1, 0, 0, 0, 1, 0, 0, 0, 1),
            ["LeftUpperLeg"] = CFrame.new(-5.960464477539063e-08, 3.5529956221580505e-07, 1.4901161193847656e-08, 0.5003865361213684, 0.863570511341095, -0.062123898416757584, -0.38933128118515015, 0.16034308075904846, -0.9070343971252441, -0.7733269333839417, 0.4780545234680176, 0.41644853353500366),
            ["LeftUpperArm"] = CFrame.new(-0.026884913444519043, -0.09826576709747314, -0.013566959649324417, 0.89479660987854, 0.3708728551864624, -0.24858075380325317, -0.4237613379955292, 0.8807880878448486, -0.21127864718437195, 0.14058946073055267, 0.2943902909755707, 0.945287823677063),
            ["RightLowerArm"] = CFrame.new(0, 2.980232238769531e-07, 3.0174851417541504e-07, 1, -9.685756197086448e-08, 8.195640788244418e-08, 8.940698137394065e-08, 0.11237823963165283, -0.9936655163764954, 7.450581307466564e-08, 0.9936655163764954, 0.11237822473049164),
            ["LeftHand"] = CFrame.new(3.129243850708008e-07, -1.1920928955078125e-07, -1.1920928955078125e-07, 1, 2.2351745343485163e-08, -1.4901159417490817e-08, -4.4703490686970326e-08, 1, 3.725289943190546e-08, 7.450581485102248e-09, -1.1175872671742582e-08, 1),
            ["RightFoot"] = CFrame.new(5.960464477539063e-08, 3.5762786865234375e-07, 1.7527781892567873e-08, 0.9820916056632996, 0.040588680654764175, -0.18398013710975647, -0.011638280004262924, 0.9877229332923889, 0.1557822823524475, 0.1880444437265396, -0.15085093677043915, 0.9705067276954651),
            ["RightHand"] = CFrame.new(1.1920928955078125e-07, 5.960464477539063e-08, -2.2351741790771484e-08, 0.9987581968307495, 0.0492129884660244, -0.007765091955661774, -0.04661872982978821, 0.8681432604789734, -0.4941193461418152, -0.017575852572917938, 0.49386775493621826, 0.8693594336509705),
            ["RightLowerLeg"] = CFrame.new(4.470348358154297e-08, -0.000005125999450683594, -0.000017041042156051844, 1, -8.009374852235851e-08, -5.820766091346741e-08, 3.725290742551124e-09, 0.9999852180480957, 0.005434765014797449, 3.2596294552433847e-09, -0.005434850696474314, 0.9999852180480957),
            ["RightUpperLeg"] = CFrame.new(0, 3.7671998143196106e-07, 2.029992174357176e-09, 0.737288773059845, -0.6449013352394104, -0.20126521587371826, 0.0913686752319336, 0.39036551117897034, -0.9161149859428406, 0.6693706512451172, 0.6570517420768738, 0.34673580527305603),
            ["LeftLowerLeg"] = CFrame.new(0, 0.0000054836273193359375, 0.000017061829566955566, 1, -1.4901161193847656e-08, 1.0430814256778831e-07, -1.1175872671742582e-08, -0.43556708097457886, 0.9001562595367432, 4.4703490686970326e-08, -0.9001563191413879, -0.43556711077690125)
        }},
        [3] = {Time = 0.080, Data = {
            ["LeftFoot"] = CFrame.new(1.2540112948045135e-08, -5.960464477539063e-08, -4.8342371883336455e-08, 0.9859492182731628, -0.11898888647556305, -0.1172422245144844, 0.09398724138736725, 0.9753756523132324, -0.1995214968919754, 0.13809610903263092, 0.18569862842559814, 0.9728542566299438),
            ["LeftLowerArm"] = CFrame.new(5.960464477539063e-08, -2.980232238769531e-07, 0, 1, -1.4901162970204496e-08, 7.450581307466564e-08, 7.450581485102248e-09, 0.896867573261261, -0.4422994554042816, -2.2351745343485163e-08, 0.44229939579963684, 0.8968675136566162),
            ["RightUpperArm"] = CFrame.new(0, 1.1920928955078125e-07, -9.313225746154785e-09, 0.3644327223300934, -0.6421204209327698, 0.6744406223297119, -0.013946153223514557, 0.720402717590332, 0.6934157609939575, -0.931125283241272, -0.26210927963256836, 0.25358322262763977),
            ["Head"] = CFrame.new(-9.182258509099483e-09, 0, 7.450580596923828e-09, 0.9914763569831848, 0.12956424057483673, 0.013705970719456673, -0.13026466965675354, 0.9877604842185974, 0.08579373359680176, -0.002422415418550372, -0.08684786409139633, 0.9962186813354492),
            ["LowerTorso"] = CFrame.new(0.06398119032382965, -0.5313153266906738, 0.025778930634260178, 0.9817422032356262, -0.17698076367378235, -0.06971397250890732, 0.16996794939041138, 0.9807412028312683, -0.0962163507938385, 0.0853998064994812, 0.08261051028966904, 0.9929161071777344),
            ["UpperTorso"] = CFrame.new(-2.561137080192566e-08, -2.9802322387695312e-08, 2.0605511963367462e-08, 0.9961831569671631, -0.004836108069866896, 0.08715470880270004, 0.004817701410502195, 0.999988317489624, 0.00042149057844653726, -0.08715573698282242, -1.862645149230957e-09, 0.9961947798728943),
            ["HumanoidRootPart"] = CFrame.new(0, 0, 0, 1, 0, 0, 0, 1, 0, 0, 0, 1),
            ["LeftUpperLeg"] = CFrame.new(2.9802322387695312e-08, 3.585591912269592e-08, 2.60770320892334e-08, 0.5559187531471252, 0.8172242641448975, 0.15198364853858948, -0.33160272240638733, 0.3856939375400543, -0.8609761595726013, -0.7622296810150146, 0.4282345473766327, 0.48540815711021423),
            ["LeftUpperArm"] = CFrame.new(0.0005038976669311523, -0.13637185096740723, -0.007743006572127342, 0.7812060713768005, 0.24468310177326202, -0.5743233561515808, -0.4046195149421692, 0.899043083190918, -0.16734573245048523, 0.47539472579956055, 0.3631139099597931, 0.8013414740562439),
            ["RightLowerArm"] = CFrame.new(1.1920928955078125e-07, -1.1920928955078125e-07, -2.1979212760925293e-07, 1, -6.705523247774181e-08, 1.266598843585598e-07, 6.70552182668871e-08, 0.15902931988239288, -0.9872739315032959, 7.450579886381092e-08, 0.9872738718986511, 0.15902931988239288),
            ["LeftHand"] = CFrame.new(-1.7881393432617188e-07, 0, -2.9802322387695312e-08, 1, -2.9802322387695312e-08, 1.4901161193847656e-08, 0, 1, -2.2351741790771484e-08, 4.470348358154297e-08, -4.470348358154297e-08, 1),
            ["RightFoot"] = CFrame.new(-1.1920928955078125e-07, 2.980232238769531e-07, -1.0261283023282886e-07, 0.9591733813285828, 0.16344262659549713, -0.23080961406230927, -0.05797313526272774, 0.9123990535736084, 0.4051755666732788, 0.276813268661499, -0.37525254487991333, 0.8846240639686584),
            ["RightHand"] = CFrame.new(2.9802322387695312e-08, -5.960464477539063e-08, 1.4156103134155273e-07, 0.9872387051582336, 0.15747787058353424, -0.023674946278333664, -0.14941401779651642, 0.8645505905151367, -0.47982078790664673, -0.05509299784898758, 0.47723498940467834, 0.8770471215248108),
            ["RightLowerLeg"] = CFrame.new(-1.1920928955078125e-07, -0.000005304813385009766, -0.000016870144463609904, 1, 7.450581485102248e-09, -2.607702853651972e-08, 2.2351741790771484e-08, 0.9999857544898987, 0.005351770203560591, 7.450580596923828e-09, -0.005351771134883165, 0.9999857544898987),
            ["RightUpperLeg"] = CFrame.new(-8.940696716308594e-08, -3.5390257835388184e-08, 1.6931153368204832e-08, 0.7352178692817688, -0.6572067737579346, -0.16593405604362488, 0.2216750532388687, 0.46446722745895386, -0.8573975563049316, 0.6405582427978516, 0.5935903191566467, 0.48717084527015686),
            ["LeftLowerLeg"] = CFrame.new(-1.4901161193847656e-08, 0.000005364418029785156, 0.000017061829566955566, 1, 1.9371512394172896e-07, 1.0430811414607888e-07, -1.7136335372924805e-07, -0.12382858991622925, 0.9923036098480225, 2.384185791015625e-07, -0.9923036098480225, -0.12382856011390686)
        }},
        [4] = {Time = 0.120, Data = {
            ["LeftFoot"] = CFrame.new(5.5017153499647975e-08, -1.7881393432617188e-07, -2.1336745703592896e-08, 0.9903189539909363, -0.11523956060409546, -0.07738374173641205, 0.11024501174688339, 0.9917113780975342, -0.0659901425242424, 0.08434730023145676, 0.05682011693716049, 0.9948151111602783),
            ["LeftLowerArm"] = CFrame.new(-1.7881393432617188e-07, 1.1920928955078125e-07, 1.0989606380462646e-07, 1, -7.450579886381092e-08, -5.587935447692871e-09, 8.568167686462402e-08, 0.6781831383705139, -0.7348929643630981, 0, 0.7348929643630981, 0.6781831383705139),
            ["RightUpperArm"] = CFrame.new(0, 0, 1.4901161193847656e-08, 0.4154757261276245, -0.5859705209732056, 0.6957144737243652, -0.048843540251255035, 0.7493782043457031, 0.6603381633758545, -0.9082919955253601, -0.3083357512950897, 0.2827276289463043),
            ["Head"] = CFrame.new(-2.444721758365631e-08, 0, 1.6298145055770874e-08, 0.996131956577301, 0.08690410107374191, 0.012993395328521729, -0.0877012088894844, 0.9924511313438416, 0.08572889864444733, -0.005445113871246576, -0.08653684705495834, 0.9962337613105774),
            ["LowerTorso"] = CFrame.new(0.08637460321187973, -0.3247476816177368, 0.04239140823483467, 0.9929900765419006, -0.09410390257835388, -0.07152079045772552, 0.08786652237176895, 0.9924255013465881, -0.08585624396800995, 0.0790584459900856, 0.07897011190652847, 0.9937372207641602),
            ["UpperTorso"] = CFrame.new(2.7939677238464355e-09, -2.9802322387695312e-08, -6.05359673500061e-09, 0.994567334651947, -0.05761796236038208, 0.08669482171535492, 0.05733540654182434, 0.9983384609222412, 0.005747743882238865, -0.08688192814588547, -0.0007458498002961278, 0.9962183833122253),
            ["HumanoidRootPart"] = CFrame.new(0, 0, 0, 1, 0, 0, 0, 1, 0, 0, 0, 1),
            ["LeftUpperLeg"] = CFrame.new(2.9802322387695312e-08, 2.7939677238464355e-07, -6.752088665962219e-09, 0.607631504535675, 0.7132099270820618, 0.34945011138916016, -0.25896236300468445, 0.5938618183135986, -0.7617523074150085, -0.7508145570755005, 0.3723703622817993, 0.5455437898635864),
            ["LeftUpperArm"] = CFrame.new(0.033194541931152344, -0.18185293674468994, -0.0007918672636151314, 0.49130427837371826, 0.03468823432922363, -0.8702970147132874, -0.35010549426078796, 0.9227943420410156, -0.16086256504058838, 0.7975251078605652, 0.3837282359600067, 0.4655173420906067),
            ["RightLowerArm"] = CFrame.new(0, 5.960464477539063e-08, 4.507601261138916e-07, 1, -7.450580596923828e-08, 7.078052277620372e-08, 7.078051567077637e-08, 0.18400241434574127, -0.9829258918762207, 4.842877388000488e-08, 0.9829258322715759, 0.1840023547410965),
            ["LeftHand"] = CFrame.new(0, 5.960464477539063e-08, 9.685754776000977e-08, 1, 2.980232594040899e-08, 1.8626449271863521e-09, 5.960465188081798e-08, 1, 9.313224635931761e-10, 1.0244549741855735e-07, -5.1222748709278676e-08, 1),
            ["RightFoot"] = CFrame.new(2.9802322387695312e-08, 2.384185791015625e-07, 4.639878170564771e-08, 0.9330869317054749, 0.3174119293689728, -0.1691117286682129, -0.24999143183231354, 0.9104531407356262, 0.3295132517814636, 0.2585596740245819, -0.26518821716308594, 0.928882360458374),
            ["RightHand"] = CFrame.new(1.1920928955078125e-07, 2.980232238769531e-07, 5.960464477539063e-08, 0.963756799697876, 0.26410213112831116, -0.03772376477718353, -0.25097984075546265, 0.8496143817901611, -0.46385836601257324, -0.09045533835887909, 0.4565145671367645, 0.8851058483123779),
            ["RightLowerLeg"] = CFrame.new(-2.384185791015625e-07, -0.000005185604095458984, -0.00001694092497928068, 1, 5.960463056453591e-08, 2.980232594040899e-08, 2.2351745343485163e-08, 0.7122572660446167, 0.7019181251525879, 1.4901162970204496e-08, -0.7019184827804565, 0.7122575640678406),
            ["RightUpperLeg"] = CFrame.new(0, 2.5704503059387207e-07, -2.4047039914876223e-08, 0.71714186668396, -0.6912263035774231, 0.088959239423275, 0.3473138213157654, 0.24379920959472656, -0.9055026769638062, 0.6042191982269287, 0.6802706718444824, 0.4149109721183777),
            ["LeftLowerLeg"] = CFrame.new(1.7881393432617188e-07, 0.000005543231964111328, 0.000016987323760986328, 1, 1.4156103134155273e-07, 1.8626455755565985e-07, -1.043081283569336e-07, 0.17847608029842377, 0.983944296836853, 1.7136335372924805e-07, -0.9839442372322083, 0.17847605049610138)
        }},
        [5] = {Time = 0.160, Data = {
            ["LeftFoot"] = CFrame.new(-9.970426617655903e-08, 5.960464477539063e-08, -2.6270754460711032e-09, 0.9919293522834778, -0.12166416645050049, -0.03569485619664192, 0.1201387345790863, 0.9918614625930786, -0.042161975055933, 0.040533993393182755, 0.03753313422203064, 0.998473048210144),
            ["LeftLowerArm"] = CFrame.new(0, -1.1920928955078125e-07, -5.587935447692871e-08, 1, -4.842877388000488e-08, 7.171183824539185e-08, 6.332992796842518e-08, 0.19325734674930573, -0.9811481833457947, 5.960463766996327e-08, 0.9811481833457947, 0.19325733184814453),
            ["RightUpperArm"] = CFrame.new(-0.02624267339706421, 0.003084897994995117, 0.057370349764823914, 0.5984949469566345, -0.45008596777915955, 0.6627417802810669, -0.007767138071358204, 0.8239632844924927, 0.5665900707244873, -0.8010890483856201, -0.34424886107444763, 0.4896419048309326),
            ["Head"] = CFrame.new(2.6775524020195007e-09, -1.1920928955078125e-07, 7.275957614183426e-09, 0.9990793466567993, 0.04080917686223984, 0.01323435828089714, -0.041795890778303146, 0.9954442381858826, 0.08569661527872086, -0.009676857851445675, -0.08617085218429565, 0.9962334632873535),
            ["LowerTorso"] = CFrame.new(0.07286056876182556, -0.19025254249572754, 0.05018869787454605, 0.9972535967826843, -0.0008878973894752562, -0.07405757158994675, -0.0047736638225615025, 0.9970784783363342, -0.0762360543012619, 0.07390888780355453, 0.07638020068407059, 0.9943358302116394),
            ["UpperTorso"] = CFrame.new(-8.381903171539307e-09, 5.960464477539063e-08, 1.4435499906539917e-08, 0.9935379028320312, -0.07387267798185349, 0.08617018908262253, 0.07313095778226852, 0.9972533583641052, 0.011737089604139328, -0.08680056780576706, -0.005359531845897436, 0.9962112903594971),
            ["HumanoidRootPart"] = CFrame.new(0, 0, 0, 1, 0, 0, 0, 1, 0, 0, 0, 1),
            ["LeftUpperLeg"] = CFrame.new(0, -3.5564880818128586e-08, 2.0489096641540527e-08, 0.6463726758956909, 0.6327343583106995, 0.42643851041793823, -0.19095642864704132, 0.6752380728721619, -0.7124528288841248, -0.7387409210205078, 0.3790789842605591, 0.5572802424430847),
            ["LeftUpperArm"] = CFrame.new(0.060583651065826416, -0.21995878219604492, 0.0050320615991950035, 0.16364459693431854, -0.19624178111553192, -0.9668039083480835, -0.2954026162624359, 0.925299882888794, -0.2378181517124176, 0.9412533044815063, 0.3245140314102173, 0.09344999492168427),
            ["RightLowerArm"] = CFrame.new(-2.9802322387695312e-08, 4.172325134277344e-07, 2.0582228899002075e-07, 1, -5.587936158235607e-08, 1.1175870895385742e-07, 6.705523247774181e-08, 0.0779363289475441, -0.9969583749771118, 9.313227167240257e-08, 0.9969584345817566, 0.07793627679347992),
            ["LeftHand"] = CFrame.new(-5.960464477539063e-08, 0, 6.51925802230835e-08, 1, 1.1175870895385742e-08, 2.7939677238464355e-09, -2.2351741790771484e-08, 1, 2.9802322387695312e-08, 4.6566128730773926e-09, -1.862645149230957e-08, 1),
            ["RightFoot"] = CFrame.new(8.940696716308594e-08, 2.384185791015625e-07, -1.4731631381437182e-07, 0.9262624382972717, 0.37570658326148987, -0.02970854751765728, -0.35976895689964294, 0.9049404859542847, 0.2272644340991974, 0.11226876825094223, -0.19981838762760162, 0.9733797907829285),
            ["RightHand"] = CFrame.new(-4.470348358154297e-08, -1.1920928955078125e-07, 1.1175870895385742e-07, 0.9492548704147339, 0.3114956319332123, -0.04342585429549217, -0.29623472690582275, 0.8391587734222412, -0.45613330602645874, -0.10564236342906952, 0.4458509683609009, 0.8888512849807739),
            ["RightLowerLeg"] = CFrame.new(-5.960464477539063e-08, -0.000005185604095458984, -0.000017238948203157634, 1, 8.940698137394065e-08, -3.352763755515298e-08, 8.195639367158947e-08, 0.33483272790908813, 0.9422775506973267, 2.2351745343485163e-08, -0.9422776103019714, 0.3348329961299896),
            ["RightUpperLeg"] = CFrame.new(0, 3.923196345567703e-08, 5.75528247281909e-09, 0.6822908520698547, -0.7162619233131409, 0.14645127952098846, 0.422473669052124, 0.22279979288578033, -0.8785649538040161, 0.596653401851654, 0.6613086462020874, 0.4546161890029907),
            ["LeftLowerLeg"] = CFrame.new(1.4901161193847656e-07, 0.000005602836608886719, 0.00001710653305053711, 1, 1.415610881849716e-07, 1.0803340444454079e-07, -1.4156101713069802e-07, 0.23034369945526123, 0.9731093645095825, 1.8626448650138627e-07, -0.9731094241142273, 0.23034343123435974)
        }},
        [6] = {Time = 0.200, Data = {
            ["LeftFoot"] = CFrame.new(7.230210030684248e-08, -1.1920928955078125e-07, -3.5388438845984638e-09, 0.9894390106201172, -0.14490778744220734, -0.0035036951303482056, 0.14398056268692017, 0.9853237867355347, -0.09168820083141327, 0.016738351434469223, 0.09021531045436859, 0.995781660079956),
            ["LeftLowerArm"] = CFrame.new(5.960464477539063e-08, -2.384185791015625e-07, -2.9802322387695312e-08, 1, -1.0803343286625022e-07, 5.029141192380848e-08, 4.842877388000488e-08, -0.08715591579675674, -0.9961946606636047, 1.1548399925231934e-07, 0.9961947798728943, -0.08715586364269257),
            ["RightUpperArm"] = CFrame.new(-0.02590841054916382, 0.003045797348022461, 0.056639425456523895, 0.5955358147621155, -0.45308661460876465, 0.663362443447113, -0.0073343790136277676, 0.8226660490036011, 0.5684777498245239, -0.8032952547073364, -0.34341421723365784, 0.4866039752960205),
            ["Head"] = CFrame.new(-4.889443516731262e-09, 2.384185791015625e-07, -4.656612873077393e-10, 0.9998852610588074, -0.0006507933139801025, 0.015134436078369617, -0.000650696805678308, 0.9963095188140869, 0.0858316570520401, -0.015134439803659916, -0.0858316570520401, 0.9961947798728943),
            ["LowerTorso"] = CFrame.new(0.05934654176235199, -0.1451786756515503, 0.05166110396385193, 0.9936053156852722, 0.0880056694149971, -0.07073511928319931, -0.09298475086688995, 0.9931697249412537, -0.07048231363296509, 0.064049132168293, 0.07660888880491257, 0.9950019121170044),
            ["UpperTorso"] = CFrame.new(1.1175870895385742e-08, -2.682209014892578e-07, 1.1175870895385742e-08, 0.9924615025520325, -0.08748234808444977, 0.08583163470029831, 0.086497463285923, 0.9961371421813965, 0.015134437009692192, -0.08682406693696976, -0.0075961449183523655, 0.9961947202682495),
            ["HumanoidRootPart"] = CFrame.new(0, 0, 0, 1, 0, 0, 0, 1, 0, 0, 0, 1),
            ["LeftUpperLeg"] = CFrame.new(2.9802322387695312e-08, -3.08966264128685e-07, 3.725290298461914e-09, 0.6694818735122681, 0.6290350556373596, 0.39510664343833923, -0.15977062284946442, 0.6413825154304504, -0.7504011988639832, -0.7254430055618286, 0.43925338983535767, 0.5298951864242554),
            ["LeftUpperArm"] = CFrame.new(0.07206928730010986, -0.2359381914138794, 0.007474332116544247, -0.004847689066082239, -0.4203885495662689, -0.9073312878608704, -0.27104705572128296, 0.8739281892776489, -0.4034639000892639, 0.9625539779663086, 0.24397359788417816, -0.11818160116672516),
            ["RightLowerArm"] = CFrame.new(-2.9802322387695312e-08, 0, 1.4808028936386108e-07, 1, -6.519257311765614e-08, 4.8428766774577525e-08, 6.332993507385254e-08, 0.07793901115655899, -0.9969581365585327, 7.450580596923828e-08, 0.9969581365585327, 0.07793895155191422),
            ["LeftHand"] = CFrame.new(5.494803190231323e-08, 5.960464477539063e-08, 2.644956111907959e-07, 1, 1.0244550985305523e-08, 1.3038517820973539e-08, -2.2351741790771484e-08, 1, 4.842878098543224e-08, -6.984919309616089e-09, -2.6077039194660756e-08, 1),
            ["RightFoot"] = CFrame.new(4.0046870708465576e-08, 1.7881393432617188e-07, -3.835157258436084e-08, 0.9433394074440002, 0.3295755088329315, 0.03861358389258385, -0.3318237364292145, 0.9375996589660645, 0.1039223000407219, -0.0019538376946002245, -0.11084678769111633, 0.9938355684280396),
            ["RightHand"] = CFrame.new(5.960464477539063e-08, -1.1920928955078125e-07, 0, 0.9578617215156555, 0.28195276856422424, -0.05480528622865677, -0.2749427258968353, 0.8448300957679749, -0.45898646116256714, -0.08311137557029724, 0.4547139108181, 0.8867512345314026),
            ["RightLowerLeg"] = CFrame.new(-8.940696716308594e-08, -0.0000050067901611328125, -0.0000171346400748007, 1, -1.6391273049976007e-07, -9.685758328714655e-08, 2.0861628513557662e-07, 0.27604246139526367, 0.9611454010009766, -8.940698137394065e-08, -0.9611454010009766, 0.2760428488254547),
            ["RightUpperLeg"] = CFrame.new(-5.960464477539063e-08, -1.671724021434784e-07, 1.3205863069742918e-08, 0.6531242728233337, -0.7572454214096069, 0.0028585195541381836, 0.43500253558158875, 0.37209466099739075, -0.8199502825737, 0.6198398470878601, 0.5367726683616638, 0.5724276304244995),
            ["LeftLowerLeg"] = CFrame.new(-4.470348358154297e-08, 0.000005364418029785156, 0.000016987323760986328, 1, 1.4901161193847656e-08, 6.705522537231445e-08, -7.450581307466564e-08, 0.08943794667720795, 0.9959924221038818, 5.960465188081798e-08, -0.9959924221038818, 0.08943788707256317)
        }},
        [7] = {Time = 0.240, Data = {
            ["LeftFoot"] = CFrame.new(-1.4901161193847656e-08, -1.1920928955078125e-07, -4.470348358154297e-08, 0.9857014417648315, -0.16710786521434784, 0.021627189591526985, 0.1629449427127838, 0.9780017733573914, 0.13023653626441956, -0.04291514307260513, -0.1248503029346466, 0.9912470579147339),
            ["LeftLowerArm"] = CFrame.new(-8.940696716308594e-08, 1.7881393432617188e-07, -2.384185791015625e-07, 1, -9.639188647270203e-08, 7.858034933860836e-08, 4.831235855817795e-08, -0.06395629048347473, -0.9979526996612549, 1.3026874512434006e-07, 0.9979526996612549, -0.06395628303289413),
            ["RightUpperArm"] = CFrame.new(-0.024967551231384277, 0.002935051918029785, 0.05458259582519531, 0.5871549248695374, -0.46150439977645874, 0.6650283932685852, -0.006161229684948921, 0.8189839124679565, 0.5737834572792053, -0.809451162815094, -0.3409971594810486, 0.4780271053314209),
            ["Head"] = CFrame.new(-2.1886080503463745e-08, 0, 6.984919309616089e-09, 0.9988093972206116, -0.032067686319351196, 0.036762453615665436, 0.028328310698270798, 0.9947755336761475, 0.09807740896940231, -0.03971552103757858, -0.0969192162156105, 0.9944995641708374),
            ["LowerTorso"] = CFrame.new(0.0622759573161602, -0.2422950267791748, 0.04498998820781708, 0.9856050610542297, 0.1607247143983841, -0.05244297906756401, -0.16426679491996765, 0.9837707281112671, -0.07219112664461136, 0.03998897224664688, 0.07976657897233963, 0.9960111379623413),
            ["UpperTorso"] = CFrame.new(-3.14321368932724e-08, 1.4901161193847656e-07, -2.2351741790771484e-08, 0.9891409873962402, -0.11948107182979584, 0.08558371663093567, 0.11849813908338547, 0.9928173422813416, 0.016492819413542747, -0.08693958073854446, -0.006172214634716511, 0.9961945414543152),
            ["HumanoidRootPart"] = CFrame.new(0, 0, 0, 1, 0, 0, 0, 1, 0, 0, 0, 1),
            ["LeftUpperLeg"] = CFrame.new(-1.1920928955078125e-07, 2.2444874048233032e-07, -1.30385160446167e-08, 0.6800802946090698, 0.7190210819244385, 0.14317701756954193, -0.1720031052827835, 0.3463256359100342, -0.922211229801178, -0.7126750349998474, 0.602550745010376, 0.3592031002044678),
            ["LeftUpperArm"] = CFrame.new(0.07206922769546509, -0.23593854904174805, 0.007474353536963463, -0.02403167076408863, -0.6314614415168762, -0.7750349044799805, -0.2650452256202698, 0.7515404224395752, -0.6041008830070496, 0.963936448097229, 0.19090180099010468, -0.18542662262916565),
            ["RightLowerArm"] = CFrame.new(-2.9802322387695312e-08, 1.7881393432617188e-07, -3.725290298461914e-09, 1, -1.126900315284729e-07, 5.5879347371501353e-08, 7.450580596923828e-08, 0.0779581069946289, -0.9969566464424133, 8.288770914077759e-08, 0.9969567060470581, 0.07795814424753189),
            ["LeftHand"] = CFrame.new(4.7672074288129807e-08, -2.384185791015625e-07, -5.960464477539063e-08, 1, 3.6205168640890406e-08, 7.101334631443024e-09, -2.6542693376541138e-08, 1, 8.568167686462402e-08, -5.192123353481293e-08, 3.725290653733282e-08, 1),
            ["RightFoot"] = CFrame.new(7.82310962677002e-08, 4.76837158203125e-07, -8.77116690389812e-08, 0.9683657884597778, 0.24730829894542694, 0.033263806253671646, -0.2493857890367508, 0.9545344114303589, 0.16331247985363007, 0.008636940270662308, -0.16644173860549927, 0.9860134720802307),
            ["RightHand"] = CFrame.new(-1.1175870895385742e-07, -1.7881393432617188e-07, 1.9371509552001953e-07, 0.9744465351104736, 0.20936954021453857, -0.08135364204645157, -0.22285224497318268, 0.8557957410812378, -0.46685171127319336, -0.02812241017818451, 0.47305184602737427, 0.8805857300758362),
            ["RightLowerLeg"] = CFrame.new(-1.4901161193847656e-08, -0.000005245208740234375, -0.000016896221495699137, 1, -1.862645326866641e-08, -5.960465188081798e-08, 2.980232594040899e-08, 0.6212157607078552, 0.7836393713951111, 0, -0.783639669418335, 0.6212160587310791),
            ["RightUpperLeg"] = CFrame.new(-8.940696716308594e-08, 2.0349398255348206e-07, -1.6596459317952394e-08, 0.6352692246437073, -0.7177842259407043, -0.2849891483783722, 0.4033123850822449, 0.6230419278144836, -0.670192539691925, 0.6586137413978577, 0.3108130395412445, 0.6852906346321106),
            ["LeftLowerLeg"] = CFrame.new(5.960464477539063e-08, 0.000005364418029785156, 0.00001695007085800171, 1, 6.845220212881031e-08, 7.450580596923828e-08, -1.0803341865539551e-07, -0.03130165860056877, 0.9995099902153015, 7.450580596923828e-08, -0.9995099902153015, -0.03130166977643967)
        }},
        [8] = {Time = 0.280, Data = {
            ["LeftFoot"] = CFrame.new(-2.9802322387695312e-08, 0, 5.960464477539063e-08, 0.9857081770896912, -0.1182190328836441, 0.12001544237136841, 0.06844840198755264, 0.9320183396339417, 0.35588809847831726, -0.15392939746379852, -0.3425873816013336, 0.926790177822113),
            ["LeftLowerArm"] = CFrame.new(1.1920928955078125e-07, -1.1920928955078125e-07, 8.195638656616211e-08, 1, -9.313227167240257e-08, 7.823110337312755e-08, 9.685756197086448e-08, 0.03225591406226158, -0.9994796514511108, 1.1548401346317405e-07, 0.9994796514511108, 0.032255999743938446),
            ["RightUpperArm"] = CFrame.new(-0.023513436317443848, 0.002764463424682617, 0.051403842866420746, 0.5740482211112976, -0.47443538904190063, 0.6673678159713745, -0.004478625953197479, 0.813202977180481, 0.5819628834724426, -0.8188093304634094, -0.33706358075141907, 0.4646928906440735),
            ["Head"] = CFrame.new(-9.313225746154785e-09, 0, 1.1175870895385742e-08, 0.9952189922332764, -0.05464399605989456, 0.08095255494117737, 0.0442412868142128, 0.991151750087738, 0.12514400482177734, -0.0870746374130249, -0.12096423655748367, 0.9888304471969604),
            ["LowerTorso"] = CFrame.new(0.06872057914733887, -0.4559478759765625, 0.030313754454255104, 0.9764608144760132, 0.21435992419719696, -0.023960856720805168, -0.21560655534267426, 0.9731993079185486, -0.07998102903366089, 0.00617395993322134, 0.08326445519924164, 0.9965083599090576),
            ["UpperTorso"] = CFrame.new(1.9907020032405853e-08, 1.1920928955078125e-07, -1.234002411365509e-08, 0.9865032434463501, -0.13968242704868317, 0.08544190227985382, 0.13871227204799652, 0.9901830554008484, 0.017217600718140602, -0.08700811117887497, -0.005133382044732571, 0.9961943626403809),
            ["HumanoidRootPart"] = CFrame.new(0, 0, 0, 1, 0, 0, 0, 1, 0, 0, 0, 1),
            ["LeftUpperLeg"] = CFrame.new(0, 1.6158446669578552e-07, -1.210719347000122e-08, 0.6801449656486511, 0.7328528761863708, 0.018151087686419487, -0.16547894477844238, 0.17760445177555084, -0.9700893759727478, -0.7141565084457397, 0.6567978262901306, 0.2420683354139328),
            ["LeftUpperArm"] = CFrame.new(0.07206934690475464, -0.2359386682510376, 0.007474344223737717, 0.010969228111207485, -0.7255160212516785, -0.6881179213523865, -0.25627943873405457, 0.6631340384483337, -0.7032595872879028, 0.9665404558181763, 0.18406477570533752, -0.1786607950925827),
            ["RightLowerArm"] = CFrame.new(-2.9802322387695312e-08, 1.1920928955078125e-07, 3.129243850708008e-07, 1, -1.3224780559539795e-07, 8.940696716308594e-08, 6.705523247774181e-08, 0.07800982892513275, -0.9969526529312134, 1.1269004573932762e-07, 0.9969525933265686, 0.07800988852977753),
            ["LeftHand"] = CFrame.new(-2.7939677238464355e-08, 0, -7.450580596923828e-09, 1, 4.4703490686970326e-08, 3.352760913344355e-08, -1.0058283805847168e-07, 1, 7.823108916227284e-08, -5.587935447692871e-08, 0, 1),
            ["RightFoot"] = CFrame.new(2.2351741790771484e-08, 3.5762786865234375e-07, -5.604670150205493e-08, 0.956008791923523, 0.27828213572502136, 0.09277075529098511, -0.2794637978076935, 0.960156261920929, -0.0002609901421237737, -0.08914732187986374, -0.025676507502794266, 0.9956874847412109),
            ["RightHand"] = CFrame.new(1.1175870895385742e-08, -1.1920928955078125e-07, 0, 0.986581027507782, 0.11921454966068268, -0.11156119406223297, -0.1584555059671402, 0.8638557195663452, -0.4781687259674072, 0.03936808928847313, 0.48942962288856506, 0.8711537718772888),
            ["RightLowerLeg"] = CFrame.new(4.470348358154297e-08, -0.000005125999450683594, -0.000017089936591219157, 1, 9.685753354915505e-08, 1.341105360097572e-07, -1.6391278734317893e-07, 0.1953565776348114, 0.980732262134552, 1.1920930376163597e-07, -0.9807323217391968, 0.195357084274292),
            ["RightUpperLeg"] = CFrame.new(5.960464477539063e-08, 2.7241185307502747e-07, -8.214556146413088e-09, 0.5450336337089539, -0.8379032611846924, -0.029265761375427246, 0.4779990017414093, 0.33922433853149414, -0.8102124333381653, 0.6888072490692139, 0.4276037812232971, 0.5854052901268005),
            ["LeftLowerLeg"] = CFrame.new(-1.1920928955078125e-07, 0.000005364418029785156, 0.00001695007085800171, 1, 5.960463766996327e-08, 7.450581307466564e-08, -3.539026138810186e-08, 0.5239892601966858, 0.8517249822616577, 2.2351745343485163e-08, -0.8517248630523682, 0.523989200592041)
        }},
        [9] = {Time = 0.320, Data = {
            ["LeftFoot"] = CFrame.new(-8.940696716308594e-08, 1.1920928955078125e-07, -2.60770320892334e-08, 0.9870675206184387, 0.03466886654496193, 0.15651170909404755, -0.0613069050014019, 0.9837537407875061, 0.16873101890087128, -0.1481192409992218, -0.17614421248435974, 0.9731566905975342),
            ["LeftLowerArm"] = CFrame.new(0, 1.7881393432617188e-07, 5.029141902923584e-08, 1, -5.2154071283894154e-08, 1.341104507446289e-07, 8.195638656616211e-08, 0.24322845041751862, -0.9699690341949463, 6.705522537231445e-08, 0.9699690937995911, 0.2432285100221634),
            ["RightUpperArm"] = CFrame.new(-0.021639466285705566, 0.002543926239013672, 0.04730718210339546, 0.5568897128105164, -0.4909489154815674, 0.6699575185775757, -0.002545825205743313, 0.8055950999259949, 0.592461109161377, -0.8305826187133789, -0.3316410183906555, 0.4473777711391449),
            ["Head"] = CFrame.new(2.8870999813079834e-08, -1.1920928955078125e-07, 1.4901161193847656e-08, 0.9895817041397095, -0.06931682676076889, 0.12618742883205414, 0.049723006784915924, 0.9870848655700684, 0.15228627622127533, -0.1351136863231659, -0.14442527294158936, 0.9802477955818176),
            ["LowerTorso"] = CFrame.new(0.07516519725322723, -0.6696007251739502, 0.01563752070069313, 0.9688348770141602, 0.24769872426986694, 0.002089661778882146, -0.24653734266757965, 0.9650428891181946, -0.08894804120063782, -0.024048926308751106, 0.08566079288721085, 0.9960340857505798),
            ["UpperTorso"] = CFrame.new(3.888271749019623e-08, 0, -1.6298145055770874e-09, 0.9900838732719421, -0.13398954272270203, 0.04219946265220642, 0.1336025595664978, 0.9909638166427612, 0.011874265968799591, -0.04340916872024536, -0.006118559278547764, 0.9990386366844177),
            ["HumanoidRootPart"] = CFrame.new(0, 0, 0, 1, 0, 0, 0, 1, 0, 0, 0, 1),
            ["LeftUpperLeg"] = CFrame.new(5.960464477539063e-08, -5.844049155712128e-08, 4.3655745685100555e-09, 0.6840164065361023, 0.6830693483352661, 0.2560037672519684, -0.10657994449138641, 0.4407631754875183, -0.891273558139801, -0.7216386198997498, 0.5823607444763184, 0.37429079413414),
            ["LeftUpperArm"] = CFrame.new(0.06100553274154663, -0.21995890140533447, 0.007286468520760536, 0.15161484479904175, -0.672863781452179, -0.7240630984306335, -0.20887905359268188, 0.6941779255867004, -0.6888299584388733, 0.966117262840271, 0.25567829608917236, -0.03529946133494377),
            ["RightLowerArm"] = CFrame.new(0, -1.1920928955078125e-07, 1.2665987014770508e-07, 1, -1.1222437024116516e-07, 8.847564458847046e-08, 6.379559636116028e-08, 0.07811123877763748, -0.9969446659088135, 4.889443516731262e-08, 0.9969446659088135, 0.07811121642589569),
            ["LeftHand"] = CFrame.new(-7.450580596923828e-08, 5.960464477539063e-08, -1.1920928955078125e-07, 1, 4.842878098543224e-08, 6.332993507385254e-08, -1.1175870895385742e-08, 1, 7.82310962677002e-08, 2.9802322387695312e-08, 6.519258732851085e-08, 1),
            ["RightFoot"] = CFrame.new(-3.725290298461914e-08, 2.980232238769531e-07, 3.149762051180005e-08, 0.9353187680244446, 0.31188860535621643, 0.16704604029655457, -0.29808902740478516, 0.9489878416061401, -0.1027863547205925, -0.19058260321617126, 0.04634341597557068, 0.980576753616333),
            ["RightHand"] = CFrame.new(-1.4901161193847656e-08, -1.1920928955078125e-07, 7.450580596923828e-08, 0.9900674819946289, 0.03980707377195358, -0.1348400115966797, -0.1014685183763504, 0.8661780953407288, -0.4893258512020111, 0.09731680154800415, 0.4981476366519928, 0.8616138696670532),
            ["RightLowerLeg"] = CFrame.new(0, -0.000005125999450683594, -0.00001701543078524992, 1, 2.458691312767769e-07, 3.2782565995148616e-07, -1.564621925354004e-07, -0.14139282703399658, 0.9899536967277527, 2.658925950527191e-07, -0.9899536371231079, -0.1413927674293518),
            ["RightUpperLeg"] = CFrame.new(5.960464477539063e-08, -5.3405528888106346e-08, -2.8594513423740864e-09, 0.4407114088535309, -0.8753327131271362, 0.19891254603862762, 0.5407134294509888, 0.08199012279510498, -0.837201714515686, 0.716521143913269, 0.47651901841163635, 0.5094379782676697),
