return {
    ["TF2 Kazotsky Kick"] = {
        [1] = {Time = 0.000, Data = {
            ["RightFoot"] = CFrame.new(-2.521528585930355e-08, 2.980232238769531e-07, -3.3694959711283445e-08, 0.999762237071991, -0.021303605288267136, 0.004669843707233667, 0.02136235125362873, 0.9134249091148376, -0.4064461588859558, 0.004393212031573057, 0.4064493179321289, 0.9136629104614258),
            ["LeftLowerArm"] = CFrame.new(-2.384185791015625e-07, 5.960464477539063e-08, 1.1175870895385742e-08, 1, -8.981442078948021e-08, 9.534414857625961e-08, 8.882489765937862e-08, -1.3224780559539795e-07, -1, 9.528595512620086e-08, 1, -1.3597309589385986e-07),
            ["RightUpperArm"] = CFrame.new(-0.18856942653656006, -0.8675574064254761, -0.14922159910202026, -0.11145977675914764, 0.05206998065114021, 0.9924039244651794, 0.934424102306366, 0.345417320728302, 0.08682426810264587, -0.3382726013660431, 0.937003493309021, -0.08715563267469406),
            ["Head"] = CFrame.new(6.178743205964565e-08, -2.384185791015625e-07, 1.8055718697951306e-08, 0.9872592091560364, -0.15912050008773804, -2.69510663786221e-10, 0.15912050008773804, 0.9872592091560364, -7.867984486154e-09, 1.7506780469744854e-09, 1.091055867874502e-08, 1),
            ["RightHand"] = CFrame.new(-5.261972546577454e-07, 0, -1.1641532182693481e-07, 0.9848078489303589, -9.313225746154785e-09, 0.17364822328090668, 1.862645326866641e-08, 1, 6.519258910486769e-09, -0.17364823818206787, -1.1175870895385742e-08, 0.9848078489303589),
            ["UpperTorso"] = CFrame.new(0, 1.1920928955078125e-07, 5.587935447692871e-09, 0.9813716411590576, 0.19211913645267487, -4.702339073681117e-10, -0.1880660355091095, 0.9606677889823914, -0.2043246328830719, -0.03925465792417526, 0.20051836967468262, 0.9789032936096191),
            ["HumanoidRootPart"] = CFrame.new(0, 0, 0, 1, 0, 0, 0, 1, 0, 0, 0, 1),
            ["RightUpperLeg"] = CFrame.new(0, 2.0023435354232788e-08, 1.3205863069742918e-08, 0.9987265467643738, -0.04292020574212074, -0.026517722755670547, -0.008615490049123764, 0.37279772758483887, -0.9278727173805237, 0.0497102327644825, 0.9269194602966309, 0.3719530999660492),
            ["LeftUpperArm"] = CFrame.new(0.22048348188400269, -0.7962369322776794, -0.25652626156806946, 0.08988020569086075, -0.010760345496237278, -0.9958944916725159, -0.9858237504959106, 0.1412859559059143, -0.09049791842699051, 0.14167971909046173, 0.9899104237556458, 0.0020909674931317568),
            ["RightLowerArm"] = CFrame.new(5.960464477539063e-08, 0, -6.705522537231445e-08, 1, -9.126962652317161e-08, 7.63684582238966e-08, 1.1548399925231934e-07, 3.3527616238870905e-08, -1, 8.754432201385498e-08, 1, 4.284084198502569e-08),
            ["LeftHand"] = CFrame.new(-6.612390279769897e-08, 1.1920928955078125e-07, -1.3620592653751373e-07, 0.9860808849334717, 0.00005568587948800996, -0.1662663370370865, 0.00005566268373513594, 0.9999998211860657, 0.0006650442956015468, 0.1662663370370865, -0.0006650202558375895, 0.9860807061195374),
            ["LeftFoot"] = CFrame.new(-4.0512531995773315e-08, 5.960464477539063e-08, -8.486676961183548e-08, 0.9894757866859436, -0.03519754111766815, 0.1403527706861496, 0.032769106328487396, 0.9992712736129761, 0.019576705992221832, -0.14093957841396332, -0.01477143820375204, 0.98990797996521),
            ["LowerTorso"] = CFrame.new(0, -0.708236813545227, 0.042357731610536575, 1, 0, 0, 0, 0.9853941202163696, 0.17028924822807312, 0, -0.17028924822807312, 0.9853941202163696),
            ["RightLowerLeg"] = CFrame.new(-6.618938641622663e-08, -0.000009059906005859375, -0.000025040637410711497, 1, 2.1289441320959668e-08, 3.170317341982809e-08, -2.4328073777724057e-08, -0.2970143258571625, 0.9548730254173279, 3.809691406786442e-08, -0.9548730254173279, -0.29701459407806396),
            ["LeftUpperLeg"] = CFrame.new(0, 4.7963112592697144e-08, 1.862645149230957e-08, 0.9993757009506226, 0.03525291010737419, 0.002339691622182727, 0.009012137539684772, -0.19032999873161316, -0.98167884349823, -0.03416172415018082, 0.9810870885848999, -0.19052885472774506),
            ["LeftLowerLeg"] = CFrame.new(-2.514570951461792e-08, 0.0000095367431640625, 0.00002527516335248947, 1, 4.743925696715223e-09, 0, 1.3096723705530167e-10, 0.9999831914901733, 0.005809619557112455, 0, -0.00580962561070919, 0.9999831318855286)
        }},
        [2] = {Time = 0.017, Data = {
            ["RightFoot"] = CFrame.new(1.1641532182693481e-09, 4.172325134277344e-07, -2.6244379114359617e-08, 0.9995922446250916, -0.02852196991443634, -0.0013719593407586217, 0.025502026081085205, 0.9133070111274719, -0.40647244453430176, 0.012846402823925018, 0.4062720239162445, 0.9136621356010437),
            ["LeftLowerArm"] = CFrame.new(2.086162567138672e-07, -5.960464477539063e-08, 1.4435499906539917e-08, 1, -8.475034718458119e-08, 9.83709327329052e-08, 1.0780058801174164e-07, -1.3597308168300515e-07, -1, 9.615905582904816e-08, 1, -1.3597308168300515e-07),
            ["RightUpperArm"] = CFrame.new(-0.18866431713104248, -0.8708508610725403, -0.14908374845981598, -0.10747256875038147, 0.05339468643069267, 0.9927732348442078, 0.9349250793457031, 0.34508568048477173, 0.082650326192379, -0.33817869424819946, 0.9370512366294861, -0.08700724691152573),
            ["Head"] = CFrame.new(5.9560989029705524e-08, -1.1920928955078125e-07, 1.1325028026476502e-08, 0.9872580170631409, -0.15912173688411713, -0.0013701558345928788, 0.15912170708179474, 0.9872589707374573, -0.00012249508290551603, 0.0013721892610192299, -0.00009708309517009184, 0.9999990463256836),
            ["RightHand"] = CFrame.new(-7.217749953269958e-08, 5.960464477539063e-08, -1.1641532182693481e-07, 0.9848077893257141, -2.0489096641540527e-08, 0.1736481934785843, 2.1420419216156006e-08, 1, 5.587936335871291e-09, -0.17364820837974548, 0, 0.9848077893257141),
            ["UpperTorso"] = CFrame.new(0, 0, 7.450580596923828e-09, 0.9809693098068237, 0.19416289031505585, -0.00017472446779720485, -0.1901034116744995, 0.9602758288383484, -0.20428204536437988, -0.039496202021837234, 0.20042762160301208, 0.9789121150970459),
            ["HumanoidRootPart"] = CFrame.new(0, 0, 0, 1, 0, 0, 0, 1, 0, 0, 0, 1),
            ["RightUpperLeg"] = CFrame.new(0, 1.30385160446167e-08, -9.145878721028566e-09, 0.9988045692443848, -0.036039404571056366, -0.03302571922540665, -0.017165591940283775, 0.3739989995956421, -0.9272702932357788, 0.04576985910534859, 0.9267286062240601, 0.37293311953544617),
            ["LeftUpperArm"] = CFrame.new(0.22086060047149658, -0.7928167581558228, -0.256608784198761, 0.08570405840873718, -0.01030291523784399, -0.9962673783302307, -0.9862104058265686, 0.14121460914611816, -0.08629944175481796, 0.14157681167125702, 0.9899253845214844, 0.0019416912691667676),
            ["RightLowerArm"] = CFrame.new(1.1920928955078125e-07, 0, -5.21540641784668e-08, 1, -8.568167686462402e-08, 7.729978079851207e-08, 1.1734665861240501e-07, 3.3527612686157227e-08, -1, 9.313227167240257e-08, 1, 3.3527616238870905e-08),
            ["LeftHand"] = CFrame.new(-4.284083843231201e-08, 0, -1.0570511221885681e-07, 0.9860808849334717, 0.00005568331835092977, -0.16626635193824768, 0.00005567862535826862, 0.9999998211860657, 0.0006650459254160523, 0.1662663370370865, -0.0006650230498053133, 0.9860807061195374),
            ["LeftFoot"] = CFrame.new(-1.30385160446167e-08, 5.960464477539063e-08, 1.4668330550193787e-07, 0.9902557134628296, -0.04154513031244278, 0.13291962444782257, 0.04096108675003052, 0.9991353154182434, 0.007126615848392248, -0.1331007480621338, -0.0016125962138175964, 0.9911012649536133),
            ["LowerTorso"] = CFrame.new(0.009486986324191093, -0.7073338031768799, 0.04220167547464371, 1, 0, 0, 0, 0.9853941202163696, 0.17028924822807312, 0, -0.17028924822807312, 0.9853941202163696),
            ["RightLowerLeg"] = CFrame.new(9.406358003616333e-08, -0.000009059906005859375, -0.00002513470099074766, 1, 3.0733634304169755e-08, 2.887101047122087e-08, -2.514570951461792e-08, -0.29572123289108276, 0.9552742838859558, 4.190951585769653e-08, -0.9552743434906006, -0.29572150111198425),
            ["LeftUpperLeg"] = CFrame.new(0, 4.190951585769653e-08, -7.450580596923828e-09, 0.9991568326950073, 0.03989105299115181, 0.009713993407785892, 0.01644035615026951, -0.17193035781383514, -0.9849719405174255, -0.03762143477797508, 0.9843010902404785, -0.17244121432304382),
            ["LeftLowerLeg"] = CFrame.new(3.725290298461914e-08, 0.000009357929229736328, 0.000025226850993931293, 1, 1.506123448180574e-09, -8.731151218688282e-11, 9.531504474580288e-10, 0.9999831914901733, 0.0058093746192753315, 1.7462298274040222e-10, -0.005809430032968521, 0.9999831914901733)
        }},
        [3] = {Time = 0.033, Data = {
            ["RightFoot"] = CFrame.new(-1.8044374883174896e-08, 4.172325134277344e-07, 4.8494257498532534e-08, 0.9989148378372192, -0.04430331289768219, -0.014371014200150967, 0.03470694646239281, 0.9138080477714539, -0.4046609103679657, 0.03106015920639038, 0.40372294187545776, 0.9143539071083069),
            ["LeftLowerArm"] = CFrame.new(-3.5762786865234375e-07, 0, -1.126900315284729e-07, 1, -9.540235623717308e-08, 9.476205775627022e-08, 9.080396523586387e-08, -1.3317912817001343e-07, -1, 8.614734525735912e-08, 1, -1.3597308168300515e-07),
            ["RightUpperArm"] = CFrame.new(-0.1889868974685669, -0.8794273734092712, -0.14873912930488586, -0.09710633754730225, 0.056827228516340256, 0.9936504364013672, 0.9361520409584045, 0.34418579936027527, 0.07180311530828476, -0.33792001008987427, 0.9371802806854248, -0.08662154525518417),
            ["Head"] = CFrame.new(6.887421477586031e-08, -1.1920928955078125e-07, 8.60018189996481e-09, 0.9872455596923828, -0.1591241955757141, -0.005087995436042547, 0.15912389755249023, 0.9872585535049438, -0.00047039130004122853, 0.005098018329590559, -0.00034523665090091527, 0.999987006187439),
            ["RightHand"] = CFrame.new(2.942979335784912e-07, -1.1920928955078125e-07, -9.313225746154785e-09, 0.9848077893257141, -1.862645149230957e-08, 0.1736481934785843, -1.862645149230957e-09, 1, 4.6566133171666024e-09, -0.1736481934785843, -7.450580596923828e-09, 0.9848078489303589),
            ["UpperTorso"] = CFrame.new(1.862645149230957e-09, 5.960464477539063e-08, 1.4901161193847656e-08, 0.9799097776412964, 0.19944070279598236, -0.0004655886150430888, -0.19533111155033112, 0.9592413902282715, -0.20420996844768524, -0.04028116911649704, 0.20019826292991638, 0.9789270162582397),
            ["HumanoidRootPart"] = CFrame.new(0, 0, 0, 1, 0, 0, 0, 1, 0, 0, 0, 1),
            ["RightUpperLeg"] = CFrame.new(-2.9802322387695312e-08, -5.820766091346741e-08, 4.6733475755900145e-08, 0.9986608028411865, -0.02092527598142624, -0.04731744900345802, -0.03580677881836891, 0.3806131184101105, -0.9240409135818481, 0.03734545409679413, 0.9244976043701172, 0.3793540298938751),
            ["LeftUpperArm"] = CFrame.new(0.22180330753326416, -0.783959150314331, -0.2568316161632538, 0.07484935969114304, -0.009118085727095604, -0.9971532225608826, -0.9871340990066528, 0.14100776612758636, -0.07538679242134094, 0.14129382371902466, 0.9899665117263794, 0.0015534880803897977),
            ["RightLowerArm"] = CFrame.new(5.960464477539063e-08, -5.960464477539063e-08, 8.940696716308594e-08, 1, -8.754432201385498e-08, 8.66129994392395e-08, 7.82310962677002e-08, 3.3527612686157227e-08, -1, 8.568167686462402e-08, 1, 3.3527612686157227e-08),
            ["LeftHand"] = CFrame.new(-1.3783574104309082e-07, 5.960464477539063e-08, -7.729977369308472e-08, 0.9860809445381165, 0.000055676340707577765, -0.16626635193824768, 0.000055664721003267914, 0.9999998807907104, 0.0006650457507930696, 0.1662663370370865, -0.0006650194409303367, 0.9860807061195374),
            ["LeftFoot"] = CFrame.new(-4.284083843231201e-08, 1.7881393432617188e-07, -4.0046870708465576e-08, 0.9914410710334778, -0.057325635105371475, 0.11729610711336136, 0.06088238209486008, 0.9977806210517883, -0.026964973658323288, -0.11548997461795807, 0.0338754802942276, 0.9927308559417725),
            ["LowerTorso"] = CFrame.new(0.03035827912390232, -0.7010126113891602, 0.041109297424554825, 1, 0, 0, 0, 0.9853941202163696, 0.17028924822807312, 0, -0.17028924822807312, 0.9853941202163696),
            ["RightLowerLeg"] = CFrame.new(5.774199962615967e-08, -0.000009000301361083984, -0.000025352630473207682, 1, 2.60770232074492e-08, 2.8871003365793513e-08, -3.073364496231079e-08, -0.2865077257156372, 0.9580779075622559, 3.91155481338501e-08, -0.9580779075622559, -0.28650787472724915),
            ["LeftUpperLeg"] = CFrame.new(0, -2.7008354663848877e-08, 1.862645149230957e-08, 0.9984138607978821, 0.05009740963578224, 0.025694696232676506, 0.03154715895652771, -0.1197720319032669, -0.9923000931739807, -0.04663414880633354, 0.9915367364883423, -0.12116247415542603),
            ["LeftLowerLeg"] = CFrame.new(-1.862645149230957e-09, 0.000009238719940185547, 0.000025111250579357147, 1, 1.979060249013287e-09, -4.656612873077393e-10, -7.101335519621443e-09, 0.9999831318855286, 0.005808956455439329, 9.31322685637781e-10, -0.005808994174003601, 0.9999831318855286)
        }},
        [4] = {Time = 0.050, Data = {
            ["RightFoot"] = CFrame.new(1.83936208486557e-08, 4.172325134277344e-07, 6.81757228448987e-09, 0.9978712201118469, -0.05971071869134903, -0.026225496083498, 0.044360917061567307, 0.9162341356277466, -0.39817970991134644, 0.047804273664951324, 0.3961688280105591, 0.9169324636459351),
            ["LeftLowerArm"] = CFrame.new(-8.940696716308594e-08, 5.960464477539063e-08, -3.958120942115784e-08, 1, -9.76724408019436e-08, 1.003499932039631e-07, 9.615904161819344e-08, -1.364387429703129e-07, -1, 8.905771409217778e-08, 1, -1.364387429703129e-07),
            ["RightUpperArm"] = CFrame.new(-0.1895918846130371, -0.8913347125053406, -0.14829112589359283, -0.08275230973958969, 0.06155254319310188, 0.9946674704551697, 0.9376702904701233, 0.3428541123867035, 0.056793589144945145, -0.33753013610839844, 0.9373698830604553, -0.08608801662921906),
            ["Head"] = CFrame.new(1.0288204066455364e-08, 2.384185791015625e-07, -1.4508259482681751e-08, 0.9872018098831177, -0.15912595391273499, -0.010564505122601986, 0.15912416577339172, 0.9872581362724304, -0.0010143318213522434, 0.010591297410428524, -0.0006797258974984288, 0.9999436736106873),
            ["RightHand"] = CFrame.new(-9.872019290924072e-08, -5.960464477539063e-08, -6.891787052154541e-08, 0.9848077893257141, -1.862644971595273e-08, 0.1736481934785843, 3.725290298461914e-09, 1, 2.607702853651972e-08, -0.17364822328090668, -1.4901159417490817e-08, 0.9848077297210693),
            ["UpperTorso"] = CFrame.new(0, 1.1920928955078125e-07, 0, 0.9784100651741028, 0.2066725194454193, -0.0005232865223661065, -0.2024225890636444, 0.9577735662460327, -0.20419371128082275, -0.04170003533363342, 0.1998911201953888, 0.9789303541183472),
            ["HumanoidRootPart"] = CFrame.new(0, 0, 0, 1, 0, 0, 0, 1, 0, 0, 0, 1),
            ["RightUpperLeg"] = CFrame.new(0, 5.587935447692871e-09, 9.480572771281004e-09, 0.9981040954589844, -0.006101143080741167, -0.06124552711844444, -0.05379126965999603, 0.39712923765182495, -0.9161850810050964, 0.029912162572145462, 0.9177424907684326, 0.3960479199886322),
            ["LeftUpperArm"] = CFrame.new(0.22302889823913574, -0.7717713713645935, -0.25715792179107666, 0.05982644483447075, -0.007487638853490353, -0.9981807470321655, -0.9882190227508545, 0.1406734436750412, -0.060284700244665146, 0.14086897671222687, 0.9900277853012085, 0.0010165063431486487),
            ["RightLowerArm"] = CFrame.new(5.960464477539063e-08, -5.960464477539063e-08, -8.195638656616211e-08, 1, -9.685754776000977e-08, 1.1920928955078125e-07, 7.82310962677002e-08, 3.3527612686157227e-08, -1, 9.499490261077881e-08, 1, 2.2351741790771484e-08),
            ["LeftHand"] = CFrame.new(-3.3527612686157227e-08, 5.960464477539063e-08, 1.0244548320770264e-08, 0.9860808849334717, 0.000055644617532379925, -0.1662663370370865, 0.00005568916822085157, 0.9999998211860657, 0.0006650465074926615, 0.1662663370370865, -0.0006650189752690494, 0.9860806465148926),
            ["LeftFoot"] = CFrame.new(-7.450580596923828e-09, 0, 3.91155481338501e-08, 0.9917528629302979, -0.07716883718967438, 0.10232909023761749, 0.08532074093818665, 0.9933089017868042, -0.07783323526382446, -0.09563810378313065, 0.08592204749584198, 0.9917010068893433),
            ["LowerTorso"] = CFrame.new(0.0512295700609684, -0.6838552951812744, 0.038144275546073914, 1, 0, 0, 0, 0.9853941202163696, 0.17028924822807312, 0, -0.17028924822807312, 0.9853941202163696),
            ["RightLowerLeg"] = CFrame.new(1.0617077350616455e-07, -0.000008940696716308594, -0.000025002453185152262, 1, 3.539024362453347e-08, 2.793969144931907e-08, -2.7008358216562556e-08, -0.2615911662578583, 0.9651787281036377, 4.284084198502569e-08, -0.9651787877082825, -0.26159146428108215),
            ["LeftUpperLeg"] = CFrame.new(0, 3.4924596548080444e-08, 7.450580596923828e-09, 0.9972971677780151, 0.06019051745533943, 0.04213637486100197, 0.044496141374111176, -0.03841758146882057, -0.998270571231842, -0.05846763774752617, 0.9974474310874939, -0.04099200665950775),
            ["LeftLowerLeg"] = CFrame.new(1.1175870895385742e-08, 0.000009298324584960938, 0.00002498924732208252, 1, -3.725290742551124e-09, 4.6566133171666024e-09, -4.656612873077393e-10, 0.9999831318855286, 0.005810125265270472, 4.6566128730773926e-09, -0.005810037720948458, 0.9999831318855286)
        }},
        [5] = {Time = 0.067, Data = {
            ["RightFoot"] = CFrame.new(2.2817403078079224e-08, 5.960464477539063e-08, 2.032174961641431e-08, 0.9973937273025513, -0.0659724771976471, -0.029216168448328972, 0.04973607882857323, 0.9219878315925598, -0.38401132822036743, 0.05227111279964447, 0.381557434797287, 0.9228661060333252),
            ["LeftLowerArm"] = CFrame.new(3.5762786865234375e-07, -5.960464477539063e-08, -4.0978193283081055e-08, 1, -6.466869706400757e-08, 9.126959810146218e-08, 9.266659617424011e-08, -1.3876703519599687e-07, -1, 8.672941476106644e-08, 1, -1.3364477524646645e-07),
            ["RightUpperArm"] = CFrame.new(-0.19053560495376587, -0.9046193361282349, -0.1478431224822998, -0.06681385636329651, 0.06675951927900314, 0.9955296516418457, 0.9391146302223206, 0.3412508964538574, 0.04014349728822708, -0.33704546093940735, 0.9375985264778137, -0.08549520373344421),
            ["Head"] = CFrame.new(-2.916203811764717e-08, 1.1920928955078125e-07, 1.3621837879895793e-08, 0.9871084690093994, -0.15912537276744843, -0.01721036434173584, 0.1591194123029709, 0.9872578978538513, -0.0017249335069209337, 0.017265548929572105, -0.0010358091676607728, 0.9998504519462585),
            ["RightHand"] = CFrame.new(4.76837158203125e-07, 0, 5.960464477539063e-08, 0.9848078489303589, 7.450580596923828e-09, 0.17364820837974548, 2.980232594040899e-08, 1, 1.4901162970204496e-08, -0.17364820837974548, -2.2351741790771484e-08, 0.9848078489303589),
            ["UpperTorso"] = CFrame.new(3.725290298461914e-09, 1.1920928955078125e-07, 0, 0.9767054915428162, 0.214584618806839, 3.0660332051013484e-09, -0.2100576013326645, 0.9561001062393188, -0.20432452857494354, -0.04384491220116615, 0.1995648890733719, 0.9789032340049744),
            ["HumanoidRootPart"] = CFrame.new(0, 0, 0, 1, 0, 0, 0, 1, 0, 0, 0, 1),
            ["RightUpperLeg"] = CFrame.new(0, 2.0489096641540527e-08, 5.75528247281909e-09, 0.9977495074272156, 0.000054482305131386966, -0.06705185025930405, -0.06062246859073639, 0.4280265271663666, -0.9017307758331299, 0.028650842607021332, 0.9037662148475647, 0.4270663857460022),
            ["LeftUpperArm"] = CFrame.new(0.22425442934036255, -0.7583584785461426, -0.25755059719085693, 0.04315581172704697, -0.005693328566849232, -0.9990522265434265, -0.9891620874404907, 0.14022766053676605, -0.043527886271476746, 0.14034271240234375, 0.990103006362915, 0.00041986731230281293),
            ["RightLowerArm"] = CFrame.new(5.960464477539063e-08, 0, 8.195638656616211e-08, 1, -1.0430814256778831e-07, 1.0244549741855735e-07, 1.3411046495548362e-07, 4.0978196835794733e-08, -1, 1.005828522693264e-07, 1, 3.3527616238870905e-08),
            ["LeftHand"] = CFrame.new(-5.960464477539063e-08, 0, -1.7974525690078735e-07, 0.9860808849334717, 0.000055662720114924014, -0.1662663221359253, 0.000055659453209955245, 0.9999998807907104, 0.0006650444120168686, 0.1662663370370865, -0.0006650213035754859, 0.9860806465148926),
            ["LeftFoot"] = CFrame.new(4.0978193283081055e-08, 1.1920928955078125e-07, 3.725290298461914e-09, 0.991085410118103, -0.09411568194627762, 0.09429816156625748, 0.10679885745048523, 0.9843751192092896, -0.13999874889850616, -0.0796487033367157, 0.14882156252861023, 0.9856512546539307),
            ["LowerTorso"] = CFrame.new(0.06071655824780464, -0.650443434715271, 0.03237026184797287, 1, 0, 0, 0, 0.9853941202163696, 0.17028924822807312, 0, -0.17028924822807312, 0.9853941202163696),
            ["RightLowerLeg"] = CFrame.new(-5.587935447692871e-09, -0.000009000301361083984, -0.00002503598079783842, 1, 2.9802318834981634e-08, 3.1664981747780985e-08, -2.5753251975402236e-08, -0.21324138343334198, 0.9769995212554932, 2.7939677238464355e-08, -0.9769996404647827, -0.21324162185192108),
            ["LeftUpperLeg"] = CFrame.new(0, 4.842877388000488e-08, 1.4901161193847656e-08, 0.9965524673461914, 0.064375139772892, 0.05233801156282425, 0.048043251037597656, 0.06654468178749084, -0.9966261982917786, -0.0676407739520073, 0.9957045912742615, 0.06322246789932251),
            ["LeftLowerLeg"] = CFrame.new(-1.4901161193847656e-08, 0.000009357929229736328, 0.00002524256706237793, 1, 9.313224635931761e-10, -3.725290742551124e-09, -9.313225746154785e-09, 0.9999830722808838, 0.005814999807626009, 5.587935447692871e-09, -0.005814941134303808, 0.9999831318855286)
        }},
        [6] = {Time = 0.083, Data = {
            ["RightFoot"] = CFrame.new(8.032657206058502e-09, 4.76837158203125e-07, 1.6363628674298525e-08, 0.9976377487182617, -0.06434622406959534, -0.02405100129544735, 0.05165697634220123, 0.9335154891014099, -0.35479632019996643, 0.04528176784515381, 0.35271593928337097, 0.934634268283844),
            ["LeftLowerArm"] = CFrame.new(2.086162567138672e-07, 5.960464477539063e-08, 7.450580596923828e-08, 1, -1.0197980060411282e-07, 9.778885612377053e-08, 9.685754776000977e-08, -1.3597306747215043e-07, -1, 9.580980986356735e-08, 1, -1.331791139591587e-07),
            ["RightUpperArm"] = CFrame.new(-0.1918729543685913, -0.9173288345336914, -0.1474985033273697, -0.05170978978276253, 0.07164949178695679, 0.9960885643959045, 0.9402601718902588, 0.3395822048187256, 0.024385008960962296, -0.3365069031715393, 0.9378434419631958, -0.08492901176214218),
            ["Head"] = CFrame.new(-1.6705598682165146e-08, 2.384185791015625e-07, -8.149072527885437e-09, 0.9869565367698669, -0.15912190079689026, -0.02443593740463257, 0.15910682082176208, 0.9872580170631409, -0.002572749275714159, 0.024533957242965698, -0.0013487283140420914, 0.9996981620788574),
            ["RightHand"] = CFrame.new(9.12696123123169e-08, -5.960464477539063e-08, 3.166496753692627e-08, 0.9848078489303589, -2.0489096641540527e-08, 0.1736481487751007, 5.587936335871291e-09, 1, 1.1175870895385742e-08, -0.17364820837974548, 0, 0.9848077893257141),
            ["UpperTorso"] = CFrame.new(-3.725290298461914e-09, 0, 3.725290298461914e-09, 0.9748411178588867, 0.22275692224502563, 0.008012811653316021, -0.21636329591274261, 0.954279899597168, -0.20624485611915588, -0.053588926792144775, 0.19932225346565247, 0.9784676432609558),
            ["HumanoidRootPart"] = CFrame.new(0, 0, 0, 1, 0, 0, 0, 1, 0, 0, 0, 1),
            ["RightUpperLeg"] = CFrame.new(0, 3.119930624961853e-08, -2.032174961641431e-08, 0.9977813959121704, -0.001182883745059371, -0.06656456738710403, -0.05769774317741394, 0.4834619164466858, -0.8734618425369263, 0.03321463242173195, 0.8753646016120911, 0.48232096433639526),
            ["LeftUpperArm"] = CFrame.new(0.22519713640213013, -0.7458279728889465, -0.25797271728515625, 0.027368951588869095, -0.004014886450022459, -0.999617338180542, -0.9898070693016052, 0.13970303535461426, -0.027661610394716263, 0.1397608071565628, 0.9901853799819946, -0.00015057249402161688),
            ["RightLowerArm"] = CFrame.new(-5.960464477539063e-08, 1.7881393432617188e-07, -1.564621925354004e-07, 1, -8.754432911928234e-08, 6.705523247774181e-08, 1.2107194891086692e-07, 3.725290653733282e-08, -1, 8.009374852235851e-08, 1, 3.725290653733282e-08),
            ["LeftHand"] = CFrame.new(-2.5704503059387207e-07, 0, 5.122274160385132e-08, 0.9860809445381165, 0.000055695541959721595, -0.1662663370370865, 0.00005565159517573193, 0.9999998211860657, 0.0006650425493717194, 0.1662663370370865, -0.0006650211871601641, 0.9860806465148926),
            ["LeftFoot"] = CFrame.new(-2.9802322387695312e-08, 5.960464477539063e-08, -7.82310962677002e-08, 0.9900951385498047, -0.10747729986906052, 0.09033504873514175, 0.12437626719474792, 0.9699287414550781, -0.20920993387699127, -0.06513329595327377, 0.21837325394153595, 0.9736892580986023),
            ["LowerTorso"] = CFrame.new(0.060372449457645416, -0.5883274078369141, 0.02163580060005188, 1, 0, 0, 0, 0.9853941202163696, 0.17028924822807312, 0, -0.17028924822807312, 0.9853941202163696),
            ["RightLowerLeg"] = CFrame.new(-6.332993507385254e-08, -0.000008940696716308594, -0.00002513283834559843, 1, 3.166496043149891e-08, 3.026799433314409e-08, -3.119930624961853e-08, -0.12105319648981094, 0.9926460385322571, 3.3527612686157227e-08, -0.9926460385322571, -0.12105332314968109),
            ["LeftUpperLeg"] = CFrame.new(0, 5.9138983488082886e-08, -1.1175870895385742e-08, 0.996299147605896, 0.06319393962621689, 0.058262892067432404, 0.045233048498630524, 0.19091714918613434, -0.9805634617805481, -0.07308904081583023, 0.9795699119567871, 0.18735213577747345),
            ["LeftLowerLeg"] = CFrame.new(-8.568167686462402e-08, 0.000009417533874511719, 0.00002530403435230255, 1, 4.656613761255812e-09, 9.313227522511625e-09, 0, 0.9999831318855286, 0.005826276261359453, -3.725290742551124e-09, -0.005826175678521395, 0.999983012676239)
        }},
        [7] = {Time = 0.100, Data = {
            ["RightFoot"] = CFrame.new(-2.1886080503463745e-08, 2.384185791015625e-07, -4.475441528484225e-08, 0.9979287981987, -0.06204192712903023, -0.01700211502611637, 0.05384538695216179, 0.9502045512199402, -0.3069397211074829, 0.03519861027598381, 0.30538874864578247, 0.9515771269798279),
            ["LeftLowerArm"] = CFrame.new(2.980232238769531e-07, -1.1920928955078125e-07, 8.940696716308594e-08, 1, -8.00937343115038e-08, 8.940695295223122e-08, 9.313225746154785e-08, -1.3038514623531228e-07, -1, 8.707866072654724e-08, 1, -1.4156101713069802e-07),
            ["RightUpperArm"] = CFrame.new(-0.1936599612236023, -0.9275095462799072, -0.1473606675863266, -0.03986683860421181, 0.07543919235467911, 0.9963531494140625, 0.9410317540168762, 0.3381032645702362, 0.012053532525897026, -0.33596107363700867, 0.9380805492401123, -0.08446989208459854),
            ["Head"] = CFrame.new(-1.8888385966420174e-08, 0, -2.514570951461792e-08, 0.9867523312568665, -0.15911652147769928, -0.031651582568883896, 0.1590849906206131, 0.9872585535049438, -0.0035283081233501434, 0.03180970624089241, -0.0015537284780293703, 0.9994927644729614),
            ["RightHand"] = CFrame.new(2.7939677238464355e-08, -5.960464477539063e-08, -1.4156103134155273e-07, 0.9848078489303589, -3.7252898543727042e-09, 0.1736481636762619, -9.313226634333205e-09, 1, 3.725290298461914e-09, -0.17364820837974548, -7.4505797087454084e-09, 0.9848077893257141),
            ["UpperTorso"] = CFrame.new(0, 0, 0, 0.9725631475448608, 0.23111474514007568, 0.02658829092979431, -0.22054758667945862, 0.9523388743400574, -0.2107355296611786, -0.07402513921260834, 0.19908958673477173, 0.9771815538406372),
            ["HumanoidRootPart"] = CFrame.new(0, 0, 0, 1, 0, 0, 0, 1, 0, 0, 0, 1),
            ["RightUpperLeg"] = CFrame.new(0, 2.584420144557953e-08, -3.010063664987683e-08, 0.997782826423645, -0.002596833510324359, -0.0665036141872406, -0.05362485349178314, 0.5604621767997742, -0.8264422416687012, 0.039418887346982956, 0.8281760215759277, 0.5590801239013672),
            ["LeftUpperArm"] = CFrame.new(0.22557419538497925, -0.7362854480743408, -0.2583872973918915, 0.015001406893134117, -0.002727298066020012, -0.9998838305473328, -0.9901543259620667, 0.13914881646633148, -0.015234964899718761, 0.139174222946167, 0.9902677536010742, -0.000613017997238785),
            ["RightLowerArm"] = CFrame.new(-2.980232238769531e-07, 1.1920928955078125e-07, -2.9802322387695312e-08, 1, -9.313225746154785e-08, 1.0430814256778831e-07, 1.4528633585086936e-07, 2.60770320892334e-08, -1, 9.313227167240257e-08, 1, 3.3527616238870905e-08),
            ["LeftHand"] = CFrame.new(2.3096799850463867e-07, 0, 2.076849341392517e-07, 0.9860809445381165, 0.00005567796324612573, -0.16626635193824768, 0.00005565328319789842, 0.9999998211860657, 0.0006650509312748909, 0.16626635193824768, -0.0006650221184827387, 0.9860807061195374),
            ["LeftFoot"] = CFrame.new(-5.960464477539063e-08, 5.960464477539063e-08, 8.195638656616211e-08, 0.9890177845954895, -0.12133964896202087, 0.08438322693109512, 0.14004908502101898, 0.9518375396728516, -0.272748202085495, -0.047223903238773346, 0.2815706431865692, 0.9583778381347656),
            ["LowerTorso"] = CFrame.new(0.059414274990558624, -0.49986135959625244, 0.006347661837935448, 1, 0, 0, 0, 0.9853941202163696, 0.17028924822807312, 0, -0.17028924822807312, 0.9853941202163696),
            ["RightLowerLeg"] = CFrame.new(3.725290298461914e-09, -0.000009119510650634766, -0.000025084409571718425, 1, 2.60770232074492e-08, 2.6077039194660756e-08, -2.7008351111135198e-08, 0.01943020336329937, 0.9998112320899963, 2.9802318834981634e-08, -0.9998112320899963, 0.019430257380008698),
            ["LeftUpperLeg"] = CFrame.new(0, 5.145557224750519e-08, 6.05359673500061e-09, 0.9959925413131714, 0.06105703487992287, 0.06535370647907257, 0.0423683263361454, 0.3214244544506073, -0.9459869265556335, -0.07876544445753098, 0.9449648261070251, 0.317549467086792),
            ["LeftLowerLeg"] = CFrame.new(-1.4901161193847656e-08, 0.000009238719940185547, 0.00002512708306312561, 1, -2.7939681679356454e-09, 1.862645371275562e-09, -9.313225746154785e-10, 0.9999829530715942, 0.005844808649271727, 1.862645149230957e-09, -0.005844939034432173, 0.999983012676239)
        }},
        [8] = {Time = 0.117, Data = {
            ["RightFoot"] = CFrame.new(-2.3283064365386963e-09, 2.384185791015625e-07, 9.203358786180615e-08, 0.9978511929512024, -0.06390178948640823, -0.014480261132121086, 0.060723621398210526, 0.9849259853363037, -0.16196776926517487, 0.024612009525299072, 0.1607404202222824, 0.9866898655891418),
            ["LeftLowerArm"] = CFrame.new(1.7881393432617188e-07, 0, 1.0803341865539551e-07, 1, -9.173525938876992e-08, 8.568166975919667e-08, 9.872019290924072e-08, -1.378357268322361e-07, -1, 7.916241884231567e-08, 1, -1.3597308168300515e-07),
            ["RightUpperArm"] = CFrame.new(-0.19592177867889404, -0.9350464344024658, -0.1473609209060669, -0.03129036724567413, 0.07815337926149368, 0.9964501857757568, 0.9415299892425537, 0.33691462874412537, 0.003140835091471672, -0.33547332882881165, 0.9382860064506531, -0.08412602543830872),
            ["Head"] = CFrame.new(3.562308847904205e-08, -1.1920928955078125e-07, 5.587935447692871e-09, 0.9865187406539917, -0.15911118686199188, -0.0382680706679821, 0.15905366837978363, 0.9872594475746155, -0.00456213066354394, 0.038506388664245605, -0.001586040249094367, 0.9992572069168091),
            ["RightHand"] = CFrame.new(9.313225746154785e-08, -5.960464477539063e-08, -5.587935447692871e-09, 0.9848077893257141, -1.4901161193847656e-08, 0.17364820837974548, 1.862645149230957e-09, 1, 2.0489094865183688e-08, -0.1736481785774231, -7.450580596923828e-09, 0.9848077297210693),
            ["UpperTorso"] = CFrame.new(0, -2.9802322387695312e-08, 0, 0.96973717212677, 0.23890893161296844, 0.050321925431489944, -0.22293002903461456, 0.9504846334457397, -0.21652081608772278, -0.09955894947052002, 0.19874998927116394, 0.9749802947044373),
            ["HumanoidRootPart"] = CFrame.new(0, 0, 0, 1, 0, 0, 0, 1, 0, 0, 0, 1),
            ["RightUpperLeg"] = CFrame.new(0, -1.0826624929904938e-08, -2.4047039914876223e-08, 0.9975665211677551, -0.0060624415054917336, -0.06945731490850449, -0.05464962124824524, 0.5506352782249451, -0.8329552412033081, 0.04329538345336914, 0.8347240090370178, 0.5489638447761536),
            ["LeftUpperArm"] = CFrame.new(0.22517889738082886, -0.7295867204666138, -0.25876370072364807, 0.006051608826965094, -0.0018164680805057287, -0.999980092048645, -0.9903227686882019, 0.13864317536354065, -0.006245228461921215, 0.13865193724632263, 0.9903408288955688, -0.0009600295452401042),
            ["RightLowerArm"] = CFrame.new(-2.980232238769531e-07, 0, -2.9802322387695312e-08, 1, -7.823108916227284e-08, 8.940695295223122e-08, 1.0803341865539551e-07, 4.8428766774577525e-08, -1, 1.0058283805847168e-07, 1, 2.2351738238057806e-08),
            ["LeftHand"] = CFrame.new(3.725290298461914e-09, 1.1920928955078125e-07, 1.1175870895385742e-07, 0.9860809445381165, 0.00005566841718973592, -0.1662663370370865, 0.00005566189793171361, 0.9999998211860657, 0.0006650444120168686, 0.16626636683940887, -0.0006650258437730372, 0.9860807061195374),
            ["LeftFoot"] = CFrame.new(3.5390257835388184e-08, 2.384185791015625e-07, -2.60770320892334e-08, 0.9879347681999207, -0.13454285264015198, 0.07670263200998306, 0.152021586894989, 0.9370368123054504, -0.3144068717956543, -0.029571950435638428, 0.3222738802433014, 0.946184515953064),
            ["LowerTorso"] = CFrame.new(0.057953253388404846, -0.40183210372924805, -0.010593096725642681, 1, 0, 0, 0, 0.9853941202163696, 0.17028924822807312, 0, -0.17028924822807312, 0.9853941202163696),
            ["RightLowerLeg"] = CFrame.new(4.470348358154297e-08, -0.000009119510650634766, -0.000025203618861269206, 1, 2.793966302760964e-08, 2.421438694000244e-08, -2.7008354663848877e-08, 0.1395641565322876, 0.9902130365371704, 2.60770320892334e-08, -0.9902130365371704, 0.13956433534622192),
            ["LeftUpperLeg"] = CFrame.new(0, 1.4668330550193787e-08, 1.210719347000122e-08, 0.9956974983215332, 0.05841325223445892, 0.0719335675239563, 0.03892193362116814, 0.44084471464157104, -0.89673912525177, -0.08409297466278076, 0.8956807255744934, 0.4366743564605713),
            ["LeftLowerLeg"] = CFrame.new(0, 0.000009417533874511719, 0.00002524256706237793, 1, -3.725291186640334e-09, -7.450581485102248e-09, 3.725290298461914e-09, 0.9999828338623047, 0.005869091954082251, 1.862645149230957e-09, -0.005869181361049414, 0.9999828338623047)
        }},
        [9] = {Time = 0.133, Data = {
            ["RightFoot"] = CFrame.new(-3.3527612686157227e-08, 4.172325134277344e-07, 6.223126547411084e-08, 0.9972034096717834, -0.07231716811656952, -0.018860667943954468, 0.07400929182767868, 0.9906522035598755, 0.1145898699760437, 0.010397558100521564, -0.11566516011953354, 0.993233859539032),
            ["LeftLowerArm"] = CFrame.new(-5.960464477539063e-08, 0, -2.086162567138672e-07, 1, -9.685754776000977e-08, 9.49948883999241e-08, 9.12696123123169e-08, -1.3783574104309082e-07, -1, 6.705522537231445e-08, 1, -1.2852250108608132e-07),
            ["RightUpperArm"] = CFrame.new(-0.19856303930282593, -0.9412170648574829, -0.1473626345396042, -0.024265360087156296, 0.08036761730909348, 0.9964699149131775, 0.9418801069259644, 0.33592331409454346, -0.004157103598117828, -0.3350716233253479, 0.9384543895721436, -0.0838480219244957),
            ["Head"] = CFrame.new(-9.313225746154785e-10, -1.1920928955078125e-07, -1.1175870895385742e-08, 0.986293613910675, -0.15910866856575012, -0.043696895241737366, 0.1590145081281662, 0.987260103225708, -0.005644822493195534, 0.04403834417462349, -0.0013809921219944954, 0.9990289807319641),
            ["RightHand"] = CFrame.new(-3.0919909477233887e-07, -1.1920928955078125e-07, -2.0489096641540527e-08, 0.9848077893257141, -2.60770320892334e-08, 0.1736481785774231, 1.4901161193847656e-08, 1, 0, -0.1736481785774231, -1.4901161193847656e-08, 0.9848077893257141),
            ["UpperTorso"] = CFrame.new(0, -1.1920928955078125e-07, -1.4901161193847656e-08, 0.966609001159668, 0.2453898787498474, 0.07383020222187042, -0.22392241656780243, 0.9489222764968872, -0.2222730815410614, -0.12460269033908844, 0.1983189433813095, 0.9721850752830505),
            ["HumanoidRootPart"] = CFrame.new(0, 0, 0, 1, 0, 0, 0, 1, 0, 0, 0, 1),
            ["RightUpperLeg"] = CFrame.new(0, 2.7008354663848877e-08, 1.673470251262188e-10, 0.9969977736473083, -0.012082826346158981, -0.0764831155538559, -0.0637475848197937, 0.43260619044303894, -0.899326503276825, 0.04395348206162453, 0.9015020728111267, 0.43053704500198364),
            ["LeftUpperArm"] = CFrame.new(0.22409522533416748, -0.7241020202636719, -0.259097158908844, -0.0012764326529577374, -0.001074083149433136, -0.9999986290931702, -0.9904005527496338, 0.13822345435619354, 0.0011157450499013066, 0.13822202384471893, 0.990400493144989, -0.001240166020579636),
            ["RightLowerArm"] = CFrame.new(5.960464477539063e-08, 5.960464477539063e-08, -2.9802322387695312e-08, 1, -8.195637946073475e-08, 1.2665985593685036e-07, 8.195637946073475e-08, 4.0978189730367376e-08, -1, 8.568166975919667e-08, 1, 1.862644971595273e-08),
            ["LeftHand"] = CFrame.new(-3.5390257835388184e-07, 1.7881393432617188e-07, 5.029141902923584e-08, 0.9860808849334717, 0.00005566143954638392, -0.1662663221359253, 0.000055697288189549, 0.9999998807907104, 0.0006650332361459732, 0.16626635193824768, -0.0006650389987044036, 0.9860806465148926),
            ["LeftFoot"] = CFrame.new(-1.862645149230957e-08, 0, -1.862645149230957e-07, 0.9869713187217712, -0.14599555730819702, 0.067623570561409, 0.16010414063930511, 0.932813823223114, -0.32283908128738403, -0.015947096049785614, 0.3294597864151001, 0.944034993648529),
            ["LowerTorso"] = CFrame.new(0.05610060319304466, -0.31102705001831055, -0.026285424828529358, 1, 0, 0, 0, 0.9853941202163696, 0.17028924822807312, 0, -0.17028924822807312, 0.9853941202163696),
            ["RightLowerLeg"] = CFrame.new(1.862645149230957e-08, -0.000008881092071533203, -0.000025043431378435344, 1, 1.8626442610525373e-08, 1.676381167214913e-08, -3.073364496231079e-08, 0.2423810064792633, 0.9701811671257019, 2.60770320892334e-08, -0.9701811671257019, 0.24238136410713196),
            ["LeftUpperLeg"] = CFrame.new(0, 5.774199962615967e-08, -2.2351741790771484e-08, 0.9954845905303955, 0.05594189092516899, 0.0766885057091713, 0.034434523433446884, 0.5400412678718567, -0.8409337997436523, -0.08845838904380798, 0.839777410030365, 0.5356764793395996),
            ["LeftLowerLeg"] = CFrame.new(-5.587935447692871e-09, 0.000009119510650634766, 0.0000250302255153656, 1, 0, -1.862645371275562e-09, 6.51925713412993e-09, 0.9999874234199524, 0.005035663489252329, 1.4901159417490817e-08, -0.0050358097068965435, 0.9999873638153076)
        }},
        [10] = {Time = 0.150, Data = {
            ["RightFoot"] = CFrame.new(4.0978193283081055e-08, 4.172325134277344e-07, -5.977199180051684e-08, 0.9960833787918091, -0.0841086208820343, -0.027273159474134445, 0.08762406557798386, 0.8976975083351135, 0.43181145191192627, -0.011835992336273193, -0.43251004815101624, 0.9015514850616455),
            ["LeftLowerArm"] = CFrame.new(1.1920928955078125e-07, -5.960464477539063e-08, 1.1175870895385742e-07, 1, -1.0244546189142056e-07, 8.940694584680386e-08, 1.0244548320770264e-07, -1.3224777717368852e-07, -1, 6.05359673500061e-08, 1, -1.3038513202445756e-07),
