return {
    ["TF2 Scout"] = {
        [1] = {Time = 0.000, Data = {
            ["RightFoot"] = CFrame.new(1.1175870895385742e-08, 2.980232238769531e-07, -7.281050784513354e-08, 0.9725764989852905, -0.11574850976467133, 0.20173628628253937, 0.21605154871940613, 0.7707826495170593, -0.5993461608886719, -0.0861213430762291, 0.6264954805374146, 0.7746527194976807),
            ["LeftLowerArm"] = CFrame.new(8.940696716308594e-08, 0, -3.239792079057224e-08, 1, -8.940694584680386e-08, 8.62599662809771e-08, 8.625997338640445e-08, -1.3435885648505064e-07, -1, 8.940694584680386e-08, 1, -1.343588280633412e-07),
            ["RightUpperArm"] = CFrame.new(-0.4650152325630188, -0.6995779275894165, -0.29999998211860657, -0.09030842781066895, 3.1664686872545644e-08, 0.9959139227867126, 0.9959138631820679, -2.8941576246666045e-08, 0.09030838310718536, -2.506698182358491e-09, 1, -6.63517809584846e-08),
            ["Head"] = CFrame.new(4.470348358154297e-08, -1.1920928955078125e-07, -2.2551405187698492e-17, 0.9848078489303589, -0.1736481636762619, -3.5626408489974892e-09, 0.1736481636762619, 0.9848078489303589, 7.450581485102248e-09, 2.2147368383684807e-09, -7.956036718326231e-09, 1),
            ["RightHand"] = CFrame.new(2.636666067701299e-07, -1.1920928955078125e-07, 3.851710062008351e-08, 1, 7.450557060195706e-09, 1.7763568394002505e-15, -7.450593919600124e-09, 1, -1.7763568394002505e-15, -1.7763568394002505e-15, -1.509903313490213e-14, 1),
            ["UpperTorso"] = CFrame.new(7.450580596923828e-09, -2.9802322387695312e-08, 0, 0.9939683675765991, 0.10966750979423523, 3.680064933342386e-12, -0.10966750979423523, 0.9939683675765991, 3.2533797877931647e-10, 3.202113227351866e-11, -3.2377922565274275e-10, 1),
            ["HumanoidRootPart"] = CFrame.new(0, 0, 0, 1, 0, 0, 0, 1, 0, 0, 0, 1),
            ["RightUpperLeg"] = CFrame.new(0, -1.1175870895385742e-08, 0, 0.9670543074607849, -0.20154112577438354, -0.1555224359035492, 0.10558149218559265, 0.8734320998191833, -0.475362092256546, 0.23164324462413788, 0.44328051805496216, 0.8659351468086243),
            ["LeftUpperArm"] = CFrame.new(0.348919153213501, -0.9075391292572021, -0.2515811324119568, 0.09030857682228088, -2.0651022225592897e-07, -0.9959138631820679, -0.9959138631820679, -5.049481188734717e-08, -0.09030862152576447, 1.3283357525040174e-08, 1, -2.5125950742221903e-07),
            ["RightLowerArm"] = CFrame.new(0, 0, -2.986146796501998e-08, 1, -8.940696005765858e-08, 8.625998049183181e-08, 8.625997338640445e-08, -1.343588280633412e-07, -1, 8.940696716308594e-08, 1, -1.3435884227419592e-07),
            ["LeftHand"] = CFrame.new(-3.257926834976388e-07, 5.960464477539063e-08, -5.057910357209039e-08, 1, 7.450559280641755e-09, 9.351452945338679e-11, -3.4415290848252914e-14, 1, 2.337948146191593e-08, -5.083933274363517e-12, -2.1316282072803006e-14, 1),
            ["LeftFoot"] = CFrame.new(3.725290298461914e-09, -1.1920928955078125e-07, 9.313225746154785e-09, 0.9975301623344421, -0.04830785095691681, -0.05099077895283699, 0.05052483081817627, 0.9977914690971375, 0.043122921139001846, 0.048795029520988464, -0.04559268429875374, 0.9977676868438721),
            ["LowerTorso"] = CFrame.new(0.09961947053670883, -0.708715558052063, 0, 0.9961947202682495, 0.08715573698282242, 0, -0.08715573698282242, 0.9961947202682495, 0, 0, 0, 1),
            ["RightLowerLeg"] = CFrame.new(-9.220093488693237e-08, -0.000009059906005859375, -0.000025047156668733805, 1, -1.0104846381864263e-07, -7.823110337312755e-08, 7.823110337312755e-08, -0.18522712588310242, 0.9826957583427429, -7.543713564928112e-08, -0.9826956987380981, -0.18522696197032928),
            ["LeftUpperLeg"] = CFrame.new(0, 8.568167686462402e-08, 0, 0.9896739721298218, 0.047281403094530106, 0.13531453907489777, 0.13334974646568298, 0.04250888153910637, -0.9901570081710815, -0.05256807804107666, 0.9979766607284546, 0.035764969885349274),
            ["LeftLowerLeg"] = CFrame.new(1.1175870895385742e-08, 0.000009179115295410156, 0.000025186687707901, 1, 1.3969840839678227e-09, -3.2596294552433847e-09, -3.3760443329811096e-09, 0.9999833106994629, 0.00578927481546998, 2.0954757928848267e-09, -0.005789308343082666, 0.9999832510948181)
        }},
        [2] = {Time = 0.040, Data = {
            ["RightFoot"] = CFrame.new(1.6903504729270935e-07, 2.980232238769531e-07, -2.438173396512866e-08, 0.9739164113998413, -0.11244426667690277, 0.1970866322517395, 0.2092791199684143, 0.7807906270027161, -0.5887002944946289, -0.08768747001886368, 0.6145911812782288, 0.7839572429656982),
            ["LeftLowerArm"] = CFrame.new(-2.9802322387695312e-08, 5.960464477539063e-08, -4.0046870708465576e-08, 1, -8.536153472959995e-08, 9.569339454174042e-08, 7.945346425231037e-08, -1.3317912817001343e-07, -1, 8.594361844416198e-08, 1, -1.3457611203193665e-07),
            ["RightUpperArm"] = CFrame.new(-0.46142399311065674, -0.7161585688591003, -0.2939598560333252, -0.08901751786470413, -0.011392067186534405, 0.9959650039672852, 0.9946794509887695, 0.051038455218076706, 0.08948622643947601, -0.05185215547680855, 0.9986317157745361, 0.006787932012230158),
            ["Head"] = CFrame.new(-4.5271008275449276e-08, -1.1920928955078125e-07, -1.6298145055770874e-09, 0.9872652888298035, -0.15746843814849854, -0.022607482969760895, 0.15749074518680573, 0.987520158290863, -0.0008016728097572923, 0.02245158515870571, -0.002769004087895155, 0.999744176864624),
            ["RightHand"] = CFrame.new(-2.0582228899002075e-07, 0, 3.0384398996829987e-08, 1, -2.735760284977573e-09, -5.064066943560874e-09, -3.754394573007858e-09, 1, 0, 1.25728565336658e-08, 0, 1),
            ["UpperTorso"] = CFrame.new(-7.450580596923828e-09, -5.960464477539063e-08, 0, 0.9926317930221558, 0.12113003432750702, 0.0031106716487556696, -0.12116937339305878, 0.9923793077468872, 0.022393088787794113, -0.0003744910063687712, -0.022605011239647865, 0.9997444152832031),
            ["HumanoidRootPart"] = CFrame.new(0, 0, 0, 1, 0, 0, 0, 1, 0, 0, 0, 1),
            ["RightUpperLeg"] = CFrame.new(0, -5.960464477539063e-08, 0, 0.9686157703399658, -0.19635437428951263, -0.15240877866744995, 0.10360923409461975, 0.8762988448143005, -0.4704950451850891, 0.22593939304351807, 0.43993785977363586, 0.8691409230232239),
            ["LeftUpperArm"] = CFrame.new(0.3518257141113281, -0.9207713603973389, -0.24882932007312775, 0.0890173390507698, -0.011392312124371529, -0.9959648847579956, -0.9946795105934143, 0.051038436591625214, -0.08948644995689392, 0.05185217037796974, 0.9986317157745361, -0.00678857509046793),
            ["RightLowerArm"] = CFrame.new(-3.5762786865234375e-07, 1.1920928955078125e-07, -8.707866072654724e-08, 1, -8.512870408594608e-08, 9.21427272260189e-08, 9.237557208052749e-08, -1.341104507446289e-07, -1, 9.103679587951774e-08, 1, -1.3457611203193665e-07),
            ["LeftHand"] = CFrame.new(-2.7567148208618164e-07, 5.960464477539063e-08, 1.5262048691511154e-07, 1, -1.1204976502199315e-08, 1.862645371275562e-09, -6.4028435886598345e-09, 1, 2.374872920540838e-08, 3.0850064725029824e-09, 9.31322685637781e-10, 1),
            ["LeftFoot"] = CFrame.new(5.587935447692871e-08, -5.960464477539063e-08, 6.705522537231445e-08, 0.9974493980407715, -0.043007154017686844, -0.05696745216846466, 0.052587974816560745, 0.9824255108833313, 0.17909392714500427, 0.04826393723487854, -0.18163271248340607, 0.9821813106536865),
            ["LowerTorso"] = CFrame.new(0.09609809517860413, -0.6947925090789795, 0, 0.9963838458061218, 0.08496607840061188, 0, -0.08496607840061188, 0.9963838458061218, 0, 0, 0, 1),
            ["RightLowerLeg"] = CFrame.new(-5.774199962615967e-08, -0.000008881092071533203, -0.00002509186015231535, 1, -1.2200324306377297e-07, -1.4342374754505727e-07, 1.396984004031765e-07, -0.16588503122329712, 0.9861451983451843, -1.527369164477932e-07, -0.9861451387405396, -0.16588497161865234),
            ["LeftUpperLeg"] = CFrame.new(0, -1.4528632164001465e-07, 0, 0.9908950924873352, 0.03327805921435356, 0.13045884668827057, 0.11931168287992477, 0.23192712664604187, -0.965388298034668, -0.06238318979740143, 0.9721638560295105, 0.22584497928619385),
            ["LeftLowerLeg"] = CFrame.new(2.9802322387695312e-08, 0.000009357929229736328, 0.000025063753128051758, 1, -8.381904059717726e-09, 1.8626449271863521e-09, 3.259629366425543e-08, 0.9999836087226868, 0.005730917677283287, -4.6566133171666024e-09, -0.005730885546654463, 0.9999836087226868)
        }},
        [3] = {Time = 0.080, Data = {
            ["RightFoot"] = CFrame.new(-2.3283064365386963e-09, 3.5762786865234375e-07, 2.7772330213338137e-08, 0.9790197610855103, -0.1056976467370987, 0.17420797049999237, 0.1831595003604889, 0.8311256766319275, -0.5250549912452698, -0.08929162472486496, 0.5459470152854919, 0.8330479264259338),
            ["LeftLowerArm"] = CFrame.new(5.960464477539063e-08, 5.960464477539063e-08, 4.6566128730773926e-09, 1, -7.473862950746479e-08, 1.0989604959377175e-07, 7.473863661289215e-08, -1.331791139591587e-07, -1, 8.847564458847046e-08, 1, -1.3597308168300515e-07),
            ["RightUpperArm"] = CFrame.new(-0.4547543525695801, -0.7469509840011597, -0.282742440700531, -0.08505444973707199, -0.03233307972550392, 0.9958515763282776, 0.9853581190109253, 0.1454969197511673, 0.08888209611177444, -0.14776720106601715, 0.9888303279876709, 0.019484445452690125),
            ["Head"] = CFrame.new(-1.346415956504643e-08, 1.1920928955078125e-07, -6.51925802230835e-09, 0.9904437065124512, -0.1218559741973877, -0.06459420919418335, 0.12203804403543472, 0.9925248026847839, -0.0011341692879796028, 0.06424956768751144, -0.006759616546332836, 0.9979109764099121),
            ["RightHand"] = CFrame.new(5.774199962615967e-08, 5.960464477539063e-08, -5.797483026981354e-08, 1, 1.5832481992106295e-08, -6.402842700481415e-09, 5.587934559514451e-09, 1, -2.7939677238464355e-09, 8.149071417662412e-10, 0, 1),
            ["UpperTorso"] = CFrame.new(1.4901161193847656e-08, -5.960464477539063e-08, 0, 0.9897927045822144, 0.14219294488430023, 0.00957493670284748, -0.1425144374370575, 0.987729549407959, 0.0638756975531578, -0.00037477328442037106, -0.0645882785320282, 0.9979119300842285),
            ["HumanoidRootPart"] = CFrame.new(0, 0, 0, 1, 0, 0, 0, 1, 0, 0, 0, 1),
            ["RightUpperLeg"] = CFrame.new(0, -7.450580596923828e-08, 0, 0.9749842286109924, -0.1686682552099228, -0.1447649896144867, 0.089796282351017, 0.8946659564971924, -0.4376179575920105, 0.20332856476306915, 0.41367119550704956, 0.8874309062957764),
            ["LeftUpperArm"] = CFrame.new(0.35722362995147705, -0.9453455209732056, -0.24371889233589172, 0.08505455404520035, -0.032333359122276306, -0.9958515763282776, -0.9853581190109253, 0.14549681544303894, -0.08888238668441772, 0.14776720106601715, 0.9888302683830261, -0.01948484405875206),
            ["RightLowerArm"] = CFrame.new(0, 0, 5.587935447692871e-09, 1, -8.894129877035084e-08, 6.996560131256047e-08, 7.252675260360775e-08, -1.331791139591587e-07, -1, 8.638017590101299e-08, 1, -1.341104365337742e-07),
            ["LeftHand"] = CFrame.new(2.905726432800293e-07, 0, -4.330649971961975e-08, 1, -1.1641533292916506e-09, 2.468005178002386e-08, -2.561137302237171e-09, 1, 2.2351745343485163e-08, -1.5133994057947575e-09, -1.862645371275562e-09, 1),
            ["LeftFoot"] = CFrame.new(-2.421438694000244e-08, 0, -3.725290298461914e-09, 0.9963265657424927, -0.02042665146291256, -0.08316449075937271, 0.02925393544137478, 0.9938985109329224, 0.10634878277778625, 0.08048474043607712, -0.10839112102985382, 0.9908449053764343),
            ["LowerTorso"] = CFrame.new(0.09046829491853714, -0.6136612892150879, 0, 0.9969425797462463, 0.07813753187656403, 0, -0.07813753187656403, 0.9969425797462463, 0, 0, 0, 1),
            ["RightLowerLeg"] = CFrame.new(7.078051567077637e-08, -0.000008940696716308594, -0.000025084409571718425, 1, -1.289881907950985e-07, -1.8440194082813832e-07, 1.6670674085617065e-07, -0.0494842529296875, 0.9987749457359314, -1.6624107956886292e-07, -0.9987749457359314, -0.049484264105558395),
            ["LeftUpperLeg"] = CFrame.new(0, 2.9802322387695312e-08, 0, 0.9917416572570801, 0.06581676006317139, 0.11007580161094666, 0.09748183190822601, 0.17089307308197021, -0.9804554581642151, -0.08334159106016159, 0.9830888509750366, 0.1630658358335495),
            ["LeftLowerLeg"] = CFrame.new(-2.2351741790771484e-08, 0.000009238719940185547, 0.000025121495127677917, 1, 2.9802318834981634e-08, 1.9557775843281888e-08, -4.2142342948636724e-08, 0.6785922050476074, 0.7345153093338013, 7.4505797087454084e-09, -0.7345153093338013, 0.6785922050476074)
        }},
        [4] = {Time = 0.120, Data = {
            ["RightFoot"] = CFrame.new(-5.122274160385132e-09, 1.7881393432617188e-07, -9.480572771281004e-09, 0.9869588017463684, -0.10540417581796646, 0.12166546285152435, 0.14387165009975433, 0.9166094064712524, -0.37299829721450806, -0.07220406830310822, 0.3856388330459595, 0.9198205471038818),
            ["LeftLowerArm"] = CFrame.new(1.7881393432617188e-07, -5.960464477539063e-08, -1.3224780559539795e-07, 1, -7.497146015111866e-08, 5.401669511684304e-08, 5.797482316438618e-08, -1.2852250108608132e-07, -1, 7.450579886381092e-08, 1, -1.3597306747215043e-07),
            ["RightUpperArm"] = CFrame.new(-0.45116299390792847, -0.7635317444801331, -0.27670231461524963, -0.08209388703107834, -0.04340798407793045, 0.9956789016723633, 0.9765920042991638, 0.19579870998859406, 0.08905627578496933, -0.1988183706998825, 0.9796829223632812, 0.026318013668060303),
            ["Head"] = CFrame.new(8.914722116060148e-08, 1.1920928955078125e-07, 2.1420419216156006e-08, 0.9924038648605347, -0.08682409673929214, -0.08715573698282242, 0.08715571463108063, 0.9961946606636047, 9.313225746154785e-09, 0.08682408928871155, -0.007596117909997702, 0.9961947202682495),
            ["RightHand"] = CFrame.new(-4.1350722312927246e-07, 5.960464477539063e-08, -1.0477378964424133e-08, 1, 8.847565347025466e-09, 5.355105514581737e-08, -4.190951585769653e-09, 1, -1.862645371275562e-09, -4.190951585769653e-09, 0, 1),
            ["UpperTorso"] = CFrame.new(0, 8.940696716308594e-08, 0, 0.9880741238594055, 0.15339314937591553, 0.013420158997178078, -0.15397906303405762, 0.9843142628669739, 0.08611632883548737, 2.137088284115407e-09, -0.08715573698282242, 0.9961947202682495),
            ["HumanoidRootPart"] = CFrame.new(0, 0, 0, 1, 0, 0, 0, 1, 0, 0, 0, 1),
            ["RightUpperLeg"] = CFrame.new(1.1920928955078125e-07, 5.960464477539063e-08, 0, 0.9859840273857117, -0.11538509279489517, -0.12050662934780121, 0.04741595312952995, 0.8863009214401245, -0.46067625284194946, 0.1599602997303009, 0.44850537180900574, 0.8793494701385498),
            ["LeftUpperArm"] = CFrame.new(0.3601301908493042, -0.9585778713226318, -0.2409670352935791, 0.08209408819675446, -0.043408218771219254, -0.9956788420677185, -0.9765920042991638, 0.1957985758781433, -0.08905661851167679, 0.1988184154033661, 0.9796829223632812, -0.02631828933954239),
            ["RightLowerArm"] = CFrame.new(-1.1920928955078125e-07, -1.7881393432617188e-07, -1.1175870895385742e-08, 1, -8.195637946073475e-08, 8.498317782823506e-08, 1.0780058801174164e-07, -1.3597308168300515e-07, -1, 9.266659617424011e-08, 1, -1.378357268322361e-07),
            ["LeftHand"] = CFrame.new(-4.284083843231201e-07, 0, -1.6158446669578552e-07, 1, 5.587935447692871e-09, 2.8638172722139643e-08, 9.313224635931761e-10, 1, 2.7939680791178034e-08, 1.5599651348452426e-08, 0, 1),
            ["LeftFoot"] = CFrame.new(4.190951585769653e-09, 5.960464477539063e-08, -2.9802322387695312e-08, 0.9931355714797974, -0.0016443507047370076, -0.11695710569620132, -0.0038729566149413586, 0.9988906979560852, -0.046930864453315735, 0.11690444499254227, 0.04706186056137085, 0.9920275807380676),
            ["LowerTorso"] = CFrame.new(0.08804928511381149, -0.43512606620788574, 0, 0.9978014230728149, 0.06627493351697922, 0, -0.06627493351697922, 0.9978014230728149, 0, 0, 0, 1),
            ["RightLowerLeg"] = CFrame.new(8.195638656616211e-08, -0.000008821487426757812, -0.00002511421189410612, 1, -1.1455263404513971e-07, -1.322478624388168e-07, 1.0989607801548118e-07, 0.107021264731884, 0.9942567944526672, -1.2293459406009788e-07, -0.9942567944526672, 0.10702161490917206),
            ["LeftUpperLeg"] = CFrame.new(0, 1.5832483768463135e-07, 0, 0.9914711117744446, 0.09092053771018982, 0.09337406605482101, 0.05800793692469597, 0.3337131440639496, -0.9408881664276123, -0.11670622229576111, 0.9382798075675964, 0.3255927860736847),
            ["LeftLowerLeg"] = CFrame.new(5.122274160385132e-08, 0.000009298324584960938, 0.000025042332708835602, 1, 1.1269000310676347e-07, 1.0203800826502629e-07, -1.1152587831020355e-07, 0.23132950067520142, 0.9728754162788391, 9.266659617424011e-08, -0.9728754162788391, 0.23132959008216858)
        }},
        [5] = {Time = 0.160, Data = {
            ["RightFoot"] = CFrame.new(1.862645149230957e-09, 2.384185791015625e-07, -1.5068508218973875e-08, 0.9917590618133545, -0.1057872623205185, 0.07227114588022232, 0.11825715750455856, 0.9728912711143494, -0.19874000549316406, -0.04928779602050781, 0.2056492418050766, 0.9773839712142944),
            ["LeftLowerArm"] = CFrame.new(-1.4901161193847656e-07, -5.960464477539063e-08, -2.421438694000244e-08, 1, -8.218921010438862e-08, 9.220092067607766e-08, 9.16188582777977e-08, -1.3504175910838967e-07, -1, 9.266659617424011e-08, 1, -1.3504175910838967e-07),
            ["RightUpperArm"] = CFrame.new(-0.4515315294265747, -0.7523884177207947, -0.2801015377044678, -0.07591309398412704, -0.03164465352892876, 0.9966122508049011, 0.9835107326507568, 0.1621616780757904, 0.08006409555673599, -0.16414594650268555, 0.9862566590309143, 0.018812645226716995),
            ["Head"] = CFrame.new(-4.294270183891058e-08, 2.384185791015625e-07, -5.587935447692871e-09, 0.9939618706703186, -0.06798335909843445, -0.0861288532614708, 0.06749378889799118, 0.9976827502250671, -0.008586777374148369, 0.08651302754878998, 0.0027217604219913483, 0.9962471127510071),
            ["RightHand"] = CFrame.new(1.448206603527069e-07, 0, 5.762558430433273e-08, 1, 1.0710210496256423e-08, -4.656613428188905e-10, 6.2864282668329e-09, 1, 9.31322685637781e-10, -3.4924600988972543e-09, -1.862645371275562e-09, 1),
            ["UpperTorso"] = CFrame.new(-7.450580596923828e-09, -5.960464477539063e-08, 0, 0.9892368316650391, 0.14577005803585052, 0.012716304510831833, -0.146322101354599, 0.9858829975128174, 0.0813913568854332, -0.0006723658880218863, -0.08237600326538086, 0.9966011047363281),
            ["HumanoidRootPart"] = CFrame.new(0, 0, 0, 1, 0, 0, 0, 1, 0, 0, 0, 1),
            ["RightUpperLeg"] = CFrame.new(1.1920928955078125e-07, -2.2351741790771484e-08, 0, 0.9931535720825195, -0.06836039572954178, -0.09472556412220001, -0.004137739539146423, 0.7897976040840149, -0.6133537292480469, 0.11674312502145767, 0.6095462441444397, 0.7841072678565979),
            ["LeftUpperArm"] = CFrame.new(0.35871946811676025, -0.9396603107452393, -0.24111443758010864, 0.07591336965560913, -0.03164483606815338, -0.9966121315956116, -0.9835106730461121, 0.16216161847114563, -0.08006448298692703, 0.16414588689804077, 0.9862567186355591, -0.01881285570561886),
            ["RightLowerArm"] = CFrame.new(-5.960464477539063e-08, 5.960464477539063e-08, -7.450580596923828e-09, 1, -7.986090366784993e-08, 9.045469084867364e-08, 9.35979329597103e-08, -1.3504175910838967e-07, -1, 9.057113459221e-08, 1, -1.3597308168300515e-07),
            ["LeftHand"] = CFrame.new(-3.3155083656311035e-07, 5.960464477539063e-08, 6.705522537231445e-08, 1, 6.519258910486769e-09, 2.176966695799365e-08, 3.725291186640334e-09, 1, 2.2351745343485163e-08, -1.6298149496662973e-09, 1.862645371275562e-09, 1),
            ["LeftFoot"] = CFrame.new(1.3969838619232178e-08, 5.960464477539063e-08, -2.60770320892334e-08, 0.9870111346244812, -0.0003368821053300053, -0.16065165400505066, -0.029686301946640015, 0.9823941588401794, -0.18444661796092987, 0.15788541734218597, 0.1868201643228531, 0.9696239233016968),
            ["LowerTorso"] = CFrame.new(0.08583126217126846, -0.2443774938583374, 0, 0.9987999200820923, 0.04897703975439072, 0, -0.04897703975439072, 0.9987999200820923, 0, 0, 0, 1),
            ["RightLowerLeg"] = CFrame.new(-6.705522537231445e-08, -0.000009000301361083984, -0.000025009903765749186, 1, -2.7194610652259144e-07, -1.7881399116959074e-07, 2.3096799850463867e-07, 0.16106897592544556, 0.9869431853294373, -2.1979212760925293e-07, -0.9869431853294373, 0.16106931865215302),
            ["LeftUpperLeg"] = CFrame.new(0, 7.636845111846924e-08, 0, 0.9885331988334656, 0.10086221992969513, 0.11237921565771103, -0.006853707134723663, 0.7734140753746033, -0.6338641047477722, -0.1508485972881317, 0.6258254647254944, 0.7652367353439331),
            ["LeftLowerLeg"] = CFrame.new(-2.9802322387695312e-08, 0.000009059906005859375, 0.00002512335777282715, 1, 5.21540641784668e-08, 5.401672353855247e-08, -5.587935447692871e-08, 0.33728766441345215, 0.9414016604423523, 2.60770320892334e-08, -0.9414016604423523, 0.3372878432273865)
        }},
        [6] = {Time = 0.200, Data = {
            ["RightFoot"] = CFrame.new(-9.313225746154785e-09, 1.7881393432617188e-07, -4.487083060666919e-08, 0.9939213991165161, -0.10178981721401215, 0.04194111377000809, 0.10501839965581894, 0.9909370541572571, -0.08375514298677444, -0.033035580068826675, 0.0876505970954895, 0.9956034421920776),
            ["LeftLowerArm"] = CFrame.new(8.940696716308594e-08, 0, -5.2386894822120667e-08, 1, -8.69622454047203e-08, 8.777714555208149e-08, 8.346979285533962e-08, -1.3434328138828278e-07, -1, 8.795178274567661e-08, 1, -1.3597308168300515e-07),
            ["RightUpperArm"] = CFrame.new(-0.4523423910140991, -0.7278732061386108, -0.28757983446121216, -0.06076246500015259, -0.008348922245204449, 0.9981174468994141, 0.9944918751716614, 0.08505342900753021, 0.06125321984291077, -0.08540467172861099, 0.9963414072990417, 0.003134895348921418),
            ["Head"] = CFrame.new(1.1932570487260818e-08, 0, 2.561137080192566e-08, 0.9949121475219727, -0.06043130159378052, -0.08061017096042633, 0.05812838301062584, 0.9978395700454712, -0.030618127435445786, 0.0822862908244133, 0.025776613503694534, 0.9962753653526306),
            ["RightHand"] = CFrame.new(-6.2282197177410126e-09, 5.960464477539063e-08, 4.0723534766584635e-08, 1, -2.0954760149294316e-09, -3.026798811589515e-09, 4.656613428188905e-10, 1, 0, -1.0477380074647158e-09, -2.3283067140944524e-10, 1),
            ["UpperTorso"] = CFrame.new(3.725290298461914e-09, -2.9802322387695312e-08, 0, 0.9921368360519409, 0.12467925995588303, 0.010935303755104542, -0.12513861060142517, 0.9897242188453674, 0.0691828727722168, -0.002197263529524207, -0.07000730186700821, 0.9975440502166748),
            ["HumanoidRootPart"] = CFrame.new(0, 0, 0, 1, 0, 0, 0, 1, 0, 0, 0, 1),
            ["RightUpperLeg"] = CFrame.new(0, -4.6566128730773926e-09, 0, 0.9955945611000061, -0.03698152303695679, -0.08616214990615845, -0.051875144243240356, 0.5482304096221924, -0.8347170352935791, 0.07810580730438232, 0.8355093002319336, 0.5438966155052185),
            ["LeftUpperArm"] = CFrame.new(0.3556159734725952, -0.8980404138565063, -0.2421458214521408, 0.060762710869312286, -0.008349146693944931, -0.9981173276901245, -0.9944918751716614, 0.08505336195230484, -0.06125354394316673, 0.08540470898151398, 0.9963414669036865, -0.0031351535581052303),
            ["RightLowerArm"] = CFrame.new(-2.980232238769531e-07, 0, -4.1211023926734924e-08, 1, -8.370260928813877e-08, 1.0256188431867486e-07, 9.4645656645298e-08, -1.3364477524646645e-07, -1, 8.620554581284523e-08, 1, -1.3457609782108193e-07),
            ["LeftHand"] = CFrame.new(1.7508864402770996e-07, 5.960464477539063e-08, -3.4458935260772705e-08, 1, -4.773028638993537e-09, 1.979060471057892e-09, 5.2386899263012765e-09, 1, 2.421438694000244e-08, 9.546057277987074e-09, -2.3283067140944524e-10, 1),
            ["LeftFoot"] = CFrame.new(-4.842877388000488e-08, -5.960464477539063e-08, -7.450580596923828e-09, 0.9785457849502563, -0.007404050789773464, -0.20589661598205566, -0.032349999994039536, 0.9814366102218628, -0.18903937935829163, 0.20347419381141663, 0.19164413213729858, 0.9601410031318665),
            ["LowerTorso"] = CFrame.new(0.07872219383716583, -0.15545296669006348, 0, 0.9996660351753235, 0.02584296464920044, 0, -0.02584296464920044, 0.9996660351753235, 0, 0, 0, 1),
            ["RightLowerLeg"] = CFrame.new(7.078051567077637e-08, -0.000008940696716308594, -0.000025129113055299968, 1, -1.713633110966839e-07, -1.3783578367565497e-07, 1.6205012798309326e-07, 0.09599784761667252, 0.9953815937042236, -1.4156103134155273e-07, -0.9953815340995789, 0.0959981381893158),
            ["LeftUpperLeg"] = CFrame.new(0, -2.551823854446411e-07, 0, 0.9808782935142517, 0.10713300108909607, 0.16248172521591187, -0.0775824710726738, 0.9808943271636963, -0.1784026175737381, -0.17849017679691315, 0.16238552331924438, 0.9704495072364807),
            ["LeftLowerLeg"] = CFrame.new(5.21540641784668e-08, 0.000009179115295410156, 0.00002514570951461792, 1, 7.078051567077637e-08, 1.4901159417490817e-08, -5.215405707303944e-08, 0.6555521488189697, 0.7551500797271729, 4.470347647611561e-08, -0.7551499605178833, 0.6555519104003906)
        }},
        [7] = {Time = 0.240, Data = {
            ["RightFoot"] = CFrame.new(-6.332993507385254e-08, 4.76837158203125e-07, 2.7772330213338137e-08, 0.9953135848045349, -0.09093509614467621, 0.03289270028471947, 0.09204081445932388, 0.9951804876327515, -0.03382876142859459, -0.029657958075404167, 0.036698147654533386, 0.998886227607727),
            ["LeftLowerArm"] = CFrame.new(-5.960464477539063e-08, 0, -7.916241884231567e-08, 1, -8.678761531655255e-08, 8.422647823635998e-08, 8.172355592250824e-08, -1.348089284647358e-07, -1, 8.795177564024925e-08, 1, -1.3574025103935128e-07),
            ["RightUpperArm"] = CFrame.new(-0.45315301418304443, -0.7033586502075195, -0.2950582206249237, -0.04376598075032234, 0.009032761678099632, 0.9990010261535645, 0.9990403652191162, 0.002121788915246725, 0.043748367577791214, -0.0017246472416445613, 0.9999570250511169, -0.009117105044424534),
            ["Head"] = CFrame.new(-2.523302100598812e-08, 0, 1.280568540096283e-09, 0.9963239431381226, -0.05364295095205307, -0.0667918249964714, 0.04987390339374542, 0.9971348643302917, -0.05687372013926506, 0.06965134292840958, 0.05333348363637924, 0.9961447715759277),
            ["RightHand"] = CFrame.new(1.1641532182693481e-07, -1.1920928955078125e-07, -5.9371814131736755e-09, 1, -4.6566123179658803e-10, 2.5029291972344936e-09, 9.89530235528946e-10, 1, -1.3969836398786128e-09, 1.6880221664905548e-09, -2.3283061589829401e-10, 1),
            ["UpperTorso"] = CFrame.new(-5.122274160385132e-09, -1.1920928955078125e-07, 0, 0.9956501722335815, 0.09276735782623291, 0.008659918792545795, -0.0930953323841095, 0.9942758083343506, 0.05242982879281044, -0.0037465724162757397, -0.05300796031951904, 0.9985870718955994),
            ["HumanoidRootPart"] = CFrame.new(0, 0, 0, 1, 0, 0, 0, 1, 0, 0, 0, 1),
            ["RightUpperLeg"] = CFrame.new(5.960464477539063e-08, 4.423782229423523e-09, 0, 0.9950740337371826, -0.026324007660150528, -0.09557563811540604, -0.09039770066738129, 0.1548018753528595, -0.9838011264801025, 0.040692880749702454, 0.987594723701477, 0.15165968239307404),
            ["LeftUpperArm"] = CFrame.new(0.3525123596191406, -0.856421709060669, -0.2449454516172409, 0.04376603290438652, 0.009032703004777431, -0.9990010261535645, -0.999040424823761, 0.0021219037007540464, -0.04374866932630539, 0.0017247076611965895, 0.9999569654464722, 0.00911681354045868),
            ["RightLowerArm"] = CFrame.new(-2.9802322387695312e-08, -5.960464477539063e-08, 1.4901161193847656e-08, 1, -8.108325033617803e-08, 8.963977649045773e-08, 8.9290551841259e-08, -1.3294626910465013e-07, -1, 8.352799341082573e-08, 1, -1.324806078173424e-07),
            ["LeftHand"] = CFrame.new(-6.426125764846802e-08, -5.960464477539063e-08, -7.543712854385376e-08, 1, -3.608875420724189e-09, 1.2223608791828156e-09, -1.7462300494486271e-09, 1, 2.514570951461792e-08, 1.5133994057947575e-09, 4.656613428188905e-10, 1),
            ["LeftFoot"] = CFrame.new(-1.862645149230957e-08, -1.1920928955078125e-07, 2.9802322387695312e-08, 0.9688623547554016, -0.011926199309527874, -0.24731245636940002, -0.05820085108280182, 0.9598830342292786, -0.2742939293384552, 0.24066242575645447, 0.28014713525772095, 0.9293004870414734),
            ["LowerTorso"] = CFrame.new(0.06329426914453506, -0.21299231052398682, 0, 0.9999964833259583, -0.002688109641894698, 0, 0.002688109641894698, 0.9999964833259583, 0, 0, 0, 1),
            ["RightLowerLeg"] = CFrame.new(-2.9802322387695312e-08, -0.000008940696716308594, -0.000025103036023210734, 1, -2.635641749293427e-07, -2.3096819745660468e-07, 2.384185791015625e-07, 0.031539272516965866, 0.9995025396347046, -2.5564804673194885e-07, -0.9995025992393494, 0.03153958544135094),
            ["LeftUpperLeg"] = CFrame.new(0, -6.507616490125656e-08, 0, 0.968498706817627, 0.14526590704917908, 0.20225746929645538, -0.13658854365348816, 0.9890270829200745, -0.05629495158791542, -0.2082158923149109, 0.02689557708799839, 0.9777130484580994),
            ["LeftLowerLeg"] = CFrame.new(9.080395102500916e-08, 0.000009238719940185547, 0.000025117769837379456, 1, 5.5879347371501353e-08, 1.4901161193847656e-08, -4.377215745421381e-08, 0.659190833568573, 0.7519755959510803, 2.1420417439799166e-08, -0.7519756555557251, 0.6591909527778625)
        }},
        [8] = {Time = 0.280, Data = {
            ["RightFoot"] = CFrame.new(1.955777406692505e-08, 3.5762786865234375e-07, 1.1008523870259523e-08, 0.9972289800643921, -0.06280003488063812, 0.0398818776011467, 0.06511372327804565, 0.9960938692092896, -0.059641845524311066, -0.03598056733608246, 0.062073588371276855, 0.9974229335784912),
            ["LeftLowerArm"] = CFrame.new(4.470348358154297e-07, 1.1920928955078125e-07, 1.955777406692505e-08, 1, -8.448841981589794e-08, 8.798087236527863e-08, 8.678762952740726e-08, -1.339794835075736e-07, -1, 8.661300654466686e-08, 1, -1.3422685185560113e-07),
            ["RightUpperArm"] = CFrame.new(-0.45352160930633545, -0.6922152042388916, -0.29845744371414185, -0.03577329218387604, 0.005378238391131163, 0.9993454813957214, 0.9982422590255737, -0.04708882421255112, 0.035987067967653275, 0.04725140333175659, 0.9988762736320496, -0.0036844261921942234),
            ["Head"] = CFrame.new(5.820766091346741e-09, -2.384185791015625e-07, -6.05359673500061e-09, 0.9984713792800903, -0.0369553379714489, -0.04110192134976387, 0.03364880383014679, 0.99635249376297, -0.07841917127370834, 0.043850015848875046, 0.07691627740859985, 0.9960728287696838),
            ["RightHand"] = CFrame.new(-8.12578946352005e-08, 0, 1.1979136615991592e-07, 1, 5.675247494174585e-10, 1.1641532182693481e-10, 3.637978807091713e-10, 1, 1.4551915228366852e-10, -6.257323548197746e-10, -4.947651732756242e-10, 1),
            ["UpperTorso"] = CFrame.new(-7.450580596923828e-09, 5.960464477539063e-08, 0, 0.9985873699188232, 0.052749209105968475, 0.006388477049767971, -0.05293717980384827, 0.9980152249336243, 0.034106962382793427, -0.0045766811817884445, -0.03439696505665779, 0.999397873878479),
            ["HumanoidRootPart"] = CFrame.new(0, 0, 0, 1, 0, 0, 0, 1, 0, 0, 0, 1),
            ["RightUpperLeg"] = CFrame.new(-8.940696716308594e-08, -5.587935447692871e-09, 0, 0.9942727088928223, -0.026650501415133476, -0.1034967303276062, -0.10634860396385193, -0.1509128212928772, -0.9828099012374878, 0.010573393665254116, 0.9881877899169922, -0.15288285911083221),
            ["LeftUpperArm"] = CFrame.new(0.35110175609588623, -0.8375040292739868, -0.2503972053527832, 0.03577340394258499, 0.005378128960728645, -0.9993455410003662, -0.9982422590255737, -0.04708883538842201, -0.03598742559552193, -0.04725145921111107, 0.9988762736320496, 0.003684048540890217),
            ["RightLowerArm"] = CFrame.new(-1.7881393432617188e-07, 0, -9.96515154838562e-08, 1, -8.333882561828432e-08, 8.752977009862661e-08, 8.843199594821272e-08, -1.3413956878594036e-07, -1, 8.592906652893362e-08, 1, -1.3194221537560225e-07),
            ["LeftHand"] = CFrame.new(1.0011717677116394e-08, 5.960464477539063e-08, 3.632158041000366e-08, 1, 1.891749396021325e-10, 9.022188551810473e-10, 2.6921045392924725e-09, 1, 2.1507732483883046e-08, 1.1641533570472262e-10, 3.0559030306243073e-10, 1),
            ["LeftFoot"] = CFrame.new(-3.725290298461914e-08, 1.1920928955078125e-07, 4.470348358154297e-08, 0.9588772058486938, -0.009777400642633438, -0.2836531698703766, -0.12220930308103561, 0.8877911567687988, -0.4437248706817627, 0.25616317987442017, 0.4601427912712097, 0.8500877022743225),
            ["LowerTorso"] = CFrame.new(0.04277663305401802, -0.3502013683319092, 0, 0.9994605779647827, -0.03284092992544174, 0, 0.03284092992544174, 0.9994605779647827, 0, 0, 0, 1),
            ["RightLowerLeg"] = CFrame.new(6.426125764846802e-08, -0.000008940696716308594, -0.000024845990992616862, 1, -1.6111874856505892e-07, -1.3411049337719305e-07, 1.6111880540847778e-07, 0.20758481323719025, 0.9782170057296753, -1.3527460396289825e-07, -0.9782170057296753, 0.2075851410627365),
            ["LeftUpperLeg"] = CFrame.new(5.960464477539063e-08, 9.313225746154785e-10, 0, 0.9534240961074829, 0.22185100615024567, 0.20436401665210724, -0.18170325458049774, 0.9632253646850586, -0.19794194400310516, -0.24076220393180847, 0.1515890210866928, 0.9586732387542725),
            ["LeftLowerLeg"] = CFrame.new(8.381903171539307e-08, 0.000009298324584960938, 0.000025101006031036377, 1, 1.0430811414607888e-07, 9.685753354915505e-08, -9.313225746154785e-08, 0.3817993104457855, 0.9242451786994934, 6.332993507385254e-08, -0.9242452383041382, 0.3817993700504303)
        }},
        [9] = {Time = 0.320, Data = {
            ["RightFoot"] = CFrame.new(-3.771856427192688e-08, 3.5762786865234375e-07, 5.4780684877187014e-08, 0.9992547035217285, -0.024287598207592964, 0.03000587597489357, 0.026643387973308563, 0.996375560760498, -0.08078372478485107, -0.027935074642300606, 0.08152341842651367, 0.9962798953056335),
            ["LeftLowerArm"] = CFrame.new(3.2782554626464844e-07, -5.960464477539063e-08, -2.8870999813079834e-08, 1, -9.775974518788644e-08, 8.690401642752477e-08, 8.614733815193176e-08, -1.3434325296657335e-07, -1, 8.763163350522518e-08, 1, -1.3411042232291948e-07),
            ["RightUpperArm"] = CFrame.new(-0.42882972955703735, -0.6947161555290222, -0.2911003828048706, -0.038146644830703735, -0.013886360451579094, 0.9991757273674011, 0.9978206157684326, -0.054405126720666885, 0.03733885660767555, 0.05384182929992676, 0.998422384262085, 0.015931522473692894),
            ["Head"] = CFrame.new(6.737536750733852e-09, 1.1920928955078125e-07, -1.4551915228366852e-09, 1, 5.820766091346741e-11, 1.4435498130183078e-08, -1.1132215149700642e-09, 0.9961947798728943, -0.08715574443340302, -1.4901161193847656e-08, 0.08715575188398361, 0.9961947202682495),
            ["RightHand"] = CFrame.new(9.685754776000977e-08, 0, 7.82310962677002e-08, 1, -4.132743924856186e-09, 6.402842145369902e-10, -5.6461431086063385e-09, 1, -2.3283061589829401e-10, 4.6566128730773926e-09, 4.656612873077393e-10, 1),
            ["UpperTorso"] = CFrame.new(3.259629011154175e-09, 1.7881393432617188e-07, 0, 0.9999627470970154, 0.007463239133358002, 0.004349171184003353, -0.007537171244621277, 0.9998229742050171, 0.01723911240696907, -0.004219741094857454, -0.017271248623728752, 0.9998420476913452),
            ["HumanoidRootPart"] = CFrame.new(0, 0, 0, 1, 0, 0, 0, 1, 0, 0, 0, 1),
            ["RightUpperLeg"] = CFrame.new(5.960464477539063e-08, 2.384185791015625e-07, 0, 0.9951444268226624, -0.015531675890088081, -0.09719252586364746, -0.09838038682937622, -0.18692547082901, -0.9774355292320251, -0.002986547304317355, 0.9822513461112976, -0.18754594027996063),
            ["LeftUpperArm"] = CFrame.new(0.375945508480072, -0.8418842554092407, -0.2608976662158966, 0.03814703971147537, -0.013886557891964912, -0.9991756677627563, -0.9978206157684326, -0.054405245929956436, -0.0373392254114151, -0.053841836750507355, 0.998422384262085, -0.0159317459911108),
            ["RightLowerArm"] = CFrame.new(-3.8743019104003906e-07, 0, 2.7939677238464355e-09, 1, -9.452922711261635e-08, 8.934875239674511e-08, 8.64383764564991e-08, -1.3387760589012032e-07, -1, 9.630457498133183e-08, 1, -1.341104365337742e-07),
            ["LeftHand"] = CFrame.new(2.9942020773887634e-07, 0, 3.0209776014089584e-08, 1, 5.587935447692871e-09, 2.0954755708402217e-09, 2.9685907065868378e-09, 1, 2.3515891456327154e-08, 9.89530235528946e-10, 2.3283064365386963e-10, 1),
            ["LeftFoot"] = CFrame.new(2.60770320892334e-08, 5.960464477539063e-08, -1.4901161193847656e-08, 0.9438291192054749, -0.014970323070883751, -0.3300948739051819, -0.1943446844816208, 0.7827724814414978, -0.5911827683448792, 0.2672394812107086, 0.6221280097961426, 0.7358943223953247),
            ["LowerTorso"] = CFrame.new(0.022062696516513824, -0.5139670372009277, 0, 0.9981980919837952, -0.06000657379627228, 0, 0.06000657379627228, 0.9981980919837952, 0, 0, 0, 1),
            ["RightLowerLeg"] = CFrame.new(2.7706846594810486e-08, -0.000008881092071533203, -0.000025099310732912272, 1, -1.511071019422161e-07, -7.019847458877848e-08, 1.5157274901866913e-07, 0.6425156593322754, 0.7662720084190369, -8.09086486697197e-08, -0.7662726640701294, 0.6425162553787231),
            ["LeftUpperLeg"] = CFrame.new(-5.960464477539063e-08, 1.8440186977386475e-07, 0, 0.931446373462677, 0.30289793014526367, 0.201644629240036, -0.23432718217372894, 0.9232575297355652, -0.304444283246994, -0.2783854603767395, 0.23632276058197021, 0.9309420585632324),
            ["LeftLowerLeg"] = CFrame.new(-8.940696716308594e-08, 0.000009655952453613281, 0.000025063753128051758, 1, 6.705522537231445e-08, 5.960465898624534e-08, -6.705522537231445e-08, 0.09780357778072357, 0.9952057600021362, 3.725290298461914e-08, -0.9952057600021362, 0.09780348092317581)
        }},
        [10] = {Time = 0.360, Data = {
            ["RightFoot"] = CFrame.new(-3.3993273973464966e-08, 4.172325134277344e-07, -4.0214217733591795e-08, 0.9999856352806091, -0.003007679944857955, 0.004449224565178156, 0.0024802887346595526, 0.9934639930725098, 0.11411987990140915, -0.004763368982821703, -0.11410675942897797, 0.9934570789337158),
            ["LeftLowerArm"] = CFrame.new(1.4901161193847656e-07, 0, 9.313225746154785e-09, 1, -9.650828758367425e-08, 9.103676745780831e-08, 8.544884622097015e-08, -1.3271345267185097e-07, -1, 8.987262845039368e-08, 1, -1.3224779138454323e-07),
            ["RightUpperArm"] = CFrame.new(-0.38263100385665894, -0.7010096311569214, -0.2774372696876526, -0.04059278219938278, -0.03146987408399582, 0.9986801743507385, 0.9981328248977661, -0.046933602541685104, 0.039091698825359344, 0.04564155265688896, 0.9984022378921509, 0.03331639617681503),
            ["Head"] = CFrame.new(-5.366018740460277e-10, 0, 1.7171259969472885e-09, 0.9968485236167908, 0.05609307438135147, 0.05609451234340668, -0.0510367713868618, 0.9948269724845886, -0.08783342689275742, -0.06073117256164551, 0.08469372987747192, 0.9945546388626099),
            ["RightHand"] = CFrame.new(1.862645149230957e-08, -1.1920928955078125e-07, -6.28642737865448e-08, 1, 4.6566133171666024e-09, 2.3283067140944524e-10, -1.1641532182693481e-08, 1, -2.3283066585833012e-09, -2.3283064365386963e-10, 9.31322685637781e-10, 1),
            ["UpperTorso"] = CFrame.new(-1.1175870895385742e-08, 1.1920928955078125e-07, 0, 0.999190628528595, -0.04015617072582245, 0.0023970482870936394, 0.04014415666460991, 0.9991820454597473, 0.004867140669375658, -0.0025905335787683725, -0.004766973201185465, 0.9999852776527405),
            ["HumanoidRootPart"] = CFrame.new(0, 0, 0, 1, 0, 0, 0, 1, 0, 0, 0, 1),
