return {
    ["TF2 Sniper"] = {
        [1] = {Time = 0.000, Data = {
            ["RightFoot"] = CFrame.new(-7.450580596923828e-08, 2.980232238769531e-07, 1.6596459317952394e-08, 0.999725878238678, 0.012246154248714447, 0.019957851618528366, -0.007718183565884829, 0.977043867111206, -0.21289829909801483, -0.022106874734163284, 0.21268606185913086, 0.976870596408844),
            ["LeftLowerArm"] = CFrame.new(8.940696716308594e-08, 1.1920928955078125e-07, -2.384185791015625e-07, 1, -8.195639367158947e-08, 5.587935447692871e-08, 5.960465188081798e-08, 0.31748905777931213, -0.9482619166374207, 8.195639367158947e-08, 0.9482620358467102, 0.3174891173839569),
            ["RightUpperArm"] = CFrame.new(-0.008828699588775635, -0.4342923164367676, -0.04545757174491882, 0.11160224676132202, -0.1702239066362381, 0.9790652394294739, 0.926876425743103, 0.37314510345458984, -0.040776923298835754, -0.35839223861694336, 0.9120233654975891, 0.19942037761211395),
            ["Head"] = CFrame.new(0, 0, 0, 1, 0, 0, 0, 1, 0, 0, 0, 1),
            ["RightHand"] = CFrame.new(3.166496753692627e-07, 0, -2.9802322387695312e-08, 0.9443889260292053, 0.32883068919181824, 2.9802318834981634e-08, -0.30730295181274414, 0.8825619220733643, 0.35587847232818604, 0.11702375113964081, -0.3360876142978668, 0.9345322251319885),
            ["UpperTorso"] = CFrame.new(0, 2.086162567138672e-07, 0, 0.9961947202682495, 0.08715573698282242, 0, -0.08715573698282242, 0.9961947202682495, 0, 0, 0, 1),
            ["HumanoidRootPart"] = CFrame.new(0, 0, 0, 1, 0, 0, 0, 1, 0, 0, 0, 1),
            ["RightUpperLeg"] = CFrame.new(0, 1.0058283805847168e-07, 0, 0.9751704335212708, 0.015247086063027382, -0.2209300547838211, -0.06041659414768219, 0.9781002402305603, -0.1991731971502304, 0.21305488049983978, 0.20757552981376648, 0.9547355771064758),
            ["LeftUpperArm"] = CFrame.new(0.10126841068267822, -0.012375354766845703, 0.022434288635849953, 0.9694536924362183, 0.2426881194114685, -0.035525787621736526, -0.1184704601764679, 0.5901443362236023, 0.7985577583312988, 0.21476580202579498, -0.7699559926986694, 0.6008689403533936),
            ["RightLowerArm"] = CFrame.new(1.7881393432617188e-07, -1.1920928955078125e-07, 1.1175870895385742e-07, 1, -9.685753354915505e-08, 1.1920927533992653e-07, 5.215405707303944e-08, 0.25881901383399963, -0.9659258127212524, 6.70552182668871e-08, 0.9659258127212524, 0.25881901383399963),
            ["LeftHand"] = CFrame.new(-1.1548399925231934e-07, 1.7881393432617188e-07, -3.725290298461914e-08, 0.9999992251396179, -0.00018763360276352614, -0.0012107640504837036, -0.00018769130110740662, 0.9530813694000244, -0.3027142286300659, 0.001210734248161316, 0.3027142882347107, 0.9530805945396423),
            ["LeftFoot"] = CFrame.new(6.05359673500061e-08, -5.960464477539063e-08, 2.0634615793824196e-08, 0.9962912201881409, -0.0854104682803154, 0.010443020612001419, 0.08604543656110764, 0.9895175695419312, -0.11597978323698044, -0.00042766262777149677, 0.11644812673330307, 0.9931967258453369),
            ["LowerTorso"] = CFrame.new(0.10000000149011612, -0.5, 0, 0.9961947202682495, -0.08715573698282242, 0, 0.08715573698282242, 0.9961947202682495, 0, 0, 0, 1),
            ["RightLowerLeg"] = CFrame.new(-3.166496753692627e-08, -0.000005304813385009766, -0.00001700052962405607, 1, -9.499488129449674e-08, -8.940698847936801e-08, 1.3783574104309082e-07, 0.3316230773925781, 0.9434118270874023, -1.0663643479347229e-07, -0.9434119462966919, 0.33162349462509155),
            ["LeftUpperLeg"] = CFrame.new(0, 2.4959444999694824e-07, 0, 0.9915898442268372, 0.09535893052816391, -0.08750074356794357, -0.09723567217588425, 0.1027383953332901, -0.9899445176124573, -0.08541036397218704, 0.9901270270347595, 0.11114662140607834),
            ["LeftLowerLeg"] = CFrame.new(-1.3969838619232178e-08, 0.000005304813385009766, 0.000016955251339823008, 1, 5.820765536235228e-10, -5.820765536235228e-10, -4.6566128730773926e-09, 0.9999856948852539, 0.005355924367904663, -1.862645149230957e-09, -0.005355836357921362, 0.9999856948852539)
        }},
        [2] = {Time = 0.040, Data = {
            ["RightFoot"] = CFrame.new(1.257285475730896e-08, 4.172325134277344e-07, -6.535992724820971e-08, 0.9997256994247437, 0.01373390480875969, 0.018972022458910942, -0.009837983176112175, 0.9813475608825684, -0.19198991358280182, -0.02125490829348564, 0.19175076484680176, 0.9812135696411133),
            ["LeftLowerArm"] = CFrame.new(0, 2.384185791015625e-07, -5.21540641784668e-08, 1, -6.705523247774181e-08, 3.166497108963995e-08, 5.960464477539063e-08, 0.5112330913543701, -0.8594422340393066, 3.725290298461914e-08, 0.8594421744346619, 0.5112330913543701),
            ["RightUpperArm"] = CFrame.new(-0.008828818798065186, -0.4342922568321228, -0.04545757174491882, 0.11570718139410019, -0.2061176598072052, 0.9716622233390808, 0.9111437797546387, 0.41154298186302185, -0.021200286224484444, -0.3955110013484955, 0.8877769112586975, 0.23542137444019318),
            ["Head"] = CFrame.new(-1.9568915377021767e-09, 0, 0, 1, 0, 0, 0, 1, 0, 0, 0, 1),
            ["RightHand"] = CFrame.new(4.991888999938965e-07, -5.960464477539063e-08, -3.725290298461914e-09, 0.9818705916404724, 0.18651634454727173, -0.03379092738032341, -0.16932733356952667, 0.9431796669960022, 0.28590264916419983, 0.08519632369279861, -0.2749977111816406, 0.95766282081604),
            ["UpperTorso"] = CFrame.new(-2.2351741790771484e-08, 0, 0, 0.9966979622840881, 0.08119843155145645, 0, -0.08119843155145645, 0.9966979622840881, 0, 0, 0, 1),
            ["HumanoidRootPart"] = CFrame.new(0, 0, 0, 1, 0, 0, 0, 1, 0, 0, 0, 1),
            ["RightUpperLeg"] = CFrame.new(-5.960464477539063e-08, 2.3096799850463867e-07, 0, 0.9770616292953491, 0.016415448859333992, -0.21232321858406067, -0.05740638077259064, 0.9804186820983887, -0.18837116658687592, 0.20507347583770752, 0.19623883068561554, 0.9588718414306641),
            ["LeftUpperArm"] = CFrame.new(0.09088748693466187, -0.03247356414794922, 0.01676091179251671, 0.9528331756591797, 0.29706865549087524, -0.062122736126184464, -0.15580248832702637, 0.6544514298439026, 0.7398776412010193, 0.2604507505893707, -0.6953010559082031, 0.6698670387268066),
            ["RightLowerArm"] = CFrame.new(3.5762786865234375e-07, 5.960464477539063e-08, 7.450580596923828e-08, 1, -8.568168397005138e-08, 8.195639367158947e-08, 1.0989607801548118e-07, 0.2159263789653778, -0.9764097332954407, 7.078052277620372e-08, 0.9764097332954407, 0.2159263640642166),
            ["LeftHand"] = CFrame.new(5.21540641784668e-08, 1.1920928955078125e-07, -1.4901161193847656e-08, 0.9999944567680359, -0.0033104983158409595, -0.0005085467710159719, 0.0031015691347420216, 0.9725926518440247, -0.2324949949979782, 0.0012643133522942662, 0.23249223828315735, 0.9725974798202515),
            ["LeftFoot"] = CFrame.new(3.585591912269592e-08, 1.7881393432617188e-07, 1.2014061212539673e-07, 0.9960972666740417, -0.0880851075053215, -0.0055873035453259945, 0.08821890503168106, 0.9955928921699524, 0.03181730583310127, 0.0027600538451224566, -0.03218602389097214, 0.9994781017303467),
            ["LowerTorso"] = CFrame.new(0.0977933406829834, -0.47806692123413086, 0, 0.9966979622840881, -0.08119815587997437, 0, 0.08119815587997437, 0.9966979622840881, 0, 0, 0, 1),
            ["RightLowerLeg"] = CFrame.new(1.30385160446167e-08, -0.000005304813385009766, -0.00001707503543002531, 1, -2.663582279183174e-07, -1.6577546091411932e-07, 2.775341272354126e-07, 0.36374929547309875, 0.9314967393875122, -2.2957101464271545e-07, -0.9314968585968018, 0.3637496829032898),
            ["LeftUpperLeg"] = CFrame.new(2.9802322387695312e-08, 1.5273690223693848e-07, 0, 0.9919970035552979, 0.1062268614768982, -0.06824904680252075, -0.08486729860305786, 0.16075143218040466, -0.9833395481109619, -0.09348593652248383, 0.9812618494033813, 0.16848012804985046),
            ["LeftLowerLeg"] = CFrame.new(4.377216100692749e-08, 0.000005543231964111328, 0.000017166603356599808, 1, -4.0745362639427185e-10, -1.862645371275562e-09, 1.3620594430108213e-08, 0.9999859929084778, 0.005305936560034752, -4.656613428188905e-10, -0.00530596636235714, 0.9999859929084778)
        }},
        [3] = {Time = 0.080, Data = {
            ["RightFoot"] = CFrame.new(6.05359673500061e-09, 3.5762786865234375e-07, 1.6596459317952394e-08, 0.9993440508842468, 0.020480459555983543, 0.029869452118873596, -0.02080281637609005, 0.999728262424469, 0.010519197210669518, -0.02964583784341812, -0.011133722960948944, 0.9994985461235046),
            ["LeftLowerArm"] = CFrame.new(0, -2.384185791015625e-07, -1.6391277313232422e-07, 1, -6.519258732851085e-08, 1.932494342327118e-08, 8.940696716308594e-08, 0.8100910186767578, -0.586304247379303, 0, 0.586304247379303, 0.8100910186767578),
            ["RightUpperArm"] = CFrame.new(-0.008828938007354736, -0.4342923164367676, -0.04545757174491882, 0.15089617669582367, -0.2786875069141388, 0.9484533667564392, 0.8614170551300049, 0.5077529549598694, 0.012145877815783024, -0.48496484756469727, 0.8151811361312866, 0.31668415665626526),
            ["Head"] = CFrame.new(-2.7054625206801575e-09, 0, 0, 1, 0, 0, 0, 1, 0, 0, 0, 1),
            ["RightHand"] = CFrame.new(3.8743019104003906e-07, 0, 0, 0.9932841062545776, -0.09673018008470535, -0.06348275393247604, 0.10473085194826126, 0.9848814606666565, 0.13798579573631287, 0.049175649881362915, -0.1437077671289444, 0.9883976578712463),
            ["UpperTorso"] = CFrame.new(-1.4901161193847656e-08, -1.1920928955078125e-07, 0, 0.9978713989257812, 0.06521229445934296, 0, -0.06521229445934296, 0.9978713989257812, 0, 0, 0, 1),
            ["HumanoidRootPart"] = CFrame.new(0, 0, 0, 1, 0, 0, 0, 1, 0, 0, 0, 1),
            ["RightUpperLeg"] = CFrame.new(1.1920928955078125e-07, -8.195638656616211e-08, 0, 0.9805711507797241, 0.02991586923599243, -0.1938696801662445, -0.03840450197458267, 0.9984543919563293, -0.040175117552280426, 0.19236813485622406, 0.04683990776538849, 0.9802044034004211),
            ["LeftUpperArm"] = CFrame.new(0.06918191909790039, -0.06979870796203613, 0.002845708280801773, 0.9077348113059998, 0.39450687170028687, -0.14276525378227234, -0.24635319411754608, 0.7766494750976562, 0.579763650894165, 0.33959925174713135, -0.4911009669303894, 0.8021796345710754),
            ["RightLowerArm"] = CFrame.new(-1.1920928955078125e-07, 0, 4.0978193283081055e-08, 1, -6.705523247774181e-08, 7.823110337312755e-08, 4.470348358154297e-08, 0.13514210283756256, -0.9908263087272644, 9.592622518539429e-08, 0.9908263087272644, 0.13514208793640137),
            ["LeftHand"] = CFrame.new(-2.9802322387695312e-08, -1.7881393432617188e-07, 6.332993507385254e-08, 0.999664843082428, -0.025865748524665833, 0.0011277309386059642, 0.025866074487566948, 0.99589604139328, -0.08672992885112762, 0.0011202484602108598, 0.08673006296157837, 0.9962312579154968),
            ["LeftFoot"] = CFrame.new(-3.026798367500305e-08, 5.960464477539063e-08, 5.587935447692871e-08, 0.9966651201248169, -0.07288627326488495, -0.03669113293290138, 0.07575464248657227, 0.9935781955718994, 0.08404595404863358, 0.030329763889312744, -0.08654490113258362, 0.9957861304283142),
            ["LowerTorso"] = CFrame.new(0.08001510798931122, -0.2980309724807739, 0, 0.9978713989257812, -0.06521254032850266, 0, 0.06521254032850266, 0.9978713989257812, 0, 0, 0, 1),
            ["RightLowerLeg"] = CFrame.new(-7.82310962677002e-08, -0.000005125999450683594, -0.000017007980204652995, 1, -1.0058283805847168e-07, -1.6763804566721774e-08, 1.0151416063308716e-07, 0.6774519085884094, 0.7355667948722839, -1.7695128917694092e-08, -0.7355671525001526, 0.6774522662162781),
            ["LeftUpperLeg"] = CFrame.new(0, 3.91155481338501e-08, 0, 0.9913191199302673, 0.11983183771371841, -0.054098889231681824, -0.0676078349351883, 0.11169955134391785, -0.9914396405220032, -0.11276319622993469, 0.9864906072616577, 0.11883147060871124),
            ["LeftLowerLeg"] = CFrame.new(1.862645149230957e-09, 0.0000054836273193359375, 0.000017209909856319427, 1, 5.4249539971351624e-08, 1.88592803596066e-08, -4.828324762229386e-08, 0.8155666589736938, 0.5786630511283875, 1.8160788428644992e-08, -0.5786631107330322, 0.8155667185783386)
        }},
        [4] = {Time = 0.120, Data = {
            ["RightFoot"] = CFrame.new(-1.7695128917694092e-08, 2.980232238769531e-07, -2.8107024263590574e-08, 0.9989699125289917, 0.02287985570728779, 0.039188988506793976, -0.037127260118722916, 0.9086443781852722, 0.41591697931289673, -0.026092708110809326, -0.4169435203075409, 0.9085578322410583),
            ["LeftLowerArm"] = CFrame.new(-1.1920928955078125e-07, -1.1920928955078125e-07, 3.725290298461914e-08, 1, -1.1175870895385742e-08, 5.314359441399574e-08, -7.450580596923828e-09, 0.9169336557388306, -0.3990396559238434, -1.4901161193847656e-08, 0.3990396559238434, 0.9169336557388306),
            ["RightUpperArm"] = CFrame.new(-0.008828818798065186, -0.43429213762283325, -0.04545757174491882, 0.24562136828899384, -0.32793501019477844, 0.9122109413146973, 0.7718125581741333, 0.6355148553848267, 0.020646434277296066, -0.5864943861961365, 0.6989846229553223, 0.40920037031173706),
            ["Head"] = CFrame.new(1.2289547157706693e-09, 0, 0, 1, 0, 0, 0, 1, 0, 0, 0, 1),
            ["RightHand"] = CFrame.new(1.4901161193847656e-08, 1.1920928955078125e-07, -5.960464477539063e-08, 0.9676274061203003, -0.24678543210029602, -0.0528610423207283, 0.24948915839195251, 0.9669433832168579, 0.052684370428323746, 0.03811189904808998, -0.06416703760623932, 0.997211217880249),
            ["UpperTorso"] = CFrame.new(-5.587935447692871e-09, 0, 0, 0.9991165399551392, 0.042025282979011536, 0, -0.042025282979011536, 0.9991165399551392, 0, 0, 0, 1),
            ["HumanoidRootPart"] = CFrame.new(0, 0, 0, 1, 0, 0, 0, 1, 0, 0, 0, 1),
            ["RightUpperLeg"] = CFrame.new(0, -1.9744038581848145e-07, 0, 0.983875572681427, 0.05793851613998413, -0.16920989751815796, -0.022403299808502197, 0.9785482287406921, 0.2047962099313736, 0.177445650100708, -0.19770324230194092, 0.9640676975250244),
            ["LeftUpperArm"] = CFrame.new(0.050307512283325195, -0.08989715576171875, -0.014653942547738552, 0.864264965057373, 0.4380539059638977, -0.2472953200340271, -0.33185911178588867, 0.8659607768058777, 0.37414100766181946, 0.3780420124530792, -0.24128973484039307, 0.8937917351722717),
            ["RightLowerArm"] = CFrame.new(0, -2.384185791015625e-07, -9.685754776000977e-08, 1, -9.313225746154785e-08, 8.195638656616211e-08, 1.6391277313232422e-07, 0.09127034991979599, -0.995826244354248, 1.0803341865539551e-07, 0.995826244354248, 0.09127035737037659),
            ["LeftHand"] = CFrame.new(-3.725290298461914e-09, 2.384185791015625e-07, -1.0337680578231812e-07, 0.9961946606636047, -0.08715719729661942, 0.00010839337483048439, 0.08712220937013626, 0.9958288073539734, 0.027108654379844666, -0.002470603911206126, -0.026996035128831863, 0.9996325373649597),
            ["LeftFoot"] = CFrame.new(-2.514570951461792e-08, -1.7881393432617188e-07, 1.4901161193847656e-08, 0.9983773827552795, -0.029762769117951393, -0.04854796081781387, 0.03723587095737457, 0.9862306714057922, 0.16112926602363586, 0.04308382049202919, -0.16267570853233337, 0.9857386350631714),
            ["LowerTorso"] = CFrame.new(0.04666274040937424, -0.03261089324951172, 0, 0.9991165399551392, -0.04202558472752571, 0, 0.04202558472752571, 0.9991165399551392, 0, 0, 0, 1),
            ["RightLowerLeg"] = CFrame.new(5.029141902923584e-08, -0.000005424022674560547, -0.000017030331946443766, 1, -2.7939684343891713e-08, 1.2107191693644381e-08, 1.6763806343078613e-08, 0.9946610927581787, 0.10319622606039047, 4.6566128730773926e-09, -0.10319643467664719, 0.9946610331535339),
            ["LeftUpperLeg"] = CFrame.new(0, -2.3283064365386963e-07, 0, 0.9887664318084717, 0.14938870072364807, -0.004899155348539352, -0.060611411929130554, 0.3707796335220337, -0.9267409443855286, -0.13662810623645782, 0.9166272282600403, 0.37566909193992615),
            ["LeftLowerLeg"] = CFrame.new(-5.587935447692871e-08, 0.0000054836273193359375, 0.00001696869730949402, 1, 2.9802322387695312e-08, 1.2456437659125186e-08, -5.029141902923584e-08, 0.45004943013191223, 0.8930037617683411, 9.313225746154785e-09, -0.8930037021636963, 0.45004919171333313)
        }},
        [5] = {Time = 0.160, Data = {
            ["RightFoot"] = CFrame.new(1.1525116860866547e-08, 2.980232238769531e-07, -2.2519088815897703e-08, 0.9988430142402649, 0.016653627157211304, 0.04511414095759392, -0.03149215504527092, 0.9355029463768005, 0.35191261768341064, -0.036343809217214584, -0.3529261648654938, 0.9349450469017029),
            ["LeftLowerArm"] = CFrame.new(1.1920928955078125e-07, 0, -1.043081283569336e-07, 1, -1.4901161193847656e-08, -5.21540641784668e-08, 5.4016702222270396e-08, 0.9097558259963989, -0.41514378786087036, -2.2351738238057806e-08, 0.41514381766319275, 0.9097558259963989),
            ["RightUpperArm"] = CFrame.new(-0.013363480567932129, -0.3713033199310303, -0.04921989142894745, 0.4412442743778229, -0.3112262189388275, 0.841689944267273, 0.6308784484863281, 0.7746156454086304, -0.04430467262864113, -0.6381973028182983, 0.5505532026290894, 0.5381406545639038),
            ["Head"] = CFrame.new(1.0551559626037488e-10, -2.384185791015625e-07, 0, 1, 0, 0, 0, 1, 0, 0, 0, 1),
            ["RightHand"] = CFrame.new(1.4901161193847656e-07, 0, -1.4901161193847656e-07, 0.9742851257324219, -0.22278164327144623, -0.03371860086917877, 0.22425341606140137, 0.9732946753501892, 0.049072153866291046, 0.021885693073272705, -0.05537175014615059, 0.9982259273529053),
            ["UpperTorso"] = CFrame.new(0, 5.960464477539063e-08, 0, 0.9998949766159058, 0.014492973685264587, 0, -0.014492973685264587, 0.9998949766159058, 0, 0, 0, 1),
            ["HumanoidRootPart"] = CFrame.new(0, 0, 0, 1, 0, 0, 0, 1, 0, 0, 0, 1),
            ["RightUpperLeg"] = CFrame.new(0, 3.259629011154175e-09, 0, 0.9861873984336853, -0.025836287066340446, -0.16360579431056976, -0.017290234565734863, 0.9663047790527344, -0.2568194568157196, 0.1647283285856247, 0.25610077381134033, 0.9525108337402344),
            ["LeftUpperArm"] = CFrame.new(0.04381173849105835, -0.08426833152770996, -0.03213600814342499, 0.8513672947883606, 0.42223119735717773, -0.3112791180610657, -0.3693898618221283, 0.9038808345794678, 0.2157558798789978, 0.3724581003189087, -0.06870416551828384, 0.925502359867096),
            ["RightLowerArm"] = CFrame.new(5.960464477539063e-08, -3.5762786865234375e-07, -1.043081283569336e-07, 1, -1.341104507446289e-07, 1.1920928955078125e-07, 1.0430811414607888e-07, 0.2388225495815277, -0.9710632562637329, 7.636844401304188e-08, 0.9710633158683777, 0.2388225495815277),
            ["LeftHand"] = CFrame.new(-7.450580596923828e-08, 0, -8.568167686462402e-08, 0.9766814112663269, -0.21469241380691528, -0.0007837602170184255, 0.21422722935676575, 0.974311888217926, 0.0694495141506195, -0.014146612957119942, -0.06799797713756561, 0.9975852370262146),
            ["LeftFoot"] = CFrame.new(-3.3527612686157227e-08, 0, 0, 0.9991817474365234, -0.0035330774262547493, -0.040292948484420776, 0.016942894086241722, 0.9411278367042542, 0.3376263380050659, 0.03672788664698601, -0.3380325734615326, 0.940417468547821),
            ["LowerTorso"] = CFrame.new(0.00784978736191988, 0.10355877876281738, 0, 0.9998949766159058, -0.01449299044907093, 0, 0.01449299044907093, 0.9998949766159058, 0, 0, 0, 1),
            ["RightLowerLeg"] = CFrame.new(-7.543712854385376e-08, -0.0000050067901611328125, -0.00001700052962405607, 1, -1.1874364247432823e-07, -2.0489098417897367e-08, 1.1641533603778953e-07, 0.8713151812553406, 0.4907234013080597, -5.84987063234621e-08, -0.4907238185405731, 0.8713155388832092),
            ["LeftUpperLeg"] = CFrame.new(0, 3.9068982005119324e-07, 0, 0.9851272106170654, 0.12860485911369324, 0.11395261436700821, -0.058431774377822876, 0.8743962049484253, -0.4816814959049225, -0.16158628463745117, 0.46785905957221985, 0.8689060807228088),
            ["LeftLowerLeg"] = CFrame.new(0, 0.000005304813385009766, 0.000017017126083374023, 1, 3.282912075519562e-08, 1.0244547432591844e-08, -2.60770320892334e-08, 0.7348979711532593, 0.6781776547431946, -1.1175870895385742e-08, -0.6781777739524841, 0.7348981499671936)
        }},
        [6] = {Time = 0.200, Data = {
            ["RightFoot"] = CFrame.new(1.4901161193847656e-08, 3.5762786865234375e-07, -1.6931153368204832e-08, 0.9988802671432495, 0.006722715217620134, 0.04683136194944382, -0.02026676945388317, 0.9552356004714966, 0.2951514720916748, -0.042750779539346695, -0.29576998949050903, 0.9543021321296692),
            ["LeftLowerArm"] = CFrame.new(5.960464477539063e-08, -1.1920928955078125e-07, -1.1920928955078125e-07, 1, -2.980232594040899e-08, 2.980232594040899e-08, -1.30385160446167e-08, 0.8650023937225342, -0.5017679333686829, 4.0978193283081055e-08, 0.5017679333686829, 0.8650023341178894),
            ["RightUpperArm"] = CFrame.new(-0.024799585342407227, -0.23171985149383545, -0.057496506720781326, 0.6920393705368042, -0.23764300346374512, 0.6816211342811584, 0.42171043157577515, 0.8994640111923218, -0.11456351727247238, -0.5858684778213501, 0.36672917008399963, 0.7226810455322266),
            ["Head"] = CFrame.new(8.454890121356584e-10, 0, 0, 1, 0, 0, 0, 1, 0, 0, 0, 1),
            ["RightHand"] = CFrame.new(0, -5.960464477539063e-08, -2.9802322387695312e-08, 0.9865670204162598, -0.1631043255329132, -0.009082332253456116, 0.16335298120975494, 0.9854069948196411, 0.04784243553876877, 0.0011464767158031464, -0.04868343472480774, 0.9988136291503906),
            ["UpperTorso"] = CFrame.new(-3.725290298461914e-09, 1.7881393432617188e-07, 0, 0.9998949766159058, -0.014493023976683617, 0, 0.014493023976683617, 0.9998949766159058, 0, 0, 0, 1),
            ["HumanoidRootPart"] = CFrame.new(0, 0, 0, 1, 0, 0, 0, 1, 0, 0, 0, 1),
            ["RightUpperLeg"] = CFrame.new(0, 8.66129994392395e-08, 0, 0.9886248111724854, -0.09912312030792236, -0.11311764270067215, -0.024038610979914665, 0.6382929682731628, -0.7694181799888611, 0.14846932888031006, 0.763384997844696, 0.6286494731903076),
            ["LeftUpperArm"] = CFrame.new(0.040808796882629395, -0.07381510734558105, -0.050219837576150894, 0.8398116827011108, 0.40435540676116943, -0.3622334897518158, -0.3817856013774872, 0.9142726063728333, 0.1354457437992096, 0.3859483003616333, 0.024546604603528976, 0.9221937656402588),
            ["RightLowerArm"] = CFrame.new(-5.960464477539063e-08, 0, 1.7881393432617188e-07, 1, -1.043081283569336e-07, 8.195638656616211e-08, 1.341104507446289e-07, 0.5679750442504883, -0.8230458498001099, 4.470348358154297e-08, 0.8230457901954651, 0.5679749846458435),
            ["LeftHand"] = CFrame.new(-1.7881393432617188e-07, -5.960464477539063e-08, 5.960464477539063e-08, 0.9340382218360901, -0.35717305541038513, -0.00023157897521741688, 0.35588502883911133, 0.930614709854126, 0.08545242995023727, -0.0303058959543705, -0.07989824563264847, 0.9963422417640686),
            ["LeftFoot"] = CFrame.new(2.7939677238464355e-08, 5.960464477539063e-08, 3.725290298461914e-08, 0.9990029335021973, 0.015971671789884567, -0.04169158637523651, 0.008664152584969997, 0.8467149138450623, 0.5319762825965881, 0.04379741847515106, -0.5318070650100708, 0.8457322716712952),
            ["LowerTorso"] = CFrame.new(-0.02779594250023365, 0.04079151153564453, 0, 0.9998949766159058, 0.014492591843008995, 0, -0.014492591843008995, 0.9998949766159058, 0, 0, 0, 1),
            ["RightLowerLeg"] = CFrame.new(-3.3527612686157227e-08, -0.0000050067901611328125, -0.00001703778252704069, 1, -1.7881390590446244e-07, -5.91389976989376e-08, 1.5273688802608376e-07, 0.5770023465156555, 0.8167422413825989, -1.0058282384761696e-07, -0.816742479801178, 0.5770028233528137),
            ["LeftUpperLeg"] = CFrame.new(0, 3.3574178814888e-07, 0, 0.9789232015609741, 0.02137085050344467, 0.20310750603675842, -0.06047020107507706, 0.9802464842796326, 0.18830904364585876, -0.19507110118865967, -0.19662204384803772, 0.9608782529830933),
            ["LeftLowerLeg"] = CFrame.new(4.0978193283081055e-08, 0.000005424022674560547, 0.000016979873180389404, 1, 2.2351747119842003e-08, -2.328306969445748e-08, -2.2351745343485163e-08, 0.9999864101409912, 0.005221494007855654, 2.51457130673316e-08, -0.005221456289291382, 0.999986469745636)
        }},
        [7] = {Time = 0.240, Data = {
            ["RightFoot"] = CFrame.new(2.2351741790771484e-08, 1.7881393432617188e-07, 3.149762051180005e-08, 0.9986125230789185, -0.003026805119588971, 0.052574269473552704, -0.014857320114970207, 0.9415967464447021, 0.33641505241394043, -0.050522059202194214, -0.3367289900779724, 0.9402451515197754),
            ["LeftLowerArm"] = CFrame.new(2.9802322387695312e-08, -5.960464477539063e-08, 8.940696716308594e-08, 1, -1.1175872671742582e-08, 1.4901161193847656e-08, 1.4901161193847656e-08, 0.7110261917114258, -0.7031656503677368, 7.450580596923828e-09, 0.703165590763092, 0.7110260725021362),
            ["RightUpperArm"] = CFrame.new(-0.03988677263259888, -0.08959698677062988, -0.0657731145620346, 0.8848523497581482, -0.1476271152496338, 0.4418625831604004, 0.19535653293132782, 0.9786254167556763, -0.0642508715391159, -0.42293277382850647, 0.14317327737808228, 0.8947789072990417),
            ["Head"] = CFrame.new(-7.513847322115907e-10, 0, 0, 1, 0, 0, 0, 1, 0, 0, 0, 1),
            ["RightHand"] = CFrame.new(1.4901161193847656e-07, -2.384185791015625e-07, 0, 0.9962647557258606, -0.08462759852409363, 0.017169179394841194, 0.08374854177236557, 0.9953917264938354, 0.046706970781087875, -0.021042751148343086, -0.04509454220533371, 0.9987611174583435),
            ["UpperTorso"] = CFrame.new(3.725290298461914e-09, 2.9802322387695312e-08, 0, 0.9991165399551392, -0.04202533885836601, 0, 0.04202533885836601, 0.9991165399551392, 0, 0, 0, 1),
            ["HumanoidRootPart"] = CFrame.new(0, 0, 0, 1, 0, 0, 0, 1, 0, 0, 0, 1),
            ["RightUpperLeg"] = CFrame.new(-5.960464477539063e-08, 3.3527612686157227e-08, 0, 0.9918723702430725, -0.1025005355477333, -0.07538490742444992, -0.03710141405463219, 0.33373451232910156, -0.9419367909431458, 0.12170756608247757, 0.9370778799057007, 0.3272189795970917),
            ["LeftUpperArm"] = CFrame.new(0.02780473232269287, -0.06818652153015137, -0.07058011740446091, 0.7930492758750916, 0.3981917202472687, -0.46099504828453064, -0.3823753595352173, 0.9145121574401855, 0.13212431967258453, 0.47419634461402893, 0.07149209082126617, 0.8775116801261902),
            ["RightLowerArm"] = CFrame.new(1.1920928955078125e-07, 2.384185791015625e-07, -4.470348358154297e-08, 1, -1.1175872316471214e-07, 6.705523247774181e-08, 8.568168397005138e-08, 0.8400711417198181, -0.5424764156341553, 1.4901162970204496e-08, 0.5424764156341553, 0.8400711417198181),
            ["LeftHand"] = CFrame.new(-8.940696716308594e-08, -1.1920928955078125e-07, 5.960464477539063e-08, 0.9063010215759277, -0.4226328432559967, 0.0003580898337531835, 0.42090559005737305, 0.902673065662384, 0.08955363184213638, -0.038171615451574326, -0.08101176470518112, 0.9959819316864014),
            ["LeftFoot"] = CFrame.new(1.862645149230957e-08, 0, 6.705522537231445e-08, 0.9972476363182068, 0.06019798293709755, -0.043284349143505096, -0.030967501923441887, 0.8686028718948364, 0.49454033374786377, 0.06736724823713303, -0.491838663816452, 0.8680762052536011),
            ["LowerTorso"] = CFrame.new(-0.05759691074490547, -0.10889184474945068, 0, 0.9991165399551392, 0.04202529788017273, 0, -0.04202529788017273, 0.9991165399551392, 0, 0, 0, 1),
            ["RightLowerLeg"] = CFrame.new(4.470348358154297e-08, -0.000005185604095458984, -0.000017101112462114543, 1, -1.4062972297779197e-07, -3.725290298461914e-08, 1.2852251529693604e-07, 0.7217660546302795, 0.6921367049217224, -5.587935447692871e-08, -0.6921371817588806, 0.7217665314674377),
            ["LeftUpperLeg"] = CFrame.new(0, -1.862645149230957e-09, 0, 0.9699462056159973, -0.020564422011375427, 0.24244898557662964, -0.05703207477927208, 0.9494495987892151, 0.308695524930954, -0.23654119670391083, -0.3132454752922058, 0.9197421073913574),
            ["LeftLowerLeg"] = CFrame.new(7.450580596923828e-09, 0.0000054836273193359375, 0.00001704692840576172, 1, -2.60770320892334e-08, -3.3527612686157227e-08, -9.313225746154785e-09, 0.999986469745636, 0.005217971280217171, -3.725290298461914e-09, -0.005217946600168943, 0.999986469745636)
        }},
        [8] = {Time = 0.280, Data = {
            ["RightFoot"] = CFrame.new(3.725290298461914e-08, 3.5762786865234375e-07, -1.1006341082975268e-07, 0.9973593950271606, -0.0014718933962285519, 0.07260895520448685, -0.024897467344999313, 0.9322754740715027, 0.3608913719654083, -0.06822274625301361, -0.361746221780777, 0.9297770857810974),
            ["LeftLowerArm"] = CFrame.new(1.4901161193847656e-07, -5.364418029785156e-07, -1.1920928955078125e-07, 1, 0, 3.725290653733282e-08, 8.195639367158947e-08, 0.3428880274295807, -0.9393762946128845, 8.940698137394065e-08, 0.9393763542175293, 0.3428880274295807),
            ["RightUpperArm"] = CFrame.new(-0.05537503957748413, -0.018988490104675293, -0.06953544169664383, 0.9735928773880005, -0.11254469305276871, 0.19862191379070282, 0.07823234051465988, 0.9818346500396729, 0.17286014556884766, -0.2144683450460434, -0.15275678038597107, 0.9647117257118225),
            ["Head"] = CFrame.new(5.48652678844519e-10, 0, 0, 1, 0, 0, 0, 1, 0, 0, 0, 1),
            ["RightHand"] = CFrame.new(1.825392246246338e-07, 1.7881393432617188e-07, 5.960464477539063e-08, 0.9991463422775269, -0.005568556487560272, 0.04093392193317413, 0.003735167905688286, 0.9989922046661377, 0.04473011940717697, -0.04114174097776413, -0.04453902691602707, 0.9981601238250732),
            ["UpperTorso"] = CFrame.new(-7.450580596923828e-09, 1.7881393432617188e-07, 0, 0.9978713989257812, -0.06521233171224594, 0, 0.06521233171224594, 0.9978713989257812, 0, 0, 0, 1),
            ["HumanoidRootPart"] = CFrame.new(0, 0, 0, 1, 0, 0, 0, 1, 0, 0, 0, 1),
            ["RightUpperLeg"] = CFrame.new(0, 6.146728992462158e-08, 0, 0.995358407497406, -0.06808323413133621, -0.0680181235074997, -0.03672432154417038, 0.384579598903656, -0.9223610758781433, 0.08895570784807205, 0.9205776453018188, 0.3802940845489502),
            ["LeftUpperArm"] = CFrame.new(-0.014111518859863281, -0.13123846054077148, -0.09335649013519287, 0.6027655601501465, 0.5050509572029114, -0.6177355647087097, -0.4736361503601074, 0.8495087623596191, 0.23238703608512878, 0.6421390771865845, 0.152507022023201, 0.7512650489807129),
            ["RightLowerArm"] = CFrame.new(2.384185791015625e-07, 2.384185791015625e-07, -3.725290298461914e-08, 1, -8.568168397005138e-08, 3.725290653733282e-08, 8.568167686462402e-08, 0.9301316142082214, -0.3672264516353607, -1.210719347000122e-08, 0.3672264516353607, 0.9301316142082214),
            ["LeftHand"] = CFrame.new(1.1920928955078125e-07, 1.7881393432617188e-07, 1.4901161193847656e-08, 0.9481314420700073, -0.31787848472595215, -0.00020010769367218018, 0.3165171444416046, 0.9440121650695801, 0.09304830431938171, -0.02938920259475708, -0.08828535676002502, 0.9956615567207336),
            ["LeftFoot"] = CFrame.new(4.6566128730773926e-08, -5.960464477539063e-08, 2.9802322387695312e-08, 0.9926850199699402, 0.11297062784433365, -0.042593248188495636, -0.10553392767906189, 0.9832828640937805, 0.14838305115699768, 0.058643974363803864, -0.1428023874759674, 0.9880123734474182),
            ["LowerTorso"] = CFrame.new(-0.08035968244075775, -0.2875492572784424, 0, 0.9978713989257812, 0.06521273404359818, 0, -0.06521273404359818, 0.9978713989257812, 0, 0, 0, 1),
            ["RightLowerLeg"] = CFrame.new(2.9802322387695312e-08, -0.000005125999450683594, -0.000017216596461366862, 1, 0, 1.1175870895385742e-08, -3.725291186640334e-09, 0.9999856948852539, 0.005349470302462578, -3.725291186640334e-09, -0.00534946471452713, 0.9999856948852539),
            ["LeftUpperLeg"] = CFrame.new(0, -1.1175870895385742e-08, 0, 0.9593620896339417, 0.060221172869205475, 0.2756770849227905, -0.047244902700185776, 0.9974508285522461, -0.05347805097699165, -0.2781948149204254, 0.03828047960996628, 0.9597615599632263),
            ["LeftLowerLeg"] = CFrame.new(4.0046870708465576e-08, 0.0000054836273193359375, 0.00001702830195426941, 1, 5.215405707303944e-08, 4.470348358154297e-08, -6.146729703004894e-08, 0.7181288003921509, 0.6959102153778076, 4.749745841081676e-08, -0.6959102749824524, 0.7181288003921509)
        }},
        [9] = {Time = 0.320, Data = {
            ["RightFoot"] = CFrame.new(-2.9802322387695312e-08, 4.172325134277344e-07, -1.0633812053129077e-07, 0.9965556263923645, 0.00976029597222805, 0.082351453602314, -0.014831461012363434, 0.9980157613754272, 0.06119458004832268, -0.08159077167510986, -0.06220496445894241, 0.9947229027748108),
            ["LeftLowerArm"] = CFrame.new(8.940696716308594e-08, 1.1920928955078125e-07, 5.960464477539063e-08, 1, -7.450580596923828e-08, 1.043081283569336e-07, 8.940695295223122e-08, -0.06816886365413666, -0.9976738095283508, 5.960463766996327e-08, 0.9976738095283508, -0.06816890835762024),
            ["RightUpperArm"] = CFrame.new(-0.06781208515167236, -0.013062477111816406, 0.014736266806721687, 0.9917550086975098, -0.12745849788188934, 0.01328007411211729, 0.1033451184630394, 0.8567700982093811, 0.5052374005317688, -0.07577475905418396, -0.49969926476478577, 0.8628782033920288),
            ["Head"] = CFrame.new(1.2295231499592774e-09, 0, 0, 1, 0, 0, 0, 1, 0, 0, 0, 1),
            ["RightHand"] = CFrame.new(1.1548399925231934e-07, 1.1920928955078125e-07, 1.4901161193847656e-08, 0.9967839121818542, 0.055218540132045746, 0.05807558447122574, -0.05772937089204788, 0.9974279999732971, 0.04248242825269699, -0.05558038875460625, -0.04569849371910095, 0.997407853603363),
            ["UpperTorso"] = CFrame.new(-7.450580596923828e-09, 5.960464477539063e-08, 0, 0.9966979622840881, -0.08119849115610123, 0, 0.08119849115610123, 0.9966979622840881, 0, 0, 0, 1),
            ["HumanoidRootPart"] = CFrame.new(0, 0, 0, 1, 0, 0, 0, 1, 0, 0, 0, 1),
            ["RightUpperLeg"] = CFrame.new(5.960464477539063e-08, 1.2293457984924316e-07, 0, 0.9976542592048645, -0.06023787707090378, -0.03251747414469719, -0.019631532952189445, 0.20330242812633514, -0.9789191484451294, 0.065578892827034, 0.9772613048553467, 0.20164287090301514),
            ["LeftUpperArm"] = CFrame.new(-0.06838119029998779, -0.24833500385284424, -0.11254841834306717, 0.2801198661327362, 0.6507285833358765, -0.7057517170906067, -0.5887046456336975, 0.69715815782547, 0.40914222598075867, 0.75826096534729, 0.30087029933929443, 0.5783746242523193),
            ["RightLowerArm"] = CFrame.new(0, -2.384185791015625e-07, 4.284083843231201e-08, 1, -7.35744833946228e-08, 3.5390257835388184e-08, 8.195638656616211e-08, 0.9378466010093689, -0.34705010056495667, -2.0489096641540527e-08, 0.3470500409603119, 0.9378466010093689),
            ["LeftHand"] = CFrame.new(4.172325134277344e-07, 5.960464477539063e-08, 5.960464477539063e-08, 0.993648111820221, -0.11253255605697632, -0.000021025538444519043, 0.11200658977031708, 0.9889860153198242, 0.09675350785255432, -0.010867112316191196, -0.09614124894142151, 0.9953084588050842),
            ["LeftFoot"] = CFrame.new(-2.2351741790771484e-08, 0, -4.470348358154297e-08, 0.987267017364502, 0.15032866597175598, -0.052010953426361084, -0.1525913029909134, 0.9873685240745544, -0.04265432059764862, 0.04494183138012886, 0.050048183649778366, 0.9977352023124695),
            ["LowerTorso"] = CFrame.new(-0.09489138424396515, -0.43723249435424805, 0, 0.9966980218887329, 0.08119877427816391, 0, -0.08119877427816391, 0.9966980218887329, 0, 0, 0, 1),
            ["RightLowerLeg"] = CFrame.new(-4.0978193283081055e-08, -0.000005364418029785156, -0.000017022881365846843, 1, 5.587936779960501e-09, -3.7252898543727042e-09, -3.725290298461914e-09, 0.9999852180480957, 0.005438821390271187, 9.313225746154785e-10, -0.0054387846030294895, 0.9999852180480957),
            ["LeftUpperLeg"] = CFrame.new(-5.960464477539063e-08, 5.587935447692871e-08, 0, 0.9488533139228821, 0.10615494102239609, 0.2973356246948242, -0.04824826121330261, 0.979471743106842, -0.1957223266363144, -0.312008798122406, 0.171365886926651, 0.9344968199729919),
            ["LeftLowerLeg"] = CFrame.new(-1.4528632164001465e-07, 0.000005245208740234375, 0.00001703202724456787, 1, -7.450579886381092e-08, -5.960465188081798e-08, 7.823110337312755e-08, 0.44828078150749207, 0.893892765045166, -1.005828522693264e-07, -0.8938928246498108, 0.44828101992607117)
        }},
        [10] = {Time = 0.360, Data = {
            ["RightFoot"] = CFrame.new(-5.21540641784668e-08, 3.5762786865234375e-07, -5.045876605436206e-08, 0.9964888691902161, 0.01392323337495327, 0.0825604796409607, -0.009490969590842724, 0.9985047578811646, -0.053836073726415634, -0.083186574280262, 0.0528637170791626, 0.9951309561729431),
            ["LeftLowerArm"] = CFrame.new(-1.4901161193847656e-07, 0, -2.9802322387695312e-08, 1, -3.725290298461914e-08, 1.2665987014770508e-07, 1.2293457984924316e-07, -0.23999637365341187, -0.9707737565040588, 1.30385160446167e-07, 0.9707738161087036, -0.23999638855457306),
            ["RightUpperArm"] = CFrame.new(-0.07294684648513794, -0.012215852737426758, 0.0990079715847969, 0.9864189028739929, -0.1501247137784958, -0.06663575768470764, 0.15710671246051788, 0.7440524697303772, 0.649387001991272, -0.04790852591395378, -0.6510365605354309, 0.7575330138206482),
            ["Head"] = CFrame.new(-6.80415723763872e-11, 0, 0, 1, 0, 0, 0, 1, 0, 0, 0, 1),
            ["RightHand"] = CFrame.new(1.5273690223693848e-07, 1.1920928955078125e-07, 5.774199962615967e-08, 0.9947413206100464, 0.07943941652774811, 0.06464578956365585, -0.08221220970153809, 0.9957536458969116, 0.04142230749130249, -0.06108072027564049, -0.0465192086994648, 0.9970481991767883),
            ["UpperTorso"] = CFrame.new(0, 2.086162567138672e-07, 0, 0.9961947202682495, -0.087155781686306, 0, 0.087155781686306, 0.9961947202682495, 0, 0, 0, 1),
            ["HumanoidRootPart"] = CFrame.new(0, 0, 0, 1, 0, 0, 0, 1, 0, 0, 0, 1),
            ["RightUpperLeg"] = CFrame.new(0, 2.4959444999694824e-07, 0, 0.998286247253418, -0.055914610624313354, -0.017268411815166473, -0.009095124900341034, 0.1432551145553589, -0.9896441102027893, 0.05780934542417526, 0.9881049990653992, 0.14250092208385468),
            ["LeftUpperArm"] = CFrame.new(-0.09529542922973633, -0.3113870620727539, -0.12062030285596848, 0.08652734756469727, 0.6996244192123413, -0.7092522382736206, -0.6185851693153381, 0.5957903265953064, 0.5122365355491638, 0.7809388041496277, 0.3944104015827179, 0.4843294322490692),
            ["RightLowerArm"] = CFrame.new(0, 0, 2.0116567611694336e-07, 1, -4.842878098543224e-08, 9.31322685637781e-10, 2.2351741790771484e-08, 0.9390615224838257, -0.34374934434890747, 3.725290298461914e-09, 0.34374934434890747, 0.9390615224838257),
            ["LeftHand"] = CFrame.new(-1.564621925354004e-07, 5.960464477539063e-08, 1.1920928955078125e-07, 1, -0.000019446020814939402, 0.000393688736949116, -0.000019468372556730174, 0.9951455593109131, 0.09841495752334595, -0.0003936328866984695, -0.09841493517160416, 0.9951454401016235),
            ["LeftFoot"] = CFrame.new(3.5390257835388184e-08, -5.960464477539063e-08, -5.960464477539063e-08, 0.9846255779266357, 0.16427884995937347, -0.059372782707214355, -0.1702737659215927, 0.9785023927688599, -0.11636102199554443, 0.03898061439394951, 0.12468239665031433, 0.9914308190345764),
            ["LowerTorso"] = CFrame.new(-0.10000000149011612, -0.5, 0, 0.9961947202682495, 0.08715573698282242, 0, -0.08715573698282242, 0.9961947202682495, 0, 0, 0, 1),
            ["RightLowerLeg"] = CFrame.new(7.450580596923828e-09, -0.000005185604095458984, -0.000017067584849428385, 1, -8.381903171539307e-09, 1.862645149230957e-09, -1.30385160446167e-08, 0.9999850392341614, 0.005474497098475695, 0, -0.005474537145346403, 0.9999850988388062),
