return {
["thank you thrust"] = {
        {Time = 0.000, Data = {
            ["Head"] = CFrame.new(1.4475660719677984e-24, 0, -8.9406967163085938e-08, 0.99981003999710083, -0.0081185828894376755, 0.017718056216835976, 0.013648632913827896, 0.94062471389770508, -0.33917379379272461, -0.013912430964410305, 0.33935117721557617, 0.94055688381195068),
            ["LeftFoot"] = CFrame.new(-1.4901161193847656e-08, 0.015992999076843262, -2.6337802410125732e-06, 0.8637927770614624, -0.38541284203529358, -0.32452890276908875, 0.45068874955177307, 0.8790009617805481, 0.15568235516548157, 0.22525922954082489, -0.28073880076408386, 0.9329758882522583),
            ["LeftHand"] = CFrame.new(0.00052268803119659424, -0.034265816211700439, -1.6950070858001709e-07, 0.98205792903900146, -0.16322289407253265, 0.094448521733283997, 0.15184788405895233, 0.98143166303634644, 0.11719280481338501, -0.11182332038879395, -0.10074831545352936, 0.98860776424407959),
            ["LeftLowerArm"] = CFrame.new(-0.00049877166748046875, -0.03442305326461792, 0.00018682330846786499, 1, 0, 0, 0, 1, 0, 0, 0, 1),
            ["LeftLowerLeg"] = CFrame.new(1.4901161193847656e-08, 0.077593207359313965, -0.021668367087841034, 1, -0, 0, 0, 0.77800905704498291, 0.62825304269790649, -0, -0.62825304269790649, 0.77800905704498291),
            ["LeftUpperArm"] = CFrame.new(0.095583081245422363, -0.72127079963684082, 0.18821409344673157, 0.78441143035888672, 0.088129788637161255, -0.61394774913787842, -0.48757854104042053, 0.69943082332611084, -0.52255499362945557, 0.38336130976676941, 0.70924580097198486, 0.59161168336868286),
            ["LeftUpperLeg"] = CFrame.new(-5.9604644775390625e-08, -1.862645149230957e-08, -9.9645229056477547e-05, 0.44888246059417725, 0.55511212348937988, -0.70025360584259033, 0.88054931163787842, -0.40817701816558838, 0.24088293313980103, -0.15211033821105957, -0.72473591566085815, -0.6720271110534668),
            ["LowerTorso"] = CFrame.new(0.0096926633268594742, -1.1171426773071289, 0.17268997430801392, 0.9996832013130188, -0.024266775697469711, 0.0066823018714785576, 0.0045404834672808647, 0.43499523401260376, 0.90042132139205933, -0.024757090955972672, -0.90010565519332886, 0.43496763706207275),
            ["RightFoot"] = CFrame.new(-2.0489096641540527e-08, 0.015328824520111084, -0.00010272690997226164, 0.8895409107208252, 0.34945282340049744, 0.29427820444107056, -0.4499305784702301, 0.78183162212371826, 0.43162697553634644, -0.079242736101150513, -0.51635462045669556, 0.85270071029663086),
            ["RightHand"] = CFrame.new(-0.00050380080938339233, -0.0058475732803344727, -7.0780515670776367e-08, 0.96563535928726196, 0.22480747103691101, -0.13042235374450684, -0.19253310561180115, 0.95583426952362061, 0.22206257283687592, 0.17458349466323853, -0.18932084739208221, 0.96627026796340942),
            ["RightLowerArm"] = CFrame.new(-2.9802322387695312e-07, -0.005840301513671875, 3.1739473342895508e-05, 1, 0, 0, 0, 1, 0, 0, 0, 1),
            ["RightLowerLeg"] = CFrame.new(-1.778826117515564e-07, 0.074514806270599365, -0.02012920193374157, 1, -0, 0, 0, 0.79492920637130737, 0.60670220851898193, -0, -0.60670220851898193, 0.79492920637130737),
            ["RightUpperArm"] = CFrame.new(-0.040357828140258789, -0.75676274299621582, 0.10452970862388611, 0.84308493137359619, -0.094245851039886475, 0.52945780754089355, 0.45195949077606201, 0.65772604942321777, -0.60260188579559326, -0.29144546389579773, 0.74733805656433105, 0.5971142053604126),
            ["RightUpperLeg"] = CFrame.new(0, -3.166496753692627e-08, 2.5651388568803668e-07, 0.41104662418365479, -0.58608567714691162, 0.69824385643005371, -0.91146659851074219, -0.27801609039306641, 0.30320978164672852, 0.016415983438491821, -0.76105928421020508, -0.6484750509262085),
            ["UpperTorso"] = CFrame.new(-4.6566128730773926e-10, -5.9604644775390625e-08, 8.1956386566162109e-08, 0.999683678150177, 0.017588550224900246, -0.017978085204958916, -0.02424517460167408, 0.86402410268783569, -0.50286626815795898, 0.0066888104192912579, 0.5031430721282959, 0.86417722702026367)
        }},
        {Time = 0.029, Data = {
            ["Head"] = CFrame.new(7.651420666115506e-24, 2.384185791015625e-07, 2.9802322387695312e-08, 0.99981099367141724, -0.0081496760249137878, 0.017650043591856956, 0.013471830636262894, 0.94500154256820679, -0.32678830623626709, -0.014016101136803627, 0.32696431875228882, 0.94493275880813599),
            ["LeftFoot"] = CFrame.new(4.4703483581542969e-08, 0.015136897563934326, -2.6710331439971924e-06, 0.88146477937698364, -0.36124476790428162, -0.30417439341545105, 0.4289800226688385, 0.88182425498962402, 0.19586259126663208, 0.19747403264045715, -0.30313071608543396, 0.93226379156112671),
            ["LeftHand"] = CFrame.new(0.00051378458738327026, -0.021223723888397217, 4.4703483581542969e-08, 0.97881817817687988, -0.17716240882873535, 0.10260853916406631, 0.16305679082870483, 0.97766894102096558, 0.13257415592670441, -0.12380433827638626, -0.11303497850894928, 0.98584765195846558),
            ["LeftLowerArm"] = CFrame.new(-0.00049939751625061035, -0.021397590637207031, 0.00011591613292694092, 1, 0, 0, 0, 1, 0, 0, 0, 1),
            ["LeftLowerLeg"] = CFrame.new(1.4901161193847656e-08, 0.074744105339050293, -0.020045660436153412, 1, -0, 0, 0, 0.79476326704025269, 0.60691964626312256, -0, -0.60691964626312256, 0.79476326704025269),
            ["LeftUpperArm"] = CFrame.new(0.091915369033813477, -0.72220778465270996, 0.19439059495925903, 0.77704787254333496, 0.089648798108100891, -0.62302464246749878, -0.48948663473129272, 0.70834958553314209, -0.50857031345367432, 0.39572650194168091, 0.70014572143554688, 0.59430336952209473),
            ["LeftUpperLeg"] = CFrame.new(-5.9604644775390625e-08, -3.9115548133850098e-08, -9.9944882094860077e-05, 0.44872552156448364, 0.54787158966064453, -0.70603275299072266, 0.86194920539855957, -0.47395038604736328, 0.1800408661365509, -0.2359851747751236, -0.68935322761535645, -0.68491113185882568),
            ["LowerTorso"] = CFrame.new(0.0095100859180092812, -1.2001082897186279, 0.14884659647941589, 0.99967664480209351, -0.023768719285726547, 0.0090393787249922752, 0.0046919519081711769, 0.52176594734191895, 0.85307574272155762, -0.024992957711219788, -0.85275745391845703, 0.52170878648757935),
            ["RightFoot"] = CFrame.new(4.8428773880004883e-08, 0.014443874359130859, -0.00010277533874614164, 0.8902970552444458, 0.34838232398033142, 0.29325917363166809, -0.44859328866004944, 0.78172743320465088, 0.43320465087890625, -0.078327871859073639, -0.5172349214553833, 0.85225158929824829),
            ["RightHand"] = CFrame.new(-0.00049889832735061646, 0.0019043684005737305, -1.8998980522155762e-07, 0.96128040552139282, 0.23832708597183228, -0.13834799826145172, -0.19401675462722778, 0.94184154272079468, 0.27439388632774353, 0.19569738209247589, -0.23692764341831207, 0.95161324739456177),
            ["RightLowerArm"] = CFrame.new(1.7881393432617188e-07, 0.0094452500343322754, 0.00027141720056533813, 1, 0, 0, 0, 0.99712133407592773, -0.075822420418262482, 0, 0.075822420418262482, 0.99712133407592773),
            ["RightLowerLeg"] = CFrame.new(-6.7055225372314453e-08, 0.071307003498077393, -0.018358996137976646, 1, -0, 0, 0, 0.81313627958297729, 0.58207333087921143, -0, -0.58207333087921143, 0.81313627958297729),
            ["RightUpperArm"] = CFrame.new(-0.036831796169281006, -0.75920844078063965, 0.11074164509773254, 0.8360130786895752, -0.11667729914188385, 0.53616088628768921, 0.45688635110855103, 0.68914628028869629, -0.56243425607681274, -0.30386996269226074, 0.71516698598861694, 0.62944364547729492),
            ["RightUpperLeg"] = CFrame.new(1.1920928955078125e-07, -3.7252902984619141e-09, 4.2542524170130491e-08, 0.4039764404296875, -0.5737265944480896, 0.71248936653137207, -0.9071006178855896, -0.35188531875610352, 0.23096731305122375, 0.11820223927497864, -0.73960483074188232, -0.66258120536804199),
            ["UpperTorso"] = CFrame.new(-0.00011908262968063354, -0.0037660300731658936, 0.0032525360584259033, 0.99967676401138306, 0.017254937440156937, -0.018672477453947067, -0.023755282163619995, 0.89563477039337158, -0.44415539503097534, 0.009059845469892025, 0.44445538520812988, 0.89575517177581787)
        }},
        {Time = 0.057, Data = {
            ["Head"] = CFrame.new(3.7223127564886245e-24, 0, 0, 0.99981051683425903, -0.0081164827570319176, 0.017691671848297119, 0.012889319099485874, 0.95715224742889404, -0.28929820656776428, -0.014585539698600769, 0.28947141766548157, 0.95707553625106812),
            ["LeftFoot"] = CFrame.new(-2.9802322387695312e-08, 0.013368129730224609, -2.5928020477294922e-06, 0.92301881313323975, -0.29431271553039551, -0.24782305955886841, 0.36182868480682373, 0.88299626111984253, 0.29899424314498901, 0.13082903623580933, -0.3656468391418457, 0.92151296138763428),
            ["LeftHand"] = CFrame.new(0.00049704313278198242, 0.0043738484382629395, 1.7136335372924805e-07, 0.96516013145446777, -0.22630016505718231, 0.1313549280166626, 0.18385277688503265, 0.94371676445007324, 0.27494877576828003, -0.18618279695510864, -0.24121963977813721, 0.95244371891021729),
            ["LeftLowerArm"] = CFrame.new(-0.00050002336502075195, 0.023208677768707275, 0.0018151365220546722, 1, 0, 0, 0, 0.98138904571533203, -0.19202995300292969, 0, 0.19202995300292969, 0.98138904571533203),
            ["LeftLowerLeg"] = CFrame.new(-7.4505805969238281e-09, 0.067365407943725586, -0.01597132533788681, 1, -0, 0, 0, 0.83652406930923462, 0.54793018102645874, -0, -0.54793018102645874, 0.83652406930923462),
            ["LeftUpperArm"] = CFrame.new(0.078107297420501709, -0.72734940052032471, 0.2136591374874115, 0.74944084882736206, 0.15858113765716553, -0.6427990198135376, -0.49977278709411621, 0.77229481935501099, -0.39215806126594543, 0.43424153327941895, 0.61515265703201294, 0.65804380178451538),
            ["LeftUpperLeg"] = CFrame.new(-5.9604644775390625e-08, 1.0989606380462646e-07, -9.9890865385532379e-05, 0.43947839736938477, 0.52888619899749756, -0.72604286670684814, 0.76643753051757812, -0.64230680465698242, -0.0039590001106262207, -0.46843603253364563, -0.55472654104232788, -0.68763828277587891),
            ["LowerTorso"] = CFrame.new(0.0083972625434398651, -1.4355268478393555, 0.05823265016078949, 0.99965226650238037, -0.021003738045692444, 0.015941526740789413, 0.0051435260102152824, 0.74828207492828369, 0.66336077451705933, -0.025861814618110657, -0.66304808855056763, 0.74812990427017212),
            ["RightFoot"] = CFrame.new(3.7252902984619141e-08, 0.012474238872528076, -0.00010257976100547239, 0.88306677341461182, 0.35895141959190369, 0.3022366464138031, -0.46283498406410217, 0.77238816022872925, 0.43497160077095032, -0.077310353517532349, -0.52399468421936035, 0.84820556640625),
            ["RightHand"] = CFrame.new(-0.00049509108066558838, 0.0077913999557495117, -1.862645149230957e-07, 0.94352346658706665, 0.28642928600311279, -0.16649845242500305, -0.17770618200302124, 0.8616790771484375, 0.47532060742378235, 0.27961397171020508, -0.41888836026191711, 0.86391466856002808),
            ["RightLowerArm"] = CFrame.new(2.384185791015625e-07, 0.046914100646972656, 0.008062455803155899, 1, 0, 0, 0, 0.91790831089019775, -0.39679262042045593, 0, 0.39679262042045593, 0.91790831089019775),
            ["RightLowerLeg"] = CFrame.new(-4.8428773880004883e-08, 0.061264634132385254, -0.013064173981547356, 1, -0, 0, 0, 0.86721110343933105, 0.49794065952301025, -0, -0.49794065952301025, 0.86721110343933105),
            ["RightUpperArm"] = CFrame.new(-0.023249030113220215, -0.76922953128814697, 0.13078626990318298, 0.80890077352523804, -0.21850393712520599, 0.54583477973937988, 0.47685146331787109, 0.78689920902252197, -0.39166614413261414, -0.34393635392189026, 0.57710117101669312, 0.74071729183197021),
            ["RightUpperLeg"] = CFrame.new(1.1920928955078125e-07, 9.6857547760009766e-08, 8.0261088442057371e-08, 0.3670649528503418, -0.546775221824646, 0.75252920389175415, -0.83579814434051514, -0.5489661693572998, 0.0088117718696594238, 0.40829497575759888, -0.63219702243804932, -0.65849995613098145),
            ["UpperTorso"] = CFrame.new(-0.00049169594421982765, -0.010604023933410645, 0.016844019293785095, 0.99965232610702515, 0.016154024749994278, -0.020838791504502296, -0.020987469702959061, 0.96591174602508545, -0.25801944732666016, 0.015960382297635078, 0.25836712121963501, 0.96591496467590332)
        }},
        {Time = 0.086, Data = {
            ["Head"] = CFrame.new(-3.5155176033503676e-24, 1.1920928955078125e-07, -3.0733644962310791e-08, 0.99981021881103516, -0.0081404559314250946, 0.01769917830824852, 0.011927071958780289, 0.97411954402923584, -0.2257184237241745, -0.015403665602207184, 0.22588668763637543, 0.97403180599212646),
            ["LeftFoot"] = CFrame.new(-3.166496753692627e-08, 0.012344896793365479, -2.555549144744873e-06, 0.96454954147338867, -0.20186740159988403, -0.16998153924942017, 0.25443816184997559, 0.88230198621749878, 0.39598542451858521, 0.070038512349128723, -0.42519736289978027, 0.90238672494888306),
            ["LeftHand"] = CFrame.new(0.00049214065074920654, 0.011860668659210205, -4.4703483581542969e-08, 0.92022675275802612, -0.33828568458557129, 0.19683878123760223, 0.17633718252182007, 0.80734491348266602, 0.56311577558517456, -0.3494107723236084, -0.48348420858383179, 0.80259275436401367),
            ["LeftLowerArm"] = CFrame.new(-0.00050002336502075195, 0.070417344570159912, 0.019590497016906738, 1, 0, 0, 0, 0.80020195245742798, -0.59973061084747314, 0, 0.59973061084747314, 0.80020195245742798),
            ["LeftLowerLeg"] = CFrame.new(2.0954757928848267e-08, 0.061847686767578125, -0.01314748078584671, 1, -0, 0, 0, 0.86533612012863159, 0.50119197368621826, -0, -0.50119197368621826, 0.86533612012863159),
            ["LeftUpperArm"] = CFrame.new(0.040705740451812744, -0.74640065431594849, 0.24930089712142944, 0.67463421821594238, 0.33400809764862061, -0.65826070308685303, -0.53786736726760864, 0.83318138122558594, -0.12848159670829773, 0.50553667545318604, 0.44073507189750671, 0.7417447566986084),
            ["LeftUpperLeg"] = CFrame.new(-5.9604644775390625e-08, 4.7031790018081665e-08, -9.9934637546539307e-05, 0.39739906787872314, 0.49232897162437439, -0.77439403533935547, 0.49648043513298035, -0.82506644725799561, -0.26976358890533447, -0.77173900604248047, -0.2772676944732666, -0.57231235504150391),
            ["LowerTorso"] = CFrame.new(0.0047870292328298092, -1.7669320106506348, -0.14003604650497437, 0.99961084127426147, -0.01196080818772316, 0.025201402604579926, 0.0058727916330099106, 0.97339922189712524, 0.22904025018215179, -0.02727053314447403, -0.2288031131029129, 0.97309064865112305),
            ["RightFoot"] = CFrame.new(-6.7055225372314453e-08, 0.0094884037971496582, -0.00010274460510117933, 0.83940267562866211, 0.4157663881778717, 0.35005933046340942, -0.53552526235580444, 0.7426764965057373, 0.40205028653144836, -0.092821910977363586, -0.52494770288467407, 0.84605801105499268),
            ["RightHand"] = CFrame.new(-0.000489845871925354, 0.015186786651611328, 4.4703483581542969e-08, 0.88630783557891846, 0.40015608072280884, -0.23309555649757385, -0.13612143695354462, 0.70621722936630249, 0.6947864294052124, 0.44263914227485657, -0.58406531810760498, 0.68039572238922119),
            ["RightLowerArm"] = CFrame.new(-5.9604644775390625e-08, 0.081395626068115234, 0.026057317852973938, 1, 0, 0, 0, 0.73321628570556641, -0.67999553680419922, 0, 0.67999553680419922, 0.73321628570556641),
            ["RightLowerLeg"] = CFrame.new(5.2154064178466797e-08, 0.044678151607513428, -0.0065056392922997475, 1, -0, 0, 0, 0.93387037515640259, 0.35761168599128723, -0, -0.35761168599128723, 0.93387037515640259),
            ["RightUpperArm"] = CFrame.new(0.015917301177978516, -0.79833066463470459, 0.17093639075756073, 0.73049712181091309, -0.35359185934066772, 0.58424884080886841, 0.53512996435165405, 0.82788825035095215, -0.16803860664367676, -0.42427569627761841, 0.43540078401565552, 0.79398757219314575),
            ["RightUpperLeg"] = CFrame.new(5.9604644775390625e-08, 5.8207660913467407e-08, 2.0656443666666746e-08, 0.27241075038909912, -0.52468180656433105, 0.80653673410415649, -0.55935084819793701, -0.76839911937713623, -0.31094911694526672, 0.78289145231246948, -0.36643108725547791, -0.50280141830444336),
            ["UpperTorso"] = CFrame.new(-0.0011639618314802647, -0.0030233860015869141, 0.044680237770080566, 0.99961042404174805, 0.013724236749112606, -0.024304233491420746, -0.011981296353042126, 0.99744254350662231, 0.070461370050907135, 0.025209106504917145, -0.070142723619937897, 0.99721837043762207)
        }},
        {Time = 0.114, Data = {
            ["Head"] = CFrame.new(-1.0443155233481974e-23, -1.1920928955078125e-07, 1.4901161193847656e-08, 0.99981075525283813, -0.008132200688123703, 0.017672652378678322, 0.011289658024907112, 0.98235970735549927, -0.18665994703769684, -0.015842946246266365, 0.18682412803173065, 0.98226559162139893),
            ["LeftFoot"] = CFrame.new(2.9802322387695312e-08, 0.012822449207305908, -2.8386712074279785e-06, 0.97881299257278442, -0.15663839876651764, -0.13186937570571899, 0.19726000726222992, 0.89404618740081787, 0.40220627188682556, 0.05489637702703476, -0.41969725489616394, 0.90600252151489258),
            ["LeftHand"] = CFrame.new(0.00048872828483581543, 0.017105340957641602, 0, 0.86725574731826782, -0.43021315336227417, 0.25056758522987366, 0.15760116279125214, 0.71463489532470703, 0.68151217699050903, -0.47225984930992126, -0.5515555739402771, 0.68757331371307373),
            ["LeftLowerArm"] = CFrame.new(-0.00050014257431030273, 0.087642788887023926, 0.030757546424865723, 1, 0, 0, 0, 0.68444716930389404, -0.72906255722045898, 0, 0.72906255722045898, 0.68444716930389404),
            ["LeftLowerLeg"] = CFrame.new(-1.4901161193847656e-08, 0.064439475536346436, -0.014431383460760117, 1, -0, 0, 0, 0.85226601362228394, 0.52310866117477417, -0, -0.52310866117477417, 0.85226601362228394),
            ["LeftUpperArm"] = CFrame.new(0.0031310319900512695, -0.76640510559082031, 0.2734258770942688, 0.59946781396865845, 0.42171764373779297, -0.68028861284255981, -0.57787299156188965, 0.81612002849578857, -0.003298640251159668, 0.5538061261177063, 0.39509782195091248, 0.73293697834014893),
            ["LeftUpperLeg"] = CFrame.new(0, 9.7323209047317505e-08, -9.9961645901203156e-05, 0.35868239402770996, 0.45755895972251892, -0.81362563371658325, 0.28187844157218933, -0.88402557373046875, -0.37288522720336914, -0.88988286256790161, -0.095596179366111755, -0.4460604190826416),
            ["LowerTorso"] = CFrame.new(0.0017511689802631736, -1.9230234622955322, -0.27398350834846497, 0.99958240985870361, -0.0043712994083762169, 0.028564270585775375, 0.0063251769170165062, 0.99761903285980225, -0.068674743175506592, -0.0281960628926754, 0.068826735019683838, 0.99723011255264282),
            ["RightFoot"] = CFrame.new(3.6321580410003662e-08, 0.0082710385322570801, -0.00010276555985910818, 0.79260736703872681, 0.4664168655872345, 0.39271986484527588, -0.59694415330886841, 0.72481274604797363, 0.34395366907119751, -0.12422257661819458, -0.50705206394195557, 0.85291671752929688),
            ["RightHand"] = CFrame.new(-0.00048747658729553223, 0.018869280815124512, 2.9802322387695312e-08, 0.81771039962768555, 0.49734589457511902, -0.28982183337211609, -0.090784281492233276, 0.60861027240753174, 0.78825861215591431, 0.56842577457427979, -0.61825603246688843, 0.54281818866729736),
            ["RightLowerArm"] = CFrame.new(-8.9406967163085938e-08, 0.094427406787872314, 0.03664475679397583, 1, 0, 0, 0, 0.62339091300964355, -0.78191035985946655, 0, 0.78191035985946655, 0.62339091300964355),
            ["RightLowerLeg"] = CFrame.new(-7.4505805969238281e-08, 0.037945568561553955, -0.0045586060732603073, 1, -0, 0, 0, 0.95362645387649536, 0.30099266767501831, -0, -0.30099266767501831, 0.95362645387649536),
            ["RightUpperArm"] = CFrame.new(0.058481216430664062, -0.82630729675292969, 0.20073525607585907, 0.6454123854637146, -0.43854305148124695, 0.62539809942245483, 0.59107840061187744, 0.80534273386001587, -0.045270159840583801, -0.48380690813064575, 0.39887726306915283, 0.77899152040481567),
            ["RightUpperLeg"] = CFrame.new(5.9604644775390625e-08, 9.7090378403663635e-08, -7.2010152507573366e-08, 0.21046286821365356, -0.51231104135513306, 0.83261203765869141, -0.33376270532608032, -0.83816933631896973, -0.4313637912273407, 0.91886222362518311, -0.18710878491401672, -0.34739387035369873),
            ["UpperTorso"] = CFrame.new(-0.0016029721591621637, 0.013782769441604614, 0.058265138417482376, 0.99958246946334839, 0.011878250166773796, -0.026339929550886154, -0.0043699853122234344, 0.96325540542602539, 0.26855155825614929, 0.028562001883983612, -0.2683243453502655, 0.96290510892868042)
        }},
        {Time = 0.143, Data = {
            ["Head"] = CFrame.new(-3.9291079096268815e-24, -1.1920928955078125e-07, 1.4901161193847656e-08, 0.99981051683425903, -0.0080908332020044327, 0.017705725505948067, 0.011649873107671738, 0.9773673415184021, -0.21122826635837555, -0.015595985576510429, 0.21139450371265411, 0.97727638483047485),
            ["LeftFoot"] = CFrame.new(2.7939677238464355e-08, 0.012417912483215332, -2.8461217880249023e-06, 0.97056466341018677, -0.18422180414199829, -0.15513384342193604, 0.23243629932403564, 0.88516676425933838, 0.40305474400520325, 0.06306784600019455, -0.42724946141242981, 0.90193146467208862),
            ["LeftHand"] = CFrame.new(0.00049053877592086792, 0.01426243782043457, 1.0430812835693359e-07, 0.90375518798828125, -0.36994773149490356, 0.21532583236694336, 0.17157043516635895, 0.77393591403961182, 0.60957920551300049, -0.39216083288192749, -0.51396679878234863, 0.76292073726654053),
            ["LeftLowerArm"] = CFrame.new(-0.00050008296966552734, 0.077678859233856201, 0.023647509515285492, 1, 0, 0, 0, 0.75814235210418701, -0.65208911895751953, 0, 0.65208911895751953, 0.75814235210418701),
            ["LeftLowerLeg"] = CFrame.new(4.8428773880004883e-08, 0.062245070934295654, -0.013339567929506302, 1, -0, 0, 0, 0.8634028434753418, 0.50451511144638062, -0, -0.50451511144638062, 0.8634028434753418),
            ["LeftUpperArm"] = CFrame.new(0.028506159782409668, -0.75298607349395752, 0.25804352760314941, 0.6502755880355835, 0.36604103446006775, -0.66569936275482178, -0.55101203918457031, 0.83049941062927246, -0.081587597727775574, 0.52299845218658447, 0.41986274719238281, 0.74174648523330688),
            ["LeftUpperLeg"] = CFrame.new(0, 9.6391886472702026e-08, -9.995047003030777e-05, 0.38407129049301147, 0.48090192675590515, -0.78817671537399292, 0.42054399847984314, -0.8510737419128418, -0.31435090303421021, -0.82196837663650513, -0.21072983741760254, -0.52911341190338135),
            ["LowerTorso"] = CFrame.new(0.0037210965529084206, -1.8289420604705811, -0.18928126990795135, 0.99960082769393921, -0.0092970645055174828, 0.026679635047912598, 0.0060391235165297985, 0.99279266595840454, 0.11969225108623505, -0.027600131928920746, -0.1194833517074585, 0.99245250225067139),
            ["RightFoot"] = CFrame.new(-2.9802322387695312e-08, 0.00894927978515625, -0.0001027427424560301, 0.82391810417175293, 0.43347424268722534, 0.36504662036895752, -0.55748492479324341, 0.7357017993927002, 0.38464716076850891, -0.10183082520961761, -0.52042573690414429, 0.84781336784362793),
            ["RightHand"] = CFrame.new(-0.00048883259296417236, 0.016805887222290039, 1.1920928955078125e-07, 0.86516577005386353, 0.43332153558731079, -0.25242948532104492, -0.12171407043933868, 0.66975224018096924, 0.73254197835922241, 0.48649138212203979, -0.6030460000038147, 0.63218802213668823),
            ["RightLowerArm"] = CFrame.new(-2.9802322387695312e-08, 0.086870133876800537, 0.030021607875823975, 1, 0, 0, 0, 0.69208109378814697, -0.72181981801986694, 0, 0.72181981801986694, 0.69208109378814697),
            ["RightLowerLeg"] = CFrame.new(-4.8428773880004883e-08, 0.041684091091156006, -0.0055919699370861053, 1, -0, 0, 0, 0.943156898021698, 0.3323478102684021, -0, -0.3323478102684021, 0.943156898021698),
            ["RightUpperArm"] = CFrame.new(0.029406070709228516, -0.80767947435379028, 0.18147517740726471, 0.7036018967628479, -0.38406598567962646, 0.59786093235015869, 0.55374455451965332, 0.82361257076263428, -0.12259389460086823, -0.44532167911529541, 0.41731953620910645, 0.79216980934143066),
            ["RightUpperLeg"] = CFrame.new(1.1920928955078125e-07, 6.9383531808853149e-08, 1.8793798517435789e-08, 0.24909144639968872, -0.52090084552764893, 0.81646537780761719, -0.4788646399974823, -0.79901766777038574, -0.36367478966712952, 0.84180879592895508, -0.30038812756538391, -0.44846951961517334),
            ["UpperTorso"] = CFrame.new(-0.0013238969258964062, 0.002193152904510498, 0.050326921045780182, 0.99959945678710938, 0.013073056936264038, -0.025099350139498711, -0.0093094725161790848, 0.98944652080535889, 0.14459919929504395, 0.026724817231297493, -0.14430761337280273, 0.98917192220687866)
        }},
        {Time = 0.171, Data = {
            ["Head"] = CFrame.new(-2.2747466845208261e-24, 1.1920928955078125e-07, -1.4901161193847656e-08, 0.99981051683425903, -0.0081008225679397583, 0.017701158300042152, 0.011641070246696472, 0.97760522365570068, -0.21012511849403381, -0.015602556988596916, 0.21029135584831238, 0.97751426696777344),
            ["LeftFoot"] = CFrame.new(7.0780515670776367e-08, 0.012428939342498779, -2.7790665626525879e-06, 0.9710126519203186, -0.18283481895923615, -0.15396696329116821, 0.23068918287754059, 0.88548099994659424, 0.40336817502975464, 0.062585063278675079, -0.42719411849975586, 0.90199130773544312),
            ["LeftHand"] = CFrame.new(0.00049039721488952637, 0.014419794082641602, 8.9406967163085938e-08, 0.90227460861206055, -0.37261435389518738, 0.21693108975887299, 0.1710178554058075, 0.77114593982696533, 0.61325919628143311, -0.39579468965530396, -0.51622915267944336, 0.75950908660888672),
            ["LeftLowerArm"] = CFrame.new(-0.00050008296966552734, 0.078212440013885498, 0.02398613840341568, 1, 0, 0, 0, 0.75464773178100586, -0.65613025426864624, 0, 0.65613025426864624, 0.75464773178100586),
            ["LeftLowerLeg"] = CFrame.new(-6.3329935073852539e-08, 0.062306225299835205, -0.013369478285312653, 1, -0, 0, 0, 0.86308687925338745, 0.50505548715591431, -0, -0.50505548715591431, 0.86308687925338745),
            ["LeftUpperArm"] = CFrame.new(0.027438461780548096, -0.75356054306030273, 0.25876200199127197, 0.64810943603515625, 0.36867672204971313, -0.66635698080062866, -0.55216717720031738, 0.83009767532348633, -0.077776715159416199, 0.52446693181991577, 0.41834825277328491, 0.74156534671783447),
            ["LeftUpperLeg"] = CFrame.new(-5.9604644775390625e-08, 8.6612999439239502e-08, -9.9904835224151611e-05, 0.38295936584472656, 0.47988855838775635, -0.78933459520339966, 0.41419774293899536, -0.85296964645385742, -0.31762120127677917, -0.82570117712020874, -0.2053045928478241, -0.52542150020599365),
            ["LowerTorso"] = CFrame.new(0.0036315626930445433, -1.8337442874908447, -0.19329735636711121, 0.99959909915924072, -0.0090955998748540878, 0.026812117546796799, 0.0060722022317349911, 0.99382865428924561, 0.11075961589813232, -0.027654077857732773, -0.11055240035057068, 0.99348551034927368),
            ["RightFoot"] = CFrame.new(-2.9802322387695312e-08, 0.0089096426963806152, -0.00010292621300322935, 0.82256579399108887, 0.43503987789154053, 0.36623188853263855, -0.55933761596679688, 0.73514127731323242, 0.38302573561668396, -0.10260072350502014, -0.51991117000579834, 0.84803628921508789),
            ["RightHand"] = CFrame.new(-0.00048902630805969238, 0.016904771327972412, 1.4901161193847656e-08, 0.86324918270111084, 0.43614742159843445, -0.2541186511516571, -0.1204090416431427, 0.66681528091430664, 0.73543119430541992, 0.49020662903785706, -0.60426223278045654, 0.62814384698867798),
            ["RightLowerArm"] = CFrame.new(5.9604644775390625e-08, 0.087268292903900146, 0.03034798800945282, 1, 0, 0, 0, 0.68868470191955566, -0.72506099939346313, 0, 0.72506099939346313, 0.68868470191955566),
            ["RightLowerLeg"] = CFrame.new(1.1175870895385742e-07, 0.041464030742645264, -0.0055279526859521866, 1, -0, 0, 0, 0.94379544258117676, 0.33053013682365417, -0, -0.33053013682365417, 0.94379544258117676),
            ["RightUpperArm"] = CFrame.new(0.030602455139160156, -0.80848735570907593, 0.18235434591770172, 0.70117628574371338, -0.38665163516998291, 0.59904283285140991, 0.55540525913238525, 0.82304030656814575, -0.11886820197105408, -0.44707578420639038, 0.41605910658836365, 0.79184472560882568),
            ["RightUpperLeg"] = CFrame.new(5.9604644775390625e-08, 8.149072527885437e-08, 6.2565959524363279e-08, 0.2473299503326416, -0.52053636312484741, 0.81723302602767944, -0.47215339541435242, -0.8012700080871582, -0.36747470498085022, 0.84610825777053833, -0.29497185349464417, -0.44395112991333008),
            ["UpperTorso"] = CFrame.new(-0.001336975721642375, 0.0026690959930419922, 0.050756871700286865, 0.9995991587638855, 0.01298233401030302, -0.025159278884530067, -0.0090509718284010887, 0.98856794834136963, 0.15050412714481354, 0.026825552806258202, -0.15021608769893646, 0.98828917741775513)
        }},
        {Time = 0.200, Data = {
            ["Head"] = CFrame.new(4.1359030627651384e-25, 0, -2.2351741790771484e-08, 0.99981158971786499, -0.0080776475369930267, 0.01765022799372673, 0.011175530031323433, 0.98301815986633301, -0.18316762149333954, -0.01587093248963356, 0.18333037197589874, 0.98292320966720581),
            ["LeftFoot"] = CFrame.new(-1.4901161193847656e-08, 0.012908816337585449, -2.86102294921875e-06, 0.97981703281402588, -0.15289661288261414, -0.12876829504966736, 0.19244754314422607, 0.89572709798812866, 0.40079542994499207, 0.054060999304056168, -0.41748729348182678, 0.90707319974899292),
            ["LeftHand"] = CFrame.new(0.00048860162496566772, 0.017430245876312256, -1.0430812835693359e-07, 0.8609955906867981, -0.43949395418167114, 0.25599154829978943, 0.15495900809764862, 0.70605635643005371, 0.69099366664886475, -0.48443195223808289, -0.5552743673324585, 0.67601490020751953),
            ["LeftLowerArm"] = CFrame.new(-0.00049996376037597656, 0.088855981826782227, 0.031768262386322021, 1, 0, 0, 0, 0.67400729656219482, -0.73872470855712891, 0, 0.73872470855712891, 0.67400729656219482),
            ["LeftLowerLeg"] = CFrame.new(-2.9802322387695312e-08, 0.064903795719146729, -0.01466943696141243, 1, -0, 0, 0, 0.8498159646987915, 0.52707952260971069, -0, -0.52707952260971069, 0.8498159646987915),
            ["LeftUpperArm"] = CFrame.new(-0.0010526180267333984, -0.7685551643371582, 0.27566218376159668, 0.59113824367523193, 0.42975839972496033, -0.68254190683364868, -0.58219623565673828, 0.81301212310791016, 0.0076775699853897095, 0.55821436643600464, 0.39283472299575806, 0.73080623149871826),
            ["LeftUpperLeg"] = CFrame.new(-5.9604644775390625e-08, 1.0314397513866425e-07, -9.9968630820512772e-05, 0.35481494665145874, 0.45379051566123962, -0.81742310523986816, 0.26128467917442322, -0.88760089874267578, -0.37933492660522461, -0.89768409729003906, -0.078986421227455139, -0.4335026741027832),
            ["LowerTorso"] = CFrame.new(0.001456222147680819, -1.9353020191192627, -0.28606617450714111, 0.99958175420761108, -0.0036369035951793194, 0.028690285980701447, 0.0063639259897172451, 0.99540525674819946, -0.095540083944797516, -0.028210990130901337, 0.095682702958583832, 0.99501204490661621),
            ["RightFoot"] = CFrame.new(2.6077032089233398e-08, 0.0082046389579772949, -0.00010267615289194509, 0.78758937120437622, 0.47134792804718018, 0.39690560102462769, -0.6026918888092041, 0.72337204217910767, 0.33689075708389282, -0.1283176988363266, -0.50454336404800415, 0.85379773378372192),
            ["RightHand"] = CFrame.new(-0.00048722326755523682, 0.019148349761962891, -1.1920928955078125e-07, 0.80947297811508179, 0.50728338956832886, -0.29566380381584167, -0.085704207420349121, 0.60023963451385498, 0.79521512985229492, 0.58086860179901123, -0.61836552619934082, 0.52935409545898438),
            ["RightLowerArm"] = CFrame.new(-2.384185791015625e-07, 0.095375418663024902, 0.03754870593547821, 1, 0, 0, 0, 0.61396795511245728, -0.78933095932006836, 0, 0.78933095932006836, 0.61396795511245728),
            ["RightLowerLeg"] = CFrame.new(7.4505805969238281e-09, 0.037582099437713623, -0.0044643450528383255, 1, -0, 0, 0, 0.95456802845001221, 0.29799306392669678, -0, -0.29799306392669678, 0.95456802845001221),
            ["RightUpperArm"] = CFrame.new(0.063398838043212891, -0.82925158739089966, 0.20361317694187164, 0.63557267189025879, -0.44648003578186035, 0.62984353303909302, 0.59689319133758545, 0.80159604549407959, -0.03409162163734436, -0.4896588921546936, 0.39761704206466675, 0.77597349882125854),
            ["RightUpperLeg"] = CFrame.new(5.9604644775390625e-08, 8.463393896818161e-08, -2.4512701202183962e-08, 0.20523488521575928, -0.51069563627243042, 0.83490651845932007, -0.31249845027923584, -0.84260678291320801, -0.43858784437179565, 0.92748242616653442, -0.17089331150054932, -0.33252418041229248),
            ["UpperTorso"] = CFrame.new(-0.0016436034347862005, 0.015696287155151367, 0.059183988720178604, 0.99958109855651855, 0.011714501306414604, -0.026464294642210007, -0.0036588362418115139, 0.95823252201080322, 0.28596699237823486, 0.028708908706903458, -0.28575038909912109, 0.95787394046783447)
        }},
        {Time = 0.229, Data = {
            ["Head"] = CFrame.new(-4.1359030627651384e-25, -1.1920928955078125e-07, -7.4505805969238281e-09, 0.99981158971786499, -0.0080921808257699013, 0.01764356903731823, 0.011162455193698406, 0.98331868648529053, -0.18154828250408173, -0.015880128368735313, 0.18171103298664093, 0.98322373628616333),
            ["LeftFoot"] = CFrame.new(-2.9802322387695312e-08, 0.012949943542480469, -2.8237700462341309e-06, 0.98027151823043823, -0.1511700451374054, -0.12733945250511169, 0.19022506475448608, 0.89652812480926514, 0.40006473660469055, 0.053685594350099564, -0.41639521718025208, 0.90759730339050293),
            ["LeftHand"] = CFrame.new(0.00048828125, 0.017576336860656738, 1.4901161193847656e-08, 0.85804474353790283, -0.44377619028091431, 0.2584993839263916, 0.15376394987106323, 0.70222795009613037, 0.69514930248260498, -0.49001622200012207, -0.55672132968902588, 0.6707797646522522),
            ["LeftLowerArm"] = CFrame.new(-0.00049966573715209961, 0.089394569396972656, 0.032224535942077637, 1, 0, 0, 0, 0.66925030946731567, -0.74303710460662842, 0, 0.74303710460662842, 0.66925030946731567),
            ["LeftLowerLeg"] = CFrame.new(-2.2351741790771484e-08, 0.065126657485961914, -0.014784324914216995, 1, -0, 0, 0, 0.84863090515136719, 0.52898544073104858, -0, -0.52898544073104858, 0.84863090515136719),
            ["LeftUpperArm"] = CFrame.new(-0.0030056238174438477, -0.76955163478851318, 0.27668052911758423, 0.58725261688232422, 0.4333423376083374, -0.68362909555435181, -0.58413922786712646, 0.81155496835708618, 0.012644022703170776, 0.56028181314468384, 0.39190936088562012, 0.72972005605697632),
            ["LeftUpperLeg"] = CFrame.new(-5.9604644775390625e-08, 1.1583324521780014e-07, -9.9877361208200455e-05, 0.35301494598388672, 0.45213070511817932, -0.81912058591842651, 0.25183472037315369, -0.88909363746643066, -0.3822208046913147, -0.9010881781578064, -0.071353256702423096, -0.42772579193115234),
            ["LowerTorso"] = CFrame.new(0.0013212109915912151, -1.9407877922058105, -0.29154959321022034, 0.99958014488220215, -0.0032837130129337311, 0.028788918629288673, 0.006369234062731266, 0.99415749311447144, -0.10775092244148254, -0.028266897425055504, 0.10788904130458832, 0.99376100301742554),
            ["RightFoot"] = CFrame.new(1.7695128917694092e-08, 0.0081771016120910645, -0.00010281259164912626, 0.78529715538024902, 0.47360515594482422, 0.3987562358379364, -0.60526669025421143, 0.7227664589881897, 0.33355787396430969, -0.13023290038108826, -0.5032958984375, 0.85424387454986572),
            ["RightHand"] = CFrame.new(-0.00048740208148956299, 0.019226551055908203, -2.9802322387695312e-08, 0.80560183525085449, 0.51185643672943115, -0.29834336042404175, -0.08325842022895813, 0.59638190269470215, 0.79837125539779663, 0.58657801151275635, -0.61832970380783081, 0.52306270599365234),
            ["RightLowerArm"] = CFrame.new(-2.9802322387695312e-08, 0.095767617225646973, 0.037972599267959595, 1, 0, 0, 0, 0.60955619812011719, -0.79274284839630127, 0, 0.79274284839630127, 0.60955619812011719),
            ["RightLowerLeg"] = CFrame.new(-8.9406967163085938e-08, 0.03743278980255127, -0.0044259298592805862, 1, -0, 0, 0, 0.95495748519897461, 0.29674258828163147, -0, -0.29674258828163147, 0.95495748519897461),
            ["RightUpperArm"] = CFrame.new(0.06570589542388916, -0.83061283826828003, 0.20493029057979584, 0.63099706172943115, -0.4502103328704834, 0.63178586959838867, 0.5996251106262207, 0.79975652694702148, -0.028970316052436829, -0.49223211407661438, 0.39711481332778931, 0.77460145950317383),
            ["RightUpperLeg"] = CFrame.new(5.9604644775390625e-08, 1.1024530977010727e-07, 2.4847395252436399e-08, 0.20276248455047607, -0.50995045900344849, 0.83596545457839966, -0.30277904868125916, -0.84451389312744141, -0.4417262077331543, 0.93124252557754517, -0.16354717314243317, -0.32563841342926025),
            ["UpperTorso"] = CFrame.new(-0.0016621339600533247, 0.016585826873779297, 0.05958138033747673, 0.99958068132400513, 0.01158086396753788, -0.026539323851466179, -0.0032709022052586079, 0.95583152770996094, 0.29389688372612, 0.028770701959729195, -0.29368683695793152, 0.95546859502792358)
        }},
        {Time = 0.257, Data = {
            ["Head"] = CFrame.new(-1.4475660719677984e-24, 0, -7.4505805969238281e-09, 0.99981099367141724, -0.0080727720633149147, 0.017687873914837837, 0.01101712416857481, 0.98481172323226929, -0.17327582836151123, -0.016020407900214195, 0.17343795299530029, 0.98471450805664062),
            ["LeftFoot"] = CFrame.new(-1.4901161193847656e-08, 0.013184964656829834, -2.8684735298156738e-06, 0.98243772983551025, -0.14275631308555603, -0.1201527938246727, 0.17923939228057861, 0.90099573135375977, 0.39506956934928894, 0.051858477294445038, -0.40966740250587463, 0.91075974702835083),
            ["LeftHand"] = CFrame.new(0.00048813223838806152, 0.018307983875274658, -1.4901161193847656e-08, 0.84188693761825562, -0.46630209684371948, 0.2716408371925354, 0.14699119329452515, 0.68247324228286743, 0.71597760915756226, -0.51924943923950195, -0.56284338235855103, 0.64310759305953979),
            ["LeftLowerArm"] = CFrame.new(-0.00049993395805358887, 0.092032670974731445, 0.03453325480222702, 1, 0, 0, 0, 0.6453126072883606, -0.76391857862472534, 0, 0.76391857862472534, 0.6453126072883606),
            ["LeftLowerLeg"] = CFrame.new(-3.7252902984619141e-08, 0.066386103630065918, -0.015444517135620117, 1, -0, 0, 0, 0.84190845489501953, 0.53962039947509766, -0, -0.53962039947509766, 0.84190845489501953),
            ["LeftUpperArm"] = CFrame.new(-0.013558626174926758, -0.77485138177871704, 0.28191739320755005, 0.56614583730697632, 0.45193016529083252, -0.68937510251998901, -0.59475290775299072, 0.80301052331924438, 0.03798772394657135, 0.57074326276779175, 0.38850128650665283, 0.72340786457061768),
            ["LeftUpperLeg"] = CFrame.new(-1.1920928955078125e-07, 1.0867370292544365e-07, -9.991135448217392e-05, 0.34367728233337402, 0.44281136989593506, -0.82813304662704468, 0.20275838673114777, -0.89603829383850098, -0.39497548341751099, -0.91693800687789917, -0.032166704535484314, -0.39773201942443848),
