return {
    ["Thank You!"] = {
        {Time = 0.000, Data = {
            ["RightFoot"] = CFrame.new(-3.3527612686157227e-08, 2.384185791015625e-07, -3.276363713666797e-08, 0.97044438123703, 0.24088265001773834, -0.014606362208724022, -0.22840461134910583, 0.8972638249397278, -0.3778207004070282, -0.07790450751781464, 0.369990736246109, 0.9257636070251465),
            ["LeftLowerArm"] = CFrame.new(-5.960464477539063e-08, 0, -3.5762786865234375e-07, 1, -5.215404996761208e-08, -7.450578820566989e-09, 5.215404996761208e-08, 0.8786889910697937, -0.477394700050354, 7.450578820566989e-09, 0.47739464044570923, 0.8786889910697937),
            ["RightUpperArm"] = CFrame.new(2.384185791015625e-07, -4.76837158203125e-07, 4.470348358154297e-08, 0.9229457974433899, -0.3095863163471222, 0.22875185310840607, 0.23559726774692535, 0.9242809414863586, 0.3003309965133667, -0.30440935492515564, -0.2232959121465683, 0.9259989261627197),
            ["Head"] = CFrame.new(1.0058283805847168e-07, -2.384185791015625e-07, -2.2351741790771484e-08, 0.8017433881759644, -0.0005179718718864024, 0.5976684093475342, 0.08222784847021103, 0.9905858039855957, -0.10944626480340958, -0.5919849872589111, 0.13689260184764862, 0.7942380905151367),
            ["RightHand"] = CFrame.new(2.9802322387695312e-08, 0, -1.1920928955078125e-07, 0.9184545278549194, 0.2613503336906433, -0.296879380941391, -0.26609569787979126, 0.9636203646659851, 0.02508009597659111, 0.2926337420940399, 0.055963389575481415, 0.954585611820221),
            ["UpperTorso"] = CFrame.new(-3.725290298461914e-09, 2.384185791015625e-07, 4.842877388000488e-08, 0.997328519821167, -0.00713531905785203, 0.07269880175590515, -0.007933847606182098, 0.9787498712539673, 0.20490479469299316, -0.07261586934328079, -0.20493417978286743, 0.9760783314704895),
            ["HumanoidRootPart"] = CFrame.new(0, 0, 0, 1, 0, 0, 0, 1, 0, 0, 0, 1),
            ["RightUpperLeg"] = CFrame.new(5.960464477539063e-08, -1.5832483768463135e-08, 7.281050784513354e-08, 0.9917848706245422, -0.12317314743995667, 0.03451448306441307, 0.11936326324939728, 0.7941254377365112, -0.5959169864654541, 0.04599185287952423, 0.5951412916183472, 0.8023039698600769),
            ["LeftUpperArm"] = CFrame.new(-2.384185791015625e-07, -5.960464477539062e-07, -2.384185791015625e-07, 0.9629702568054199, 0.2572129964828491, 0.08080682903528214, -0.2626166343688965, 0.962688684463501, 0.06529179215431213, -0.060997918248176575, -0.08409536629915237, 0.9945889711380005),
            ["RightLowerArm"] = CFrame.new(-3.8743019104003906e-07, 1.1920928955078125e-07, -1.4901161193847656e-07, 1, -2.9802322387695312e-08, 3.3527616238870905e-08, 2.980232594040899e-08, 0.9397889375686646, -0.34175533056259155, 0, 0.34175539016723633, 0.9397890567779541),
            ["LeftHand"] = CFrame.new(2.9802322387695312e-08, -2.384185791015625e-07, 3.5762786865234375e-07, 0.8412693738937378, 0.34111371636390686, -0.41941285133361816, -0.3148791790008545, 0.9398011565208435, 0.13275928795337677, 0.439450740814209, 0.020378055050969124, 0.8980355858802795),
            ["LeftFoot"] = CFrame.new(-8.381903171539307e-08, -5.960464477539063e-08, -1.862645149230957e-09, 0.9478049874305725, -0.20948296785354614, -0.240381121635437, 0.1592368483543396, 0.9641332030296326, -0.21234561502933502, 0.27624183893203735, 0.16298460960388184, 0.9471674561500549),
            ["LowerTorso"] = CFrame.new(-0.09211011976003647, -0.24176204204559326, 0.015880703926086426, 0.7482774257659912, 0.02491903118789196, -0.6629177331924438, 0.0740538015961647, 0.989910900592804, 0.12079991400241852, 0.6592397093772888, -0.13948343694210052, 0.7388825416564941),
            ["RightLowerLeg"] = CFrame.new(-1.1920928955078125e-07, -0.0001220703125, -0.00007746199116809294, 1, -8.940694584680386e-08, -5.215408194203519e-08, 7.4505820180093e-08, 0.6478963494300842, 0.7617284059524536, -3.72529100900465e-08, -0.7617285251617432, 0.6478966474533081),
            ["LeftUpperLeg"] = CFrame.new(-1.1920928955078125e-07, -1.7695128917694092e-07, 4.470348358154297e-08, 0.696173906326294, 0.6314701437950134, 0.3414493501186371, -0.17358654737472534, 0.6096034646034241, -0.7734671235084534, -0.6965699195861816, 0.47919636964797974, 0.5340046286582947),
            ["LeftLowerLeg"] = CFrame.new(2.2351741790771484e-08, 0.0001226663589477539, 0.00007741153240203857, 1, 6.70552182668871e-08, 6.146728281919422e-08, -5.4016709327697754e-08, 0.6291213035583496, 0.7773071527481079, 5.960464477539063e-08, -0.7773070931434631, 0.6291213631629944),
        }},
        {Time = 0.017, Data = {
            ["RightFoot"] = CFrame.new(-4.470348358154297e-08, 2.980232238769531e-07, -5.75528247281909e-09, 0.9705554246902466, 0.23935668170452118, -0.02703096717596054, -0.23105616867542267, 0.8933818340301514, -0.38533297181129456, -0.06808284670114517, 0.3802333176136017, 0.9223816394805908),
            ["LeftLowerArm"] = CFrame.new(-2.980232238769531e-07, -4.76837158203125e-07, 1.7881393432617188e-07, 1, -4.4703494239684005e-08, 2.0489098417897367e-08, 5.215405707303944e-08, 0.881140410900116, -0.47285494208335876, -5.215405707303944e-08, 0.47285494208335876, 0.881140410900116),
            ["RightUpperArm"] = CFrame.new(1.1920928955078125e-07, -0.0000011920928955078125, -3.2782554626464844e-07, 0.9215848445892334, -0.3101557493209839, 0.2334197610616684, 0.23533792793750763, 0.9246339201927185, 0.2994464933872223, -0.30870285630226135, -0.22103279829025269, 0.9251200556755066),
            ["Head"] = CFrame.new(1.2665987014770508e-07, -1.1920928955078125e-07, -1.9371509552001953e-07, 0.8031070232391357, 0.00011654570698738098, 0.5958348512649536, 0.08208107203245163, 0.9904442429542542, -0.1108282059431076, -0.5901540517807007, 0.13791364431381226, 0.7954232096672058),
            ["RightHand"] = CFrame.new(4.3213367462158203e-07, -3.5762786865234375e-07, -8.940696716308594e-08, 0.9129913449287415, 0.2657324969768524, -0.30956944823265076, -0.26943501830101013, 0.9625007510185242, 0.03157901391386986, 0.3063523769378662, 0.05457745119929314, 0.9503523707389832),
            ["UpperTorso"] = CFrame.new(-1.862645149230957e-08, -2.384185791015625e-07, 5.4016709327697754e-08, 0.9973345398902893, -0.0066390857100486755, 0.07266289740800858, -0.008396092802286148, 0.9787948727607727, 0.20467086136341095, -0.0724809393286705, -0.20473532378673553, 0.9761301279067993),
            ["HumanoidRootPart"] = CFrame.new(0, 0, 0, 1, 0, 0, 0, 1, 0, 0, 0, 1),
            ["RightUpperLeg"] = CFrame.new(5.960464477539063e-08, 2.05356627702713e-07, 7.281050784513354e-08, 0.9911569356918335, -0.12756505608558655, 0.03653988242149353, 0.12443455308675766, 0.7978801727294922, -0.5898334980010986, 0.04608737304806709, 0.5891641974449158, 0.8066977262496948),
            ["LeftUpperArm"] = CFrame.new(0, -0.000001430511474609375, -2.682209014892578e-07, 0.9626522660255432, 0.2573401927947998, 0.08412347733974457, -0.26280590891838074, 0.9628605842590332, 0.06190844625234604, -0.06506776809692383, -0.08170444518327713, 0.9945303201675415),
            ["RightLowerArm"] = CFrame.new(1.1920928955078125e-07, 1.1920928955078125e-07, 5.960464477539063e-08, 1, -2.2351747119842003e-08, 2.980232594040899e-08, -9.313226634333205e-09, 0.9401693940162659, -0.34070757031440735, -1.4901162970204496e-08, 0.3407076299190521, 0.9401693344116211),
            ["LeftHand"] = CFrame.new(0, -4.76837158203125e-07, -7.450580596923828e-08, 0.8456750512123108, 0.3360988199710846, -0.4145737290382385, -0.3103141486644745, 0.9416476488113403, 0.13040322065353394, 0.4342106580734253, 0.01836937852203846, 0.9006239771842957),
            ["LeftFoot"] = CFrame.new(-8.754432201385498e-08, 1.1920928955078125e-07, 5.029141902923584e-08, 0.9459616541862488, -0.20513054728507996, -0.251153826713562, 0.15607549250125885, 0.9668979644775391, -0.20186316967010498, 0.28424832224845886, 0.15175573527812958, 0.9466641545295715),
            ["LowerTorso"] = CFrame.new(-0.09007159620523453, -0.24142253398895264, 0.018529802560806274, 0.7572461366653442, 0.023387251421809196, -0.6527107954025269, 0.06822974979877472, 0.9910581111907959, 0.11466768383979797, 0.6495561003684998, -0.13136593997478485, 0.7488791346549988),
            ["RightLowerLeg"] = CFrame.new(-7.450580596923828e-08, -0.0001227259635925293, -0.00007748434290988371, 1, -2.2351736106429598e-07, -5.215407838932151e-08, 7.450581307466564e-08, 0.640568196773529, 0.7679011225700378, -1.1920930376163597e-07, -0.7679013013839722, 0.6405684947967529),
            ["LeftUpperLeg"] = CFrame.new(0, -5.587935447692871e-09, 5.960464477539063e-08, 0.7024701237678528, 0.622522234916687, 0.34496623277664185, -0.17015039920806885, 0.6175380349159241, -0.7679169178009033, -0.6910749673843384, 0.48074209690093994, 0.5397240519523621),
            ["LeftLowerLeg"] = CFrame.new(-1.1175870895385742e-08, 0.0001227855682373047, 0.00007746368646621704, 1, 8.335337042808533e-08, 6.146726860833951e-08, -4.470348358154297e-08, 0.6387202143669128, 0.7694391012191772, 4.284083843231201e-08, -0.7694391012191772, 0.6387202143669128),
        }},
        {Time = 0.033, Data = {
            ["RightFoot"] = CFrame.new(7.450580596923828e-09, 2.384185791015625e-07, -2.2519088815897703e-08, 0.9707348942756653, 0.23675960302352905, -0.040232229977846146, -0.23312315344810486, 0.8887608051300049, -0.3946615755558014, -0.0576833114027977, 0.3924909830093384, 0.9179453253746033),
            ["LeftLowerArm"] = CFrame.new(-3.5762786865234375e-07, 5.960464477539062e-07, -2.384185791015625e-07, 1, -3.725289943190546e-08, -1.1175867342672063e-08, 2.2351736461700966e-08, 0.8870694637298584, -0.46163591742515564, 0, 0.4616360068321228, 0.8870695233345032),
            ["RightUpperArm"] = CFrame.new(1.1920928955078125e-07, -3.5762786865234375e-07, -2.8312206268310547e-07, 0.9192582964897156, -0.3100578784942627, 0.24254575371742249, 0.23429375886917114, 0.926058292388916, 0.29584208130836487, -0.3163397014141083, -0.21512830257415771, 0.923931360244751),
            ["Head"] = CFrame.new(1.30385160446167e-07, 0, -7.450580596923828e-09, 0.8063181638717651, 0.0010569581063464284, 0.5914812088012695, 0.08156765252351761, 0.9902454018592834, -0.11296407878398895, -0.5858307480812073, 0.13933072984218597, 0.7983665466308594),
            ["RightHand"] = CFrame.new(8.940696716308594e-08, 5.960464477539063e-08, 0, 0.9072831869125366, 0.27146977186203003, -0.32115644216537476, -0.273501455783844, 0.9610515832901001, 0.03971019759774208, 0.3194279372692108, 0.05180841311812401, 0.9461933374404907),
            ["UpperTorso"] = CFrame.new(-5.587935447692871e-09, -2.980232238769531e-07, 1.862645149230957e-08, 0.9973604083061218, -0.0065698400139808655, 0.07231288403272629, -0.008320811204612255, 0.9789964556694031, 0.20370760560035706, -0.07213246822357178, -0.20377156138420105, 0.976357638835907),
            ["HumanoidRootPart"] = CFrame.new(0, 0, 0, 1, 0, 0, 0, 1, 0, 0, 0, 1),
            ["RightUpperLeg"] = CFrame.new(5.960464477539063e-08, 4.256144165992737e-07, -6.129994289949536e-08, 0.9905771017074585, -0.13159620761871338, 0.03793960437178612, 0.1288321614265442, 0.8013602495193481, -0.5841439366340637, 0.046467993408441544, 0.5835273861885071, 0.8107629418373108),
            ["LeftUpperArm"] = CFrame.new(1.1920928955078125e-07, -5.960464477539062e-07, -2.086162567138672e-07, 0.9625584483146667, 0.2569164037704468, 0.08645989000797272, -0.262234628200531, 0.9633232355117798, 0.05693400651216507, -0.06866151839494705, -0.07747501134872437, 0.9946271777153015),
            ["RightLowerArm"] = CFrame.new(-1.1920928955078125e-07, 1.7881393432617188e-07, -3.5762786865234375e-07, 1, -4.4703494239684005e-08, -1.862645326866641e-08, -3.725290298461914e-09, 0.9417322874069214, -0.33636370301246643, -1.4901161193847656e-08, 0.33636370301246643, 0.9417322278022766),
            ["LeftHand"] = CFrame.new(-1.4901161193847656e-07, 1.7881393432617188e-07, -1.043081283569336e-07, 0.8559561967849731, 0.3222183585166931, -0.4043691158294678, -0.2987208068370819, 0.9465225338935852, 0.12190619856119156, 0.42202475666999817, 0.016447076573967934, 0.9064351320266724),
            ["LeftFoot"] = CFrame.new(4.0978193283081055e-08, 1.7881393432617188e-07, -1.2665987014770508e-07, 0.9444729685783386, -0.20198117196559906, -0.2591802775859833, 0.15481771528720856, 0.969266951084137, -0.19118891656398773, 0.28983166813850403, 0.14044690132141113, 0.9467167258262634),
            ["LowerTorso"] = CFrame.new(-0.08635520935058594, -0.24179327487945557, 0.02181391417980194, 0.7667933106422424, 0.021900610998272896, -0.6415204405784607, 0.062030281871557236, 0.9922121167182922, 0.1080159917473793, 0.6388899683952332, -0.1226196363568306, 0.7594630718231201),
            ["RightLowerLeg"] = CFrame.new(2.2351741790771484e-08, -0.00012242794036865234, -0.00007738003478152677, 1, -1.1175869474300271e-07, -3.725290653733282e-08, 1.1920928955078125e-07, 0.6306949257850647, 0.7760307788848877, -1.4156103134155273e-07, -0.7760308980941772, 0.6306951642036438),
            ["LeftUpperLeg"] = CFrame.new(1.1920928955078125e-07, -2.2351741790771484e-08, 0, 0.7112810015678406, 0.6120790839195251, 0.3455985486507416, -0.16852185130119324, 0.6258242130279541, -0.7615408301353455, -0.6824074387550354, 0.4834287166595459, 0.548285722732544),
            ["LeftLowerLeg"] = CFrame.new(-2.2351741790771484e-08, 0.00012284517288208008, 0.00007753074169158936, 1, 6.007031316812572e-08, 2.421439049271612e-08, -6.705523247774181e-08, 0.6484548449516296, 0.7612531185150146, 4.0978196835794733e-08, -0.7612531781196594, 0.6484549045562744),
        }},
        {Time = 0.050, Data = {
            ["RightFoot"] = CFrame.new(3.3527612686157227e-08, 4.172325134277344e-07, 5.9437297750264406e-08, 0.9709343910217285, 0.23309417068958282, -0.05434715375304222, -0.23479092121124268, 0.8834923505783081, -0.4053569436073303, -0.04647134244441986, 0.4063354730606079, 0.9125415682792664),
            ["LeftLowerArm"] = CFrame.new(2.384185791015625e-07, 5.960464477539062e-07, -2.980232238769531e-07, 1, -2.2351736461700966e-08, -2.60770232074492e-08, 1.4901159417490817e-08, 0.8957846164703369, -0.44448840618133545, -1.4901159417490817e-08, 0.44448840618133545, 0.8957846760749817),
            ["RightUpperArm"] = CFrame.new(0, 1.1920928955078125e-07, -1.043081283569336e-07, 0.9157928228378296, -0.30944588780403137, 0.25606003403663635, 0.23271805047988892, 0.9284071326255798, 0.28965961933135986, -0.32736194133758545, -0.20567843317985535, 0.9222421050071716),
            ["Head"] = CFrame.new(9.499490261077881e-08, -4.76837158203125e-07, 9.685754776000977e-08, 0.8112056255340576, 0.0022912807762622833, 0.58475661277771, 0.08076030761003494, 0.9899706244468689, -0.11591408401727676, -0.5791574120521545, 0.141255185008049, 0.8028845191001892),
            ["RightHand"] = CFrame.new(0, 5.960464477539063e-08, 2.086162567138672e-07, 0.9011326432228088, 0.27733084559440613, -0.3332380950450897, -0.2770571708679199, 0.9595835208892822, 0.0493844635784626, 0.3334655165672302, 0.04782410338521004, 0.9415485858917236),
            ["UpperTorso"] = CFrame.new(8.381903171539307e-09, -8.940696716308594e-08, 3.073364496231079e-08, 0.9974066019058228, -0.006822911556810141, 0.07164877653121948, -0.00782067608088255, 0.9793277978897095, 0.20212839543819427, -0.071546770632267, -0.20216450095176697, 0.9767347574234009),
            ["HumanoidRootPart"] = CFrame.new(0, 0, 0, 1, 0, 0, 0, 1, 0, 0, 0, 1),
            ["RightUpperLeg"] = CFrame.new(-2.9802322387695312e-08, -1.8207356333732605e-07, -7.620110409334302e-08, 0.9900959730148315, -0.13489747047424316, 0.038892071694135666, 0.13238875567913055, 0.8049175143241882, -0.5784298181533813, 0.04672393947839737, 0.5778498649597168, 0.8148044943809509),
            ["LeftUpperArm"] = CFrame.new(-3.5762786865234375e-07, 0, 8.940696716308594e-08, 0.9626296758651733, 0.2561925947666168, 0.08780436962842941, -0.26114532351493835, 0.9639859795570374, 0.050340987741947174, -0.07174511253833771, -0.07138940691947937, 0.9948650002479553),
            ["RightLowerArm"] = CFrame.new(-1.4901161193847656e-07, 0, 1.7881393432617188e-07, 1, -3.352760202801619e-08, -2.2351734685344127e-08, 1.6763795684937577e-08, 0.9441898465156555, -0.32940179109573364, 0, 0.3294018507003784, 0.9441899061203003),
            ["LeftHand"] = CFrame.new(-2.980232238769531e-07, -4.172325134277344e-07, -1.7881393432617188e-07, 0.8717983365058899, 0.3002731204032898, -0.3870450258255005, -0.28010356426239014, 0.9537596106529236, 0.10901720821857452, 0.40188276767730713, 0.013371686451137066, 0.9155935049057007),
            ["LeftFoot"] = CFrame.new(3.725290298461914e-08, 5.960464477539063e-08, 1.862645149230957e-09, 0.9433883428573608, -0.20004156231880188, -0.26457804441452026, 0.15546251833438873, 0.9712945222854614, -0.1800510734319687, 0.29300132393836975, 0.12872590124607086, 0.947407066822052),
            ["LowerTorso"] = CFrame.new(-0.08102940768003464, -0.24264419078826904, 0.025818005204200745, 0.7768106460571289, 0.020409930497407913, -0.6294034719467163, 0.05562756955623627, 0.9933435916900635, 0.10086718201637268, 0.6272726655006409, -0.11336687207221985, 0.7705045342445374),
            ["RightLowerLeg"] = CFrame.new(2.9802322387695312e-08, -0.00012236833572387695, -0.00007730552897555754, 1, -9.685752644372769e-08, -9.685754776000977e-08, 1.4901162614933128e-07, 0.6190451383590698, 0.785355269908905, 2.980232594040899e-08, -0.7853553891181946, 0.6190453767776489),
            ["LeftUpperLeg"] = CFrame.new(2.9802322387695312e-08, 2.3096799850463867e-07, 7.450580596923828e-08, 0.7222815155982971, 0.600256085395813, 0.3435138165950775, -0.1685570776462555, 0.6345030069351196, -0.7543173432350159, -0.6707444190979004, 0.4869278371334076, 0.5594671964645386),
            ["LeftLowerLeg"] = CFrame.new(3.3527612686157227e-08, 0.0001227259635925293, 0.00007731467485427856, 1, 3.585590491184121e-08, 2.7939673685750677e-08, -1.0430814256778831e-07, 0.6587024331092834, 0.7524038553237915, 4.4703490686970326e-08, -0.7524034976959229, 0.65870201587677),
        }},
        {Time = 0.067, Data = {
            ["RightFoot"] = CFrame.new(1.1175870895385742e-08, 2.980232238769531e-07, -1.3205863069742918e-08, 0.9711155891418457, 0.22827550768852234, -0.06946278363466263, -0.23614147305488586, 0.8776791095733643, -0.417032390832901, -0.034232381731271744, 0.42139023542404175, 0.9062333703041077),
            ["LeftLowerArm"] = CFrame.new(4.76837158203125e-07, -1.1920928955078125e-07, 5.960464477539063e-08, 1, -2.9802322387695312e-08, 4.656612162534657e-08, 2.9802322387695312e-08, 0.9065678119659424, -0.4220602810382843, 0, 0.4220603108406067, 0.9065678119659424),
            ["RightUpperArm"] = CFrame.new(2.384185791015625e-07, -5.960464477539062e-07, 1.4901161193847656e-08, 0.9109989404678345, -0.3084487020969391, 0.2737524211406708, 0.2309521734714508, 0.9315045475959778, 0.2809990644454956, -0.34167540073394775, -0.19276608526706696, 0.9198364615440369),
            ["Head"] = CFrame.new(1.7043203115463257e-07, 0, -3.725290298461914e-08, 0.8176667094230652, 0.003704485483467579, 0.5756798982620239, 0.07982651889324188, 0.9895898103713989, -0.1197495087981224, -0.5701305866241455, 0.14386963844299316, 0.8088589906692505),
            ["RightHand"] = CFrame.new(2.2351741790771484e-07, -2.384185791015625e-07, 8.940696716308594e-08, 0.8943786025047302, 0.2820071578025818, -0.3472161889076233, -0.2790273427963257, 0.9584259986877441, 0.059694476425647736, 0.34961527585983276, 0.043493304401636124, 0.9358832836151123),
            ["UpperTorso"] = CFrame.new(-1.862645149230957e-08, 2.9802322387695312e-08, -3.259629011154175e-08, 0.9974709153175354, -0.007357904687523842, 0.07069456577301025, -0.006950560957193375, 0.9797625541687012, 0.20004305243492126, -0.07073549181222916, -0.2000284641981125, 0.9772334694862366),
            ["HumanoidRootPart"] = CFrame.new(0, 0, 0, 1, 0, 0, 0, 1, 0, 0, 0, 1),
            ["RightUpperLeg"] = CFrame.new(-2.9802322387695312e-08, 2.6868656277656555e-07, -3.149762051180005e-08, 0.9897549152374268, -0.13717924058437347, 0.03958817571401596, 0.13499106466770172, 0.8087765574455261, -0.572413980960846, 0.04650549963116646, 0.5718936324119568, 0.8190086483955383),
            ["LeftUpperArm"] = CFrame.new(-3.5762786865234375e-07, 0, -2.9802322387695312e-08, 0.9627960324287415, 0.25527045130729675, 0.088661327958107, -0.25965872406959534, 0.9647905826568604, 0.04191038757562637, -0.07484102249145508, -0.06337286531925201, 0.9951797723770142),
            ["RightLowerArm"] = CFrame.new(5.960464477539063e-08, -2.384185791015625e-07, 2.9802322387695312e-08, 1, -3.3527616238870905e-08, 0, 1.1175868230850483e-08, 0.947265625, -0.3204496502876282, -7.450578820566989e-09, 0.3204496502876282, 0.947265625),
            ["LeftHand"] = CFrame.new(-2.980232238769531e-07, -1.1920928955078125e-07, -1.4901161193847656e-08, 0.8928841352462769, 0.2712008059024811, -0.3594554662704468, -0.25475141406059265, 0.9624878764152527, 0.09337478876113892, 0.37129470705986023, 0.008198924362659454, 0.9284788966178894),
            ["LeftFoot"] = CFrame.new(-1.0058283805847168e-07, 5.960464477539063e-08, -5.587935447692871e-09, 0.9427106976509094, -0.19931986927986145, -0.26752227544784546, 0.15800189971923828, 0.9730122089385986, -0.16817475855350494, 0.2938232421875, 0.11627095192670822, 0.9487618803977966),
            ["LowerTorso"] = CFrame.new(-0.07414660602807999, -0.24376261234283447, 0.03064151108264923, 0.7871842980384827, 0.018950775265693665, -0.6164266467094421, 0.0491204559803009, 0.9944257736206055, 0.09329897910356522, 0.6147586107254028, -0.10372265428304672, 0.7818653583526611),
            ["RightLowerLeg"] = CFrame.new(1.4901161193847656e-08, -0.0001221299171447754, -0.00007746199116809294, 1, -8.940694584680386e-08, -3.7252920748187535e-08, 1.1920930376163597e-07, 0.6062273383140564, 0.7952914834022522, -1.4156104555240745e-07, -0.7952914834022522, 0.6062272191047668),
            ["LeftUpperLeg"] = CFrame.new(5.960464477539063e-08, 9.201467037200928e-07, -4.470348358154297e-08, 0.7350648641586304, 0.587225079536438, 0.3388896882534027, -0.1701982021331787, 0.6436538696289062, -0.7461515069007874, -0.6562867760658264, 0.4907916188240051, 0.5730721950531006),
            ["LeftLowerLeg"] = CFrame.new(8.940696716308594e-08, 0.00012260675430297852, 0.0000773109495639801, 1, 1.0384248128048057e-07, 2.4214401150857157e-08, -7.264315371457997e-08, 0.6698500514030457, 0.7424967288970947, 6.70552182668871e-08, -0.7424964904785156, 0.6698498129844666),
        }},
        {Time = 0.083, Data = {
            ["RightFoot"] = CFrame.new(-4.470348358154297e-08, 4.172325134277344e-07, 5.012407200410962e-08, 0.9712586402893066, 0.22227336466312408, -0.085153728723526, -0.2370845079421997, 0.8715908527374268, -0.429092139005661, -0.02115638740360737, 0.4369485378265381, 0.8992379307746887),
            ["LeftLowerArm"] = CFrame.new(3.5762786865234375e-07, 7.748603820800781e-07, 2.384185791015625e-07, 1, -4.470347292340193e-08, -4.0978193283081055e-08, 4.470347647611561e-08, 0.9185308814048767, -0.3953492045402527, -2.9802318834981634e-08, 0.3953491747379303, 0.9185309410095215),
            ["RightUpperArm"] = CFrame.new(1.1920928955078125e-07, -3.5762786865234375e-07, 2.2351741790771484e-07, 0.9046393036842346, -0.3071349263191223, 0.29545876383781433, 0.22936376929283142, 0.9351807236671448, 0.2698689103126526, -0.3591933846473694, -0.17636659741401672, 0.9164469242095947),
            ["Head"] = CFrame.new(1.471489667892456e-07, -2.384185791015625e-07, -1.4901161193847656e-08, 0.8252196907997131, 0.005438316147774458, 0.5647857785224915, 0.0786273181438446, 0.9891110062599182, -0.12440801411867142, -0.5593122839927673, 0.14707155525684357, 0.8158061504364014),
            ["RightHand"] = CFrame.new(2.9802322387695312e-08, -7.152557373046875e-07, -2.384185791015625e-07, 0.8867712616920471, 0.28486475348472595, -0.3639901578426361, -0.2786048948764801, 0.9577903747558594, 0.07083135098218918, 0.36880356073379517, 0.038598187267780304, 0.9287056922912598),
            ["UpperTorso"] = CFrame.new(-3.550667315721512e-09, -1.7881393432617188e-07, 9.313225746154785e-10, 0.9975505471229553, -0.008013203740119934, 0.06949005275964737, -0.005886211059987545, 0.9802777171134949, 0.1975376307964325, -0.06970226019620895, -0.1974627673625946, 0.9778293371200562),
            ["HumanoidRootPart"] = CFrame.new(0, 0, 0, 1, 0, 0, 0, 1, 0, 0, 0, 1),
            ["RightUpperLeg"] = CFrame.new(-5.960464477539063e-08, -1.4994293451309204e-07, 4.300818545743823e-08, 0.9895837903022766, -0.13842326402664185, 0.039537180215120316, 0.13635259866714478, 0.813162088394165, -0.5658404231071472, 0.046175140887498856, 0.5653374195098877, 0.8235663771629333),
            ["LeftUpperArm"] = CFrame.new(-2.384185791015625e-07, -4.76837158203125e-07, -2.086162567138672e-07, 0.9630239009857178, 0.2544962763786316, 0.08841290324926376, -0.2580975592136383, 0.965594470500946, 0.031827282160520554, -0.0772709771990776, -0.05346960574388504, 0.9955753087997437),
            ["RightLowerArm"] = CFrame.new(-2.980232238769531e-07, 1.1920928955078125e-07, 3.2782554626464844e-07, 1, -2.60770232074492e-08, 1.862645326866641e-08, 3.725290298461914e-08, 0.950711727142334, -0.3100760281085968, 0, 0.3100760579109192, 0.9507118463516235),
            ["LeftHand"] = CFrame.new(5.960464477539063e-08, 5.960464477539063e-08, 1.4901161193847656e-07, 0.9167342185974121, 0.23611611127853394, -0.3222540020942688, -0.22337451577186584, 0.9717231392860413, 0.07653716206550598, 0.3312133848667145, 0.0018191118724644184, 0.943554162979126),
            ["LeftFoot"] = CFrame.new(5.029141902923584e-08, 0, 3.725290298461914e-09, 0.9424333572387695, -0.19972804188728333, -0.26819390058517456, 0.1623496562242508, 0.9744526147842407, -0.15519316494464874, 0.29233866930007935, 0.10271787643432617, 0.9507823586463928),
            ["LowerTorso"] = CFrame.new(-0.06582123786211014, -0.24488604068756104, 0.03635604679584503, 0.7978237867355347, 0.017447087913751602, -0.602638304233551, 0.04271721839904785, 0.9954330921173096, 0.08537162840366364, 0.6013755798339844, -0.09385453909635544, 0.7934349179267883),
            ["RightLowerLeg"] = CFrame.new(-1.0058283805847168e-07, -0.00012254714965820312, -0.00007740238652331755, 1, -1.043081283569336e-07, -6.705524668859653e-08, 1.341104507446289e-07, 0.5931549668312073, 0.8050881624221802, -1.564621925354004e-07, -0.8050884008407593, 0.5931552052497864),
            ["LeftUpperLeg"] = CFrame.new(1.1920928955078125e-07, 1.0337680578231812e-07, -5.960464477539063e-08, 0.7492995858192444, 0.5730738639831543, 0.33186793327331543, -0.17324946820735931, 0.6533190608024597, -0.7369931936264038, -0.639167308807373, 0.4947327971458435, 0.5888164639472961),
            ["LeftLowerLeg"] = CFrame.new(-7.078051567077637e-08, 0.0001227855682373047, 0.00007759407162666321, 1, 8.894132719206027e-08, 5.494801769145852e-08, -5.4016709327697754e-08, 0.6823133230209351, 0.7310595512390137, -7.450580596923828e-09, -0.7310599684715271, 0.6823136210441589),
        }},
        {Time = 0.100, Data = {
            ["RightFoot"] = CFrame.new(4.470348358154297e-08, 3.5762786865234375e-07, -2.8107024263590574e-08, 0.9713587164878845, 0.21503916382789612, -0.1010970026254654, -0.23750409483909607, 0.8654620051383972, -0.441097617149353, -0.007357981987297535, 0.45247527956962585, 0.8917467594146729),
            ["LeftLowerArm"] = CFrame.new(-5.960464477539063e-08, 9.5367431640625e-07, 2.384185791015625e-07, 1, 0, 0, 2.9802318834981634e-08, 0.9308496117591858, -0.36540257930755615, 1.4901159417490817e-08, 0.36540257930755615, 0.9308496117591858),
            ["RightUpperArm"] = CFrame.new(2.384185791015625e-07, -3.5762786865234375e-07, 5.960464477539063e-08, 0.8964084982872009, -0.30557239055633545, 0.3210568130016327, 0.22834783792495728, 0.9392207264900208, 0.256362646818161, -0.37988051772117615, -0.15649309754371643, 0.9117021560668945),
            ["Head"] = CFrame.new(1.4901161193847656e-07, 0, -2.2351741790771484e-08, 0.8334373235702515, 0.007561688311398029, 0.5525623559951782, 0.07712004333734512, 0.988530158996582, -0.1298489272594452, -0.5472064018249512, 0.15083454549312592, 0.8232946991920471),
            ["RightHand"] = CFrame.new(1.6391277313232422e-07, -1.1920928955078125e-07, -1.1920928955078125e-07, 0.877815306186676, 0.28467437624931335, -0.3852285146713257, -0.274527907371521, 0.9580416679382324, 0.0824057012796402, 0.3925236463546753, 0.03341897204518318, 0.9191345572471619),
            ["UpperTorso"] = CFrame.new(6.51925802230835e-09, -2.980232238769531e-07, 4.936009645462036e-08, 0.9976436495780945, -0.008661543019115925, 0.06805982440710068, -0.004766899161040783, 0.9808510541915894, 0.1947009116411209, -0.06844283640384674, -0.194566547870636, 0.9784985780715942),
            ["HumanoidRootPart"] = CFrame.new(0, 0, 0, 1, 0, 0, 0, 1, 0, 0, 0, 1),
            ["RightUpperLeg"] = CFrame.new(5.960464477539063e-08, -1.30385160446167e-08, -3.149762051180005e-08, 0.9896136522293091, -0.13850244879722595, 0.038494668900966644, 0.13624709844589233, 0.8182969689369202, -0.5584145188331604, 0.04584205150604248, 0.5578594207763672, 0.8286684155464172),
            ["LeftUpperArm"] = CFrame.new(-1.1920928955078125e-07, -5.960464477539062e-07, -1.7881393432617188e-07, 0.9632539749145508, 0.2541719079017639, 0.08682403713464737, -0.25677862763404846, 0.9662609100341797, 0.020116301253437996, -0.07878163456916809, -0.04167167469859123, 0.9960206151008606),
            ["RightLowerArm"] = CFrame.new(-4.470348358154297e-07, -1.1920928955078125e-07, -2.682209014892578e-07, 1, -3.539026138810186e-08, 3.725290742551124e-09, 3.3527619791584584e-08, 0.9542703628540039, -0.29894500970840454, 1.4901164746561335e-08, 0.29894500970840454, 0.9542704224586487),
            ["LeftHand"] = CFrame.new(0, -1.1920928955078125e-07, -5.960464477539063e-08, 0.9412515759468079, 0.19642293453216553, -0.27470663189888, -0.18704481422901154, 0.980505108833313, 0.060200583189725876, 0.28117603063583374, -0.005281434860080481, 0.9596417546272278),
            ["LeftFoot"] = CFrame.new(-7.078051567077637e-08, 1.1920928955078125e-07, -8.195638656616211e-08, 0.9425315856933594, -0.2011980265378952, -0.26674675941467285, 0.1684540957212448, 0.975622296333313, -0.14065761864185333, 0.28854382038116455, 0.08763962984085083, 0.9534472227096558),
            ["LowerTorso"] = CFrame.new(-0.05612197890877724, -0.24570691585540771, 0.043078526854515076, 0.8086215853691101, 0.01589510776102543, -0.5881144404411316, 0.036560963839292526, 0.9963452816009521, 0.07719755172729492, 0.5871920585632324, -0.08392563462257385, 0.8050851225852966),
            ["RightLowerLeg"] = CFrame.new(9.313225746154785e-08, -0.00012230873107910156, -0.00007738003478152677, 1, -1.1175872316471214e-07, -4.470350489782504e-08, 4.470347647611561e-08, 0.5806581377983093, 0.8141475319862366, -1.5646217832454568e-07, -0.8141475915908813, 0.5806581974029541),
            ["LeftUpperLeg"] = CFrame.new(5.960464477539063e-08, -2.39349901676178e-07, 1.4901161193847656e-08, 0.764557421207428, 0.5579536557197571, 0.3227066993713379, -0.17760033905506134, 0.6636452674865723, -0.7266588807106018, -0.619604766368866, 0.4982597231864929, 0.6064878106117249),
            ["LeftLowerLeg"] = CFrame.new(3.725290298461914e-09, 0.00012242794036865234, 0.00007739663124084473, 1, 2.0721927285194397e-08, 6.426123633218594e-08, -8.568168397005138e-08, 0.696603000164032, 0.7174565196037292, 1.4901162970204496e-08, -0.7174568176269531, 0.6966033577919006),
        }},
        {Time = 0.117, Data = {
            ["RightFoot"] = CFrame.new(-1.1175870895385742e-08, 3.5762786865234375e-07, 1.6952981241047382e-09, 0.9713902473449707, 0.20661531388759613, -0.11709503829479218, -0.23738205432891846, 0.8595332503318787, -0.4526054561138153, 0.007131725549697876, 0.4674534499645233, 0.8839893937110901),
            ["LeftLowerArm"] = CFrame.new(2.980232238769531e-07, 9.5367431640625e-07, -2.384185791015625e-07, 1, -4.470347292340193e-08, 1.6763802790364934e-08, 4.097818262494002e-08, 0.9428024291992188, -0.333352267742157, 7.450578820566989e-09, 0.3333522379398346, 0.942802369594574),
            ["RightUpperArm"] = CFrame.new(0, 0, 1.4901161193847656e-07, 0.8861677646636963, -0.3036671280860901, 0.3499900996685028, 0.22839948534965515, 0.9434512853622437, 0.24027791619300842, -0.4031631350517273, -0.13298897445201874, 0.9054133892059326),
            ["Head"] = CFrame.new(9.313225746154785e-08, -1.1920928955078125e-07, 5.21540641784668e-08, 0.8421270847320557, 0.010077470913529396, 0.5391849875450134, 0.07528503984212875, 0.9878377914428711, -0.1360468864440918, -0.5339983105659485, 0.15516133606433868, 0.8311262726783752),
            ["RightHand"] = CFrame.new(2.384185791015625e-07, -1.7881393432617188e-07, -8.940696716308594e-08, 0.867509126663208, 0.2815898656845093, -0.4100429117679596, -0.26697736978530884, 0.9591240882873535, 0.09383009374141693, 0.4197036623954773, 0.02807369828224182, 0.9072270393371582),
            ["UpperTorso"] = CFrame.new(-4.6566128730773926e-09, -3.5762786865234375e-07, 1.6763806343078613e-08, 0.9977458119392395, -0.009162758477032185, 0.06647931039333344, -0.0037432312965393066, 0.9814938902854919, 0.1914571225643158, -0.06700313836336136, -0.19127443432807922, 0.9792470335960388),
            ["HumanoidRootPart"] = CFrame.new(0, 0, 0, 1, 0, 0, 0, 1, 0, 0, 0, 1),
            ["RightUpperLeg"] = CFrame.new(-1.1920928955078125e-07, -2.7008354663848877e-07, 3.55576048605144e-08, 0.9898458123207092, -0.1375087946653366, 0.03600899502635002, 0.13449934124946594, 0.8240851759910583, -0.5502666234970093, 0.04599211364984512, 0.5495225787162781, 0.8342121839523315),
            ["LeftUpperArm"] = CFrame.new(0, -5.960464477539062e-07, -1.4901161193847656e-07, 0.9635083675384521, 0.2544247508049011, 0.08318500965833664, -0.255857914686203, 0.9666900634765625, 0.006869155913591385, -0.07866647094488144, -0.0279020294547081, 0.9965105056762695),
            ["RightLowerArm"] = CFrame.new(-4.76837158203125e-07, 2.384185791015625e-07, 5.960464477539063e-08, 1, -1.0244551873483942e-08, -1.862645593320167e-09, 3.352762334429826e-08, 0.9578041434288025, -0.28742197155952454, 1.4901166522918174e-08, 0.2874220013618469, 0.9578041434288025),
            ["LeftHand"] = CFrame.new(-5.960464477539063e-08, 1.7881393432617188e-07, -2.2351741790771484e-08, 0.9637060761451721, 0.15357592701911926, -0.21836896240711212, -0.14725875854492188, 0.9880731701850891, 0.045015983283519745, 0.22267788648605347, -0.011225410737097263, 0.9748274683952332),
            ["LeftFoot"] = CFrame.new(-2.0489096641540527e-08, 0, -4.6566128730773926e-08, 0.9429121017456055, -0.20366351306438446, -0.2635103464126587, 0.17612940073013306, 0.9764673113822937, -0.12445911020040512, 0.28265729546546936, 0.07094195485115051, 0.9565941095352173),
            ["LowerTorso"] = CFrame.new(-0.04523961991071701, -0.24615347385406494, 0.050771161913871765, 0.8195371031761169, 0.014249885454773903, -0.5728489756584167, 0.030854105949401855, 0.9971432685852051, 0.06894532591104507, 0.5721948742866516, -0.07417799532413483, 0.8167561292648315),
            ["RightLowerLeg"] = CFrame.new(8.568167686462402e-08, -0.00012230873107910156, -0.00007739121065242216, 1, -5.21540464148984e-08, -1.2665994120197865e-07, 1.3411040811206476e-07, 0.5692708492279053, 0.8221502304077148, -8.195635814445268e-08, -0.8221500515937805, 0.5692707300186157),
            ["LeftUpperLeg"] = CFrame.new(2.086162567138672e-07, -1.6158446669578552e-07, -8.195638656616211e-08, 0.7805825471878052, 0.5420055389404297, 0.311320960521698, -0.18308128416538239, 0.6744861602783203, -0.7152268290519714, -0.5976388454437256, 0.5012968182563782, 0.6257235407829285),
            ["LeftLowerLeg"] = CFrame.new(5.587935447692871e-08, 0.00012248754501342773, 0.00007753074169158936, 1, 5.6461431086063385e-08, 3.7718553613785843e-08, -3.352760558072987e-08, 0.712738573551178, 0.7014297842979431, 3.725289587919178e-08, -0.7014298439025879, 0.712738573551178),
        }},
        {Time = 0.133, Data = {
            ["RightFoot"] = CFrame.new(7.078051567077637e-08, 3.5762786865234375e-07, -7.281050784513354e-08, 0.9713510274887085, 0.19701412320137024, -0.13290080428123474, -0.23660452663898468, 0.8541024923324585, -0.46317100524902344, 0.022259389981627464, 0.4813465178012848, 0.8762478232383728),
            ["LeftLowerArm"] = CFrame.new(8.940696716308594e-08, 4.76837158203125e-07, 2.682209014892578e-07, 1, -2.2351738238057806e-08, 6.51925624595151e-09, 2.607702853651972e-08, 0.9537858963012695, -0.300487220287323, -4.8428766774577525e-08, 0.3004871606826782, 0.9537858963012695),
            ["RightUpperArm"] = CFrame.new(5.960464477539062e-07, -1.1920928955078125e-07, -7.450580596923828e-08, 0.8736951351165771, -0.30133458971977234, 0.3819088041782379, 0.22998028993606567, 0.9476351141929626, 0.22157807648181915, -0.42867934703826904, -0.10576020181179047, 0.8972451686859131),
            ["Head"] = CFrame.new(1.6391277313232422e-07, 3.5762786865234375e-07, -6.705522537231445e-08, 0.8509349226951599, 0.01309429295361042, 0.5251079797744751, 0.07302767783403397, 0.9870314598083496, -0.14295397698879242, -0.5201698541641235, 0.15999194979667664, 0.8389433026313782),
            ["RightHand"] = CFrame.new(4.209578037261963e-07, -6.556510925292969e-07, 9.685754776000977e-08, 0.8556439876556396, 0.2749902606010437, -0.43846750259399414, -0.2552843689918518, 0.9611861705780029, 0.1046469658613205, 0.4502258598804474, 0.0223933644592762, 0.8926339745521545),
            ["UpperTorso"] = CFrame.new(0, -4.172325134277344e-07, 2.60770320892334e-08, 0.9978535771369934, -0.009329399093985558, 0.06481771916151047, -0.0030150399543344975, 0.9822052121162415, 0.18778711557388306, -0.06541609764099121, -0.18757939338684082, 0.9800688028335571),
            ["HumanoidRootPart"] = CFrame.new(0, 0, 0, 1, 0, 0, 0, 1, 0, 0, 0, 1),
            ["RightUpperLeg"] = CFrame.new(5.960464477539063e-08, -2.1373853087425232e-07, 3.55576048605144e-08, 0.9902778267860413, -0.13546030223369598, 0.0316271148622036, 0.13089683651924133, 0.8305098414421082, -0.541405439376831, 0.047072578221559525, 0.5402814745903015, 0.8401665091514587),
            ["LeftUpperArm"] = CFrame.new(-3.5762786865234375e-07, -1.1920928955078125e-07, -2.086162567138672e-07, 0.9637631177902222, 0.25550583004951477, 0.07666481286287308, -0.2556782066822052, 0.9667311310768127, -0.007724973373115063, -0.07608801871538162, -0.012156473472714424, 0.9970269799232483),
            ["RightLowerArm"] = CFrame.new(-5.662441253662109e-07, -7.152557373046875e-07, 5.960464477539063e-08, 1, -2.0954757928848267e-08, 1.30385116037246e-08, 2.514570951461792e-08, 0.9611592888832092, -0.2759943902492523, 7.450580596923828e-09, 0.2759944200515747, 0.9611592888832092),
            ["LeftHand"] = CFrame.new(-2.384185791015625e-07, 0, -1.1175870895385742e-07, 0.981838583946228, 0.10945356637239456, -0.15496143698692322, -0.10575952380895615, 0.9938796758651733, 0.03191059082746506, 0.15750578045845032, -0.014942413195967674, 0.9874050617218018),
            ["LeftFoot"] = CFrame.new(3.725290298461914e-08, -1.1920928955078125e-07, 6.472691893577576e-08, 0.9435384273529053, -0.20705939829349518, -0.25857675075531006, 0.1852535605430603, 0.9769241213798523, -0.10630256682634354, 0.27462053298950195, 0.05239837244153023, 0.9601239562034607),
            ["LowerTorso"] = CFrame.new(-0.033313777297735214, -0.24601519107818604, 0.059479668736457825, 0.8305193781852722, 0.012483179569244385, -0.5568499565124512, 0.025772687047719955, 0.997816801071167, 0.0608074776828289, 0.5563932657241821, -0.06485329568386078, 0.8283843994140625),
