return {
    ["The Crane Kicker"] = {
        {Time = 0.000, Data = {
            ["RightFoot"] = CFrame.new(0, 3.5762786865234375e-07, 1.20904587674886e-07, 0.9540473222732544, 0.29936736822128296, 0.01316193025559187, -0.2664601504802704, 0.867633044719696, -0.4197753369808197, -0.13708685338497162, 0.3969786763191223, 0.9075326919555664),
            ["LeftLowerArm"] = CFrame.new(4.76837158203125e-07, -3.5762786865234375e-07, 1.7881393432617188e-07, 1, -2.7939680791178034e-08, -5.2154071283894154e-08, 7.078052277620372e-08, 0.8528937697410583, -0.5220845341682434, 5.2154071283894154e-08, 0.5220844745635986, 0.8528938293457031),
            ["RightUpperArm"] = CFrame.new(-5.960464477539063e-08, -1.1920928955078125e-07, 0, 0.9505383372306824, -0.2973043620586395, -0.0899275690317154, 0.3039150834083557, 0.9500008225440979, 0.07165320217609406, 0.06412845849990845, -0.09543948620557785, 0.9933674335479736),
            ["Head"] = CFrame.new(-4.0046870708465576e-08, 2.384185791015625e-07, 1.4901161193847656e-08, 0.9378485083580017, -0.026067009195685387, 0.34606480598449707, 0.040913406759500504, 0.9985260367393494, -0.03566378727555275, -0.3446250557899475, 0.04760592803359032, 0.9375325441360474),
            ["RightHand"] = CFrame.new(-3.129243850708008e-07, 1.7881393432617188e-07, 8.940696716308594e-08, 0.9987737536430359, 0.02497004345059395, -0.04275113716721535, -0.03137512505054474, 0.9871947765350342, -0.15640409290790558, 0.03829829394817352, 0.15755359828472137, 0.9867675304412842),
            ["UpperTorso"] = CFrame.new(5.295532901072875e-10, 5.960464477539063e-08, -1.3504177331924438e-08, 0.9965613484382629, 0.01131392177194357, -0.08208335191011429, 0.005964286625385284, 0.9782696962356567, 0.2072509378194809, 0.08264447003602982, -0.20702777802944183, 0.9748381972312927),
            ["HumanoidRootPart"] = CFrame.new(0, 0, 0, 1, 0, 0, 0, 1, 0, 0, 0, 1),
            ["RightUpperLeg"] = CFrame.new(0, -9.220093488693237e-08, -5.8862497098743916e-09, 0.8849331736564636, -0.31044062972068787, -0.34715962409973145, 0.3199150860309601, 0.9469295740127563, -0.031288545578718185, 0.33844900131225586, -0.08337345719337463, 0.9372840523719788),
            ["LeftUpperArm"] = CFrame.new(0, -3.5762786865234375e-07, 0, 0.8254820108413696, 0.4147714078426361, -0.3828109800815582, -0.41678929328918457, 0.9052865505218506, 0.08211621642112732, 0.3806131184101105, 0.09176605939865112, 0.9201698899269104),
            ["RightLowerArm"] = CFrame.new(-8.940696716308594e-08, 4.76837158203125e-07, 1.1920928955078125e-07, 1, -4.470347292340193e-08, -7.4505797087454084e-09, 8.195634393359796e-08, 0.8691561818122864, -0.49453771114349365, 1.4901154088420299e-08, 0.49453771114349365, 0.8691561818122864),
            ["LeftHand"] = CFrame.new(1.1920928955078125e-07, 2.980232238769531e-07, 1.1920928955078125e-07, 0.9954923391342163, -0.043759070336818695, 0.08414370566606522, 0.04834526404738426, 0.9974096417427063, -0.053262077271938324, -0.08159497380256653, 0.05708986520767212, 0.9950291514396667),
            ["LeftFoot"] = CFrame.new(0, -5.960464477539063e-08, 5.587935447692871e-08, 0.9661881327629089, -0.2467355579137802, -0.07484789192676544, 0.2553212344646454, 0.9560198187828064, 0.14435029029846191, 0.035939738154411316, -0.15858015418052673, 0.986691951751709),
            ["LowerTorso"] = CFrame.new(-0.05926154926419258, -0.1614828109741211, 0.07477621734142303, 0.963490903377533, -0.0118374302983284, -0.26747918128967285, 0.0000013499804936145665, 0.999022364616394, -0.04420740157365799, 0.26774099469184875, 0.04259306937456131, 0.9625490307807922),
            ["RightLowerLeg"] = CFrame.new(-1.4901161193847656e-08, -0.0000035762786865234375, -0.000013334843970369548, 1, -5.960464477539063e-08, -1.4901162970204496e-08, 3.725290653733282e-08, 0.8800663948059082, 0.47485029697418213, 7.450581307466564e-08, -0.47485068440437317, 0.8800666332244873),
            ["LeftUpperLeg"] = CFrame.new(8.940696716308594e-08, -1.685693860054016e-07, -4.656612873077393e-10, 0.9545204639434814, 0.2965402901172638, 0.030896812677383423, -0.25829505920410156, 0.8742442727088928, -0.41107267141342163, -0.14891095459461212, 0.3843967616558075, 0.9110788702964783),
            ["LeftLowerLeg"] = CFrame.new(-1.862645149230957e-08, 0.0000037550926208496094, 0.000013381242752075195, 1, 4.284083487959833e-08, -2.6077039194660756e-08, -1.1175868230850483e-08, 0.9525305032730103, 0.30444297194480896, 0, -0.3044430613517761, 0.9525306224822998),
        }},
        {Time = 0.033, Data = {
            ["RightFoot"] = CFrame.new(-5.960464477539063e-08, 4.172325134277344e-07, 3.894820110872388e-08, 0.953679084777832, 0.3005375564098358, 0.013173769228160381, -0.26630261540412903, 0.8637925982475281, -0.4277209937572479, -0.13992540538311005, 0.40440043807029724, 0.9038148522377014),
            ["LeftLowerArm"] = CFrame.new(2.384185791015625e-07, 5.364418029785156e-07, 2.384185791015625e-07, 1, -3.795139846829443e-08, 2.2351745343485163e-08, 3.3527616238870905e-08, 0.8454015254974365, -0.5341314077377319, 7.450581485102248e-09, 0.5341314077377319, 0.8454015254974365),
            ["RightUpperArm"] = CFrame.new(-5.960464477539063e-08, -1.1920928955078125e-07, -1.4901161193847656e-08, 0.9465059041976929, -0.32119765877723694, -0.03096231445670128, 0.32262131571769714, 0.9438773393630981, 0.07079045474529266, 0.006486901082098484, -0.0769926905632019, 0.9970105886459351),
            ["Head"] = CFrame.new(-3.725290298461914e-09, 1.1920928955078125e-07, -4.6566128730773926e-09, 0.937751054763794, -0.021765844896435738, 0.34662559628486633, 0.045378927141427994, 0.9971572756767273, -0.06015182286500931, -0.34433093667030334, 0.07213691622018814, 0.9360728859901428),
            ["RightHand"] = CFrame.new(-2.682209014892578e-07, 1.1920928955078125e-07, 5.960464477539063e-08, 0.9987553358078003, 0.04917965829372406, 0.008324742317199707, -0.047875404357910156, 0.9920163154602051, -0.11666947603225708, -0.013996051624417305, 0.11612571775913239, 0.993135929107666),
            ["UpperTorso"] = CFrame.new(-9.313225746154785e-10, 0, -3.725290298461914e-09, 0.998214602470398, 0.0020293714478611946, -0.05969562381505966, 0.011571066454052925, 0.9739198684692383, 0.22659727931022644, 0.05859854817390442, -0.2268833965063095, 0.9721575379371643),
            ["HumanoidRootPart"] = CFrame.new(0, 0, 0, 1, 0, 0, 0, 1, 0, 0, 0, 1),
            ["RightUpperLeg"] = CFrame.new(1.1920928955078125e-07, 6.193295121192932e-08, -7.620110409334302e-08, 0.8919534087181091, -0.32462844252586365, -0.31469956040382385, 0.3209766149520874, 0.9448590874671936, -0.06492488831281662, 0.3184230923652649, -0.043101321905851364, 0.9469683766365051),
            ["LeftUpperArm"] = CFrame.new(0, -2.384185791015625e-07, 0, 0.8202090263366699, 0.42563295364379883, -0.38222208619117737, -0.428223192691803, 0.8998423218727112, 0.08311943709850311, 0.3793179988861084, 0.09550101310014725, 0.9203247427940369),
            ["RightLowerArm"] = CFrame.new(-1.1920928955078125e-07, 9.5367431640625e-07, 5.960464477539063e-08, 1, -6.705523247774181e-08, -2.2351745343485163e-08, 8.195638656616211e-08, 0.8662620782852173, -0.4995898902416229, 4.470348358154297e-08, 0.49958986043930054, 0.8662621974945068),
            ["LeftHand"] = CFrame.new(0, -4.76837158203125e-07, 1.6391277313232422e-07, 0.9942482113838196, -0.0789540633559227, 0.07236669957637787, 0.08078772574663162, 0.9964713454246521, -0.022766202688217163, -0.07031390815973282, 0.028481606394052505, 0.9971182942390442),
            ["LeftFoot"] = CFrame.new(7.450580596923828e-09, -1.7881393432617188e-07, -8.195638656616211e-08, 0.9667705297470093, -0.2428472489118576, -0.07987574487924576, 0.251090407371521, 0.9607262015342712, 0.11814709007740021, 0.04804707691073418, -0.1342773586511612, 0.9897783398628235),
            ["LowerTorso"] = CFrame.new(-0.06667210906744003, -0.16614294052124023, 0.07706205546855927, 0.9567999243736267, -0.009005988948047161, -0.29060763120651245, -0.0026051595341414213, 0.9992144703865051, -0.03954312205314636, 0.2907354533672333, 0.038591936230659485, 0.9560248851776123),
            ["RightLowerLeg"] = CFrame.new(-8.940696716308594e-08, -0.0000036954879760742188, -0.0000133199428091757, 1, -5.774202094244174e-08, -7.4505820180093e-08, 9.313227167240257e-08, 0.8608000874519348, 0.5089428424835205, -1.1175872671742582e-08, -0.5089432001113892, 0.8608003258705139),
            ["LeftUpperLeg"] = CFrame.new(-1.7881393432617188e-07, 1.4156103134155273e-07, 5.21540641784668e-08, 0.9511054158210754, 0.3043266236782074, 0.052763551473617554, -0.2522886097431183, 0.8640128970146179, -0.43569743633270264, -0.1781827062368393, 0.4010823667049408, 0.8985453844070435),
            ["LeftLowerLeg"] = CFrame.new(4.842877388000488e-08, 0.000003814697265625, 0.0000133514404296875, 1, -1.30385116037246e-08, 2.9802315282267955e-08, -3.352760913344355e-08, 0.9366485476493835, 0.35027050971984863, -1.4901159417490817e-08, -0.35027071833610535, 0.9366486072540283),
        }},
        {Time = 0.067, Data = {
            ["RightFoot"] = CFrame.new(7.450580596923828e-09, 3.5762786865234375e-07, -1.1006341082975268e-07, 0.9527522921562195, 0.30344048142433167, 0.013678076677024364, -0.26741427183151245, 0.8592907190322876, -0.4360145926475525, -0.14405807852745056, 0.41175657510757446, 0.8998357057571411),
            ["LeftLowerArm"] = CFrame.new(-4.172325134277344e-07, 2.384185791015625e-07, 5.960464477539063e-08, 1, -4.6566128730773926e-08, 6.705522537231445e-08, 2.6077035641947077e-08, 0.8538526296615601, -0.5205149054527283, 7.450581485102248e-09, 0.5205149054527283, 0.8538525700569153),
            ["RightUpperArm"] = CFrame.new(-1.1920928955078125e-07, 5.960464477539062e-07, -4.470348358154297e-08, 0.921723484992981, -0.37783509492874146, 0.08755938708782196, 0.3732285797595978, 0.9254803657531738, 0.06470358371734619, -0.10548177361488342, -0.02695915475487709, 0.9940557479858398),
            ["Head"] = CFrame.new(1.862645149230957e-09, 0, -1.2200325727462769e-07, 0.9398223757743835, -0.016883812844753265, 0.341246098279953, 0.04927239939570427, 0.9950353503227234, -0.08646923303604126, -0.33809202909469604, 0.09807974845170975, 0.9359884262084961),
            ["RightHand"] = CFrame.new(8.195638656616211e-08, -1.7881393432617188e-07, 5.960464477539063e-08, 0.9757887721061707, 0.1860789954662323, 0.11493854969739914, -0.18607458472251892, 0.9824756979942322, -0.010862735100090504, -0.11494560539722443, -0.01078741904348135, 0.9933132529258728),
            ["UpperTorso"] = CFrame.new(-1.862645149230957e-09, 1.1920928955078125e-07, 5.587935447692871e-09, 0.9997797012329102, -0.015256926417350769, -0.014421620406210423, 0.018291333690285683, 0.970186710357666, 0.24166783690452576, 0.010304565541446209, -0.24187839031219482, 0.9702518582344055),
            ["HumanoidRootPart"] = CFrame.new(0, 0, 0, 1, 0, 0, 0, 1, 0, 0, 0, 1),
            ["RightUpperLeg"] = CFrame.new(0, -4.828907549381256e-07, 5.75528247281909e-09, 0.9025439620018005, -0.34590399265289307, -0.2564462721347809, 0.3234793543815613, 0.9377530813217163, -0.12641356885433197, 0.28421029448509216, 0.031138619408011436, 0.958256185054779),
            ["LeftUpperArm"] = CFrame.new(-1.1920928955078125e-07, -2.384185791015625e-07, -1.1920928955078125e-07, 0.7975668907165527, 0.4469696283340454, -0.40509918332099915, -0.45343804359436035, 0.8871217966079712, 0.08607575297355652, 0.39784544706344604, 0.11503623425960541, 0.910211980342865),
            ["RightLowerArm"] = CFrame.new(-1.7881393432617188e-07, -2.384185791015625e-07, -5.960464477539063e-08, 1, 3.725290298461914e-09, 3.725290298461914e-08, 5.960464477539063e-08, 0.8680974245071411, -0.49639394879341125, 0, 0.49639394879341125, 0.8680973649024963),
            ["LeftHand"] = CFrame.new(-2.384185791015625e-07, 1.7881393432617188e-07, -1.1175870895385742e-08, 0.9861488342285156, -0.16026073694229126, 0.04274245351552963, 0.1582895666360855, 0.9863157868385315, 0.04610411822795868, -0.04954611882567406, -0.03869986534118652, 0.9980217814445496),
            ["LeftFoot"] = CFrame.new(-4.842877388000488e-08, 1.1920928955078125e-07, 1.862645149230957e-08, 0.9679877758026123, -0.2337319403886795, -0.09148324280977249, 0.2412748634815216, 0.9669462442398071, 0.08247101306915283, 0.06918318569660187, -0.10190349072217941, 0.9923856854438782),
            ["LowerTorso"] = CFrame.new(-0.08327843248844147, -0.17431378364562988, 0.08465421199798584, 0.9437496662139893, -0.002732770284637809, -0.3306495249271393, -0.0071700988337397575, 0.999561607837677, -0.02872634492814541, 0.3305830657482147, 0.02948126755654812, 0.9433163404464722),
            ["RightLowerLeg"] = CFrame.new(-1.043081283569336e-07, -0.000003933906555175781, -0.00001326033816440031, 1, -7.450581307466564e-08, -5.215408194203519e-08, 8.940696716308594e-08, 0.8272111415863037, 0.5618909001350403, -7.450580596923828e-08, -0.5618913173675537, 0.8272114396095276),
            ["LeftUpperLeg"] = CFrame.new(0, 3.1548552215099335e-08, 3.3527612686157227e-08, 0.9429407119750977, 0.3189604878425598, 0.09553638845682144, -0.2383194863796234, 0.8469153046607971, -0.4753296673297882, -0.23252244293689728, 0.4254395365715027, 0.8746053576469421),
            ["LeftLowerLeg"] = CFrame.new(1.2293457984924316e-07, 0.0000040531158447265625, 0.00001329183578491211, 1, 5.587936158235607e-08, -1.1175869119028903e-08, -1.862644971595273e-08, 0.9106494784355164, 0.4131799340248108, 0, -0.41317999362945557, 0.9106494784355164),
        }},
        {Time = 0.100, Data = {
            ["RightFoot"] = CFrame.new(9.685754776000977e-08, 3.5762786865234375e-07, 9.85528458841145e-08, 0.9512248635292053, 0.3081110119819641, 0.015460937283933163, -0.2719978988170624, 0.8612719178199768, -0.429217129945755, -0.14556266367435455, 0.40407732129096985, 0.903069019317627),
            ["LeftLowerArm"] = CFrame.new(-7.152557373046875e-07, -5.364418029785156e-07, 7.152557373046875e-07, 1, -5.215408194203519e-08, 7.450582373280668e-09, 4.4703494239684005e-08, 0.8718698620796204, -0.4897376596927643, -5.960465898624534e-08, 0.4897376596927643, 0.8718698620796204),
            ["RightUpperArm"] = CFrame.new(1.1920928955078125e-07, -1.1920928955078125e-07, 1.4156103134155273e-07, 0.8723422288894653, -0.4510086178779602, 0.1887071132659912, 0.4592338800430298, 0.8883154392242432, 0.00015311874449253082, -0.16770049929618835, 0.08652714639902115, 0.9820334315299988),
            ["Head"] = CFrame.new(2.8529029805213213e-08, 3.5762786865234375e-07, 8.336246537510306e-08, 0.9454234838485718, -0.010616880841553211, 0.32567134499549866, 0.05167963355779648, 0.9917040467262268, -0.11769633740186691, -0.32172006368637085, 0.12810346484184265, 0.9381289482116699),
            ["RightHand"] = CFrame.new(-1.3061799108982086e-07, 2.384185791015625e-07, 4.470348358154297e-08, 0.8148055076599121, 0.4272506833076477, 0.39185336232185364, -0.4976058900356293, 0.8622309565544128, 0.09458433091640472, -0.297456830739975, -0.27205634117126465, 0.915152907371521),
            ["UpperTorso"] = CFrame.new(4.190951585769653e-09, -5.960464477539063e-08, -1.1175870895385742e-08, 0.999727725982666, -0.02047451213002205, 0.011197613552212715, 0.016808662563562393, 0.9646223187446594, 0.26309943199157715, -0.01618826575577259, -0.26283952593803406, 0.9647037982940674),
            ["HumanoidRootPart"] = CFrame.new(0, 0, 0, 1, 0, 0, 0, 1, 0, 0, 0, 1),
            ["RightUpperLeg"] = CFrame.new(0, -3.200257197022438e-07, -5.420588422566652e-09, 0.904884934425354, -0.35068270564079285, -0.24125713109970093, 0.32085317373275757, 0.9343964457511902, -0.15477916598320007, 0.27970805764198303, 0.06264907866716385, 0.9580388069152832),
            ["LeftUpperArm"] = CFrame.new(-1.1920928955078125e-07, -1.1920928955078125e-07, 5.960464477539063e-08, 0.747400164604187, 0.477909117937088, -0.46151477098464966, -0.4990537166595459, 0.8624070286750793, 0.0848497524857521, 0.43856409192085266, 0.16690388321876526, 0.883065402507782),
            ["RightLowerArm"] = CFrame.new(-2.086162567138672e-07, -4.76837158203125e-07, 2.9802322387695312e-08, 1, -5.727633833885193e-08, 9.313223969797946e-09, 2.51457130673316e-08, 0.8800307512283325, -0.4749167561531067, 1.1175872671742582e-08, 0.4749167859554291, 0.8800307512283325),
            ["LeftHand"] = CFrame.new(0, 5.960464477539063e-08, 2.9802322387695312e-08, 0.9598156809806824, -0.28058844804763794, 0.004894755780696869, 0.2788972556591034, 0.9556760787963867, 0.09433773159980774, -0.031147828325629234, -0.08918166905641556, 0.9955282807350159),
            ["LeftFoot"] = CFrame.new(-4.842877388000488e-08, 5.960464477539063e-08, -3.725290298461914e-08, 0.9696275591850281, -0.2205682098865509, -0.10569901764392853, 0.22849427163600922, 0.9710429906845093, 0.06975677609443665, 0.08725231885910034, -0.09178940206766129, 0.9919484853744507),
            ["LowerTorso"] = CFrame.new(-0.10235663503408432, -0.1794743537902832, 0.09546294808387756, 0.9405903816223145, -0.004925866145640612, -0.33950790762901306, -0.0020151480566710234, 0.9997961521148682, -0.02008875459432602, 0.339537650346756, 0.01957944594323635, 0.9403886795043945),
            ["RightLowerLeg"] = CFrame.new(5.960464477539063e-08, -0.0000035762786865234375, -0.000013439152098726481, 1, -5.960464477539063e-08, -3.7252917195473856e-08, 1.6018752546642645e-07, 0.8186954855918884, 0.5742271542549133, -4.097820394122209e-08, -0.5742279291152954, 0.8186960816383362),
            ["LeftUpperLeg"] = CFrame.new(-1.1920928955078125e-07, -4.383036866784096e-07, 4.0978193283081055e-08, 0.9388203024864197, 0.32661595940589905, 0.10926353931427002, -0.22833268344402313, 0.8277670741081238, -0.5125094652175903, -0.2578386664390564, 0.4562057852745056, 0.851701557636261),
            ["LeftLowerLeg"] = CFrame.new(1.4156103134155273e-07, 0.000003933906555175781, 0.000013381242752075195, 1, 3.72529100900465e-08, -1.862645504502325e-08, -1.862645326866641e-08, 0.8917745351791382, 0.45248016715049744, 1.1175872671742582e-08, -0.4524802565574646, 0.891774594783783),
        }},
        {Time = 0.133, Data = {
            ["RightFoot"] = CFrame.new(9.685754776000977e-08, 4.76837158203125e-07, 1.6952981241047382e-09, 0.9755721092224121, 0.2145579755306244, 0.04715995490550995, -0.18466347455978394, 0.9172298908233643, -0.3529709279537201, -0.11898931860923767, 0.3356401324272156, 0.9344450235366821),
            ["LeftLowerArm"] = CFrame.new(-2.384185791015625e-07, 3.5762786865234375e-07, 5.960464477539063e-08, 1, -6.705522537231445e-08, 5.5879340266073996e-08, 4.470347292340193e-08, 0.9023733139038086, -0.4309552013874054, 0, 0.4309552311897278, 0.9023733139038086),
            ["RightUpperArm"] = CFrame.new(0, -2.384185791015625e-07, -2.9802322387695312e-08, 0.8140166997909546, -0.5284225940704346, 0.24113598465919495, 0.5773614048957825, 0.7814947962760925, -0.23647350072860718, -0.06348861753940582, 0.3317158818244934, 0.9412406086921692),
            ["Head"] = CFrame.new(1.4901161193847656e-08, 1.1920928955078125e-07, -3.818422555923462e-08, 0.9536892771720886, -0.0008918811799958348, 0.30079248547554016, 0.051693350076675415, 0.9856037497520447, -0.16097596287727356, -0.29631856083869934, 0.16906999051570892, 0.9400057196617126),
            ["RightHand"] = CFrame.new(3.1618401408195496e-07, 1.1920928955078125e-07, 1.7136335372924805e-07, 0.593634843826294, 0.6211494207382202, 0.5116357803344727, -0.7201040983200073, 0.6938324570655823, -0.006830482743680477, -0.35923224687576294, -0.36437615752220154, 0.8591752648353577),
            ["UpperTorso"] = CFrame.new(0, 8.940696716308594e-08, -1.3969838619232178e-08, 0.9986438751220703, -0.023675739765167236, 0.046365682035684586, 0.009406663477420807, 0.9580090641975403, 0.28658396005630493, -0.05120384693145752, -0.28575921058654785, 0.956932544708252),
            ["HumanoidRootPart"] = CFrame.new(0, 0, 0, 1, 0, 0, 0, 1, 0, 0, 0, 1),
            ["RightUpperLeg"] = CFrame.new(1.7881393432617188e-07, 2.4432665668427944e-08, -4.954927135258913e-09, 0.9136110544204712, -0.3519365191459656, -0.20360656082630157, 0.2917967438697815, 0.9162629842758179, -0.2744387984275818, 0.2831423282623291, 0.1913186013698578, 0.9398020505905151),
            ["LeftUpperArm"] = CFrame.new(5.960464477539063e-08, 3.5762786865234375e-07, 0, 0.6368943452835083, 0.540925920009613, -0.5493313670158386, -0.6002851724624634, 0.7950494885444641, 0.08691392093896866, 0.4837595820426941, 0.2744004428386688, 0.8310722708702087),
            ["RightLowerArm"] = CFrame.new(-1.4901161193847656e-07, -1.1920928955078125e-07, 3.725290298461914e-08, 1, -6.51925713412993e-09, -1.1175869119028903e-08, -2.9569495296755122e-08, 0.9474787712097168, -0.3198186755180359, 3.725290742551124e-09, 0.3198186755180359, 0.9474787712097168),
            ["LeftHand"] = CFrame.new(-1.1920928955078125e-07, 2.980232238769531e-07, -1.6391277313232422e-07, 0.8297240734100342, -0.550758957862854, 0.09067873656749725, 0.5575640797615051, 0.8253993391990662, -0.0885351151227951, -0.026084620505571365, 0.12401895970106125, 0.9919370412826538),
            ["LeftFoot"] = CFrame.new(8.940696716308594e-08, -5.960464477539063e-08, 3.725290298461914e-09, 0.9714931845664978, -0.1993764042854309, -0.12825816869735718, 0.21058815717697144, 0.9742424488067627, 0.08064927160739899, 0.10887502878904343, -0.10536012798547745, 0.9884561896324158),
            ["LowerTorso"] = CFrame.new(-0.12817910313606262, -0.17231464385986328, 0.11182290315628052, 0.9377136826515198, -0.012449140660464764, -0.3471859097480774, 0.011899183504283428, 0.9999223351478577, -0.0037160043139010668, 0.34720519185066223, -0.0006466806516982615, 0.9377889633178711),
            ["RightLowerLeg"] = CFrame.new(0, -0.0000035762786865234375, -0.000013230535842012614, 1, -1.1548401346317405e-07, -7.450584149637507e-08, 9.685754776000977e-08, 0.7386123538017273, 0.6741299033164978, -1.4901161193847656e-08, -0.6741304397583008, 0.7386127710342407),
            ["LeftUpperLeg"] = CFrame.new(-2.384185791015625e-07, -9.600262274034321e-08, -5.168840289115906e-08, 0.9318829774856567, 0.3370510935783386, 0.13413004577159882, -0.21577787399291992, 0.8122488856315613, -0.5419331789016724, -0.2916060984134674, 0.4760759472846985, 0.8296490907669067),
            ["LeftLowerLeg"] = CFrame.new(-2.9802322387695312e-08, 0.000004291534423828125, 0.000013470649719238281, 1, 8.847563570668626e-09, 2.980232594040899e-08, -2.2351741790771484e-08, 0.8917630910873413, 0.4525028467178345, -1.1175870895385742e-08, -0.45250260829925537, 0.8917630314826965),
        }},
        {Time = 0.167, Data = {
            ["RightFoot"] = CFrame.new(3.725290298461914e-08, 3.5762786865234375e-07, 7.620110409334302e-08, 0.9733644723892212, 0.21549704670906067, -0.07824886590242386, -0.22892479598522186, 0.8950222730636597, -0.38278985023498535, -0.012455720454454422, 0.39050760865211487, 0.9205157160758972),
            ["LeftLowerArm"] = CFrame.new(4.76837158203125e-07, 3.5762786865234375e-07, 0, 1, -2.2351741790771484e-08, -2.2351741790771484e-08, 0, 0.9723101854324341, -0.2336941659450531, -1.4901161193847656e-08, 0.2336941659450531, 0.9723101854324341),
            ["RightUpperArm"] = CFrame.new(-1.1920928955078125e-07, -2.384185791015625e-07, 1.4901161193847656e-07, 0.7411245703697205, -0.5827014446258545, 0.3334568440914154, 0.6677417159080505, 0.5882212519645691, -0.45619815587997437, 0.06968091428279877, 0.5607627630233765, 0.8250393271446228),
            ["Head"] = CFrame.new(2.9802322387695312e-08, 2.384185791015625e-07, 1.30385160446167e-08, 0.9635698795318604, 0.012537850067019463, 0.26716291904449463, 0.04662798345088959, 0.975728452205658, -0.2139625996351242, -0.2633610963821411, 0.21862520277500153, 0.9395978450775146),
            ["RightHand"] = CFrame.new(1.4901161193847656e-08, -5.960464477539063e-08, -2.9802322387695312e-08, 0.38203561305999756, 0.6966582536697388, 0.6072200536727905, -0.8110944032669067, 0.5676711797714233, -0.14097988605499268, -0.4429160952568054, -0.43865349888801575, 0.781926155090332),
            ["UpperTorso"] = CFrame.new(-7.450580596923828e-09, -2.9802322387695312e-08, -1.4901161193847656e-08, 0.9980955719947815, -0.018400175496935844, 0.05887845158576965, -0.0003990763798356056, 0.9525308609008789, 0.30444204807281494, -0.061685264110565186, -0.30388572812080383, 0.9507094621658325),
            ["HumanoidRootPart"] = CFrame.new(0, 0, 0, 1, 0, 0, 0, 1, 0, 0, 0, 1),
            ["RightUpperLeg"] = CFrame.new(5.960464477539063e-08, 2.584420144557953e-07, -1.6952981241047382e-09, 0.9545307159423828, -0.26259684562683105, -0.1411166787147522, 0.20447051525115967, 0.9211745262145996, -0.33110347390174866, 0.21693986654281616, 0.28719398379325867, 0.9329826831817627),
            ["LeftUpperArm"] = CFrame.new(5.960464477539063e-08, -2.384185791015625e-07, 8.940696716308594e-08, 0.48621419072151184, 0.6026615500450134, -0.6327676773071289, -0.7205785512924194, 0.6861509084701538, 0.0998174175620079, 0.4943302869796753, 0.40742605924606323, 0.7678812146186829),
            ["RightLowerArm"] = CFrame.new(-0.000001043081283569336, -8.344650268554688e-07, 0, 1, 2.51457130673316e-08, -2.2351745343485163e-08, -5.960465188081798e-08, 0.9942581057548523, -0.10700923949480057, 0, 0.10700927674770355, 0.9942581057548523),
            ["LeftHand"] = CFrame.new(0, 0, -2.9802322387695312e-08, 0.7486937642097473, -0.6405072212219238, 0.17090411484241486, 0.6623707413673401, 0.7123344540596008, -0.23204496502876282, 0.02688559889793396, 0.28693246841430664, 0.9575734734535217),
            ["LeftFoot"] = CFrame.new(-6.891787052154541e-08, 5.960464477539063e-08, 8.568167686462402e-08, 0.9716756343841553, -0.1792401671409607, -0.15401211380958557, 0.19848039746284485, 0.9727078080177307, 0.12018746882677078, 0.12826620042324066, -0.14735166728496552, 0.9807320833206177),
            ["LowerTorso"] = CFrame.new(-0.14389537274837494, -0.1612834930419922, 0.1299624741077423, 0.9459294676780701, -0.02218259684741497, -0.3236130475997925, 0.031792789697647095, 0.9991956353187561, 0.024439634755253792, 0.3228105902671814, -0.033406730741262436, 0.9458738565444946),
            ["RightLowerLeg"] = CFrame.new(1.4901161193847656e-08, -0.0000036954879760742188, -0.000013290140486788005, 1, -1.5646217832454568e-07, 0, 1.1920931797249068e-07, 0.6582222580909729, 0.7528232932090759, -3.72529100900465e-08, -0.7528237104415894, 0.6582227945327759),
            ["LeftUpperLeg"] = CFrame.new(0, 4.936009645462036e-08, -2.9802322387695312e-08, 0.9319179654121399, 0.33700063824653625, 0.13401275873184204, -0.20568649470806122, 0.7954674363136292, -0.5700216889381409, -0.29870036244392395, 0.5036487579345703, 0.8106268644332886),
            ["LeftLowerLeg"] = CFrame.new(1.0617077350616455e-07, 0.000004172325134277344, 0.000013336539268493652, 1, 3.958120942115784e-08, 3.3527612686157227e-08, -3.5390254282674505e-08, 0.91031813621521, 0.4139092266559601, -3.7252898543727042e-09, -0.41390931606292725, 0.9103182554244995),
        }},
        {Time = 0.200, Data = {
            ["RightFoot"] = CFrame.new(-3.725290298461914e-08, 4.76837158203125e-07, -2.8107024263590574e-08, 0.990044891834259, 0.07997679710388184, -0.11582287400960922, -0.12189500033855438, 0.8986270427703857, -0.421438992023468, 0.07037603855133057, 0.4313618838787079, 0.899429976940155),
            ["LeftLowerArm"] = CFrame.new(5.364418029785156e-07, -5.364418029785156e-07, 0, 1, 0, -7.4505797087454084e-09, -1.4901161193847656e-08, 0.9956309199333191, -0.09337673336267471, 7.450580596923828e-09, 0.09337669610977173, 0.9956309199333191),
            ["RightUpperArm"] = CFrame.new(1.1920928955078125e-07, 3.5762786865234375e-07, -4.470348358154297e-08, 0.7046173214912415, -0.5491050481796265, 0.44944217801094055, 0.6814667582511902, 0.3471081852912903, -0.6442972421646118, 0.19778192043304443, 0.7602627873420715, 0.6187751889228821),
            ["Head"] = CFrame.new(-2.9802322387695312e-08, 2.384185791015625e-07, -4.284083843231201e-08, 0.9733796715736389, 0.029335692524909973, 0.2273138463497162, 0.03550712391734123, 0.9605013132095337, -0.2760011851787567, -0.22643189132213593, 0.2767252027988434, 0.933890700340271),
            ["RightHand"] = CFrame.new(-2.2351741790771484e-07, -1.1920928955078125e-07, -5.960464477539063e-08, 0.2884649336338043, 0.5126397013664246, 0.8086955547332764, -0.7850840091705322, 0.6101259589195251, -0.10672193765640259, -0.5481160283088684, -0.6041083335876465, 0.5784651637077332),
            ["UpperTorso"] = CFrame.new(-3.725290298461914e-09, 2.384185791015625e-07, 1.1175870895385742e-08, 0.9979308247566223, -0.019019387662410736, 0.06141906976699829, -0.00182351004332304, 0.9464913010597229, 0.322724312543869, -0.06427064538002014, -0.3221685588359833, 0.9444981813430786),
            ["HumanoidRootPart"] = CFrame.new(0, 0, 0, 1, 0, 0, 0, 1, 0, 0, 0, 1),
            ["RightUpperLeg"] = CFrame.new(1.1920928955078125e-07, -1.8812716007232666e-07, 5.045876605436206e-08, 0.9958886504173279, -0.07355087250471115, -0.05287763103842735, 0.04813311621546745, 0.9241647124290466, -0.37894967198371887, 0.07673977315425873, 0.37484657764434814, 0.9239053130149841),
            ["LeftUpperArm"] = CFrame.new(-2.384185791015625e-07, -2.384185791015625e-07, -8.940696716308594e-08, 0.28000497817993164, 0.6752746105194092, -0.6823499202728271, -0.8570284843444824, 0.4960925877094269, 0.13926361501216888, 0.43254995346069336, 0.5457987785339355, 0.7176379561424255),
            ["RightLowerArm"] = CFrame.new(-7.152557373046875e-07, -4.172325134277344e-07, 1.7881393432617188e-07, 1, 3.352760913344355e-08, -7.450577932388569e-09, -7.82310962677002e-08, 1, 2.9802311729554276e-08, 1.4901161193847656e-08, 1.4901159417490817e-08, 1),
            ["LeftHand"] = CFrame.new(3.8743019104003906e-07, -1.1920928955078125e-07, -1.1920928955078125e-07, 0.7727312445640564, -0.5756781101226807, -0.26735979318618774, 0.34356963634490967, 0.7335257530212402, -0.5864297747612, 0.5337100028991699, 0.3612958788871765, 0.764603853225708),
            ["LeftFoot"] = CFrame.new(4.1443854570388794e-08, -1.7881393432617188e-07, -5.587935447692871e-09, 0.9681875109672546, -0.165792778134346, -0.18741829693317413, 0.19959336519241333, 0.9634233713150024, 0.1788245141506195, 0.15091536939144135, -0.21054303646087646, 0.9658655524253845),
            ["LowerTorso"] = CFrame.new(-0.1401316374540329, -0.15619564056396484, 0.1514981985092163, 0.9575358629226685, -0.027309991419315338, -0.2870178520679474, 0.04543029144406319, 0.9973592162132263, 0.0566629134118557, 0.28471243381500244, -0.06729607284069061, 0.9562479257583618),
            ["RightLowerLeg"] = CFrame.new(-8.009374141693115e-08, -0.0000037550926208496094, -0.000013200733519624919, 1, -1.4901161193847656e-07, -3.725290653733282e-08, 1.1175873737556685e-07, 0.6631068587303162, 0.7485244274139404, 7.450582373280668e-09, -0.7485247850418091, 0.6631072759628296),
            ["LeftUpperLeg"] = CFrame.new(-5.960464477539063e-08, 3.082677721977234e-07, 6.984919309616089e-08, 0.9336493015289307, 0.3325311243534088, 0.13312432169914246, -0.19530506432056427, 0.7841642498970032, -0.5890180468559265, -0.30025815963745117, 0.5239365696907043, 0.7970795035362244),
            ["LeftLowerLeg"] = CFrame.new(-1.4272518455982208e-07, 0.000004112720489501953, 0.000013090670108795166, 1, 1.9208533430514763e-08, 2.421439226907296e-08, -2.1420420992512845e-08, 0.9397359490394592, 0.34190133213996887, -9.31322685637781e-10, -0.3419012725353241, 0.9397359490394592),
        }},
        {Time = 0.233, Data = {
            ["RightFoot"] = CFrame.new(2.7008354663848877e-08, 1.7881393432617188e-07, 3.149762051180005e-08, 0.9971930384635925, 0.01053150836378336, -0.07413037866353989, -0.04184236750006676, 0.8994200229644775, -0.4350776672363281, 0.06209234893321991, 0.4369586110115051, 0.8973361849784851),
            ["LeftLowerArm"] = CFrame.new(1.7881393432617188e-07, 1.7881393432617188e-07, 3.5762786865234375e-07, 1, -1.4901168299275014e-08, -1.1175872671742582e-08, -3.445894236620006e-08, 0.9997645616531372, -0.021702127531170845, -5.587936779960501e-09, 0.02170213684439659, 0.9997645616531372),
            ["RightUpperArm"] = CFrame.new(-1.7881393432617188e-07, 4.76837158203125e-07, -1.4901161193847656e-08, 0.6797229647636414, -0.5554437637329102, 0.4790186285972595, 0.6737685799598694, 0.21476155519485474, -0.7070456743240356, 0.28984934091567993, 0.8033428192138672, 0.5202188491821289),
            ["Head"] = CFrame.new(-2.2817403078079224e-08, 1.1920928955078125e-07, -7.35744833946228e-08, 0.981669008731842, 0.0471777580678463, 0.18466272950172424, 0.019739685580134392, 0.9385032057762146, -0.3447057902812958, -0.18956904113292694, 0.34203219413757324, 0.9203681945800781),
            ["RightHand"] = CFrame.new(5.289912223815918e-07, -5.960464477539063e-08, -2.384185791015625e-07, 0.1776665598154068, 0.21899500489234924, 0.9594143033027649, -0.7998114228248596, 0.6001483798027039, 0.01112165953963995, -0.5733553171157837, -0.7693265080451965, 0.2817808985710144),
            ["UpperTorso"] = CFrame.new(0, -2.086162567138672e-07, 2.2351741790771484e-08, 0.9976659417152405, -0.03775859996676445, 0.05689515173435211, 0.01726321503520012, 0.9456103444099426, 0.32484307885169983, -0.06606626510620117, -0.323102742433548, 0.9440550208091736),
            ["HumanoidRootPart"] = CFrame.new(0, 0, 0, 1, 0, 0, 0, 1, 0, 0, 0, 1),
            ["RightUpperLeg"] = CFrame.new(-5.960464477539063e-08, -5.778856575489044e-07, 3.55576048605144e-08, 0.9996982216835022, 0.02455758862197399, -0.0005758650950156152, -0.022294213995337486, 0.8972234129905701, -0.44101378321647644, -0.010313497856259346, 0.4408934414386749, 0.8975002765655518),
            ["LeftUpperArm"] = CFrame.new(1.7881393432617188e-07, 1.1920928955078125e-07, -1.341104507446289e-07, 0.0721292793750763, 0.6921221613883972, -0.7181673645973206, -0.9417325258255005, 0.2844386100769043, 0.17954006791114807, 0.3285382390022278, 0.6633713245391846, 0.6723102927207947),
            ["RightLowerArm"] = CFrame.new(-8.940696716308594e-08, -4.172325134277344e-07, -5.960464477539063e-08, 1, -2.6077040971017595e-08, 2.2351741790771484e-08, 0, 0.9973533749580383, -0.07270726561546326, -1.4901164746561335e-08, 0.07270721346139908, 0.9973533153533936),
            ["LeftHand"] = CFrame.new(-2.60770320892334e-07, -3.5762786865234375e-07, -1.7881393432617188e-07, 0.7362580895423889, -0.413861483335495, -0.5353903770446777, 0.263166218996048, 0.9040114283561707, -0.3369080126285553, 0.6234322190284729, 0.10715481638908386, 0.7744998931884766),
            ["LeftFoot"] = CFrame.new(-1.862645149230957e-09, 1.1920928955078125e-07, 1.862645149230957e-09, 0.963674008846283, -0.15691767632961273, -0.21612325310707092, 0.21574494242668152, 0.9343619346618652, 0.2835877239704132, 0.15743732452392578, -0.3199135959148407, 0.9342744946479797),
            ["LowerTorso"] = CFrame.new(-0.12849953770637512, -0.15868854522705078, 0.1809525042772293, 0.9685308337211609, -0.012090538628399372, -0.24859978258609772, 0.0404374860227108, 0.9931926727294922, 0.10923869907855988, 0.24558673799037933, -0.11585380136966705, 0.9624266624450684),
            ["RightLowerLeg"] = CFrame.new(1.5832483768463135e-08, -0.0000037550926208496094, -0.00001333856926066801, 1, -9.5926239396249e-08, -3.8649897504683395e-08, 1.2293455142753373e-07, 0.7041451334953308, 0.7100555300712585, -7.031484017261391e-08, -0.7100560665130615, 0.7041457295417786),
            ["LeftUpperLeg"] = CFrame.new(-5.960464477539063e-08, -6.868503987789154e-07, -7.450580596923828e-09, 0.9397576451301575, 0.3066011369228363, 0.15116721391677856, -0.16673123836517334, 0.7971553802490234, -0.5802962183952332, -0.298423171043396, 0.5201336741447449, 0.8002530336380005),
            ["LeftLowerLeg"] = CFrame.new(-6.798654794692993e-08, 0.000003814697265625, 0.0000135079026222229, 1, 2.7008354663848877e-08, 3.725290298461914e-09, -1.30385160446167e-08, 0.9856029748916626, 0.16907644271850586, 7.450580596923828e-09, -0.16907645761966705, 0.9856029152870178),
        }},
        {Time = 0.267, Data = {
            ["RightFoot"] = CFrame.new(2.561137080192566e-08, 2.384185791015625e-07, -5.045876605436206e-08, 0.9916767477989197, -0.028051497414708138, -0.1256600022315979, -0.029565053060650826, 0.900286078453064, -0.43429329991340637, 0.12531240284442902, 0.43439406156539917, 0.8919634819030762),
            ["LeftLowerArm"] = CFrame.new(2.086162567138672e-07, -5.960464477539063e-08, -5.960464477539063e-08, 1, 1.1175872671742582e-08, -4.470347647611561e-08, 3.725291186640334e-09, 0.9997645616531372, -0.021702466532588005, 7.450582373280668e-09, 0.02170245535671711, 0.9997644424438477),
            ["RightUpperArm"] = CFrame.new(1.1920928955078125e-07, -3.5762786865234375e-07, -1.6391277313232422e-07, 0.6544479727745056, -0.4908737540245056, 0.5751006007194519, 0.6935492753982544, 0.0867869108915329, -0.7151626944541931, 0.30114325881004333, 0.8668974041938782, 0.39724257588386536),
            ["Head"] = CFrame.new(7.450580596923828e-09, 0, 2.9802322387695312e-08, 0.9877153038978577, 0.06293991208076477, 0.14302809536457062, 0.002184405690059066, 0.9096465110778809, -0.4153774678707123, -0.15624885261058807, 0.4105871319770813, 0.8983343243598938),
            ["RightHand"] = CFrame.new(-3.6694109439849854e-07, 1.7881393432617188e-07, 3.5762786865234375e-07, -0.29144102334976196, 0.08013161271810532, 0.9532267451286316, -0.6343693733215332, 0.7296589612960815, -0.25529080629348755, -0.7159872651100159, -0.6791000366210938, -0.16181953251361847),
            ["UpperTorso"] = CFrame.new(-1.4901161193847656e-08, 5.960464477539063e-08, -7.450580596923828e-08, 0.9973396062850952, -0.04281698912382126, 0.058995746076107025, 0.022434355691075325, 0.9503242373466492, 0.3104522228240967, -0.06935776025056839, -0.30830270051956177, 0.9487565159797668),
            ["HumanoidRootPart"] = CFrame.new(0, 0, 0, 1, 0, 0, 0, 1, 0, 0, 0, 1),
            ["RightUpperLeg"] = CFrame.new(0, 4.777684807777405e-07, 1.3205863069742918e-08, 0.996892511844635, 0.05482584238052368, -0.05656356364488602, -0.07594305276870728, 0.8596562743186951, -0.5051968097686768, 0.020927397534251213, 0.5079224705696106, 0.8611485958099365),
            ["LeftUpperArm"] = CFrame.new(0, 2.384185791015625e-07, 1.043081283569336e-07, -0.06816413998603821, 0.6590588092803955, -0.7489961981773376, -0.9728862047195435, 0.12239942699670792, 0.19624175131320953, 0.22101156413555145, 0.7420646548271179, 0.632845938205719),
            ["RightLowerArm"] = CFrame.new(-1.7881393432617188e-07, -8.940696716308594e-07, 5.364418029785156e-07, 1, -5.587936335871291e-09, 4.8428795196286956e-08, -5.6810691262398905e-08, 0.9997817277908325, -0.02089572884142399, 1.862645504502325e-08, 0.020895661786198616, 0.9997817277908325),
            ["LeftHand"] = CFrame.new(-1.6391277313232422e-07, -1.1920928955078125e-07, 0, 0.46187496185302734, -0.17442315816879272, -0.8696252703666687, 0.23943309485912323, 0.9685910940170288, -0.0671055018901825, 0.8540159463882446, -0.17722268402576447, 0.4891306161880493),
            ["LeftFoot"] = CFrame.new(-2.60770320892334e-08, 5.960464477539063e-08, -4.377216100692749e-08, 0.9599270224571228, -0.1532132774591446, -0.23466108739376068, 0.2136998325586319, 0.9418811798095703, 0.2592143714427948, 0.18130774796009064, -0.2989742159843445, 0.93687903881073),
            ["LowerTorso"] = CFrame.new(-0.11027579009532928, -0.16421008110046387, 0.22222800552845, 0.9765920639038086, -0.010545285418629646, -0.21484115719795227, 0.049962323158979416, 0.9826013445854187, 0.178880974650383, 0.2092168629169464, -0.1854277104139328, 0.9601275324821472),
