return {
    ["The Shuffle"] = {
        {Time = 0.000, Data = {
            ["RightFoot"] = CFrame.new(-1.0710209608078003e-08, 3.5762786865234375e-07, 3.708555595949292e-08, 0.9583097100257874, -0.05984344705939293, -0.2793956398963928, -0.043269094079732895, 0.9361515641212463, -0.34892404079437256, 0.2824365198612213, 0.34646663069725037, 0.8945333957672119),
            ["LeftLowerArm"] = CFrame.new(8.940696716308594e-08, -0.0000011920928955078125, 7.674098014831543e-07, 1, -5.960459503739912e-08, 1.1920917586394353e-07, 1.3411042232291948e-07, -0.09273459017276764, -0.9956908822059631, 1.0430809993522416e-07, 0.9956909418106079, -0.09273463487625122),
            ["RightUpperArm"] = CFrame.new(2.384185791015625e-07, -7.152557373046875e-07, -1.4901161193847656e-08, 0.852038562297821, -0.5220745801925659, 0.038321077823638916, 0.523440420627594, 0.8505791425704956, -0.05025220289826393, -0.006359756924211979, 0.06287556141614914, 0.9980011582374573),
            ["Head"] = CFrame.new(3.6135315895080566e-07, 1.1920928955078125e-07, 1.4621764421463013e-07, 0.9889475703239441, -0.0046537648886442184, -0.1481928676366806, -0.028349565342068672, 0.9751307368278503, -0.21980978548526764, 0.14553037285804749, 0.2215815931558609, 0.9642212390899658),
            ["RightHand"] = CFrame.new(1.7881393432617188e-07, 3.5762786865234375e-07, 2.086162567138672e-07, 0.839335560798645, 0.05230987071990967, -0.5410910844802856, -0.03241824358701706, 0.9984045028686523, 0.04623371362686157, 0.5426462292671204, -0.021264363080263138, 0.8396921753883362),
            ["UpperTorso"] = CFrame.new(1.1874362826347351e-07, 3.5762786865234375e-07, -3.731111064553261e-08, 0.9923490285873413, 0.013138080947101116, 0.12276314944028854, -0.033037178218364716, 0.9863197803497314, 0.16149859130382538, -0.11896196752786636, -0.16431879997253418, 0.9792076349258423),
            ["HumanoidRootPart"] = CFrame.new(0, 0, 0, 1, 0, 0, 0, 1, 0, 0, 0, 1),
            ["RightUpperLeg"] = CFrame.new(-5.960464477539063e-08, -2.1327286958694458e-07, 2.8107024263590574e-08, 0.9936823844909668, 0.0651802122592926, -0.09136074036359787, -0.07914741337299347, 0.9841468930244446, -0.15871578454971313, 0.07956766337156296, 0.1649441123008728, 0.9830882549285889),
            ["LeftUpperArm"] = CFrame.new(1.1920928955078125e-07, -4.76837158203125e-07, -2.086162567138672e-07, 0.8052318096160889, 0.5897691249847412, -0.061435770243406296, -0.5118319988250732, 0.7436315417289734, 0.4301629364490509, 0.2993823289871216, -0.3149360418319702, 0.9006584286689758),
            ["RightLowerArm"] = CFrame.new(1.1920928955078125e-07, 5.960464477539063e-08, 1.7881393432617188e-07, 1, -5.587936158235607e-08, 1.4156105976326216e-07, 1.5273694486950262e-07, -0.4085729718208313, -0.9127257466316223, 1.3411047916633834e-07, 0.9127257466316223, -0.4085729420185089),
            ["LeftHand"] = CFrame.new(-5.513429641723633e-07, 3.5762786865234375e-07, 6.258487701416016e-07, 0.8591506481170654, 0.1272754669189453, 0.49564212560653687, -0.16174297034740448, 0.9864621162414551, 0.027054142206907272, -0.4854888319969177, -0.10341011732816696, 0.8681053519248962),
            ["LeftFoot"] = CFrame.new(4.0512531995773315e-08, 1.1920928955078125e-07, -1.862645149230957e-09, 0.989718496799469, -0.004610619507730007, 0.14295493066310883, 0.017595872282981873, 0.9958130121231079, -0.0897047221660614, -0.14194256067276, 0.09129755198955536, 0.985655665397644),
            ["LowerTorso"] = CFrame.new(0.00033581070601940155, -0.043526649475097656, -0.017502354457974434, 0.9939197301864624, -0.02245485968887806, 0.10779356211423874, 0.0016346847405657172, 0.9818856716156006, 0.18946735560894012, -0.11009542644023895, -0.18813912570476532, 0.9759522080421448),
            ["RightLowerLeg"] = CFrame.new(8.614733815193176e-08, -0.00012236833572387695, -0.00007743312016827986, 1, -3.166496753692627e-08, -5.960465188081798e-08, 4.691537469625473e-08, 0.9537985324859619, 0.3004467785358429, -4.773028194904327e-09, -0.300447016954422, 0.9537986516952515),
            ["LeftUpperLeg"] = CFrame.new(8.940696716308594e-08, -2.635642886161804e-07, -1.6391277313232422e-07, 0.999744713306427, -0.019922571256756783, -0.010662063024938107, 0.009893647395074368, 0.810156524181366, -0.5861298441886902, 0.020315006375312805, 0.5858749747276306, 0.8101469874382019),
            ["LeftLowerLeg"] = CFrame.new(6.332993507385254e-08, 0.00012254714965820312, 0.00007741525769233704, 1, 5.494799992789012e-08, 2.526214260001325e-08, -4.0046874261179255e-08, 0.8656687140464783, 0.5006179809570312, 1.5366824257512235e-08, -0.5006173849105835, 0.8656682968139648),
        }},
        {Time = 0.033, Data = {
            ["RightFoot"] = CFrame.new(2.0489096641540527e-08, 4.172325134277344e-07, -5.272886482998729e-08, 0.9681212306022644, -0.04493420198559761, -0.24642029404640198, -0.067489854991436, 0.9006016254425049, -0.4293740391731262, 0.24121901392936707, 0.43231678009033203, 0.8688583970069885),
            ["LeftLowerArm"] = CFrame.new(2.086162567138672e-07, -0.000001430511474609375, 1.7462298274040222e-07, 1, -1.1920920428565296e-07, 1.043080430918053e-07, 1.639127589214695e-07, -0.1794394552707672, -0.9837689995765686, 1.341104365337742e-07, 0.9837689995765686, -0.1794394850730896),
            ["RightUpperArm"] = CFrame.new(3.5762786865234375e-07, -4.76837158203125e-07, -2.9802322387695312e-08, 0.8202517628669739, -0.5667680501937866, 0.07720700651407242, 0.5715958476066589, 0.8070774674415588, -0.14800086617469788, 0.0215701162815094, 0.16552923619747162, 0.9859689474105835),
            ["Head"] = CFrame.new(3.7439167499542236e-07, -1.1920928955078125e-07, -1.7695128917694092e-08, 0.9916470050811768, -0.01815609633922577, -0.12769734859466553, -0.008508706465363503, 0.9786779880523682, -0.20522424578666687, 0.1287006288766861, 0.20459654927253723, 0.9703486561775208),
            ["RightHand"] = CFrame.new(-5.960464477539063e-08, 7.748603820800781e-07, 5.960464477539063e-08, 0.8238664865493774, 0.03897201642394066, -0.5654423236846924, 0.0007362019969150424, 0.9975588321685791, 0.06982742995023727, 0.5667833685874939, -0.057944752275943756, 0.821826696395874),
            ["UpperTorso"] = CFrame.new(1.2386590242385864e-07, 4.76837158203125e-07, 1.0128132998943329e-08, 0.991680920124054, 0.022966809570789337, 0.1266556978225708, -0.04379105940461159, 0.985458493232727, 0.164176806807518, -0.121043361723423, -0.16835743188858032, 0.9782660007476807),
            ["HumanoidRootPart"] = CFrame.new(0, 0, 0, 1, 0, 0, 0, 1, 0, 0, 0, 1),
            ["RightUpperLeg"] = CFrame.new(0, 7.622875273227692e-07, 5.75528247281909e-09, 0.9933363199234009, 0.04430544003844261, -0.10639529675245285, -0.06446671485900879, 0.9788269996643066, -0.19427256286144257, 0.09553544223308563, 0.19983701407909393, 0.9751605987548828),
            ["LeftUpperArm"] = CFrame.new(-2.384185791015625e-07, 1.1920928955078125e-07, -1.1920928955078125e-07, 0.7764179110527039, 0.6301566362380981, 0.00882604531943798, -0.5667161345481873, 0.691989004611969, 0.44719573855400085, 0.27569580078125, -0.35221266746520996, 0.8943925499916077),
            ["RightLowerArm"] = CFrame.new(-4.470348358154297e-07, 4.76837158203125e-07, 1.1920928955078125e-07, 1, -8.940700979565008e-08, 1.1920931797249068e-07, 1.0384250259676264e-07, -0.41498035192489624, -0.9098304510116577, 6.705524668859653e-08, 0.9098304510116577, -0.41498032212257385),
            ["LeftHand"] = CFrame.new(-1.043081283569336e-07, 1.7881393432617188e-07, 5.960464477539062e-07, 0.8154088258743286, 0.19261936843395233, 0.5458994507789612, -0.24076518416404724, 0.9704307317733765, 0.01721624843776226, -0.5264413952827454, -0.14547185599803925, 0.8376738429069519),
            ["LeftFoot"] = CFrame.new(2.7474015951156616e-08, -5.960464477539063e-08, -3.725290298461914e-09, 0.9853190779685974, 0.03035707026720047, 0.16800309717655182, -0.003333883360028267, 0.987297773361206, -0.15884585678577423, -0.17069102823734283, 0.15595375001430511, 0.9729044437408447),
            ["LowerTorso"] = CFrame.new(-0.011938526295125484, -0.07579648494720459, -0.04480510950088501, 0.9966819286346436, -0.014926088973879814, 0.08001536130905151, 0.003108898876234889, 0.9893061518669128, 0.14582063257694244, -0.08133623003959656, -0.14508801698684692, 0.986069917678833),
            ["RightLowerLeg"] = CFrame.new(-1.7695128917694092e-08, -0.00012254714965820312, -0.00007738562271697447, 1, -6.146731124090365e-08, -3.6088740884565595e-09, 8.067581092063847e-08, 0.8874354958534241, 0.46093130111694336, -5.122273716295922e-09, -0.4609319269657135, 0.887435793876648),
            ["LeftUpperLeg"] = CFrame.new(3.2782554626464844e-07, 7.097260095179081e-07, -1.103617250919342e-07, 0.9997745752334595, -0.020525092259049416, -0.0054411995224654675, 0.013916492462158203, 0.8268981575965881, -0.5621795058250427, 0.0160379521548748, 0.561977207660675, 0.8269973397254944),
            ["LeftLowerLeg"] = CFrame.new(8.195638656616211e-08, 0.00012248754501342773, 0.00007741525769233704, 1, 4.8428738352868095e-08, 2.4447235347224705e-08, -4.749745841081676e-08, 0.8326971530914307, 0.5537293553352356, 3.9115551686563776e-08, -0.5537286400794983, 0.832696795463562),
        }},
        {Time = 0.067, Data = {
            ["RightFoot"] = CFrame.new(2.293381839990616e-08, 1.1920928955078125e-07, 7.748894859105349e-09, 0.9641386270523071, -0.04047141596674919, -0.2622966170310974, -0.08533858507871628, 0.8885440230369568, -0.4507845342159271, 0.2513049244880676, 0.4570028781890869, 0.8532255291938782),
            ["LeftLowerArm"] = CFrame.new(-4.470348358154297e-07, 1.1920928955078125e-07, 1.7136335372924805e-07, 1, -1.0803338312825872e-07, 1.043080430918053e-07, 1.3411046495548362e-07, -0.23383137583732605, -0.9722771048545837, 1.3411046495548362e-07, 0.9722772240638733, -0.23383136093616486),
            ["RightUpperArm"] = CFrame.new(2.384185791015625e-07, -9.5367431640625e-07, -1.4901161193847656e-08, 0.8309405446052551, -0.5521412491798401, 0.06839518249034882, 0.5545870065689087, 0.8121975660324097, -0.18102037906646729, 0.04439832642674446, 0.18834826350212097, 0.9810982942581177),
            ["Head"] = CFrame.new(3.855675458908081e-07, -2.384185791015625e-07, -8.66129994392395e-08, 0.9919866919517517, -0.029237866401672363, -0.12291321903467178, 0.005037153139710426, 0.9812336564064026, -0.19275693595409393, 0.12624233961105347, 0.1905931681394577, 0.9735180139541626),
            ["RightHand"] = CFrame.new(-2.9802322387695312e-08, 7.152557373046875e-07, -1.7881393432617188e-07, 0.7982849478721619, -0.05080276355147362, -0.6001335978507996, 0.13138312101364136, 0.9871277213096619, 0.09120018035173416, 0.5877752304077148, -0.15165114402770996, 0.7946836352348328),
            ["UpperTorso"] = CFrame.new(1.1641532182693481e-07, -1.7881393432617188e-07, -2.2351741790771484e-08, 0.9938416481018066, 0.011429954320192337, 0.11021909862756729, -0.02951493114233017, 0.9860385060310364, 0.1638808697462082, -0.1068071648478508, -0.16612477600574493, 0.9803035259246826),
            ["HumanoidRootPart"] = CFrame.new(0, 0, 0, 1, 0, 0, 0, 1, 0, 0, 0, 1),
            ["RightUpperLeg"] = CFrame.new(-2.9802322387695312e-08, 5.0873495638370514e-08, 6.16346369497478e-08, 0.9947224855422974, 0.021574795246124268, -0.10030791908502579, -0.0404265895485878, 0.980970025062561, -0.18990373611450195, 0.09430248290300369, 0.19295671582221985, 0.9766651391983032),
            ["LeftUpperArm"] = CFrame.new(0, -7.152557373046875e-07, 4.470348358154297e-08, 0.757042407989502, 0.6529777646064758, 0.022514959797263145, -0.5898966193199158, 0.668280303478241, 0.4532366991043091, 0.28090712428092957, -0.35640084743499756, 0.8911057710647583),
            ["RightLowerArm"] = CFrame.new(0, -1.7881393432617188e-07, 4.0605664253234863e-07, 1, -5.960467319710006e-08, 1.3411047916633834e-07, 4.749746196353044e-08, -0.4215523898601532, -0.906804084777832, 1.229346082709526e-07, 0.9068041443824768, -0.4215523302555084),
            ["LeftHand"] = CFrame.new(3.8743019104003906e-07, 5.960464477539063e-08, 2.682209014892578e-07, 0.7315201759338379, 0.2668116092681885, 0.6274471282958984, -0.32120177149772644, 0.9465954303741455, -0.028045527637004852, -0.6014214158058167, -0.18102118372917175, 0.7781539559364319),
            ["LeftFoot"] = CFrame.new(5.634501576423645e-08, -1.1920928955078125e-07, 2.2351741790771484e-08, 0.9871522188186646, 0.021043313667178154, 0.15839162468910217, 0.004094364587217569, 0.9876329898834229, -0.15673090517520905, -0.15973061323165894, 0.15536558628082275, 0.9748576879501343),
            ["LowerTorso"] = CFrame.new(-0.022023901343345642, -0.07841622829437256, -0.054064322263002396, 0.9956246614456177, 0.0020343998912721872, 0.09342089295387268, -0.013936330564320087, 0.9918141961097717, 0.1269267350435257, -0.09239795058965683, -0.12767332792282104, 0.9875029921531677),
            ["RightLowerLeg"] = CFrame.new(-4.511093720793724e-08, -0.00012218952178955078, -0.00007740983710391447, 1, -6.472691893577576e-08, -4.190951941041021e-08, 9.307402848435231e-08, 0.8682174682617188, 0.4961836338043213, -3.888270683205519e-08, -0.4961838722229004, 0.8682176470756531),
            ["LeftUpperLeg"] = CFrame.new(2.682209014892578e-07, -1.721782609820366e-07, -9.452924132347107e-08, 0.9990870952606201, -0.039874959737062454, 0.015327745117247105, 0.04185379296541214, 0.841796875, -0.538168728351593, 0.00855638924986124, 0.5383195877075195, 0.84269779920578),
            ["LeftLowerLeg"] = CFrame.new(-2.2351741790771484e-08, 0.0001227259635925293, 0.00007733330130577087, 1, 7.72997097442385e-08, 9.313234627938982e-09, -3.725290653733282e-08, 0.8373408913612366, 0.5466817617416382, 2.980232594040899e-08, -0.5466811060905457, 0.8373405337333679),
        }},
        {Time = 0.100, Data = {
            ["RightFoot"] = CFrame.new(-2.0954757928848267e-09, 2.980232238769531e-07, 4.9774826038628817e-08, 0.9614434838294983, 0.10255123674869537, -0.2551669776439667, -0.17474330961704254, 0.9442847371101379, -0.27891039848327637, 0.2123470902442932, 0.3127453923225403, 0.9257963299751282),
            ["LeftLowerArm"] = CFrame.new(-4.76837158203125e-07, -8.344650268554688e-07, 1.862645149230957e-07, 1, -1.2665975646086736e-07, 8.195630840646118e-08, 7.450580596923828e-08, -0.25110822916030884, -0.9679591059684753, 1.1920928955078125e-07, 0.9679590463638306, -0.25110819935798645),
            ["RightUpperArm"] = CFrame.new(2.384185791015625e-07, -3.5762786865234375e-07, 1.4901161193847656e-08, 0.8718245029449463, -0.4892200827598572, 0.024203388020396233, 0.48742279410362244, 0.8616194128990173, -0.14153096079826355, 0.048385679721832275, 0.13518746197223663, 0.9896379709243774),
            ["Head"] = CFrame.new(3.5390257835388184e-07, 2.384185791015625e-07, 1.8440186977386475e-07, 0.9907610416412354, -0.02316909469664097, -0.13362617790699005, -0.003938143607228994, 0.9799686074256897, -0.1991131603717804, 0.1355627477169037, 0.19779972732067108, 0.9708234071731567),
            ["RightHand"] = CFrame.new(-1.4901161193847656e-07, 7.152557373046875e-07, 8.940696716308594e-08, 0.7579129338264465, -0.21643871068954468, -0.6154041886329651, 0.31499332189559937, 0.9475167393684387, 0.05469265580177307, 0.5712682604789734, -0.23530049622058868, 0.7863118648529053),
            ["UpperTorso"] = CFrame.new(1.2945383787155151e-07, 1.4901161193847656e-07, -6.658956408500671e-08, 0.9958370923995972, 0.0002582446322776377, 0.09115145355463028, -0.015204356983304024, 0.9864569306373596, 0.16331429779529572, -0.08987484127283096, -0.1640203446149826, 0.9823542833328247),
            ["HumanoidRootPart"] = CFrame.new(0, 0, 0, 1, 0, 0, 0, 1, 0, 0, 0, 1),
            ["RightUpperLeg"] = CFrame.new(1.7881393432617188e-07, -2.828892320394516e-07, 3.9282895158976316e-08, 0.9911640882492065, -0.029553931206464767, -0.12930718064308167, -0.013587800785899162, 0.9471104741096497, -0.3206195533275604, 0.13194401562213898, 0.3195438086986542, 0.938340425491333),
            ["LeftUpperArm"] = CFrame.new(0, -5.960464477539062e-07, 1.043081283569336e-07, 0.7685490250587463, 0.6394049525260925, -0.02222037874162197, -0.5654574632644653, 0.6950942277908325, 0.4439617097377777, 0.29931649565696716, -0.3286415934562683, 0.8957701921463013),
            ["RightLowerArm"] = CFrame.new(1.7881393432617188e-07, 8.344650268554688e-07, 4.470348358154297e-07, 1, -8.195641498787154e-08, 1.6391277313232422e-07, 1.238659450564228e-07, -0.4213238060474396, -0.9069103002548218, 8.940699558479537e-08, 0.906910240650177, -0.4213238060474396),
            ["LeftHand"] = CFrame.new(-5.513429641723633e-07, 2.980232238769531e-07, 5.066394805908203e-07, 0.6638588309288025, 0.3107115924358368, 0.6802572011947632, -0.3764677941799164, 0.9247949123382568, -0.055012911558151245, -0.6461914777755737, -0.21957403421401978, 0.7309061288833618),
            ["LeftFoot"] = CFrame.new(-4.284083843231201e-08, 5.960464477539063e-08, 3.725290298461914e-09, 0.9833120703697205, -0.008466777391731739, 0.18173007667064667, 0.03110760636627674, 0.9920302629470825, -0.12209980189800262, -0.17924804985523224, 0.12571509182453156, 0.9757386445999146),
            ["LowerTorso"] = CFrame.new(-0.03140551596879959, -0.05610239505767822, -0.044768787920475006, 0.9918968677520752, 0.005357128567993641, 0.1269332468509674, -0.021880686283111572, 0.9913848042488098, 0.12914197146892548, -0.12514784932136536, -0.1308729201555252, 0.9834685325622559),
            ["RightLowerLeg"] = CFrame.new(-3.329478204250336e-08, -0.00012254714965820312, -0.00007736653060419485, 1, -8.35862010717392e-08, -2.6775536454692883e-08, 9.767245501279831e-08, 0.7462610006332397, 0.6656533479690552, -2.561137080192566e-08, -0.6656535267829895, 0.7462611794471741),
            ["LeftUpperLeg"] = CFrame.new(1.4901161193847656e-07, -4.540197551250458e-07, -1.1734664440155029e-07, 0.997003972530365, -0.07077393680810928, -0.03121088817715645, 0.0419921875, 0.834101676940918, -0.5500094294548035, 0.0649593397974968, 0.547051727771759, 0.8345749974250793),
            ["LeftLowerLeg"] = CFrame.new(1.4156103134155273e-07, 0.0001227259635925293, 0.00007747486233711243, 1, 6.193290147393782e-08, 1.8393642164937773e-08, -2.6309862732887268e-08, 0.8469268679618835, 0.5317103266716003, 2.0489096641540527e-08, -0.5317094922065735, 0.8469262719154358),
        }},
        {Time = 0.133, Data = {
            ["RightFoot"] = CFrame.new(-7.59027898311615e-08, 4.76837158203125e-07, 3.336026566103101e-08, 0.9736676216125488, 0.13888603448867798, -0.18078307807445526, -0.15588469803333282, 0.9842455983161926, -0.08342856913805008, 0.16634714603424072, 0.10941393673419952, 0.9799781441688538),
            ["LeftLowerArm"] = CFrame.new(-5.960464477539063e-08, -3.5762786865234375e-07, 4.153698682785034e-07, 1, -8.940688189795765e-08, 1.0430806440808738e-07, 8.940695295223122e-08, -0.2541908025741577, -0.9671541452407837, 1.1920927533992653e-07, 0.9671541452407837, -0.2541908919811249),
            ["RightUpperArm"] = CFrame.new(2.384185791015625e-07, -7.152557373046875e-07, -1.6391277313232422e-07, 0.9144237041473389, -0.4040789306163788, 0.0234429519623518, 0.40475714206695557, 0.9127426147460938, -0.055430829524993896, 0.0010010600090026855, 0.06017600744962692, 0.9981873035430908),
            ["Head"] = CFrame.new(4.023313522338867e-07, -3.5762786865234375e-07, -1.4808028936386108e-07, 0.991458535194397, -0.011715034954249859, -0.12989570200443268, -0.0162134300917387, 0.9771610498428345, -0.21188075840473175, 0.12941120564937592, 0.21217702329158783, 0.9686246514320374),
            ["RightHand"] = CFrame.new(-2.086162567138672e-07, 5.364418029785156e-07, 4.470348358154297e-07, 0.7324285507202148, -0.371362566947937, -0.5706471800804138, 0.433108389377594, 0.9008310437202454, -0.030341025441884995, 0.5253242254257202, -0.22492942214012146, 0.8206346035003662),
            ["UpperTorso"] = CFrame.new(1.2014061212539673e-07, 2.682209014892578e-07, 1.5366822481155396e-08, 0.9963008761405945, -0.004128616768866777, 0.08583486080169678, -0.01154289674013853, 0.9833638668060303, 0.18128003180027008, -0.0851554125547409, -0.18160027265548706, 0.9796785116195679),
            ["HumanoidRootPart"] = CFrame.new(0, 0, 0, 1, 0, 0, 0, 1, 0, 0, 0, 1),
            ["RightUpperLeg"] = CFrame.new(-8.940696716308594e-08, 5.157198756933212e-07, 7.653579814359546e-08, 0.984833300113678, -0.09784657508134842, -0.1432812660932541, 0.006815774831920862, 0.8469923138618469, -0.5315613746643066, 0.1733698546886444, 0.5225229859352112, 0.8348131775856018),
            ["LeftUpperArm"] = CFrame.new(0, -1.1920928955078125e-07, -8.940696716308594e-08, 0.8165173530578613, 0.5715070366859436, -0.08172603696584702, -0.48961085081100464, 0.7605034708976746, 0.4265157878398895, 0.3059096336364746, -0.30824363231658936, 0.9007803201675415),
            ["RightLowerArm"] = CFrame.new(0, 3.5762786865234375e-07, -8.940696716308594e-08, 1, -1.0058283805847168e-07, 1.341104365337742e-07, 1.1175875158642157e-07, -0.3948758840560913, -0.9187344908714294, 1.3411049337719305e-07, 0.9187345504760742, -0.39487579464912415),
            ["LeftHand"] = CFrame.new(-0.0000010132789611816406, -5.960464477539063e-08, 5.662441253662109e-07, 0.6158915162086487, 0.33199310302734375, 0.7144635915756226, -0.4052501916885376, 0.9112001061439514, -0.07407223433256149, -0.6756108999252319, -0.24391591548919678, 0.6957406401634216),
            ["LeftFoot"] = CFrame.new(-5.4016709327697754e-08, 5.960464477539063e-08, 1.862645149230957e-09, 0.9866776466369629, -0.03329430893063545, 0.1592445820569992, 0.046878427267074585, 0.9955026507377625, -0.08232291042804718, -0.15578733384609222, 0.0886911153793335, 0.9838008880615234),
            ["LowerTorso"] = CFrame.new(-0.0467953234910965, -0.033406734466552734, -0.03466872125864029, 0.9926065802574158, 0.007658096961677074, 0.12113437056541443, -0.02236020751297474, 0.9924636483192444, 0.12048197537660599, -0.1192987933754921, -0.12229979038238525, 0.9852972030639648),
            ["RightLowerLeg"] = CFrame.new(1.210719347000122e-08, -0.00012284517288208008, -0.00007739866123301908, 1, -1.0104846381864263e-07, -4.773030326532535e-08, 1.336448178790306e-07, 0.4865001142024994, 0.8736803531646729, -1.1501836638672103e-07, -0.873680591583252, 0.48650047183036804),
            ["LeftUpperLeg"] = CFrame.new(2.9802322387695312e-08, 4.5332126319408417e-07, -1.043081283569336e-07, 0.9941100478172302, -0.0831664651632309, -0.06948792189359665, 0.031431496143341064, 0.8348703980445862, -0.5495482683181763, 0.10371722280979156, 0.5441276431083679, 0.8325671553611755),
            ["LeftLowerLeg"] = CFrame.new(5.4016709327697754e-08, 0.00012296438217163086, 0.00007735379040241241, 1, 3.306194074070845e-08, 1.7927973772202677e-08, -4.5634813261585805e-08, 0.8527007699012756, 0.5224002003669739, 9.31322685637781e-10, -0.5223997235298157, 0.8527005314826965),
        }},
        {Time = 0.167, Data = {
            ["RightFoot"] = CFrame.new(-4.470348358154297e-08, 3.5762786865234375e-07, 2.9634975362569094e-08, 0.9807093143463135, 0.13994435966014862, -0.13647396862506866, -0.1371588557958603, 0.9901052117347717, 0.02964901551604271, 0.13927219808101654, -0.010357827879488468, 0.9901999831199646),
            ["LeftLowerArm"] = CFrame.new(-6.258487701416016e-07, -6.556510925292969e-07, -4.842877388000488e-08, 1, -9.685746960030883e-08, 1.7136326846411976e-07, 7.450583439094771e-08, -0.25053632259368896, -0.968107283115387, 8.568170528633345e-08, 0.9681072235107422, -0.25053632259368896),
            ["RightUpperArm"] = CFrame.new(2.384185791015625e-07, -2.384185791015625e-07, -1.1920928955078125e-07, 0.9430097341537476, -0.3238191604614258, 0.07664144784212112, 0.3231651484966278, 0.9461066722869873, 0.021130956709384918, -0.07935358583927155, 0.004841144196689129, 0.9968348145484924),
            ["Head"] = CFrame.new(3.427267074584961e-07, 1.1920928955078125e-07, 9.499490261077881e-08, 0.9960071444511414, 0.0037285839207470417, -0.08919629454612732, -0.021973367780447006, 0.9786291122436523, -0.20445607602596283, 0.0865277647972107, 0.20559966564178467, 0.9748035073280334),
            ["RightHand"] = CFrame.new(-2.980232238769531e-07, 2.980232238769531e-07, -1.1920928955078125e-07, 0.7918311357498169, -0.369233101606369, -0.4864877164363861, 0.40626853704452515, 0.9131990671157837, -0.031834833323955536, 0.45601457357406616, -0.17243678867816925, 0.8731072545051575),
            ["UpperTorso"] = CFrame.new(1.0570511221885681e-07, 5.662441253662109e-07, -6.05359673500061e-09, 0.99635249376297, 0.0002569537900853902, 0.08533315360546112, -0.019140154123306274, 0.9751890897750854, 0.22054462134838104, -0.08315929025411606, -0.22137342393398285, 0.9716370105743408),
            ["HumanoidRootPart"] = CFrame.new(0, 0, 0, 1, 0, 0, 0, 1, 0, 0, 0, 1),
            ["RightUpperLeg"] = CFrame.new(-2.9802322387695312e-08, 3.634486347436905e-07, 4.85961209051311e-08, 0.9877543449401855, -0.12677761912345886, -0.09093376994132996, 0.017360694706439972, 0.6685352921485901, -0.7434778213500977, 0.1550488919019699, 0.7327947020530701, 0.6625494360923767),
            ["LeftUpperArm"] = CFrame.new(0, -3.5762786865234375e-07, -2.9802322387695312e-08, 0.8768032193183899, 0.4679114818572998, -0.11079273372888565, -0.39741888642311096, 0.8348824977874756, 0.3808273673057556, 0.2706923186779022, -0.2898794412612915, 0.9179844856262207),
            ["RightLowerArm"] = CFrame.new(0, 2.980232238769531e-07, 1.1920928955078125e-07, 1, -9.755605390182609e-08, 1.341104507446289e-07, 6.705523247774181e-08, -0.34353014826774597, -0.9391416907310486, 1.4156104555240745e-07, 0.9391416311264038, -0.34353014826774597),
            ["LeftHand"] = CFrame.new(-5.066394805908203e-07, -2.384185791015625e-07, 5.066394805908203e-07, 0.6932231187820435, 0.22677014768123627, 0.6841176748275757, -0.32736310362815857, 0.9447162747383118, 0.01856737583875656, -0.6420865654945374, -0.23682621121406555, 0.7291353344917297),
            ["LeftFoot"] = CFrame.new(1.4435499906539917e-08, 0, -1.6763806343078613e-08, 0.9864218235015869, -0.06513740122318268, 0.1507619023323059, 0.07144174724817276, 0.9967665076255798, -0.036779243499040604, -0.14787878096103668, 0.04705025628209114, 0.9878857731819153),
            ["LowerTorso"] = CFrame.new(-0.06450647115707397, -0.04266786575317383, -0.039499059319496155, 0.9974310994148254, 0.0029905710835009813, 0.07157120853662491, -0.009354921989142895, 0.9960097074508667, 0.0887543261051178, -0.07102017849683762, -0.0891958624124527, 0.9934789538383484),
            ["RightLowerLeg"] = CFrame.new(-9.313225746154785e-08, -0.00012230873107910156, -0.00007725337491137907, 1, -1.5273684539351962e-07, -1.359731243155693e-07, 1.527369164477932e-07, 0.10806115716695786, 0.9941442012786865, -1.648441099177944e-07, -0.9941442608833313, 0.10806179791688919),
            ["LeftUpperLeg"] = CFrame.new(1.7881393432617188e-07, 2.8801150619983673e-07, -1.4156103134155273e-07, 0.9944732785224915, -0.0650406926870346, -0.08241818845272064, 0.01352276373654604, 0.8578150272369385, -0.5137804746627808, 0.10411619395017624, 0.5098267197608948, 0.8539537191390991),
            ["LeftLowerLeg"] = CFrame.new(1.0058283805847168e-07, 0.00012284517288208008, 0.00007733982056379318, 1, 3.352759847530251e-08, 2.3166657925344225e-08, -4.563478839259005e-08, 0.8581753373146057, 0.5133568644523621, 1.2572850316416861e-08, -0.513356626033783, 0.8581752777099609),
        }},
        {Time = 0.200, Data = {
            ["RightFoot"] = CFrame.new(4.0046870708465576e-08, 3.5762786865234375e-07, 3.894820110872388e-08, 0.9729824662208557, 0.12282086908817291, -0.1955016404390335, -0.13144011795520782, 0.9908171892166138, -0.03169488534331322, 0.18981261551380157, 0.05653565749526024, 0.9801911115646362),
            ["LeftLowerArm"] = CFrame.new(1.4901161193847656e-07, -6.556510925292969e-07, 3.501772880554199e-07, 1, -8.195632972274325e-08, 1.3411033705779118e-07, 1.341104365337742e-07, -0.23739661276340485, -0.9714127779006958, 1.1920927533992653e-07, 0.9714128375053406, -0.23739659786224365),
            ["RightUpperArm"] = CFrame.new(2.384185791015625e-07, -7.152557373046875e-07, 4.470348358154297e-08, 0.9513244032859802, -0.2796051800251007, 0.1296260952949524, 0.2706681787967682, 0.9591364860534668, 0.08243873715400696, -0.14737938344478607, -0.04334033280611038, 0.9881300330162048),
            ["Head"] = CFrame.new(3.7997961044311523e-07, -5.960464477539062e-07, 1.7508864402770996e-07, 0.998624861240387, 0.011579475365579128, -0.0511305034160614, -0.022281071171164513, 0.9765785932540894, -0.2140045017004013, 0.04745490849018097, 0.21484948694705963, 0.9754936099052429),
            ["RightHand"] = CFrame.new(-4.470348358154297e-07, 4.76837158203125e-07, 6.07222318649292e-07, 0.916028618812561, -0.21502552926540375, -0.33860841393470764, 0.25034889578819275, 0.9660516977310181, 0.06379341334104538, 0.31339606642723083, -0.1432068645954132, 0.938762366771698),
            ["UpperTorso"] = CFrame.new(1.2456439435482025e-07, 3.8743019104003906e-07, 1.1641532182693481e-08, 0.9974324703216553, 0.00010752820526249707, 0.07161395996809006, -0.019424274563789368, 0.9629181623458862, 0.26909372210502625, -0.06892945617437363, -0.26979389786720276, 0.9604479074478149),
            ["HumanoidRootPart"] = CFrame.new(0, 0, 0, 1, 0, 0, 0, 1, 0, 0, 0, 1),
            ["RightUpperLeg"] = CFrame.new(0, 1.909211277961731e-08, 4.0214217733591795e-08, 0.9893531799316406, -0.13413797318935394, -0.05645454674959183, 0.00953651312738657, 0.44683176279067993, -0.8945671319961548, 0.14522162079811096, 0.8845046162605286, 0.4433537721633911),
            ["LeftUpperArm"] = CFrame.new(1.1920928955078125e-07, -9.5367431640625e-07, -1.043081283569336e-07, 0.9175164699554443, 0.3780030310153961, -0.12360157817602158, -0.3260557949542999, 0.8929305076599121, 0.31042352318763733, 0.2277086228132248, -0.24451769888401031, 0.942528486251831),
            ["RightLowerArm"] = CFrame.new(2.384185791015625e-07, 8.344650268554688e-07, 8.940696716308594e-08, 1, -1.1548404188488348e-07, 1.136213683139431e-07, 1.1175873737556685e-07, -0.28962257504463196, -0.9571409821510315, 8.940698847936801e-08, 0.9571410417556763, -0.2896224856376648),
            ["LeftHand"] = CFrame.new(-7.897615432739258e-07, 1.7881393432617188e-07, -5.960464477539063e-08, 0.8009785413742065, 0.025870542973279953, 0.5981338620185852, -0.15021958947181702, 0.9757901430130005, 0.1589585393667221, -0.5795407295227051, -0.21717379987239838, 0.785473108291626),
            ["LeftFoot"] = CFrame.new(-4.1443854570388794e-08, -1.1920928955078125e-07, 0, 0.9639983773231506, 0.029967959970235825, 0.2642146348953247, 0.022758139297366142, 0.980684757232666, -0.1942663937807083, -0.26493293046951294, 0.19328564405441284, 0.9446963667869568),
            ["LowerTorso"] = CFrame.new(-0.08067997545003891, -0.10246407985687256, -0.0581323467195034, 0.999531090259552, -0.006704105995595455, 0.029879050329327583, 0.005568816792219877, 0.9992653131484985, 0.037918735295534134, -0.03011131100356579, -0.037734564393758774, 0.9988340139389038),
            ["RightLowerLeg"] = CFrame.new(3.5390257835388184e-08, -0.00012230873107910156, -0.00007723661110503599, 1, -1.462176157929207e-07, -1.7415736408565863e-07, 1.788139627478813e-07, -0.33411240577697754, 0.9425332546234131, -1.8626454334480513e-07, -0.9425332546234131, -0.3341125547885895),
            ["LeftUpperLeg"] = CFrame.new(1.1920928955078125e-07, -3.306195139884949e-08, -1.434236764907837e-07, 0.9846621751785278, -0.09451023489236832, -0.14665693044662476, 0.004757717251777649, 0.8548083305358887, -0.5189215540885925, 0.17440681159496307, 0.5102651119232178, 0.8421474695205688),
            ["LeftLowerLeg"] = CFrame.new(6.891787052154541e-08, 0.0001227259635925293, 0.00007733330130577087, 1, 5.3085354778659166e-08, 1.3038522261865637e-08, -4.8428763221863846e-08, 0.7747998237609863, 0.6322070360183716, -4.656611984898973e-09, -0.6322067379951477, 0.7747995853424072),
        }},
        {Time = 0.233, Data = {
            ["RightFoot"] = CFrame.new(1.30385160446167e-08, 4.172325134277344e-07, 1.287116901949048e-08, 0.9500530958175659, 0.06630470603704453, -0.30496540665626526, -0.11225327849388123, 0.9843724370002747, -0.13568344712257385, 0.2912016808986664, 0.16314005851745605, 0.9426485300064087),
            ["LeftLowerArm"] = CFrame.new(-7.748603820800781e-07, -1.1920928955078125e-07, 3.2782554626464844e-07, 1, -8.940692453052179e-08, 8.195631551188853e-08, 6.70552182668871e-08, -0.17512252926826477, -0.9845466613769531, 9.685753354915505e-08, 0.9845467209815979, -0.17512246966362),
            ["RightUpperArm"] = CFrame.new(2.384185791015625e-07, -3.5762786865234375e-07, 1.564621925354004e-07, 0.9598974585533142, -0.2566398084163666, 0.11284050345420837, 0.23418331146240234, 0.9552829265594482, 0.18053503334522247, -0.15412704646587372, -0.1468697488307953, 0.9770742654800415),
            ["Head"] = CFrame.new(3.986060619354248e-07, -3.5762786865234375e-07, 1.0337680578231812e-07, 0.9983757734298706, -0.005482196807861328, -0.05670810490846634, -0.009452958591282368, 0.9656229615211487, -0.25977498292922974, 0.05618273839354515, 0.25988900661468506, 0.964002788066864),
            ["RightHand"] = CFrame.new(-4.172325134277344e-07, 5.960464477539062e-07, 4.917383193969727e-07, 0.9590808153152466, -0.1957980841398239, -0.20451709628105164, 0.2165195345878601, 0.9726414084434509, 0.08419021219015121, 0.1824374943971634, -0.12502709031105042, 0.9752358198165894),
            ["UpperTorso"] = CFrame.new(1.223088474944234e-07, 1.4901161193847656e-07, 9.313225746154785e-10, 0.9990972876548767, -0.00672787195071578, 0.04194566607475281, -0.006205660756677389, 0.9536745548248291, 0.30077630281448364, -0.04202611371874809, -0.30076509714126587, 0.9527718424797058),
            ["HumanoidRootPart"] = CFrame.new(0, 0, 0, 1, 0, 0, 0, 1, 0, 0, 0, 1),
            ["RightUpperLeg"] = CFrame.new(0, 7.401431503240019e-07, 3.3229298423975706e-08, 0.9815844297409058, -0.1839057207107544, -0.051676809787750244, -0.010007161647081375, 0.22064220905303955, -0.9753034710884094, 0.19076663255691528, 0.9578600525856018, 0.2147386223077774),
            ["LeftUpperArm"] = CFrame.new(0, -2.384185791015625e-07, 6.705522537231445e-08, 0.9277586340904236, 0.32402005791664124, -0.18513529002666473, -0.2817504405975342, 0.933487594127655, 0.22185032069683075, 0.2447054535150528, -0.15366151928901672, 0.9573439955711365),
            ["RightLowerArm"] = CFrame.new(7.152557373046875e-07, -2.384185791015625e-07, 4.470348358154297e-07, 1, -1.0058287358560847e-07, 1.0430814256778831e-07, 8.940698847936801e-08, -0.2420472800731659, -0.9702645540237427, 9.685756907629184e-08, 0.9702644944190979, -0.2420472502708435),
            ["LeftHand"] = CFrame.new(-4.023313522338867e-07, 1.1920928955078125e-07, 2.086162567138672e-07, 0.8184636831283569, -0.0769425630569458, 0.5693830847740173, -0.05245203524827957, 0.9768485426902771, 0.20740219950675964, -0.5721590518951416, -0.199616476893425, 0.7954792380332947),
            ["LeftFoot"] = CFrame.new(4.190951585769653e-08, -1.7881393432617188e-07, 0, 0.9381499886512756, 0.029705926775932312, 0.34495288133621216, 0.06452277302742004, 0.9638586640357971, -0.2584827244281769, -0.34016409516334534, 0.26475322246551514, 0.9023271203041077),
            ["LowerTorso"] = CFrame.new(-0.09260538965463638, -0.1577458381652832, -0.07813148200511932, 0.9988479614257812, 0.00012639684427995235, 0.047988638281822205, 0.0000486923054268118, 0.9999934434890747, -0.0036473674699664116, -0.047988783568143845, 0.003645502496510744, 0.9988412261009216),
            ["RightLowerLeg"] = CFrame.new(-6.51925802230835e-08, -0.00012236833572387695, -0.00007748620555503294, 1, -8.89413058757782e-08, -2.710148976348137e-07, 1.564622067462551e-07, -0.6822896003723145, 0.7310815453529358, -2.5145712356788863e-07, -0.731082022190094, -0.6822901368141174),
            ["LeftUpperLeg"] = CFrame.new(3.2782554626464844e-07, 5.627298378385603e-07, -1.448206603527069e-07, 0.9636642336845398, -0.1619197130203247, -0.21244603395462036, 0.015929704532027245, 0.8287510871887207, -0.5593901872634888, 0.26664116978645325, 0.5356804728507996, 0.8012173771858215),
            ["LeftLowerLeg"] = CFrame.new(-1.6763806343078613e-08, 0.0001227855682373047, 0.00007737427949905396, 1, 7.823106784599076e-08, 9.080401319749853e-09, -7.63684582238966e-08, 0.6621752977371216, 0.7493494153022766, 3.81842291119483e-08, -0.749349057674408, 0.6621749401092529),
        }},
        {Time = 0.267, Data = {
            ["RightFoot"] = CFrame.new(-9.313225746154785e-09, 1.7881393432617188e-07, 9.575887816026807e-08, 0.9276756644248962, -0.009300382807850838, -0.3732728660106659, -0.08675017952919006, 0.966965913772583, -0.23969008028507233, 0.36316993832588196, 0.25473612546920776, 0.8962233066558838),
            ["LeftLowerArm"] = CFrame.new(1.1920928955078125e-07, -2.384185791015625e-07, -2.384185791015625e-07, 1, -8.940692453052179e-08, 1.0430807861894209e-07, 8.195642919872625e-08, -0.1176377534866333, -0.99305659532547, 1.043081780949251e-07, 0.99305659532547, -0.1176377385854721),
            ["RightUpperArm"] = CFrame.new(1.1920928955078125e-07, -8.344650268554688e-07, -1.4901161193847656e-08, 0.9718860983848572, -0.2332669347524643, 0.03200017660856247, 0.2116064578294754, 0.9249524474143982, 0.3157305121421814, -0.10324807465076447, -0.30008262395858765, 0.9483092427253723),
            ["Head"] = CFrame.new(3.8836151361465454e-07, -1.1920928955078125e-07, 5.029141902923584e-08, 0.9966443181037903, -0.016282416880130768, -0.08021868020296097, -0.006659157108515501, 0.9606390595436096, -0.27772003412246704, 0.08158314973115921, 0.2773222029209137, 0.9573070406913757),
            ["RightHand"] = CFrame.new(5.960464477539063e-08, 5.960464477539062e-07, 4.172325134277344e-07, 0.8919659852981567, -0.2612042725086212, -0.36901095509529114, 0.2960413098335266, 0.9543347954750061, 0.04005979746580124, 0.341696172952652, -0.14497442543506622, 0.9285613894462585),
            ["UpperTorso"] = CFrame.new(1.126900315284729e-07, 5.662441253662109e-07, 1.5832483768463135e-08, 0.9998499155044556, 0.014756880700588226, 0.00908056739717722, -0.016809264197945595, 0.9532495141029358, 0.3017164468765259, -0.0042037065140903, -0.30182376503944397, 0.9533544778823853),
            ["HumanoidRootPart"] = CFrame.new(0, 0, 0, 1, 0, 0, 0, 1, 0, 0, 0, 1),
            ["RightUpperLeg"] = CFrame.new(-5.960464477539063e-08, 5.811452865600586e-07, 5.045876605436206e-08, 0.9754992127418518, -0.19710874557495117, -0.09772081673145294, -0.07667680084705353, 0.11172103136777878, -0.9907770156860352, 0.20620885491371155, 0.9739951491355896, 0.09386998414993286),
            ["LeftUpperArm"] = CFrame.new(-1.1920928955078125e-07, -4.76837158203125e-07, -4.470348358154297e-08, 0.9168489575386047, 0.3122967481613159, -0.24871404469013214, -0.2877252995967865, 0.948759913444519, 0.13064785301685333, 0.27677083015441895, -0.048223067075014114, 0.9597252011299133),
            ["RightLowerArm"] = CFrame.new(2.384185791015625e-07, -2.384185791015625e-07, -1.9371509552001953e-07, 1, -8.940698847936801e-08, 1.043081283569336e-07, 1.1920931797249068e-07, -0.16874615848064423, -0.9856595993041992, 9.685756907629184e-08, 0.9856595993041992, -0.1687461882829666),
            ["LeftHand"] = CFrame.new(-5.811452865600586e-07, 1.1920928955078125e-07, -1.1920928955078125e-07, 0.7757025957107544, 0.028952153399586678, 0.6304342150688171, -0.17368797957897186, 0.9701642990112305, 0.16915617883205414, -0.6067274212837219, -0.24071379005908966, 0.7575874924659729),
            ["LeftFoot"] = CFrame.new(4.6566128730773926e-09, -1.7881393432617188e-07, -3.725290298461914e-09, 0.9489610195159912, 0.0324145182967186, 0.31372323632240295, 0.04915308207273483, 0.9673509001731873, -0.24862848222255707, -0.31153976917266846, 0.25135937333106995, 0.9163851141929626),
