return {
    ["The Funny"] = {
        {Time = 0.000, Data = {
            ["RightFoot"] = CFrame.new(-3.119566827081144e-08, 6.556510925292969e-07, 4.360481398180127e-08, 0.9834014773368835, 0.16034859418869019, -0.08491223305463791, -0.1573423147201538, 0.9866914749145508, 0.04102705791592598, 0.09036072343587875, -0.026985691860318184, 0.9955434203147888),
            ["LeftLowerArm"] = CFrame.new(-1.4901161193847656e-07, 0, 0, 1, 5.960465188081798e-08, -2.514570951461792e-08, 5.960465188081798e-08, 0.7661361694335938, -0.6426783800125122, 0, 0.6426783204078674, 0.7661361694335938),
            ["RightUpperArm"] = CFrame.new(-5.960464477539063e-08, -1.1920928955078125e-07, 3.725290298461914e-09, 0.128433957695961, -0.983603835105896, 0.12660276889801025, 0.9893084764480591, 0.1359674036502838, 0.05274168774485588, -0.06909077614545822, 0.11847522854804993, 0.9905503988265991),
            ["Head"] = CFrame.new(-3.166496753692627e-08, 0, 1.862645149230957e-09, 0.9830628037452698, 0.07596446573734283, 0.16678458452224731, -0.0645478218793869, 0.9952524304389954, -0.07284410297870636, -0.17152632772922516, 0.06084473431110382, 0.9832988977432251),
            ["RightHand"] = CFrame.new(-2.8312206268310547e-07, 1.1920928955078125e-07, -2.9802322387695312e-08, 0.9613029956817627, -0.16364826261997223, -0.22162139415740967, 0.18117710947990417, 0.9815518260002136, 0.06108082830905914, 0.20753706991672516, -0.0988699197769165, 0.9732179641723633),
            ["UpperTorso"] = CFrame.new(1.257285475730896e-08, 2.384185791015625e-07, -1.0244548320770264e-08, 0.9953279495239258, -0.08956873416900635, 0.036053311079740524, 0.082745760679245, 0.9837199449539185, 0.15952512621879578, -0.04975481703877449, -0.15579652786254883, 0.986535370349884),
            ["HumanoidRootPart"] = CFrame.new(0, 0, 0, 1, 0, 0, 0, 1, 0, 0, 0, 1),
            ["RightUpperLeg"] = CFrame.new(5.960464477539063e-08, 2.1443702280521393e-07, -3.894820110872388e-08, 0.9731665849685669, -0.19562289118766785, -0.12115471065044403, 0.17950889468193054, 0.9748415350914001, -0.13213887810707092, 0.14395597577095032, 0.10684481263160706, 0.9837992787361145),
            ["LeftUpperArm"] = CFrame.new(5.960464477539063e-08, -1.1920928955078125e-07, 1.4901161193847656e-08, 0.21570824086666107, 0.5138454437255859, -0.8303210735321045, -0.5235208868980408, 0.7786542177200317, 0.34586623311042786, 0.8242547512054443, 0.36008420586586, 0.4369708001613617),
            ["RightLowerArm"] = CFrame.new(-5.960464477539063e-08, 2.980232238769531e-07, 1.30385160446167e-08, 1, -6.332994928470725e-08, -7.264316792543468e-08, 3.5855915569982244e-08, 0.9037565588951111, -0.42804667353630066, 1.1431983182319527e-07, 0.42804694175720215, 0.9037566781044006),
            ["LeftHand"] = CFrame.new(2.384185791015625e-07, 0, 1.1734664440155029e-07, 0.7291649580001831, -0.3518742024898529, -0.5869439244270325, 0.4240569472312927, 0.9054936170578003, -0.01603623852133751, 0.537116527557373, -0.23720453679561615, 0.8094688653945923),
            ["LeftFoot"] = CFrame.new(-1.6544959180464502e-08, -1.7881393432617188e-07, 8.084498404059559e-09, 0.9937519431114197, -0.10486584156751633, 0.038213666528463364, 0.11024187505245209, 0.9757054448127747, -0.18932968378067017, -0.01743093691766262, 0.19235944747924805, 0.9811697006225586),
            ["LowerTorso"] = CFrame.new(-0.06977301836013794, -0.0376209020614624, -0.0023265008348971605, 0.9820329546928406, -0.007732756901532412, -0.18855156004428864, -0.007374555803835392, 0.996824324131012, -0.07929001748561859, 0.1885659396648407, 0.07925588637590408, 0.9788572192192078),
            ["RightLowerLeg"] = CFrame.new(-5.8673322200775146e-08, -1.7881393432617188e-07, 3.149762051180005e-08, 1, -3.1664949773357876e-08, 6.286425247026273e-08, 3.7252898543727042e-09, 0.9827805161476135, 0.18477700650691986, -2.607702853651972e-08, -0.18477709591388702, 0.9827804565429688),
            ["LeftUpperLeg"] = CFrame.new(-5.960464477539063e-08, 3.725290298461914e-08, 2.9802322387695312e-08, 0.9429179430007935, 0.1326715052127838, 0.3054572641849518, -0.12284547835588455, 0.9911011457443237, -0.05125991255044937, -0.30953988432884216, 0.010809868574142456, 0.950825035572052),
            ["LeftLowerLeg"] = CFrame.new(-8.940696716308594e-08, 5.960464477539063e-08, -5.21540641784668e-08, 1, 7.4505797087454084e-09, -1.8626447051417472e-09, -1.862645149230957e-08, 0.9478167295455933, 0.3188157379627228, -1.4901161193847656e-08, -0.3188157081604004, 0.9478167295455933),
        }},
        {Time = 0.033, Data = {
            ["RightFoot"] = CFrame.new(3.798959369305521e-08, 7.748603820800781e-07, 2.531305653974414e-08, 0.9867149591445923, 0.09256475418806076, -0.1335119754076004, -0.11458500474691391, 0.9791015386581421, -0.16801929473876953, 0.11516907811164856, 0.1810857057571411, 0.9767006635665894),
            ["LeftLowerArm"] = CFrame.new(2.384185791015625e-07, -2.980232238769531e-07, -1.4901161193847656e-07, 1, -8.940695295223122e-08, 4.0978189730367376e-08, 1.6391277313232422e-07, 0.3950176239013672, -0.9186735153198242, 5.960464477539063e-08, 0.9186735153198242, 0.3950176239013672),
            ["RightUpperArm"] = CFrame.new(0, -3.5762786865234375e-07, 5.029141902923584e-08, 0.27637314796447754, -0.9409829378128052, -0.19536879658699036, 0.8676881790161133, 0.33171704411506653, -0.3702446520328522, 0.41320109367370605, -0.06719359755516052, 0.908157467842102),
            ["Head"] = CFrame.new(-9.313225746154785e-10, -3.5762786865234375e-07, 5.192123353481293e-08, 0.9998934268951416, 0.01396710891276598, -0.00424659950658679, -0.014247965067625046, 0.9970438480377197, -0.07550164312124252, 0.0031795066315680742, 0.07555409520864487, 0.997136652469635),
            ["RightHand"] = CFrame.new(8.940696716308594e-08, 0, -2.9802322387695312e-08, 0.5496461987495422, -0.8347728252410889, 0.03230168670415878, 0.701472282409668, 0.440187007188797, -0.560510516166687, 0.4536801278591156, 0.330741286277771, 0.8275171518325806),
            ["UpperTorso"] = CFrame.new(3.725290298461914e-09, 5.960464477539063e-08, 1.909211277961731e-08, 0.9981698393821716, 0.01922125183045864, -0.0573371984064579, -0.009104255586862564, 0.9850998520851135, 0.17174290120601654, 0.059783972799777985, -0.17090654373168945, 0.9834718704223633),
            ["HumanoidRootPart"] = CFrame.new(0, 0, 0, 1, 0, 0, 0, 1, 0, 0, 0, 1),
            ["RightUpperLeg"] = CFrame.new(1.1920928955078125e-07, -3.012828528881073e-07, 1.3205863069742918e-08, 0.9248799681663513, -0.1358129233121872, -0.3551786243915558, 0.09536304324865341, 0.9870357513427734, -0.12909796833992004, 0.3681071698665619, 0.08552923053503036, 0.925841212272644),
            ["LeftUpperArm"] = CFrame.new(0, 0, 7.82310962677002e-08, 0.39239373803138733, 0.7776777744293213, -0.4911661744117737, -0.8572250604629517, 0.1156054362654686, -0.5017973780632019, -0.33345526456832886, 0.6179422736167908, 0.7120078206062317),
            ["RightLowerArm"] = CFrame.new(1.1920928955078125e-07, 4.76837158203125e-07, 1.1920928955078125e-07, 1, -1.1175872316471214e-07, 1.4901166522918174e-08, 7.82310962677002e-08, 0.7552946209907532, -0.6553852558135986, 9.313225746154785e-08, 0.655385434627533, 0.7552948594093323),
            ["LeftHand"] = CFrame.new(4.172325134277344e-07, 1.7881393432617188e-07, 5.960464477539063e-08, 0.8835441470146179, 0.4563504755496979, -0.1053287461400032, -0.45526552200317383, 0.8896462321281433, 0.035538457334041595, 0.10992330312728882, 0.016552796587347984, 0.9938022494316101),
            ["LeftFoot"] = CFrame.new(-5.635102695578098e-08, -2.384185791015625e-07, 8.476916946165147e-09, 0.9822297096252441, -0.1850208044052124, -0.031500354409217834, 0.17934191226959229, 0.9747418761253357, -0.13309724628925323, 0.05533045902848244, 0.12508265674114227, 0.9906022548675537),
            ["LowerTorso"] = CFrame.new(0.0994541272521019, -0.054623961448669434, -0.002326498506590724, 0.9961449503898621, -0.02084936574101448, 0.08520907908678055, 0.02731155976653099, 0.9967799186706543, -0.07539156079292297, -0.08336282521486282, 0.07742810249328613, 0.9935067892074585),
            ["RightLowerLeg"] = CFrame.new(9.685754776000977e-08, -1.1920928955078125e-07, -4.300818545743823e-08, 1, -9.313220061812899e-08, 1.043081283569336e-07, 4.8428766774577525e-08, 0.9235623478889465, 0.38344845175743103, -6.146728281919422e-08, -0.3834485411643982, 0.9235622882843018),
            ["LeftUpperLeg"] = CFrame.new(-5.960464477539063e-08, -2.651941031217575e-07, 0, 0.969880998134613, 0.2359100878238678, 0.06064116954803467, -0.2200871706008911, 0.9554198980331421, -0.19681094586849213, -0.10436742007732391, 0.17753683030605316, 0.9785643219947815),
            ["LeftLowerLeg"] = CFrame.new(-1.862645149230957e-09, 0, 4.470348358154297e-08, 1, 3.7252898543727042e-09, -9.313225746154785e-09, -2.607702853651972e-08, 0.9194349646568298, 0.393242210149765, 0, -0.3932422399520874, 0.9194349646568298),
        }},
        {Time = 0.067, Data = {
            ["RightFoot"] = CFrame.new(7.152266334742308e-09, 8.940696716308594e-07, 2.835440682247281e-08, 0.9885799288749695, -0.006948679685592651, -0.15053817629814148, -0.028717366978526115, 0.9719445109367371, -0.2334504872560501, 0.1479366272687912, 0.23510776460170746, 0.9606452584266663),
            ["LeftLowerArm"] = CFrame.new(2.9802322387695312e-08, 0, -3.166496753692627e-08, 1, -4.6566128730773926e-08, -1.5832481992106295e-08, 2.60770320892334e-08, 0.958132803440094, -0.28632447123527527, 4.7031790018081665e-08, 0.2863244414329529, 0.9581326842308044),
            ["RightUpperArm"] = CFrame.new(1.1920928955078125e-07, -3.5762786865234375e-07, -7.450580596923828e-09, 0.41577720642089844, -0.8219343423843384, -0.3892982006072998, 0.9077189564704895, 0.3485158085823059, 0.23363015055656433, -0.05635209009051323, -0.45051172375679016, 0.8909903764724731),
            ["Head"] = CFrame.new(1.6763806343078613e-08, -3.5762786865234375e-07, -1.1175870895385742e-08, 0.9938464164733887, -0.09164532274007797, -0.062214456498622894, 0.08904127776622772, 0.9950811862945557, -0.043417446315288544, 0.0658874437212944, 0.037610623985528946, 0.9971179962158203),
            ["RightHand"] = CFrame.new(-3.948807716369629e-07, -1.1920928955078125e-07, -2.9802322387695312e-08, 0.7328333854675293, -0.6226174235343933, -0.27441373467445374, 0.6748201847076416, 0.716664731502533, 0.17609474062919617, 0.08702291548252106, -0.31422796845436096, 0.945350706577301),
            ["UpperTorso"] = CFrame.new(-1.257285475730896e-08, 2.980232238769531e-07, -5.587935447692871e-09, 0.9923219084739685, 0.06489414721727371, -0.10529085248708725, -0.049773212522268295, 0.9888476133346558, 0.14036741852760315, 0.11322564631700516, -0.1340489685535431, 0.9844850897789001),
            ["HumanoidRootPart"] = CFrame.new(0, 0, 0, 1, 0, 0, 0, 1, 0, 0, 0, 1),
            ["RightUpperLeg"] = CFrame.new(-5.960464477539063e-08, 4.10713255405426e-07, 2.0656443666666746e-08, 0.8892310261726379, -0.04981347918510437, -0.45473822951316833, 0.022791747003793716, 0.9976434707641602, -0.06471628695726395, 0.456890344619751, 0.04718343913555145, 0.8882708549499512),
            ["LeftUpperArm"] = CFrame.new(0, -1.1920928955078125e-07, 1.862645149230957e-09, 0.047029320150613785, 0.9622195959091187, -0.26818224787712097, -0.939525842666626, -0.048567995429039, -0.33901700377464294, -0.3392338454723358, 0.2679077982902527, 0.9017459154129028),
            ["RightLowerArm"] = CFrame.new(5.960464477539063e-08, 4.172325134277344e-07, 8.940696716308594e-08, 1, -1.1175870895385742e-07, 3.72529100900465e-08, -3.7252898543727042e-09, 0.28059127926826477, -0.9598274230957031, 1.639127589214695e-07, 0.9598273634910583, 0.28059136867523193),
            ["LeftHand"] = CFrame.new(3.986060619354248e-07, 1.1920928955078125e-07, -1.1920928955078125e-07, 0.7883560061454773, 0.6056305170059204, -0.10819629579782486, -0.388338178396225, 0.6262720227241516, 0.676000714302063, 0.4771669805049896, -0.4909124970436096, 0.7289146780967712),
            ["LeftFoot"] = CFrame.new(1.869611310212349e-08, -1.1920928955078125e-07, 1.1260624432907207e-08, 0.9605331420898438, -0.24561744928359985, -0.13056951761245728, 0.25800442695617676, 0.9621137976646423, 0.08815230429172516, 0.10397085547447205, -0.11836067587137222, 0.9875124096870422),
            ["LowerTorso"] = CFrame.new(0.2997730076313019, -0.0376209020614624, -0.0023265008348971605, 0.9820329546928406, 0.007732756901532412, 0.18855156004428864, 0.007374555803835392, 0.996824324131012, -0.07929001748561859, -0.1885659396648407, 0.07925588637590408, 0.9788572192192078),
            ["RightLowerLeg"] = CFrame.new(-1.1548399925231934e-07, 0, -1.3205863069742918e-08, 1, -8.987257160697482e-08, 1.1897643048541795e-07, 4.842878098543224e-08, 0.9301092028617859, 0.3672831058502197, -8.789357686111998e-09, -0.36728328466415405, 0.9301092624664307),
            ["LeftUpperLeg"] = CFrame.new(0, 6.298068910837173e-08, -1.862645149230957e-08, 0.9522320032119751, 0.30537429451942444, -0.0009752005571499467, -0.29824817180633545, 0.929315447807312, -0.2177630513906479, -0.06559297442436218, 0.2076517939567566, 0.9760011434555054),
            ["LeftLowerLeg"] = CFrame.new(4.470348358154297e-08, -5.960464477539063e-08, 7.450580596923828e-09, 1, 6.891787052154541e-08, 4.190950697591234e-09, -4.8428766774577525e-08, 0.9464473128318787, 0.3228584825992584, 1.4901159417490817e-08, -0.3228585124015808, 0.9464472532272339),
        }},
        {Time = 0.100, Data = {
            ["RightFoot"] = CFrame.new(1.0477378964424133e-08, 8.344650268554688e-07, 3.056629793718457e-08, 0.9831642508506775, -0.10266945511102676, -0.1511526256799698, 0.08818618953227997, 0.991111695766449, -0.09960348159074783, 0.16003555059432983, 0.0845971331000328, 0.9834796190261841),
            ["LeftLowerArm"] = CFrame.new(1.1920928955078125e-07, -5.960464477539063e-08, 7.450580596923828e-08, 1, -2.980232594040899e-08, 7.450580596923828e-09, 5.4016709327697754e-08, 0.958132803440094, -0.2863244414329529, 1.862645149230957e-09, 0.28632447123527527, 0.9581327438354492),
            ["RightUpperArm"] = CFrame.new(0, 4.76837158203125e-07, 0, 0.447129487991333, -0.7428210973739624, -0.4982890784740448, 0.7961008548736572, 0.5844646096229553, -0.1569221168756485, 0.4077974259853363, -0.32652390003204346, 0.8526918888092041),
            ["Head"] = CFrame.new(-4.190951585769653e-09, 1.1920928955078125e-07, 0, 0.9793491363525391, -0.19212546944618225, -0.06295303255319595, 0.1986510306596756, 0.9723286628723145, 0.12294194102287292, 0.03759076073765755, -0.13290874660015106, 0.9904152154922485),
            ["RightHand"] = CFrame.new(-3.725290298461914e-08, 0, 2.9802322387695312e-08, 0.7351831197738647, -0.417342871427536, 0.5341637134552002, 0.1074318215250969, 0.8497803211212158, 0.5160735249519348, -0.6693013906478882, -0.32202237844467163, 0.6695799231529236),
            ["UpperTorso"] = CFrame.new(-1.3969838619232178e-08, 1.4901161193847656e-07, -2.60770320892334e-08, 0.9809595942497253, 0.17196308076381683, -0.09026050567626953, -0.16672870516777039, 0.9840075969696045, 0.06269478797912598, 0.09959818422794342, -0.046452026814222336, 0.9939428567886353),
            ["HumanoidRootPart"] = CFrame.new(0, 0, 0, 1, 0, 0, 0, 1, 0, 0, 0, 1),
            ["RightUpperLeg"] = CFrame.new(0, -5.494803190231323e-07, -9.145878721028566e-09, 0.9016611576080322, 0.10369787365198135, -0.4198262095451355, -0.0873921662569046, 0.9944871664047241, 0.057948000729084015, 0.4235207438468933, -0.015560009516775608, 0.9057527780532837),
            ["LeftUpperArm"] = CFrame.new(0, 1.1920928955078125e-07, 0, -0.07016582787036896, 0.9947860836982727, 0.07400969415903091, -0.9939799904823303, -0.0759815201163292, 0.07893463224172592, 0.0841464251279831, -0.0680256336927414, 0.9941288232803345),
            ["RightLowerArm"] = CFrame.new(5.960464477539063e-08, 3.5762786865234375e-07, -2.086162567138672e-07, 1, -1.7508864402770996e-07, 8.940700979565008e-08, 8.195639367158947e-08, 0.2805911898612976, -0.9598274230957031, 1.564622067462551e-07, 0.9598273634910583, 0.2805912494659424),
            ["LeftHand"] = CFrame.new(5.168840289115906e-07, 5.960464477539063e-08, 1.1548399925231934e-07, 0.9522799849510193, 0.19347740709781647, -0.23607087135314941, -0.037364814430475235, 0.8415073156356812, 0.5389521718025208, 0.30293041467666626, -0.5044125914573669, 0.8085797429084778),
            ["LeftFoot"] = CFrame.new(1.0035000741481781e-07, -3.5762786865234375e-07, -1.6763806343078613e-08, 0.9540253281593323, -0.24837344884872437, -0.16776907444000244, 0.2843363583087921, 0.9270325899124146, 0.24446581304073334, 0.09480862319469452, -0.28092941641807556, 0.955034077167511),
            ["LowerTorso"] = CFrame.new(0.37375709414482117, 0.02920365333557129, 0.004611375741660595, 0.9845844507217407, -0.06415169686079025, 0.16272054612636566, 0.07524318248033524, 0.995177149772644, -0.06293590366840363, -0.15789832174777985, 0.0742093175649643, 0.9846629500389099),
            ["RightLowerLeg"] = CFrame.new(-1.1175870895385742e-08, 0, -4.6733475755900145e-08, 1, -2.60770232074492e-08, 4.0046874261179255e-08, 1.862645149230957e-08, 0.983871340751648, 0.17887790501117706, -6.426125764846802e-08, -0.17887799441814423, 0.983871340751648),
            ["LeftUpperLeg"] = CFrame.new(-1.1920928955078125e-07, -1.7974525690078735e-07, -2.0489096641540527e-08, 0.9094952344894409, 0.41213393211364746, 0.05444413423538208, -0.3925800919532776, 0.8945644497871399, -0.21362406015396118, -0.13674549758434296, 0.17291633784770966, 0.9753977656364441),
            ["LeftLowerLeg"] = CFrame.new(1.6763806343078613e-08, -1.7881393432617188e-07, -2.2351741790771484e-08, 1, 6.51925713412993e-09, 1.862644971595273e-08, -4.470348358154297e-08, 0.972758948802948, 0.23181885480880737, -2.2351741790771484e-08, -0.23181892931461334, 0.9727590084075928),
        }},
        {Time = 0.133, Data = {
            ["RightFoot"] = CFrame.new(-5.2619725465774536e-08, 0.0000010132789611816406, 6.129994289949536e-08, 0.9835227727890015, -0.08694007247686386, -0.1585070639848709, 0.0761822834610939, 0.9944372773170471, -0.07273750752210617, 0.163949117064476, 0.05946372449398041, 0.9846749901771545),
            ["LeftLowerArm"] = CFrame.new(-5.960464477539062e-07, 5.960464477539063e-08, 2.9802322387695312e-08, 1, -2.3050230169019414e-08, 4.656612428988183e-09, 2.9336657547673894e-08, 0.9581327438354492, -0.28632447123527527, 3.7252898543727042e-09, 0.2863244414329529, 0.9581327438354492),
            ["RightUpperArm"] = CFrame.new(-5.960464477539063e-08, -2.384185791015625e-07, -1.1175870895385742e-08, 0.3862225115299225, -0.7924449443817139, -0.4720839262008667, 0.7137819528579712, 0.5809312462806702, -0.39119580388069153, 0.5842495560646057, -0.18587645888328552, 0.790001630783081),
            ["Head"] = CFrame.new(-4.2957253754138947e-08, 0, -1.30385160446167e-08, 0.9696335196495056, -0.24381473660469055, -0.019111404195427895, 0.24365586042404175, 0.9563610553741455, 0.16126161813735962, -0.02104056067764759, -0.16102126240730286, 0.986726701259613),
            ["RightHand"] = CFrame.new(-1.1920928955078125e-07, 1.1920928955078125e-07, -2.60770320892334e-08, 0.3440121114253998, -0.6226910948753357, 0.7027884125709534, 0.5029958486557007, 0.7542306780815125, 0.4220558702945709, -0.7928750514984131, 0.20830726623535156, 0.5726755261421204),
            ["UpperTorso"] = CFrame.new(1.1496013030409813e-09, 3.2782554626464844e-07, -3.4924596548080444e-10, 0.9688902497291565, 0.22413794696331024, -0.10494795441627502, -0.23049138486385345, 0.9716420769691467, -0.052778422832489014, 0.09014221280813217, 0.0753261148929596, 0.9930762052536011),
            ["HumanoidRootPart"] = CFrame.new(0, 0, 0, 1, 0, 0, 0, 1, 0, 0, 0, 1),
            ["RightUpperLeg"] = CFrame.new(0, 2.663000486791134e-07, -1.6952981241047382e-09, 0.9142593741416931, 0.11494559049606323, -0.38848069310188293, -0.13291887938976288, 0.9909328818321228, -0.019612176343798637, 0.3827039897441864, 0.06956706196069717, 0.921248197555542),
            ["LeftUpperArm"] = CFrame.new(-1.1920928955078125e-07, 0, -1.0244548320770264e-08, 0.08018259704113007, 0.972169041633606, 0.2201322615146637, -0.996677041053772, 0.07501731067895889, 0.03173844516277313, 0.014341392554342747, -0.22194573283195496, 0.9749535322189331),
            ["RightLowerArm"] = CFrame.new(-1.4901161193847656e-07, 5.364418029785156e-07, -2.086162567138672e-07, 1, -1.043081283569336e-07, 1.0430816388407038e-07, 2.2351745343485163e-08, 0.2805912494659424, -0.9598274230957031, 1.3411046495548362e-07, 0.9598273634910583, 0.2805912494659424),
            ["LeftHand"] = CFrame.new(2.8265640139579773e-07, 2.980232238769531e-07, -2.2351741790771484e-08, 0.9050629138946533, 0.42388051748275757, -0.034446146339178085, -0.39036455750465393, 0.7958923578262329, -0.46278589963912964, -0.16875053942203522, 0.4322969615459442, 0.8858006000518799),
            ["LeftFoot"] = CFrame.new(4.353933036327362e-08, -1.7881393432617188e-07, -6.51925802230835e-09, 0.9514205455780029, -0.2662123739719391, -0.15469306707382202, 0.2891741991043091, 0.9451218247413635, 0.15206284821033478, 0.10572278499603271, -0.18940876424312592, 0.9761900305747986),
            ["LowerTorso"] = CFrame.new(0.3651033937931061, -0.003882884979248047, 0.005455853417515755, 0.9897159337997437, -0.08712518960237503, 0.11345311254262924, 0.08533094823360443, 0.9961400032043457, 0.02058550901710987, -0.11480868607759476, -0.010692745447158813, 0.993330180644989),
            ["RightLowerLeg"] = CFrame.new(3.725290298461914e-08, -5.960464477539063e-08, 1.6596459317952394e-08, 1, -1.8626444386882213e-08, 5.075707321111622e-08, 5.587936335871291e-09, 0.9875541925430298, 0.15727923810482025, -9.348151763788337e-08, -0.1572793424129486, 0.9875541925430298),
            ["LeftUpperLeg"] = CFrame.new(0, 2.2962922230362892e-07, 6.51925802230835e-09, 0.8999397158622742, 0.43231311440467834, 0.05669029802083969, -0.3909803032875061, 0.8576866388320923, -0.33392804861068726, -0.19298407435417175, 0.27835047245025635, 0.940892219543457),
            ["LeftLowerLeg"] = CFrame.new(1.4901161193847656e-08, 1.7881393432617188e-07, 2.2351741790771484e-08, 1, 5.960465898624534e-08, 2.002343357787595e-08, 0, 0.9405606389045715, 0.3396259546279907, 1.4901162970204496e-08, -0.33962592482566833, 0.9405605792999268),
        }},
        {Time = 0.167, Data = {
            ["RightFoot"] = CFrame.new(-8.42846930027008e-08, 8.344650268554688e-07, 1.4733814168721437e-08, 0.9858273863792419, -0.02260630764067173, -0.16623318195343018, -0.0344637855887413, 0.9424557089805603, -0.3325497806072235, 0.16418512165546417, 0.333565890789032, 0.9283196330070496),
            ["LeftLowerArm"] = CFrame.new(-4.172325134277344e-07, 0, -1.4901161193847656e-07, 1, -8.195637946073475e-08, 5.2154071283894154e-08, 8.940698137394065e-08, 0.6789075136184692, -0.7342237830162048, 1.4901162970204496e-08, 0.7342237830162048, 0.678907573223114),
            ["RightUpperArm"] = CFrame.new(-5.960464477539063e-08, 0, 1.6763806343078613e-08, 0.0012571255210787058, -0.9948104023933411, 0.10173870623111725, 0.9498871564865112, 0.03299051150679588, 0.3108472228050232, -0.3125905394554138, 0.09624940901994705, 0.944999098777771),
            ["Head"] = CFrame.new(3.585591912269592e-08, -2.384185791015625e-07, 1.862645149230957e-09, 0.9973047375679016, -0.06814943999052048, 0.0271818358451128, 0.06625822186470032, 0.9956650733947754, 0.06527713686227798, -0.03151259943842888, -0.06330017745494843, 0.9974969029426575),
            ["RightHand"] = CFrame.new(2.086162567138672e-07, 1.7881393432617188e-07, -5.960464477539063e-08, 0.5448765754699707, 0.8186804056167603, -0.18130601942539215, -0.8109850883483887, 0.5694715976715088, 0.1341843456029892, 0.21310268342494965, 0.07392255961894989, 0.9742292761802673),
            ["UpperTorso"] = CFrame.new(8.847564458847046e-09, -2.9802322387695312e-08, -2.421438694000244e-08, 0.989655613899231, 0.10681340843439102, -0.09577402472496033, -0.09991399198770523, 0.9922284483909607, 0.07416237890720367, 0.10295123606920242, -0.0638260692358017, 0.9926365613937378),
            ["HumanoidRootPart"] = CFrame.new(0, 0, 0, 1, 0, 0, 0, 1, 0, 0, 0, 1),
            ["RightUpperLeg"] = CFrame.new(2.384185791015625e-07, -1.043081283569336e-07, -3.5222910810261965e-08, 0.9381731748580933, -0.06628746539354324, -0.3397603929042816, 0.006920740939676762, 0.9848901033401489, -0.17304246127605438, 0.3460972011089325, 0.15999244153499603, 0.9244561791419983),
            ["LeftUpperArm"] = CFrame.new(0, -1.1920928955078125e-07, -1.3969838619232178e-09, 0.31780892610549927, 0.8471421599388123, 0.42584940791130066, -0.7880122661590576, 0.4857654571533203, -0.3782440423965454, -0.5272893905639648, -0.21536506712436676, 0.8219389915466309),
            ["RightLowerArm"] = CFrame.new(2.980232238769531e-07, 2.980232238769531e-07, -7.450580596923828e-08, 1, -1.1175875158642157e-07, -7.450583439094771e-08, 4.8428763221863846e-08, 0.7826904654502869, -0.6224110126495361, 1.1362132568137895e-07, 0.6224111914634705, 0.7826905846595764),
            ["LeftHand"] = CFrame.new(8.940696716308594e-08, 0, 3.3527612686157227e-07, 0.626066267490387, -0.6107940077781677, -0.48473888635635376, 0.47127220034599304, 0.7916475534439087, -0.38884028792381287, 0.6212436556816101, 0.014995740726590157, 0.7834739685058594),
            ["LeftFoot"] = CFrame.new(-2.5873305276036263e-08, -1.1920928955078125e-07, -1.3271346688270569e-08, 0.9559909701347351, -0.28722575306892395, -0.059854310005903244, 0.2842414677143097, 0.9572478532791138, -0.05369892716407776, 0.07271912693977356, 0.03432266414165497, 0.9967617988586426),
            ["LowerTorso"] = CFrame.new(0.30801689624786377, -0.08334863185882568, -0.0023264947813004255, 0.996526837348938, -0.0017841067165136337, 0.08325332403182983, 0.011498299427330494, 0.993141770362854, -0.11634964495897293, -0.08247476816177368, 0.11690279841423035, 0.9897130131721497),
            ["RightLowerLeg"] = CFrame.new(-1.1175870895385742e-07, -1.7881393432617188e-07, 1.20904587674886e-07, 1, -1.3411039390121005e-07, 5.5879347371501353e-08, 7.636844401304188e-08, 0.8094894886016846, 0.5871343016624451, -3.073364140959711e-08, -0.5871344208717346, 0.8094895482063293),
            ["LeftUpperLeg"] = CFrame.new(0, -2.0640436559915543e-07, -3.5390257835388184e-08, 0.9404871463775635, 0.3342668116092682, 0.06123491749167442, -0.32214465737342834, 0.9343224167823792, -0.15252685546875, -0.10819778591394424, 0.12372307479381561, 0.9864005446434021),
            ["LeftLowerLeg"] = CFrame.new(2.421438694000244e-08, -5.960464477539063e-08, -2.9802322387695312e-08, 1, 7.4505797087454084e-09, -2.4214383387288763e-08, -5.21540464148984e-08, 0.937129557132721, 0.348981648683548, 2.2351734685344127e-08, -0.3489815592765808, 0.9371296167373657),
        }},
        {Time = 0.200, Data = {
            ["RightFoot"] = CFrame.new(-2.0489096641540527e-08, 7.748603820800781e-07, 7.283233571797609e-09, 0.9846298694610596, 0.0771157369017601, -0.15670758485794067, -0.129024937748909, 0.9258962869644165, -0.35506126284599304, 0.1177140548825264, 0.3698236048221588, 0.9216150045394897),
            ["LeftLowerArm"] = CFrame.new(8.940696716308594e-08, -1.1920928955078125e-07, -8.940696716308594e-08, 1, -8.195637946073475e-08, 8.940695295223122e-08, 1.4156103134155273e-07, 0.14844867587089539, -0.9889200925827026, 1.1920928955078125e-07, 0.9889200925827026, 0.148448646068573),
            ["RightUpperArm"] = CFrame.new(0, -1.1920928955078125e-07, 2.7939677238464355e-09, 0.1157299131155014, -0.9803242683410645, -0.15990938246250153, 0.9859947562217712, 0.13284634053707123, -0.10082827508449554, 0.12008778005838394, -0.14600104093551636, 0.9819687604904175),
            ["Head"] = CFrame.new(-6.28642737865448e-09, -1.1920928955078125e-07, -4.656612873077393e-10, 0.9983588457107544, -0.0009063249453902245, 0.05726121366024017, -0.0015620834892615676, 0.9990718364715576, 0.04304841533303261, -0.05724708363413811, -0.04306720569729805, 0.997430682182312),
            ["RightHand"] = CFrame.new(1.862645149230957e-08, 0, 7.450580596923828e-08, 0.8685540556907654, -0.47228166460990906, -0.15021279454231262, 0.4776447117328644, 0.8785529732704163, -0.00042745465179905295, 0.13217180967330933, -0.07137715816497803, 0.9886536002159119),
            ["UpperTorso"] = CFrame.new(8.149072527885437e-09, 0, 1.3969838619232178e-09, 0.9956786036491394, -0.014034252613782883, -0.09180021286010742, 0.031196659430861473, 0.9816168546676636, 0.18829569220542908, 0.08747005462646484, -0.1903458833694458, 0.977812647819519),
            ["HumanoidRootPart"] = CFrame.new(0, 0, 0, 1, 0, 0, 0, 1, 0, 0, 0, 1),
            ["RightUpperLeg"] = CFrame.new(-2.9802322387695312e-08, -5.4016709327697754e-08, 1.3205863069742918e-08, 0.9391859769821167, -0.23567742109298706, -0.2497718334197998, 0.1563037484884262, 0.9409942030906677, -0.30016517639160156, 0.30577605962753296, 0.24287062883377075, 0.9206057190895081),
            ["LeftUpperArm"] = CFrame.new(0, -1.1920928955078125e-07, 1.6763806343078613e-08, 0.10505276173353195, 0.8077927827835083, 0.580030083656311, -0.6096246242523193, 0.5131247043609619, -0.6042026877403259, -0.7856983542442322, -0.2901274859905243, 0.5463554859161377),
            ["RightLowerArm"] = CFrame.new(2.384185791015625e-07, 5.960464477539062e-07, 3.725290298461914e-08, 1, -9.685758328714655e-08, -3.352762689701194e-08, 8.475035429000854e-08, 0.7826903462409973, -0.6224110126495361, 8.195638656616211e-08, 0.6224113702774048, 0.7826906442642212),
            ["LeftHand"] = CFrame.new(-1.1548399925231934e-07, 0, -1.0617077350616455e-07, 0.6465063691139221, -0.6316192150115967, -0.42788633704185486, 0.5639252066612244, 0.7733902931213379, -0.2895788252353668, 0.5138267278671265, -0.05408124625682831, 0.8561877012252808),
            ["LeftFoot"] = CFrame.new(1.83936208486557e-08, -2.384185791015625e-07, -2.0489096641540527e-08, 0.9793139100074768, -0.20234693586826324, -0.00036612272378988564, 0.19901172816753387, 0.9634965658187866, -0.17907783389091492, 0.03658856078982353, 0.17530052363872528, 0.9838348627090454),
            ["LowerTorso"] = CFrame.new(0.1346186250448227, -0.11025381088256836, 0.00006843009032309055, 0.9977986216545105, 0.04804731905460358, 0.04571014270186424, -0.04197825491428375, 0.9911995530128479, -0.12554402649402618, -0.051339928060770035, 0.12334881722927094, 0.9910344481468201),
            ["RightLowerLeg"] = CFrame.new(-4.470348358154297e-08, 5.960464477539063e-08, 4.639878170564771e-08, 1, -1.6018736914702458e-07, 3.7252888773764425e-08, 8.195637946073475e-08, 0.6997835040092468, 0.7143549919128418, -1.0803340444454079e-07, -0.7143551111221313, 0.6997836232185364),
            ["LeftUpperLeg"] = CFrame.new(-5.960464477539063e-08, 9.452924132347107e-08, -5.587935447692871e-09, 0.9771815538406372, 0.19359853863716125, 0.08738333731889725, -0.17656394839286804, 0.9690570831298828, -0.17249254882335663, -0.1180737316608429, 0.15312781929969788, 0.981127142906189),
            ["LeftLowerLeg"] = CFrame.new(7.450580596923828e-09, 0, -7.450580596923828e-09, 1, 1.862644971595273e-08, 3.725289943190546e-08, -2.9802322387695312e-08, 0.8860164284706116, 0.4636539816856384, 7.450580596923828e-09, -0.4636538624763489, 0.8860164284706116),
        }},
        {Time = 0.233, Data = {
            ["RightFoot"] = CFrame.new(3.3527612686157227e-08, 8.940696716308594e-07, 8.365168469026685e-08, 0.9891082048416138, -0.03719881922006607, -0.14241226017475128, -0.010325953364372253, 0.9476176500320435, -0.3192400634288788, 0.14682772755622864, 0.3172338306903839, 0.9369122385978699),
            ["LeftLowerArm"] = CFrame.new(8.940696716308594e-08, -5.960464477539063e-08, 1.9371509552001953e-07, 1, -8.195637946073475e-08, 7.217749242727223e-08, 8.335336332265797e-08, 0.14844867587089539, -0.9889200925827026, 6.263143603746357e-08, 0.9889200925827026, 0.14844870567321777),
            ["RightUpperArm"] = CFrame.new(-5.960464477539063e-08, -3.5762786865234375e-07, -1.862645149230957e-08, 0.07788043469190598, -0.9780957698822021, 0.1930372416973114, 0.9054628014564514, -0.01163614820688963, -0.4242660403251648, 0.4172191023826599, 0.20782993733882904, 0.8847230672836304),
            ["Head"] = CFrame.new(-9.313225746154785e-09, -3.5762786865234375e-07, -2.444721758365631e-08, 0.9863080382347107, 0.049712855368852615, 0.1572428196668625, -0.05460640415549278, 0.9981441497802734, 0.026952819898724556, -0.15561111271381378, -0.03517024591565132, 0.9871920943260193),
            ["RightHand"] = CFrame.new(3.1478703022003174e-07, 1.7881393432617188e-07, -1.7508864402770996e-07, 0.4483252167701721, -0.866588294506073, 0.21915578842163086, 0.89384925365448, 0.4329422116279602, -0.11659549921751022, 0.006158499978482723, 0.24816496670246124, 0.9686983227729797),
            ["UpperTorso"] = CFrame.new(3.3760443329811096e-09, 1.4901161193847656e-07, 2.2118911147117615e-09, 0.9867583513259888, -0.022738058120012283, -0.1605958342552185, 0.04654212296009064, 0.98818039894104, 0.14605936408042908, 0.15537653863430023, -0.1515997350215912, 0.976153552532196),
            ["HumanoidRootPart"] = CFrame.new(0, 0, 0, 1, 0, 0, 0, 1, 0, 0, 0, 1),
            ["RightUpperLeg"] = CFrame.new(-2.9802322387695312e-08, -2.1327286958694458e-07, 2.1587766241282225e-08, 0.9514643549919128, -0.18264764547348022, -0.24770064651966095, 0.08268019556999207, 0.9269633889198303, -0.36592742800712585, 0.29644519090652466, 0.3276868164539337, 0.8970739841461182),
            ["LeftUpperArm"] = CFrame.new(5.960464477539063e-08, -4.76837158203125e-07, -4.470348358154297e-08, -0.12479854375123978, 0.8986790776252747, 0.4204774796962738, -0.6970936059951782, 0.22214998304843903, -0.6816962957382202, -0.7060354351997375, -0.37818673253059387, 0.598739504814148),
            ["RightLowerArm"] = CFrame.new(5.960464477539063e-08, 3.5762786865234375e-07, -7.450580596923828e-08, 1, -3.44589530243411e-08, -5.052425677831707e-08, 1.1641533959050321e-08, 0.9816874861717224, -0.19049863517284393, 5.8673329306202504e-08, 0.19049888849258423, 0.9816875457763672),
            ["LeftHand"] = CFrame.new(9.778887033462524e-08, 3.5762786865234375e-07, -1.7881393432617188e-07, 0.7932193279266357, 0.5959377884864807, -0.12514564394950867, -0.593636691570282, 0.8025619387626648, 0.05907449871301651, 0.13564182817935944, 0.02743203565478325, 0.9903781414031982),
            ["LeftFoot"] = CFrame.new(8.329516276717186e-08, -3.5762786865234375e-07, -1.792795956134796e-08, 0.985394299030304, -0.16978669166564941, 0.01306222565472126, 0.16810154914855957, 0.9576205015182495, -0.2338908314704895, 0.0272029060870409, 0.2326705902814865, 0.9721752405166626),
            ["LowerTorso"] = CFrame.new(0.07242220640182495, -0.09467113018035889, -0.0023264973424375057, 0.9996767044067383, -0.002369206165894866, 0.025315184146165848, 0.004125644452869892, 0.9975695013999939, -0.06955758482217789, -0.025088855996727943, 0.06963954865932465, 0.9972566962242126),
            ["RightLowerLeg"] = CFrame.new(-7.450580596923828e-09, 1.7881393432617188e-07, 6.129994289949536e-08, 1, -1.5646209305941738e-07, 2.2351736461700966e-08, 8.568165554834195e-08, 0.6830246448516846, 0.7303952574729919, -1.1362132568137895e-07, -0.7303953766822815, 0.6830248236656189),
            ["LeftUpperLeg"] = CFrame.new(-5.960464477539063e-08, -3.434251993894577e-08, -1.0244548320770264e-08, 0.9731141924858093, 0.21224096417427063, 0.08945769816637039, -0.18292412161827087, 0.9481874108314514, -0.25976791977882385, -0.1399560570716858, 0.23641975224018097, 0.9615186452865601),
            ["LeftLowerLeg"] = CFrame.new(-1.1175870895385742e-08, -1.1920928955078125e-07, 9.685754776000977e-08, 1, 3.725290653733282e-08, 7.4505797087454084e-09, -1.4901159417490817e-08, 0.8428155779838562, 0.5382024049758911, 1.1175869119028903e-08, -0.5382026433944702, 0.842815637588501),
        }},
        {Time = 0.267, Data = {
            ["RightFoot"] = CFrame.new(3.5157427191734314e-08, 0.0000010132789611816406, 5.012407200410962e-08, 0.9094209671020508, -0.3413745164871216, -0.23752345144748688, 0.2794390022754669, 0.9245895147323608, -0.25893571972846985, 0.30800557136535645, 0.1691085249185562, 0.9362344741821289),
            ["LeftLowerArm"] = CFrame.new(1.7881393432617188e-07, 0, 0, 1, -2.9802318834981634e-08, 2.60770320892334e-08, 2.7474012398442937e-08, 0.9359543323516846, -0.35212141275405884, 2.159504042253957e-08, 0.35212135314941406, 0.9359543323516846),
            ["RightUpperArm"] = CFrame.new(1.1920928955078125e-07, 0, 4.470348358154297e-08, -0.10653436183929443, -0.9390730857849121, 0.32679086923599243, 0.9389410614967346, 0.013130183331668377, 0.3438275158405304, -0.32717016339302063, 0.34346669912338257, 0.8803353905677795),
            ["Head"] = CFrame.new(2.7939677238464355e-08, 0, 2.2351741790771484e-08, 0.9587215781211853, 0.2368050515651703, 0.15740513801574707, -0.228877454996109, 0.9711481928825378, -0.0669802874326706, -0.16872499883174896, 0.028188979253172874, 0.985260009765625),
            ["RightHand"] = CFrame.new(-8.940696716308594e-08, 0, -8.940696716308594e-08, 0.8655734658241272, 0.07689091563224792, -0.49484390020370483, -0.08217950165271759, 0.996555745601654, 0.011101780459284782, 0.4939931333065033, 0.031056631356477737, 0.8689110279083252),
            ["UpperTorso"] = CFrame.new(1.4901161193847656e-08, 1.1920928955078125e-07, 1.5832483768463135e-08, 0.9958271384239197, -0.04491984844207764, -0.07944010943174362, 0.059426598250865936, 0.9798073172569275, 0.1909085214138031, 0.06926043331623077, -0.1948327273130417, 0.9783880710601807),
            ["HumanoidRootPart"] = CFrame.new(0, 0, 0, 1, 0, 0, 0, 1, 0, 0, 0, 1),
            ["RightUpperLeg"] = CFrame.new(0, 4.738103598356247e-07, -4.453613655641675e-08, 0.9690474271774292, 0.007800946943461895, -0.246751606464386, -0.04477198049426079, 0.9884799122810364, -0.14457900822162628, 0.24278110265731812, 0.15115143358707428, 0.9582330584526062),
            ["LeftUpperArm"] = CFrame.new(-1.1920928955078125e-07, -2.384185791015625e-07, 2.9802322387695312e-08, -0.12570099532604218, 0.965312123298645, 0.22884905338287354, -0.9826467037200928, -0.08943332731723785, -0.1625027060508728, -0.13639910519123077, -0.24530449509620667, 0.9598026275634766),
            ["RightLowerArm"] = CFrame.new(5.960464477539063e-08, 4.172325134277344e-07, 1.6391277313232422e-07, 1, -2.4680057109094378e-08, -3.3527616238870905e-08, 2.9802322387695312e-08, 0.9816874265670776, -0.19049865007400513, 9.12696123123169e-08, 0.19049887359142303, 0.9816874861717224),
            ["LeftHand"] = CFrame.new(-1.5273690223693848e-07, 2.980232238769531e-07, -1.4901161193847656e-08, 0.9905797243118286, 0.1368696540594101, 0.004305697977542877, -0.11664791405200958, 0.8269223570823669, 0.5500843524932861, 0.07172936946153641, -0.5454046726226807, 0.8350980877876282),
            ["LeftFoot"] = CFrame.new(4.773028194904327e-09, -2.384185791015625e-07, -3.958120942115784e-09, 0.992020845413208, -0.11929904669523239, 0.0407743826508522, 0.12435947358608246, 0.9791015982627869, -0.1609184592962265, -0.020724870264530182, 0.16470511257648468, 0.986125111579895),
            ["LowerTorso"] = CFrame.new(-0.018516045063734055, 0.0004658699035644531, -0.010527700185775757, 0.9954856038093567, -0.0814254954457283, -0.04876997694373131, 0.07506022602319717, 0.9898660778999329, -0.12054504454135895, 0.058091189712285995, 0.11634015291929245, 0.9915091395378113),
            ["RightLowerLeg"] = CFrame.new(3.282912075519562e-08, 1.7881393432617188e-07, 6.129994289949536e-08, 1, -8.026833597796212e-08, 8.768984116613865e-08, 7.718336547668514e-08, 0.9027542471885681, 0.4301566481590271, -3.882451338199644e-08, -0.4301568567752838, 0.9027543067932129),
