return {
    ["The Rick Dance"] = {
        {Time = 0.000, Data = {
            ["LeftFoot"] = CFrame.new(-7.450580596923828e-08, -9.5367431640625e-07, 5.960464477539063e-08, 0.9977831840515137, 0.049082547426223755, -0.04494146257638931, -0.0629749670624733, 0.9147024750709534, -0.3991847038269043, 0.02151591330766678, 0.4011361598968506, 0.9157683849334717),
            ["LeftLowerArm"] = CFrame.new(2.9802322387695312e-08, 2.980232238769531e-07, 3.91155481338501e-08, 1, -8.19574097477016e-08, 6.42604902623134e-08, 7.450580596923828e-08, -0.0856095477938652, -0.9963288307189941, 5.587935447692871e-08, 0.9963288307189941, -0.08560971170663834),
            ["LowerTorso"] = CFrame.new(-0.10186172276735306, -0.11694788932800293, 0.14282475411891937, 0.9976058006286621, 0.011531568132340908, -0.06818980723619461, -0.011915567331016064, 0.9999154210090637, -0.005227266810834408, 0.06812375038862228, 0.006027250550687313, 0.9976587295532227),
            ["Head"] = CFrame.new(-4.132743924856186e-09, 0, 2.7939677238464355e-08, 0.9987145662307739, 0.0044323233887553215, 0.050493285059928894, 0.002959565259516239, 0.9893706440925598, -0.14538531005382538, -0.050600919872522354, 0.1453479677438736, 0.9880858063697815),
            ["RightUpperArm"] = CFrame.new(-5.960464477539063e-08, -2.384185791015625e-07, -1.1175870895385742e-08, 0.7339266538619995, -0.5328069925308228, -0.421269953250885, 0.3720734417438507, 0.8342542052268982, -0.40691712498664856, 0.5682544112205505, 0.14190387725830078, 0.8105246424674988),
            ["UpperTorso"] = CFrame.new(-1.3969838619232178e-08, 3.5762786865234375e-07, 9.080395102500916e-09, 0.9996619820594788, 0.02575177699327469, 0.003600348951295018, -0.025988580659031868, 0.9939993619918823, 0.106253981590271, -0.0008425365667790174, -0.10631165653467178, 0.9943325519561768),
            ["HumanoidRootPart"] = CFrame.new(0, 0, 0, 1, 0, 0, 0, 1, 0, 0, 0, 1),
            ["RightHand"] = CFrame.new(2.3096799850463867e-07, -1.7881393432617188e-07, 2.9802322387695312e-08, 0.2927623987197876, -0.13410736620426178, 0.9467356204986572, 0.4202194809913635, 0.9074273109436035, -0.0014041982358321548, -0.8588979840278625, 0.398235023021698, 0.3220088481903076),
            ["LeftUpperArm"] = CFrame.new(0, -2.384185791015625e-07, 2.2351741790771484e-08, 0.8570290803909302, 0.5151270031929016, 0.012056264095008373, -0.5129335522651672, 0.8506879210472107, 0.11501820385456085, 0.04899285361170769, -0.10475805401802063, 0.9932902455329895),
            ["RightLowerArm"] = CFrame.new(5.960464477539063e-08, 4.172325134277344e-07, 1.4901161193847656e-08, 1, 3.1665305044725756e-08, 1.3410905808086682e-07, 1.4808027515300637e-07, 0.38458380103111267, -0.9230900406837463, 3.725289943190546e-08, 0.9230901002883911, 0.38458386063575745),
            ["LeftHand"] = CFrame.new(-1.564621925354004e-07, -1.7881393432617188e-07, 4.470348358154297e-08, 0.5634464621543884, -0.11830814182758331, -0.8176436424255371, -0.26573342084884644, 0.911148726940155, -0.31495413184165955, 0.7822492718696594, 0.3947294056415558, 0.4819364547729492),
            ["RightUpperLeg"] = CFrame.new(0, -1.1024530977010727e-07, -4.237517714500427e-08, 0.7150393128395081, -0.34215089678764343, -0.6096307039260864, -0.07935473322868347, 0.8266823291778564, -0.5570494532585144, 0.6945658922195435, 0.44668686389923096, 0.563956081867218),
            ["LeftUpperLeg"] = CFrame.new(-5.960464477539063e-08, -5.5122654885053635e-08, 1.862645149230957e-08, 0.6623871326446533, 0.17249169945716858, 0.7290332317352295, 0.049473244696855545, 0.9609362483024597, -0.2723144292831421, -0.7475263476371765, 0.21644456684589386, 0.6279773712158203),
            ["RightLowerLeg"] = CFrame.new(-1.4901161193847656e-08, -1.7881393432617188e-07, 0, 1, -9.611173936718842e-07, -5.848741579939087e-07, 9.536739753457368e-07, 0.5743609666824341, 0.8185941576957703, -6.444749942602357e-07, -0.8186022043228149, 0.574372410774231),
            ["RightFoot"] = CFrame.new(1.0756775736808777e-07, -1.7881393432617188e-07, 8.66129994392395e-08, 0.9865270256996155, -0.11323797702789307, 0.11807212978601456, 0.11448274552822113, 0.9934179186820984, -0.0038035856559872627, -0.11686796694993973, 0.01726745441555977, 0.9929977655410767),
            ["LeftLowerLeg"] = CFrame.new(1.4901161193847656e-08, -2.384185791015625e-07, -8.754432201385498e-08, 1, 2.9429676828840456e-07, 1.8626518993869468e-08, -1.8998973416728404e-07, 0.7592570781707764, 0.6507822871208191, 1.3597305326129572e-07, -0.6507907509803772, 0.7592644691467285),
        }},
        {Time = 0.033, Data = {
            ["LeftFoot"] = CFrame.new(-3.725290298461914e-08, -7.152557373046875e-07, 3.725290298461914e-08, 0.9981197118759155, 0.0586722157895565, -0.017743011936545372, -0.05970808118581772, 0.8651941418647766, -0.4978618323802948, -0.013859384693205357, 0.4979926347732544, 0.8670749068260193),
            ["LeftLowerArm"] = CFrame.new(0, 2.980232238769531e-07, 1.4528632164001465e-07, 1, -7.450670125308534e-08, 9.173422199637571e-08, 8.195640788244418e-08, -0.1743503361940384, -0.984683632850647, 1.4901164746561335e-08, 0.9846837520599365, -0.1743505597114563),
            ["LowerTorso"] = CFrame.new(-0.11867150664329529, -0.18026232719421387, 0.1509590744972229, 0.9964714050292969, -0.026173053309321404, -0.07974861562252045, 0.023274097591638565, 0.9990417957305908, -0.03706642985343933, 0.08064232766628265, 0.03507952392101288, 0.9961256980895996),
            ["Head"] = CFrame.new(-2.7939677238464355e-09, -3.5762786865234375e-07, -2.8870999813079834e-08, 0.9980083107948303, -0.012628750875592232, 0.06180592626333237, 0.023512741550803185, 0.9836248159408569, -0.1786879599094391, -0.058537233620882034, 0.17978551983833313, 0.9819626808166504),
            ["RightUpperArm"] = CFrame.new(-5.960464477539063e-08, -3.5762786865234375e-07, 2.2351741790771484e-08, 0.8431363105773926, -0.443907767534256, -0.30342575907707214, 0.3058469593524933, 0.860049843788147, -0.40837720036506653, 0.44224312901496887, 0.25151580572128296, 0.8609070181846619),
            ["UpperTorso"] = CFrame.new(3.725290298461914e-09, 8.940696716308594e-08, -1.862645149230957e-09, 0.997220516204834, 0.07381536066532135, 0.01012540515512228, -0.07444758713245392, 0.9817814826965332, 0.17482233047485352, 0.002963646547868848, -0.17509031295776367, 0.984548032283783),
            ["HumanoidRootPart"] = CFrame.new(0, 0, 0, 1, 0, 0, 0, 1, 0, 0, 0, 1),
            ["RightHand"] = CFrame.new(1.5087425708770752e-07, -2.384185791015625e-07, 1.4901161193847656e-08, 0.13668136298656464, -0.0990804061293602, 0.9856480360031128, 0.22534549236297607, 0.9720123410224915, 0.06646332889795303, -0.9646437764167786, 0.21301470696926117, 0.15517929196357727),
            ["LeftUpperArm"] = CFrame.new(0, -3.5762786865234375e-07, 0, 0.9009287357330322, 0.3357776701450348, -0.2749197781085968, -0.3035302460193634, 0.940327525138855, 0.15379691123962402, 0.3101562261581421, -0.05511362478137016, 0.9490866661071777),
            ["RightLowerArm"] = CFrame.new(5.960464477539063e-08, 4.172325134277344e-07, -4.190951585769653e-08, 1, -5.587994778011307e-08, 4.4703046597760476e-08, 8.195639367158947e-08, 0.3962134122848511, -0.9181584715843201, 1.4901162970204496e-08, 0.9181584119796753, 0.3962134122848511),
            ["LeftHand"] = CFrame.new(1.8440186977386475e-07, -1.1920928955078125e-07, 2.0954757928848267e-08, 0.4286239445209503, -0.20142224431037903, -0.8807491064071655, -0.10691595822572708, 0.9566747546195984, -0.2708157002925873, 0.8971346020698547, 0.2102441042661667, 0.3885098993778229),
            ["RightUpperLeg"] = CFrame.new(5.960464477539063e-08, -7.264316082000732e-08, -3.725290298461914e-09, 0.7072731256484985, -0.4984806776046753, -0.5012753009796143, -0.06532567739486694, 0.6599648594856262, -0.7484574317932129, 0.7039157152175903, 0.5621063113212585, 0.43420565128326416),
            ["LeftUpperLeg"] = CFrame.new(2.9802322387695312e-08, -4.98257577419281e-08, 7.450580596923828e-09, 0.6758463978767395, 0.27281418442726135, 0.6846914887428284, 0.01559513434767723, 0.9234715700149536, -0.38335371017456055, -0.7368775606155396, 0.2697642743587494, 0.6198688745498657),
            ["RightLowerLeg"] = CFrame.new(-1.7881393432617188e-07, -1.7881393432617188e-07, -1.4901161193847656e-08, 1, -0.0000013559915714722592, -0.0000011250473335167044, 0.0000011809170246124268, 0.09697899967432022, 0.9952859282493591, -0.000001173466444015503, -0.9952864646911621, 0.09698432683944702),
            ["RightFoot"] = CFrame.new(7.82310962677002e-08, 0, 8.009374141693115e-08, 0.9908139705657959, -0.10613715648651123, 0.08379939198493958, 0.12150952219963074, 0.9707205891609192, -0.2072141319513321, -0.05935535579919815, 0.2154913693666458, 0.9747000336647034),
            ["LeftLowerLeg"] = CFrame.new(-2.9802322387695312e-08, -1.1920928955078125e-07, 2.9802322387695312e-08, 1, 3.427245758302888e-07, 7.450617545146088e-08, -2.7194619178771973e-07, 0.5933302640914917, 0.804952085018158, 2.4400651454925537e-07, -0.8049591183662415, 0.5933399200439453),
        }},
        {Time = 0.067, Data = {
            ["LeftFoot"] = CFrame.new(-1.1175870895385742e-07, -8.940696716308594e-07, 7.450580596923828e-08, 0.9981501698493958, 0.060756877064704895, 0.002222055569291115, -0.048821065574884415, 0.822780966758728, -0.5662501454353333, -0.036232031881809235, 0.5651017427444458, 0.8242305517196655),
            ["LeftLowerArm"] = CFrame.new(-1.7881393432617188e-07, 5.364418029785156e-07, 1.0244548320770264e-07, 1, -1.415626798006997e-07, 1.1548273448624968e-07, 8.940698137394065e-08, -0.23115849494934082, -0.9729161262512207, 4.4703490686970326e-08, 0.9729161262512207, -0.23115865886211395),
            ["LowerTorso"] = CFrame.new(-0.1365387737751007, -0.23777127265930176, 0.1539936363697052, 0.9937201738357544, -0.06673579663038254, -0.0898142009973526, 0.060535136610269547, 0.9957031011581421, -0.07007849961519241, 0.09410500526428223, 0.0642014890909195, 0.9934900999069214),
            ["Head"] = CFrame.new(-2.7939677238464355e-09, -1.1920928955078125e-07, 4.1211023926734924e-08, 0.9967225790023804, -0.03168649971485138, 0.07443168014287949, 0.04694470763206482, 0.9758805632591248, -0.2131977081298828, -0.06588099896907806, 0.2159934639930725, 0.9741697311401367),
            ["RightUpperArm"] = CFrame.new(-5.960464477539063e-08, -2.384185791015625e-07, 1.4901161193847656e-08, 0.9283475875854492, -0.3604588508605957, -0.09077594429254532, 0.30072304606437683, 0.8718526363372803, -0.38657301664352417, 0.21848700940608978, 0.33157584071159363, 0.9177804589271545),
            ["UpperTorso"] = CFrame.new(0, 2.682209014892578e-07, 3.259629011154175e-08, 0.9922550916671753, 0.12246862053871155, 0.02076953649520874, -0.12385032325983047, 0.9625553488731384, 0.24113944172859192, 0.009540192782878876, -0.24184435606002808, 0.9702683091163635),
            ["HumanoidRootPart"] = CFrame.new(0, 0, 0, 1, 0, 0, 0, 1, 0, 0, 0, 1),
            ["RightHand"] = CFrame.new(2.0116567611694336e-07, -1.7881393432617188e-07, -5.960464477539063e-08, -0.02720748819410801, -0.036788325756788254, 0.9989525079727173, 0.04487178847193718, 0.9982708096504211, 0.037987787276506424, -0.9986222386360168, 0.04584789648652077, -0.025509612634778023),
            ["LeftUpperArm"] = CFrame.new(5.960464477539063e-08, -2.384185791015625e-07, 1.1175870895385742e-08, 0.8080029487609863, 0.23538582026958466, -0.5401154160499573, -0.2203839272260666, 0.9709268808364868, 0.09344581514596939, 0.5464085340499878, 0.04352836683392525, 0.8363869786262512),
            ["RightLowerArm"] = CFrame.new(-2.9802322387695312e-08, 3.5762786865234375e-07, -1.862645149230957e-08, 1, -6.333056745688737e-08, 4.470306436132887e-08, 8.568168397005138e-08, 0.4327385127544403, -0.9015195369720459, 2.6077035641947077e-08, 0.9015194773674011, 0.43273860216140747),
            ["LeftHand"] = CFrame.new(-9.12696123123169e-08, -1.1920928955078125e-07, -2.2351741790771484e-08, 0.2777295708656311, -0.2620694041252136, -0.9242245554924011, 0.025166984647512436, 0.9637248516082764, -0.26570606231689453, 0.9603296518325806, 0.050539351999759674, 0.27424296736717224),
            ["RightUpperLeg"] = CFrame.new(5.960464477539063e-08, 1.6670674085617065e-07, 1.1175870895385742e-08, 0.6884524822235107, -0.6104636192321777, -0.3916153013706207, -0.02217569202184677, 0.5219874978065491, -0.8526703715324402, 0.7249424457550049, 0.5957040786743164, 0.34581899642944336),
            ["LeftUpperLeg"] = CFrame.new(-5.960464477539063e-08, -7.916241884231567e-09, 1.862645149230957e-08, 0.6847681403160095, 0.350117564201355, 0.6391460299491882, -0.022791260853409767, 0.886893093585968, -0.4614175260066986, -0.7284045219421387, 0.3013942241668701, 0.6152937412261963),
            ["RightLowerLeg"] = CFrame.new(-1.1175870895385742e-07, 1.1920928955078125e-07, 0, 1, -0.0000013243309240351664, -0.0000016056141021181247, 0.000001223758204105252, -0.22461150586605072, 0.9744483232498169, -0.0000016205016208914458, -0.9744484424591064, -0.2246117889881134),
            ["RightFoot"] = CFrame.new(1.1548399925231934e-07, -1.7881393432617188e-07, 1.6391277313232422e-07, 0.9928944706916809, -0.10298582166433334, 0.05961788445711136, 0.11623832583427429, 0.9466351270675659, -0.3006196916103363, -0.025478942319750786, 0.3054112195968628, 0.9518789649009705),
            ["LeftLowerLeg"] = CFrame.new(1.4901161193847656e-07, 0, 4.470348358154297e-08, 1, -1.974388510461722e-07, -3.427287538215751e-07, 3.166497037909721e-07, 0.44528359174728394, 0.8953849077224731, -1.266598843585598e-07, -0.8953896760940552, 0.4452931582927704),
        }},
        {Time = 0.100, Data = {
            ["LeftFoot"] = CFrame.new(-8.940696716308594e-08, -6.556510925292969e-07, 5.21540641784668e-08, 0.9982379674911499, 0.05654539540410042, 0.017991455271840096, -0.03358583524823189, 0.7883766889572144, -0.6142681241035461, -0.04891841113567352, 0.6125885844230652, 0.788892388343811),
            ["LeftLowerArm"] = CFrame.new(2.980232238769531e-07, 4.76837158203125e-07, 1.0058283805847168e-07, 1, -2.7940005864479645e-09, 9.871908446257294e-08, 8.288773045705966e-08, -0.260347843170166, -0.9655148386955261, 1.8626455755565985e-07, 0.9655149579048157, -0.2603480815887451),
            ["LowerTorso"] = CFrame.new(-0.15456092357635498, -0.28655290603637695, 0.14983466267585754, 0.9900891184806824, -0.10097088664770126, -0.09761402010917664, 0.09110228717327118, 0.9907309412956238, -0.10076014697551727, 0.10688307881355286, 0.09086867421865463, 0.9901105165481567),
            ["Head"] = CFrame.new(-1.1175870895385742e-08, -1.1920928955078125e-07, 1.0011717677116394e-08, 0.9949930906295776, -0.05022089183330536, 0.08641020208597183, 0.07018809020519257, 0.9666216373443604, -0.2464066743850708, -0.07115115225315094, 0.2512378692626953, 0.9653067588806152),
            ["RightUpperArm"] = CFrame.new(0, -1.1920928955078125e-07, 5.029141902923584e-08, 0.9003037214279175, -0.31784501671791077, 0.29736828804016113, 0.4004245698451996, 0.8726333379745483, -0.2795915901660919, -0.17062656581401825, 0.37079060077667236, 0.9129078388214111),
            ["UpperTorso"] = CFrame.new(-4.470348358154297e-08, 1.7881393432617188e-07, -3.166496753692627e-08, 0.9861118197441101, 0.1626560389995575, 0.03356584161520004, -0.16518259048461914, 0.9395052790641785, 0.3000742495059967, 0.017273589968681335, -0.301451176404953, 0.953325092792511),
            ["HumanoidRootPart"] = CFrame.new(0, 0, 0, 1, 0, 0, 0, 1, 0, 0, 0, 1),
            ["RightHand"] = CFrame.new(5.960464477539063e-08, -2.384185791015625e-07, -2.9802322387695312e-08, -0.04907971993088722, 0.09292137622833252, 0.9944633841514587, -0.07911058515310287, 0.9921725988388062, -0.09660938382148743, -0.9956570267677307, -0.08342239260673523, -0.04134305939078331),
            ["LeftUpperArm"] = CFrame.new(0, -1.1920928955078125e-07, 5.21540641784668e-08, 0.6460561752319336, 0.19018951058387756, -0.739215612411499, -0.2642848491668701, 0.9642928242683411, 0.01712004840373993, 0.716076135635376, 0.18430279195308685, 0.673251211643219),
            ["RightLowerArm"] = CFrame.new(-2.9802322387695312e-08, 3.5762786865234375e-07, -2.9802322387695312e-08, 1, -3.7253276019555415e-08, 4.097781314271742e-08, 3.539026138810186e-08, 0.4729841649532318, -0.8810709118843079, 3.3527616238870905e-08, 0.8810710310935974, 0.4729842245578766),
            ["LeftHand"] = CFrame.new(-1.955777406692505e-08, -1.7881393432617188e-07, 4.470348358154297e-08, 0.15130402147769928, -0.30556249618530273, -0.9400755763053894, 0.12434292584657669, 0.9493523836135864, -0.28856343030929565, 0.9806355237960815, -0.07322268933057785, 0.18162883818149567),
            ["RightUpperLeg"] = CFrame.new(-5.960464477539063e-08, -8.195638656616211e-08, -2.2351741790771484e-08, 0.659818172454834, -0.7042452096939087, -0.2620583772659302, 0.05294618755578995, 0.3914627432823181, -0.9186736941337585, 0.7495576739311218, 0.5922800302505493, 0.29557427763938904),
            ["LeftUpperLeg"] = CFrame.new(-5.960464477539063e-08, -1.2293457984924316e-07, -2.2351741790771484e-08, 0.6910504698753357, 0.4017871618270874, 0.6008437275886536, -0.05811181291937828, 0.859460711479187, -0.5078938603401184, -0.7204667925834656, 0.3160609006881714, 0.6172767877578735),
            ["RightLowerLeg"] = CFrame.new(-5.960464477539063e-08, 5.960464477539063e-08, -5.960464477539063e-08, 1, -0.0000012554177146739676, -0.0000018235436982649844, 0.0000010235233958155732, -0.43488970398902893, 0.9004831314086914, -0.000001892447244244977, -0.9004837870597839, -0.4348911643028259),
            ["RightFoot"] = CFrame.new(1.2665987014770508e-07, -2.980232238769531e-07, -1.7881393432617188e-07, 0.9945366382598877, -0.08967995643615723, 0.05342484638094902, 0.10231154412031174, 0.9389960169792175, -0.32836076617240906, -0.020720483735203743, 0.33203014731407166, 0.9430403113365173),
            ["LeftLowerLeg"] = CFrame.new(2.9802322387695312e-08, 1.1920928955078125e-07, 7.450580596923828e-08, 1, -2.533176086672029e-07, -2.160682299745531e-07, 2.5331974029541016e-07, 0.32847538590431213, 0.9445096850395203, -1.7508864402770996e-07, -0.9445126056671143, 0.3284836411476135),
        }},
        {Time = 0.133, Data = {
            ["LeftFoot"] = CFrame.new(-8.940696716308594e-08, -9.5367431640625e-07, -1.1920928955078125e-07, 0.9983950257301331, 0.04886894300580025, 0.02862483263015747, -0.0185820534825325, 0.7601068615913391, -0.6495250463485718, -0.0534999780356884, 0.6479578018188477, 0.7598012089729309),
            ["LeftLowerArm"] = CFrame.new(2.9802322387695312e-08, 3.5762786865234375e-07, 1.2293457984924316e-07, 1, -7.63693464023163e-08, 6.33292387419715e-08, 8.940698847936801e-08, -0.2655892074108124, -0.9640862345695496, 2.980232949312267e-08, 0.9640862941741943, -0.2655894458293915),
            ["LowerTorso"] = CFrame.new(-0.17183902859687805, -0.3236551284790039, 0.14078406989574432, 0.9863043427467346, -0.12908387184143066, -0.10267018526792526, 0.11585940420627594, 0.9852739572525024, -0.1257457435131073, 0.11738999933004379, 0.11212821304798126, 0.986735463142395),
            ["Head"] = CFrame.new(-3.725290298461914e-09, -1.1920928955078125e-07, 2.7474015951156616e-08, 0.9928883910179138, -0.0691690444946289, 0.0968930721282959, 0.09377418458461761, 0.9558182954788208, -0.27859964966773987, -0.07334170490503311, 0.28570470213890076, 0.955507218837738),
            ["RightUpperArm"] = CFrame.new(0, -2.384185791015625e-07, 3.725290298461914e-09, 0.6757829189300537, -0.3241884410381317, 0.6619814038276672, 0.5020508170127869, 0.8599995374679565, -0.09135521203279495, -0.5396873354911804, 0.39408454298973083, 0.7439320683479309),
            ["UpperTorso"] = CFrame.new(1.862645149230957e-09, 2.086162567138672e-07, 3.725290298461914e-08, 0.9789485931396484, 0.19843515753746033, 0.04778255522251129, -0.20249047875404358, 0.9148036241531372, 0.34947362542152405, 0.025636177510023117, -0.351792573928833, 0.9357270002365112),
            ["HumanoidRootPart"] = CFrame.new(0, 0, 0, 1, 0, 0, 0, 1, 0, 0, 0, 1),
            ["RightHand"] = CFrame.new(8.940696716308594e-08, -2.980232238769531e-07, -7.450580596923828e-08, 0.1056257039308548, 0.2660973072052002, 0.9581422805786133, -0.18710309267044067, 0.9516396522521973, -0.24366450309753418, -0.9766451716423035, -0.1535390168428421, 0.15030349791049957),
            ["LeftUpperArm"] = CFrame.new(0, -1.1920928955078125e-07, 2.421438694000244e-08, 0.4678806662559509, 0.16501474380493164, -0.8682499527931213, -0.378625750541687, 0.9251198768615723, -0.028209690004587173, 0.7985802292823792, 0.3419405519962311, 0.4953244924545288),
            ["RightLowerArm"] = CFrame.new(1.1920928955078125e-07, 4.172325134277344e-07, -1.0151416063308716e-07, 1, -5.960524163128866e-08, 2.9802048828742045e-08, 7.450580596923828e-08, 0.462859570980072, -0.8864315748214722, 5.21540641784668e-08, 0.8864316344261169, 0.4628596901893616),
            ["LeftHand"] = CFrame.new(-5.587935447692871e-08, -1.1920928955078125e-07, 9.313225746154785e-10, 0.08522406965494156, -0.34303271770477295, -0.9354508519172668, 0.19800736010074615, 0.9259713292121887, -0.32151514291763306, 0.9764886498451233, -0.1578155905008316, 0.1468319445848465),
            ["RightUpperLeg"] = CFrame.new(0, 2.6635825634002686e-07, 0, 0.619377076625824, -0.7749801278114319, -0.1256016343832016, 0.14368437230587006, 0.269184947013855, -0.9523128271102905, 0.7718334197998047, 0.5717914700508118, 0.27807310223579407),
            ["LeftUpperLeg"] = CFrame.new(0, -2.7939677238464355e-09, 3.725290298461914e-08, 0.6941676735877991, 0.4356222450733185, 0.5730279088020325, -0.08818715810775757, 0.8415535688400269, -0.5329325199127197, -0.7143908739089966, 0.31940725445747375, 0.6225929856300354),
            ["RightLowerLeg"] = CFrame.new(-1.4901161193847656e-07, -2.980232238769531e-07, -3.5390257835388184e-08, 1, -0.0000010877818112930981, -0.000001922261844811146, 9.22009235182486e-07, -0.5649234056472778, 0.8251426815986633, -0.000001915730308610364, -0.8251433968544006, -0.5649243593215942),
            ["RightFoot"] = CFrame.new(1.1920928955078125e-07, -1.1920928955078125e-07, -1.0803341865539551e-07, 0.9956403374671936, -0.06210314482450485, 0.0695926770567894, 0.08082425594329834, 0.9468470215797424, -0.31136730313301086, -0.046558741480112076, 0.31563255190849304, 0.9477381110191345),
            ["LeftLowerLeg"] = CFrame.new(4.470348358154297e-08, -1.7881393432617188e-07, -1.4901161193847656e-08, 1, -4.954592327521823e-07, -3.72531644643459e-07, 4.6938663444962003e-07, 0.24404264986515045, 0.9697626233100891, -4.358590217634628e-07, -0.9697645306587219, 0.2440500259399414),
        }},
        {Time = 0.167, Data = {
            ["LeftFoot"] = CFrame.new(-2.2351741790771484e-08, -7.748603820800781e-07, -1.2665987014770508e-07, 0.998600423336029, 0.04169321805238724, 0.03254026547074318, -0.008780752308666706, 0.7374304533004761, -0.6753596067428589, -0.052154459059238434, 0.6741350889205933, 0.7367704510688782),
            ["LeftLowerArm"] = CFrame.new(8.940696716308594e-08, 4.172325134277344e-07, -6.798654794692993e-08, 1, -7.450667283137591e-08, 8.381810090440922e-08, 7.823111758398227e-08, -0.25455328822135925, -0.9670586585998535, 7.823111758398227e-08, 0.9670587778091431, -0.2545534670352936),
            ["LowerTorso"] = CFrame.new(-0.18746304512023926, -0.34614133834838867, 0.1300845742225647, 0.9830574989318848, -0.15039284527301788, -0.1047852635383606, 0.13491442799568176, 0.9806620478630066, -0.14177492260932922, 0.1240808442234993, 0.12523579597473145, 0.9843373894691467),
            ["Head"] = CFrame.new(4.284083843231201e-08, -1.1920928955078125e-07, 8.381903171539307e-09, 0.9910874366760254, -0.08409544080495834, 0.10331329703330994, 0.11229078471660614, 0.9446437358856201, -0.3082839548587799, -0.07166898250579834, 0.31713756918907166, 0.9456678032875061),
            ["RightUpperArm"] = CFrame.new(1.1920928955078125e-07, -2.384185791015625e-07, 2.9802322387695312e-08, 0.3690906763076782, -0.3613380789756775, 0.8562749624252319, 0.5586631298065186, 0.822554349899292, 0.10630077868700027, -0.7427433133125305, 0.4391345679759979, 0.5054633617401123),
            ["UpperTorso"] = CFrame.new(-3.91155481338501e-08, 2.682209014892578e-07, 2.0489096641540527e-08, 0.9717398285865784, 0.2275942713022232, 0.06263242661952972, -0.23389661312103271, 0.8925456404685974, 0.3855575621128082, 0.03184835985302925, -0.3893110454082489, 0.920555591583252),
            ["HumanoidRootPart"] = CFrame.new(0, 0, 0, 1, 0, 0, 0, 1, 0, 0, 0, 1),
            ["RightHand"] = CFrame.new(1.341104507446289e-07, -2.384185791015625e-07, -1.862645149230957e-08, 0.17755703628063202, 0.34378159046173096, 0.9221118688583374, -0.2681870758533478, 0.9184371829032898, -0.29077133536338806, -0.9468628168106079, -0.19567182660102844, 0.2552683651447296),
            ["LeftUpperArm"] = CFrame.new(1.1920928955078125e-07, -2.384185791015625e-07, 7.450580596923828e-09, 0.3054407835006714, 0.14787793159484863, -0.9406583309173584, -0.5091946125030518, 0.8601241707801819, -0.03012298233807087, 0.8046284317970276, 0.4881788194179535, 0.3380155861377716),
            ["RightLowerArm"] = CFrame.new(-5.960464477539063e-08, 2.980232238769531e-07, -2.644956111907959e-07, 1, 0, 5.5878782490026424e-08, 4.4703490686970326e-08, 0.3699222505092621, -0.9290627241134644, 1.1175872671742582e-08, 0.9290627241134644, 0.36992231011390686),
            ["LeftHand"] = CFrame.new(8.131610229611397e-08, -1.7881393432617188e-07, -1.5366822481155396e-08, 0.07771636545658112, -0.3764452338218689, -0.9231753349304199, 0.2537277638912201, 0.9029552340507507, -0.3468382954597473, 0.9641485214233398, -0.20726987719535828, 0.16568227112293243),
            ["RightUpperLeg"] = CFrame.new(5.960464477539063e-08, 5.21540641784668e-08, -2.2351741790771484e-08, 0.57262122631073, -0.8197863101959229, -0.0074015469290316105, 0.2245560735464096, 0.16553086042404175, -0.9603007435798645, 0.7884665727615356, 0.5482243895530701, 0.27886858582496643),
            ["LeftUpperLeg"] = CFrame.new(-1.1920928955078125e-07, 1.7695128917694092e-08, 1.4901161193847656e-08, 0.6932394504547119, 0.455648273229599, 0.5583906769752502, -0.10980597883462906, 0.8325161933898926, -0.5430160164833069, -0.7122933864593506, 0.31512171030044556, 0.6271632313728333),
            ["RightLowerLeg"] = CFrame.new(-8.195638656616211e-08, 1.7881393432617188e-07, 2.3096799850463867e-07, 1, -8.642663260616246e-07, -0.0000016167851981663262, 7.315537686736207e-07, -0.6463126540184021, 0.7630728483200073, -0.000001754611503201886, -0.7630727887153625, -0.6463125944137573),
            ["RightFoot"] = CFrame.new(1.341104507446289e-07, -2.980232238769531e-07, -9.313225746154785e-08, 0.9947385191917419, -0.03408407047390938, 0.0966082289814949, 0.05987642705440521, 0.9586244225502014, -0.2783074378967285, -0.08312787860631943, 0.28262633085250854, 0.9556211829185486),
            ["LeftLowerLeg"] = CFrame.new(-1.4901161193847656e-07, -2.384185791015625e-07, -1.4901161193847656e-08, 1, -3.0919656524019956e-07, -2.9430000836327963e-07, 3.2782554626464844e-07, 0.19463928043842316, 0.9808737635612488, -1.564621925354004e-07, -0.9808749556541443, 0.19464536011219025),
        }},
        {Time = 0.200, Data = {
            ["LeftFoot"] = CFrame.new(-5.960464477539063e-08, -7.152557373046875e-07, 2.60770320892334e-07, 0.9989768266677856, 0.03449742868542671, 0.029245400801301003, -0.004688877146691084, 0.7221816182136536, -0.6916813850402832, -0.04498176649212837, 0.6908426880836487, 0.7216103672981262),
            ["LeftLowerArm"] = CFrame.new(2.086162567138672e-07, 3.5762786865234375e-07, -8.067581802606583e-08, 1, -3.425562056236231e-08, 1.1833481750045394e-07, 7.799827272947368e-08, -0.23637591302394867, -0.9716616868972778, 8.568168397005138e-08, 0.9716617465019226, -0.2363760769367218),
            ["LowerTorso"] = CFrame.new(-0.2005263864994049, -0.35530877113342285, 0.12097886204719543, 0.9807652235031128, -0.16505984961986542, -0.10418660938739777, 0.14839747548103333, 0.9772805571556091, -0.15133093297481537, 0.12679818272590637, 0.13295906782150269, 0.9829772114753723),
            ["Head"] = CFrame.new(-2.421438694000244e-08, 0, 7.380731403827667e-08, 0.9905004501342773, -0.09533251076936722, 0.09909909218549728, 0.12349510192871094, 0.9336760640144348, -0.33615174889564514, -0.06048025190830231, 0.3451966941356659, 0.9365796446800232),
            ["RightUpperArm"] = CFrame.new(0, -1.1920928955078125e-07, 3.725290298461914e-08, 0.14738790690898895, -0.3960435688495636, 0.9063257575035095, 0.5676756501197815, 0.7842526435852051, 0.2503841519355774, -0.8099513649940491, 0.4775952994823456, 0.3404134511947632),
            ["UpperTorso"] = CFrame.new(8.009374141693115e-08, 2.682209014892578e-07, 3.166496753692627e-08, 0.9650930166244507, 0.24832898378372192, 0.08323568105697632, -0.26027312874794006, 0.8739023804664612, 0.41055136919021606, 0.029211945831775665, -0.4178842604160309, 0.9080305099487305),
            ["HumanoidRootPart"] = CFrame.new(0, 0, 0, 1, 0, 0, 0, 1, 0, 0, 0, 1),
            ["RightHand"] = CFrame.new(1.9371509552001953e-07, -1.1920928955078125e-07, 0, 0.13261160254478455, 0.3493318557739258, 0.9275688529014587, -0.29745838046073914, 0.9067224860191345, -0.29895398020744324, -0.9454801082611084, -0.23626606166362762, 0.22414879500865936),
            ["LeftUpperArm"] = CFrame.new(-1.1920928955078125e-07, -2.384185791015625e-07, 2.2351741790771484e-08, 0.16784147918224335, 0.1384153664112091, -0.9760484099388123, -0.6166805028915405, 0.7871938943862915, 0.005589014384895563, 0.7691128253936768, 0.6009716987609863, 0.21748164296150208),
            ["RightLowerArm"] = CFrame.new(-5.960464477539063e-08, 2.980232238769531e-07, -6.705522537231445e-08, 1, -7.450671546394005e-08, 6.705443666987776e-08, 1.1920928955078125e-07, 0.20265232026576996, -0.9792507290840149, 7.450580596923828e-09, 0.9792508482933044, 0.20265227556228638),
            ["LeftHand"] = CFrame.new(-4.377216100692749e-08, -1.7881393432617188e-07, -2.7939677238464355e-08, 0.09692699462175369, -0.39695897698402405, -0.9127062559127808, 0.2889168858528137, 0.8887598514556885, -0.35586017370224, 0.9524348974227905, -0.22919325530529022, 0.20082557201385498),
            ["RightUpperLeg"] = CFrame.new(5.960464477539063e-08, -9.313225746154785e-09, -1.30385160446167e-08, 0.5357465147972107, -0.8413549065589905, 0.07140106707811356, 0.2698928415775299, 0.09051293879747391, -0.9586278796195984, 0.8000835180282593, 0.5328501462936401, 0.2755622863769531),
            ["LeftUpperLeg"] = CFrame.new(0, 9.313225746154785e-09, 2.60770320892334e-08, 0.6886953711509705, 0.4666674733161926, 0.5549018979072571, -0.12446853518486023, 0.830066442489624, -0.5436028242111206, -0.714287281036377, 0.3053053021430969, 0.6297459006309509),
            ["RightLowerLeg"] = CFrame.new(-6.100162863731384e-08, 5.960464477539063e-08, 2.421438694000244e-08, 1, -9.685745681053959e-07, -0.0000020414697701198747, 7.152558509915252e-07, -0.7006523609161377, 0.7135030031204224, -0.0000020712616333184997, -0.713502824306488, -0.7006521821022034),
            ["RightFoot"] = CFrame.new(1.5832483768463135e-07, -2.980232238769531e-07, -1.5273690223693848e-07, 0.9929856061935425, -0.030643675476312637, 0.11419294029474258, 0.05839802324771881, 0.9669134020805359, -0.2483319342136383, -0.10280771553516388, 0.25325796008110046, 0.9619206190109253),
            ["LeftLowerLeg"] = CFrame.new(-5.960464477539063e-08, -1.1920928955078125e-07, 1.1920928955078125e-07, 1, -4.507564597133751e-07, -4.3213660205765336e-07, 4.7683710135970614e-07, 0.17429958283901215, 0.9846916794776917, -3.613531021073868e-07, -0.9846926927566528, 0.17430512607097626),
        }},
        {Time = 0.233, Data = {
            ["LeftFoot"] = CFrame.new(-2.2351741790771484e-08, -5.364418029785156e-07, 3.725290298461914e-07, 0.9994915127754211, 0.025453470647335052, 0.019208375364542007, -0.0047965156845748425, 0.7155319452285767, -0.6985572576522827, -0.03152480348944664, 0.6981161236763, 0.7152962684631348),
            ["LeftLowerArm"] = CFrame.new(-1.1920928955078125e-07, 3.5762786865234375e-07, 4.2188912630081177e-07, 1, -5.308602624154446e-08, 1.5075612225246005e-07, 8.940696716308594e-08, -0.2167012095451355, -0.9762380123138428, 7.078051567077637e-08, 0.9762380719184875, -0.2167014330625534),
            ["LowerTorso"] = CFrame.new(-0.21013423800468445, -0.3562800884246826, 0.11461181938648224, 0.9793920516967773, -0.17353805899620056, -0.10332395881414413, 0.15642410516738892, 0.975376307964325, -0.1554756611585617, 0.12776066362857819, 0.13610923290252686, 0.9824212789535522),
            ["Head"] = CFrame.new(0, -2.384185791015625e-07, 5.98374754190445e-08, 0.9906777739524841, -0.10422161221504211, 0.08772344887256622, 0.12910190224647522, 0.9238134622573853, -0.36041828989982605, -0.043476805090904236, 0.3683837354183197, 0.9286567568778992),
            ["RightUpperArm"] = CFrame.new(-5.960464477539063e-08, -3.5762786865234375e-07, 4.0978193283081055e-08, -0.000007115303560567554, -0.4198839068412781, 0.9075778722763062, 0.5601834058761597, 0.7518073916435242, 0.34782227873802185, -0.8283685445785522, 0.5084124803543091, 0.23520661890506744),
            ["UpperTorso"] = CFrame.new(-1.862645149230957e-08, 3.2782554626464844e-07, -7.078051567077637e-08, 0.959610641002655, 0.26024293899536133, 0.10687030106782913, -0.2807113528251648, 0.8605049848556519, 0.42512619495391846, 0.01867365464568138, -0.43795523047447205, 0.8988028764724731),
            ["HumanoidRootPart"] = CFrame.new(0, 0, 0, 1, 0, 0, 0, 1, 0, 0, 0, 1),
            ["RightHand"] = CFrame.new(1.2665987014770508e-07, -2.384185791015625e-07, -1.4901161193847656e-08, 0.0917392373085022, 0.35066571831703186, 0.9319977164268494, -0.3039299547672272, 0.9011443257331848, -0.309139609336853, -0.9482671618461609, -0.25489720702171326, 0.18924352526664734),
            ["LeftUpperArm"] = CFrame.new(0, -2.384185791015625e-07, 9.685754776000977e-08, 0.06435296684503555, 0.13206198811531067, -0.98915034532547, -0.6838759183883667, 0.7276953458786011, 0.05266295000910759, 0.7267547845840454, 0.673067033290863, 0.13714338839054108),
            ["RightLowerArm"] = CFrame.new(0, 5.364418029785156e-07, -1.4901161193847656e-07, 1, -6.705607802359737e-08, 6.705441535359569e-08, 1.0803341865539551e-07, 0.10692847520112991, -0.9942666888237, 3.725290298461914e-08, 0.9942668080329895, 0.10692841559648514),
            ["LeftHand"] = CFrame.new(-2.421438694000244e-08, -1.7881393432617188e-07, -2.2817403078079224e-08, 0.1478693038225174, -0.3622988760471344, -0.920259952545166, 0.28124120831489563, 0.9074777960777283, -0.31207510828971863, 0.9481762647628784, -0.21265853941440582, 0.23607391119003296),
            ["RightUpperLeg"] = CFrame.new(0, 6.332993507385254e-08, -7.450580596923828e-08, 0.5252573490142822, -0.8447808027267456, 0.10223109275102615, 0.26917314529418945, 0.050985198467969894, -0.961742103099823, 0.8072487711906433, 0.5326781272888184, 0.2541672885417938),
            ["LeftUpperLeg"] = CFrame.new(-2.384185791015625e-07, 5.122274160385132e-08, -8.568167686462402e-08, 0.6805314421653748, 0.47310519218444824, 0.5595036745071411, -0.13325689733028412, 0.8307830691337585, -0.5404157042503357, -0.7204995155334473, 0.2932080924510956, 0.6284159421920776),
            ["RightLowerLeg"] = CFrame.new(-5.21540641784668e-08, 5.960464477539063e-08, -8.940696716308594e-08, 1, -8.79167998846242e-07, -0.00000202656747205765, 7.264317787303298e-07, -0.7370684146881104, 0.675818681716919, -0.0000021010641830798704, -0.675818145275116, -0.7370679378509521),
            ["RightFoot"] = CFrame.new(1.2759119272232056e-07, -5.960464477539063e-08, -1.3783574104309082e-07, 0.992655336856842, -0.0508124865591526, 0.10978575795888901, 0.07529433071613312, 0.9698166251182556, -0.23191960155963898, -0.09469030052423477, 0.2384822964668274, 0.9665197134017944),
            ["LeftLowerLeg"] = CFrame.new(0, 0, 8.940696716308594e-08, 1, 6.183931304803991e-07, 3.576303413410642e-07, -4.619360538526962e-07, 0.17229010164737701, 0.985045313835144, 3.0174854259712447e-07, -0.9850462675094604, 0.17229576408863068),
        }},
        {Time = 0.267, Data = {
            ["LeftFoot"] = CFrame.new(-6.705522537231445e-08, -7.748603820800781e-07, -1.341104507446289e-07, 0.999862015247345, 0.016099276021122932, 0.004102400969713926, -0.008651885204017162, 0.7154029607772827, -0.6986522078514099, -0.014182010665535927, 0.6985266208648682, 0.7154496312141418),
            ["LeftLowerArm"] = CFrame.new(1.1920928955078125e-07, 3.5762786865234375e-07, -2.60770320892334e-08, 1, -4.097870132113712e-08, 1.7875363766961527e-07, 7.82310962677002e-08, -0.20124812424182892, -0.9795402884483337, 8.568167686462402e-08, 0.9795404076576233, -0.20124831795692444),
            ["LowerTorso"] = CFrame.new(-0.2153761386871338, -0.35189366340637207, 0.1095896065235138, 0.9790456295013428, -0.17606036365032196, -0.10233493894338608, 0.15910552442073822, 0.974983274936676, -0.1552191525697708, 0.1271028220653534, 0.1356845498085022, 0.9825652837753296),
            ["Head"] = CFrame.new(-5.4016709327697754e-08, 0, 5.3318217396736145e-08, 0.991051971912384, -0.10980773717164993, 0.07588386535644531, 0.13046468794345856, 0.917007327079773, -0.3769306540489197, -0.028196144849061966, 0.38345804810523987, 0.9231278896331787),
            ["RightUpperArm"] = CFrame.new(0, -2.384185791015625e-07, 2.2351741790771484e-08, -0.05805112048983574, -0.42602550983428955, 0.9028468132019043, 0.5694229006767273, 0.7287008762359619, 0.3804640769958496, -0.8199924230575562, 0.5361877679824829, 0.2002868354320526),
            ["UpperTorso"] = CFrame.new(1.1175870895385742e-08, 4.76837158203125e-07, -5.029141902923584e-08, 0.9562675952911377, 0.26439958810806274, 0.12508127093315125, -0.2924160361289978, 0.8543622493743896, 0.42960187792778015, 0.006721725221723318, -0.4473903775215149, 0.894313633441925),
            ["HumanoidRootPart"] = CFrame.new(0, 0, 0, 1, 0, 0, 0, 1, 0, 0, 0, 1),
            ["RightHand"] = CFrame.new(1.0803341865539551e-07, -3.5762786865234375e-07, 7.450580596923828e-08, 0.10113498568534851, 0.35426151752471924, 0.9296627640724182, -0.3023967146873474, 0.9011878967285156, -0.3105131983757019, -0.9478017091751099, -0.2497183233499527, 0.1982641965150833),
            ["LeftUpperArm"] = CFrame.new(0, -1.1920928955078125e-07, 3.725290298461914e-09, 0.004484362900257111, 0.12998893857002258, -0.9915053248405457, -0.7120381593704224, 0.6965914964675903, 0.08810476958751678, 0.7021264433860779, 0.7055943012237549, 0.09568078815937042),
            ["RightLowerArm"] = CFrame.new(1.1920928955078125e-07, 2.384185791015625e-07, 6.705522537231445e-08, 1, -4.470405201573158e-08, 9.126850386564911e-08, 6.891787052154541e-08, 0.08106324821710587, -0.9967090487480164, 5.21540641784668e-08, 0.9967090487480164, 0.08106309175491333),
            ["LeftHand"] = CFrame.new(1.0337680578231812e-07, 0, 5.587935447692871e-09, 0.18965883553028107, -0.2913788855075836, -0.9376203417778015, 0.24093632400035858, 0.9395655989646912, -0.2432466596364975, 0.9518294334411621, -0.17976339161396027, 0.24839331209659576),
            ["RightUpperLeg"] = CFrame.new(-2.9802322387695312e-08, 2.849847078323364e-07, -4.0978193283081055e-08, 0.5439710021018982, -0.8350816369056702, 0.08206763863563538, 0.22880059480667114, 0.05352388322353363, -0.9720014929771423, 0.807307779788971, 0.5475162267684937, 0.22017738223075867),
            ["LeftUpperLeg"] = CFrame.new(-5.960464477539063e-08, 2.528540790081024e-07, -2.60770320892334e-08, 0.6697435975074768, 0.47638437151908875, 0.5696468353271484, -0.1375507414340973, 0.8334195613861084, -0.5352553725242615, -0.7297420501708984, 0.2801249921321869, 0.6237021088600159),
