return {
    ["The King"] = {
        {Time = 0.000, Data = {
            ["LeftFoot"] = CFrame.new(4.377216100692749e-08, -5.960464477539063e-08, -1.4901161193847656e-08, 0.9948399066925049, -0.005396870896220207, -0.10131370276212692, 0.010251465253531933, 0.9988206624984741, 0.047458499670028687, 0.10093814879655838, -0.04825228825211525, 0.9937219023704529),
            ["LeftLowerArm"] = CFrame.new(3.8743019104003906e-07, -1.1920928955078125e-07, 1.4528632164001465e-07, 1, -1.266598843585598e-07, -1.3038517820973539e-08, 1.4901162614933128e-07, 0.5345747470855713, -0.8451213240623474, -1.005828522693264e-07, 0.8451212048530579, 0.5345746874809265),
            ["LowerTorso"] = CFrame.new(-0.08203507959842682, -0.14389419555664062, 0.00016937125474214554, 0.9346866607666016, 0.32183969020843506, 0.15093077719211578, -0.33855050802230835, 0.9354093074798584, 0.10194621235132217, -0.10837171971797943, -0.14638546109199524, 0.9832735657691956),
            ["Head"] = CFrame.new(1.862645149230957e-08, -2.384185791015625e-07, -5.587935447692871e-09, 0.6851847171783447, -0.33490726351737976, -0.6468072533607483, 0.3485776484012604, 0.9304991960525513, -0.11253895610570908, 0.6395434141159058, -0.1483524739742279, 0.7543045878410339),
            ["RightUpperArm"] = CFrame.new(-1.7881393432617188e-07, 1.1920928955078125e-07, -9.313225746154785e-09, 0.15288928151130676, -0.7741615772247314, 0.6142467260360718, 0.32610127329826355, -0.5472177863121033, -0.7708505988121033, 0.9328895807266235, 0.31816136837005615, 0.1687912493944168),
            ["UpperTorso"] = CFrame.new(-6.426125764846802e-08, 1.1920928955078125e-07, -1.210719347000122e-08, 0.9700546264648438, 0.2426525503396988, -0.010669462382793427, -0.2425106316804886, 0.9651708602905273, -0.0981522649526596, -0.013518927618861198, 0.09780055284500122, 0.995114266872406),
            ["HumanoidRootPart"] = CFrame.new(0, 0, 0, 1, 0, 0, 0, 1, 0, 0, 0, 1),
            ["RightHand"] = CFrame.new(1.1920928955078125e-07, -2.384185791015625e-07, -2.7474015951156616e-08, 0.9124811291694641, 0.3573797345161438, -0.1991436630487442, -0.20072048902511597, 0.8152148127555847, 0.5432644486427307, 0.3564961552619934, -0.4557460844516754, 0.8156014084815979),
            ["LeftUpperArm"] = CFrame.new(5.960464477539063e-08, 0, 1.862645149230957e-09, 0.7797897458076477, 0.3188101053237915, -0.5387844443321228, 0.09100524336099625, 0.7937532663345337, 0.6013932824134827, 0.6193917989730835, -0.517992377281189, 0.589946985244751),
            ["RightLowerArm"] = CFrame.new(-2.086162567138672e-07, -5.960464477539063e-08, -2.942979335784912e-07, 1, 7.450581485102248e-09, -3.073364496231079e-08, 3.3061958504276845e-08, 0.9381486177444458, -0.3462328612804413, 1.862645504502325e-08, 0.3462330102920532, 0.9381486177444458),
            ["LeftHand"] = CFrame.new(1.210719347000122e-07, 1.7881393432617188e-07, -1.601874828338623e-07, 0.8767297267913818, -0.022090500220656395, 0.480476051568985, 0.1702376753091812, 0.948534369468689, -0.2670240104198456, -0.44984909892082214, 0.31590306758880615, 0.835368812084198),
            ["RightUpperLeg"] = CFrame.new(0, -2.60770320892334e-08, -3.149762051180005e-08, 0.8943960070610046, -0.41401928663253784, 0.16924479603767395, 0.42468249797821045, 0.6673327088356018, -0.6118103265762329, 0.14035876095294952, 0.6190760135650635, 0.7726865410804749),
            ["LeftUpperLeg"] = CFrame.new(0, 1.1082738637924194e-07, -2.2351741790771484e-08, 0.8878572583198547, -0.36813950538635254, -0.2760125398635864, 0.24969397485256195, 0.8893579244613647, -0.38300850987434387, 0.38647446036338806, 0.27113816142082214, 0.8815450072288513),
            ["RightLowerLeg"] = CFrame.new(-7.82310962677002e-08, -0.000060439109802246094, -0.00007210129842860624, 1, -1.4808026094215165e-07, -1.8812723112660024e-07, 6.332992796842518e-08, 0.355756551027298, 0.934578537940979, -1.2852250108608132e-07, -0.9345787167549133, 0.3557570278644562),
            ["RightFoot"] = CFrame.new(3.114109858870506e-08, 4.172325134277344e-07, -3.9282895158976316e-08, 0.9897474646568298, 0.12398069351911545, -0.07091407477855682, -0.14212918281555176, 0.8058584928512573, -0.5747963786125183, -0.0141169223934412, 0.5789827108383179, 0.8152180314064026),
            ["LeftLowerLeg"] = CFrame.new(5.587935447692871e-08, 0.00006079673767089844, 0.00007202476263046265, 1, 8.149074659513644e-08, 1.990702536147637e-08, 4.0978193283081055e-08, 0.9768958687782288, 0.21371598541736603, 1.0244548320770264e-08, -0.2137158364057541, 0.9768959283828735),
        }},
        {Time = 0.033, Data = {
            ["LeftFoot"] = CFrame.new(-7.031485438346863e-08, 5.960464477539063e-08, 1.1175870895385742e-08, 0.9966105222702026, 0.025762997567653656, -0.0781264528632164, -0.026200829073786736, 0.9996461868286133, -0.004586048889905214, 0.07798068970441818, 0.006617422215640545, 0.9969329833984375),
            ["LeftLowerArm"] = CFrame.new(1.4901161193847656e-07, -5.960464477539063e-08, -6.146728992462158e-07, 1, -7.450583261459087e-09, 7.916243660588407e-09, 1.3411046495548362e-07, 0.5265992283821106, -0.8501137495040894, 1.7695130338779563e-07, 0.8501137495040894, 0.5265992283821106),
            ["LowerTorso"] = CFrame.new(-0.07507425546646118, -0.14412879943847656, -0.0035783150233328342, 0.9376158714294434, 0.3211789131164551, 0.133119598031044, -0.33453044295310974, 0.937701940536499, 0.09383218735456467, -0.09468960016965866, -0.13251109421253204, 0.9866482019424438),
            ["Head"] = CFrame.new(6.426125764846802e-08, -1.1920928955078125e-07, -3.725290298461914e-09, 0.6955276727676392, -0.3305143415927887, -0.6379667520523071, 0.36541685461997986, 0.9272265434265137, -0.08198559284210205, 0.6186370253562927, -0.17610052227973938, 0.765687108039856),
            ["RightUpperArm"] = CFrame.new(0, 0, 1.210719347000122e-08, 0.1362171322107315, -0.797906756401062, 0.5871881246566772, 0.3969714939594269, -0.499085396528244, -0.7702775597572327, 0.9076666235923767, 0.3380219042301178, 0.24876219034194946),
            ["UpperTorso"] = CFrame.new(7.543712854385376e-08, -2.384185791015625e-07, 6.984919309616089e-09, 0.9713751673698425, 0.23741525411605835, -0.008023473434150219, -0.23706023395061493, 0.9666467308998108, -0.0969366803765297, -0.015258364379405975, 0.09606395661830902, 0.9952582716941833),
            ["HumanoidRootPart"] = CFrame.new(0, 0, 0, 1, 0, 0, 0, 1, 0, 0, 0, 1),
            ["RightHand"] = CFrame.new(2.9802322387695312e-08, -5.960464477539063e-08, 1.7695128917694092e-07, 0.9222015142440796, 0.3167796730995178, -0.2217998504638672, -0.14628371596336365, 0.8167012929916382, 0.5582118630409241, 0.3579743504524231, -0.48233771324157715, 0.7995026111602783),
            ["LeftUpperArm"] = CFrame.new(0, -1.1920928955078125e-07, 3.259629011154175e-09, 0.7962578535079956, 0.315563827753067, -0.5161327719688416, 0.08833696693181992, 0.783376932144165, 0.6152375936508179, 0.598473072052002, -0.5354812145233154, 0.5958940386772156),
            ["RightLowerArm"] = CFrame.new(-5.960464477539063e-08, -5.960464477539063e-08, 3.1478703022003174e-07, 1, -4.470347647611561e-08, 5.5879340266073996e-08, 4.703178291265431e-08, 0.9185556769371033, -0.39529159665107727, -5.5879347371501353e-08, 0.3952915072441101, 0.9185556769371033),
            ["LeftHand"] = CFrame.new(-1.0058283805847168e-07, 4.76837158203125e-07, -1.4901161193847656e-08, 0.8861084580421448, -0.03974475339055061, 0.46177083253860474, 0.1728193461894989, 0.9527973532676697, -0.24962154030799866, -0.43005284667015076, 0.3009945750236511, 0.8511502742767334),
            ["RightUpperLeg"] = CFrame.new(2.384185791015625e-07, -4.246830940246582e-07, 9.480572771281004e-09, 0.9009149074554443, -0.3962180018424988, 0.17709797620773315, 0.4172161817550659, 0.6783226728439331, -0.604821503162384, 0.11951159685850143, 0.618780791759491, 0.7764195799827576),
            ["LeftUpperLeg"] = CFrame.new(1.4901161193847656e-07, -5.075708031654358e-07, 3.725290298461914e-09, 0.8949159383773804, -0.3650398552417755, -0.2566545903682709, 0.25985559821128845, 0.8938865065574646, -0.36529725790023804, 0.36276811361312866, 0.26021715998649597, 0.8948108553886414),
            ["RightLowerLeg"] = CFrame.new(-1.7695128917694092e-08, -0.00006026029586791992, -0.00007211619958980009, 1, -1.1269000310676347e-07, -1.4156104555240745e-07, 1.1175868053214799e-07, 0.35522186756134033, 0.9347818493843079, -1.2665984172599565e-07, -0.9347819685935974, 0.35522231459617615),
            ["RightFoot"] = CFrame.new(1.2980308383703232e-08, 1.7881393432617188e-07, 1.4733814168721437e-08, 0.9919983744621277, 0.1037042886018753, -0.07200587540864944, -0.1262434720993042, 0.8083821535110474, -0.5749611854553223, -0.001417668187059462, 0.5794512033462524, 0.8150060176849365),
            ["LeftLowerLeg"] = CFrame.new(-6.51925802230835e-08, 0.000060677528381347656, 0.00007204711437225342, 1, -9.313225746154785e-09, -4.7381046641703506e-08, -5.7742006731587026e-08, 0.9720766544342041, 0.2346639484167099, -2.8172511434831904e-08, -0.23466381430625916, 0.9720766544342041),
        }},
        {Time = 0.067, Data = {
            ["LeftFoot"] = CFrame.new(1.909211277961731e-08, 0, 5.587935447692871e-09, 0.9969687461853027, 0.050864849239587784, -0.058874472975730896, -0.05407636612653732, 0.997059166431427, -0.05430413782596588, 0.05593923479318619, 0.05732313171029091, 0.9967873096466064),
            ["LeftLowerArm"] = CFrame.new(0, 5.960464477539063e-08, -1.4901161193847656e-07, 1, -2.9802322387695312e-08, 4.4761698347883794e-08, 1.4901162970204496e-08, 0.5391735434532166, -0.8421947360038757, 1.1175872671742582e-08, 0.842194676399231, 0.5391736030578613),
            ["LowerTorso"] = CFrame.new(-0.06333429366350174, -0.14462065696716309, -0.006960964761674404, 0.9406968355178833, 0.3183923363685608, 0.11711432039737701, -0.32890641689300537, 0.9405404925346375, 0.08487747609615326, -0.08312641084194183, -0.11836361885070801, 0.9894848465919495),
            ["Head"] = CFrame.new(3.4458935260772705e-08, -1.1920928955078125e-07, 1.862645149230957e-09, 0.711354672908783, -0.31693264842033386, -0.6273183822631836, 0.37576717138290405, 0.9257793426513672, -0.041615068912506104, 0.5939474105834961, -0.20612256228923798, 0.7776502966880798),
            ["RightUpperArm"] = CFrame.new(1.1920928955078125e-07, 1.1920928955078125e-07, -1.862645149230957e-09, 0.17037560045719147, -0.8107131123542786, 0.5601039528846741, 0.36480236053466797, -0.47613149881362915, -0.8001363277435303, 0.915364146232605, 0.3406509459018707, 0.2146289348602295),
            ["UpperTorso"] = CFrame.new(4.377216100692749e-08, -8.940696716308594e-08, -3.259629011154175e-09, 0.9741957783699036, 0.22567662596702576, -0.003558711614459753, -0.22499288618564606, 0.9697515368461609, -0.09465836733579636, -0.01791108213365078, 0.09301648288965225, 0.9955034852027893),
            ["HumanoidRootPart"] = CFrame.new(0, 0, 0, 1, 0, 0, 0, 1, 0, 0, 0, 1),
            ["RightHand"] = CFrame.new(1.1920928955078125e-07, 5.960464477539063e-08, -2.0116567611694336e-07, 0.9524728655815125, 0.27355700731277466, -0.13402332365512848, -0.16328588128089905, 0.829899251461029, 0.5334838032722473, 0.257163941860199, -0.48624470829963684, 0.8351244926452637),
            ["LeftUpperArm"] = CFrame.new(-1.1920928955078125e-07, 2.384185791015625e-07, -2.7939677238464355e-09, 0.7890366911888123, 0.3095773160457611, -0.5306439995765686, 0.09684570133686066, 0.7902755737304688, 0.6050498485565186, 0.6066647171974182, -0.5287970900535583, 0.5935752987861633),
            ["RightLowerArm"] = CFrame.new(-1.4901161193847656e-07, 1.7881393432617188e-07, -4.516914486885071e-07, 1, -6.705522537231445e-08, 2.7939680791178034e-08, -2.8405345631199452e-08, 0.9254363179206848, -0.378903329372406, 1.3038519597330378e-08, 0.378903329372406, 0.9254363179206848),
            ["LeftHand"] = CFrame.new(1.5087425708770752e-07, -1.7881393432617188e-07, -6.565824151039124e-08, 0.8958539366722107, -0.02724701538681984, 0.44351255893707275, 0.14569778740406036, 0.9609498381614685, -0.2352607250213623, -0.4197832942008972, 0.27537795901298523, 0.8648404479026794),
            ["RightUpperLeg"] = CFrame.new(-2.9802322387695312e-08, 2.6170164346694946e-07, 5.75528247281909e-09, 0.9105139970779419, -0.3710312843322754, 0.18248288333415985, 0.4025861620903015, 0.6948878765106201, -0.5958651900291443, 0.09427942335605621, 0.6160085797309875, 0.7820771336555481),
            ["LeftUpperLeg"] = CFrame.new(0, 1.019798219203949e-07, 1.862645149230957e-08, 0.9025063514709473, -0.3573434352874756, -0.2403915375471115, 0.2638961970806122, 0.8999565243721008, -0.3470403254032135, 0.34035438299179077, 0.2497677505016327, 0.9065181016921997),
            ["RightLowerLeg"] = CFrame.new(8.381903171539307e-09, -0.0000603795051574707, -0.0000722130571375601, 1, -1.6577540407070046e-07, -1.54599618440443e-07, 1.3969838619232178e-07, 0.35300642251968384, 0.9356207251548767, -1.0803341865539551e-07, -0.9356209635734558, 0.3530069589614868),
            ["RightFoot"] = CFrame.new(1.792795956134796e-08, 4.172325134277344e-07, 5.757465260103345e-08, 0.9947893619537354, 0.06491410732269287, -0.07861530780792236, -0.09883935004472733, 0.8031399250030518, -0.5875343680381775, 0.024999860674142838, 0.5922437906265259, 0.8053714036941528),
            ["LeftLowerLeg"] = CFrame.new(5.774199962615967e-08, 0.000060558319091796875, 0.00007209181785583496, 1, 9.499491682163352e-08, -1.4202671039242887e-08, -9.313226634333205e-09, 0.9674510955810547, 0.25305846333503723, 1.6298146832127713e-08, -0.25305843353271484, 0.9674509763717651),
        }},
        {Time = 0.100, Data = {
            ["LeftFoot"] = CFrame.new(-2.561137080192566e-08, 5.960464477539063e-08, -9.313225746154785e-09, 0.9966505169868469, 0.07205867022275925, -0.03866931423544884, -0.07580021023750305, 0.9914616942405701, -0.10610466450452805, 0.03069334849715233, 0.10868050158023834, 0.9936028718948364),
            ["LeftLowerArm"] = CFrame.new(-2.980232238769531e-07, -1.7881393432617188e-07, -8.195638656616211e-08, 1, -1.341104365337742e-07, 1.5366824257512235e-08, 1.4901158351676713e-07, 0.5476493239402771, -0.8367079496383667, -4.470347292340193e-08, 0.8367079496383667, 0.5476493835449219),
            ["LowerTorso"] = CFrame.new(-0.047446563839912415, -0.14538216590881348, -0.009684916585683823, 0.9445760250091553, 0.31226348876953125, 0.10132934898138046, -0.3203248083591461, 0.9442393779754639, 0.07618382573127747, -0.0718897357583046, -0.10441972315311432, 0.991931676864624),
            ["Head"] = CFrame.new(-1.555308699607849e-07, 1.1920928955078125e-07, 3.725290298461914e-09, 0.7392887473106384, -0.2964222729206085, -0.604637086391449, 0.37714752554893494, 0.9261259436607361, 0.007106149569153786, 0.5578637719154358, -0.23329073190689087, 0.7964693903923035),
            ["RightUpperArm"] = CFrame.new(0, -1.1920928955078125e-07, 7.450580596923828e-09, 0.14305360615253448, -0.8565728664398193, 0.49580109119415283, 0.3888185918331146, -0.41203662753105164, -0.8240424990653992, 0.9101405739784241, 0.31065893173217773, 0.2741081118583679),
            ["UpperTorso"] = CFrame.new(5.122274160385132e-08, -1.7881393432617188e-07, -1.0244548320770264e-08, 0.9782235026359558, 0.20754851400852203, 0.001560837496072054, -0.20654474198818207, 0.9741786122322083, -0.09118837118148804, -0.020446598529815674, 0.08888021111488342, 0.9958324432373047),
            ["HumanoidRootPart"] = CFrame.new(0, 0, 0, 1, 0, 0, 0, 1, 0, 0, 0, 1),
            ["RightHand"] = CFrame.new(-5.960464477539063e-08, 0, 3.0919909477233887e-07, 0.966414749622345, 0.22096270322799683, -0.13121843338012695, -0.1123964786529541, 0.8225979208946228, 0.5574042201042175, 0.2311052531003952, -0.5239352583885193, 0.8198062777519226),
            ["LeftUpperArm"] = CFrame.new(0, 0, -2.7939677238464355e-09, 0.789629340171814, 0.3138323724269867, -0.5272519588470459, 0.08616843819618225, 0.7940651178359985, 0.6016940474510193, 0.6075034737586975, -0.5205477476119995, 0.5999746918678284),
            ["RightLowerArm"] = CFrame.new(-2.9802322387695312e-08, -3.5762786865234375e-07, 1.5029218047857285e-07, 1, -2.2351736461700966e-08, 3.7252894102834944e-09, 1.862645149230957e-08, 0.8980231285095215, -0.4399481415748596, 5.21540641784668e-08, 0.43994832038879395, 0.8980231881141663),
            ["LeftHand"] = CFrame.new(4.6566128730773926e-08, -1.7881393432617188e-07, 7.82310962677002e-08, 0.9099510312080383, -0.034113381057977676, 0.413310170173645, 0.1306840479373932, 0.9694232940673828, -0.20770256221294403, -0.39358726143836975, 0.24301202595233917, 0.8865858316421509),
            ["RightUpperLeg"] = CFrame.new(5.960464477539063e-08, -2.952292561531067e-07, -5.420588422566652e-09, 0.9223119020462036, -0.338600754737854, 0.18625371158123016, 0.38113492727279663, 0.7173787951469421, -0.5831842422485352, 0.06385211646556854, 0.6088655591011047, 0.7906995415687561),
            ["LeftUpperLeg"] = CFrame.new(5.960464477539063e-08, -2.444721758365631e-07, -3.725290298461914e-09, 0.9111247062683105, -0.34552010893821716, -0.22465045750141144, 0.26155367493629456, 0.9060312509536743, -0.3327118158340454, 0.3184989392757416, 0.2443837970495224, 0.9158793687820435),
            ["RightLowerLeg"] = CFrame.new(-9.685754776000977e-08, -0.00006014108657836914, -0.00007206404552562162, 1, -1.545995047536053e-07, -2.1327292643036344e-07, 7.450581307466564e-08, 0.3577038645744324, 0.9338349103927612, -1.4528633585086936e-07, -0.9338350892066956, 0.3577044606208801),
            ["RightFoot"] = CFrame.new(3.3993273973464966e-08, 5.364418029785156e-07, -1.879379851743579e-08, 0.995885968208313, 0.017829345539212227, -0.0888439267873764, -0.06792918592691422, 0.7957949042320251, -0.601743757724762, 0.05997299402952194, 0.6053038239479065, 0.7937324643135071),
            ["LeftLowerLeg"] = CFrame.new(9.685754776000977e-08, 0.00006073713302612305, 0.00007206946611404419, 1, 4.0978196835794733e-08, 1.0710209608078003e-08, 0, 0.9603244662284851, 0.27888527512550354, 1.6530975699424744e-08, -0.2788854241371155, 0.9603244662284851),
        }},
        {Time = 0.133, Data = {
            ["LeftFoot"] = CFrame.new(4.493631422519684e-08, -5.960464477539063e-08, -1.5832483768463135e-08, 0.9958599805831909, 0.08798743784427643, -0.022830231115221977, -0.09049133956432343, 0.983413577079773, -0.15719081461429596, 0.008620775304734707, 0.15860597789287567, 0.9873043298721313),
            ["LeftLowerArm"] = CFrame.new(-1.7881393432617188e-07, -1.1920928955078125e-07, -5.21540641784668e-08, 1, -9.685756197086448e-08, 3.725291630729544e-09, 5.960465188081798e-08, 0.5593537092208862, -0.8289289474487305, 8.195639367158947e-08, 0.8289291858673096, 0.5593538880348206),
            ["LowerTorso"] = CFrame.new(-0.02805786021053791, -0.14640116691589355, -0.010710612870752811, 0.9493206143379211, 0.30220285058021545, 0.08639311790466309, -0.3082485795021057, 0.9488723278045654, 0.06800127774477005, -0.06142584979534149, -0.09118557721376419, 0.9939376711845398),
            ["Head"] = CFrame.new(9.033828973770142e-08, 0, 3.725290298461914e-09, 0.7780840396881104, -0.2786659598350525, -0.5629658699035645, 0.36773356795310974, 0.9286621809005737, 0.0485660657286644, 0.5092713832855225, -0.24480995535850525, 0.8250520825386047),
            ["RightUpperArm"] = CFrame.new(1.1920928955078125e-07, -4.76837158203125e-07, 1.4901161193847656e-08, 0.09369544684886932, -0.8887183666229248, 0.4487769305706024, 0.44904854893684387, -0.36458349227905273, -0.8157415390014648, 0.8885812759399414, 0.2779540419578552, 0.3649181127548218),
            ["UpperTorso"] = CFrame.new(-2.491287887096405e-08, 1.7881393432617188e-07, 7.450580596923828e-09, 0.9819685816764832, 0.18898244202136993, 0.004832707345485687, -0.18795154988765717, 0.9787178635597229, -0.08237496763467789, -0.020297272130846977, 0.07998131215572357, 0.996589720249176),
            ["HumanoidRootPart"] = CFrame.new(0, 0, 0, 1, 0, 0, 0, 1, 0, 0, 0, 1),
            ["RightHand"] = CFrame.new(-8.940696716308594e-08, 1.1920928955078125e-07, 1.6391277313232422e-07, 0.9792932868003845, 0.169965460896492, -0.10998372733592987, -0.08015041798353195, 0.8243861198425293, 0.5603243708610535, 0.18590499460697174, -0.5399067997932434, 0.8209386467933655),
            ["LeftUpperArm"] = CFrame.new(1.7881393432617188e-07, -2.384185791015625e-07, -9.313225746154785e-10, 0.794798731803894, 0.3174111843109131, -0.5172476768493652, 0.07036574929952621, 0.7983673810958862, 0.5980449914932251, 0.6027799248695374, -0.5117221474647522, 0.612206757068634),
            ["RightLowerArm"] = CFrame.new(-2.9802322387695312e-08, 2.384185791015625e-07, 9.499490261077881e-08, 1, -4.4703490686970326e-08, 1.4901162970204496e-08, 1.378357268322361e-07, 0.8960788249969482, -0.4438948631286621, -1.7695127141337252e-08, 0.44389498233795166, 0.8960790038108826),
            ["LeftHand"] = CFrame.new(-7.82310962677002e-08, -2.980232238769531e-07, -1.1548399925231934e-07, 0.9269644618034363, -0.0451267771422863, 0.3724249005317688, 0.12047964334487915, 0.9759613275527954, -0.18161574006080627, -0.3552766740322113, 0.21322087943553925, 0.9101184010505676),
            ["RightUpperLeg"] = CFrame.new(-2.9802322387695312e-08, 5.634501576423645e-08, -1.6952981241047382e-09, 0.9339670538902283, -0.3035126328468323, 0.18864160776138306, 0.35569554567337036, 0.7386690974235535, -0.5725809931755066, 0.03444182872772217, 0.601870596408844, 0.7978506088256836),
            ["LeftUpperLeg"] = CFrame.new(8.940696716308594e-08, 8.509960025548935e-08, -5.587935447692871e-09, 0.921011209487915, -0.3291485011577606, -0.20832598209381104, 0.25227537751197815, 0.9115038514137268, -0.3248353898525238, 0.29680895805358887, 0.2466214895248413, 0.9225412607192993),
            ["RightLowerLeg"] = CFrame.new(-1.3969838619232178e-07, -0.00006031990051269531, -0.0000721348260412924, 1, -1.7136335372924805e-07, -1.238659450564228e-07, 1.0803343286625022e-07, 0.36648792028427124, 0.9304227232933044, -9.126962652317161e-08, -0.930422842502594, 0.36648842692375183),
            ["RightFoot"] = CFrame.new(2.7241185307502747e-08, 2.384185791015625e-07, 6.129994289949536e-08, 0.9949259757995605, -0.006114962976425886, -0.10042356699705124, -0.05599766969680786, 0.7955982685089111, -0.603230893611908, 0.08358553051948547, 0.605793833732605, 0.7912190556526184),
            ["LeftLowerLeg"] = CFrame.new(-2.60770320892334e-08, 0.00006085634231567383, 0.00007208436727523804, 1, -3.3527612686157227e-08, -1.1175868230850483e-08, -3.5390254282674505e-08, 0.9494708180427551, 0.3138550817966461, 1.0710208719899583e-08, -0.31385523080825806, 0.9494709372520447),
        }},
        {Time = 0.167, Data = {
            ["LeftFoot"] = CFrame.new(-1.1117663234472275e-08, 0, 1.862645149230957e-09, 0.9952433705329895, 0.09667959064245224, -0.011989723891019821, -0.09711191058158875, 0.9747679829597473, -0.20098978281021118, -0.007744410075247288, 0.2011980414390564, 0.9795199632644653),
            ["LeftLowerArm"] = CFrame.new(8.940696716308594e-08, -1.1920928955078125e-07, -3.8370490074157715e-07, 1, -3.725289587919178e-08, 7.82310962677002e-08, 7.450581307466564e-08, 0.5788638591766357, -0.8154239654541016, 8.940698137394065e-08, 0.8154242038726807, 0.5788642764091492),
            ["LowerTorso"] = CFrame.new(-0.005809861235320568, -0.14764881134033203, -0.010595540516078472, 0.954206645488739, 0.29013580083847046, 0.07287608832120895, -0.29501980543136597, 0.9530202150344849, 0.06867316365242004, -0.049527838826179504, -0.08702829480171204, 0.99497389793396),
            ["Head"] = CFrame.new(-6.193295121192932e-08, -1.1920928955078125e-07, 2.6775524020195007e-09, 0.8228248357772827, -0.26215991377830505, -0.5042139291763306, 0.35141223669052124, 0.931991457939148, 0.08889072388410568, 0.44661930203437805, -0.25032830238342285, 0.8589917421340942),
            ["RightUpperArm"] = CFrame.new(0, -3.5762786865234375e-07, 1.4344550436362624e-08, -0.011823257431387901, -0.9085931181907654, 0.4175150394439697, 0.590006947517395, -0.34345096349716187, -0.7307074069976807, 0.8073116540908813, 0.23769740760326385, 0.5401370525360107),
            ["UpperTorso"] = CFrame.new(3.5157427191734314e-08, 1.1920928955078125e-07, 1.0244548320770264e-08, 0.9859691262245178, 0.16684435307979584, 0.005288979969918728, -0.16606856882572174, 0.9836103916168213, -0.07022817432880402, -0.016919443383812904, 0.06836448609828949, 0.9975169897079468),
            ["HumanoidRootPart"] = CFrame.new(0, 0, 0, 1, 0, 0, 0, 1, 0, 0, 0, 1),
            ["RightHand"] = CFrame.new(1.7881393432617188e-07, -5.960464477539063e-08, 6.705522537231445e-08, 0.9910552501678467, 0.13341177999973297, 0.0033199372701346874, -0.10840313881635666, 0.7902692556381226, 0.6030949950218201, 0.07783626019954681, -0.598060131072998, 0.7976624369621277),
            ["LeftUpperArm"] = CFrame.new(-1.1920928955078125e-07, -1.1920928955078125e-07, 4.398316377773881e-09, 0.8098294138908386, 0.31139811873435974, -0.4971998631954193, 0.05240757763385773, 0.805713951587677, 0.5899818539619446, 0.5843198895454407, -0.5038415789604187, 0.6361711025238037),
            ["RightLowerArm"] = CFrame.new(-1.1920928955078125e-07, -1.1920928955078125e-07, -1.0803341865539551e-07, 1, -5.960465898624534e-08, 0, 2.60770320892334e-08, 0.8847514986991882, -0.46606314182281494, 6.51925802230835e-08, 0.4660632610321045, 0.8847514986991882),
            ["LeftHand"] = CFrame.new(-5.21540641784668e-08, -2.384185791015625e-07, -4.842877388000488e-08, 0.9464489221572876, -0.05547350272536278, 0.3180524408817291, 0.11313030123710632, 0.9796517491340637, -0.16578294336795807, -0.3023839592933655, 0.19288629293441772, 0.9334658980369568),
            ["RightUpperLeg"] = CFrame.new(5.960464477539063e-08, -5.4249539971351624e-08, 2.029992174357176e-09, 0.9443868398666382, -0.26854413747787476, 0.18978330492973328, 0.32864245772361755, 0.7509305477142334, -0.572797954082489, 0.011307488195598125, 0.6033136248588562, 0.7974238395690918),
            ["LeftUpperLeg"] = CFrame.new(-5.960464477539063e-08, 2.10711732506752e-08, 1.862645149230957e-09, 0.9316548705101013, -0.3090210258960724, -0.19111599028110504, 0.23576711118221283, 0.9143705368041992, -0.3291510343551636, 0.27646541595458984, 0.2615962624549866, 0.9247347116470337),
            ["RightLowerLeg"] = CFrame.new(1.1175870895385742e-08, -0.00006031990051269531, -0.00007220188126666471, 1, -1.3969837198146706e-07, -1.0058285937475375e-07, 1.3783574104309082e-07, 0.37550973892211914, 0.926818311214447, -9.872019290924072e-08, -0.9268184304237366, 0.3755103647708893),
            ["RightFoot"] = CFrame.new(8.614733815193176e-09, 4.172325134277344e-07, -5.75528247281909e-09, 0.9938350319862366, -0.0192757286131382, -0.109180748462677, -0.04998399317264557, 0.8011125326156616, -0.5964226722717285, 0.0989624559879303, 0.5982033610343933, 0.7952104806900024),
            ["LeftLowerLeg"] = CFrame.new(-3.91155481338501e-08, 0.000060617923736572266, 0.00007210671901702881, 1, 1.1734667282325972e-07, 3.632158751543102e-08, -9.313226634333205e-09, 0.9358375668525696, 0.3524319529533386, 1.3969840839678227e-09, -0.35243189334869385, 0.9358375072479248),
        }},
        {Time = 0.200, Data = {
            ["LeftFoot"] = CFrame.new(-2.5262124836444855e-08, -5.960464477539063e-08, -8.614733815193176e-09, 0.994971752166748, 0.10009115189313889, 0.0036366265267133713, -0.09648174047470093, 0.9675734639167786, -0.23343710601329803, -0.026883697137236595, 0.23191238939762115, 0.9723652005195618),
            ["LeftLowerArm"] = CFrame.new(-8.940696716308594e-08, -5.364418029785156e-07, 1.8440186977386475e-07, 1, -4.470347292340193e-08, 5.2154071283894154e-08, -1.4901159417490817e-08, 0.5823394060134888, -0.8129457235336304, 5.215405707303944e-08, 0.8129457831382751, 0.5823395252227783),
            ["LowerTorso"] = CFrame.new(0.01865571364760399, -0.14971637725830078, -0.003167635528370738, 0.9593116641044617, 0.2763054370880127, 0.058107029646635056, -0.28022557497024536, 0.9569097757339478, 0.07614021748304367, -0.03456522896885872, -0.08932527899742126, 0.9954025745391846),
            ["Head"] = CFrame.new(2.6775524020195007e-08, 2.384185791015625e-07, 3.725290298461914e-09, 0.8797973990440369, -0.2244998961687088, -0.41899460554122925, 0.29645225405693054, 0.9481648802757263, 0.11445257067680359, 0.3715812861919403, -0.22490698099136353, 0.9007465243339539),
            ["RightUpperArm"] = CFrame.new(-1.1920928955078125e-07, 1.1920928955078125e-07, -7.450580596923828e-09, -0.2524867355823517, -0.9297774434089661, 0.2678888440132141, 0.8426773548126221, -0.34736189246177673, -0.4113810956478119, 0.4755473732948303, 0.12187560647726059, 0.8712067008018494),
            ["UpperTorso"] = CFrame.new(-3.6903657019138336e-08, 5.960464477539063e-08, -5.587935447692871e-09, 0.9902019500732422, 0.1396220177412033, 0.0024286925327032804, -0.1393709033727646, 0.9892072081565857, -0.04522237181663513, -0.008716527372598648, 0.04444079473614693, 0.9989739656448364),
            ["HumanoidRootPart"] = CFrame.new(0, 0, 0, 1, 0, 0, 0, 1, 0, 0, 0, 1),
            ["RightHand"] = CFrame.new(-1.341104507446289e-07, 0, -1.6391277313232422e-07, 0.9696049094200134, 0.0504419282078743, 0.23942020535469055, -0.2137710601091385, 0.650676965713501, 0.7286434173583984, -0.11903111636638641, -0.7576774954795837, 0.6416828036308289),
            ["LeftUpperArm"] = CFrame.new(-1.1920928955078125e-07, -2.384185791015625e-07, -5.587935447692871e-09, 0.8249683976173401, 0.3185264468193054, -0.46687066555023193, 0.014244098216295242, 0.8140779137611389, 0.5805808901786804, 0.5649992823600769, -0.4856111705303192, 0.6670514345169067),
            ["RightLowerArm"] = CFrame.new(1.1920928955078125e-07, 0, -8.195638656616211e-08, 1, -6.705523247774181e-08, -3.72529100900465e-08, 4.842877388000488e-08, 0.7890802621841431, -0.6142901182174683, 2.421438694000244e-08, 0.6142902374267578, 0.7890803217887878),
            ["LeftHand"] = CFrame.new(-2.2351741790771484e-08, 1.1920928955078125e-07, 1.043081283569336e-07, 0.9726893901824951, -0.06694318354129791, 0.2222474217414856, 0.0977558121085167, 0.9865952134132385, -0.13066668808460236, -0.2105211466550827, 0.1488240659236908, 0.966194748878479),
            ["RightUpperLeg"] = CFrame.new(0, 1.5157274901866913e-07, -1.6596459317952394e-08, 0.9537569284439087, -0.22784185409545898, 0.19605059921741486, 0.3001995086669922, 0.7548075318336487, -0.5832201242446899, -0.015098519623279572, 0.6151045560836792, 0.7883009910583496),
            ["LeftUpperLeg"] = CFrame.new(5.960464477539063e-08, 2.3050233721733093e-08, -7.450580596923828e-09, 0.9406042695045471, -0.28899553418159485, -0.1781717985868454, 0.21124950051307678, 0.9090291261672974, -0.35922113060951233, 0.265776664018631, 0.3002462387084961, 0.9160868525505066),
            ["RightLowerLeg"] = CFrame.new(-9.313225746154785e-09, -0.00006008148193359375, -0.00007205286965472624, 1, -1.6577537564899103e-07, -1.4062973718864669e-07, 9.49948883999241e-08, 0.38353049755096436, 0.9235280752182007, -9.592621097453957e-08, -0.9235281944274902, 0.3835308849811554),
            ["RightFoot"] = CFrame.new(-4.284083843231201e-08, 4.172325134277344e-07, 1.6596459317952394e-08, 0.9923673868179321, -0.026793338358402252, -0.12037140130996704, -0.048640843480825424, 0.8119248151779175, -0.5817317366600037, 0.11331915110349655, 0.5831469297409058, 0.8044246435165405),
            ["LeftLowerLeg"] = CFrame.new(-9.313225746154785e-08, 0.00006097555160522461, 0.00007206946611404419, 1, 2.6077039194660756e-08, -6.519259798665189e-09, -6.612390279769897e-08, 0.9110835790634155, 0.41222187876701355, 0, -0.41222184896469116, 0.9110835790634155),
        }},
        {Time = 0.233, Data = {
            ["LeftFoot"] = CFrame.new(-2.2351741790771484e-08, 1.7881393432617188e-07, -9.313225746154785e-09, 0.9951610565185547, 0.08837737888097763, 0.04294172674417496, -0.07711224257946014, 0.9733182787895203, -0.2161141037940979, -0.060895636677742004, 0.21175740659236908, 0.9754233956336975),
            ["LeftLowerArm"] = CFrame.new(-8.940696716308594e-08, 7.152557373046875e-07, -2.942979335784912e-07, 1, -8.940695295223122e-08, 2.0489098417897367e-08, 5.960463766996327e-08, 0.5856767892837524, -0.8105445504188538, 0, 0.8105447292327881, 0.5856769680976868),
            ["LowerTorso"] = CFrame.new(0.044707462191581726, -0.15594267845153809, 0.019104229286313057, 0.9646530747413635, 0.2607012391090393, 0.03846270591020584, -0.26314112544059753, 0.9607962369918823, 0.0873350128531456, -0.014186476357281208, -0.09436910599470139, 0.9954363107681274),
            ["Head"] = CFrame.new(4.557659849524498e-08, 1.1920928955078125e-07, -4.6566128730773926e-08, 0.9498418569564819, -0.12064845860004425, -0.2885209023952484, 0.16360823810100555, 0.9779665470123291, 0.12966792285442352, 0.26651960611343384, -0.17036832869052887, 0.9486528038978577),
            ["RightUpperArm"] = CFrame.new(1.1920928955078125e-07, 2.384185791015625e-07, -3.3527612686157227e-08, -0.38150426745414734, -0.9082290530204773, -0.17197276651859283, 0.8924522399902344, -0.41036635637283325, 0.18742607533931732, -0.24079768359661102, -0.08197364956140518, 0.9671075344085693),
            ["UpperTorso"] = CFrame.new(1.8597347661852837e-08, -5.960464477539063e-08, 3.213062882423401e-08, 0.9942318201065063, 0.10698375105857849, -0.007593546062707901, -0.10691630840301514, 0.9942293167114258, 0.008778528310358524, 0.008488856256008148, -0.007916015572845936, 0.9999326467514038),
            ["HumanoidRootPart"] = CFrame.new(0, 0, 0, 1, 0, 0, 0, 1, 0, 0, 0, 1),
            ["RightHand"] = CFrame.new(5.21540641784668e-08, -5.960464477539063e-08, 2.682209014892578e-07, 0.7184385061264038, -0.15434977412223816, 0.6782494187355042, -0.5725603103637695, 0.42247602343559265, 0.7026300430297852, -0.394994854927063, -0.8931350708007812, 0.21514847874641418),
            ["LeftUpperArm"] = CFrame.new(0, 2.384185791015625e-07, -3.632158041000366e-08, 0.8424443006515503, 0.33540406823158264, -0.4216533899307251, -0.05129016563296318, 0.8289733529090881, 0.55693119764328, 0.5363365411758423, -0.4475569427013397, 0.7155669331550598),
            ["RightLowerArm"] = CFrame.new(7.152557373046875e-07, -3.5762786865234375e-07, -1.1920928955078125e-07, 1, -1.1082738637924194e-07, 6.705523247774181e-08, 7.729976658765736e-08, 0.23507456481456757, -0.9719774127006531, 1.133885092485798e-07, 0.9719773530960083, 0.23507452011108398),
            ["LeftHand"] = CFrame.new(-9.685754776000977e-08, -1.1920928955078125e-07, -1.043081283569336e-07, 0.9940962195396423, -0.07488258928060532, 0.07851974666118622, 0.08186522871255875, 0.9925856590270996, -0.08984337002038956, -0.07120997458696365, 0.09574064612388611, 0.9928559064865112),
            ["RightUpperLeg"] = CFrame.new(0, -4.784669727087021e-08, 2.2519088815897703e-08, 0.9610796570777893, -0.1742822527885437, 0.21436357498168945, 0.27087095379829407, 0.747103214263916, -0.6070135235786438, -0.05436001718044281, 0.6414533853530884, 0.7652339339256287),
            ["LeftUpperLeg"] = CFrame.new(5.960464477539063e-08, -1.9534491002559662e-07, 2.2351741790771484e-08, 0.9443499445915222, -0.2782740592956543, -0.1754043996334076, 0.17501534521579742, 0.8765491843223572, -0.4483650326728821, 0.27851900458335876, 0.3927151560783386, 0.8764714598655701),
            ["RightLowerLeg"] = CFrame.new(3.259629011154175e-09, -0.00006008148193359375, -0.00007211619958980009, 1, -1.387670636177063e-07, -1.1757951767776831e-07, 1.2852251529693604e-07, 0.3844814598560333, 0.9231327176094055, -1.019798219203949e-07, -0.9231327772140503, 0.3844817280769348),
            ["RightFoot"] = CFrame.new(-2.08965502679348e-08, 2.980232238769531e-07, 2.032174961641431e-08, 0.9902111291885376, -0.03182636573910713, -0.13590089976787567, -0.04958684742450714, 0.8299276828765869, -0.5556625127792358, 0.13047266006469727, 0.5569624304771423, 0.820225715637207),
            ["LeftLowerLeg"] = CFrame.new(2.9802322387695312e-08, 0.00006079673767089844, 0.00007206201553344727, 1, 7.450581307466564e-08, 1.117587622445626e-08, -2.6077035641947077e-08, 0.8440756797790527, 0.5362239480018616, -2.7939680791178034e-08, -0.5362240672111511, 0.8440757989883423),
        }},
        {Time = 0.267, Data = {
            ["LeftFoot"] = CFrame.new(3.655441105365753e-08, -5.960464477539063e-08, -1.909211277961731e-08, 0.9857158660888672, 0.11845912784337997, 0.11971577256917953, -0.0862269178032875, 0.9655657410621643, -0.24545450508594513, -0.14466966688632965, 0.23162534832954407, 0.9619876742362976),
            ["LeftLowerArm"] = CFrame.new(-1.4901161193847656e-07, 0, 8.940696716308594e-08, 1, -8.940696716308594e-08, 6.146729703004894e-08, 0, 0.558032751083374, -0.8298189043998718, -1.4901161193847656e-08, 0.8298189043998718, 0.5580329298973083),
            ["LowerTorso"] = CFrame.new(0.0716935396194458, -0.17933058738708496, 0.01906650885939598, 0.9690355062484741, 0.2433127462863922, 0.04206095635890961, -0.24577054381370544, 0.9668499827384949, 0.06926767528057098, -0.023812919855117798, -0.07746017724275589, 0.9967111349105835),
            ["Head"] = CFrame.new(9.546056389808655e-08, -2.384185791015625e-07, 9.313225746154785e-09, 0.9640963673591614, -0.04778621718287468, -0.2612176239490509, 0.08637640625238419, 0.9866155385971069, 0.13830789923667908, 0.25111210346221924, -0.15590505301952362, 0.9553200006484985),
            ["RightUpperArm"] = CFrame.new(-5.960464477539063e-08, -1.1920928955078125e-07, 1.4901161193847656e-08, -0.1601932793855667, -0.9588271379470825, -0.2344965785741806, 0.904118537902832, -0.23786228895187378, 0.35495245456695557, -0.39611589908599854, -0.15515169501304626, 0.9049973487854004),
            ["UpperTorso"] = CFrame.new(-4.3655745685100555e-10, 2.9802322387695312e-08, 8.381903171539307e-09, 0.9961886405944824, 0.08649800717830658, -0.011236471123993397, -0.08597374707460403, 0.995458722114563, 0.04087245464324951, 0.014720823615789413, -0.03975067660212517, 0.9991011619567871),
            ["HumanoidRootPart"] = CFrame.new(0, 0, 0, 1, 0, 0, 0, 1, 0, 0, 0, 1),
            ["RightHand"] = CFrame.new(-3.2782554626464844e-07, -5.960464477539063e-08, -3.725290298461914e-08, 0.7257248163223267, -0.14351916313171387, 0.6728490591049194, -0.5395457744598389, 0.4880788326263428, 0.6860535144805908, -0.4268651008605957, -0.8609189391136169, 0.2767758071422577),
            ["LeftUpperArm"] = CFrame.new(1.1920928955078125e-07, -1.1920928955078125e-07, 2.3283064365386963e-08, 0.8256909251213074, 0.37942320108413696, -0.41745978593826294, -0.10144826769828796, 0.827822208404541, 0.5517414212226868, 0.5549259185791016, -0.41321730613708496, 0.7220171689987183),
            ["RightLowerArm"] = CFrame.new(-1.7881393432617188e-07, -1.7881393432617188e-07, -8.940696716308594e-08, 1, -7.916241884231567e-08, 8.754434333013705e-08, 8.568167686462402e-08, -0.17852145433425903, -0.9839361310005188, 9.313225746154785e-08, 0.983936071395874, -0.17852146923542023),
            ["LeftHand"] = CFrame.new(-2.9802322387695312e-08, 0, 0, 0.9949119091033936, -0.08246620744466782, -0.057877250015735626, 0.08236104995012283, 0.9965937733650208, -0.00420472864061594, 0.05802687257528305, -0.0005835221381857991, 0.9983149170875549),
            ["RightUpperLeg"] = CFrame.new(0, 3.479071892797947e-07, 2.7175701688975096e-08, 0.971463143825531, -0.14800074696540833, 0.18535153567790985, 0.23217032849788666, 0.7532637119293213, -0.615378737449646, -0.048542119562625885, 0.6408506631851196, 0.7661290764808655),
            ["LeftUpperLeg"] = CFrame.new(-5.960464477539063e-08, 1.5366822481155396e-07, 2.9802322387695312e-08, 0.9489637613296509, -0.2801535725593567, -0.14485111832618713, 0.17395389080047607, 0.8480445742607117, -0.5005602240562439, 0.2630738317966461, 0.449815958738327, 0.8534973859786987),
