return {
    ["The Renegade"] = {
        {Time = 0.000, Data = {
            ["RightFoot"] = CFrame.new(2.9802322387695312e-08, 3.5762786865234375e-07, 1.6952981241047382e-09, 0.9873332977294922, 0.11486375331878662, -0.10945064574480057, -0.1275530904531479, 0.9849047660827637, -0.11701648682355881, 0.09435757249593735, 0.1294955313205719, 0.9870803952217102),
            ["LeftLowerArm"] = CFrame.new(0, 3.5762786865234375e-07, -4.76837158203125e-07, 1, -6.379559636116028e-08, 1.415610029198433e-07, 5.215405707303944e-08, -0.5262793898582458, -0.8503117561340332, 1.4156101713069802e-07, 0.8503116965293884, -0.5262793898582458),
            ["RightUpperArm"] = CFrame.new(-2.384185791015625e-07, -7.152557373046875e-07, -1.1175870895385742e-08, 0.6815512776374817, -0.28339409828186035, 0.674667239189148, 0.5525456666946411, 0.8037703037261963, -0.22055983543395996, -0.47977206110954285, 0.5231072902679443, 0.7043987512588501),
            ["Head"] = CFrame.new(-3.725290298461914e-09, 2.384185791015625e-07, -4.284083843231201e-08, 0.9955618977546692, 0.051294922828674316, 0.07890181988477707, -0.03463777154684067, 0.9792685508728027, -0.1995830535888672, -0.08750367164611816, 0.19596436619758606, 0.9766991138458252),
            ["RightHand"] = CFrame.new(-2.384185791015625e-07, 0, 2.7567148208618164e-07, 0.8549321293830872, 0.21420374512672424, 0.47244876623153687, -0.2703736126422882, 0.9612717032432556, 0.053430210798978806, -0.44270673394203186, -0.17341695725917816, 0.879737138748169),
            ["UpperTorso"] = CFrame.new(-4.190951585769653e-08, -3.8743019104003906e-07, -2.0489096641540527e-08, 0.9989461302757263, 0.02062186226248741, -0.04100564122200012, -0.022709881886839867, 0.9984341263771057, -0.051123932003974915, 0.03988717496395111, 0.052001290023326874, 0.9978501796722412),
            ["HumanoidRootPart"] = CFrame.new(0, 0, 0, 1, 0, 0, 0, 1, 0, 0, 0, 1),
            ["RightUpperLeg"] = CFrame.new(-5.960464477539063e-08, 8.218921720981598e-08, -2.032174961641431e-08, 0.9956138730049133, -0.025486251339316368, -0.0900191068649292, -0.008990176022052765, 0.9316654205322266, -0.3632061183452606, 0.0931243896484375, 0.3624224364757538, 0.9273499250411987),
            ["LeftUpperArm"] = CFrame.new(0, -2.384185791015625e-07, -2.9802322387695312e-08, 0.8790110349655151, 0.40631717443466187, 0.2494916319847107, -0.14235952496528625, 0.7230445146560669, -0.675973653793335, -0.45505326986312866, 0.5586708188056946, 0.6934072971343994),
            ["RightLowerArm"] = CFrame.new(1.1920928955078125e-07, -2.384185791015625e-07, 8.940696716308594e-08, 1, -5.960465188081798e-08, 5.960463056453591e-08, 5.96046660916727e-08, 0.5188664793968201, -0.8548552393913269, 5.96046660916727e-08, 0.8548554182052612, 0.5188665390014648),
            ["LeftHand"] = CFrame.new(-2.5331974029541016e-07, -4.172325134277344e-07, -1.043081283569336e-07, 0.7347934246063232, -0.5385969877243042, 0.41230082511901855, 0.6188850402832031, 0.7811311483383179, -0.08255582302808762, -0.277596652507782, 0.3158283233642578, 0.9072996377944946),
            ["LeftFoot"] = CFrame.new(8.312053978443146e-08, 5.960464477539063e-08, -1.4901161193847656e-08, 0.956419825553894, -0.022886497899889946, 0.2910968065261841, 0.1011071726679802, 0.9612085223197937, -0.2566232979297638, -0.2739314138889313, 0.2748715877532959, 0.9216329455375671),
            ["LowerTorso"] = CFrame.new(-0.09962202608585358, -0.03431367874145508, -0.030851006507873535, 0.9918288588523865, -0.05696012079715729, -0.11415386199951172, 0.06619583070278168, 0.994688868522644, 0.07881764322519302, 0.10905810445547104, -0.08573012053966522, 0.9903316497802734),
            ["RightLowerLeg"] = CFrame.new(-1.4901161193847656e-08, -0.0001226663589477539, -0.00007732043013675138, 1, -1.0011712703317244e-07, -1.8626460374093767e-08, 1.1175872316471214e-07, 0.8112520575523376, 0.5846967101097107, -3.725290742551124e-09, -0.5846966505050659, 0.8112520575523376),
            ["LeftUpperLeg"] = CFrame.new(2.9802322387695312e-08, -2.966262400150299e-07, 7.450580596923828e-09, 0.9902456402778625, 0.012154473923146725, -0.13880151510238647, -0.06578240543603897, 0.9189548492431641, -0.3888375759124756, 0.1228262335062027, 0.39417555928230286, 0.9107905626296997),
            ["LeftLowerLeg"] = CFrame.new(-4.470348358154297e-08, 0.0001226663589477539, 0.00007740408182144165, 1, 6.612387437598954e-08, 3.725290298461914e-08, -6.05359673500061e-08, 0.7837228178977966, 0.6211110353469849, 5.820766091346741e-09, -0.621110737323761, 0.7837226390838623),
        }},
        {Time = 0.033, Data = {
            ["RightFoot"] = CFrame.new(5.681067705154419e-08, 4.172325134277344e-07, -1.3205863069742918e-08, 0.9851548671722412, 0.07159079611301422, -0.1560278981924057, -0.11454214155673981, 0.9511144161224365, -0.2868124842643738, 0.12786728143692017, 0.3004269003868103, 0.945195198059082),
            ["LeftLowerArm"] = CFrame.new(-5.960464477539063e-08, 0, -3.5762786865234375e-07, 1, -5.960463766996327e-08, 1.378357268322361e-07, 8.195639367158947e-08, -0.5400905013084412, -0.8416069746017456, 1.4156104555240745e-07, 0.8416069746017456, -0.5400905013084412),
            ["RightUpperArm"] = CFrame.new(-1.7881393432617188e-07, 3.5762786865234375e-07, -1.4901161193847656e-08, 0.6739169359207153, -0.2659040093421936, 0.6892974972724915, 0.6480720043182373, 0.6607339382171631, -0.3787260353565216, -0.35473746061325073, 0.7019442319869995, 0.617604672908783),
            ["Head"] = CFrame.new(-2.514570951461792e-08, 3.5762786865234375e-07, -2.0489096641540527e-08, 0.9897480010986328, 0.012905287556350231, 0.14224083721637726, 0.018243899568915367, 0.9763275980949402, -0.21552634239196777, -0.1416550874710083, 0.21591179072856903, 0.9660828709602356),
            ["RightHand"] = CFrame.new(-1.4901161193847656e-08, -2.384185791015625e-07, 8.940696716308594e-08, 0.857978343963623, 0.06543311476707458, 0.5095013976097107, -0.12701267004013062, 0.9880793690681458, 0.08698882907629013, -0.4977358877658844, -0.13934768736362457, 0.8560615181922913),
            ["UpperTorso"] = CFrame.new(-9.313225746154785e-10, -3.8743019104003906e-07, -1.1175870895385742e-08, 0.9943568110466003, 0.04452670365571976, -0.09629182517528534, -0.050052955746650696, 0.9971890449523926, -0.055757228285074234, 0.09353847801685333, 0.06026226282119751, 0.9937902688980103),
            ["HumanoidRootPart"] = CFrame.new(0, 0, 0, 1, 0, 0, 0, 1, 0, 0, 0, 1),
            ["RightUpperLeg"] = CFrame.new(-2.9802322387695312e-08, -1.7182901501655579e-07, -2.032174961641431e-08, 0.9993699193000793, -0.01678481698036194, -0.031272269785404205, 0.003409382188692689, 0.922432541847229, -0.3861430287361145, 0.03532790765166283, 0.3857933580875397, 0.9219086766242981),
            ["LeftUpperArm"] = CFrame.new(0, 0, -1.4901161193847656e-08, 0.6341924667358398, 0.4083801507949829, 0.6565253734588623, 0.1497252881526947, 0.7681882381439209, -0.6224702596664429, -0.7585394978523254, 0.49306443333625793, 0.4260343015193939),
            ["RightLowerArm"] = CFrame.new(-6.258487701416016e-07, -1.1920928955078125e-07, -5.960464477539063e-08, 1, -1.043081283569336e-07, 1.043081283569336e-07, 7.450583439094771e-08, -0.07572129368782043, -0.9971290230751038, 1.0430816388407038e-07, 0.9971290826797485, -0.07572129368782043),
            ["LeftHand"] = CFrame.new(-3.2782554626464844e-07, -6.556510925292969e-07, 2.682209014892578e-07, 0.9137296676635742, -0.40621793270111084, -0.009233091026544571, 0.4032924771308899, 0.9094507098197937, -0.10126583278179169, 0.049533065408468246, 0.08880593627691269, 0.9948165416717529),
            ["LeftFoot"] = CFrame.new(7.916241884231567e-08, -5.960464477539063e-08, -9.313225746154785e-09, 0.9413461685180664, 0.006007960997521877, 0.3373890221118927, 0.11456248909235, 0.9347657561302185, -0.33628609776496887, -0.31740012764930725, 0.35521388053894043, 0.8792499303817749),
            ["LowerTorso"] = CFrame.new(-0.09695827960968018, -0.08844876289367676, -0.02808031439781189, 0.990512490272522, -0.028765130788087845, -0.13437867164611816, 0.04358615353703499, 0.9931198954582214, 0.10868840664625168, 0.13032768666744232, -0.11351427435874939, 0.984951376914978),
            ["RightLowerLeg"] = CFrame.new(-3.91155481338501e-08, -0.00012236833572387695, -0.00007739493594272062, 1, -8.381900329368364e-08, -3.352762689701194e-08, 1.0803343286625022e-07, 0.7874649167060852, 0.6163593530654907, -1.3969840395589017e-08, -0.6163594126701355, 0.7874650955200195),
            ["LeftUpperLeg"] = CFrame.new(-5.960464477539063e-08, -7.636845111846924e-07, -2.2351741790771484e-08, 0.9910835027694702, -0.02962576597929001, -0.12990695238113403, -0.03322563320398331, 0.8892180323600769, -0.4562752842903137, 0.1290331929922104, 0.45652341842651367, 0.8803051710128784),
            ["LeftLowerLeg"] = CFrame.new(-3.3527612686157227e-08, 0.00012290477752685547, 0.00007747113704681396, 1, 6.146727571376687e-08, 1.9557786501422925e-08, -6.146731124090365e-08, 0.7173699140548706, 0.696692705154419, 2.1420426321583363e-08, -0.6966924667358398, 0.717369794845581),
        }},
        {Time = 0.067, Data = {
            ["RightFoot"] = CFrame.new(-4.0978193283081055e-08, 3.5762786865234375e-07, 2.4047039914876223e-08, 0.9811580181121826, 0.03433070704340935, -0.19013231992721558, -0.11232727020978928, 0.902040958404541, -0.41677820682525635, 0.1571989208459854, 0.4302830696105957, 0.8889013528823853),
            ["LeftLowerArm"] = CFrame.new(5.960464477539063e-08, -1.1920928955078125e-07, -5.513429641723633e-07, 1, -7.660128176212311e-08, 1.1920928955078125e-07, 8.940698137394065e-08, -0.6729893684387207, -0.739652156829834, 1.7136336794010276e-07, 0.739652156829834, -0.6729894280433655),
            ["RightUpperArm"] = CFrame.new(0, 2.384185791015625e-07, 0, 0.8495175242424011, -0.2371009886264801, 0.4712783098220825, 0.5267353057861328, 0.4311448633670807, -0.7325736284255981, -0.029495365917682648, 0.8705730438232422, 0.49115458130836487),
            ["Head"] = CFrame.new(2.421438694000244e-08, 8.344650268554688e-07, -4.190951585769653e-08, 0.9820969104766846, -0.006207439117133617, 0.18827424943447113, 0.05104265734553337, 0.9708366990089417, -0.23424547910690308, -0.18132948875427246, 0.23966187238693237, 0.9537724256515503),
            ["RightHand"] = CFrame.new(3.948807716369629e-07, 0, 1.7881393432617188e-07, 0.9500137567520142, -0.2750716805458069, -0.14768071472644806, 0.2507002055644989, 0.9540279507637024, -0.16425621509552002, 0.18607376515865326, 0.11902202665805817, 0.9753001928329468),
            ["UpperTorso"] = CFrame.new(-3.725290298461914e-09, -2.9802322387695312e-08, -8.381903171539307e-09, 0.9905183911323547, 0.049429040402173996, -0.12818078696727753, -0.05340161174535751, 0.998187780380249, -0.0277405958622694, 0.12657730281352997, 0.03432261943817139, 0.9913628101348877),
            ["HumanoidRootPart"] = CFrame.new(0, 0, 0, 1, 0, 0, 0, 1, 0, 0, 0, 1),
            ["RightUpperLeg"] = CFrame.new(5.960464477539063e-08, -5.480833351612091e-07, -2.7772330213338137e-08, 0.9995633363723755, -0.0109234768897295, 0.027457304298877716, 0.02176646701991558, 0.9006028175354004, -0.43409767746925354, -0.019986266270279884, 0.43450573086738586, 0.9004473686218262),
            ["LeftUpperArm"] = CFrame.new(0, 2.384185791015625e-07, -5.960464477539063e-08, 0.4638657569885254, 0.46219390630722046, 0.755781352519989, 0.24751868844032288, 0.7515266537666321, -0.6115082502365112, -0.8506251573562622, 0.47072774171829224, 0.23420590162277222),
            ["RightLowerArm"] = CFrame.new(2.980232238769531e-07, 2.384185791015625e-07, -5.960464477539063e-08, 1, -1.3411040811206476e-07, 8.940693874137651e-08, 1.3411046495548362e-07, -0.43347784876823425, -0.9011642932891846, 1.564622067462551e-07, 0.9011642932891846, -0.43347784876823425),
            ["LeftHand"] = CFrame.new(-1.7881393432617188e-07, -4.172325134277344e-07, 1.1920928955078125e-07, 0.9580332636833191, 0.2576163113117218, 0.12572292983531952, -0.23615649342536926, 0.9579021334648132, -0.16325974464416504, -0.16248859465122223, 0.12671798467636108, 0.9785398244857788),
            ["LeftFoot"] = CFrame.new(-5.564652383327484e-08, 0, -1.0244548320770264e-08, 0.9433882236480713, 0.028457364067435265, 0.33046796917915344, 0.11681252717971802, 0.9039797782897949, -0.4113093316555023, -0.3104408085346222, 0.4266272485256195, 0.849479615688324),
            ["LowerTorso"] = CFrame.new(-0.0935622900724411, -0.14649033546447754, -0.02213740348815918, 0.988233208656311, -0.003606993705034256, -0.15291225910186768, 0.02095395140349865, 0.9934889674186707, 0.11198502779006958, 0.15151271224021912, -0.11387144029140472, 0.9818743467330933),
            ["RightLowerLeg"] = CFrame.new(-5.029141902923584e-08, -0.00012236833572387695, -0.00007747689232928678, 1, -9.685747670573619e-08, -4.097820749393577e-08, 8.568167686462402e-08, 0.71243816614151, 0.7017351984977722, -5.681067705154419e-08, -0.7017349600791931, 0.7124379277229309),
            ["LeftUpperLeg"] = CFrame.new(2.9802322387695312e-08, -4.66126948595047e-07, 7.450580596923828e-09, 0.995286762714386, -0.048106350004673004, -0.08420336991548538, -0.0009632582077756524, 0.8633400797843933, -0.5046215057373047, 0.09697143733501434, 0.5023244023323059, 0.8592246770858765),
            ["LeftLowerLeg"] = CFrame.new(2.9802322387695312e-08, 0.0001227855682373047, 0.00007734447717666626, 1, 5.5879340266073996e-08, 5.1222748709278676e-08, -5.401672353855247e-08, 0.6394222974777222, 0.7688559293746948, 2.7008361769276235e-08, -0.7688556909561157, 0.6394220590591431),
        }},
        {Time = 0.100, Data = {
            ["RightFoot"] = CFrame.new(-5.587935447692871e-09, 2.980232238769531e-07, -6.908521754667163e-08, 0.9800060987472534, 0.030066072940826416, -0.19668307900428772, -0.11963648349046707, 0.8789021968841553, -0.4617546796798706, 0.1589823067188263, 0.47605350613594055, 0.864926815032959),
            ["LeftLowerArm"] = CFrame.new(1.4901161193847656e-07, -1.1920928955078125e-07, -7.152557373046875e-07, 1, -7.729977369308472e-08, 1.6577541828155518e-07, 6.705522537231445e-08, -0.641815185546875, -0.7668594121932983, 1.564621925354004e-07, 0.7668594121932983, -0.6418151259422302),
            ["RightUpperArm"] = CFrame.new(-5.960464477539063e-08, 1.1920928955078125e-07, -3.725290298461914e-09, 0.8593434691429138, -0.31997084617614746, 0.3989330530166626, 0.48571261763572693, 0.2665456235408783, -0.8324882984161377, 0.16003799438476562, 0.9091601371765137, 0.38446804881095886),
            ["Head"] = CFrame.new(1.594889909029007e-08, 5.960464477539062e-07, -3.442983143031597e-08, 0.987635612487793, -0.029977768659591675, 0.15387409925460815, 0.06812559813261032, 0.9660923480987549, -0.2490474283695221, -0.14119067788124084, 0.25645095109939575, 0.9561894536018372),
            ["RightHand"] = CFrame.new(2.086162567138672e-07, -5.960464477539063e-08, 3.8743019104003906e-07, 0.9309188723564148, -0.20939987897872925, -0.29923561215400696, 0.1519835889339447, 0.9671120643615723, -0.20394901931285858, 0.3321012258529663, 0.1443810760974884, 0.9321281909942627),
            ["UpperTorso"] = CFrame.new(4.190951585769653e-09, -5.960464477539062e-07, 3.725290298461914e-09, 0.9899407625198364, 0.07649646699428558, -0.11902005225419998, -0.07662766426801682, 0.9970537424087524, 0.0034804693423211575, 0.11893562227487564, 0.005674784537404776, 0.9928857684135437),
            ["HumanoidRootPart"] = CFrame.new(0, 0, 0, 1, 0, 0, 0, 1, 0, 0, 0, 1),
            ["RightUpperLeg"] = CFrame.new(-5.960464477539063e-08, -3.003515303134918e-07, -3.149762051180005e-08, 0.999980628490448, -0.006226566154509783, -0.00016248684551101178, 0.005414319224655628, 0.8818484544754028, -0.47150179743766785, 0.003079043235629797, 0.4714917838573456, 0.8818650841712952),
            ["LeftUpperArm"] = CFrame.new(-1.1920928955078125e-07, 0, -2.9802322387695312e-08, 0.7366742491722107, 0.4764220714569092, 0.4799303114414215, -0.0018538678996264935, 0.7111159563064575, -0.7030723094940186, -0.6762452721595764, 0.5170455574989319, 0.5247440338134766),
            ["RightLowerArm"] = CFrame.new(-1.1920928955078125e-07, 1.1920928955078125e-07, -4.470348358154297e-08, 1, -1.5413387188800698e-07, 7.450579886381092e-08, 4.470348358154297e-08, -0.56411212682724, -0.8256981372833252, 1.4901161193847656e-07, 0.82569819688797, -0.5641121864318848),
            ["LeftHand"] = CFrame.new(-2.384185791015625e-07, 5.364418029785156e-07, -5.960464477539063e-08, 0.8308976888656616, 0.5497716665267944, 0.08579089492559433, -0.46711409091949463, 0.7729690074920654, -0.429328978061676, -0.3023466467857361, 0.31665435433387756, 0.8990643620491028),
            ["LeftFoot"] = CFrame.new(5.9371814131736755e-08, 5.960464477539063e-08, 1.1641532182693481e-08, 0.9581630229949951, 0.02752101607620716, 0.2848973274230957, 0.111643947660923, 0.880587637424469, -0.4605446755886078, -0.2635516822338104, 0.4730837345123291, 0.8406736850738525),
            ["LowerTorso"] = CFrame.new(-0.08805092424154282, -0.18481707572937012, -0.016249284148216248, 0.9917988777160645, -0.01672462560236454, -0.12670961022377014, 0.030938809737563133, 0.9933323860168457, 0.11105678975582123, 0.12400737404823303, -0.1140662431716919, 0.9857033491134644),
            ["RightLowerLeg"] = CFrame.new(-2.9802322387695312e-08, -0.00012230873107910156, -0.00007736513362033293, 1, -1.2665981330428622e-07, -6.89179060486822e-08, 1.2293459406009788e-07, 0.6424133777618408, 0.7663584351539612, -7.450581485102248e-09, -0.7663583159446716, 0.6424131989479065),
            ["LeftUpperLeg"] = CFrame.new(1.1920928955078125e-07, -2.4028122425079346e-07, 0, 0.9965963959693909, -0.0317583866417408, -0.07607374340295792, -0.015797879546880722, 0.8321334719657898, -0.5543500185012817, 0.0809086486697197, 0.5536653399467468, 0.8287996649742126),
            ["LeftLowerLeg"] = CFrame.new(1.4156103134155273e-07, 0.0001226663589477539, 0.00007737427949905396, 1, 5.5879347371501353e-08, 4.4703490686970326e-08, -5.587935447692871e-08, 0.5597546696662903, 0.8286585211753845, 3.073364496231079e-08, -0.8286583423614502, 0.5597546100616455),
        }},
        {Time = 0.133, Data = {
            ["RightFoot"] = CFrame.new(-4.6566128730773926e-09, 4.172325134277344e-07, 1.6952981241047382e-09, 0.9807594418525696, 0.05694734305143356, -0.18672990798950195, -0.13016603887081146, 0.9036133885383606, -0.40809184312820435, 0.1454918384552002, 0.4245466887950897, 0.8936403393745422),
            ["LeftLowerArm"] = CFrame.new(-6.556510925292969e-07, -2.980232238769531e-07, -2.086162567138672e-07, 1, -5.401671643312511e-08, 1.3969838619232178e-07, 8.754432201385498e-08, -0.5113534927368164, -0.8593705296516418, 1.2665987014770508e-07, 0.8593705296516418, -0.5113534927368164),
            ["RightUpperArm"] = CFrame.new(-5.960464477539063e-08, -8.344650268554688e-07, -7.82310962677002e-08, 0.7146295309066772, -0.3997899889945984, 0.5739970207214355, 0.6873897910118103, 0.24931275844573975, -0.6821573972702026, 0.12961480021476746, 0.8820495009422302, 0.45297765731811523),
            ["Head"] = CFrame.new(-8.847564458847046e-09, 4.76837158203125e-07, -6.059417501091957e-08, 0.9943915605545044, -0.04627319797873497, 0.09510098397731781, 0.06958750635385513, 0.9634064435958862, -0.25885453820228577, -0.0796428844332695, 0.2640206515789032, 0.9612232446670532),
            ["RightHand"] = CFrame.new(-5.066394805908203e-07, 5.960464477539063e-08, 3.129243850708008e-07, 0.9648067951202393, -0.07064560055732727, -0.2532927691936493, 0.027096807956695557, 0.9848182201385498, -0.17146101593971252, 0.261560320854187, 0.1585632860660553, 0.9520735144615173),
            ["UpperTorso"] = CFrame.new(-6.05359673500061e-09, -3.2782554626464844e-07, -1.1175870895385742e-08, 0.9923990368843079, 0.08974610269069672, -0.08420155197381973, -0.08706347644329071, 0.995587170124054, 0.03501560911536217, 0.08697247505187988, -0.027418583631515503, 0.9958333969116211),
            ["HumanoidRootPart"] = CFrame.new(0, 0, 0, 1, 0, 0, 0, 1, 0, 0, 0, 1),
            ["RightUpperLeg"] = CFrame.new(1.1920928955078125e-07, -6.076879799365997e-08, -3.149762051180005e-08, 0.9991983771324158, -0.017166603356599808, -0.03616451472043991, -0.0039547341875731945, 0.8566379547119141, -0.5159028768539429, 0.039836250245571136, 0.5156323909759521, 0.8558833599090576),
            ["LeftUpperArm"] = CFrame.new(0, -5.960464477539062e-07, -4.470348358154297e-08, 0.8929603695869446, 0.4498623311519623, 0.01567402295768261, -0.3685639500617981, 0.7506896257400513, -0.5482934713363647, -0.25842294096946716, 0.48382750153541565, 0.8361390829086304),
            ["RightLowerArm"] = CFrame.new(5.960464477539063e-08, 4.76837158203125e-07, -2.9802322387695312e-08, 1, -4.470348358154297e-08, 1.1920927533992653e-07, 4.4703490686970326e-08, -0.5463786721229553, -0.8375382423400879, 1.4901162614933128e-07, 0.8375383615493774, -0.5463787317276001),
            ["LeftHand"] = CFrame.new(2.2724270820617676e-07, -5.960464477539063e-08, 2.980232238769531e-07, 0.9649037718772888, 0.24679400026798248, -0.08974184840917587, -0.2623632848262787, 0.8913492560386658, -0.36967840790748596, -0.011243120767176151, 0.3802490234375, 0.924815833568573),
            ["LeftFoot"] = CFrame.new(-4.540197551250458e-09, -5.960464477539063e-08, 1.4901161193847656e-08, 0.9667492508888245, 0.021873556077480316, 0.25478920340538025, 0.10340820252895355, 0.877805233001709, -0.4677225649356842, -0.2338862419128418, 0.47851797938346863, 0.8463557958602905),
            ["LowerTorso"] = CFrame.new(-0.08191025257110596, -0.18735551834106445, -0.013643056154251099, 0.9945000410079956, -0.030663276091217995, -0.10014678537845612, 0.04092073440551758, 0.9939390420913696, 0.10203270614147186, 0.09641114622354507, -0.10556960850954056, 0.9897271990776062),
            ["RightLowerLeg"] = CFrame.new(-4.0978193283081055e-08, -0.00012254714965820312, -0.00007732788071734831, 1, -1.229345087949696e-07, -3.352762689701194e-08, 1.1175869474300271e-07, 0.572208821773529, 0.8201081156730652, 3.725289943190546e-08, -0.8201079368591309, 0.5722087621688843),
            ["LeftUpperLeg"] = CFrame.new(-1.1920928955078125e-07, 1.1641532182693481e-07, 0, 0.9958372116088867, -0.019068291410803795, -0.08913302421569824, -0.03404954820871353, 0.829259991645813, -0.5578249096870422, 0.08455117791891098, 0.5585377216339111, 0.8251586556434631),
            ["LeftLowerLeg"] = CFrame.new(1.6763806343078613e-08, 0.00012230873107910156, 0.00007752329111099243, 1, 4.563479905073109e-08, 2.1886082279820585e-08, -8.661299233381214e-08, 0.5490382313728333, 0.8357976078987122, 4.1909511416804435e-09, -0.8357972502708435, 0.5490376949310303),
        }},
        {Time = 0.167, Data = {
            ["RightFoot"] = CFrame.new(-1.4901161193847656e-08, 3.5762786865234375e-07, -5.790934665128589e-08, 0.9825695157051086, 0.09200523793697357, -0.16153132915496826, -0.14496161043643951, 0.9231961965560913, -0.3559422194957733, 0.11637643724679947, 0.3731539249420166, 0.920441746711731),
            ["LeftLowerArm"] = CFrame.new(-2.086162567138672e-07, 2.384185791015625e-07, -3.5762786865234375e-07, 1, -1.0430815677864302e-07, 1.6391268786719593e-07, 7.450579886381092e-08, -0.16134116053581238, -0.9868987202644348, 1.639127589214695e-07, 0.9868987798690796, -0.1613411158323288),
            ["RightUpperArm"] = CFrame.new(-1.7881393432617188e-07, 3.5762786865234375e-07, 7.450580596923828e-08, 0.43570730090141296, -0.42270198464393616, 0.7946586012840271, 0.8889639973640442, 0.34046560525894165, -0.30631086230278015, -0.14107578992843628, 0.8398847579956055, 0.5241101384162903),
            ["Head"] = CFrame.new(-2.2351741790771484e-08, 4.76837158203125e-07, 5.75091689825058e-08, 0.9969045519828796, -0.04889031499624252, 0.06157185882329941, 0.0634707435965538, 0.9626271724700928, -0.26328763365745544, -0.04639851674437523, 0.2663806974887848, 0.9627505540847778),
            ["RightHand"] = CFrame.new(5.066394805908203e-07, -1.7881393432617188e-07, 3.129243850708008e-07, 0.940659761428833, -0.31744277477264404, -0.1199558898806572, 0.28141725063323975, 0.9272485971450806, -0.24701111018657684, 0.18964079022407532, 0.19859574735164642, 0.9615592956542969),
            ["UpperTorso"] = CFrame.new(-1.6298145055770874e-08, -2.086162567138672e-07, -7.450580596923828e-09, 0.9968923330307007, 0.07566431909799576, -0.021925412118434906, -0.07392966002225876, 0.9947088956832886, 0.07133578509092331, 0.027206983417272568, -0.06949315220117569, 0.9972113966941833),
            ["HumanoidRootPart"] = CFrame.new(0, 0, 0, 1, 0, 0, 0, 1, 0, 0, 0, 1),
            ["RightUpperLeg"] = CFrame.new(-8.940696716308594e-08, -4.5192427933216095e-07, -1.6596459317952394e-08, 0.999484121799469, -0.02628716267645359, -0.01845359429717064, 0.0120468121021986, 0.8394432663917542, -0.5433141589164734, 0.02977299876511097, 0.542811393737793, 0.8393267393112183),
            ["LeftUpperArm"] = CFrame.new(5.960464477539063e-08, 3.5762786865234375e-07, -1.4901161193847656e-08, 0.7916731238365173, 0.4678662121295929, -0.3928804099559784, -0.5861575603485107, 0.7629880309104919, -0.27252262830734253, 0.17225901782512665, 0.4460386335849762, 0.8782803416252136),
            ["RightLowerArm"] = CFrame.new(1.7881393432617188e-07, 4.76837158203125e-07, -2.384185791015625e-07, 1, -4.4703469370688254e-08, 9.685750512744562e-08, 8.940698137394065e-08, -0.43735644221305847, -0.8992882370948792, 1.1920930376163597e-07, 0.8992882370948792, -0.4373563826084137),
            ["LeftHand"] = CFrame.new(5.960464477539063e-08, -2.980232238769531e-07, 3.5762786865234375e-07, 0.9731177687644958, 0.08864911645650864, -0.2125636339187622, -0.17089219391345978, 0.8966671228408813, -0.4083921015262604, 0.154395192861557, 0.4337390065193176, 0.8877120018005371),
            ["LeftFoot"] = CFrame.new(-2.3283064365386963e-10, 1.7881393432617188e-07, -1.7695128917694092e-08, 0.9703744649887085, 0.011164281517267227, 0.2413482964038849, 0.10444238036870956, 0.8813908100128174, -0.4606970548629761, -0.2178654968738556, 0.47225597500801086, 0.8541131019592285),
            ["LowerTorso"] = CFrame.new(-0.07724538445472717, -0.17022085189819336, -0.017571114003658295, 0.9921585321426392, -0.02799539640545845, -0.12181012332439423, 0.0378551185131073, 0.9961240291595459, 0.0793972834944725, 0.11911522597074509, -0.08338583260774612, 0.989372730255127),
            ["RightLowerLeg"] = CFrame.new(-3.725290298461914e-08, -0.00012242794036865234, -0.00007742473826510832, 1, -1.3969832934890292e-07, -2.60770320892334e-08, 9.685753354915505e-08, 0.5268977284431458, 0.8499282598495483, -1.1548398504146462e-07, -0.8499286770820618, 0.5268983840942383),
            ["LeftUpperLeg"] = CFrame.new(-5.960464477539063e-08, 9.778887033462524e-08, 7.450580596923828e-09, 0.9978668093681335, -0.00007256866956595331, -0.06528317928314209, -0.03310108557343483, 0.8613594174385071, -0.506916344165802, 0.056269027292728424, 0.5079960227012634, 0.8595196604728699),
            ["LeftLowerLeg"] = CFrame.new(-3.073364496231079e-08, 0.0001226663589477539, 0.00007745623588562012, 1, 6.891784920526334e-08, 4.610047810160722e-08, -9.220093488693237e-08, 0.5920248031616211, 0.8059199452400208, 4.6566128730773926e-09, -0.8059197068214417, 0.592024564743042),
        }},
        {Time = 0.200, Data = {
            ["RightFoot"] = CFrame.new(-5.3085386753082275e-08, 2.980232238769531e-07, -5.75528247281909e-09, 0.9852312803268433, 0.1339130401611328, -0.10670871287584305, -0.15913887321949005, 0.9461323618888855, -0.28197214007377625, 0.06320077925920486, 0.2947899103164673, 0.95346999168396),
            ["LeftLowerArm"] = CFrame.new(-2.384185791015625e-07, 2.980232238769531e-07, -3.46451997756958e-07, 1, -9.685753354915505e-08, 1.1920926112907182e-07, 8.195640788244418e-08, 0.10455140471458435, -0.9945195317268372, 1.098960922263359e-07, 0.9945194721221924, 0.10455141961574554),
            ["RightUpperArm"] = CFrame.new(1.1920928955078125e-07, -1.1920928955078125e-07, 8.195638656616211e-08, 0.2934315800666809, -0.3789881467819214, 0.8776480555534363, 0.8821988105773926, 0.4610128402709961, -0.09587737917900085, -0.3682705760002136, 0.80239337682724, 0.469618558883667),
            ["Head"] = CFrame.new(1.7695128917694092e-08, 3.5762786865234375e-07, -1.3329554349184036e-08, 0.9972088932991028, -0.04289199411869049, 0.06111328676342964, 0.05756096541881561, 0.9629710912704468, -0.2633885145187378, -0.04755306988954544, 0.2661711573600769, 0.9627521634101868),
            ["RightHand"] = CFrame.new(-6.854534149169922e-07, 1.1920928955078125e-07, 1.341104507446289e-07, 0.9476925730705261, -0.3159330487251282, 0.04544294998049736, 0.31693580746650696, 0.9145591855049133, -0.2512635588645935, 0.03782210871577263, 0.2525230944156647, 0.9668514132499695),
            ["UpperTorso"] = CFrame.new(-1.862645149230957e-09, -1.4901161193847656e-07, -5.587935447692871e-09, 0.997894287109375, 0.054179832339286804, 0.03566062077879906, -0.05773811787366867, 0.9924978017807007, 0.10777045786380768, -0.029554083943367004, -0.10960248112678528, 0.9935360550880432),
            ["HumanoidRootPart"] = CFrame.new(0, 0, 0, 1, 0, 0, 0, 1, 0, 0, 0, 1),
            ["RightUpperLeg"] = CFrame.new(-2.9802322387695312e-08, -1.7881393432617188e-07, 3.55576048605144e-08, 0.9991644024848938, -0.04019151255488396, 0.00742940790951252, 0.03716941177845001, 0.8179003596305847, -0.5741580128669739, 0.016999922692775726, 0.5739545822143555, 0.8187108039855957),
            ["LeftUpperArm"] = CFrame.new(-1.1920928955078125e-07, 1.1920928955078125e-07, 0, 0.7756081223487854, 0.5153701901435852, -0.36445245146751404, -0.5925499796867371, 0.7934459447860718, -0.13902534544467926, 0.2175237536430359, 0.3237854540348053, 0.9207857251167297),
            ["RightLowerArm"] = CFrame.new(2.980232238769531e-07, -2.980232238769531e-07, 2.9802322387695312e-08, 1, -7.450579886381092e-08, 7.450577044210149e-08, 4.470347647611561e-08, -0.2695019543170929, -0.9629998803138733, 1.2293456563838845e-07, 0.9629998207092285, -0.2695019841194153),
            ["LeftHand"] = CFrame.new(5.960464477539063e-08, 2.384185791015625e-07, -1.1920928955078125e-07, 0.9629763960838318, -0.260390967130661, -0.06980640441179276, 0.20079633593559265, 0.8655712008476257, -0.45876744389533997, 0.17988133430480957, 0.4277653694152832, 0.8858100175857544),
            ["LeftFoot"] = CFrame.new(8.055940270423889e-08, -1.1920928955078125e-07, -3.259629011154175e-09, 0.9686270952224731, -0.0049592903815209866, 0.24846896529197693, 0.1201983392238617, 0.8844307065010071, -0.4509263336658478, -0.21751756966114044, 0.4666452705860138, 0.8572797775268555),
            ["LowerTorso"] = CFrame.new(-0.07435671985149384, -0.14922404289245605, -0.02525240182876587, 0.9863067269325256, -0.02373473159968853, -0.16320456564426422, 0.03216101974248886, 0.9982718825340271, 0.04918317124247551, 0.16175517439842224, -0.053758516907691956, 0.9853655695915222),
            ["RightLowerLeg"] = CFrame.new(-7.450580596923828e-08, -0.00012230873107910156, -0.000077309254265856, 1, -1.0244544768056585e-07, -7.07805440924858e-08, 1.0803339023368608e-07, 0.48059242963790894, 0.8769440054893494, -6.705521116145974e-08, -0.8769440650939941, 0.4805925488471985),
            ["LeftUpperLeg"] = CFrame.new(5.960464477539063e-08, -5.583278834819794e-07, -1.4901161193847656e-08, 0.9992839694023132, 0.01455298438668251, -0.034925058484077454, -0.028244439512491226, 0.9011192917823792, -0.43265002965927124, 0.025175344198942184, 0.4333270192146301, 0.9008852243423462),
            ["LeftLowerLeg"] = CFrame.new(5.3551048040390015e-08, 0.0001226663589477539, 0.00007735937833786011, 1, 2.5611361920141462e-08, 6.239863381551913e-08, -8.149072527885437e-08, 0.6452100872993469, 0.7640055418014526, 2.584420144557953e-08, -0.7640052437782288, 0.6452098488807678),
        }},
        {Time = 0.233, Data = {
            ["RightFoot"] = CFrame.new(-4.0046870708465576e-08, 2.980232238769531e-07, 3.5222910810261965e-08, 0.9896448254585266, 0.14350417256355286, 0.0031236845534294844, -0.14015178382396698, 0.9707680344581604, -0.19485034048557281, -0.030994167551398277, 0.19239531457424164, 0.980828046798706),
            ["LeftLowerArm"] = CFrame.new(5.960464477539063e-08, -2.384185791015625e-07, -2.384185791015625e-07, 1, -1.1920930376163597e-07, 6.146727571376687e-08, 6.705522537231445e-08, 0.21818704903125763, -0.975907027721405, 5.21540641784668e-08, 0.9759069681167603, 0.21818703413009644),
            ["RightUpperArm"] = CFrame.new(-1.1920928955078125e-07, 0, 5.960464477539063e-08, 0.30585145950317383, -0.3513840436935425, 0.8848639130592346, 0.8499698042869568, 0.5195163488388062, -0.08748772740364075, -0.4289594888687134, 0.7788658738136292, 0.45756059885025024),
            ["Head"] = CFrame.new(9.313225746154785e-09, 3.5762786865234375e-07, 2.6542693376541138e-08, 0.9968433380126953, -0.031081898137927055, 0.07305752485990524, 0.04955489933490753, 0.9625153541564941, -0.2666618227958679, -0.06203063204884529, 0.26944053173065186, 0.9610171914100647),
            ["RightHand"] = CFrame.new(-1.1920928955078125e-07, 0, 5.066394805908203e-07, 0.9590170383453369, -0.21354326605796814, 0.18624097108840942, 0.25816142559051514, 0.9294190406799316, -0.2636910676956177, -0.11678647994995117, 0.30096444487571716, 0.9464573264122009),
            ["UpperTorso"] = CFrame.new(-2.7939677238464355e-08, -3.2782554626464844e-07, 3.725290298461914e-09, 0.9966809153556824, 0.03431910648941994, 0.07382023334503174, -0.04420536011457443, 0.9896170496940613, 0.13676290214061737, -0.06836019456386566, -0.13957223296165466, 0.9878494739532471),
            ["HumanoidRootPart"] = CFrame.new(0, 0, 0, 1, 0, 0, 0, 1, 0, 0, 0, 1),
            ["RightUpperLeg"] = CFrame.new(-1.1920928955078125e-07, 1.050066202878952e-07, -2.9634975362569094e-08, 0.9965469241142273, -0.0810631811618805, -0.017977170646190643, 0.05420686677098274, 0.7991580367088318, -0.5986717939376831, 0.06289681047201157, 0.5956301093101501, 0.8007927536964417),
            ["LeftUpperArm"] = CFrame.new(-1.1920928955078125e-07, -1.1920928955078125e-07, 5.21540641784668e-08, 0.7723093628883362, 0.5449877977371216, -0.3263842463493347, -0.5906907320022583, 0.8051334023475647, -0.05333640053868294, 0.23371510207653046, 0.23398442566394806, 0.9437312483787537),
            ["RightLowerArm"] = CFrame.new(3.5762786865234375e-07, 5.960464477539062e-07, 1.9371509552001953e-07, 1, -9.313224325069314e-08, 7.450579175838357e-08, 5.960465188081798e-08, -0.07388090342283249, -0.9972670674324036, 9.126962652317161e-08, 0.9972670674324036, -0.07388097047805786),
            ["LeftHand"] = CFrame.new(1.7881393432617188e-07, -1.1920928955078125e-07, -2.2724270820617676e-07, 0.977056622505188, -0.1762576550245285, -0.1195564717054367, 0.12694057822227478, 0.9326838254928589, -0.3376195430755615, 0.17101643979549408, 0.31469687819480896, 0.9336590766906738),
            ["LeftFoot"] = CFrame.new(-4.9069058150053024e-08, 1.1920928955078125e-07, -1.1175870895385742e-08, 0.9690308570861816, -0.02143004909157753, 0.24600854516029358, 0.1320343315601349, 0.8868292570114136, -0.4428323805332184, -0.2086775302886963, 0.46160000562667847, 0.8621945381164551),
            ["LowerTorso"] = CFrame.new(-0.07336673885583878, -0.1334216594696045, -0.03321262076497078, 0.9808756709098816, -0.024008765816688538, -0.19314894080162048, 0.029094157740473747, 0.9992995858192444, 0.02353522554039955, 0.19244858622550964, -0.028704630210995674, 0.980887234210968),
            ["RightLowerLeg"] = CFrame.new(2.9802322387695312e-08, -0.00012224912643432617, -0.00007749924407107756, 1, -1.1548398504146462e-07, -9.313229298868464e-08, 1.4901162614933128e-07, 0.4528997838497162, 0.8915613293647766, -4.842878098543224e-08, -0.8915614485740662, 0.4529000520706177),
            ["LeftUpperLeg"] = CFrame.new(-1.7881393432617188e-07, -3.4691765904426575e-08, 2.421438694000244e-08, 0.9996113181114197, 0.027329731732606888, -0.005508169066160917, -0.027425995096564293, 0.9284865260124207, -0.37035199999809265, -0.005007506813853979, 0.37035927176475525, 0.928875207901001),
            ["LeftLowerLeg"] = CFrame.new(-2.0372681319713593e-08, 0.0001227855682373047, 0.00007738173007965088, 1, 7.520426947849046e-08, 1.2631064194579267e-08, -6.344634329025212e-08, 0.685122549533844, 0.728428065776825, 5.1339149820250896e-08, -0.7284279465675354, 0.6851222515106201),
        }},
        {Time = 0.267, Data = {
            ["RightFoot"] = CFrame.new(1.6763806343078613e-08, 1.7881393432617188e-07, 4.639878170564771e-08, 0.9877796173095703, 0.14871405065059662, 0.046644020825624466, -0.13797998428344727, 0.9735687971115112, -0.18200401961803436, -0.07247767597436905, 0.17334410548210144, 0.9821909666061401),
            ["LeftLowerArm"] = CFrame.new(1.1920928955078125e-07, 1.1920928955078125e-07, -2.980232238769531e-07, 1, -7.450580596923828e-08, 9.685753354915505e-08, 1.1920928955078125e-07, 0.16747616231441498, -0.985876202583313, 8.195638656616211e-08, 0.9858761429786682, 0.16747616231441498),
            ["RightUpperArm"] = CFrame.new(-2.384185791015625e-07, -4.76837158203125e-07, -1.4901161193847656e-08, 0.433870792388916, -0.3460744321346283, 0.8318586945533752, 0.826942503452301, 0.5194798707962036, -0.21518994867801666, -0.3576622009277344, 0.7812638282775879, 0.5115706920623779),
            ["Head"] = CFrame.new(-1.862645149230957e-08, 4.76837158203125e-07, -5.681067705154419e-08, 0.9964620471000671, -0.01931327022612095, 0.08179536461830139, 0.041006796061992645, 0.9612556099891663, -0.2725914418697357, -0.07336162030696869, 0.27498123049736023, 0.9586466550827026),
            ["RightHand"] = CFrame.new(-3.2782554626464844e-07, 1.1920928955078125e-07, -5.960464477539063e-08, 0.9349527359008789, -0.24680188298225403, 0.25485754013061523, 0.3136677145957947, 0.9106942415237427, -0.26879096031188965, -0.16575926542282104, 0.33124735951423645, 0.9288697838783264),
            ["UpperTorso"] = CFrame.new(-2.1420419216156006e-08, -3.5762786865234375e-07, 7.043126970529556e-09, 0.9961556196212769, 0.031887441873550415, 0.08159268647432327, -0.04386410117149353, 0.9877896308898926, 0.14949116110801697, -0.07582950592041016, -0.15249541401863098, 0.985390841960907),
            ["HumanoidRootPart"] = CFrame.new(0, 0, 0, 1, 0, 0, 0, 1, 0, 0, 0, 1),
            ["RightUpperLeg"] = CFrame.new(1.1920928955078125e-07, -4.9942173063755035e-08, -2.072920324280858e-08, 0.994719386100769, -0.09566754847764969, -0.03716399520635605, 0.05613833665847778, 0.8103068470954895, -0.5833109021186829, 0.08591816574335098, 0.5781440734863281, 0.8113983273506165),
            ["LeftUpperArm"] = CFrame.new(-1.1920928955078125e-07, -4.76837158203125e-07, -4.470348358154297e-08, 0.8129605650901794, 0.5435184836387634, -0.20900443196296692, -0.5819050073623657, 0.7717809081077576, -0.25639957189559937, 0.021947691217064857, 0.3300634026527405, 0.9437035918235779),
            ["RightLowerArm"] = CFrame.new(1.7881393432617188e-07, 2.384185791015625e-07, -4.470348358154297e-08, 1, -1.2479722499847412e-07, 5.960465188081798e-08, 7.450581307466564e-08, 0.1434078812599182, -0.9896637201309204, 1.1175872316471214e-07, 0.9896637201309204, 0.14340777695178986),
            ["LeftHand"] = CFrame.new(-8.940696716308594e-08, -5.960464477539063e-08, 5.811452865600586e-07, 0.9430864453315735, -0.1772252470254898, -0.2813882827758789, 0.10810691863298416, 0.9635874032974243, -0.2445654720067978, 0.3144853711128235, 0.200226292014122, 0.9279054403305054),
            ["LeftFoot"] = CFrame.new(-2.7604983188211918e-08, -1.7881393432617188e-07, -2.2351741790771484e-08, 0.9734347462654114, -0.03017842210829258, 0.22696761786937714, 0.13060441613197327, 0.8873778581619263, -0.44215744733810425, -0.18806225061416626, 0.46005427837371826, 0.867745578289032),
