return {
    ["The Poser"] = {
        {Time = 0.000, Data = {
            ["RightFoot"] = CFrame.new(-9.220093488693237e-08, -2.980232238769531e-07, 2.4756445782259107e-07, 0.9821451306343079, -0.0564461313188076, 0.1794573962688446, -0.16740907728672028, 0.17293602228164673, 0.9706014394760132, -0.08582130074501038, -0.9833142757415771, 0.16039900481700897),
            ["LeftLowerArm"] = CFrame.new(5.960464477539062e-07, 1.1920928955078125e-07, 8.344650268554688e-07, 1, -1.0430814256778831e-07, 1.4156103134155273e-07, 0, -0.32998546957969666, -0.9439861178398132, 1.9371509552001953e-07, 0.9439859986305237, -0.32998543977737427),
            ["RightUpperArm"] = CFrame.new(1.1920928955078125e-07, 2.384185791015625e-07, 0, 0.15233129262924194, -0.8365380764007568, 0.526307225227356, 0.9715625047683716, 0.22442243993282318, 0.07550451904535294, -0.18127748370170593, 0.49983862042427063, 0.8469356298446655),
            ["Head"] = CFrame.new(1.1548399925231934e-07, 4.76837158203125e-07, -1.341104507446289e-07, 0.9984560012817383, -0.013394329696893692, -0.05391032248735428, 0.047037865966558456, 0.7201172113418579, 0.6922563910484314, 0.029549457132816315, -0.693723201751709, 0.7196352481842041),
            ["LowerTorso"] = CFrame.new(8.248215675354004, -0.3849334716796875, 0.015012916177511215, 0.004809777718037367, 0.8717209696769714, 0.4899790585041046, 0.2481229454278946, 0.4736214578151703, -0.8450548648834229, -0.9687166213989258, 0.12563958764076233, -0.21401597559452057),
            ["UpperTorso"] = CFrame.new(3.3527612686157227e-08, -3.5762786865234375e-07, -3.2782554626464844e-07, 1, -2.14320607483387e-07, 1.41095370054245e-07, 8.66129994392395e-08, 0.7715651392936707, 0.6361503601074219, -2.3399479687213898e-07, -0.6361503601074219, 0.7715651392936707),
            ["HumanoidRootPart"] = CFrame.new(0, 0, 0, 1, 0, 0, 0, 1, 0, 0, 0, 1),
            ["RightUpperLeg"] = CFrame.new(5.960464477539063e-08, 0.0000013969838619232178, 2.665256033651531e-07, 0.9587163329124451, -0.28172773122787476, -0.038633495569229126, -0.0017214012332260609, 0.13010692596435547, -0.9914985299110413, 0.2843589782714844, 0.9506322741508484, 0.12425050884485245),
            ["LeftUpperArm"] = CFrame.new(5.960464477539063e-08, 3.5762786865234375e-07, 7.525086402893066e-07, 0.5847830176353455, 0.6881433725357056, -0.42952027916908264, -0.7950880527496338, 0.5912073850631714, -0.13531024754047394, 0.16082262992858887, 0.4206334948539734, 0.8928625583648682),
            ["RightLowerArm"] = CFrame.new(-3.5762786865234375e-07, -1.1920928955078125e-07, 2.980232238769531e-07, 1, -7.636844401304188e-08, 1.3783575525394554e-07, 3.725289943190546e-08, -0.5265063643455505, -0.8501710891723633, 1.0803340444454079e-07, 0.8501711487770081, -0.5265065431594849),
            ["LeftHand"] = CFrame.new(4.76837158203125e-07, -8.344650268554688e-07, 5.960464477539062e-07, 0.6768195629119873, -0.6831321120262146, 0.2743094265460968, 0.7358428835868835, 0.6170687079429626, -0.27885788679122925, 0.021228907629847527, 0.39058515429496765, 0.9203220009803772),
            ["LeftFoot"] = CFrame.new(1.7881393432617188e-07, 3.5762786865234375e-07, -1.4901161193847656e-08, 0.9997308850288391, -0.020429378375411034, -0.01099634449928999, 0.020550444722175598, 0.5597612261772156, 0.8283990025520325, -0.010768383741378784, -0.8284021019935608, 0.560030460357666),
            ["RightHand"] = CFrame.new(-2.3469328880310059e-07, -1.1920928955078125e-07, 4.76837158203125e-07, 0.6692036390304565, 0.6128627061843872, 0.4201975166797638, -0.705894410610199, 0.7009561061859131, 0.10185016691684723, -0.2321200966835022, -0.36477380990982056, 0.9016988277435303),
            ["RightLowerLeg"] = CFrame.new(2.2351741790771484e-07, -0.00006079673767089844, -0.00007262283907039091, 1, -7.584458927567539e-08, -3.14321368932724e-08, 1.1175872316471214e-07, 0.7675027251243591, 0.641045331954956, -4.2491596019544886e-08, -0.6410457491874695, 0.7675030827522278),
            ["LeftUpperLeg"] = CFrame.new(2.9802322387695312e-08, -2.384185791015625e-07, -8.717179298400879e-07, 0.9130917191505432, 0.19215860962867737, 0.3596366345882416, 0.3981735110282898, -0.23012393712997437, -0.8879757523536682, -0.08787114173173904, 0.9540010690689087, -0.2866366505622864),
            ["LeftLowerLeg"] = CFrame.new(1.7881393432617188e-07, 0.00006175041198730469, 0.0000727623701095581, 1, 3.91155481338501e-08, 6.705523247774181e-08, -1.341104507446289e-07, 0.04212971404194832, 0.9991122484207153, 8.568167686462402e-08, -0.9991121888160706, 0.04212957248091698),
        }},
        {Time = 0.033, Data = {
            ["RightFoot"] = CFrame.new(-2.682209014892578e-07, 5.364418029785156e-07, -1.1751399142667651e-07, 0.9774572849273682, -0.035971205681562424, 0.20804664492607117, -0.16708314418792725, 0.4706215560436249, 0.8663708567619324, -0.12907558679580688, -0.8816016912460327, 0.4540024399757385),
            ["LeftLowerArm"] = CFrame.new(-4.172325134277344e-07, 3.5762786865234375e-07, -0.0000011324882507324219, 1, -8.381903171539307e-08, 1.057050980080021e-07, 1.685693717945469e-07, -0.3296118378639221, -0.9441165328025818, 1.247972107876194e-07, 0.9441165924072266, -0.3296118378639221),
            ["RightUpperArm"] = CFrame.new(2.384185791015625e-07, 0, -7.152557373046875e-07, 0.15273739397525787, -0.8362602591514587, 0.526630699634552, 0.9716911911964417, 0.2242661714553833, 0.07430460304021835, -0.18024329841136932, 0.5003733038902283, 0.8468405604362488),
            ["Head"] = CFrame.new(-5.960464477539063e-08, 1.1920928955078125e-07, -6.258487701416016e-07, 0.9984545707702637, -0.013011522591114044, -0.054029300808906555, 0.04683845117688179, 0.7202700972557068, 0.6921106576919556, 0.02991028130054474, -0.6935718059539795, 0.7197663187980652),
            ["LowerTorso"] = CFrame.new(7.928121089935303, 0.17136716842651367, 0.2100672870874405, -0.6950687766075134, 0.04059774801135063, 0.7177960276603699, -0.19666293263435364, 0.9495881795883179, -0.2441437542438507, -0.6915223002433777, -0.3108605742454529, -0.6520450115203857),
            ["UpperTorso"] = CFrame.new(-7.227063179016113e-07, 2.384185791015625e-07, -1.341104507446289e-07, 1, 0.000030241910280892625, -0.00011792035365942866, 0.00005152263474883512, 0.7724679708480835, 0.635053813457489, 0.00011013822222594172, -0.6350538730621338, 0.7724679708480835),
            ["HumanoidRootPart"] = CFrame.new(0, 0, 0, 1, 0, 0, 0, 1, 0, 0, 0, 1),
            ["RightUpperLeg"] = CFrame.new(-8.344650268554688e-07, 1.3783574104309082e-07, -2.848173608072102e-07, 0.9540560841560364, -0.29911017417907715, -0.017614342272281647, 0.005653230007737875, 0.0767463892698288, -0.9970346093177795, 0.2995750904083252, 0.9511272311210632, 0.07491128146648407),
            ["LeftUpperArm"] = CFrame.new(1.1920928955078125e-07, 0, -7.748603820800781e-07, 0.5848022103309631, 0.6877337098121643, -0.4301495850086212, -0.7950531244277954, 0.5911540389060974, -0.13574859499931335, 0.16092579066753387, 0.4213777780532837, 0.892492949962616),
            ["RightLowerArm"] = CFrame.new(-2.9802322387695312e-08, 2.384185791015625e-07, -2.9802322387695312e-08, 1, -6.519256601222878e-08, 1.7136336794010276e-07, 3.725290298461914e-09, -0.5256009697914124, -0.8507312536239624, 1.9371509552001953e-07, 0.8507312536239624, -0.5256010890007019),
            ["LeftHand"] = CFrame.new(-8.940696716308594e-08, -8.344650268554688e-07, -2.9802322387695312e-08, 0.6777677536010742, -0.6826646327972412, 0.2731298506259918, 0.7349436283111572, 0.6178157329559326, -0.27957403659820557, 0.022111311554908752, 0.3902212977409363, 0.9204555153846741),
            ["LeftFoot"] = CFrame.new(1.4901161193847656e-07, 2.384185791015625e-07, -1.1920928955078125e-07, 0.9997180104255676, -0.02091304212808609, -0.011254758574068546, 0.021033676341176033, 0.5596219301223755, 0.828481137752533, -0.011027769185602665, -0.8284841179847717, 0.5599039793014526),
            ["RightHand"] = CFrame.new(-9.313225746154785e-08, 1.7881393432617188e-07, -1.7136335372924805e-07, 0.6701656579971313, 0.6121894717216492, 0.41964563727378845, -0.7050889134407043, 0.701690673828125, 0.10236916691064835, -0.2317923754453659, -0.36449185013771057, 0.9018969535827637),
            ["RightLowerLeg"] = CFrame.new(-3.427267074584961e-07, -0.00006008148193359375, -0.00007246637687785551, 1, -1.7881389169360773e-07, -1.1175870895385742e-07, 6.332993507385254e-08, 0.6825708150863647, 0.7308191657066345, -2.9802322387695312e-08, -0.7308194041252136, 0.6825712323188782),
            ["LeftUpperLeg"] = CFrame.new(-0.0000016689300537109375, 1.341104507446289e-07, -7.748603820800781e-07, 0.9135242700576782, 0.19102850556373596, 0.3591401278972626, 0.3971615731716156, -0.22795221209526062, -0.8889885544776917, -0.08795534819364548, 0.9547491073608398, -0.2841090261936188),
            ["LeftLowerLeg"] = CFrame.new(-8.344650268554688e-07, 0.00006091594696044922, 0.00007183849811553955, 1, 1.4901159772762185e-07, 7.450581307466564e-08, -1.2665985593685036e-07, 0.04364284500479698, 0.9990472793579102, 7.450579886381092e-08, -0.9990472197532654, 0.043642688542604446),
        }},
        {Time = 0.067, Data = {
            ["RightFoot"] = CFrame.new(4.172325134277344e-07, 4.172325134277344e-07, -4.267130861990154e-07, 0.9724255800247192, -0.0025156449992209673, 0.2332000732421875, -0.15447206795215607, 0.7421913146972656, 0.6521428227424622, -0.17471961677074432, -0.6701834201812744, 0.7213373184204102),
            ["LeftLowerArm"] = CFrame.new(7.152557373046875e-07, 1.1920928955078125e-07, -2.905726432800293e-07, 1, -4.470348358154297e-08, 1.3783575525394554e-07, 5.960464477539063e-08, -0.329054057598114, -0.9443110823631287, 1.0035000741481781e-07, 0.9443110823631287, -0.3290541172027588),
            ["RightUpperArm"] = CFrame.new(-1.1920928955078125e-07, 0, 0, 0.15344078838825226, -0.8357971906661987, 0.5271614193916321, 0.9719170928001404, 0.22397267818450928, 0.07220543920993805, -0.17841891944408417, 0.5012778639793396, 0.8466920256614685),
            ["Head"] = CFrame.new(-1.1920928955078125e-07, 0, 2.384185791015625e-07, 0.9984479546546936, -0.012346656993031502, -0.0543082021176815, 0.04654235020279884, 0.7205216884613037, 0.6918688416481018, 0.030587900429964066, -0.6933225393295288, 0.7199779152870178),
            ["LowerTorso"] = CFrame.new(7.517997741699219, 0.6541862487792969, 0.015462666749954224, -0.5387380719184875, -0.8256469964981079, 0.16753613948822021, -0.8112925291061401, 0.5620385408401489, 0.160987988114357, -0.22708101570606232, -0.049190450459718704, -0.9726328253746033),
            ["UpperTorso"] = CFrame.new(3.608874976634979e-08, 2.086162567138672e-07, -1.3969838619232178e-09, 1, 0.00002664327621459961, -0.00025072693824768066, 0.00013819988816976547, 0.7739567160606384, 0.6332385540008545, 0.00021091103553771973, -0.6332384943962097, 0.7739566564559937),
            ["HumanoidRootPart"] = CFrame.new(0, 0, 0, 1, 0, 0, 0, 1, 0, 0, 0, 1),
            ["RightUpperLeg"] = CFrame.new(-1.1920928955078125e-07, 9.21543687582016e-07, 1.1751399142667651e-07, 0.9480286836624146, -0.31811922788619995, 0.006465585436671972, 0.01380404457449913, 0.020819002762436867, -0.9996880292892456, 0.31788545846939087, 0.947822093963623, 0.02412821725010872),
            ["LeftUpperArm"] = CFrame.new(1.1920928955078125e-07, -1.1920928955078125e-07, 3.5762786865234375e-07, 0.5848368406295776, 0.687018632888794, -0.43124401569366455, -0.795000433921814, 0.5910372734069824, -0.136562779545784, 0.16106010973453522, 0.42270609736442566, 0.891840398311615),
            ["RightLowerArm"] = CFrame.new(1.7881393432617188e-07, -2.980232238769531e-07, -2.1280720829963684e-07, 1, -3.725289587919178e-08, 6.705523247774181e-08, 9.313224325069314e-08, -0.5240030288696289, -0.8517163991928101, 1.1487280460187321e-07, 0.8517165184020996, -0.5240032076835632),
            ["LeftHand"] = CFrame.new(0, 3.5762786865234375e-07, -4.76837158203125e-07, 0.679388701915741, -0.6818825006484985, 0.27104851603507996, 0.7333971858024597, 0.619102954864502, -0.2807847559452057, 0.023655317723751068, 0.3895482122898102, 0.920702338218689),
            ["LeftFoot"] = CFrame.new(-9.08970832824707e-07, -5.960464477539063e-08, 2.682209014892578e-07, 0.9996946454048157, -0.021752791479229927, -0.01172388531267643, 0.02189013361930847, 0.5594375133514404, 0.8285833597183228, -0.011465035378932953, -0.8285870552062988, 0.5597429275512695),
            ["RightHand"] = CFrame.new(-3.8743019104003906e-07, 1.7881393432617188e-07, 1.1920928955078125e-07, 0.6718237400054932, 0.6110761165618896, 0.41861581802368164, -0.7037385106086731, 0.7029023766517639, 0.10334373265504837, -0.23109538853168488, -0.3640249967575073, 0.9022642970085144),
            ["RightLowerLeg"] = CFrame.new(-6.854534149169922e-07, -0.00006073713302612305, -0.0000722493787179701, 1, -1.9371509552001953e-07, 3.9115558791991134e-08, 1.043081283569336e-07, 0.5745371580123901, 0.8184782862663269, -4.284083843231201e-08, -0.818478524684906, 0.5745373964309692),
            ["LeftUpperLeg"] = CFrame.new(-1.1920928955078125e-07, 9.89530235528946e-07, 3.2782554626464844e-07, 0.91423499584198, 0.1891954243183136, 0.35830071568489075, 0.3954867124557495, -0.22436214983463287, -0.8906469941139221, -0.08811722695827484, 0.9559638500213623, -0.2799440026283264),
            ["LeftLowerLeg"] = CFrame.new(4.172325134277344e-07, 0.00006127357482910156, 0.00007258355617523193, 1, 1.192093321833454e-07, 7.450581485102248e-09, -1.0430815677864302e-07, 0.04586309194564819, 0.9989477396011353, 1.0430815677864302e-07, -0.99894779920578, 0.045863259583711624),
        }},
        {Time = 0.100, Data = {
            ["RightFoot"] = CFrame.new(1.6391277313232422e-07, 1.1920928955078125e-07, -6.535992724820971e-08, 0.968410074710846, 0.0363159142434597, 0.24670404195785522, -0.13367216289043427, 0.9107852578163147, 0.39064350724220276, -0.21050827205181122, -0.4112803637981415, 0.8868680000305176),
            ["LeftLowerArm"] = CFrame.new(0, 6.556510925292969e-07, 1.7881393432617188e-07, 1, -1.5273694486950262e-07, 1.266598843585598e-07, 1.4156101713069802e-07, -0.329019695520401, -0.9443231821060181, 4.8428766774577525e-08, 0.9443231225013733, -0.3290196657180786),
            ["RightUpperArm"] = CFrame.new(3.5762786865234375e-07, 0, -3.2782554626464844e-07, 0.15356040000915527, -0.8356801867485046, 0.5273118615150452, 0.9719597101211548, 0.22391459345817566, 0.07181040197610855, -0.1780833899974823, 0.5014985799789429, 0.8466318249702454),
            ["Head"] = CFrame.new(2.980232238769531e-07, 1.1920928955078125e-07, -2.384185791015625e-07, 0.9984486103057861, -0.012289822101593018, -0.05430843308568001, 0.04649955406785011, 0.7205695509910583, 0.691821813583374, 0.03063061088323593, -0.6932737231254578, 0.7200230956077576),
            ["LowerTorso"] = CFrame.new(6.760969638824463, 0.9058032035827637, -0.0006793523789383471, -0.05715420842170715, -0.8502334952354431, -0.5232937932014465, -0.9767581224441528, -0.06083798035979271, 0.20552943646907806, -0.2065841406583786, 0.5228783488273621, -0.8269953727722168),
            ["UpperTorso"] = CFrame.new(-4.209578037261963e-07, 4.76837158203125e-07, -1.7881393432617188e-07, 1, -0.00001705438262433745, -0.00032490494777448475, 0.00021880122949369252, 0.7742694616317749, 0.6328561902046204, 0.00024073946406133473, -0.6328561902046204, 0.7742694020271301),
            ["HumanoidRootPart"] = CFrame.new(0, 0, 0, 1, 0, 0, 0, 1, 0, 0, 0, 1),
            ["RightUpperLeg"] = CFrame.new(-7.152557373046875e-07, 1.4901161193847656e-08, 3.7083373172208667e-07, 0.9422716498374939, -0.3333995044231415, 0.031127097085118294, 0.02151200734078884, -0.03249320015311241, -0.9992403984069824, 0.33415767550468445, 0.9422255158424377, -0.023445500060915947),
            ["LeftUpperArm"] = CFrame.new(3.5762786865234375e-07, 0, -4.470348358154297e-07, 0.5848472118377686, 0.6868923902511597, -0.4314309358596802, -0.7949935793876648, 0.591006338596344, -0.13673578202724457, 0.16105571389198303, 0.4229543209075928, 0.8917233943939209),
            ["RightLowerArm"] = CFrame.new(0, 3.5762786865234375e-07, -5.960464477539063e-08, 1, -6.705522537231445e-08, 1.6763804921993142e-07, 9.685752644372769e-08, -0.5236749053001404, -0.8519182801246643, 1.3411042232291948e-07, 0.8519181609153748, -0.5236748456954956),
            ["LeftHand"] = CFrame.new(-5.960464477539063e-08, -4.172325134277344e-07, 2.980232238769531e-07, 0.6796914339065552, -0.6817427277565002, 0.27064013481140137, 0.7331069111824036, 0.6193450689315796, -0.28100985288619995, 0.023956861346960068, 0.3894082009792328, 0.9207536578178406),
            ["LeftFoot"] = CFrame.new(-3.986060619354248e-07, -1.7881393432617188e-07, -1.1920928955078125e-07, 0.9996895790100098, -0.021942779421806335, -0.011805785819888115, 0.022063838317990303, 0.5593912601470947, 0.8286100625991821, -0.011578014120459557, -0.82861328125, 0.5597017407417297),
            ["RightHand"] = CFrame.new(1.043081283569336e-07, 0, -1.0058283805847168e-07, 0.6721603870391846, 0.6108401417732239, 0.41841891407966614, -0.7034528851509094, 0.703163743019104, 0.1035146564245224, -0.23098592460155487, -0.36391621828079224, 0.9023361206054688),
            ["RightLowerLeg"] = CFrame.new(-2.682209014892578e-07, -0.00006014108657836914, -0.0000722428594599478, 1, -1.4901159772762185e-07, 2.444722113636999e-08, 1.4901158351676713e-07, 0.457013875246048, 0.8894591927528381, -6.519256601222878e-08, -0.8894595503807068, 0.4570145905017853),
            ["LeftUpperLeg"] = CFrame.new(-5.960464477539062e-07, 5.62518835067749e-07, 0, 0.9143749475479126, 0.18883639574050903, 0.35813313722610474, 0.39515382051467896, -0.22363366186618805, -0.8909777998924255, -0.08815839141607285, 0.956205427646637, -0.2791043221950531),
            ["LeftLowerLeg"] = CFrame.new(1.1920928955078125e-07, 0.00006097555160522461, 0.00007265806198120117, 1, 1.2293459406009788e-07, 1.0058285937475375e-07, -1.0058283805847168e-07, 0.04629809036850929, 0.9989277720451355, 1.341104507446289e-07, -0.9989277124404907, 0.04629795625805855),
        }},
        {Time = 0.133, Data = {
            ["RightFoot"] = CFrame.new(1.2665987014770508e-07, -2.980232238769531e-07, 2.9971852200105786e-07, 0.9664399027824402, 0.0648806169629097, 0.24856500327587128, -0.11600640416145325, 0.9735302925109863, 0.1969299018383026, -0.22920851409435272, -0.21915610134601593, 0.9483850002288818),
            ["LeftLowerArm"] = CFrame.new(1.1920928955078125e-07, -2.384185791015625e-07, 1.043081283569336e-07, 1, -1.005828522693264e-07, 1.0803340444454079e-07, 4.0745359086713506e-08, -0.3299884498119354, -0.9439849853515625, 8.195637946073475e-08, 0.9439849853515625, -0.3299883306026459),
            ["RightUpperArm"] = CFrame.new(0, 2.384185791015625e-07, -2.384185791015625e-07, 0.15233281254768372, -0.8365391492843628, 0.526305079460144, 0.9715623259544373, 0.22442342340946198, 0.07550413906574249, -0.18127737939357758, 0.4998365044593811, 0.8469368815422058),
            ["Head"] = CFrame.new(1.7881393432617188e-07, 2.384185791015625e-07, -4.6193599700927734e-07, 0.9984560012817383, -0.013394149020314217, -0.05391047149896622, 0.047037847340106964, 0.7201172113418579, 0.6922562718391418, 0.02954968810081482, -0.6937231421470642, 0.7196353077888489),
            ["LowerTorso"] = CFrame.new(6.067539691925049, 1.1054351329803467, 0.01501324400305748, 0.3370549976825714, -0.3910869061946869, -0.8564140200614929, -0.8567831516265869, -0.5044916868209839, -0.10682089626789093, -0.39027753472328186, 0.7697656154632568, -0.5051180720329285),
            ["UpperTorso"] = CFrame.new(-8.940696716308594e-08, -2.9802322387695312e-08, -5.364418029785156e-07, 1, -7.4505797087454084e-09, 1.4528632164001465e-07, -5.960464477539063e-08, 0.7715651392936707, 0.6361503601074219, -8.940696716308594e-08, -0.6361503005027771, 0.7715651988983154),
            ["HumanoidRootPart"] = CFrame.new(0, 0, 0, 1, 0, 0, 0, 1, 0, 0, 0, 1),
            ["RightUpperLeg"] = CFrame.new(1.1920928955078125e-07, -3.725290298461914e-07, -3.7422432797029614e-07, 0.9393591284751892, -0.3387202024459839, 0.05360076203942299, 0.026855800300836563, -0.08316130191087723, -0.996174156665802, 0.34188205003738403, 0.937204897403717, -0.06902177631855011),
            ["LeftUpperArm"] = CFrame.new(1.1920928955078125e-07, 2.384185791015625e-07, -5.513429641723633e-07, 0.5847773551940918, 0.6881471276283264, -0.42952191829681396, -0.7950900793075562, 0.5912078619003296, -0.1352960616350174, 0.1608331948518753, 0.4206267297267914, 0.8928638696670532),
            ["RightLowerArm"] = CFrame.new(8.940696716308594e-07, -0.0000010728836059570312, 5.62518835067749e-07, 1, -8.195641498787154e-08, 2.2910541019882658e-07, 4.470348358154297e-08, -0.5265079140663147, -0.8501701951026917, 1.043081283569336e-07, 0.8501702547073364, -0.5265079140663147),
            ["LeftHand"] = CFrame.new(-1.1920928955078125e-07, 4.172325134277344e-07, -1.7881393432617188e-07, 0.676826536655426, -0.6831272840499878, 0.27430424094200134, 0.735836386680603, 0.6170758605003357, -0.278859406709671, 0.02122991718351841, 0.39058229327201843, 0.9203231334686279),
            ["LeftFoot"] = CFrame.new(-2.5331974029541016e-07, 0, -5.364418029785156e-07, 0.9997308254241943, -0.020431363955140114, -0.010996597819030285, 0.020551851019263268, 0.5597611665725708, 0.8283990621566772, -0.01076983381062746, -0.8284021615982056, 0.560030460357666),
            ["RightHand"] = CFrame.new(1.1920928955078125e-07, -5.960464477539063e-08, 3.7997961044311523e-07, 0.6692176461219788, 0.612869143486023, 0.420165479183197, -0.7058930993080139, 0.7009548544883728, 0.10187050700187683, -0.2320837527513504, -0.3647654354572296, 0.9017114043235779),
            ["RightLowerLeg"] = CFrame.new(2.2351741790771484e-08, -0.000060439109802246094, -0.00007207522139651701, 1, -1.0617077350616455e-07, -1.1362139673565252e-07, 1.0710208186992531e-07, 0.3514353930950165, 0.9362120032310486, -1.6717238793262368e-07, -0.9362121820449829, 0.3514357805252075),
            ["LeftUpperLeg"] = CFrame.new(-2.384185791015625e-07, -1.9371509552001953e-07, -3.7997961044311523e-07, 0.9130923748016357, 0.19215725362300873, 0.35963571071624756, 0.3981722891330719, -0.23012498021125793, -0.8879759907722473, -0.08786993473768234, 0.9540010690689087, -0.28663700819015503),
            ["LeftLowerLeg"] = CFrame.new(8.521601557731628e-08, 0.00006091594696044922, 0.00007164478302001953, 1, 8.35862010717392e-08, 1.6624109377971763e-07, -7.543713564928112e-08, 0.042130209505558014, 0.9991121888160706, 6.798655505235729e-08, -0.9991121888160706, 0.04213013872504234),
        }},
        {Time = 0.167, Data = {
            ["RightFoot"] = CFrame.new(-8.940696716308594e-08, 0, -1.3205863069742918e-08, 0.9657416343688965, 0.08281265944242477, 0.24593742191791534, -0.10569728910923004, 0.991066575050354, 0.08133415132761002, -0.23700489103794098, -0.10454246401786804, 0.9658673405647278),
            ["LeftLowerArm"] = CFrame.new(-8.344650268554688e-07, 4.76837158203125e-07, 1.7881393432617188e-07, 1, -5.21540641784668e-08, 1.8067662210796698e-07, 4.842878098543224e-08, -0.33245036005973816, -0.9431208968162537, 1.4901162614933128e-07, 0.9431208372116089, -0.3324502110481262),
            ["RightUpperArm"] = CFrame.new(-5.960464477539063e-08, 0, -3.2782554626464844e-07, 0.14956022799015045, -0.8397607207298279, 0.5219520330429077, 0.9696668386459351, 0.22779150307178497, 0.08864162862300873, -0.1933339238166809, 0.49286213517189026, 0.8483566045761108),
            ["Head"] = CFrame.new(2.980232238769531e-07, 0, 0, 0.9984549283981323, -0.015632018446922302, -0.053325068205595016, 0.04825141280889511, 0.7198712825775146, 0.6924285292625427, 0.027563173323869705, -0.6939316391944885, 0.7195132374763489),
            ["LowerTorso"] = CFrame.new(5.668178558349609, 1.3041093349456787, 0.012883206829428673, 0.7191213369369507, 0.06003480404615402, -0.6922861933708191, -0.5083352327346802, -0.6338006854057312, -0.5830026865005493, -0.47377198934555054, 0.7711631059646606, -0.42526188492774963),
            ["UpperTorso"] = CFrame.new(-7.450580596923828e-08, 0, 4.6193599700927734e-07, 0.9999982714653015, 0.00015893207455519587, 0.0018846618477255106, -0.0013402738841250539, 0.7626858353614807, 0.6467679142951965, -0.001334741828031838, -0.6467692852020264, 0.7626846432685852),
            ["HumanoidRootPart"] = CFrame.new(0, 0, 0, 1, 0, 0, 0, 1, 0, 0, 0, 1),
            ["RightUpperLeg"] = CFrame.new(-6.556510925292969e-07, -4.172325134277344e-07, 5.347465048544109e-07, 0.939509928226471, -0.33335548639297485, 0.07871193438768387, 0.029914848506450653, -0.14906540513038635, -0.9883747696876526, 0.34121301770210266, 0.9309423565864563, -0.13007624447345734),
            ["LeftUpperArm"] = CFrame.new(1.7881393432617188e-07, 0, 8.940696716308594e-08, 0.5836041569709778, 0.6901679635047913, -0.42787206172943115, -0.7956959009170532, 0.5912131071090698, -0.13166330754756927, 0.16209366917610168, 0.4172951877117157, 0.8941981196403503),
            ["RightLowerArm"] = CFrame.new(5.960464477539062e-07, 5.960464477539062e-07, 7.860362529754639e-07, 1, -6.426125764846802e-08, 6.798655505235729e-08, 7.971538451556626e-08, -0.5342910885810852, -0.8453006148338318, 1.3224779138454323e-07, 0.8453006148338318, -0.53429114818573),
            ["LeftHand"] = CFrame.new(-5.662441253662109e-07, -1.1920928955078125e-07, -1.1920928955078125e-07, 0.668731689453125, -0.6882956624031067, 0.28115418553352356, 0.7432909607887268, 0.6098484992980957, -0.2749597728252411, 0.017791857942938805, 0.3928537368774414, 0.9194288849830627),
            ["LeftFoot"] = CFrame.new(-3.0547380447387695e-07, 1.7881393432617188e-07, -6.556510925292969e-07, 0.9998137354850769, -0.017192602157592773, -0.008765637874603271, 0.016867894679307938, 0.5578857064247131, 0.829746425151825, -0.009375467896461487, -0.8297397494316101, 0.5580718517303467),
            ["RightHand"] = CFrame.new(5.923211574554443e-07, 1.1920928955078125e-07, 2.384185791015625e-07, 0.6577471494674683, 0.6182257533073425, 0.430308997631073, -0.7143686413764954, 0.6931373476982117, 0.09611393511295319, -0.2388431429862976, -0.3706177771091461, 0.8975501656532288),
            ["RightLowerLeg"] = CFrame.new(-8.940696716308594e-08, -0.00006091594696044922, -0.00007182935223681852, 1, -5.960462345910855e-08, -3.72529100900465e-08, 1.0430809993522416e-07, 0.2526700496673584, 0.9675524234771729, -1.415610029198433e-07, -0.9675524830818176, 0.2526704668998718),
            ["LeftUpperLeg"] = CFrame.new(-5.960464477539063e-08, 0, 5.885958671569824e-07, 0.9102069139480591, 0.19913536310195923, 0.3631373941898346, 0.4049513638019562, -0.2441137135028839, -0.8811485767364502, -0.08682102710008621, 0.9490804076194763, -0.30283406376838684),
            ["LeftLowerLeg"] = CFrame.new(-4.544854164123535e-07, 0.000060439109802246094, 0.00007277727127075195, 1, 7.450580596923828e-08, 1.4901159772762185e-07, -1.3783574104309082e-07, 0.0368758887052536, 0.999319851398468, 6.332993507385254e-08, -0.9993199110031128, 0.03687615320086479),
        }},
        {Time = 0.200, Data = {
            ["RightFoot"] = CFrame.new(2.2351741790771484e-07, 1.7881393432617188e-07, -1.0261283023282886e-07, 0.9649240374565125, 0.10007202625274658, 0.24270816147327423, -0.09876072406768799, 0.9949556589126587, -0.017595747485756874, -0.24324478209018707, -0.006990897934883833, 0.9699398279190063),
            ["LeftLowerArm"] = CFrame.new(1.1920928955078125e-07, -1.1920928955078125e-07, 4.76837158203125e-07, 1, -5.215405707303944e-08, 8.940698137394065e-08, 8.195639367158947e-08, -0.3361393213272095, -0.94181227684021, 1.527369164477932e-07, 0.94181227684021, -0.3361394703388214),
            ["RightUpperArm"] = CFrame.new(-4.76837158203125e-07, 2.384185791015625e-07, -5.960464477539063e-08, 0.14619040489196777, -0.8454231023788452, 0.5137006640434265, 0.9655954241752625, 0.23483985662460327, 0.11169568449258804, -0.21506737172603607, 0.47969794273376465, 0.8506678938865662),
            ["Head"] = CFrame.new(-4.470348358154297e-07, 1.1920928955078125e-07, 0, 0.998441219329834, -0.018197689205408096, -0.05276348814368248, 0.049686186015605927, 0.7204381823539734, 0.6917372345924377, 0.02542482502758503, -0.6932803988456726, 0.7202192544937134),
            ["LowerTorso"] = CFrame.new(5.372030258178711, 1.4946725368499756, 0.010253566317260265, 0.8866409063339233, 0.40504664182662964, -0.22317056357860565, 0.018660908564925194, -0.5135170221328735, -0.8578764796257019, -0.4620819389820099, 0.7564638257026672, -0.4628637731075287),
            ["UpperTorso"] = CFrame.new(-3.5390257835388184e-07, -5.960464477539063e-08, 4.023313522338867e-07, 0.9999812841415405, 0.0006776431109756231, 0.006084193475544453, -0.00454937107861042, 0.7472759485244751, 0.6644983291625977, -0.004096318036317825, -0.6645135879516602, 0.7472650408744812),
            ["HumanoidRootPart"] = CFrame.new(0, 0, 0, 1, 0, 0, 0, 1, 0, 0, 0, 1),
            ["RightUpperLeg"] = CFrame.new(-1.4901161193847656e-07, -2.682209014892578e-07, 3.782843123190105e-07, 0.9405964612960815, -0.3214927017688751, 0.10918332636356354, 0.03231320530176163, -0.23535217344760895, -0.9713729023933411, 0.33798569440841675, 0.9171978235244751, -0.21098317205905914),
            ["LeftUpperArm"] = CFrame.new(-4.76837158203125e-07, 2.384185791015625e-07, -5.960464477539063e-08, 0.5807998776435852, 0.6920922994613647, -0.4285789132118225, -0.7969982028007507, 0.5906306505203247, -0.1262909173965454, 0.1657267063856125, 0.4149262011051178, 0.8946345448493958),
            ["RightLowerArm"] = CFrame.new(0.0000015497207641601562, -5.364418029785156e-07, 8.89413058757782e-07, 1, -2.9802322387695312e-08, 2.086162567138672e-07, -1.4901157641133977e-08, -0.5462825298309326, -0.8376010060310364, 1.1920926112907182e-07, 0.8376010060310364, -0.5462825894355774),
            ["LeftHand"] = CFrame.new(5.960464477539063e-08, -1.1920928955078125e-07, 1.1920928955078125e-07, 0.6558948755264282, -0.6975520253181458, 0.28848522901535034, 0.7546736001968384, 0.5976457595825195, -0.2707156836986542, 0.016426177695393562, 0.3952730894088745, 0.9184167385101318),
            ["LeftFoot"] = CFrame.new(-3.3527612686157227e-08, -1.7881393432617188e-07, 2.086162567138672e-07, 0.9999003410339355, -0.013035976327955723, -0.00541723845526576, 0.011715158820152283, 0.552154004573822, 0.833659827709198, -0.007876478135585785, -0.8336402773857117, 0.5522517561912537),
            ["RightHand"] = CFrame.new(5.960464477539063e-08, -1.1920928955078125e-07, 0, 0.6363577842712402, 0.6259791851043701, 0.45077577233314514, -0.7288338541984558, 0.6793277859687805, 0.08552834391593933, -0.2526854872703552, -0.3829673230648041, 0.8885303735733032),
            ["RightLowerLeg"] = CFrame.new(-4.842877388000488e-07, -0.000060677528381347656, -0.00007162073598010466, 1, -1.7881387748275301e-07, 0, 7.450577754752885e-08, 0.14844772219657898, 0.9889202117919922, -2.086161856595936e-07, -0.988920271396637, 0.14844849705696106),
            ["LeftUpperLeg"] = CFrame.new(-1.1920928955078125e-07, -5.662441253662109e-07, 1.1920928955078125e-07, 0.9063190221786499, 0.2079910933971405, 0.3678663969039917, 0.41397926211357117, -0.262101948261261, -0.8717360496520996, -0.08489484339952469, 0.9423600435256958, -0.3236519396305084),
            ["LeftLowerLeg"] = CFrame.new(2.123415470123291e-07, 0.00006073713302612305, 0.00007198750972747803, 1, 1.1175873737556685e-07, 9.685756197086448e-08, -7.82310962677002e-08, 0.03391674906015396, 0.9994246363639832, 7.078051567077637e-08, -0.9994246959686279, 0.03391695395112038),
        }},
        {Time = 0.233, Data = {
            ["RightFoot"] = CFrame.new(-2.5331974029541016e-07, 2.384185791015625e-07, -5.790934665128589e-08, 0.9641963243484497, 0.11550042033195496, 0.23871630430221558, -0.09472380578517914, 0.9907877445220947, -0.0967823714017868, -0.24769547581672668, 0.07070548087358475, 0.9662545919418335),
            ["LeftLowerArm"] = CFrame.new(-3.2782554626464844e-07, -7.152557373046875e-07, 1.1920928955078125e-07, 1, -9.685758328714655e-08, 1.5518163820615882e-07, 1.0058283805847168e-07, -0.34101417660713196, -0.9400582313537598, 1.043081283569336e-07, 0.940058171749115, -0.34101402759552),
            ["RightUpperArm"] = CFrame.new(4.76837158203125e-07, -1.1920928955078125e-07, 2.9802322387695312e-08, 0.14317892491817474, -0.8522955179214478, 0.5030826926231384, 0.9597233533859253, 0.24371960759162903, 0.13975629210472107, -0.24172493815422058, 0.4628099799156189, 0.8528634309768677),
            ["Head"] = CFrame.new(2.384185791015625e-07, -2.384185791015625e-07, 0, 0.9984095096588135, -0.02101217210292816, -0.05231719836592674, 0.05137257277965546, 0.7213436961174011, 0.6906694769859314, 0.02322612702846527, -0.6922585368156433, 0.7212757468223572),
            ["LowerTorso"] = CFrame.new(5.0530314445495605, 1.6910769939422607, 0.008718601427972317, 0.7127270698547363, 0.621734082698822, 0.3247565031051636, 0.5410284399986267, -0.1925937831401825, -0.8186549544334412, -0.4464397132396698, 0.7591801285743713, -0.4736425578594208),
            ["UpperTorso"] = CFrame.new(-2.980232238769531e-07, 1.7881393432617188e-07, 2.980232238769531e-07, 0.9999346733093262, 0.0011370927095413208, 0.011375389993190765, -0.008627623319625854, 0.7278754711151123, 0.6856551766395569, -0.007500156760215759, -0.6857084035873413, 0.7278375625610352),
            ["HumanoidRootPart"] = CFrame.new(0, 0, 0, 1, 0, 0, 0, 1, 0, 0, 0, 1),
            ["RightUpperLeg"] = CFrame.new(-5.662441253662109e-07, 1.043081283569336e-07, 5.123947630636394e-07, 0.9423678517341614, -0.30356550216674805, 0.1406804919242859, 0.034330300986766815, -0.33051976561546326, -0.943174421787262, 0.33281269669532776, 0.8936468362808228, -0.30104973912239075),
            ["LeftUpperArm"] = CFrame.new(2.980232238769531e-07, -1.1920928955078125e-07, 1.7881393432617188e-07, 0.5770226716995239, 0.6941859722137451, -0.43029138445854187, -0.7987307906150818, 0.5896305441856384, -0.11985483020544052, 0.17051143944263458, 0.4128457307815552, 0.8946977853775024),
            ["RightLowerArm"] = CFrame.new(2.980232238769531e-07, -2.384185791015625e-07, -4.246830940246582e-07, 1, -6.705523247774181e-08, 8.940696716308594e-08, 7.450578820566989e-09, -0.5603150129318237, -0.8282796144485474, 1.0244546189142056e-07, 0.8282796740531921, -0.5603150129318237),
            ["LeftHand"] = CFrame.new(-1.1920928955078125e-07, 0, 3.557652235031128e-07, 0.6403123140335083, -0.7086081504821777, 0.2964359521865845, 0.7679608464241028, 0.5828660726547241, -0.2655249238014221, 0.015370409935712814, 0.3976701498031616, 0.9173997640609741),
            ["LeftFoot"] = CFrame.new(-3.0174851417541504e-07, -2.384185791015625e-07, -3.427267074584961e-07, 0.999964714050293, -0.008281744085252285, -0.0014297344023361802, 0.0057086031883955, 0.5444822311401367, 0.8387528657913208, -0.006168054416775703, -0.8387315273284912, 0.5445104241371155),
            ["RightHand"] = CFrame.new(-5.960464477539062e-07, -5.960464477539062e-07, 4.76837158203125e-07, 0.6091811060905457, 0.6342524290084839, 0.47604840993881226, -0.7457600831985474, 0.6623251438140869, 0.07188710570335388, -0.2697041928768158, -0.3988099992275238, 0.8764760494232178),
            ["RightLowerLeg"] = CFrame.new(7.450580596923828e-08, -0.00006031990051269531, -0.00007206032023532316, 1, -9.685752644372769e-08, -1.937151665742931e-07, 1.7881399116959074e-07, 0.044484060257673264, 0.9990101456642151, -9.685758328714655e-08, -0.9990101456642151, 0.04448462277650833),
            ["LeftUpperLeg"] = CFrame.new(-5.364418029785156e-07, -3.8743019104003906e-07, 2.9802322387695312e-08, 0.9017558693885803, 0.2181241363286972, 0.3731735050678253, 0.4243483245372772, -0.2824579179286957, -0.8603174090385437, -0.08225011080503464, 0.9341517686843872, -0.34726861119270325),
            ["LeftLowerLeg"] = CFrame.new(3.948807716369629e-07, 0.00006026029586791992, 0.00007236003875732422, 1, 1.2479723920932884e-07, 1.564622067462551e-07, -3.725289943190546e-08, 0.03197872266173363, 0.9994886517524719, 1.937150670983101e-07, -0.9994886517524719, 0.03197861835360527),
        }},
        {Time = 0.267, Data = {
            ["RightFoot"] = CFrame.new(-3.2782554626464844e-07, -1.7881393432617188e-07, 1.20904587674886e-07, 0.9636427164077759, 0.12807117402553558, 0.2345009744167328, -0.09304185211658478, 0.9835519194602966, -0.15481847524642944, -0.25047165155410767, 0.12737147510051727, 0.959708571434021),
            ["LeftLowerArm"] = CFrame.new(-3.5762786865234375e-07, -0.0000010728836059570312, -1.1920928955078125e-07, 1, -1.0523945093154907e-07, 1.3038518886787642e-07, 5.587935447692871e-08, -0.34571099281311035, -0.9383412599563599, 8.102506399154663e-08, 0.9383410811424255, -0.34571072459220886),
            ["RightUpperArm"] = CFrame.new(0, 2.384185791015625e-07, -4.76837158203125e-07, 0.1407320201396942, -0.8591415286064148, 0.49200648069381714, 0.9528378248214722, 0.2524963319301605, 0.1683623492717743, -0.26887691020965576, 0.44510844349861145, 0.8541567921638489),
            ["Head"] = CFrame.new(-1.7881393432617188e-07, 0, -8.940696716308594e-08, 0.9983580708503723, -0.024143967777490616, -0.05194467678666115, 0.05334894359111786, 0.7221253514289856, 0.6897022128105164, 0.02085847593843937, -0.6913408041000366, 0.7222275733947754),
            ["LowerTorso"] = CFrame.new(4.639653205871582, 1.9068691730499268, 0.010030226781964302, 0.2332039326429367, 0.6205146312713623, 0.7487172484397888, 0.8284927010536194, 0.27633628249168396, -0.48707103729248047, -0.5091325044631958, 0.7338936924934387, -0.44964906573295593),
            ["UpperTorso"] = CFrame.new(-8.940696716308594e-08, 5.364418029785156e-07, 1.4901161193847656e-07, 0.9998599886894226, 0.0014969150070101023, 0.01667226292192936, -0.012843489646911621, 0.7073622941970825, 0.7067345976829529, -0.010735377669334412, -0.7068495750427246, 0.7072823643684387),
            ["HumanoidRootPart"] = CFrame.new(0, 0, 0, 1, 0, 0, 0, 1, 0, 0, 0, 1),
            ["RightUpperLeg"] = CFrame.new(-2.086162567138672e-07, 5.21540641784668e-07, 1.6221747500821948e-07, 0.944550096988678, -0.2812907099723816, 0.16941307485103607, 0.036220695823431015, -0.42352503538131714, -0.9051599502563477, 0.3263636529445648, 0.8611051440238953, -0.3898521363735199),
            ["LeftUpperArm"] = CFrame.new(0, 0, 8.940696716308594e-08, 0.5732600688934326, 0.6965541243553162, -0.4314918518066406, -0.8004248142242432, 0.5886591672897339, -0.1131393313407898, 0.17519411444664001, 0.41023510694503784, 0.8949940204620361),
            ["RightLowerArm"] = CFrame.new(-2.9802322387695312e-08, 1.1920928955078125e-07, 3.650784492492676e-07, 1, -8.940698847936801e-08, 1.6391282997574308e-07, 7.4505820180093e-08, -0.5745501518249512, -0.8184694051742554, 1.3038518886787642e-07, 0.8184694051742554, -0.5745501518249512),
            ["LeftHand"] = CFrame.new(2.5331974029541016e-07, -1.1920928955078125e-07, -5.960464477539062e-07, 0.6239035129547119, -0.7195513844490051, 0.3049434423446655, 0.7813722491264343, 0.5672547817230225, -0.26015275716781616, 0.014212463051080704, 0.4005844295024872, 0.9161495566368103),
            ["LeftFoot"] = CFrame.new(-5.6438148021698e-07, -1.1920928955078125e-07, -7.450580596923828e-08, 0.9999906420707703, -0.0032247682102024555, 0.002895513316616416, -0.0007116348133422434, 0.5368590950965881, 0.8436715602874756, -0.004275069106370211, -0.8436658382415771, 0.5368518233299255),
            ["RightHand"] = CFrame.new(3.5762786865234375e-07, 3.5762786865234375e-07, 2.384185791015625e-07, 0.5805857181549072, 0.6418300867080688, 0.500973105430603, -0.7621233463287354, 0.6449190378189087, 0.05698771774768829, -0.286510705947876, -0.4148898124694824, 0.863584578037262),
