return {
    ["The Pressure"] = {
        {Time = 0.000, Data = {
            ["LeftFoot"] = CFrame.new(4.470348358154297e-08, 5.960464477539063e-08, 3.725290298461914e-08, 0.9752103090286255, -0.1972150206565857, 0.10035482048988342, 0.1996261179447174, 0.5884346961975098, -0.7835139632225037, 0.09546853601932526, 0.7841243743896484, 0.6132168769836426),
            ["LeftLowerArm"] = CFrame.new(-5.960464477539063e-08, -2.384185791015625e-07, -2.086162567138672e-07, 1, -1.3969838619232178e-08, 0, 8.940694584680386e-08, 0.8570877313613892, -0.5151705741882324, -2.9802315282267955e-08, 0.5151705145835876, 0.8570877909660339),
            ["LowerTorso"] = CFrame.new(-0.8705164790153503, -0.41738831996917725, -0.002471424173563719, 0.23265643417835236, -0.18473616242408752, 0.9548526406288147, -0.039433129131793976, 0.9791948795318604, 0.1990538388490677, -0.9717592597007751, -0.08396398276090622, 0.22053125500679016),
            ["Head"] = CFrame.new(2.8172507882118225e-08, -3.5762786865234375e-07, -6.30388967692852e-08, 0.9099700450897217, -0.05245058983564377, -0.4113434851169586, -0.014608798548579216, 0.987297773361206, -0.1582082360982895, 0.4144165515899658, 0.14997398853302002, 0.897645115852356),
            ["RightUpperArm"] = CFrame.new(1.1920928955078125e-07, -0.02119767665863037, -2.9802322387695312e-08, 0.9599097967147827, -0.2802143692970276, -0.0072919586673378944, 0.279784232378006, 0.9593791365623474, -0.03622964397072792, 0.017147840932011604, 0.03273705020546913, 0.999316930770874),
            ["UpperTorso"] = CFrame.new(-2.2351741790771484e-08, -5.960464477539063e-08, -2.421438694000244e-08, 0.9298718571662903, -0.12622752785682678, 0.34555038809776306, 0.09450358152389526, 0.9897320866584778, 0.10723540186882019, -0.35553836822509766, -0.06705942749977112, 0.9322529435157776),
            ["HumanoidRootPart"] = CFrame.new(0, 0, 0, 1, 0, 0, 0, 1, 0, 0, 0, 1),
            ["RightHand"] = CFrame.new(-2.9802322387695312e-08, -5.960464477539063e-08, 1.4901161193847656e-07, 1, 2.2351741790771484e-08, -1.4901161193847656e-08, 1.4901161193847656e-08, 1, 7.450580596923828e-09, 0, 1.4901161193847656e-08, 1),
            ["LeftUpperArm"] = CFrame.new(-1.1920928955078125e-07, 0, -1.4901161193847656e-08, 0.7714365720748901, 0.5133873820304871, -0.3759244978427887, -0.35981273651123047, 0.8392230272293091, 0.4077250361442566, 0.5248053669929504, -0.17927144467830658, 0.8321304321289062),
            ["RightLowerArm"] = CFrame.new(3.5762786865234375e-07, 3.5762786865234375e-07, -5.960464477539063e-08, 1, 0, 7.450580596923828e-09, 7.82310962677002e-08, 0.861925482749939, -0.5070350170135498, 2.2351741790771484e-08, 0.5070350170135498, 0.861925482749939),
            ["LeftHand"] = CFrame.new(0, 0, 2.9802322387695312e-08, 1, 2.0489098417897367e-08, -5.2154071283894154e-08, 4.6566133171666024e-09, 1, 1.6763808119435453e-08, 1.862645326866641e-08, 0, 1),
            ["RightUpperLeg"] = CFrame.new(-2.9802322387695312e-08, -1.1548399925231934e-07, -1.6952981241047382e-09, 0.9973998069763184, 0.02828827314078808, 0.06628306955099106, 0.05096958577632904, 0.37332868576049805, -0.9262980222702026, -0.05094878003001213, 0.9272677898406982, 0.3709160089492798),
            ["LeftUpperLeg"] = CFrame.new(-5.960464477539063e-08, 6.705522537231445e-08, 4.470348358154297e-08, 0.9122250080108643, 0.15351742506027222, 0.3798392713069916, -0.08311821520328522, 0.9772080183029175, -0.19533513486385345, -0.40116944909095764, 0.1466180384159088, 0.9041936993598938),
            ["RightLowerLeg"] = CFrame.new(-7.619382813572884e-08, -0.000003516674041748047, -0.000013159755326341838, 1, -2.28028540050218e-07, -5.653419776763258e-08, 1.8054564066005696e-07, 0.8207540512084961, 0.5712814331054688, -5.643233436103401e-08, -0.5712818503379822, 0.8207542896270752),
            ["RightFoot"] = CFrame.new(7.567723514512181e-08, 4.172325134277344e-07, -5.790934665128589e-08, 0.9999999403953552, 0.0004371962568257004, 0.00034444042830727994, -0.0005339608178474009, 0.9280938506126404, 0.3723461925983429, -0.0001568347361171618, -0.37234634160995483, 0.9280939102172852),
            ["LeftLowerLeg"] = CFrame.new(2.9802322387695312e-08, 0.0000036954879760742188, 0.000013241544365882874, 1, -1.0523946514240379e-07, -7.450581307466564e-08, 9.41217876970768e-08, 0.578577995300293, 0.8156270980834961, -6.007030606269836e-08, -0.8156271576881409, 0.578577995300293),
        }},
        {Time = 0.017, Data = {
            ["LeftFoot"] = CFrame.new(-4.842877388000488e-08, 1.1920928955078125e-07, -4.470348358154297e-08, 0.9770441055297852, -0.1943388730287552, 0.08727709949016571, 0.19079788029193878, 0.6160004138946533, -0.7642901539802551, 0.09476848691701889, 0.7633976936340332, 0.6389392614364624),
            ["LeftLowerArm"] = CFrame.new(4.172325134277344e-07, 0, -1.4901161193847656e-07, 1, 7.450580596923828e-09, -5.587935447692871e-09, 4.470348358154297e-08, 0.8579575419425964, -0.513720691204071, 0, 0.513720691204071, 0.8579574823379517),
            ["LowerTorso"] = CFrame.new(-0.8706585764884949, -0.4045736789703369, -0.0022844437044113874, 0.22783005237579346, -0.19597753882408142, 0.9537748694419861, -0.04194677248597145, 0.9766508340835571, 0.2106979489326477, -0.9727970361709595, -0.08801107108592987, 0.21428978443145752),
            ["Head"] = CFrame.new(1.7695128917694092e-08, 4.76837158203125e-07, -9.778887033462524e-08, 0.9120526313781738, -0.06015506386756897, -0.40563708543777466, -0.0038361079059541225, 0.9878870844841003, -0.15512675046920776, 0.4100551903247833, 0.14303982257843018, 0.900774359703064),
            ["RightUpperArm"] = CFrame.new(0, -0.02119755744934082, -2.9802322387695312e-08, 0.9585803151130676, -0.28374141454696655, -0.024791156873106956, 0.2843508720397949, 0.9583677649497986, 0.02599647082388401, 0.016382761299610138, -0.0319691002368927, 0.9993546605110168),
            ["UpperTorso"] = CFrame.new(7.450580596923828e-09, -1.1920928955078125e-07, 0, 0.9333657622337341, -0.12134458124637604, 0.33779260516166687, 0.09480886161327362, 0.991043746471405, 0.09404123574495316, -0.3461785912513733, -0.05574909225106239, 0.9365107417106628),
            ["HumanoidRootPart"] = CFrame.new(0, 0, 0, 1, 0, 0, 0, 1, 0, 0, 0, 1),
            ["RightHand"] = CFrame.new(0, 0, 0, 1, 0, -1.1175870895385742e-08, 3.725290298461914e-09, 1, 3.725290298461914e-09, 3.725290298461914e-09, 0, 1),
            ["LeftUpperArm"] = CFrame.new(-1.1920928955078125e-07, -0.00005030632019042969, -1.4901161193847656e-08, 0.7699508666992188, 0.5002317428588867, -0.3961613178253174, -0.38019469380378723, 0.8582417368888855, 0.34478020668029785, 0.5124720931053162, -0.11484531313180923, 0.8509893417358398),
            ["RightLowerArm"] = CFrame.new(-2.086162567138672e-07, -1.7881393432617188e-07, 5.960464477539063e-08, 1, -5.587936158235607e-08, 1.862645149230957e-08, 4.470348358154297e-08, 0.8654345273971558, -0.5010221600532532, 2.9802322387695312e-08, 0.501022219657898, 0.865434467792511),
            ["LeftHand"] = CFrame.new(-2.384185791015625e-07, -1.1920928955078125e-07, 1.7136335372924805e-07, 1, 5.587936335871291e-09, -7.078052277620372e-08, -2.0489098417897367e-08, 1, 7.450581485102248e-09, 5.401671643312511e-08, 1.1175872671742582e-08, 1),
            ["RightUpperLeg"] = CFrame.new(0, -1.1175870895385742e-08, 5.045876605436206e-08, 0.9975807070732117, 0.021324938163161278, 0.06616675108671188, 0.05304376408457756, 0.38172292709350586, -0.9227536916732788, -0.04493500292301178, 0.9240307807922363, 0.3796680271625519),
            ["LeftUpperLeg"] = CFrame.new(-5.960464477539063e-08, -8.568167686462402e-08, -2.9802322387695312e-08, 0.913578987121582, 0.15697073936462402, 0.3751450479030609, -0.07413244992494583, 0.971326470375061, -0.22589662671089172, -0.3998473584651947, 0.17856387794017792, 0.8990200757980347),
            ["RightLowerLeg"] = CFrame.new(-4.42960299551487e-08, -0.0000036954879760742188, -0.000013327393389772624, 1, -1.1821973089354287e-07, 2.3777825930437757e-08, 1.1644441144653683e-07, 0.8372481465339661, 0.5468228459358215, -7.77654278749651e-08, -0.5468231439590454, 0.8372483849525452),
            ["RightFoot"] = CFrame.new(-4.72355168312788e-08, 2.384185791015625e-07, -9.516224963590503e-08, 0.9999998211860657, 0.0004923157393932343, 0.0003835112729575485, -0.0006011650548316538, 0.9249662756919861, 0.3800489902496338, -0.00016763807798270136, -0.38004907965660095, 0.9249663352966309),
            ["LeftLowerLeg"] = CFrame.new(0, 0.0000036954879760742188, 0.000013314187526702881, 1, 6.146728281919422e-08, 8.195639367158947e-08, -8.54488391155428e-08, 0.5519387125968933, 0.8338847756385803, 1.2200324306377297e-07, -0.8338846564292908, 0.5519387125968933),
        }},
        {Time = 0.033, Data = {
            ["LeftFoot"] = CFrame.new(3.725290298461914e-08, -5.960464477539063e-08, 2.9802322387695312e-08, 0.9814043641090393, -0.18339481949806213, 0.056674666702747345, 0.16774539649486542, 0.675877034664154, -0.717671275138855, 0.09331189841032028, 0.7138323187828064, 0.6940721273422241),
            ["LeftLowerArm"] = CFrame.new(2.384185791015625e-07, 1.1920928955078125e-07, -1.1920928955078125e-07, 1, -5.5879375793210784e-08, 2.0489098417897367e-08, 5.960465188081798e-08, 0.8603129982948303, -0.5097662806510925, -4.4703490686970326e-08, 0.509766161441803, 0.8603129386901855),
            ["LowerTorso"] = CFrame.new(-0.8716533780097961, -0.37182796001434326, -0.0016935543389990926, 0.21317236125469208, -0.21685020625591278, 0.9526455998420715, -0.03951326012611389, 0.9723463654518127, 0.23017653822898865, -0.9762153029441833, -0.08670938014984131, 0.1987089067697525),
            ["Head"] = CFrame.new(6.51925802230835e-09, 2.384185791015625e-07, 4.877801984548569e-08, 0.9190046787261963, -0.06589587032794952, -0.3887007236480713, 0.003878834191709757, 0.9873961806297302, -0.15822114050388336, 0.3942275941371918, 0.14389829337596893, 0.9076772332191467),
            ["RightUpperArm"] = CFrame.new(0, -0.021197199821472168, 1.6391277313232422e-07, 0.957283079624176, -0.2862789034843445, -0.040664758533239365, 0.2887440323829651, 0.9539039731025696, 0.08181888610124588, 0.015367234125733376, -0.09006556123495102, 0.9958173036575317),
            ["UpperTorso"] = CFrame.new(-1.1175870895385742e-08, -1.1920928955078125e-07, 5.634501576423645e-08, 0.9427216649055481, -0.11131767183542252, 0.3144586980342865, 0.09174682199954987, 0.9928460121154785, 0.07641570270061493, -0.3207155168056488, -0.04318821057677269, 0.9461904764175415),
            ["HumanoidRootPart"] = CFrame.new(0, 0, 0, 1, 0, 0, 0, 1, 0, 0, 0, 1),
            ["RightHand"] = CFrame.new(1.4901161193847656e-07, -1.1920928955078125e-07, -2.9802322387695312e-08, 1, 7.450581485102248e-09, 0, -2.2351741790771484e-08, 1, 7.450581485102248e-09, 3.725290298461914e-09, 7.450581485102248e-09, 1),
            ["LeftUpperArm"] = CFrame.new(0, -0.0001995563507080078, 1.4901161193847656e-08, 0.7704723477363586, 0.4843747913837433, -0.4144315719604492, -0.39824819564819336, 0.873373806476593, 0.28038665652275085, 0.49776583909988403, -0.050983596593141556, 0.8658116459846497),
            ["RightLowerArm"] = CFrame.new(1.1920928955078125e-07, 1.1920928955078125e-07, -2.9802322387695312e-08, 1, -5.2154071283894154e-08, 2.2351745343485163e-08, 3.3527612686157227e-08, 0.8742526769638062, -0.48547136783599854, -2.9802322387695312e-08, 0.48547136783599854, 0.8742526769638062),
            ["LeftHand"] = CFrame.new(5.960464477539063e-08, 5.960464477539063e-08, -9.685754776000977e-08, 1, 3.725290742551124e-09, -1.3969840395589017e-08, -2.2351747119842003e-08, 1, 1.4901162970204496e-08, 5.774201383701438e-08, -7.450581485102248e-09, 1),
            ["RightUpperLeg"] = CFrame.new(5.960464477539063e-08, -2.384185791015625e-07, 2.0656443666666746e-08, 0.9983951449394226, 0.006373758893460035, 0.056273043155670166, 0.048260316252708435, 0.4242025911808014, -0.9042804837226868, -0.0296348724514246, 0.9055449962615967, 0.4232141673564911),
            ["LeftUpperLeg"] = CFrame.new(-1.1920928955078125e-07, 3.725290298461914e-09, 5.21540641784668e-08, 0.9171121716499329, 0.17654772102832794, 0.35740217566490173, -0.06362201273441315, 0.94991135597229, -0.30597493052482605, -0.3935195207595825, 0.2578747272491455, 0.882407546043396),
            ["RightLowerLeg"] = CFrame.new(-1.57160684466362e-09, -0.0000035762786865234375, -0.000013148579455446452, 1, -1.5040866685467336e-07, 5.605398456509647e-08, 1.2767850421369076e-07, 0.885739803314209, 0.4641818106174469, 9.720679372549057e-09, -0.4641821086406708, 0.8857400417327881),
            ["RightFoot"] = CFrame.new(1.0088842827826738e-07, 3.5762786865234375e-07, 9.145878721028566e-09, 0.9999996423721313, 0.0006548092351295054, 0.0004930645227432251, -0.0007986202836036682, 0.9136964678764343, 0.40639686584472656, -0.00018447637557983398, -0.4063969552516937, 0.9136965870857239),
            ["LeftLowerLeg"] = CFrame.new(-1.043081283569336e-07, 0.000003993511199951172, 0.000013306736946105957, 1, -1.1175872316471214e-07, -2.9802315282267955e-08, 8.568168397005138e-08, 0.4648009240627289, 0.8854154944419861, -4.0978196835794733e-08, -0.8854153156280518, 0.46480047702789307),
        }},
        {Time = 0.050, Data = {
            ["LeftFoot"] = CFrame.new(-7.078051567077637e-08, -1.7881393432617188e-07, -2.2351741790771484e-08, 0.9866241812705994, -0.16147734224796295, 0.022314174100756645, 0.13657255470752716, 0.7440848350524902, -0.6539767384529114, 0.08899879455566406, 0.6482768058776855, 0.7561855316162109),
            ["LeftLowerArm"] = CFrame.new(-3.5762786865234375e-07, 5.364418029785156e-07, 1.1920928955078125e-07, 1, -3.725290653733282e-08, 2.7008358216562556e-08, 4.4703490686970326e-08, 0.8639798164367676, -0.5035265684127808, -2.980232594040899e-08, 0.5035265684127808, 0.8639798164367676),
            ["LowerTorso"] = CFrame.new(-0.8743534088134766, -0.32769882678985596, -0.000653834780678153, 0.19027766585350037, -0.24467843770980835, 0.9507507085800171, -0.03431727737188339, 0.9661943912506104, 0.25552091002464294, -0.9811303019523621, -0.08124715089797974, 0.17544850707054138),
            ["Head"] = CFrame.new(-7.450580596923828e-09, -1.1920928955078125e-07, 2.635642886161804e-07, 0.9296407699584961, -0.07001146674156189, -0.3617548942565918, 0.009773551486432552, 0.9861226677894592, -0.16573090851306915, 0.36833763122558594, 0.150534525513649, 0.9174240231513977),
            ["RightUpperArm"] = CFrame.new(0, -0.02119767665863037, 1.6391277313232422e-07, 0.9560225009918213, -0.28810203075408936, -0.05493868142366409, 0.2929512560367584, 0.9470507502555847, 0.13143272697925568, 0.014163672924041748, -0.14174693822860718, 0.9898016452789307),
            ["UpperTorso"] = CFrame.new(1.1175870895385742e-08, -8.940696716308594e-08, -4.1443854570388794e-08, 0.9557327032089233, -0.09739012271165848, 0.2776513993740082, 0.08527570217847824, 0.9948155879974365, 0.055409155786037445, -0.2816082239151001, -0.02927943505346775, 0.9590827226638794),
            ["HumanoidRootPart"] = CFrame.new(0, 0, 0, 1, 0, 0, 0, 1, 0, 0, 0, 1),
            ["RightHand"] = CFrame.new(2.9802322387695312e-08, 1.7881393432617188e-07, 7.450580596923828e-09, 1, 8.381904059717726e-09, -6.519258910486769e-09, 1.0244548320770264e-08, 1, 3.725290742551124e-09, -1.5832483768463135e-08, 3.725290742551124e-09, 1),
            ["LeftUpperArm"] = CFrame.new(0, -0.0004407167434692383, 1.4901161193847656e-07, 0.7728315591812134, 0.4662852883338928, -0.43047603964805603, -0.4137895703315735, 0.8845562934875488, 0.21526390314102173, 0.4811546206474304, 0.011763744056224823, 0.8765568733215332),
            ["RightLowerArm"] = CFrame.new(-5.960464477539063e-08, 0, -1.4156103134155273e-07, 1, -6.612390990312633e-08, 1.1175870895385742e-08, 2.9802322387695312e-08, 0.8868551254272461, -0.4620477855205536, 1.1175870895385742e-08, 0.46204784512519836, 0.8868550658226013),
            ["LeftHand"] = CFrame.new(1.1920928955078125e-07, -1.1920928955078125e-07, -7.078051567077637e-08, 1, 2.980232949312267e-08, -4.0046874261179255e-08, -1.4901162970204496e-08, 1, 9.313226634333205e-09, 9.313226634333205e-09, 1.862645504502325e-08, 1),
            ["RightUpperLeg"] = CFrame.new(0, -3.725290298461914e-09, -5.3849362302571535e-08, 0.9992612600326538, -0.012835422530770302, 0.0362253375351429, 0.03802305832505226, 0.4673304855823517, -0.8832647800445557, -0.0055921319872140884, 0.8839895129203796, 0.46747317910194397),
            ["LeftUpperLeg"] = CFrame.new(5.960464477539063e-08, -5.960464477539063e-08, -8.195638656616211e-08, 0.9236565828323364, 0.2029571831226349, 0.32506468892097473, -0.0514746829867363, 0.9062621593475342, -0.4195703864097595, -0.3797485828399658, 0.37080618739128113, 0.8475221395492554),
            ["RightLowerLeg"] = CFrame.new(-4.190951585769653e-08, -0.000003814697265625, -0.000013536009646486491, 1, -7.63684582238966e-08, -2.1158482965688563e-08, 7.817288150135937e-08, 0.9234407544136047, 0.38374072313308716, -4.452885704608889e-08, -0.38374122977256775, 0.9234409332275391),
            ["RightFoot"] = CFrame.new(-3.035529516637325e-08, 4.172325134277344e-07, 9.145878721028566e-09, 0.9999372959136963, 0.009266417473554611, 0.006296029780060053, -0.011011973023414612, 0.9163320064544678, 0.4002681076526642, -0.002060169354081154, -0.40031203627586365, 0.9163764715194702),
            ["LeftLowerLeg"] = CFrame.new(1.043081283569336e-07, 0.0000040531158447265625, 0.00001329183578491211, 1, -1.862645504502325e-08, -7.450582373280668e-09, 1.6763806343078613e-08, 0.32458028197288513, 0.9458582401275635, -9.313225746154785e-08, -0.9458581805229187, 0.3245801031589508),
        }},
        {Time = 0.067, Data = {
            ["LeftFoot"] = CFrame.new(-2.2351741790771484e-08, 5.960464477539063e-08, 4.470348358154297e-08, 0.9913513660430908, -0.13116152584552765, -0.004386677406728268, 0.10354648530483246, 0.8022913932800293, -0.5878839492797852, 0.08062706887722015, 0.582344651222229, 0.8089334964752197),
            ["LeftLowerArm"] = CFrame.new(3.5762786865234375e-07, 2.980232238769531e-07, -2.384185791015625e-07, 1, -3.72529100900465e-08, 6.14673041354763e-08, 2.980232594040899e-08, 0.8687718510627747, -0.4952126145362854, 2.2351745343485163e-08, 0.4952126741409302, 0.8687718510627747),
            ["LowerTorso"] = CFrame.new(-0.8796114325523376, -0.280733585357666, 0.0008796370238997042, 0.1608029007911682, -0.2767324447631836, 0.9473972916603088, -0.028542062267661095, 0.9581835865974426, 0.284727543592453, -0.9865738153457642, -0.07282570004463196, 0.1461801677942276),
            ["Head"] = CFrame.new(1.30385160446167e-08, 0, 1.2887176126241684e-07, 0.9425632953643799, -0.07274557650089264, -0.32601016759872437, 0.015130678191781044, 0.9842938780784607, -0.17588837444782257, 0.3336850106716156, 0.16085313260555267, 0.9288598299026489),
            ["RightUpperArm"] = CFrame.new(1.1920928955078125e-07, -0.021197795867919922, 5.960464477539063e-08, 0.9548013806343079, -0.2894386053085327, -0.06767372041940689, 0.29696789383888245, 0.9386862516403198, 0.17515215277671814, 0.012828591279685497, -0.1873324066400528, 0.9822129011154175),
            ["UpperTorso"] = CFrame.new(-1.30385160446167e-08, -8.940696716308594e-08, 2.3748725652694702e-08, 0.9699392914772034, -0.08079390227794647, 0.22954365611076355, 0.0753961130976677, 0.9966335296630859, 0.03220422565937042, -0.23137277364730835, -0.013929389417171478, 0.9727655053138733),
            ["HumanoidRootPart"] = CFrame.new(0, 0, 0, 1, 0, 0, 0, 1, 0, 0, 0, 1),
            ["RightHand"] = CFrame.new(1.4901161193847656e-07, -5.960464477539063e-08, 1.862645149230957e-07, 1, 5.937182301352095e-09, 9.31322685637781e-10, -2.3632310330867767e-08, 1, -5.587936335871291e-09, 1.30385160446167e-08, 2.7939681679356454e-09, 1),
            ["LeftUpperArm"] = CFrame.new(1.1920928955078125e-07, -0.0007675886154174805, 8.940696716308594e-08, 0.7768175601959229, 0.4464532732963562, -0.4441104233264923, -0.42670586705207825, 0.8918363451957703, 0.15016703307628632, 0.4631163775920868, 0.07285211980342865, 0.8832983374595642),
            ["RightLowerArm"] = CFrame.new(2.384185791015625e-07, 5.960464477539063e-08, -1.6763806343078613e-08, 1, -2.3981556296348572e-08, 1.4901162970204496e-08, 2.2351741790771484e-08, 0.901677131652832, -0.43241000175476074, -7.450580596923828e-09, 0.4324099123477936, 0.9016771912574768),
            ["LeftHand"] = CFrame.new(5.960464477539063e-08, -5.960464477539063e-08, 1.4901161193847656e-08, 1, 2.2351745343485163e-08, -5.587935447692871e-09, 2.9802322387695312e-08, 1, 3.3527612686157227e-08, 1.862645149230957e-09, -7.450581485102248e-09, 1),
            ["RightUpperLeg"] = CFrame.new(5.960464477539063e-08, -2.868473529815674e-07, -4.639878170564771e-08, 0.9993425607681274, -0.03441878780722618, 0.01139120850712061, 0.02621147595345974, 0.46884283423423767, -0.8828926682472229, 0.025047358125448227, 0.8826107382774353, 0.4694366455078125),
            ["LeftUpperLeg"] = CFrame.new(0, -1.601874828338623e-07, -5.960464477539063e-08, 0.9331210255622864, 0.22630362212657928, 0.27941328287124634, -0.03801044821739197, 0.8348228931427002, -0.5492047071456909, -0.3575476408004761, 0.5018540620803833, 0.7875928282737732),
            ["RightLowerLeg"] = CFrame.new(2.3283064365386963e-09, -0.000003814697265625, -0.000013237986422609538, 1, -6.33299421792799e-08, -4.7730277508151175e-09, 3.864988684654236e-08, 0.9178008437156677, 0.3970411419868469, -5.122274160385132e-09, -0.3970412313938141, 0.9178008437156677),
            ["RightFoot"] = CFrame.new(1.0244548320770264e-08, 2.980232238769531e-07, -1.5476689441129565e-07, 0.9993869662284851, 0.030525697395205498, 0.01714770309627056, -0.034370869398117065, 0.9486765265464783, 0.3143749237060547, -0.006671033333986998, -0.3147715926170349, 0.9491440057754517),
            ["LeftLowerLeg"] = CFrame.new(0, 0.000003933906555175781, 0.000013299286365509033, 1, -1.1920931797249068e-07, -8.195632972274325e-08, 1.0058281674218961e-07, 0.14401882886886597, 0.9895749688148499, -8.195636524988004e-08, -0.9895750284194946, 0.1440185159444809),
        }},
        {Time = 0.083, Data = {
            ["LeftFoot"] = CFrame.new(0, 5.960464477539063e-08, 7.450580596923828e-09, 0.995116651058197, -0.09675361216068268, -0.019536858424544334, 0.07223422080278397, 0.8487197756767273, -0.5238865613937378, 0.06726918369531631, 0.5199168920516968, 0.8515639901161194),
            ["LeftLowerArm"] = CFrame.new(7.748603820800781e-07, -4.76837158203125e-07, 5.960464477539063e-08, 1, -4.470348358154297e-08, 3.9115551686563776e-08, 5.2154071283894154e-08, 0.874494194984436, -0.4850360155105591, -4.4703490686970326e-08, 0.4850360155105591, 0.874494194984436),
            ["LowerTorso"] = CFrame.new(-0.8882800936698914, -0.239479660987854, 0.002951781963929534, 0.1265946626663208, -0.31033775210380554, 0.9421593546867371, -0.02424812875688076, 0.9485490918159485, 0.3157005310058594, -0.9916582107543945, -0.06281160563230515, 0.11255612224340439),
            ["Head"] = CFrame.new(9.313225746154785e-09, 1.1920928955078125e-07, -7.834751158952713e-08, 0.9562762975692749, -0.07455189526081085, -0.2828034460544586, 0.021272987127304077, 0.9821343421936035, -0.18697483837604523, 0.2916901707649231, 0.17278358340263367, 0.9407777786254883),
            ["RightUpperArm"] = CFrame.new(0, -0.02119731903076172, -1.1175870895385742e-07, 0.9536208510398865, -0.29047176241874695, -0.07895263284444809, 0.30079418420791626, 0.9295157790184021, 0.2133619338274002, 0.011412129737436771, -0.22721487283706665, 0.9737778306007385),
            ["UpperTorso"] = CFrame.new(0, 2.9802322387695312e-08, 1.4435499906539917e-08, 0.9829853773117065, -0.06274603307247162, 0.1726347655057907, 0.0622890442609787, 0.9980255961418152, 0.00806864257901907, -0.1728001981973648, 0.0028218773659318686, 0.9849528670310974),
            ["HumanoidRootPart"] = CFrame.new(0, 0, 0, 1, 0, 0, 0, 1, 0, 0, 0, 1),
            ["RightHand"] = CFrame.new(1.6391277313232422e-07, 2.384185791015625e-07, -8.940696716308594e-08, 1, 1.30385160446167e-08, 1.4901161193847656e-08, 1.3969838619232178e-08, 1, -9.313225746154785e-09, 3.725290298461914e-09, -9.313225746154785e-09, 1),
            ["LeftUpperArm"] = CFrame.new(5.960464477539063e-08, -0.0011739730834960938, -8.195638656616211e-08, 0.7821877002716064, 0.4253777265548706, -0.45523232221603394, -0.4369610548019409, 0.8953732252120972, 0.0858599916100502, 0.4441257119178772, 0.1317601501941681, 0.886223316192627),
            ["RightLowerArm"] = CFrame.new(0, 2.384185791015625e-07, 1.1920928955078125e-07, 1, -1.769513069405093e-08, 2.2351745343485163e-08, 3.725290298461914e-08, 0.9172492027282715, -0.39831387996673584, 1.30385160446167e-08, 0.3983139097690582, 0.9172492623329163),
            ["LeftHand"] = CFrame.new(-5.960464477539063e-08, 2.384185791015625e-07, 1.4901161193847656e-08, 1, -1.4901162970204496e-08, -2.60770320892334e-08, 1.4901162970204496e-08, 1, 2.9802322387695312e-08, 2.980232594040899e-08, 0, 1),
            ["RightUpperLeg"] = CFrame.new(-5.960464477539063e-08, 4.470348358154297e-08, -7.24758137948811e-08, 0.9980865716934204, -0.06100499629974365, -0.010089028626680374, 0.017265502363443375, 0.4316304922103882, -0.9018853306770325, 0.05937425419688225, 0.8999853134155273, 0.43185776472091675),
            ["LeftUpperLeg"] = CFrame.new(1.1920928955078125e-07, 8.568167686462402e-08, -1.1175870895385742e-08, 0.9444481134414673, 0.2382555902004242, 0.22638922929763794, -0.02279210463166237, 0.7346453070640564, -0.6780683994293213, -0.3278694450855255, 0.6352405548095703, 0.6992647647857666),
            ["RightLowerLeg"] = CFrame.new(2.7939677238464355e-09, -0.0000034570693969726562, -0.000013208184100221843, 1, -1.4808031778557051e-07, -6.984920974950626e-10, 9.126962652317161e-08, 0.8697134852409363, 0.49355658888816833, -4.6566135836201283e-08, -0.4935568571090698, 0.8697136640548706),
            ["RightFoot"] = CFrame.new(-4.866160452365875e-08, 4.172325134277344e-07, 1.0600342648103833e-07, 0.9980810880661011, 0.05657054856419563, 0.02518085390329361, -0.06011375039815903, 0.9827530384063721, 0.1748797595500946, -0.014853510074317455, -0.1760578602552414, 0.9842678308486938),
            ["LeftLowerLeg"] = CFrame.new(1.4901161193847656e-08, 0.000004172325134277344, 0.00001344829797744751, 1, -3.7252898543727042e-09, 5.215404996761208e-08, -7.450583439094771e-08, -0.05462317913770676, 0.998507022857666, 5.215408194203519e-08, -0.998507022857666, -0.05462316423654556),
        }},
        {Time = 0.100, Data = {
            ["LeftFoot"] = CFrame.new(-1.4901161193847656e-08, -1.1920928955078125e-07, 2.9802322387695312e-08, 0.9977589249610901, -0.06284044682979584, -0.022983236238360405, 0.04500776156783104, 0.8844731450080872, -0.4644148349761963, 0.049512192606925964, 0.4623400568962097, 0.8853195905685425),
            ["LeftLowerArm"] = CFrame.new(5.960464477539063e-08, -5.960464477539063e-08, -5.960464477539063e-08, 1, -7.450580596923828e-08, -4.0978196835794733e-08, 4.470348358154297e-08, 0.8809455037117004, -0.47321775555610657, 4.470348358154297e-08, 0.4732177257537842, 0.8809455633163452),
            ["LowerTorso"] = CFrame.new(-0.9047605991363525, -0.21061253547668457, 0.005502310115844011, 0.08967046439647675, -0.34273186326026917, 0.9351439476013184, -0.022992083802819252, 0.9379639029502869, 0.34597012400627136, -0.9957061409950256, -0.0525241382420063, 0.07622753083705902),
            ["Head"] = CFrame.new(2.7939677238464355e-09, -2.384185791015625e-07, 7.834751158952713e-08, 0.9693402051925659, -0.0759866014122963, -0.2336786836385727, 0.029321040958166122, 0.9799588918685913, -0.19703012704849243, 0.24396707117557526, 0.18413756787776947, 0.952141523361206),
            ["RightUpperArm"] = CFrame.new(0, -0.021197795867919922, -7.450580596923828e-08, 0.9524816274642944, -0.291343092918396, -0.08887064456939697, 0.3044332265853882, 0.9200910925865173, 0.24648116528987885, 0.009958479553461075, -0.26182395219802856, 0.9650643467903137),
            ["UpperTorso"] = CFrame.new(1.210719347000122e-08, -1.1920928955078125e-07, -7.799826562404633e-09, 0.9929535388946533, -0.04441137984395027, 0.10986845940351486, 0.04641294479370117, 0.9987985491752625, -0.015726769343018532, -0.10903803259134293, 0.020715204998850822, 0.9938217997550964),
            ["HumanoidRootPart"] = CFrame.new(0, 0, 0, 1, 0, 0, 0, 1, 0, 0, 0, 1),
            ["RightHand"] = CFrame.new(-9.685754776000977e-08, 2.384185791015625e-07, 1.4901161193847656e-08, 1, -2.421438694000244e-08, -1.4901161193847656e-08, 1.6763804566721774e-08, 1, 0, 3.7252898543727042e-09, -1.6763806343078613e-08, 1),
            ["LeftUpperArm"] = CFrame.new(5.960464477539063e-08, -0.00165557861328125, 1.0803341865539551e-07, 0.7886767983436584, 0.4035525619983673, -0.46382570266723633, -0.44459837675094604, 0.8954324126243591, 0.023089617490768433, 0.424642413854599, 0.1880059689283371, 0.8856255412101746),
            ["RightLowerArm"] = CFrame.new(-1.1920928955078125e-07, 5.960464477539063e-08, 6.705522537231445e-08, 1, 0, 0, 3.725290653733282e-08, 0.9323076009750366, -0.3616665303707123, 1.4901162970204496e-08, 0.3616665303707123, 0.9323076009750366),
            ["LeftHand"] = CFrame.new(-5.960464477539063e-08, 1.1920928955078125e-07, -5.960464477539063e-08, 1, -1.4901164746561335e-08, -2.980232594040899e-08, -2.980232594040899e-08, 1, 7.450581485102248e-09, 2.6077035641947077e-08, -2.2351747119842003e-08, 1),
            ["RightUpperLeg"] = CFrame.new(5.960464477539063e-08, -2.682209014892578e-07, -8.365168469026685e-08, 0.9951854348182678, -0.09494564682245255, -0.0243196003139019, 0.013087281957268715, 0.374639630317688, -0.927078127861023, 0.09713312983512878, 0.9222963452339172, 0.37407854199409485),
            ["LeftUpperLeg"] = CFrame.new(5.960464477539063e-08, -2.4400651454925537e-07, -3.725290298461914e-09, 0.9563206434249878, 0.23453493416309357, 0.1744827777147293, -0.005817648489028215, 0.6120419502258301, -0.7908037304878235, -0.2922619879245758, 0.7552470564842224, 0.5866729617118835),
            ["RightLowerLeg"] = CFrame.new(2.0489096641540527e-08, -0.0000036954879760742188, -0.000013461503840517253, 1, -1.1362138252479781e-07, -2.51457130673316e-08, 1.396984004031765e-07, 0.7798157930374146, 0.6260085701942444, -4.842878098543224e-08, -0.6260091066360474, 0.779816210269928),
            ["RightFoot"] = CFrame.new(2.0954757928848267e-08, 2.384185791015625e-07, -5.045876605436206e-08, 0.996634304523468, 0.07719578593969345, 0.02758730575442314, -0.07788978517055511, 0.9966475367546082, 0.025036336854100227, -0.0255621075630188, -0.027100665494799614, 0.9993058443069458),
            ["LeftLowerLeg"] = CFrame.new(5.960464477539063e-08, 0.000004112720489501953, 0.000013310462236404419, 1, -1.6763800658736727e-07, -2.1234161806660268e-07, 1.266598843585598e-07, -0.24565014243125916, 0.9693586230278015, -2.011657045386528e-07, -0.9693585634231567, -0.24565020203590393),
        }},
        {Time = 0.117, Data = {
            ["LeftFoot"] = CFrame.new(7.450580596923828e-08, 5.960464477539063e-08, -5.960464477539063e-08, 0.9993284940719604, -0.03243657574057579, -0.01704001985490322, 0.02271777018904686, 0.9134071469306946, -0.406413197517395, 0.02874704822897911, 0.40575289726257324, 0.9135304689407349),
            ["LeftLowerArm"] = CFrame.new(5.960464477539063e-08, -4.76837158203125e-07, 6.705522537231445e-08, 1, -5.960465188081798e-08, 2.9802322387695312e-08, 3.725290653733282e-08, 0.8879227042198181, -0.45999279618263245, -1.4901162970204496e-08, 0.45999276638031006, 0.8879227042198181),
            ["LowerTorso"] = CFrame.new(-0.9312230348587036, -0.19331836700439453, 0.00805007852613926, 0.051962099969387054, -0.3703727424144745, 0.9274287223815918, -0.02489105984568596, 0.9279144406318665, 0.3719612956047058, -0.9983388185501099, -0.04241262376308441, 0.038997408002614975),
            ["Head"] = CFrame.new(3.4924596548080444e-10, -8.344650268554688e-07, -2.219167072325945e-08, 0.9805645942687988, -0.0769750103354454, -0.1804659217596054, 0.03946321830153465, 0.9784040451049805, -0.20289932191371918, 0.19218672811985016, 0.19183403253555298, 0.9624261260032654),
            ["RightUpperArm"] = CFrame.new(0, -0.021198391914367676, -5.587935447692871e-08, 0.9513840675354004, -0.29215869307518005, -0.09752862900495529, 0.307889848947525, 0.910830557346344, 0.27493932843208313, 0.00850611925125122, -0.29160094261169434, 0.9565022587776184),
            ["UpperTorso"] = CFrame.new(-4.6566128730773926e-09, -8.940696716308594e-08, 1.2922100722789764e-08, 0.9986445307731628, -0.026839710772037506, 0.04459567368030548, 0.02854335494339466, 0.9988694787025452, -0.03801502287387848, -0.04352495074272156, 0.0392363965511322, 0.9982815384864807),
            ["HumanoidRootPart"] = CFrame.new(0, 0, 0, 1, 0, 0, 0, 1, 0, 0, 0, 1),
            ["RightHand"] = CFrame.new(1.1175870895385742e-07, 1.7881393432617188e-07, -3.725290298461914e-09, 1, -9.313225746154785e-09, -6.51925802230835e-09, -2.0489096641540527e-08, 1, -1.0011717677116394e-08, 7.450580596923828e-09, 2.2118911147117615e-08, 1),
            ["LeftUpperArm"] = CFrame.new(5.960464477539063e-08, -0.0022051334381103516, -1.1734664440155029e-07, 0.7960091233253479, 0.3814547657966614, -0.46995946764945984, -0.44973814487457275, 0.8923754692077637, -0.03743906319141388, 0.40509894490242004, 0.24116051197052002, 0.8818937540054321),
            ["RightLowerArm"] = CFrame.new(-5.960464477539063e-08, -5.960464477539063e-08, -4.470348358154297e-08, 1, -1.862644793959589e-08, 2.3283067918100642e-08, 5.587935447692871e-08, 0.9458756446838379, -0.3245292007923126, -7.450580596923828e-09, 0.32452911138534546, 0.9458757638931274),
            ["LeftHand"] = CFrame.new(-2.980232238769531e-07, -1.1920928955078125e-07, -2.9802322387695312e-08, 1, -2.9802322387695312e-08, 1.4901161193847656e-08, -2.9802322387695312e-08, 1, 3.725290298461914e-08, 4.470348358154297e-08, 7.450580596923828e-09, 1),
            ["RightUpperLeg"] = CFrame.new(0, -2.0116567611694336e-07, 8.77116690389812e-08, 0.9902334809303284, -0.13553816080093384, -0.03266623988747597, 0.01313005294650793, 0.3239225447177887, -0.9459925889968872, 0.13879945874214172, 0.9363244771957397, 0.3225383758544922),
            ["LeftUpperLeg"] = CFrame.new(-1.1920928955078125e-07, -2.4959444999694824e-07, 9.313225746154785e-08, 0.967318594455719, 0.21689467132091522, 0.13134531676769257, 0.012055983766913414, 0.4780692756175995, -0.8782394528388977, -0.25327759981155396, 0.8511207699775696, 0.4598303437232971),
            ["RightLowerLeg"] = CFrame.new(-2.9802322387695312e-08, -0.0000035762786865234375, -0.000013297591067384928, 1, -1.615844524849308e-07, -5.617038567606869e-08, 1.6763807764164085e-07, 0.6651866436004639, 0.7466769218444824, -5.587936158235607e-08, -0.7466772198677063, 0.6651870012283325),
            ["RightFoot"] = CFrame.new(7.729977369308472e-08, 3.5762786865234375e-07, 2.3115717340260744e-08, 0.9955568313598633, 0.08979623764753342, 0.02834475226700306, -0.08692581951618195, 0.9921413660049438, -0.089996337890625, -0.03620338439941406, 0.08713296800851822, 0.9955387115478516),
            ["LeftLowerLeg"] = CFrame.new(0, 0.000003933906555175781, 0.000013198703527450562, 1, 4.097821459936313e-08, 1.1920930376163597e-07, -5.215405707303944e-08, -0.4039391875267029, 0.9147858619689941, 8.195637946073475e-08, -0.9147859215736389, -0.40393930673599243),
        }},
        {Time = 0.133, Data = {
            ["LeftFoot"] = CFrame.new(-3.725290298461914e-08, 1.7881393432617188e-07, 2.2351741790771484e-08, 0.9999624490737915, -0.007155802100896835, -0.004908898379653692, 0.0050443317741155624, 0.9396280646324158, -0.342160165309906, 0.007060973439365625, 0.3421226739883423, 0.9396288394927979),
            ["LeftLowerArm"] = CFrame.new(-3.5762786865234375e-07, 0, 5.960464477539063e-08, 1, -5.21540641784668e-08, 4.470347647611561e-08, 7.916241173688832e-08, 0.8952258825302124, -0.44561266899108887, -7.4505797087454084e-09, 0.44561269879341125, 0.8952259421348572),
            ["LowerTorso"] = CFrame.new(-0.9651734232902527, -0.18491148948669434, 0.010008733719587326, 0.01529064029455185, -0.38972166180610657, 0.9208057522773743, -0.02938353270292282, 0.9203405380249023, 0.3900127112865448, -0.9994513392448425, -0.03302006423473358, 0.0026211964432150126),
            ["Head"] = CFrame.new(-7.450580596923828e-09, 4.76837158203125e-07, -8.486676961183548e-08, 0.9890580177307129, -0.07794354110956192, -0.12525635957717896, 0.05160262808203697, 0.978184163570404, -0.20122848451137543, 0.13820819556713104, 0.19256308674812317, 0.971502959728241),
            ["RightUpperArm"] = CFrame.new(0, -0.02119731903076172, -7.450580596923828e-08, 0.9503284096717834, -0.2929931581020355, -0.10502853989601135, 0.311168372631073, 0.9020411372184753, 0.29915887117385864, 0.007088532671332359, -0.3169807493686676, 0.9484055042266846),
            ["UpperTorso"] = CFrame.new(-7.450580596923828e-09, -5.960464477539063e-08, 7.787912181811407e-08, 0.9997486472129822, -0.01089849229902029, -0.019591454416513443, 0.009749037213623524, 0.9982784390449524, -0.057838309556245804, 0.02018807828426361, 0.05763278529047966, 0.9981337189674377),
            ["HumanoidRootPart"] = CFrame.new(0, 0, 0, 1, 0, 0, 0, 1, 0, 0, 0, 1),
            ["RightHand"] = CFrame.new(1.1175870895385742e-07, -2.384185791015625e-07, -8.568167686462402e-08, 1, 3.166496753692627e-08, 0, -1.30385160446167e-08, 1, -1.1175870895385742e-08, -1.1175870895385742e-08, -1.6763806343078613e-08, 1),
            ["LeftUpperArm"] = CFrame.new(-1.1920928955078125e-07, -0.002815842628479004, -1.4901161193847656e-07, 0.803907573223114, 0.35953208804130554, -0.4737819731235504, -0.452571302652359, 0.8866446018218994, -0.0950823575258255, 0.3858910799026489, 0.29085758328437805, 0.8754941821098328),
            ["RightLowerArm"] = CFrame.new(5.960464477539063e-08, -7.152557373046875e-07, -7.450580596923828e-08, 1, -1.8626449271863521e-09, 1.1175870895385742e-08, 2.2351738238057806e-08, 0.9573030471801758, -0.2890861928462982, 1.1175869119028903e-08, 0.2890861928462982, 0.9573031663894653),
            ["LeftHand"] = CFrame.new(-2.980232238769531e-07, 1.1920928955078125e-07, 1.1920928955078125e-07, 1, 2.980232594040899e-08, 4.4703490686970326e-08, 1.4901162970204496e-08, 1, 2.980232594040899e-08, -5.2154071283894154e-08, 2.980232594040899e-08, 1),
            ["RightUpperLeg"] = CFrame.new(-2.9802322387695312e-08, -2.4959444999694824e-07, 1.0354415280744433e-07, 0.9830769896507263, -0.17946504056453705, -0.03676959127187729, 0.018021808937191963, 0.29448461532592773, -0.9554864168167114, 0.18230445683002472, 0.9386539459228516, 0.29273512959480286),
            ["LeftUpperLeg"] = CFrame.new(2.9802322387695312e-08, -3.296881914138794e-07, -4.3655745685100555e-08, 0.9764673709869385, 0.19076405465602875, 0.10060110688209534, 0.02980922907590866, 0.3426078259944916, -0.9390054941177368, -0.2135951966047287, 0.9199070334434509, 0.3288588523864746),
            ["RightLowerLeg"] = CFrame.new(-7.450580596923828e-08, -0.000003814697265625, -0.000013424250937532634, 1, -3.986059766702965e-07, -1.8300492854450567e-07, 4.1723239974089665e-07, 0.5431432723999023, 0.8396397233009338, -2.1234149016891024e-07, -0.8396400213241577, 0.5431436896324158),
            ["RightFoot"] = CFrame.new(5.774199962615967e-08, 2.384185791015625e-07, 1.20904587674886e-07, 0.9945110082626343, 0.09990037232637405, 0.0311090350151062, -0.09348993748426437, 0.9819309115409851, -0.16453352570533752, -0.046983979642391205, 0.1607223004102707, 0.9858807921409607),
            ["LeftLowerLeg"] = CFrame.new(4.470348358154297e-08, 0.000003814697265625, 0.00001354515552520752, 1, 3.0174854259712447e-07, 4.58210877241072e-07, -2.1606680888908159e-07, -0.5139549970626831, 0.8578172326087952, 4.7683710135970614e-07, -0.8578172922134399, -0.5139549970626831),
        }},
        {Time = 0.150, Data = {
