return {
    ["The Look"] = {
        {Time = 0.000, Data = {
            ["LeftFoot"] = CFrame.new(3.91155481338501e-08, 0, 0, 0.9928686022758484, -0.1035403162240982, -0.059088606387376785, 0.08119572699069977, 0.9502385854721069, -0.30075573921203613, 0.08728861808776855, 0.2938131093978882, 0.9518689513206482),
            ["LeftLowerArm"] = CFrame.new(5.960464477539063e-08, 1.1920928955078125e-07, 2.086162567138672e-07, 1, -2.4214378058218244e-08, 4.0978193283081055e-08, 1.4901159417490817e-08, 0.9728240966796875, -0.23154544830322266, -1.5832481992106295e-08, 0.23154544830322266, 0.9728240966796875),
            ["LowerTorso"] = CFrame.new(0.006457763724029064, -0.17748630046844482, -0.0391860157251358, 0.9825628995895386, -0.07068058848381042, 0.1719726175069809, 0.021164854988455772, 0.9614331722259521, 0.2742231488227844, -0.184722438454628, -0.26580169796943665, 0.9461644887924194),
            ["Head"] = CFrame.new(6.705522537231445e-08, -0.0000011920928955078125, 2.9802322387695312e-08, 0.9341814517974854, -0.31864216923713684, 0.16053739190101624, 0.3305390179157257, 0.9422962665557861, -0.05312199518084526, -0.13434675335884094, 0.10268958657979965, 0.9855992197990417),
            ["RightUpperArm"] = CFrame.new(-4.172325134277344e-07, 2.384185791015625e-07, -8.940696716308594e-08, 0.7344385385513306, -0.2639895975589752, 0.6252276301383972, 0.15844102203845978, 0.9624844789505005, 0.22027277946472168, -0.6599215269088745, -0.06271515786647797, 0.7487124800682068),
            ["UpperTorso"] = CFrame.new(-4.6566128730773926e-08, 5.662441253662109e-07, -1.2479722499847412e-07, 0.9905645251274109, -0.13431484997272491, 0.027228498831391335, 0.13524436950683594, 0.9901659488677979, -0.035782087594270706, -0.022154657170176506, 0.03912696614861488, 0.998988687992096),
            ["HumanoidRootPart"] = CFrame.new(0, 0, 0, 1, 0, 0, 0, 1, 0, 0, 0, 1),
            ["RightHand"] = CFrame.new(3.2782554626464844e-07, -1.1920928955078125e-07, -2.9802322387695312e-08, 0.9437980651855469, 0.32807499170303345, -0.040149472653865814, -0.3301514983177185, 0.9415118098258972, -0.06749539077281952, 0.015657713636755943, 0.07695744931697845, 0.9969114661216736),
            ["LeftUpperArm"] = CFrame.new(-1.1920928955078125e-07, -3.5762786865234375e-07, -8.940696716308594e-08, 0.8961890935897827, 0.33961477875709534, 0.2854945659637451, -0.2845834791660309, 0.9336861968040466, -0.21735313534736633, -0.34037864208221436, 0.11354248225688934, 0.9334080219268799),
            ["RightLowerArm"] = CFrame.new(-5.066394805908203e-07, -3.5762786865234375e-07, 1.7881393432617188e-07, 1, -7.450580596923828e-09, 3.725290653733282e-08, 1.4901162970204496e-08, 0.9830983877182007, -0.183078333735466, 1.4901162970204496e-08, 0.18307828903198242, 0.9830983877182007),
            ["LeftHand"] = CFrame.new(5.21540641784668e-08, 5.960464477539062e-07, -1.7881393432617188e-07, 0.9689163565635681, -0.18172328174114227, -0.167862206697464, 0.1619730293750763, 0.978874146938324, -0.12478028237819672, 0.18699148297309875, 0.09371250122785568, 0.9778814911842346),
            ["RightUpperLeg"] = CFrame.new(0, 8.344650268554688e-07, -9.110226528719068e-08, 0.9834914207458496, -0.16774804890155792, -0.06786126643419266, 0.10332876443862915, 0.828472912311554, -0.5504143238067627, 0.14855216443538666, 0.5343157052993774, 0.832129180431366),
            ["LeftUpperLeg"] = CFrame.new(-5.960464477539063e-08, 6.100162863731384e-07, -9.685754776000977e-08, 0.9916122555732727, 0.11055132001638412, -0.06696024537086487, -0.12223969399929047, 0.6338779926300049, -0.7637120485305786, -0.041984762996435165, 0.7654913663864136, 0.6420750617980957),
            ["RightLowerLeg"] = CFrame.new(-7.636845111846924e-08, -0.00012242794036865234, -0.00007747689232928678, 1, -1.3783569841052667e-07, 5.5879372240497105e-09, 1.005828522693264e-07, 0.7127810120582581, 0.701386570930481, 0, -0.7013866305351257, 0.7127810716629028),
            ["RightFoot"] = CFrame.new(-4.353933036327362e-08, 3.5762786865234375e-07, -3.4269760362803936e-09, 0.9695361256599426, 0.1541721224784851, -0.1903439462184906, -0.2226439267396927, 0.8786459565162659, -0.4223864674568176, 0.10212460160255432, 0.45189857482910156, 0.886204719543457),
            ["LeftLowerLeg"] = CFrame.new(-2.9802322387695312e-08, 0.0001227855682373047, 0.00007732212543487549, 1, 1.0058283805847168e-07, 3.725290298461914e-08, -4.4703490686970326e-08, 0.6314973831176758, 0.7753781080245972, 3.725290653733282e-08, -0.7753781080245972, 0.6314972639083862),
        }},
        {Time = 0.033, Data = {
            ["LeftFoot"] = CFrame.new(-1.862645149230957e-08, -5.960464477539063e-08, 1.4901161193847656e-08, 0.9915584325790405, -0.10100797563791275, -0.08129663020372391, 0.07036323100328445, 0.9458280801773071, -0.31695130467414856, 0.10890756547451019, 0.3085557818412781, 0.9449512958526611),
            ["LeftLowerArm"] = CFrame.new(-4.172325134277344e-07, -5.960464477539062e-07, 1.1920928955078125e-07, 1, -3.3527612686157227e-08, -2.6077039194660756e-08, 7.450577932388569e-09, 0.9544894099235535, -0.29824504256248474, 1.30385116037246e-08, 0.29824504256248474, 0.9544894099235535),
            ["LowerTorso"] = CFrame.new(-0.005736774764955044, -0.21950256824493408, -0.044992849230766296, 0.9726493954658508, -0.04650184512138367, 0.22757580876350403, -0.009366047568619251, 0.971106767654419, 0.23846179246902466, -0.2320893108844757, -0.23407122492790222, 0.9441108107566833),
            ["Head"] = CFrame.new(1.4901161193847656e-08, -5.960464477539062e-07, 1.341104507446289e-07, 0.8808447122573853, -0.4265840947628021, 0.20527710020542145, 0.4327733814716339, 0.901359498500824, 0.016073523089289665, -0.19188499450683594, 0.07468022406101227, 0.9785719513893127),
            ["RightUpperArm"] = CFrame.new(-2.384185791015625e-07, 2.384185791015625e-07, 1.4901161193847656e-08, 0.8077741265296936, -0.24871765077114105, 0.5344534516334534, 0.15634332597255707, 0.9645559191703796, 0.21257613599300385, -0.5683816075325012, -0.08815525472164154, 0.8180287480354309),
            ["UpperTorso"] = CFrame.new(-1.862645149230957e-08, 3.8743019104003906e-07, 1.2759119272232056e-07, 0.9870568513870239, -0.15777480602264404, 0.02873981185257435, 0.15759338438510895, 0.9874677062034607, 0.008486874401569366, -0.029718618839979172, -0.00384780066087842, 0.9995509386062622),
            ["HumanoidRootPart"] = CFrame.new(0, 0, 0, 1, 0, 0, 0, 1, 0, 0, 0, 1),
            ["RightHand"] = CFrame.new(1.4901161193847656e-07, 2.384185791015625e-07, 0, 0.9436338543891907, 0.3264932930469513, -0.05438241362571716, -0.329969197511673, 0.9408382177352905, -0.07709681242704391, 0.025993455201387405, 0.09069570153951645, 0.9955394268035889),
            ["LeftUpperArm"] = CFrame.new(1.7881393432617188e-07, -1.1920928955078125e-07, 6.705522537231445e-08, 0.9046208262443542, 0.3091680109500885, 0.29338759183883667, -0.25488561391830444, 0.9441162347793579, -0.2089921236038208, -0.34160569310188293, 0.1142783910036087, 0.9328697323799133),
            ["RightLowerArm"] = CFrame.new(2.980232238769531e-07, -5.960464477539062e-07, 0, 1, 1.4901166522918174e-08, -1.4901159417490817e-08, -1.4901159417490817e-08, 0.9835681319236755, -0.18053780496120453, 2.2351738238057806e-08, 0.18053777515888214, 0.9835680723190308),
            ["LeftHand"] = CFrame.new(1.2665987014770508e-07, 1.7881393432617188e-07, -2.8312206268310547e-07, 0.9702154994010925, -0.18117377161979675, -0.1608043909072876, 0.15691041946411133, 0.9757480621337891, -0.15262645483016968, 0.1845564842224121, 0.1228487640619278, 0.9751139879226685),
            ["RightUpperLeg"] = CFrame.new(-8.940696716308594e-08, 7.413327693939209e-07, 8.77116690389812e-08, 0.9694310426712036, -0.228990375995636, -0.08813074231147766, 0.14107710123062134, 0.8140721917152405, -0.5633682608604431, 0.20075057446956635, 0.5337134003639221, 0.8214920163154602),
            ["LeftUpperLeg"] = CFrame.new(2.9802322387695312e-08, 4.600733518600464e-07, 8.195638656616211e-08, 0.995644748210907, 0.061186693608760834, -0.07034086436033249, -0.09317298978567123, 0.6268644332885742, -0.7735370397567749, -0.003236123826354742, 0.7767220735549927, 0.6298354268074036),
            ["RightLowerLeg"] = CFrame.new(-1.1548399925231934e-07, -0.00012224912643432617, -0.00007748434290988371, 1, -1.1175868053214799e-07, -4.842878453814592e-08, 1.1175873737556685e-07, 0.6075114011764526, 0.7943108081817627, -3.725291186640334e-09, -0.794310986995697, 0.6075116395950317),
            ["RightFoot"] = CFrame.new(-3.480818122625351e-08, 2.980232238769531e-07, 1.939042704179883e-08, 0.9676870107650757, 0.1657417267560959, -0.19003064930438995, -0.24031107127666473, 0.8344399929046631, -0.49594348669052124, 0.07637078315019608, 0.5255849957466125, 0.8473065495491028),
            ["LeftLowerLeg"] = CFrame.new(8.195638656616211e-08, 0.0001227259635925293, 0.00007733702659606934, 1, 8.009372010064908e-08, 4.0978196835794733e-08, -1.0430814256778831e-07, 0.5796400308609009, 0.8148729801177979, 3.3527616238870905e-08, -0.814872682094574, 0.5796395540237427),
        }},
        {Time = 0.067, Data = {
            ["LeftFoot"] = CFrame.new(3.91155481338501e-08, -5.960464477539063e-08, 1.4901161193847656e-08, 0.99078369140625, -0.10353763401508331, -0.08733721077442169, 0.06591390073299408, 0.9318122863769531, -0.3569050133228302, 0.11833493411540985, 0.34785911440849304, 0.9300490021705627),
            ["LeftLowerArm"] = CFrame.new(1.4901161193847656e-07, -2.384185791015625e-07, 1.341104507446289e-07, 1, -2.9802311729554276e-08, -4.8428795196286956e-08, 4.470347647611561e-08, 0.9329930543899536, -0.35989436507225037, 1.1175869119028903e-08, 0.359894335269928, 0.9329930543899536),
            ["LowerTorso"] = CFrame.new(-0.020284922793507576, -0.28052592277526855, -0.04899538308382034, 0.9647057056427002, -0.01513552013784647, 0.26289528608322144, -0.033790089190006256, 0.9829785227775574, 0.18058669567108154, -0.2611536681652069, -0.1830962598323822, 0.9477735757827759),
            ["Head"] = CFrame.new(1.043081283569336e-07, -9.5367431640625e-07, 1.9371509552001953e-07, 0.8209866881370544, -0.5297006368637085, 0.21306870877742767, 0.4997078776359558, 0.84715336561203, 0.18061880767345428, -0.2761757969856262, -0.04181347414851189, 0.9601972103118896),
            ["RightUpperArm"] = CFrame.new(-2.384185791015625e-07, 0, 1.1920928955078125e-07, 0.8337650299072266, -0.24202126264572144, 0.4962475299835205, 0.15647991001605988, 0.9655341506004333, 0.207985520362854, -0.5294808149337769, -0.09575825929641724, 0.8429000377655029),
            ["UpperTorso"] = CFrame.new(-3.5390257835388184e-08, 4.76837158203125e-07, -6.05359673500061e-09, 0.9859508872032166, -0.1642894595861435, 0.030165929347276688, 0.16173827648162842, 0.9841052889823914, 0.07333251088857651, -0.04173413664102554, -0.0674232617020607, 0.9968513250350952),
            ["HumanoidRootPart"] = CFrame.new(0, 0, 0, 1, 0, 0, 0, 1, 0, 0, 0, 1),
            ["RightHand"] = CFrame.new(4.172325134277344e-07, 4.76837158203125e-07, 1.1920928955078125e-07, 0.9441203474998474, 0.31745079159736633, -0.08866723626852036, -0.32472941279411316, 0.9419576525688171, -0.08524543046951294, 0.05645954981446266, 0.10927484184503555, 0.9924068450927734),
            ["LeftUpperArm"] = CFrame.new(0, 1.1920928955078125e-07, 1.564621925354004e-07, 0.9081159234046936, 0.2755418121814728, 0.3152812719345093, -0.22524768114089966, 0.9562081098556519, -0.18689458072185516, -0.35297176241874695, 0.09870561957359314, 0.9304129481315613),
            ["RightLowerArm"] = CFrame.new(2.384185791015625e-07, -4.76837158203125e-07, 2.384185791015625e-07, 1, -2.980232594040899e-08, -1.4901159417490817e-08, 2.2351734685344127e-08, 0.9829690456390381, -0.18377165496349335, -4.097817907222634e-08, 0.18377165496349335, 0.9829689860343933),
            ["LeftHand"] = CFrame.new(1.043081283569336e-07, 5.960464477539063e-08, 2.9802322387695312e-08, 0.9726645350456238, -0.17741915583610535, -0.1498204916715622, 0.14516466856002808, 0.9681393504142761, -0.20404312014579773, 0.18124805390834808, 0.1767168790102005, 0.9674297571182251),
            ["RightUpperLeg"] = CFrame.new(-8.940696716308594e-08, 0.0000010952353477478027, 6.535992724820971e-08, 0.9545918107032776, -0.28563353419303894, -0.08466481417417526, 0.18862883746623993, 0.7994558215141296, -0.5703416466712952, 0.23059427738189697, 0.5284730792045593, 0.8170325756072998),
            ["LeftUpperLeg"] = CFrame.new(5.960464477539063e-08, 6.258487701416016e-07, 7.450580596923828e-09, 0.9971610307693481, 0.017982034012675285, -0.07312040776014328, -0.0685783177614212, 0.6178911328315735, -0.7832673192024231, 0.031095892190933228, 0.7860580682754517, 0.6173700094223022),
            ["RightLowerLeg"] = CFrame.new(-4.842877388000488e-08, -0.00012254714965820312, -0.00007732788071734831, 1, -9.685751223287298e-08, -4.842878098543224e-08, 1.3411046495548362e-07, 0.47434547543525696, 0.880338728427887, -4.0978196835794733e-08, -0.8803387880325317, 0.4743456244468689),
            ["RightFoot"] = CFrame.new(-5.116453394293785e-08, 2.980232238769531e-07, -3.892637323588133e-09, 0.9664998054504395, 0.1764683574438095, -0.18637879192829132, -0.2525697648525238, 0.7831294536590576, -0.568257212638855, 0.045679450035095215, 0.5962945222854614, 0.8014654517173767),
            ["LeftLowerLeg"] = CFrame.new(1.043081283569336e-07, 0.00012290477752685547, 0.00007731467485427856, 1, 5.6810662840689474e-08, 4.470348358154297e-08, -7.450579175838357e-08, 0.4834809899330139, 0.875355064868927, 4.470347292340193e-08, -0.8753548860549927, 0.4834807217121124),
        }},
        {Time = 0.100, Data = {
            ["LeftFoot"] = CFrame.new(-2.0489096641540527e-08, -1.7881393432617188e-07, -7.450580596923828e-09, 0.9912428855895996, -0.10709614306688309, -0.07725266367197037, 0.06734272092580795, 0.9132049679756165, -0.4018978178501129, 0.11358923465013504, 0.39317581057548523, 0.9124200344085693),
            ["LeftLowerArm"] = CFrame.new(1.7881393432617188e-07, 5.960464477539063e-08, 8.940696716308594e-08, 1, -2.2351736461700966e-08, -4.097821459936313e-08, 5.960465188081798e-08, 0.9228552579879761, -0.38514694571495056, -6.33299421792799e-08, 0.38514694571495056, 0.9228553175926208),
            ["LowerTorso"] = CFrame.new(-0.038201019167900085, -0.34273362159729004, -0.05273805558681488, 0.9604219198226929, 0.021331341937184334, 0.2777315080165863, -0.05161989852786064, 0.9934230446815491, 0.10220605134963989, -0.27372467517852783, -0.11249739676713943, 0.9552063941955566),
            ["Head"] = CFrame.new(4.470348358154297e-08, -7.152557373046875e-07, 1.862645149230957e-07, 0.7842034697532654, -0.5943881273269653, 0.17812345921993256, 0.5007497072219849, 0.7757435441017151, 0.38402053713798523, -0.36643537878990173, -0.21195484697818756, 0.9059803485870361),
            ["RightUpperArm"] = CFrame.new(-2.384185791015625e-07, -2.384185791015625e-07, 4.470348358154297e-08, 0.841096043586731, -0.24573543667793274, 0.48184192180633545, 0.15619592368602753, 0.9632351398468018, 0.21858873963356018, -0.5178420543670654, -0.10859234631061554, 0.8485560417175293),
            ["UpperTorso"] = CFrame.new(-3.91155481338501e-08, 2.682209014892578e-07, 1.5832483768463135e-08, 0.9871568083763123, -0.1564638316631317, 0.032259561121463776, 0.14977125823497772, 0.9766667485237122, 0.153917595744133, -0.055589377880096436, -0.147109255194664, 0.9875569939613342),
            ["HumanoidRootPart"] = CFrame.new(0, 0, 0, 1, 0, 0, 0, 1, 0, 0, 0, 1),
            ["RightHand"] = CFrame.new(4.6193599700927734e-07, 1.7881393432617188e-07, 5.960464477539063e-08, 0.9452348351478577, 0.29682087898254395, -0.1357518583536148, -0.3097674548625946, 0.9468613266944885, -0.08658967167139053, 0.10283653438091278, 0.12389911711215973, 0.9869517683982849),
            ["LeftUpperArm"] = CFrame.new(0, -3.5762786865234375e-07, 3.725290298461914e-08, 0.9130290150642395, 0.2462957203388214, 0.3251405656337738, -0.20439819991588593, 0.9660789370536804, -0.15783821046352386, -0.3529864549636841, 0.07765274494886398, 0.9324004650115967),
            ["RightLowerArm"] = CFrame.new(-3.8743019104003906e-07, -4.76837158203125e-07, 1.1920928955078125e-07, 1, 0, -5.0291408371094803e-08, 4.470347292340193e-08, 0.9813928604125977, -0.19201049208641052, 1.862644793959589e-08, 0.19201044738292694, 0.9813928604125977),
            ["LeftHand"] = CFrame.new(-1.7881393432617188e-07, 2.384185791015625e-07, 2.980232238769531e-07, 0.9772039651870728, -0.16837166249752045, -0.129319429397583, 0.13545294106006622, 0.9635007977485657, -0.23090890049934387, 0.1634777933359146, 0.20812837779521942, 0.9643431305885315),
            ["RightUpperLeg"] = CFrame.new(5.960464477539063e-08, 3.4086406230926514e-07, -7.620110409334302e-08, 0.9409971237182617, -0.332143098115921, -0.06484990566968918, 0.24315306544303894, 0.7968640327453613, -0.5530682802200317, 0.23537439107894897, 0.5046669840812683, 0.8306082487106323),
            ["LeftUpperLeg"] = CFrame.new(-2.384185791015625e-07, 2.9336661100387573e-07, -1.4901161193847656e-08, 0.9970366954803467, -0.019599707797169685, -0.07439000904560089, -0.04568822681903839, 0.6271205544471741, -0.7775812745094299, 0.061891887336969376, 0.7786756753921509, 0.6243665218353271),
            ["RightLowerLeg"] = CFrame.new(-2.2351741790771484e-08, -0.0001226663589477539, -0.00007743963942630216, 1, -1.8998973416728404e-07, -8.940695295223122e-08, 1.434236764907837e-07, 0.35114744305610657, 0.9363200664520264, -3.3527612686157227e-08, -0.9363201856613159, 0.3511478006839752),
            ["RightFoot"] = CFrame.new(-1.3096723705530167e-08, 2.384185791015625e-07, -1.786247594282031e-08, 0.965441882610321, 0.18791432678699493, -0.18058399856090546, -0.2601420283317566, 0.7367284297943115, -0.6241449117660522, 0.015755556523799896, 0.6495533585548401, 0.7601529955863953),
            ["LeftLowerLeg"] = CFrame.new(2.9802322387695312e-08, 0.00012230873107910156, 0.00007763132452964783, 1, 5.163018812481823e-08, 5.960462345910855e-08, -6.705521116145974e-08, 0.37904852628707886, 0.9253767728805542, 4.470347292340193e-08, -0.925376832485199, 0.3790484666824341),
        }},
        {Time = 0.133, Data = {
            ["LeftFoot"] = CFrame.new(-7.82310962677002e-08, -1.7881393432617188e-07, -2.2351741790771484e-08, 0.9920380115509033, -0.10800490528345108, -0.06477334350347519, 0.06800786405801773, 0.8923065066337585, -0.44627809524536133, 0.10599783062934875, 0.4383198022842407, 0.8925471901893616),
            ["LeftLowerArm"] = CFrame.new(-5.960464477539063e-08, 2.980232238769531e-07, 2.384185791015625e-07, 1, -7.450578820566989e-09, 1.117587622445626e-08, 2.9802315282267955e-08, 0.9223067760467529, -0.3864586055278778, -2.2351736461700966e-08, 0.38645854592323303, 0.9223068356513977),
            ["LowerTorso"] = CFrame.new(-0.057450152933597565, -0.39386796951293945, -0.055696502327919006, 0.9632026553153992, 0.05551110580563545, 0.26298144459724426, -0.06022346764802933, 0.9981359839439392, 0.009885733015835285, -0.26194247603416443, -0.025359617546200752, 0.9647502899169922),
            ["Head"] = CFrame.new(1.043081283569336e-07, -8.344650268554688e-07, -7.450580596923828e-09, 0.8203750252723694, -0.5541290640830994, 0.1411595195531845, 0.4052632451057434, 0.7375765442848206, 0.5401318669319153, -0.40341874957084656, -0.38590383529663086, 0.8296574354171753),
            ["RightUpperArm"] = CFrame.new(-1.1920928955078125e-07, 1.1920928955078125e-07, -1.341104507446289e-07, 0.8639267086982727, -0.25496894121170044, 0.4343058168888092, 0.17269353568553925, 0.9600681662559509, 0.2201051563024521, -0.47308316826820374, -0.11515296995639801, 0.8734598755836487),
            ["UpperTorso"] = CFrame.new(-4.0978193283081055e-08, 8.940696716308594e-08, 4.0046870708465576e-08, 0.9891839623451233, -0.14179080724716187, 0.037555620074272156, 0.12798726558685303, 0.959428071975708, 0.25123119354248047, -0.07165417075157166, -0.24370725452899933, 0.9671983122825623),
            ["HumanoidRootPart"] = CFrame.new(0, 0, 0, 1, 0, 0, 0, 1, 0, 0, 0, 1),
            ["RightHand"] = CFrame.new(2.384185791015625e-07, 2.980232238769531e-07, 0, 0.9481469988822937, 0.25647562742233276, -0.18771693110466003, -0.27296820282936096, 0.9596456289291382, -0.06759276986122131, 0.16280587017536163, 0.11532862484455109, 0.979894757270813),
            ["LeftUpperArm"] = CFrame.new(-2.384185791015625e-07, -3.5762786865234375e-07, -1.0803341865539551e-07, 0.9169894456863403, 0.21824344992637634, 0.33391648530960083, -0.18002746999263763, 0.9733862280845642, -0.14180752635002136, -0.35597819089889526, 0.06992185115814209, 0.931874692440033),
            ["RightLowerArm"] = CFrame.new(4.76837158203125e-07, -4.76837158203125e-07, 2.980232238769531e-07, 1, -5.21540641784668e-08, 3.166496043149891e-08, 7.450577932388569e-09, 0.9836151003837585, -0.18028175830841064, -2.60770232074492e-08, 0.18028172850608826, 0.9836150407791138),
            ["LeftHand"] = CFrame.new(-2.384185791015625e-07, 2.980232238769531e-07, -2.9802322387695312e-08, 0.9832478165626526, -0.15053801238536835, -0.10277284681797028, 0.12433938682079315, 0.9662261009216309, -0.2257140874862671, 0.13328029215335846, 0.2091541439294815, 0.9687575101852417),
            ["RightUpperLeg"] = CFrame.new(-1.1920928955078125e-07, 8.372589945793152e-07, -5.2918039727956057e-08, 0.9344560503959656, -0.3550761044025421, -0.02670344151556492, 0.2921440005302429, 0.8073889017105103, -0.5126160383224487, 0.20357784628868103, 0.47121572494506836, 0.8582026362419128),
            ["LeftUpperLeg"] = CFrame.new(2.9802322387695312e-08, 1.7730053514242172e-07, -4.842877388000488e-08, 0.9974997043609619, -0.034097641706466675, -0.06190197542309761, -0.02397332526743412, 0.6607128381729126, -0.750255823135376, 0.06648140400648117, 0.7498639822006226, 0.6582434177398682),
            ["RightLowerLeg"] = CFrame.new(-7.078051567077637e-08, -0.00012224912643432617, -0.00007743963942630216, 1, -1.6018744020129816e-07, -8.56816981809061e-08, 1.3783574104309082e-07, 0.25785934925079346, 0.9661824107170105, -8.940696716308594e-08, -0.9661824703216553, 0.2578597366809845),
            ["RightFoot"] = CFrame.new(4.854518920183182e-08, 3.5762786865234375e-07, -1.786247594282031e-08, 0.9644277691841125, 0.19753998517990112, -0.17566229403018951, -0.2642815113067627, 0.7057850360870361, -0.657284140586853, -0.005860000848770142, 0.6803274750709534, 0.73288494348526),
            ["LeftLowerLeg"] = CFrame.new(8.940696716308594e-08, 0.00012254714965820312, 0.00007717311382293701, 1, 5.960463766996327e-08, 5.587936158235607e-08, -8.568168397005138e-08, 0.2864759564399719, 0.9580875039100647, 8.940698137394065e-08, -0.9580874443054199, 0.2864757776260376),
        }},
        {Time = 0.167, Data = {
            ["LeftFoot"] = CFrame.new(-2.2351741790771484e-08, 1.1920928955078125e-07, -2.2351741790771484e-08, 0.9928553104400635, -0.10489071160554886, -0.056888118386268616, 0.06522943079471588, 0.8763093948364258, -0.4773118197917938, 0.09991729259490967, 0.47019121050834656, 0.8768907189369202),
            ["LeftLowerArm"] = CFrame.new(2.980232238769531e-07, -1.1920928955078125e-07, 8.940696716308594e-08, 1, -4.4703490686970326e-08, -1.8626458597736928e-08, 2.980232949312267e-08, 0.9320342540740967, -0.36237019300460815, 5.215407838932151e-08, 0.36237019300460815, 0.9320343136787415),
            ["LowerTorso"] = CFrame.new(-0.0754026472568512, -0.42073583602905273, -0.056165482848882675, 0.9666429758071899, 0.054877426475286484, 0.25017955899238586, -0.04136563837528229, 0.9974033236503601, -0.058954138308763504, -0.25276514887809753, 0.04663877189159393, 0.9664030075073242),
            ["Head"] = CFrame.new(5.21540641784668e-08, -7.152557373046875e-07, 1.9371509552001953e-07, 0.8985138535499573, -0.4251548647880554, 0.1091618612408638, 0.26450780034065247, 0.7228991389274597, 0.6383199095726013, -0.350297749042511, -0.5446652770042419, 0.7619917988777161),
            ["RightUpperArm"] = CFrame.new(-2.384185791015625e-07, -2.384185791015625e-07, -4.470348358154297e-08, 0.8802239894866943, -0.26946452260017395, 0.39063382148742676, 0.19921740889549255, 0.9569259285926819, 0.21119950711727142, -0.43071845173835754, -0.10808181017637253, 0.8959910869598389),
            ["UpperTorso"] = CFrame.new(-3.5390257835388184e-08, -1.7881393432617188e-07, 3.073364496231079e-08, 0.9949313402175903, -0.09133601933717728, 0.04206636920571327, 0.07304912060499191, 0.9439664483070374, 0.32185593247413635, -0.06910624355077744, -0.31715157628059387, 0.9458537697792053),
            ["HumanoidRootPart"] = CFrame.new(0, 0, 0, 1, 0, 0, 0, 1, 0, 0, 0, 1),
            ["RightHand"] = CFrame.new(1.6391277313232422e-07, 5.960464477539063e-08, 1.1920928955078125e-07, 0.9487372636795044, 0.19958873093128204, -0.24507562816143036, -0.21313942968845367, 0.9765675663948059, -0.02979268506169319, 0.23338666558265686, 0.08050066977739334, 0.9690461158752441),
            ["LeftUpperArm"] = CFrame.new(-1.1920928955078125e-07, -2.384185791015625e-07, -7.82310962677002e-08, 0.9364650249481201, 0.18181821703910828, 0.2999592423439026, -0.1499079316854477, 0.9805908203125, -0.1263696700334549, -0.31711363792419434, 0.07337452471256256, 0.945544958114624),
            ["RightLowerArm"] = CFrame.new(2.384185791015625e-07, -3.5762786865234375e-07, -2.384185791015625e-07, 1, -3.725290298461914e-08, -4.8428766774577525e-08, 0, 0.9914550185203552, -0.13044904172420502, -7.450577932388569e-09, 0.13044902682304382, 0.991455078125),
            ["LeftHand"] = CFrame.new(-1.043081283569336e-07, 1.7881393432617188e-07, 2.384185791015625e-07, 0.9890687465667725, -0.1270902156829834, -0.07477397471666336, 0.10871420055627823, 0.9710918664932251, -0.21251347661018372, 0.0996207594871521, 0.20206144452095032, 0.974293053150177),
            ["RightUpperLeg"] = CFrame.new(1.1920928955078125e-07, 2.4959444999694824e-07, -6.875052349641919e-08, 0.9373973608016968, -0.34783104062080383, -0.017319822683930397, 0.3009358048439026, 0.834041178226471, -0.46239906549453735, 0.17528221011161804, 0.4282395541667938, 0.886502742767334),
            ["LeftUpperLeg"] = CFrame.new(5.960464477539063e-08, -7.846392691135406e-08, -1.4901161193847656e-08, 0.9973443746566772, -0.02880665846168995, -0.06689152121543884, -0.028994087129831314, 0.6854906678199768, -0.727503776550293, 0.0668104812502861, 0.7275114059448242, 0.6828352808952332),
            ["RightLowerLeg"] = CFrame.new(-1.862645149230957e-08, -0.00012254714965820312, -0.00007746199116809294, 1, -1.8998971995642933e-07, -8.56816981809061e-08, 9.685753354915505e-08, 0.23292221128940582, 0.972495436668396, -1.378357268322361e-07, -0.9724953174591064, 0.23292213678359985),
            ["RightFoot"] = CFrame.new(-1.2689270079135895e-08, 5.364418029785156e-07, -5.045876605436206e-08, 0.963790774345398, 0.20305047929286957, -0.1728525161743164, -0.26630935072898865, 0.6997026801109314, -0.662943959236145, -0.013665569946169853, 0.6849721074104309, 0.7284417152404785),
            ["LeftLowerLeg"] = CFrame.new(-1.4901161193847656e-08, 0.0001226663589477539, 0.0000775456428527832, 1, 8.568166975919667e-08, 1.0058281674218961e-07, -6.70552182668871e-08, 0.21682754158973694, 0.9762099981307983, 5.5879347371501353e-08, -0.9762099385261536, 0.21682710945606232),
        }},
        {Time = 0.200, Data = {
            ["LeftFoot"] = CFrame.new(-4.6566128730773926e-08, 5.960464477539063e-08, -5.960464477539063e-08, 0.9939629435539246, -0.0985410138964653, -0.04824325069785118, 0.06181541457772255, 0.8662427663803101, -0.49578461050987244, 0.09064547717571259, 0.48980939388275146, 0.8671045303344727),
            ["LeftLowerArm"] = CFrame.new(1.7881393432617188e-07, 5.960464477539062e-07, -1.1175870895385742e-07, 1, -2.980230462412692e-08, 4.0978196835794733e-08, 1.4901157641133977e-08, 0.9535691738128662, -0.301174134016037, 1.1175868230850483e-08, 0.3011740744113922, 0.953569233417511),
            ["LowerTorso"] = CFrame.new(-0.09042549133300781, -0.4353961944580078, -0.05331551283597946, 0.9683288931846619, 0.04013047739863396, 0.24643194675445557, -0.01631580851972103, 0.9950595498085022, -0.09793028980493546, -0.24914443492889404, 0.09080798923969269, 0.9641997218132019),
            ["Head"] = CFrame.new(9.313225746154785e-08, -4.76837158203125e-07, 5.21540641784668e-08, 0.9725301265716553, -0.20918084681034088, 0.10212094336748123, 0.08394850045442581, 0.7243619561195374, 0.6842896342277527, -0.21711280941963196, -0.6569194197654724, 0.7220243215560913),
            ["RightUpperArm"] = CFrame.new(-2.980232238769531e-07, 1.1920928955078125e-07, 2.9802322387695312e-08, 0.8958213925361633, -0.2744937539100647, 0.349510133266449, 0.2177562415599823, 0.956685483455658, 0.19322340190410614, -0.3874099552631378, -0.09698566049337387, 0.9167919158935547),
            ["UpperTorso"] = CFrame.new(-1.210719347000122e-08, 3.8743019104003906e-07, 5.029141902923584e-08, 0.9985888004302979, -0.033698566257953644, 0.04104788601398468, 0.016539648175239563, 0.9317981004714966, 0.36260008811950684, -0.05046738311648369, -0.36140942573547363, 0.9310404658317566),
            ["HumanoidRootPart"] = CFrame.new(0, 0, 0, 1, 0, 0, 0, 1, 0, 0, 0, 1),
            ["RightHand"] = CFrame.new(4.172325134277344e-07, 4.172325134277344e-07, -8.940696716308594e-08, 0.9401059746742249, 0.1398725062608719, -0.31086426973342896, -0.14387141168117523, 0.9895443320274353, 0.010151248425245285, 0.30903369188308716, 0.03518131747841835, 0.950400173664093),
            ["LeftUpperArm"] = CFrame.new(-1.1920928955078125e-07, 3.5762786865234375e-07, 3.725290298461914e-08, 0.9656335711479187, 0.15096762776374817, 0.21156682074069977, -0.13002516329288483, 0.9854227304458618, -0.10970649868249893, -0.22504495084285736, 0.07842729240655899, 0.9711868762969971),
            ["RightLowerArm"] = CFrame.new(3.5762786865234375e-07, 2.980232238769531e-07, -1.1920928955078125e-07, 1, 2.2351745343485163e-08, 1.1175868230850483e-08, 7.450580596923828e-09, 0.9988362193107605, -0.048231203109025955, -3.3527612686157227e-08, 0.048231206834316254, 0.9988362193107605),
            ["LeftHand"] = CFrame.new(-8.940696716308594e-08, -1.1920928955078125e-07, -5.960464477539063e-08, 0.9935570359230042, -0.10605086386203766, -0.039970651268959045, 0.09657285362482071, 0.9768008589744568, -0.1911383420228958, 0.05931360274553299, 0.1860467791557312, 0.9807490110397339),
            ["RightUpperLeg"] = CFrame.new(0, 0.000001041218638420105, 2.0656443666666746e-08, 0.9419077038764954, -0.33512547612190247, -0.022379959002137184, 0.29398858547210693, 0.854841411113739, -0.42757096886634827, 0.1624211221933365, 0.3961527943611145, 0.9037047624588013),
            ["LeftUpperLeg"] = CFrame.new(-1.1920928955078125e-07, 5.634501576423645e-07, 5.960464477539063e-08, 0.9963412284851074, -0.02438725344836712, -0.08191101998090744, -0.042152274399995804, 0.6935162544250488, -0.7192068696022034, 0.07434619218111038, 0.7200281620025635, 0.6899508833885193),
            ["RightLowerLeg"] = CFrame.new(-3.725290298461914e-08, -0.00012236833572387695, -0.00007755884871585295, 1, -1.4528625058574107e-07, -1.005828522693264e-07, 1.0989606380462646e-07, 0.23437854647636414, 0.9721453189849854, 0, -0.9721454381942749, 0.23437908291816711),
            ["RightFoot"] = CFrame.new(2.3283064365386963e-09, 3.5762786865234375e-07, -4.952744347974658e-08, 0.9627271294593811, 0.21005620062351227, -0.17039121687412262, -0.2698231637477875, 0.7021709680557251, -0.6589013934135437, -0.018762437626719475, 0.6803178191184998, 0.7326772212982178),
            ["LeftLowerLeg"] = CFrame.new(4.470348358154297e-08, 0.00012254714965820312, 0.00007743760943412781, 1, 8.381903882082042e-08, 3.725289943190546e-08, -8.195639367158947e-08, 0.16697384417057037, 0.9859613180160522, 6.33299421792799e-08, -0.985961377620697, 0.16697381436824799),
        }},
        {Time = 0.233, Data = {
            ["LeftFoot"] = CFrame.new(1.4901161193847656e-08, 1.1920928955078125e-07, 2.2351741790771484e-08, 0.9952811598777771, -0.08892947435379028, -0.03882037103176117, 0.05843507498502731, 0.8687090277671814, -0.49186334013938904, 0.07746469974517822, 0.4872742295265198, 0.8698065876960754),
            ["LeftLowerArm"] = CFrame.new(-3.8743019104003906e-07, -0.0000012516975402832031, 2.682209014892578e-07, 1, -1.3969836842875338e-08, -1.4435501682896756e-08, 0, 0.9755576252937317, -0.21974408626556396, -1.1175867342672063e-08, 0.21974408626556396, 0.9755575656890869),
            ["LowerTorso"] = CFrame.new(-0.10112616419792175, -0.42011404037475586, -0.046817533671855927, 0.9693940281867981, 0.018260734155774117, 0.24483029544353485, 0.006753377616405487, 0.9948693513870239, -0.10094230622053146, -0.24541744589805603, 0.09950628876686096, 0.9642971158027649),
            ["Head"] = CFrame.new(2.9802322387695312e-08, -3.5762786865234375e-07, 1.7136335372924805e-07, 0.9915930032730103, 0.03198288381099701, 0.12538178265094757, -0.10842757672071457, 0.7341920137405396, 0.6702279448509216, -0.07061847299337387, -0.6781882047653198, 0.7314875721931458),
            ["RightUpperArm"] = CFrame.new(-3.5762786865234375e-07, 0, -4.470348358154297e-08, 0.9105557203292847, -0.2736087143421173, 0.3098815381526947, 0.22766363620758057, 0.9576019048690796, 0.17654433846473694, -0.3450472950935364, -0.09020470827817917, 0.9342406392097473),
            ["UpperTorso"] = CFrame.new(-3.67872416973114e-08, 2.086162567138672e-07, 6.05359673500061e-09, 0.9991075396537781, 0.01770326867699623, 0.03835281729698181, -0.03050817735493183, 0.9303929805755615, 0.3652919828891754, -0.02921632118523121, -0.36613598465919495, 0.9301027059555054),
            ["HumanoidRootPart"] = CFrame.new(0, 0, 0, 1, 0, 0, 0, 1, 0, 0, 0, 1),
            ["RightHand"] = CFrame.new(2.086162567138672e-07, 1.7881393432617188e-07, 0, 0.9194868803024292, 0.09203031659126282, -0.3821967840194702, -0.08330945670604706, 0.9957467913627625, 0.03934348747134209, 0.3841919004917145, -0.004335255362093449, 0.9232431650161743),
            ["LeftUpperArm"] = CFrame.new(-1.1920928955078125e-07, -3.5762786865234375e-07, -3.725290298461914e-08, 0.989275336265564, 0.13201789557933807, 0.06249590590596199, -0.1263303905725479, 0.9881146550178528, -0.08757859468460083, -0.07331511378288269, 0.07874418050050735, 0.994195282459259),
            ["RightLowerArm"] = CFrame.new(-2.980232238769531e-07, -8.344650268554688e-07, -2.384185791015625e-07, 1, 3.725290298461914e-08, -7.823107495141812e-08, 0, 1, 4.470347292340193e-08, -5.21540641784668e-08, -1.4901161193847656e-08, 1),
            ["LeftHand"] = CFrame.new(-1.1175870895385742e-07, 7.748603820800781e-07, -5.960464477539063e-08, 0.9954061508178711, -0.09553466737270355, 0.006301359739154577, 0.0953049510717392, 0.9824277758598328, -0.16047637164592743, 0.009140491485595703, 0.16033966839313507, 0.9870196580886841),
            ["RightUpperLeg"] = CFrame.new(-8.940696716308594e-08, 6.132759153842926e-07, -9.110226528719068e-08, 0.947586178779602, -0.31727704405784607, -0.03762727975845337, 0.2753930687904358, 0.8707956075668335, -0.4072759747505188, 0.16198499500751495, 0.3755667209625244, 0.912529706954956),
            ["LeftUpperLeg"] = CFrame.new(0, 2.468004822731018e-08, 2.2351741790771484e-08, 0.9950616955757141, -0.019242679700255394, -0.09737619757652283, -0.05636037886142731, 0.6980083584785461, -0.7138682007789612, 0.08170609176158905, 0.7158311009407043, 0.6934768557548523),
            ["RightLowerLeg"] = CFrame.new(5.774199962615967e-08, -0.00012242794036865234, -0.00007742473826510832, 1, -1.4156101713069802e-07, -8.56816981809061e-08, 1.3783574104309082e-07, 0.2841360569000244, 0.9587838053703308, -2.9802322387695312e-08, -0.9587840437889099, 0.2841367721557617),
            ["RightFoot"] = CFrame.new(-9.924406185746193e-08, 3.5762786865234375e-07, -2.996966941282153e-08, 0.9619814157485962, 0.2153385728597641, -0.16799210011959076, -0.2726781964302063, 0.7224894165992737, -0.6353389620780945, -0.01544046588242054, 0.6569920182228088, 0.7537393569946289),
            ["LeftLowerLeg"] = CFrame.new(8.195638656616211e-08, 0.00012254714965820312, 0.00007728114724159241, 1, 7.450579175838357e-08, 7.823111758398227e-08, -8.568168397005138e-08, 0.17279836535453796, 0.9849573373794556, 7.450581307466564e-08, -0.9849572777748108, 0.1727982461452484),
        }},
        {Time = 0.267, Data = {
            ["LeftFoot"] = CFrame.new(4.936009645462036e-08, -5.960464477539063e-08, 0, 0.9963886737823486, -0.07960698753595352, -0.02953588403761387, 0.056381963193416595, 0.8803985714912415, -0.4708707630634308, 0.06348792463541031, 0.4675051271915436, 0.8817076683044434),
            ["LeftLowerArm"] = CFrame.new(-3.8743019104003906e-07, 2.384185791015625e-07, 5.21540641784668e-08, 1, 0, -9.31322685637781e-10, 1.303851426825986e-08, 0.9906126260757446, -0.13669942319393158, -7.4505797087454084e-09, 0.1366993933916092, 0.9906125664710999),
            ["LowerTorso"] = CFrame.new(-0.10524025559425354, -0.37812209129333496, -0.038801148533821106, 0.9719061255455017, -0.006628833245486021, 0.23527558147907257, 0.02573469839990139, 0.9966031908988953, -0.07822910696268082, -0.23395782709121704, 0.08208608627319336, 0.9687753915786743),
            ["Head"] = CFrame.new(8.195638656616211e-08, -0.0000010728836059570312, 1.601874828338623e-07, 0.9606118202209473, 0.23948080837726593, 0.1409752070903778, -0.2755609154701233, 0.7552787661552429, 0.5946597456932068, 0.03593399003148079, -0.6100844144821167, 0.7915212512016296),
            ["RightUpperArm"] = CFrame.new(-2.980232238769531e-07, -4.76837158203125e-07, -2.9802322387695312e-08, 0.923918604850769, -0.2664147615432739, 0.2745862603187561, 0.22927501797676086, 0.96010822057724, 0.1600791960954666, -0.3062799572944641, -0.08494439721107483, 0.9481439590454102),
            ["UpperTorso"] = CFrame.new(-2.7124769985675812e-08, -2.384185791015625e-07, 6.938353180885315e-08, 0.9975197315216064, 0.056943923234939575, 0.04137416556477547, -0.06779874116182327, 0.935268759727478, 0.3473843038082123, -0.01891448348760605, -0.34932783246040344, 0.936809778213501),
            ["HumanoidRootPart"] = CFrame.new(0, 0, 0, 1, 0, 0, 0, 1, 0, 0, 0, 1),
            ["RightHand"] = CFrame.new(5.662441253662109e-07, 2.980232238769531e-07, 8.940696716308594e-08, 0.8891370296478271, 0.07051897794008255, -0.4521752595901489, -0.05310138687491417, 0.9972801208496094, 0.05111460015177727, 0.4545499086380005, -0.02143673785030842, 0.8904633522033691),
            ["LeftUpperArm"] = CFrame.new(5.960464477539063e-08, -4.76837158203125e-07, 5.21540641784668e-08, 0.9777500033378601, 0.13183781504631042, -0.16316838562488556, -0.1433493047952652, 0.9877990484237671, -0.060860466212034225, 0.1531538963317871, 0.08289635181427002, 0.9847193360328674),
            ["RightLowerArm"] = CFrame.new(0, -5.960464477539063e-08, 5.960464477539063e-08, 1, 1.4901161193847656e-08, 2.9802315282267955e-08, 7.450580596923828e-09, 1, -4.470347292340193e-08, 3.725290298461914e-09, 0, 1),
            ["LeftHand"] = CFrame.new(-1.5087425708770752e-07, 2.384185791015625e-07, 0, 0.9920817613601685, -0.10598119348287582, 0.06739383935928345, 0.11260764300823212, 0.9882224798202515, -0.10361465811729431, -0.05561891943216324, 0.1103832796216011, 0.9923316836357117),
            ["RightUpperLeg"] = CFrame.new(-2.9802322387695312e-08, 7.345806807279587e-07, -5.3849362302571535e-08, 0.9549503922462463, -0.291684091091156, -0.054682131856679916, 0.24756395816802979, 0.88459712266922, -0.3952215909957886, 0.16365161538124084, 0.363879531621933, 0.916956901550293),
            ["LeftUpperLeg"] = CFrame.new(2.9802322387695312e-08, 6.332993507385254e-08, -7.450580596923828e-09, 0.9942165613174438, -0.004860274493694305, -0.10728413611650467, -0.07247050106525421, 0.7068743109703064, -0.7036169767379761, 0.07925616204738617, 0.7073225378990173, 0.7024338841438293),
