return {
    ["The Middle"] = {
        {Time = 0.000, Data = {
            ["LeftFoot"] = CFrame.new(-1.6763806343078613e-08, 5.960464477539063e-08, -9.313225746154785e-09, 0.9651838541030884, -0.20854836702346802, -0.15788517892360687, 0.2483593374490738, 0.9200733304023743, 0.30295687913894653, 0.08208469301462173, -0.3316211700439453, 0.9398348331451416),
            ["LeftLowerArm"] = CFrame.new(-1.7881393432617188e-07, 0, -2.9802322387695312e-08, 1, -1.1920927533992653e-07, -1.4901159417490817e-08, 2.9802322387695312e-08, 0.43159914016723633, -0.9020655155181885, 1.043081283569336e-07, 0.9020655155181885, 0.43159914016723633),
            ["LowerTorso"] = CFrame.new(0.32678741216659546, -0.4100545644760132, 0.19095179438591003, 0.9922771453857422, -0.11097574979066849, 0.055411580950021744, 0.10210864990949631, 0.9844309687614441, 0.1430722177028656, -0.07042641192674637, -0.13630928099155426, 0.9881599545478821),
            ["Head"] = CFrame.new(-4.190951585769653e-08, -1.1920928955078125e-07, -2.682209014892578e-07, 0.9220055937767029, 0.2178678661584854, 0.3200613260269165, 0.050218213349580765, 0.7523789405822754, -0.6568135023117065, -0.3839060068130493, 0.6216588020324707, 0.6827566623687744),
            ["RightUpperArm"] = CFrame.new(-5.960464477539063e-08, -4.76837158203125e-07, -3.129243850708008e-07, 0.9791529178619385, 0.203047975897789, 0.005580684170126915, -0.12863554060459137, 0.5985852479934692, 0.7906633615493774, 0.15720190107822418, -0.7748982906341553, 0.6122257113456726),
            ["UpperTorso"] = CFrame.new(-1.955777406692505e-08, -5.960464477539063e-08, 1.862645149230957e-09, 0.8978027701377869, 0.4201757311820984, -0.13191920518875122, -0.30161622166633606, 0.8049137592315674, 0.5110201239585876, 0.32090187072753906, -0.4190063178539276, 0.8493855595588684),
            ["HumanoidRootPart"] = CFrame.new(0, 0, 0, 1, 0, 0, 0, 1, 0, 0, 0, 1),
            ["RightHand"] = CFrame.new(-1.4901161193847656e-08, 0, 1.1175870895385742e-07, 0.9189774990081787, -0.3224913775920868, -0.22689123451709747, 0.3935271203517914, 0.7138605713844299, 0.5792577266693115, -0.024836841970682144, -0.6216127276420593, 0.7829309701919556),
            ["LeftUpperArm"] = CFrame.new(-2.384185791015625e-07, -2.384185791015625e-07, -2.7194619178771973e-07, 0.9164987802505493, 0.3595421016216278, -0.17538410425186157, -0.2922520935535431, 0.9011528491973877, 0.3201752305030823, 0.27316418290138245, -0.2421838343143463, 0.9309824705123901),
            ["RightLowerArm"] = CFrame.new(1.7881393432617188e-07, -2.384185791015625e-07, -2.60770320892334e-07, 1, -7.450579886381092e-08, 2.0116567611694336e-07, 1.909211277961731e-08, -0.5622330904006958, -0.826978862285614, 1.9185245037078857e-07, 0.826978862285614, -0.5622330904006958),
            ["LeftHand"] = CFrame.new(0, -1.7881393432617188e-07, -2.9802322387695312e-08, 0.925284206867218, 0.13501444458961487, -0.3544294536113739, -0.04932285472750664, 0.9693924188613892, 0.24051132798194885, 0.3760538697242737, -0.20505987107753754, 0.9036228060722351),
            ["RightUpperLeg"] = CFrame.new(-2.9802322387695312e-08, -1.7695128917694092e-07, -5.420588422566652e-09, 0.9784682393074036, -0.20630598068237305, -0.006155113223940134, 0.14863131940364838, 0.7249934077262878, -0.6725276708602905, 0.14320890605449677, 0.6571319699287415, 0.7400464415550232),
            ["LeftUpperLeg"] = CFrame.new(-1.1920928955078125e-07, -2.1979212760925293e-07, -2.7939677238464355e-08, 0.8300102949142456, 0.42112430930137634, -0.3657013177871704, -0.46754011511802673, 0.16781848669052124, -0.8678958415985107, -0.3041204512119293, 0.8913424015045166, 0.33618345856666565),
            ["RightLowerLeg"] = CFrame.new(1.6763806343078613e-07, 2.980232238769531e-07, 3.149762051180005e-08, 1, -1.266598985694145e-07, -1.2293465090351674e-07, 1.3038514623531228e-07, 0.35527148842811584, 0.9347630143165588, -7.450579886381092e-08, -0.9347632527351379, 0.3552719056606293),
            ["RightFoot"] = CFrame.new(7.82310962677002e-08, 2.384185791015625e-07, 3.149762051180005e-08, 0.944004476070404, 0.29819586873054504, 0.14118969440460205, -0.1731846034526825, 0.8120932579040527, -0.5572356581687927, -0.28082484006881714, 0.5015813112258911, 0.8182627558708191),
            ["LeftLowerLeg"] = CFrame.new(-7.450580596923828e-08, -5.960464477539063e-08, -2.9802322387695312e-08, 1, 1.3411049337719305e-07, 5.960465188081798e-08, -1.0430811414607888e-07, 0.028909001499414444, 0.9995821118354797, 7.450579886381092e-08, -0.999582052230835, 0.028909076005220413),
        }},
        {Time = 0.017, Data = {
            ["LeftFoot"] = CFrame.new(1.51805579662323e-07, 1.1920928955078125e-07, 1.4901161193847656e-08, 0.9428411722183228, -0.25200405716896057, -0.21804723143577576, 0.30974695086479187, 0.9040610790252686, 0.29450055956840515, 0.12291271984577179, -0.345206618309021, 0.9304434061050415),
            ["LeftLowerArm"] = CFrame.new(-1.1920928955078125e-07, 3.5762786865234375e-07, 2.5331974029541016e-07, 1, -2.5844204998293208e-08, -1.862645326866641e-08, -4.470348358154297e-08, 0.7007425427436829, -0.7134143114089966, 8.940696716308594e-08, 0.7134143114089966, 0.7007424235343933),
            ["LowerTorso"] = CFrame.new(0.32710444927215576, -0.40273869037628174, 0.19124901294708252, 0.99737948179245, -0.057612378150224686, 0.04376266896724701, 0.05027150362730026, 0.9868733286857605, 0.15347251296043396, -0.052030134946107864, -0.15087029337882996, 0.9871833920478821),
            ["Head"] = CFrame.new(-9.033828973770142e-08, 0, -3.725290298461914e-08, 0.9173019528388977, 0.21465657651424408, 0.3353801667690277, 0.059832051396369934, 0.7583912014961243, -0.6490477919578552, -0.3936716616153717, 0.615439236164093, 0.6828303933143616),
            ["RightUpperArm"] = CFrame.new(-5.960464477539063e-08, 1.1920928955078125e-07, -1.9371509552001953e-07, 0.9845046401023865, 0.1753566712141037, -0.0008008648874238133, -0.1097104623913765, 0.619496762752533, 0.7772948741912842, 0.13679997622966766, -0.7651626467704773, 0.6291359663009644),
            ["UpperTorso"] = CFrame.new(9.313225746154785e-09, -2.9802322387695312e-08, 3.166496753692627e-08, 0.9143551588058472, 0.37436696887016296, -0.15428593754768372, -0.25589415431022644, 0.8295533061027527, 0.49634623527526855, 0.3138040006160736, -0.4143558442592621, 0.8543046116828918),
            ["HumanoidRootPart"] = CFrame.new(0, 0, 0, 1, 0, 0, 0, 1, 0, 0, 0, 1),
            ["RightHand"] = CFrame.new(2.086162567138672e-07, 1.1920928955078125e-07, -1.4901161193847656e-08, 0.9226226806640625, -0.27434027194976807, -0.2711181938648224, 0.38342520594596863, 0.7286539077758789, 0.5674933195114136, 0.04186483100056648, -0.6275356411933899, 0.7774614095687866),
            ["LeftUpperArm"] = CFrame.new(0, 3.5762786865234375e-07, -2.421438694000244e-07, 0.9134076237678528, 0.3636077642440796, -0.1829644739627838, -0.31126224994659424, 0.913586437702179, 0.26167842745780945, 0.2623021900653839, -0.18206940591335297, 0.9476542472839355),
            ["RightLowerArm"] = CFrame.new(-1.1920928955078125e-07, 0, -5.960464477539063e-08, 1, -6.705523247774181e-08, 1.4156101713069802e-07, -4.6566133171666024e-09, -0.500888466835022, -0.8655117750167847, 1.4714898100010032e-07, 0.865511953830719, -0.5008885860443115),
            ["LeftHand"] = CFrame.new(-1.4901161193847656e-07, 5.960464477539063e-08, -8.940696716308594e-08, 0.9711751341819763, 0.18731150031089783, -0.1474227011203766, -0.15999466180801392, 0.970690131187439, 0.179338738322258, 0.17669375240802765, -0.15058225393295288, 0.9726788997650146),
            ["RightUpperLeg"] = CFrame.new(1.1920928955078125e-07, -2.2165477275848389e-07, -5.420588422566652e-09, 0.9711153507232666, -0.23208209872245789, 0.05543529987335205, 0.20421314239501953, 0.6882125735282898, -0.696175754070282, 0.1234186515212059, 0.6873874068260193, 0.7157278656959534),
            ["LeftUpperLeg"] = CFrame.new(-5.960464477539063e-08, -1.8719583749771118e-07, -7.450580596923828e-09, 0.848468005657196, 0.422416627407074, -0.318851500749588, -0.44708433747291565, 0.24966146051883698, -0.8589439988136292, -0.2832272946834564, 0.8713399767875671, 0.4006856083869934),
            ["RightLowerLeg"] = CFrame.new(-3.259629011154175e-08, 5.960464477539063e-08, -5.790934665128589e-08, 1, -1.1920927533992653e-07, -9.685758328714655e-08, 1.2852250108608132e-07, 0.3186151683330536, 0.9478840827941895, -9.685753354915505e-08, -0.9478841423988342, 0.31861552596092224),
            ["RightFoot"] = CFrame.new(1.5832483768463135e-08, 2.980232238769531e-07, 8.365168469026685e-08, 0.9457083344459534, 0.298892080783844, 0.1276690512895584, -0.17637737095355988, 0.80189448595047, -0.5708379149436951, -0.27299609780311584, 0.5173284411430359, 0.811076283454895),
            ["LeftLowerLeg"] = CFrame.new(2.2351741790771484e-08, -1.1920928955078125e-07, -5.960464477539063e-08, 1, 1.1175873737556685e-07, 8.940698137394065e-08, -7.450579886381092e-08, 0.121500164270401, 0.9925914406776428, 5.960463766996327e-08, -0.9925915002822876, 0.12150010466575623),
        }},
        {Time = 0.033, Data = {
            ["LeftFoot"] = CFrame.new(1.1641532182693481e-08, -5.960464477539063e-08, -3.91155481338501e-08, 0.9207531809806824, -0.29617616534233093, -0.2539549469947815, 0.3636299967765808, 0.887349545955658, 0.28352075815200806, 0.14137479662895203, -0.35339850187301636, 0.9247285723686218),
            ["LeftLowerArm"] = CFrame.new(-5.960464477539063e-08, -7.152557373046875e-07, -1.9371509552001953e-07, 1, -2.2351738238057806e-08, 2.2351747119842003e-08, 1.043081283569336e-07, 0.8705062866210938, -0.492157518863678, 1.4901161193847656e-08, 0.4921573996543884, 0.8705061674118042),
            ["LowerTorso"] = CFrame.new(0.32466810941696167, -0.3878556489944458, 0.19032102823257446, 0.999511182308197, 0.0033673143479973078, 0.03108249232172966, -0.0083578797057271, 0.9867784976959229, 0.1618596464395523, -0.030126499012112617, -0.1620403230190277, 0.9863241910934448),
            ["Head"] = CFrame.new(-4.0978193283081055e-08, -2.384185791015625e-07, -1.2665987014770508e-07, 0.9140769839286804, 0.21956518292427063, 0.3409610688686371, 0.055836744606494904, 0.7646101117134094, -0.6420697569847107, -0.4016783833503723, 0.6059393882751465, 0.6866528391838074),
            ["RightUpperArm"] = CFrame.new(-5.960464477539063e-08, -1.1920928955078125e-07, -7.450580596923828e-08, 0.9880005717277527, 0.15435530245304108, 0.005422116722911596, -0.10334985703229904, 0.6346217393875122, 0.7658811807632446, 0.11477669328451157, -0.7572515606880188, 0.6429594159126282),
            ["UpperTorso"] = CFrame.new(-1.280568540096283e-08, 2.9802322387695312e-08, -5.681067705154419e-08, 0.9321839809417725, 0.3165038228034973, -0.17566539347171783, -0.19857683777809143, 0.8528702259063721, 0.48288694024086, 0.30265533924102783, -0.41525641083717346, 0.8578822612762451),
            ["HumanoidRootPart"] = CFrame.new(0, 0, 0, 1, 0, 0, 0, 1, 0, 0, 0, 1),
            ["RightHand"] = CFrame.new(-3.725290298461914e-08, 1.1920928955078125e-07, -5.960464477539063e-08, 0.9226893186569214, -0.2226426601409912, -0.31476128101348877, 0.3686050474643707, 0.7487572431564331, 0.5509017705917358, 0.1130257248878479, -0.6243340969085693, 0.7729376554489136),
            ["LeftUpperArm"] = CFrame.new(-1.1920928955078125e-07, 0, -1.2479722499847412e-07, 0.9194949865341187, 0.35045281052589417, -0.17807908356189728, -0.3112993538379669, 0.9257799386978149, 0.2145327478647232, 0.24004553258419037, -0.1418258398771286, 0.9603456258773804),
            ["RightLowerArm"] = CFrame.new(-1.1920928955078125e-07, 2.980232238769531e-07, -6.07222318649292e-07, 1, -8.195638656616211e-08, 1.266598843585598e-07, 1.299049614544856e-07, -0.43656080961227417, -0.8996748328208923, 1.3783575525394554e-07, 0.8996748328208923, -0.4365607798099518),
            ["LeftHand"] = CFrame.new(-2.9802322387695312e-08, -1.1920928955078125e-07, -5.960464477539063e-08, 0.9573323130607605, 0.24915793538093567, 0.14640825986862183, -0.26525458693504333, 0.9586623311042786, 0.10298917442560196, -0.11469553411006927, -0.13743048906326294, 0.9838485717773438),
            ["RightUpperLeg"] = CFrame.new(-5.960464477539063e-08, 1.1734664440155029e-07, -5.3849362302571535e-08, 0.9586815237998962, -0.25399288535118103, 0.12813065946102142, 0.2678505778312683, 0.6541552543640137, -0.7073450684547424, 0.09584327042102814, 0.7124384045600891, 0.6951586604118347),
            ["LeftUpperLeg"] = CFrame.new(0, -2.7939677238464355e-09, -5.8673322200775146e-08, 0.8724860548973083, 0.4163588881492615, -0.25576066970825195, -0.4125484228134155, 0.3471616804599762, -0.8421893119812012, -0.2618626356124878, 0.8403119444847107, 0.47466182708740234),
            ["RightLowerLeg"] = CFrame.new(-1.2060627341270447e-07, 4.76837158203125e-07, 1.6952981241047382e-09, 1, -1.4528633585086936e-07, -9.313231430496671e-08, 1.2852251529693604e-07, 0.28852275013923645, 0.9574729800224304, -1.1362135410308838e-07, -0.9574731588363647, 0.28852322697639465),
            ["RightFoot"] = CFrame.new(-1.9371509552001953e-07, 2.980232238769531e-07, 1.6952981241047382e-09, 0.9475094676017761, 0.30007389187812805, 0.1103692427277565, -0.18584682047367096, 0.7977922558784485, -0.5735750198364258, -0.2601667046546936, 0.5229562520980835, 0.811683714389801),
            ["LeftLowerLeg"] = CFrame.new(-5.960464477539063e-08, 0, -5.960464477539063e-08, 1, 5.960465898624534e-08, 8.940699558479537e-08, -8.940696716308594e-08, 0.22410453855991364, 0.9745651483535767, 2.9802322387695312e-08, -0.9745651483535767, 0.22410447895526886),
        }},
        {Time = 0.050, Data = {
            ["LeftFoot"] = CFrame.new(-5.820766091346741e-08, -1.1920928955078125e-07, 0, 0.905184268951416, -0.33135661482810974, -0.2661656141281128, 0.40087831020355225, 0.873676598072052, 0.27565568685531616, 0.14120224118232727, -0.35621902346611023, 0.9236719012260437),
            ["LeftLowerArm"] = CFrame.new(-1.1920928955078125e-07, 1.7881393432617188e-07, 1.043081283569336e-07, 1, 0, 0, -2.9802322387695312e-08, 0.9471501111984253, -0.3207908570766449, 1.4901161193847656e-08, 0.32079067826271057, 0.9471500515937805),
            ["LowerTorso"] = CFrame.new(0.31931525468826294, -0.36677026748657227, 0.1878194808959961, 0.9974659085273743, 0.06996180862188339, 0.012934384867548943, -0.07113636285066605, 0.9838963150978088, 0.16397464275360107, -0.0012541301548480988, -0.16447919607162476, 0.986379861831665),
            ["Head"] = CFrame.new(6.705522537231445e-08, 1.1920928955078125e-07, -3.948807716369629e-07, 0.9129654765129089, 0.22661854326725006, 0.33932000398635864, 0.04496850445866585, 0.7706456780433655, -0.6356752514839172, -0.4055512845516205, 0.5956084132194519, 0.693382203578949),
            ["RightUpperArm"] = CFrame.new(0, 0, -1.4901161193847656e-07, 0.9913899302482605, 0.12977196276187897, 0.01747548021376133, -0.09863941371440887, 0.6523587703704834, 0.7514641284942627, 0.08611860871315002, -0.7467178106307983, 0.6595425605773926),
            ["UpperTorso"] = CFrame.new(-3.361492417752743e-08, -2.086162567138672e-07, -2.1886080503463745e-08, 0.9502043724060059, 0.24416692554950714, -0.1936345398426056, -0.12891291081905365, 0.8736897110939026, 0.46909236907958984, 0.2837134003639221, -0.4207717180252075, 0.8616600036621094),
            ["HumanoidRootPart"] = CFrame.new(0, 0, 0, 1, 0, 0, 0, 1, 0, 0, 0, 1),
            ["RightHand"] = CFrame.new(-1.1175870895385742e-07, -2.384185791015625e-07, 8.940696716308594e-08, 0.9139628410339355, -0.16187883913516998, -0.372111976146698, 0.3510632812976837, 0.7753478288650513, 0.5249670147895813, 0.20353496074676514, -0.6104351878166199, 0.7654687762260437),
            ["LeftUpperArm"] = CFrame.new(5.960464477539063e-08, 1.1920928955078125e-07, -4.33996319770813e-07, 0.9329698085784912, 0.32933416962623596, -0.14528024196624756, -0.3012670576572418, 0.9353119134902954, 0.18555228412151337, 0.19699102640151978, -0.12934668362140656, 0.9718354940414429),
            ["RightLowerArm"] = CFrame.new(2.980232238769531e-07, 5.960464477539063e-08, 1.1175870895385742e-08, 1, -6.146729703004894e-08, 1.1920928955078125e-07, 2.0489094865183688e-08, -0.35797810554504395, -0.9337301254272461, 1.7508862981685525e-07, 0.9337300658226013, -0.3579779863357544),
            ["LeftHand"] = CFrame.new(-2.682209014892578e-07, 0, -1.7881393432617188e-07, 0.8174152374267578, 0.27705803513526917, 0.5050457715988159, -0.33283698558807373, 0.9427387714385986, 0.02152818627655506, -0.4701615869998932, -0.18569506704807281, 0.8628241419792175),
            ["RightUpperLeg"] = CFrame.new(0, -3.203749656677246e-07, -1.0077201295644045e-08, 0.938559889793396, -0.2740864157676697, 0.2097191959619522, 0.33910244703292847, 0.6194482445716858, -0.7080208659172058, 0.06414873152971268, 0.7356362342834473, 0.6743324995040894),
            ["LeftUpperLeg"] = CFrame.new(-1.1920928955078125e-07, -1.8067657947540283e-07, 1.932494342327118e-08, 0.8996741771697998, 0.3970268964767456, -0.18153831362724304, -0.3643209934234619, 0.4536912441253662, -0.8132862448692322, -0.24053411185741425, 0.7978308796882629, 0.5528194904327393),
            ["RightLowerLeg"] = CFrame.new(-1.2363307178020477e-07, 2.980232238769531e-07, 9.110226528719068e-08, 1, -1.3620592653751373e-07, -8.801001172287215e-08, 1.1781230568885803e-07, 0.2664070129394531, 0.9638605117797852, -6.51925802230835e-08, -0.9638606905937195, 0.26640743017196655),
            ["RightFoot"] = CFrame.new(6.938353180885315e-08, 2.384185791015625e-07, 9.145878721028566e-09, 0.9482873678207397, 0.30282625555992126, 0.09511801600456238, -0.1983155608177185, 0.7992274165153503, -0.5673678517341614, -0.24783481657505035, 0.5191645622253418, 0.8179525136947632),
            ["LeftLowerLeg"] = CFrame.new(4.470348358154297e-08, 5.960464477539063e-08, 9.685754776000977e-08, 1, 5.215408194203519e-08, 8.940698137394065e-08, -8.940698137394065e-08, 0.33275386691093445, 0.9430137276649475, 7.450581307466564e-08, -0.9430138468742371, 0.3327539563179016),
        }},
        {Time = 0.067, Data = {
            ["LeftFoot"] = CFrame.new(-3.259629011154175e-09, 0, 1.1175870895385742e-08, 0.9029141664505005, -0.3428483009338379, -0.2592317759990692, 0.40983501076698303, 0.868495762348175, 0.27883753180503845, 0.12954263389110565, -0.3580086827278137, 0.9246882796287537),
            ["LeftLowerArm"] = CFrame.new(2.9802322387695312e-08, 5.960464477539062e-07, -2.384185791015625e-07, 1, 1.4901159417490817e-08, 1.0430811414607888e-07, -5.960463056453591e-08, 0.961495578289032, -0.2748207747936249, -2.2351736461700966e-08, 0.27482062578201294, 0.9614954590797424),
            ["LowerTorso"] = CFrame.new(0.31031468510627747, -0.33942925930023193, 0.1839156448841095, 0.9896789789199829, 0.1424565613269806, -0.015549199655652046, -0.1377260386943817, 0.9755247235298157, 0.17141491174697876, 0.03958781063556671, -0.1675041913986206, 0.9850761890411377),
            ["Head"] = CFrame.new(-5.960464477539063e-08, 0, 2.9802322387695312e-08, 0.9146212935447693, 0.22508206963539124, 0.33586615324020386, 0.03941294923424721, 0.7771192193031311, -0.6281180381774902, -0.40238621830940247, 0.5877276659011841, 0.7018986940383911),
            ["RightUpperArm"] = CFrame.new(0, 5.960464477539062e-07, -8.940696716308594e-08, 0.9948827028274536, 0.09544068574905396, 0.03315898776054382, -0.08935718238353729, 0.6779695153236389, 0.7296385169029236, 0.04715633764863014, -0.7288679480552673, 0.6830286979675293),
            ["UpperTorso"] = CFrame.new(-2.2817403078079224e-08, 1.1920928955078125e-07, 1.7695128917694092e-08, 0.9660422801971436, 0.1585496962070465, -0.20402036607265472, -0.05059238523244858, 0.8903858661651611, 0.4523862600326538, 0.2533825635910034, -0.42670246958732605, 0.8681719899177551),
            ["HumanoidRootPart"] = CFrame.new(0, 0, 0, 1, 0, 0, 0, 1, 0, 0, 0, 1),
            ["RightHand"] = CFrame.new(7.450580596923828e-09, -1.1920928955078125e-07, 0, 0.8902968168258667, -0.08970791846513748, -0.4464573860168457, 0.32745805382728577, 0.8074197769165039, 0.4907588064670563, 0.31645357608795166, -0.5831173062324524, 0.7482189536094666),
            ["LeftUpperArm"] = CFrame.new(-2.384185791015625e-07, 4.76837158203125e-07, -1.1175870895385742e-08, 0.9498875737190247, 0.3059520125389099, -0.06408682465553284, -0.28996074199676514, 0.9389893412590027, 0.1849912703037262, 0.1167752742767334, -0.15713834762573242, 0.9806482791900635),
            ["RightLowerArm"] = CFrame.new(1.7881393432617188e-07, -5.960464477539063e-08, -1.1920928955078125e-07, 1, -4.842875611643649e-08, 1.4901158351676713e-07, 1.862644793959589e-08, -0.25628313422203064, -0.9666017293930054, 1.7508860139514582e-07, 0.9666017889976501, -0.25628307461738586),
            ["LeftHand"] = CFrame.new(8.940696716308594e-08, -1.7881393432617188e-07, 8.940696716308594e-08, 0.510441780090332, 0.22008256614208221, 0.8312718272209167, -0.35249093174934387, 0.9352959394454956, -0.03117656707763672, -0.7843464016914368, -0.27710169553756714, 0.5549912452697754),
            ["RightUpperLeg"] = CFrame.new(0, -2.7194619178771973e-07, -5.420588422566652e-09, 0.9077109098434448, -0.29386305809020996, 0.2995086908340454, 0.4184558391571045, 0.581394374370575, -0.6977646350860596, 0.030914604663848877, 0.7586995959281921, 0.6507067084312439),
            ["LeftUpperLeg"] = CFrame.new(-5.960464477539063e-08, -4.0978193283081055e-08, 2.468004822731018e-08, 0.9278251528739929, 0.35876229405403137, -0.10212863981723785, -0.3022589683532715, 0.56265789270401, -0.769451379776001, -0.21858662366867065, 0.7447856664657593, 0.6304873824119568),
            ["RightLowerLeg"] = CFrame.new(-1.4784745872020721e-07, 2.980232238769531e-07, 1.6952981241047382e-09, 1, -1.1804512212165719e-07, -1.1455273352112272e-07, 1.1175872316471214e-07, 0.25321757793426514, 0.9674093127250671, -1.0430814256778831e-07, -0.9674093127250671, 0.25321781635284424),
            ["RightFoot"] = CFrame.new(-1.0011717677116394e-07, 3.5762786865234375e-07, 3.149762051180005e-08, 0.9470266103744507, 0.3092591464519501, 0.08660009503364563, -0.21216881275177002, 0.8048983216285706, -0.5541866421699524, -0.24109160900115967, 0.5064559578895569, 0.8278754353523254),
            ["LeftLowerLeg"] = CFrame.new(-6.705522537231445e-08, 0, 1.564621925354004e-07, 1, 1.0058287358560847e-07, 3.72529100900465e-08, -4.4703490686970326e-08, 0.4439525306224823, 0.8960503935813904, 2.980232594040899e-08, -0.8960503339767456, 0.44395244121551514),
        }},
        {Time = 0.083, Data = {
            ["LeftFoot"] = CFrame.new(-3.096647560596466e-08, 5.960464477539063e-08, 1.4901161193847656e-08, 0.9086083173751831, -0.3451624810695648, -0.23514625430107117, 0.4050736427307129, 0.8654236793518066, 0.29488569498062134, 0.10171770304441452, -0.3631870746612549, 0.9261471629142761),
            ["LeftLowerArm"] = CFrame.new(5.960464477539063e-08, -1.1920928955078125e-07, -1.1175870895385742e-07, 1, 5.960465898624534e-08, 8.940698137394065e-08, 7.450581307466564e-08, 0.9527300000190735, -0.3038184344768524, 1.862645326866641e-08, 0.3038184344768524, 0.9527300000190735),
            ["LowerTorso"] = CFrame.new(0.30009719729423523, -0.3083735704421997, 0.17790457606315613, 0.9738306999206543, 0.22146497666835785, -0.051058340817689896, -0.2097744196653366, 0.962317168712616, 0.17303282022476196, 0.08745501935482025, -0.15779395401477814, 0.9835917353630066),
            ["Head"] = CFrame.new(1.4901161193847656e-08, -1.1920928955078125e-07, 7.450580596923828e-09, 0.9183392524719238, 0.21377909183502197, 0.33309394121170044, 0.04267746955156326, 0.7831923961639404, -0.6203129887580872, -0.39348655939102173, 0.5838733911514282, 0.7101128101348877),
            ["RightUpperArm"] = CFrame.new(3.5762786865234375e-07, 4.76837158203125e-07, -8.940696716308594e-08, 0.9964538216590881, 0.06350032985210419, 0.055205341428518295, -0.08393038064241409, 0.7035846710205078, 0.7056374549865723, 0.005966580007225275, -0.7077685594558716, 0.7064192891120911),
            ["UpperTorso"] = CFrame.new(4.7497451305389404e-08, -2.9802322387695312e-08, -7.450580596923828e-09, 0.9766073822975159, 0.06865205615758896, -0.20377710461616516, 0.02823629602789879, 0.8985161781311035, 0.43803131580352783, 0.21316881477832794, -0.4335385262966156, 0.8755590319633484),
            ["HumanoidRootPart"] = CFrame.new(0, 0, 0, 1, 0, 0, 0, 1, 0, 0, 0, 1),
            ["RightHand"] = CFrame.new(2.1606683731079102e-07, -4.172325134277344e-07, 1.4901161193847656e-08, 0.8512775897979736, -0.014341674745082855, -0.5245196223258972, 0.2909272611141205, 0.8448085188865662, 0.4490658938884735, 0.43667834997177124, -0.5348765850067139, 0.7233388423919678),
            ["LeftUpperArm"] = CFrame.new(-2.384185791015625e-07, 1.1920928955078125e-07, -2.4959444999694824e-07, 0.9595366716384888, 0.2795371413230896, 0.03388926759362221, -0.28068992495536804, 0.9399563074111938, 0.1941530853509903, 0.022418571636080742, -0.1958094835281372, 0.9803857803344727),
            ["RightLowerArm"] = CFrame.new(2.384185791015625e-07, 2.384185791015625e-07, -9.685754776000977e-08, 1, -5.2154071283894154e-08, 5.21540641784668e-08, 3.725290653733282e-08, -0.14149068295955658, -0.9899396300315857, 6.705523247774181e-08, 0.9899396300315857, -0.14149066805839539),
            ["LeftHand"] = CFrame.new(-1.7881393432617188e-07, -1.1920928955078125e-07, -1.4901161193847656e-07, 0.12876689434051514, 0.12497253715991974, 0.9837687611579895, -0.3696242868900299, 0.9265913963317871, -0.06932846456766129, -0.9202157855033875, -0.35469743609428406, 0.16550712287425995),
            ["RightUpperLeg"] = CFrame.new(-2.9802322387695312e-08, -3.725290298461914e-09, 2.0656443666666746e-08, 0.8653286695480347, -0.3100716471672058, 0.3937792479991913, 0.5011629462242126, 0.5454623103141785, -0.6717934608459473, -0.006487620994448662, 0.7786697149276733, 0.6274006366729736),
            ["LeftUpperLeg"] = CFrame.new(5.960464477539063e-08, 1.30385160446167e-08, 3.073364496231079e-08, 0.9523065686225891, 0.3044629693031311, -0.020359599962830544, -0.22966238856315613, 0.6712140440940857, -0.7047884464263916, -0.20091630518436432, 0.6758505702018738, 0.7091253399848938),
            ["RightLowerLeg"] = CFrame.new(-1.6042031347751617e-07, 1.7881393432617188e-07, 1.6596459317952394e-08, 1, -1.5087427129856223e-07, -1.1734671545582387e-07, 1.6018749704471702e-07, 0.2488557994365692, 0.968540608882904, -1.0849909415355796e-07, -0.968540608882904, 0.24885597825050354),
            ["RightFoot"] = CFrame.new(-6.58910721540451e-08, 2.980232238769531e-07, 3.149762051180005e-08, 0.9441807866096497, 0.31907880306243896, 0.08192389458417892, -0.22810205817222595, 0.8126551508903503, -0.5362469553947449, -0.23768103122711182, 0.4876273274421692, 0.8400759696960449),
            ["LeftLowerLeg"] = CFrame.new(-5.029141902923584e-08, 0, -6.705522537231445e-08, 1, 8.009376273321323e-08, 4.4703494239684005e-08, -3.352760913344355e-08, 0.5563875436782837, 0.8309229612350464, 5.215405707303944e-08, -0.8309229612350464, 0.5563875436782837),
        }},
        {Time = 0.100, Data = {
            ["LeftFoot"] = CFrame.new(7.3225237429142e-08, -1.1920928955078125e-07, -2.60770320892334e-08, 0.9171966910362244, -0.3459067940711975, -0.1977337747812271, 0.3943629860877991, 0.8589084148406982, 0.32673290371894836, 0.05681614205241203, -0.37765711545944214, 0.9242007732391357),
            ["LeftLowerArm"] = CFrame.new(1.1920928955078125e-07, -1.1920928955078125e-07, 2.1420419216156006e-07, 1, 2.980232949312267e-08, -4.4703490686970326e-08, 2.980232594040899e-08, 0.9410167932510376, -0.33835989236831665, -1.862645371275562e-09, 0.33835989236831665, 0.9410167932510376),
            ["LowerTorso"] = CFrame.new(0.2907126545906067, -0.27518367767333984, 0.16848459839820862, 0.9505053162574768, 0.29579097032546997, -0.0951172336935997, -0.2771264612674713, 0.9455024600028992, 0.17095643281936646, 0.14050094783306122, -0.1361355036497116, 0.9806765913963318),
            ["Head"] = CFrame.new(-1.4901161193847656e-08, -1.1920928955078125e-07, -1.4156103134155273e-07, 0.9234372973442078, 0.1978864222764969, 0.328792542219162, 0.05083853006362915, 0.7861538529396057, -0.6159363985061646, -0.3803669214248657, 0.5854940414428711, 0.7159035205841064),
            ["RightUpperArm"] = CFrame.new(1.1920928955078125e-07, 2.384185791015625e-07, -2.9802322387695312e-08, 0.9958704710006714, 0.041256535798311234, 0.08086974918842316, -0.08539480715990067, 0.728070080280304, 0.6801629066467285, -0.03081776201725006, -0.6842601299285889, 0.7285866737365723),
            ["UpperTorso"] = CFrame.new(5.21540641784668e-08, 2.9802322387695312e-08, 3.725290298461914e-09, 0.9815155863761902, -0.02538979798555374, -0.1896909773349762, 0.10681385546922684, 0.8951020836830139, 0.43287765979766846, 0.15880215167999268, -0.4451378285884857, 0.8812685608863831),
            ["HumanoidRootPart"] = CFrame.new(0, 0, 0, 1, 0, 0, 0, 1, 0, 0, 0, 1),
            ["RightHand"] = CFrame.new(-2.9802322387695312e-08, 0, 1.1920928955078125e-07, 0.7965449094772339, 0.05836336314678192, -0.6017554998397827, 0.2357698678970337, 0.8865385055541992, 0.39807307720184326, 0.5567124485969543, -0.45895901322364807, 0.6924076080322266),
            ["LeftUpperArm"] = CFrame.new(0, 0, -2.0302832126617432e-07, 0.9592854976654053, 0.2600579857826233, 0.11018781363964081, -0.27719512581825256, 0.9416974782943726, 0.19070562720298767, -0.05416909232735634, -0.21348491311073303, 0.9754434823989868),
            ["RightLowerArm"] = CFrame.new(5.960464477539063e-08, -5.960464477539063e-08, 4.3958425521850586e-07, 1, -1.0430814256778831e-07, 1.862645504502325e-08, 1.1175870895385742e-08, -0.017841564491391182, -0.9998408555984497, 1.1920928955078125e-07, 0.9998409152030945, -0.017841506749391556),
            ["LeftHand"] = CFrame.new(1.341104507446289e-07, -2.384185791015625e-07, -4.470348358154297e-08, -0.14460395276546478, 0.05059417709708214, 0.9881953597068787, -0.38401156663894653, 0.9175463914871216, -0.103170245885849, -0.9119347333908081, -0.3943968713283539, -0.1132522001862526),
            ["RightUpperLeg"] = CFrame.new(1.1920928955078125e-07, 7.82310962677002e-08, -1.6952981241047382e-09, 0.8129495978355408, -0.3198012113571167, 0.4866622984409332, 0.580042839050293, 0.5187537670135498, -0.6280484199523926, -0.05160725116729736, 0.7928566336631775, 0.6072190403938293),
            ["LeftUpperLeg"] = CFrame.new(5.960464477539063e-08, 7.82310962677002e-08, 1.862645149230957e-09, 0.969517171382904, 0.23787888884544373, 0.05873832851648331, -0.15215663611888885, 0.7724043726921082, -0.6166358590126038, -0.1920544058084488, 0.5889015197753906, 0.7850542068481445),
            ["RightLowerLeg"] = CFrame.new(6.938353180885315e-08, 5.364418029785156e-07, -2.8107024263590574e-08, 1, -1.4062972297779197e-07, -8.6613049177231e-08, 1.4528630742915993e-07, 0.2531309425830841, 0.9674319624900818, -1.0803340444454079e-07, -0.9674320816993713, 0.253131240606308),
            ["RightFoot"] = CFrame.new(8.684583008289337e-08, 3.5762786865234375e-07, 3.894820110872388e-08, 0.9408572316169739, 0.3298349380493164, 0.07743729650974274, -0.24524065852165222, 0.8207051753997803, -0.5160425305366516, -0.23376233875751495, 0.4665318429470062, 0.8530555367469788),
            ["LeftLowerLeg"] = CFrame.new(6.51925802230835e-09, 1.1920928955078125e-07, 1.4901161193847656e-08, 1, 6.053597445543346e-08, 1.862645149230957e-08, -2.607702498380604e-08, 0.6661849617958069, 0.7457864880561829, 1.303851249190302e-08, -0.7457864880561829, 0.6661850810050964),
        }},
        {Time = 0.117, Data = {
            ["LeftFoot"] = CFrame.new(4.674075171351433e-08, 0, 1.30385160446167e-08, 0.9266620874404907, -0.3401240110397339, -0.16004134714603424, 0.37575408816337585, 0.849839985370636, 0.3695683181285858, 0.01031044963747263, -0.4026011824607849, 0.9153175354003906),
            ["LeftLowerArm"] = CFrame.new(1.1920928955078125e-07, 0, 9.685754776000977e-08, 1, -1.0430811414607888e-07, 2.9802315282267955e-08, 5.960463766996327e-08, 0.923292875289917, -0.3840966522693634, 4.470347647611561e-08, 0.38409656286239624, 0.923292875289917),
            ["LowerTorso"] = CFrame.new(0.2835328280925751, -0.24235224723815918, 0.1577673703432083, 0.9224920868873596, 0.35935667157173157, -0.14096567034721375, -0.335519015789032, 0.9270168542861938, 0.16753128170967102, 0.19088105857372284, -0.10724961757659912, 0.9757366180419922),
            ["Head"] = CFrame.new(-7.450580596923828e-09, -1.1920928955078125e-07, -5.21540641784668e-08, 0.9290169477462769, 0.18379954993724823, 0.32116231322288513, 0.05772246792912483, 0.7853127717971802, -0.6164025068283081, -0.3655073046684265, 0.5911866426467896, 0.7189595103263855),
            ["RightUpperArm"] = CFrame.new(-1.1920928955078125e-07, 2.384185791015625e-07, -1.043081283569336e-07, 0.9934821724891663, 0.025714201852679253, 0.11104996502399445, -0.09254079312086105, 0.7507688403129578, 0.6540509462356567, -0.06655453890562057, -0.6600644588470459, 0.7482548952102661),
            ["UpperTorso"] = CFrame.new(-1.1175870895385742e-08, 8.940696716308594e-08, -4.0978193283081055e-08, 0.9794427156448364, -0.11320295184850693, -0.16696463525295258, 0.1766204684972763, 0.8811129927635193, 0.43868574500083923, 0.0974542498588562, -0.45915687084198, 0.8829935193061829),
            ["HumanoidRootPart"] = CFrame.new(0, 0, 0, 1, 0, 0, 0, 1, 0, 0, 0, 1),
            ["RightHand"] = CFrame.new(-1.6391277313232422e-07, -2.384185791015625e-07, 0, 0.7305607199668884, 0.11702291667461395, -0.6727456450462341, 0.16740626096725464, 0.9244463443756104, 0.3425987958908081, 0.6620092988014221, -0.3629113733768463, 0.6557738780975342),
            ["LeftUpperArm"] = CFrame.new(-1.1920928955078125e-07, 1.1920928955078125e-07, 4.842877388000488e-08, 0.9515946507453918, 0.2539752423763275, 0.17310191690921783, -0.2828615605831146, 0.9439809918403625, 0.16996823251247406, -0.12023719400167465, -0.21070459485054016, 0.9701271057128906),
            ["RightLowerArm"] = CFrame.new(0, -4.76837158203125e-07, -1.4901161193847656e-07, 1, -1.0058282384761696e-07, 1.4901161193847656e-07, 2.2351741790771484e-08, 0.1014125719666481, -0.9948444366455078, 1.341104507446289e-07, 0.9948444962501526, 0.10141265392303467),
            ["LeftHand"] = CFrame.new(1.6391277313232422e-07, -2.980232238769531e-07, -7.450580596923828e-08, -0.26888617873191833, 0.06550497561693192, 0.9609419703483582, -0.40192553400993347, 0.8990366458892822, -0.17374980449676514, -0.8753034472465515, -0.43294602632522583, -0.21541020274162292),
            ["RightUpperLeg"] = CFrame.new(0, -2.086162567138672e-07, -6.129994289949536e-08, 0.7584643363952637, -0.3231433033943176, 0.5659594535827637, 0.6439219117164612, 0.5054700970649719, -0.5743387341499329, -0.1004817858338356, 0.8000490665435791, 0.5914599895477295),
            ["LeftUpperLeg"] = CFrame.new(0, 4.98257577419281e-08, -6.146728992462158e-08, 0.9776222705841064, 0.16911999881267548, 0.12511226534843445, -0.08198865503072739, 0.8540124893188477, -0.5137515068054199, -0.19373305141925812, 0.4919971823692322, 0.8487675189971924),
            ["RightLowerLeg"] = CFrame.new(1.7229467630386353e-08, 2.384185791015625e-07, -4.300818545743823e-08, 1, -1.806765510536934e-07, -1.1362139673565252e-07, 1.648440957069397e-07, 0.26423174142837524, 0.9644591808319092, -1.1362135410308838e-07, -0.964459240436554, 0.2642320692539215),
            ["RightFoot"] = CFrame.new(-3.5390257835388184e-08, 4.172325134277344e-07, 1.6596459317952394e-08, 0.939085841178894, 0.33607718348503113, 0.07190246134996414, -0.258676141500473, 0.8289176225662231, -0.4959658086299896, -0.22628401219844818, 0.4471553564071655, 0.8653600811958313),
            ["LeftLowerLeg"] = CFrame.new(1.6763806343078613e-08, 0, -7.450580596923828e-09, 1, 5.1455582905646224e-08, 5.355106225124473e-08, -6.658955697957936e-08, 0.7629209756851196, 0.6464918255805969, -9.313224635931761e-10, -0.6464918851852417, 0.7629209756851196),
        }},
        {Time = 0.133, Data = {
            ["LeftFoot"] = CFrame.new(-7.415656000375748e-08, 5.960464477539063e-08, 1.1350493878126144e-08, 0.9347710609436035, -0.3306424021720886, -0.12991800904273987, 0.35413098335266113, 0.8382607698440552, 0.4146207869052887, -0.028186120092868805, -0.4335833191871643, 0.9006726145744324),
            ["LeftLowerArm"] = CFrame.new(-1.1920928955078125e-07, -2.384185791015625e-07, -2.2351741790771484e-07, 1, 3.352760558072987e-08, 0, 8.940694584680386e-08, 0.8931492567062378, -0.4497604966163635, 2.9802315282267955e-08, 0.44976040720939636, 0.8931492567062378),
            ["LowerTorso"] = CFrame.new(0.28086036443710327, -0.21256530284881592, 0.1473933309316635, 0.8965201377868652, 0.40358486771583557, -0.1826770007610321, -0.3777603209018707, 0.9118627309799194, 0.16063466668128967, 0.2314060628414154, -0.07500407844781876, 0.9699617624282837),
            ["Head"] = CFrame.new(7.450580596923828e-08, 0, -7.450580596923828e-08, 0.9343262314796448, 0.17455416917800903, 0.3107497990131378, 0.06035256013274193, 0.7817935943603516, -0.6206094026565552, -0.3512722849845886, 0.5986063480377197, 0.7199156284332275),
            ["RightUpperArm"] = CFrame.new(1.1920928955078125e-07, 1.1920928955078125e-07, 7.450580596923828e-08, 0.9892281889915466, 0.012019867077469826, 0.14588794112205505, -0.10234260559082031, 0.7693543434143066, 0.6305708885192871, -0.10466016083955765, -0.6387091875076294, 0.7622972726821899),
            ["UpperTorso"] = CFrame.new(3.725290298461914e-09, 3.2782554626464844e-07, 3.725290298461914e-08, 0.9733264446258545, -0.18103720247745514, -0.1409302055835724, 0.2261304259300232, 0.8607406616210938, 0.4560599625110626, 0.03874054551124573, -0.475763738155365, 0.8787195682525635),
            ["HumanoidRootPart"] = CFrame.new(0, 0, 0, 1, 0, 0, 0, 1, 0, 0, 0, 1),
            ["RightHand"] = CFrame.new(7.450580596923828e-08, -1.1920928955078125e-07, -2.2351741790771484e-08, 0.6583380699157715, 0.1525755673646927, -0.7370972037315369, 0.1005588248372078, 0.9526362419128418, 0.2870052456855774, 0.7459751963615417, -0.26306813955307007, 0.6118134260177612),
            ["LeftUpperArm"] = CFrame.new(1.1920928955078125e-07, 1.1920928955078125e-07, -3.4458935260772705e-08, 0.9379271268844604, 0.25934797525405884, 0.23028595745563507, -0.2948724329471588, 0.9458414316177368, 0.13577352464199066, -0.18260127305984497, -0.19525068998336792, 0.9636046886444092),
            ["RightLowerArm"] = CFrame.new(0, -2.384185791015625e-07, -1.1175870895385742e-07, 1, -5.4016702222270396e-08, 3.399326331532393e-08, 1.2293456563838845e-07, 0.19872106611728668, -0.9800560474395752, 1.0803340444454079e-07, 0.9800561666488647, 0.19872112572193146),
            ["LeftHand"] = CFrame.new(-2.9802322387695312e-08, -1.1920928955078125e-07, 0, -0.27138227224349976, 0.2015227973461151, 0.9411378502845764, -0.42903515696525574, 0.8499795794487, -0.30571767687797546, -0.8615570664405823, -0.4867476224899292, -0.14420898258686066),
            ["RightUpperLeg"] = CFrame.new(1.1920928955078125e-07, 4.898756742477417e-07, -1.6952981241047382e-09, 0.7122835516929626, -0.3219321668148041, 0.6237081289291382, 0.6862955093383789, 0.5057238340377808, -0.5227257013320923, -0.14714184403419495, 0.8003769516944885, 0.581159234046936),
            ["LeftUpperLeg"] = CFrame.new(-5.960464477539063e-08, 6.207264959812164e-07, 0, 0.9796209335327148, 0.10900332778692245, 0.1687048077583313, -0.030122552067041397, 0.9101607799530029, -0.4131587743759155, -0.19858409464359283, 0.39965713024139404, 0.8948958516120911),
            ["RightLowerLeg"] = CFrame.new(1.1548399925231934e-07, 5.960464477539063e-08, -2.8107024263590574e-08, 1, -1.8067657947540283e-07, -7.264318924171675e-08, 1.5832483768463135e-07, 0.2793731689453125, 0.9601825475692749, -9.313225746154785e-08, -0.9601826667785645, 0.27937352657318115),
