return {
    ["The Flow"] = {
        {Time = 0.000, Data = {
            ["RightFoot"] = CFrame.new(-2.6542693376541138e-08, 5.364418029785156e-07, 2.4047039914876223e-08, 0.9891623854637146, -0.016981428489089012, 0.14592362940311432, 0.06267892569303513, 0.9471020102500916, -0.31476694345474243, -0.13277460634708405, 0.32048308849334717, 0.9378848671913147),
            ["LeftLowerArm"] = CFrame.new(2.9802322387695312e-08, -2.980232238769531e-07, -3.3155083656311035e-07, 1, -1.0407531192413444e-07, 4.470347292340193e-08, 9.685754776000977e-08, 0.29869186878204346, -0.9543496370315552, 8.940696716308594e-08, 0.9543496370315552, 0.2986917495727539),
            ["RightUpperArm"] = CFrame.new(-5.960464477539063e-08, -2.384185791015625e-07, -4.6566128730773926e-08, 0.4765664041042328, -0.5132846832275391, 0.7137391567230225, 0.16913381218910217, 0.8502257466316223, 0.4985077381134033, -0.8627156615257263, -0.11685454100370407, 0.49200260639190674),
            ["Head"] = CFrame.new(8.167262421920896e-10, -3.5762786865234375e-07, -1.816079020500183e-08, 0.9975714087486267, 0.03568125516176224, 0.05981827899813652, -0.017561715096235275, 0.9599213600158691, -0.2797187268733978, -0.06740160286426544, 0.27798891067504883, 0.9582167267799377),
            ["RightHand"] = CFrame.new(1.2665987014770508e-07, -5.960464477539063e-08, 5.960464477539063e-08, 0.45819389820098877, 0.16868257522583008, -0.8726998567581177, -0.01895757019519806, 0.9834588170051575, 0.18013742566108704, 0.888650119304657, -0.06599363684654236, 0.45381230115890503),
            ["UpperTorso"] = CFrame.new(-4.220055416226387e-09, 0, 1.0477378964424133e-09, 0.9999189972877502, 0.0022433584090322256, -0.012537198141217232, -0.0016252014320343733, 0.9987931847572327, 0.04908831790089607, 0.012632180005311966, -0.04906405508518219, 0.9987157583236694),
            ["HumanoidRootPart"] = CFrame.new(0, 0, 0, 1, 0, 0, 0, 1, 0, 0, 0, 1),
            ["RightUpperLeg"] = CFrame.new(-2.9802322387695312e-08, -3.864988684654236e-08, 1.9725121092051268e-08, 0.9950078725814819, -0.061288993805646896, -0.0787602886557579, 0.020047174766659737, 0.8958653211593628, -0.44387343525886536, 0.09776313602924347, 0.44007840752601624, 0.892621636390686),
            ["LeftUpperArm"] = CFrame.new(1.1920928955078125e-07, -3.5762786865234375e-07, -4.377216100692749e-08, 0.9713118076324463, 0.21539857983589172, -0.10078221559524536, -0.1702101081609726, 0.9256532788276672, 0.3379268944263458, 0.16607826948165894, -0.3110780715942383, 0.9357608556747437),
            ["RightLowerArm"] = CFrame.new(0, -1.7881393432617188e-07, -5.960464477539063e-08, 1, -4.842878453814592e-08, 5.587935447692871e-08, 9.313229298868464e-08, 0.41559502482414246, -0.9095497727394104, 8.568170528633345e-08, 0.9095498323440552, 0.41559502482414246),
            ["LeftHand"] = CFrame.new(1.1175870895385742e-07, -5.960464477539063e-08, -5.960464477539063e-08, 0.9660329818725586, 0.2570648491382599, -0.02641606703400612, -0.19401757419109344, 0.7890088558197021, 0.58294278383255, 0.17069678008556366, -0.5580167770385742, 0.8120837807655334),
            ["LeftFoot"] = CFrame.new(-5.587935447692871e-09, 0, -1.4901161193847656e-08, 0.9846106171607971, 0.05058462172746658, -0.16728179156780243, -0.08276641368865967, 0.9780128598213196, -0.19141703844070435, 0.1539209634065628, 0.20231659710407257, 0.9671486020088196),
            ["LowerTorso"] = CFrame.new(0.006818832363933325, -0.04814934730529785, 0.035648163408041, 0.9988483190536499, 0.04324205592274666, 0.020788349211215973, -0.0462450347840786, 0.9831288456916809, 0.17697212100028992, -0.012784929946064949, -0.17772966623306274, 0.9839963316917419),
            ["RightLowerLeg"] = CFrame.new(-1.5832483768463135e-08, -0.0000603795051574707, -0.00007201561675174162, 1, -7.916244015859775e-08, -3.8184236217375656e-08, 8.47503613954359e-08, 0.8270057439804077, 0.5621930360794067, -3.026798722771673e-08, -0.5621935129165649, 0.8270060420036316),
            ["LeftUpperLeg"] = CFrame.new(0, 2.6542693376541138e-08, -9.313225746154785e-09, 0.9932689070701599, -0.08053293824195862, 0.0832548514008522, 0.10350892692804337, 0.9397144913673401, -0.32591840624809265, -0.05198860540986061, 0.33234214782714844, 0.941724956035614),
            ["LeftLowerLeg"] = CFrame.new(-9.73232090473175e-08, 0.00006073713302612305, 0.00007212162017822266, 1, 3.1664978195067306e-08, 3.725291186640334e-09, -4.190951941041021e-08, 0.9366942048072815, 0.3501487672328949, 1.4901162970204496e-08, -0.3501487374305725, 0.9366941452026367),
        }},
        {Time = 0.033, Data = {
            ["RightFoot"] = CFrame.new(-2.293381839990616e-08, 3.5762786865234375e-07, -1.1343217920511961e-08, 0.9911424517631531, -0.015036232769489288, 0.1320323944091797, 0.05412381514906883, 0.9530779123306274, -0.2978631556034088, -0.12127320468425751, 0.30235159397125244, 0.9454337358474731),
            ["LeftLowerArm"] = CFrame.new(1.4901161193847656e-07, 4.76837158203125e-07, 1.939479261636734e-07, 1, -6.705523958316917e-08, 3.352760913344355e-08, 9.126962652317161e-08, 0.4831027686595917, -0.8755636811256409, 4.237518069771795e-08, 0.8755636811256409, 0.48310261964797974),
            ["RightUpperArm"] = CFrame.new(0, 0, -5.774199962615967e-08, 0.49697446823120117, -0.6328515410423279, 0.5937305092811584, 0.17259807884693146, 0.7426242232322693, 0.6470850706100464, -0.8504272103309631, -0.21910801529884338, 0.4782940149307251),
            ["Head"] = CFrame.new(-4.190951585769653e-09, 0, -4.6566128730773926e-08, 0.9936932325363159, 0.06085549294948578, 0.094183549284935, -0.032195284962654114, 0.9593949913978577, -0.2802225947380066, -0.10741233825683594, 0.2754230797290802, 0.9553035497665405),
            ["RightHand"] = CFrame.new(1.043081283569336e-07, -1.1920928955078125e-07, 2.086162567138672e-07, 0.5775725841522217, 0.1376291662454605, -0.8046541213989258, 0.07435038685798645, 0.9727204442024231, 0.2197432518005371, 0.8129464983940125, -0.1867441087961197, 0.5515838861465454),
            ["UpperTorso"] = CFrame.new(2.9103830456733704e-10, 1.4901161193847656e-07, -4.064349923282862e-08, 0.9996994733810425, 0.0011193541577085853, 0.024491632357239723, -0.00212487718090415, 0.9991539120674133, 0.04107409715652466, -0.02442493662238121, -0.04111376032233238, 0.9988559484481812),
            ["HumanoidRootPart"] = CFrame.new(0, 0, 0, 1, 0, 0, 0, 1, 0, 0, 0, 1),
            ["RightUpperLeg"] = CFrame.new(0, 1.685693860054016e-07, -8.411734597757459e-08, 0.9982022047042847, -0.04887712001800537, -0.03468999266624451, 0.02846955694258213, 0.8959750533103943, -0.44319140911102295, 0.05274326354265213, 0.4414066672325134, 0.8957556486129761),
            ["LeftUpperArm"] = CFrame.new(5.960464477539063e-08, 0, -4.6566128730773926e-08, 0.9933260679244995, 0.11246376484632492, -0.025598332285881042, -0.10683263838291168, 0.980769693851471, 0.16333265602588654, 0.04347505047917366, -0.15950782597064972, 0.9862388968467712),
            ["RightLowerArm"] = CFrame.new(1.1920928955078125e-07, -3.5762786865234375e-07, 0, 1, -1.0617078771701927e-07, 9.499488129449674e-08, 1.5459954738616943e-07, 0.05728813260793686, -0.9983577132225037, 2.60770320892334e-08, 0.9983577728271484, 0.05728818476200104),
            ["LeftHand"] = CFrame.new(4.842877388000488e-08, -1.7881393432617188e-07, 1.9371509552001953e-07, 0.8985339999198914, 0.42579513788223267, -0.10646543651819229, -0.3963570296764374, 0.8913840055465698, 0.2198546975851059, 0.18851493299007416, -0.15534858405590057, 0.9697057008743286),
            ["LeftFoot"] = CFrame.new(4.6566128730773926e-09, 0, 0, 0.9801977872848511, 0.0516863651573658, -0.19115638732910156, -0.08783489465713501, 0.9786581993103027, -0.18577739596366882, 0.17747469246387482, 0.19888898730278015, 0.9638184309005737),
            ["LowerTorso"] = CFrame.new(0.0014805234968662262, -0.043541908264160156, 0.035656481981277466, 0.9988307952880859, 0.04711448401212692, -0.010825255885720253, -0.044433269649744034, 0.9829624891281128, 0.17835524678230286, 0.019043991342186928, -0.17766574025154114, 0.9839066863059998),
            ["RightLowerLeg"] = CFrame.new(-3.3527612686157227e-08, -0.00006002187728881836, -0.000072026792622637, 1, -8.242206916975192e-08, -3.003515303134918e-08, 8.614733815193176e-08, 0.8378350734710693, 0.5459231734275818, -2.10711732506752e-08, -0.5459234714508057, 0.8378352522850037),
            ["LeftUpperLeg"] = CFrame.new(0, 3.0314549803733826e-07, -4.237517714500427e-08, 0.9878567457199097, -0.07451845705509186, 0.1363307237625122, 0.1127290427684784, 0.9476112127304077, -0.2988733649253845, -0.10691690444946289, 0.3106123208999634, 0.9445045590400696),
            ["LeftLowerLeg"] = CFrame.new(6.05359673500061e-08, 0.00006085634231567383, 0.00007207691669464111, 1, 2.421438694000244e-08, 3.725290742551124e-09, -2.8870999813079834e-08, 0.9468133449554443, 0.3217833638191223, 7.916241884231567e-09, -0.3217833936214447, 0.9468133449554443),
        }},
        {Time = 0.067, Data = {
            ["RightFoot"] = CFrame.new(-1.234002411365509e-08, 5.364418029785156e-07, 5.012407200410962e-08, 0.9937760829925537, -0.0108286552131176, 0.1109524816274643, 0.04262985289096832, 0.9565082788467407, -0.2885894477367401, -0.10291650891304016, 0.2915041148662567, 0.9510025382041931),
            ["LeftLowerArm"] = CFrame.new(-5.960464477539063e-08, 0, -3.725290298461914e-08, 1, -5.960465188081798e-08, 3.352760913344355e-08, 5.2154071283894154e-08, 0.6660482883453369, -0.745908796787262, 4.0978196835794733e-08, 0.7459086775779724, 0.6660481691360474),
            ["RightUpperArm"] = CFrame.new(-5.960464477539063e-08, -3.5762786865234375e-07, -2.0489096641540527e-08, 0.5321743488311768, -0.7790327072143555, 0.33151018619537354, 0.22354187071323395, 0.5069596767425537, 0.8324787020683289, -0.8165902495384216, -0.3689172863960266, 0.4439372420310974),
            ["Head"] = CFrame.new(1.210719347000122e-08, -2.384185791015625e-07, 1.1874362826347351e-08, 0.992453396320343, 0.06318117678165436, 0.10509225726127625, -0.0332053080201149, 0.9634917974472046, -0.26567089557647705, -0.11804094910621643, 0.260176420211792, 0.9583186507225037),
            ["RightHand"] = CFrame.new(-6.705522537231445e-08, -1.1920928955078125e-07, -1.9371509552001953e-07, 0.7249959707260132, 0.14511540532112122, -0.6732925176620483, 0.14879024028778076, 0.9214708805084229, 0.3588215410709381, 0.6724897027015686, -0.36032336950302124, 0.6464707255363464),
            ["UpperTorso"] = CFrame.new(6.05359673500061e-09, 1.4901161193847656e-07, 2.3137545213103294e-08, 0.998779296875, 0.0008693736745044589, 0.049389515072107315, -0.002177813556045294, 0.999647855758667, 0.026447683572769165, -0.04934912919998169, -0.02652294933795929, 0.9984294176101685),
            ["HumanoidRootPart"] = CFrame.new(0, 0, 0, 1, 0, 0, 0, 1, 0, 0, 0, 1),
            ["RightUpperLeg"] = CFrame.new(0, 5.960464477539063e-08, 2.6244379114359617e-08, 0.9989403486251831, -0.04595331475138664, 0.0025404354091733694, 0.04236407205462456, 0.8965404033660889, -0.44093164801597595, 0.0179846603423357, 0.44057193398475647, 0.897537112236023),
            ["LeftUpperArm"] = CFrame.new(-1.1920928955078125e-07, 0, 8.568167686462402e-08, 0.9949945211410522, 0.0076852645725011826, 0.09963429719209671, -0.007681525312364101, 0.9999704957008362, -0.0004179668612778187, -0.09963442385196686, -0.0003495252749416977, 0.9950240850448608),
            ["RightLowerArm"] = CFrame.new(1.1920928955078125e-07, -5.960464477539063e-08, 8.940696716308594e-08, 1, 0, 2.1047883080882457e-07, 0, -0.47565317153930664, -0.8796330690383911, 1.6205011377223855e-07, 0.8796329498291016, -0.4756529629230499),
            ["LeftHand"] = CFrame.new(6.705522537231445e-08, 1.1920928955078125e-07, -2.2351741790771484e-07, 0.848673939704895, 0.49059516191482544, -0.19765859842300415, -0.5231421589851379, 0.8336610198020935, -0.1770075559616089, 0.07794127613306046, 0.2536250650882721, 0.9641573429107666),
            ["LeftFoot"] = CFrame.new(-1.7695128917694092e-08, 1.7881393432617188e-07, -3.725290298461914e-09, 0.9721387028694153, 0.053697582334280014, -0.22817319631576538, -0.09263437241315842, 0.9821797013282776, -0.16352970898151398, 0.21532589197158813, 0.18011026084423065, 0.9597890377044678),
            ["LowerTorso"] = CFrame.new(-0.006916200742125511, -0.03859305381774902, 0.03566475212574005, 0.9982709288597107, 0.05291595309972763, -0.02559536322951317, -0.047495901584625244, 0.982673168182373, 0.17915798723697662, 0.03463224694132805, -0.17763252556324005, 0.9834873676300049),
            ["RightLowerLeg"] = CFrame.new(-3.748573362827301e-08, -0.000060439109802246094, -0.00007210316107375547, 1, -7.776545629667453e-08, -3.2829127860622975e-08, 8.381903882082042e-08, 0.8448066115379333, 0.5350713133811951, -3.3120162612476634e-08, -0.5350717306137085, 0.8448068499565125),
            ["LeftUpperLeg"] = CFrame.new(2.9802322387695312e-08, -3.4226104617118835e-08, 2.421438694000244e-08, 0.9792438745498657, -0.07913495600223541, 0.18659904599189758, 0.12704649567604065, 0.9569759368896484, -0.26087597012519836, -0.15792642533779144, 0.27916795015335083, 0.9471665620803833),
            ["LeftLowerLeg"] = CFrame.new(6.51925802230835e-08, 0.00006085634231567383, 0.00007210671901702881, 1, 2.6077035641947077e-08, 1.862645149230957e-09, -2.2351741790771484e-08, 0.9631778001785278, 0.2688652575016022, 1.6298145055770874e-08, -0.26886531710624695, 0.9631778001785278),
        }},
        {Time = 0.100, Data = {
            ["RightFoot"] = CFrame.new(-7.596099749207497e-09, 4.172325134277344e-07, 1.0077201295644045e-08, 0.9957207441329956, -0.007399846334010363, 0.09220079332590103, 0.03591819480061531, 0.9494554400444031, -0.311856210231781, -0.08514752984046936, 0.31381478905677795, 0.9456450939178467),
            ["LeftLowerArm"] = CFrame.new(2.9802322387695312e-08, 0, 3.725290298461914e-08, 1, -6.14673041354763e-08, 1.862645815364772e-09, 5.075708742197094e-08, 0.8203365802764893, -0.5718812346458435, 2.3632313883581446e-08, 0.5718809366226196, 0.8203365206718445),
            ["RightUpperArm"] = CFrame.new(-1.1920928955078125e-07, -5.960464477539062e-07, 8.568167686462402e-08, 0.5219824910163879, -0.7906159162521362, -0.3200952410697937, 0.5775071978569031, 0.05141054093837738, 0.8147653937339783, -0.6277099251747131, -0.6101502776145935, 0.4834217131137848),
            ["Head"] = CFrame.new(4.6566128730773926e-09, -7.152557373046875e-07, 6.51925802230835e-08, 0.9975431561470032, 0.023463528603315353, 0.0660080835223198, -0.006724598817527294, 0.969961941242218, -0.24316400289535522, -0.06973084807395935, 0.2421227991580963, 0.9677366614341736),
            ["RightHand"] = CFrame.new(-1.1920928955078125e-07, -1.1920928955078125e-07, 1.7881393432617188e-07, 0.7186774015426636, 0.3445110321044922, -0.6039996147155762, -0.3951324224472046, 0.9170973896980286, 0.05294249579310417, 0.5721654295921326, 0.20061109960079193, 0.7952243089675903),
            ["UpperTorso"] = CFrame.new(-2.7575879357755184e-09, 2.9802322387695312e-08, 3.0253431759774685e-08, 0.9995484352111816, 0.0007734420360065997, 0.030040131881833076, -0.0011221651220694184, 0.9999321699142456, 0.011598652228713036, -0.03002912737429142, -0.01162712648510933, 0.9994814395904541),
            ["HumanoidRootPart"] = CFrame.new(0, 0, 0, 1, 0, 0, 0, 1, 0, 0, 0, 1),
            ["RightUpperLeg"] = CFrame.new(0, 7.217749953269958e-08, 3.672175807878375e-08, 0.998110294342041, -0.06110779568552971, -0.0064612156711518764, 0.05183935910463333, 0.8938198089599609, -0.44542011618614197, 0.03299379348754883, 0.4442432224750519, 0.895298421382904),
            ["LeftUpperArm"] = CFrame.new(5.960464477539063e-08, -7.152557373046875e-07, 1.4901161193847656e-08, 0.978206217288971, -0.0374893955886364, 0.20422358810901642, 0.06854338198900223, 0.9867321848869324, -0.14717832207679749, -0.19599615037441254, 0.15796881914138794, 0.9677971601486206),
            ["RightLowerArm"] = CFrame.new(0, 2.384185791015625e-07, 1.341104507446289e-07, 1, -4.4703497792397684e-08, 1.788139627478813e-07, 6.193295831735668e-08, -0.7196632623672485, -0.6943234801292419, 1.1920930376163597e-07, 0.6943231821060181, -0.7196630835533142),
            ["LeftHand"] = CFrame.new(7.450580596923828e-09, 1.1920928955078125e-07, -2.9802322387695312e-08, 0.9335339665412903, 0.2507522404193878, -0.2561984658241272, -0.3420668840408325, 0.8368933200836182, -0.42731717228889465, 0.10726022720336914, 0.486551970243454, 0.8670423626899719),
            ["LeftFoot"] = CFrame.new(-7.450580596923828e-09, 1.7881393432617188e-07, 3.725290298461914e-09, 0.9640715718269348, 0.05723030865192413, -0.2594050168991089, -0.099284328520298, 0.9833757877349854, -0.15203486382961273, 0.24639147520065308, 0.17232732474803925, 0.9537266492843628),
            ["LowerTorso"] = CFrame.new(-0.013311045244336128, -0.04231142997741699, 0.03568539768457413, 0.9984325170516968, 0.05549304932355881, 0.0072907619178295135, -0.05590711906552315, 0.982624351978302, 0.1769857555627823, 0.002657458186149597, -0.17711593210697174, 0.9841864705085754),
            ["RightLowerLeg"] = CFrame.new(-7.147900760173798e-08, -0.000060439109802246094, -0.00007209571049315855, 1, -8.678762952740726e-08, -2.3312164643130018e-08, 8.294591680169106e-08, 0.828342616558075, 0.5602216720581055, -2.1595042198896408e-08, -0.5602219700813293, 0.8283426761627197),
            ["LeftUpperLeg"] = CFrame.new(0, -2.2351741790771484e-08, -1.0244548320770264e-08, 0.9779524803161621, -0.09000685811042786, 0.1884351372718811, 0.13848069310188293, 0.9549235105514526, -0.2625724673271179, -0.15630783140659332, 0.28287795186042786, 0.9463339447975159),
            ["LeftLowerLeg"] = CFrame.new(2.2351741790771484e-08, 0.00006073713302612305, 0.00007214397192001343, 1, 1.4901162970204496e-08, 5.587936335871291e-09, -1.6763808119435453e-08, 0.9638246893882751, 0.26653745770454407, -9.313226634333205e-09, -0.2665373384952545, 0.9638245701789856),
        }},
        {Time = 0.133, Data = {
            ["RightFoot"] = CFrame.new(1.979060471057892e-09, 1.7881393432617188e-07, -1.673470251262188e-10, 0.9965261220932007, -0.004469636827707291, 0.08324598520994186, 0.03260580822825432, 0.9398426413536072, -0.34006354212760925, -0.07663312554359436, 0.34157833456993103, 0.9367107152938843),
            ["LeftLowerArm"] = CFrame.new(1.7881393432617188e-07, 2.384185791015625e-07, 1.30385160446167e-08, 1, -6.332992796842518e-08, -3.7252898543727042e-09, 2.9744114726781845e-08, 0.7899211645126343, -0.6132087707519531, 1.705484464764595e-08, 0.6132084727287292, 0.7899208664894104),
            ["RightUpperArm"] = CFrame.new(-5.960464477539063e-08, -2.384185791015625e-07, -1.1175870895385742e-08, 0.22737069427967072, -0.6312863230705261, -0.7414717078208923, 0.9624809622764587, 0.0298846997320652, 0.26969873905181885, -0.14809846878051758, -0.7749738693237305, 0.6143959760665894),
            ["Head"] = CFrame.new(-1.862645149230957e-08, -2.384185791015625e-07, 2.468004822731018e-08, 0.999755322933197, -0.013745540753006935, 0.017335528507828712, 0.01721631921827793, 0.9754784107208252, -0.21942104399204254, -0.013894430361688137, 0.21966588497161865, 0.9754762649536133),
            ["RightHand"] = CFrame.new(-3.5762786865234375e-07, -1.1920928955078125e-07, -8.940696716308594e-08, 0.3288377523422241, 0.5415081977844238, -0.7737149596214294, -0.9382572770118713, 0.2805205285549164, -0.20243927836418152, 0.10742051899433136, 0.7925132513046265, 0.6003196239471436),
            ["UpperTorso"] = CFrame.new(-1.5133991837501526e-08, 0, -5.800393410027027e-08, 0.9999234676361084, -0.00020302645862102509, -0.012372659519314766, 0.00015796581283211708, 0.9999933838844299, -0.003654822940006852, 0.012373310513794422, 0.003652512328699231, 0.9999168515205383),
            ["HumanoidRootPart"] = CFrame.new(0, 0, 0, 1, 0, 0, 0, 1, 0, 0, 0, 1),
            ["RightUpperLeg"] = CFrame.new(-2.9802322387695312e-08, 5.8673322200775146e-08, -1.0041549103334546e-07, 0.9954693913459778, -0.08523491024971008, -0.042139939963817596, 0.057760171592235565, 0.8941321969032288, -0.44406265020370483, 0.07552830129861832, 0.4396166503429413, 0.8950042128562927),
            ["LeftUpperArm"] = CFrame.new(5.960464477539063e-08, -1.1920928955078125e-07, -2.2351741790771484e-08, 0.9969584941864014, 0.00502122612670064, 0.07777362316846848, 0.007914481684565544, 0.9862412214279175, -0.16512341797351837, -0.0775325819849968, 0.1652366667985916, 0.9832016825675964),
            ["RightLowerArm"] = CFrame.new(1.7881393432617188e-07, -5.960464477539063e-08, -1.862645149230957e-08, 1, -2.980232949312267e-08, 8.940694584680386e-08, 8.568166975919667e-08, -0.4554143249988556, -0.8902797102928162, 1.1920927533992653e-07, 0.8902797102928162, -0.4554141163825989),
            ["LeftHand"] = CFrame.new(-6.705522537231445e-08, 3.5762786865234375e-07, -1.043081283569336e-07, 0.9797672629356384, 0.14485064148902893, -0.13811016082763672, -0.19335457682609558, 0.8632270693778992, -0.46631893515586853, 0.05167394503951073, 0.4835880696773529, 0.8737690448760986),
            ["LeftFoot"] = CFrame.new(-1.4901161193847656e-08, -5.960464477539063e-08, -7.450580596923828e-09, 0.9592122435569763, 0.061026327311992645, -0.2760211229324341, -0.10126126557588577, 0.9858017563819885, -0.1339445561170578, 0.26392796635627747, 0.15643176436424255, 0.9517727494239807),
            ["LowerTorso"] = CFrame.new(-0.017481604591012, -0.04619431495666504, 0.03570609912276268, 0.9966835975646973, 0.056822724640369415, 0.0582490898668766, -0.06608306616544724, 0.9828962683677673, 0.1718956083059311, -0.04748518019914627, -0.1751747876405716, 0.9833915829658508),
            ["RightLowerLeg"] = CFrame.new(-4.7264620661735535e-08, -0.00006031990051269531, -0.00007205519796116278, 1, -9.220095620321445e-08, -2.5262133718229052e-08, 8.009374852235851e-08, 0.8109514713287354, 0.5851129293441772, -2.3283067918100642e-08, -0.5851133465766907, 0.8109518885612488),
            ["LeftUpperLeg"] = CFrame.new(-1.1920928955078125e-07, -8.66129994392395e-08, -1.2852251529693604e-07, 0.9816557765007019, -0.1059940829873085, 0.1584841012954712, 0.14605586230754852, 0.9523566365242004, -0.267739862203598, -0.12255451828241348, 0.285975843667984, 0.9503674507141113),
            ["LeftLowerLeg"] = CFrame.new(4.563480615615845e-08, 0.00006079673767089844, 0.00007210671901702881, 1, 2.421439226907296e-08, -3.7252920748187535e-09, -2.7939680791178034e-08, 0.9656318426132202, 0.25991371273994446, 2.8405342078485774e-08, -0.25991377234458923, 0.965631902217865),
        }},
        {Time = 0.167, Data = {
            ["RightFoot"] = CFrame.new(7.28759914636612e-08, 2.384185791015625e-07, -3.835157258436084e-08, 0.9962230920791626, -0.002833188744261861, 0.08686899393796921, 0.032770514488220215, 0.9378774762153625, -0.3454311788082123, -0.08040880411863327, 0.34695500135421753, 0.934414803981781),
            ["LeftLowerArm"] = CFrame.new(5.662441253662109e-07, -7.748603820800781e-07, -3.725290298461914e-08, 1, -6.658957829586143e-08, 2.9336657547673894e-08, 7.415658842546691e-08, 0.5760396718978882, -0.8174219727516174, 3.352762334429826e-08, 0.8174217343330383, 0.5760394334793091),
            ["RightUpperArm"] = CFrame.new(1.1920928955078125e-07, 3.5762786865234375e-07, -5.21540641784668e-08, -0.02299545332789421, -0.6936457753181458, -0.7199494242668152, 0.9796338081359863, 0.12805117666721344, -0.1546628624200821, 0.19947153329849243, -0.7088431715965271, 0.6765739321708679),
            ["Head"] = CFrame.new(-7.450580596923828e-09, 3.5762786865234375e-07, -3.655441105365753e-08, 0.999862551689148, -0.004286911338567734, 0.016021061688661575, 0.007494690828025341, 0.9785422682762146, -0.20591017603874207, -0.014794612303376198, 0.20600198209285736, 0.9784398078918457),
            ["RightHand"] = CFrame.new(-3.762543201446533e-07, 5.960464477539063e-08, 1.4901161193847656e-08, 0.015338405966758728, 0.6614436507225037, -0.7498382329940796, -0.9997069239616394, 0.024194633588194847, 0.000893058255314827, 0.018732843920588493, 0.7496044635772705, 0.6616206169128418),
            ["UpperTorso"] = CFrame.new(-9.080395102500916e-09, -2.9802322387695312e-08, -3.5797711461782455e-09, 0.9977776408195496, -0.001964500406756997, -0.0666034072637558, 0.0007757096318528056, 0.9998400807380676, -0.017872404307127, 0.06662780791521072, 0.017780939117074013, 0.9976195096969604),
            ["HumanoidRootPart"] = CFrame.new(0, 0, 0, 1, 0, 0, 0, 1, 0, 0, 0, 1),
            ["RightUpperLeg"] = CFrame.new(-5.960464477539063e-08, -1.6728881746530533e-07, 2.5778717827051878e-08, 0.9920089244842529, -0.10097342729568481, -0.07564889639616013, 0.05937163531780243, 0.9026487469673157, -0.4262634813785553, 0.11132559180259705, 0.418365478515625, 0.9014304280281067),
            ["LeftUpperArm"] = CFrame.new(0, 2.384185791015625e-07, -7.078051567077637e-08, 0.9966755509376526, 0.08139663934707642, 0.0035369941033422947, -0.08099910616874695, 0.9946185350418091, -0.06459955126047134, -0.008776077069342136, 0.06409827619791031, 0.9979050159454346),
            ["RightLowerArm"] = CFrame.new(-1.4901161193847656e-07, -1.1920928955078125e-07, 2.421438694000244e-07, 1, -7.823110337312755e-08, 1.1175868053214799e-07, 8.754432201385498e-08, -0.1957702934741974, -0.9806498289108276, 1.0617077350616455e-07, 0.9806498289108276, -0.19577018916606903),
            ["LeftHand"] = CFrame.new(-5.21540641784668e-08, -1.1920928955078125e-07, -2.384185791015625e-07, 0.9798935651779175, 0.14115728437900543, -0.14100787043571472, -0.1773710548877716, 0.9399334788322449, -0.291658878326416, 0.0913681909441948, 0.3108051121234894, 0.9460718631744385),
            ["LeftFoot"] = CFrame.new(3.725290298461914e-09, 0, -1.30385160446167e-08, 0.9590231776237488, 0.062249019742012024, -0.2764050364494324, -0.09145212173461914, 0.9913589358329773, -0.0940428152680397, 0.2681623101234436, 0.1154671236872673, 0.9564289450645447),
            ["LowerTorso"] = CFrame.new(-0.01831570453941822, -0.041873931884765625, 0.03496578708291054, 0.9942635893821716, 0.05738500878214836, 0.09026051312685013, -0.07171017676591873, 0.983772873878479, 0.1644650399684906, -0.07935795187950134, -0.16999417543411255, 0.9822444915771484),
            ["RightLowerLeg"] = CFrame.new(-4.0512531995773315e-08, -0.00006020069122314453, -0.00007200537220342085, 1, -9.313225746154785e-08, -1.4202665710172369e-08, 9.639187226184731e-08, 0.8162021636962891, 0.5777660012245178, -2.8638165616712286e-08, -0.577766478061676, 0.8162024617195129),
            ["LeftUpperLeg"] = CFrame.new(-5.960464477539063e-08, -2.6635825634002686e-07, 2.9802322387695312e-08, 0.9848973751068115, -0.12002284079790115, 0.12478680908679962, 0.14692223072052002, 0.9606803059577942, -0.23560012876987457, -0.09160280227661133, 0.25037574768066406, 0.9638054370880127),
            ["LeftLowerLeg"] = CFrame.new(1.7989077605307102e-07, 0.00006085634231567383, 0.00007210858166217804, 1, 2.9802322387695312e-08, -1.2107191693644381e-08, -1.1175873559921001e-08, 0.981379508972168, 0.19207878410816193, -5.587936779960501e-09, -0.19207873940467834, 0.9813795685768127),
        }},
        {Time = 0.200, Data = {
            ["RightFoot"] = CFrame.new(1.618172973394394e-08, 2.384185791015625e-07, 6.129994289949536e-08, 0.9959115386009216, -0.0044784084893763065, 0.09030789881944656, 0.035427290946245193, 0.938174307346344, -0.34436166286468506, -0.08309738337993622, 0.34613457322120667, 0.9344835877418518),
            ["LeftLowerArm"] = CFrame.new(2.682209014892578e-07, 0, 3.725290298461914e-08, 1, -1.043081780949251e-07, 9.732319483646279e-08, 8.451754496263675e-08, 0.2424672394990921, -0.9701597094535828, 6.705523958316917e-08, 0.970159649848938, 0.2424670159816742),
            ["RightUpperArm"] = CFrame.new(-1.7881393432617188e-07, 2.384185791015625e-07, -1.1641532182693481e-08, -0.16774699091911316, -0.7684301137924194, -0.6175568103790283, 0.9161691665649414, 0.10978308320045471, -0.3854631185531616, 0.3639986515045166, -0.63044673204422, 0.6855959296226501),
            ["Head"] = CFrame.new(-1.83936208486557e-08, 0, 3.14321368932724e-09, 0.9993677735328674, 0.016345875337719917, 0.03157176449894905, -0.009873860515654087, 0.9807118773460388, -0.19520971179008484, -0.034153711050748825, 0.19477464258670807, 0.980253279209137),
            ["RightHand"] = CFrame.new(5.327165126800537e-07, -5.960464477539063e-08, -1.341104507446289e-07, 0.1262640357017517, 0.7724692821502686, -0.622373640537262, -0.956512451171875, 0.26110759377479553, 0.13002565503120422, 0.2629472613334656, 0.5788904428482056, 0.7718448042869568),
            ["UpperTorso"] = CFrame.new(-1.210719347000122e-08, -8.940696716308594e-08, 4.0978193283081055e-08, 0.992958664894104, -0.004528345540165901, -0.11837518960237503, 0.0010451009729877114, 0.9995651245117188, -0.02947222627699375, 0.1184571161866188, 0.029140915721654892, 0.9925314784049988),
            ["HumanoidRootPart"] = CFrame.new(0, 0, 0, 1, 0, 0, 0, 1, 0, 0, 0, 1),
            ["RightUpperLeg"] = CFrame.new(5.960464477539063e-08, -2.0721927285194397e-07, -2.2184394765645266e-08, 0.9889101386070251, -0.10474561899900436, -0.10528658330440521, 0.05357061326503754, 0.9127793908119202, -0.4049248695373535, 0.13851746916770935, 0.3947938084602356, 0.9082679152488708),
            ["LeftUpperArm"] = CFrame.new(1.1920928955078125e-07, 0, -2.0954757928848267e-08, 0.985386848449707, 0.16108879446983337, 0.05534876137971878, -0.1635172814130783, 0.9856221675872803, 0.042555101215839386, -0.0476977676153183, -0.05098371207714081, 0.9975598454475403),
            ["RightLowerArm"] = CFrame.new(-4.172325134277344e-07, -5.960464477539063e-08, 3.5762786865234375e-07, 1, -5.960465188081798e-08, 6.70552182668871e-08, 1.2293457984924316e-07, -0.04876987636089325, -0.9988100528717041, 2.2351741790771484e-08, 0.9988100528717041, -0.04876978322863579),
            ["LeftHand"] = CFrame.new(7.35744833946228e-08, 1.1920928955078125e-07, 2.9802322387695312e-08, 0.9661431312561035, 0.14981986582279205, -0.21005086600780487, -0.19927020370960236, 0.9504410624504089, -0.2386493980884552, 0.16388653218746185, 0.27242612838745117, 0.948116660118103),
            ["LeftFoot"] = CFrame.new(6.51925802230835e-09, 0, 3.725290298461914e-09, 0.9590625762939453, 0.06022149696946144, -0.27671733498573303, -0.0819336324930191, 0.9943443536758423, -0.06757370382547379, 0.2710830271244049, 0.08747974783182144, 0.9585725665092468),
            ["LowerTorso"] = CFrame.new(-0.013755913823843002, -0.03800511360168457, 0.03426685929298401, 0.9919815063476562, 0.053668901324272156, 0.11442185938358307, -0.07141167670488358, 0.9849984645843506, 0.15709388256072998, -0.10427425056695938, -0.16400523483753204, 0.9809328317642212),
            ["RightLowerLeg"] = CFrame.new(7.729977369308472e-08, -0.00006014108657836914, -0.00007206311420304701, 1, -7.380732824913139e-08, -3.1548552215099335e-08, 9.080395102500916e-08, 0.826759397983551, 0.5625553131103516, -1.3445969671010971e-08, -0.5625557899475098, 0.8267596960067749),
            ["LeftUpperLeg"] = CFrame.new(0, -3.026798367500305e-07, -7.450580596923828e-09, 0.9877259135246277, -0.1215217337012291, 0.09813261032104492, 0.14025725424289703, 0.9665286540985107, -0.21482615172863007, -0.06874191015958786, 0.22595316171646118, 0.971709668636322),
            ["LeftLowerLeg"] = CFrame.new(-6.472691893577576e-08, 0.00006085634231567383, 0.00007206574082374573, 1, 3.725291186640334e-09, -1.6763806343078613e-08, -2.1420419216156006e-08, 0.9889575839042664, 0.14819929003715515, 4.190951585769653e-09, -0.14819924533367157, 0.9889575242996216),
        }},
        {Time = 0.233, Data = {
            ["RightFoot"] = CFrame.new(5.4424162954092026e-08, 5.364418029785156e-07, 4.360481398180127e-08, 0.9955881237983704, -0.010935226455330849, 0.0932760089635849, 0.043438706547021866, 0.9341153502464294, -0.35433366894721985, -0.08317110687494278, 0.3568040430545807, 0.9304554462432861),
            ["LeftLowerArm"] = CFrame.new(4.172325134277344e-07, -2.384185791015625e-07, 9.499490261077881e-08, 1, -8.195643630415361e-08, 2.700834755842152e-08, 1.527369164477932e-07, -0.07431323081254959, -0.9972349405288696, 8.195639367158947e-08, 0.9972350597381592, -0.07431314885616302),
            ["RightUpperArm"] = CFrame.new(-5.960464477539063e-08, -1.1920928955078125e-07, -2.6193447411060333e-08, -0.198011577129364, -0.8532286882400513, -0.48248568177223206, 0.7215885519981384, 0.20625685155391693, -0.660884439945221, 0.6634014248847961, -0.4790187478065491, 0.5748386979103088),
            ["Head"] = CFrame.new(1.3387762010097504e-08, -1.1920928955078125e-07, -3.574677975848317e-08, 0.997615396976471, 0.04322345182299614, 0.05380883067846298, -0.03250053897500038, 0.9819674491882324, -0.18623536825180054, -0.06088828667998314, 0.1840425431728363, 0.9810305833816528),
            ["RightHand"] = CFrame.new(2.1792948246002197e-07, 5.960464477539063e-08, 2.0302832126617432e-07, 0.853230357170105, 0.5115819573402405, -0.10140044242143631, -0.4533698558807373, 0.8236614465713501, 0.3406430780887604, 0.2577863335609436, -0.24467511475086212, 0.9347086548805237),
            ["UpperTorso"] = CFrame.new(2.7474015951156616e-08, 8.940696716308594e-08, 5.820766091346741e-09, 0.9878746271133423, -0.006903639994561672, -0.15510059893131256, 0.0014154710806906223, 0.9993698596954346, -0.035468101501464844, 0.15524764358997345, 0.034818459302186966, 0.9872618317604065),
            ["HumanoidRootPart"] = CFrame.new(0, 0, 0, 1, 0, 0, 0, 1, 0, 0, 0, 1),
            ["RightUpperLeg"] = CFrame.new(0, 4.833564162254333e-07, 6.908521754667163e-08, 0.9828274250030518, -0.10154353082180023, -0.15407535433769226, 0.03419932723045349, 0.9207444787025452, -0.38866478204727173, 0.1813303381204605, 0.37672075629234314, 0.9084054827690125),
            ["LeftUpperArm"] = CFrame.new(0, 0, -2.491287887096405e-08, 0.9644673466682434, 0.2239992916584015, 0.14009766280651093, -0.23829609155654907, 0.9665210843086243, 0.09514165669679642, -0.11409561336040497, -0.12514585256576538, 0.9855560660362244),
            ["RightLowerArm"] = CFrame.new(7.152557373046875e-07, -1.7881393432617188e-07, 2.9802322387695312e-08, 1, -2.2351748896198842e-08, 1.341104365337742e-07, 4.4703494239684005e-08, -0.02053343504667282, -0.9997891783714294, 2.980232949312267e-08, 0.9997892379760742, -0.020533455535769463),
            ["LeftHand"] = CFrame.new(-3.725290298461914e-08, 0, 4.470348358154297e-08, 0.9556244015693665, 0.13886721432209015, -0.2598033845424652, -0.16946379840373993, 0.9805281162261963, -0.09923098236322403, 0.24096491932868958, 0.13885469734668732, 0.9605495929718018),
            ["LeftFoot"] = CFrame.new(6.332993507385254e-08, 0, 7.450580596923828e-09, 0.9612137675285339, 0.05357510969042778, -0.2705511450767517, -0.08306416124105453, 0.9916399717330933, -0.09874448925256729, 0.2629993259906769, 0.11738761514425278, 0.9576281309127808),
            ["LowerTorso"] = CFrame.new(0.0004239538684487343, -0.042160987854003906, 0.035218048840761185, 0.9869808554649353, 0.04105149582028389, 0.15551042556762695, -0.06494046002626419, 0.9862754940986633, 0.15180091559886932, -0.1471443772315979, -0.15992344915866852, 0.9761009812355042),
            ["RightLowerLeg"] = CFrame.new(1.257285475730896e-08, -0.000060439109802246094, -0.00007206777081592008, 1, -7.543713564928112e-08, -2.1653251636166715e-08, 7.636845111846924e-08, 0.8280153274536133, 0.5607052445411682, 5.820766091346741e-11, -0.5607056617736816, 0.8280155062675476),
            ["LeftUpperLeg"] = CFrame.new(0, 4.880130290985107e-07, -2.2351741790771484e-08, 0.9925615191459656, -0.10855989903211594, 0.055103935301303864, 0.11965038627386093, 0.9534333348274231, -0.2768551707267761, -0.0224824957549572, 0.28138887882232666, 0.9593304991722107),
            ["LeftLowerLeg"] = CFrame.new(1.6065314412117004e-08, 0.00006073713302612305, 0.00007211137562990189, 1, 3.725290653733282e-08, -7.916242772409987e-09, 0, 0.9703109860420227, 0.2418607771396637, -2.514570596190424e-08, -0.2418607473373413, 0.9703110456466675),
        }},
        {Time = 0.267, Data = {
            ["RightFoot"] = CFrame.new(1.234002411365509e-08, 5.364418029785156e-07, -3.892637323588133e-09, 0.9952568411827087, -0.020361369475722313, 0.09520923346281052, 0.053566500544548035, 0.9310141205787659, -0.36104533076286316, -0.08120525628328323, 0.36441493034362793, 0.9276753067970276),
            ["LeftLowerArm"] = CFrame.new(1.1920928955078125e-07, 0, 5.21540641784668e-08, 1, -8.940700979565008e-08, 6.332991375757047e-08, 1.1175873737556685e-07, -0.3457719087600708, -0.9383187890052795, 8.56816981809061e-08, 0.93831866979599, -0.34577155113220215),
            ["RightUpperArm"] = CFrame.new(-5.960464477539063e-08, -1.1920928955078125e-07, 2.60770320892334e-08, -0.15563279390335083, -0.9136227965354919, -0.3755955398082733, 0.5026220679283142, 0.25408631563186646, -0.8263240456581116, 0.8503819704055786, -0.3173854649066925, 0.4196624755859375),
            ["Head"] = CFrame.new(7.334165275096893e-09, -2.384185791015625e-07, -1.586158759891987e-08, 0.993566632270813, 0.07330839335918427, 0.0863206684589386, -0.056735195219516754, 0.9818758964538574, -0.18083389103412628, -0.09801281243562698, 0.1747732013463974, 0.9797182679176331),
            ["RightHand"] = CFrame.new(1.043081283569336e-07, -1.1920928955078125e-07, -1.0058283805847168e-07, 0.9114843606948853, -0.23600056767463684, 0.3368975818157196, 0.11904400587081909, 0.9353335499763489, 0.3331364691257477, -0.39373183250427246, -0.2635430097579956, 0.8806362748146057),
            ["UpperTorso"] = CFrame.new(-7.450580596923828e-09, 8.940696716308594e-08, 5.9138983488082886e-08, 0.9840841293334961, -0.008335532620549202, -0.17750799655914307, 0.001512198126874864, 0.9992559552192688, -0.03854117915034294, 0.17769715189933777, 0.03765923157334328, 0.9833643436431885),
            ["HumanoidRootPart"] = CFrame.new(0, 0, 0, 1, 0, 0, 0, 1, 0, 0, 0, 1),
            ["RightUpperLeg"] = CFrame.new(0, 1.685693860054016e-07, 6.535992724820971e-08, 0.9780244827270508, -0.08814486116170883, -0.18894106149673462, 0.010816110298037529, 0.9264645576477051, -0.37622693181037903, 0.20820960402488708, 0.3659152686595917, 0.9070582389831543),
            ["LeftUpperArm"] = CFrame.new(0, -2.384185791015625e-07, 2.7939677238464355e-09, 0.9301485419273376, 0.2566782534122467, 0.2625647485256195, -0.2854006886482239, 0.955296516418457, 0.07716749608516693, -0.23101980984210968, -0.14671331644058228, 0.9618237614631653),
            ["RightLowerArm"] = CFrame.new(-1.1920928955078125e-07, 2.980232238769531e-07, 2.5331974029541016e-07, 1, -3.35276340024393e-08, 1.1920927533992653e-07, 4.4703490686970326e-08, -0.01975760981440544, -0.9998048543930054, 1.3411046495548362e-07, 0.9998047947883606, -0.01975756697356701),
            ["LeftHand"] = CFrame.new(2.9802322387695312e-08, 1.1920928955078125e-07, -3.725290298461914e-09, 0.941990315914154, 0.18204109370708466, -0.28198444843292236, -0.1950264871120453, 0.980624794960022, -0.01843714714050293, 0.2731646001338959, 0.07236184179782867, 0.9592418670654297),
            ["LeftFoot"] = CFrame.new(6.51925802230835e-09, 0, 0, 0.963222086429596, 0.04385858774185181, -0.2651033401489258, -0.0818716436624527, 0.9875817894935608, -0.13408716022968292, 0.25593024492263794, 0.1508600264787674, 0.9548512697219849),
            ["LowerTorso"] = CFrame.new(0.018830029293894768, -0.0484774112701416, 0.035859137773513794, 0.9829238057136536, 0.027172455564141273, 0.18199574947357178, -0.05469457432627678, 0.9874798655509949, 0.14795969426631927, -0.17569668591022491, -0.1553872674703598, 0.9721035957336426),
