return {
    ["The Worm"] = {
        {Time = 0.000, Data = {
            ["RightFoot"] = CFrame.new(0, 4.76837158203125e-07, 1.1345400707796216e-07, 0.9999759197235107, -0.00039342441596090794, -0.0069312662817537785, -0.0004390851245261729, 0.9928066730499268, -0.11972785741090775, 0.006927766837179661, 0.11972828954458237, 0.9927826523780823),
            ["LeftLowerArm"] = CFrame.new(-1.1920928955078125e-07, 0, -1.8812716007232666e-07, 1, -7.823108916227284e-08, 7.078052277620372e-08, 6.705523247774181e-08, 0.28396791219711304, -0.9588338136672974, 7.450581307466564e-08, 0.9588337540626526, 0.28396788239479065),
            ["RightUpperArm"] = CFrame.new(-5.960464477539063e-08, -3.5762786865234375e-07, 1.3451790437102318e-07, 0.6640201210975647, -0.6774295568466187, 0.31649142503738403, -0.4283360540866852, -0.6915751695632935, -0.5815944075584412, 0.6128666400909424, 0.2506255805492401, -0.749387264251709),
            ["Head"] = CFrame.new(3.14321368932724e-09, -2.384185791015625e-07, -3.1255865451385034e-08, 0.9909015893936157, 0.13458220660686493, 0.0013183695264160633, -0.061945896595716476, 0.4647475779056549, -0.8832738995552063, -0.11948563903570175, 0.8751556873321533, 0.4688556492328644),
            ["RightHand"] = CFrame.new(-8.195638656616211e-08, -2.384185791015625e-07, 4.2654573917388916e-07, 0.933160662651062, -0.22009629011154175, 0.2841985523700714, 0.15127187967300415, 0.9576600790023804, 0.24495714902877808, -0.326079785823822, -0.18559306859970093, 0.926945149898529),
            ["UpperTorso"] = CFrame.new(3.725290298461914e-09, 2.086162567138672e-07, 9.74105205386877e-08, 0.9938012957572937, -0.11114565283060074, -0.002375827869400382, 0.11108589917421341, 0.9919769763946533, 0.06034587696194649, -0.004350429400801659, -0.060236021876335144, 0.998174786567688),
            ["HumanoidRootPart"] = CFrame.new(0, 0, 0, 1, 0, 0, 0, 1, 0, 0, 0, 1),
            ["RightUpperLeg"] = CFrame.new(1.1920928955078125e-07, 6.05359673500061e-08, 1.6384728951379657e-07, 0.9886616468429565, -0.017912162467837334, 0.14908939599990845, 0.04670132324099541, 0.9802994132041931, -0.191917285323143, -0.14271403849124908, 0.1967034637928009, 0.9700207710266113),
            ["LeftUpperArm"] = CFrame.new(0, -3.5762786865234375e-07, 7.753260433673859e-08, 0.5854008197784424, 0.626899003982544, -0.5141047835350037, 0.34575575590133667, -0.7666010856628418, -0.5410876870155334, -0.733320415019989, 0.13899844884872437, -0.6655227541923523),
            ["RightLowerArm"] = CFrame.new(-4.76837158203125e-07, -5.960464477539063e-08, 4.284083843231201e-08, 1, -1.0058281674218961e-07, 9.406356582530861e-08, 7.078051567077637e-08, 0.308843195438385, -0.9511130452156067, 2.2351741790771484e-08, 0.9511130452156067, 0.3088431656360626),
            ["LeftHand"] = CFrame.new(3.501772880554199e-07, -5.960464477539063e-08, 4.0978193283081055e-07, 0.930183470249176, 0.36136290431022644, -0.06461883336305618, -0.27122509479522705, 0.7951482534408569, 0.5423802733421326, 0.24737754464149475, -0.4869868755340576, 0.8376443386077881),
            ["LeftFoot"] = CFrame.new(2.421438694000244e-08, 1.1920928955078125e-07, 1.1175870895385742e-08, 0.9931023716926575, -0.11698921024799347, 0.00782634038478136, 0.11292954534292221, 0.9364159107208252, -0.3322228193283081, 0.03153790533542633, 0.3308153748512268, 0.9431684613227844),
            ["LowerTorso"] = CFrame.new(0.020794423297047615, -0.5911819934844971, -0.04449835047125816, 0.9969252943992615, 0.07828816771507263, -0.003306653117761016, 0.05269630253314972, -0.6386109590530396, 0.7677233219146729, 0.057991981506347656, -0.7655370831489563, -0.6407729983329773),
            ["RightLowerLeg"] = CFrame.new(-1.4901161193847656e-08, -0.00012230873107910156, -0.00007737630949122831, 1, -3.7252917195473856e-08, 5.215405707303944e-08, -1.4901164746561335e-08, 0.9999862909317017, 0.0052469223737716675, 7.078052988163108e-08, -0.0052468013018369675, 0.9999862909317017),
            ["LeftUpperLeg"] = CFrame.new(2.9802322387695312e-08, -1.0058283805847168e-07, 1.5972182154655457e-07, 0.9883240461349487, 0.039066340774297714, -0.14727391302585602, 0.021317994222044945, 0.9216101765632629, 0.38753053545951843, 0.15086853504180908, -0.38614556193351746, 0.9100167751312256),
            ["LeftLowerLeg"] = CFrame.new(1.1548399925231934e-07, 0.0001226663589477539, 0.0000773891806602478, 1, 1.7695121812266734e-08, 4.656613938891496e-08, -2.4214383387288763e-08, 0.9493129849433899, 0.3143327832221985, -7.4505797087454084e-09, -0.314332515001297, 0.9493129253387451),
        }},
        {Time = 0.033, Data = {
            ["RightFoot"] = CFrame.new(2.9802322387695312e-08, 4.172325134277344e-07, -1.9947037799283862e-07, 0.995807409286499, -0.09123934805393219, -0.006575663108378649, 0.08995594829320908, 0.989777684211731, -0.11067099124193192, 0.016605865210294724, 0.10961586982011795, 0.9938353300094604),
            ["LeftLowerArm"] = CFrame.new(-4.470348358154297e-07, -5.960464477539063e-08, -3.4528784453868866e-07, 1, -1.1175873737556685e-07, 1.0430815677864302e-07, 9.685756197086448e-08, -0.13181842863559723, -0.9912739396095276, 9.965152969471092e-08, 0.9912739396095276, -0.13181841373443604),
            ["RightUpperArm"] = CFrame.new(0, -5.960464477539062e-07, -7.450580596923828e-09, 0.7943305969238281, -0.6053395867347717, 0.05101821571588516, -0.3805919289588928, -0.561350405216217, -0.7348711490631104, 0.47348564863204956, 0.5643134713172913, -0.6762851476669312),
            ["Head"] = CFrame.new(-5.587935447692871e-09, -3.5762786865234375e-07, -1.7404090613126755e-08, 0.9770382642745972, 0.21000094711780548, 0.03599720075726509, -0.02774704620242119, 0.2929210066795349, -0.9557340145111084, -0.21124935150146484, 0.9327898621559143, 0.2920219898223877),
            ["RightHand"] = CFrame.new(-1.2665987014770508e-07, -2.384185791015625e-07, 1.1175870895385742e-08, 0.8902904391288757, -0.4357304871082306, 0.13237012922763824, 0.334048867225647, 0.8224202990531921, 0.46047404408454895, -0.30950644612312317, -0.36573752760887146, 0.8777481317520142),
            ["UpperTorso"] = CFrame.new(5.169567884877324e-09, 1.4901161193847656e-07, 1.64975062943995e-07, 0.9959751963615417, -0.008668998256325722, -0.08920961618423462, 0.02147570252418518, 0.9894000887870789, 0.1436186134815216, 0.08701898157596588, -0.14495660364627838, 0.9856041073799133),
            ["HumanoidRootPart"] = CFrame.new(0, 0, 0, 1, 0, 0, 0, 1, 0, 0, 0, 1),
            ["RightUpperLeg"] = CFrame.new(1.1920928955078125e-07, 1.8252467270940542e-07, -1.944790710695088e-07, 0.990848958492279, 0.04905194416642189, 0.12574699521064758, -0.004368817899376154, 0.942794919013977, -0.33334478735923767, -0.13490483164787292, 0.329744815826416, 0.9343816041946411),
            ["LeftUpperArm"] = CFrame.new(0, -4.76837158203125e-07, -7.450580596923828e-08, 0.5282270908355713, 0.7403303384780884, -0.41579699516296387, 0.34417057037353516, -0.6343395113945007, -0.6922139525413513, -0.776223361492157, 0.22254100441932678, -0.5898752212524414),
            ["RightLowerArm"] = CFrame.new(0, -1.1920928955078125e-07, -2.969754859805107e-07, 1, -8.940694584680386e-08, 6.589105794319039e-08, 1.0151413931680509e-07, 0.09995522350072861, -0.9949918985366821, 9.22009135706503e-08, 0.9949919581413269, 0.09995521605014801),
            ["LeftHand"] = CFrame.new(2.384185791015625e-07, 0, 1.341104507446289e-07, 0.8865749835968018, 0.43194106221199036, -0.1655648648738861, -0.294931560754776, 0.8035428524017334, 0.5170437693595886, 0.3563709259033203, -0.40956777334213257, 0.8397940397262573),
            ["LeftFoot"] = CFrame.new(-5.21540641784668e-08, -5.960464477539063e-08, 7.450580596923828e-09, 0.999151885509491, -0.04047149419784546, 0.0075964294373989105, 0.041165780276060104, 0.9771590828895569, -0.20848405361175537, 0.0010146313579753041, 0.20862004160881042, 0.977996289730072),
            ["LowerTorso"] = CFrame.new(0.020794423297047615, -0.463478684425354, -0.015301287174224854, 1, -0.00019303333829157054, -0.0001481172366766259, 0.00001338009133178275, -0.5642059445381165, 0.8256341218948364, -0.00024294352624565363, -0.8256341218948364, -0.5642059445381165),
            ["RightLowerLeg"] = CFrame.new(1.862645149230957e-08, -0.00012242794036865234, -0.00007744336471660063, 1, -5.587933671336032e-09, 2.60770320892334e-08, 1.862645149230957e-08, 0.9999864101409912, 0.005210252944380045, 5.960464477539063e-08, -0.0052102478221058846, 0.999986469745636),
            ["LeftUpperLeg"] = CFrame.new(0, -2.1517917048186064e-07, 1.5990372048690915e-07, 0.9918931126594543, 0.0004888958064839244, -0.12707418203353882, 0.006268245633691549, 0.9985871315002441, 0.05276967212557793, 0.12692050635814667, -0.053138550370931625, 0.9904884696006775),
            ["LeftLowerLeg"] = CFrame.new(-8.195638656616211e-08, 0.0001226663589477539, 0.00007742270827293396, 1, 5.587933316064664e-08, 7.450580596923828e-08, -4.618777893483639e-08, 0.8864631652832031, 0.46279940009117126, 5.960464477539063e-08, -0.46279916167259216, 0.8864630460739136),
        }},
        {Time = 0.067, Data = {
            ["RightFoot"] = CFrame.new(-2.60770320892334e-08, 1.7881393432617188e-07, -1.920197973959148e-07, 0.9904601573944092, -0.1376522034406662, -0.006371818017214537, 0.1376192420721054, 0.9857419729232788, 0.09681827574968338, -0.007046486251056194, -0.09677109122276306, 0.9952816963195801),
            ["LeftLowerArm"] = CFrame.new(-2.9802322387695312e-08, 2.384185791015625e-07, -6.705522537231445e-08, 1, -6.705521116145974e-08, 1.0430814256778831e-07, 8.195638656616211e-08, -0.18773433566093445, -0.982219934463501, 9.685754776000977e-08, 0.9822198152542114, -0.18773439526557922),
            ["RightUpperArm"] = CFrame.new(-1.1920928955078125e-07, -1.1920928955078125e-07, -1.7881393432617188e-07, 0.9128324389457703, -0.40623730421066284, -0.041331011801958084, -0.22917817533016205, -0.4259239435195923, -0.8752521276473999, 0.33795636892318726, 0.8084306120872498, -0.48189786076545715),
            ["Head"] = CFrame.new(2.7939677238464355e-09, 1.1920928955078125e-07, -2.0873267203569412e-07, 0.9755094051361084, 0.20436522364616394, 0.08134078234434128, -0.051198843866586685, 0.5706138014793396, -0.8196213245391846, -0.21391621232032776, 0.7953835129737854, 0.5671020150184631),
            ["RightHand"] = CFrame.new(-1.30385160446167e-07, 2.384185791015625e-07, 1.7881393432617188e-07, 0.780842125415802, -0.5269124507904053, 0.3356321454048157, 0.378467857837677, 0.8264134526252747, 0.4168967008590698, -0.4970390796661377, -0.19850456714630127, 0.8447179198265076),
            ["UpperTorso"] = CFrame.new(6.752088665962219e-09, 1.7881393432617188e-07, -1.3924733366366127e-07, 0.9949083924293518, -0.00018532827380113304, -0.10078389942646027, 0.022924266755580902, 0.9742020964622498, 0.22451002895832062, 0.09814228862524033, -0.22567743062973022, 0.9692460298538208),
            ["HumanoidRootPart"] = CFrame.new(0, 0, 0, 1, 0, 0, 0, 1, 0, 0, 0, 1),
            ["RightUpperLeg"] = CFrame.new(1.1920928955078125e-07, 3.632158041000366e-08, -5.304900696501136e-08, 0.9884992837905884, 0.036129165440797806, 0.14684683084487915, 0.03654830902814865, 0.8851807117462158, -0.46380963921546936, -0.1467428207397461, 0.46384236216545105, 0.8736799359321594),
            ["LeftUpperArm"] = CFrame.new(5.960464477539063e-08, -3.5762786865234375e-07, -3.3527612686157227e-07, 0.6878671050071716, 0.6720666289329529, -0.2741628587245941, 0.10496832430362701, -0.46585702896118164, -0.8786119818687439, -0.7182064652442932, 0.5755898356437683, -0.3909934461116791),
            ["RightLowerArm"] = CFrame.new(-2.384185791015625e-07, -2.384185791015625e-07, 1.471489667892456e-07, 1, -8.195635814445268e-08, 9.313227167240257e-08, 2.9802322387695312e-08, 0.10018092393875122, -0.9949693083763123, 7.916241884231567e-08, 0.9949693083763123, 0.10018094629049301),
            ["LeftHand"] = CFrame.new(2.4586915969848633e-07, -5.960464477539063e-08, -2.9802322387695312e-08, 0.7280903458595276, 0.5666612982749939, -0.385719358921051, -0.3498413860797882, 0.7910763025283813, 0.5018059611320496, 0.5894874930381775, -0.23041948676109314, 0.7742166519165039),
            ["LeftFoot"] = CFrame.new(-1.4901161193847656e-08, 5.960464477539063e-08, 3.688037395477295e-07, 0.9998158812522888, 0.01770881935954094, 0.007392433471977711, -0.0188952274620533, 0.9757502675056458, 0.21806976199150085, -0.003351181745529175, -0.2181694507598877, 0.9759052395820618),
            ["LowerTorso"] = CFrame.new(0.020794423297047615, -0.38960981369018555, 0.02043774724006653, 0.9999853372573853, -0.005416411906480789, 0.000023722581317997538, -0.0023118052631616592, -0.4228397309780121, 0.9062015414237976, -0.004898330196738243, -0.9061883091926575, -0.4228460490703583),
            ["RightLowerLeg"] = CFrame.new(-1.862645149230957e-08, -0.00012248754501342773, -0.0000774359141360037, 1, 5.122276824920391e-09, -5.7043486378915986e-08, -1.3969840839678227e-09, 0.9999867081642151, 0.0051678624004125595, 1.1757949280877256e-08, -0.005167920142412186, 0.9999866485595703),
            ["LeftUpperLeg"] = CFrame.new(5.960464477539063e-08, -2.230517566204071e-07, -2.561309884185903e-07, 0.9923743009567261, -0.0489819273352623, -0.11311063915491104, 0.050974298268556595, 0.9985905885696411, 0.014787350781261921, 0.11222667992115021, -0.02044025994837284, 0.9934723973274231),
            ["LeftLowerLeg"] = CFrame.new(-4.470348358154297e-08, 0.00012296438217163086, 0.00007734820246696472, 1, 8.940698137394065e-08, 3.725289943190546e-08, 9.685753354915505e-08, 0.9999862909317017, 0.005253573413938284, -3.352760913344355e-08, -0.005253415089100599, 0.9999862313270569),
        }},
        {Time = 0.100, Data = {
            ["RightFoot"] = CFrame.new(4.0978193283081055e-08, 4.76837158203125e-07, -3.9282895158976316e-08, 0.9999255537986755, 0.010018794797360897, -0.006968128960579634, -0.008894054219126701, 0.9892374277114868, 0.14604908227920532, 0.00835619866847992, -0.14597605168819427, 0.9892528057098389),
            ["LeftLowerArm"] = CFrame.new(-4.172325134277344e-07, 1.1920928955078125e-07, -1.043081283569336e-07, 1, -8.195638656616211e-08, 1.564621925354004e-07, 1.0430814256778831e-07, -0.09057231992483139, -0.9958899617195129, 9.685756197086448e-08, 0.9958899021148682, -0.09057238698005676),
            ["RightUpperArm"] = CFrame.new(-1.1920928955078125e-07, -4.76837158203125e-07, 4.470348358154297e-08, 0.982163667678833, -0.16246356070041656, -0.09465868026018143, -0.13129308819770813, -0.23218871653079987, -0.9637690186500549, 0.13459864258766174, 0.9590069055557251, -0.24937762320041656),
            ["Head"] = CFrame.new(-6.51925802230835e-09, 0, 3.3993273973464966e-08, 0.9768091440200806, 0.16871948540210724, 0.13182449340820312, -0.08023452013731003, 0.8592566251754761, -0.5052134394645691, -0.19851040840148926, 0.48292019963264465, 0.8528668284416199),
            ["RightHand"] = CFrame.new(-4.470348358154297e-08, -1.1920928955078125e-07, 1.7881393432617188e-07, 0.6252161264419556, -0.5448474287986755, 0.5587896704673767, 0.4003674387931824, 0.8385027647018433, 0.3696202337741852, -0.6699333190917969, -0.00737135112285614, 0.742384672164917),
            ["UpperTorso"] = CFrame.new(8.381903171539307e-09, 2.980232238769531e-07, -4.446155799087137e-08, 0.9941304922103882, 0.017862187698483467, -0.10670309513807297, 0.014276335015892982, 0.955992579460144, 0.2930435538291931, 0.10724174231290817, -0.2928468585014343, 0.9501263499259949),
            ["HumanoidRootPart"] = CFrame.new(0, 0, 0, 1, 0, 0, 0, 1, 0, 0, 0, 1),
            ["RightUpperLeg"] = CFrame.new(0, 8.009374141693115e-08, 7.586641004309058e-08, 0.9957488775253296, 0.022540565580129623, 0.0893089696764946, 0.032256949692964554, 0.8228599429130554, -0.567328155040741, -0.086276575922966, 0.567797064781189, 0.8186346888542175),
            ["LeftUpperArm"] = CFrame.new(0, -4.76837158203125e-07, 0, 0.8316193222999573, 0.5369769334793091, -0.1416511833667755, -0.08500117808580399, -0.12898555397987366, -0.9879968166351318, -0.548802375793457, 0.8336777091026306, -0.0616232231259346),
            ["RightLowerArm"] = CFrame.new(5.960464477539063e-08, -2.384185791015625e-07, 2.9802322387695312e-08, 1, -8.195639367158947e-08, 8.917413651943207e-08, 1.199078099034523e-07, 0.1653280109167099, -0.9862386584281921, 6.332994928470725e-08, 0.9862387180328369, 0.16532796621322632),
            ["LeftHand"] = CFrame.new(1.471489667892456e-07, -2.980232238769531e-07, -2.384185791015625e-07, 0.4818100929260254, 0.6154552102088928, -0.6237578988075256, -0.4830927848815918, 0.7804436683654785, 0.39689940214157104, 0.7310816645622253, 0.11010288447141647, 0.673347532749176),
            ["LeftFoot"] = CFrame.new(2.9802322387695312e-08, -5.960464477539063e-08, 1.1175870895385742e-07, 0.99965900182724, 0.025053720921278, 0.0073646605014801025, -0.025270851328969002, 0.9991987347602844, 0.031037811189889908, -0.006581348367035389, -0.031213391572237015, 0.9994910955429077),
            ["LowerTorso"] = CFrame.new(0.020794423297047615, -0.3640744686126709, 0.06247704476118088, 0.9998366236686707, -0.018073799088597298, 0.0005333451554179192, -0.004675882402807474, -0.22995008528232574, 0.9731912016868591, -0.017466623336076736, -0.9730345606803894, -0.22999700903892517),
            ["RightLowerLeg"] = CFrame.new(7.450580596923828e-09, -0.00012230873107910156, -0.00007755512342555448, 1, 6.0535993995358695e-09, 4.097818262494002e-08, 1.862645371275562e-09, 0.9999866485595703, 0.005165718030184507, 8.195639367158947e-08, -0.005165689624845982, 0.9999866485595703),
            ["LeftUpperLeg"] = CFrame.new(-5.960464477539063e-08, -8.66129994392395e-08, -1.0014628060162067e-07, 0.9928493499755859, -0.023429153487086296, -0.11705269664525986, 0.0230161864310503, 0.9997231960296631, -0.004878340754657984, 0.11713479459285736, 0.0021495050750672817, 0.9931136965751648),
            ["LeftLowerLeg"] = CFrame.new(3.725290298461914e-09, 0.00012284517288208008, 0.00007726624608039856, 1, 1.4901161193847656e-08, 5.681066994611683e-08, 5.215407838932151e-08, 0.9999861121177673, 0.005271957255899906, -3.632158751543102e-08, -0.005272031296044588, 0.9999861121177673),
        }},
        {Time = 0.133, Data = {
            ["RightFoot"] = CFrame.new(3.725290298461914e-09, 2.384185791015625e-07, 3.5222910810261965e-08, 0.9934489727020264, 0.11404392868280411, -0.007297198288142681, -0.11153092235326767, 0.9815112948417664, 0.15555249154567719, 0.02490173652768135, -0.15371952950954437, 0.9878007173538208),
            ["LeftLowerArm"] = CFrame.new(-1.1920928955078125e-07, 2.384185791015625e-07, 2.9802322387695312e-08, 1, -5.960465188081798e-08, 5.960464477539063e-08, 6.705522537231445e-08, 0.2881533205509186, -0.9575843214988708, 4.0978193283081055e-08, 0.9575843811035156, 0.2881532907485962),
            ["RightUpperArm"] = CFrame.new(-1.1920928955078125e-07, -4.76837158203125e-07, 2.1606683731079102e-07, 0.9912304282188416, 0.0708157867193222, -0.11156792938709259, -0.11045278608798981, -0.019484570249915123, -0.9936904311180115, -0.07254281640052795, 0.9972991347312927, -0.011491887271404266),
            ["Head"] = CFrame.new(2.2351741790771484e-08, -2.384185791015625e-07, 1.564621925354004e-07, 0.9799156785011292, 0.12516897916793823, 0.15523500740528107, -0.09422868490219116, 0.9767169952392578, -0.19273024797439575, -0.17574454843997955, 0.17423184216022491, 0.9688947796821594),
            ["RightHand"] = CFrame.new(-6.51925802230835e-09, -1.7881393432617188e-07, 2.71480530500412e-07, 0.4317876994609833, -0.47357693314552307, 0.7676486372947693, 0.3907615542411804, 0.8652764558792114, 0.3140094578266144, -0.8129359483718872, 0.16438207030296326, 0.5586714148521423),
            ["UpperTorso"] = CFrame.new(5.903530109208077e-09, 2.086162567138672e-07, 4.75210981676355e-08, 0.9934438467025757, 0.041558872908353806, -0.10650015622377396, 0.0004936732002533972, 0.9300158023834229, 0.36751917004585266, 0.1143205314874649, -0.36516228318214417, 0.9238979816436768),
            ["HumanoidRootPart"] = CFrame.new(0, 0, 0, 1, 0, 0, 0, 1, 0, 0, 0, 1),
            ["RightUpperLeg"] = CFrame.new(1.1920928955078125e-07, 1.2665987014770508e-07, -1.2870441423729062e-07, 0.9990065693855286, 0.014600157737731934, 0.042104411870241165, 0.00970641989260912, 0.8508346080780029, -0.5253441333770752, -0.04349372163414955, 0.5252308249473572, 0.8498475551605225),
            ["LeftUpperArm"] = CFrame.new(0, -2.384185791015625e-07, 1.862645149230957e-07, 0.9332688450813293, 0.34038853645324707, -0.1146521046757698, -0.19692955911159515, 0.21796977519989014, -0.9558807015419006, -0.3003801107406616, 0.9146720170974731, 0.270456999540329),
            ["RightLowerArm"] = CFrame.new(0, -1.1920928955078125e-07, 8.940696716308594e-08, 1, -8.940695295223122e-08, 4.656613938891496e-08, 8.381905303167514e-08, 0.3892713487148285, -0.9211231470108032, 6.519259443393821e-08, 0.9211230874061584, 0.3892713189125061),
            ["LeftHand"] = CFrame.new(1.955777406692505e-08, -1.7881393432617188e-07, -8.940696716308594e-08, 0.20098021626472473, 0.5317302942276001, -0.8227208852767944, -0.7109394669532776, 0.6569635272026062, 0.25092679262161255, 0.6739229559898376, 0.5344734787940979, 0.5100648403167725),
            ["LeftFoot"] = CFrame.new(2.60770320892334e-08, 0, -7.450580596923828e-08, 0.999885618686676, 0.01319106575101614, 0.007409078534692526, -0.01338908076286316, 0.9995362758636475, 0.027348455041646957, -0.007044789846986532, -0.02744448557496071, 0.999598503112793),
            ["LowerTorso"] = CFrame.new(0.020794423297047615, -0.36519503593444824, 0.12445565313100815, 0.9994349479675293, -0.03359439969062805, 0.0011215164558961987, 0.0000033985816116910428, 0.03346642479300499, 0.9994398951530457, -0.033613115549087524, -0.998875081539154, 0.03344763070344925),
            ["RightLowerLeg"] = CFrame.new(-8.940696716308594e-08, -0.00012236833572387695, -0.00007731670484645292, 1, -1.3038520485508798e-08, -2.0489094865183688e-08, 1.955777406692505e-08, 0.9999867677688599, 0.0051643336191773415, 2.2351741790771484e-08, -0.005164353642612696, 0.9999866485595703),
            ["LeftUpperLeg"] = CFrame.new(0, -8.381903171539307e-08, 3.0494993552565575e-07, 0.9932483434677124, 0.005585308186709881, -0.11587308347225189, -0.003989296033978462, 0.9998940825462341, 0.0140018779784441, 0.11593881249427795, -0.013445161283016205, 0.9931653141975403),
            ["LeftLowerLeg"] = CFrame.new(1.043081283569336e-07, 0.00012254714965820312, 0.00007745996117591858, 1, 1.9674180506967787e-08, 6.478511949126187e-08, 3.608874976634979e-08, 0.9999862313270569, 0.005242510233074427, 6.885966286063194e-08, -0.005242495331913233, 0.9999862313270569),
        }},
        {Time = 0.167, Data = {
            ["RightFoot"] = CFrame.new(5.774199962615967e-08, 4.172325134277344e-07, -1.137887011282146e-07, 0.9911264777183533, 0.13271905481815338, -0.007348088547587395, -0.13213671743869781, 0.9897642731666565, 0.053914472460746765, 0.014428408816456795, -0.05246499553322792, 0.9985185265541077),
            ["LeftLowerArm"] = CFrame.new(2.9802322387695312e-08, 2.980232238769531e-07, 0, 1, -3.259628655882807e-08, 4.0512535548486994e-08, 4.842878098543224e-08, 0.8569323420524597, -0.515428900718689, -3.3527616238870905e-08, 0.515428900718689, 0.8569324016571045),
            ["RightUpperArm"] = CFrame.new(-5.960464477539063e-08, -5.960464477539062e-07, -1.9371509552001953e-07, 0.9832872748374939, 0.17902272939682007, -0.03312272951006889, -0.059498727321624756, 0.14403924345970154, -0.9877816438674927, -0.1720643937587738, 0.9732438325881958, 0.15228353440761566),
            ["Head"] = CFrame.new(1.4901161193847656e-08, 1.1920928955078125e-07, -1.862645149230957e-08, 0.9840839505195618, 0.09510696679353714, 0.15011131763458252, -0.09506194293498993, 0.9954432249069214, -0.007492047268897295, -0.15013986825942993, -0.006897079758346081, 0.9886407256126404),
            ["RightHand"] = CFrame.new(-2.4586915969848633e-07, 0, 1.1920928955078125e-07, 0.2835245728492737, -0.4276811480522156, 0.858314037322998, 0.2912832200527191, 0.8911615014076233, 0.34782955050468445, -0.9136564135551453, 0.15139417350292206, 0.37724241614341736),
            ["UpperTorso"] = CFrame.new(7.887138053774834e-09, 2.682209014892578e-07, 8.604922641097801e-08, 0.9918111562728882, 0.07606697082519531, -0.10258934646844864, -0.039808664470911026, 0.9473889470100403, 0.3175995647907257, 0.12135082483291626, -0.3109148144721985, 0.9426590204238892),
            ["HumanoidRootPart"] = CFrame.new(0, 0, 0, 1, 0, 0, 0, 1, 0, 0, 0, 1),
            ["RightUpperLeg"] = CFrame.new(5.960464477539063e-08, 1.7695128917694092e-07, 3.584864316508174e-08, 0.9994425773620605, 0.026970162987709045, 0.019677987322211266, -0.018453536555171013, 0.9374594688415527, -0.34760531783103943, -0.02782227098941803, 0.34704816341400146, 0.9374344944953918),
            ["LeftUpperArm"] = CFrame.new(5.960464477539063e-08, -1.1920928955078125e-07, 3.725290298461914e-08, 0.9532626867294312, 0.1612018346786499, -0.25554725527763367, -0.29954150319099426, 0.3934616148471832, -0.8691737055778503, -0.0395643450319767, 0.9050978422164917, 0.4233587980270386),
            ["RightLowerArm"] = CFrame.new(-1.4901161193847656e-07, -3.5762786865234375e-07, -8.940696716308594e-08, 1, -6.088520621005955e-08, 2.2351741790771484e-08, 6.146729703004894e-08, 0.7393373250961304, -0.6733352541923523, 1.769513069405093e-08, 0.6733352541923523, 0.7393373847007751),
            ["LeftHand"] = CFrame.new(-7.916241884231567e-08, -5.960464477539063e-08, 9.66247171163559e-08, 0.025768868625164032, 0.3947030305862427, -0.9184473752975464, -0.9449032545089722, 0.3095364570617676, 0.10651212930679321, 0.32633379101753235, 0.865099310874939, 0.38093242049217224),
            ["LeftFoot"] = CFrame.new(2.7939677238464355e-09, 1.1920928955078125e-07, 1.6763806343078613e-07, 0.9999668002128601, 0.003331650048494339, 0.007445191498845816, -0.003183940891176462, 0.9997999668121338, -0.019749756902456284, -0.007509523071348667, 0.019725395366549492, 0.9997772574424744),
            ["LowerTorso"] = CFrame.new(0.020794423297047615, -0.37303853034973145, 0.19273479282855988, 0.9986026287078857, -0.052814144641160965, 0.0018545304192230105, 0.010519104078412056, 0.23303918540477753, 0.9724105000495911, -0.05178920179605484, -0.9710322022438049, 0.2332690954208374),
            ["RightLowerLeg"] = CFrame.new(-8.754432201385498e-08, -0.00012218952178955078, -0.00007752904639346525, 1, 9.313226634333205e-09, -6.332993507385254e-08, -1.0244549208948683e-08, 0.9999867677688599, 0.005158540327101946, -3.3527616238870905e-08, -0.0051584807224571705, 0.9999867081642151),
            ["LeftUpperLeg"] = CFrame.new(-5.960464477539063e-08, -8.009374141693115e-08, 2.1076994016766548e-07, 0.9931308031082153, 0.03760123625397682, -0.1108032763004303, -0.03399454057216644, 0.9988345503807068, 0.03426329046487808, 0.11196252703666687, -0.030261235311627388, 0.9932515621185303),
            ["LeftLowerLeg"] = CFrame.new(-4.6566128730773926e-08, 0.0001227855682373047, 0.00007719174027442932, 1, 3.2596294552433847e-09, -3.154854510967198e-08, -3.725291186640334e-09, 0.999986469745636, 0.005202723201364279, -1.9790609151471017e-09, -0.005202721804380417, 0.9999865293502808),
        }},
        {Time = 0.200, Data = {
            ["RightFoot"] = CFrame.new(4.190951585769653e-08, 2.980232238769531e-07, 8.178903954103589e-08, 0.9922283291816711, 0.124215267598629, -0.0073253083974123, -0.12419069558382034, 0.992251455783844, 0.0037044177297502756, 0.007728511467576027, -0.002765920478850603, 0.9999663233757019),
            ["LeftLowerArm"] = CFrame.new(0, 6.556510925292969e-07, -3.2782554626464844e-07, 1, -4.0978189730367376e-08, 9.313227522511625e-09, 2.0489098417897367e-08, 0.9790777564048767, -0.20348651707172394, 3.725290742551124e-09, 0.20348651707172394, 0.9790778160095215),
            ["RightUpperArm"] = CFrame.new(1.1920928955078125e-07, -3.5762786865234375e-07, 9.685754776000977e-08, 0.975793719291687, 0.20143093168735504, 0.08516063541173935, 0.05647541955113411, 0.1440996676683426, -0.987950325012207, -0.2112753689289093, 0.9688451886177063, 0.1292356550693512),
            ["Head"] = CFrame.new(1.862645149230957e-08, 1.1920928955078125e-07, 4.260800778865814e-07, 0.9891589879989624, 0.08627931773662567, 0.11882983148097992, -0.0940752774477005, 0.9936557412147522, 0.06162998080253601, -0.112758569419384, -0.07214079052209854, 0.9910001158714294),
            ["RightHand"] = CFrame.new(-1.2665987014770508e-07, -1.7881393432617188e-07, 2.848682925105095e-07, 0.24864278733730316, -0.43505215644836426, 0.8653938174247742, 0.08961416780948639, 0.8999528884887695, 0.426677942276001, -0.9644407629966736, -0.02853887714445591, 0.2627536356449127),
            ["UpperTorso"] = CFrame.new(1.4901161193847656e-08, 2.086162567138672e-07, 1.694934326224029e-08, 0.991683304309845, 0.10553538799285889, -0.07366614043712616, -0.06971714645624161, 0.9216132164001465, 0.3817966878414154, 0.10818475484848022, -0.3734855651855469, 0.9213059544563293),
            ["HumanoidRootPart"] = CFrame.new(0, 0, 0, 1, 0, 0, 0, 1, 0, 0, 0, 1),
            ["RightUpperLeg"] = CFrame.new(2.384185791015625e-07, 8.568167686462402e-08, 2.9819057090207934e-07, 0.9985260963439941, 0.048434317111968994, 0.02449098415672779, -0.04753898084163666, 0.9982239007949829, -0.035906028002500534, -0.026186425238847733, 0.034688860177993774, 0.9990550875663757),
            ["LeftUpperArm"] = CFrame.new(0, 0, 3.129243850708008e-07, 0.9262083172798157, 0.04109156131744385, -0.3747660517692566, -0.35270974040031433, 0.4455597698688507, -0.8228440880775452, 0.1331687569618225, 0.8943086862564087, 0.42717456817626953),
            ["RightLowerArm"] = CFrame.new(0, 1.1920928955078125e-07, 1.1362135410308838e-07, 1, -3.0733637856883433e-08, 8.381904059717726e-09, 3.486638888716698e-08, 0.9501726627349854, -0.31172412633895874, 4.423782229423523e-09, 0.3117240369319916, 0.9501727223396301),
            ["LeftHand"] = CFrame.new(-1.6391277313232422e-07, 5.960464477539063e-08, -1.1920928955078125e-07, 0.0709226131439209, 0.5667448043823242, -0.8208351731300354, -0.8953686952590942, 0.3988690972328186, 0.19803623855113983, 0.4396418035030365, 0.7209048271179199, 0.5357344150543213),
            ["LeftFoot"] = CFrame.new(2.2351741790771484e-08, 1.1920928955078125e-07, -9.313225746154785e-08, 0.9999426603317261, -0.007668222300708294, 0.007484514266252518, 0.008107226341962814, 0.9981356263160706, -0.060494598001241684, -0.007006681524217129, 0.06055183708667755, 0.9981404542922974),
            ["LowerTorso"] = CFrame.new(0.020794423297047615, -0.39432740211486816, 0.22491604089736938, 0.997190535068512, -0.07486124336719513, 0.0026204916648566723, 0.0364416278898716, 0.5153915286064148, 0.8561796545982361, -0.06544524431228638, -0.8536787629127502, 0.5166715979576111),
            ["RightLowerLeg"] = CFrame.new(9.313225746154785e-10, -0.00012254714965820312, -0.00007731856749160215, 1, 6.05359762317903e-09, 2.7939672797572257e-09, 0, 0.9999867081642151, 0.005171630997210741, 3.166496398421259e-08, -0.005171610973775387, 0.9999867081642151),
            ["LeftUpperLeg"] = CFrame.new(-1.7881393432617188e-07, -1.5273690223693848e-07, 6.041955202817917e-08, 0.9928021430969238, 0.07220883667469025, -0.09554950892925262, -0.05598357319831848, 0.9850776195526123, 0.1627509742975235, 0.10587572306394577, -0.15623034536838531, 0.9820297956466675),
            ["LeftLowerLeg"] = CFrame.new(1.0058283805847168e-07, 0.0001227855682373047, 0.00007766112685203552, 1, 6.75208644551617e-09, 1.862645326866641e-08, 3.725290742551124e-09, 0.9999866485595703, 0.005162059795111418, 2.0489098417897367e-08, -0.005162067711353302, 0.9999867081642151),
        }},
        {Time = 0.233, Data = {
            ["RightFoot"] = CFrame.new(8.265487849712372e-09, 2.384185791015625e-07, 3.4291588235646486e-08, 0.9936342239379883, 0.11241868138313293, -0.0072925337590277195, -0.11260557174682617, 0.9930307269096375, -0.034785084426403046, 0.0033314325846731663, 0.035384826362133026, 0.9993681907653809),
            ["LeftLowerArm"] = CFrame.new(-3.5762786865234375e-07, 4.172325134277344e-07, -2.086162567138672e-07, 1, -5.2154071283894154e-08, -1.1175873559921001e-08, 5.494803190231323e-08, 0.8188113570213318, -0.5740628242492676, 1.862645149230957e-08, 0.5740628838539124, 0.8188112378120422),
            ["RightUpperArm"] = CFrame.new(-1.1920928955078125e-07, -1.1920928955078125e-07, 2.0116567611694336e-07, 0.9565403461456299, 0.20160427689552307, 0.2106807380914688, 0.18789522349834442, 0.12638026475906372, -0.9740243554115295, -0.222993403673172, 0.9712794423103333, 0.0830073133111),
            ["Head"] = CFrame.new(-2.60770320892334e-08, 0, 6.263144314289093e-08, 0.9934837818145752, 0.08002516627311707, 0.08115384727716446, -0.08662555366754532, 0.992912769317627, 0.08136497437953949, -0.07406746596097946, -0.08786480128765106, 0.9933750033378601),
            ["RightHand"] = CFrame.new(-3.0547380447387695e-07, 0, 2.2351741790771484e-07, 0.24816900491714478, -0.4209763705730438, 0.8724626898765564, 0.00029435098986141384, 0.9006702899932861, 0.4345032870769501, -0.9687167406082153, -0.1075735092163086, 0.22364231944084167),
            ["UpperTorso"] = CFrame.new(9.778887033462524e-09, 1.1920928955078125e-07, -3.191926225554198e-07, 0.9914510846138, 0.12466086447238922, -0.03853056952357292, -0.09918481111526489, 0.9119157791137695, 0.3982112407684326, 0.08477799594402313, -0.3909852206707001, 0.9164842367172241),
            ["HumanoidRootPart"] = CFrame.new(0, 0, 0, 1, 0, 0, 0, 1, 0, 0, 0, 1),
            ["RightUpperLeg"] = CFrame.new(5.960464477539063e-08, 3.725290298461914e-08, 4.999310476705432e-08, 0.9971672892570496, 0.06592410802841187, 0.036215778440237045, -0.07253455370664597, 0.9702381491661072, 0.2310337871313095, -0.01990744285285473, -0.23300613462924957, 0.9722715616226196),
            ["LeftUpperArm"] = CFrame.new(0, -2.384185791015625e-07, 1.6391277313232422e-07, 0.921208381652832, 0.029278911650180817, -0.38796645402908325, -0.33669477701187134, 0.5596800446510315, -0.7572283744812012, 0.19496624171733856, 0.8281914591789246, 0.525439977645874),
            ["RightLowerArm"] = CFrame.new(0, -2.384185791015625e-07, 3.129243850708008e-07, 1, 0, 2.2351747119842003e-08, 1.1175869119028903e-08, 1, 3.725291186640334e-09, 7.4505797087454084e-09, -7.450578820566989e-09, 1),
            ["LeftHand"] = CFrame.new(1.4156103134155273e-07, 0, -1.4901161193847656e-07, 0.5199691653251648, 0.6617261171340942, -0.5401396155357361, -0.234136164188385, 0.7185390591621399, 0.6548908352851868, 0.8214697241783142, -0.21405678987503052, 0.5285521149635315),
            ["LeftFoot"] = CFrame.new(0, 5.960464477539063e-08, 1.30385160446167e-07, 0.9993994235992432, -0.033814821392297745, 0.007574457675218582, 0.03318900987505913, 0.9968971610069275, 0.0713764876127243, -0.009964683093130589, -0.07108225673437119, 0.9974206686019897),
            ["LowerTorso"] = CFrame.new(0.020794423297047615, -0.4416775703430176, 0.2212398648262024, 0.995727002620697, -0.09228859096765518, 0.003280376084148884, 0.06246745586395264, 0.6992900967597961, 0.7121033668518066, -0.06801295280456543, -0.7088556289672852, 0.702066957950592),
            ["RightLowerLeg"] = CFrame.new(2.584420144557953e-08, -0.00012236833572387695, -0.00007728131458861753, 1, -3.073364140959711e-08, -3.259628567064965e-09, -1.979060471057892e-08, 0.9999865293502808, 0.00519590824842453, -3.213062882423401e-08, -0.005195988342165947, 0.9999865293502808),
            ["LeftUpperLeg"] = CFrame.new(0, -5.21540641784668e-08, -7.543712854385376e-08, 0.9904163479804993, 0.10102393478155136, -0.09417905658483505, -0.08410443365573883, 0.982032060623169, 0.16893601417541504, 0.10955358296632767, -0.15939614176750183, 0.9811171293258667),
            ["LeftLowerLeg"] = CFrame.new(4.470348358154297e-08, 0.00012296438217163086, 0.0000773891806602478, 1, 2.5145704185547402e-08, 1.862645504502325e-08, 3.073364851502447e-08, 0.9999871850013733, 0.005071797873824835, 1.862645326866641e-08, -0.005071783903986216, 0.9999871850013733),
        }},
        {Time = 0.267, Data = {
            ["RightFoot"] = CFrame.new(7.078051567077637e-08, 4.76837158203125e-07, -9.207724360749125e-08, 0.9934759140014648, 0.11380891501903534, -0.007296460215002298, -0.1139519065618515, 0.9932021498680115, -0.023758767172694206, 0.004542740061879158, 0.0244352538138628, 0.9996911287307739),
            ["LeftLowerArm"] = CFrame.new(8.940696716308594e-08, 0, -2.905726432800293e-07, 1, -4.284083843231201e-08, 7.450580596923828e-09, 5.5413686084193614e-08, 0.7703927159309387, -0.6375696659088135, 3.230524825426073e-08, 0.6375697255134583, 0.7703927755355835),
            ["RightUpperArm"] = CFrame.new(0, -2.384185791015625e-07, 2.2724270820617676e-07, 0.8998022079467773, 0.13396042585372925, 0.41522377729415894, 0.3753536641597748, 0.2474583387374878, -0.8932380080223083, -0.2224092334508896, 0.9595932364463806, 0.17238101363182068),
            ["Head"] = CFrame.new(-8.381903171539307e-09, -3.5762786865234375e-07, -2.561137080192566e-07, 0.9964709281921387, 0.06198824197053909, 0.056597717106342316, -0.06689663976430893, 0.9937465786933899, 0.08940188586711884, -0.05070190504193306, -0.09287278354167938, 0.9943863153457642),
            ["RightHand"] = CFrame.new(8.940696716308594e-08, 0, -2.9802322387695312e-08, 0.3546223044395447, -0.35433149337768555, 0.8652700185775757, 0.07786284387111664, 0.9333897829055786, 0.3503154516220093, -0.9317619800567627, -0.056857310235500336, 0.3585900664329529),
            ["UpperTorso"] = CFrame.new(3.4924596548080444e-09, 1.7881393432617188e-07, -1.0935036698356271e-07, 0.990874171257019, 0.13422709703445435, -0.012310737743973732, -0.12418944388628006, 0.9446316957473755, 0.30372363328933716, 0.05239706113934517, -0.2994229793548584, 0.9526807069778442),
            ["HumanoidRootPart"] = CFrame.new(0, 0, 0, 1, 0, 0, 0, 1, 0, 0, 0, 1),
            ["RightUpperLeg"] = CFrame.new(5.960464477539063e-08, 0, -1.707303454168141e-07, 0.9966043829917908, 0.07400061935186386, 0.03610816225409508, -0.08218074589967728, 0.9212011694908142, 0.3803088068962097, -0.005119670182466507, -0.3819848597049713, 0.9241544604301453),
            ["LeftUpperArm"] = CFrame.new(-1.1920928955078125e-07, -2.384185791015625e-07, 7.450580596923828e-09, 0.8322626352310181, 0.02214878425002098, -0.5539390444755554, -0.4857240319252014, 0.5107781887054443, -0.7093502879142761, 0.26722872257232666, 0.8594271540641785, 0.4358598589897156),
            ["RightLowerArm"] = CFrame.new(1.1920928955078125e-07, -2.980232238769531e-07, 4.172325134277344e-07, 1, 1.1175867342672063e-08, 2.6077039194660756e-08, -1.1175869119028903e-08, 1, 2.980232949312267e-08, 1.4901159417490817e-08, 3.7252889661942845e-09, 1),
            ["LeftHand"] = CFrame.new(1.4901161193847656e-07, 0, 2.384185791015625e-07, 0.8461535573005676, 0.34311535954475403, -0.40779411792755127, 0.16215157508850098, 0.5631511211395264, 0.810288667678833, 0.5076722502708435, -0.7517530918121338, 0.42087551951408386),
            ["LeftFoot"] = CFrame.new(-1.4901161193847656e-08, 1.1920928955078125e-07, 2.2351741790771484e-08, 0.9992461204528809, -0.03807481378316879, 0.007588805630803108, 0.03774254024028778, 0.9984896779060364, 0.039923835545778275, -0.009097044356167316, -0.03960767388343811, 0.9991739392280579),
            ["LowerTorso"] = CFrame.new(0.020794423297047615, -0.5342247486114502, 0.21019549667835236, 0.9947677850723267, -0.10209658741950989, 0.003660450456663966, 0.07654953002929688, 0.768622875213623, 0.635105550289154, -0.06765561550855637, -0.6315023303031921, 0.7724167108535767),
