return {
    ["The Right Choice"] = {
        {Time = 0.000, Data = {
            ["RightFoot"] = CFrame.new(-3.3527612686157227e-08, 3.5762786865234375e-07, 3.894820110872388e-08, 0.9920893311500549, 0.12245631963014603, -0.027623049914836884, -0.1244877353310585, 0.931364893913269, -0.34214359521865845, -0.016172034665942192, 0.34287625551223755, 0.9392416477203369),
            ["LeftLowerArm"] = CFrame.new(-2.682209014892578e-07, 1.1920928955078125e-07, 5.960464477539063e-08, 1, -6.461048940309411e-08, 8.940698137394065e-08, 9.685753354915505e-08, -0.2645576596260071, -0.9643698930740356, 9.685753354915505e-08, 0.9643699526786804, -0.264557808637619),
            ["LeftFoot"] = CFrame.new(1.341104507446289e-07, 0, 3.632158041000366e-08, 0.902962327003479, -0.3137468993663788, 0.2936352491378784, 0.3105044662952423, 0.9487460255622864, 0.058890629559755325, -0.29706257581710815, 0.03799894452095032, 0.9541018605232239),
            ["Head"] = CFrame.new(7.450580596923828e-09, -1.1920928955078125e-07, -2.9802322387695312e-08, 0.9071155190467834, -0.013551178388297558, 0.42066365480422974, -0.02925087884068489, 0.9950349926948547, 0.09513029456138611, -0.4198642671108246, -0.09859886020421982, 0.9022152423858643),
            ["LowerTorso"] = CFrame.new(-0.14432410895824432, -0.13691234588623047, 0.15209539234638214, 0.9321130514144897, -0.06847885251045227, -0.35563451051712036, 0.06692192703485489, 0.997618556022644, -0.01669403165578842, 0.35593080520629883, -0.008239022456109524, 0.9344760179519653),
            ["UpperTorso"] = CFrame.new(7.450580596923828e-09, 1.7881393432617188e-07, -3.725290298461914e-09, 0.98517906665802, 0.08308899402618408, -0.15006212890148163, -0.0782013013958931, 0.9962056875228882, 0.03819391131401062, 0.15266622602939606, -0.02589278668165207, 0.987938642501831),
            ["HumanoidRootPart"] = CFrame.new(0, 0, 0, 1, 0, 0, 0, 1, 0, 0, 0, 1),
            ["RightUpperLeg"] = CFrame.new(0, 6.379559636116028e-08, -9.145878721028566e-09, 0.8197938799858093, -0.09874698519706726, -0.5640795230865479, 0.10495500266551971, 0.9942442774772644, -0.021518316119909286, 0.5629586577415466, -0.04156194254755974, 0.8254401087760925),
            ["LeftUpperArm"] = CFrame.new(1.1920928955078125e-07, -3.5762786865234375e-07, -6.705522537231445e-08, 0.936567485332489, 0.2041250467300415, -0.28491121530532837, -0.13374987244606018, 0.9595358371734619, 0.2477944940328598, 0.3239636719226837, -0.19396939873695374, 0.9259717464447021),
            ["RightLowerArm"] = CFrame.new(-2.9802322387695312e-08, 5.960464477539063e-08, -2.6639099814929068e-08, 1, -8.568163423205988e-08, 9.685756197086448e-08, 1.1199151117580186e-07, -0.22564849257469177, -0.9742088317871094, 1.1223161777706991e-07, 0.9742088317871094, -0.22564871609210968),
            ["LeftHand"] = CFrame.new(-8.940696716308594e-08, -1.7881393432617188e-07, 3.2782554626464844e-07, 0.8878946304321289, -0.4578567445278168, -0.04484003782272339, 0.45832177996635437, 0.8887863755226135, 0.00010436971206218004, 0.03980549797415733, -0.02064390666782856, 0.9989941716194153),
            ["RightHand"] = CFrame.new(6.332993507385254e-08, 0, 3.441236913204193e-07, 0.9024394154548645, 0.39987990260124207, -0.1603114753961563, -0.3754035532474518, 0.9124569892883301, 0.16277027130126953, 0.21136578917503357, -0.08670889586210251, 0.9735534191131592),
            ["RightUpperArm"] = CFrame.new(0, -3.5762786865234375e-07, -1.1175870895385742e-08, 0.8288467526435852, -0.27382275462150574, 0.48788753151893616, 0.2428755760192871, 0.9616906642913818, 0.12713207304477692, -0.5040085911750793, 0.0131229804828763, 0.8635990619659424),
            ["RightLowerLeg"] = CFrame.new(-1.341104507446289e-07, -0.00006031990051269531, -0.00007203796849353239, 1, -5.960463766996327e-08, -8.940696716308594e-08, 1.1175868053214799e-07, 0.9030336141586304, 0.4295695424079895, 6.612388858684426e-08, -0.42956990003585815, 0.9030338525772095),
            ["LeftUpperLeg"] = CFrame.new(-5.960464477539063e-08, 1.6874400898814201e-07, -3.725290298461914e-09, 0.8590971231460571, 0.19747665524482727, -0.4721810817718506, -0.36973798274993896, 0.8773819208145142, -0.30576926469802856, 0.3539009988307953, 0.43726885318756104, 0.8267709016799927),
            ["LeftLowerLeg"] = CFrame.new(0, 0.000060617923736572266, 0.00007203221321105957, 1, 5.960463766996327e-08, 4.284083843231201e-08, -8.754430069757291e-08, 0.9123804569244385, 0.40934333205223083, -4.470347292340193e-08, -0.409343421459198, 0.9123804569244385),
        }},
        {Time = 0.033, Data = {
            ["RightFoot"] = CFrame.new(3.3527612686157227e-08, 4.76837158203125e-07, -1.3205863069742918e-08, 0.9920254349708557, 0.12157148122787476, -0.03325529769062996, -0.12555713951587677, 0.9301882386207581, -0.3449420630931854, -0.011003135703504086, 0.3463670313358307, 0.9380347728729248),
            ["LeftLowerArm"] = CFrame.new(-1.7881393432617188e-07, 3.5762786865234375e-07, 0, 1, -1.2584496289491653e-07, 1.1920930376163597e-07, 6.33299421792799e-08, -0.242931067943573, -0.9700435996055603, 1.1175872671742582e-08, 0.9700435400009155, -0.24293117225170135),
            ["LeftFoot"] = CFrame.new(-2.9802322387695312e-08, 5.960464477539063e-08, 3.073364496231079e-08, 0.9048446416854858, -0.31330618262290955, 0.28826236724853516, 0.31047341227531433, 0.9488860368728638, 0.05676060914993286, -0.2913115918636322, 0.03813844919204712, 0.9558677673339844),
            ["Head"] = CFrame.new(-3.725290298461914e-09, -1.1920928955078125e-07, -7.450580596923828e-09, 0.9099084734916687, -0.01985468901693821, 0.4143337607383728, -0.0267024002969265, 0.9939786195755005, 0.10627163201570511, -0.41394877433776855, -0.10776108503341675, 0.9038993120193481),
            ["LowerTorso"] = CFrame.new(-0.14380356669425964, -0.13794827461242676, 0.1520988792181015, 0.932153582572937, -0.06815710663795471, -0.3555900454521179, 0.06669654697179794, 0.9976388216018677, -0.016380518674850464, 0.3558669090270996, -0.008447470143437386, 0.9344984889030457),
            ["UpperTorso"] = CFrame.new(3.725290298461914e-09, 1.7881393432617188e-07, 0, 0.9856169819831848, 0.07875324785709381, -0.14952288568019867, -0.07492758333683014, 0.996705174446106, 0.03105803020298481, 0.15147614479064941, -0.019407929852604866, 0.9882704615592957),
            ["HumanoidRootPart"] = CFrame.new(0, 0, 0, 1, 0, 0, 0, 1, 0, 0, 0, 1),
            ["RightUpperLeg"] = CFrame.new(0, 9.848736226558685e-08, 3.742025000974536e-08, 0.8226205706596375, -0.09918996691703796, -0.5598709583282471, 0.10379502177238464, 0.9943175911903381, -0.02365429513156414, 0.5590367913246155, -0.03865291178226471, 0.8282421231269836),
            ["LeftUpperArm"] = CFrame.new(0, -1.1920928955078125e-07, -5.587935447692871e-09, 0.9370187520980835, 0.2056719809770584, -0.2823030948638916, -0.1366731822490692, 0.9597018957138062, 0.2455461323261261, 0.3214288055896759, -0.1914980113506317, 0.9273684620857239),
            ["RightLowerArm"] = CFrame.new(-2.384185791015625e-07, -1.1920928955078125e-07, -1.564621925354004e-07, 1, -9.313223614526578e-08, 8.381903171539307e-08, 1.150183379650116e-07, -0.18457667529582977, -0.9828181266784668, 9.685754776000977e-08, 0.9828181266784668, -0.18457666039466858),
            ["LeftHand"] = CFrame.new(8.940696716308594e-08, 0, -2.0116567611694336e-07, 0.8876916170120239, -0.4575883746147156, -0.05115443468093872, 0.45842504501342773, 0.8887169361114502, 0.005348060745745897, 0.043014705181121826, -0.02819780260324478, 0.9986765384674072),
            ["RightHand"] = CFrame.new(4.126923158764839e-08, 0, -1.8719583749771118e-07, 0.9071421027183533, 0.3702903091907501, -0.19994670152664185, -0.35567009449005127, 0.9285778999328613, 0.10602740943431854, 0.2249268889427185, -0.02506686933338642, 0.974053144454956),
            ["RightUpperArm"] = CFrame.new(0, -1.1920928955078125e-07, -3.3527612686157227e-08, 0.8681387901306152, -0.2743140757083893, 0.4136267602443695, 0.269173264503479, 0.9603984951972961, 0.0719756931066513, -0.4169904589653015, 0.048852380365133286, 0.9075971245765686),
            ["RightLowerLeg"] = CFrame.new(1.1920928955078125e-07, -0.000060439109802246094, -0.00007214972720248625, 1, -2.980232949312267e-08, -1.1175870895385742e-08, 7.450581307466564e-08, 0.9007185101509094, 0.4344029426574707, 4.190951941041021e-08, -0.43440335988998413, 0.9007186889648438),
            ["LeftUpperLeg"] = CFrame.new(2.9802322387695312e-08, -3.91592038795352e-08, -2.2351741790771484e-08, 0.8614073991775513, 0.19765225052833557, -0.46787893772125244, -0.36941269040107727, 0.8760136961936951, -0.3100557029247284, 0.3485851287841797, 0.4399247169494629, 0.8276199698448181),
            ["LeftLowerLeg"] = CFrame.new(8.940696716308594e-08, 0.00006073713302612305, 0.00007200241088867188, 1, 9.685756907629184e-08, 7.357449760547752e-08, -5.02914261346632e-08, 0.9105400443077087, 0.41342082619667053, -5.960465188081798e-08, -0.41342097520828247, 0.9105401039123535),
        }},
        {Time = 0.067, Data = {
            ["RightFoot"] = CFrame.new(1.1175870895385742e-08, 4.76837158203125e-07, 5.3849362302571535e-08, 0.9918622970581055, 0.12033583968877792, -0.04157437011599541, -0.12727142870426178, 0.9285649061203003, -0.3486676812171936, -0.0033541531302034855, 0.35112181305885315, 0.9363239407539368),
            ["LeftLowerArm"] = CFrame.new(-8.940696716308594e-08, 0, 0, 1, -4.6566128730773926e-08, 1.0430814256778831e-07, 8.568167686462402e-08, -0.20799419283866882, -0.978130042552948, 1.4156103134155273e-07, 0.9781301617622375, -0.207994282245636),
            ["LeftFoot"] = CFrame.new(2.9802322387695312e-08, 0, -9.033828973770142e-08, 0.9074141383171082, -0.3123551607131958, 0.28112903237342834, 0.31023338437080383, 0.9491685032844543, 0.05324139446020126, -0.2834692895412445, 0.038903724402189255, 0.9581920504570007),
            ["Head"] = CFrame.new(9.313225746154785e-09, 3.5762786865234375e-07, -1.862645149230957e-08, 0.9139165282249451, -0.02903110347688198, 0.4048627018928528, -0.02290281653404236, 0.992161750793457, 0.12284376472234726, -0.405255526304245, -0.1215413436293602, 0.90608811378479),
            ["LowerTorso"] = CFrame.new(-0.14302921295166016, -0.13954710960388184, 0.1521093100309372, 0.9322373867034912, -0.06769941747188568, -0.35545775294303894, 0.06637571007013321, 0.9976674914360046, -0.015933223068714142, 0.3557073175907135, -0.008740215562283993, 0.9345565438270569),
            ["UpperTorso"] = CFrame.new(7.450580596923828e-09, 5.960464477539063e-08, 7.450580596923828e-09, 0.9862367510795593, 0.0721195638179779, -0.1487817019224167, -0.06987214088439941, 0.9973497986793518, 0.020284414291381836, 0.14985021948814392, -0.00960953626781702, 0.9886620044708252),
            ["HumanoidRootPart"] = CFrame.new(0, 0, 0, 1, 0, 0, 0, 1, 0, 0, 0, 1),
            ["RightUpperLeg"] = CFrame.new(0, -2.8475187718868256e-07, 6.16346369497478e-08, 0.8271811604499817, -0.09924385696649551, -0.5531011819839478, 0.10175716131925583, 0.9944628477096558, -0.026258403435349464, 0.552645206451416, -0.0345611646771431, 0.8327001333236694),
            ["LeftUpperArm"] = CFrame.new(0, 1.1920928955078125e-07, -1.30385160446167e-08, 0.9376644492149353, 0.20816922187805176, -0.27830013632774353, -0.14131462574005127, 0.9599504470825195, 0.24192053079605103, 0.3175147473812103, -0.1875123232603073, 0.9295287728309631),
            ["RightLowerArm"] = CFrame.new(1.7881393432617188e-07, 1.1920928955078125e-07, -9.313225746154785e-08, 1, -9.685754776000977e-08, 1.5273695908035734e-07, 7.078050145992165e-08, -0.14493131637573242, -0.9894418120384216, 9.848734094930478e-08, 0.9894417524337769, -0.1449313908815384),
            ["LeftHand"] = CFrame.new(-1.4901161193847656e-07, 5.960464477539063e-08, 2.086162567138672e-07, 0.8874816298484802, -0.4568096399307251, -0.06083952635526657, 0.4582100212574005, 0.8887798190116882, 0.010679244995117188, 0.04919460043311119, -0.037354834377765656, 0.9980904459953308),
            ["RightHand"] = CFrame.new(-2.0116567611694336e-07, -5.960464477539063e-08, -5.725305527448654e-07, 0.9088960289955139, 0.3235626220703125, -0.26308783888816833, -0.33015549182891846, 0.9437137246131897, 0.02004469931125641, 0.25476542115211487, 0.06864126026630402, 0.9645636677742004),
            ["RightUpperArm"] = CFrame.new(0, 3.5762786865234375e-07, -3.725290298461914e-08, 0.9046961665153503, -0.280731201171875, 0.32049164175987244, 0.2976493537425995, 0.9546669721603394, -0.0039856391958892345, -0.30484384298324585, 0.09899988025426865, 0.9472429752349854),
            ["RightLowerLeg"] = CFrame.new(2.9802322387695312e-08, -0.000060558319091796875, -0.00007203051791293547, 1, -8.940698847936801e-08, 5.960465188081798e-08, 5.587935447692871e-08, 0.8973857164382935, 0.44124680757522583, 1.0058283805847168e-07, -0.4412471354007721, 0.8973858952522278),
            ["LeftUpperLeg"] = CFrame.new(-1.1920928955078125e-07, -2.3469328880310059e-07, 1.30385160446167e-08, 0.8649445176124573, 0.19796019792556763, -0.46117547154426575, -0.3688749670982361, 0.873849093914032, -0.31673192977905273, 0.34029752016067505, 0.4440716505050659, 0.8288534879684448),
            ["LeftLowerLeg"] = CFrame.new(8.940696716308594e-08, 0.000060439109802246094, 0.00007209181785583496, 1, 3.725289943190546e-08, 2.2351745343485163e-08, -9.872017869838601e-08, 0.9077358245849609, 0.4195420742034912, -7.4505797087454084e-09, -0.4195421636104584, 0.9077360033988953),
        }},
        {Time = 0.100, Data = {
            ["RightFoot"] = CFrame.new(-7.450580596923828e-08, 3.5762786865234375e-07, -1.3205863069742918e-08, 0.9915889501571655, 0.11866477131843567, -0.05167254060506821, -0.12929698824882507, 0.9261478185653687, -0.3543054163455963, 0.0058113038539886475, 0.35800692439079285, 0.9337010383605957),
            ["LeftLowerArm"] = CFrame.new(-5.960464477539063e-08, -1.7881393432617188e-07, -2.9802322387695312e-08, 1, -9.313222193441106e-09, 1.0803344707710494e-07, 6.332993507385254e-08, -0.16231754422187805, -0.9867385625839233, 1.1548399925231934e-07, 0.9867386221885681, -0.1623176783323288),
            ["LeftFoot"] = CFrame.new(4.470348358154297e-08, -5.960464477539063e-08, -2.0489096641540527e-08, 0.9111003279685974, -0.31135615706443787, 0.27009955048561096, 0.30992352962493896, 0.9494933485984802, 0.04909006878733635, -0.27174195647239685, 0.0389840267598629, 0.9615801572799683),
            ["Head"] = CFrame.new(-7.334165275096893e-09, 1.1920928955078125e-07, 1.4901161193847656e-08, 0.9186415672302246, -0.03998274728655815, 0.3930635154247284, -0.017584189772605896, 0.9897428750991821, 0.14177414774894714, -0.39470037817955017, -0.13715127110481262, 0.9085159301757812),
            ["LowerTorso"] = CFrame.new(-0.14207705855369568, -0.14159584045410156, 0.15212972462177277, 0.9323774576187134, -0.06717085093259811, -0.35519057512283325, 0.06600519269704819, 0.9977002143859863, -0.015413198620080948, 0.35540902614593506, -0.00907350517809391, 0.9346669316291809),
            ["UpperTorso"] = CFrame.new(-3.725290298461914e-09, 8.940696716308594e-08, 3.725290298461914e-09, 0.9869804382324219, 0.06359376758337021, -0.14773498475551605, -0.06332659721374512, 0.9979715943336487, 0.006516225170344114, 0.14784961938858032, 0.00292416219599545, 0.9890056252479553),
            ["HumanoidRootPart"] = CFrame.new(0, 0, 0, 1, 0, 0, 0, 1, 0, 0, 0, 1),
            ["RightUpperLeg"] = CFrame.new(0, 2.2328458726406097e-07, -9.145878721028566e-09, 0.8330722451210022, -0.1005992516875267, -0.5439388155937195, 0.09940487146377563, 0.9945423007011414, -0.03169427812099457, 0.5441592931747437, -0.02766598016023636, 0.8385262489318848),
            ["LeftUpperArm"] = CFrame.new(0, 1.1920928955078125e-07, -2.2351741790771484e-08, 0.938278317451477, 0.2117907851934433, -0.27345678210258484, -0.14744310081005096, 0.9600880146026611, 0.2376796454191208, 0.3128810524940491, -0.1826903373003006, 0.9320567846298218),
            ["RightLowerArm"] = CFrame.new(-1.1920928955078125e-07, 0, 6.705522537231445e-08, 1, -5.21540464148984e-08, 1.6763804921993142e-07, 9.161883696151563e-08, -0.12801115214824677, -0.9917727112770081, 1.1175868053214799e-07, 0.9917727708816528, -0.12801121175289154),
            ["LeftHand"] = CFrame.new(2.9802322387695312e-08, 0, -2.1606683731079102e-07, 0.886850893497467, -0.45599165558815, -0.07461697608232498, 0.4583356976509094, 0.8886147737503052, 0.017084971070289612, 0.0585152804851532, -0.049351707100868225, 0.9970659017562866),
            ["RightHand"] = CFrame.new(-5.21540641784668e-08, 0, -1.3783574104309082e-07, 0.904182493686676, 0.2685636579990387, -0.33215609192848206, -0.30304861068725586, 0.9513434171676636, -0.05574191361665726, 0.30102425813674927, 0.15106038749217987, 0.9415759444236755),
            ["RightUpperArm"] = CFrame.new(0, 2.384185791015625e-07, 0, 0.9276998043060303, -0.2966342568397522, 0.22667436301708221, 0.32095420360565186, 0.9438436627388, -0.07840627431869507, -0.19068729877471924, 0.14548960328102112, 0.9708096385002136),
            ["RightLowerLeg"] = CFrame.new(-2.9802322387695312e-08, -0.000060439109802246094, -0.00007211992488009855, 1, -5.960465898624534e-08, -2.6077035641947077e-08, 6.705522537231445e-08, 0.8922887444496155, 0.45146456360816956, 6.51925802230835e-09, -0.4514652490615845, 0.8922891616821289),
            ["LeftUpperLeg"] = CFrame.new(-5.960464477539063e-08, 1.5876139514148235e-08, 3.166496753692627e-08, 0.8695357441902161, 0.1986071765422821, -0.4521757662296295, -0.368096262216568, 0.8710373044013977, -0.3252682089805603, 0.3292611241340637, 0.449276328086853, 0.8305044770240784),
            ["LeftLowerLeg"] = CFrame.new(2.9802322387695312e-08, 0.00006085634231567383, 0.00007209181785583496, 1, 1.1175869474300271e-07, -8.381901395182467e-09, -1.4901161193847656e-08, 0.9041025638580322, 0.4273155927658081, 1.4901161193847656e-08, -0.42731547355651855, 0.9041025042533875),
        }},
        {Time = 0.133, Data = {
            ["RightFoot"] = CFrame.new(-3.725290298461914e-09, 2.384185791015625e-07, -8.026108844205737e-08, 0.9910268187522888, 0.11651230603456497, -0.06550367921590805, -0.13237179815769196, 0.9234821200370789, -0.3600813150405884, 0.01853560470044613, 0.36552125215530396, 0.9306185245513916),
            ["LeftLowerArm"] = CFrame.new(5.960464477539063e-08, 2.980232238769531e-07, -5.960464477539063e-08, 1, -1.424923397053135e-07, 1.1920928955078125e-07, 7.264316082000732e-08, -0.10776889324188232, -0.9941759705543518, 5.960464477539063e-08, 0.9941759705543518, -0.10776889324188232),
            ["LeftFoot"] = CFrame.new(-2.9802322387695312e-08, 0, -4.6566128730773926e-08, 0.9159149527549744, -0.30986058712005615, 0.25512006878852844, 0.3092142641544342, 0.9499877691268921, 0.043704260140657425, -0.2559032440185547, 0.038856975734233856, 0.96592116355896),
            ["Head"] = CFrame.new(1.30385160446167e-08, 2.384185791015625e-07, 7.450580596923828e-09, 0.9241432547569275, -0.052839245647192, 0.3783745765686035, -0.010792924091219902, 0.9863834977149963, 0.1641073077917099, -0.3818936347961426, -0.15574228763580322, 0.9109893441200256),
            ["LowerTorso"] = CFrame.new(-0.1409340798854828, -0.14404559135437012, 0.15216104686260223, 0.9325701594352722, -0.06655332446098328, -0.3548007011413574, 0.0655711367726326, 0.9977380633354187, -0.014805772341787815, 0.35498353838920593, -0.009457264095544815, 0.9348247051239014),
            ["UpperTorso"] = CFrame.new(0, 1.4901161193847656e-07, -1.4901161193847656e-08, 0.9877801537513733, 0.053570374846458435, -0.14635853469371796, -0.05556032806634903, 0.9984098076820374, -0.009539478458464146, 0.14561475813388824, 0.017554637044668198, 0.9891856908798218),
            ["HumanoidRootPart"] = CFrame.new(0, 0, 0, 1, 0, 0, 0, 1, 0, 0, 0, 1),
            ["RightUpperLeg"] = CFrame.new(-8.940696716308594e-08, 1.0244548320770264e-08, 2.029992174357176e-09, 0.8401678800582886, -0.100699782371521, -0.5328940153121948, 0.09662899374961853, 0.9946831464767456, -0.0356178916990757, 0.5336486101150513, -0.021567227318882942, 0.8454321622848511),
            ["LeftUpperArm"] = CFrame.new(0, 1.1920928955078125e-07, 1.4901161193847656e-08, 0.93882817029953, 0.21609695255756378, -0.268148809671402, -0.1545465886592865, 0.960188090801239, 0.2327105700969696, 0.3077613413333893, -0.17703378200531006, 0.9348486661911011),
            ["RightLowerArm"] = CFrame.new(-3.8743019104003906e-07, 2.384185791015625e-07, 2.384185791015625e-07, 1, -1.4901162970204496e-08, 8.568166975919667e-08, 4.0046870708465576e-08, -0.12966322898864746, -0.9915580749511719, 1.564621925354004e-07, 0.9915580749511719, -0.1296631544828415),
            ["LeftHand"] = CFrame.new(2.086162567138672e-07, -2.384185791015625e-07, -4.76837158203125e-07, 0.8858095407485962, -0.455183744430542, -0.09027410298585892, 0.45889657735824585, 0.8881480097770691, 0.024640511721372604, 0.0689607486128807, -0.06325335055589676, 0.9956121444702148),
            ["RightHand"] = CFrame.new(2.2351741790771484e-08, 0, 3.0547380447387695e-07, 0.8928970098495483, 0.19168223440647125, -0.40742227435112, -0.2525871992111206, 0.9623070955276489, -0.10082165896892548, 0.37273964285850525, 0.19293290376663208, 0.9076575040817261),
            ["RightUpperArm"] = CFrame.new(-1.1920928955078125e-07, 1.1920928955078125e-07, -2.9802322387695312e-08, 0.9396741390228271, -0.3249990940093994, 0.1067161113023758, 0.33877965807914734, 0.9273602962493896, -0.1588440090417862, -0.04734007269144058, 0.1854148507118225, 0.9815194010734558),
            ["RightLowerLeg"] = CFrame.new(2.9802322387695312e-08, -0.000060498714447021484, -0.00007206777081592008, 1, -8.940699558479537e-08, 3.725290298461914e-09, 6.705523958316917e-08, 0.8871290683746338, 0.4615207612514496, -1.3969842171945857e-08, -0.46152153611183167, 0.8871294260025024),
            ["LeftUpperLeg"] = CFrame.new(2.9802322387695312e-08, 2.1315645426511765e-07, -2.421438694000244e-08, 0.8748512864112854, 0.1995052695274353, -0.4413987696170807, -0.36706990003585815, 0.8676304817199707, -0.33537620306015015, 0.3160616159439087, 0.4554283618927002, 0.8322799801826477),
            ["LeftLowerLeg"] = CFrame.new(-5.960464477539063e-08, 0.00006103515625, 0.00007212162017822266, 1, -7.450580596923828e-09, 3.5390250729960826e-08, -6.705522537231445e-08, 0.8998876810073853, 0.43612203001976013, 1.7881393432617188e-07, -0.43612179160118103, 0.8998875021934509),
        }},
        {Time = 0.167, Data = {
            ["RightFoot"] = CFrame.new(6.705522537231445e-08, 3.5762786865234375e-07, 1.6952981241047382e-09, 0.9902229905128479, 0.11416593194007874, -0.08015404641628265, -0.13580422103405, 0.9202787280082703, -0.3669390380382538, 0.03187070041894913, 0.37423691153526306, 0.926785409450531),
            ["LeftLowerArm"] = CFrame.new(4.172325134277344e-07, -1.1920928955078125e-07, -3.8743019104003906e-07, 1, -3.911554458113642e-08, 1.0803344707710494e-07, 8.381903171539307e-08, -0.047893255949020386, -0.9988524913787842, 1.2293457984924316e-07, 0.9988524913787842, -0.047893330454826355),
            ["LeftFoot"] = CFrame.new(2.2351741790771484e-08, 0, -1.5832483768463135e-08, 0.9205858111381531, -0.3082677125930786, 0.23977626860141754, 0.3082711696624756, 0.9505203366279602, 0.03847196698188782, -0.23977233469486237, 0.03849925100803375, 0.9700656533241272),
            ["Head"] = CFrame.new(3.725290298461914e-09, 3.5762786865234375e-07, 7.450580596923828e-09, 0.9297704100608826, -0.06760326027870178, 0.3618793487548828, -0.0032291761599481106, 0.9814590811729431, 0.19164465367794037, -0.36812564730644226, -0.17935407161712646, 0.9123133420944214),
            ["LowerTorso"] = CFrame.new(-0.13956883549690247, -0.14684486389160156, 0.15220531821250916, 0.9328288435935974, -0.0658254623413086, -0.35425615310668945, 0.06505948305130005, 0.9977819919586182, -0.014086144976317883, 0.35439762473106384, -0.00990776065737009, 0.9350424408912659),
            ["UpperTorso"] = CFrame.new(1.862645149230957e-08, 1.1920928955078125e-07, -1.862645149230957e-08, 0.9885644316673279, 0.04251613840460777, -0.14468157291412354, -0.046890877187252045, 0.9985361695289612, -0.02696095034480095, 0.14332354068756104, 0.03343690186738968, 0.9891108870506287),
            ["HumanoidRootPart"] = CFrame.new(0, 0, 0, 1, 0, 0, 0, 1, 0, 0, 0, 1),
            ["RightUpperLeg"] = CFrame.new(0, 2.1373853087425232e-07, 4.85961209051311e-08, 0.847740650177002, -0.10167994350194931, -0.5205725431442261, 0.09332296997308731, 0.9947361350059509, -0.042322173714637756, 0.5221365690231323, -0.01270280871540308, 0.8527678847312927),
            ["LeftUpperArm"] = CFrame.new(0, 2.384185791015625e-07, 5.21540641784668e-08, 0.9391140937805176, 0.2213360071182251, -0.26282140612602234, -0.16261553764343262, 0.9601048827171326, 0.22749729454517365, 0.3026895523071289, -0.17090705037117004, 0.9376406669616699),
            ["RightLowerArm"] = CFrame.new(-1.7881393432617188e-07, 4.76837158203125e-07, 1.7881393432617188e-07, 1, -2.9802315282267955e-08, 8.195639367158947e-08, 6.705523247774181e-08, -0.10322289913892746, -0.9946582913398743, 1.8626454334480513e-07, 0.9946582317352295, -0.10322296619415283),
            ["LeftHand"] = CFrame.new(1.7881393432617188e-07, -1.1920928955078125e-07, 4.842877388000488e-08, 0.8844344615936279, -0.4540460407733917, -0.10778740793466568, 0.459626168012619, 0.887504518032074, 0.03285527974367142, 0.08074416220188141, -0.0786004289984703, 0.9936308860778809),
            ["RightHand"] = CFrame.new(-1.341104507446289e-07, 0, 1.1548399925231934e-07, 0.868878185749054, 0.08750271052122116, -0.48723116517066956, -0.17928360402584076, 0.9730587005615234, -0.14496274292469025, 0.4614199101924896, 0.2133076936006546, 0.8611570596694946),
            ["RightUpperArm"] = CFrame.new(-5.960464477539063e-08, 4.76837158203125e-07, 6.705522537231445e-08, 0.9305404424667358, -0.36527708172798157, -0.025831758975982666, 0.34466543793678284, 0.897491455078125, -0.2751634418964386, 0.12369468808174133, 0.24714742600917816, 0.9610503911972046),
            ["RightLowerLeg"] = CFrame.new(4.470348358154297e-08, -0.00006020069122314453, -0.00007204541907412931, 1, -4.4703497792397684e-08, -7.450580596923828e-09, 5.2154071283894154e-08, 0.8803191781044006, 0.47438132762908936, 2.0489098417897367e-08, -0.47438180446624756, 0.8803194761276245),
            ["LeftUpperLeg"] = CFrame.new(5.960464477539063e-08, 1.7712591215968132e-07, -1.1175870895385742e-08, 0.8807669878005981, 0.2008001059293747, -0.4288691580295563, -0.3657926023006439, 0.8636454939842224, -0.34686070680618286, 0.30074170231819153, 0.46238064765930176, 0.834121584892273),
            ["LeftLowerLeg"] = CFrame.new(-8.940696716308594e-08, 0.00006031990051269531, 0.00007209181785583496, 1, -2.9802318834981634e-08, 3.9115551686563776e-08, -1.30385160446167e-08, 0.8953362703323364, 0.4453909993171692, 2.9802322387695312e-08, -0.44539088010787964, 0.8953362107276917),
        }},
        {Time = 0.200, Data = {
            ["RightFoot"] = CFrame.new(8.195638656616211e-08, 3.5762786865234375e-07, -2.8107024263590574e-08, 0.9890679121017456, 0.11135409772396088, -0.09666889160871506, -0.1397683322429657, 0.9168992638587952, -0.37384533882141113, 0.04700503870844841, 0.38327014446258545, 0.9224396347999573),
            ["LeftLowerArm"] = CFrame.new(1.4901161193847656e-07, 0, 1.7881393432617188e-07, 1, -9.31322148289837e-08, 9.356157448792146e-08, 1.0337681999317283e-07, 0.015858352184295654, -0.9998743534088135, 5.401671643312511e-08, 0.9998742341995239, 0.01585838757455349),
            ["LeftFoot"] = CFrame.new(0, -2.384185791015625e-07, 8.102506399154663e-08, 0.9255802631378174, -0.30636924505233765, 0.22234870493412018, 0.3070419430732727, 0.9511435627937317, 0.032423246651887894, -0.2214193493127823, 0.0382598452270031, 0.9744279384613037),
            ["Head"] = CFrame.new(-1.862645149230957e-09, -2.384185791015625e-07, -7.450580596923828e-09, 0.9357136487960815, -0.08443565666675568, 0.3425063490867615, 0.006972084287554026, 0.9751686453819275, 0.22135396301746368, -0.35269173979759216, -0.2047359049320221, 0.9130672812461853),
            ["LowerTorso"] = CFrame.new(-0.13803496956825256, -0.1499040126800537, 0.1522655040025711, 0.933186411857605, -0.06503979116678238, -0.35345858335494995, 0.064506895840168, 0.9978286027908325, -0.013301726430654526, 0.35355621576309204, -0.010387524962425232, 0.9353556036949158),
            ["UpperTorso"] = CFrame.new(-7.450580596923828e-09, 2.9802322387695312e-08, -3.725290298461914e-09, 0.9892795085906982, 0.030971743166446686, -0.14271266758441925, -0.03775684908032417, 0.9982695579528809, -0.04508308321237564, 0.14106935262680054, 0.04998816177248955, 0.9887369871139526),
            ["HumanoidRootPart"] = CFrame.new(0, 0, 0, 1, 0, 0, 0, 1, 0, 0, 0, 1),
            ["RightUpperLeg"] = CFrame.new(5.960464477539063e-08, 9.546056389808655e-08, -3.5222910810261965e-08, 0.8559276461601257, -0.10105240345001221, -0.5071245431900024, 0.089473657310009, 0.994868814945221, -0.04723074659705162, 0.5092958211898804, -0.004947719629853964, 0.8605776429176331),
            ["LeftUpperArm"] = CFrame.new(0, -2.384185791015625e-07, -7.450580596923828e-09, 0.9389808177947998, 0.22757843136787415, -0.2579207718372345, -0.1715276539325714, 0.9597517848014832, 0.22238454222679138, 0.2981499433517456, -0.16457435488700867, 0.9402244687080383),
            ["RightLowerArm"] = CFrame.new(-5.960464477539063e-08, 0, 1.1920928955078125e-07, 1, -5.96046660916727e-08, 1.2665991278026922e-07, 1.8626455755565985e-07, -0.048950742930173874, -0.9988012909889221, 0, 0.9988012909889221, -0.04895062372088432),
            ["LeftHand"] = CFrame.new(2.086162567138672e-07, 0, 3.195818862877786e-07, 0.8827070593833923, -0.45258814096450806, -0.12646187841892242, 0.46059080958366394, 0.8866258263587952, 0.0418364517390728, 0.09318975359201431, -0.09517692029476166, 0.9910889267921448),
            ["RightHand"] = CFrame.new(8.940696716308594e-08, -2.384185791015625e-07, 1.341104507446289e-07, 0.8405100703239441, -0.007407843135297298, -0.5417454242706299, -0.10749910771846771, 0.9777467250823975, -0.18015336990356445, 0.5310243368148804, 0.20965781807899475, 0.8210095167160034),
            ["RightUpperArm"] = CFrame.new(0, 0, -2.2351741790771484e-08, 0.9032056331634521, -0.4146421551704407, -0.11086739599704742, 0.33952102065086365, 0.8482478260993958, -0.406449556350708, 0.26257413625717163, 0.3294658064842224, 0.9069218039512634),
            ["RightLowerLeg"] = CFrame.new(7.450580596923828e-08, -0.00006026029586791992, -0.00007206032023532316, 1, -7.450583439094771e-08, 0, 1.1175872316471214e-07, 0.8738102912902832, 0.48626622557640076, -1.210719524635806e-08, -0.48626700043678284, 0.8738107085227966),
            ["LeftUpperLeg"] = CFrame.new(-1.1920928955078125e-07, 1.3987300917506218e-07, 2.7939677238464355e-08, 0.8868827223777771, 0.20243962109088898, -0.4152796268463135, -0.36429357528686523, 0.8592542409896851, -0.35912781953811646, 0.28412914276123047, 0.46978774666786194, 0.8358050584793091),
            ["LeftLowerLeg"] = CFrame.new(2.9802322387695312e-08, 0.000060617923736572266, 0.00007206201553344727, 1, 3.725290653733282e-08, 7.63684582238966e-08, -5.587935447692871e-09, 0.88997483253479, 0.45600995421409607, 2.9802322387695312e-08, -0.45600980520248413, 0.8899747729301453),
        }},
        {Time = 0.233, Data = {
            ["RightFoot"] = CFrame.new(1.862645149230957e-08, 2.980232238769531e-07, -1.0261283023282886e-07, 0.9875383973121643, 0.10845779627561569, -0.11403991281986237, -0.1442735493183136, 0.9133871793746948, -0.38066890835762024, 0.0628742203116417, 0.3923783600330353, 0.9176525473594666),
            ["LeftLowerArm"] = CFrame.new(2.086162567138672e-07, -2.980232238769531e-07, 5.960464477539063e-08, 1, 4.470347647611561e-08, 1.1734665861240501e-07, 9.313225746154785e-08, 0.07984242588281631, -0.9968075752258301, 6.891787052154541e-08, 0.9968075752258301, 0.07984250038862228),
            ["LeftFoot"] = CFrame.new(4.470348358154297e-08, 0, -3.818422555923462e-08, 0.9307761192321777, -0.30420389771461487, 0.20277085900306702, 0.3052777647972107, 0.9518876671791077, 0.026741860434412956, -0.2011501044034958, 0.03701085224747658, 0.9788610935211182),
            ["Head"] = CFrame.new(0, -1.1920928955078125e-07, 2.0489096641540527e-08, 0.941332221031189, -0.1012861505150795, 0.3219238221645355, 0.017916006967425346, 0.9675532579421997, 0.25203123688697815, -0.33700570464134216, -0.23147748410701752, 0.9126035571098328),
            ["LowerTorso"] = CFrame.new(-0.13638073205947876, -0.15312504768371582, 0.15234559774398804, 0.9336778521537781, -0.06425031274557114, -0.35230326652526855, 0.0639500617980957, 0.9978747963905334, -0.01250346191227436, 0.3523578941822052, -0.010855613276362419, 0.9358023405075073),
            ["UpperTorso"] = CFrame.new(-7.450580596923828e-09, 1.4901161193847656e-07, 0, 0.9898920655250549, 0.019307227805256844, -0.14050297439098358, -0.02843104489147663, 0.9975944757461548, -0.06322198361158371, 0.13894429802894592, 0.06657759100198746, 0.9880597591400146),
            ["HumanoidRootPart"] = CFrame.new(0, 0, 0, 1, 0, 0, 0, 1, 0, 0, 0, 1),
            ["RightUpperLeg"] = CFrame.new(0, -4.0512531995773315e-08, -2.7772330213338137e-08, 0.8643151521682739, -0.10075203329324722, -0.492754727602005, 0.08561282604932785, 0.9949041604995728, -0.053257718682289124, 0.49561062455177307, 0.0038457373157143593, 0.8685369491577148),
            ["LeftUpperArm"] = CFrame.new(0, -1.1920928955078125e-07, -6.891787052154541e-08, 0.9384893774986267, 0.2346481829881668, -0.2533334791660309, -0.18101274967193604, 0.9590702652931213, 0.2177586406469345, 0.29406124353408813, -0.1585076004266739, 0.9425516128540039),
            ["RightLowerArm"] = CFrame.new(-1.1920928955078125e-07, 1.1920928955078125e-07, 3.5762786865234375e-07, 1, -7.450579886381092e-08, 7.450583439094771e-08, 1.043081283569336e-07, -0.0016670373734086752, -0.9999986290931702, 7.450580596923828e-08, 0.9999986290931702, -0.0016670903423801064),
            ["LeftHand"] = CFrame.new(-1.1920928955078125e-07, 1.1920928955078125e-07, -2.3096799850463867e-07, 0.8808072805404663, -0.450736939907074, -0.14496536552906036, 0.4617350101470947, 0.8854737281799316, 0.05231540650129318, 0.10478256642818451, -0.11301548779010773, 0.9880526661872864),
            ["RightHand"] = CFrame.new(1.4901161193847656e-07, 1.1920928955078125e-07, -1.4901161193847656e-08, 0.8268634080886841, -0.04095219448208809, -0.560909628868103, -0.0786222517490387, 0.9791345000267029, -0.18738780915737152, 0.5568800568580627, 0.1990441083908081, 0.8063908815383911),
            ["RightUpperArm"] = CFrame.new(0, -1.1920928955078125e-07, -6.891787052154541e-08, 0.8814122676849365, -0.45605605840682983, -0.1229858323931694, 0.3359045386314392, 0.7882407903671265, -0.5156013369560242, 0.3320854604244232, 0.41314584016799927, 0.8479562997817993),
            ["RightLowerLeg"] = CFrame.new(-4.470348358154297e-08, -0.000060558319091796875, -0.00007200071559054777, 1, -2.011657187495075e-07, 8.568166975919667e-08, 3.7252894102834944e-09, 0.866592288017273, 0.49901628494262695, 1.5180553702975885e-07, -0.4990169107913971, 0.8665926456451416),
            ["LeftUpperLeg"] = CFrame.new(0, 4.307366907596588e-09, -3.166496753692627e-08, 0.8930208086967468, 0.20447883009910583, -0.40087687969207764, -0.3626176714897156, 0.8545048236846924, -0.3719272315502167, 0.2665000855922699, 0.4775039553642273, 0.8372383117675781),
            ["LeftLowerLeg"] = CFrame.new(2.9802322387695312e-08, 0.000060617923736572266, 0.00007206201553344727, 1, 5.960464477539063e-08, -4.936010356004772e-08, 0, 0.8850395679473877, 0.46551573276519775, -2.980232594040899e-08, -0.4655158221721649, 0.8850396275520325),
        }},
        {Time = 0.267, Data = {
            ["RightFoot"] = CFrame.new(2.2351741790771484e-08, 2.980232238769531e-07, -1.3205863069742918e-08, 0.9856032133102417, 0.10518795996904373, -0.13237060606479645, -0.1491537094116211, 0.9096250534057617, -0.38773101568222046, 0.07962119579315186, 0.4018928110599518, 0.9122186303138733),
            ["LeftLowerArm"] = CFrame.new(-1.4901161193847656e-07, -1.1920928955078125e-07, -8.940696716308594e-08, 1, -1.713633110966839e-07, 2.2351745343485163e-08, 1.1175870895385742e-07, 0.14869466423988342, -0.9888831973075867, 7.078051567077637e-08, 0.9888831973075867, 0.14869467914104462),
            ["LeftFoot"] = CFrame.new(-3.725290298461914e-08, 1.7881393432617188e-07, 4.400499165058136e-08, 0.9356154203414917, -0.30187806487083435, 0.18301324546337128, 0.303266316652298, 0.9526734352111816, 0.021038442850112915, -0.1807028204202652, 0.03581775352358818, 0.9828854203224182),
            ["Head"] = CFrame.new(0, 0, -3.725290298461914e-08, 0.9468790888786316, -0.11955031752586365, 0.29854291677474976, 0.03112802281975746, 0.9580463171005249, 0.28491801023483276, -0.3200799524784088, -0.26048988103866577, 0.9108753204345703),
            ["LowerTorso"] = CFrame.new(-0.1346227526664734, -0.15642809867858887, 0.15243662893772125, 0.9342713356018066, -0.06347142159938812, -0.3508681058883667, 0.06339726597070694, 0.9979196786880493, -0.011711317114531994, 0.35088151693344116, -0.011302530765533447, 0.9363516569137573),
            ["UpperTorso"] = CFrame.new(7.450580596923828e-09, 2.086162567138672e-07, -1.1175870895385742e-08, 0.9903938174247742, 0.0067588044330477715, -0.13811041414737701, -0.018304787576198578, 0.9964228272438049, -0.08250155299901962, 0.13705870509147644, 0.08423709124326706, 0.9869747757911682),
            ["HumanoidRootPart"] = CFrame.new(0, 0, 0, 1, 0, 0, 0, 1, 0, 0, 0, 1),
            ["RightUpperLeg"] = CFrame.new(0, 2.5937333703041077e-07, -1.845910446718335e-08, 0.8726319074630737, -0.09931923449039459, -0.47817134857177734, 0.08139651268720627, 0.9949856400489807, -0.058123502880334854, 0.48154759407043457, 0.011799613013863564, 0.8763412237167358),
            ["LeftUpperArm"] = CFrame.new(1.7881393432617188e-07, -2.384185791015625e-07, -5.21540641784668e-08, 0.9382122159004211, 0.24350476264953613, -0.24589261412620544, -0.1925133913755417, 0.9577059745788574, 0.2138640433549881, 0.28756988048553467, -0.15331228077411652, 0.9454094171524048),
            ["RightLowerArm"] = CFrame.new(1.7881393432617188e-07, 3.5762786865234375e-07, 0, 1, -7.450579175838357e-08, 5.960465188081798e-08, 1.4901158351676713e-07, 0.035924144089221954, -0.9993546009063721, 1.4901158351676713e-07, 0.9993545413017273, 0.03592412546277046),
            ["LeftHand"] = CFrame.new(-1.1920928955078125e-07, 1.1920928955078125e-07, 1.341104507446289e-07, 0.8777578473091125, -0.44881078600883484, -0.16766200959682465, 0.4641477167606354, 0.8833444714546204, 0.0653395727276802, 0.11877819895744324, -0.13517233729362488, 0.9836769104003906),
            ["RightHand"] = CFrame.new(0, -1.7881393432617188e-07, -5.960464477539063e-08, 0.8342050313949585, -0.020649326965212822, -0.5510674715042114, -0.07507872581481934, 0.9857410788536072, -0.15059144794940948, 0.5463196635246277, 0.16699755191802979, 0.8207599520683289),
            ["RightUpperArm"] = CFrame.new(-5.960464477539063e-08, -2.384185791015625e-07, -6.705522537231445e-08, 0.8700098395347595, -0.48510032892227173, -0.08809440582990646, 0.3379245400428772, 0.7168143391609192, -0.6099050641059875, 0.35901257395744324, 0.5008541345596313, 0.7875629663467407),
            ["RightLowerLeg"] = CFrame.new(-4.470348358154297e-08, -0.00006026029586791992, -0.00007201561675174162, 1, -6.705523247774181e-08, -1.1175870895385742e-08, 8.381905303167514e-08, 0.8595278263092041, 0.5110886096954346, -8.940698847936801e-08, -0.5110890865325928, 0.8595280647277832),
