return {
    ["The Airplane"] = {
        [1] = {Time = 0.000, Data = {
            ["LeftFoot"] = CFrame.new(-9.313225746154785e-09, 0, -3.725290298461914e-09, 0.9940064549446106, 0.044460367411375046, 0.09987246990203857, -0.023448964580893517, 0.9790126085281372, -0.2024458348751068, -0.10677724331617355, 0.1988907754421234, 0.9741875529289246),
            ["LeftLowerArm"] = CFrame.new(-9.5367431640625e-07, -5.960464477539063e-08, 5.960464477539063e-08, 1, -2.0489101970611046e-08, -1.5832487321176814e-08, 2.2351747119842003e-08, 0.9923943877220154, -0.12309969216585159, -5.587936779960501e-09, 0.12309972196817398, 0.9923943281173706),
            ["LowerTorso"] = CFrame.new(-0.3222077190876007, -0.07831931114196777, 0.5473108291625977, 0.9916013479232788, 0.046737246215343475, -0.12059269845485687, 0.0179312564432621, 0.8737348318099976, 0.48607197403907776, 0.12808378040790558, -0.4841519892215729, 0.8655584454536438),
            ["Head"] = CFrame.new(3.3527612686157227e-08, -1.1920928955078125e-07, 7.776543498039246e-08, 0.9987155199050903, 0.023463990539312363, -0.04490797594189644, -0.047195229679346085, 0.7532942891120911, -0.6559878587722778, 0.01843664050102234, 0.6572648882865906, 0.7534342408180237),
            ["RightUpperArm"] = CFrame.new(1.1920928955078125e-07, 0, -7.450580596923828e-09, 0.39995211362838745, -0.9142783880233765, -0.06429103016853333, 0.5531367063522339, 0.29671087861061096, -0.7784615159034729, 0.7308064699172974, 0.2757856547832489, 0.6243911981582642),
            ["UpperTorso"] = CFrame.new(7.450580596923828e-09, 1.4901161193847656e-07, -5.960464477539063e-08, 0.9804999232292175, 0.13673241436481476, 0.14115290343761444, -0.17619019746780396, 0.9297755360603333, 0.32322508096694946, -0.08704517781734467, -0.34179186820983887, 0.9357357621192932),
            ["HumanoidRootPart"] = CFrame.new(0, 0, 0, 1, 0, 0, 0, 1, 0, 0, 0, 1),
            ["RightHand"] = CFrame.new(-2.0489096641540527e-07, 0, 5.21540641784668e-08, 0.9863089919090271, 0.16490527987480164, -0.0008289683610200882, -0.16419143974781036, 0.9815458655357361, -0.09802550077438354, -0.015351209789514542, 0.09681973606348038, 0.9951836466789246),
            ["LeftUpperArm"] = CFrame.new(0, 0, 1.1920928955078125e-07, 0.1342276930809021, 0.9034535884857178, 0.40712970495224, -0.7523597478866577, 0.3602999746799469, -0.5514876246452332, -0.6449325084686279, -0.23228339850902557, 0.7280843257904053),
            ["RightLowerArm"] = CFrame.new(-1.7881393432617188e-07, -2.384185791015625e-07, 7.450580596923828e-08, 1, -3.864988329382868e-08, 4.0978193283081055e-08, 4.842877388000488e-08, 0.9787614345550537, -0.20500242710113525, 0, 0.20500239729881287, 0.9787614941596985),
            ["LeftHand"] = CFrame.new(2.7567148208618164e-07, 5.960464477539063e-08, 2.9802322387695312e-08, 0.9870560169219971, -0.15892159938812256, -0.02155592478811741, 0.14941006898880005, 0.9600666165351868, -0.2365347445011139, 0.05828552693128586, 0.23025232553482056, 0.9713839292526245),
            ["RightUpperLeg"] = CFrame.new(5.960464477539063e-08, 7.35744833946228e-08, 1.879379851743579e-08, 0.9945645332336426, 0.014217754825949669, -0.1031469777226448, -0.10299531370401382, -0.011017450131475925, -0.9946208000183105, -0.015277665108442307, 0.9998382925987244, -0.009493336081504822),
            ["LeftUpperLeg"] = CFrame.new(0, 2.5331974029541016e-07, 2.2351741790771484e-08, 0.9928950071334839, 0.001278519630432129, 0.11898762732744217, 0.08842645585536957, 0.6611992120742798, -0.7449808716773987, -0.07962698489427567, 0.7502092719078064, 0.6563882231712341),
            ["RightLowerLeg"] = CFrame.new(-7.450580596923828e-09, -0.000060498714447021484, -0.000071929935074877, 1, -1.490115550950577e-07, -8.940699558479537e-08, 1.6018752546642645e-07, 0.19591251015663147, 0.980621337890625, -1.266598985694145e-07, -0.9806213974952698, 0.19591282308101654),
            ["RightFoot"] = CFrame.new(-1.30385160446167e-08, 3.5762786865234375e-07, 2.7772330213338137e-08, 0.9884552359580994, -0.11667008697986603, -0.09666641056537628, 0.13601306080818176, 0.9643884897232056, 0.22683751583099365, 0.06675878912210464, -0.2373666763305664, 0.9691235423088074),
            ["LeftLowerLeg"] = CFrame.new(7.986091077327728e-08, 0.00006109476089477539, 0.00007201335392892361, 1, 7.264315371457997e-08, 4.6566133171666024e-09, -4.237518069771795e-08, 0.7733747959136963, 0.6339489817619324, 8.381904059717726e-09, -0.6339490413665771, 0.7733749151229858)
        }},
        [2] = {Time = 0.033, Data = {
            ["LeftFoot"] = CFrame.new(-3.3527612686157227e-08, 0, 1.6763806343078613e-08, 0.9944888353347778, 0.04091442748904228, 0.09652978181838989, -0.010039238259196281, 0.9536422491073608, -0.30077478289604187, -0.10436093062162399, 0.29814839363098145, 0.9487974643707275),
            ["LeftLowerArm"] = CFrame.new(3.5762786865234375e-07, 1.1920928955078125e-07, 1.1920928955078125e-07, 1, -3.3527616238870905e-08, 8.381904059717726e-09, 3.725290742551124e-09, 0.9927375316619873, -0.12030074000358582, 1.862645371275562e-09, 0.1203007623553276, 0.9927375316619873),
            ["LowerTorso"] = CFrame.new(-0.30961915850639343, -0.14072108268737793, 0.5611192584037781, 0.991766631603241, 0.04563627019524574, -0.11965122073888779, 0.01679730787873268, 0.8799124956130981, 0.47483882308006287, 0.12695255875587463, -0.472939133644104, 0.8719011545181274),
            ["Head"] = CFrame.new(-2.9802322387695312e-08, 1.1920928955078125e-07, 5.704350769519806e-09, 0.997464656829834, 0.0417478047311306, -0.05763227492570877, -0.06924788653850555, 0.7560818791389465, -0.65080326795578, 0.016404975205659866, 0.6531441807746887, 0.7570558786392212),
            ["RightUpperArm"] = CFrame.new(0, 0, -1.4156103134155273e-07, 0.429984450340271, -0.9015196561813354, -0.048739612102508545, 0.547969400882721, 0.30349963903427124, -0.7794983983039856, 0.7175255417823792, 0.3084644079208374, 0.6245052218437195),
            ["UpperTorso"] = CFrame.new(2.2351741790771484e-08, 2.9802322387695312e-08, 6.332993507385254e-08, 0.9838845133781433, 0.11947248876094818, 0.13303242623806, -0.158247709274292, 0.9281827807426453, 0.3368002474308014, -0.08324005454778671, -0.35242465138435364, 0.9321309328079224),
            ["HumanoidRootPart"] = CFrame.new(0, 0, 0, 1, 0, 0, 0, 1, 0, 0, 0, 1),
            ["RightHand"] = CFrame.new(-1.341104507446289e-07, 2.384185791015625e-07, -2.7939677238464355e-09, 0.9941014051437378, 0.10831351578235626, 0.005531668197363615, -0.10614366084337234, 0.982123613357544, -0.15545697510242462, -0.022270750254392624, 0.15395307540893555, 0.9878271818161011),
            ["LeftUpperArm"] = CFrame.new(1.1920928955078125e-07, 1.1920928955078125e-07, -1.1175870895385742e-08, 0.14209774136543274, 0.8992361426353455, 0.41374239325523376, -0.777999758720398, 0.3598825931549072, -0.5149765014648438, -0.611984133720398, -0.24871470034122467, 0.7507439255714417),
            ["RightLowerArm"] = CFrame.new(-2.980232238769531e-07, 4.76837158203125e-07, 7.450580596923828e-08, 1, -5.1222748709278676e-08, 1.1641530406336642e-08, 7.450579886381092e-08, 0.9749891757965088, -0.2222527116537094, -5.587934559514451e-09, 0.22225278615951538, 0.9749890565872192),
            ["LeftHand"] = CFrame.new(1.7881393432617188e-07, -5.960464477539063e-08, 0, 0.9845952987670898, -0.1668972373008728, -0.05212990567088127, 0.15073621273040771, 0.9612945914268494, -0.2306322604417801, 0.08860402554273605, 0.2192215770483017, 0.9716435670852661),
            ["RightUpperLeg"] = CFrame.new(0, 3.91155481338501e-08, -4.0810846257954836e-08, 0.9934181571006775, 0.007507095579057932, -0.11429818719625473, -0.11338712275028229, -0.0770406424999237, -0.990559458732605, -0.01624184474349022, 0.9969996809959412, -0.07568243891000748),
            ["LeftUpperLeg"] = CFrame.new(8.940696716308594e-08, -3.725290298461914e-08, 7.450580596923828e-09, 0.9934406280517578, 0.01635654643177986, 0.11317375302314758, 0.08098634332418442, 0.5980769395828247, -0.7973363399505615, -0.08072827756404877, 0.8012717962265015, 0.592829167842865),
            ["RightLowerLeg"] = CFrame.new(2.7939677238464355e-08, -0.00006031990051269531, -0.00007222423300845549, 1, -1.30385160446167e-07, -1.4714903784351918e-07, 1.4901162614933128e-07, 0.08294244110584259, 0.9965543150901794, -1.3411046495548362e-07, -0.996554434299469, 0.08294278383255005),
            ["RightFoot"] = CFrame.new(-1.6763806343078613e-08, 2.980232238769531e-07, 3.894820110872388e-08, 0.9871864318847656, -0.12674769759178162, -0.09694302082061768, 0.1434883028268814, 0.9708932638168335, 0.19177451729774475, 0.06981439888477325, -0.20322726666927338, 0.976639449596405),
            ["LeftLowerLeg"] = CFrame.new(-7.450580596923828e-09, 0.00006097555160522461, 0.00007212348282337189, 1, 6.379559636116028e-08, 2.6077035641947077e-08, -6.752089376504955e-08, 0.6567367911338806, 0.7541199326515198, 3.026798722771673e-08, -0.7541199326515198, 0.6567367315292358)
        }},
        [3] = {Time = 0.067, Data = {
            ["LeftFoot"] = CFrame.new(3.4458935260772705e-08, 5.960464477539063e-08, 4.470348358154297e-08, 0.9955224394798279, 0.03754151985049248, 0.08675108850002289, -0.0009263297542929649, 0.9215818047523499, -0.3881830871105194, -0.09452119469642639, 0.38636478781700134, 0.9174901247024536),
            ["LeftLowerArm"] = CFrame.new(2.086162567138672e-07, 5.960464477539063e-08, -2.086162567138672e-07, 1, -2.51457130673316e-08, 1.6065316188473844e-08, 0, 0.9920715689659119, -0.12567412853240967, 2.5611377463263807e-09, 0.1256740391254425, 0.9920716285705566),
            ["LowerTorso"] = CFrame.new(-0.2963772714138031, -0.18981313705444336, 0.5769627690315247, 0.9922194480895996, 0.04404604062438011, -0.116449274122715, 0.013693503104150295, 0.8910447955131531, 0.45370885729789734, 0.12374565750360489, -0.45177340507507324, 0.8835088014602661),
            ["Head"] = CFrame.new(2.2351741790771484e-08, 3.5762786865234375e-07, 1.9773142412304878e-07, 0.995535671710968, 0.05813783034682274, -0.07435484975576401, -0.092258982360363, 0.7656877636909485, -0.6365615129470825, 0.019924085587263107, 0.6405797600746155, 0.7676332592964172),
            ["RightUpperArm"] = CFrame.new(0, 3.5762786865234375e-07, 3.110617399215698e-07, 0.45663660764694214, -0.8887887001037598, -0.03921174630522728, 0.5484331846237183, 0.3159278333187103, -0.7742161750793457, 0.7005028128623962, 0.3320305049419403, 0.6317053437232971),
            ["UpperTorso"] = CFrame.new(-1.862645149230957e-08, 8.940696716308594e-08, 9.313225746154785e-08, 0.9869202971458435, 0.10895902663469315, 0.11881230026483536, -0.14477793872356415, 0.9232227802276611, 0.35594820976257324, -0.07090644538402557, -0.36849385499954224, 0.9269221425056458),
            ["HumanoidRootPart"] = CFrame.new(0, 0, 0, 1, 0, 0, 0, 1, 0, 0, 0, 1),
            ["RightHand"] = CFrame.new(-1.30385160446167e-07, 3.5762786865234375e-07, -3.3527612686157227e-08, 0.9987638592720032, 0.045199088752269745, 0.020684368908405304, -0.039718471467494965, 0.9758827090263367, -0.21465171873569489, -0.029887450858950615, 0.21356503665447235, 0.9764716029167175),
            ["LeftUpperArm"] = CFrame.new(-1.1920928955078125e-07, 0, 1.862645149230957e-07, 0.15851108729839325, 0.896325409412384, 0.41409552097320557, -0.7896187901496887, 0.36686813831329346, -0.49184325337409973, -0.5927700400352478, -0.24901530146598816, 0.7659081220626831),
            ["RightLowerArm"] = CFrame.new(5.960464477539063e-08, 0, 7.450580596923828e-09, 1, 6.891787052154541e-08, -5.587935447692871e-09, 1.0244549208948683e-08, 0.9720087647438049, -0.2349446415901184, -1.4901162970204496e-08, 0.23494458198547363, 0.9720087647438049),
            ["LeftHand"] = CFrame.new(-2.2165477275848389e-07, 0, -1.7881393432617188e-07, 0.9785898327827454, -0.18465764820575714, -0.09090556204319, 0.1627512276172638, 0.964616060256958, -0.20743125677108765, 0.12599261105060577, 0.18819516897201538, 0.9740166664123535),
            ["RightUpperLeg"] = CFrame.new(-5.960464477539063e-08, -1.2852251529693604e-07, -1.845910446718335e-08, 0.9929714798927307, -0.0034566684626042843, -0.11830349266529083, -0.11805561929941177, -0.09985680133104324, -0.9879734516143799, -0.008398321457207203, 0.9949958324432373, -0.09956317394971848),
            ["LeftUpperLeg"] = CFrame.new(5.960464477539063e-08, -1.341104507446289e-07, -9.685754776000977e-08, 0.9941331148147583, 0.025793960317969322, 0.10504334419965744, 0.07112778723239899, 0.5757421851158142, -0.8145318031311035, -0.08148789405822754, 0.817224383354187, 0.5705295205116272),
            ["RightLowerLeg"] = CFrame.new(1.30385160446167e-08, -0.00006031990051269531, -0.00007200071559054777, 1, -1.5646213569198153e-07, -1.6763816290676914e-07, 1.5273690223693848e-07, -0.007763761095702648, 0.9999698996543884, -1.341104507446289e-07, -0.9999698400497437, -0.007763407193124294),
            ["RightFoot"] = CFrame.new(2.2351741790771484e-08, 4.172325134277344e-07, 3.5579432733356953e-09, 0.9876101613044739, -0.131490558385849, -0.08565349876880646, 0.14312896132469177, 0.9785633087158203, 0.14808163046836853, 0.06434609740972519, -0.15850643813610077, 0.9852589964866638),
            ["LeftLowerLeg"] = CFrame.new(-9.057112038135529e-08, 0.000060498714447021484, 0.0000721948454156518, 1, 7.078051567077637e-08, 4.284083843231201e-08, -6.239861249923706e-08, 0.5901604294776917, 0.8072859644889832, 3.67872416973114e-08, -0.8072860240936279, 0.5901605486869812)
        }},
        [4] = {Time = 0.100, Data = {
            ["LeftFoot"] = CFrame.new(5.8673322200775146e-08, -5.960464477539063e-08, -4.470348358154297e-08, 0.9966874718666077, 0.029906468465924263, 0.07562978565692902, 0.004976438824087381, 0.9057655930519104, -0.4237496554851532, -0.08117573708295822, 0.42272263765335083, 0.9026165008544922),
            ["LeftLowerArm"] = CFrame.new(2.682209014892578e-07, -5.960464477539063e-08, 1.1920928955078125e-07, 1, -3.725291186640334e-09, -5.122274160385132e-09, 1.1175870895385742e-08, 0.9904965758323669, -0.13753794133663177, 3.818422555923462e-08, 0.13753804564476013, 0.9904965162277222),
            ["LowerTorso"] = CFrame.new(-0.28257760405540466, -0.20385003089904785, 0.5900059938430786, 0.9928666353225708, 0.0443219393491745, -0.11068582534790039, 0.009045532904565334, 0.8976621031761169, 0.44059163331985474, 0.11888640373945236, -0.4384499788284302, 0.8908578157424927),
            ["Head"] = CFrame.new(-1.4901161193847656e-08, 2.384185791015625e-07, 2.874876372516155e-07, 0.9931148290634155, 0.07253953814506531, -0.09198369085788727, -0.11420516669750214, 0.7743462324142456, -0.6223705410957336, 0.02608054131269455, 0.6285904049873352, 0.7772992253303528),
            ["RightUpperArm"] = CFrame.new(0, 1.1920928955078125e-07, 2.2817403078079224e-07, 0.4795159101486206, -0.8764431476593018, -0.04372650757431984, 0.5505118370056152, 0.3392499089241028, -0.7627885937690735, 0.6833749413490295, 0.34169724583625793, 0.6451679468154907),
            ["UpperTorso"] = CFrame.new(1.862645149230957e-09, -8.940696716308594e-08, 1.30385160446167e-08, 0.9896255135536194, 0.10324588418006897, 0.09990926831960678, -0.13308289647102356, 0.9207729697227478, 0.3666963279247284, -0.05413386598229408, -0.3761880695819855, 0.9249606132507324),
            ["HumanoidRootPart"] = CFrame.new(0, 0, 0, 1, 0, 0, 0, 1, 0, 0, 0, 1),
            ["RightHand"] = CFrame.new(6.332993507385254e-08, -1.1920928955078125e-07, -2.60770320892334e-08, 0.9995495080947876, -0.010286294855177402, 0.028199147433042526, 0.016192777082324028, 0.9758071899414062, -0.21803255379199982, -0.02527407743036747, 0.21839109063148499, 0.9755340218544006),
            ["LeftUpperArm"] = CFrame.new(5.960464477539063e-08, 0, 4.563480615615845e-08, 0.1715025007724762, 0.8987768888473511, 0.40346887707710266, -0.7820136547088623, 0.373279333114624, -0.4991162121295929, -0.5992007255554199, -0.22991861402988434, 0.7668740749359131),
            ["RightLowerArm"] = CFrame.new(2.980232238769531e-07, 3.5762786865234375e-07, -5.21540641784668e-08, 1, 6.891787762697277e-08, -1.1175870895385742e-08, 1.6763808119435453e-08, 0.9713384509086609, -0.23770073056221008, 9.313226634333205e-09, 0.23770084977149963, 0.9713384509086609),
            ["LeftHand"] = CFrame.new(-1.2293457984924316e-07, 0, 0, 0.969920814037323, -0.2014475017786026, -0.13664811849594116, 0.17594660818576813, 0.9681115746498108, -0.17833346128463745, 0.1682152897119522, 0.1489264816045761, 0.9744355082511902),
            ["RightUpperLeg"] = CFrame.new(0, 9.499490261077881e-08, -5.9437297750264406e-08, 0.9934231042861938, -0.015937671065330505, -0.11338672786951065, -0.11422974616289139, -0.06978356093168259, -0.9910004138946533, 0.007881725206971169, 0.9974348545074463, -0.07114538550376892),
            ["LeftUpperLeg"] = CFrame.new(-5.960464477539063e-08, -3.3527612686157227e-08, 4.470348358154297e-08, 0.9949237108230591, 0.029935000464320183, 0.09607729315757751, 0.06073121726512909, 0.5826641321182251, -0.8104408979415894, -0.08024132996797562, 0.8121616244316101, 0.5778882503509521),
            ["RightLowerLeg"] = CFrame.new(-3.725290298461914e-09, -0.00005990266799926758, -0.0000718703304301016, 1, -1.4156101713069802e-07, -1.67638120274205e-07, 1.3411047916633834e-07, -0.03724735602736473, 0.9993060827255249, -1.5646223516796454e-07, -0.9993060827255249, -0.03724712133407593),
            ["RightFoot"] = CFrame.new(1.4901161193847656e-08, 1.7881393432617188e-07, 3.5222910810261965e-08, 0.9897915720939636, -0.12400656938552856, -0.07024917006492615, 0.13072459399700165, 0.986274778842926, 0.10086273401975632, 0.056777313351631165, -0.10901635885238647, 0.9924172163009644),
            ["LeftLowerLeg"] = CFrame.new(1.5599653124809265e-08, 0.000060558319091796875, 0.00007212604396045208, 1, 7.078050856534901e-08, 3.3527616238870905e-08, -6.891787052154541e-08, 0.5910223722457886, 0.8066551089286804, 3.771856427192688e-08, -0.8066551685333252, 0.5910225510597229)
        }},
        [5] = {Time = 0.133, Data = {
            ["LeftFoot"] = CFrame.new(-5.704350769519806e-08, 0, 3.166496753692627e-08, 0.9976606965065002, 0.018394874408841133, 0.06583897769451141, 0.009105280041694641, 0.9187778234481812, -0.39466947317123413, -0.06775137782096863, 0.3943462073802948, 0.9164612889289856),
            ["LeftLowerArm"] = CFrame.new(-1.4901161193847656e-07, 1.7881393432617188e-07, -2.086162567138672e-07, 1, -1.1175870895385742e-08, 5.587936158235607e-08, 1.1175870895385742e-08, 0.989291787147522, -0.14595143496990204, 3.4458935260772705e-08, 0.1459512710571289, 0.9892918467521667),
            ["LowerTorso"] = CFrame.new(-0.2682681083679199, -0.17808222770690918, 0.5954251289367676, 0.993620753288269, 0.046880222856998444, -0.10256684571504593, 0.0026016561314463615, 0.899728000164032, 0.43644341826438904, 0.11274287849664688, -0.43392613530158997, 0.8938664197921753),
            ["Head"] = CFrame.new(-7.450580596923828e-08, 0, 1.503067323938012e-07, 0.9910157918930054, 0.08162858337163925, -0.10594570636749268, -0.13036896288394928, 0.766441285610199, -0.6289450526237488, 0.02986111305654049, 0.6371065378189087, 0.7701972126960754),
            ["RightUpperArm"] = CFrame.new(0, -1.1920928955078125e-07, 6.565824151039124e-08, 0.4973612129688263, -0.8658089637756348, -0.05483470857143402, 0.5393706560134888, 0.35810795426368713, -0.7621273994445801, 0.6794933080673218, 0.3494761884212494, 0.6451009511947632),
            ["UpperTorso"] = CFrame.new(-5.122274160385132e-09, -1.7881393432617188e-07, 9.685754776000977e-08, 0.9915649890899658, 0.10237473249435425, 0.07948856800794601, -0.1254422664642334, 0.9122974276542664, 0.38984325528144836, -0.03260711953043938, -0.39652612805366516, 0.9174441695213318),
            ["HumanoidRootPart"] = CFrame.new(0, 0, 0, 1, 0, 0, 0, 1, 0, 0, 0, 1),
            ["RightHand"] = CFrame.new(-1.862645149230957e-07, -2.384185791015625e-07, 5.587935447692871e-09, 0.9975113272666931, -0.05923949182033539, 0.038235969841480255, 0.06643505394458771, 0.9713231325149536, -0.22829295694828033, -0.023615317419171333, 0.23026494681835175, 0.9728414416313171),
            ["LeftUpperArm"] = CFrame.new(0, 0, 4.6100467443466187e-08, 0.18455886840820312, 0.9017097353935242, 0.39097025990486145, -0.7502614855766296, 0.38622361421585083, -0.5365995764732361, -0.6348589658737183, -0.1942959725856781, 0.7477989792823792),
            ["RightLowerArm"] = CFrame.new(0, 1.7881393432617188e-07, 1.364387571811676e-07, 1, 3.166496753692627e-08, 2.3283062144940914e-09, 1.862645149230957e-09, 0.9729790091514587, -0.23089364171028137, -8.265487849712372e-09, 0.23089361190795898, 0.9729790687561035),
            ["LeftHand"] = CFrame.new(-1.862645149230957e-07, -1.7881393432617188e-07, -2.9802322387695312e-08, 0.9605010747909546, -0.20655988156795502, -0.18646961450576782, 0.17709890007972717, 0.9706099629402161, -0.162948340177536, 0.21464765071868896, 0.123488649725914, 0.9688534140586853),
            ["RightUpperLeg"] = CFrame.new(-1.1920928955078125e-07, -8.847564458847046e-08, 2.2554741008207202e-07, 0.9943571090698242, -0.029931601136922836, -0.10177487879991531, -0.1012735664844513, 0.017817329615354538, -0.9946990609169006, 0.03158630430698395, 0.9993932247161865, 0.014685465022921562),
            ["LeftUpperLeg"] = CFrame.new(1.1920928955078125e-07, -1.862645149230957e-08, 2.5331974029541016e-07, 0.9957118630409241, 0.02830885723233223, 0.08807145804166794, 0.05166725069284439, 0.6195293068885803, -0.783271312713623, -0.07673636078834534, 0.7844629287719727, 0.6154099702835083),
            ["RightLowerLeg"] = CFrame.new(-5.681067705154419e-08, -0.00006026029586791992, -0.0000720565949450247, 1, -1.490115550950577e-07, -1.3038520307873114e-07, 1.266598843585598e-07, 0.006987971719354391, 0.9999756217002869, -1.564622067462551e-07, -0.9999755620956421, 0.006988298613578081),
            ["RightFoot"] = CFrame.new(3.725290298461914e-09, 1.7881393432617188e-07, -5.977199180051684e-08, 0.9931482076644897, -0.10138548910617828, -0.05811845883727074, 0.10458000004291534, 0.9930033087730408, 0.05484074354171753, 0.05215178430080414, -0.06054283678531647, 0.9968023300170898),
            ["LeftLowerLeg"] = CFrame.new(3.5390257835388184e-08, 0.00006073713302612305, 0.00007230229675769806, 1, 6.426125054304066e-08, 3.213063237694769e-08, -6.612390279769897e-08, 0.6585429310798645, 0.7525430917739868, 2.7939677238464355e-08, -0.7525430917739868, 0.658543050289154)
        }},
        [6] = {Time = 0.167, Data = {
            ["LeftFoot"] = CFrame.new(5.762558430433273e-09, 5.960464477539063e-08, -5.587935447692871e-08, 0.9983173608779907, 0.003109817858785391, 0.05790366604924202, 0.011060637421905994, 0.9700155258178711, -0.24279075860977173, -0.05692253261804581, 0.24302303791046143, 0.968349039554596),
            ["LeftLowerArm"] = CFrame.new(4.172325134277344e-07, 2.384185791015625e-07, -2.086162567138672e-07, 1, -1.210719613453648e-08, 2.8405342078485774e-08, 1.1175869119028903e-08, 0.9882984161376953, -0.15253333747386932, 2.4214383387288763e-08, 0.15253329277038574, 0.9882983565330505),
            ["LowerTorso"] = CFrame.new(-0.253512442111969, -0.10059022903442383, 0.5937642455101013, 0.9943280220031738, 0.05189759284257889, -0.09283537417650223, -0.0057047391310334206, 0.8976349234580994, 0.4407029449939728, 0.10620374977588654, -0.43767374753952026, 0.8928395509719849),
            ["Head"] = CFrame.new(4.470348358154297e-08, -1.1920928955078125e-07, 1.8207356333732605e-07, 0.990300714969635, 0.08018814027309418, -0.1134655624628067, -0.1346396952867508, 0.7554734945297241, -0.6411957740783691, 0.03430375084280968, 0.6502535343170166, 0.7589423656463623),
            ["RightUpperArm"] = CFrame.new(0, -1.1920928955078125e-07, 6.239861249923706e-08, 0.5046663284301758, -0.8607925772666931, -0.06594131886959076, 0.536052942276001, 0.3723173141479492, -0.757645845413208, 0.6767268180847168, 0.34701013565063477, 0.6493262648582458),
            ["UpperTorso"] = CFrame.new(6.51925802230835e-09, -2.9802322387695312e-08, 1.3783574104309082e-07, 0.9912709593772888, 0.12125256657600403, 0.0517662838101387, -0.13181132078170776, 0.9032163023948669, 0.4084435701370239, 0.0027686513494700193, -0.4117015600204468, 0.9113144874572754),
            ["HumanoidRootPart"] = CFrame.new(0, 0, 0, 1, 0, 0, 0, 1, 0, 0, 0, 1),
            ["RightHand"] = CFrame.new(-3.91155481338501e-08, -1.1920928955078125e-07, -4.470348358154297e-08, 0.9937743544578552, -0.09888904541730881, 0.05132010206580162, 0.1083066314458847, 0.9654810428619385, -0.23688825964927673, -0.026122767478227615, 0.24097184836864471, 0.9701805710792542),
            ["LeftUpperArm"] = CFrame.new(0, 0, -1.3131648302078247e-07, 0.20495395362377167, 0.9018648862838745, 0.38030752539634705, -0.7037729024887085, 0.405825138092041, -0.5831034183502197, -0.6802188158035278, -0.14814108610153198, 0.7178834080696106),
            ["RightLowerArm"] = CFrame.new(-1.1920928955078125e-07, -5.960464477539063e-08, 0, 1, 3.818422555923462e-08, 3.7252894102834944e-09, -5.587936335871291e-09, 0.9749225974082947, -0.22254423797130585, 1.4901162970204496e-08, 0.22254423797130585, 0.9749225974082947),
            ["LeftHand"] = CFrame.new(-2.2351741790771484e-08, -1.1920928955078125e-07, 5.960464477539063e-08, 0.9521638751029968, -0.19311079382896423, -0.23683829605579376, 0.15657083690166473, 0.9738562703132629, -0.1645885556936264, 0.2624301016330719, 0.11963329464197159, 0.9575063586235046),
            ["RightUpperLeg"] = CFrame.new(5.960464477539063e-08, 2.514570951461792e-08, 1.268272171728313e-07, 0.9950518012046814, -0.046877194195985794, -0.08760445564985275, -0.07867814600467682, 0.16669991612434387, -0.9828636646270752, 0.06067761778831482, 0.984892725944519, 0.1621868908405304),
            ["LeftUpperLeg"] = CFrame.new(0, 4.470348358154297e-08, 5.21540641784668e-08, 0.996337890625, 0.02007640339434147, 0.08311296999454498, 0.04584415629506111, 0.6950805187225342, -0.7174688577651978, -0.07217439264059067, 0.7186515927314758, 0.69161456823349),
            ["RightLowerLeg"] = CFrame.new(-8.614733815193176e-09, -0.00006014108657836914, -0.00007210129842860624, 1, -1.4156101713069802e-07, -1.3969847145745007e-07, 1.5459953317531472e-07, 0.15676389634609222, 0.9876360893249512, -1.2293456563838845e-07, -0.987636148929596, 0.15676404535770416),
            ["RightFoot"] = CFrame.new(2.9802322387695312e-08, 1.7881393432617188e-07, 6.875052349641919e-08, 0.9965818524360657, -0.06406132131814957, -0.052160974591970444, 0.06603694707155228, 0.9971283078193665, 0.03707270696759224, 0.049636222422122955, -0.0403905026614666, 0.9979504346847534),
            ["LeftLowerLeg"] = CFrame.new(5.774199962615967e-08, 0.000060558319091796875, 0.00007201824337244034, 1, 4.400499165058136e-08, 1.9674191165108823e-08, -5.681068415697155e-08, 0.7986146211624146, 0.6018427610397339, 3.224704769877462e-08, -0.6018428206443787, 0.7986147403717041)
        }},
        [7] = {Time = 0.200, Data = {
            ["LeftFoot"] = CFrame.new(3.7602148950099945e-08, -5.960464477539063e-08, 5.4016709327697754e-08, 0.9985474348068237, -0.015065168961882591, 0.05173216015100479, 0.01572723314166069, 0.9997992515563965, -0.012413027696311474, -0.051534779369831085, 0.013208670541644096, 0.9985838532447815),
            ["LeftLowerArm"] = CFrame.new(-3.2782554626464844e-07, -2.980232238769531e-07, 2.9802322387695312e-08, 1, -1.280568362460599e-08, 9.778887921640944e-09, 2.2351745343485163e-08, 0.9864283800125122, -0.16419264674186707, 9.313226634333205e-09, 0.16419252753257751, 0.9864283204078674),
            ["LowerTorso"] = CFrame.new(-0.23839020729064941, -0.02984142303466797, 0.5890876650810242, 0.9948574900627136, 0.058485452085733414, -0.08269207179546356, -0.015084262005984783, 0.8928844928741455, 0.45003315806388855, 0.10015490651130676, -0.44647154211997986, 0.8891749978065491),
            ["Head"] = CFrame.new(1.4901161193847656e-08, -4.76837158203125e-07, 1.94646418094635e-07, 0.9909782409667969, 0.06653935462236404, -0.11633886396884918, -0.12542982399463654, 0.7662809491157532, -0.6301435828208923, 0.04721885174512863, 0.6390508413314819, 0.7677137851715088),
            ["RightUpperArm"] = CFrame.new(0, -4.76837158203125e-07, 3.725290298461914e-08, 0.4933147430419922, -0.8660038113594055, -0.08171986788511276, 0.5640391707420349, 0.38998544216156006, -0.7278538346290588, 0.6621937155723572, 0.3129676282405853, 0.6808456182479858),
            ["UpperTorso"] = CFrame.new(2.9802322387695312e-08, -2.9802322387695312e-08, -2.0489096641540527e-08, 0.9881335496902466, 0.1520102322101593, 0.022023461759090424, -0.14855891466140747, 0.9094223976135254, 0.3884342610836029, 0.03901733458042145, -0.387096643447876, 0.9212132096290588),
            ["HumanoidRootPart"] = CFrame.new(0, 0, 0, 1, 0, 0, 0, 1, 0, 0, 0, 1),
            ["RightHand"] = CFrame.new(4.507601261138916e-07, 1.7881393432617188e-07, 7.450580596923828e-09, 0.9894770979881287, -0.12776604294776917, 0.0679040178656578, 0.14049573242664337, 0.9605900049209595, -0.23984943330287933, -0.03458331897854805, 0.24686600267887115, 0.9684324264526367),
            ["LeftUpperArm"] = CFrame.new(5.960464477539063e-08, -3.5762786865234375e-07, 2.123415470123291e-07, 0.23383460938930511, 0.8998368382453918, 0.3682597875595093, -0.6724610328674316, 0.4232369661331177, -0.6071791648864746, -0.7022233009338379, -0.10566112399101257, 0.7040725350379944),
            ["RightLowerArm"] = CFrame.new(5.960464477539063e-08, 0, -1.4901161193847656e-08, 1, 5.122274604474342e-09, 3.72529100900465e-08, 5.774199962615967e-08, 0.9759396314620972, -0.21804115176200867, -3.725290298461914e-09, 0.21804115176200867, 0.9759396314620972),
            ["LeftHand"] = CFrame.new(-3.762543201446533e-07, -5.960464477539063e-08, 1.4901161193847656e-08, 0.9427201747894287, -0.1685543805360794, -0.2878686785697937, 0.12719808518886566, 0.9793884754180908, -0.15690329670906067, 0.3083817660808563, 0.11129966378211975, 0.9447290301322937),
            ["RightUpperLeg"] = CFrame.new(5.960464477539063e-08, -2.1979212760925293e-07, -2.419765223748982e-07, 0.9946929812431335, -0.06820651888847351, -0.07703102380037308, -0.05233793333172798, 0.3091531991958618, -0.9495710730552673, 0.08858128637075424, 0.948563277721405, 0.30394256114959717),
            ["LeftUpperLeg"] = CFrame.new(5.960464477539063e-08, -3.0174851417541504e-07, -5.587935447692871e-08, 0.9968314170837402, 0.013773676939308643, 0.07834236323833466, 0.04300006851553917, 0.7352733612060547, -0.6764054894447327, -0.06691966950893402, 0.6776308417320251, 0.7323510646820068),
            ["RightLowerLeg"] = CFrame.new(-5.587935447692871e-09, -0.00006026029586791992, -0.00007194483623607084, 1, -1.415610029198433e-07, -1.3131652565334662e-07, 1.4528632164001465e-07, 0.33193308115005493, 0.9433027505874634, -1.0617077350616455e-07, -0.9433029890060425, 0.3319338262081146),
            ["RightFoot"] = CFrame.new(1.4901161193847656e-08, 3.5762786865234375e-07, 4.639878170564771e-08, 0.9981107115745544, -0.01958542875945568, -0.05823568254709244, 0.021894609555602074, 0.9989883899688721, 0.03928086906671524, 0.05740750953555107, -0.04048112779855728, 0.9975298643112183),
            ["LeftLowerLeg"] = CFrame.new(-1.862645149230957e-09, 0.00006020069122314453, 0.00007225852459669113, 1, 5.0757090974684616e-08, 7.916242772409987e-09, -3.2945532524308874e-08, 0.8786178231239319, 0.4775257408618927, -1.0826624041726518e-08, -0.4775257110595703, 0.8786177635192871)
        }},
        [8] = {Time = 0.233, Data = {
            ["LeftFoot"] = CFrame.new(-6.426125764846802e-08, 0, 4.377216100692749e-08, 0.9977436065673828, 0.0046514831483364105, 0.06697866320610046, -0.007973853498697281, 0.9987461566925049, 0.04942367970943451, -0.06666478514671326, -0.04984631389379501, 0.9965295791625977),
            ["LeftLowerArm"] = CFrame.new(-6.556510925292969e-07, -1.1920928955078125e-07, 5.960464477539063e-08, 1, -1.5133991837501526e-08, 1.0710206943542744e-08, 4.190951585769653e-09, 0.9841614961624146, -0.1772741675376892, 5.587935447692871e-09, 0.17727410793304443, 0.9841614961624146),
            ["LowerTorso"] = CFrame.new(-0.2229493111371994, -0.006304264068603516, 0.5818377733230591, 0.995073139667511, 0.06766197085380554, -0.07246674597263336, -0.026681819930672646, 0.8867154717445374, 0.46154510974884033, 0.09548649191856384, -0.4573375880718231, 0.8841519355773926),
            ["Head"] = CFrame.new(2.9802322387695312e-08, 2.384185791015625e-07, 2.337619662284851e-07, 0.9917904734611511, 0.057626161724328995, -0.11415351927280426, -0.11580948531627655, 0.7833066582679749, -0.6107529401779175, 0.054221656173467636, 0.6189588904380798, 0.7835495471954346),
            ["RightUpperArm"] = CFrame.new(1.1920928955078125e-07, 3.5762786865234375e-07, 2.2351741790771484e-07, 0.47114935517311096, -0.8742061853408813, -0.11739569157361984, 0.5992841124534607, 0.41491761803627014, -0.6846182942390442, 0.6472070217132568, 0.25220394134521484, 0.7193859815597534),
            ["UpperTorso"] = CFrame.new(1.1175870895385742e-08, 2.9802322387695312e-08, 1.4621764421463013e-07, 0.9865313172340393, 0.1631200611591339, -0.012157753109931946, -0.14916478097438812, 0.9276499152183533, 0.342367559671402, 0.06712516397237778, -0.335942804813385, 0.9394874572753906),
            ["HumanoidRootPart"] = CFrame.new(0, 0, 0, 1, 0, 0, 0, 1, 0, 0, 0, 1),
            ["RightHand"] = CFrame.new(-1.6530975699424744e-07, 3.5762786865234375e-07, 1.862645149230957e-08, 0.985634982585907, -0.14473971724510193, 0.08702971041202545, 0.16210949420928955, 0.9553288221359253, -0.24711817502975464, -0.047373950481414795, 0.25767675042152405, 0.9650691747665405),
            ["LeftUpperArm"] = CFrame.new(0, 2.384185791015625e-07, 3.129243850708008e-07, 0.24627064168453217, 0.9050862193107605, 0.3466552495956421, -0.6612477898597717, 0.41840219497680664, -0.6226484179496765, -0.7085916996002197, -0.07588520646095276, 0.7015263438224792),
            ["RightLowerArm"] = CFrame.new(2.384185791015625e-07, 5.364418029785156e-07, 6.705522537231445e-08, 1, -1.741573356639492e-07, -9.313224857976365e-09, 7.823110337312755e-08, 0.9781918525695801, -0.20770348608493805, 0, 0.20770341157913208, 0.9781918525695801),
            ["LeftHand"] = CFrame.new(1.7508864402770996e-07, -5.960464477539063e-08, -5.960464477539063e-08, 0.9313958883285522, -0.12313579022884369, -0.3425489366054535, 0.08617382496595383, 0.9888848662376404, -0.12116405367851257, 0.35366061329841614, 0.0833328515291214, 0.9316542148590088),
            ["RightUpperLeg"] = CFrame.new(-2.9802322387695312e-08, 7.450580596923828e-09, 8.77116690389812e-08, 0.9933460354804993, -0.09184354543685913, -0.06948745250701904, -0.027675339952111244, 0.3953157663345337, -0.918128252029419, 0.1117936298251152, 0.9139421582221985, 0.39014342427253723),
            ["LeftUpperLeg"] = CFrame.new(1.1920928955078125e-07, 2.9802322387695312e-08, 8.940696716308594e-08, 0.9969006776809692, 0.005435105413198471, 0.07848319411277771, 0.051206737756729126, 0.7125246524810791, -0.6997761130332947, -0.0597245916724205, 0.7016260623931885, 0.710037887096405),
            ["RightLowerLeg"] = CFrame.new(1.6472768038511276e-08, -0.00006014108657836914, -0.00007195973739726469, 1, -1.3422685185560113e-07, -9.95642537304775e-08, 1.0928491178674449e-07, 0.4454960823059082, 0.8952836394309998, -1.281150900922512e-07, -0.8952839374542236, 0.44549673795700073),
            ["RightFoot"] = CFrame.new(-5.4802512750029564e-08, 2.384185791015625e-07, -7.281050784513354e-08, 0.9967915415763855, 0.020848654210567474, -0.07727926969528198, -0.01881241425871849, 0.999458909034729, 0.026982858777046204, 0.07780013978481293, -0.025442108511924744, 0.9966443181037903),
            ["LeftLowerLeg"] = CFrame.new(-1.0943040251731873e-07, 0.00006073713302612305, 0.00007212627679109573, 1, 3.4924592995366766e-08, 1.0128133887121749e-08, -5.308540451665067e-08, 0.8673899173736572, 0.49762922525405884, 2.258458131620955e-08, -0.4976291060447693, 0.8673899173736572)
        }},
        [9] = {Time = 0.267, Data = {
            ["LeftFoot"] = CFrame.new(4.0978193283081055e-08, 1.7881393432617188e-07, 3.166496753692627e-08, 0.9967465400695801, 0.022700713947415352, 0.07733725756406784, -0.030541028827428818, 0.9943404793739319, 0.10175623744726181, -0.0745895728468895, -0.10378682613372803, 0.9917987585067749),
            ["LeftLowerArm"] = CFrame.new(-1.4901161193847656e-07, 0, 4.470348358154297e-08, 1, -2.3093893020131873e-08, 1.862645371275562e-09, 2.347224281606941e-08, 0.9835769534111023, -0.18048973381519318, 2.561137302237171e-09, 0.18048961460590363, 0.9835768938064575),
            ["LowerTorso"] = CFrame.new(-0.20726938545703888, -0.0009276866912841797, 0.5724676847457886, 0.9949148297309875, 0.07922030240297318, -0.06219751387834549, -0.04054686799645424, 0.8803131580352783, 0.472657173871994, 0.09219739586114883, -0.4677318036556244, 0.8790487051010132),
            ["Head"] = CFrame.new(-2.9802322387695312e-08, 2.384185791015625e-07, -1.0896474123001099e-07, 0.9919285774230957, 0.055113598704338074, -0.11419330537319183, -0.11485619843006134, 0.7720902562141418, -0.6250478029251099, 0.053718775510787964, 0.6331186294555664, 0.7721884846687317),
            ["RightUpperArm"] = CFrame.new(0, 1.1920928955078125e-07, -1.341104507446289e-07, 0.44290587306022644, -0.8797873854637146, -0.17265215516090393, 0.6013867259025574, 0.43434882164001465, -0.6705783605575562, 0.6649574637413025, 0.19317224621772766, 0.7214679718017578),
            ["UpperTorso"] = CFrame.new(3.725290298461914e-09, 8.940696716308594e-08, -1.0523945093154907e-07, 0.9874346852302551, 0.15324512124061584, -0.03858642280101776, -0.13246272504329681, 0.9357913732528687, 0.3267233967781067, 0.08617759495973587, -0.3175066113471985, 0.9443320631980896),
            ["HumanoidRootPart"] = CFrame.new(0, 0, 0, 1, 0, 0, 0, 1, 0, 0, 0, 1),
            ["RightHand"] = CFrame.new(-1.6391277313232422e-07, 1.1920928955078125e-07, 9.96515154838562e-08, 0.9823440909385681, -0.1534818708896637, 0.10697509348392487, 0.17713628709316254, 0.9470242261886597, -0.2678947448730469, -0.060190919786691666, 0.2821141183376312, 0.9574909210205078),
            ["LeftUpperArm"] = CFrame.new(-1.1920928955078125e-07, 1.1920928955078125e-07, -5.21540641784668e-08, 0.23737744987010956, 0.9201018214225769, 0.3115522265434265, -0.632826030254364, 0.3897976279258728, -0.6690210103988647, -0.737009584903717, -0.03834814205765724, 0.6747934222221375),
            ["RightLowerArm"] = CFrame.new(-1.1920928955078125e-07, 5.960464477539063e-08, -1.4435499906539917e-08, 1, -9.313224857976365e-09, -5.7742006731587026e-08, 1.2665985593685036e-07, 0.9835352897644043, -0.18071608245372772, 2.2351738238057806e-08, 0.18071609735488892, 0.9835353493690491),
            ["LeftHand"] = CFrame.new(7.799826562404633e-08, -1.1920928955078125e-07, 2.60770320892334e-08, 0.9161880016326904, -0.0586438812315464, -0.3964349627494812, 0.031206905841827393, 0.9966714978218079, -0.07531334459781647, 0.3995317816734314, 0.05662975087761879, 0.9149684309959412),
            ["RightUpperLeg"] = CFrame.new(0, -1.6577541828155518e-07, -2.032174961641431e-08, 0.9913412928581238, -0.11208496242761612, -0.06840686500072479, -0.007554445415735245, 0.47140854597091675, -0.8818826675415039, 0.1310933232307434, 0.8747633695602417, 0.46647992730140686),
            ["LeftUpperLeg"] = CFrame.new(0, -4.0978193283081055e-08, -1.043081283569336e-07, 0.9968296885490417, 0.0053414227440953255, 0.07938632369041443, 0.060424819588661194, 0.5982987284660339, -0.7989916205406189, -0.05176447704434395, 0.801255464553833, 0.5960791110992432),
