return {
    ["The Fire"] = {
        {Time = 0.000, Data = {
            ["LeftFoot"] = CFrame.new(1.9674189388751984e-08, 6.705522537231445e-08, -3.026798367500305e-09, 0.9959993958473206, 0.014706889167428017, -0.08814136683940887, -0.01561618223786354, 0.9998317360877991, -0.009635674767196178, 0.08798486739397049, 0.01097345445305109, 0.9960614442825317),
            ["LeftLowerArm"] = CFrame.new(1.855660229921341e-07, 5.960464477539063e-08, -2.2351741790771484e-08, 1, 1.862645149230957e-09, 5.3551048040390015e-08, 1.816079020500183e-08, 0.9926514029502869, -0.12100943177938461, -4.377216100692749e-08, 0.12100941687822342, 0.9926514029502869),
            ["RightUpperArm"] = CFrame.new(2.9802322387695312e-08, -1.7881393432617188e-07, -2.9802322387695312e-08, 0.9979730844497681, 0.06358271837234497, 0.0026508939918130636, -0.06356008350849152, 0.9938272833824158, 0.09092627465724945, 0.0031468081288039684, -0.09091049432754517, 0.9958541393280029),
            ["Head"] = CFrame.new(-1.5850575962872426e-08, -5.364418029785156e-07, 7.450580596923828e-08, 1, 1.206353772431612e-08, 1.9926662275793205e-07, 2.1042069420218468e-08, 0.9878659248352051, -0.15530967712402344, -1.9778963178396225e-07, 0.15530957281589508, 0.9878658652305603),
            ["LowerTorso"] = CFrame.new(-0.0016237962990999222, -0.05721627175807953, -0.0026628379710018635, 0.9996176958084106, 0.027623914182186127, -0.0012526651844382286, -0.027652304619550705, 0.998591423034668, -0.045283254235982895, 8.284404412473023e-11, 0.04530057683587074, 0.9989734292030334),
            ["UpperTorso"] = CFrame.new(-1.862645149230957e-09, -2.9802322387695312e-08, 7.450580596923828e-09, 0.9985530972480774, -0.05348794162273407, -0.00555611914023757, 0.05377574637532234, 0.9932090044021606, 0.10317067056894302, 2.3283067140944524e-10, -0.1033201813697815, 0.9946482181549072),
            ["HumanoidRootPart"] = CFrame.new(0, 0, 0, 1, 0, 0, 0, 1, 0, 0, 0, 1),
            ["LeftUpperLeg"] = CFrame.new(0.000025552231818437576, 0.00012576580047607422, 0.004997506737709045, 0.9942604899406433, -0.01031579915434122, 0.10648853331804276, 0.03932201489806175, 0.9609097242355347, -0.2740554213523865, -0.09949878603219986, 0.27666985988616943, 0.9558001756668091),
            ["LeftUpperArm"] = CFrame.new(-5.960464477539063e-08, -2.086162567138672e-07, -1.6763806343078613e-08, 0.9887225031852722, 0.10609155893325806, -0.10570002347230911, -0.10549043118953705, 0.9943564534187317, 0.011277509853243828, 0.10629995167255402, 4.685717147623336e-09, 0.9943341612815857),
            ["RightLowerArm"] = CFrame.new(-8.725749012228334e-10, 8.940696716308594e-08, -7.450580596923828e-09, 1, -1.100124791264534e-08, 1.1641531072470457e-09, 9.313225746154785e-09, 0.9969948530197144, -0.07746804505586624, 0, 0.07746805995702744, 0.9969947934150696),
            ["LeftHand"] = CFrame.new(1.862645149230957e-07, 1.4901161193847656e-07, 5.7209561532545194e-09, 0.902212381362915, -0.43129199743270874, -6.519258910486769e-09, 0.43129202723503113, 0.902212381362915, -9.313226634333205e-09, 7.450580596923828e-09, 2.7939677238464355e-08, 1),
            ["RightFoot"] = CFrame.new(3.1592207960784435e-08, -3.0547380447387695e-07, 2.421438694000244e-08, 0.9946309924125671, -0.0027037723921239376, 0.10345064848661423, 0.028718462213873863, 0.9676061272621155, -0.2508259415626526, -0.09942127019166946, 0.252450168132782, 0.9624886512756348),
            ["RightHand"] = CFrame.new(-2.9802322387695312e-08, 2.5331974029541016e-07, 1.2388770898041912e-08, 0.9065542817115784, 0.4220893681049347, -6.752089554140639e-09, -0.42208948731422424, 0.9065542817115784, -3.224704769877462e-08, -8.381904059717726e-09, 4.98257577419281e-08, 1),
            ["RightLowerLeg"] = CFrame.new(7.753260433673859e-08, 3.725290298461914e-07, -2.9802322387695312e-08, 0.999884843826294, 0.013844475150108337, -0.006224198266863823, -0.008744586259126663, 0.8605350255966187, 0.509316086769104, 0.012407343834638596, -0.5092031359672546, 0.8605571389198303),
            ["RightUpperLeg"] = CFrame.new(-0.00002551265060901642, -0.00012573599815368652, -0.004997529089450836, 0.9948998093605042, -0.06118902936577797, -0.08018886297941208, 0.04086606204509735, 0.9713371396064758, -0.23416680097579956, 0.09221885353326797, 0.22969545423984528, 0.9688836932182312),
            ["LeftLowerLeg"] = CFrame.new(6.033224053680897e-08, 8.940696716308594e-08, 1.1920928955078125e-07, 0.9999535083770752, 0.0016769710928201675, -0.009499293752014637, 0.0015563128981739283, 0.9438228011131287, 0.3304486572742462, 0.009519794024527073, -0.3304479122161865, 0.9437762498855591),
        }},
        {Time = 0.050, Data = {
            ["LeftFoot"] = CFrame.new(-4.7730281949043274e-08, 1.4901161193847656e-08, -3.632158041000366e-08, 0.9963981509208679, 0.038689956068992615, -0.07545726746320724, -0.03729025274515152, 0.9991069436073303, 0.01987249217927456, 0.07615877687931061, -0.016987306997179985, 0.9969510436058044),
            ["LeftLowerArm"] = CFrame.new(6.740447133779526e-08, -2.384185791015625e-07, 3.725290298461914e-08, 1, -3.4458935260772705e-08, 4.190951585769653e-08, 5.51808625459671e-08, 0.9917541146278381, -0.12815579771995544, -3.725290298461914e-08, 0.12815581262111664, 0.9917541146278381),
            ["RightUpperArm"] = CFrame.new(-1.1920928955078125e-07, 1.7881393432617188e-07, 3.725290298461914e-08, 0.9781358242034912, -0.14315587282180786, -0.15085378289222717, 0.15390007197856903, 0.9861346483230591, 0.06207486242055893, 0.13987576961517334, -0.08393404632806778, 0.9866052865982056),
            ["Head"] = CFrame.new(-3.6660017244116716e-09, -3.2782554626464844e-07, 1.6391277313232422e-07, 1, 2.7328496798872948e-08, 1.9453000277280807e-07, 3.620516508817673e-08, 0.946166455745697, -0.3236805498600006, -1.932494342327118e-07, 0.32368046045303345, 0.946166455745697),
            ["LowerTorso"] = CFrame.new(-0.0027611725963652134, -0.08386099338531494, 0.05364192649722099, 0.9996150135993958, 0.02773548848927021, 0.0007534347823821008, -0.027745718136429787, 0.9992396831512451, 0.027390392497181892, 0.000006824065167165827, -0.027400752529501915, 0.9996245503425598),
            ["UpperTorso"] = CFrame.new(-7.450580596923828e-09, 2.086162567138672e-07, -8.940696716308594e-08, 0.9985538721084595, -0.05242704972624779, -0.011905878782272339, 0.05376105383038521, 0.9750178456306458, 0.21552236378192902, 0.0003092401020694524, -0.21585066616535187, 0.9764264225959778),
            ["HumanoidRootPart"] = CFrame.new(0, 0, 0, 1, 0, 0, 0, 1, 0, 0, 0, 1),
            ["LeftUpperLeg"] = CFrame.new(0.000025350600481033325, 0.00012573599815368652, 0.004997611045837402, 0.9946407079696655, 0.016931872814893723, 0.10199595987796783, 0.05116795375943184, 0.7766105532646179, -0.6278995275497437, -0.08984266221523285, 0.6297534704208374, 0.7715821266174316),
            ["LeftUpperArm"] = CFrame.new(-1.7881393432617188e-07, -1.1920928955078125e-07, 4.842877388000488e-08, 0.9536480903625488, 0.2956155836582184, 0.05627451464533806, -0.2948637306690216, 0.9552993774414062, -0.021416161209344864, -0.060089968144893646, 0.003830169327557087, 0.9981856346130371),
            ["RightLowerArm"] = CFrame.new(1.3028873979692435e-08, -2.980232238769531e-07, 2.0489096641540527e-08, 1, 5.587935447692871e-09, 0, 2.0489096641540527e-08, 0.9965542554855347, -0.08294429630041122, 1.4901161193847656e-08, 0.08294428884983063, 0.9965542554855347),
            ["LeftHand"] = CFrame.new(-1.0058283805847168e-07, -1.4901161193847656e-07, 9.313225746154785e-10, 0.9326715469360352, -0.3604181110858917, 0.014918159693479538, 0.36046770215034485, 0.9296377897262573, -0.07639794796705246, 0.013666721060872078, 0.07663173228502274, 0.9969658255577087),
            ["RightFoot"] = CFrame.new(-1.658918336033821e-08, -5.289912223815918e-07, -4.6566128730773926e-09, 0.9968214631080627, -0.00499633839353919, 0.07951117306947708, 0.026035591959953308, 0.96366286277771, -0.2658497393131256, -0.07529368251562119, 0.26707491278648376, 0.9607298970222473),
            ["RightHand"] = CFrame.new(4.0978193283081055e-08, -2.086162567138672e-07, 1.862645149230957e-08, 0.9304433465003967, 0.36622920632362366, -0.012308066710829735, -0.36625057458877563, 0.9283794164657593, -0.06302555650472641, -0.01165524497628212, 0.06314954906702042, 0.9979360699653625),
            ["RightLowerLeg"] = CFrame.new(3.026798367500305e-08, -2.5331974029541016e-07, 8.940696716308594e-08, 0.9998577833175659, 0.01621326431632042, -0.004649688955396414, -0.010240928269922733, 0.8025957345962524, 0.5964352488517761, 0.013401987962424755, -0.5963030457496643, 0.8026477694511414),
            ["RightUpperLeg"] = CFrame.new(-0.00002549774944782257, -0.00012564659118652344, -0.004997417330741882, 0.998097836971283, -0.05237472802400589, -0.0325203463435173, 0.03575222194194794, 0.9214807152748108, -0.38677534461021423, 0.05022411048412323, 0.3848770260810852, 0.9216004610061646),
            ["LeftLowerLeg"] = CFrame.new(-3.876630216836929e-08, 2.2351741790771484e-07, 1.043081283569336e-07, 0.9999609589576721, 0.00392685504630208, -0.00792416837066412, 0.003644254058599472, 0.6334488987922668, 0.7737761735916138, 0.008058040402829647, -0.7737746238708496, 0.6334096193313599),
        }},
        {Time = 0.100, Data = {
            ["LeftFoot"] = CFrame.new(-3.4691765904426575e-08, -2.9802322387695312e-08, 1.30385160446167e-08, 0.9971761107444763, 0.07059983164072037, -0.025602173060178757, -0.055172380059957504, 0.9199904203414917, 0.38803863525390625, 0.05094924196600914, -0.38553011417388916, 0.921287477016449),
            ["LeftLowerArm"] = CFrame.new(-5.337642505764961e-08, -7.450580596923828e-08, 2.60770320892334e-08, 1, -1.5366820704798556e-08, 5.5879347371501353e-08, 3.818422555923462e-08, 0.9816305041313171, -0.1907917708158493, -5.774199962615967e-08, 0.19079181551933289, 0.9816305041313171),
            ["RightUpperArm"] = CFrame.new(-1.7881393432617188e-07, 3.2782554626464844e-07, 3.725290298461914e-08, 0.8301910758018494, -0.4884483218193054, -0.2687026858329773, 0.4699825942516327, 0.87246173620224, -0.13389183580875397, 0.29983195662498474, -0.015129730105400085, 0.95387202501297),
            ["Head"] = CFrame.new(6.200350455287662e-09, -3.2782554626464844e-07, 7.450580596923828e-08, 1, 4.3655745685100555e-08, 1.8661378931028594e-07, 5.2619725465774536e-08, 0.8758138418197632, -0.4826492965221405, -1.8533319234848022e-07, 0.4826490879058838, 0.8758137822151184),
            ["LowerTorso"] = CFrame.new(-0.004731853026896715, -0.1419757455587387, 0.17954882979393005, 0.9996095895767212, 0.027466587722301483, 0.005126489792019129, -0.027940882369875908, 0.9823928475379944, 0.1847257763147354, 0.00003755981379072182, -0.18479689955711365, 0.9827767610549927),
            ["UpperTorso"] = CFrame.new(-7.450580596923828e-09, 2.9802322387695312e-08, 1.4901161193847656e-08, 0.9985526204109192, -0.050649244338274, -0.01809702254831791, 0.053781650960445404, 0.9441376328468323, 0.3251335322856903, 0.0006183112855069339, -0.3256361782550812, 0.9454950094223022),
            ["HumanoidRootPart"] = CFrame.new(0, 0, 0, 1, 0, 0, 0, 1, 0, 0, 0, 1),
            ["LeftUpperLeg"] = CFrame.new(0.00002557225525379181, 0.00012581050395965576, 0.004997462034225464, 0.9955105781555176, 0.04382570832967758, 0.08389337360858917, 0.06756649166345596, 0.2916608154773712, -0.9541324973106384, -0.06628395617008209, 0.9555173516273499, 0.28739023208618164),
            ["LeftUpperArm"] = CFrame.new(2.384185791015625e-07, 2.682209014892578e-07, -1.862645149230957e-08, 0.778520941734314, 0.5952227115631104, 0.1990358680486679, -0.5583030581474304, 0.8016637563705444, -0.21361902356147766, -0.2867107093334198, 0.055184535682201385, 0.9564265608787537),
            ["RightLowerArm"] = CFrame.new(6.657877804627788e-08, 1.1920928955078125e-07, -8.940696716308594e-08, 1, -2.8405338525772095e-08, 5.587935447692871e-09, 4.284083843231201e-08, 0.9913809299468994, -0.1310110092163086, 3.5390257835388184e-08, 0.1310110092163086, 0.9913809895515442),
            ["LeftHand"] = CFrame.new(1.695007085800171e-07, -1.1920928955078125e-07, -1.1175870895385742e-08, 0.9843336343765259, -0.174398735165596, 0.02592908777296543, 0.17498838901519775, 0.9482896327972412, -0.26481303572654724, 0.021594781428575516, 0.26520177721977234, 0.9639511704444885),
            ["RightFoot"] = CFrame.new(-1.17652234621346e-08, -2.5704503059387207e-07, 1.7695128917694092e-08, 0.9993786811828613, 0.0009449241333641112, 0.03523429483175278, 0.008399074897170067, 0.964460015296936, -0.26409512758255005, -0.03423159942030907, 0.264227032661438, 0.9638529419898987),
            ["RightHand"] = CFrame.new(-2.60770320892334e-07, -1.1920928955078125e-07, 2.2351741790771484e-08, 0.9747551679611206, 0.2215079367160797, -0.028047898784279823, -0.22222886979579926, 0.9503402709960938, -0.2178707718849182, -0.021605052053928375, 0.21860374510288239, 0.9755746126174927),
            ["RightLowerLeg"] = CFrame.new(4.330649971961975e-08, 0, 1.4901161193847656e-08, 0.9998074173927307, 0.019550494849681854, -0.0017182053998112679, -0.01234894897788763, 0.6947271227836609, 0.7191672921180725, 0.015253748744726181, -0.7190077304840088, 0.6948349475860596),
            ["RightUpperLeg"] = CFrame.new(-0.000025577843189239502, -0.00012576580047607422, -0.004997521638870239, 0.9978289008140564, -0.017355283722281456, 0.0635322630405426, 0.05496853590011597, 0.7508094906806946, -0.6582276225090027, -0.03627689182758331, 0.6602908372879028, 0.7501333355903625),
            ["LeftLowerLeg"] = CFrame.new(3.795139491558075e-08, 4.6100467443466187e-08, -5.960464477539063e-08, 0.9999765753746033, 0.005073847249150276, -0.0046099028550088406, 0.004708750173449516, -0.019642077386379242, 0.9997960329055786, 0.004982249345630407, -0.9997941851615906, -0.019665604457259178),
        }},
        {Time = 0.150, Data = {
            ["LeftFoot"] = CFrame.new(-2.584420144557953e-08, -6.705522537231445e-08, 1.4901161193847656e-08, 0.9981939792633057, 0.05972542241215706, 0.006466461345553398, -0.053854454308748245, 0.8419447541236877, 0.5368694067001343, 0.02662033401429653, -0.5362480878829956, 0.8436405658721924),
            ["LeftLowerArm"] = CFrame.new(-9.994255378842354e-08, 1.4901161193847656e-08, 1.4156103134155273e-07, 1, 5.960465188081798e-08, 2.9802322387695312e-08, 5.3085386753082275e-08, 0.9343593120574951, -0.3563324213027954, -3.3527612686157227e-08, 0.3563324213027954, 0.9343592524528503),
            ["RightUpperArm"] = CFrame.new(-5.960464477539063e-08, -1.1920928955078125e-07, 0, 0.7210675477981567, -0.6927791833877563, 0.010894326493144035, 0.5063818097114563, 0.5161967873573303, -0.6907375454902649, 0.4729049503803253, 0.5035851001739502, 0.723023533821106),
            ["Head"] = CFrame.new(6.498378724018039e-09, 8.940696716308594e-08, 2.8312206268310547e-07, 1, 4.2018651669195606e-08, 1.9108847482129931e-07, 4.563480615615845e-08, 0.8953603506088257, -0.4453425109386444, -1.8719583749771118e-07, 0.4453423023223877, 0.8953603506088257),
            ["LowerTorso"] = CFrame.new(-0.006375576835125685, -0.2085055261850357, 0.32729098200798035, 0.9996070861816406, 0.025819014757871628, 0.010911643505096436, -0.028029967099428177, 0.9196468591690063, 0.3917448818683624, 0.00007960681978147477, -0.3918968141078949, 0.920009195804596),
            ["UpperTorso"] = CFrame.new(0, -8.940696716308594e-08, -1.0803341865539551e-07, 0.998552680015564, -0.05364867299795151, -0.00380405830219388, 0.05377625674009323, 0.9970701336860657, 0.054399993270635605, 0.0008744263323023915, -0.05452583730220795, 0.9985120296478271),
            ["HumanoidRootPart"] = CFrame.new(0, 0, 0, 1, 0, 0, 0, 1, 0, 0, 0, 1),
            ["LeftUpperLeg"] = CFrame.new(0.00002557598054409027, 0.00012581795454025269, 0.004997283220291138, 0.9969545006752014, 0.04456713795661926, 0.06399569660425186, 0.0675286129117012, -0.08288799971342087, -0.9942683577537537, -0.039007220417261124, 0.9955618977546692, -0.08564497530460358),
            ["LeftUpperArm"] = CFrame.new(0, -6.705522537231445e-08, -7.078051567077637e-08, 0.6342613101005554, 0.7729207277297974, 0.01750073954463005, -0.6141737699508667, 0.5174837708473206, -0.5958198308944702, -0.469577819108963, 0.3671569526195526, 0.8029274940490723),
            ["RightLowerArm"] = CFrame.new(-1.1568209856704925e-07, 5.960464477539063e-08, 6.705522537231445e-08, 1, 7.450580596923828e-09, 1.4901161193847656e-08, 6.332993507385254e-08, 0.9657530784606934, -0.2594631612300873, 3.725290298461914e-09, 0.2594631612300873, 0.9657530188560486),
            ["LeftHand"] = CFrame.new(2.277083694934845e-07, 1.4901161193847656e-08, 2.7939677238464355e-07, 0.999604344367981, -0.026632484048604965, 0.00905492901802063, 0.028022058308124542, 0.9146469235420227, -0.4032812714576721, 0.0024582594633102417, 0.4033753573894501, 0.9150313138961792),
            ["RightFoot"] = CFrame.new(-6.175832822918892e-08, -2.644956111907959e-07, 8.381903171539307e-09, 0.9996819496154785, 0.017406964674592018, 0.01824902556836605, -0.012888355180621147, 0.9745951890945435, -0.22360213100910187, -0.021677639335393906, 0.22329603135585785, 0.9745096564292908),
            ["RightHand"] = CFrame.new(1.1734664440155029e-07, -1.4901161193847656e-07, -2.3469328880310059e-07, 0.9940907955169678, 0.10451000928878784, -0.029347848147153854, -0.10829485207796097, 0.9361850023269653, -0.3344096541404724, -0.007474146783351898, 0.3356117904186249, 0.9419707655906677),
            ["RightLowerLeg"] = CFrame.new(-8.475035429000854e-08, -1.4901161193847656e-07, 1.043081283569336e-07, 0.9997650384902954, 0.021664198487997055, 0.0007486811955459416, -0.013684050180017948, 0.6039563417434692, 0.7968997359275818, 0.016812017187476158, -0.7967230081558228, 0.6041112542152405),
            ["RightUpperLeg"] = CFrame.new(-0.000025543849915266037, -0.00012592971324920654, -0.004997670650482178, 0.9925839900970459, 0.014200571924448013, 0.12072877585887909, 0.10115636140108109, 0.45427295565605164, -0.8851006627082825, -0.06741277128458023, 0.890749454498291, 0.44946783781051636),
            ["LeftLowerLeg"] = CFrame.new(9.115319699048996e-08, 7.450580596923828e-09, -4.470348358154297e-08, 0.9999875426292419, 0.004456090275198221, -0.0022812075912952423, 0.00413543451577425, -0.47851935029029846, 0.8780673146247864, 0.0028211178723722696, -0.8780657052993774, -0.47853168845176697),
        }},
        {Time = 0.200, Data = {
            ["LeftFoot"] = CFrame.new(3.4924596548080444e-09, -8.940696716308594e-08, -1.4901161193847656e-08, 0.9986379742622375, 0.05214473232626915, 0.0017711302498355508, -0.04848005622625351, 0.9148378968238831, 0.4009009599685669, 0.01928454078733921, -0.400440514087677, 0.9161197543144226),
            ["LeftLowerArm"] = CFrame.new(-2.2415770217776299e-07, 1.1920928955078125e-07, -7.450580596923828e-09, 1, -4.4703490686970326e-08, 2.980232594040899e-08, 8.195638656616211e-08, 0.8830950856208801, -0.4691941738128662, -2.3283064365386963e-08, 0.4691942036151886, 0.8830951452255249),
            ["RightUpperArm"] = CFrame.new(-1.7881393432617188e-07, 2.4959444999694824e-07, -2.9802322387695312e-08, 0.7143407464027405, -0.6879051327705383, 0.12846770882606506, 0.49809134006500244, 0.37085261940956116, -0.7838197946548462, 0.491551011800766, 0.6239029765129089, 0.6075547933578491),
            ["Head"] = CFrame.new(-4.730827285470696e-09, -2.682209014892578e-07, 1.4901161193847656e-07, 1, 3.856257180245848e-08, 1.9388971850275993e-07, 4.563480615615845e-08, 0.9094269275665283, -0.41586387157440186, -1.8998980522155762e-07, 0.41586366295814514, 0.9094269275665283),
            ["LowerTorso"] = CFrame.new(-0.006669658236205578, -0.23962067067623138, 0.39944779872894287, 0.9996176958084106, 0.024924639612436295, 0.011975482106208801, -0.027652306482195854, 0.9010139107704163, 0.43290796875953674, -2.8077544733662307e-09, -0.43307358026504517, 0.9013586044311523),
            ["UpperTorso"] = CFrame.new(1.862645149230957e-09, 0, 1.2665987014770508e-07, 0.9985530376434326, -0.05374569818377495, 0.0017975048394873738, 0.05377574637532234, 0.9979950785636902, -0.03337765112519264, 9.313225746154785e-10, 0.033426012843847275, 0.9994412064552307),
            ["HumanoidRootPart"] = CFrame.new(0, 0, 0, 1, 0, 0, 0, 1, 0, 0, 0, 1),
            ["LeftUpperLeg"] = CFrame.new(0.000025408342480659485, 0.00012577709276229143, 0.00499764084815979, 0.9977582693099976, 0.03497965261340141, 0.05705323442816734, 0.057195525616407394, -0.0030796066857874393, -0.9983582496643066, -0.03474650904536247, 0.999383270740509, -0.005073411390185356),
            ["LeftUpperArm"] = CFrame.new(0, 1.7881393432617188e-07, 7.450580596923828e-09, 0.6059634685516357, 0.7943552136421204, -0.04252231493592262, -0.6050284504890442, 0.4255138635635376, -0.6729626059532166, -0.5164774060249329, 0.4335179030895233, 0.7384533286094666),
            ["RightLowerArm"] = CFrame.new(6.704795652012763e-08, -1.341104507446289e-07, 1.043081283569336e-07, 1, -5.960464477539063e-08, -7.450580596923828e-08, 4.470348358154297e-08, 0.9369781613349915, -0.3493879437446594, 2.9802322387695312e-08, 0.3493880033493042, 0.9369782209396362),
            ["LeftHand"] = CFrame.new(2.648448571562767e-08, -8.940696716308594e-08, -5.21540641784668e-08, 0.9999606013298035, -0.007210099138319492, 0.005196318030357361, 0.008726836182177067, 0.9072294235229492, -0.4205458164215088, -0.001682058209553361, 0.4205745756626129, 0.9072564244270325),
            ["RightFoot"] = CFrame.new(-2.7241185307502747e-08, -3.0174851417541504e-07, 1.3969838619232178e-08, 0.9994914531707764, 0.023141738027334213, 0.02193807065486908, -0.018524954095482826, 0.9813712239265442, -0.1912260502576828, -0.025954680517315865, 0.19072258472442627, 0.9813008904457092),
            ["RightHand"] = CFrame.new(7.450580596923828e-09, -2.9802322387695312e-08, -1.5273690223693848e-07, 0.9955729246139526, 0.08801638334989548, -0.03297994285821915, -0.09399230033159256, 0.9322755336761475, -0.34932467341423035, 4.470348358154297e-08, 0.35087817907333374, 0.9364212155342102),
            ["RightLowerLeg"] = CFrame.new(6.938353180885315e-08, 0, -1.4901161193847656e-08, 0.9997520446777344, 0.02222040481865406, 0.001509478548541665, -0.014035411179065704, 0.5759629011154175, 0.817355215549469, 0.017292557284235954, -0.8171737790107727, 0.5761322379112244),
            ["RightUpperLeg"] = CFrame.new(-0.00002544652670621872, -0.0001252591609954834, -0.004997134208679199, 0.9920312166213989, 0.018772324547171593, 0.12458692491054535, 0.11015871167182922, 0.35069766640663147, -0.9299873113632202, -0.061150360852479935, 0.9363005757331848, 0.34583500027656555),
            ["LeftLowerLeg"] = CFrame.new(7.252674549818039e-08, -5.960464477539063e-08, 0, 0.9999893307685852, 0.004221787676215172, -0.0018935389816761017, 0.00391800794750452, -0.5549117922782898, 0.8319000601768494, 0.0024613558780401945, -0.8318985104560852, -0.5549222230911255),
        }},
        {Time = 0.250, Data = {
            ["LeftFoot"] = CFrame.new(4.190951585769653e-08, 1.3783574104309082e-07, 1.0989606380462646e-07, 0.9988961815834045, 0.010864928364753723, -0.04569961875677109, -0.030517736449837685, 0.8896974325180054, -0.45552968978881836, 0.03570954129099846, 0.456421434879303, 0.8890469074249268),
            ["LeftLowerArm"] = CFrame.new(-2.760789357125759e-07, -1.725275069475174e-07, 2.9802322387695312e-08, 1, -7.82310962677002e-08, 8.195638656616211e-08, 1.2665987014770508e-07, 0.010869348421692848, -0.9999409317970276, 4.470348358154297e-08, 0.9999409914016724, 0.010869352146983147),
            ["RightUpperArm"] = CFrame.new(-2.9802322387695312e-08, -2.8870999813079834e-08, -8.940696716308594e-08, 0.6591417789459229, -0.5860779285430908, 0.47121649980545044, 0.7480791211128235, 0.44694849848747253, -0.49052491784095764, 0.0768764540553093, 0.6758325695991516, 0.7330350875854492),
            ["Head"] = CFrame.new(-1.141042460517383e-08, -2.980232238769531e-07, 0, 1, 2.9554939828813076e-08, 1.9681465346366167e-07, 4.0978193283081055e-08, 0.9307301044464111, -0.36570701003074646, -1.9418075680732727e-07, 0.3657069206237793, 0.9307301044464111),
            ["LowerTorso"] = CFrame.new(-0.006617561914026737, -0.2721564769744873, 0.5206172466278076, 0.9999458193778992, 0.008946222253143787, 0.0053433761931955814, -0.010237806476652622, 0.9390208125114441, 0.3437079191207886, -0.0019426544895395637, -0.3437439501285553, 0.9390614032745361),
            ["UpperTorso"] = CFrame.new(-1.210719347000122e-08, 8.940696716308594e-08, -4.284083843231201e-08, 0.999535322189331, -0.03038043901324272, 0.0025229977909475565, 0.03028445690870285, 0.999030590057373, 0.031951192766427994, -0.003491245675832033, -0.03185998275876045, 0.9994862675666809),
            ["HumanoidRootPart"] = CFrame.new(0, 0, 0, 1, 0, 0, 0, 1, 0, 0, 0, 1),
            ["LeftUpperLeg"] = CFrame.new(0.000025494955480098724, 0.00012603402137756348, 0.004997462034225464, 0.9987927079200745, 0.016191581264138222, 0.046380665153265, 0.0009935342241078615, 0.9372717142105103, -0.34859853982925415, -0.04911567270755768, 0.3482237160205841, 0.9361239075660706),
            ["LeftUpperArm"] = CFrame.new(-1.4901161193847656e-07, 2.561137080192566e-08, -1.4901161193847656e-08, 0.5786532759666443, 0.7595235705375671, -0.2971269488334656, -0.8016966581344604, 0.4627963900566101, -0.37828826904296875, -0.14980953931808472, 0.457103431224823, 0.876706063747406),
            ["RightLowerArm"] = CFrame.new(2.4545300902900635e-07, -5.21540641784668e-08, 7.450580596923828e-08, 1, -9.313225746154785e-08, -7.450580596923828e-09, 3.725290298461914e-08, 0.32460421323776245, -0.9458500146865845, 1.043081283569336e-07, 0.9458499550819397, 0.3246041536331177),
            ["LeftHand"] = CFrame.new(1.3690441846847534e-07, -5.960464477539063e-08, 9.685754776000977e-08, 0.9963750243186951, -0.04424643889069557, -0.07265830039978027, 0.03592082858085632, 0.9930428266525269, -0.11214133352041245, 0.07711450755596161, 0.10912494361400604, 0.9910323619842529),
            ["RightFoot"] = CFrame.new(-3.050081431865692e-08, -3.650784492492676e-07, 2.2817403078079224e-08, 0.9990799427032471, 0.028763607144355774, 0.03181223198771477, -0.025456419214606285, 0.9946737289428711, -0.0998806580901146, -0.034515660256147385, 0.0989791601896286, 0.9944907426834106),
            ["RightHand"] = CFrame.new(-9.872019290924072e-08, 1.4901161193847656e-07, 1.387670636177063e-07, 0.980465292930603, 0.189960777759552, -0.051016926765441895, -0.18682727217674255, 0.980530321598053, 0.06046372652053833, 0.06150941550731659, -0.0497511550784111, 0.9968658685684204),
            ["RightLowerLeg"] = CFrame.new(-2.60770320892334e-08, -1.7881393432617188e-07, 7.450580596923828e-08, 0.9997641444206238, 0.02170632779598236, 0.0008044184069149196, -0.01371070183813572, 0.6019048094749451, 0.7984501123428345, 0.01684722676873207, -0.7982728481292725, 0.6020605564117432),
            ["RightUpperLeg"] = CFrame.new(-0.00002545863389968872, -0.00012537837028503418, -0.004997551441192627, 0.9939801692962646, 0.026024125516414642, 0.10642443597316742, 0.08837190270423889, 0.3837294578552246, -0.9192073345184326, -0.06475979089736938, 0.9230788350105286, 0.379119873046875),
            ["LeftLowerLeg"] = CFrame.new(9.359791874885559e-08, 3.2782554626464844e-07, -5.960464477539063e-08, 0.9999672770500183, 0.004722536075860262, -0.006567374803125858, 0.004382725805044174, 0.36607861518859863, 0.9305737614631653, 0.0067988429218530655, -0.930571973323822, 0.36604565382003784),
        }},
        {Time = 0.300, Data = {
            ["LeftFoot"] = CFrame.new(-4.831235855817795e-08, -3.725290298461914e-09, -2.2910535335540771e-07, 0.999036431312561, -0.022326132282614708, -0.037785980850458145, -0.00108894903678447, 0.8480717539787292, -0.5298802256584167, 0.043875474482774734, 0.5294109582901001, 0.8472303748130798),
            ["LeftLowerArm"] = CFrame.new(-1.6257399693131447e-07, 5.960464477539063e-08, -2.682209014892578e-07, 1, -4.749744419996205e-08, 1.8626448650138627e-07, 1.4901161193847656e-07, -0.6210216879844666, -0.7837934494018555, 1.9371509552001953e-07, 0.7837934494018555, -0.6210216283798218),
            ["RightUpperArm"] = CFrame.new(2.9802322387695312e-08, 5.960464477539063e-08, 0, 0.19199423491954803, -0.4985352158546448, 0.8453406691551208, 0.6582779288291931, 0.7042745351791382, 0.2658337354660034, -0.7278794646263123, 0.5054305195808411, 0.46339142322540283),
            ["Head"] = CFrame.new(3.7957006426836415e-09, 1.4901161193847656e-07, 2.8312206268310547e-07, 1, 2.7146590753091004e-08, 1.969747245311737e-07, 3.486638888716698e-08, 0.9520127773284912, -0.3060585558414459, -1.9609069568105042e-07, 0.3060583770275116, 0.9520127773284912),
            ["LowerTorso"] = CFrame.new(-0.006196127273142338, -0.30694788694381714, 0.6269671320915222, 0.9998342990875244, -0.01812364161014557, -0.0016984608955681324, 0.01818419061601162, 0.9901942014694214, 0.13850922882556915, -0.0008284853538498282, -0.13851715624332428, 0.9903597831726074),
            ["UpperTorso"] = CFrame.new(-1.3969838619232178e-09, -2.9802322387695312e-08, 2.2351741790771484e-08, 0.999948263168335, 0.009241074323654175, 0.00426954822614789, -0.009752641431987286, 0.989873468875885, 0.14161744713783264, -0.002917614998295903, -0.1416517049074173, 0.9899123311042786),
            ["HumanoidRootPart"] = CFrame.new(0, 0, 0, 1, 0, 0, 0, 1, 0, 0, 0, 1),
            ["LeftUpperLeg"] = CFrame.new(0.000025505200028419495, 0.00012549757957458496, 0.004997581243515015, 0.9978975057601929, 0.011847192421555519, 0.06371999531984329, -0.04040420427918434, 0.8824390769004822, 0.4686884582042694, -0.050676386803388596, -0.47027748823165894, 0.8810624480247498),
            ["LeftUpperArm"] = CFrame.new(-2.682209014892578e-07, 2.4586915969848633e-07, 2.384185791015625e-07, 0.2545386552810669, 0.6765823364257812, -0.6909748315811157, -0.6680835485458374, 0.639622688293457, 0.380193829536438, 0.6991955637931824, 0.3648549020290375, 0.614822268486023),
            ["RightLowerArm"] = CFrame.new(-1.238787632473759e-07, -1.4901161193847656e-08, 1.043081283569336e-07, 1, -4.284083487959833e-08, 1.3224779138454323e-07, 9.685754776000977e-08, -0.3784688711166382, -0.9256139993667603, 1.043081283569336e-07, 0.9256139993667603, -0.3784688115119934),
            ["LeftHand"] = CFrame.new(-2.942979335784912e-07, -7.450580596923828e-08, 1.1175870895385742e-08, 0.9546996355056763, -0.25645580887794495, -0.15092740952968597, 0.20781704783439636, 0.9376333355903625, -0.2786683440208435, 0.212980717420578, 0.23467926681041718, 0.9484540224075317),
            ["RightFoot"] = CFrame.new(-4.9709342420101166e-08, -2.682209014892578e-07, 4.243338480591774e-08, 0.9986597299575806, 0.03262842819094658, 0.04017842561006546, -0.03233005106449127, 0.9994449019432068, -0.008055067621171474, -0.04041895270347595, 0.006745742168277502, 0.9991600513458252),
            ["RightHand"] = CFrame.new(7.450580596923828e-09, -2.9802322387695312e-08, 8.940696716308594e-08, 0.8076822757720947, 0.5895942449569702, -0.005301455035805702, -0.5645713210105896, 0.7707480788230896, -0.29530757665634155, -0.17002567648887634, 0.24150773882865906, 0.9553875923156738),
            ["RightLowerLeg"] = CFrame.new(1.1082738637924194e-07, -3.129243850708008e-07, 1.341104507446289e-07, 0.9997836351394653, 0.020799538120627403, -0.00033347922726534307, -0.013137909583747387, 0.6437752842903137, 0.7651016712188721, 0.01612844504415989, -0.7649319767951965, 0.6439095139503479),
            ["RightUpperLeg"] = CFrame.new(-0.000025540590286254883, -0.00012570619583129883, -0.004997372627258301, 0.9958600401878357, 0.04093298316001892, 0.0811629444360733, 0.04668138176202774, 0.5358507633209229, -0.8430212736129761, -0.077998585999012, 0.8433198928833008, 0.5317214131355286),
            ["LeftLowerLeg"] = CFrame.new(6.139134711702354e-08, 0, 1.575099304318428e-07, 0.9999521970748901, 0.000025143610400846228, -0.009784314781427383, 0.000023327771486947313, 0.9999877214431763, 0.004952716175466776, 0.009784282185137272, -0.004952634684741497, 0.9999399185180664),
        }},
        {Time = 0.350, Data = {
            ["LeftFoot"] = CFrame.new(-2.0838342607021332e-08, 1.3224780559539795e-07, -1.9744038581848145e-07, 0.9989080429077148, -0.024680081754922867, -0.039670754224061966, -0.019064730033278465, 0.5598738789558411, -0.8283585906028748, 0.042654577642679214, 0.8282102346420288, 0.5587918758392334),
            ["LeftLowerArm"] = CFrame.new(-3.958120942115784e-08, 4.470348358154297e-07, -2.9802322387695312e-08, 1, 7.450580596923828e-08, 8.940696716308594e-08, 9.685756197086448e-08, -0.6397745013237, -0.7685627341270447, -3.3527616238870905e-08, 0.7685626745223999, -0.6397745013237),
            ["RightUpperArm"] = CFrame.new(-2.086162567138672e-07, 1.1920928955078125e-07, 2.9802322387695312e-08, -0.022483503445982933, -0.47170212864875793, 0.8814713954925537, 0.3144495487213135, 0.8336098194122314, 0.4541105031967163, -0.9490079879760742, 0.2873882055282593, 0.12958401441574097),
            ["Head"] = CFrame.new(-1.0555094576147894e-09, 5.960464477539063e-08, 1.7881393432617188e-07, 1, 1.737498678267002e-08, 1.9901199266314507e-07, 2.7328496798872948e-08, 0.9758622646331787, -0.21838727593421936, -1.974985934793949e-07, 0.218387171626091, 0.9758622050285339),
            ["LowerTorso"] = CFrame.new(-0.004051904659718275, -0.42645370960235596, 0.7270055413246155, 0.9997457265853882, -0.022543402388691902, -0.0005586438928730786, 0.02254635840654373, 0.9997277855873108, 0.006019747816026211, 0.00042278613545931876, -0.00603081239387393, 0.9999818205833435),
            ["UpperTorso"] = CFrame.new(6.05359673500061e-09, -2.384185791015625e-07, 3.725290298461914e-09, 0.9998663663864136, 0.015925860032439232, 0.0036928351037204266, -0.016180263832211494, 0.9963193535804749, 0.08417833596467972, -0.002338630612939596, -0.0842268168926239, 0.9964439272880554),
            ["HumanoidRootPart"] = CFrame.new(0, 0, 0, 1, 0, 0, 0, 1, 0, 0, 0, 1),
            ["LeftUpperLeg"] = CFrame.new(0.00002551823854446411, 0.00012543797492980957, 0.0049974024295806885, 0.9974774122238159, 0.03831716254353523, 0.05975497514009476, -0.05270110070705414, 0.9636891484260559, 0.26177456974983215, -0.04755476489663124, -0.264263391494751, 0.9632774591445923),
            ["LeftUpperArm"] = CFrame.new(-5.960464477539063e-08, 2.086162567138672e-07, -2.9802322387695312e-08, 0.2022288739681244, 0.5028107166290283, -0.8404075503349304, -0.21499307453632355, 0.8599979877471924, 0.4627973735332489, 0.9554483890533447, 0.08709073066711426, 0.28201720118522644),
            ["RightLowerArm"] = CFrame.new(7.016589620434388e-08, 1.043081283569336e-07, 2.9802322387695312e-08, 1, -1.3038518886787642e-07, 1.9418079943989142e-07, 9.126959810146218e-08, -0.6248058080673218, -0.7807801961898804, 2.2724267978446733e-07, 0.7807801961898804, -0.6248058080673218),
            ["LeftHand"] = CFrame.new(-7.450580596923828e-08, 2.9802322387695312e-08, -5.960464477539063e-08, 0.10060139000415802, -0.993566632270813, 0.05200871825218201, 0.8277696967124939, 0.05458395928144455, -0.5584065318107605, 0.5519751906394958, 0.09922774881124496, 0.827935516834259),
            ["RightFoot"] = CFrame.new(2.444721758365631e-09, -4.172325134277344e-07, 1.6763806343078613e-08, 0.9981725811958313, 0.034110989421606064, 0.049879781901836395, -0.034699440002441406, 0.9993374943733215, 0.010978125967085361, -0.04947226867079735, -0.012688599526882172, 0.998694896697998),
            ["RightHand"] = CFrame.new(-2.9802322387695312e-08, 1.8812716007232666e-07, -7.450580596923828e-08, 0.282067209482193, 0.9568901062011719, -0.06927783042192459, -0.6642213463783264, 0.14266973733901978, -0.7337952852249146, -0.6922774910926819, 0.25299546122550964, 0.6758291721343994),
            ["RightLowerLeg"] = CFrame.new(-1.909211277961731e-08, -8.940696716308594e-08, 2.086162567138672e-07, 0.9997249245643616, 0.0232507586479187, 0.003084335243329406, -0.014686184003949165, 0.5180171132087708, 0.855243980884552, 0.01828732155263424, -0.8550541996955872, 0.5182163715362549),
            ["RightUpperLeg"] = CFrame.new(-0.000025527551770210266, -0.0001258552074432373, -0.004997581243515015, 0.996828019618988, 0.04408589377999306, 0.06626063585281372, 0.03538373112678528, 0.5002552270889282, -0.8651548027992249, -0.0712883323431015, 0.8647549748420715, 0.497108519077301),
            ["LeftLowerLeg"] = CFrame.new(6.094342097640038e-08, 3.5762786865234375e-07, -5.960464477539063e-08, 0.9999580383300781, 0.003333244239911437, -0.008536208420991898, 0.003093383740633726, 0.7540498971939087, 0.6568102240562439, 0.008626030758023262, -0.6568087935447693, 0.7540076971054077),
        }},
        {Time = 0.400, Data = {
            ["LeftFoot"] = CFrame.new(5.704350769519806e-09, -1.4901161193847656e-07, -7.82310962677002e-08, 0.998883843421936, -0.024118393659591675, -0.04061298817396164, -0.015341530553996563, 0.6475420594215393, -0.7618754506111145, 0.044673852622509, 0.7616479992866516, 0.6464492082595825),
            ["LeftLowerArm"] = CFrame.new(-5.820766091346741e-09, 4.172325134277344e-07, -2.8312206268310547e-07, 1, 7.26431323982979e-08, 7.823106074056341e-08, 9.499490261077881e-08, -0.6370212435722351, -0.7708463072776794, -1.6763806343078613e-08, 0.7708462476730347, -0.6370211839675903),
            ["RightUpperArm"] = CFrame.new(2.9802322387695312e-08, 4.470348358154297e-07, 2.9802322387695312e-08, 0.05387459695339203, -0.4672759473323822, 0.882468581199646, 0.2547907531261444, 0.860931396484375, 0.44031691551208496, -0.9654942750930786, 0.2011229544878006, 0.1654399335384369),
            ["Head"] = CFrame.new(-3.0825830776848306e-10, 8.940696716308594e-08, 9.685754776000977e-08, 1, 1.7549607989053584e-08, 1.9848812371492386e-07, 2.7241185307502747e-08, 0.9753299355506897, -0.2207525223493576, -1.9746948964893818e-07, 0.22075237333774567, 0.9753299355506897),
            ["LowerTorso"] = CFrame.new(-0.004602774512022734, -0.4009667634963989, 0.670555591583252, 0.9997457265853882, -0.022543402388691902, -0.0005586438928730786, 0.02254635840654373, 0.9997277855873108, 0.006019747816026211, 0.00042278613545931876, -0.00603081239387393, 0.9999818205833435),
            ["UpperTorso"] = CFrame.new(3.259629011154175e-09, -1.4901161193847656e-07, -2.60770320892334e-08, 0.9998663663864136, 0.016093390062451363, 0.002876236801967025, -0.016180258244276047, 0.999315083026886, 0.03328297659754753, -0.002338630612939596, -0.033325061202049255, 0.9994418621063232),
            ["HumanoidRootPart"] = CFrame.new(0, 0, 0, 1, 0, 0, 0, 1, 0, 0, 0, 1),
            ["LeftUpperLeg"] = CFrame.new(0.000025510787963867188, 0.00012567639350891113, 0.004997432231903076, 0.9974217414855957, 0.03274527192115784, 0.06385661661624908, -0.05319042131304741, 0.9346649050712585, 0.3515286147594452, -0.04817364737391472, -0.3540188670158386, 0.9339967966079712),
            ["LeftUpperArm"] = CFrame.new(1.7881393432617188e-07, 4.470348358154297e-07, -7.450580596923828e-08, 0.3171885013580322, 0.45401862263679504, -0.8326215147972107, -0.006026239134371281, 0.8789042234420776, 0.4769602417945862, 0.9483434557914734, -0.14626877009868622, 0.28151431679725647),
            ["RightLowerArm"] = CFrame.new(-4.154188104621426e-09, -1.7881393432617188e-07, 3.725290298461914e-07, 1, -1.3690441846847534e-07, 2.1047890186309814e-07, 7.450580596923828e-08, -0.6115301251411438, -0.7912211418151855, 2.3469328880310059e-07, 0.7912212014198303, -0.6115301251411438),
            ["LeftHand"] = CFrame.new(-1.1920928955078125e-07, 1.5459954738616943e-07, 8.195638656616211e-08, 0.15406262874603271, -0.9871198534965515, 0.04311821982264519, 0.821761429309845, 0.10378028452396393, -0.5603016018867493, 0.5486099720001221, 0.12175433337688446, 0.8271656036376953),
