return {
    ["The Falcon"] = {
        {Time = 0.000, Data = {
            ["LeftFoot"] = CFrame.new(5.960464477539063e-08, 5.960464477539063e-08, 5.960464477539063e-08, 0.8952313661575317, -0.44408249855041504, -0.03681066259741783, 0.4454047381877899, 0.8893176913261414, 0.10357129573822021, -0.013251193799078465, -0.10910947620868683, 0.9939405918121338),
            ["LeftLowerArm"] = CFrame.new(0.0000011026859283447266, -1.7881393432617188e-07, 5.960464477539063e-08, 1, 8.567972287210068e-08, 0, 2.980233304583635e-08, -0.1963340789079666, -0.9805370569229126, -8.195641498787154e-08, 0.9805370569229126, -0.19633419811725616),
            ["LowerTorso"] = CFrame.new(0.19693338871002197, -0.2312006950378418, 0.3227367699146271, 0.9826218485832214, 0.018364856019616127, 0.18470795452594757, -0.02982667274773121, 0.9977846145629883, 0.059467773884534836, -0.18320660293102264, -0.06394358724355698, 0.9809927344322205),
            ["Head"] = CFrame.new(-6.332993507385254e-08, -3.5762786865234375e-07, 8.940696716308594e-08, 0.9699340462684631, -0.015265870839357376, -0.242888942360878, 0.028874292969703674, 0.9981999397277832, 0.05256645381450653, 0.2416492998600006, -0.05799894034862518, 0.9686288237571716),
            ["RightUpperArm"] = CFrame.new(-1.1920928955078125e-07, 0, -1.4901161193847656e-08, 0.6385105848312378, -0.05332402512431145, 0.7677699327468872, 0.543566107749939, -0.6749987602233887, -0.49892985820770264, 0.544830322265625, 0.7358894944190979, -0.4019930064678192),
            ["UpperTorso"] = CFrame.new(1.1175870895385742e-08, 3.5762786865234375e-07, 2.60770320892334e-08, 0.9981411099433899, 0.05436940863728523, 0.027538569644093513, -0.05368717014789581, 0.9982464909553528, -0.024935338646173477, -0.0288460124284029, 0.02341035194694996, 0.999309778213501),
            ["HumanoidRootPart"] = CFrame.new(0, 0, 0, 1, 0, 0, 0, 1, 0, 0, 0, 1),
            ["RightHand"] = CFrame.new(5.960464477539063e-08, -2.980232238769531e-07, -7.450580596923828e-08, 0.9212778806686401, -0.17072096467018127, -0.3494306206703186, 0.14279432594776154, 0.9842323660850525, -0.10438525676727295, 0.3617415726184845, 0.046270545572042465, 0.9311294555664062),
            ["LeftUpperArm"] = CFrame.new(-3.5762786865234375e-07, -2.384185791015625e-07, -3.725290298461914e-08, 0.7397612929344177, 0.3660469949245453, -0.5646089911460876, -0.1516520380973816, 0.9081950783729553, 0.39011502265930176, 0.6555570363998413, -0.20295658707618713, 0.7273424863815308),
            ["RightLowerArm"] = CFrame.new(-9.834766387939453e-07, -0.0000020265579223632812, -1.6391277313232422e-07, 1, 4.470327041872224e-08, 1.2666042437103897e-07, 0, 0.8938865065574646, -0.4482930600643158, -1.1920923270736239e-07, 0.4482932686805725, 0.8938866853713989),
            ["LeftHand"] = CFrame.new(-6.854534149169922e-07, -1.7881393432617188e-07, -2.9802322387695312e-08, 0.9668147563934326, 0.17459511756896973, 0.1865098476409912, -0.14702771604061127, 0.9772756695747375, -0.15269343554973602, -0.20893096923828125, 0.12020403891801834, 0.970514714717865),
            ["RightUpperLeg"] = CFrame.new(-2.086162567138672e-07, -1.9278377294540405e-07, 5.21540641784668e-08, 0.9438914656639099, -0.22273007035255432, 0.24384073913097382, 0.2935274541378021, 0.9041800498962402, -0.31031855940818787, -0.15136267244815826, 0.3644857406616211, 0.9188275933265686),
            ["LeftUpperLeg"] = CFrame.new(2.9802322387695312e-08, -5.122274160385132e-08, 0, 0.9567758440971375, 0.28609657287597656, -0.05221959948539734, -0.20837444067001343, 0.5491209626197815, -0.8093430399894714, -0.20287978649139404, 0.7852482795715332, 0.5850101113319397),
            ["RightLowerLeg"] = CFrame.new(3.725290298461914e-08, 2.384185791015625e-07, 5.960464477539063e-08, 1, 0, -7.450534411646004e-09, 0, 0.6017458438873291, 0.7986971139907837, -4.4703490686970326e-08, -0.7986876964569092, 0.6017332673072815),
            ["RightFoot"] = CFrame.new(8.940696716308594e-08, 1.1920928955078125e-07, 0, 0.9501298069953918, 0.22092317044734955, -0.2201043665409088, -0.30354854464530945, 0.816974937915802, -0.4903280436992645, 0.07149597257375717, 0.5326771140098572, 0.8432867527008057),
            ["LeftLowerLeg"] = CFrame.new(-3.725290298461914e-08, 5.960464477539063e-08, 9.872019290924072e-08, 1, 7.450654315732663e-09, -1.4901047507009935e-08, 0, 0.1540784239768982, 0.9880597591400146, 4.097820394122209e-08, -0.9880586862564087, 0.1540716141462326),
        }},
        {Time = 0.033, Data = {
            ["LeftFoot"] = CFrame.new(1.4901161193847656e-08, 0, -1.4901161193847656e-08, 0.901827335357666, -0.4281085133552551, -0.058590102940797806, 0.4312734007835388, 0.9001600742340088, 0.06093636527657509, 0.026658376678824425, -0.08021818101406097, 0.9964206218719482),
            ["LeftLowerArm"] = CFrame.new(2.980232238769531e-07, 2.384185791015625e-07, 6.258487701416016e-07, 1, 1.1175608705116247e-07, 1.4901516465215536e-08, -2.9802322387695312e-08, -0.09171741455793381, -0.995785117149353, -5.587935447692871e-08, 0.9957851767539978, -0.09171754866838455),
            ["LowerTorso"] = CFrame.new(0.17519830167293549, -0.15760791301727295, 0.3195790648460388, 0.9856890439987183, 0.014132524840533733, 0.16798070073127747, -0.02425592765212059, 0.9980005025863647, 0.058366965502500534, -0.1668199747800827, -0.061606232076883316, 0.9840608835220337),
            ["Head"] = CFrame.new(7.450580596923828e-09, 0, 9.313225746154785e-08, 0.9804046750068665, -0.010221904143691063, -0.1967289298772812, 0.02050657570362091, 0.9985229969024658, 0.05031289905309677, 0.19592399895191193, -0.05336092785000801, 0.9791662096977234),
            ["RightUpperArm"] = CFrame.new(-4.172325134277344e-07, -1.1920928955078125e-07, -3.3527612686157227e-08, 0.6631531119346619, -0.16527855396270752, 0.7300111651420593, 0.6213517189025879, -0.4222390651702881, -0.6600350737571716, 0.4173128008842468, 0.8912896513938904, -0.17730602622032166),
            ["UpperTorso"] = CFrame.new(4.842877388000488e-08, -3.5762786865234375e-07, 9.313225746154785e-08, 0.9988279938697815, 0.04801873862743378, 0.00607273867353797, -0.047940220683813095, 0.998772382736206, -0.012475533410906792, -0.0066644237376749516, 0.012169617228209972, 0.9999037981033325),
            ["HumanoidRootPart"] = CFrame.new(0, 0, 0, 1, 0, 0, 0, 1, 0, 0, 0, 1),
            ["RightHand"] = CFrame.new(-1.1920928955078125e-07, -1.1920928955078125e-07, -3.5762786865234375e-07, 0.8107306957244873, -0.15483702719211578, -0.5645720958709717, 0.04021243751049042, 0.9768404364585876, -0.2101569026708603, 0.584036648273468, 0.14767609536647797, 0.7981806993484497),
            ["LeftUpperArm"] = CFrame.new(1.1920928955078125e-07, -1.1920928955078125e-07, -4.470348358154297e-08, 0.7637329697608948, 0.30505919456481934, -0.5689215064048767, -0.09305179864168167, 0.9241180419921875, 0.3706128001213074, 0.6387906074523926, -0.23009765148162842, 0.7341488599777222),
            ["RightLowerArm"] = CFrame.new(-0.0000013113021850585938, -8.940696716308594e-07, -1.043081283569336e-07, 1, 4.470285475122182e-08, 5.960548321581882e-08, -3.911553392299538e-08, 0.6431412696838379, -0.7657475471496582, -1.1175866632129328e-07, 0.7657474875450134, 0.6431413888931274),
            ["LeftHand"] = CFrame.new(-4.3213367462158203e-07, -2.384185791015625e-07, -2.8312206268310547e-07, 0.9729295372962952, 0.1755676418542862, 0.15028080344200134, -0.147032231092453, 0.9719448685646057, -0.18358837068080902, -0.17829672992229462, 0.15652234852313995, 0.9714479446411133),
            ["RightUpperLeg"] = CFrame.new(0, -4.675239324569702e-07, -5.21540641784668e-08, 0.9495630264282227, -0.2217906266450882, 0.22166872024536133, 0.2772218883037567, 0.9241441488265991, -0.26287734508514404, -0.14655423164367676, 0.31107330322265625, 0.9390199780464172),
            ["LeftUpperLeg"] = CFrame.new(0, -1.708976924419403e-07, -1.0058283805847168e-07, 0.9512078166007996, 0.30750447511672974, -0.025346385315060616, -0.21912366151809692, 0.6154027581214905, -0.7571357488632202, -0.21722900867462158, 0.7257550358772278, 0.6527658104896545),
            ["RightLowerLeg"] = CFrame.new(4.147295840084553e-08, 1.1920928955078125e-07, 6.868503987789154e-09, 1, -1.0430872521283163e-07, 2.9802162515579766e-08, -2.2351745343485163e-08, 0.7035065293312073, 0.7107000350952148, -4.4703490686970326e-08, -0.7106888890266418, 0.7034952640533447),
            ["RightFoot"] = CFrame.new(-6.705522537231445e-08, 5.960464477539063e-08, -4.470348358154297e-08, 0.9722045063972473, 0.1440253108739853, -0.18459343910217285, -0.20626918971538544, 0.899903416633606, -0.3842330276966095, 0.1107768714427948, 0.4116194248199463, 0.9045940041542053),
            ["LeftLowerLeg"] = CFrame.new(1.2665987014770508e-07, -5.960464477539063e-08, 3.3527612686157227e-08, 1, 6.705588617705871e-08, -4.470317449545291e-08, 1.4901164746561335e-08, 0.28244930505752563, 0.9592850208282471, 6.705523958316917e-08, -0.9592822194099426, 0.28243985772132874),
        }},
        {Time = 0.067, Data = {
            ["LeftFoot"] = CFrame.new(1.1920928955078125e-07, 5.960464477539063e-08, 4.470348358154297e-08, 0.910413920879364, -0.4136960208415985, -0.0019099294440820813, 0.41356250643730164, 0.9099849462509155, 0.029867053031921387, -0.01061207428574562, -0.02798057720065117, 0.9995520710945129),
            ["LeftLowerArm"] = CFrame.new(1.7881393432617188e-07, -5.960464477539063e-08, 5.066394805908203e-07, 1, 9.313004767363964e-08, -1.4901523570642894e-08, 7.450582373280668e-09, -0.045985039323568344, -0.9989421367645264, -7.4505820180093e-08, 0.9989421367645264, -0.04598519206047058),
            ["LowerTorso"] = CFrame.new(0.1425616294145584, -0.08806443214416504, 0.3157466650009155, 0.9894786477088928, 0.004895735066384077, 0.1445963829755783, -0.012523209676146507, 0.9985744953155518, 0.05188717693090439, -0.1441362053155899, -0.05315203592181206, 0.9881293773651123),
            ["Head"] = CFrame.new(3.306195139884949e-08, -3.5762786865234375e-07, 3.91155481338501e-08, 0.9841906428337097, 0.013944989070296288, -0.17656280100345612, 0.003828588407486677, 0.9949876070022583, 0.09992585331201553, 0.177071213722229, -0.0990217849612236, 0.979203999042511),
            ["RightUpperArm"] = CFrame.new(-1.7881393432617188e-07, -1.1920928955078125e-07, -9.685754776000977e-08, 0.7480068802833557, -0.1499844342470169, 0.646523654460907, 0.627975583076477, -0.15532143414020538, -0.7625768184661865, 0.2147848755121231, 0.976411759853363, -0.021995680406689644),
            ["UpperTorso"] = CFrame.new(7.450580596923828e-09, 1.4901161193847656e-07, 3.166496753692627e-08, 0.9995886087417603, 0.02860085852444172, 0.0021520915906876326, -0.028571274131536484, 0.9995110034942627, -0.01270962692797184, -0.002514677122235298, 0.012642711400985718, 0.9999169111251831),
            ["HumanoidRootPart"] = CFrame.new(0, 0, 0, 1, 0, 0, 0, 1, 0, 0, 0, 1),
            ["RightHand"] = CFrame.new(-5.885958671569824e-07, -7.152557373046875e-07, -2.0489096641540527e-07, 0.804378092288971, -0.025738373398780823, -0.5935600996017456, -0.18237005174160004, 0.9401328563690186, -0.2879103124141693, 0.5654353499412537, 0.33983492851257324, 0.7515278458595276),
            ["LeftUpperArm"] = CFrame.new(-1.1920928955078125e-07, -3.5762786865234375e-07, -8.940696716308594e-08, 0.7431311011314392, 0.29982247948646545, -0.5982338786125183, -0.07260800898075104, 0.9248552322387695, 0.3733327090740204, 0.6651948094367981, -0.23398610949516296, 0.7090408205986023),
            ["RightLowerArm"] = CFrame.new(-0.0000022351741790771484, -0.0000010132789611816406, -4.842877388000488e-08, 1, 1.3410786436907074e-07, 2.235216811641294e-08, 7.450578820566989e-09, 0.45374447107315063, -0.8911318778991699, -9.918583288026639e-08, 0.8911318778991699, 0.45374447107315063),
            ["LeftHand"] = CFrame.new(-0.0000010132789611816406, 1.7881393432617188e-07, -2.2351741790771484e-07, 0.9549201726913452, 0.2327377051115036, 0.18428480625152588, -0.1868458241224289, 0.9535907506942749, -0.23612143099308014, -0.23068659007549286, 0.19104397296905518, 0.9540890455245972),
            ["RightUpperLeg"] = CFrame.new(0, -5.960464477539063e-08, 0, 0.956877589225769, -0.20034825801849365, 0.21034325659275055, 0.2575753629207611, 0.9199701547622681, -0.29547935724258423, -0.13431446254253387, 0.3369205892086029, 0.9319053292274475),
            ["LeftUpperLeg"] = CFrame.new(-5.960464477539063e-08, -1.2153759598731995e-07, 1.4901161193847656e-08, 0.9411331415176392, 0.3376346230506897, 0.016403362154960632, -0.23248465359210968, 0.6817308664321899, -0.6936748623847961, -0.24539650976657867, 0.6490345597267151, 0.7201014161109924),
            ["RightLowerLeg"] = CFrame.new(-7.28759914636612e-08, 0, 1.5832483768463135e-08, 1, -1.4901244682619108e-08, 0, -2.2351738238057806e-08, 0.7018006443977356, 0.712384045124054, -9.313224325069314e-08, -0.7123733758926392, 0.7017897963523865),
            ["RightFoot"] = CFrame.new(-4.470348358154297e-08, 1.7881393432617188e-07, 0, 0.9913918972015381, 0.04116106033325195, -0.12428881227970123, -0.06607232242822647, 0.9768422245979309, -0.20350998640060425, 0.11303354799747467, 0.20996461808681488, 0.9711518287658691),
            ["LeftLowerLeg"] = CFrame.new(1.4901161193847656e-07, -5.960464477539063e-08, -4.842877388000488e-08, 1, 1.6391442159147118e-07, -4.470318515359395e-08, 7.450581307466564e-08, 0.41255995631217957, 0.9109361171722412, 1.0430814256778831e-07, -0.9109304547309875, 0.41254758834838867),
        }},
        {Time = 0.100, Data = {
            ["LeftFoot"] = CFrame.new(-2.9802322387695312e-08, 1.1920928955078125e-07, -4.470348358154297e-08, 0.9243795871734619, -0.3796789348125458, 0.03698636591434479, 0.38046160340309143, 0.9246416091918945, -0.016904320567846298, -0.027775529772043228, 0.029695836827158928, 0.9991728067398071),
            ["LeftLowerArm"] = CFrame.new(6.556510925292969e-07, -3.5762786865234375e-07, -1.1920928955078125e-07, 1, 8.94048781674428e-08, -2.2352271145109626e-08, 1.862645504502325e-08, -0.1423923522233963, -0.9898102879524231, -8.940698847936801e-08, 0.9898102879524231, -0.14239245653152466),
            ["LowerTorso"] = CFrame.new(0.10110463947057724, -0.06674373149871826, 0.312213271856308, 0.9929946660995483, -0.015102150849997997, 0.11719109863042831, 0.010146834887564182, 0.9990336298942566, 0.04276600852608681, -0.11772371083498001, -0.04127740487456322, 0.9921882152557373),
            ["Head"] = CFrame.new(-2.60770320892334e-08, -5.960464477539062e-07, 7.82310962677002e-08, 0.9882826209068298, 0.0426679290831089, -0.14655019342899323, -0.025460142642259598, 0.9927645325660706, 0.11734823137521744, 0.15049679577350616, -0.11224165558815002, 0.9822181463241577),
            ["RightUpperArm"] = CFrame.new(-3.5762786865234375e-07, -2.384185791015625e-07, -2.9802322387695312e-08, 0.8859948515892029, -0.16974754631519318, 0.43151041865348816, 0.45673003792762756, 0.15877555310726166, -0.8753236532211304, 0.08006781339645386, 0.9726130366325378, 0.21819108724594116),
            ["UpperTorso"] = CFrame.new(2.60770320892334e-08, 1.4901161193847656e-07, 6.146728992462158e-08, 0.9999619126319885, -0.007915162481367588, 0.00369604816660285, 0.007936283946037292, 0.9999521374702454, -0.0057304538786411285, -0.003650542814284563, 0.005759421270340681, 0.9999768137931824),
            ["HumanoidRootPart"] = CFrame.new(0, 0, 0, 1, 0, 0, 0, 1, 0, 0, 0, 1),
            ["RightHand"] = CFrame.new(5.438923835754395e-07, -3.5762786865234375e-07, -4.6193599700927734e-07, 0.8809890151023865, 0.22565717995166779, -0.4158570170402527, -0.24645906686782837, 0.9691460728645325, 0.0037695090286433697, 0.4038766026496887, 0.09917020052671432, 0.9094221591949463),
            ["LeftUpperArm"] = CFrame.new(0, -3.5762786865234375e-07, -7.450580596923828e-09, 0.716166079044342, 0.3427477777004242, -0.6079893112182617, -0.09663453698158264, 0.9114173054695129, 0.39998331665992737, 0.6912074685096741, -0.2276894599199295, 0.6858296990394592),
            ["RightLowerArm"] = CFrame.new(-0.0000014007091522216797, -9.5367431640625e-07, -3.8743019104003906e-07, 1, 5.960335158761154e-08, 2.980297963972589e-08, 3.7252894102834944e-09, 0.3070918321609497, -0.9516799449920654, -1.285224868752266e-07, 0.9516798853874207, 0.3070918321609497),
            ["LeftHand"] = CFrame.new(-8.344650268554688e-07, 2.980232238769531e-07, -2.4959444999694824e-07, 0.9422667026519775, 0.24403807520866394, 0.22930128872394562, -0.1981099247932434, 0.9583263993263245, -0.20582285523414612, -0.2699739336967468, 0.14851288497447968, 0.9513453245162964),
            ["RightUpperLeg"] = CFrame.new(5.960464477539063e-08, 1.3131648302078247e-07, -1.2665987014770508e-07, 0.9633715748786926, -0.18447749316692352, 0.19463303685188293, 0.25068897008895874, 0.8772717118263245, -0.40932318568229675, -0.0952378362417221, 0.4431280493736267, 0.8913879990577698),
            ["LeftUpperLeg"] = CFrame.new(2.9802322387695312e-08, 7.543712854385376e-08, -1.1920928955078125e-07, 0.9273251295089722, 0.373915433883667, 0.015919536352157593, -0.27690842747688293, 0.714113712310791, -0.6429277062416077, -0.2517736256122589, 0.5918014645576477, 0.7657614350318909),
            ["RightLowerLeg"] = CFrame.new(-4.284083843231201e-08, -1.1920928955078125e-07, -7.450580596923828e-09, 1, -1.49012713279717e-08, 7.450534411646004e-09, -1.4901159417490817e-08, 0.5887218117713928, 0.8083449006080627, -7.450579886381092e-08, -0.8083357214927673, 0.5887092351913452),
            ["RightFoot"] = CFrame.new(-4.470348358154297e-08, 1.1920928955078125e-07, -7.450580596923828e-09, 0.998373806476593, 0.00893384963274002, -0.05630120262503624, -0.015048548579216003, 0.9939168095588684, -0.10910416394472122, 0.0549846887588501, 0.10977058857679367, 0.992434561252594),
            ["LeftLowerLeg"] = CFrame.new(0, 0, 7.450580596923828e-08, 1, 2.9802610157503295e-08, -2.235158191865594e-08, -1.4901162970204496e-08, 0.47400951385498047, 0.8805267810821533, 2.2351745343485163e-08, -0.8805198073387146, 0.47399646043777466),
        }},
        {Time = 0.133, Data = {
            ["LeftFoot"] = CFrame.new(-2.9802322387695312e-08, 1.1920928955078125e-07, 6.705522537231445e-08, 0.9282413125038147, -0.3709593117237091, 0.02753809280693531, 0.3719787299633026, 0.9257204532623291, -0.06835953146219254, -0.00012917823914904147, 0.07369451224803925, 0.9972806572914124),
            ["LeftLowerArm"] = CFrame.new(4.76837158203125e-07, 0, 5.811452865600586e-07, 1, 1.7229089621650928e-07, -4.84298432468222e-08, -7.450581485102248e-09, -0.29492536187171936, -0.9555203318595886, -1.3411046495548362e-07, 0.9555203318595886, -0.2949254512786865),
            ["LowerTorso"] = CFrame.new(0.06460372358560562, -0.09237527847290039, 0.3086634576320648, 0.9948679208755493, -0.04634480178356171, 0.08994472026824951, 0.04321705177426338, 0.9984018206596375, 0.036416564136743546, -0.09148869663476944, -0.03234252333641052, 0.9952807426452637),
            ["Head"] = CFrame.new(-2.7939677238464355e-08, -0.0000010728836059570312, 9.452924132347107e-08, 0.9900956749916077, 0.08778275549411774, -0.10956627875566483, -0.07113926857709885, 0.9864979982376099, 0.14751645922660828, 0.12103630602359772, -0.13826067745685577, 0.9829721450805664),
            ["RightUpperArm"] = CFrame.new(-1.7881393432617188e-07, 1.1920928955078125e-07, -7.450580596923828e-09, 0.9568272829055786, -0.16166876256465912, 0.2415505051612854, 0.2888872027397156, 0.4373839497566223, -0.851619303226471, 0.032028913497924805, 0.8846234083175659, 0.4651859700679779),
            ["UpperTorso"] = CFrame.new(1.30385160446167e-08, 4.76837158203125e-07, 1.1082738637924194e-07, 0.9996885061264038, -0.022802060469985008, 0.010147962719202042, 0.022809309884905815, 0.9997397065162659, -0.0005950977792963386, -0.010131827555596828, 0.0008262245100922883, 0.9999483227729797),
            ["HumanoidRootPart"] = CFrame.new(0, 0, 0, 1, 0, 0, 0, 1, 0, 0, 0, 1),
            ["RightHand"] = CFrame.new(2.9802322387695312e-08, -2.980232238769531e-07, 1.4901161193847656e-07, 0.9974196553230286, 0.030095741152763367, -0.0651799738407135, -0.031091012060642242, 0.9994140863418579, -0.014309712685644627, 0.06471114605665207, 0.016299379989504814, 0.9977710247039795),
            ["LeftUpperArm"] = CFrame.new(-1.1920928955078125e-07, 1.1920928955078125e-07, 6.705522537231445e-08, 0.6954984068870544, 0.40337035059928894, -0.5946382880210876, -0.15091243386268616, 0.8911040425300598, 0.4279785454273224, 0.7025008201599121, -0.20790870487689972, 0.6806172728538513),
            ["RightLowerArm"] = CFrame.new(-8.046627044677734e-07, -0.000001430511474609375, -1.043081283569336e-07, 1, 1.2293176610000955e-07, 0, 1.490115053570662e-08, 0.22874848544597626, -0.9734856486320496, -1.2293449458411487e-07, 0.9734855890274048, 0.2287483960390091),
            ["LeftHand"] = CFrame.new(-4.023313522338867e-07, 1.1920928955078125e-07, -1.1175870895385742e-08, 0.9445872902870178, 0.18897540867328644, 0.2684093713760376, -0.15445592999458313, 0.9773670434951782, -0.14455793797969818, -0.2896522283554077, 0.095089852809906, 0.9523966312408447),
            ["RightUpperLeg"] = CFrame.new(1.1920928955078125e-07, 3.632158041000366e-08, 6.705522537231445e-08, 0.9646678566932678, -0.20346172153949738, 0.16738639771938324, 0.26130008697509766, 0.8201773762702942, -0.5089445114135742, -0.03373723849654198, 0.5347078442573547, 0.8443681001663208),
            ["LeftUpperLeg"] = CFrame.new(0, -1.5366822481155396e-07, -1.862645149230957e-08, 0.9082167744636536, 0.41652706265449524, -0.04055917263031006, -0.35439932346343994, 0.7139419913291931, -0.6038874983787537, -0.2225833237171173, 0.562842845916748, 0.7960370182991028),
            ["RightLowerLeg"] = CFrame.new(-1.9371509552001953e-07, -3.5762786865234375e-07, 5.960464477539063e-08, 1, -3.352789690325153e-08, 1.8626344910899206e-08, -6.705521116145974e-08, 0.4927273690700531, 0.8701907992362976, -8.940694584680386e-08, -0.8701838254928589, 0.49271488189697266),
            ["RightFoot"] = CFrame.new(1.4901161193847656e-07, 5.960464477539063e-08, -4.470348358154297e-08, 0.9867691993713379, 0.16173015534877777, -0.011371367610991001, -0.16213107109069824, 0.9843915104866028, -0.06846743077039719, 0.00012141835759393871, 0.06940401345491409, 0.997588574886322),
            ["LeftLowerLeg"] = CFrame.new(6.51925802230835e-08, -1.1920928955078125e-07, 1.862645149230957e-08, 1, 0, -1.4901056388794132e-08, -1.4901164746561335e-08, 0.47572386264801025, 0.8796022534370422, 8.940698847936801e-08, -0.8795947432518005, 0.4757099747657776),
        }},
        {Time = 0.167, Data = {
            ["LeftFoot"] = CFrame.new(-5.21540641784668e-08, 1.7881393432617188e-07, 1.4901161193847656e-08, 0.9213750958442688, -0.3882746398448944, -0.01764165423810482, 0.3845442533493042, 0.9172442555427551, -0.10386799275875092, 0.05651217699050903, 0.08891439437866211, 0.9944345951080322),
            ["LeftLowerArm"] = CFrame.new(0.000001043081283569336, 5.960464477539063e-08, 6.109476089477539e-07, 1, 1.094282779945388e-07, -8.382063043654853e-08, 2.2351738238057806e-08, -0.43994906544685364, -0.8980227112770081, -1.3038514623531228e-07, 0.8980227708816528, -0.4399491548538208),
            ["LowerTorso"] = CFrame.new(0.023777974769473076, -0.1451045274734497, 0.305146187543869, 0.9931291937828064, -0.08849894255399704, 0.07656645774841309, 0.08471210300922394, 0.995080292224884, 0.051373593509197235, -0.08073627948760986, -0.04453456774353981, 0.9957401752471924),
            ["Head"] = CFrame.new(-4.0978193283081055e-08, -2.384185791015625e-07, 8.009374141693115e-08, 0.9885037541389465, 0.11432559788227081, -0.09894496947526932, -0.0979214683175087, 0.9827030897140503, 0.15718179941177368, 0.11520341783761978, -0.14568565785884857, 0.9826005697250366),
            ["RightUpperArm"] = CFrame.new(-1.7881393432617188e-07, 1.1920928955078125e-07, -5.21540641784668e-08, 0.9789352416992188, -0.1948622167110443, 0.06096014380455017, 0.1739354282617569, 0.6395701169967651, -0.7488123178482056, 0.10692206025123596, 0.7436254024505615, 0.6599728465080261),
            ["UpperTorso"] = CFrame.new(3.91155481338501e-08, 8.940696716308594e-07, 9.778887033462524e-09, 0.9995071291923523, -0.028916258364915848, 0.012228231877088547, 0.029143955558538437, 0.9993971586227417, -0.018868524581193924, -0.011675295419991016, 0.019215459004044533, 0.9997472167015076),
            ["HumanoidRootPart"] = CFrame.new(0, 0, 0, 1, 0, 0, 0, 1, 0, 0, 0, 1),
            ["RightHand"] = CFrame.new(-1.2945383787155151e-07, 5.960464477539063e-08, 2.384185791015625e-07, 0.9734278321266174, 0.17582592368125916, -0.14670883119106293, -0.1719520539045334, 0.9843416213989258, 0.038783587515354156, 0.15123070776462555, -0.012526275590062141, 0.988419234752655),
            ["LeftUpperArm"] = CFrame.new(5.960464477539063e-08, -1.1920928955078125e-07, 0, 0.6868857741355896, 0.4321792721748352, -0.5843193531036377, -0.19723133742809296, 0.8846567869186401, 0.4224790632724762, 0.6994911432266235, -0.17493878304958344, 0.6928797960281372),
            ["RightLowerArm"] = CFrame.new(-0.0000011622905731201172, -0.0000013113021850585938, -0.0000011175870895385742, 1, 9.26643863863319e-08, -1.6764207799724318e-08, 5.5879341154252415e-09, 0.07588990777730942, -0.997116208076477, -9.965149416757413e-08, 0.997116208076477, 0.07588984072208405),
            ["LeftHand"] = CFrame.new(-5.662441253662109e-07, 0, -2.682209014892578e-07, 0.9467467665672302, 0.1273583620786667, 0.2957204580307007, -0.12083960324525833, 0.9918538928031921, -0.040293872356414795, -0.29844310879707336, 0.0024129864759743214, 0.9544243812561035),
            ["RightUpperLeg"] = CFrame.new(5.960464477539063e-08, 2.775341272354126e-07, -1.1175870895385742e-07, 0.9627488851547241, -0.2417234629392624, 0.12117636203765869, 0.26514002680778503, 0.755980908870697, -0.5984859466552734, 0.05306180194020271, 0.6083277463912964, 0.791916012763977),
            ["LeftUpperLeg"] = CFrame.new(1.1920928955078125e-07, 1.7695128917694092e-07, -9.685754776000977e-08, 0.8851417899131775, 0.44260016083717346, -0.1436208039522171, -0.43929004669189453, 0.6930368542671204, -0.5715922713279724, -0.15345489978790283, 0.5690387487411499, 0.8078709244728088),
            ["RightLowerLeg"] = CFrame.new(5.681067705154419e-08, 1.1920928955078125e-07, 0, 1, -8.568244425077864e-08, 4.097796235669193e-08, -4.4703490686970326e-08, 0.3942345082759857, 0.9190142750740051, -3.725290653733282e-08, -0.9190098643302917, 0.39422422647476196),
            ["RightFoot"] = CFrame.new(-1.5273690223693848e-07, 1.7881393432617188e-07, 4.470348358154297e-08, 0.9191979765892029, 0.3926030993461609, 0.030625244602560997, -0.3906940221786499, 0.9189374446868896, -0.05396623536944389, -0.04933049529790878, 0.03764164447784424, 0.9980731010437012),
            ["LeftLowerLeg"] = CFrame.new(-5.8673322200775146e-08, -2.384185791015625e-07, 1.434236764907837e-07, 1, 2.9802642131926405e-08, -2.980209146130619e-08, 1.4901162970204496e-08, 0.44840407371520996, 0.8938379883766174, 2.6077035641947077e-08, -0.8938310742378235, 0.4483901262283325),
        }},
        {Time = 0.200, Data = {
            ["LeftFoot"] = CFrame.new(2.9802322387695312e-08, 0, 4.470348358154297e-08, 0.9004935622215271, -0.42807114124298096, -0.0765942856669426, 0.4124300479888916, 0.8965233564376831, -0.16170629858970642, 0.13788706064224243, 0.11402252316474915, 0.983862042427063),
            ["LeftLowerArm"] = CFrame.new(5.960464477539062e-07, -7.748603820800781e-07, 9.685754776000977e-08, 1, 6.332885504889418e-08, -2.2352129036562474e-08, -7.450584149637507e-09, -0.5317865610122681, -0.8468783497810364, -7.078055119791316e-08, 0.8468784093856812, -0.5317866802215576),
            ["LowerTorso"] = CFrame.new(-0.011315422132611275, -0.2059791088104248, 0.30180463194847107, 0.9902621507644653, -0.11678676307201385, 0.07577452808618546, 0.11347534507513046, 0.9924454689025879, 0.046640776097774506, -0.08064912259578705, -0.03758805990219116, 0.9960335493087769),
            ["Head"] = CFrame.new(-5.21540641784668e-08, 1.1920928955078125e-07, 4.6566128730773926e-08, 0.9853033423423767, 0.14305327832698822, -0.0933440774679184, -0.12918634712696075, 0.9815903306007385, 0.14068251848220825, 0.11175068467855453, -0.126555934548378, 0.9856446981430054),
            ["RightUpperArm"] = CFrame.new(-2.384185791015625e-07, 4.76837158203125e-07, -5.587935447692871e-08, 0.9728246927261353, -0.2139872908592224, -0.08845396339893341, 0.12530748546123505, 0.8077799081802368, -0.5760291218757629, 0.19470524787902832, 0.5492732524871826, 0.8126293420791626),
            ["UpperTorso"] = CFrame.new(1.862645149230957e-08, 2.682209014892578e-07, -5.541369318962097e-08, 0.9994484782218933, -0.03305617719888687, 0.003192837117239833, 0.03308788314461708, 0.9993981122970581, -0.010426588356494904, -0.002846300834789872, 0.010526302270591259, 0.9999405741691589),
            ["HumanoidRootPart"] = CFrame.new(0, 0, 0, 1, 0, 0, 0, 1, 0, 0, 0, 1),
            ["RightHand"] = CFrame.new(4.023313522338867e-07, -1.1920928955078125e-07, -8.940696716308594e-08, 0.943313479423523, 0.23105072975158691, -0.23827505111694336, -0.22228002548217773, 0.9729174375534058, 0.06343025714159012, 0.24647751450538635, -0.006871097721159458, 0.9691241383552551),
            ["LeftUpperArm"] = CFrame.new(-1.1920928955078125e-07, 0, -5.21540641784668e-08, 0.6950314044952393, 0.4410810172557831, -0.5678014755249023, -0.26323235034942627, 0.8909878134727478, 0.3699391186237335, 0.6690590381622314, -0.10764855146408081, 0.7353547811508179),
            ["RightLowerArm"] = CFrame.new(-0.0000012516975402832031, -0.000001430511474609375, -3.650784492492676e-07, 1, 1.1920641895812878e-07, -2.2352281803250662e-08, -2.2351731132630448e-08, -0.051277950406074524, -0.9986844658851624, -1.2665981330428622e-07, 0.9986844658851624, -0.051278006285429),
            ["LeftHand"] = CFrame.new(-3.8743019104003906e-07, 0, -6.705522537231445e-08, 0.9440634846687317, 0.10411416739225388, 0.3128969967365265, -0.11825211346149445, 0.9926300048828125, 0.02649824507534504, -0.30783209204673767, -0.062017135322093964, 0.9494174122810364),
            ["RightUpperLeg"] = CFrame.new(0, -5.112960934638977e-07, 9.313225746154785e-08, 0.9580163359642029, -0.2686842381954193, 0.1000610962510109, 0.26201748847961426, 0.6787486672401428, -0.6860303282737732, 0.1164114773273468, 0.6834537386894226, 0.720659613609314),
            ["LeftUpperLeg"] = CFrame.new(-2.384185791015625e-07, -6.51925802230835e-08, -7.450580596923828e-09, 0.8622170686721802, 0.4482869803905487, -0.23583391308784485, -0.5037588477134705, 0.7101638317108154, -0.4918223023414612, -0.05299723520874977, 0.5428686141967773, 0.8381486535072327),
            ["RightLowerLeg"] = CFrame.new(2.169981598854065e-07, 1.1920928955078125e-07, 0, 1, 0, 4.097788064427732e-08, -1.6763806343078613e-08, 0.20880654454231262, 0.9779587388038635, -1.30385160446167e-08, -0.9779569506645203, 0.20879872143268585),
            ["RightFoot"] = CFrame.new(7.12461769580841e-08, 2.384185791015625e-07, 1.4901161193847656e-08, 0.8591151833534241, 0.5083514451980591, 0.05916556343436241, -0.5057328343391418, 0.8609901666641235, -0.05412145331501961, -0.07845631241798401, 0.016577396541833878, 0.9967799782752991),
            ["LeftLowerLeg"] = CFrame.new(-1.2479722499847412e-07, 5.960464477539063e-08, -5.21540641784668e-08, 1, 1.5273856490694016e-07, 7.450522332419496e-08, -3.725290298461914e-08, 0.4491328001022339, 0.8934721350669861, 2.9802322387695312e-08, -0.8934651017189026, 0.4491187334060669),
        }},
        {Time = 0.233, Data = {
            ["LeftFoot"] = CFrame.new(-2.123415470123291e-07, 2.384185791015625e-07, 1.4901161193847656e-08, 0.8885072469711304, -0.4552624821662903, -0.05737371742725372, 0.42192792892456055, 0.8597235679626465, -0.2878486216068268, 0.18036530911922455, 0.23154157400131226, 0.9559558033943176),
            ["LeftLowerArm"] = CFrame.new(8.344650268554688e-07, -4.76837158203125e-07, 8.642673492431641e-07, 1, 9.685602719855524e-08, -8.195772238650534e-08, 7.450582373280668e-09, -0.5762785077095032, -0.8172532916069031, -1.0058285937475375e-07, 0.8172533512115479, -0.5762786865234375),
            ["LowerTorso"] = CFrame.new(-0.037520330399274826, -0.27184629440307617, 0.3001987338066101, 0.9870759844779968, -0.13840502500534058, 0.08077817410230637, 0.13672517240047455, 0.9902678728103638, 0.025996185839176178, -0.0835900530219078, -0.014615854248404503, 0.9963931441307068),
            ["Head"] = CFrame.new(-9.499490261077881e-08, -9.5367431640625e-07, 1.4156103134155273e-07, 0.9843552112579346, 0.14434202015399933, -0.10104633122682571, -0.1311936229467392, 0.9832516312599182, 0.12650959193706512, 0.11761459708213806, -0.11127348989248276, 0.9868054986000061),
            ["RightUpperArm"] = CFrame.new(-3.5762786865234375e-07, 1.1920928955078125e-07, -5.21540641784668e-08, 0.948280930519104, -0.2139609456062317, -0.23449985682964325, 0.10722357034683228, 0.9111902713775635, -0.39780092239379883, 0.29877468943595886, 0.3520696461200714, 0.886997401714325),
            ["UpperTorso"] = CFrame.new(2.0489096641540527e-08, 2.9802322387695312e-08, 9.452924132347107e-08, 0.9996622800827026, -0.025717001408338547, 0.0037306174635887146, 0.025621751323342323, 0.9993910789489746, 0.023687375709414482, -0.004337538965046406, -0.023583974689245224, 0.9997124671936035),
            ["HumanoidRootPart"] = CFrame.new(0, 0, 0, 1, 0, 0, 0, 1, 0, 0, 0, 1),
            ["RightHand"] = CFrame.new(-5.513429641723633e-07, 1.1920928955078125e-07, -2.384185791015625e-07, 0.8891385793685913, 0.264457643032074, -0.37348952889442444, -0.23620395362377167, 0.9642130732536316, 0.12042129039764404, 0.3919697105884552, -0.01885218918323517, 0.9197849631309509),
            ["LeftUpperArm"] = CFrame.new(1.1920928955078125e-07, -4.76837158203125e-07, -1.4901161193847656e-08, 0.7107639312744141, 0.4452299177646637, -0.5446135997772217, -0.33578333258628845, 0.8950462937355042, 0.29350677132606506, 0.6181133985519409, -0.025738706812262535, 0.7856525182723999),
            ["RightLowerArm"] = CFrame.new(-7.450580596923828e-07, -0.0000011324882507324219, -3.6135315895080566e-07, 1, 9.685527402325533e-08, -2.235226048696859e-08, 0, -0.16239097714424133, -0.9867265820503235, -1.266597990934315e-07, 0.9867264628410339, -0.1623910516500473),
            ["LeftHand"] = CFrame.new(-6.854534149169922e-07, -2.384185791015625e-07, -5.811452865600586e-07, 0.9327262043952942, 0.08940023928880692, 0.34932735562324524, -0.10749337822198868, 0.9936673045158386, 0.03271584212779999, -0.3441902995109558, -0.06806580722332001, 0.9364294409751892),
            ["RightUpperLeg"] = CFrame.new(-8.940696716308594e-08, 3.166496753692627e-08, -7.82310962677002e-08, 0.9580732583999634, -0.2676961123943329, 0.10214176028966904, 0.24914242327213287, 0.6022850871086121, -0.7584003806114197, 0.14150509238243103, 0.7520581483840942, 0.6437360644340515),
            ["LeftUpperLeg"] = CFrame.new(5.960464477539063e-08, 5.029141902923584e-08, -4.470348358154297e-08, 0.8411003947257996, 0.45322123169898987, -0.2951904833316803, -0.5400372743606567, 0.7341283559799194, -0.4115963280200958, 0.03016546554863453, 0.5056145787239075, 0.8622360825538635),
            ["RightLowerLeg"] = CFrame.new(1.1548399925231934e-07, -5.960464477539063e-08, -1.1920928955078125e-07, 1, -5.5879908700262604e-08, -7.450513983542351e-09, -7.450582373280668e-09, -0.004493996035307646, 0.9999898672103882, -2.6077039194660756e-08, -0.999989926815033, -0.004497234709560871),
            ["RightFoot"] = CFrame.new(-5.587935447692871e-09, -5.960464477539063e-08, -1.043081283569336e-07, 0.8451526761054993, 0.5310433506965637, 0.060926876962184906, -0.5292931795120239, 0.8473337292671204, -0.04326268285512924, -0.07460393011569977, 0.004319995176047087, 0.9972043037414551),
            ["LeftLowerLeg"] = CFrame.new(-2.87545844912529e-08, -5.960464477539063e-08, 6.891787052154541e-08, 1, -2.7939996982695448e-08, -1.0989500509595018e-07, 7.4505797087454084e-09, 0.43738195300102234, 0.8992831110954285, 3.725289943190546e-08, -0.8992759585380554, 0.43736690282821655),
        }},
        {Time = 0.267, Data = {
            ["LeftFoot"] = CFrame.new(8.754432201385498e-08, 2.384185791015625e-07, 0, 0.8906458020210266, -0.4546440541744232, -0.007095567882061005, 0.40249761939048767, 0.7955583930015564, -0.45287084579467773, 0.21153204143047333, 0.4004819095134735, 0.8915479183197021),
            ["LeftLowerArm"] = CFrame.new(5.662441253662109e-07, 0, -2.1606683731079102e-07, 1, 9.685597746056374e-08, -5.588027462977152e-08, -9.313226634333205e-09, -0.5680103898048401, -0.8230212926864624, -9.313227167240257e-08, 0.8230213522911072, -0.5680105090141296),
            ["LowerTorso"] = CFrame.new(-0.060099873691797256, -0.33134007453918457, 0.3016356825828552, 0.9838934540748596, -0.15091338753700256, 0.09580651670694351, 0.15091191232204437, 0.9885202050209045, 0.0073033589869737625, -0.09580884128808975, 0.007272575981914997, 0.9953732490539551),
            ["Head"] = CFrame.new(7.450580596923828e-08, -1.1920928955078125e-07, 4.470348358154297e-08, 0.9846276044845581, 0.1435595005750656, -0.09949463605880737, -0.13692104816436768, 0.9880595803260803, 0.07064737379550934, 0.10844870656728745, -0.05593813583254814, 0.9925269484519958),
            ["RightUpperArm"] = CFrame.new(-3.5762786865234375e-07, 2.384185791015625e-07, -7.078051567077637e-08, 0.9188123941421509, -0.159377783536911, -0.3611013889312744, 0.0766877830028534, 0.9695014357566833, -0.23278549313545227, 0.38717302680015564, 0.18618731200695038, 0.9030042886734009),
            ["UpperTorso"] = CFrame.new(5.587935447692871e-08, 2.086162567138672e-07, 4.6566128730773926e-08, 0.9997349381446838, -0.021655499935150146, -0.00782548263669014, 0.022140689194202423, 0.9974126815795898, 0.06839482486248016, 0.006324035581201315, -0.06855013221502304, 0.9976277351379395),
            ["HumanoidRootPart"] = CFrame.new(0, 0, 0, 1, 0, 0, 0, 1, 0, 0, 0, 1),
            ["RightHand"] = CFrame.new(-3.2782554626464844e-07, -5.364418029785156e-07, -4.917383193969727e-07, 0.8165846467018127, 0.2516041696071625, -0.5195039510726929, -0.17494633793830872, 0.9655480980873108, 0.1926424503326416, 0.5500757098197937, -0.06642523407936096, 0.8324689269065857),
            ["LeftUpperArm"] = CFrame.new(2.980232238769531e-07, 4.76837158203125e-07, 7.450580596923828e-09, 0.7250089645385742, 0.44139620661735535, -0.5287247896194458, -0.38551291823387146, 0.8962010145187378, 0.21956169605255127, 0.5707380175590515, 0.044645749032497406, 0.8199042677879333),
            ["RightLowerArm"] = CFrame.new(-0.0000011622905731201172, -0.0000017285346984863281, -6.109476089477539e-07, 1, 1.3410739541086514e-07, 0, -2.2351731132630448e-08, -0.2575179636478424, -0.9662734866142273, -1.1548394240890048e-07, 0.9662734866142273, -0.2575181722640991),
            ["LeftHand"] = CFrame.new(-4.3213367462158203e-07, -2.384185791015625e-07, -3.427267074584961e-07, 0.947891891002655, 0.08593262732028961, 0.3067844808101654, -0.1026109829545021, 0.9939712285995483, 0.03862695023417473, -0.30161556601524353, -0.06809408217668533, 0.9509949684143066),
            ["RightUpperLeg"] = CFrame.new(1.1920928955078125e-07, 1.9313301891088486e-07, -2.3283064365386963e-08, 0.9556610584259033, -0.26993054151535034, 0.11767683178186417, 0.2531202733516693, 0.5488123893737793, -0.7966968417167664, 0.15047341585159302, 0.791165292263031, 0.592812180519104),
            ["LeftUpperLeg"] = CFrame.new(0, 4.046596586704254e-07, -1.2759119272232056e-07, 0.8283637762069702, 0.44877079129219055, -0.3352823555469513, -0.5561966896057129, 0.7302178740501404, -0.3967665135860443, 0.06677470356225967, 0.5151569247245789, 0.8544952273368835),
