return {
    ["The Macarena"] = {
        {Time = 0.000, Data = {
            ["LeftFoot"] = CFrame.new(-8.800998330116272e-08, -0.0000011324882507324219, 2.2351741790771484e-08, 0.9963537454605103, 0.012696845456957817, -0.08436641842126846, -0.03699488937854767, 0.9553577899932861, -0.2931220233440399, 0.07688018679618835, 0.29517850279808044, 0.9523453712463379),
            ["LeftLowerArm"] = CFrame.new(-1.7881393432617188e-07, 4.172325134277344e-07, 1.2200325727462769e-07, 1, -3.7253151674576657e-08, 8.195589629167443e-08, 4.842878098543224e-08, 0.6984224319458008, -0.7156857252120972, -3.539026138810186e-08, 0.7156858444213867, 0.6984224319458008),
            ["LowerTorso"] = CFrame.new(-0.015428818762302399, -0.0885322093963623, 0.08728231489658356, 0.9996327757835388, -0.02699187397956848, -0.0024168016389012337, 0.027069255709648132, 0.9987623691558838, 0.04172694683074951, 0.0012875222600996494, -0.04177704453468323, 0.999126136302948),
            ["Head"] = CFrame.new(-2.7939677238464355e-09, 0, 1.9907020032405853e-08, 0.995855450630188, -0.03027225285768509, 0.08576493710279465, 0.0336623378098011, 0.9986968040466309, -0.03836115077137947, -0.08449185639619827, 0.04108941927552223, 0.9955766797065735),
            ["RightUpperArm"] = CFrame.new(0, -1.1920928955078125e-07, 4.17931005358696e-08, 0.9354806542396545, -0.003879539668560028, -0.35335707664489746, -0.18498779833316803, 0.8466079831123352, -0.49903348088264465, 0.3010907769203186, 0.5322027802467346, 0.7912675142288208),
            ["UpperTorso"] = CFrame.new(6.206391844898462e-09, 8.940696716308594e-08, -2.9889633879065514e-08, 0.9952751994132996, -0.001053221058100462, -0.09708932042121887, 0.007806147448718548, 0.9975722432136536, 0.06919998675584793, 0.09678079932928085, -0.06963102519512177, 0.9928670525550842),
            ["HumanoidRootPart"] = CFrame.new(0, 0, 0, 1, 0, 0, 0, 1, 0, 0, 0, 1),
            ["RightHand"] = CFrame.new(9.313225746154785e-08, -1.1920928955078125e-07, -4.470348358154297e-08, 0.6251097321510315, 0.24608828127384186, 0.7407369613647461, -0.207133948802948, 0.9672732353210449, -0.1465502828359604, -0.7525513172149658, -0.06183049827814102, 0.6556155681610107),
            ["LeftUpperArm"] = CFrame.new(1.1920928955078125e-07, -1.1920928955078125e-07, 2.6775524020195007e-09, 0.9301514625549316, 0.17034368216991425, -0.3252716660499573, -0.1212775856256485, 0.9786860346794128, 0.16572721302509308, 0.34656915068626404, -0.11470331251621246, 0.9309849143028259),
            ["RightLowerArm"] = CFrame.new(-5.960464477539063e-08, 4.172325134277344e-07, -9.96515154838562e-08, 1, -5.587968843201452e-08, 2.2351620998506405e-08, 6.705523958316917e-08, 0.7412727475166321, -0.6712037920951843, -1.1175873559921001e-08, 0.6712040305137634, 0.7412728667259216),
            ["LeftHand"] = CFrame.new(-1.862645149230957e-08, -2.384185791015625e-07, -5.960464477539063e-08, 0.609187126159668, -0.08405602723360062, -0.7885681986808777, 0.2572045624256134, 0.9615554213523865, 0.09620028734207153, 0.7501579523086548, -0.2614300847053528, 0.6073760986328125),
            ["RightUpperLeg"] = CFrame.new(0, 1.4202669262886047e-08, 0, 0.9514173269271851, -0.09602726995944977, -0.2925470173358917, -0.03248424828052521, 0.9135158658027649, -0.40550532937049866, 0.3061859905719757, 0.3953068256378174, 0.8660149574279785),
            ["LeftUpperLeg"] = CFrame.new(0, -7.008202373981476e-08, -7.2177499532699585e-09, 0.9938004016876221, 0.05928778648376465, 0.09405242651700974, -0.013465048745274544, 0.9039063453674316, -0.4275202751159668, -0.11036137491464615, 0.4236016273498535, 0.8990998864173889),
            ["RightLowerLeg"] = CFrame.new(-5.494803190231323e-08, 5.960464477539063e-08, -7.450580596923828e-08, 1, -6.775350698262628e-07, -1.889427210244321e-07, 6.570480763912201e-07, 0.8230641484260559, 0.5679385662078857, -2.0838342607021332e-07, -0.5679484605789185, 0.8230709433555603),
            ["RightFoot"] = CFrame.new(1.671724021434784e-07, 5.960464477539063e-08, -2.7939677238464355e-09, 0.9979920387268066, -0.00665897224098444, 0.06298691779375076, 0.019880399107933044, 0.9771329760551453, -0.2116955816745758, -0.060138821601867676, 0.2125251144170761, 0.9753038883209229),
            ["LeftLowerLeg"] = CFrame.new(-3.166496753692627e-08, 2.980232238769531e-07, -2.60770320892334e-08, 1, 1.6763745946946074e-08, -6.333018376381006e-08, 4.190951941041021e-08, 0.7624820470809937, 0.6470009088516235, 8.125790174062786e-08, -0.6470094323158264, 0.7624892592430115),
        }},
        {Time = 0.033, Data = {
            ["LeftFoot"] = CFrame.new(-1.1082738637924194e-07, -5.960464477539062e-07, -1.341104507446289e-07, 0.9965029954910278, 0.017250685021281242, -0.0817563459277153, -0.04073965176939964, 0.9545831680297852, -0.2951417565345764, 0.07295342534780502, 0.29744479060173035, 0.9519492387771606),
            ["LeftLowerArm"] = CFrame.new(2.086162567138672e-07, 3.5762786865234375e-07, 4.6566128730773926e-08, 1, -4.74978705256035e-08, 7.077993302573304e-08, 6.891787762697277e-08, 0.5673230290412903, -0.8234952688217163, 1.0244549208948683e-08, 0.8234953880310059, 0.5673231482505798),
            ["LowerTorso"] = CFrame.new(-0.024219119921326637, -0.09797310829162598, 0.0803479328751564, 0.9999199509620667, -0.00007773739343974739, -0.012661694549024105, 0.0005167018971405923, 0.9993987083435059, 0.034669097512960434, 0.01265139039605856, -0.034672897309064865, 0.9993185997009277),
            ["Head"] = CFrame.new(-1.862645149230957e-09, -2.384185791015625e-07, 2.421438694000244e-08, 0.9958713054656982, -0.025135358795523643, 0.08722800016403198, 0.0286606103181839, 0.9988123774528503, -0.03939969092607498, -0.08613404631614685, 0.04173708334565163, 0.9954089522361755),
            ["RightUpperArm"] = CFrame.new(-5.960464477539063e-08, -2.384185791015625e-07, 4.377216100692749e-08, 0.9269192814826965, -0.011958873830735683, -0.37507033348083496, -0.21397516131401062, 0.8042429089546204, -0.5544442534446716, 0.30827799439430237, 0.5941803455352783, 0.7429090738296509),
            ["UpperTorso"] = CFrame.new(2.6775524020195007e-09, 1.7881393432617188e-07, -6.373738870024681e-09, 0.995496392250061, -0.030336881056427956, -0.08981505781412125, 0.03533914312720299, 0.9978806376457214, 0.05463903769850731, 0.08796712011098862, -0.05756685510277748, 0.9944585561752319),
            ["HumanoidRootPart"] = CFrame.new(0, 0, 0, 1, 0, 0, 0, 1, 0, 0, 0, 1),
            ["RightHand"] = CFrame.new(1.7182901501655579e-07, -1.1920928955078125e-07, -1.0244548320770264e-08, 0.5916538834571838, 0.3436548709869385, 0.7292856574058533, -0.17539043724536896, 0.9377983212471008, -0.29962214827537537, -0.7868824005126953, 0.04935239255428314, 0.6151171326637268),
            ["LeftUpperArm"] = CFrame.new(5.960464477539063e-08, -3.5762786865234375e-07, 2.7939677238464355e-09, 0.9536771178245544, 0.14206862449645996, -0.2651729881763458, -0.08057045191526413, 0.9698836207389832, 0.22985705733299255, 0.28984227776527405, -0.19784434139728546, 0.9364022612571716),
            ["RightLowerArm"] = CFrame.new(2.384185791015625e-07, 4.76837158203125e-07, -1.2415694072842598e-07, 1, -8.288846942150485e-08, 4.237482187363639e-08, 5.2154071283894154e-08, 0.5485537052154541, -0.836115300655365, 7.450581485102248e-09, 0.836115300655365, 0.5485538244247437),
            ["LeftHand"] = CFrame.new(1.2665987014770508e-07, -5.960464477539063e-08, 2.9802322387695312e-08, 0.44417399168014526, -0.19587577879428864, -0.874272346496582, 0.3770352900028229, 0.9260616898536682, -0.01592957228422165, 0.812744677066803, -0.3225562274456024, 0.48517438769340515),
            ["RightUpperLeg"] = CFrame.new(-5.960464477539063e-08, 1.6450940165668726e-08, -2.0489096641540527e-08, 0.946887195110321, -0.14235720038414001, -0.28833824396133423, -0.002010459080338478, 0.8940308690071106, -0.4480033218860626, 0.32155969738960266, 0.42478615045547485, 0.8462589979171753),
            ["LeftUpperLeg"] = CFrame.new(1.1920928955078125e-07, -8.17817635834217e-09, 1.6763806343078613e-08, 0.9928223490715027, 0.032550178468227386, 0.11508414149284363, 0.017001328989863396, 0.9140682220458984, -0.40520575642585754, -0.1183842197060585, 0.40425214171409607, 0.9069531559944153),
            ["RightLowerLeg"] = CFrame.new(-1.471489667892456e-07, -2.980232238769531e-07, 2.9802322387695312e-08, 1, -7.580933356621244e-07, -2.2538094412993814e-07, 7.69272560319223e-07, 0.7740820646286011, 0.6330747604370117, -2.5983902673942794e-07, -0.6330852508544922, 0.7740906476974487),
            ["RightFoot"] = CFrame.new(1.9650906324386597e-07, -5.960464477539063e-08, 1.3783574104309082e-07, 0.9960072636604309, -0.0032049219589680433, 0.0892127975821495, 0.025206098333001137, 0.9687859416007996, -0.2466099113225937, -0.08564019948244095, 0.24787819385528564, 0.9649999141693115),
            ["LeftLowerLeg"] = CFrame.new(-1.30385160446167e-08, -1.7881393432617188e-07, 4.0978193283081055e-08, 1, -2.3562374451557844e-07, -1.4901216616181046e-07, 2.821907685301994e-07, 0.7700719833374023, 0.6379482746124268, -2.2817406630792902e-08, -0.6379570364952087, 0.7700793147087097),
        }},
        {Time = 0.067, Data = {
            ["LeftFoot"] = CFrame.new(2.0023435354232788e-08, -6.556510925292969e-07, -7.82310962677002e-08, 0.9981858134269714, 0.0193789042532444, -0.057003866881132126, -0.03548626974225044, 0.9542168974876404, -0.2969987988471985, 0.04863957688212395, 0.2984873354434967, 0.9531748294830322),
            ["LeftLowerArm"] = CFrame.new(-5.960464477539063e-08, 2.384185791015625e-07, 1.2479722499847412e-07, 1, -5.7742603587485064e-08, 7.450505279393838e-08, 8.568167686462402e-08, 0.4268192946910858, -0.9043368697166443, -4.6566128730773926e-09, 0.9043369889259338, 0.426819384098053),
            ["LowerTorso"] = CFrame.new(-0.03237283602356911, -0.10745525360107422, 0.07335205376148224, 0.9992826581001282, 0.02969563938677311, -0.023504210636019707, -0.029109692201018333, 0.9992663264274597, 0.024891002103686333, 0.024226125329732895, -0.024188965559005737, 0.999413788318634),
            ["Head"] = CFrame.new(-1.3969838619232178e-09, -1.1920928955078125e-07, 1.955777406692505e-08, 0.9954919219017029, -0.014557868242263794, 0.0937228724360466, 0.017529157921671867, 0.9993669986724854, -0.03095807135105133, -0.0932127833366394, 0.0324614979326725, 0.9951168894767761),
            ["RightUpperArm"] = CFrame.new(0, -1.1920928955078125e-07, 2.0489096641540527e-08, 0.9421051740646362, -0.08525332063436508, -0.3242992162704468, -0.16648505628108978, 0.7205880880355835, -0.6730793714523315, 0.29106801748275757, 0.6881021857261658, 0.6646760106086731),
            ["UpperTorso"] = CFrame.new(8.149072527885437e-10, 2.384185791015625e-07, -1.5890691429376602e-08, 0.9946252107620239, -0.06307528167963028, -0.08211096376180649, 0.06535140424966812, 0.9975408315658569, 0.025331761687994003, 0.08031126111745834, -0.03056166134774685, 0.9963011741638184),
            ["HumanoidRootPart"] = CFrame.new(0, 0, 0, 1, 0, 0, 0, 1, 0, 0, 0, 1),
            ["RightHand"] = CFrame.new(1.73225998878479e-07, -1.7881393432617188e-07, -1.862645149230957e-08, 0.6257078051567078, 0.36388614773750305, 0.6899906396865845, -0.09312093257904053, 0.9130504131317139, -0.3970772325992584, -0.7744793891906738, 0.18418991565704346, 0.6051798462867737),
            ["LeftUpperArm"] = CFrame.new(5.960464477539063e-08, -2.384185791015625e-07, 9.313225746154785e-09, 0.9688254594802856, 0.12808148562908173, -0.21206742525100708, -0.05676710605621338, 0.9479853510856628, 0.3132113814353943, 0.24115309119224548, -0.2914086580276489, 0.9257030487060547),
            ["RightLowerArm"] = CFrame.new(1.1920928955078125e-07, 4.172325134277344e-07, -6.332993507385254e-08, 1, -5.215457932195022e-08, 7.636774057573348e-08, 1.043081283569336e-07, 0.48159468173980713, -0.8763940334320068, 4.470348358154297e-08, 0.8763940930366516, 0.4815947115421295),
            ["LeftHand"] = CFrame.new(1.955777406692505e-08, -1.7881393432617188e-07, 2.9802322387695312e-08, 0.341955304145813, -0.2778817415237427, -0.89769446849823, 0.39597174525260925, 0.9089386463165283, -0.13052935898303986, 0.8522165417671204, -0.3108253479003906, 0.42084062099456787),
            ["RightUpperLeg"] = CFrame.new(-2.9802322387695312e-08, 1.280568540096283e-07, -2.60770320892334e-08, 0.9396474957466125, -0.19216319918632507, -0.2830822765827179, 0.031671687960624695, 0.8726785182952881, -0.48727020621299744, 0.3406751751899719, 0.44889378547668457, 0.8260946273803711),
            ["LeftUpperLeg"] = CFrame.new(0, 5.902256816625595e-08, -7.450580596923828e-09, 0.9904636144638062, 0.004629035014659166, 0.13769710063934326, 0.047750502824783325, 0.9259552955627441, -0.374603807926178, -0.12923531234264374, 0.3776048421859741, 0.9169031977653503),
            ["RightLowerLeg"] = CFrame.new(-1.862645149230957e-08, 1.1920928955078125e-07, 4.470348358154297e-08, 1, -8.447052550764056e-07, -2.7869958785231574e-07, 8.177011068255524e-07, 0.7225061058998108, 0.6913542747497559, -3.9162108578238986e-07, -0.691364586353302, 0.7225160002708435),
            ["RightFoot"] = CFrame.new(1.0989606380462646e-07, 1.7881393432617188e-07, -1.0244548320770264e-08, 0.9927629828453064, -0.00014989906048867851, 0.12008728832006454, 0.03386972099542618, 0.9597494006156921, -0.27880290150642395, -0.11521531641483307, 0.28085795044898987, 0.9528105854988098),
            ["LeftLowerLeg"] = CFrame.new(-1.1175870895385742e-08, -5.960464477539063e-08, -1.1175870895385742e-08, 1, 2.5052486307686195e-07, -1.3504224405380683e-08, -1.8440189819557418e-07, 0.7811117172241211, 0.6243823170661926, 1.611188196193325e-07, -0.6243913173675537, 0.7811189293861389),
        }},
        {Time = 0.100, Data = {
            ["LeftFoot"] = CFrame.new(-9.080395102500916e-08, -7.748603820800781e-07, -7.450580596923828e-09, 0.9997151494026184, 0.01789945922791958, -0.015793126076459885, -0.021824974566698074, 0.9533631801605225, -0.3010312616825104, 0.009668373502790928, 0.3012945055961609, 0.9534834623336792),
            ["LeftLowerArm"] = CFrame.new(-1.1920928955078125e-07, 2.980232238769531e-07, 5.21540641784668e-08, 1, -5.7044168499942316e-08, 6.053530654526185e-08, 8.288770203535023e-08, 0.32629600167274475, -0.9452676773071289, 2.3283061589829401e-10, 0.9452677369117737, 0.3262958526611328),
            ["LowerTorso"] = CFrame.new(-0.03819930553436279, -0.11490011215209961, 0.06629807502031326, 0.9980477094650269, 0.05326443538069725, -0.03261721879243851, -0.05280967056751251, 0.9984971880912781, 0.014649499207735062, 0.03334849700331688, -0.012898430228233337, 0.9993605613708496),
            ["Head"] = CFrame.new(1.0128132998943329e-08, -2.384185791015625e-07, 5.587935447692871e-09, 0.9947088360786438, 0.006047505885362625, 0.10255640745162964, -0.0017241339664906263, 0.9991081357002258, -0.042191460728645325, -0.10272005200386047, 0.04179143160581589, 0.9938321113586426),
            ["RightUpperArm"] = CFrame.new(0, -3.5762786865234375e-07, -1.862645149230957e-09, 0.9647063612937927, -0.17708702385425568, -0.19488993287086487, -0.0445355549454689, 0.619718611240387, -0.7835596799850464, 0.259535014629364, 0.7645842432975769, 0.589959442615509),
            ["UpperTorso"] = CFrame.new(-1.3969838619232178e-08, 2.980232238769531e-07, 1.1175870895385742e-08, 0.9925941228866577, -0.09393153339624405, -0.07703162729740143, 0.09503714740276337, 0.9954150915145874, 0.01080775074660778, 0.07566329836845398, -0.018048450350761414, 0.9969701170921326),
            ["HumanoidRootPart"] = CFrame.new(0, 0, 0, 1, 0, 0, 0, 1, 0, 0, 0, 1),
            ["RightHand"] = CFrame.new(9.615905582904816e-08, -1.1920928955078125e-07, 7.450580596923828e-09, 0.6955183148384094, 0.30000367760658264, 0.6528869271278381, 0.05992850661277771, 0.881279468536377, -0.46878761053085327, -0.7160048484802246, 0.3651634454727173, 0.5949596166610718),
            ["LeftUpperArm"] = CFrame.new(1.1920928955078125e-07, -2.384185791015625e-07, -2.421438694000244e-08, 0.9748181104660034, 0.13092057406902313, -0.18052588403224945, -0.053006090223789215, 0.9223577380180359, 0.3826833963394165, 0.2166103720664978, -0.3634777069091797, 0.9060705900192261),
            ["RightLowerArm"] = CFrame.new(-2.9802322387695312e-08, 4.172325134277344e-07, -1.043081283569336e-07, 1, -2.8638465821018144e-08, 6.100105309769788e-08, 9.220095620321445e-08, 0.47355571389198303, -0.880763828754425, 1.862645593320167e-09, 0.8807639479637146, 0.4735557734966278),
            ["LeftHand"] = CFrame.new(-2.169981598854065e-07, 0, 2.9802322387695312e-08, 0.28864210844039917, -0.2666366994380951, -0.9195628762245178, 0.3659285604953766, 0.9182467460632324, -0.15139539539813995, 0.8847496509552002, -0.2927933633327484, 0.3626067042350769),
            ["RightUpperLeg"] = CFrame.new(-2.9802322387695312e-08, 5.390029400587082e-08, -4.0978193283081055e-08, 0.9321414232254028, -0.23161408305168152, -0.27832871675491333, 0.05941613018512726, 0.8560836315155029, -0.513414204120636, 0.3571866452693939, 0.4620343744754791, 0.8117506504058838),
            ["LeftUpperLeg"] = CFrame.new(0, 8.288770914077759e-08, -2.60770320892334e-08, 0.9859887361526489, -0.011611570604145527, 0.16640810668468475, 0.06889326870441437, 0.9368677735328674, -0.3428315818309784, -0.15192145109176636, 0.34949102997779846, 0.9245404601097107),
            ["RightLowerLeg"] = CFrame.new(-1.3783574104309082e-07, 0, 8.940696716308594e-08, 1, -9.192100378641044e-07, -3.1432301739187096e-07, 8.74512011250772e-07, 0.6820158362388611, 0.7313275933265686, -4.4377526364769437e-07, -0.7313373684883118, 0.6820264458656311),
            ["RightFoot"] = CFrame.new(1.578591763973236e-07, 5.960464477539063e-08, -8.195638656616211e-08, 0.9891889095306396, 0.0023386806715279818, 0.14662452042102814, 0.04255590960383415, 0.9522646069526672, -0.3022873103618622, -0.1403363198041916, 0.30526506900787354, 0.9418724775314331),
            ["LeftLowerLeg"] = CFrame.new(2.2351741790771484e-08, -2.384185791015625e-07, 5.960464477539063e-08, 1, -2.486623031927593e-07, -1.5972237576988846e-07, 2.635643738813087e-07, 0.7901896238327026, 0.6128539443016052, -5.122275936741971e-09, -0.6128625273704529, 0.7901962995529175),
        }},
        {Time = 0.133, Data = {
            ["LeftFoot"] = CFrame.new(-7.450580596923828e-08, -8.344650268554688e-07, 5.21540641784668e-08, 0.9998431205749512, 0.013313274830579758, 0.011690979823470116, -0.009023964405059814, 0.9504944682121277, -0.31060606241226196, -0.015247881412506104, 0.31045642495155334, 0.9504669308662415),
            ["LeftLowerArm"] = CFrame.new(5.960464477539063e-08, 2.384185791015625e-07, 0, 1, -5.6462084785380284e-08, 7.398111989687095e-08, 9.022187441587448e-08, 0.24023468792438507, -0.970714807510376, 2.7881469577550888e-08, 0.970714807510376, 0.24023465812206268),
            ["LowerTorso"] = CFrame.new(-0.03862934187054634, -0.1197049617767334, 0.059326112270355225, 0.9973811507225037, 0.06174011901021004, -0.03766980022192001, -0.06157173961400986, 0.9980869293212891, 0.005614806432276964, 0.03794438764452934, -0.0032807444222271442, 0.999274492263794),
            ["Head"] = CFrame.new(-5.820766091346741e-09, -1.1920928955078125e-07, 1.7695128917694092e-08, 0.9914987087249756, 0.0310894176363945, 0.12634757161140442, -0.022667771205306053, 0.9974581599235535, -0.06755360960960388, -0.1281266212463379, 0.06411558389663696, 0.989683210849762),
            ["RightUpperArm"] = CFrame.new(0, -2.384185791015625e-07, 1.5832483768463135e-08, 0.9734886288642883, -0.22800111770629883, -0.01831219717860222, 0.0928477942943573, 0.46705394983291626, -0.8793407082557678, 0.20904356241226196, 0.8543278574943542, 0.47584104537963867),
            ["UpperTorso"] = CFrame.new(2.0954757928848267e-09, 2.9802322387695312e-08, 1.5366822481155396e-08, 0.9896876215934753, -0.10964006930589676, -0.09218242019414902, 0.1106257438659668, 0.9938462376594543, 0.005636866204440594, 0.09099708497524261, -0.01577664352953434, 0.9957262277603149),
            ["HumanoidRootPart"] = CFrame.new(0, 0, 0, 1, 0, 0, 0, 1, 0, 0, 0, 1),
            ["RightHand"] = CFrame.new(7.450580596923828e-08, -2.980232238769531e-07, 0, 0.9217405319213867, 0.18561063706874847, 0.340509831905365, 0.062355637550354004, 0.7956799864768982, -0.6025077104568481, -0.3827614486217499, 0.5765780806541443, 0.7218292951583862),
            ["LeftUpperArm"] = CFrame.new(1.1920928955078125e-07, -2.384185791015625e-07, -4.6566128730773926e-09, 0.981971263885498, 0.1263946294784546, -0.14055882394313812, -0.05142616108059883, 0.8941612839698792, 0.44478198885917664, 0.18190041184425354, -0.4295348823070526, 0.8845407366752625),
            ["RightLowerArm"] = CFrame.new(5.960464477539063e-08, 2.980232238769531e-07, -2.2351741790771484e-08, 1, -4.470386727462028e-08, 5.9604168711757666e-08, 3.725290298461914e-08, 0.5497903823852539, -0.8353025913238525, 7.450580596923828e-09, 0.8353026509284973, 0.5497905015945435),
            ["LeftHand"] = CFrame.new(-6.548361852765083e-09, 0, 0, 0.2383698672056198, -0.2284897416830063, -0.9439153075218201, 0.30722683668136597, 0.9397567510604858, -0.1498984843492508, 0.9212988615036011, -0.25426289439201355, 0.2942013740539551),
            ["RightUpperLeg"] = CFrame.new(-2.9802322387695312e-08, -1.0064104571938515e-07, -1.1641532182693481e-08, 0.926562488079071, -0.24916218221187592, -0.28177884221076965, 0.07083773612976074, 0.8513193130493164, -0.5198474526405334, 0.3694102168083191, 0.4617072641849518, 0.8064486384391785),
            ["LeftUpperLeg"] = CFrame.new(5.960464477539063e-08, -1.0061194188892841e-07, 6.05359673500061e-09, 0.9804243445396423, -0.007127958349883556, 0.19676756858825684, 0.07171117514371872, 0.9436336755752563, -0.3231315016746521, -0.1833731234073639, 0.33091500401496887, 0.9256719946861267),
            ["RightLowerLeg"] = CFrame.new(-7.82310962677002e-08, -5.960464477539063e-08, 5.960464477539063e-08, 1, -9.350420668852166e-07, -3.469194780336693e-07, 8.773058652877808e-07, 0.662182629108429, 0.7493329644203186, -4.172325134277344e-07, -0.7493425607681274, 0.6621935367584229),
            ["RightFoot"] = CFrame.new(8.055940270423889e-08, -4.172325134277344e-07, 4.7497451305389404e-08, 0.9863414764404297, 0.0026895394548773766, 0.1646873652935028, 0.05002415180206299, 0.9477443695068359, -0.31507810950279236, -0.1569337099790573, 0.3190193176269531, 0.9346677660942078),
            ["LeftLowerLeg"] = CFrame.new(1.30385160446167e-08, 1.1920928955078125e-07, 3.725290298461914e-08, 1, -2.1699749197523488e-07, -1.7858170053841604e-07, 2.4866312742233276e-07, 0.7889384031295776, 0.6144633293151855, -2.537854015827179e-08, -0.6144723892211914, 0.7889453768730164),
        }},
        {Time = 0.167, Data = {
            ["LeftFoot"] = CFrame.new(-8.195638656616211e-08, -8.940696716308594e-07, -1.1175870895385742e-08, 0.9999682307243347, 0.007746754679828882, -0.001888737198896706, -0.007944358512759209, 0.9478169083595276, -0.31871193647384644, -0.0006789820035919547, 0.31872135400772095, 0.9478498101234436),
            ["LeftLowerArm"] = CFrame.new(-1.1920928955078125e-07, 2.980232238769531e-07, -1.862645149230957e-08, 1, -4.796371300130886e-08, 5.82069752397274e-08, 9.452922711261635e-08, 0.18313391506671906, -0.9830880165100098, 2.654268982382746e-08, 0.9830880165100098, 0.18313370645046234),
            ["LowerTorso"] = CFrame.new(-0.03387794643640518, -0.11703157424926758, 0.05291805416345596, 0.9979368448257446, 0.05193715915083885, -0.03774641826748848, -0.05204832926392555, 0.99864262342453, -0.0019676501397043467, 0.037592992186546326, 0.00392819894477725, 0.9992854595184326),
            ["Head"] = CFrame.new(1.3969838619232178e-09, -2.384185791015625e-07, 2.0489096641540527e-08, 0.9871273040771484, 0.05295981839299202, 0.150914266705513, -0.038440607488155365, 0.9944877624511719, -0.09755265712738037, -0.15524865686893463, 0.09049570560455322, 0.9837216734886169),
            ["RightUpperArm"] = CFrame.new(0, -1.1920928955078125e-07, 1.3969838619232178e-08, 0.9579721093177795, -0.19059933722019196, 0.21438641846179962, 0.2678956091403961, 0.3271876275539398, -0.9061900973320007, 0.10257454961538315, 0.9255377650260925, 0.36449703574180603),
            ["UpperTorso"] = CFrame.new(-7.683411240577698e-09, 1.4901161193847656e-07, 2.8347130864858627e-08, 0.9880378842353821, -0.10238561034202576, -0.1153186783194542, 0.10366549342870712, 0.9945989847183228, 0.005140846595168114, 0.11416948586702347, -0.017033839598298073, 0.9933152794837952),
            ["HumanoidRootPart"] = CFrame.new(0, 0, 0, 1, 0, 0, 0, 1, 0, 0, 0, 1),
            ["RightHand"] = CFrame.new(-2.9802322387695312e-08, -2.384185791015625e-07, 2.9802322387695312e-08, 0.8258402347564697, 0.2850772738456726, 0.48654705286026, -0.07115568965673447, 0.9085935950279236, -0.4115844666957855, -0.5593968033790588, 0.3052683174610138, 0.7706297039985657),
            ["LeftUpperArm"] = CFrame.new(5.960464477539063e-08, -2.384185791015625e-07, 2.7008354663848877e-08, 0.9906396269798279, 0.10282539576292038, -0.08977855741977692, -0.04546581581234932, 0.8686957359313965, 0.49325528740882874, 0.1287093311548233, -0.4845562279224396, 0.8652392625808716),
            ["RightLowerArm"] = CFrame.new(-1.7881393432617188e-07, 4.172325134277344e-07, -4.470348358154297e-08, 1, -1.117596504229823e-08, 6.70547137815447e-08, 4.4703494239684005e-08, 0.6041293740272522, -0.796886146068573, 0, 0.7968863844871521, 0.6041295528411865),
            ["LeftHand"] = CFrame.new(8.079223334789276e-08, -1.7881393432617188e-07, -2.9802322387695312e-08, 0.23318643867969513, -0.1856413334608078, -0.9545495510101318, 0.21811529994010925, 0.966582715511322, -0.1346978098154068, 0.9476550221443176, -0.1767912209033966, 0.2658790051937103),
            ["RightUpperLeg"] = CFrame.new(1.1920928955078125e-07, -1.1632801033556461e-07, 2.0256265997886658e-08, 0.9244791865348816, -0.2384505569934845, -0.2974538803100586, 0.06291086971759796, 0.8649685382843018, -0.4978707730770111, 0.37600576877593994, 0.4415549635887146, 0.8146446943283081),
            ["LeftUpperLeg"] = CFrame.new(-1.1920928955078125e-07, -1.6616831999272108e-07, 4.1211023926734924e-08, 0.9739189147949219, 0.018786724656820297, 0.22611765563488007, 0.05482039600610733, 0.9475579261779785, -0.3148486316204071, -0.2201743870973587, 0.3190314471721649, 0.9218141436576843),
            ["RightLowerLeg"] = CFrame.new(-1.0058283805847168e-07, 0, -7.450580596923828e-08, 1, -8.512234330737556e-07, -3.2549894513067557e-07, 8.44709575176239e-07, 0.6766699552536011, 0.7362766265869141, -3.8743019104003906e-07, -0.736286461353302, 0.6766808032989502),
            ["RightFoot"] = CFrame.new(1.0943040251731873e-07, -2.384185791015625e-07, 1.2852251529693604e-07, 0.9851179718971252, 0.0009152730344794691, 0.17187291383743286, 0.0533684603869915, 0.9489275813102722, -0.31094124913215637, -0.16338439285755157, 0.3154928386211395, 0.9347594976425171),
            ["LeftLowerLeg"] = CFrame.new(2.0489096641540527e-08, -1.1920928955078125e-07, -5.960464477539063e-08, 1, 2.4400566189797246e-07, -1.3387805530840069e-08, -1.834705898318134e-07, 0.7845900654792786, 0.6200061440467834, 1.3911633800489653e-07, -0.6200147867202759, 0.7845969200134277),
        }},
        {Time = 0.200, Data = {
            ["LeftFoot"] = CFrame.new(-9.42964106798172e-08, -8.940696716308594e-07, -8.195638656616211e-08, 0.9989680051803589, 0.0029553689528256655, -0.04532364755868912, -0.017050493508577347, 0.9492985606193542, -0.3139088451862335, 0.042098961770534515, 0.3143620491027832, 0.9483707547187805),
            ["LeftLowerArm"] = CFrame.new(2.980232238769531e-07, 3.5762786865234375e-07, 2.7008354663848877e-08, 1, -3.2596688015473774e-08, 9.499379416411102e-08, 7.264316792543468e-08, 0.17258797585964203, -0.9849941730499268, 3.3527616238870905e-08, 0.984994113445282, 0.17258785665035248),
            ["LowerTorso"] = CFrame.new(-0.027014335617423058, -0.10313105583190918, 0.04738833010196686, 0.9989251494407654, 0.03133358433842659, -0.034159090369939804, -0.03165290132164955, 0.9994598031044006, -0.008847278542816639, 0.03386342525482178, 0.00991898775100708, 0.9993772506713867),
            ["Head"] = CFrame.new(5.587935447692871e-09, -1.1920928955078125e-07, 2.514570951461792e-08, 0.985265851020813, 0.06503770500421524, 0.15818141400814056, -0.044424835592508316, 0.9904496073722839, -0.1305227428674698, -0.16515959799289703, 0.12157247215509415, 0.9787454009056091),
            ["RightUpperArm"] = CFrame.new(-5.960464477539063e-08, -2.384185791015625e-07, 3.958120942115784e-08, 0.8464612364768982, -0.21658095717430115, 0.48641160130500793, 0.5303784608840942, 0.2624533772468567, -0.8061124086380005, 0.046928104013204575, 0.9403249025344849, 0.33702632784843445),
            ["UpperTorso"] = CFrame.new(6.170012056827545e-09, 1.1920928955078125e-07, -1.1816155165433884e-08, 0.988880455493927, -0.07688093185424805, -0.1272987723350525, 0.07928489148616791, 0.9967548251152039, 0.013918718323111534, 0.12581560015678406, -0.023856738582253456, 0.9917667508125305),
            ["HumanoidRootPart"] = CFrame.new(0, 0, 0, 1, 0, 0, 0, 1, 0, 0, 0, 1),
            ["RightHand"] = CFrame.new(1.9371509552001953e-07, -2.980232238769531e-07, -2.9802322387695312e-08, 0.4888519048690796, 0.5050038695335388, 0.7113384008407593, -0.1349618285894394, 0.8493724465370178, -0.510248064994812, -0.8618637323379517, 0.1534196138381958, 0.4833679795265198),
            ["LeftUpperArm"] = CFrame.new(1.1920928955078125e-07, -2.384185791015625e-07, -7.450580596923828e-09, 0.9970046281814575, 0.062440406531095505, -0.045639555901288986, -0.0302955973893404, 0.8582371473312378, 0.5123586654663086, 0.07116137444972992, -0.5094411969184875, 0.8575580716133118),
            ["RightLowerArm"] = CFrame.new(-1.1920928955078125e-07, 4.172325134277344e-07, -2.9802322387695312e-08, 1, -2.235190166288703e-08, 6.7054799046673e-08, 4.4703490686970326e-08, 0.6813633441925049, -0.731945276260376, 8.940698137394065e-08, 0.7319454550743103, 0.6813634634017944),
            ["LeftHand"] = CFrame.new(-9.313225746154785e-10, -1.1920928955078125e-07, 0, 0.2359578013420105, -0.14577269554138184, -0.9607692360877991, 0.10383186489343643, 0.9868066906929016, -0.12422142177820206, 0.9662002325057983, -0.07044892013072968, 0.24797488749027252),
            ["RightUpperLeg"] = CFrame.new(5.960464477539063e-08, 7.07223080098629e-08, -2.514570951461792e-08, 0.9274886846542358, -0.2033015787601471, -0.313740074634552, 0.04466509073972702, 0.8934598565101624, -0.44691991806030273, 0.371173620223999, 0.40049731731414795, 0.8377528786659241),
            ["LeftUpperLeg"] = CFrame.new(-5.960464477539063e-08, -8.699134923517704e-08, -4.6566128730773926e-09, 0.9655377268791199, 0.05339036509394646, 0.25472819805145264, 0.02754540555179119, 0.9522720575332642, -0.30400654673576355, -0.25880149006843567, 0.3005450367927551, 0.9179835319519043),
            ["RightLowerLeg"] = CFrame.new(-5.587935447692871e-08, -5.960464477539063e-08, -4.470348358154297e-08, 1, -8.493619247929018e-07, -2.2980482583534467e-07, 7.906928658485413e-07, 0.7261528968811035, 0.6875225305557251, -3.7159770727157593e-07, -0.6875331997871399, 0.7261630892753601),
            ["RightFoot"] = CFrame.new(1.555308699607849e-07, -5.960464477539063e-08, 3.073364496231079e-08, 0.9865779280662537, -0.0010348476935178041, 0.16328375041484833, 0.048543281853199005, 0.9566261172294617, -0.2872397303581238, -0.15590867400169373, 0.2913166880607605, 0.943838894367218),
            ["LeftLowerLeg"] = CFrame.new(7.753260433673859e-08, 0, 1.4901161193847656e-08, 1, 2.1787059267808218e-07, -5.0742698931571795e-08, -1.4976835416291578e-07, 0.7927003502845764, 0.6096031069755554, 1.4645050327999343e-07, -0.6096115708351135, 0.7927067875862122),
        }},
        {Time = 0.233, Data = {
            ["LeftFoot"] = CFrame.new(-2.2351741790771484e-08, -8.344650268554688e-07, 5.587935447692871e-08, 0.9955260753631592, -0.0022425446659326553, -0.09445889294147491, -0.02650427259504795, 0.9529516100883484, -0.3019576668739319, 0.09069416671991348, 0.3031141757965088, 0.948630154132843),
            ["LeftLowerArm"] = CFrame.new(-1.7881393432617188e-07, 4.172325134277344e-07, 3.771856427192688e-08, 1, -8.475137747154804e-08, 6.705450061872398e-08, 7.450581307466564e-08, 0.18961748480796814, -0.9818581342697144, 4.936010356004772e-08, 0.9818580746650696, 0.18961739540100098),
            ["LowerTorso"] = CFrame.new(-0.019134674221277237, -0.0843803882598877, 0.043047938495874405, 0.9995806217193604, 0.007107987068593502, -0.02807268127799034, -0.00752868689596653, 0.9998605847358704, -0.014909028075635433, 0.027962788939476013, 0.01511409878730774, 0.9994947910308838),
            ["Head"] = CFrame.new(-8.381903171539307e-09, -1.1920928955078125e-07, 2.0489096641540527e-08, 0.9877386689186096, 0.06664247065782547, 0.1411777138710022, -0.04238894209265709, 0.9848222136497498, -0.16831079125404358, -0.15025152266025543, 0.16026294231414795, 0.9755718111991882),
            ["RightUpperArm"] = CFrame.new(0, -2.384185791015625e-07, 8.381903171539307e-09, 0.5613894462585449, -0.22630727291107178, 0.7960069179534912, 0.8275447487831116, 0.14956839382648468, -0.541109025478363, 0.0033996189013123512, 0.9625042080879211, 0.271245539188385),
            ["UpperTorso"] = CFrame.new(2.3283064365386963e-10, 5.960464477539063e-08, 2.5029294192790985e-08, 0.9897975921630859, -0.042158108204603195, -0.1361013948917389, 0.04616381600499153, 0.9985847473144531, 0.026409823447465897, 0.13479524850845337, -0.03242343291640282, 0.990342915058136),
            ["HumanoidRootPart"] = CFrame.new(0, 0, 0, 1, 0, 0, 0, 1, 0, 0, 0, 1),
            ["RightHand"] = CFrame.new(-5.21540641784668e-08, -3.5762786865234375e-07, 0, 0.5478487610816956, 0.5022722482681274, 0.6690237522125244, -0.06815819442272186, 0.8238523602485657, -0.5626935362815857, -0.8337962627410889, 0.2626591622829437, 0.4855751395225525),
            ["LeftUpperArm"] = CFrame.new(5.960464477539063e-08, -2.384185791015625e-07, 1.6763806343078613e-08, 0.9998478293418884, 0.015606982633471489, 0.00779659952968359, -0.01740782894194126, 0.8629347681999207, 0.5050152540206909, 0.0011539235711097717, -0.5050743818283081, 0.8630752563476562),
            ["RightLowerArm"] = CFrame.new(-5.960464477539063e-08, 3.5762786865234375e-07, -5.960464477539063e-08, 1, -4.8428947962975144e-08, -4.563467115303865e-08, 5.215407838932151e-08, 0.8568019270896912, -0.5156455039978027, 5.215407838932151e-08, 0.5156457424163818, 0.8568019866943359),
            ["LeftHand"] = CFrame.new(-1.2293457984924316e-07, -5.960464477539063e-08, 7.450580596923828e-08, 0.28419002890586853, -0.10892464965581894, -0.9525623917579651, -0.019714586436748505, 0.9926519989967346, -0.11938831955194473, 0.958565354347229, 0.05270344763994217, 0.2799486815929413),
            ["RightUpperLeg"] = CFrame.new(-2.9802322387695312e-08, -9.988434612751007e-08, 7.450580596923828e-09, 0.9348514676094055, -0.1537015736103058, -0.32004424929618835, 0.02254542149603367, 0.9253146648406982, -0.3785315454006195, 0.3543224334716797, 0.34665337204933167, 0.8684962391853333),
            ["LeftUpperLeg"] = CFrame.new(-5.960464477539063e-08, -2.653687261044979e-07, 1.6763806343078613e-08, 0.953906774520874, 0.09116116166114807, 0.28592225909233093, -0.0037218471989035606, 0.9562666416168213, -0.29247409105300903, -0.30008020997047424, 0.2779277265071869, 0.9125280976295471),
            ["RightLowerLeg"] = CFrame.new(-9.685754776000977e-08, -2.384185791015625e-07, -1.4901161193847656e-08, 1, -6.975580504331447e-07, -1.9627705682978558e-07, 7.189809139163117e-07, 0.7911433577537537, 0.611620306968689, -2.626329376198555e-07, -0.6116308569908142, 0.7911514043807983),
            ["RightFoot"] = CFrame.new(1.0291114449501038e-07, -1.1920928955078125e-07, 1.1548399925231934e-07, 0.9902241230010986, -0.0027559075970202684, 0.13945446908473969, 0.03795235604047775, 0.9674050807952881, -0.250369668006897, -0.13422319293022156, 0.25321900844573975, 0.9580540657043457),
            ["LeftLowerLeg"] = CFrame.new(9.499490261077881e-08, -2.980232238769531e-07, 0, 1, -1.9138614959501865e-07, -1.5739396985736676e-07, 2.514570951461792e-07, 0.8073850274085999, 0.5900167226791382, 7.916241884231567e-09, -0.5900249481201172, 0.8073910474777222),
        }},
        {Time = 0.267, Data = {
            ["LeftFoot"] = CFrame.new(-1.0617077350616455e-07, -9.5367431640625e-07, 4.0978193283081055e-08, 0.9883974194526672, -0.00746934674680233, -0.15170297026634216, -0.036988552659749985, 0.9568833112716675, -0.2881048321723938, 0.1473175585269928, 0.29037678241729736, 0.9455061554908752),
            ["LeftLowerArm"] = CFrame.new(-1.1920928955078125e-07, 3.5762786865234375e-07, 8.66129994392395e-08, 1, -5.867401497994251e-08, 7.264235790671592e-08, 8.381903882082042e-08, 0.24443590641021729, -0.9696654677391052, 3.725290653733282e-08, 0.96966552734375, 0.2444358766078949),
            ["LowerTorso"] = CFrame.new(-0.010964114218950272, -0.06752324104309082, 0.03981827199459076, 0.9996845722198486, -0.013564109802246094, -0.021137960255146027, 0.013135469518601894, 0.9997079372406006, -0.02028682827949524, 0.021406954154372215, 0.02000276744365692, 0.9995707869529724),
            ["Head"] = CFrame.new(-1.862645149230957e-09, -2.384185791015625e-07, 2.6542693376541138e-08, 0.9922168254852295, 0.056476980447769165, 0.1109791174530983, -0.03375367075204849, 0.9798493981361389, -0.19686539471149445, -0.11986115574836731, 0.19158731400966644, 0.9741291999816895),
            ["RightUpperArm"] = CFrame.new(0, -3.5762786865234375e-07, 3.073364496231079e-08, 0.21817219257354736, -0.27688366174697876, 0.9358080625534058, 0.9745859503746033, 0.11175590008497238, -0.19414670765399933, -0.05082598701119423, 0.954382598400116, 0.29422855377197266),
            ["UpperTorso"] = CFrame.new(0, 1.4901161193847656e-07, 2.0954757928848267e-08, 0.9914892911911011, -0.008748547174036503, -0.12989436089992523, 0.013872361741960049, 0.9991587400436401, 0.038593608886003494, 0.12944751977920532, -0.040067125111818314, 0.9907764792442322),
            ["HumanoidRootPart"] = CFrame.new(0, 0, 0, 1, 0, 0, 0, 1, 0, 0, 0, 1),
            ["RightHand"] = CFrame.new(7.450580596923828e-08, -2.384185791015625e-07, -1.471489667892456e-07, 0.6996403336524963, 0.5070473551750183, 0.5034059882164001, -0.22096915543079376, 0.8235637545585632, -0.5224165916442871, -0.679467499256134, 0.2542553246021271, 0.6882320642471313),
            ["LeftUpperArm"] = CFrame.new(5.960464477539063e-08, -3.5762786865234375e-07, -5.587935447692871e-09, 0.9977208375930786, -0.02927023358643055, 0.060798268765211105, -0.0025427229702472687, 0.884070634841919, 0.46734651923179626, -0.0674293041229248, -0.4664360582828522, 0.8819813132286072),
            ["RightLowerArm"] = CFrame.new(-2.9802322387695312e-08, 3.5762786865234375e-07, -2.2351741790771484e-07, 1, -2.444728153250253e-08, 3.4196929732388526e-08, 2.980232594040899e-08, 0.8948975205421448, -0.44627144932746887, -2.7939680791178034e-08, 0.4462716579437256, 0.8948977589607239),
            ["LeftHand"] = CFrame.new(-2.682209014892578e-07, 0, -3.725290298461914e-08, 0.30425724387168884, -0.13197128474712372, -0.9434062242507935, -0.08834291994571686, 0.9821810126304626, -0.16588382422924042, 0.9484847187995911, 0.13380666077136993, 0.28717124462127686),
            ["RightUpperLeg"] = CFrame.new(5.960464477539063e-08, -1.4260876923799515e-07, 1.862645149230957e-08, 0.9422942996025085, -0.1060495674610138, -0.3175452947616577, 0.0026357860770076513, 0.9508230686187744, -0.30972445011138916, 0.33477556705474854, 0.2910137474536896, 0.8962342739105225),
