return {
    ["The Silencer"] = {
        {Time = 0.000, Data = {
            ["RightFoot"] = CFrame.new(-7.450580596923828e-09, 2.980232238769531e-07, -5.75528247281909e-09, 0.9463537335395813, 0.3061518371105194, -0.10339901596307755, -0.3214832842350006, 0.8597264885902405, -0.39688071608543396, -0.03260643780231476, 0.40882956981658936, 0.9120275974273682),
            ["LeftLowerArm"] = CFrame.new(-6.556510925292969e-07, -3.5762786865234375e-07, -1.1920928955078125e-07, 1, -4.0978189730367376e-08, 8.195637946073475e-08, 1.1175870895385742e-07, 0.7669650316238403, -0.6416887640953064, 7.450580596923828e-08, 0.641688883304596, 0.7669651508331299),
            ["RightUpperArm"] = CFrame.new(-1.1920928955078125e-07, -2.384185791015625e-07, -4.470348358154297e-08, 0.9706593751907349, -0.24037499725818634, 0.006215323694050312, 0.2299637794494629, 0.9355382323265076, 0.2681173086166382, -0.07026336342096329, -0.2588205635547638, 0.9633662700653076),
            ["Head"] = CFrame.new(-7.450580596923828e-09, -1.1920928955078125e-07, -1.7695128917694092e-08, 0.9379056096076965, -0.02509859949350357, 0.3459814190864563, 0.0348779670894146, 0.999147891998291, -0.02206766977906227, -0.34513282775878906, 0.03276458755135536, 0.9379818439483643),
            ["RightHand"] = CFrame.new(2.384185791015625e-07, 0, -7.450580596923828e-08, 0.9983408451080322, -0.05756838992238045, -0.0013146988349035382, 0.05603687837719917, 0.9765748381614685, -0.207754448056221, 0.013247178867459297, 0.20733428001403809, 0.9781801700592041),
            ["UpperTorso"] = CFrame.new(4.0745362639427185e-10, 1.1920928955078125e-07, 0, 0.9965768456459045, 0.008733590133488178, -0.0822099894285202, 0.007288243155926466, 0.9812515377998352, 0.19259384274482727, 0.08235081285238266, -0.1925337016582489, 0.9778288006782532),
            ["HumanoidRootPart"] = CFrame.new(0, 0, 0, 1, 0, 0, 0, 1, 0, 0, 0, 1),
            ["RightUpperLeg"] = CFrame.new(-5.960464477539063e-08, -4.889443516731262e-08, -2.4047039914876223e-08, 0.894956648349762, -0.32404401898384094, -0.3066810369491577, 0.32292628288269043, 0.9447704553604126, -0.05587296560406685, 0.30784955620765686, -0.04903554543852806, 0.9501709938049316),
            ["LeftUpperArm"] = CFrame.new(5.960464477539063e-08, -1.1920928955078125e-07, -2.9802322387695312e-08, 0.7898683547973633, 0.43590325117111206, -0.43138906359672546, -0.338113933801651, 0.8963791728019714, 0.286676287651062, 0.5116513967514038, -0.0805777907371521, 0.8554064035415649),
            ["RightLowerArm"] = CFrame.new(-1.4901161193847656e-07, -1.7881393432617188e-07, -1.1920928955078125e-07, 1, -7.497147436197338e-08, -2.79396612512528e-08, 1.4901161193847656e-08, 0.8906868100166321, -0.45461785793304443, 1.4901161193847656e-08, 0.454617440700531, 0.890686571598053),
            ["LeftHand"] = CFrame.new(-3.5762786865234375e-07, 1.7881393432617188e-07, -1.4901161193847656e-08, 0.998694896697998, 0.018735533580183983, 0.04751335829496384, -0.022321471944451332, 0.9968504905700684, 0.07609789073467255, -0.04593804106116295, -0.07705913484096527, 0.9959676861763),
            ["LeftFoot"] = CFrame.new(1.0803341865539551e-07, -1.1920928955078125e-07, 1.0011717677116394e-08, 0.973283052444458, -0.22690337896347046, 0.03514233976602554, 0.226882666349411, 0.9739111661911011, 0.004625593312084675, -0.03527519851922989, 0.0034707498271018267, 0.9993715882301331),
            ["LowerTorso"] = CFrame.new(-0.04307052120566368, -0.15565335750579834, 0.027976304292678833, 0.9634835124015808, -0.01177420374006033, -0.2675090432167053, -0.00007147466385504231, 0.9990214109420776, -0.04422861337661743, 0.26776793599128723, 0.042632631957530975, 0.9625397324562073),
            ["RightLowerLeg"] = CFrame.new(-8.940696716308594e-08, -0.00006020069122314453, -0.00007209012255771086, 1, -2.6077044523731274e-08, -2.235172580355993e-08, 9.685756907629184e-08, 0.8624129295349121, 0.5062052011489868, 5.5879368687783426e-08, -0.5062055587768555, 0.8624130487442017),
            ["LeftUpperLeg"] = CFrame.new(1.1920928955078125e-07, 8.102506399154663e-08, 2.2351741790771484e-08, 0.963792622089386, 0.2666510343551636, -0.0010150987654924393, -0.234466552734375, 0.8456379771232605, -0.47950175404548645, -0.127001091837883, 0.46237826347351074, 0.8775404095649719),
            ["LeftLowerLeg"] = CFrame.new(-5.960464477539063e-08, 0.000060439109802246094, 0.00007198750972747803, 1, 6.984918599073353e-08, 2.072192195612388e-08, -3.725290298461914e-08, 0.853174090385437, 0.521626353263855, 0, -0.5216262936592102, 0.8531740307807922),
        }},
        {Time = 0.033, Data = {
            ["RightFoot"] = CFrame.new(-8.195638656616211e-08, 1.7881393432617188e-07, 5.3849362302571535e-08, 0.9465172290802002, 0.30564406514167786, -0.10340367257595062, -0.32105889916419983, 0.8603402376174927, -0.3958929181098938, -0.032035984098911285, 0.407917320728302, 0.9124563932418823),
            ["LeftLowerArm"] = CFrame.new(-1.7881393432617188e-07, 5.960464477539063e-08, 2.980232238769531e-07, 1, -5.21540641784668e-08, 7.450580596923828e-09, 5.960465188081798e-08, 0.7661383152008057, -0.6426756381988525, 6.705523247774181e-08, 0.6426757574081421, 0.7661384344100952),
            ["RightUpperArm"] = CFrame.new(-5.960464477539063e-08, 0, 1.043081283569336e-07, 0.9705736041069031, -0.24062664806842804, 0.009174569509923458, 0.22927843034267426, 0.935092568397522, 0.2702505588531494, -0.07360868901014328, -0.26019394397735596, 0.9627463817596436),
            ["Head"] = CFrame.new(3.166496753692627e-08, 0, 4.0978193283081055e-08, 0.9376119375228882, -0.024548491463065147, 0.3468157947063446, 0.03345484659075737, 0.9992457628250122, -0.019715474918484688, -0.34607037901878357, 0.030088216066360474, 0.9377260804176331),
            ["RightHand"] = CFrame.new(-8.940696716308594e-08, 3.5762786865234375e-07, 7.450580596923828e-09, 0.9982759952545166, -0.058680459856987, -0.0014165483880788088, 0.05711107328534126, 0.9766246676445007, -0.2072269767522812, 0.013546339236199856, 0.20678704977035522, 0.978291928768158),
            ["UpperTorso"] = CFrame.new(3.3178366720676422e-09, 8.940696716308594e-08, 2.7939677238464355e-09, 0.996588945388794, 0.008268910460174084, -0.08211015909910202, 0.007730877958238125, 0.9812377095222473, 0.19264698028564453, 0.08216265588998795, -0.19262465834617615, 0.977826714515686),
            ["HumanoidRootPart"] = CFrame.new(0, 0, 0, 1, 0, 0, 0, 1, 0, 0, 0, 1),
            ["RightUpperLeg"] = CFrame.new(-5.960464477539063e-08, -1.280568540096283e-07, 1.6931153368204832e-08, 0.8955093622207642, -0.32299816608428955, -0.306170254945755, 0.32288795709609985, 0.9449775815010071, -0.052486393600702286, 0.3062784671783447, -0.05186085030436516, 0.9505288600921631),
            ["LeftUpperArm"] = CFrame.new(5.960464477539063e-08, 0, 5.960464477539063e-08, 0.7887017130851746, 0.4371987581253052, -0.43221166729927063, -0.33759066462516785, 0.8955549597740173, 0.28985121846199036, 0.5137919783592224, -0.08269550651311874, 0.8539201021194458),
            ["RightLowerArm"] = CFrame.new(2.384185791015625e-07, -5.364418029785156e-07, 5.960464477539063e-08, 1, -9.918588972368525e-08, -7.264314660915261e-08, 5.2154071283894154e-08, 0.8861039876937866, -0.46348750591278076, 2.2351745343485163e-08, 0.4634866416454315, 0.8861035108566284),
            ["LeftHand"] = CFrame.new(-2.384185791015625e-07, -1.1920928955078125e-07, 1.2665987014770508e-07, 0.9986116290092468, 0.018986700102686882, 0.049135368317365646, -0.022755401208996773, 0.996747612953186, 0.07730785757303238, -0.047507867217063904, -0.07831878960132599, 0.995795726776123),
            ["LeftFoot"] = CFrame.new(7.450580596923828e-09, 5.960464477539063e-08, -8.149072527885437e-09, 0.9730570912361145, -0.227487251162529, 0.037544745951890945, 0.22744476795196533, 0.9737756848335266, 0.005452016368508339, -0.037800516933202744, 0.0032343692146241665, 0.9992800951004028),
            ["LowerTorso"] = CFrame.new(-0.04264557361602783, -0.15509450435638428, 0.02823168970644474, 0.9632272124290466, -0.012949970550835133, -0.268375962972641, 0.0003445533220656216, 0.998896598815918, -0.04696324095129967, 0.268687903881073, 0.04514377564191818, 0.9621688723564148),
            ["RightLowerLeg"] = CFrame.new(5.960464477539063e-08, -0.000060558319091796875, -0.00007206032023532316, 1, -7.357449760547752e-08, -1.043080430918053e-07, 4.470348358154297e-08, 0.8633558750152588, 0.5045952200889587, 3.91155481338501e-08, -0.5045955777168274, 0.8633561134338379),
            ["LeftUpperLeg"] = CFrame.new(2.9802322387695312e-08, -6.984919309616089e-08, 1.1175870895385742e-08, 0.9636499881744385, 0.2671617567539215, -0.0018688580021262169, -0.23578831553459167, 0.8471556901931763, -0.47616276144981384, -0.1256290227174759, 0.4592950642108917, 0.8793551921844482),
            ["LeftLowerLeg"] = CFrame.new(-7.450580596923828e-09, 0.000060617923736572266, 0.00007225573062896729, 1, 7.40401517873579e-08, -4.6566133171666024e-09, -5.21540641784668e-08, 0.8534753918647766, 0.5211332440376282, -7.450580596923828e-09, -0.5211333632469177, 0.8534753322601318),
        }},
        {Time = 0.067, Data = {
            ["RightFoot"] = CFrame.new(1.1920928955078125e-07, 3.5762786865234375e-07, -2.8107024263590574e-08, 0.9469372034072876, 0.3043910264968872, -0.10325443744659424, -0.3199090361595154, 0.8614289164543152, -0.3944537937641144, -0.03111746720969677, 0.4065541625022888, 0.9130963087081909),
            ["LeftLowerArm"] = CFrame.new(5.960464477539063e-08, -5.960464477539062e-07, -2.384185791015625e-07, 1, -1.378357268322361e-07, -8.940695295223122e-08, 4.8428766774577525e-08, 0.7653542160987854, -0.6436094045639038, 6.70552182668871e-08, 0.6436092853546143, 0.7653541564941406),
            ["RightUpperArm"] = CFrame.new(-5.960464477539063e-08, 0, 4.470348358154297e-08, 0.970241367816925, -0.24166342616081238, 0.015131810680031776, 0.22860346734523773, 0.9348135590553284, 0.27178308367729187, -0.07982565462589264, -0.2602353096008301, 0.9622395634651184),
            ["Head"] = CFrame.new(0, -1.1920928955078125e-07, 2.60770320892334e-08, 0.9365608096122742, -0.02358868718147278, 0.34971070289611816, 0.03215034306049347, 0.9993082284927368, -0.018696455284953117, -0.34902772307395935, 0.02875380963087082, 0.9366711974143982),
            ["RightHand"] = CFrame.new(-4.470348358154297e-08, 1.7881393432617188e-07, 7.450580596923828e-09, 0.9982063174247742, -0.059870507568120956, -0.00015181295748334378, 0.058544885367155075, 0.9766750335693359, -0.20658883452415466, 0.012519532814621925, 0.20620755851268768, 0.9784278869628906),
            ["UpperTorso"] = CFrame.new(1.862645149230957e-09, -2.9802322387695312e-08, -7.450580596923828e-09, 0.9966095685958862, 0.007395842578262091, -0.08194341510534286, 0.00856672041118145, 0.9812105894088745, 0.19274947047233582, 0.08182936161756516, -0.19279798865318298, 0.9778205752372742),
            ["HumanoidRootPart"] = CFrame.new(0, 0, 0, 1, 0, 0, 0, 1, 0, 0, 0, 1),
            ["RightUpperLeg"] = CFrame.new(0, 1.6158446669578552e-07, -5.420588422566652e-09, 0.8970491886138916, -0.32177117466926575, -0.30293795466423035, 0.32143163681030273, 0.9454776048660278, -0.05242105945944786, 0.30328965187072754, -0.05035359784960747, 0.9515674710273743),
            ["LeftUpperArm"] = CFrame.new(0, 0, 2.9802322387695312e-08, 0.787417471408844, 0.43942028284072876, -0.4323004484176636, -0.33834153413772583, 0.8943201303482056, 0.2927740514278412, 0.5152658224105835, -0.08427014201879501, 0.8528773188591003),
            ["RightLowerArm"] = CFrame.new(-3.5762786865234375e-07, -1.1920928955078125e-07, -2.9802322387695312e-08, 1, -4.167669942489738e-08, -2.6077014325665004e-08, 5.960464477539063e-08, 0.8792904019355774, -0.47628673911094666, 0, 0.4762860834598541, 0.879289984703064),
            ["LeftHand"] = CFrame.new(5.960464477539063e-08, -3.5762786865234375e-07, 1.4901161193847656e-08, 0.9984509348869324, 0.020850438624620438, 0.05158475786447525, -0.024811144918203354, 0.9966937303543091, 0.0773700699210167, -0.049801185727119446, -0.07853006571531296, 0.9956670999526978),
            ["LeftFoot"] = CFrame.new(1.1175870895385742e-08, 5.960464477539063e-08, -4.866160452365875e-08, 0.9727678894996643, -0.22826248407363892, 0.04023745283484459, 0.22814667224884033, 0.9735978841781616, 0.0075045740231871605, -0.04088829830288887, 0.0018796382937580347, 0.9991620182991028),
            ["LowerTorso"] = CFrame.new(-0.0422070175409317, -0.15418028831481934, 0.030133282765746117, 0.9623557925224304, -0.014064089395105839, -0.27142876386642456, 0.0009339611860923469, 0.9988255500793457, -0.048442818224430084, 0.2717912197113037, 0.04636570066213608, 0.96123868227005),
            ["RightLowerLeg"] = CFrame.new(8.940696716308594e-08, -0.000060498714447021484, -0.00007209757313830778, 1, -2.933667175852861e-08, -2.235172757991677e-08, 1.564621925354004e-07, 0.8634428977966309, 0.5044462084770203, 9.313225746154785e-09, -0.5044466853141785, 0.86344313621521),
            ["LeftUpperLeg"] = CFrame.new(0, 4.470348358154297e-08, 3.725290298461914e-09, 0.9631422758102417, 0.2689913213253021, -0.0009081913740374148, -0.23737402260303497, 0.8483369946479797, -0.4732629656791687, -0.12653297185897827, 0.45603516697883606, 0.8809208273887634),
            ["LeftLowerLeg"] = CFrame.new(-1.4901161193847656e-08, 0.000060677528381347656, 0.00007200241088867188, 1, 7.590278272573414e-08, -9.546055501630235e-09, -2.2351741790771484e-08, 0.8547491431236267, 0.5190414190292358, 3.725290298461914e-08, -0.5190414190292358, 0.8547491431236267),
        }},
        {Time = 0.100, Data = {
            ["RightFoot"] = CFrame.new(3.725290298461914e-08, 3.5762786865234375e-07, -3.55576048605144e-08, 0.9473955631256104, 0.30306267738342285, -0.10295674204826355, -0.31862872838974, 0.8625688552856445, -0.39299631118774414, -0.030290596187114716, 0.4051271378993988, 0.9137580990791321),
            ["LeftLowerArm"] = CFrame.new(5.960464477539063e-08, 2.980232238769531e-07, 0, 1, -1.043081283569336e-07, -5.215407838932151e-08, 4.0978196835794733e-08, 0.7665255069732666, -0.6422138810157776, 7.450581485102248e-09, 0.6422138810157776, 0.7665256261825562),
            ["RightUpperArm"] = CFrame.new(1.1920928955078125e-07, 1.1920928955078125e-07, -1.4901161193847656e-08, 0.9688875079154968, -0.24623917043209076, 0.024937324225902557, 0.23063276708126068, 0.9348172545433044, 0.27005043625831604, -0.0898088589310646, -0.2558964192867279, 0.9625231623649597),
            ["Head"] = CFrame.new(-2.7939677238464355e-09, 0, 2.3283064365386963e-08, 0.9341921210289001, -0.02233903296291828, 0.3560701608657837, 0.03187708556652069, 0.9992724061012268, -0.02094104327261448, -0.3553435206413269, 0.030913570895791054, 0.934224545955658),
            ["RightHand"] = CFrame.new(-3.8743019104003906e-07, 1.7881393432617188e-07, -2.9802322387695312e-08, 0.9981904029846191, -0.06009175255894661, 0.002299852203577757, 0.05932582914829254, 0.9778265357017517, -0.20083816349506378, 0.009822807274758816, 0.2006094604730606, 0.9796217679977417),
            ["UpperTorso"] = CFrame.new(2.0954757928848267e-09, -3.5762786865234375e-07, 1.862645149230957e-09, 0.9965944290161133, 0.005834308918565512, -0.08225329220294952, 0.010136538185179234, 0.9812608361244202, 0.19241774082183838, 0.08183463662862778, -0.1925962269306183, 0.9778598546981812),
            ["HumanoidRootPart"] = CFrame.new(0, 0, 0, 1, 0, 0, 0, 1, 0, 0, 0, 1),
            ["RightUpperLeg"] = CFrame.new(0, -2.6635825634002686e-07, -1.6596459317952394e-08, 0.8996070623397827, -0.3220890760421753, -0.294908732175827, 0.3191157579421997, 0.9458405375480652, -0.05954064428806305, 0.29811444878578186, -0.04055078700184822, 0.9536686539649963),
            ["LeftUpperArm"] = CFrame.new(0, 1.1920928955078125e-07, 1.1920928955078125e-07, 0.7890138030052185, 0.44044265151023865, -0.4283309578895569, -0.341118186712265, 0.8939035534858704, 0.2908177077770233, 0.5109751224517822, -0.0833476260304451, 0.8555452823638916),
            ["RightLowerArm"] = CFrame.new(-4.172325134277344e-07, -7.748603820800781e-07, -2.9802322387695312e-08, 1, -4.516916618513278e-08, 3.1664949773357876e-08, -7.450581485102248e-09, 0.8704216480255127, -0.49230751395225525, 0, 0.49230700731277466, 0.8704214096069336),
            ["LeftHand"] = CFrame.new(-1.1920928955078125e-07, -1.1920928955078125e-07, 1.4901161193847656e-08, 0.998149573802948, 0.02861250936985016, 0.0536544993519783, -0.03246976062655449, 0.996843159198761, 0.0724531039595604, -0.05141181871294975, -0.07406124472618103, 0.995927631855011),
            ["LeftFoot"] = CFrame.new(2.9802322387695312e-08, 5.960464477539063e-08, -2.3283064365386963e-09, 0.9722687602043152, -0.2292027324438095, 0.04647092521190643, 0.22903211414813995, 0.9733770489692688, 0.009038022719323635, -0.04730547219514847, 0.001855739508755505, 0.9988788366317749),
            ["LowerTorso"] = CFrame.new(-0.0425189845263958, -0.1534414291381836, 0.03264066204428673, 0.9605004787445068, -0.013948260806500912, -0.2779286801815033, 0.001043859519995749, 0.9989165663719177, -0.04652462527155876, 0.27827638387680054, 0.0443967841565609, 0.9594744443893433),
            ["RightLowerLeg"] = CFrame.new(-5.960464477539063e-08, -0.000060617923736572266, -0.000071978363848757, 1, -7.264318924171675e-08, -2.235172580355993e-08, 1.564622067462551e-07, 0.8611035943031311, 0.5084292888641357, 1.3783575525394554e-07, -0.5084297060966492, 0.8611038327217102),
            ["LeftUpperLeg"] = CFrame.new(-5.960464477539063e-08, -2.635642886161804e-07, 7.450580596923828e-09, 0.9625067114830017, 0.27125486731529236, 0.0013387127546593547, -0.23829863965511322, 0.8479035496711731, -0.4735749363899231, -0.1295943409204483, 0.45550015568733215, 0.8807525634765625),
            ["LeftLowerLeg"] = CFrame.new(2.5331974029541016e-07, 0.00006079673767089844, 0.00007236003875732422, 1, 5.494803900774059e-08, 4.12110274794486e-08, -4.470348358154297e-08, 0.8544571399688721, 0.5195221304893494, -1.4901161193847656e-08, -0.5195220708847046, 0.8544570207595825),
        }},
        {Time = 0.133, Data = {
            ["RightFoot"] = CFrame.new(2.2351741790771484e-08, 4.76837158203125e-07, -1.1751399142667651e-07, 0.9476255178451538, 0.3028371334075928, -0.10149417817592621, -0.3179737329483032, 0.8647048473358154, -0.38881030678749084, -0.02997908554971218, 0.40071824193000793, 0.91571044921875),
            ["LeftLowerArm"] = CFrame.new(-2.980232238769531e-07, -3.5762786865234375e-07, -5.960464477539063e-08, 1, -1.4156103134155273e-07, -6.705523247774181e-08, 7.078052277620372e-08, 0.7691566348075867, -0.6390599608421326, 6.705523247774181e-08, 0.639060378074646, 0.7691569328308105),
            ["RightUpperArm"] = CFrame.new(0, 0, 5.960464477539063e-08, 0.9648981690406799, -0.2592017948627472, 0.04224146157503128, 0.23999880254268646, 0.9356017112731934, 0.25894421339035034, -0.10663996636867523, -0.23971635103225708, 0.964968204498291),
            ["Head"] = CFrame.new(4.6566128730773926e-09, -2.384185791015625e-07, 7.450580596923828e-08, 0.9298496842384338, -0.0197382140904665, 0.36740994453430176, 0.03293216601014137, 0.9990169405937195, -0.029675614088773727, -0.3664630949497223, 0.03969355672597885, 0.9295855760574341),
            ["RightHand"] = CFrame.new(-1.9371509552001953e-07, -1.7881393432617188e-07, 1.955777406692505e-08, 0.9983665347099304, -0.05592310428619385, 0.011718569323420525, 0.057127468287944794, 0.9802871346473694, -0.1891399323940277, -0.0009074201225303113, 0.18949902057647705, 0.9818803071975708),
            ["UpperTorso"] = CFrame.new(2.5029294192790985e-09, 1.1920928955078125e-07, 5.587935447692871e-09, 0.9965946674346924, 0.003230695379897952, -0.08239378035068512, 0.01260440330952406, 0.981520414352417, 0.1909424364566803, 0.08148814737796783, -0.19133073091506958, 0.9781371355056763),
            ["HumanoidRootPart"] = CFrame.new(0, 0, 0, 1, 0, 0, 0, 1, 0, 0, 0, 1),
            ["RightUpperLeg"] = CFrame.new(0, 2.2258609533309937e-07, -2.032174961641431e-08, 0.9034852981567383, -0.3266220688819885, -0.2775566875934601, 0.3175818920135498, 0.9449938535690308, -0.07824718207120895, 0.28784722089767456, -0.01745576225221157, 0.9575175046920776),
            ["LeftUpperArm"] = CFrame.new(0, -1.1920928955078125e-07, 2.9802322387695312e-08, 0.7949191927909851, 0.4382598400115967, -0.4195615351200104, -0.3449689745903015, 0.8953553438186646, 0.28166499733924866, 0.4990992546081543, -0.07916509360074997, 0.8629211783409119),
            ["RightLowerArm"] = CFrame.new(3.5762786865234375e-07, 2.384185791015625e-07, 2.682209014892578e-07, 1, -4.749744419996205e-08, 3.725286745748235e-08, 5.215404996761208e-08, 0.855877697467804, -0.5171788930892944, 2.9802315282267955e-08, 0.5171781778335571, 0.8558773398399353),
            ["LeftHand"] = CFrame.new(-5.960464477539063e-08, 0, -1.1175870895385742e-07, 0.9975994825363159, 0.03877077251672745, 0.057377275079488754, -0.04262889176607132, 0.9968001842498779, 0.06761784851551056, -0.054572075605392456, -0.06990179419517517, 0.9960601329803467),
            ["LeftFoot"] = CFrame.new(0, 0, -8.533243089914322e-08, 0.9713510870933533, -0.229676753282547, 0.06103828549385071, 0.22986173629760742, 0.973214864730835, 0.004067279398441315, -0.06033772975206375, 0.010079367086291313, 0.9981272220611572),
            ["LowerTorso"] = CFrame.new(-0.04541032761335373, -0.1532609462738037, 0.03189593181014061, 0.9567506909370422, -0.01181629579514265, -0.2906690835952759, 0.00037734475336037576, 0.9992243051528931, -0.039378486573696136, 0.2909088432788849, 0.037565700709819794, 0.9560129642486572),
            ["RightLowerLeg"] = CFrame.new(2.9802322387695312e-08, -0.00006026029586791992, -0.00007212737546069548, 1, -6.239863381551913e-08, -3.725288166833707e-08, 1.6391277313232422e-07, 0.8534952998161316, 0.5211004018783569, 6.332993507385254e-08, -0.5211006999015808, 0.8534954190254211),
            ["LeftUpperLeg"] = CFrame.new(1.1920928955078125e-07, 2.1606683731079102e-07, -2.60770320892334e-08, 0.9619938731193542, 0.2730296552181244, 0.004771936219185591, -0.23722299933433533, 0.8442326188087463, -0.4806213080883026, -0.13525211811065674, 0.46122267842292786, 0.8769153356552124),
            ["LeftLowerLeg"] = CFrame.new(-1.7881393432617188e-07, 0.000060617923736572266, 0.00007203221321105957, 1, 6.286428799739952e-08, -2.1245801562486122e-08, -2.9802318834981634e-08, 0.8469811677932739, 0.5316231846809387, 2.2351738238057806e-08, -0.5316230058670044, 0.8469809889793396),
        }},
        {Time = 0.167, Data = {
            ["RightFoot"] = CFrame.new(1.4901161193847656e-08, 2.980232238769531e-07, 3.894820110872388e-08, 0.9487508535385132, 0.30099424719810486, -0.09633146971464157, -0.3145904541015625, 0.8704786896705627, -0.37854310870170593, -0.030080389231443405, 0.3894474506378174, 0.9205572009086609),
            ["LeftLowerArm"] = CFrame.new(-1.1920928955078125e-07, 1.1920928955078125e-07, -5.364418029785156e-07, 1, -5.960464477539063e-08, 3.725290298461914e-08, 5.5879347371501353e-08, 0.7722062468528748, -0.6353719830513, 9.685753354915505e-08, 0.6353719234466553, 0.7722063064575195),
            ["RightUpperArm"] = CFrame.new(0, -1.1920928955078125e-07, -2.9802322387695312e-08, 0.9570460915565491, -0.28070807456970215, 0.07255398482084274, 0.2549934387207031, 0.9340229630470276, 0.2501635253429413, -0.13798987865447998, -0.22091680765151978, 0.9654812812805176),
            ["Head"] = CFrame.new(5.587935447692871e-09, -1.1920928955078125e-07, -1.3969838619232178e-08, 0.9238752126693726, -0.014699194580316544, 0.3824114203453064, 0.03386775776743889, 0.9984817504882812, -0.04344186186790466, -0.38119226694107056, 0.053086381405591965, 0.9229703545570374),
            ["RightHand"] = CFrame.new(-2.8312206268310547e-07, -2.384185791015625e-07, 5.21540641784668e-08, 0.9983227849006653, -0.04989263415336609, 0.029376788064837456, 0.054176148027181625, 0.9839332103729248, -0.17011921107769012, -0.020413383841514587, 0.1714245080947876, 0.9849855303764343),
            ["UpperTorso"] = CFrame.new(-3.4924596548080444e-10, 2.9802322387695312e-08, 7.450580596923828e-09, 0.9963085055351257, 0.00031970656709745526, -0.08584488183259964, 0.01592579297721386, 0.9819458723068237, 0.18849043548107147, 0.08435535430908203, -0.18916179239749908, 0.9783159494400024),
            ["HumanoidRootPart"] = CFrame.new(0, 0, 0, 1, 0, 0, 0, 1, 0, 0, 0, 1),
            ["RightUpperLeg"] = CFrame.new(0, 2.046581357717514e-07, 7.617927622050047e-09, 0.9066944122314453, -0.33645299077033997, -0.2543819546699524, 0.3193516731262207, 0.9415673613548279, -0.10704995691776276, 0.27553555369377136, 0.01582043245434761, 0.9611608386039734),
            ["LeftUpperArm"] = CFrame.new(0, -3.5762786865234375e-07, -2.9802322387695312e-08, 0.8066303133964539, 0.43144771456718445, -0.40398094058036804, -0.34352171421051025, 0.8984122276306152, 0.273584246635437, 0.48097872734069824, -0.08190510421991348, 0.8728981614112854),
            ["RightLowerArm"] = CFrame.new(-2.384185791015625e-07, -5.960464477539062e-07, 0, 1, -9.872024975265958e-08, 1.1175862013601545e-08, 5.960464477539063e-08, 0.8306397199630737, -0.5568116307258606, -2.2351741790771484e-08, 0.5568103790283203, 0.8306388258934021),
            ["LeftHand"] = CFrame.new(-5.960464477539063e-08, 1.1920928955078125e-07, 7.450580596923828e-08, 0.9969808459281921, 0.046451177448034286, 0.06222224980592728, -0.05035458132624626, 0.9967610836029053, 0.06270566582679749, -0.05910812318325043, -0.06564950197935104, 0.9960906505584717),
            ["LeftFoot"] = CFrame.new(-4.470348358154297e-08, 5.960464477539063e-08, 2.3283064365386963e-09, 0.9709072709083557, -0.2270347774028778, 0.07612037658691406, 0.22813229262828827, 0.9736121296882629, -0.005932773929089308, -0.07276498526334763, 0.023125378414988518, 0.9970809817314148),
            ["LowerTorso"] = CFrame.new(-0.05267377570271492, -0.1521226167678833, 0.025891054421663284, 0.9522625207901001, -0.008656403049826622, -0.30515778064727783, -0.0006000982830300927, 0.9995428919792175, -0.030226655304431915, 0.3052798807621002, 0.02896682173013687, 0.95182204246521),
            ["RightLowerLeg"] = CFrame.new(1.4901161193847656e-08, -0.00006026029586791992, -0.00007209012255771086, 1, -1.369044611010395e-07, -7.4505797087454084e-09, 1.1175870895385742e-08, 0.8374363780021667, 0.5465345978736877, 1.4901161193847656e-07, -0.5465348362922668, 0.8374366164207458),
            ["LeftUpperLeg"] = CFrame.new(2.9802322387695312e-08, 4.44706529378891e-08, 1.862645149230957e-09, 0.9619803428649902, 0.2728525996208191, 0.012057785876095295, -0.23225952684879303, 0.8404958844184875, -0.4895119369029999, -0.14369887113571167, 0.46810051798820496, 0.8719132542610168),
            ["LeftLowerLeg"] = CFrame.new(-3.725290298461914e-08, 0.00006073713302612305, 0.0000718832015991211, 1, 4.7730281949043274e-08, 1.955777406692505e-08, -5.960464477539063e-08, 0.8364714980125427, 0.5480103492736816, 7.450580596923828e-09, -0.5480104088783264, 0.8364716172218323),
        }},
        {Time = 0.200, Data = {
            ["RightFoot"] = CFrame.new(-1.1175870895385742e-07, 3.5762786865234375e-07, 9.85528458841145e-08, 0.9518200159072876, 0.29426202178001404, -0.08633516728878021, -0.30505916476249695, 0.8798484206199646, -0.36441874504089355, -0.031267933547496796, 0.3731979727745056, 0.9272245168685913),
            ["LeftLowerArm"] = CFrame.new(-1.7881393432617188e-07, 1.7881393432617188e-07, 1.1920928955078125e-07, 1, -3.725291186640334e-09, -1.862645149230957e-08, 1.1175872671742582e-08, 0.7812313437461853, -0.6242416501045227, -1.4156104555240745e-07, 0.6242416501045227, 0.7812313437461853),
            ["RightUpperArm"] = CFrame.new(-5.960464477539063e-08, -1.1920928955078125e-07, -2.9802322387695312e-08, 0.9438071846961975, -0.3115113377571106, 0.11039433628320694, 0.27616944909095764, 0.9268494844436646, 0.2543283700942993, -0.18154482543468475, -0.20954926311969757, 0.9607966542243958),
            ["Head"] = CFrame.new(-3.725290298461914e-09, 0, -1.210719347000122e-08, 0.9173415899276733, -0.009400404989719391, 0.39799004793167114, 0.03743480518460274, 0.9973283410072327, -0.0627281442284584, -0.3963371515274048, 0.07244191318750381, 0.915242612361908),
            ["RightHand"] = CFrame.new(-8.940696716308594e-08, 1.7881393432617188e-07, 2.9802322387695312e-08, 0.9969459772109985, -0.046402014791965485, 0.06282057613134384, 0.05368165299296379, 0.9913572072982788, -0.11970430612564087, -0.056718483567237854, 0.122710682451725, 0.9908201694488525),
            ["UpperTorso"] = CFrame.new(-1.862645149230957e-09, 1.1920928955078125e-07, 1.862645149230957e-09, 0.9956510663032532, -0.0025329121854156256, -0.09312676638364792, 0.019852008670568466, 0.9824392795562744, 0.1855238676071167, 0.09102150797843933, -0.18656575679779053, 0.9782170057296753),
            ["HumanoidRootPart"] = CFrame.new(0, 0, 0, 1, 0, 0, 0, 1, 0, 0, 0, 1),
            ["RightUpperLeg"] = CFrame.new(0, 4.27768100053072e-07, -1.6952981241047382e-09, 0.9065551161766052, -0.3581641912460327, -0.2233428806066513, 0.3310544490814209, 0.931585967540741, -0.15014958381652832, 0.261841356754303, 0.06217631697654724, 0.9631059169769287),
            ["LeftUpperArm"] = CFrame.new(5.960464477539063e-08, 1.1920928955078125e-07, 0, 0.8245649933815002, 0.4178486168384552, -0.3814381957054138, -0.3361886441707611, 0.9041281342506409, 0.2636844217777252, 0.45504918694496155, -0.08918961137533188, 0.8859884142875671),
            ["RightLowerArm"] = CFrame.new(-3.5762786865234375e-07, 1.7881393432617188e-07, 8.940696716308594e-08, 1, -6.705528932116067e-08, -3.7252863016590254e-09, 1.0430814256778831e-07, 0.7698894143104553, -0.638178825378418, -6.705523247774181e-08, 0.6381773948669434, 0.7698882222175598),
            ["LeftHand"] = CFrame.new(-5.960464477539063e-08, 1.7881393432617188e-07, 1.4901161193847656e-08, 0.9964872598648071, 0.04455545172095299, 0.07090959697961807, -0.04863537847995758, 0.9971951246261597, 0.05689079686999321, -0.06817558407783508, -0.060139432549476624, 0.9958590865135193),
            ["LeftFoot"] = CFrame.new(-5.587935447692871e-08, 1.1920928955078125e-07, 4.0978193283081055e-08, 0.9718838334083557, -0.2191581428050995, 0.08609046787023544, 0.22174251079559326, 0.9748663306236267, -0.021584918722510338, -0.07919637858867645, 0.040067657828330994, 0.9960534572601318),
            ["LowerTorso"] = CFrame.new(-0.06558358669281006, -0.15055477619171143, 0.01205045823007822, 0.9476218223571777, -0.0012784333666786551, -0.3193923234939575, -0.006172649096697569, 0.9997320175170898, -0.02231559343636036, 0.31933513283729553, 0.02311822399497032, 0.9473598599433899),
            ["RightLowerLeg"] = CFrame.new(4.470348358154297e-08, -0.000060498714447021484, -0.00007204541907412931, 1, -1.2852254371864547e-07, -1.490115231206346e-08, 5.774199962615967e-08, 0.8026554584503174, 0.5964425802230835, 2.7194619178771973e-07, -0.5964430570602417, 0.8026557564735413),
            ["LeftUpperLeg"] = CFrame.new(0, 2.688029780983925e-07, -2.2351741790771484e-08, 0.9634650945663452, 0.2662932574748993, 0.028690535575151443, -0.21770629286766052, 0.8410326242446899, -0.49524539709091187, -0.1560099571943283, 0.470905601978302, 0.8682793378829956),
            ["LeftLowerLeg"] = CFrame.new(-8.940696716308594e-08, 0.000060617923736572266, 0.00007207691669464111, 1, 1.3853419744691564e-08, 3.5390254282674505e-08, -4.470348358154297e-08, 0.8257180452346802, 0.5640832185745239, -1.4901161193847656e-08, -0.5640831589698792, 0.8257179856300354),
        }},
        {Time = 0.233, Data = {
            ["RightFoot"] = CFrame.new(2.2351741790771484e-08, 2.980232238769531e-07, -7.281050784513354e-08, 0.9575817584991455, 0.27904099225997925, -0.07195552438497543, -0.28642380237579346, 0.8942680358886719, -0.3438625931739807, -0.03159942105412483, 0.34988704323768616, 0.9362590312957764),
            ["LeftLowerArm"] = CFrame.new(0, 4.76837158203125e-07, -5.960464477539063e-08, 1, -3.5390254282674505e-08, 5.960463766996327e-08, -2.6077035641947077e-08, 0.789928138256073, -0.6131991147994995, -7.450581485102248e-09, 0.6131993532180786, 0.7899283766746521),
            ["RightUpperArm"] = CFrame.new(0, -1.1920928955078125e-07, 0, 0.9232285022735596, -0.3520101010799408, 0.1540653258562088, 0.3055100739002228, 0.9156320691108704, 0.261312335729599, -0.23305121064186096, -0.1941826492547989, 0.9528796672821045),
            ["Head"] = CFrame.new(-2.0489096641540527e-08, -1.1920928955078125e-07, -5.587935447692871e-08, 0.9109325408935547, -0.002982829697430134, 0.41254445910453796, 0.042203303426504135, 0.9954016804695129, -0.08599115163087845, -0.4103911519050598, 0.09574297070503235, 0.906869649887085),
            ["RightHand"] = CFrame.new(-6.705522537231445e-08, -1.1920928955078125e-07, 0, 0.9932456612586975, -0.04342753812670708, 0.10760361701250076, 0.04878900572657585, 0.9976677298545837, -0.04773295298218727, -0.10527431964874268, 0.052661165595054626, 0.9930473566055298),
            ["UpperTorso"] = CFrame.new(-6.752088665962219e-09, 2.9802322387695312e-08, -5.587935447692871e-09, 0.994964599609375, -0.005134690087288618, -0.10009626299142838, 0.023431742563843727, 0.9829281568527222, 0.18249155580997467, 0.09745044261217117, -0.18391810357570648, 0.97809898853302),
            ["HumanoidRootPart"] = CFrame.new(0, 0, 0, 1, 0, 0, 0, 1, 0, 0, 0, 1),
            ["RightUpperLeg"] = CFrame.new(0, -1.5273690223693848e-07, -5.420588422566652e-09, 0.903760552406311, -0.38646072149276733, -0.1840408742427826, 0.3498802185058594, 0.9146507382392883, -0.20246575772762299, 0.24657796323299408, 0.11858481913805008, 0.9618402123451233),
            ["LeftUpperArm"] = CFrame.new(-1.1920928955078125e-07, 0, -2.9802322387695312e-08, 0.8480221629142761, 0.3992652893066406, -0.34849047660827637, -0.32405561208724976, 0.9109814167022705, 0.255148708820343, 0.4193405210971832, -0.1034412682056427, 0.9019165635108948),
            ["RightLowerArm"] = CFrame.new(-1.4901161193847656e-07, -4.172325134277344e-07, -1.1920928955078125e-07, 1, -6.333002744440819e-08, 3.539020809739668e-08, 5.2154071283894154e-08, 0.6722813844680786, -0.740297257900238, 4.4703490686970326e-08, 0.7402957081794739, 0.6722797155380249),
            ["LeftHand"] = CFrame.new(0, 5.960464477539063e-08, 8.195638656616211e-08, 0.9970740079879761, 0.02734476327896118, 0.07138358056545258, -0.03223492205142975, 0.9971456527709961, 0.06827503442764282, -0.06931282579898834, -0.0703764483332634, 0.995109498500824),
            ["LeftFoot"] = CFrame.new(1.862645149230957e-08, -1.7881393432617188e-07, -3.725290298461914e-09, 0.9736533761024475, -0.2070169597864151, 0.09561938792467117, 0.212049201130867, 0.9761874079704285, -0.0457548163831234, -0.08387061208486557, 0.06482526659965515, 0.9943658709526062),
            ["LowerTorso"] = CFrame.new(-0.08359537273645401, -0.14750385284423828, -0.012621189467608929, 0.9422937035560608, 0.006618505343794823, -0.33472201228141785, -0.013208463788032532, 0.999761164188385, -0.017415432259440422, 0.3345266878604889, 0.020831605419516563, 0.9421560168266296),
            ["RightLowerLeg"] = CFrame.new(4.470348358154297e-08, -0.000060498714447021484, -0.00007209012255771086, 1, -5.96046660916727e-08, -2.9802322387695312e-08, 1.2811507588139648e-07, 0.7478964328765869, 0.6638146042823792, 1.3411046495548362e-07, -0.663815438747406, 0.7478972673416138),
            ["LeftUpperLeg"] = CFrame.new(0, -9.755603969097137e-08, 1.1175870895385742e-08, 0.9654922485351562, 0.25541093945503235, 0.0508931539952755, -0.19775128364562988, 0.8461455702781677, -0.4949061870574951, -0.1694672405719757, 0.4677639305591583, 0.8674548864364624),
            ["LeftLowerLeg"] = CFrame.new(-2.9802322387695312e-08, 0.000060558319091796875, 0.00007200241088867188, 1, 3.166497108963995e-08, 2.328306969445748e-08, -5.2154071283894154e-08, 0.8126132488250732, 0.5828034281730652, 2.2351745343485163e-08, -0.5828033685684204, 0.8126131892204285),
        }},
        {Time = 0.267, Data = {
            ["RightFoot"] = CFrame.new(5.960464477539063e-08, 4.172325134277344e-07, -5.75528247281909e-09, 0.9652765989303589, 0.2550331652164459, -0.056593991816043854, -0.25983017683029175, 0.9148980975151062, -0.3089422881603241, -0.02700725384056568, 0.3129212558269501, 0.9493955373764038),
            ["LeftLowerArm"] = CFrame.new(-2.384185791015625e-07, -2.980232238769531e-07, -1.7881393432617188e-07, 1, 1.8626449271863521e-09, 6.332993507385254e-08, 4.470348358154297e-08, 0.7934167981147766, -0.6086786985397339, 0, 0.6086788177490234, 0.7934168577194214),
            ["RightUpperArm"] = CFrame.new(0, 2.384185791015625e-07, 7.450580596923828e-08, 0.8905425071716309, -0.40404877066612244, 0.20898911356925964, 0.3466712236404419, 0.9002699255943298, 0.2633175253868103, -0.29453882575035095, -0.16204547882080078, 0.9418001770973206),
            ["Head"] = CFrame.new(-1.30385160446167e-08, 3.5762786865234375e-07, 7.171183824539185e-08, 0.906347930431366, 0.002386691514402628, 0.42252564430236816, 0.04810330644249916, 0.9928997755050659, -0.10879345238208771, -0.41978514194488525, 0.1189296543598175, 0.899797797203064),
            ["RightHand"] = CFrame.new(-3.5390257835388184e-08, -5.960464477539063e-08, 2.9802322387695312e-08, 0.9874011278152466, -0.041354816406965256, 0.1527451127767563, 0.03710537776350975, 0.9988442659378052, 0.03055134415626526, -0.15382525324821472, -0.024496832862496376, 0.9877933859825134),
            ["UpperTorso"] = CFrame.new(5.587935447692871e-09, -1.4901161193847656e-07, -1.1175870895385742e-08, 0.9943524599075317, -0.007075106725096703, -0.10589240491390228, 0.026150323450565338, 0.9833453297615051, 0.17985597252845764, 0.10285623371601105, -0.18160928785800934, 0.97797691822052),
            ["HumanoidRootPart"] = CFrame.new(0, 0, 0, 1, 0, 0, 0, 1, 0, 0, 0, 1),
            ["RightUpperLeg"] = CFrame.new(5.960464477539063e-08, -8.847564458847046e-08, -2.2184394765645266e-08, 0.8983851075172424, -0.4144393801689148, -0.1454334408044815, 0.37225282192230225, 0.8942035436630249, -0.24864061176776886, 0.2330925464630127, 0.16923363506793976, 0.9576151967048645),
            ["LeftUpperArm"] = CFrame.new(-1.1920928955078125e-07, 0, 2.9802322387695312e-08, 0.8584607839584351, 0.38745179772377014, -0.33604511618614197, -0.3099983036518097, 0.9139648675918579, 0.26185742020606995, 0.40859055519104004, -0.12062084674835205, 0.9047122597694397),
            ["RightLowerArm"] = CFrame.new(-3.2782554626464844e-07, 1.7881393432617188e-07, 1.1920928955078125e-07, 1, -1.0803365313449831e-07, 7.450565675526377e-08, 4.842879164357328e-08, 0.5425697565078735, -0.8400120735168457, 1.4901166522918174e-08, 0.8400108218193054, 0.5425676107406616),
            ["LeftHand"] = CFrame.new(-2.980232238769531e-07, -1.1920928955078125e-07, 1.7508864402770996e-07, 0.9950268864631653, 0.007614222355186939, 0.09931594878435135, -0.017314963042736053, 0.9951160550117493, 0.09718198329210281, -0.09809086471796036, -0.09841855615377426, 0.9902990460395813),
            ["LeftFoot"] = CFrame.new(4.0978193283081055e-08, 5.960464477539063e-08, -6.705522537231445e-08, 0.9757276177406311, -0.19137965142726898, 0.10644075274467468, 0.1997407078742981, 0.9770268797874451, -0.07431106269359589, -0.0897740051150322, 0.0937676653265953, 0.9915383458137512),
            ["LowerTorso"] = CFrame.new(-0.10525549948215485, -0.14238154888153076, -0.047300390899181366, 0.9379152655601501, 0.012553666718304157, -0.346637487411499, -0.019387992098927498, 0.9996799230575562, -0.01625514216721058, 0.34632235765457153, 0.021966541185975075, 0.9378584027290344),
            ["RightLowerLeg"] = CFrame.new(1.341104507446289e-07, -0.000060558319091796875, -0.00007197091326816007, 1, -4.842878453814592e-08, -1.4901159417490817e-08, 8.754431490842762e-08, 0.687697172164917, 0.7259966731071472, 0, -0.725997805595398, 0.6876983642578125),
