return {
    ["Thick Of It"] = {
        {Time = 0.000, Data = {
            ["RightFoot"] = CFrame.new(-6.007030606269836e-08, 3.5762786865234375e-07, 1.0943040251731873e-08, 0.9987108111381531, 0.003676101565361023, -0.05063018947839737, -0.015873780474066734, 0.9699708223342896, -0.24269817769527435, 0.04821762442588806, 0.24319373071193695, 0.9687796831130981),
            ["LeftLowerArm"] = CFrame.new(0, 1.7881393432617188e-07, -4.470348358154297e-08, 1, 1.4901164746561335e-08, 1.713633963618122e-07, 5.960464477539063e-08, 0.8612388372421265, -0.5082001686096191, -4.7497451305389404e-08, 0.5082004070281982, 0.8612390756607056),
            ["RightUpperArm"] = CFrame.new(0, -3.5762786865234375e-07, 7.450551731125188e-09, 0.7088470458984375, 0.1384911686182022, 0.6916502118110657, -0.1678112894296646, 0.9854940176010132, -0.02534913644194603, -0.6851097941398621, -0.09809130430221558, 0.7217876315116882),
            ["Head"] = CFrame.new(-2.6645352591003757e-15, 4.76837158203125e-07, -1.862645149230957e-09, 0.9999209642410278, -0.011978651396930218, -0.00384303811006248, 0.01201615296304226, 0.999879002571106, 0.00988796353340149, 0.003724128706380725, -0.009933213703334332, 0.9999437928199768),
            ["RightHand"] = CFrame.new(1.1920928955078125e-07, -1.7881393432617188e-07, -1.7881393432617188e-07, 0.9685134291648865, 0.2014198750257492, 0.1463276892900467, -0.1831565946340561, 0.9745568037033081, -0.12920022010803223, -0.16862806677818298, 0.09833129495382309, 0.9807627201080322),
            ["UpperTorso"] = CFrame.new(-1.1880277653907923e-15, 1.4901161193847656e-07, -1.1175870895385742e-08, 1, -1.825972006043908e-15, 6.92400094711213e-15, -1.2985523301176777e-15, 0.9911034107208252, 0.13309475779533386, 1.4987290854434447e-14, -0.13309478759765625, 0.9911033511161804),
            ["HumanoidRootPart"] = CFrame.new(0, 0, 0, 1, 0, 0, 0, 1, 0, 0, 0, 1),
            ["RightUpperLeg"] = CFrame.new(0, -6.332993507385254e-08, 1.1641525077266124e-08, 0.978226363658905, -0.09690684080123901, -0.1835269182920456, 0.03780611976981163, 0.952704668045044, -0.301544189453125, 0.20406858623027802, 0.288033127784729, 0.9356222748756409),
            ["LeftUpperArm"] = CFrame.new(0, -3.5762786865234375e-07, 7.450609906811678e-09, 0.8643996715545654, -0.1578996181488037, -0.4773856997489929, 0.21060089766979218, 0.9758170247077942, 0.0585726834833622, 0.4565748870372772, -0.15115898847579956, 0.876739501953125),
            ["RightLowerArm"] = CFrame.new(1.1920928955078125e-07, 4.172325134277344e-07, -7.078051567077637e-08, 1, 2.980232949312267e-08, 1.2665991278026922e-07, 5.960464477539063e-08, 0.7311457991600037, -0.682220995426178, -5.681067705154419e-08, 0.6822212338447571, 0.7311460375785828),
            ["LeftHand"] = CFrame.new(-2.9802322387695312e-08, -1.1920928955078125e-07, -2.9802322387695312e-08, 0.8898962736129761, -0.32565805315971375, -0.3194237947463989, 0.44541388750076294, 0.7714502215385437, 0.45439088344573975, 0.09844359755516052, -0.5466364622116089, 0.8315633535385132),
            ["LeftFoot"] = CFrame.new(4.9371514876384026e-08, 4.76837158203125e-07, 1.2331327070569387e-08, 0.9993987679481506, -0.03045509196817875, 0.016576211899518967, 0.0335148386657238, 0.9710098505020142, -0.2366713434457779, -0.008887726813554764, 0.23709158599376678, 0.9714484214782715),
            ["LowerTorso"] = CFrame.new(-5.551115123125783e-17, -0.05949294567108154, 0.0030248803086578846, 1, 8.881785255792436e-16, -7.105427357601002e-15, -2.2181544016115166e-15, 0.9928237199783325, -0.11958758533000946, 1.4301055253755114e-14, 0.11958760023117065, 0.9928236603736877),
            ["RightLowerLeg"] = CFrame.new(-4.936009645462036e-08, 4.172325134277344e-07, 2.2351741790771484e-08, 1, -7.264288370834038e-08, -1.1408701539039612e-07, 1.136213683139431e-07, 0.7046784162521362, 0.7095313668251038, 2.468005178002386e-08, -0.7095268368721008, 0.7046739459037781),
            ["LeftUpperLeg"] = CFrame.new(0, -6.2515027821064e-08, 1.8626458597736928e-08, 0.9939884543418884, 0.05829830840229988, 0.09267304092645645, -0.042813096195459366, 0.9860137104988098, -0.16107983887195587, -0.10076753050088882, 0.1561359316110611, 0.9825807809829712),
            ["LeftLowerLeg"] = CFrame.new(6.146728992462158e-08, 1.1920928955078125e-07, 7.450580596923828e-09, 1, -2.3282975547544993e-09, -1.098960922263359e-07, 5.587935447692871e-08, 0.867458701133728, 0.49751248955726624, 1.2293457984924316e-07, -0.4975091814994812, 0.8674569129943848),
        }},
        {Time = 0.033, Data = {
            ["RightFoot"] = CFrame.new(-5.273614078760147e-08, 3.5762786865234375e-07, 5.122274160385132e-09, 0.9999319911003113, 0.0007626350852660835, -0.011643519625067711, -0.0037352927029132843, 0.9662660360336304, -0.2575153410434723, 0.011054612696170807, 0.2575451135635376, 0.9662041068077087),
            ["LeftLowerArm"] = CFrame.new(-1.1920928955078125e-07, 2.384185791015625e-07, 9.685754776000977e-08, 1, -4.4703490686970326e-08, 6.705524668859653e-08, 8.195638656616211e-08, 0.6489018797874451, -0.760871946811676, -7.753260433673859e-08, 0.7608720660209656, 0.648902177810669),
            ["RightUpperArm"] = CFrame.new(1.1920928955078125e-07, -3.5762786865234375e-07, 0, 0.46897125244140625, 0.07948882132768631, 0.879638671875, -0.1825329214334488, 0.9831648468971252, 0.008468466810882092, -0.8641456365585327, -0.16452476382255554, 0.4755673408508301),
            ["Head"] = CFrame.new(2.3283064365386963e-10, -5.960464477539062e-07, 3.777256551984465e-08, 0.9998887181282043, -0.00872164499014616, -0.012105562724173069, 0.008871689438819885, 0.9998838901519775, 0.012396862730383873, 0.011996029876172543, -0.012502696365118027, 0.9998499751091003),
            ["RightHand"] = CFrame.new(-1.4901161193847656e-08, -4.172325134277344e-07, 4.470348358154297e-08, 0.9293647408485413, 0.302103191614151, 0.21216729283332825, -0.24750305712223053, 0.9363242387771606, -0.24907688796520233, -0.2739042639732361, 0.17897123098373413, 0.9449581503868103),
            ["UpperTorso"] = CFrame.new(-1.4415020572192865e-15, 1.1920928955078125e-07, -2.2351741790771484e-08, 0.9999561905860901, 0.00005239979873294942, 0.009359362535178661, -0.0012883497402071953, 0.9912358522415161, 0.13209791481494904, -0.009270415641367435, -0.13210418820381165, 0.9911925196647644),
            ["HumanoidRootPart"] = CFrame.new(0, 0, 0, 1, 0, 0, 0, 1, 0, 0, 0, 1),
            ["RightUpperLeg"] = CFrame.new(0, 6.810296326875687e-09, -4.65661997850475e-09, 0.9258579611778259, -0.1893368810415268, -0.32701346278190613, 0.056851278990507126, 0.9253576397895813, -0.37481430172920227, 0.3735704720020294, 0.3284277319908142, 0.8675117492675781),
            ["LeftUpperArm"] = CFrame.new(0, -3.5762786865234375e-07, 1.862645149230957e-09, 0.8507835865020752, -0.259941428899765, -0.45674145221710205, 0.2817305624485016, 0.9592612385749817, -0.02115471474826336, 0.44361612200737, -0.11067274212837219, 0.8893479704856873),
            ["RightLowerArm"] = CFrame.new(5.960464477539063e-08, -1.1920928955078125e-07, 6.332993507385254e-08, 1, 4.4703494239684005e-08, 1.0430816388407038e-07, 6.332992796842518e-08, 0.6904605627059937, -0.7233698964118958, -8.172354881708088e-08, 0.7233700752258301, 0.690460741519928),
            ["LeftHand"] = CFrame.new(-1.6391277313232422e-07, -3.5762786865234375e-07, -5.960464477539063e-08, 0.5717078447341919, -0.15325118601322174, -0.8060176372528076, 0.7775011658668518, 0.414906769990921, 0.4725933372974396, 0.26199662685394287, -0.8968648910522461, 0.3563583195209503),
            ["LeftFoot"] = CFrame.new(-1.3299228385221795e-09, 3.5762786865234375e-07, 9.544919521431439e-09, 0.9994003772735596, -0.030316900461912155, 0.016730409115552902, 0.033264413475990295, 0.9747596979141235, -0.22075769305229187, -0.009615341201424599, 0.22118887305259705, 0.975185215473175),
            ["LowerTorso"] = CFrame.new(8.901210324374631e-11, -0.05192124843597412, 0.0030753002502024174, 1, 8.881785255792436e-16, -7.105427357601002e-15, -2.2181544016115166e-15, 0.9928237199783325, -0.11958758533000946, 1.4301055253755114e-14, 0.11958760023117065, 0.9928236603736877),
            ["RightLowerLeg"] = CFrame.new(-5.21540641784668e-08, 2.384185791015625e-07, 1.4901161193847656e-08, 1, -1.0710174791483951e-07, -9.546054258180448e-08, 1.1362135410308838e-07, 0.6104931235313416, 0.7920258641242981, -4.516914486885071e-08, -0.7920215725898743, 0.6104876399040222),
            ["LeftUpperLeg"] = CFrame.new(0, 7.62520357966423e-09, 2.328313764010659e-09, 0.9940088987350464, 0.056396741420030594, 0.09362619370222092, -0.042657624930143356, 0.9888392090797424, -0.14275749027729034, -0.10063225775957108, 0.13790032267570496, 0.9853195548057556),
            ["LeftLowerLeg"] = CFrame.new(8.381903171539307e-08, 2.384185791015625e-07, 4.842877388000488e-08, 1, 9.313192439464046e-10, -9.313227167240257e-08, 5.029141902923584e-08, 0.8842906951904297, 0.4669398069381714, 1.210719347000122e-07, -0.4669368267059326, 0.8842892050743103),
        }},
        {Time = 0.067, Data = {
            ["RightFoot"] = CFrame.new(-2.1653249859809875e-08, 1.7881393432617188e-07, -3.725290298461914e-09, 0.9984932541847229, 0.0205821692943573, 0.05086861178278923, -0.007996304892003536, 0.9716751575469971, -0.23618216812610626, -0.054288312792778015, 0.23542293906211853, 0.9703764915466309),
            ["LeftLowerArm"] = CFrame.new(2.9802322387695312e-08, 5.960464477539063e-08, 3.91155481338501e-08, 1, 3.725290653733282e-08, 1.0244550452398471e-07, 7.834751158952713e-08, 0.5814923644065857, -0.8135517239570618, -9.313225746154785e-08, 0.8135519623756409, 0.5814926028251648),
            ["RightUpperArm"] = CFrame.new(0, -3.5762786865234375e-07, 7.916241884231567e-09, 0.4249137341976166, 0.04894132539629936, 0.903917670249939, -0.18965080380439758, 0.9811924695968628, 0.03602277860045433, -0.8851445317268372, -0.18672460317611694, 0.42618677020072937),
            ["Head"] = CFrame.new(-4.0745362639427185e-10, 0, -3.2825482776388526e-08, 0.9994999766349792, 0.000009487293937127106, -0.031620513647794724, 0.0005432576290331781, 0.9998472929000854, 0.017472021281719208, 0.03161584958434105, -0.01748034730553627, 0.9993473291397095),
            ["RightHand"] = CFrame.new(-1.4901161193847656e-08, -1.7881393432617188e-07, 1.043081283569336e-07, 0.9229484796524048, 0.3204992711544037, 0.21318162977695465, -0.25262004137039185, 0.9222099184989929, -0.29276618361473083, -0.2904295027256012, 0.2163541167974472, 0.9321168065071106),
            ["UpperTorso"] = CFrame.new(-1.1880277653907923e-15, -1.7881393432617188e-07, -2.2351741790771484e-08, 0.9994980692863464, 0.00018896958499681205, 0.0316799059510231, -0.004295003600418568, 0.9915580749511719, 0.12959228456020355, -0.031387969851493835, -0.12966333329677582, 0.9910612106323242),
            ["HumanoidRootPart"] = CFrame.new(0, 0, 0, 1, 0, 0, 0, 1, 0, 0, 0, 1),
            ["RightUpperLeg"] = CFrame.new(0, -5.468609742820263e-08, -5.471527231293294e-09, 0.8892592787742615, -0.22654658555984497, -0.3973582088947296, 0.06496449559926987, 0.9224774837493896, -0.38055160641670227, 0.4527665078639984, 0.3125890791416168, 0.8350371718406677),
            ["LeftUpperArm"] = CFrame.new(0, -2.384185791015625e-07, 1.1175870895385742e-08, 0.8538193106651306, -0.298954576253891, -0.42618411779403687, 0.26876455545425415, 0.9542633891105652, -0.13095135986804962, 0.44582322239875793, -0.0027323244139552116, 0.8951083421707153),
            ["RightLowerArm"] = CFrame.new(0, 2.980232238769531e-07, -4.470348358154297e-08, 1, 0, 1.6391282997574308e-07, 8.940696716308594e-08, 0.6829431056976318, -0.7304714918136597, -9.499490261077881e-08, 0.730471670627594, 0.6829432845115662),
            ["LeftHand"] = CFrame.new(8.940696716308594e-08, -3.5762786865234375e-07, -1.4435499906539917e-07, 0.22529754042625427, 0.06665559113025665, -0.9720073342323303, 0.8894915580749512, 0.3930124342441559, 0.23312240839004517, 0.3975497782230377, -0.9171141982078552, 0.029255054891109467),
            ["LeftFoot"] = CFrame.new(-3.357570221851347e-09, 2.980232238769531e-07, -5.848619366588537e-09, 0.9994025230407715, -0.030129512771964073, 0.016939552500844002, 0.03276300057768822, 0.9819004535675049, -0.18653489649295807, -0.011012614704668522, 0.18698576092720032, 0.9823023676872253),
            ["LowerTorso"] = CFrame.new(-5.551115123125783e-17, -0.03718304634094238, 0.0018905475735664368, 1, 8.881785255792436e-16, -7.105427357601002e-15, -2.2181544016115166e-15, 0.9928237199783325, -0.11958758533000946, 1.4301055253755114e-14, 0.11958760023117065, 0.9928236603736877),
            ["RightLowerLeg"] = CFrame.new(-7.35744833946228e-08, 2.384185791015625e-07, 1.1920928955078125e-07, 1, -8.10248010907344e-08, -1.3690440425762063e-07, 1.2945383787155151e-07, 0.6114909648895264, 0.7912557721138, -2.0954757928848267e-08, -0.7912514805793762, 0.6114853620529175),
            ["LeftUpperLeg"] = CFrame.new(0, -5.3827534429728985e-08, 1.6298217220267475e-09, 0.9940363764762878, 0.05226568505167961, 0.09570753574371338, -0.042446788400411606, 0.9938887357711792, -0.10190696269273758, -0.10044880956411362, 0.09722863137722015, 0.9901793599128723),
            ["LeftLowerLeg"] = CFrame.new(7.450580596923828e-08, 2.980232238769531e-07, -1.1175870895385742e-08, 1, 8.381873861651457e-09, -1.0291119423300188e-07, 3.725290653733282e-08, 0.9172542691230774, 0.39830482006073, 1.112930618774044e-07, -0.3983024060726166, 0.9172531962394714),
        }},
        {Time = 0.100, Data = {
            ["RightFoot"] = CFrame.new(4.540197551250458e-08, 2.980232238769531e-07, -3.864988684654236e-08, 0.9958844184875488, 0.031217899173498154, 0.08508757501840591, -0.01358773373067379, 0.9796257019042969, -0.2003694623708725, -0.08960841596126556, 0.19839097559452057, 0.9760186076164246),
            ["LeftLowerArm"] = CFrame.new(-5.960464477539063e-08, -1.7881393432617188e-07, 8.940696716308594e-08, 1, 1.1175872671742582e-08, 5.587938289863814e-08, 7.82310962677002e-08, 0.47167375683784485, -0.881773054599762, -7.450580596923828e-08, 0.8817731738090515, 0.47167399525642395),
            ["RightUpperArm"] = CFrame.new(0, -2.384185791015625e-07, 2.7939677238464355e-09, 0.4233478009700775, 0.05370587110519409, 0.9043818712234497, -0.19110684096813202, 0.9810754060745239, 0.031195176765322685, -0.8855816125869751, -0.18602930009365082, 0.42558249831199646),
            ["Head"] = CFrame.new(7.275957614183426e-11, 1.1920928955078125e-07, -1.4581019058823586e-08, 0.9988977313041687, 0.00967042613774538, -0.04593461751937866, -0.00836234912276268, 0.9995564222335815, 0.028584305197000504, 0.04619068279862404, -0.028168579563498497, 0.9985354542732239),
            ["RightHand"] = CFrame.new(1.4901161193847656e-08, -7.152557373046875e-07, 1.4901161193847656e-08, 0.9231846332550049, 0.32302090525627136, 0.20829728245735168, -0.25096404552459717, 0.917061448097229, -0.3098636865615845, -0.2911137640476227, 0.2337862253189087, 0.9276835918426514),
            ["UpperTorso"] = CFrame.new(-1.7462298274040222e-10, -1.1920928955078125e-07, -1.4371835277415812e-08, 0.998299241065979, 0.0003611347347032279, 0.05829745531082153, -0.007745882496237755, 0.9919367432594299, 0.1264975219964981, -0.057781707495450974, -0.12673398852348328, 0.9902523756027222),
            ["HumanoidRootPart"] = CFrame.new(0, 0, 0, 1, 0, 0, 0, 1, 0, 0, 0, 1),
            ["RightUpperLeg"] = CFrame.new(5.960464477539063e-08, 1.8559512682259083e-07, -2.9336661100387573e-08, 0.8614049553871155, -0.25342684984207153, -0.44017601013183594, 0.07173465937376022, 0.9186452031135559, -0.38852253556251526, 0.5028277635574341, 0.3030937612056732, 0.8095031976699829),
            ["LeftUpperArm"] = CFrame.new(0, -2.384185791015625e-07, 1.4901161193847656e-08, 0.8040151000022888, -0.31806397438049316, -0.5024072527885437, 0.2384490817785263, 0.9464634656906128, -0.21760380268096924, 0.5447034239768982, 0.055157337337732315, 0.836800754070282),
            ["RightLowerArm"] = CFrame.new(0, 4.76837158203125e-07, 7.450580596923828e-09, 1, 1.4901164746561335e-08, 8.940699558479537e-08, 5.960464477539063e-08, 0.6732653975486755, -0.7394007444381714, -9.452924132347107e-08, 0.7394009828567505, 0.6732655763626099),
            ["LeftHand"] = CFrame.new(8.940696716308594e-08, -4.76837158203125e-07, -1.4901161193847656e-08, 0.11024411022663116, 0.09961365908384323, -0.9889001846313477, 0.8586926460266113, 0.49148115515708923, 0.14523598551750183, 0.5004931688308716, -0.8651725053787231, -0.03135458007454872),
            ["LeftFoot"] = CFrame.new(-1.0125319249709719e-08, 2.980232238769531e-07, -1.9030494513572194e-08, 0.9993654489517212, -0.0327441431581974, 0.014021020382642746, 0.034525275230407715, 0.9872723817825317, -0.15523841977119446, -0.00875919871032238, 0.15563148260116577, 0.9877775311470032),
            ["LowerTorso"] = CFrame.new(0.004139967728406191, -0.025035858154296875, -0.0015354207716882229, 0.9999725818634033, -0.0010237626265734434, -0.0073338765650987625, 0.00012047002383042127, 0.9925150275230408, -0.12212274223566055, 0.007404007017612457, 0.1221185028553009, 0.992487907409668),
            ["RightLowerLeg"] = CFrame.new(-1.257285475730896e-07, 5.960464477539063e-08, 8.940696716308594e-08, 1, -7.171162508257112e-08, -1.2805683979877358e-07, 8.568166975919667e-08, 0.6015588641166687, 0.7988327741622925, -1.1594964632877236e-07, -0.7988285422325134, 0.6015530824661255),
            ["LeftUpperLeg"] = CFrame.new(2.9802322387695312e-08, 1.882435753941536e-07, -2.3748725652694702e-08, 0.9928158521652222, 0.0524480827152729, 0.10754428058862686, -0.04666823521256447, 0.9973633885383606, -0.0555824376642704, -0.11017587780952454, 0.05015598237514496, 0.9926454424858093),
            ["LeftLowerLeg"] = CFrame.new(4.470348358154297e-08, 5.960464477539063e-08, 3.725290298461914e-09, 1, 1.676375660508711e-08, -1.1408707223381498e-07, 2.4214383387288763e-08, 0.9448225498199463, 0.32758447527885437, 1.0291113028415566e-07, -0.3275827169418335, 0.9448219537734985),
        }},
        {Time = 0.133, Data = {
            ["RightFoot"] = CFrame.new(-1.7695128917694092e-08, 1.1920928955078125e-07, 4.656612873077393e-10, 0.9955551624298096, 0.031139347702264786, 0.08888453245162964, -0.016376925632357597, 0.9866209626197815, -0.16220569610595703, -0.09274561703205109, 0.16003023087978363, 0.9827456474304199),
            ["LeftLowerArm"] = CFrame.new(2.9802322387695312e-08, 4.172325134277344e-07, 7.450580596923828e-08, 1, 2.988963743177919e-08, 7.450584149637507e-08, 6.332993507385254e-08, 0.28688937425613403, -0.957963764667511, -5.21540641784668e-08, 0.9579638242721558, 0.2868894636631012),
            ["RightUpperArm"] = CFrame.new(0, -1.1920928955078125e-07, 1.3969838619232178e-08, 0.4214863181114197, 0.063792884349823, 0.9045960307121277, -0.19477052986621857, 0.9806130528450012, 0.021594280377030373, -0.8856713771820068, -0.18527968227863312, 0.42572274804115295),
            ["Head"] = CFrame.new(-2.0372681319713593e-09, 7.152557373046875e-07, -2.7474015951156616e-08, 0.998935341835022, 0.0170231182128191, -0.04287705197930336, -0.014982939697802067, 0.9987606406211853, 0.04746223986148834, 0.04363185912370682, -0.04676910862326622, 0.9979524612426758),
            ["RightHand"] = CFrame.new(-5.960464477539063e-08, -2.980232238769531e-07, -1.341104507446289e-07, 0.9232443571090698, 0.32524755597114563, 0.20453381538391113, -0.24985715746879578, 0.9126558899879456, -0.32346662878990173, -0.2918756902217865, 0.24753446877002716, 0.9238697290420532),
            ["UpperTorso"] = CFrame.new(-1.280568540096283e-09, -2.384185791015625e-07, -3.14321368932724e-08, 0.9967498779296875, 0.00044089919538237154, 0.08055847883224487, -0.01044728048145771, 0.9922480583190918, 0.12383352965116501, -0.07987938821315765, -0.12427271157503128, 0.9890276789665222),
            ["HumanoidRootPart"] = CFrame.new(0, 0, 0, 1, 0, 0, 0, 1, 0, 0, 0, 1),
            ["RightUpperLeg"] = CFrame.new(5.960464477539063e-08, -1.2147938832640648e-07, -4.423782229423523e-08, 0.8488038182258606, -0.27139848470687866, -0.45373302698135376, 0.07732564210891724, 0.9126917123794556, -0.4012719392776489, 0.5230228900909424, 0.30551058053970337, 0.7956803441047668),
            ["LeftUpperArm"] = CFrame.new(1.1920928955078125e-07, 0, 3.725290298461914e-09, 0.6868140697479248, -0.33185940980911255, -0.6466665863990784, 0.1932864934206009, 0.9410380721092224, -0.27765172719955444, 0.7006616592407227, 0.06570186465978622, 0.7104448080062866),
            ["RightLowerArm"] = CFrame.new(-1.1920928955078125e-07, 4.76837158203125e-07, -2.2351741790771484e-08, 1, -2.980232949312267e-08, 1.0430816388407038e-07, 8.009374141693115e-08, 0.658681333065033, -0.7524218559265137, -1.126900315284729e-07, 0.7524221539497375, 0.6586815714836121),
            ["LeftHand"] = CFrame.new(2.9802322387695312e-08, -2.384185791015625e-07, -3.725290298461914e-08, 0.07109258323907852, 0.06093481183052063, -0.9956067800521851, 0.7854280471801758, 0.6118453741073608, 0.0935320258140564, 0.6148566007614136, -0.7886268496513367, -0.004362255334854126),
            ["LeftFoot"] = CFrame.new(-5.549095050128017e-08, 3.5762786865234375e-07, -1.1640224784059683e-08, 0.9991970658302307, -0.03954794257879257, 0.006422460079193115, 0.040049098432064056, 0.9904394745826721, -0.13199910521507263, -0.0011406317353248596, 0.13215774297714233, 0.9912289977073669),
            ["LowerTorso"] = CFrame.new(0.014489886350929737, -0.016802668571472168, -0.006511889398097992, 0.9996640086174011, -0.0036655014846473932, -0.025659464299678802, 0.000338895246386528, 0.9917140603065491, -0.1284651905298233, 0.025917736813426018, 0.1284133642911911, 0.9913820624351501),
            ["RightLowerLeg"] = CFrame.new(-4.377216100692749e-08, 4.172325134277344e-07, -2.9802322387695312e-08, 1, -6.053579681974952e-08, -1.7834821619544527e-07, 1.3131648302078247e-07, 0.5804377794265747, 0.8143085241317749, 4.7031790018081665e-08, -0.8143046498298645, 0.5804322361946106),
            ["LeftUpperLeg"] = CFrame.new(-5.960464477539063e-08, 3.5157427191734314e-08, -3.259629011154175e-08, 0.989219605922699, 0.05814532935619354, 0.13440105319023132, -0.05765412002801895, 0.9983081221580505, -0.007554218638688326, -0.1346128135919571, -0.0002839855442289263, 0.9908982515335083),
            ["LeftLowerLeg"] = CFrame.new(9.12696123123169e-08, 2.980232238769531e-07, 3.725290298461914e-08, 1, 1.6763761934157628e-08, -1.2246896119449957e-07, 1.5832483768463135e-08, 0.9643286466598511, 0.2647090256214142, 1.1315569281578064e-07, -0.2647079527378082, 0.964328408241272),
        }},
        {Time = 0.167, Data = {
            ["RightFoot"] = CFrame.new(-1.6763806343078613e-08, 1.7881393432617188e-07, 6.938353180885315e-08, 0.9960235953330994, 0.034933995455503464, 0.08195687085390091, -0.023475587368011475, 0.9903190732002258, -0.13680920004844666, -0.08594191819429398, 0.1343417465686798, 0.9872012734413147),
            ["LeftLowerArm"] = CFrame.new(5.960464477539063e-08, 4.172325134277344e-07, -5.960464477539063e-08, 1, 0, 9.313229298868464e-08, 6.705522537231445e-08, 0.05245227366685867, -0.9986234903335571, 3.725290298461914e-09, 0.9986234307289124, 0.05245223268866539),
            ["RightUpperArm"] = CFrame.new(0, 0, 1.955777406692505e-08, 0.4201243221759796, 0.07263172417879105, 0.9045630097389221, -0.2000812143087387, 0.9796775579452515, 0.01426144503057003, -0.8851344585418701, -0.18696695566177368, 0.42610135674476624),
            ["Head"] = CFrame.new(-2.3283064365386963e-10, 5.960464477539062e-07, -4.71482053399086e-09, 0.9995483756065369, 0.02144877426326275, -0.02105139195919037, -0.019990377128124237, 0.9975393414497375, 0.06719990819692612, 0.0224409569054842, -0.06674849987030029, 0.9975175261497498),
            ["RightHand"] = CFrame.new(4.470348358154297e-08, -1.7881393432617188e-07, -1.4901161193847656e-08, 0.9230297803878784, 0.32731232047080994, 0.2021949291229248, -0.24915438890457153, 0.9090102314949036, -0.33409953117370605, -0.2931521236896515, 0.25800609588623047, 0.9205948114395142),
            ["UpperTorso"] = CFrame.new(-2.0954757928848267e-09, -8.940696716308594e-08, -1.8044374883174896e-08, 0.995952308177948, 0.00022088998230174184, 0.08988320827484131, -0.011294448748230934, 0.9923783540725708, 0.12270954251289368, -0.08917102217674255, -0.123228058218956, 0.988364040851593),
            ["HumanoidRootPart"] = CFrame.new(0, 0, 0, 1, 0, 0, 0, 1, 0, 0, 0, 1),
            ["RightUpperLeg"] = CFrame.new(0, 1.280568540096283e-07, -4.0978193283081055e-08, 0.8555909395217896, -0.2747301459312439, -0.4387325644493103, 0.0845678523182869, 0.9103416204452515, -0.4051310122013092, 0.5106980800628662, 0.3095182180404663, 0.8021113872528076),
            ["LeftUpperArm"] = CFrame.new(0, 2.384185791015625e-07, 6.51925802230835e-09, 0.6057341694831848, -0.34085506200790405, -0.7189750075340271, 0.15126904845237732, 0.9364477396011353, -0.3165217936038971, 0.7811554670333862, 0.08296728879213333, 0.618780255317688),
            ["RightLowerArm"] = CFrame.new(0, 5.364418029785156e-07, 5.587935447692871e-08, 1, -7.450581485102248e-09, 1.0430815677864302e-07, 5.4016709327697754e-08, 0.6451883912086487, -0.7640234231948853, -1.1886004358530045e-07, 0.7640236020088196, 0.6451886296272278),
            ["LeftHand"] = CFrame.new(-5.960464477539063e-08, -1.1920928955078125e-07, -1.6391277313232422e-07, 0.07397417724132538, -0.04842253401875496, -0.9960839152336121, 0.6552718877792358, 0.7552986741065979, 0.011946657672524452, 0.751762330532074, -0.6535896062850952, 0.08760247379541397),
            ["LeftFoot"] = CFrame.new(-3.7424321419621265e-08, 4.76837158203125e-07, 1.1268923572060885e-08, 0.9988048076629639, -0.048727575689554214, -0.0038376112934201956, 0.04796165972948074, 0.9921895861625671, -0.11514212936162949, 0.00941828265786171, 0.11482798308134079, 0.9933416247367859),
            ["LowerTorso"] = CFrame.new(0.0279447752982378, -0.011796712875366211, -0.012497742660343647, 0.9987502694129944, -0.007273841183632612, -0.049449022859334946, 0.00044565225834958255, 0.9906102418899536, -0.13671542704105377, 0.04997917264699936, 0.1365225613117218, 0.9893754124641418),
            ["RightLowerLeg"] = CFrame.new(-1.2293457984924316e-07, 2.384185791015625e-07, 1.9371509552001953e-07, 1, -6.146711228893764e-08, -1.8114221234100114e-07, 1.089647554408657e-07, 0.5734666585922241, 0.8192329406738281, -4.982576484735546e-08, -0.8192288875579834, 0.5734609961509705),
            ["LeftUpperLeg"] = CFrame.new(5.960464477539063e-08, 4.540197551250458e-08, -1.862645149230957e-08, 0.9833894371986389, 0.06509196013212204, 0.16943472623825073, -0.07259149104356766, 0.9966204762458801, 0.0384366400539875, -0.16636008024215698, -0.0501057505607605, 0.9847916960716248),
            ["LeftLowerLeg"] = CFrame.new(8.754432201385498e-08, 0, 7.450580596923828e-09, 1, 1.6763769039584986e-08, -1.2572857599479903e-07, 3.7252898543727042e-09, 0.9776201248168945, 0.2103787362575531, 1.247972107876194e-07, -0.2103780061006546, 0.977620005607605),
        }},
        {Time = 0.200, Data = {
            ["RightFoot"] = CFrame.new(6.658956408500671e-08, 4.172325134277344e-07, 3.4458935260772705e-08, 0.997422993183136, 0.046441540122032166, 0.054688822478055954, -0.0393073745071888, 0.9913829565048218, -0.12495908886194229, -0.06002024933695793, 0.12248760461807251, 0.9906535148620605),
            ["LeftLowerArm"] = CFrame.new(5.960464477539063e-08, 2.384185791015625e-07, 0, 1, 3.3527616238870905e-08, 8.195641498787154e-08, 8.195639367158947e-08, -0.18251223862171173, -0.9832035899162292, -2.6077035641947077e-08, 0.983203649520874, -0.18251249194145203),
            ["RightUpperArm"] = CFrame.new(-5.960464477539063e-08, -5.960464477539062e-07, 1.3969838619232178e-09, 0.41946735978126526, 0.0771217867732048, 0.9044961929321289, -0.20591971278190613, 0.9784966111183167, 0.012062125839293003, -0.884106457233429, -0.19130241870880127, 0.42631107568740845),
            ["Head"] = CFrame.new(4.394678398966789e-09, -3.5762786865234375e-07, -1.6007106751203537e-09, 0.9995872974395752, 0.021448533982038498, 0.019111590459942818, -0.022872425615787506, 0.9967145919799805, 0.0776984766125679, -0.017382275313138962, -0.07810339331626892, 0.996793806552887),
            ["RightHand"] = CFrame.new(2.9802322387695312e-08, -2.384185791015625e-07, 1.7881393432617188e-07, 0.9224445819854736, 0.32934120297431946, 0.20156995952129364, -0.24870097637176514, 0.9060801267623901, -0.34229615330696106, -0.2953706979751587, 0.2656184732913971, 0.9177161455154419),
            ["UpperTorso"] = CFrame.new(-1.1117663234472275e-08, 1.4901161193847656e-07, -2.3283064365386963e-08, 0.9968298077583313, -0.0005175127298571169, 0.07956146448850632, -0.009503098204731941, 0.9920459389686584, 0.12551765143871307, -0.07899357378482819, -0.1258758306503296, 0.9888960123062134),
            ["HumanoidRootPart"] = CFrame.new(0, 0, 0, 1, 0, 0, 0, 1, 0, 0, 0, 1),
            ["RightUpperLeg"] = CFrame.new(5.960464477539063e-08, 2.966262400150299e-07, -5.960464477539063e-08, 0.8823664784431458, -0.2606075406074524, -0.39180606603622437, 0.09429346770048141, 0.9136706590652466, -0.3953723609447479, 0.4610186815261841, 0.31191286444664, 0.8307639360427856),
            ["LeftUpperArm"] = CFrame.new(1.1920928955078125e-07, -4.76837158203125e-07, -1.862645149230957e-09, 0.6006308197975159, -0.35014671087265015, -0.718791127204895, 0.11566039174795151, 0.9275992512702942, -0.35522592067718506, 0.7911165356636047, 0.13021954894065857, 0.5976236462593079),
            ["RightLowerArm"] = CFrame.new(0, 1.7881393432617188e-07, -1.862645149230957e-09, 1, -2.2351747119842003e-08, 8.940700979565008e-08, 5.21540641784668e-08, 0.6371051669120789, -0.7707768082618713, -1.264270395040512e-07, 0.7707769274711609, 0.6371053457260132),
            ["LeftHand"] = CFrame.new(-1.4901161193847656e-07, -4.172325134277344e-07, -2.086162567138672e-07, 0.39761948585510254, -0.2767658829689026, -0.874813973903656, 0.5300315022468567, 0.8475407958030701, -0.02722800150513649, 0.7489762902259827, -0.45285236835479736, 0.48369336128234863),
            ["LeftFoot"] = CFrame.new(-3.83992571073577e-08, 2.980232238769531e-07, 5.238291578280041e-09, 0.998191773891449, -0.05831919610500336, -0.014568482525646687, 0.056507740169763565, 0.9930322170257568, -0.10340311378240585, 0.02049737423658371, 0.10240054130554199, 0.9945328831672668),
            ["LowerTorso"] = CFrame.new(0.041399676352739334, -0.009331345558166504, -0.018951859325170517, 0.99725741147995, -0.01107620820403099, -0.07317901402711868, 0.0003515098651405424, 0.9894362688064575, -0.14496855437755585, 0.0740116760134697, 0.14454525709152222, 0.9867264032363892),
            ["RightLowerLeg"] = CFrame.new(2.9802322387695312e-08, 1.7881393432617188e-07, -5.960464477539063e-08, 1, -2.9802230017139664e-08, -1.313164261773636e-07, 8.940694584680386e-08, 0.5889450311660767, 0.8081774711608887, -5.215404996761208e-08, -0.8081731796264648, 0.5889390110969543),
            ["LeftUpperLeg"] = CFrame.new(-5.960464477539063e-08, 3.608874976634979e-07, -1.4901161193847656e-08, 0.9762069582939148, 0.07061287760734558, 0.2050212025642395, -0.08830559253692627, 0.992998480796814, 0.07845316082239151, -0.1980457752943039, -0.09469903260469437, 0.9756082892417908),
            ["LeftLowerLeg"] = CFrame.new(4.470348358154297e-08, 4.172325134277344e-07, 7.450580596923828e-09, 1, 1.4901132772138226e-08, -1.1082742901180609e-07, 1.3969836398786128e-09, 0.9861484169960022, 0.1658661663532257, 1.1525115439781075e-07, -0.1658656895160675, 0.9861483573913574),
        }},
        {Time = 0.233, Data = {
            ["RightFoot"] = CFrame.new(3.725290298461914e-08, 3.5762786865234375e-07, 4.1443854570388794e-08, 0.9984713196754456, 0.054755799472332, 0.007565001025795937, -0.05344683676958084, 0.9912766218185425, -0.12047383189201355, -0.014095154590904713, 0.1198861375451088, 0.9926876425743103),
            ["LeftLowerArm"] = CFrame.new(1.4901161193847656e-07, 3.5762786865234375e-07, -8.940696716308594e-08, 1, -3.3527616238870905e-08, 1.0058287358560847e-07, 9.685754776000977e-08, -0.29110854864120483, -0.9566900730133057, 5.4016709327697754e-08, 0.9566901326179504, -0.2911088168621063),
            ["RightUpperArm"] = CFrame.new(0, -3.5762786865234375e-07, -9.313225746154785e-10, 0.41924938559532166, 0.07901651412248611, 0.9044337868690491, -0.21139681339263916, 0.9773212671279907, 0.012604992836713791, -0.8829163908958435, -0.19646798074245453, 0.4264279901981354),
            ["Head"] = CFrame.new(-6.752088665962219e-09, 4.76837158203125e-07, -2.4563632905483246e-08, 0.998055100440979, 0.016805434599518776, 0.060029979795217514, -0.021245159208774567, 0.9970242381095886, 0.07410334050655365, -0.05860601365566254, -0.07523438334465027, 0.9954421520233154),
            ["RightHand"] = CFrame.new(-4.470348358154297e-08, -2.980232238769531e-07, 4.470348358154297e-08, 0.9213889241218567, 0.3314506709575653, 0.20293579995632172, -0.24833789467811584, 0.9037768244743347, -0.3485910892486572, -0.2989494800567627, 0.27079129219055176, 0.9150418043136597),
            ["UpperTorso"] = CFrame.new(8.149072527885437e-09, 1.7881393432617188e-07, -1.210719347000122e-08, 0.9981763958930969, -0.0013956911861896515, 0.060348525643348694, -0.0066071320325136185, 0.9912001490592957, 0.13220688700675964, -0.06000198423862457, -0.13236458599567413, 0.989383339881897),
            ["HumanoidRootPart"] = CFrame.new(0, 0, 0, 1, 0, 0, 0, 1, 0, 0, 0, 1),
            ["RightUpperLeg"] = CFrame.new(-5.960464477539063e-08, 6.379559636116028e-08, -2.0489096641540527e-08, 0.9120049476623535, -0.2370167225599289, -0.33476728200912476, 0.10296618938446045, 0.9223084449768066, -0.3724912703037262, 0.3970451354980469, 0.30523809790611267, 0.8655524253845215),
            ["LeftUpperArm"] = CFrame.new(0, -3.5762786865234375e-07, 9.313225746154785e-10, 0.6045152544975281, -0.35855022072792053, -0.7113532423973083, 0.07881524413824081, 0.9155170917510986, -0.3944874405860901, 0.7926849722862244, 0.18240131437778473, 0.5816839933395386),
            ["RightLowerArm"] = CFrame.new(-8.940696716308594e-08, 5.960464477539063e-08, -9.872019290924072e-08, 1, 0, 8.940699558479537e-08, 7.078051567077637e-08, 0.6334480047225952, -0.7737851142883301, -8.183997124433517e-08, 0.7737853527069092, 0.6334483027458191),
            ["LeftHand"] = CFrame.new(7.450580596923828e-08, -3.5762786865234375e-07, 0, 0.9043143391609192, -0.4260278344154358, -0.026760458946228027, 0.4263690710067749, 0.9045102596282959, 0.008411630988121033, 0.0206215251237154, -0.019016608595848083, 0.9996064901351929),
            ["LeftFoot"] = CFrame.new(-1.2158778872617404e-08, 4.172325134277344e-07, -3.015941274497891e-09, 0.9975427389144897, -0.06608668714761734, -0.023266442120075226, 0.06351497024297714, 0.9931750297546387, -0.09781425446271896, 0.029571671038866043, 0.09610350430011749, 0.9949327707290649),
            ["LowerTorso"] = CFrame.new(0.051749587059020996, -0.008719682693481445, -0.02533312514424324, 0.9957160353660583, -0.014131671749055386, -0.0913776233792305, 0.00014156787074171007, 0.9884836673736572, -0.1513276994228363, 0.09246379882097244, 0.1506664901971817, 0.984251081943512),
            ["RightLowerLeg"] = CFrame.new(-5.587935447692871e-08, 3.5762786865234375e-07, 0, 1, -8.940668294599163e-08, -8.195635814445268e-08, 1.3783575525394554e-07, 0.6218370795249939, 0.7831507921218872, 4.4703490686970326e-08, -0.7831466197967529, 0.6218317747116089),
            ["LeftUpperLeg"] = CFrame.new(0, 5.122274160385132e-08, -3.725290298461914e-09, 0.9696992039680481, 0.07398342341184616, 0.23282983899116516, -0.10104666650295258, 0.9891617298126221, 0.10652276873588562, -0.22242522239685059, -0.1268293559551239, 0.966666042804718),
            ["LeftLowerLeg"] = CFrame.new(7.636845111846924e-08, 5.960464477539062e-07, -7.450580596923828e-09, 1, 2.0489068219831097e-08, -8.38190601371025e-08, -6.9849201977945086e-09, 0.9905602335929871, 0.1370786428451538, 9.848737647644157e-08, -0.13707837462425232, 0.9905602335929871),
        }},
        {Time = 0.267, Data = {
            ["RightFoot"] = CFrame.new(-1.1408701539039612e-08, 2.980232238769531e-07, -2.7474015951156616e-08, 0.9985681772232056, 0.04989957809448242, -0.019283348694443703, -0.0519731342792511, 0.9903014898300171, -0.12884551286697388, 0.012667148374021053, 0.12966515123844147, 0.9914771914482117),
            ["LeftLowerArm"] = CFrame.new(8.940696716308594e-08, 0, -5.960464477539063e-08, 1, 8.381905303167514e-08, 3.911557300284585e-08, 1.303851746570217e-07, -0.2594813108444214, -0.9657481908798218, 2.421439049271612e-08, 0.965748131275177, -0.2594815790653229),
            ["RightUpperArm"] = CFrame.new(0, -1.1920928955078125e-07, -9.313225746154785e-10, 0.4195961356163025, 0.07904351502656937, 0.904270589351654, -0.21632066369056702, 0.9762088060379028, 0.015041084960103035, -0.8815580606460571, -0.2019122987985611, 0.42669498920440674),
            ["Head"] = CFrame.new(3.026798367500305e-09, -1.1920928955078125e-07, 2.3748725652694702e-08, 0.9968320727348328, 0.012519456446170807, 0.07854408770799637, -0.017048053443431854, 0.998214066028595, 0.05725391209125519, -0.07768701761960983, -0.058411385864019394, 0.9952652454376221),
            ["RightHand"] = CFrame.new(2.9802322387695312e-08, -2.980232238769531e-07, 5.960464477539063e-08, 0.9197527766227722, 0.3337474763393402, 0.20656125247478485, -0.24790452420711517, 0.9019806385040283, -0.353517085313797, -0.30429959297180176, 0.27394092082977295, 0.9123366475105286),
            ["UpperTorso"] = CFrame.new(-1.2441887520253658e-09, 1.4901161193847656e-07, -1.0710209608078003e-08, 0.9987486004829407, -0.001885305973701179, 0.04997777193784714, -0.00515349255874753, 0.990090548992157, 0.14033566415309906, -0.04974709823727608, -0.14041762053966522, 0.9888418316841125),
            ["HumanoidRootPart"] = CFrame.new(0, 0, 0, 1, 0, 0, 0, 1, 0, 0, 0, 1),
            ["RightUpperLeg"] = CFrame.new(0, 6.402842700481415e-08, 0, 0.9250000715255737, -0.21642431616783142, -0.3123055100440979, 0.10690560936927795, 0.9369654655456543, -0.332673043012619, 0.3646179437637329, 0.27432894706726074, 0.8898280262947083),
            ["LeftUpperArm"] = CFrame.new(0, -1.1920928955078125e-07, 1.2456439435482025e-08, 0.6081076264381409, -0.36488211154937744, -0.7050434350967407, 0.04956086352467537, 0.9038284420967102, -0.4250205159187317, 0.7923060059547424, 0.22350682318210602, 0.5676894783973694),
            ["RightLowerArm"] = CFrame.new(-2.9802322387695312e-08, -3.5762786865234375e-07, -1.341104507446289e-07, 1, 0, 8.940700979565008e-08, 7.450580596923828e-08, 0.6324754357337952, -0.774580180644989, -6.798654794692993e-08, 0.7745805382728577, 0.6324756741523743),
            ["LeftHand"] = CFrame.new(-1.043081283569336e-07, -4.76837158203125e-07, 1.1920928955078125e-07, 0.5366330742835999, -0.18823494017124176, 0.822552502155304, 0.329580694437027, 0.9441268444061279, 0.0010380448075011373, -0.7767892479896545, 0.2705405056476593, 0.5686882734298706),
            ["LeftFoot"] = CFrame.new(-2.0939559419730358e-08, 4.172325134277344e-07, 8.083020475169178e-09, 0.9972070455551147, -0.06957107782363892, -0.027170341461896896, 0.06649129837751389, 0.9926320910453796, -0.10128569602966309, 0.03401663154363632, 0.09920348227024078, 0.9944863319396973),
            ["LowerTorso"] = CFrame.new(0.0558895505964756, -0.009275078773498535, -0.031100429594516754, 0.9950041770935059, -0.015387268736958504, -0.09864048659801483, 0.000022023130441084504, 0.9880844950675964, -0.15391254425048828, 0.0998334288597107, 0.15314145386219025, 0.9831485152244568),
