return {
    ["Things She Said"] = {
        {Time = 0.000, Data = {
            ["LeftFoot"] = CFrame.new(1.079735767461898e-08, -1.7881393432617188e-07, 2.2873970806358557e-07, 0.9773802161216736, -0.21070519089698792, 0.01819906197488308, 0.20033186674118042, 0.8947995901107788, -0.39899998903274536, 0.06778666377067566, 0.39362040162086487, 0.9167703986167908),
            ["LeftLowerArm"] = CFrame.new(5.960464477539063e-08, 1.1920928955078125e-07, -6.705522537231445e-08, 1, -5.960464477539063e-08, 9.313227167240257e-08, 1.1734665861240501e-07, 0.33576908707618713, -0.941944420337677, 3.539026138810186e-08, 0.9419443607330322, 0.33576899766921997),
            ["LowerTorso"] = CFrame.new(0, -0.1714721918106079, 0, 0.9838141798973083, -0.10136762261390686, -0.1477643847465515, 0.10096413642168045, 0.9948372840881348, -0.01024838536977768, 0.14804036915302277, -0.004836394917219877, 0.9889695048332214),
            ["Head"] = CFrame.new(1.1175870895385742e-08, 1.1920928955078125e-07, 1.862645149230957e-09, 0.7965389490127563, 0.139580637216568, -0.5882542133331299, -0.11228054761886597, 0.9902107119560242, 0.0829206332564354, 0.5940697193145752, -1.30385160446167e-08, 0.8044134974479675),
            ["RightUpperArm"] = CFrame.new(0.16698384284973145, -0.2842200994491577, 0.268536239862442, 0.12176607549190521, -0.035721879452466965, 0.9919158220291138, 0.2815014123916626, 0.959560751914978, -1.2665984172599565e-07, -0.9518035054206848, 0.2792257070541382, 0.1268976926803589),
            ["UpperTorso"] = CFrame.new(7.654307410120964e-09, 5.960464477539063e-08, 1.1641532182693481e-10, 0.9543818235397339, 0.22004060447216034, -0.2018352448940277, -0.22466431558132172, 0.9744362831115723, 1.2107191693644381e-08, 0.19667567312717438, 0.045345187187194824, 0.979419469833374),
            ["HumanoidRootPart"] = CFrame.new(0, 0, 0, 1, 0, 0, 0, 1, 0, 0, 0, 1),
            ["RightHand"] = CFrame.new(-5.960464477539063e-08, 0, -1.043081283569336e-07, 1, -2.9802322387695312e-08, -3.725290298461914e-08, 0, 0.983694314956665, -0.1798485517501831, -2.9802322387695312e-08, 0.17984852194786072, 0.9836943745613098),
            ["LeftUpperArm"] = CFrame.new(0.5068120360374451, -0.8244431018829346, -0.31840306520462036, 0.012295126914978027, -0.7236657738685608, -0.690041184425354, -0.9928645491600037, -0.09069518744945526, 0.0774238109588623, -0.11861240863800049, 0.6841654777526855, -0.7196171283721924),
            ["RightLowerArm"] = CFrame.new(-5.960464477539063e-08, 3.5762786865234375e-07, -4.0978193283081055e-08, 1, -2.980233304583635e-08, 0, 7.916242594774303e-08, 0.8677363991737366, -0.49702462553977966, 3.725290742551124e-09, 0.4970247745513916, 0.8677364587783813),
            ["LeftHand"] = CFrame.new(2.0489096641540527e-08, 0, 4.284083843231201e-08, 1, 1.4901162970204496e-08, -7.450580596923828e-09, 2.6077035641947077e-08, 1, -1.5832483768463135e-08, 0, -3.81842291119483e-08, 1),
            ["RightUpperLeg"] = CFrame.new(0, 4.8137735575437546e-08, -1.0077201295644045e-08, 0.9955593347549438, -0.059998203068971634, -0.07253915816545486, 0.02481701970100403, 0.910591185092926, -0.4125627875328064, 0.0908065065741539, 0.4089305102825165, 0.908036470413208),
            ["LeftUpperLeg"] = CFrame.new(2.9802322387695312e-08, 5.471520125865936e-09, 6.51925802230835e-09, 0.8406540751457214, 0.4757714867591858, 0.2587321102619171, -0.3017478883266449, 0.8081945180892944, -0.5057369470596313, -0.449721097946167, 0.34707796573638916, 0.8229750394821167),
            ["RightLowerLeg"] = CFrame.new(-9.685754776000977e-08, -5.960464477539063e-08, -4.300818545743823e-08, 1, 5.587932605521928e-08, -3.7252894102834944e-09, -2.980232594040899e-08, 0.7694439888000488, 0.638714075088501, 3.725290742551124e-09, -0.6387143135070801, 0.7694442272186279),
            ["RightFoot"] = CFrame.new(-3.0675437301397324e-08, 5.364418029785156e-07, -6.151094567030668e-08, 0.9918710589408875, 0.12453241646289825, -0.0261466633528471, -0.1271495223045349, 0.9618923664093018, -0.2420659363269806, -0.004994716960936785, 0.24342311918735504, 0.9699074625968933),
            ["LeftLowerLeg"] = CFrame.new(-4.470348358154297e-08, -5.960464477539063e-08, 2.9802322387695312e-08, 1, -3.3527616238870905e-08, 2.9802315282267955e-08, -1.4901162970204496e-08, 0.594556450843811, 0.8040539026260376, 8.195639367158947e-08, -0.8040539622306824, 0.5945565104484558),
        }},
        {Time = 0.036, Data = {
            ["LeftFoot"] = CFrame.new(8.77791208608869e-08, -1.7881393432617188e-07, 1.064105958903383e-08, 0.9775705337524414, -0.20808149874210358, 0.03252556920051575, 0.20280884206295013, 0.888435423374176, -0.4117658734321594, 0.056784115731716156, 0.4091266393661499, 0.9107091426849365),
            ["LeftLowerArm"] = CFrame.new(2.9802322387695312e-08, 0, 7.450580596923828e-09, 1, -7.450580596923828e-08, 8.195638656616211e-08, 1.210719347000122e-07, 0.3923085927963257, -0.9198337197303772, 4.470348358154297e-08, 0.9198337197303772, 0.3923085927963257),
            ["LowerTorso"] = CFrame.new(-0.008190132677555084, -0.1823580265045166, -0.001018995768390596, 0.983526885509491, -0.09832596033811569, -0.15168002247810364, 0.09358568489551544, 0.9948820471763611, -0.03809795901179314, 0.1546497493982315, 0.023275291547179222, 0.9876951575279236),
            ["Head"] = CFrame.new(3.725290298461914e-09, 1.1920928955078125e-07, -9.313225746154785e-09, 0.7904905080795288, 0.18520164489746094, -0.583802342414856, -0.1434173732995987, 0.9826576709747314, 0.11753927171230316, 0.5954462885856628, -0.009186276234686375, 0.8033427000045776),
            ["RightUpperArm"] = CFrame.new(0.15652430057525635, -0.3323565721511841, 0.25673580169677734, 0.12106995284557343, -0.0191538967192173, 0.9924591779708862, 0.2838728427886963, 0.9587263464927673, -0.016126874834299088, -0.9511878490447998, 0.28368473052978516, 0.12151017785072327),
            ["UpperTorso"] = CFrame.new(-2.9103830456733704e-09, -1.1920928955078125e-07, -2.3283064365386963e-09, 0.962418258190155, 0.1959591954946518, -0.1880190670490265, -0.19454137980937958, 0.980545699596405, 0.02615037001669407, 0.18948571383953094, 0.011409878730773926, 0.9818171858787537),
            ["HumanoidRootPart"] = CFrame.new(0, 0, 0, 1, 0, 0, 0, 1, 0, 0, 0, 1),
            ["RightHand"] = CFrame.new(-2.9802322387695312e-08, 0, -1.4901161193847656e-08, 1, -4.470348358154297e-08, -2.9802322387695312e-08, 2.9802322387695312e-08, 0.9875286221504211, -0.1574399322271347, -1.4901161193847656e-08, 0.15743988752365112, 0.9875286221504211),
            ["LeftUpperArm"] = CFrame.new(0.5068119764328003, -0.8244430422782898, -0.318403035402298, -0.005932972766458988, -0.6805782318115234, -0.73265141248703, -0.9986101984977722, -0.034337155520915985, 0.03998352587223053, -0.05236916244029999, 0.7318703532218933, -0.6794285178184509),
            ["RightLowerArm"] = CFrame.new(-2.9802322387695312e-08, 3.5762786865234375e-07, -1.6763806343078613e-08, 1, -2.980233304583635e-08, 1.4901164746561335e-08, 8.475035429000854e-08, 0.882699728012085, -0.469937264919281, 2.60770320892334e-08, 0.4699375331401825, 0.8826998472213745),
            ["LeftHand"] = CFrame.new(-3.725290298461914e-09, 1.1920928955078125e-07, 5.122274160385132e-09, 1, -3.0547388973900524e-07, 0.0000488981677335687, -2.8312211952652433e-07, 0.9999252557754517, 0.012226494029164314, -0.000048898171371547505, -0.012226401828229427, 0.9999252557754517),
            ["RightUpperLeg"] = CFrame.new(-5.960464477539063e-08, 9.406358003616333e-08, -2.032174961641431e-08, 0.9940319657325745, -0.07780458778142929, -0.07646484673023224, 0.03948129713535309, 0.9100097417831421, -0.41270288825035095, 0.10169393569231033, 0.4072207510471344, 0.9076505303382874),
            ["LeftUpperLeg"] = CFrame.new(5.960464477539063e-08, -9.534414857625961e-08, 7.450580596923828e-09, 0.8471708297729492, 0.46605509519577026, 0.2551361620426178, -0.3054898977279663, 0.8201426267623901, -0.48377907276153564, -0.4347156584262848, 0.331901878118515, 0.8371758460998535),
            ["RightLowerLeg"] = CFrame.new(-5.960464477539063e-08, 0, -2.0656443666666746e-08, 1, 7.45057615603173e-09, 5.21540464148984e-08, -3.725289587919178e-08, 0.7411983013153076, 0.67128586769104, 3.352760558072987e-08, -0.6712861061096191, 0.7411985397338867),
            ["RightFoot"] = CFrame.new(1.666376192588359e-08, 3.5762786865234375e-07, -5.428591975942254e-08, 0.9916573762893677, 0.12868963181972504, -0.007402700372040272, -0.12622012197971344, 0.9577661156654358, -0.2583647668361664, -0.026159033179283142, 0.25714409351348877, 0.9660191535949707),
            ["LeftLowerLeg"] = CFrame.new(7.450580596923828e-08, 3.5762786865234375e-07, 0, 1, -1.1175872671742582e-08, -7.4505797087454084e-09, 1.4901161193847656e-08, 0.5772292017936707, 0.8165821433067322, -7.450580596923828e-09, -0.8165822625160217, 0.5772292017936707),
        }},
        {Time = 0.071, Data = {
            ["LeftFoot"] = CFrame.new(0, 0, 2.682209014892578e-07, 0.9768789410591125, -0.19985456764698029, 0.07593213021755219, 0.21298691630363464, 0.8789302110671997, -0.42675337195396423, 0.018549563363194466, 0.4330587089061737, 0.901174783706665),
            ["LeftLowerArm"] = CFrame.new(5.960464477539063e-08, 5.960464477539063e-08, -8.800998330116272e-08, 1, -8.009374852235851e-08, 9.685756907629184e-08, 9.313225746154785e-08, 0.5390024185180664, -0.8423042893409729, 2.9802322387695312e-08, 0.8423042297363281, 0.5390024185180664),
            ["LowerTorso"] = CFrame.new(-0.02571645751595497, -0.19918322563171387, -0.0035232407972216606, 0.9839343428611755, -0.08505193144083023, -0.15696947276592255, 0.0704866349697113, 0.9928688406944275, -0.09614097326993942, 0.16402706503868103, 0.08353215456008911, 0.9829127788543701),
            ["Head"] = CFrame.new(9.313225746154785e-10, 1.1920928955078125e-07, -1.3969838619232178e-09, 0.7810360193252563, 0.2517118752002716, -0.5715101957321167, -0.1858208030462265, 0.967390239238739, 0.17212441563606262, 0.5961991548538208, -0.028236864134669304, 0.8023399114608765),
            ["RightUpperArm"] = CFrame.new(0.13414180278778076, -0.4012983441352844, 0.231483593583107, 0.12145508080720901, 0.009277787059545517, 0.9925536513328552, 0.2826210856437683, 0.9582430124282837, -0.043540481477975845, -0.9515114426612854, 0.2858048379421234, 0.11376136541366577),
            ["UpperTorso"] = CFrame.new(-6.51925802230835e-09, -2.9802322387695312e-08, -3.725290298461914e-09, 0.9793968200683594, 0.12591354548931122, -0.15788471698760986, -0.11409050226211548, 0.9900913238525391, 0.08186992257833481, 0.16662880778312683, -0.06216999888420105, 0.9840577840805054),
            ["HumanoidRootPart"] = CFrame.new(0, 0, 0, 1, 0, 0, 0, 1, 0, 0, 0, 1),
            ["RightHand"] = CFrame.new(-5.960464477539063e-08, 0, -3.725290298461914e-08, 1, 0, -1.4901162970204496e-08, 2.9802322387695312e-08, 0.9951709508895874, -0.09815716743469238, -2.9802322387695312e-08, 0.09815704077482224, 0.9951710104942322),
            ["LeftUpperArm"] = CFrame.new(0.5068120360374451, -0.8244430422782898, -0.31840309500694275, -0.03769717365503311, -0.5457576513290405, -0.8370947241783142, -0.9915613532066345, 0.12440647184848785, -0.036455560475587845, 0.12403592467308044, 0.8286565542221069, -0.5458419322967529),
            ["RightLowerArm"] = CFrame.new(5.960464477539063e-08, 1.1920928955078125e-07, -1.0686926543712616e-07, 1, -1.4901164746561335e-08, 0, 7.171183824539185e-08, 0.917188823223114, -0.3984527885913849, -2.9802322387695312e-08, 0.3984529674053192, 0.9171889424324036),
            ["LeftHand"] = CFrame.new(-3.725290298461914e-09, 1.1920928955078125e-07, 2.9802322387695312e-08, 1, -0.000004112721398996655, 0.000180877759703435, -0.0000040903692024585325, 0.9989768862724304, 0.04522395879030228, -0.0001808963861549273, -0.045223962515592575, 0.9989768862724304),
            ["RightUpperLeg"] = CFrame.new(5.960464477539063e-08, -1.4016404747962952e-07, -9.145878721028566e-09, 0.9887787699699402, -0.12412770092487335, -0.08312053978443146, 0.08005990087985992, 0.9100618362426758, -0.40666675567626953, 0.1261233687400818, 0.39544877409935, 0.9097874164581299),
            ["LeftUpperLeg"] = CFrame.new(0, -1.019798219203949e-07, 0, 0.8708370923995972, 0.4265585243701935, 0.24431660771369934, -0.30076363682746887, 0.8554723858833313, -0.4215547740459442, -0.388823926448822, 0.29362398386001587, 0.8732703328132629),
            ["RightLowerLeg"] = CFrame.new(-5.21540641784668e-08, -1.1920928955078125e-07, -1.0261283023282886e-07, 1, 2.9802311729554276e-08, 2.9802318834981634e-08, 0, 0.6874231696128845, 0.7262569665908813, 4.4703494239684005e-08, -0.7262572050094604, 0.6874234080314636),
            ["RightFoot"] = CFrame.new(-4.879802872892469e-08, 1.7881393432617188e-07, 1.9826984498649836e-08, 0.9900041222572327, 0.1373148411512375, 0.032197918742895126, -0.12241967767477036, 0.9499828219413757, -0.2873079776763916, -0.07003899663686752, 0.2804948687553406, 0.9572969675064087),
            ["LeftLowerLeg"] = CFrame.new(9.685754776000977e-08, -1.7881393432617188e-07, 2.2351741790771484e-08, 1, -2.6077035641947077e-08, -8.195637946073475e-08, 2.980232594040899e-08, 0.5603792667388916, 0.8282362222671509, 0, -0.8282361626625061, 0.5603792071342468),
        }},
        {Time = 0.107, Data = {
            ["LeftFoot"] = CFrame.new(-1.0942328998453377e-07, 1.7881393432617188e-07, 9.694858249531535e-08, 0.9757618308067322, -0.1954091489315033, 0.09851018339395523, 0.21883231401443481, 0.8737426996231079, -0.4343801438808441, -0.0011905730934813619, 0.44540873169898987, 0.895326554775238),
            ["LeftLowerArm"] = CFrame.new(-2.9802322387695312e-08, 1.1920928955078125e-07, -1.2953933037351817e-08, 1, -8.707866072654724e-08, 1.3038517820973539e-08, 2.2351741790771484e-08, 0.6765004396438599, -0.7364421486854553, 6.891787052154541e-08, 0.7364422082901001, 0.6765004992485046),
            ["LowerTorso"] = CFrame.new(-0.033906590193510056, -0.21719837188720703, -0.005539914593100548, 0.9851499795913696, -0.060843564569950104, -0.16055408120155334, 0.041431181132793427, 0.9917140603065491, -0.1216006949543953, 0.1666223555803299, 0.11314297467470169, 0.9795078635215759),
            ["Head"] = CFrame.new(4.6566128730773926e-09, 1.1920928955078125e-07, -9.313225746154785e-09, 0.7800177931785583, 0.2800429165363312, -0.5595964789390564, -0.20428617298603058, 0.9592348337173462, 0.19528359174728394, 0.5914722084999084, -0.03800685703754425, 0.8054291605949402),
            ["RightUpperArm"] = CFrame.new(0.12368237972259521, -0.43067044019699097, 0.21968309581279755, 0.1217661052942276, 0.02197788469493389, 0.9923155307769775, 0.2815014123916626, 0.9579393863677979, -0.05575943738222122, -0.9518035650253296, 0.28612780570983887, 0.11045771837234497),
            ["UpperTorso"] = CFrame.new(-6.51925802230835e-09, 5.960464477539063e-08, 1.210719347000122e-08, 0.9891897439956665, 0.04850934073328972, -0.13838529586791992, -0.034003689885139465, 0.9938564896583557, 0.10532349348068237, 0.14264430105686188, -0.0994793102145195, 0.9847621321678162),
            ["HumanoidRootPart"] = CFrame.new(0, 0, 0, 1, 0, 0, 0, 1, 0, 0, 0, 1),
            ["RightHand"] = CFrame.new(2.9802322387695312e-08, 0, -7.450580596923828e-08, 1, -4.4703490686970326e-08, 0, 1.4901161193847656e-08, 0.9991506338119507, -0.04120950028300285, -7.450580596923828e-09, 0.04120950773358345, 0.9991505742073059),
            ["LeftUpperArm"] = CFrame.new(0.5068120360374451, -0.8244431614875793, -0.31840306520462036, -0.07043851166963577, -0.3751826882362366, -0.9242708086967468, -0.9527366757392883, 0.2998049855232239, -0.04908979684114456, 0.2955186367034912, 0.8771287798881531, -0.378568172454834),
            ["RightLowerArm"] = CFrame.new(-5.960464477539063e-08, 2.980232238769531e-07, 1.5273690223693848e-07, 1, -2.980233304583635e-08, 5.960465898624534e-08, 8.009374852235851e-08, 0.9432945251464844, -0.33195704221725464, -1.3038517820973539e-08, 0.33195725083351135, 0.9432945847511292),
            ["LeftHand"] = CFrame.new(-1.4901161193847656e-08, 0, 1.5273690223693848e-07, 1, -0.000012323262126301415, 0.00031396374106407166, -0.000012345613868092187, 0.9969141483306885, 0.0785001590847969, -0.00031397122074849904, -0.07850013673305511, 0.9969140887260437),
            ["RightUpperLeg"] = CFrame.new(1.1920928955078125e-07, 4.377216100692749e-08, -1.6952981241047382e-09, 0.9827303290367126, -0.16847626864910126, -0.07653017342090607, 0.11963474750518799, 0.8939899802207947, -0.4318210482597351, 0.1411687731742859, 0.41520804166793823, 0.8987067937850952),
            ["LeftUpperLeg"] = CFrame.new(0, 2.1141022443771362e-07, 1.4901161193847656e-08, 0.8874971866607666, 0.39069509506225586, 0.24434852600097656, -0.2790816128253937, 0.8776566386222839, -0.389656662940979, -0.36669114232063293, 0.2776259183883667, 0.887953519821167),
            ["RightLowerLeg"] = CFrame.new(-3.725290298461914e-08, 1.1920928955078125e-07, -1.0261283023282886e-07, 1, 5.401671643312511e-08, 3.725290653733282e-08, -3.725290653733282e-08, 0.6228843927383423, 0.7823139429092407, 7.450581485102248e-09, -0.7823139429092407, 0.6228844523429871),
            ["RightFoot"] = CFrame.new(1.705120666883886e-08, 5.364418029785156e-07, 1.9717845134437084e-09, 0.9882031083106995, 0.142447367310524, 0.05624393746256828, -0.1170789897441864, 0.9394171833992004, -0.3221612274646759, -0.09872769564390182, 0.31177598237991333, 0.945012629032135),
            ["LeftLowerLeg"] = CFrame.new(-7.450580596923828e-09, 2.980232238769531e-07, -3.725290298461914e-08, 1, -1.8626458597736928e-08, 1.4901161193847656e-08, -1.4901162970204496e-08, 0.5504546165466309, 0.834865152835846, -3.725290653733282e-08, -0.834865152835846, 0.5504544973373413),
        }},
        {Time = 0.143, Data = {
            ["LeftFoot"] = CFrame.new(1.4987001861754834e-08, 2.384185791015625e-07, -1.0972079422799652e-07, 0.976260781288147, -0.1972099393606186, 0.089572973549366, 0.21649855375289917, 0.8758703470230103, -0.43125349283218384, 0.006592960096895695, 0.4404083490371704, 0.8977734446525574),
            ["LeftLowerArm"] = CFrame.new(2.9802322387695312e-08, 1.7881393432617188e-07, 4.101457307115197e-08, 1, -5.960464477539063e-08, -1.4901162970204496e-08, 2.60770320892334e-08, 0.7970436215400696, -0.6039217114448547, 4.190951585769653e-08, 0.6039217114448547, 0.7970437407493591),
            ["LowerTorso"] = CFrame.new(-0.028892697766423225, -0.23367905616760254, -0.006801229435950518, 0.9875170588493347, -0.026240980252623558, -0.15531152486801147, 0.0077645559795200825, 0.9929363131523132, -0.11839425563812256, 0.1573212444782257, 0.11571040749549866, 0.9807451963424683),
            ["Head"] = CFrame.new(0, 1.1920928955078125e-07, -5.587935447692871e-09, 0.81535404920578, 0.21014833450317383, -0.5394771099090576, -0.15328659117221832, 0.9769038558006287, 0.1488698124885559, 0.5583019256591797, -0.03868700936436653, 0.8287353515625),
            ["RightUpperArm"] = CFrame.new(0.12505948543548584, -0.40635430812835693, 0.254106342792511, 0.2237328588962555, 0.0018448003102093935, 0.9746488332748413, 0.28035587072372437, 0.9576128721237183, -0.06616894155740738, -0.9334582090377808, 0.28805258870124817, 0.21373221278190613),
            ["UpperTorso"] = CFrame.new(1.862645149230957e-09, 0, 1.210719347000122e-08, 0.9908410310745239, -0.03617540001869202, -0.1300976276397705, 0.048277027904987335, 0.9946706891059875, 0.0911027267575264, 0.12610861659049988, -0.09654904901981354, 0.9873068928718567),
            ["HumanoidRootPart"] = CFrame.new(0, 0, 0, 1, 0, 0, 0, 1, 0, 0, 0, 1),
            ["RightHand"] = CFrame.new(0, -5.960464477539063e-08, 1.4156103134155273e-07, 0.999485969543457, -0.0019573867321014404, -0.03199978917837143, 0.002335626631975174, 0.999927818775177, 0.011787854135036469, 0.03197444975376129, -0.011856503784656525, 0.9994184374809265),
            ["LeftUpperArm"] = CFrame.new(0.4600687623023987, -0.8203405141830444, -0.3171961307525635, -0.08155518770217896, -0.09439131617546082, -0.9921891093254089, -0.9179500937461853, 0.3948828876018524, 0.03788607195019722, 0.38822227716445923, 0.9138696789741516, -0.1188511922955513),
            ["RightLowerArm"] = CFrame.new(-2.9802322387695312e-08, 2.980232238769531e-07, -8.987262845039368e-08, 1, -6.705524668859653e-08, 2.2351747119842003e-08, 5.587935447692871e-08, 0.9612934589385986, -0.2755262851715088, -4.0978193283081055e-08, 0.2755265533924103, 0.9612935781478882),
            ["LeftHand"] = CFrame.new(-2.2351741790771484e-08, -5.960464477539063e-08, 3.725290298461914e-08, 0.9999999403953552, -0.000022798776626586914, 0.00042613589903339744, -0.000022739173800800927, 0.9943082332611084, 0.10654175281524658, -0.0004261434660293162, -0.106541708111763, 0.9943081140518188),
            ["RightUpperLeg"] = CFrame.new(0, -1.2852251529693604e-07, 1.3205863069742918e-08, 0.9782695174217224, -0.20099148154258728, -0.050903841853141785, 0.15341521799564362, 0.8668490648269653, -0.4743802845478058, 0.13947227597236633, 0.4562622904777527, 0.8788471221923828),
            ["LeftUpperLeg"] = CFrame.new(-5.960464477539063e-08, -8.847564458847046e-08, 7.450580596923828e-09, 0.8946520090103149, 0.364420622587204, 0.2584487497806549, -0.249776229262352, 0.8876270055770874, -0.38694992661476135, -0.3704184591770172, 0.28163108229637146, 0.8851407766342163),
            ["RightLowerLeg"] = CFrame.new(4.470348358154297e-08, -3.5762786865234375e-07, 1.4325632946565747e-07, 1, 1.7695118259553055e-08, -1.8626442610525373e-08, 0, 0.5530197620391846, 0.8331680297851562, 1.4901166522918174e-08, -0.8331682085990906, 0.5530200004577637),
            ["RightFoot"] = CFrame.new(7.225571607705206e-08, 4.172325134277344e-07, 1.2674718163907528e-08, 0.988421618938446, 0.14366960525512695, 0.04880624637007713, -0.11651471257209778, 0.9247117638587952, -0.3623978793621063, -0.09719672799110413, 0.3525155782699585, 0.9307447671890259),
            ["LeftLowerLeg"] = CFrame.new(8.195638656616211e-08, -2.980232238769531e-07, -1.6391277313232422e-07, 1, -4.0978189730367376e-08, -1.043081283569336e-07, -2.2351741790771484e-08, 0.5522239804267883, 0.8336958289146423, 0, -0.8336958289146423, 0.5522239208221436),
        }},
        {Time = 0.179, Data = {
            ["LeftFoot"] = CFrame.new(-5.418898751941015e-08, 1.1920928955078125e-07, -1.3327590409062395e-07, 0.9771515727043152, -0.20164251327514648, 0.06719577312469482, 0.21110396087169647, 0.8840110301971436, -0.41708487272262573, 0.02470022812485695, 0.4217402935028076, 0.9063801765441895),
            ["LeftLowerArm"] = CFrame.new(0, -5.960464477539063e-08, -4.470348358154297e-08, 1, -6.891787052154541e-08, -1.4901161193847656e-08, 1.6298145055770874e-08, 0.9082635045051575, -0.41839873790740967, 4.284083843231201e-08, 0.41839873790740967, 0.9082634449005127),
            ["LowerTorso"] = CFrame.new(-0.01577768661081791, -0.25023841857910156, -0.007831129245460033, 0.9905401468276978, 0.01958254911005497, -0.1358187049627304, -0.03493313863873482, 0.9931414723396301, -0.11157844215631485, 0.13270218670368195, 0.11526750028133392, 0.9844305515289307),
            ["Head"] = CFrame.new(5.587935447692871e-09, 0, 0, 0.8814697861671448, 0.017091263085603714, -0.471931129693985, -0.010370253585278988, 0.9998044371604919, 0.016839034855365753, 0.4721267521381378, -0.009949060156941414, 0.8814746141433716),
            ["RightUpperArm"] = CFrame.new(0.12866199016571045, -0.3427497148513794, 0.3441484272480011, 0.49030864238739014, -0.056572236120700836, 0.8697109222412109, 0.2757275402545929, 0.956705629825592, -0.09321342408657074, -0.826784074306488, 0.28550657629966736, 0.48467954993247986),
            ["UpperTorso"] = CFrame.new(-9.313225746154785e-10, 2.9802322387695312e-08, 1.525040715932846e-08, 0.9823899865150452, -0.14004714787006378, -0.12367990612983704, 0.14785191416740417, 0.987405002117157, 0.056314848363399506, 0.11423545330762863, -0.07360946387052536, 0.9907229542732239),
            ["HumanoidRootPart"] = CFrame.new(0, 0, 0, 1, 0, 0, 0, 1, 0, 0, 0, 1),
            ["RightHand"] = CFrame.new(-1.4901161193847656e-08, 5.960464477539063e-08, 1.1920928955078125e-07, 0.9932665824890137, -0.0035593886859714985, -0.11579663306474686, 0.011943969875574112, 0.9973479509353638, 0.07179521769285202, 0.11523394286632538, -0.07269486039876938, 0.9906749129295349),
            ["LeftUpperArm"] = CFrame.new(0.3269438147544861, -0.8066635727882385, -0.30657780170440674, -0.05975491926074028, 0.3867054879665375, -0.9202653169631958, -0.9222325682640076, 0.3314051628112793, 0.19914276897907257, 0.3819902837276459, 0.8605984449386597, 0.3368293344974518),
            ["RightLowerArm"] = CFrame.new(-2.9802322387695312e-08, 2.980232238769531e-07, 1.3504177331924438e-08, 1, -6.705524668859653e-08, -4.4703490686970326e-08, 2.9802322387695312e-08, 0.9767012000083923, -0.2146034687757492, 1.862645149230957e-08, 0.21460379660129547, 0.9767012596130371),
            ["LeftHand"] = CFrame.new(-2.421438694000244e-08, 0, -1.0989606380462646e-07, 0.9999998807907104, -0.00003690551966428757, 0.0005420474335551262, -0.00003692321479320526, 0.9907742142677307, 0.13552285730838776, -0.000542033463716507, -0.13552279770374298, 0.9907740950584412),
            ["RightUpperLeg"] = CFrame.new(1.1920928955078125e-07, -7.59027898311615e-08, 2.438173396512866e-08, 0.9730415344238281, -0.2304203063249588, -0.009831715375185013, 0.19291898608207703, 0.8365572690963745, -0.5127905011177063, 0.12638221681118011, 0.4970698952674866, 0.8584575653076172),
            ["LeftUpperLeg"] = CFrame.new(-5.960464477539063e-08, 8.754432201385498e-08, 1.4901161193847656e-08, 0.9026628136634827, 0.33211085200309753, 0.27368298172950745, -0.2132783830165863, 0.8975971341133118, -0.3857869505882263, -0.37378111481666565, 0.28986504673957825, 0.8810597062110901),
            ["RightLowerLeg"] = CFrame.new(-1.043081283569336e-07, -1.1920928955078125e-07, -1.39865733217448e-07, 1, -1.1175868230850483e-08, 4.097817907222634e-08, -7.450579175838357e-08, 0.47244906425476074, 0.8813580870628357, 3.725289587919178e-08, -0.8813580274581909, 0.4724489450454712),
            ["RightFoot"] = CFrame.new(4.29790816269815e-08, 1.7881393432617188e-07, -1.6884587239474058e-07, 0.9895044565200806, 0.14375917613506317, 0.01463873777538538, -0.12512363493442535, 0.9030724167823792, -0.4108578860759735, -0.07228459417819977, 0.4047141373157501, 0.9115819334983826),
            ["LeftLowerLeg"] = CFrame.new(-6.705522537231445e-08, -1.1920928955078125e-07, -7.450580596923828e-08, 1, -7.450581485102248e-09, -1.4901155864777138e-08, 7.4505797087454084e-09, 0.5650947093963623, 0.8250261545181274, 4.470347647611561e-08, -0.8250261545181274, 0.565094530582428),
        }},
        {Time = 0.214, Data = {
            ["LeftFoot"] = CFrame.new(4.470348358154297e-08, 1.1920928955078125e-07, 1.4901161193847656e-07, 0.9775227308273315, -0.20569030940532684, 0.04626968875527382, 0.20668460428714752, 0.8916321396827698, -0.4028322696685791, 0.04160305857658386, 0.40334072709083557, 0.9141035676002502),
            ["LeftLowerArm"] = CFrame.new(-5.960464477539063e-08, -1.7881393432617188e-07, -2.60770320892334e-08, 1, -1.257285475730896e-08, -1.862645149230957e-08, 4.0046870708465576e-08, 0.9693495035171509, -0.2456858903169632, 4.842877388000488e-08, 0.24568596482276917, 0.9693495631217957),
            ["LowerTorso"] = CFrame.new(-0.002662673592567444, -0.2694070339202881, -0.008427334949374199, 0.9919017553329468, 0.06630018353462219, -0.10832922160625458, -0.07711299508810043, 0.9921069741249084, -0.09888043254613876, 0.10091837495565414, 0.10643324255943298, 0.9891853332519531),
            ["Head"] = CFrame.new(2.2351741790771484e-08, 0, -7.450580596923828e-09, 0.9217489361763, -0.1804390847682953, -0.3432503342628479, 0.13844522833824158, 0.9799395203590393, -0.14335809648036957, 0.362231969833374, 0.08461880683898926, 0.928239107131958),
            ["RightUpperArm"] = CFrame.new(0.13226449489593506, -0.2791450023651123, 0.4341905415058136, 0.7395691871643066, -0.12684935331344604, 0.6610193848609924, 0.27193716168403625, 0.9546711444854736, -0.12105083465576172, -0.6157009601593018, 0.26928114891052246, 0.7405403852462769),
            ["UpperTorso"] = CFrame.new(-1.862645149230957e-09, -5.960464477539063e-08, 1.1408701539039612e-08, 0.9684688448905945, -0.2213914543390274, -0.1142539381980896, 0.22371315956115723, 0.9746242761611938, 0.007752645760774612, 0.10963825136423111, -0.03306831046938896, 0.9934214353561401),
            ["HumanoidRootPart"] = CFrame.new(0, 0, 0, 1, 0, 0, 0, 1, 0, 0, 0, 1),
            ["RightHand"] = CFrame.new(4.0978193283081055e-08, 0, -6.146728992462158e-08, 0.9800499677658081, -0.0015393944922834635, -0.19874559342861176, 0.025028564035892487, 0.9929654598236084, 0.11572923511266708, 0.19716928899288177, -0.11839473247528076, 0.9731943011283875),
            ["LeftUpperArm"] = CFrame.new(0.16452491283416748, -0.7850381135940552, -0.27582818269729614, -0.06123305857181549, 0.7831958532333374, -0.6187525987625122, -0.9443460702896118, 0.15527738630771637, 0.28999921679496765, 0.3232043981552124, 0.6020742058753967, 0.7300998568534851),
            ["RightLowerArm"] = CFrame.new(-2.9802322387695312e-08, 2.384185791015625e-07, -5.774199962615967e-08, 1, -2.980233304583635e-08, 9.685756197086448e-08, 4.470348358154297e-08, 0.9854128360748291, -0.17018097639083862, 0, 0.17018117010593414, 0.9854128360748291),
            ["LeftHand"] = CFrame.new(-1.862645149230957e-09, 0, -2.7939677238464355e-08, 0.9999998211860657, -0.000054742682550568134, 0.0006593065918423235, -0.000054713811550755054, 0.9863203763961792, 0.1648399382829666, -0.0006593177677132189, -0.16483989357948303, 0.9863201975822449),
            ["RightUpperLeg"] = CFrame.new(-2.9802322387695312e-08, 1.5366822481155396e-08, 9.480572771281004e-09, 0.9648112654685974, -0.26165929436683655, 0.025956513360142708, 0.23226723074913025, 0.8018167018890381, -0.5505832433700562, 0.12325288355350494, 0.5372377634048462, 0.8343766927719116),
            ["LeftUpperLeg"] = CFrame.new(0, -3.0174851417541504e-07, 3.3527612686157227e-08, 0.9126457571983337, 0.297857403755188, 0.2799263000488281, -0.17328684031963348, 0.9021862149238586, -0.39500871300697327, -0.37020185589790344, 0.31199535727500916, 0.8749911785125732),
            ["RightLowerLeg"] = CFrame.new(7.450580596923828e-09, -2.980232238769531e-07, 1.3580574886873364e-07, 1, 4.656611807263289e-08, 5.960464477539063e-08, -7.450577932388569e-09, 0.38990628719329834, 0.9208545088768005, 4.4703469370688254e-08, -0.9208545684814453, 0.38990649580955505),
            ["RightFoot"] = CFrame.new(1.7535057850182056e-09, 2.384185791015625e-07, 2.5041663320735097e-07, 0.9893938302993774, 0.14410443603992462, -0.018271999433636665, -0.1363670378923416, 0.8781232237815857, -0.45858874917030334, -0.05003999173641205, 0.45621660351753235, 0.8884607553482056),
            ["LeftLowerLeg"] = CFrame.new(1.4901161193847656e-08, 1.1920928955078125e-07, 2.9802322387695312e-08, 1, 1.1175870895385742e-08, -7.450579886381092e-08, -4.4703494239684005e-08, 0.5726407766342163, 0.8198063969612122, 1.4901164746561335e-08, -0.8198063969612122, 0.5726407766342163),
        }},
        {Time = 0.250, Data = {
            ["LeftFoot"] = CFrame.new(7.756599984531931e-08, -1.1920928955078125e-07, -4.3820072903599794e-08, 0.9775471091270447, -0.20702268183231354, 0.03928584232926369, 0.20521444082260132, 0.8929980397224426, -0.4005516469478607, 0.04784119874238968, 0.399619996547699, 0.9154316782951355),
            ["LeftLowerArm"] = CFrame.new(-5.960464477539063e-08, -5.960464477539063e-08, 9.787618182599545e-08, 1, -1.6763806343078613e-08, -2.3283067918100642e-08, 3.91155481338501e-08, 0.9884768724441528, -0.15137214958667755, 4.284083843231201e-08, 0.15137214958667755, 0.9884769320487976),
            ["LowerTorso"] = CFrame.new(0.002351216971874237, -0.29247450828552246, -0.008593815378844738, 0.9912286400794983, 0.10298983752727509, -0.08281801640987396, -0.10963808000087738, 0.9907316565513611, -0.08018927276134491, 0.0737917497754097, 0.08856591582298279, 0.9933332204818726),
            ["Head"] = CFrame.new(-3.725290298461914e-09, 1.1920928955078125e-07, 7.450580596923828e-09, 0.9441913962364197, -0.25515395402908325, -0.2083246260881424, 0.193069189786911, 0.9410971999168396, -0.2775977551937103, 0.26688385009765625, 0.2218843400478363, 0.9378381967544556),
            ["RightUpperArm"] = CFrame.new(0.13364171981811523, -0.2548288106918335, 0.46861374378204346, 0.8546256422996521, -0.18306459486484528, 0.4859038293361664, 0.28291091322898865, 0.9488573670387268, -0.14011147618293762, -0.4354040324687958, 0.25721022486686707, 0.8627086877822876),
            ["UpperTorso"] = CFrame.new(6.51925802230835e-09, 8.940696716308594e-08, 7.450580596923828e-09, 0.9626944661140442, -0.25075414776802063, -0.10169413685798645, 0.2477695643901825, 0.9679427742958069, -0.0411948636174202, 0.10876389592885971, 0.014461363665759563, 0.9939624667167664),
            ["HumanoidRootPart"] = CFrame.new(0, 0, 0, 1, 0, 0, 0, 1, 0, 0, 0, 1),
            ["RightHand"] = CFrame.new(-7.078051567077637e-08, 5.960464477539063e-08, -5.960464477539063e-08, 0.9731872081756592, 5.960465188081798e-08, -0.2300146073102951, 0.030731920152902603, 0.9910341501235962, 0.13002663850784302, 0.22795231640338898, -0.1336091160774231, 0.9644616842269897),
            ["LeftUpperArm"] = CFrame.new(0.043831050395965576, -0.760870099067688, -0.2238008677959442, -0.07043850421905518, 0.940750002861023, -0.3317047357559204, -0.9527366757392883, 0.03506578505039215, 0.3017668128013611, 0.29551857709884644, 0.33728325366973877, 0.8938170671463013),
            ["RightLowerArm"] = CFrame.new(-2.9802322387695312e-08, 4.172325134277344e-07, -5.960464477539063e-08, 1, -5.960467319710006e-08, 8.940698847936801e-08, 2.980232594040899e-08, 0.9878265261650085, -0.15555983781814575, -7.450581307466564e-08, 0.15556000173091888, 0.9878265261650085),
            ["LeftHand"] = CFrame.new(-2.60770320892334e-08, 0, 2.0954757928848267e-07, 0.9999997615814209, -0.00007577799988212064, 0.0007746955379843712, -0.0000757090820115991, 0.9810639023780823, 0.19368454813957214, -0.0007747124182060361, -0.19368454813957214, 0.9810635447502136),
            ["RightUpperLeg"] = CFrame.new(0, 1.5227124094963074e-07, -7.283233571797609e-09, 0.9518850445747375, -0.3041461110115051, 0.03755074366927147, 0.26597684621810913, 0.7590647339820862, -0.5942029356956482, 0.15222103893756866, 0.5756004452705383, 0.803438127040863),
            ["LeftUpperLeg"] = CFrame.new(8.940696716308594e-08, -8.335337042808533e-08, 1.4901161193847656e-08, 0.9239476323127747, 0.26766595244407654, 0.2732686698436737, -0.13566023111343384, 0.8972473740577698, -0.4201708734035492, -0.35765501856803894, 0.3511442542076111, 0.8653212189674377),
            ["RightLowerLeg"] = CFrame.new(-7.450580596923828e-08, 1.1920928955078125e-07, -1.1006341082975268e-07, 1, 7.217747288734699e-09, 7.450579175838357e-08, -1.4901157641133977e-08, 0.31451159715652466, 0.9492535591125488, -7.450578820566989e-09, -0.9492536783218384, 0.3145117461681366),
            ["RightFoot"] = CFrame.new(-4.750290827360004e-08, 4.172325134277344e-07, -1.5029218047857285e-07, 0.9889587163925171, 0.14719954133033752, -0.01712007261812687, -0.13608649373054504, 0.8563620448112488, -0.49812066555023193, -0.05866233631968498, 0.49495092034339905, 0.8669387102127075),
            ["LeftLowerLeg"] = CFrame.new(-5.21540641784668e-08, 5.960464477539063e-08, -1.4901161193847656e-08, 1, 2.9802322387695312e-08, -3.725289587919178e-08, -1.4901159417490817e-08, 0.5604268908500671, 0.8282040953636169, -6.70552182668871e-08, -0.8282039761543274, 0.5604267120361328),
        }},
        {Time = 0.286, Data = {
            ["LeftFoot"] = CFrame.new(2.0795631883174792e-08, 2.980232238769531e-07, 5.243042267011333e-08, 0.9774646162986755, -0.20476675033569336, 0.05131954699754715, 0.20782673358917236, 0.8907976746559143, -0.40408867597579956, 0.037028584629297256, 0.405647873878479, 0.913279116153717),
            ["LeftLowerArm"] = CFrame.new(-5.960464477539063e-08, 1.1920928955078125e-07, -5.21540641784668e-08, 1, -2.607702853651972e-08, -5.029141192380848e-08, 2.0489094865183688e-08, 0.9937922358512878, -0.11125201731920242, 4.1211020374021246e-08, 0.111252062022686, 0.9937922358512878),
            ["LowerTorso"] = CFrame.new(0.001984708709642291, -0.32783520221710205, 0.014301124960184097, 0.9893765449523926, 0.13304950296878815, -0.05858241021633148, -0.13482046127319336, 0.9904918074607849, -0.027376005426049232, 0.05438303202390671, 0.03498328477144241, 0.9979071617126465),
            ["Head"] = CFrame.new(1.1175870895385742e-08, 1.1920928955078125e-07, 2.0489096641540527e-08, 0.9691161513328552, -0.23578600585460663, -0.07224120199680328, 0.17871585488319397, 0.8733682036399841, -0.4530879557132721, 0.16992497444152832, 0.4261842966079712, 0.888533890247345),
            ["RightUpperArm"] = CFrame.new(0.13364160060882568, -0.2548288106918335, 0.46861380338668823, 0.8858017325401306, -0.20993250608444214, 0.4138643741607666, 0.3117397725582123, 0.9298229217529297, -0.1955702006816864, -0.3437640964984894, 0.3022542893886566, 0.8890830278396606),
            ["UpperTorso"] = CFrame.new(-2.735760062932968e-08, 1.1920928955078125e-07, 2.7939677238464355e-09, 0.9654862284660339, -0.24473147094249725, -0.08912314474582672, 0.23473365604877472, 0.9658840298652649, -0.10939987748861313, 0.1128561943769455, 0.08470388501882553, 0.9899943470954895),
            ["HumanoidRootPart"] = CFrame.new(0, 0, 0, 1, 0, 0, 0, 1, 0, 0, 0, 1),
            ["RightHand"] = CFrame.new(1.5832483768463135e-08, -1.1920928955078125e-07, 6.705522537231445e-08, 0.9844396114349365, -0.0006321221590042114, -0.1757224202156067, 0.01879892311990261, 0.994633674621582, 0.10173797607421875, 0.17471511662006378, -0.10345828533172607, 0.9791685342788696),
            ["LeftUpperArm"] = CFrame.new(-0.04588031768798828, -0.7355624437332153, -0.09639202058315277, -0.06444452702999115, 0.9864566922187805, -0.15083202719688416, -0.9666894674301147, -0.02419254556298256, 0.25480636954307556, 0.24770639836788177, 0.1622285395860672, 0.9551562666893005),
            ["RightLowerArm"] = CFrame.new(0, 2.384185791015625e-07, -9.685754776000977e-08, 1, -1.4901164746561335e-08, 1.0430815677864302e-07, 2.60770320892334e-08, 0.9859182834625244, -0.16722775995731354, -3.725290298461914e-08, 0.16722790896892548, 0.9859183430671692),
            ["LeftHand"] = CFrame.new(4.889443516731262e-09, 1.1920928955078125e-07, 3.1359377317130566e-08, 0.9999995827674866, -0.00010625740105751902, 0.0009156664600595832, -0.00010618939995765686, 0.9734426736831665, 0.2289312183856964, -0.0009156828746199608, -0.22893114387989044, 0.9734421968460083),
            ["RightUpperLeg"] = CFrame.new(0, -5.192123353481293e-08, 3.892637323588133e-09, 0.9383274912834167, -0.3416382074356079, 0.05314916744828224, 0.2842934727668762, 0.6748895645141602, -0.6809561848640442, 0.1967707872390747, 0.6540698409080505, 0.7303929328918457),
            ["LeftUpperLeg"] = CFrame.new(-5.960464477539063e-08, 7.281778380274773e-08, 6.51925802230835e-09, 0.9375684857368469, 0.24253471195697784, 0.249283567070961, -0.08841244131326675, 0.8593972325325012, -0.5036065578460693, -0.3363756835460663, 0.45012596249580383, 0.8271869421005249),
            ["RightLowerLeg"] = CFrame.new(-1.043081283569336e-07, 1.1920928955078125e-07, 4.639878170564771e-08, 1, -1.8626438169633275e-09, 1.4901159417490817e-08, -3.725290298461914e-08, 0.22881777584552765, 0.9734693169593811, 0, -0.9734692573547363, 0.22881771624088287),
