return {
    ["Think Mark, Think!"] = {
        [1] = {Time = 0.000, Data = {
            ["RightFoot"] = CFrame.new(-3.725290298461914e-09, 2.384185791015625e-07, 5.420588422566652e-09, 0.9339296221733093, 0.21248884499073029, -0.2874442934989929, -0.3499935567378998, 0.7070427536964417, -0.61448734998703, 0.0726635530591011, 0.674491822719574, 0.7346979379653931),
            ["LeftLowerArm"] = CFrame.new(-8.940696716308594e-08, 1.1920928955078125e-07, -5.180481821298599e-09, 1, -8.288768782449552e-08, 1.4156101713069802e-07, 1.0116490045675164e-07, -0.35621461272239685, -0.934404194355011, 1.1175869474300271e-07, 0.9344041347503662, -0.3562146723270416),
            ["RightUpperArm"] = CFrame.new(1.1920928955078125e-07, 1.1920928955078125e-07, -4.470348358154297e-08, 0.8153069019317627, -0.41346117854118347, 0.40536969900131226, 0.5618221759796143, 0.7342785000801086, -0.38103941082954407, -0.14010924100875854, 0.5384097099304199, 0.83095383644104),
            ["Head"] = CFrame.new(2.9802322387695312e-08, 1.1920928955078125e-07, -1.1920928955078125e-07, 0.9983765482902527, 0.05666129291057587, 0.0058162217028439045, -0.05649479851126671, 0.9720529913902283, 0.22786271572113037, 0.007257366552948952, -0.22782118618488312, 0.9736759662628174),
            ["RightHand"] = CFrame.new(5.960464477539063e-08, -5.960464477539063e-08, -4.470348358154297e-08, 1, 7.450580596923828e-09, 5.960464477539063e-08, -2.2351738238057806e-08, 1, -1.4901161193847656e-08, -2.9802318834981634e-08, 1.4901161193847656e-08, 1),
            ["UpperTorso"] = CFrame.new(-1.4901161193847656e-08, 2.980232238769531e-07, 1.4901161193847656e-08, 0.9939458966255188, 0.039093367755413055, -0.10268057882785797, 0.006617256440222263, 0.9115609526634216, 0.4111119508743286, 0.10967133194208145, -0.4093024432659149, 0.9057835340499878),
            ["HumanoidRootPart"] = CFrame.new(0, 0, 0, 1, 0, 0, 0, 1, 0, 0, 0, 1),
            ["RightUpperLeg"] = CFrame.new(-5.960464477539063e-08, 4.1350722312927246e-07, 3.55576048605144e-08, 0.9082854390144348, -0.3609647750854492, -0.2114761918783188, 0.3103773295879364, 0.9203658699989319, -0.23789194226264954, 0.2805061638355255, 0.15043625235557556, 0.9479901790618896),
            ["LeftUpperArm"] = CFrame.new(-1.1920928955078125e-07, -1.1920928955078125e-07, -1.043081283569336e-07, 0.8098246455192566, 0.4519251585006714, -0.37409600615501404, -0.5774775743484497, 0.7264976501464844, -0.3724525570869446, 0.10345924645662308, 0.517653226852417, 0.8493123054504395),
            ["RightLowerArm"] = CFrame.new(1.1920928955078125e-07, -1.1920928955078125e-07, 1.7881393432617188e-07, 1, 0, 1.1920928955078125e-07, 1.4901161193847656e-08, -0.7219495177268982, -0.6919457316398621, 8.195638656616211e-08, 0.6919457316398621, -0.721949577331543),
            ["LeftHand"] = CFrame.new(8.66129994392395e-08, -1.1920928955078125e-07, 2.682209014892578e-07, 1, 3.3993277526178645e-08, 5.122274160385132e-09, -8.847565347025466e-09, 1, 1.4901161193847656e-08, -3.539026138810186e-08, 8.940698137394065e-08, 1),
            ["LeftFoot"] = CFrame.new(1.862645149230957e-08, 1.1920928955078125e-07, 5.587935447692871e-09, 0.9898872375488281, -0.11169034987688065, 0.08745637536048889, 0.11780533194541931, 0.9906932711601257, -0.06818319112062454, -0.07902714610099792, 0.07779674232006073, 0.9938322305679321),
            ["LowerTorso"] = CFrame.new(-0.27795425057411194, -0.3129274845123291, 0.08341720700263977, 0.9137531518936157, 0.11499833315610886, 0.38965439796447754, -0.04317549243569374, 0.9811581969261169, -0.18832026422023773, -0.4039691090583801, 0.15525472164154053, 0.901501476764679),
            ["RightLowerLeg"] = CFrame.new(-9.313225746154785e-08, -0.00012242794036865234, -0.00007742101297480986, 1, -1.7881384906104358e-07, -4.470348358154297e-08, 1.378357268322361e-07, 0.37469482421875, 0.9271481037139893, -8.195637946073475e-08, -0.9271482229232788, 0.3746952414512634),
            ["LeftUpperLeg"] = CFrame.new(-5.960464477539063e-08, 2.7939677238464355e-07, 5.960464477539063e-08, 0.9735150337219238, 0.20717427134513855, 0.09668201953172684, -0.10951509326696396, 0.7937954068183899, -0.5982435345649719, -0.20068641006946564, 0.5718109607696533, 0.7954604625701904),
            ["LeftLowerLeg"] = CFrame.new(0, 0.00012296438217163086, 0.00007742643356323242, 1, 2.2351741790771484e-08, 2.1420420992512845e-08, -9.685754776000977e-08, 0.6059632301330566, 0.7954924702644348, 1.1175870895385742e-07, -0.7954926490783691, 0.6059634685516357)
        }},
        [2] = {Time = 0.040, Data = {
            ["RightFoot"] = CFrame.new(1.955777406692505e-08, 2.384185791015625e-07, -6.16346369497478e-08, 0.9339326620101929, 0.2124624401330948, -0.2874540686607361, -0.349971741437912, 0.7071289420127869, -0.614400327205658, 0.07272999733686447, 0.6744097471237183, 0.7347669005393982),
            ["LeftLowerArm"] = CFrame.new(-8.940696716308594e-08, 2.384185791015625e-07, -3.1635863706469536e-08, 1, -6.565823440496388e-08, 1.0989604959377175e-07, 8.230563253164291e-08, -0.3562146723270416, -0.934404194355011, 1.1548399925231934e-07, 0.934404194355011, -0.3562146723270416),
            ["RightUpperArm"] = CFrame.new(0, 1.1920928955078125e-07, -1.341104507446289e-07, 0.8153005838394165, -0.4131859242916107, 0.4056628942489624, 0.5617626905441284, 0.7342709898948669, -0.381141722202301, -0.14038412272930145, 0.53863126039505, 0.8307638764381409),
            ["Head"] = CFrame.new(0, 1.1920928955078125e-07, -9.685754776000977e-08, 0.9983766078948975, 0.056661829352378845, 0.005810901988297701, -0.05649478733539581, 0.9720743894577026, 0.22777163982391357, 0.007257324643433094, -0.22773003578186035, 0.973697304725647),
            ["RightHand"] = CFrame.new(5.960464477539063e-08, 5.960464477539063e-08, 1.4901161193847656e-07, 1, 1.4901161193847656e-08, -1.4901161193847656e-08, 1.4901161193847656e-08, 1, 1.4901161193847656e-08, -1.4901161193847656e-08, -1.4901161193847656e-08, 1),
            ["UpperTorso"] = CFrame.new(1.4901161193847656e-08, 8.940696716308594e-08, 5.21540641784668e-08, 0.9939458966255188, 0.039086345583200455, -0.10268321633338928, 0.006617260165512562, 0.9115890264511108, 0.41104963421821594, 0.10967133194208145, -0.40924060344696045, 0.9058114290237427),
            ["HumanoidRootPart"] = CFrame.new(0, 0, 0, 1, 0, 0, 0, 1, 0, 0, 0, 1),
            ["RightUpperLeg"] = CFrame.new(-2.9802322387695312e-08, 1.825392246246338e-07, 4.300818545743823e-08, 0.9082947969436646, -0.36092111468315125, -0.21151024103164673, 0.310350626707077, 0.9203949570655823, -0.23781420290470123, 0.2805052101612091, 0.1503629982471466, 0.9480020403862),
            ["LeftUpperArm"] = CFrame.new(0, 0, -1.2665987014770508e-07, 0.8098670840263367, 0.4518294632434845, -0.37411972880363464, -0.5774301886558533, 0.7264286875724792, -0.372660756111145, 0.10339217633008957, 0.5178335905075073, 0.8492105603218079),
            ["RightLowerArm"] = CFrame.new(5.960464477539063e-08, 1.1920928955078125e-07, 1.1920928955078125e-07, 1, -7.450580596923828e-09, 1.043081283569336e-07, 4.470348358154297e-08, -0.7219495177268982, -0.6919457316398621, 1.4156103134155273e-07, 0.6919457316398621, -0.7219495177268982),
            ["LeftHand"] = CFrame.new(2.0675361156463623e-07, 5.960464477539063e-08, -3.2782554626464844e-07, 1, -1.4901162970204496e-08, 3.725290298461914e-09, -1.816079198135867e-08, 1, 1.4901161193847656e-08, 6.845221633966503e-08, 1.4901162970204496e-08, 1),
            ["LeftFoot"] = CFrame.new(-4.470348358154297e-08, -1.1920928955078125e-07, -1.0617077350616455e-07, 0.9898872375488281, -0.11168430745601654, 0.08746355026960373, 0.117790088057518, 0.9907034635543823, -0.06806004792451859, -0.07904928922653198, 0.07767437398433685, 0.9938399791717529),
            ["LowerTorso"] = CFrame.new(-0.2779409885406494, -0.3128143548965454, 0.08343511074781418, 0.9137531518936157, 0.11499833315610886, 0.38965439796447754, -0.04317549243569374, 0.9811581969261169, -0.18832026422023773, -0.4039691090583801, 0.15525472164154053, 0.901501476764679),
            ["RightLowerLeg"] = CFrame.new(-5.21540641784668e-08, -0.00012236833572387695, -0.00007745454058749601, 1, -2.0116560506266978e-07, -5.2154071283894154e-08, 1.4528633585086936e-07, 0.37488889694213867, 0.9270696043968201, -7.078052277620372e-08, -0.9270697832107544, 0.37488922476768494),
            ["LeftUpperLeg"] = CFrame.new(5.960464477539063e-08, 3.0547380447387695e-07, 5.960464477539063e-08, 0.9735170006752014, 0.20714883506298065, 0.09671677649021149, -0.10950782895088196, 0.7938975095748901, -0.5981094241142273, -0.20068083703517914, 0.5716784596443176, 0.7955570220947266),
            ["LeftLowerLeg"] = CFrame.new(-8.195638656616211e-08, 0.0001226663589477539, 0.00007727742195129395, 1, 2.2351741790771484e-08, -9.313225746154785e-10, -2.2351738238057806e-08, 0.6061965227127075, 0.7953147292137146, 9.685753354915505e-08, -0.7953149676322937, 0.6061967611312866)
        }},
        [3] = {Time = 0.080, Data = {
            ["RightFoot"] = CFrame.new(-4.6566128730773926e-08, 2.980232238769531e-07, -4.300818545743823e-08, 0.9339414238929749, 0.2123849093914032, -0.28748270869255066, -0.34990763664245605, 0.7073824405670166, -0.6141452789306641, 0.07292486727237701, 0.6741682887077332, 0.7349690198898315),
            ["LeftLowerArm"] = CFrame.new(3.8743019104003906e-07, -1.7881393432617188e-07, -4.882167559117079e-09, 1, -8.428468589727345e-08, 9.872017869838601e-08, 1.4936085790395737e-07, -0.3562146723270416, -0.9344041347503662, 1.1082738637924194e-07, 0.934404194355011, -0.35621464252471924),
            ["RightUpperArm"] = CFrame.new(0, 0, 1.043081283569336e-07, 0.8152813911437988, -0.41237694025039673, 0.40652385354042053, 0.5615881085395813, 0.7342484593391418, -0.38144198060035706, -0.14119167625904083, 0.5392814874649048, 0.8302051424980164),
            ["Head"] = CFrame.new(-2.9802322387695312e-08, 0, 1.341104507446289e-07, 0.9983766078948975, 0.056663427501916885, 0.005795307923108339, -0.05649477615952492, 0.9721369743347168, 0.22750446200370789, 0.007257326506078243, -0.22746242582798004, 0.9737598896026611),
            ["RightHand"] = CFrame.new(-2.384185791015625e-07, -1.1920928955078125e-07, 1.7881393432617188e-07, 1, -2.9802322387695312e-08, -4.470348358154297e-08, -6.705522537231445e-08, 1, -1.4901161193847656e-08, -4.470348358154297e-08, 0, 1),
            ["UpperTorso"] = CFrame.new(5.587935447692871e-08, 8.940696716308594e-08, 3.725290298461914e-08, 0.9939458966255188, 0.03906577453017235, -0.10269105434417725, 0.006617260165512562, 0.9116713404655457, 0.41086703538894653, 0.10967133194208145, -0.409059077501297, 0.9058934450149536),
            ["HumanoidRootPart"] = CFrame.new(0, 0, 0, 1, 0, 0, 0, 1, 0, 0, 0, 1),
            ["RightUpperLeg"] = CFrame.new(5.960464477539063e-08, 6.705522537231445e-08, -1.6596459317952394e-08, 0.9083223938941956, -0.36079299449920654, -0.21161025762557983, 0.31027233600616455, 0.9204804301261902, -0.23758575320243835, 0.2805023491382599, 0.15014760196208954, 0.9480369687080383),
            ["LeftUpperArm"] = CFrame.new(-1.1920928955078125e-07, -2.384185791015625e-07, 8.940696716308594e-08, 0.8099914789199829, 0.45154866576194763, -0.3741893172264099, -0.5772907137870789, 0.7262254953384399, -0.373272180557251, 0.10319526493549347, 0.5183632969856262, 0.8489112854003906),
            ["RightLowerArm"] = CFrame.new(-5.960464477539063e-08, -1.1920928955078125e-07, 0, 1, -6.705522537231445e-08, 1.4901162614933128e-07, 4.470348358154297e-08, -0.721949577331543, -0.6919457316398621, 1.043081283569336e-07, 0.6919456720352173, -0.721949577331543),
            ["LeftHand"] = CFrame.new(-1.5366822481155396e-08, -5.960464477539063e-08, -1.1920928955078125e-07, 1, -4.656613428188905e-10, 2.7939677238464355e-09, 6.519258910486769e-09, 1, -1.4901161193847656e-08, 4.936010356004772e-08, -1.4901162970204496e-08, 1),
            ["LeftFoot"] = CFrame.new(-1.862645149230957e-08, -5.960464477539063e-08, 2.2351741790771484e-08, 0.9898874163627625, -0.11166682094335556, 0.08748426288366318, 0.11774538457393646, 0.9907335638999939, -0.06769850105047226, -0.07911399006843567, 0.07731500267982483, 0.9938628673553467),
            ["LowerTorso"] = CFrame.new(-0.2779020369052887, -0.31248199939727783, 0.08348768949508667, 0.9137531518936157, 0.11499833315610886, 0.38965439796447754, -0.04317549243569374, 0.9811581969261169, -0.18832026422023773, -0.4039691090583801, 0.15525472164154053, 0.901501476764679),
            ["RightLowerLeg"] = CFrame.new(-1.1548399925231934e-07, -0.00012248754501342773, -0.00007740238652331755, 1, -2.0116560506266978e-07, -6.705523247774181e-08, 1.2293457984924316e-07, 0.37545865774154663, 0.9268389940261841, -7.078051567077637e-08, -0.9268391728401184, 0.3754590153694153),
            ["LeftUpperLeg"] = CFrame.new(2.9802322387695312e-08, 1.825392246246338e-07, 2.9802322387695312e-08, 0.9735226631164551, 0.20707447826862335, 0.09681898355484009, -0.1094866618514061, 0.7941970825195312, -0.5977153778076172, -0.2006649374961853, 0.5712891221046448, 0.7958407998085022),
            ["LeftLowerLeg"] = CFrame.new(-1.1175870895385742e-07, 0.0001227259635925293, 0.00007747858762741089, 1, 2.607702853651972e-08, 4.6566133171666024e-09, -6.705523247774181e-08, 0.6068813800811768, 0.7947922945022583, 9.685756197086448e-08, -0.7947923541069031, 0.6068815588951111)
        }},
        [4] = {Time = 0.120, Data = {
            ["RightFoot"] = CFrame.new(2.514570951461792e-08, 4.172325134277344e-07, -6.16346369497478e-08, 0.9339557886123657, 0.21225899457931519, -0.2875292897224426, -0.3498031497001648, 0.7077945470809937, -0.61372971534729, 0.07324180006980896, 0.6737752556800842, 0.7352978587150574),
            ["LeftLowerArm"] = CFrame.new(-1.1920928955078125e-07, -5.960464477539063e-08, 1.9466824596747756e-08, 1, -8.475033297372647e-08, 1.639127589214695e-07, 1.5727709978818893e-07, -0.35621461272239685, -0.934404194355011, 1.1641532182693481e-07, 0.9344041347503662, -0.356214702129364),
            ["RightUpperArm"] = CFrame.new(1.1920928955078125e-07, 0, 5.960464477539063e-08, 0.8152479529380798, -0.41105887293815613, 0.4079233705997467, 0.5613047480583191, 0.7342110872268677, -0.381930947303772, -0.1425057053565979, 0.5403376817703247, 0.8292933106422424),
            ["Head"] = CFrame.new(1.4901161193847656e-08, 2.384185791015625e-07, 0, 0.9983766078948975, 0.05666602775454521, 0.005769990384578705, -0.05649480223655701, 0.9722386002540588, 0.2270696461200714, 0.007257371209561825, -0.22702684998512268, 0.9738614559173584),
            ["RightHand"] = CFrame.new(5.960464477539063e-08, -2.384185791015625e-07, 4.470348358154297e-08, 1, -1.4901161193847656e-08, 1.4901161193847656e-08, -5.960464477539063e-08, 1, 0, -4.470348358154297e-08, 4.470348358154297e-08, 1),
            ["UpperTorso"] = CFrame.new(-2.2351741790771484e-08, 2.682209014892578e-07, 2.9802322387695312e-08, 0.9939458966255188, 0.03903232142329216, -0.10270377993583679, 0.006617256440222263, 0.911805272102356, 0.41056978702545166, 0.10967133194208145, -0.4087637662887573, 0.9060267806053162),
            ["HumanoidRootPart"] = CFrame.new(0, 0, 0, 1, 0, 0, 0, 1, 0, 0, 0, 1),
            ["RightUpperLeg"] = CFrame.new(-2.9802322387695312e-08, 3.781169652938843e-07, 2.8107024263590574e-08, 0.9083672761917114, -0.360584557056427, -0.2117728441953659, 0.3101450502872467, 0.9206191897392273, -0.2372138649225235, 0.28049784898757935, 0.14979693293571472, 0.948093831539154),
            ["LeftUpperArm"] = CFrame.new(0, 2.384185791015625e-07, 7.450580596923828e-09, 0.810194194316864, 0.4510914087295532, -0.3743019700050354, -0.5770634412765503, 0.7258942127227783, -0.37426674365997314, 0.10287515074014664, 0.5192247033119202, 0.8484235405921936),
            ["RightLowerArm"] = CFrame.new(3.5762786865234375e-07, -5.960464477539063e-08, 0, 1, -6.705523247774181e-08, 1.6391277313232422e-07, 1.4901161193847656e-08, -0.7219495177268982, -0.6919456720352173, 9.685754776000977e-08, 0.6919457316398621, -0.721949577331543),
            ["LeftHand"] = CFrame.new(3.259629011154175e-09, 0, 1.4901161193847656e-07, 1, 3.259629366425543e-08, 2.7008354663848877e-08, -4.6566133171666024e-09, 1, 0, -4.330650327233343e-08, -1.4901162970204496e-08, 1),
            ["LeftFoot"] = CFrame.new(3.725290298461914e-08, 5.960464477539063e-08, 7.636845111846924e-08, 0.9898875951766968, -0.11163835972547531, 0.08751783519983292, 0.11767254769802094, 0.9907822608947754, -0.06710929423570633, -0.0792192593216896, 0.07672934979200363, 0.993899941444397),
            ["LowerTorso"] = CFrame.new(-0.27783867716789246, -0.31194138526916504, 0.08357324451208115, 0.9137531518936157, 0.11499833315610886, 0.38965439796447754, -0.04317549243569374, 0.9811581969261169, -0.18832026422023773, -0.4039691090583801, 0.15525472164154053, 0.901501476764679),
            ["RightLowerLeg"] = CFrame.new(-9.685754776000977e-08, -0.00012236833572387695, -0.00007744336471660063, 1, -1.6763797816565784e-07, -5.960464477539063e-08, 1.5087425708770752e-07, 0.3763856589794159, 0.9264629483222961, -7.450580596923828e-08, -0.9264631271362305, 0.3763861656188965),
            ["LeftUpperLeg"] = CFrame.new(0, 3.762543201446533e-07, 5.960464477539063e-08, 0.9735318422317505, 0.20695334672927856, 0.09698528051376343, -0.10945223271846771, 0.7946844696998596, -0.597073495388031, -0.200639009475708, 0.5706547498703003, 0.7963021993637085),
            ["LeftLowerLeg"] = CFrame.new(-1.043081283569336e-07, 0.0001227855682373047, 0.00007747858762741089, 1, 5.587935447692871e-08, 5.587936158235607e-08, -7.450580596923828e-08, 0.607995867729187, 0.7939400672912598, 1.1175870895385742e-07, -0.7939402461051941, 0.6079960465431213)
        }},
        [5] = {Time = 0.160, Data = {
            ["RightFoot"] = CFrame.new(2.60770320892334e-08, 3.5762786865234375e-07, 1.6596459317952394e-08, 0.9339752793312073, 0.21208705008029938, -0.28759273886680603, -0.34966015815734863, 0.7083574533462524, -0.613161563873291, 0.07367462664842606, 0.6732375025749207, 0.7357468605041504),
            ["LeftLowerArm"] = CFrame.new(-2.086162567138672e-07, 2.384185791015625e-07, -9.19681042432785e-09, 1, -9.220092067607766e-08, 6.332992086299782e-08, 1.0710208186992531e-07, -0.3562147319316864, -0.934404194355011, 1.1920927533992653e-07, 0.934404194355011, -0.35621461272239685),
            ["RightUpperArm"] = CFrame.new(1.1920928955078125e-07, 4.76837158203125e-07, 8.940696716308594e-08, 0.8151981830596924, -0.40925532579421997, 0.4098318815231323, 0.5609183311462402, 0.7341585159301758, -0.3825991153717041, -0.14430081844329834, 0.541776180267334, 0.8280434608459473),
            ["Head"] = CFrame.new(5.21540641784668e-08, 3.5762786865234375e-07, 6.705522537231445e-08, 0.9983766078948975, 0.05666954815387726, 0.005735374987125397, -0.0564948245882988, 0.9723770618438721, 0.226475790143013, 0.0072573097422719, -0.22643199563026428, 0.9739999771118164),
            ["RightHand"] = CFrame.new(5.960464477539063e-08, 1.7881393432617188e-07, -2.9802322387695312e-08, 1, -5.215405707303944e-08, -4.470348358154297e-08, -1.4901161193847656e-08, 1, 0, -5.960464477539063e-08, 2.9802318834981634e-08, 1),
            ["UpperTorso"] = CFrame.new(-2.2351741790771484e-08, 3.5762786865234375e-07, 2.9802322387695312e-08, 0.9939458966255188, 0.03898659721016884, -0.1027211919426918, 0.006617260165512562, 0.9119879603385925, 0.4101637899875641, 0.10967133194208145, -0.4083603024482727, 0.9062086343765259),
            ["HumanoidRootPart"] = CFrame.new(0, 0, 0, 1, 0, 0, 0, 1, 0, 0, 0, 1),
            ["RightUpperLeg"] = CFrame.new(-5.960464477539063e-08, 4.6193599700927734e-07, 2.8107024263590574e-08, 0.9084284901618958, -0.3602997362613678, -0.21199500560760498, 0.30997133255004883, 0.9208086729049683, -0.23670506477355957, 0.28049159049987793, 0.1493171900510788, 0.9481713771820068),
            ["LeftUpperArm"] = CFrame.new(-1.1920928955078125e-07, 3.5762786865234375e-07, 1.043081283569336e-07, 0.8104709982872009, 0.45046669244766235, -0.3744550049304962, -0.5767523646354675, 0.7254400253295898, -0.3756244480609894, 0.10243833065032959, 0.5204004645347595, 0.8477557301521301),
            ["RightLowerArm"] = CFrame.new(2.384185791015625e-07, -1.1920928955078125e-07, 0, 1, -4.4703490686970326e-08, 1.4901162614933128e-07, 1.4901161193847656e-08, -0.721949577331543, -0.6919457316398621, 1.564621925354004e-07, 0.6919457316398621, -0.721949577331543),
            ["LeftHand"] = CFrame.new(-9.499490261077881e-08, 1.7881393432617188e-07, -5.960464477539063e-08, 1, 1.4901162970204496e-08, 9.313225746154785e-10, -2.421438694000244e-08, 1, 1.4901161193847656e-08, 4.7031790018081665e-08, -4.4703490686970326e-08, 1),
            ["LeftFoot"] = CFrame.new(3.3527612686157227e-08, -5.960464477539063e-08, -6.51925802230835e-08, 0.9898879528045654, -0.11159949749708176, 0.08756368607282639, 0.11757282167673111, 0.9908484816551208, -0.0663030669093132, -0.07936307787895203, 0.07592788338661194, 0.9939499497413635),
            ["LowerTorso"] = CFrame.new(-0.2777521014213562, -0.3112030029296875, 0.0836900845170021, 0.9137531518936157, 0.11499833315610886, 0.38965439796447754, -0.04317549243569374, 0.9811581969261169, -0.18832026422023773, -0.4039691090583801, 0.15525472164154053, 0.901501476764679),
            ["RightLowerLeg"] = CFrame.new(-8.009374141693115e-08, -0.0001227259635925293, -0.00007740611181361601, 1, -1.8998973416728404e-07, -6.332993507385254e-08, 1.4156103134155273e-07, 0.3776523768901825, 0.9259473085403442, -8.195638656616211e-08, -0.9259474277496338, 0.3776529133319855),
            ["LeftUpperLeg"] = CFrame.new(0, 4.507601261138916e-07, 2.9802322387695312e-08, 0.9735444784164429, 0.20678746700286865, 0.09721256792545319, -0.1094052642583847, 0.7953504920005798, -0.5961946845054626, -0.20060358941555023, 0.5697864890098572, 0.7969326972961426),
            ["LeftLowerLeg"] = CFrame.new(-2.2351741790771484e-08, 0.00012284517288208008, 0.0000772625207901001, 1, 7.078050856534901e-08, 2.7939684343891713e-08, -8.195638656616211e-08, 0.6095187664031982, 0.792771577835083, 1.1175870895385742e-07, -0.7927716374397278, 0.6095187664031982)
        }},
        [6] = {Time = 0.200, Data = {
            ["RightFoot"] = CFrame.new(-5.3085386753082275e-08, 3.5762786865234375e-07, -5.418405635282397e-08, 0.93399977684021, 0.2118719071149826, -0.28767210245132446, -0.34948036074638367, 0.7090628743171692, -0.6124481558799744, 0.07421696931123734, 0.6725624799728394, 0.736309826374054),
            ["LeftLowerArm"] = CFrame.new(2.9802322387695312e-08, 0, 5.034962669014931e-09, 1, -5.5879340266073996e-08, 1.6344706921245233e-07, 1.3248063623905182e-07, -0.3562146723270416, -0.934404194355011, 1.126900315284729e-07, 0.9344041347503662, -0.35621464252471924),
            ["RightUpperArm"] = CFrame.new(0, 0, -4.470348358154297e-08, 0.8151288628578186, -0.40698957443237305, 0.41221895813941956, 0.5604354739189148, 0.7340899109840393, -0.38343721628189087, -0.14655084908008575, 0.5435728430747986, 0.8264691829681396),
            ["Head"] = CFrame.new(7.450580596923828e-09, 0, -3.725290298461914e-08, 0.9983766078948975, 0.056673891842365265, 0.005692048463970423, -0.056494809687137604, 0.9725501537322998, 0.22573132812976837, 0.007257319055497646, -0.22568629682064056, 0.9741730093955994),
            ["RightHand"] = CFrame.new(1.1920928955078125e-07, 2.384185791015625e-07, 1.043081283569336e-07, 1, -2.2351745343485163e-08, 0, -7.450580596923828e-09, 1, -1.4901162970204496e-08, -1.4901161193847656e-08, 0, 1),
            ["UpperTorso"] = CFrame.new(1.1175870895385742e-08, -8.940696716308594e-08, 2.9802322387695312e-08, 0.9939458966255188, 0.038929253816604614, -0.10274291038513184, 0.006617256440222263, 0.9122167229652405, 0.4096548557281494, 0.10967133194208145, -0.4078545868396759, 0.9064363837242126),
            ["HumanoidRootPart"] = CFrame.new(0, 0, 0, 1, 0, 0, 0, 1, 0, 0, 0, 1),
            ["RightUpperLeg"] = CFrame.new(-5.960464477539063e-08, 1.2479722499847412e-07, -2.4047039914876223e-08, 0.9085050225257874, -0.35994240641593933, -0.2122735232114792, 0.3097538948059082, 0.9210458993911743, -0.23606577515602112, 0.28048378229141235, 0.14871430397033691, 0.9482683539390564),
            ["LeftUpperArm"] = CFrame.new(-1.1920928955078125e-07, 1.1920928955078125e-07, 3.725290298461914e-08, 0.8108179569244385, 0.44968339800834656, -0.37464526295661926, -0.576361358165741, 0.7248680591583252, -0.37732478976249695, 0.10189167410135269, 0.5218727588653564, 0.8469160795211792),
            ["RightLowerArm"] = CFrame.new(0, 3.5762786865234375e-07, 1.7881393432617188e-07, 1, -8.195639367158947e-08, 1.788139627478813e-07, 7.450580596923828e-08, -0.721949577331543, -0.6919457316398621, 1.4901161193847656e-07, 0.6919457316398621, -0.7219495177268982),
            ["LeftHand"] = CFrame.new(-1.4901161193847656e-07, -5.960464477539063e-08, -3.5762786865234375e-07, 1, 7.450581485102248e-09, 1.0710209608078003e-08, -1.1175870895385742e-08, 1, 1.4901161193847656e-08, 6.239861249923706e-08, -2.980232594040899e-08, 1),
            ["LeftFoot"] = CFrame.new(7.450580596923828e-09, 5.960464477539063e-08, 2.2351741790771484e-08, 0.9898883700370789, -0.11155062913894653, 0.08762112259864807, 0.1174473837018013, 0.9909305572509766, -0.06528972089290619, -0.07954362034797668, 0.07492056488990784, 0.9940119981765747),
            ["LowerTorso"] = CFrame.new(-0.27764368057250977, -0.3102775812149048, 0.08383651822805405, 0.9137531518936157, 0.11499833315610886, 0.38965439796447754, -0.04317549243569374, 0.9811581969261169, -0.18832026422023773, -0.4039691090583801, 0.15525472164154053, 0.901501476764679),
            ["RightLowerLeg"] = CFrame.new(-6.332993507385254e-08, -0.00012242794036865234, -0.00007736885891063139, 1, -1.825391535703602e-07, -7.4505820180093e-08, 1.434236764907837e-07, 0.37924128770828247, 0.925297737121582, -8.568167686462402e-08, -0.9252978563308716, 0.3792416751384735),
            ["LeftUpperLeg"] = CFrame.new(-5.960464477539063e-08, 1.30385160446167e-07, 5.960464477539063e-08, 0.9735602140426636, 0.20657894015312195, 0.0974976122379303, -0.10934631526470184, 0.7961853742599487, -0.5950901508331299, -0.20055916905403137, 0.568695068359375, 0.7977229952812195),
            ["LeftLowerLeg"] = CFrame.new(1.4901161193847656e-08, 0.00012284517288208008, 0.00007750838994979858, 1, 7.4505797087454084e-09, 4.6566135836201283e-08, -1.1175869474300271e-07, 0.6114285588264465, 0.79129958152771, 9.685753354915505e-08, -0.7912997007369995, 0.6114286184310913)
        }},
        [7] = {Time = 0.240, Data = {
            ["RightFoot"] = CFrame.new(4.936009645462036e-08, 2.980232238769531e-07, -2.438173396512866e-08, 0.9340286254882812, 0.2116161435842514, -0.2877665162086487, -0.3492653965950012, 0.7099025845527649, -0.6115975975990295, 0.0748620554804802, 0.6717566251754761, 0.736979603767395),
            ["LeftLowerArm"] = CFrame.new(-1.7881393432617188e-07, 1.7881393432617188e-07, 7.28759914636612e-08, 1, -8.102505688611927e-08, 6.612388858684426e-08, 1.0221265256404877e-07, -0.356214702129364, -0.9344041347503662, 1.0523945093154907e-07, 0.934404194355011, -0.35621461272239685),
            ["RightUpperArm"] = CFrame.new(1.1920928955078125e-07, 2.384185791015625e-07, 0, 0.8150363564491272, -0.40428420901298523, 0.415054053068161, 0.5598624348640442, 0.7340047955513, -0.38443607091903687, -0.14923033118247986, 0.5457026362419128, 0.8245842456817627),
            ["Head"] = CFrame.new(0, 2.384185791015625e-07, 7.450580596923828e-08, 0.9983765482902527, 0.05667909234762192, 0.005640269722789526, -0.056494805961847305, 0.972755491733551, 0.22484488785266876, 0.007257325574755669, -0.22479842603206635, 0.974378228187561),
            ["RightHand"] = CFrame.new(5.960464477539063e-08, 3.5762786865234375e-07, 1.4901161193847656e-08, 1, -2.980232594040899e-08, 0, -1.4901161193847656e-08, 1, -1.4901161193847656e-08, 0, 1.4901162970204496e-08, 1),
            ["UpperTorso"] = CFrame.new(1.1175870895385742e-08, -2.9802322387695312e-08, 1.4901161193847656e-08, 0.9939458966255188, 0.038860999047756195, -0.10276872664690018, 0.006617260165512562, 0.912488579750061, 0.4090487062931061, 0.10967133194208145, -0.4072522819042206, 0.9067071080207825),
            ["HumanoidRootPart"] = CFrame.new(0, 0, 0, 1, 0, 0, 0, 1, 0, 0, 0, 1),
            ["RightUpperLeg"] = CFrame.new(-5.960464477539063e-08, 1.9744038581848145e-07, -2.4047039914876223e-08, 0.9085959792137146, -0.35951682925224304, -0.21260523796081543, 0.3094954788684845, 0.9213278889656067, -0.23530279099941254, 0.2804745137691498, 0.1479947566986084, 0.9483836889266968),
            ["LeftUpperArm"] = CFrame.new(-1.1920928955078125e-07, 1.1920928955078125e-07, 0, 0.8112310767173767, 0.448750376701355, -0.3748697340488434, -0.5758944153785706, 0.7241830825805664, -0.3793475329875946, 0.10124195367097855, 0.5236239433288574, 0.8459125757217407),
            ["RightLowerArm"] = CFrame.new(1.1920928955078125e-07, 2.980232238769531e-07, 0, 1, -5.2154071283894154e-08, 1.7881393432617188e-07, 7.450581307466564e-08, -0.721949577331543, -0.6919456720352173, 9.685756197086448e-08, 0.6919457316398621, -0.721949577331543),
            ["LeftHand"] = CFrame.new(-7.171183824539185e-08, 0, 2.682209014892578e-07, 1, 6.705523958316917e-08, 1.4435499906539917e-08, -1.3969840395589017e-08, 1, 2.9802322387695312e-08, 3.771856782464056e-08, 0, 1),
            ["LeftFoot"] = CFrame.new(-1.210719347000122e-07, -5.960464477539063e-08, -2.0489096641540527e-08, 0.9898889064788818, -0.11149278283119202, 0.087689608335495, 0.11729755997657776, 0.991027295589447, -0.06407967954874039, -0.07975829392671585, 0.07371769100427628, 0.9940847158432007),
            ["LowerTorso"] = CFrame.new(-0.2775145471096039, -0.309175968170166, 0.08401083946228027, 0.9137531518936157, 0.11499833315610886, 0.38965439796447754, -0.04317549243569374, 0.9811581969261169, -0.18832026422023773, -0.4039691090583801, 0.15525472164154053, 0.901501476764679),
            ["RightLowerLeg"] = CFrame.new(-9.12696123123169e-08, -0.00012218952178955078, -0.0000774657164583914, 1, -1.8626444386882213e-07, -4.842878098543224e-08, 1.5087425708770752e-07, 0.38113388419151306, 0.9245197772979736, -8.195638656616211e-08, -0.9245198965072632, 0.3811343312263489),
            ["LeftUpperLeg"] = CFrame.new(5.960464477539063e-08, 8.940696716308594e-08, 5.960464477539063e-08, 0.973578929901123, 0.2063300609588623, 0.09783722460269928, -0.10927640646696091, 0.7971794605255127, -0.5937707424163818, -0.20050659775733948, 0.5673913955688477, 0.7986640334129333),
            ["LeftLowerLeg"] = CFrame.new(7.450580596923828e-08, 0.0001226663589477539, 0.00007736682891845703, 1, 6.332992086299782e-08, 7.450582373280668e-09, -3.725290653733282e-08, 0.6137031316757202, 0.7895368337631226, 1.1920930376163597e-07, -0.7895368933677673, 0.6137032508850098)
        }},
        [8] = {Time = 0.280, Data = {
            ["RightFoot"] = CFrame.new(-2.60770320892334e-08, 2.384185791015625e-07, 5.420588422566652e-09, 0.9340616464614868, 0.21132244169712067, -0.28787484765052795, -0.34901702404022217, 0.7108685374259949, -0.6106165647506714, 0.07560402154922485, 0.6708270311355591, 0.7377502918243408),
            ["LeftLowerArm"] = CFrame.new(0, 5.960464477539063e-08, -2.0256265997886658e-08, 1, -7.357447628919545e-08, 1.5879045633937494e-07, 1.3224780559539795e-07, -0.3562146723270416, -0.934404194355011, 1.1548399925231934e-07, 0.934404194355011, -0.3562145531177521),
            ["RightUpperArm"] = CFrame.new(1.1920928955078125e-07, 1.1920928955078125e-07, -4.470348358154297e-08, 0.8149169683456421, -0.4011612832546234, 0.41830602288246155, 0.5592057704925537, 0.7339019179344177, -0.38558655977249146, -0.1523132026195526, 0.5481401085853577, 0.8224008679389954),
            ["Head"] = CFrame.new(7.450580596923828e-09, 2.384185791015625e-07, 0, 0.9983765482902527, 0.0566849559545517, 0.00558091327548027, -0.05649479478597641, 0.9729906320571899, 0.22382502257823944, 0.007257366552948952, -0.22377684712409973, 0.9746134281158447),
            ["RightHand"] = CFrame.new(2.384185791015625e-07, -5.960464477539063e-08, -4.470348358154297e-08, 1, 0, 2.9802322387695312e-08, 0, 1, -1.4901161193847656e-08, 0, 0, 1),
            ["UpperTorso"] = CFrame.new(2.9802322387695312e-08, 2.9802322387695312e-08, 4.470348358154297e-08, 0.9939458966255188, 0.03878244757652283, -0.10279837250709534, 0.006617256440222263, 0.9128009676933289, 0.4083513915538788, 0.10967133194208145, -0.40655937790870667, 0.9070180654525757),
            ["HumanoidRootPart"] = CFrame.new(0, 0, 0, 1, 0, 0, 0, 1, 0, 0, 0, 1),
            ["RightUpperLeg"] = CFrame.new(0, 2.644956111907959e-07, 2.0656443666666746e-08, 0.9087004065513611, -0.35902678966522217, -0.2129870057106018, 0.3091987073421478, 0.9216520190238953, -0.2344222068786621, 0.2804637849330902, 0.14716410636901855, 0.9485161304473877),
            ["LeftUpperArm"] = CFrame.new(-1.1920928955078125e-07, 3.5762786865234375e-07, -2.2351741790771484e-08, 0.8117063045501709, 0.44767633080482483, -0.37512505054473877, -0.5753551721572876, 0.7233898043632507, -0.3816722333431244, 0.10049599409103394, 0.525635838508606, 0.8447529673576355),
            ["RightLowerArm"] = CFrame.new(5.960464477539063e-08, 0, -1.1920928955078125e-07, 1, -1.043081283569336e-07, 1.6391277313232422e-07, 4.470348358154297e-08, -0.721949577331543, -0.6919457316398621, 8.195638656616211e-08, 0.6919456720352173, -0.7219495177268982),
            ["LeftHand"] = CFrame.new(2.4121254682540894e-07, 2.384185791015625e-07, -2.682209014892578e-07, 1, 6.984920020158825e-08, 3.119930624961853e-08, -1.4901162970204496e-08, 1, 0, 8.70786678319746e-08, -4.4703490686970326e-08, 1),
            ["LeftFoot"] = CFrame.new(1.210719347000122e-07, -5.960464477539063e-08, 1.6763806343078613e-08, 0.98988938331604, -0.11142626404762268, 0.08776801824569702, 0.11712443828582764, 0.9911371469497681, -0.06268224120140076, -0.08000574260950089, 0.07232847064733505, 0.9941668510437012),
            ["LowerTorso"] = CFrame.new(-0.2773660123348236, -0.30790865421295166, 0.08421135693788528, 0.9137531518936157, 0.11499833315610886, 0.38965439796447754, -0.04317549243569374, 0.9811581969261169, -0.18832026422023773, -0.4039691090583801, 0.15525472164154053, 0.901501476764679),
            ["RightLowerLeg"] = CFrame.new(-9.685754776000977e-08, -0.00012248754501342773, -0.00007733905658824369, 1, -1.9744031476420787e-07, -3.725290298461914e-08, 1.434236907016384e-07, 0.38331338763237, 0.9236181974411011, -7.823110337312755e-08, -0.9236183166503906, 0.3833138346672058),
            ["LeftUpperLeg"] = CFrame.new(2.9802322387695312e-08, 2.644956111907959e-07, 5.960464477539063e-08, 0.9736003875732422, 0.20604263246059418, 0.09822831302881241, -0.1091960221529007, 0.798323392868042, -0.5922465920448303, -0.20044605433940887, 0.5658853054046631, 0.7997470498085022),
            ["LeftLowerLeg"] = CFrame.new(3.725290298461914e-08, 0.00012284517288208008, 0.00007733702659606934, 1, 4.470347292340193e-08, 5.774199962615967e-08, -3.725289943190546e-08, 0.6163220405578613, 0.7874941229820251, 5.960463766996327e-08, -0.7874942421913147, 0.6163221597671509)
        }},
        [9] = {Time = 0.320, Data = {
            ["RightFoot"] = CFrame.new(7.078051567077637e-08, 3.5762786865234375e-07, 5.420588422566652e-09, 0.9340987205505371, 0.2109934538602829, -0.28799620270729065, -0.3487366735935211, 0.7119523286819458, -0.6095130443572998, 0.07643613964319229, 0.669780433177948, 0.738615095615387),
            ["LeftLowerArm"] = CFrame.new(-1.1920928955078125e-07, 2.384185791015625e-07, 4.0046870708465576e-08, 1, -7.357447628919545e-08, 1.4528630742915993e-07, 1.3969838619232178e-08, -0.35621461272239685, -0.934404194355011, 1.1641532182693481e-07, 0.9344041347503662, -0.3562146723270416),
            ["RightUpperArm"] = CFrame.new(1.1920928955078125e-07, 0, 8.940696716308594e-08, 0.8147659301757812, -0.397643506526947, 0.4219435453414917, 0.558472216129303, 0.7337802052497864, -0.38687920570373535, -0.15577374398708344, 0.5508596897125244, 0.8199318647384644),
            ["Head"] = CFrame.new(2.2351741790771484e-08, -1.1920928955078125e-07, -2.2351741790771484e-08, 0.9983766078948975, 0.0566914826631546, 0.005514219403266907, -0.05649479478597641, 0.9732533097267151, 0.22268012166023254, 0.00725733395665884, -0.2226300686597824, 0.9748759865760803),
            ["RightHand"] = CFrame.new(1.7881393432617188e-07, -4.76837158203125e-07, 2.9802322387695312e-08, 1, -3.725289943190546e-08, -1.4901161193847656e-08, -5.960465188081798e-08, 1, 2.9802322387695312e-08, 1.4901162970204496e-08, -2.9802318834981634e-08, 1),
            ["UpperTorso"] = CFrame.new(2.9802322387695312e-08, 1.1920928955078125e-07, 0, 0.9939458966255188, 0.03869428113102913, -0.1028316393494606, 0.006617260165512562, 0.9131506681442261, 0.40756848454475403, 0.10967133194208145, -0.40578144788742065, 0.9073663949966431),
            ["HumanoidRootPart"] = CFrame.new(0, 0, 0, 1, 0, 0, 0, 1, 0, 0, 0, 1),
            ["RightUpperLeg"] = CFrame.new(5.960464477539063e-08, 1.1175870895385742e-07, -3.149762051180005e-08, 0.9088171720504761, -0.3584762513637543, -0.21341566741466522, 0.3088662028312683, 0.9220151901245117, -0.23343028128147125, 0.28045177459716797, 0.14622852206230164, 0.9486643075942993),
            ["LeftUpperArm"] = CFrame.new(-1.1920928955078125e-07, 0, 2.2351741790771484e-08, 0.8122396469116211, 0.4464702308177948, -0.37540796399116516, -0.5747473835945129, 0.7224927544593811, -0.38427820801734924, 0.09966073930263519, 0.5278907418251038, 0.84344482421875),
            ["RightLowerArm"] = CFrame.new(0, -1.1920928955078125e-07, -2.980232238769531e-07, 1, -1.564621925354004e-07, 1.6391277313232422e-07, 2.9802322387695312e-08, -0.721949577331543, -0.6919457316398621, 1.1175870895385742e-07, 0.6919456720352173, -0.7219495177268982),
            ["LeftHand"] = CFrame.new(2.1606683731079102e-07, -5.960464477539063e-08, 3.5762786865234375e-07, 1, 5.681068415697155e-08, -1.210719347000122e-08, 2.9802322387695312e-08, 1, 1.4901161193847656e-08, -6.51925802230835e-09, 1.4901162970204496e-08, 1),
            ["LeftFoot"] = CFrame.new(-1.862645149230957e-08, 5.960464477539063e-08, -1.862645149230957e-09, 0.9898899793624878, -0.11135171353816986, 0.0878560021519661, 0.11692912876605988, 0.9912586212158203, -0.06110725551843643, -0.08028367906808853, 0.07076261192560196, 0.9942572116851807),
            ["LowerTorso"] = CFrame.new(-0.2771993577480316, -0.3064866065979004, 0.08443637937307358, 0.9137531518936157, 0.11499833315610886, 0.38965439796447754, -0.04317549243569374, 0.9811581969261169, -0.18832026422023773, -0.4039691090583801, 0.15525472164154053, 0.901501476764679),
            ["RightLowerLeg"] = CFrame.new(-8.940696716308594e-08, -0.00012230873107910156, -0.00007740611181361601, 1, -1.8626444386882213e-07, -5.2154071283894154e-08, 1.471489667892456e-07, 0.3857617974281311, 0.9225983023643494, -6.705522537231445e-08, -0.9225984811782837, 0.38576215505599976),
            ["LeftUpperLeg"] = CFrame.new(8.940696716308594e-08, -3.725290298461914e-09, 2.9802322387695312e-08, 0.9736244678497314, 0.20571871101856232, 0.0986676961183548, -0.1091059222817421, 0.7996076345443726, -0.5905281901359558, -0.2003781646490097, 0.5641874074935913, 0.8009626865386963),
            ["LeftLowerLeg"] = CFrame.new(1.043081283569336e-07, 0.00012284517288208008, 0.00007742643356323242, 1, 7.078051567077637e-08, 2.0489098417897367e-08, -3.725290653733282e-08, 0.6192632913589478, 0.785183310508728, 7.450581307466564e-08, -0.7851834893226624, 0.6192634701728821)
        }},
        [10] = {Time = 0.360, Data = {
