return {
    ["This Is How We Do It"] = {
        {Time = 0.000, Data = {
            ["RightFoot"] = CFrame.new(2.7939677238464355e-09, 2.384185791015625e-07, -2.8572685550898314e-08, 0.8946716785430908, 0.02518872544169426, -0.44601374864578247, -0.23739024996757507, 0.8725791573524475, -0.42690905928611755, 0.3784289062023163, 0.48782289028167725, 0.7866514325141907),
            ["LeftLowerArm"] = CFrame.new(-5.960464477539063e-08, -2.384185791015625e-07, -4.470348358154297e-08, 1, 1.67638219750188e-07, 4.470345515983354e-08, 4.7683693082944956e-07, 0.1577874720096588, -0.9874731302261353, 1.7136326846411976e-07, 0.9874731302261353, 0.15778779983520508),
            ["RightUpperArm"] = CFrame.new(-0.01192617416381836, 0.0468292236328125, -0.018737010657787323, 0.5172516703605652, -0.6019618511199951, -0.6083523631095886, 0.38300201296806335, 0.7984920740127563, -0.4644568860530853, 0.765349805355072, 0.007240672595798969, 0.6435738205909729),
            ["Head"] = CFrame.new(4.423782229423523e-09, -1.1920928955078125e-07, -5.587935447692871e-09, 0.9450276494026184, -0.08167476207017899, 0.31662628054618835, 0.022360889241099358, 0.9821783900260925, 0.18661634624004364, -0.3262251913547516, -0.16927742958068848, 0.9300119280815125),
            ["RightHand"] = CFrame.new(-8.940696716308594e-08, 3.5762786865234375e-07, 5.960464477539063e-08, 0.9556055665016174, -0.25652191042900085, -0.14496344327926636, 0.2457467019557953, 0.9653124213218689, -0.08820882439613342, 0.16256241500377655, 0.04866873100399971, 0.9854972958564758),
            ["UpperTorso"] = CFrame.new(-2.9802322387695312e-08, -2.9802322387695312e-08, 3.259629011154175e-08, 0.9570669531822205, -0.021357743069529533, -0.28907954692840576, 0.08758611977100372, 0.9719740152359009, 0.21816371381282806, 0.276318222284317, -0.23411662876605988, 0.9321146607398987),
            ["HumanoidRootPart"] = CFrame.new(0, 0, 0, 1, 0, 0, 0, 1, 0, 0, 0, 1),
            ["RightUpperLeg"] = CFrame.new(0, -2.7474015951156616e-08, -4.7839421313256025e-09, 0.9833145141601562, 0.17935024201869965, -0.030432937666773796, -0.16697746515274048, 0.9562439322471619, 0.24024221301078796, 0.07218874245882034, -0.2311520278453827, 0.9702358245849609),
            ["LeftUpperArm"] = CFrame.new(0.0010137557983398438, 0.04899334907531738, -0.018598522990942, 0.8463600873947144, 0.41159823536872864, -0.338025838136673, -0.48661091923713684, 0.8555864691734314, -0.17658448219299316, 0.21652854979038239, 0.3139408826828003, 0.9244223237037659),
            ["RightLowerArm"] = CFrame.new(-2.980232238769531e-07, 3.5762786865234375e-07, 2.9802322387695312e-08, 1, -3.278258873251616e-07, 1.0430819230577981e-07, 1.2665992699112394e-07, -0.13482940196990967, -0.9908689260482788, -5.960467319710006e-08, 0.9908689260482788, -0.1348293423652649),
            ["LeftHand"] = CFrame.new(-5.960464477539063e-08, -5.960464477539063e-08, -2.980232238769531e-07, 0.8175682425498962, 0.396945059299469, 0.41715317964553833, -0.43675678968429565, 0.8995799422264099, -0.000013766814845439512, -0.37526774406433105, -0.18218307197093964, 0.9088362455368042),
            ["LeftFoot"] = CFrame.new(2.7939677238464355e-09, 0, -5.4427573559223674e-08, 0.9413086175918579, -0.13693174719810486, 0.3085254430770874, 0.13580630719661713, 0.9904141426086426, 0.02522759512066841, -0.3090222477912903, 0.01815284788608551, 0.9508816003799438),
            ["LowerTorso"] = CFrame.new(-0.07004115730524063, -0.2279902696609497, 0.09925340861082077, 0.985167920589447, -0.014629028737545013, -0.1709684431552887, -0.028677189722657204, 0.9683098793029785, -0.24810007214546204, 0.16917988657951355, 0.24932311475276947, 0.9535282850265503),
            ["RightLowerLeg"] = CFrame.new(-1.1175870895385742e-08, 1.1920928955078125e-07, -1.70766725204885e-08, 1, -5.364418029785156e-07, -4.866161020800064e-07, 6.956977927075059e-07, 0.724948525428772, 0.6888028979301453, -3.573949669544163e-08, -0.6888031363487244, 0.7249487042427063),
            ["LeftUpperLeg"] = CFrame.new(2.9802322387695312e-08, 6.752088665962219e-09, 3.725290298461914e-08, 0.8442949056625366, -0.08275242149829865, 0.5294508337974548, 0.19405774772167206, 0.9681608080863953, -0.15813420712947845, -0.4995075464248657, 0.23625588417053223, 0.833471953868866),
            ["LeftLowerLeg"] = CFrame.new(-2.0489096641540527e-08, -2.384185791015625e-07, 2.6750143433673657e-08, 1, -3.427267358802055e-07, -5.21540641784668e-07, 4.6938663444962003e-07, 0.6882356405258179, 0.7254872918128967, 4.4703490686970326e-08, -0.7254872918128967, 0.6882355809211731),
        }},
        {Time = 0.033, Data = {
            ["RightFoot"] = CFrame.new(-2.421438694000244e-08, 3.5762786865234375e-07, -6.498521543107927e-08, 0.879085898399353, -0.034318313002586365, -0.4754268229007721, -0.25481122732162476, 0.8090951442718506, -0.5295618176460266, 0.4028390645980835, 0.5866748094558716, 0.7025195360183716),
            ["LeftLowerArm"] = CFrame.new(1.1920928955078125e-07, -2.384185791015625e-07, 7.450580596923828e-09, 1, 1.8347054719924927e-07, -8.940692453052179e-08, 3.874302478834579e-07, 0.03099917434155941, -0.9995194673538208, 3.3085237305385817e-07, 0.9995194673538208, 0.030999183654785156),
            ["RightUpperArm"] = CFrame.new(-0.010492920875549316, 0.047368526458740234, -0.012024268507957458, 0.5441645383834839, -0.5951542854309082, -0.5913342833518982, 0.39534586668014526, 0.8035682439804077, -0.44494935870170593, 0.7399910092353821, 0.008343691937625408, 0.6725651025772095),
            ["Head"] = CFrame.new(1.4901161193847656e-08, -2.384185791015625e-07, -3.725290298461914e-09, 0.9553760290145874, -0.08308573067188263, 0.283467173576355, 0.023809757083654404, 0.9781656265258789, 0.20645874738693237, -0.2944316267967224, -0.190496563911438, 0.9364941716194153),
            ["RightHand"] = CFrame.new(8.940696716308594e-08, 1.7881393432617188e-07, 1.6391277313232422e-07, 0.9445449113845825, -0.30724531412124634, -0.11591102927923203, 0.29474109411239624, 0.9488393664360046, -0.11327646672725677, 0.14478462934494019, 0.07283123582601547, 0.9867791533470154),
            ["UpperTorso"] = CFrame.new(-1.862645149230957e-08, -2.9802322387695312e-08, -3.725290298461914e-09, 0.9666019082069397, -0.00770153570920229, -0.25616732239723206, 0.06354635953903198, 0.9755367636680603, 0.21045194566249847, 0.2482796609401703, -0.2197016328573227, 0.9434450268745422),
            ["HumanoidRootPart"] = CFrame.new(0, 0, 0, 1, 0, 0, 0, 1, 0, 0, 0, 1),
            ["RightUpperLeg"] = CFrame.new(0, 8.335337042808533e-08, 3.246896085329354e-08, 0.9789601564407349, 0.20404799282550812, 0.0011872878530994058, -0.19823861122131348, 0.9496774673461914, 0.24251636862754822, 0.04835745319724083, -0.23764924705028534, 0.970146656036377),
            ["LeftUpperArm"] = CFrame.new(0.00243455171585083, 0.048967838287353516, -0.011946430429816246, 0.8340046405792236, 0.4740622043609619, -0.28231361508369446, -0.49456992745399475, 0.8691365718841553, -0.0015894616954028606, 0.24461567401885986, 0.14094944298267365, 0.9593209028244019),
            ["RightLowerArm"] = CFrame.new(0, 1.1920928955078125e-07, -3.2782554626464844e-07, 1, 0, 4.4703494239684005e-08, 3.0547388973900524e-07, -0.20945189893245697, -0.9778189063072205, 2.53319797138829e-07, 0.9778189659118652, -0.20945240557193756),
            ["LeftHand"] = CFrame.new(5.960464477539063e-08, -5.960464477539063e-08, -5.960464477539063e-08, 0.8459479212760925, 0.3974316120147705, 0.3555569350719452, -0.44952383637428284, 0.8901543617248535, 0.07452582567930222, -0.2868809401988983, -0.2228754758834839, 0.9316787123680115),
            ["LeftFoot"] = CFrame.new(4.842877388000488e-08, 0, 3.684203875309322e-08, 0.9500983357429504, -0.09084031730890274, 0.29843172430992126, 0.13340896368026733, 0.9830848574638367, -0.12548325955867767, -0.28198471665382385, 0.1590350717306137, 0.9461461305618286),
            ["LowerTorso"] = CFrame.new(-0.0754554495215416, -0.2721186876296997, 0.09945976734161377, 0.9852823615074158, -0.015663672238588333, -0.1702156364917755, -0.02465762570500374, 0.9723536968231201, -0.2322075217962265, 0.16914702951908112, 0.23298709094524384, 0.957656741142273),
            ["RightLowerLeg"] = CFrame.new(-5.4016709327697754e-08, 5.960464477539063e-08, 1.2259988579899073e-08, 1, -4.8428768195663e-07, -4.842878524868865e-07, 6.854538128209242e-07, 0.733758270740509, 0.6794100999832153, -2.603048017135734e-07, -0.6794106960296631, 0.733758807182312),
            ["LeftUpperLeg"] = CFrame.new(2.9802322387695312e-08, 1.3480894267559052e-07, 1.955777406692505e-08, 0.8195567727088928, -0.06977400928735733, 0.5687339901924133, 0.20500946044921875, 0.9625614285469055, -0.17733260989189148, -0.5350682139396667, 0.26192986965179443, 0.8031778931617737),
            ["LeftLowerLeg"] = CFrame.new(2.3283064365386963e-08, -5.960464477539063e-08, 1.6086059417830256e-07, 1, -1.788139627478813e-07, -4.0233126696875843e-07, 5.587936584561248e-07, 0.641150176525116, 0.7674154043197632, -8.195640788244418e-08, -0.7674155235290527, 0.6411502957344055),
        }},
        {Time = 0.067, Data = {
            ["RightFoot"] = CFrame.new(-5.587935447692871e-09, 3.5762786865234375e-07, -3.343302523717284e-09, 0.8920822739601135, -0.007582549937069416, -0.451809823513031, -0.24284112453460693, 0.8351577520370483, -0.49349749088287354, 0.3810741603374481, 0.5499582290649414, 0.7431877851486206),
            ["LeftLowerArm"] = CFrame.new(-3.2782554626464844e-07, 2.980232238769531e-07, 2.384185791015625e-07, 1, 1.4901169720360485e-07, 3.8742990682294476e-07, -1.3411040811206476e-07, -0.033208128064870834, -0.9994485378265381, 2.682208162241295e-07, 0.9994484782218933, -0.033207811415195465),
            ["RightUpperArm"] = CFrame.new(-0.008312523365020752, 0.047738075256347656, -0.0029443539679050446, 0.6094257831573486, -0.5869350433349609, -0.5330175161361694, 0.47120487689971924, 0.8088006973266602, -0.3518626391887665, 0.6376254558563232, -0.03672652319073677, 0.7694706320762634),
            ["Head"] = CFrame.new(7.450580596923828e-09, -2.384185791015625e-07, 1.30385160446167e-08, 0.9650547504425049, -0.07209462672472, 0.2519361078739166, 0.01755071058869362, 0.9770336151123047, 0.21236130595207214, -0.26146015524864197, -0.2005186229944229, 0.9441561698913574),
            ["RightHand"] = CFrame.new(-2.980232238769531e-07, -1.1920928955078125e-07, -2.384185791015625e-07, 0.9211657047271729, -0.38559484481811523, -0.05263732373714447, 0.37536635994911194, 0.91603022813797, -0.14138096570968628, 0.10273301601409912, 0.1104772537946701, 0.9885548949241638),
            ["UpperTorso"] = CFrame.new(1.4901161193847656e-08, 2.9802322387695312e-08, 5.960464477539063e-08, 0.9794206619262695, 0.00659823976457119, -0.20172201097011566, 0.03449104726314545, 0.9792914390563965, 0.19949659705162048, 0.19886089861392975, -0.20234861969947815, 0.9589105844497681),
            ["HumanoidRootPart"] = CFrame.new(0, 0, 0, 1, 0, 0, 0, 1, 0, 0, 0, 1),
            ["RightUpperLeg"] = CFrame.new(5.960464477539063e-08, 2.980232238769531e-07, 1.7567799659445882e-08, 0.9804095029830933, 0.19592508673667908, -0.020262805745005608, -0.18707337975502014, 0.9584071040153503, 0.21554487943649292, 0.061650652438402176, -0.20753155648708344, 0.9762837290763855),
            ["LeftUpperArm"] = CFrame.new(0.004603385925292969, 0.048473238945007324, -0.0029236413538455963, 0.79949551820755, 0.5500704050064087, -0.2413090169429779, -0.49258801341056824, 0.830303966999054, 0.26067641377449036, 0.3437502086162567, -0.08954371511936188, 0.9347822070121765),
            ["RightLowerArm"] = CFrame.new(-2.086162567138672e-07, 2.384185791015625e-07, 2.980232238769531e-07, 1, 5.96046660916727e-08, 1.1920930376163597e-07, 2.6822092991096724e-07, -0.24614520370960236, -0.9692328572273254, 2.0861628513557662e-07, 0.9692330360412598, -0.2461455911397934),
            ["LeftHand"] = CFrame.new(2.384185791015625e-07, -5.960464477539063e-08, 2.2351741790771484e-07, 0.8679097294807434, 0.39724022150039673, 0.29821574687957764, -0.4315900206565857, 0.9002766013145447, 0.05685443803668022, -0.24589189887046814, -0.1780514270067215, 0.9528037309646606),
            ["LeftFoot"] = CFrame.new(1.862645149230957e-09, 0, -1.0655412552296184e-08, 0.9772104024887085, -0.04048522934317589, 0.2083764523267746, 0.05867043137550354, 0.9949170351028442, -0.08184158802032471, -0.20400388538837433, 0.09220193326473236, 0.9746184945106506),
            ["LowerTorso"] = CFrame.new(-0.07660594582557678, -0.26150524616241455, 0.09948717057704926, 0.9851050972938538, -0.01905188150703907, -0.1708948314189911, -0.018335413187742233, 0.9765387177467346, -0.2145601063966751, 0.17097316682338715, 0.2144976705312729, 0.9616439342498779),
            ["RightLowerLeg"] = CFrame.new(-1.4901161193847656e-08, 0, 1.4704710338264704e-08, 1, -4.76837158203125e-07, -3.8929283618927e-07, 7.385392564174253e-07, 0.725031316280365, 0.6887156963348389, -5.724727003553198e-08, -0.6887158751487732, 0.7250316143035889),
            ["LeftUpperLeg"] = CFrame.new(0, 2.39349901676178e-07, 4.284083843231201e-08, 0.7833675146102905, -0.004250586498528719, 0.6215445399284363, 0.18871676921844482, 0.954397976398468, -0.23132352530956268, -0.5922173261642456, 0.2985072433948517, 0.7484462261199951),
            ["LeftLowerLeg"] = CFrame.new(2.9802322387695312e-08, 0, 5.655246582136897e-08, 1, -2.2351736106429598e-07, -4.768372150465439e-07, 5.066397079644958e-07, 0.5935105681419373, 0.8048263788223267, -1.7136343899437634e-07, -0.8048263192176819, 0.5935103297233582),
        }},
        {Time = 0.100, Data = {
            ["RightFoot"] = CFrame.new(7.450580596923828e-09, 3.5762786865234375e-07, -3.2097887014970183e-08, 0.9365910887718201, 0.07220646739006042, -0.34290415048599243, -0.1855771243572235, 0.9322603344917297, -0.3105663061141968, 0.29725131392478943, 0.3545094430446625, 0.8865468502044678),
            ["LeftLowerArm"] = CFrame.new(-8.940696716308594e-08, 4.172325134277344e-07, -1.1920928955078125e-07, 1, 1.4901164746561335e-08, 1.3783569841052667e-07, 2.048908953611317e-07, -0.02388361282646656, -0.9997147917747498, 1.3411040811206476e-07, 0.9997148513793945, -0.023883437737822533),
            ["RightUpperArm"] = CFrame.new(-0.005046069622039795, 0.047841668128967285, 0.008348865434527397, 0.6763996481895447, -0.6244819164276123, -0.3905201256275177, 0.6067277789115906, 0.7730206251144409, -0.18525822460651398, 0.41757041215896606, -0.11163097620010376, 0.9017612934112549),
            ["Head"] = CFrame.new(1.4901161193847656e-08, -1.1920928955078125e-07, 2.1420419216156006e-08, 0.9694626331329346, -0.05699064955115318, 0.23852507770061493, 0.004875787068158388, 0.9769101142883301, 0.21359531581401825, -0.24519066512584686, -0.2059098333120346, 0.9473556876182556),
            ["RightHand"] = CFrame.new(-5.960464477539063e-08, -1.7881393432617188e-07, 2.942979335784912e-07, 0.8579200506210327, -0.5126501321792603, 0.03410470858216286, 0.5116004347801208, 0.8462783098220825, -0.14858688414096832, 0.047311119735240936, 0.1449238508939743, 0.9883111715316772),
            ["UpperTorso"] = CFrame.new(5.587935447692871e-09, 2.682209014892578e-07, 2.7008354663848877e-08, 0.9919265508651733, 0.0223968718200922, -0.12482017278671265, 0.0011012015165761113, 0.9827221632003784, 0.18508383631706238, 0.1268089860677719, -0.1837269514799118, 0.9747635126113892),
            ["HumanoidRootPart"] = CFrame.new(0, 0, 0, 1, 0, 0, 0, 1, 0, 0, 0, 1),
            ["RightUpperLeg"] = CFrame.new(-8.940696716308594e-08, 3.371387720108032e-07, 2.6666384655982256e-09, 0.9834644794464111, 0.14624358713626862, -0.10682086646556854, -0.1298670619726181, 0.9805970191955566, 0.14684714376926422, 0.1262236088514328, -0.13054637610912323, 0.9833744764328003),
            ["LeftUpperArm"] = CFrame.new(0.007868349552154541, 0.04727888107299805, 0.008347824215888977, 0.7333809733390808, 0.6369840502738953, -0.23749437928199768, -0.4515380561351776, 0.7175797820091248, 0.5302760601043701, 0.5081984996795654, -0.2816568911075592, 0.8138819932937622),
            ["RightLowerArm"] = CFrame.new(-1.1920928955078125e-07, 5.960464477539063e-08, 2.384185791015625e-07, 1, 1.4901166522918174e-08, 2.384186927884002e-07, 2.2351750317284313e-07, -0.23071613907814026, -0.9730209708213806, 1.937151665742931e-07, 0.9730212092399597, -0.2307167500257492),
            ["LeftHand"] = CFrame.new(-2.384185791015625e-07, -5.960464477539063e-08, 2.3096799850463867e-07, 0.8786795139312744, 0.41248103976249695, 0.2403784692287445, -0.4139432907104492, 0.909096360206604, -0.04684925824403763, -0.23785151541233063, -0.058337412774562836, 0.9695480465888977),
            ["LeftFoot"] = CFrame.new(-5.587935447692871e-08, -1.1920928955078125e-07, -3.673244464152958e-08, 0.9942418932914734, 0.03540113940834999, 0.10114234685897827, -0.03655564785003662, 0.9992857575416565, 0.009582474827766418, -0.10073095560073853, -0.013224499300122261, 0.9948258399963379),
            ["LowerTorso"] = CFrame.new(-0.07559168338775635, -0.21197903156280518, 0.09948714077472687, 0.9843534231185913, -0.025151222944259644, -0.1744014024734497, -0.00950832013040781, 0.9807366728782654, -0.19510319828987122, 0.17594891786575317, 0.19370874762535095, 0.9651523232460022),
            ["RightLowerLeg"] = CFrame.new(5.4016709327697754e-08, 1.1920928955078125e-07, 4.2062310967594385e-08, 1, -5.438924404188583e-07, -6.5565143358981e-07, 6.742776008650253e-07, 0.6866942048072815, 0.7269460558891296, -2.2817405920250167e-07, -0.7269463539123535, 0.6866945028305054),
            ["LeftUpperLeg"] = CFrame.new(2.9802322387695312e-08, 4.0838494896888733e-07, -8.381903171539307e-09, 0.7401599287986755, 0.08956395834684372, 0.6664392948150635, 0.16019073128700256, 0.9390707015991211, -0.30411410331726074, -0.653071403503418, 0.33185023069381714, 0.6807153224945068),
            ["LeftLowerLeg"] = CFrame.new(-1.4901161193847656e-08, -1.1920928955078125e-07, 5.655246582136897e-08, 1, -3.8743036157029564e-07, -3.2782554626464844e-07, 4.665925530389359e-07, 0.5222960114479065, 0.8527641892433167, 1.4156101713069802e-07, -0.8527643084526062, 0.5222962498664856),
        }},
        {Time = 0.133, Data = {
            ["RightFoot"] = CFrame.new(-7.450580596923828e-09, 4.172325134277344e-07, -8.495044312439859e-08, 0.9737820029258728, 0.11817759275436401, -0.19437739253044128, -0.14236241579055786, 0.9830499887466431, -0.11552388966083527, 0.17743045091629028, 0.14016734063625336, 0.9741004705429077),
            ["LeftLowerArm"] = CFrame.new(-2.384185791015625e-07, 2.980232238769531e-07, 4.470348358154297e-07, 1, -1.9371505288745539e-07, 1.1920921849650767e-07, 1.639127589214695e-07, 0.020471321418881416, -0.9997904300689697, 2.9802318834981634e-08, 0.9997904300689697, 0.020471105352044106),
            ["RightUpperArm"] = CFrame.new(-0.0015832781791687012, 0.04292118549346924, 0.019767876714468002, 0.6918469071388245, -0.691582441329956, -0.20751328766345978, 0.703807532787323, 0.7101063132286072, -0.020095665007829666, 0.16125422716140747, -0.1321464627981186, 0.9780257940292358),
            ["Head"] = CFrame.new(1.4901161193847656e-08, 0, -4.656612873077393e-10, 0.9672492742538452, -0.04303998872637749, 0.2501530945301056, -0.012361659668385983, 0.9763624668121338, 0.2157856673002243, -0.2535274028778076, -0.2118108570575714, 0.9438537955284119),
            ["RightHand"] = CFrame.new(-1.0803341865539551e-07, -1.1920928955078125e-07, -5.3551048040390015e-08, 0.7821533679962158, -0.610095202922821, 0.1265696883201599, 0.6224373579025269, 0.7743156552314758, -0.11404852569103241, -0.028424784541130066, 0.1679854393005371, 0.985379695892334),
            ["UpperTorso"] = CFrame.new(5.864421837031841e-09, 8.940696716308594e-08, -1.1175870895385742e-08, 0.9986122846603394, 0.03635667264461517, -0.038103487342596054, -0.029681673273444176, 0.9861688613891602, 0.16306455433368683, 0.043504927307367325, -0.16170719265937805, 0.9858794212341309),
            ["HumanoidRootPart"] = CFrame.new(0, 0, 0, 1, 0, 0, 0, 1, 0, 0, 0, 1),
            ["RightUpperLeg"] = CFrame.new(0, -3.91155481338501e-08, -1.223452272824943e-08, 0.9717139005661011, 0.07337287813425064, -0.2244742214679718, -0.06150807440280914, 0.9963369965553284, 0.059408947825431824, 0.228010892868042, -0.04392142593860626, 0.9726674556732178),
            ["LeftUpperArm"] = CFrame.new(0.011351168155670166, 0.040973544120788574, 0.01981489360332489, 0.6433752179145813, 0.7248353958129883, -0.24633775651454926, -0.40135839581489563, 0.5933752655982971, 0.6977226734161377, 0.6519047617912292, -0.35002782940864563, 0.6726819276809692),
            ["RightLowerArm"] = CFrame.new(-4.76837158203125e-07, 2.384185791015625e-07, 1.7136335372924805e-07, 1, 2.235175777798304e-08, 3.837050428501243e-07, -7.450581307466564e-08, -0.18376795947551727, -0.9829697012901306, 1.8160793047172774e-07, 0.9829697608947754, -0.18376809358596802),
            ["LeftHand"] = CFrame.new(1.1920928955078125e-07, 1.1920928955078125e-07, 2.9802322387695312e-08, 0.8854895830154419, 0.42933160066604614, 0.1777154505252838, -0.4094342291355133, 0.9017699956893921, -0.1384720504283905, -0.21970857679843903, 0.04985305294394493, 0.9742909669876099),
            ["LeftFoot"] = CFrame.new(1.1175870895385742e-08, 1.1920928955078125e-07, -6.65347670292249e-08, 0.9971814155578613, 0.04839050769805908, 0.05733779817819595, -0.049040377140045166, 0.998746931552887, 0.00998143944889307, -0.05678297579288483, -0.01276504248380661, 0.9983049631118774),
            ["LowerTorso"] = CFrame.new(-0.07420886307954788, -0.1641162633895874, 0.09948709607124329, 0.9831716418266296, -0.031292155385017395, -0.17998431622982025, -0.0001079200956155546, 0.9851208925247192, -0.17186307907104492, 0.1826842725276947, 0.1689903289079666, 0.9685395359992981),
            ["RightLowerLeg"] = CFrame.new(7.450580596923828e-08, -1.1920928955078125e-07, -1.5679688658565283e-08, 1, -3.725290298461914e-07, -6.556512630595535e-07, 7.562341011180251e-07, 0.6331334710121155, 0.774042546749115, -2.281740876242111e-07, -0.7740427255630493, 0.6331337094306946),
            ["LeftUpperLeg"] = CFrame.new(0, -1.1944212019443512e-07, 1.0244548320770264e-08, 0.7547667622566223, 0.17018383741378784, 0.6335334181785583, 0.11079537123441696, 0.9188160300254822, -0.3788156807422638, -0.646569013595581, 0.35611018538475037, 0.6746363043785095),
            ["LeftLowerLeg"] = CFrame.new(-2.2351741790771484e-08, 0, 1.459594329844549e-07, 1, -1.6391281576488836e-07, -4.0978201809593884e-07, 5.736947059631348e-07, 0.45743274688720703, 0.8892441987991333, 1.7881393432617188e-07, -0.8892442584037781, 0.4574330449104309),
        }},
        {Time = 0.167, Data = {
            ["RightFoot"] = CFrame.new(5.21540641784668e-08, 3.5762786865234375e-07, -8.308779797516763e-08, 0.988694965839386, 0.062243424355983734, -0.13641192018985748, -0.0693138837814331, 0.9964536428451538, -0.047705769538879395, 0.13295848667621613, 0.05662180855870247, 0.9895029067993164),
            ["LeftLowerArm"] = CFrame.new(1.7881393432617188e-07, 0, -2.384185791015625e-07, 1, 1.1920936060505483e-07, 4.917379783364595e-07, -7.450579175838357e-08, 0.08079114556312561, -0.9967309832572937, 2.6822084464583895e-07, 0.996731162071228, 0.08079200983047485),
            ["RightUpperArm"] = CFrame.new(0.0007215738296508789, 0.031606078147888184, 0.028615664690732956, 0.6911582350730896, -0.7187745571136475, -0.07525329291820526, 0.7226216793060303, 0.688889741897583, 0.05700096860527992, 0.01087033562362194, -0.09377659112215042, 0.9955339431762695),
            ["Head"] = CFrame.new(1.4901161193847656e-08, -2.384185791015625e-07, 1.4901161193847656e-08, 0.9586488604545593, -0.03231959789991379, 0.28275027871131897, -0.032281722873449326, 0.9747689962387085, 0.2208697646856308, -0.28275471925735474, -0.22086413204669952, 0.9334179162979126),
            ["RightHand"] = CFrame.new(-1.0989606380462646e-07, 0, -1.424923539161682e-07, 0.7723018527030945, -0.5989606976509094, 0.21165065467357635, 0.6258746981620789, 0.7744700908660889, -0.09207142889499664, -0.10876990109682083, 0.2035740166902542, 0.9729989767074585),
            ["UpperTorso"] = CFrame.new(-5.587935447692871e-09, -1.7881393432617188e-07, 2.7939677238464355e-08, 0.9981940388679504, 0.044274598360061646, 0.0406012237071991, -0.04915463924407959, 0.9905090928077698, 0.12835733592510223, -0.034532926976680756, -0.13012133538722992, 0.9908966422080994),
            ["HumanoidRootPart"] = CFrame.new(0, 0, 0, 1, 0, 0, 0, 1, 0, 0, 0, 1),
            ["RightUpperLeg"] = CFrame.new(0, -2.477318048477173e-07, 2.6666384655982256e-09, 0.9447107911109924, -0.0019065742380917072, -0.3278992772102356, -0.029627492651343346, 0.995396614074707, -0.09114770591259003, 0.3265635371208191, 0.09582283347845078, 0.9403054714202881),
            ["LeftUpperArm"] = CFrame.new(0.013681948184967041, 0.028732657432556152, 0.02874411642551422, 0.5758453607559204, 0.7865492105484009, -0.2230304479598999, -0.43454211950302124, 0.5255355834960938, 0.731427013874054, 0.6925137639045715, -0.3242725133895874, 0.6444159746170044),
            ["RightLowerArm"] = CFrame.new(2.980232238769531e-07, 2.980232238769531e-07, -7.644625506630354e-20, 1, 4.097821459936313e-08, 3.4365820056336815e-07, -1.9185252142506215e-07, -0.1480390876531601, -0.9889814257621765, 1.5273695908035734e-07, 0.9889816045761108, -0.14803972840309143),
            ["LeftHand"] = CFrame.new(-5.960464477539063e-08, 0, -7.439666660502553e-08, 0.9102159738540649, 0.3931325376033783, 0.13020695745944977, -0.37479904294013977, 0.9157279133796692, -0.14480480551719666, -0.17616112530231476, 0.08300161361694336, 0.9808556437492371),
            ["LeftFoot"] = CFrame.new(-3.0850060284137726e-09, 0, 1.5421619536937214e-08, 0.9966372847557068, -0.01997990906238556, 0.07946658134460449, 0.02387266606092453, 0.9985456466674805, -0.04833982139825821, -0.07838509231805801, 0.05007436126470566, 0.9956648349761963),
            ["LowerTorso"] = CFrame.new(-0.07309592515230179, -0.13648903369903564, 0.09948708117008209, 0.982130765914917, -0.0333191342651844, -0.18522728979587555, 0.006790377199649811, 0.9898362755775452, -0.14204955101013184, 0.1880776584148407, 0.13825346529483795, 0.9723748564720154),
            ["RightLowerLeg"] = CFrame.new(-2.7706846594810486e-08, 0, 2.692831913009286e-08, 1, -3.9488082848038175e-07, -4.2840849800995784e-07, 8.977953029898345e-07, 0.4936436414718628, 0.8696641325950623, 4.097820749393577e-08, -0.8696643710136414, 0.49364399909973145),
            ["LeftUpperLeg"] = CFrame.new(-5.960464477539063e-08, -3.1496165320277214e-07, 3.771856427192688e-08, 0.8300416469573975, 0.26018252968788147, 0.4932912588119507, -0.007263206876814365, 0.8894755244255066, -0.45692548155784607, -0.5576542019844055, 0.37568390369415283, 0.7401911616325378),
            ["LeftLowerLeg"] = CFrame.new(-7.450580596923828e-08, -3.5762786865234375e-07, 8.635478820906428e-08, 1, -1.266598843585598e-07, -7.152558509915252e-07, 3.3527624054841e-07, 0.40323740243911743, 0.9150954484939575, -3.352762334429826e-08, -0.9150955080986023, 0.40323755145072937),
        }},
        {Time = 0.200, Data = {
            ["RightFoot"] = CFrame.new(3.3527612686157227e-08, 4.172325134277344e-07, 7.15117494110018e-08, 0.9836778044700623, -0.04276275634765625, -0.17478355765342712, 0.03450053557753563, 0.9981511831283569, -0.05004042014479637, 0.1766001135110855, 0.04319426789879799, 0.9833345413208008),
            ["LeftLowerArm"] = CFrame.new(5.960464477539063e-08, -2.384185791015625e-07, -8.195638656616211e-08, 1, -2.23517659492245e-07, 2.0861611460532004e-07, 0, 0.16157841682434082, -0.9868597984313965, 5.2154014440475294e-08, 0.9868599772453308, 0.1615789532661438),
            ["RightUpperArm"] = CFrame.new(0.0011085271835327148, 0.023349523544311523, 0.03319705277681351, 0.7192801833152771, -0.6935146450996399, -0.040909670293331146, 0.6945262551307678, 0.7192226648330688, 0.018762916326522827, 0.01641077548265457, -0.04190881550312042, 0.9989867210388184),
            ["Head"] = CFrame.new(2.421438694000244e-08, -1.1920928955078125e-07, 1.0244548320770264e-08, 0.9407398104667664, -0.028515620157122612, 0.33792829513549805, -0.052878573536872864, 0.9719370007514954, 0.2292214334011078, -0.3349813222885132, -0.23350675404071808, 0.9128318428993225),
            ["RightHand"] = CFrame.new(3.129243850708008e-07, -5.960464477539063e-08, -2.421438694000244e-08, 0.8650065064430237, -0.42822715640068054, 0.26150578260421753, 0.4704209268093109, 0.8734335899353027, -0.12576863169670105, -0.17455057799816132, 0.23180855810642242, 0.9569728374481201),
            ["UpperTorso"] = CFrame.new(1.1175870895385742e-08, 4.470348358154297e-07, -3.725290298461914e-08, 0.9942240118980408, 0.04304760321974754, 0.09831435978412628, -0.051154974848032, 0.9953605532646179, 0.08148975670337677, -0.09435029327869415, -0.08604834973812103, 0.9918133616447449),
            ["HumanoidRootPart"] = CFrame.new(0, 0, 0, 1, 0, 0, 0, 1, 0, 0, 0, 1),
            ["RightUpperLeg"] = CFrame.new(0, 1.555308699607849e-07, 2.6666384655982256e-09, 0.9340852499008179, -0.11565587669610977, -0.33779963850975037, -0.010521495714783669, 0.9367573857307434, -0.3498212993144989, 0.3568950593471527, 0.33031728863716125, 0.8737943172454834),
            ["LeftUpperArm"] = CFrame.new(0.014074206352233887, 0.020319700241088867, 0.03336438536643982, 0.5755475163459778, 0.8028878569602966, -0.15529455244541168, -0.5507094860076904, 0.5209220051765442, 0.6521955728530884, 0.6045364141464233, -0.2898474335670471, 0.7419734001159668),
            ["RightLowerArm"] = CFrame.new(5.960464477539063e-08, 5.960464477539063e-08, 7.404014468193054e-08, 1, -7.450584149637507e-09, 1.918525640576263e-07, 1.2572856178394431e-07, -0.12967738509178162, -0.9915562272071838, 1.4767284994832153e-07, 0.9915562868118286, -0.1296776533126831),
            ["LeftHand"] = CFrame.new(-5.960464477539063e-08, -1.7881393432617188e-07, 1.043081283569336e-07, 0.9449563026428223, 0.3161541521549225, 0.08428552001714706, -0.3078325688838959, 0.9463324546813965, -0.09845978766679764, -0.11089083552360535, 0.06709350645542145, 0.9915652871131897),
            ["LeftFoot"] = CFrame.new(-2.9802322387695312e-08, -5.960464477539063e-08, -4.7908315536915325e-08, 0.9860669374465942, -0.09827197343111038, 0.13421863317489624, 0.1103498637676239, 0.9901899099349976, -0.08571385592222214, -0.12447875738143921, 0.09933065623044968, 0.987237811088562),
            ["LowerTorso"] = CFrame.new(-0.07284925132989883, -0.13237011432647705, 0.09945869445800781, 0.9819442629814148, -0.02774946019053459, -0.1871243566274643, 0.008291080594062805, 0.9945451617240906, -0.10397744923830032, 0.18898892402648926, 0.10054858773946762, 0.9768179059028625),
            ["RightLowerLeg"] = CFrame.new(-2.9802322387695312e-08, -3.5762786865234375e-07, -1.274383976124227e-07, 1, -3.036110740595177e-07, -6.407501018657058e-07, 8.381905445276061e-07, 0.2451552301645279, 0.9694837927818298, 1.4901164746561335e-08, -0.9694838523864746, 0.24515549838542938),
            ["LeftUpperLeg"] = CFrame.new(0, 3.7264544516801834e-07, -7.916241884231567e-09, 0.8702753782272339, 0.3756207823753357, 0.318637490272522, -0.17769531905651093, 0.8427488803863525, -0.5081326365470886, -0.45939669013023376, 0.3855948746204376, 0.8001695871353149),
            ["LeftLowerLeg"] = CFrame.new(-4.470348358154297e-08, -1.1920928955078125e-07, -6.265682372941228e-08, 1, -1.4901162614933128e-07, -3.650783924058487e-07, 5.215407554715057e-07, 0.31677666306495667, 0.9485000371932983, 1.3411047916633834e-07, -0.9485001564025879, 0.31677699089050293),
        }},
        {Time = 0.233, Data = {
            ["RightFoot"] = CFrame.new(1.1175870895385742e-08, 3.5762786865234375e-07, 2.308297553099692e-08, 0.9894993901252747, 0.007986584678292274, -0.14431661367416382, -0.01719719171524048, 0.9978850483894348, -0.06268751621246338, 0.1435108631849289, 0.06451097875833511, 0.9875439405441284),
            ["LeftLowerArm"] = CFrame.new(-3.2782554626464844e-07, 1.1920928955078125e-07, -2.60770320892334e-08, 1, 0, 4.1723222921064007e-07, 0, 0.2629424035549164, -0.9648114442825317, 2.272425660976296e-07, 0.9648115634918213, 0.26294267177581787),
            ["RightUpperArm"] = CFrame.new(-0.0004208683967590332, 0.024784564971923828, 0.03341538831591606, 0.7488376498222351, -0.6520777940750122, -0.11847653239965439, 0.6378053426742554, 0.7576270699501038, -0.1385856419801712, 0.18012946844100952, 0.028212804347276688, 0.9832382202148438),
            ["Head"] = CFrame.new(9.313225746154785e-09, 4.76837158203125e-07, 3.4924596548080444e-09, 0.9049147963523865, -0.03475034981966019, 0.42417189478874207, -0.07255570590496063, 0.9694743156433105, 0.23421238362789154, -0.4193626940250397, -0.24271811544895172, 0.8747701644897461),
            ["RightHand"] = CFrame.new(-9.685754776000977e-08, 0, -4.842877388000488e-08, 0.9618237018585205, -0.041035499423742294, 0.2705758213996887, 0.07458320260047913, 0.9905741214752197, -0.11489225924015045, -0.26331090927124023, 0.13068683445453644, 0.9558182954788208),
            ["UpperTorso"] = CFrame.new(-3.725290298461914e-09, 2.9802322387695312e-08, -3.4924596548080444e-10, 0.9905391335487366, 0.029960017651319504, 0.1339208334684372, -0.03492086008191109, 0.9987823963165283, 0.03484899923205376, -0.13271364569664001, -0.03919583186507225, 0.9903791546821594),
            ["HumanoidRootPart"] = CFrame.new(0, 0, 0, 1, 0, 0, 0, 1, 0, 0, 0, 1),
            ["RightUpperLeg"] = CFrame.new(-1.1920928955078125e-07, 3.2549723982810974e-07, -9.7898009698838e-09, 0.9480879902839661, -0.2717337906360626, -0.16519695520401, 0.11688236892223358, 0.7808724641799927, -0.6136583089828491, 0.29574936628341675, 0.5624935626983643, 0.7720968723297119),
            ["LeftUpperArm"] = CFrame.new(0.012525379657745361, 0.022368192672729492, 0.03354997932910919, 0.5955387949943542, 0.7997049689292908, -0.07619425654411316, -0.6598355174064636, 0.5410575866699219, 0.5214152336120605, 0.4582037031650543, -0.2602473497390747, 0.8498944044113159),
            ["RightLowerArm"] = CFrame.new(1.1920928955078125e-07, -5.960464477539063e-08, -5.960464477539063e-08, 1, -2.7567168103814765e-07, 1.527369164477932e-07, 2.407468855381012e-07, -0.11465087532997131, -0.9934058785438538, -6.705522537231445e-08, 0.9934059381484985, -0.11465130746364594),
            ["LeftHand"] = CFrame.new(0, -1.7881393432617188e-07, 1.341104507446289e-07, 0.9479581713676453, 0.31837671995162964, -0.0033845023717731237, -0.31632909178733826, 0.9405457973480225, -0.12373339384794235, -0.036210719496011734, 0.11836407333612442, 0.9923098087310791),
            ["LeftFoot"] = CFrame.new(7.078051567077637e-08, 5.960464477539063e-08, -1.8105993149220012e-08, 0.9650040864944458, -0.17718352377414703, 0.19332219660282135, 0.19260326027870178, 0.9791892766952515, -0.06397026777267456, -0.1779642552137375, 0.09896627068519592, 0.9790477752685547),
            ["LowerTorso"] = CFrame.new(-0.07378516346216202, -0.16419756412506104, 0.09931810945272446, 0.9830510020256042, -0.013737237080931664, -0.18281687796115875, 0.0028549539856612682, 0.9982149600982666, -0.05965614318847656, 0.18331001698970795, 0.05812309682369232, 0.9813354015350342),
            ["RightLowerLeg"] = CFrame.new(4.470348358154297e-08, 5.960464477539063e-08, -7.528433343395591e-08, 1, -1.415610029198433e-07, -7.078053272380203e-07, 8.121138534988859e-07, 0.06578698754310608, 0.997833788394928, -2.235175742271167e-07, -0.9978337287902832, 0.06578677892684937),
            ["LeftUpperLeg"] = CFrame.new(1.1920928955078125e-07, -4.8050424084067345e-08, -5.471520125865936e-09, 0.8660047054290771, 0.4545113444328308, 0.20845958590507507, -0.30084067583084106, 0.8065842986106873, -0.5088384747505188, -0.39941316843032837, 0.37794366478919983, 0.8352413773536682),
            ["LeftLowerLeg"] = CFrame.new(-1.2665987014770508e-07, 5.960464477539063e-08, 6.731113444402581e-10, 1, -6.705523247774181e-08, -4.470348358154297e-07, 4.768372718899627e-07, 0.2835260331630707, 0.9589645862579346, 3.72529100900465e-08, -0.9589646458625793, 0.28352588415145874),
        }},
        {Time = 0.267, Data = {
            ["RightFoot"] = CFrame.new(-5.21540641784668e-08, 2.384185791015625e-07, 7.312337402254343e-10, 0.9893109798431396, -0.10167988389730453, -0.10452324151992798, 0.11335799843072891, 0.9871490001678467, 0.11263632774353027, 0.09172720462083817, -0.12328099459409714, 0.9881235361099243),
            ["LeftLowerArm"] = CFrame.new(-3.8743019104003906e-07, 3.5762786865234375e-07, 7.450580596923828e-09, 1, 2.2351750317284313e-07, 8.940691031966708e-08, 2.4586918812019576e-07, 0.35318800806999207, -0.935552179813385, 4.135072799726913e-07, 0.9355524778366089, 0.3531886041164398),
            ["RightUpperArm"] = CFrame.new(-0.0027936697006225586, 0.02771008014678955, 0.031131571158766747, 0.7315239906311035, -0.6328572034835815, -0.25370144844055176, 0.5574058294296265, 0.7693852782249451, -0.3120017349720001, 0.392646849155426, 0.086822010576725, 0.9155820608139038),
            ["Head"] = CFrame.new(-2.3283064365386963e-10, -1.1920928955078125e-07, 8.32369551062584e-09, 0.8461872339248657, -0.05043898522853851, 0.5304932594299316, -0.08739432692527771, 0.9688956141471863, 0.23152436316013336, -0.5256706476211548, -0.2422749400138855, 0.8154590725898743),
            ["RightHand"] = CFrame.new(1.1920928955078125e-07, 5.960464477539063e-08, 1.1920928955078125e-07, 0.9331423044204712, 0.25858286023139954, 0.2497612088918686, -0.24870124459266663, 0.9659806489944458, -0.0709153339266777, -0.2596021890640259, 0.004058350808918476, 0.9657072424888611),
            ["UpperTorso"] = CFrame.new(1.30385160446167e-08, -2.9802322387695312e-08, -2.514570951461792e-08, 0.9876316785812378, 0.007370199076831341, 0.15661843121051788, -0.0074441321194171906, 0.9999723434448242, -0.00011442907998571172, -0.15661491453647614, -0.001052863895893097, 0.987659215927124),
            ["HumanoidRootPart"] = CFrame.new(0, 0, 0, 1, 0, 0, 0, 1, 0, 0, 0, 1),
            ["RightUpperLeg"] = CFrame.new(0, -5.587935447692871e-09, -5.3212716011330485e-08, 0.9369218945503235, -0.34916964173316956, 0.01606791839003563, 0.22265636920928955, 0.560752272605896, -0.7974845170974731, 0.26944699883461, 0.7507579922676086, 0.6031255125999451),
            ["LeftUpperArm"] = CFrame.new(0.010131418704986572, 0.02624523639678955, 0.031204944476485252, 0.6101454496383667, 0.7892060875892639, 0.06982976943254471, -0.7516508102416992, 0.5487319231033325, 0.36594337224960327, 0.25048691034317017, -0.2757662534713745, 0.9280136227607727),
            ["RightLowerArm"] = CFrame.new(-5.960464477539063e-08, 2.980232238769531e-07, -5.960464477539063e-08, 1, -5.960465188081798e-08, 1.4901169720360485e-07, 1.49011739836169e-07, -0.12364696711301804, -0.9923263192176819, -2.9802347256691064e-08, 0.9923262596130371, -0.12364746630191803),
            ["LeftHand"] = CFrame.new(5.960464477539063e-08, 2.980232238769531e-07, -8.940696716308594e-08, 0.93943190574646, 0.3366892635822296, -0.0640917643904686, -0.3427288830280304, 0.9240168333053589, -0.1695004403591156, 0.002153051784262061, 0.18119996786117554, 0.9834439158439636),
            ["LeftFoot"] = CFrame.new(-1.1175870895385742e-07, -5.960464477539063e-08, -4.7908315536915325e-08, 0.9279797673225403, -0.2418491691350937, 0.28348299860954285, 0.2838595509529114, 0.9516623020172119, -0.11731556802988052, -0.24140723049640656, 0.18933573365211487, 0.9517744779586792),
            ["LowerTorso"] = CFrame.new(-0.07553287595510483, -0.2273639440536499, 0.0989953950047493, 0.9850164651870728, 0.005084923468530178, -0.17238549888134003, -0.00784323550760746, 0.9998518824577332, -0.015323483385145664, 0.17228202521800995, 0.016445940360426903, 0.9849104285240173),
