return {
    ["Thriller Dance"] = {
        {Time = 0.000, Data = {
            ["RightFoot"] = CFrame.new(-8.89413058757782e-08, 1.7881393432617188e-07, -1.6931153368204832e-08, 0.9552427530288696, 0.27944308519363403, -0.09707270562648773, -0.2957650125026703, 0.9086741209030151, -0.2946760058403015, 0.005862257909029722, 0.31019824743270874, 0.9506540298461914),
            ["LeftLowerArm"] = CFrame.new(2.384185791015625e-07, 1.7881393432617188e-07, 2.551823854446411e-07, 1, -1.8626460374093767e-08, 3.725292518907963e-09, 3.422611172254619e-08, 0.9519454836845398, -0.30626776814460754, 9.313227966600834e-10, 0.3062678277492523, 0.9519454836845398),
            ["RightUpperArm"] = CFrame.new(1.1920928955078125e-07, 4.76837158203125e-07, 2.2351741790771484e-08, 0.9980499744415283, -0.03814367204904556, 0.049410343170166016, 0.038159437477588654, 0.9992715120315552, 0.0006245890981517732, -0.049398183822631836, 0.0012620940105989575, 0.9987783432006836),
            ["Head"] = CFrame.new(1.2433156371116638e-07, -3.5762786865234375e-07, -2.584420144557953e-08, 0.9997499585151672, 0.019127273932099342, 0.011589962989091873, -0.020691923797130585, 0.9877280592918396, 0.15480686724185944, -0.008486696518957615, -0.1550079584121704, 0.9878767728805542),
            ["RightHand"] = CFrame.new(0.0000011324882507324219, -7.748603820800781e-07, -3.725290298461914e-07, 0.9747953414916992, -0.027558088302612305, -0.22139239311218262, 0.06747191399335861, 0.9822879433631897, 0.1748088300228119, 0.21265362203121185, -0.18534062802791595, 0.9593890905380249),
            ["UpperTorso"] = CFrame.new(-8.355709724128246e-08, 4.470348358154297e-07, 2.909218892455101e-07, 0.9878089427947998, -0.14079631865024567, 0.06640788167715073, 0.1298406422138214, 0.9805055260658264, 0.1474801003932953, -0.08587795495986938, -0.13705968856811523, 0.9868332147598267),
            ["HumanoidRootPart"] = CFrame.new(0, 0, 0, 1, 0, 0, 0, 1, 0, 0, 0, 1),
            ["RightUpperLeg"] = CFrame.new(-1.1920928955078125e-07, 6.984919309616089e-07, 3.183231456205249e-08, 0.9101389646530151, -0.4064718186855316, 0.0801732987165451, 0.40776753425598145, 0.8446125984191895, -0.34692269563674927, 0.07329890131950378, 0.34843969345092773, 0.9344608187675476),
            ["LeftUpperArm"] = CFrame.new(-1.1920928955078125e-07, 8.344650268554688e-07, -1.4901161193847656e-07, 0.9937835931777954, 0.11008542776107788, -0.016592998057603836, -0.10990413278341293, 0.9938760995864868, 0.011470485478639603, 0.01775411330163479, -0.009575541131198406, 0.9997965693473816),
            ["RightLowerArm"] = CFrame.new(4.172325134277344e-07, -7.152557373046875e-07, -7.450580596923828e-08, 1, -3.3527591369875154e-08, 3.725291186640334e-09, 2.6077035641947077e-08, 0.9365328550338745, -0.35057997703552246, 8.847565347025466e-09, 0.3505799472332001, 0.9365328550338745),
            ["LeftHand"] = CFrame.new(-8.502975106239319e-07, 2.980232238769531e-07, 2.60770320892334e-08, 0.9757848381996155, -0.015805184841156006, -0.2181612104177475, 0.04506615921854973, 0.9905142188072205, 0.12981052696704865, 0.2140401154756546, -0.13649882376194, 0.9672408699989319),
            ["LeftFoot"] = CFrame.new(5.9371814131736755e-08, -5.960464477539063e-08, -3.166496753692627e-08, 0.995983898639679, -0.07994063198566437, 0.04032018408179283, 0.08915521204471588, 0.9268676042556763, -0.36464738845825195, -0.008221372030675411, 0.3667779266834259, 0.9302723407745361),
            ["LowerTorso"] = CFrame.new(-0.011493682861328125, -0.13859879970550537, -0.05338311195373535, 0.9946149587631226, 0.10108942538499832, -0.02284965105354786, -0.10255081206560135, 0.9918230175971985, -0.07596368342638016, 0.01498368475586176, 0.07789786159992218, 0.9968488216400146),
            ["RightLowerLeg"] = CFrame.new(-1.7881393432617188e-07, -0.0000040531158447265625, -0.000013200733519624919, 1, -1.2293457984924316e-07, -3.7252924300901213e-08, 1.9371512394172896e-07, 0.7019442319869995, 0.7122312784194946, -3.725290653733282e-08, -0.7122319936752319, 0.7019450068473816),
            ["LeftUpperLeg"] = CFrame.new(1.4901161193847656e-07, 0.000001455657184123993, 2.6170164346694946e-07, 0.9951103925704956, -0.05098603665828705, -0.08459264785051346, 0.029852982610464096, 0.9716653823852539, -0.234468474984169, 0.09415043145418167, 0.23079624772071838, 0.9684363007545471),
            ["LeftLowerLeg"] = CFrame.new(1.2293457984924316e-07, 0.0000040531158447265625, 0.000013314187526702881, 1, 5.21540641784668e-08, 2.4214383387288763e-08, -5.5879347371501353e-08, 0.7777220606803894, 0.6286078691482544, 4.656612162534657e-08, -0.6286083459854126, 0.7777223587036133),
        }},
        {Time = 0.033, Data = {
            ["RightFoot"] = CFrame.new(-1.5739351511001587e-07, 2.384185791015625e-07, -5.75528247281909e-09, 0.9551374912261963, 0.27939146757125854, -0.09825056791305542, -0.29608920216560364, 0.9082258939743042, -0.29573071002960205, 0.006609093863517046, 0.311554491519928, 0.950205385684967),
            ["LeftLowerArm"] = CFrame.new(0, 0.0000010132789611816406, 2.1979212760925293e-07, 1, -2.1420429874297042e-08, 4.598408320788394e-09, 2.8521773387524263e-08, 0.9473375082015991, -0.32023707032203674, 7.916247213302086e-09, 0.32023707032203674, 0.9473374485969543),
            ["RightUpperArm"] = CFrame.new(-5.960464477539063e-08, -1.1920928955078125e-07, 7.450580596923828e-08, 0.9979951977729797, -0.038355495780706406, 0.050342850387096405, 0.038516875356435776, 0.9992554187774658, -0.002239024732261896, -0.05021948739886284, 0.004173594061285257, 0.9987295866012573),
            ["Head"] = CFrame.new(7.35744833946228e-08, -0.0000015497207641601562, -1.7462298274040222e-09, 0.999716579914093, 0.01945897564291954, 0.013717655092477798, -0.02136600762605667, 0.987470269203186, 0.1563524305820465, -0.010503319092094898, -0.1566012054681778, 0.9876061081886292),
            ["RightHand"] = CFrame.new(0.0000010021030902862549, -3.5762786865234375e-07, -3.5762786865234375e-07, 0.9766106009483337, -0.03250690549612045, -0.21254432201385498, 0.06942672282457352, 0.9832316040992737, 0.16862861812114716, 0.20349866151809692, -0.17944073677062988, 0.9624912738800049),
            ["UpperTorso"] = CFrame.new(-1.1842348612844944e-07, 4.76837158203125e-07, 2.6385532692074776e-07, 0.9880794882774353, -0.13983571529388428, 0.06438141316175461, 0.12933233380317688, 0.9808645248413086, 0.14552702009677887, -0.08349931240081787, -0.13546566665172577, 0.9872573614120483),
            ["HumanoidRootPart"] = CFrame.new(0, 0, 0, 1, 0, 0, 0, 1, 0, 0, 0, 1),
            ["RightUpperLeg"] = CFrame.new(-2.384185791015625e-07, -9.12696123123169e-08, 6.62912498228252e-08, 0.9099064469337463, -0.40727853775024414, 0.07870664447546005, 0.40806806087493896, 0.8447707891464233, -0.34618327021598816, 0.07450396567583084, 0.3471120297908783, 0.9348596334457397),
            ["LeftUpperArm"] = CFrame.new(0, 0, -1.3783574104309082e-07, 0.9935257434844971, 0.10866857320070267, -0.0331338569521904, -0.1082623228430748, 0.994026243686676, 0.013823366723954678, 0.03443809598684311, -0.01014671940356493, 0.9993553161621094),
            ["RightLowerArm"] = CFrame.new(6.556510925292969e-07, -0.0000013113021850585938, 2.9802322387695312e-08, 1, -3.352758071173412e-08, 1.8626447051417472e-09, 2.0954757928848267e-08, 0.9395345449447632, -0.342454195022583, 1.1175870895385742e-08, 0.342454195022583, 0.9395345449447632),
            ["LeftHand"] = CFrame.new(-8.847564458847046e-07, 5.364418029785156e-07, 1.5512341633439064e-07, 0.978421151638031, -0.01959080994129181, -0.20569005608558655, 0.04656283184885979, 0.9907937049865723, 0.12712149322032928, 0.20130601525306702, -0.13395588099956512, 0.9703255891799927),
            ["LeftFoot"] = CFrame.new(-1.1874362826347351e-07, -5.960464477539063e-08, 2.9802322387695312e-08, 0.9960792064666748, -0.08057664334774017, 0.036518462002277374, 0.08834979683160782, 0.9271911382675171, -0.36402031779289246, -0.004528257995843887, 0.3658195436000824, 0.9306748509407043),
            ["LowerTorso"] = CFrame.new(-0.011179446242749691, -0.13850367069244385, -0.0539984367787838, 0.9946205019950867, 0.10147412121295929, -0.020811647176742554, -0.10277227312326431, 0.9918209910392761, -0.0756901279091835, 0.012960839085280895, 0.07742180675268173, 0.9969142079353333),
            ["RightLowerLeg"] = CFrame.new(8.940696716308594e-08, -0.000003337860107421875, -0.000013400036550592631, 1, -1.5273690223693848e-07, -5.960467319710006e-08, 1.1548402767402877e-07, 0.7017565369606018, 0.7124162912368774, -2.7939684343891713e-08, -0.7124168872833252, 0.7017571926116943),
            ["LeftUpperLeg"] = CFrame.new(8.940696716308594e-08, 0.0000012791715562343597, 2.5331974029541016e-07, 0.9951291680335999, -0.05058059096336365, -0.08461499959230423, 0.029405856505036354, 0.9715644121170044, -0.23494313657283783, 0.09409261494874954, 0.23131006956100464, 0.968319296836853),
            ["LeftLowerLeg"] = CFrame.new(9.313225746154785e-08, 0.000003993511199951172, 0.000013284385204315186, 1, 5.21540641784668e-08, 4.4703469370688254e-08, -5.5879368687783426e-08, 0.7782319784164429, 0.6279769539833069, 2.980232949312267e-08, -0.6279769539833069, 0.7782318592071533),
        }},
        {Time = 0.067, Data = {
            ["RightFoot"] = CFrame.new(-8.195638656616211e-08, 2.384185791015625e-07, -5.75528247281909e-09, 0.9552041292190552, 0.27818530797958374, -0.10098782926797867, -0.29581835865974426, 0.9075814485549927, -0.29797154664993286, 0.008763546124100685, 0.3144978880882263, 0.9492179155349731),
            ["LeftLowerArm"] = CFrame.new(4.76837158203125e-07, 1.1920928955078125e-07, 2.7334317564964294e-07, 1, -2.142043520336756e-08, 1.8626460374093767e-09, 2.211892358161549e-08, 0.9311466813087463, -0.36464494466781616, 4.656615537612652e-09, 0.36464497447013855, 0.9311466217041016),
            ["RightUpperArm"] = CFrame.new(2.384185791015625e-07, -1.1920928955078125e-07, 3.725290298461914e-08, 0.9980673789978027, -0.038482584059238434, 0.04879061505198479, 0.03890007361769676, 0.9992139935493469, -0.007635822519659996, -0.048458416014909744, 0.009519031271338463, 0.998779833316803),
            ["Head"] = CFrame.new(9.359791874885559e-08, -7.152557373046875e-07, 3.4924596548080444e-09, 0.9996438026428223, 0.016144219785928726, 0.02125009149312973, -0.01931608095765114, 0.9871358871459961, 0.15871299803256989, -0.018414443358778954, -0.15906693041324615, 0.9870960712432861),
            ["RightHand"] = CFrame.new(0.000001218169927597046, -4.76837158203125e-07, -3.725290298461914e-07, 0.9795686602592468, -0.04169915243983269, -0.1967397928237915, 0.07365752011537552, 0.9846820831298828, 0.15803712606430054, 0.18713611364364624, -0.16929961740970612, 0.9676352143287659),
            ["UpperTorso"] = CFrame.new(-1.622101990506053e-07, 8.344650268554688e-07, 2.4691689759492874e-07, 0.9885109663009644, -0.1381262093782425, 0.06137740984559059, 0.12826307117938995, 0.9813989996910095, 0.14284469187259674, -0.07996630668640137, -0.13333112001419067, 0.9878401756286621),
            ["HumanoidRootPart"] = CFrame.new(0, 0, 0, 1, 0, 0, 0, 1, 0, 0, 0, 1),
            ["RightUpperLeg"] = CFrame.new(-2.384185791015625e-07, 1.2922100722789764e-07, 1.0354415280744433e-07, 0.909856915473938, -0.4077620506286621, 0.07675285637378693, 0.4079578220844269, 0.8453955054283142, -0.3447849750518799, 0.07570371776819229, 0.345016747713089, 0.9355385303497314),
            ["LeftUpperArm"] = CFrame.new(0, 9.5367431640625e-07, -9.685754776000977e-08, 0.9915425181388855, 0.10560585558414459, -0.0754387155175209, -0.10399271547794342, 0.9942635297775269, 0.025012075901031494, 0.07764740288257599, -0.016955453902482986, 0.9968366622924805),
            ["RightLowerArm"] = CFrame.new(4.172325134277344e-07, -5.960464477539063e-08, 0, 1, -4.4703462265260896e-08, 5.587936335871291e-09, 2.0023437130589627e-08, 0.9444515109062195, -0.32865095138549805, 1.210719524635806e-08, 0.3286510109901428, 0.9444515705108643),
            ["LeftHand"] = CFrame.new(-9.685754776000977e-07, 3.5762786865234375e-07, 0, 0.9871759414672852, -0.028320860117673874, -0.15710432827472687, 0.04880448803305626, 0.9905596971511841, 0.12810026109218597, 0.1519932746887207, -0.13412487506866455, 0.9792388081550598),
            ["LeftFoot"] = CFrame.new(3.119930624961853e-08, 5.960464477539063e-08, -3.725290298461914e-09, 0.9961526989936829, -0.08138447254896164, 0.032502658665180206, 0.08763299882411957, 0.9275225400924683, -0.36334890127182007, -0.0005759870982728899, 0.3647995591163635, 0.9310860633850098),
            ["LowerTorso"] = CFrame.new(-0.010423487983644009, -0.13846862316131592, -0.055028580129146576, 0.9946665167808533, 0.10181304067373276, -0.016516536474227905, -0.10277459770441055, 0.9918553829193115, -0.07523513585329056, 0.008722095750272274, 0.07653135061264038, 0.9970290660858154),
            ["RightLowerLeg"] = CFrame.new(-1.6763806343078613e-07, -0.000003814697265625, -0.000013386998034548014, 1, -4.8428766774577525e-08, -7.450582373280668e-09, 1.4156103134155273e-07, 0.7010309100151062, 0.7131306529045105, -6.146728992462158e-08, -0.7131309509277344, 0.7010312676429749),
            ["LeftUpperLeg"] = CFrame.new(-1.1920928955078125e-07, 0.000001301988959312439, 2.4866312742233276e-07, 0.9951106905937195, -0.05000564083456993, -0.08517102152109146, 0.028581414371728897, 0.971257746219635, -0.23630833625793457, 0.09453977644443512, 0.23271842300891876, 0.9679381847381592),
            ["LeftLowerLeg"] = CFrame.new(-1.1175870895385742e-08, 0.000003814697265625, 0.000013284385204315186, 1, 5.21540641784668e-08, 2.421439049271612e-08, -5.960464477539063e-08, 0.7783411145210266, 0.6278414130210876, 2.7939677238464355e-08, -0.6278417110443115, 0.7783412933349609),
        }},
        {Time = 0.100, Data = {
            ["RightFoot"] = CFrame.new(2.7939677238464355e-09, 2.980232238769531e-07, 9.145878721028566e-09, 0.9550602436065674, 0.2775500416755676, -0.1040491908788681, -0.29622235894203186, 0.906262993812561, -0.30156150460243225, 0.010597673244774342, 0.31883129477500916, 0.9477523565292358),
            ["LeftLowerArm"] = CFrame.new(6.854534149169922e-07, 4.76837158203125e-07, 2.7567148208618164e-07, 1, -3.911557655555953e-08, 5.58793900040655e-09, 3.725293495904225e-08, 0.9055831432342529, -0.42416882514953613, 1.3038526702757736e-08, 0.42416882514953613, 0.9055832028388977),
            ["RightUpperArm"] = CFrame.new(1.1920928955078125e-07, 0, 8.195638656616211e-08, 0.9984844326972961, -0.03775914013385773, 0.04004015028476715, 0.03832942247390747, 0.9991729855537415, -0.013571631163358688, -0.039494581520557404, 0.015085788443684578, 0.9991059303283691),
            ["Head"] = CFrame.new(1.0104849934577942e-07, -9.5367431640625e-07, 2.0721927285194397e-08, 0.9989987015724182, 0.0046917651779949665, 0.04449397325515747, -0.011645684018731117, 0.9874746203422546, 0.15734782814979553, -0.043198417872190475, -0.15770839154720306, 0.9865404367446899),
            ["RightHand"] = CFrame.new(0.000001385807991027832, -8.344650268554688e-07, -3.427267074584961e-07, 0.9828171133995056, -0.05373662710189819, -0.1765868067741394, 0.07966925948858261, 0.9864794611930847, 0.14321717619895935, 0.1665032058954239, -0.15482480823993683, 0.973810076713562),
            ["UpperTorso"] = CFrame.new(-1.2684176908805966e-07, 5.066394805908203e-07, 2.5943154469132423e-07, 0.9891008734703064, -0.13591064512729645, 0.056637562811374664, 0.12698492407798767, 0.9821045994758606, 0.13908760249614716, -0.07452748715877533, -0.1303795427083969, 0.988659143447876),
            ["HumanoidRootPart"] = CFrame.new(0, 0, 0, 1, 0, 0, 0, 1, 0, 0, 0, 1),
            ["RightUpperLeg"] = CFrame.new(-1.7881393432617188e-07, 2.0442530512809753e-07, 5.511537892743945e-08, 0.9092564582824707, -0.40990427136421204, 0.07232962548732758, 0.40856948494911194, 0.8457308411598206, -0.3432348966598511, 0.0795220136642456, 0.3416401147842407, 0.9364604949951172),
            ["LeftUpperArm"] = CFrame.new(5.960464477539063e-08, 5.960464477539062e-07, -1.0058283805847168e-07, 0.9843918681144714, 0.10212413221597672, -0.14332929253578186, -0.09740067273378372, 0.9944566488265991, 0.039612118154764175, 0.14658011496067047, -0.02503347396850586, 0.9888820648193359),
            ["RightLowerArm"] = CFrame.new(9.5367431640625e-07, -0.0000010728836059570312, -5.960464477539063e-08, 1, -2.793966302760964e-08, 1.3038519597330378e-08, 2.37487345344789e-08, 0.9495810270309448, -0.31352174282073975, -1.164153662358558e-09, 0.31352174282073975, 0.9495811462402344),
            ["LeftHand"] = CFrame.new(-0.000001043081283569336, 5.364418029785156e-07, 0, 0.9966220855712891, -0.04114558920264244, -0.07107436656951904, 0.050312310457229614, 0.9899160265922546, 0.1324203610420227, 0.06490913033485413, -0.1355489194393158, 0.988642156124115),
            ["LeftFoot"] = CFrame.new(1.2223608791828156e-07, 5.960464477539063e-08, -5.587935447692871e-09, 0.9962417483329773, -0.08213138580322266, 0.027514507994055748, 0.08651658147573471, 0.9282048344612122, -0.3618711531162262, 0.004181873984634876, 0.36289170384407043, 0.9318220615386963),
            ["LowerTorso"] = CFrame.new(-0.009663061238825321, -0.1385265588760376, -0.05623253434896469, 0.9946470260620117, 0.10291805863380432, -0.009233362972736359, -0.10332084447145462, 0.9918452501296997, -0.07461782544851303, 0.0014785465318709612, 0.07517239451408386, 0.9971694946289062),
            ["RightLowerLeg"] = CFrame.new(-1.1175870895385742e-08, -0.000003516674041748047, -0.000013265926099848002, 1, -6.33299421792799e-08, -7.450582373280668e-09, 2.1234157543403853e-07, 0.6996137499809265, 0.7145208716392517, -4.0978196835794733e-08, -0.7145212888717651, 0.6996141076087952),
            ["LeftUpperLeg"] = CFrame.new(-5.960464477539063e-08, 6.915070116519928e-07, 2.6728957891464233e-07, 0.9950352907180786, -0.050199393182992935, -0.08593471348285675, 0.028374532237648964, 0.9707257151603699, -0.23850886523723602, 0.09539198875427246, 0.23488633334636688, 0.9673307538032532),
            ["LeftLowerLeg"] = CFrame.new(-1.955777406692505e-07, 0.0000040531158447265625, 0.0000133514404296875, 1, 5.587935447692871e-08, 4.097820394122209e-08, -5.401671643312511e-08, 0.7786712646484375, 0.6274319291114807, 2.2351745343485163e-08, -0.6274322271347046, 0.7786715030670166),
        }},
        {Time = 0.133, Data = {
            ["RightFoot"] = CFrame.new(-5.634501576423645e-08, 2.384185791015625e-07, -1.6931153368204832e-08, 0.9545714259147644, 0.2785336673259735, -0.10589072108268738, -0.29778847098350525, 0.9044990539550781, -0.3052919805049896, 0.010744252242147923, 0.3229559063911438, 0.946353018283844),
            ["LeftLowerArm"] = CFrame.new(5.662441253662109e-07, 0.0000012516975402832031, 3.0174851417541504e-07, 1, -3.9115558791991134e-08, -1.117587622445626e-08, 4.284084909045305e-08, 0.8830195069313049, -0.4693363904953003, 4.656613761255812e-09, 0.46933630108833313, 0.8830195069313049),
            ["RightUpperArm"] = CFrame.new(1.1920928955078125e-07, 1.1920928955078125e-07, 2.2351741790771484e-08, 0.9989930391311646, -0.036343060433864594, 0.026309909299016, 0.03681135177612305, 0.9991682767868042, -0.01753847859799862, -0.025650637224316597, 0.018489308655261993, 0.9994999766349792),
            ["Head"] = CFrame.new(9.220093488693237e-08, -8.344650268554688e-07, -3.3993273973464966e-08, 0.996891438961029, -0.010261397808790207, 0.07811716943979263, -0.0017246096394956112, 0.9884029626846313, 0.1518443077802658, -0.07876938581466675, -0.15150704979896545, 0.9853127002716064),
            ["RightHand"] = CFrame.new(0.0000011995434761047363, -8.344650268554688e-07, -3.427267074584961e-07, 0.9852163791656494, -0.064499132335186, -0.15870948135852814, 0.08536677807569504, 0.9880427122116089, 0.12839093804359436, 0.14853060245513916, -0.14004133641719818, 0.9789418578147888),
            ["UpperTorso"] = CFrame.new(-1.41095370054245e-07, 5.960464477539062e-07, 2.589658834040165e-07, 0.9896657466888428, -0.1338961273431778, 0.051319558173418045, 0.12596634030342102, 0.9828035831451416, 0.13501739501953125, -0.0685153529047966, -0.1271575391292572, 0.9895133376121521),
            ["HumanoidRootPart"] = CFrame.new(0, 0, 0, 1, 0, 0, 0, 1, 0, 0, 0, 1),
            ["RightUpperLeg"] = CFrame.new(-5.960464477539063e-08, 2.0209699869155884e-07, 7.641938282176852e-08, 0.9079186916351318, -0.41392841935157776, 0.06593538820743561, 0.410247266292572, 0.8453345894813538, -0.3422078490257263, 0.08591204136610031, 0.3377467691898346, 0.9373080730438232),
            ["LeftUpperArm"] = CFrame.new(1.7881393432617188e-07, 3.5762786865234375e-07, -1.2665987014770508e-07, 0.9722861647605896, 0.09950364381074905, -0.2115621566772461, -0.09118012338876724, 0.9946396350860596, 0.04876622185111046, 0.21528051793575287, -0.02812447026371956, 0.9761472344398499),
            ["RightLowerArm"] = CFrame.new(7.748603820800781e-07, -0.0000014901161193847656, -1.4901161193847656e-08, 1, -2.0489078877972133e-08, 5.587936335871291e-09, 2.0023435354232788e-08, 0.953102171421051, -0.30264872312545776, 5.3551048040390015e-09, 0.30264872312545776, 0.9531022310256958),
            ["LeftHand"] = CFrame.new(-0.0000010952353477478027, 4.172325134277344e-07, -2.9802322387695312e-08, 0.9984424114227295, -0.05319215729832649, 0.0168377086520195, 0.05040787532925606, 0.9893664717674255, 0.13642972707748413, -0.023915665224194527, -0.13536842167377472, 0.990506649017334),
            ["LeftFoot"] = CFrame.new(4.0978193283081055e-08, 0, -1.30385160446167e-08, 0.996341347694397, -0.08265091478824615, 0.02174113504588604, 0.08493033051490784, 0.9292115569114685, -0.35965630412101746, 0.009523901157081127, 0.36018720269203186, 0.9328315258026123),
            ["LowerTorso"] = CFrame.new(-0.009331362321972847, -0.1386193037033081, -0.05720636248588562, 0.9944950342178345, 0.1047772765159607, -0.0012234863825142384, -0.10458013415336609, 0.9917598962783813, -0.07399673759937286, -0.0065397704020142555, 0.07371734082698822, 0.9972577691078186),
            ["RightLowerLeg"] = CFrame.new(1.6763806343078613e-07, -0.0000036954879760742188, -0.000013342294550966471, 1, -1.0803344707710494e-07, 1.4901164746561335e-08, 6.705522537231445e-08, 0.6980745792388916, 0.7160250544548035, -1.4901161193847656e-08, -0.7160251140594482, 0.6980746984481812),
            ["LeftUpperLeg"] = CFrame.new(-5.960464477539063e-08, 0.0000014915131032466888, 2.582673914730549e-07, 0.9949458837509155, -0.05126695707440376, -0.08633915334939957, 0.029100891202688217, 0.970159113407135, -0.24071668088436127, 0.0961034819483757, 0.23698729276657104, 0.9667477011680603),
            ["LeftLowerLeg"] = CFrame.new(9.313225746154785e-08, 0.000003874301910400391, 0.000013355165719985962, 1, 5.21540641784668e-08, 1.8626458597736928e-08, -4.6566128730773926e-08, 0.7795693278312683, 0.6263155341148376, -9.313225746154785e-09, -0.6263158917427063, 0.779569685459137),
        }},
        {Time = 0.167, Data = {
            ["RightFoot"] = CFrame.new(1.3550743460655212e-07, 2.980232238769531e-07, 3.149762051180005e-08, 0.9552795886993408, 0.27727746963500977, -0.10275391489267349, -0.29560336470603943, 0.9045150279998779, -0.30736127495765686, 0.007718117907643318, 0.32399049401283264, 0.9460289478302002),
            ["LeftLowerArm"] = CFrame.new(2.980232238769531e-07, -1.1920928955078125e-07, 2.4586915969848633e-07, 1, -4.47035120032524e-08, 1.8626464814985866e-09, 4.377218587592324e-08, 0.8722302913665771, -0.48909544944763184, 1.3038524038222477e-08, 0.48909541964530945, 0.8722302913665771),
            ["RightUpperArm"] = CFrame.new(1.1920928955078125e-07, -5.960464477539062e-07, 7.450580596923828e-08, 0.9988908767700195, -0.03736092522740364, -0.028658300638198853, 0.0369560606777668, 0.999211311340332, -0.014529384672641754, 0.02917853556573391, 0.013454172760248184, 0.9994837045669556),
            ["Head"] = CFrame.new(8.847564458847046e-08, -0.0000011920928955078125, 9.546056389808655e-09, 0.9926052093505859, -0.0024551022797822952, 0.12136338651180267, -0.013536695390939713, 0.9913207292556763, 0.13076747953891754, -0.12063108384609222, -0.13144336640834808, 0.9839568138122559),
            ["RightHand"] = CFrame.new(9.890645742416382e-07, -5.960464477539063e-08, -4.172325134277344e-07, 0.9878618717193604, -0.08572089672088623, -0.12954126298427582, 0.09890858829021454, 0.9901546835899353, 0.09905021637678146, 0.11977522075176239, -0.11066065728664398, 0.9866145253181458),
            ["UpperTorso"] = CFrame.new(-1.360021997243166e-07, 2.980232238769531e-07, 2.5283952709287405e-07, 0.9897817969322205, -0.1282050907611847, 0.062414441257715225, 0.11905136704444885, 0.9839227199554443, 0.13312721252441406, -0.07847857475280762, -0.1243363544344902, 0.9891318082809448),
            ["HumanoidRootPart"] = CFrame.new(0, 0, 0, 1, 0, 0, 0, 1, 0, 0, 0, 1),
            ["RightUpperLeg"] = CFrame.new(-1.7881393432617188e-07, -1.4295801520347595e-07, 4.300818545743823e-08, 0.9066702723503113, -0.4182751178741455, 0.05472739413380623, 0.4103032946586609, 0.8442871570587158, -0.34471794962882996, 0.0979812890291214, 0.335000216960907, 0.937109649181366),
            ["LeftUpperArm"] = CFrame.new(1.1920928955078125e-07, -5.960464477539062e-07, -8.940696716308594e-08, 0.9353064894676208, 0.09012890607118607, -0.34216761589050293, -0.08684889227151871, 0.995909571647644, 0.02492903545498848, 0.34301483631134033, 0.006400579586625099, 0.9393081665039062),
            ["RightLowerArm"] = CFrame.new(2.384185791015625e-07, -1.1920928955078125e-07, -1.3969838619232178e-08, 1, -2.7008338676637322e-08, 2.7939683899802503e-09, 2.7008367098346753e-08, 0.9541213512420654, -0.29941996932029724, 0, 0.29941999912261963, 0.9541214108467102),
            ["LeftHand"] = CFrame.new(-0.0000012665987014770508, 4.172325134277344e-07, -2.9802322387695312e-08, 0.9861166477203369, -0.07559238374233246, 0.14785060286521912, 0.0538959875702858, 0.9878734946250916, 0.1456063985824585, -0.15706442296504974, -0.1356162279844284, 0.9782326817512512),
            ["LeftFoot"] = CFrame.new(8.998904377222061e-08, 0, -2.60770320892334e-08, 0.996493399143219, -0.08287238329648972, 0.01154190395027399, 0.08149050176143646, 0.9299374222755432, -0.35857442021369934, 0.01898265816271305, 0.35825783014297485, 0.9334298968315125),
            ["LowerTorso"] = CFrame.new(-0.010430769994854927, -0.1385740041732788, -0.05780792236328125, 0.994483470916748, 0.10467083007097244, 0.006842088885605335, -0.10393142700195312, 0.9920743107795715, -0.07061759382486343, -0.014179463498294353, 0.06951691955327988, 0.9974799752235413),
            ["RightLowerLeg"] = CFrame.new(-1.4901161193847656e-08, -0.000003635883331298828, -0.000013267788744997233, 1, -1.005828522693264e-07, -5.960465898624534e-08, 1.6018749704471702e-07, 0.6987406611442566, 0.7153748869895935, -4.842878098543224e-08, -0.7153751254081726, 0.6987408995628357),
            ["LeftUpperLeg"] = CFrame.new(2.9802322387695312e-08, 0.0000011753290891647339, 2.3888424038887024e-07, 0.9953248500823975, -0.0495968721807003, -0.08287797123193741, 0.02767711691558361, 0.9685617685317993, -0.24722936749458313, 0.09253428876399994, 0.24377943575382233, 0.9654061198234558),
            ["LeftLowerLeg"] = CFrame.new(8.009374141693115e-08, 0.000003874301910400391, 0.000013343989849090576, 1, 3.911554458113642e-08, 5.587936335871291e-09, -7.264316792543468e-08, 0.7784891128540039, 0.6276577711105347, 1.6763808119435453e-08, -0.6276581287384033, 0.7784894704818726),
        }},
        {Time = 0.200, Data = {
            ["RightFoot"] = CFrame.new(-2.9336661100387573e-08, 3.5762786865234375e-07, -2.0656443666666746e-08, 0.9635957479476929, 0.25165727734565735, -0.09029027819633484, -0.2672692537307739, 0.9156481623649597, -0.3002585768699646, 0.007111860904842615, 0.313460111618042, 0.9495749473571777),
            ["LeftLowerArm"] = CFrame.new(5.960464477539062e-07, 0.0000010132789611816406, 3.3527612686157227e-08, 1, -5.2154099705603585e-08, -3.725292962997173e-09, 3.911557655555953e-08, 0.8979707360267639, -0.44005534052848816, 2.747403549108185e-08, 0.44005531072616577, 0.8979707956314087),
            ["RightUpperArm"] = CFrame.new(1.1920928955078125e-07, 4.76837158203125e-07, 5.960464477539063e-08, 0.9857394099235535, -0.04754987359046936, -0.16142114996910095, 0.058200985193252563, 0.996383547782898, 0.06190691888332367, 0.15789370238780975, -0.07041896879673004, 0.9849420785903931),
            ["Head"] = CFrame.new(9.12696123123169e-08, -7.152557373046875e-07, 1.6298145055770874e-09, 0.9940927624702454, 0.08722297847270966, -0.06458914279937744, -0.08212224394083023, 0.9935799241065979, 0.07781284302473068, 0.07096154242753983, -0.07204899191856384, 0.994873583316803),
            ["RightHand"] = CFrame.new(0.000001368112862110138, -0.0000011324882507324219, -3.7997961044311523e-07, 0.995441734790802, -0.09129921346902847, -0.027574140578508377, 0.0931621715426445, 0.9927278757095337, 0.07623909413814545, 0.020413048565387726, -0.07846046984195709, 0.9967082738876343),
            ["UpperTorso"] = CFrame.new(-1.3974204193800688e-07, 8.046627044677734e-07, 2.741435309872031e-07, 0.9825683236122131, -0.12173275649547577, 0.14050154387950897, 0.10411811619997025, 0.9864780902862549, 0.12657178938388824, -0.1540096402168274, -0.10973665863275528, 0.9819567203521729),
            ["HumanoidRootPart"] = CFrame.new(0, 0, 0, 1, 0, 0, 0, 1, 0, 0, 0, 1),
            ["RightUpperLeg"] = CFrame.new(-2.384185791015625e-07, 2.0489096641540527e-07, 7.024937076494098e-08, 0.9146807789802551, -0.4010273516178131, 0.05036230385303497, 0.3905368149280548, 0.844825267791748, -0.3657205402851105, 0.10411661863327026, 0.3541855812072754, 0.9293611645698547),
            ["LeftUpperArm"] = CFrame.new(-1.1920928955078125e-07, 3.5762786865234375e-07, -1.30385160446167e-07, 0.8890464305877686, 0.07247905433177948, -0.4520433843135834, -0.11117210239171982, 0.9920130968093872, -0.05958939716219902, 0.44411394000053406, 0.10323236137628555, 0.8900033235549927),
            ["RightLowerArm"] = CFrame.new(7.152557373046875e-07, -0.0000010132789611816406, -2.7939677238464355e-08, 1, -2.793966658032332e-08, 9.31322685637781e-10, 1.408625927012963e-08, 0.9151418805122375, -0.4031321108341217, 9.313229298868464e-09, 0.4031321406364441, 0.9151418805122375),
            ["LeftHand"] = CFrame.new(-9.5367431640625e-07, 5.960464477539063e-08, 1.4901161193847656e-07, 0.9653646349906921, -0.08087753504514694, 0.24805276095867157, 0.03972310200333595, 0.9852178692817688, 0.16663680970668793, -0.2578631639480591, -0.15101175010204315, 0.9543070793151855),
            ["LeftFoot"] = CFrame.new(9.313225746154785e-08, 0, 7.450580596923828e-09, 0.9965323209762573, -0.0825289785861969, 0.01060129702091217, 0.08054634928703308, 0.9248434901237488, -0.37172138690948486, 0.020873162895441055, 0.3712865114212036, 0.9282839298248291),
            ["LowerTorso"] = CFrame.new(-0.010451474227011204, -0.1382676362991333, -0.0570705309510231, 0.9958233833312988, 0.09095524251461029, -0.007942672818899155, -0.09126326441764832, 0.994147539138794, -0.05780737102031708, 0.002638306003063917, 0.05829080194234848, 0.9982961416244507),
            ["RightLowerLeg"] = CFrame.new(1.2293457984924316e-07, -0.0000035762786865234375, -0.000013314354873728007, 1, -1.6763804921993142e-07, -5.215408194203519e-08, 1.7881393432617188e-07, 0.7018550038337708, 0.7123192548751831, -7.171183824539185e-08, -0.7123199701309204, 0.7018556594848633),
            ["LeftUpperLeg"] = CFrame.new(-5.960464477539063e-08, 0.0000015345867723226547, 2.7008354663848877e-07, 0.9972996115684509, -0.03152316436171532, -0.06633128970861435, 0.013093620538711548, 0.9650437831878662, -0.2617614269256592, 0.07226423174142838, 0.2601858675479889, 0.9628506302833557),
            ["LeftLowerLeg"] = CFrame.new(-7.636845111846924e-08, 0.000003874301910400391, 0.0000134296715259552, 1, 6.519257311765614e-08, 2.0489098417897367e-08, -6.891787762697277e-08, 0.7662264108657837, 0.6425703167915344, 2.6077035641947077e-08, -0.6425707340240479, 0.7662268280982971),
        }},
        {Time = 0.233, Data = {
            ["RightFoot"] = CFrame.new(-1.3969838619232178e-08, 2.980232238769531e-07, 4.639878170564771e-08, 0.9737846851348877, 0.22037050127983093, -0.05639605596661568, -0.22722499072551727, 0.9308062195777893, -0.28630122542381287, -0.010598316788673401, 0.2916102707386017, 0.9564785361289978),
            ["LeftLowerArm"] = CFrame.new(5.960464477539062e-07, 1.1920928955078125e-07, 1.341104507446289e-07, 1, -3.352762334429826e-08, -1.117587622445626e-08, 3.911557655555953e-08, 0.9026638269424438, -0.4303463101387024, 4.0745391061136615e-08, 0.43034642934799194, 0.9026638865470886),
            ["RightUpperArm"] = CFrame.new(2.384185791015625e-07, -1.1920928955078125e-07, 5.960464477539063e-08, 0.9742070436477661, -0.04071245715022087, -0.22195330262184143, 0.06454330682754517, 0.992770791053772, 0.10119425505399704, 0.2162289023399353, -0.11290977150201797, 0.9697920083999634),
            ["Head"] = CFrame.new(8.568167686462402e-08, -0.0000010728836059570312, 3.725290298461914e-09, 0.932085394859314, 0.15293458104133606, -0.32837146520614624, -0.14548029005527496, 0.9882295727729797, 0.04730726778507233, 0.33174121379852295, 0.0036771618761122227, 0.9433633089065552),
            ["RightHand"] = CFrame.new(0.0000011641532182693481, -3.5762786865234375e-07, -4.172325134277344e-07, 0.9937952756881714, -0.10916836559772491, 0.02129438705742359, 0.10850631445646286, 0.9936399459838867, 0.030101539567112923, -0.024445096030831337, -0.027604151517152786, 0.9993200302124023),
            ["UpperTorso"] = CFrame.new(-1.0279472917318344e-07, 1.7881393432617188e-07, 2.90165189653635e-07, 0.9753615856170654, -0.10442198067903519, 0.19433468580245972, 0.0827227234840393, 0.9897249341011047, 0.11662594974040985, -0.20451615750789642, -0.09767657518386841, 0.9739777445793152),
            ["HumanoidRootPart"] = CFrame.new(0, 0, 0, 1, 0, 0, 0, 1, 0, 0, 0, 1),
            ["RightUpperLeg"] = CFrame.new(5.960464477539063e-08, -5.534384399652481e-07, 8.77116690389812e-08, 0.9255211353302002, -0.3768686056137085, 0.0371626541018486, 0.3607807755470276, 0.8476549983024597, -0.38899606466293335, 0.11509924381971359, 0.37343162298202515, 0.9204895496368408),
            ["LeftUpperArm"] = CFrame.new(5.960464477539063e-08, 3.5762786865234375e-07, -8.195638656616211e-08, 0.9128368496894836, 0.04906849563121796, -0.4053654372692108, -0.09776590019464493, 0.9901419281959534, -0.10030344873666763, 0.3964475691318512, 0.13119162619113922, 0.9086353182792664),
            ["RightLowerArm"] = CFrame.new(4.76837158203125e-07, -7.748603820800781e-07, -4.470348358154297e-08, 1, -3.166494266793052e-08, 7.450580596923828e-09, 4.936009645462036e-08, 0.8922905921936035, -0.4514615535736084, 8.381903171539307e-09, 0.451461523771286, 0.8922905921936035),
            ["LeftHand"] = CFrame.new(-0.0000011995434761047363, 1.7881393432617188e-07, 2.682209014892578e-07, 0.970445454120636, 0.005159780848771334, 0.24126550555229187, -0.047332875430583954, 0.98442143201828, 0.1693345457315445, -0.23663315176963806, -0.17574967443943024, 0.9555715322494507),
            ["LeftFoot"] = CFrame.new(-6.903428584337234e-08, 1.1920928955078125e-07, -7.450580596923828e-09, 0.9962355494499207, -0.08321989327669144, 0.02427537553012371, 0.08606922626495361, 0.916139543056488, -0.39151057600975037, 0.010341769084334373, 0.392126202583313, 0.9198533892631531),
            ["LowerTorso"] = CFrame.new(-0.007124265190213919, -0.1356111764907837, -0.06134391576051712, 0.9965558648109436, 0.0711924210190773, -0.04252316802740097, -0.07316255569458008, 0.9962248802185059, -0.046725306659936905, 0.03903614729642868, 0.04967547580599785, 0.9980023503303528),
            ["RightLowerLeg"] = CFrame.new(7.450580596923828e-08, -0.000003814697265625, -0.00001328082726104185, 1, -7.078055119791316e-08, -4.470350489782504e-08, 1.0430815677864302e-07, 0.712847888469696, 0.7013187408447266, -5.5879368687783426e-08, -0.7013188600540161, 0.7128479480743408),
            ["LeftUpperLeg"] = CFrame.new(-1.7881393432617188e-07, 7.562339305877686e-07, 2.942979335784912e-07, 0.9988335371017456, -0.005213081371039152, -0.048005156219005585, -0.0075928643345832825, 0.9648317098617554, -0.26275917887687683, 0.04768671467900276, 0.26281702518463135, 0.963666558265686),
            ["LeftLowerLeg"] = CFrame.new(1.695007085800171e-07, 0.0000036954879760742188, 0.000013321638107299805, 1, 4.097818262494002e-08, 2.9802318834981634e-08, -5.0291401265667446e-08, 0.7559980750083923, 0.6545735597610474, 1.30385116037246e-08, -0.654573917388916, 0.7559983730316162),
        }},
        {Time = 0.267, Data = {
            ["RightFoot"] = CFrame.new(-8.381903171539307e-09, 3.5762786865234375e-07, 2.032174961641431e-08, 0.9817765355110168, 0.1873752325773239, -0.031710054725408554, -0.18899624049663544, 0.9452453255653381, -0.26606693863868713, -0.019880419597029686, 0.2672111690044403, 0.9634329676628113),
            ["LeftLowerArm"] = CFrame.new(5.364418029785156e-07, 8.940696716308594e-07, 1.601874828338623e-07, 1, -3.166498885320834e-08, 1.676381700121965e-08, 3.7252924300901213e-08, 0.8892181515693665, -0.4574834704399109, 1.7345893610354324e-08, 0.45748358964920044, 0.8892181515693665),
            ["RightUpperArm"] = CFrame.new(1.1920928955078125e-07, 1.1920928955078125e-07, 5.960464477539063e-08, 0.9696991443634033, -0.03968736156821251, -0.24105693399906158, 0.064755879342556, 0.9931777715682983, 0.0969775915145874, 0.23556360602378845, -0.10964895784854889, 0.9656535983085632),
            ["Head"] = CFrame.new(9.592622518539429e-08, -8.344650268554688e-07, 4.190951585769653e-09, 0.8049655556678772, 0.19606995582580566, -0.5599884390830994, -0.19816532731056213, 0.9784667491912842, 0.05773626267910004, 0.5592504739761353, 0.06449458003044128, 0.8264862895011902),
            ["RightHand"] = CFrame.new(7.636845111846924e-07, -5.960464477539062e-07, -4.023313522338867e-07, 0.9926202893257141, -0.1075088381767273, 0.05609723925590515, 0.1074921265244484, 0.9942004084587097, 0.0033238150645047426, -0.05612923949956894, 0.002730781212449074, 0.9984197616577148),
            ["UpperTorso"] = CFrame.new(-1.2898817658424377e-07, 5.960464477539062e-07, 2.639135345816612e-07, 0.973884642124176, -0.08123019337654114, 0.21201537549495697, 0.05965809524059296, 0.9925491213798523, 0.10624169558286667, -0.21906568109989166, -0.09081870317459106, 0.971474289894104),
            ["HumanoidRootPart"] = CFrame.new(0, 0, 0, 1, 0, 0, 0, 1, 0, 0, 0, 1),
            ["RightUpperLeg"] = CFrame.new(-1.1920928955078125e-07, -9.813811630010605e-08, 4.6733475755900145e-08, 0.9383002519607544, -0.34279951453208923, 0.04562142863869667, 0.33005303144454956, 0.8483075499534607, -0.4140520989894867, 0.10323590785264969, 0.4035627245903015, 0.9091092348098755),
            ["LeftUpperArm"] = CFrame.new(1.1920928955078125e-07, 0, -1.2689270079135895e-07, 0.9530231952667236, 0.028070785105228424, -0.3015938103199005, -0.05760663375258446, 0.9943205714225769, -0.08948826789855957, 0.2973689138889313, 0.102658212184906, 0.9492276310920715),
            ["RightLowerArm"] = CFrame.new(2.384185791015625e-07, -5.364418029785156e-07, -4.470348358154297e-08, 1, -3.352760202801619e-08, -1.862645371275562e-09, 3.53902720462429e-08, 0.8875898718833923, -0.46063461899757385, 1.210719791089332e-08, 0.46063458919525146, 0.8875898718833923),
            ["LeftHand"] = CFrame.new(-0.0000011920928955078125, 2.980232238769531e-07, 2.9802322387695312e-08, 0.9590261578559875, 0.09942171722650528, 0.2653004229068756, -0.14695219695568085, 0.9751536250114441, 0.16577278077602386, -0.24222725629806519, -0.1979667991399765, 0.9498080015182495),
