return {
  ["throw it in a circle"] = {
    {Time = 0.000, Data = {
      ["Head"] = CFrame.new(0.000000, 0.000000, -0.000000, 0.344085, 0.381775, -0.857819, 0.038928, 0.907019, 0.419287, 0.938131, -0.177664, 0.297230),
      ["LeftFoot"] = CFrame.new(-0.000000, -0.000000, 0.000000, 0.978538, -0.011557, -0.205743, 0.044073, 0.987061, 0.154169, 0.201299, -0.159928, 0.966386),
      ["LeftHand"] = CFrame.new(-0.000001, 0.000003, -0.000010, 0.704888, 0.000224, -0.709319, -0.121268, 0.985315, -0.120200, 0.698876, 0.170745, 0.694564),
      ["LeftLowerArm"] = CFrame.new(-0.000000, -0.000018, 0.000012, 0.999648, -0.017990, 0.019520, 0.007133, -0.526259, -0.850294, 0.025570, 0.850134, -0.525945),
      ["LeftLowerLeg"] = CFrame.new(-0.000000, 0.000000, 0.000000, 0.996919, 0.060250, 0.050232, -0.054246, 0.066951, 0.996280, 0.056663, -0.995935, 0.070013),
      ["LeftUpperArm"] = CFrame.new(-0.000000, -0.000000, 0.000004, 0.924861, 0.329622, -0.189690, -0.337538, 0.941257, -0.010106, 0.175216, 0.073374, 0.981792),
      ["LeftUpperLeg"] = CFrame.new(0.063436, -0.043887, -0.031105, -0.032089, 0.788184, -0.614603, -0.951226, -0.212851, -0.223302, -0.306821, 0.577461, 0.756571),
      ["LowerTorso"] = CFrame.new(1.059075, -0.964514, -0.818219, 0.894815, -0.427639, -0.128186, 0.430659, 0.902503, -0.004570, 0.117642, -0.051115, 0.991740),
      ["RightFoot"] = CFrame.new(-0.000000, -0.000000, 0.000000, 0.930032, 0.037670, 0.365542, -0.054904, 0.997811, 0.036864, -0.363353, -0.054354, 0.930065),
      ["RightHand"] = CFrame.new(0.000002, 0.000003, -0.000009, 0.979921, -0.174273, -0.096865, 0.157674, 0.974688, -0.158501, 0.122035, 0.140046, 0.982596),
      ["RightLowerArm"] = CFrame.new(-0.000004, -0.000013, 0.000014, 0.645263, -0.154093, 0.748259, 0.582123, -0.535116, -0.612195, 0.494741, 0.830606, -0.255590),
      ["RightLowerLeg"] = CFrame.new(-0.000000, 0.000000, -0.000001, 0.994498, -0.081684, -0.065587, 0.043923, -0.243259, 0.968966, -0.095104, -0.966516, -0.238333),
      ["RightUpperArm"] = CFrame.new(0.000001, 0.000001, 0.000004, 0.802699, -0.575723, 0.155620, 0.555737, 0.816761, 0.155110, -0.216405, -0.038022, 0.975563),
      ["RightUpperLeg"] = CFrame.new(-0.063553, -0.045756, -0.031854, 0.963764, -0.254117, 0.081145, 0.171635, 0.357847, -0.917871, 0.204209, 0.898538, 0.388495),
      ["UpperTorso"] = CFrame.new(-0.078093, -0.002312, -0.126418, 0.904788, 0.387812, 0.175957, -0.399507, 0.916050, 0.035314, -0.147490, -0.102248, 0.983764)
    }},
    {Time = 0.050, Data = {
      ["Head"] = CFrame.new(-0.000000, -0.000001, 0.000000, 0.385215, 0.420682, -0.821362, 0.018434, 0.886365, 0.462621, 0.922643, -0.193349, 0.333686),
      ["LeftFoot"] = CFrame.new(0.000000, -0.000000, 0.000000, 0.999022, -0.004140, -0.044031, 0.012693, 0.980562, 0.195797, 0.042365, -0.196164, 0.979655),
      ["LeftHand"] = CFrame.new(-0.000001, 0.000003, -0.000010, 0.708119, 0.002268, -0.706090, -0.105773, 0.989052, -0.102900, 0.698126, 0.147551, 0.700606),
      ["LeftLowerArm"] = CFrame.new(-0.000000, -0.000019, 0.000010, 0.999328, -0.020910, 0.030120, 0.012148, -0.586246, -0.810042, 0.034596, 0.809863, -0.585598),
      ["LeftLowerLeg"] = CFrame.new(-0.000000, 0.000000, 0.000000, 0.997293, 0.054818, 0.049000, -0.061443, 0.255331, 0.964899, 0.040383, -0.965298, 0.258009),
      ["LeftUpperArm"] = CFrame.new(-0.000000, -0.000000, 0.000004, 0.913896, 0.390746, -0.110055, -0.389499, 0.920417, 0.033516, 0.114392, 0.012236, 0.993360),
      ["LeftUpperLeg"] = CFrame.new(0.063436, -0.043887, -0.031105, 0.034789, 0.762015, -0.646625, -0.899523, -0.258063, -0.352509, -0.435487, 0.593917, 0.676472),
      ["LowerTorso"] = CFrame.new(1.018741, -0.734973, -0.659380, 0.868481, -0.411558, -0.276335, 0.489384, 0.800667, 0.345593, 0.079021, -0.435375, 0.896774),
      ["RightFoot"] = CFrame.new(0.000000, -0.000000, 0.000000, 0.925787, 0.026838, 0.377092, -0.070240, 0.992320, 0.101820, -0.371463, -0.120751, 0.920562),
      ["RightHand"] = CFrame.new(0.000002, 0.000003, -0.000008, 0.977972, -0.181898, -0.102394, 0.163299, 0.972256, -0.167486, 0.130019, 0.147076, 0.980543),
      ["RightLowerArm"] = CFrame.new(-0.000005, -0.000012, 0.000014, 0.613783, -0.178383, 0.769058, 0.625574, -0.484343, -0.611612, 0.481589, 0.856499, -0.185690),
      ["RightLowerLeg"] = CFrame.new(-0.000000, -0.000000, 0.000000, 0.995701, -0.074642, -0.054839, 0.065424, 0.147681, 0.986869, -0.065563, -0.986214, 0.151930),
      ["RightUpperArm"] = CFrame.new(0.000001, -0.000000, 0.000004, 0.812794, -0.515115, 0.272070, 0.501181, 0.856388, 0.124166, -0.296957, 0.035435, 0.954233),
      ["RightUpperLeg"] = CFrame.new(-0.063553, -0.045755, -0.031854, 0.949196, -0.245561, -0.196789, -0.151775, 0.190566, -0.969871, 0.275664, 0.950465, 0.143615),
      ["UpperTorso"] = CFrame.new(-0.093286, -0.013737, -0.205659, 0.859413, 0.497131, 0.119459, -0.433216, 0.832124, -0.346257, -0.271540, 0.245826, 0.930503)
    }},
    {Time = 0.100, Data = {
      ["Head"] = CFrame.new(-0.000000, -0.000000, 0.000000, 0.424693, 0.458708, -0.780528, -0.003553, 0.862978, 0.505230, 0.905331, -0.211794, 0.368130),
      ["LeftFoot"] = CFrame.new(0.000000, -0.000000, 0.000000, 0.997310, -0.002105, 0.073270, -0.013768, 0.976417, 0.215456, -0.071996, -0.215885, 0.973761),
      ["LeftHand"] = CFrame.new(-0.000001, 0.000003, -0.000011, 0.707512, 0.002096, -0.706698, -0.097851, 0.990654, -0.095025, 0.699894, 0.136383, 0.701105),
      ["LeftLowerArm"] = CFrame.new(-0.000000, -0.000020, 0.000008, 0.998398, -0.020363, 0.052786, 0.027702, -0.637556, -0.769906, 0.049332, 0.770135, -0.635971),
      ["LeftLowerLeg"] = CFrame.new(-0.000000, 0.000000, 0.000000, 0.997703, 0.048407, 0.047377, -0.063477, 0.424192, 0.903345, 0.023631, -0.904277, 0.426291),
      ["LeftUpperArm"] = CFrame.new(0.000000, 0.000001, 0.000004, 0.893635, 0.448200, -0.023099, -0.445457, 0.892079, 0.075917, 0.054632, -0.057552, 0.996847),
      ["LeftUpperLeg"] = CFrame.new(0.063436, -0.043886, -0.031105, 0.652756, 0.600894, -0.461341, -0.495092, -0.122565, -0.860152, -0.573405, 0.789876, 0.217493),
      ["LowerTorso"] = CFrame.new(0.822808, -0.485056, -0.574975, 0.986454, -0.025637, -0.162022, 0.136744, 0.674077, 0.725893, 0.090606, -0.738216, 0.668452),
      ["RightFoot"] = CFrame.new(-0.000000, -0.000000, 0.000001, 0.929558, 0.026341, 0.367735, -0.068464, 0.992428, 0.101976, -0.362264, -0.119969, 0.924322),
      ["RightHand"] = CFrame.new(0.000002, 0.000004, -0.000008, 0.972950, -0.201063, -0.113767, 0.177760, 0.966105, -0.187196, 0.147549, 0.161909, 0.975712),
      ["RightLowerArm"] = CFrame.new(-0.000006, -0.000010, 0.000014, 0.582829, -0.206376, 0.785951, 0.671500, -0.422351, -0.608858, 0.457600, 0.882626, -0.107577),
      ["RightLowerLeg"] = CFrame.new(-0.000000, -0.000001, -0.000000, 0.997295, -0.055933, -0.047691, 0.072168, 0.621909, 0.779757, -0.013955, -0.781089, 0.624263),
      ["RightUpperArm"] = CFrame.new(0.000001, -0.000000, 0.000004, 0.809396, -0.449346, 0.378110, 0.451841, 0.887768, 0.087796, -0.375124, 0.099784, 0.921588),
      ["RightUpperLeg"] = CFrame.new(-0.063553, -0.045755, -0.031854, 0.882792, -0.463286, 0.077738, 0.052862, -0.066464, -0.996388, 0.466780, 0.883713, -0.034184),
      ["UpperTorso"] = CFrame.new(-0.020510, -0.013307, -0.302216, 0.977571, 0.199578, 0.067264, -0.106163, 0.742799, -0.661044, -0.181893, 0.639076, 0.747326)
    }},
    {Time = 0.150, Data = {
      ["Head"] = CFrame.new(0.000000, -0.000000, -0.000000, 0.462004, 0.495433, -0.735595, -0.027008, 0.836895, 0.546697, 0.886467, -0.232709, 0.400029),
      ["LeftFoot"] = CFrame.new(0.000000, -0.000000, 0.000000, 0.972494, -0.002159, -0.232920, 0.062934, 0.965203, 0.253817, 0.224267, -0.261494, 0.938789),
      ["LeftHand"] = CFrame.new(-0.000001, 0.000003, -0.000011, 0.704059, -0.000301, -0.710141, -0.096172, 0.990747, -0.095768, 0.703599, 0.135722, 0.697516),
      ["LeftLowerArm"] = CFrame.new(0.000001, -0.000021, 0.000006, 0.996266, -0.016031, 0.084840, 0.051285, -0.680617, -0.730842, 0.069459, 0.732464, -0.677253),
      ["LeftLowerLeg"] = CFrame.new(0.000000, 0.000000, 0.000000, 0.996651, 0.063743, 0.051214, -0.062759, 0.194838, 0.978825, 0.052415, -0.978762, 0.198186),
      ["LeftUpperArm"] = CFrame.new(0.000001, 0.000000, 0.000004, 0.863730, 0.499242, 0.068757, -0.503952, 0.856033, 0.115062, -0.001415, -0.134033, 0.990976),
      ["LeftUpperLeg"] = CFrame.new(0.063436, -0.043886, -0.031106, 0.721197, 0.650138, 0.239155, 0.283408, 0.038108, -0.958242, -0.632104, 0.758860, -0.156771),
      ["LowerTorso"] = CFrame.new(0.738229, -0.694585, -0.605683, 0.968860, 0.222574, 0.108495, -0.245273, 0.802632, 0.543712, 0.033935, -0.553392, 0.832229),
      ["RightFoot"] = CFrame.new(-0.000000, -0.000000, 0.000000, 0.973961, 0.027401, 0.225055, -0.029199, 0.999563, 0.004665, -0.224829, -0.011115, 0.974335),
      ["RightHand"] = CFrame.new(0.000001, 0.000004, -0.000007, 0.963706, -0.233604, -0.129227, 0.202178, 0.954743, -0.218153, 0.174340, 0.184108, 0.967321),
      ["RightLowerArm"] = CFrame.new(-0.000006, -0.000009, 0.000013, 0.555033, -0.235763, 0.797718, 0.717938, -0.348577, -0.602544, 0.420124, 0.907144, -0.024208),
      ["RightLowerLeg"] = CFrame.new(-0.000000, 0.000000, 0.000000, 0.994589, -0.081670, -0.064203, 0.080156, 0.210171, 0.974373, -0.066083, -0.974247, 0.215581),
      ["RightUpperArm"] = CFrame.new(0.000002, -0.000001, 0.000004, 0.795658, -0.381401, 0.470597, 0.408383, 0.911532, 0.048292, -0.447383, 0.153760, 0.881026),
      ["RightUpperLeg"] = CFrame.new(-0.063553, -0.045755, -0.031854, 0.414567, -0.544036, 0.729493, 0.755944, -0.240414, -0.608892, 0.506639, 0.803882, 0.311593),
      ["UpperTorso"] = CFrame.new(0.052528, -0.024015, -0.251414, 0.990895, -0.122443, -0.055997, 0.081787, 0.877764, -0.472061, 0.106952, 0.463183, 0.879786)
    }},
    {Time = 0.200, Data = {
      ["Head"] = CFrame.new(0.000000, -0.000001, -0.000000, 0.451731, 0.485210, -0.748672, -0.020285, 0.844543, 0.535104, 0.891923, -0.226536, 0.391349),
      ["LeftFoot"] = CFrame.new(0.000000, -0.000000, 0.000000, 0.966450, 0.000420, -0.256855, 0.071928, 0.959546, 0.272209, 0.246578, -0.281551, 0.927323),
      ["LeftHand"] = CFrame.new(-0.000001, 0.000003, -0.000010, 0.705228, 0.000610, -0.708980, -0.096093, 0.990854, -0.094733, 0.702438, 0.134937, 0.698837),
      ["LeftLowerArm"] = CFrame.new(0.000001, -0.000021, 0.000006, 0.997024, -0.017656, 0.075043, 0.043973, -0.669287, -0.741702, 0.063321, 0.742794, -0.666519),
      ["LeftLowerLeg"] = CFrame.new(0.000000, 0.000000, -0.000001, 0.996261, 0.068915, 0.052102, -0.044099, -0.112933, 0.992624, 0.074291, -0.991210, -0.109471),
      ["LeftUpperArm"] = CFrame.new(0.000001, 0.000000, 0.000004, 0.873125, 0.485637, 0.042531, -0.487299, 0.866968, 0.104431, 0.013842, -0.111907, 0.993622),
      ["LeftUpperLeg"] = CFrame.new(0.063436, -0.043887, -0.031106, 0.786893, 0.612294, 0.076785, 0.014950, 0.105480, -0.994309, -0.616909, 0.783562, 0.073848),
      ["LowerTorso"] = CFrame.new(0.709086, -0.934948, -0.716058, 0.945226, 0.289399, 0.150984, -0.316143, 0.926791, 0.202760, -0.081253, -0.239387, 0.967519),
      ["RightFoot"] = CFrame.new(-0.000000, -0.000000, 0.000001, 0.924479, 0.052000, 0.377669, -0.041813, 0.998508, -0.035131, -0.378932, 0.016686, 0.925274),
      ["RightHand"] = CFrame.new(0.000001, 0.000003, -0.000007, 0.966824, -0.222993, -0.124605, 0.194254, 0.958591, -0.208250, 0.165883, 0.177136, 0.970106),
      ["RightLowerArm"] = CFrame.new(-0.000006, -0.000009, 0.000013, 0.562393, -0.227453, 0.794971, 0.704944, -0.370602, -0.604739, 0.432167, 0.900511, -0.048082),
      ["RightLowerLeg"] = CFrame.new(-0.000000, 0.000001, -0.000000, 0.994048, -0.083479, -0.069992, 0.065882, -0.051017, 0.996522, -0.086760, -0.995203, -0.045214),
      ["RightUpperArm"] = CFrame.new(0.000001, -0.000001, 0.000004, 0.800403, -0.400607, 0.445947, 0.420007, 0.905559, 0.059645, -0.427726, 0.139561, 0.893070),
      ["RightUpperLeg"] = CFrame.new(-0.063553, -0.045756, -0.031854, 0.192412, -0.659309, 0.726835, 0.868986, -0.229625, -0.438334, 0.455897, 0.715950, 0.528747),
      ["UpperTorso"] = CFrame.new(0.057313, -0.023016, -0.170655, 0.965488, -0.197968, -0.169238, 0.173069, 0.973247, -0.151120, 0.194627, 0.116614, 0.973921)
    }},
    {Time = 0.250, Data = {
      ["Head"] = CFrame.new(-0.000000, -0.000000, -0.000000, 0.416717, 0.450980, -0.789281, 0.001091, 0.868012, 0.496542, 0.909035, -0.207779, 0.361224),
      ["LeftFoot"] = CFrame.new(-0.000000, -0.000000, 0.000000, 0.908847, -0.006838, -0.417075, 0.102559, 0.972836, 0.207536, 0.404326, -0.231393, 0.884860),
      ["LeftHand"] = CFrame.new(-0.000001, 0.000003, -0.000011, 0.707869, 0.002308, -0.706340, -0.098919, 0.990464, -0.095897, 0.699383, 0.137753, 0.701347),
      ["LeftLowerArm"] = CFrame.new(0.000000, -0.000020, 0.000008, 0.998666, -0.020792, 0.047258, 0.023750, -0.627722, -0.778075, 0.045842, 0.778160, -0.626391),
      ["LeftLowerLeg"] = CFrame.new(-0.000000, 0.000000, -0.000000, 0.996561, 0.064916, 0.051503, -0.037060, -0.206747, 0.977692, 0.074116, -0.976239, -0.203630),
      ["LeftUpperArm"] = CFrame.new(0.000000, 0.000001, 0.000004, 0.898566, 0.436877, -0.041440, -0.433744, 0.898513, 0.067386, 0.066673, -0.042577, 0.996866),
      ["LeftUpperLeg"] = CFrame.new(0.063436, -0.043887, -0.031105, 0.144978, 0.799474, -0.582943, -0.923945, -0.101395, -0.368842, -0.353988, 0.592081, 0.723970),
      ["LowerTorso"] = CFrame.new(0.951283, -1.144732, -1.017563, 0.983005, -0.181801, 0.025487, 0.179123, 0.919453, -0.350031, 0.040202, 0.348647, 0.936391),
      ["RightFoot"] = CFrame.new(-0.000000, -0.000000, 0.000000, 0.982970, 0.035848, 0.180235, -0.004401, 0.985099, -0.171931, -0.183712, 0.168210, 0.968481),
      ["RightHand"] = CFrame.new(0.000001, 0.000003, -0.000007, 0.974271, -0.196114, -0.111064, 0.174027, 0.967736, -0.182211, 0.143215, 0.158195, 0.976967),
      ["RightLowerArm"] = CFrame.new(-0.000006, -0.000010, 0.000013, 0.589038, -0.200396, 0.782864, 0.661933, -0.436060, -0.609669, 0.463551, 0.877322, -0.124207),
      ["RightLowerLeg"] = CFrame.new(0.000000, -0.000001, -0.000001, 0.992539, -0.090078, -0.082168, 0.037648, -0.414566, 0.909240, -0.115967, -0.905550, -0.408082),
      ["RightUpperArm"] = CFrame.new(0.000001, -0.000000, 0.000004, 0.811034, -0.463112, 0.357422, 0.461486, 0.881980, 0.095614, -0.359519, 0.087399, 0.929036),
      ["RightUpperLeg"] = CFrame.new(-0.063553, -0.045756, -0.031853, 0.710505, -0.329148, 0.621968, 0.623963, 0.703333, -0.340577, -0.325350, 0.630067, 0.705098),
      ["UpperTorso"] = CFrame.new(-0.033357, 0.027699, -0.060709, 0.971367, 0.236045, 0.026984, -0.222737, 0.865263, 0.449120, 0.082664, -0.442271, 0.893064)
    }},
    {Time = 0.300, Data = {
      ["Head"] = CFrame.new(0.000000, -0.000001, -0.000000, 0.380036, 0.415744, -0.826275, 0.021128, 0.889162, 0.457104, 0.924731, -0.191174, 0.329130),
      ["LeftFoot"] = CFrame.new(-0.000000, -0.000000, 0.000000, 0.978538, -0.011557, -0.205743, 0.044073, 0.987061, 0.154169, 0.201299, -0.159928, 0.966386),
      ["LeftHand"] = CFrame.new(-0.000001, 0.000003, -0.000011, 0.707942, 0.002142, -0.706268, -0.107315, 0.988710, -0.104571, 0.698070, 0.149823, 0.700179),
      ["LeftLowerArm"] = CFrame.new(0.000000, -0.000019, 0.000011, 0.999395, -0.020669, 0.027987, 0.010853, -0.579066, -0.815208, 0.033056, 0.815018, -0.578491),
      ["LeftLowerLeg"] = CFrame.new(-0.000000, 0.000000, 0.000000, 0.996919, 0.060250, 0.050232, -0.054246, 0.066951, 0.996280, 0.056663, -0.995935, 0.070013),
      ["LeftUpperArm"] = CFrame.new(-0.000001, -0.000001, 0.000004, 0.915773, 0.383115, -0.120763, -0.382654, 0.923470, 0.027914, 0.122215, 0.020648, 0.992289),
      ["LeftUpperLeg"] = CFrame.new(0.063436, -0.043887, -0.031105, -0.032089, 0.788184, -0.614603, -0.951226, -0.212851, -0.223302, -0.306821, 0.577461, 0.756571),
      ["LowerTorso"] = CFrame.new(1.059075, -0.964514, -0.818219, 0.894815, -0.427639, -0.128186, 0.430659, 0.902503, -0.004570, 0.117642, -0.051115, 0.991740),
      ["RightFoot"] = CFrame.new(-0.000000, -0.000000, 0.000000, 0.930032, 0.037670, 0.365542, -0.054904, 0.997811, 0.036864, -0.363353, -0.054354, 0.930065),
      ["RightHand"] = CFrame.new(0.000002, 0.000003, -0.000008, 0.978377, -0.180279, -0.101380, 0.162065, 0.972756, -0.165774, 0.128504, 0.145759, 0.980939),
      ["RightLowerArm"] = CFrame.new(-0.000006, -0.000011, 0.000013, 0.617854, -0.175048, 0.766560, 0.619803, -0.491476, -0.611797, 0.483839, 0.853118, -0.195165),
      ["RightLowerLeg"] = CFrame.new(-0.000000, 0.000000, -0.000001, 0.994498, -0.081684, -0.065587, 0.043923, -0.243259, 0.968966, -0.095104, -0.966516, -0.238333),
      ["RightUpperArm"] = CFrame.new(0.000001, -0.000000, 0.000004, 0.812285, -0.523252, 0.257684, 0.507917, 0.851766, 0.128511, -0.286730, 0.026495, 0.957645),
      ["RightUpperLeg"] = CFrame.new(-0.063553, -0.045756, -0.031854, 0.963764, -0.254117, 0.081145, 0.171635, 0.357847, -0.917871, 0.204209, 0.898538, 0.388495),
      ["UpperTorso"] = CFrame.new(-0.078093, -0.002312, -0.126418, 0.889850, 0.429248, 0.154639, -0.440364, 0.896692, 0.044976, -0.119358, -0.108120, 0.986947)
    }},
    {Time = 0.350, Data = {
      ["Head"] = CFrame.new(-0.000000, -0.000000, 0.000000, 0.341946, 0.379721, -0.859584, 0.039972, 0.908019, 0.417019, 0.938869, -0.176957, 0.295315),
      ["LeftFoot"] = CFrame.new(0.000000, -0.000000, 0.000000, 0.999022, -0.004140, -0.044031, 0.012693, 0.980562, 0.195797, 0.042365, -0.196164, 0.979655),
      ["LeftHand"] = CFrame.new(-0.000001, 0.000003, -0.000011, 0.704661, 0.000030, -0.709544, -0.122239, 0.985053, -0.121356, 0.698935, 0.172249, 0.694132),
      ["LeftLowerArm"] = CFrame.new(-0.000000, -0.000017, 0.000013, 0.999653, -0.017794, 0.019418, 0.007249, -0.522893, -0.852367, 0.025320, 0.852212, -0.522583),
      ["LeftLowerLeg"] = CFrame.new(-0.000000, 0.000000, 0.000000, 0.997293, 0.054818, 0.049000, -0.061443, 0.255331, 0.964899, 0.040383, -0.965298, 0.258009),
      ["LeftUpperArm"] = CFrame.new(-0.000001, -0.000001, 0.000004, 0.925190, 0.326441, -0.193546, -0.334999, 0.942138, -0.012324, 0.178324, 0.076240, 0.981014),
      ["LeftUpperLeg"] = CFrame.new(0.063436, -0.043887, -0.031105, 0.034789, 0.762015, -0.646625, -0.899523, -0.258063, -0.352509, -0.435487, 0.593917, 0.676472),
      ["LowerTorso"] = CFrame.new(1.018741, -0.734973, -0.659380, 0.868481, -0.411558, -0.276335, 0.489384, 0.800667, 0.345593, 0.079021, -0.435375, 0.896774),
      ["RightFoot"] = CFrame.new(0.000000, -0.000000, 0.000000, 0.925787, 0.026838, 0.377092, -0.070240, 0.992320, 0.101820, -0.371463, -0.120751, 0.920562),
      ["RightHand"] = CFrame.new(0.000002, 0.000003, -0.000008, 0.979955, -0.174167, -0.096716, 0.157614, 0.974728, -0.158313, 0.121845, 0.139896, 0.982641),
      ["RightLowerArm"] = CFrame.new(-0.000005, -0.000013, 0.000013, 0.646851, -0.152931, 0.747125, 0.579985, -0.537472, -0.612161, 0.495177, 0.829298, -0.258967),
      ["RightLowerLeg"] = CFrame.new(-0.000000, -0.000000, 0.000000, 0.995701, -0.074642, -0.054839, 0.065424, 0.147681, 0.986869, -0.065563, -0.986214, 0.151930),
      ["RightUpperArm"] = CFrame.new(0.000000, 0.000000, 0.000004, 0.801772, -0.578638, 0.149463, 0.558654, 0.814503, 0.156493, -0.212291, -0.041973, 0.976305),
      ["RightUpperLeg"] = CFrame.new(-0.063553, -0.045755, -0.031854, 0.949196, -0.245561, -0.196789, -0.151775, 0.190566, -0.969871, 0.275664, 0.950465, 0.143615),
      ["UpperTorso"] = CFrame.new(-0.093286, -0.013737, -0.205659, 0.881992, 0.448597, 0.144399, -0.376237, 0.854789, -0.357466, -0.283788, 0.260954, 0.922696)
    }},
    {Time = 0.400, Data = {
      ["Head"] = CFrame.new(-0.000000, -0.000000, -0.000000, 0.330065, 0.368676, -0.868985, 0.045450, 0.913301, 0.404740, 0.942864, -0.173086, 0.284692),
      ["LeftFoot"] = CFrame.new(0.000000, -0.000000, 0.000000, 0.997310, -0.002105, 0.073270, -0.013768, 0.976417, 0.215456, -0.071996, -0.215885, 0.973761),
      ["LeftHand"] = CFrame.new(-0.000001, 0.000003, -0.000010, 0.702885, -0.001035, -0.711303, -0.128265, 0.983422, -0.128178, 0.699643, 0.181329, 0.691100),
      ["LeftLowerArm"] = CFrame.new(-0.000000, -0.000016, 0.000013, 0.999684, -0.016408, 0.019045, 0.008174, -0.504255, -0.863516, 0.023772, 0.863399, -0.503962),
      ["LeftLowerLeg"] = CFrame.new(-0.000000, 0.000000, 0.000000, 0.997703, 0.048407, 0.047377, -0.063477, 0.424192, 0.903345, 0.023631, -0.904277, 0.426291),
      ["LeftUpperArm"] = CFrame.new(-0.000001, -0.000001, 0.000004, 0.926658, 0.308852, -0.214278, -0.321212, 0.946688, -0.024582, 0.195263, 0.091607, 0.976463),
      ["LeftUpperLeg"] = CFrame.new(0.063436, -0.043886, -0.031105, 0.652756, 0.600894, -0.461341, -0.495092, -0.122565, -0.860152, -0.573405, 0.789876, 0.217493),
      ["LowerTorso"] = CFrame.new(0.822808, -0.485056, -0.574975, 0.986454, -0.025637, -0.162022, 0.136744, 0.674077, 0.725893, 0.090606, -0.738216, 0.668452),
      ["RightFoot"] = CFrame.new(-0.000000, -0.000000, 0.000001, 0.929558, 0.026341, 0.367735, -0.068464, 0.992428, 0.101976, -0.362264, -0.119969, 0.924322),
      ["RightHand"] = CFrame.new(0.000001, 0.000003, -0.000009, 0.980046, -0.173857, -0.096355, 0.157425, 0.974849, -0.157755, 0.121359, 0.139439, 0.982766),
      ["RightLowerArm"] = CFrame.new(-0.000005, -0.000013, 0.000013, 0.655418, -0.147024, 0.740817, 0.568467, -0.549770, -0.612044, 0.497264, 0.822276, -0.276751),
      ["RightLowerLeg"] = CFrame.new(-0.000000, -0.000001, -0.000000, 0.997295, -0.055933, -0.047691, 0.072168, 0.621909, 0.779757, -0.013955, -0.781089, 0.624263),
      ["RightUpperArm"] = CFrame.new(-0.000000, 0.000000, 0.000004, 0.795997, -0.594232, 0.115228, 0.574787, 0.801726, 0.163876, -0.189762, -0.064213, 0.979728),
      ["RightUpperLeg"] = CFrame.new(-0.063553, -0.045755, -0.031854, 0.882792, -0.463286, 0.077738, 0.052862, -0.066464, -0.996388, 0.466780, 0.883713, -0.034184),
      ["UpperTorso"] = CFrame.new(-0.020510, -0.013307, -0.302216, 0.988553, 0.077954, 0.129173, 0.027935, 0.746793, -0.664469, -0.148264, 0.660472, 0.736067)
    }},
    {Time = 0.450, Data = {
      ["Head"] = CFrame.new(-0.000000, 0.000000, -0.000000, 0.371668, 0.407789, -0.834009, 0.025422, 0.893555, 0.448233, 0.928018, -0.187796, 0.321739),
      ["LeftFoot"] = CFrame.new(0.000000, -0.000000, 0.000000, 0.972494, -0.002159, -0.232920, 0.062934, 0.965203, 0.253817, 0.224267, -0.261494, 0.938789),
      ["LeftHand"] = CFrame.new(-0.000002, 0.000003, -0.000011, 0.707530, 0.001889, -0.706681, -0.110083, 0.988084, -0.107574, 0.698057, 0.153906, 0.699306),
      ["LeftLowerArm"] = CFrame.new(-0.000000, -0.000019, 0.000011, 0.999478, -0.020313, 0.025109, 0.009159, -0.567258, -0.823489, 0.030971, 0.823289, -0.566776),
      ["LeftLowerLeg"] = CFrame.new(0.000000, 0.000000, 0.000000, 0.996651, 0.063743, 0.051214, -0.062759, 0.194838, 0.978825, 0.052415, -0.978762, 0.198186),
      ["LeftUpperArm"] = CFrame.new(-0.000001, 0.000000, 0.000004, 0.918540, 0.370631, -0.137541, -0.371675, 0.928169, 0.018978, 0.134695, 0.033689, 0.990314),
      ["LeftUpperLeg"] = CFrame.new(0.063436, -0.043886, -0.031106, 0.721197, 0.650138, 0.239155, 0.283408, 0.038108, -0.958242, -0.632104, 0.758860, -0.156771),
      ["LowerTorso"] = CFrame.new(0.738229, -0.694585, -0.605683, 0.968860, 0.222574, 0.108495, -0.245273, 0.802632, 0.543712, 0.033935, -0.553392, 0.832229),
      ["RightFoot"] = CFrame.new(-0.000000, -0.000000, 0.000000, 0.973961, 0.027401, 0.225055, -0.029199, 0.999563, 0.004665, -0.224829, -0.011115, 0.974335),
      ["RightHand"] = CFrame.new(0.000002, 0.000003, -0.000008, 0.978921, -0.178161, -0.099856, 0.160492, 0.973419, -0.163396, 0.126313, 0.143926, 0.981494),
      ["RightLowerArm"] = CFrame.new(-0.000006, -0.000012, 0.000014, 0.624355, -0.169819, 0.762459, 0.610695, -0.502501, -0.612000, 0.487065, 0.847735, -0.210031),
      ["RightLowerLeg"] = CFrame.new(-0.000000, 0.000000, 0.000000, 0.994589, -0.081670, -0.064203, 0.080156, 0.210171, 0.974373, -0.066083, -0.974247, 0.215581),
      ["RightUpperArm"] = CFrame.new(0.000000, 0.000001, 0.000004, 0.811038, -0.536058, 0.234219, 0.518867, 0.844098, 0.135191, -0.270174, 0.011884, 0.962738),
      ["RightUpperLeg"] = CFrame.new(-0.063553, -0.045755, -0.031854, 0.414567, -0.544036, 0.729493, 0.755944, -0.240414, -0.608892, 0.506639, 0.803882, 0.311593),
      ["UpperTorso"] = CFrame.new(0.052528, -0.024015, -0.251414, 0.969774, -0.243910, 0.006862, 0.218587, 0.855905, -0.468664, 0.108438, 0.455998, 0.883350)
    }},
    {Time = 0.500, Data = {
      ["Head"] = CFrame.new(-0.000000, -0.000000, 0.000000, 0.411689, 0.446157, -0.794642, 0.003960, 0.871080, 0.491126, 0.911316, -0.205338, 0.356847),
      ["LeftFoot"] = CFrame.new(0.000000, -0.000000, 0.000000, 0.966450, 0.000420, -0.256855, 0.071928, 0.959546, 0.272209, 0.246578, -0.281551, 0.927323),
      ["LeftHand"] = CFrame.new(-0.000001, 0.000003, -0.000011, 0.708043, 0.002328, -0.706166, -0.099696, 0.990308, -0.096696, 0.699097, 0.138867, 0.701413),
      ["LeftLowerArm"] = CFrame.new(0.000000, -0.000020, 0.000009, 0.998811, -0.020986, 0.044011, 0.021452, -0.621441, -0.783168, 0.043785, 0.783180, -0.620251),
      ["LeftLowerLeg"] = CFrame.new(0.000000, 0.000000, -0.000001, 0.996261, 0.068915, 0.052102, -0.044099, -0.112933, 0.992624, 0.074291, -0.991210, -0.109471),
      ["LeftUpperArm"] = CFrame.new(0.000000, 0.000000, 0.000004, 0.901425, 0.429706, -0.052778, -0.426516, 0.902351, 0.062020, 0.074275, -0.033396, 0.996678),
      ["LeftUpperLeg"] = CFrame.new(0.063436, -0.043887, -0.031106, 0.786893, 0.612294, 0.076785, 0.014950, 0.105480, -0.994309, -0.616909, 0.783562, 0.073848),
      ["LowerTorso"] = CFrame.new(0.709086, -0.934948, -0.716058, 0.945226, 0.289399, 0.150984, -0.316143, 0.926791, 0.202760, -0.081253, -0.239387, 0.967519),
      ["RightFoot"] = CFrame.new(-0.000000, -0.000000, 0.000001, 0.924479, 0.052000, 0.377669, -0.041813, 0.998508, -0.035131, -0.378932, 0.016686, 0.925274),
      ["RightHand"] = CFrame.new(0.000002, 0.000003, -0.000007, 0.975027, -0.193257, -0.109428, 0.171868, 0.968659, -0.179334, 0.140656, 0.156048, 0.977683),
      ["RightLowerArm"] = CFrame.new(-0.000006, -0.000011, 0.000013, 0.592968, -0.196769, 0.780815, 0.655992, -0.444301, -0.610140, 0.466974, 0.874001, -0.134378),
      ["RightLowerLeg"] = CFrame.new(-0.000000, 0.000001, -0.000000, 0.994048, -0.083479, -0.069992, 0.065882, -0.051017, 0.996522, -0.086760, -0.995203, -0.045214),
      ["RightUpperArm"] = CFrame.new(0.000001, -0.000000, 0.000004, 0.811858, -0.471641, 0.344154, 0.467614, 0.878209, 0.100430, -0.349606, 0.079397, 0.933527),
      ["RightUpperLeg"] = CFrame.new(-0.063553, -0.045756, -0.031854, 0.192412, -0.659309, 0.726835, 0.868986, -0.229625, -0.438334, 0.455897, 0.715950, 0.528747),
      ["UpperTorso"] = CFrame.new(0.057313, -0.023016, -0.170655, 0.957359, -0.252046, -0.141196, 0.231083, 0.961402, -0.149355, 0.173391, 0.110358, 0.978650)
    }},
    {Time = 0.550, Data = {
      ["Head"] = CFrame.new(-0.000000, -0.000000, -0.000000, 0.449780, 0.483332, -0.751058, -0.018976, 0.845901, 0.533003, 0.892938, -0.225482, 0.389641),
      ["LeftFoot"] = CFrame.new(-0.000000, -0.000000, 0.000000, 0.908847, -0.006838, -0.417075, 0.102559, 0.972836, 0.207536, 0.404326, -0.231393, 0.884860),
      ["LeftHand"] = CFrame.new(-0.000001, 0.000002, -0.000011, 0.705422, 0.000741, -0.708787, -0.096127, 0.990860, -0.094634, 0.702239, 0.134890, 0.699046),
      ["LeftLowerArm"] = CFrame.new(0.000001, -0.000021, 0.000006, 0.997153, -0.017919, 0.073250, 0.042646, -0.667120, -0.743729, 0.062194, 0.744735, -0.664456),
      ["LeftLowerLeg"] = CFrame.new(-0.000000, 0.000000, -0.000000, 0.996561, 0.064916, 0.051503, -0.037060, -0.206747, 0.977692, 0.074116, -0.976239, -0.203630),
      ["LeftUpperArm"] = CFrame.new(0.000000, 0.000001, 0.000004, 0.874735, 0.483122, 0.037833, -0.484315, 0.868871, 0.102479, 0.016638, -0.107964, 0.994016),
      ["LeftUpperLeg"] = CFrame.new(0.063436, -0.043887, -0.031105, 0.144978, 0.799474, -0.582943, -0.923945, -0.101395, -0.368842, -0.353988, 0.592081, 0.723970),
      ["LowerTorso"] = CFrame.new(0.951283, -1.144732, -1.017563, 0.983005, -0.181801, 0.025487, 0.179123, 0.919453, -0.350031, 0.040202, 0.348647, 0.936391),
      ["RightFoot"] = CFrame.new(-0.000000, -0.000000, 0.000000, 0.982970, 0.035848, 0.180235, -0.004401, 0.985099, -0.171931, -0.183712, 0.168210, 0.968481),
      ["RightHand"] = CFrame.new(0.000001, 0.000004, -0.000007, 0.967346, -0.221186, -0.123766, 0.192911, 0.959239, -0.206510, 0.164398, 0.175891, 0.970585),
      ["RightLowerArm"] = CFrame.new(-0.000006, -0.000009, 0.000013, 0.563763, -0.225907, 0.794441, 0.702600, -0.374480, -0.605077, 0.434194, 0.899294, -0.052395),
      ["RightLowerLeg"] = CFrame.new(0.000000, -0.000001, -0.000001, 0.992539, -0.090078, -0.082168, 0.037648, -0.414566, 0.909240, -0.115967, -0.905550, -0.408082),
      ["RightUpperArm"] = CFrame.new(0.000001, -0.000001, 0.000004, 0.801147, -0.404152, 0.441390, 0.422224, 0.904387, 0.061728, -0.424135, 0.136912, 0.895190),
      ["RightUpperLeg"] = CFrame.new(-0.063553, -0.045756, -0.031853, 0.710505, -0.329148, 0.621968, 0.623963, 0.703333, -0.340577, -0.325350, 0.630067, 0.705098),
      ["UpperTorso"] = CFrame.new(-0.033357, 0.027699, -0.060709, 0.959854, 0.280452, 0.005265, -0.251680, 0.852788, 0.457613, 0.123849, -0.440567, 0.889136)
    }},
    {Time = 0.600, Data = {
      ["Head"] = CFrame.new(-0.000000, -0.000000, 0.000000, 0.462894, 0.496398, -0.734383, -0.027695, 0.836182, 0.547752, 0.885981, -0.233212, 0.400811),
      ["LeftFoot"] = CFrame.new(-0.000000, -0.000000, 0.000000, 0.978538, -0.011557, -0.205743, 0.044073, 0.987061, 0.154169, 0.201299, -0.159928, 0.966386),
      ["LeftHand"] = CFrame.new(-0.000001, 0.000003, -0.000011, 0.703927, -0.000347, -0.710273, -0.096214, 0.990736, -0.095838, 0.703726, 0.135801, 0.697372),
      ["LeftLowerArm"] = CFrame.new(0.000001, -0.000021, 0.000005, 0.996192, -0.015885, 0.085733, 0.051941, -0.681643, -0.729840, 0.070033, 0.731513, -0.678221),
      ["LeftLowerLeg"] = CFrame.new(-0.000000, 0.000000, 0.000000, 0.996919, 0.060250, 0.050232, -0.054246, 0.066951, 0.996280, 0.056663, -0.995935, 0.070013),
      ["LeftUpperArm"] = CFrame.new(0.000000, 0.000001, 0.000004, 0.862846, 0.500433, 0.071165, -0.505460, 0.855021, 0.115974, -0.002810, -0.136039, 0.990699),
      ["LeftUpperLeg"] = CFrame.new(0.063436, -0.043887, -0.031105, -0.032089, 0.788184, -0.614603, -0.951226, -0.212851, -0.223302, -0.306821, 0.577461, 0.756571),
      ["LowerTorso"] = CFrame.new(1.059075, -0.964514, -0.818219, 0.894815, -0.427639, -0.128186, 0.430659, 0.902503, -0.004570, 0.117642, -0.051115, 0.991740),
      ["RightFoot"] = CFrame.new(-0.000000, -0.000000, 0.000000, 0.930032, 0.037670, 0.365542, -0.054904, 0.997811, 0.036864, -0.363353, -0.054354, 0.930065),
      ["RightHand"] = CFrame.new(0.000001, 0.000003, -0.000007, 0.963403, -0.234641, -0.129611, 0.202959, 0.954356, -0.219119, 0.175110, 0.184794, 0.967051),
      ["RightLowerArm"] = CFrame.new(-0.000006, -0.000008, 0.000013, 0.554384, -0.236483, 0.797956, 0.719126, -0.346522, -0.602312, 0.418946, 0.907743, -0.022045),
      ["RightLowerLeg"] = CFrame.new(-0.000000, 0.000000, -0.000001, 0.994498, -0.081684, -0.065587, 0.043923, -0.243259, 0.968966, -0.095104, -0.966516, -0.238333),
      ["RightUpperArm"] = CFrame.new(0.000002, -0.000001, 0.000004, 0.795227, -0.379686, 0.472708, 0.407372, 0.912039, 0.047251, -0.449069, 0.154993, 0.879952),
      ["RightUpperLeg"] = CFrame.new(-0.063553, -0.045756, -0.031854, 0.963764, -0.254117, 0.081145, 0.171635, 0.357847, -0.917871, 0.204209, 0.898538, 0.388495),
      ["UpperTorso"] = CFrame.new(-0.078093, -0.002312, -0.126418, 0.842865, 0.527226, 0.107758, -0.535911, 0.840544, 0.079283, -0.048775, -0.124574, 0.991011)
    }},
    {Time = 0.650, Data = {
      ["Head"] = CFrame.new(-0.000000, -0.000000, -0.000000, 0.428607, 0.462465, -0.776158, -0.005843, 0.860467, 0.509473, 0.903472, -0.213828, 0.371505),
      ["LeftFoot"] = CFrame.new(0.000000, -0.000000, 0.000000, 0.999022, -0.004140, -0.044031, 0.012693, 0.980562, 0.195797, 0.042365, -0.196164, 0.979655),
      ["LeftHand"] = CFrame.new(-0.000001, 0.000002, -0.000011, 0.707267, 0.001918, -0.706944, -0.097387, 0.990727, -0.094743, 0.700207, 0.135856, 0.700895),
      ["LeftLowerArm"] = CFrame.new(0.000001, -0.000021, 0.000008, 0.998248, -0.020083, 0.055662, 0.029778, -0.642384, -0.765804, 0.051136, 0.766120, -0.640661),
      ["LeftLowerLeg"] = CFrame.new(-0.000000, 0.000000, 0.000000, 0.997293, 0.054818, 0.049000, -0.061443, 0.255331, 0.964899, 0.040383, -0.965298, 0.258009),
      ["LeftUpperArm"] = CFrame.new(0.000000, 0.000001, 0.000004, 0.891003, 0.453788, -0.013811, -0.451390, 0.888730, 0.080031, 0.048592, -0.065073, 0.996697),
      ["LeftUpperLeg"] = CFrame.new(0.063436, -0.043887, -0.031105, 0.034789, 0.762015, -0.646625, -0.899523, -0.258063, -0.352509, -0.435487, 0.593917, 0.676472),
      ["LowerTorso"] = CFrame.new(1.018741, -0.734973, -0.659380, 0.868481, -0.411558, -0.276335, 0.489384, 0.800667, 0.345593, 0.079021, -0.435375, 0.896774),
      ["RightFoot"] = CFrame.new(0.000000, -0.000000, 0.000000, 0.925787, 0.026838, 0.377092, -0.070240, 0.992320, 0.101820, -0.371463, -0.120751, 0.920562),
      ["RightHand"] = CFrame.new(0.000002, 0.000003, -0.000007, 0.972203, -0.203814, -0.115245, 0.179848, 0.965209, -0.189807, 0.149921, 0.163804, 0.975034),
      ["RightLowerArm"] = CFrame.new(-0.000006, -0.000010, 0.000013, 0.579750, -0.209339, 0.787443, 0.676305, -0.415361, -0.608348, 0.454425, 0.885241, -0.099229),
      ["RightLowerLeg"] = CFrame.new(-0.000000, -0.000000, 0.000000, 0.995701, -0.074642, -0.054839, 0.065424, 0.147681, 0.986869, -0.065563, -0.986214, 0.151930),
      ["RightUpperArm"] = CFrame.new(0.000001, -0.000000, 0.000004, 0.808435, -0.442395, 0.388226, 0.447050, 0.890566, 0.083897, -0.382856, 0.105731, 0.917737),
      ["RightUpperLeg"] = CFrame.new(-0.063553, -0.045755, -0.031854, 0.949196, -0.245561, -0.196789, -0.151775, 0.190566, -0.969871, 0.275664, 0.950465, 0.143615),
      ["UpperTorso"] = CFrame.new(-0.093286, -0.013737, -0.205659, 0.832101, 0.546324, 0.095592, -0.491202, 0.805954, -0.330391, -0.257543, 0.227964, 0.938991)
    }},
    {Time = 0.700, Data = {
      ["Head"] = CFrame.new(-0.000000, 0.000000, -0.000000, 0.392403, 0.427549, -0.814384, 0.014657, 0.882380, 0.470309, 0.919677, -0.196487, 0.339982),
      ["LeftFoot"] = CFrame.new(0.000000, -0.000000, 0.000000, 0.997310, -0.002105, 0.073270, -0.013768, 0.976417, 0.215456, -0.071996, -0.215885, 0.973761),
      ["LeftHand"] = CFrame.new(-0.000001, 0.000003, -0.000011, 0.708245, 0.002346, -0.705963, -0.103801, 0.989472, -0.100849, 0.698294, 0.144705, 0.701032),
      ["LeftLowerArm"] = CFrame.new(0.000000, -0.000020, 0.000010, 0.999221, -0.021120, 0.033333, 0.014181, -0.596086, -0.802796, 0.036824, 0.802643, -0.595322),
      ["LeftLowerLeg"] = CFrame.new(-0.000000, 0.000000, 0.000000, 0.997703, 0.048407, 0.047377, -0.063477, 0.424192, 0.903345, 0.023631, -0.904277, 0.426291),
      ["LeftUpperArm"] = CFrame.new(0.000000, -0.000000, 0.000004, 0.910962, 0.401418, -0.094928, -0.399289, 0.915895, 0.041293, 0.103520, 0.000287, 0.994627),
      ["LeftUpperLeg"] = CFrame.new(0.063436, -0.043886, -0.031105, 0.652756, 0.600894, -0.461341, -0.495092, -0.122565, -0.860152, -0.573405, 0.789876, 0.217493),
      ["LowerTorso"] = CFrame.new(0.822808, -0.485056, -0.574975, 0.986454, -0.025637, -0.162022, 0.136744, 0.674077, 0.725893, 0.090606, -0.738216, 0.668452),
      ["RightFoot"] = CFrame.new(-0.000000, -0.000000, 0.000001, 0.929558, 0.026341, 0.367735, -0.068464, 0.992428, 0.101976, -0.362264, -0.119969, 0.924322),
      ["RightHand"] = CFrame.new(0.000002, 0.000003, -0.000008, 0.977323, -0.184397, -0.104103, 0.165156, 0.971462, -0.170247, 0.132525, 0.149193, 0.979887),
      ["RightLowerArm"] = CFrame.new(-0.000006, -0.000012, 0.000014, 0.608130, -0.183224, 0.772403, 0.633625, -0.474119, -0.611335, 0.478222, 0.861186, -0.172231),
      ["RightLowerLeg"] = CFrame.new(-0.000000, -0.000001, -0.000000, 0.997295, -0.055933, -0.047691, 0.072168, 0.621909, 0.779757, -0.013955, -0.781089, 0.624263),
      ["RightUpperArm"] = CFrame.new(0.000001, -0.000000, 0.000004, 0.813058, -0.503660, 0.291998, 0.491952, 0.862585, 0.118027, -0.311318, 0.047686, 0.949108),
      ["RightUpperLeg"] = CFrame.new(-0.063553, -0.045755, -0.031854, 0.882792, -0.463286, 0.077738, 0.052862, -0.066464, -0.996388, 0.466780, 0.883713, -0.034184),
      ["UpperTorso"] = CFrame.new(-0.020510, -0.013307, -0.302216, 0.983601, 0.157056, 0.088676, -0.059088, 0.745128, -0.664298, -0.170407, 0.648165, 0.742189)
    }},
    {Time = 0.750, Data = {
      ["Head"] = CFrame.new(-0.000000, -0.000000, 0.000000, 0.354718, 0.391798, -0.848923, 0.033843, 0.901989, 0.430431, 0.934361, -0.181411, 0.306692),
      ["LeftFoot"] = CFrame.new(0.000000, -0.000000, 0.000000, 0.972494, -0.002159, -0.232920, 0.062934, 0.965203, 0.253817, 0.224267, -0.261494, 0.938789),
      ["LeftHand"] = CFrame.new(-0.000001, 0.000003, -0.000010, 0.706150, 0.001033, -0.708061, -0.116570, 0.986524, -0.114816, 0.698401, 0.163616, 0.696754),
      ["LeftLowerArm"] = CFrame.new(-0.000000, -0.000017, 0.000012, 0.999598, -0.019082, 0.020960, 0.007258, -0.542498, -0.840025, 0.027400, 0.839840, -0.542142),
      ["LeftLowerLeg"] = CFrame.new(0.000000, 0.000000, 0.000000, 0.996651, 0.063743, 0.051214, -0.062759, 0.194838, 0.978825, 0.052415, -0.978762, 0.198186),
      ["LeftUpperArm"] = CFrame.new(-0.000001, -0.000001, 0.000004, 0.922896, 0.345455, -0.170071, -0.350391, 0.936603, 0.001062, 0.159656, 0.058612, 0.985431),
      ["LeftUpperLeg"] = CFrame.new(0.063436, -0.043886, -0.031106, 0.721197, 0.650138, 0.239155, 0.283408, 0.038108, -0.958242, -0.632104, 0.758860, -0.156771),
      ["LowerTorso"] = CFrame.new(0.738229, -0.694585, -0.605683, 0.968860, 0.222574, 0.108495, -0.245273, 0.802632, 0.543712, 0.033935, -0.553392, 0.832229),
      ["RightFoot"] = CFrame.new(-0.000000, -0.000000, 0.000000, 0.973961, 0.027401, 0.225055, -0.029199, 0.999563, 0.004665, -0.224829, -0.011115, 0.974335),
      ["RightHand"] = CFrame.new(0.000002, 0.000003, -0.000008, 0.979662, -0.175260, -0.097706, 0.158362, 0.974347, -0.159903, 0.123224, 0.141178, 0.982285),
      ["RightLowerArm"] = CFrame.new(-0.000005, -0.000012, 0.000014, 0.637286, -0.159879, 0.753861, 0.592936, -0.523117, -0.612189, 0.492233, 0.837131, -0.238577),
      ["RightLowerLeg"] = CFrame.new(-0.000000, 0.000000, 0.000000, 0.994589, -0.081670, -0.064203, 0.080156, 0.210171, 0.974373, -0.066083, -0.974247, 0.215581),
      ["RightUpperArm"] = CFrame.new(0.000000, 0.000000, 0.000004, 0.806662, -0.560913, 0.186206, 0.541404, 0.827670, 0.147798, -0.237019, -0.018410, 0.971331),
      ["RightUpperLeg"] = CFrame.new(-0.063553, -0.045755, -0.031854, 0.414567, -0.544036, 0.729493, 0.755944, -0.240414, -0.608892, 0.506639, 0.803882, 0.311593),
      ["UpperTorso"] = CFrame.new(0.052528, -0.024015, -0.251414, 0.964109, -0.264928, 0.017540, 0.242314, 0.850961, -0.465993, 0.108528, 0.453518, 0.884615)
    }},
    {Time = 0.800, Data = {
      ["Head"] = CFrame.new(0.000000, -0.000000, 0.000000, 0.315918, 0.355429, -0.879697, 0.051852, 0.919327, 0.390062, 0.947369, -0.168842, 0.272002),
      ["LeftFoot"] = CFrame.new(0.000000, -0.000000, 0.000000, 0.966450, 0.000420, -0.256855, 0.071928, 0.959546, 0.272209, 0.246578, -0.281551, 0.927323),
      ["LeftHand"] = CFrame.new(-0.000001, 0.000004, -0.000010, 0.700316, -0.002699, -0.713828, -0.136092, 0.981146, -0.137225, 0.700740, 0.193247, 0.686745),
      ["LeftLowerArm"] = CFrame.new(-0.000000, -0.000015, 0.000014, 0.999691, -0.014475, 0.020219, 0.010761, -0.481225, -0.876531, 0.022417, 0.876478, -0.480921),
      ["LeftLowerLeg"] = CFrame.new(0.000000, 0.000000, -0.000001, 0.996261, 0.068915, 0.052102, -0.044099, -0.112933, 0.992624, 0.074291, -0.991210, -0.109471),
