return {
    Timeless = {
        [1] = {Time = 0.000, Data = {
            ["RightFoot"] = CFrame.new(-4.470348358154297e-08, 3.5762786865234375e-07, 1.273911038879305e-07, 0.980110228061676, 0.12754417955875397, 0.15204112231731415, -0.1566726118326187, 0.9675343036651611, 0.1983206868171692, -0.12181039154529572, -0.21819689869880676, 0.9682729840278625),
            ["LeftLowerArm"] = CFrame.new(0, -1.1920928955078125e-07, -2.9802322387695312e-08, 1, 1.0721856114059847e-07, 1.816079873151466e-07, 2.682207025372918e-07, 0.9831628203392029, -0.18273085355758667, 8.38189748719742e-08, 0.18273204565048218, 0.9831629991531372),
            ["RightUpperArm"] = CFrame.new(0.0064373016357421875, 0.09680962562561035, 0.0022544115781784058, 0.09365718066692352, -0.8368469476699829, 0.5393663644790649, 0.32382944226264954, -0.48668456077575684, -0.8113399744033813, 0.9414684772491455, 0.2506497800350189, 0.22541411221027374),
            ["Head"] = CFrame.new(-7.450580596923828e-09, 5.960464477539062e-07, -2.2351741790771484e-08, 0.64451664686203, -0.006207788363099098, 0.7645654678344727, -0.06153576821088791, 0.9963021278381348, 0.059962935745716095, -0.7621100544929504, -0.08569514751434326, 0.6417509317398071),
            ["RightHand"] = CFrame.new(-1.1920928955078125e-07, 3.5762786865234375e-07, 1.1920928955078125e-07, 0.8452242612838745, -0.34513533115386963, 0.408017098903656, 0.43841105699539185, 0.8844031691551208, -0.16008467972278595, -0.3056008219718933, 0.3141859173774719, 0.8988297581672668),
            ["UpperTorso"] = CFrame.new(-1.30385160446167e-08, 3.8743019104003906e-07, 1.341104507446289e-07, 0.6728014349937439, -0.015377458184957504, -0.7396634221076965, 0.3622201383113861, 0.8786035776138306, 0.31121110916137695, 0.6450850367546082, -0.47730425000190735, 0.596695601940155),
            ["HumanoidRootPart"] = CFrame.new(0, 0, 0, 1, 0, 0, 0, 1, 0, 0, 0, 1),
            ["RightUpperLeg"] = CFrame.new(0, 1.6391277313232422e-07, 1.516782504040748e-07, 0.9851109385490417, -0.11769799143075943, 0.1253139227628708, 0.16610385477542877, 0.4636147618293762, -0.8703281283378601, 0.0443384125828743, 0.8781849145889282, 0.47626206278800964),
            ["LeftUpperArm"] = CFrame.new(0.001253366470336914, 0.01885080337524414, 0.00043889135122299194, 0.2545088231563568, 0.93072509765625, -0.2626335024833679, -0.9125106930732727, 0.141195148229599, -0.38391196727752686, -0.3202337324619293, 0.33736467361450195, 0.8852317929267883),
            ["RightLowerArm"] = CFrame.new(-4.470348358154297e-07, 5.364418029785156e-07, -5.21540641784668e-07, 1, 3.725291151113197e-07, -3.7252937090670457e-07, 5.960461635368119e-07, 0.9118360877037048, -0.41055408120155334, -2.3841846541472478e-07, 0.41055452823638916, 0.9118362665176392),
            ["LeftHand"] = CFrame.new(0, -1.7881393432617188e-07, -1.1920928955078125e-07, 0.6579230427742004, 0.694920003414154, -0.2902114987373352, -0.7017781734466553, 0.7055531740188599, 0.09850312769412994, 0.2732117772102356, 0.1388559639453888, 0.9518794417381287),
            ["LeftFoot"] = CFrame.new(3.5797711461782455e-08, -1.1920928955078125e-07, -3.204831955372356e-09, 0.9939369559288025, -0.04771529138088226, 0.09905947744846344, 0.06881799548864365, 0.9726123809814453, -0.22201187908649445, -0.08575327694416046, 0.22748281061649323, 0.9699989557266235),
            ["LowerTorso"] = CFrame.new(-0.12955325841903687, -0.13763773441314697, 0.07805797457695007, 0.9767754077911377, -0.10048317164182663, -0.1892431229352951, 0.012105859816074371, 0.9076867699623108, -0.4194737672805786, 0.21392352879047394, 0.407440721988678, 0.8878225088119507),
            ["RightLowerLeg"] = CFrame.new(-1.341104507446289e-07, 1.1920928955078125e-07, 1.0352960089221597e-07, 1, -1.3504173068668024e-07, -6.798657068429748e-07, 6.76605907301564e-07, 0.12222286313772202, 0.9925026893615723, -2.700835750601982e-07, -0.992502748966217, 0.1222231537103653),
            ["LeftUpperLeg"] = CFrame.new(0, 1.3690441846847534e-07, 1.5459954738616943e-07, 0.9670707583427429, 0.11783522367477417, 0.22558608651161194, -0.0843304693698883, 0.984650194644928, -0.15281526744365692, -0.24013030529022217, 0.1287592649459839, 0.9621634483337402),
            ["LeftLowerLeg"] = CFrame.new(1.2293457984924316e-07, 0, -1.4228049849407398e-08, 1, -1.0617078771701927e-07, -3.604218363761902e-07, 6.174672080305754e-07, 0.42998379468917847, 0.9028365612030029, -9.313231075225303e-09, -0.9028366804122925, 0.4299839735031128)
        }},
        [2] = {Time = 0.033, Data = {
            ["RightFoot"] = CFrame.new(-4.470348358154297e-08, 3.5762786865234375e-07, 5.288529791869223e-08, 0.9797055721282959, 0.11542339622974396, 0.16387324035167694, -0.15326496958732605, 0.9582623839378357, 0.24133628606796265, -0.12917788326740265, -0.26155439019203186, 0.956505298614502),
            ["LeftLowerArm"] = CFrame.new(-5.960464477539062e-07, 1.7881393432617188e-07, -2.9802322387695312e-08, 1, 1.7508872929283825e-07, 1.578591621864689e-07, 4.582105930239777e-07, 0.9835029244422913, -0.18089212477207184, 1.1920926112907182e-07, 0.1808926910161972, 0.9835029244422913),
            ["RightUpperArm"] = CFrame.new(0.006058216094970703, 0.07671749591827393, 0.0022879615426063538, 0.051249660551548004, -0.9275141954421997, 0.3702581226825714, 0.23272190988063812, -0.34944725036621094, -0.9075942635536194, 0.9711920619010925, 0.13268066942691803, 0.19794337451457977),
            ["Head"] = CFrame.new(0, 0, 0, 0.6241207122802734, -0.019105693325400352, 0.7810944318771362, -0.07229088246822357, 0.9940007925033569, 0.08207658678293228, -0.7779765129089355, -0.10769134759902954, 0.6189951300621033),
            ["RightHand"] = CFrame.new(5.960464477539063e-08, 0, 1.6391277313232422e-07, 0.7925958037376404, -0.31047552824020386, 0.5247828364372253, 0.41668787598609924, 0.9041318893432617, -0.09442881494760513, -0.44515520334243774, 0.2935140132904053, 0.8459824919700623),
            ["UpperTorso"] = CFrame.new(-1.1175870895385742e-08, 2.9802322387695312e-08, 2.2351741790771484e-08, 0.6497112512588501, -0.08801362663507462, -0.7550686597824097, 0.4491080343723297, 0.8458399772644043, 0.28784796595573425, 0.6133329272270203, -0.5261258482933044, 0.5890796184539795),
            ["HumanoidRootPart"] = CFrame.new(0, 0, 0, 1, 0, 0, 0, 1, 0, 0, 0, 1),
            ["RightUpperLeg"] = CFrame.new(-8.940696716308594e-08, 1.6670674085617065e-07, -4.7839421313256025e-09, 0.9751319885253906, -0.12929758429527283, 0.1799992024898529, 0.21858948469161987, 0.4271484315395355, -0.8773611187934875, 0.03655440732836723, 0.8948890566825867, 0.44478970766067505),
            ["LeftUpperArm"] = CFrame.new(-0.00023424625396728516, -0.002967238426208496, -0.00008849799633026123, 0.2667699456214905, 0.9176301956176758, -0.29459938406944275, -0.914142370223999, 0.1441081017255783, -0.3789149224758148, -0.305249959230423, 0.3703887164592743, 0.8772883415222168),
            ["RightLowerArm"] = CFrame.new(1.7881393432617188e-07, 9.5367431640625e-07, -4.949979484081268e-07, 1, 3.4272696325388097e-07, -1.341105502206119e-07, 6.929038249836594e-07, 0.9141897559165955, -0.4052862823009491, 2.9802315282267955e-08, 0.4052866995334625, 0.9141898155212402),
            ["LeftHand"] = CFrame.new(2.9802322387695312e-08, 0, -8.195638656616211e-08, 0.6622022390365601, 0.6919668316841125, -0.28752338886260986, -0.6999143958091736, 0.7082194685935974, 0.0924425795674324, 0.2675967812538147, 0.1400260031223297, 0.9533020257949829),
            ["LeftFoot"] = CFrame.new(-1.3737007975578308e-08, 5.960464477539063e-08, 1.0299345376552083e-08, 0.9908691048622131, -0.011827696114778519, 0.1343083381652832, 0.06454974412918091, 0.9161777496337891, -0.3955392837524414, -0.11837199330329895, 0.4005975127220154, 0.9085757732391357),
            ["LowerTorso"] = CFrame.new(-0.1553744375705719, -0.23488986492156982, 0.07718690484762192, 0.9778987765312195, -0.04093116894364357, -0.2050333470106125, -0.059015534818172455, 0.8867363333702087, -0.45849308371543884, 0.20057715475559235, 0.46046000719070435, 0.864722728729248),
            ["RightLowerLeg"] = CFrame.new(-8.940696716308594e-08, 1.1920928955078125e-07, 2.015440259128809e-09, 1, -6.332992086299782e-08, -5.84870804232196e-07, 8.470383932035475e-07, 0.12877848744392395, 0.991673469543457, -3.1339024531007453e-07, -0.9916734099388123, 0.12877851724624634),
            ["LeftUpperLeg"] = CFrame.new(-5.960464477539063e-08, 1.5832483768463135e-07, 1.862645149230957e-09, 0.9665336012840271, 0.018656034022569656, 0.25586122274398804, -0.0009221192449331284, 0.9975985884666443, -0.06925562024116516, -0.2565388083457947, 0.0667019635438919, 0.9642295837402344),
            ["LeftLowerLeg"] = CFrame.new(1.555308699607849e-07, -1.7881393432617188e-07, 2.3024853135211742e-08, 1, -6.612390279769897e-08, -5.960465045973251e-07, 4.6473002157654264e-07, 0.4261901378631592, 0.9046337604522705, -3.539026138810186e-08, -0.904633641242981, 0.42618995904922485)
        }},
        [3] = {Time = 0.067, Data = {
            ["RightFoot"] = CFrame.new(2.9802322387695312e-08, 3.5762786865234375e-07, -3.6521669244393706e-08, 0.9793902039527893, 0.09814661741256714, 0.17652826011180878, -0.14568349719047546, 0.9486342668533325, 0.28083673119544983, -0.13989759981632233, -0.3007662296295166, 0.9433814883232117),
            ["LeftLowerArm"] = CFrame.new(-2.9802322387695312e-08, 5.960464477539063e-08, 8.940696716308594e-08, 1, 3.7252920748187535e-09, -4.7730274843615916e-08, 2.756714252427628e-07, 0.9836401343345642, -0.18014438450336456, 3.352760558072987e-08, 0.18014496564865112, 0.9836402535438538),
            ["RightUpperArm"] = CFrame.new(0.00508880615234375, 0.0628662109375, 0.0026061981916427612, -0.0360289141535759, -0.9831323623657227, 0.17931170761585236, 0.10623709857463837, -0.1821792870759964, -0.9775092601776123, 0.9936879873275757, -0.01616899110376835, 0.11100882291793823),
            ["Head"] = CFrame.new(0, -1.1920928955078125e-07, 2.2351741790771484e-08, 0.6097996830940247, -0.06251300126314163, 0.7900863885879517, -0.07641938328742981, 0.9876019358634949, 0.13712231814861298, -0.7888628244400024, -0.143995001912117, 0.5974621772766113),
            ["RightHand"] = CFrame.new(-5.960464477539063e-08, -3.5762786865234375e-07, 7.644625506630354e-20, 0.706985354423523, -0.25503459572792053, 0.6596433520317078, 0.35004833340644836, 0.9366408586502075, -0.013042169623076916, -0.6145225763320923, 0.24012775719165802, 0.7514656186103821),
            ["UpperTorso"] = CFrame.new(-5.587935447692871e-08, 2.9802322387695312e-08, -2.60770320892334e-08, 0.6488154530525208, -0.09819002449512482, -0.7545842528343201, 0.4638444781303406, 0.8371435403823853, 0.28989511728286743, 0.603230357170105, -0.5380980968475342, 0.5886964797973633),
            ["HumanoidRootPart"] = CFrame.new(0, 0, 0, 1, 0, 0, 0, 1, 0, 0, 0, 1),
            ["RightUpperLeg"] = CFrame.new(-5.960464477539063e-08, 9.313225746154785e-09, 5.482070264406502e-08, 0.9776791930198669, -0.12990643084049225, 0.165129154920578, 0.20451945066452026, 0.40844297409057617, -0.8895764350891113, 0.04811585322022438, 0.9034925103187561, 0.42589443922042847),
            ["LeftUpperArm"] = CFrame.new(-0.0014667510986328125, -0.018120288848876953, -0.0007511228322982788, 0.2890329957008362, 0.9028474688529968, -0.31831806898117065, -0.9117939472198486, 0.15830504894256592, -0.37890809774398804, -0.29170483350753784, 0.39975741505622864, 0.868966281414032),
            ["RightLowerArm"] = CFrame.new(1.1920928955078125e-07, 5.960464477539063e-08, 5.3551048040390015e-09, 1, -1.9371513815258368e-07, 1.8626455755565985e-07, 3.7252920748187535e-08, 0.9197021722793579, -0.3926168978214264, 3.6554428817225926e-08, 0.3926169276237488, 0.9197021126747131),
            ["LeftHand"] = CFrame.new(4.172325134277344e-07, -1.1920928955078125e-07, -8.940696716308594e-08, 0.6671649813652039, 0.6895106434822083, -0.28189608454704285, -0.6968675851821899, 0.7114235758781433, 0.09084409475326538, 0.2631855607032776, 0.13583633303642273, 0.9551345705986023),
            ["LeftFoot"] = CFrame.new(2.0256265997886658e-08, 0, 5.453716767078731e-08, 0.9880303740501404, 0.02900782600045204, 0.15150775015354156, 0.05345669016242027, 0.8569166660308838, -0.5126757025718689, -0.14470124244689941, 0.5146383047103882, 0.8451088666915894),
            ["LowerTorso"] = CFrame.new(-0.1828187108039856, -0.29440581798553467, 0.07901938259601593, 0.9768201112747192, -0.026582174003124237, -0.21240505576133728, -0.07663591206073761, 0.8830643892288208, -0.46295166015625, 0.19987359642982483, 0.4684983193874359, 0.8605579137802124),
            ["RightLowerLeg"] = CFrame.new(-1.4901161193847656e-08, 5.960464477539063e-08, 9.421637514606118e-08, 1, -2.1234157543403853e-07, -7.990753374542692e-07, 6.454066010519455e-07, 0.16852988302707672, 0.9856964945793152, -1.7974528532249678e-07, -0.9856966137886047, 0.16853031516075134),
            ["LeftUpperLeg"] = CFrame.new(0, 1.3131648302078247e-07, 3.166496753692627e-08, 0.9644003510475159, -0.03175131604075432, 0.26253360509872437, 0.0427546501159668, 0.9984257817268372, -0.03630468249320984, -0.26096758246421814, 0.04623695835471153, 0.9642396569252014),
            ["LeftLowerLeg"] = CFrame.new(3.4458935260772705e-08, -1.1920928955078125e-07, 6.772833671675471e-08, 1, -4.7497451305389404e-08, -3.59490599066703e-07, 5.93718368691043e-07, 0.4294723868370056, 0.9030801653862, -4.842879164357328e-08, -0.9030799865722656, 0.4294722378253937)
        }},
        [4] = {Time = 0.100, Data = {
            ["RightFoot"] = CFrame.new(3.725290298461914e-08, 4.172325134277344e-07, 5.288529791869223e-08, 0.9778286218643188, 0.07913246750831604, 0.19387932121753693, -0.13788782060146332, 0.9401142001152039, 0.31172478199005127, -0.15760104358196259, -0.3315471112728119, 0.9301820397377014),
            ["LeftLowerArm"] = CFrame.new(-4.172325134277344e-07, -5.960464477539063e-08, -1.4901161193847656e-07, 1, 2.4959453526207653e-07, 5.669424751886254e-08, 4.917382057101349e-07, 0.9836728572845459, -0.17996537685394287, 8.940694584680386e-08, 0.17996588349342346, 0.9836729764938354),
            ["RightUpperArm"] = CFrame.new(0.004100322723388672, 0.05460560321807861, 0.003146946430206299, -0.206339031457901, -0.9774580001831055, -0.044722799211740494, 0.07312922924757004, 0.030173486098647118, -0.99686598777771, 0.9757440686225891, -0.2089630663394928, 0.06525474786758423),
            ["Head"] = CFrame.new(-7.450580596923828e-09, -1.1920928955078125e-07, -7.450580596923828e-09, 0.605925977230072, -0.10869522392749786, 0.7880604267120361, -0.0804792121052742, 0.9771638512611389, 0.1966569721698761, -0.7914397716522217, -0.18258194625377655, 0.583341121673584),
            ["RightHand"] = CFrame.new(-2.9802322387695312e-08, 1.1920928955078125e-07, 3.594905138015747e-07, 0.6233243942260742, -0.20114734768867493, 0.7556495070457458, 0.30184656381607056, 0.9533446431159973, 0.004782873205840588, -0.7213565707206726, 0.22510862350463867, 0.6549587845802307),
            ["UpperTorso"] = CFrame.new(0, 2.9802322387695312e-08, 1.862645149230957e-08, 0.6698693037033081, -0.060248300433158875, -0.7400308847427368, 0.4329957365989685, 0.8413665294647217, 0.32344549894332886, 0.6031498908996582, -0.5370965003967285, 0.5896925330162048),
            ["HumanoidRootPart"] = CFrame.new(0, 0, 0, 1, 0, 0, 0, 1, 0, 0, 0, 1),
            ["RightUpperLeg"] = CFrame.new(0, 1.30385160446167e-08, 1.3842509360983968e-08, 0.9884423017501831, -0.11608579754829407, 0.09749884158372879, 0.13852040469646454, 0.4302908480167389, -0.891998827457428, 0.061595506966114044, 0.8951948881149292, 0.4413980543613434),
            ["LeftUpperArm"] = CFrame.new(-0.0020014047622680664, -0.026653289794921875, -0.0015359818935394287, 0.31667035818099976, 0.8902328014373779, -0.3274223804473877, -0.9057863354682922, 0.18135029077529907, -0.3829668462276459, -0.28155142068862915, 0.41784900426864624, 0.8637887239456177),
            ["RightLowerArm"] = CFrame.new(0, 2.980232238769531e-07, -1.7229467630386353e-08, 1, -1.3411050758804777e-07, 4.656616781062439e-08, 1.3178211588638078e-07, 0.9269241690635681, -0.37524843215942383, 3.352760558072987e-08, 0.3752487897872925, 0.9269242882728577),
            ["LeftHand"] = CFrame.new(1.7881393432617188e-07, -5.960464477539063e-08, -7.35744833946228e-08, 0.6716846823692322, 0.6880387663841248, -0.27466651797294617, -0.6937422156333923, 0.7142393589019775, 0.09265200048685074, 0.2599257826805115, 0.12831494212150574, 0.9570652842521667),
            ["LeftFoot"] = CFrame.new(-2.0954757928848267e-08, 0, -4.418302523845341e-08, 0.9833784103393555, 0.057739511132240295, 0.17214307188987732, 0.053349293768405914, 0.8143555521965027, -0.5779091119766235, -0.17355385422706604, 0.5774869918823242, 0.7977392673492432),
            ["LowerTorso"] = CFrame.new(-0.20686936378479004, -0.31726324558258057, 0.08523761481046677, 0.974421501159668, -0.05442148819565773, -0.2180391550064087, -0.05236203595995903, 0.888548731803894, -0.4557843804359436, 0.21854285895824432, 0.45554307103157043, 0.8629714250564575),
            ["RightLowerLeg"] = CFrame.new(0, 0, -9.181530913338065e-08, 1, -4.842875256372281e-08, -6.491318345069885e-07, 7.757921025586256e-07, 0.23000814020633698, 0.9731886982917786, -2.473826725690742e-07, -0.9731886982917786, 0.23000827431678772),
            ["LeftUpperLeg"] = CFrame.new(0, -4.6566128730773926e-08, 3.3527612686157227e-08, 0.9657414555549622, -0.02991368994116783, 0.2577766180038452, 0.04430896416306496, 0.9977550506591797, -0.05021611228585243, -0.25569573044776917, 0.05991729721426964, 0.9648987650871277),
            ["LeftLowerLeg"] = CFrame.new(-1.0244548320770264e-08, 1.1920928955078125e-07, -4.7755662535564625e-08, 1, -1.6950079384514538e-07, -5.001202794119308e-07, 4.866161589234252e-07, 0.41241586208343506, 0.9109956622123718, 1.0244550985305523e-08, -0.9109957218170166, 0.41241613030433655)
        }},
        [5] = {Time = 0.133, Data = {
            ["RightFoot"] = CFrame.new(2.7008354663848877e-08, 4.76837158203125e-07, 5.288529791869223e-08, 0.9754774570465088, 0.06250463426113129, 0.21103762090206146, -0.1319158971309662, 0.9335638284683228, 0.3332519233226776, -0.17618721723556519, -0.35291919112205505, 0.918915867805481),
            ["LeftLowerArm"] = CFrame.new(1.7881393432617188e-07, 0, -1.7881393432617188e-07, 1, 3.7252917195473856e-07, -3.760213473924523e-08, 6.891788757457107e-07, 0.9836745262145996, -0.1799568086862564, 8.940698847936801e-08, 0.17995721101760864, 0.9836745262145996),
            ["RightUpperArm"] = CFrame.new(0.003199458122253418, 0.05170726776123047, 0.0035984963178634644, -0.18138615787029266, -0.8944716453552246, -0.4086800515651703, 0.49961042404174805, 0.2741312086582184, -0.8217309713363647, 0.847046971321106, -0.3532315194606781, 0.3971637189388275),
            ["Head"] = CFrame.new(7.450580596923828e-09, 2.384185791015625e-07, -3.725290298461914e-08, 0.6113532781600952, -0.1299344003200531, 0.7806177735328674, -0.08120817691087723, 0.9709201455116272, 0.22520995140075684, -0.7871800661087036, -0.20107516646385193, 0.5830236673355103),
            ["RightHand"] = CFrame.new(2.980232238769531e-07, -1.1920928955078125e-07, -4.544854164123535e-07, 0.8527742028236389, -0.35635852813720703, 0.38181763887405396, 0.423730731010437, 0.8994578719139099, -0.1069016382098198, -0.3053334951400757, 0.25295111536979675, 0.9180344939231873),
            ["UpperTorso"] = CFrame.new(7.264316082000732e-08, -2.086162567138672e-07, 8.195638656616211e-08, 0.6982378363609314, -0.0031124462839215994, -0.7158592939376831, 0.3746461868286133, 0.8537004590034485, 0.36171209812164307, 0.6100034117698669, -0.5207551717758179, 0.5972520112991333),
            ["HumanoidRootPart"] = CFrame.new(0, 0, 0, 1, 0, 0, 0, 1, 0, 0, 0, 1),
            ["RightUpperLeg"] = CFrame.new(5.960464477539063e-08, 1.043081283569336e-07, -9.791619959287345e-08, 0.995537519454956, -0.09341952204704285, 0.013339095748960972, 0.05673342943191528, 0.4795511066913605, -0.8756778240203857, 0.07540863752365112, 0.8725271224975586, 0.4827115535736084),
            ["LeftUpperArm"] = CFrame.new(-0.0015677213668823242, -0.025336503982543945, -0.0017633140087127686, 0.3565640449523926, 0.871899425983429, -0.3356383740901947, -0.8957511186599731, 0.21694770455360413, -0.38802552223205566, -0.2655036151409149, 0.4390047490596771, 0.8583607077598572),
            ["RightLowerArm"] = CFrame.new(-5.960464477539063e-08, 1.7881393432617188e-07, 1.6810372471809387e-07, 1, -2.6077054826600943e-07, 1.3411049337719305e-07, -8.195644340958097e-08, 0.9420120716094971, -0.3355790674686432, -1.0803349681509644e-07, 0.33557912707328796, 0.9420120716094971),
            ["LeftHand"] = CFrame.new(-1.1920928955078125e-07, -1.7881393432617188e-07, -8.381903171539307e-09, 0.675254225730896, 0.6878342628479004, -0.26629939675331116, -0.6918551325798035, 0.7158161401748657, 0.09457333385944366, 0.2556721866130829, 0.12037981301546097, 0.9592396020889282),
            ["LeftFoot"] = CFrame.new(2.7241185307502747e-08, -5.960464477539063e-08, 7.130097401386593e-08, 0.977799654006958, 0.06775886565446854, 0.19828426837921143, 0.0595017671585083, 0.8175367116928101, -0.5727938413619995, -0.20091630518436432, 0.5718763470649719, 0.7953556180000305),
            ["LowerTorso"] = CFrame.new(-0.22000129520893097, -0.29548394680023193, 0.10073806345462799, 0.9706525802612305, -0.09718191623687744, -0.21997597813606262, -0.00968699250370264, 0.8981700539588928, -0.4395415186882019, 0.24029135704040527, 0.4287729859352112, 0.8708695769309998),
            ["RightLowerLeg"] = CFrame.new(4.6566128730773926e-08, -1.1920928955078125e-07, 2.6325142243877053e-07, 1, -1.4621755894950184e-07, -7.11530674379901e-07, 7.91362708696397e-07, 0.30552324652671814, 0.9521846771240234, -2.9150413638490136e-07, -0.9521846771240234, 0.30552318692207336),
            ["LeftUpperLeg"] = CFrame.new(8.940696716308594e-08, -6.05359673500061e-08, -1.6763806343078613e-08, 0.9713367819786072, -0.0025301100686192513, 0.23769427835941315, 0.022752201184630394, 0.9963419437408447, -0.08237186819314957, -0.2366163432598114, 0.0854184702038765, 0.9678410291671753),
            ["LeftLowerLeg"] = CFrame.new(-5.21540641784668e-08, 5.960464477539063e-08, 1.0684388485060481e-07, 1, -2.8125955964242166e-07, -6.258487701416016e-07, 3.762544054097816e-07, 0.41492992639541626, 0.9098532795906067, 1.862645504502325e-08, -0.9098533987998962, 0.41493019461631775)
        }},
        [6] = {Time = 0.167, Data = {
            ["RightFoot"] = CFrame.new(2.2584572434425354e-08, 2.384185791015625e-07, 1.7209458746947348e-07, 0.9745548963546753, 0.06207630783319473, 0.21538183093070984, -0.13451170921325684, 0.9306017160415649, 0.3404219150543213, -0.17930281162261963, -0.36073142290115356, 0.9152724146842957),
            ["LeftLowerArm"] = CFrame.new(1.4901161193847656e-07, -2.384185791015625e-07, 8.940696716308594e-08, 1, -2.90572756966867e-07, 3.818421490109358e-08, -8.940694584680386e-08, 0.9836637377738953, -0.18001560866832733, 1.8998976258899347e-07, 0.18001589179039001, 0.98366379737854),
            ["RightUpperArm"] = CFrame.new(0.0021768808364868164, 0.04733586311340332, 0.0034995973110198975, -0.0049739074893295765, -0.8289997577667236, -0.5592266321182251, 0.5381028056144714, 0.469145268201828, -0.7002487778663635, 0.8428645730018616, -0.30440467596054077, 0.4437536597251892),
            ["Head"] = CFrame.new(0, -1.1920928955078125e-07, 2.9802322387695312e-08, 0.627760112285614, -0.11311235278844833, 0.7701448202133179, -0.08318313956260681, 0.9739721417427063, 0.21085309982299805, -0.7739495038986206, -0.19642822444438934, 0.6020116806030273),
            ["RightHand"] = CFrame.new(-1.6391277313232422e-07, -1.7881393432617188e-07, 1.043081283569336e-07, 0.8750984072685242, -0.33793601393699646, 0.34641343355178833, 0.38351428508758545, 0.9208388328552246, -0.07051751017570496, -0.2951606214046478, 0.19456394016742706, 0.9354277849197388),
            ["UpperTorso"] = CFrame.new(-9.313225746154785e-09, -8.940696716308594e-08, -7.450580596923828e-09, 0.7214736342430115, 0.014360550791025162, -0.6922928690910339, 0.3345739543437958, 0.8681033849716187, 0.3666839003562927, 0.6062477231025696, -0.4961757957935333, 0.6215090751647949),
            ["HumanoidRootPart"] = CFrame.new(0, 0, 0, 1, 0, 0, 0, 1, 0, 0, 0, 1),
            ["RightUpperLeg"] = CFrame.new(0, -1.4156103134155273e-07, 8.462302503176033e-08, 0.9969542026519775, -0.07797836512327194, -0.0013550446601584554, 0.037965983152389526, 0.5004254579544067, -0.8649468421936035, 0.06812518835067749, 0.8622608184814453, 0.5018617510795593),
            ["LeftUpperArm"] = CFrame.new(-0.000834345817565918, -0.018140673637390137, -0.0013411343097686768, 0.41085100173950195, 0.8425711989402771, -0.34824633598327637, -0.8785134553909302, 0.26375022530555725, -0.3983088433742523, -0.2437533289194107, 0.46958446502685547, 0.8485720753669739),
            ["RightLowerArm"] = CFrame.new(-1.1920928955078125e-07, 4.172325134277344e-07, 8.195638656616211e-08, 1, 3.2782583048174274e-07, -3.16649959586357e-08, 4.0978201809593884e-07, 0.9619326591491699, -0.27328628301620483, 3.72529100900465e-08, 0.2732868492603302, 0.9619327187538147),
            ["LeftHand"] = CFrame.new(1.1920928955078125e-07, 0, -8.568167686462402e-08, 0.6768654584884644, 0.6899704933166504, -0.2565021812915802, -0.6923637986183167, 0.715072512626648, 0.09645836800336838, 0.24997098743915558, 0.11230352520942688, 0.9617185592651367),
            ["LeftFoot"] = CFrame.new(3.725290298461914e-09, 1.1920928955078125e-07, 1.4953207028156612e-07, 0.9735307097434998, 0.06138555333018303, 0.2201589196920395, 0.06710528582334518, 0.8440343141555786, -0.5320738554000854, -0.21848313510417938, 0.5327643752098083, 0.8175740838050842),
            ["LowerTorso"] = CFrame.new(-0.21955864131450653, -0.2586101293563843, 0.09875540435314178, 0.9687604308128357, -0.10114772617816925, -0.22643420100212097, -0.0036287771072238684, 0.9071671366691589, -0.42075490951538086, 0.2479720562696457, 0.40843233466148376, 0.8784605264663696),
            ["RightLowerLeg"] = CFrame.new(-3.818422555923462e-08, -5.960464477539063e-08, 2.6464840630069375e-07, 1, -2.915039090112259e-07, -3.908645851424808e-07, 7.169584250732441e-07, 0.3215901255607605, 0.9468789100646973, -1.2409874727836723e-07, -0.946878969669342, 0.3215905427932739),
            ["LeftUpperLeg"] = CFrame.new(2.9802322387695312e-08, -8.195638656616211e-08, 5.960464477539063e-08, 0.9749134182929993, -0.00847653578966856, 0.22242315113544464, 0.02597709558904171, 0.9967790246009827, -0.07587376236915588, -0.2210635095834732, 0.07974868267774582, 0.9719933867454529),
            ["LeftLowerLeg"] = CFrame.new(3.725290298461914e-08, -5.960464477539062e-07, -4.1934896444217884e-08, 1, -7.823108916227284e-08, -5.364418598219345e-07, 4.7311192474808195e-07, 0.464179664850235, 0.8857411742210388, -8.940698137394065e-08, -0.885741114616394, 0.4641795754432678)
        }},
        [7] = {Time = 0.200, Data = {
            ["RightFoot"] = CFrame.new(4.831235855817795e-09, 4.172325134277344e-07, 8.268762030638754e-08, 0.9761119484901428, 0.06866397708654404, 0.2061324566602707, -0.1350388079881668, 0.9349719882011414, 0.3280118405818939, -0.1702057123184204, -0.3480122983455658, 0.9219098687171936),
            ["LeftLowerArm"] = CFrame.new(-8.940696716308594e-08, -4.172325134277344e-07, -1.1920928955078125e-07, 1, -3.166496753692627e-07, 1.313164261773636e-07, -1.0989603538291703e-07, 0.9836187958717346, -0.18026064336299896, 2.0861619987044833e-07, 0.1802612543106079, 0.9836188554763794),
            ["RightUpperArm"] = CFrame.new(0.0013259649276733398, 0.04205191135406494, 0.0030471384525299072, 0.19598117470741272, -0.7609117031097412, -0.6185503602027893, 0.5807247757911682, 0.5983340740203857, -0.5520465970039368, 0.7901583313941956, -0.2510175108909607, 0.5591423511505127),
            ["Head"] = CFrame.new(0, -3.5762786865234375e-07, 1.4901161193847656e-08, 0.6507333517074585, -0.08466651290655136, 0.7545710206031799, -0.08186277002096176, 0.9801486134529114, 0.1805751472711563, -0.7548805475234985, -0.17927753925323486, 0.63088458776474),
            ["RightHand"] = CFrame.new(1.4901161193847656e-07, 1.1920928955078125e-07, 2.421438694000244e-08, 0.9171718955039978, -0.2955513000488281, 0.2672928273677826, 0.3066212236881256, 0.9518313407897949, 0.00033698996412567794, -0.25451773405075073, 0.08164896070957184, 0.963615357875824),
            ["UpperTorso"] = CFrame.new(1.0523945093154907e-07, 8.940696716308594e-08, 4.470348358154297e-08, 0.7488710880279541, 0.02130613848567009, -0.6623730659484863, 0.2912790775299072, 0.8871848583221436, 0.35785427689552307, 0.5952719449996948, -0.46092215180397034, 0.6581810712814331),
            ["HumanoidRootPart"] = CFrame.new(0, 0, 0, 1, 0, 0, 0, 1, 0, 0, 0, 1),
            ["RightUpperLeg"] = CFrame.new(1.1920928955078125e-07, -1.30385160446167e-07, 1.2187592801637948e-07, 0.9977670311927795, -0.06656477600336075, -0.005479805637151003, 0.029841961339116096, 0.5177018046379089, -0.8550405502319336, 0.059752508997917175, 0.8529678583145142, 0.5185322761535645),
            ["LeftUpperArm"] = CFrame.new(-0.00020182132720947266, -0.006395936012268066, -0.0004634559154510498, 0.47510701417922974, 0.8078035712242126, -0.34889334440231323, -0.8479849696159363, 0.31446680426597595, -0.42665231227874756, -0.2349359393119812, 0.49856188893318176, 0.8344107866287231),
            ["RightLowerArm"] = CFrame.new(-5.364418029785156e-07, 5.364418029785156e-07, 4.76837158203125e-07, 1, 5.215409260017623e-07, 5.736949333368102e-07, 8.270151283795713e-07, 0.9768316149711609, -0.2140093743801117, 5.885963787477522e-07, 0.2140093743801117, 0.9768316745758057),
            ["LeftHand"] = CFrame.new(-1.1920928955078125e-07, 2.980232238769531e-07, 7.450580596923828e-09, 0.6766989827156067, 0.6939727663993835, -0.24592681229114532, -0.6947489976882935, 0.7124438881874084, 0.09873153269290924, 0.2437261939048767, 0.10404576361179352, 0.964246928691864),
            ["LeftFoot"] = CFrame.new(7.264316082000732e-08, 0, -3.204831955372356e-09, 0.9732620120048523, 0.03583391755819321, 0.2268855720758438, 0.0680377408862114, 0.8984557390213013, -0.4337603449821472, -0.21939006447792053, 0.43759945034980774, 0.8719948530197144),
            ["LowerTorso"] = CFrame.new(-0.21336156129837036, -0.199957013130188, 0.09818461537361145, 0.967610776424408, -0.09653551131486893, -0.23326024413108826, -0.003066950710490346, 0.9194337725639343, -0.3932330012321472, 0.252428263425827, 0.38121187686920166, 0.8893579244613647),
            ["RightLowerLeg"] = CFrame.new(-1.3399403542280197e-07, 0, 8.676579454913735e-08, 1, -2.44995959519656e-07, -6.344200755847851e-07, 7.388007361441851e-07, 0.308754563331604, 0.9511416554450989, -1.8620630726218224e-07, -0.9511417150497437, 0.30875495076179504),
            ["LeftUpperLeg"] = CFrame.new(1.4901161193847656e-07, -1.862645149230957e-09, 2.0489096641540527e-08, 0.9760133028030396, -0.004892711527645588, 0.21765615046024323, 0.022748064249753952, 0.9965670108795166, -0.07960410416126251, -0.21651943027973175, 0.08264569938182831, 0.9727739095687866),
            ["LeftLowerLeg"] = CFrame.new(-2.2351741790771484e-08, -5.364418029785156e-07, 1.4642949963672436e-08, 1, -1.6763807764164085e-07, -4.954636096954346e-07, 4.4330960236038663e-07, 0.5208602547645569, 0.8536419868469238, -8.847565169389782e-08, -0.8536420464515686, 0.5208601951599121)
        }},
        [8] = {Time = 0.233, Data = {
            ["RightFoot"] = CFrame.new(1.3737007975578308e-08, 2.384185791015625e-07, 8.268762030638754e-08, 0.9783248901367188, 0.08301814645528793, 0.18970617651939392, -0.1384221464395523, 0.943543016910553, 0.30094146728515625, -0.1540125012397766, -0.32067835330963135, 0.934583306312561),
            ["LeftLowerArm"] = CFrame.new(0, -1.1920928955078125e-07, 2.086162567138672e-07, 1, 2.533198539822479e-07, -3.147868312680657e-07, 4.880128585682542e-07, 0.983532726764679, -0.1807299554347992, -1.7136329688582919e-07, 0.18073029816150665, 0.983532726764679),
            ["RightUpperArm"] = CFrame.new(0.0007686614990234375, 0.0417478084564209, 0.0028429627418518066, 0.38665518164634705, -0.6946853995323181, -0.6065559387207031, 0.5788331627845764, 0.694831371307373, -0.4268041253089905, 0.7179484367370605, -0.18606899678707123, 0.6707669496536255),
            ["Head"] = CFrame.new(-1.4901161193847656e-08, -1.1920928955078125e-07, 2.2351741790771484e-08, 0.6796573996543884, -0.05897285416722298, 0.731155276298523, -0.07614457607269287, 0.9857059717178345, 0.1502857655286789, -0.7295668721199036, -0.15781624615192413, 0.6654518842697144),
            ["RightHand"] = CFrame.new(2.682209014892578e-07, 1.1920928955078125e-07, -4.470348358154297e-08, 0.9551712274551392, -0.25165075063705444, 0.1559489667415619, 0.24343456327915192, 0.9673856496810913, 0.07003212720155716, -0.16848650574684143, -0.028929349035024643, 0.985279381275177),
            ["UpperTorso"] = CFrame.new(-9.778887033462524e-09, 3.2782554626464844e-07, -3.3527612686157227e-08, 0.7804518938064575, 0.026091722771525383, -0.624671220779419, 0.2439248114824295, 0.9072442650794983, 0.34264934062957764, 0.5756697654724121, -0.4197942018508911, 0.7016960978507996),
            ["HumanoidRootPart"] = CFrame.new(0, 0, 0, 1, 0, 0, 0, 1, 0, 0, 0, 1),
            ["RightUpperLeg"] = CFrame.new(0, 1.3597309589385986e-07, -5.69380063097924e-08, 0.9984903931617737, -0.05468839406967163, -0.005127548240125179, 0.02519814297556877, 0.5390002131462097, -0.8419286608695984, 0.04880734905600548, 0.8405283689498901, 0.5395646691322327),
            ["LeftUpperArm"] = CFrame.new(0.0002116560935974121, 0.011504650115966797, 0.0007835030555725098, 0.5314520001411438, 0.7741144895553589, -0.3439553380012512, -0.8183804154396057, 0.3643970191478729, -0.44437485933303833, -0.21866054832935333, 0.5176501870155334, 0.8271794319152832),
            ["RightLowerArm"] = CFrame.new(2.980232238769531e-07, -1.1920928955078125e-07, -4.470348358154297e-08, 1, 4.3958445417047187e-07, 1.5273698750206677e-07, 4.917384330838104e-07, 0.9862943291664124, -0.16499540209770203, 4.097820394122209e-08, 0.1649957150220871, 0.9862943291664124),
            ["LeftHand"] = CFrame.new(5.364418029785156e-07, 5.960464477539063e-08, -7.450580596923828e-08, 0.6755264401435852, 0.6984785199165344, -0.23620140552520752, -0.6979166269302368, 0.7090562582015991, 0.10075858980417252, 0.23785781860351562, 0.09678435325622559, 0.9664661288261414),
            ["LeftFoot"] = CFrame.new(3.8533471524715424e-08, 1.1920928955078125e-07, 4.245748641551472e-09, 0.9778802394866943, -0.0073214685544371605, 0.20903794467449188, 0.05898026004433632, 0.9684844017028809, -0.24199016392230988, -0.20067808032035828, 0.24896687269210815, 0.9474934935569763),
            ["LowerTorso"] = CFrame.new(-0.2027379870414734, -0.11068308353424072, 0.09752365946769714, 0.966182291507721, -0.09109171479940414, -0.24123455584049225, -0.002072958741337061, 0.9327510595321655, -0.3605153262615204, 0.2578517198562622, 0.34882357716560364, 0.9010186791419983),
            ["RightLowerLeg"] = CFrame.new(-4.842877388000488e-08, 1.1920928955078125e-07, -1.237131073139608e-07, 1, -1.832376312904671e-07, -5.507028504325717e-07, 7.900527521087497e-07, 0.2809745669364929, 0.9597151875495911, -8.731151268648318e-08, -0.9597152471542358, 0.280974805355072),
            ["LeftUpperLeg"] = CFrame.new(-1.1920928955078125e-07, 1.434236764907837e-07, -4.6566128730773926e-08, 0.9733937382698059, 0.01694159395992756, 0.2285119742155075, 0.004388747736811638, 0.9957016706466675, -0.09251467138528824, -0.22909696400165558, 0.09105613082647324, 0.9691354632377625),
            ["LeftLowerLeg"] = CFrame.new(8.940696716308594e-08, -4.172325134277344e-07, 4.5609425569637096e-08, 1, -1.9371505288745539e-07, -4.8428768195663e-07, 4.861504407926986e-07, 0.598442792892456, 0.8011655211448669, -1.6624109377971763e-07, -0.8011655211448669, 0.598442792892456)
        }},
        [9] = {Time = 0.267, Data = {
            ["RightFoot"] = CFrame.new(-6.239861249923706e-08, 4.172325134277344e-07, 6.464324542321265e-08, 0.9812020659446716, 0.08628653734922409, 0.1726185828447342, -0.13217781484127045, 0.9522154331207275, 0.275344580411911, -0.14061139523983002, -0.2929854094982147, 0.9457210898399353),
            ["LeftLowerArm"] = CFrame.new(-2.384185791015625e-07, -5.960464477539063e-08, -8.940696716308594e-08, 1, 2.1234161806660268e-07, -1.490115231206346e-08, 4.5448553009919124e-07, 0.983390212059021, -0.18150386214256287, 6.705523958316917e-08, 0.18150438368320465, 0.9833902716636658),
            ["RightUpperArm"] = CFrame.new(0.00040018558502197266, 0.0490034818649292, 0.00321999192237854, 0.5552905201911926, -0.613930881023407, -0.5610181093215942, 0.5308421850204468, 0.7809334397315979, -0.32916495203971863, 0.6402024626731873, -0.1150301992893219, 0.7595453858375549),
            ["Head"] = CFrame.new(0, -1.1920928955078125e-07, -1.4901161193847656e-08, 0.7122309803962708, -0.0442156083881855, 0.7005511522293091, -0.06464890390634537, 0.9896405339241028, 0.1281883418560028, -0.6989618539810181, -0.13658958673477173, 0.7019942402839661),
            ["RightHand"] = CFrame.new(3.2782554626464844e-07, 0, -2.9802322387695312e-08, 0.9732409119606018, -0.22967758774757385, 0.007100316230207682, 0.22832152247428894, 0.9700556397438049, 0.08283306658267975, -0.02591279149055481, -0.0789952203631401, 0.9965382218360901),
            ["UpperTorso"] = CFrame.new(2.149317879229784e-08, -1.1920928955078125e-07, -2.60770320892334e-08, 0.8147364854812622, 0.03142302483320236, -0.5789793729782104, 0.20697703957557678, 0.916985809803009, 0.3410245180130005, 0.541631817817688, -0.3976805806159973, 0.7405977845191956),
            ["HumanoidRootPart"] = CFrame.new(0, 0, 0, 1, 0, 0, 0, 1, 0, 0, 0, 1),
            ["RightUpperLeg"] = CFrame.new(5.960464477539063e-08, -1.4901161193847656e-07, -1.968510332517326e-08, 0.9991946220397949, -0.04011206701397896, -0.0010553267784416676, 0.02231096848845482, 0.5772424936294556, -0.8162679672241211, 0.0333515927195549, 0.8155869841575623, 0.5776724815368652),
            ["LeftUpperArm"] = CFrame.new(0.0002790689468383789, 0.03416764736175537, 0.0022451579570770264, 0.5690870881080627, 0.747150719165802, -0.34337368607521057, -0.7975633144378662, 0.39994141459465027, -0.45159679651260376, -0.2000816911458969, 0.5308602452278137, 0.8235016465187073),
            ["RightLowerArm"] = CFrame.new(2.384185791015625e-07, 2.980232238769531e-07, -8.940696716308594e-08, 1, 2.9802340151263707e-08, 1.266598985694145e-07, 2.458692165419052e-07, 0.9904813766479492, -0.13764680922031403, 1.0430815677864302e-07, 0.13764707744121552, 0.990481436252594),
            ["LeftHand"] = CFrame.new(3.8743019104003906e-07, 5.960464477539063e-08, 7.644625506630354e-20, 0.6741641163825989, 0.7021533250808716, -0.2290915995836258, -0.7008016109466553, 0.7060630917549133, 0.101746566593647, 0.23319485783576965, 0.09195420145988464, 0.9680727124214172),
            ["LeftFoot"] = CFrame.new(-3.4223376133013517e-08, 1.1920928955078125e-07, 6.059076440578792e-08, 0.984584391117096, -0.04267052933573723, 0.16962631046772003, 0.049376919865608215, 0.9981486201286316, -0.035515133291482925, -0.16779658198356628, 0.04334358870983124, 0.9848684072494507),
            ["LowerTorso"] = CFrame.new(-0.18960605561733246, 0.002310633659362793, 0.09593147039413452, 0.9642117619514465, -0.09119191765785217, -0.24895727634429932, 0.000031911164114717394, 0.9390288591384888, -0.3438383936882019, 0.2651333212852478, 0.331525057554245, 0.9054256081581116),
