return {
    ["Tiniest Violin"] = {
        {Time = 0.000, Data = {
            ["RightFoot"] = CFrame.new(7.450580596923828e-09, 2.384185791015625e-07, -1.3205863069742918e-08, 0.9970862865447998, 0.04627543315291405, -0.060642898082733154, -0.06213909387588501, 0.9538350701332092, -0.293832004070282, 0.044246334582567215, 0.2967446744441986, 0.9539315104484558),
            ["LeftLowerArm"] = CFrame.new(4.76837158203125e-07, 0.0000010728836059570312, 5.21540641784668e-08, 1, -1.4901162970204496e-08, -3.3527612686157227e-08, 1.3038517820973539e-08, 0.9800341129302979, -0.1988297998905182, -1.3969840395589017e-08, 0.19882972538471222, 0.9800341129302979),
            ["RightUpperArm"] = CFrame.new(-2.980232238769531e-07, -5.960464477539062e-07, -1.2665987014770508e-07, 0.7726562023162842, -0.28587090969085693, -0.5668159127235413, 0.07899703085422516, 0.9292270541191101, -0.36096638441085815, 0.6298904418945312, 0.23412612080574036, 0.7405558228492737),
            ["Head"] = CFrame.new(-5.4016709327697754e-08, -8.344650268554688e-07, 0, 0.9397611618041992, -0.24114757776260376, 0.2422744333744049, 0.21741878986358643, 0.9685831665992737, 0.120729960501194, -0.26377660036087036, -0.060782305896282196, 0.9626668691635132),
            ["RightHand"] = CFrame.new(1.4901161193847656e-07, -2.384185791015625e-07, 4.470348358154297e-08, 0.2481362521648407, -0.6935535073280334, -0.6763224601745605, 0.8493091464042664, 0.491555780172348, -0.19247597455978394, 0.46594250202178955, -0.5266465544700623, 0.7110140323638916),
            ["UpperTorso"] = CFrame.new(-7.450580596923828e-09, 4.76837158203125e-07, 3.5390257835388184e-08, 0.9869529604911804, -0.10353361070156097, -0.12330714613199234, 0.10918816179037094, 0.9932160377502441, 0.04000058025121689, 0.11832918226718903, -0.05294237658381462, 0.9915620684623718),
            ["HumanoidRootPart"] = CFrame.new(0, 0, 0, 1, 0, 0, 0, 1, 0, 0, 0, 1),
            ["RightUpperLeg"] = CFrame.new(-1.1920928955078125e-07, -2.1327286958694458e-07, -7.620110409334302e-08, 0.8903236389160156, -0.2368830293416977, -0.38885778188705444, 0.11004382371902466, 0.9406429529190063, -0.3210628628730774, 0.4418306350708008, 0.24305815994739532, 0.8635440468788147),
            ["LeftUpperArm"] = CFrame.new(5.960464477539063e-08, 1.1920928955078125e-07, -1.4901161193847656e-08, 0.9754047393798828, 0.22040745615959167, 0.0025162403471767902, -0.22038933634757996, 0.9753934144973755, -0.006021858658641577, -0.0037815370596945286, 0.005319211166352034, 0.99997878074646),
            ["RightLowerArm"] = CFrame.new(-5.066394805908203e-07, 5.960464477539063e-08, -4.470348358154297e-07, 1, -5.21540464148984e-08, 1.3038508939189342e-07, 6.705523247774181e-08, -0.5867719054222107, -0.8097522854804993, 1.3783575525394554e-07, 0.8097522854804993, -0.5867719054222107),
            ["LeftHand"] = CFrame.new(8.940696716308594e-08, -1.7881393432617188e-07, 1.1920928955078125e-07, 0.996249258518219, -0.018968654796481133, 0.08442523330450058, 0.023352958261966705, 0.9984127879142761, -0.051249973475933075, -0.08331909775733948, 0.053029339760541916, 0.9951109886169434),
            ["LeftFoot"] = CFrame.new(-6.51925802230835e-08, 0, -2.2351741790771484e-08, 0.9969128966331482, -0.010261137038469315, 0.07784271240234375, 0.04004426300525665, 0.9192370176315308, -0.39166292548179626, -0.0675373449921608, 0.393571138381958, 0.9168100357055664),
            ["LowerTorso"] = CFrame.new(-0.11554770171642303, -0.0869755744934082, -0.21172963082790375, 0.9848003387451172, 0.014615917578339577, -0.17307443916797638, -0.027713323011994362, 0.996910035610199, -0.07350212335586548, 0.17146530747413635, 0.0771813839673996, 0.9821622967720032),
            ["RightLowerLeg"] = CFrame.new(-3.3527612686157227e-08, -0.000003635883331298828, -0.000013305041647981852, 1, -7.078052277620372e-08, 4.749746196353044e-08, 8.195638656616211e-08, 0.7810894250869751, 0.6244187951087952, -1.3969838619232178e-07, -0.6244193315505981, 0.781089723110199),
            ["LeftUpperLeg"] = CFrame.new(-2.384185791015625e-07, 2.2258609533309937e-07, 2.2351741790771484e-08, 0.9588044881820679, -0.029352374374866486, 0.2825465202331543, -0.011044959537684917, 0.990043044090271, 0.14033129811286926, -0.2838520109653473, -0.13767099380493164, 0.948933482170105),
            ["LeftLowerLeg"] = CFrame.new(4.6566128730773926e-08, 0.000003933906555175781, 0.000013306736946105957, 1, 2.7008358216562556e-08, 7.450582373280668e-09, -3.259629011154175e-08, 0.9452226758003235, 0.3264264464378357, 2.0954757928848267e-09, -0.32642650604248047, 0.9452227354049683),
        }},
        {Time = 0.033, Data = {
            ["RightFoot"] = CFrame.new(-1.1175870895385742e-08, 2.384185791015625e-07, 1.6596459317952394e-08, 0.9970853924751282, 0.04634799808263779, -0.06060173362493515, -0.06219398230314255, 0.9538451433181763, -0.2937878370285034, 0.04418844357132912, 0.2967008352279663, 0.9539476633071899),
            ["LeftLowerArm"] = CFrame.new(0.0000011026859283447266, 0.0000010728836059570312, -4.470348358154297e-08, 1, -2.2351745343485163e-08, 0, -1.1175870895385742e-08, 0.9792413115501404, -0.20269818603992462, -2.1420419216156006e-08, 0.20269814133644104, 0.9792412519454956),
            ["RightUpperArm"] = CFrame.new(-1.1920928955078125e-07, -5.960464477539062e-07, -8.940696716308594e-08, 0.7746672630310059, -0.28443774580955505, -0.5647884607315063, 0.07842245697975159, 0.9294480681419373, -0.3605223298072815, 0.6274875998497009, 0.23499278724193573, 0.7423191666603088),
            ["Head"] = CFrame.new(-1.0710209608078003e-07, -1.1920928955078125e-07, 2.2351741790771484e-08, 0.9395326972007751, -0.2418779730796814, 0.2424325793981552, 0.2183375507593155, 0.9684564471244812, 0.12008719146251678, -0.2638317942619324, -0.05989371985197067, 0.9627074003219604),
            ["RightHand"] = CFrame.new(-2.2351741790771484e-07, 2.980232238769531e-07, -3.7997961044311523e-07, 0.24710297584533691, -0.6940232515335083, -0.6762189269065857, 0.8501927852630615, 0.4900886118412018, -0.1923159509897232, 0.4648789167404175, -0.5273945331573486, 0.7111557722091675),
            ["UpperTorso"] = CFrame.new(-1.1175870895385742e-08, 1.1920928955078125e-07, 3.91155481338501e-08, 0.9868415594100952, -0.10440134257078171, -0.12346753478050232, 0.11009854078292847, 0.9931058883666992, 0.04023917764425278, 0.11841525137424469, -0.053303301334381104, 0.9915324449539185),
            ["HumanoidRootPart"] = CFrame.new(0, 0, 0, 1, 0, 0, 0, 1, 0, 0, 0, 1),
            ["RightUpperLeg"] = CFrame.new(-5.960464477539063e-08, -1.364387571811676e-07, 4.300818545743823e-08, 0.8902044892311096, -0.23728010058403015, -0.3888886272907257, 0.11059347540140152, 0.9406713843345642, -0.32079020142555237, 0.4419335126876831, 0.24256031215190887, 0.863631546497345),
            ["LeftUpperArm"] = CFrame.new(-1.1920928955078125e-07, 3.5762786865234375e-07, -8.940696716308594e-08, 0.9751516580581665, 0.2215055525302887, 0.003828571178019047, -0.22147297859191895, 0.9751377105712891, -0.007495339494198561, -0.005393584258854389, 0.006461170967668295, 0.9999645948410034),
            ["RightLowerArm"] = CFrame.new(-7.152557373046875e-07, 5.960464477539062e-07, 6.109476089477539e-07, 1, -5.960464477539063e-08, 1.601873833578793e-07, 7.4505820180093e-08, -0.5870213508605957, -0.8095715045928955, 1.0058285937475375e-07, 0.8095715045928955, -0.5870212912559509),
            ["LeftHand"] = CFrame.new(-2.980232238769531e-07, -5.960464477539063e-08, -1.7881393432617188e-07, 0.9962661266326904, -0.01901959255337715, 0.0842149555683136, 0.023532330989837646, 0.9983214735984802, -0.05292141065001488, -0.08306697010993958, 0.0547056719660759, 0.9950413107872009),
            ["LeftFoot"] = CFrame.new(-3.725290298461914e-08, 1.7881393432617188e-07, 2.9802322387695312e-08, 0.9969162344932556, -0.010157863609492779, 0.07781273871660233, 0.03988151624798775, 0.9195652008056641, -0.39090827107429504, -0.06758341938257217, 0.3928063213825226, 0.917134702205658),
            ["LowerTorso"] = CFrame.new(-0.11570119857788086, -0.08685016632080078, -0.21165697276592255, 0.9848209619522095, 0.014809785410761833, -0.1729402095079422, -0.027986964210867882, 0.9968649744987488, -0.0740070566534996, 0.17130199074745178, 0.07772377878427505, 0.9821479916572571),
            ["RightLowerLeg"] = CFrame.new(-6.705522537231445e-08, -0.000003635883331298828, -0.000013305041647981852, 1, -9.685752644372769e-08, -2.7008354663848877e-08, 6.70552182668871e-08, 0.781083345413208, 0.6244262456893921, -9.685753354915505e-08, -0.6244267821311951, 0.7810837626457214),
            ["LeftUpperLeg"] = CFrame.new(-2.384185791015625e-07, 4.805624485015869e-07, -7.450580596923828e-09, 0.958838939666748, -0.02991422265768051, 0.2823707163333893, -0.010813368484377861, 0.989867091178894, 0.14158491790294647, -0.2837446630001068, -0.13881056010723114, 0.9487995505332947),
            ["LeftLowerLeg"] = CFrame.new(1.1175870895385742e-08, 0.000004351139068603516, 0.000013336539268493652, 1, 2.8870999813079834e-08, 7.916243660588407e-09, -2.8870999813079834e-08, 0.9457228183746338, 0.32497450709342957, 1.6298145055770874e-08, -0.3249744772911072, 0.9457228779792786),
        }},
        {Time = 0.067, Data = {
            ["RightFoot"] = CFrame.new(2.60770320892334e-08, 2.980232238769531e-07, 2.4047039914876223e-08, 0.9970869421958923, 0.04637344926595688, -0.06055779755115509, -0.06220663711428642, 0.9538368582725525, -0.2938125431537628, 0.04413716495037079, 0.2967236638069153, 0.9539429545402527),
            ["LeftLowerArm"] = CFrame.new(1.1920928955078125e-07, 7.748603820800781e-07, -2.9802322387695312e-08, 1, -2.235175244891252e-08, 3.725291630729544e-09, 1.3038519597330378e-08, 0.9785030484199524, -0.20623281598091125, 2.328306969445748e-08, 0.20623280107975006, 0.9785029888153076),
            ["RightUpperArm"] = CFrame.new(1.1920928955078125e-07, -3.5762786865234375e-07, -9.685754776000977e-08, 0.7759643197059631, -0.28278234601020813, -0.5638383030891418, 0.07736418396234512, 0.929796576499939, -0.35985177755355835, 0.6260146498680115, 0.23561124503612518, 0.7433660626411438),
            ["Head"] = CFrame.new(8.381903171539307e-09, -1.1920928955078125e-07, 5.21540641784668e-08, 0.9394417405128479, -0.24231350421905518, 0.2423497885465622, 0.21905562281608582, 0.968413233757019, 0.11912385374307632, -0.263560026884079, -0.058821845799684525, 0.962847888469696),
            ["RightHand"] = CFrame.new(-2.086162567138672e-07, -4.172325134277344e-07, -1.1920928955078125e-07, 0.24519503116607666, -0.6948734521865845, -0.6760404109954834, 0.8518128395080566, 0.48738542199134827, -0.19201645255088806, 0.46291929483413696, -0.5287782549858093, 0.711406409740448),
            ["UpperTorso"] = CFrame.new(1.30385160446167e-08, 1.1920928955078125e-07, 3.5390257835388184e-08, 0.9867430925369263, -0.10530194640159607, -0.1234893873333931, 0.1110353022813797, 0.99299156665802, 0.040484197437763214, 0.11836091428995132, -0.053659189492464066, 0.9915197491645813),
            ["HumanoidRootPart"] = CFrame.new(0, 0, 0, 1, 0, 0, 0, 1, 0, 0, 0, 1),
            ["RightUpperLeg"] = CFrame.new(5.960464477539063e-08, -8.218921720981598e-07, 5.045876605436206e-08, 0.8900298476219177, -0.23769426345825195, -0.38903510570526123, 0.11100239306688309, 0.9406329393386841, -0.32076194882392883, 0.4421825408935547, 0.24230395257472992, 0.8635760545730591),
            ["LeftUpperArm"] = CFrame.new(0, 0, 5.960464477539063e-08, 0.9748873710632324, 0.22264575958251953, 0.004848537966609001, -0.222599595785141, 0.9748722910881042, -0.00858007650822401, -0.006636959500610828, 0.00728533323854208, 0.9999514818191528),
            ["RightLowerArm"] = CFrame.new(-2.384185791015625e-07, 5.960464477539062e-07, 3.5762786865234375e-07, 1, -6.705521116145974e-08, 1.452861937423222e-07, 6.705521116145974e-08, -0.5870629549026489, -0.8095412850379944, 2.1979207076583407e-07, 0.8095412850379944, -0.5870630741119385),
            ["LeftHand"] = CFrame.new(1.4901161193847656e-08, 1.7881393432617188e-07, -1.1920928955078125e-07, 0.9962869882583618, -0.018950998783111572, 0.08398254215717316, 0.02361741103231907, 0.9982112050056458, -0.05492386966943741, -0.08279149234294891, 0.0567033588886261, 0.9949524402618408),
            ["LeftFoot"] = CFrame.new(1.0710209608078003e-08, 0, -2.9802322387695312e-08, 0.9969168901443481, -0.010058159939944744, 0.07781823724508286, 0.03975162282586098, 0.919800877571106, -0.3903670012950897, -0.06765078008174896, 0.3922567665576935, 0.9173646569252014),
            ["LowerTorso"] = CFrame.new(-0.11580351740121841, -0.08677411079406738, -0.21146996319293976, 0.9848647713661194, 0.015027182176709175, -0.1726723611354828, -0.028240585699677467, 0.9968343377113342, -0.07432310283184052, 0.1710088551044464, 0.07807456701993942, 0.9821712374687195),
            ["RightLowerLeg"] = CFrame.new(7.078051567077637e-08, -0.0000037550926208496094, -0.000013245437003206462, 1, -1.0803344707710494e-07, -5.681067705154419e-08, 6.70552182668871e-08, 0.7809818387031555, 0.6245536804199219, -1.0617075929530984e-07, -0.6245537996292114, 0.7809819579124451),
            ["LeftUpperLeg"] = CFrame.new(0, 3.6135315895080566e-07, -1.4901161193847656e-08, 0.9589208364486694, -0.03030991740524769, 0.2820499837398529, -0.01053740456700325, 0.9897832870483398, 0.14219048619270325, -0.2834782004356384, -0.1393214911222458, 0.9488044381141663),
            ["LeftLowerLeg"] = CFrame.new(3.725290298461914e-09, 0.0000040531158447265625, 0.000013284385204315186, 1, 2.9802318834981634e-08, -4.6566123179658803e-10, -2.6542696929254816e-08, 0.9459936618804932, 0.32418498396873474, -1.2456441211838865e-08, -0.32418501377105713, 0.9459937810897827),
        }},
        {Time = 0.100, Data = {
            ["RightFoot"] = CFrame.new(-9.313225746154785e-09, 2.980232238769531e-07, 5.3849362302571535e-08, 0.9970902800559998, 0.0463603176176548, -0.06051333621144295, -0.0621810220181942, 0.9538364410400391, -0.293819397687912, 0.044098082929849625, 0.2967270612716675, 0.95394366979599),
            ["LeftLowerArm"] = CFrame.new(6.854534149169922e-07, 8.940696716308594e-07, -9.685754776000977e-08, 1, -2.2351745343485163e-08, 4.4703490686970326e-08, 3.911553747570906e-08, 0.977844774723053, -0.20933181047439575, 9.313223969797946e-09, 0.20933179557323456, 0.9778447151184082),
            ["RightUpperArm"] = CFrame.new(-1.1920928955078125e-07, -8.344650268554688e-07, -8.195638656616211e-08, 0.7770647406578064, -0.28094708919525146, -0.5632399916648865, 0.07620402425527573, 0.9302648901939392, -0.3588874340057373, 0.6247907280921936, 0.23595763742923737, 0.7442852258682251),
            ["Head"] = CFrame.new(-4.377216100692749e-08, 1.1920928955078125e-07, 2.9802322387695312e-08, 0.9394460320472717, -0.2424338459968567, 0.2422131597995758, 0.21939872205257416, 0.9684299230575562, 0.11835445463657379, -0.26325953006744385, -0.058046385645866394, 0.9629772305488586),
            ["RightHand"] = CFrame.new(-1.043081283569336e-07, -1.7881393432617188e-07, -2.2351741790771484e-07, 0.2427317500114441, -0.695967435836792, -0.6758037209510803, 0.853905200958252, 0.4838722050189972, -0.1916079819202423, 0.46035563945770264, -0.5305629372596741, 0.7117413282394409),
            ["UpperTorso"] = CFrame.new(1.6763806343078613e-08, 2.384185791015625e-07, -1.1175870895385742e-08, 0.9866498112678528, -0.1062125414609909, -0.12345543503761292, 0.11197354644536972, 0.9928780794143677, 0.04068306088447571, 0.11825519800186157, -0.053963664919137955, 0.9915158152580261),
            ["HumanoidRootPart"] = CFrame.new(0, 0, 0, 1, 0, 0, 0, 1, 0, 0, 0, 1),
            ["RightUpperLeg"] = CFrame.new(-2.9802322387695312e-08, 3.5390257835388184e-07, -2.4047039914876223e-08, 0.8898041248321533, -0.23806266486644745, -0.3893260955810547, 0.11128918081521988, 0.9405881762504578, -0.32079359889030457, 0.44256460666656494, 0.2421158403158188, 0.8634331822395325),
            ["LeftUpperArm"] = CFrame.new(3.5762786865234375e-07, -1.1920928955078125e-07, 2.9802322387695312e-08, 0.9746280908584595, 0.22375793755054474, 0.0057060690596699715, -0.22370153665542603, 0.9746150970458984, -0.009122327901422977, -0.007602350786328316, 0.007614416070282459, 0.9999421238899231),
            ["RightLowerArm"] = CFrame.new(-1.4901161193847656e-07, 8.344650268554688e-07, -2.384185791015625e-07, 1, -5.215405707303944e-08, 1.3783565577796253e-07, 7.450580596923828e-08, -0.5869371294975281, -0.8096324801445007, 1.7508864402770996e-07, 0.8096325397491455, -0.5869371294975281),
            ["LeftHand"] = CFrame.new(-8.940696716308594e-08, 5.960464477539063e-08, 0, 0.9963088631629944, -0.018811747431755066, 0.08375435322523117, 0.02363494783639908, 0.9980959296226501, -0.05697398632764816, -0.08252311497926712, 0.05874323099851608, 0.9948563575744629),
            ["LeftFoot"] = CFrame.new(-4.7031790018081665e-08, 1.1920928955078125e-07, -1.4901161193847656e-08, 0.9969176054000854, -0.009967425838112831, 0.07782000303268433, 0.03963642194867134, 0.9199913740158081, -0.38992923498153687, -0.06770741194486618, 0.3918120265007019, 0.9175506830215454),
            ["LowerTorso"] = CFrame.new(-0.11586198210716248, -0.0867009162902832, -0.21118958294391632, 0.9849311709403992, 0.015232337638735771, -0.1722746640443802, -0.02845078520476818, 0.9968134164810181, -0.07452208548784256, 0.17059054970741272, 0.07830047607421875, 0.9822260141372681),
            ["RightLowerLeg"] = CFrame.new(-1.043081283569336e-07, -0.000004112720489501953, -0.000013156030036043376, 1, -6.705523958316917e-08, 5.681067705154419e-08, 1.0430815677864302e-07, 0.7809152603149414, 0.6246368288993835, 6.705523958316917e-08, -0.6246370077133179, 0.780915379524231),
            ["LeftUpperLeg"] = CFrame.new(0, 5.140900611877441e-07, -1.4901161193847656e-08, 0.959038257598877, -0.03055734373629093, 0.2816240191459656, -0.010268799029290676, 0.9897612929344177, 0.1423625946044922, -0.28309059143066406, -0.1394232213497162, 0.9489051103591919),
            ["LeftLowerLeg"] = CFrame.new(5.774199962615967e-08, 0.0000037550926208496094, 0.000013336539268493652, 1, 2.3283064365386963e-08, 2.6077035641947077e-08, -2.3283060812673284e-08, 0.9461262226104736, 0.3237982392311096, -1.3620590877394534e-08, -0.32379820942878723, 0.9461262226104736),
        }},
        {Time = 0.133, Data = {
            ["RightFoot"] = CFrame.new(-1.862645149230957e-09, 3.5762786865234375e-07, 3.894820110872388e-08, 0.9970951676368713, 0.04632788151502609, -0.060457587242126465, -0.062132854014635086, 0.9538434743881226, -0.29380661249160767, 0.044055789709091187, 0.29670947790145874, 0.9539511203765869),
            ["LeftLowerArm"] = CFrame.new(-5.066394805908203e-07, 0.000002086162567138672, 7.450580596923828e-08, 1, -2.9802322387695312e-08, -2.607702853651972e-08, 1.303851426825986e-08, 0.9772887825965881, -0.2119118571281433, -1.6763804566721774e-08, 0.2119118571281433, 0.9772887825965881),
            ["RightUpperArm"] = CFrame.new(-1.7881393432617188e-07, -8.344650268554688e-07, -9.685754776000977e-08, 0.7779982686042786, -0.27902933955192566, -0.5629044771194458, 0.07503043860197067, 0.9308169484138489, -0.3577014207839966, 0.6237701177597046, 0.2360561490058899, 0.7451096177101135),
            ["Head"] = CFrame.new(-2.9802322387695312e-08, -4.76837158203125e-07, 2.2351741790771484e-08, 0.9395487904548645, -0.24231640994548798, 0.24193160235881805, 0.2195056974887848, 0.9684996604919434, 0.11758297681808472, -0.2628028392791748, -0.05736958235502243, 0.9631425142288208),
            ["RightHand"] = CFrame.new(-1.7881393432617188e-07, 5.960464477539062e-07, 1.7881393432617188e-07, 0.24013012647628784, -0.6970970034599304, -0.6755688786506653, 0.8560925722122192, 0.4801660478115082, -0.1911703199148178, 0.4576495289802551, -0.5324437022209167, 0.7120819687843323),
            ["UpperTorso"] = CFrame.new(1.30385160446167e-08, 3.5762786865234375e-07, 1.30385160446167e-08, 0.9865601062774658, -0.10709300637245178, -0.12341082841157913, 0.11287682503461838, 0.9927690625190735, 0.04084876924753189, 0.11814380437135696, -0.054229985922575, 0.9915145635604858),
            ["HumanoidRootPart"] = CFrame.new(0, 0, 0, 1, 0, 0, 0, 1, 0, 0, 0, 1),
            ["RightUpperLeg"] = CFrame.new(-5.960464477539063e-08, 5.960464477539063e-08, 3.55576048605144e-08, 0.8895307183265686, -0.23836572468280792, -0.38976535201072693, 0.11148388683795929, 0.9405681490898132, -0.3207847774028778, 0.44306498765945435, 0.24189530313014984, 0.8632382154464722),
            ["LeftUpperArm"] = CFrame.new(2.980232238769531e-07, 0, -1.4901161193847656e-08, 0.9743798971176147, 0.2248166799545288, 0.006427995394915342, -0.22475428879261017, 0.9743722081184387, -0.009185216389596462, -0.008328174240887165, 0.007505182176828384, 0.9999372363090515),
            ["RightLowerArm"] = CFrame.new(-2.980232238769531e-07, 7.152557373046875e-07, 1.4901161193847656e-08, 1, -9.685752644372769e-08, 1.7136329688582919e-07, 7.450580596923828e-08, -0.5866883397102356, -0.8098129034042358, 8.940696716308594e-08, 0.8098128437995911, -0.5866882801055908),
            ["LeftHand"] = CFrame.new(1.341104507446289e-07, -2.384185791015625e-07, 5.960464477539063e-08, 0.9963284730911255, -0.01865081675350666, 0.08355727791786194, 0.02361215464770794, 0.9979912638664246, -0.05878724902868271, -0.08229301124811172, 0.06054433062672615, 0.994767427444458),
            ["LeftFoot"] = CFrame.new(1.3969838619232178e-08, 1.1920928955078125e-07, -2.2351741790771484e-08, 0.9969184994697571, -0.009884780272841454, 0.07781897485256195, 0.039537206292152405, 0.9201252460479736, -0.3896236717700958, -0.06775197386741638, 0.39149972796440125, 0.9176806211471558),
            ["LowerTorso"] = CFrame.new(-0.11588755995035172, -0.08663177490234375, -0.2108624130487442, 0.9850179553031921, 0.015388826839625835, -0.17176388204097748, -0.02859453111886978, 0.9967979192733765, -0.07467564940452576, 0.17006470263004303, 0.07846838235855103, 0.9823037981987),
            ["RightLowerLeg"] = CFrame.new(2.60770320892334e-08, -0.0000035762786865234375, -0.000013394448615144938, 1, -5.215407838932151e-08, 8.381904059717726e-09, 9.313227167240257e-08, 0.780903697013855, 0.6246513724327087, -9.126962652317161e-08, -0.6246514320373535, 0.7809038162231445),
            ["LeftUpperLeg"] = CFrame.new(-2.384185791015625e-07, 5.522742867469788e-07, -5.21540641784668e-08, 0.9591862559318542, -0.03064678981900215, 0.2811098098754883, -0.010049995966255665, 0.9897869825363159, 0.1421993523836136, -0.2825967073440552, -0.1392209231853485, 0.94908207654953),
            ["LeftLowerLeg"] = CFrame.new(8.009374141693115e-08, 0.0000040531158447265625, 0.000013381242752075195, 1, 2.3283064365386963e-08, 1.3969835066518499e-08, -3.725289943190546e-08, 0.9461227059364319, 0.3238084614276886, -1.6530973923067904e-08, -0.32380837202072144, 0.9461226463317871),
        }},
        {Time = 0.167, Data = {
            ["RightFoot"] = CFrame.new(-9.313225746154785e-10, 3.5762786865234375e-07, -2.8107024263590574e-08, 0.9971007108688354, 0.04629198834300041, -0.06039286404848099, -0.062077004462480545, 0.9538620114326477, -0.29375743865966797, 0.04400823265314102, 0.29665523767471313, 0.9539703726768494),
            ["LeftLowerArm"] = CFrame.new(-2.086162567138672e-07, 5.960464477539063e-08, 1.2665987014770508e-07, 1, -2.2351741790771484e-08, 1.1175870895385742e-08, 2.7939673685750677e-08, 0.9768627285957336, -0.21386736631393433, -4.6566123179658803e-10, 0.21386735141277313, 0.9768627882003784),
            ["RightUpperArm"] = CFrame.new(-1.1920928955078125e-07, -7.152557373046875e-07, -1.1175870895385742e-07, 0.7787933945655823, -0.2771425247192383, -0.562736988067627, 0.07391033321619034, 0.931398868560791, -0.3564175069332123, 0.6229109764099121, 0.2359836846590042, 0.7458510398864746),
            ["Head"] = CFrame.new(-8.009374141693115e-08, -3.5762786865234375e-07, 3.725290298461914e-08, 0.9396949410438538, -0.24202093482017517, 0.24165992438793182, 0.2193964272737503, 0.968603789806366, 0.11692735552787781, -0.2623715102672577, -0.05685671418905258, 0.9632905125617981),
            ["RightHand"] = CFrame.new(0, 6.556510925292969e-07, -7.450580596923828e-08, 0.23781749606132507, -0.6980711221694946, -0.6753811240196228, 0.8580085039138794, 0.47688838839530945, -0.19078505039215088, 0.4552628993988037, -0.5341106057167053, 0.7123632431030273),
            ["UpperTorso"] = CFrame.new(7.450580596923828e-09, 4.172325134277344e-07, -2.421438694000244e-08, 0.986474335193634, -0.10789602994918823, -0.12339753657579422, 0.11369869112968445, 0.9926702380180359, 0.0409705825150013, 0.11807243525981903, -0.05444657802581787, 0.9915112257003784),
            ["HumanoidRootPart"] = CFrame.new(0, 0, 0, 1, 0, 0, 0, 1, 0, 0, 0, 1),
            ["RightUpperLeg"] = CFrame.new(-8.940696716308594e-08, 3.7066638469696045e-07, -3.894820110872388e-08, 0.889216959476471, -0.23857727646827698, -0.3903512954711914, 0.11157906800508499, 0.9405868053436279, -0.32069703936576843, 0.44367027282714844, 0.24161407351493835, 0.8630059957504272),
            ["LeftUpperArm"] = CFrame.new(1.1920928955078125e-07, -3.5762786865234375e-07, -2.9802322387695312e-08, 0.9741485118865967, 0.22579918801784515, 0.00703379325568676, -0.22573450207710266, 0.9741479158401489, -0.008934983983635902, -0.008869390934705734, 0.007116246502846479, 0.9999353885650635),
            ["RightLowerArm"] = CFrame.new(-3.8743019104003906e-07, 0.0000011324882507324219, -4.3213367462158203e-07, 1, -5.960463766996327e-08, 1.0803338312825872e-07, 8.195638656616211e-08, -0.5864390730857849, -0.8099934458732605, 1.7508864402770996e-07, 0.8099933862686157, -0.5864390134811401),
            ["LeftHand"] = CFrame.new(8.940696716308594e-08, 5.960464477539062e-07, -2.980232238769531e-07, 0.996342658996582, -0.018517915159463882, 0.08341849595308304, 0.023577557876706123, 0.9979149103164673, -0.06008267402648926, -0.0821320191025734, 0.061829760670661926, 0.9947016835212708),
            ["LeftFoot"] = CFrame.new(-8.381903171539307e-09, 5.960464477539063e-08, -2.2351741790771484e-08, 0.9969176054000854, -0.009797253645956516, 0.07784227281808853, 0.039455048739910126, 0.9201900362968445, -0.3894787132740021, -0.06781426817178726, 0.39134931564331055, 0.9177401661872864),
            ["LowerTorso"] = CFrame.new(-0.1158948764204979, -0.08656764030456543, -0.2105196863412857, 0.9851231575012207, 0.015473322942852974, -0.17115181684494019, -0.028648514300584793, 0.9967885613441467, -0.07477973401546478, 0.16944505274295807, 0.07857050746679306, 0.9824027419090271),
            ["RightLowerLeg"] = CFrame.new(-8.940696716308594e-08, -0.0000036954879760742188, -0.000013305041647981852, 1, -5.960464477539063e-08, 2.6077035641947077e-08, 8.940695295223122e-08, 0.7809779047966003, 0.6245580315589905, -1.2293456563838845e-07, -0.6245587468147278, 0.7809783816337585),
            ["LeftUpperLeg"] = CFrame.new(8.940696716308594e-08, 7.515773177146912e-07, -7.450580596923828e-09, 0.9593687057495117, -0.030570507049560547, 0.28049471974372864, -0.00988894235342741, 0.9898595213890076, 0.1417054384946823, -0.28198206424713135, -0.13872173428535461, 0.949337899684906),
            ["LeftLowerLeg"] = CFrame.new(1.0617077350616455e-07, 0.0000036954879760742188, 0.000013284385204315186, 1, 3.632158396271734e-08, -1.3969836842875338e-08, -3.4458935260772705e-08, 0.9459779262542725, 0.32423126697540283, -1.0477378964424133e-09, -0.32423120737075806, 0.9459778666496277),
        }},
        {Time = 0.200, Data = {
            ["RightFoot"] = CFrame.new(2.9802322387695312e-08, 3.5762786865234375e-07, -5.790934665128589e-08, 0.9971058368682861, 0.04626850411295891, -0.0603259839117527, -0.062031205743551254, 0.953889012336731, -0.29368001222610474, 0.04395637661218643, 0.296572208404541, 0.9539984464645386),
            ["LeftLowerArm"] = CFrame.new(2.980232238769531e-07, 0.0000017285346984863281, 2.2351741790771484e-08, 1, -7.450581485102248e-09, 1.1175873559921001e-08, 2.980232594040899e-08, 0.9765886068344116, -0.21511569619178772, -2.1886082279820585e-08, 0.21511569619178772, 0.9765886068344116),
            ["RightUpperArm"] = CFrame.new(-1.1920928955078125e-07, -4.76837158203125e-07, -1.1175870895385742e-07, 0.7794674038887024, -0.2753819227218628, -0.5626680254936218, 0.07286283373832703, 0.9319536685943604, -0.3551810383796692, 0.6221908926963806, 0.23585447669029236, 0.7464926838874817),
            ["Head"] = CFrame.new(-1.0058283805847168e-07, 3.5762786865234375e-07, -2.9802322387695312e-08, 0.9398838877677917, -0.2415580153465271, 0.24138808250427246, 0.21913112699985504, 0.9687502384185791, 0.11620944738388062, -0.26191598176956177, -0.05632777139544487, 0.9634454846382141),
            ["RightHand"] = CFrame.new(-7.450580596923828e-08, 0, -1.043081283569336e-07, 0.23622167110443115, -0.6987266540527344, -0.6752632260322571, 0.8593170046806335, 0.47463372349739075, -0.19051820039749146, 0.4536227881908417, -0.5352605581283569, 0.7125464081764221),
            ["UpperTorso"] = CFrame.new(3.91155481338501e-08, 2.980232238769531e-07, -7.636845111846924e-08, 0.986387312412262, -0.10862014442682266, -0.12345736473798752, 0.11443764716386795, 0.9925827980041504, 0.04102931171655655, 0.11808497458696365, -0.05459897965192795, 0.9915013909339905),
            ["HumanoidRootPart"] = CFrame.new(0, 0, 0, 1, 0, 0, 0, 1, 0, 0, 0, 1),
            ["RightUpperLeg"] = CFrame.new(-2.9802322387695312e-08, -2.3283064365386963e-07, -1.2835516827180982e-07, 0.8888669013977051, -0.23871049284934998, -0.3910665214061737, 0.11158590018749237, 0.9406372904777527, -0.3205466866493225, 0.44436946511268616, 0.24128589034080505, 0.8627380132675171),
            ["LeftUpperArm"] = CFrame.new(2.384185791015625e-07, 3.5762786865234375e-07, -1.4901161193847656e-07, 0.973942220211029, 0.22667068243026733, 0.007560485973954201, -0.22660678625106812, 0.973949670791626, -0.0084577277302742, -0.00928056612610817, 0.006524091120809317, 0.9999357461929321),
            ["RightLowerArm"] = CFrame.new(-2.086162567138672e-07, 7.152557373046875e-07, -2.2351741790771484e-07, 1, -3.725290298461914e-08, 1.1920927533992653e-07, 6.70552182668871e-08, -0.5862306952476501, -0.8101441860198975, 1.7881390590446244e-07, 0.8101442456245422, -0.5862306356430054),
            ["LeftHand"] = CFrame.new(-2.2351741790771484e-07, 1.1920928955078125e-07, -5.960464477539063e-08, 0.996347963809967, -0.018463267013430595, 0.0833662673830986, 0.023560255765914917, 0.9978855848312378, -0.060575488954782486, -0.08207153528928757, 0.062318362295627594, 0.9946762323379517),
            ["LeftFoot"] = CFrame.new(4.330649971961975e-08, -1.1920928955078125e-07, -2.9802322387695312e-08, 0.9969163537025452, -0.009706994518637657, 0.0778694748878479, 0.03938128426671028, 0.9201989769935608, -0.38946494460105896, -0.06787504255771637, 0.39133062958717346, 0.9177437424659729),
            ["LowerTorso"] = CFrame.new(-0.1158948764204979, -0.08650326728820801, -0.21019257605075836, 0.985245406627655, 0.015498987399041653, -0.17044469714164734, -0.028621895238757133, 0.9967873096466064, -0.07480666786432266, 0.16873764991760254, 0.07858138531446457, 0.9825236201286316),
            ["RightLowerLeg"] = CFrame.new(7.450580596923828e-09, -0.0000036954879760742188, -0.000013275239325594157, 1, -1.0058285937475375e-07, -2.2351748896198842e-08, 1.1548399925231934e-07, 0.7811389565467834, 0.6243570446968079, 3.166496753692627e-08, -0.6243572235107422, 0.7811391949653625),
            ["LeftUpperLeg"] = CFrame.new(-5.960464477539063e-08, 3.7532299757003784e-07, -1.1920928955078125e-07, 0.9595777988433838, -0.03036034107208252, 0.27980121970176697, -0.00977256242185831, 0.989970862865448, 0.14093351364135742, -0.2812737822532654, -0.13797122240066528, 0.9496573805809021),
            ["LeftLowerLeg"] = CFrame.new(-8.940696716308594e-08, 0.000003933906555175781, 0.00001325458288192749, 1, 2.8870999813079834e-08, 1.4901162970204496e-08, -3.026798722771673e-08, 0.9457270503044128, 0.32496222853660583, 2.3283067140944524e-10, -0.32496213912963867, 0.9457270503044128),
        }},
        {Time = 0.233, Data = {
            ["RightFoot"] = CFrame.new(2.0489096641540527e-08, 3.5762786865234375e-07, 1.6596459317952394e-08, 0.9971107840538025, 0.04626154899597168, -0.06024943292140961, -0.06199890375137329, 0.9539089798927307, -0.2936217784881592, 0.04388901963829994, 0.2965089678764343, 0.954021155834198),
            ["LeftLowerArm"] = CFrame.new(2.9802322387695312e-08, 0.0000019073486328125, 9.685754776000977e-08, 1, -2.9802322387695312e-08, 4.842878098543224e-08, 2.607702853651972e-08, 0.9764929413795471, -0.21554964780807495, 2.7939672797572257e-09, 0.21554960310459137, 0.9764929413795471),
            ["RightUpperArm"] = CFrame.new(-5.960464477539063e-08, -1.1920928955078125e-07, -8.940696716308594e-08, 0.780053436756134, -0.2738310396671295, -0.5626128315925598, 0.07196293771266937, 0.9324499368667603, -0.35406026244163513, 0.6215608716011047, 0.2356986701488495, 0.7470664381980896),
            ["Head"] = CFrame.new(-4.6566128730773926e-08, 3.5762786865234375e-07, 4.470348358154297e-08, 0.9401142597198486, -0.2409220039844513, 0.2411264181137085, 0.21871954202651978, 0.96894371509552, 0.11536888033151627, -0.2614327371120453, -0.055720869451761246, 0.9636120200157166),
            ["RightHand"] = CFrame.new(-4.470348358154297e-08, 4.172325134277344e-07, -1.1920928955078125e-07, 0.2353706955909729, -0.6990687847137451, -0.6752064228057861, 0.8600081205368042, 0.4734369218349457, -0.1903776377439499, 0.4527547359466553, -0.5358735918998718, 0.7126379013061523),
            ["UpperTorso"] = CFrame.new(1.4901161193847656e-08, 1.7881393432617188e-07, -2.0489096641540527e-08, 0.9862957000732422, -0.10929372161626816, -0.12359502911567688, 0.11512762308120728, 0.992501437664032, 0.04106718301773071, 0.11817983537912369, -0.05473359301686287, 0.9914826154708862),
            ["HumanoidRootPart"] = CFrame.new(0, 0, 0, 1, 0, 0, 0, 1, 0, 0, 0, 1),
            ["RightUpperLeg"] = CFrame.new(-5.960464477539063e-08, -3.618188202381134e-07, -4.639878170564771e-08, 0.888482928276062, -0.23880021274089813, -0.39188337326049805, 0.11154678463935852, 0.940713107585907, -0.3203374147415161, 0.44514647126197815, 0.2409011572599411, 0.862445056438446),
            ["LeftUpperArm"] = CFrame.new(0, 0.0000010728836059570312, -4.470348358154297e-08, 0.9737681150436401, 0.22740218043327332, 0.00800638273358345, -0.22734160721302032, 0.9737837910652161, -0.007809391710907221, -0.009572308510541916, 0.005784354638308287, 0.9999375343322754),
            ["RightLowerArm"] = CFrame.new(-3.8743019104003906e-07, 2.980232238769531e-07, -1.1920928955078125e-07, 1, -1.1920923270736239e-07, 1.452861937423222e-07, 6.705523247774181e-08, -0.5861469507217407, -0.8102047443389893, 1.303851746570217e-07, 0.8102047443389893, -0.5861470699310303),
            ["LeftHand"] = CFrame.new(-1.341104507446289e-07, 1.1920928955078125e-07, 0, 0.996347963809967, -0.018460702151060104, 0.08336727321147919, 0.02355586737394333, 0.9978870749473572, -0.06055311858654022, -0.08207327127456665, 0.062295813113451004, 0.9946774840354919),
            ["LeftFoot"] = CFrame.new(-2.60770320892334e-08, -5.960464477539063e-08, -7.450580596923828e-09, 0.9969139099121094, -0.009623710066080093, 0.07791103422641754, 0.03932598605751991, 0.920171856880188, -0.38953477144241333, -0.06794293224811554, 0.39139652252197266, 0.9177106022834778),
            ["LowerTorso"] = CFrame.new(-0.11587294191122055, -0.08644461631774902, -0.20991738140583038, 0.9853801727294922, 0.015487485565245152, -0.16966457664966583, -0.02854386903345585, 0.9967909455299377, -0.0747874528169632, 0.16796183586120605, 0.07853695750236511, 0.9826600551605225),
            ["RightLowerLeg"] = CFrame.new(-2.60770320892334e-08, -0.0000035762786865234375, -0.000013156030036043376, 1, -5.960465188081798e-08, 8.847569432646196e-08, 1.1175872316471214e-07, 0.7813416123390198, 0.6241034269332886, 6.33299421792799e-08, -0.6241036057472229, 0.7813417911529541),
            ["LeftUpperLeg"] = CFrame.new(5.960464477539063e-08, 5.513429641723633e-07, -6.705522537231445e-08, 0.959810733795166, -0.03006652742624283, 0.2790333032608032, -0.009692968800663948, 0.9901002049446106, 0.14002719521522522, -0.2804809808731079, -0.1371043622493744, 0.9500173926353455),
            ["LeftLowerLeg"] = CFrame.new(9.872019290924072e-08, 0.000003933906555175781, 0.000013284385204315186, 1, 3.259628655882807e-08, -1.303851249190302e-08, -2.9802318834981634e-08, 0.9454208016395569, 0.3258522152900696, 1.979060249013287e-09, -0.32585224509239197, 0.9454207420349121),
        }},
        {Time = 0.267, Data = {
            ["RightFoot"] = CFrame.new(0, 3.5762786865234375e-07, 2.4047039914876223e-08, 0.9971151351928711, 0.04626936838030815, -0.06017196550965309, -0.061983056366443634, 0.9539142847061157, -0.2936079204082489, 0.04381440952420235, 0.2964906096458435, 0.9540302753448486),
            ["LeftLowerArm"] = CFrame.new(5.662441253662109e-07, 9.5367431640625e-07, 4.470348358154297e-08, 1, 0, 2.2351745343485163e-08, 3.725290298461914e-09, 0.9765391945838928, -0.21533989906311035, -2.6542693376541138e-08, 0.21533986926078796, 0.9765392541885376),
            ["RightUpperArm"] = CFrame.new(-1.1920928955078125e-07, 0, -5.960464477539063e-08, 0.7805571556091309, -0.2725915014743805, -0.5625160932540894, 0.0712445005774498, 0.9328364133834839, -0.3531862497329712, 0.6210110783576965, 0.2356058657169342, 0.7475528120994568),
            ["Head"] = CFrame.new(4.284083843231201e-08, 8.344650268554688e-07, 2.2351741790771484e-08, 0.9403738379478455, -0.24018262326717377, 0.240851491689682, 0.21816852688789368, 0.969153106212616, 0.11465082317590714, -0.26095905900001526, -0.05526845529675484, 0.9637665152549744),
            ["RightHand"] = CFrame.new(-1.6391277313232422e-07, 1.1920928955078125e-07, -2.9802322387695312e-08, 0.23510311543941498, -0.6991842985153198, -0.6751799583435059, 0.8602433800697327, 0.4730362892150879, -0.19031010568141937, 0.45244649052619934, -0.5360766053199768, 0.7126809358596802),
            ["UpperTorso"] = CFrame.new(-1.30385160446167e-08, 8.940696716308594e-08, -3.5390257835388184e-08, 0.9861974716186523, -0.10992446541786194, -0.12381947040557861, 0.11578010767698288, 0.9924237728118896, 0.04111164063215256, 0.11836212128400803, -0.05488003045320511, 0.9914527535438538),
            ["HumanoidRootPart"] = CFrame.new(0, 0, 0, 1, 0, 0, 0, 1, 0, 0, 0, 1),
            ["RightUpperLeg"] = CFrame.new(-1.1920928955078125e-07, -6.570480763912201e-07, -3.894820110872388e-08, 0.8880724310874939, -0.23883222043514252, -0.39279380440711975, 0.11147171258926392, 0.9408274292945862, -0.32002800703048706, 0.4459836781024933, 0.24042253196239471, 0.862145721912384),
            ["LeftUpperArm"] = CFrame.new(2.384185791015625e-07, 8.344650268554688e-07, -5.960464477539063e-08, 0.9736341834068298, 0.22796092927455902, 0.008387821726500988, -0.22790557146072388, 0.9736576080322266, -0.007065844722092152, -0.009777500294148922, 0.004967919085174799, 0.9999399185180664),
            ["RightLowerArm"] = CFrame.new(-2.980232238769531e-07, 4.172325134277344e-07, -4.172325134277344e-07, 1, -8.195635814445268e-08, 1.1548391398719104e-07, 8.195638656616211e-08, -0.5862306356430054, -0.8101442456245422, 1.2293457984924316e-07, 0.8101442456245422, -0.5862306952476501),
            ["LeftHand"] = CFrame.new(1.4901161193847656e-08, -2.384185791015625e-07, 2.384185791015625e-07, 0.9963477253913879, -0.018455486744642258, 0.08337027579545975, 0.023546047508716583, 0.997890830039978, -0.06049482524394989, -0.08207803219556808, 0.06223691254854202, 0.9946807622909546),
