return {
    ["Tippy Tap"] = {
        [1] = {Time = 0.000, Data = {
            ["RightFoot"] = CFrame.new(0, 2.384185791015625e-07, -7.281050784513354e-08, 0.9879315495491028, 0.15183719992637634, -0.030605511739850044, -0.12823191285133362, 0.9125930070877075, 0.38824060559272766, 0.0868784487247467, -0.3796306848526001, 0.9210496544837952),
            ["LeftLowerArm"] = CFrame.new(5.960464477539063e-08, -5.960464477539063e-08, -5.960464477539063e-08, 1, -3.4458926734259876e-07, 1.6798719570942922e-07, -1.9418065733134426e-07, 0.4198645353317261, -0.9075867533683777, -1.0989601406663496e-07, 0.9075867533683777, 0.41986462473869324),
            ["RightUpperArm"] = CFrame.new(-1.1920928955078125e-07, -0.06523823738098145, 0, 0.5440009236335754, -0.7485954165458679, 0.3790355622768402, 0.2642510235309601, 0.5815846920013428, 0.7693706154823303, -0.7963883280754089, -0.31837761402130127, 0.5141993165016174),
            ["Head"] = CFrame.new(-2.9802322387695312e-08, -3.5762786865234375e-07, 5.21540641784668e-08, 0.8120864033699036, -0.1254824846982956, 0.5698858499526978, 0.0537540577352047, 0.9885398149490356, 0.14106622338294983, -0.5810561180114746, -0.08392414450645447, 0.8095248341560364),
            ["RightHand"] = CFrame.new(1.4901161193847656e-07, -2.384185791015625e-07, -1.4901161193847656e-08, 0.7187926769256592, -0.06877370923757553, 0.6918162107467651, 0.14221377670764923, 0.9885984659194946, -0.04947923868894577, -0.6805236339569092, 0.1339530348777771, 0.7203764319419861),
            ["UpperTorso"] = CFrame.new(-4.0978193283081055e-08, -5.960464477539063e-08, 3.3527612686157227e-08, 0.9837416410446167, 0.06399945169687271, -0.16779890656471252, 0.012168806977570057, 0.9084470868110657, 0.41782280802726746, 0.17917686700820923, -0.4130713939666748, 0.892898440361023),
            ["HumanoidRootPart"] = CFrame.new(0, 0, 0, 1, 0, 0, 0, 1, 0, 0, 0, 1),
            ["RightUpperLeg"] = CFrame.new(-0.000025540590286254883, -0.00012513995170593262, -0.004997553303837776, 0.9712434411048889, -0.17060557007789612, -0.1660699099302292, 0.12576009333133698, 0.9598832726478577, -0.25061798095703125, 0.20216475427150726, 0.22252623736858368, 0.9537355303764343),
            ["LeftUpperArm"] = CFrame.new(5.960464477539063e-08, -0.06523823738098145, -2.384185791015625e-07, 0.3092135787010193, 0.8211309313774109, -0.4797198474407196, -0.2176898568868637, 0.552163302898407, 0.8048148155212402, 0.9257419109344482, -0.14442969858646393, 0.34948816895484924),
            ["RightLowerArm"] = CFrame.new(-5.960464477539063e-08, 1.1920928955078125e-07, -1.2479722499847412e-07, 1, -0.0000012982627595192753, 8.344636626134161e-07, -0.0000010617089856168604, 0.37309274077415466, -0.9277949929237366, -8.624057272754726e-07, 0.9277940392494202, 0.37309056520462036),
            ["LeftHand"] = CFrame.new(4.470348358154297e-08, 5.960464477539063e-08, 1.9371509552001953e-07, 0.845179557800293, 0.12794503569602966, -0.5189430713653564, -0.23514020442962646, 0.9609264731407166, -0.1460469514131546, 0.4799799621105194, 0.24545961618423462, 0.8422400951385498),
            ["LeftFoot"] = CFrame.new(3.725290298461914e-08, 5.960464477539063e-08, 1.4901161193847656e-08, 0.9882424473762512, -0.15196898579597473, 0.016807114705443382, 0.11829376220703125, 0.8296106457710266, 0.5456675291061401, -0.09686902165412903, -0.5372630953788757, 0.8378333449363708),
            ["LowerTorso"] = CFrame.new(-0.08196163922548294, 0.0015077590942382812, 0.0013485135277733207, 0.7839667201042175, -0.1361466497182846, -0.6056901216506958, 0.008498751558363438, 0.9779183268547058, -0.20881448686122894, 0.6207447052001953, 0.15855547785758972, 0.7678124904632568),
            ["RightLowerLeg"] = CFrame.new(5.960464477539063e-08, -1.7881393432617188e-07, 9.110226528719068e-08, 1, -1.1920928955078125e-07, -6.705518273975031e-08, 9.685751223287298e-08, 0.5505349636077881, 0.8348122835159302, -7.450577754752885e-08, -0.8348121047019958, 0.5505346655845642),
            ["LeftUpperLeg"] = CFrame.new(0.000025480985641479492, 0.00012574344873428345, 0.004997521638870239, 0.9814056754112244, 0.06163213774561882, 0.18178142607212067, 0.006452549248933792, 0.9359241127967834, -0.352142333984375, -0.19183669984340668, 0.3467673361301422, 0.9181237816810608),
            ["LeftLowerLeg"] = CFrame.new(2.9802322387695312e-08, 0, -1.7881393432617188e-07, 1, 3.3527619791584584e-08, 5.02914261346632e-08, -9.685756197086448e-08, 0.47259029746055603, 0.8812822699546814, 7.078052277620372e-08, -0.881282389163971, 0.47259029746055603)
        }},
        [2] = {Time = 0.033, Data = {
            ["RightFoot"] = CFrame.new(-5.587935447692871e-08, 4.172325134277344e-07, 3.149762051180005e-08, 0.9844935536384583, 0.16502782702445984, -0.05948582664132118, -0.1265835016965866, 0.9030768871307373, 0.4104008972644806, 0.1214464008808136, -0.3965071439743042, 0.9099630117416382),
            ["LeftLowerArm"] = CFrame.new(2.980232238769531e-07, 1.1920928955078125e-07, -1.4901161193847656e-07, 1, -1.722947651217055e-08, 1.796868787096173e-07, -2.7939677238464355e-08, 0.4338465929031372, -0.9009870886802673, 2.0116567611694336e-07, 0.9009867906570435, 0.4338459074497223),
            ["RightUpperArm"] = CFrame.new(1.1920928955078125e-07, -0.0652385950088501, -1.1920928955078125e-07, 0.5425122380256653, -0.750091552734375, 0.37821123003959656, 0.26445338129997253, 0.5798325538635254, 0.7706226110458374, -0.7973361015319824, -0.3180520534515381, 0.5129297971725464),
            ["Head"] = CFrame.new(3.725290298461914e-08, -7.152557373046875e-07, -9.685754776000977e-08, 0.8232187628746033, -0.12203768640756607, 0.5544531345367432, 0.04919111356139183, 0.9882829785346985, 0.14449003338813782, -0.5655892491340637, -0.09167205542325974, 0.8195757865905762),
            ["RightHand"] = CFrame.new(1.7881393432617188e-07, -2.384185791015625e-07, 1.1920928955078125e-07, 0.7242335081100464, -0.05595145747065544, 0.6872829794883728, 0.1373821198940277, 0.9884288311004639, -0.06429672986268997, -0.6757307052612305, 0.14098894596099854, 0.7235385179519653),
            ["UpperTorso"] = CFrame.new(1.210719347000122e-08, -2.086162567138672e-07, -7.450580596923828e-09, 0.9815588593482971, 0.0590984970331192, -0.1817946881055832, 0.019875457510352135, 0.9143070578575134, 0.40453365445137024, 0.19012397527694702, -0.400687038898468, 0.8962718844413757),
            ["HumanoidRootPart"] = CFrame.new(0, 0, 0, 1, 0, 0, 0, 1, 0, 0, 0, 1),
            ["RightUpperLeg"] = CFrame.new(-0.000025570392608642578, -0.00012565776705741882, -0.004997478798031807, 0.9681722521781921, -0.1795344352722168, -0.17438146471977234, 0.12658026814460754, 0.9522997140884399, -0.27767521142959595, 0.21591661870479584, 0.24676413834095, 0.9447157382965088),
            ["LeftUpperArm"] = CFrame.new(5.960464477539063e-08, -0.0652385950088501, 0, 0.31042373180389404, 0.8309924006462097, -0.4616156220436096, -0.21297487616539001, 0.5340583920478821, 0.8181829452514648, 0.9264333844184875, -0.15567059814929962, 0.3427649438381195),
            ["RightLowerArm"] = CFrame.new(1.7881393432617188e-07, -2.384185791015625e-07, -7.078051567077637e-08, 1, -0.0000016037365639931522, 8.949991752160713e-07, -0.000001288952148570388, 0.38102129101753235, -0.9245676398277283, -0.0000010505332284083124, 0.9245662689208984, 0.38101816177368164),
            ["LeftHand"] = CFrame.new(7.450580596923828e-09, 1.7881393432617188e-07, 0, 0.8420684933662415, 0.1509997844696045, -0.5178033113479614, -0.2580832540988922, 0.9557811617851257, -0.14098134636878967, 0.4736177921295166, 0.2523519694805145, 0.8438032865524292),
            ["LeftFoot"] = CFrame.new(-6.05359673500061e-08, -1.1920928955078125e-07, 0, 0.9896383881568909, -0.14087356626987457, -0.02776331640779972, 0.1319667249917984, 0.8162273168563843, 0.5624573230743408, -0.05657558888196945, -0.5602925419807434, 0.8263600468635559),
            ["LowerTorso"] = CFrame.new(-0.07535407692193985, -0.010328292846679688, 0.0013485238887369633, 0.8071882724761963, -0.1247732937335968, -0.5769568681716919, 0.004415243864059448, 0.9786542057991028, -0.20546649396419525, 0.5902776122093201, 0.16330218315124512, 0.7905089259147644),
            ["RightLowerLeg"] = CFrame.new(-5.960464477539063e-08, 0, 1.6560807125642896e-07, 1, -1.192093321833454e-07, -2.980230462412692e-08, 1.6391271628890536e-07, 0.5119124054908752, 0.8590378761291504, 3.7252889661942845e-09, -0.8590376973152161, 0.5119119882583618),
            ["LeftUpperLeg"] = CFrame.new(0.000025600194931030273, 0.00012568384408950806, 0.004997417330741882, 0.9863467812538147, 0.06872584670782089, 0.14965678751468658, -0.016299191862344742, 0.9450417160987854, -0.32654258608818054, -0.16387304663658142, 0.319644957780838, 0.9332593083381653),
            ["LeftLowerLeg"] = CFrame.new(7.078051567077637e-08, 1.1920928955078125e-07, 8.195638656616211e-08, 1, 1.2479725342018355e-07, 5.960465188081798e-08, -7.823110337312755e-08, 0.5041519999504089, 0.8636150360107422, -1.3969840395589017e-08, -0.8636149168014526, 0.5041519403457642)
        }},
        [3] = {Time = 0.067, Data = {
            ["RightFoot"] = CFrame.new(1.043081283569336e-07, 2.980232238769531e-07, 1.6596459317952394e-08, 0.9798641800880432, 0.18957971036434174, -0.06265825033187866, -0.13744090497493744, 0.8680508732795715, 0.47707265615463257, 0.14483211934566498, -0.4588543474674225, 0.8766274452209473),
            ["LeftLowerArm"] = CFrame.new(-8.940696716308594e-08, -1.1920928955078125e-07, 4.470348358154297e-07, 1, -6.519256601222878e-08, -4.295725020142527e-08, 1.0710208186992531e-07, 0.4416387379169464, -0.8971927762031555, 7.4505797087454084e-09, 0.8971929550170898, 0.4416393041610718),
            ["RightUpperArm"] = CFrame.new(0, -0.06523823738098145, 1.1920928955078125e-07, 0.5400259494781494, -0.7535476088523865, 0.37488362193107605, 0.2539546489715576, 0.5705442428588867, 0.7810162305831909, -0.8024207353591919, -0.32656583189964294, 0.4994756281375885),
            ["Head"] = CFrame.new(1.4901161193847656e-08, -1.1920928955078125e-07, 2.2351741790771484e-08, 0.8378044962882996, -0.12490607798099518, 0.5314902067184448, 0.04589510336518288, 0.9861452579498291, 0.15940944850444794, -0.5440378785133362, -0.10916098952293396, 0.8319295644760132),
            ["RightHand"] = CFrame.new(4.470348358154297e-08, -1.1920928955078125e-07, 0, 0.7310294508934021, -0.043477315455675125, 0.680961012840271, 0.13027144968509674, 0.9885042905807495, -0.076734259724617, -0.6697950959205627, 0.1448071300983429, 0.7282884120941162),
            ["UpperTorso"] = CFrame.new(-3.91155481338501e-08, -2.384185791015625e-07, 1.4901161193847656e-08, 0.9844857454299927, 0.058406535536050797, -0.16545844078063965, 0.011726210825145245, 0.9189671874046326, 0.3941597640514374, 0.17507269978523254, -0.389984667301178, 0.9040251970291138),
            ["HumanoidRootPart"] = CFrame.new(0, 0, 0, 1, 0, 0, 0, 1, 0, 0, 0, 1),
            ["RightUpperLeg"] = CFrame.new(-0.000025570392608642578, -0.00012549757957458496, -0.004997478798031807, 0.9757442474365234, -0.1680789589881897, -0.14025643467903137, 0.12011726200580597, 0.9467018246650696, -0.2988782227039337, 0.1830163598060608, 0.2747819423675537, 0.9439280033111572),
            ["LeftUpperArm"] = CFrame.new(-1.1920928955078125e-07, -0.06523823738098145, 0, 0.32154184579849243, 0.8299374580383301, -0.4558669626712799, -0.1929561197757721, 0.5287613272666931, 0.8265467286109924, 0.9270269870758057, -0.17780719697475433, 0.3301604092121124),
            ["RightLowerArm"] = CFrame.new(0, 1.7881393432617188e-07, -7.450580596923828e-08, 1, -0.0000011064111049563508, 7.115297648851993e-07, -0.000001009554807751556, 0.3915410339832306, -0.920161783695221, -5.513435326065519e-07, 0.920160710811615, 0.3915384113788605),
            ["LeftHand"] = CFrame.new(9.685754776000977e-08, 1.7881393432617188e-07, 1.7136335372924805e-07, 0.8349685072898865, 0.17689526081085205, -0.5210908651351929, -0.2844802737236023, 0.9493321180343628, -0.133565753698349, 0.47106117010116577, 0.2597627341747284, 0.8429855108261108),
            ["LeftFoot"] = CFrame.new(-5.337642505764961e-08, 5.960464477539063e-08, 0, 0.9909346699714661, -0.11828574538230896, -0.06369829922914505, 0.1338224709033966, 0.8272936940193176, 0.5455974340438843, -0.01184033788740635, -0.5491753816604614, 0.8356230854988098),
            ["LowerTorso"] = CFrame.new(-0.07302820682525635, -0.0195925235748291, 0.0013485508970916271, 0.8142872452735901, -0.1308109015226364, -0.5655307769775391, 0.006955565419048071, 0.9764056205749512, -0.21583260595798492, 0.5804204940795898, 0.17181555926799774, 0.7959845066070557),
            ["RightLowerLeg"] = CFrame.new(-1.30385160446167e-07, 4.76837158203125e-07, -9.888753993436694e-08, 1, -1.564622920113834e-07, -3.725288166833707e-08, 1.192093321833454e-07, 0.48883557319641113, 0.8723762035369873, -2.6077040971017595e-08, -0.872376024723053, 0.48883503675460815),
            ["LeftUpperLeg"] = CFrame.new(0.000025480985641479492, 0.00012558326125144958, 0.00499744713306427, 0.9894804954528809, 0.07822895050048828, 0.12169218063354492, -0.039212752133607864, 0.954729437828064, -0.29487934708595276, -0.13925126194953918, 0.28700536489486694, 0.9477537870407104),
            ["LeftLowerLeg"] = CFrame.new(-6.414484232664108e-08, -2.384185791015625e-07, 1.1920928955078125e-07, 1, 8.032657916601238e-08, 9.022190994301127e-08, -9.010548041032962e-08, 0.5165716409683228, 0.8562438488006592, 2.892921457942066e-08, -0.8562439680099487, 0.5165717601776123)
        }},
        [4] = {Time = 0.100, Data = {
            ["RightFoot"] = CFrame.new(7.82310962677002e-08, 2.980232238769531e-07, 1.6952981241047382e-09, 0.9758111238479614, 0.20710690319538116, -0.06999596208333969, -0.14712564647197723, 0.8589550256729126, 0.49045974016189575, 0.16169999539852142, -0.4682979881763458, 0.8686482906341553),
            ["LeftLowerArm"] = CFrame.new(-8.940696716308594e-08, -5.960464477539063e-08, 5.364418029785156e-07, 1, -3.86498697935167e-07, 2.0256265997886658e-07, -2.020969560589947e-07, 0.44614872336387634, -0.8949586153030396, -1.4714893836753618e-07, 0.8949587941169739, 0.44614923000335693),
            ["RightUpperArm"] = CFrame.new(-1.1920928955078125e-07, -0.06523787975311279, -8.940696716308594e-08, 0.5358694791793823, -0.7607861757278442, 0.3661265969276428, 0.2559245228767395, 0.5596081018447876, 0.7882521748542786, -0.8045784831047058, -0.32869938015937805, 0.49458062648773193),
            ["Head"] = CFrame.new(1.4901161193847656e-08, -1.1920928955078125e-07, -1.1920928955078125e-07, 0.8545311093330383, -0.13011886179447174, 0.5028376579284668, 0.050255678594112396, 0.9842830300331116, 0.16929686069488525, -0.5169631838798523, -0.11939895153045654, 0.8476396203041077),
            ["RightHand"] = CFrame.new(2.9802322387695312e-08, 1.7881393432617188e-07, 0, 0.7419212460517883, -0.03741522878408432, 0.6694438457489014, 0.1264576017856598, 0.9883310794830322, -0.08490847796201706, -0.6584537625312805, 0.14765425026416779, 0.7379941940307617),
            ["UpperTorso"] = CFrame.new(7.450580596923828e-09, -8.940696716308594e-08, 3.3527612686157227e-08, 0.9921197891235352, 0.06293664872646332, -0.10833967477083206, -0.015313537791371346, 0.9191156029701233, 0.3936905562877655, 0.12435416132211685, -0.3889288902282715, 0.9128363728523254),
            ["HumanoidRootPart"] = CFrame.new(0, 0, 0, 1, 0, 0, 0, 1, 0, 0, 0, 1),
            ["RightUpperLeg"] = CFrame.new(-0.000025540590286254883, -0.00012553483247756958, -0.00499756820499897, 0.9927518367767334, -0.11114472150802612, -0.04572242498397827, 0.08944548666477203, 0.9373847842216492, -0.3366151452064514, 0.08027147501707077, 0.3300859332084656, 0.9405316114425659),
            ["LeftUpperArm"] = CFrame.new(0, -0.06523787975311279, -5.960464477539063e-08, 0.3273193836212158, 0.8250733613967896, -0.46056103706359863, -0.1808612048625946, 0.5331032276153564, 0.8264925479888916, 0.9274434447288513, -0.18722954392433167, 0.3237186372280121),
            ["RightLowerArm"] = CFrame.new(-2.9802322387695312e-08, 0, 4.470348358154297e-08, 1, -9.872013606582186e-07, 7.078046451169939e-07, -8.27015242066409e-07, 0.40649616718292236, -0.9136536121368408, -5.587940563600569e-07, 0.9136524796485901, 0.4064936935901642),
            ["LeftHand"] = CFrame.new(-1.7508864402770996e-07, -5.960464477539063e-08, -1.6763806343078613e-07, 0.8233894109725952, 0.21007010340690613, -0.5271631479263306, -0.3191584348678589, 0.9395403861999512, -0.12410380691289902, 0.46922051906585693, 0.27043384313583374, 0.8406528830528259),
            ["LeftFoot"] = CFrame.new(-1.2456439435482025e-08, 5.960464477539063e-08, -2.9802322387695312e-08, 0.9932861924171448, -0.07296563684940338, -0.08977249264717102, 0.10997821390628815, 0.8362893462181091, 0.537145733833313, 0.035881683230400085, -0.5434117317199707, 0.8386986255645752),
            ["LowerTorso"] = CFrame.new(-0.07208926230669022, -0.023662805557250977, 0.0013485399540513754, 0.8004692792892456, -0.14313122630119324, -0.5820328593254089, 0.01156649924814701, 0.9745767116546631, -0.2237553596496582, 0.5992620587348938, 0.17237672209739685, 0.7817744016647339),
            ["RightLowerLeg"] = CFrame.new(-8.055940270423889e-08, -3.5762786865234375e-07, 1.0414078133180737e-07, 1, -7.450580596923828e-08, -5.5879347371501353e-08, 1.6391278734317893e-07, 0.4342605471611023, 0.9007874131202698, -5.2154071283894154e-08, -0.9007874131202698, 0.43426036834716797),
            ["LeftUpperLeg"] = CFrame.new(0.000025510787963867188, 0.00012561306357383728, 0.004997566342353821, 0.9900943636894226, 0.08122044056653976, 0.11452758312225342, -0.0460493229329586, 0.9584325551986694, -0.2815778851509094, -0.1326373964548111, 0.2735148072242737, 0.9526790976524353),
            ["LeftLowerLeg"] = CFrame.new(8.847564458847046e-09, 1.1920928955078125e-07, -1.6391277313232422e-07, 1, 7.91624472640251e-08, 9.5926239396249e-08, -8.894131298120556e-08, 0.5095046162605286, 0.8604682087898254, -2.561137302237171e-09, -0.8604679703712463, 0.5095042586326599)
        }},
        [5] = {Time = 0.133, Data = {
            ["RightFoot"] = CFrame.new(5.587935447692871e-08, 2.980232238769531e-07, -2.8107024263590574e-08, 0.9878734946250916, 0.1454702913761139, -0.05426095053553581, -0.10452385246753693, 0.8815336227416992, 0.46040618419647217, 0.1148073598742485, -0.44915133714675903, 0.8860485553741455),
            ["LeftLowerArm"] = CFrame.new(0, -1.1920928955078125e-07, -5.662441253662109e-07, 1, -2.0954763613190153e-07, 3.2049129572442325e-07, -2.0209702711326827e-07, 0.448956161737442, -0.8935537934303284, -3.725290742551124e-09, 0.8935538530349731, 0.4489561915397644),
            ["RightUpperArm"] = CFrame.new(0, -0.06523716449737549, 5.960464477539063e-08, 0.530147910118103, -0.7706185579299927, 0.3536808490753174, 0.2647598087787628, 0.5467175841331482, 0.7943567037582397, -0.8055095076560974, -0.327486127614975, 0.493869811296463),
            ["Head"] = CFrame.new(-7.450580596923828e-09, 2.384185791015625e-07, -2.2351741790771484e-08, 0.8723318576812744, -0.14099030196666718, 0.4681437611579895, 0.06413104385137558, 0.9822416305541992, 0.17631980776786804, -0.4846899211406708, -0.12378691136837006, 0.8658826947212219),
            ["RightHand"] = CFrame.new(1.341104507446289e-07, 1.7881393432617188e-07, 0, 0.7571746706962585, -0.03687942773103714, 0.6521719098091125, 0.12521705031394958, 0.9880838990211487, -0.08950068801641464, -0.6410984992980957, 0.14943307638168335, 0.7527692317962646),
            ["UpperTorso"] = CFrame.new(-5.587935447692871e-09, -1.4901161193847656e-07, 4.842877388000488e-08, 0.9974220991134644, 0.06711048632860184, -0.025407463312149048, -0.052082110196352005, 0.9206005334854126, 0.38701701164245605, 0.049362991005182266, -0.384695827960968, 0.9217225313186646),
            ["HumanoidRootPart"] = CFrame.new(0, 0, 0, 1, 0, 0, 0, 1, 0, 0, 0, 1),
            ["RightUpperLeg"] = CFrame.new(-0.000025510787963867188, -0.00012557581067085266, -0.004997448995709419, 0.9984490275382996, -0.05344785377383232, 0.015579622238874435, 0.05555387958884239, 0.9380375146865845, -0.342052161693573, 0.0036672046408057213, 0.342387318611145, 0.9395517706871033),
            ["LeftUpperArm"] = CFrame.new(0, -0.06523728370666504, 5.960464477539063e-08, 0.32888758182525635, 0.8171964883804321, -0.47331011295318604, -0.17253261804580688, 0.5447518825531006, 0.8206573128700256, 0.9284748435020447, -0.1882425993680954, 0.3201550841331482),
            ["RightLowerArm"] = CFrame.new(1.1920928955078125e-07, 0, -3.129243850708008e-07, 1, -8.940693305703462e-07, 6.016337579239917e-07, -6.593767807316908e-07, 0.42705419659614563, -0.9042272567749023, -5.811456276205718e-07, 0.9042260646820068, 0.4270517826080322),
            ["LeftHand"] = CFrame.new(-7.450580596923828e-09, 0, 1.043081283569336e-07, 0.810169517993927, 0.24702422320842743, -0.5316057801246643, -0.35912638902664185, 0.925918698310852, -0.11705858260393143, 0.4633072018623352, 0.28575095534324646, 0.8388638496398926),
            ["LeftFoot"] = CFrame.new(-4.237517714500427e-08, 5.960464477539063e-08, 1.4901161193847656e-08, 0.9927800893783569, -0.00931018777191639, -0.11958837509155273, 0.07641465961933136, 0.8175744414329529, 0.5707299113273621, 0.09245771914720535, -0.5757476687431335, 0.8123829364776611),
            ["LowerTorso"] = CFrame.new(-0.07143443822860718, -0.02025437355041504, 0.0013485490344464779, 0.7730058431625366, -0.14959581196308136, -0.6165087819099426, 0.013146608136594296, 0.975368857383728, -0.220188170671463, 0.6342626214027405, 0.16210122406482697, 0.755932629108429),
            ["RightLowerLeg"] = CFrame.new(1.4435499906539917e-08, 0, 1.6095145838335156e-07, 1, -1.0803343286625022e-07, -1.3783574104309082e-07, 1.9371509552001953e-07, 0.4215536117553711, 0.906803548336029, -2.9802322387695312e-08, -0.9068034887313843, 0.4215536117553711),
            ["LeftUpperLeg"] = CFrame.new(0.000025451183319091797, 0.0001256205141544342, 0.0049974918365478516, 0.9845826625823975, 0.09652642905712128, 0.14587624371051788, -0.05296167731285095, 0.9593212604522705, -0.27730387449264526, -0.16670970618724823, 0.2653023600578308, 0.9496435523033142),
            ["LeftLowerLeg"] = CFrame.new(3.026798367500305e-08, 1.7881393432617188e-07, -2.2351741790771484e-08, 1, 1.1199153959751129e-07, 4.481990600879726e-08, -5.785842205341396e-08, 0.5231385827064514, 0.8522475957870483, 7.852214167769489e-08, -0.8522475957870483, 0.523138701915741)
        }},
        [6] = {Time = 0.167, Data = {
            ["RightFoot"] = CFrame.new(-4.284083843231201e-08, 2.384185791015625e-07, -2.8107024263590574e-08, 0.9980253577232361, 0.05070887878537178, -0.03707081452012062, -0.03125865012407303, 0.9128310680389404, 0.40713953971862793, 0.05448346957564354, -0.4051765501499176, 0.9126134514808655),
            ["LeftLowerArm"] = CFrame.new(-5.960464477539063e-08, -3.5762786865234375e-07, -5.960464477539063e-08, 1, -3.054737760521675e-07, 4.426691191383725e-08, 1.6484398202010198e-07, 0.4499163031578064, -0.8930706977844238, -1.844017418761723e-07, 0.8930706977844238, 0.44991636276245117),
            ["RightUpperArm"] = CFrame.new(-1.1920928955078125e-07, -0.06523776054382324, 1.4901161193847656e-07, 0.5243833661079407, -0.7762460112571716, 0.3499492108821869, 0.26789939403533936, 0.5405234098434448, 0.7975365519523621, -0.8082401156425476, -0.32446375489234924, 0.49139702320098877),
            ["Head"] = CFrame.new(-3.725290298461914e-08, -3.5762786865234375e-07, -1.4901161193847656e-08, 0.8904680609703064, -0.14577297866344452, 0.43106532096862793, 0.0740927904844284, 0.981105625629425, 0.17872348427772522, -0.4489733874797821, -0.12720879912376404, 0.8844437003135681),
            ["RightHand"] = CFrame.new(-1.341104507446289e-07, -2.980232238769531e-07, -1.9371509552001953e-07, 0.7737370133399963, -0.03439910337328911, 0.6325733065605164, 0.11988070607185364, 0.9884335398674011, -0.09288124740123749, -0.6220608949661255, 0.14770235121250153, 0.7689110636711121),
            ["UpperTorso"] = CFrame.new(-2.0489096641540527e-08, 1.7881393432617188e-07, 5.21540641784668e-08, 0.9975555539131165, 0.057587865740060806, 0.03958257660269737, -0.0680776983499527, 0.9286683797836304, 0.3646102547645569, -0.015761850401759148, -0.366413414478302, 0.9303185939788818),
            ["HumanoidRootPart"] = CFrame.new(0, 0, 0, 1, 0, 0, 0, 1, 0, 0, 0, 1),
            ["RightUpperLeg"] = CFrame.new(-0.000025540590286254883, -0.00012522563338279724, -0.004997448995709419, 0.9988735318183899, -0.045054201036691666, -0.014892022125422955, 0.03779872506856918, 0.9451701045036316, -0.32438406348228455, 0.02869054116308689, 0.3234560191631317, 0.9458082318305969),
            ["LeftUpperArm"] = CFrame.new(-1.1920928955078125e-07, -0.06523776054382324, 8.940696716308594e-08, 0.3269568979740143, 0.8135858774185181, -0.4808087944984436, -0.16702140867710114, 0.5505094528198242, 0.8179508447647095, 0.9301629662513733, -0.18712961673736572, 0.31587904691696167),
            ["RightLowerArm"] = CFrame.new(0, 0, -6.109476089477539e-07, 1, -5.438924404188583e-07, 6.654293542851519e-07, -7.748605526103347e-07, 0.45159807801246643, -0.8922231197357178, -8.940698847936801e-08, 0.8922215700149536, 0.45159482955932617),
            ["LeftHand"] = CFrame.new(1.2665987014770508e-07, -5.960464477539063e-08, -1.0058283805847168e-07, 0.8025248050689697, 0.26506292819976807, -0.5345052480697632, -0.38518792390823364, 0.9143458604812622, -0.12490750104188919, 0.45561426877975464, 0.306126207113266, 0.8358842134475708),
            ["LeftFoot"] = CFrame.new(2.3748725652694702e-08, 1.7881393432617188e-07, 0, 0.9906114935874939, 0.02956761233508587, -0.13347332179546356, 0.06109389662742615, 0.7776597738265991, 0.6257099509239197, 0.1222963035106659, -0.6279898285865784, 0.7685518264770508),
            ["LowerTorso"] = CFrame.new(-0.07028765231370926, -0.012552738189697266, 0.001348530757240951, 0.7570534348487854, -0.1355096399784088, -0.6391459107398987, 0.006120886653661728, 0.9796831607818604, -0.20045803487300873, 0.6533242464065552, 0.14784464240074158, 0.742501974105835),
            ["RightLowerLeg"] = CFrame.new(-1.1362135410308838e-07, 4.76837158203125e-07, 2.9634975362569094e-08, 1, -1.415610029198433e-07, -1.247971965767647e-07, 1.4528632164001465e-07, 0.4463695287704468, 0.8948487043380737, -7.636845111846924e-08, -0.8948487043380737, 0.4463694989681244),
            ["LeftUpperLeg"] = CFrame.new(0.000025570392608642578, 0.0001259632408618927, 0.004997521638870239, 0.9803323149681091, 0.10137378424406052, 0.169328972697258, -0.046265654265880585, 0.9521363377571106, -0.3021507263183594, -0.19185449182987213, 0.28837427496910095, 0.9381006360054016),
            ["LeftLowerLeg"] = CFrame.new(-2.2118911147117615e-08, 5.960464477539063e-08, 2.2351741790771484e-08, 1, 1.409207470715046e-07, 7.034398663563479e-08, -8.137430995702744e-08, 0.5328988432884216, 0.8461789488792419, 5.058245733380318e-08, -0.8461790084838867, 0.5328987836837769)
        }},
        [7] = {Time = 0.200, Data = {
            ["RightFoot"] = CFrame.new(-1.7695128917694092e-08, 2.980232238769531e-07, -5.790934665128589e-08, 0.998746931552887, 0.027118390426039696, -0.042063094675540924, -0.011770651675760746, 0.9441646933555603, 0.3292636275291443, 0.04864254593849182, -0.3283558189868927, 0.9433006048202515),
            ["LeftLowerArm"] = CFrame.new(1.1920928955078125e-07, -2.384185791015625e-07, 1.9371509552001953e-07, 1, -3.911553960733727e-07, 2.2034501512280258e-07, -1.695006233148888e-07, 0.4490363597869873, -0.893513560295105, -2.4400640086241765e-07, 0.8935135006904602, 0.44903624057769775),
            ["RightUpperArm"] = CFrame.new(-5.960464477539063e-08, -0.06523823738098145, 8.940696716308594e-08, 0.5175769925117493, -0.7793270349502563, 0.3532191216945648, 0.2636966109275818, 0.5380054116249084, 0.8006336688995361, -0.8139891624450684, -0.3212469816207886, 0.48396503925323486),
            ["Head"] = CFrame.new(0, -1.1920928955078125e-07, 3.725290298461914e-08, 0.9094522595405579, -0.14042605459690094, 0.39137858152389526, 0.07491116225719452, 0.9811797738075256, 0.17797356843948364, -0.40900474786758423, -0.1325400024652481, 0.9028556942939758),
            ["RightHand"] = CFrame.new(-4.470348358154297e-08, -1.1920928955078125e-07, 1.341104507446289e-07, 0.7910898923873901, -0.03432045876979828, 0.6107372641563416, 0.11540212482213974, 0.9888692498207092, -0.09391099214553833, -0.6007154583930969, 0.14477436244487762, 0.7862446904182434),
            ["UpperTorso"] = CFrame.new(1.210719347000122e-08, 2.9802322387695312e-08, 2.9802322387695312e-08, 0.997442364692688, 0.044886235147714615, 0.05562453344464302, -0.06205408275127411, 0.9299972653388977, 0.3622909486293793, -0.03546890616416931, -0.36481571197509766, 0.9304038286209106),
            ["HumanoidRootPart"] = CFrame.new(0, 0, 0, 1, 0, 0, 0, 1, 0, 0, 0, 1),
            ["RightUpperLeg"] = CFrame.new(-0.000025480985641479492, -0.00012557953596115112, -0.0049975235015153885, 0.991962730884552, -0.08222410082817078, -0.09617139399051666, 0.05642851069569588, 0.9677743315696716, -0.24541637301445007, 0.11325103789567947, 0.2380170226097107, 0.9646356105804443),
            ["LeftUpperArm"] = CFrame.new(-2.384185791015625e-07, -0.06523823738098145, 1.4901161193847656e-07, 0.3229188323020935, 0.8128229379653931, -0.48481205105781555, -0.16292531788349152, 0.5523498058319092, 0.817535936832428, 0.9322976469993591, -0.18500955402851105, 0.3107932507991791),
            ["RightLowerArm"] = CFrame.new(0, -5.960464477539063e-08, 0, 1, -2.1979202813326992e-07, 8.894121350522255e-08, 5.587932605521928e-08, 0.4757234454154968, -0.8795960545539856, -2.9802308176840597e-08, 0.8795949816703796, 0.4757213294506073),
            ["LeftHand"] = CFrame.new(3.725290298461914e-09, 5.960464477539063e-08, 7.450580596923828e-09, 0.7979847192764282, 0.26555073261260986, -0.5410210490226746, -0.3973146080970764, 0.9067949056625366, -0.1409396231174469, 0.45316842198371887, 0.3274230659008026, 0.8291153907775879),
            ["LeftFoot"] = CFrame.new(1.6880221664905548e-08, 5.960464477539063e-08, -1.4901161193847656e-08, 0.9897278547286987, 0.04663835093379021, -0.13514527678489685, 0.05783338099718094, 0.7338823080062866, 0.676810085773468, 0.1307450234889984, -0.6776736974716187, 0.7236461639404297),
            ["LowerTorso"] = CFrame.new(-0.06745107471942902, -0.009100914001464844, 0.001348552294075489, 0.7749776244163513, -0.12209400534629822, -0.6200829744338989, -0.0064973775297403336, 0.9795705080032349, -0.20099616050720215, 0.6319552659988403, 0.15979589521884918, 0.7583519816398621),
            ["RightLowerLeg"] = CFrame.new(-4.842877388000488e-08, -3.5762786865234375e-07, 5.757465260103345e-08, 1, -1.005828522693264e-07, -2.048908598339949e-08, 1.7508864402770996e-07, 0.49742716550827026, 0.8675059676170349, 4.6566128730773926e-09, -0.8675058484077454, 0.4974268972873688),
            ["LeftUpperLeg"] = CFrame.new(0.000025510787963867188, 0.00012568756937980652, 0.004997506737709045, 0.9852758049964905, 0.0843791738152504, 0.14870083332061768, -0.027089646086096764, 0.9357960224151611, -0.3514992594718933, -0.16881294548511505, 0.34229522943496704, 0.9243031740188599),
            ["LeftLowerLeg"] = CFrame.new(-1.0139774531126022e-07, 0, 5.960464477539063e-08, 1, 7.473864371831951e-08, 9.511133924888782e-08, -9.470389983334826e-08, 0.5020561814308167, 0.8648349642753601, -8.440113496988033e-09, -0.8648350238800049, 0.5020561814308167)
        }},
        [8] = {Time = 0.233, Data = {
            ["RightFoot"] = CFrame.new(6.51925802230835e-09, 4.172325134277344e-07, -3.55576048605144e-08, 0.9987934827804565, 0.02409927360713482, -0.04278869926929474, -0.01233920082449913, 0.966505229473114, 0.25635039806365967, 0.04753195121884346, -0.25551310181617737, 0.9656363725662231),
            ["LeftLowerArm"] = CFrame.new(5.960464477539063e-08, -5.960464477539063e-08, 1.043081283569336e-07, 1, -5.140901748745819e-07, 3.672903758911161e-08, -7.357444786748601e-08, 0.4460686445236206, -0.8949989676475525, -3.948805726849969e-07, 0.8949987888336182, 0.4460681974887848),
            ["RightUpperArm"] = CFrame.new(1.1920928955078125e-07, -0.06523776054382324, 8.940696716308594e-08, 0.5113857388496399, -0.7795189023017883, 0.3617112636566162, 0.2491806447505951, 0.5373363494873047, 0.8057162165641785, -0.8224315643310547, -0.3219006657600403, 0.46902716159820557),
            ["Head"] = CFrame.new(2.2351741790771484e-08, 0, 2.2351741790771484e-08, 0.9305710196495056, -0.12516522407531738, 0.34405189752578735, 0.0679847002029419, 0.9824772477149963, 0.1735420525074005, -0.35974419116973877, -0.13810259103775024, 0.9227737784385681),
            ["RightHand"] = CFrame.new(2.9802322387695312e-08, 2.384185791015625e-07, 1.4901161193847656e-07, 0.8083860874176025, -0.04020372033119202, 0.5872785449028015, 0.115657739341259, 0.9890660047531128, -0.09149319678544998, -0.5771786570549011, 0.1418876349925995, 0.8041970729827881),
            ["UpperTorso"] = CFrame.new(-2.0489096641540527e-08, -2.980232238769531e-07, -5.21540641784668e-08, 0.9985449314117432, 0.04426690191030502, 0.030800707638263702, -0.05242449790239334, 0.9307031631469727, 0.36199915409088135, -0.012641563080251217, -0.36308690905570984, 0.9316694736480713),
            ["HumanoidRootPart"] = CFrame.new(0, 0, 0, 1, 0, 0, 0, 1, 0, 0, 0, 1),
            ["RightUpperLeg"] = CFrame.new(-0.000025480985641479492, -0.0001254044473171234, -0.004997463896870613, 0.9728201031684875, -0.11934526264667511, -0.19843687117099762, 0.08242063969373703, 0.9792906045913696, -0.1849258542060852, 0.2163974493741989, 0.16354408860206604, 0.9625098705291748),
            ["LeftUpperArm"] = CFrame.new(-1.1920928955078125e-07, -0.06523776054382324, -8.940696716308594e-08, 0.31353968381881714, 0.814871609210968, -0.4875214695930481, -0.16100142896175385, 0.551596462726593, 0.8184253573417664, 0.9358265399932861, -0.17811718583106995, 0.3041428327560425),
            ["RightLowerArm"] = CFrame.new(0, 0, -2.9802322387695312e-08, 1, -5.029145455637263e-08, 2.563464818194916e-07, -9.313223614526578e-08, 0.4945286810398102, -0.8691631555557251, 1.9371505288745539e-07, 0.8691613078117371, 0.49452561140060425),
            ["LeftHand"] = CFrame.new(-4.0978193283081055e-08, 0, 5.587935447692871e-08, 0.7946199178695679, 0.2616809904575348, -0.5478153824806213, -0.403224915266037, 0.9020505547523499, -0.15399540960788727, 0.4538600742816925, 0.3432607352733612, 0.8223038911819458),
            ["LeftFoot"] = CFrame.new(-7.660128176212311e-08, 1.7881393432617188e-07, -4.470348358154297e-08, 0.990753710269928, 0.035875365138053894, -0.1308460235595703, 0.06081497669219971, 0.7446619272232056, 0.6646655201911926, 0.12127971649169922, -0.6664770841598511, 0.7355943918228149),
            ["LowerTorso"] = CFrame.new(-0.06006789952516556, -0.014713764190673828, 0.0013485279632732272, 0.8228628039360046, -0.10749386996030807, -0.5579804182052612, -0.009619085118174553, 0.9791690111160278, -0.2028191238641739, 0.5681586861610413, 0.17225904762744904, 0.8046877384185791),
            ["RightLowerLeg"] = CFrame.new(5.587935447692871e-08, 1.1920928955078125e-07, -9.480572771281004e-09, 1, -1.564622067462551e-07, -1.434235912256554e-07, 1.2479722499847412e-07, 0.5189802050590515, 0.8547862768173218, -5.681067705154419e-08, -0.8547862768173218, 0.5189801454544067),
            ["LeftUpperLeg"] = CFrame.new(0.000025510787963867188, 0.00012571364641189575, 0.00499744713306427, 0.9942575693130493, 0.05517619848251343, 0.091694176197052, -0.009109687060117722, 0.8973737955093384, -0.4411773979663849, -0.10662586241960526, 0.4378081262111664, 0.8927232623100281),
            ["LeftLowerLeg"] = CFrame.new(-8.288770914077759e-08, 5.960464477539063e-08, 1.4901161193847656e-08, 1, 1.003500429419546e-07, 8.265487139169636e-08, -7.939524238054219e-08, 0.4256187379360199, 0.9049026370048523, 1.0826623508819466e-07, -0.9049026370048523, 0.42561858892440796)
        }},
        [9] = {Time = 0.267, Data = {
            ["RightFoot"] = CFrame.new(3.259629011154175e-08, 2.384185791015625e-07, 2.4047039914876223e-08, 0.9976202249526978, 0.03994085267186165, -0.05620274692773819, -0.026632165536284447, 0.9750821590423584, 0.22023947536945343, 0.06359758973121643, -0.21821865439414978, 0.9738252758979797),
            ["LeftLowerArm"] = CFrame.new(-8.940696716308594e-08, 1.1920928955078125e-07, -1.862645149230957e-07, 1, -4.0046870708465576e-08, -1.5716063117565682e-08, 1.2293457984924316e-07, 0.44058722257614136, -0.8977101445198059, 1.4901161193847656e-08, 0.8977097868919373, 0.44058671593666077),
            ["RightUpperArm"] = CFrame.new(0, -0.06523787975311279, 2.9802322387695312e-08, 0.5044593214988708, -0.7782172560691833, 0.374030202627182, 0.22267596423625946, 0.535792350769043, 0.8144581913948059, -0.834227979183197, -0.32757383584976196, 0.4435756802558899),
            ["Head"] = CFrame.new(2.60770320892334e-08, -1.1920928955078125e-07, 6.705522537231445e-08, 0.953310489654541, -0.10274476557970047, 0.28397655487060547, 0.05625545606017113, 0.9843035340309143, 0.16727834939956665, -0.2967061996459961, -0.14349311590194702, 0.9441267848014832),
            ["RightHand"] = CFrame.new(-1.9371509552001953e-07, -1.1920928955078125e-07, -2.2351741790771484e-08, 0.8215614557266235, -0.03194310888648033, 0.5692248344421387, 0.10048215091228485, 0.9909120798110962, -0.08941929787397385, -0.5611953735351562, 0.13066375255584717, 0.8173049092292786),
            ["UpperTorso"] = CFrame.new(-1.862645149230957e-08, -1.7881393432617188e-07, -1.862645149230957e-08, 0.998765230178833, 0.04949474707245827, 0.004277679603546858, -0.04784940928220749, 0.9352745413780212, 0.35067394375801086, 0.013355637900531292, -0.35044535994529724, 0.9364879727363586),
            ["HumanoidRootPart"] = CFrame.new(0, 0, 0, 1, 0, 0, 0, 1, 0, 0, 0, 1),
            ["RightUpperLeg"] = CFrame.new(-0.000025510787963867188, -0.00012584403157234192, -0.004997478798031807, 0.9511817097663879, -0.12894663214683533, -0.28040260076522827, 0.0917607843875885, 0.9856073260307312, -0.14198218286037445, 0.29467493295669556, 0.10932089388370514, 0.9493237137794495),
            ["LeftUpperArm"] = CFrame.new(0, -0.06523799896240234, 1.4901161193847656e-07, 0.29990077018737793, 0.8178167939186096, -0.49115678668022156, -0.1594509780406952, 0.5505852699279785, 0.8194093108177185, 0.9405503273010254, -0.16742609441280365, 0.2955224812030792),
            ["RightLowerArm"] = CFrame.new(-5.960464477539063e-08, -1.1920928955078125e-07, 2.384185791015625e-07, 1, 1.4901166522918174e-08, 2.9604390761051036e-07, -1.4156096028727916e-07, 0.5065874457359314, -0.8621906638145447, 2.2351730422087712e-07, 0.8621885776519775, 0.5065838694572449),
            ["LeftHand"] = CFrame.new(0, 5.960464477539063e-08, 1.4901161193847656e-07, 0.7923661470413208, 0.25478920340538025, -0.5542911887168884, -0.40363427996635437, 0.9002498984336853, -0.16318528354167938, 0.4574224054813385, 0.3530336916446686, 0.816169023513794),
            ["LeftFoot"] = CFrame.new(-1.6763806343078613e-08, -2.384185791015625e-07, -3.725290298461914e-08, 0.9949182868003845, -0.019226450473070145, -0.09883507341146469, 0.07825960218906403, 0.7652614116668701, 0.638944685459137, 0.06334874778985977, -0.6434325575828552, 0.7628769874572754),
            ["LowerTorso"] = CFrame.new(-0.04801220819354057, -0.016558408737182617, 0.0013485450763255358, 0.8719902038574219, -0.09034120291471481, -0.4811151623725891, -0.005107896402478218, 0.9810909628868103, -0.19348007440567017, 0.4894966781139374, 0.17116975784301758, 0.8550401926040649),
