return {
    ["To The Beat"] = {
        {Time = 0.000, Data = {
            ["LeftFoot"] = CFrame.new(1.1641532182693481e-09, 0, -1.4901161193847656e-08, 0.9932755827903748, -0.02286096103489399, -0.11349482089281082, -0.004863441921770573, 0.9712061285972595, -0.2381911277770996, 0.11567217856645584, 0.2371414750814438, 0.9645641446113586),
            ["LeftLowerArm"] = CFrame.new(5.960464477539063e-08, 1.1920928955078125e-07, -1.2479722499847412e-07, 1, -5.5879341154252415e-09, 7.450578820566989e-09, 1.8626449271863521e-09, 0.9999867081642151, -0.005154350306838751, 3.7252898543727042e-09, 0.005154337268322706, 0.9999867081642151),
            ["LowerTorso"] = CFrame.new(0.025836944580078125, -0.20524859428405762, 0.4271259307861328, 0.9996798038482666, -0.002227381570264697, 0.02520594745874405, -0.005173133686184883, 0.9570900797843933, 0.28974440693855286, -0.024769732728600502, -0.2897820472717285, 0.9567721486091614),
            ["Head"] = CFrame.new(2.2351741790771484e-08, 0, -2.2817403078079224e-07, 0.9973579049110413, -0.038572873920202255, -0.06155887991189957, 0.009433086961507797, 0.9089789390563965, -0.4167354106903076, 0.07203038781881332, 0.4150537848472595, 0.9069411158561707),
            ["RightUpperArm"] = CFrame.new(-5.960464477539063e-08, 1.1920928955078125e-07, -6.705522537231445e-08, 0.6979596614837646, -0.7114526629447937, -0.08177629858255386, 0.7157508134841919, 0.6892703771591187, 0.11228164285421371, -0.023517191410064697, -0.13689957559108734, 0.9903057813644409),
            ["UpperTorso"] = CFrame.new(4.656612873077393e-10, -8.940696716308594e-08, -1.1990778148174286e-08, 0.9979409575462341, 0.020507967099547386, 0.06077374145388603, -0.03877761587500572, 0.9476420283317566, 0.3169717788696289, -0.05109129846096039, -0.318675696849823, 0.9464858770370483),
            ["HumanoidRootPart"] = CFrame.new(0, 0, 0, 1, 0, 0, 0, 1, 0, 0, 0, 1),
            ["RightHand"] = CFrame.new(-1.4901161193847656e-08, 0, -8.940696716308594e-08, 0.971733808517456, -0.2232845276594162, -0.07666461914777756, 0.1896013617515564, 0.9316116571426392, -0.31008264422416687, 0.14065830409526825, 0.2867819666862488, 0.9476134777069092),
            ["LeftUpperArm"] = CFrame.new(0, 0, 5.21540641784668e-08, 0.9780296683311462, 0.13160410523414612, -0.16167402267456055, -0.10218191891908646, 0.9786250591278076, 0.1784709393978119, 0.1817057579755783, -0.158029705286026, 0.9705718755722046),
            ["RightLowerArm"] = CFrame.new(5.960464477539063e-08, 0, -6.51925802230835e-09, 1, -1.0617075929530984e-07, 4.470347292340193e-08, 1.043081283569336e-07, 0.8780430555343628, -0.47858166694641113, -2.153683453798294e-08, 0.47858166694641113, 0.878042995929718),
            ["LeftHand"] = CFrame.new(-9.685754776000977e-08, 5.960464477539063e-08, -2.2351741790771484e-07, 0.9735994338989258, 0.22285571694374084, -0.049391068518161774, -0.2282046675682068, 0.9551964402198792, -0.1884739249944687, 0.005175627768039703, 0.194769486784935, 0.9808354377746582),
            ["RightUpperLeg"] = CFrame.new(0, -1.83936208486557e-08, 7.746712071821094e-08, 0.9926531314849854, -0.09621937572956085, -0.07335913181304932, 0.01486724428832531, 0.6987025141716003, -0.7152578830718994, 0.12007788568735123, 0.7089123725891113, 0.6949996948242188),
            ["LeftUpperLeg"] = CFrame.new(8.940696716308594e-08, -6.868503987789154e-09, 6.146728992462158e-08, 0.9727241396903992, 0.14848431944847107, 0.1782144159078598, 0.06012946367263794, 0.5806164741516113, -0.8119537830352783, -0.22403661906719208, 0.8005228638648987, 0.555851399898529),
            ["RightLowerLeg"] = CFrame.new(-5.145557224750519e-08, 1.7881393432617188e-07, 5.757465260103345e-08, 1, -1.364387571811676e-07, -6.705525379402388e-08, 1.2665987014770508e-07, 0.5424308776855469, 0.8401002883911133, -7.078051567077637e-08, -0.8401004672050476, 0.5424312353134155),
            ["RightFoot"] = CFrame.new(-4.563480615615845e-08, 2.980232238769531e-07, 1.287116901949048e-08, 0.9911966919898987, 0.04957590252161026, -0.12276553362607956, -0.09969182312488556, 0.8896434307098389, -0.44564077258110046, 0.08712450414896011, 0.45395684242248535, 0.8867541551589966),
            ["LeftLowerLeg"] = CFrame.new(-2.1420419216156006e-08, -5.960464477539063e-08, -1.862645149230957e-08, 1, 9.406359424701805e-08, 1.6298148608484553e-08, -8.475034718458119e-08, 0.5983120203018188, 0.8012632727622986, 4.8428766774577525e-08, -0.8012632131576538, 0.5983119010925293),
        }},
        {Time = 0.033, Data = {
            ["LeftFoot"] = CFrame.new(-3.5390257835388184e-08, -1.1920928955078125e-07, -3.3527612686157227e-08, 0.9233506321907043, 0.016666719689965248, -0.3835960924625397, -0.11350400000810623, 0.9662549495697021, -0.2312319278717041, 0.36679768562316895, 0.2570478916168213, 0.8940837383270264),
            ["LeftLowerArm"] = CFrame.new(0, -5.960464477539063e-08, 1.1920928955078125e-07, 1, -1.4901157641133977e-08, -1.4901166522918174e-08, 7.450580596923828e-09, 0.9999867081642151, -0.005154402926564217, -1.4901161193847656e-08, 0.005154131446033716, 0.9999867677688599),
            ["LowerTorso"] = CFrame.new(0.021778104826807976, -0.2239527702331543, 0.4274809956550598, 0.9999077916145325, -0.008673390373587608, 0.010458416305482388, 0.00531949894502759, 0.9581952095031738, 0.2860656976699829, -0.012502367608249187, -0.285983681678772, 0.9581529498100281),
            ["Head"] = CFrame.new(5.587935447692871e-09, -3.5762786865234375e-07, -2.53552570939064e-07, 0.9986262321472168, -0.030019555240869522, -0.04294687509536743, 0.010441252961754799, 0.9171869158744812, -0.3983204662799835, 0.05134770646691322, 0.39732494950294495, 0.9162403345108032),
            ["RightUpperArm"] = CFrame.new(1.1920928955078125e-07, -5.960464477539062e-07, -7.82310962677002e-08, 0.7188208699226379, -0.6728835701942444, -0.17471274733543396, 0.6934176683425903, 0.7119327783584595, 0.11101217567920685, 0.0496855191886425, -0.20094673335552216, 0.9783413410186768),
            ["UpperTorso"] = CFrame.new(9.313225746154785e-10, 5.960464477539063e-08, 3.041350282728672e-08, 0.9983222484588623, 0.022864770144224167, 0.05319681018590927, -0.038207028061151505, 0.9504586458206177, 0.30849429965019226, -0.04350770637392998, -0.3100091814994812, 0.949737548828125),
            ["HumanoidRootPart"] = CFrame.new(0, 0, 0, 1, 0, 0, 0, 1, 0, 0, 0, 1),
            ["RightHand"] = CFrame.new(-5.21540641784668e-08, -1.1920928955078125e-07, -1.341104507446289e-07, 0.974193811416626, -0.215921550989151, -0.06576044112443924, 0.18825370073318481, 0.938003420829773, -0.2910498082637787, 0.12452755868434906, 0.2711595892906189, 0.9544451832771301),
            ["LeftUpperArm"] = CFrame.new(0, -4.76837158203125e-07, -2.0489096641540527e-07, 0.9374728798866272, 0.13908536732196808, -0.3190610408782959, -0.07656195014715195, 0.9766397476196289, 0.20078139007091522, 0.33953332901000977, -0.1637991964817047, 0.9262218475341797),
            ["RightLowerArm"] = CFrame.new(4.172325134277344e-07, 1.1920928955078125e-07, -1.4901161193847656e-08, 1, -1.0430811414607888e-07, -2.980232594040899e-08, 8.940696716308594e-08, 0.8864381909370422, -0.46284738183021545, -3.725290298461914e-08, 0.4628470540046692, 0.8864380121231079),
            ["LeftHand"] = CFrame.new(-4.470348358154297e-08, -1.7881393432617188e-07, 8.940696716308594e-08, 0.9851559400558472, 0.1650821417570114, -0.047071024775505066, -0.17027579247951508, 0.9745211005210876, -0.14599600434303284, 0.02177039533853531, 0.15184418857097626, 0.9881647825241089),
            ["RightUpperLeg"] = CFrame.new(0, 6.752088665962219e-08, 1.5534169506281614e-08, 0.93016517162323, -0.22724689543247223, -0.2883602976799011, -0.06066600978374481, 0.6794893741607666, -0.731173038482666, 0.36209461092948914, 0.6976051926612854, 0.6182510256767273),
            ["LeftUpperLeg"] = CFrame.new(0, -1.0151416063308716e-07, 1.0617077350616455e-07, 0.8676335215568542, 0.29852911829948425, 0.3976084887981415, 0.1689767837524414, 0.5750459432601929, -0.8004807233810425, -0.4676099419593811, 0.7617103457450867, 0.44848453998565674),
            ["RightLowerLeg"] = CFrame.new(5.4016709327697754e-08, 5.960464477539063e-08, -1.1937663657590747e-07, 1, -1.341104507446289e-07, -2.0489103746967885e-08, 1.2293457984924316e-07, 0.4962870180606842, 0.8681582808494568, -7.078051567077637e-08, -0.8681585192680359, 0.49628740549087524),
            ["RightFoot"] = CFrame.new(3.4458935260772705e-08, 3.5762786865234375e-07, 1.6596459317952394e-08, 0.9881731867790222, 0.05160931125283241, 0.14439672231674194, 0.01553124189376831, 0.90313321352005, -0.4290790855884552, -0.1525540053844452, 0.42624735832214355, 0.8916506171226501),
            ["LeftLowerLeg"] = CFrame.new(-2.514570951461792e-08, -2.384185791015625e-07, -5.029141902923584e-08, 1, 1.0058287358560847e-07, 1.3969842171945857e-08, -4.0978193283081055e-08, 0.5547273755073547, 0.8320321440696716, 4.6566128730773926e-08, -0.8320322632789612, 0.5547274351119995),
        }},
        {Time = 0.067, Data = {
            ["LeftFoot"] = CFrame.new(7.078051567077637e-08, 0, 7.450580596923828e-09, 0.8491991758346558, 0.035941433161497116, -0.526847779750824, -0.17939910292625427, 0.9579795002937317, -0.2238108515739441, 0.49666568636894226, 0.28457602858543396, 0.8199634552001953),
            ["LeftLowerArm"] = CFrame.new(-1.7881393432617188e-07, -1.7881393432617188e-07, 3.203749656677246e-07, 1, -2.980232594040899e-08, 2.980230107141324e-08, 0, 0.9999867677688599, -0.005154520273208618, -7.450578820566989e-09, 0.005154435057193041, 0.9999867677688599),
            ["LowerTorso"] = CFrame.new(0.017651107162237167, -0.24333834648132324, 0.4252951145172119, 0.999778151512146, -0.0197899267077446, -0.007215401623398066, 0.021028725430369377, 0.9575992226600647, 0.28733527660369873, 0.0012231174623593688, -0.2874232232570648, 0.9578030109405518),
            ["Head"] = CFrame.new(8.381903171539307e-09, -1.1920928955078125e-07, -2.1490268409252167e-07, 0.9995628595352173, -0.021275043487548828, -0.020533164963126183, 0.011614241637289524, 0.9211465120315552, -0.38904252648353577, 0.027190962806344032, 0.38863405585289, 0.9209909439086914),
            ["RightUpperArm"] = CFrame.new(1.1920928955078125e-07, 0, -3.129243850708008e-07, 0.7352665662765503, -0.6272438764572144, -0.2568037211894989, 0.6673085689544678, 0.7362737655639648, 0.11225084960460663, 0.1186690554022789, -0.25390177965164185, 0.9599227905273438),
            ["UpperTorso"] = CFrame.new(3.754394128918648e-09, 2.9802322387695312e-08, -5.8418663684278727e-08, 0.9984972476959229, 0.02953210659325123, 0.04616547375917435, -0.04204241931438446, 0.9531392455101013, 0.2995966076850891, -0.03515440970659256, -0.3010874390602112, 0.9529485106468201),
            ["HumanoidRootPart"] = CFrame.new(0, 0, 0, 1, 0, 0, 0, 1, 0, 0, 0, 1),
            ["RightHand"] = CFrame.new(1.0221265256404877e-07, -1.7881393432617188e-07, 7.729977369308472e-08, 0.9748520851135254, -0.2142007201910019, -0.061493754386901855, 0.1898234486579895, 0.9426892995834351, -0.2744162082672119, 0.11674974113702774, 0.25584205985069275, 0.959642767906189),
            ["LeftUpperArm"] = CFrame.new(-2.384185791015625e-07, 0, -2.2351741790771484e-07, 0.9161025881767273, 0.1504117101430893, -0.3716616928577423, -0.08097058534622192, 0.9772714376449585, 0.1959192156791687, 0.3926829695701599, -0.14938849210739136, 0.9074598550796509),
            ["RightLowerArm"] = CFrame.new(2.384185791015625e-07, -5.960464477539063e-08, -3.725290298461914e-07, 1, -7.450581485102248e-09, 1.1175865566315224e-08, 5.960463056453591e-08, 0.8959106206893921, -0.44423437118530273, -4.470347292340193e-08, 0.4442345201969147, 0.8959106802940369),
            ["LeftHand"] = CFrame.new(1.6391277313232422e-07, 1.1920928955078125e-07, -2.9802322387695312e-08, 0.9887077212333679, 0.14158226549625397, -0.04910850524902344, -0.14613085985183716, 0.9835090637207031, -0.10656359791755676, 0.033211030066013336, 0.11253668367862701, 0.99309241771698),
            ["RightUpperLeg"] = CFrame.new(5.960464477539063e-08, 8.009374141693115e-08, -5.082256393507123e-08, 0.8828306794166565, -0.28096166253089905, -0.3763916790485382, -0.10345451533794403, 0.6653604507446289, -0.7393192052841187, 0.4581564664840698, 0.6916329264640808, 0.558333694934845),
            ["LeftUpperLeg"] = CFrame.new(5.960464477539063e-08, 1.3969838619232178e-08, -3.050081431865692e-08, 0.7710274457931519, 0.4003233015537262, 0.495235413312912, 0.22083225846290588, 0.5613448619842529, -0.7975744605064392, -0.5972855091094971, 0.7243157029151917, 0.34440791606903076),
            ["RightLowerLeg"] = CFrame.new(-4.0978193283081055e-08, 1.7881393432617188e-07, 2.2184394765645266e-08, 1, -1.303851746570217e-07, -7.4505820180093e-08, 1.6018749704471702e-07, 0.4582284092903137, 0.8888342380523682, -8.940698137394065e-08, -0.8888345956802368, 0.4582290053367615),
            ["RightFoot"] = CFrame.new(1.1641532182693481e-07, 2.384185791015625e-07, -2.8107024263590574e-08, 0.9638005495071411, 0.043127670884132385, 0.2631131410598755, 0.06936313211917877, 0.9122942090034485, -0.4036184847354889, -0.2574438154697418, 0.40725836157798767, 0.876278281211853),
            ["LeftLowerLeg"] = CFrame.new(1.0896474123001099e-07, -1.1920928955078125e-07, 2.3283064365386963e-08, 1, 1.0430815677864302e-07, 7.264317503086204e-08, -1.1175870895385742e-08, 0.5029594302177429, 0.8643099665641785, 3.725290298461914e-08, -0.864310085773468, 0.5029594898223877),
        }},
        {Time = 0.100, Data = {
            ["LeftFoot"] = CFrame.new(5.587935447692871e-09, -1.1920928955078125e-07, -4.470348358154297e-08, 0.8148233890533447, 0.03923425078392029, -0.5783798098564148, -0.20959404110908508, 0.9501531720161438, -0.23082320392131805, 0.5404934883117676, 0.3093050718307495, 0.7824304699897766),
            ["LeftLowerArm"] = CFrame.new(-2.384185791015625e-07, 3.5762786865234375e-07, 4.76837158203125e-07, 1, -1.8626458597736928e-08, -4.8428763221863846e-08, 1.4901157641133977e-08, 0.9999867677688599, -0.0051543922163546085, 7.450578820566989e-09, 0.005154257640242577, 0.9999867677688599),
            ["LowerTorso"] = CFrame.new(0.013738349080085754, -0.2526743412017822, 0.4209964871406555, 0.9989968538284302, -0.030733622610569, -0.03256861865520477, 0.038899898529052734, 0.9558773040771484, 0.29117926955223083, 0.022182609885931015, -0.29215410351753235, 0.9561139941215515),
            ["Head"] = CFrame.new(-1.862645149230957e-09, 0, -1.0810617823153734e-07, 0.9998725056648254, -0.009197810664772987, 0.013055287301540375, 0.013549156486988068, 0.9213005900382996, -0.38861507177352905, -0.008453435264527798, 0.38874247670173645, 0.9213078022003174),
            ["RightUpperArm"] = CFrame.new(1.1920928955078125e-07, -2.384185791015625e-07, -1.6391277313232422e-07, 0.7528796792030334, -0.5780183672904968, -0.3147493302822113, 0.6355568766593933, 0.7627484202384949, 0.1195085197687149, 0.1709963083267212, -0.29001671075820923, 0.9416213035583496),
            ["UpperTorso"] = CFrame.new(-2.561137080192566e-09, 2.9802322387695312e-08, -1.196312950924039e-07, 0.9987821578979492, 0.03467678278684616, 0.03509727492928505, -0.04355683922767639, 0.9538541436195374, 0.2970944941043854, -0.023175397887825966, -0.2982613444328308, 0.9542028307914734),
            ["HumanoidRootPart"] = CFrame.new(0, 0, 0, 1, 0, 0, 0, 1, 0, 0, 0, 1),
            ["RightHand"] = CFrame.new(-2.1606683731079102e-07, -1.7881393432617188e-07, -1.043081283569336e-07, 0.9730801582336426, -0.22152739763259888, -0.06356533616781235, 0.19763615727424622, 0.9439734220504761, -0.2642996311187744, 0.11855362355709076, 0.2446219027042389, 0.9623436331748962),
            ["LeftUpperArm"] = CFrame.new(-1.1920928955078125e-07, 1.1920928955078125e-07, -1.4295801520347595e-07, 0.9429587721824646, 0.1609439104795456, -0.2914206385612488, -0.12179304659366608, 0.9814671277999878, 0.14794877171516418, 0.3098311722278595, -0.10401661694049835, 0.945084810256958),
            ["RightLowerArm"] = CFrame.new(1.7881393432617188e-07, -5.960464477539063e-08, 4.842877388000488e-08, 1, -1.4901166522918174e-08, 3.7252889661942845e-09, 1.4901159417490817e-08, 0.9077742695808411, -0.4194590151309967, -1.4901159417490817e-08, 0.41945916414260864, 0.9077742695808411),
            ["LeftHand"] = CFrame.new(7.450580596923828e-09, 0, -8.940696716308594e-08, 0.9880816340446472, 0.1450917273759842, -0.05141173303127289, -0.14860105514526367, 0.9862220287322998, -0.07269083708524704, 0.04015660658478737, 0.07946442067623138, 0.9960285425186157),
            ["RightUpperLeg"] = CFrame.new(0, 3.203749656677246e-07, -7.283233571797609e-09, 0.8747999668121338, -0.27872589230537415, -0.39627882838249207, -0.1250542402267456, 0.6603176593780518, -0.7405014038085938, 0.4680667519569397, 0.6973468065261841, 0.542789876461029),
            ["LeftUpperLeg"] = CFrame.new(2.9802322387695312e-08, 2.4121254682540894e-07, 0, 0.7177751660346985, 0.4602591395378113, 0.5224560499191284, 0.23388756811618805, 0.5473770499229431, -0.8035392165184021, -0.6558166742324829, 0.6989563703536987, 0.28524473309516907),
            ["RightLowerLeg"] = CFrame.new(4.0978193283081055e-08, 2.980232238769531e-07, 6.875052349641919e-08, 1, -1.5273690223693848e-07, -1.0058288779646318e-07, 1.0058282384761696e-07, 0.4514613449573517, 0.8922905921936035, -7.636844401304188e-08, -0.8922907114028931, 0.45146170258522034),
            ["RightFoot"] = CFrame.new(-1.0523945093154907e-07, 2.384185791015625e-07, 4.639878170564771e-08, 0.9541056752204895, 0.038377370685338974, 0.29700079560279846, 0.08318045735359192, 0.9187685251235962, -0.3859342038631439, -0.28768619894981384, 0.39292705059051514, 0.873410165309906),
            ["LeftLowerLeg"] = CFrame.new(1.7695128917694092e-08, -1.1920928955078125e-07, -2.039596438407898e-07, 1, 7.078052988163108e-08, 2.2351747119842003e-08, -8.940696716308594e-08, 0.4646770656108856, 0.8854802250862122, 5.587935447692871e-08, -0.8854802846908569, 0.46467721462249756),
        }},
        {Time = 0.133, Data = {
            ["LeftFoot"] = CFrame.new(-7.916241884231567e-08, 1.1920928955078125e-07, -6.705522537231445e-08, 0.8416827917098999, 0.030624467879533768, -0.5391032099723816, -0.20670975744724274, 0.9406120777130127, -0.26929572224617004, 0.49883997440338135, 0.33809930086135864, 0.7980273962020874),
            ["LeftLowerArm"] = CFrame.new(2.9802322387695312e-08, 5.960464477539063e-08, 7.450580596923828e-08, 1, -3.4458938813486384e-08, 1.3504177331924438e-08, 9.778887921640944e-09, 0.9999867677688599, -0.005154352635145187, 6.519258910486769e-09, 0.005154286045581102, 0.9999867081642151),
            ["LowerTorso"] = CFrame.new(0.010675214231014252, -0.2459474802017212, 0.41721445322036743, 0.9967930912971497, -0.04431760683655739, -0.06662958860397339, 0.06244409829378128, 0.9514769911766052, 0.30131760239601135, 0.05004283785820007, -0.3045118749141693, 0.9511931538581848),
            ["Head"] = CFrame.new(3.725290298461914e-09, 0, 2.805609256029129e-07, 0.9983570575714111, 0.009078468196094036, 0.05657658353447914, 0.014384892769157887, 0.9160401821136475, -0.40082836151123047, -0.05546533688902855, 0.4009838104248047, 0.9144046902656555),
            ["RightUpperArm"] = CFrame.new(-5.960464477539063e-08, -3.5762786865234375e-07, 1.1175870895385742e-07, 0.790203869342804, -0.5225179195404053, -0.32023897767066956, 0.5837036967277527, 0.8009169697761536, 0.13349881768226624, 0.18672943115234375, -0.29241588711738586, 0.9378833174705505),
            ["UpperTorso"] = CFrame.new(1.1175870895385742e-08, 1.1920928955078125e-07, 2.7008354663848877e-08, 0.9990201592445374, 0.038487523794174194, 0.021851161494851112, -0.04328177869319916, 0.9527271389961243, 0.30072858929634094, -0.009243886917829514, -0.3013797402381897, 0.9534594416618347),
            ["HumanoidRootPart"] = CFrame.new(0, 0, 0, 1, 0, 0, 0, 1, 0, 0, 0, 1),
            ["RightHand"] = CFrame.new(-3.5762786865234375e-07, 1.7881393432617188e-07, 8.940696716308594e-08, 0.9555601477622986, -0.2823181450366974, -0.08486112207174301, 0.24689555168151855, 0.9237118363380432, -0.29291483759880066, 0.16108234226703644, 0.25894594192504883, 0.9523651599884033),
            ["LeftUpperArm"] = CFrame.new(1.7881393432617188e-07, -4.76837158203125e-07, 1.4901161193847656e-07, 0.9670215845108032, 0.17440877854824066, -0.1856095790863037, -0.16774587333202362, 0.9845030307769775, 0.05113993212580681, 0.19165244698524475, -0.018317995592951775, 0.9812919497489929),
            ["RightLowerArm"] = CFrame.new(-1.4901161193847656e-07, 1.7881393432617188e-07, 1.4528632164001465e-07, 1, -3.725290742551124e-09, 4.4703494239684005e-08, 7.4505820180093e-08, 0.9327020049095154, -0.3606482148170471, 1.4901164746561335e-08, 0.36064818501472473, 0.9327019453048706),
            ["LeftHand"] = CFrame.new(1.0617077350616455e-07, 1.1920928955078125e-07, 1.4901161193847656e-08, 0.9872100353240967, 0.1502770483493805, -0.053228072822093964, -0.1525544375181198, 0.9874171018600464, -0.04165052995085716, 0.04629926383495331, 0.04923801124095917, 0.9977133870124817),
            ["RightUpperLeg"] = CFrame.new(5.960464477539063e-08, 3.0919909477233887e-07, 5.418405635282397e-08, 0.8930665850639343, -0.23115284740924835, -0.3860059678554535, -0.1417076736688614, 0.6697607040405273, -0.7289304137229919, 0.42702600359916687, 0.7056832909584045, 0.5653846263885498),
            ["LeftUpperLeg"] = CFrame.new(2.9802322387695312e-08, 2.384185791015625e-07, 3.3527612686157227e-08, 0.7245201468467712, 0.4777394235134125, 0.4968253970146179, 0.2125682681798935, 0.5308056473731995, -0.8204024434089661, -0.6556563377380371, 0.700007438659668, 0.28302711248397827),
            ["RightLowerLeg"] = CFrame.new(7.450580596923828e-09, 2.980232238769531e-07, 3.5222910810261965e-08, 1, -1.229346082709526e-07, -2.6077040971017595e-08, 1.0803343286625022e-07, 0.4951440095901489, 0.8688105940818787, -7.450581307466564e-08, -0.8688109517097473, 0.4951446056365967),
            ["RightFoot"] = CFrame.new(-6.984919309616089e-08, 2.384185791015625e-07, 4.639878170564771e-08, 0.956627368927002, 0.038771357387304306, 0.288722962141037, 0.0755876749753952, 0.9241238236427307, -0.3745417892932892, -0.2813372313976288, 0.380121111869812, 0.8811116218566895),
            ["LeftLowerLeg"] = CFrame.new(7.82310962677002e-08, -4.172325134277344e-07, 4.6566128730773926e-08, 1, 1.3411046495548362e-07, 1.1548401346317405e-07, -7.078050856534901e-08, 0.44841423630714417, 0.8938257694244385, 1.0430811414607888e-07, -0.893825888633728, 0.4484144449234009),
        }},
        {Time = 0.167, Data = {
            ["LeftFoot"] = CFrame.new(-3.3527612686157227e-08, 5.960464477539063e-08, 2.60770320892334e-08, 0.8982340097427368, 0.021898774430155754, -0.4389716684818268, -0.1807532012462616, 0.9287943243980408, -0.3235268294811249, 0.4006296694278717, 0.36994826793670654, 0.8382328152656555),
            ["LeftLowerArm"] = CFrame.new(1.1920928955078125e-07, -4.76837158203125e-07, -1.7881393432617188e-07, 1, -3.725289587919178e-08, 7.450581485102248e-09, -1.4901161193847656e-08, 0.9999867677688599, -0.005154829937964678, 1.30385160446167e-08, 0.005154705140739679, 0.9999867081642151),
            ["LowerTorso"] = CFrame.new(0.007350169122219086, -0.22808873653411865, 0.4135845899581909, 0.9927671551704407, -0.053454019129276276, -0.10749920457601547, 0.0852288007736206, 0.9444267153739929, 0.31748101115226746, 0.08455448597669601, -0.32434678077697754, 0.942151665687561),
            ["Head"] = CFrame.new(-1.3969838619232178e-08, -1.1920928955078125e-07, -1.4808028936386108e-07, 0.9935550093650818, 0.03241429850459099, 0.10861730575561523, 0.01624511554837227, 0.9076286554336548, -0.4194595217704773, -0.11218065768480301, 0.4185206890106201, 0.9012525081634521),
            ["RightUpperArm"] = CFrame.new(-5.960464477539063e-08, -2.384185791015625e-07, -1.1920928955078125e-07, 0.8498235940933228, -0.45371365547180176, -0.2682235538959503, 0.504237949848175, 0.8480157256126404, 0.16313612461090088, 0.15344063937664032, -0.2738853394985199, 0.9494434595108032),
            ["UpperTorso"] = CFrame.new(1.0244548320770264e-08, -1.1920928955078125e-07, 4.353933036327362e-08, 0.9993079900741577, 0.036972109228372574, 0.0041017537005245686, -0.03646957501769066, 0.9520127177238464, 0.30387818813323975, 0.007330095395445824, -0.30381742119789124, 0.9527021050453186),
            ["HumanoidRootPart"] = CFrame.new(0, 0, 0, 1, 0, 0, 0, 1, 0, 0, 0, 1),
            ["RightHand"] = CFrame.new(2.2724270820617676e-07, 0, 1.4901161193847656e-07, 0.9151996374130249, -0.38499799370765686, -0.11910632997751236, 0.3253882825374603, 0.8803036212921143, -0.34523653984069824, 0.23776492476463318, 0.27720436453819275, 0.9309272170066833),
            ["LeftUpperArm"] = CFrame.new(0, 1.1920928955078125e-07, -5.960464477539063e-08, 0.9771790504455566, 0.18789738416671753, -0.09907461702823639, -0.19290435314178467, 0.9802502393722534, -0.04355914145708084, 0.08893323689699173, 0.06167714297771454, 0.9941262006759644),
            ["RightLowerArm"] = CFrame.new(-3.2782554626464844e-07, -3.5762786865234375e-07, 1.0803341865539551e-07, 1, -5.96046660916727e-08, 5.215405707303944e-08, 3.725290653733282e-08, 0.9622323513031006, -0.27222970128059387, 5.2154071283894154e-08, 0.27222979068756104, 0.9622323513031006),
            ["LeftHand"] = CFrame.new(-1.1711381375789642e-07, -4.76837158203125e-07, 7.916241884231567e-08, 0.9863421320915222, 0.1552942842245102, -0.05489037185907364, -0.15612410008907318, 0.9876745939254761, -0.011144171468913555, 0.052483245730400085, 0.019561611115932465, 0.9984301924705505),
            ["RightUpperLeg"] = CFrame.new(-1.1920928955078125e-07, 1.210719347000122e-07, 8.77116690389812e-08, 0.934597373008728, -0.1461227536201477, -0.3243085443973541, -0.14177323877811432, 0.683160662651062, -0.7163741588592529, 0.32623347640037537, 0.7154995799064636, 0.6177637577056885),
            ["LeftUpperLeg"] = CFrame.new(8.940696716308594e-08, 1.30385160446167e-08, 1.0803341865539551e-07, 0.7634814977645874, 0.4645799696445465, 0.4486217796802521, 0.17514432966709137, 0.519669771194458, -0.8362223505973816, -0.6216273307800293, 0.7170137763023376, 0.3153896629810333),
            ["RightLowerLeg"] = CFrame.new(3.725290298461914e-09, 2.980232238769531e-07, -7.281050784513354e-08, 1, -9.685756197086448e-08, -6.519259443393821e-08, 1.341104507446289e-07, 0.5715219378471375, 0.820586621761322, -9.499490261077881e-08, -0.8205869197845459, 0.5715221762657166),
            ["RightFoot"] = CFrame.new(-2.9802322387695312e-08, 3.5762786865234375e-07, -1.3205863069742918e-08, 0.9730811715126038, 0.043489594012498856, 0.22632262110710144, 0.044595785439014435, 0.9279401302337646, -0.370051771402359, -0.22610725462436676, 0.37018364667892456, 0.9010214805603027),
            ["LeftLowerLeg"] = CFrame.new(1.862645149230957e-08, -5.960464477539063e-08, 1.1175870895385742e-08, 1, 8.009376273321323e-08, 3.725290653733282e-08, -6.146729703004894e-08, 0.45251572132110596, 0.8917564153671265, 5.2154071283894154e-08, -0.891756534576416, 0.45251578092575073),
        }},
        {Time = 0.200, Data = {
            ["LeftFoot"] = CFrame.new(2.7939677238464355e-09, 0, 1.862645149230957e-09, 0.9490835666656494, 0.018069826066493988, -0.31450584530830383, -0.13778375089168549, 0.9216093420982361, -0.36283883452415466, 0.2832951545715332, 0.387698233127594, 0.8771740198135376),
            ["LeftLowerArm"] = CFrame.new(-1.7881393432617188e-07, -1.7881393432617188e-07, 8.940696716308594e-08, 1, 7.4505797087454084e-09, 3.7252898543727042e-09, 7.4505797087454084e-09, 0.9999867677688599, -0.005155298393219709, -2.2351738238057806e-08, 0.0051549519412219524, 0.9999867677688599),
            ["LowerTorso"] = CFrame.new(0.005526550114154816, -0.2115170955657959, 0.4128660559654236, 0.988142728805542, -0.05615386739373207, -0.14290103316307068, 0.10129745304584503, 0.9378512501716614, 0.3319246768951416, 0.11538103967905045, -0.3424644470214844, 0.9324190616607666),
            ["Head"] = CFrame.new(-7.450580596923828e-09, 0, -2.60770320892334e-07, 0.9861487746238708, 0.05716369301080704, 0.15570132434368134, 0.01612206920981407, 0.9012527465820312, -0.4329935610294342, -0.1650777906179428, 0.42950639128685, 0.8878477215766907),
            ["RightUpperArm"] = CFrame.new(-5.960464477539063e-08, 1.1920928955078125e-07, -7.450580596923828e-08, 0.9101516008377075, -0.3645342290401459, -0.19682179391384125, 0.40355023741722107, 0.8875433802604675, 0.22229249775409698, 0.0936545878648758, -0.28174734115600586, 0.9549068808555603),
            ["UpperTorso"] = CFrame.new(2.7939677238464355e-08, 1.7881393432617188e-07, 2.1187588572502136e-08, 0.9994093179702759, 0.029665440320968628, -0.01735094003379345, -0.023044388741254807, 0.9530144333839417, 0.3020472228527069, 0.025496067479252815, -0.30146902799606323, 0.9531350135803223),
            ["HumanoidRootPart"] = CFrame.new(0, 0, 0, 1, 0, 0, 0, 1, 0, 0, 0, 1),
            ["RightHand"] = CFrame.new(2.4400651454925537e-07, 0, -2.980232238769531e-07, 0.8755419850349426, -0.4638252854347229, -0.13524998724460602, 0.3829517364501953, 0.8369118571281433, -0.3910582363605499, 0.29457488656044006, 0.29059356451034546, 0.910374104976654),
            ["LeftUpperArm"] = CFrame.new(0, -1.1920928955078125e-07, -1.043081283569336e-07, 0.9743123054504395, 0.2213689684867859, -0.04136905074119568, -0.22504699230194092, 0.9638745784759521, -0.14247702062129974, 0.008334553800523281, 0.14812704920768738, 0.9889332056045532),
            ["RightLowerArm"] = CFrame.new(-1.1920928955078125e-07, -1.7881393432617188e-07, -1.1175870895385742e-07, 1, 2.2351738238057806e-08, 1.862644793959589e-08, 1.6763806343078613e-08, 0.9802296161651611, -0.19786372780799866, 1.1175870895385742e-08, 0.19786351919174194, 0.9802295565605164),
            ["LeftHand"] = CFrame.new(2.9802322387695312e-08, -1.1920928955078125e-07, 2.9802322387695312e-08, 0.9856300950050354, 0.15904077887535095, -0.056916382163763046, -0.1583050936460495, 0.9872398376464844, 0.01723666489124298, 0.0589313730597496, -0.007978425361216068, 0.9982302188873291),
            ["RightUpperLeg"] = CFrame.new(-2.9802322387695312e-08, 2.7939677238464355e-07, 5.045876605436206e-08, 0.9900282621383667, -0.015569398179650307, -0.14000599086284637, -0.09066756069660187, 0.6902206540107727, -0.7178962826728821, 0.10781225562095642, 0.7234315872192383, 0.6819262504577637),
            ["LeftUpperLeg"] = CFrame.new(5.960464477539063e-08, 2.4959444999694824e-07, 2.9802322387695312e-08, 0.8166216611862183, 0.43262821435928345, 0.3820497393608093, 0.12815989553928375, 0.5094903707504272, -0.8508787751197815, -0.5627648830413818, 0.7438094615936279, 0.36061525344848633),
            ["RightLowerLeg"] = CFrame.new(1.862645149230957e-08, 3.5762786865234375e-07, -5.790934665128589e-08, 1, -1.2665987014770508e-07, -5.215408904746255e-08, 1.4156104555240745e-07, 0.6439275741577148, 0.7650864124298096, -1.4901162970204496e-08, -0.7650865316390991, 0.6439276337623596),
            ["RightFoot"] = CFrame.new(-5.4016709327697754e-08, 4.172325134277344e-07, -8.026108844205737e-08, 0.9983367919921875, 0.046605922281742096, 0.033936757594347, -0.030579861253499985, 0.9270865321159363, -0.3735977113246918, -0.04887421801686287, 0.37193894386291504, 0.9269698858261108),
            ["LeftLowerLeg"] = CFrame.new(6.705522537231445e-08, -1.1920928955078125e-07, 7.450580596923828e-09, 1, 1.0710212450248946e-07, 1.1175873559921001e-08, -4.749744419996205e-08, 0.46102428436279297, 0.8873875737190247, 4.563479905073109e-08, -0.8873876333236694, 0.46102428436279297),
        }},
        {Time = 0.233, Data = {
            ["LeftFoot"] = CFrame.new(4.284083843231201e-08, 5.960464477539063e-08, 2.9802322387695312e-08, 0.9994304180145264, -0.0019720590207725763, -0.03369088098406792, -0.011024768464267254, 0.9244446158409119, -0.38115718960762024, 0.03189711272716522, 0.3813113570213318, 0.9238962531089783),
            ["LeftLowerArm"] = CFrame.new(1.1920928955078125e-07, -5.960464477539063e-08, -8.940696716308594e-08, 1, 0, 3.352760913344355e-08, -7.450580596923828e-09, 0.9999867677688599, -0.0051556858234107494, 1.862645149230957e-08, 0.005155570339411497, 0.9999867677688599),
            ["LowerTorso"] = CFrame.new(0.0036272555589675903, -0.19779789447784424, 0.4126739501953125, 0.9837414622306824, -0.057787127792835236, -0.17003999650478363, 0.11285991966724396, 0.935421347618103, 0.3350367248058319, 0.13969823718070984, -0.34878018498420715, 0.9267345070838928),
            ["Head"] = CFrame.new(-4.190951585769653e-08, -1.1920928955078125e-07, -8.218921720981598e-08, 0.9778990149497986, 0.0760032907128334, 0.19477479159832, 0.017289217561483383, 0.8990015983581543, -0.43760374188423157, -0.20836219191551208, 0.4312998652458191, 0.877818763256073),
            ["RightUpperArm"] = CFrame.new(-2.980232238769531e-07, 2.384185791015625e-07, 2.9802322387695312e-08, 0.9519683122634888, -0.2697286605834961, -0.14492382109165192, 0.30280137062072754, 0.8995775580406189, 0.31475621461868286, 0.04547151178121567, -0.34352120757102966, 0.9380435943603516),
            ["UpperTorso"] = CFrame.new(-2.0489096641540527e-08, -8.940696716308594e-08, -1.380685716867447e-07, 0.998989462852478, 0.025063084438443184, -0.03730829432606697, -0.012665610760450363, 0.9534279108047485, 0.3013550639152527, 0.04312365874648094, -0.3005779981613159, 0.9527819156646729),
            ["HumanoidRootPart"] = CFrame.new(0, 0, 0, 1, 0, 0, 0, 1, 0, 0, 0, 1),
            ["RightHand"] = CFrame.new(5.587935447692871e-08, 0, 5.960464477539063e-08, 0.8615656495094299, -0.49259090423583984, -0.12271459400653839, 0.4081849753856659, 0.815933883190155, -0.40943533182144165, 0.30181097984313965, 0.30266520380973816, 0.9040486812591553),
            ["LeftUpperArm"] = CFrame.new(0, 2.384185791015625e-07, 8.940696716308594e-08, 0.9655893445014954, 0.259827584028244, -0.011263993568718433, -0.25600025057792664, 0.9419488310813904, -0.21724727749824524, -0.045836735516786575, 0.21265526115894318, 0.9760516285896301),
            ["RightLowerArm"] = CFrame.new(-3.2782554626464844e-07, 1.7881393432617188e-07, -3.427267074584961e-07, 1, 0, 4.656611096720553e-08, 7.450581485102248e-09, 0.9820619821548462, -0.1885584145784378, 1.1175872671742582e-08, 0.1885584443807602, 0.9820619821548462),
            ["LeftHand"] = CFrame.new(-6.705522537231445e-08, 0, 0, 0.9849355816841125, 0.16250871121883392, -0.059100233018398285, -0.16005675494670868, 0.9861212372779846, 0.04412386193871498, 0.06545043736696243, -0.03399962931871414, 0.9972764253616333),
            ["RightUpperLeg"] = CFrame.new(5.960464477539063e-08, -3.725290298461914e-09, -9.145878721028566e-09, 0.9842439889907837, 0.12546421587467194, 0.12458978593349457, 0.00176357408054173, 0.6976287961006165, -0.7164574265480042, -0.1768071949481964, 0.7053884863853455, 0.6864154934883118),
            ["LeftUpperLeg"] = CFrame.new(-5.960464477539063e-08, -5.774199962615967e-08, -4.470348358154297e-08, 0.9313607811927795, 0.3152245581150055, 0.182210311293602, 0.0006345948786474764, 0.49903741478919983, -0.8665802478790283, -0.3640971779823303, 0.8072144389152527, 0.46458375453948975),
            ["RightLowerLeg"] = CFrame.new(-8.754432201385498e-08, 1.7881393432617188e-07, -9.143695933744311e-08, 1, -1.0523946514240379e-07, -4.982576840006914e-08, 1.126900315284729e-07, 0.6833773255348206, 0.730065107345581, -5.029141902923584e-08, -0.7300653457641602, 0.683377742767334),
            ["RightFoot"] = CFrame.new(-3.725290298461914e-08, 2.980232238769531e-07, 4.0345184970647097e-08, 0.9713422656059265, 0.034047529101371765, -0.23523403704166412, -0.12141482532024384, 0.9218968152999878, -0.36791932582855225, 0.20433464646339417, 0.38593682646751404, 0.899611234664917),
            ["LeftLowerLeg"] = CFrame.new(-1.862645149230957e-08, -5.960464477539063e-08, 2.9802322387695312e-08, 1, 9.499492392706088e-08, 3.58559226754096e-08, -7.543712854385376e-08, 0.46122127771377563, 0.8872851729393005, 4.0978193283081055e-08, -0.8872851729393005, 0.4612213671207428),
        }},
        {Time = 0.267, Data = {
            ["LeftFoot"] = CFrame.new(-1.210719347000122e-08, 0, -1.1175870895385742e-08, 0.9669245481491089, -0.030809080228209496, 0.2531953752040863, 0.12128349393606186, 0.9288088083267212, -0.3501494824886322, -0.22438232600688934, 0.3692765235900879, 0.9018244743347168),
            ["LeftLowerArm"] = CFrame.new(-2.384185791015625e-07, -7.152557373046875e-07, 8.940696716308594e-08, 1, -2.2351741790771484e-08, 3.352760913344355e-08, 1.4901161193847656e-08, 0.9999867677688599, -0.005156248342245817, -2.9802322387695312e-08, 0.005156166851520538, 0.9999867677688599),
            ["LowerTorso"] = CFrame.new(0.0015681460499763489, -0.1912832260131836, 0.41284841299057007, 0.9819899797439575, -0.05918445810675621, -0.17942389845848083, 0.11685549467802048, 0.9364939332008362, 0.3306417763233185, 0.1484605371952057, -0.34565359354019165, 0.926543653011322),
            ["Head"] = CFrame.new(4.284083843231201e-08, 2.384185791015625e-07, 2.4586915969848633e-07, 0.973101794719696, 0.07965151220560074, 0.21616782248020172, 0.02185640297830105, 0.9021759033203125, -0.430814266204834, -0.22933636605739594, 0.42395085096359253, 0.8761681318283081),
            ["RightUpperArm"] = CFrame.new(0, -2.384185791015625e-07, 2.8312206268310547e-07, 0.9712222814559937, -0.18798823654651642, -0.14624573290348053, 0.23247429728507996, 0.8817629814147949, 0.41042640805244446, 0.05179872363805771, -0.4326135218143463, 0.900090217590332),
            ["UpperTorso"] = CFrame.new(-3.725290298461914e-09, -1.4901161193847656e-07, -8.009374141693115e-08, 0.9983788728713989, 0.02739238552749157, -0.04989378899335861, -0.011137958616018295, 0.9536544680595398, 0.30069783329963684, 0.05581827834248543, -0.29965469241142273, 0.9524134993553162),
            ["HumanoidRootPart"] = CFrame.new(0, 0, 0, 1, 0, 0, 0, 1, 0, 0, 0, 1),
            ["RightHand"] = CFrame.new(-1.9371509552001953e-07, -1.7881393432617188e-07, 1.7881393432617188e-07, 0.8635369539260864, -0.4936549961566925, -0.10299885272979736, 0.4162871837615967, 0.813099205493927, -0.40690892934799194, 0.28462085127830505, 0.3085036873817444, 0.9076433181762695),
            ["LeftUpperArm"] = CFrame.new(0, 0, 4.76837158203125e-07, 0.9554311633110046, 0.2872392535209656, -0.06815511733293533, -0.2943914234638214, 0.9098034501075745, -0.2925603985786438, -0.02202700264751911, 0.2995855510234833, 0.953815221786499),
            ["RightLowerArm"] = CFrame.new(-2.9802322387695312e-08, -5.960464477539062e-07, 2.682209014892578e-07, 1, 7.450582373280668e-09, 4.470347647611561e-08, -2.2351747119842003e-08, 0.9780421853065491, -0.20840752124786377, 0, 0.20840755105018616, 0.9780420660972595),
            ["LeftHand"] = CFrame.new(-1.1920928955078125e-07, 3.5762786865234375e-07, 5.960464477539063e-08, 0.984345018863678, 0.1653304100036621, -0.06108025461435318, -0.16121399402618408, 0.9846343398094177, 0.06712169945240021, 0.0712389349937439, -0.05622371286153793, 0.9958735108375549),
            ["RightUpperLeg"] = CFrame.new(-2.9802322387695312e-08, 2.60770320892334e-08, 4.300818545743823e-08, 0.922714114189148, 0.2156989723443985, 0.31948816776275635, 0.07636521011590958, 0.7100885510444641, -0.6999589800834656, -0.37784549593925476, 0.6702597737312317, 0.6387367844581604),
            ["LeftUpperLeg"] = CFrame.new(-5.960464477539063e-08, 2.9802322387695312e-08, -4.470348358154297e-08, 0.9846477508544922, 0.16774816811084747, -0.04826391115784645, -0.1283128410577774, 0.5081315636634827, -0.8516678214073181, -0.1183413565158844, 0.844785749912262, 0.5218548774719238),
