return {
    ["Toca Toca"] = {
        {Time = 0.000, Data = {
            ["RightFoot"] = CFrame.new(-9.685754776000977e-08, 3.5762786865234375e-07, 9.145878721028566e-09, 0.9990034103393555, 0.043523140251636505, 0.009899209253489971, -0.04278228059411049, 0.9969261884689331, -0.06563588231801987, -0.01272541657090187, 0.06514689326286316, 0.9977946281433105),
            ["LeftLowerArm"] = CFrame.new(0, 4.172325134277344e-07, -1.4901161193847656e-08, 1, -2.980232594040899e-08, 2.7474015951156616e-08, 3.073364496231079e-08, 0.9510528445243835, -0.3090285360813141, 3.4458935260772705e-08, 0.3090285360813141, 0.9510527849197388),
            ["LeftFoot"] = CFrame.new(-5.820766091346741e-09, 5.960464477539063e-08, -7.450580596923828e-09, 0.9986110925674438, -0.05268801748752594, 0.00002701953962969128, 0.051680371165275574, 0.9794130325317383, -0.19513937830924988, 0.010255061089992523, 0.19486984610557556, 0.9807755351066589),
            ["Head"] = CFrame.new(-1.3969838619232178e-09, -3.5762786865234375e-07, -2.043088898062706e-08, 0.945737898349762, -0.020198332145810127, -0.32430222630500793, -0.02307228557765484, 0.9913723468780518, -0.12902896106243134, 0.32411038875579834, 0.1295100301504135, 0.9371124505996704),
            ["LowerTorso"] = CFrame.new(0, -0.031133055686950684, 0, 1, 0, 0, 0, 1, 0, 0, 0, 1),
            ["UpperTorso"] = CFrame.new(0, 1.1920928955078125e-07, 0, 0.997541069984436, -0.004887465853244066, -0.06991370022296906, 0.008393208496272564, 0.9987170100212097, 0.04993835464119911, 0.06957992911338806, -0.050402361899614334, 0.9963023066520691),
            ["HumanoidRootPart"] = CFrame.new(0, 0, 0, 1, 0, 0, 0, 1, 0, 0, 0, 1),
            ["RightUpperLeg"] = CFrame.new(0, 0, 0, 0.9731999635696411, -0.18254946172237396, -0.13984839618206024, 0.08050335943698883, 0.8401103615760803, -0.5364082455635071, 0.21540911495685577, 0.5107741951942444, 0.8322911858558655),
            ["LeftUpperArm"] = CFrame.new(0, -2.384185791015625e-07, 7.450580596923828e-09, 0.9290141463279724, 0.04305202513933182, -0.36753129959106445, -0.017890868708491325, 0.9972732663154602, 0.07159597426652908, 0.3696114718914032, -0.059938229620456696, 0.9272512197494507),
            ["RightLowerArm"] = CFrame.new(5.960464477539063e-08, 0, -1.4901161193847656e-08, 1, -7.788185740764675e-08, 1.0617078771701927e-07, 8.568167686462402e-08, -0.14839355647563934, -0.9889284372329712, 8.754432201385498e-08, 0.9889283776283264, -0.14839354157447815),
            ["LeftHand"] = CFrame.new(1.434236764907837e-07, 0, 8.940696716308594e-08, 0.996337354183197, 0.06409037858247757, -0.05660650506615639, -0.05103257670998573, 0.9768468141555786, 0.20776452124118805, 0.06861163675785065, -0.20411470532417297, 0.9765396118164062),
            ["RightHand"] = CFrame.new(-8.940696716308594e-08, 0, 2.0489096641540527e-07, 0.9910396337509155, -0.08438870310783386, 0.10353284329175949, 0.10045037418603897, 0.9817813038825989, -0.16129228472709656, -0.08803537487983704, 0.1702469438314438, 0.9814610481262207),
            ["RightUpperArm"] = CFrame.new(-0.03439295291900635, -0.0424274206161499, 0.00025557191111147404, 0.9405137300491333, -0.07313896715641022, 0.33178991079330444, 0.05684578791260719, 0.9966639876365662, 0.05856328457593918, -0.334966242313385, -0.03621871396899223, 0.9415337443351746),
            ["RightLowerLeg"] = CFrame.new(-8.195638656616211e-08, 0.000012755393981933594, -0.0000130070184241049, 1, -1.2293453721667902e-07, -2.2351734685344127e-08, 1.3411046495548362e-07, 0.4221777617931366, 0.9065130352973938, -1.0430814256778831e-07, -0.9065130949020386, 0.42217782139778137),
            ["LeftUpperLeg"] = CFrame.new(-0.0015985369682312012, -0.03414762020111084, -0.001036148751154542, 0.99781334400177, 0.06281575560569763, 0.020561013370752335, -0.05268796905875206, 0.9437682032585144, -0.3263826072216034, -0.03990680351853371, 0.32458558678627014, 0.9450141191482544),
            ["LeftLowerLeg"] = CFrame.new(7.264316082000732e-08, -0.000013113021850585938, 0.000013029202818870544, 1, 4.470347647611561e-08, 7.450580596923828e-09, -4.6566128730773926e-08, 0.8631327748298645, 0.5049771070480347, 1.1175870895385742e-08, -0.5049771070480347, 0.8631328344345093),
        }},
        {Time = 0.033, Data = {
            ["RightFoot"] = CFrame.new(5.3085386753082275e-08, 4.76837158203125e-07, 4.267349140718579e-08, 0.9998707175254822, 0.016033729538321495, 0.001230918220244348, -0.015888651832938194, 0.9968217015266418, -0.07806488126516342, -0.0024788754526525736, 0.07803552597761154, 0.9969475865364075),
            ["LeftLowerArm"] = CFrame.new(2.9802322387695312e-08, 1.1920928955078125e-07, -2.9802322387695312e-08, 1, -4.0046874261179255e-08, 8.905773007938933e-09, 2.8870999813079834e-08, 0.9444934725761414, -0.328530490398407, 2.1245796233415604e-09, 0.3285304605960846, 0.9444934725761414),
            ["LeftFoot"] = CFrame.new(-4.0512531995773315e-08, -1.7881393432617188e-07, -7.450580596923828e-09, 0.9986750483512878, -0.05128015577793121, 0.004322979599237442, 0.05136018991470337, 0.9878920912742615, -0.14639510214328766, 0.0032365426886826754, 0.1464231312274933, 0.9892167448997498),
            ["Head"] = CFrame.new(0, -2.384185791015625e-07, -5.471520125865936e-09, 0.9388847351074219, -0.017297381535172462, -0.34379711747169495, -0.027176380157470703, 0.9918947815895081, -0.12412160634994507, 0.343157559633255, 0.12587909400463104, 0.9308047890663147),
            ["LowerTorso"] = CFrame.new(-0.0017574022058397532, -0.007473468780517578, 0, 0.9999850392341614, -0.0018649890553206205, -0.0051431902684271336, 0.0018660370260477066, 0.9999983310699463, 0.00019900700135622174, 0.0051428102888166904, -0.00020860142831224948, 0.9999867677688599),
            ["UpperTorso"] = CFrame.new(-1.2164491636212915e-11, 1.4901161193847656e-07, -1.000444171950221e-11, 0.998094916343689, 0.00003708733493112959, -0.06169769912958145, 0.003052657935768366, 0.9987454414367676, 0.04998379200696945, 0.06162213161587715, -0.050076909363269806, 0.9968425631523132),
            ["HumanoidRootPart"] = CFrame.new(0, 0, 0, 1, 0, 0, 0, 1, 0, 0, 0, 1),
            ["RightUpperLeg"] = CFrame.new(0, 2.32488673646003e-07, -4.43833414465189e-10, 0.9714697599411011, -0.17523299157619476, -0.1598125547170639, 0.04965328425168991, 0.80919349193573, -0.5854403972625732, 0.2319077104330063, 0.5608023405075073, 0.7948078513145447),
            ["LeftUpperArm"] = CFrame.new(0, 0, 0, 0.9232737421989441, 0.04390712082386017, -0.381625235080719, -0.019703244790434837, 0.9975515604019165, 0.067102812230587, 0.3836371898651123, -0.054435018450021744, 0.9218782186508179),
            ["RightLowerArm"] = CFrame.new(2.384185791015625e-07, -5.960464477539063e-08, 0, 1, -1.1920928955078125e-07, 1.0430814256778831e-07, 1.1292286217212677e-07, -0.16683229804039001, -0.985985279083252, 8.568167686462402e-08, 0.985985279083252, -0.1668323427438736),
            ["LeftHand"] = CFrame.new(-4.0046870708465576e-08, -2.384185791015625e-07, -2.9802322387695312e-08, 0.9965308308601379, 0.062002457678318024, -0.05551629140973091, -0.04868217930197716, 0.9753110408782959, 0.2154032588005066, 0.06750113517045975, -0.2119532823562622, 0.9749459028244019),
            ["RightHand"] = CFrame.new(2.086162567138672e-07, 0, -2.980232238769531e-07, 0.9909558296203613, -0.0847400426864624, 0.10404743999242783, 0.10095202922821045, 0.981610894203186, -0.16201534867286682, -0.08840484172105789, 0.17105381190776825, 0.9812875390052795),
            ["RightUpperArm"] = CFrame.new(-0.03439295291900635, -0.0424271821975708, 0.00025559496134519577, 0.8745799660682678, -0.28543519973754883, 0.39196500182151794, 0.29173052310943604, 0.9554488062858582, 0.044843465089797974, -0.387302428483963, 0.0751289501786232, 0.9188865423202515),
            ["RightLowerLeg"] = CFrame.new(-1.7136335372924805e-07, 0.000012755393981933594, -0.000012999567843507975, 1, -1.229345087949696e-07, -8.195638656616211e-08, 1.1920926112907182e-07, 0.36456552147865295, 0.9311777353286743, -9.685752644372769e-08, -0.9311777353286743, 0.3645656704902649),
            ["LeftUpperLeg"] = CFrame.new(-0.0015925765037536621, -0.034019846469163895, -0.0010322779417037964, 0.997755229473114, 0.0621064156293869, 0.025047285482287407, -0.05313395708799362, 0.9618468880653381, -0.26837924122810364, -0.040759723633527756, 0.26644593477249146, 0.9629877209663391),
            ["LeftLowerLeg"] = CFrame.new(8.754432201385498e-08, -0.000013232231140136719, 0.0000131288543343544, 1, 4.0978189730367376e-08, 2.3283062144940914e-09, -3.073364140959711e-08, 0.913506269454956, 0.4068247079849243, 1.2107191693644381e-08, -0.40682464838027954, 0.913506269454956),
        }},
        {Time = 0.067, Data = {
            ["RightFoot"] = CFrame.new(-3.9814040064811707e-08, 2.980232238769531e-07, -1.879379851743579e-08, 0.9999566078186035, -0.004672021605074406, -0.008061734028160572, 0.0041236006654798985, 0.9977606534957886, -0.06675942987203598, 0.008355471305549145, 0.06672374159097672, 0.9977365732192993),
            ["LeftLowerArm"] = CFrame.new(5.960464477539063e-08, -1.7881393432617188e-07, 5.960464477539063e-08, 1, -3.306195139884949e-08, 2.6891939342021942e-08, 2.7939677238464355e-08, 0.9333235621452332, -0.3590364456176758, -3.114109858870506e-08, 0.3590364158153534, 0.9333235621452332),
            ["LeftFoot"] = CFrame.new(-2.537854015827179e-08, -1.1920928955078125e-07, 9.313225746154785e-10, 0.9987547993659973, -0.04750310257077217, 0.015242323279380798, 0.04833366721868515, 0.9970418214797974, -0.05976181849837303, -0.012358361855149269, 0.06042414531111717, 0.9980963468551636),
            ["Head"] = CFrame.new(-4.0745362639427185e-10, -1.1920928955078125e-07, 5.804395186714828e-09, 0.9297667741775513, -0.011555646546185017, -0.36796805262565613, -0.032975710928440094, 0.9928756356239319, -0.11450180411338806, 0.36666959524154663, 0.11859406530857086, 0.9227616190910339),
            ["LowerTorso"] = CFrame.new(-0.008272922597825527, 0.022578954696655273, 0, 0.9998020529747009, -0.006777043454349041, -0.018707187846302986, 0.0067922212183475494, 0.999976634979248, 0.0007479175692424178, 0.01870168372988701, -0.0008748329128138721, 0.9998247027397156),
            ["UpperTorso"] = CFrame.new(-8.6811269284226e-10, 1.1920928955078125e-07, 2.9103830456733704e-11, 0.9991143345832825, 0.013033198192715645, -0.04001045972108841, -0.011030236259102821, 0.9986943602561951, 0.049879804253578186, 0.04060830920934677, -0.04939429834485054, 0.9979535341262817),
            ["HumanoidRootPart"] = CFrame.new(0, 0, 0, 1, 0, 0, 0, 1, 0, 0, 0, 1),
            ["RightUpperLeg"] = CFrame.new(5.960464477539063e-08, -1.1866359272971749e-07, 1.2150849215686321e-09, 0.9695338010787964, -0.1591314971446991, -0.18622925877571106, 0.016034899279475212, 0.799849808216095, -0.5999860167503357, 0.24443209171295166, 0.5787205100059509, 0.7780330181121826),
            ["LeftUpperArm"] = CFrame.new(0, 0, 1.862645149230957e-08, 0.9185232520103455, 0.044301100075244904, -0.39287710189819336, -0.023085977882146835, 0.9980167746543884, 0.05856340378522873, 0.3946923017501831, -0.04472190514206886, 0.9177243113517761),
            ["RightLowerArm"] = CFrame.new(0, -1.7881393432617188e-07, -2.9802322387695312e-08, 1, -8.381902460996571e-08, 5.960464477539063e-08, 3.725289943190546e-08, -0.15559734404087067, -0.9878206253051758, 7.823108916227284e-08, 0.9878206253051758, -0.15559741854667664),
            ["LeftHand"] = CFrame.new(1.2479722499847412e-07, 1.1920928955078125e-07, 2.9802322387695312e-08, 0.9970471858978271, 0.05560552701354027, -0.05296368896961212, -0.04246433824300766, 0.9738792181015015, 0.223060742020607, 0.06398367881774902, -0.22015294432640076, 0.9733647108078003),
            ["RightHand"] = CFrame.new(0, -1.7881393432617188e-07, -5.960464477539063e-08, 0.9908872842788696, -0.0850256085395813, 0.10446624457836151, 0.10136054456233978, 0.9814714789390564, -0.16260358691215515, -0.08870521932840347, 0.17171061038970947, 0.9811457991600037),
            ["RightUpperArm"] = CFrame.new(-0.03439295291900635, -0.04242753982543945, 0.00025558751076459885, 0.5957055687904358, -0.6562212109565735, 0.46315085887908936, 0.7234424352645874, 0.6888800263404846, 0.045555394142866135, -0.3489497900009155, 0.30792534351348877, 0.8851079344749451),
            ["RightLowerLeg"] = CFrame.new(-4.842877388000488e-08, 0.000012993812561035156, -0.000013185832358431071, 1, -1.4714890994582674e-07, -1.2852252950779075e-07, 1.4342366227992898e-07, 0.38814204931259155, 0.9215993881225586, -1.0989604959377175e-07, -0.9215996265411377, 0.38814249634742737),
            ["LeftUpperLeg"] = CFrame.new(-0.001575171947479248, -0.03364964574575424, -0.001021045376546681, 0.9975830912590027, 0.06055556982755661, 0.03407656401395798, -0.05424768477678299, 0.9851925373077393, -0.16264373064041138, -0.043420951813459396, 0.16040198504924774, 0.9860963225364685),
            ["LeftLowerLeg"] = CFrame.new(6.146728992462158e-08, -0.000013232231140136719, 0.000013104639947414398, 1, 1.6065312635760165e-08, 2.3283064365386963e-10, -1.7695127141337252e-08, 0.9752166867256165, 0.22125202417373657, 9.313224635931761e-10, -0.22125205397605896, 0.9752167463302612),
        }},
        {Time = 0.100, Data = {
            ["RightFoot"] = CFrame.new(4.852154233958572e-08, 1.7881393432617188e-07, -5.75528247281909e-09, 0.999850869178772, -0.014497551135718822, -0.009391670115292072, 0.013599321246147156, 0.9958928227424622, -0.08951377123594284, 0.01065087504684925, 0.08937273919582367, 0.9959414005279541),
            ["LeftLowerArm"] = CFrame.new(-1.1920928955078125e-07, -2.384185791015625e-07, -1.4901161193847656e-08, 1, -3.166496753692627e-08, 3.585591912269592e-08, 3.5390257835388184e-08, 0.917776346206665, -0.3970978558063507, 8.149072527885437e-09, 0.3970978558063507, 0.917776346206665),
            ["LeftFoot"] = CFrame.new(-2.561137080192566e-09, -1.1920928955078125e-07, -2.7939677238464355e-09, 0.9986590147018433, -0.04039851203560829, 0.0323781818151474, 0.04104696586728096, 0.9989645481109619, -0.019619617611169815, -0.03155205398797989, 0.020922334864735603, 0.9992831349372864),
            ["Head"] = CFrame.new(3.259629011154175e-09, -1.1920928955078125e-07, -1.367880031466484e-08, 0.9199833869934082, -0.009458990767598152, -0.39184340834617615, -0.035176265984773636, 0.9936822652816772, -0.10657517611980438, 0.39037588238716125, 0.11183106154203415, 0.9138383269309998),
            ["LowerTorso"] = CFrame.new(-0.022244829684495926, 0.03391003608703613, 0, 0.9991879463195801, -0.013704737648367882, -0.03788972273468971, 0.013773576356470585, 0.9999040365219116, 0.0015564237255603075, 0.03786475211381912, -0.002077037002891302, 0.9992806911468506),
            ["UpperTorso"] = CFrame.new(2.8703652787953615e-09, 2.384185791015625e-07, 4.0745362639427185e-10, 0.9994628429412842, 0.03142276406288147, -0.00930859800428152, -0.030928200110793114, 0.9983095526695251, 0.04920825734734535, 0.010839130729436874, -0.04889393225312233, 0.9987452030181885),
            ["HumanoidRootPart"] = CFrame.new(0, 0, 0, 1, 0, 0, 0, 1, 0, 0, 0, 1),
            ["RightUpperLeg"] = CFrame.new(-8.940696716308594e-08, -2.3457687348127365e-08, 2.495653461664915e-09, 0.967047393321991, -0.1456270068883896, -0.2088354080915451, -0.013677621260285378, 0.789358913898468, -0.6137795448303223, 0.25422900915145874, 0.59641033411026, 0.7613556981086731),
            ["LeftUpperArm"] = CFrame.new(5.960464477539063e-08, 2.384185791015625e-07, 3.725290298461914e-09, 0.9164718389511108, 0.04624788090586662, -0.39741718769073486, -0.026807252317667007, 0.9981627464294434, 0.05433788523077965, 0.3991999626159668, -0.03914549574255943, 0.916027843952179),
            ["RightLowerArm"] = CFrame.new(4.76837158203125e-07, -5.960464477539063e-08, -4.470348358154297e-08, 1, -8.940698137394065e-08, 7.450581307466564e-08, 4.284083843231201e-08, -0.0738491490483284, -0.9972694516181946, 9.313225746154785e-08, 0.9972694516181946, -0.0738491490483284),
            ["LeftHand"] = CFrame.new(-1.1175870895385742e-07, 1.1920928955078125e-07, 1.1920928955078125e-07, 0.9977626204490662, 0.04532160982489586, -0.04915173351764679, -0.032806508243083954, 0.972465455532074, 0.2307264804840088, 0.05825527012348175, -0.22859767079353333, 0.9717764854431152),
            ["RightHand"] = CFrame.new(-3.3527612686157227e-08, -1.1920928955078125e-07, -7.450580596923828e-08, 0.990834653377533, -0.0852438285946846, 0.10478676110506058, 0.10167299956083298, 0.9813644886016846, -0.16305319964885712, -0.0889347568154335, 0.17221270501613617, 0.981036901473999),
            ["RightUpperArm"] = CFrame.new(-0.03439301252365112, -0.04242706298828125, 0.0002555735409259796, 0.321389764547348, -0.9179773330688477, 0.2324357032775879, 0.9443997144699097, 0.2927275598049164, -0.14973221719264984, 0.06941051036119461, 0.26763466000556946, 0.9610171318054199),
            ["RightLowerLeg"] = CFrame.new(-2.8467184165492654e-08, 0.000012695789337158203, -0.000013141128874849528, 1, -1.5162363808940427e-07, -9.734684169870889e-08, 1.0251096682623029e-07, 0.41429153084754944, 0.9101442098617554, -1.4598481357097626e-07, -0.9101442694664001, 0.4142915606498718),
            ["LeftUpperLeg"] = CFrame.new(-0.0015474557876586914, -0.03305540978908539, -0.0010030181147158146, 0.9975000023841858, 0.05854043364524841, 0.03958434611558914, -0.054072022438049316, 0.9929142594337463, -0.10581904649734497, -0.0454985536634922, 0.10341411083936691, 0.9935972690582275),
            ["LeftLowerLeg"] = CFrame.new(-6.9267116487026215e-09, -0.000012934207916259766, 0.000013078330084681511, 1, 1.6167174266001894e-08, 1.1641533292916506e-09, -1.0011717677116394e-08, 0.992206335067749, 0.12460551410913467, 0, -0.12460548430681229, 0.9922064542770386),
        }},
        {Time = 0.133, Data = {
            ["RightFoot"] = CFrame.new(-3.725290298461914e-09, 2.980232238769531e-07, 9.145878721028566e-09, 0.9999703168869019, -0.0074585918337106705, 0.001943668583407998, 0.007672538980841637, 0.9873046875, -0.1586528867483139, -0.0007357184076681733, 0.15866336226463318, 0.9873325824737549),
            ["LeftLowerArm"] = CFrame.new(0, -1.7881393432617188e-07, -2.9802322387695312e-08, 1, -4.842877388000488e-08, -2.1420419216156006e-08, 4.0978193283081055e-08, 0.898401141166687, -0.4391758441925049, 4.7963112592697144e-08, 0.43917587399482727, 0.898401141166687),
            ["LeftFoot"] = CFrame.new(7.799826562404633e-08, 0, -9.313225746154785e-09, 0.9980206489562988, -0.028508562594652176, 0.05605357140302658, 0.030731193721294403, 0.9987587928771973, -0.039198026061058044, -0.05486653745174408, 0.04084301367402077, 0.9976580142974854),
            ["Head"] = CFrame.new(-3.1141098588705063e-09, 3.5762786865234375e-07, 1.675084604357835e-08, 0.9116350412368774, -0.01784006506204605, -0.4106135666370392, -0.028635522350668907, 0.9938727617263794, -0.10675694793462753, 0.4100021719932556, 0.10908157378435135, 0.9055383205413818),
            ["LowerTorso"] = CFrame.new(-0.04528987035155296, 0.036606788635253906, 0, 0.9979718923568726, -0.021609937772154808, -0.05987628921866417, 0.02180241234600544, 0.9997590184211731, 0.00256304326467216, 0.0598064661026001, -0.0038632922805845737, 0.9982026219367981),
            ["UpperTorso"] = CFrame.new(1.6952981241047382e-09, 1.1920928955078125e-07, 2.3283064365386963e-10, 0.9982856512069702, 0.05249226465821266, 0.025894369930028915, -0.053682733327150345, 0.9974205493927002, 0.04764849692583084, -0.02332640253007412, -0.04895687848329544, 0.9985285401344299),
            ["HumanoidRootPart"] = CFrame.new(0, 0, 0, 1, 0, 0, 0, 1, 0, 0, 0, 1),
            ["RightUpperLeg"] = CFrame.new(0, 7.983908290043473e-08, 2.029992174357176e-09, 0.9646544456481934, -0.13579434156417847, -0.22583551704883575, -0.03454295173287392, 0.784445583820343, -0.6192349791526794, 0.26124438643455505, 0.6051487326622009, 0.7520281672477722),
            ["LeftUpperArm"] = CFrame.new(0, 3.5762786865234375e-07, 1.4901161193847656e-08, 0.9186611771583557, 0.052633173763751984, -0.39152467250823975, -0.02849181555211544, 0.9973313212394714, 0.06722024828195572, 0.39401793479919434, -0.05059736222028732, 0.9177089929580688),
            ["RightLowerArm"] = CFrame.new(-2.9802322387695312e-08, 0, -1.1175870895385742e-07, 1, -1.2479722499847412e-07, 6.146728992462158e-08, 9.499490261077881e-08, 0.14861543476581573, -0.988895058631897, 8.405186235904694e-08, 0.988895058631897, 0.14861543476581573),
            ["LeftHand"] = CFrame.new(-1.7881393432617188e-07, 0, 0, 0.9985203742980957, 0.03157296031713486, -0.044275134801864624, -0.0201308224350214, 0.970959484577179, 0.2383960485458374, 0.050516240298748016, -0.23715204000473022, 0.9701582193374634),
            ["RightHand"] = CFrame.new(5.513429641723633e-07, 1.7881393432617188e-07, 3.725290298461914e-09, 0.9907987117767334, -0.0853927731513977, 0.10500570386648178, 0.10188638418912888, 0.9812912940979004, -0.16336022317409515, -0.08909139782190323, 0.17255572974681854, 0.9809624552726746),
            ["RightUpperArm"] = CFrame.new(-0.03439301252365112, -0.0424269437789917, 0.0002555921673774719, 0.12421127408742905, -0.989999532699585, 0.06687770783901215, 0.9033388495445251, 0.08493657410144806, -0.42043420672416687, 0.4105493128299713, 0.11263590306043625, 0.9048548936843872),
            ["RightLowerLeg"] = CFrame.new(-1.1920928955078125e-07, 0.000013172626495361328, -0.000013051721907686442, 1, -1.5646213569198153e-07, -1.5832481992106295e-08, 8.754432201385498e-08, 0.45361578464508057, 0.8911972045898438, -1.0337680578231812e-07, -0.8911974430084229, 0.45361611247062683),
            ["LeftUpperLeg"] = CFrame.new(-0.0015099644660949707, -0.032256118953228, -0.0009787613525986671, 0.9977781176567078, 0.05482415854930878, 0.037857312709093094, -0.050162237137556076, 0.9921333193778992, -0.11469635367393494, -0.04384762421250343, 0.11254248023033142, 0.9926790595054626),
            ["LeftLowerLeg"] = CFrame.new(-9.778887033462524e-09, -0.000012993812561035156, 0.000013058073818683624, 1, 9.89530146711104e-09, -1.1641531072470457e-09, -1.4551913452010012e-08, 0.9884024858474731, 0.15185686945915222, 3.958120498026574e-09, -0.15185686945915222, 0.9884025454521179),
        }},
        {Time = 0.167, Data = {
            ["RightFoot"] = CFrame.new(-2.3283064365386963e-09, 4.172325134277344e-07, -5.790934665128589e-08, 0.9995174407958984, 0.02554251439869404, 0.01767980307340622, -0.020517634227871895, 0.9701477885246277, -0.24164527654647827, -0.02332443557679653, 0.24116577208042145, 0.9702036380767822),
            ["LeftLowerArm"] = CFrame.new(0, -1.7881393432617188e-07, -1.4901161193847656e-08, 1, -5.21540641784668e-08, 3.911554458113642e-08, 4.470348358154297e-08, 0.87636399269104, -0.4816494882106781, -2.7939677238464355e-08, 0.4816495478153229, 0.8763639330863953),
            ["LeftFoot"] = CFrame.new(3.3760443329811096e-08, 5.960464477539063e-08, -3.725290298461914e-09, 0.9968154430389404, -0.015730740502476692, 0.07817654311656952, 0.02200605720281601, 0.9965463280677795, -0.08006975799798965, -0.07664700597524643, 0.08153512328863144, 0.9937189221382141),
            ["Head"] = CFrame.new(8.149072527885437e-09, -1.1920928955078125e-07, -6.2427716329693794e-09, 0.9049460887908936, -0.03354240581393242, -0.42420217394828796, -0.01628211885690689, 0.9934289455413818, -0.11328653991222382, 0.42521461844444275, 0.10942521691322327, 0.8984535336494446),
            ["LowerTorso"] = CFrame.new(-0.06959189474582672, 0.03442120552062988, 0, 0.9962095022201538, -0.029456736519932747, -0.08184685558080673, 0.029865829274058342, 0.9995467662811279, 0.0037782578729093075, 0.0816984698176384, -0.006208360660821199, 0.996637761592865),
            ["UpperTorso"] = CFrame.new(3.7834979593753815e-10, 1.1920928955078125e-07, -9.313225746154785e-10, 0.9954243898391724, 0.07351334393024445, 0.06104240193963051, -0.07632722705602646, 0.9960615038871765, 0.04511933773756027, -0.05748511478304863, -0.04957209900021553, 0.997114896774292),
            ["HumanoidRootPart"] = CFrame.new(0, 0, 0, 1, 0, 0, 0, 1, 0, 0, 0, 1),
            ["RightUpperLeg"] = CFrame.new(0, 6.641494110226631e-08, 1.673470251262188e-10, 0.9649712443351746, -0.11031342297792435, -0.23803715407848358, -0.042994722723960876, 0.8285460472106934, -0.5582675337791443, 0.2588091492652893, 0.5489465594291687, 0.7947803735733032),
            ["LeftUpperArm"] = CFrame.new(0, 0, -9.313225746154785e-09, 0.9239401817321777, 0.0627778172492981, -0.3773508071899414, -0.028014933690428734, 0.9948976635932922, 0.09692145138978958, 0.3815099895000458, -0.07897815108299255, 0.92098468542099),
            ["RightLowerArm"] = CFrame.new(-2.384185791015625e-07, -5.960464477539063e-08, -1.1175870895385742e-08, 1, -9.313225746154785e-08, 4.470348358154297e-08, 6.891787052154541e-08, 0.6690195798873901, -0.7432447671890259, 7.264316082000732e-08, 0.7432447671890259, 0.6690196394920349),
            ["LeftHand"] = CFrame.new(8.940696716308594e-08, -1.1920928955078125e-07, 1.1920928955078125e-07, 0.9991483688354492, 0.014787519350647926, -0.03852204978466034, -0.004857808351516724, 0.9692407250404358, 0.24606692790985107, 0.04097582399845123, -0.24567022919654846, 0.9684870839118958),
            ["RightHand"] = CFrame.new(-5.960464477539063e-08, 2.980232238769531e-07, -8.195638656616211e-08, 0.9907798767089844, -0.08547056466341019, 0.10512014478445053, 0.10199800133705139, 0.9812530279159546, -0.1635206788778305, -0.08917327225208282, 0.1727350503206253, 0.9809234738349915),
            ["RightUpperArm"] = CFrame.new(-0.03439301252365112, -0.04242730140686035, 0.0002555716782808304, 0.08442460000514984, -0.9763942360877991, 0.19881337881088257, 0.8701309561729431, -0.024982651695609093, -0.4921870827674866, 0.48553553223609924, 0.21454638242721558, 0.8474816679954529),
            ["RightLowerLeg"] = CFrame.new(-8.381903171539307e-08, 0.000012814998626708984, -0.000013200733519624919, 1, -7.823107495141812e-08, -8.800996198488065e-08, 1.0244546899684792e-07, 0.606419563293457, 0.7951450347900391, -5.122273449842396e-08, -0.7951448559761047, 0.6064194440841675),
            ["LeftUpperLeg"] = CFrame.new(-0.0014638304710388184, -0.03126949071884155, -0.0009488360956311226, 0.9980124831199646, 0.05135250836610794, 0.036526985466480255, -0.04539259150624275, 0.9878600239753723, -0.14856675267219543, -0.04371283948421478, 0.14661341905593872, 0.9882276654243469),
            ["LeftLowerLeg"] = CFrame.new(-8.009374141693115e-08, -0.000013053417205810547, 0.000013045966625213623, 1, 1.909211100326047e-08, 6.752088665962219e-09, -2.0023435354232788e-08, 0.9746091365814209, 0.22391298413276672, 4.423782229423523e-09, -0.22391289472579956, 0.9746091365814209),
        }},
        {Time = 0.200, Data = {
            ["RightFoot"] = CFrame.new(-4.452886059880257e-09, 2.384185791015625e-07, 3.5222910810261965e-08, 0.9992668628692627, 0.011447818949818611, 0.03653427213430405, -0.011708993464708328, 0.999907374382019, 0.006943237967789173, -0.03645144775509834, -0.007365913596004248, 0.9993083477020264),
            ["LeftLowerArm"] = CFrame.new(0, -1.7881393432617188e-07, -2.9802322387695312e-08, 1, -5.587935447692871e-08, 9.313225746154785e-09, 4.470348358154297e-08, 0.8536167740821838, -0.5209015011787415, 5.587935447692871e-09, 0.5209015011787415, 0.8536167740821838),
            ["LeftFoot"] = CFrame.new(-5.3783878684043884e-08, -5.960464477539063e-08, -1.1175870895385742e-08, 0.9978836178779602, -0.006491675041615963, 0.06470179557800293, 0.015212252736091614, 0.990699291229248, -0.13521654903888702, -0.0632222443819046, 0.1359146684408188, 0.988701343536377),
            ["Head"] = CFrame.new(1.3154931366443634e-08, -2.384185791015625e-07, -8.956703823059797e-09, 0.8991163372993469, -0.04735623672604561, -0.43514055013656616, -0.005546303931623697, 0.992817759513855, -0.11950811743736267, 0.43767473101615906, 0.10986519604921341, 0.8923959732055664),
            ["LowerTorso"] = CFrame.new(-0.08614278584718704, 0.024328231811523438, 0, 0.994227409362793, -0.036224283277988434, -0.1009942814707756, 0.03694755584001541, 0.9993031620979309, 0.0052995397709310055, 0.10073193162679672, -0.009000436402857304, 0.9948729872703552),
            ["UpperTorso"] = CFrame.new(3.4633558243513107e-09, -8.940696716308594e-08, 2.3283064365386963e-09, 0.9915556907653809, 0.09179653227329254, 0.09160176664590836, -0.09593377262353897, 0.9945086240768433, 0.041824664920568466, -0.08725938200950623, -0.050259172916412354, 0.994917094707489),
            ["HumanoidRootPart"] = CFrame.new(0, 0, 0, 1, 0, 0, 0, 1, 0, 0, 0, 1),
            ["RightUpperLeg"] = CFrame.new(1.1920928955078125e-07, 7.648486644029617e-08, -1.6952981241047382e-09, 0.9698785543441772, 0.008670519106090069, -0.24343496561050415, -0.03622940182685852, 0.9933856129646301, -0.10896113514900208, 0.24088004231452942, 0.1144985482096672, 0.963777482509613),
            ["LeftUpperArm"] = CFrame.new(0, 2.384185791015625e-07, 0, 0.930044412612915, 0.07359636574983597, -0.36000144481658936, -0.027263525873422623, 0.9908573031425476, 0.13213057816028595, 0.36643439531326294, -0.11307239532470703, 0.9235477447509766),
            ["RightLowerArm"] = CFrame.new(-8.940696716308594e-08, -5.960464477539063e-08, 3.3527612686157227e-08, 1, -3.725290298461914e-08, 4.470348358154297e-08, 2.9802322387695312e-08, 0.9577123522758484, -0.2877275049686432, -3.725290298461914e-09, 0.2877274751663208, 0.9577123522758484),
            ["LeftHand"] = CFrame.new(-5.960464477539063e-08, -2.980232238769531e-07, 1.4901161193847656e-07, 0.9994750022888184, -0.004596431273967028, -0.03207366168498993, 0.012590417638421059, 0.9671923518180847, 0.2537330985069275, 0.02985515259206295, -0.254003643989563, 0.9667423963546753),
            ["RightHand"] = CFrame.new(1.7881393432617188e-07, 0, 1.7881393432617188e-07, 0.9987329244613647, -0.0166376531124115, 0.04749589413404465, 0.02261357754468918, 0.99149090051651, -0.1281968504190445, -0.04495888948440552, 0.1291085034608841, 0.9906107783317566),
            ["RightUpperArm"] = CFrame.new(-0.03439301252365112, -0.04242706298828125, 0.00025558657944202423, 0.08231514692306519, -0.9385176301002502, 0.335274338722229, 0.8453596830368042, -0.11241776496171951, -0.5222349166870117, 0.5278175473213196, 0.32641518115997314, 0.7841312289237976),
            ["RightLowerLeg"] = CFrame.new(-4.668254405260086e-08, 0.000013172626495361328, -0.000013118777133058757, 1, -4.656611984898973e-09, 3.314926289021969e-08, 4.307367351685798e-09, 0.9999868869781494, 0.005135301500558853, -3.6823625038096e-08, -0.005135339219123125, 0.9999868869781494),
            ["LeftUpperLeg"] = CFrame.new(-0.0014098286628723145, -0.030115477740764618, -0.0009137969464063644, 0.9961547255516052, 0.057380661368370056, 0.06620612740516663, -0.042922284454107285, 0.9784103631973267, -0.2021656483411789, -0.07637713849544525, 0.19854651391506195, 0.9771109819412231),
            ["LeftLowerLeg"] = CFrame.new(-8.521601557731628e-08, -0.000012934207916259766, 0.000013068318367004395, 1, 2.8870999813079834e-08, 5.995389962265563e-09, -2.8638172722139643e-08, 0.9453956484794617, 0.3259247839450836, 8.73115002519853e-09, -0.3259248733520508, 0.945395827293396),
        }},
        {Time = 0.233, Data = {
            ["RightFoot"] = CFrame.new(-3.341119736433029e-08, 4.76837158203125e-07, 2.032174961641431e-08, 0.9941192865371704, 0.006049623247236013, 0.10812227427959442, -0.014121553860604763, 0.9971548318862915, 0.07404669374227524, -0.10736672580242157, -0.0751379057765007, 0.9913762211799622),
            ["LeftLowerArm"] = CFrame.new(-5.960464477539063e-08, 1.7881393432617188e-07, 1.4901161193847656e-08, 1, -7.078052277620372e-08, 0, 7.450579886381092e-08, 0.8329013586044312, -0.553421676158905, -7.4505797087454084e-09, 0.553421676158905, 0.8329012989997864),
            ["LeftFoot"] = CFrame.new(7.174094207584858e-09, -5.960464477539063e-08, -2.0489096641540527e-08, 0.9999274611473083, -0.0007404299103654921, 0.012027125805616379, 0.0036727897822856903, 0.9693449139595032, -0.24567686021327972, -0.011476576328277588, 0.24570323526859283, 0.9692772030830383),
            ["Head"] = CFrame.new(9.313225746154785e-10, 0, -1.368653101962991e-08, 0.8949329853057861, -0.0572497583925724, -0.44251254200935364, 0.0020128784235566854, 0.992242693901062, -0.12429980933666229, 0.44619593024253845, 0.11034934967756271, 0.8881059885025024),
            ["LowerTorso"] = CFrame.new(-0.09546084702014923, -0.01914989948272705, 0, 0.9925759434700012, -0.04091743007302284, -0.11453694850206375, 0.04202808067202568, 0.999089777469635, 0.00729787303134799, 0.11413408070802689, -0.012057460844516754, 0.9933921694755554),
            ["UpperTorso"] = CFrame.new(4.249159246683121e-09, -2.9802322387695312e-08, -9.313225746154785e-10, 0.9880465865135193, 0.10472897440195084, 0.11311918497085571, -0.10965260118246078, 0.9932355880737305, 0.038201507180929184, -0.10835319012403488, -0.050148677080869675, 0.9928468465805054),
            ["HumanoidRootPart"] = CFrame.new(0, 0, 0, 1, 0, 0, 0, 1, 0, 0, 0, 1),
            ["RightUpperLeg"] = CFrame.new(5.960464477539063e-08, -5.448237061500549e-08, -8.214556146413088e-09, 0.9726428985595703, 0.009303332306444645, -0.23211932182312012, -0.03768603131175041, 0.9922811388969421, -0.11814415454864502, 0.2292284369468689, 0.12365972250699997, 0.9654856324195862),
            ["LeftUpperArm"] = CFrame.new(0, 3.5762786865234375e-07, 5.820766091346741e-09, 0.9349341988563538, 0.08262650668621063, -0.3450666069984436, -0.027546700090169907, 0.9864756464958191, 0.16157664358615875, 0.35375040769577026, -0.14155806601047516, 0.9245659112930298),
            ["RightLowerArm"] = CFrame.new(-8.940696716308594e-08, 5.960464477539063e-08, -2.60770320892334e-07, 1, 2.9802322387695312e-08, -7.450580596923828e-09, 1.1175870895385742e-08, 0.9981196522712708, -0.06129574403166771, -3.3527612686157227e-08, 0.061295751482248306, 0.9981197118759155),
            ["LeftHand"] = CFrame.new(8.940696716308594e-08, -2.384185791015625e-07, -5.960464477539063e-08, 0.9993433356285095, -0.026127809658646584, -0.025105305016040802, 0.03178877755999565, 0.9647117853164673, 0.261382132768631, 0.017390087246894836, -0.2620084881782532, 0.9649088382720947),
            ["RightHand"] = CFrame.new(-1.7881393432617188e-07, -1.1920928955078125e-07, 2.9802322387695312e-08, 0.9868392944335938, 0.14514099061489105, -0.07129144668579102, -0.14776161313056946, 0.9884741306304932, -0.032946597784757614, 0.06568781286478043, 0.04304707795381546, 0.9969112873077393),
            ["RightUpperArm"] = CFrame.new(-0.0343930721282959, -0.0424269437789917, 0.00025557749904692173, 0.08937691897153854, -0.9076169729232788, 0.4101746678352356, 0.8450778126716614, -0.1488475352525711, -0.5135056972503662, 0.5271198749542236, 0.3925251364707947, 0.7537033557891846),
            ["RightLowerLeg"] = CFrame.new(-8.847564458847046e-09, 0.000012993812561035156, -0.000013092700100969523, 1, 1.8626444830971423e-09, 5.1571976911191086e-08, -4.190951585769653e-09, 0.9999869465827942, 0.005122516769915819, 1.4202669262886047e-08, -0.005122696980834007, 0.9999869465827942),
            ["LeftUpperLeg"] = CFrame.new(-0.001348733901977539, -0.028812125325202942, -0.0008742464706301689, 0.9889641404151917, 0.08468792587518692, 0.12156490981578827, -0.04130388796329498, 0.9455910921096802, -0.3227252960205078, -0.14228159189224243, 0.3141426146030426, 0.9386535286903381),
            ["LeftLowerLeg"] = CFrame.new(-4.045432433485985e-08, -0.000013053417205810547, 0.000013025477528572083, 1, 4.761386662721634e-08, 1.3256794773042202e-08, -4.4761698347883794e-08, 0.8451583981513977, 0.5345159769058228, 1.8917491573233747e-08, -0.5345160961151123, 0.8451583981513977),
        }},
        {Time = 0.267, Data = {
            ["RightFoot"] = CFrame.new(-7.334165275096893e-09, 3.5762786865234375e-07, -3.892637323588133e-09, 0.9854962825775146, 0.006635007914155722, 0.1695672869682312, -0.016713444143533707, 0.9981721639633179, 0.05807831510901451, -0.16887186467647552, -0.06006988510489464, 0.9838058948516846),
            ["LeftLowerArm"] = CFrame.new(1.1920928955078125e-07, -1.1920928955078125e-07, 5.21540641784668e-08, 1, -4.0978196835794733e-08, 5.21540641784668e-08, 5.960463766996327e-08, 0.8175569772720337, -0.575847864151001, -3.725289943190546e-08, 0.575847864151001, 0.8175569772720337),
            ["LeftFoot"] = CFrame.new(-5.279434844851494e-08, 1.7881393432617188e-07, 1.862645149230957e-08, 0.9990119934082031, 0.0025345010217279196, -0.04437030106782913, -0.014917362481355667, 0.9595751166343689, -0.2810571789741516, 0.04186425730586052, 0.28144142031669617, 0.9586648344993591),
            ["Head"] = CFrame.new(8.236384019255638e-09, 3.5762786865234375e-07, -1.1971756919137988e-11, 0.8932165503501892, -0.061189379543066025, -0.4454438388347626, 0.004849869757890701, 0.9919501543045044, -0.1265362948179245, 0.4496006369590759, 0.11086403578519821, 0.886323094367981),
            ["LowerTorso"] = CFrame.new(-0.09996204823255539, -0.039202332496643066, 0, 0.991895854473114, -0.04256915673613548, -0.11971022933721542, 0.044077083468437195, 0.998978316783905, 0.009975851513445377, 0.11916325986385345, -0.015171483159065247, 0.9927587509155273),
            ["UpperTorso"] = CFrame.new(-2.0372681319713593e-09, 1.1920928955078125e-07, -4.190951585769653e-09, 0.9865404963493347, 0.10974673926830292, 0.121217280626297, -0.1147148460149765, 0.992789626121521, 0.034775588661432266, -0.11652675271034241, -0.048212941735982895, 0.9920166730880737),
            ["HumanoidRootPart"] = CFrame.new(0, 0, 0, 1, 0, 0, 0, 1, 0, 0, 0, 1),
            ["RightUpperLeg"] = CFrame.new(0, 2.7369242161512375e-07, 5.75528247281909e-09, 0.9741909503936768, -0.006968242581933737, -0.2256181240081787, -0.03789820894598961, 0.9802858233451843, -0.19391605257987976, 0.2225215584039688, 0.19746167957782745, 0.9547215104103088),
            ["LeftUpperArm"] = CFrame.new(0, 1.1920928955078125e-07, -2.7186422002500876e-09, 0.9368221759796143, 0.08807536214590073, -0.3385365605354309, -0.02959076128900051, 0.9842680096626282, 0.17418637871742249, 0.34855222702026367, -0.1531640738248825, 0.924690306186676),
            ["RightLowerArm"] = CFrame.new(5.960464477539063e-08, 1.1920928955078125e-07, -8.940696716308594e-08, 1, -1.1175872671742582e-08, -7.450581485102248e-09, 7.450581485102248e-09, 0.9999779462814331, -0.006653518415987492, 1.1175872671742582e-08, 0.006653596647083759, 0.9999779462814331),
            ["LeftHand"] = CFrame.new(-1.4901161193847656e-08, -1.1920928955078125e-07, 5.960464477539063e-08, 0.9986236095428467, -0.049341682344675064, -0.017785241827368736, 0.05230903625488281, 0.9617210030555725, 0.26899197697639465, 0.00383193651214242, -0.2695520222187042, 0.9629782438278198),
            ["RightHand"] = CFrame.new(-1.4901161193847656e-07, -4.76837158203125e-07, 1.4901161193847656e-07, 0.934624433517456, 0.3114836812019348, -0.17162491381168365, -0.3017418682575226, 0.9499534964561462, 0.08087235689163208, 0.18822605907917023, -0.023798882961273193, 0.9818373918533325),
            ["RightUpperArm"] = CFrame.new(-0.03439301252365112, -0.04242706298828125, 0.00025557924527674913, 0.08996561169624329, -0.8989397883415222, 0.42873460054397583, 0.858615517616272, -0.14812637865543365, -0.49075254797935486, 0.50466388463974, 0.4122690260410309, 0.7585173845291138),
            ["RightLowerLeg"] = CFrame.new(-4.0046870708465576e-08, 0.000012755393981933594, -0.00001306662306888029, 1, -2.9336653994960216e-08, -2.9336664653101252e-08, 2.421439049271612e-08, 0.9903979301452637, 0.13824597001075745, 3.515743074444799e-08, -0.13824614882469177, 0.9903979897499084),
