return {
    ["Toca Toca 2"] = {
        {Time = 0.000, Data = {
            ["LeftLowerArm"] = CFrame.new(0, 1.7881393432617188e-07, -2.2118911147117615e-07, 1, -1.1920927533992653e-07, 1.6391268786719593e-07, 0, -0.559137225151062, -0.829075038433075, 1.5692781119014398e-07, 0.8290751576423645, -0.5591372847557068),
            ["RightUpperArm"] = CFrame.new(0, 4.76837158203125e-07, -2.9802322387695312e-08, -0.1509402096271515, -0.9833041429519653, 0.1016373559832573, 0.6869731545448303, -0.1782694011926651, -0.7044772505760193, 0.7108340263366699, -0.03651183098554611, 0.7024112343788147),
            ["Head"] = CFrame.new(0, 3.5762786865234375e-07, 1.6391277313232422e-07, 0.9796955585479736, -0.06987066566944122, -0.1879223734140396, -0.10080493986606598, 0.6385558843612671, -0.7629448175430298, 0.1733064204454422, 0.7663971781730652, 0.6185470223426819),
            ["UpperTorso"] = CFrame.new(5.122274160385132e-09, 1.4901161193847656e-07, -1.4435499906539917e-08, 0.920590877532959, -0.21923919022083282, 0.32318201661109924, 0.07229834794998169, 0.9089227914810181, 0.41064879298210144, -0.38377776741981506, -0.3546740710735321, 0.8525967001914978),
            ["HumanoidRootPart"] = CFrame.new(0, 0, 0, 1, 0, 0, 0, 1, 0, 0, 0, 1),
            ["LowerTorso"] = CFrame.new(-0.08284434676170349, -0.008164048194885254, 0.364265501499176, 0.9977730512619019, 0.0653485432267189, -0.01336232665926218, -0.060022834688425064, 0.9670485258102417, 0.24741554260253906, 0.029090259224176407, -0.2460624724626541, 0.968817412853241),
            ["LeftUpperArm"] = CFrame.new(0, 7.152557373046875e-07, -1.4156103134155273e-07, 0.46300366520881653, 0.8604157567024231, -0.2128666490316391, -0.6977056264877319, 0.5019098520278931, 0.511168897151947, 0.5466574430465698, -0.08815475553274155, 0.8327028751373291),
            ["RightLowerArm"] = CFrame.new(0, 0, 1.1920928955078125e-07, 1, -1.5366818928441717e-08, -1.0244545656235005e-08, -2.3283059924494864e-09, 0.9960381984710693, -0.08892706036567688, -4.656611984898973e-09, 0.08892717957496643, 0.9960381984710693),
            ["LeftHand"] = CFrame.new(2.682209014892578e-07, -1.7881393432617188e-07, 3.129243850708008e-07, 0.9791920185089111, 0.15955770015716553, 0.1253974884748459, -0.17156529426574707, 0.9809067249298096, 0.09158335626125336, -0.10839051753282547, -0.11119136214256287, 0.987870454788208),
            ["RightUpperLeg"] = CFrame.new(0, -3.166496753692627e-08, 2.996966941282153e-08, 0.9970089197158813, 0.02738960273563862, -0.07227077335119247, -0.05689549446105957, 0.8929880857467651, -0.44646990299224854, 0.05230832099914551, 0.4492461681365967, 0.8918753862380981),
            ["RightHand"] = CFrame.new(1.94646418094635e-07, -1.1920928955078125e-07, 2.384185791015625e-07, 0.5214868783950806, 0.08768197149038315, -0.8487423658370972, 0.13112396001815796, 0.9746553301811218, 0.18125542998313904, 0.8431239128112793, -0.20581282675266266, 0.4967724680900574),
            ["RightLowerLeg"] = CFrame.new(-9.313225746154785e-09, 4.172325134277344e-07, -9.480572771281004e-09, 1, -5.96046660916727e-08, -2.2351747119842003e-08, 6.891786341611805e-08, 0.8943791389465332, 0.4473094940185547, -1.1175869119028903e-08, -0.44730979204177856, 0.8943793177604675),
            ["LeftUpperLeg"] = CFrame.new(2.9802322387695312e-08, 1.862645149230957e-07, -3.3527612686157227e-08, 0.9827296733856201, -0.16292375326156616, 0.08773965388536453, 0.17809580266475677, 0.9614735245704651, -0.20940572023391724, -0.050242215394973755, 0.22141523659229279, 0.9738845229148865),
            ["LeftLowerLeg"] = CFrame.new(1.862645149230957e-09, -2.980232238769531e-07, -3.166496753692627e-08, 1, -3.725291630729544e-09, -1.6298150606885997e-09, -1.6298145055770874e-09, 0.9999878406524658, 0.004951010458171368, 5.122274160385132e-09, -0.004951007664203644, 0.9999878406524658),
        }},
        {Time = 0.017, Data = {
            ["LeftLowerArm"] = CFrame.new(-8.940696716308594e-08, -5.960464477539063e-08, -1.862645149230957e-08, 1, -2.9802322387695312e-08, 8.940696716308594e-08, 8.195638656616211e-08, -0.5372350215911865, -0.8434326648712158, 1.0803341865539551e-07, 0.843432605266571, -0.537234902381897),
            ["RightUpperArm"] = CFrame.new(0, 3.5762786865234375e-07, 5.960464477539063e-08, -0.1743878573179245, -0.9794697761535645, 0.10113340616226196, 0.7520853877067566, -0.1987852305173874, -0.6283727288246155, 0.6355758309364319, -0.033519644290208817, 0.7713105082511902),
            ["Head"] = CFrame.new(0, 1.1920928955078125e-07, -1.4901161193847656e-07, 0.9790235757827759, -0.07974611967802048, -0.18749241530895233, -0.09466900676488876, 0.6368118524551392, -0.7651853561401367, 0.1804179847240448, 0.7668840885162354, 0.6159043312072754),
            ["UpperTorso"] = CFrame.new(-1.3271346688270569e-08, 2.9802322387695312e-08, -2.1886080503463745e-08, 0.9354356527328491, -0.2055608034133911, 0.2875848114490509, 0.07531675696372986, 0.9107595086097717, 0.40601062774658203, -0.34538042545318604, -0.35813674330711365, 0.8674390912055969),
            ["HumanoidRootPart"] = CFrame.new(0, 0, 0, 1, 0, 0, 0, 1, 0, 0, 0, 1),
            ["LowerTorso"] = CFrame.new(-0.08444226533174515, -0.011532068252563477, 0.3689684271812439, 0.9980620741844177, 0.06168593838810921, 0.008180464617908001, -0.061722174286842346, 0.9646937251091003, 0.25603988766670227, 0.00790241826325655, -0.25604861974716187, 0.9666315913200378),
            ["LeftUpperArm"] = CFrame.new(-1.1920928955078125e-07, 5.960464477539062e-07, -1.1920928955078125e-07, 0.46796882152557373, 0.8447567820549011, -0.25959837436676025, -0.6650614738464355, 0.5300765633583069, 0.5260345339775085, 0.5819780826568604, -0.07351874560117722, 0.8098742365837097),
            ["RightLowerArm"] = CFrame.new(-8.940696716308594e-08, 0, -2.980232238769531e-07, 1, 3.725290742551124e-09, 1.4901155864777138e-08, -1.1175870895385742e-08, 0.9999867081642151, -0.0051543512381613255, -2.2351741790771484e-08, 0.0051543498411774635, 0.9999867081642151),
            ["LeftHand"] = CFrame.new(2.980232238769531e-07, 1.1920928955078125e-07, -8.940696716308594e-08, 0.977385401725769, 0.1476012021303177, 0.1514328122138977, -0.1615692377090454, 0.9832417964935303, 0.0844455137848854, -0.13643068075180054, -0.10700267553329468, 0.9848538041114807),
            ["RightUpperLeg"] = CFrame.new(0, -2.514570951461792e-07, 3.043533070012927e-08, 0.9966387748718262, 0.02494802139699459, -0.07803139090538025, -0.05843234807252884, 0.8840862512588501, -0.46365657448768616, 0.05741914361715317, 0.46665751934051514, 0.8825722932815552),
            ["RightHand"] = CFrame.new(3.427267074584961e-07, -1.1920928955078125e-07, -1.341104507446289e-07, 0.4115147590637207, 0.12210716307163239, -0.9031863808631897, 0.07513977587223053, 0.9830654859542847, 0.16714201867580414, 0.9083004593849182, -0.1366465538740158, 0.3953705430030823),
            ["RightLowerLeg"] = CFrame.new(-1.30385160446167e-08, 1.1920928955078125e-07, -2.8107024263590574e-08, 1, -6.70552182668871e-08, -2.2351747119842003e-08, 5.5879347371501353e-08, 0.883601725101471, 0.4682392179965973, -9.313224857976365e-09, -0.4682392179965973, 0.8836018443107605),
            ["LeftUpperLeg"] = CFrame.new(-1.1920928955078125e-07, -1.1175870895385742e-08, 5.727633833885193e-08, 0.9843659996986389, -0.16597728431224823, 0.05895078927278519, 0.17514343559741974, 0.9578412771224976, -0.22773882746696472, -0.018666032701730728, 0.23450319468975067, 0.9719361662864685),
            ["LeftLowerLeg"] = CFrame.new(-1.862645149230957e-08, -5.960464477539063e-08, -3.3527612686157227e-08, 1, 9.778887921640944e-09, -5.3551074685742606e-09, 3.026798367500305e-09, 0.9999878406524658, 0.004951485898345709, -2.3283064365386963e-10, -0.004951481241732836, 0.999987781047821),
        }},
        {Time = 0.033, Data = {
            ["LeftLowerArm"] = CFrame.new(-1.1920928955078125e-07, -5.960464477539063e-08, 3.334134817123413e-07, 1, -7.450579886381092e-08, 1.49011640360186e-07, 7.450581307466564e-08, -0.49992191791534424, -0.8660706281661987, 2.980232594040899e-08, 0.8660704493522644, -0.4999217987060547),
            ["RightUpperArm"] = CFrame.new(0, -1.1920928955078125e-07, 7.450580596923828e-08, -0.1658310443162918, -0.9812795519828796, 0.097930908203125, 0.7538060545921326, -0.19016091525554657, -0.6289796829223633, 0.6358275413513184, -0.030483383685350418, 0.7712289690971375),
            ["Head"] = CFrame.new(1.4901161193847656e-08, -1.1920928955078125e-07, 7.450580596923828e-08, 0.9758145213127136, -0.07587899267673492, -0.2050086408853531, -0.11260315030813217, 0.62935471534729, -0.7689168453216553, 0.1873677670955658, 0.7734048962593079, 0.6055892705917358),
            ["UpperTorso"] = CFrame.new(1.862645149230957e-09, -1.4901161193847656e-07, 2.561137080192566e-08, 0.9483926296234131, -0.2022995948791504, 0.24418522417545319, 0.08346393704414368, 0.9021620750427246, 0.42324623465538025, -0.30591723322868347, -0.3810228705406189, 0.8724885582923889),
            ["HumanoidRootPart"] = CFrame.new(0, 0, 0, 1, 0, 0, 0, 1, 0, 0, 0, 1),
            ["LowerTorso"] = CFrame.new(-0.08706705272197723, -0.013279199600219727, 0.37198206782341003, 0.9969492554664612, 0.06772758066654205, 0.03879932686686516, -0.0752648264169693, 0.9658377766609192, 0.24797691404819489, -0.02067898027598858, -0.25014060735702515, 0.9679886698722839),
            ["LeftUpperArm"] = CFrame.new(1.1920928955078125e-07, -4.76837158203125e-07, -8.940696716308594e-08, 0.47027304768562317, 0.8297144174575806, -0.30069464445114136, -0.6565728187561035, 0.5566096305847168, 0.5090166330337524, 0.5897080302238464, -0.041948918253183365, 0.8065263628959656),
            ["RightLowerArm"] = CFrame.new(-2.086162567138672e-07, 1.7881393432617188e-07, -1.1920928955078125e-07, 1, -2.607702853651972e-08, -2.980232949312267e-08, -3.3527616238870905e-08, 0.9999867677688599, -0.005156343337148428, -5.587936158235607e-08, 0.005156264174729586, 0.9999867081642151),
            ["LeftHand"] = CFrame.new(-2.9802322387695312e-08, 1.1920928955078125e-07, -8.940696716308594e-08, 0.9710402488708496, 0.1273154467344284, 0.20216715335845947, -0.1435336172580719, 0.9873312711715698, 0.06763944029808044, -0.1909945011138916, -0.09469857811927795, 0.9770125150680542),
            ["RightUpperLeg"] = CFrame.new(0, -1.1734664440155029e-07, 1.5068508218973875e-08, 0.9960083365440369, 0.005585863254964352, -0.0890861377120018, -0.04737873375415802, 0.8789269328117371, -0.4745975136756897, 0.0756492018699646, 0.4769238233566284, 0.875683069229126),
            ["RightHand"] = CFrame.new(4.0978193283081055e-07, 1.1920928955078125e-07, -2.9802322387695312e-08, 0.44129812717437744, 0.10940832644701004, -0.8906660676002502, 0.10225921124219894, 0.9799429178237915, 0.17104123532772064, 0.8915150761604309, -0.166559100151062, 0.4212588667869568),
            ["RightLowerLeg"] = CFrame.new(-5.029141902923584e-08, 2.384185791015625e-07, 4.267349140718579e-08, 1, -6.705521116145974e-08, -2.793969677838959e-08, 7.916241884231567e-08, 0.8619643449783325, 0.5069690346717834, -3.3527612686157227e-08, -0.5069688558578491, 0.8619643449783325),
            ["LeftUpperLeg"] = CFrame.new(-5.960464477539063e-08, -2.2351741790771484e-08, 7.636845111846924e-08, 0.9831514358520508, -0.18072952330112457, 0.027387723326683044, 0.18213428556919098, 0.955843985080719, -0.2306283414363861, 0.015502987429499626, 0.2317308485507965, 0.9726564884185791),
            ["LeftLowerLeg"] = CFrame.new(3.725290298461914e-08, 1.7881393432617188e-07, -1.4901161193847656e-08, 1, -1.5425028365712024e-08, 1.164153884403163e-09, -1.0652002835342955e-08, 0.999987781047821, 0.0049554877914488316, 2.7939681679356454e-09, -0.004955485463142395, 0.9999877214431763),
        }},
        {Time = 0.050, Data = {
            ["LeftLowerArm"] = CFrame.new(-1.7881393432617188e-07, -4.76837158203125e-07, 1.4901161193847656e-08, 1, -8.195635814445268e-08, 1.3411042232291948e-07, 1.415610029198433e-07, -0.4672831594944, -0.884107768535614, 1.2665984172599565e-07, 0.8841077089309692, -0.4672829508781433),
            ["RightUpperArm"] = CFrame.new(0, 1.1920928955078125e-07, -2.8312206268310547e-07, -0.13705487549304962, -0.9826697111129761, 0.12480510026216507, 0.7214343547821045, -0.18536020815372467, -0.6672137379646301, 0.6787845492362976, -0.0014060999965295196, 0.734336256980896),
            ["Head"] = CFrame.new(1.4901161193847656e-08, 2.384185791015625e-07, 2.2351741790771484e-08, 0.972815752029419, -0.06684283912181854, -0.221724271774292, -0.13283716142177582, 0.6231997609138489, -0.770698606967926, 0.1896941214799881, 0.7792009115219116, 0.5973794460296631),
            ["UpperTorso"] = CFrame.new(2.514570951461792e-08, 1.4901161193847656e-07, 3.795139491558075e-08, 0.9578153491020203, -0.19819161295890808, 0.20811066031455994, 0.0897056832909584, 0.8941572904586792, 0.4386752247810364, -0.27302536368370056, -0.40150099992752075, 0.8742163181304932),
            ["HumanoidRootPart"] = CFrame.new(0, 0, 0, 1, 0, 0, 0, 1, 0, 0, 0, 1),
            ["LowerTorso"] = CFrame.new(-0.08865143358707428, -0.013478636741638184, 0.3728828728199005, 0.9953331351280212, 0.07167945057153702, 0.0646083727478981, -0.08517936617136002, 0.9672415852546692, 0.2391408234834671, -0.04535042494535446, -0.2435280829668045, 0.9688330292701721),
            ["LeftUpperArm"] = CFrame.new(0, 2.384185791015625e-07, 7.450580596923828e-08, 0.45562106370925903, 0.8229133486747742, -0.33944544196128845, -0.6608479619026184, 0.5681663155555725, 0.49037444591522217, 0.5963969826698303, 0.0008969308109954, 0.8026890754699707),
            ["RightLowerArm"] = CFrame.new(1.7881393432617188e-07, -2.384185791015625e-07, -5.960464477539063e-08, 1, -1.8626440834168534e-08, -1.4901164746561335e-08, -7.4505797087454084e-09, 0.9999867081642151, -0.005155584774911404, 2.7939673685750677e-08, 0.0051558054983615875, 0.9999867677688599),
            ["LeftHand"] = CFrame.new(-1.1920928955078125e-07, -3.5762786865234375e-07, 4.470348358154297e-08, 0.9663564562797546, 0.12164725363254547, 0.22662149369716644, -0.13781660795211792, 0.9888225793838501, 0.056890107691287994, -0.21716782450675964, -0.08620830625295639, 0.9723200798034668),
            ["RightUpperLeg"] = CFrame.new(1.1920928955078125e-07, 3.166496753692627e-08, -2.032174961641431e-08, 0.9937848448753357, -0.013085600920021534, -0.11054619401693344, -0.04098379611968994, 0.880303144454956, -0.47263824939727783, 0.1034989133477211, 0.47423121333122253, 0.8742955923080444),
            ["RightHand"] = CFrame.new(-4.470348358154297e-08, 1.1920928955078125e-07, 2.9802322387695312e-08, 0.5217411518096924, 0.09680396318435669, -0.8475939035415649, 0.11742785573005676, 0.975934624671936, 0.18374505639076233, 0.8449833989143372, -0.19539892673492432, 0.49781766533851624),
            ["RightLowerLeg"] = CFrame.new(-1.862645149230957e-08, 1.7881393432617188e-07, 5.420588422566652e-09, 1, -8.940696716308594e-08, -2.4214397598143478e-08, 8.754432201385498e-08, 0.8512988686561584, 0.5246809720993042, -2.60770320892334e-08, -0.5246810913085938, 0.8512989282608032),
            ["LeftUpperLeg"] = CFrame.new(-5.960464477539063e-08, 1.0803341865539551e-07, 7.82310962677002e-08, 0.9815844893455505, -0.19099639356136322, 0.003514128504320979, 0.1866641789674759, 0.9550854563713074, -0.23014843463897705, 0.04060123488306999, 0.22656609117984772, 0.9731492400169373),
            ["LeftLowerLeg"] = CFrame.new(5.587935447692871e-09, 1.7881393432617188e-07, 3.4458935260772705e-08, 1, -2.677552179974896e-09, 2.0954771251524562e-09, -7.770723620126319e-09, 0.9999877214431763, 0.0049594612792134285, 8.149073638108462e-10, -0.004959459416568279, 0.999987781047821),
        }},
        {Time = 0.067, Data = {
            ["LeftLowerArm"] = CFrame.new(1.7881393432617188e-07, 0, -5.960464477539063e-08, 1, -1.0430811414607888e-07, 1.49011640360186e-07, 5.960465188081798e-08, -0.4492010772228241, -0.893430769443512, 1.0430814256778831e-07, 0.8934307098388672, -0.44920113682746887),
            ["RightUpperArm"] = CFrame.new(1.1920928955078125e-07, 2.384185791015625e-07, -1.4901161193847656e-07, -0.11017832159996033, -0.9828949570655823, 0.14757414162158966, 0.6924516558647156, -0.18242329359054565, -0.6980205178260803, 0.7130016684532166, 0.02528136968612671, 0.7007063627243042),
            ["Head"] = CFrame.new(2.9802322387695312e-08, 0, -8.940696716308594e-08, 0.9723018407821655, -0.05767819285392761, -0.2265007048845291, -0.14169226586818695, 0.6252415776252747, -0.7674608826637268, 0.18588341772556305, 0.7782971262931824, 0.5997509360313416),
            ["UpperTorso"] = CFrame.new(-1.862645149230957e-09, 0, -3.306195139884949e-08, 0.962860643863678, -0.19433069229125977, 0.18744347989559174, 0.0933544859290123, 0.8910354375839233, 0.44423067569732666, -0.25334641337394714, -0.4102334976196289, 0.876084566116333),
            ["HumanoidRootPart"] = CFrame.new(0, 0, 0, 1, 0, 0, 0, 1, 0, 0, 0, 1),
            ["LowerTorso"] = CFrame.new(-0.08922123908996582, -0.011740684509277344, 0.3714671730995178, 0.9939867854118347, 0.07328502088785172, 0.08136201649904251, -0.09053251147270203, 0.9679797887802124, 0.2341349720954895, -0.06159820407629013, -0.24009297788143158, 0.9687936305999756),
            ["LeftUpperArm"] = CFrame.new(0, 0, -2.5331974029541016e-07, 0.4186328053474426, 0.8269497156143188, -0.3753674030303955, -0.6720724105834961, 0.5600926876068115, 0.4843705892562866, 0.6107906103134155, 0.04950053244829178, 0.7902433276176453),
            ["RightLowerArm"] = CFrame.new(-2.384185791015625e-07, 1.1920928955078125e-07, 2.384185791015625e-07, 1, 2.468004822731018e-08, -8.381904947896146e-09, -7.916242772409987e-09, 0.9999867677688599, -0.005154718179255724, -7.729978079851207e-08, 0.00515462551265955, 0.9999867677688599),
            ["LeftHand"] = CFrame.new(-2.086162567138672e-07, 1.1920928955078125e-07, -1.4901161193847656e-07, 0.9696107506752014, 0.12905679643154144, 0.207844540476799, -0.1433441936969757, 0.9881350994110107, 0.05515015125274658, -0.19826102256774902, -0.08326759189367294, 0.9766059517860413),
            ["RightUpperLeg"] = CFrame.new(0, 2.123415470123291e-07, 3.183231456205249e-08, 0.9908613562583923, -0.025249626487493515, -0.13250033557415009, -0.03967386856675148, 0.8843132257461548, -0.4652056097984314, 0.12891806662082672, 0.46621084213256836, 0.8752299547195435),
            ["RightHand"] = CFrame.new(-1.7881393432617188e-07, 2.384185791015625e-07, -1.1920928955078125e-07, 0.5654712319374084, 0.10056732594966888, -0.8186139464378357, 0.11672352254390717, 0.9727903008460999, 0.2001367211341858, 0.816466748714447, -0.20872315764427185, 0.5383460521697998),
            ["RightLowerLeg"] = CFrame.new(3.632158041000366e-08, 1.7881393432617188e-07, 9.145878721028566e-09, 1, -7.450583439094771e-08, -2.0489098417897367e-08, 7.078050856534901e-08, 0.8504893779754639, 0.5259919166564941, -2.7939673685750677e-08, -0.5259923338890076, 0.850489616394043),
            ["LeftUpperLeg"] = CFrame.new(-5.960464477539063e-08, -7.078051567077637e-08, -9.313225746154785e-08, 0.9805688261985779, -0.1958313286304474, -0.011612807400524616, 0.1879778802394867, 0.9548797011375427, -0.22993262112140656, 0.05611686035990715, 0.2232818603515625, 0.9731372594833374),
            ["LeftLowerLeg"] = CFrame.new(5.960464477539063e-08, -1.1920928955078125e-07, -2.2351741790771484e-08, 1, 5.529731117448478e-10, 5.238689038122857e-09, 3.983586793765426e-09, 0.999987781047821, 0.0049629416316747665, 1.862645149230957e-09, -0.00496294442564249, 0.9999876618385315),
        }},
        {Time = 0.083, Data = {
            ["LeftLowerArm"] = CFrame.new(-1.7881393432617188e-07, -5.960464477539063e-08, 2.384185791015625e-07, 1, -5.960463056453591e-08, 1.1920926112907182e-07, 6.705521116145974e-08, -0.44029271602630615, -0.8978543281555176, 1.1920926112907182e-07, 0.8978543281555176, -0.4402925968170166),
            ["RightUpperArm"] = CFrame.new(0, -1.1920928955078125e-07, 8.940696716308594e-08, -0.0875970721244812, -0.9828606247901917, 0.16220884025096893, 0.6769335269927979, -0.17819292843341827, -0.7141487002372742, 0.7308130860328674, 0.04724739491939545, 0.6809404492378235),
            ["Head"] = CFrame.new(2.9802322387695312e-08, -1.1920928955078125e-07, -4.470348358154297e-08, 0.9739503264427185, -0.04601522535085678, -0.22204403579235077, -0.1432618945837021, 0.6341651678085327, -0.759809672832489, 0.175775408744812, 0.771827220916748, 0.6110531091690063),
            ["UpperTorso"] = CFrame.new(-2.7939677238464355e-08, -8.940696716308594e-08, -3.259629011154175e-09, 0.9643576741218567, -0.1935364305973053, 0.18043816089630127, 0.09569073468446732, 0.8908531665802002, 0.44409915804862976, -0.24669328331947327, -0.41100409626960754, 0.8776206970214844),
            ["HumanoidRootPart"] = CFrame.new(0, 0, 0, 1, 0, 0, 0, 1, 0, 0, 0, 1),
            ["LowerTorso"] = CFrame.new(-0.08830535411834717, -0.008563995361328125, 0.36906734108924866, 0.9939583539962769, 0.07099046558141708, 0.08370888978242874, -0.08863678574562073, 0.9689747095108032, 0.23072008788585663, -0.0647328570485115, -0.23674584925174713, 0.9694128632545471),
            ["LeftUpperArm"] = CFrame.new(-1.1920928955078125e-07, -2.384185791015625e-07, -5.960464477539063e-08, 0.3685508668422699, 0.8389792442321777, -0.40035492181777954, -0.6922980546951294, 0.5351289510726929, 0.4841078519821167, 0.6203979849815369, 0.09874654561281204, 0.7780458927154541),
            ["RightLowerArm"] = CFrame.new(4.172325134277344e-07, -1.7881393432617188e-07, 5.960464477539063e-08, 1, -2.7939673685750677e-08, 6.984918421437669e-09, -5.587936335871291e-09, 0.9999867677688599, -0.005154318641871214, -1.3038517820973539e-08, 0.00515440059825778, 0.9999867081642151),
            ["LeftHand"] = CFrame.new(2.9802322387695312e-08, -2.384185791015625e-07, -1.4901161193847656e-08, 0.9719613790512085, 0.13567253947257996, 0.19205227494239807, -0.14734111726284027, 0.9879314303398132, 0.04777184873819351, -0.18325309455394745, -0.07472948729991913, 0.9802213907241821),
            ["RightUpperLeg"] = CFrame.new(0, -3.4458935260772705e-07, -7.24758137948811e-08, 0.989883303642273, -0.023514678701758385, -0.139922097325325, -0.042571377009153366, 0.8915101289749146, -0.4509961009025574, 0.13534697890281677, 0.45239007472991943, 0.8814898729324341),
            ["RightHand"] = CFrame.new(-1.0617077350616455e-07, 1.1920928955078125e-07, -2.384185791015625e-07, 0.5921161770820618, 0.10931792855262756, -0.7984035015106201, 0.09989404678344727, 0.9731575846672058, 0.20732922852039337, 0.7996371388435364, -0.202519029378891, 0.5653020143508911),
            ["RightLowerLeg"] = CFrame.new(-1.0244548320770264e-08, 1.7881393432617188e-07, -4.6733475755900145e-08, 1, -8.940695295223122e-08, -1.1175873559921001e-08, 7.636845111846924e-08, 0.8603819608688354, 0.5096497535705566, -2.7939677238464355e-08, -0.5096497535705566, 0.8603819608688354),
            ["LeftUpperLeg"] = CFrame.new(0, -1.1175870895385742e-08, -4.842877388000488e-08, 0.9810559749603271, -0.19323527812957764, -0.013756340369582176, 0.18517190217971802, 0.9562438726425171, -0.2265150099992752, 0.05692508816719055, 0.21967661380767822, 0.9739105701446533),
            ["LeftLowerLeg"] = CFrame.new(9.313225746154785e-09, 5.960464477539063e-08, 2.421438694000244e-08, 1, 9.371432518889833e-09, 5.471523234490405e-09, 8.585629984736443e-10, 0.9999876618385315, 0.004964208696037531, -2.2118911147117615e-09, -0.00496420543640852, 0.999987781047821),
        }},
        {Time = 0.100, Data = {
            ["LeftLowerArm"] = CFrame.new(-2.9802322387695312e-08, -2.980232238769531e-07, -7.450580596923828e-09, 1, -4.4703490686970326e-08, 1.341104507446289e-07, 7.450579886381092e-08, -0.4312899708747864, -0.9022133350372314, 1.7881390590446244e-07, 0.902213454246521, -0.4312902092933655),
            ["RightUpperArm"] = CFrame.new(1.1920928955078125e-07, -1.1920928955078125e-07, -3.8743019104003906e-07, -0.08201610296964645, -0.9834008812904358, 0.16185231506824493, 0.6996057629585266, -0.1724703311920166, -0.6934018135070801, 0.7098064422607422, 0.05636248737573624, 0.7021381855010986),
            ["Head"] = CFrame.new(-1.4901161193847656e-08, 0, -2.086162567138672e-07, 0.977144181728363, -0.03186655044555664, -0.21017596125602722, -0.14040422439575195, 0.645609438419342, -0.7506498098373413, 0.15961222350597382, 0.7630027532577515, 0.6263793706893921),
            ["UpperTorso"] = CFrame.new(-1.210719347000122e-08, 2.9802322387695312e-08, 5.122274160385132e-08, 0.9640068411827087, -0.1936086118221283, 0.18222655355930328, 0.09572063386440277, 0.8921448588371277, 0.4414919912815094, -0.24804913997650146, -0.40815848112106323, 0.8785661458969116),
            ["HumanoidRootPart"] = CFrame.new(0, 0, 0, 1, 0, 0, 0, 1, 0, 0, 0, 1),
            ["LowerTorso"] = CFrame.new(-0.0864735096693039, -0.004663944244384766, 0.36548954248428345, 0.9951616525650024, 0.06634940952062607, 0.07246405631303787, -0.08122740685939789, 0.9705308675765991, 0.22687479853630066, -0.055275578051805496, -0.23166316747665405, 0.9712244868278503),
            ["LeftUpperArm"] = CFrame.new(-3.5762786865234375e-07, 1.1920928955078125e-07, -2.2351741790771484e-07, 0.3166464865207672, 0.8544464111328125, -0.411893755197525, -0.7199171781539917, 0.4992276430130005, 0.482173353433609, 0.6176198720932007, 0.14385098218917847, 0.7732092142105103),
            ["RightLowerArm"] = CFrame.new(0, 5.960464477539063e-08, 2.682209014892578e-07, 1, -2.491288420003457e-08, 2.9569481085900406e-08, -2.7241185307502747e-08, 0.9999867081642151, -0.005153852980583906, 3.2014213502407074e-08, 0.005153831094503403, 0.9999867081642151),
            ["LeftHand"] = CFrame.new(-5.960464477539063e-08, -5.960464477539063e-08, 1.1920928955078125e-07, 0.9724329113960266, 0.13530705869197845, 0.18991152942180634, -0.14394663274288177, 0.9890550971031189, 0.03239491581916809, -0.18344968557357788, -0.05883892625570297, 0.9812666177749634),
            ["RightUpperLeg"] = CFrame.new(0, 7.450580596923828e-08, 6.16346369497478e-08, 0.9914578795433044, -0.0100358035415411, -0.1300412118434906, -0.047264836728572845, 0.9016206860542297, -0.4299376308917999, 0.12156257033348083, 0.4324113130569458, 0.8934444189071655),
            ["RightHand"] = CFrame.new(-1.0011717677116394e-07, 1.7881393432617188e-07, 5.960464477539063e-08, 0.5894613862037659, 0.12198401242494583, -0.7985333204269409, 0.0734662264585495, 0.9763404130935669, 0.20337705314159393, 0.8044489026069641, -0.17854787409305573, 0.5665530562400818),
            ["RightLowerLeg"] = CFrame.new(-1.4901161193847656e-08, 3.5762786865234375e-07, -5.75528247281909e-09, 1, -6.146729703004894e-08, -3.166497464235363e-08, 7.450579886381092e-08, 0.8781106472015381, 0.47845742106437683, -2.7939673685750677e-08, -0.47845762968063354, 0.8781108856201172),
            ["LeftUpperLeg"] = CFrame.new(-5.960464477539063e-08, -1.862645149230957e-08, 2.2351741790771484e-08, 0.9826635718345642, -0.18526721000671387, -0.00696512870490551, 0.1793128103017807, 0.9592851400375366, -0.21821798384189606, 0.04711015149950981, 0.21318592131137848, 0.975875198841095),
            ["LeftLowerLeg"] = CFrame.new(-4.842877388000488e-08, -1.1920928955078125e-07, -2.1420419216156006e-08, 1, 7.275960278718685e-09, -3.492460765031069e-10, -3.0850060284137726e-09, 0.9999877214431763, 0.004963966086506844, 2.3283064365386963e-09, -0.004963966552168131, 0.999987781047821),
        }},
        {Time = 0.117, Data = {
            ["LeftLowerArm"] = CFrame.new(2.9802322387695312e-08, -2.384185791015625e-07, -1.1920928955078125e-07, 1, -2.9802322387695312e-08, 8.940695295223122e-08, 2.9802318834981634e-08, -0.4220311641693115, -0.9065813422203064, 1.639127589214695e-07, 0.9065814018249512, -0.4220312833786011),
            ["RightUpperArm"] = CFrame.new(1.1920928955078125e-07, -3.5762786865234375e-07, 4.470348358154297e-08, -0.09118946641683578, -0.9884486198425293, 0.12105268239974976, 0.745082437992096, -0.1483732908964157, -0.6502594351768494, 0.6607093214988708, 0.03089747205376625, 0.7500059008598328),
            ["Head"] = CFrame.new(0, -1.1920928955078125e-07, 1.043081283569336e-07, 0.981170117855072, -0.01909172348678112, -0.19219955801963806, -0.13267354667186737, 0.6565634608268738, -0.7425105571746826, 0.1403670310974121, 0.7540291547775269, 0.6416676640510559),
            ["UpperTorso"] = CFrame.new(7.450580596923828e-09, -1.7881393432617188e-07, -1.4435499906539917e-08, 0.962813675403595, -0.1917150467634201, 0.19035544991493225, 0.09144452959299088, 0.8942545652389526, 0.43811720609664917, -0.25421983003616333, -0.40441831946372986, 0.8785318732261658),
            ["HumanoidRootPart"] = CFrame.new(0, 0, 0, 1, 0, 0, 0, 1, 0, 0, 0, 1),
            ["LowerTorso"] = CFrame.new(-0.08428292721509933, -0.0002886056900024414, 0.3604925870895386, 0.9968826174736023, 0.06038028746843338, 0.050787921994924545, -0.07022079825401306, 0.9724763035774231, 0.2221686989068985, -0.03597543388605118, -0.2250424325466156, 0.9736846685409546),
            ["LeftUpperArm"] = CFrame.new(1.1920928955078125e-07, 1.1920928955078125e-07, 2.384185791015625e-07, 0.2652345597743988, 0.8742071986198425, -0.4067095220088959, -0.7529741525650024, 0.4512711763381958, 0.47894054651260376, 0.6022298336029053, 0.17921026051044464, 0.7779481410980225),
            ["RightLowerArm"] = CFrame.new(1.7881393432617188e-07, 2.384185791015625e-07, -8.940696716308594e-08, 1, -4.284083843231201e-08, 6.984918599073353e-08, -2.421439049271612e-08, 0.9965429902076721, -0.08307906985282898, 5.401671643312511e-08, 0.08307921141386032, 0.9965430498123169),
            ["LeftHand"] = CFrame.new(1.7881393432617188e-07, -1.7881393432617188e-07, 2.2351741790771484e-07, 0.9744381904602051, 0.13398556411266327, 0.18032795190811157, -0.13933217525482178, 0.9900953769683838, 0.01725618541240692, -0.1762295812368393, -0.04194037616252899, 0.983455240726471),
            ["RightUpperLeg"] = CFrame.new(5.960464477539063e-08, 1.1734664440155029e-07, 5.2321411203593016e-08, 0.9935404062271118, 0.008764680474996567, -0.11314032971858978, -0.05395570769906044, 0.9135913252830505, -0.40303802490234375, 0.09983152896165848, 0.4065389931201935, 0.9081627726554871),
            ["RightHand"] = CFrame.new(-1.9371509552001953e-07, 0, -1.4901161193847656e-08, 0.5778287649154663, 0.1299220621585846, -0.805750846862793, 0.07641077786684036, 0.9743004441261292, 0.2118958979845047, 0.8125733733177185, -0.18400782346725464, 0.5530512928962708),
            ["RightLowerLeg"] = CFrame.new(-4.7497451305389404e-08, 2.980232238769531e-07, -1.3205863069742918e-08, 1, -5.774202094244174e-08, -1.3038517820973539e-08, 6.891787762697277e-08, 0.900297999382019, 0.4352738857269287, -1.6763808119435453e-08, -0.435274213552475, 0.9002981781959534),
            ["LeftUpperLeg"] = CFrame.new(5.960464477539063e-08, 3.725290298461914e-09, 3.3527612686157227e-08, 0.9846605658531189, -0.17442439496517181, 0.0044405097141861916, 0.17159537971019745, 0.9634534120559692, -0.20570008456707, 0.03160088509321213, 0.20330670475959778, 0.9786050915718079),
            ["LeftLowerLeg"] = CFrame.new(-5.029141902923584e-08, 1.7881393432617188e-07, 7.450580596923828e-09, 1, 1.164153884403163e-09, -2.3283067140944524e-10, -7.275958502361846e-09, 0.9999877214431763, 0.004962073173373938, -3.492460209919557e-10, -0.004962076898664236, 0.999987781047821),
        }},
        {Time = 0.133, Data = {
            ["LeftLowerArm"] = CFrame.new(-1.1920928955078125e-07, -1.1920928955078125e-07, -2.2351741790771484e-07, 1, -1.0430811414607888e-07, 1.564622067462551e-07, -2.2351741790771484e-08, -0.4140661358833313, -0.9102469682693481, 2.3096799850463867e-07, 0.9102468490600586, -0.41406601667404175),
            ["RightUpperArm"] = CFrame.new(1.1920928955078125e-07, -3.5762786865234375e-07, -5.066394805908203e-07, -0.10471061617136002, -0.9910141229629517, 0.08322655409574509, 0.7929942607879639, -0.1337043195962906, -0.5943765044212341, 0.6001631021499634, 0.003760572988539934, 0.7998687624931335),
            ["Head"] = CFrame.new(1.4901161193847656e-08, -1.1920928955078125e-07, -9.685754776000977e-08, 0.9846458435058594, -0.010594804771244526, -0.17424276471138, -0.1225898265838623, 0.6686399579048157, -0.733411431312561, 0.1242760419845581, 0.743510901927948, 0.6570746898651123),
            ["UpperTorso"] = CFrame.new(1.4668330550193787e-08, -2.086162567138672e-07, 3.003515303134918e-08, 0.9605714678764343, -0.18949371576309204, 0.20345695316791534, 0.08465761691331863, 0.8963652849197388, 0.43515801429748535, -0.26483145356178284, -0.400776207447052, 0.8770649433135986),
            ["HumanoidRootPart"] = CFrame.new(0, 0, 0, 1, 0, 0, 0, 1, 0, 0, 0, 1),
            ["LowerTorso"] = CFrame.new(-0.08215146511793137, 0.0049228668212890625, 0.3540652096271515, 0.9982588887214661, 0.054578617215156555, 0.022370507940649986, -0.05812777951359749, 0.9746861457824707, 0.2158890813589096, -0.010021296329796314, -0.21681353449821472, 0.9761615991592407),
            ["LeftUpperArm"] = CFrame.new(0, 1.1920928955078125e-07, 5.960464477539063e-08, 0.21109043061733246, 0.8991751074790955, -0.38330820202827454, -0.7893694639205933, 0.38809314370155334, 0.4756886661052704, 0.5764866471290588, 0.20215842127799988, 0.7917039394378662),
            ["RightLowerArm"] = CFrame.new(2.384185791015625e-07, -1.7881393432617188e-07, -4.6566128730773926e-08, 1, -2.700834755842152e-08, 2.9802322387695312e-08, 2.7939672797572257e-09, 0.9857267141342163, -0.16835321485996246, 3.259628655882807e-08, 0.1683531254529953, 0.9857267737388611),
            ["LeftHand"] = CFrame.new(2.384185791015625e-07, -1.1920928955078125e-07, 1.6391277313232422e-07, 0.9787208437919617, 0.12920771539211273, 0.15940842032432556, -0.13167013227939606, 0.9912813901901245, 0.004938438534736633, -0.15738052129745483, -0.025822630152106285, 0.9872004389762878),
            ["RightUpperLeg"] = CFrame.new(5.960464477539063e-08, -5.681067705154419e-07, 2.438173396512866e-08, 0.994961678981781, 0.027554355561733246, -0.09639570116996765, -0.061523180454969406, 0.9269731640815735, -0.3700484037399292, 0.07915978133678436, 0.37411439418792725, 0.9239979386329651),
            ["RightHand"] = CFrame.new(6.295740604400635e-07, 5.960464477539063e-08, 1.4901161193847656e-07, 0.5768564343452454, 0.1255635917186737, -0.807137131690979, 0.07873929291963577, 0.9749659299850464, 0.2079465240240097, 0.813041627407074, -0.1835087388753891, 0.5525286197662354),
            ["RightLowerLeg"] = CFrame.new(3.3527612686157227e-08, 2.980232238769531e-07, 2.9831426218152046e-10, 1, -6.332995639013461e-08, -3.725291186640334e-09, 5.681067705154419e-08, 0.9243337512016296, 0.38158488273620605, -1.6763806343078613e-08, -0.3815852403640747, 0.9243338704109192),
            ["LeftUpperLeg"] = CFrame.new(2.9802322387695312e-08, -3.688037395477295e-07, 3.91155481338501e-08, 0.9864709973335266, -0.16258324682712555, 0.021015502512454987, 0.16360579431056976, 0.9682309627532959, -0.18910817801952362, 0.010397965088486671, 0.18998798727989197, 0.9817313551902771),
            ["LeftLowerLeg"] = CFrame.new(-2.60770320892334e-08, 1.1920928955078125e-07, 4.6566128730773926e-08, 1, 2.7939686120248552e-09, -3.2596294552433847e-09, -4.94765117764473e-09, 0.9999877214431763, 0.004959717858582735, 1.3969838619232178e-09, -0.004959717858582735, 0.999987781047821),
        }},
        {Time = 0.150, Data = {
            ["LeftLowerArm"] = CFrame.new(-5.960464477539063e-08, -1.1920928955078125e-07, -7.450580596923828e-08, 1, -7.450579886381092e-08, 9.685754776000977e-08, 1.3411046495548362e-07, -0.40832608938217163, -0.9128361344337463, 1.0430814256778831e-07, 0.9128361344337463, -0.40832605957984924),
            ["RightUpperArm"] = CFrame.new(1.1920928955078125e-07, -1.1920928955078125e-07, -5.960464477539063e-08, -0.11447806656360626, -0.9921011328697205, 0.05128604918718338, 0.8323370814323425, -0.12396971881389618, -0.5402284264564514, 0.5423189997673035, -0.019156981259584427, 0.8399541974067688),
            ["Head"] = CFrame.new(-2.9802322387695312e-08, -1.1920928955078125e-07, -6.705522537231445e-08, 0.9871706366539001, -0.003631741274148226, -0.15962785482406616, -0.11449980735778809, 0.6806821823120117, -0.7235754728317261, 0.11128368973731995, 0.7325698733329773, 0.6715336441993713),
            ["UpperTorso"] = CFrame.new(-2.0954757928848267e-08, -2.9802322387695312e-08, 3.693276084959507e-08, 0.958016574382782, -0.18713593482971191, 0.21721960604190826, 0.07817649096250534, 0.8994092345237732, 0.43005985021591187, -0.27584901452064514, -0.39502307772636414, 0.8762785792350769),
            ["HumanoidRootPart"] = CFrame.new(0, 0, 0, 1, 0, 0, 0, 1, 0, 0, 0, 1),
            ["LowerTorso"] = CFrame.new(-0.07992380857467651, 0.01035165786743164, 0.34713035821914673, 0.9988104701042175, 0.048104457557201385, -0.007977426052093506, -0.04536418989300728, 0.9766995310783386, 0.20976243913173676, 0.017882052809000015, -0.20915104448795319, 0.9777198433876038),
            ["LeftUpperArm"] = CFrame.new(-3.5762786865234375e-07, -2.384185791015625e-07, -8.940696716308594e-08, 0.1577034443616867, 0.9285364151000977, -0.3360802233219147, -0.831109881401062, 0.30860161781311035, 0.4626246690750122, 0.5332785248756409, 0.20636208355426788, 0.8203832507133484),
            ["RightLowerArm"] = CFrame.new(1.7881393432617188e-07, 2.384185791015625e-07, 8.940696716308594e-08, 1, -2.048908953611317e-08, -9.313230187046884e-09, 1.0244549208948683e-08, 0.9639623761177063, -0.2660389840602875, 3.725290742551124e-09, 0.26603883504867554, 0.9639623761177063),
            ["LeftHand"] = CFrame.new(-1.1920928955078125e-07, 1.7881393432617188e-07, -2.0489096641540527e-07, 0.9844415187835693, 0.10162374377250671, 0.1433439701795578, -0.10188288986682892, 0.9947808980941772, -0.005549654830247164, -0.143159881234169, -0.009140950627624989, 0.9896574020385742),
            ["RightUpperLeg"] = CFrame.new(-5.960464477539063e-08, 2.123415470123291e-07, 3.905006451532245e-08, 0.9954197406768799, 0.04546452313661575, -0.08409932255744934, -0.07127489149570465, 0.9392006993293762, -0.33588993549346924, 0.06371505558490753, 0.34034544229507446, 0.9381392598152161),
            ["RightHand"] = CFrame.new(3.129243850708008e-07, 0, -5.960464477539063e-08, 0.5833362340927124, 0.11251478642225266, -0.8043997883796692, 0.08116526901721954, 0.9773268103599548, 0.19556228816509247, 0.8081653118133545, -0.1793680340051651, 0.5609779953956604),
            ["RightLowerLeg"] = CFrame.new(9.313225746154785e-09, 4.172325134277344e-07, -1.3205863069742918e-08, 1, -6.146728992462158e-08, -1.3038522261865637e-08, 5.21540641784668e-08, 0.9461216926574707, 0.32381126284599304, -1.1175870895385742e-08, -0.32381126284599304, 0.9461217522621155),
            ["LeftUpperLeg"] = CFrame.new(0, 1.5832483768463135e-07, 1.7695128917694092e-08, 0.9879803657531738, -0.15068481862545013, 0.034480929374694824, 0.1543971747159958, 0.9727839231491089, -0.17278051376342773, -0.007507103495299816, 0.17602740228176117, 0.9843566417694092),
            ["LeftLowerLeg"] = CFrame.new(-3.5390257835388184e-08, 1.7881393432617188e-07, -5.3085386753082275e-08, 1, 1.1990776371817446e-08, -4.65661453841193e-10, 3.492460209919557e-10, 0.999987781047821, 0.004956950433552265, 1.862645371275562e-09, -0.0049569448456168175, 0.9999877214431763),
        }},
        {Time = 0.167, Data = {
            ["LeftLowerArm"] = CFrame.new(-5.960464477539063e-08, -4.76837158203125e-07, -2.384185791015625e-07, 1, -8.940694584680386e-08, 1.4412214000003587e-07, 5.960465188081798e-08, -0.40116360783576965, -0.9160063862800598, 1.303851746570217e-07, 0.9160064458847046, -0.4011637568473816),
