return {
    ["Tocked Off"] = {
        {Time = 0.000, Data = {
            ["RightFoot"] = CFrame.new(-5.21540641784668e-08, 4.172325134277344e-07, -5.045876605436206e-08, 0.9778266549110413, 0.2030869871377945, 0.051094699651002884, -0.1737879365682602, 0.9230797290802002, -0.343105673789978, -0.11684487015008926, 0.3266185224056244, 0.9379061460494995),
            ["LeftLowerArm"] = CFrame.new(-2.9802322387695312e-08, -5.364418029785156e-07, -5.960464477539063e-08, 1, -5.960464477539063e-08, -9.313223525708736e-10, 7.450580596923828e-09, 0.9892100691795349, -0.14650428295135498, -4.842877388000488e-08, 0.14650429785251617, 0.9892100095748901),
            ["LeftFoot"] = CFrame.new(-7.078051567077637e-08, 1.1920928955078125e-07, -2.2351741790771484e-08, 0.9927809834480286, -0.11877405643463135, 0.016695549711585045, 0.11988631635904312, 0.9868900179862976, -0.10805258899927139, -0.0036427706945687532, 0.10927411913871765, 0.994005024433136),
            ["Head"] = CFrame.new(1.7695128917694092e-08, 1.1920928955078125e-07, 2.584420144557953e-08, 0.9499886631965637, -0.033711690455675125, 0.31045952439308167, 0.030535714700818062, 0.9994198083877563, 0.015085944905877113, -0.3107879161834717, -0.00485128303989768, 0.9504669308662415),
            ["LowerTorso"] = CFrame.new(-0.037578318268060684, -0.09202325344085693, 0.04111771285533905, 0.9643253684043884, -0.01471222285181284, -0.2643111050128937, 0.0033947539050132036, 0.9990596175193787, -0.043224599212408066, 0.26469850540161133, 0.040785301476716995, 0.9634683728218079),
            ["UpperTorso"] = CFrame.new(5.587935447692871e-09, 1.4901161193847656e-07, 1.862645149230957e-09, 0.998759925365448, 0.0015981215983629227, -0.0497615821659565, 0.006618039682507515, 0.9863536953926086, 0.16450737416744232, 0.04934542253613472, -0.1646326780319214, 0.9851198792457581),
            ["HumanoidRootPart"] = CFrame.new(0, 0, 0, 1, 0, 0, 0, 1, 0, 0, 0, 1),
            ["RightUpperLeg"] = CFrame.new(0, 1.1222437024116516e-07, -3.5222910810261965e-08, 0.8742277026176453, -0.14620667695999146, -0.46297889947891235, 0.21904028952121735, 0.969792366027832, 0.10735005885362625, 0.43329817056655884, -0.19525949656963348, 0.8798446655273438),
            ["LeftUpperArm"] = CFrame.new(-1.1920928955078125e-07, -1.1920928955078125e-07, 2.9802322387695312e-08, 0.876323401927948, 0.42082059383392334, -0.23445121943950653, -0.4221969544887543, 0.9052925109863281, 0.04685258865356445, 0.23196327686309814, 0.05792655050754547, 0.970998227596283),
            ["RightLowerArm"] = CFrame.new(-5.960464477539063e-08, 3.5762786865234375e-07, -1.1920928955078125e-07, 1, -8.381903882082042e-08, -3.352760558072987e-08, 2.2351747119842003e-08, 0.9098782539367676, -0.41487520933151245, 2.2351747119842003e-08, 0.414875328540802, 0.9098783731460571),
            ["LeftHand"] = CFrame.new(-1.4901161193847656e-07, 3.5762786865234375e-07, -1.4901161193847656e-08, 0.9919482469558716, 0.11178763210773468, -0.05951633304357529, -0.12615974247455597, 0.913285493850708, -0.3872898817062378, 0.011061389930546284, 0.39168015122413635, 0.9200350642204285),
            ["RightHand"] = CFrame.new(2.384185791015625e-07, 2.384185791015625e-07, -2.9802322387695312e-08, 0.9805281758308411, -0.19410905241966248, -0.029769767075777054, 0.1826624721288681, 0.9571623206138611, -0.2246660739183426, 0.07210427522659302, 0.214853435754776, 0.9739810228347778),
            ["RightUpperArm"] = CFrame.new(0, 0, -4.470348358154297e-08, 0.9585186839103699, -0.21723005175590515, -0.18453480303287506, 0.2441873550415039, 0.959781289100647, 0.13853701949119568, 0.14701850712299347, -0.1778513640165329, 0.9730130434036255),
            ["RightLowerLeg"] = CFrame.new(-2.9802322387695312e-08, 3.5762786865234375e-07, -4.6733475755900145e-08, 1, -3.3527619791584584e-08, -2.2351747119842003e-08, 1.4901162970204496e-08, 0.963525116443634, 0.2676179111003876, -4.190951941041021e-08, -0.2676180601119995, 0.963525116443634),
            ["LeftUpperLeg"] = CFrame.new(-5.960464477539063e-08, -4.1211023926734924e-08, 1.1175870895385742e-08, 0.9856202602386475, 0.1595447063446045, 0.0556633360683918, -0.12704595923423767, 0.9168765544891357, -0.37841328978538513, -0.11141027510166168, 0.3658999800682068, 0.9239616394042969),
            ["LeftLowerLeg"] = CFrame.new(-2.2351741790771484e-08, 0, 1.043081283569336e-07, 1, 5.308540096393699e-08, 8.381905836074566e-09, -6.332993507385254e-08, 0.8553615212440491, 0.5180315971374512, -3.725290298461914e-09, -0.5180315375328064, 0.8553615808486938),
        }},
        {Time = 0.017, Data = {
            ["RightFoot"] = CFrame.new(1.862645149230957e-08, 3.5762786865234375e-07, -2.0656443666666746e-08, 0.9777057766914368, 0.20370738208293915, 0.050938092172145844, -0.1744377166032791, 0.9229947328567505, -0.34300461411476135, -0.11688830703496933, 0.3264722526073456, 0.9379516243934631),
            ["LeftLowerArm"] = CFrame.new(-3.8743019104003906e-07, 2.384185791015625e-07, -5.960464477539063e-08, 1, 0, 6.239861960466442e-08, -1.4901159417490817e-08, 0.9924375414848328, -0.1227506548166275, -1.0058282384761696e-07, 0.12275061011314392, 0.9924375414848328),
            ["LeftFoot"] = CFrame.new(-3.91155481338501e-08, 5.960464477539063e-08, -5.587935447692871e-09, 0.9928755760192871, -0.11801640689373016, 0.01644034869968891, 0.1190997064113617, 0.9871599078178406, -0.1064455583691597, -0.0036669853143393993, 0.10764516890048981, 0.9941827058792114),
            ["Head"] = CFrame.new(-6.984919309616089e-09, 0, 1.6298145055770874e-09, 0.9502420425415039, -0.03400617465376854, 0.30965104699134827, 0.0301540307700634, 0.9993969798088074, 0.017219623550772667, -0.3100499212741852, -0.007025490049272776, 0.9506943821907043),
            ["LowerTorso"] = CFrame.new(-0.0387149304151535, -0.09140503406524658, 0.04040667787194252, 0.9641435742378235, -0.013471388258039951, -0.2650391161441803, 0.0018676371546462178, 0.9990304708480835, -0.04398467391729355, 0.26537466049194336, 0.041912540793418884, 0.963234007358551),
            ["UpperTorso"] = CFrame.new(9.313225746154785e-10, -2.9802322387695312e-08, 6.51925802230835e-09, 0.9987694621086121, -0.00007338997238548473, -0.04959636926651001, 0.008237676694989204, 0.9863543510437012, 0.16443046927452087, 0.048907551914453506, -0.16463667154312134, 0.9851410984992981),
            ["HumanoidRootPart"] = CFrame.new(0, 0, 0, 1, 0, 0, 0, 1, 0, 0, 0, 1),
            ["RightUpperLeg"] = CFrame.new(0, -2.1420419216156006e-08, 5.75528247281909e-09, 0.874186635017395, -0.14863252639770508, -0.46228358149528503, 0.22130313515663147, 0.9693361520767212, 0.10682911425828934, 0.43222999572753906, -0.19569344818592072, 0.8802735209465027),
            ["LeftUpperArm"] = CFrame.new(-1.1920928955078125e-07, 2.384185791015625e-07, -2.9802322387695312e-08, 0.8797778487205505, 0.41479483246803284, -0.23224204778671265, -0.41903775930404663, 0.9073619246482849, 0.033193521201610565, 0.2244960516691208, 0.0681152418255806, 0.972091555595398),
            ["RightLowerArm"] = CFrame.new(-5.960464477539063e-08, 2.384185791015625e-07, 5.960464477539063e-08, 1, -5.587935447692871e-09, 0, 4.4703490686970326e-08, 0.9098785519599915, -0.4148748815059662, -1.1175872316471214e-07, 0.414874792098999, 0.9098784923553467),
            ["LeftHand"] = CFrame.new(-2.980232238769531e-07, 1.7881393432617188e-07, -1.564621925354004e-07, 0.9921473860740662, 0.1110832691192627, -0.05748121440410614, -0.12482020258903503, 0.908649206161499, -0.39846765995025635, 0.00796730350703001, 0.4025137424468994, 0.9153794050216675),
            ["RightHand"] = CFrame.new(2.384185791015625e-07, 5.960464477539063e-08, 1.1920928955078125e-07, 0.9787144064903259, -0.2024390995502472, -0.033712420612573624, 0.18988175690174103, 0.9555580019950867, -0.2255081683397293, 0.07786602526903152, 0.2143067866563797, 0.9736578464508057),
            ["RightUpperArm"] = CFrame.new(-5.960464477539063e-08, -1.1920928955078125e-07, -2.9802322387695312e-08, 0.9590789675712585, -0.21590590476989746, -0.18317316472530365, 0.2426379919052124, 0.9601500034332275, 0.13870441913604736, 0.1459265500307083, -0.1774732917547226, 0.9732465744018555),
            ["RightLowerLeg"] = CFrame.new(-5.960464477539063e-08, 0, 1.287116901949048e-08, 1, -5.215407838932151e-08, -7.450581307466564e-08, 2.2351738238057806e-08, 0.9634121656417847, 0.26802411675453186, -1.7695127141337252e-08, -0.26802435517311096, 0.9634122848510742),
            ["LeftUpperLeg"] = CFrame.new(1.1920928955078125e-07, 4.260800778865814e-08, -2.2351741790771484e-08, 0.9857953786849976, 0.15761470794677734, 0.058009956032037735, -0.12482208013534546, 0.9186515212059021, -0.37483182549476624, -0.11236986517906189, 0.3622666299343109, 0.9252762198448181),
            ["LeftLowerLeg"] = CFrame.new(-2.2351741790771484e-08, 5.960464477539063e-08, 1.043081283569336e-07, 1, 6.7986569263212e-08, 7.450581485102248e-09, -4.470348358154297e-08, 0.8577842712402344, 0.5140097737312317, 7.450580596923828e-09, -0.5140098929405212, 0.8577843308448792),
        }},
        {Time = 0.033, Data = {
            ["RightFoot"] = CFrame.new(7.078051567077637e-08, 3.5762786865234375e-07, 6.129994289949536e-08, 0.9774739742279053, 0.20494014024734497, 0.05044103413820267, -0.17562389373779297, 0.9223492741584778, -0.34413373470306396, -0.11705093830823898, 0.3275231420993805, 0.9375648498535156),
            ["LeftLowerArm"] = CFrame.new(-5.960464477539063e-08, -2.384185791015625e-07, 8.940696716308594e-08, 1, -7.450578820566989e-09, 5.5879368687783426e-08, -2.2351738238057806e-08, 0.998489260673523, -0.05494790896773338, 3.7252898543727042e-09, 0.05494791269302368, 0.998489260673523),
            ["LeftFoot"] = CFrame.new(-1.30385160446167e-08, 0, 2.421438694000244e-08, 0.9930428862571716, -0.11668814718723297, 0.015804383903741837, 0.11769583821296692, 0.9877785444259644, -0.1021832600235939, -0.003687738673761487, 0.10333238542079926, 0.9946401119232178),
            ["Head"] = CFrame.new(-4.6566128730773926e-09, 0, -1.0943040251731873e-08, 0.9506483674049377, -0.03477625176310539, 0.30831533670425415, 0.029243454337120056, 0.9993179440498352, 0.022549325600266457, -0.30888915061950684, -0.012420203536748886, 0.9510170221328735),
            ["LowerTorso"] = CFrame.new(-0.040841735899448395, -0.08997607231140137, 0.038831040263175964, 0.9636318683624268, -0.010098965838551521, -0.26704278588294983, -0.0022727283649146557, 0.9989398717880249, -0.045978907495737076, 0.267223984003067, 0.044913649559020996, 0.962587296962738),
            ["UpperTorso"] = CFrame.new(4.190951585769653e-09, 1.1920928955078125e-07, 1.0244548320770264e-08, 0.9987809062004089, -0.004605951718986034, -0.049148812890052795, 0.01262857485562563, 0.9863466620445251, 0.16419751942157745, 0.04772153124213219, -0.16461803019046783, 0.9852023720741272),
            ["HumanoidRootPart"] = CFrame.new(0, 0, 0, 1, 0, 0, 0, 1, 0, 0, 0, 1),
            ["RightUpperLeg"] = CFrame.new(0, 2.3050233721733093e-07, 5.75528247281909e-09, 0.8741700053215027, -0.15525685250759125, -0.46013274788856506, 0.22690258920192719, 0.9683111906051636, 0.10434911400079727, 0.42935094237327576, -0.1956242024898529, 0.8816967606544495),
            ["LeftUpperArm"] = CFrame.new(1.1920928955078125e-07, -3.5762786865234375e-07, -8.940696716308594e-08, 0.8850476145744324, 0.40151986479759216, -0.23552671074867249, -0.41309815645217896, 0.9106864929199219, 0.00019988880376331508, 0.21457131206989288, 0.09711891412734985, 0.9718679189682007),
            ["RightLowerArm"] = CFrame.new(5.960464477539063e-08, 0, 0, 1, -2.607702498380604e-08, 1.4528632164001465e-07, 1.4901161193847656e-08, 0.9096608757972717, -0.4153520166873932, -1.4901161193847656e-08, 0.41535186767578125, 0.9096607565879822),
            ["LeftHand"] = CFrame.new(-2.086162567138672e-07, 1.7881393432617188e-07, 7.450580596923828e-08, 0.9924618601799011, 0.11139777302742004, -0.051089800894260406, -0.1225353255867958, 0.8945730328559875, -0.4297953248023987, -0.0021748023573309183, 0.43281590938568115, 0.9014798402786255),
            ["RightHand"] = CFrame.new(-8.940696716308594e-08, -2.384185791015625e-07, 2.9802322387695312e-08, 0.9754568338394165, -0.2161572426557541, -0.04195583984255791, 0.2013932317495346, 0.9528704285621643, -0.22688943147659302, 0.08902207762002945, 0.21287128329277039, 0.9730164408683777),
            ["RightUpperArm"] = CFrame.new(-5.960464477539063e-08, -3.5762786865234375e-07, 1.4901161193847656e-08, 0.9603930115699768, -0.21288488805294037, -0.17979222536087036, 0.2390437126159668, 0.9610077738761902, 0.13900475203990936, 0.14318980276584625, -0.1764773279428482, 0.9738338589668274),
            ["RightLowerLeg"] = CFrame.new(-5.960464477539063e-08, 2.980232238769531e-07, 1.6952981241047382e-09, 1, -2.235175244891252e-08, -2.9802322387695312e-08, 5.2154071283894154e-08, 0.9624148011207581, 0.27158358693122864, 8.381904059717726e-09, -0.2715839147567749, 0.9624148607254028),
            ["LeftUpperLeg"] = CFrame.new(0, 3.166496753692627e-07, 7.450580596923828e-09, 0.986164391040802, 0.1529226452112198, 0.06398829072713852, -0.1194663792848587, 0.9232283234596252, -0.3652086853981018, -0.114924356341362, 0.35251137614250183, 0.9287239909172058),
            ["LeftLowerLeg"] = CFrame.new(4.470348358154297e-08, 5.960464477539063e-08, 2.2351741790771484e-08, 1, 6.053599577171553e-08, 1.6763804566721774e-08, -5.2154071283894154e-08, 0.8642322421073914, 0.5030930042266846, 7.450581485102248e-09, -0.5030932426452637, 0.8642322421073914),
        }},
        {Time = 0.050, Data = {
            ["RightFoot"] = CFrame.new(-1.0058283805847168e-07, 2.980232238769531e-07, -2.8107024263590574e-08, 0.9772046804428101, 0.2063872516155243, 0.04975363239645958, -0.17701682448387146, 0.9214863777160645, -0.3457276523113251, -0.11720121651887894, 0.3290398120880127, 0.9370149970054626),
            ["LeftLowerArm"] = CFrame.new(-5.960464477539063e-08, 1.7881393432617188e-07, 0, 1, 2.2351741790771484e-08, 1.862644793959589e-08, -2.980232949312267e-08, 0.9999867081642151, -0.0051545859314501286, -3.72529100900465e-08, 0.005154557526111603, 0.9999867081642151),
            ["LeftFoot"] = CFrame.new(1.862645149230957e-08, -1.1920928955078125e-07, -1.6763806343078613e-08, 0.9932276606559753, -0.11522898823022842, 0.0148762296885252, 0.11612352728843689, 0.9887034296989441, -0.09476747363805771, -0.0037881729658693075, 0.09585310518741608, 0.9953882694244385),
            ["Head"] = CFrame.new(2.3865140974521637e-09, 0, 1.021544449031353e-08, 0.9512283802032471, -0.03641311079263687, 0.30633115768432617, 0.027912050485610962, 0.9990953207015991, 0.03208770230412483, -0.30722230672836304, -0.021972309798002243, 0.9513841867446899),
            ["LowerTorso"] = CFrame.new(-0.04330313950777054, -0.0877988338470459, 0.036731451749801636, 0.9628369212150574, -0.005104382988065481, -0.2700352072715759, -0.008417222648859024, 0.9987686276435852, -0.048891808837652206, 0.26995226740837097, 0.049347784370183945, 0.961608350276947),
            ["UpperTorso"] = CFrame.new(7.450580596923828e-09, 0, 2.7939677238464355e-09, 0.9987606406211853, -0.011278169229626656, -0.0484779067337513, 0.019090114161372185, 0.9863017201423645, 0.1638433337211609, 0.04596593976020813, -0.16456571221351624, 0.9852945804595947),
            ["HumanoidRootPart"] = CFrame.new(0, 0, 0, 1, 0, 0, 0, 1, 0, 0, 0, 1),
            ["RightUpperLeg"] = CFrame.new(5.960464477539063e-08, -1.83936208486557e-07, -1.6596459317952394e-08, 0.8741430044174194, -0.16456270217895508, -0.45693889260292053, 0.23480619490146637, 0.9667791128158569, 0.10101641714572906, 0.42513543367385864, -0.19559499621391296, 0.8837435245513916),
            ["LeftUpperArm"] = CFrame.new(-1.1920928955078125e-07, 2.384185791015625e-07, 8.940696716308594e-08, 0.8911119103431702, 0.38979098200798035, -0.23234161734580994, -0.40623149275779724, 0.9134102463722229, -0.025645850226283073, 0.2022266983985901, 0.11723778396844864, 0.9722961187362671),
            ["RightLowerArm"] = CFrame.new(-1.4901161193847656e-07, -5.960464477539063e-08, 5.960464477539063e-08, 1, -7.078050856534901e-08, 4.470347647611561e-08, 7.450582373280668e-09, 0.9093576073646545, -0.41601523756980896, -2.980232949312267e-08, 0.41601523756980896, 0.9093576073646545),
            ["LeftHand"] = CFrame.new(8.940696716308594e-08, -5.960464477539063e-08, 8.940696716308594e-08, 0.9927011728286743, 0.11041674762964249, -0.048503514379262924, -0.12040700018405914, 0.8846610188484192, -0.45041894912719727, -0.006824609823524952, 0.45297157764434814, 0.8914989233016968),
            ["RightHand"] = CFrame.new(2.9802322387695312e-08, 2.980232238769531e-07, -1.4901161193847656e-07, 0.9718211889266968, -0.22963275015354156, -0.053222134709358215, 0.2120019644498825, 0.9501732587814331, -0.22852985560894012, 0.10304815322160721, 0.21080701053142548, 0.9720810651779175),
            ["RightUpperArm"] = CFrame.new(-5.960464477539063e-08, 2.384185791015625e-07, 2.9802322387695312e-08, 0.9621474146842957, -0.2091299593448639, -0.1747489720582962, 0.23433846235275269, 0.9622063636779785, 0.1387241929769516, 0.13913322985172272, -0.174423485994339, 0.9747914671897888),
            ["RightLowerLeg"] = CFrame.new(4.470348358154297e-08, 1.1920928955078125e-07, 5.757465260103345e-08, 1, -7.078050856534901e-08, -2.980232949312267e-08, 2.9802318834981634e-08, 0.9610618948936462, 0.2763330042362213, -2.607702853651972e-08, -0.27633315324783325, 0.9610620141029358),
            ["LeftUpperLeg"] = CFrame.new(-1.1920928955078125e-07, -2.87545844912529e-07, 7.450580596923828e-09, 0.9865950345993042, 0.14613163471221924, 0.07263536006212234, -0.11198698729276657, 0.9300349950790405, -0.34999123215675354, -0.11869826912879944, 0.33716535568237305, 0.9339327812194824),
            ["LeftLowerLeg"] = CFrame.new(0, 1.7881393432617188e-07, -1.4901161193847656e-08, 1, 4.377216100692749e-08, 2.887100691850719e-08, -4.842877388000488e-08, 0.8744531869888306, 0.48510998487472534, 0, -0.4851098656654358, 0.8744531273841858),
        }},
        {Time = 0.067, Data = {
            ["RightFoot"] = CFrame.new(4.470348358154297e-08, 3.5762786865234375e-07, -8.77116690389812e-08, 0.9769335389137268, 0.20788562297821045, 0.048832692205905914, -0.17828333377838135, 0.9198806285858154, -0.34933409094810486, -0.1175418496131897, 0.33257049322128296, 0.9357249736785889),
            ["LeftLowerArm"] = CFrame.new(5.960464477539063e-08, -2.384185791015625e-07, 1.1920928955078125e-07, 1, 2.2351748896198842e-08, 5.587935447692871e-09, -4.4703497792397684e-08, 0.9999867677688599, -0.005156256258487701, 2.2351748896198842e-08, 0.005156258121132851, 0.9999867677688599),
            ["LeftFoot"] = CFrame.new(2.60770320892334e-08, 5.960464477539063e-08, 5.587935447692871e-09, 0.9933886528015137, -0.11398076266050339, 0.01369517482817173, 0.11474022269248962, 0.9896467924118042, -0.0862206444144249, -0.0037260011304169893, 0.08722205460071564, 0.9961819052696228),
            ["Head"] = CFrame.new(8.731149137020111e-09, 0, 2.648448571562767e-09, 0.9513302445411682, -0.03791463375091553, 0.3058321475982666, 0.02678767405450344, 0.998820424079895, 0.04049938917160034, -0.3070068359375, -0.03033566102385521, 0.9512237310409546),
            ["LowerTorso"] = CFrame.new(-0.04557441174983978, -0.08554339408874512, 0.03416325896978378, 0.9617959260940552, 0.0009923968464136124, -0.2737656235694885, -0.01595299504697323, 0.9984973669052124, -0.05242667347192764, 0.27330219745635986, 0.05479114502668381, 0.9603665471076965),
            ["UpperTorso"] = CFrame.new(9.313225746154785e-10, -8.940696716308594e-08, 9.313225746154785e-10, 0.9986770153045654, -0.01936589740216732, -0.04763704910874367, 0.026918578892946243, 0.9861904978752136, 0.1634129285812378, 0.043814562261104584, -0.164479061961174, 0.9854070544242859),
            ["HumanoidRootPart"] = CFrame.new(0, 0, 0, 1, 0, 0, 0, 1, 0, 0, 0, 1),
            ["RightUpperLeg"] = CFrame.new(0, -2.3675966076552868e-07, 1.3205863069742918e-08, 0.8741223812103271, -0.1762940138578415, -0.4525822699069977, 0.244193434715271, 0.9649881720542908, 0.0957467183470726, 0.41985687613487244, -0.19421207904815674, 0.8865675926208496),
            ["LeftUpperArm"] = CFrame.new(0, -3.5762786865234375e-07, -5.960464477539063e-08, 0.8991811275482178, 0.38314446806907654, -0.21136178076267242, -0.3984529972076416, 0.9165732264518738, -0.03359857201576233, 0.180855393409729, 0.11442881077528, 0.976830244064331),
            ["RightLowerArm"] = CFrame.new(-2.384185791015625e-07, 1.1920928955078125e-07, 5.960464477539063e-08, 1, -4.097820749393577e-08, 1.862644971595273e-08, 5.215407838932151e-08, 0.9087103605270386, -0.4174270033836365, 4.097820394122209e-08, 0.4174272119998932, 0.9087104201316833),
            ["LeftHand"] = CFrame.new(2.086162567138672e-07, -5.960464477539063e-08, 1.1920928955078125e-07, 0.9929087162017822, 0.10590893030166626, -0.0539957657456398, -0.11887706071138382, 0.8871979117393494, -0.4458118677139282, 0.0006893612444400787, 0.44906923174858093, 0.8934966921806335),
            ["RightHand"] = CFrame.new(-2.086162567138672e-07, 0, -5.960464477539063e-08, 0.9692836999893188, -0.23735806345939636, -0.06442391127347946, 0.21708661317825317, 0.9487918019294739, -0.2294943928718567, 0.11559703946113586, 0.20845948159694672, 0.9711756110191345),
            ["RightUpperArm"] = CFrame.new(0, 1.1920928955078125e-07, 1.4901161193847656e-08, 0.964386522769928, -0.2040417492389679, -0.1683018058538437, 0.22804933786392212, 0.9637764692306519, 0.1383056789636612, 0.133985236287117, -0.1717613786458969, 0.9759847521781921),
            ["RightLowerLeg"] = CFrame.new(1.4901161193847656e-08, 5.960464477539063e-08, -7.281050784513354e-08, 1, -3.725290298461914e-08, 5.215407838932151e-08, 7.4505797087454084e-09, 0.9584632515907288, 0.28521591424942017, -4.1909512304982854e-08, -0.2852160632610321, 0.9584633111953735),
            ["LeftUpperLeg"] = CFrame.new(0, -1.6659032553434372e-07, -1.4901161193847656e-08, 0.9869577884674072, 0.13804107904434204, 0.08281917870044708, -0.10334262251853943, 0.9377713203430176, -0.3315196931362152, -0.12342862784862518, 0.3186371922492981, 0.9398062229156494),
            ["LeftLowerLeg"] = CFrame.new(5.960464477539063e-08, -5.960464477539063e-08, 2.2351741790771484e-08, 1, 3.539026138810186e-08, 2.1420419216156006e-08, -4.470347647611561e-08, 0.8860507607460022, 0.4635882079601288, 3.7252898543727042e-09, -0.46358823776245117, 0.886050820350647),
        }},
        {Time = 0.083, Data = {
            ["RightFoot"] = CFrame.new(-6.705522537231445e-08, 2.980232238769531e-07, -2.8107024263590574e-08, 0.9767353534698486, 0.20908451080322266, 0.04766242206096649, -0.17892363667488098, 0.9170682430267334, -0.3563314378261566, -0.11821318417787552, 0.3395138382911682, 0.9331431984901428),
            ["LeftLowerArm"] = CFrame.new(2.980232238769531e-07, -2.384185791015625e-07, 5.960464477539063e-08, 1, 0, 1.4901162970204496e-08, 3.3527616238870905e-08, 0.9999867081642151, -0.005157478619366884, 3.725290653733282e-08, 0.005157476756721735, 0.9999867081642151),
            ["LeftFoot"] = CFrame.new(1.862645149230957e-09, -2.384185791015625e-07, 4.6566128730773926e-08, 0.9934382438659668, -0.11370208859443665, 0.012341976165771484, 0.1143183559179306, 0.9904311895370483, -0.07731393724679947, -0.0034331209026277065, 0.07821755111217499, 0.9969304800033569),
            ["Head"] = CFrame.new(5.820766091346741e-10, 0, 1.9907020032405853e-08, 0.9497759938240051, -0.03886837884783745, 0.3105074465274811, 0.0263682771474123, 0.99866783618927, 0.0443553626537323, -0.3118177056312561, -0.03393998369574547, 0.949535608291626),
            ["LowerTorso"] = CFrame.new(-0.046649858355522156, -0.08381271362304688, 0.0311601385474205, 0.9605530500411987, 0.0077408612705767155, -0.27798938751220703, -0.024246660992503166, 0.9981370568275452, -0.05598687753081322, 0.2770381271839142, 0.06051867827773094, 0.9589511752128601),
            ["UpperTorso"] = CFrame.new(3.725290298461914e-09, 2.9802322387695312e-08, -2.7939677238464355e-09, 0.9985134601593018, -0.02814381569623947, -0.046679578721523285, 0.03540898114442825, 0.985998272895813, 0.16295303404331207, 0.041439928114414215, -0.16436368227005005, 0.9855290055274963),
            ["HumanoidRootPart"] = CFrame.new(0, 0, 0, 1, 0, 0, 0, 1, 0, 0, 0, 1),
            ["RightUpperLeg"] = CFrame.new(-2.9802322387695312e-08, 2.728775143623352e-07, 5.75528247281909e-09, 0.8741921782493591, -0.189724400639534, -0.44698166847229004, 0.253912091255188, 0.9632396101951599, 0.0877392366528511, 0.41390421986579895, -0.19019511342048645, 0.8902298808097839),
            ["LeftUpperArm"] = CFrame.new(-1.1920928955078125e-07, -2.384185791015625e-07, 2.9802322387695312e-08, 0.9063785076141357, 0.3773611783981323, -0.1899392008781433, -0.3912849426269531, 0.9193723201751709, -0.040627676993608475, 0.15929336845874786, 0.11114423722028732, 0.9809549450874329),
            ["RightLowerArm"] = CFrame.new(0, 0, 5.960464477539063e-08, 1, -7.823108916227284e-08, 3.3527612686157227e-08, 2.2351745343485163e-08, 0.9076674580574036, -0.41969034075737, 3.3527616238870905e-08, 0.41969025135040283, 0.9076673984527588),
            ["LeftHand"] = CFrame.new(-1.4901161193847656e-07, 0, -1.4901161193847656e-08, 0.9929161071777344, 0.1022968590259552, -0.060440994799137115, -0.11849668622016907, 0.8899351954460144, -0.44042447209358215, 0.00873460154980421, 0.4444669187068939, 0.8957529067993164),
            ["RightHand"] = CFrame.new(-8.940696716308594e-08, 2.384185791015625e-07, 2.9802322387695312e-08, 0.9690909385681152, -0.23579534888267517, -0.0725490003824234, 0.21391956508159637, 0.9496355652809143, -0.22897738218307495, 0.12288681417703629, 0.20638030767440796, 0.9707244634628296),
            ["RightUpperArm"] = CFrame.new(-1.1920928955078125e-07, 1.1920928955078125e-07, 7.450580596923828e-08, 0.9671738147735596, -0.1970931738615036, -0.16040310263633728, 0.21967992186546326, 0.9657753109931946, 0.13790911436080933, 0.12773233652114868, -0.16861943900585175, 0.9773699641227722),
            ["RightLowerLeg"] = CFrame.new(7.450580596923828e-08, 2.384185791015625e-07, -5.418405635282397e-08, 1, -6.705524668859653e-08, -2.2351745343485163e-08, 6.705522537231445e-08, 0.9538812637329102, 0.30018383264541626, -4.842877388000488e-08, -0.3001842796802521, 0.9538814425468445),
            ["LeftUpperLeg"] = CFrame.new(0, 2.849847078323364e-07, 2.2351741790771484e-08, 0.9871280789375305, 0.1297374665737152, 0.09352236241102219, -0.0947638526558876, 0.9455292224884033, -0.3114390969276428, -0.12883339822292328, 0.2985677123069763, 0.9456528425216675),
            ["LeftLowerLeg"] = CFrame.new(1.4901161193847656e-08, -1.7881393432617188e-07, -7.450580596923828e-09, 1, 4.284084198502569e-08, 3.073365206773815e-08, -4.842877388000488e-08, 0.8978081941604614, 0.44038671255111694, 1.1175870895385742e-08, -0.44038668274879456, 0.8978082537651062),
        }},
        {Time = 0.100, Data = {
            ["RightFoot"] = CFrame.new(-2.2351741790771484e-08, 1.7881393432617188e-07, -5.790934665128589e-08, 0.9765678644180298, 0.2101728618144989, 0.046289581805467606, -0.17926302552223206, 0.9134244322776794, -0.36540448665618896, -0.11908034235239029, 0.34854456782341003, 0.9296972751617432),
            ["LeftLowerArm"] = CFrame.new(0, 4.76837158203125e-07, 0, 1, 2.60770320892334e-08, -3.5390254282674505e-08, -1.862644971595273e-08, 0.9999867677688599, -0.005158569198101759, -8.00937343115038e-08, 0.005158603191375732, 0.9999867677688599),
            ["LeftFoot"] = CFrame.new(-3.166496753692627e-08, -1.1920928955078125e-07, 1.6763806343078613e-08, 0.993431806564331, -0.11391221731901169, 0.010826969519257545, 0.11439111083745956, 0.9910004138946533, -0.06951992958784103, -0.0028104539960622787, 0.07030182331800461, 0.9975218176841736),
            ["Head"] = CFrame.new(1.7462298274040222e-09, -1.1920928955078125e-07, -1.335865817964077e-08, 0.9480168223381042, -0.04032783582806587, 0.3156547248363495, 0.026607010513544083, 0.9985093474388123, 0.04765922576189041, -0.317106157541275, -0.03678300604224205, 0.9476764798164368),
            ["LowerTorso"] = CFrame.new(-0.04731348901987076, -0.08287286758422852, 0.028083592653274536, 0.9591666460037231, 0.0146742332726717, -0.28246068954467773, -0.032674942165613174, 0.9977158308029175, -0.059123266488313675, 0.28094786405563354, 0.06593845039606094, 0.9574551582336426),
            ["UpperTorso"] = CFrame.new(-1.0244548320770264e-08, -5.960464477539063e-08, 4.6566128730773926e-09, 0.9982759356498718, -0.036888789385557175, -0.045655909925699234, 0.04385751113295555, 0.9857321977615356, 0.16250763833522797, 0.03900986909866333, -0.1642298400402069, 0.9856504797935486),
            ["HumanoidRootPart"] = CFrame.new(0, 0, 0, 1, 0, 0, 0, 1, 0, 0, 0, 1),
            ["RightUpperLeg"] = CFrame.new(0, -2.5099143385887146e-07, -1.6952981241047382e-09, 0.8743218779563904, -0.20406506955623627, -0.44036203622817993, 0.2634464502334595, 0.9615579843521118, 0.077473945915699, 0.4076239764690399, -0.18374919891357422, 0.8944714069366455),
            ["LeftUpperArm"] = CFrame.new(-1.1920928955078125e-07, 1.1920928955078125e-07, 2.9802322387695312e-08, 0.9130908846855164, 0.3717070519924164, -0.16762743890285492, -0.38409164547920227, 0.9220697283744812, -0.047550275921821594, 0.13688911497592926, 0.10780181735754013, 0.984703004360199),
            ["RightLowerArm"] = CFrame.new(2.384185791015625e-07, 1.1920928955078125e-07, 0, 1, -5.215407838932151e-08, 1.4901157641133977e-08, 3.725290298461914e-08, 0.9061031341552734, -0.42305678129196167, 3.725290298461914e-09, 0.4230569899082184, 0.906103253364563),
            ["LeftHand"] = CFrame.new(-4.76837158203125e-07, 3.5762786865234375e-07, 2.9802322387695312e-08, 0.9927800893783569, 0.09892836213111877, -0.06782976537942886, -0.11865855753421783, 0.8927093744277954, -0.4347299039363861, 0.01754542626440525, 0.43963995575904846, 0.8980028629302979),
            ["RightHand"] = CFrame.new(1.7881393432617188e-07, 0, -2.9802322387695312e-08, 0.9696868062019348, -0.23214100301265717, -0.07627664506435394, 0.2097100019454956, 0.9508494734764099, -0.2278316617012024, 0.12541677057743073, 0.20492923259735107, 0.9707083702087402),
            ["RightUpperArm"] = CFrame.new(1.1920928955078125e-07, 0, -1.1920928955078125e-07, 0.9702005982398987, -0.18900711834430695, -0.15161515772342682, 0.21000221371650696, 0.9680505394935608, 0.1370297223329544, 0.12087134271860123, -0.16478584706783295, 0.9788951873779297),
            ["RightLowerLeg"] = CFrame.new(1.4901161193847656e-08, 5.960464477539063e-08, -5.75528247281909e-09, 1, -5.960465188081798e-08, 1.4901162970204496e-08, 6.70552182668871e-08, 0.947697639465332, 0.31916943192481995, -1.955777229056821e-08, -0.3191696107387543, 0.9476977586746216),
            ["LeftUpperLeg"] = CFrame.new(-1.1920928955078125e-07, -2.1373853087425232e-07, 2.2351741790771484e-08, 0.9871224164962769, 0.12148831784725189, 0.104067362844944, -0.08635812997817993, 0.9523262977600098, -0.2926037013530731, -0.13465389609336853, 0.2798486351966858, 0.9505540728569031),
            ["LeftLowerLeg"] = CFrame.new(-2.9802322387695312e-08, 0, 0, 1, 2.9802322387695312e-08, 3.2596297216969106e-08, -3.725290298461914e-08, 0.9079961776733398, 0.41897857189178467, 0, -0.4189784824848175, 0.9079962372779846),
        }},
        {Time = 0.117, Data = {
            ["RightFoot"] = CFrame.new(1.601874828338623e-07, 2.980232238769531e-07, -4.300818545743823e-08, 0.9763945937156677, 0.211299329996109, 0.04479096084833145, -0.17951105535030365, 0.9091597199440002, -0.37577134370803833, -0.12012229859828949, 0.35886090993881226, 0.9256294369697571),
            ["LeftLowerArm"] = CFrame.new(-8.940696716308594e-08, -3.5762786865234375e-07, 0, 1, -1.1175869119028903e-08, 8.475038271171798e-08, 2.2351747119842003e-08, 0.9999867677688599, -0.005159730091691017, -9.313227522511625e-09, 0.005159731488674879, 0.9999867677688599),
            ["LeftFoot"] = CFrame.new(-1.6763806343078613e-08, -1.1920928955078125e-07, 1.6763806343078613e-08, 0.9933941960334778, -0.114377960562706, 0.009267519228160381, 0.11473609507083893, 0.9913799166679382, -0.06325718760490417, -0.0019523886730894446, 0.06390263885259628, 0.997954249382019),
            ["Head"] = CFrame.new(-5.180481821298599e-09, 0, -4.6711647883057594e-09, 0.9469449520111084, -0.04158921539783478, 0.3186936378479004, 0.02705303393304348, 0.9983875155448914, 0.049905139952898026, -0.32025519013404846, -0.03863565996289253, 0.9465431571006775),
            ["LowerTorso"] = CFrame.new(-0.04807739704847336, -0.08271658420562744, 0.025261789560317993, 0.9577170014381409, 0.02122478187084198, -0.28692829608917236, -0.040595654398202896, 0.997266948223114, -0.061730995774269104, 0.2848338782787323, 0.07076886296272278, 0.9559610486030579),
            ["UpperTorso"] = CFrame.new(-5.587935447692871e-09, 2.9802322387695312e-08, -1.3969838619232178e-08, 0.9979954957962036, -0.04487616941332817, -0.04462292417883873, 0.051559433341026306, 0.9854241013526917, 0.1621144562959671, 0.03669747710227966, -0.16409024596214294, 0.9857625365257263),
            ["HumanoidRootPart"] = CFrame.new(0, 0, 0, 1, 0, 0, 0, 1, 0, 0, 0, 1),
            ["RightUpperLeg"] = CFrame.new(-5.960464477539063e-08, 1.4156103134155273e-07, -9.145878721028566e-09, 0.8745160698890686, -0.2185697853565216, -0.43295368552207947, 0.2723085880279541, 0.9599849581718445, 0.06539822369813919, 0.4013349711894989, -0.17508892714977264, 0.899040699005127),
            ["LeftUpperArm"] = CFrame.new(0, -1.1920928955078125e-07, 0, 0.9194983243942261, 0.3657101094722748, -0.1441495269536972, -0.376382976770401, 0.9248612523078918, -0.05447473004460335, 0.11339633166790009, 0.10434477776288986, 0.9880554676055908),
            ["RightLowerArm"] = CFrame.new(1.1920928955078125e-07, 5.364418029785156e-07, 1.7881393432617188e-07, 1, -4.470347292340193e-08, 1.713633963618122e-07, 3.725290653733282e-08, 0.9039039611816406, -0.4277355670928955, 6.33299421792799e-08, 0.42773544788360596, 0.9039039611816406),
            ["LeftHand"] = CFrame.new(-3.2782554626464844e-07, 3.5762786865234375e-07, -1.4901161193847656e-07, 0.9925345182418823, 0.0953916609287262, -0.07599852234125137, -0.11891037225723267, 0.8954228162765503, -0.42904332280158997, 0.02712349221110344, 0.43487751483917236, 0.9000811576843262),
            ["RightHand"] = CFrame.new(2.5331974029541016e-07, -2.980232238769531e-07, 2.9802322387695312e-08, 0.9713051319122314, -0.22640261054039001, -0.07285799086093903, 0.20501846075057983, 0.9523013234138489, -0.22602993249893188, 0.12055647373199463, 0.20460696518421173, 0.9713919758796692),
            ["RightUpperArm"] = CFrame.new(-5.960464477539063e-08, 0, 2.9802322387695312e-08, 0.973305881023407, -0.18005649745464325, -0.14232151210308075, 0.19938260316848755, 0.9704732298851013, 0.13575111329555511, 0.11367633938789368, -0.16050384938716888, 0.9804674386978149),
            ["RightLowerLeg"] = CFrame.new(2.9802322387695312e-08, 1.1920928955078125e-07, 1.6596459317952394e-08, 1, -3.7252920748187535e-08, -1.4901164746561335e-08, 5.2154071283894154e-08, 0.9400599598884583, 0.3410090208053589, 6.565824861581859e-08, -0.34100934863090515, 0.9400601387023926),
            ["LeftUpperLeg"] = CFrame.new(5.960464477539063e-08, 7.264316082000732e-08, 0, 0.9869518280029297, 0.11375708132982254, 0.11395424604415894, -0.0785164013504982, 0.9578869342803955, -0.2762026786804199, -0.14057528972625732, 0.26365143060684204, 0.9543200135231018),
            ["LeftLowerLeg"] = CFrame.new(-2.9802322387695312e-08, -1.7881393432617188e-07, -7.450580596923828e-09, 1, 4.5634816814299484e-08, -7.450581485102248e-09, -4.470348358154297e-08, 0.9161558151245117, 0.4008224904537201, 1.1175870895385742e-08, -0.4008225202560425, 0.9161557555198669),
        }},
        {Time = 0.133, Data = {
            ["RightFoot"] = CFrame.new(-5.587935447692871e-08, 3.5762786865234375e-07, 2.4047039914876223e-08, 0.9762090444564819, 0.21242249011993408, 0.043506208807229996, -0.17995449900627136, 0.9056403040885925, -0.3839684724807739, -0.12096463888883591, 0.3670046925544739, 0.9223207831382751),
            ["LeftLowerArm"] = CFrame.new(-2.9802322387695312e-08, 5.960464477539063e-08, 5.21540641784668e-08, 1, 3.7252894102834944e-09, 4.6566128730773926e-08, -1.1175870895385742e-08, 0.9999867081642151, -0.005160704255104065, -4.563480615615845e-08, 0.005160714033991098, 0.9999867081642151),
            ["LeftFoot"] = CFrame.new(6.705522537231445e-08, 0, 1.955777406692505e-08, 0.9933173656463623, -0.11515023559331894, 0.007814796641469002, 0.11541002243757248, 0.9916278719902039, -0.05792037770152092, -0.0010798941366374493, 0.058435238897800446, 0.9982906579971313),
            ["Head"] = CFrame.new(-2.342858351767063e-09, 1.1920928955078125e-07, -2.3981556296348572e-08, 0.9456519484519958, -0.041363317519426346, 0.32253918051719666, 0.02837825007736683, 0.9985902309417725, 0.04485991224646568, -0.3239399492740631, -0.03326869383454323, 0.9454926252365112),
            ["LowerTorso"] = CFrame.new(-0.04885302111506462, -0.0826345682144165, 0.02244722843170166, 0.9563067555427551, 0.026841219514608383, -0.29113051295280457, -0.04737405851483345, 0.9968434572219849, -0.06370902061462402, 0.288501501083374, 0.07471739500761032, 0.9545596837997437),
            ["UpperTorso"] = CFrame.new(-9.313225746154785e-10, 2.980232238769531e-07, 9.313225746154785e-10, 0.9977248311042786, -0.05138459801673889, -0.04364496096968651, 0.057813987135887146, 0.9851274490356445, 0.16180719435214996, 0.0346815399825573, -0.16396234929561615, 0.9858567714691162),
            ["HumanoidRootPart"] = CFrame.new(0, 0, 0, 1, 0, 0, 0, 1, 0, 0, 0, 1),
            ["RightUpperLeg"] = CFrame.new(-8.940696716308594e-08, 3.632158041000366e-08, 4.300818545743823e-08, 0.8747106194496155, -0.23071978986263275, -0.42620381712913513, 0.27995193004608154, 0.9583945274353027, 0.05573931708931923, 0.395611435174942, -0.16807256639003754, 0.9029083251953125),
            ["LeftUpperArm"] = CFrame.new(-1.1920928955078125e-07, 2.384185791015625e-07, -2.9802322387695312e-08, 0.9252954721450806, 0.35960403084754944, -0.12047136574983597, -0.36848199367523193, 0.9276137948036194, -0.061268169432878494, 0.08971863985061646, 0.1010827124118805, 0.9908243417739868),
            ["RightLowerArm"] = CFrame.new(-8.940696716308594e-08, -1.7881393432617188e-07, -5.960464477539063e-08, 1, -1.4901159417490817e-08, 1.1175869474300271e-07, 7.450580596923828e-09, 0.9009454846382141, -0.4339323043823242, -7.450580596923828e-09, 0.43393221497535706, 0.9009454846382141),
            ["LeftHand"] = CFrame.new(-2.9802322387695312e-08, 2.980232238769531e-07, -5.21540641784668e-08, 0.9921393990516663, 0.0919598713517189, -0.08486958593130112, -0.11948167532682419, 0.8977324962615967, -0.42402899265289307, 0.03719642758369446, 0.43083637952804565, 0.9016633033752441),
            ["RightHand"] = CFrame.new(1.4901161193847656e-08, -5.960464477539063e-08, 0, 0.973840057849884, -0.21807126700878143, -0.06387999653816223, 0.19899585843086243, 0.954152524471283, -0.22359231114387512, 0.10971013456583023, 0.20503129065036774, 0.9725872278213501),
            ["RightUpperArm"] = CFrame.new(-1.1920928955078125e-07, 2.384185791015625e-07, -1.4901161193847656e-08, 0.9762177467346191, -0.17123393714427948, -0.13295850157737732, 0.18888428807258606, 0.972817599773407, 0.13397280871868134, 0.10640378296375275, -0.15590044856071472, 0.9820252060890198),
            ["RightLowerLeg"] = CFrame.new(-8.940696716308594e-08, 2.384185791015625e-07, 9.145878721028566e-09, 1, -1.1175875158642157e-07, 3.72529100900465e-08, 5.2154071283894154e-08, 0.9336336255073547, 0.3582290709018707, 9.778887921640944e-09, -0.3582293689250946, 0.9336338043212891),
