return {
    ["Too Fast"] = {
        {Time = 0.000, Data = {
            ["RightFoot"] = CFrame.new(-1.5232899386319332e-08, 0.012361407279968262, -0.00010281358117936179, 0.997933030128479, 0.049158159643411636, 0.041392501443624496, -0.03909469395875931, 0.9755889773368835, -0.21611373126506805, -0.05100300908088684, 0.2140323966741562, 0.9754904508590698),
            ["LeftLowerArm"] = CFrame.new(-0.0004992187023162842, 0.11662673950195312, 0.07436071336269379, 1, -2.2724252346506546e-07, 5.68104070453046e-08, 7.450581307466564e-08, 0.231972798705101, -0.9727222323417664, 1.527369164477932e-07, 0.9727222919464111, 0.23197297751903534),
            ["RightUpperArm"] = CFrame.new(0.21252930164337158, 0.048349738121032715, -0.27999255061149597, 0.0664331465959549, 0.005052253138273954, 0.9977781772613525, 0.7761781215667725, 0.6281225085258484, -0.05485890805721283, -0.6270041465759277, 0.7780981063842773, 0.03780702129006386),
            ["Head"] = CFrame.new(0, -1.1920928955078125e-07, 7.450580596923828e-09, 1, 0, 0, 0, 0.999271035194397, -0.038175471127033234, 0, 0.038175471127033234, 0.999271035194397),
            ["RightHand"] = CFrame.new(-0.00048365071415901184, 0.02500927448272705, -3.3527612686157227e-08, 0.994354784488678, 0.09176168590784073, -0.05327809602022171, -0.09559392929077148, 0.99262934923172, -0.07449017465114594, 0.0460493303835392, 0.0791628286242485, 0.9957975149154663),
            ["UpperTorso"] = CFrame.new(2.220446049250313e-16, 1.1920928955078125e-07, -3.725290298461914e-09, 1, -1.7187627987524934e-09, 6.354979120715143e-08, 1.1102230246251565e-16, 0.9996345639228821, 0.027036042883992195, -6.357303306003814e-08, -0.027036042883992195, 0.9996345639228821),
            ["HumanoidRootPart"] = CFrame.new(0, 0, 0, 1, 0, 0, 0, 1, 0, 0, 0, 1),
            ["RightUpperLeg"] = CFrame.new(0, -6.488699000328779e-08, -7.632479537278414e-08, 0.9274910092353821, -0.1529822200536728, -0.3411135971546173, 0.041498418897390366, 0.9489299654960632, -0.3127284348011017, 0.37153518199920654, 0.2759137451648712, 0.8864775896072388),
            ["LeftUpperArm"] = CFrame.new(-0.26498234272003174, 0.11211848258972168, -0.283919095993042, -0.11684561520814896, -0.16624119877815247, -0.9791380763053894, -0.6076580286026001, 0.7917816638946533, -0.06191590428352356, 0.7855563163757324, 0.5877463817596436, -0.1935334950685501),
            ["RightLowerArm"] = CFrame.new(-0.0000010728836059570312, 0.11937534809112549, 0.0871322900056839, 1, 3.026795241112268e-07, 6.798624241355355e-08, -2.8725484213509844e-08, 0.09933292120695114, -0.995054304599762, -1.2852252950779075e-07, 0.9950542449951172, 0.0993327647447586),
            ["LeftHand"] = CFrame.new(0.00048409029841423035, 0.024202585220336914, 1.1175870895385742e-07, 0.9915821552276611, 0.11159349232912064, -0.06566403806209564, -0.11393152177333832, 0.9929406046867371, -0.03299594670534134, 0.061517588794231415, 0.040199849754571915, 0.9972962141036987),
            ["LeftFoot"] = CFrame.new(-5.3740905059385113e-08, 0.012292444705963135, -0.0000027988253350486048, 0.9999979734420776, 0.0015600374899804592, 0.0013134876498952508, -0.001203201594762504, 0.9714580774307251, -0.23722636699676514, -0.00164544559083879, 0.23720654845237732, 0.9714535474777222),
            ["LowerTorso"] = CFrame.new(0, -0.13384783267974854, 0.008257194422185421, 1, 0, -6.357302595461078e-08, 1.3123367947898146e-09, 0.999786913394928, 0.020642980933189392, 6.35594830100672e-08, -0.020642980933189392, 0.999786913394928),
            ["RightLowerLeg"] = CFrame.new(4.842877388000488e-08, 0.060641467571258545, -0.012768430635333061, 1, 8.568083131876847e-08, -4.2839669589511686e-08, -1.0430811414607888e-07, 0.870219886302948, 0.4926583766937256, 1.3969836842875338e-08, -0.4926636815071106, 0.8702227473258972),
            ["LeftUpperLeg"] = CFrame.new(0, -6.477057468146086e-08, -0.00010001833288697526, 0.9511784315109253, 0.08465676009654999, 0.2968057692050934, 0.007929941639304161, 0.9546260237693787, -0.29768410325050354, -0.3085397481918335, 0.2855214476585388, 0.9073535799980164),
            ["LeftLowerLeg"] = CFrame.new(1.8742866814136505e-08, 0.06155884265899658, -0.01300908625125885, 1, -8.463309342232606e-08, -2.9801515921690225e-08, 1.0873192479721183e-07, 0.866749107837677, 0.4987393617630005, -2.7328500351586626e-08, -0.4987444281578064, 0.866752028465271),
        }},
        {Time = 0.034, Data = {
            ["RightFoot"] = CFrame.new(-7.117159839253873e-08, 0.015262305736541748, -0.00010278771515004337, 0.9964166283607483, 0.0678219199180603, 0.05054338276386261, -0.0516706220805645, 0.9611619114875793, -0.2711253762245178, -0.06696457415819168, 0.2675221860408783, 0.961216151714325),
            ["LeftLowerArm"] = CFrame.new(-0.0004994571208953857, 0.11956018209457397, 0.08978806436061859, 1, -2.2351717632318469e-07, 4.749722393171396e-08, 4.563480615615845e-08, 0.07178276777267456, -0.9974203705787659, 2.3096799850463867e-07, 0.9974202513694763, 0.0717822015285492),
            ["RightUpperArm"] = CFrame.new(0.1111072301864624, 0.09168243408203125, -0.1718188226222992, 0.3790149986743927, 0.15135201811790466, 0.9129294157028198, 0.4473439157009125, 0.8336390852928162, -0.32392755150794983, -0.8100808262825012, 0.5311670899391174, 0.24825571477413177),
            ["Head"] = CFrame.new(4.132743924856186e-09, -2.384185791015625e-07, -1.1772499419748783e-08, 0.9995797872543335, 0.011516820639371872, -0.026601195335388184, -0.012539253570139408, 0.9991763234138489, -0.03859412297606468, 0.026134802028536797, 0.03891145810484886, 0.998900830745697),
            ["RightHand"] = CFrame.new(-0.0004830658435821533, 0.025754868984222412, -4.172325134277344e-07, 0.9877880811691284, 0.1346236914396286, -0.07843264937400818, -0.1381927877664566, 0.9895147085189819, -0.04199042171239853, 0.07195605337619781, 0.05231679230928421, 0.9960347414016724),
            ["UpperTorso"] = CFrame.new(-7.459566297995934e-10, 0, 1.804429161644805e-09, 0.9999613761901855, 0.004294263664633036, 0.007668632082641125, -0.004513697698712349, 0.9995742440223694, 0.02883034385740757, -0.00754156056791544, -0.02886384166777134, 0.9995549917221069),
            ["HumanoidRootPart"] = CFrame.new(0, 0, 0, 1, 0, 0, 0, 1, 0, 0, 0, 1),
            ["RightUpperLeg"] = CFrame.new(0, -1.121201762543933e-07, -8.290226105600595e-08, 0.9230203032493591, -0.19843626022338867, -0.3296344578266144, 0.06202295050024986, 0.9222723841667175, -0.38151371479034424, 0.37971916794776917, 0.3317181468009949, 0.8635905385017395),
            ["LeftUpperArm"] = CFrame.new(-0.30729198455810547, 0.13882088661193848, -0.12223411351442337, 0.07749027758836746, 0.09963490813970566, -0.9920020699501038, -0.25973907113075256, 0.9626520276069641, 0.07639747858047485, 0.9625647664070129, 0.2517419159412384, 0.10047568380832672),
            ["RightLowerArm"] = CFrame.new(-0.0000010728836059570312, 0.11994296312332153, 0.10330075025558472, 1, 2.2351720474489412e-07, -1.2665930171351647e-07, -2.607703493140434e-07, -0.06849174201488495, -0.9976516962051392, -2.9802325229866256e-07, 0.9976516962051392, -0.06849254667758942),
            ["LeftHand"] = CFrame.new(0.0004834383726119995, 0.025234103202819824, 7.450580596923828e-08, 0.9952681064605713, 0.08375591039657593, -0.049257535487413406, -0.08734611421823502, 0.9932816028594971, -0.0759105384349823, 0.04256841167807579, 0.0798538476228714, 0.9958973526954651),
            ["LeftFoot"] = CFrame.new(1.296052687393967e-08, 0.015346527099609375, -0.0000027326013878337108, 0.999701976776123, 0.018503347411751747, 0.015930956229567528, -0.012764142826199532, 0.9522689580917358, -0.30501484870910645, -0.02081257291138172, 0.3046989142894745, 0.9522143006324768),
            ["LowerTorso"] = CFrame.new(-0.028383007273077965, -0.18667149543762207, 0.006117274984717369, 1, 4.67768046519268e-10, -6.357427650982572e-08, 5.045398543401802e-10, 0.9998830556869507, 0.015293183736503124, 6.357399229273142e-08, -0.015293183736503124, 0.9998830556869507),
            ["RightLowerLeg"] = CFrame.new(-2.2351741790771484e-08, 0.07427126169204712, -0.019990501925349236, 1, 1.303835688304389e-07, -3.7251970397278455e-09, -1.4156104555240745e-07, 0.7963648438453674, 0.6048163175582886, 7.63684582238966e-08, -0.6048166155815125, 0.7963650226593018),
            ["LeftUpperLeg"] = CFrame.new(0, -1.1250063636225605e-07, -0.00010002491035265848, 0.9554266929626465, 0.08436506986618042, 0.2829194664955139, 0.023006213828921318, 0.934109628200531, -0.3562246859073639, -0.2943308353424072, 0.34687432646751404, 0.8905394673347473),
            ["LeftLowerLeg"] = CFrame.new(-2.086162567138672e-07, 0.07549232244491577, -0.02047419548034668, 1, -1.490097787382183e-07, 6.984747003002667e-09, 1.2293457984924316e-07, 0.790356457233429, 0.6126474738121033, -1.280568540096283e-07, -0.612647294998169, 0.7903563380241394),
        }},
        {Time = 0.069, Data = {
            ["RightFoot"] = CFrame.new(-3.768627721001394e-08, 0.0178106427192688, -0.00010276085959048942, 0.9948951005935669, 0.08764722943305969, 0.050021085888147354, -0.06883250176906586, 0.9518390893936157, -0.2987928092479706, -0.07379592210054398, 0.2938034236431122, 0.9530061483383179),
            ["LeftLowerArm"] = CFrame.new(-0.0004993081092834473, 0.11989974975585938, 0.09503421187400818, 1, -2.7380863798498467e-07, 1.5646142514924577e-07, 5.960464477539063e-08, 0.017338724806904793, -0.9998496770858765, 2.1979212760925293e-07, 0.9998496770858765, 0.017337946221232414),
            ["RightUpperArm"] = CFrame.new(0.1728501319885254, 0.02138960361480713, -0.09715902805328369, 0.4570890963077545, 0.3693215250968933, 0.8091177344322205, 0.144026517868042, 0.8669710755348206, -0.4770924150943756, -0.8776821494102478, 0.33460837602615356, 0.3430909514427185),
            ["Head"] = CFrame.new(-2.3283064365386963e-09, 2.384185791015625e-07, -9.313225746154785e-09, 0.9948243498802185, 0.04018919914960861, -0.09332429617643356, -0.044132035225629807, 0.9982014298439026, -0.040575891733169556, 0.09152571856975555, 0.04448447749018669, 0.9948086738586426),
            ["RightHand"] = CFrame.new(-0.0004825294017791748, 0.02642083168029785, 2.384185791015625e-07, 0.9921702146530151, 0.10787100344896317, -0.06294671446084976, -0.11043855547904968, 0.9931239485740662, -0.03883611410856247, 0.058323733508586884, 0.045484356582164764, 0.9972610473632812),
            ["UpperTorso"] = CFrame.new(3.5561094069436194e-09, 0, -3.3259839327115515e-11, 0.9987518191337585, -0.0009643035591579974, 0.04994061216711998, -0.0009498681174591184, 0.9992662072181702, 0.038291044533252716, -0.04994089901447296, -0.03829067945480347, 0.9980179071426392),
            ["HumanoidRootPart"] = CFrame.new(0, 0, 0, 1, 0, 0, 0, 1, 0, 0, 0, 1),
            ["RightUpperLeg"] = CFrame.new(5.960464477539063e-08, -1.5757987625875103e-07, -8.194911060854793e-08, 0.921758770942688, -0.23051035404205322, -0.3118145763874054, 0.08332217484712601, 0.9030823111534119, -0.4212881922721863, 0.3787059783935547, 0.36236369609832764, 0.8516383767127991),
            ["LeftUpperArm"] = CFrame.new(-0.15660274028778076, 0.14069485664367676, 0.008590581826865673, 0.50359708070755, 0.3951696753501892, -0.7682649493217468, -0.0949733629822731, 0.909191370010376, 0.40540239214897156, 0.858702540397644, -0.13119478523731232, 0.49539676308631897),
            ["RightLowerArm"] = CFrame.new(-0.0000010132789611816406, 0.11777603626251221, 0.11878490447998047, 1, 2.5331945607831585e-07, -1.1920874953830207e-07, -2.9802322387695312e-08, -0.22930683195590973, -0.9733539819717407, -3.3155083656311035e-07, 0.973354160785675, -0.22930805385112762),
            ["LeftHand"] = CFrame.new(0.00048345327377319336, 0.025475502014160156, 4.470348358154297e-07, 0.9849302768707275, -0.149399071931839, 0.08713458478450775, 0.16530181467533112, 0.9613484740257263, -0.22019317746162415, -0.05086955800652504, 0.23127692937850952, 0.9715568423271179),
            ["LeftFoot"] = CFrame.new(2.2022504708729684e-08, 0.018059968948364258, -0.0000027806672733277082, 0.9987632036209106, 0.037352968007326126, 0.032819218933582306, -0.023708757013082504, 0.9379463791847229, -0.34599190950393677, -0.04370318725705147, 0.3447628915309906, 0.9376633167266846),
            ["LowerTorso"] = CFrame.new(-0.0580720379948616, -0.2225971221923828, 0.00457487627863884, 1, 8.048910427049805e-10, -6.35767278822641e-08, -7.769940246760143e-11, 0.9999346137046814, 0.011437187902629375, 6.358177984111535e-08, -0.011437187902629375, 0.9999346137046814),
            ["RightLowerLeg"] = CFrame.new(2.2351741790771484e-08, 0.08225363492965698, -0.024639813229441643, 1, 2.0861357086232601e-07, -3.91145924538705e-08, -1.4901162614933128e-07, 0.7483149766921997, 0.6633455753326416, 6.705523247774181e-08, -0.6633436679840088, 0.7483131289482117),
            ["LeftUpperLeg"] = CFrame.new(0, -1.5831200528282352e-07, -0.00010002488852478564, 0.9597674012184143, 0.07163609564304352, 0.27150624990463257, 0.04053232818841934, 0.921438455581665, -0.38638436794281006, -0.2778554856777191, 0.3818633556365967, 0.8814712166786194),
            ["LeftLowerLeg"] = CFrame.new(7.450580596923828e-09, 0.08379465341567993, -0.025380939245224, 1, -1.6763586074830528e-07, -5.8671901115303626e-08, 1.639127589214695e-07, 0.7395981550216675, 0.6730509996414185, -9.685753354915505e-08, -0.6730486750602722, 0.7395960688591003),
        }},
        {Time = 0.103, Data = {
            ["RightFoot"] = CFrame.new(1.312082531512715e-08, 0.01876777410507202, -0.00010268721962347627, 0.9934383034706116, 0.1062808632850647, 0.042250797152519226, -0.08841918408870697, 0.9480118751525879, -0.30572637915611267, -0.07254272699356079, 0.29996317625045776, 0.9511815905570984),
            ["LeftLowerArm"] = CFrame.new(-0.0004992187023162842, 0.11882084608078003, 0.08435974270105362, 1, -2.3841835172788706e-07, 4.470327041872224e-08, 1.4901162614933128e-07, 0.12819652259349823, -0.9917488694190979, 1.788139627478813e-07, 0.9917488098144531, 0.1281958967447281),
            ["RightUpperArm"] = CFrame.new(0.2202082872390747, -0.02703857421875, -0.05274081230163574, 0.47295764088630676, 0.49720922112464905, 0.7273885607719421, -0.0031101536005735397, 0.8264968395233154, -0.5629327297210693, -0.8810797333717346, 0.2639811038970947, 0.39244455099105835),
            ["Head"] = CFrame.new(-9.313225746154785e-10, 2.384185791015625e-07, -9.313225746154785e-10, 0.9806649684906006, 0.07646329700946808, -0.18013815581798553, -0.0859140008687973, 0.995274543762207, -0.04524780437350273, 0.17582714557647705, 0.059849318116903305, 0.9826000928878784),
            ["RightHand"] = CFrame.new(-0.0004822760820388794, 0.02668178081512451, -1.1920928955078125e-07, 0.9930481314659119, 0.10164649784564972, -0.05935953930020332, -0.10290555655956268, 0.9945182800292969, -0.018546516075730324, 0.05714830756187439, 0.024526726454496384, 0.9980644583702087),
            ["UpperTorso"] = CFrame.new(-8.482867741577138e-09, 0, -1.9588384247981594e-09, 0.9934274554252625, -0.013819274492561817, 0.11362645775079727, 0.0072188107296824455, 0.9982731938362122, 0.05829669535160065, -0.11423586308956146, -0.057093288749456406, 0.9918117523193359),
            ["HumanoidRootPart"] = CFrame.new(0, 0, 0, 1, 0, 0, 0, 1, 0, 0, 0, 1),
            ["RightUpperLeg"] = CFrame.new(0, -9.58304156029044e-08, -8.596543921157718e-08, 0.9229662418365479, -0.24976876378059387, -0.2928336560726166, 0.1030263602733612, 0.8933956027030945, -0.4372790455818176, 0.37083548307418823, 0.3734431564807892, 0.8503150343894958),
            ["LeftUpperArm"] = CFrame.new(-0.014799714088439941, 0.07774877548217773, 0.07625231891870499, 0.7611520886421204, 0.535446047782898, -0.365985244512558, -0.3275388479232788, 0.8043919205665588, 0.49565351009368896, 0.5597910284996033, -0.2573935091495514, 0.7876436710357666),
            ["RightLowerArm"] = CFrame.new(-0.0000013113021850585938, 0.11618936061859131, 0.12482056021690369, 1, 2.4959425104498223e-07, -1.5646146778180992e-07, -7.078052277620372e-08, -0.2920328378677368, -0.9564079642295837, -2.0861628513557662e-07, 0.9564083814620972, -0.2920340597629547),
            ["LeftHand"] = CFrame.new(0.00048394501209259033, 0.02484595775604248, 7.450580596923828e-08, 0.8594090342521667, -0.44156476855278015, 0.25775453448295593, 0.48743894696235657, 0.859764039516449, -0.1523473560810089, -0.1543351262807846, 0.2565668225288391, 0.9541242122650146),
            ["LeftFoot"] = CFrame.new(4.629850991477724e-08, 0.019125044345855713, -0.000002755662535491865, 0.9971976280212402, 0.05572909116744995, 0.04991742596030235, -0.03369155526161194, 0.9302241802215576, -0.36546528339385986, -0.06679666042327881, 0.3627358376979828, 0.9294854998588562),
            ["LowerTorso"] = CFrame.new(-0.08637643605470657, -0.23856711387634277, 0.0035155145451426506, 1, 1.0364209490631993e-09, -6.357917214927511e-08, -4.775972950454843e-10, 0.9999613761901855, 0.00878878403455019, 6.358582993470918e-08, -0.00878878403455019, 0.9999613761901855),
            ["RightLowerLeg"] = CFrame.new(2.2351741790771484e-08, 0.08511960506439209, -0.026470808312296867, 1, 2.0861352822976187e-07, 3.352680622015214e-08, -1.862645149230957e-07, 0.7293411493301392, 0.684153139591217, 1.1175870895385742e-08, -0.6841502785682678, 0.7293384075164795),
            ["LeftUpperLeg"] = CFrame.new(0, -9.680498891384559e-08, -0.00010002960334531963, 0.9635772109031677, 0.051978811621665955, 0.2623315453529358, 0.05802445486187935, 0.9169256687164307, -0.3947966396808624, -0.26105964183807373, 0.395658403635025, 0.8805214166641235),
            ["LeftLowerLeg"] = CFrame.new(1.4901161193847656e-08, 0.08696550130844116, -0.027466177940368652, 1, -1.8626202802352054e-07, -4.283981525077252e-08, 1.4528633585086936e-07, 0.7179768681526184, 0.6960703730583191, -9.126962652317161e-08, -0.6960669159889221, 0.7179735898971558),
        }},
        {Time = 0.138, Data = {
            ["RightFoot"] = CFrame.new(-2.2978611013968475e-08, 0.01813662052154541, -0.00010274375381413847, 0.9921621680259705, 0.12142200022935867, 0.029517464339733124, -0.10754158347845078, 0.9500049352645874, -0.2931516468524933, -0.06363283842802048, 0.2876588702201843, 0.9556102156639099),
            ["LeftLowerArm"] = CFrame.new(-0.0004996061325073242, 0.11509710550308228, 0.06943032145500183, 1, -2.253798783158345e-07, -1.303845564848416e-08, 3.9115551686563776e-08, 0.2831226587295532, -0.9590837955474854, 1.6391278734317893e-07, 0.9590837359428406, 0.2831225097179413),
            ["RightUpperArm"] = CFrame.new(0.17366421222686768, -0.014681577682495117, -0.04283663630485535, 0.5369426608085632, 0.4630019962787628, 0.7052103281021118, 0.08644472807645798, 0.801338255405426, -0.5919327735900879, -0.8391780853271484, 0.3787958025932312, 0.39024871587753296),
            ["Head"] = CFrame.new(0, 2.384185791015625e-07, -1.1175870895385742e-08, 0.9574745893478394, 0.11002381145954132, -0.26671573519706726, -0.1292961835861206, 0.9900375604629517, -0.05575264245271683, 0.2579244375228882, 0.08786705881357193, 0.9621613025665283),
            ["RightHand"] = CFrame.new(-0.0004823952913284302, 0.026631951332092285, -3.5762786865234375e-07, 0.9860059022903442, 0.1439727544784546, -0.0840502679347992, -0.14308486878871918, 0.9895724654197693, 0.01652383804321289, 0.08555177599191666, -0.004265628755092621, 0.9963245391845703),
            ["UpperTorso"] = CFrame.new(-1.6001584501879051e-09, 0, -3.985389795957417e-10, 0.9822598695755005, -0.032322660088539124, 0.18471820652484894, 0.01581321842968464, 0.9958017468452454, 0.09016039967536926, -0.1868569254875183, -0.08563995361328125, 0.9786471724510193),
            ["HumanoidRootPart"] = CFrame.new(0, 0, 0, 1, 0, 0, 0, 1, 0, 0, 0, 1),
            ["RightUpperLeg"] = CFrame.new(0, -1.6593368457051838e-07, -8.417555363848805e-08, 0.9259931445121765, -0.2560601830482483, -0.277439147233963, 0.11889518052339554, 0.8952376842498779, -0.42941489815711975, 0.35833048820495605, 0.3646678924560547, 0.8594361543655396),
            ["LeftUpperArm"] = CFrame.new(0.030485332012176514, 0.028883695602416992, -0.05658717080950737, 0.7591557502746582, 0.6487947106361389, 0.05242254585027695, -0.6485229134559631, 0.7470260262489319, 0.14618578553199768, 0.05568341910839081, -0.14497482776641846, 0.9878672957420349),
            ["RightLowerArm"] = CFrame.new(-0.000001341104507446289, 0.11652076244354248, 0.12368419766426086, 1, 2.0489082430685812e-07, -6.891754367188696e-08, 3.81842291119483e-08, -0.28022095561027527, -0.959935188293457, -2.2351744632942427e-07, 0.9599354863166809, -0.280222088098526),
            ["LeftHand"] = CFrame.new(0.0004842318594455719, 0.023853778839111328, 5.364418029785156e-07, 0.9281591176986694, -0.32155105471611023, 0.18741987645626068, 0.33521342277526855, 0.9410399794578552, -0.0455603189766407, -0.16171777248382568, 0.10511274635791779, 0.9812228083610535),
            ["LeftFoot"] = CFrame.new(-2.5117287805187516e-08, 0.018599510192871094, -0.0000027709647838491946, 0.9953351020812988, 0.07119511812925339, 0.06511793285608292, -0.04278439283370972, 0.930618941783905, -0.36350342631340027, -0.08647358417510986, 0.35899823904037476, 0.9293143153190613),
            ["LowerTorso"] = CFrame.new(-0.11091413348913193, -0.23292112350463867, 0.0028246333822607994, 1, 1.187410170189196e-09, -6.358109061466166e-08, -7.383974542918281e-10, 0.9999750852584839, 0.007061582058668137, 6.358789050864289e-08, -0.007061582058668137, 0.9999750852584839),
            ["RightLowerLeg"] = CFrame.new(-4.470348358154297e-08, 0.08322185277938843, -0.025242863222956657, 1, 1.6367781086046307e-07, -3.352680266743846e-08, -1.2665987014770508e-07, 0.742064893245697, 0.6703303456306458, 5.587935447692871e-08, -0.6703280210494995, 0.7420628666877747),
            ["LeftUpperLeg"] = CFrame.new(2.9802322387695312e-08, -1.6707198824406078e-07, -0.00010002758062910289, 0.9665165543556213, 0.029192928224802017, 0.2549391984939575, 0.07293292880058289, 0.9212800860404968, -0.381979376077652, -0.246021568775177, 0.3878025710582733, 0.8883117437362671),
            ["LeftLowerLeg"] = CFrame.new(1.4901161193847656e-08, 0.08541363477706909, -0.026432454586029053, 1, -1.7136107999249361e-07, -4.470241066201197e-08, 1.601874686230076e-07, 0.7286997437477112, 0.684836208820343, -7.078050856534901e-08, -0.6848334074020386, 0.7286971211433411),
        }},
        {Time = 0.172, Data = {
            ["RightFoot"] = CFrame.new(1.3148246580385603e-07, 0.01601928472518921, -0.00010280404967488721, 0.9912553429603577, 0.131181001663208, 0.0143059603869915, -0.12280764430761337, 0.9567467570304871, -0.2637507915496826, -0.04828321188688278, 0.25966769456863403, 0.9644848108291626),
            ["LeftLowerArm"] = CFrame.new(-0.000500023365020752, 0.09814006090164185, 0.0407453328371048, 1, -2.384184938364342e-07, -1.7881303904232482e-07, 1.527369164477932e-07, 0.5808787941932678, -0.8139899969100952, 2.0861628513557662e-07, 0.8139901757240295, 0.5808790326118469),
            ["RightUpperArm"] = CFrame.new(0.10384321212768555, -0.010154247283935547, -0.05456973612308502, 0.5655787587165833, 0.3138885200023651, 0.76262366771698, 0.3719390332698822, 0.728261411190033, -0.5755836367607117, -0.7360585331916809, 0.6091874837875366, 0.2951418459415436),
            ["Head"] = CFrame.new(1.862645149230957e-08, 4.76837158203125e-07, -3.725290298461914e-09, 0.9334059357643127, 0.13121925294399261, -0.3339683413505554, -0.16619013249874115, 0.9829833507537842, -0.07826045155525208, 0.31801602244377136, 0.12855102121829987, 0.9393298029899597),
            ["RightHand"] = CFrame.new(-0.0004827752709388733, 0.026442766189575195, 7.450580596923828e-08, 0.9827716946601868, 0.15962117910385132, -0.09317304193973541, -0.16165754199028015, 0.9867376685142517, -0.014686080627143383, 0.08959219604730606, 0.029495589435100555, 0.9955416321754456),
            ["UpperTorso"] = CFrame.new(-1.6881177344885145e-08, 0, -1.6713563866233017e-10, 0.9669507741928101, -0.05345317721366882, 0.24929700791835785, 0.021283911541104317, 0.9912863969802856, 0.12999320030212402, -0.25407326221466064, -0.12039098888635635, 0.959662914276123),
            ["HumanoidRootPart"] = CFrame.new(0, 0, 0, 1, 0, 0, 0, 1, 0, 0, 0, 1),
            ["RightUpperLeg"] = CFrame.new(0, -6.46050111186014e-08, -8.23129084892571e-08, 0.9301916360855103, -0.2505418360233307, -0.26828092336654663, 0.12913274765014648, 0.9074807167053223, -0.3997356593608856, 0.3436107039451599, 0.33720552921295166, 0.8764911890029907),
            ["LeftUpperArm"] = CFrame.new(0.0024234652519226074, 0.07386612892150879, -0.2503769099712372, 0.5279437303543091, 0.8472186326980591, 0.059129588305950165, -0.7684940099716187, 0.5062016248703003, -0.39137762784957886, -0.36151421070098877, 0.16118480265140533, 0.9183285236358643),
            ["RightLowerArm"] = CFrame.new(-0.0000012516975402832031, 0.11765974760055542, 0.11928762495517731, 1, 1.490114698299294e-07, -5.960436766372368e-08, 8.940698137394065e-08, -0.2345293015241623, -0.9721088409423828, -3.2782557468635787e-07, 0.9721090793609619, -0.2345302253961563),
            ["LeftHand"] = CFrame.new(0.00048707425594329834, 0.019836008548736572, 1.7881393432617188e-07, 0.9979700446128845, 0.054668016731739044, -0.032667145133018494, -0.05094689875841141, 0.9931092262268066, 0.105540931224823, 0.03821195289492607, -0.10366059094667435, 0.9938783049583435),
            ["LeftFoot"] = CFrame.new(9.803670764085837e-09, 0.01661473512649536, -0.0000028043968995916657, 0.9937199950218201, 0.08160749822854996, 0.07656369358301163, -0.050729814916849136, 0.9384087324142456, -0.34180569648742676, -0.0997350886464119, 0.33575204014778137, 0.9366466403007507),
            ["LowerTorso"] = CFrame.new(-0.12919867038726807, -0.2081470489501953, 0.0023876463528722525, 1, 1.2829092232991002e-09, -6.35824406458596e-08, -9.033555015136585e-10, 0.9999821782112122, 0.005969114601612091, 6.358897053360124e-08, -0.005969114601612091, 0.9999821782112122),
            ["RightLowerLeg"] = CFrame.new(-7.450580596923828e-08, 0.07685983180999756, -0.021468115970492363, 1, 1.564602314374497e-07, 4.8427580168208806e-08, -1.3411046495548362e-07, 0.7811389565467834, 0.6243579983711243, 8.195639367158947e-08, -0.6243572235107422, 0.7811384797096252),
            ["LeftUpperLeg"] = CFrame.new(0, -6.584699008271855e-08, -0.00010002548515331, 0.9685277938842773, 0.007211115211248398, 0.24880172312259674, 0.08300837874412537, 0.9329981803894043, -0.3501569628715515, -0.23465651273727417, 0.3598088324069977, 0.9030437469482422),
            ["LeftLowerLeg"] = CFrame.new(7.450580596923828e-09, 0.07946979999542236, -0.022746920585632324, 1, -1.5646017459403083e-07, -2.9801597634104837e-08, 1.448206461418522e-07, 0.7668795585632324, 0.6417924761772156, -8.754431490842762e-08, -0.641791045665741, 0.7668783664703369),
        }},
        {Time = 0.207, Data = {
            ["RightFoot"] = CFrame.new(2.378715180384461e-08, 0.013672888278961182, -0.00010280376591254026, 0.990935742855072, 0.13433687388896942, -0.00035465252585709095, -0.13102583587169647, 0.9659223556518555, -0.2232355922460556, -0.029644455760717392, 0.22124123573303223, 0.9747644662857056),
            ["LeftLowerArm"] = CFrame.new(-0.000500023365020752, 0.0631147027015686, 0.015527531504631042, 1, -2.1513544368190196e-07, -1.7508767768958933e-07, -2.2817406630792902e-08, 0.8418363332748413, -0.539732813835144, 2.3515897851211776e-07, 0.5397328734397888, 0.8418364524841309),
            ["RightUpperArm"] = CFrame.new(0.058730244636535645, 0.000032901763916015625, -0.09284412860870361, 0.46149200201034546, 0.08720716089010239, 0.882847785949707, 0.7186390161514282, 0.546760618686676, -0.4296635687351227, -0.5201759934425354, 0.8327350616455078, 0.18965540826320648),
            ["Head"] = CFrame.new(1.4901161193847656e-08, 0, -5.21540641784668e-08, 0.9217668771743774, 0.13261695206165314, -0.3643604815006256, -0.18822549283504486, 0.974587082862854, -0.12145459651947021, 0.3389940559864044, 0.1805347502231598, 0.92330402135849),
            ["RightHand"] = CFrame.new(-0.0004827454686164856, 0.02618926763534546, -7.450580596923828e-08, 0.9898688197135925, 0.12263195216655731, -0.0715634748339653, -0.12921373546123505, 0.9869557023048401, -0.09603295475244522, 0.05885264649987221, 0.10430683195590973, 0.9928023219108582),
            ["UpperTorso"] = CFrame.new(-1.7163142018716826e-08, 1.1920928955078125e-07, 4.077271853475395e-10, 0.9527472257614136, -0.0720440149307251, 0.295097291469574, 0.02248322404921055, 0.9855281710624695, 0.16801437735557556, -0.3029311001300812, -0.15344049036502838, 0.9405789375305176),
            ["HumanoidRootPart"] = CFrame.new(0, 0, 0, 1, 0, 0, 0, 1, 0, 0, 0, 1),
            ["RightUpperLeg"] = CFrame.new(0, 9.386273802647338e-08, -7.452035788446665e-08, 0.9347609877586365, -0.23559585213661194, -0.265929251909256, 0.13261720538139343, 0.9257828593254089, -0.35401448607444763, 0.3295975923538208, 0.2956699728965759, 0.8966356515884399),
            ["LeftUpperArm"] = CFrame.new(-0.10303044319152832, 0.052100419998168945, -0.19584479928016663, 0.0992131307721138, 0.9602552056312561, -0.2608959972858429, -0.9598762392997742, 0.023246364668011665, -0.2794586420059204, -0.2622867822647095, 0.27815383672714233, 0.9240326285362244),
            ["RightLowerArm"] = CFrame.new(-0.0000018775463104248047, 0.11885088682174683, 0.11331671476364136, 1, 1.9371493920061766e-07, 0, -9.685753354915505e-08, -0.1725069284439087, -0.985008180141449, -2.3469326038139116e-07, 0.9850083589553833, -0.17250782251358032),
            ["LeftHand"] = CFrame.new(0.0004936642944812775, 0.010297179222106934, -2.086162567138672e-07, 0.99647057056427, -0.07284443825483322, 0.04171533137559891, 0.06487692892551422, 0.9836586713790894, 0.16795086860656738, -0.05326715111732483, -0.16464941203594208, 0.9849124550819397),
            ["LeftFoot"] = CFrame.new(1.9372237147763371e-10, 0.013985276222229004, -0.00000277741582976887, 0.9928936958312988, 0.0853978618979454, 0.08289028704166412, -0.0561845563352108, 0.9503476023674011, -0.3060972988605499, -0.10490739345550537, 0.2992435693740845, 0.9483848214149475),
            ["LowerTorso"] = CFrame.new(-0.13823777437210083, -0.17304682731628418, 0.0020899525843560696, 1, 1.3479659610737826e-09, -6.358342119483495e-08, -1.0157317209547045e-09, 0.9999863505363464, 0.005224880296736956, 6.358959581120871e-08, -0.005224880296736956, 0.9999863505363464),
            ["RightLowerLeg"] = CFrame.new(-6.705522537231445e-08, 0.06771790981292725, -0.01637260429561138, 1, 1.3783419205992686e-07, 1.8625970099606093e-08, -1.1920930376163597e-07, 0.8334658145904541, 0.5525684356689453, 7.450581307466564e-08, -0.5525710582733154, 0.8334675431251526),
            ["LeftUpperLeg"] = CFrame.new(0, 9.255023769583204e-08, -0.00010001769260270521, 0.9697024822235107, -0.009742026217281818, 0.24409495294094086, 0.08659134805202484, 0.9480329751968384, -0.3061431348323822, -0.22842760384082794, 0.3180229663848877, 0.9201597571372986),
            ["LeftLowerLeg"] = CFrame.new(7.078051567077637e-08, 0.07055741548538208, -0.01775549352169037, 1, -1.5646034512428741e-07, -4.842753753564466e-08, 1.3131646880992776e-07, 0.8183170557022095, 0.5747654438018799, -6.146728281919422e-08, -0.5747671127319336, 0.818318247795105),
        }},
        {Time = 0.241, Data = {
            ["RightFoot"] = CFrame.new(-5.604510988632683e-08, 0.011998891830444336, -0.00010285184544045478, 0.991484522819519, 0.12973172962665558, -0.011311820708215237, -0.12958383560180664, 0.9742761850357056, -0.18438959121704102, -0.012899783439934254, 0.18427066504955292, 0.9827882051467896),
            ["LeftLowerArm"] = CFrame.new(-0.0004999637603759766, 0.037694454193115234, 0.005063563585281372, 1, -8.195638656616211e-08, -2.1606562938814022e-07, 3.539026138810186e-08, 0.9484038949012756, -0.31706488132476807, 2.7590434115154494e-07, 0.31706470251083374, 0.9484038949012756),
            ["RightUpperArm"] = CFrame.new(0.09885931015014648, 0.04410398006439209, -0.12937986850738525, 0.1888331174850464, -0.11008430272340775, 0.9758195281028748, 0.9426599144935608, 0.2987944483757019, -0.14870838820934296, -0.2751988172531128, 0.9479469656944275, 0.16019465029239655),
            ["Head"] = CFrame.new(7.450580596923828e-09, 1.1920928955078125e-07, 2.2351741790771484e-08, 0.9639601111412048, 0.0656968504190445, -0.25780782103538513, -0.12557384371757507, 0.9666507840156555, -0.2231983244419098, 0.2345467209815979, 0.24752818048000336, 0.9400625824928284),
            ["RightHand"] = CFrame.new(-0.000482653034850955, 0.025911271572113037, -1.4901161193847656e-07, 0.9999322295188904, 0.01010564062744379, -0.00579044409096241, -0.010870429687201977, 0.988259494304657, -0.1523987501859665, 0.00418245792388916, 0.1524507850408554, 0.9883021116256714),
            ["UpperTorso"] = CFrame.new(-1.74294889632165e-08, 0, 1.347828515463334e-10, 0.9466298222541809, -0.08171148598194122, 0.31179359555244446, 0.020241782069206238, 0.980494499206543, 0.19550174474716187, -0.32168665528297424, -0.17875652015209198, 0.9298192262649536),
            ["HumanoidRootPart"] = CFrame.new(0, 0, 0, 1, 0, 0, 0, 1, 0, 0, 0, 1),
            ["RightUpperLeg"] = CFrame.new(0, -1.689245010538798e-07, -7.223570719361305e-08, 0.938919186592102, -0.2147662490606308, -0.26890134811401367, 0.12828318774700165, 0.9434736371040344, -0.3055990934371948, 0.3193342089653015, 0.2524541914463043, 0.9134009480476379),
            ["LeftUpperArm"] = CFrame.new(-0.12733757495880127, 0.06929588317871094, -0.11408361792564392, -0.15621931850910187, 0.923374354839325, -0.3506779968738556, -0.9827669858932495, -0.1808290034532547, -0.0383419506251812, -0.09881672263145447, 0.3386451303958893, 0.9357109665870667),
            ["RightLowerArm"] = CFrame.new(-6.556510925292969e-07, 0.11971157789230347, 0.10668961703777313, 1, 2.8684704034276365e-07, -9.965107494736003e-08, -2.537854371098547e-08, -0.10370446741580963, -0.9946081042289734, -2.3841860752327193e-07, 0.9946081638336182, -0.10370519757270813),
            ["LeftHand"] = CFrame.new(0.0004958249628543854, 0.0065667033195495605, -2.9802322387695312e-08, 0.9972150921821594, -0.06477390229701996, 0.03696509823203087, 0.06571764498949051, 0.9975272417068481, -0.0249151811003685, -0.0352594368159771, 0.027275487780570984, 0.999005913734436),
            ["LeftFoot"] = CFrame.new(5.147308002051432e-08, 0.012330830097198486, -0.000002885167305066716, 0.993267297744751, 0.08104701340198517, 0.08278217911720276, -0.056366097182035446, 0.9623618721961975, -0.2658802270889282, -0.10120835155248642, 0.25940513610839844, 0.9604451656341553),
            ["LowerTorso"] = CFrame.new(-0.1339430958032608, -0.14011597633361816, 0.0018169478280469775, 1, 1.407626348814972e-09, -6.358435911124616e-08, -1.1187881732155347e-09, 0.9999896883964539, 0.0045423684641718864, 6.359009319112374e-08, -0.0045423684641718864, 0.9999896883964539),
            ["RightLowerLeg"] = CFrame.new(-5.960464477539063e-08, 0.05864977836608887, -0.011850891634821892, 1, 1.005818788257784e-07, -2.607631799378396e-08, -1.1920928955078125e-07, 0.8795629739761353, 0.4757764935493469, 3.725290298461914e-08, -0.47578251361846924, 0.8795662522315979),
            ["LeftUpperLeg"] = CFrame.new(0, -1.703048440049315e-07, -0.00010001470218412578, 0.9700241684913635, -0.016917336732149124, 0.2424190193414688, 0.08208576589822769, 0.9617481231689453, -0.26132914423942566, -0.22872498631477356, 0.27341246604919434, 0.9343127012252808),
            ["LeftLowerLeg"] = CFrame.new(1.4901161193847656e-08, 0.061768293380737305, -0.013109385967254639, 1, -1.154827984350959e-07, -5.587785523175626e-08, 1.1548401346317405e-07, 0.8657271265983582, 0.5005113482475281, -2.7939680791178034e-08, -0.5005162358283997, 0.8657299876213074),
        }},
        {Time = 0.276, Data = {
            ["RightFoot"] = CFrame.new(4.488151716941502e-08, 0.010405361652374268, -0.00010287585610058159, 0.9931039214134216, 0.11442717909812927, -0.025513332337141037, -0.11698505282402039, 0.9814891219139099, -0.15164834260940552, 0.007687360048294067, 0.15357612073421478, 0.9881052374839783),
            ["LeftLowerArm"] = CFrame.new(-0.000500023365020752, 0.06227850914001465, 0.015071529895067215, 1, -1.0803344707710494e-07, -5.215377996137249e-08, 2.0489096641540527e-08, 0.8464911580085754, -0.532402515411377, 2.4028122425079346e-07, 0.5324028730392456, 0.8464913368225098),
            ["RightUpperArm"] = CFrame.new(0.20114898681640625, 0.08895719051361084, -0.09479711949825287, -0.09936430305242538, -0.22556784749031067, 0.9691469073295593, 0.9778503179550171, 0.15817712247371674, 0.1370726078748703, -0.18421585857868195, 0.961300790309906, 0.20485474169254303),
            ["Head"] = CFrame.new(-3.725290298461914e-09, 0, 2.2351741790771484e-08, 0.9984434247016907, -0.05444011464715004, 0.012124655768275261, 0.05530590936541557, 0.9382831454277039, -0.34141790866851807, 0.007210437208414078, 0.34155702590942383, 0.9398334622383118),
            ["RightHand"] = CFrame.new(-0.00048274174332618713, 0.025545120239257812, 1.862645149230957e-08, 0.9882054328918457, -0.13212479650974274, 0.07741685211658478, 0.14028885960578918, 0.9837819337844849, -0.11176843196153641, -0.06139301881194115, 0.12131073325872421, 0.9907141923904419),
            ["UpperTorso"] = CFrame.new(-1.0326644428459986e-08, -1.1920928955078125e-07, -4.5807757587112974e-10, 0.9637352228164673, -0.06284080445766449, 0.25935599207878113, 0.007595517672598362, 0.9779444336891174, 0.20872758328914642, -0.26675230264663696, -0.19918815791606903, 0.9429567456245422),
            ["HumanoidRootPart"] = CFrame.new(0, 0, 0, 1, 0, 0, 0, 1, 0, 0, 0, 1),
            ["RightUpperLeg"] = CFrame.new(0, -1.5291320210053527e-07, -6.78264768794179e-08, 0.9451647400856018, -0.18357229232788086, -0.270122230052948, 0.11331522464752197, 0.9600289463996887, -0.2559223473072052, 0.306305855512619, 0.211295485496521, 0.9281905889511108),
            ["LeftUpperArm"] = CFrame.new(-0.10291779041290283, 0.036519527435302734, -0.12782874703407288, -0.259243905544281, 0.9258059859275818, -0.27509215474128723, -0.965321958065033, -0.25745123624801636, 0.043272364884614944, -0.030761078000068665, 0.2767708897590637, 0.9604434967041016),
            ["RightLowerArm"] = CFrame.new(-0.0000010132789611816406, 0.12006300687789917, 0.09873631596565247, 1, 2.719459075706254e-07, -6.98488733519298e-08, 2.0023437130589627e-08, -0.021086115390062332, -0.9997776746749878, -1.8626454334480513e-07, 0.9997777342796326, -0.0210868027061224),
            ["LeftHand"] = CFrame.new(0.0004932284355163574, 0.0101701021194458, 1.1920928955078125e-07, 0.9924383759498596, 0.10563680529594421, -0.0625065416097641, -0.11399222165346146, 0.982062041759491, -0.1502010077238083, 0.04551798477768898, 0.1561894565820694, 0.9866775870323181),
            ["LeftFoot"] = CFrame.new(-1.7429556464776397e-08, 0.011090755462646484, -0.0000028280046535655856, 0.9953415989875793, 0.06384357064962387, 0.07225032150745392, -0.04441919922828674, 0.9687386155128479, -0.24409162998199463, -0.08556957542896271, 0.23972831666469574, 0.9670570492744446),
            ["LowerTorso"] = CFrame.new(-0.10996977239847183, -0.10974812507629395, 0.001454028650186956, 1, 1.4869345754675578e-09, -6.358567361530731e-08, -1.2557863637852051e-09, 0.9999933838844299, 0.003635070752352476, 6.359066162531235e-08, -0.003635070752352476, 0.9999933838844299),
            ["RightLowerLeg"] = CFrame.new(-2.60770320892334e-08, 0.04978501796722412, -0.008246464654803276, 1, 7.077996855286983e-08, 2.048849623292881e-08, -9.685753354915505e-08, 0.9162133932113647, 0.4006812572479248, 9.313224857976365e-09, -0.4006907343864441, 0.916217565536499),
