return {
    ["Toosie Slide"] = {
        {Time = 0.000, Data = {
            ["LeftFoot"] = CFrame.new(-1.1641532182693481e-08, -1.7881393432617188e-07, -2.1420419216156006e-08, 0.9989174604415894, 0.041712839156389236, -0.02059021033346653, -0.0401286780834198, 0.9965875148773193, 0.0721321702003479, 0.02352844551205635, -0.07122758775949478, 0.9971826076507568),
            ["LeftLowerArm"] = CFrame.new(-4.470348358154297e-07, -1.1920928955078125e-07, -3.2782554626464844e-07, 1, -8.568166975919667e-08, 1.4901159772762185e-07, 1.4156103134155273e-07, 0.08746016770601273, -0.9961680173873901, 9.499490261077881e-08, 0.9961680769920349, 0.08746017515659332),
            ["LowerTorso"] = CFrame.new(0.20647653937339783, 0.007044076919555664, 0.04384073615074158, 0.9996220469474792, 0.027470555156469345, 0.001083238166756928, -0.02746068872511387, 0.9958345293998718, 0.08694569021463394, 0.0013097203336656094, -0.08694257587194443, 0.9962125420570374),
            ["Head"] = CFrame.new(4.3941767557953426e-08, -3.5762786865234375e-07, -1.9836079445667565e-09, 0.9999440908432007, -0.010463870130479336, -0.0015492275124415755, 0.010577909648418427, 0.9894881844520569, 0.14422635734081268, 0.000023776419766363688, -0.14423467218875885, 0.989543616771698),
            ["RightUpperArm"] = CFrame.new(3.5762786865234375e-07, 0, -1.6592821339145303e-08, 0.6562455892562866, -0.3193451464176178, 0.6836377382278442, 0.40573909878730774, 0.913235068321228, 0.03711425140500069, -0.636174201965332, 0.2530224621295929, 0.7288771867752075),
            ["UpperTorso"] = CFrame.new(1.700846041785553e-08, -2.086162567138672e-07, -1.5628756955266e-08, 0.9999083280563354, -0.013478339649736881, 0.0013163683470338583, 0.013541949912905693, 0.9959859848022461, -0.08847936242818832, -0.00011852959141833708, 0.0884890928864479, 0.9960772395133972),
            ["HumanoidRootPart"] = CFrame.new(0, 0, 0, 1, 0, 0, 0, 1, 0, 0, 0, 1),
            ["RightHand"] = CFrame.new(1.7881393432617188e-07, 2.384185791015625e-07, 5.960464477539063e-08, 0.9612354040145874, -0.14622701704502106, 0.2337612509727478, 0.16943848133087158, 0.9820899367332458, -0.08240103721618652, -0.21752531826496124, 0.11881491541862488, 0.9687961339950562),
            ["LeftUpperArm"] = CFrame.new(-1.1920928955078125e-07, 2.384185791015625e-07, -2.10275175049901e-09, 0.8325315713882446, 0.5533493757247925, -0.02637619525194168, -0.5370851159095764, 0.8178978562355042, 0.20635561645030975, 0.13575977087020874, -0.1576312929391861, 0.9781215786933899),
            ["RightLowerArm"] = CFrame.new(-2.682209014892578e-07, 4.172325134277344e-07, 8.195638656616211e-08, 1, -1.341104365337742e-07, 1.4901161193847656e-08, 5.960463056453591e-08, 0.5748876929283142, -0.8182324171066284, 2.4214381610931923e-08, 0.8182324171066284, 0.5748876929283142),
            ["LeftHand"] = CFrame.new(4.76837158203125e-07, 5.960464477539063e-08, -7.003545761108398e-07, 0.9707028865814209, 0.14646822214126587, -0.19048115611076355, -0.1891152709722519, 0.9547322392463684, -0.22961243987083435, 0.14822758734226227, 0.25890839099884033, 0.9544606804847717),
            ["RightUpperLeg"] = CFrame.new(5.960464477539063e-08, 7.760245352983475e-07, 6.518530426546931e-08, 0.9905083775520325, -0.1282496452331543, 0.04944923147559166, 0.11007528752088547, 0.5246574878692627, -0.8441673517227173, 0.0823201835155487, 0.8415975570678711, 0.5337943434715271),
            ["LeftUpperLeg"] = CFrame.new(8.940696716308594e-08, -5.9138983488082886e-08, -2.8463546186685562e-08, 0.9655843377113342, -0.003129092277958989, 0.2600715458393097, 0.10493779927492142, 0.9196151494979858, -0.3785448968410492, -0.23798085749149323, 0.3928082287311554, 0.8882942795753479),
            ["RightLowerLeg"] = CFrame.new(7.82310962677002e-08, -0.000003814697265625, -0.000013208184100221843, 1, -1.6205014219394798e-07, -1.378357126213814e-07, 1.4901159772762185e-07, 0.21756264567375183, 0.9760463833808899, -1.1362133989223366e-07, -0.9760463833808899, 0.21756286919116974),
            ["RightFoot"] = CFrame.new(2.2351741790771484e-08, 2.980232238769531e-07, -4.487083060666919e-08, 0.9953056573867798, 0.09386042505502701, -0.023599160835146904, -0.08403640985488892, 0.9590964913368225, 0.27031826972961426, 0.048006098717451096, -0.26706621050834656, 0.9624817967414856),
            ["LeftLowerLeg"] = CFrame.new(-4.0978193283081055e-08, 0.000003635883331298828, 0.000013217329978942871, 1, 2.607702853651972e-08, 1.955776873785453e-08, -7.636845111846924e-08, 0.8519731163978577, 0.5235853791236877, 4.6566128730773926e-08, -0.5235854983329773, 0.8519732356071472),
        }},
        {Time = 0.033, Data = {
            ["LeftFoot"] = CFrame.new(-7.450580596923828e-09, 0, -1.4901161193847656e-08, 0.9977160096168518, 0.0517699308693409, -0.04338978976011276, -0.05045432224869728, 0.9982487559318542, 0.0308852382004261, 0.0449126698076725, -0.02862495556473732, 0.9985807538032532),
            ["LeftLowerArm"] = CFrame.new(1.4901161193847656e-07, -5.364418029785156e-07, -1.6391277313232422e-07, 1, -9.313223614526578e-08, 1.1408701539039612e-07, 8.381903882082042e-08, -0.05106399580836296, -0.9986953735351562, 9.313227167240257e-08, 0.9986953735351562, -0.05106404796242714),
            ["LowerTorso"] = CFrame.new(0.2101907730102539, -0.0075817108154296875, 0.029254473745822906, 0.9998130798339844, 0.01751948893070221, -0.008178357034921646, -0.016970470547676086, 0.9978718161582947, 0.06295955181121826, 0.009263969957828522, -0.06280898302793503, 0.9979826807975769),
            ["Head"] = CFrame.new(4.540197551250458e-08, 2.384185791015625e-07, 3.026798367500305e-09, 0.9998365640640259, -0.003622443415224552, 0.017715713009238243, 0.001642249058932066, 0.9938706159591675, 0.11053798347711563, -0.018007542937994003, -0.11049080640077591, 0.9937140345573425),
            ["RightUpperArm"] = CFrame.new(0, 0, -7.450580596923828e-09, 0.7124288082122803, -0.36506637930870056, 0.5993095636367798, 0.4180464446544647, 0.9067360162734985, 0.055381231009960175, -0.5636332631111145, 0.21108396351337433, 0.7985994219779968),
            ["UpperTorso"] = CFrame.new(1.3311364455148578e-08, -1.1920928955078125e-07, -1.7462298274040222e-09, 0.9997755885124207, -0.019449733197689056, -0.008405664004385471, 0.018749497830867767, 0.9968856573104858, -0.07660005986690521, 0.009869332425296307, 0.07642526924610138, 0.9970265626907349),
            ["HumanoidRootPart"] = CFrame.new(0, 0, 0, 1, 0, 0, 0, 1, 0, 0, 0, 1),
            ["RightHand"] = CFrame.new(3.5762786865234375e-07, 2.980232238769531e-07, -2.086162567138672e-07, 0.9305387139320374, -0.18850062787532806, 0.31395116448402405, 0.21566413342952728, 0.9749829769134521, -0.05382651463150978, -0.295950710773468, 0.11779560148715973, 0.9479122161865234),
            ["LeftUpperArm"] = CFrame.new(-1.1920928955078125e-07, 2.384185791015625e-07, 4.190951585769653e-09, 0.795190155506134, 0.5947806239128113, 0.11793553829193115, -0.6052343845367432, 0.7667086124420166, 0.21412459015846252, 0.036934994161129, -0.241648331284523, 0.969660758972168),
            ["RightLowerArm"] = CFrame.new(-4.76837158203125e-07, 0, 2.2351741790771484e-07, 1, -8.940695295223122e-08, 5.21540641784668e-08, 7.450579175838357e-08, 0.43945783376693726, -0.8982632756233215, 5.401669511684304e-08, 0.8982632160186768, 0.43945783376693726),
            ["LeftHand"] = CFrame.new(1.4901161193847656e-07, -1.7881393432617188e-07, -1.043081283569336e-07, 0.9844945073127747, 0.11091969162225723, -0.13589496910572052, -0.13474240899085999, 0.9742137789726257, -0.18097564578056335, 0.11231696605682373, 0.1964803785085678, 0.9740536212921143),
            ["RightUpperLeg"] = CFrame.new(-8.940696716308594e-08, 2.868473529815674e-07, 8.072674972936511e-08, 0.9924360513687134, -0.12164201587438583, 0.016550522297620773, 0.0855589434504509, 0.5886784195899963, -0.8038267493247986, 0.08803614974021912, 0.7991626858711243, 0.5946331024169922),
            ["LeftUpperLeg"] = CFrame.new(1.1920928955078125e-07, -1.100124791264534e-07, 1.1408701539039612e-08, 0.96941077709198, 0.009394867345690727, 0.2452642172574997, 0.09016315639019012, 0.9157714247703552, -0.3914504647254944, -0.2282835990190506, 0.40158990025520325, 0.8869115710258484),
            ["RightLowerLeg"] = CFrame.new(2.2351741790771484e-08, -0.0000034570693969726562, -0.000013195960491430014, 1, -1.378357126213814e-07, -8.195641498787154e-08, 1.4156104555240745e-07, 0.36138835549354553, 0.932415246963501, -9.35979329597103e-08, -0.9324154257774353, 0.36138880252838135),
            ["RightFoot"] = CFrame.new(-3.725290298461914e-08, 2.384185791015625e-07, 4.639878170564771e-08, 0.9968257546424866, 0.07715969532728195, -0.019617006182670593, -0.07378987222909927, 0.98792564868927, 0.13622838258743286, 0.029891526326537132, -0.13434836268424988, 0.990483283996582),
            ["LeftLowerLeg"] = CFrame.new(2.2351741790771484e-08, 0.000003635883331298828, 0.000013239681720733643, 1, 4.097817196679898e-08, 2.9802318834981634e-08, -4.470348358154297e-08, 0.8212543725967407, 0.570561945438385, 5.587935447692871e-09, -0.5705621838569641, 0.8212546110153198),
        }},
        {Time = 0.067, Data = {
            ["LeftFoot"] = CFrame.new(-9.313225746154785e-09, 0, -5.587935447692871e-09, 0.9963847994804382, 0.05503632500767708, -0.06471822410821915, -0.05946993827819824, 0.9958630204200745, -0.06870432198047638, 0.060669124126434326, 0.07230467349290848, 0.9955357313156128),
            ["LeftLowerArm"] = CFrame.new(1.1920928955078125e-07, -2.384185791015625e-07, -2.682209014892578e-07, 1, -6.70552182668871e-08, 1.5087427129856223e-07, 5.21540641784668e-08, -0.1727064698934555, -0.9849733710289001, 9.685754776000977e-08, 0.9849734306335449, -0.1727064847946167),
            ["LowerTorso"] = CFrame.new(0.21582064032554626, -0.040998220443725586, -0.0008241296745836735, 0.9996834993362427, 0.009981919080018997, -0.02309276908636093, -0.009792791679501534, 0.9999176859855652, 0.008288567885756493, 0.023173600435256958, -0.00805980060249567, 0.999699056148529),
            ["Head"] = CFrame.new(2.130400389432907e-08, 5.960464477539062e-07, -1.862645149230957e-09, 0.999457597732544, 0.0034460918977856636, 0.0327540785074234, -0.0059720976278185844, 0.9969871044158936, 0.07733836770057678, -0.03238888084888458, -0.07749201357364655, 0.9964668154716492),
            ["RightUpperArm"] = CFrame.new(1.1920928955078125e-07, 4.76837158203125e-07, -2.2351741790771484e-08, 0.7972415089607239, -0.4154987037181854, 0.43791186809539795, 0.4216177761554718, 0.9024286270141602, 0.0886632651090622, -0.4320237338542938, 0.1139453873038292, 0.8946351408958435),
            ["UpperTorso"] = CFrame.new(2.5393092073500156e-09, 2.086162567138672e-07, 8.381903171539307e-09, 0.9996351003646851, -0.025553543120622635, -0.00876515544950962, 0.02526894211769104, 0.9991945624351501, -0.031173886731266975, 0.009554688818752766, 0.030941026285290718, 0.9994755387306213),
            ["HumanoidRootPart"] = CFrame.new(0, 0, 0, 1, 0, 0, 0, 1, 0, 0, 0, 1),
            ["RightHand"] = CFrame.new(2.980232238769531e-07, 2.384185791015625e-07, 2.0116567611694336e-07, 0.8667848110198975, -0.1858249306678772, 0.4627670645713806, 0.24365542829036713, 0.9674833416938782, -0.0678836777806282, -0.43510493636131287, 0.1715962439775467, 0.8838769793510437),
            ["LeftUpperArm"] = CFrame.new(-1.1920928955078125e-07, 8.344650268554688e-07, -1.0244548320770264e-08, 0.7280035614967346, 0.6361901164054871, 0.255485862493515, -0.6806491613388062, 0.7152970433235168, 0.1583259552717209, -0.08202286809682846, -0.28915807604789734, 0.9537609219551086),
            ["RightLowerArm"] = CFrame.new(5.960464477539063e-08, 7.748603820800781e-07, -1.341104507446289e-07, 1, -5.960463056453591e-08, 6.705523247774181e-08, 5.215405707303944e-08, 0.2763397693634033, -0.9610599875450134, 7.450579886381092e-08, 0.9610600471496582, 0.2763397693634033),
            ["LeftHand"] = CFrame.new(2.1979212760925293e-07, 5.960464477539063e-08, -1.7508864402770996e-07, 0.9928638339042664, 0.10299964994192123, -0.06010551378130913, -0.110896535217762, 0.9827954173088074, -0.14769971370697021, 0.043858423829078674, 0.15331119298934937, 0.9872041940689087),
            ["RightUpperLeg"] = CFrame.new(-5.960464477539063e-08, 4.5812339521944523e-07, 6.442860467359424e-08, 0.9937137365341187, -0.10938751697540283, -0.023824162781238556, 0.0668700560927391, 0.7506332993507385, -0.657326877117157, 0.08978644758462906, 0.6516010761260986, 0.7532289624214172),
            ["LeftUpperLeg"] = CFrame.new(1.1920928955078125e-07, 4.5030901674181223e-07, -3.259629011154175e-09, 0.9766621589660645, 0.01691453717648983, 0.21411475539207458, 0.06669183820486069, 0.9237352609634399, -0.3771809935569763, -0.20416514575481415, 0.3826579451560974, 0.9010490775108337),
            ["RightLowerLeg"] = CFrame.new(1.341104507446289e-07, -0.0000037550926208496094, -0.000013386998034548014, 1, -1.0896477675714777e-07, -5.541370029504833e-08, 1.0803341865539551e-07, 0.6811155080795288, 0.7321756482124329, -4.842877388000488e-08, -0.7321760058403015, 0.6811158657073975),
            ["RightFoot"] = CFrame.new(1.1175870895385742e-07, 2.384185791015625e-07, 6.502523319795728e-08, 0.9915419816970825, 0.12572431564331055, -0.03221789374947548, -0.12778574228286743, 0.9891193509101868, -0.07289587706327438, 0.022702662274241447, 0.07639658451080322, 0.9968191385269165),
            ["LeftLowerLeg"] = CFrame.new(-7.450580596923828e-09, 0.0000036954879760742188, 0.000013168901205062866, 1, 4.0978193283081055e-08, 5.215405707303944e-08, -5.4016702222270396e-08, 0.7707239389419556, 0.6371692419052124, 1.862644971595273e-08, -0.6371691823005676, 0.7707238793373108),
        }},
        {Time = 0.100, Data = {
            ["LeftFoot"] = CFrame.new(1.6574631445109844e-08, 0, 5.995389074087143e-09, 0.9983968138694763, -0.009016129188239574, -0.05588045343756676, -0.007504848763346672, 0.9574307799339294, -0.28856557607650757, 0.05610327050089836, 0.2885221838951111, 0.955828070640564),
            ["LeftLowerArm"] = CFrame.new(0.0000010132789611816406, 3.5762786865234375e-07, -3.259629011154175e-07, 1, -9.685753354915505e-08, 1.3213139027357101e-07, 2.980232949312267e-08, -0.24703335762023926, -0.9690069556236267, 1.0430815677864302e-07, 0.9690070152282715, -0.24703334271907806),
            ["LowerTorso"] = CFrame.new(0.21911148726940155, -0.09668278694152832, -0.035461608320474625, 0.9993614554405212, 0.004284942522644997, -0.035472411662340164, -0.007216952741146088, 0.9965279698371887, -0.0829455628991127, 0.03499383479356766, 0.08314859867095947, 0.9959226250648499),
            ["Head"] = CFrame.new(3.247987478971481e-08, -2.384185791015625e-07, -3.259629011154175e-09, 0.9990545511245728, 0.009129827842116356, 0.04250606149435043, -0.011024056933820248, 0.9989466071128845, 0.04454459622502327, -0.042054589837789536, -0.044971052557229996, 0.9981027841567993),
            ["RightUpperArm"] = CFrame.new(-2.384185791015625e-07, -7.152557373046875e-07, -7.450580596923828e-09, 0.8621411323547363, -0.45025405287742615, 0.23234467208385468, 0.4347730875015259, 0.8929005265235901, 0.11705135554075241, -0.26016348600387573, 0.00010242268035653979, 0.9655646085739136),
            ["UpperTorso"] = CFrame.new(3.109744284301996e-08, 5.960464477539063e-08, -4.1443854570388794e-08, 0.9994804263114929, -0.03156892582774162, -0.0065131098963320255, 0.03188157081604004, 0.9979574084281921, 0.05535845458507538, 0.00475218566134572, -0.05553734675049782, 0.9984453916549683),
            ["HumanoidRootPart"] = CFrame.new(0, 0, 0, 1, 0, 0, 0, 1, 0, 0, 0, 1),
            ["RightHand"] = CFrame.new(5.21540641784668e-07, 3.5762786865234375e-07, -8.195638656616211e-08, 0.8216992020606995, -0.1534443199634552, 0.5488762855529785, 0.2662333846092224, 0.9548801183700562, -0.13161952793598175, -0.5039148926734924, 0.25428083539009094, 0.825476348400116),
            ["LeftUpperArm"] = CFrame.new(0, 0, 4.6566128730773926e-09, 0.6602656245231628, 0.672736644744873, 0.3338785469532013, -0.7307689785957336, 0.6780454516410828, 0.0789375901222229, -0.17328062653541565, -0.29610782861709595, 0.9393051862716675),
            ["RightLowerArm"] = CFrame.new(5.960464477539062e-07, -2.384185791015625e-07, 0, 1, -8.195637946073475e-08, 9.126964783945368e-08, 9.12696123123169e-08, 0.11766418814659119, -0.9930534958839417, 7.450580596923828e-08, 0.9930534958839417, 0.11766420304775238),
            ["LeftHand"] = CFrame.new(1.1920928955078125e-07, 1.7881393432617188e-07, 3.026798367500305e-08, 0.977770209312439, 0.20655876398086548, -0.0360429510474205, -0.20963755249977112, 0.9595717191696167, -0.18781457841396332, -0.004209014121443033, 0.19119547307491302, 0.9815429449081421),
            ["RightUpperLeg"] = CFrame.new(2.980232238769531e-07, 6.116461008787155e-07, 1.3205863069742918e-08, 0.9943730235099792, -0.0838145837187767, -0.06478875130414963, 0.037737227976322174, 0.8517162799835205, -0.5226432085037231, 0.0989866629242897, 0.5172567367553711, 0.8500862717628479),
            ["LeftUpperLeg"] = CFrame.new(1.1920928955078125e-07, 1.6973353922367096e-07, -9.313225746154785e-09, 0.984082043170929, 0.02481858618557453, 0.17597337067127228, 0.027328213676810265, 0.9572892785072327, -0.2878377437591553, -0.1756010353565216, 0.28806474804878235, 0.9413728713989258),
            ["RightLowerLeg"] = CFrame.new(3.725290298461914e-09, -0.0000036954879760742188, -0.000013185832358431071, 1, -7.264315371457997e-08, -3.119929914419117e-08, 6.51925802230835e-08, 0.8774844408035278, 0.4796047806739807, -2.0489096641540527e-08, -0.47960519790649414, 0.8774846196174622),
            ["RightFoot"] = CFrame.new(2.1886080503463745e-08, 4.76837158203125e-07, 1.0227813618257642e-07, 0.9947059750556946, 0.06407902389764786, -0.0803365632891655, -0.07241667807102203, 0.9917708039283752, -0.10557650774717331, 0.07291021943092346, 0.11083602905273438, 0.9911607503890991),
            ["LeftLowerLeg"] = CFrame.new(0, 0.0000035762786865234375, 0.000013224780559539795, 1, 7.823107495141812e-08, 3.166495687878523e-08, -6.332992796842518e-08, 0.7122355103492737, 0.7019405364990234, 3.352760913344355e-08, -0.7019405364990234, 0.7122355699539185),
        }},
        {Time = 0.133, Data = {
            ["LeftFoot"] = CFrame.new(7.2177499532699585e-09, -1.1920928955078125e-07, 9.313225746154785e-10, 0.9985092282295227, 0.04899328202009201, -0.02406417764723301, -0.05455022677779198, 0.9112145304679871, -0.4083041548728943, 0.001923243049532175, 0.4090084433555603, 0.9125288128852844),
            ["LeftLowerArm"] = CFrame.new(0.0000016689300537109375, -1.1920928955078125e-07, -1.7508864402770996e-07, 1, -1.0058278832048018e-07, 2.0489092378284113e-07, 8.195639367158947e-08, -0.3075353503227234, -0.9515366554260254, 1.0710211029163474e-07, 0.9515367150306702, -0.3075352609157562),
            ["LowerTorso"] = CFrame.new(0.22167257964611053, -0.14408493041992188, -0.0614575557410717, 0.9989151358604431, 0.0066947308368980885, -0.046084240078926086, -0.01427571289241314, 0.9859883785247803, -0.1662021279335022, 0.044325847178697586, 0.16667969524860382, 0.9850143194198608),
            ["Head"] = CFrame.new(4.0279701352119446e-08, 1.1920928955078125e-07, 3.725290298461914e-09, 0.998603343963623, 0.015713613480329514, 0.05044368654489517, -0.016544492915272713, 0.9997336268424988, 0.016096236184239388, -0.05017732083797455, -0.0169083122164011, 0.9985972046852112),
            ["RightUpperArm"] = CFrame.new(3.5762786865234375e-07, 7.152557373046875e-07, -7.450580596923828e-09, 0.8797402381896973, -0.4728334844112396, 0.049856800585985184, 0.46003958582878113, 0.8730095624923706, 0.16191954910755157, -0.1200864315032959, -0.11951104551553726, 0.9855437874794006),
            ["UpperTorso"] = CFrame.new(8.87666828930378e-09, -3.2782554626464844e-07, 8.754432201385498e-08, 0.9989187717437744, -0.046208061277866364, -0.005103949457406998, 0.04647272825241089, 0.9896197319030762, 0.13598987460136414, -0.00123286759480834, -0.1360800564289093, 0.9906971454620361),
            ["HumanoidRootPart"] = CFrame.new(0, 0, 0, 1, 0, 0, 0, 1, 0, 0, 0, 1),
            ["RightHand"] = CFrame.new(3.948807716369629e-07, 2.384185791015625e-07, -5.21540641784668e-08, 0.8372160792350769, -0.15359067916870117, 0.524861216545105, 0.29975247383117676, 0.9316166639328003, -0.20552094280719757, -0.45740336179733276, 0.3293938636779785, 0.8260036110877991),
            ["LeftUpperArm"] = CFrame.new(-2.384185791015625e-07, 8.344650268554688e-07, 3.725290298461914e-09, 0.6182575225830078, 0.7018758058547974, 0.35373443365097046, -0.7570820450782776, 0.6527143716812134, 0.02812081389129162, -0.21115022897720337, -0.28519192337989807, 0.9349231719970703),
            ["RightLowerArm"] = CFrame.new(-8.940696716308594e-08, -6.556510925292969e-07, -1.3969838619232178e-08, 1, -8.754431490842762e-08, 8.009376983864058e-08, 8.894128455949613e-08, -0.0321650393307209, -0.9994826316833496, 8.428467168641873e-08, 0.9994825720787048, -0.03216502442955971),
            ["LeftHand"] = CFrame.new(2.980232238769531e-07, -1.1920928955078125e-07, -5.699694156646729e-07, 0.9619749784469604, 0.2617974281311035, -0.07788737118244171, -0.2717909812927246, 0.9457717537879944, -0.17789174616336823, 0.027092033997178078, 0.19229651987552643, 0.980962872505188),
            ["RightUpperLeg"] = CFrame.new(0, -1.6298145055770874e-08, 2.0319566829130054e-07, 0.9935263395309448, -0.07719506323337555, -0.08334461599588394, 0.03148398920893669, 0.892022430896759, -0.45089390873908997, 0.1091519370675087, 0.4453504681587219, 0.8886778950691223),
            ["LeftUpperLeg"] = CFrame.new(-5.960464477539063e-08, 9.918585419654846e-08, 1.341104507446289e-07, 0.9878875017166138, -0.007786748930811882, 0.15497663617134094, 0.035862475633621216, 0.9831581711769104, -0.17920389771461487, -0.1509709656238556, 0.18259106576442719, 0.9715288281440735),
            ["RightLowerLeg"] = CFrame.new(8.498318493366241e-08, -0.0000033974647521972656, -0.000013409349776338786, 1, -6.880145519971848e-08, -3.2188836485147476e-08, 5.494804611316795e-08, 0.8941241502761841, 0.4478186070919037, -1.5541449016609477e-08, -0.4478192627429962, 0.894124448299408),
            ["RightFoot"] = CFrame.new(-6.196205504238605e-08, 2.980232238769531e-07, 3.5222910810261965e-08, 0.993188202381134, 0.01893727108836174, -0.1149720624089241, -0.04362323880195618, 0.9753775000572205, -0.2161838561296463, 0.10804745554924011, 0.21972768008708954, 0.9695597290992737),
            ["LeftLowerLeg"] = CFrame.new(-3.725290298461914e-09, 0.0000033974647521972656, 0.000013183802366256714, 1, 5.960463056453591e-08, 3.352760202801619e-08, -3.3527616238870905e-08, 0.6999330520629883, 0.7142083048820496, 1.1175872671742582e-08, -0.7142084240913391, 0.6999332308769226),
        }},
        {Time = 0.167, Data = {
            ["LeftFoot"] = CFrame.new(1.1175870895385742e-08, -1.1920928955078125e-07, -8.847564458847046e-09, 0.9986240863800049, 0.05239962041378021, 0.0020492260809987783, -0.04580509290099144, 0.8906388878822327, -0.4523983299732208, -0.025530772283673286, 0.4516819715499878, 0.8918136954307556),
            ["LeftLowerArm"] = CFrame.new(-2.682209014892578e-07, -5.960464477539062e-07, -7.450580596923828e-08, 1, -7.823108916227284e-08, 9.685754776000977e-08, 7.823111758398227e-08, -0.3224048912525177, -0.9466018676757812, 9.126963362859897e-08, 0.946601927280426, -0.3224048912525177),
            ["LowerTorso"] = CFrame.new(0.2225726991891861, -0.16513395309448242, -0.07055746018886566, 0.9977233409881592, 0.035086724907159805, -0.05759366974234581, -0.045159388333559036, 0.9818585515022278, -0.18415872752666473, 0.050087302923202515, 0.18634033203125, 0.9812077879905701),
            ["Head"] = CFrame.new(1.3969838619232178e-08, 1.1920928955078125e-07, 2.7939677238464355e-09, 0.9983597993850708, 0.021709943190217018, 0.052975427359342575, -0.02205272950232029, 0.9997395277023315, 0.005894580390304327, -0.05283364653587341, -0.007053155917674303, 0.9985784292221069),
            ["RightUpperArm"] = CFrame.new(1.1920928955078125e-07, 1.1920928955078125e-07, -3.3527612686157227e-08, 0.8740178942680359, -0.474117636680603, -0.10632607340812683, 0.48586925864219666, 0.8505914807319641, 0.20106036961078644, -0.00488616805523634, -0.22739090025424957, 0.9737913608551025),
            ["UpperTorso"] = CFrame.new(1.5978002920746803e-08, 1.7881393432617188e-07, 1.816079020500183e-08, 0.9967572689056396, -0.0804600939154625, -0.0011476767249405384, 0.07965889573097229, 0.9846134185791016, 0.15553462505340576, -0.011384322308003902, -0.15512171387672424, 0.987829864025116),
            ["HumanoidRootPart"] = CFrame.new(0, 0, 0, 1, 0, 0, 0, 1, 0, 0, 0, 1),
            ["RightHand"] = CFrame.new(5.420297384262085e-07, 1.1920928955078125e-07, 2.086162567138672e-07, 0.879197895526886, -0.16181616485118866, 0.4481368660926819, 0.3106546103954315, 0.9078313708305359, -0.2816663980484009, -0.36125457286834717, 0.3868562877178192, 0.8484324216842651),
            ["LeftUpperArm"] = CFrame.new(-1.1920928955078125e-07, 2.384185791015625e-07, -9.313225746154785e-10, 0.6191501617431641, 0.7124165296554565, 0.33032673597335815, -0.7636233568191528, 0.6443133354187012, 0.04171061888337135, -0.1831185668706894, -0.2780703604221344, 0.9429446458816528),
            ["RightLowerArm"] = CFrame.new(-3.5762786865234375e-07, -4.76837158203125e-07, 8.940696716308594e-08, 1, -7.823106074056341e-08, 1.0058283805847168e-07, 5.587932605521928e-08, -0.13672788441181183, -0.9906086921691895, 9.685750512744562e-08, 0.9906086921691895, -0.13672786951065063),
            ["LeftHand"] = CFrame.new(1.341104507446289e-07, 1.1920928955078125e-07, 2.7939677238464355e-07, 0.9275573492050171, 0.34696123003959656, -0.13876359164714813, -0.3704719543457031, 0.9023986458778381, -0.22006255388259888, 0.04886689409613609, 0.2555285692214966, 0.9655658006668091),
            ["RightUpperLeg"] = CFrame.new(1.1920928955078125e-07, 3.771856427192688e-07, 1.2868986232206225e-07, 0.989350438117981, -0.10915082693099976, -0.09628993272781372, 0.04718297719955444, 0.8663259744644165, -0.4972459673881531, 0.13769316673278809, 0.4874069094657898, 0.8622497916221619),
            ["LeftUpperLeg"] = CFrame.new(1.1920928955078125e-07, 5.885958671569824e-07, 1.1175870895385742e-07, 0.9892047047615051, -0.049602385610342026, 0.1378900706768036, 0.06920023262500763, 0.9875620603561401, -0.14118310809135437, -0.12917186319828033, 0.1492009460926056, 0.9803335070610046),
            ["RightLowerLeg"] = CFrame.new(-9.313225746154785e-09, -0.000003635883331298828, -0.000013275239325594157, 1, -7.63684582238966e-08, -7.078051567077637e-08, 5.401672353855247e-08, 0.8634445667266846, 0.5044435262680054, -3.72529100900465e-08, -0.5044437646865845, 0.8634446859359741),
            ["RightFoot"] = CFrame.new(1.3969838619232178e-09, 2.980232238769531e-07, -5.75528247281909e-09, 0.984196662902832, 0.07804743945598602, -0.15895111858844757, -0.11821968853473663, 0.9578940868377686, -0.2616540193557739, 0.13183711469173431, 0.27631086111068726, 0.9519831538200378),
            ["LeftLowerLeg"] = CFrame.new(-2.60770320892334e-08, 0.000003933906555175781, 0.000013170763850212097, 1, 9.313224325069314e-08, 2.9802315282267955e-08, -3.725289943190546e-08, 0.7031376957893372, 0.7110536098480225, 3.352760913344355e-08, -0.711053729057312, 0.7031378746032715),
        }},
        {Time = 0.200, Data = {
            ["LeftFoot"] = CFrame.new(9.778887033462524e-09, 5.960464477539063e-08, 1.5133991837501526e-08, 0.9992019534111023, 0.02732326090335846, 0.029134953394532204, -0.011632290668785572, 0.8968637585639954, -0.4421537518501282, -0.0382113978266716, 0.4414621889591217, 0.896466076374054),
            ["LeftLowerArm"] = CFrame.new(-3.2782554626464844e-07, 1.1920928955078125e-07, -1.9744038581848145e-07, 1, -9.313223614526578e-08, 7.357445497291337e-08, 7.450583439094771e-08, -0.29670122265815735, -0.9549703598022461, 1.1548404188488348e-07, 0.9549704194068909, -0.2967011332511902),
            ["LowerTorso"] = CFrame.new(0.21931807696819305, -0.1505415439605713, -0.06267517805099487, 0.9985194802284241, 0.020940477028489113, -0.050203073769807816, -0.028974071145057678, 0.9858567118644714, -0.1650669127702713, 0.046036455780267715, 0.16627711057662964, 0.9850038290023804),
            ["Head"] = CFrame.new(3.64379957318306e-08, 0, -9.313225746154785e-09, 0.9984968304634094, 0.024461353197693825, 0.04904986172914505, -0.02489752508699894, 0.9996556043624878, 0.008301099762320518, -0.04882991313934326, -0.009509838186204433, 0.9987618923187256),
            ["RightUpperArm"] = CFrame.new(3.5762786865234375e-07, -2.384185791015625e-07, -1.862645149230957e-08, 0.8594642877578735, -0.463196724653244, -0.21626396477222443, 0.5033659338951111, 0.8405974507331848, 0.2000470757484436, 0.08912979066371918, -0.28079313039779663, 0.9556208252906799),
            ["UpperTorso"] = CFrame.new(1.0244548320770264e-08, -4.470348358154297e-07, 3.3993273973464966e-08, 0.9980342388153076, -0.0626453086733818, -0.0018499005818739533, 0.0622747503221035, 0.987945556640625, 0.14172352850437164, -0.007050731685012579, -0.1415601372718811, 0.9899045825004578),
            ["HumanoidRootPart"] = CFrame.new(0, 0, 0, 1, 0, 0, 0, 1, 0, 0, 0, 1),
            ["RightHand"] = CFrame.new(5.587935447692871e-08, 2.384185791015625e-07, 1.4156103134155273e-07, 0.9202717542648315, -0.1535860300064087, 0.3598770499229431, 0.27724432945251465, 0.9049692749977112, -0.3227480351924896, -0.2761079967021942, 0.3967897295951843, 0.8753983974456787),
            ["LeftUpperArm"] = CFrame.new(-1.1920928955078125e-07, 0, -1.4901161193847656e-08, 0.650534451007843, 0.7027890086174011, 0.2879108488559723, -0.743983805179596, 0.6658783555030823, 0.0556253045797348, -0.15262076258659363, -0.25038716197013855, 0.9560403823852539),
            ["RightLowerArm"] = CFrame.new(4.172325134277344e-07, -5.960464477539062e-07, 2.9802322387695312e-08, 1, -1.0151413931680509e-07, 7.823110337312755e-08, 4.097818262494002e-08, -0.17520420253276825, -0.9845321774482727, 8.195636524988004e-08, 0.9845321178436279, -0.17520420253276825),
            ["LeftHand"] = CFrame.new(6.407499313354492e-07, -1.1920928955078125e-07, 2.2351741790771484e-07, 0.9326250553131104, 0.34030789136886597, -0.12000548839569092, -0.360427588224411, 0.8945515155792236, -0.2643286883831024, 0.01739792339503765, 0.2897728383541107, 0.956937313079834),
            ["RightUpperLeg"] = CFrame.new(-2.9802322387695312e-08, -4.5262277126312256e-07, 1.5849218470975757e-07, 0.9819055199623108, -0.11024607717990875, -0.15397284924983978, 0.015406534075737, 0.8568806052207947, -0.5152850151062012, 0.18874432146549225, 0.5035886168479919, 0.8430739045143127),
            ["LeftUpperLeg"] = CFrame.new(0, -4.7171488404273987e-07, 8.381903171539307e-08, 0.9937227368354797, -0.04350370541214943, 0.10306651145219803, 0.05982030928134918, 0.9851503968238831, -0.16093599796295166, -0.0945344939827919, 0.1660912036895752, 0.9815685749053955),
            ["RightLowerLeg"] = CFrame.new(-7.078051567077637e-08, -0.000003814697265625, -0.000013394448615144938, 1, -7.543712854385376e-08, -4.2840827774170975e-08, 6.332992796842518e-08, 0.844504177570343, 0.5355483889579773, -7.078050856534901e-08, -0.535548985004425, 0.8445046544075012),
            ["RightFoot"] = CFrame.new(-6.332993507385254e-08, 1.7881393432617188e-07, -5.790934665128589e-08, 0.9908427596092224, 0.07177304476499557, -0.11436532437801361, -0.09639902412891388, 0.9691134691238403, -0.2269936352968216, 0.09454113990068436, 0.23594023287296295, 0.9671579599380493),
            ["LeftLowerLeg"] = CFrame.new(-2.60770320892334e-08, 0.000003516674041748047, 0.000013333745300769806, 1, 8.195636524988004e-08, 4.377215745421381e-08, -6.612390279769897e-08, 0.7147571444511414, 0.6993725299835205, 2.421438694000244e-08, -0.6993727087974548, 0.7147574424743652),
        }},
        {Time = 0.233, Data = {
            ["LeftFoot"] = CFrame.new(8.905772119760513e-09, 5.960464477539063e-08, 2.7706846594810486e-08, 0.9980512261390686, -0.028217103332281113, 0.055657293647527695, 0.04908955469727516, 0.9056767821311951, -0.4211176633834839, -0.038524825125932693, 0.4230287969112396, 0.905296802520752),
            ["LeftLowerArm"] = CFrame.new(-1.1920928955078125e-07, -4.172325134277344e-07, -2.123415470123291e-07, 1, -7.636844401304188e-08, 8.568171949718817e-08, 1.1175872316471214e-07, -0.24118384718894958, -0.9704795479774475, 9.313227167240257e-08, 0.9704794883728027, -0.24118386209011078),
            ["LowerTorso"] = CFrame.new(0.2126520574092865, -0.12139511108398438, -0.049174048006534576, 0.999346137046814, -0.00680602015927434, -0.03551049903035164, 0.0024012671783566475, 0.992448627948761, -0.12263774871826172, 0.036077018827199936, 0.12247229367494583, 0.9918160438537598),
            ["Head"] = CFrame.new(3.64379957318306e-08, 3.5762786865234375e-07, 2.7939677238464355e-09, 0.9990305304527283, 0.0223111379891634, 0.03795266151428223, -0.023256395012140274, 0.9994256496429443, 0.0246496070176363, -0.037380896508693695, -0.025508344173431396, 0.9989754557609558),
            ["RightUpperArm"] = CFrame.new(1.1920928955078125e-07, 7.152557373046875e-07, -1.4901161193847656e-08, 0.8363218903541565, -0.44113102555274963, -0.3255290389060974, 0.5118144154548645, 0.8410422205924988, 0.17519715428352356, 0.19649873673915863, -0.31313157081604004, 0.9291592240333557),
            ["UpperTorso"] = CFrame.new(-2.2341737349051982e-09, 1.4901161193847656e-07, 2.6819179765880108e-08, 0.9996874332427979, -0.024948960170149803, -0.0016156785422936082, 0.02497691661119461, 0.9937795996665955, 0.10852840542793274, -0.0011020489037036896, -0.10853484272956848, 0.9940921068191528),
            ["HumanoidRootPart"] = CFrame.new(0, 0, 0, 1, 0, 0, 0, 1, 0, 0, 0, 1),
            ["RightHand"] = CFrame.new(2.7567148208618164e-07, 0, 2.942979335784912e-07, 0.9561588168144226, -0.11085602641105652, 0.27105584740638733, 0.19130782783031464, 0.9372341632843018, -0.2915363609790802, -0.22172428667545319, 0.33061012625694275, 0.9173523783683777),
            ["LeftUpperArm"] = CFrame.new(0, 3.5762786865234375e-07, -1.862645149230957e-09, 0.6985839605331421, 0.6720777153968811, 0.24554453790187836, -0.7011025547981262, 0.711493968963623, 0.04724078252911568, -0.14295397698879242, -0.20515353977680206, 0.9682336449623108),
            ["RightLowerArm"] = CFrame.new(-3.5762786865234375e-07, -0.0000013709068298339844, 2.9802322387695312e-08, 1, -7.450579886381092e-08, 2.7939684343891713e-08, 6.705523247774181e-08, -0.23589080572128296, -0.9717796444892883, 1.1920930376163597e-07, 0.9717795848846436, -0.23589086532592773),
            ["LeftHand"] = CFrame.new(2.7567148208618164e-07, -2.384185791015625e-07, 1.30385160446167e-07, 0.9452837109565735, 0.3174220025539398, -0.07537850737571716, -0.3248909115791321, 0.8948146104812622, -0.3061906695365906, -0.029741836711764336, 0.31392690539360046, 0.9489812254905701),
            ["RightUpperLeg"] = CFrame.new(1.1920928955078125e-07, 4.0349550545215607e-07, 5.604670150205493e-08, 0.9732406735420227, -0.10973986238241196, -0.20189031958580017, -0.01800450123846531, 0.8394752144813538, -0.5430999398231506, 0.2290816307067871, 0.5322017073631287, 0.8150354623794556),
            ["LeftUpperLeg"] = CFrame.new(2.9802322387695312e-08, 5.520414561033249e-07, -1.862645149230957e-09, 0.9981594681739807, -0.020746953785419464, 0.05698586627840996, 0.03165097162127495, 0.9797521829605103, -0.1976962387561798, -0.051730405539274216, 0.19913603365421295, 0.9786055684089661),
            ["RightLowerLeg"] = CFrame.new(4.470348358154297e-08, -0.000003814697265625, -0.000013245437003206462, 1, -7.450580596923828e-08, -4.982576484735546e-08, 7.823108916227284e-08, 0.8331959843635559, 0.5529773235321045, -8.381902460996571e-08, -0.5529778599739075, 0.8331964015960693),
            ["RightFoot"] = CFrame.new(2.7939677238464355e-09, 2.980232238769531e-07, 5.420588422566652e-09, 0.9954376220703125, 0.09194517880678177, 0.02549840696156025, -0.08865223824977875, 0.9900619387626648, -0.10917025804519653, -0.03528265655040741, 0.1064121201634407, 0.9936959743499756),
            ["LeftLowerLeg"] = CFrame.new(-2.6775524020195007e-08, 0.000003814697265625, 0.000013156794011592865, 1, 6.05359673500061e-08, 3.4924592995366766e-08, -4.5634813261585805e-08, 0.739754855632782, 0.6728765368461609, 3.3527616238870905e-08, -0.6728765368461609, 0.739754855632782),
        }},
        {Time = 0.267, Data = {
            ["LeftFoot"] = CFrame.new(1.926309778355062e-09, 1.1920928955078125e-07, 1.6996636986732483e-08, 0.9935629367828369, -0.0889548733830452, 0.0701422318816185, 0.10673098266124725, 0.9425866603851318, -0.31644707918167114, -0.03796561807394028, 0.3218967318534851, 0.9460135102272034),
            ["LeftLowerArm"] = CFrame.new(-8.344650268554688e-07, 1.1920928955078125e-07, -2.2351741790771484e-07, 1, -1.0430811414607888e-07, 1.7113048045303003e-07, 1.0430815677864302e-07, -0.17859070003032684, -0.9839234948158264, 1.0058285937475375e-07, 0.9839234948158264, -0.17859068512916565),
            ["LowerTorso"] = CFrame.new(0.204566091299057, -0.07826828956604004, -0.03681172803044319, 0.9993879199028015, -0.028352845460176468, -0.020492039620876312, 0.026856468990445137, 0.9971898794174194, -0.06993651390075684, 0.022417347878217697, 0.06934335827827454, 0.9973410367965698),
            ["Head"] = CFrame.new(4.557659849524498e-08, -1.1920928955078125e-07, -4.190951585769653e-09, 0.999638557434082, 0.017900027334690094, 0.02006280981004238, -0.01879033073782921, 0.9988056421279907, 0.04510236531496048, -0.019231516867876053, -0.045463040471076965, 0.9987809062004089),
            ["RightUpperArm"] = CFrame.new(0, -4.76837158203125e-07, -1.0244548320770264e-08, 0.8115397095680237, -0.4097168445587158, -0.41657623648643494, 0.5012992024421692, 0.8544924855232239, 0.13616803288459778, 0.30017074942588806, -0.3193349838256836, 0.8988451957702637),
            ["UpperTorso"] = CFrame.new(-1.1306838132441044e-08, -1.4901161193847656e-07, 1.5832483768463135e-08, 0.9999657869338989, 0.008217212744057178, 0.001034427434206009, -0.008268213830888271, 0.9976966381072998, 0.06732774525880814, -0.0004788045189343393, -0.06733400374650955, 0.9977303743362427),
            ["HumanoidRootPart"] = CFrame.new(0, 0, 0, 1, 0, 0, 0, 1, 0, 0, 0, 1),
            ["RightHand"] = CFrame.new(7.37607479095459e-07, 5.960464477539063e-08, 4.805624485015869e-07, 0.9790158271789551, -0.0591583326458931, 0.19500871002674103, 0.10534672439098358, 0.9660724401473999, -0.23580977320671082, -0.17444239556789398, 0.2514050304889679, 0.9520323276519775),
            ["LeftUpperArm"] = CFrame.new(5.960464477539063e-08, -2.384185791015625e-07, -1.862645149230957e-09, 0.7566502094268799, 0.6106609106063843, 0.23361077904701233, -0.633465051651001, 0.7731620669364929, 0.03069862723350525, -0.1618725061416626, -0.171212300658226, 0.9718455672264099),
            ["RightLowerArm"] = CFrame.new(-2.384185791015625e-07, -5.364418029785156e-07, -1.30385160446167e-07, 1, -8.195637946073475e-08, 1.3411046495548362e-07, 5.21540464148984e-08, -0.2810686528682709, -0.9596877098083496, 1.2665982751514093e-07, 0.9596876502037048, -0.28106868267059326),
            ["LeftHand"] = CFrame.new(2.682209014892578e-07, -1.7881393432617188e-07, 2.123415470123291e-07, 0.9631779193878174, 0.2672247886657715, -0.029654361307621002, -0.2609308958053589, 0.9024544954299927, -0.34276941418647766, -0.06483475118875504, 0.33788567781448364, 0.9389514327049255),
            ["RightUpperLeg"] = CFrame.new(5.960464477539063e-08, 1.775333657860756e-07, 5.75528247281909e-09, 0.974467933177948, -0.10829781740903854, -0.19668249785900116, -0.028716955333948135, 0.8086754679679871, -0.5875542163848877, 0.22268308699131012, 0.5782003998756409, 0.7849178314208984),
