return {
    ["Tootsee"] = {
        {Time = 0.000, Data = {
            ["LeftFoot"] = CFrame.new(7.078051567077637e-08, -5.960464477539063e-08, -1.1175870895385742e-08, 0.9306108951568604, -0.21323144435882568, -0.29748255014419556, 0.15822219848632812, 0.9672732949256897, -0.19836357235908508, 0.3300442695617676, 0.13753096759319305, 0.9338929653167725),
            ["LeftLowerArm"] = CFrame.new(5.960464477539063e-08, 1.1920928955078125e-07, 9.685754776000977e-08, 1, -5.122273449842396e-08, 5.5879341154252415e-09, 4.656611807263289e-08, 0.9032164812088013, -0.42918500304222107, 7.450578820566989e-09, 0.4291851818561554, 0.9032166004180908),
            ["LowerTorso"] = CFrame.new(-0.045777253806591034, -0.10145783424377441, 0.40864449739456177, 0.9081067442893982, -0.0581737719476223, -0.41467830538749695, 0.11481080204248428, 0.9869429469108582, 0.11296997964382172, 0.40269193053245544, -0.150198295712471, 0.9029284715652466),
            ["Head"] = CFrame.new(1.30385160446167e-08, 2.384185791015625e-07, 2.0023435354232788e-07, 0.9966702461242676, 0.08150150626897812, -0.0024669605772942305, -0.07896798104047775, 0.957266628742218, -0.2782168686389923, -0.02031356282532215, 0.27748531103134155, 0.9605151414871216),
            ["RightUpperArm"] = CFrame.new(-5.960464477539063e-08, 3.5762786865234375e-07, 8.940696716308594e-08, 0.11027383804321289, 0.12784817814826965, 0.9856442213058472, 0.8253431916236877, 0.5407484173774719, -0.16248008608818054, -0.5537583827972412, 0.8314120769500732, -0.0458882637321949),
            ["UpperTorso"] = CFrame.new(1.4901161193847656e-08, -2.086162567138672e-07, 3.166496753692627e-08, 0.9820583462715149, 0.030437763780355453, 0.18610498309135437, -0.0703679546713829, 0.9747543334960938, 0.2119019627571106, -0.17495673894882202, -0.2211959809064865, 0.9594073295593262),
            ["HumanoidRootPart"] = CFrame.new(0, 0, 0, 1, 0, 0, 0, 1, 0, 0, 0, 1),
            ["RightHand"] = CFrame.new(2.086162567138672e-07, 1.1920928955078125e-07, -1.1920928955078125e-07, 0.5802022814750671, -0.1898212879896164, 0.7920437455177307, 0.19858676195144653, 0.9760834574699402, 0.08845573663711548, -0.7898916006088257, 0.10596740245819092, 0.6040217876434326),
            ["LeftUpperArm"] = CFrame.new(0, 2.384185791015625e-07, 4.470348358154297e-08, 0.9772223234176636, 0.10005107522010803, 0.18715327978134155, -0.09541560709476471, 0.9948689937591553, -0.03363804146647453, -0.18955852091312408, 0.015014523640275002, 0.9817546606063843),
            ["RightLowerArm"] = CFrame.new(-2.9802322387695312e-08, 0, -4.470348358154297e-08, 1, -4.470347647611561e-08, 1.4901159417490817e-08, 4.004688491932029e-08, 0.7265149354934692, -0.6871510148048401, 7.450583261459087e-09, 0.6871508359909058, 0.7265146970748901),
            ["LeftHand"] = CFrame.new(-1.1548399925231934e-07, -1.1920928955078125e-07, -4.470348358154297e-08, 0.51457279920578, 0.7009028196334839, 0.49391305446624756, -0.7253248691558838, 0.6630220413208008, -0.1852179914712906, -0.4572950005531311, -0.26293936371803284, 0.8495553731918335),
            ["RightUpperLeg"] = CFrame.new(0, -3.1478703022003174e-07, 1.3205863069742918e-08, 0.9821028709411621, 0.08688093721866608, -0.1671101152896881, -0.1558765023946762, 0.8729500770568848, -0.46223461627960205, 0.10571939498186111, 0.48001033067703247, 0.8708693385124207),
            ["LeftUpperLeg"] = CFrame.new(-5.960464477539063e-08, -3.2782554626464844e-07, -1.4901161193847656e-08, 0.8730254173278809, 0.06975894421339035, -0.48265957832336426, -0.3508455753326416, 0.7772695422172546, -0.5222638249397278, 0.3387240767478943, 0.6252886056900024, 0.7030506730079651),
            ["RightLowerLeg"] = CFrame.new(7.450580596923828e-09, -0.00006026029586791992, -0.00007219443068606779, 1, -9.313225746154785e-08, 3.4458931708059026e-08, 6.891787052154541e-08, 0.8602118492126465, 0.5099366903305054, -3.725290298461914e-09, -0.5099369287490845, 0.8602119088172913),
            ["RightFoot"] = CFrame.new(2.7939677238464355e-09, 2.980232238769531e-07, -5.75528247281909e-09, 0.9925799369812012, -0.07378076761960983, -0.09665229171514511, 0.06431443244218826, 0.993141233921051, -0.09764270484447479, 0.10319358110427856, 0.09070231020450592, 0.9905171394348145),
            ["LeftLowerLeg"] = CFrame.new(4.470348358154297e-08, 0.000060677528381347656, 0.00007198750972747803, 1, 6.332993507385254e-08, 0, -5.960464477539063e-08, 0.7712027430534363, 0.6365896463394165, 8.195638656616211e-08, -0.6365895867347717, 0.771202802658081),
        }},
        {Time = 0.033, Data = {
            ["LeftFoot"] = CFrame.new(-4.842877388000488e-08, -5.960464477539063e-08, 1.6763806343078613e-08, 0.8827004432678223, -0.1533880978822708, -0.44419828057289124, 0.14366254210472107, 0.9880576133728027, -0.05570764094591141, 0.4474383294582367, -0.014641467481851578, 0.8941949605941772),
            ["LeftLowerArm"] = CFrame.new(1.1920928955078125e-07, 1.1920928955078125e-07, 1.4901161193847656e-08, 1, -3.725289943190546e-08, 6.705521116145974e-08, 4.470347647611561e-08, 0.8524316549301147, -0.5228383541107178, 2.9802318834981634e-08, 0.5228386521339417, 0.8524318933486938),
            ["LowerTorso"] = CFrame.new(-0.030383270233869553, -0.04195427894592285, 0.3671305179595947, 0.9378460049629211, -0.11932703107595444, -0.32589271664619446, 0.13994647562503815, 0.989331066608429, 0.040486469864845276, 0.3175846338272095, -0.08357758820056915, 0.944539487361908),
            ["Head"] = CFrame.new(1.210719347000122e-08, 2.384185791015625e-07, -1.1292286217212677e-07, 0.9979984164237976, 0.060243938118219376, -0.019233666360378265, -0.06286654621362686, 0.9781036972999573, -0.19839595258235931, 0.006860428489744663, 0.19920805096626282, 0.9799332618713379),
            ["RightUpperArm"] = CFrame.new(0, 1.1920928955078125e-07, -7.450580596923828e-08, 0.26684504747390747, -0.03340067341923714, 0.9631605744361877, 0.7409403920173645, 0.6461935043334961, -0.1828698366880417, -0.6162800788879395, 0.762442409992218, 0.19718144834041595),
            ["UpperTorso"] = CFrame.new(-5.21540641784668e-08, 5.960464477539063e-08, 3.166496753692627e-08, 0.9786874055862427, 0.09366613626480103, 0.18275001645088196, -0.1368672102689743, 0.9609666466712952, 0.2404385209083557, -0.1530957818031311, -0.2603265941143036, 0.9533057808876038),
            ["HumanoidRootPart"] = CFrame.new(0, 0, 0, 1, 0, 0, 0, 1, 0, 0, 0, 1),
            ["RightHand"] = CFrame.new(-1.4901161193847656e-07, 1.1920928955078125e-07, -1.6763806343078613e-07, 0.5693671107292175, -0.5236164927482605, 0.633756160736084, 0.5791966915130615, 0.8025904297828674, 0.1427582949399948, -0.5833971500396729, 0.28578752279281616, 0.7602454423904419),
            ["LeftUpperArm"] = CFrame.new(0, -2.384185791015625e-07, -1.1920928955078125e-07, 0.7978554368019104, 0.06739424914121628, 0.5990700125694275, -0.06664039939641953, 0.9975011348724365, -0.023463813588023186, -0.5991542935371399, -0.021201515570282936, 0.800352931022644),
            ["RightLowerArm"] = CFrame.new(2.980232238769531e-07, 1.7881393432617188e-07, 2.086162567138672e-07, 1, -1.4901159417490817e-08, 2.607702853651972e-08, 3.7252917195473856e-08, 0.7336003184318542, -0.6795814633369446, 7.07805440924858e-08, 0.679581344127655, 0.7336001992225647),
            ["LeftHand"] = CFrame.new(-9.313225746154785e-08, -5.960464477539063e-08, 3.725290298461914e-08, 0.40183719992637634, 0.6054573059082031, 0.6869848966598511, -0.5899063348770142, 0.7449666261672974, -0.31150487065315247, -0.7003837823867798, -0.2800825238227844, 0.6565183997154236),
            ["RightUpperLeg"] = CFrame.new(-5.960464477539063e-08, -2.1606683731079102e-07, -3.894820110872388e-08, 0.980439305305481, 0.0700814425945282, -0.18392260372638702, -0.11557822674512863, 0.961376428604126, -0.24979428946971893, 0.15931284427642822, 0.26616543531417847, 0.9506710171699524),
            ["LeftUpperLeg"] = CFrame.new(-5.960464477539063e-08, -2.7939677238464355e-08, 1.4901161193847656e-08, 0.9116885662078857, 0.12111274898052216, -0.3926268219947815, -0.3067609667778015, 0.8363577723503113, -0.4543164372444153, 0.2733529210090637, 0.5346376895904541, 0.7996503114700317),
            ["RightLowerLeg"] = CFrame.new(2.60770320892334e-08, -0.00006031990051269531, -0.00007209012255771086, 1, -5.1222748709278676e-08, 3.3993273973464966e-08, 3.5390257835388184e-08, 0.9638417363166809, 0.2664753198623657, -3.771856427192688e-08, -0.26647549867630005, 0.9638417363166809),
            ["RightFoot"] = CFrame.new(-1.3969838619232178e-08, 5.364418029785156e-07, -2.2519088815897703e-08, 0.9381981492042542, 0.32380321621894836, -0.12221240997314453, -0.27272674441337585, 0.9090794324874878, 0.3149518668651581, 0.21308310329914093, -0.26215657591819763, 0.9412064552307129),
            ["LeftLowerLeg"] = CFrame.new(4.470348358154297e-08, 0.000060439109802246094, 0.00007212907075881958, 1, 2.6077035641947077e-08, 3.259629011154175e-08, -2.9802322387695312e-08, 0.8393092155456543, 0.5436543822288513, 2.9802322387695312e-08, -0.5436544418334961, 0.8393092155456543),
        }},
        {Time = 0.067, Data = {
            ["LeftFoot"] = CFrame.new(-7.450580596923828e-09, 5.960464477539063e-08, -3.725290298461914e-09, 0.9072006344795227, -0.03917255997657776, -0.4188709557056427, 0.09616432338953018, 0.9886040687561035, 0.11582140624523163, 0.40956032276153564, -0.14535367488861084, 0.9006290435791016),
            ["LeftLowerArm"] = CFrame.new(2.384185791015625e-07, -1.1920928955078125e-07, 2.9802322387695312e-08, 1, -5.960463766996327e-08, 0, 5.21540641784668e-08, 0.7637611031532288, -0.6454989314079285, -1.1175870895385742e-08, 0.645499050617218, 0.7637612819671631),
            ["LowerTorso"] = CFrame.new(-0.01350761391222477, 0.017180442810058594, 0.32748767733573914, 0.9680356383323669, -0.16231182217597961, -0.1912117451429367, 0.1591760814189911, 0.9867395162582397, -0.03175235167145729, 0.1938299536705017, 0.0003010836662724614, 0.9810351729393005),
            ["Head"] = CFrame.new(1.210719347000122e-08, -1.1920928955078125e-07, -1.501757651567459e-08, 0.9974548816680908, 0.052796997129917145, -0.04792003706097603, -0.060707367956638336, 0.9813485741615295, -0.1823994219303131, 0.03739611431956291, 0.18484438955783844, 0.9820560812950134),
            ["RightUpperArm"] = CFrame.new(0, -2.384185791015625e-07, 2.9802322387695312e-08, 0.5324245095252991, -0.19304491579532623, 0.8241710662841797, 0.6295678019523621, 0.7411507368087769, -0.23310936987400055, -0.5658344030380249, 0.6429847478866577, 0.5161415338516235),
            ["UpperTorso"] = CFrame.new(-1.4901161193847656e-08, -2.980232238769531e-07, -1.210719347000122e-08, 0.9771459698677063, 0.1391240805387497, 0.16071802377700806, -0.181203231215477, 0.9404534697532654, 0.28759831190109253, -0.11113596707582474, -0.3101482391357422, 0.9441699385643005),
            ["HumanoidRootPart"] = CFrame.new(0, 0, 0, 1, 0, 0, 0, 1, 0, 0, 0, 1),
            ["RightHand"] = CFrame.new(-5.960464477539063e-08, 1.1920928955078125e-07, -2.086162567138672e-07, 0.453363299369812, -0.6773889064788818, 0.5793153643608093, 0.7845098376274109, 0.6117709279060364, 0.1013934463262558, -0.42309123277664185, 0.4085104465484619, 0.8087725639343262),
            ["LeftUpperArm"] = CFrame.new(0, -1.1920928955078125e-07, 2.2351741790771484e-08, 0.5366321206092834, 0.11525049060583115, 0.8359087109565735, -0.07479196041822433, 0.9932262897491455, -0.08892596513032913, -0.8404952883720398, -0.014798727817833424, 0.5416169166564941),
            ["RightLowerArm"] = CFrame.new(1.1920928955078125e-07, -1.1920928955078125e-07, 1.4901161193847656e-07, 1, -1.0430809993522416e-07, 2.9802315282267955e-08, 6.705523958316917e-08, 0.7562437653541565, -0.6542901396751404, -3.725291186640334e-09, 0.6542900204658508, 0.7562435865402222),
            ["LeftHand"] = CFrame.new(2.9802322387695312e-08, 1.7881393432617188e-07, 1.4901161193847656e-07, 0.258849173784256, 0.522434651851654, 0.8124402761459351, -0.4761471450328827, 0.800827145576477, -0.36326292157173157, -0.840405285358429, -0.2928107976913452, 0.45604923367500305),
            ["RightUpperLeg"] = CFrame.new(0, -2.851738827303052e-07, -2.4047039914876223e-08, 0.9800683259963989, -0.05475188419222832, -0.19096708297729492, -0.027270033955574036, 0.9150936603546143, -0.40231847763061523, 0.1967804729938507, 0.39950719475746155, 0.8953610062599182),
            ["LeftUpperLeg"] = CFrame.new(0, -3.113309503532946e-07, -2.9802322387695312e-08, 0.9589548110961914, 0.14407925307750702, -0.24422715604305267, -0.23536735773086548, 0.8847811818122864, -0.40219956636428833, 0.15813900530338287, 0.4431743323802948, 0.8823767900466919),
            ["RightLowerLeg"] = CFrame.new(5.587935447692871e-08, -0.00006026029586791992, -0.00007209012255771086, 1, -1.2293455142753373e-07, -9.313225746154785e-08, 9.685753354915505e-08, 0.6321895122528076, 0.7748135328292847, -5.960463766996327e-08, -0.7748137712478638, 0.6321898698806763),
            ["RightFoot"] = CFrame.new(-1.4901161193847656e-08, 2.384185791015625e-07, -4.300818545743823e-08, 0.9223989248275757, 0.3760817050933838, 0.08799442648887634, -0.385162889957428, 0.8786486387252808, 0.2821812033653259, 0.028806820511817932, -0.2941756546497345, 0.9553170800209045),
            ["LeftLowerLeg"] = CFrame.new(3.725290298461914e-08, 0.000060617923736572266, 0.00007207691669464111, 1, 4.8428766774577525e-08, -2.7008354663848877e-08, -5.960464477539063e-08, 0.8581647872924805, 0.5133742094039917, 1.1175870895385742e-08, -0.5133742094039917, 0.8581648468971252),
        }},
        {Time = 0.100, Data = {
            ["LeftFoot"] = CFrame.new(7.799826562404633e-09, -5.960464477539063e-08, 7.450580596923828e-09, 0.9829208254814148, -0.04203243926167488, -0.17916475236415863, 0.04215765744447708, 0.9991061687469482, -0.0031097382307052612, 0.1791352778673172, -0.004496558103710413, 0.9838141798973083),
            ["LeftLowerArm"] = CFrame.new(0, 1.7881393432617188e-07, 5.960464477539063e-08, 1, -7.450579175838357e-08, 4.470347292340193e-08, 5.960463766996327e-08, 0.6898329854011536, -0.7239682674407959, 8.568166975919667e-08, 0.723968505859375, 0.6898332238197327),
            ["LowerTorso"] = CFrame.new(0.007594515103846788, 0.03906536102294922, 0.2995162010192871, 0.9855185747146606, -0.1684127300977707, -0.019757824018597603, 0.16684085130691528, 0.9838773012161255, -0.06441851705312729, 0.030288176611065865, 0.06018923223018646, 0.9977273941040039),
            ["Head"] = CFrame.new(1.862645149230957e-09, 0, 4.086177796125412e-08, 0.9933417439460754, 0.06107412278652191, -0.09768424183130264, -0.07899120450019836, 0.9782873392105103, -0.19160953164100647, 0.0838608592748642, 0.19805005192756653, 0.9765980243682861),
            ["RightUpperArm"] = CFrame.new(0, -2.384185791015625e-07, -6.705522537231445e-08, 0.7762441039085388, -0.36484766006469727, 0.5141317248344421, 0.5335480570793152, 0.8146019577980042, -0.22748643159866333, -0.33581477403640747, 0.45089906454086304, 0.8269937038421631),
            ["UpperTorso"] = CFrame.new(-4.470348358154297e-08, -2.682209014892578e-07, -1.0011717677116394e-08, 0.9809684157371521, 0.15861281752586365, 0.11199509352445602, -0.18678908050060272, 0.9283831119537354, 0.32127028703689575, -0.05301675572991371, -0.33607542514801025, 0.9403417706489563),
            ["HumanoidRootPart"] = CFrame.new(0, 0, 0, 1, 0, 0, 0, 1, 0, 0, 0, 1),
            ["RightHand"] = CFrame.new(0, 1.1920928955078125e-07, 5.960464477539063e-08, 0.492929607629776, -0.5975633263587952, 0.632407009601593, 0.7077152729034424, 0.6981810331344604, 0.10808460414409637, -0.5061221122741699, 0.3942859172821045, 0.7670587301254272),
            ["LeftUpperArm"] = CFrame.new(0, -1.1920928955078125e-07, 7.264316082000732e-08, 0.43803757429122925, 0.23815903067588806, 0.8668352961540222, -0.09951786696910858, 0.9711882472038269, -0.21654020249843597, -0.8934311866760254, 0.008587202988564968, 0.44911810755729675),
            ["RightLowerArm"] = CFrame.new(0, 1.7881393432617188e-07, 1.7345882952213287e-07, 1, -8.940693874137651e-08, -1.4901157641133977e-08, 5.960465188081798e-08, 0.7444360852241516, -0.6676936745643616, 1.5541447240252637e-08, 0.6676937341690063, 0.7444362044334412),
            ["LeftHand"] = CFrame.new(-5.960464477539063e-08, -1.1920928955078125e-07, 1.4901161193847656e-08, 0.1888556182384491, 0.48764657974243164, 0.8523699045181274, -0.4611389636993408, 0.8103741407394409, -0.3614480793476105, -0.866997480392456, -0.32479941844940186, 0.37791648507118225),
            ["RightUpperLeg"] = CFrame.new(-2.9802322387695312e-08, -2.7008354663848877e-07, -3.6154233384877443e-08, 0.9741623997688293, -0.20470130443572998, -0.09542026370763779, 0.15035735070705414, 0.9030745625495911, -0.4023049473762512, 0.16852395236492157, 0.37756311893463135, 0.9105194807052612),
            ["LeftUpperLeg"] = CFrame.new(-5.960464477539063e-08, -2.9616057872772217e-07, -4.284083843231201e-08, 0.9844185709953308, 0.13182248175144196, -0.1163744181394577, -0.16665375232696533, 0.9105537533760071, -0.37830981612205505, 0.056095439940690994, 0.3918094336986542, 0.9183347225189209),
            ["RightLowerLeg"] = CFrame.new(-1.955777406692505e-08, -0.00006026029586791992, -0.00007209757313830778, 1, -1.4528632164001465e-07, -1.4901166878189542e-07, 1.0430814256778831e-07, 0.021394813433289528, 0.9997711777687073, -1.527369164477932e-07, -0.9997711777687073, 0.021394969895482063),
            ["RightFoot"] = CFrame.new(8.940696716308594e-08, 2.980232238769531e-07, -4.300818545743823e-08, 0.9774155616760254, 0.17098696529865265, 0.12418636679649353, -0.20242755115032196, 0.9262725114822388, 0.3178716003894806, -0.060678571462631226, -0.33583152294158936, 0.9399656653404236),
            ["LeftLowerLeg"] = CFrame.new(2.0954757928848267e-08, 0.000060617923736572266, 0.00007215514779090881, 1, 5.471520125865936e-08, 2.0605511963367462e-08, -4.959292709827423e-08, 0.7852636575698853, 0.6191616058349609, 2.0489096641540527e-08, -0.6191616058349609, 0.7852635979652405),
        }},
        {Time = 0.133, Data = {
            ["LeftFoot"] = CFrame.new(8.847564458847046e-09, -1.7881393432617188e-07, 0, 0.9746173620223999, -0.06227546185255051, -0.2150416523218155, 0.07011739909648895, 0.9971163868904114, 0.029025990515947342, 0.21261397004127502, -0.04336737468838692, 0.976173460483551),
            ["LeftLowerArm"] = CFrame.new(5.960464477539063e-08, -5.960464477539063e-08, -1.4901161193847656e-07, 1, -7.450579886381092e-08, -2.2351738238057806e-08, 2.9802318834981634e-08, 0.7094789147377014, -0.7047267556190491, 5.960463766996327e-08, 0.7047267556190491, 0.7094789743423462),
            ["LowerTorso"] = CFrame.new(0.02654503472149372, 0.02197718620300293, 0.2755340337753296, 0.978748083114624, -0.1436651647090912, 0.14633040130138397, 0.14739961922168732, 0.9889641404151917, -0.014947975985705853, -0.14256800711154938, 0.03619933873414993, 0.9891228675842285),
            ["Head"] = CFrame.new(-5.587935447692871e-09, -2.384185791015625e-07, 1.0989606380462646e-07, 0.9875125288963318, 0.05927389860153198, -0.1459645926952362, -0.08634353429079056, 0.9786049127578735, -0.18675480782985687, 0.1317719668149948, 0.19702593982219696, 0.9715024828910828),
            ["RightUpperArm"] = CFrame.new(0, -2.384185791015625e-07, 1.043081283569336e-07, 0.8608443737030029, -0.48584258556365967, 0.1513410359621048, 0.4996647536754608, 0.8633346557617188, -0.07062774151563644, -0.09634406119585037, 0.13641926646232605, 0.9859552979469299),
            ["UpperTorso"] = CFrame.new(3.166496753692627e-08, 8.940696716308594e-08, 1.5832483768463135e-08, 0.9880144000053406, 0.14961497485637665, 0.03798721358180046, -0.15431246161460876, 0.9510741829872131, 0.26766711473464966, 0.003918338101357222, -0.2703208029270172, 0.9627623558044434),
            ["HumanoidRootPart"] = CFrame.new(0, 0, 0, 1, 0, 0, 0, 1, 0, 0, 0, 1),
            ["RightHand"] = CFrame.new(5.960464477539063e-08, -5.960464477539063e-08, -3.5762786865234375e-07, 0.5434445142745972, -0.5197487473487854, 0.659188449382782, 0.6069929003715515, 0.7857306599617004, 0.11910933256149292, -0.5798515677452087, 0.33539342880249023, 0.7424847483634949),
            ["LeftUpperArm"] = CFrame.new(5.960464477539063e-08, -2.384185791015625e-07, 8.940696716308594e-08, 0.5014462471008301, 0.5073854923248291, 0.7007936835289001, -0.2324972152709961, 0.8592194318771362, -0.45572683215141296, -0.833364725112915, 0.0655900090932846, 0.5488181114196777),
            ["RightLowerArm"] = CFrame.new(1.7881393432617188e-07, -1.7881393432617188e-07, 1.1920928955078125e-07, 1, -6.705521116145974e-08, 1.4901157641133977e-08, 4.423782584694891e-08, 0.6760441660881042, -0.7368610501289368, 3.725290653733282e-08, 0.7368611097335815, 0.6760441660881042),
            ["LeftHand"] = CFrame.new(3.8743019104003906e-07, 0, 2.086162567138672e-07, 0.25267839431762695, 0.675531804561615, 0.6926834583282471, -0.535697340965271, 0.6938467621803284, -0.48125362396240234, -0.8057183027267456, -0.24946638941764832, 0.5372006893157959),
            ["RightUpperLeg"] = CFrame.new(5.960464477539063e-08, 2.551823854446411e-07, -3.5222910810261965e-08, 0.9413613677024841, -0.32288745045661926, 0.0978904590010643, 0.3234728276729584, 0.9461817741394043, 0.010270304046571255, -0.0959382951259613, 0.021996721625328064, 0.995144248008728),
            ["LeftUpperLeg"] = CFrame.new(5.960464477539063e-08, 4.377216100692749e-08, -2.0489096641540527e-08, 0.9901626706123352, 0.058255765587091446, -0.12721668183803558, -0.1069062128663063, 0.9015628099441528, -0.41923201084136963, 0.09027113765478134, 0.42870816588401794, 0.8989217877388),
            ["RightLowerLeg"] = CFrame.new(-5.21540641784668e-08, -0.00006026029586791992, -0.000072038899816107, 1, -1.4901158351676713e-07, -2.0861631355728605e-07, 1.341104507446289e-07, -0.3304600119590759, 0.9438199996948242, -1.9185245037078857e-07, -0.9438199996948242, -0.33045998215675354),
            ["RightFoot"] = CFrame.new(-1.1920928955078125e-07, 3.5762786865234375e-07, 1.6596459317952394e-08, 0.921259880065918, 0.23162208497524261, 0.31246066093444824, -0.27760106325149536, 0.9542495608329773, 0.1111101433634758, -0.272429883480072, -0.1891007125377655, 0.9434102773666382),
            ["LeftLowerLeg"] = CFrame.new(-3.7136487662792206e-08, 0.000060617923736572266, 0.00007214024662971497, 1, 5.029141902923584e-08, 1.3969838619232178e-08, -4.936009645462036e-08, 0.8150275945663452, 0.5794221758842468, 1.30385160446167e-08, -0.5794221758842468, 0.81502765417099),
        }},
        {Time = 0.167, Data = {
            ["LeftFoot"] = CFrame.new(4.6566128730773926e-08, 1.1920928955078125e-07, 1.862645149230957e-09, 0.9355536103248596, -0.036440201103687286, -0.3512999713420868, 0.1001250296831131, 0.9812211990356445, 0.1648634672164917, 0.3386952579021454, -0.18941248953342438, 0.9216336607933044),
            ["LeftLowerArm"] = CFrame.new(2.384185791015625e-07, 1.1920928955078125e-07, 2.384185791015625e-07, 1, -8.940694584680386e-08, 5.960463056453591e-08, 5.960463766996327e-08, 0.6412596702575684, -0.7673238515853882, 1.0430811414607888e-07, 0.767323911190033, 0.6412597298622131),
            ["LowerTorso"] = CFrame.new(0.042632363736629486, -0.009198188781738281, 0.25645312666893005, 0.9526953101158142, -0.1347106248140335, 0.2724422216415405, 0.11487451940774918, 0.9895128011703491, 0.08756916970014572, -0.2813815474510193, -0.052130091935396194, 0.9581789970397949),
            ["Head"] = CFrame.new(1.955777406692505e-08, 1.1920928955078125e-07, 9.499490261077881e-08, 0.9823805093765259, 0.04892246052622795, -0.1803750991821289, -0.07944172620773315, 0.9829080700874329, -0.16607457399368286, 0.16916728019714355, 0.17747782170772552, 0.9694762825965881),
            ["RightUpperArm"] = CFrame.new(0, -1.1920928955078125e-07, -2.9802322387695312e-08, 0.8319610953330994, -0.5117337703704834, -0.21440432965755463, 0.5419963598251343, 0.8322247862815857, 0.11679910123348236, 0.11866249144077301, -0.21337862312793732, 0.9697364568710327),
            ["UpperTorso"] = CFrame.new(3.073364496231079e-08, -1.1920928955078125e-07, 2.0954757928848267e-08, 0.9921204447746277, 0.12165981531143188, -0.029934998601675034, -0.11603165417909622, 0.9823396801948547, 0.14678364992141724, 0.04726400598883629, -0.14215362071990967, 0.9887155890464783),
            ["HumanoidRootPart"] = CFrame.new(0, 0, 0, 1, 0, 0, 0, 1, 0, 0, 0, 1),
            ["RightHand"] = CFrame.new(2.682209014892578e-07, -1.1920928955078125e-07, 1.1920928955078125e-07, 0.5603611469268799, -0.4716055393218994, 0.6808698773384094, 0.54740971326828, 0.8277982473373413, 0.12285303324460983, -0.6215609312057495, 0.30387255549430847, 0.7220273613929749),
            ["LeftUpperArm"] = CFrame.new(5.960464477539063e-08, 1.1920928955078125e-07, 1.043081283569336e-07, 0.5545760989189148, 0.726904034614563, 0.4050382077693939, -0.4316995143890381, 0.667445957660675, -0.6067548990249634, -0.7113936543464661, 0.16163702309131622, 0.6839537024497986),
            ["RightLowerArm"] = CFrame.new(-2.9802322387695312e-08, -5.960464477539063e-08, 2.712476998567581e-07, 1, -8.940694584680386e-08, 4.4703469370688254e-08, 7.450581485102248e-09, 0.5921105742454529, -0.8058568239212036, 3.8940928703823374e-08, 0.8058567643165588, 0.5921103358268738),
            ["LeftHand"] = CFrame.new(-1.4901161193847656e-07, 1.1920928955078125e-07, -1.1920928955078125e-07, 0.30238333344459534, 0.9061828851699829, 0.2956297993659973, -0.7887038588523865, 0.4120316207408905, -0.4562632441520691, -0.5352668166160583, -0.09519809484481812, 0.8393014669418335),
            ["RightUpperLeg"] = CFrame.new(-2.9802322387695312e-08, -1.9744038581848145e-07, 2.8107024263590574e-08, 0.942955732345581, -0.25222107768058777, 0.21729961037635803, 0.06171771138906479, 0.7738338708877563, 0.6303744912147522, -0.3271474838256836, -0.5810040831565857, 0.7452576756477356),
            ["LeftUpperLeg"] = CFrame.new(2.9802322387695312e-08, -2.384185791015625e-07, -2.2351741790771484e-08, 0.9902833104133606, -0.013735024258494377, -0.13838453590869904, -0.05866774171590805, 0.8609586954116821, -0.5052804350852966, 0.1260833889245987, 0.5084894895553589, 0.8517871499061584),
            ["RightLowerLeg"] = CFrame.new(1.1920928955078125e-07, -0.00006020069122314453, -0.00007189640746219084, 1, -1.937150670983101e-07, -2.644957248776336e-07, 2.086162567138672e-07, -0.33239027857780457, 0.9431420564651489, -2.2351741790771484e-07, -0.9431419968605042, -0.3323902189731598),
            ["RightFoot"] = CFrame.new(1.1920928955078125e-07, 2.980232238769531e-07, 7.620110409334302e-08, 0.8966249227523804, 0.2840057611465454, 0.3397124111652374, -0.31237366795539856, 0.9494630694389343, 0.030700307339429855, -0.31382545828819275, -0.13364389538764954, 0.940028190612793),
            ["LeftLowerLeg"] = CFrame.new(0, 0.000060617923736572266, 0.0000721607357263565, 1, 5.308539385850963e-08, 1.1175872671742582e-08, -4.284084198502569e-08, 0.8585222363471985, 0.5127764940261841, 2.0489098417897367e-08, -0.5127764344215393, 0.8585221767425537),
        }},
        {Time = 0.200, Data = {
            ["LeftFoot"] = CFrame.new(1.1175870895385742e-08, -5.960464477539063e-08, 5.587935447692871e-09, 0.9417261481285095, 0.09912079572677612, -0.3214452862739563, -0.0855550765991211, 0.9947531819343567, 0.056094564497470856, 0.3253188133239746, -0.025324389338493347, 0.9452652335166931),
            ["LeftLowerArm"] = CFrame.new(-2.086162567138672e-07, -5.960464477539063e-08, 2.384185791015625e-07, 1, -5.215404996761208e-08, 2.9802318834981634e-08, 7.078050145992165e-08, 0.6884859204292297, -0.7252497673034668, 0, 0.7252496480941772, 0.6884859800338745),
            ["LowerTorso"] = CFrame.new(0.05207502096891403, -0.04846072196960449, 0.24351871013641357, 0.9211666584014893, -0.17424947023391724, 0.34797877073287964, 0.08927639573812485, 0.9649312496185303, 0.246855229139328, -0.378790020942688, -0.1963285356760025, 0.9044188261032104),
            ["Head"] = CFrame.new(5.587935447692871e-09, -5.960464477539062e-07, 2.9802322387695312e-08, 0.9759790897369385, 0.02742975950241089, -0.21613053977489471, -0.056585267186164856, 0.9899126291275024, -0.12988890707492828, 0.21038752794265747, 0.13899874687194824, 0.9676861763000488),
            ["RightUpperArm"] = CFrame.new(-5.960464477539063e-08, -5.960464477539062e-07, 2.9802322387695312e-08, 0.7348865270614624, -0.45030707120895386, -0.5071147084236145, 0.6350829601287842, 0.7192718982696533, 0.28163373470306396, 0.23793169856071472, -0.5290287733078003, 0.8145655989646912),
            ["UpperTorso"] = CFrame.new(5.587935447692871e-09, -1.1920928955078125e-07, -3.026798367500305e-08, 0.9919410347938538, 0.10384728759527206, -0.07258639484643936, -0.10765783488750458, 0.9928939938545227, -0.05070970579981804, 0.06680454313755035, 0.058115556836128235, 0.9960722327232361),
            ["HumanoidRootPart"] = CFrame.new(0, 0, 0, 1, 0, 0, 0, 1, 0, 0, 0, 1),
            ["RightHand"] = CFrame.new(-1.6391277313232422e-07, 1.1920928955078125e-07, 2.9802322387695312e-08, 0.5410584211349487, -0.6947036981582642, 0.4739648699760437, 0.7645078897476196, 0.6411246657371521, 0.06698416918516159, -0.3504047691822052, 0.32610732316970825, 0.8779923319816589),
            ["LeftUpperArm"] = CFrame.new(1.1920928955078125e-07, -2.384185791015625e-07, 1.1920928955078125e-07, 0.6158960461616516, 0.7704527974128723, 0.16454386711120605, -0.5370685458183289, 0.5634071826934814, -0.627797544002533, -0.5763934254646301, 0.29828667640686035, 0.760786235332489),
            ["RightLowerArm"] = CFrame.new(5.960464477539063e-08, 0, -4.470348358154297e-08, 1, -9.685752644372769e-08, 7.450579175838357e-08, 5.5879368687783426e-08, 0.5146462917327881, -0.8574027419090271, 2.2351747119842003e-08, 0.8574025630950928, 0.5146461725234985),
            ["LeftHand"] = CFrame.new(-1.564621925354004e-07, 5.960464477539063e-08, 7.450580596923828e-09, 0.2610286772251129, 0.9585082530975342, -0.1145692765712738, -0.9543418288230896, 0.23837582767009735, -0.1800244003534317, -0.1452445089817047, 0.15632963180541992, 0.9769672751426697),
            ["RightUpperLeg"] = CFrame.new(-5.960464477539063e-08, -2.3283064365386963e-07, -6.502523319795728e-08, 0.898025393486023, -0.1618139147758484, 0.4091047942638397, -0.12158456444740295, 0.8024029731750488, 0.5842660069465637, -0.4228092432022095, -0.5744264721870422, 0.7009041905403137),
            ["LeftUpperLeg"] = CFrame.new(0, -2.8312206268310547e-07, -7.450580596923828e-08, 0.9747717380523682, -0.10442987084388733, -0.19726765155792236, -0.05363092198967934, 0.7483256459236145, -0.6611599922180176, 0.21666531264781952, 0.6550596356391907, 0.7238460183143616),
            ["RightLowerLeg"] = CFrame.new(6.705522537231445e-08, -0.00006031990051269531, -0.00007206032023532316, 1, -1.3038514623531228e-07, -2.4214398308686214e-07, 1.9371512394172896e-07, -0.4069574773311615, 0.9134470820426941, -2.0861628513557662e-07, -0.9134471416473389, -0.4069575369358063),
            ["RightFoot"] = CFrame.new(1.4901161193847656e-08, 2.980232238769531e-07, -7.281050784513354e-08, 0.9559456706047058, 0.28509438037872314, -0.06992311030626297, -0.27071529626846313, 0.9483250975608826, 0.16550707817077637, 0.11349499225616455, -0.13928644359111786, 0.9837266802787781),
            ["LeftLowerLeg"] = CFrame.new(2.9802322387695312e-08, 0.000060439109802246094, 0.00007207691669464111, 1, 5.867331509534779e-08, 1.1175870895385742e-08, -5.366746336221695e-08, 0.8216132521629333, 0.5700453519821167, 4.0978193283081055e-08, -0.5700452327728271, 0.8216133117675781),
        }},
        {Time = 0.233, Data = {
            ["LeftFoot"] = CFrame.new(-2.0489096641540527e-08, 0, 7.450580596923828e-09, 0.9778628349304199, 0.07213858515024185, -0.19641901552677155, -0.09406431019306183, 0.9900473952293396, -0.10468082875013351, 0.1869126260280609, 0.12083948403596878, 0.9749162197113037),
            ["LeftLowerArm"] = CFrame.new(-2.682209014892578e-07, -2.384185791015625e-07, 1.1920928955078125e-07, 1, -6.70552182668871e-08, 2.9802315282267955e-08, -2.607702498380604e-08, 0.7670037746429443, -0.6416424512863159, 0, 0.641642689704895, 0.7670038938522339),
            ["LowerTorso"] = CFrame.new(0.05954229086637497, -0.07363486289978027, 0.23861296474933624, 0.9057825207710266, -0.20091451704502106, 0.37308377027511597, 0.06259151548147202, 0.9342276453971863, 0.35114264488220215, -0.41909483075141907, -0.29470697045326233, 0.8587825298309326),
            ["Head"] = CFrame.new(2.1420419216156006e-08, 1.1920928955078125e-07, -3.725290298461914e-08, 0.9709336757659912, 0.01715603843331337, -0.23873351514339447, -0.04349002242088318, 0.9934698939323425, -0.10548120737075806, 0.2353648990392685, 0.11279786378145218, 0.9653393030166626),
            ["RightUpperArm"] = CFrame.new(0, 2.384185791015625e-07, -2.9802322387695312e-08, 0.6380171775817871, -0.35951489210128784, -0.6809428930282593, 0.7091881036758423, 0.6188523173332214, 0.33774861693382263, 0.29997748136520386, -0.698405921459198, 0.6498020887374878),
            ["UpperTorso"] = CFrame.new(3.725290298461914e-09, 0, -5.681067705154419e-08, 0.9933182597160339, 0.0760711207985878, -0.08678771555423737, -0.09103144705295563, 0.978693425655365, -0.18404518067836761, 0.07093802094459534, 0.19071584939956665, 0.9790787696838379),
            ["HumanoidRootPart"] = CFrame.new(0, 0, 0, 1, 0, 0, 0, 1, 0, 0, 0, 1),
            ["RightHand"] = CFrame.new(-1.7415732145309448e-07, 0, -2.384185791015625e-07, 0.40994343161582947, -0.8539784550666809, 0.32041722536087036, 0.9107398986816406, 0.40249335765838623, -0.09247654676437378, -0.049992866814136505, 0.3297269642353058, 0.9427518248558044),
            ["LeftUpperArm"] = CFrame.new(0, 0, -2.9802322387695312e-08, 0.6514919400215149, 0.7580043077468872, -0.03143041580915451, -0.6186754107475281, 0.5068504810333252, -0.6002861261367798, -0.43908894062042236, 0.41052669286727905, 0.7991676330566406),
            ["RightLowerArm"] = CFrame.new(7.748603820800781e-07, 5.960464477539063e-08, 1.5925616025924683e-07, 1, -1.378357268322361e-07, 7.078050145992165e-08, 1.005828522693264e-07, 0.4470512568950653, -0.8945083618164062, 6.705523247774181e-08, 0.8945083618164062, 0.44705116748809814),
            ["LeftHand"] = CFrame.new(-7.171183824539185e-08, -3.5762786865234375e-07, -8.754432201385498e-08, 0.1475779414176941, 0.9359431266784668, -0.3197362422943115, -0.9851125478744507, 0.16791705787181854, 0.036842308938503265, 0.08817141503095627, 0.30953899025917053, 0.9467900395393372),
            ["RightUpperLeg"] = CFrame.new(-2.9802322387695312e-08, -2.9802322387695312e-08, -1.115913619287312e-07, 0.836158812046051, -0.08849503844976425, 0.5413012504577637, -0.11177995800971985, 0.9386924505233765, 0.3261314928531647, -0.5369763970375061, -0.333204448223114, 0.7750040292739868),
            ["LeftUpperLeg"] = CFrame.new(0, 0, -2.9802322387695312e-08, 0.9460347294807434, -0.1572953760623932, -0.2833312153816223, -0.09761547297239304, 0.69537752866745, -0.7119840979576111, 0.3090139627456665, 0.7012191414833069, 0.6424968242645264),
            ["RightLowerLeg"] = CFrame.new(-8.940696716308594e-08, -0.00006014108657836914, -0.00007201561675174162, 1, -1.210719204891575e-07, -1.713634105726669e-07, 1.6391278734317893e-07, -0.5600782036781311, 0.8284396529197693, -2.6822092991096724e-07, -0.8284397721290588, -0.5600783228874207),
            ["RightFoot"] = CFrame.new(0, 2.980232238769531e-07, -1.3205863069742918e-08, 0.8517577648162842, 0.2814732491970062, -0.44190680980682373, -0.20999398827552795, 0.9561293721199036, 0.2042527198791504, 0.4800116717815399, -0.0811760425567627, 0.8734983205795288),
            ["LeftLowerLeg"] = CFrame.new(-1.7229467630386353e-08, 0.000060677528381347656, 0.0000721663236618042, 1, 5.401671643312511e-08, 2.3283067918100642e-08, -4.284083843231201e-08, 0.828916609287262, 0.5593722462654114, 1.862645149230957e-08, -0.5593721866607666, 0.8289166688919067),
        }},
        {Time = 0.267, Data = {
            ["LeftFoot"] = CFrame.new(3.3527612686157227e-08, 0, -1.862645149230957e-09, 0.9898947477340698, 0.0782686397433281, -0.11824733018875122, -0.08086364716291428, 0.9965750575065613, -0.017301632091403008, 0.11648816615343094, 0.02668868750333786, 0.9928334951400757),
            ["LeftLowerArm"] = CFrame.new(3.2782554626464844e-07, -1.1920928955078125e-07, 5.960464477539063e-08, 1, -4.4703469370688254e-08, 0, 1.2293456563838845e-07, 0.7929951548576355, -0.60922771692276, 2.2351738238057806e-08, 0.6092278957366943, 0.7929953932762146),
            ["LowerTorso"] = CFrame.new(0.0689745843410492, -0.058858394622802734, 0.2468423992395401, 0.9072529673576355, -0.15686438977718353, 0.3902380168437958, 0.0251820906996727, 0.9464399814605713, 0.3218965232372284, -0.41983094811439514, -0.28221455216407776, 0.8626105785369873),
            ["Head"] = CFrame.new(5.587935447692871e-09, 0, -8.568167686462402e-08, 0.9686762094497681, 0.045665010809898376, -0.24409277737140656, -0.06700734794139862, 0.9945517182350159, -0.07985559105873108, 0.23911626636981964, 0.09371029585599899, 0.9664583802223206),
            ["RightUpperArm"] = CFrame.new(0, 0, -1.4901161193847656e-07, 0.5937926769256592, -0.31725969910621643, -0.7394298911094666, 0.7393779754638672, 0.5776391625404358, 0.3459091782569885, 0.3173806667327881, -0.7521165609359741, 0.5775727033615112),
            ["UpperTorso"] = CFrame.new(8.381903171539307e-09, -2.980232238769531e-07, 9.685754776000977e-08, 0.9933782815933228, 0.026148555800318718, -0.11187508702278137, -0.04324696213006973, 0.9872395992279053, -0.1532568782567978, 0.10644002258777618, 0.15708032250404358, 0.9818332195281982),
            ["HumanoidRootPart"] = CFrame.new(0, 0, 0, 1, 0, 0, 0, 1, 0, 0, 0, 1),
            ["RightHand"] = CFrame.new(1.2398231774568558e-07, -1.7881393432617188e-07, -1.341104507446289e-07, 0.4282594919204712, -0.848857581615448, 0.3098946511745453, 0.8996272087097168, 0.4328421950340271, -0.057608142495155334, -0.08523433655500412, 0.30346086621284485, 0.9490241408348083),
            ["LeftUpperArm"] = CFrame.new(5.960464477539063e-08, -2.384185791015625e-07, -1.043081283569336e-07, 0.6065050363540649, 0.7792331576347351, -0.1579478532075882, -0.7388235330581665, 0.47896185517311096, -0.47406265139579773, -0.2937542200088501, 0.404217004776001, 0.8662084341049194),
            ["RightLowerArm"] = CFrame.new(3.5762786865234375e-07, -1.1920928955078125e-07, -3.725290298461914e-08, 1, -5.634500865880909e-08, 2.537853660555811e-08, 5.785842915884132e-08, 0.3653421103954315, -0.9308733940124512, 3.6438002837257955e-08, 0.9308733940124512, 0.3653421700000763),
            ["LeftHand"] = CFrame.new(2.980232238769531e-07, 1.7881393432617188e-07, -2.3096799850463867e-07, 0.3695280849933624, 0.9241820573806763, -0.09662653505802155, -0.9250311255455017, 0.3757304251194, 0.05607439577579498, 0.08812830597162247, 0.06866136193275452, 0.993739902973175),
            ["RightUpperLeg"] = CFrame.new(0, -2.5704503059387207e-07, 8.77116690389812e-08, 0.7526565194129944, -0.1643414944410324, 0.6375734806060791, 0.19519567489624023, 0.9805105328559875, 0.02230829931795597, -0.6288138031959534, 0.10766103118658066, 0.7700664401054382),
            ["LeftUpperLeg"] = CFrame.new(-5.960464477539063e-08, -2.5704503059387207e-07, 4.470348358154297e-08, 0.9307864904403687, -0.18963482975959778, -0.3125304579734802, -0.0698242262005806, 0.7469631433486938, -0.6611888408660889, 0.3588332235813141, 0.6372478008270264, 0.6820220351219177),
            ["RightLowerLeg"] = CFrame.new(-2.2351741790771484e-08, -0.0000603795051574707, -0.0000721050237189047, 1, -1.687439947772873e-07, -2.1397143257217976e-07, 1.213047795545208e-07, -0.4870299696922302, 0.8733851909637451, -2.1245799075586547e-07, -0.8733853101730347, -0.4870300889015198),
