return {
    ["Top Rock"] = {
        {Time = 0.000, Data = {
            ["RightHand"] = CFrame.new(-2.6647472850527265e-07, 2.384185791015625e-07, 6.146795072936584e-08, 1, 2.7939677238464355e-09, -1.3969836842875338e-08, -1.862645149230957e-09, 1, 0, 3.655441105365753e-08, -1.4901161193847656e-08, 1),
            ["LeftLowerArm"] = CFrame.new(3.71044734492898e-07, -2.384185791015625e-07, 9.12696123123169e-08, 1, 6.33299421792799e-08, -1.0430814256778831e-07, 0, 0.9938088059425354, -0.11110413819551468, 0, 0.11110401153564453, 0.9938088655471802),
            ["LeftFoot"] = CFrame.new(6.379559636116028e-08, -7.450580596923828e-09, -1.1175870895385742e-08, 0.9982994794845581, -0.05562201887369156, -0.017444727942347527, 0.05118952691555023, 0.9796361923217773, -0.19414612650871277, 0.02788824774324894, 0.19292280077934265, 0.9808174967765808),
            ["Head"] = CFrame.new(4.842877388000488e-08, -1.1920928955078125e-07, 5.960464477539063e-08, 0.9770798683166504, -0.030745327472686768, -0.2106415182352066, 0.07713150978088379, 0.973408043384552, 0.21570251882076263, 0.198408305644989, -0.2270054668188095, 0.9534687399864197),
            ["RightFoot"] = CFrame.new(-9.313225746154785e-08, 3.948807716369629e-07, -1.0058283805847168e-07, 0.9736331105232239, 0.22307372093200684, -0.047716978937387466, -0.21777363121509552, 0.8466315865516663, -0.4855808913707733, -0.06792169064283371, 0.48316991329193115, 0.8728885054588318),
            ["UpperTorso"] = CFrame.new(2.2351741790771484e-08, 0, 2.9802322387695312e-08, 0.998573899269104, -0.05159647762775421, -0.013716716319322586, 0.05308897793292999, 0.9868196845054626, 0.1528674215078354, 0.005648494698107243, -0.15337757766246796, 0.9881515502929688),
            ["HumanoidRootPart"] = CFrame.new(0, 0, 0, 1, 0, 0, 0, 1, 0, 0, 0, 1),
            ["RightUpperArm"] = CFrame.new(-0.13219529390335083, -0.08813014626502991, 0, 0.7162843346595764, -0.3960095942020416, 0.5745547413825989, 0.1688351035118103, 0.897258460521698, 0.4079487919807434, -0.6770756840705872, -0.19520221650600433, 0.7095524072647095),
            ["LeftUpperArm"] = CFrame.new(0.023340582847595215, -0.13582152128219604, -0.023340582847595215, 0.8450122475624084, -0.04785217344760895, 0.5326017737388611, -0.2645008862018585, 0.8282160758972168, 0.4940623342990875, -0.4647512435913086, -0.5583622455596924, 0.6871957182884216),
            ["RightLowerArm"] = CFrame.new(-2.7245327771652228e-08, -2.384185791015625e-07, 1.4901161193847656e-07, 1, -6.798654794692993e-08, 7.171183824539185e-08, 6.053597445543346e-08, 0.6042241454124451, -0.7968144416809082, 2.7008358216562556e-08, 0.7968144416809082, 0.6042242050170898),
            ["LeftHand"] = CFrame.new(5.960464477539063e-08, 1.1920928955078125e-07, 1.4060097441870312e-07, 1, 3.725290742551124e-09, -1.4901161193847656e-08, -3.725290298461914e-09, 1, 5.587935447692871e-08, 7.450580596923828e-08, 1.1175872671742582e-08, 1),
            ["LowerTorso"] = CFrame.new(0.45905056595802307, -0.28160715103149414, 0.04585784301161766, 0.996749997138977, 0.02124721184372902, 0.07770584523677826, -0.028859257698059082, 0.9947493076324463, 0.09818834811449051, -0.07521161437034607, -0.10011175274848938, 0.9921294450759888),
            ["RightUpperLeg"] = CFrame.new(0, -2.980232238769531e-07, 1.043081283569336e-07, 0.9493563771247864, -0.3037087917327881, 0.08052104711532593, 0.31418314576148987, 0.9203810691833496, -0.23278261721134186, -0.003411918180063367, 0.24629178643226624, 0.9691897034645081),
            ["RightLowerLeg"] = CFrame.new(2.5724968821805305e-08, -0.0000054389238357543945, -0.00001728534698486328, 1, 2.9802311729554276e-08, -1.4901162970204496e-08, -9.313226634333205e-09, 0.6550348401069641, 0.7555981874465942, -1.862645326866641e-08, -0.7555987238883972, 0.6550354957580566),
            ["LeftUpperLeg"] = CFrame.new(-7.450580596923828e-08, -2.980232238769531e-07, 1.1920928955078125e-07, 0.9341562390327454, 0.29075294733047485, 0.2069179117679596, -0.042504407465457916, 0.6663452982902527, -0.7444310188293457, -0.35432419180870056, 0.686619758605957, 0.6348286867141724),
            ["LeftLowerLeg"] = CFrame.new(2.8456106804242154e-08, 0.000005632638931274414, 0.000017374753952026367, 1, 7.450580596923828e-09, 1.4901162970204496e-08, -2.2351745343485163e-08, 0.9551475644111633, 0.2961302101612091, 7.450581485102248e-09, -0.2961302697658539, 0.9551476240158081),
        }},
        {Time = 0.017, Data = {
            ["RightHand"] = CFrame.new(-6.79868890074431e-08, 0, 1.2200425203445775e-07, 1, 7.450580596923828e-09, 2.421438694000244e-08, 0, 1, -7.450580596923828e-09, 2.8870999813079834e-08, -1.4901161193847656e-08, 1),
            ["LeftLowerArm"] = CFrame.new(2.1158484742045403e-08, -8.940696716308594e-08, -2.3469328880310059e-07, 1, 1.6763808119435453e-08, -1.4901162970204496e-08, 1.4901161193847656e-08, 0.992064356803894, -0.12573161721229553, 1.4901161193847656e-08, 0.12573158740997314, 0.992064356803894),
            ["LeftFoot"] = CFrame.new(9.313225746154785e-10, -7.450580596923828e-08, -7.636845111846924e-08, 0.9978482723236084, -0.05519416928291321, -0.035390786826610565, 0.046754904091358185, 0.9774170517921448, -0.20608262717723846, 0.0459662526845932, 0.20398461818695068, 0.9778944253921509),
            ["Head"] = CFrame.new(-4.6566128730773926e-08, 8.940696716308594e-08, 1.862645149230957e-07, 0.9766925573348999, -0.03848123177886009, -0.2111654430627823, 0.07284331321716309, 0.984836995601654, 0.15744905173778534, 0.20190466940402985, -0.16916117072105408, 0.9646859765052795),
            ["RightFoot"] = CFrame.new(1.0244548320770264e-07, 3.0547380447387695e-07, 2.60770320892334e-08, 0.9742150902748108, 0.21811804175376892, -0.05770286172628403, -0.21765220165252686, 0.8411762118339539, -0.4950251281261444, -0.0594356544315815, 0.49482038617134094, 0.8669605851173401),
            ["UpperTorso"] = CFrame.new(1.4901161193847656e-08, -1.1920928955078125e-07, 0, 0.9986947774887085, -0.04802890866994858, -0.017379188910126686, 0.050150755792856216, 0.9865726828575134, 0.15543246269226074, 0.00968058593571186, -0.15610113739967346, 0.987693727016449),
            ["HumanoidRootPart"] = CFrame.new(0, 0, 0, 1, 0, 0, 0, 1, 0, 0, 0, 1),
            ["RightUpperArm"] = CFrame.new(-0.14121589064598083, -0.06924059987068176, 1.043081283569336e-07, 0.7408144474029541, -0.41308701038360596, 0.5296727418899536, 0.20018061995506287, 0.8884849548339844, 0.41294345259666443, -0.6411877870559692, -0.19988422095775604, 0.7408944368362427),
            ["LeftUpperArm"] = CFrame.new(0.010352671146392822, -0.13226500153541565, -0.027219504117965698, 0.8171256184577942, -0.03375426307320595, 0.5754706263542175, -0.25402212142944336, 0.8750505447387695, 0.41201868653297424, -0.5174732804298401, -0.4828532636165619, 0.7064518332481384),
            ["RightLowerArm"] = CFrame.new(2.2555043699412636e-07, 5.960464477539063e-08, 3.2782554626464844e-07, 1, -4.470348358154297e-08, 3.818422555923462e-08, 4.0978193283081055e-08, 0.6061146259307861, -0.7953773140907288, 8.754432201385498e-08, 0.7953773140907288, 0.6061146259307861),
            ["LeftHand"] = CFrame.new(3.655441105365753e-08, -2.980232238769531e-07, 1.1972650781899574e-07, 1, -9.313226634333205e-09, -5.960463766996327e-08, -4.470348358154297e-08, 1, -1.4901159417490817e-08, -5.960464477539063e-08, 1.1175872671742582e-08, 1),
            ["LowerTorso"] = CFrame.new(0.4618765711784363, -0.27983736991882324, 0.022694222629070282, 0.9964962005615234, 0.01838628202676773, 0.08159183710813522, -0.026620101183652878, 0.9945297837257385, 0.10100428014993668, -0.07928841561079025, -0.10282236337661743, 0.9915346503257751),
            ["RightUpperLeg"] = CFrame.new(7.450580596923828e-08, 2.9802322387695312e-08, 0, 0.9517678022384644, -0.2982846796512604, 0.07186359912157059, 0.30678677558898926, 0.928608775138855, -0.20872879028320312, -0.004472553730010986, 0.22070810198783875, 0.9753296375274658),
            ["RightLowerLeg"] = CFrame.new(-1.2904938273550215e-07, -0.000005811452865600586, -0.000017404556274414062, 1, 1.4901157641133977e-08, -2.2351741790771484e-08, -2.0489094865183688e-08, 0.6737219095230103, 0.7389847636222839, -3.7252898543727042e-09, -0.738985002040863, 0.6737221479415894),
            ["LeftUpperLeg"] = CFrame.new(0, -2.9802322387695312e-08, 2.9802322387695312e-08, 0.9318552017211914, 0.29567256569862366, 0.2102942019701004, -0.03608699142932892, 0.6522469520568848, -0.7571471929550171, -0.36103135347366333, 0.6979625821113586, 0.6184695363044739),
            ["LeftLowerLeg"] = CFrame.new(-1.591498488551224e-09, 0.000005662441253662109, 0.000017464160919189453, 1, 6.705523247774181e-08, 5.960465188081798e-08, -2.2351745343485163e-08, 0.9339778423309326, 0.35733088850975037, 7.450581485102248e-09, -0.35733094811439514, 0.9339778423309326),
        }},
        {Time = 0.033, Data = {
            ["RightHand"] = CFrame.new(-1.4901161193847656e-08, -1.1920928955078125e-07, -1.1827760459937053e-07, 1, -7.450580596923828e-09, -5.587935447692871e-08, 7.450580596923828e-09, 1, -1.4901161193847656e-08, -2.0489096641540527e-08, 7.450580596923828e-09, 1),
            ["LeftLowerArm"] = CFrame.new(-1.1327210813760757e-07, 0, -1.6763806343078613e-07, 1, -3.166496753692627e-08, -2.9802318834981634e-08, 3.725290298461914e-09, 0.9859457612037659, -0.16706590354442596, 2.9802322387695312e-08, 0.16706587374210358, 0.9859457015991211),
            ["LeftFoot"] = CFrame.new(-1.0617077350616455e-07, -1.4901161193847656e-08, 7.078051567077637e-08, 0.9972524046897888, -0.0454338863492012, -0.058510031551122665, 0.03400621563196182, 0.9824694395065308, -0.1832963079214096, 0.06581233441829681, 0.18080297112464905, 0.981315016746521),
            ["Head"] = CFrame.new(1.4901161193847656e-08, 1.7881393432617188e-07, 6.332993507385254e-08, 0.9767504930496216, -0.04422226548194885, -0.20976872742176056, 0.06831996887922287, 0.9916848540306091, 0.10905821621417999, 0.20320165157318115, -0.120853953063488, 0.9716498255729675),
            ["RightFoot"] = CFrame.new(-1.3969838619232178e-07, 1.7881393432617188e-07, 2.60770320892334e-08, 0.9743901491165161, 0.21366147696971893, -0.07009106874465942, -0.21938364207744598, 0.8348799347877502, -0.5048230290412903, -0.04934367910027504, 0.5072714686393738, 0.8603726029396057),
            ["UpperTorso"] = CFrame.new(-7.450580596923828e-09, 0, 0, 0.998884379863739, -0.04429300129413605, -0.016379883512854576, 0.046342432498931885, 0.9861028790473938, 0.15954169631004333, 0.009085680358111858, -0.1601227968931198, 0.9870553016662598),
            ["HumanoidRootPart"] = CFrame.new(0, 0, 0, 1, 0, 0, 0, 1, 0, 0, 0, 1),
            ["RightUpperArm"] = CFrame.new(-0.14892423152923584, -0.05376347899436951, -2.9802322387695312e-08, 0.7682919502258301, -0.4208959937095642, 0.48225945234298706, 0.22755166888237, 0.8837904930114746, 0.4088209867477417, -0.5982873439788818, -0.20435494184494019, 0.7747847437858582),
            ["LeftUpperArm"] = CFrame.new(-0.0001500546932220459, -0.12957638502120972, -0.031001925468444824, 0.7956045269966125, -0.011381006799638271, 0.6057095527648926, -0.23719006776809692, 0.9141548871994019, 0.3287276029586792, -0.5574535727500916, -0.4052054286003113, 0.7246062159538269),
            ["RightLowerArm"] = CFrame.new(5.726458240928878e-08, 8.940696716308594e-08, -2.2351741790771484e-07, 1, -6.705522537231445e-08, 5.774199962615967e-08, 5.21540641784668e-08, 0.6113278865814209, -0.7913774847984314, 5.587935447692871e-08, 0.7913774847984314, 0.6113278269767761),
            ["LeftHand"] = CFrame.new(3.259629011154175e-09, -5.960464477539063e-08, 1.1264269517141656e-07, 1, -2.980232594040899e-08, 8.940698137394065e-08, 3.725290298461914e-09, 1, 1.4901162970204496e-08, 1.4901161193847656e-08, 3.725290653733282e-08, 1),
            ["LowerTorso"] = CFrame.new(0.4618954062461853, -0.27389633655548096, 0.006077086552977562, 0.9965732097625732, 0.014962850138545036, 0.08135084062814713, -0.02315979264676571, 0.9946401119232178, 0.10077065974473953, -0.0794069916009903, -0.10230940580368042, 0.991578221321106),
            ["RightUpperLeg"] = CFrame.new(7.450580596923828e-08, -2.682209014892578e-07, -2.9802322387695312e-08, 0.9537786245346069, -0.29329556226730347, 0.06545303761959076, 0.3004157245159149, 0.9360484480857849, -0.18320409953594208, -0.007534246891736984, 0.19439929723739624, 0.9808935523033142),
            ["RightLowerLeg"] = CFrame.new(-1.496731130146145e-07, -0.0000054836273193359375, -0.000017434358596801758, 1, -7.450578820566989e-09, -2.9802322387695312e-08, 0, 0.6986367106437683, 0.7154763340950012, 1.1175872671742582e-08, -0.7154765129089355, 0.698637068271637),
            ["LeftUpperLeg"] = CFrame.new(5.960464477539063e-08, 0, 5.960464477539063e-08, 0.9296346306800842, 0.3003895580768585, 0.21341435611248016, -0.028789490461349487, 0.6366101503372192, -0.7706482410430908, -0.3673563599586487, 0.7102770805358887, 0.6004629135131836),
            ["LeftLowerLeg"] = CFrame.new(-2.3373953439431716e-08, 0.000005602836608886719, 0.000017464160919189453, 1, 5.2154071283894154e-08, 2.6077035641947077e-08, -2.2351745343485163e-08, 0.8966021537780762, 0.4428369998931885, -2.2351745343485163e-08, -0.442837119102478, 0.8966021537780762),
        }},
        {Time = 0.050, Data = {
            ["RightHand"] = CFrame.new(1.7881393432617188e-07, 1.7881393432617188e-07, 3.07339789173966e-08, 1, 3.725290298461914e-09, 2.2351741790771484e-08, -3.725290742551124e-09, 1, -7.450580596923828e-09, 0, 0, 1),
            ["LeftLowerArm"] = CFrame.new(-1.5337718650698662e-08, 8.940696716308594e-08, -5.21540641784668e-08, 1, -3.725290298461914e-08, 9.685754776000977e-08, -2.9802322387695312e-08, 0.9728735685348511, -0.23133772611618042, 4.470348358154297e-08, 0.2313377857208252, 0.9728735685348511),
            ["LeftFoot"] = CFrame.new(-4.0745362639427185e-08, -7.450580596923828e-09, -8.66129994392395e-08, 0.9963266253471375, -0.03136438876390457, -0.07968504726886749, 0.020637953653931618, 0.9910305738449097, -0.13203245401382446, 0.08311165124177933, 0.1299029290676117, 0.9880373477935791),
            ["Head"] = CFrame.new(9.313225746154785e-09, 1.1920928955078125e-07, 1.1175870895385742e-07, 0.9771897792816162, -0.04819510504603386, -0.20682726800441742, 0.06368792802095413, 0.9955878853797913, 0.06891138106584549, 0.20259352028369904, -0.08051177114248276, 0.9759476184844971),
            ["RightFoot"] = CFrame.new(1.2479722499847412e-07, 2.905726432800293e-07, -4.842877388000488e-08, 0.9744368195533752, 0.20907573401927948, -0.08222023397684097, -0.2214643955230713, 0.8324070572853088, -0.5079882144927979, -0.037767425179481506, 0.5132114291191101, 0.8574310541152954),
            ["UpperTorso"] = CFrame.new(1.4901161193847656e-08, -5.960464477539063e-08, 0, 0.9990849494934082, -0.04085952043533325, -0.01264866627752781, 0.04238235577940941, 0.9855464696884155, 0.16401836276054382, 0.005764144007116556, -0.16440433263778687, 0.9863762259483337),
            ["HumanoidRootPart"] = CFrame.new(0, 0, 0, 1, 0, 0, 0, 1, 0, 0, 0, 1),
            ["RightUpperArm"] = CFrame.new(-0.15548211336135864, -0.04059143364429474, 2.9802322387695312e-08, 0.7903652787208557, -0.4258565902709961, 0.44041910767555237, 0.24993513524532318, 0.8804832100868225, 0.4028424024581909, -0.5593346357345581, -0.20831641554832458, 0.8023398518562317),
            ["LeftUpperArm"] = CFrame.new(-0.008164703845977783, -0.12778493762016296, -0.03468683362007141, 0.7830254435539246, 0.017797108739614487, 0.6217349171638489, -0.2154659479856491, 0.9454590082168579, 0.24429836869239807, -0.5834771394729614, -0.32525449991226196, 0.7441531419754028),
            ["RightLowerArm"] = CFrame.new(-2.7740888697280752e-08, -4.470348358154297e-08, -8.940696716308594e-08, 1, -6.332993507385254e-08, 5.587936335871291e-09, 8.940696716308594e-08, 0.6191665530204773, -0.7852597236633301, 0, 0.7852596640586853, 0.6191666126251221),
            ["LeftHand"] = CFrame.new(5.8673322200775146e-08, 0, -5.583540740872195e-09, 1, 1.4901162970204496e-08, -2.2351741790771484e-08, -7.450581485102248e-09, 1, 5.21540641784668e-08, 7.450581485102248e-09, -7.450581485102248e-09, 1),
            ["LowerTorso"] = CFrame.new(0.45949995517730713, -0.2625877857208252, -0.006322471424937248, 0.9968273639678955, 0.011564993299543858, 0.0787494033575058, -0.019338704645633698, 0.9949313998222351, 0.09867984801530838, -0.07720901072025299, -0.09988968074321747, 0.9919984936714172),
            ["RightUpperLeg"] = CFrame.new(7.450580596923828e-08, -2.682209014892578e-07, -7.450580596923828e-09, 0.9553775787353516, -0.2894783318042755, 0.058787837624549866, 0.2951744794845581, 0.943145751953125, -0.15280118584632874, -0.011212881654500961, 0.16333547234535217, 0.9865069389343262),
            ["RightLowerLeg"] = CFrame.new(5.950165515855588e-08, -0.000005513429641723633, -0.000017434358596801758, 1, 7.450578820566989e-09, -7.4505797087454084e-09, -1.30385160446167e-08, 0.7328503131866455, 0.6803895831108093, 3.725290298461914e-09, -0.6803898215293884, 0.7328506708145142),
            ["LeftUpperLeg"] = CFrame.new(-1.043081283569336e-07, -2.980232238769531e-07, -2.9802322387695312e-08, 0.9277478456497192, 0.30244579911231995, 0.21865631639957428, -0.024185501039028168, 0.633374810218811, -0.7734672427177429, -0.3724232017993927, 0.7122942209243774, 0.5949268341064453),
            ["LeftLowerLeg"] = CFrame.new(-1.0763315572148713e-07, 0.000005543231964111328, 0.000017434358596801758, 1, 5.2154071283894154e-08, 5.960465188081798e-08, -4.842878098543224e-08, 0.8559700846672058, 0.5170255303382874, 3.725290742551124e-09, -0.5170254707336426, 0.855970025062561),
        }},
        {Time = 0.067, Data = {
            ["RightHand"] = CFrame.new(2.086162567138672e-07, 5.960464477539063e-08, 8.963986886101338e-08, 1, 1.4901161193847656e-08, 6.705523247774181e-08, -1.4901161193847656e-08, 1, 7.450581485102248e-09, 3.3527612686157227e-08, -9.313225746154785e-09, 1),
            ["LeftLowerArm"] = CFrame.new(-4.452886059880257e-09, 1.043081283569336e-07, 0, 1, 0, -3.725290298461914e-09, 2.7939677238464355e-08, 0.9492979645729065, -0.31437796354293823, -2.9802322387695312e-08, 0.31437793374061584, 0.9492979049682617),
            ["LeftFoot"] = CFrame.new(2.1187588572502136e-08, -6.705522537231445e-08, -5.075708031654358e-08, 0.9952768683433533, -0.01822780817747116, -0.09535058587789536, 0.011343639343976974, 0.9973222017288208, -0.07224848121404648, 0.09641233831644058, 0.07082553207874298, 0.9928184747695923),
            ["Head"] = CFrame.new(-7.636845111846924e-08, -4.470348358154297e-07, 3.725290298461914e-09, 0.977956235408783, -0.05058056116104126, -0.20259109139442444, 0.059028878808021545, 0.9976114630699158, 0.03587495908141136, 0.20029260218143463, -0.047042716294527054, 0.978606104850769),
            ["RightFoot"] = CFrame.new(5.21540641784668e-08, 4.842877388000488e-07, 4.470348358154297e-08, 0.9746813178062439, 0.20397497713565826, -0.09160058945417404, -0.22228674590587616, 0.8396025896072388, -0.4956369698047638, -0.024189524352550507, 0.5034497380256653, 0.8636859059333801),
            ["UpperTorso"] = CFrame.new(4.470348358154297e-08, -1.7881393432617188e-07, -4.470348358154297e-08, 0.9992623925209045, -0.03772909194231033, -0.007158721797168255, 0.03839583322405815, 0.9849863648414612, 0.16830825805664062, 0.0007011182606220245, -0.16845901310443878, 0.9857084155082703),
            ["HumanoidRootPart"] = CFrame.new(0, 0, 0, 1, 0, 0, 0, 1, 0, 0, 0, 1),
            ["RightUpperArm"] = CFrame.new(-0.1610240936279297, -0.029120638966560364, -4.470348358154297e-08, 0.8080431222915649, -0.4268968403339386, 0.40598684549331665, 0.26589611172676086, 0.8792281746864319, 0.3952939510345459, -0.5257047414779663, -0.2114642709493637, 0.823964536190033),
            ["LeftUpperArm"] = CFrame.new(-0.01369410753250122, -0.12692195177078247, -0.03827399015426636, 0.7818000316619873, 0.05209037661552429, 0.6213496923446655, -0.19052168726921082, 0.9688028693199158, 0.1585010588169098, -0.5937089920043945, -0.2422967404127121, 0.7673344612121582),
            ["RightLowerArm"] = CFrame.new(-1.56380977500703e-07, -1.4901161193847656e-08, -2.9802322387695312e-08, 1, -4.842878098543224e-08, 5.2154071283894154e-08, 6.705522537231445e-08, 0.6289281845092773, -0.777463436126709, 4.470348358154297e-08, 0.777463436126709, 0.6289281249046326),
            ["LeftHand"] = CFrame.new(1.1362135410308838e-07, -2.980232238769531e-07, 9.501270881173696e-10, 1, 0, -3.911554458113642e-08, 4.470348358154297e-08, 1, 0, -3.725290298461914e-09, -7.450580596923828e-09, 1),
            ["LowerTorso"] = CFrame.new(0.45500531792640686, -0.24438846111297607, -0.015620054677128792, 0.9971790909767151, 0.008231866173446178, 0.0746062621474266, -0.015349697321653366, 0.9953264594078064, 0.09534058719873428, -0.07347274571657181, -0.0962168350815773, 0.9926449656486511),
            ["RightUpperLeg"] = CFrame.new(3.0547380447387695e-07, -2.980232238769531e-07, -1.4901161193847656e-08, 0.9567428827285767, -0.2865590751171112, 0.050270259380340576, 0.2905322313308716, 0.950136125087738, -0.11328033357858658, -0.015302103012800217, 0.12298537790775299, 0.9922905564308167),
            ["RightLowerLeg"] = CFrame.new(8.192827749553544e-08, -0.000005543231964111328, -0.000017523765563964844, 1, 0, 7.450580596923828e-09, 2.561136724921198e-08, 0.7797019481658936, 0.626150906085968, -7.4505797087454084e-09, -0.6261507868766785, 0.7797019481658936),
            ["LeftUpperLeg"] = CFrame.new(5.960464477539063e-08, -2.384185791015625e-07, -5.960464477539063e-08, 0.9263781905174255, 0.3001927137374878, 0.2273937165737152, -0.022858476266264915, 0.6475237607955933, -0.761702299118042, -0.3759002685546875, 0.7004265785217285, 0.6067138910293579),
            ["LeftLowerLeg"] = CFrame.new(-1.5746287829188077e-08, 0.0000054836273193359375, 0.000017598271369934082, 1, 4.0978196835794733e-08, 8.381904059717726e-09, -3.3527616238870905e-08, 0.8223376870155334, 0.5690001845359802, -1.4901162970204496e-08, -0.5689999461174011, 0.8223374485969543),
        }},
        {Time = 0.083, Data = {
            ["RightHand"] = CFrame.new(-2.7938995117438026e-08, 2.384185791015625e-07, 8.789302086142925e-08, 1, -5.587935447692871e-09, -4.842878098543224e-08, -9.313226634333205e-09, 1, 1.6763808119435453e-08, 4.0978196835794733e-08, -4.6566128730773926e-09, 1),
            ["LeftLowerArm"] = CFrame.new(-7.826020009815693e-08, -8.940696716308594e-08, -1.1920928955078125e-07, 1, -3.725290298461914e-09, 4.0978189730367376e-08, 5.960464477539063e-08, 0.9115820527076721, -0.41111817955970764, 5.21540641784668e-08, 0.4111182689666748, 0.9115819931030273),
            ["LeftFoot"] = CFrame.new(-2.0605511963367462e-08, -6.705522537231445e-08, -2.8638169169425964e-08, 0.9944210052490234, -0.012201705947518349, -0.10477597266435623, 0.009327057749032974, 0.9995677471160889, -0.0278828926384449, 0.10507118701934814, 0.026750069111585617, 0.9941049218177795),
            ["Head"] = CFrame.new(-2.7939677238464355e-08, 1.1920928955078125e-07, -3.725290298461914e-09, 0.9790112972259521, -0.05153677985072136, -0.19718234241008759, 0.05439518764615059, 0.9984779953956604, 0.0091041075065732, 0.19641301035881042, -0.019638676196336746, 0.9803246259689331),
            ["RightFoot"] = CFrame.new(-9.872019290924072e-08, 2.8312206268310547e-07, -2.2351741790771484e-08, 0.9754709601402283, 0.1982227861881256, -0.09572984278202057, -0.2199958860874176, 0.8627875447273254, -0.4551917016506195, -0.0076348865404725075, 0.46508660912513733, 0.8852323293685913),
            ["UpperTorso"] = CFrame.new(1.6763806343078613e-08, -5.960464477539063e-08, -5.960464477539063e-08, 0.9993918538093567, -0.03486752137541771, -0.0006092248950153589, 0.03445194661617279, 0.9844731092453003, 0.1721218377351761, -0.0054016998037695885, -0.17203815281391144, 0.9850754737854004),
            ["HumanoidRootPart"] = CFrame.new(0, 0, 0, 1, 0, 0, 0, 1, 0, 0, 0, 1),
            ["RightUpperArm"] = CFrame.new(-0.16566291451454163, -0.018977895379066467, -7.450580596923828e-08, 0.8226355910301208, -0.4223601222038269, 0.3806344270706177, 0.2735315263271332, 0.8808869123458862, 0.38628849387168884, -0.49844884872436523, -0.21365922689437866, 0.8401776552200317),
            ["LeftUpperArm"] = CFrame.new(-0.01674535870552063, -0.12701544165611267, -0.0417630672454834, 0.7939426898956299, 0.089380644261837, 0.6013869047164917, -0.1643984615802765, 0.9838489294052124, 0.07081276178359985, -0.5853446125984192, -0.15508833527565002, 0.7958136200904846),
            ["RightLowerArm"] = CFrame.new(-1.8832469095286797e-07, 0, -1.7881393432617188e-07, 1, -6.146728281919422e-08, 5.215405707303944e-08, 8.195637946073475e-08, 0.6399160027503967, -0.7684448957443237, 5.960463766996327e-08, 0.768444836139679, 0.6399160027503967),
            ["LeftHand"] = CFrame.new(-1.3597309589385986e-07, -1.1920928955078125e-07, 1.201586172783209e-07, 1, -1.862645504502325e-08, -8.940698137394065e-08, 3.3527616238870905e-08, 1, 7.450581485102248e-09, 4.842878098543224e-08, -1.4901164746561335e-08, 1),
            ["LowerTorso"] = CFrame.new(0.44866839051246643, -0.21785807609558105, -0.022444220259785652, 0.9975777268409729, 0.004959752783179283, 0.06938347220420837, -0.011287832632660866, 0.9957766532897949, 0.09111225605010986, -0.06863854825496674, -0.09167474508285522, 0.9934206008911133),
            ["RightUpperLeg"] = CFrame.new(1.4156103134155273e-07, 2.384185791015625e-07, -1.30385160446167e-08, 0.9580333828926086, -0.28415781259536743, 0.03776741027832031, 0.2859627902507782, 0.9565445780754089, -0.056989241391420364, -0.019932305440306664, 0.06539767980575562, 0.997660219669342),
            ["RightLowerLeg"] = CFrame.new(2.774187279896978e-08, -0.000005632638931274414, -0.000017449259757995605, 1, 1.378357268322361e-07, 7.450580596923828e-09, -1.6298146476856346e-07, 0.843184232711792, 0.537624716758728, 6.146729703004894e-08, -0.5376248359680176, 0.8431842923164368),
            ["LeftUpperLeg"] = CFrame.new(3.725290298461914e-08, 2.086162567138672e-07, -8.940696716308594e-08, 0.925655722618103, 0.29193371534347534, 0.24069944024085999, -0.02442464977502823, 0.6809303760528564, -0.7319406867027283, -0.37757769227027893, 0.6716461777687073, 0.6374375820159912),
            ["LeftLowerLeg"] = CFrame.new(-7.098584831055632e-09, 0.000005543231964111328, 0.000017434358596801758, 1, 5.401672353855247e-08, 5.587935447692871e-09, 7.4505797087454084e-09, 0.8048700094223022, 0.5934513211250305, -2.9802318834981634e-08, -0.593451201915741, 0.8048698902130127),
        }},
        {Time = 0.100, Data = {
            ["RightHand"] = CFrame.new(-2.363222790791042e-07, -2.980232238769531e-07, 8.568032683342608e-08, 1, -6.984919309616089e-09, -2.2351741790771484e-08, -9.778887033462524e-09, 1, 7.916241884231567e-09, 7.450580596923828e-09, 2.1886080503463745e-08, 1),
            ["LeftLowerArm"] = CFrame.new(-3.6961864680051804e-09, -1.4901161193847656e-08, -2.9802322387695312e-08, 1, -5.21540641784668e-08, 7.450580596923828e-09, 5.960464477539063e-08, 0.8569519519805908, -0.5153963565826416, 2.9802322387695312e-08, 0.5153963565826416, 0.8569519519805908),
            ["LeftFoot"] = CFrame.new(-4.656612873077393e-10, -7.450580596923828e-09, -1.792795956134796e-08, 0.9938709735870361, -0.018974196165800095, -0.10890579223632812, 0.016510287299752235, 0.9995879530906677, -0.02348163351416588, 0.10930660367012024, 0.02153969369828701, 0.9937747120857239),
            ["Head"] = CFrame.new(-3.5390257835388184e-08, -4.470348358154297e-07, 9.476207196712494e-08, 0.9803389310836792, -0.05121059715747833, -0.19055981934070587, 0.04982538893818855, 0.9986851811408997, -0.012056471779942513, 0.190926656126976, 0.0023248300421983004, 0.9816015958786011),
            ["RightFoot"] = CFrame.new(3.5390257835388184e-08, 2.3096799850463867e-07, -1.1175870895385742e-07, 0.98111492395401, 0.17079059779644012, -0.0907970517873764, -0.19267264008522034, 0.9043129086494446, -0.38091370463371277, 0.017052363604307175, 0.39121466875076294, 0.9201417565345764),
            ["UpperTorso"] = CFrame.new(3.3527612686157227e-08, 5.960464477539063e-08, 2.9802322387695312e-08, 0.9994606375694275, -0.03222322463989258, 0.006338625680655241, 0.030614230781793594, 0.9840385317802429, 0.17530260980129242, -0.011886262334883213, -0.17501398921012878, 0.9844942688941956),
            ["HumanoidRootPart"] = CFrame.new(0, 0, 0, 1, 0, 0, 0, 1, 0, 0, 0, 1),
            ["RightUpperArm"] = CFrame.new(-0.1694948673248291, -0.009916871786117554, 7.450580596923828e-08, 0.8348644971847534, -0.41159000992774963, 0.36550667881965637, 0.27218279242515564, 0.8858240842819214, 0.3758087754249573, -0.47845369577407837, -0.21426479518413544, 0.851570725440979),
            ["LeftUpperArm"] = CFrame.new(-0.01733371615409851, -0.12809666991233826, -0.045153215527534485, 0.8205223679542542, 0.12676675617694855, 0.5573805570602417, -0.1397446244955063, 0.9899967312812805, -0.01943928189575672, -0.5542692542076111, -0.061940573155879974, 0.8300295472145081),
            ["RightLowerArm"] = CFrame.new(-1.1956657886003086e-09, -4.470348358154297e-08, 4.470348358154297e-08, 1, -8.102506399154663e-08, 8.568168397005138e-08, 4.470348358154297e-08, 0.6514475345611572, -0.7586937546730042, 7.450580596923828e-08, 0.7586936950683594, 0.651447594165802),
            ["LeftHand"] = CFrame.new(-1.1920928955078125e-07, 1.7881393432617188e-07, -1.2852962072429364e-07, 1, 0, -1.4901161193847656e-08, 0, 1, 2.2351741790771484e-08, 2.9802322387695312e-08, -7.450581485102248e-09, 1),
            ["LowerTorso"] = CFrame.new(0.440702348947525, -0.18337631225585938, -0.027182133868336678, 0.9979884028434753, 0.0017387887928634882, 0.06337323784828186, -0.007211416494101286, 0.9962491989135742, 0.08622949570417404, -0.0629856064915657, -0.08651304244995117, 0.9942576885223389),
            ["RightUpperLeg"] = CFrame.new(-9.685754776000977e-08, 1.7881393432617188e-07, 5.3085386753082275e-08, 0.9584447145462036, -0.28340980410575867, 0.032600272446870804, 0.28412938117980957, 0.9585773348808289, -0.020001016557216644, -0.02558135613799095, 0.02843252755701542, 0.9992683529853821),
            ["RightLowerLeg"] = CFrame.new(1.1316647174908212e-08, -0.000005543231964111328, -0.000017389655113220215, 1, -5.21540464148984e-08, -2.2351741790771484e-08, -4.190951585769653e-09, 0.8879733085632324, 0.4598946273326874, -1.862645149230957e-09, -0.45989495515823364, 0.8879735469818115),
            ["LeftUpperLeg"] = CFrame.new(-8.195638656616211e-08, 8.940696716308594e-08, 2.9802322387695312e-08, 0.9256287813186646, 0.27645376324653625, 0.2584274113178253, -0.028119627386331558, 0.7312454581260681, -0.6815345883369446, -0.37738659977912903, 0.6235811114311218, 0.6846355199813843),
            ["LeftLowerLeg"] = CFrame.new(3.36900569664067e-08, 0.000005513429641723633, 0.000017583370208740234, 1, 1.3969838619232178e-08, -1.3737009751935148e-08, -1.1175870895385742e-08, 0.8084233403205872, 0.5886014103889465, -4.0978193283081055e-08, -0.5886014699935913, 0.8084234595298767),
        }},
        {Time = 0.117, Data = {
            ["RightHand"] = CFrame.new(-1.1967512136834557e-07, 2.384185791015625e-07, -7.430199389091285e-08, 1, 4.656612873077393e-10, 1.4901161193847656e-08, 3.259629011154175e-09, 1, -1.257285475730896e-08, -4.0978193283081055e-08, 1.0943040251731873e-08, 1),
            ["LeftLowerArm"] = CFrame.new(-1.253793016076088e-07, -2.8312206268310547e-07, 1.4901161193847656e-08, 1, -2.9802322387695312e-08, 5.2154071283894154e-08, 5.21540641784668e-08, 0.7844151258468628, -0.6202361583709717, 2.0489096641540527e-08, 0.6202361583709717, 0.7844151854515076),
            ["LeftFoot"] = CFrame.new(-2.7939677238464355e-09, -7.450580596923828e-09, -2.7008354663848877e-08, 0.9932971000671387, -0.03277822956442833, -0.11084435135126114, 0.027577079832553864, 0.9984601140022278, -0.04813545197248459, 0.11225155740976334, 0.04475603625178337, 0.9926714301109314),
            ["Head"] = CFrame.new(-2.0489096641540527e-08, -1.4901161193847656e-07, 6.05359673500061e-08, 0.9819568395614624, -0.049746498465538025, -0.18244490027427673, 0.04536217451095581, 0.9985746145248413, -0.02812833897769451, 0.18358412384986877, 0.01934484764933586, 0.9828136563301086),
            ["RightFoot"] = CFrame.new(4.0978193283081055e-08, 2.7567148208618164e-07, 1.4901161193847656e-08, 0.9890915751457214, 0.12393192946910858, -0.07961752265691757, -0.1428910195827484, 0.9385331273078918, -0.3142259418964386, 0.035780951380729675, 0.32217490673065186, 0.9460038542747498),
            ["UpperTorso"] = CFrame.new(-1.6763806343078613e-08, 1.1920928955078125e-07, -5.960464477539063e-08, 0.9994748830795288, -0.02972213737666607, 0.012903020717203617, 0.02695811539888382, 0.9837026596069336, 0.17777059972286224, -0.017976457253098488, -0.1773294359445572, 0.9839874505996704),
            ["HumanoidRootPart"] = CFrame.new(0, 0, 0, 1, 0, 0, 0, 1, 0, 0, 0, 1),
            ["RightUpperArm"] = CFrame.new(-0.17260295152664185, -0.0017609596252441406, -7.450580596923828e-08, 0.843720555305481, -0.3974754810333252, 0.3607615828514099, 0.26518014073371887, 0.8929827809333801, 0.36367738246917725, -0.466706782579422, -0.21117530763149261, 0.8588305115699768),
            ["LeftUpperArm"] = CFrame.new(-0.015483468770980835, -0.1301911473274231, -0.04844437539577484, 0.8605782389640808, 0.16005252301692963, 0.48351654410362244, -0.12010617554187775, 0.9863402843475342, -0.11272728443145752, -0.49495407938957214, 0.03893733024597168, 0.8680462837219238),
            ["RightLowerArm"] = CFrame.new(-1.0471623568264476e-09, -3.2782554626464844e-07, 5.960464477539063e-08, 1, -4.423782229423523e-08, -3.725290742551124e-09, 2.2351745343485163e-08, 0.6628618240356445, -0.7487417459487915, 4.4703490686970326e-08, 0.7487417459487915, 0.6628618836402893),
            ["LeftHand"] = CFrame.new(-5.029141902923584e-08, 0, -2.2909773633728037e-07, 1, -2.980232594040899e-08, -6.705522537231445e-08, 1.4901161193847656e-08, 1, 4.470348358154297e-08, 4.470348358154297e-08, 0, 1),
            ["LowerTorso"] = CFrame.new(0.4312867224216461, -0.14600740373134613, -0.030083950608968735, 0.9983859658241272, -0.001440146821551025, 0.05677536502480507, -0.003160364693030715, 0.9967207908630371, 0.080857053399086, -0.05670561641454697, -0.080905981361866, 0.9951074719429016),
            ["RightUpperLeg"] = CFrame.new(-7.450580596923828e-08, 0, -3.725290298461914e-09, 0.9583780169487, -0.2807847857475281, 0.05168604478240013, 0.2838590145111084, 0.9565128684043884, -0.06713684648275375, -0.030587373301386833, 0.07901407033205032, 0.996404230594635),
            ["RightLowerLeg"] = CFrame.new(2.07173602717603e-08, -0.000005543231964111328, -0.000017464160919189453, 1, 0, 3.725290298461914e-09, -5.937180524995256e-09, 0.8687014579772949, 0.49533599615097046, 1.5599651348452426e-08, -0.4953360855579376, 0.8687015175819397),
            ["LeftUpperLeg"] = CFrame.new(0, 2.384185791015625e-07, -1.4901161193847656e-08, 0.9261999130249023, 0.25490090250968933, 0.277811735868454, -0.03312217816710472, 0.7889972925186157, -0.613503098487854, -0.3755752444267273, 0.5590248107910156, 0.7392120957374573),
            ["LeftLowerLeg"] = CFrame.new(-3.76188644679587e-08, 0.000005513429641723633, 0.000017449259757995605, 1, 1.30385160446167e-08, -4.5285567296105e-08, -2.9802322387695312e-08, 0.8269429802894592, 0.5622859597206116, -2.2351741790771484e-08, -0.5622857809066772, 0.8269429802894592),
        }},
        {Time = 0.133, Data = {
            ["RightHand"] = CFrame.new(-1.7904685023495404e-07, 3.5762786865234375e-07, 1.0832589225628908e-07, 1, -3.259628567064965e-09, -1.1175872671742582e-08, 5.122274604474342e-09, 1, -1.3969840395589017e-08, 3.3527616238870905e-08, -1.8160788428644992e-08, 1),
            ["LeftLowerArm"] = CFrame.new(-6.656046025454998e-08, -1.7881393432617188e-07, 0, 1, -5.960463766996327e-08, -4.470348358154297e-08, 6.332992796842518e-08, 0.6953948736190796, -0.7186278700828552, 5.913897638265553e-08, 0.7186278700828552, 0.6953949332237244),
            ["LeftFoot"] = CFrame.new(1.30385160446167e-08, 0, 3.725290298461914e-09, 0.9925891160964966, -0.04457696154713631, -0.11304803937673569, 0.035755470395088196, 0.9962415099143982, -0.0788952112197876, 0.11614027619361877, 0.07426834106445312, 0.9904523491859436),
            ["Head"] = CFrame.new(-2.9802322387695312e-08, 5.960464477539063e-08, 5.774199962615967e-08, 0.9839285016059875, -0.047298092395067215, -0.17218497395515442, 0.041074030101299286, 0.9983737468719482, -0.039534490555524826, 0.1737748384475708, 0.0318269282579422, 0.9842710494995117),
            ["RightFoot"] = CFrame.new(3.026798367500305e-07, 2.682209014892578e-07, -4.842877388000488e-08, 0.9934998750686646, 0.09333575516939163, -0.06516437977552414, -0.10776074975728989, 0.955624520778656, -0.27417072653770447, 0.03668263927102089, 0.27941086888313293, 0.9594707489013672),
            ["UpperTorso"] = CFrame.new(9.313225746154785e-09, 2.980232238769531e-07, -1.4901161193847656e-08, 0.9994663596153259, -0.027254611253738403, 0.01800462231040001, 0.02358509600162506, 0.9834761619567871, 0.17949531972408295, -0.02259918488562107, -0.178974911570549, 0.9835941195487976),
            ["HumanoidRootPart"] = CFrame.new(0, 0, 0, 1, 0, 0, 0, 1, 0, 0, 0, 1),
            ["RightUpperArm"] = CFrame.new(-0.17505919933319092, 0.005620211362838745, -7.450580596923828e-08, 0.8496135473251343, -0.382478266954422, 0.3631352484226227, 0.2560596466064453, 0.9010796546936035, 0.3499842584133148, -0.46107515692710876, -0.20436710119247437, 0.8635067939758301),
            ["LeftUpperArm"] = CFrame.new(-0.011228799819946289, -0.13332399725914001, -0.0516357347369194, 0.9093460440635681, 0.1832227110862732, 0.37352269887924194, -0.11011301726102829, 0.9717798829078674, -0.20861193537712097, -0.40120431780815125, 0.14857074618339539, 0.9038594961166382),
            ["RightLowerArm"] = CFrame.new(-2.1177962139518058e-07, 2.8312206268310547e-07, 1.4901161193847656e-07, 1, -6.193295831735668e-08, 6.332993507385254e-08, 4.470348358154297e-08, 0.6735242009162903, -0.739165186882019, 5.960464477539063e-08, 0.739165186882019, 0.6735241413116455),
            ["LeftHand"] = CFrame.new(2.0489096641540527e-08, -1.1920928955078125e-07, 1.1641430575082268e-07, 1, 0, 0, -4.4703490686970326e-08, 1, 3.725289943190546e-08, 0, -1.4901162970204496e-08, 1),
            ["LowerTorso"] = CFrame.new(0.4205741286277771, -0.11373389512300491, -0.031313635408878326, 0.9987519383430481, -0.00458392221480608, 0.04973459988832474, 0.0008360784850083292, 0.9971743226051331, 0.07511740922927856, -0.049938399344682693, -0.07498207688331604, 0.9959336519241333),
            ["RightUpperLeg"] = CFrame.new(-2.2351741790771484e-08, 1.7881393432617188e-07, -2.2351741790771484e-08, 0.9601325392723083, -0.26641762256622314, 0.08465932309627533, 0.27791574597358704, 0.9423611760139465, -0.18632829189300537, -0.030138498172163963, 0.20242808759212494, 0.9788333177566528),
            ["RightLowerLeg"] = CFrame.new(-8.795942818551339e-08, -0.000005632638931274414, -0.00001741945743560791, 1, -7.078051567077637e-08, -2.6077035641947077e-08, -1.862645149230957e-09, 0.7892856597900391, 0.6140261888504028, -7.450580596923828e-09, -0.6140262484550476, 0.7892857789993286),
            ["LeftUpperLeg"] = CFrame.new(-1.1920928955078125e-07, 2.9802322387695312e-08, -4.470348358154297e-08, 0.927172839641571, 0.23121848702430725, 0.2947687804698944, -0.03874514624476433, 0.841780424118042, -0.5384278297424316, -0.37262487411499023, 0.4877949059009552, 0.7894344925880432),
            ["LeftLowerLeg"] = CFrame.new(-2.5434268025037454e-08, 0.000005543231964111328, 0.0000174790620803833, 1, -1.8626449271863521e-09, -2.0954763257918785e-08, -3.725290298461914e-08, 0.8459838628768921, 0.5332085490226746, -4.0978193283081055e-08, -0.533208429813385, 0.8459839224815369),
        }},
