return {
    ["Tornado Spin"] = {
        {Time = 0.000, Data = {
            ["LeftLowerArm"] = CFrame.new(0.0000010728836059570312, -5.960464477539063e-08, 0.000004589557647705078, 1, 2.0116567611694336e-07, 1.6391277313232422e-07, -2.0582228899002075e-07, 0.9834151268005371, -0.1813689023256302, -1.1920928955078125e-07, 0.18136894702911377, 0.9834151268005371),
            ["LeftFoot"] = CFrame.new(2.9802322387695312e-08, -1.1920928955078125e-07, -2.9802322387695312e-08, 0.6762726306915283, -0.5292898416519165, -0.5123550891876221, 0.32591840624809265, 0.8387236595153809, -0.43625661730766296, 0.660630464553833, 0.12804259359836578, 0.7397111058235168),
            ["RightHand"] = CFrame.new(4.172325134277344e-07, 0.0000010728836059570312, -7.152557373046875e-07, 0.9967056512832642, -0.07234952598810196, -0.03665474057197571, 0.056900542229413986, 0.9458239078521729, -0.319655179977417, 0.05779581889510155, 0.3165164887905121, 0.9468247890472412),
            ["HumanoidRootPart"] = CFrame.new(0, 0, 0, 1, 0, 0, 0, 1, 0, 0, 0, 1),
            ["RightLowerLeg"] = CFrame.new(-1.2665987014770508e-07, -0.0007262229919433594, 0.00004608353629009798, 1, 5.5879375793210784e-08, 2.2724282189301448e-07, -6.70552182668871e-08, -0.8972265124320984, 0.4415707588195801, 2.5145706672446977e-07, -0.4415707290172577, -0.8972265124320984),
            ["LeftUpperLeg"] = CFrame.new(5.960464477539063e-08, -4.842877388000488e-08, 1.1175870895385742e-08, 0.7138577699661255, 0.4800651967525482, -0.5098474621772766, -0.27821218967437744, -0.4737148880958557, -0.8355790376663208, -0.6426546573638916, 0.7383302450180054, -0.2046051174402237),
            ["LeftLowerLeg"] = CFrame.new(5.960464477539063e-08, -0.0007264614105224609, 0.00008105859160423279, 1, 2.0861631355728605e-07, 2.3096799850463867e-07, -8.940698137394065e-08, -0.5498639941215515, 0.8352543711662292, 1.0430814256778831e-07, -0.8352542519569397, -0.5498637557029724),
            ["Skateboard"] = CFrame.new(-1.50333833694458, -0.03140416741371155, -0.00003600120544433594, 0.9999955296516418, 0.000003687212029035436, 0.003020572941750288, -0.0000037589497878798284, 1, 0.00002374402538407594, -0.003020572941750288, -0.00002375527037656866, 0.9999955296516418),
            ["RightUpperArm"] = CFrame.new(0.030590057373046875, -0.07003223896026611, -0.148445725440979, 0.655593991279602, -0.7505254149436951, 0.08311571925878525, 0.7238441109657288, 0.5932798385620117, -0.3522341549396515, 0.21504953503608704, 0.291085422039032, 0.9322140216827393),
            ["Head"] = CFrame.new(-2.7939677238464355e-09, -9.5367431640625e-07, -1.862645149230957e-08, 0.7277306318283081, 0.007345494814217091, -0.6858237385749817, -0.07260946929454803, 0.9951485395431519, -0.066388338804245, 0.6820087432861328, 0.09810978919267654, 0.7247334122657776),
            ["UpperTorso"] = CFrame.new(0, -8.940696716308594e-08, -9.499490261077881e-08, 0.777248740196228, -0.2520826756954193, 0.5764885544776917, 0.16017669439315796, 0.9653213620185852, 0.2061508297920227, -0.6084635853767395, -0.06789004057645798, 0.7906723618507385),
            ["LeftUpperArm"] = CFrame.new(0.09891712665557861, 0.045575737953186035, -0.1603585034608841, 0.9127260446548462, 0.3968319296836853, 0.09724107384681702, -0.4085088074207306, 0.8821657299995422, 0.23431645333766937, 0.007201625965535641, -0.2535906434059143, 0.9672849178314209),
            ["RightLowerArm"] = CFrame.new(3.5762786865234375e-07, 5.364418029785156e-07, -0.000003676861524581909, 1, -0.00001934171268658247, -2.2351745343485163e-08, 0.00001896918001875747, 0.9768114686012268, -0.2141016125679016, 0.0000043772165554401, 0.21410159766674042, 0.9768114686012268),
            ["LeftHand"] = CFrame.new(-0.000001430511474609375, -0.0000011920928955078125, 4.172325134277344e-07, 0.9657120108604431, 0.23355688154697418, -0.1133636087179184, -0.2572525143623352, 0.919654905796051, -0.2967424690723419, 0.03494899719953537, 0.3157309889793396, 0.9482049942016602),
            ["RightFoot"] = CFrame.new(5.21540641784668e-08, -1.1920928955078125e-07, 9.145878721028566e-09, 0.8755171298980713, 0.4828396141529083, -0.018318643793463707, -0.4074808955192566, 0.7174347639083862, -0.5650192499160767, -0.2596714496612549, 0.5021486282348633, 0.8248743414878845),
            ["RightUpperLeg"] = CFrame.new(-2.9802322387695312e-08, -1.6391277313232422e-07, -6.502523319795728e-08, 0.4971097409725189, 0.1616598516702652, 0.8524952530860901, 0.7828189134597778, -0.5073453783988953, -0.3602711856365204, 0.3742680251598358, 0.8464437127113342, -0.37875670194625854),
            ["LowerTorso"] = CFrame.new(0.09545917809009552, -0.8118822574615479, 0.44671112298965454, 0.9826328158378601, 0.1500188410282135, 0.10921128839254379, -0.1780049353837967, 0.9283103346824646, 0.3264264762401581, -0.05241183936595917, -0.3401975631713867, 0.9388923048973083),
        }},
        {Time = 0.033, Data = {
            ["LeftLowerArm"] = CFrame.new(0.0000018477439880371094, -1.1920928955078125e-07, 0.000004813075065612793, 1, 1.4156101713069802e-07, 1.1920930376163597e-07, -1.9371512394172896e-07, 0.9812694787979126, -0.19264009594917297, -8.195639367158947e-08, 0.19264009594917297, 0.9812694787979126),
            ["LeftFoot"] = CFrame.new(0, -1.1920928955078125e-07, -2.2351741790771484e-08, 0.6901761293411255, -0.37488558888435364, -0.6189650893211365, 0.25117379426956177, 0.926274299621582, -0.2809408903121948, 0.6786521673202515, 0.03843093290925026, 0.7334538102149963),
            ["RightHand"] = CFrame.new(3.2782554626464844e-07, 7.748603820800781e-07, -7.152557373046875e-07, 0.9976562857627869, -0.02244032919406891, -0.06464098393917084, 0.0018261215882375836, 0.9530887603759766, -0.30268537998199463, 0.068401038646698, 0.301858127117157, 0.9508959650993347),
            ["HumanoidRootPart"] = CFrame.new(0, 0, 0, 1, 0, 0, 0, 1, 0, 0, 0, 1),
            ["RightLowerLeg"] = CFrame.new(-1.1734664440155029e-07, -0.0007264614105224609, 0.00004598667874233797, 1, 8.94070240065048e-08, 2.868473814032768e-07, -1.4901162970204496e-08, -0.920476496219635, 0.39079782366752625, 2.3655596237404097e-07, -0.3907979726791382, -0.9204765558242798),
            ["LeftUpperLeg"] = CFrame.new(0, 1.6763806343078613e-07, 2.9802322387695312e-08, 0.7375407814979553, 0.4749535620212555, -0.4800545573234558, -0.22334706783294678, -0.4993061125278473, -0.8371438384056091, -0.6372988820075989, 0.7246465086936951, -0.2621791362762451),
            ["LeftLowerLeg"] = CFrame.new(-8.195638656616211e-08, -0.0007265806198120117, 0.00008097337558865547, 1, 8.940695295223122e-08, 1.564621925354004e-07, -8.940696716308594e-08, -0.5252484083175659, 0.8509489893913269, 1.341104507446289e-07, -0.8509489297866821, -0.5252483487129211),
            ["Skateboard"] = CFrame.new(-1.5039293766021729, -0.01413956843316555, -0.00004482269287109375, 0.9999989867210388, 0.00003417053449084051, 0.0014478480443358421, -0.00003416264371480793, 1, -0.000005477076228999067, -0.0014478480443358421, 0.000005427607902674936, 0.9999989867210388),
            ["RightUpperArm"] = CFrame.new(0.05418825149536133, -0.0844719409942627, -0.14384815096855164, 0.5526062250137329, -0.6974571943283081, 0.4562669098377228, 0.8332284092903137, 0.449917197227478, -0.3214110732078552, 0.018888266757130623, 0.5577884912490845, 0.8297683000564575),
            ["Head"] = CFrame.new(2.60770320892334e-08, -8.344650268554688e-07, -8.940696716308594e-08, 0.5339285731315613, 0.06101369485259056, -0.8433252573013306, -0.10175498574972153, 0.9947808384895325, 0.0075476816855371, 0.8393844962120056, 0.08178266882896423, 0.5373504757881165),
            ["UpperTorso"] = CFrame.new(-1.1175870895385742e-08, 2.384185791015625e-07, 4.470348358154297e-08, 0.6773929595947266, -0.2957824468612671, 0.6735365390777588, 0.0604332759976387, 0.9348832368850708, 0.34977293014526367, -0.7331348061561584, -0.19622980058193207, 0.6511584520339966),
            ["LeftUpperArm"] = CFrame.new(0.12798523902893066, 0.06808948516845703, -0.15863357484340668, 0.913381040096283, 0.4070966839790344, 0.0027146488428115845, -0.35892921686172485, 0.8021278381347656, 0.4772430956363678, 0.19210655987262726, -0.43687909841537476, 0.878767192363739),
            ["RightLowerArm"] = CFrame.new(5.960464477539062e-07, 4.172325134277344e-07, -0.000004002824425697327, 1, -0.000019405038983677514, 0.0000015608969761160552, 0.000018813183487509377, 0.9545578360557556, -0.29802581667900085, 0.000004269183136784704, 0.2980257570743561, 0.9545578956604004),
            ["LeftHand"] = CFrame.new(-0.0000016987323760986328, -0.0000011324882507324219, 2.9802322387695312e-08, 0.9682719707489014, 0.24716602265834808, 0.03685561195015907, -0.21692989766597748, 0.9045534133911133, -0.3670487105846405, -0.12405997514724731, 0.3474080264568329, 0.9294713139533997),
            ["RightFoot"] = CFrame.new(2.421438694000244e-07, 1.1920928955078125e-07, -2.8107024263590574e-08, 0.847730278968811, 0.5087763667106628, 0.15000024437904358, -0.3960725963115692, 0.795265793800354, -0.45899805426597595, -0.3528170883655548, 0.3296952545642853, 0.875683069229126),
            ["RightUpperLeg"] = CFrame.new(-5.960464477539063e-08, 1.043081283569336e-07, 4.300818545743823e-08, 0.3921245038509369, 0.18708980083465576, 0.9006862640380859, 0.8357545137405396, -0.48157167434692383, -0.26382386684417725, 0.38438621163368225, 0.8562045693397522, -0.3451971411705017),
            ["LowerTorso"] = CFrame.new(0.14866450428962708, -0.8143635988235474, 0.44246429204940796, 0.9704922437667847, 0.15347528457641602, 0.18598425388336182, -0.19781933724880219, 0.9477885961532593, 0.2501288056373596, -0.13788515329360962, -0.2795393764972687, 0.950181782245636),
        }},
        {Time = 0.067, Data = {
            ["LeftLowerArm"] = CFrame.new(0.0000017285346984863281, -4.76837158203125e-07, 0.000004500150680541992, 1, 1.3411047916633834e-07, 1.266598843585598e-07, -1.3411046495548362e-07, 0.98436439037323, -0.1761443018913269, -1.266598843585598e-07, 0.1761442869901657, 0.98436439037323),
            ["LeftFoot"] = CFrame.new(0, -1.7881393432617188e-07, 3.3527612686157227e-08, 0.6985250115394592, -0.22834017872810364, -0.6781768202781677, 0.19218941032886505, 0.9727664589881897, -0.12957188487052917, 0.6892939209938049, -0.039829038083553314, 0.7233859896659851),
            ["RightHand"] = CFrame.new(1.6391277313232422e-07, 0.0000010728836059570312, -7.897615432739258e-07, 0.9980352520942688, 0.004490457009524107, -0.06249448284506798, -0.022046860307455063, 0.9588095545768738, -0.28319281339645386, 0.05864868313074112, 0.2840144634246826, 0.9570248126983643),
            ["HumanoidRootPart"] = CFrame.new(0, 0, 0, 1, 0, 0, 0, 1, 0, 0, 0, 1),
            ["RightLowerLeg"] = CFrame.new(-1.9744038581848145e-07, -0.0007263422012329102, 0.00004618039383785799, 1, 0, 1.8998984785412176e-07, -8.195637946073475e-08, -0.9319698810577393, 0.3625355660915375, 2.1234151859061967e-07, -0.3625358045101166, -0.9319700002670288),
            ["LeftUpperLeg"] = CFrame.new(5.960464477539063e-08, -2.0116567611694336e-07, 6.705522537231445e-08, 0.7753337025642395, 0.45709288120269775, -0.4358021914958954, -0.19670210778713226, -0.4809498190879822, -0.8543978929519653, -0.6001381874084473, 0.7481666803359985, -0.2829854488372803),
            ["LeftLowerLeg"] = CFrame.new(-7.450580596923828e-09, -0.0007265210151672363, 0.00008086671005003154, 1, 2.980232594040899e-08, 1.499428918805279e-07, -7.450581307466564e-08, -0.48728156089782715, 0.8732450604438782, 1.3783575525394554e-07, -0.8732450008392334, -0.48728135228157043),
            ["Skateboard"] = CFrame.new(-1.5044176578521729, -1.6298145055770874e-09, 2.384185791015625e-07, 1, 1.0092762181557191e-09, 4.371138828673793e-08, -1.0097950253751264e-09, 1, 1.3187630674982298e-11, -4.371138828673793e-08, -1.2732926692182733e-11, 1),
            ["RightUpperArm"] = CFrame.new(0.07071232795715332, -0.08204936981201172, -0.13773652911186218, 0.42846986651420593, -0.6274807453155518, 0.6501394510269165, 0.9016947150230408, 0.34310272336006165, -0.26311057806015015, -0.05796780809760094, 0.6989624500274658, 0.7128053903579712),
            ["Head"] = CFrame.new(1.1548399925231934e-07, -7.152557373046875e-07, 7.450580596923828e-09, 0.413095086812973, 0.09909239411354065, -0.9052807092666626, -0.10854446887969971, 0.9923338890075684, 0.05909033492207527, 0.9041960835456848, 0.0738532617688179, 0.420684278011322),
            ["UpperTorso"] = CFrame.new(-7.450580596923828e-09, -1.1920928955078125e-07, 1.4901161193847656e-08, 0.6208404898643494, -0.31756991147994995, 0.7167331576347351, -0.07480984181165695, 0.8861014246940613, 0.457414448261261, -0.7803593277931213, -0.33760008215904236, 0.5263702869415283),
            ["LeftUpperArm"] = CFrame.new(0.14680272340774536, 0.08365964889526367, -0.1519792377948761, 0.8032246232032776, 0.5599851608276367, -0.20309285819530487, -0.3713186979293823, 0.7372932434082031, 0.5643767714500427, 0.46578168869018555, -0.37790927290916443, 0.800145149230957),
            ["RightLowerArm"] = CFrame.new(1.1920928955078125e-07, 4.76837158203125e-07, -0.000003937631845474243, 1, -0.000017479063899372704, 0.000008508563951181713, 0.00001898035770864226, 0.7798696160316467, -0.6259419322013855, 0.000004298985913919751, 0.625942051410675, 0.7798696756362915),
            ["LeftHand"] = CFrame.new(-0.0000014603137969970703, -0.0000013113021850585938, 1.4901161193847656e-07, 0.9462766647338867, 0.23415185511112213, 0.22300951182842255, -0.12406957149505615, 0.8997954726219177, -0.41830000281333923, -0.29860901832580566, 0.36815890669822693, 0.8805066347122192),
            ["RightFoot"] = CFrame.new(2.2724270820617676e-07, -5.960464477539063e-08, 3.149762051180005e-08, 0.8101434707641602, 0.5125489830970764, 0.2845369875431061, -0.3952963054180145, 0.836040735244751, -0.3804953992366791, -0.43290701508522034, 0.19577942788600922, 0.8799216151237488),
            ["RightUpperLeg"] = CFrame.new(0, -2.3096799850463867e-07, 2.8107024263590574e-08, 0.31191349029541016, 0.18354159593582153, 0.9322137236595154, 0.8856287002563477, -0.411462664604187, -0.2153143584728241, 0.3440520465373993, 0.8927547335624695, -0.2908906042575836),
            ["LowerTorso"] = CFrame.new(0.19890660047531128, -0.8097174167633057, 0.43926024436950684, 0.9518608450889587, 0.16891422867774963, 0.25579097867012024, -0.21200796961784363, 0.9654733538627625, 0.15137314796447754, -0.2213902771472931, -0.19831585884094238, 0.9548074007034302),
        }},
        {Time = 0.100, Data = {
            ["LeftLowerArm"] = CFrame.new(8.940696716308594e-07, -1.7881393432617188e-07, 0.000004857778549194336, 1, 1.7881393432617188e-07, 8.195640788244418e-08, -8.940698137394065e-08, 0.990112841129303, -0.1402730792760849, -1.0430814256778831e-07, 0.14027312397956848, 0.9901129603385925),
            ["LeftFoot"] = CFrame.new(0, 0, 2.9802322387695312e-08, 0.7145081758499146, -0.1474859118461609, -0.6839051246643066, 0.17206399142742157, 0.9845476150512695, -0.032556794583797455, 0.6781387329101562, -0.0944133922457695, 0.728844165802002),
            ["RightHand"] = CFrame.new(-8.940696716308594e-08, 9.5367431640625e-07, -5.364418029785156e-07, 0.9969429969787598, 0.03717735409736633, -0.06871990859508514, -0.054733630269765854, 0.959972083568573, -0.27469557523727417, 0.055756837129592896, 0.27761733531951904, 0.9590724110603333),
            ["HumanoidRootPart"] = CFrame.new(0, 0, 0, 1, 0, 0, 0, 1, 0, 0, 0, 1),
            ["RightLowerLeg"] = CFrame.new(-1.1362135410308838e-07, -0.0007262229919433594, 0.000046090986870694906, 1, 6.332995639013461e-08, 1.527369164477932e-07, -4.4703490686970326e-08, -0.9337087869644165, 0.3580334186553955, 2.868473814032768e-07, -0.358033686876297, -0.9337087869644165),
            ["LeftUpperLeg"] = CFrame.new(0, -4.842877388000488e-08, -7.450580596923828e-08, 0.8106833100318909, 0.44503653049468994, -0.38044074177742004, -0.18065708875656128, -0.4279424548149109, -0.8855667114257812, -0.5569162964820862, 0.7866435050964355, -0.26652660965919495),
            ["LeftLowerLeg"] = CFrame.new(-7.264316082000732e-08, -0.0007266402244567871, 0.00008099903061520308, 1, 7.450581307466564e-08, 1.3411042232291948e-07, -1.4901157641133977e-08, -0.435189813375473, 0.9003387093544006, 1.3876703519599687e-07, -0.9003387689590454, -0.4351898729801178),
            ["Skateboard"] = CFrame.new(-1.5043588876724243, 0.005078993272036314, -0.0001049041748046875, 0.9999992251396179, 0.000026748930395115167, -0.0012563170166686177, -0.000026767365852720104, 1, -0.000014660326087323483, 0.0012563170166686177, 0.00001469394555897452, 0.9999992251396179),
            ["RightUpperArm"] = CFrame.new(0.09330558776855469, -0.0774075984954834, -0.12477201223373413, 0.2963157892227173, -0.6056454181671143, 0.7385056018829346, 0.9521364569664001, 0.2480829507112503, -0.17858073115348816, -0.07505407929420471, 0.7560743689537048, 0.6501680016517639),
            ["Head"] = CFrame.new(9.313225746154785e-09, -8.344650268554688e-07, -1.19674950838089e-07, 0.2318423092365265, 0.13550007343292236, -0.9632699489593506, -0.1348525881767273, 0.9851663112640381, 0.10612353682518005, 0.9633607864379883, 0.10529547929763794, 0.24667568504810333),
            ["UpperTorso"] = CFrame.new(-6.705522537231445e-08, 0, 7.450580596923828e-09, 0.4834309220314026, -0.36436593532562256, 0.795947253704071, -0.23315517604351044, 0.8228170871734619, 0.5182766914367676, -0.8437614440917969, -0.4361302852630615, 0.3128214180469513),
            ["LeftUpperArm"] = CFrame.new(0.1705697774887085, 0.09457516670227051, -0.1394306719303131, 0.7795289158821106, 0.5760514736175537, -0.24596606194972992, -0.3247205317020416, 0.7074580192565918, 0.6277419328689575, 0.5356222987174988, -0.4094727337360382, 0.7385395765304565),
            ["RightLowerArm"] = CFrame.new(3.8743019104003906e-07, 7.748603820800781e-07, -0.000004075467586517334, 1, -0.000013090670108795166, 0.000014418739738175645, 0.000018939377696369775, 0.4897807836532593, -0.8718457221984863, 0.0000043064360397693235, 0.8718456625938416, 0.4897807240486145),
            ["LeftHand"] = CFrame.new(-0.0000014044344425201416, -0.0000011920928955078125, 2.849847078323364e-07, 0.9146373271942139, 0.22940920293331146, 0.33288097381591797, -0.06638187170028687, 0.8974489569664001, -0.4360949993133545, -0.39878830313682556, 0.3767717778682709, 0.8360690474510193),
            ["RightFoot"] = CFrame.new(2.1141022443771362e-07, 0, 1.6952981241047382e-09, 0.8313473463058472, 0.47530341148376465, 0.2880078852176666, -0.35862794518470764, 0.8547009229660034, -0.37532955408096313, -0.42455577850341797, 0.2087414711713791, 0.8810103535652161),
            ["RightUpperLeg"] = CFrame.new(-5.960464477539063e-08, 1.1548399925231934e-07, 2.0656443666666746e-08, 0.3359642028808594, 0.1521678864955902, 0.9295014142990112, 0.8978261351585388, -0.35000550746917725, -0.26721614599227905, 0.28466883301734924, 0.92430579662323, -0.2542096972465515),
            ["LowerTorso"] = CFrame.new(0.2333492636680603, -0.7852360010147095, 0.44702842831611633, 0.936085045337677, 0.18750561773777008, 0.2976350486278534, -0.22157162427902222, 0.9714443683624268, 0.08486428111791611, -0.273223340511322, -0.1453876495361328, 0.9509003758430481),
        }},
        {Time = 0.133, Data = {
            ["LeftLowerArm"] = CFrame.new(0.0000016093254089355469, -1.7881393432617188e-07, 0.0000044405460357666016, 1, 2.0861628513557662e-07, 1.6205014219394798e-07, -1.7136335372924805e-07, 0.9958852529525757, -0.09062362462282181, -1.564621925354004e-07, 0.0906236320734024, 0.9958853125572205),
            ["LeftFoot"] = CFrame.new(1.4901161193847656e-08, -1.1920928955078125e-07, -1.4901161193847656e-08, 0.7312300801277161, -0.11546048521995544, -0.672288179397583, 0.16713346540927887, 0.9858554005622864, 0.01247300487011671, 0.6613388657569885, -0.1214824840426445, 0.7401845455169678),
            ["RightHand"] = CFrame.new(4.76837158203125e-07, 0.0000010728836059570312, -7.599592208862305e-07, 0.9961279034614563, 0.003921136725693941, -0.08782858401536942, -0.018928853794932365, 0.9851407408714294, -0.1707032024860382, 0.08585413545370102, 0.17170462012290955, 0.9814003109931946),
            ["HumanoidRootPart"] = CFrame.new(0, 0, 0, 1, 0, 0, 0, 1, 0, 0, 0, 1),
            ["RightLowerLeg"] = CFrame.new(1.816079020500183e-08, -0.0007262825965881348, 0.00004606118454830721, 1, 3.9581220079298873e-08, 2.6053751867038955e-07, -6.798654794692993e-08, -0.9302657842636108, 0.36688634753227234, 2.323649823665619e-07, -0.36688655614852905, -0.9302657842636108),
            ["LeftUpperLeg"] = CFrame.new(0, -1.7508864402770996e-07, -7.82310962677002e-08, 0.8334295749664307, 0.4417440891265869, -0.3320501148700714, -0.16894908249378204, -0.36841779947280884, -0.9141797423362732, -0.5261667370796204, 0.8180040121078491, -0.23241809010505676),
            ["LeftLowerLeg"] = CFrame.new(-1.2479722499847412e-07, -0.0007265806198120117, 0.0000812676444184035, 1, 2.980232594040899e-08, 2.309680269263481e-07, -4.4703490686970326e-08, -0.37950408458709717, 0.9251900911331177, 1.1734665861240501e-07, -0.9251901507377625, -0.37950411438941956),
            ["Skateboard"] = CFrame.new(-1.5046330690383911, 0.006158198695629835, -0.0000069141387939453125, 0.9999983310699463, -0.00006025091715855524, -0.0018776444485411048, 0.00006028103598509915, 1, 0.000015985549907782115, 0.0018776435172185302, -0.000016098705600597896, 0.9999983310699463),
            ["RightUpperArm"] = CFrame.new(0.1012347936630249, -0.06239902973175049, -0.12013648450374603, 0.18691769242286682, -0.5466668009757996, 0.8162213563919067, 0.9806321859359741, 0.1533088982105255, -0.12188909947872162, -0.058501411229372025, 0.8231960535049438, 0.5647352337837219),
            ["Head"] = CFrame.new(5.3085386753082275e-08, -0.0000010728836059570312, -1.825392246246338e-07, 0.16455675661563873, 0.17365117371082306, -0.9709615707397461, -0.1460399031639099, 0.9778211712837219, 0.15012720227241516, 0.9754965901374817, 0.11709453910589218, 0.18626710772514343),
            ["UpperTorso"] = CFrame.new(2.2351741790771484e-08, -1.7881393432617188e-07, -2.2351741790771484e-08, 0.413803368806839, -0.40078455209732056, 0.81739741563797, -0.31467404961586, 0.779563307762146, 0.5415360927581787, -0.8542523980140686, -0.48130321502685547, 0.196469247341156),
            ["LeftUpperArm"] = CFrame.new(0.17567437887191772, 0.09409642219543457, -0.13324283063411713, 0.7677958607673645, 0.5813803672790527, -0.26923301815986633, -0.3139890432357788, 0.7077409625053406, 0.6328613758087158, 0.558480441570282, -0.4013722836971283, 0.7259477972984314),
            ["RightLowerArm"] = CFrame.new(3.5762786865234375e-07, 2.384185791015625e-07, -0.0000038817524909973145, 1, -0.000009078531547856983, 0.00001725554648146499, 0.000019013883502339013, 0.25488999485969543, -0.9669700860977173, 0.000004366040684544714, 0.9669700860977173, 0.25489020347595215),
            ["LeftHand"] = CFrame.new(-0.000001341104507446289, -0.0000010728836059570312, 1.9371509552001953e-07, 0.9122521281242371, 0.23254412412643433, 0.33722224831581116, -0.06535117328166962, 0.8953161835670471, -0.44061124324798584, -0.4043826162815094, 0.3799108862876892, 0.8319513201713562),
            ["RightFoot"] = CFrame.new(9.627547115087509e-08, -2.384185791015625e-07, 9.145878721028566e-09, 0.8799650073051453, 0.40710434317588806, 0.24480123817920685, -0.3112574815750122, 0.8834177255630493, -0.35027408599853516, -0.3588598370552063, 0.23203270137310028, 0.904090940952301),
            ["RightUpperLeg"] = CFrame.new(2.9802322387695312e-08, -1.0058283805847168e-07, -1.287116901949048e-08, 0.41390690207481384, 0.14117667078971863, 0.8993053436279297, 0.8763841390609741, -0.329018771648407, -0.3517065942287445, 0.24623563885688782, 0.9337108135223389, -0.25990840792655945),
            ["LowerTorso"] = CFrame.new(0.2575245499610901, -0.7502615451812744, 0.4618852734565735, 0.9272733926773071, 0.19901107251644135, 0.31710994243621826, -0.22637495398521423, 0.9726767539978027, 0.05152183026075363, -0.29819196462631226, -0.11956053972244263, 0.9469883441925049),
        }},
        {Time = 0.167, Data = {
            ["LeftLowerArm"] = CFrame.new(0.0000014901161193847656, -4.172325134277344e-07, 0.0000045746564865112305, 1, 1.6391281576488836e-07, 1.1175872316471214e-07, -1.1175872316471214e-07, 0.9993399381637573, -0.03632945939898491, -8.940698137394065e-08, 0.03632944077253342, 0.9993398785591125),
            ["LeftFoot"] = CFrame.new(-7.450580596923828e-08, -2.980232238769531e-07, 4.470348358154297e-08, 0.7389416694641113, -0.11636671423912048, -0.6636444330215454, 0.17133498191833496, 0.985047459602356, 0.018051311373710632, 0.6516207456588745, -0.12704439461231232, 0.7478303909301758),
            ["RightHand"] = CFrame.new(5.066394805908203e-07, 0.0000010728836059570312, -7.003545761108398e-07, 0.9953511953353882, -0.03433483839035034, -0.08998376876115799, 0.025168124586343765, 0.9945583343505859, -0.1010960191488266, 0.09296533465385437, 0.09836141765117645, 0.9907990097999573),
            ["HumanoidRootPart"] = CFrame.new(0, 0, 0, 1, 0, 0, 0, 1, 0, 0, 0, 1),
            ["RightLowerLeg"] = CFrame.new(-1.30385160446167e-07, -0.0007262229919433594, 0.00004601648106472567, 1, -1.4901166522918174e-08, 2.1234160385574796e-07, -2.421438694000244e-08, -0.9208939075469971, 0.38981327414512634, 2.812594175338745e-07, -0.3898136019706726, -0.9208939671516418),
            ["LeftUpperLeg"] = CFrame.new(0, 1.0058283805847168e-07, 4.0978193283081055e-08, 0.8362123966217041, 0.4539088308811188, -0.30775901675224304, -0.16053086519241333, -0.3340071439743042, -0.9287998676300049, -0.5243842005729675, 0.8260786533355713, -0.20643454790115356),
            ["LeftLowerLeg"] = CFrame.new(-1.30385160446167e-08, -0.0007264614105224609, 0.00008116148819681257, 1, 1.49011640360186e-07, 1.6577540407070046e-07, -7.450579886381092e-08, -0.342001348733902, 0.9396995306015015, 7.427296822015705e-08, -0.9396995306015015, -0.34200140833854675),
            ["Skateboard"] = CFrame.new(-1.5046793222427368, 0.006733960937708616, 0.000027894973754882812, 0.9999983906745911, 0.00006691710586892441, -0.0018190565751865506, -0.00006690343434456736, 1, 0.000007578506483696401, 0.0018190577393397689, -0.000007456793355231639, 0.9999983310699463),
            ["RightUpperArm"] = CFrame.new(0.1059805154800415, -0.056024909019470215, -0.11748984456062317, 0.11231723427772522, -0.4872937798500061, 0.8659848570823669, 0.9928667545318604, 0.09012167900800705, -0.07806149125099182, -0.040005140006542206, 0.8685751557350159, 0.49393993616104126),
            ["Head"] = CFrame.new(1.8844730220735073e-08, -9.5367431640625e-07, -5.960464477539063e-08, 0.13517704606056213, 0.1972334086894989, -0.9709924459457397, -0.1508270651102066, 0.9726625680923462, 0.17657482624053955, 0.9792743921279907, 0.12258309125900269, 0.16122987866401672),
            ["UpperTorso"] = CFrame.new(7.450580596923828e-08, 2.682209014892578e-07, 3.725290298461914e-08, 0.36098575592041016, -0.42101672291755676, 0.8321263790130615, -0.3504631817340851, 0.765642523765564, 0.5394137501716614, -0.8642134666442871, -0.4863501191139221, 0.1288350373506546),
            ["LeftUpperArm"] = CFrame.new(0.17905205488204956, 0.09234881401062012, -0.13004910945892334, 0.7470376491546631, 0.5937783122062683, -0.29893550276756287, -0.3068077862262726, 0.7068665027618408, 0.6373448371887207, 0.5897489786148071, -0.38440486788749695, 0.7102317810058594),
            ["RightLowerArm"] = CFrame.new(7.450580596923828e-07, 5.960464477539062e-07, -0.000003777444362640381, 1, -0.000007003544851613697, 0.00001820922625483945, 0.00001903623342514038, 0.14313571155071259, -0.9897031188011169, 0.000004336237907409668, 0.9897031188011169, 0.14313572645187378),
            ["LeftHand"] = CFrame.new(-0.000001564621925354004, -0.0000012516975402832031, 2.5331974029541016e-07, 0.9186789989471436, 0.1994210183620453, 0.34096887707710266, -0.04475340247154236, 0.9101923704147339, -0.4117608666419983, -0.3924615681171417, 0.36301669478416443, 0.8450995683670044),
            ["RightFoot"] = CFrame.new(2.919696271419525e-07, 0, 3.149762051180005e-08, 0.9223331212997437, 0.3409624397754669, 0.18178729712963104, -0.27578797936439514, 0.9104229807853699, -0.3083355128765106, -0.2706340551376343, 0.234253391623497, 0.9337466359138489),
            ["RightUpperLeg"] = CFrame.new(1.1920928955078125e-07, 2.5704503059387207e-07, 7.281050784513354e-08, 0.503792941570282, 0.1482282131910324, 0.8510119318962097, 0.8336787223815918, -0.3414217233657837, -0.4340633451938629, 0.2262134701013565, 0.9281485080718994, -0.29558050632476807),
            ["LowerTorso"] = CFrame.new(0.26607203483581543, -0.7168848514556885, 0.4781882166862488, 0.9305332899093628, 0.19308315217494965, 0.31116983294487, -0.22020651400089264, 0.9739479422569275, 0.0541716031730175, -0.29260358214378357, -0.11893010139465332, 0.9488091468811035),
        }},
        {Time = 0.200, Data = {
            ["LeftLowerArm"] = CFrame.new(0.0000013113021850585938, -3.5762786865234375e-07, 0.000004753470420837402, 1, 1.303851746570217e-07, 1.4156103134155273e-07, -1.1175872316471214e-07, 0.9995908141136169, -0.02860703319311142, -1.266598843585598e-07, 0.028606999665498734, 0.9995907545089722),
            ["LeftFoot"] = CFrame.new(5.960464477539063e-08, 5.960464477539063e-08, 7.078051567077637e-08, 0.745258629322052, -0.1633591204881668, -0.6464545130729675, 0.1997852623462677, 0.9796879887580872, -0.017247259616851807, 0.6361411213874817, -0.11629857122898102, 0.7627575397491455),
            ["RightHand"] = CFrame.new(2.980232238769531e-07, 9.5367431640625e-07, -9.313225746154785e-07, 0.9977808594703674, -0.01667102985084057, -0.06446382403373718, 0.007305395323783159, 0.989713728427887, -0.14287534356117249, 0.06618265807628632, 0.14208745956420898, 0.9876391291618347),
            ["HumanoidRootPart"] = CFrame.new(0, 0, 0, 1, 0, 0, 0, 1, 0, 0, 0, 1),
            ["RightLowerLeg"] = CFrame.new(-2.7939677238464355e-07, -0.0007263422012329102, 0.00004613569035427645, 1, 8.009377694406794e-08, 2.5704503059387207e-07, -2.60770320892334e-08, -0.9117551445960999, 0.41073405742645264, 3.241002559661865e-07, -0.4107341468334198, -0.9117552042007446),
            ["LeftUpperLeg"] = CFrame.new(-5.960464477539063e-08, 1.1920928955078125e-07, 2.2351741790771484e-08, 0.8328473567962646, 0.4607717990875244, -0.3066835403442383, -0.17160262167453766, -0.31182771921157837, -0.9345138072967529, -0.5262299180030823, 0.8309348821640015, -0.1806352436542511),
            ["LeftLowerLeg"] = CFrame.new(1.043081283569336e-07, -0.0007264018058776855, 0.00008087174501270056, 1, 1.4901159417490817e-08, 1.9371502446574596e-07, -8.940694584680386e-08, -0.3220826983451843, 0.9467114806175232, 1.844018271413006e-07, -0.9467115998268127, -0.3220827579498291),
            ["Skateboard"] = CFrame.new(-1.5046862363815308, 0.006651570554822683, 0.0000591278076171875, 0.9999985098838806, 0.00003519570964272134, -0.00177654845174402, -0.000035061431844951585, 1, 0.00007561807433376089, 0.0017765503143891692, -0.00007555565389338881, 0.9999985098838806),
            ["RightUpperArm"] = CFrame.new(0.10797548294067383, -0.05825483798980713, -0.11721983551979065, 0.05141233280301094, -0.39712896943092346, 0.9163216352462769, 0.9979774355888367, 0.054780393838882446, -0.03225240483880043, -0.03738803416490555, 0.916126549243927, 0.3991422653198242),
            ["Head"] = CFrame.new(5.75091689825058e-08, -8.344650268554688e-07, 1.5273690223693848e-07, 0.1366458684206009, 0.21632120013237, -0.9667125940322876, -0.15684369206428528, 0.9682815074920654, 0.1945023238658905, 0.978124737739563, 0.1250448375940323, 0.16624030470848083),
            ["UpperTorso"] = CFrame.new(1.4901161193847656e-08, 2.086162567138672e-07, 0, 0.3529485762119293, -0.41792070865631104, 0.8371198773384094, -0.35204386711120605, 0.7696356177330017, 0.532659649848938, -0.8668866753578186, -0.48270437121391296, 0.12451541423797607),
            ["LeftUpperArm"] = CFrame.new(0.1816297173500061, 0.09364807605743408, -0.12985658645629883, 0.7297736406326294, 0.5923143625259399, -0.34145841002464294, -0.22100412845611572, 0.676995575428009, 0.7020217776298523, 0.6469834446907043, -0.4368533194065094, 0.6249573230743408),
            ["RightLowerArm"] = CFrame.new(2.682209014892578e-07, 3.5762786865234375e-07, -0.000003933906555175781, 1, -0.000006988642780925147, 0.000018149617972085252, 0.0000189468282769667, 0.14491239190101624, -0.9894445538520813, 0.000004380941845738562, 0.9894444942474365, 0.14491242170333862),
            ["LeftHand"] = CFrame.new(-0.0000015050172805786133, -0.0000013709068298339844, -2.2351741790771484e-07, 0.9196292161941528, 0.15882693231105804, 0.3592435419559479, -0.04094840958714485, 0.9483837485313416, -0.31447046995162964, -0.3906474709510803, 0.2744857370853424, 0.8786652088165283),
            ["RightFoot"] = CFrame.new(3.4831464290618896e-07, -1.1920928955078125e-07, 1.6952981241047382e-09, 0.9452387094497681, 0.29808780550956726, 0.13291813433170319, -0.25115135312080383, 0.92440265417099, -0.2870591878890991, -0.20843881368637085, 0.23795679211616516, 0.9486463069915771),
            ["RightUpperLeg"] = CFrame.new(-2.9802322387695312e-08, 2.0489096641540527e-07, -9.145878721028566e-09, 0.5658145546913147, 0.15204761922359467, 0.8103920817375183, 0.7957549095153809, -0.35809439420700073, -0.48840856552124023, 0.21593546867370605, 0.9212220311164856, -0.3236076533794403),
            ["LowerTorso"] = CFrame.new(0.26566705107688904, -0.6971590518951416, 0.49047380685806274, 0.9376369714736938, 0.18044357001781464, 0.2971147298812866, -0.20898057520389557, 0.975622832775116, 0.06698764115571976, -0.27778443694114685, -0.12490128725767136, 0.9524891376495361),
        }},
        {Time = 0.233, Data = {
            ["LeftLowerArm"] = CFrame.new(0.000001430511474609375, -4.172325134277344e-07, 0.000004939734935760498, 1, 1.1734664440155029e-07, 1.341104507446289e-07, -1.210719347000122e-07, 0.9995907545089722, -0.028606992214918137, -1.0058283805847168e-07, 0.02860700711607933, 0.9995907545089722),
            ["LeftFoot"] = CFrame.new(0, -1.7881393432617188e-07, 9.778887033462524e-09, 0.7491836547851562, -0.258916437625885, -0.6096606850624084, 0.24103425443172455, 0.9638969302177429, -0.11316093802452087, 0.6169493198394775, -0.06217079982161522, 0.7845434546470642),
            ["RightHand"] = CFrame.new(8.940696716308594e-08, 0.0000010728836059570312, -8.270144462585449e-07, 0.9865192770957947, 0.07434000074863434, -0.14578478038311005, -0.0976358950138092, 0.9823111295700073, -0.15978771448135376, 0.1313275694847107, 0.1718674898147583, 0.9763272404670715),
            ["HumanoidRootPart"] = CFrame.new(0, 0, 0, 1, 0, 0, 0, 1, 0, 0, 0, 1),
            ["RightLowerLeg"] = CFrame.new(-1.8067657947540283e-07, -0.0007263422012329102, 0.00004610588803188875, 1, 1.0989607801548118e-07, 2.6077029247062455e-07, -3.7252894102834944e-09, -0.901934027671814, 0.4318735897541046, 3.35276041596444e-07, -0.4318738281726837, -0.9019341468811035),
            ["LeftUpperLeg"] = CFrame.new(0, 1.341104507446289e-07, 7.450580596923828e-08, 0.8283013105392456, 0.4674208164215088, -0.3089251220226288, -0.18577894568443298, -0.29105260968208313, -0.938495934009552, -0.5285860896110535, 0.8347492218017578, -0.15424223244190216),
            ["LeftLowerLeg"] = CFrame.new(3.91155481338501e-08, -0.0007265210151672363, 0.00008081947453320026, 1, 8.940698847936801e-08, 3.3993281078892323e-08, -1.4901162970204496e-08, -0.3168807923793793, 0.9484654664993286, 1.4156104555240745e-07, -0.9484654664993286, -0.31688082218170166),
            ["Skateboard"] = CFrame.new(-1.5044136047363281, 0.0067719086073338985, 0.00008821487426757812, 0.9999985098838806, 0.00003372507489984855, -0.0017253971891477704, -0.00003372311039129272, 1, 0.0000011682913054755772, 0.0017253971891477704, -0.0000011101037671323866, 0.9999985098838806),
            ["RightUpperArm"] = CFrame.new(0.10836350917816162, -0.0648188591003418, -0.11863179504871368, 0.007958541624248028, -0.2925635576248169, 0.9562130570411682, 0.9989337921142578, 0.04581208899617195, 0.0057025267742574215, -0.04547431319952011, 0.9551481008529663, 0.29261621832847595),
            ["Head"] = CFrame.new(-5.960464477539063e-08, -5.960464477539062e-07, 1.564621925354004e-07, 0.1585220843553543, 0.23114287853240967, -0.9599186182022095, -0.16154956817626953, 0.9651820063591003, 0.20573164522647858, 0.9740495681762695, 0.12246139347553253, 0.19034384191036224),
            ["UpperTorso"] = CFrame.new(2.2351741790771484e-08, 2.682209014892578e-07, 4.470348358154297e-08, 0.36376363039016724, -0.40288421511650085, 0.8398573994636536, -0.3285926878452301, 0.7881637215614319, 0.5204083919525146, -0.8716093301773071, -0.46527665853500366, 0.1543203592300415),
            ["LeftUpperArm"] = CFrame.new(0.183135986328125, 0.09357559680938721, -0.13201498985290527, 0.7121463418006897, 0.589204728603363, -0.3816872835159302, -0.15103569626808167, 0.6595472693443298, 0.7363326549530029, 0.6855916380882263, -0.4667282700538635, 0.5586850643157959),
            ["RightLowerArm"] = CFrame.new(2.384185791015625e-07, 5.364418029785156e-07, -0.000003896653652191162, 1, -0.000007212160198832862, 0.00001809746026992798, 0.00001893937587738037, 0.15329676866531372, -0.9881802201271057, 0.000004336237907409668, 0.9881801605224609, 0.1532967984676361),
            ["LeftHand"] = CFrame.new(-0.0000012814998626708984, -0.0000013709068298339844, 9.313225746154785e-08, 0.917339563369751, 0.12988469004631042, 0.37632131576538086, -0.03548901155591011, 0.9681977033615112, -0.2476569414138794, -0.396520733833313, 0.21383024752140045, 0.8927757143974304),
            ["RightFoot"] = CFrame.new(1.7229467630386353e-07, -1.1920928955078125e-07, 1.6596459317952394e-08, 0.9551354050636292, 0.2787810266017914, 0.09998837113380432, -0.23923230171203613, 0.9252419471740723, -0.2944411039352417, -0.17459799349308014, 0.2573104202747345, 0.9504245519638062),
            ["RightUpperLeg"] = CFrame.new(0, 1.6763806343078613e-07, 1.0261283023282886e-07, 0.5972798466682434, 0.14595510065555573, 0.7886404991149902, 0.7703832387924194, -0.37790796160697937, -0.5135124921798706, 0.2230837643146515, 0.9142661690711975, -0.3381582796573639),
            ["LowerTorso"] = CFrame.new(0.25112730264663696, -0.6870008707046509, 0.4994024634361267, 0.9464044570922852, 0.16446952521800995, 0.2779720425605774, -0.1973716914653778, 0.9757480025291443, 0.09465930610895157, -0.25566205382347107, -0.14444978535175323, 0.955913782119751),
        }},
        {Time = 0.267, Data = {
            ["LeftLowerArm"] = CFrame.new(0.0000012218952178955078, -3.5762786865234375e-07, 0.00000467151403427124, 1, 1.0058287358560847e-07, 1.6763810606335028e-07, -1.6484413833950384e-07, 0.9995908141136169, -0.028606977313756943, -1.1548402767402877e-07, 0.02860705740749836, 0.9995907545089722),
            ["LeftFoot"] = CFrame.new(-1.6391277313232422e-07, -1.7881393432617188e-07, -2.2351741790771484e-08, 0.7562960386276245, -0.35439831018447876, -0.5499257445335388, 0.270180344581604, 0.9347334504127502, -0.23081591725349426, 0.5958346128463745, 0.025986071676015854, 0.8026866912841797),
            ["RightHand"] = CFrame.new(2.682209014892578e-07, 9.5367431640625e-07, -7.748603820800781e-07, 0.9897144436836243, 0.011686212383210659, -0.14257876574993134, -0.048558831214904785, 0.964928388595581, -0.25798290967941284, 0.134563609957695, 0.26225292682647705, 0.955571174621582),
            ["HumanoidRootPart"] = CFrame.new(0, 0, 0, 1, 0, 0, 0, 1, 0, 0, 0, 1),
