return {
    ["Torture Dance"] = {
        {Time = 0.000, Data = {
            ["LeftFoot"] = CFrame.new(-8.381903171539307e-09, -1.1920928955078125e-07, -5.9371814131736755e-09, 0.9949585199356079, 0.06907322257757187, 0.07333390414714813, -0.0432007759809494, 0.9490416646003723, -0.31263962388038635, -0.09050607681274414, 0.3074881136417389, 0.9470367431640625),
            ["LeftLowerArm"] = CFrame.new(-1.4901161193847656e-08, 1.7881393432617188e-07, -7.450580596923828e-08, 0.9999668598175049, 0.00685062725096941, 0.00442345580086112, 0.005152605939656496, -0.11036106199026108, -0.9938782453536987, -0.006320447660982609, 0.9938679337501526, -0.11039277166128159),
            ["LowerTorso"] = CFrame.new(-4.0270712404437815e-17, -0.15023159980773926, 0.002014975994825363, 0.9939885139465332, 0.002392521593719721, 0.1094593033194542, -0.018532391637563705, 0.9890113472938538, 0.14667320251464844, -0.10790558159351349, -0.14782004058361053, 0.9831101894378662),
            ["Head"] = CFrame.new(-7.450580596923828e-09, 1.1920928955078125e-07, -8.568167686462402e-08, 0.8762395977973938, -0.1386020928621292, 0.4615120589733124, 0.10398337244987488, 0.9895631074905396, 0.09976161271333694, -0.4705226719379425, -0.03942561149597168, 0.8815068006515503),
            ["RightUpperArm"] = CFrame.new(-0.13323020935058594, -0.2771087884902954, -0.2750695049762726, 0.37601664662361145, -0.7359256744384766, -0.5601346492767334, -0.07810156792402267, 0.5769456028938293, -0.8123837113380432, 0.9233154654502869, 0.35432612895965576, 0.16211670637130737),
            ["UpperTorso"] = CFrame.new(-4.452886059880257e-09, -0.000011593103408813477, 0.0007418524473905563, 0.977082371711731, -0.11455664038658142, 0.17940719425678253, 0.0777146965265274, 0.9766348600387573, 0.20036190748214722, -0.198168084025383, -0.18182724714279175, 0.9631553292274475),
            ["HumanoidRootPart"] = CFrame.new(0, 0, 0, 1, 0, 0, 0, 1, 0, 0, 0, 1),
            ["RightHand"] = CFrame.new(5.960464477539063e-08, 5.960464477539062e-07, -2.9802322387695312e-08, 0.9975454807281494, -0.0180071834474802, -0.06766786426305771, -0.021288679912686348, 0.8426323533058167, -0.5380685329437256, 0.06670816987752914, 0.5381882190704346, 0.8401805758476257),
            ["LeftUpperArm"] = CFrame.new(-0.20602202415466309, -0.2876521348953247, -0.22933036088943481, 0.2226538062095642, -0.3520669639110565, -0.908494234085083, -0.39342713356018066, 0.8174280524253845, -0.41554874181747437, 0.8919868469238281, 0.4559168517589569, 0.04424354434013367),
            ["RightLowerArm"] = CFrame.new(-5.960464477539063e-08, 2.980232238769531e-07, 5.960464477539063e-08, 0.9999750852584839, 0.0012764185667037964, 0.006949545815587044, 0.006710723042488098, 0.1363173872232437, -0.9906425476074219, -0.0022117644548416138, 0.9906644821166992, 0.13630539178848267),
            ["LeftHand"] = CFrame.new(0, 3.5762786865234375e-07, -1.1920928955078125e-07, 0.9980297684669495, 0.017278112471103668, 0.060317203402519226, 0.014282206073403358, 0.873537540435791, -0.48654723167419434, -0.06109597533941269, 0.4864499866962433, 0.8715696334838867),
            ["RightUpperLeg"] = CFrame.new(0, 0.00004167994484305382, 0.0011276602745056152, 0.7135546207427979, -0.36172133684158325, -0.6000921130180359, -0.02514239028096199, 0.8426294922828674, -0.5376877188682556, 0.7001484036445618, 0.39891520142555237, 0.5922679901123047),
            ["LeftUpperLeg"] = CFrame.new(0, 0.0000416068360209465, 0.0011276453733444214, 0.9147068858146667, 0.12088898569345474, 0.38564127683639526, 0.1375831663608551, 0.8040441870689392, -0.5782574415206909, -0.3799764811992645, 0.5821501612663269, 0.7189570069313049),
            ["RightLowerLeg"] = CFrame.new(-4.470348358154297e-08, 0, 7.450580596923828e-08, 1, -7.078295283236002e-08, 1.1919792086700909e-07, -6.705522537231445e-08, 0.6762655973434448, 0.7363734841346741, -1.4901161193847656e-08, -0.7366580367088318, 0.6765751838684082),
            ["RightFoot"] = CFrame.new(4.94765117764473e-09, -1.1920928955078125e-07, -6.410118658095598e-09, 0.9788082838058472, 0.06964275985956192, 0.1918240189552307, 0.009994635358452797, 0.9230747818946838, -0.38496437668800354, -0.204534649848938, 0.3782627582550049, 0.902776837348938),
            ["LeftLowerLeg"] = CFrame.new(-2.2351741790771484e-08, 2.980232238769531e-07, 4.470348358154297e-08, 1, -3.725298824974743e-08, 1.0057573973654144e-07, -7.82310962677002e-08, 0.6085362434387207, 0.7933458089828491, -7.078051567077637e-08, -0.7935260534286499, 0.6087712049484253),
        }},
        {Time = 0.033, Data = {
            ["LeftFoot"] = CFrame.new(2.7241185307502747e-08, -5.960464477539063e-08, -1.1525116860866547e-08, 0.9950940012931824, 0.06747974455356598, 0.07298260182142258, -0.041695721447467804, 0.9488045573234558, -0.31355682015419006, -0.08971911668777466, 0.30857136845588684, 0.9467606544494629),
            ["LeftLowerArm"] = CFrame.new(5.960464477539063e-08, 2.384185791015625e-07, 2.9802322387695312e-08, 0.9999668598175049, 0.00684959813952446, 0.0044243489392101765, 0.005152542609721422, -0.11023560166358948, -0.9938921332359314, -0.006320095621049404, 0.9938819408416748, -0.11026734113693237),
            ["LowerTorso"] = CFrame.new(0.00011762418580474332, -0.15025949478149414, 0.0020027421414852142, 0.993669331073761, 0.0005346215912140906, 0.11234333366155624, -0.017105543985962868, 0.9890493750572205, 0.14659065008163452, -0.11103471368551254, -0.14758440852165222, 0.9827971458435059),
            ["Head"] = CFrame.new(7.450580596923828e-09, 1.1920928955078125e-07, -1.2665987014770508e-07, 0.8757030963897705, -0.13781695067882538, 0.46276405453681946, 0.10313889384269714, 0.9896714687347412, 0.09956367313861847, -0.471705824136734, -0.0394592247903347, 0.8808725476264954),
            ["RightUpperArm"] = CFrame.new(-0.1332300901412964, -0.27710843086242676, -0.2750696837902069, 0.3760150074958801, -0.7341542840003967, -0.5624604225158691, -0.0781106948852539, 0.5795091390609741, -0.8105521202087402, 0.9233154058456421, 0.3538174331188202, 0.1632281392812729),
            ["UpperTorso"] = CFrame.new(-4.6566128730773926e-09, -0.000011652708053588867, 0.0007418124005198479, 0.9771794676780701, -0.1136293038725853, 0.1794680953025818, 0.07674481719732285, 0.9766801595687866, 0.20051495730876923, -0.19806724786758423, -0.1821657419204712, 0.9631121754646301),
            ["HumanoidRootPart"] = CFrame.new(0, 0, 0, 1, 0, 0, 0, 1, 0, 0, 0, 1),
            ["RightHand"] = CFrame.new(1.1920928955078125e-07, 3.5762786865234375e-07, -2.086162567138672e-07, 0.997648298740387, -0.01722021959722042, -0.06634339690208435, -0.0204318780452013, 0.8492048382759094, -0.5276681780815125, 0.06542565673589706, 0.5277827382087708, 0.8468559384346008),
            ["LeftUpperArm"] = CFrame.new(-0.20602214336395264, -0.28765153884887695, -0.2293303906917572, 0.22264698147773743, -0.34924110770225525, -0.9095888733863831, -0.39343157410621643, 0.818716287612915, -0.41299331188201904, 0.891986608505249, 0.45577871799468994, 0.04565797746181488),
            ["RightLowerArm"] = CFrame.new(5.960464477539063e-08, 4.76837158203125e-07, 1.1920928955078125e-07, 0.9999751448631287, 0.0012393146753311157, 0.006947563961148262, 0.0067050764337182045, 0.14027494192123413, -0.9900899529457092, -0.002201631898060441, 0.9901118874549866, 0.14026311039924622),
            ["LeftHand"] = CFrame.new(1.1920928955078125e-07, 1.7881393432617188e-07, 8.940696716308594e-08, 0.9980650544166565, 0.01698366366326809, 0.059815067797899246, 0.014005494304001331, 0.8758502006530762, -0.48237988352775574, -0.060581594705581665, 0.4822841286659241, 0.8739175200462341),
            ["RightUpperLeg"] = CFrame.new(1.1920928955078125e-07, 0.00004174979403614998, 0.0011276118457317352, 0.7111440300941467, -0.3606806695461273, -0.6035703420639038, -0.0258907712996006, 0.8443514108657837, -0.534943699836731, 0.7025694251060486, 0.39620721340179443, 0.5912172794342041),
            ["LeftUpperLeg"] = CFrame.new(0, 0.0000417027622461319, 0.0011276118457317352, 0.9161115288734436, 0.11763347685337067, 0.3833068311214447, 0.13622049987316132, 0.8077855110168457, -0.5733399391174316, -0.37707266211509705, 0.5776200890541077, 0.7241250872612),
            ["RightLowerLeg"] = CFrame.new(5.21540641784668e-08, 5.960464477539063e-08, -1.4901161193847656e-08, 1, -4.8430482735284386e-08, 2.6074529202446683e-08, -5.960465898624534e-08, 0.6778217554092407, 0.7349390387535095, 7.450582373280668e-09, -0.7352262735366821, 0.6781332492828369),
            ["RightFoot"] = CFrame.new(-1.098815118893981e-07, -1.7881393432617188e-07, -6.708432920277119e-09, 0.9786873459815979, 0.0702621266245842, 0.19221313297748566, 0.009535876102745533, 0.9231301546096802, -0.38484105467796326, -0.20513427257537842, 0.3780131936073303, 0.9027465581893921),
            ["LeftLowerLeg"] = CFrame.new(-2.9802322387695312e-08, -1.1920928955078125e-07, 1.043081283569336e-07, 1, -4.0978463289320644e-08, 7.077525054910438e-08, -8.195639367158947e-08, 0.6195898652076721, 0.7847292423248291, -1.1548401346317405e-07, -0.7849258184432983, 0.6198387742042542),
        }},
        {Time = 0.067, Data = {
            ["LeftFoot"] = CFrame.new(1.1816155165433884e-08, -5.960464477539063e-08, -4.289904609322548e-08, 0.9954874515533447, 0.06344079971313477, 0.07122071087360382, -0.03815263882279396, 0.9481472969055176, -0.3159733712673187, -0.08688639849424362, 0.311435341835022, 0.9460911750793457),
            ["LeftLowerArm"] = CFrame.new(2.9802322387695312e-08, 4.172325134277344e-07, 1.1920928955078125e-07, 0.9999668002128601, 0.00684110913425684, 0.004431781824678183, 0.005152110476046801, -0.10915100574493408, -0.9940118789672852, -0.006316495127975941, 0.9940016269683838, -0.10918282717466354),
            ["LowerTorso"] = CFrame.new(0.0011342408834025264, -0.15033948421478271, 0.001893654465675354, 0.9927068948745728, -0.004694920964539051, 0.12046229839324951, -0.013084818609058857, 0.9891418218612671, 0.1463804692029953, -0.11984153091907501, -0.14688915014266968, 0.9818664789199829),
            ["Head"] = CFrame.new(1.4901161193847656e-08, 3.5762786865234375e-07, -1.1920928955078125e-07, 0.8740965127944946, -0.13598749041557312, 0.46632876992225647, 0.10106699913740158, 0.98991858959198, 0.09923107177019119, -0.47512179613113403, -0.03960709646344185, 0.8790282607078552),
            ["RightUpperArm"] = CFrame.new(-0.1332302689552307, -0.27710819244384766, -0.2750696539878845, 0.3760100305080414, -0.7291250228881836, -0.5689815878868103, -0.0781361386179924, 0.5866984724998474, -0.8053492903709412, 0.9233152866363525, 0.3523656129837036, 0.16635000705718994),
            ["UpperTorso"] = CFrame.new(2.7939677238464355e-09, -0.000011980533599853516, 0.0007417919114232063, 0.9775336384773254, -0.11031640321016312, 0.17960654199123383, 0.07333303987979889, 0.97686767578125, 0.20087812840938568, -0.1976119726896286, -0.1831938773393631, 0.9630106687545776),
            ["HumanoidRootPart"] = CFrame.new(0, 0, 0, 1, 0, 0, 0, 1, 0, 0, 0, 1),
            ["RightHand"] = CFrame.new(-1.1920928955078125e-07, 5.364418029785156e-07, 5.960464477539063e-08, 0.9979272484779358, -0.015090610831975937, -0.06255875527858734, -0.018102947622537613, 0.867032527923584, -0.49792277812957764, 0.06175440549850464, 0.49802303314208984, 0.864962100982666),
            ["LeftUpperArm"] = CFrame.new(-0.20602214336395264, -0.28765177726745605, -0.22933048009872437, 0.2226218283176422, -0.33976078033447266, -0.9131876230239868, -0.3934471309185028, 0.8229691386222839, -0.4044126868247986, 0.8919860124588013, 0.4552850127220154, 0.05038602277636528),
            ["RightLowerArm"] = CFrame.new(1.1920928955078125e-07, 2.384185791015625e-07, 1.7881393432617188e-07, 0.999975323677063, 0.001134827733039856, 0.006941319443285465, 0.006689399480819702, 0.15141114592552185, -0.9884482622146606, -0.0021727532148361206, 0.9884703159332275, 0.15139980614185333),
            ["LeftHand"] = CFrame.new(-5.960464477539063e-08, 3.5762786865234375e-07, 8.940696716308594e-08, 0.9981780052185059, 0.016040079295635223, 0.058167409151792526, 0.013124287128448486, 0.8832210302352905, -0.4687735140323639, -0.0588938444852829, 0.46868276596069336, 0.8814011812210083),
            ["RightUpperLeg"] = CFrame.new(-2.9802322387695312e-08, 0.000041618943214416504, 0.0011276528239250183, 0.7047402262687683, -0.35756784677505493, -0.6128637790679932, -0.027718478813767433, 0.8491654992103577, -0.5271750688552856, 0.7089237570762634, 0.38866856694221497, 0.5886291861534119),
            ["LeftUpperLeg"] = CFrame.new(2.9802322387695312e-08, 0.00004142988473176956, 0.001127634197473526, 0.919658899307251, 0.10833422094583511, 0.37750881910324097, 0.13286525011062622, 0.8186829090118408, -0.5584636330604553, -0.3695598840713501, 0.563934326171875, 0.7386510372161865),
            ["RightLowerLeg"] = CFrame.new(-1.341104507446289e-07, -1.7881393432617188e-07, 8.940696716308594e-08, 1, 7.450864814018132e-09, 1.1361027674183788e-07, -8.195639367158947e-08, 0.6823146939277649, 0.7307640910148621, -1.3038517820973539e-08, -0.7310587167739868, 0.682630181312561),
            ["RightFoot"] = CFrame.new(-8.803908713161945e-10, -1.7881393432617188e-07, -3.234890755265951e-08, 0.978454053401947, 0.07218144834041595, 0.19268783926963806, 0.007815415970981121, 0.9233179688453674, -0.3844224810600281, -0.20631703734397888, 0.37719184160232544, 0.9028237462043762),
            ["LeftLowerLeg"] = CFrame.new(3.725290298461914e-08, 0, -2.9802322387695312e-08, 1, 2.980295477073014e-08, 1.1174913083777938e-07, -5.5879368687783426e-08, 0.6509408354759216, 0.7588838934898376, -1.4528635006172408e-07, -0.7591284513473511, 0.6512259244918823),
        }},
        {Time = 0.100, Data = {
            ["LeftFoot"] = CFrame.new(-1.2056261766701937e-08, -1.1920928955078125e-07, 3.843888407573104e-08, 0.9960420727729797, 0.05934849753975868, 0.0668376013636589, -0.0353771410882473, 0.947343647480011, -0.31867921352386475, -0.08153937757015228, 0.31467100977897644, 0.9455031752586365),
            ["LeftLowerArm"] = CFrame.new(-2.9802322387695312e-08, 2.980232238769531e-07, -8.940696716308594e-08, 0.9999668598175049, 0.00681496923789382, 0.004454618785530329, 0.0051507651805877686, -0.10579463839530945, -0.994374692440033, -0.006305372342467308, 0.9943647384643555, -0.1058264747262001),
            ["LowerTorso"] = CFrame.new(0.00427927216514945, -0.15044641494750977, 0.0015532448887825012, 0.9913332462310791, -0.011400892399251461, 0.13087576627731323, -0.007919181138277054, 0.9892294406890869, 0.14615875482559204, -0.13113249838352203, -0.1459285169839859, 0.9805657863616943),
            ["Head"] = CFrame.new(1.4901161193847656e-08, 1.1920928955078125e-07, 3.725290298461914e-09, 0.8717873096466064, -0.13466818630695343, 0.47101086378097534, 0.09921890497207642, 0.9900849461555481, 0.09943543374538422, -0.47973158955574036, -0.03995347023010254, 0.8765051960945129),
            ["RightUpperArm"] = CFrame.new(-0.13323020935058594, -0.2771083116531372, -0.2750695049762726, 0.37600356340408325, -0.7225825190544128, -0.5772884488105774, -0.07816899567842484, 0.5958620309829712, -0.7985754013061523, 0.9233151078224182, 0.35046085715293884, 0.17033907771110535),
            ["UpperTorso"] = CFrame.new(-2.6775524020195007e-09, -0.000011533498764038086, 0.000741865485906601, 0.9781903624534607, -0.10417965799570084, 0.1796952188014984, 0.06712613999843597, 0.9772552251815796, 0.2011626958847046, -0.19656512141227722, -0.18471290171146393, 0.9629347920417786),
            ["HumanoidRootPart"] = CFrame.new(0, 0, 0, 1, 0, 0, 0, 1, 0, 0, 0, 1),
            ["RightHand"] = CFrame.new(5.960464477539063e-08, 1.7881393432617188e-07, 1.1920928955078125e-07, 0.9982614517211914, -0.012550624087452888, -0.057591043412685394, -0.015300871804356575, 0.8883957862854004, -0.4588232934474945, 0.05692216008901596, 0.45890673995018005, 0.8866591453552246),
            ["LeftUpperArm"] = CFrame.new(-0.20602202415466309, -0.2876521348953247, -0.22933036088943481, 0.22257472574710846, -0.32347485423088074, -0.9191080331802368, -0.39347541332244873, 0.830030083656311, -0.3896462321281433, 0.8919852375984192, 0.45432808995246887, 0.05844864994287491),
            ["RightLowerArm"] = CFrame.new(1.1920928955078125e-07, 2.384185791015625e-07, 2.384185791015625e-07, 0.9999755024909973, 0.0010008664103224874, 0.006931352894753218, 0.006669848226010799, 0.1656823605298996, -0.986156702041626, -0.0021354106720536947, 0.9861787557601929, 0.16567164659500122),
            ["LeftHand"] = CFrame.new(-1.7881393432617188e-07, 4.172325134277344e-07, 1.7881393432617188e-07, 0.9983575344085693, 0.014539141207933426, 0.0554167665541172, 0.011736974120140076, 0.8948472142219543, -0.4462185204029083, -0.05607710778713226, 0.4461360275745392, 0.8932066559791565),
            ["RightUpperLeg"] = CFrame.new(-2.9802322387695312e-08, 0.000041773077100515366, 0.001127641648054123, 0.6976222991943359, -0.35314247012138367, -0.6234833002090454, -0.02935798466205597, 0.8552642464637756, -0.5171309113502502, 0.7158640027046204, 0.37922754883766174, 0.5863822102546692),
            ["LeftUpperLeg"] = CFrame.new(0, 0.000041725579649209976, 0.001127641648054123, 0.9232091903686523, 0.09591198712587357, 0.3721648156642914, 0.12986455857753754, 0.8335228562355042, -0.5367798209190369, -0.36169055104255676, 0.5440961718559265, 0.7572059035301208),
            ["RightLowerLeg"] = CFrame.new(0, 1.1920928955078125e-07, 1.6391277313232422e-07, 1, -2.980356939019657e-08, 4.842393153126068e-08, -6.70552182668871e-08, 0.6883678436279297, 0.7250573039054871, -8.940695295223122e-08, -0.7253617644309998, 0.6886884570121765),
            ["RightFoot"] = CFrame.new(2.1340383682399988e-08, 5.960464477539063e-08, -7.799826562404633e-09, 0.9784463047981262, 0.07509705424308777, 0.19161298871040344, 0.004473489243537188, 0.9236351847648621, -0.3837036192417145, -0.2064531296491623, 0.37584352493286133, 0.9033581614494324),
            ["LeftLowerLeg"] = CFrame.new(2.2351741790771484e-08, 5.960464477539063e-08, 0, 1, 1.0431273267386132e-07, 1.3223431949427322e-07, -5.5879347371501353e-08, 0.6916819214820862, 0.7218912243843079, -1.247972107876194e-07, -0.7222022414207458, 0.6920066475868225),
        }},
        {Time = 0.133, Data = {
            ["LeftFoot"] = CFrame.new(-6.108894012868404e-08, 0, 2.9569491744041443e-08, 0.9965866208076477, 0.058238524943590164, 0.059193339198827744, -0.03653409704566002, 0.9464519023895264, -0.3211800754070282, -0.07403045892715454, 0.3175482749938965, 0.945166289806366),
            ["LeftLowerArm"] = CFrame.new(-5.960464477539063e-08, 4.172325134277344e-07, -1.4901161193847656e-08, 0.9999669790267944, 0.006764502730220556, 0.0044982293620705605, 0.005148172844201326, -0.09935617446899414, -0.995038628578186, -0.006284021772444248, 0.9950290322303772, -0.09938780218362808),
            ["LowerTorso"] = CFrame.new(0.010309453122317791, -0.15053772926330566, 0.0008981786668300629, 0.9901564717292786, -0.01661592349410057, 0.13897579908370972, -0.0038944061379879713, 0.9892734885215759, 0.14602366089820862, -0.13991138339042664, -0.1451275497674942, 0.9794707298278809),
            ["Head"] = CFrame.new(4.470348358154297e-08, 0, 8.195638656616211e-08, 0.8695446252822876, -0.13565251231193542, 0.4748585820198059, 0.09931406378746033, 0.9899241924285889, 0.10093046724796295, -0.48376548290252686, -0.04060336574912071, 0.8742554187774658),
            ["RightUpperArm"] = CFrame.new(-0.1332302689552307, -0.27710843086242676, -0.2750694453716278, 0.3759981393814087, -0.7174217700958252, -0.5837054252624512, -0.0781944990158081, 0.6029450297355652, -0.7932274341583252, 0.923315167427063, 0.34894588589668274, 0.1734304130077362),
            ["UpperTorso"] = CFrame.new(-9.778887033462524e-09, -0.000011533498764038086, 0.0007418347522616386, 0.9790729880332947, -0.09573281556367874, 0.17958694696426392, 0.058736108243465424, 0.9778221845626831, 0.20103220641613007, -0.19484944641590118, -0.18627677857875824, 0.9629822373390198),
            ["HumanoidRootPart"] = CFrame.new(0, 0, 0, 1, 0, 0, 0, 1, 0, 0, 0, 1),
            ["RightHand"] = CFrame.new(1.7881393432617188e-07, 5.960464477539063e-08, 1.7881393432617188e-07, 0.9985023140907288, -0.010728211142122746, -0.05364678055047989, -0.013270437717437744, 0.9038064479827881, -0.427735835313797, 0.05307513475418091, 0.427807092666626, 0.9023104906082153),
            ["LeftUpperArm"] = CFrame.new(-0.20602190494537354, -0.2876521348953247, -0.22933036088943481, 0.22250813245773315, -0.30275872349739075, -0.9261690974235535, -0.3935129642486572, 0.8385726809501648, -0.37081655859947205, 0.8919852375984192, 0.4529162347316742, 0.06859872490167618),
            ["RightLowerArm"] = CFrame.new(0, 3.5762786865234375e-07, 8.940696716308594e-08, 0.9999756813049316, 0.0008966625900939107, 0.006922351662069559, 0.00665482971817255, 0.17677246034145355, -0.9842292666435242, -0.002106160158291459, 0.9842513799667358, 0.1767621487379074),
            ["LeftHand"] = CFrame.new(-5.960464477539063e-08, 2.384185791015625e-07, -2.9802322387695312e-08, 0.9985631108283997, 0.01281463261693716, 0.05203522741794586, 0.010167405940592289, 0.9080505967140198, -0.4187372922897339, -0.05261656269431114, 0.4186646044254303, 0.9066154360771179),
            ["RightUpperLeg"] = CFrame.new(0, 0.00004169158637523651, 0.0011276639997959137, 0.6944217681884766, -0.34911012649536133, -0.6293012499809265, -0.029382232576608658, 0.8599318265914917, -0.5093293786048889, 0.7189680337905884, 0.3723430931568146, 0.5869953036308289),
            ["LeftUpperLeg"] = CFrame.new(5.960464477539063e-08, 0.00004166923463344574, 0.001127634197473526, 0.924221396446228, 0.0851554125547409, 0.3722682595252991, 0.13015076518058777, 0.8461968302726746, -0.5164847373962402, -0.35899245738983154, 0.5260223150253296, 0.7711418271064758),
            ["RightLowerLeg"] = CFrame.new(3.725290298461914e-08, 1.7881393432617188e-07, 4.470348358154297e-08, 1, 7.450916328366475e-09, 1.2478444944008515e-07, -2.2351736461700966e-08, 0.6935718655586243, 0.7200740575790405, -5.5879340266073996e-08, -0.7203875184059143, 0.6938973069190979),
            ["RightFoot"] = CFrame.new(-5.726178642362356e-08, 0, -9.022187441587448e-09, 0.9790173172950745, 0.07819921523332596, 0.1874268501996994, -0.0002864337875507772, 0.9239842295646667, -0.38287869095802307, -0.20377705991268158, 0.3743498623371124, 0.9045856595039368),
            ["LeftLowerLeg"] = CFrame.new(4.470348358154297e-08, 0, 0, 1, -7.451072647768342e-09, 1.6761852350555273e-08, -5.21540641784668e-08, 0.7238690853118896, 0.6895706653594971, -5.029141902923584e-08, -0.6899372935295105, 0.7242183089256287),
        }},
        {Time = 0.167, Data = {
            ["LeftFoot"] = CFrame.new(4.7672074288129807e-08, 0, -4.249159246683121e-09, 0.9969297647476196, 0.06179100275039673, 0.0487651526927948, -0.04300449788570404, 0.9450402855873108, -0.3245253264904022, -0.06543497741222382, 0.3210618793964386, 0.9446190595626831),
            ["LeftLowerArm"] = CFrame.new(5.960464477539063e-08, 5.960464477539062e-07, 7.82310962677002e-08, 0.9999672770500183, 0.006691684015095234, 0.004560247529298067, 0.0051448047161102295, -0.09011561423540115, -0.9959180355072021, -0.006253454834222794, 0.995908796787262, -0.0901472344994545),
            ["LowerTorso"] = CFrame.new(0.01895723305642605, -0.15058505535125732, -0.00004298985004425049, 0.9897160530090332, -0.018465610221028328, 0.14184916019439697, -0.0024652760475873947, 0.9892839193344116, 0.14598363637924194, -0.143024742603302, -0.1448320597410202, 0.9790647625923157),
            ["Head"] = CFrame.new(-2.9802322387695312e-08, -1.1920928955078125e-07, -2.2351741790771484e-08, 0.8679661750793457, -0.13966146111488342, 0.4765809178352356, 0.10208778083324432, 0.989324688911438, 0.10399457067251205, -0.4860174059867859, -0.041610702872276306, 0.8729580640792847),
            ["RightUpperArm"] = CFrame.new(-0.1332302689552307, -0.27710866928100586, -0.27506953477859497, 0.37599632143974304, -0.7155759334564209, -0.585972249507904, -0.07820340991020203, 0.605448305606842, -0.7913137674331665, 0.9233152270317078, 0.3484015166759491, 0.17452484369277954),
            ["UpperTorso"] = CFrame.new(1.862645149230957e-09, -0.000011652708053588867, 0.0007418124005198479, 0.9800371527671814, -0.08606839179992676, 0.17921914160251617, 0.04929409176111221, 0.9784836173057556, 0.2003496289253235, -0.19260676205158234, -0.18751554191112518, 0.9631929397583008),
            ["HumanoidRootPart"] = CFrame.new(0, 0, 0, 1, 0, 0, 0, 1, 0, 0, 0, 1),
            ["RightHand"] = CFrame.new(0, -5.960464477539063e-08, 5.960464477539063e-08, 0.9985837936401367, -0.0101146399974823, -0.052232109010219574, -0.012582235038280487, 0.9090132713317871, -0.4165773093700409, 0.051693230867385864, 0.4166443943977356, 0.9075985550880432),
            ["LeftUpperArm"] = CFrame.new(-0.20602214336395264, -0.28765201568603516, -0.22933050990104675, 0.22243039309978485, -0.2807996869087219, -0.9330916404724121, -0.3935544788837433, 0.8471021056175232, -0.350802481174469, 0.8919863700866699, 0.4511867165565491, 0.07923207432031631),
            ["RightLowerArm"] = CFrame.new(0, 2.980232238769531e-07, 2.086162567138672e-07, 0.9999756813049316, 0.0008596481056883931, 0.006918925326317549, 0.006649643182754517, 0.18070419132709503, -0.9835151433944702, -0.0020957738161087036, 0.9835371375083923, 0.1806940734386444),
            ["LeftHand"] = CFrame.new(-5.960464477539063e-08, 3.5762786865234375e-07, 1.1920928955078125e-07, 0.9987562298774719, 0.011186466552317142, 0.04858865588903427, 0.00871426984667778, 0.920343279838562, -0.39101457595825195, -0.04909230396151543, 0.3909516930580139, 0.9191010594367981),
            ["RightUpperLeg"] = CFrame.new(-2.9802322387695312e-08, 0.000041785649955272675, 0.0011276192963123322, 0.6976836323738098, -0.3468485176563263, -0.6269389986991882, -0.027191683650016785, 0.8615294694900513, -0.5067437291145325, 0.7158897519111633, 0.3707602918148041, 0.5917416214942932),
            ["LeftUpperLeg"] = CFrame.new(5.960464477539063e-08, 0.00004171207547187805, 0.0011276043951511383, 0.9214655160903931, 0.0794907882809639, 0.380266398191452, 0.1350853592157364, 0.8521745204925537, -0.505264401435852, -0.3642162084579468, 0.5171844363212585, 0.7746647000312805),
            ["RightLowerLeg"] = CFrame.new(5.21540641784668e-08, -1.1920928955078125e-07, 1.4901161193847656e-08, 1, 7.45092876286435e-09, 1.2105944335871754e-07, -5.960465188081798e-08, 0.6962369680404663, 0.717494547367096, -6.705523247774181e-08, -0.7178121209144592, 0.696564257144928),
            ["RightFoot"] = CFrame.new(-4.290632205083966e-08, 0, 1.3140379451215267e-08, 0.9802523851394653, 0.08078377693891525, 0.1797487735748291, -0.005870131775736809, 0.9242430329322815, -0.38220128417015076, -0.1976631134748459, 0.3731605112552643, 0.9064284563064575),
            ["LeftLowerLeg"] = CFrame.new(-5.21540641784668e-08, -5.960464477539063e-08, 2.9802322387695312e-08, 1, -1.490227141687228e-08, 3.538594484098212e-08, -7.450580596923828e-08, 0.7356384992599487, 0.6769874095916748, -6.891787052154541e-08, -0.6773743033409119, 0.7359945178031921),
        }},
        {Time = 0.200, Data = {
            ["LeftFoot"] = CFrame.new(-5.21540641784668e-08, -1.1920928955078125e-07, -1.2165401130914688e-08, 0.9976312518119812, 0.056607820093631744, 0.0396517813205719, -0.040510889142751694, 0.9421178102493286, -0.3332361876964569, -0.05559319257736206, 0.3304687738418579, 0.9420092105865479),
            ["LeftLowerArm"] = CFrame.new(1.043081283569336e-07, 6.556510925292969e-07, -6.984919309616089e-09, 0.9999693036079407, 0.00609417911618948, 0.004948260262608528, 0.005041417200118303, -0.01536734588444233, -0.9998692870140076, -0.006017283536493778, 0.9998633861541748, -0.015397695824503899),
            ["LowerTorso"] = CFrame.new(0.0429384782910347, -0.1401832103729248, -0.004860009998083115, 0.9897160530090332, -0.018465610221028328, 0.14184916019439697, -0.0024652760475873947, 0.9892839193344116, 0.14598363637924194, -0.143024742603302, -0.1448320597410202, 0.9790647625923157),
            ["Head"] = CFrame.new(6.332993507385254e-08, 1.1920928955078125e-07, 1.2293457984924316e-07, 0.9043982625007629, -0.11964933574199677, 0.4095701575279236, 0.08912688493728638, 0.9916787147521973, 0.09289629012346268, -0.417277067899704, -0.04751155525445938, 0.907536506652832),
            ["RightUpperArm"] = CFrame.new(-0.1332300901412964, -0.27710843086242676, -0.27506938576698303, 0.3723088204860687, -0.7338935732841492, -0.5652987360954285, -0.08364232629537582, 0.579800009727478, -0.809796929359436, 0.9243322014808655, 0.3538815677165985, 0.15705515444278717),
            ["UpperTorso"] = CFrame.new(-8.381903171539307e-09, -0.000011682510375976562, 0.0007418124005198479, 0.9855489134788513, -0.07280626893043518, 0.15294674038887024, 0.04156751558184624, 0.9792595505714417, 0.1983005255460739, -0.16421207785606384, -0.18907713890075684, 0.9681344628334045),
            ["HumanoidRootPart"] = CFrame.new(0, 0, 0, 1, 0, 0, 0, 1, 0, 0, 0, 1),
            ["RightHand"] = CFrame.new(1.1920928955078125e-07, 3.5762786865234375e-07, 3.2782554626464844e-07, 0.9983981251716614, -0.01150431577116251, -0.05539873242378235, -0.014148177579045296, 0.8972463011741638, -0.44130373001098633, 0.054783351719379425, 0.4413805305957794, 0.8956462144851685),
            ["LeftUpperArm"] = CFrame.new(-0.1863100528717041, -0.3177225589752197, -0.24621528387069702, 0.2250346839427948, -0.2608257532119751, -0.938245415687561, -0.39292117953300476, 0.8542592525482178, -0.33371469378471375, 0.89161217212677, 0.4496787488460541, 0.09126859158277512),
            ["RightLowerArm"] = CFrame.new(2.9802322387695312e-08, 3.5762786865234375e-07, 2.682209014892578e-07, 0.999975323677063, 0.001309261075221002, 0.006916556041687727, 0.006677211262285709, 0.13468611240386963, -0.9908658266067505, -0.002228841418400407, 0.9908875226974487, 0.13467395305633545),
            ["LeftHand"] = CFrame.new(-5.960464477539063e-08, 2.384185791015625e-07, 1.341104507446289e-07, 0.9990035891532898, 0.00908475462347269, 0.04369531199336052, 0.0068894801661372185, 0.9359354972839355, -0.3521040380001068, -0.0440947450697422, 0.35205426812171936, 0.9349404573440552),
            ["RightUpperLeg"] = CFrame.new(0, 0.00004161987453699112, 0.0011276565492153168, 0.8438268303871155, -0.2772391438484192, -0.45953133702278137, 0.016052424907684326, 0.8688541054725647, -0.49455374479293823, 0.5363755226135254, 0.4101598560810089, 0.737731397151947),
            ["LeftUpperLeg"] = CFrame.new(0, 0.000041546300053596497, 0.0011276565492153168, 0.9504930973052979, 0.05612410977482796, 0.3056531548500061, 0.11527556926012039, 0.8496885299682617, -0.5142919421195984, -0.28857317566871643, 0.5242896676063538, 0.8012989163398743),
            ["RightLowerLeg"] = CFrame.new(-6.705522537231445e-08, 1.1920928955078125e-07, 0, 1, 1.8627703823881347e-08, 1.154705486783314e-07, -8.940696716308594e-08, 0.7259074449539185, 0.687423050403595, -1.0058283805847168e-07, -0.6877925395965576, 0.7262572646141052),
            ["RightFoot"] = CFrame.new(3.0719093047082424e-08, 5.960464477539063e-08, 2.7430360205471516e-08, 0.9687678217887878, 0.09359446167945862, 0.22923153638839722, -0.00140771409496665, 0.9281105995178223, -0.3727093040943146, -0.2479659467935562, 0.3603481948375702, 0.8991889357566833),
            ["LeftLowerLeg"] = CFrame.new(-5.21540641784668e-08, -2.384185791015625e-07, 4.470348358154297e-08, 1, -2.980390689799606e-08, 1.5272041764546884e-07, -8.940696716308594e-08, 0.7055332064628601, 0.7083421945571899, -1.1362135410308838e-07, -0.7086768746376038, 0.7058692574501038),
        }},
        {Time = 0.233, Data = {
            ["LeftFoot"] = CFrame.new(2.0489096641540527e-08, -1.1920928955078125e-07, -1.862645149230957e-08, 0.9975913763046265, 0.04067489877343178, 0.056529123336076736, -0.01898638717830181, 0.9388903975486755, -0.3440580368041992, -0.06671618670225143, 0.34180426597595215, 0.9372451901435852),
            ["LeftLowerArm"] = CFrame.new(-4.470348358154297e-08, 3.5762786865234375e-07, -8.96397978067398e-09, 0.9999731779098511, 0.004789886996150017, 0.005557662807404995, 0.004835825879126787, 0.13938447833061218, -0.9902266263961792, -0.005517721641808748, 0.9902267456054688, 0.1393575370311737),
            ["LowerTorso"] = CFrame.new(0.08967341482639313, -0.11792612075805664, -0.015252914279699326, 0.9897160530090332, -0.018465610221028328, 0.14184916019439697, -0.0024652760475873947, 0.9892839193344116, 0.14598363637924194, -0.143024742603302, -0.1448320597410202, 0.9790647625923157),
            ["Head"] = CFrame.new(-1.4901161193847656e-08, 0, -3.3527612686157227e-08, 0.9639614820480347, -0.07202281802892685, 0.25610774755477905, 0.056038327515125275, 0.9960289001464844, 0.0691819116473198, -0.26007333397865295, -0.05233679339289665, 0.9641695022583008),
            ["RightUpperArm"] = CFrame.new(-0.13323020935058594, -0.27710819244384766, -0.2750694751739502, 0.36858245730400085, -0.7762740850448608, -0.5081462264060974, -0.08995971083641052, 0.5138320922851562, -0.8526461124420166, 0.92523193359375, 0.3652057945728302, 0.12158165127038956),
            ["UpperTorso"] = CFrame.new(-4.6566128730773926e-09, -0.000011861324310302734, 0.0007417816668748856, 0.9939338564872742, -0.053547151386737823, 0.09606436640024185, 0.03394685685634613, 0.9801890850067139, 0.19513380527496338, -0.10461007058620453, -0.1906888484954834, 0.9760607481002808),
            ["HumanoidRootPart"] = CFrame.new(0, 0, 0, 1, 0, 0, 0, 1, 0, 0, 0, 1),
            ["RightHand"] = CFrame.new(0, 1.1920928955078125e-07, 1.4901161193847656e-07, 0.9978643655776978, -0.015520480461418629, -0.06344945728778839, -0.018617482855916023, 0.8634933829307556, -0.504016637802124, 0.0626106783747673, 0.5041213631629944, 0.8613602519035339),
            ["LeftUpperArm"] = CFrame.new(-0.13691198825836182, -0.3873633146286011, -0.2823469936847687, 0.22796350717544556, -0.23556286096572876, -0.9441927075386047, -0.3922823965549469, 0.8627568483352661, -0.3118653893470764, 0.8911492824554443, 0.4473932385444641, 0.10602016746997833),
            ["RightLowerArm"] = CFrame.new(1.7881393432617188e-07, 4.76837158203125e-07, 2.980232238769531e-07, 0.9999738931655884, 0.002400547731667757, 0.006823929492384195, 0.006770506501197815, 0.021603545174002647, -0.9997437596321106, -0.0025472640991210938, 0.9997637271881104, 0.021586529910564423),
            ["LeftHand"] = CFrame.new(0, 3.5762786865234375e-07, -7.450580596923828e-08, 0.9992614984512329, 0.006865842267870903, 0.037806436419487, 0.005017665680497885, 0.9521664977073669, -0.30553868412971497, -0.03809575363993645, 0.30550283193588257, 0.9514288306236267),
            ["RightUpperLeg"] = CFrame.new(0, 0.00004168413579463959, 0.0011275969445705414, 0.9892561435699463, -0.07443369925022125, 0.12580130994319916, 0.119124636054039, 0.9093345403671265, -0.39833810925483704, -0.08474446088075638, 0.40935376286506653, 0.9085707664489746),
            ["LeftUpperLeg"] = CFrame.new(0, 0.00004160543903708458, 0.0011276043951511383, 0.9963893294334412, -0.027440978214144707, 0.08034009486436844, 0.06624264270067215, 0.8431932330131531, -0.5333152413368225, -0.05310685187578201, 0.5369097590446472, 0.8420928716659546),
            ["RightLowerLeg"] = CFrame.new(2.9802322387695312e-08, -2.980232238769531e-07, 2.9802322387695312e-08, 1, -2.2354555540005094e-08, 1.1919118492187408e-07, -7.078050856534901e-08, 0.7945221066474915, 0.6067438125610352, -5.4016702222270396e-08, -0.607235312461853, 0.7948973774909973),
            ["RightFoot"] = CFrame.new(-9.371433407068253e-09, -5.960464477539063e-08, 5.2677933126688e-09, 0.9714793562889099, 0.10319080203771591, 0.21402843296527863, -0.01553436741232872, 0.9260535836219788, -0.3774120807647705, -0.23661461472511292, 0.3630102574825287, 0.9009727835655212),
            ["LeftLowerLeg"] = CFrame.new(-1.862645149230957e-08, 5.960464477539063e-08, 4.470348358154297e-08, 1, -7.078152464146115e-08, 7.636236176722377e-08, -6.332993507385254e-08, 0.6360774040222168, 0.7714036107063293, -2.7939677238464355e-08, -0.7716253995895386, 0.636346161365509),
        }},
        {Time = 0.267, Data = {
            ["LeftFoot"] = CFrame.new(-7.101334631443024e-09, -5.960464477539063e-08, 1.909211277961731e-08, 0.9966199398040771, 0.03499041497707367, 0.07440736144781113, -0.007293283473700285, 0.9388377070426941, -0.34462276101112366, -0.08182679116725922, 0.3425776958465576, 0.9357876777648926),
            ["LeftLowerArm"] = CFrame.new(-1.1920928955078125e-07, 4.76837158203125e-07, 1.862645149230957e-07, 0.9999755620956421, 0.0039888168685138226, 0.005756156053394079, 0.00466983811929822, 0.23273488879203796, -0.9725290536880493, -0.005218879785388708, 0.9725320935249329, 0.23271052539348602),
            ["LowerTorso"] = CFrame.new(0.1336536556482315, -0.10760736465454102, -0.024048220366239548, 0.9897160530090332, -0.018465610221028328, 0.14184916019439697, -0.0024652760475873947, 0.9892839193344116, 0.14598363637924194, -0.143024742603302, -0.1448320597410202, 0.9790647625923157),
            ["Head"] = CFrame.new(3.632158041000366e-08, 0, 3.725290298461914e-09, 0.981074333190918, -0.06120917946100235, 0.18370293080806732, 0.05055041238665581, 0.9967854022979736, 0.062158532440662384, -0.1869170367717743, -0.05169585347175598, 0.981014609336853),
            ["RightUpperArm"] = CFrame.new(-0.13323014974594116, -0.2771083116531372, -0.27506938576698303, 0.3760976791381836, -0.8069629073143005, -0.45144927501678467, -0.07769651710987091, 0.4576226472854614, -0.8853311538696289, 0.9233167171478271, 0.3733528256416321, 0.11127673834562302),
            ["UpperTorso"] = CFrame.new(-2.3748725652694702e-08, -0.000011622905731201172, 0.0007418207824230194, 0.997195303440094, -0.03358885645866394, 0.06688276678323746, 0.0200666431337595, 0.9809086322784424, 0.19343149662017822, -0.07210301607847214, -0.19154678285121918, 0.9788314700126648),
            ["HumanoidRootPart"] = CFrame.new(0, 0, 0, 1, 0, 0, 0, 1, 0, 0, 0, 1),
            ["RightHand"] = CFrame.new(2.980232238769531e-07, 1.1920928955078125e-07, 1.043081283569336e-07, 0.9973035454750061, -0.01976395957171917, -0.0706753209233284, -0.023279329761862755, 0.828115701675415, -0.5600736737251282, 0.06959664076566696, 0.560208797454834, 0.8254226446151733),
            ["LeftUpperArm"] = CFrame.new(-0.09495353698730469, -0.43375396728515625, -0.2992321252822876, 0.22211526334285736, -0.19217467308044434, -0.9553707242012024, -0.3937198519706726, 0.8762471675872803, -0.2695140540599823, 0.8919918537139893, 0.44188228249549866, 0.12095021456480026),
            ["RightLowerArm"] = CFrame.new(5.960464477539063e-08, 5.960464477539062e-07, 5.960464477539063e-08, 0.9999725818634033, 0.003241555066779256, 0.006667810957878828, 0.006869480945169926, -0.06679784506559372, -0.9977429509162903, -0.002788797253742814, 0.9977613687515259, -0.06681840121746063),
            ["LeftHand"] = CFrame.new(0, 2.980232238769531e-07, 9.313225746154785e-08, 0.9993540644645691, 0.006060612387955189, 0.0354243740439415, 0.004354850854724646, 0.9579950571060181, -0.2867518663406372, -0.03567426651716232, 0.2867209017276764, 0.9573497176170349),
            ["RightUpperLeg"] = CFrame.new(-1.4901161193847656e-07, 0.000041709281504154205, 0.0011276192963123322, 0.9114447832107544, -0.016420580446720123, 0.41109082102775574, 0.1551881730556488, 0.9391130208969116, -0.30621811747550964, -0.38103145360946655, 0.34321603178977966, 0.858623743057251),
            ["LeftUpperLeg"] = CFrame.new(0, 0.0000417511910200119, 0.0011276490986347198, 0.9886065721511841, -0.11220192909240723, -0.10035979747772217, 0.038342420011758804, 0.8323185443878174, -0.5528057813644409, 0.14555758237838745, 0.5428227782249451, 0.8272446393966675),
