return {
    ["Towny"] = {
        {Time = 0.000, Data = {
            ["LeftFoot"] = CFrame.new(2.0077550288988277e-08, -2.980232238769531e-07, 6.045797817932907e-08, 0.8284050822257996, -0.20313605666160583, -0.5219970345497131, 0.08417154103517532, 0.9664856195449829, -0.24252991378307343, 0.553769052028656, 0.15697570145130157, 0.8177397847175598),
            ["LeftLowerArm"] = CFrame.new(0, 1.1920928955078125e-07, -2.2195973770067212e-07, 1, -8.742278367890322e-08, 8.742281920604e-08, 8.742280499518529e-08, -1.3435884227419592e-07, -1, 8.742279078433057e-08, 1, -1.343588138524865e-07),
            ["LowerTorso"] = CFrame.new(0, -0.3999999761581421, 0, 1, 0, 0, 0, 0.9961947202682495, -0.08715575933456421, 0, 0.08715575933456421, 0.9961947202682495),
            ["Head"] = CFrame.new(0, -1.1920928955078125e-07, 0, 0.9396927356719971, -4.595342772972799e-08, -0.3420201539993286, 4.595343483515535e-08, 1, -8.10282951846375e-09, 0.3420201539993286, -8.10282774210691e-09, 0.9396927356719971),
            ["RightUpperArm"] = CFrame.new(0, -1.1920928955078125e-07, 0, 2.0663210875682125e-07, -1, 2.3841850804728892e-07, 2.702050778680132e-07, 5.9604619906394873e-08, 1, -1, -2.6623672511050245e-07, 2.106003762492037e-07),
            ["UpperTorso"] = CFrame.new(0, 1.7881393432617188e-07, 7.450580596923828e-09, 1, 0, 0, 0, 0.9961947202682495, 0.08715575933456421, 0, -0.08715575933456421, 0.9961947202682495),
            ["HumanoidRootPart"] = CFrame.new(0, 0, 0, 1, 0, 0, 0, 1, 0, 0, 0, 1),
            ["RightHand"] = CFrame.new(-1.7526531337352935e-09, -1.1920928955078125e-07, -1.1918068310023955e-07, 1, -6.43521076426623e-08, 7.744585417412964e-08, 3.398310255420256e-08, 0.9396927356719971, 0.3420201539993286, -9.478500828663527e-08, -0.3420201539993286, 0.9396927356719971),
            ["LeftUpperArm"] = CFrame.new(0, -1.1920928955078125e-07, 0, -3.2584142672931193e-07, 1, -5.960465188081798e-08, -9.139115064726866e-08, -1.1920938902676426e-07, -1, -1, -2.6623672511050245e-07, 3.178646679202757e-08),
            ["RightLowerArm"] = CFrame.new(0, 3.5762786865234375e-07, -2.2656038822788105e-08, 1, -1.5099583094979607e-07, 8.742281210061265e-08, 8.742277657347586e-08, -1.514955627612835e-08, -1, 1.5099578831723193e-07, 1, -1.3435885648505064e-07),
            ["LeftHand"] = CFrame.new(1.7541924535180442e-07, 4.172325134277344e-07, 9.227534292222117e-08, 1, 4.5478127930209666e-08, -1.5954430665487962e-08, -4.756633487090767e-08, 0.9659258127212524, -0.2588190734386444, 3.851784668995606e-09, 0.2588191032409668, 0.9659258127212524),
            ["RightUpperLeg"] = CFrame.new(0, 2.1281266526784748e-08, 3.071181708946824e-08, 0.4564608335494995, -0.7846421599388123, -0.4194999039173126, 0.2779431939125061, 0.5736370086669922, -0.7705116271972656, 0.8452165722846985, 0.235111266374588, 0.47992876172065735),
            ["LeftUpperLeg"] = CFrame.new(0, 0, 0, 0.45642217993736267, 0.7845444679260254, 0.41972482204437256, -0.27786704897880554, 0.5738151669502258, -0.7704064846038818, -0.8452625870704651, 0.23500292003154755, 0.479900985956192),
            ["RightLowerLeg"] = CFrame.new(0, 1.1920928955078125e-07, 6.875052349641919e-08, 1, -1.4156096028727916e-07, 5.5879340266073996e-08, 1.7136335372924805e-07, 0.42298200726509094, 0.9061381816864014, -1.1920928955078125e-07, -0.9061381220817566, 0.42298194766044617),
            ["RightFoot"] = CFrame.new(-3.5288394428789616e-09, 0.0000010728836059570312, -1.2245436664670706e-08, 0.8284191489219666, 0.20321597158908844, 0.5219437479972839, -0.08430629968643188, 0.9664849042892456, -0.24248605966567993, -0.5537275671958923, 0.15687690675258636, 0.8177868723869324),
            ["LeftLowerLeg"] = CFrame.new(-4.470348358154297e-08, 1.1920928955078125e-07, -1.4156103134155273e-07, 1, 1.0617077350616455e-07, 6.705522537231445e-08, -1.1920930376163597e-07, 0.42309048771858215, 0.9060873985290527, 5.960465188081798e-08, -0.9060874581336975, 0.42309051752090454),
        }},
        {Time = 0.042, Data = {
            ["LeftFoot"] = CFrame.new(3.326908881717827e-08, -2.384185791015625e-07, -4.893433924735291e-08, 0.8274846076965332, -0.19944536685943604, -0.5248725414276123, 0.08106650412082672, 0.967430055141449, -0.23980717360973358, 0.5556055307388306, 0.15588703751564026, 0.8167014718055725),
            ["LeftLowerArm"] = CFrame.new(-2.9802322387695312e-08, 5.960464477539063e-08, 2.60770320892334e-07, 1, -7.916242594774303e-08, 4.5634816814299484e-08, 7.916241884231567e-08, 0.38175246119499207, -0.924264669418335, 8.95088305696845e-08, 0.924264669418335, 0.38175252079963684),
            ["LowerTorso"] = CFrame.new(0, -0.39688003063201904, 0, 0.9999179244041443, -0.008239055052399635, 0.009822871536016464, 0.009067411534488201, 0.9961227774620056, -0.0875055342912674, -0.009063824079930782, 0.08758740872144699, 0.9961156249046326),
            ["Head"] = CFrame.new(-1.680291461525485e-09, -1.1920928955078125e-07, -5.343963493942283e-09, 0.9396877884864807, -0.007472256198525429, -0.34195205569267273, 0.006386496126651764, 0.9999703764915466, -0.004300963599234819, 0.34197407960891724, 0.001857687602750957, 0.9397075772285461),
            ["RightUpperArm"] = CFrame.new(-5.960464477539063e-08, 0, -2.6520865503698587e-09, -0.01568375527858734, -0.9998457431793213, -0.007903059013187885, 0.12960711121559143, -0.009870486333966255, 0.9915163516998291, -0.9914413690567017, 0.01452626846730709, 0.1297418177127838),
            ["UpperTorso"] = CFrame.new(-7.566995918750763e-10, 2.682209014892578e-07, -1.833177520893514e-08, 0.9998618364334106, 0.013915697112679482, -0.009100237861275673, -0.013046636246144772, 0.9959069490432739, 0.0894380733370781, 0.010307582095265388, -0.08930695801973343, 0.9959508776664734),
            ["HumanoidRootPart"] = CFrame.new(0, 0, 0, 1, 0, 0, 0, 1, 0, 0, 0, 1),
            ["RightHand"] = CFrame.new(-2.2351741790771484e-08, -1.1920928955078125e-07, 1.8998980522155762e-07, 1, -7.35744833946228e-08, 8.568167686462402e-08, 5.029141902923584e-08, 0.9821949601173401, 0.1878644824028015, -9.778887033462524e-08, -0.18786445260047913, 0.9821950197219849),
            ["LeftUpperArm"] = CFrame.new(0, 0, -1.495209289714694e-09, 0.015726402401924133, 0.9998417496681213, 0.008317001163959503, -0.1847285032272339, 0.011080268770456314, -0.9827271103858948, -0.9826638102531433, 0.013918302021920681, 0.18487359583377838),
            ["RightLowerArm"] = CFrame.new(-2.9802322387695312e-08, 5.364418029785156e-07, -1.434236764907837e-07, 1, -1.2572856178394431e-07, 3.7252920748187535e-08, 8.300413156803188e-08, 0.38175249099731445, -0.9242646098136902, 1.0116492887846107e-07, 0.924264669418335, 0.3817525804042816),
            ["LeftHand"] = CFrame.new(1.6391277313232422e-07, 1.7881393432617188e-07, 1.862645149230957e-08, 1, 1.25728565336658e-08, -7.450580596923828e-08, -3.3527616238870905e-08, 0.994766354560852, -0.10217611491680145, 5.1222748709278676e-08, 0.10217608511447906, 0.994766354560852),
            ["RightUpperLeg"] = CFrame.new(0, -1.4959368854761124e-08, 1.6465492080897093e-08, 0.44916921854019165, -0.7779476642608643, -0.43936842679977417, 0.27578920125961304, 0.5884785652160645, -0.7600218653678894, 0.8498161435127258, 0.22020527720451355, 0.47887593507766724),
            ["LeftUpperLeg"] = CFrame.new(0, 2.4063047021627426e-07, -2.561137080192566e-08, 0.4602116346359253, 0.7884133458137512, 0.40817874670028687, -0.27846992015838623, 0.5647466778755188, -0.7768626809120178, -0.8430064916610718, 0.24385562539100647, 0.4794522821903229),
            ["RightLowerLeg"] = CFrame.new(-8.940696716308594e-08, 2.980232238769531e-07, -1.4731631381437182e-07, 1, -1.8998973416728404e-07, 6.70552182668871e-08, 1.564622067462551e-07, 0.436607301235199, 0.8996523022651672, -1.1920930376163597e-07, -0.8996523022651672, 0.4366071820259094),
            ["RightFoot"] = CFrame.new(2.021988620981574e-08, 9.5367431640625e-07, 5.347828846424818e-08, 0.8275213837623596, 0.20442508161067963, 0.5228951573371887, -0.08713876456022263, 0.9668346047401428, -0.24007850885391235, -0.5546308159828186, 0.1531057059764862, 0.8178893327713013),
            ["LeftLowerLeg"] = CFrame.new(-2.9802322387695312e-08, -2.980232238769531e-07, 6.705522537231445e-08, 1, 5.774199962615967e-08, 6.705521116145974e-08, -1.341104507446289e-07, 0.42063698172569275, 0.9072291254997253, 4.470348358154297e-08, -0.9072290658950806, 0.42063695192337036),
        }},
        {Time = 0.083, Data = {
            ["LeftFoot"] = CFrame.new(-4.333537617640104e-08, -5.960464477539063e-08, -4.961555077898083e-08, 0.8245912790298462, -0.19015420973300934, -0.5328139066696167, 0.07332209497690201, 0.9697967767715454, -0.23263312876224518, 0.5609573721885681, 0.15276013314723969, 0.8136284351348877),
            ["LeftLowerArm"] = CFrame.new(2.980232238769531e-07, 0, 4.949397407472134e-07, 1, 0, 1.862645326866641e-08, 3.725290298461914e-08, 0.9242647290229797, -0.3817524015903473, -3.4682670957408845e-08, 0.38175228238105774, 0.9242647290229797),
            ["LowerTorso"] = CFrame.new(0, -0.38944005966186523, 0, 0.9990580081939697, -0.027871491387486458, 0.033261194825172424, 0.030705465003848076, 0.9956488609313965, -0.08798003196716309, -0.030664337798953056, 0.08891845494508743, 0.9955667853355408),
            ["Head"] = CFrame.new(-2.3892425815574825e-09, 0, 2.3512711777584627e-09, 0.9394617080688477, -0.026227334514260292, -0.34164878726005554, 0.022373756393790245, 0.9996339082717896, -0.015215763822197914, 0.34192273020744324, 0.006650659255683422, 0.9397045969963074),
            ["RightUpperArm"] = CFrame.new(0, 0, 2.444721758365631e-09, -0.05287696048617363, -0.9983843564987183, -0.02080458588898182, 0.5160030126571655, -0.0451538972556591, 0.8553959131240845, -0.8549531102180481, 0.03449541702866554, 0.5175567865371704),
            ["UpperTorso"] = CFrame.new(-1.862645149230957e-09, 1.4901161193847656e-07, 1.0855728760361671e-08, 0.9983693361282349, 0.04818182811141014, -0.030614318326115608, -0.04506079852581024, 0.9944050908088684, 0.09554143249988556, 0.03504639491438866, -0.09400611370801926, 0.9949545860290527),
            ["HumanoidRootPart"] = CFrame.new(0, 0, 0, 1, 0, 0, 0, 1, 0, 0, 0, 1),
            ["RightHand"] = CFrame.new(1.043081283569336e-07, 0, -2.086162567138672e-07, 1, -1.0430815677864302e-07, 5.7742006731587026e-08, 6.332993507385254e-08, 0.9937359690666199, -0.11175420135259628, -1.1734664440155029e-07, 0.11175420880317688, 0.9937359094619751),
            ["LeftUpperArm"] = CFrame.new(0, 0, 4.249159246683121e-09, 0.059478435665369034, 0.9981507658958435, 0.012549135833978653, -0.7111987471580505, 0.05119411274790764, -0.7011246681213379, -0.7004703283309937, 0.03277698904275894, 0.712928295135498),
            ["RightLowerArm"] = CFrame.new(-3.2782554626464844e-07, 3.5762786865234375e-07, 1.0523945093154907e-07, 1, -8.940700979565008e-08, -8.568170528633345e-08, 2.980232594040899e-08, 0.9242646098136902, -0.3817521929740906, 5.2707044062572095e-08, 0.38175246119499207, 0.9242648482322693),
            ["LeftHand"] = CFrame.new(9.685754776000977e-08, 1.7881393432617188e-07, 1.341104507446289e-07, 1, 1.862645504502325e-08, -1.4528633585086936e-07, 3.725290298461914e-08, 0.9805884957313538, 0.19607728719711304, 7.264316082000732e-08, -0.19607730209827423, 0.980588436126709),
            ["RightUpperLeg"] = CFrame.new(0, -2.1187588572502136e-08, -1.287116901949048e-08, 0.43062925338745117, -0.7600059509277344, -0.4867745041847229, 0.2706871032714844, 0.6232749819755554, -0.7336599230766296, 0.8609802722930908, 0.18417179584503174, 0.4741242229938507),
            ["LeftUpperLeg"] = CFrame.new(0, -3.771856427192688e-08, 7.450580596923828e-09, 0.4682423770427704, 0.7972155213356018, 0.38104668259620667, -0.2794996500015259, 0.5427339673042297, -0.7920352220535278, -0.8382296562194824, 0.26436200737953186, 0.4769524931907654),
            ["RightLowerLeg"] = CFrame.new(1.043081283569336e-07, 1.1920928955078125e-07, -1.4731631381437182e-07, 1, -1.6391273049976007e-07, 1.8626447051417472e-09, 1.4156103134155273e-07, 0.46993890404701233, 0.8826988935470581, -1.1920928955078125e-07, -0.8826989531517029, 0.46993890404701233),
            ["RightFoot"] = CFrame.new(2.6055204216390848e-08, 8.344650268554688e-07, 1.0340590961277485e-07, 0.8248652815818787, 0.20697881281375885, 0.5260773301124573, -0.09406107664108276, 0.9678440690040588, -0.2333029806613922, -0.5574493408203125, 0.14296026527881622, 0.817809522151947),
            ["LeftLowerLeg"] = CFrame.new(7.450580596923828e-08, -5.960464477539063e-08, -1.043081283569336e-07, 1, 1.2479723920932884e-07, 5.587935447692871e-08, -1.043081283569336e-07, 0.41515281796455383, 0.9097517132759094, 5.960464477539063e-08, -0.9097517132759094, 0.41515278816223145),
        }},
        {Time = 0.125, Data = {
            ["LeftFoot"] = CFrame.new(-5.743004294345155e-09, -5.960464477539063e-08, 5.7291572375106625e-08, 0.8194953799247742, -0.17787712812423706, -0.5447821021080017, 0.0631868988275528, 0.9728601574897766, -0.2225995510816574, 0.5695918202400208, 0.14799633622169495, 0.8084936141967773),
            ["LeftLowerArm"] = CFrame.new(0, -5.960464477539063e-08, 1.3783574104309082e-07, 1, 6.344635927746367e-09, 2.3166652596273707e-08, 5.529728341890916e-10, 1, 1.7462301049597784e-10, -5.471520569955146e-09, 1.9208530321890294e-09, 1),
            ["LowerTorso"] = CFrame.new(0, -0.38055992126464844, 0, 0.9968076944351196, -0.05124545469880104, 0.06122531369328499, 0.056525979191064835, 0.9945257902145386, -0.08788181096315384, -0.056386612355709076, 0.09106206893920898, 0.9942476749420166),
            ["Head"] = CFrame.new(-3.4769982448779047e-09, -2.384185791015625e-07, -4.749836080009118e-09, 0.938707709312439, -0.05076242983341217, -0.34095630049705505, 0.043194349855184555, 0.9986234307289124, -0.02975657768547535, 0.3419974744319916, 0.013205339200794697, 0.9396081566810608),
            ["RightUpperArm"] = CFrame.new(-5.960464477539063e-08, -2.384185791015625e-07, -7.377821020781994e-09, -0.08383842557668686, -0.9961949586868286, -0.023808415979146957, 0.9583033323287964, -0.08715345710515976, 0.2721377909183502, -0.2731774151325226, -1.471780421979929e-07, 0.9619637131690979),
            ["UpperTorso"] = CFrame.new(1.3504177331924438e-08, 1.1920928955078125e-07, -1.3387762010097504e-08, 0.9942423701286316, 0.09145341068506241, -0.0558442622423172, -0.08529285341501236, 0.9908927083015442, 0.10419626533985138, 0.06486478447914124, -0.09883323311805725, 0.9929876923561096),
            ["HumanoidRootPart"] = CFrame.new(0, 0, 0, 1, 0, 0, 0, 1, 0, 0, 0, 1),
            ["RightHand"] = CFrame.new(-3.129243850708008e-07, -1.1920928955078125e-07, -8.195638656616211e-08, 1, 7.823110337312755e-08, 3.3061951398849487e-07, 1.3009413990516805e-08, 0.9631859064102173, -0.26883649826049805, -3.33820963760445e-07, 0.2688365578651428, 0.9631858468055725),
            ["LeftUpperArm"] = CFrame.new(0, -2.384185791015625e-07, -7.4069248512387276e-09, 0.08462066948413849, 0.9961935877799988, -0.020919417962431908, -0.9670360088348389, 0.08716810494661331, 0.23925535380840302, 0.24016815423965454, -0.00001614093707758002, 0.9707313179969788),
            ["RightLowerArm"] = CFrame.new(1.1920928955078125e-07, 3.5762786865234375e-07, -2.60770320892334e-08, 1, -4.816685716946267e-09, -3.323657438158989e-08, 2.7939672797572257e-09, 1, 1.1952943168580532e-07, 2.3981552743634893e-08, 6.984921530062138e-10, 1),
            ["LeftHand"] = CFrame.new(1.3969838619232178e-07, 1.7881393432617188e-07, -5.587935447692871e-08, 1, 5.2154071283894154e-08, -1.7695128917694092e-07, 1.1612426575879908e-08, 0.9369946122169495, 0.3493439257144928, 1.2834787810334092e-07, -0.349343866109848, 0.9369946122169495),
            ["RightUpperLeg"] = CFrame.new(1.1920928955078125e-07, -7.450580596923828e-08, 5.75528247281909e-09, 0.4058934152126312, -0.7350460886955261, -0.5431002974510193, 0.2646563649177551, 0.6633260846138, -0.6999682784080505, 0.8747614026069641, 0.14037758111953735, 0.46377435326576233),
            ["LeftUpperLeg"] = CFrame.new(0, -2.0349398255348206e-07, 7.450580596923828e-09, 0.4755697250366211, 0.8071486949920654, 0.3497776985168457, -0.27959302067756653, 0.5156922340393066, -0.8098699450492859, -0.8340631127357483, 0.28735414147377014, 0.47092074155807495),
            ["RightLowerLeg"] = CFrame.new(4.470348358154297e-08, -1.7881393432617188e-07, -7.281050784513354e-08, 1, -1.8626447229053156e-07, 2.7939673685750677e-08, 1.0430814256778831e-07, 0.5107765793800354, 0.8597135543823242, -1.0430814256778831e-07, -0.859713613986969, 0.5107765793800354),
            ["RightFoot"] = CFrame.new(3.8216967368498445e-08, 7.152557373046875e-07, 4.6667992137372494e-08, 0.8205001950263977, 0.20927149057388306, 0.5319640040397644, -0.10244086384773254, 0.969344973564148, -0.2233296036720276, -0.5623924732208252, 0.12874732911586761, 0.8167853355407715),
            ["LeftLowerLeg"] = CFrame.new(-2.9802322387695312e-08, -1.1920928955078125e-07, -3.725290298461914e-08, 1, 6.33299421792799e-08, 1.0989604959377175e-07, -8.940696716308594e-08, 0.40931352972984314, 0.9123937487602234, 7.450580596923828e-08, -0.9123938083648682, 0.4093135893344879),
        }},
        {Time = 0.167, Data = {
            ["LeftFoot"] = CFrame.new(4.3220325096626766e-08, -2.980232238769531e-07, -7.051880857034121e-09, 0.812166690826416, -0.16525804996490479, -0.5595309138298035, 0.05255274474620819, 0.9758681058883667, -0.21194255352020264, 0.5810537934303284, 0.14272791147232056, 0.801252543926239),
            ["LeftLowerArm"] = CFrame.new(-8.940696716308594e-08, 5.960464477539063e-08, 1.4156103134155273e-07, 1, -3.72529100900465e-08, 6.05359762317903e-09, 3.539026138810186e-08, 0.924264669418335, -0.3817524015903473, 2.05182022483541e-08, 0.3817524313926697, 0.9242647290229797),
            ["LowerTorso"] = CFrame.new(0, -0.3731200695037842, 0, 0.9938996434211731, -0.07074809074401855, 0.08460729569196701, 0.07811924070119858, 0.993119478225708, -0.08724277466535568, -0.07785289734601974, 0.09332001954317093, 0.992587685585022),
            ["Head"] = CFrame.new(1.8546415958553553e-08, -4.76837158203125e-07, -9.455106919631362e-09, 0.9374285340309143, -0.0755699947476387, -0.3398778736591339, 0.06407595425844193, 0.9969329833984375, -0.04493258148431778, 0.3422309458255768, 0.020343085750937462, 0.9393956065177917),
            ["RightUpperArm"] = CFrame.new(1.1920928955078125e-07, -4.76837158203125e-07, -9.822542779147625e-09, -0.049953341484069824, -0.9974747896194458, -0.050484027713537216, 0.8177793622016907, -0.011831626296043396, -0.5754101872444153, 0.5733599662780762, -0.07002847641706467, 0.8163054585456848),
            ["UpperTorso"] = CFrame.new(-1.4901161193847656e-08, 2.682209014892578e-07, 0, 0.9882822632789612, 0.13213585317134857, -0.07640951871871948, -0.12303915619850159, 0.9858881235122681, 0.1135169044137001, 0.09033089131116867, -0.1027853712439537, 0.9905935525894165),
            ["HumanoidRootPart"] = CFrame.new(0, 0, 0, 1, 0, 0, 0, 1, 0, 0, 0, 1),
            ["RightHand"] = CFrame.new(1.862645149230957e-08, -1.1920928955078125e-07, -3.725290298461914e-08, 1, 6.193295121192932e-08, 3.366731107234955e-07, -7.450580596923828e-09, 0.9937320351600647, -0.11178876459598541, -3.282912075519562e-07, 0.1117887794971466, 0.9937320351600647),
            ["LeftUpperArm"] = CFrame.new(0, -3.5762786865234375e-07, -7.683411240577698e-09, 0.03431406989693642, 0.999309241771698, -0.014269762672483921, -0.4362010359764099, 0.027821524068713188, 0.8994191288948059, 0.8991947174072266, -0.02463829703629017, 0.43685445189476013),
            ["RightLowerArm"] = CFrame.new(3.5762786865234375e-07, 3.5762786865234375e-07, 4.6193599700927734e-07, 1, -9.918588972368525e-08, -4.70318006762227e-08, 3.864989039925604e-08, 0.9242647290229797, -0.38175228238105774, 2.2671886767966498e-07, 0.3817524015903473, 0.9242647290229797),
            ["LeftHand"] = CFrame.new(2.2351741790771484e-07, 4.172325134277344e-07, 7.450580596923828e-08, 1, 5.122274160385132e-08, -2.2118911147117615e-07, -2.0489098417897367e-08, 0.9805827140808105, 0.19610610604286194, 1.804437772534584e-07, -0.19610610604286194, 0.9805827736854553),
            ["RightUpperLeg"] = CFrame.new(5.960464477539063e-08, 2.337619662284851e-07, -5.420588422566652e-09, 0.3803558945655823, -0.7114803791046143, -0.5908682942390442, 0.25913286209106445, 0.6952819228172302, -0.6703978180885315, 0.8877948522567749, 0.10187624394893646, 0.44882240891456604),
            ["LeftUpperLeg"] = CFrame.new(-5.960464477539063e-08, 2.838205546140671e-07, -1.1175870895385742e-08, 0.47743773460388184, 0.8159668445587158, 0.32596248388290405, -0.27720922231674194, 0.49190640449523926, -0.8253381848335266, -0.8337914943695068, 0.3036876916885376, 0.4610482454299927),
            ["RightLowerLeg"] = CFrame.new(-8.940696716308594e-08, 1.1920928955078125e-07, -5.75528247281909e-09, 1, -1.9511197990595974e-07, -1.4901161193847656e-08, 1.4901158351676713e-07, 0.5460305213928223, 0.8377652168273926, -1.4901158351676713e-07, -0.8377653360366821, 0.5460307002067566),
            ["RightFoot"] = CFrame.new(-5.531910574063659e-08, 8.940696716308594e-07, 5.2641553338617086e-08, 0.8144543170928955, 0.20960506796836853, 0.5410453677177429, -0.10869058221578598, 0.9710782766342163, -0.21258723735809326, -0.5699567198753357, 0.11433630436658859, 0.8136810064315796),
            ["LeftLowerLeg"] = CFrame.new(-2.9802322387695312e-08, 5.960464477539063e-08, 8.195638656616211e-08, 1, 5.4016702222270396e-08, -2.2351748896198842e-08, -1.0430811414607888e-07, 0.4050435423851013, 0.9142974019050598, 4.470347647611561e-08, -0.9142974019050598, 0.40504372119903564),
        }},
        {Time = 0.208, Data = {
            ["LeftFoot"] = CFrame.new(-1.9016397345694713e-08, -2.980232238769531e-07, -5.0006974561256357e-08, 0.8029311895370483, -0.15513628721237183, -0.5755296349525452, 0.043018639087677, 0.978101372718811, -0.20363496243953705, 0.5945174694061279, 0.13874633610248566, 0.7920218110084534),
            ["LeftLowerArm"] = CFrame.new(-5.960464477539063e-08, 2.384185791015625e-07, -7.683411240577698e-08, 1, -7.974448834602299e-08, 5.471520125865936e-08, 8.096685633063316e-08, 0.38175225257873535, -0.9242647290229797, 5.3783878684043884e-08, 0.9242647290229797, 0.3817523419857025),
            ["LowerTorso"] = CFrame.new(0, -0.3700000047683716, 0, 0.9924038648605347, -0.07889757305383682, 0.09439130872488022, 0.08715573698282242, 0.9924039840698242, -0.08682411164045334, -0.08682408928871155, 0.0943913459777832, 0.9917418360710144),
            ["Head"] = CFrame.new(-7.697053661104292e-09, 1.1920928955078125e-07, 1.002263161353767e-09, 0.9360818266868591, -0.09516986459493637, -0.33866432309150696, 0.08027062565088272, 0.995097815990448, -0.05776646360754967, 0.3425017297267914, 0.026889346539974213, 0.9391323328018188),
            ["RightUpperArm"] = CFrame.new(0, -2.384185791015625e-07, -1.1710653780028224e-08, -0.014134411700069904, -0.9949129223823547, -0.09974271059036255, 0.31433334946632385, 0.0902743861079216, -0.9450106620788574, 0.9492074847221375, -0.04470966011285782, 0.3114582896232605),
            ["UpperTorso"] = CFrame.new(0, -8.940696716308594e-08, -1.1175870895385742e-08, 0.9837208986282349, 0.1586039513349533, -0.08448680490255356, -0.1478608250617981, 0.9815719127655029, 0.12105296552181244, 0.10212934017181396, -0.10659004002809525, 0.9890441298484802),
            ["HumanoidRootPart"] = CFrame.new(0, 0, 0, 1, 0, 0, 0, 1, 0, 0, 0, 1),
            ["RightHand"] = CFrame.new(-3.725290298461914e-09, 1.7881393432617188e-07, -1.6391277313232422e-07, 1, 3.4458935260772705e-08, 3.334134817123413e-07, -9.96515154838562e-08, 0.9822031259536743, 0.1878218948841095, -3.119930624961853e-07, -0.1878218650817871, 0.9822031855583191),
            ["LeftUpperArm"] = CFrame.new(-1.1920928955078125e-07, -1.1920928955078125e-07, -5.8498699218034744e-09, -0.0000786611926741898, 0.9991605877876282, 0.040966711938381195, -0.035570524632930756, -0.04094350337982178, 0.9985281825065613, 0.9993672370910645, -0.0013786149211227894, 0.035543933510780334),
            ["RightLowerArm"] = CFrame.new(0, 4.76837158203125e-07, -2.384185791015625e-07, 1, -1.4621767263633956e-07, 4.3306521035901824e-08, 7.916241884231567e-08, 0.38175225257873535, -0.9242646098136902, 1.2828968465328217e-07, 0.9242647886276245, 0.3817523717880249),
            ["LeftHand"] = CFrame.new(1.0849907994270325e-07, -3.5762786865234375e-07, -1.566368155181408e-07, 1, 5.727633833885193e-08, -8.818460628390312e-08, -6.624032522495327e-08, 0.9947700500488281, -0.10213973373174667, 8.090865577514705e-08, 0.10213974118232727, 0.9947700500488281),
            ["RightUpperLeg"] = CFrame.new(5.960464477539063e-08, -2.5564804673194885e-07, -9.145878721028566e-09, 0.35973504185676575, -0.7025474905967712, -0.6140180826187134, 0.2546202540397644, 0.7070118188858032, -0.6597748398780823, 0.8976409435272217, 0.08100253343582153, 0.4332194924354553),
            ["LeftUpperLeg"] = CFrame.new(-5.960464477539063e-08, -3.762543201446533e-07, -3.725290298461914e-09, 0.46910911798477173, 0.8227930665016174, 0.32085591554641724, -0.2710621953010559, 0.47992098331451416, -0.8343867063522339, -0.8405128717422485, 0.3044463098049164, 0.4481632113456726),
            ["RightLowerLeg"] = CFrame.new(-4.470348358154297e-08, -1.7881393432617188e-07, -1.696680556051433e-07, 1, -1.4901149825163884e-07, -8.754431490842762e-08, 1.1920927533992653e-07, 0.5610784888267517, 0.8277624845504761, -1.341104365337742e-07, -0.8277626633644104, 0.5610787868499756),
            ["RightFoot"] = CFrame.new(9.11786628421396e-08, 9.5367431640625e-07, 1.4624674804508686e-09, 0.8066678643226624, 0.20609784126281738, 0.5539053082466125, -0.10771570354700089, 0.972797691822052, -0.2050902396440506, -0.5811062455177307, 0.10577558726072311, 0.8069243431091309),
            ["LeftLowerLeg"] = CFrame.new(-7.450580596923828e-08, 5.960464477539063e-08, 3.725290298461914e-09, 1, 8.009370588979436e-08, 9.499492392706088e-08, -9.685753354915505e-08, 0.4034281075000763, 0.9150112867355347, 2.9802318834981634e-08, -0.9150113463401794, 0.4034282863140106),
        }},
        {Time = 0.250, Data = {
            ["LeftFoot"] = CFrame.new(-1.6461399354739115e-08, -1.7881393432617188e-07, 9.93196636045468e-08, 0.7926490902900696, -0.14778535068035126, -0.5914955735206604, 0.035065654665231705, 0.9796214699745178, -0.19776803255081177, 0.6086690425872803, 0.13601960241794586, 0.781678318977356),
            ["LeftLowerArm"] = CFrame.new(2.9802322387695312e-08, 2.384185791015625e-07, 1.7136335372924805e-07, 1, -9.007636947444553e-08, 8.659117156639695e-08, 8.783536031842232e-08, -1.6312698392084712e-07, -1, 8.813185559120029e-08, 1, -1.7097045201808214e-07),
            ["LowerTorso"] = CFrame.new(0, -0.3733236789703369, 0, 0.9934385418891907, -0.06943665444850922, 0.09087689965963364, 0.07740569859743118, 0.9931683540344238, -0.08732142299413681, -0.08419276028871536, 0.09378284960985184, 0.9920263886451721),
            ["Head"] = CFrame.new(8.62200977280736e-09, -2.384185791015625e-07, 8.00719135440886e-09, 0.9357001781463623, -0.10157009214162827, -0.33785927295684814, 0.08468476682901382, 0.9943252205848694, -0.06438826769590378, 0.34248194098472595, 0.03163657337427139, 0.9389916658401489),
            ["RightUpperArm"] = CFrame.new(0, -2.384185791015625e-07, 1.2325472198426723e-08, 2.3822209982427012e-07, -0.9961947202682495, -0.0871555432677269, -9.263929712233221e-08, 0.08715560287237167, -0.9961947202682495, 1, 3.269450132847851e-07, -1.509706066826766e-07),
            ["UpperTorso"] = CFrame.new(-9.778887033462524e-09, -2.384185791015625e-07, 9.546056389808655e-09, 0.9834824204444885, 0.16154900193214417, -0.08163484930992126, -0.15068618953227997, 0.9806209802627563, 0.12520501017570496, 0.10027957707643509, -0.11083568632602692, 0.9887667298316956),
            ["HumanoidRootPart"] = CFrame.new(0, 0, 0, 1, 0, 0, 0, 1, 0, 0, 0, 1),
            ["RightHand"] = CFrame.new(5.534093361347914e-08, -5.960464477539063e-08, -1.2014061212539673e-07, 1, -6.527626084107396e-08, 7.844574412274596e-08, 3.20032995659858e-08, 0.9396926760673523, 0.3420201539993286, -9.490759111940861e-08, -0.3420201539993286, 0.9396927356719971),
            ["LeftUpperArm"] = CFrame.new(0, -2.384185791015625e-07, 8.13452061265707e-09, -2.96211482009312e-07, 0.9961947202682495, 0.08715568482875824, -2.0514105969482443e-08, -0.08715575933456421, 0.9961947202682495, 1, 2.1226875901447784e-07, -3.714921348318967e-08),
            ["RightLowerArm"] = CFrame.new(0, 4.172325134277344e-07, 5.774199962615967e-08, 1, -1.5456316759809852e-07, 8.781355376186184e-08, 8.705683285370469e-08, -5.4467818699777126e-08, -1, 1.51220774569083e-07, 1, -1.5282425636087282e-07),
            ["LeftHand"] = CFrame.new(1.3246608432382345e-07, 1.1920928955078125e-07, -1.83936208486557e-08, 1, 4.481990600879726e-08, -1.652369974181056e-08, -5.175115802558139e-08, 0.9659258127212524, -0.2588191032409668, 3.688910510390997e-09, 0.2588191330432892, 0.9659258723258972),
            ["RightUpperLeg"] = CFrame.new(-2.9802322387695312e-08, -4.470348358154297e-07, 2.029992174357176e-09, 0.3420417606830597, -0.719977080821991, -0.6038548946380615, 0.2535250782966614, 0.6894897222518921, -0.6784753799438477, 0.9048384428024292, 0.07897452265024185, 0.4183664619922638),
            ["LeftUpperLeg"] = CFrame.new(0, -2.3748725652694702e-07, 1.1175870895385742e-08, 0.4531990587711334, 0.8240772485733032, 0.33986401557922363, -0.2591184675693512, 0.4865894615650177, -0.8343190550804138, -0.8529176115989685, 0.29004743695259094, 0.4340554177761078),
            ["RightLowerLeg"] = CFrame.new(-5.960464477539063e-08, 1.1920928955078125e-07, 6.129994289949536e-08, 1, -1.4109529899997142e-07, -3.725290653733282e-08, 1.4901161193847656e-07, 0.5453422665596008, 0.8382134437561035, -5.960464477539063e-08, -0.8382135033607483, 0.5453425049781799),
            ["RightFoot"] = CFrame.new(1.2511009117588401e-08, 8.940696716308594e-07, 2.179149305447936e-08, 0.7965412735939026, 0.19925281405448914, 0.5708068013191223, -0.09640802443027496, 0.973911464214325, -0.20543113350868225, -0.5968479514122009, 0.10860425978899002, 0.7949702739715576),
            ["LeftLowerLeg"] = CFrame.new(-1.4901161193847656e-08, 5.960464477539063e-08, 1.043081283569336e-07, 1, 3.911553747570906e-08, 8.381903882082042e-08, -1.0430811414607888e-07, 0.40566286444664, 0.9140228033065796, -7.4505797087454084e-09, -0.9140227437019348, 0.40566307306289673),
        }},
        {Time = 0.292, Data = {
            ["LeftFoot"] = CFrame.new(-9.847099136095494e-09, -1.7881393432617188e-07, -1.5748952364447177e-07, 0.7820217609405518, -0.14167071878910065, -0.6069359183311462, 0.028427468612790108, 0.9809170365333557, -0.1923372745513916, 0.6226025819778442, 0.13315819203853607, 0.7711260318756104),
            ["LeftLowerArm"] = CFrame.new(0, 1.1920928955078125e-07, -1.9371509552001953e-07, 1, -1.4342366227992898e-07, 5.960463766996327e-08, 6.565824151039124e-08, 0.38175246119499207, -0.9242646098136902, 7.031485438346863e-08, 0.924264669418335, 0.3817523717880249),
            ["LowerTorso"] = CFrame.new(0, -0.3818950653076172, 0, 0.9956769347190857, -0.045011427253484726, 0.08124905824661255, 0.052184153348207474, 0.9947143197059631, -0.0884324163198471, -0.0768391340970993, 0.09229002892971039, 0.9927629828453064),
            ["Head"] = CFrame.new(-2.478191163390875e-08, -2.384185791015625e-07, -4.2056769178344666e-10, 0.9367950558662415, -0.0909191220998764, -0.337859183549881, 0.07410311698913574, 0.9952983260154724, -0.06236983463168144, 0.34194132685661316, 0.033391326665878296, 0.9391279220581055),
            ["RightUpperArm"] = CFrame.new(0, -4.76837158203125e-07, -4.203488224163721e-09, 2.698912737741921e-07, -1, 1.9303838882933633e-07, -9.170861403617891e-08, -1.0825166896211158e-07, -1, 1, 3.301989579540532e-07, -1.4632121292379452e-07),
            ["UpperTorso"] = CFrame.new(1.3969838619232178e-09, 1.1920928955078125e-07, 1.0710209608078003e-08, 0.9871178269386292, 0.14130400121212006, -0.0750446617603302, -0.13121646642684937, 0.9833627343177795, 0.1256183534860611, 0.09154650568962097, -0.11415299028158188, 0.9892362356185913),
            ["HumanoidRootPart"] = CFrame.new(0, 0, 0, 1, 0, 0, 0, 1, 0, 0, 0, 1),
            ["RightHand"] = CFrame.new(-5.024833171773935e-08, -5.960464477539063e-08, 1.5599653124809265e-07, 1, -7.260547363330261e-08, 8.39907343674895e-08, 5.395589397494405e-08, 0.9821770787239075, 0.187958225607872, -9.457434657633712e-08, -0.18795816600322723, 0.9821771383285522),
            ["LeftUpperArm"] = CFrame.new(-1.1920928955078125e-07, -2.384185791015625e-07, -4.113118734494492e-09, 0.029342161491513252, 0.992365300655365, 0.11979203671216965, -0.4072965681552887, -0.09757349640130997, 0.908068835735321, 0.9128244519233704, -0.07543575763702393, 0.4013238549232483),
            ["RightLowerArm"] = CFrame.new(5.960464477539063e-08, 4.76837158203125e-07, 1.862645149230957e-09, 1, -1.3990401726005075e-07, 3.016673133515724e-08, 8.058101741426071e-08, 0.38175252079963684, -0.9242646098136902, 1.2196939280784136e-07, 0.924264669418335, 0.3817525804042816),
            ["LeftHand"] = CFrame.new(2.1047890186309814e-07, 0, 2.086162567138672e-07, 1, 2.6077035641947077e-08, -1.4435498130183078e-08, 4.423782229423523e-09, 0.994758129119873, -0.10225625336170197, -1.4435499906539917e-08, 0.10225631296634674, 0.9947580695152283),
            ["RightUpperLeg"] = CFrame.new(0, -7.683411240577698e-09, 2.438173396512866e-08, 0.3222867548465729, -0.757880449295044, -0.5672288537025452, 0.2559589743614197, 0.646647572517395, -0.7185624241828918, 0.9113815426826477, 0.08639588952064514, 0.4023922085762024),
            ["LeftUpperLeg"] = CFrame.new(-1.1920928955078125e-07, 3.655441105365753e-08, 1.1175870895385742e-08, 0.4352074861526489, 0.8179408311843872, 0.3762543201446533, -0.2423473447561264, 0.5089097023010254, -0.8260017037391663, -0.867099940776825, 0.26829788088798523, 0.4197070598602295),
            ["RightLowerLeg"] = CFrame.new(1.4901161193847656e-08, 1.1920928955078125e-07, -3.55576048605144e-08, 1, -1.9744027213164372e-07, -2.7939673685750677e-08, 1.0430811414607888e-07, 0.5052582025527954, 0.8629680871963501, -7.450579886381092e-08, -0.8629682660102844, 0.505258321762085),
            ["RightFoot"] = CFrame.new(-1.1750671546906233e-09, 6.556510925292969e-07, 2.0379957277327776e-08, 0.7838746309280396, 0.1908240020275116, 0.5908694267272949, -0.077477365732193, 0.9742271304130554, -0.21184585988521576, -0.6160665154457092, 0.12028171867132187, 0.7784566283226013),
            ["LeftLowerLeg"] = CFrame.new(1.4901161193847656e-08, 5.960464477539063e-08, 5.587935447692871e-08, 1, 4.470347647611561e-08, 5.215405707303944e-08, -1.1175868053214799e-07, 0.4116770029067993, 0.9113298058509827, -2.2351736461700966e-08, -0.9113298058509827, 0.4116770029067993),
        }},
        {Time = 0.333, Data = {
            ["LeftFoot"] = CFrame.new(-4.930143404635601e-09, -1.1920928955078125e-07, -1.5462023839063477e-07, 0.7713658213615417, -0.1370990127325058, -0.621448814868927, 0.023583294823765755, 0.9820063710212708, -0.18736985325813293, 0.6359548568725586, 0.1298750936985016, 0.7607194781303406),
            ["LeftLowerArm"] = CFrame.new(8.940696716308594e-08, 5.960464477539063e-08, 4.0978193283081055e-08, 1, -3.702007234096527e-08, 3.725290298461914e-09, 3.166497108963995e-08, 0.924264669418335, -0.3817523121833801, 6.9849201977945086e-09, 0.3817523121833801, 0.9242647290229797),
            ["LowerTorso"] = CFrame.new(0, -0.3936152458190918, 0, 0.9976934790611267, -0.01158006489276886, 0.06688650697469711, 0.0175592303276062, 0.9958312511444092, -0.08950886875391006, -0.06557115912437439, 0.0904768854379654, 0.9937375783920288),
            ["Head"] = CFrame.new(-2.374144969508052e-08, 0, 8.443748811259866e-09, 0.9387058019638062, -0.06508726626634598, -0.33851900696754456, 0.05041206255555153, 0.9973752498626709, -0.05197445675730705, 0.3410133421421051, 0.031723279505968094, 0.9395230412483215),
            ["RightUpperArm"] = CFrame.new(1.1920928955078125e-07, -2.384185791015625e-07, 1.8044374883174896e-09, -0.08147242665290833, -0.9964464902877808, 0.021370241418480873, 0.6509273648262024, -0.06943424046039581, -0.7559580206871033, 0.7547555565834045, -0.047679439187049866, 0.6542711853981018),
            ["UpperTorso"] = CFrame.new(-1.6298145055770874e-09, 8.940696716308594e-08, 8.556526154279709e-09, 0.9926487803459167, 0.10191086679697037, -0.06528805941343307, -0.09339386969804764, 0.9880813956260681, 0.12236393243074417, 0.0769800990819931, -0.11536690592765808, 0.9903356432914734),
            ["HumanoidRootPart"] = CFrame.new(0, 0, 0, 1, 0, 0, 0, 1, 0, 0, 0, 1),
            ["RightHand"] = CFrame.new(2.3096799850463867e-07, 2.384185791015625e-07, -1.7881393432617188e-07, 1, -1.0803343286625022e-07, 9.685756197086448e-08, 8.381903882082042e-08, 0.9937514662742615, -0.11161597073078156, -1.2107194891086692e-07, 0.11161595582962036, 0.9937514662742615),
            ["LeftUpperArm"] = CFrame.new(-1.1920928955078125e-07, 0, 1.1932570487260818e-08, 0.04609186202287674, 0.9843391180038452, 0.1701531708240509, -0.9913604259490967, 0.024134352803230286, 0.12892663478851318, 0.1228010430932045, -0.17462556064128876, 0.9769471883773804),
            ["RightLowerArm"] = CFrame.new(-2.384185791015625e-07, 3.5762786865234375e-07, 8.195638656616211e-08, 1, -2.980233304583635e-08, -8.195641498787154e-08, 3.539026138810186e-08, 0.9242647290229797, -0.3817521929740906, 9.068754991403694e-08, 0.3817524015903473, 0.9242647886276245),
            ["LeftHand"] = CFrame.new(3.073364496231079e-07, 1.7881393432617188e-07, -7.450580596923828e-09, 1, 1.0011718565294814e-08, -4.091998562216759e-08, 0, 0.9806115031242371, 0.19596196711063385, 5.681067705154419e-08, -0.19596195220947266, 0.9806115031242371),
            ["RightUpperLeg"] = CFrame.new(1.1920928955078125e-07, -5.960464477539063e-08, 2.0656443666666746e-08, 0.3019179403781891, -0.8040674328804016, -0.5121729969978333, 0.2585654556751251, 0.5861719250679016, -0.7678192257881165, 0.9175998568534851, 0.09938811510801315, 0.38487982749938965),
            ["LeftUpperLeg"] = CFrame.new(-5.960464477539063e-08, -3.259629011154175e-08, 0, 0.41464659571647644, 0.8059617877006531, 0.4224855899810791, -0.22425909340381622, 0.5404646992683411, -0.810929000377655, -0.8819162249565125, 0.2415025234222412, 0.4048460125923157),
            ["RightLowerLeg"] = CFrame.new(-5.960464477539063e-08, 0, -5.790934665128589e-08, 1, -1.6950060910403408e-07, -4.284083487959833e-08, 1.2665985593685036e-07, 0.45158183574676514, 0.8922296166419983, -1.0430811414607888e-07, -0.8922297358512878, 0.45158204436302185),
            ["RightFoot"] = CFrame.new(-1.100124791264534e-08, 8.344650268554688e-07, -7.047492545098066e-08, 0.7691501975059509, 0.18065090477466583, 0.6130037903785706, -0.05414372682571411, 0.9741865396499634, -0.21915508806705475, -0.6367703676223755, 0.13537311553955078, 0.7590767741203308),
            ["LeftLowerLeg"] = CFrame.new(-1.043081283569336e-07, -1.1920928955078125e-07, 1.862645149230957e-08, 1, 5.774199962615967e-08, 7.636847954017867e-08, -9.685753354915505e-08, 0.4204716980457306, 0.9073055982589722, 2.9802318834981634e-08, -0.9073057174682617, 0.4204719364643097),
        }},
        {Time = 0.375, Data = {
            ["LeftFoot"] = CFrame.new(1.0124608706973959e-08, -2.384185791015625e-07, 5.981848971714498e-08, 0.7610428333282471, -0.1342398077249527, -0.6346600651741028, 0.020747005939483643, 0.982890784740448, -0.18301713466644287, 0.6483697295188904, 0.12611666321754456, 0.7508071660995483),
            ["LeftLowerArm"] = CFrame.new(0, 1.1920928955078125e-07, 1.6391277313232422e-07, 1, -1.862645371275562e-09, 2.8405342078485774e-08, 0, 1, -1.1175872671742582e-08, -3.4458938813486384e-08, 0, 1),
