return {
    ["Tra La La"] = {
        [1] = {Time = 0.000, Data = {
            ["LeftFoot"] = CFrame.new(1.1175870895385742e-08, -5.960464477539063e-08, -1.4901161193847656e-08, 0.9952927231788635, 0.09673457592725754, -0.005905591882765293, -0.08166328072547913, 0.804293155670166, -0.5885946154594421, -0.05218779295682907, 0.5863062739372253, 0.8084068298339844),
            ["LeftLowerArm"] = CFrame.new(0, -4.172325134277344e-07, -9.08970832824707e-07, 1, -6.705520405603238e-08, 1.4901155864777138e-08, 3.818421490109358e-08, 0.7075676321983337, -0.7066457271575928, 2.607702498380604e-08, 0.706645667552948, 0.707567572593689),
            ["LowerTorso"] = CFrame.new(-0.20000915229320526, -0.35898351669311523, 0.01836027204990387, 0.9824517965316772, 0.07628729194402695, -0.1702018827199936, -0.08088582009077072, 0.9965178966522217, -0.020239299163222313, 0.16806522011756897, 0.03365105763077736, 0.985201358795166),
            ["Head"] = CFrame.new(8.451752364635468e-08, 2.384185791015625e-07, -7.404014468193054e-08, 0.9885768890380859, 0.1502373069524765, 0.012020591646432877, -0.14267903566360474, 0.9585695266723633, -0.24655061960220337, -0.04856366664171219, 0.24201913177967072, 0.9690554738044739),
            ["RightUpperArm"] = CFrame.new(1.1920928955078125e-07, 1.1920928955078125e-07, -4.237517714500427e-08, 0.6556757092475891, 0.058286119252443314, 0.7527896165847778, 0.05187895894050598, 0.9911819100379944, -0.12193039804697037, -0.753258228302002, 0.11900074779987335, 0.6468700766563416),
            ["UpperTorso"] = CFrame.new(2.0954757928848267e-08, 3.2782554626464844e-07, 5.587935447692871e-09, 0.9750368595123291, -0.1535775512456894, 0.16036607325077057, 0.12665614485740662, 0.9778878688812256, 0.16641436517238617, -0.18237754702568054, -0.14194875955581665, 0.9729281067848206),
            ["HumanoidRootPart"] = CFrame.new(0, 0, 0, 1, 0, 0, 0, 1, 0, 0, 0, 1),
            ["RightHand"] = CFrame.new(-7.450580596923828e-08, 0, 2.980232238769531e-07, 0.9282711744308472, -0.12229312211275101, 0.35122233629226685, 0.3521539866924286, 0.5926966667175293, -0.7243606448173523, -0.11958400905132294, 0.7960873246192932, 0.5932492613792419),
            ["LeftUpperArm"] = CFrame.new(-3.5762786865234375e-07, -5.960464477539062e-07, -3.67872416973114e-08, 0.9882881045341492, -0.09735629707574844, -0.1175098642706871, 0.06984809786081314, 0.9732465744018555, -0.2188892960548401, 0.1356763392686844, 0.20811785757541656, 0.9686480760574341),
            ["RightLowerArm"] = CFrame.new(-8.940696716308594e-08, 1.1920928955078125e-07, -9.164214134216309e-07, 1, -6.332992796842518e-08, 4.284085264316673e-08, 6.845223055051974e-08, 0.6205123662948608, -0.7841967344284058, 1.5985284207431505e-08, 0.7841967344284058, 0.6205123066902161),
            ["LeftHand"] = CFrame.new(4.470348358154297e-08, -5.960464477539062e-07, -5.62518835067749e-07, 0.9094091057777405, 0.3802483081817627, -0.16848252713680267, -0.4150259792804718, 0.8034037947654724, -0.4269610345363617, -0.026991743594408035, 0.45820701122283936, 0.8884356617927551),
            ["RightUpperLeg"] = CFrame.new(-1.1920928955078125e-07, -4.225876182317734e-07, 3.892637323588133e-09, 0.9643009305000305, 0.1858217716217041, 0.18866366147994995, 0.014066379517316818, 0.6755024790763855, -0.7372238039970398, -0.26443496346473694, 0.7135591506958008, 0.6487736701965332),
            ["LeftUpperLeg"] = CFrame.new(-2.384185791015625e-07, -7.655471563339233e-07, 5.587935447692871e-09, 0.9778390526771545, -0.07386124134063721, 0.19589635729789734, 0.16829325258731842, 0.833892822265625, -0.525642454624176, -0.12453173846006393, 0.5469619035720825, 0.827843427658081),
            ["RightLowerLeg"] = CFrame.new(1.1175870895385742e-08, -0.000003635883331298828, -0.00001329526276094839, 1, -8.393541861551057e-08, -8.940700979565008e-08, 1.0430809993522416e-07, 0.17429280281066895, 0.9846938848495483, -4.656611807263289e-08, -0.9846938848495483, 0.17429330945014954),
            ["RightFoot"] = CFrame.new(-2.7008354663848877e-08, 2.384185791015625e-07, -3.742025000974536e-08, 0.998199999332428, -0.059138406068086624, -0.009980420581996441, 0.047711972147226334, 0.8838594555854797, -0.46531248092651367, 0.03633924573659897, 0.4639990031719208, 0.8850902318954468),
            ["LeftLowerLeg"] = CFrame.new(8.195638656616211e-08, 0.000004112720489501953, 0.000013215001672506332, 1, -6.332993507385254e-08, -2.60770320892334e-08, 1.1920926112907182e-07, 0.35060232877731323, 0.9365245699882507, -6.612388858684426e-08, -0.936524510383606, 0.35060206055641174)
        }},
        [2] = {Time = 0.033, Data = {
            ["LeftFoot"] = CFrame.new(6.2282197177410126e-09, -5.960464477539063e-08, 5.4016709327697754e-08, 0.9951134920120239, 0.098686583340168, -0.0031912929844111204, -0.08597773313522339, 0.8501667976379395, -0.519446611404419, -0.04854918643832207, 0.5171822309494019, 0.854496955871582),
            ["LeftLowerArm"] = CFrame.new(-5.960464477539063e-08, 2.384185791015625e-07, -9.08970832824707e-07, 1, -4.470347647611561e-08, 2.2351734685344127e-08, 4.4703490686970326e-08, 0.6356341242790222, -0.7719904184341431, 3.725290653733282e-08, 0.7719904780387878, 0.6356341242790222),
            ["LowerTorso"] = CFrame.new(-0.20496970415115356, -0.28960609436035156, 0.005483567714691162, 0.9935047030448914, 0.05825706571340561, -0.09774728864431381, -0.06362908333539963, 0.9965775012969971, -0.052769843488931656, 0.09433852881193161, 0.058646656572818756, 0.9938112497329712),
            ["Head"] = CFrame.new(1.6024569049477577e-07, 3.5762786865234375e-07, -9.313225746154785e-10, 0.9729979634284973, 0.19065870344638824, -0.1300933063030243, -0.21554148197174072, 0.9521592855453491, -0.21664437651634216, 0.08256439864635468, 0.23883506655693054, 0.9675437808036804),
            ["RightUpperArm"] = CFrame.new(1.1920928955078125e-07, 0, -2.7474015951156616e-08, 0.712560772895813, -0.06539615243673325, 0.6985560655593872, 0.059509627521038055, 0.9976921081542969, 0.032697468996047974, -0.69908207654953, 0.01827186718583107, 0.71480792760849),
            ["UpperTorso"] = CFrame.new(-1.5366822481155396e-08, -1.4901161193847656e-07, -9.313225746154785e-09, 0.9891507625579834, -0.12407981604337692, 0.07864499092102051, 0.10920288413763046, 0.9791437983512878, 0.17132501304149628, -0.09826270490884781, -0.1608780175447464, 0.9820706248283386),
            ["HumanoidRootPart"] = CFrame.new(0, 0, 0, 1, 0, 0, 0, 1, 0, 0, 0, 1),
            ["RightHand"] = CFrame.new(-1.862645149230957e-08, -1.1920928955078125e-07, 5.364418029785156e-07, 0.9491114020347595, -0.2129642814397812, 0.2320212572813034, 0.31490781903266907, 0.6523897647857666, -0.6893625855445862, -0.004558668006211519, 0.727347195148468, 0.6862545609474182),
            ["LeftUpperArm"] = CFrame.new(-2.384185791015625e-07, -2.384185791015625e-07, -2.1420419216156006e-08, 0.9770445823669434, -0.15678732097148895, -0.14422781765460968, 0.09332464635372162, 0.9236019849777222, -0.3718198835849762, 0.19150571525096893, 0.34982457756996155, 0.9170324802398682),
            ["RightLowerArm"] = CFrame.new(4.172325134277344e-07, -7.152557373046875e-07, -0.0000010132789611816406, 1, -6.146727571376687e-08, 2.421438694000244e-08, 5.5879347371501353e-08, 0.754513144493103, -0.6562849283218384, 4.1443851017675115e-08, 0.6562849283218384, 0.754513144493103),
            ["LeftHand"] = CFrame.new(-3.129243850708008e-07, -5.960464477539062e-07, -8.940696716308594e-08, 0.9490553736686707, 0.2623192369937897, -0.1745925396680832, -0.3116125166416168, 0.8636084794998169, -0.39633089303970337, 0.04681439697742462, 0.4305450916290283, 0.901354193687439),
            ["RightUpperLeg"] = CFrame.new(-2.384185791015625e-07, -9.646173566579819e-07, -7.283233571797609e-09, 0.9825299978256226, 0.14166468381881714, 0.12068970501422882, -0.006701359059661627, 0.6750154495239258, -0.7377731800079346, -0.18598365783691406, 0.7240754961967468, 0.6641722321510315),
            ["LeftUpperLeg"] = CFrame.new(-1.7881393432617188e-07, -8.952338248491287e-07, -1.1175870895385742e-08, 0.9865833520889282, -0.11042581498622894, 0.12024746835231781, 0.15433530509471893, 0.8710073232650757, -0.46639737486839294, -0.05323389172554016, 0.47869873046875, 0.8763641119003296),
            ["RightLowerLeg"] = CFrame.new(-1.1175870895385742e-08, -0.0000037550926208496094, -0.000013289674825500697, 1, -2.6589253820930026e-07, -1.67638219750188e-07, 2.458692165419052e-07, 0.15253999829292297, 0.9882973432540894, -1.8905852527950628e-07, -0.9882973432540894, 0.15254031121730804),
            ["RightFoot"] = CFrame.new(-1.0244548320770264e-08, 4.76837158203125e-07, 3.149762051180005e-08, 0.9993239641189575, -0.033226560801267624, -0.015740565955638885, 0.029041370376944542, 0.9759009480476379, -0.21627292037010193, 0.02254716120660305, 0.21566985547542572, 0.9762061238288879),
            ["LeftLowerLeg"] = CFrame.new(-2.421438694000244e-08, 0.0000037550926208496094, 0.000013186130672693253, 1, -1.3969844303574064e-07, -1.303851746570217e-07, 9.126959810146218e-08, 0.4593179225921631, 0.8882722854614258, -1.8207353491561662e-07, -0.8882719278335571, 0.45931729674339294)
        }},
        [3] = {Time = 0.067, Data = {
            ["LeftFoot"] = CFrame.new(-6.07105903327465e-08, 5.960464477539063e-08, -2.0489096641540527e-08, 0.9958227276802063, 0.09125883132219315, 0.0029967050068080425, -0.08320262283086777, 0.9204539656639099, -0.38189318776130676, -0.03760943189263344, 0.38004815578460693, 0.9242015480995178),
            ["LeftLowerArm"] = CFrame.new(0, -7.152557373046875e-07, -8.195638656616211e-07, 1, -7.264316792543468e-08, 4.470347292340193e-08, 1.1175873737556685e-07, 0.5215288996696472, -0.8532336950302124, 2.2351747119842003e-08, 0.8532336950302124, 0.5215288996696472),
            ["LowerTorso"] = CFrame.new(-0.2055439054965973, -0.17157435417175293, -0.003531813621520996, 0.9997178316116333, 0.0207320898771286, -0.011595982126891613, -0.021535135805606842, 0.9970217943191528, -0.07405266910791397, 0.010026180185377598, 0.07428149878978729, 0.9971868991851807),
            ["Head"] = CFrame.new(1.7276033759117126e-07, 0.0000011920928955078125, 3.306195139884949e-08, 0.9193923473358154, 0.26652318239212036, -0.28928032517433167, -0.3320871889591217, 0.9200896620750427, -0.20773360133171082, 0.2107979953289032, 0.28705501556396484, 0.9344322681427002),
            ["RightUpperArm"] = CFrame.new(1.1920928955078125e-07, 2.384185791015625e-07, -5.3085386753082275e-08, 0.8158705234527588, -0.16767171025276184, 0.5533909797668457, 0.028401359915733337, 0.9675003290176392, 0.2512701153755188, -0.5775368213653564, -0.1892867237329483, 0.7941170334815979),
            ["UpperTorso"] = CFrame.new(6.565824151039124e-08, 5.066394805908203e-07, 7.450580596923828e-09, 0.9980425834655762, -0.06129605323076248, -0.012400566600263119, 0.06252515316009521, 0.9820185303688049, 0.17812995612621307, 0.0012589260004460812, -0.1785566210746765, 0.9839288592338562),
            ["HumanoidRootPart"] = CFrame.new(0, 0, 0, 1, 0, 0, 0, 1, 0, 0, 0, 1),
            ["RightHand"] = CFrame.new(1.2526288628578186e-07, 2.384185791015625e-07, 3.241002559661865e-07, 0.9369309544563293, -0.3419024348258972, 0.07254739105701447, 0.2974146902561188, 0.6708771586418152, -0.6793146133422852, 0.18358895182609558, 0.6580475568771362, 0.7302524447441101),
            ["LeftUpperArm"] = CFrame.new(-1.1920928955078125e-07, -3.5762786865234375e-07, 3.166496753692627e-08, 0.9612575769424438, -0.23331394791603088, -0.14679424464702606, 0.131526380777359, 0.8562185764312744, -0.49959036707878113, 0.24224939942359924, 0.4609277546405792, 0.8537335991859436),
            ["RightLowerArm"] = CFrame.new(1.1920928955078125e-07, 5.960464477539062e-07, -7.748603820800781e-07, 1, -5.826586146895352e-08, -5.4948053218595305e-08, 2.8579972166653533e-08, 0.8363620042800903, -0.5481775999069214, 6.248594530688933e-08, 0.5481775403022766, 0.8363620638847351),
            ["LeftHand"] = CFrame.new(-8.940696716308594e-08, -4.76837158203125e-07, -6.705522537231445e-07, 0.9782016277313232, 0.11449939012527466, -0.17323841154575348, -0.17207805812358856, 0.9139231443405151, -0.3676053583621979, 0.11623599380254745, 0.3894025981426239, 0.9137039184570312),
            ["RightUpperLeg"] = CFrame.new(-1.1920928955078125e-07, -4.408793756738305e-07, -5.198671715334058e-08, 0.9870967268943787, 0.13218824565410614, 0.09036772698163986, -0.016851501539349556, 0.6469804644584656, -0.7623203992843628, -0.15923595428466797, 0.7509610652923584, 0.640859842300415),
            ["LeftUpperLeg"] = CFrame.new(-1.1920928955078125e-07, -5.399342626333237e-07, -2.3283064365386963e-08, 0.9928945302963257, -0.11830168217420578, 0.012854570522904396, 0.114124596118927, 0.9160638451576233, -0.3844510614871979, 0.03370551019906998, 0.38318657875061035, 0.9230558276176453),
            ["RightLowerLeg"] = CFrame.new(-2.2351741790771484e-08, -0.000003635883331298828, -0.000013235192454885691, 1, -6.31436876119551e-07, -4.647299078897049e-07, 5.830078748658707e-07, 0.12658484280109406, 0.9919558763504028, -6.090849069551041e-07, -0.9919558167457581, 0.12658464908599854),
            ["RightFoot"] = CFrame.new(-8.381903171539307e-09, 2.980232238769531e-07, 3.5222910810261965e-08, 0.999286949634552, 0.025505514815449715, 0.02784050814807415, -0.029580246657133102, 0.9870870113372803, 0.15743041038513184, -0.023465638980269432, -0.15814170241355896, 0.9871376156806946),
            ["LeftLowerLeg"] = CFrame.new(5.029141902923584e-08, 0.000003933906555175781, 0.000013485318049788475, 1, 3.8370498600670544e-07, 2.309679416612198e-07, -2.7194619178771973e-07, 0.6220899820327759, 0.7829465270042419, 2.360902726650238e-07, -0.7829458117485046, 0.6220890283584595)
        }},
        [4] = {Time = 0.100, Data = {
            ["LeftFoot"] = CFrame.new(-1.5832483768463135e-08, 0, 1.862645149230957e-08, 0.998521625995636, 0.05117974057793617, 0.018307840451598167, -0.050614990293979645, 0.9982649683952332, -0.03008776530623436, -0.01981562189757824, 0.02911643497645855, 0.9993796348571777),
            ["LeftLowerArm"] = CFrame.new(-1.7881393432617188e-07, -9.5367431640625e-07, -6.258487701416016e-07, 1, -5.960463766996327e-08, 8.940690321423972e-08, 4.4703462265260896e-08, 0.3821268677711487, -0.924109935760498, 2.9802308176840597e-08, 0.924109935760498, 0.3821268081665039),
            ["LowerTorso"] = CFrame.new(-0.1951332837343216, -0.009146690368652344, -0.008041463792324066, 0.9949979782104492, -0.0395791158080101, 0.09171956777572632, 0.04659546539187431, 0.9960440993309021, -0.07566379755735397, -0.08836203068494797, 0.07955904304981232, 0.9929060935974121),
            ["Head"] = CFrame.new(1.1688098311424255e-07, 4.76837158203125e-07, 2.0489096641540527e-08, 0.8631752133369446, 0.31889745593070984, -0.39145001769065857, -0.42343276739120483, 0.8795034885406494, -0.21720585227012634, 0.2750152051448822, 0.35323941707611084, 0.8941972255706787),
            ["RightUpperArm"] = CFrame.new(1.1920928955078125e-07, 3.5762786865234375e-07, -2.0489096641540527e-08, 0.8986418843269348, -0.22811201214790344, 0.37471020221710205, 0.049885094165802, 0.9017677903175354, 0.42933234572410583, -0.4358375072479248, -0.3671235740184784, 0.821745753288269),
            ["UpperTorso"] = CFrame.new(8.312053978443146e-08, 2.9802322387695312e-08, 5.587935447692871e-09, 0.9920978546142578, 0.03693079948425293, -0.11990847438573837, -0.014242343604564667, 0.9826700091362, 0.18481586873531342, 0.12465585768222809, -0.18164770305156708, 0.9754307866096497),
            ["HumanoidRootPart"] = CFrame.new(0, 0, 0, 1, 0, 0, 0, 1, 0, 0, 0, 1),
            ["RightHand"] = CFrame.new(1.6763806343078613e-08, -1.1920928955078125e-07, 2.7939677238464355e-07, 0.9145858883857727, -0.39984560012817383, 0.06046660989522934, 0.3189367353916168, 0.621281087398529, -0.7157436609268188, 0.24862021207809448, 0.6738942265510559, 0.6957404017448425),
            ["LeftUpperArm"] = CFrame.new(-2.384185791015625e-07, -5.960464477539062e-07, -4.470348358154297e-08, 0.9406442642211914, -0.3252457082271576, -0.09697257727384567, 0.1970030814409256, 0.7559018731117249, -0.6243414282798767, 0.27636614441871643, 0.5681793093681335, 0.775109052658081),
            ["RightLowerArm"] = CFrame.new(-2.086162567138672e-07, -1.7881393432617188e-07, -0.0000018477439880371094, 1, -5.401669156412936e-08, 1.816079375771551e-08, 9.49949381379156e-08, 0.8664926290512085, -0.49918997287750244, -1.4901166522918174e-08, 0.49919000267982483, 0.8664925694465637),
            ["LeftHand"] = CFrame.new(-4.172325134277344e-07, -7.152557373046875e-07, -1.4901161193847656e-07, 0.9689038395881653, 0.23678076267242432, -0.07183441519737244, -0.24395552277565002, 0.8655960559844971, -0.4372975826263428, -0.041364073753356934, 0.44122371077537537, 0.8964433670043945),
            ["RightUpperLeg"] = CFrame.new(-2.086162567138672e-07, -0.000001246575266122818, 1.6931153368204832e-08, 0.9971126914024353, 0.004414734896272421, -0.07580836117267609, -0.0650528147816658, 0.5646520853042603, -0.822761058807373, 0.03917306661605835, 0.8253172039985657, 0.5633092522621155),
            ["LeftUpperLeg"] = CFrame.new(-2.384185791015625e-07, -7.650814950466156e-07, -3.725290298461914e-09, 0.9895565509796143, -0.08938698470592499, -0.11308329552412033, 0.039665285497903824, 0.9230816960334778, -0.38255271315574646, 0.1385801136493683, 0.3740723431110382, 0.9169872403144836),
            ["RightLowerLeg"] = CFrame.new(2.2351741790771484e-08, -0.000003516674041748047, -0.000013364413462113589, 1, 2.607702853651972e-08, -2.0489096641540527e-08, 1.3038519597330378e-08, -0.1781454235315323, 0.9840041995048523, 2.2351747119842003e-08, -0.9840041995048523, -0.178145170211792),
            ["RightFoot"] = CFrame.new(-3.632158041000366e-08, 5.364418029785156e-07, 2.2184394765645266e-08, 0.9997328519821167, -0.015217720530927181, -0.01740189641714096, 0.01609623432159424, 0.9985427856445312, 0.05150977894663811, 0.0165927205234766, -0.05177542567253113, 0.9985209107398987),
            ["LeftLowerLeg"] = CFrame.new(4.470348358154297e-08, 0.000003993511199951172, 0.000013366341590881348, 1, 8.009376273321323e-08, -2.9802322387695312e-08, -1.1920927533992653e-07, 0.7055174708366394, 0.7086930871009827, 6.51925713412993e-09, -0.7086925506591797, 0.7055169939994812)
        }},
        [5] = {Time = 0.133, Data = {
            ["LeftFoot"] = CFrame.new(1.7695128917694092e-08, -5.960464477539063e-08, 5.587935447692871e-09, 0.9999957084655762, 0.0021673166193068027, 0.0019687972962856293, -0.002768675098195672, 0.9187076091766357, 0.39492908120155334, -0.000952980830334127, -0.3949326276779175, 0.9187095165252686),
            ["LeftLowerArm"] = CFrame.new(5.960464477539063e-08, -2.384185791015625e-07, -0.0000013485550880432129, 1, -7.4505820180093e-08, 4.470347647611561e-08, 2.980233304583635e-08, 0.2468956708908081, -0.9690420627593994, 5.215408194203519e-08, 0.9690421223640442, 0.2468956559896469),
            ["LowerTorso"] = CFrame.new(-0.1715656965970993, 0.18334698677062988, -0.009387321770191193, 0.9761697053909302, -0.1031215637922287, 0.19094175100326538, 0.11573284864425659, 0.9916955232620239, -0.05608883500099182, -0.18357209861278534, 0.07685045152902603, 0.9799975752830505),
            ["Head"] = CFrame.new(1.1641532182693481e-07, 4.76837158203125e-07, -3.818422555923462e-08, 0.8241028189659119, 0.33375096321105957, -0.45767316222190857, -0.48057159781455994, 0.8396600484848022, -0.2530255615711212, 0.2998424172401428, 0.4284638464450836, 0.8523575663566589),
            ["RightUpperArm"] = CFrame.new(1.1920928955078125e-07, -3.5762786865234375e-07, -7.078051567077637e-08, 0.9363090395927429, -0.2968912720680237, 0.18756580352783203, 0.13795627653598785, 0.8021284341812134, 0.5809974074363708, -0.3229449391365051, -0.518117368221283, 0.7919982075691223),
            ["UpperTorso"] = CFrame.new(2.7939677238464355e-09, -2.9802322387695312e-08, 3.3527612686157227e-08, 0.9622824788093567, 0.16529354453086853, -0.21608015894889832, -0.1223515197634697, 0.9723453521728516, 0.19893397390842438, 0.2429870218038559, -0.16499291360378265, 0.9558947682380676),
            ["HumanoidRootPart"] = CFrame.new(0, 0, 0, 1, 0, 0, 0, 1, 0, 0, 0, 1),
            ["RightHand"] = CFrame.new(1.341104507446289e-07, -7.152557373046875e-07, 2.384185791015625e-07, 0.8982914090156555, -0.4330778419971466, 0.07427074760198593, 0.33831119537353516, 0.5738179683685303, -0.7458407878875732, 0.2803892195224762, 0.6951090693473816, 0.6619707942008972),
            ["LeftUpperArm"] = CFrame.new(0, -3.5762786865234375e-07, -7.078051567077637e-08, 0.8992716670036316, -0.4371964931488037, -0.013029409572482109, 0.25338882207870483, 0.5450151562690735, -0.7992200255393982, 0.356517493724823, 0.7154144048690796, 0.6008973121643066),
            ["RightLowerArm"] = CFrame.new(-8.940696716308594e-08, -3.5762786865234375e-07, -0.0000016689300537109375, 1, -4.0978189730367376e-08, -2.421439049271612e-08, 7.450583439094771e-08, 0.8731673359870911, -0.48742061853408813, 3.725291630729544e-09, 0.48742055892944336, 0.8731673359870911),
            ["LeftHand"] = CFrame.new(-4.172325134277344e-07, -1.7881393432617188e-07, -2.980232238769531e-07, 0.9517217874526978, 0.30612900853157043, 0.02260284125804901, -0.2643844783306122, 0.8549001812934875, -0.4463704526424408, -0.15596996247768402, 0.4188444912433624, 0.894562840461731),
            ["RightUpperLeg"] = CFrame.new(-2.086162567138672e-07, -8.87550413608551e-07, 1.3205863069742918e-08, 0.9641343951225281, -0.14775751531124115, -0.22048278152942657, -0.11298199743032455, 0.5232093930244446, -0.8446817398071289, 0.24016667902469635, 0.8392972350120544, 0.48774996399879456),
            ["LeftUpperLeg"] = CFrame.new(-1.7881393432617188e-07, -6.998889148235321e-07, -7.450580596923828e-09, 0.9722620248794556, -0.044736042618751526, -0.2295759618282318, -0.05204310640692711, 0.9155544638633728, -0.3988130986690521, 0.22803066670894623, 0.3996984362602234, 0.8878305554389954),
            ["RightLowerLeg"] = CFrame.new(9.313225746154785e-09, -0.000003635883331298828, -0.000013193282939027995, 1, -3.6042206374986563e-07, -4.852193455917586e-07, 3.287569541043922e-07, -0.39874979853630066, 0.9170597791671753, -5.541370455830474e-07, -0.9170597791671753, -0.39874979853630066),
            ["RightFoot"] = CFrame.new(-1.862645149230957e-08, 3.5762786865234375e-07, 9.901850717142224e-08, 0.9938049912452698, -0.07408325374126434, -0.08284492045640945, 0.06918507814407349, 0.9957667589187622, -0.06051452085375786, 0.08697733283042908, 0.05440784990787506, 0.9947234988212585),
            ["LeftLowerLeg"] = CFrame.new(-2.2351741790771484e-08, 0.0000040531158447265625, 0.000013236887753009796, 1, 2.095475259977775e-08, 9.313223525708736e-10, 2.7939670133036998e-08, 0.791143536567688, 0.6116307973861694, -9.313223525708736e-10, -0.6116305589675903, 0.7911434173583984)
        }},
        [6] = {Time = 0.167, Data = {
            ["LeftFoot"] = CFrame.new(-1.3969838619232178e-09, -5.960464477539063e-08, -9.313225746154785e-09, 0.9999047517776489, -0.009513338096439838, -0.010003244504332542, 0.013454075902700424, 0.8338585495948792, 0.5518144965171814, 0.0030912074726074934, -0.5518963932991028, 0.833906888961792),
            ["LeftLowerArm"] = CFrame.new(-1.1920928955078125e-07, -5.364418029785156e-07, -5.327165126800537e-07, 1, -5.215407838932151e-08, 1.1920926112907182e-07, 7.4505820180093e-08, 0.13781647384166718, -0.9904577732086182, 7.636847243475131e-08, 0.9904578328132629, 0.1378164440393448),
            ["LowerTorso"] = CFrame.new(-0.14545617997646332, 0.369797945022583, -0.009029410779476166, 0.9492892026901245, -0.1528140753507614, 0.2747691571712494, 0.16593819856643677, 0.9858185648918152, -0.025025974959135056, -0.2670482397079468, 0.06935157626867294, 0.9611845016479492),
            ["Head"] = CFrame.new(1.2759119272232056e-07, 5.960464477539062e-07, 4.237517714500427e-08, 0.7911495566368103, 0.34452933073043823, -0.5053533911705017, -0.5309873223304749, 0.7969555258750916, -0.2879486382007599, 0.3035374581813812, 0.4961467385292053, 0.8134515881538391),
            ["RightUpperArm"] = CFrame.new(1.1920928955078125e-07, -5.960464477539062e-07, 2.60770320892334e-08, 0.9410858750343323, -0.3314915597438812, 0.06686440855264664, 0.20559725165367126, 0.7178452610969543, 0.6651526093482971, -0.26849082112312317, -0.6122184991836548, 0.7437077164649963),
            ["UpperTorso"] = CFrame.new(3.3993273973464966e-08, 2.682209014892578e-07, -1.6763806343078613e-08, 0.9206796288490295, 0.25981923937797546, -0.2912783622741699, -0.2005268782377243, 0.9550994038581848, 0.21811507642269135, 0.334870308637619, -0.1424049288034439, 0.9314413070678711),
            ["HumanoidRootPart"] = CFrame.new(0, 0, 0, 1, 0, 0, 0, 1, 0, 0, 0, 1),
            ["RightHand"] = CFrame.new(1.1920928955078125e-07, -1.1920928955078125e-07, 3.2782554626464844e-07, 0.8889274597167969, -0.44943833351135254, 0.08839278668165207, 0.35050156712532043, 0.5431917309761047, -0.7629492282867432, 0.29488441348075867, 0.7091881632804871, 0.6403867602348328),
            ["LeftUpperArm"] = CFrame.new(-1.1920928955078125e-07, -9.5367431640625e-07, -1.1175870895385742e-08, 0.8646370768547058, -0.4933392107486725, 0.09496939182281494, 0.2799247205257416, 0.31610003113746643, -0.906489372253418, 0.4171869158744812, 0.8103685975074768, 0.4114096760749817),
            ["RightLowerArm"] = CFrame.new(1.1920928955078125e-07, -1.1920928955078125e-07, -9.760260581970215e-07, 1, -2.9802318834981634e-08, -2.6077035641947077e-08, 3.7252917195473856e-08, 0.8650906682014465, -0.5016155242919922, -7.450583261459087e-09, 0.5016155242919922, 0.8650906682014465),
            ["LeftHand"] = CFrame.new(-2.980232238769531e-07, -7.152557373046875e-07, 5.960464477539063e-08, 0.9475952386856079, 0.3141666352748871, 0.057988863438367844, -0.2599140703678131, 0.8636727929115295, -0.4318726360797882, -0.1857634037733078, 0.39416828751564026, 0.900068461894989),
            ["RightUpperLeg"] = CFrame.new(-2.980232238769531e-07, -0.0000010067597031593323, -2.032174961641431e-08, 0.9374460577964783, -0.2310834676027298, -0.2603755593299866, -0.1297682374715805, 0.4620682895183563, -0.8772988319396973, 0.3230404853820801, 0.8562087416648865, 0.4031766951084137),
            ["LeftUpperLeg"] = CFrame.new(-1.1920928955078125e-07, -5.587935447692871e-09, 3.725290298461914e-09, 0.944431722164154, -0.008737996220588684, -0.32859134674072266, -0.1146104708313942, 0.9281606674194336, -0.35409337282180786, 0.3080800771713257, 0.37207716703414917, 0.8755830526351929),
            ["RightLowerLeg"] = CFrame.new(3.725290298461914e-09, -0.0000036954879760742188, -0.000012941651220899075, 1, -1.6391278734317893e-07, -3.539025499321724e-07, 1.5599653124809265e-07, -0.5966706871986389, 0.8024863600730896, -3.5902485251426697e-07, -0.8024861812591553, -0.5966704487800598),
            ["RightFoot"] = CFrame.new(-6.612390279769897e-08, 2.384185791015625e-07, -1.0820076568052173e-07, 0.9911195635795593, -0.0942130759358406, -0.09384055435657501, 0.07338254898786545, 0.976036012172699, -0.20486293733119965, 0.1108923852443695, 0.1961575299501419, 0.9742818474769592),
            ["LeftLowerLeg"] = CFrame.new(4.0978193283081055e-08, 0.000004172325134277344, 0.000013268552720546722, 1, 7.008205216152419e-08, -1.6298150606885997e-09, -5.308539385850963e-08, 0.8848634958267212, 0.4658508598804474, 7.450581485102248e-09, -0.4658505320549011, 0.8848632574081421)
        }},
        [7] = {Time = 0.200, Data = {
            ["LeftFoot"] = CFrame.new(-3.4924596548080444e-08, 1.7881393432617188e-07, -3.725290298461914e-09, 0.9999985694885254, -0.0013046861859038472, -0.0010679868282750249, 0.0016481918282806873, 0.8899713158607483, 0.456013560295105, 0.00035518736694939435, -0.4560146927833557, 0.8899722695350647),
            ["LeftLowerArm"] = CFrame.new(4.172325134277344e-07, 1.7881393432617188e-07, -0.0000014156103134155273, 1, -8.195637946073475e-08, 1.1175863079415649e-07, 4.470347647611561e-08, 0.039158906787633896, -0.999233067035675, 1.0803340444454079e-07, 0.9992330074310303, 0.039158906787633896),
            ["LowerTorso"] = CFrame.new(-0.13588379323482513, 0.49033069610595703, -0.0073389336466789246, 0.9168791770935059, -0.197781503200531, 0.34672051668167114, 0.20510518550872803, 0.9786116480827332, 0.01584744080901146, -0.34243908524513245, 0.05658398196101189, 0.937834620475769),
            ["Head"] = CFrame.new(9.12696123123169e-08, 8.344650268554688e-07, 1.862645149230957e-09, 0.7812272906303406, 0.32066330313682556, -0.5355921387672424, -0.5468818545341492, 0.7652765512466431, -0.3395174443721771, 0.3010053336620331, 0.5581459999084473, 0.7732198238372803),
            ["RightUpperArm"] = CFrame.new(2.384185791015625e-07, 7.152557373046875e-07, 1.862645149230957e-08, 0.9314329624176025, -0.36266130208969116, 0.030157942324876785, 0.21753917634487152, 0.6213093996047974, 0.752762496471405, -0.29173529148101807, -0.694587230682373, 0.6576010584831238),
            ["UpperTorso"] = CFrame.new(3.026798367500305e-08, 8.940696716308594e-08, 1.4901161193847656e-08, 0.8652570247650146, 0.35942551493644714, -0.34949055314064026, -0.2906249165534973, 0.9276551008224487, 0.23450630903244019, 0.4084942042827606, -0.10133757442235947, 0.9071181416511536),
            ["HumanoidRootPart"] = CFrame.new(0, 0, 0, 1, 0, 0, 0, 1, 0, 0, 0, 1),
            ["RightHand"] = CFrame.new(1.9371509552001953e-07, 0, 2.682209014892578e-07, 0.8931048512458801, -0.4422491192817688, 0.08233774453401566, 0.3410972058773041, 0.5464235544204712, -0.7649013996124268, 0.29328569769859314, 0.7112221717834473, 0.6388634443283081),
            ["LeftUpperArm"] = CFrame.new(0, -1.1920928955078125e-07, -7.450580596923828e-08, 0.8365885019302368, -0.5156115889549255, 0.1851062923669815, 0.2887299358844757, 0.12783285975456238, -0.9488382339477539, 0.4655693769454956, 0.8472328186035156, 0.25581592321395874),
            ["RightLowerArm"] = CFrame.new(-4.76837158203125e-07, -3.5762786865234375e-07, -4.470348358154297e-07, 1, -5.21540641784668e-08, -3.725290742551124e-09, 4.097820394122209e-08, 0.8347671031951904, -0.5506032705307007, 1.4901164746561335e-08, 0.5506032109260559, 0.8347671627998352),
            ["LeftHand"] = CFrame.new(-1.1920928955078125e-07, -1.1920928955078125e-07, -2.384185791015625e-07, 0.9469999074935913, 0.31050604581832886, 0.08232365548610687, -0.251552551984787, 0.8761945962905884, -0.4111015796661377, -0.19978107511997223, 0.36860451102256775, 0.9078646898269653),
            ["RightUpperLeg"] = CFrame.new(-3.5762786865234375e-07, -6.183981895446777e-07, -5.420588422566652e-09, 0.9179018139839172, -0.2916286289691925, -0.26908937096595764, -0.10452061146497726, 0.4764959514141083, -0.872941792011261, 0.38279473781585693, 0.8294000625610352, 0.4068950116634369),
            ["LeftUpperLeg"] = CFrame.new(-2.980232238769531e-07, -0.0000011362135410308838, 1.1175870895385742e-08, 0.9103232622146606, -0.018761584535241127, -0.41347241401672363, -0.15496784448623657, 0.910860002040863, -0.38251665234565735, 0.38379228115081787, 0.41228875517845154, 0.8262696862220764),
            ["RightLowerLeg"] = CFrame.new(-5.587935447692871e-08, -0.000003874301910400391, -0.000013111326552461833, 1, -1.9045543808715593e-07, -4.5355420752457576e-07, 1.3783576946480025e-07, -0.683629035949707, 0.7298294901847839, -4.526228849499603e-07, -0.7298297882080078, -0.6836292743682861),
            ["RightFoot"] = CFrame.new(6.28642737865448e-08, 4.172325134277344e-07, -1.1192605597898364e-07, 0.9936588406562805, -0.0883283019065857, -0.06957244127988815, 0.05840294808149338, 0.9342051148414612, -0.3519231379032135, 0.0960797592997551, 0.3456282317638397, 0.9334397315979004),
            ["LeftLowerLeg"] = CFrame.new(-1.3597309589385986e-07, 0.000003814697265625, 0.000013311393558979034, 1, -2.0954757928848267e-09, -6.286430487278949e-09, -1.6763808119435453e-08, 0.8618213534355164, 0.5072119235992432, 0, -0.5072119235992432, 0.8618214726448059)
        }},
        [8] = {Time = 0.233, Data = {
            ["LeftFoot"] = CFrame.new(4.6566128730773926e-09, 0, -7.450580596923828e-09, 0.999991238117218, -0.00323299877345562, -0.0026673658285290003, 0.004076732788234949, 0.8981157541275024, 0.4397403597831726, 0.0009734957711771131, -0.4397473931312561, 0.8981211185455322),
            ["LeftLowerArm"] = CFrame.new(2.384185791015625e-07, 2.384185791015625e-07, -0.0000025853514671325684, 1, -8.195638656616211e-08, 8.568166975919667e-08, 6.705522537231445e-08, -0.07117485255002975, -0.9974638819694519, 9.685754776000977e-08, 0.9974638819694519, -0.07117486745119095),
            ["LowerTorso"] = CFrame.new(-0.13086596131324768, 0.5614314079284668, -0.0027798935770988464, 0.8896074295043945, -0.2369019240140915, 0.39048197865486145, 0.23166480660438538, 0.9708667397499084, 0.06123070791363716, -0.3936116695404053, 0.03598964214324951, 0.9185720682144165),
            ["Head"] = CFrame.new(1.1175870895385742e-07, 7.152557373046875e-07, -1.100124791264534e-08, 0.7827091217041016, 0.2921348810195923, -0.5495668649673462, -0.5491040349006653, 0.7398201823234558, -0.3887815475463867, 0.29300400614738464, 0.6060721278190613, 0.7394763231277466),
            ["RightUpperArm"] = CFrame.new(0, 5.960464477539062e-07, -1.3783574104309082e-07, 0.9223290085792542, -0.38237079977989197, -0.05569438263773918, 0.2710150182247162, 0.5374049544334412, 0.7985905408859253, -0.2754271924495697, -0.7516573071479797, 0.5992923974990845),
            ["UpperTorso"] = CFrame.new(3.073364496231079e-08, 2.086162567138672e-07, 4.0978193283081055e-08, 0.8156758546829224, 0.434459388256073, -0.3819921314716339, -0.36824893951416016, 0.8991820216178894, 0.23635664582252502, 0.4461677372455597, -0.05212220922112465, 0.8934302926063538),
            ["HumanoidRootPart"] = CFrame.new(0, 0, 0, 1, 0, 0, 0, 1, 0, 0, 0, 1),
            ["RightHand"] = CFrame.new(-5.960464477539063e-08, 5.364418029785156e-07, 1.4901161193847656e-07, 0.9075821042060852, -0.41538479924201965, 0.06123959273099899, 0.31652265787124634, 0.5810333490371704, -0.7498091459274292, 0.27587708830833435, 0.699897050857544, 0.6588141322135925),
            ["LeftUpperArm"] = CFrame.new(-2.384185791015625e-07, -1.1920928955078125e-07, -7.078051567077637e-08, 0.8226149082183838, -0.5136158466339111, 0.24393358826637268, 0.28858667612075806, 0.007491381838917732, -0.9574244618415833, 0.4899210035800934, 0.8579875826835632, 0.15438514947891235),
            ["RightLowerArm"] = CFrame.new(-4.172325134277344e-07, 4.76837158203125e-07, -8.642673492431641e-07, 1, -6.70552182668871e-08, 3.352762334429826e-08, 7.07805440924858e-08, 0.7882018685340881, -0.615416944026947, 1.4901166522918174e-08, 0.6154168844223022, 0.7882018685340881),
            ["LeftHand"] = CFrame.new(-8.940696716308594e-08, -2.384185791015625e-07, -2.682209014892578e-07, 0.9453845620155334, 0.30680838227272034, 0.11007539182901382, -0.24323177337646484, 0.8888218402862549, -0.3883736729621887, -0.21699365973472595, 0.3403887152671814, 0.9149040579795837),
            ["RightUpperLeg"] = CFrame.new(-1.7881393432617188e-07, 4.2980536818504333e-07, -1.6952981241047382e-09, 0.9138199090957642, -0.3253931701183319, -0.24300627410411835, -0.06263691186904907, 0.4782780110836029, -0.8759725093841553, 0.4012603163719177, 0.8157018423080444, 0.4166777431964874),
            ["LeftUpperLeg"] = CFrame.new(-2.384185791015625e-07, 3.14321368932724e-07, 4.470348358154297e-08, 0.8874800205230713, -0.02698180079460144, -0.46005547046661377, -0.18467020988464355, 0.8938074111938477, -0.40866297483444214, 0.4222277104854584, 0.44763875007629395, 0.7882534861564636),
            ["RightLowerLeg"] = CFrame.new(-2.0023435354232788e-08, -0.0000036954879760742188, -0.000013707373000215739, 1, -3.711317901888833e-07, -7.888310733505932e-07, 2.3283067207557906e-07, -0.7422044277191162, 0.6701728105545044, -7.685740683882614e-07, -0.6701735258102417, -0.7422050833702087),
            ["RightFoot"] = CFrame.new(9.225914254784584e-09, 4.172325134277344e-07, -8.491770131513476e-08, 0.9973688721656799, -0.06178978458046913, -0.037911251187324524, 0.03607010841369629, 0.8766154050827026, -0.4798373878002167, 0.06288301199674606, 0.47720813751220703, 0.876538097858429),
            ["LeftLowerLeg"] = CFrame.new(-1.0570511221885681e-07, 0.000004291534423828125, 0.00001341337338089943, 1, 1.3969840839678227e-09, 1.862645593320167e-09, -2.607702853651972e-08, 0.860167920589447, 0.5100108981132507, -7.4505797087454084e-09, -0.5100109577178955, 0.8601679801940918)
        }},
        [9] = {Time = 0.267, Data = {
            ["LeftFoot"] = CFrame.new(4.7963112592697144e-08, 0, 2.7939677238464355e-09, 0.9989119172096252, -0.037156447768211365, -0.028184646740555763, 0.04517417028546333, 0.9210519790649414, 0.38681089878082275, 0.01158707682043314, -0.3876631259918213, 0.9217281937599182),
            ["LeftLowerArm"] = CFrame.new(2.9802322387695312e-08, 5.364418029785156e-07, -0.000001125037670135498, 1, -5.215408194203519e-08, 7.264315371457997e-08, 1.4901162614933128e-07, -0.17463469505310059, -0.9846332669258118, 1.1175872316471214e-07, 0.9846333265304565, -0.1746346652507782),
            ["LowerTorso"] = CFrame.new(-0.11471675336360931, 0.5918588638305664, 0.0052445754408836365, 0.8731104731559753, -0.2636658549308777, 0.41007134318351746, 0.24261963367462158, 0.9645719528198242, 0.10361845791339874, -0.4228639304637909, 0.009020982310175896, 0.906148374080658),
            ["Head"] = CFrame.new(-3.166496753692627e-08, 0.0000011920928955078125, 3.841705620288849e-08, 0.7820481061935425, 0.284893661737442, -0.5542890429496765, -0.5570548176765442, 0.7183472514152527, -0.41673392057418823, 0.2794472277164459, 0.6346753835678101, 0.7204835414886475),
            ["RightUpperArm"] = CFrame.new(-1.1920928955078125e-07, 5.960464477539062e-07, -3.725290298461914e-08, 0.9298220276832581, -0.3572561740875244, -0.08831172436475754, 0.2561308443546295, 0.45592519640922546, 0.8523668050765991, -0.2642498314380646, -0.8151689171791077, 0.5154336094856262),
            ["UpperTorso"] = CFrame.new(5.704350769519806e-08, 3.2782554626464844e-07, -1.6763806343078613e-08, 0.7897202372550964, 0.46382835507392883, -0.4015038013458252, -0.4081461727619171, 0.885864794254303, 0.22059078514575958, 0.45799440145492554, -0.01033275481313467, 0.8888950347900391),
            ["HumanoidRootPart"] = CFrame.new(0, 0, 0, 1, 0, 0, 0, 1, 0, 0, 0, 1),
            ["RightHand"] = CFrame.new(2.2351741790771484e-07, -5.960464477539063e-08, 1.7881393432617188e-07, 0.9218050837516785, -0.38553282618522644, 0.040495190769433975, 0.29490891098976135, 0.6296291947364807, -0.7187460660934448, 0.25160324573516846, 0.6744862198829651, 0.6940924525260925),
            ["LeftUpperArm"] = CFrame.new(-2.384185791015625e-07, -3.5762786865234375e-07, -6.332993507385254e-08, 0.827093243598938, -0.5015459060668945, 0.253709614276886, 0.27337053418159485, -0.03544425591826439, -0.9612556099891663, 0.4911063611507416, 0.8644046783447266, 0.10779214650392532),
            ["RightLowerArm"] = CFrame.new(-4.172325134277344e-07, -5.960464477539063e-08, -8.940696716308594e-08, 1, -5.960465188081798e-08, -5.5879372240497105e-09, 6.705525379402388e-08, 0.7577699422836304, -0.6525219082832336, 2.980233659855003e-08, 0.6525219082832336, 0.7577698826789856),
            ["LeftHand"] = CFrame.new(1.7881393432617188e-07, 5.960464477539062e-07, -3.2782554626464844e-07, 0.939332127571106, 0.3123356103897095, 0.14178092777729034, -0.24588730931282043, 0.9013413786888123, -0.35654330253601074, -0.2391541600227356, 0.3000505268573761, 0.9234582185745239),
