return {
    ["Tracer Dance"] = {
        {Time = 0.000, Data = {
            ["RightFoot"] = CFrame.new(2.9802322387695312e-08, 2.980232238769531e-07, 1.6952981241047382e-09, 0.8277304768562317, -0.14741523563861847, 0.5414160490036011, 0.09869775176048279, 0.988079845905304, 0.11813977360725403, -0.5523777008056641, -0.04435094818472862, 0.8324132561683655),
            ["LeftLowerArm"] = CFrame.new(1.4901161193847656e-07, -1.7881393432617188e-07, 2.9802322387695312e-08, 1, -5.047768354415894e-07, 1.4901164746561335e-08, -6.034968578205735e-07, 0.9353130459785461, -0.35382112860679626, -1.67638020798222e-07, 0.3538212776184082, 0.9353131055831909),
            ["RightUpperArm"] = CFrame.new(-2.384185791015625e-07, -0.06523847579956055, -3.129243850708008e-07, -0.022980904206633568, -0.9242487549781799, -0.381098210811615, 0.37193524837493896, 0.34593215584754944, -0.8613913059234619, 0.9279742240905762, -0.16154013574123383, 0.33581119775772095),
            ["Head"] = CFrame.new(1.3969838619232178e-08, -1.1920928955078125e-07, -7.497146725654602e-08, 0.8447194695472717, 0.3872109055519104, 0.3694814145565033, -0.04069706052541733, 0.7348214983940125, -0.6770386099815369, -0.5336598753929138, 0.5568708777427673, 0.636476457118988),
            ["RightHand"] = CFrame.new(8.940696716308594e-08, -1.1920928955078125e-07, 5.960464477539063e-08, -0.1239394098520279, -0.8383572697639465, 0.5308441519737244, 0.88368821144104, 0.15009205043315887, 0.4433595538139343, -0.45136913657188416, 0.5240511298179626, 0.7222443222999573),
            ["UpperTorso"] = CFrame.new(7.450580596923828e-08, 5.066394805908203e-07, 9.313225746154785e-09, 0.6972489953041077, 0.25140827894210815, -0.671295702457428, 0.2376241683959961, 0.8024644255638123, 0.5473439693450928, 0.6762977838516235, -0.5411513447761536, 0.4997767508029938),
            ["HumanoidRootPart"] = CFrame.new(0, 0, 0, 1, 0, 0, 0, 1, 0, 0, 0, 1),
            ["RightUpperLeg"] = CFrame.new(-0.000025451183319091797, -0.00012513605179265141, -0.004997452720999718, 0.8769872784614563, 0.15763595700263977, -0.4539213180541992, -0.46628642082214355, 0.05101251229643822, -0.883161723613739, -0.11606218665838242, 0.9861788749694824, 0.11824049055576324),
            ["LeftUpperArm"] = CFrame.new(-1.1920928955078125e-07, -0.06523799896240234, -1.7881393432617188e-07, 0.6435531377792358, 0.7506720423698425, -0.14943815767765045, -0.029879428446292877, -0.17045341432094574, -0.984912633895874, -0.7648180723190308, 0.6383081078529358, -0.08726627379655838),
            ["RightLowerArm"] = CFrame.new(3.5762786865234375e-07, -2.384185791015625e-07, -2.086162567138672e-07, 1, 3.427267074584961e-07, -1.4901159772762185e-07, 3.576276128569589e-07, 0.9999846816062927, -0.0055341268889606, -1.341103512686459e-07, 0.005534306168556213, 0.9999847412109375),
            ["LeftHand"] = CFrame.new(0, 3.5762786865234375e-07, 1.4901161193847656e-07, 0.19239486753940582, 0.5691273212432861, -0.7994234561920166, -0.9497487545013428, 0.3129597008228302, -0.005770127754658461, 0.24690386652946472, 0.7603620290756226, 0.6007401943206787),
            ["LeftFoot"] = CFrame.new(-6.810296326875687e-09, 1.1920928955078125e-07, -5.122274160385132e-09, 0.8732449412345886, 0.18496665358543396, -0.45081138610839844, -0.19545137882232666, 0.9804278016090393, 0.023667767643928528, 0.44636547565460205, 0.06744389235973358, 0.8923054933547974),
            ["LowerTorso"] = CFrame.new(0.11905128508806229, -0.07087230682373047, 0.06553639471530914, 0.9317076206207275, -0.1064608097076416, 0.3472563922405243, 0.10212099552154541, 0.9942941069602966, 0.030831459909677505, -0.3485574722290039, 0.006736264564096928, 0.9372632503509521),
            ["RightLowerLeg"] = CFrame.new(2.9802322387695312e-08, 1.1920928955078125e-07, 4.267349140718579e-08, 1, 2.607702853651972e-08, 5.960463056453591e-08, 2.60770320892334e-08, 0.9999819993972778, 0.006006269250065088, 9.685754776000977e-08, -0.006006411276757717, 0.9999819993972778),
            ["LeftUpperLeg"] = CFrame.new(0.000025600194931030273, 0.00012610247358679771, 0.004997480660676956, 0.9962133169174194, -0.04066373035311699, -0.07684627175331116, -0.010833749547600746, 0.8189312815666199, -0.5737893581390381, 0.08626480400562286, 0.5724493265151978, 0.8153897523880005),
            ["LeftLowerLeg"] = CFrame.new(4.470348358154297e-08, 0, 5.21540641784668e-08, 1, 7.07805440924858e-08, 4.0978193283081055e-08, -8.195639367158947e-08, 0.6549954414367676, 0.7556331753730774, 4.4703490686970326e-08, -0.7556329369544983, 0.6549950838088989),
        }},
        {Time = 0.042, Data = {
            ["RightFoot"] = CFrame.new(2.9802322387695312e-08, 1.7881393432617188e-07, -1.3205863069742918e-08, 0.8036590218544006, -0.306653767824173, 0.5099959969520569, 0.16692328453063965, 0.9387645721435547, 0.3014261722564697, -0.5711994767189026, -0.15711341798305511, 0.8056341409683228),
            ["LeftLowerArm"] = CFrame.new(-1.1920928955078125e-07, -1.1920928955078125e-07, 2.2351741790771484e-07, 1, 2.3096788481780095e-07, 7.450581485102248e-09, 2.4586935865045234e-07, 0.9497369527816772, -0.3130488395690918, 8.940703821735951e-08, 0.31304919719696045, 0.949737012386322),
            ["RightUpperArm"] = CFrame.new(1.1920928955078125e-07, -0.06523787975311279, -1.043081283569336e-07, -0.08592779189348221, -0.9470454454421997, -0.3093889355659485, 0.3339241147041321, 0.2651996612548828, -0.9045242071151733, 0.9386752843856812, -0.1810358166694641, 0.29345279932022095),
            ["Head"] = CFrame.new(2.60770320892334e-08, 0, -1.434236764907837e-07, 0.8430410623550415, 0.3787759840488434, 0.38185203075408936, -0.027298711240291595, 0.7391793727874756, -0.6729550957679749, -0.5371559858322144, 0.5569044351577759, 0.63349848985672),
            ["RightHand"] = CFrame.new(5.960464477539063e-08, -3.5762786865234375e-07, 1.1920928955078125e-07, -0.12482941150665283, -0.8202154636383057, 0.5582690834999084, 0.8519888520240784, 0.199738010764122, 0.48396241664886475, -0.508461058139801, 0.5360517501831055, 0.6738812923431396),
            ["UpperTorso"] = CFrame.new(-2.9802322387695312e-08, 3.8743019104003906e-07, -7.450580596923828e-09, 0.7383614778518677, 0.21757681667804718, -0.6383435726165771, 0.23067621886730194, 0.8079590797424316, 0.542209267616272, 0.6337276697158813, -0.5475970506668091, 0.5463759303092957),
            ["HumanoidRootPart"] = CFrame.new(0, 0, 0, 1, 0, 0, 0, 1, 0, 0, 0, 1),
            ["RightUpperLeg"] = CFrame.new(-0.000025570392608642578, -0.00012533675180748105, -0.004997538402676582, 0.8763691186904907, 0.20757967233657837, -0.4346124529838562, -0.4489929974079132, 0.025534722954034805, -0.8931704759597778, -0.1743062287569046, 0.9778848886489868, 0.11557963490486145),
            ["LeftUpperArm"] = CFrame.new(-2.384185791015625e-07, -0.06523823738098145, -1.4901161193847656e-07, 0.60563725233078, 0.7623973488807678, -0.2279335856437683, -0.09868161380290985, -0.21227140724658966, -0.9722154140472412, -0.789598286151886, 0.6113027930259705, -0.05332507565617561),
            ["RightLowerArm"] = CFrame.new(2.384185791015625e-07, 3.5762786865234375e-07, 4.172325134277344e-07, 1, 7.4505820180093e-08, -1.4901161193847656e-08, 2.9802322387695312e-08, 0.9992486834526062, -0.03875979781150818, 1.1920928955078125e-07, 0.03875955194234848, 0.9992486238479614),
            ["LeftHand"] = CFrame.new(1.7881393432617188e-07, 0, 8.940696716308594e-08, 0.21770207583904266, 0.5711466670036316, -0.7914528250694275, -0.9305912256240845, 0.3659704625606537, 0.008125519379973412, 0.2942888140678406, 0.7347497344017029, 0.6111762523651123),
            ["LeftFoot"] = CFrame.new(-2.7008354663848877e-08, -1.7881393432617188e-07, -4.0046870708465576e-08, 0.865828812122345, 0.1172691285610199, -0.4864039421081543, -0.26602232456207275, 0.9312476515769958, -0.24901816248893738, 0.42376020550727844, 0.3450013995170593, 0.8374969363212585),
            ["LowerTorso"] = CFrame.new(0.1281154751777649, -0.20413541793823242, 0.07685143500566483, 0.9518164396286011, -0.10223910957574844, 0.2891239523887634, 0.09826645255088806, 0.9947587251663208, 0.028263447806239128, -0.29049819707870483, 0.0015095610870048404, 0.9568743705749512),
            ["RightLowerLeg"] = CFrame.new(-2.9802322387695312e-08, 5.960464477539063e-08, 2.2521271603181958e-07, 1, -9.313223614526578e-08, 5.960464477539063e-08, -3.725289943190546e-08, 0.999986469745636, 0.005211628973484039, -7.4505797087454084e-09, -0.005211754236370325, 0.999986469745636),
            ["LeftUpperLeg"] = CFrame.new(0.000025510787963867188, 0.000126019207527861, 0.004997465759515762, 0.9983803629875183, -0.025554662570357323, -0.05082987621426582, -0.015489601530134678, 0.7375972270965576, -0.6750634908676147, 0.05474301055073738, 0.6747573614120483, 0.7360066771507263),
            ["LeftLowerLeg"] = CFrame.new(-2.2351741790771484e-08, -5.960464477539063e-08, -1.6391277313232422e-07, 1, 6.705522537231445e-08, 6.146728281919422e-08, -5.960464477539063e-08, 0.47108304500579834, 0.882088840007782, 5.21540641784668e-08, -0.8820888996124268, 0.47108301520347595),
        }},
        {Time = 0.083, Data = {
            ["RightFoot"] = CFrame.new(1.469743438065052e-08, 4.172325134277344e-07, -2.8107024263590574e-08, 0.8367838263511658, -0.48373860120773315, 0.2564952075481415, 0.21491818130016327, 0.7210447788238525, 0.6587147116661072, -0.5035902857780457, -0.49607619643211365, 0.7073225378990173),
            ["LeftLowerArm"] = CFrame.new(5.960464477539063e-08, 4.172325134277344e-07, 1.1920928955078125e-07, 1, 4.2468303718123934e-07, -5.960463766996327e-08, 4.768374424202193e-07, 0.9284639358520508, -0.3714223802089691, 8.94070240065048e-08, 0.3714224398136139, 0.9284640550613403),
            ["RightUpperArm"] = CFrame.new(-5.960464477539063e-08, -0.06523799896240234, -2.8312206268310547e-07, 0.12201027572154999, -0.8606087565422058, -0.49443507194519043, 0.05654057487845421, 0.5033746361732483, -0.8622164726257324, 0.9909171462059021, 0.07724447548389435, 0.11007638275623322),
            ["Head"] = CFrame.new(4.284083843231201e-08, -1.1920928955078125e-07, -1.5925616025924683e-07, 0.8497368693351746, 0.33372437953948975, 0.4081362783908844, -0.015150971710681915, 0.7892863154411316, -0.6138386130332947, -0.5269893407821655, 0.5154176354408264, 0.6757419109344482),
            ["RightHand"] = CFrame.new(-5.960464477539063e-08, -1.1920928955078125e-07, -2.5331974029541016e-07, -0.14294777810573578, -0.8457839488983154, 0.5140189528465271, 0.9408957958221436, 0.044993821531534195, 0.3356940448284149, -0.3070521652698517, 0.5316250324249268, 0.7893630266189575),
            ["UpperTorso"] = CFrame.new(-5.587935447692871e-09, -3.2782554626464844e-07, -1.1175870895385742e-08, 0.7921198010444641, 0.1615527719259262, -0.5885976552963257, 0.18999971449375153, 0.8511585593223572, 0.4893149733543396, 0.5800399780273438, -0.49942946434020996, 0.6435244679450989),
            ["HumanoidRootPart"] = CFrame.new(0, 0, 0, 1, 0, 0, 0, 1, 0, 0, 0, 1),
            ["RightUpperLeg"] = CFrame.new(-0.000025570392608642578, -0.00012603134382516146, -0.004997478798031807, 0.9070400595664978, 0.24450160562992096, -0.3427791893482208, -0.3841216266155243, 0.14714322984218597, -0.911482036113739, -0.17242123186588287, 0.9584195613861084, 0.22738315165042877),
            ["LeftUpperArm"] = CFrame.new(-2.384185791015625e-07, -0.06523823738098145, -3.5762786865234375e-07, 0.6362100839614868, 0.7698692679405212, -0.05036764219403267, -0.25889748334884644, 0.1515391319990158, -0.9539433717727661, -0.7267797589302063, 0.6199493408203125, 0.2957282066345215),
            ["RightLowerArm"] = CFrame.new(1.1920928955078125e-07, 5.960464477539063e-08, 1.043081283569336e-07, 1, -2.8312211952652433e-07, 2.998857837610558e-07, -2.9802325229866256e-07, 0.8387760519981384, -0.5444766879081726, 8.940698137394065e-08, 0.5444766879081726, 0.8387759923934937),
            ["LeftHand"] = CFrame.new(-5.960464477539063e-08, 1.1920928955078125e-07, -2.682209014892578e-07, 0.2925901710987091, 0.5252288579940796, -0.7990781664848328, -0.8431037068367004, 0.5359817743301392, 0.04358701407909393, 0.45118433237075806, 0.6609525084495544, 0.5996450781822205),
            ["LeftFoot"] = CFrame.new(4.6566128730773926e-09, 0, -8.847564458847046e-09, 0.8478832244873047, 0.11634458601474762, -0.5172596573829651, -0.2745165526866913, 0.9310012459754944, -0.24057744443416595, 0.45357993245124817, 0.3459779918193817, 0.8213189840316772),
            ["LowerTorso"] = CFrame.new(0.13182303309440613, -0.17798733711242676, 0.0806175246834755, 0.9679310321807861, -0.10260213911533356, 0.2293083220720291, 0.09985945373773575, 0.9947224855422974, 0.02356480248272419, -0.23051588237285614, 0.00008948741742642596, 0.9730685949325562),
            ["RightLowerLeg"] = CFrame.new(1.045700628310442e-07, -1.7881393432617188e-07, -1.7339334590360522e-07, 1, -1.1175868230850483e-08, 2.9802311729554276e-08, 4.4703469370688254e-08, 0.9999841451644897, 0.005644483491778374, -5.21540464148984e-08, -0.005644625518471003, 0.9999841451644897),
            ["LeftUpperLeg"] = CFrame.new(0.000025540590286254883, 0.00012544803030323237, 0.004997480660676956, 0.9996087551116943, 0.02301499806344509, 0.015891985967755318, -0.007399664726108313, 0.7655822038650513, -0.6432958245277405, -0.026972103863954544, 0.6429262757301331, 0.7654528617858887),
            ["LeftLowerLeg"] = CFrame.new(4.470348358154297e-08, 0, -5.960464477539063e-08, 1, 1.0430811414607888e-07, 1.303851249190302e-08, -1.0430811414607888e-07, 0.5304298996925354, 0.8477287888526917, 1.4901159417490817e-08, -0.8477288484573364, 0.5304300785064697),
        }},
        {Time = 0.125, Data = {
            ["RightFoot"] = CFrame.new(-4.842877388000488e-08, 2.980232238769531e-07, 1.20904587674886e-07, 0.8934329152107239, -0.09712310135364532, -0.43857142329216003, 0.3438233733177185, 0.7761693000793457, 0.5285322666168213, 0.28907310962677, -0.6229995489120483, 0.7268485426902771),
            ["LeftLowerArm"] = CFrame.new(8.940696716308594e-08, -2.384185791015625e-07, -2.9802322387695312e-08, 1, -2.9802318834981634e-08, 5.215405707303944e-08, 1.2200329990719183e-07, 0.20968548953533173, -0.9777688384056091, 8.568170528633345e-08, 0.9777688980102539, 0.2096855193376541),
            ["RightUpperArm"] = CFrame.new(1.1920928955078125e-07, -0.06523764133453369, 0, 0.7873082756996155, -0.4139572083950043, -0.4569298028945923, 0.09737381339073181, 0.8152780532836914, -0.570824146270752, 0.6088217496871948, 0.40492141246795654, 0.6821839213371277),
            ["Head"] = CFrame.new(7.450580596923828e-09, 0, -7.636845111846924e-08, 0.8936520218849182, 0.2714725136756897, 0.3573357164859772, -0.05819758027791977, 0.8596563935279846, -0.50754714012146, -0.4449710249900818, 0.43277451395988464, 0.7840327024459839),
            ["RightHand"] = CFrame.new(8.568167686462402e-08, 1.7881393432617188e-07, 2.812594175338745e-07, 0.1377212554216385, -0.916213870048523, 0.37627777457237244, 0.8930761814117432, -0.04940985143184662, -0.447184681892395, 0.4283081293106079, 0.39763155579566956, 0.8114436864852905),
            ["UpperTorso"] = CFrame.new(-3.4458935260772705e-08, -5.960464477539063e-08, -1.6763806343078613e-08, 0.8609349131584167, 0.08885608613491058, -0.5008951425552368, 0.11148332804441452, 0.9277383089065552, 0.35619261860847473, 0.4963493049144745, -0.36250001192092896, 0.7888162136077881),
            ["HumanoidRootPart"] = CFrame.new(0, 0, 0, 1, 0, 0, 0, 1, 0, 0, 0, 1),
            ["RightUpperLeg"] = CFrame.new(-0.000025570392608642578, -0.00012547732330858707, -0.004997488111257553, 0.908828854560852, 0.37637656927108765, -0.17991913855075836, -0.1598304957151413, -0.08422418683767319, -0.9835449457168579, -0.38533681631088257, 0.9226304888725281, -0.016389083117246628),
            ["LeftUpperArm"] = CFrame.new(5.960464477539063e-08, -0.06523764133453369, -2.9802322387695312e-08, 0.6941966414451599, 0.5636996626853943, 0.4475862681865692, -0.3350408673286438, 0.8034201860427856, -0.49220308661460876, -0.6370546221733093, 0.19172613322734833, 0.7465940117835999),
            ["RightLowerArm"] = CFrame.new(-2.9802322387695312e-08, -1.7881393432617188e-07, -2.086162567138672e-07, 1, 4.4703497792397684e-08, -3.259628300611439e-08, 2.1606683731079102e-07, 0.709621250629425, -0.7045835852622986, 7.450580596923828e-08, 0.7045834064483643, 0.709621012210846),
            ["LeftHand"] = CFrame.new(2.682209014892578e-07, 5.960464477539063e-08, 8.940696716308594e-08, 0.36088624596595764, 0.3544863164424896, -0.862612783908844, -0.6714144349098206, 0.7407097220420837, 0.023495130240917206, 0.6472742557525635, 0.5706913471221924, 0.5053190588951111),
            ["LeftFoot"] = CFrame.new(-1.5832483768463135e-08, 0, 3.725290298461914e-09, 0.822154700756073, 0.12162213027477264, -0.5561200976371765, -0.24657507240772247, 0.9565954208374023, -0.1553255170583725, 0.5130909085273743, 0.2648269236087799, 0.8164584636688232),
            ["LowerTorso"] = CFrame.new(0.13449503481388092, -0.0982961654663086, 0.07859586924314499, 0.9744353294372559, -0.1116425096988678, 0.19496600329875946, 0.10112101584672928, 0.9928684234619141, 0.06314153969287872, -0.20062486827373505, -0.04181220754981041, 0.9787755012512207),
            ["RightLowerLeg"] = CFrame.new(-1.1920928955078125e-07, -1.1920928955078125e-07, 5.571200745180249e-08, 1, -1.2665984172599565e-07, -8.940699558479537e-08, 1.1932570487260818e-07, 0.3010581135749817, 0.9536058306694031, -1.2293457984924316e-07, -0.9536057710647583, 0.301058292388916),
            ["LeftUpperLeg"] = CFrame.new(0.000025510787963867188, 0.00012572342529892921, 0.004997484385967255, 0.9966694116592407, 0.04579801857471466, 0.06747301667928696, 0.0024477876722812653, 0.8102284669876099, -0.586108922958374, -0.08151119202375412, 0.5843220949172974, 0.8074179291725159),
            ["LeftLowerLeg"] = CFrame.new(2.2351741790771484e-08, -5.960464477539063e-08, -9.685754776000977e-08, 1, 7.450581307466564e-08, 3.72529100900465e-08, -5.215405707303944e-08, 0.6916341185569763, 0.7222481966018677, 2.9802318834981634e-08, -0.7222480773925781, 0.6916340589523315),
        }},
        {Time = 0.167, Data = {
            ["RightFoot"] = CFrame.new(-2.9802322387695312e-08, 1.7881393432617188e-07, 3.149762051180005e-08, 0.781897783279419, 0.19653472304344177, -0.5916169285774231, 0.03297989442944527, 0.9346362948417664, 0.3540724217891693, 0.6225337982177734, -0.2963598668575287, 0.7243081331253052),
            ["LeftLowerArm"] = CFrame.new(5.960464477539063e-08, 0, 5.960464477539063e-08, 1, -1.30385160446167e-07, 2.79396800806353e-07, -1.3783575525394554e-07, -0.07175859063863754, -0.9974220991134644, 1.6391278734317893e-07, 0.9974220991134644, -0.07175871729850769),
            ["RightUpperArm"] = CFrame.new(-5.364418029785156e-07, -0.0652390718460083, 1.4901161193847656e-07, 0.9867147207260132, -0.14292381703853607, 0.07724649459123611, 0.16177111864089966, 0.9081679582595825, -0.3860841989517212, -0.014972515404224396, 0.3934513032436371, 0.9192235469818115),
            ["Head"] = CFrame.new(-9.685754776000977e-08, -4.76837158203125e-07, 5.587935447692871e-08, 0.9345958828926086, 0.22976186871528625, 0.27155113220214844, -0.0984639897942543, 0.9006760716438293, -0.4231870770454407, -0.3418118953704834, 0.36877110600471497, 0.8643915057182312),
            ["RightHand"] = CFrame.new(-8.940696716308594e-08, 0, -1.1920928955078125e-07, 0.3143405020236969, -0.5513999462127686, 0.7727537155151367, 0.878285825252533, 0.47785866260528564, -0.016291970387101173, -0.3602833151817322, 0.6838196516036987, 0.634496808052063),
            ["UpperTorso"] = CFrame.new(-1.862645149230957e-08, 2.9802322387695312e-08, -2.7939677238464355e-09, 0.9145059585571289, 0.038723189383745193, -0.40271511673927307, 0.07715948671102524, 0.9604442119598389, 0.26756948232650757, 0.3971464931964874, -0.27576717734336853, 0.8753440380096436),
            ["HumanoidRootPart"] = CFrame.new(0, 0, 0, 1, 0, 0, 0, 1, 0, 0, 0, 1),
            ["RightUpperLeg"] = CFrame.new(-0.000025570392608642578, -0.0001257761032320559, -0.004997488111257553, 0.8644749522209167, 0.4542342722415924, -0.21530091762542725, -0.24141819775104523, -0.0005121642025187612, -0.9704211354255676, -0.44090864062309265, 0.8908822536468506, 0.10921742767095566),
            ["LeftUpperArm"] = CFrame.new(0, -0.0652390718460083, 2.9802322387695312e-08, 0.6817459464073181, 0.4849606156349182, 0.547755241394043, -0.45209434628486633, 0.8679189682006836, -0.2057359665632248, -0.5751811265945435, -0.10737743228673935, 0.8109481334686279),
            ["RightLowerArm"] = CFrame.new(-7.748603820800781e-07, -4.172325134277344e-07, 8.195638656616211e-08, 1, 2.98023280720372e-07, -2.3841852225814364e-07, 4.800966166840226e-07, 0.6373655200004578, -0.7705616354942322, 7.26431323982979e-08, 0.7705616354942322, 0.6373655796051025),
            ["LeftHand"] = CFrame.new(1.1920928955078125e-07, 1.1920928955078125e-07, 1.9371509552001953e-07, 0.38686153292655945, 0.2795562148094177, -0.8787413835525513, -0.5706943273544312, 0.8211022019386292, 0.009974143467843533, 0.7243247628211975, 0.49763384461402893, 0.4771939218044281),
            ["LeftFoot"] = CFrame.new(1.3154931366443634e-08, 1.7881393432617188e-07, 1.909211277961731e-08, 0.8119727373123169, 0.15557613968849182, -0.5625803470611572, -0.25425878167152405, 0.9618498086929321, -0.10098181664943695, 0.5254072546958923, 0.22503562271595, 0.8205522894859314),
            ["LowerTorso"] = CFrame.new(0.13345400989055634, -0.08297061920166016, 0.07255122810602188, 0.978628933429718, -0.11058376729488373, 0.17336873710155487, 0.10110622644424438, 0.9929039478302002, 0.06260404735803604, -0.17906153202056885, -0.0437374971807003, 0.9828652143478394),
            ["RightLowerLeg"] = CFrame.new(2.2351741790771484e-08, 0, 8.923962013795972e-08, 1, -1.5646217832454568e-07, -1.4901159772762185e-07, 1.2852252950779075e-07, -0.3327285945415497, 0.943022608757019, -1.8626454334480513e-07, -0.943022608757019, -0.3327285349369049),
            ["LeftUpperLeg"] = CFrame.new(0.000025451183319091797, 0.00012575043365359306, 0.004997480660676956, 0.9943668842315674, 0.05739835649728775, 0.08910676836967468, 0.0010086291003972292, 0.8355204463005066, -0.549458384513855, -0.10598848015069962, 0.5464531183242798, 0.8307560086250305),
            ["LeftLowerLeg"] = CFrame.new(-4.470348358154297e-08, 5.960464477539063e-08, -8.195638656616211e-08, 1, 4.470348358154297e-08, 7.450581307466564e-08, -5.587936158235607e-08, 0.6965036988258362, 0.7175530195236206, 1.862645326866641e-08, -0.7175533175468445, 0.6965038180351257),
        }},
        {Time = 0.208, Data = {
            ["RightFoot"] = CFrame.new(3.073364496231079e-08, 2.384185791015625e-07, 1.0227813618257642e-07, 0.7598528861999512, 0.18318548798561096, -0.6237519979476929, -0.031852684915065765, 0.9688168168067932, 0.24572251737117767, 0.6493142247200012, -0.16684474050998688, 0.7419931888580322),
            ["LeftLowerArm"] = CFrame.new(-1.1920928955078125e-07, 5.960464477539063e-08, 1.993030309677124e-07, 1, -1.182779953978752e-07, 5.960463340670685e-07, -3.427267074584961e-07, -0.17839588224887848, -0.9839587807655334, 7.450580596923828e-08, 0.983958899974823, -0.17839576303958893),
            ["RightUpperArm"] = CFrame.new(-5.960464477539063e-08, -0.0652381181716919, 5.21540641784668e-08, 0.9864789843559265, -0.12901979684829712, 0.10106133669614792, 0.15843401849269867, 0.9085119962692261, -0.3866584002971649, -0.04192906990647316, 0.3974418640136719, 0.9166690111160278),
            ["Head"] = CFrame.new(-3.725290298461914e-09, -1.1920928955078125e-07, 4.0978193283081055e-08, 0.9532554745674133, 0.19937121868133545, 0.22705750167369843, -0.10394969582557678, 0.9219436049461365, -0.373114675283432, -0.28372257947921753, 0.3320709764957428, 0.8995723128318787),
            ["RightHand"] = CFrame.new(-8.940696716308594e-08, -1.1920928955078125e-07, 5.960464477539063e-08, 0.3312400281429291, -0.10821071267127991, 0.9373209476470947, 0.4632774889469147, 0.8840658068656921, -0.06165535748004913, -0.8219818472862244, 0.4546625316143036, 0.3429693877696991),
            ["UpperTorso"] = CFrame.new(5.587935447692871e-09, -2.9802322387695312e-08, -1.210719347000122e-08, 0.9399093389511108, 0.029111366719007492, -0.34018075466156006, 0.04281003400683403, 0.9784464836120605, 0.20201459527015686, 0.3387295603752136, -0.20443862676620483, 0.9184046387672424),
            ["HumanoidRootPart"] = CFrame.new(0, 0, 0, 1, 0, 0, 0, 1, 0, 0, 0, 1),
            ["RightUpperLeg"] = CFrame.new(-0.000025540590286254883, -0.00012591551057994366, -0.004997506737709045, 0.8695104718208313, 0.4261355996131897, -0.24971958994865417, -0.33118879795074463, 0.12794478237628937, -0.934849739074707, -0.3664226233959198, 0.8955660462379456, 0.25238096714019775),
            ["LeftUpperArm"] = CFrame.new(-1.1920928955078125e-07, -0.06523823738098145, 4.470348358154297e-08, 0.5959894061088562, 0.4474217891693115, 0.6667916178703308, -0.5105619430541992, 0.8520625233650208, -0.1153908222913742, -0.6197766661643982, -0.27166736125946045, 0.7362566590309143),
            ["RightLowerArm"] = CFrame.new(-5.960464477539063e-08, -5.960464477539062e-07, 5.21540641784668e-08, 1, 1.4901162614933128e-07, 4.8428766774577525e-08, 1.0244548320770264e-07, 0.5952926278114319, -0.8035089373588562, 1.4901161193847656e-07, 0.803508996963501, 0.5952927470207214),
            ["LeftHand"] = CFrame.new(4.470348358154297e-07, 0, -2.5331974029541016e-07, 0.4425642192363739, 0.29247966408729553, -0.847698450088501, -0.5808871388435364, 0.8136722445487976, -0.022528337314724922, 0.6831596493721008, 0.5023874640464783, 0.5299997925758362),
            ["LeftFoot"] = CFrame.new(-1.6763806343078613e-08, 0, -1.1175870895385742e-08, 0.8244602084159851, 0.2126951813697815, -0.5244296789169312, -0.2936985194683075, 0.9529322385787964, -0.07524152845144272, 0.48374223709106445, 0.21605785191059113, 0.848122775554657),
            ["LowerTorso"] = CFrame.new(0.12747028470039368, -0.10907459259033203, 0.0634898692369461, 0.9806907176971436, -0.1083664819598198, 0.1627957671880722, 0.09951255470514297, 0.9931268095970154, 0.06161492317914963, -0.16835379600524902, -0.044224951416254044, 0.984734058380127),
            ["RightLowerLeg"] = CFrame.new(-5.681067705154419e-08, 1.1920928955078125e-07, -1.3205863069742918e-08, 1, -1.1920926112907182e-07, -2.2351738948600541e-07, 1.1920928955078125e-07, -0.4224326014518738, 0.906394362449646, -2.60770320892334e-07, -0.9063943028450012, -0.4224325716495514),
            ["LeftUpperLeg"] = CFrame.new(0.000025510787963867188, 0.00012537091970443726, 0.004997503012418747, 0.9951853156089783, 0.06056239455938339, 0.07706131786108017, -0.01067350897938013, 0.8485382199287415, -0.5290265679359436, -0.09742893278598785, 0.5256568789482117, 0.845099151134491),
            ["LeftLowerLeg"] = CFrame.new(-3.3527612686157227e-08, 1.1920928955078125e-07, -7.450580596923828e-09, 1, 6.705521116145974e-08, 2.60770320892334e-08, -5.960464477539063e-08, 0.5870659947395325, 0.8095391392707825, 0, -0.8095390796661377, 0.5870659947395325),
        }},
        {Time = 0.250, Data = {
            ["RightFoot"] = CFrame.new(2.9802322387695312e-08, 4.172325134277344e-07, 7.620110409334302e-08, 0.8446148037910461, 0.06604111939668655, -0.5312857627868652, 0.019011979922652245, 0.9880368709564209, 0.15304133296012878, 0.5350368618965149, -0.1393618881702423, 0.833254873752594),
            ["LeftLowerArm"] = CFrame.new(2.682209014892578e-07, -5.960464477539063e-08, -3.129243850708008e-07, 1, -6.332992796842518e-08, 1.1175872316471214e-07, 3.352763755515298e-08, 0.029515553265810013, -0.9995643496513367, 7.823115311111906e-08, 0.9995643496513367, 0.029515640810132027),
            ["RightUpperArm"] = CFrame.new(0, -0.06523799896240234, -5.21540641784668e-08, 0.9620302319526672, -0.22295930981636047, -0.15743932127952576, 0.10157138109207153, 0.8278359770774841, -0.5516982078552246, 0.25334012508392334, 0.5147589445114136, 0.8190494775772095),
            ["Head"] = CFrame.new(2.7008354663848877e-08, 2.384185791015625e-07, 4.842877388000488e-08, 0.9725221991539001, 0.13596904277801514, 0.18897943198680878, -0.07422924786806107, 0.9504607915878296, -0.3018515408039093, -0.22065986692905426, 0.2795293629169464, 0.9344370365142822),
            ["RightHand"] = CFrame.new(1.4901161193847656e-07, -5.960464477539063e-08, 5.21540641784668e-08, 0.5467888116836548, 0.4680604338645935, 0.6942197680473328, 0.09287774562835693, 0.7901213765144348, -0.6058729290962219, -0.8321032524108887, 0.39576226472854614, 0.3885573744773865),
            ["UpperTorso"] = CFrame.new(1.210719347000122e-08, 0, 1.3969838619232178e-08, 0.9530355930328369, 0.06765343993902206, -0.2952054738998413, -0.03242046758532524, 0.9919195771217346, 0.12265659868717194, 0.3011181056499481, -0.10732538253068924, 0.9475278854370117),
            ["HumanoidRootPart"] = CFrame.new(0, 0, 0, 1, 0, 0, 0, 1, 0, 0, 0, 1),
            ["RightUpperLeg"] = CFrame.new(-0.0000254213809967041, -0.00012544682249426842, -0.004997486248612404, 0.9455840587615967, 0.24943231046199799, -0.20893672108650208, -0.16580158472061157, -0.18314139544963837, -0.9690041542053223, -0.27996575832366943, 0.9509168267250061, -0.13181941211223602),
            ["LeftUpperArm"] = CFrame.new(-1.1920928955078125e-07, -0.06523728370666504, 1.4901161193847656e-08, 0.09111867100000381, 0.9704050421714783, 0.22363242506980896, -0.5135868787765503, 0.2381899058818817, -0.8243144750595093, -0.8531857132911682, -0.039744384586811066, 0.5200905203819275),
            ["RightLowerArm"] = CFrame.new(-2.384185791015625e-07, 5.960464477539063e-08, 1.2665987014770508e-07, 1, -1.0430819230577981e-07, -4.4703494239684005e-08, 9.685752644372769e-08, 0.5100269317626953, -0.8601585030555725, 4.470347292340193e-08, 0.8601585030555725, 0.5100268721580505),
            ["LeftHand"] = CFrame.new(8.940696716308594e-08, 0, -6.705522537231445e-08, 0.5592473149299622, 0.3860590159893036, -0.7336218357086182, -0.639335572719574, 0.7641902565956116, -0.08522670716047287, 0.5277238488197327, 0.5166932344436646, 0.6741924285888672),
            ["LeftFoot"] = CFrame.new(-3.725290298461914e-09, -5.960464477539063e-08, 0, 0.8440308570861816, 0.22838112711906433, -0.4852360188961029, -0.33366796374320984, 0.9319729208946228, -0.14174731075763702, 0.41985437273979187, 0.28154677152633667, 0.8628174066543579),
            ["LowerTorso"] = CFrame.new(0.11529121547937393, -0.178086519241333, 0.052420735359191895, 0.980870246887207, -0.10090798139572144, 0.16646668314933777, 0.09239587932825089, 0.9940241575241089, 0.058129481971263885, -0.17133761942386627, -0.0416366346180439, 0.9843322038650513),
            ["RightLowerLeg"] = CFrame.new(-1.4901161193847656e-08, 1.7881393432617188e-07, 1.3580574886873364e-07, 1, -1.1920930376163597e-07, -2.1979212760925293e-07, 1.359731243155693e-07, -0.5743504166603088, 0.8186097145080566, -2.6077037773575285e-07, -0.8186096549034119, -0.5743502974510193),
            ["LeftUpperLeg"] = CFrame.new(0.000025540590286254883, 0.00012606848031282425, 0.004997476935386658, 0.9983021020889282, 0.026271091774106026, 0.051989007741212845, 0.008419896475970745, 0.8180637955665588, -0.5750658512115479, -0.05763797461986542, 0.5745272636413574, 0.8164536356925964),
            ["LeftLowerLeg"] = CFrame.new(-1.4901161193847656e-08, -5.960464477539063e-08, -7.450580596923828e-09, 1, 8.940698847936801e-08, 5.5879347371501353e-08, -7.078052277620372e-08, 0.4426387548446655, 0.8967001438140869, 4.4703490686970326e-08, -0.8967000842094421, 0.44263848662376404),
        }},
        {Time = 0.292, Data = {
            ["RightFoot"] = CFrame.new(-1.1175870895385742e-07, 4.172325134277344e-07, -3.892637323588133e-09, 0.9765188694000244, -0.10931016504764557, -0.1856403797864914, 0.1504869908094406, 0.9627333879470825, 0.22471846640110016, 0.1541580706834793, -0.2473779022693634, 0.9565768837928772),
            ["LeftLowerArm"] = CFrame.new(-2.9802322387695312e-08, -1.1920928955078125e-07, -1.210719347000122e-07, 1, -1.1920930376163597e-07, 1.9371509552001953e-07, -7.078055830334051e-08, 0.3451026678085327, -0.9385650157928467, 1.7136345320523105e-07, 0.9385650157928467, 0.34510260820388794),
            ["RightUpperArm"] = CFrame.new(-1.1920928955078125e-07, -0.06523847579956055, 1.1175870895385742e-08, 0.47384265065193176, -0.8803806304931641, 0.02008488029241562, 0.25350332260131836, 0.11452818661928177, -0.960530698299408, 0.8433322906494141, 0.4602317214012146, 0.27744781970977783),
            ["Head"] = CFrame.new(1.862645149230957e-09, 0, -4.6566128730773926e-09, 0.9868155717849731, 0.08758846670389175, 0.13610029220581055, -0.05408996343612671, 0.971035897731781, -0.23273083567619324, -0.1525428295135498, 0.22230075299739838, 0.9629709720611572),
            ["RightHand"] = CFrame.new(6.705522537231445e-08, -1.1920928955078125e-07, -1.210719347000122e-07, 0.7979786992073059, -0.05921773612499237, 0.5997692942619324, 0.06050769239664078, 0.9980049133300781, 0.01803298480808735, -0.5996406078338623, 0.02190062217414379, 0.7999697923660278),
            ["UpperTorso"] = CFrame.new(9.778887033462524e-09, -5.364418029785156e-07, 1.862645149230957e-09, 0.9615573287010193, 0.11876700073480606, -0.24759258329868317, -0.1130753755569458, 0.9928922653198242, 0.037135157734155655, 0.250243216753006, -0.007710947189480066, 0.9681524038314819),
            ["HumanoidRootPart"] = CFrame.new(0, 0, 0, 1, 0, 0, 0, 1, 0, 0, 0, 1),
            ["RightUpperLeg"] = CFrame.new(-0.000025540590286254883, -0.00012584368232637644, -0.004997501149773598, 0.9848995208740234, -0.12776775658130646, 0.11682653427124023, 0.06496948003768921, -0.35271722078323364, -0.9334719181060791, 0.160474494099617, 0.9269660115242004, -0.3390897214412689),
            ["LeftUpperArm"] = CFrame.new(0, -0.0652381181716919, 2.2351741790771484e-08, -0.29022496938705444, 0.9550438523292542, 0.06050167977809906, -0.2702087163925171, -0.021134529262781143, -0.9625698328018188, -0.9180178642272949, -0.29571059346199036, 0.2641950249671936),
            ["RightLowerArm"] = CFrame.new(5.960464477539063e-08, 0, 1.341104507446289e-07, 1, -2.9802311729554276e-08, 1.4901159417490817e-08, 2.5704508743729093e-07, 0.3856736123561859, -0.9226352572441101, 2.1420424545226524e-08, 0.9226352572441101, 0.38567379117012024),
            ["LeftHand"] = CFrame.new(1.7881393432617188e-07, -1.1920928955078125e-07, 1.4901161193847656e-08, 0.6902715563774109, 0.5047264099121094, -0.5184367895126343, -0.6667492985725403, 0.7219973206520081, -0.18483838438987732, 0.2810171842575073, 0.4732559621334076, 0.8349001407623291),
            ["LeftFoot"] = CFrame.new(-3.725290298461914e-08, -5.960464477539063e-08, -5.587935447692871e-09, 0.8452392220497131, 0.22017833590507507, -0.4869210720062256, -0.3524792790412903, 0.9145662784576416, -0.1983104944229126, 0.4016578197479248, 0.3392493426799774, 0.8506355285644531),
            ["LowerTorso"] = CFrame.new(0.0862516313791275, -0.1749858856201172, 0.03986542671918869, 0.9805804491043091, -0.08242125064134598, 0.17795710265636444, 0.07895775884389877, 0.9965264797210693, 0.026469990611076355, -0.17952069640159607, -0.011904860846698284, 0.9836822152137756),
            ["RightLowerLeg"] = CFrame.new(-6.705522537231445e-08, -5.960464477539063e-08, 2.9226794140413404e-07, 1, -1.587905131827938e-07, -1.695006233148888e-07, 1.6391277313232422e-07, -0.19386205077171326, 0.9810288548469543, -1.6111880540847778e-07, -0.9810288548469543, -0.193861722946167),
            ["LeftUpperLeg"] = CFrame.new(0.000025570392608642578, 0.00012534146662801504, 0.0049974918365478516, 0.9983946084976196, -0.018287986516952515, 0.05360773578286171, 0.04374070093035698, 0.850239634513855, -0.5245753526687622, -0.03598595783114433, 0.5260782241821289, 0.8496745824813843),
            ["LeftLowerLeg"] = CFrame.new(3.3527612686157227e-08, -1.1920928955078125e-07, 1.341104507446289e-07, 1, 7.450581307466564e-08, 7.078050856534901e-08, -4.563479549801741e-08, 0.483927845954895, 0.875108003616333, 6.705521116145974e-08, -0.875108003616333, 0.4839276075363159),
        }},
        {Time = 0.333, Data = {
            ["RightFoot"] = CFrame.new(-1.341104507446289e-07, 2.980232238769531e-07, 5.012407200410962e-08, 0.9840201139450073, -0.12633860111236572, 0.12547139823436737, 0.03475203365087509, 0.8273855447769165, 0.560558021068573, -0.1746334582567215, -0.547240138053894, 0.8185545802116394),
            ["LeftLowerArm"] = CFrame.new(-2.9802322387695312e-08, 1.7881393432617188e-07, 3.7997961044311523e-07, 1, 0, 1.4901162970204496e-08, 2.197922839286548e-07, 0.5176240801811218, -0.8556082248687744, 5.587939355677918e-08, 0.8556082248687744, 0.5176241397857666),
            ["RightUpperArm"] = CFrame.new(0, -0.06523823738098145, 3.91155481338501e-08, 0.11462658643722534, -0.966838538646698, 0.2282191812992096, 0.3576110005378723, -0.17417177557945251, -0.9174849987030029, 0.9268091320991516, 0.18678194284439087, 0.3257872462272644),
            ["Head"] = CFrame.new(-2.0838342607021332e-08, 0, 1.5599653124809265e-08, 0.9982238411903381, 0.02856684848666191, 0.05228053405880928, -0.019707685336470604, 0.9864733219146729, -0.16273340582847595, -0.056222185492515564, 0.1614140272140503, 0.9852840304374695),
            ["RightHand"] = CFrame.new(1.043081283569336e-07, -2.980232238769531e-07, -2.7171336114406586e-07, 0.6199944019317627, -0.6021037697792053, 0.5030686855316162, 0.6642307639122009, 0.744059681892395, 0.07192229479551315, -0.4176177382469177, 0.28956204652786255, 0.8612486720085144),
            ["UpperTorso"] = CFrame.new(-5.122274160385132e-09, -1.7881393432617188e-07, 1.862645149230957e-09, 0.9677255153656006, 0.1688138097524643, -0.18710781633853912, -0.1806994378566742, 0.9823528528213501, -0.0482756644487381, 0.17565637826919556, 0.0805279016494751, 0.9811524748802185),
            ["HumanoidRootPart"] = CFrame.new(0, 0, 0, 1, 0, 0, 0, 1, 0, 0, 0, 1),
            ["RightUpperLeg"] = CFrame.new(-0.000025570392608642578, -0.0001257432741113007, -0.0049974918365478516, 0.8307773470878601, -0.5245317816734314, -0.18621386587619781, 0.07434141635894775, 0.4361221492290497, -0.8968115448951721, 0.5516180992126465, 0.7312072515487671, 0.40131473541259766),
            ["LeftUpperArm"] = CFrame.new(5.960464477539063e-08, -0.06523823738098145, 2.514570951461792e-08, -0.22861145436763763, 0.9727762341499329, 0.03799080848693848, -0.3588397800922394, -0.04792586341500282, -0.9321679472923279, -0.904970109462738, -0.22673694789409637, 0.3600271940231323),
            ["RightLowerArm"] = CFrame.new(3.5762786865234375e-07, 1.7881393432617188e-07, -2.9802322387695312e-08, 1, -7.450584149637507e-08, 2.60770232074492e-08, 1.0430811414607888e-07, 0.5091525316238403, -0.8606765270233154, 1.3038514623531228e-07, 0.8606763482093811, 0.5091522336006165),
            ["LeftHand"] = CFrame.new(-8.940696716308594e-08, 0, -1.9837170839309692e-07, 0.7687487006187439, 0.5720134377479553, -0.2860526144504547, -0.6376780867576599, 0.7197592854499817, -0.27443262934684753, 0.048910267651081085, 0.39337921142578125, 0.9180744290351868),
            ["LeftFoot"] = CFrame.new(-7.450580596923828e-09, 5.960464477539063e-08, 0, 0.8268197178840637, 0.24976298213005066, -0.5039717555046082, -0.29011818766593933, 0.9569895267486572, -0.0016959907952696085, 0.4818721413612366, 0.14761348068714142, 0.8637185096740723),
            ["LowerTorso"] = CFrame.new(0.04609593376517296, -0.06136584281921387, 0.027324963361024857, 0.9785398840904236, -0.06363744288682938, 0.1959848403930664, 0.06251160055398941, 0.9979729056358337, 0.011931304819881916, -0.19634684920310974, 0.0005760641070082784, 0.9805343747138977),
