return {
    ["Track Star"] = {
        {Time = 0.000, Data = {
            ["RightFoot"] = CFrame.new(-3.282912075519562e-08, 2.980232238769531e-07, 1.6952981241047382e-09, 0.9999666810035706, -0.002908875234425068, 0.007623475976288319, 0.006232220213860273, 0.875324547290802, -0.48349544405937195, -0.0052664210088551044, 0.48352712392807007, 0.8753137588500977),
            ["LeftLowerArm"] = CFrame.new(-4.023313522338867e-07, -0.000011324882507324219, 0.00003209710121154785, 0.9999995231628418, 0.0009337215451523662, -0.0005347281694412231, -0.000382930098567158, -0.15579821169376373, -0.9877889156341553, -0.0010057092877104878, 0.9877884387969971, -0.15579764544963837),
            ["RightUpperArm"] = CFrame.new(0, -1.1920928955078125e-07, 7.450580596923828e-09, 0.6772299408912659, -0.2622377574443817, 0.6874526739120483, 0.193434938788414, 0.9649190306663513, 0.1775224506855011, -0.7098891735076904, 0.01275385357439518, 0.7041979432106018),
            ["Head"] = CFrame.new(0.000008365313988178968, 0.00026810169219970703, 0.000008868169970810413, 0.9983440041542053, 0.052675649523735046, -0.02311842329800129, -0.04944240301847458, 0.991146445274353, 0.12322410196065903, 0.029404662549495697, -0.121877022087574, 0.9921095371246338),
            ["RightHand"] = CFrame.new(5.960464477539063e-08, -5.960464477539063e-08, 8.940696716308594e-08, 0.972862184047699, 0.05730123072862625, -0.22417834401130676, -0.031185757368803024, 0.9924824237823486, 0.11834850907325745, 0.22927449643611908, -0.10814478248357773, 0.9673353433609009),
            ["UpperTorso"] = CFrame.new(-9.313225746154785e-10, -8.940696716308594e-08, 3.4924596548080444e-09, 0.9745661020278931, -0.07449829578399658, 0.21135534346103668, 0.047910578548908234, 0.9905848503112793, 0.12824316322803497, -0.21891924738883972, -0.11485525220632553, 0.968959629535675),
            ["HumanoidRootPart"] = CFrame.new(0, 0, 0, 1, 0, 0, 0, 1, 0, 0, 0, 1),
            ["RightUpperLeg"] = CFrame.new(-0.00025838613510131836, 0.0013371517416089773, 0.0002522377180866897, 0.865020751953125, -0.1858043223619461, -0.46606430411338806, 0.07350026071071625, 0.9658086895942688, -0.24861863255500793, 0.4963234066963196, 0.1808043122291565, 0.8491012454032898),
            ["LeftUpperArm"] = CFrame.new(0.000322878360748291, 0.0103377103805542, 0.0003418475389480591, -0.052299413830041885, 0.7636447548866272, -0.6435150504112244, -0.569348156452179, 0.5066068172454834, 0.6474506258964539, 0.8204312920570374, 0.4002453088760376, 0.40828439593315125),
            ["RightLowerArm"] = CFrame.new(0, 0.000011563301086425781, -0.00003147125244140625, 1, -8.940698847936801e-08, 1.043081283569336e-07, 8.940696716308594e-08, 0.7647194266319275, -0.6443637013435364, 6.332993507385254e-08, 0.644363522529602, 0.7647191882133484),
            ["LeftHand"] = CFrame.new(5.960464477539063e-08, 0, 2.9802322387695312e-08, 0.9587610960006714, -0.04241662845015526, 0.28103041648864746, 0.03929409384727478, 0.9990874528884888, 0.01673993282020092, -0.28148406744003296, -0.005007104482501745, 0.9595529437065125),
            ["LeftFoot"] = CFrame.new(-3.725290298461914e-08, 5.960464477539063e-08, 1.4901161193847656e-08, 0.9782015085220337, -0.20733556151390076, 0.011569172143936157, 0.20725364983081818, 0.9782555103302002, 0.007889270782470703, -0.012953497469425201, -0.005319655407220125, 0.9999019503593445),
            ["LowerTorso"] = CFrame.new(0, -0.1377934217453003, 0, 0.996731698513031, 0.04322779178619385, 0.06824400275945663, -0.03703349083662033, 0.9952927827835083, -0.08955885469913483, -0.07179419696331024, 0.08673883974552155, 0.9936407804489136),
            ["RightLowerLeg"] = CFrame.new(4.307366907596588e-08, -0.00002944469451904297, -0.0000520927642355673, 1, 2.4447212254585793e-08, 8.638016879558563e-08, -2.0489098417897367e-08, 0.6851286292076111, 0.7284217476844788, 2.9685910618582056e-08, -0.7284220457077026, 0.6851291060447693),
            ["LeftUpperLeg"] = CFrame.new(0.0013847053050994873, 0.0024867879692465067, 0.0008668377995491028, 0.7581970691680908, 0.4645945727825165, 0.45748171210289, -0.2066086232662201, 0.8366637825965881, -0.5072539448738098, -0.6184256076812744, 0.29007869958877563, 0.7303451895713806),
            ["LeftLowerLeg"] = CFrame.new(4.470348358154297e-08, 0.000029802322387695312, 0.00005199015140533447, 1, 8.940694584680386e-08, -1.4901162970204496e-08, -5.960465188081798e-08, 0.43139442801475525, 0.9021634459495544, 5.2154071283894154e-08, -0.9021634459495544, 0.4313945472240448),
        }},
        {Time = 0.033, Data = {
            ["RightFoot"] = CFrame.new(1.3969838619232178e-08, 3.5762786865234375e-07, 2.4047039914876223e-08, 0.9992997050285339, -0.033663030713796616, 0.01633995771408081, 0.03738580271601677, 0.879754900932312, -0.4739548861980438, 0.0015796107472851872, 0.47423437237739563, 0.880397617816925),
            ["LeftLowerArm"] = CFrame.new(-2.8312206268310547e-07, -0.000011801719665527344, 0.00003170967102050781, 0.999999463558197, 0.0009399201953783631, -0.0005453823832795024, -0.0003809481277130544, -0.1669069081544876, -0.9859726428985596, -0.0010177044896408916, 0.9859722852706909, -0.16690611839294434),
            ["RightUpperArm"] = CFrame.new(0, -4.76837158203125e-07, -3.725290298461914e-08, 0.7049795985221863, -0.2643066346645355, 0.6581382155418396, 0.17141811549663544, 0.9639517068862915, 0.20350205898284912, -0.6882002949714661, -0.030648037791252136, 0.7248731255531311),
            ["Head"] = CFrame.new(0.000008377130143344402, 0.00026798248291015625, 0.000008856179192662239, 0.9950660467147827, 0.04418540745973587, 0.08883294463157654, -0.05478306859731674, 0.9911834597587585, 0.12064142525196075, -0.08271908015012741, -0.12491273880004883, 0.9887135028839111),
            ["RightHand"] = CFrame.new(1.1920928955078125e-07, -1.1920928955078125e-07, 2.9802322387695312e-08, 0.9900789856910706, 0.06328176707029343, -0.1254555583000183, -0.051617369055747986, 0.9942196607589722, 0.09414251148700714, 0.13068772852420807, -0.08673296123743057, 0.9876224398612976),
            ["UpperTorso"] = CFrame.new(4.6566128730773926e-09, 1.1920928955078125e-07, 5.704350769519806e-09, 0.9708487391471863, -0.07594091445207596, 0.22734509408473969, 0.052185721695423126, 0.9926992058753967, 0.10874240845441818, -0.23394329845905304, -0.09370825439691544, 0.9677237868309021),
            ["HumanoidRootPart"] = CFrame.new(0, 0, 0, 1, 0, 0, 0, 1, 0, 0, 0, 1),
            ["RightUpperLeg"] = CFrame.new(-0.00025835633277893066, 0.0013370823580771685, 0.0002522600698284805, 0.8991357684135437, -0.1416420340538025, -0.4141165018081665, 0.0279924925416708, 0.9628582000732422, -0.2685528099536896, 0.4367738962173462, 0.2298731654882431, 0.869705080986023),
            ["LeftUpperArm"] = CFrame.new(0.0003228187561035156, 0.01033782958984375, 0.0003418847918510437, -0.056570522487163544, 0.7711555361747742, -0.6341285705566406, -0.5912538766860962, 0.4859176576137543, 0.6436638236045837, 0.8044990301132202, 0.41134339570999146, 0.4284599721431732),
            ["RightLowerArm"] = CFrame.new(2.9802322387695312e-08, 0.00001138448715209961, -0.000031575560569763184, 1, -1.0430811414607888e-07, 1.0430809993522416e-07, 4.470347647611561e-08, 0.7670024633407593, -0.6416441202163696, 5.5879347371501353e-08, 0.6416441798210144, 0.7670024633407593),
            ["LeftHand"] = CFrame.new(-5.960464477539063e-08, 2.980232238769531e-07, -1.043081283569336e-07, 0.9602480530738831, 0.06192966550588608, 0.27219223976135254, -0.035895366221666336, 0.994378924369812, -0.09961070865392685, -0.2768309414386749, 0.08588025718927383, 0.9570732116699219),
            ["LeftFoot"] = CFrame.new(7.450580596923828e-09, -5.960464477539063e-08, -7.450580596923828e-09, 0.9704952836036682, -0.2411191314458847, 0.0006577223539352417, 0.24060660600662231, 0.9686028361320496, 0.06258606910705566, -0.015727873891592026, -0.06058123707771301, 0.9980393648147583),
            ["LowerTorso"] = CFrame.new(0.0011635671835392714, -0.13839328289031982, 0.003527960041537881, 0.9945200681686401, 0.04079224914312363, 0.09625887125730515, -0.033933449536561966, 0.996838390827179, -0.07184568047523499, -0.09888528287410736, 0.06818557530641556, 0.9927600026130676),
            ["RightLowerLeg"] = CFrame.new(2.2351741790771484e-08, -0.00002944469451904297, -0.000052062961913179606, 1, 7.823108916227284e-08, -1.1175873559921001e-08, -3.725290298461914e-08, 0.6849168539047241, 0.7286208271980286, 5.587935447692871e-09, -0.728621244430542, 0.6849173307418823),
            ["LeftUpperLeg"] = CFrame.new(0.0013846755027770996, 0.002486977493390441, 0.0008668228983879089, 0.7721148729324341, 0.4744965434074402, 0.4227195978164673, -0.18799865245819092, 0.8059730529785156, -0.561305582523346, -0.6070380210876465, 0.35392165184020996, 0.7115083932876587),
            ["LeftLowerLeg"] = CFrame.new(1.4901161193847656e-07, 0.00002962350845336914, 0.00005201995372772217, 1, 1.1920928955078125e-07, 5.960463766996327e-08, -4.470347647611561e-08, 0.3137850761413574, 0.9494940042495728, 6.70552182668871e-08, -0.9494941234588623, 0.3137851357460022),
        }},
        {Time = 0.067, Data = {
            ["RightFoot"] = CFrame.new(3.818422555923462e-08, 2.980232238769531e-07, 1.6596459317952394e-08, 0.9979810118675232, -0.06306251883506775, 0.0075646149925887585, 0.05936818569898605, 0.8838605880737305, -0.4639674723148346, 0.02257274091243744, 0.46347999572753906, 0.8858200311660767),
            ["LeftLowerArm"] = CFrame.new(-3.8743019104003906e-07, -0.000011205673217773438, 0.000031888484954833984, 0.999999463558197, 0.0009518413571640849, -0.0005673468695022166, -0.0003764481807593256, -0.18975181877613068, -0.9818320870399475, -0.0010426122462376952, 0.9818316102027893, -0.18975117802619934),
            ["RightUpperArm"] = CFrame.new(-5.960464477539063e-08, 0, 0, 0.7678877115249634, -0.25458845496177673, 0.5878205895423889, 0.1236690878868103, 0.959286630153656, 0.2539198100566864, -0.6285337209701538, -0.12228666245937347, 0.7681092619895935),
            ["Head"] = CFrame.new(0.000008373521268367767, 0.00026786327362060547, 0.000008849427103996277, 0.9972484111785889, 0.05947160720825195, 0.04425959289073944, -0.06455527245998383, 0.990173876285553, 0.12404977530241013, -0.03644735738635063, -0.12656565010547638, 0.991288423538208),
            ["RightHand"] = CFrame.new(0, -3.5762786865234375e-07, 8.940696716308594e-08, 0.9970859289169312, 0.05151170492172241, -0.05627069249749184, -0.049390316009521484, 0.9980389475822449, 0.038457754999399185, 0.058141451328992844, -0.03556622937321663, 0.9976745843887329),
            ["UpperTorso"] = CFrame.new(8.381903171539307e-09, -1.7881393432617188e-07, 2.561137080192566e-09, 0.9620338678359985, -0.08056477457284927, 0.260768860578537, 0.06435392051935196, 0.9954596757888794, 0.07013245671987534, -0.265235036611557, -0.05068829283118248, 0.9628505706787109),
            ["HumanoidRootPart"] = CFrame.new(0, 0, 0, 1, 0, 0, 0, 1, 0, 0, 0, 1),
            ["RightUpperLeg"] = CFrame.new(-0.00025832653045654297, 0.0013370916713029146, 0.00025223399279639125, 0.9268345832824707, -0.09243026375770569, -0.36391565203666687, -0.025058981031179428, 0.9518376588821411, -0.3055768609046936, 0.37463295459747314, 0.2923383414745331, 0.8798796534538269),
            ["LeftUpperArm"] = CFrame.new(0.0003230571746826172, 0.010338187217712402, 0.00034193694591522217, -0.04557443782687187, 0.7946527600288391, -0.6053510904312134, -0.6495534181594849, 0.4368136525154114, 0.6223134994506836, 0.758948802947998, 0.4215696156024933, 0.4962620735168457),
            ["RightLowerArm"] = CFrame.new(2.9802322387695312e-08, 0.000011622905731201172, -0.000031441450119018555, 1, -1.8626448650138627e-07, -3.3527619791584584e-08, 4.93601071127614e-08, 0.7881613969802856, -0.6154688596725464, -5.215407838932151e-08, 0.6154685616493225, 0.7881612181663513),
            ["LeftHand"] = CFrame.new(1.4901161193847656e-07, -1.7881393432617188e-07, -5.21540641784668e-08, 0.9528365135192871, 0.09054702520370483, 0.28966206312179565, -0.03906106576323509, 0.9831056594848633, -0.17882266640663147, -0.30095988512039185, 0.15907393395900726, 0.9402757883071899),
            ["LeftFoot"] = CFrame.new(8.195638656616211e-08, -1.1920928955078125e-07, -2.2351741790771484e-08, 0.947807788848877, -0.31612464785575867, -0.041542988270521164, 0.3171621263027191, 0.9214150905609131, 0.22450529038906097, -0.032693393528461456, -0.22596386075019836, 0.9735869765281677),
            ["LowerTorso"] = CFrame.new(0.00930853746831417, -0.1425926685333252, 0.013228382915258408, 0.9852914810180664, 0.03235071897506714, 0.16779179871082306, -0.02665114589035511, 0.998992383480072, -0.036110080778598785, -0.16879090666770935, 0.031107110902667046, 0.9851608872413635),
            ["RightLowerLeg"] = CFrame.new(2.2351741790771484e-08, -0.00002956390380859375, -0.000052100214816164225, 1, 1.4901162970204496e-08, 3.7252920748187535e-08, -2.607702853651972e-08, 0.6842879056930542, 0.7292116284370422, 2.607702853651972e-08, -0.7292119860649109, 0.6842882633209229),
            ["LeftUpperLeg"] = CFrame.new(0.0013846755027770996, 0.002486853627488017, 0.0008668489754199982, 0.8058267831802368, 0.47001704573631287, 0.3601766526699066, -0.14697705209255219, 0.7479762434959412, -0.6472477316856384, -0.5736209750175476, 0.46863168478012085, 0.6718208193778992),
            ["LeftLowerLeg"] = CFrame.new(-8.940696716308594e-08, 0.00002968311309814453, 0.00005201995372772217, 1, 5.2154071283894154e-08, 1.2665987014770508e-07, -8.940696716308594e-08, 0.07042098790407181, 0.9975174069404602, 7.450580596923828e-08, -0.997517466545105, 0.07042115926742554),
        }},
        {Time = 0.100, Data = {
            ["RightFoot"] = CFrame.new(-2.421438694000244e-08, 2.980232238769531e-07, 2.4047039914876223e-08, 0.9955180883407593, -0.09287399053573608, -0.01783790811896324, 0.07449544966220856, 0.8863056302070618, -0.45706966519355774, 0.058259718120098114, 0.45369255542755127, 0.8892520070075989),
            ["LeftLowerArm"] = CFrame.new(-2.086162567138672e-07, -0.000011742115020751953, 0.00003153085708618164, 0.9999994039535522, 0.0009567587403580546, -0.0005761944921687245, -0.0003745071589946747, -0.1988333761692047, -0.980033278465271, -0.0010522454977035522, 0.9800328612327576, -0.19883275032043457),
            ["RightUpperArm"] = CFrame.new(1.1920928955078125e-07, 4.76837158203125e-07, -7.450580596923828e-09, 0.8358097076416016, -0.21966521441936493, 0.5031593441963196, 0.07810420542955399, 0.9547219276428223, 0.28706395626068115, -0.5434353947639465, -0.2006320208311081, 0.815122663974762),
            ["Head"] = CFrame.new(0.000008370727300643921, 0.00026786327362060547, 0.000008866190910339355, 0.9935036301612854, 0.08965843915939331, -0.07008537650108337, -0.08025804907083511, 0.9886451363563538, 0.12704099714756012, 0.0806797668337822, -0.12059077620506287, 0.9894183874130249),
            ["RightHand"] = CFrame.new(0, 0, 1.043081283569336e-07, 0.9989171028137207, 0.044584572315216064, -0.01330416277050972, -0.04511549323797226, 0.99806809425354, -0.04271604120731354, 0.011374399065971375, 0.04327023774385452, 0.9989987015724182),
            ["UpperTorso"] = CFrame.new(7.450580596923828e-09, 0, 1.862645149230957e-09, 0.953157365322113, -0.0869978666305542, 0.2896939814090729, 0.07813015580177307, 0.996055543422699, 0.04205955192446709, -0.2922103703022003, -0.017455533146858215, 0.9561948180198669),
            ["HumanoidRootPart"] = CFrame.new(0, 0, 0, 1, 0, 0, 0, 1, 0, 0, 0, 1),
            ["RightUpperLeg"] = CFrame.new(-0.00025832653045654297, 0.0013372475514188409, 0.0002522246795706451, 0.9344804286956787, -0.05618048831820488, -0.35155409574508667, -0.07452673465013504, 0.9347222447395325, -0.3474770784378052, 0.3481267988681793, 0.3509105145931244, 0.8692925572395325),
            ["LeftUpperArm"] = CFrame.new(0.00032269954681396484, 0.01033782958984375, 0.00034184008836746216, 0.02665986679494381, 0.8287005424499512, -0.5590569972991943, -0.7342231273651123, 0.3957582116127014, 0.5516266226768494, 0.6783847212791443, 0.39576637744903564, 0.6190020442008972),
            ["RightLowerArm"] = CFrame.new(1.4901161193847656e-07, 0.000011026859283447266, -0.00003142654895782471, 1, -1.3783578367565497e-07, -7.636847243475131e-08, 1.266598843585598e-07, 0.8422614932060242, -0.5390692353248596, -8.940698137394065e-08, 0.5390692353248596, 0.8422614336013794),
            ["LeftHand"] = CFrame.new(-5.960464477539063e-08, 5.960464477539063e-08, -6.51925802230835e-08, 0.9430797100067139, 0.04324999824166298, 0.3297426402568817, 0.0363355427980423, 0.9721716642379761, -0.23143447935581207, -0.33057600259780884, 0.23024262487888336, 0.915263831615448),
            ["LeftFoot"] = CFrame.new(-4.470348358154297e-08, -5.960464477539063e-08, -3.725290298461914e-08, 0.9172911047935486, -0.3813515901565552, -0.11466600000858307, 0.39232295751571655, 0.8160767555236816, 0.4243833124637604, -0.0682629644870758, -0.43426910042762756, 0.8981929421424866),
            ["LowerTorso"] = CFrame.new(0.031416311860084534, -0.15399086475372314, 0.027776077389717102, 0.9645379185676575, 0.018207712098956108, 0.2633156180381775, -0.016443105414509773, 0.9998251795768738, -0.008903882466256618, -0.2634316682815552, 0.004258405417203903, 0.9646687507629395),
            ["RightLowerLeg"] = CFrame.new(-7.82310962677002e-08, -0.00002944469451904297, -0.00005208531365497038, 1, -2.2351741790771484e-08, 2.6077040971017595e-08, -4.842877388000488e-08, 0.6736594438552856, 0.7390416264533997, 2.60770320892334e-08, -0.7390419244766235, 0.6736598610877991),
            ["LeftUpperLeg"] = CFrame.new(0.0013846158981323242, 0.002486982848495245, 0.0008668359369039536, 0.8463581800460815, 0.4265015125274658, 0.31902095675468445, -0.10844334214925766, 0.7244167327880859, -0.6807793974876404, -0.5214574933052063, 0.5415874719619751, 0.6593672633171082),
            ["LeftLowerLeg"] = CFrame.new(-5.960464477539063e-08, 0.00002962350845336914, 0.000051937997341156006, 1, -1.4901154088420299e-08, 9.685759039257391e-08, -3.72529100900465e-08, -0.1487560123205185, 0.9888740181922913, -2.2351747119842003e-08, -0.9888738989830017, -0.1487559974193573),
        }},
        {Time = 0.133, Data = {
            ["RightFoot"] = CFrame.new(-1.3504177331924438e-08, 2.384185791015625e-07, -1.6931153368204832e-08, 0.988926887512207, -0.13886234164237976, -0.052353303879499435, 0.1023573949933052, 0.8936688303947449, -0.43689656257629395, 0.10745514184236526, 0.42670050263404846, 0.8979870080947876),
            ["LeftLowerArm"] = CFrame.new(-2.980232238769531e-07, -0.000011682510375976562, 0.00003173947334289551, 0.9999994039535522, 0.0009494090918451548, -0.0005623679026030004, -0.00037751352647319436, -0.18459807336330414, -0.9828140735626221, -0.0010366329224780202, 0.9828137159347534, -0.18459759652614594),
            ["RightUpperArm"] = CFrame.new(0, -2.384185791015625e-07, 4.470348358154297e-08, 0.885749340057373, -0.1753634512424469, 0.4297625422477722, 0.05298817902803421, 0.958034336566925, 0.28171342611312866, -0.4611295461654663, -0.22675520181655884, 0.8578703999519348),
            ["Head"] = CFrame.new(0.000008385628461837769, 0.00026726722717285156, 0.000008847564458847046, 0.9778195023536682, 0.11428816616535187, -0.17552025616168976, -0.09613044559955597, 0.9894149899482727, 0.10870639979839325, 0.18608632683753967, -0.08942237496376038, 0.9784557819366455),
            ["RightHand"] = CFrame.new(2.384185791015625e-07, 1.1920928955078125e-07, 1.4901161193847656e-08, 0.9983993768692017, 0.05550441890954971, 0.010859491303563118, -0.053698260337114334, 0.9905703663825989, -0.1260432004928589, -0.01775328814983368, 0.12525823712348938, 0.9919653534889221),
            ["UpperTorso"] = CFrame.new(0, -1.1920928955078125e-07, 1.3969838619232178e-09, 0.9522629976272583, -0.09181729704141617, 0.2911442220211029, 0.08559606224298477, 0.9957475662231445, 0.03406175225973129, -0.29303354024887085, -0.007514954544603825, 0.9560726881027222),
            ["HumanoidRootPart"] = CFrame.new(0, 0, 0, 1, 0, 0, 0, 1, 0, 0, 0, 1),
            ["RightUpperLeg"] = CFrame.new(-0.00025835633277893066, 0.0013370441738516092, 0.00025223841657862067, 0.9282137155532837, -0.024458512663841248, -0.3712427020072937, -0.13680484890937805, 0.9054916501045227, -0.40170806646347046, 0.34598231315612793, 0.42365869879722595, 0.83714359998703),
            ["LeftUpperArm"] = CFrame.new(0.000322878360748291, 0.010337471961975098, 0.00034189969301223755, 0.1890566051006317, 0.8587357401847839, -0.4762672781944275, -0.815879762172699, 0.40726640820503235, 0.41045626997947693, 0.5464410781860352, 0.31097736954689026, 0.7776213884353638),
            ["RightLowerArm"] = CFrame.new(0, 0.000011026859283447266, -0.000031620264053344727, 1, -1.1175872671742582e-08, 5.681067705154419e-08, 5.2154071283894154e-08, 0.9100908041000366, -0.4144090712070465, 1.1175872671742582e-08, 0.4144090712070465, 0.9100908041000366),
            ["LeftHand"] = CFrame.new(-1.1920928955078125e-07, 0, -1.755543053150177e-07, 0.9255945086479187, -0.07726792246103287, 0.37054648995399475, 0.17646509408950806, 0.9541364908218384, -0.24183456599712372, -0.3348654806613922, 0.28922900557518005, 0.8967783451080322),
            ["LeftFoot"] = CFrame.new(-7.450580596923828e-09, 0, -1.1175870895385742e-07, 0.897478461265564, -0.40261274576187134, -0.18009799718856812, 0.4305197596549988, 0.7109452486038208, 0.5560659170150757, -0.09583928436040878, -0.5765933394432068, 0.8113910555839539),
            ["LowerTorso"] = CFrame.new(0.07222484797239304, -0.17520999908447266, 0.0458148829638958, 0.9310336112976074, 0.0020645903423428535, 0.3649276793003082, -0.0029984787106513977, 0.9999935030937195, 0.0019924703519791365, -0.3649211525917053, -0.0029492846224457026, 0.9310338497161865),
            ["RightLowerLeg"] = CFrame.new(-7.264316082000732e-08, -0.000029385089874267578, -0.00005214864359004423, 1, 2.3283066585833012e-09, -5.215407838932151e-08, 3.259628567064965e-09, 0.6523870229721069, 0.7578855752944946, -4.470347647611561e-08, -0.7578860521316528, 0.6523875594139099),
            ["LeftUpperLeg"] = CFrame.new(0.001384735107421875, 0.002486651996150613, 0.0008668859954923391, 0.8826593160629272, 0.35489127039909363, 0.3081635534763336, -0.08975430577993393, 0.7708521485328674, -0.6306593418121338, -0.46136394143104553, 0.5289982557296753, 0.7122528553009033),
            ["LeftLowerLeg"] = CFrame.new(5.21540641784668e-08, 0.000029981136322021484, 0.00005214288830757141, 1, -3.7252889661942845e-09, 9.685756907629184e-08, -1.0430811414607888e-07, -0.24369536340236664, 0.9698519706726074, 1.1920927533992653e-07, -0.9698517918586731, -0.2436952292919159),
        }},
        {Time = 0.167, Data = {
            ["RightFoot"] = CFrame.new(2.2351741790771484e-08, 2.384185791015625e-07, 1.5665136743336916e-08, 0.9777029156684875, -0.1907978057861328, -0.08771055936813354, 0.14077365398406982, 0.9054469466209412, -0.4004347622394562, 0.15581971406936646, 0.3791598379611969, 0.9121177792549133),
            ["LeftLowerArm"] = CFrame.new(-1.043081283569336e-07, -0.00001138448715209961, 0.00003170967102050781, 0.999999463558197, 0.0009404065785929561, -0.0005464265123009682, -0.0003809284826274961, -0.16778041422367096, -0.9858244061470032, -0.0010187659645453095, 0.9858239889144897, -0.16777946054935455),
            ["RightUpperArm"] = CFrame.new(1.1920928955078125e-07, -1.1920928955078125e-07, 4.470348358154297e-08, 0.9109441637992859, -0.14869184792041779, 0.38480088114738464, 0.049618471413850784, 0.9655032753944397, 0.25561997294425964, -0.40953493118286133, -0.2137623429298401, 0.8868973851203918),
            ["Head"] = CFrame.new(0.000008363276720046997, 0.0002677440643310547, 0.000008860602974891663, 0.9641599059104919, 0.11595194041728973, -0.23864369094371796, -0.10542446374893188, 0.9928233027458191, 0.05645958334207535, 0.24347762763500214, -0.029277190566062927, 0.9694645404815674),
            ["RightHand"] = CFrame.new(-2.9802322387695312e-08, 2.980232238769531e-07, 4.470348358154297e-08, 0.9969275593757629, 0.07467082887887955, 0.023659229278564453, -0.06891374289989471, 0.9797044396400452, -0.18822862207889557, -0.037234243005514145, 0.18602024018764496, 0.981840193271637),
            ["UpperTorso"] = CFrame.new(5.587935447692871e-09, 8.940696716308594e-08, 1.862645149230957e-09, 0.9635562300682068, -0.09480530768632889, 0.25014278292655945, 0.08645031601190567, 0.9952749609947205, 0.0442051999270916, -0.25315162539482117, -0.02096927911043167, 0.9671993851661682),
            ["HumanoidRootPart"] = CFrame.new(0, 0, 0, 1, 0, 0, 0, 1, 0, 0, 0, 1),
            ["RightUpperLeg"] = CFrame.new(-0.00025838613510131836, 0.0013370568631216884, 0.0002522665890865028, 0.9103373289108276, -0.009749392978847027, -0.41375234723091125, -0.20218443870544434, 0.8618314266204834, -0.4651539921760559, 0.3611195981502533, 0.5071011781692505, 0.7825860381126404),
            ["LeftUpperArm"] = CFrame.new(0.0003228187561035156, 0.0103379487991333, 0.0003418475389480591, 0.3945721685886383, 0.8635832667350769, -0.3139059543609619, -0.8502235412597656, 0.47268912196159363, 0.2316998988389969, 0.34847214818000793, 0.17546789348125458, 0.920748770236969),
            ["RightLowerArm"] = CFrame.new(5.960464477539063e-08, 0.00001049041748046875, -0.00003178417682647705, 1, -7.450577754752885e-08, -2.7008354663848877e-08, 5.587933316064664e-08, 0.9569987058639526, -0.2900925278663635, -7.450577932388569e-09, 0.290092408657074, 0.9569986462593079),
            ["LeftHand"] = CFrame.new(1.7881393432617188e-07, -1.7881393432617188e-07, -2.5331974029541016e-07, 0.8946719169616699, -0.2226181924343109, 0.387302041053772, 0.323421448469162, 0.9208458662033081, -0.21781182289123535, -0.3081570565700531, 0.3201315402984619, 0.8958544731140137),
            ["LeftFoot"] = CFrame.new(5.21540641784668e-08, 0, 6.984919309616089e-08, 0.9014882445335388, -0.381862610578537, -0.20371480286121368, 0.4269718527793884, 0.7076583504676819, 0.562951922416687, -0.07080981880426407, -0.5944751501083374, 0.8009903430938721),
            ["LowerTorso"] = CFrame.new(0.12736521661281586, -0.20367956161499023, 0.06586470454931259, 0.8863117098808289, -0.012010375037789345, 0.46293333172798157, 0.009206384420394897, 0.999923050403595, 0.008315936662256718, -0.46299758553504944, -0.003108569886535406, 0.8863540887832642),
            ["RightLowerLeg"] = CFrame.new(1.862645149230957e-08, -0.000029325485229492188, -0.00005209314258536324, 1, -7.4505797087454084e-09, -1.4901171851988693e-08, -3.352762334429826e-08, 0.6316818594932556, 0.7752272486686707, 1.8859289241390798e-08, -0.7752277851104736, 0.6316825151443481),
            ["LeftUpperLeg"] = CFrame.new(0.0013846755027770996, 0.0024868971668183804, 0.000866815447807312, 0.9107608199119568, 0.28598180413246155, 0.2978745698928833, -0.09585060924291611, 0.8480695486068726, -0.5211437940597534, -0.4016558825969696, 0.4460858106613159, 0.7997999787330627),
            ["LeftLowerLeg"] = CFrame.new(-1.564621925354004e-07, 0.000029742717742919922, 0.000052053481340408325, 1, 0, 1.49011640360186e-07, -9.685756197086448e-08, -0.22512388229370117, 0.9743301868438721, 1.303851746570217e-07, -0.9743301868438721, -0.22512374818325043),
        }},
        {Time = 0.200, Data = {
            ["RightFoot"] = CFrame.new(1.4901161193847656e-08, 1.1920928955078125e-07, 1.6596459317952394e-08, 0.9638689160346985, -0.23934796452522278, -0.11691563576459885, 0.18413053452968597, 0.915827214717865, -0.3568696677684784, 0.1924905776977539, 0.32244881987571716, 0.9268089532852173),
            ["LeftLowerArm"] = CFrame.new(2.086162567138672e-07, -0.000011324882507324219, 0.0000317692756652832, 0.9999995231628418, 0.0009086058707907796, -0.0004941376973874867, -0.0003892183885909617, -0.1119924932718277, -0.9937089681625366, -0.0009581447811797261, 0.9937087297439575, -0.1119922399520874),
            ["RightUpperArm"] = CFrame.new(0, 1.1920928955078125e-07, -1.1920928955078125e-07, 0.9209963083267212, -0.1482311338186264, 0.360268771648407, 0.059347011148929596, 0.9673733115196228, 0.24630644917488098, -0.3850246071815491, -0.2054663747549057, 0.8997442126274109),
            ["Head"] = CFrame.new(0.000008374452590942383, 0.00026810169219970703, 0.00000885501503944397, 0.9591328501701355, 0.10345321893692017, -0.26336613297462463, -0.11069228500127792, 0.9937729239463806, -0.01275632344186306, 0.26040640473365784, 0.04138759896159172, 0.9646115899085999),
            ["RightHand"] = CFrame.new(-2.086162567138672e-07, 2.980232238769531e-07, -1.1920928955078125e-07, 0.9954855442047119, 0.09013182669878006, 0.029745060950517654, -0.08120325207710266, 0.9710332155227661, -0.22472378611564636, -0.04913812875747681, 0.2212936282157898, 0.9739684462547302),
            ["UpperTorso"] = CFrame.new(-1.1175870895385742e-08, 5.960464477539063e-08, -5.587935447692871e-09, 0.9784486293792725, -0.09520363807678223, 0.18323390185832977, 0.0828627198934555, 0.9938184022903442, 0.0738847404718399, -0.1891353279352188, -0.05710916966199875, 0.9802889823913574),
            ["HumanoidRootPart"] = CFrame.new(0, 0, 0, 1, 0, 0, 0, 1, 0, 0, 0, 1),
            ["RightUpperLeg"] = CFrame.new(-0.00025832653045654297, 0.0013367625651881099, 0.0002521892893128097, 0.8848870992660522, -0.01813100092113018, -0.46545249223709106, -0.25756675004959106, 0.813538134098053, -0.5213589072227478, 0.38811615109443665, 0.5812288522720337, 0.7152195572853088),
            ["LeftUpperArm"] = CFrame.new(0.0003229379653930664, 0.0103379487991333, 0.00034186244010925293, 0.5585116744041443, 0.8225115537643433, -0.10742093622684479, -0.8201841711997986, 0.5669418573379517, 0.0766492411494255, 0.12394621223211288, 0.04529547691345215, 0.9912546873092651),
            ["RightLowerArm"] = CFrame.new(-5.960464477539063e-08, 0.00001138448715209961, -0.00003167986869812012, 1, -1.862645326866641e-08, -1.0058282384761696e-07, 1.1175870895385742e-07, 0.9750664234161377, -0.2219131737947464, -6.705522537231445e-08, 0.22191350162029266, 0.9750664234161377),
            ["LeftHand"] = CFrame.new(3.5762786865234375e-07, -1.1920928955078125e-07, 8.940696716308594e-08, 0.8645609021186829, -0.33127790689468384, 0.3778744041919708, 0.4329254627227783, 0.8728122711181641, -0.2253313809633255, -0.2551664113998413, 0.3584045171737671, 0.8980183005332947),
            ["LeftFoot"] = CFrame.new(5.960464477539063e-08, -5.960464477539063e-08, -4.470348358154297e-08, 0.9287770986557007, -0.31740185618400574, -0.1913866549730301, 0.3702326714992523, 0.8186631798744202, 0.4389970302581787, 0.017342573031783104, -0.4785883128643036, 0.8778682947158813),
            ["LowerTorso"] = CFrame.new(0.19015857577323914, -0.23521006107330322, 0.08641448616981506, 0.834632158279419, -0.01927836984395981, 0.550470232963562, 0.015607074834406376, 0.9998138546943665, 0.011351403780281544, -0.5505865216255188, -0.0008830167353153229, 0.8347775936126709),
            ["RightLowerLeg"] = CFrame.new(3.725290298461914e-08, -0.000029265880584716797, -0.00005204573244554922, 1, 5.960465898624534e-08, 6.705525379402388e-08, -1.4901162970204496e-08, 0.6183096766471863, 0.7859340310096741, 2.421439049271612e-08, -0.7859346270561218, 0.6183103919029236),
            ["LeftUpperLeg"] = CFrame.new(0.0013846755027770996, 0.002486864570528269, 0.0008668042719364166, 0.9284016489982605, 0.24987271428108215, 0.27501681447029114, -0.13109645247459412, 0.9128015637397766, -0.38679057359695435, -0.34768399596214294, 0.32304346561431885, 0.8802038431167603),
            ["LeftLowerLeg"] = CFrame.new(0, 0.00002968311309814453, 0.00005225837230682373, 1, -8.56816981809061e-08, 1.0058283805847168e-07, -3.72529100900465e-08, -0.1489044427871704, 0.9888516068458557, 1.49011640360186e-07, -0.9888516068458557, -0.1489047110080719),
        }},
        {Time = 0.233, Data = {
            ["RightFoot"] = CFrame.new(4.470348358154297e-08, 2.384185791015625e-07, 5.757465260103345e-08, 0.9504032731056213, -0.2805173099040985, -0.13432736694812775, 0.22544506192207336, 0.9188719987869263, -0.32380276918411255, 0.21426182985305786, 0.2774605453014374, 0.936540424823761),
            ["LeftLowerArm"] = CFrame.new(-4.470348358154297e-07, -0.00001150369644165039, 0.000031620264053344727, 0.9999996423721313, 0.000835612416267395, -0.0003942549810744822, -0.00039614737033843994, 0.0021096020936965942, -0.9999976754188538, -0.0008347257971763611, 0.9999974966049194, 0.002110369736328721),
            ["RightUpperArm"] = CFrame.new(-5.960464477539063e-08, 2.384185791015625e-07, -5.960464477539063e-08, 0.9230883121490479, -0.1664040982723236, 0.3467242419719696, 0.0760950893163681, 0.9627497792243958, 0.25946569442749023, -0.37698468565940857, -0.21312573552131653, 0.9013656377792358),
            ["Head"] = CFrame.new(0.000008355127647519112, 0.0002677440643310547, 0.000008768169209361076, 0.9627756476402283, 0.09284722059965134, -0.2538551688194275, -0.11419376730918884, 0.9909427165985107, -0.07065725326538086, 0.24499551951885223, 0.09701576828956604, 0.9646580219268799),
            ["RightHand"] = CFrame.new(0, -5.960464477539063e-08, -8.940696716308594e-08, 0.9944142699241638, 0.09993952512741089, 0.033945489674806595, -0.08853310346603394, 0.9648990035057068, -0.24724823236465454, -0.05746397376060486, 0.24286210536956787, 0.9683574438095093),
            ["UpperTorso"] = CFrame.new(2.9802322387695312e-08, -2.9802322387695312e-08, 1.862645149230957e-08, 0.9897546768188477, -0.09197571128606796, 0.10920754075050354, 0.07974512130022049, 0.9905571937561035, 0.11152249574661255, -0.1184336394071579, -0.10167112201452255, 0.9877431392669678),
            ["HumanoidRootPart"] = CFrame.new(0, 0, 0, 1, 0, 0, 0, 1, 0, 0, 0, 1),
            ["RightUpperLeg"] = CFrame.new(-0.0002582669258117676, 0.0013369296211749315, 0.0002522433060221374, 0.8563374876976013, -0.0425533689558506, -0.5146603584289551, -0.29947003722190857, 0.7709973454475403, -0.56203293800354, 0.4207182228565216, 0.6354151368141174, 0.6474904417991638),
            ["LeftUpperArm"] = CFrame.new(0.00032263994216918945, 0.010338425636291504, 0.00034183263778686523, 0.643909752368927, 0.7605986595153809, 0.08288431167602539, -0.7612268328666687, 0.6477673053741455, -0.030519746243953705, -0.07690294086933136, -0.04344161972403526, 0.9960917234420776),
            ["RightLowerArm"] = CFrame.new(0, 0.000011205673217773438, -0.00003159046173095703, 1, -5.587934559514451e-09, 1.0430811414607888e-07, 9.313227167240257e-08, 0.9777240753173828, -0.20989438891410828, -4.842878098543224e-08, 0.2098942995071411, 0.9777240753173828),
            ["LeftHand"] = CFrame.new(1.7881393432617188e-07, 2.384185791015625e-07, -2.980232238769531e-07, 0.8436155319213867, -0.38979631662368774, 0.3692854642868042, 0.500543475151062, 0.8198239207267761, -0.27810975909233093, -0.19434311985969543, 0.41946104168891907, 0.8867260813713074),
            ["LeftFoot"] = CFrame.new(-8.940696716308594e-08, -5.960464477539063e-08, -6.05359673500061e-08, 0.9582451581954956, -0.2226480394601822, -0.17942672967910767, 0.26308348774909973, 0.932323694229126, 0.24811267852783203, 0.1120418831706047, -0.2849571406841278, 0.9519696235656738),
            ["LowerTorso"] = CFrame.new(0.2535899877548218, -0.2656121253967285, 0.10641784220933914, 0.7824326157569885, -0.020649446174502373, 0.6223928332328796, 0.015273834578692913, 0.9997857809066772, 0.013969114981591702, -0.6225479245185852, -0.0014235650887712836, 0.7825803756713867),
            ["RightLowerLeg"] = CFrame.new(5.960464477539063e-08, -0.000029265880584716797, -0.000052104405767749995, 1, 7.450577044210149e-09, 1.2665992699112394e-07, -3.725290653733282e-08, 0.608105480670929, 0.7938559055328369, 9.685756197086448e-08, -0.7938562035560608, 0.6081060171127319),
            ["LeftUpperLeg"] = CFrame.new(0.0013847649097442627, 0.00248690671287477, 0.0008667875081300735, 0.9355103969573975, 0.24364133179187775, 0.25585007667541504, -0.18018853664398193, 0.951943039894104, -0.2476622611284256, -0.3038952946662903, 0.18558941781520844, 0.9344539046287537),
            ["LeftLowerLeg"] = CFrame.new(8.940696716308594e-08, 0.000029981136322021484, 0.000052094459533691406, 1, -5.587935447692871e-08, 5.122273449842396e-08, -8.055943112594832e-08, -0.013559658080339432, 0.9999080896377563, 1.7508870087112882e-07, -0.9999080896377563, -0.013559804297983646),
        }},
        {Time = 0.267, Data = {
            ["RightFoot"] = CFrame.new(-1.4901161193847656e-08, 2.980232238769531e-07, 1.287116901949048e-08, 0.9393647909164429, -0.31204479932785034, -0.14220404624938965, 0.2526351809501648, 0.910149097442627, -0.3283349871635437, 0.23188211023807526, 0.2725010812282562, 0.9337956309318542),
            ["LeftLowerArm"] = CFrame.new(3.2782554626464844e-07, -0.000011682510375976562, 0.00003170222043991089, 0.9999998211860657, 0.000676378549542278, -0.00023721158504486084, -0.00037255889037624, 0.2076636701822281, -0.9782002568244934, -0.0006121844635345042, 0.9782000780105591, 0.20766369998455048),
            ["RightUpperArm"] = CFrame.new(1.1920928955078125e-07, 4.76837158203125e-07, -2.9802322387695312e-08, 0.9223049283027649, -0.18717606365680695, 0.3381108045578003, 0.09099342674016953, 0.9554648399353027, 0.28072601556777954, -0.3755981922149658, -0.22814911603927612, 0.8982616066932678),
            ["Head"] = CFrame.new(0.000008373521268367767, 0.0002677440643310547, 0.00000884663313627243, 0.9722022414207458, 0.08654508739709854, -0.21756117045879364, -0.11208923161029816, 0.9878188371658325, -0.10793528705835342, 0.2055697739124298, 0.1293211579322815, 0.9700604677200317),
            ["RightHand"] = CFrame.new(-1.7881393432617188e-07, -1.1920928955078125e-07, 1.1920928955078125e-07, 0.9942803978919983, 0.09880676120519638, 0.04054427519440651, -0.0866863876581192, 0.968353271484375, -0.23404642939567566, -0.06238648295402527, 0.2291928380727768, 0.9713796973228455),
            ["UpperTorso"] = CFrame.new(-1.4901161193847656e-08, 0, 3.725290298461914e-09, 0.9936100840568542, -0.10373576730489731, 0.04447571560740471, 0.09607221186161041, 0.9841407537460327, 0.14912159740924835, -0.05923958867788315, -0.14389586448669434, 0.98781818151474),
            ["HumanoidRootPart"] = CFrame.new(0, 0, 0, 1, 0, 0, 0, 1, 0, 0, 0, 1),
            ["RightUpperLeg"] = CFrame.new(-0.00025841593742370605, 0.001336908433586359, 0.00025226379511877894, 0.8343278169631958, -0.09168843924999237, -0.5435903668403625, -0.3128204941749573, 0.7331907153129578, -0.6038002967834473, 0.453916996717453, 0.6738135814666748, 0.5830392241477966),
            ["LeftUpperArm"] = CFrame.new(0.0003228187561035156, 0.010338068008422852, 0.00034174323081970215, 0.6691294312477112, 0.7175717949867249, 0.19327858090400696, -0.7095971703529358, 0.6941969394683838, -0.12067525833845139, -0.22076651453971863, -0.05640263855457306, 0.9736945033073425),
            ["RightLowerArm"] = CFrame.new(0, 0.000010848045349121094, -0.00003160536289215088, 1, -1.0617075929530984e-07, 5.7742006731587026e-08, -2.9802315282267955e-08, 0.9647138714790344, -0.263300359249115, 0, 0.2633005678653717, 0.964713990688324),
            ["LeftHand"] = CFrame.new(-5.960464477539063e-08, -2.384185791015625e-07, -1.1920928955078125e-07, 0.8351472616195679, -0.40995800495147705, 0.3666934072971344, 0.532646119594574, 0.769070565700531, -0.3532963693141937, -0.1371762901544571, 0.4903724193572998, 0.8606496453285217),
            ["LeftFoot"] = CFrame.new(1.043081283569336e-07, 5.960464477539063e-08, 1.0803341865539551e-07, 0.972598135471344, -0.13385574519634247, -0.19009366631507874, 0.14376947283744812, 0.9888309240341187, 0.03929201140999794, 0.18271079659461975, -0.06554484367370605, 0.9809794425964355),
