return {
    ["Tragedy"] = {
        {Time = 0.000, Data = {
            ["RightFoot"] = CFrame.new(8.940696716308594e-08, -1.7881393432617188e-07, -4.300818545743823e-08, 0.9557299613952637, 0.29332077503204346, -0.023307543247938156, -0.2676491439342499, 0.8337023854255676, -0.4830160140991211, -0.12224707752466202, 0.4678710401058197, 0.8753012418746948),
            ["LeftLowerArm"] = CFrame.new(0.0000012516975402832031, -7.748603820800781e-07, 0.0000045299530029296875, 1, 1.1920931797249068e-07, 1.341104507446289e-07, -9.499491682163352e-08, 0.9375582933425903, -0.3478284776210785, -9.685756197086448e-08, 0.34782853722572327, 0.9375582337379456),
            ["RightUpperArm"] = CFrame.new(-0.034492313861846924, 0.0006229877471923828, -0.09774522483348846, 0.9477589726448059, -0.24619777500629425, -0.20282942056655884, 0.28166118264198303, 0.9443648457527161, 0.16982941329479218, 0.14973339438438416, -0.2180866003036499, 0.9643744826316833),
            ["Head"] = CFrame.new(-2.7939677238464355e-09, -5.960464477539062e-07, 1.5832483768463135e-08, 0.9266389012336731, -0.04714583232998848, 0.3729846775531769, 0.022367097437381744, 0.9972619414329529, 0.07048667222261429, -0.37528684735298157, -0.056973159313201904, 0.9251562356948853),
            ["RightHand"] = CFrame.new(3.2782554626464844e-07, 0.0000010132789611816406, -7.152557373046875e-07, 0.9831571578979492, -0.030906926840543747, 0.180129736661911, 0.05818108469247818, 0.9872504472732544, -0.14816094934940338, -0.17325417697429657, 0.15614576637744904, 0.9724205136299133),
            ["UpperTorso"] = CFrame.new(5.587935447692871e-09, 2.9802322387695312e-08, 3.725290298461914e-09, 0.9931029081344604, 0.008328704163432121, -0.11695041507482529, 0.0045898654498159885, 0.9939475059509277, 0.10976002365350723, 0.11715687811374664, -0.10953985154628754, 0.9870538711547852),
            ["HumanoidRootPart"] = CFrame.new(0, 0, 0, 1, 0, 0, 0, 1, 0, 0, 0, 1),
            ["RightUpperLeg"] = CFrame.new(0, -2.8172507882118225e-07, 5.75528247281909e-09, 0.849280595779419, -0.3610619604587555, -0.38517099618911743, 0.3055817484855652, 0.9311268925666809, -0.19905421137809753, 0.4305139183998108, 0.05135161057114601, 0.9011219143867493),
            ["LeftUpperArm"] = CFrame.new(0.026511311531066895, 0.007221341133117676, -0.09829205274581909, 0.9058205485343933, 0.41545048356056213, -0.08300655335187912, -0.4078653156757355, 0.9081470966339111, 0.09441781044006348, 0.1146080419421196, -0.051670096814632416, 0.9920661449432373),
            ["RightLowerArm"] = CFrame.new(4.470348358154297e-07, 7.152557373046875e-07, -0.000003874301910400391, 1, -0.000019263476133346558, 0.000002492219437044696, 0.000018961727619171143, 0.9388803243637085, -0.34424376487731934, 0.000004298985004425049, 0.34424370527267456, 0.9388803839683533),
            ["LeftHand"] = CFrame.new(-0.000001430511474609375, -0.0000013113021850585938, 2.7567148208618164e-07, 0.962232232093811, -0.04980474337935448, -0.2676350772380829, 0.03738924860954285, 0.9979836940765381, -0.051291193813085556, 0.2696502208709717, 0.03934745118021965, 0.9621542096138),
            ["LeftFoot"] = CFrame.new(-6.332993507385254e-08, -2.980232238769531e-07, -1.30385160446167e-08, 0.9805842638015747, -0.1922321766614914, 0.03874633461236954, 0.19424757361412048, 0.9792620539665222, -0.05756643787026405, -0.02687675878405571, 0.06397528201341629, 0.9975895881652832),
            ["LowerTorso"] = CFrame.new(-0.07075637578964233, -0.2185356616973877, 0.193728506565094, 0.9643256664276123, -0.014697873033583164, -0.26431041955947876, 0.003382900031283498, 0.9990601539611816, -0.04321374371647835, 0.2646971344947815, 0.040777985006570816, 0.9634691476821899),
            ["RightLowerLeg"] = CFrame.new(-7.450580596923828e-08, -0.0007262229919433594, 0.00004610588803188875, 1, 1.415610881849716e-07, -5.960465898624534e-08, -8.149071817342701e-08, 0.7209208011627197, 0.6930172443389893, 5.215405707303944e-08, -0.6930174231529236, 0.7209210991859436),
            ["LeftUpperLeg"] = CFrame.new(0, -5.587935447692871e-08, -5.21540641784668e-08, 0.9635128378868103, 0.26695168018341064, 0.01948867179453373, -0.20473532378673553, 0.7819375991821289, -0.5887759327888489, -0.17241352796554565, 0.5633031129837036, 0.8080613017082214),
            ["LeftLowerLeg"] = CFrame.new(7.82310962677002e-08, -0.0007265210151672363, 0.00008102506399154663, 1, 9.965152969471092e-08, 1.3969838619232178e-08, -3.3527616238870905e-08, 0.727973997592926, 0.6856046319007874, 2.2351745343485163e-08, -0.6856046915054321, 0.7279741168022156),
        }},
        {Time = 0.033, Data = {
            ["RightFoot"] = CFrame.new(1.9371509552001953e-07, 0, -2.8107024263590574e-08, 0.9563911557197571, 0.2908211946487427, -0.027184294536709785, -0.2621091902256012, 0.8134322762489319, -0.5192559361457825, -0.12889806926250458, 0.5037370324134827, 0.8541864156723022),
            ["LeftLowerArm"] = CFrame.new(7.748603820800781e-07, -5.960464477539063e-08, 0.00000476837158203125, 1, 1.0430811414607888e-07, 1.0430814256778831e-07, -1.0337681999317283e-07, 0.9418812990188599, -0.33594590425491333, -1.4156104555240745e-07, 0.3359457850456238, 0.9418813586235046),
            ["RightUpperArm"] = CFrame.new(-0.03495973348617554, 0.000011920928955078125, -0.10683906078338623, 0.9366065263748169, -0.27595633268356323, -0.21590834856033325, 0.31151247024536133, 0.9379134774208069, 0.1525719314813614, 0.1604001820087433, -0.21015799045562744, 0.9644197821617126),
            ["Head"] = CFrame.new(7.450580596923828e-09, -4.76837158203125e-07, 1.3969838619232178e-08, 0.9315346479415894, -0.017260070890188217, 0.3632429242134094, 0.021616533398628235, 0.9997348785400391, -0.007931597530841827, -0.36300963163375854, 0.015240548178553581, 0.9316607713699341),
            ["RightHand"] = CFrame.new(3.2782554626464844e-07, 0.0000013113021850585938, -9.5367431640625e-07, 0.9702299237251282, -0.003954991232603788, 0.24215328693389893, 0.043994639068841934, 0.9861090183258057, -0.16016711294651031, -0.23815637826919556, 0.16605252027511597, 0.9569265246391296),
            ["UpperTorso"] = CFrame.new(-1.862645149230957e-08, -2.086162567138672e-07, -1.6763806343078613e-08, 0.9965020418167114, -0.013422228395938873, -0.08248394727706909, 0.023697832599282265, 0.9918872714042664, 0.12489224225282669, 0.08013840019702911, -0.1264100819826126, 0.9887357950210571),
            ["HumanoidRootPart"] = CFrame.new(0, 0, 0, 1, 0, 0, 0, 1, 0, 0, 0, 1),
            ["RightUpperLeg"] = CFrame.new(2.9802322387695312e-08, -5.133915692567825e-08, 5.75528247281909e-09, 0.8445598483085632, -0.3981659710407257, -0.35802599787712097, 0.3145895302295685, 0.9100298285484314, -0.26996150612831116, 0.43330371379852295, 0.11536726355552673, 0.8938334584236145),
            ["LeftUpperArm"] = CFrame.new(0.02606368064880371, 0.008968830108642578, -0.10761195421218872, 0.9023489952087402, 0.41930341720581055, -0.09975572675466537, -0.41012871265411377, 0.9064865708351135, 0.1003812775015831, 0.13251736760139465, -0.04966621845960617, 0.9899356365203857),
            ["RightLowerArm"] = CFrame.new(3.5762786865234375e-07, 4.172325134277344e-07, -0.000003933906555175781, 1, -0.000018848106265068054, 0.000004693865321314661, 0.000018984081179951318, 0.8938543796539307, -0.44835740327835083, 0.0000042989854591724, 0.4483574330806732, 0.8938543200492859),
            ["LeftHand"] = CFrame.new(-0.0000016689300537109375, -0.0000014901161193847656, 2.4586915969848633e-07, 0.9448680877685547, 0.0027689936105161905, -0.32743948698043823, -0.03238203004002571, 0.9958528280258179, -0.08502116054296494, 0.32584628462791443, 0.0909370705485344, 0.9410393238067627),
            ["LeftFoot"] = CFrame.new(-2.9802322387695312e-08, 0, 1.862645149230957e-08, 0.9811647534370422, -0.19131501019001007, 0.02672911062836647, 0.1919233202934265, 0.9811542630195618, -0.022399989888072014, -0.021939866244792938, 0.027108123525977135, 0.9993917942047119),
            ["LowerTorso"] = CFrame.new(-0.07534544169902802, -0.24465763568878174, 0.22080186009407043, 0.9657617211341858, 0.0017832291778177023, -0.2594248950481415, -0.012334729544818401, 0.9991611838340759, -0.03905050829052925, 0.25913766026496887, 0.0409134179353714, 0.9649735689163208),
            ["RightLowerLeg"] = CFrame.new(-5.960464477539063e-08, -0.0007265806198120117, 0.00004610588803188875, 1, 1.0430816388407038e-07, 0, -2.2351745343485163e-08, 0.6412709951400757, 0.7673144936561584, 8.195639367158947e-08, -0.7673145532608032, 0.64127117395401),
            ["LeftUpperLeg"] = CFrame.new(0, -1.6007106751203537e-08, -3.725290298461914e-08, 0.9665592312812805, 0.25609174370765686, 0.013431098312139511, -0.1892734318971634, 0.7477476596832275, -0.6364346146583557, -0.17302878201007843, 0.6126095652580261, 0.771213710308075),
            ["LeftLowerLeg"] = CFrame.new(-1.1920928955078125e-07, -0.0007266998291015625, 0.00008083134889602661, 1, 6.193295831735668e-08, 1.3969840395589017e-08, -8.195637946073475e-08, 0.6867074966430664, 0.7269336581230164, 2.607702853651972e-08, -0.7269338965415955, 0.6867076754570007),
        }},
        {Time = 0.067, Data = {
            ["RightFoot"] = CFrame.new(1.6391277313232422e-07, 0, 6.129994289949536e-08, 0.9621338248252869, 0.2693570852279663, -0.04177641123533249, -0.24883638322353363, 0.8053963780403137, -0.537975013256073, -0.11126081645488739, 0.5279994606971741, 0.8419250249862671),
            ["LeftLowerArm"] = CFrame.new(0.0000011920928955078125, -1.1920928955078125e-07, 0.000004708766937255859, 1, 2.086162567138672e-07, 1.1175870895385742e-07, -1.0058282384761696e-07, 0.9434024095535278, -0.3316505253314972, -1.5646217832454568e-07, 0.3316504657268524, 0.9434023499488831),
            ["RightUpperArm"] = CFrame.new(-0.03393840789794922, 0.004273772239685059, -0.12981848418712616, 0.8998462557792664, -0.3554353713989258, -0.25286877155303955, 0.3940976560115814, 0.9109360575675964, 0.12199405580759048, 0.18698619306087494, -0.20943084359169006, 0.9597785472869873),
            ["Head"] = CFrame.new(1.3969838619232178e-09, -4.76837158203125e-07, -7.171183824539185e-08, 0.9450355172157288, 0.035464808344841, 0.32503896951675415, 0.03015429899096489, 0.9804103970527649, -0.1946442425251007, -0.32557451725006104, 0.19374698400497437, 0.9254530668258667),
            ["RightHand"] = CFrame.new(2.086162567138672e-07, 0.0000010728836059570312, -7.152557373046875e-07, 0.9225725531578064, 0.05620214343070984, 0.38170793652534485, 0.019738491624593735, 0.9811626672744751, -0.19217193126678467, -0.38531842827796936, 0.18482722342014313, 0.9040846824645996),
            ["UpperTorso"] = CFrame.new(1.4901161193847656e-08, 5.960464477539063e-08, -5.21540641784668e-08, 0.9955715537071228, -0.04279949888586998, 0.08369986712932587, 0.027820277959108353, 0.9846054315567017, 0.17256353795528412, -0.08979689329862595, -0.16947077214717865, 0.9814358353614807),
            ["HumanoidRootPart"] = CFrame.new(0, 0, 0, 1, 0, 0, 0, 1, 0, 0, 0, 1),
            ["RightUpperLeg"] = CFrame.new(5.960464477539063e-08, 1.341104507446289e-07, 2.8107024263590574e-08, 0.879308819770813, -0.41022205352783203, -0.24193745851516724, 0.29685163497924805, 0.8693383932113647, -0.3951330780982971, 0.37241777777671814, 0.27562424540519714, 0.8861919641494751),
            ["LeftUpperArm"] = CFrame.new(0.027051687240600586, 0.008597254753112793, -0.1302262246608734, 0.906130850315094, 0.4105135500431061, -0.10200832784175873, -0.40084555745124817, 0.9103522896766663, 0.1028670072555542, 0.13509172201156616, -0.052321381866931915, 0.9894507527351379),
            ["RightLowerArm"] = CFrame.new(5.960464477539062e-07, 4.76837158203125e-07, -0.000003933906555175781, 1, -0.000017017127902363427, 0.00000941753478400642, 0.000018939379515359178, 0.7477309107780457, -0.6640018224716187, 0.000004291535333322827, 0.6640018820762634, 0.7477309107780457),
            ["LeftHand"] = CFrame.new(-0.0000015050172805786133, -0.0000011324882507324219, 3.427267074584961e-07, 0.9306719303131104, 0.07027681171894073, -0.3590412735939026, -0.11390303075313568, 0.9882614016532898, -0.10181115567684174, 0.3476719856262207, 0.13564884662628174, 0.9277521371841431),
            ["LeftFoot"] = CFrame.new(-2.2351741790771484e-08, -2.384185791015625e-07, -2.0489096641540527e-08, 0.9827356338500977, -0.18500451743602753, 0.0019741440191864967, 0.18496675789356232, 0.9826666712760925, 0.012397625483572483, -0.004233642481267452, -0.01181838009506464, 0.9999212026596069),
            ["LowerTorso"] = CFrame.new(-0.09056111425161362, -0.28082048892974854, 0.2864447236061096, 0.947594404220581, 0.01203868631273508, -0.3192489743232727, -0.022767964750528336, 0.9992936849594116, -0.029897088184952736, 0.3186635375022888, 0.035598963499069214, 0.9471991658210754),
            ["RightLowerLeg"] = CFrame.new(4.470348358154297e-08, -0.0007261037826538086, 0.00004607608570950106, 1, 1.49011640360186e-07, -2.980232949312267e-08, -7.450581307466564e-08, 0.517468273639679, 0.8557022213935852, 1.7136336794010276e-07, -0.8557023406028748, 0.5174684524536133),
            ["LeftUpperLeg"] = CFrame.new(0, 1.4854595065116882e-07, -7.450580596923828e-09, 0.9513400793075562, 0.3024127185344696, 0.05915015935897827, -0.17695115506649017, 0.6932984590530396, -0.6985883116722107, -0.25227057933807373, 0.6541282534599304, 0.7130748629570007),
            ["LeftLowerLeg"] = CFrame.new(-3.166496753692627e-08, -0.0007264018058776855, 0.00008097290992736816, 1, 6.938353891428051e-08, 2.7939680791178034e-08, -6.705522537231445e-08, 0.6296445727348328, 0.7768834233283997, 1.862645149230957e-08, -0.7768834233283997, 0.6296445727348328),
        }},
        {Time = 0.100, Data = {
            ["RightFoot"] = CFrame.new(1.7881393432617188e-07, 0, 3.149762051180005e-08, 0.9691404700279236, 0.23763751983642578, -0.0655377060174942, -0.2358895093202591, 0.8168174624443054, -0.5264647603034973, -0.07157532125711441, 0.5256783962249756, 0.8476672172546387),
            ["LeftLowerArm"] = CFrame.new(0.0000014007091522216797, -5.960464477539062e-07, 0.000004567205905914307, 1, 1.8626454334480513e-07, 9.499491682163352e-08, -1.3411046495548362e-07, 0.9325814247131348, -0.3609597682952881, -1.1175872316471214e-07, 0.36095982789993286, 0.9325814247131348),
            ["RightUpperArm"] = CFrame.new(-0.031067371368408203, 0.006854653358459473, -0.1578214019536972, 0.845191478729248, -0.43990933895111084, -0.30353063344955444, 0.4910282492637634, 0.8633908033370972, 0.1159650981426239, 0.2110515683889389, -0.2470548003911972, 0.9457384943962097),
            ["Head"] = CFrame.new(-2.3283064365386963e-09, -8.344650268554688e-07, -1.6298145055770874e-08, 0.9647795557975769, 0.07591786980628967, 0.2518664300441742, 0.03531050309538841, 0.9114123582839966, -0.40997645258903503, -0.2606790065765381, 0.40443041920661926, 0.8766313791275024),
            ["RightHand"] = CFrame.new(6.845220923423767e-07, 0.000001430511474609375, -6.556510925292969e-07, 0.834930956363678, 0.1126110628247261, 0.5387100577354431, 0.020532742142677307, 0.97178715467453, -0.23496372997760773, -0.5499714612960815, 0.2072400599718094, 0.8090633749961853),
            ["UpperTorso"] = CFrame.new(-2.2118911147117615e-08, 2.9802322387695312e-08, -2.7008354663848877e-08, 0.9725123047828674, -0.062376469373703, 0.22434155642986298, 0.014987665228545666, 0.978222668170929, 0.20701628923416138, -0.23236879706382751, -0.19796359539031982, 0.9522684812545776),
            ["HumanoidRootPart"] = CFrame.new(0, 0, 0, 1, 0, 0, 0, 1, 0, 0, 0, 1),
            ["RightUpperLeg"] = CFrame.new(2.9802322387695312e-08, -1.4668330550193787e-07, -5.058973329141736e-08, 0.897643506526947, -0.3842482566833496, -0.2158459573984146, 0.2445244938135147, 0.8416776657104492, -0.4814424514770508, 0.3666660189628601, 0.3793836832046509, 0.8494844436645508),
            ["LeftUpperArm"] = CFrame.new(0.02991342544555664, 0.005705595016479492, -0.15769973397254944, 0.9150407314300537, 0.4000352621078491, -0.05169301852583885, -0.39357835054397583, 0.913538932800293, 0.10267873108386993, 0.08829867094755173, -0.07360995560884476, 0.9933704733848572),
            ["RightLowerArm"] = CFrame.new(4.76837158203125e-07, 4.76837158203125e-07, -0.000003844499588012695, 1, -0.000013977287380839698, 0.000013582410247181542, 0.000018961729438160546, 0.5437312722206116, -0.8392595052719116, 0.000004336238362157019, 0.8392593860626221, 0.543731153011322),
            ["LeftHand"] = CFrame.new(-0.0000015012919902801514, -8.344650268554688e-07, 2.60770320892334e-07, 0.899190366268158, 0.08114819973707199, -0.42996683716773987, -0.14282448589801788, 0.9832629561424255, -0.11311636865139008, 0.4135916233062744, 0.16312304139137268, 0.8957306146621704),
            ["LeftFoot"] = CFrame.new(-8.195638656616211e-08, -5.960464477539063e-08, -2.3283064365386963e-08, 0.9847198724746704, -0.17176271975040436, -0.028715288266539574, 0.17395658791065216, 0.9778802990913391, 0.11614279448986053, 0.008131066337227821, -0.11936353892087936, 0.9928173422813416),
            ["LowerTorso"] = CFrame.new(-0.09638877213001251, -0.29358720779418945, 0.371634304523468, 0.9488787651062012, 0.013012873008847237, -0.31537243723869324, -0.01293377298861742, 0.9999136924743652, 0.002343788743019104, 0.3153756260871887, 0.001854982110671699, 0.9489651918411255),
            ["RightLowerLeg"] = CFrame.new(-5.960464477539063e-08, -0.0007264018058776855, 0.00004601648106472567, 1, 5.960463766996327e-08, 2.2351747119842003e-08, -5.960464477539063e-08, 0.46794286370277405, 0.883758544921875, 6.705522537231445e-08, -0.8837587237358093, 0.467943400144577),
            ["LeftUpperLeg"] = CFrame.new(-8.940696716308594e-08, -6.958725862205029e-08, -2.0023435354232788e-08, 0.9451473951339722, 0.3220175802707672, 0.05478210002183914, -0.17012956738471985, 0.6284666061401367, -0.7590030431747437, -0.2788410782814026, 0.7080496549606323, 0.6487783193588257),
            ["LeftLowerLeg"] = CFrame.new(1.0803341865539551e-07, -0.0007265210151672363, 0.00008100271224975586, 1, 2.3748720323624184e-08, 3.2829124307909296e-08, -5.5879347371501353e-08, 0.6422275304794312, 0.7665141820907593, 6.891786341611805e-08, -0.7665140628814697, 0.6422275304794312),
        }},
        {Time = 0.133, Data = {
            ["RightFoot"] = CFrame.new(2.384185791015625e-07, -5.960464477539063e-08, 1.20904587674886e-07, 0.9749512672424316, 0.20157597959041595, -0.09400700777769089, -0.219877228140831, 0.8097769618034363, -0.5439813137054443, -0.0335288941860199, 0.5510249733924866, 0.8338148593902588),
            ["LeftLowerArm"] = CFrame.new(0.0000014603137969970703, -4.76837158203125e-07, 0.000004723668098449707, 1, 9.080395102500916e-08, 6.984919309616089e-08, -1.1175870895385742e-07, 0.8853703141212463, -0.4648866057395935, -1.043081283569336e-07, 0.4648866057395935, 0.8853703141212463),
            ["RightUpperArm"] = CFrame.new(-0.027027368545532227, 0.01143801212310791, -0.18493106961250305, 0.8029701709747314, -0.4895951747894287, -0.33990544080734253, 0.5551837086677551, 0.8218610882759094, 0.12773187458515167, 0.21681822836399078, -0.2912747859954834, 0.9317451119422913),
            ["Head"] = CFrame.new(1.280568540096283e-08, -9.5367431640625e-07, 1.434236764907837e-07, 0.9858541488647461, 0.07767979800701141, 0.14851835370063782, 0.02650175243616104, 0.8027211427688599, -0.5957655906677246, -0.16549763083457947, 0.591273844242096, 0.7893069982528687),
            ["RightHand"] = CFrame.new(-9.080395102500916e-08, 0.0000012516975402832031, -7.599592208862305e-07, 0.7169321179389954, 0.13637591898441315, 0.6836733818054199, 0.06431881338357925, 0.9635575413703918, -0.2596537470817566, -0.6941697001457214, 0.23012736439704895, 0.6820341944694519),
            ["UpperTorso"] = CFrame.new(-7.450580596923828e-09, 2.9802322387695312e-08, -4.6100467443466187e-08, 0.9614924788475037, -0.08400724828243256, 0.26167741417884827, 0.006946427747607231, 0.9592622518539429, 0.28243184089660645, -0.2747436761856079, -0.2697383761405945, 0.9229069352149963),
            ["HumanoidRootPart"] = CFrame.new(0, 0, 0, 1, 0, 0, 0, 1, 0, 0, 0, 1),
            ["RightUpperLeg"] = CFrame.new(5.960464477539063e-08, -2.757296897470951e-07, -5.897163646295667e-08, 0.866533637046814, -0.39299508929252625, -0.3076917827129364, 0.20710556209087372, 0.8440050482749939, -0.49473509192466736, 0.45412182807922363, 0.36497995257377625, 0.8127503395080566),
            ["LeftUpperArm"] = CFrame.new(0.03395277261734009, 0.011057496070861816, -0.184888556599617, 0.9095327258110046, 0.4156157374382019, 0.0037354722153395414, -0.4128014147281647, 0.9022538661956787, 0.12463162839412689, 0.04842856526374817, -0.11489837616682053, 0.9921961426734924),
            ["RightLowerArm"] = CFrame.new(2.682209014892578e-07, -2.384185791015625e-07, -0.00000406801700592041, 1, -0.000012231988876010291, 0.000015158209862420335, 0.000018975231796503067, 0.4379575252532959, -0.8989957571029663, 0.000004343688488006592, 0.8989956378936768, 0.4379575848579407),
            ["LeftHand"] = CFrame.new(-0.000001389533281326294, -0.0000011920928955078125, 2.1606683731079102e-07, 0.8801349997520447, 0.05130410194396973, -0.47194287180900574, -0.11603005230426788, 0.9872395396232605, -0.10906551033258438, 0.4603253901004791, 0.15075206756591797, 0.8748570084571838),
            ["LeftFoot"] = CFrame.new(-9.627547115087509e-08, -1.1920928955078125e-07, 1.4901161193847656e-08, 0.9846359491348267, -0.16243194043636322, -0.0640932098031044, 0.17433172464370728, 0.9354763031005859, 0.30739668011665344, 0.010026662610471249, -0.3138470947742462, 0.9494205713272095),
            ["LowerTorso"] = CFrame.new(-0.06672117114067078, -0.2983356714248657, 0.46139878034591675, 0.9804563522338867, 0.0128626162186265, -0.19631627202033997, -0.012475606985390186, 0.9999170899391174, 0.003207899397239089, 0.19634127616882324, -0.0006960422033444047, 0.9805353879928589),
            ["RightLowerLeg"] = CFrame.new(-7.450580596923828e-08, -0.0007262825965881348, 0.000046090986870694906, 1, 1.043081780949251e-07, 2.2351745343485163e-08, -7.450581307466564e-08, 0.43802931904792786, 0.8989606499671936, 1.6391278734317893e-07, -0.8989607691764832, 0.43802952766418457),
            ["LeftUpperLeg"] = CFrame.new(-2.9802322387695312e-08, -4.595494829118252e-08, -3.585591912269592e-08, 0.9671104550361633, 0.25425609946250916, -0.007166325114667416, -0.16903692483901978, 0.6214001774787903, -0.7650413513183594, -0.19006328284740448, 0.7410908937454224, 0.643941342830658),
            ["LeftLowerLeg"] = CFrame.new(1.7811544239521027e-08, -0.0007268190383911133, 0.00008118897676467896, 1, 6.560004095490513e-08, 3.9348382330217646e-08, -4.9592919992846873e-08, 0.7550269961357117, 0.6556938886642456, 2.3283061589829401e-10, -0.655693769454956, 0.7550269365310669),
        }},
        {Time = 0.167, Data = {
            ["RightFoot"] = CFrame.new(2.1606683731079102e-07, -1.1920928955078125e-07, 1.6596459317952394e-08, 0.9795013070106506, 0.15875747799873352, -0.12398835271596909, -0.20105218887329102, 0.8085446953773499, -0.5530220866203308, 0.012453846633434296, 0.5666141510009766, 0.8238892555236816),
            ["LeftLowerArm"] = CFrame.new(0.0000012218952178955078, -5.960464477539062e-07, 0.000004827976226806641, 1, 1.223525174509632e-07, 2.7939680791178034e-08, -1.0151418194936923e-07, 0.7965622544288635, -0.6045566201210022, -1.4342370491249312e-07, 0.6045565605163574, 0.7965621948242188),
            ["RightUpperArm"] = CFrame.new(-0.02242910861968994, 0.01585221290588379, -0.20360815525054932, 0.7697431445121765, -0.5892543196678162, -0.24550940096378326, 0.6289137601852417, 0.7659273743629456, 0.1335022896528244, 0.10937540978193283, -0.25716671347618103, 0.9601575136184692),
            ["Head"] = CFrame.new(4.889443516731262e-09, -4.76837158203125e-07, -5.494803190231323e-08, 0.9991762638092041, 0.03017020784318447, 0.027139324694871902, -0.0029770657420158386, 0.7214718461036682, -0.692437469959259, -0.04047134518623352, 0.6917861700057983, 0.7209673523902893),
            ["RightHand"] = CFrame.new(4.470348358154297e-08, 0.0000011920928955078125, -7.748603820800781e-07, 0.61358243227005, 0.18678446114063263, 0.7672207355499268, 0.05415286123752594, 0.9593787789344788, -0.27687522768974304, -0.7877715826034546, 0.2114330381155014, 0.5785433650016785),
            ["UpperTorso"] = CFrame.new(-3.92901711165905e-10, -2.384185791015625e-07, 2.9538568924181163e-08, 0.9509813785552979, -0.10669589787721634, 0.2902591824531555, -0.000475493841804564, 0.9380908608436584, 0.3463890850543976, -0.30924761295318604, -0.3295475244522095, 0.8920561671257019),
            ["HumanoidRootPart"] = CFrame.new(0, 0, 0, 1, 0, 0, 0, 1, 0, 0, 0, 1),
            ["RightUpperLeg"] = CFrame.new(0, -8.079223334789276e-08, 2.2984750103205442e-08, 0.8265156149864197, -0.3820681869983673, -0.4133954346179962, 0.16861124336719513, 0.8686995506286621, -0.46575915813446045, 0.537068247795105, 0.3152539134025574, 0.7824146151542664),
            ["LeftUpperArm"] = CFrame.new(0.03855258226394653, 0.01758134365081787, -0.20382191240787506, 0.8807076215744019, 0.47110646963119507, 0.049121759831905365, -0.47282275557518005, 0.8682449460029602, 0.1502976417541504, 0.02815636247396469, -0.15559419989585876, 0.9874197244644165),
            ["RightLowerArm"] = CFrame.new(7.152557373046875e-07, 4.172325134277344e-07, -0.000004000961780548096, 1, -0.000011295082913420629, 0.000015884639651631005, 0.000019021334082935937, 0.3826574981212616, -0.9238903522491455, 0.000004420057393872412, 0.9238904118537903, 0.3826574385166168),
            ["LeftHand"] = CFrame.new(-0.0000016391277313232422, -0.0000013113021850585938, 2.4400651454925537e-07, 0.8928049206733704, -0.009847015142440796, -0.4503357410430908, -0.03388911485671997, 0.9954591989517212, -0.08895281702280045, 0.4491671025753021, 0.09467919915914536, 0.8884172439575195),
            ["LeftFoot"] = CFrame.new(-3.725290298461914e-08, -1.7881393432617188e-07, 4.7963112592697144e-08, 0.9877318739891052, -0.13412357866764069, -0.07997985184192657, 0.15516534447669983, 0.9006574153900146, 0.40588173270225525, 0.017596151679754257, -0.4133124351501465, 0.9104193449020386),
            ["LowerTorso"] = CFrame.new(-0.00765874981880188, -0.2738572359085083, 0.5298990607261658, 0.9970210790634155, 0.01908450946211815, -0.07473088055849075, -0.01885557547211647, 0.9998151659965515, 0.003767860820516944, 0.07478898018598557, -0.002347542904317379, 0.997196614742279),
            ["RightLowerLeg"] = CFrame.new(-7.450580596923828e-08, -0.0007264018058776855, 0.0000461207891930826, 1, 1.6391282997574308e-07, 7.450585037815927e-09, -7.450579886381092e-08, 0.4652354121208191, 0.8851869702339172, 2.2351738238057806e-08, -0.8851870894432068, 0.4652356207370758),
            ["LeftUpperLeg"] = CFrame.new(2.9802322387695312e-08, -6.891787052154541e-08, 9.685754776000977e-08, 0.9836551547050476, 0.17788797616958618, -0.02790036052465439, -0.13663271069526672, 0.6364689469337463, -0.7591040730476379, -0.11727776378393173, 0.7505086064338684, 0.6503711342811584),
            ["LeftLowerLeg"] = CFrame.new(4.1443854570388794e-08, -0.0007265806198120117, 0.00008103623986244202, 1, 4.563480615615845e-08, -5.122274604474342e-09, -3.725290653733282e-08, 0.8028458952903748, 0.5961865186691284, 3.725290742551124e-09, -0.5961865782737732, 0.8028460741043091),
        }},
        {Time = 0.200, Data = {
            ["RightFoot"] = CFrame.new(1.471489667892456e-07, -1.1920928955078125e-07, -5.790934665128589e-08, 0.981245756149292, 0.1230759397149086, -0.14835496246814728, -0.18465234339237213, 0.8210375308990479, -0.5401859879493713, 0.05532116815447807, 0.5574493408203125, 0.8283658027648926),
            ["LeftLowerArm"] = CFrame.new(9.5367431640625e-07, -4.76837158203125e-07, 0.000004708766937255859, 1, 1.667066982236065e-07, 3.166496753692627e-08, -5.960463766996327e-08, 0.7007502913475037, -0.7134066820144653, -1.1175869474300271e-07, 0.7134066224098206, 0.7007502913475037),
            ["RightUpperArm"] = CFrame.new(-0.018834590911865234, 0.026860475540161133, -0.2089654803276062, 0.72541344165802, -0.6834293007850647, -0.0818488597869873, 0.6875643730163574, 0.7139370441436768, 0.13247480988502502, -0.03210216015577316, -0.1523755043745041, 0.987801194190979),
            ["Head"] = CFrame.new(-1.4901161193847656e-08, -5.960464477539062e-07, -1.695007085800171e-07, 0.9959869384765625, -0.027424097061157227, -0.08519447594881058, -0.04234462231397629, 0.6942257881164551, -0.7185109257698059, 0.07884886860847473, 0.7192347049713135, 0.6902781128883362),
            ["RightHand"] = CFrame.new(5.960464477539062e-07, 8.344650268554688e-07, -6.854534149169922e-07, 0.5887516140937805, 0.3078661262989044, 0.7473883628845215, 0.12254180014133453, 0.8799442648887634, -0.459000825881958, -0.7989712357521057, 0.3618238866329193, 0.48034241795539856),
            ["UpperTorso"] = CFrame.new(1.210719347000122e-08, 1.1920928955078125e-07, -9.767245501279831e-08, 0.9422354698181152, -0.1262868493795395, 0.3102319538593292, -0.01879909820854664, 0.9048025012016296, 0.42541658878326416, -0.3344232141971588, -0.4066745340824127, 0.850162923336029),
            ["HumanoidRootPart"] = CFrame.new(0, 0, 0, 1, 0, 0, 0, 1, 0, 0, 0, 1),
            ["RightUpperLeg"] = CFrame.new(-2.9802322387695312e-08, 1.3969838619232178e-07, -7.433845894411206e-08, 0.7873348593711853, -0.3433500826358795, -0.5120689272880554, 0.16508202254772186, 0.9176507592201233, -0.361476331949234, 0.5940133333206177, 0.2000693529844284, 0.7791792154312134),
            ["LeftUpperArm"] = CFrame.new(0.042146265506744385, 0.02807438373565674, -0.2091137170791626, 0.8413991332054138, 0.5352544188499451, 0.07449748367071152, -0.540279746055603, 0.8300840258598328, 0.13805370032787323, 0.012054787948727608, -0.15640780329704285, 0.9876190423965454),
            ["RightLowerArm"] = CFrame.new(3.8743019104003906e-07, 2.980232238769531e-07, -0.000003874301910400391, 1, -0.00001239031735167373, 0.00001510978108854033, 0.000018976630599354394, 0.44883304834365845, -0.89361572265625, 0.000004291534878575476, 0.89361572265625, 0.4488331079483032),
            ["LeftHand"] = CFrame.new(-0.000001471489667892456, -0.000001430511474609375, 3.0547380447387695e-07, 0.9261890649795532, -0.06660459190607071, -0.37112975120544434, 0.04811752960085869, 0.9971057772636414, -0.05886338651180267, 0.37397658824920654, 0.03666093945503235, 0.9267134666442871),
            ["LeftFoot"] = CFrame.new(-2.1420419216156006e-08, -1.7881393432617188e-07, 1.4901161193847656e-08, 0.9940367937088013, -0.0971110463142395, -0.04960112273693085, 0.10819266736507416, 0.9350914359092712, 0.3374885618686676, 0.013607730157673359, -0.34084248542785645, 0.9400219917297363),
            ["LowerTorso"] = CFrame.new(0.05966487154364586, -0.21923565864562988, 0.5597091317176819, 0.9992286562919617, 0.032374270260334015, 0.022227073088288307, -0.03159511461853981, 0.9989033341407776, -0.03455334156751633, -0.02332133613526821, 0.03382442146539688, 0.9991557002067566),
            ["RightLowerLeg"] = CFrame.new(-1.564621925354004e-07, -0.0007264018058776855, 0.0000461207891930826, 1, 1.4156104555240745e-07, -2.2351745343485163e-08, -9.685753354915505e-08, 0.5602623820304871, 0.8283151984214783, 7.823108916227284e-08, -0.828315258026123, 0.5602625608444214),
            ["LeftUpperLeg"] = CFrame.new(0, 1.648440957069397e-07, -8.847564458847046e-08, 0.9944502115249634, 0.10404625535011292, -0.015597599558532238, -0.08247409015893936, 0.6788955330848694, -0.7295883297920227, -0.06532180309295654, 0.726825475692749, 0.6837087869644165),
            ["LeftLowerLeg"] = CFrame.new(1.0989606380462646e-07, -0.0007266402244567871, 0.00008079782128334045, 1, 6.519258732851085e-08, 2.8870999813079834e-08, -5.21540641784668e-08, 0.729771077632904, 0.6836915612220764, 3.725290298461914e-08, -0.6836915612220764, 0.729771077632904),
        }},
        {Time = 0.233, Data = {
            ["RightFoot"] = CFrame.new(1.2665987014770508e-07, 0, -1.0261283023282886e-07, 0.9810868501663208, 0.10147368162870407, -0.16483880579471588, -0.17224940657615662, 0.846182107925415, -0.5042883157730103, 0.08831167221069336, 0.5231433510780334, 0.8476564884185791),
            ["LeftLowerArm"] = CFrame.new(8.642673492431641e-07, -5.364418029785156e-07, 0.000004887580871582031, 1, 9.126963362859897e-08, -9.313230187046884e-10, -5.21540641784668e-08, 0.6053301692008972, -0.7959744930267334, -1.1920928955078125e-07, 0.7959745526313782, 0.6053301692008972),
            ["RightUpperArm"] = CFrame.new(-0.010300993919372559, 0.027916908264160156, -0.2028103768825531, 0.7349752187728882, -0.6758373975753784, 0.055275000631809235, 0.6655603647232056, 0.7345897555351257, 0.13193725049495697, -0.12977245450019836, -0.06018179655075073, 0.9897158145904541),
            ["Head"] = CFrame.new(-4.7497451305389404e-08, -5.960464477539062e-07, -8.009374141693115e-08, 0.9839280843734741, -0.06823262572288513, -0.16501463949680328, -0.07097633183002472, 0.6985341906547546, -0.7120481729507446, 0.16385334730148315, 0.7123162150382996, 0.6824643611907959),
            ["RightHand"] = CFrame.new(-5.960464477539063e-08, 0.0000010132789611816406, -8.642673492431641e-07, 0.5978142619132996, 0.23505720496177673, 0.7663978338241577, 0.17319132387638092, 0.8955934643745422, -0.40977713465690613, -0.7827022671699524, 0.3777041435241699, 0.494689017534256),
            ["UpperTorso"] = CFrame.new(-9.313225746154785e-09, -4.172325134277344e-07, -1.0244548320770264e-08, 0.9343873858451843, -0.13551540672779083, 0.3294779062271118, -0.04076167941093445, 0.8780882954597473, 0.47675928473472595, -0.3539191484451294, -0.4589080214500427, 0.8149508833885193),
            ["HumanoidRootPart"] = CFrame.new(0, 0, 0, 1, 0, 0, 0, 1, 0, 0, 0, 1),
            ["RightUpperLeg"] = CFrame.new(2.9802322387695312e-08, -3.688037395477295e-07, -5.3849362302571535e-08, 0.7578703761100769, -0.2827061116695404, -0.5879707336425781, 0.17767612636089325, 0.9566085338592529, -0.23093575239181519, 0.6277449131011963, 0.0705510601401329, 0.7752155065536499),
            ["LeftUpperArm"] = CFrame.new(0.050803422927856445, 0.0429840087890625, -0.2045954018831253, 0.8141151070594788, 0.5740007758140564, 0.08797571808099747, -0.5805333256721497, 0.8081504702568054, 0.09936763346195221, -0.014060516841709614, -0.1319693922996521, 0.991154134273529),
            ["RightLowerArm"] = CFrame.new(2.980232238769531e-07, 8.344650268554688e-07, -0.000003635883331298828, 1, -0.000013029200999881141, 0.000014439225196838379, 0.000019054856238653883, 0.486003577709198, -0.8739568591117859, 0.000004306434675527271, 0.8739567995071411, 0.486003577709198),
            ["LeftHand"] = CFrame.new(-0.0000016987323760986328, -0.0000012516975402832031, 5.774199962615967e-08, 0.9550767540931702, -0.10184551775455475, -0.27830860018730164, 0.10396037250757217, 0.9945554733276367, -0.0071898954920470715, 0.27752605080604553, -0.022066056728363037, 0.9604648351669312),
            ["LeftFoot"] = CFrame.new(1.862645149230957e-09, -1.7881393432617188e-07, -2.0489096641540527e-08, 0.9962279796600342, -0.08283381164073944, 0.025856325402855873, 0.07556194067001343, 0.9745907187461853, 0.2108639031648636, -0.04266595095396042, -0.2081145942211151, 0.9771735072135925),
            ["LowerTorso"] = CFrame.new(0.11527153104543686, -0.155120849609375, 0.5570692420005798, 0.995058000087738, 0.05133761838078499, 0.08499463647603989, -0.045342396944761276, 0.996443510055542, -0.07102471590042114, -0.08833858370780945, 0.06681984663009644, 0.9938467741012573),
            ["RightLowerLeg"] = CFrame.new(3.725290298461914e-08, -0.0007262229919433594, 0.00004618039383785799, 1, 1.6391287260830723e-07, -6.70552182668871e-08, -5.2154071283894154e-08, 0.6886389851570129, 0.7251046895980835, 9.126962652317161e-08, -0.7251044511795044, 0.6886386275291443),
            ["LeftUpperLeg"] = CFrame.new(0, -5.308538675308228e-07, -1.4901161193847656e-08, 0.9994373321533203, 0.02831105887889862, -0.017990687862038612, -0.0331859290599823, 0.7564045786857605, -0.6532616019248962, -0.004886290989816189, 0.6534911394119263, 0.7569185495376587),
            ["LeftLowerLeg"] = CFrame.new(1.979060471057892e-08, -0.0007264018058776855, 0.00008104462176561356, 1, 6.612390279769897e-08, 2.8870999813079834e-08, -6.332992796842518e-08, 0.6506369113922119, 0.7593891620635986, -1.0244547432591844e-08, -0.7593889832496643, 0.6506367325782776),
        }},
        {Time = 0.267, Data = {
            ["RightFoot"] = CFrame.new(1.5832483768463135e-07, -5.960464477539063e-08, -1.0261283023282886e-07, 0.9896345138549805, 0.06075918674468994, -0.1301226168870926, -0.11161792278289795, 0.8955501914024353, -0.43073344230651855, 0.09036019444465637, 0.4407925307750702, 0.8930491805076599),
            ["LeftLowerArm"] = CFrame.new(0.0000013709068298339844, -1.1920928955078125e-07, 0.000004947185516357422, 1, 1.527369164477932e-07, -1.6763809895792292e-08, -1.1920930376163597e-07, 0.5092666745185852, -0.8606087565422058, -1.0430814256778831e-07, 0.8606088161468506, 0.5092666149139404),
            ["RightUpperArm"] = CFrame.new(0.005403041839599609, 0.010589241981506348, -0.1931374967098236, 0.7579346299171448, -0.6419887542724609, 0.11569590121507645, 0.6329594254493713, 0.7666688561439514, 0.10761714726686478, -0.157789409160614, -0.008336072787642479, 0.9874376058578491),
            ["Head"] = CFrame.new(9.313225746154785e-09, -9.5367431640625e-07, -1.862645149230957e-09, 0.9679273962974548, -0.1014314740896225, -0.2298438996076584, -0.08700565248727798, 0.7229215502738953, -0.6854304075241089, 0.23568344116210938, 0.6834443211555481, 0.690910279750824),
            ["RightHand"] = CFrame.new(3.5762786865234375e-07, 0.0000010728836059570312, -7.450580596923828e-07, 0.6056385636329651, 0.14150147140026093, 0.7830572724342346, 0.23630231618881226, 0.9076896905899048, -0.3467860817909241, -0.759844183921814, 0.3950655162334442, 0.516295313835144),
            ["UpperTorso"] = CFrame.new(2.9802322387695312e-08, 8.940696716308594e-08, -6.891787052154541e-08, 0.9208836555480957, -0.13179911673069, 0.3668815493583679, -0.06619533151388168, 0.8745815753936768, 0.4803386926651001, -0.38417619466781616, -0.46662193536758423, 0.7966634631156921),
            ["HumanoidRootPart"] = CFrame.new(0, 0, 0, 1, 0, 0, 0, 1, 0, 0, 0, 1),
            ["RightUpperLeg"] = CFrame.new(1.7881393432617188e-07, -3.594905138015747e-07, 5.75528247281909e-09, 0.7499545812606812, -0.27329516410827637, -0.6023932695388794, 0.18305672705173492, 0.9608424305915833, -0.2080191820859909, 0.63565593957901, 0.04573281109333038, 0.7706168293952942),
            ["LeftUpperArm"] = CFrame.new(0.06760883331298828, 0.057784199714660645, -0.19893762469291687, 0.8103452324867249, 0.5801579356193542, 0.08220281451940536, -0.5852804183959961, 0.808129608631134, 0.06613346189260483, -0.028062568977475166, -0.10170268267393112, 0.9944189786911011),
            ["RightLowerArm"] = CFrame.new(4.76837158203125e-07, 6.556510925292969e-07, -0.0000036954879760742188, 1, -0.000013306735127116553, 0.000014171006114338525, 0.000018991529941558838, 0.503084123134613, -0.8642375469207764, 0.000004351139068603516, 0.8642374873161316, 0.5030840039253235),
            ["LeftHand"] = CFrame.new(-0.000001519918441772461, -0.0000012516975402832031, 2.421438694000244e-07, 0.9735199809074402, -0.122761569917202, -0.192842498421669, 0.1331721693277359, 0.9902054667472839, 0.04193282499909401, 0.18580622971057892, -0.06650356948375702, 0.9803333878517151),
            ["LeftFoot"] = CFrame.new(1.6763806343078613e-08, -1.7881393432617188e-07, 6.146728992462158e-08, 0.9887596368789673, -0.10262396931648254, 0.10873237997293472, 0.07894100993871689, 0.9759374856948853, 0.20325958728790283, -0.12697532773017883, -0.19239121675491333, 0.9730688333511353),
