return {
    ["Transylvania Groove"] = {
        {Time = 0.000, Data = {
            ["RightFoot"] = CFrame.new(1.979060471057892e-08, 3.5762786865234375e-07, 1.7171259969472885e-09, 0.989324152469635, 0.007529581896960735, -0.14553765952587128, -0.009521864354610443, 0.9998703002929688, -0.012997285462915897, 0.14542090892791748, 0.014244219288229942, 0.9892673492431641),
            ["LeftLowerArm"] = CFrame.new(3.8743019104003906e-07, 2.980232238769531e-07, 1.1175870895385742e-07, 1, 1.7881390590446244e-07, -1.49011640360186e-07, -2.2351744632942427e-07, -0.03776901587843895, -0.9992864727973938, -1.3411046495548362e-07, 0.9992865324020386, -0.037769071757793427),
            ["RightUpperArm"] = CFrame.new(5.960464477539063e-08, 0, -9.685754776000977e-08, 0.3676435053348541, 0.11032244563102722, 0.923399806022644, 0.29715052247047424, 0.9269497394561768, -0.22905436158180237, -0.8812150359153748, 0.35859912633895874, 0.3080047070980072),
            ["Head"] = CFrame.new(1.2665987014770508e-07, -2.384185791015625e-07, -8.93778633326292e-08, 0.8736032247543335, -0.37804028391838074, 0.30643606185913086, 0.3499579429626465, 0.9255995750427246, 0.14420472085475922, -0.3381522297859192, -0.01873788610100746, 0.940904974937439),
            ["RightHand"] = CFrame.new(1.1920928955078125e-07, -5.960464477539063e-08, 7.450580596923828e-08, 0.987876296043396, 0.12645290791988373, -0.09005697816610336, -0.14653655886650085, 0.9510835409164429, -0.27196916937828064, 0.05126045644283295, 0.28186848759651184, 0.9580827951431274),
            ["UpperTorso"] = CFrame.new(1.2660166248679161e-08, -4.172325134277344e-07, 1.862645149230957e-09, 0.9586512446403503, -0.06506645679473877, -0.27704542875289917, 0.028970517218112946, 0.9907670617103577, -0.1324440985918045, 0.28310513496398926, 0.11894156783819199, 0.9516850113868713),
            ["HumanoidRootPart"] = CFrame.new(0, 0, 0, 1, 0, 0, 0, 1, 0, 0, 0, 1),
            ["RightUpperLeg"] = CFrame.new(2.086162567138672e-07, -4.621397238224745e-07, 1.1059455573558807e-09, 0.7989670038223267, -0.42734861373901367, 0.42311352491378784, 0.36763349175453186, 0.9038830399513245, 0.21872621774673462, -0.47591736912727356, -0.01920446567237377, 0.8792802691459656),
            ["LeftUpperArm"] = CFrame.new(-5.960464477539063e-08, 0, -6.752088665962219e-08, 0.2262524962425232, 0.47774484753608704, -0.8488638997077942, -0.5966403484344482, 0.7568198442459106, 0.2669160068035126, 0.7699547410011292, 0.4460759162902832, 0.45627421140670776),
            ["RightLowerArm"] = CFrame.new(-5.960464477539063e-08, 0, -8.195638656616211e-08, 1, -1.1920928955078125e-07, 8.195638656616211e-08, 9.685756197086448e-08, 0.2517540454864502, -0.9677913188934326, 1.1920930376163597e-07, 0.9677913188934326, 0.2517539858818054),
            ["LeftHand"] = CFrame.new(6.556510925292969e-07, 2.384185791015625e-07, 2.086162567138672e-07, 0.9450386762619019, -0.3196702003479004, -0.06865061819553375, 0.31397002935409546, 0.945859968662262, -0.08229029923677444, 0.09123966097831726, 0.05621345713734627, 0.9942411184310913),
            ["LeftFoot"] = CFrame.new(0, -5.960464477539063e-08, -2.9802322387695312e-08, 0.9536526799201965, -0.13452307879924774, -0.2691653370857239, 0.046721212565898895, 0.9498540759086609, -0.3091834783554077, 0.29726022481918335, 0.28227803111076355, 0.9121160507202148),
            ["LowerTorso"] = CFrame.new(0.1443731039762497, 0.18681025505065918, 0.001143698813393712, 0.9083938598632812, 0.41682180762290955, -0.03286831080913544, -0.41744303703308105, 0.9085831642150879, -0.014765443280339241, 0.02370903640985489, 0.027133481577038765, 0.9993506073951721),
            ["RightLowerLeg"] = CFrame.new(-1.4528632164001465e-07, -0.000014960765838623047, -0.00003512966213747859, 1, 2.4680044674596502e-08, 2.4636387152554562e-08, 3.795138425743971e-08, 0.9999868869781494, 0.005122460424900055, -6.2354943430875664e-09, -0.005122295580804348, 0.9999869465827942),
            ["LeftUpperLeg"] = CFrame.new(0, -4.3594627641141415e-07, -2.3283064365386963e-09, 0.5130560398101807, 0.7070489525794983, 0.48667797446250916, 0.583457887172699, 0.12859053909778595, -0.8018985986709595, -0.6295636892318726, 0.6953749060630798, -0.3465590476989746),
            ["LeftLowerLeg"] = CFrame.new(-5.960464477539063e-08, 0.0000152587890625, 0.0000353008508682251, 1, 9.685754776000977e-08, 7.450580596923828e-08, -1.3038514623531228e-07, 0.03338281810283661, 0.9994426369667053, 1.1920927533992653e-07, -0.9994426965713501, 0.03338281065225601),
        }},
        {Time = 0.033, Data = {
            ["RightFoot"] = CFrame.new(5.238689482212067e-09, 2.980232238769531e-07, -1.877197064459324e-08, 0.9880465269088745, -0.003816724754869938, -0.1541091948747635, -0.0055100698955357075, 0.9981802701950073, -0.060048218816518784, 0.15405799448490143, 0.06017962843179703, 0.9862274527549744),
            ["LeftLowerArm"] = CFrame.new(-1.4901161193847656e-07, 2.384185791015625e-07, 8.940696716308594e-08, 1, 1.3411042232291948e-07, -1.6763807764164085e-07, -2.0116567611694336e-07, -0.2901638448238373, -0.9569769501686096, -2.0489096641540527e-07, 0.9569769501686096, -0.29016393423080444),
            ["RightUpperArm"] = CFrame.new(0, 4.76837158203125e-07, -1.4901161193847656e-08, 0.2675311863422394, 0.08138612657785416, 0.9601060152053833, 0.5774513483047485, 0.7841243147850037, -0.22737394273281097, -0.7713475227355957, 0.6152440905570984, 0.16278117895126343),
            ["Head"] = CFrame.new(9.313225746154785e-08, -1.1920928955078125e-07, 2.9103830456733704e-11, 0.9260939955711365, -0.2890996038913727, 0.24242831766605377, 0.2734960913658142, 0.9570214152336121, 0.09648849070072174, -0.2599038779735565, -0.02305413782596588, 0.9653592705726624),
            ["RightHand"] = CFrame.new(1.4901161193847656e-07, 1.1920928955078125e-07, 2.9802322387695312e-08, 0.9940715432167053, 0.06724057346582413, -0.08544371277093887, -0.08829404413700104, 0.9578197002410889, -0.2734697461128235, 0.06345148384571075, 0.27939262986183167, 0.958078145980835),
            ["UpperTorso"] = CFrame.new(3.841705620288849e-09, -2.384185791015625e-07, 1.862645149230957e-09, 0.9775874614715576, -0.1209573894739151, -0.17231419682502747, 0.10801900923252106, 0.9907101988792419, -0.08261489868164062, 0.18070626258850098, 0.06215006858110428, 0.9815714955329895),
            ["HumanoidRootPart"] = CFrame.new(0, 0, 0, 1, 0, 0, 0, 1, 0, 0, 0, 1),
            ["RightUpperLeg"] = CFrame.new(-8.940696716308594e-08, -1.653679646551609e-07, -3.550667315721512e-09, 0.8105476498603821, -0.3593154847621918, 0.4624986946582794, 0.2778123617172241, 0.9310746192932129, 0.23647502064704895, -0.5155898332595825, -0.06318652629852295, 0.8545025587081909),
            ["LeftUpperArm"] = CFrame.new(1.1920928955078125e-07, 1.1920928955078125e-07, -3.5390257835388184e-08, 0.39779770374298096, 0.530497133731842, -0.7485519647598267, -0.6626705527305603, 0.7304009795188904, 0.16547495126724243, 0.6345270276069641, 0.43021777272224426, 0.6420966982841492),
            ["RightLowerArm"] = CFrame.new(-1.4901161193847656e-07, -1.1920928955078125e-07, 2.384185791015625e-07, 1, -7.450581307466564e-08, 5.960465188081798e-08, 1.1548401346317405e-07, 0.304583877325058, -0.9524855017662048, 1.3411046495548362e-07, 0.9524855613708496, 0.304583877325058),
            ["LeftHand"] = CFrame.new(3.0174851417541504e-07, 2.980232238769531e-07, -1.8998980522155762e-07, 0.9317289590835571, -0.3527936041355133, -0.08612819015979767, 0.3333929777145386, 0.9249960780143738, -0.18229438364505768, 0.1439804881811142, 0.141134575009346, 0.9794645309448242),
            ["LeftFoot"] = CFrame.new(2.9802322387695312e-08, 1.1920928955078125e-07, 5.960464477539063e-08, 0.8891999125480652, -0.10492193698883057, -0.4453255534172058, 0.02442539855837822, 0.9828476905822754, -0.18279476463794708, 0.45686665177345276, 0.15166394412517548, 0.8765108585357666),
            ["LowerTorso"] = CFrame.new(0.13510774075984955, 0.19492006301879883, 0.0010247541358694434, 0.9397289156913757, 0.334675133228302, -0.07001489400863647, -0.3363955318927765, 0.941615641117096, -0.014072178862988949, 0.06121750548481941, 0.03677672892808914, 0.9974467754364014),
            ["RightLowerLeg"] = CFrame.new(4.284083843231201e-08, -0.000014722347259521484, -0.0000351240742020309, 1, 5.587936779960501e-09, -6.133631558213892e-08, -2.9802318834981634e-08, 0.9999869465827942, 0.005126660224050283, -1.7651471395652152e-08, -0.005126699339598417, 0.9999868869781494),
            ["LeftUpperLeg"] = CFrame.new(-5.960464477539063e-08, -1.8195714801549911e-07, -2.7939677238464355e-09, 0.6266454458236694, 0.6393289566040039, 0.4456165134906769, 0.4614512026309967, 0.1563814878463745, -0.8732741475105286, -0.6279956102371216, 0.7528634667396545, -0.1970234513282776),
            ["LeftLowerLeg"] = CFrame.new(5.960464477539063e-08, 0.000015020370483398438, 0.000035114586353302, 1, 9.685753354915505e-08, 6.70552182668871e-08, -6.332992796842518e-08, 0.10638006031513214, 0.9943255186080933, 7.450579886381092e-08, -0.994325578212738, 0.10638020932674408),
        }},
        {Time = 0.067, Data = {
            ["RightFoot"] = CFrame.new(1.3969838619232178e-08, 2.980232238769531e-07, 3.5244738683104515e-08, 0.9934540390968323, -0.012030983343720436, -0.11359746754169464, -0.008524157106876373, 0.9838581085205078, -0.17874738574028015, 0.11391431093215942, 0.1785457879304886, 0.9773152470588684),
            ["LeftLowerArm"] = CFrame.new(0, -3.5762786865234375e-07, -7.450580596923828e-08, 1, 7.450577754752885e-08, -2.2351741790771484e-07, -1.7881393432617188e-07, -0.39842620491981506, -0.9172003269195557, -1.9371509552001953e-07, 0.9172003269195557, -0.398426353931427),
            ["RightUpperArm"] = CFrame.new(0, 1.1920928955078125e-07, 1.862645149230957e-08, 0.03941872715950012, 0.11277952790260315, 0.9928379058837891, 0.9528138041496277, 0.295052170753479, -0.07134537398815155, -0.30098509788513184, 0.9488018751144409, -0.09582722187042236),
            ["Head"] = CFrame.new(3.725290298461914e-09, 0, 3.754394128918648e-09, 0.9517224431037903, -0.2510918974876404, 0.17657075822353363, 0.24906417727470398, 0.9678927659988403, 0.03392452001571655, -0.17941971123218536, 0.011690814979374409, 0.9837031364440918),
            ["RightHand"] = CFrame.new(-2.0116567611694336e-07, -5.960464477539063e-08, -5.960464477539063e-08, 0.996442437171936, -0.011739732697606087, -0.08345571905374527, -0.011836027726531029, 0.960942268371582, -0.2764955461025238, 0.08344217389822006, 0.2764996588230133, 0.9573846459388733),
            ["UpperTorso"] = CFrame.new(-4.423782229423523e-09, -1.7881393432617188e-07, -1.1175870895385742e-08, 0.977199375629425, -0.21109998226165771, -0.022766610607504845, 0.2111632525920868, 0.9774507880210876, 0.0003843377926386893, 0.022172102704644203, -0.005183036904782057, 0.9997408390045166),
            ["HumanoidRootPart"] = CFrame.new(0, 0, 0, 1, 0, 0, 0, 1, 0, 0, 0, 1),
            ["RightUpperLeg"] = CFrame.new(5.960464477539063e-08, -6.58910721540451e-08, 2.0372681319713593e-09, 0.8062307238578796, -0.3428594172000885, 0.48211997747421265, 0.20065350830554962, 0.9251111149787903, 0.32234692573547363, -0.5565342307090759, -0.16314712166786194, 0.8146488666534424),
            ["LeftUpperArm"] = CFrame.new(5.960464477539063e-08, 1.1920928955078125e-07, -2.0489096641540527e-08, 0.6536267399787903, 0.6127325296401978, -0.44421952962875366, -0.6999999284744263, 0.712589681148529, -0.04707549139857292, 0.2877016067504883, 0.3417235016822815, 0.8946803212165833),
            ["RightLowerArm"] = CFrame.new(4.172325134277344e-07, -5.960464477539063e-08, 7.450580596923828e-09, 1, -6.519258732851085e-08, 3.3527619791584584e-08, 9.080395102500916e-08, 0.3358252942562103, -0.9419243931770325, 7.078051567077637e-08, 0.9419243335723877, 0.3358253538608551),
            ["LeftHand"] = CFrame.new(-1.1920928955078125e-07, 1.1920928955078125e-07, -2.9802322387695312e-08, 0.9060903787612915, -0.40946319699287415, -0.10649213939905167, 0.35139814019203186, 0.8685156106948853, -0.3495709300041199, 0.23562635481357574, 0.2793218791484833, 0.9308381676673889),
            ["LeftFoot"] = CFrame.new(-1.862645149230957e-08, -5.960464477539063e-08, -1.4901161193847656e-08, 0.9181721806526184, -0.1922479271888733, -0.3464111089706421, 0.14154599606990814, 0.975847065448761, -0.16639462113380432, 0.37003323435783386, 0.10374588519334793, 0.9232075214385986),
            ["LowerTorso"] = CFrame.new(0.11080208420753479, 0.15335917472839355, 0.0007411168189719319, 0.9528699517250061, 0.258415162563324, -0.15893539786338806, -0.2636807858943939, 0.9645274877548218, -0.012614998035132885, 0.15003764629364014, 0.05392865464091301, 0.9872084856033325),
            ["RightLowerLeg"] = CFrame.new(-9.313225746154785e-09, -0.000015139579772949219, -0.000035120348911732435, 1, -2.7939683899802503e-09, -1.79279613377048e-08, -3.352760913344355e-08, 0.9999869465827942, 0.0051158578135073185, 4.7963105487269786e-08, -0.005115884821861982, 0.9999869465827942),
            ["LeftUpperLeg"] = CFrame.new(2.9802322387695312e-08, -1.3597309589385986e-07, -1.6763806343078613e-08, 0.8570057153701782, 0.39829835295677185, 0.3269551694393158, 0.18968358635902405, 0.34610551595687866, -0.9188206195831299, -0.47912564873695374, 0.8494523763656616, 0.22106370329856873),
            ["LeftLowerLeg"] = CFrame.new(5.960464477539063e-08, 0.00001531839370727539, 0.00003512948751449585, 1, 1.0803343286625022e-07, 9.359790453800088e-08, -4.190951585769653e-08, 0.3442423343658447, 0.9388808012008667, 4.842877388000488e-08, -0.9388809204101562, 0.34424248337745667),
        }},
        {Time = 0.100, Data = {
            ["RightFoot"] = CFrame.new(4.6566128730773926e-09, 2.980232238769531e-07, -1.1004158295691013e-07, 0.9996054768562317, 0.011132260784506798, -0.02579030953347683, -0.01895066536962986, 0.944966733455658, -0.32661697268486023, 0.020734937861561775, 0.3269769847393036, 0.944804847240448),
            ["LeftLowerArm"] = CFrame.new(1.7881393432617188e-07, 5.960464477539063e-08, 5.960464477539063e-08, 1, 2.309679416612198e-07, -1.8626454334480513e-07, -1.4156103134155273e-07, -0.42329588532447815, -0.9059914350509644, -2.0116567611694336e-07, 0.9059914946556091, -0.4232962131500244),
            ["RightUpperArm"] = CFrame.new(0, -2.384185791015625e-07, 0, -0.1132136732339859, 0.1750497817993164, 0.9780287742614746, 0.9905755519866943, -0.05648886039853096, 0.12477651238441467, 0.0770898088812828, 0.982937753200531, -0.1670047491788864),
            ["Head"] = CFrame.new(1.30385160446167e-08, 0, 1.1204974725842476e-08, 0.9688529968261719, -0.22326107323169708, 0.10713725537061691, 0.22726546227931976, 0.9734697937965393, -0.026590315625071526, -0.09835829585790634, 0.05011080205440521, 0.9938886165618896),
            ["RightHand"] = CFrame.new(3.2177194952964783e-07, 1.1920928955078125e-07, 7.450580596923828e-08, 0.9918482303619385, -0.09662589430809021, -0.08306976407766342, 0.06980413943529129, 0.9574044346809387, -0.28018584847450256, 0.10660456120967865, 0.2721032202243805, 0.9563447833061218),
            ["UpperTorso"] = CFrame.new(-2.9336661100387573e-08, 2.086162567138672e-07, -1.862645149230957e-09, 0.9408212900161743, -0.3108566105365753, 0.13499514758586884, 0.30091437697410583, 0.9494698643684387, 0.08920607715845108, -0.15590405464172363, -0.04330500215291977, 0.9868224859237671),
            ["HumanoidRootPart"] = CFrame.new(0, 0, 0, 1, 0, 0, 0, 1, 0, 0, 0, 1),
            ["RightUpperLeg"] = CFrame.new(-5.960464477539063e-08, 2.7706846594810486e-07, 5.762558430433273e-09, 0.8037482500076294, -0.37427711486816406, 0.46249914169311523, 0.16277721524238586, 0.8860209584236145, 0.4341316819190979, -0.5722694993019104, -0.27364838123321533, 0.7730615139007568),
            ["LeftUpperArm"] = CFrame.new(5.960464477539063e-08, -1.1920928955078125e-07, -1.4901161193847656e-08, 0.7369192242622375, 0.6258431077003479, -0.25548067688941956, -0.6739069223403931, 0.7097508907318115, -0.20519064366817474, 0.05291053280234337, 0.32337915897369385, 0.9447891116142273),
            ["RightLowerArm"] = CFrame.new(1.1920928955078125e-07, 0, -3.725290298461914e-08, 1, -7.264316792543468e-08, 5.2619725465774536e-08, 8.055940980966625e-08, 0.3742696940898895, -0.9273199439048767, 4.6507928175287816e-08, 0.9273200035095215, 0.37426963448524475),
            ["LeftHand"] = CFrame.new(-2.5331974029541016e-07, 5.960464477539062e-07, -2.086162567138672e-07, 0.8477660417556763, -0.5130289793014526, -0.1345149725675583, 0.38524559140205383, 0.7699745297431946, -0.5086498856544495, 0.3645251393318176, 0.3793949782848358, 0.8504005074501038),
            ["LeftFoot"] = CFrame.new(-2.2031599655747414e-08, -1.1920928955078125e-07, -2.2351741790771484e-08, 0.9552479982376099, -0.2288796305656433, -0.1873917430639267, 0.21629402041435242, 0.9725914597511292, -0.08533935993909836, 0.20178790390491486, 0.04098861292004585, 0.9785712361335754),
            ["LowerTorso"] = CFrame.new(0.07669181376695633, 0.02130603790283203, 0.00040258202352561057, 0.9467918872833252, 0.18523234128952026, -0.2631998062133789, -0.19635745882987976, 0.9803957343101501, -0.016370268538594246, 0.25500765442848206, 0.06718046963214874, 0.9646024703979492),
            ["RightLowerLeg"] = CFrame.new(1.4901161193847656e-08, -0.000014960765838623047, -0.00003513525007292628, 1, -1.862645593320167e-09, 2.584420144557953e-08, 1.3969836842875338e-08, 0.9999870657920837, 0.005102921277284622, -1.327134491191373e-08, -0.005102877970784903, 0.999987006187439),
            ["LeftUpperLeg"] = CFrame.new(5.960464477539063e-08, -1.210719347000122e-08, -7.450580596923828e-09, 0.9667539596557617, 0.20479461550712585, 0.15312130749225616, -0.0021442403085529804, 0.6052827835083008, -0.7960076332092285, -0.25569966435432434, 0.7692151069641113, 0.5855985879898071),
            ["LeftLowerLeg"] = CFrame.new(3.518653102219105e-08, 0.000015497207641601562, 0.00003507733345031738, 1, 6.908157956786454e-08, 1.8568245607752942e-08, -9.010545909404755e-08, 0.6181190609931946, 0.7860845327377319, 6.017216946929693e-08, -0.7860844731330872, 0.6181191205978394),
        }},
        {Time = 0.133, Data = {
            ["RightFoot"] = CFrame.new(2.421438694000244e-08, 4.76837158203125e-07, -2.0634615793824196e-08, 0.994015634059906, 0.07957402616739273, 0.07483939826488495, -0.013057442381978035, 0.766744077205658, -0.6418198347091675, -0.10845482349395752, 0.6370019912719727, 0.7631949186325073),
            ["LeftLowerArm"] = CFrame.new(1.1920928955078125e-07, 1.1920928955078125e-07, -1.1920928955078125e-07, 1, 1.1920926112907182e-07, -2.2351741790771484e-07, -1.639127589214695e-07, -0.3777097463607788, -0.9259239435195923, -2.0861622829215776e-07, 0.9259241223335266, -0.3777099847793579),
            ["RightUpperArm"] = CFrame.new(-1.1920928955078125e-07, -3.5762786865234375e-07, 0, -0.18584874272346497, 0.1746027171611786, 0.9669405817985535, 0.971799373626709, -0.11270209401845932, 0.20713335275650024, 0.14514216780662537, 0.9781677722930908, -0.14873342216014862),
            ["Head"] = CFrame.new(-5.820766091346741e-08, -3.5762786865234375e-07, 3.754394128918648e-09, 0.9867396354675293, -0.1571127474308014, 0.04074888303875923, 0.15972338616847992, 0.9845604300498962, -0.07161962240934372, -0.028867386281490326, 0.07717856019735336, 0.9965993762016296),
            ["RightHand"] = CFrame.new(4.470348358154297e-08, 0, -1.1920928955078125e-07, 0.9813383221626282, -0.17322003841400146, -0.08348696678876877, 0.1432412713766098, 0.9481854438781738, -0.28359562158584595, 0.12828557193279266, 0.26634445786476135, 0.955302894115448),
            ["UpperTorso"] = CFrame.new(8.381903171539307e-09, -1.1920928955078125e-07, 9.313225746154785e-09, 0.8851165175437927, -0.38174980878829956, 0.2661503553390503, 0.3510199785232544, 0.923153817653656, 0.1567545384168625, -0.30553871393203735, -0.045321933925151825, 0.9511005282402039),
            ["HumanoidRootPart"] = CFrame.new(0, 0, 0, 1, 0, 0, 0, 1, 0, 0, 0, 1),
            ["RightUpperLeg"] = CFrame.new(5.960464477539063e-08, -2.6263296604156494e-07, 3.92901711165905e-08, 0.8089635372161865, -0.3169718384742737, 0.4950830936431885, 0.17217512428760529, 0.9330018758773804, 0.3160112500190735, -0.5620800256729126, -0.17040064930915833, 0.8093389868736267),
            ["LeftUpperArm"] = CFrame.new(0, -2.384185791015625e-07, 3.725290298461914e-09, 0.8191560506820679, 0.5024874210357666, -0.27656814455986023, -0.5712777972221375, 0.7578415274620056, -0.3151474595069885, 0.05123719573020935, 0.41615214943885803, 0.9078502655029297),
            ["RightLowerArm"] = CFrame.new(3.2782554626464844e-07, 0, -1.2665987014770508e-07, 1, -9.778885612377053e-08, 3.166496398421259e-08, 8.009374141693115e-08, 0.4371301233768463, -0.8993982672691345, 2.421438694000244e-08, 0.8993982672691345, 0.4371301531791687),
            ["LeftHand"] = CFrame.new(-2.2351741790771484e-07, 2.384185791015625e-07, 1.4901161193847656e-08, 0.7315494418144226, -0.6607908606529236, -0.16790220141410828, 0.44405117630958557, 0.6486583948135376, -0.6181105375289917, 0.5173528790473938, 0.37762126326560974, 0.7679507732391357),
            ["LeftFoot"] = CFrame.new(1.4901161193847656e-08, 5.960464477539063e-08, 3.5157427191734314e-08, 0.9722118377685547, -0.22253529727458954, -0.07267990708351135, 0.2194463610649109, 0.9744366407394409, -0.04813087731599808, 0.08153275400400162, 0.030843771994113922, 0.9961933493614197),
            ["LowerTorso"] = CFrame.new(0.038012560456991196, -0.17844557762145996, 0.00011894470662809908, 0.930813729763031, 0.11374588310718536, -0.3473440110683441, -0.13101695477962494, 0.9910241365432739, -0.026565691456198692, 0.34120458364486694, 0.07023565471172333, 0.9373614192008972),
            ["RightLowerLeg"] = CFrame.new(-7.450580596923828e-09, -0.000014901161193847656, -0.00003507564542815089, 1, -7.450579886381092e-08, -1.1175870895385742e-08, 7.450582373280668e-09, 0.8944070935249329, 0.4472533166408539, 3.72529100900465e-08, -0.4472537934780121, 0.8944073915481567),
            ["LeftUpperLeg"] = CFrame.new(0, -1.7974525690078735e-07, -3.725290298461914e-09, 0.990527331829071, 0.13659660518169403, 0.014035692438483238, -0.09149147570133209, 0.7327377200126648, -0.6743326783180237, -0.10239612311124802, 0.6666610240936279, 0.7382943630218506),
            ["LeftLowerLeg"] = CFrame.new(0, 0.000015020370483398438, 0.00003523379564285278, 1, 5.867330798992043e-08, -3.317837116156852e-09, -9.685753354915505e-08, 0.7091472148895264, 0.7050607800483704, 4.470347647611561e-08, -0.7050604224205017, 0.7091469764709473),
        }},
        {Time = 0.167, Data = {
            ["RightFoot"] = CFrame.new(2.2351741790771484e-08, 4.76837158203125e-07, -3.181048668920994e-08, 0.9837386608123779, 0.13638293743133545, 0.11686713248491287, -0.013477608561515808, 0.704906702041626, -0.7091721892356873, -0.17909952998161316, 0.696064829826355, 0.695281982421875),
            ["LeftLowerArm"] = CFrame.new(2.9802322387695312e-08, 0, 5.960464477539063e-08, 1, 1.490115550950577e-07, -1.899897767998482e-07, -1.4621764421463013e-07, -0.2722333073616028, -0.9622312784194946, -1.8998980522155762e-07, 0.9622313380241394, -0.27223333716392517),
            ["RightUpperArm"] = CFrame.new(0, 1.1920928955078125e-07, 6.28642737865448e-08, -0.248886838555336, 0.16326361894607544, 0.9546728730201721, 0.9585404396057129, -0.09970124810934067, 0.2669457197189331, 0.13876472413539886, 0.9815317988395691, -0.13168030977249146),
            ["Head"] = CFrame.new(-7.264316082000732e-08, 1.1920928955078125e-07, 3.1694071367383e-08, 0.9978381395339966, -0.06422998011112213, -0.013917473144829273, 0.0627683475613594, 0.9941571354866028, -0.08781612664461136, 0.019476601853966713, 0.08675280213356018, 0.9960395097732544),
            ["RightHand"] = CFrame.new(-1.5273690223693848e-07, 0, -1.9371509552001953e-07, 0.9699862599372864, -0.22813066840171814, -0.08416196703910828, 0.1958465427160263, 0.9381048083305359, -0.2856634855270386, 0.14412134885787964, 0.2606067955493927, 0.954627275466919),
            ["UpperTorso"] = CFrame.new(1.1175870895385742e-08, -1.1920928955078125e-07, -4.656612873077393e-10, 0.8531765341758728, -0.38854801654815674, 0.3480234742164612, 0.34550225734710693, 0.9207937717437744, 0.18101666867733002, -0.39079147577285767, -0.034196268767118454, 0.9198437929153442),
            ["HumanoidRootPart"] = CFrame.new(0, 0, 0, 1, 0, 0, 0, 1, 0, 0, 0, 1),
            ["RightUpperLeg"] = CFrame.new(2.9802322387695312e-08, -3.473833203315735e-07, -9.138602763414383e-09, 0.8145244717597961, -0.31422922015190125, 0.48765769600868225, 0.16510920226573944, 0.9314040541648865, 0.3243846893310547, -0.5561373233795166, -0.18370267748832703, 0.8105335235595703),
            ["LeftUpperArm"] = CFrame.new(0, 1.1920928955078125e-07, 6.51925802230835e-08, 0.9148339629173279, 0.2617872357368469, -0.3074837028980255, -0.3784279525279999, 0.8215344548225403, -0.42646634578704834, 0.1409650444984436, 0.5065062046051025, 0.8506352305412292),
            ["RightLowerArm"] = CFrame.new(-2.980232238769531e-07, 0, 7.82310962677002e-08, 1, -2.6077035641947077e-08, 5.587936158235607e-08, 7.82310962677002e-08, 0.49918001890182495, -0.8664983510971069, 1.0849907994270325e-07, 0.8664983510971069, 0.49918001890182495),
            ["LeftHand"] = CFrame.new(-1.043081283569336e-07, 4.76837158203125e-07, -1.2665987014770508e-07, 0.5926963686943054, -0.782681941986084, -0.19005361199378967, 0.492735892534256, 0.539012610912323, -0.6831372380256653, 0.6371204853057861, 0.311246782541275, 0.7051264047622681),
            ["LeftFoot"] = CFrame.new(2.60770320892334e-08, 0, -7.450580596923828e-08, 0.9764045476913452, -0.20920626819133759, 0.053543996065855026, 0.21492306888103485, 0.9655675888061523, -0.14658617973327637, -0.021033616736531258, 0.15463536977767944, 0.9877477884292603),
            ["LowerTorso"] = CFrame.new(0, -0.2877049446105957, 0, 0.9236589670181274, 0.042348071932792664, -0.38086840510368347, -0.06252055615186691, 0.9972118139266968, -0.040742892771959305, 0.3780810534954071, 0.06144464761018753, 0.9237312078475952),
            ["RightLowerLeg"] = CFrame.new(-7.450580596923828e-09, -0.000015139579772949219, -0.00003511289833113551, 1, -8.195641498787154e-08, 2.2351738238057806e-08, 7.450579175838357e-08, 0.871002197265625, 0.4912787079811096, -3.725289587919178e-08, -0.4912793040275574, 0.8710024356842041),
            ["LeftUpperLeg"] = CFrame.new(0, -1.7508864402770996e-07, 4.470348358154297e-08, 0.9886501431465149, 0.08877361565828323, -0.12120301276445389, -0.14643548429012299, 0.7497217059135437, -0.6453479528427124, 0.03357867896556854, 0.6557719111442566, 0.7542122006416321),
            ["LeftLowerLeg"] = CFrame.new(7.450580596923828e-08, 0.000015079975128173828, 0.00003501027822494507, 1, 6.146729703004894e-08, 4.842878098543224e-08, -1.1920930376163597e-07, 0.6145325303077698, 0.7888916730880737, -2.980232594040899e-08, -0.7888915538787842, 0.6145324110984802),
        }},
        {Time = 0.200, Data = {
            ["RightFoot"] = CFrame.new(-7.450580596923828e-09, 4.172325134277344e-07, -1.4115357771515846e-08, 0.9836206436157227, 0.1802258938550949, -0.003015136579051614, -0.09255169332027435, 0.4906251132488251, -0.8664416670799255, -0.15467588603496552, 0.852528989315033, 0.4992692768573761),
            ["LeftLowerArm"] = CFrame.new(0, 2.384185791015625e-07, -2.9802322387695312e-08, 1, 1.3411042232291948e-07, -1.5273690223693848e-07, -1.564621925354004e-07, -0.17055760324001312, -0.9853477478027344, -2.0116567611694336e-07, 0.9853477478027344, -0.1705576628446579),
            ["RightUpperArm"] = CFrame.new(5.960464477539063e-08, 1.1920928955078125e-07, 2.584420144557953e-08, -0.345041424036026, 0.11076763272285461, 0.9320284724235535, 0.9365617632865906, -0.024573717266321182, 0.3496401011943817, 0.061632126569747925, 0.9935425519943237, -0.0952618420124054),
            ["Head"] = CFrame.new(8.381903171539307e-09, 1.1920928955078125e-07, 2.051820047199726e-08, 0.9981824159622192, 0.024593323469161987, -0.055020082741975784, -0.028725655749440193, 0.9967226982116699, -0.07562305778265, 0.052979957312345505, 0.07706618309020996, 0.9956173896789551),
            ["RightHand"] = CFrame.new(-2.421438694000244e-08, -1.7881393432617188e-07, 2.9802322387695312e-08, 0.9647745490074158, -0.24907653033733368, -0.08468178659677505, 0.21604005992412567, 0.9337891936302185, -0.28524476289749146, 0.15012268722057343, 0.25690221786499023, 0.9547065496444702),
            ["UpperTorso"] = CFrame.new(1.3969838619232178e-09, 3.2782554626464844e-07, -1.862645149230957e-09, 0.8525880575180054, -0.3419356346130371, 0.3951880931854248, 0.30150800943374634, 0.9395242929458618, 0.16244085133075714, -0.4268331229686737, -0.019342754036188126, 0.9041235446929932),
            ["HumanoidRootPart"] = CFrame.new(0, 0, 0, 1, 0, 0, 0, 1, 0, 0, 0, 1),
            ["RightUpperLeg"] = CFrame.new(5.960464477539063e-08, 4.745088517665863e-07, -3.149034455418587e-08, 0.8041285276412964, -0.07652890682220459, 0.5895089507102966, 0.13605397939682007, 0.9890493750572205, -0.05719015747308731, -0.5786766409873962, 0.12619316577911377, 0.8057348728179932),
            ["LeftUpperArm"] = CFrame.new(0, 3.5762786865234375e-07, -7.450580596923828e-09, 0.9010192155838013, 0.0882524847984314, -0.4247068464756012, -0.2973741292953491, 0.8384745121002197, -0.4566500186920166, 0.3158053159713745, 0.5377471446990967, 0.7817257046699524),
            ["RightLowerArm"] = CFrame.new(1.4901161193847656e-07, 5.960464477539063e-08, -2.8312206268310547e-07, 1, -7.031484727804127e-08, 4.284083843231201e-08, 8.381903171539307e-08, 0.526923656463623, -0.8499126434326172, 4.330649971961975e-08, 0.8499125838279724, 0.5269237160682678),
            ["LeftHand"] = CFrame.new(2.9802322387695312e-08, 5.960464477539062e-07, 3.5762786865234375e-07, 0.5234113335609436, -0.8288453817367554, -0.19762620329856873, 0.5112079977989197, 0.4910142421722412, -0.70538729429245, 0.6816941499710083, 0.2681797742843628, 0.6807147860527039),
            ["LeftFoot"] = CFrame.new(3.725290298461914e-08, -5.960464477539063e-08, 0, 0.9796263575553894, -0.16422463953495026, 0.11559610068798065, 0.19285118579864502, 0.9298737645149231, -0.3132787048816681, -0.05604177713394165, 0.329188734292984, 0.9425996541976929),
            ["LowerTorso"] = CFrame.new(-0.0330415703356266, -0.2793147563934326, 0, 0.9260026812553406, -0.0330895334482193, -0.3760640621185303, 0.013610650785267353, 0.9984298944473267, -0.05433671548962593, 0.3772715926170349, 0.045197464525699615, 0.9249991178512573),
            ["RightLowerLeg"] = CFrame.new(-4.842877388000488e-08, -0.000014781951904296875, -0.000035101722460240126, 1, -6.705522537231445e-08, -8.754434333013705e-08, 1.1548402767402877e-07, 0.48334917426109314, 0.8754276037216187, -1.1175873737556685e-07, -0.8754277229309082, 0.483349472284317),
            ["LeftUpperLeg"] = CFrame.new(-2.9802322387695312e-08, 2.547167241573334e-07, 7.450580596923828e-09, 0.9803382754325867, 0.06579115241765976, -0.18603326380252838, -0.17264679074287415, 0.7425077557563782, -0.6472055912017822, 0.09555073082447052, 0.6665985584259033, 0.7392675876617432),
            ["LeftLowerLeg"] = CFrame.new(2.9802322387695312e-08, 0.000015079975128173828, 0.000035114586353302, 1, 7.450581307466564e-08, 3.352760913344355e-08, -3.7252888773764425e-08, 0.4416423439979553, 0.8971913456916809, 5.960462345910855e-08, -0.8971912264823914, 0.44164201617240906),
        }},
        {Time = 0.233, Data = {
            ["RightFoot"] = CFrame.new(-1.1175870895385742e-08, 2.980232238769531e-07, 1.7171259969472885e-09, 0.9190289378166199, 0.33115148544311523, -0.21383418142795563, -0.30216532945632935, 0.24345460534095764, -0.9216429591178894, -0.2531445026397705, 0.9116296768188477, 0.32380440831184387),
            ["LeftLowerArm"] = CFrame.new(2.9802322387695312e-08, -5.960464477539063e-08, 0, 1, 1.806765510536934e-07, -1.91852478792498e-07, -1.5832485189548606e-07, -0.11743593215942383, -0.9930804967880249, -1.871958659194206e-07, 0.9930805563926697, -0.11743602156639099),
            ["RightUpperArm"] = CFrame.new(-5.960464477539063e-08, -1.1920928955078125e-07, 4.423782229423523e-09, -0.3425036072731018, -0.03781404346227646, 0.9387552738189697, 0.8963965773582458, 0.28608012199401855, 0.3385726511478424, -0.28136202692985535, 0.9574593305587769, -0.06408709287643433),
            ["Head"] = CFrame.new(1.955777406692505e-08, -3.5762786865234375e-07, 2.9103830456733704e-11, 0.9879878759384155, 0.12708964943885803, -0.08791060745716095, -0.1317940056324005, 0.9900187253952026, -0.04993407428264618, 0.08068704605102539, 0.06092044338583946, 0.9948760867118835),
            ["RightHand"] = CFrame.new(-2.086162567138672e-07, 2.384185791015625e-07, -6.705522537231445e-08, 0.9729277491569519, -0.2187022864818573, -0.07470680773258209, 0.1913362592458725, 0.9435474872589111, -0.27038607001304626, 0.1296234428882599, 0.24877198040485382, 0.9598491787910461),
            ["UpperTorso"] = CFrame.new(-5.587935447692871e-09, 8.940696716308594e-08, -1.6763806343078613e-08, 0.8591207265853882, -0.2767865061759949, 0.43046581745147705, 0.2498096227645874, 0.9609183073043823, 0.11929532885551453, -0.4466617703437805, 0.005045406986027956, 0.8946886658668518),
            ["HumanoidRootPart"] = CFrame.new(0, 0, 0, 1, 0, 0, 0, 1, 0, 0, 0, 1),
            ["RightUpperLeg"] = CFrame.new(2.9802322387695312e-08, 2.3096799850463867e-07, -1.658918336033821e-08, 0.8215534090995789, 0.22850455343723297, 0.5223367214202881, 0.2339407503604889, 0.7003797292709351, -0.6743442416191101, -0.5199246406555176, 0.6762056350708008, 0.5219427347183228),
            ["LeftUpperArm"] = CFrame.new(-5.960464477539063e-08, -3.5762786865234375e-07, -7.450580596923828e-09, 0.7389889359474182, 0.08567125350236893, -0.6682482957839966, -0.3153676688671112, 0.920489490032196, -0.2307431697845459, 0.5953474640846252, 0.38126063346862793, 0.7072495222091675),
            ["RightLowerArm"] = CFrame.new(-4.470348358154297e-07, -1.7881393432617188e-07, -1.7881393432617188e-07, 1, -1.1175870895385742e-07, 3.9814040064811707e-08, 7.82310962677002e-08, 0.4687272906303406, -0.883342981338501, 2.2351741790771484e-08, 0.8833429217338562, 0.4687272906303406),
            ["LeftHand"] = CFrame.new(-2.384185791015625e-07, 3.5762786865234375e-07, -2.980232238769531e-07, 0.6636252999305725, -0.7241267561912537, -0.18772920966148376, 0.4662199914455414, 0.5966127514839172, -0.6532166004180908, 0.5850131511688232, 0.34596800804138184, 0.7335297465324402),
            ["LeftFoot"] = CFrame.new(7.078051567077637e-08, 5.960464477539063e-08, -2.2351741790771484e-08, 0.9926899075508118, -0.09867753088474274, 0.06949442625045776, 0.11988949775695801, 0.8725330233573914, -0.4736167788505554, -0.013900935649871826, 0.47848615050315857, 0.8779850602149963),
            ["LowerTorso"] = CFrame.new(-0.060533441603183746, -0.2568563222885132, 0, 0.9251977205276489, -0.11152977496385574, -0.3627264201641083, 0.0940367728471756, 0.9934056997299194, -0.06559138000011444, 0.3676499128341675, 0.026575369760394096, 0.9295845031738281),
            ["RightLowerLeg"] = CFrame.new(-3.725290298461914e-08, -0.000015139579772949219, -0.000034986238460987806, 1, -1.1920923270736239e-07, -1.86264600188224e-07, 1.4156103134155273e-07, -0.23065386712551117, 0.9730359315872192, -8.940696716308594e-08, -0.9730358719825745, -0.23065394163131714),
            ["LeftUpperLeg"] = CFrame.new(0, 1.8230639398097992e-07, -7.450580596923828e-09, 0.9807446002960205, 0.11153942346572876, -0.16030924022197723, -0.18889720737934113, 0.7501701712608337, -0.6336894035339355, 0.04957794025540352, 0.6517696380615234, 0.7567949891090393),
            ["LeftLowerLeg"] = CFrame.new(8.195638656616211e-08, 0.000015079975128173828, 0.00003501027822494507, 1, 1.043081283569336e-07, 1.043081283569336e-07, -5.960464477539063e-08, 0.2927563190460205, 0.9561871886253357, 7.450580596923828e-08, -0.9561871290206909, 0.29275617003440857),
        }},
        {Time = 0.267, Data = {
            ["RightFoot"] = CFrame.new(-6.705522537231445e-08, -5.960464477539063e-08, 1.6618287190794945e-08, 0.8720999360084534, 0.4857625961303711, 0.05896458029747009, -0.3090987801551819, 0.6402902603149414, -0.7031970024108887, -0.3793412148952484, 0.5950319766998291, 0.7085458636283875),
            ["LeftLowerArm"] = CFrame.new(0, 1.1920928955078125e-07, -8.940696716308594e-08, 1, 1.572770571556248e-07, -1.6507694056144828e-07, -1.4295802941433067e-07, -0.08499152213335037, -0.9963817000389099, -1.0410441575459117e-07, 0.9963816404342651, -0.08499164134263992),
            ["RightUpperArm"] = CFrame.new(5.960464477539063e-08, 0, 3.050081431865692e-08, -0.09351780265569687, -0.12148889899253845, 0.9881775379180908, 0.6236051321029663, 0.7665690183639526, 0.15325964987277985, -0.7761257290840149, 0.6305651664733887, 0.004073194228112698),
            ["Head"] = CFrame.new(9.12696123123169e-08, 2.384185791015625e-07, 1.8655555322766304e-08, 0.9663674831390381, 0.2292819321155548, -0.11646346002817154, -0.2324874848127365, 0.972490668296814, -0.014543946832418442, 0.10992495715618134, 0.04113119840621948, 0.9930885434150696),
            ["RightHand"] = CFrame.new(-1.043081283569336e-07, 5.960464477539063e-08, 1.4901161193847656e-07, 0.9852887392044067, -0.16193309426307678, -0.0546245351433754, 0.143944650888443, 0.9586506485939026, -0.24549725651741028, 0.09211984276771545, 0.2340228259563446, 0.9678571224212646),
            ["UpperTorso"] = CFrame.new(-1.4668330550193787e-08, 8.940696716308594e-08, -1.0710209608078003e-08, 0.8705231547355652, -0.2006770670413971, 0.4493532180786133, 0.19465219974517822, 0.9790276288986206, 0.06012900173664093, -0.45199573040008545, 0.03512388467788696, 0.8913283348083496),
            ["HumanoidRootPart"] = CFrame.new(0, 0, 0, 1, 0, 0, 0, 1, 0, 0, 0, 1),
            ["RightUpperLeg"] = CFrame.new(-5.960464477539063e-08, -2.0815059542655945e-07, -9.138602763414383e-09, 0.988701343536377, -0.048095326870679855, 0.14197427034378052, 0.1286487877368927, -0.21386867761611938, -0.9683541059494019, 0.07693728059530258, 0.9756777882575989, -0.20526492595672607),
            ["LeftUpperArm"] = CFrame.new(-5.960464477539063e-08, 0, -1.1175870895385742e-08, 0.45839422941207886, 0.27470624446868896, -0.8452285528182983, -0.2504696846008301, 0.9524136185646057, 0.173704594373703, 0.8527248501777649, 0.13207893073558807, 0.5053865313529968),
            ["RightLowerArm"] = CFrame.new(-2.9802322387695312e-08, -1.1920928955078125e-07, 1.862645149230957e-07, 1, -1.2665987014770508e-07, 5.960464477539063e-08, 5.960464477539063e-08, 0.35401520133018494, -0.9352397322654724, 4.470348358154297e-08, 0.9352397322654724, 0.35401517152786255),
            ["LeftHand"] = CFrame.new(-3.073364496231079e-08, 2.980232238769531e-07, 3.725290298461914e-08, 0.8871933817863464, -0.4548318386077881, -0.07756400108337402, 0.34422916173934937, 0.7644162774085999, -0.5451364517211914, 0.3072366416454315, 0.4569419324398041, 0.8347514867782593),
            ["LeftFoot"] = CFrame.new(4.842877388000488e-08, -5.960464477539063e-08, 4.470348358154297e-08, 0.9986313581466675, -0.04915918782353401, 0.017857911065220833, 0.05038189888000488, 0.8124783635139465, -0.5808104872703552, 0.014042988419532776, 0.5809152126312256, 0.8138430118560791),
            ["LowerTorso"] = CFrame.new(-0.08282825350761414, -0.22439706325531006, 0, 0.9216652512550354, -0.18864227831363678, -0.3390386998653412, 0.17406709492206573, 0.9820095300674438, -0.07319790869951248, 0.34674742817878723, 0.008448501117527485, 0.9379205107688904),
