return {
    ["Traveling In Time"] = {
        {Time = 0.000, Data = {
            ["RightFoot"] = CFrame.new(-1.4156103134155273e-07, 1.7881393432617188e-07, 9.110226528719068e-08, 0.9644964933395386, 0.006645072717219591, 0.2640121579170227, 0.18651853501796722, 0.6905953288078308, -0.6987766027450562, -0.18696895241737366, 0.723210871219635, 0.6648373603820801),
            ["LeftLowerArm"] = CFrame.new(8.940696716308594e-08, -3.5762786865234375e-07, 1.5689693100284785e-07, 1, -7.636845111846924e-08, 4.656613938891496e-08, 8.56816981809061e-08, 0.5284762382507324, -0.8489481210708618, 3.931928560518827e-08, 0.848948061466217, 0.5284762382507324),
            ["LeftFoot"] = CFrame.new(-3.129243850708008e-07, -5.960464477539063e-08, 5.960464477539063e-08, 0.9920799136161804, 0.08649854362010956, -0.09108103066682816, -0.05525641143321991, 0.9517179727554321, 0.3019596040248871, 0.11280204355716705, -0.29453518986701965, 0.9489598870277405),
            ["Head"] = CFrame.new(-3.67872416973114e-08, 0, 8.940696716308594e-08, 0.9202534556388855, -0.008170414716005325, -0.3912375569343567, -0.14184950292110443, 0.9248207807540894, -0.35296618938446045, 0.3647085130214691, 0.380315363407135, 0.8499106168746948),
            ["LowerTorso"] = CFrame.new(1.3643741607666016, -0.38315653800964355, 1.502678394317627, 0.8210983276367188, -0.18190492689609528, 0.5410251021385193, 0.022088823840022087, 0.9572750926017761, 0.28833404183387756, -0.5703592300415039, -0.2247999906539917, 0.7900350093841553),
            ["UpperTorso"] = CFrame.new(-7.450580596923828e-09, -2.384185791015625e-07, -1.7881393432617188e-07, 0.9987839460372925, -0.006594490725547075, 0.048858992755413055, -0.009156976826488972, 0.9489580988883972, 0.31526902318000793, -0.048444218933582306, -0.31533312797546387, 0.947743833065033),
            ["HumanoidRootPart"] = CFrame.new(0, 0, 0, 1, 0, 0, 0, 1, 0, 0, 0, 1),
            ["RightUpperLeg"] = CFrame.new(-2.384185791015625e-07, -1.4901161193847656e-07, -1.6560807125642896e-07, 0.9604676365852356, -0.11656562238931656, -0.2528133988380432, -0.07643938809633255, 0.7627948522567749, -0.6421068906784058, 0.2676922678947449, 0.6360476016998291, 0.7237293124198914),
            ["LeftUpperArm"] = CFrame.new(-2.384185791015625e-07, -1.1920928955078125e-07, 2.3189932107925415e-07, 0.7605853080749512, 0.5452847480773926, -0.3523842990398407, -0.4049762487411499, 0.8226968050003052, 0.39895403385162354, 0.5074489712715149, -0.1607312560081482, 0.8465583324432373),
            ["RightLowerArm"] = CFrame.new(-5.960464477539063e-08, -1.1920928955078125e-07, 5.4016709327697754e-08, 1, -8.381903882082042e-08, 4.470348358154297e-08, 5.960464477539063e-08, 0.3344927132129669, -0.9423983693122864, 5.21540641784668e-08, 0.9423984289169312, 0.33449259400367737),
            ["LeftHand"] = CFrame.new(1.4901161193847656e-08, 4.172325134277344e-07, -3.725290298461914e-08, 0.9545631408691406, -0.27454861998558044, -0.11589720100164413, 0.220848947763443, 0.9128378033638, -0.3434428572654724, 0.2000870257616043, 0.30224210023880005, 0.931995153427124),
            ["RightHand"] = CFrame.new(3.725290298461914e-08, 5.960464477539063e-08, -5.029141902923584e-08, 0.9943965077400208, 0.09062131494283676, 0.054436977952718735, -0.07251491397619247, 0.9594148397445679, -0.27251607179641724, -0.07692336291074753, 0.26704141497612, 0.960610032081604),
            ["RightUpperArm"] = CFrame.new(-2.980232238769531e-07, 0, -8.195638656616211e-08, 0.6717169284820557, -0.6064753532409668, 0.4254222512245178, 0.45586922764778137, 0.7910595536231995, 0.4079315662384033, -0.5839347243309021, -0.08007767051458359, 0.8078415393829346),
            ["RightLowerLeg"] = CFrame.new(3.241002559661865e-07, -0.00006026029586791992, -0.00007243284926516935, 1, -1.8067653684283869e-07, -8.754432911928234e-08, 1.2852251529693604e-07, 0.2989158034324646, 0.9542794227600098, -1.424923539161682e-07, -0.9542795419692993, 0.29891613125801086),
            ["LeftUpperLeg"] = CFrame.new(-2.384185791015625e-07, 4.470348358154297e-08, -3.5762786865234375e-07, 0.9657328128814697, 0.25767627358436584, -0.031035825610160828, -0.11637642979621887, 0.32303953170776367, -0.9392029643058777, -0.2319844663143158, 0.9106308817863464, 0.34195736050605774),
            ["LeftLowerLeg"] = CFrame.new(-1.4901161193847656e-08, 0.00006031990051269531, 0.00007190555334091187, 1, 2.3841860752327193e-07, 7.450579175838357e-08, -1.1920926112907182e-07, -0.06523606926202774, 0.9978698492050171, 2.2351736106429598e-07, -0.9978698492050171, -0.06523606181144714),
        }},
        {Time = 0.033, Data = {
            ["RightFoot"] = CFrame.new(1.1362135410308838e-07, 2.980232238769531e-07, 7.620110409334302e-08, 0.9549672603607178, 0.024300364777445793, 0.2957148849964142, 0.14624647796154022, 0.828618586063385, -0.540372908115387, -0.25816601514816284, 0.5592860579490662, 0.7877498269081116),
            ["LeftLowerArm"] = CFrame.new(5.960464477539063e-08, 3.5762786865234375e-07, 2.9230432119220495e-07, 1, -6.874326174965972e-08, 2.665911580379543e-08, 7.264318924171675e-08, 0.5936693549156189, -0.8047091364860535, 3.556853300779039e-08, 0.8047091364860535, 0.5936693549156189),
            ["LeftFoot"] = CFrame.new(-1.1920928955078125e-07, -5.960464477539063e-08, 4.470348358154297e-08, 0.9910115003585815, -0.009528175927698612, -0.13343781232833862, 0.04452521353960037, 0.9640853404998779, 0.26183366775512695, 0.12615028023719788, -0.26542210578918457, 0.9558438658714294),
            ["Head"] = CFrame.new(1.30385160446167e-07, 2.384185791015625e-07, 1.1920928955078125e-07, 0.8947651982307434, 0.034272223711013794, -0.4452199935913086, -0.18618449568748474, 0.9348812699317932, -0.30221226811408997, 0.4058702290058136, 0.35330212116241455, 0.8428800702095032),
            ["LowerTorso"] = CFrame.new(1.229844093322754, -0.2735121250152588, 1.3292897939682007, 0.8492826819419861, -0.14229460060596466, 0.5084006190299988, -0.00863031018525362, 0.9591217041015625, 0.2828623950481415, -0.52786785364151, -0.2446177899837494, 0.8133373856544495),
            ["UpperTorso"] = CFrame.new(-1.3224780559539795e-07, -5.960464477539063e-08, 1.7881393432617188e-07, 0.9852412939071655, -0.09603872895240784, 0.1416904777288437, 0.04742661491036415, 0.9485235214233398, 0.3131355941295624, -0.16446980834007263, -0.30179429054260254, 0.9390793442726135),
            ["HumanoidRootPart"] = CFrame.new(0, 0, 0, 1, 0, 0, 0, 1, 0, 0, 0, 1),
            ["RightUpperLeg"] = CFrame.new(-1.4901161193847656e-07, -3.427267074584961e-07, -1.3580574886873364e-07, 0.9691632986068726, -0.12399092316627502, -0.21295246481895447, 0.006549912039190531, 0.8768439292907715, -0.4807305335998535, 0.2463323473930359, 0.464511513710022, 0.8506170511245728),
            ["LeftUpperArm"] = CFrame.new(1.1920928955078125e-07, 1.1920928955078125e-07, 2.0489096641540527e-07, 0.7086079716682434, 0.5852189064025879, -0.39420008659362793, -0.42481645941734314, 0.7999097108840942, 0.42388129234313965, 0.5633877515792847, -0.13290303945541382, 0.8154329657554626),
            ["RightLowerArm"] = CFrame.new(-2.9802322387695312e-08, 1.1920928955078125e-07, 2.7567148208618164e-07, 1, -8.195639367158947e-08, 8.195637946073475e-08, 9.499490261077881e-08, 0.3352615535259247, -0.9421250820159912, 5.960464477539063e-08, 0.9421250820159912, 0.3352615535259247),
            ["LeftHand"] = CFrame.new(2.2351741790771484e-08, -1.1920928955078125e-07, -1.9744038581848145e-07, 0.9739658832550049, -0.22189654409885406, -0.0463959202170372, 0.18857727944850922, 0.9066341519355774, -0.37742966413497925, 0.12581446766853333, 0.35885438323020935, 0.9248753190040588),
            ["RightHand"] = CFrame.new(7.450580596923828e-08, 1.7881393432617188e-07, 1.1548399925231934e-07, 0.9837347269058228, 0.12638160586357117, 0.12764699757099152, -0.07212009280920029, 0.9287179708480835, -0.3637056052684784, -0.16451358795166016, 0.3485836982727051, 0.9227267503738403),
            ["RightUpperArm"] = CFrame.new(-5.960464477539063e-08, 0, -2.3096799850463867e-07, 0.7264752388000488, -0.5697377920150757, 0.3842298984527588, 0.4225544035434723, 0.8112905621528625, 0.4040488600730896, -0.541923999786377, -0.13117340207099915, 0.8301275968551636),
            ["RightLowerLeg"] = CFrame.new(-1.6763806343078613e-07, -0.00006031990051269531, -0.00007220933184726164, 1, -8.940694584680386e-08, -2.980232594040899e-08, 9.82545458327877e-08, 0.5221380591392517, 0.8528608083724976, -1.0617078771701927e-07, -0.8528610467910767, 0.5221385359764099),
            ["LeftUpperLeg"] = CFrame.new(0, -8.940696716308594e-08, -2.384185791015625e-07, 0.9694133996963501, 0.2425619661808014, 0.03743543103337288, -0.05214615911245346, 0.35260194540023804, -0.9343193769454956, -0.2398301362991333, 0.9037895798683167, 0.3544657826423645),
            ["LeftLowerLeg"] = CFrame.new(1.341104507446289e-07, 0.000060677528381347656, 0.00007206201553344727, 1, 5.960465188081798e-08, 1.1175868053214799e-07, -2.9802322387695312e-08, 0.14086341857910156, 0.9900290966033936, 7.450580596923828e-08, -0.9900290966033936, 0.14086340367794037),
        }},
        {Time = 0.067, Data = {
            ["RightFoot"] = CFrame.new(1.1175870895385742e-07, 4.172325134277344e-07, -1.0261283023282886e-07, 0.9411381483078003, -0.026801319792866707, 0.33695828914642334, 0.07767145335674286, 0.9873247146606445, -0.13840918242931366, -0.32897743582725525, 0.15643411874771118, 0.9312906265258789),
            ["LeftLowerArm"] = CFrame.new(-5.960464477539063e-08, -5.960464477539063e-08, 8.940696716308594e-08, 1, -8.521601557731628e-08, 4.1443851017675115e-08, 8.288770914077759e-08, 0.5997499227523804, -0.8001875281333923, 3.213062882423401e-08, 0.8001875281333923, 0.5997499227523804),
            ["LeftFoot"] = CFrame.new(7.82310962677002e-08, -1.1920928955078125e-07, 7.450580596923828e-08, 0.9864327907562256, -0.031741783022880554, -0.1610686033964157, 0.05286906659603119, 0.9902824759483337, 0.1286289244890213, 0.1554194986820221, -0.13540002703666687, 0.9785252213478088),
            ["Head"] = CFrame.new(1.2665987014770508e-07, 2.384185791015625e-07, -5.960464477539063e-08, 0.8651658892631531, 0.0383046418428421, -0.5000206828117371, -0.20518524944782257, 0.9368377923965454, -0.28325602412223816, 0.45758843421936035, 0.34766054153442383, 0.8183797001838684),
            ["LowerTorso"] = CFrame.new(1.0982840061187744, -0.17928075790405273, 1.1507328748703003, 0.879023551940918, -0.11497087776660919, 0.46270883083343506, -0.02227543108165264, 0.9595270156860352, 0.2807343900203705, -0.47625792026519775, -0.257079154253006, 0.8408856987953186),
            ["UpperTorso"] = CFrame.new(1.0803341865539551e-07, -4.76837158203125e-07, 1.1920928955078125e-07, 0.9562774896621704, -0.14315280318260193, 0.2550308108329773, 0.05750291049480438, 0.9470266699790955, 0.315964937210083, -0.2867523431777954, -0.2874852120876312, 0.9138519763946533),
            ["HumanoidRootPart"] = CFrame.new(0, 0, 0, 1, 0, 0, 0, 1, 0, 0, 0, 1),
            ["RightUpperLeg"] = CFrame.new(5.960464477539063e-08, -4.172325134277344e-07, 4.00636054109782e-07, 0.9657154083251953, -0.1386888176202774, -0.219452366232872, 0.0658067837357521, 0.9485064744949341, -0.3098468780517578, 0.2511242628097534, 0.2847822904586792, 0.9251139163970947),
            ["LeftUpperArm"] = CFrame.new(1.1920928955078125e-07, 3.5762786865234375e-07, 1.341104507446289e-07, 0.709810733795166, 0.5927243828773499, -0.3805868625640869, -0.433527410030365, 0.7934562563896179, 0.42717835307121277, 0.555178165435791, -0.13822084665298462, 0.8201659917831421),
            ["RightLowerArm"] = CFrame.new(5.960464477539063e-08, -5.364418029785156e-07, 2.7194619178771973e-07, 1, -9.592622518539429e-08, 4.912727646910753e-08, 7.078052277620372e-08, 0.32006943225860596, -0.9473941326141357, 6.612390990312633e-08, 0.947394073009491, 0.32006946206092834),
            ["LeftHand"] = CFrame.new(-7.078051567077637e-08, -2.384185791015625e-07, -5.4016709327697754e-08, 0.9698693156242371, -0.2407199740409851, -0.03751632198691368, 0.2121560126543045, 0.9102148413658142, -0.35566678643226624, 0.11976399272680283, 0.3369908928871155, 0.933859646320343),
            ["RightHand"] = CFrame.new(0, 0, -2.5704503059387207e-07, 0.9830282330513, 0.1319975107908249, 0.1274055689573288, -0.07804861664772034, 0.9294090270996094, -0.360704243183136, -0.16602389514446259, 0.34463849663734436, 0.9239374399185181),
            ["RightUpperArm"] = CFrame.new(1.1920928955078125e-07, -1.1920928955078125e-07, -1.4901161193847656e-07, 0.7219961881637573, -0.5861810445785522, 0.36757755279541016, 0.46408048272132874, 0.8043106198310852, 0.371098130941391, -0.513177216053009, -0.09734590351581573, 0.8527442812919617),
            ["RightLowerLeg"] = CFrame.new(8.940696716308594e-08, -0.000060439109802246094, -0.00007188895688159391, 1, -9.685756197086448e-08, -8.195640788244418e-08, 1.2107196312172164e-07, 0.7389605045318604, 0.6737485527992249, -3.981405072295274e-08, -0.6737487316131592, 0.7389608025550842),
            ["LeftUpperLeg"] = CFrame.new(2.9802322387695312e-08, -2.4586915969848633e-07, 1.7881393432617188e-07, 0.9628520607948303, 0.24204441905021667, 0.1197095587849617, 0.007986098527908325, 0.4176015555858612, -0.9085951447486877, -0.2699113190174103, 0.875798761844635, 0.400155633687973),
            ["LeftLowerLeg"] = CFrame.new(7.450580596923828e-09, 0.000060439109802246094, 0.00007195025682449341, 1, 2.980232594040899e-08, 9.313222193441106e-08, -5.5879347371501353e-08, 0.35839736461639404, 0.9335691928863525, 2.9802318834981634e-08, -0.9335691928863525, 0.35839736461639404),
        }},
        {Time = 0.100, Data = {
            ["RightFoot"] = CFrame.new(-2.60770320892334e-08, 4.172325134277344e-07, 1.6952981241047382e-09, 0.9467381238937378, -0.12039028108119965, 0.2986522912979126, 0.05373525246977806, 0.973541259765625, 0.22210358083248138, -0.3174894154071808, -0.19422577321529388, 0.9281577467918396),
            ["LeftLowerArm"] = CFrame.new(0, -3.5762786865234375e-07, 3.129243850708008e-07, 1, -8.521600847188893e-08, 2.1420413887085488e-08, 6.798654794692993e-08, 0.5962924361228943, -0.8027673363685608, 4.6566128730773926e-08, 0.802767276763916, 0.5962924361228943),
            ["LeftFoot"] = CFrame.new(1.862645149230957e-09, 0, 2.9802322387695312e-08, 0.9809590578079224, -0.04886370524764061, -0.1879674196243286, 0.03812171891331673, 0.9974493980407715, -0.060346685349941254, 0.19043651223182678, 0.05203146114945412, 0.980319619178772),
            ["Head"] = CFrame.new(5.960464477539063e-08, -1.1920928955078125e-07, -8.940696716308594e-08, 0.8336456418037415, 0.037228282541036606, -0.5510436296463013, -0.2186422199010849, 0.9384607672691345, -0.26737043261528015, 0.5071790218353271, 0.34337377548217773, 0.7904834151268005),
            ["LowerTorso"] = CFrame.new(0.9721794128417969, -0.10837197303771973, 0.9700121879577637, 0.9177371263504028, -0.1119217798113823, 0.38109350204467773, -0.0012967922957614064, 0.9586281776428223, 0.28465843200683594, -0.3971864879131317, -0.26173579692840576, 0.8796234130859375),
            ["UpperTorso"] = CFrame.new(-3.282912075519562e-08, 5.960464477539063e-08, 2.9802322387695312e-08, 0.9096904397010803, -0.17927567660808563, 0.3745979368686676, 0.05537921190261841, 0.9463333487510681, 0.3184124529361725, -0.41157811880111694, -0.26891186833381653, 0.8707984685897827),
            ["HumanoidRootPart"] = CFrame.new(0, 0, 0, 1, 0, 0, 0, 1, 0, 0, 0, 1),
            ["RightUpperLeg"] = CFrame.new(-1.7881393432617188e-07, 3.725290298461914e-07, -7.620110409334302e-08, 0.9800840020179749, -0.1204647645354271, -0.15787246823310852, 0.07168492674827576, 0.9560053944587708, -0.28445592522621155, 0.18519380688667297, 0.2674734592437744, 0.9456009268760681),
            ["LeftUpperArm"] = CFrame.new(1.1920928955078125e-07, -4.76837158203125e-07, -3.8743019104003906e-07, 0.7103375792503357, 0.6091614365577698, -0.3526228368282318, -0.4427083432674408, 0.7761493921279907, 0.44900062680244446, 0.5472018122673035, -0.16283293068408966, 0.8210089206695557),
            ["RightLowerArm"] = CFrame.new(5.960464477539063e-08, 5.960464477539063e-08, 9.685754776000977e-08, 1, -9.126959099603482e-08, 7.078048724906694e-08, 9.126959099603482e-08, 0.32994896173477173, -0.9439987540245056, 7.450579175838357e-08, 0.9439988136291504, 0.32994893193244934),
            ["LeftHand"] = CFrame.new(-2.2351741790771484e-08, -4.76837158203125e-07, 1.341104507446289e-07, 0.9651371240615845, -0.2602831721305847, -0.027624599635601044, 0.2359064221382141, 0.9107272624969482, -0.3390046954154968, 0.11339564621448517, 0.3206692039966583, 0.9403790831565857),
            ["RightHand"] = CFrame.new(-2.9802322387695312e-08, -1.1920928955078125e-07, 1.1920928955078125e-07, 0.9860408306121826, 0.12689103186130524, 0.10780656337738037, -0.08108685165643692, 0.931458055973053, -0.3546985983848572, -0.1454252004623413, 0.34100544452667236, 0.9287447333335876),
            ["RightUpperArm"] = CFrame.new(0, -1.1920928955078125e-07, -1.4901161193847656e-08, 0.7069534063339233, -0.6129944920539856, 0.35278138518333435, 0.515044629573822, 0.7880509495735168, 0.337201327085495, -0.4847121834754944, -0.05668751522898674, 0.8728348016738892),
            ["RightLowerLeg"] = CFrame.new(8.940696716308594e-08, -0.000060439109802246094, -0.00007211806223494932, 1, -1.2665984172599565e-07, -2.2351736461700966e-08, 1.0058282384761696e-07, 0.7863679528236389, 0.6177580952644348, -9.662470290550118e-08, -0.6177583932876587, 0.786368191242218),
            ["LeftUpperLeg"] = CFrame.new(0, 3.7997961044311523e-07, 1.043081283569336e-07, 0.9444937705993652, 0.2725353538990021, 0.18345580995082855, 0.035464778542518616, 0.4705716371536255, -0.8816488981246948, -0.32660970091819763, 0.8392179608345032, 0.43478652834892273),
            ["LeftLowerLeg"] = CFrame.new(-7.450580596923828e-09, 0.00006097555160522461, 0.00007215514779090881, 1, 8.940695295223122e-08, 4.0978189730367376e-08, -8.195638656616211e-08, 0.5369285345077515, 0.8436278104782104, 2.9802322387695312e-08, -0.8436277508735657, 0.5369285345077515),
        }},
        {Time = 0.133, Data = {
            ["RightFoot"] = CFrame.new(1.3783574104309082e-07, 2.980232238769531e-07, 3.593231667764485e-07, 0.9545605778694153, -0.17845341563224792, 0.23868072032928467, 0.028529837727546692, 0.8519381284713745, 0.5228644609451294, -0.2966480851173401, -0.49229657649993896, 0.8183180093765259),
            ["LeftLowerArm"] = CFrame.new(0, 5.960464477539063e-08, -1.564621925354004e-07, 1, -5.960464477539063e-08, 4.5634813261585805e-08, 6.612389569227162e-08, 0.5915098786354065, -0.806297779083252, 1.862644971595273e-08, 0.8062977194786072, 0.5915098786354065),
            ["LeftFoot"] = CFrame.new(5.774199962615967e-08, 5.960464477539063e-08, 3.166496753692627e-08, 0.9782219529151917, -0.040421415120363235, -0.20358821749687195, 0.029311807826161385, 0.9979271292686462, -0.05729300528764725, 0.2054816037416458, 0.05007695406675339, 0.9773788452148438),
            ["Head"] = CFrame.new(-7.636845111846924e-08, -2.384185791015625e-07, 1.4062970876693726e-07, 0.81186842918396, 0.034762173891067505, -0.5828043818473816, -0.22445133328437805, 0.9400959014892578, -0.2565954327583313, 0.5389724969863892, 0.3391334116458893, 0.7710368037223816),
            ["LowerTorso"] = CFrame.new(0.8489859104156494, -0.05167698860168457, 0.7904278039932251, 0.9515731930732727, -0.12474551796913147, 0.28097522258758545, 0.04146011173725128, 0.9576960802078247, 0.28477945923805237, -0.3046138286590576, -0.25933921337127686, 0.916489839553833),
            ["UpperTorso"] = CFrame.new(1.7136335372924805e-07, -5.960464477539063e-08, 1.341104507446289e-07, 0.8581145405769348, -0.2011691778898239, 0.472409188747406, 0.046804215759038925, 0.9468696713447571, 0.3181937038898468, -0.5113206505775452, -0.2509359121322632, 0.8219382762908936),
            ["HumanoidRootPart"] = CFrame.new(0, 0, 0, 1, 0, 0, 0, 1, 0, 0, 0, 1),
            ["RightUpperLeg"] = CFrame.new(1.1920928955078125e-07, -1.043081283569336e-07, 1.920197973959148e-07, 0.9909859299659729, -0.1045389249920845, -0.08377747982740402, 0.07586843520402908, 0.9533507823944092, -0.2921752333641052, 0.11041302978992462, 0.28318533301353455, 0.9526882767677307),
            ["LeftUpperArm"] = CFrame.new(-2.384185791015625e-07, -3.5762786865234375e-07, 1.1920928955078125e-07, 0.7149323225021362, 0.6202322244644165, -0.32277485728263855, -0.4394547939300537, 0.757662296295166, 0.4825219511985779, 0.543830156326294, -0.20312553644180298, 0.814241349697113),
            ["RightLowerArm"] = CFrame.new(-2.980232238769531e-07, -1.1920928955078125e-07, 3.2782554626464844e-07, 1, -7.636844401304188e-08, 3.352762334429826e-08, 4.8428766774577525e-08, 0.3299540877342224, -0.9439970850944519, 7.078050856534901e-08, 0.9439970254898071, 0.32995402812957764),
            ["LeftHand"] = CFrame.new(-2.0116567611694336e-07, -1.7881393432617188e-07, -1.341104507446289e-07, 0.9657178521156311, -0.25920525193214417, -0.014206437394022942, 0.2411218285560608, 0.9159284830093384, -0.3208354711532593, 0.09617440402507782, 0.3064112961292267, 0.947028398513794),
            ["RightHand"] = CFrame.new(4.470348358154297e-08, 4.76837158203125e-07, -2.980232238769531e-07, 0.9876145124435425, 0.1308554708957672, 0.08657080680131912, -0.09379831701517105, 0.9347150325775146, -0.3427969813346863, -0.12577596306800842, 0.330431193113327, 0.9354121088981628),
            ["RightUpperArm"] = CFrame.new(1.1920928955078125e-07, -3.5762786865234375e-07, 2.9802322387695312e-08, 0.6896424293518066, -0.6457825899124146, 0.327655553817749, 0.5616006851196289, 0.7626069784164429, 0.3209911584854126, -0.4571630358695984, -0.03735772892832756, 0.8885980844497681),
            ["RightLowerLeg"] = CFrame.new(-2.682209014892578e-07, -0.00006031990051269531, -0.00007203331188065931, 1, -8.195636524988004e-08, -4.4703490686970326e-08, 8.661300654466686e-08, 0.7927928566932678, 0.6094908714294434, -4.3422918594160365e-08, -0.6094911694526672, 0.7927930951118469),
            ["LeftUpperLeg"] = CFrame.new(1.1920928955078125e-07, 2.60770320892334e-08, 1.1175870895385742e-07, 0.917388379573822, 0.32799339294433594, 0.22543035447597504, 0.03936581313610077, 0.4888600707054138, -0.8714735507965088, -0.39604151248931885, 0.8083540201187134, 0.4355628490447998),
            ["LeftLowerLeg"] = CFrame.new(8.475035429000854e-08, 0.00006079673767089844, 0.00007201917469501495, 1, 8.149073238428173e-08, -1.1641531072470457e-09, -2.6077035641947077e-08, 0.6793512105941772, 0.7338133454322815, 5.2154071283894154e-08, -0.7338133454322815, 0.679351270198822),
        }},
        {Time = 0.167, Data = {
            ["RightFoot"] = CFrame.new(2.2351741790771484e-08, 3.5762786865234375e-07, 1.20904587674886e-07, 0.9620930552482605, -0.17547057569026947, 0.2087753415107727, -0.015872597694396973, 0.7282004356384277, 0.6851803064346313, -0.2722592353820801, -0.6625211834907532, 0.6978114247322083),
            ["LeftLowerArm"] = CFrame.new(-2.9802322387695312e-08, -1.1920928955078125e-07, 1.564621925354004e-07, 1, -7.357445497291337e-08, 4.190950164684182e-08, 7.636845111846924e-08, 0.5710035562515259, -0.820947527885437, 4.470348358154297e-08, 0.8209475874900818, 0.5710036158561707),
            ["LeftFoot"] = CFrame.new(-2.0023435354232788e-08, -5.960464477539063e-08, -1.5832483768463135e-08, 0.9705024361610413, -0.02414499968290329, -0.23987989127635956, 0.019139153882861137, 0.9995481967926025, -0.023175926879048347, 0.240330770611763, 0.01790081150829792, 0.9705259203910828),
            ["Head"] = CFrame.new(3.725290298461914e-08, 1.1920928955078125e-07, -1.4901161193847656e-08, 0.8131964206695557, 0.034510742872953415, -0.5809654593467712, -0.2215375155210495, 0.9414452314376831, -0.2541689872741699, 0.5381755232810974, 0.33539506793022156, 0.7732253074645996),
            ["LowerTorso"] = CFrame.new(0.7239423394203186, -0.032739877700805664, 0.6138656139373779, 0.9670903086662292, -0.13605281710624695, 0.21500222384929657, 0.07503973692655563, 0.9599533677101135, 0.26992347836494446, -0.24311593174934387, -0.2449066936969757, 0.9385709762573242),
            ["UpperTorso"] = CFrame.new(-5.960464477539063e-08, 4.172325134277344e-07, 1.4901161193847656e-07, 0.8245252370834351, -0.20776300132274628, 0.5263010859489441, 0.03681953623890877, 0.9478771686553955, 0.3165017068386078, -0.5646260380744934, -0.24158546328544617, 0.7891982793807983),
            ["HumanoidRootPart"] = CFrame.new(0, 0, 0, 1, 0, 0, 0, 1, 0, 0, 0, 1),
            ["RightUpperLeg"] = CFrame.new(-3.5762786865234375e-07, 3.8743019104003906e-07, 1.920197973959148e-07, 0.9949479103088379, -0.0980394184589386, -0.021611418575048447, 0.08548029512166977, 0.9401850700378418, -0.32976552844047546, 0.05264881253242493, 0.3262520730495453, 0.9438154697418213),
            ["LeftUpperArm"] = CFrame.new(1.7881393432617188e-07, -1.1920928955078125e-07, 2.682209014892578e-07, 0.7152307033538818, 0.6324707269668579, -0.2973651587963104, -0.4247279465198517, 0.7312501668930054, 0.5337408781051636, 0.555023729801178, -0.255448579788208, 0.7916404604911804),
            ["RightLowerArm"] = CFrame.new(0, -5.960464477539063e-08, 2.8312206268310547e-07, 1, -9.685754776000977e-08, 2.6077040971017595e-08, 5.960463766996327e-08, 0.30568626523017883, -0.9521322846412659, 6.519257311765614e-08, 0.9521322846412659, 0.3056863248348236),
            ["LeftHand"] = CFrame.new(2.086162567138672e-07, 1.1920928955078125e-07, 8.940696716308594e-08, 0.974467396736145, -0.222365602850914, 0.031094834208488464, 0.22184614837169647, 0.9321997761726379, -0.28598591685295105, 0.03460683301091194, 0.2855823040008545, 0.957729160785675),
            ["RightHand"] = CFrame.new(1.341104507446289e-07, 1.7881393432617188e-07, 5.960464477539063e-08, 0.9850407838821411, 0.15137146413326263, 0.08234918862581253, -0.11593025922775269, 0.9356915950775146, -0.3332284986972809, -0.12749505043029785, 0.31869739294052124, 0.939242959022522),
            ["RightUpperArm"] = CFrame.new(1.1920928955078125e-07, -2.384185791015625e-07, 2.682209014892578e-07, 0.6786248683929443, -0.6740608215332031, 0.29173681139945984, 0.5891116857528687, 0.7367457151412964, 0.3318932056427002, -0.43865206837654114, -0.053365349769592285, 0.897071123123169),
            ["RightLowerLeg"] = CFrame.new(4.023313522338867e-07, -0.00006014108657836914, -0.00007194111094577238, 1, -1.0430815677864302e-07, -5.960465188081798e-08, 1.4714899521095504e-07, 0.7503796219825745, 0.6610068082809448, -4.842878453814592e-08, -0.6610072255134583, 0.7503799200057983),
            ["LeftUpperLeg"] = CFrame.new(-1.7881393432617188e-07, 2.60770320892334e-07, 1.341104507446289e-07, 0.8884940147399902, 0.3718588650226593, 0.26888594031333923, 0.05087084323167801, 0.5025234818458557, -0.8630657196044922, -0.4560600519180298, 0.7805070281028748, 0.42757222056388855),
            ["LeftLowerLeg"] = CFrame.new(-1.4901161193847656e-08, 0.00006127357482910156, 0.00007206946611404419, 1, 1.5832481992106295e-08, 2.2759191864452077e-08, -1.3969838619232178e-08, 0.7938587665557861, 0.6081022024154663, 1.6298145055770874e-08, -0.6081022620201111, 0.7938587069511414),
        }},
        {Time = 0.200, Data = {
            ["RightFoot"] = CFrame.new(-2.682209014892578e-07, 3.5762786865234375e-07, 6.875052349641919e-08, 0.9652066826820374, -0.12342359125614166, 0.2305273413658142, -0.09210988879203796, 0.6646104454994202, 0.7414907813072205, -0.24472826719284058, -0.7369258403778076, 0.6301180124282837),
            ["LeftLowerArm"] = CFrame.new(1.4901161193847656e-07, -5.960464477539063e-08, 1.043081283569336e-07, 1, -5.774199962615967e-08, 3.352760913344355e-08, 5.5879347371501353e-08, 0.5381124019622803, -0.8428730964660645, 3.5390254282674505e-08, 0.8428731560707092, 0.5381124019622803),
            ["LeftFoot"] = CFrame.new(-7.450580596923828e-09, 5.960464477539063e-08, -2.2351741790771484e-08, 0.9542618989944458, -0.005182147491723299, -0.2989271283149719, -0.03121238201856613, 0.9926592707633972, -0.11684779077768326, 0.29733842611312866, 0.12083332240581512, 0.9470951557159424),
            ["Head"] = CFrame.new(-9.499490261077881e-08, 1.1920928955078125e-07, -6.332993507385254e-08, 0.8428348898887634, 0.031693123281002045, -0.537238359451294, -0.20274989306926727, 0.943411648273468, -0.2624252438545227, 0.4985198676586151, 0.33010610938072205, 0.8015660047531128),
            ["LowerTorso"] = CFrame.new(0.589762270450592, -0.06638956069946289, 0.4350784122943878, 0.9684306383132935, -0.14096736907958984, 0.20559749007225037, 0.09033552557229996, 0.9671499133110046, 0.23761428892612457, -0.23233945667743683, -0.21154019236564636, 0.949351966381073),
            ["UpperTorso"] = CFrame.new(-2.2351741790771484e-08, 0, -7.450580596923828e-08, 0.8279097676277161, -0.19376063346862793, 0.5263291001319885, 0.02284102700650692, 0.9492994546890259, 0.31354251503944397, -0.5603960752487183, -0.24756300449371338, 0.7903599143028259),
            ["HumanoidRootPart"] = CFrame.new(0, 0, 0, 1, 0, 0, 0, 1, 0, 0, 0, 1),
            ["RightUpperLeg"] = CFrame.new(-2.086162567138672e-07, 1.862645149230957e-07, -6.129994289949536e-08, 0.9947250485420227, -0.09959785640239716, 0.024544574320316315, 0.10125323385000229, 0.9150338172912598, -0.3904627561569214, 0.01643013209104538, 0.39088815450668335, 0.9202914834022522),
            ["LeftUpperArm"] = CFrame.new(0, 3.5762786865234375e-07, 2.9802322387695312e-08, 0.7379933595657349, 0.6269926428794861, -0.24949151277542114, -0.3996635377407074, 0.7040168046951294, 0.587051510810852, 0.5437232255935669, -0.33352741599082947, 0.7701457738876343),
            ["RightLowerArm"] = CFrame.new(5.960464477539063e-08, 0, 1.4901161193847656e-07, 1, -3.352760913344355e-08, 7.078052277620372e-08, 7.450577754752885e-08, 0.325718492269516, -0.9454668760299683, 4.842875611643649e-08, 0.9454668164253235, 0.325718492269516),
            ["LeftHand"] = CFrame.new(2.2351741790771484e-08, -1.1920928955078125e-07, 2.384185791015625e-07, 0.9793070554733276, -0.18271291255950928, 0.08702787756919861, 0.19887438416481018, 0.9485173225402832, -0.24650327861309052, -0.03750814497470856, 0.2587099075317383, 0.9652266502380371),
            ["RightHand"] = CFrame.new(1.4901161193847656e-08, -4.76837158203125e-07, 8.940696716308594e-08, 0.9854787588119507, 0.15736635029315948, 0.0637759119272232, -0.12733860313892365, 0.9333979487419128, -0.3354893624782562, -0.11232320219278336, 0.3224968910217285, 0.939882755279541),
            ["RightUpperArm"] = CFrame.new(0, 3.5762786865234375e-07, -2.980232238769531e-07, 0.6530235409736633, -0.7008112072944641, 0.2870958149433136, 0.6024701595306396, 0.7104164958000183, 0.36378324031829834, -0.45890092849731445, -0.06459261476993561, 0.886136531829834),
            ["RightLowerLeg"] = CFrame.new(9.313225746154785e-08, -0.00006079673767089844, -0.00007204541907412931, 1, -1.3411046495548362e-07, -7.823111758398227e-08, 1.1548399925231934e-07, 0.6495366096496582, 0.7603299617767334, -7.82310962677002e-08, -0.7603304386138916, 0.6495370864868164),
            ["LeftUpperLeg"] = CFrame.new(-1.7881393432617188e-07, 8.66129994392395e-08, -1.0617077350616455e-07, 0.8551294803619385, 0.41410988569259644, 0.31187570095062256, 0.1000654548406601, 0.45843270421028137, -0.88307785987854, -0.5086652636528015, 0.7863538861274719, 0.35058119893074036),
            ["LeftLowerLeg"] = CFrame.new(-4.470348358154297e-08, 0.000060617923736572266, 0.00007210671901702881, 1, -3.7252898543727042e-09, -3.073364140959711e-08, -4.842877388000488e-08, 0.8044161796569824, 0.5940662622451782, 3.725290298461914e-08, -0.5940662026405334, 0.8044161200523376),
        }},
        {Time = 0.233, Data = {
            ["RightFoot"] = CFrame.new(-7.450580596923828e-09, 2.980232238769531e-07, -8.026108844205737e-08, 0.9564673900604248, -0.054717350751161575, 0.28666386008262634, -0.18531212210655212, 0.6449577808380127, 0.7414097785949707, -0.22545412182807922, -0.762256920337677, 0.6067416071891785),
            ["LeftLowerArm"] = CFrame.new(1.1920928955078125e-07, -5.960464477539063e-08, -3.5762786865234375e-07, 1, -9.313220061812899e-08, 4.563478839259005e-08, 8.195635814445268e-08, 0.5135285258293152, -0.8580725789070129, 6.332991375757047e-08, 0.8580725193023682, 0.5135285258293152),
            ["LeftFoot"] = CFrame.new(1.862645149230957e-08, -5.960464477539063e-08, 2.2351741790771484e-08, 0.9408359527587891, 0.03535221517086029, -0.337012380361557, -0.086456798017025, 0.9866710901260376, -0.1378609985113144, 0.32764777541160583, 0.1588410884141922, 0.9313523173332214),
            ["Head"] = CFrame.new(-5.960464477539063e-08, 2.384185791015625e-07, -2.2351741790771484e-08, 0.8844212293624878, 0.022279074415564537, -0.46615731716156006, -0.1684393286705017, 0.9467706084251404, -0.27432388067245483, 0.4352324306964874, 0.32113727927207947, 0.841096818447113),
            ["LowerTorso"] = CFrame.new(0.44933098554611206, -0.13106822967529297, 0.2564234733581543, 0.9634742140769958, -0.14345693588256836, 0.22613625228405, 0.09923477470874786, 0.9755545258522034, 0.1960761696100235, -0.24873670935630798, -0.16647373139858246, 0.9541575908660889),
            ["UpperTorso"] = CFrame.new(-3.725290298461914e-08, -4.76837158203125e-07, -7.450580596923828e-09, 0.8575243353843689, -0.161794975399971, 0.4883386492729187, 0.003168091643601656, 0.9508988857269287, 0.3094858229160309, -0.5144338011741638, -0.26384449005126953, 0.8159313797950745),
            ["HumanoidRootPart"] = CFrame.new(0, 0, 0, 1, 0, 0, 0, 1, 0, 0, 0, 1),
            ["RightUpperLeg"] = CFrame.new(-5.960464477539063e-08, -3.166496753692627e-08, -4.639878170564771e-08, 0.992888867855072, -0.10182603448629379, 0.06167023256421089, 0.11890779435634613, 0.8731722831726074, -0.4726852774620056, -0.005717020947486162, 0.4766569435596466, 0.8790707588195801),
            ["LeftUpperArm"] = CFrame.new(0, -2.384185791015625e-07, -2.682209014892578e-07, 0.7928126454353333, 0.5818644165992737, -0.1813337355852127, -0.363992303609848, 0.6906887888908386, 0.6248669028282166, 0.4888329803943634, -0.4293983578681946, 0.7593809962272644),
            ["RightLowerArm"] = CFrame.new(-4.76837158203125e-07, -3.5762786865234375e-07, 8.195638656616211e-07, 1, -9.126959810146218e-08, 2.980232594040899e-08, 6.705521116145974e-08, 0.40786516666412354, -0.9130421876907349, 5.960463056453591e-08, 0.9130421876907349, 0.40786534547805786),
            ["LeftHand"] = CFrame.new(2.9802322387695312e-08, 4.172325134277344e-07, 4.6193599700927734e-07, 0.9795122146606445, -0.16527211666107178, 0.11506962031126022, 0.18707874417304993, 0.9582741856575012, -0.21613000333309174, -0.0745479166507721, 0.23322926461696625, 0.9695602059364319),
            ["RightHand"] = CFrame.new(1.564621925354004e-07, 7.748603820800781e-07, 1.1920928955078125e-07, 0.9932001829147339, 0.11589711159467697, 0.011017040349543095, -0.1052638590335846, 0.9344210028648376, -0.3402601182460785, -0.04972974583506584, 0.33678677678108215, 0.9402669072151184),
            ["RightUpperArm"] = CFrame.new(0, 2.384185791015625e-07, -1.7881393432617188e-07, 0.5974218249320984, -0.7324510812759399, 0.3265005946159363, 0.5983355641365051, 0.6782123446464539, 0.4266410768032074, -0.5339304804801941, -0.05952789634466171, 0.8434303998947144),
            ["RightLowerLeg"] = CFrame.new(-9.685754776000977e-08, -0.00006031990051269531, -0.00007214972720248625, 1, -1.341104365337742e-07, -9.3132300094112e-08, 1.2665985593685036e-07, 0.48309528827667236, 0.875567615032196, -1.2665985593685036e-07, -0.8755678534507751, 0.48309582471847534),
            ["LeftUpperLeg"] = CFrame.new(-5.960464477539063e-08, -2.0815059542655945e-07, 7.869675755500793e-08, 0.8348145484924316, 0.4350612461566925, 0.3373521864414215, 0.14425985515117645, 0.4184929132461548, -0.8966899514198303, -0.531294584274292, 0.7972361445426941, 0.2866019904613495),
            ["LeftLowerLeg"] = CFrame.new(-4.470348358154297e-08, 0.00006091594696044922, 0.00007203221321105957, 1, -5.21540464148984e-08, 2.4214383387288763e-08, -1.4901155864777138e-08, 0.7833641767501831, 0.6215630173683167, -4.4703469370688254e-08, -0.6215630173683167, 0.7833641767501831),
        }},
        {Time = 0.267, Data = {
            ["RightFoot"] = CFrame.new(9.685754776000977e-08, 5.364418029785156e-07, -3.55576048605144e-08, 0.939472496509552, 0.007529024034738541, 0.34254199266433716, -0.2632066011428833, 0.6559052467346191, 0.7074673771858215, -0.21934852004051208, -0.7548057436943054, 0.6181868314743042),
            ["LeftLowerArm"] = CFrame.new(-1.4901161193847656e-07, 1.1920928955078125e-07, 2.086162567138672e-07, 1, -4.284084198502569e-08, 1.1175873559921001e-08, 4.8428766774577525e-08, 0.5030953288078308, -0.8642309308052063, 2.2351738238057806e-08, 0.8642310500144958, 0.5030953288078308),
            ["LeftFoot"] = CFrame.new(-2.2351741790771484e-08, 5.960464477539063e-08, -1.2665987014770508e-07, 0.962841272354126, 0.1131635308265686, -0.24521580338478088, -0.054493896663188934, 0.9707088470458984, 0.2339971363544464, 0.2645132541656494, -0.21193987131118774, 0.9408053755760193),
            ["Head"] = CFrame.new(-8.568167686462402e-08, -2.384185791015625e-07, 7.450580596923828e-08, 0.9211547374725342, 0.010554071515798569, -0.3890531063079834, -0.1301489770412445, 0.950436532497406, -0.2823680639266968, 0.3667904734611511, 0.3107396364212036, 0.8768728971481323),
            ["LowerTorso"] = CFrame.new(0.3146916329860687, -0.1961355209350586, 0.09023623168468475, 0.9550649523735046, -0.14566536247730255, 0.25813284516334534, 0.10736139863729477, 0.9817783832550049, 0.15679523348808289, -0.2762688994407654, -0.12203613668680191, 0.953300952911377),
            ["UpperTorso"] = CFrame.new(-1.1175870895385742e-08, 1.1920928955078125e-07, 3.725290298461914e-08, 0.8937290906906128, -0.12336258590221405, 0.4313119351863861, -0.01673639938235283, 0.9516087770462036, 0.3068561851978302, -0.44829481840133667, -0.28146493434906006, 0.848415732383728),
            ["HumanoidRootPart"] = CFrame.new(0, 0, 0, 1, 0, 0, 0, 1, 0, 0, 0, 1),
            ["RightUpperLeg"] = CFrame.new(0, -1.3131648302078247e-07, 4.6733475755900145e-08, 0.9914779663085938, -0.10225551575422287, 0.08071692287921906, 0.12988173961639404, 0.8239572048187256, -0.5515663623809814, -0.010106592439115047, 0.557349443435669, 0.8302164077758789),
            ["LeftUpperArm"] = CFrame.new(0, -1.1920928955078125e-07, 1.9371509552001953e-07, 0.8499758839607239, 0.513097882270813, -0.11946228891611099, -0.32468971610069275, 0.6887829303741455, 0.6481935977935791, 0.41487058997154236, -0.5121608376502991, 0.752046525478363),
            ["RightLowerArm"] = CFrame.new(-5.960464477539063e-08, -2.384185791015625e-07, 5.960464477539062e-07, 1, -8.288768071906816e-08, 2.0489096641540527e-08, 5.21540464148984e-08, 0.49827155470848083, -0.8670210838317871, 5.960462345910855e-08, 0.8670210838317871, 0.49827155470848083),
            ["LeftHand"] = CFrame.new(-1.043081283569336e-07, 1.1920928955078125e-07, 8.940696716308594e-08, 0.9794894456863403, -0.1602211445569992, 0.12218710035085678, 0.18175646662712097, 0.9643099308013916, -0.19253814220428467, -0.0869775041937828, 0.21079768240451813, 0.9736526608467102),
            ["RightHand"] = CFrame.new(1.9371509552001953e-07, 2.980232238769531e-07, 2.2351741790771484e-08, 0.9970830082893372, 0.05384013056755066, -0.05409973859786987, -0.06903994083404541, 0.9384240508079529, -0.3385171890258789, 0.03254277631640434, 0.34126487374305725, 0.939403772354126),
            ["RightUpperArm"] = CFrame.new(0, 0, 2.682209014892578e-07, 0.5340516567230225, -0.7600084543228149, 0.37037256360054016, 0.5658795237541199, 0.6468064785003662, 0.5112943053245544, -0.6281474828720093, -0.06347157806158066, 0.7755013704299927),
