return {
    ["Treat Yourself"] = {
        {Time = 0.000, Data = {
            ["LeftLowerArm"] = CFrame.new(-4.76837158203125e-07, 3.5762786865234375e-07, -0.0001728534698486328, 0.9999999403953552, -0.00026319388416595757, -0.0002232761326013133, 0, 0.6469923853874207, -0.7624963521957397, 0.0003451928496360779, 0.7624964118003845, 0.6469925045967102),
            ["LeftFoot"] = CFrame.new(-1.4435499906539917e-07, 5.960464477539062e-07, -2.60770320892334e-08, 0.9899681210517883, 0.02988598868250847, 0.13809515535831451, 0.009296120144426823, 0.961479127407074, -0.2747206687927246, -0.14098511636257172, 0.2732485234737396, 0.9515558481216431),
            ["RightHand"] = CFrame.new(7.934868335723877e-07, -1.1920928955078125e-07, -1.3783574104309082e-07, 0.5612092614173889, 0.7275891900062561, 0.3945342004299164, -0.7837743163108826, 0.6203613877296448, -0.029165280982851982, -0.26597389578819275, -0.2928580641746521, 0.9184183478355408),
            ["HumanoidRootPart"] = CFrame.new(0, 0, 0, 1, 0, 0, 0, 1, 0, 0, 0, 1),
            ["RightLowerLeg"] = CFrame.new(3.632158041000366e-08, 6.556510925292969e-07, 6.012851372361183e-08, 1, 0.00024324236437678337, 0.00010025672236224636, -0.00024320842931047082, 0.7092542052268982, 0.704952597618103, 0.00010037360334536061, -0.7049528956413269, 0.7092545628547668),
            ["LeftUpperLeg"] = CFrame.new(-5.960464477539063e-08, 2.1420419216156006e-07, -2.7567148208618164e-07, 0.9779419302940369, 0.05448950454592705, 0.20164349675178528, 0.03397358953952789, 0.9110246896743774, -0.4109483063220978, -0.20609599351882935, 0.4087359607219696, 0.8890789747238159),
            ["LeftLowerLeg"] = CFrame.new(2.3469328880310059e-07, 1.7881393432617188e-07, -7.82310962677002e-07, 1, -0.0002280532062286511, -0.00008692996925674379, 0.0002280902408529073, 0.7465744018554688, 0.665301501750946, -0.00008683838677825406, -0.6653018593788147, 0.7465746998786926),
            ["LowerTorso"] = CFrame.new(-0.2663402557373047, -0.12825274467468262, -0.41512370109558105, 0.9947635531425476, 0.015147757716476917, -0.10107510536909103, -0.018604110926389694, 0.9992708563804626, -0.03334131836891174, 0.10049635916948318, 0.03504711762070656, 0.9943200349807739),
            ["Head"] = CFrame.new(-0.00005398876965045929, -7.152557373046875e-07, 2.0209699869155884e-07, 0.9378252029418945, 0.05149967595934868, -0.3432661294937134, -0.09314890205860138, 0.9899978041648865, -0.10596093535423279, 0.3343757092952728, 0.13134783506393433, 0.9332420825958252),
            ["UpperTorso"] = CFrame.new(-4.470348358154297e-08, -3.8743019104003906e-07, 2.60770320892334e-08, 0.9886919260025024, -0.07244142144918442, 0.13130374252796173, 0.05539116635918617, 0.9900768995285034, 0.12914927303791046, -0.1393565684556961, -0.12041573226451874, 0.9828935861587524),
            ["LeftUpperArm"] = CFrame.new(-0.00004601478576660156, -0.00003421306610107422, -0.00040450319647789, 0.2546931505203247, 0.4748228192329407, -0.8424186706542969, -0.7490252256393433, 0.6478550434112549, 0.13870126008987427, 0.6116312146186829, 0.5956736207008362, 0.52066570520401),
            ["RightLowerArm"] = CFrame.new(0.0000010728836059570312, 1.7881393432617188e-07, 0.0001723766326904297, 1, -0.00034373009111732244, -0.00003347254460095428, 1.3224780559539795e-07, 0.09745195508003235, -0.9952402710914612, 0.0003452897071838379, 0.9952402710914612, 0.0974518209695816),
            ["LeftHand"] = CFrame.new(-7.152557373046875e-07, 5.960464477539062e-07, 7.450580596923828e-08, 0.2719067931175232, -0.3225281834602356, 0.9066669940948486, 0.8682393431663513, 0.48852646350860596, -0.08660008758306503, -0.4150026738643646, 0.8107511401176453, 0.4128623902797699),
            ["RightFoot"] = CFrame.new(-3.3853575587272644e-07, 8.344650268554688e-07, -8.475035429000854e-08, 0.9854270219802856, 0.04584895446896553, -0.1638035774230957, -0.11119581013917923, 0.9023699760437012, -0.41636988520622253, 0.12872089445590973, 0.4285166263580322, 0.8943179249763489),
            ["Bucket"] = CFrame.new(-0.3292955160140991, 0.25340354442596436, -1.0993841886520386, 0.9391418099403381, 0.08138030767440796, -0.333751380443573, -0.01233031414449215, 0.978894829750061, 0.20399269461631775, 0.3433084487915039, -0.18746274709701538, 0.9203245043754578),
            ["RightUpperLeg"] = CFrame.new(-1.1920928955078125e-07, 9.66247171163559e-08, 2.998858690261841e-07, 0.9941740036010742, -0.04002140834927559, 0.10008112341165543, 0.06915123760700226, 0.9490628242492676, -0.3074037432670593, -0.08268114924430847, 0.312534898519516, 0.9463016390800476),
            ["RightUpperArm"] = CFrame.new(-0.000046253204345703125, 0.000034332275390625, 0.0004050564020872116, 0.2944774031639099, -0.11861447989940643, 0.9482677578926086, 0.7711036801338196, 0.6156293749809265, -0.16245491802692413, -0.5645195245742798, 0.7790578007698059, 0.27275779843330383),
        }},
        {Time = 0.033, Data = {
            ["LeftLowerArm"] = CFrame.new(-3.5762786865234375e-07, -1.1920928955078125e-07, -0.00017249584197998047, 1, -0.0002647807414177805, -0.00022142236412037164, 8.940698137394065e-08, 0.6415420174598694, -0.7670877575874329, 0.000345125823514536, 0.7670878171920776, 0.6415422558784485),
            ["LeftFoot"] = CFrame.new(-2.398155629634857e-07, 7.152557373046875e-07, 9.685754776000977e-08, 0.9895731806755066, 0.027188850566744804, 0.1414416879415512, 0.010638231411576271, 0.9655417799949646, -0.2600305676460266, -0.14363732933998108, 0.25882411003112793, 0.9551851153373718),
            ["RightHand"] = CFrame.new(9.834766387939453e-07, -5.960464477539063e-08, 3.2782554626464844e-07, 0.6069514155387878, 0.6876476407051086, 0.3984341621398926, -0.759281575679779, 0.6498128771781921, 0.03514929860830307, -0.2347371131181717, -0.3238578736782074, 0.9165232181549072),
            ["HumanoidRootPart"] = CFrame.new(0, 0, 0, 1, 0, 0, 0, 1, 0, 0, 0, 1),
            ["RightLowerLeg"] = CFrame.new(2.2351741790771484e-08, 4.76837158203125e-07, 4.69735823571682e-08, 1, 0.00023765249352436513, 0.00009495748963672668, -0.0002376470365561545, 0.7246213555335999, 0.6891469359397888, 0.00009497746214037761, -0.6891471743583679, 0.7246216535568237),
            ["LeftUpperLeg"] = CFrame.new(5.960464477539063e-08, 1.0570511221885681e-07, -3.46451997756958e-07, 0.9848499894142151, 0.04909798130393028, 0.16631139814853668, 0.025965144857764244, 0.906514048576355, -0.42137473821640015, -0.17145350575447083, 0.4193110466003418, 0.8915064930915833),
            ["LeftLowerLeg"] = CFrame.new(1.993030309677124e-07, 2.980232238769531e-07, -4.3213367462158203e-07, 1, -0.0002260564942844212, -0.00008520147093804553, 0.00022602456738241017, 0.7509446144104004, 0.6603650450706482, -0.00008528028411092237, -0.6603652834892273, 0.7509447336196899),
            ["LowerTorso"] = CFrame.new(-0.25895413756370544, -0.12422323226928711, -0.4119568169116974, 0.9975472092628479, 0.009464140050113201, -0.06935421377420425, -0.011702721007168293, 0.999421238899231, -0.0319426953792572, 0.06901174783706665, 0.03267592564225197, 0.9970805644989014),
            ["Head"] = CFrame.new(-0.00005399063229560852, -7.152557373046875e-07, 1.3969838619232178e-07, 0.9132537245750427, 0.04636799916625023, -0.4047439992427826, -0.09026964753866196, 0.9918373227119446, -0.09005575627088547, 0.3972645401954651, 0.11877993494272232, 0.9099847078323364),
            ["UpperTorso"] = CFrame.new(5.029141902923584e-08, 5.960464477539063e-08, -1.0244548320770264e-07, 0.9878857135772705, -0.05959693714976311, 0.1432831585407257, 0.04227115213871002, 0.9917447566986084, 0.12106006592512131, -0.14931511878967285, -0.11353680491447449, 0.9822496771812439),
            ["LeftUpperArm"] = CFrame.new(-0.00004673004150390625, -0.00003445148468017578, -0.00040464848279953003, 0.26091137528419495, 0.4775357246398926, -0.8389751315116882, -0.7453821897506714, 0.6519234776496887, 0.13926242291927338, 0.6134578585624695, 0.5890292525291443, 0.5260483622550964),
            ["RightLowerArm"] = CFrame.new(-1.7881393432617188e-07, 4.76837158203125e-07, 0.0001726597547531128, 0.9999999403953552, -0.0003439982538111508, -0.000030462435461231507, 2.179295108817314e-07, 0.08878607302904129, -0.9960507154464722, 0.00034533071448095143, 0.9960506558418274, 0.08878596127033234),
            ["LeftHand"] = CFrame.new(0, 4.76837158203125e-07, -2.2351741790771484e-07, 0.2744465172290802, -0.32321465015411377, 0.9056568145751953, 0.8668913245201111, 0.4907442331314087, -0.08756116032600403, -0.41614750027656555, 0.8091368675231934, 0.41487205028533936),
            ["RightFoot"] = CFrame.new(-3.3853575587272644e-07, 7.152557373046875e-07, -2.0489096641540527e-08, 0.9852433204650879, 0.040627025067806244, -0.16626891493797302, -0.10698378086090088, 0.9044496417045593, -0.41294682025909424, 0.13360443711280823, 0.42464134097099304, 0.8954493999481201),
            ["Bucket"] = CFrame.new(-0.3303852081298828, 0.25130778551101685, -1.098617434501648, 0.9402498602867126, 0.07678551971912384, -0.3317141532897949, -0.00796569138765335, 0.9789331555366516, 0.20402541756629944, 0.34039220213890076, -0.18919245898723602, 0.921053409576416),
            ["RightUpperLeg"] = CFrame.new(-1.4901161193847656e-07, 3.343448042869568e-07, 2.6263296604156494e-07, 0.9969090223312378, -0.039557814598083496, 0.06787960976362228, 0.05773141607642174, 0.954853892326355, -0.2914111018180847, -0.05328793451189995, 0.2944304049015045, 0.9541866183280945),
            ["RightUpperArm"] = CFrame.new(-0.00004607439041137695, 0.00003349781036376953, 0.0004049129784107208, 0.2787041962146759, -0.14201195538043976, 0.9498181939125061, 0.7603995203971863, 0.6367257237434387, -0.12792396545410156, -0.5866144895553589, 0.7579003572463989, 0.28544899821281433),
        }},
        {Time = 0.067, Data = {
            ["LeftLowerArm"] = CFrame.new(-4.172325134277344e-07, 2.980232238769531e-07, -0.00017243623733520508, 0.9999999403953552, -0.00026576410164125264, -0.00022018415620550513, 1.4901164746561335e-08, 0.6379112601280212, -0.7701098918914795, 0.00034512588172219694, 0.7701098322868347, 0.6379112601280212),
            ["LeftFoot"] = CFrame.new(-2.1560117602348328e-07, 5.364418029785156e-07, -1.862645149230957e-08, 0.989075779914856, 0.024571361020207405, 0.14534714818000793, 0.012015460059046745, 0.9692902565002441, -0.24562576413154602, -0.14691798388957977, 0.24468891322612762, 0.9584061503410339),
            ["RightHand"] = CFrame.new(0.0000015925616025924683, -1.7881393432617188e-07, 4.898756742477417e-07, 0.6478395462036133, 0.6505186557769775, 0.3963945806026459, -0.7258283495903015, 0.6850794553756714, 0.06196679547429085, -0.23125119507312775, -0.3278593420982361, 0.9159865975379944),
            ["HumanoidRootPart"] = CFrame.new(0, 0, 0, 1, 0, 0, 0, 1, 0, 0, 0, 1),
            ["RightLowerLeg"] = CFrame.new(-9.313225746154785e-09, 7.152557373046875e-07, 7.485505193471909e-08, 1, 0.00023268251970876008, 0.0000901127714314498, -0.00023265561321750283, 0.7389293313026428, 0.6737827062606812, 0.00009019814751809463, -0.673783004283905, 0.7389295101165771),
            ["LeftUpperLeg"] = CFrame.new(-5.960464477539063e-08, 1.5203841030597687e-07, -3.0174851417541504e-07, 0.9912125468254089, 0.04140772297978401, 0.12563054263591766, 0.017088014632463455, 0.9017010927200317, -0.43202051520347595, -0.1311710625886917, 0.43037280440330505, 0.8930706977844238),
            ["LeftLowerLeg"] = CFrame.new(4.842877388000488e-08, 1.7881393432617188e-07, -5.662441253662109e-07, 1, -0.00022592795721720904, -0.00008473719208268449, 0.00022592765162698925, 0.753431499004364, 0.6575261950492859, -0.000084718682046514, -0.657526433467865, 0.7534317374229431),
            ["LowerTorso"] = CFrame.new(-0.2521685063838959, -0.12112247943878174, -0.4097759425640106, 0.9994629621505737, 0.003055359236896038, -0.03262583538889885, -0.004111726302653551, 0.9994677901268005, -0.03236039727926254, 0.03250960260629654, 0.03247720003128052, 0.9989436268806458),
            ["Head"] = CFrame.new(-0.000053979456424713135, -5.960464477539062e-07, 2.1979212760925293e-07, 0.880639910697937, 0.04643038660287857, -0.47150567173957825, -0.08792281150817871, 0.9939157366752625, -0.06634150445461273, 0.46555662155151367, 0.09987924993038177, 0.8793640732765198),
            ["UpperTorso"] = CFrame.new(5.4016709327697754e-08, -4.172325134277344e-07, -7.35744833946228e-08, 0.9869198203086853, -0.04611503705382347, 0.15447571873664856, 0.0281973984092474, 0.9928215146064758, 0.11623455584049225, -0.1587270349264145, -0.11035843193531036, 0.9811354875564575),
            ["LeftUpperArm"] = CFrame.new(-0.00004601478576660156, -0.00003457069396972656, -0.00040455162525177, 0.2656865119934082, 0.47810471057891846, -0.837150514125824, -0.7432072758674622, 0.6546663641929626, 0.1380140483379364, 0.6140468120574951, 0.5855150818824768, 0.5292742252349854),
            ["RightLowerArm"] = CFrame.new(2.384185791015625e-07, 2.384185791015625e-07, 0.00017270445823669434, 1, -0.00034428510116413236, -0.000027146854336024262, 1.7508864402770996e-07, 0.0790044516324997, -0.9968743920326233, 0.0003453157842159271, 0.9968742728233337, 0.07900433987379074),
            ["LeftHand"] = CFrame.new(-1.1920928955078125e-07, 2.384185791015625e-07, -2.9802322387695312e-08, 0.2756800651550293, -0.3234921395778656, 0.905182957649231, 0.8659926056861877, 0.4922831356525421, -0.08781453222036362, -0.4172017574310303, 0.8080905079841614, 0.41585150361061096),
            ["RightFoot"] = CFrame.new(-3.3993273973464966e-07, 6.556510925292969e-07, -2.514570951461792e-08, 0.9854720234870911, 0.036915700882673264, -0.16577765345573425, -0.10292484611272812, 0.9062419533729553, -0.41003891825675964, 0.13509732484817505, 0.4211447834968567, 0.8968757390975952),
            ["Bucket"] = CFrame.new(-0.3307305574417114, 0.2495250701904297, -1.098349690437317, 0.9408485889434814, 0.07240040600299835, -0.3310016989707947, -0.003925507888197899, 0.9791675806045532, 0.2030165195465088, 0.3388044834136963, -0.18970836699008942, 0.9215325713157654),
            ["RightUpperLeg"] = CFrame.new(-8.940696716308594e-08, 8.963979780673981e-08, 2.7008354663848877e-07, 0.9987791776657104, -0.040543634444475174, 0.02822134643793106, 0.04670197516679764, 0.9611691236495972, -0.2719785273075104, -0.0160986240953207, 0.27296561002731323, 0.9618894457817078),
            ["RightUpperArm"] = CFrame.new(-0.000046193599700927734, 0.00003421306610107422, 0.000405043363571167, 0.30177873373031616, -0.17134028673171997, 0.9378536343574524, 0.7489087581634521, 0.6513423919677734, -0.12198501825332642, -0.5899705290794373, 0.7391857504844666, 0.32488512992858887),
        }},
        {Time = 0.100, Data = {
            ["LeftLowerArm"] = CFrame.new(2.980232238769531e-07, 4.76837158203125e-07, -0.00017255544662475586, 1, -0.00026631535729393363, -0.00021965512132737786, 4.470347647611561e-08, 0.6361798048019409, -0.7715407013893127, 0.0003451183147262782, 0.7715407609939575, 0.6361799240112305),
            ["LeftFoot"] = CFrame.new(-2.0675361156463623e-07, 4.76837158203125e-07, 3.725290298461914e-09, 0.9885249137878418, 0.02165202610194683, 0.14949925243854523, 0.013738571666181087, 0.9726862907409668, -0.23171693086624146, -0.15043222904205322, 0.23111195862293243, 0.9612270593643188),
            ["RightHand"] = CFrame.new(0.0000015925616025924683, -2.384185791015625e-07, 2.2351741790771484e-08, 0.698480486869812, 0.6013963222503662, 0.3878750205039978, -0.6777234077453613, 0.7299538850784302, 0.08864898234605789, -0.22981759905815125, -0.3247919976711273, 0.9174390435218811),
            ["HumanoidRootPart"] = CFrame.new(0, 0, 0, 1, 0, 0, 0, 1, 0, 0, 0, 1),
            ["RightLowerLeg"] = CFrame.new(2.7939677238464355e-08, 7.748603820800781e-07, 2.5727786123752594e-08, 1, 0.00022743860608898103, 0.0000857132108649239, -0.00022742155124433339, 0.7511512041091919, 0.6601298451423645, 0.00008575060201110318, -0.6601301431655884, 0.7511515021324158),
            ["LeftUpperLeg"] = CFrame.new(-5.960464477539063e-08, 4.752073436975479e-07, -2.915039658546448e-07, 0.996126651763916, 0.031820617616176605, 0.0819694921374321, 0.007783911190927029, 0.8966493606567383, -0.4426710903644562, -0.08758456259965897, 0.44159644842147827, 0.8929296135902405),
            ["LeftLowerLeg"] = CFrame.new(2.3655593395233154e-07, 4.76837158203125e-07, -4.3958425521850586e-07, 1, -0.00022535890457220376, -0.00008435839117737487, 0.00022535677999258041, 0.7542826533317566, 0.6565495729446411, -0.00008433358743786812, -0.6565497517585754, 0.7542828917503357),
            ["LowerTorso"] = CFrame.new(-0.24571548402309418, -0.11911463737487793, -0.4082723557949066, 0.999970018863678, -0.0033164164051413536, 0.0069951158948242664, 0.0035520582459867, 0.9994173645973206, -0.03394780680537224, -0.0068784551694989204, 0.03397165238857269, 0.9993991851806641),
            ["Head"] = CFrame.new(-0.0000540316104888916, -0.0000016689300537109375, 2.086162567138672e-07, 0.8443011045455933, 0.04878038913011551, -0.5336443781852722, -0.08555460721254349, 0.9953447580337524, -0.04437505081295967, 0.5289955139160156, 0.08312176167964935, 0.8445439338684082),
            ["UpperTorso"] = CFrame.new(-9.546056389808655e-09, -2.682209014892578e-07, -3.096647560596466e-08, 0.9856926798820496, -0.03268411383032799, 0.16535347700119019, 0.013912862166762352, 0.9934484958648682, 0.11343070864677429, -0.16797751188278198, -0.10950735956430435, 0.9796895980834961),
            ["LeftUpperArm"] = CFrame.new(-0.000046253204345703125, -0.00003504753112792969, -0.00040446221828460693, 0.26927319169044495, 0.4768249988555908, -0.836734414100647, -0.741879403591156, 0.6566983461380005, 0.13548080623149872, 0.6140902042388916, 0.5842818021774292, 0.5305850505828857),
            ["RightLowerArm"] = CFrame.new(9.5367431640625e-07, 0, 0.00017258524894714355, 0.9999999403953552, -0.0003444583562668413, -0.000024244778614956886, 1.1362135410308838e-07, 0.07070521265268326, -0.9974972605705261, 0.00034531205892562866, 0.9974972605705261, 0.07070509344339371),
            ["LeftHand"] = CFrame.new(-3.5762786865234375e-07, -1.1920928955078125e-07, 4.470348358154297e-08, 0.27640020847320557, -0.3236875832080841, 0.9048934578895569, 0.865548849105835, 0.4930255115032196, -0.08802416175603867, -0.41764581203460693, 0.8075593709945679, 0.41643691062927246),
            ["RightFoot"] = CFrame.new(-3.888271749019623e-07, 8.344650268554688e-07, -1.257285475730896e-07, 0.9854174852371216, 0.033815111964941025, -0.16676084697246552, -0.10035261511802673, 0.9069583415985107, -0.4090914726257324, 0.1374114602804184, 0.4198608994483948, 0.8971260190010071),
            ["Bucket"] = CFrame.new(-0.3302224278450012, 0.24848949909210205, -1.098679780960083, 0.9410138130187988, 0.06837908178567886, -0.33138707280158997, -0.00024085119366645813, 0.9795032143592834, 0.20142874121665955, 0.3383682072162628, -0.18946729600429535, 0.9217424988746643),
            ["RightUpperLeg"] = CFrame.new(-1.4901161193847656e-07, 8.044298738241196e-08, 2.8836075216531754e-07, 0.9990903735160828, -0.04074758291244507, -0.012574449181556702, 0.03629419207572937, 0.9673284292221069, -0.25091439485549927, 0.02238791063427925, 0.25023066997528076, 0.9679276347160339),
            ["RightUpperArm"] = CFrame.new(-0.000046253204345703125, 0.00003349781036376953, 0.00040505826473236084, 0.3391614854335785, -0.2024141103029251, 0.9186917543411255, 0.737785279750824, 0.6631141901016235, -0.12627197802066803, -0.5836457014083862, 0.720630407333374, 0.37424716353416443),
        }},
        {Time = 0.133, Data = {
            ["LeftLowerArm"] = CFrame.new(3.5762786865234375e-07, 4.172325134277344e-07, -0.00017243623733520508, 1, -0.0002662260376382619, -0.000219729685341008, 4.4703490686970326e-08, 0.6364535093307495, -0.7713149189949036, 0.0003451779775787145, 0.7713150382041931, 0.6364535689353943),
            ["LeftFoot"] = CFrame.new(-1.441221684217453e-07, 5.364418029785156e-07, 1.1175870895385742e-08, 0.9879209995269775, 0.018166009336709976, 0.15389122068881989, 0.016110459342598915, 0.9756823778152466, -0.21859654784202576, -0.1541191041469574, 0.21843545138835907, 0.9636042714118958),
            ["RightHand"] = CFrame.new(9.723007678985596e-07, -2.384185791015625e-07, -1.5459954738616943e-07, 0.757976233959198, 0.5370848774909973, 0.3701510429382324, -0.6145636439323425, 0.7781951427459717, 0.12931916117668152, -0.21859470009803772, -0.32550284266471863, 0.9199264645576477),
            ["HumanoidRootPart"] = CFrame.new(0, 0, 0, 1, 0, 0, 0, 1, 0, 0, 0, 1),
            ["RightLowerLeg"] = CFrame.new(-3.3993273973464966e-08, 2.384185791015625e-07, 1.6250851331278682e-08, 1, 0.00022319407435134053, 0.00008197396527975798, -0.00022322198492474854, 0.76246178150177, 0.6470329165458679, 0.00008191516099032015, -0.647033154964447, 0.7624620795249939),
            ["LeftUpperLeg"] = CFrame.new(0, 2.314336597919464e-07, -2.2351741790771484e-07, 0.999082624912262, 0.02072126418352127, 0.037478186190128326, -0.0014799790224060416, 0.8913296461105347, -0.4533514082431793, -0.04279973357915878, 0.45288190245628357, 0.8905435800552368),
            ["LeftLowerLeg"] = CFrame.new(2.2910535335540771e-07, 2.980232238769531e-07, -3.948807716369629e-07, 1, -0.0002261906338389963, -0.00008477047958876938, 0.0002261828922200948, 0.7536321878433228, 0.6572961211204529, -0.00008478575182380155, -0.6572964787483215, 0.7536323666572571),
            ["LowerTorso"] = CFrame.new(-0.23938357830047607, -0.11836767196655273, -0.40712863206863403, 0.9988371133804321, -0.008995803073048592, 0.04736771434545517, 0.010709610767662525, 0.9992925524711609, -0.03605232760310173, -0.04700988903641701, 0.036517661064863205, 0.9982267022132874),
            ["Head"] = CFrame.new(-0.00005399435758590698, -0.0000010728836059570312, 6.705522537231445e-08, 0.8109175562858582, 0.047441549599170685, -0.5832341909408569, -0.08255970478057861, 0.9960137605667114, -0.03377140685915947, 0.5793070197105408, 0.07553756982088089, 0.8116016983985901),
            ["UpperTorso"] = CFrame.new(-4.6566128730773926e-08, -1.7881393432617188e-07, 5.4016709327697754e-08, 0.9841249585151672, -0.019917434081435204, 0.17635631561279297, 0.00014474803174380213, 0.993772566318512, 0.11142751574516296, -0.1774774044752121, -0.10963305830955505, 0.9779991507530212),
            ["LeftUpperArm"] = CFrame.new(-0.000046253204345703125, -0.00003409385681152344, -0.00040456652641296387, 0.27195098996162415, 0.47403064370155334, -0.8374558091163635, -0.7407590746879578, 0.6586186289787292, 0.1322515904903412, 0.6142627000808716, 0.5843941569328308, 0.5302616953849792),
            ["RightLowerArm"] = CFrame.new(0, 5.960464477539063e-08, 0.00017251074314117432, 1, -0.0003449910436756909, -0.000015288964277715422, 1.5087427129856223e-07, 0.04482858255505562, -0.9989947080612183, 0.0003453158133197576, 0.9989946484565735, 0.04482848569750786),
            ["LeftHand"] = CFrame.new(5.960464477539063e-08, 5.960464477539063e-08, -1.1548399925231934e-07, 0.2769823372364044, -0.32391873002052307, 0.9046326875686646, 0.8657089471817017, 0.49262845516204834, -0.08867175132036209, -0.4169280230998993, 0.8077089786529541, 0.41686582565307617),
            ["RightFoot"] = CFrame.new(-3.604218363761902e-07, 8.344650268554688e-07, -7.217749953269958e-08, 0.9843342900276184, 0.03010750375688076, -0.17372332513332367, -0.10015857219696045, 0.906375527381897, -0.410428524017334, 0.14510120451450348, 0.42139890789985657, 0.89519202709198),
            ["Bucket"] = CFrame.new(-0.3293554186820984, 0.2475336790084839, -1.0997031927108765, 0.9407795071601868, 0.06486358493566513, -0.33275631070137024, 0.003061932511627674, 0.9798606038093567, 0.19965927302837372, 0.33900538086891174, -0.1888541281223297, 0.9216341972351074),
            ["RightUpperLeg"] = CFrame.new(-1.7881393432617188e-07, 3.497116267681122e-07, 2.784654498100281e-07, 0.9981018304824829, -0.038252025842666626, -0.04826641455292702, 0.026248464360833168, 0.9731941819190979, -0.2284812182188034, 0.05571284145116806, 0.22678132355213165, 0.9723511338233948),
            ["RightUpperArm"] = CFrame.new(-0.00004607439041137695, 0.00003337860107421875, 0.0004049241542816162, 0.3832957446575165, -0.23658590018749237, 0.8928086161613464, 0.7248407602310181, 0.6761441826820374, -0.13201306760311127, -0.5724424123764038, 0.6977508664131165, 0.4306569993495941),
        }},
        {Time = 0.167, Data = {
            ["LeftLowerArm"] = CFrame.new(-2.980232238769531e-07, 7.152557373046875e-07, -0.00017255544662475586, 1, -0.00026444176910445094, -0.00022188288858160377, -1.4901162970204496e-08, 0.6428079605102539, -0.7660273909568787, 0.0003451109223533422, 0.7660273909568787, 0.6428080797195435),
            ["LeftFoot"] = CFrame.new(-2.341112121939659e-07, 5.364418029785156e-07, -1.4528632164001465e-07, 0.9883811473846436, 0.014912441372871399, 0.15126344561576843, 0.01684487983584404, 0.9782986640930176, -0.20651380717754364, -0.15105944871902466, 0.20666250586509705, 0.9666807055473328),
            ["RightHand"] = CFrame.new(6.51925802230835e-07, -1.1920928955078125e-07, -2.905726432800293e-07, 0.9247903823852539, 0.30658209323883057, 0.22532379627227783, -0.3529215157032013, 0.9124802350997925, 0.2069425731897354, -0.142159104347229, -0.2709008753299713, 0.9520525932312012),
            ["HumanoidRootPart"] = CFrame.new(0, 0, 0, 1, 0, 0, 0, 1, 0, 0, 0, 1),
            ["RightLowerLeg"] = CFrame.new(-1.1408701539039612e-08, 5.960464477539062e-07, 1.0058283805847168e-07, 1, 0.00021808863675687462, 0.00007836696750018746, -0.00021814429783262312, 0.7717371582984924, 0.6359414458274841, 0.00007821759936632589, -0.635941743850708, 0.7717373967170715),
            ["LeftUpperLeg"] = CFrame.new(0, 4.3120235204696655e-07, -2.0116567611694336e-07, 0.999945878982544, 0.010196912102401257, -0.0021059878636151552, -0.010011107660830021, 0.8859676718711853, -0.4636370837688446, -0.002861826680600643, 0.46363499760627747, 0.8860227465629578),
            ["LeftLowerLeg"] = CFrame.new(2.1047890186309814e-07, 2.980232238769531e-07, -7.450580596923828e-07, 1, -0.000227121461648494, -0.0000855263861012645, 0.00022710254415869713, 0.7515372037887573, 0.6596904993057251, -0.00008555827662348747, -0.6596907377243042, 0.7515373826026917),
            ["LowerTorso"] = CFrame.new(-0.23304150998592377, -0.11884951591491699, -0.40692320466041565, 0.995862603187561, -0.013837706297636032, 0.08981230854988098, 0.017424097284674644, 0.9990766644477844, -0.03927169740200043, -0.08918595314025879, 0.04067408666014671, 0.9951841831207275),
            ["Head"] = CFrame.new(-0.000053998082876205444, -0.000001430511474609375, 1.7881393432617188e-07, 0.7792906165122986, 0.03380485624074936, -0.6257502436637878, -0.07734029740095139, 0.9960983991622925, -0.04250505566596985, 0.6218719482421875, 0.08151960372924805, 0.7788645029067993),
            ["UpperTorso"] = CFrame.new(-4.0978193283081055e-08, 1.1920928955078125e-07, 4.470348358154297e-08, 0.9822549819946289, -0.006951925810426474, 0.1874220371246338, -0.01351065095514059, 0.9940937757492065, 0.10768083482980728, -0.18706366419792175, -0.10830225795507431, 0.976359486579895),
            ["LeftUpperArm"] = CFrame.new(-0.00004601478576660156, -0.000034332275390625, -0.00040440261363983154, 0.2737180292606354, 0.4676854908466339, -0.8404422998428345, -0.7388293147087097, 0.6616979241371155, 0.12759371101856232, 0.6158000826835632, 0.5860257744789124, 0.5266657471656799),
            ["RightLowerArm"] = CFrame.new(8.940696716308594e-07, -5.960464477539063e-08, 0.00017260760068893433, 0.9999999403953552, -0.0003453186945989728, -2.0675867062891484e-07, 5.774199962615967e-08, 0.0009765316499397159, -0.9999995231628418, 0.00034533441066741943, 0.9999995231628418, 0.0009764150017872453),
            ["LeftHand"] = CFrame.new(-1.1920928955078125e-07, 4.76837158203125e-07, -1.5832483768463135e-07, 0.2762755751609802, -0.3239649832248688, 0.9048322439193726, 0.8678632378578186, 0.48856890201568604, -0.09006202965974808, -0.4128986597061157, 0.8101524710655212, 0.4161341190338135),
            ["RightFoot"] = CFrame.new(-2.689193934202194e-07, 7.748603820800781e-07, -2.561137080192566e-09, 0.9819757342338562, 0.02622085064649582, -0.18718037009239197, -0.10292574763298035, 0.9047967195510864, -0.4132179319858551, 0.15852466225624084, 0.4250358045101166, 0.8911871314048767),
            ["Bucket"] = CFrame.new(-0.3278694152832031, 0.24580544233322144, -1.1021647453308105, 0.940228283405304, 0.06131880730390549, -0.3349789083003998, 0.007321757264435291, 0.9797882437705994, 0.19990380108356476, 0.34046635031700134, -0.19040781259536743, 0.9207755923271179),
            ["RightUpperLeg"] = CFrame.new(-1.4901161193847656e-07, 4.507601261138916e-07, 3.4458935260772705e-07, 0.9962849617004395, -0.03331273794174194, -0.07941389828920364, 0.016412632539868355, 0.9786992073059082, -0.20464175939559937, 0.08454006165266037, 0.20257870852947235, 0.9756101965904236),
            ["RightUpperArm"] = CFrame.new(-0.000046193599700927734, 0.00003337860107421875, 0.0004048943519592285, 0.4476191997528076, -0.26971420645713806, 0.852575957775116, 0.7030551433563232, 0.6953125, -0.14915437996387482, -0.552585244178772, 0.6661792397499084, 0.5008664727210999),
        }},
        {Time = 0.200, Data = {
            ["LeftLowerArm"] = CFrame.new(-1.1920928955078125e-07, -2.384185791015625e-07, -0.0001723766326904297, 0.9999999403953552, -0.0002603032626211643, -0.00022671825718134642, 1.4901162970204496e-08, 0.6567614078521729, -0.7540982961654663, 0.0003451854281593114, 0.7540984749794006, 0.656761646270752),
            ["LeftFoot"] = CFrame.new(-2.3201573640108109e-07, 7.748603820800781e-07, 0, 0.9904423952102661, 0.012765093706548214, 0.1373356431722641, 0.014437587931752205, 0.9806432127952576, -0.19527003169059753, -0.13716919720172882, 0.1953866332769394, 0.9710862636566162),
            ["RightHand"] = CFrame.new(5.662441253662109e-07, -1.1920928955078125e-07, 9.499490261077881e-08, 0.99210125207901, -0.11263903230428696, -0.05520109087228775, 0.11810628324747086, 0.9870526194572449, 0.10852872580289841, 0.04226164519786835, -0.11419133841991425, 0.992559552192688),
            ["HumanoidRootPart"] = CFrame.new(0, 0, 0, 1, 0, 0, 0, 1, 0, 0, 0, 1),
            ["RightLowerLeg"] = CFrame.new(-1.0244548320770264e-08, 3.5762786865234375e-07, -1.0244548320770264e-07, 1, 0.00021604016365017742, 0.00007639722025487572, -0.0002161074080504477, 0.7782180309295654, 0.6279939413070679, 0.0000762199197197333, -0.627994179725647, 0.7782183289527893),
            ["LeftUpperLeg"] = CFrame.new(0, 3.6228448152542114e-07, -2.5331974029541016e-07, 0.9994534254074097, 0.0017328328685835004, -0.0330154187977314, -0.01715383306145668, 0.8808671236038208, -0.4730507731437683, 0.02826269529759884, 0.47336050868034363, 0.8804163932800293),
            ["LeftLowerLeg"] = CFrame.new(3.0919909477233887e-07, 3.5762786865234375e-07, -6.183981895446777e-07, 1, -0.0002274460275657475, -0.00008620577136753127, 0.000227440643357113, 0.7487707138061523, 0.6628290414810181, -0.00008621044253231958, -0.6628291010856628, 0.7487708330154419),
            ["LowerTorso"] = CFrame.new(-0.22682048380374908, -0.12008523941040039, -0.4080403447151184, 0.9907305836677551, -0.017816802486777306, 0.13466812670230865, 0.023894988000392914, 0.998760998249054, -0.04365377128124237, -0.13372349739074707, 0.04646705090999603, 0.9899287223815918),
            ["Head"] = CFrame.new(-0.00005399622023105621, -0.000001430511474609375, 2.0116567611694336e-07, 0.7441012263298035, 0.006810152903199196, -0.6680323481559753, -0.06947392970323563, 0.9953153133392334, -0.06723826378583908, 0.6644448041915894, 0.09644300490617752, 0.741088330745697),
            ["UpperTorso"] = CFrame.new(1.1175870895385742e-08, 1.7881393432617188e-07, 3.3527612686157227e-08, 0.9801821708679199, 0.007086410187184811, 0.1979716420173645, -0.027691397815942764, 0.9944493770599365, 0.10150709748268127, -0.19615353643894196, -0.10497758537530899, 0.9749377369880676),
            ["LeftUpperArm"] = CFrame.new(-0.00004601478576660156, -0.000034809112548828125, -0.0004045218229293823, 0.27471810579299927, 0.4569157660007477, -0.8460215926170349, -0.7357932925224304, 0.6663152575492859, 0.12093526870012283, 0.6189817190170288, 0.5892807841300964, 0.5192514657974243),
            ["RightLowerArm"] = CFrame.new(3.5762786865234375e-07, 1.1920928955078125e-07, 0.00017255544662475586, 1, -0.00034530379343777895, 0.0000017397535430063726, 1.5459956159702415e-07, -0.00460278382524848, -0.9999895095825195, 0.00034531953861005604, 0.99998939037323, -0.0046029482036828995),
            ["LeftHand"] = CFrame.new(-2.384185791015625e-07, 1.7881393432617188e-07, 3.725290298461914e-09, 0.2736179232597351, -0.32372263073921204, 0.9057261347770691, 0.8725385069847107, 0.4797806739807129, -0.09211079031229019, -0.404734343290329, 0.8154840469360352, 0.41373416781425476),
            ["RightFoot"] = CFrame.new(-3.1618401408195496e-07, 7.748603820800781e-07, -8.89413058757782e-08, 0.9787039160728455, 0.023243261501193047, -0.20395736396312714, -0.10815326869487762, 0.9028686881065369, -0.4160899817943573, 0.17447501420974731, 0.4292876720428467, 0.8861549496650696),
            ["Bucket"] = CFrame.new(-0.3266020119190216, 0.24235278367996216, -1.106490135192871, 0.9394444823265076, 0.057276248931884766, -0.3378808796405792, 0.01327273529022932, 0.9791138768196106, 0.2028791904449463, 0.34244397282600403, -0.19507822394371033, 0.9190629124641418),
            ["RightUpperLeg"] = CFrame.new(-8.940696716308594e-08, 3.3620744943618774e-07, 2.7567148208618164e-07, 0.9936392307281494, -0.027228474617004395, -0.10926830023527145, 0.007153546437621117, 0.9836300015449524, -0.18005754053592682, 0.11238305270671844, 0.1781311184167862, 0.9775683283805847),
            ["RightUpperArm"] = CFrame.new(-0.000046312808990478516, 0.00003349781036376953, 0.00040511786937713623, 0.5229418873786926, -0.2966054081916809, 0.7990936040878296, 0.6698061227798462, 0.7227985262870789, -0.1700471043586731, -0.5271540880203247, 0.6241695284843445, 0.5766571164131165),
        }},
        {Time = 0.233, Data = {
            ["LeftLowerArm"] = CFrame.new(-1.1920928955078125e-07, 5.960464477539062e-07, -0.0001723170280456543, 1, -0.0002548563352320343, -0.00023290961689781398, -2.980232594040899e-08, 0.674576461315155, -0.7382048964500427, 0.0003452450328040868, 0.7382049560546875, 0.6745765209197998),
            ["LeftFoot"] = CFrame.new(-2.1723099052906036e-07, 5.960464477539062e-07, 5.587935447692871e-08, 0.9932143092155457, 0.01173410750925541, 0.11570630222558975, 0.009902545250952244, 0.9827515482902527, -0.18466560542583466, -0.11587672680616379, 0.1845584362745285, 0.9759665727615356),
            ["RightHand"] = CFrame.new(0.0000013113021850585938, -1.1920928955078125e-07, 3.03611159324646e-07, 0.8942852020263672, -0.3695046603679657, -0.25242725014686584, 0.3454691767692566, 0.9286109805107117, -0.13540181517601013, 0.2844383120536804, 0.03388189151883125, 0.9580954313278198),
            ["HumanoidRootPart"] = CFrame.new(0, 0, 0, 1, 0, 0, 0, 1, 0, 0, 0, 1),
            ["RightLowerLeg"] = CFrame.new(-5.587935447692871e-09, 4.76837158203125e-07, -1.4901161193847656e-07, 1, 0.00021301615925040096, 0.00007433994323946536, -0.00021307826682459563, 0.7833262085914612, 0.6216105222702026, 0.0000741803232813254, -0.6216108202934265, 0.7833264470100403),
            ["LeftUpperLeg"] = CFrame.new(-1.1920928955078125e-07, 2.2724270820617676e-07, -2.3096799850463867e-07, 0.9984546899795532, -0.004598449915647507, -0.05538156256079674, -0.022690225392580032, 0.8759828805923462, -0.481806218624115, 0.05072921887040138, 0.48232048749923706, 0.8745260238647461),
            ["LeftLowerLeg"] = CFrame.new(1.0617077350616455e-07, 3.5762786865234375e-07, -7.897615432739258e-07, 1, -0.0002297278115293011, -0.00008756575698498636, 0.00022973219165578485, 0.7463273406028748, 0.6655787825584412, -0.00008755621820455417, -0.6655790209770203, 0.7463276982307434),
            ["LowerTorso"] = CFrame.new(-0.22092211246490479, -0.12157952785491943, -0.4098692834377289, 0.9837446212768555, -0.02084769494831562, 0.17835941910743713, 0.029805133119225502, 0.9984174370765686, -0.04768989235162735, -0.17708295583724976, 0.05223068594932556, 0.9828090667724609),
            ["Head"] = CFrame.new(-0.000053989700973033905, -5.960464477539062e-07, 1.341104507446289e-07, 0.7075996994972229, -0.028079967945814133, -0.7060552835464478, -0.060123760253190994, 0.9931938648223877, -0.0997547134757042, 0.7040510177612305, 0.11303718388080597, 0.7010955214500427),
            ["UpperTorso"] = CFrame.new(-7.450580596923828e-09, -2.086162567138672e-07, -3.725290298461914e-09, 0.9779484868049622, 0.021649634465575218, 0.20772092044353485, -0.04208548367023468, 0.9946375489234924, 0.09447246789932251, -0.20456169545650482, -0.10113126039505005, 0.9736154675483704),
            ["LeftUpperArm"] = CFrame.new(-0.000046133995056152344, -0.00003457069396972656, -0.00040455907583236694, 0.2754330039024353, 0.44365566968917847, -0.8528195023536682, -0.7321786284446716, 0.6716765761375427, 0.11295074969530106, 0.6229375600814819, 0.5933129191398621, 0.5098442435264587),
            ["RightLowerArm"] = CFrame.new(9.5367431640625e-07, -1.1920928955078125e-07, 0.00017273426055908203, 1, -0.00034508781391195953, -0.00001408566822647117, 1.1920930376163597e-07, 0.04142681509256363, -0.9991415739059448, 0.00034534934093244374, 0.9991415143013, 0.04142668470740318),
            ["LeftHand"] = CFrame.new(-5.960464477539063e-08, 1.1920928955078125e-07, 1.4621764421463013e-07, 0.2701724171638489, -0.3233984112739563, 0.9068756103515625, 0.8784784078598022, 0.4682968556880951, -0.09471514821052551, -0.39405927062034607, 0.8222600221633911, 0.41061633825302124),
            ["RightFoot"] = CFrame.new(-3.5855919122695923e-07, 8.344650268554688e-07, -9.220093488693237e-08, 0.9746222496032715, 0.020755937322974205, -0.22289270162582397, -0.11488381028175354, 0.9009460210800171, -0.41844671964645386, 0.1921282559633255, 0.43343445658683777, 0.8804664611816406),
            ["Bucket"] = CFrame.new(-0.32549652457237244, 0.2380995750427246, -1.1110196113586426, 0.9384821057319641, 0.05299361050128937, -0.3412374258041382, 0.020045720040798187, 0.9781288504600525, 0.20703227818012238, 0.3447455167770386, -0.20113632082939148, 0.9168940782546997),
            ["RightUpperLeg"] = CFrame.new(-1.1920928955078125e-07, 2.6170164346694946e-07, 2.868473529815674e-07, 0.9905537366867065, -0.020064273849129677, -0.1356489062309265, -0.0014638669090345502, 0.9876336455345154, -0.15677285194396973, 0.1371178776025772, 0.15549084544181824, 0.9782748818397522),
            ["RightUpperArm"] = CFrame.new(-0.000046193599700927734, 0.000033974647521972656, 0.00040496885776519775, 0.5922566056251526, -0.31924790143966675, 0.7398012280464172, 0.6285513639450073, 0.7575196623802185, -0.17629987001419067, -0.504138171672821, 0.5694248676300049, 0.6493170261383057),
        }},
        {Time = 0.267, Data = {
            ["LeftLowerArm"] = CFrame.new(3.5762786865234375e-07, 5.364418029785156e-07, -0.00017249584197998047, 0.9999999403953552, -0.00024901822325773537, -0.00023904870613478124, -7.450581307466564e-08, 0.6924871206283569, -0.7214301824569702, 0.00034525993396528065, 0.721430242061615, 0.6924872398376465),
            ["LeftFoot"] = CFrame.new(-2.4097971618175507e-07, 6.556510925292969e-07, -1.601874828338623e-07, 0.9958484172821045, 0.011708996258676052, 0.09027174860239029, 0.00425438117235899, 0.9846221804618835, -0.17464539408683777, -0.09092778712511063, 0.17430445551872253, 0.980484664440155),
