return {
    ["Trinity's Kick"] = {
        {Time = 0.000, Data = {
            ["LeftFoot"] = CFrame.new(5.960464477539063e-08, -5.960464477539063e-08, -6.705522537231445e-08, 0.9836880564689636, -0.1745169311761856, -0.04361151158809662, 0.17887051403522491, 0.9746584892272949, 0.13433526456356049, 0.019062461331486702, -0.13994532823562622, 0.9899758100509644),
            ["LeftLowerArm"] = CFrame.new(0.0000017285346984863281, -1.7881393432617188e-07, 0.0000012516975402832031, 1, -3.6088742660922435e-08, 5.960464477539063e-08, 8.568164844291459e-08, 0.8520886301994324, -0.5233975648880005, 1.4901155864777138e-08, 0.5233975648880005, 0.8520886301994324),
            ["LowerTorso"] = CFrame.new(-0.05266648158431053, -0.09814858436584473, -0.02008911222219467, 0.9634905457496643, -0.011835653334856033, -0.2674808204174042, 2.913234027346334e-07, 0.9990225434303284, -0.04420430213212967, 0.2677425444126129, 0.04259034991264343, 0.9625487327575684),
            ["Head"] = CFrame.new(-8.940696716308594e-08, -4.76837158203125e-07, -1.8719583749771118e-07, 0.9379105567932129, -0.025695370510220528, 0.345924437046051, 0.03400145098567009, 0.9992603659629822, -0.017963333055377007, -0.3452069163322449, 0.02860991284251213, 0.9380905032157898),
            ["RightUpperArm"] = CFrame.new(1.1920928955078125e-07, 0, -4.470348358154297e-08, 0.9528529047966003, -0.2820563316345215, -0.11187358945608139, 0.29188311100006104, 0.9527655839920044, 0.08391650021076202, 0.08292015641927719, -0.11261405795812607, 0.9901729822158813),
            ["UpperTorso"] = CFrame.new(1.3811052212986397e-07, 5.066394805908203e-07, -8.847564458847046e-08, 0.9965741038322449, 0.00938702654093504, -0.08217021822929382, 0.006302891299128532, 0.9820284247398376, 0.18862825632095337, 0.08246418833732605, -0.18849994242191315, 0.9786049127578735),
            ["HumanoidRootPart"] = CFrame.new(0, 0, 0, 1, 0, 0, 0, 1, 0, 0, 0, 1),
            ["RightHand"] = CFrame.new(0.0000018030405044555664, 6.556510925292969e-07, 8.940696716308594e-08, 0.9993525147438049, 0.03233783319592476, 0.015776826068758965, -0.029222004115581512, 0.9852687120437622, -0.16849853098392487, -0.020993314683437347, 0.16792838275432587, 0.9855756759643555),
            ["LeftUpperArm"] = CFrame.new(-1.1920928955078125e-07, -9.5367431640625e-07, -8.940696716308594e-08, 0.8403350710868835, 0.40182483196258545, -0.3638319969177246, -0.3973727226257324, 0.9131625294685364, 0.09071510285139084, 0.36868932843208313, 0.068345807492733, 0.9270367622375488),
            ["RightLowerArm"] = CFrame.new(-0.0000011920928955078125, 7.152557373046875e-07, 1.7881393432617188e-07, 1, -5.960463766996327e-08, 3.725289943190546e-08, 5.2154071283894154e-08, 0.8684123754501343, -0.4958427846431732, 3.725290653733282e-08, 0.49584275484085083, 0.8684123158454895),
            ["LeftHand"] = CFrame.new(-1.1920928955078125e-07, 2.384185791015625e-07, -1.1920928955078125e-07, 0.9983264207839966, -0.0511309914290905, 0.02701885625720024, 0.05280010774731636, 0.9964760541915894, -0.06517539918422699, -0.02359120361506939, 0.06649288535118103, 0.9975079894065857),
            ["RightUpperLeg"] = CFrame.new(-1.7881393432617188e-07, 7.627531886100769e-07, -1.6596459317952394e-08, 0.9013674259185791, -0.21695959568023682, -0.374786913394928, 0.2380254566669464, 0.971204936504364, 0.01023575384169817, 0.3617742359638214, -0.09843511134386063, 0.9270545840263367),
            ["LeftUpperLeg"] = CFrame.new(1.7881393432617188e-07, 7.017515599727631e-07, -1.4901161193847656e-08, 0.9751120805740356, 0.21462588012218475, 0.055607832968235016, -0.18523560464382172, 0.9264695644378662, -0.32763057947158813, -0.12183696776628494, 0.3091759979724884, 0.9431681632995605),
            ["RightLowerLeg"] = CFrame.new(5.960464477539063e-08, -0.0000037550926208496094, -0.000013252887583803385, 1, -6.705523958316917e-08, -4.4703494239684005e-08, 1.4901159417490817e-08, 0.9287605285644531, 0.3706803023815155, 1.0151414642223244e-07, -0.370680570602417, 0.9287605881690979),
            ["RightFoot"] = CFrame.new(1.862645149230957e-08, 2.980232238769531e-07, 2.4047039914876223e-08, 0.9759133458137512, 0.21653464436531067, 0.026570232585072517, -0.19312214851379395, 0.914134681224823, -0.35645678639411926, -0.10147403925657272, 0.3427398204803467, 0.9339339137077332),
            ["LeftLowerLeg"] = CFrame.new(4.470348358154297e-08, 0.000003814697265625, 0.00001329183578491211, 1, 0, 9.313226634333205e-09, -7.4505797087454084e-09, 0.9733577966690063, 0.22929167747497559, -1.4901159417490817e-08, -0.22929173707962036, 0.9733577966690063),
        }},
        {Time = 0.033, Data = {
            ["LeftFoot"] = CFrame.new(3.725290298461914e-08, 1.1920928955078125e-07, -4.423782229423523e-08, 0.9858726859092712, -0.15875260531902313, -0.05341166630387306, 0.1612401157617569, 0.9858421087265015, 0.046011172235012054, 0.04535095766186714, -0.05397345870733261, 0.9975119829177856),
            ["LeftLowerArm"] = CFrame.new(0.0000017881393432617188, -2.384185791015625e-07, 8.940696716308594e-07, 1, -3.376043622438374e-08, -7.450580596923828e-09, 3.259627945340071e-08, 0.8206943273544312, -0.5713675022125244, 2.2351734685344127e-08, 0.5713675022125244, 0.8206943273544312),
            ["LowerTorso"] = CFrame.new(-0.050674352794885635, -0.08633685111999512, -0.0030037015676498413, 0.9665133357048035, 0.012225838378071785, -0.2563251852989197, -0.014922142960131168, 0.9998518824577332, -0.008576691150665283, 0.25618234276771545, 0.012114405632019043, 0.9665526747703552),
            ["Head"] = CFrame.new(-3.8984580896794796e-08, 1.1920928955078125e-07, -8.195638656616211e-08, 0.9439331293106079, 0.005169046577066183, 0.3300963342189789, 0.027437124401330948, 0.9951901435852051, -0.09404219686985016, -0.3289947211742401, 0.09782645851373672, 0.9392510056495667),
            ["RightUpperArm"] = CFrame.new(0, 1.1920928955078125e-07, 2.9802322387695312e-08, 0.9510152339935303, -0.2755042314529419, -0.1402403563261032, 0.29285871982574463, 0.9481773972511292, 0.12326129525899887, 0.0990138053894043, -0.1582939177751541, 0.9824150800704956),
            ["UpperTorso"] = CFrame.new(1.2939563021063805e-07, 8.940696716308594e-08, -8.172355592250824e-08, 0.9963964223861694, -0.019339989870786667, -0.08258421719074249, 0.03388200327754021, 0.9833552837371826, 0.17850664258003235, 0.07775724679231644, -0.18066149950027466, 0.9804668426513672),
            ["HumanoidRootPart"] = CFrame.new(0, 0, 0, 1, 0, 0, 0, 1, 0, 0, 0, 1),
            ["RightHand"] = CFrame.new(9.98377799987793e-07, 1.1920928955078125e-07, -1.1920928955078125e-07, 0.9996740221977234, 0.01771377958357334, 0.01839183084666729, -0.014315111562609673, 0.985203206539154, -0.1707918494939804, -0.02114509977400303, 0.17047281563282013, 0.9851354360580444),
            ["LeftUpperArm"] = CFrame.new(-1.1920928955078125e-07, -9.5367431640625e-07, -8.940696716308594e-08, 0.8791522979736328, 0.38812702894210815, -0.27649348974227905, -0.3712459206581116, 0.9216008186340332, 0.11326278746128082, 0.29877689480781555, 0.0030718413181602955, 0.954318106174469),
            ["RightLowerArm"] = CFrame.new(-0.000001430511474609375, 7.748603820800781e-07, 5.960464477539063e-08, 1, -3.7252885221050747e-08, 4.470347292340193e-08, 7.450579886381092e-08, 0.8336219787597656, -0.5523354411125183, 3.725289943190546e-08, 0.5523354411125183, 0.8336220383644104),
            ["LeftHand"] = CFrame.new(0, -9.5367431640625e-07, -3.5762786865234375e-07, 0.9984778165817261, -0.04300076141953468, 0.03454168885946274, 0.04531174153089523, 0.9965754151344299, -0.06916873157024384, -0.03144903481006622, 0.07062861323356628, 0.9970068335533142),
            ["RightUpperLeg"] = CFrame.new(-2.384185791015625e-07, 1.4540273696184158e-07, -1.985608832910657e-08, 0.9090494513511658, -0.24318856000900269, -0.3383614718914032, 0.23381942510604858, 0.9698383808135986, -0.06886205822229385, 0.3449023365974426, -0.016516530886292458, 0.9384933114051819),
            ["LeftUpperLeg"] = CFrame.new(1.1920928955078125e-07, 3.555323928594589e-07, 6.05359673500061e-09, 0.9730932712554932, 0.21088507771492004, 0.0928286761045456, -0.1490001529455185, 0.8832457661628723, -0.444607675075531, -0.1757516711950302, 0.4188131093978882, 0.8909023404121399),
            ["RightLowerLeg"] = CFrame.new(-1.2665987014770508e-07, -0.000003516674041748047, -0.000013290140486788005, 1, -6.332995639013461e-08, -8.940700979565008e-08, 6.705524668859653e-08, 0.9032865762710571, 0.4290374219417572, 7.450583439094771e-08, -0.4290378987789154, 0.9032867550849915),
            ["RightFoot"] = CFrame.new(-9.313225746154785e-08, 3.5762786865234375e-07, -8.026108844205737e-08, 0.9761437773704529, 0.21561813354492188, 0.025543151423335075, -0.1944982409477234, 0.9206347465515137, -0.33852872252464294, -0.09650885313749313, 0.3254850208759308, 0.940609335899353),
            ["LeftLowerLeg"] = CFrame.new(5.960464477539063e-08, 0.000003516674041748047, 0.000013142824172973633, 1, 4.400498809786768e-08, 4.7963105487269786e-08, -2.9802318834981634e-08, 0.8992118835449219, 0.4375135004520416, 1.4901159417490817e-08, -0.43751341104507446, 0.8992118239402771),
        }},
        {Time = 0.067, Data = {
            ["LeftFoot"] = CFrame.new(-5.2852556109428406e-08, -5.960464477539063e-08, 2.421438694000244e-08, 0.9883390665054321, -0.1522441804409027, -0.002772112376987934, 0.15017059445381165, 0.9775674939155579, -0.14768442511558533, 0.025193987414240837, 0.14554594457149506, 0.989030659198761),
            ["LeftLowerArm"] = CFrame.new(0.0000026226043701171875, -1.7881393432617188e-07, 8.940696716308594e-07, 1, -1.5366818928441717e-08, 5.960465898624534e-08, 7.450578820566989e-09, 0.7258466482162476, -0.6878566741943359, -1.4901157641133977e-08, 0.6878565549850464, 0.7258466482162476),
            ["LowerTorso"] = CFrame.new(-0.04609644412994385, -0.15175437927246094, 0.03575722873210907, 0.9732867479324341, 0.04297441989183426, -0.22553524374961853, -0.03097369894385338, 0.9979230165481567, 0.05648287013173103, 0.22749409079551697, -0.04798836261034012, 0.9725964069366455),
            ["Head"] = CFrame.new(-9.12696123123169e-08, -7.152557373046875e-07, -1.257285475730896e-07, 0.9564570188522339, 0.0417783297598362, 0.2888680100440979, 0.022267021238803864, 0.9763738512992859, -0.21493811905384064, -0.2910228371620178, 0.2120111882686615, 0.932929277420044),
            ["RightUpperArm"] = CFrame.new(0, -4.76837158203125e-07, 7.078051567077637e-08, 0.9438257217407227, -0.25981399416923523, -0.20418064296245575, 0.3008546829223633, 0.9312067031860352, 0.20576800405979156, 0.13667304813861847, -0.25563785433769226, 0.9570631980895996),
            ["UpperTorso"] = CFrame.new(1.564621925354004e-07, 1.4901161193847656e-07, -7.35744833946228e-08, 0.9946733117103577, -0.0570598766207695, -0.08584428578615189, 0.07215157896280289, 0.9801806211471558, 0.1844998151063919, 0.07361532002687454, -0.1897108554840088, 0.9790764451026917),
            ["HumanoidRootPart"] = CFrame.new(0, 0, 0, 1, 0, 0, 0, 1, 0, 0, 0, 1),
            ["RightHand"] = CFrame.new(0.0000014156103134155273, -1.7881393432617188e-07, 8.940696716308594e-08, 0.9995036125183105, -0.018713295459747314, 0.025347400456666946, 0.022902939468622208, 0.9840072393417358, -0.17665040493011475, -0.02163632959127426, 0.17714323103427887, 0.983947217464447),
            ["LeftUpperArm"] = CFrame.new(-1.1920928955078125e-07, -0.0000013113021850585938, -5.960464477539063e-08, 0.9078163504600525, 0.396403044462204, -0.13687288761138916, -0.3898357152938843, 0.9179856777191162, 0.07301034778356552, 0.15458887815475464, -0.012922038324177265, 0.9878944754600525),
            ["RightLowerArm"] = CFrame.new(-0.0000022649765014648438, 4.172325134277344e-07, -6.854534149169922e-07, 1, -4.470344805440618e-08, 2.235172757991677e-08, 2.9802318834981634e-08, 0.7129599452018738, -0.7012046575546265, -2.9802318834981634e-08, 0.701204776763916, 0.7129600048065186),
            ["LeftHand"] = CFrame.new(-1.7881393432617188e-07, -6.556510925292969e-07, -1.7881393432617188e-07, 0.9986132383346558, -0.021276215091347694, 0.04815565422177315, 0.025170497596263885, 0.9963338971138, -0.0817641019821167, -0.04623943939805031, 0.08286281675100327, 0.9954876899719238),
            ["RightUpperLeg"] = CFrame.new(-1.4901161193847656e-07, 9.187497198581696e-07, 5.045876605436206e-08, 0.9273263812065125, -0.29637280106544495, -0.2285364270210266, 0.22091969847679138, 0.9263908267021179, -0.30495017766952515, 0.302092969417572, 0.23230017721652985, 0.9245412349700928),
            ["LeftUpperLeg"] = CFrame.new(2.980232238769531e-07, 3.5134144127368927e-07, 2.2351741790771484e-08, 0.9685928821563721, 0.22093234956264496, 0.11409158259630203, -0.1057833805680275, 0.7813742756843567, -0.6150315403938293, -0.2250286191701889, 0.5836464166641235, 0.7802047729492188),
            ["RightLowerLeg"] = CFrame.new(-1.862645149230957e-08, -0.0000037550926208496094, -0.000013286415196489543, 1, -7.450580596923828e-08, 7.450582373280668e-09, 1.4901161193847656e-07, 0.7042441368103027, 0.7099577188491821, -1.564621925354004e-07, -0.7099579572677612, 0.7042443752288818),
            ["RightFoot"] = CFrame.new(7.078051567077637e-08, 2.384185791015625e-07, 1.6952981241047382e-09, 0.9757800698280334, 0.2167574167251587, -0.029489537701010704, -0.20706261694431305, 0.8717159032821655, -0.4441128075122833, -0.07055815309286118, 0.43946292996406555, 0.8954854011535645),
            ["LeftLowerLeg"] = CFrame.new(4.6798959374427795e-08, 0.0000037550926208496094, 0.000013168901205062866, 1, 7.473862950746479e-08, 1.816079375771551e-08, -6.123445217554035e-08, 0.664997935295105, 0.7468449473381042, 6.007029895727101e-08, -0.7468453049659729, 0.6649982333183289),
        }},
        {Time = 0.100, Data = {
            ["LeftFoot"] = CFrame.new(3.818422555923462e-08, 0, 1.4901161193847656e-08, 0.9865303039550781, -0.16205783188343048, 0.02225472964346409, 0.15806761384010315, 0.9094122648239136, -0.38468682765960693, 0.04210279509425163, 0.3830232620239258, 0.922778844833374),
            ["LeftLowerArm"] = CFrame.new(0.0000016689300537109375, -1.1920928955078125e-07, 0.0000011324882507324219, 1, -6.519256601222878e-08, 5.960465188081798e-08, 1.2665981330428622e-07, 0.5665515661239624, -0.8240264058113098, 2.2351731132630448e-08, 0.824026346206665, 0.5665515065193176),
            ["LowerTorso"] = CFrame.new(-0.040830306708812714, -0.3409092426300049, 0.07900257408618927, 0.9818900227546692, 0.034752797335386276, -0.18623703718185425, -0.01038323063403368, 0.9914252161979675, 0.13026203215122223, 0.1891670674085617, -0.12596924602985382, 0.9738314747810364),
            ["Head"] = CFrame.new(-5.587935447692871e-08, -2.384185791015625e-07, -1.3317912817001343e-07, 0.9690866470336914, 0.05058133602142334, 0.24148008227348328, 0.03534660488367081, 0.9401987195014954, -0.33878761529922485, -0.2441755086183548, 0.33684995770454407, 0.9093461036682129),
            ["RightUpperArm"] = CFrame.new(2.384185791015625e-07, -5.960464477539062e-07, 0, 0.9298783540725708, -0.24347946047782898, -0.27576103806495667, 0.32091644406318665, 0.9033547639846802, 0.2845396101474762, 0.17983044683933258, -0.3530833125114441, 0.9181466102600098),
            ["UpperTorso"] = CFrame.new(1.2479722499847412e-07, 5.960464477539062e-07, -7.82310962677002e-08, 0.9954469799995422, -0.040908172726631165, -0.08609189093112946, 0.0583883672952652, 0.9756247997283936, 0.21153554320335388, 0.07533980906009674, -0.2155991792678833, 0.973571240901947),
            ["HumanoidRootPart"] = CFrame.new(0, 0, 0, 1, 0, 0, 0, 1, 0, 0, 0, 1),
            ["RightHand"] = CFrame.new(0.0000015050172805786133, -3.5762786865234375e-07, 5.960464477539063e-08, 0.9971393942832947, -0.06670035421848297, 0.03555501252412796, 0.07214619964361191, 0.9801684617996216, -0.18456652760505676, -0.02253926545381546, 0.18660372495651245, 0.9821767210960388),
            ["LeftUpperArm"] = CFrame.new(-2.384185791015625e-07, -9.5367431640625e-07, -7.450580596923828e-08, 0.9135308265686035, 0.40459203720092773, -0.04203398898243904, -0.40445196628570557, 0.9144783616065979, 0.012164486572146416, 0.043360788375139236, 0.005888110492378473, 0.9990422129631042),
            ["RightLowerArm"] = CFrame.new(-0.000002384185791015625, 2.384185791015625e-07, -8.940696716308594e-08, 1, -1.1175865211043856e-07, -3.725289587919178e-08, 7.450579175838357e-08, 0.46863386034965515, -0.8833925127983093, 4.470347292340193e-08, 0.8833925127983093, 0.46863389015197754),
            ["LeftHand"] = CFrame.new(-5.364418029785156e-07, -5.960464477539063e-08, -3.5762786865234375e-07, 0.9983308911323547, 0.010800521820783615, 0.05673540383577347, -0.004880739841610193, 0.9946216940879822, -0.10345982760190964, -0.05754757672548294, 0.10301017016172409, 0.9930142164230347),
            ["RightUpperLeg"] = CFrame.new(-2.086162567138672e-07, 0.0000012759119272232056, 2.0656443666666746e-08, 0.9488306641578674, -0.29684561491012573, -0.10771825164556503, 0.18863451480865479, 0.8063554763793945, -0.5605427622795105, 0.25325363874435425, 0.511540412902832, 0.8210899233818054),
            ["LeftUpperLeg"] = CFrame.new(1.7881393432617188e-07, 0.0000011192169040441513, 0, 0.9566826224327087, 0.2816988229751587, 0.07351355999708176, -0.1108892485499382, 0.5860549807548523, -0.8026477694511414, -0.2691878378391266, 0.7597270607948303, 0.5919057726860046),
            ["RightLowerLeg"] = CFrame.new(1.4901161193847656e-08, -0.0000034570693969726562, -0.000013178381777834147, 1, -2.0861622829215776e-07, -7.450584149637507e-08, 1.9371512394172896e-07, 0.3238855302333832, 0.9460961222648621, -1.7136336794010276e-07, -0.9460962414741516, 0.32388606667518616),
            ["RightFoot"] = CFrame.new(-4.842877388000488e-08, 3.5762786865234375e-07, -1.0261283023282886e-07, 0.9668886661529541, 0.23200523853302002, -0.10630243271589279, -0.2489558458328247, 0.7659340500831604, -0.5927610397338867, -0.05610284209251404, 0.5995988249778748, 0.7983320951461792),
            ["LeftLowerLeg"] = CFrame.new(4.842877388000488e-08, 0.000003516674041748047, 0.000013340264558792114, 1, 7.450577754752885e-08, 4.4703490686970326e-08, -7.450579175838357e-08, 0.2733737826347351, 0.9619078040122986, 2.607702498380604e-08, -0.9619078636169434, 0.27337414026260376),
        }},
        {Time = 0.133, Data = {
            ["LeftFoot"] = CFrame.new(-4.842877388000488e-08, 2.384185791015625e-07, 1.4901161193847656e-08, 0.984406054019928, -0.17491275072097778, 0.01871998980641365, 0.16136030852794647, 0.8554700016975403, -0.4920710325241089, 0.07005488872528076, 0.48741841316223145, 0.8703537583351135),
            ["LeftLowerArm"] = CFrame.new(0.000002115964889526367, 2.980232238769531e-07, 0.0000012516975402832031, 1, -8.568164844291459e-08, 4.4703497792397684e-08, 1.2665985593685036e-07, 0.38033026456832886, -0.9248508214950562, 1.4901159417490817e-08, 0.9248507022857666, 0.38033032417297363),
            ["LowerTorso"] = CFrame.new(-0.033748894929885864, -0.5639204978942871, 0.13460350036621094, 0.9919933676719666, 0.014145324006676674, -0.12549526989459991, 0.01529206708073616, 0.9729416966438293, 0.23054425418376923, 0.12536068260669708, -0.23061741888523102, 0.9649354815483093),
            ["Head"] = CFrame.new(-8.940696716308594e-08, -3.5762786865234375e-07, -4.0046870708465576e-08, 0.9814366102218628, 0.04364597424864769, 0.18675494194030762, 0.04722495377063751, 0.8887815475463867, -0.45589178800582886, -0.18588216602802277, 0.4562482535839081, 0.8702214360237122),
            ["RightUpperArm"] = CFrame.new(1.1920928955078125e-07, -8.344650268554688e-07, -8.940696716308594e-08, 0.9116960763931274, -0.21620847284793854, -0.3493770658969879, 0.33014824986457825, 0.8916711807250977, 0.3097171485424042, 0.2445659190416336, -0.3977139890193939, 0.8843138813972473),
            ["UpperTorso"] = CFrame.new(1.41095370054245e-07, -2.9802322387695312e-08, -6.28642737865448e-08, 0.9953817129135132, -0.0028361408039927483, -0.09595438092947006, 0.024486348032951355, 0.9740002751350403, 0.22522006928920746, 0.09282075613737106, -0.22652950882911682, 0.9695714712142944),
            ["HumanoidRootPart"] = CFrame.new(0, 0, 0, 1, 0, 0, 0, 1, 0, 0, 0, 1),
            ["RightHand"] = CFrame.new(0.0000013513490557670593, 5.960464477539063e-08, 2.3830216377973557e-07, 0.9910751581192017, -0.12406370043754578, 0.04876884073019028, 0.13122738897800446, 0.9723317623138428, -0.1932627558708191, -0.023442553356289864, 0.1979377716779709, 0.9799342751502991),
            ["LeftUpperArm"] = CFrame.new(-1.1920928955078125e-07, -0.000001430511474609375, -1.4901161193847656e-07, 0.9067805409431458, 0.4212231934070587, -0.01789049804210663, -0.42158645391464233, 0.9055524468421936, -0.04732502996921539, -0.0037336344830691814, 0.050455790013074875, 0.998719334602356),
            ["RightLowerArm"] = CFrame.new(-0.0000013113021850585938, 7.748603820800781e-07, 1.6391277313232422e-07, 1, 1.4901154088420299e-08, 2.1478628653426313e-08, 5.960463766996327e-08, 0.17441967129707336, -0.9846714735031128, 4.470347647611561e-08, 0.9846714735031128, 0.1744195818901062),
            ["LeftHand"] = CFrame.new(-2.384185791015625e-07, -4.172325134277344e-07, -4.172325134277344e-07, 0.9969910979270935, 0.053182512521743774, 0.05639467388391495, -0.04550272598862648, 0.9905138611793518, -0.1296607106924057, -0.06275544315576553, 0.12670445442199707, 0.9899533987045288),
            ["RightUpperLeg"] = CFrame.new(-2.980232238769531e-07, 5.07105141878128e-07, 4.6733475755900145e-08, 0.9613704085350037, -0.2750377058982849, 0.01102324016392231, 0.18473456799983978, 0.6150000691413879, -0.7665820121765137, 0.20405955612659454, 0.7390055060386658, 0.6420518159866333),
            ["LeftUpperLeg"] = CFrame.new(2.980232238769531e-07, 3.771856427192688e-07, -7.450580596923828e-09, 0.9587401747703552, 0.277976393699646, -0.05955403298139572, -0.13247445225715637, 0.2515007555484772, -0.9587481021881104, -0.25153130292892456, 0.9270796775817871, 0.27794885635375977),
            ["RightLowerLeg"] = CFrame.new(-7.450580596923828e-09, -0.000003516674041748047, -0.000013483855582308024, 1, -1.0430815677864302e-07, -1.3411050758804777e-07, 1.043081283569336e-07, -0.04149734601378441, 0.9991386532783508, -1.4901161193847656e-07, -0.9991386532783508, -0.04149716719985008),
            ["RightFoot"] = CFrame.new(2.2351741790771484e-08, 3.5762786865234375e-07, -1.3205863069742918e-08, 0.9626696705818176, 0.257915735244751, -0.08213787525892258, -0.23636089265346527, 0.6530957221984863, -0.7194438576698303, -0.13191182911396027, 0.7120011448860168, 0.6896767616271973),
            ["LeftLowerLeg"] = CFrame.new(2.9802322387695312e-08, 0.000003993511199951172, 0.000013403594493865967, 1, 9.313227167240257e-08, 1.1175870895385742e-07, -7.450581307466564e-08, -0.080199234187603, 0.9967789053916931, 5.587936158235607e-08, -0.9967789053916931, -0.08019909262657166),
        }},
        {Time = 0.167, Data = {
            ["LeftFoot"] = CFrame.new(1.4901161193847656e-08, 0, -3.725290298461914e-08, 0.9829179048538208, -0.1798190474510193, 0.03921322897076607, 0.17248842120170593, 0.8257363438606262, -0.5370354056358337, 0.06418929994106293, 0.5346255898475647, 0.8426477909088135),
            ["LeftLowerArm"] = CFrame.new(0.0000016689300537109375, -8.344650268554688e-07, 0.0000011324882507324219, 1, -6.705521116145974e-08, 8.940698847936801e-08, 1.1920927533992653e-07, 0.22240298986434937, -0.9749548435211182, 4.470347647611561e-08, 0.9749549031257629, 0.22240298986434937),
            ["LowerTorso"] = CFrame.new(-0.027982307597994804, -0.7478660345077515, 0.18146394193172455, 0.9975321292877197, 0.010202232748270035, -0.06946638226509094, 0.009374679997563362, 0.9611741304397583, 0.27578333020210266, 0.06958289444446564, -0.2757539749145508, 0.9587064981460571),
            ["Head"] = CFrame.new(-6.146728992462158e-08, 0, 1.62515789270401e-07, 0.990227997303009, 0.03934340924024582, 0.13379386067390442, 0.0410064272582531, 0.8348265886306763, -0.5489838123321533, -0.1332935094833374, 0.5491054058074951, 0.8250551819801331),
            ["RightUpperArm"] = CFrame.new(0, -5.960464477539062e-07, 1.4901161193847656e-08, 0.8894741535186768, -0.18492068350315094, -0.4178996980190277, 0.3225541412830353, 0.9018418788909912, 0.2874720096588135, 0.32371994853019714, -0.39049404859542847, 0.8618119359016418),
            ["UpperTorso"] = CFrame.new(1.3620592653751373e-07, 5.662441253662109e-07, -1.9103754311800003e-07, 0.994009256362915, 0.002420654520392418, -0.10926944017410278, 0.02792123705148697, 0.9609575271606445, 0.27528369426727295, 0.10566964745521545, -0.27668529748916626, 0.9551330208778381),
            ["HumanoidRootPart"] = CFrame.new(0, 0, 0, 1, 0, 0, 0, 1, 0, 0, 0, 1),
            ["RightHand"] = CFrame.new(0.000001255422830581665, -5.960464477539063e-08, 2.3096799850463867e-07, 0.9823723435401917, -0.1766532063484192, 0.061141692101955414, 0.1854512095451355, 0.9620976448059082, -0.19993987679481506, -0.02350427582859993, 0.2077542096376419, 0.9778986573219299),
            ["LeftUpperArm"] = CFrame.new(-2.384185791015625e-07, -0.0000013113021850585938, -1.7881393432617188e-07, 0.8884488940238953, 0.4586445689201355, -0.017432941123843193, -0.45806944370269775, 0.8836685419082642, -0.09644893556833267, -0.028830815106630325, 0.09367536753416061, 0.9951853156089783),
            ["RightLowerArm"] = CFrame.new(-0.000002562999725341797, 2.384185791015625e-07, 5.960464477539063e-08, 1, -6.705518273975031e-08, 8.195639367158947e-08, 1.1175872316471214e-07, 0.02058619074523449, -0.9997881054878235, 3.725290653733282e-08, 0.9997880458831787, 0.020586160942912102),
            ["LeftHand"] = CFrame.new(1.1920928955078125e-07, -3.5762786865234375e-07, -5.960464477539063e-08, 0.9951091408729553, 0.08559602499008179, 0.04930699244141579, -0.07733893394470215, 0.9856284260749817, -0.15018491446971893, -0.06145372986793518, 0.14563706517219543, 0.9874275922775269),
            ["RightUpperLeg"] = CFrame.new(-2.086162567138672e-07, 0.0000013993121683597565, 1.3205863069742918e-08, 0.954096794128418, -0.2692202031612396, 0.1312243640422821, 0.24119845032691956, 0.4309552013874054, -0.8695407509803772, 0.177545964717865, 0.8612769842147827, 0.476108193397522),
            ["LeftUpperLeg"] = CFrame.new(2.086162567138672e-07, 0.000001133885234594345, -1.4901161193847656e-08, 0.9676650762557983, 0.21326065063476562, -0.13470111787319183, -0.13927006721496582, 0.006476196460425854, -0.9902332425117493, -0.2103053629398346, 0.9769739508628845, 0.03596748411655426),
            ["RightLowerLeg"] = CFrame.new(4.842877388000488e-08, -0.000003516674041748047, -0.0000131634806166403, 1, -2.1234141911463666e-07, -2.756716241947288e-07, 9.685752644372769e-08, -0.32810282707214355, 0.9446420669555664, -2.0861619987044833e-07, -0.9446420669555664, -0.3281027376651764),
            ["RightFoot"] = CFrame.new(0, 2.384185791015625e-07, -2.8107024263590574e-08, 0.9529055953025818, 0.3004744350910187, -0.041061513125896454, -0.21792076528072357, 0.5842680931091309, -0.7817550897598267, -0.21090641617774963, 0.7538871765136719, 0.6222323775291443),
            ["LeftLowerLeg"] = CFrame.new(1.4901161193847656e-08, 0.000003874301910400391, 0.000013440847396850586, 1, 9.313224325069314e-08, 8.195641498787154e-08, -8.195639367158947e-08, -0.29262176156044006, 0.9562283754348755, 1.1734665861240501e-07, -0.9562282562255859, -0.29262182116508484),
        }},
        {Time = 0.200, Data = {
            ["LeftFoot"] = CFrame.new(3.073364496231079e-08, 0, 1.4901161193847656e-08, 0.9820027947425842, -0.18078571557998657, 0.05465501919388771, 0.1813410073518753, 0.8216583728790283, -0.5403626561164856, 0.052782222628593445, 0.5405498147010803, 0.8396552801132202),
            ["LeftLowerArm"] = CFrame.new(0.0000025033950805664062, -5.960464477539062e-07, 0.000001341104507446289, 1, -1.0430811414607888e-07, 4.4703497792397684e-08, 7.450579175838357e-08, 0.14583593606948853, -0.9893088340759277, 7.450579175838357e-08, 0.9893088340759277, 0.14583587646484375),
            ["LowerTorso"] = CFrame.new(-0.02468578889966011, -0.8259129524230957, 0.2131192833185196, 0.9981321692466736, 0.022105546668171883, -0.05695246905088425, -0.0037225603591650724, 0.9525150060653687, 0.3044689893722534, 0.06097853183746338, -0.30368828773498535, 0.9508181810379028),
            ["Head"] = CFrame.new(-7.543712854385376e-08, 2.384185791015625e-07, -1.1525116860866547e-07, 0.9941992163658142, 0.04506921023130417, 0.09765619784593582, 0.015417058952152729, 0.8388762474060059, -0.5441039204597473, -0.10644377022981644, 0.5424532294273376, 0.8333151936531067),
            ["RightUpperArm"] = CFrame.new(0, -5.960464477539062e-07, -1.043081283569336e-07, 0.8702179193496704, -0.1679832637310028, -0.4631440043449402, 0.3301433026790619, 0.8966116905212402, 0.2951151430606842, 0.36568596959114075, -0.4097183644771576, 0.8357061743736267),
            ["UpperTorso"] = CFrame.new(1.3597309589385986e-07, 1.7881393432617188e-07, -1.2945383787155151e-07, 0.9943304061889648, -0.03246290609240532, -0.10125822573900223, 0.055446408689022064, 0.9708413481712341, 0.23322273790836334, 0.09073456376791, -0.23751486837863922, 0.9671370387077332),
            ["HumanoidRootPart"] = CFrame.new(0, 0, 0, 1, 0, 0, 0, 1, 0, 0, 0, 1),
            ["RightHand"] = CFrame.new(0.0000014901161193847656, -1.1920928955078125e-07, -8.940696716308594e-08, 0.9768555164337158, -0.2031267136335373, 0.06702879071235657, 0.21270304918289185, 0.9555698037147522, -0.20406825840473175, -0.022598959505558014, 0.2136024683713913, 0.9766592979431152),
            ["LeftUpperArm"] = CFrame.new(5.960464477539063e-08, -0.000001430511474609375, 2.9802322387695312e-08, 0.8541292548179626, 0.5198342800140381, -0.015348795801401138, -0.5199192762374878, 0.8528364300727844, -0.04851943999528885, -0.01213209331035614, 0.04942202940583229, 0.9987043142318726),
            ["RightLowerArm"] = CFrame.new(-0.0000020265579223632812, 2.384185791015625e-07, 6.705522537231445e-08, 1, -1.0430806440808738e-07, 1.1175875158642157e-07, 4.470347292340193e-08, -0.032603275030851364, -0.9994683861732483, 1.3411042232291948e-07, 0.9994684457778931, -0.03260321542620659),
            ["LeftHand"] = CFrame.new(-2.682209014892578e-07, -5.364418029785156e-07, -2.980232238769531e-07, 0.9956314563751221, 0.08577544242143631, 0.03688749298453331, -0.07891954481601715, 0.9842038750648499, -0.15847596526145935, -0.04989812523126602, 0.15487255156040192, 0.9866735339164734),
            ["RightUpperLeg"] = CFrame.new(-2.384185791015625e-07, 0.000001130625605583191, 2.2519088815897703e-08, 0.9436870217323303, -0.23757408559322357, 0.230246439576149, 0.28938573598861694, 0.2554468810558319, -0.9224981665611267, 0.16034583747386932, 0.9371795058250427, 0.3098124861717224),
            ["LeftUpperLeg"] = CFrame.new(1.4901161193847656e-07, 9.220093488693237e-07, 9.313225746154785e-09, 0.9707298874855042, 0.1911924034357071, -0.14535818994045258, -0.12641307711601257, -0.10787055641412735, -0.9860951900482178, -0.20421388745307922, 0.9756072759628296, -0.08054398000240326),
            ["RightLowerLeg"] = CFrame.new(-9.313225746154785e-08, -0.0000037550926208496094, -0.000013305041647981852, 1, -1.4156097449813387e-07, -2.644958101427619e-07, 2.086162567138672e-07, -0.4829780161380768, 0.8756324052810669, -2.384185791015625e-07, -0.8756324648857117, -0.48297828435897827),
            ["RightFoot"] = CFrame.new(5.21540641784668e-08, 3.5762786865234375e-07, 1.6952981241047382e-09, 0.9423328042030334, 0.33425360918045044, -0.01683940179646015, -0.2430087774991989, 0.6487630605697632, -0.7211467027664185, -0.2301211804151535, 0.6836526989936829, 0.6925777196884155),
            ["LeftLowerLeg"] = CFrame.new(-2.2351741790771484e-08, 0.000003874301910400391, 0.000013396143913269043, 1, 7.078043751107543e-08, 1.1920937481590954e-07, -6.332993507385254e-08, -0.36535322666168213, 0.930868923664093, 1.4156103134155273e-07, -0.930868923664093, -0.36535346508026123),
        }},
        {Time = 0.233, Data = {
            ["LeftFoot"] = CFrame.new(1.210719347000122e-08, -5.960464477539063e-08, 2.9802322387695312e-08, 0.9839182496070862, -0.16883155703544617, 0.05831841379404068, 0.17404548823833466, 0.8327630758285522, -0.5255603790283203, 0.04016567021608353, 0.5272585153579712, 0.8487551212310791),
            ["LeftLowerArm"] = CFrame.new(0.0000019669532775878906, -4.76837158203125e-07, 0.0000012814998626708984, 1, -1.4528632164001465e-07, 4.470351555596608e-08, 5.960465188081798e-08, 0.21864713728427887, -0.9758040904998779, 5.960465188081798e-08, 0.9758040308952332, 0.21864712238311768),
            ["LowerTorso"] = CFrame.new(-0.023741906508803368, -0.801294207572937, 0.22350053489208221, 0.9980967044830322, 0.02777000516653061, -0.05506148934364319, -0.009209460578858852, 0.9499789476394653, 0.3121781051158905, 0.06097644194960594, -0.3110768496990204, 0.9484267234802246),
            ["Head"] = CFrame.new(-7.078051567077637e-08, -7.152557373046875e-07, -2.0070001482963562e-07, 0.9962594509124756, 0.03635483235120773, 0.07839365303516388, 0.009358945302665234, 0.8564648628234863, -0.5161206126213074, -0.08590487390756607, 0.514923632144928, 0.8529208302497864),
            ["RightUpperArm"] = CFrame.new(1.1920928955078125e-07, -8.344650268554688e-07, 2.9802322387695312e-08, 0.8615008592605591, -0.1912219375371933, -0.4703727960586548, 0.33962562680244446, 0.9056553840637207, 0.253855437040329, 0.37745288014411926, -0.37844738364219666, 0.845166802406311),
            ["UpperTorso"] = CFrame.new(1.3830140233039856e-07, 5.364418029785156e-07, -5.727633833885193e-08, 0.9954571723937988, -0.04449296370148659, -0.08417484909296036, 0.060028985142707825, 0.97952800989151, 0.1921495944261551, 0.07390228658914566, -0.19632965326309204, 0.9777489900588989),
            ["HumanoidRootPart"] = CFrame.new(0, 0, 0, 1, 0, 0, 0, 1, 0, 0, 0, 1),
            ["RightHand"] = CFrame.new(0.000001471489667892456, 5.960464477539063e-08, 1.1920928955078125e-07, 0.9799835085868835, -0.1891026347875595, 0.0622292086482048, 0.1979878842830658, 0.9584515690803528, -0.20535697042942047, -0.020810164511203766, 0.21356704831123352, 0.9767067432403564),
            ["LeftUpperArm"] = CFrame.new(0, -0.0000015497207641601562, 1.4901161193847656e-08, 0.8087126016616821, 0.5873704552650452, -0.03130457177758217, -0.5872606039047241, 0.8092843294143677, 0.013561395928263664, 0.03329989314079285, 0.007416673004627228, 0.9994179010391235),
            ["RightLowerArm"] = CFrame.new(-0.000002115964889526367, 3.5762786865234375e-07, 3.725290298461914e-07, 1, -8.940691031966708e-08, 1.0430815677864302e-07, 7.450580596923828e-08, 0.003781383391469717, -0.9999929070472717, 1.1920928955078125e-07, 0.999992847442627, 0.0037813642993569374),
            ["LeftHand"] = CFrame.new(1.7881393432617188e-07, -1.7881393432617188e-07, 0, 0.9987798929214478, 0.048508163541555405, 0.009256585501134396, -0.046510957181453705, 0.9870062470436096, -0.1538037657737732, -0.016597062349319458, 0.1531856507062912, 0.9880580902099609),
            ["RightUpperLeg"] = CFrame.new(-1.1920928955078125e-07, 0.0000012191012501716614, -1.0041549103334546e-07, 0.9431962966918945, -0.22289970517158508, 0.24636687338352203, 0.2924779951572418, 0.20531506836414337, -0.9339714050292969, 0.15759901702404022, 0.9529750943183899, 0.2588452994823456),
            ["LeftUpperLeg"] = CFrame.new(5.960464477539063e-08, 0.0000011688098311424255, 3.725290298461914e-08, 0.9734536409378052, 0.1878928691148758, -0.1307070553302765, -0.11483299732208252, -0.0930677205324173, -0.9890155792236328, -0.19799351692199707, 0.9777703285217285, -0.06902074068784714),
            ["RightLowerLeg"] = CFrame.new(7.82310962677002e-08, -0.0000035762786865234375, -0.000013364646292757243, 1, -1.3783576946480025e-07, -2.2351741790771484e-07, 1.1175872316471214e-07, -0.48415419459342957, 0.8749827146530151, -2.2351744632942427e-07, -0.8749826550483704, -0.4841541647911072),
            ["RightFoot"] = CFrame.new(6.332993507385254e-08, 2.384185791015625e-07, 1.6596459317952394e-08, 0.9436361789703369, 0.3309749662876129, -0.002527646953240037, -0.2541868984699249, 0.7197734117507935, -0.6460000276565552, -0.21199026703834534, 0.6102311015129089, 0.7633333206176758),
            ["LeftLowerLeg"] = CFrame.new(1.8998980522155762e-07, 0.000003874301910400391, 0.000013358891010284424, 1, 9.685754776000977e-08, 1.1175870895385742e-07, -7.823107495141812e-08, -0.3284198045730591, 0.9445318579673767, 1.1362132568137895e-07, -0.9445319175720215, -0.32841983437538147),
        }},
        {Time = 0.267, Data = {
            ["LeftFoot"] = CFrame.new(4.6566128730773926e-08, -5.960464477539063e-08, 2.2351741790771484e-08, 0.9888939261436462, -0.12960124015808105, 0.07274891436100006, 0.14860352873802185, 0.8542641997337341, -0.4981464445590973, 0.002413426525890827, 0.5034244656562805, 0.8640358448028564),
            ["LeftLowerArm"] = CFrame.new(0.0000013113021850585938, -1.7881393432617188e-07, 0.000001341104507446289, 1, -7.450579886381092e-08, 2.980232949312267e-08, 1.415610029198433e-07, 0.48870158195495605, -0.8724510073661804, 2.9802315282267955e-08, 0.8724510073661804, 0.48870164155960083),
            ["LowerTorso"] = CFrame.new(-0.025536026805639267, -0.6554416418075562, 0.21109510958194733, 0.9981359839439392, 0.019883668050169945, -0.057699937373399734, -0.002409591106697917, 0.9575400948524475, 0.2882900536060333, 0.06098226457834244, -0.2876136004924774, 0.9558032155036926),
            ["Head"] = CFrame.new(-8.381903171539307e-08, -3.5762786865234375e-07, -6.658956408500671e-08, 0.9976149797439575, 0.021480383351445198, 0.06559860706329346, 0.01277750451117754, 0.8764546513557434, -0.4813149869441986, -0.0678330659866333, 0.48100516200065613, 0.8740896582603455),
            ["RightUpperArm"] = CFrame.new(-1.1920928955078125e-07, -0.0000010728836059570312, 0, 0.8553513288497925, -0.3029592037200928, -0.42022600769996643, 0.39298373460769653, 0.907995343208313, 0.14528755843639374, 0.3375470042228699, -0.28941380977630615, 0.8957130312919617),
            ["UpperTorso"] = CFrame.new(1.4156103134155273e-07, 4.470348358154297e-07, -1.605367287993431e-07, 0.9974651336669922, -0.0352281779050827, -0.06182562932372093, 0.045857105404138565, 0.9826065897941589, 0.17994827032089233, 0.05441102758049965, -0.1823272407054901, 0.9817312359809875),
            ["HumanoidRootPart"] = CFrame.new(0, 0, 0, 1, 0, 0, 0, 1, 0, 0, 0, 1),
            ["RightHand"] = CFrame.new(0.0000017657876014709473, -1.1920928955078125e-07, 2.384185791015625e-07, 0.9889585375785828, -0.14053231477737427, 0.047030262649059296, 0.14723777770996094, 0.967765212059021, -0.20433224737644196, -0.016799025237560272, 0.20900067687034607, 0.9777712821960449),
            ["LeftUpperArm"] = CFrame.new(-2.384185791015625e-07, -0.000001430511474609375, -1.4156103134155273e-07, 0.7158713936805725, 0.6922080516815186, -0.09152147173881531, -0.6912359595298767, 0.721092939376831, 0.04709670692682266, 0.09859617054462433, 0.029547743499279022, 0.994688868522644),
            ["RightLowerArm"] = CFrame.new(-0.0000026226043701171875, 2.980232238769531e-07, 2.0116567611694336e-07, 1, -6.705517563432295e-08, 5.960463766996327e-08, 4.4703490686970326e-08, 0.24296976625919342, -0.9700338840484619, 1.4901162970204496e-08, 0.9700338840484619, 0.242969810962677),
            ["LeftHand"] = CFrame.new(-4.76837158203125e-07, -4.172325134277344e-07, -9.685754776000977e-08, 0.9960266351699829, -0.05598578229546547, -0.06925851106643677, 0.04624480754137039, 0.9897627830505371, -0.13502323627471924, 0.07610870897769928, 0.13128380477428436, 0.9884189367294312),
