return {
    ["Trippy Feet"] = {
        {Time = 0.000, Data = {
            ["RightFoot"] = CFrame.new(-6.705522537231445e-08, 2.384185791015625e-07, -1.7339334590360522e-07, 0.9547456502914429, 0.16758321225643158, 0.24571700394153595, -0.22499412298202515, 0.9472666382789612, 0.22817441821098328, -0.1945212483406067, -0.27313339710235596, 0.9421038031578064),
            ["LeftLowerArm"] = CFrame.new(-9.834766387939453e-07, 0, 5.960464477539063e-08, 1, -5.4948024796885875e-08, 2.3283060812673284e-08, 5.9138983488082886e-08, 0.7406711578369141, -0.6718679070472717, 2.3515895009040833e-08, 0.6718677878379822, 0.7406710982322693),
            ["RightUpperArm"] = CFrame.new(0, -5.960464477539062e-07, 2.9802322387695312e-08, 0.03502468019723892, -0.8166422247886658, -0.5760806202888489, 0.7970842123031616, 0.37054428458213806, -0.4768160879611969, 0.6028515696525574, -0.44248437881469727, 0.6639108061790466),
            ["Head"] = CFrame.new(-2.9802322387695312e-08, 5.960464477539062e-07, 2.0489096641540527e-07, 0.9948579668998718, -0.019414983689785004, -0.09940142929553986, 0.009125834330916405, 0.9946459531784058, -0.10293755680322647, 0.10086776316165924, 0.10150134563446045, 0.9897087216377258),
            ["LowerTorso"] = CFrame.new(-0.1692153513431549, -0.026087522506713867, -0.08792897313833237, 0.9589465260505676, -0.045922357589006424, 0.2798440754413605, 0.061547569930553436, 0.9969826936721802, -0.04730146378278732, -0.27682751417160034, 0.06258329749107361, 0.9588794708251953),
            ["UpperTorso"] = CFrame.new(-2.421438694000244e-08, 8.940696716308594e-08, 3.725290298461914e-09, 0.990362286567688, 0.07999379932880402, -0.11306452751159668, -0.016453823074698448, 0.8785152435302734, 0.4774309992790222, 0.1375204473733902, -0.4709693491458893, 0.8713645339012146),
            ["HumanoidRootPart"] = CFrame.new(0, 0, 0, 1, 0, 0, 0, 1, 0, 0, 0, 1),
            ["RightUpperLeg"] = CFrame.new(-2.9802322387695312e-08, -4.163011908531189e-07, 5.045876605436206e-08, 0.9841096997261047, 0.05705749988555908, 0.16814474761486053, 0.12736071646213531, 0.4330093264579773, -0.8923466205596924, -0.12372326105833054, 0.899581789970398, 0.41886165738105774),
            ["LeftUpperArm"] = CFrame.new(0, -2.384185791015625e-07, 5.960464477539063e-08, -0.06469208002090454, 0.9653105735778809, -0.2529633045196533, -0.9231374263763428, -0.15416336059570312, -0.3522087037563324, -0.37898844480514526, 0.2107347548007965, 0.9010875225067139),
            ["RightLowerArm"] = CFrame.new(-6.556510925292969e-07, -2.980232238769531e-07, 5.960464477539063e-08, 1, -5.5879347371501353e-08, 2.8870996260366155e-08, 5.774199962615967e-08, 0.6789430975914001, -0.7341910600662231, 3.166496753692627e-08, 0.7341910600662231, 0.6789430379867554),
            ["LeftHand"] = CFrame.new(7.897615432739258e-07, -5.960464477539063e-08, 2.682209014892578e-07, 0.6684092879295349, 0.7288163304328918, 0.14851225912570953, -0.7363105416297913, 0.676612377166748, -0.006527655757963657, -0.10524275153875351, -0.10498793423175812, 0.9888890385627747),
            ["LeftFoot"] = CFrame.new(6.961636245250702e-08, 0, 3.166496753692627e-08, 0.9918904304504395, -0.12027562409639359, 0.04107428714632988, 0.12093157321214676, 0.9925640225410461, -0.013868174515664577, -0.03910083696246147, 0.018723014742136, 0.9990598559379578),
            ["RightHand"] = CFrame.new(-2.5704503059387207e-07, -1.1920928955078125e-07, 1.7881393432617188e-07, 0.9075561165809631, -0.4199284315109253, -0.0014238805742934346, 0.41982147097587585, 0.9073916673660278, -0.019757701084017754, 0.009588824585080147, 0.017333662137389183, 0.9998037815093994),
            ["RightLowerLeg"] = CFrame.new(7.450580596923828e-09, -0.0000603795051574707, -0.00007211247429950163, 1, -4.0978189730367376e-08, -3.054738328955864e-07, 8.940698137394065e-08, -0.817952573299408, 0.5752854347229004, -2.9057267170173873e-07, -0.5752856731414795, -0.8179528117179871),
            ["LeftUpperLeg"] = CFrame.new(5.960464477539063e-08, -1.618172973394394e-07, -3.725290298461914e-09, 0.9571663737297058, -0.1294347494840622, -0.2589966654777527, -0.0021267260890454054, 0.8913478851318359, -0.4533149003982544, 0.289530873298645, 0.4344485402107239, 0.8528929352760315),
            ["LeftLowerLeg"] = CFrame.new(-1.816079020500183e-08, 0.00006091594696044922, 0.00007208436727523804, 1, 6.332992796842518e-08, 2.2351745343485163e-08, -6.612389569227162e-08, 0.7165100574493408, 0.6975768208503723, 2.514570596190424e-08, -0.6975768208503723, 0.7165100574493408),
        }},
        {Time = 0.033, Data = {
            ["RightFoot"] = CFrame.new(-2.9802322387695312e-08, 4.172325134277344e-07, 1.1345400707796216e-07, 0.9220950603485107, 0.19720439612865448, 0.33294346928596497, -0.3519229590892792, 0.7851361036300659, 0.5096190571784973, -0.16090668737888336, -0.5870875716209412, 0.79337078332901),
            ["LeftLowerArm"] = CFrame.new(-1.7881393432617188e-07, 0, -8.940696716308594e-08, 1, -5.960464477539063e-08, 2.7939677238464355e-08, 5.97210529917902e-08, 0.7386284470558167, -0.6741127967834473, 2.514570596190424e-08, 0.674112856388092, 0.7386285066604614),
            ["RightUpperArm"] = CFrame.new(1.1920928955078125e-07, -2.384185791015625e-07, 1.4528632164001465e-07, -0.014185735955834389, -0.8535231351852417, -0.5208619236946106, 0.776945173740387, 0.31849193572998047, -0.5430646538734436, 0.6294085383415222, -0.41238489747047424, 0.6586225032806396),
            ["Head"] = CFrame.new(-2.2351741790771484e-08, 0, 1.3224780559539795e-07, 0.9971193671226501, -0.011212714947760105, -0.07501638680696487, 0.004189230967313051, 0.9956445693969727, -0.09313612431287766, 0.0757339596748352, 0.09255368262529373, 0.9928233623504639),
            ["LowerTorso"] = CFrame.new(-0.17682060599327087, -0.09274101257324219, -0.10368724912405014, 0.9671034216880798, -0.014932212419807911, 0.2539449632167816, 0.028405681252479553, 0.9983714818954468, -0.04947267845273018, -0.2527926564216614, 0.05505867302417755, 0.9659525752067566),
            ["UpperTorso"] = CFrame.new(-3.166496753692627e-08, 2.384185791015625e-07, -1.1175870895385742e-08, 0.9910227656364441, 0.0472259521484375, -0.1250748634338379, 0.02396119199693203, 0.8576439619064331, 0.5136853456497192, 0.13152897357940674, -0.5120707750320435, 0.8488130569458008),
            ["HumanoidRootPart"] = CFrame.new(0, 0, 0, 1, 0, 0, 0, 1, 0, 0, 0, 1),
            ["RightUpperLeg"] = CFrame.new(-2.9802322387695312e-08, -2.896413207054138e-07, -2.4047039914876223e-08, 0.9625880718231201, 0.16143208742141724, 0.21763251721858978, 0.1838652491569519, 0.2008431851863861, -0.9622139930725098, -0.19904233515262604, 0.9662306904792786, 0.1636473387479782),
            ["LeftUpperArm"] = CFrame.new(-2.384185791015625e-07, -3.5762786865234375e-07, 2.2351741790771484e-08, -0.14366458356380463, 0.9673033356666565, -0.2090092897415161, -0.8782559633255005, -0.22195903956890106, -0.4235572814941406, -0.45609983801841736, 0.12271342426538467, 0.8814274668693542),
            ["RightLowerArm"] = CFrame.new(-3.2782554626464844e-07, -1.1920928955078125e-07, 0, 1, -4.0978196835794733e-08, -9.31322685637781e-10, 4.4703490686970326e-08, 0.7833989262580872, -0.6215193271636963, -1.4901162970204496e-08, 0.6215193271636963, 0.7833989262580872),
            ["LeftHand"] = CFrame.new(-7.003545761108398e-07, -5.960464477539062e-07, 2.9802322387695312e-08, 0.6787780523300171, 0.7231835126876831, 0.12753915786743164, -0.7277317643165588, 0.6856972575187683, -0.015027268789708614, -0.09832031279802322, -0.08261425048112869, 0.9917197823524475),
            ["LeftFoot"] = CFrame.new(9.546056389808655e-09, 1.7881393432617188e-07, -3.4924596548080444e-09, 0.9996150135993958, 0.0015543150948360562, 0.027703195810317993, 0.003998566884547472, 0.9799385666847229, -0.19925972819328308, -0.027457155287265778, 0.19929374754428864, 0.979555070400238),
            ["RightHand"] = CFrame.new(4.172325134277344e-07, -1.1920928955078125e-07, 0, 0.8713213801383972, -0.4899119436740875, 0.028026409447193146, 0.48911765217781067, 0.8624693155288696, -0.13004136085510254, 0.03953702375292778, 0.1270161271095276, 0.9911124110221863),
            ["RightLowerLeg"] = CFrame.new(-6.51925802230835e-08, -0.000060498714447021484, -0.0000722489130566828, 1, -4.470347292340193e-08, -2.9057261485831987e-07, 6.70552182668871e-08, -0.8602116107940674, 0.5099371075630188, -2.6077029247062455e-07, -0.5099372267723083, -0.8602116703987122),
            ["LeftUpperLeg"] = CFrame.new(-5.960464477539063e-08, 1.3387762010097504e-08, 2.7939677238464355e-08, 0.9726485013961792, -0.1453632116317749, -0.1811755895614624, 0.05795353278517723, 0.9071791172027588, -0.4167342185974121, 0.22493654489517212, 0.3948361277580261, 0.8907906413078308),
            ["LeftLowerLeg"] = CFrame.new(-1.993030309677124e-07, 0.00006079673767089844, 0.00007220357656478882, 1, 5.681066994611683e-08, 3.026798012228937e-08, -5.2154071283894154e-08, 0.724890410900116, 0.6888643503189087, 2.2351745343485163e-08, -0.6888643503189087, 0.7248902916908264),
        }},
        {Time = 0.067, Data = {
            ["RightFoot"] = CFrame.new(-1.1175870895385742e-07, 5.960464477539063e-08, -2.996966941282153e-08, 0.8865510821342468, 0.28315407037734985, 0.3658573031425476, -0.4616706371307373, 0.5924118161201477, 0.660233199596405, -0.02979036420583725, -0.7542360424995422, 0.6559274196624756),
            ["LeftLowerArm"] = CFrame.new(2.086162567138672e-07, -2.384185791015625e-07, -4.6566128730773926e-08, 1, -5.2154071283894154e-08, 1.4901162970204496e-08, 4.470347647611561e-08, 0.8303579092025757, -0.5572305917739868, 1.2107191693644381e-08, 0.5572305917739868, 0.8303579092025757),
            ["RightUpperArm"] = CFrame.new(0, -2.384185791015625e-07, -2.4959444999694824e-07, -0.06926265358924866, -0.8889039158821106, -0.45282721519470215, 0.7655401229858398, 0.2436869591474533, -0.595453679561615, 0.6396492123603821, -0.387900173664093, 0.6636132001876831),
            ["Head"] = CFrame.new(-2.9802322387695312e-08, -5.960464477539062e-07, -2.942979335784912e-07, 0.9967785477638245, -0.009833266027271748, -0.07959866523742676, -0.0006481297896243632, 0.9914358258247375, -0.1305937021970749, 0.08020114153623581, 0.1302247941493988, 0.9882355332374573),
            ["LowerTorso"] = CFrame.new(-0.1924734264612198, -0.1745307445526123, -0.08952607214450836, 0.967876136302948, 0.0363142266869545, 0.2487916350364685, -0.017982158809900284, 0.9969788193702698, -0.07556527107954025, -0.2507840692996979, 0.06866400688886642, 0.9656047821044922),
            ["UpperTorso"] = CFrame.new(2.2351741790771484e-08, 1.1920928955078125e-07, 3.725290298461914e-09, 0.9874115586280823, 0.013628456741571426, -0.15758414566516876, 0.07613420486450195, 0.8323249816894531, 0.5490342974662781, 0.13864366710186005, -0.5541203618049622, 0.8208097219467163),
            ["HumanoidRootPart"] = CFrame.new(0, 0, 0, 1, 0, 0, 0, 1, 0, 0, 0, 1),
            ["RightUpperLeg"] = CFrame.new(5.960464477539063e-08, -2.9243528842926025e-07, -6.129994289949536e-08, 0.9394986033439636, 0.21790309250354767, 0.26431146264076233, 0.2655331492424011, 0.02420656941831112, -0.9637977480888367, -0.21641281247138977, 0.9756701588630676, -0.03511858731508255),
            ["LeftUpperArm"] = CFrame.new(0, -3.5762786865234375e-07, -1.7136335372924805e-07, -0.2198532074689865, 0.929000735282898, -0.2976948916912079, -0.8212228417396545, -0.3409622311592102, -0.4575346112251282, -0.5265527367591858, 0.14388339221477509, 0.8378782868385315),
            ["RightLowerArm"] = CFrame.new(0, 5.960464477539063e-08, -5.960464477539063e-08, 1, -4.470348358154297e-08, 3.725290298461914e-08, 5.0291408371094803e-08, 0.7946118712425232, -0.607117772102356, 3.7252894102834944e-09, 0.6071178317070007, 0.7946118712425232),
            ["LeftHand"] = CFrame.new(1.3783574104309082e-07, -5.960464477539063e-08, 2.384185791015625e-07, 0.6833622455596924, 0.7177587747573853, 0.133559912443161, -0.7167102098464966, 0.6943766474723816, -0.06455700099468231, -0.13907715678215027, -0.05160796642303467, 0.9889359474182129),
            ["LeftFoot"] = CFrame.new(-3.771856427192688e-08, -1.1920928955078125e-07, 1.3067619875073433e-08, 0.9964606165885925, 0.08373448252677917, 0.007404673844575882, -0.07618129253387451, 0.9367775321006775, -0.34153231978416443, -0.03553456813097, 0.33975937962532043, 0.9398408532142639),
            ["RightHand"] = CFrame.new(8.195638656616211e-07, 0, 0, 0.8572798371315002, -0.5128639936447144, 0.045183904469013214, 0.5141387581825256, 0.8481769561767578, -0.12750458717346191, 0.027068478986620903, 0.13253778219223022, 0.9908083081245422),
            ["RightLowerLeg"] = CFrame.new(-7.450580596923828e-09, -0.0000603795051574707, -0.00007220933184726164, 1, -8.940694584680386e-08, -2.477318332694267e-07, 8.102507109697399e-08, -0.8808586597442627, 0.4733790159225464, -3.129244134925102e-07, -0.4733792543411255, -0.8808589577674866),
            ["LeftUpperLeg"] = CFrame.new(2.9802322387695312e-08, -4.444736987352371e-07, 2.9802322387695312e-08, 0.9713085293769836, -0.20486058294773102, -0.1207970455288887, 0.1335355043411255, 0.8900928497314453, -0.4357786774635315, 0.19679440557956696, 0.4071448743343353, 0.891910970211029),
            ["LeftLowerLeg"] = CFrame.new(-4.470348358154297e-08, 0.00006079673767089844, 0.00007211416959762573, 1, 7.078051567077637e-08, 2.7939673685750677e-08, -8.381903171539307e-08, 0.6544232964515686, 0.7561283707618713, 2.60770320892334e-08, -0.7561283707618713, 0.6544232964515686),
        }},
        {Time = 0.100, Data = {
            ["RightFoot"] = CFrame.new(1.4901161193847656e-08, 5.364418029785156e-07, 5.420588422566652e-09, 0.9204155206680298, 0.273911714553833, 0.27894097566604614, -0.3909289836883545, 0.6391313076019287, 0.6623331904411316, 0.00314083369448781, -0.7186679840087891, 0.6953465342521667),
            ["LeftLowerArm"] = CFrame.new(4.76837158203125e-07, -1.7881393432617188e-07, 2.7939677238464355e-09, 1, -6.70552182668871e-08, 1.4901159417490817e-08, 3.352760913344355e-08, 0.8697409629821777, -0.493508517742157, 1.1641530406336642e-08, 0.4935084879398346, 0.8697409629821777),
            ["RightUpperArm"] = CFrame.new(-5.960464477539063e-08, -1.1920928955078125e-07, -2.4586915969848633e-07, -0.12778154015541077, -0.8895931243896484, -0.43851569294929504, 0.7957167029380798, 0.17197322845458984, -0.5807412266731262, 0.5920363068580627, -0.42314213514328003, 0.6858890056610107),
            ["Head"] = CFrame.new(0, 2.384185791015625e-07, -3.3527612686157227e-08, 0.9947791695594788, -0.011846261098980904, -0.10136201977729797, -0.005787684116512537, 0.9850922226905823, -0.1719294786453247, 0.10188767313957214, 0.17161864042282104, 0.9798806309700012),
            ["LowerTorso"] = CFrame.new(-0.20559324324131012, -0.2128303050994873, -0.05318024754524231, 0.9563605785369873, 0.05459986627101898, 0.2870423495769501, -0.0413319431245327, 0.9977869391441345, -0.05208567902445793, -0.2892509698867798, 0.03794867545366287, 0.9565008282661438),
            ["UpperTorso"] = CFrame.new(-6.798654794692993e-08, 8.940696716308594e-08, -3.725290298461914e-09, 0.9825986623764038, 0.01805567368865013, -0.18486207723617554, 0.0875941589474678, 0.8325962424278259, 0.546910285949707, 0.1637902855873108, -0.5535860657691956, 0.8165263533592224),
            ["HumanoidRootPart"] = CFrame.new(0, 0, 0, 1, 0, 0, 0, 1, 0, 0, 0, 1),
            ["RightUpperLeg"] = CFrame.new(5.960464477539063e-08, -1.0384246706962585e-07, 5.045876605436206e-08, 0.9562186598777771, 0.15929344296455383, 0.2455025017261505, 0.26178282499313354, -0.09056238830089569, -0.9608685374259949, -0.1308266967535019, 0.9830687046051025, -0.12829779088497162),
            ["LeftUpperArm"] = CFrame.new(5.960464477539063e-08, 2.384185791015625e-07, -1.6391277313232422e-07, -0.2608453929424286, 0.8878805041313171, -0.3789827525615692, -0.7778811454772949, -0.42579934000968933, -0.46216437220573425, -0.5717172622680664, 0.1742500513792038, 0.8017333745956421),
            ["RightLowerArm"] = CFrame.new(-2.682209014892578e-07, -2.980232238769531e-07, -2.9802322387695312e-08, 1, -4.097818262494002e-08, 2.2351738238057806e-08, 7.823107495141812e-08, 0.8154629468917847, -0.578809380531311, 7.450578820566989e-09, 0.578809380531311, 0.8154628872871399),
            ["LeftHand"] = CFrame.new(-3.725290298461914e-08, -2.384185791015625e-07, -5.960464477539063e-08, 0.6967175602912903, 0.7032588720321655, 0.14146271347999573, -0.701568603515625, 0.7091451287269592, -0.07010632753372192, -0.14962024986743927, -0.05040155351161957, 0.9874581098556519),
            ["LeftFoot"] = CFrame.new(5.075708031654358e-08, -1.1920928955078125e-07, 1.5832483768463135e-08, 0.9985716938972473, 0.05061648413538933, 0.017109155654907227, -0.0430782251060009, 0.9521416425704956, -0.30260661244392395, -0.03160719946026802, 0.30143728852272034, 0.9529620409011841),
            ["RightHand"] = CFrame.new(-3.725290298461914e-08, 5.960464477539063e-08, 2.9802322387695312e-08, 0.8506230115890503, -0.5212587118148804, 0.06877736002206802, 0.5255551934242249, 0.839166522026062, -0.13996809720993042, 0.015243969857692719, 0.15520651638507843, 0.9877644777297974),
            ["RightLowerLeg"] = CFrame.new(-7.450580596923828e-08, -0.000060498714447021484, -0.00007213855133159086, 1, -1.192092469182171e-07, -2.3096799850463867e-07, 1.1175870895385742e-07, -0.8113273978233337, 0.5845919251441956, -2.682209014892578e-07, -0.5845921039581299, -0.8113275170326233),
            ["LeftUpperLeg"] = CFrame.new(-5.960464477539063e-08, -2.9616057872772217e-07, 0, 0.9585129022598267, -0.25691747665405273, -0.12347657978534698, 0.15872065722942352, 0.8408556580543518, -0.5174646377563477, 0.23677165806293488, 0.4763980507850647, 0.8467491269111633),
            ["LeftLowerLeg"] = CFrame.new(3.166496753692627e-08, 0.000060677528381347656, 0.00007209181785583496, 1, 6.705522537231445e-08, 3.4458931708059026e-08, -8.381903171539307e-08, 0.6107406616210938, 0.7918307185173035, 2.60770320892334e-08, -0.7918307781219482, 0.610740602016449),
        }},
        {Time = 0.133, Data = {
            ["RightFoot"] = CFrame.new(2.9802322387695312e-08, 4.172325134277344e-07, 8.365168469026685e-08, 0.9769294261932373, 0.19935987889766693, 0.07658246159553528, -0.21051821112632751, 0.8386214971542358, 0.5023902058601379, 0.03593264892697334, -0.5069218277931213, 0.8612428903579712),
            ["LeftLowerArm"] = CFrame.new(1.7881393432617188e-07, 1.1920928955078125e-07, -2.5704503059387207e-07, 1, -1.3969840395589017e-08, 1.6763802790364934e-08, 9.080394214322496e-09, 0.8805994987487793, -0.47386136651039124, 1.955777229056821e-08, 0.473861426115036, 0.8805994391441345),
            ["RightUpperArm"] = CFrame.new(1.1920928955078125e-07, 0, 5.289912223815918e-07, -0.12508954107761383, -0.8830210566520691, -0.4523565471172333, 0.8307846784591675, 0.15601354837417603, -0.5342814922332764, 0.5423555970191956, -0.4426438808441162, 0.7140847444534302),
            ["Head"] = CFrame.new(7.450580596923828e-09, 1.1920928955078125e-07, 1.2293457984924316e-07, 0.9948926568031311, -0.017469357699155807, -0.09941526502370834, 0.0063439421355724335, 0.9937843680381775, -0.1111418753862381, 0.10073893517255783, 0.10994362086057663, 0.9888195991516113),
            ["LowerTorso"] = CFrame.new(-0.21264027059078217, -0.17852377891540527, -0.02422942966222763, 0.9527888894081116, 0.0045084040611982346, 0.30360010266304016, -0.007262357976287603, 0.9999421238899231, 0.00794252473860979, -0.3035467267036438, -0.009772401303052902, 0.952766478061676),
            ["UpperTorso"] = CFrame.new(6.51925802230835e-09, 2.384185791015625e-07, 5.587935447692871e-09, 0.9850017428398132, 0.05624444782733917, -0.16312040388584137, 0.03570467606186867, 0.8584766983985901, 0.5116082429885864, 0.16881024837493896, -0.5097590684890747, 0.8435928225517273),
            ["HumanoidRootPart"] = CFrame.new(0, 0, 0, 1, 0, 0, 0, 1, 0, 0, 0, 1),
            ["RightUpperLeg"] = CFrame.new(-2.9802322387695312e-08, -1.4365650713443756e-07, -3.5579432733356953e-09, 0.9854654669761658, 0.08982662111520767, 0.14418400824069977, 0.14902302622795105, -0.04968620464205742, -0.98758465051651, -0.08154740184545517, 0.9947172999382019, -0.06235034018754959),
            ["LeftUpperArm"] = CFrame.new(1.1920928955078125e-07, -1.1920928955078125e-07, 1.341104507446289e-07, -0.31642526388168335, 0.870996356010437, -0.37581977248191833, -0.7961806654930115, -0.459231436252594, -0.3939579129219055, -0.5157240629196167, 0.1745622158050537, 0.8387829065322876),
            ["RightLowerArm"] = CFrame.new(-4.76837158203125e-07, -2.384185791015625e-07, -2.086162567138672e-07, 1, -3.166496043149891e-08, 2.7939672797572257e-09, 4.470347647611561e-08, 0.7974076867103577, -0.603441059589386, 1.4901159417490817e-08, 0.6034409403800964, 0.7974076867103577),
            ["LeftHand"] = CFrame.new(6.314367055892944e-07, 5.960464477539063e-08, -5.960464477539063e-08, 0.7074612975120544, 0.6881369948387146, 0.1611384004354477, -0.6830441951751709, 0.7242796421051025, -0.09418126940727234, -0.18151898682117462, -0.04343488812446594, 0.9824277758598328),
            ["LeftFoot"] = CFrame.new(-3.818422555923462e-08, -5.960464477539063e-08, 3.259629011154175e-09, 0.9983901977539062, 0.05409630388021469, 0.017051566392183304, -0.04792740195989609, 0.9653707146644592, -0.25644177198410034, -0.03033362329006195, 0.2552117109298706, 0.9664093255996704),
            ["RightHand"] = CFrame.new(-3.8370490074157715e-07, 2.384185791015625e-07, 4.284083843231201e-08, 0.8535800576210022, -0.5185849666595459, 0.04971017688512802, 0.5209418535232544, 0.8488209247589111, -0.09012371301651001, 0.004541892092674971, 0.10282418131828308, 0.9946892857551575),
            ["RightLowerLeg"] = CFrame.new(9.685754776000977e-08, -0.00006031990051269531, -0.00007214600191218778, 1, -9.685751223287298e-08, -2.905726432800293e-07, 1.373700939666378e-07, -0.6248299479484558, 0.7807608246803284, -2.607703493140434e-07, -0.7807608246803284, -0.6248300671577454),
            ["LeftUpperLeg"] = CFrame.new(2.9802322387695312e-08, -4.936009645462036e-08, 3.3527612686157227e-08, 0.9588807225227356, -0.2375752031803131, -0.15526069700717926, 0.1144971027970314, 0.8243871927261353, -0.5543249845504761, 0.2596888840198517, 0.5137546062469482, 0.8176906108856201),
            ["LeftLowerLeg"] = CFrame.new(3.4458935260772705e-08, 0.000060617923736572266, 0.00007204338908195496, 1, 7.450580596923828e-08, 2.8871003365793513e-08, -6.705523247774181e-08, 0.6560856103897095, 0.7546865940093994, 2.6077035641947077e-08, -0.7546865344047546, 0.6560854911804199),
        }},
        {Time = 0.167, Data = {
            ["RightFoot"] = CFrame.new(1.1175870895385742e-08, 4.172325134277344e-07, 4.639878170564771e-08, 0.9854801893234253, 0.159140482544899, -0.05918700248003006, -0.1329592764377594, 0.9400990009307861, 0.3139038383960724, 0.10559654980897903, -0.3014766275882721, 0.9476082921028137),
            ["LeftLowerArm"] = CFrame.new(5.066394805908203e-07, 5.960464477539063e-08, -1.4901161193847656e-07, 1, -4.470347647611561e-08, -2.2351736461700966e-08, 1.862644971595273e-08, 0.8892304301261902, -0.45745956897735596, 2.2351738238057806e-08, 0.45745959877967834, 0.8892303705215454),
            ["RightUpperArm"] = CFrame.new(1.1920928955078125e-07, 2.384185791015625e-07, -4.842877388000488e-08, -0.07128243893384933, -0.8984647989273071, -0.43322044610977173, 0.8416789770126343, 0.17888619005680084, -0.5094862580299377, 0.535252571105957, -0.40094995498657227, 0.7434674501419067),
            ["Head"] = CFrame.new(-2.9802322387695312e-08, 1.1920928955078125e-07, -7.450580596923828e-09, 0.9969627261161804, -0.03209251910448074, -0.07096121460199356, 0.02970002591609955, 0.9989627003669739, -0.034517206251621246, 0.07199535518884659, 0.03230496495962143, 0.9968817234039307),
            ["LowerTorso"] = CFrame.new(-0.21372820436954498, -0.08032941818237305, -0.02929489128291607, 0.9608734250068665, -0.08930681645870209, 0.26219600439071655, 0.06363196671009064, 0.9924505949020386, 0.10484658926725388, -0.26958009600639343, -0.08406023681163788, 0.9593021869659424),
            ["UpperTorso"] = CFrame.new(3.725290298461914e-09, -2.9802322387695312e-08, -1.862645149230957e-08, 0.9872730374336243, 0.10973526537418365, -0.11510936170816422, -0.04698137938976288, 0.8927422761917114, 0.4481116533279419, 0.1519366055727005, -0.437000572681427, 0.8865359425544739),
            ["HumanoidRootPart"] = CFrame.new(0, 0, 0, 1, 0, 0, 0, 1, 0, 0, 0, 1),
            ["RightUpperLeg"] = CFrame.new(-5.960464477539063e-08, -2.1606683731079102e-07, 3.55576048605144e-08, 0.9944051504135132, 0.10357528924942017, 0.020753758028149605, 0.005963708274066448, 0.14110904932022095, -0.989976167678833, -0.10546569526195526, 0.984561026096344, 0.1397017389535904),
            ["LeftUpperArm"] = CFrame.new(0, 0, -8.195638656616211e-08, -0.3388116657733917, 0.8835775256156921, -0.32326075434684753, -0.8402212858200073, -0.43875646591186523, -0.31862378120422363, -0.42336156964302063, 0.16365711390972137, 0.891056478023529),
            ["RightLowerArm"] = CFrame.new(-5.960464477539062e-07, 5.960464477539063e-08, -2.086162567138672e-07, 1, -6.519257311765614e-08, 2.60770320892334e-08, 6.938352470342579e-08, 0.7958023548126221, -0.6055564284324646, 2.4214383387288763e-08, 0.6055564284324646, 0.7958024144172668),
            ["LeftHand"] = CFrame.new(-5.811452865600586e-07, -4.76837158203125e-07, 0, 0.7235575318336487, 0.6684659123420715, 0.17209865152835846, -0.6682328581809998, 0.740831196308136, -0.06807509809732437, -0.17300161719322205, -0.06574570387601852, 0.9827247858047485),
            ["LeftFoot"] = CFrame.new(7.310882210731506e-08, -1.1920928955078125e-07, 1.955777406692505e-08, 0.9983761310577393, 0.05113696679472923, 0.025103380903601646, -0.045479916036129, 0.9808635711669922, -0.18931041657924652, -0.03430374711751938, 0.18786129355430603, 0.9815964102745056),
            ["RightHand"] = CFrame.new(-8.754432201385498e-08, 0, -7.82310962677002e-08, 0.8992252349853516, -0.43375787138938904, -0.056991782039403915, 0.4308401942253113, 0.9006391167640686, -0.056797392666339874, 0.07596524059772491, 0.026519207283854485, 0.9967578053474426),
            ["RightLowerLeg"] = CFrame.new(5.21540641784668e-08, -0.000060439109802246094, -0.00007220327825052664, 1, -1.6391277313232422e-07, -2.1606693678677402e-07, 1.387670636177063e-07, -0.24646224081516266, 0.9691524505615234, -1.825392246246338e-07, -0.9691524505615234, -0.2464621365070343),
            ["LeftUpperLeg"] = CFrame.new(-5.960464477539063e-08, -1.4808028936386108e-07, -3.725290298461914e-08, 0.9713936448097229, -0.1413688063621521, -0.19081205129623413, 0.02056169882416725, 0.8505554795265198, -0.5254831910133362, 0.2365831583738327, 0.5065276026725769, 0.8291309475898743),
            ["LeftLowerLeg"] = CFrame.new(-9.685754776000977e-08, 0.00006073713302612305, 0.00007210299372673035, 1, 7.264316082000732e-08, 2.421439049271612e-08, -5.960464477539063e-08, 0.7838164567947388, 0.6209925413131714, 1.862645149230957e-08, -0.6209925413131714, 0.7838165760040283),
        }},
        {Time = 0.200, Data = {
            ["RightFoot"] = CFrame.new(-1.7695128917694092e-08, 3.5762786865234375e-07, -4.6733475755900145e-08, 0.9916185736656189, 0.12872107326984406, -0.011112911626696587, -0.11730191111564636, 0.9330188632011414, 0.3401704728603363, 0.05415577068924904, -0.33601605892181396, 0.9402981400489807),
            ["LeftLowerArm"] = CFrame.new(-0.0000010132789611816406, -4.76837158203125e-07, 1.1920928955078125e-07, 1, -3.725289943190546e-08, 1.4901159417490817e-08, 5.960463056453591e-08, 0.8688183426856995, -0.4951310157775879, 7.450578820566989e-09, 0.4951310157775879, 0.8688182830810547),
            ["RightUpperArm"] = CFrame.new(0, 0, 1.7881393432617188e-07, -0.01465423870831728, -0.9255525469779968, -0.37833544611930847, 0.8238831758499146, 0.20322266221046448, -0.5290719270706177, 0.5665702223777771, -0.31945738196372986, 0.7595692276954651),
            ["Head"] = CFrame.new(3.725290298461914e-08, 1.1920928955078125e-07, 6.332993507385254e-08, 0.9985035061836243, -0.03445245698094368, -0.04247136041522026, 0.03707234933972359, 0.9973546266555786, 0.06252548098564148, 0.040204863995313644, -0.06400616466999054, 0.9971392750740051),
            ["LowerTorso"] = CFrame.new(-0.20346616208553314, 0.018630266189575195, -0.00810861587524414, 0.9591791033744812, -0.1881781667470932, 0.21110285818576813, 0.14522135257720947, 0.9682871103286743, 0.20329998433589935, -0.24266478419303894, -0.16434445977210999, 0.9560882449150085),
            ["UpperTorso"] = CFrame.new(8.940696716308594e-08, -2.384185791015625e-07, 4.842877388000488e-08, 0.9794777631759644, 0.17696082592010498, -0.09647917002439499, -0.1321784257888794, 0.9253421425819397, 0.3553459942340851, 0.15215854346752167, -0.33530107140541077, 0.9297425150871277),
            ["HumanoidRootPart"] = CFrame.new(0, 0, 0, 1, 0, 0, 0, 1, 0, 0, 0, 1),
            ["RightUpperLeg"] = CFrame.new(5.960464477539063e-08, -2.0489096641540527e-08, 6.908521754667163e-08, 0.9839150905609131, 0.1728791892528534, -0.044988978654146194, -0.10359060019254684, 0.3469988703727722, -0.932127058506012, -0.14553426206111908, 0.9217941761016846, 0.35932591557502747),
            ["LeftUpperArm"] = CFrame.new(0, 0, 3.725290298461914e-09, -0.30049583315849304, 0.9207897782325745, -0.2486935406923294, -0.8873168230056763, -0.36551710963249207, -0.2811869978904724, -0.34981590509414673, 0.13617442548274994, 0.9268686175346375),
            ["RightLowerArm"] = CFrame.new(-1.7881393432617188e-07, 0, 2.9802322387695312e-08, 1, -6.146728281919422e-08, 1.4901162970204496e-08, 5.401672353855247e-08, 0.7758161425590515, -0.6309590339660645, 1.862645504502325e-08, 0.6309590339660645, 0.7758162617683411),
            ["LeftHand"] = CFrame.new(-1.4901161193847656e-07, 1.7881393432617188e-07, -2.384185791015625e-07, 0.7268700003623962, 0.6643660664558411, 0.17400477826595306, -0.6788266897201538, 0.7334507703781128, 0.03528027608990669, -0.1041848361492157, -0.1437631994485855, 0.9841126799583435),
            ["LeftFoot"] = CFrame.new(-5.384208634495735e-08, -1.7881393432617188e-07, -5.587935447692871e-09, 0.9767943620681763, -0.12869973480701447, 0.171199768781662, 0.13142558932304382, 0.9913152456283569, -0.004636370111256838, -0.16911622881889343, 0.027028830721974373, 0.9852254986763),
            ["RightHand"] = CFrame.new(-2.9802322387695312e-08, 2.384185791015625e-07, -5.960464477539063e-08, 0.9160947203636169, -0.3851446211338043, -0.11150900274515152, 0.38734114170074463, 0.9219340682029724, -0.002121665747836232, 0.10362112522125244, -0.04124826192855835, 0.9937611818313599),
            ["RightLowerLeg"] = CFrame.new(2.0489096641540527e-08, -0.0000603795051574707, -0.00007210781768662855, 1, -1.4435497064368974e-07, -1.4225955169422377e-07, 1.5506519446262246e-07, 0.33248811960220337, 0.9431074261665344, -1.1362133989223366e-07, -0.9431074261665344, 0.3324885070323944),
            ["LeftUpperLeg"] = CFrame.new(0, -1.3783574104309082e-07, 9.685754776000977e-08, 0.9806139469146729, -0.02382785454392433, -0.19449590146541595, -0.07176017761230469, 0.879954993724823, -0.4696058928966522, 0.18233734369277954, 0.4744592308998108, 0.861186146736145),
            ["LeftLowerLeg"] = CFrame.new(1.3224780559539795e-07, 0.000060617923736572266, 0.0000721178948879242, 1, 5.774199962615967e-08, 3.725290742551124e-09, -4.6566128730773926e-08, 0.8786454796791077, 0.47747474908828735, 1.4901161193847656e-08, -0.47747471928596497, 0.8786455392837524),
        }},
        {Time = 0.233, Data = {
            ["RightFoot"] = CFrame.new(-1.3969838619232178e-08, 5.364418029785156e-07, 2.7772330213338137e-08, 0.9935213327407837, 0.1025630310177803, 0.04895271360874176, -0.1135140135884285, 0.9163672924041748, 0.38390815258026123, -0.005483682733029127, -0.38697779178619385, 0.9220727682113647),
            ["LeftLowerArm"] = CFrame.new(2.980232238769531e-07, 4.76837158203125e-07, -4.470348358154297e-08, 1, -3.725289587919178e-08, -2.9802318834981634e-08, 1.862645149230957e-08, 0.8982312083244324, -0.43952322006225586, 0, 0.43952324986457825, 0.8982312083244324),
            ["RightUpperArm"] = CFrame.new(0, 3.5762786865234375e-07, -3.771856427192688e-08, -0.011270459741353989, -0.9564024806022644, -0.29183444380760193, 0.7904511094093323, 0.17022696137428284, -0.5883960723876953, 0.6124215722084045, -0.23731228709220886, 0.7540707588195801),
            ["Head"] = CFrame.new(-1.6763806343078613e-08, 0, 6.263144314289093e-08, 0.9989296793937683, -0.026142273098230362, -0.03815864771604538, 0.03014165163040161, 0.9936604499816895, 0.1083076223731041, 0.03508533909916878, -0.10934152454137802, 0.9933848977088928),
            ["LowerTorso"] = CFrame.new(-0.20569075644016266, 0.05776166915893555, -0.0076649244874715805, 0.9610353112220764, -0.18831802904605865, 0.20235507190227509, 0.12798647582530975, 0.9519851207733154, 0.27810749411582947, -0.24501168727874756, -0.24137237668037415, 0.9389934539794922),
            ["UpperTorso"] = CFrame.new(7.636845111846924e-08, 8.940696716308594e-08, 2.9802322387695312e-08, 0.9730682373046875, 0.1708695888519287, -0.15473170578479767, -0.12567751109600067, 0.9559428095817566, 0.2652895450592041, 0.1932445466518402, -0.23869852721691132, 0.9516719579696655),
            ["HumanoidRootPart"] = CFrame.new(0, 0, 0, 1, 0, 0, 0, 1, 0, 0, 0, 1),
            ["RightUpperLeg"] = CFrame.new(1.7881393432617188e-07, 7.82310962677002e-08, 8.398637874051929e-08, 0.9807525277137756, 0.19513995945453644, -0.006705455482006073, -0.10694505274295807, 0.5081281065940857, -0.8546162247657776, -0.1633625477552414, 0.8388839364051819, 0.5192170143127441),
            ["LeftUpperArm"] = CFrame.new(-2.384185791015625e-07, 1.1920928955078125e-07, 5.8673322200775146e-08, -0.289538711309433, 0.9279208779335022, -0.23479831218719482, -0.8790742754936218, -0.35483965277671814, -0.31830358505249023, -0.37867626547813416, 0.11424386501312256, 0.9184513092041016),
            ["RightLowerArm"] = CFrame.new(7.152557373046875e-07, -5.960464477539063e-08, -8.940696716308594e-08, 1, -5.587935447692871e-08, 1.1175869119028903e-08, 4.284083487959833e-08, 0.8093344569206238, -0.5873479843139648, 4.656612162534657e-08, 0.5873480439186096, 0.8093345165252686),
            ["LeftHand"] = CFrame.new(-1.6391277313232422e-07, 4.76837158203125e-07, 1.1920928955078125e-07, 0.7250931262969971, 0.6627859473228455, 0.1869623214006424, -0.6786478161811829, 0.733828067779541, 0.030551284551620483, -0.1169491559267044, -0.14903411269187927, 0.981891930103302),
            ["LeftFoot"] = CFrame.new(7.078051567077637e-08, -5.960464477539063e-08, 5.587935447692871e-09, 0.9505038261413574, -0.1194760724902153, 0.28682392835617065, 0.14480222761631012, 0.9870730638504028, -0.0686953067779541, -0.27490872144699097, 0.10682782530784607, 0.9555171728134155),
            ["RightHand"] = CFrame.new(5.587935447692871e-07, -1.1920928955078125e-07, 5.960464477539063e-08, 0.902878999710083, -0.4111845791339874, -0.1254463791847229, 0.40914180874824524, 0.9114643931388855, -0.04284392297267914, 0.13195668160915375, -0.012642348185181618, 0.9911748766899109),
            ["RightLowerLeg"] = CFrame.new(7.078051567077637e-08, -0.000060617923736572266, -0.00007202213600976393, 1, -1.1175869474300271e-07, -1.3847602531313896e-07, 1.0430811414607888e-07, 0.7263594269752502, 0.6873147487640381, -4.1909512304982854e-08, -0.6873152256011963, 0.7263597249984741),
            ["LeftUpperLeg"] = CFrame.new(0, -2.7008354663848877e-07, 1.4901161193847656e-08, 0.9885090589523315, -0.043847233057022095, -0.14466308057308197, -0.02451503835618496, 0.8978350162506104, -0.4396490156650543, 0.1491609513759613, 0.4381433427333832, 0.8864430785179138),
            ["LeftLowerLeg"] = CFrame.new(-1.1688098311424255e-07, 0.000060677528381347656, 0.00007213279604911804, 1, 3.3527619791584584e-08, 7.450582373280668e-09, -4.284083843231201e-08, 0.8598406314849854, 0.5105626583099365, 9.313225746154785e-09, -0.5105626583099365, 0.8598406314849854),
        }},
        {Time = 0.267, Data = {
            ["RightFoot"] = CFrame.new(4.470348358154297e-08, 3.5762786865234375e-07, -6.722257239744067e-08, 0.9818471074104309, 0.18957272171974182, 0.0062120831571519375, -0.1709439605474472, 0.8702238202095032, 0.4620482325553894, 0.0821860060095787, -0.45472264289855957, 0.886833131313324),
            ["LeftLowerArm"] = CFrame.new(7.450580596923828e-07, 0, -1.4901161193847656e-07, 1, -4.377216455964117e-08, 5.587935447692871e-09, 4.4703490686970326e-08, 0.9167693853378296, -0.39941704273223877, 2.2351745343485163e-08, 0.39941710233688354, 0.9167693853378296),
            ["RightUpperArm"] = CFrame.new(-5.960464477539063e-08, 4.76837158203125e-07, 6.332993507385254e-08, -0.06700167804956436, -0.971788763999939, -0.22613562643527985, 0.7800498604774475, 0.09029864519834518, -0.6191675662994385, 0.6221198439598083, -0.21788233518600464, 0.7519934773445129),
            ["Head"] = CFrame.new(6.705522537231445e-08, 0.0000010728836059570312, 1.3504177331924438e-07, 0.9985249638557434, -0.014209900051355362, -0.052403319627046585, 0.020487921312451363, 0.9924063682556152, 0.12128432840108871, 0.050281964242458344, -0.12217891216278076, 0.9912336468696594),
            ["LowerTorso"] = CFrame.new(-0.22265881299972534, 0.053635597229003906, -0.02493186481297016, 0.9616603255271912, -0.11157167702913284, 0.25052210688591003, 0.03345556929707527, 0.9544069170951843, 0.29662805795669556, -0.27219530940055847, -0.2768740653991699, 0.9215478897094727),
            ["UpperTorso"] = CFrame.new(3.725290298461914e-09, -2.9802322387695312e-08, 1.043081283569336e-07, 0.9647367596626282, 0.10146470367908478, -0.24287429451942444, -0.05436037853360176, 0.9796273708343506, 0.19332675635814667, 0.25754207372665405, -0.1733066886663437, 0.9505981206893921),
            ["HumanoidRootPart"] = CFrame.new(0, 0, 0, 1, 0, 0, 0, 1, 0, 0, 0, 1),
            ["RightUpperLeg"] = CFrame.new(0, 3.3527612686157227e-08, -9.145878721028566e-09, 0.98921138048172, 0.14254428446292877, 0.03379306569695473, -0.07181859016418457, 0.6729321479797363, -0.7362096309661865, -0.12768299877643585, 0.7258398532867432, 0.6759093403816223),
            ["LeftUpperArm"] = CFrame.new(-1.1920928955078125e-07, 4.76837158203125e-07, -6.705522537231445e-08, -0.3022163212299347, 0.9080163836479187, -0.29012349247932434, -0.8523121476173401, -0.39369627833366394, -0.3443361222743988, -0.42688336968421936, 0.1432117223739624, 0.8928947448730469),
            ["RightLowerArm"] = CFrame.new(-4.172325134277344e-07, -1.1920928955078125e-07, -1.7881393432617188e-07, 1, -6.705522537231445e-08, 1.4901159417490817e-08, 5.215405707303944e-08, 0.8149030208587646, -0.579597532749176, 5.029141192380848e-08, 0.5795974731445312, 0.8149029612541199),
            ["LeftHand"] = CFrame.new(-2.7939677238464355e-08, 2.980232238769531e-07, -4.172325134277344e-07, 0.7297772169113159, 0.6523070931434631, 0.20474524796009064, -0.6718625426292419, 0.7396954298019409, 0.03810244798660278, -0.12659455835819244, -0.16536682844161987, 0.9780734777450562),
            ["LeftFoot"] = CFrame.new(-9.685754776000977e-08, 0, -4.842877388000488e-08, 0.9754645228385925, -0.07090305536985397, 0.20842713117599487, 0.07982473820447922, 0.9962047934532166, -0.03469954431056976, -0.20517566800117493, 0.05048581212759018, 0.9774221777915955),
            ["RightHand"] = CFrame.new(-4.172325134277344e-07, -1.1920928955078125e-07, -5.960464477539063e-08, 0.8935084342956543, -0.4092966914176941, -0.184713214635849, 0.4110850989818573, 0.9110929369926453, -0.03031308203935623, 0.18069817125797272, -0.048847660422325134, 0.9823248982429504),
