return {
    ["True Heart"] = {
        {Time = 0.000, Data = {
            ["LeftFoot"] = CFrame.new(0, 0, 5.587935447692871e-09, 0.9763085842132568, -0.2160511165857315, -0.011985592544078827, 0.16925254464149475, 0.796995997428894, -0.5797855854034424, 0.13481570780277252, 0.5640206933021545, 0.8146809935569763),
            ["LeftLowerArm"] = CFrame.new(-8.940696716308594e-08, -6.556510925292969e-07, 3.1013041734695435e-07, 1, -7.450581307466564e-08, 5.21540641784668e-08, 6.612392411398105e-08, 0.4638276696205139, -0.8859254717826843, 8.97271448252468e-08, 0.8859254717826843, 0.46382758021354675),
            ["LowerTorso"] = CFrame.new(-0.18953873217105865, -0.4018368721008301, 0.012663375586271286, 0.9792609810829163, 0.06080980226397514, -0.19326183199882507, -0.04731547087430954, 0.9961579442024231, 0.07369264215230942, 0.19700053334236145, -0.06302005052566528, 0.9783759117126465),
            ["Head"] = CFrame.new(2.60770320892334e-08, 0, -1.862645149230957e-08, 0.9599195122718811, 0.2592450678348541, -0.10652034729719162, -0.27888157963752747, 0.921336829662323, -0.270857036113739, 0.027922749519348145, 0.2897075116634369, 0.9567078948020935),
            ["RightUpperArm"] = CFrame.new(0, -2.384185791015625e-07, -5.587935447692871e-08, 0.4225926995277405, 0.24318943917751312, 0.8730831742286682, 0.0590435229241848, 0.9538946151733398, -0.294277161359787, -0.9043945074081421, 0.17590929567813873, 0.3887501358985901),
            ["UpperTorso"] = CFrame.new(-1.3504177331924438e-08, 0, 0, 0.9827377200126648, -0.14870908856391907, 0.11005569249391556, 0.14506791532039642, 0.9885954260826111, 0.04042879864573479, -0.1148127019405365, -0.023765334859490395, 0.9931029081344604),
            ["HumanoidRootPart"] = CFrame.new(0, 0, 0, 1, 0, 0, 0, 1, 0, 0, 0, 1),
            ["RightHand"] = CFrame.new(6.798654794692993e-08, 1.1920928955078125e-07, -2.384185791015625e-07, 0.9705907106399536, -0.027147216722369194, 0.23920010030269623, 0.14101620018482208, 0.8694196939468384, -0.4735228717327118, -0.19511041045188904, 0.49332794547080994, 0.8476788997650146),
            ["LeftUpperArm"] = CFrame.new(5.960464477539063e-08, 3.5762786865234375e-07, -7.450580596923828e-09, 0.33079537749290466, 0.113385871052742, -0.9368661046028137, -0.21312251687049866, 0.9760840535163879, 0.042881447821855545, 0.9193221926689148, 0.18548226356506348, 0.34704917669296265),
            ["RightLowerArm"] = CFrame.new(2.384185791015625e-07, 0, 1.3783574104309082e-07, 1, -4.516913776342335e-08, -2.8405334973058416e-08, 6.705522537231445e-08, 0.7477818131446838, -0.6639446020126343, 8.515780791640282e-08, 0.663944661617279, 0.7477818131446838),
            ["LeftHand"] = CFrame.new(-4.470348358154297e-08, -5.960464477539063e-08, 1.1548399925231934e-07, 0.9753314256668091, 0.08036516606807709, 0.20559701323509216, -0.07377998530864716, 0.9964916110038757, -0.03951049968600273, -0.2080509215593338, 0.02336694858968258, 0.977838933467865),
            ["RightUpperLeg"] = CFrame.new(5.960464477539063e-08, -2.9569491744041443e-07, 2.0656443666666746e-08, 0.9422873854637146, -0.3346318006515503, -0.010770708322525024, 0.15648742020130157, 0.46863627433776855, -0.86942058801651, 0.29598337411880493, 0.8175584077835083, 0.4939554035663605),
            ["LeftUpperLeg"] = CFrame.new(-5.960464477539063e-08, -6.058253347873688e-07, 7.450580596923828e-09, 0.9810984134674072, 0.18876396119594574, -0.042593736201524734, -0.16866588592529297, 0.7262693643569946, -0.6663968563079834, -0.09485729783773422, 0.660984992980957, 0.7443796396255493),
            ["RightLowerLeg"] = CFrame.new(-4.470348358154297e-08, -0.00012218952178955078, -0.00007746944174868986, 1, -1.4901159772762185e-07, -1.229346224818073e-07, 9.685756907629184e-08, 0.27351680397987366, 0.9618671536445618, -1.1920931797249068e-07, -0.9618672132492065, 0.27351728081703186),
            ["RightFoot"] = CFrame.new(-7.450580596923828e-08, 4.172325134277344e-07, 1.6952981241047382e-09, 0.9841752648353577, 0.12621256709098816, -0.12437693029642105, -0.1576751470565796, 0.9440457820892334, -0.2896825671195984, 0.08085592836141586, 0.3047097325325012, 0.9490070939064026),
            ["LeftLowerLeg"] = CFrame.new(1.4901161193847656e-08, 0.00012290477752685547, 0.00007739663124084473, 1, 6.705521116145974e-08, 7.26431323982979e-08, -4.470347647611561e-08, 0.2893538475036621, 0.9572221636772156, 6.70552182668871e-08, -0.9572222232818604, 0.2893539071083069),
        }},
        {Time = 0.033, Data = {
            ["LeftFoot"] = CFrame.new(1.0989606380462646e-07, -5.960464477539063e-08, -1.1248630471527576e-08, 0.9666739106178284, -0.2558594048023224, -0.008819838985800743, 0.209696426987648, 0.811086893081665, -0.5460454821586609, 0.14686442911624908, 0.5259981751441956, 0.8377091288566589),
            ["LeftLowerArm"] = CFrame.new(0, -4.76837158203125e-07, -5.960464477539063e-08, 1, -8.940698137394065e-08, 1.4901162970204496e-08, 6.332994928470725e-08, 0.6223045587539673, -0.7827752828598022, 3.981405072295274e-08, 0.7827752828598022, 0.6223044991493225),
            ["LowerTorso"] = CFrame.new(-0.11720313876867294, -0.331967830657959, -0.0009420625865459442, 0.9859313368797302, -0.015209302306175232, -0.16645751893520355, 0.02516087330877781, 0.9980087876319885, 0.05783984810113907, 0.16524635255336761, -0.06121433153748512, 0.984350860118866),
            ["Head"] = CFrame.new(-7.450580596923828e-09, 0, -2.60770320892334e-08, 0.9634886384010315, 0.25165581703186035, -0.09142819046974182, -0.26561710238456726, 0.9413740038871765, -0.20799696445465088, 0.03372448310256004, 0.22468754649162292, 0.9738470911979675),
            ["RightUpperArm"] = CFrame.new(-2.384185791015625e-07, -1.1920928955078125e-07, -3.3527612686157227e-08, 0.44958317279815674, 0.187889963388443, 0.8732539415359497, 0.1042088121175766, 0.9599183201789856, -0.2601872682571411, -0.8871390223503113, 0.20797649025917053, 0.41198334097862244),
            ["UpperTorso"] = CFrame.new(-1.6298145055770874e-08, -3.8743019104003906e-07, -1.862645149230957e-09, 0.9936737418174744, -0.06492208689451218, 0.09163878113031387, 0.06182356923818588, 0.9974283576011658, 0.03625817969441414, -0.09375706315040588, -0.03036336414515972, 0.9951319694519043),
            ["HumanoidRootPart"] = CFrame.new(0, 0, 0, 1, 0, 0, 0, 1, 0, 0, 0, 1),
            ["RightHand"] = CFrame.new(4.172325134277344e-07, 4.76837158203125e-07, -2.384185791015625e-07, 0.9514370560646057, 0.1486102193593979, 0.2695971429347992, 0.009186329320073128, 0.8616645336151123, -0.5073952078819275, -0.30770638585090637, 0.4852311909198761, 0.818454384803772),
            ["LeftUpperArm"] = CFrame.new(1.1920928955078125e-07, 1.1920928955078125e-07, 3.725290298461914e-08, 0.41838034987449646, 0.15702037513256073, -0.89459627866745, -0.253557413816452, 0.9659767746925354, 0.05096667259931564, 0.8721619844436646, 0.2055080682039261, 0.44395944476127625),
            ["RightLowerArm"] = CFrame.new(4.172325134277344e-07, 5.364418029785156e-07, -7.450580596923828e-09, 1, -3.3527616238870905e-08, 3.725290298461914e-08, 4.842877388000488e-08, 0.8655572533607483, -0.5008101463317871, 9.313225746154785e-10, 0.5008102059364319, 0.8655571937561035),
            ["LeftHand"] = CFrame.new(2.086162567138672e-07, -1.1920928955078125e-07, 2.9802322387695312e-08, 0.9781082272529602, -0.06957671046257019, 0.19612106680870056, 0.0957450121641159, 0.9872361421585083, -0.12727005779743195, -0.18476282060146332, 0.14326158165931702, 0.9722854495048523),
            ["RightUpperLeg"] = CFrame.new(-5.960464477539063e-08, 3.585591912269592e-08, 6.535992724820971e-08, 0.9682925343513489, -0.24373632669448853, -0.05479118227958679, 0.11852845549583435, 0.6412935853004456, -0.7580856680870056, 0.21991033852100372, 0.7275543212890625, 0.6498492956161499),
            ["LeftUpperLeg"] = CFrame.new(-1.1920928955078125e-07, -1.9976869225502014e-07, 2.2351741790771484e-08, 0.9572371244430542, 0.2613314390182495, -0.12410902976989746, -0.28216448426246643, 0.7486206293106079, -0.5999584794044495, -0.06387748569250107, 0.6093217730522156, 0.7903459668159485),
            ["RightLowerLeg"] = CFrame.new(-4.470348358154297e-08, -0.00012242794036865234, -0.00007743218884570524, 1, -1.2479716815505526e-07, -1.043081283569336e-07, 5.960463056453591e-08, 0.4345702528953552, 0.9006377458572388, -5.960463056453591e-08, -0.9006379842758179, 0.43457064032554626),
            ["RightFoot"] = CFrame.new(-2.2351741790771484e-08, 4.172325134277344e-07, -2.0656443666666746e-08, 0.9866757988929749, 0.14909306168556213, -0.06513301283121109, -0.1618398129940033, 0.9404765367507935, -0.29885047674179077, 0.016699347645044327, 0.3054100573062897, 0.9520746469497681),
            ["LeftLowerLeg"] = CFrame.new(-2.2351741790771484e-08, 0.00012254714965820312, 0.00007751584053039551, 1, 8.195637946073475e-08, 3.725289943190546e-08, -7.450580596923828e-08, 0.38200056552886963, 0.9241620302200317, 5.21540641784668e-08, -0.9241620898246765, 0.38200071454048157),
        }},
        {Time = 0.067, Data = {
            ["LeftFoot"] = CFrame.new(2.0489096641540527e-08, 1.1920928955078125e-07, -3.3527612686157227e-08, 0.9557596445083618, -0.29414063692092896, -0.0022620141971856356, 0.25361135601997375, 0.8279150128364563, -0.5002376437187195, 0.14901287853717804, 0.47753340005874634, 0.865885317325592),
            ["LeftLowerArm"] = CFrame.new(0, -1.7881393432617188e-07, 2.682209014892578e-07, 1, -5.960465188081798e-08, 2.980232594040899e-08, 9.685756197086448e-08, 0.707239031791687, -0.7069745063781738, 9.126962652317161e-08, 0.7069745063781738, 0.7072390913963318),
            ["LowerTorso"] = CFrame.new(-0.04479517415165901, -0.2620995044708252, -0.015411939471960068, 0.9884772896766663, -0.09010837972164154, -0.12162729352712631, 0.0957748293876648, 0.9945349097251892, 0.04156394302845001, 0.11721733212471008, -0.05273384600877762, 0.9917052984237671),
            ["Head"] = CFrame.new(-3.725290298461914e-09, -2.384185791015625e-07, -1.126900315284729e-07, 0.9716536402702332, 0.22519953548908234, -0.07193360477685928, -0.23327893018722534, 0.9626772403717041, -0.1372351497411728, 0.038343559950590134, 0.15012559294700623, 0.9879231452941895),
            ["RightUpperArm"] = CFrame.new(0, -4.76837158203125e-07, -5.960464477539063e-08, 0.5134832859039307, 0.04159726947546005, 0.8570908308029175, 0.1999984085559845, 0.9655148386955261, -0.1666785478591919, -0.8344672918319702, 0.25700342655181885, 0.48745641112327576),
            ["UpperTorso"] = CFrame.new(-4.377216100692749e-08, 2.9802322387695312e-08, -3.725290298461914e-09, 0.9977765679359436, 0.030084196478128433, 0.05947299301624298, -0.031851306557655334, 0.9990721344947815, 0.028991520404815674, -0.05854561924934387, -0.03082135319709778, 0.9978088140487671),
            ["HumanoidRootPart"] = CFrame.new(0, 0, 0, 1, 0, 0, 0, 1, 0, 0, 0, 1),
            ["RightHand"] = CFrame.new(0, -2.384185791015625e-07, -4.172325134277344e-07, 0.8661114573478699, 0.357229620218277, 0.3496255576610565, -0.15743374824523926, 0.8588168621063232, -0.4874919056892395, -0.4744108319282532, 0.36717939376831055, 0.800071120262146),
            ["LeftUpperArm"] = CFrame.new(0, -3.5762786865234375e-07, 7.450580596923828e-09, 0.6307346224784851, 0.2721928060054779, -0.7266945838928223, -0.3585208058357239, 0.9327401518821716, 0.03819166123867035, 0.6882126927375793, 0.2364463061094284, 0.6858983635902405),
            ["RightLowerArm"] = CFrame.new(0, 4.76837158203125e-07, -5.960464477539063e-08, 1, -4.470347292340193e-08, -2.9802318834981634e-08, 4.284083487959833e-08, 0.8780106902122498, -0.4786410927772522, -3.259628655882807e-08, 0.4786410629749298, 0.8780106902122498),
            ["LeftHand"] = CFrame.new(-1.7881393432617188e-07, 5.960464477539063e-08, 0, 0.9126957654953003, -0.4080679714679718, 0.021611085161566734, 0.40621328353881836, 0.9002518653869629, -0.15664435923099518, 0.044466111809015274, 0.15174728631973267, 0.9874186515808105),
            ["RightUpperLeg"] = CFrame.new(0, 1.1688098311424255e-07, 3.55576048605144e-08, 0.9820064902305603, -0.17186932265758514, -0.07825744897127151, 0.09155885130167007, 0.7957367897033691, -0.5986821055412292, 0.16516737639904022, 0.5807444453239441, 0.7971546053886414),
            ["LeftUpperLeg"] = CFrame.new(-2.384185791015625e-07, -1.026783138513565e-07, 2.60770320892334e-08, 0.9210148453712463, 0.3291277587413788, -0.20834286510944366, -0.3893630802631378, 0.762330174446106, -0.516961395740509, -0.011320342309772968, 0.5572500824928284, 0.830267608165741),
            ["RightLowerLeg"] = CFrame.new(7.450580596923828e-09, -0.0001220703125, -0.00007752159581286833, 1, -8.940694584680386e-08, 3.725290653733282e-08, 1.6391277313232422e-07, 0.6328594088554382, 0.77426677942276, -1.043081283569336e-07, -0.77426677942276, 0.6328593492507935),
            ["RightFoot"] = CFrame.new(-5.4016709327697754e-08, 4.172325134277344e-07, 3.894820110872388e-08, 0.9795883893966675, 0.18714836239814758, 0.07336322963237762, -0.15909510850906372, 0.9449010491371155, -0.28609538078308105, -0.12286330759525299, 0.268584281206131, 0.955388605594635),
            ["LeftLowerLeg"] = CFrame.new(1.1175870895385742e-07, 0.0001226663589477539, 0.0000772327184677124, 1, 7.078048724906694e-08, 3.352760913344355e-08, -1.4901162970204496e-08, 0.4856850206851959, 0.8741340637207031, -1.4901162970204496e-08, -0.8741339445114136, 0.4856848418712616),
        }},
        {Time = 0.100, Data = {
            ["LeftFoot"] = CFrame.new(-1.126900315284729e-07, -5.960464477539063e-08, -2.421438694000244e-08, 0.9463552832603455, -0.3231019675731659, 0.004122859798371792, 0.2869775593280792, 0.8345474004745483, -0.4702916145324707, 0.14851145446300507, 0.44624629616737366, 0.882501482963562),
            ["LeftLowerArm"] = CFrame.new(8.940696716308594e-08, 2.384185791015625e-07, 1.7136335372924805e-07, 1, -7.078051567077637e-08, 4.4703490686970326e-08, 7.450581485102248e-09, 0.7025554180145264, -0.7116290330886841, 5.308539385850963e-08, 0.7116290330886841, 0.7025553584098816),
            ["LowerTorso"] = CFrame.new(0.006903490051627159, -0.2199556827545166, -0.028453651815652847, 0.9856706857681274, -0.1493692249059677, -0.07837174832820892, 0.15172144770622253, 0.9881086945533752, 0.02493705041706562, 0.0737149715423584, -0.03647039085626602, 0.9966123104095459),
            ["Head"] = CFrame.new(-4.6566128730773926e-08, -3.5762786865234375e-07, -1.3969838619232178e-09, 0.9808362126350403, 0.18681851029396057, -0.05531055107712746, -0.19041450321674347, 0.9792723655700684, -0.06905072927474976, 0.041264113038778305, 0.07825937122106552, 0.9960787296295166),
            ["RightUpperArm"] = CFrame.new(-5.960464477539063e-08, -3.5762786865234375e-07, -7.450580596923828e-09, 0.5932756662368774, -0.1554969996213913, 0.789838433265686, 0.29201844334602356, 0.9559051394462585, -0.03115459904074669, -0.7501661777496338, 0.24913069605827332, 0.6125231981277466),
            ["UpperTorso"] = CFrame.new(7.147900760173798e-08, -3.8743019104003906e-07, 5.587935447692871e-09, 0.9925405383110046, 0.11870844662189484, 0.02777792513370514, -0.11943517625331879, 0.9924975633621216, 0.026151172816753387, -0.024465158581733704, -0.029273759573698044, 0.9992720484733582),
            ["HumanoidRootPart"] = CFrame.new(0, 0, 0, 1, 0, 0, 0, 1, 0, 0, 0, 1),
            ["RightHand"] = CFrame.new(-1.1920928955078125e-07, 1.7881393432617188e-07, -2.682209014892578e-07, 0.7601713538169861, 0.49375295639038086, 0.4223122298717499, -0.29835188388824463, 0.8426799774169922, -0.44819265604019165, -0.5771705508232117, 0.21470554172992706, 0.7878931760787964),
            ["LeftUpperArm"] = CFrame.new(-1.1920928955078125e-07, 2.384185791015625e-07, 2.9802322387695312e-08, 0.8308013677597046, 0.4175107479095459, -0.3680405914783478, -0.46976929903030396, 0.8806502223014832, -0.06141738221049309, 0.2984725832939148, 0.22391988337039948, 0.9277790784835815),
            ["RightLowerArm"] = CFrame.new(2.384185791015625e-07, 4.76837158203125e-07, 6.705522537231445e-08, 1, -5.960463056453591e-08, 0, 7.450580596923828e-08, 0.8205843567848206, -0.5715256333351135, 6.938353180885315e-08, 0.5715255737304688, 0.820584237575531),
            ["LeftHand"] = CFrame.new(-2.086162567138672e-07, 5.960464477539063e-08, 5.960464477539063e-08, 0.7990010976791382, -0.5986303687095642, -0.056911736726760864, 0.5877021551132202, 0.7974233031272888, -0.13683004677295685, 0.1272933930158615, 0.07588024437427521, 0.9889583587646484),
            ["RightUpperLeg"] = CFrame.new(-1.1920928955078125e-07, -5.955516826361418e-07, 4.5802153181284666e-08, 0.9905945658683777, -0.10964969545602798, -0.0818495973944664, 0.06205321475863457, 0.8931369781494141, -0.44548365473747253, 0.12195010483264923, 0.436214804649353, 0.8915407657623291),
            ["LeftUpperLeg"] = CFrame.new(8.940696716308594e-08, -6.705522537231445e-07, 3.818422555923462e-08, 0.8823359608650208, 0.3807944655418396, -0.27654847502708435, -0.46891123056411743, 0.7613681554794312, -0.4477062523365021, 0.04007118567824364, 0.5247040390968323, 0.8503411412239075),
            ["RightLowerLeg"] = CFrame.new(-4.842877388000488e-08, -0.00012230873107910156, -0.00007750669465167448, 1, -7.823110337312755e-08, -5.5879368687783426e-08, 8.195637946073475e-08, 0.781212329864502, 0.624265193939209, -2.2351738238057806e-08, -0.6242655515670776, 0.7812124490737915),
            ["RightFoot"] = CFrame.new(-9.313225746154785e-10, 4.76837158203125e-07, 1.6596459317952394e-08, 0.9714263677597046, 0.21023009717464447, 0.110155388712883, -0.17788925766944885, 0.9521695375442505, -0.24845245480537415, -0.15711885690689087, 0.22175809741020203, 0.9623603224754333),
            ["LeftLowerLeg"] = CFrame.new(-7.450580596923828e-08, 0.0001226663589477539, 0.00007739663124084473, 1, 2.2351736461700966e-08, 2.9802322387695312e-08, -8.940696716308594e-08, 0.546322226524353, 0.8375752568244934, -1.4901161193847656e-08, -0.8375751376152039, 0.5463220477104187),
        }},
        {Time = 0.133, Data = {
            ["LeftFoot"] = CFrame.new(1.0244548320770264e-08, -1.7881393432617188e-07, -2.2351741790771484e-08, 0.938488245010376, -0.34530991315841675, 0.0010840145405381918, 0.3023190498352051, 0.8201228380203247, -0.4857999086380005, 0.16686221957206726, 0.4562450051307678, 0.8740693926811218),
            ["LeftLowerArm"] = CFrame.new(-1.1920928955078125e-07, 1.7881393432617188e-07, 1.4901161193847656e-07, 1, -7.450579886381092e-08, 3.725289587919178e-08, 8.940695295223122e-08, 0.6458099484443665, -0.7634982466697693, 4.470347647611561e-08, 0.7634982466697693, 0.6458098292350769),
            ["LowerTorso"] = CFrame.new(0.03275074437260628, -0.22499680519104004, -0.0399637445807457, 0.9798542261123657, -0.19339187443256378, -0.04985276609659195, 0.19402506947517395, 0.9809627532958984, 0.008145125582814217, 0.04732850193977356, -0.01765372045338154, 0.9987234473228455),
            ["Head"] = CFrame.new(-3.259629011154175e-08, -2.384185791015625e-07, -5.296897143125534e-08, 0.9891048073768616, 0.1413019895553589, -0.041299160569906235, -0.14166201651096344, 0.9898974895477295, -0.005909712053835392, 0.04004686698317528, 0.011695845052599907, 0.9991293549537659),
            ["RightUpperArm"] = CFrame.new(-5.960464477539063e-08, 0, -2.0489096641540527e-08, 0.6830252408981323, -0.3348955512046814, 0.6490929126739502, 0.3718387484550476, 0.9243395328521729, 0.0856301337480545, -0.6286592483520508, 0.18287032842636108, 0.7558743953704834),
            ["UpperTorso"] = CFrame.new(-4.0978193283081055e-08, -2.682209014892578e-07, 6.28642737865448e-09, 0.980253279209137, 0.19764173030853271, 0.006427598185837269, -0.1977415531873703, 0.9799359440803528, 0.024977434426546097, -0.0013620569370687008, -0.025755206122994423, 0.9996673464775085),
            ["HumanoidRootPart"] = CFrame.new(0, 0, 0, 1, 0, 0, 0, 1, 0, 0, 0, 1),
            ["RightHand"] = CFrame.new(2.384185791015625e-07, 3.5762786865234375e-07, -2.086162567138672e-07, 0.6865280866622925, 0.5849964022636414, 0.4318082928657532, -0.4221775531768799, 0.8042253255844116, -0.41831544041633606, -0.591984212398529, 0.10488550364971161, 0.7990955710411072),
            ["LeftUpperArm"] = CFrame.new(1.7881393432617188e-07, -4.76837158203125e-07, -1.30385160446167e-08, 0.8558299541473389, 0.5084086060523987, 0.09526830911636353, -0.47445762157440186, 0.8449440002441406, -0.24690011143684387, -0.20602251589298248, 0.16610372066497803, 0.9643466472625732),
            ["RightLowerArm"] = CFrame.new(5.960464477539063e-08, 3.5762786865234375e-07, 2.9802322387695312e-08, 1, -8.940698137394065e-08, 5.960465898624534e-08, 5.960463766996327e-08, 0.7013843655586243, -0.7127832174301147, 1.1175869119028903e-08, 0.7127832770347595, 0.7013844847679138),
            ["LeftHand"] = CFrame.new(-3.2782554626464844e-07, -1.1920928955078125e-07, -5.960464477539063e-08, 0.7119049429893494, -0.6919835805892944, -0.11979160457849503, 0.6854346394538879, 0.7217817306518555, -0.0959726870059967, 0.15287482738494873, -0.013785791583359241, 0.9881494045257568),
            ["RightUpperLeg"] = CFrame.new(-1.7881393432617188e-07, -5.715701263397932e-07, 2.996966941282153e-08, 0.995508074760437, -0.06321875005960464, -0.07047786563634872, 0.03208451345562935, 0.9256223440170288, -0.3770863115787506, 0.08907480537891388, 0.37313112616539, 0.9234926700592041),
            ["LeftUpperLeg"] = CFrame.new(-1.7881393432617188e-07, -4.860339686274529e-07, 4.0978193283081055e-08, 0.8479200601577759, 0.41365665197372437, -0.33154189586639404, -0.5256809592247009, 0.7368900179862976, -0.4250325560569763, 0.06849239021539688, 0.5346788167953491, 0.8422751426696777),
            ["RightLowerLeg"] = CFrame.new(0, -0.00012254714965820312, -0.00007730552897555754, 1, -9.313224325069314e-08, -1.8626444386882213e-08, 5.960463056453591e-08, 0.8178388476371765, 0.5754469633102417, -3.725289587919178e-08, -0.5754473805427551, 0.8178391456604004),
            ["RightFoot"] = CFrame.new(1.6111880540847778e-07, 2.384185791015625e-07, 9.145878721028566e-09, 0.9745954871177673, 0.22021615505218506, 0.040848635137081146, -0.20491132140159607, 0.9503235816955566, -0.2342997044324875, -0.09041596949100494, 0.2199772447347641, 0.9713059067726135),
            ["LeftLowerLeg"] = CFrame.new(1.6391277313232422e-07, 0.00012224912643432617, 0.00007736682891845703, 1, 6.70552182668871e-08, 2.9802315282267955e-08, 7.450580596923828e-09, 0.5164704918861389, 0.8563051223754883, 0, -0.8563050031661987, 0.5164702534675598),
        }},
        {Time = 0.167, Data = {
            ["LeftFoot"] = CFrame.new(1.1920928955078125e-07, -5.960464477539063e-08, -1.4901161193847656e-08, 0.9330374598503113, -0.35972142219543457, -0.006484853103756905, 0.3028563857078552, 0.7950180172920227, -0.5255703330039978, 0.19421426951885223, 0.4884125292301178, 0.8507254719734192),
            ["LeftLowerArm"] = CFrame.new(4.76837158203125e-07, 0, 4.44706529378891e-08, 1, -9.872020712009544e-08, 8.940698847936801e-08, 7.450581307466564e-08, 0.6182395815849304, -0.7859897017478943, 5.960465188081798e-08, 0.7859897613525391, 0.6182395815849304),
            ["LowerTorso"] = CFrame.new(0.03796107694506645, -0.257735013961792, -0.050045646727085114, 0.9748209118843079, -0.21977227926254272, -0.03774014487862587, 0.21964341402053833, 0.9755507707595825, -0.007578775752335787, 0.03848303109407425, -0.0009014243842102587, 0.9992589354515076),
            ["Head"] = CFrame.new(-8.847564458847046e-09, -5.960464477539062e-07, -4.69735823571682e-08, 0.9950717687606812, 0.09516935050487518, -0.027839843183755875, -0.09363117814064026, 0.994240939617157, 0.05213642120361328, 0.03264129161834717, -0.0492728166282177, 0.9982519149780273),
            ["RightUpperArm"] = CFrame.new(0, -4.76837158203125e-07, -1.30385160446167e-08, 0.7593660354614258, -0.4773871898651123, 0.44211405515670776, 0.4714852571487427, 0.8719792366027832, 0.13173483312129974, -0.4484027922153473, 0.10841526091098785, 0.8872323036193848),
            ["UpperTorso"] = CFrame.new(1.909211277961731e-08, -4.76837158203125e-07, -3.259629011154175e-09, 0.966515064239502, 0.2565855085849762, -0.0035640927962958813, -0.2564360499382019, 0.9662774205207825, 0.023422474041581154, 0.00945376232266426, -0.021724209189414978, 0.9997193813323975),
            ["HumanoidRootPart"] = CFrame.new(0, 0, 0, 1, 0, 0, 0, 1, 0, 0, 0, 1),
            ["RightHand"] = CFrame.new(4.470348358154297e-07, 2.384185791015625e-07, -2.384185791015625e-07, 0.6154244542121887, 0.679567813873291, 0.3992999792098999, -0.5387575626373291, 0.7324647903442383, -0.41621580719947815, -0.5753200650215149, 0.04102349653840065, 0.8168990015983582),
            ["LeftUpperArm"] = CFrame.new(5.960464477539063e-08, -5.960464477539062e-07, 1.862645149230957e-09, 0.7141219973564148, 0.5538142323493958, 0.42815834283828735, -0.3113362491130829, 0.7990860342979431, -0.514326274394989, -0.626976490020752, 0.23399047553539276, 0.7430672645568848),
            ["RightLowerArm"] = CFrame.new(1.7881393432617188e-07, 7.748603820800781e-07, -2.9802322387695312e-08, 1, -7.450577754752885e-08, 2.9802311729554276e-08, 3.3527612686157227e-08, 0.5725647211074829, -0.8198595643043518, 4.0978193283081055e-08, 0.8198596239089966, 0.5725647807121277),
            ["LeftHand"] = CFrame.new(1.1920928955078125e-07, 3.5762786865234375e-07, 8.940696716308594e-08, 0.6846197843551636, -0.6711549758911133, -0.284336119890213, 0.7075005173683167, 0.7057042121887207, 0.03774426877498627, 0.1753249615430832, -0.22700829803943634, 0.9579814076423645),
            ["RightUpperLeg"] = CFrame.new(1.7881393432617188e-07, -2.3102256818674505e-07, 3.3694959711283445e-08, 0.9977636933326721, -0.044382430613040924, -0.04997803643345833, 0.022072838619351387, 0.924564778804779, -0.3803851306438446, 0.06309037655591965, 0.3784310817718506, 0.9234768152236938),
            ["LeftUpperLeg"] = CFrame.new(-5.960464477539063e-08, -2.9161310521885753e-07, 3.5390257835388184e-08, 0.8253738880157471, 0.42685553431510925, -0.3695303499698639, -0.5592772960662842, 0.7077045440673828, -0.4316980540752411, 0.07724553346633911, 0.5629819631576538, 0.8228513598442078),
            ["RightLowerLeg"] = CFrame.new(-2.2351741790771484e-08, -0.0001227855682373047, -0.00007739406282780692, 1, -4.8428766774577525e-08, -3.725290742551124e-09, 7.823107495141812e-08, 0.7828635573387146, 0.6221932768821716, -3.495369327310982e-08, -0.622193455696106, 0.7828637957572937),
            ["RightFoot"] = CFrame.new(2.3283064365386963e-08, 3.5762786865234375e-07, 9.145878721028566e-09, 0.9719902276992798, 0.23451504111289978, -0.015421557240188122, -0.2302447259426117, 0.9370208978652954, -0.26263856887817383, -0.04714241251349449, 0.2588330805301666, 0.9647711515426636),
            ["LeftLowerLeg"] = CFrame.new(-4.842877388000488e-08, 0.0001226663589477539, 0.00007750093936920166, 1, 7.078050856534901e-08, 1.4901159417490817e-08, -7.450581485102248e-09, 0.4376447796821594, 0.8991479277610779, -1.4901162970204496e-08, -0.8991479873657227, 0.43764498829841614),
        }},
        {Time = 0.200, Data = {
            ["LeftFoot"] = CFrame.new(2.0489096641540527e-08, 0, -3.725290298461914e-09, 0.9361182451248169, -0.35167115926742554, -0.0031955400481820107, 0.29048967361450195, 0.7783167958259583, -0.5566318035125732, 0.1982383131980896, 0.5201447010040283, 0.8307532072067261),
            ["LeftLowerArm"] = CFrame.new(2.9802322387695312e-08, 1.7881393432617188e-07, -3.1152740120887756e-07, 1, -8.568168397005138e-08, 4.6798959374427795e-08, 3.7252917195473856e-08, 0.6592833399772644, -0.7518945932388306, 5.96046660916727e-08, 0.7518945932388306, 0.6592833995819092),
            ["LowerTorso"] = CFrame.new(0.016962025314569473, -0.28746533393859863, -0.05665094405412674, 0.9764502048492432, -0.2109406292438507, -0.045266732573509216, 0.2101990133523941, 0.9774412512779236, -0.02061561867594719, 0.048594243824481964, 0.010615103878080845, 0.9987622499465942),
            ["Head"] = CFrame.new(-1.816079020500183e-08, 0, -4.854518920183182e-08, 0.9981483817100525, 0.05868825316429138, -0.015988124534487724, -0.056875210255384445, 0.9936791658401489, 0.09678399562835693, 0.021567143499851227, -0.09569545090198517, 0.9951770901679993),
            ["RightUpperArm"] = CFrame.new(0, -3.5762786865234375e-07, -1.816079020500183e-08, 0.8274522423744202, -0.523640513420105, 0.20278915762901306, 0.5260686278343201, 0.8491856455802917, 0.04621196538209915, -0.19640406966209412, 0.06844280660152435, 0.9781314134597778),
            ["UpperTorso"] = CFrame.new(-3.4924596548080444e-08, -1.1920928955078125e-07, -4.190951585769653e-09, 0.9624238014221191, 0.27154386043548584, 0.0020813862793147564, -0.2715110182762146, 0.9621182680130005, 0.024705536663532257, 0.004706092178821564, -0.02434232458472252, 0.9996926188468933),
            ["HumanoidRootPart"] = CFrame.new(0, 0, 0, 1, 0, 0, 0, 1, 0, 0, 0, 1),
            ["RightHand"] = CFrame.new(1.1175870895385742e-07, 5.960464477539063e-08, 2.9802322387695312e-08, 0.555432915687561, 0.7403306365013123, 0.3786884844303131, -0.6223296523094177, 0.6721205115318298, -0.4011978805065155, -0.5515432953834534, -0.012830558232963085, 0.8340475559234619),
            ["LeftUpperArm"] = CFrame.new(0, 0, 3.725290298461914e-09, 0.5830396413803101, 0.6181321740150452, 0.5272356271743774, -0.07203766703605652, 0.6857269406318665, -0.724285364151001, -0.8092437982559204, 0.38430625200271606, 0.4443347752094269),
            ["RightLowerArm"] = CFrame.new(8.344650268554688e-07, -1.7881393432617188e-07, 5.960464477539063e-08, 1, -7.450579175838357e-08, 7.450579886381092e-08, 9.685751223287298e-08, 0.49194303154945374, -0.8706274032592773, 3.539024362453347e-08, 0.8706274628639221, 0.4919430613517761),
            ["LeftHand"] = CFrame.new(0, 0, -2.586457412689924e-07, 0.7340844869613647, -0.5110984444618225, -0.44710013270378113, 0.6325757503509521, 0.7541037201881409, 0.17656604945659637, 0.246917262673378, -0.4124390184879303, 0.8768842220306396),
            ["RightUpperLeg"] = CFrame.new(0, -1.9263825379312038e-07, 4.6733475755900145e-08, 0.9978197813034058, -0.06462810933589935, -0.013380441814661026, 0.05330654978752136, 0.9087283611297607, -0.41397014260292053, 0.038913313299417496, 0.4123542308807373, 0.9101921916007996),
            ["LeftUpperLeg"] = CFrame.new(-5.960464477539063e-08, -1.0052463039755821e-07, 2.9802322387695312e-08, 0.8359012603759766, 0.4075566530227661, -0.36764994263648987, -0.5432455539703369, 0.7100330591201782, -0.44803714752197266, 0.07844313234090805, 0.5742390751838684, 0.814920961856842),
            ["RightLowerLeg"] = CFrame.new(-4.0978193283081055e-08, -0.00012260675430297852, -0.00007726455078227445, 1, -7.078048724906694e-08, -2.2351738238057806e-08, 6.705521116145974e-08, 0.7254599928855896, 0.6882641315460205, -2.607702498380604e-08, -0.6882643103599548, 0.7254602313041687),
            ["RightFoot"] = CFrame.new(5.8673322200775146e-08, 5.364418029785156e-07, 1.6952981241047382e-09, 0.9660612344741821, 0.2551366090774536, -0.04038764163851738, -0.25542503595352173, 0.9201960563659668, -0.29664286971092224, -0.038520000874996185, 0.2968916893005371, 0.9541341066360474),
            ["LeftLowerLeg"] = CFrame.new(-1.4901161193847656e-08, 0.00012260675430297852, 0.00007750093936920166, 1, 5.215405707303944e-08, 2.2351741790771484e-08, -5.960463766996327e-08, 0.37704259157180786, 0.9261959195137024, 7.4505797087454084e-09, -0.9261959791183472, 0.37704282999038696),
        }},
        {Time = 0.233, Data = {
            ["LeftFoot"] = CFrame.new(-6.705522537231445e-08, -5.960464477539063e-08, 1.955777406692505e-08, 0.948857307434082, -0.31442928314208984, 0.02835948020219803, 0.27505791187286377, 0.7792569398880005, -0.5631181597709656, 0.15496118366718292, 0.5421188473701477, 0.8258897066116333),
            ["LeftLowerArm"] = CFrame.new(2.9802322387695312e-08, 0, 3.334134817123413e-07, 1, -7.078051567077637e-08, 2.2351738238057806e-08, 4.4703494239684005e-08, 0.7120363712310791, -0.7021426558494568, 7.450582373280668e-09, 0.7021426558494568, 0.7120363116264343),
            ["LowerTorso"] = CFrame.new(-0.024525748565793037, -0.3031575679779053, -0.05923471599817276, 0.9866236448287964, -0.1325666457414627, -0.09486797451972961, 0.1304665505886078, 0.9910562634468079, -0.028034962713718414, 0.09773600101470947, 0.015282856300473213, 0.9950950741767883),
            ["Head"] = CFrame.new(-2.0256265997886658e-08, 2.384185791015625e-07, -4.3422915041446686e-08, 0.9988918900489807, 0.0470634400844574, 0.00007690862548770383, -0.04672437906265259, 0.9914970993995667, 0.12145086377859116, 0.005639633629471064, -0.12131986021995544, 0.9925975203514099),
            ["RightUpperArm"] = CFrame.new(-1.7881393432617188e-07, 0, -1.30385160446167e-08, 0.9098028540611267, -0.41299423575401306, -0.04116429388523102, 0.4051094353199005, 0.9052212238311768, -0.12830013036727905, 0.09024999290704727, 0.10005176812410355, 0.9908807277679443),
            ["UpperTorso"] = CFrame.new(-2.8405338525772095e-08, -6.258487701416016e-07, 6.984919309616089e-09, 0.9797807931900024, 0.19575947523117065, 0.04132641851902008, -0.19695499539375305, 0.9800371527671814, 0.027129938825964928, -0.03519046679139137, -0.03472083806991577, 0.9987773895263672),
            ["HumanoidRootPart"] = CFrame.new(0, 0, 0, 1, 0, 0, 0, 1, 0, 0, 0, 1),
            ["RightHand"] = CFrame.new(-1.043081283569336e-07, 2.384185791015625e-07, -3.129243850708008e-07, 0.609000027179718, 0.6216717958450317, 0.4925882816314697, -0.5698655843734741, 0.7749101519584656, -0.27343645691871643, -0.5516993403434753, -0.11418630927801132, 0.8261896967887878),
            ["LeftUpperArm"] = CFrame.new(-1.1920928955078125e-07, 3.5762786865234375e-07, 9.313225746154785e-10, 0.5588781237602234, 0.7319506406784058, 0.38974833488464355, -0.038364510983228683, 0.49232006072998047, -0.8695684671401978, -0.8283618092536926, 0.47103017568588257, 0.3032277822494507),
            ["RightLowerArm"] = CFrame.new(5.364418029785156e-07, 1.7881393432617188e-07, 7.078051567077637e-08, 1, -6.70552182668871e-08, 7.078052277620372e-08, 9.499490261077881e-08, 0.41949933767318726, -0.9077556729316711, 4.470348358154297e-08, 0.9077556729316711, 0.41949936747550964),
            ["LeftHand"] = CFrame.new(-4.470348358154297e-07, -2.384185791015625e-07, -2.0116567611694336e-07, 0.91171795129776, -0.3297980725765228, -0.24495652318000793, 0.39679428935050964, 0.8613880276679993, 0.31711968779563904, 0.10641718655824661, -0.3863210380077362, 0.9162048697471619),
            ["RightUpperLeg"] = CFrame.new(-5.960464477539063e-08, -3.100285539403558e-07, 4.0214217733591795e-08, 0.9867129325866699, -0.1372535079717636, 0.086943618953228, 0.16226206719875336, 0.8597698211669922, -0.48421791195869446, -0.008290834724903107, 0.49189165234565735, 0.8706169128417969),
            ["LeftUpperLeg"] = CFrame.new(2.9802322387695312e-08, -1.1560041457414627e-07, 4.470348358154297e-08, 0.8960440754890442, 0.3396664559841156, -0.28588804602622986, -0.4390343129634857, 0.773632824420929, -0.45688194036483765, 0.06598500907421112, 0.5349008440971375, 0.8423342108726501),
            ["RightLowerLeg"] = CFrame.new(-5.21540641784668e-08, -0.00012254714965820312, -0.00007739493594272062, 1, -8.940696716308594e-08, -2.2351741790771484e-08, 6.705522537231445e-08, 0.6363574266433716, 0.771393895149231, -1.4901161193847656e-08, -0.7713944315910339, 0.6363580226898193),
            ["RightFoot"] = CFrame.new(9.080395102500916e-08, 3.5762786865234375e-07, 1.6952981241047382e-09, 0.9581297636032104, 0.2839537262916565, -0.03684826195240021, -0.27969643473625183, 0.9005869030952454, -0.33273541927337646, -0.06129647418856621, 0.32911014556884766, 0.9423000812530518),
            ["LeftLowerLeg"] = CFrame.new(-2.2351741790771484e-08, 0.0001226663589477539, 0.00007739663124084473, 1, 5.960464477539063e-08, 2.2351738238057806e-08, -1.6391277313232422e-07, 0.38976603746414185, 0.9209138751029968, 8.940696716308594e-08, -0.9209139943122864, 0.38976621627807617),
        }},
        {Time = 0.267, Data = {
            ["LeftFoot"] = CFrame.new(-1.8067657947540283e-07, 0, -2.7008354663848877e-08, 0.9603544473648071, -0.27001020312309265, 0.06938279420137405, 0.2626003324985504, 0.7925907969474792, -0.5503096580505371, 0.0935969278216362, 0.5467123985290527, 0.832072913646698),
            ["LeftLowerArm"] = CFrame.new(-5.364418029785156e-07, 0, -2.60770320892334e-08, 1, -2.980232949312267e-08, 2.980232594040899e-08, 4.842878098543224e-08, 0.7017411589622498, -0.7124320864677429, 0, 0.7124321460723877, 0.7017410397529602),
            ["LowerTorso"] = CFrame.new(-0.0708637684583664, -0.3098795413970947, -0.058990247547626495, 0.9854140281677246, -0.022625606507062912, -0.16866326332092285, 0.017843306064605713, 0.9993961453437805, -0.029816213995218277, 0.16923601925373077, 0.026371803134679794, 0.9852226972579956),
            ["Head"] = CFrame.new(-1.3969838619232178e-08, -8.344650268554688e-07, -4.626053851097822e-08, 0.9982309937477112, 0.05703003704547882, 0.016810767352581024, -0.058721840381622314, 0.9899722933769226, 0.12847839295864105, -0.009315084666013718, -0.1292382925748825, 0.9915698170661926),
            ["RightUpperArm"] = CFrame.new(-5.960464477539063e-08, -1.1920928955078125e-07, -2.421438694000244e-08, 0.9524669647216797, -0.2515966296195984, -0.17177319526672363, 0.21141396462917328, 0.9518670439720154, -0.22193077206611633, 0.21934229135513306, 0.17506647109985352, 0.9598129391670227),
            ["UpperTorso"] = CFrame.new(-3.166496753692627e-08, -1.1920928955078125e-07, -2.7939677238464355e-09, 0.9927723407745361, 0.06772462278604507, 0.09907829761505127, -0.07183817774057388, 0.9966709017753601, 0.038553204387426376, -0.09613749384880066, -0.04539216309785843, 0.994332492351532),
            ["HumanoidRootPart"] = CFrame.new(0, 0, 0, 1, 0, 0, 0, 1, 0, 0, 0, 1),
            ["RightHand"] = CFrame.new(-1.341104507446289e-07, 2.384185791015625e-07, -6.183981895446777e-07, 0.7095768451690674, 0.2942501902580261, 0.6402482390403748, -0.3218449652194977, 0.9436563849449158, -0.07699721306562424, -0.6268307566642761, -0.15142522752285004, 0.7642995715141296),
            ["LeftUpperArm"] = CFrame.new(5.960464477539063e-08, -3.5762786865234375e-07, -1.1175870895385742e-08, 0.5623054504394531, 0.8085334300994873, 0.17345400154590607, -0.11957412958145142, 0.2870526909828186, -0.9504224061965942, -0.8182387948036194, 0.5136871933937073, 0.258091002702713),
            ["RightLowerArm"] = CFrame.new(1.7881393432617188e-07, 2.980232238769531e-07, -2.2351741790771484e-08, 1, -7.450577044210149e-08, 4.842877388000488e-08, 8.940698847936801e-08, 0.3389320373535156, -0.9408109188079834, 3.72529100900465e-08, 0.9408107995986938, 0.3389320373535156),
            ["LeftHand"] = CFrame.new(5.066394805908203e-07, 2.384185791015625e-07, -1.4901161193847656e-08, 0.978273332118988, -0.04415595903992653, 0.2025628536939621, -0.015275255776941776, 0.9590482711791992, 0.2828308343887329, -0.20675618946552277, -0.27978014945983887, 0.9375367164611816),
            ["RightUpperLeg"] = CFrame.new(-2.9802322387695312e-08, -3.894674591720104e-07, 4.300818545743823e-08, 0.9493834972381592, -0.2121751755475998, 0.23163075745105743, 0.3068535029888153, 0.7841222286224365, -0.5394380688667297, -0.06717145442962646, 0.5832101106643677, 0.8095393180847168),
            ["LeftUpperLeg"] = CFrame.new(-1.7881393432617188e-07, -1.3597309589385986e-07, 1.1175870895385742e-08, 0.9556666612625122, 0.24306879937648773, -0.1661897450685501, -0.2922831177711487, 0.8514541983604431, -0.4354262948036194, 0.0356643982231617, 0.4646969735622406, 0.8847513794898987),
