return {
    ["Tunak Tunak Tun"] = {
        {Time = 0.000, Data = {
            ["RightHand"] = CFrame.new(1.1920928955078125e-07, 0, -1.4901161193847656e-07, 0.787907063961029, -0.20085766911506653, -0.5821163654327393, 0.028699450194835663, 0.9562590718269348, -0.29110926389694214, 0.6151249408721924, 0.21266135573387146, 0.7592076063156128),
            ["LeftLowerArm"] = CFrame.new(1.7881393432617188e-07, -1.7881393432617188e-07, -3.2782554626464844e-07, 1, 6.780028343200684e-07, -1.4621755894950184e-07, 9.313218924944522e-07, 0.9108631610870361, -0.4127082824707031, 3.650781934538827e-07, 0.4127085506916046, 0.9108632802963257),
            ["RightUpperArm"] = CFrame.new(-0.03191089630126953, 0.011983752250671387, -0.007703106850385666, 0.46941542625427246, -0.6183950901031494, 0.6302672624588013, 0.33180129528045654, -0.5379449725151062, -0.7749338746070862, 0.8182646036148071, 0.5728899240493774, -0.04733564704656601),
            ["Head"] = CFrame.new(0, 0, 5.587935447692871e-09, 0.962450385093689, -0.03357367590069771, 0.26937368512153625, 0.08218864351511002, 0.9817869663238525, -0.1712871640920639, -0.25871679186820984, 0.18699504435062408, 0.9476805925369263),
            ["RightFoot"] = CFrame.new(-2.9802322387695312e-08, 1.7881393432617188e-07, 8.181814337149262e-09, 0.9448229074478149, 0.32694652676582336, 0.020388398319482803, -0.29132336378097534, 0.8670786023139954, -0.4041103720664978, -0.14980097115039825, 0.3758733570575714, 0.9144829511642456),
            ["UpperTorso"] = CFrame.new(1.1734664440155029e-07, -2.682209014892578e-07, -3.725290298461914e-09, 0.9975447058677673, -0.06740786880254745, -0.018997961655259132, 0.06604771316051483, 0.9957045316696167, -0.0648859515786171, 0.023290295153856277, 0.06347183883190155, 0.9977118372917175),
            ["HumanoidRootPart"] = CFrame.new(0, 0, 0, 1, 0, 0, 0, 1, 0, 0, 0, 1),
            ["RightUpperLeg"] = CFrame.new(5.960464477539063e-08, -2.5704503059387207e-07, 1.7567799659445882e-08, 0.7829890251159668, -0.612248957157135, 0.10990594327449799, 0.4470599591732025, 0.4310307800769806, -0.783804714679718, 0.4325109124183655, 0.6628451347351074, 0.6112043857574463),
            ["LeftUpperArm"] = CFrame.new(-0.018421649932861328, 0.02198207378387451, -0.007318120449781418, 0.8838045597076416, 0.3585396707057953, -0.3005639612674713, -0.459282785654068, 0.5424656867980957, -0.7034130692481995, -0.08915673941373825, 0.759723961353302, 0.644105076789856),
            ["RightLowerArm"] = CFrame.new(5.960464477539063e-08, 5.960464477539063e-08, 3.3527612686157227e-07, 1, -6.33299421792799e-08, 7.338825298575102e-07, -3.8743036157029564e-07, 0.326742559671402, -0.9451135396957397, 3.6507861977952416e-07, 0.945113480091095, 0.32674241065979004),
            ["LeftHand"] = CFrame.new(-2.9802322387695312e-08, -5.960464477539063e-08, 4.470348358154297e-07, 0.8092233538627625, 0.32221952080726624, -0.49125540256500244, -0.33177098631858826, 0.9407208561897278, 0.0705181285738945, 0.48485615849494934, 0.10591918230056763, 0.868156373500824),
            ["LeftFoot"] = CFrame.new(-1.3597309589385986e-07, 0, -4.0457734939991497e-08, 0.9439346790313721, -0.33002349734306335, 0.008474186062812805, 0.26990997791290283, 0.7567081451416016, -0.5954339504241943, 0.19009454548358917, 0.564337968826294, 0.8033595085144043),
            ["LowerTorso"] = CFrame.new(-0.15109145641326904, -0.411190390586853, 0.06661314517259598, 0.9261080026626587, 0.16265860199928284, -0.3403911590576172, -0.1601712703704834, 0.9864470362663269, 0.03560079261660576, 0.34156858921051025, 0.021550705656409264, 0.9396097660064697),
            ["RightLowerLeg"] = CFrame.new(-5.960464477539063e-08, 1.7881393432617188e-07, -4.5482011046260595e-08, 1, -2.0116560506266978e-07, -7.30157353245886e-07, 8.493666996400862e-07, 0.21667711436748505, 0.9762434363365173, -2.533198824039573e-07, -0.9762433767318726, 0.21667714416980743),
            ["LeftUpperLeg"] = CFrame.new(1.1920928955078125e-07, -2.0558945834636688e-07, -7.450580596923828e-09, 0.8676391243934631, 0.31324639916419983, 0.38610735535621643, -0.18151819705963135, 0.9225378632545471, -0.3405514657497406, -0.46287527680397034, 0.22539012134075165, 0.8572897911071777),
            ["LeftLowerLeg"] = CFrame.new(1.1175870895385742e-07, -2.384185791015625e-07, -2.4472598170177662e-08, 1, -2.9057278538857645e-07, -2.682208730675484e-07, 6.109476657911728e-07, 0.5016284584999084, 0.8650830388069153, 8.661300654466686e-08, -0.8650832176208496, 0.5016286373138428),
        }},
        {Time = 0.033, Data = {
            ["RightHand"] = CFrame.new(3.2782554626464844e-07, -1.7881393432617188e-07, 2.2351741790771484e-07, 0.7957226037979126, -0.1987142115831375, -0.5721344947814941, 0.045655954629182816, 0.9616374373435974, -0.27049827575683594, 0.6039378643035889, 0.18911957740783691, 0.774269163608551),
            ["LeftLowerArm"] = CFrame.new(2.682209014892578e-07, -1.1920928955078125e-07, 2.9802322387695312e-08, 1, 2.607702498380604e-08, 5.494799992789012e-08, 3.650783639841393e-07, 0.865315854549408, -0.5012271404266357, 7.450579175838357e-08, 0.5012271404266357, 0.8653157353401184),
            ["RightUpperArm"] = CFrame.new(-0.03323245048522949, 0.011986732482910156, -0.009596675634384155, 0.5248785018920898, -0.648396909236908, 0.5514380931854248, 0.23579347133636475, -0.511737048625946, -0.8261517882347107, 0.8178656101226807, 0.563654899597168, -0.115712009370327),
            ["Head"] = CFrame.new(-1.1175870895385742e-08, -1.1920928955078125e-07, 8.381903171539307e-09, 0.9580981731414795, -0.0413680262863636, 0.283437043428421, 0.09122888743877411, 0.9820574522018433, -0.165046826004982, -0.2715238034725189, 0.18398883938789368, 0.9446814060211182),
            ["RightFoot"] = CFrame.new(1.4901161193847656e-08, 3.5762786865234375e-07, -1.0357689461670816e-07, 0.9503943920135498, 0.31059303879737854, 0.016808146610856056, -0.27557188272476196, 0.8658308386802673, -0.4176082909107208, -0.14425936341285706, 0.39226141571998596, 0.9084716439247131),
            ["UpperTorso"] = CFrame.new(-3.5390257835388184e-08, 2.086162567138672e-07, 1.30385160446167e-08, 0.997934103012085, -0.0528251975774765, -0.036567322909832, 0.04962410777807236, 0.9952706098556519, -0.08350972086191177, 0.04080573469400406, 0.08152253180742264, 0.9958358407020569),
            ["HumanoidRootPart"] = CFrame.new(0, 0, 0, 1, 0, 0, 0, 1, 0, 0, 0, 1),
            ["RightUpperLeg"] = CFrame.new(5.960464477539063e-08, -1.1111842468380928e-07, -2.7135683922097087e-08, 0.797803521156311, -0.5996204018592834, 0.06296775490045547, 0.4009367525577545, 0.4496338665485382, -0.7981725335121155, 0.4502880275249481, 0.662030816078186, 0.5991289615631104),
            ["LeftUpperArm"] = CFrame.new(-0.01968204975128174, 0.02249622344970703, -0.009146928787231445, 0.8949224948883057, 0.3695122003555298, -0.2501489520072937, -0.4292628765106201, 0.5598316788673401, -0.7087466716766357, -0.12184929102659225, 0.7416530847549438, 0.6596239805221558),
            ["RightLowerArm"] = CFrame.new(0, 5.364418029785156e-07, 1.8998980522155762e-07, 1, -1.0430824204377132e-07, 1.8998991890839534e-07, 1.6391277313232422e-07, 0.26215916872024536, -0.9650245308876038, -8.940696716308594e-08, 0.9650247097015381, 0.2621597349643707),
            ["LeftHand"] = CFrame.new(-2.980232238769531e-07, -5.960464477539063e-08, -4.842877388000488e-08, 0.8006481528282166, 0.34106454253196716, -0.49258261919021606, -0.36648818850517273, 0.9292000532150269, 0.0476861372590065, 0.47397157549858093, 0.1423458307981491, 0.8689582943916321),
            ["LeftFoot"] = CFrame.new(1.0989606380462646e-07, 0, 6.38503934169421e-08, 0.9392465353012085, -0.3431292176246643, 0.008851488120853901, 0.278933584690094, 0.7479871511459351, -0.6022553443908691, 0.20003047585487366, 0.568135142326355, 0.7982544302940369),
            ["LowerTorso"] = CFrame.new(-0.12915027141571045, -0.42095768451690674, 0.08129405975341797, 0.9365067481994629, 0.1378737837076187, -0.322406530380249, -0.1297094225883484, 0.9904478192329407, 0.04678266867995262, 0.32577693462371826, -0.0019931220449507236, 0.9454445838928223),
            ["RightLowerLeg"] = CFrame.new(-5.21540641784668e-08, 2.384185791015625e-07, -1.5679688658565283e-08, 1, -2.1606683731079102e-07, -7.078053840814391e-07, 6.10947552104335e-07, 0.20571497082710266, 0.978611946105957, -1.1920927533992653e-07, -0.9786120057106018, 0.20571541786193848),
            ["LeftUpperLeg"] = CFrame.new(2.9802322387695312e-08, 7.066410034894943e-08, 1.4901161193847656e-08, 0.8671446442604065, 0.3635610342025757, 0.3404165506362915, -0.21618661284446716, 0.890497088432312, -0.40034806728363037, -0.4486909806728363, 0.2735660970211029, 0.8507867455482483),
            ["LeftLowerLeg"] = CFrame.new(-7.450580596923828e-08, -5.960464477539063e-08, 4.537659492598323e-08, 1, -2.831221763699432e-07, -2.90572756966867e-07, 6.444751647904923e-07, 0.4575309157371521, 0.8891936540603638, 2.0768490571754228e-07, -0.8891936540603638, 0.4575311541557312),
        }},
        {Time = 0.067, Data = {
            ["RightHand"] = CFrame.new(8.940696716308594e-08, 0, 1.9371509552001953e-07, 0.8214362859725952, -0.1763809770345688, -0.5423399209976196, 0.0658244863152504, 0.9739391207695007, -0.21704792976379395, 0.5664889812469482, 0.14259177446365356, 0.8116388320922852),
            ["LeftLowerArm"] = CFrame.new(2.9802322387695312e-08, 0, 2.086162567138672e-07, 1, -2.046582352477344e-07, 1.8067650842112926e-07, -5.960463766996327e-08, 0.8239884376525879, -0.5666065812110901, 9.685753354915505e-08, 0.5666066408157349, 0.8239884972572327),
            ["RightUpperArm"] = CFrame.new(-0.02996760606765747, 0.013647198677062988, -0.007913891226053238, 0.49390709400177, -0.7029851078987122, 0.5117301940917969, 0.15264293551445007, -0.5092848539352417, -0.8469526171684265, 0.8560116291046143, 0.49642810225486755, -0.14423386752605438),
            ["Head"] = CFrame.new(-5.122274160385132e-09, 1.1920928955078125e-07, 2.7124769985675812e-08, 0.955608069896698, -0.06013539433479309, 0.28843867778778076, 0.11066295951604843, 0.9805323481559753, -0.1622036248445511, -0.2730696499347687, 0.18692244589328766, 0.9436595439910889),
            ["RightFoot"] = CFrame.new(1.4901161193847656e-08, 4.172325134277344e-07, -6.719346856698394e-09, 0.9513883590698242, 0.30756816267967224, 0.01619057171046734, -0.2723732590675354, 0.8647341132164001, -0.421956866979599, -0.1437808871269226, 0.39703497290611267, 0.9064713716506958),
            ["UpperTorso"] = CFrame.new(4.6566128730773926e-08, -1.1920928955078125e-07, 5.587935447692871e-09, 0.9979575872421265, -0.05034531280398369, -0.03931869938969612, 0.04612432047724724, 0.9937415719032288, -0.10173661261796951, 0.044195063412189484, 0.09971543401479721, 0.9940340518951416),
            ["HumanoidRootPart"] = CFrame.new(0, 0, 0, 1, 0, 0, 0, 1, 0, 0, 0, 1),
            ["RightUpperLeg"] = CFrame.new(5.960464477539063e-08, -4.889443516731262e-08, -4.7839421313256025e-09, 0.7973129749298096, -0.6030000448226929, 0.026136836037039757, 0.38271909952163696, 0.4716143310070038, -0.7944216728210449, 0.4667099416255951, 0.6434057950973511, 0.6068040132522583),
            ["LeftUpperArm"] = CFrame.new(-0.016562223434448242, 0.02288997173309326, -0.007553372997790575, 0.9005874395370483, 0.3397877514362335, -0.2710842788219452, -0.4243476092815399, 0.5521315336227417, -0.7176907658576965, -0.09418846666812897, 0.7613771557807922, 0.6414307951927185),
            ["RightLowerArm"] = CFrame.new(5.960464477539063e-08, 1.7881393432617188e-07, -1.8719583749771118e-07, 1, -1.9744048529446445e-07, 0, 2.5331982556053845e-07, 0.36091348528862, -0.9325993657112122, -9.313229298868464e-08, 0.9325993061065674, 0.36091339588165283),
            ["LeftHand"] = CFrame.new(-8.940696716308594e-08, 1.1920928955078125e-07, 2.9802322387695312e-08, 0.7906199097633362, 0.3542678952217102, -0.49941399693489075, -0.39813223481178284, 0.9171040058135986, 0.020282842218875885, 0.4652000069618225, 0.18279677629470825, 0.8661260008811951),
            ["LeftFoot"] = CFrame.new(2.7939677238464355e-08, 1.7881393432617188e-07, 1.5421619536937214e-08, 0.9383288621902466, -0.34559372067451477, 0.010207021608948708, 0.2821771800518036, 0.7484192848205566, -0.600203812122345, 0.19978728890419006, 0.5660685300827026, 0.7997820377349854),
            ["LowerTorso"] = CFrame.new(-0.12076707929372787, -0.4161943197250366, 0.07959940284490585, 0.9442979693412781, 0.12536655366420746, -0.3042772114276886, -0.11516902595758438, 0.9920199513435364, 0.05130928382277489, 0.30828145146369934, -0.013407939113676548, 0.9512007832527161),
            ["RightLowerLeg"] = CFrame.new(0, 5.960464477539063e-08, 7.372727850452065e-08, 1, -1.862644296579674e-07, -7.301568984985352e-07, 7.897619980212767e-07, 0.21836458146572113, 0.9758672714233398, -3.2782574521661445e-07, -0.9758672118186951, 0.21836458146572113),
            ["LeftUpperLeg"] = CFrame.new(5.960464477539063e-08, -7.986091077327728e-08, -7.450580596923828e-09, 0.8718706369400024, 0.37625280022621155, 0.3134896159172058, -0.22925586998462677, 0.8792151808738708, -0.4176388680934906, -0.4327624440193176, 0.2922579050064087, 0.8528200387954712),
            ["LeftLowerLeg"] = CFrame.new(-3.725290298461914e-09, -3.5762786865234375e-07, -6.824475917710515e-08, 1, -2.9802318834981634e-08, -5.960464477539062e-07, 5.178154651730438e-07, 0.45283520221710205, 0.8915943503379822, -8.195640788244418e-08, -0.8915942311286926, 0.45283499360084534),
        }},
        {Time = 0.100, Data = {
            ["RightHand"] = CFrame.new(1.043081283569336e-07, 3.5762786865234375e-07, -1.2665987014770508e-07, 0.855897843837738, -0.15296277403831482, -0.49400535225868225, 0.08495030552148819, 0.9838649034500122, -0.15745902061462402, 0.5101199746131897, 0.09280245751142502, 0.8550820350646973),
            ["LeftLowerArm"] = CFrame.new(2.980232238769531e-07, 2.384185791015625e-07, 4.470348358154297e-07, 1, -1.8626458597736928e-07, 8.940698137394065e-08, 7.823100389714455e-08, 0.7989133596420288, -0.6014457941055298, 2.2351715145418893e-08, 0.6014462113380432, 0.7989136576652527),
            ["RightUpperArm"] = CFrame.new(-0.020554423332214355, 0.016614317893981934, -0.004415083676576614, 0.3840946555137634, -0.7514135241508484, 0.5365157127380371, 0.14054961502552032, -0.5267320275306702, -0.8383311629295349, 0.9125334024429321, 0.39740535616874695, -0.09670419245958328),
            ["Head"] = CFrame.new(-7.450580596923828e-09, 2.384185791015625e-07, -2.9336661100387573e-08, 0.9582240581512451, -0.08845555037260056, 0.27199697494506836, 0.13658367097377777, 0.9770549535751343, -0.16342739760875702, -0.25130003690719604, 0.19375041127204895, 0.9483191967010498),
            ["RightFoot"] = CFrame.new(-5.21540641784668e-08, 2.980232238769531e-07, -1.3337921700440347e-07, 0.9454006552696228, 0.32517769932746887, 0.021843306720256805, -0.28839758038520813, 0.8659204244613647, -0.40866684913635254, -0.15180400013923645, 0.3800545334815979, 0.912422239780426),
            ["UpperTorso"] = CFrame.new(-3.725290298461914e-09, -8.940696716308594e-08, -2.421438694000244e-08, 0.9973982572555542, -0.07144833356142044, -0.009590936824679375, 0.06995262205600739, 0.9913846254348755, -0.11073960363864899, 0.0174206905066967, 0.10978049039840698, 0.9938032031059265),
            ["HumanoidRootPart"] = CFrame.new(0, 0, 0, 1, 0, 0, 0, 1, 0, 0, 0, 1),
            ["RightUpperLeg"] = CFrame.new(-8.940696716308594e-08, -1.096632331609726e-07, 2.6666384655982256e-09, 0.7737118005752563, -0.6331530213356018, 0.02208569459617138, 0.4124678671360016, 0.4769618809223175, -0.7761300802230835, 0.48087459802627563, 0.609610378742218, 0.6301860213279724),
            ["LeftUpperArm"] = CFrame.new(-0.0074634552001953125, 0.022181034088134766, -0.004241678863763809, 0.8896051049232483, 0.27304741740226746, -0.3661257326602936, -0.4567054212093353, 0.5233717560768127, -0.7193765640258789, -0.004804034251719713, 0.8071722984313965, 0.5902960300445557),
            ["RightLowerArm"] = CFrame.new(0, 2.384185791015625e-07, 1.0663643479347229e-07, 1, 6.635675475763492e-08, -1.806766505296764e-07, 4.898756742477417e-07, 0.532924234867096, -0.8461627960205078, 6.05359673500061e-08, 0.8461629152297974, 0.532924473285675),
            ["LeftHand"] = CFrame.new(-2.682209014892578e-07, -5.960464477539063e-08, 4.172325134277344e-07, 0.7835416197776794, 0.373760461807251, -0.49635159969329834, -0.4222906827926636, 0.9063224196434021, 0.015845971181988716, 0.4557775557041168, 0.19718779623508453, 0.86797696352005),
            ["LeftFoot"] = CFrame.new(9.872019290924072e-08, 0, 4.522394192463253e-08, 0.9442195296287537, -0.3290995955467224, 0.011967677623033524, 0.2730063796043396, 0.761925458908081, -0.5873131155967712, 0.1841663122177124, 0.5578199625015259, 0.8092713356018066),
            ["LowerTorso"] = CFrame.new(-0.13801103830337524, -0.39593279361724854, 0.059854451566934586, 0.9474248290061951, 0.13991791009902954, -0.28776583075523376, -0.13166359066963196, 0.9901344776153564, 0.04794242978096008, 0.29163485765457153, -0.007533564697951078, 0.9565000534057617),
            ["RightLowerLeg"] = CFrame.new(1.4156103134155273e-07, 2.384185791015625e-07, -2.2429594537243247e-07, 1, -3.7997961044311523e-07, -5.811452865600586e-07, 9.387733825860778e-07, 0.24997471272945404, 0.9682523012161255, 4.4703494239684005e-08, -0.968252420425415, 0.2499750405550003),
            ["LeftUpperLeg"] = CFrame.new(1.4901161193847656e-07, -1.885928213596344e-08, -3.725290298461914e-08, 0.88674396276474, 0.3315574526786804, 0.3221100866794586, -0.19878758490085602, 0.9026023149490356, -0.3818279206752777, -0.4173352122306824, 0.27455219626426697, 0.8662866353988647),
            ["LeftLowerLeg"] = CFrame.new(-1.2293457984924316e-07, -1.1920928955078125e-07, 6.074341740713862e-08, 1, -9.685754776000977e-08, -4.842878524868865e-07, 5.699694725080917e-07, 0.4977092444896698, 0.8673437833786011, -1.0943041672817344e-07, -0.8673439621925354, 0.49770960211753845),
        }},
        {Time = 0.133, Data = {
            ["RightHand"] = CFrame.new(4.0978193283081055e-08, -3.5762786865234375e-07, -4.0978193283081055e-08, 0.8935549855232239, -0.12805572152137756, -0.4303036332130432, 0.09170001745223999, 0.990310549736023, -0.10428877919912338, 0.43948906660079956, 0.05372888594865799, 0.8966396450996399),
            ["LeftLowerArm"] = CFrame.new(2.384185791015625e-07, -5.960464477539063e-08, 8.940696716308594e-08, 1, 3.3155095024994807e-07, -1.7136329688582919e-07, 6.277111310737382e-07, 0.828355073928833, -0.5602031350135803, 1.4901154088420299e-07, 0.5602033734321594, 0.8283552527427673),
            ["RightUpperArm"] = CFrame.new(-0.009810209274291992, 0.019066929817199707, 0.0006491020321846008, 0.22558818757534027, -0.7679405212402344, 0.5994811654090881, 0.23359964787960052, -0.5547531843185425, -0.7985485792160034, 0.945801854133606, 0.320181667804718, 0.05424496531486511),
            ["Head"] = CFrame.new(-1.1175870895385742e-08, 0, -3.259629011154175e-08, 0.9630351662635803, -0.11861461400985718, 0.24185499548912048, 0.1602563112974167, 0.973945677280426, -0.1604613959789276, -0.2165205329656601, 0.19328878819942474, 0.9569526314735413),
            ["RightFoot"] = CFrame.new(1.4901161193847656e-08, 2.980232238769531e-07, -5.142283043824136e-08, 0.9367024302482605, 0.3489108681678772, 0.02915446273982525, -0.3129062354564667, 0.8715788125991821, -0.3774119019508362, -0.15709348022937775, 0.344400554895401, 0.925586462020874),
            ["UpperTorso"] = CFrame.new(-4.284083843231201e-08, 5.960464477539063e-08, 2.0489096641540527e-08, 0.9939637780189514, -0.10080382227897644, 0.04329754039645195, 0.10496623814105988, 0.988585889339447, -0.10807477682828903, -0.03190889209508896, 0.1119672879576683, 0.9931994676589966),
            ["HumanoidRootPart"] = CFrame.new(0, 0, 0, 1, 0, 0, 0, 1, 0, 0, 0, 1),
            ["RightUpperLeg"] = CFrame.new(-8.940696716308594e-08, 1.6938429325819016e-07, 2.1293089957907796e-08, 0.742997944355011, -0.6688699126243591, 0.02381507307291031, 0.4626399874687195, 0.48754894733428955, -0.7404459714889526, 0.48365122079849243, 0.5611675381660461, 0.6716938614845276),
            ["LeftUpperArm"] = CFrame.new(0.003112614154815674, 0.020397305488586426, 0.0006754323840141296, 0.8538088202476501, 0.18510448932647705, -0.4865665137767792, -0.5094419121742249, 0.48945099115371704, -0.7077476978302002, 0.10714291036128998, 0.8521585464477539, 0.5121975541114807),
            ["RightLowerArm"] = CFrame.new(1.1920928955078125e-07, 2.384185791015625e-07, -6.407499313354492e-07, 1, -1.2363312862362363e-07, 1.4901164746561335e-08, 1.5832483768463135e-07, 0.6982629895210266, -0.7158412933349609, 4.0046870708465576e-08, 0.7158414721488953, 0.6982631087303162),
            ["LeftHand"] = CFrame.new(1.4901161193847656e-07, -5.960464477539063e-08, -5.960464477539063e-08, 0.7790302038192749, 0.39326217770576477, -0.48831993341445923, -0.43567776679992676, 0.8996212482452393, 0.029450859874486923, 0.4508846402168274, 0.18980687856674194, 0.872167706489563),
            ["LeftFoot"] = CFrame.new(8.195638656616211e-08, 0, -4.977096068614628e-08, 0.95206218957901, -0.3058186173439026, 0.007249278947710991, 0.26013025641441345, 0.7969026565551758, -0.545232355594635, 0.1609654277563095, 0.5209810137748718, 0.8382536172866821),
            ["LowerTorso"] = CFrame.new(-0.1655210554599762, -0.35760676860809326, 0.028595099225640297, 0.9460301995277405, 0.16471855342388153, -0.2790965139865875, -0.16119630634784698, 0.9862767457962036, 0.035692114382982254, 0.2811455726623535, 0.01122350711375475, 0.959599494934082),
            ["RightLowerLeg"] = CFrame.new(1.4156103134155273e-07, 2.384185791015625e-07, 3.6474375519901514e-08, 1, -1.415610029198433e-07, -7.003548034845153e-07, 5.811452865600586e-07, 0.31163671612739563, 0.9502013921737671, -3.129243850708008e-07, -0.9502013325691223, 0.3116368353366852),
            ["LeftUpperLeg"] = CFrame.new(-1.7881393432617188e-07, 1.1548399925231934e-07, 0, 0.9005113244056702, 0.2584446966648102, 0.3496936559677124, -0.15278108417987823, 0.9409825205802917, -0.3020095229148865, -0.4071085453033447, 0.2185366451740265, 0.8868509531021118),
            ["LeftLowerLeg"] = CFrame.new(-1.2665987014770508e-07, 0, -4.403037223710271e-08, 1, -2.980232238769531e-07, -4.4703489265884855e-07, 5.215404712544114e-07, 0.5819310545921326, 0.8132381439208984, 8.568164844291459e-08, -0.8132381439208984, 0.5819310545921326),
        }},
        {Time = 0.167, Data = {
            ["RightHand"] = CFrame.new(1.4901161193847656e-07, 1.7881393432617188e-07, 2.9802322387695312e-08, 0.9288947582244873, -0.09890861809253693, -0.35689109563827515, 0.08040127903223038, 0.9945509433746338, -0.0663643553853035, 0.3615110218524933, 0.032950032502412796, 0.9317857027053833),
            ["LeftLowerArm"] = CFrame.new(-2.384185791015625e-07, -2.980232238769531e-07, -1.4901161193847656e-08, 1, 4.5076018295731046e-07, -7.450578820566989e-09, 7.301563869077654e-07, 0.8915843963623047, -0.4528542757034302, 8.195632972274325e-08, 0.45285460352897644, 0.8915845155715942),
            ["RightUpperArm"] = CFrame.new(-0.002886533737182617, 0.019657254219055176, 0.006240710616111755, 0.07671845704317093, -0.7414847612380981, 0.6665697693824768, 0.39063966274261475, -0.5927387475967407, -0.7043161392211914, 0.9173412322998047, 0.314422070980072, 0.24417921900749207),
            ["Head"] = CFrame.new(1.1175870895385742e-08, -1.1920928955078125e-07, 2.60770320892334e-08, 0.9626404643058777, -0.13141469657421112, 0.23675653338432312, 0.17128241062164307, 0.9727110266685486, -0.15651056170463562, -0.20972760021686554, 0.19121554493904114, 0.9588799476623535),
            ["RightFoot"] = CFrame.new(0, 3.5762786865234375e-07, -2.162050805054605e-08, 0.9280509352684021, 0.37067875266075134, 0.03631081059575081, -0.33689865469932556, 0.8770291209220886, -0.34251922369003296, -0.15881063044071198, 0.30564266443252563, 0.9388089776039124),
            ["UpperTorso"] = CFrame.new(6.51925802230835e-09, 1.7881393432617188e-07, 1.30385160446167e-08, 0.9890851974487305, -0.1283370703458786, 0.07238859683275223, 0.13493624329566956, 0.9862752556800842, -0.09514967352151871, -0.059184037148952484, 0.10387907922267914, 0.9928274750709534),
            ["HumanoidRootPart"] = CFrame.new(0, 0, 0, 1, 0, 0, 0, 1, 0, 0, 0, 1),
            ["RightUpperLeg"] = CFrame.new(5.960464477539063e-08, -6.05359673500061e-09, 6.39192876406014e-09, 0.7128888964653015, -0.7006242871284485, 0.03024769201874733, 0.515021800994873, 0.4937881529331207, -0.700661301612854, 0.475964218378067, 0.51507169008255, 0.7128525972366333),
            ["LeftUpperArm"] = CFrame.new(0.010037839412689209, 0.01823270320892334, 0.006230916827917099, 0.8011597394943237, 0.12373828887939453, -0.5855186581611633, -0.5702580809593201, 0.4546070992946625, -0.6842064261436462, 0.18151803314685822, 0.8820552229881287, 0.4347754120826721),
            ["RightLowerArm"] = CFrame.new(0, -5.960464477539063e-08, -5.960464477539063e-08, 1, 9.313231430496671e-08, -2.3096826851087826e-07, 5.438922698886017e-07, 0.8293921947479248, -0.5586665272712708, -6.705521116145974e-08, 0.5586668252944946, 0.8293924331665039),
            ["LeftHand"] = CFrame.new(-1.4901161193847656e-07, 0, -2.086162567138672e-07, 0.7796791791915894, 0.4102329611778259, -0.4730841815471649, -0.43644002079963684, 0.8977826237678528, 0.05922270938754082, 0.44902172684669495, 0.16029787063598633, 0.8790245056152344),
            ["LeftFoot"] = CFrame.new(1.695007085800171e-07, -5.960464477539063e-08, -4.788466867466923e-08, 0.9585025906562805, -0.2850817143917084, 0.0010767972562462091, 0.24820981919765472, 0.8326618075370789, -0.4950416088104248, 0.14023084938526154, 0.47476595640182495, 0.8688686490058899),
            ["LowerTorso"] = CFrame.new(-0.19261404871940613, -0.32072556018829346, -0.0016927639953792095, 0.9413965344429016, 0.1903076022863388, -0.27848830819129944, -0.19303275644779205, 0.9810295701026917, 0.017871662974357605, 0.27660641074180603, 0.036933038383722305, 0.9602733254432678),
            ["RightLowerLeg"] = CFrame.new(-2.9802322387695312e-08, 5.960464477539063e-08, 2.1573214326053858e-08, 1, -5.159528200238128e-07, -6.25848997515277e-07, 7.152555667744309e-07, 0.37173178791999817, 0.9283400177955627, 0, -0.9283402562141418, 0.3717324137687683),
            ["LeftUpperLeg"] = CFrame.new(5.960464477539063e-08, 7.729977369308472e-08, 0, 0.9080535173416138, 0.1813168078660965, 0.3775748312473297, -0.10941976308822632, 0.9728330969810486, -0.20401760935783386, -0.40430948138237, 0.14394478499889374, 0.9032242894172668),
            ["LeftLowerLeg"] = CFrame.new(-7.450580596923828e-08, -1.7881393432617188e-07, 2.6750143433673657e-08, 1, -4.0978213178277656e-07, -3.1292447033592907e-07, 6.14672842402797e-07, 0.6712791919708252, 0.7412044405937195, 1.4156101713069802e-07, -0.7412046194076538, 0.6712793707847595),
        }},
        {Time = 0.200, Data = {
            ["RightHand"] = CFrame.new(8.940696716308594e-08, -5.960464477539063e-08, 7.450580596923828e-08, 0.9586567878723145, -0.06554416567087173, -0.27691414952278137, 0.05610351264476776, 0.9975459575653076, -0.04188775271177292, 0.2789798676967621, 0.024620208889245987, 0.9599812626838684),
            ["LeftLowerArm"] = CFrame.new(-8.940696716308594e-08, 2.384185791015625e-07, 2.384185791015625e-07, 1, 2.2351748896198842e-08, -1.5273678855010075e-07, 2.1234157543403853e-07, 0.9421848058700562, -0.33509355783462524, -2.79396800806353e-07, 0.3350938856601715, 0.9421849250793457),
            ["RightUpperArm"] = CFrame.new(0.001302957534790039, 0.019881010055541992, 0.011445999145507812, -0.06072775274515152, -0.6836326122283936, 0.7272953391075134, 0.5531230568885803, -0.6295825242996216, -0.5456013083457947, 0.8308833241462708, 0.3691507875919342, 0.41636621952056885),
            ["Head"] = CFrame.new(1.1175870895385742e-08, -3.5762786865234375e-07, 1.862645149230957e-09, 0.9598238468170166, -0.1276034414768219, 0.24991092085838318, 0.16981497406959534, 0.9731606245040894, -0.15531040728092194, -0.22338557243347168, 0.19150935113430023, 0.9557318687438965),
            ["RightFoot"] = CFrame.new(5.960464477539063e-08, 4.172325134277344e-07, 8.268762030638754e-08, 0.9213417768478394, 0.3863750994205475, 0.04293692484498024, -0.3547971546649933, 0.8808647394180298, -0.3133631646633148, -0.15889717638492584, 0.27348077297210693, 0.948662281036377),
            ["UpperTorso"] = CFrame.new(-2.2264430299401283e-09, -5.364418029785156e-07, -1.1117663234472275e-08, 0.9858666062355042, -0.14228881895542145, 0.0884370356798172, 0.148891881108284, 0.986143171787262, -0.07316365838050842, -0.07680106908082962, 0.08529718965291977, 0.993391215801239),
            ["HumanoidRootPart"] = CFrame.new(0, 0, 0, 1, 0, 0, 0, 1, 0, 0, 0, 1),
            ["RightUpperLeg"] = CFrame.new(-2.9802322387695312e-08, -2.547167241573334e-07, -1.7007550923153758e-08, 0.6936252117156982, -0.7188501954078674, 0.046247776597738266, 0.5566219091415405, 0.49412351846694946, -0.6678429245948792, 0.45722663402557373, 0.4889748692512512, 0.7428640723228455),
            ["LeftUpperArm"] = CFrame.new(0.014270901679992676, 0.016779422760009766, 0.011461563408374786, 0.7452107071876526, 0.08813636004924774, -0.6609785556793213, -0.6284680962562561, 0.4241809546947479, -0.651995837688446, 0.22291027009487152, 0.9012782573699951, 0.37149539589881897),
            ["RightLowerArm"] = CFrame.new(1.1920928955078125e-07, 1.1920928955078125e-07, -1.4901161193847656e-07, 1, -2.3841872121010965e-07, 1.3411047916633834e-07, 5.960467319710006e-08, 0.9152688980102539, -0.40284356474876404, 2.980233659855003e-07, 0.4028436541557312, 0.9152689576148987),
            ["LeftHand"] = CFrame.new(-1.1920928955078125e-07, -5.960464477539063e-08, 7.644625506630354e-20, 0.7878249883651733, 0.4098818898200989, -0.4597043991088867, -0.41377976536750793, 0.905099630355835, 0.09788520634174347, 0.4561995267868042, 0.11310029774904251, 0.8826609253883362),
            ["LeftFoot"] = CFrame.new(7.450580596923828e-09, 1.1920928955078125e-07, 9.737800610309932e-08, 0.9619360566139221, -0.27324119210243225, -0.004317622631788254, 0.24126525223255157, 0.8565739393234253, -0.45614951848983765, 0.1283368170261383, 0.43774473667144775, 0.8898927569389343),
            ["LowerTorso"] = CFrame.new(-0.21175706386566162, -0.2977687120437622, -0.0261059682816267, 0.9342885613441467, 0.20766951143741608, -0.2897900342941284, -0.21710392832756042, 0.9761484265327454, -0.0004191106418147683, 0.28279104828834534, 0.06330612301826477, 0.9570901393890381),
            ["RightLowerLeg"] = CFrame.new(-5.960464477539063e-08, -5.960464477539063e-08, 1.2588134268298745e-07, 1, -3.6833807826042175e-07, -5.215406986280868e-07, 7.897615432739258e-07, 0.4087257385253906, 0.9126571416854858, -4.470348358154297e-08, -0.9126572608947754, 0.40872621536254883),
            ["LeftUpperLeg"] = CFrame.new(0, -1.4435499906539917e-07, 6.2282197177410126e-09, 0.9072879552841187, 0.12350304424762726, 0.40196487307548523, -0.0835154727101326, 0.989778459072113, -0.11560238897800446, -0.41213327646255493, 0.0713142678141594, 0.9083283543586731),
            ["LeftLowerLeg"] = CFrame.new(4.470348358154297e-08, -1.7881393432617188e-07, 3.4200724030597485e-08, 1, -3.2782557468635787e-07, -2.8312203426139604e-07, 6.314369329629699e-07, 0.73593670129776, 0.6770503520965576, 4.4703497792397684e-08, -0.6770502924919128, 0.73593670129776),
        }},
        {Time = 0.233, Data = {
            ["RightHand"] = CFrame.new(2.9802322387695312e-08, 1.7881393432617188e-07, 1.4901161193847656e-08, 0.9767162203788757, -0.02762768603861332, -0.21274931728839874, 0.020441869273781776, 0.9991462826728821, -0.035902004688978195, 0.21355940401554108, 0.030716802924871445, 0.9764470458030701),
            ["LeftLowerArm"] = CFrame.new(6.556510925292969e-07, -2.384185791015625e-07, 3.129243850708008e-07, 1, 3.6507861977952416e-07, -3.352760558072987e-08, 4.805622779713303e-07, 0.968344509601593, -0.2496175318956375, 1.4156097449813387e-07, 0.2496180236339569, 0.968344509601593),
            ["RightUpperArm"] = CFrame.new(0.004302382469177246, 0.020238757133483887, 0.013539433479309082, -0.1787647306919098, -0.589668869972229, 0.7876129746437073, 0.6693577170372009, -0.6595943570137024, -0.3418997824192047, 0.7211126685142517, 0.4660751223564148, 0.5126113891601562),
            ["Head"] = CFrame.new(-9.313225746154785e-09, 3.5762786865234375e-07, -5.122274160385132e-09, 0.9516149163246155, -0.11942500621080399, 0.28313764929771423, 0.16693969070911407, 0.974482536315918, -0.15004992485046387, -0.25799280405044556, 0.19005665183067322, 0.9472687840461731),
            ["RightFoot"] = CFrame.new(-8.195638656616211e-08, 2.980232238769531e-07, 7.523703970946372e-08, 0.916795015335083, 0.3963908553123474, 0.04859350994229317, -0.36656689643859863, 0.8835505247116089, -0.29149070382118225, -0.15847910940647125, 0.2494252771139145, 0.955338716506958),
            ["UpperTorso"] = CFrame.new(1.7229467630386353e-08, 2.9802322387695312e-08, 2.3748725652694702e-08, 0.986109733581543, -0.1425417959690094, 0.08526112139225006, 0.14729706943035126, 0.9877071380615234, -0.052327707409858704, -0.07675420492887497, 0.06415960937738419, 0.9949836730957031),
            ["HumanoidRootPart"] = CFrame.new(0, 0, 0, 1, 0, 0, 0, 1, 0, 0, 0, 1),
            ["RightUpperLeg"] = CFrame.new(-5.960464477539063e-08, 1.955777406692505e-08, -6.6465872805565596e-09, 0.6844401359558105, -0.7248508334159851, 0.07831224054098129, 0.5874960422515869, 0.4847354292869568, -0.6479816436767578, 0.43172934651374817, 0.4895128309726715, 0.757619321346283),
            ["LeftUpperArm"] = CFrame.new(0.017321467399597168, 0.015932559967041016, 0.013581648468971252, 0.7150692939758301, 0.097476065158844, -0.6922243237495422, -0.6631911396980286, 0.4076874256134033, -0.627669095993042, 0.22102811932563782, 0.9079039096832275, 0.3561699092388153),
            ["RightLowerArm"] = CFrame.new(-1.4901161193847656e-07, -2.384185791015625e-07, 2.9802322387695312e-08, 1, -2.0861632776814076e-07, 1.3411050758804777e-07, 1.6391278734317893e-07, 0.9532925486564636, -0.30204835534095764, 5.960465188081798e-08, 0.3020486831665039, 0.953292727470398),
            ["LeftHand"] = CFrame.new(0, -1.1920928955078125e-07, -1.6391277313232422e-07, 0.79730224609375, 0.3853197395801544, -0.46458306908607483, -0.36603590846061707, 0.9206930994987488, 0.13543468713760376, 0.4799238443374634, 0.06207163631916046, 0.87511146068573),
            ["LeftFoot"] = CFrame.new(1.1175870895385742e-08, 0, -2.4625251171528362e-08, 0.9633994102478027, -0.2679613530635834, -0.007638264447450638, 0.2382756471633911, 0.8690305352210999, -0.43360209465026855, 0.12282668054103851, 0.41591209173202515, 0.9010721445083618),
            ["LowerTorso"] = CFrame.new(-0.22483870387077332, -0.2875422239303589, -0.04210991784930229, 0.9240910410881042, 0.22059139609336853, -0.3120822310447693, -0.23638823628425598, 0.9715688228607178, -0.013216041959822178, 0.30029407143592834, 0.08598538488149643, 0.9499632120132446),
            ["RightLowerLeg"] = CFrame.new(1.4901161193847656e-08, -5.960464477539063e-08, -2.313026925548911e-08, 1, -2.1513544368190196e-07, -8.642677471470961e-07, 6.407502155525435e-07, 0.42198964953422546, 0.9066004753112793, -2.831222047916526e-07, -0.9066006541252136, 0.4219900667667389),
            ["LeftUpperLeg"] = CFrame.new(1.4901161193847656e-07, 8.195638656616211e-08, 1.6763806343078613e-08, 0.8998380303382874, 0.08041837066411972, 0.4287472367286682, -0.06820809841156006, 0.996709406375885, -0.0437961108982563, -0.4308587610721588, 0.010165350511670113, 0.9023622870445251),
            ["LeftLowerLeg"] = CFrame.new(-1.1548399925231934e-07, -1.7881393432617188e-07, -4.0305081938640797e-08, 1, -5.06639594277658e-07, -3.0547388973900524e-07, 5.941835752309998e-07, 0.7791625261306763, 0.6268219351768494, 1.3783569841052667e-07, -0.6268219351768494, 0.779162585735321),
        }},
        {Time = 0.267, Data = {
            ["RightHand"] = CFrame.new(2.8312206268310547e-07, -2.384185791015625e-07, 1.4901161193847656e-08, 0.9825262427330017, 0.012271660380065441, -0.18571890890598297, -0.02596137672662735, 0.9971057772636414, -0.07145855575799942, 0.18430452048778534, 0.07503067702054977, 0.9800011515617371),
            ["LeftLowerArm"] = CFrame.new(-1.1920928955078125e-07, -2.384185791015625e-07, -2.9802322387695312e-08, 1, 5.960467319710006e-08, -9.685754776000977e-08, 1.6763796395480313e-07, 0.9790031909942627, -0.20384475588798523, 1.1175863789958385e-08, 0.20384538173675537, 0.9790032505989075),
            ["RightUpperArm"] = CFrame.new(0.001917719841003418, 0.02022421360015869, 0.011422678828239441, -0.24955761432647705, -0.4871285855770111, 0.836915135383606, 0.6806858777999878, -0.7029606103897095, -0.206187903881073, 0.6887581944465637, 0.5182201862335205, 0.5070104002952576),
            ["Head"] = CFrame.new(-1.30385160446167e-08, 1.1920928955078125e-07, -1.862645149230957e-09, 0.9363552331924438, -0.11697090417146683, 0.33099400997161865, 0.1723019927740097, 0.9746078848838806, -0.14300896227359772, -0.3058612644672394, 0.19093792140483856, 0.9327333569526672),
            ["RightFoot"] = CFrame.new(2.9802322387695312e-08, 4.172325134277344e-07, -2.162050805054605e-08, 0.9150078296661377, 0.4008808732032776, 0.04533780366182327, -0.3710137605667114, 0.8802820444107056, -0.29572203755378723, -0.15845966339111328, 0.2537679374217987, 0.9541976451873779),
            ["UpperTorso"] = CFrame.new(-3.236345946788788e-08, -8.940696716308594e-08, 1.30385160446167e-08, 0.9906836748123169, -0.12535887956619263, 0.053208351135253906, 0.12735851109027863, 0.9912030100822449, -0.036006178706884384, -0.04822659119963646, 0.04244731739163399, 0.9979340434074402),
            ["HumanoidRootPart"] = CFrame.new(0, 0, 0, 1, 0, 0, 0, 1, 0, 0, 0, 1),
            ["RightUpperLeg"] = CFrame.new(1.1920928955078125e-07, -1.3224780559539795e-07, 3.246896085329354e-08, 0.6835817694664001, -0.720421314239502, 0.11708451807498932, 0.6049540042877197, 0.46949803829193115, -0.6431191563606262, 0.4083462357521057, 0.5104554295539856, 0.7567622065544128),
            ["LeftUpperArm"] = CFrame.new(0.014894843101501465, 0.0168759822845459, 0.011439234018325806, 0.7283515930175781, 0.16042378544807434, -0.6661593914031982, -0.6612831354141235, 0.4192114770412445, -0.6220662593841553, 0.17946729063987732, 0.8936028480529785, 0.41141870617866516),
            ["RightLowerArm"] = CFrame.new(-1.4901161193847656e-07, 3.5762786865234375e-07, -2.980232238769531e-07, 1, 8.940700979565008e-08, 1.3411056443146663e-07, 1.7881389169360773e-07, 0.9206905961036682, -0.39029285311698914, 4.470347292340193e-08, 0.3902933895587921, 0.9206908345222473),
            ["LeftHand"] = CFrame.new(-2.384185791015625e-07, 5.960464477539063e-08, 7.450580596923828e-08, 0.8081956505775452, 0.35191527009010315, -0.4722024202346802, -0.3146762251853943, 0.9358136653900146, 0.15884585678577423, 0.4977938234806061, 0.020212242379784584, 0.8670599460601807),
            ["LeftFoot"] = CFrame.new(-7.450580596923828e-09, -5.960464477539063e-08, -2.3693928596912883e-08, 0.9636110067367554, -0.2672578692436218, -0.005200780462473631, 0.2379051148891449, 0.866324782371521, -0.43918395042419434, 0.121880903840065, 0.42196527123451233, 0.8983821868896484),
            ["LowerTorso"] = CFrame.new(-0.23286119103431702, -0.2912060022354126, -0.045350246131420135, 0.912752091884613, 0.2299342006444931, -0.33765965700149536, -0.25044193863868713, 0.9679673314094543, -0.017836138606071472, 0.32274237275123596, 0.10084409266710281, 0.9410992860794067),
