return {
["twerk sequence2"] = {

          {Time = 0.000, Data = {

              ["Head"] = CFrame.new(0.000000, 0.000000, 0.000000, 1.000000, 0.000000, 0.000000, 0.000000, 1.000000, -0.000000, 0.000000, 0.000000, 1.000000),

              ["LeftFoot"] = CFrame.new(-0.000000, -0.048511, -0.000003, 0.947491, -0.319727, 0.005920, 0.319735, 0.947507, -0.000343, -0.005495, 0.002227, 0.999982),

              ["LeftHand"] = CFrame.new(0.000524, -0.036282, -0.000000, 0.996129, 0.075485, -0.045049, -0.078060, 0.995235, -0.058428, 0.040423, 0.061718, 0.997275),

              ["LeftLowerArm"] = CFrame.new(-0.000499, -0.036438, 0.000198, 1.000000, -0.000000, -0.000000, 0.000000, 1.000000, -0.000001, 0.000000, -0.000000, 1.000000),

              ["LeftLowerLeg"] = CFrame.new(0.000000, -0.047942, -0.000534, 1.000000, -0.000000, 0.000000, 0.000000, 1.000000, -0.000008, 0.000000, -0.000011, 1.000000),

              ["LeftUpperArm"] = CFrame.new(-0.021127, 0.061525, 0.454674, 0.415048, -0.053200, -0.908243, 0.028668, 0.998558, -0.045389, 0.909348, -0.007199, 0.415974),

              ["LeftUpperLeg"] = CFrame.new(-0.000000, -0.000000, -0.000100, 0.947491, 0.319735, -0.005497, -0.319727, 0.947507, 0.002225, 0.005919, -0.000343, 0.999982),

              ["LowerTorso"] = CFrame.new(0.000000, 0.000000, 0.000000, 1.000000, 0.000000, -0.000000, 0.000000, 1.000000, 0.000000, 0.000000, 0.000000, 1.000000),

              ["RightFoot"] = CFrame.new(-0.000000, -0.042804, -0.000103, 0.953195, 0.302353, 0.001473, -0.302353, 0.953196, -0.000305, -0.001500, -0.000144, 0.999999),

              ["RightHand"] = CFrame.new(-0.000519, -0.029369, -0.000000, 0.994450, -0.090425, 0.053778, 0.096874, 0.986397, -0.132805, -0.041037, 0.137277, 0.989682),

              ["RightLowerArm"] = CFrame.new(-0.000001, -0.029332, 0.000160, 1.000000, 0.000000, 0.000000, -0.000000, 1.000000, -0.000001, -0.000000, -0.000000, 1.000000),

              ["RightLowerLeg"] = CFrame.new(0.000000, -0.042654, -0.000562, 1.000000, -0.000000, 0.000000, -0.000000, 1.000000, -0.000007, -0.000000, -0.000011, 1.000000),

              ["RightUpperArm"] = CFrame.new(-0.017454, 0.036900, 0.453430, 0.421422, 0.007902, 0.906830, -0.003014, 0.999969, -0.007312, -0.906860, 0.000349, 0.421433),

              ["RightUpperLeg"] = CFrame.new(0.000000, -0.000000, -0.000000, 0.953195, -0.302353, -0.001498, 0.302353, 0.953196, -0.000147, 0.001474, -0.000305, 0.999999),

              ["UpperTorso"] = CFrame.new(0.000000, 0.000000, 0.000000, 1.000000, 0.000000, 0.000000, 0.000000, 1.000000, 0.000000, -0.000000, 0.000000, 1.000000)

          }},

          {Time = 0.033, Data = {

              ["Head"] = CFrame.new(0.000000, 0.000000, -0.000000, 1.000000, 0.000000, 0.000000, 0.000000, 1.000000, -0.000000, 0.000000, 0.000000, 1.000000),

              ["LeftFoot"] = CFrame.new(0.000000, -0.039572, -0.000003, 0.946584, -0.322427, 0.004333, 0.322420, 0.946594, 0.002509, -0.004906, -0.000967, 0.999987),

              ["LeftHand"] = CFrame.new(0.000519, -0.028563, -0.000000, 0.995667, 0.079874, -0.047613, -0.082719, 0.994697, -0.061117, 0.042479, 0.064791, 0.996994),

              ["LeftLowerArm"] = CFrame.new(-0.000499, -0.028728, 0.000156, 1.000000, -0.000000, -0.000000, 0.000000, 1.000000, -0.000001, 0.000000, -0.000000, 1.000000),

              ["LeftLowerLeg"] = CFrame.new(0.000000, -0.039034, -0.000416, 1.000000, 0.000000, 0.000000, 0.000000, 1.000000, -0.000008, 0.000000, -0.000011, 1.000000),

              ["LeftUpperArm"] = CFrame.new(-0.023488, 0.060897, 0.454470, 0.412166, -0.056346, -0.909365, 0.030960, 0.998376, -0.047829, 0.910583, -0.008440, 0.413241),

              ["LeftUpperLeg"] = CFrame.new(-0.000803, -0.004243, 0.004958, 0.946584, 0.322419, -0.004908, -0.322454, 0.946528, -0.010397, 0.001293, 0.011431, 0.999934),

              ["LowerTorso"] = CFrame.new(-0.000002, -0.014399, -0.000001, 1.000000, 0.000000, -0.000000, 0.000000, 0.999956, 0.009427, 0.000000, -0.009427, 0.999956),

              ["RightFoot"] = CFrame.new(-0.000000, -0.033535, -0.000103, 0.952212, 0.305414, 0.003769, -0.305426, 0.952211, 0.003067, -0.002656, -0.004061, 0.999988),

              ["RightHand"] = CFrame.new(-0.000515, -0.022343, 0.000000, 0.993906, -0.094772, 0.056302, 0.101820, 0.984981, -0.139449, -0.042240, 0.144331, 0.988627),

              ["RightLowerArm"] = CFrame.new(-0.000001, -0.022316, 0.000121, 1.000000, 0.000000, 0.000000, -0.000000, 1.000000, -0.000001, -0.000000, -0.000000, 1.000000),

              ["RightLowerLeg"] = CFrame.new(0.000000, -0.033417, -0.000439, 1.000000, -0.000000, -0.000000, -0.000000, 1.000000, -0.000008, 0.000000, -0.000011, 1.000000),

              ["RightUpperArm"] = CFrame.new(-0.013711, 0.037812, 0.454208, 0.417883, 0.009309, 0.908453, -0.004905, 0.999956, -0.007990, -0.908488, -0.001117, 0.417910),

              ["RightUpperLeg"] = CFrame.new(0.000018, -0.005083, 0.005958, 0.952212, -0.305426, -0.002654, 0.305365, 0.952140, -0.013491, 0.006648, 0.012043, 0.999905),

              ["UpperTorso"] = CFrame.new(0.000000, 0.000000, -0.000000, 1.000000, 0.000000, 0.000000, -0.000000, 1.000000, 0.000000, -0.000000, 0.000000, 1.000000)

          }},

          {Time = 0.067, Data = {

              ["Head"] = CFrame.new(0.000000, -0.000000, -0.000000, 1.000000, 0.000000, 0.000000, 0.000000, 1.000000, -0.000000, 0.000000, 0.000000, 1.000000),

              ["LeftFoot"] = CFrame.new(-0.000000, -0.015738, -0.000003, 0.944056, -0.329784, -0.000050, 0.329766, 0.944001, 0.010785, -0.003504, -0.010188, 0.999942),

              ["LeftHand"] = CFrame.new(0.000506, -0.008558, -0.000000, 0.994313, 0.091539, -0.054429, -0.095148, 0.993146, -0.067890, 0.047841, 0.072682, 0.996207),

              ["LeftLowerArm"] = CFrame.new(-0.000499, -0.008747, 0.000047, 1.000000, -0.000000, -0.000000, 0.000000, 1.000000, -0.000001, 0.000000, -0.000000, 1.000000),

              ["LeftLowerLeg"] = CFrame.new(-0.000000, -0.015283, -0.000102, 1.000000, -0.000000, -0.000000, -0.000000, 1.000000, -0.000008, 0.000000, -0.000011, 1.000000),

              ["LeftUpperArm"] = CFrame.new(-0.030398, 0.059134, 0.454010, 0.403466, -0.065297, -0.912662, 0.037310, 0.997795, -0.054894, 0.914234, -0.011903, 0.405012),

              ["LeftUpperLeg"] = CFrame.new(-0.003064, -0.015767, 0.018752, 0.944056, 0.329766, -0.003507, -0.329579, 0.943040, -0.045318, -0.011638, 0.043946, 0.998967),

              ["LowerTorso"] = CFrame.new(-0.000010, -0.053155, -0.000003, 1.000000, 0.000000, -0.000000, 0.000000, 0.999383, 0.035135, 0.000000, -0.035135, 0.999383),

              ["RightFoot"] = CFrame.new(0.000000, -0.008912, -0.000103, 0.949439, 0.313788, 0.010068, -0.313902, 0.949369, 0.012831, -0.005536, -0.015332, 0.999867),

              ["RightHand"] = CFrame.new(-0.000503, -0.004169, 0.000000, 0.992269, -0.106770, 0.063261, 0.115546, 0.980817, -0.156993, -0.045285, 0.163088, 0.985572),

              ["RightLowerArm"] = CFrame.new(-0.000000, -0.004164, 0.000022, 1.000000, 0.000000, 0.000000, -0.000000, 1.000000, -0.000001, -0.000000, -0.000000, 1.000000),

              ["RightLowerLeg"] = CFrame.new(0.000000, -0.008880, -0.000114, 1.000000, 0.000000, -0.000000, -0.000000, 1.000000, -0.000007, -0.000000, -0.000011, 1.000000),

              ["RightUpperArm"] = CFrame.new(-0.003115, 0.040323, 0.456316, 0.407405, 0.013553, 0.913147, -0.010380, 0.999894, -0.010209, -0.913189, -0.005319, 0.407502),

              ["RightUpperLeg"] = CFrame.new(0.000068, -0.018878, 0.022129, 0.949439, -0.313901, -0.005534, 0.313241, 0.948332, -0.050456, 0.021087, 0.046179, 0.998711),

              ["UpperTorso"] = CFrame.new(0.000000, -0.000000, -0.000000, 1.000000, 0.000000, 0.000000, 0.000000, 1.000000, -0.000000, -0.000000, 0.000000, 1.000000)

          }},

          {Time = 0.100, Data = {

              ["Head"] = CFrame.new(0.000000, 0.000000, -0.000000, 1.000000, 0.000000, 0.000000, 0.000000, 1.000000, 0.000000, 0.000000, -0.000000, 1.000000),

              ["LeftFoot"] = CFrame.new(-0.000000, 0.005285, -0.000003, 0.940141, -0.340717, -0.006817, 0.339705, 0.938566, -0.060785, 0.027109, 0.054831, 0.998128),

              ["LeftHand"] = CFrame.new(0.000497, 0.004602, -0.000000, 0.991984, 0.108708, -0.064427, -0.107354, 0.993928, 0.024129, 0.066658, -0.017019, 0.997631),

              ["LeftLowerArm"] = CFrame.new(-0.000500, 0.024663, 0.002063, 1.000000, -0.000000, -0.000000, 0.000000, 0.978880, -0.204439, 0.000000, 0.204438, 0.978879),

              ["LeftLowerLeg"] = CFrame.new(0.000000, 0.023535, -0.001498, 1.000000, -0.000000, 0.000000, 0.000000, 0.983597, 0.180362, -0.000000, -0.180379, 0.983600),

              ["LeftUpperArm"] = CFrame.new(-0.041666, 0.056610, 0.453475, 0.388737, 0.017197, -0.921188, 0.047316, 0.998134, 0.038600, 0.920133, -0.058592, 0.387198),

              ["LeftUpperLeg"] = CFrame.new(-0.006563, -0.032765, 0.039210, 0.940141, 0.339023, -0.034607, -0.339303, 0.921749, -0.187745, -0.031752, 0.188260, 0.981608),

              ["LowerTorso"] = CFrame.new(-0.000022, -0.109608, -0.000007, 1.000000, 0.000000, -0.000000, 0.000000, 0.997315, 0.073235, 0.000000, -0.073235, 0.997315),

              ["RightFoot"] = CFrame.new(0.000000, 0.006973, -0.000103, 0.945066, 0.326295, 0.019525, -0.323547, 0.942271, -0.086278, -0.046548, 0.075219, 0.996080),

              ["RightHand"] = CFrame.new(-0.000497, 0.004808, -0.000000, 0.989342, -0.125398, 0.074016, 0.130808, 0.988685, -0.073431, -0.063970, 0.082330, 0.994550),

              ["RightLowerArm"] = CFrame.new(0.000000, 0.026729, 0.002424, 1.000000, 0.000000, 0.000000, -0.000000, 0.975207, -0.221293, -0.000000, 0.221293, 0.975207),

              ["RightLowerLeg"] = CFrame.new(-0.000000, 0.030962, -0.002936, 1.000000, 0.000000, -0.000000, -0.000000, 0.970049, 0.242894, 0.000000, -0.242909, 0.970053),

              ["RightUpperArm"] = CFrame.new(0.013533, 0.044306, 0.459390, 0.389904, -0.083981, 0.917018, -0.019568, 0.994852, 0.099429, -0.920648, -0.056712, 0.386254),

              ["RightUpperLeg"] = CFrame.new(0.000147, -0.039207, 0.045961, 0.945066, -0.325164, 0.033434, 0.323989, 0.918226, -0.227785, 0.043368, 0.226117, 0.973137),

              ["UpperTorso"] = CFrame.new(0.000000, -0.000000, 0.000000, 1.000000, 0.000000, 0.000000, 0.000000, 1.000000, 0.000000, -0.000000, 0.000000, 1.000000)

          }},

          {Time = 0.133, Data = {

              ["Head"] = CFrame.new(0.000000, 0.000000, 0.000000, 1.000000, 0.000000, 0.000000, 0.000000, 1.000000, 0.000000, 0.000000, -0.000000, 1.000000),

              ["LeftFoot"] = CFrame.new(-0.000000, 0.011706, -0.000003, 0.934384, -0.355862, -0.016993, 0.348709, 0.923293, -0.161049, 0.072996, 0.144543, 0.986800),

              ["LeftHand"] = CFrame.new(0.000494, 0.008560, -0.000000, 0.988685, 0.129140, -0.076327, -0.117954, 0.983617, 0.136330, 0.092681, -0.125783, 0.987719),

              ["LeftLowerArm"] = CFrame.new(-0.000500, 0.051421, 0.009884, 1.000000, -0.000000, -0.000000, 0.000000, 0.899382, -0.437164, 0.000000, 0.437165, 0.899382),

              ["LeftLowerLeg"] = CFrame.new(-0.000000, 0.058344, -0.011524, 1.000000, -0.000000, -0.000000, 0.000000, 0.881869, 0.471488, -0.000000, -0.471494, 0.881873),

              ["LeftUpperArm"] = CFrame.new(-0.057177, 0.053408, 0.453014, 0.367609, 0.115883, -0.922732, 0.059993, 0.987185, 0.147878, 0.928043, -0.109718, 0.355946),

              ["LeftUpperLeg"] = CFrame.new(-0.011079, -0.053431, 0.064258, 0.934384, 0.341933, -0.100036, -0.352722, 0.848349, -0.394816, -0.050137, 0.404210, 0.913298),

              ["LowerTorso"] = CFrame.new(-0.000039, -0.177096, -0.000012, 1.000000, 0.000000, -0.000000, 0.000000, 0.992804, 0.119754, 0.000000, -0.119754, 0.992804),

              ["RightFoot"] = CFrame.new(0.000000, 0.012830, -0.000103, 0.937590, 0.346023, 0.034566, -0.334804, 0.925093, -0.179203, -0.093978, 0.156432, 0.983205),

              ["RightHand"] = CFrame.new(-0.000494, 0.008317, 0.000000, 0.984891, -0.149271, 0.087792, 0.149313, 0.988771, 0.006136, -0.087721, 0.007065, 0.996120),

              ["RightLowerArm"] = CFrame.new(0.000000, 0.050535, 0.009476, 1.000000, 0.000000, 0.000000, -0.000000, 0.903535, -0.428515, -0.000000, 0.428515, 0.903535),

              ["RightLowerLeg"] = CFrame.new(-0.000000, 0.063197, -0.014007, 1.000000, 0.000000, 0.000000, -0.000000, 0.857600, 0.514312, 0.000000, -0.514317, 0.857603),

              ["RightUpperArm"] = CFrame.new(0.035532, 0.049394, 0.463002, 0.365093, -0.178209, 0.913755, -0.032116, 0.978513, 0.203671, -0.930417, -0.103704, 0.351525),

              ["RightUpperLeg"] = CFrame.new(0.000252, -0.063894, 0.074899, 0.937670, -0.334844, 0.093024, 0.341141, 0.835766, -0.430239, 0.066318, 0.435173, 0.897909),

              ["UpperTorso"] = CFrame.new(-0.000000, -0.000000, -0.000000, 1.000000, 0.000000, 0.000000, -0.000000, 1.000000, 0.000000, -0.000000, 0.000000, 1.000000)

          }},

          {Time = 0.167, Data = {

              ["Head"] = CFrame.new(0.000000, 0.000000, 0.000000, 1.000000, 0.000000, 0.000000, 0.000000, 1.000000, -0.000000, 0.000000, 0.000000, 1.000000),

              ["LeftFoot"] = CFrame.new(-0.000000, 0.018017, -0.000003, 0.926458, -0.375102, -0.031222, 0.362325, 0.911215, -0.195990, 0.101959, 0.170250, 0.980109),

              ["LeftHand"] = CFrame.new(0.000492, 0.011652, -0.000000, 0.984934, 0.148942, -0.087868, -0.126778, 0.967484, 0.218869, 0.117609, -0.204430, 0.971790),

              ["LeftLowerArm"] = CFrame.new(-0.000500, 0.069468, 0.019028, 1.000000, -0.000000, -0.000000, 0.000000, 0.805945, -0.591990, 0.000000, 0.591990, 0.805946),

              ["LeftLowerLeg"] = CFrame.new(-0.000000, 0.083669, -0.025300, 1.000000, -0.000000, -0.000000, 0.000000, 0.740435, 0.672130, -0.000000, -0.672128, 0.740433),

              ["LeftUpperArm"] = CFrame.new(-0.076934, 0.048693, 0.452816, 0.339482, 0.181666, -0.922903, 0.072519, 0.973197, 0.218242, 0.937813, -0.141017, 0.317209),

              ["LeftUpperLeg"] = CFrame.new(-0.016392, -0.075958, 0.091824, 0.926458, 0.336808, -0.168030, -0.371003, 0.741806, -0.558627, -0.063505, 0.579901, 0.812220),

              ["LowerTorso"] = CFrame.new(-0.000060, -0.248961, -0.000019, 1.000000, 0.000000, -0.000000, 0.000000, 0.985332, 0.170646, 0.000000, -0.170646, 0.985332),

              ["RightFoot"] = CFrame.new(0.000000, 0.019558, -0.000103, 0.926032, 0.373323, 0.055640, -0.354318, 0.910602, -0.212763, -0.130086, 0.177296, 0.975518),

              ["RightHand"] = CFrame.new(-0.000493, 0.010973, -0.000000, 0.979094, -0.175470, 0.102885, 0.169935, 0.983604, 0.060372, -0.111791, -0.041625, 0.992859),

              ["RightLowerArm"] = CFrame.new(0.000000, 0.066902, 0.017508, 1.000000, 0.000000, 0.000000, -0.000000, 0.821548, -0.570139, -0.000000, 0.570140, 0.821548),

              ["RightLowerLeg"] = CFrame.new(-0.000000, 0.087448, -0.028029, 1.000000, 0.000000, 0.000000, -0.000000, 0.713167, 0.700998, 0.000000, -0.700994, 0.713164),

              ["RightUpperArm"] = CFrame.new(0.062204, 0.054368, 0.466665, 0.332645, -0.244515, 0.910802, -0.045967, 0.960450, 0.274632, -0.941931, -0.133222, 0.308249),

              ["RightUpperLeg"] = CFrame.new(0.000378, -0.090758, 0.106390, 0.926298, -0.341216, 0.159815, 0.366672, 0.718668, -0.590806, 0.086740, 0.605878, 0.790828),

              ["UpperTorso"] = CFrame.new(0.000000, 0.000000, -0.000000, 1.000000, 0.000000, 0.000000, 0.000000, 1.000000, 0.000000, -0.000000, 0.000000, 1.000000)

          }},

          {Time = 0.200, Data = {

              ["Head"] = CFrame.new(0.000000, 0.000000, -0.000000, 1.000000, 0.000000, 0.000000, 0.000000, 1.000000, -0.000000, 0.000000, 0.000000, 1.000000),

              ["LeftFoot"] = CFrame.new(0.000000, 0.024030, -0.000002, 0.917435, -0.395054, -0.047401, 0.378799, 0.903659, -0.199794, 0.121756, 0.165330, 0.978691),

              ["LeftHand"] = CFrame.new(0.000490, 0.015472, -0.000000, 0.982220, 0.161734, -0.095324, -0.129935, 0.952151, 0.276636, 0.135503, -0.259329, 0.956235),

              ["LeftLowerArm"] = CFrame.new(-0.000500, 0.081940, 0.026504, 1.000000, -0.000000, -0.000000, 0.000000, 0.728573, -0.684967, 0.000000, 0.684968, 0.728574),

              ["LeftLowerLeg"] = CFrame.new(-0.000000, 0.101001, -0.038548, 1.000000, -0.000000, -0.000000, 0.000000, 0.602667, 0.797998, -0.000000, -0.797993, 0.602659),

              ["LeftUpperArm"] = CFrame.new(-0.100985, 0.040237, 0.453166, 0.303661, 0.218545, -0.927377, 0.079291, 0.964165, 0.253179, 0.949475, -0.150413, 0.275451),

              ["LeftUpperLeg"] = CFrame.new(-0.022281, -0.098539, 0.119838, 0.917435, 0.325449, -0.228897, -0.389977, 0.621350, -0.679576, -0.078943, 0.712746, 0.696981),

              ["LowerTorso"] = CFrame.new(-0.000086, -0.318541, -0.000027, 1.000000, 0.000000, -0.000000, 0.000000, 0.975071, 0.221894, 0.000000, -0.221894, 0.975071),

              ["RightFoot"] = CFrame.new(-0.000000, 0.024883, -0.000102, 0.912357, 0.401892, 0.078033, -0.377782, 0.899913, -0.217813, -0.157750, 0.169230, 0.972866),

              ["RightHand"] = CFrame.new(-0.000491, 0.014282, 0.000000, 0.973139, -0.198731, 0.116222, 0.188511, 0.977633, 0.093259, -0.132155, -0.068844, 0.988835),

              ["RightLowerArm"] = CFrame.new(0.000000, 0.078173, 0.023895, 1.000000, 0.000000, 0.000000, 0.000000, 0.755570, -0.655068, -0.000000, 0.655068, 0.755570),

              ["RightLowerLeg"] = CFrame.new(-0.000000, 0.103342, -0.041416, 1.000000, 0.000000, 0.000000, -0.000000, 0.573986, 0.818871, 0.000000, -0.818865, 0.573977),

              ["RightUpperArm"] = CFrame.new(0.092638, 0.056706, 0.469848, 0.292690, -0.282950, 0.913385, -0.056459, 0.948436, 0.311901, -0.954539, -0.142858, 0.261623),

              ["RightUpperLeg"] = CFrame.new(0.000523, -0.117622, 0.137882, 0.912806, -0.340636, 0.225274, 0.393563, 0.586412, -0.707963, 0.109055, 0.734907, 0.669358),

              ["UpperTorso"] = CFrame.new(-0.000000, 0.000000, 0.000000, 1.000000, 0.000000, 0.000000, -0.000000, 1.000000, 0.000000, -0.000000, 0.000000, 1.000000)

          }},

          {Time = 0.233, Data = {

              ["Head"] = CFrame.new(0.000000, -0.000000, -0.000000, 1.000000, 0.000000, 0.000000, 0.000000, 1.000000, 0.000000, 0.000000, 0.000000, 1.000000),

              ["LeftFoot"] = CFrame.new(0.000000, 0.026371, -0.000002, 0.911629, -0.406937, -0.057753, 0.391229, 0.902207, -0.181567, 0.125984, 0.142916, 0.981681),

              ["LeftHand"] = CFrame.new(0.000489, 0.017434, 0.000000, 0.982682, 0.159638, -0.094088, -0.122353, 0.940320, 0.317539, 0.139163, -0.300525, 0.943566),

              ["LeftLowerArm"] = CFrame.new(-0.000500, 0.088870, 0.031779, 1.000000, -0.000000, -0.000000, -0.000000, 0.673887, -0.738834, 0.000000, 0.738834, 0.673888),

              ["LeftLowerLeg"] = CFrame.new(0.000000, 0.108536, -0.046945, 1.000000, -0.000000, -0.000000, 0.000000, 0.515369, 0.856975, -0.000000, -0.856968, 0.515359),

              ["LeftUpperArm"] = CFrame.new(-0.129183, 0.024672, 0.454279, 0.259846, 0.235657, -0.936454, 0.072420, 0.962279, 0.262251, 0.962931, -0.135963, 0.232978),

              ["LeftUpperLeg"] = CFrame.new(-0.028526, -0.119368, 0.146225, 0.912310, 0.312242, -0.264935, -0.390388, 0.467823, -0.792921, -0.123641, 0.826829, 0.548713),

              ["LowerTorso"] = CFrame.new(-0.000051, -0.376858, 0.019155, 0.999982, 0.003311, -0.005074, -0.001530, 0.948351, 0.317218, 0.005862, -0.317205, 0.948339),

              ["RightFoot"] = CFrame.new(0.000000, 0.026982, -0.000102, 0.902489, 0.420581, 0.092880, -0.398574, 0.897232, -0.190044, -0.163255, 0.134484, 0.977372),

              ["RightHand"] = CFrame.new(-0.000489, 0.016054, 0.000000, 0.969301, -0.212372, 0.123909, 0.198744, 0.973434, 0.113697, -0.144762, -0.085579, 0.985758),

              ["RightLowerArm"] = CFrame.new(0.000000, 0.084369, 0.028163, 1.000000, 0.000000, 0.000000, -0.000000, 0.711376, -0.702811, -0.000000, 0.702811, 0.711376),

              ["RightLowerLeg"] = CFrame.new(0.000000, 0.109849, -0.049107, 1.000000, 0.000000, 0.000000, -0.000000, 0.493967, 0.869487, 0.000000, -0.869481, 0.493956),

              ["RightUpperArm"] = CFrame.new(0.125368, 0.052810, 0.471968, 0.246480, -0.299868, 0.921589, -0.056772, 0.944827, 0.322613, -0.967484, -0.131838, 0.215857),

              ["RightUpperLeg"] = CFrame.new(0.000682, -0.142309, 0.166820, 0.902498, -0.328803, 0.278176, 0.403551, 0.419900, -0.812906, 0.150482, 0.845915, 0.511666),

              ["UpperTorso"] = CFrame.new(-0.001396, 0.002376, 0.000370, 0.999982, -0.003058, 0.005231, 0.003311, 0.998788, -0.049103, -0.005074, 0.049120, 0.998780)

          }},

          {Time = 0.267, Data = {

              ["Head"] = CFrame.new(0.000000, 0.000000, 0.000000, 1.000000, 0.000000, 0.000000, 0.000000, 1.000000, -0.000000, 0.000000, 0.000000, 1.000000),

              ["LeftFoot"] = CFrame.new(-0.000000, 0.025644, -0.000002, 0.917216, -0.395680, -0.046414, 0.379918, 0.903792, -0.197048, 0.119909, 0.163090, 0.979295),

              ["LeftHand"] = CFrame.new(0.000488, 0.018212, -0.000000, 0.987095, 0.137913, -0.081390, -0.102561, 0.934781, 0.340100, 0.122985, -0.327360, 0.936861),

              ["LeftLowerArm"] = CFrame.new(-0.000500, 0.091694, 0.034230, 1.000000, -0.000000, -0.000000, 0.000000, 0.648467, -0.761242, 0.000000, 0.761242, 0.648468),

              ["LeftLowerLeg"] = CFrame.new(-0.000000, 0.106496, -0.044583, 1.000000, -0.000000, -0.000000, 0.000000, 0.540004, 0.841669, -0.000000, -0.841663, 0.539994),

              ["LeftUpperArm"] = CFrame.new(-0.160625, -0.000739, 0.455739, 0.209243, 0.234731, -0.949273, 0.045281, 0.967395, 0.249193, 0.976815, -0.095126, 0.191792),

              ["LeftUpperLeg"] = CFrame.new(-0.034907, -0.136638, 0.168914, 0.918516, 0.316986, -0.236313, -0.335148, 0.307102, -0.890704, -0.209770, 0.897334, 0.388334),

              ["LowerTorso"] = CFrame.new(-0.000672, -0.420583, 0.059769, 0.999765, 0.013738, -0.016774, -0.004484, 0.887931, 0.459956, 0.021213, -0.459772, 0.887783),

              ["RightFoot"] = CFrame.new(0.000000, 0.025912, -0.000102, 0.909708, 0.407050, 0.082115, -0.389572, 0.905060, -0.170601, -0.143753, 0.123197, 0.981913),

              ["RightHand"] = CFrame.new(-0.000489, 0.016771, 0.000000, 0.969306, -0.212486, 0.123679, 0.197556, 0.972589, 0.122652, -0.146350, -0.094452, 0.984713),

              ["RightLowerArm"] = CFrame.new(0.000000, 0.086756, 0.029935, 1.000000, 0.000000, 0.000000, -0.000000, 0.692979, -0.720957, -0.000000, 0.720958, 0.692980),

              ["RightLowerLeg"] = CFrame.new(0.000000, 0.106491, -0.044904, 1.000000, 0.000000, 0.000000, -0.000000, 0.537703, 0.843140, 0.000000, -0.843134, 0.537694),

              ["RightUpperArm"] = CFrame.new(0.158087, 0.039597, 0.472215, 0.196936, -0.296373, 0.934547, -0.041126, 0.949879, 0.309902, -0.979553, -0.099464, 0.174877),

              ["RightUpperLeg"] = CFrame.new(0.000852, -0.162638, 0.190652, 0.909040, -0.315138, 0.272637, 0.356540, 0.249534, -0.900335, 0.215699, 0.915653, 0.339214),

              ["UpperTorso"] = CFrame.new(-0.005070, 0.011615, 0.003925, 0.999765, -0.010941, 0.018719, 0.013738, 0.987579, -0.156522, -0.016774, 0.156743, 0.987497)

          }},

          {Time = 0.300, Data = {

              ["Head"] = CFrame.new(0.000000, 0.000000, 0.000000, 1.000000, 0.000000, 0.000000, 0.000000, 1.000000, -0.000000, 0.000000, 0.000000, 1.000000),

              ["LeftFoot"] = CFrame.new(0.000000, 0.024458, -0.000002, 0.924675, -0.379641, -0.029138, 0.364893, 0.905411, -0.217002, 0.108757, 0.190010, 0.975736),

              ["LeftHand"] = CFrame.new(0.000488, 0.018000, 0.000000, 0.994021, 0.093921, -0.055687, -0.069501, 0.937590, 0.340730, 0.084213, -0.334819, 0.938510),

              ["LeftLowerArm"] = CFrame.new(-0.000500, 0.090935, 0.033557, 1.000000, -0.000000, -0.000000, 0.000000, 0.655453, -0.755235, 0.000000, 0.755236, 0.655454),

              ["LeftLowerLeg"] = CFrame.new(-0.000000, 0.102669, -0.040340, 1.000000, -0.000000, -0.000000, 0.000000, 0.584107, 0.811683, -0.000000, -0.811677, 0.584099),

              ["LeftUpperArm"] = CFrame.new(-0.194009, -0.037657, 0.456285, 0.153861, 0.216541, -0.964073, -0.006598, 0.975894, 0.218144, 0.988070, -0.027203, 0.151581),

              ["LeftUpperLeg"] = CFrame.new(-0.041202, -0.148541, 0.185833, 0.925250, 0.324574, -0.196369, -0.261103, 0.169333, -0.950340, -0.275204, 0.930579, 0.241441),

              ["LowerTorso"] = CFrame.new(-0.002596, -0.458928, 0.098397, 0.999074, 0.030703, -0.030154, -0.007030, 0.807731, 0.589509, 0.042456, -0.588751, 0.807199),

              ["RightFoot"] = CFrame.new(-0.000000, 0.023987, -0.000102, 0.917840, 0.390850, 0.069336, -0.377753, 0.913684, -0.149960, -0.121954, 0.111436, 0.986258),

              ["RightHand"] = CFrame.new(-0.000489, 0.016470, -0.000000, 0.973821, -0.196597, 0.114113, 0.183026, 0.975843, 0.119295, -0.134808, -0.095285, 0.986279),

              ["RightLowerArm"] = CFrame.new(0.000000, 0.085762, 0.029189, 1.000000, 0.000000, 0.000000, -0.000000, 0.700732, -0.713424, -0.000000, 0.713424, 0.700733),

              ["RightLowerLeg"] = CFrame.new(0.000000, 0.100120, -0.038021, 1.000000, 0.000000, 0.000000, -0.000000, 0.609205, 0.793018, 0.000000, -0.793013, 0.609198),

              ["RightUpperArm"] = CFrame.new(0.188196, 0.014769, 0.469528, 0.147572, -0.273306, 0.950540, -0.005304, 0.960830, 0.277089, -0.989037, -0.045932, 0.140342),

              ["RightUpperLeg"] = CFrame.new(0.001029, -0.176433, 0.206823, 0.917185, -0.301744, 0.260228, 0.303061, 0.104246, -0.947250, 0.258700, 0.947673, 0.187078),

              ["UpperTorso"] = CFrame.new(-0.010339, 0.029861, 0.015382, 0.999074, -0.021708, 0.037157, 0.030703, 0.964583, -0.261988, -0.030154, 0.262886, 0.964356)

          }},

          {Time = 0.333, Data = {

              ["Head"] = CFrame.new(0.000000, 0.000000, -0.000000, 1.000000, 0.000000, 0.000000, 0.000000, 1.000000, 0.000000, 0.000000, -0.000000, 1.000000),

              ["LeftFoot"] = CFrame.new(-0.000000, 0.025640, -0.000002, 0.925051, -0.378912, -0.026590, 0.363830, 0.903991, -0.224578, 0.109125, 0.198057, 0.974093),

              ["LeftHand"] = CFrame.new(0.000489, 0.016631, 0.000000, 0.999472, 0.027689, -0.016996, -0.021009, 0.949851, 0.311999, 0.024783, -0.311475, 0.949930),

              ["LeftLowerArm"] = CFrame.new(-0.000500, 0.085866, 0.029340, 1.000000, -0.000000, -0.000000, 0.000000, 0.699156, -0.714969, 0.000000, 0.714969, 0.699156),

              ["LeftLowerLeg"] = CFrame.new(0.000000, 0.106487, -0.044573, 1.000000, -0.000000, -0.000000, 0.000000, 0.540105, 0.841603, -0.000000, -0.841597, 0.540096),

              ["LeftUpperArm"] = CFrame.new(-0.227577, -0.085998, 0.453710, 0.096619, 0.178591, -0.979168, -0.084198, 0.981711, 0.170748, 0.991754, 0.065947, 0.109889),

              ["LeftUpperLeg"] = CFrame.new(-0.047191, -0.153272, 0.194909, 0.924338, 0.328347, -0.194379, -0.221178, 0.045933, -0.974150, -0.310932, 0.943440, 0.115100),

              ["LowerTorso"] = CFrame.new(-0.004823, -0.512712, 0.118290, 0.997802, 0.049514, -0.044047, -0.008103, 0.750818, 0.660459, 0.065773, -0.658650, 0.749569),

              ["RightFoot"] = CFrame.new(-0.000000, 0.024473, -0.000102, 0.913215, 0.400197, 0.076695, -0.388995, 0.912253, -0.128375, -0.121332, 0.087391, 0.988756),

              ["RightHand"] = CFrame.new(-0.000490, 0.015061, 0.000000, 0.982018, -0.163432, 0.094499, 0.154042, 0.983054, 0.099375, -0.109137, -0.083030, 0.990553),

              ["RightLowerArm"] = CFrame.new(-0.000000, 0.080953, 0.025753, 1.000000, 0.000000, 0.000000, -0.000000, 0.736351, -0.676600, -0.000000, 0.676600, 0.736351),

              ["RightLowerLeg"] = CFrame.new(0.000000, 0.101739, -0.039640, 1.000000, 0.000000, 0.000000, -0.000000, 0.592389, 0.805658, 0.000000, -0.805652, 0.592382),

              ["RightUpperArm"] = CFrame.new(0.213057, -0.022942, 0.462426, 0.101975, -0.228902, 0.968093, 0.052850, 0.973039, 0.224505, -0.993382, 0.028270, 0.111323),

              ["RightUpperLeg"] = CFrame.new(0.001210, -0.181515, 0.212781, 0.913008, -0.285022, 0.291847, 0.295179, -0.032240, -0.954899, 0.281577, 0.957979, 0.054716),

              ["UpperTorso"] = CFrame.new(-0.016591, 0.059959, 0.037041, 0.997802, -0.033412, 0.057231, 0.049514, 0.949859, -0.308732, -0.044047, 0.310887, 0.949426)

          }},

          {Time = 0.367, Data = {

              ["Head"] = CFrame.new(0.000000, 0.000000, 0.000000, 1.000000, 0.000000, 0.000000, 0.000000, 0.997438, -0.071532, 0.000000, 0.071532, 0.997438),

              ["LeftFoot"] = CFrame.new(-0.000000, 0.028359, -0.000002, 0.919064, -0.392115, -0.039606, 0.365087, 0.884923, -0.289191, 0.148435, 0.251310, 0.956452),

              ["LeftHand"] = CFrame.new(0.000493, 0.011169, -0.000000, 0.997865, -0.056758, 0.032320, 0.048721, 0.976397, 0.210421, -0.043500, -0.208394, 0.977077),

              ["LeftLowerArm"] = CFrame.new(-0.000500, 0.067250, 0.017758, 1.000000, -0.000000, -0.000000, 0.000000, 0.818987, -0.573812, 0.000000, 0.573813, 0.818987),

              ["LeftLowerLeg"] = CFrame.new(-0.000000, 0.115523, -0.057577, 1.000000, -0.000000, -0.000000, 0.000000, 0.404880, 0.914376, -0.000000, -0.914370, 0.404867),

              ["LeftUpperArm"] = CFrame.new(-0.258948, -0.143195, 0.445413, 0.041684, 0.087372, -0.995303, -0.183540, 0.979886, 0.078332, 0.982128, 0.179413, 0.056882),

              ["LeftUpperLeg"] = CFrame.new(-0.052693, -0.153547, 0.198745, 0.914951, 0.344235, -0.210628, -0.212672, -0.032305, -0.976590, -0.342981, 0.938328, 0.043672),

              ["LowerTorso"] = CFrame.new(-0.005245, -0.597289, 0.111364, 0.996159, 0.062702, -0.061116, -0.007326, 0.755236, 0.655412, 0.087253, -0.652447, 0.752795),

              ["RightFoot"] = CFrame.new(0.000000, 0.027216, -0.000102, 0.901366, 0.422621, 0.094511, -0.403868, 0.899113, -0.168790, -0.156300, 0.113963, 0.981110),

              ["RightHand"] = CFrame.new(-0.000493, 0.010242, 0.000000, 0.992856, -0.103493, 0.059384, 0.101165, 0.994026, 0.040960, -0.063268, -0.034658, 0.997395),

              ["RightLowerArm"] = CFrame.new(0.000000, 0.063510, 0.015691, 1.000000, 0.000000, 0.000000, -0.000000, 0.840172, -0.542320, -0.000000, 0.542320, 0.840172),

              ["RightLowerLeg"] = CFrame.new(-0.000000, 0.110728, -0.050370, 1.000000, 0.000000, 0.000000, -0.000000, 0.480852, 0.876808, 0.000000, -0.876802, 0.480841),

              ["RightUpperArm"] = CFrame.new(0.232866, -0.099859, 0.442468, 0.062445, -0.106589, 0.992340, 0.144218, 0.984809, 0.096705, -0.987574, 0.137074, 0.076869),

              ["RightUpperLeg"] = CFrame.new(0.001391, -0.180870, 0.212858, 0.903053, -0.265894, 0.337330, 0.314035, -0.127107, -0.940867, 0.293049, 0.955586, -0.031265),

              ["UpperTorso"] = CFrame.new(-0.022885, 0.105195, 0.064098, 0.996159, -0.044114, 0.075635, 0.062702, 0.962333, -0.264546, -0.061116, 0.268272, 0.961402)

          }},

          {Time = 0.400, Data = {

              ["Head"] = CFrame.new(0.000000, 0.000000, 0.000000, 1.000000, 0.000000, 0.000000, 0.000000, 0.976041, -0.217587, 0.000000, 0.217587, 0.976041),

              ["LeftFoot"] = CFrame.new(-0.000000, 0.030485, -0.000002, 0.907406, -0.415035, -0.066048, 0.363873, 0.854531, -0.370656, 0.210263, 0.312286, 0.926419),

              ["LeftHand"] = CFrame.new(0.000496, 0.005602, -0.000000, 0.989550, -0.124888, 0.072075, 0.123873, 0.992128, 0.018397, -0.073805, -0.009276, 0.997230),

              ["LeftLowerArm"] = CFrame.new(-0.000500, 0.031188, 0.003385, 1.000000, -0.000000, -0.000000, 0.000000, 0.965451, -0.260587, 0.000000, 0.260587, 0.965450),

              ["LeftLowerLeg"] = CFrame.new(-0.000000, 0.122404, -0.073882, 1.000000, -0.000000, -0.000000, 0.000000, 0.235355, 0.971913, -0.000000, -0.971910, 0.235340),

              ["LeftUpperArm"] = CFrame.new(-0.282253, -0.189663, 0.433967, 0.000196, -0.080726, -0.996736, -0.266598, 0.960658, -0.077856, 0.963808, 0.265743, -0.021333),

              ["LeftUpperLeg"] = CFrame.new(-0.057682, -0.153305, 0.201464, 0.897811, 0.369710, -0.239262, -0.234081, -0.059576, -0.970392, -0.373018, 0.927235, 0.033074),

              ["LowerTorso"] = CFrame.new(-0.002823, -0.685950, 0.085165, 0.994671, 0.065479, -0.079638, -0.004922, 0.801706, 0.597698, 0.102983, -0.594121, 0.797756),

              ["RightFoot"] = CFrame.new(-0.000000, 0.029685, -0.000102, 0.884629, 0.451229, 0.117588, -0.417079, 0.878445, -0.233207, -0.208512, 0.157250, 0.965292),

              ["RightHand"] = CFrame.new(-0.000497, 0.004878, -0.000000, 0.998781, -0.043091, 0.024095, 0.045182, 0.994520, -0.094279, -0.019901, 0.095252, 0.995254),

              ["RightLowerArm"] = CFrame.new(0.000000, 0.027179, 0.002511, 1.000000, 0.000000, 0.000000, -0.000000, 0.974323, -0.225157, -0.000000, 0.225156, 0.974323),

              ["RightLowerLeg"] = CFrame.new(0.000000, 0.119000, -0.065154, 1.000000, 0.000000, 0.000000, -0.000000, 0.327152, 0.944977, 0.000000, -0.944972, 0.327138),

              ["RightUpperArm"] = CFrame.new(0.246729, -0.194608, 0.413118, 0.034675, 0.113305, 0.992955, 0.237730, 0.964099, -0.118313, -0.970712, 0.240158, 0.006494),

              ["RightUpperLeg"] = CFrame.new(0.001568, -0.179118, 0.213063, 0.889802, -0.247771, 0.383220, 0.349819, -0.168937, -0.921463, 0.293053, 0.953976, -0.063625),

              ["UpperTorso"] = CFrame.new(-0.027742, 0.154364, 0.078074, 0.994671, -0.051909, 0.089079, 0.065479, 0.985441, -0.156901, -0.079638, 0.161898, 0.983589)

          }},

          {Time = 0.433, Data = {

              ["Head"] = CFrame.new(0.000000, 0.000000, 0.000000, 1.000000, 0.000000, 0.000000, 0.000000, 0.942793, -0.333380, 0.000000, 0.333380, 0.942793),

              ["LeftFoot"] = CFrame.new(-0.000000, 0.031788, -0.000001, 0.894406, -0.437098, -0.094795, 0.356518, 0.824727, -0.439019, 0.270060, 0.358847, 0.893463),

              ["LeftHand"] = CFrame.new(0.000500, 0.000328, -0.000000, 0.985777, -0.145511, 0.084083, 0.155422, 0.979683, -0.126747, -0.063931, 0.138012, 0.988365),

              ["LeftLowerArm"] = CFrame.new(-0.000500, 0.000954, 0.000001, 1.000000, -0.000000, -0.000000, 0.000000, 0.999966, -0.008274, 0.000000, 0.008273, 0.999966),

              ["LeftLowerLeg"] = CFrame.new(-0.000000, 0.125194, -0.085946, 1.000000, -0.000000, -0.000000, 0.000000, 0.109749, 0.993961, -0.000000, -0.993959, 0.109735),

              ["LeftUpperArm"] = CFrame.new(-0.293433, -0.208240, 0.428071, -0.020326, -0.204797, -0.978594, -0.300205, 0.934879, -0.189413, 0.953658, 0.289929, -0.080484),

              ["LeftUpperLeg"] = CFrame.new(-0.062170, -0.152580, 0.203276, 0.879421, 0.396643, -0.263224, -0.275161, -0.027694, -0.961000, -0.388465, 0.917555, 0.084805),

              ["LowerTorso"] = CFrame.new(0.001726, -0.740585, 0.048503, 0.994029, 0.057441, -0.092776, -0.001602, 0.857818, 0.513952, 0.109107, -0.510734, 0.852787),

              ["RightFoot"] = CFrame.new(-0.000000, 0.030958, -0.000102, 0.870119, 0.473705, 0.136010, -0.420172, 0.857242, -0.297657, -0.257581, 0.201840, 0.944935),

              ["RightHand"] = CFrame.new(-0.000502, -0.003453, -0.000000, 0.999359, -0.031463, 0.017076, 0.034123, 0.981454, -0.188637, -0.010824, 0.189097, 0.981899),

              ["RightLowerArm"] = CFrame.new(-0.000000, -0.003449, 0.000019, 1.000000, 0.000000, 0.000000, -0.000000, 1.000000, -0.000001, -0.000000, -0.000000, 1.000000),

              ["RightLowerLeg"] = CFrame.new(0.000000, 0.123073, -0.077215, 1.000000, 0.000000, 0.000000, -0.000000, 0.201775, 0.979435, 0.000000, -0.979432, 0.201760),

              ["RightUpperArm"] = CFrame.new(0.251640, -0.240320, 0.397474, 0.024808, 0.246319, 0.968871, 0.279429, 0.928831, -0.243294, -0.959846, 0.276766, -0.045786),

              ["RightUpperLeg"] = CFrame.new(0.001738, -0.176533, 0.213355, 0.879002, -0.241217, 0.411296, 0.386872, -0.143429, -0.910914, 0.278721, 0.959814, -0.032734),

              ["UpperTorso"] = CFrame.new(-0.029677, 0.183563, 0.066159, 0.994029, -0.054924, 0.094288, 0.057441, 0.998056, -0.024195, -0.092776, 0.029467, 0.995251)

          }},

          {Time = 0.467, Data = {

              ["Head"] = CFrame.new(-0.000000, 0.000000, -0.000000, 1.000000, 0.000000, 0.000000, 0.000000, 0.918299, -0.395887, 0.000000, 0.395887, 0.918299),

              ["LeftFoot"] = CFrame.new(0.000000, 0.032215, -0.000001, 0.883663, -0.452920, -0.118358, 0.347215, 0.803703, -0.483242, 0.313977, 0.385908, 0.867450),

              ["LeftHand"] = CFrame.new(0.000500, 0.000781, -0.000000, 0.987734, -0.135228, 0.078078, 0.144928, 0.980047, -0.136031, -0.058124, 0.145677, 0.987623),

              ["LeftLowerArm"] = CFrame.new(-0.000500, 0.003100, 0.000026, 1.000000, -0.000000, -0.000000, 0.000000, 0.999681, -0.025274, 0.000000, 0.025273, 0.999681),

              ["LeftLowerLeg"] = CFrame.new(-0.000000, 0.125876, -0.092894, 1.000000, -0.000000, -0.000000, 0.000000, 0.037522, 0.999296, -0.000000, -0.999296, 0.037508),

              ["LeftUpperArm"] = CFrame.new(-0.297924, -0.208577, 0.427847, -0.029307, -0.194650, -0.980435, -0.300880, 0.937083, -0.177048, 0.953211, 0.289805, -0.086029),

              ["LeftUpperLeg"] = CFrame.new(-0.066170, -0.151406, 0.204393, 0.865146, 0.409621, -0.289355, -0.326764, 0.022698, -0.944833, -0.380457, 0.911973, 0.153505),

              ["LowerTorso"] = CFrame.new(0.003958, -0.761168, 0.012518, 0.995348, 0.035371, -0.089621, 0.006684, 0.902587, 0.430455, 0.096116, -0.429052, 0.898152),

              ["RightFoot"] = CFrame.new(0.000000, 0.031902, -0.000102, 0.862166, 0.485261, 0.145586, -0.411458, 0.838332, -0.357650, -0.295588, 0.248439, 0.922438),

              ["RightHand"] = CFrame.new(-0.000502, -0.003095, -0.000000, 0.997741, -0.058784, 0.032514, 0.063819, 0.980555, -0.185577, -0.020972, 0.187231, 0.982092),

              ["RightLowerArm"] = CFrame.new(-0.000000, -0.003091, 0.000017, 1.000000, 0.000000, 0.000000, -0.000000, 1.000000, -0.000001, -0.000000, -0.000000, 1.000000),

              ["RightLowerLeg"] = CFrame.new(0.000000, 0.124805, -0.084751, 1.000000, 0.000000, 0.000000, -0.000000, 0.123207, 0.992383, 0.000000, -0.992381, 0.123192),

              ["RightUpperArm"] = CFrame.new(0.250654, -0.240179, 0.397488, 0.026780, 0.245459, 0.969037, 0.279146, 0.928986, -0.243028, -0.959875, 0.277011, -0.043641),

              ["RightUpperLeg"] = CFrame.new(0.001898, -0.173394, 0.213694, 0.875389, -0.256340, 0.409851, 0.406024, -0.070278, -0.911158, 0.262371, 0.964029, 0.042580),

              ["UpperTorso"] = CFrame.new(-0.021802, 0.189594, 0.039770, 0.995348, -0.043942, 0.085744, 0.035371, 0.994454, 0.099046, -0.089621, -0.095553, 0.991382)

          }},

          {Time = 0.500, Data = {

              ["Head"] = CFrame.new(-0.000000, 0.000000, 0.000000, 1.000000, 0.000000, 0.000000, 0.000000, 0.894005, -0.448056, 0.000000, 0.448056, 0.894005),

              ["LeftFoot"] = CFrame.new(0.000000, 0.032541, -0.000001, 0.874904, -0.464273, -0.137839, 0.338735, 0.790036, -0.511001, 0.346124, 0.400366, 0.848457),

              ["LeftHand"] = CFrame.new(0.000499, 0.001484, -0.000000, 0.989263, -0.126590, 0.073037, 0.135974, 0.980420, -0.142437, -0.053575, 0.150837, 0.987106),

              ["LeftLowerArm"] = CFrame.new(-0.000500, 0.006610, 0.000131, 1.000000, -0.000000, -0.000000, 0.000000, 0.998569, -0.053488, 0.000000, 0.053488, 0.998568),

              ["LeftLowerLeg"] = CFrame.new(0.000000, 0.126049, -0.098214, 1.000000, -0.000000, -0.000000, 0.000000, -0.017823, 0.999841, -0.000000, -0.999841, -0.017836),

              ["LeftUpperArm"] = CFrame.new(-0.302588, -0.208927, 0.427571, -0.038635, -0.175292, -0.983758, -0.301580, 0.940631, -0.155762, 0.952658, 0.290664, -0.089206),

              ["LeftUpperLeg"] = CFrame.new(-0.069695, -0.149815, 0.205024, 0.854516, 0.403311, -0.327319, -0.381426, 0.059458, -0.922484, -0.352587, 0.913129, 0.204659),

