return {
    ["Twisty"] = {
        {Time = 0.000, Data = {
            ["LeftFoot"] = CFrame.new(2.7939677238464355e-08, 0, -1.4901161193847656e-08, 0.9752431511878967, 0.07025716453790665, 0.2096777707338333, -0.01196285244077444, 0.9635614156723022, -0.26722007989883423, -0.22081127762794495, 0.25809577107429504, 0.940546989440918),
            ["LeftLowerArm"] = CFrame.new(-0.0000011324882507324219, 0.0000011920928955078125, 1.1175870895385742e-07, 1, -6.33299421792799e-08, 1.9371501025489124e-07, 3.9115551686563776e-08, -0.3118150234222412, -0.9501428008079529, 1.2293459406009788e-07, 0.9501429200172424, -0.3118150234222412),
            ["LowerTorso"] = CFrame.new(-0.17621006071567535, -0.19635772705078125, 0.09895080327987671, 0.9279047250747681, 0.2228245586156845, 0.2989013195037842, -0.2536626160144806, 0.9648881554603577, 0.0681629553437233, -0.27321794629096985, -0.1390688121318817, 0.9518465399742126),
            ["Head"] = CFrame.new(-3.0174851417541504e-07, 3.5762786865234375e-07, -6.891787052154541e-08, 0.9489989876747131, -0.09597928076982498, -0.300314724445343, 0.17918601632118225, 0.9479337930679321, 0.26327547430992126, 0.2594095468521118, -0.30366021394729614, 0.9167863130569458),
            ["RightUpperArm"] = CFrame.new(-2.384185791015625e-07, 0.0000010728836059570312, -5.960464477539063e-08, 0.417235404253006, -0.8745371699333191, 0.24718275666236877, 0.8410875201225281, 0.26857250928878784, -0.46951115131378174, 0.34421852231025696, 0.4037989675998688, 0.8476202487945557),
            ["UpperTorso"] = CFrame.new(9.313225746154785e-09, -1.1920928955078125e-07, 2.0675361156463623e-07, 0.983319878578186, -0.07558456808328629, 0.16543574631214142, 0.03980503976345062, 0.9769435524940491, 0.20975430309772491, -0.17747552692890167, -0.1996704787015915, 0.9636566638946533),
            ["HumanoidRootPart"] = CFrame.new(0, 0, 0, 1, 0, 0, 0, 1, 0, 0, 0, 1),
            ["RightHand"] = CFrame.new(7.450580596923828e-07, 3.5762786865234375e-07, -2.387678250670433e-07, 0.436287522315979, -0.8403130173683167, 0.3217565417289734, 0.8918349742889404, 0.4513256549835205, -0.03058723732829094, -0.11951415985822678, 0.3002985119819641, 0.9463282227516174),
            ["LeftUpperArm"] = CFrame.new(-1.1920928955078125e-07, 2.384185791015625e-07, 1.7136335372924805e-07, 0.6822275519371033, 0.10928376764059067, 0.7229263782501221, -0.47002339363098145, 0.8229303956031799, 0.3191610276699066, -0.5600389242172241, -0.5575327277183533, 0.6127917170524597),
            ["RightLowerArm"] = CFrame.new(3.5762786865234375e-07, -0.0000011324882507324219, 0, 1, -1.1175869474300271e-07, 2.980230462412692e-08, 7.450579886381092e-08, -0.0196343045681715, -0.9998072385787964, 4.470347647611561e-08, 0.9998072385787964, -0.019634295254945755),
            ["LeftHand"] = CFrame.new(0.0000010728836059570312, 2.980232238769531e-07, 2.086162567138672e-07, 0.7237592339515686, 0.6847553849220276, 0.08533808588981628, -0.6891963481903076, 0.7234711647033691, 0.03997528553009033, -0.03436630591750145, -0.08774712681770325, 0.9955498576164246),
            ["RightUpperLeg"] = CFrame.new(-2.086162567138672e-07, -1.0943040251731873e-07, 2.404485712759197e-07, 0.8433928489685059, -0.5303913354873657, -0.08586911112070084, 0.1342204064130783, 0.36272722482681274, -0.9221789836883545, 0.5202628374099731, 0.7662336826324463, 0.37711063027381897),
            ["LeftUpperLeg"] = CFrame.new(-1.7881393432617188e-07, -3.5762786865234375e-07, 1.6391277313232422e-07, 0.9211190342903137, -0.27064239978790283, 0.2798084318637848, 0.3506373465061188, 0.8890463709831238, -0.2943633794784546, -0.16909553110599518, 0.36925509572029114, 0.9138148427009583),
            ["RightLowerLeg"] = CFrame.new(7.078051567077637e-08, -0.0000036954879760742188, -0.00001341680035693571, 1, -1.036096506368267e-07, -6.402839858310472e-08, 1.7695128917694092e-07, 0.523094117641449, 0.8522750735282898, -2.9802322387695312e-08, -0.8522749543190002, 0.5230938792228699),
            ["RightFoot"] = CFrame.new(-1.210719347000122e-08, 3.5762786865234375e-07, 8.55143298394978e-08, 0.9934367537498474, -0.004939069505780935, 0.11427585035562515, -0.0008456854848191142, 0.9987228512763977, 0.05051714926958084, -0.11437965929508209, -0.05028209090232849, 0.992163896560669),
            ["LeftLowerLeg"] = CFrame.new(-1.5832483768463135e-08, 0.000003933906555175781, 0.000013306736946105957, 1, 9.685756907629184e-08, -7.450578820566989e-09, -8.195639367158947e-08, 0.726469874382019, 0.6871991753578186, -4.0978196835794733e-08, -0.6871983408927917, 0.726469099521637),
        }},
        {Time = 0.033, Data = {
            ["LeftFoot"] = CFrame.new(1.1175870895385742e-08, 5.960464477539063e-08, 1.4901161193847656e-08, 0.9880900382995605, 0.045067694038152695, 0.1471291333436966, -0.0031637647189199924, 0.9618970155715942, -0.2733941078186035, -0.15384408831596375, 0.2696721851825714, 0.9505833983421326),
            ["LeftLowerArm"] = CFrame.new(2.086162567138672e-07, 0.0000013113021850585938, 5.960464477539063e-08, 1, -8.940699558479537e-08, 1.6391268786719593e-07, 1.30385160446167e-07, -0.2246749848127365, -0.9744338393211365, 5.960464477539063e-08, 0.9744338393211365, -0.22467488050460815),
            ["LowerTorso"] = CFrame.new(-0.16664105653762817, -0.20443081855773926, 0.13854694366455078, 0.9349194169044495, 0.2229580134153366, 0.27607131004333496, -0.2478262335062027, 0.9670507907867432, 0.05826703459024429, -0.25398385524749756, -0.12289270758628845, 0.9593693614006042),
            ["Head"] = CFrame.new(-7.078051567077637e-08, 0, 7.264316082000732e-08, 0.9586321711540222, -0.09808358550071716, -0.26721522212028503, 0.17146815359592438, 0.9483030438423157, 0.26705825328826904, 0.2272070348262787, -0.30182939767837524, 0.9258920550346375),
            ["RightUpperArm"] = CFrame.new(-1.1920928955078125e-07, 0.0000011920928955078125, 5.960464477539063e-08, 0.45316335558891296, -0.858471691608429, 0.2401445508003235, 0.8527867794036865, 0.33903759717941284, -0.3972510099411011, 0.2596108019351959, 0.3848116397857666, 0.8857327103614807),
            ["UpperTorso"] = CFrame.new(9.313225746154785e-09, 1.4901161193847656e-07, 1.601874828338623e-07, 0.9875498414039612, -0.07347982376813889, 0.13908986747264862, 0.03903405740857124, 0.9710099697113037, 0.23583045601844788, -0.15238656103610992, -0.22746510803699493, 0.9617890119552612),
            ["HumanoidRootPart"] = CFrame.new(0, 0, 0, 1, 0, 0, 0, 1, 0, 0, 0, 1),
            ["RightHand"] = CFrame.new(2.682209014892578e-07, 2.980232238769531e-07, -2.682209014892578e-07, 0.44614607095718384, -0.8256922960281372, 0.345233291387558, 0.8858627080917358, 0.4622938632965088, -0.03913801535964012, -0.1272832751274109, 0.32329046726226807, 0.9377005696296692),
            ["LeftUpperArm"] = CFrame.new(-2.384185791015625e-07, 1.1920928955078125e-07, 1.7136335372924805e-07, 0.7823553681373596, 0.17969383299350739, 0.596347451210022, -0.40014538168907166, 0.8787471652030945, 0.26016783714294434, -0.47728800773620605, -0.4421692192554474, 0.7593961358070374),
            ["RightLowerArm"] = CFrame.new(-0.000001817941665649414, -0.0000023245811462402344, -1.1920928955078125e-07, 1, -5.9604616353681195e-08, 1.0430802888095059e-07, 8.940698137394065e-08, -0.05551590397953987, -0.9984577894210815, 7.450581307466564e-08, 0.9984578490257263, -0.05551585555076599),
            ["LeftHand"] = CFrame.new(6.556510925292969e-07, 3.5762786865234375e-07, 3.2782554626464844e-07, 0.7278512716293335, 0.680798351764679, 0.08213573694229126, -0.6802969574928284, 0.731935441493988, -0.038296785205602646, -0.08619040995836258, -0.028002288192510605, 0.9958850741386414),
            ["RightUpperLeg"] = CFrame.new(-5.960464477539063e-08, -3.0105002224445343e-07, 1.7153070075437427e-07, 0.7968565225601196, -0.5954961180686951, -0.10199914872646332, 0.1381557434797287, 0.34395405650138855, -0.928767204284668, 0.588160514831543, 0.7260026931762695, 0.3563534617424011),
            ["LeftUpperLeg"] = CFrame.new(-1.7881393432617188e-07, 5.21540641784668e-08, 5.21540641784668e-08, 0.9232680201530457, -0.2370476871728897, 0.30229896306991577, 0.3322383165359497, 0.8877695202827454, -0.3185633718967438, -0.19285732507705688, 0.3945549726486206, 0.8984057307243347),
            ["RightLowerLeg"] = CFrame.new(2.60770320892334e-08, -0.0000034570693969726562, -0.000013401899195741862, 1, -9.499490261077881e-08, -1.2968679641289782e-07, 1.9092117042873724e-07, 0.49508723616600037, 0.8688431978225708, -9.313227877782992e-08, -0.8688432574272156, 0.49508756399154663),
            ["RightFoot"] = CFrame.new(1.4901161193847656e-08, 2.384185791015625e-07, 1.939042704179883e-08, 0.9638497233390808, 0.2049955278635025, 0.17020650207996368, -0.22162888944149017, 0.9714125394821167, 0.08508061617612839, -0.14790013432502747, -0.1197274699807167, 0.9817286133766174),
            ["LeftLowerLeg"] = CFrame.new(-1.0896474123001099e-07, 0.0000040531158447265625, 0.000013249460607767105, 1, 4.4703490686970326e-08, 1.0058282384761696e-07, -3.725290653733282e-08, 0.7007803320884705, 0.7133775353431702, 7.078052277620372e-08, -0.7133771777153015, 0.700779914855957),
        }},
        {Time = 0.067, Data = {
            ["LeftFoot"] = CFrame.new(-1.0244548320770264e-07, 5.960464477539063e-08, -2.9802322387695312e-08, 0.9954593181610107, 0.023011943325400352, 0.09236534684896469, 0.0021631810814142227, 0.9646196961402893, -0.263636976480484, -0.09516393393278122, 0.26263943314552307, 0.960189700126648),
            ["LeftLowerArm"] = CFrame.new(-8.940696716308594e-07, 9.5367431640625e-07, -2.682209014892578e-07, 1, -1.49011640360186e-07, 1.3411039390121005e-07, 5.21540641784668e-08, -0.13133102655410767, -0.9913386106491089, 8.940696716308594e-08, 0.9913385510444641, -0.13133105635643005),
            ["LowerTorso"] = CFrame.new(-0.15708601474761963, -0.21225833892822266, 0.1781872808933258, 0.9418171048164368, 0.2217542976140976, 0.2525976896286011, -0.2410990297794342, 0.969313383102417, 0.047988563776016235, -0.23420464992523193, -0.1060975193977356, 0.9663805961608887),
            ["Head"] = CFrame.new(-2.60770320892334e-07, 2.384185791015625e-07, 5.587935447692871e-09, 0.9670143723487854, -0.10054924339056015, -0.2340363711118698, 0.16418379545211792, 0.9485073089599609, 0.270883172750473, 0.19474822282791138, -0.30037274956703186, 0.9337286949157715),
            ["RightUpperArm"] = CFrame.new(-3.5762786865234375e-07, 7.152557373046875e-07, 2.9802322387695312e-08, 0.4881386160850525, -0.8382754921913147, 0.24292989075183868, 0.856431245803833, 0.4064730703830719, -0.31828513741493225, 0.1680663675069809, 0.36341989040374756, 0.9163404703140259),
            ["UpperTorso"] = CFrame.new(3.3527612686157227e-08, -1.7881393432617188e-07, 1.9744038581848145e-07, 0.9910949468612671, -0.07016459107398987, 0.11317102611064911, 0.038333307951688766, 0.9642704129219055, 0.26213231682777405, -0.127519890666008, -0.25545987486839294, 0.9583731889724731),
            ["HumanoidRootPart"] = CFrame.new(0, 0, 0, 1, 0, 0, 0, 1, 0, 0, 0, 1),
            ["RightHand"] = CFrame.new(0.0000012516975402832031, 7.152557373046875e-07, -5.960464477539063e-08, 0.45316651463508606, -0.8116297721862793, 0.3686423897743225, 0.8815938234329224, 0.46930167078971863, -0.05048181489109993, -0.13203194737434387, 0.3478693962097168, 0.9281995892524719),
            ["LeftUpperArm"] = CFrame.new(0, 1.1920928955078125e-07, 2.086162567138672e-07, 0.8725153207778931, 0.2335684448480606, 0.4291419982910156, -0.335634708404541, 0.9248193502426147, 0.17904971539974213, -0.35505834221839905, -0.3002583384513855, 0.8853124976158142),
            ["RightLowerArm"] = CFrame.new(-0.0000011920928955078125, -0.000002086162567138672, 1.1920928955078125e-07, 1, -3.725290653733282e-08, 1.4901152667334827e-07, 5.960465898624534e-08, -0.08897817879915237, -0.9960335493087769, 1.0430815677864302e-07, 0.9960336089134216, -0.08897819370031357),
            ["LeftHand"] = CFrame.new(8.195638656616211e-07, 5.960464477539062e-07, 4.917383193969727e-07, 0.7346839308738708, 0.6738649010658264, 0.07839382439851761, -0.6636593341827393, 0.737860918045044, -0.12295342981815338, -0.14069782197475433, 0.03830518573522568, 0.9893113374710083),
            ["RightUpperLeg"] = CFrame.new(-1.4901161193847656e-07, 3.166496753692627e-07, 1.659427653066814e-07, 0.7092207670211792, -0.6824653148651123, -0.17676810920238495, 0.08278899639844894, 0.32963013648986816, -0.940473198890686, 0.700108528137207, 0.65236896276474, 0.2902812659740448),
            ["LeftUpperLeg"] = CFrame.new(2.9802322387695312e-08, 1.7508864402770996e-07, 1.043081283569336e-07, 0.9273273348808289, -0.20413047075271606, 0.3136795461177826, 0.3134731948375702, 0.8815249800682068, -0.35305526852607727, -0.20444715023040771, 0.42572835087776184, 0.8814517259597778),
            ["RightLowerLeg"] = CFrame.new(-1.4156103134155273e-07, -0.0000036954879760742188, -0.00001351365790469572, 1, -1.5832485189548606e-07, -3.504101897533474e-08, 5.774199252073231e-08, 0.48673486709594727, 0.8735496997833252, -1.1175869474300271e-07, -0.8735498785972595, 0.48673510551452637),
            ["RightFoot"] = CFrame.new(2.9802322387695312e-08, 4.172325134277344e-07, -8.119241101667285e-08, 0.9035122394561768, 0.31374892592430115, 0.29193636775016785, -0.3738122880458832, 0.9101072549819946, 0.17880113422870636, -0.2095949351787567, -0.2706780433654785, 0.9395762085914612),
            ["LeftLowerLeg"] = CFrame.new(3.213062882423401e-08, 0.0000033974647521972656, 0.0000133453868329525, 1, 1.1920930376163597e-07, -3.91155481338501e-08, -5.960464477539063e-08, 0.6733613014221191, 0.7393139600753784, 0, -0.7393136024475098, 0.6733608841896057),
        }},
        {Time = 0.100, Data = {
            ["LeftFoot"] = CFrame.new(-1.0244548320770264e-07, -5.960464477539063e-08, 2.9802322387695312e-08, 0.9993085265159607, 0.0029395229648798704, 0.03706544637680054, 0.006085528526455164, 0.9704988598823547, -0.241029292345047, -0.0366799458861351, 0.24108785390853882, 0.9698098301887512),
            ["LeftLowerArm"] = CFrame.new(-7.152557373046875e-07, 0.000001430511474609375, -8.940696716308594e-08, 1, -1.4901162614933128e-07, 7.450577044210149e-08, 8.940699558479537e-08, -0.03475843742489815, -0.9993957877159119, 0, 0.9993958473205566, -0.034758418798446655),
            ["LowerTorso"] = CFrame.new(-0.14753945171833038, -0.21995210647583008, 0.21785315871238708, 0.9484030604362488, 0.21958790719509125, 0.22871999442577362, -0.23395991325378418, 0.9715269207954407, 0.03739400953054428, -0.21399633586406708, -0.08897589147090912, 0.9727737903594971),
            ["Head"] = CFrame.new(-2.8312206268310547e-07, -1.1920928955078125e-07, 8.940696716308594e-08, 0.9741491675376892, -0.10350169241428375, -0.20080038905143738, 0.15737982094287872, 0.948607325553894, 0.27454692125320435, 0.1620648056268692, -0.29905131459236145, 0.9403740167617798),
            ["RightUpperArm"] = CFrame.new(-4.172325134277344e-07, 9.5367431640625e-07, -8.940696716308594e-08, 0.517676830291748, -0.8183160424232483, 0.2497391253709793, 0.8518856763839722, 0.46591389179229736, -0.23919685184955597, 0.0793820396065712, 0.33657583594322205, 0.9383045434951782),
            ["UpperTorso"] = CFrame.new(8.940696716308594e-08, -2.980232238769531e-07, 1.341104507446289e-07, 0.9939862489700317, -0.0656861960887909, 0.08761628717184067, 0.03780415654182434, 0.9567610025405884, 0.2884083390235901, -0.10277241468429565, -0.2833617627620697, 0.9534904956817627),
            ["HumanoidRootPart"] = CFrame.new(0, 0, 0, 1, 0, 0, 0, 1, 0, 0, 0, 1),
            ["RightHand"] = CFrame.new(-2.980232238769531e-07, 2.980232238769531e-07, 5.960464477539062e-07, 0.461257666349411, -0.7962101697921753, 0.3915238678455353, 0.8763654828071594, 0.4777931272983551, -0.06080489978194237, -0.1386539340019226, 0.3711646795272827, 0.9181568622589111),
            ["LeftUpperArm"] = CFrame.new(-1.1920928955078125e-07, 0, 1.4528632164001465e-07, 0.936491847038269, 0.26486605405807495, 0.22984588146209717, -0.28951042890548706, 0.9537853002548218, 0.08048311620950699, -0.19790630042552948, -0.14191430807113647, 0.9698934555053711),
            ["RightLowerArm"] = CFrame.new(-0.0000016093254089355469, -9.5367431640625e-07, 1.51805579662323e-07, 1, -1.341104365337742e-07, 8.940689610881236e-08, 5.960465188081798e-08, -0.12351478636264801, -0.9923427104949951, 1.1827798118702049e-07, 0.9923427700996399, -0.12351485341787338),
            ["LeftHand"] = CFrame.new(0.0000011301599442958832, 5.960464477539063e-08, 1.778826117515564e-07, 0.7428848147392273, 0.6651929616928101, 0.07510244846343994, -0.6403301954269409, 0.7388299703598022, -0.21001827716827393, -0.19519059360027313, 0.10792907327413559, 0.9748086929321289),
            ["RightUpperLeg"] = CFrame.new(-1.1920928955078125e-07, 8.288770914077759e-08, 1.9947037799283862e-07, 0.6710278391838074, -0.7148045897483826, -0.19691547751426697, 0.07712295651435852, 0.33143994212150574, -0.9403188228607178, 0.7374100685119629, 0.615793764591217, 0.2775335907936096),
            ["LeftUpperLeg"] = CFrame.new(-1.1920928955078125e-07, -1.1548399925231934e-07, 1.1920928955078125e-07, 0.9316654801368713, -0.1696046143770218, 0.32130029797554016, 0.2937486171722412, 0.8720571994781494, -0.39144280552864075, -0.2138020396232605, 0.4590758681297302, 0.8622868657112122),
            ["RightLowerLeg"] = CFrame.new(-7.450580596923828e-08, -0.0000036954879760742188, -0.000013290140486788005, 1, -1.6810378156151273e-07, -6.775373151413078e-08, 1.3969838619232178e-07, 0.4671410918235779, 0.8841829895973206, -1.30385160446167e-07, -0.8841828107833862, 0.46714097261428833),
            ["RightFoot"] = CFrame.new(5.587935447692871e-08, 1.7881393432617188e-07, -1.1937663657590747e-07, 0.8652771711349487, 0.3588743805885315, 0.35000574588775635, -0.4470369517803192, 0.8683395981788635, 0.21481327712535858, -0.22683341801166534, -0.34233832359313965, 0.9117847084999084),
            ["LeftLowerLeg"] = CFrame.new(3.096647560596466e-08, 0.000004172325134277344, 0.000013305339962244034, 1, 1.229346224818073e-07, -9.313226634333205e-09, -7.078050856534901e-08, 0.6465042233467102, 0.7629110813140869, -5.5879347371501353e-08, -0.7629105448722839, 0.6465035080909729),
        }},
        {Time = 0.133, Data = {
            ["LeftFoot"] = CFrame.new(9.033828973770142e-08, -5.960464477539063e-08, 0, 0.9996217489242554, -0.01847659796476364, -0.02037322334945202, 0.013840857893228531, 0.9780518412590027, -0.20790231227874756, 0.023767882958054543, 0.2075413018465042, 0.9779374599456787),
            ["LeftLowerArm"] = CFrame.new(8.940696716308594e-08, 0.0000015497207641601562, 2.384185791015625e-07, 1, -5.960465898624534e-08, 5.960462345910855e-08, 1.2665991278026922e-07, 0.06218482553958893, -0.9980646371841431, 2.980233304583635e-08, 0.9980646967887878, 0.06218479573726654),
            ["LowerTorso"] = CFrame.new(-0.13799524307250977, -0.22760868072509766, 0.2575252056121826, 0.9545065760612488, 0.21685494482517242, 0.20467311143875122, -0.22688238322734833, 0.973559558391571, 0.02657683752477169, -0.19349811971187592, -0.07180449366569519, 0.9784694910049438),
            ["Head"] = CFrame.new(-2.980232238769531e-07, 3.5762786865234375e-07, -3.725290298461914e-08, 0.9800288081169128, -0.10730648040771484, -0.1674182265996933, 0.1513766050338745, 0.9485296607017517, 0.27816668152809143, 0.12895208597183228, -0.2979543209075928, 0.9458299875259399),
            ["RightUpperArm"] = CFrame.new(-1.1920928955078125e-07, 0.0000011920928955078125, -8.940696716308594e-08, 0.5395731925964355, -0.8030869960784912, 0.2528083026409149, 0.8419317007064819, 0.5134421586990356, -0.16591674089431763, 0.003443361259996891, 0.3023715317249298, 0.9531840085983276),
            ["UpperTorso"] = CFrame.new(-4.470348358154297e-08, -8.940696716308594e-08, 1.7881393432617188e-07, 0.996221661567688, -0.060512349009513855, 0.06229598820209503, 0.03793926537036896, 0.948466956615448, 0.3145967125892639, -0.07812270522117615, -0.3110446333885193, 0.9471790790557861),
            ["HumanoidRootPart"] = CFrame.new(0, 0, 0, 1, 0, 0, 0, 1, 0, 0, 0, 1),
            ["RightHand"] = CFrame.new(-1.1920928955078125e-07, 1.7881393432617188e-07, 3.5762786865234375e-07, 0.47395414113998413, -0.7774432897567749, 0.41346022486686707, 0.867297887802124, 0.4933146834373474, -0.06659717857837677, -0.15219055116176605, 0.39015695452690125, 0.908083438873291),
            ["LeftUpperArm"] = CFrame.new(0, 3.5762786865234375e-07, 9.872019290924072e-08, 0.962110698223114, 0.27230748534202576, 0.013846505433321, -0.271938681602478, 0.9620193839073181, -0.023836340755224228, -0.01981150545179844, 0.019168058410286903, 0.9996200203895569),
            ["RightLowerArm"] = CFrame.new(-3.5762786865234375e-07, -0.0000010728836059570312, -3.2782554626464844e-07, 1, -4.470347292340193e-08, 1.6391261681292235e-07, 4.470348358154297e-08, -0.16263806819915771, -0.9866857528686523, 1.4901161193847656e-08, 0.9866858124732971, -0.1626380980014801),
            ["LeftHand"] = CFrame.new(0.0000010579824447631836, 0, 5.960464477539063e-08, 0.7510668039321899, 0.6561915278434753, 0.07287906855344772, -0.6121440529823303, 0.7334672808647156, -0.2954747676849365, -0.24734245240688324, 0.17730878293514252, 0.9525666832923889),
            ["RightUpperLeg"] = CFrame.new(-8.940696716308594e-08, 1.1455267667770386e-07, 2.2927270038053393e-07, 0.693039059638977, -0.7036231756210327, -0.15687882900238037, 0.12865252792835236, 0.33483806252479553, -0.9334516525268555, 0.7093274593353271, 0.6267359256744385, 0.3225790560245514),
            ["LeftUpperLeg"] = CFrame.new(-1.1920928955078125e-07, 9.872019290924072e-08, 1.3783574104309082e-07, 0.9356892108917236, -0.13310404121875763, 0.3267554044723511, 0.27280065417289734, 0.8602447509765625, -0.43076494336128235, -0.22375331819057465, 0.4922015070915222, 0.8412327766418457),
            ["RightLowerLeg"] = CFrame.new(-7.82310962677002e-08, -0.000003516674041748047, -0.000013334843970369548, 1, -1.005828522693264e-07, 2.060551906879482e-08, 1.3783575525394554e-07, 0.4248402416706085, 0.9052681922912598, -4.0978196835794733e-08, -0.9052683711051941, 0.4248405396938324),
            ["RightFoot"] = CFrame.new(7.636845111846924e-08, 3.5762786865234375e-07, 2.032174961641431e-08, 0.8551403284072876, 0.37858134508132935, 0.3541339039802551, -0.4608788788318634, 0.8679625391960144, 0.1850193440914154, -0.23733070492744446, -0.32143017649650574, 0.9167098999023438),
            ["LeftLowerLeg"] = CFrame.new(-2.2817403078079224e-08, 0.000003993511199951172, 0.000013356097042560577, 1, 1.0058285937475375e-07, 7.450577044210149e-08, -8.940696716308594e-08, 0.6218929290771484, 0.7831029891967773, 9.313225746154785e-09, -0.7831023335456848, 0.6218920946121216),
        }},
        {Time = 0.167, Data = {
            ["LeftFoot"] = CFrame.new(-1.955777406692505e-08, -5.960464477539063e-08, -4.470348358154297e-08, 0.9956846237182617, -0.04449276253581047, -0.08144049346446991, 0.030387844890356064, 0.9855073690414429, -0.16688910126686096, 0.08768583834171295, 0.1636938452720642, 0.9826064705848694),
            ["LeftLowerArm"] = CFrame.new(-5.364418029785156e-07, 4.172325134277344e-07, -1.4156103134155273e-07, 1, -7.450580596923828e-08, 5.401666314241993e-08, 2.607702498380604e-08, 0.15625950694084167, -0.9877160787582397, 6.705521116145974e-08, 0.987716019153595, 0.15625952184200287),
            ["LowerTorso"] = CFrame.new(-0.12844592332839966, -0.23533320426940918, 0.2971842885017395, 0.9599823355674744, 0.2139749526977539, 0.18068934977054596, -0.22033587098121643, 0.9752984642982483, 0.015657493844628334, -0.17287573218345642, -0.05484326556324959, 0.9834156036376953),
            ["Head"] = CFrame.new(-1.2665987014770508e-07, 0, -3.166496753692627e-08, 0.9845973253250122, -0.11225928366184235, -0.13403740525245667, 0.14647012948989868, 0.9482419490814209, 0.28175148367881775, 0.09547080844640732, -0.297044038772583, 0.950079083442688),
            ["RightUpperArm"] = CFrame.new(-1.1920928955078125e-07, 0.000001430511474609375, 5.960464477539063e-08, 0.5535440444946289, -0.7964578866958618, 0.2434009611606598, 0.8312821388244629, 0.5461507439613342, -0.10338983684778214, -0.05058765038847923, 0.2595657408237457, 0.9643996357917786),
            ["UpperTorso"] = CFrame.new(8.568167686462402e-08, -3.5762786865234375e-07, 2.421438694000244e-07, 0.9978206753730774, -0.05472332984209061, 0.03686806559562683, 0.03894168883562088, 0.9394453763961792, 0.34047919511795044, -0.05326768755912781, -0.33830147981643677, 0.9395290017127991),
            ["HumanoidRootPart"] = CFrame.new(0, 0, 0, 1, 0, 0, 0, 1, 0, 0, 0, 1),
            ["RightHand"] = CFrame.new(1.7881393432617188e-07, 1.7881393432617188e-07, 0, 0.49430036544799805, -0.7530875205993652, 0.4341963529586792, 0.8509418368339539, 0.5212693214416504, -0.0646238774061203, -0.17766587436199188, 0.40141940116882324, 0.8984973430633545),
            ["LeftUpperArm"] = CFrame.new(5.960464477539063e-08, 2.384185791015625e-07, 2.6961788535118103e-07, 0.944644033908844, 0.26000815629959106, -0.20010852813720703, -0.2867918312549591, 0.9506131410598755, -0.11868037283420563, 0.15936796367168427, 0.1695004105567932, 0.9725592732429504),
            ["RightLowerArm"] = CFrame.new(-0.0000015497207641601562, -0.0000011920928955078125, -2.384185791015625e-07, 1, -6.51925802230835e-08, 1.639126736563412e-07, 8.94070240065048e-08, -0.20961886644363403, -0.977783203125, 5.2154096152889906e-08, 0.977783203125, -0.20961883664131165),
            ["LeftHand"] = CFrame.new(8.996576070785522e-07, 5.960464477539063e-08, 7.301568984985352e-07, 0.7578839659690857, 0.6484135389328003, 0.07191452383995056, -0.5816802382469177, 0.7215353846549988, -0.3755462169647217, -0.295398086309433, 0.24278919398784637, 0.924009382724762),
            ["RightUpperLeg"] = CFrame.new(1.1920928955078125e-07, 1.4808028936386108e-07, 2.8515205485746264e-07, 0.7321311235427856, -0.674592137336731, -0.09439036250114441, 0.1981879621744156, 0.34353873133659363, -0.9179882407188416, 0.6516944169998169, 0.6533809304237366, 0.3852117359638214),
            ["LeftUpperLeg"] = CFrame.new(-5.960464477539063e-08, 4.637986421585083e-07, 1.341104507446289e-07, 0.9386441707611084, -0.09400343894958496, 0.3318289816379547, 0.25049275159835815, 0.8471654057502747, -0.4685763120651245, -0.23706629872322083, 0.5229476690292358, 0.8187342882156372),
            ["RightLowerLeg"] = CFrame.new(7.078051567077637e-08, -0.0000037550926208496094, -0.000013394448615144938, 1, -1.7881397695873602e-07, -6.891789183782748e-08, 6.705522537231445e-08, 0.3741491734981537, 0.9273686408996582, -1.0058283805847168e-07, -0.9273686408996582, 0.3741491436958313),
            ["RightFoot"] = CFrame.new(-1.0151416063308716e-07, 4.172325134277344e-07, 1.6596459317952394e-08, 0.8550796508789062, 0.39245614409446716, 0.3388465344905853, -0.4555969834327698, 0.8806910514831543, 0.12967270612716675, -0.24752841889858246, -0.26525741815567017, 0.9318626523017883),
            ["LeftLowerLeg"] = CFrame.new(-5.634501576423645e-08, 0.000003635883331298828, 0.000013364478945732117, 1, 7.4505820180093e-08, 4.749745841081676e-08, -6.705522537231445e-08, 0.6010338068008423, 0.7992238998413086, 3.5390257835388184e-08, -0.7992235422134399, 0.6010333895683289),
        }},
        {Time = 0.200, Data = {
            ["LeftFoot"] = CFrame.new(5.587935447692871e-08, 5.960464477539063e-08, 7.450580596923828e-09, 0.9860556721687317, -0.07771763950586319, -0.14715349674224854, 0.0599295049905777, 0.9907584190368652, -0.12168183922767639, 0.15525083243846893, 0.11116570234298706, 0.9816004633903503),
            ["LeftLowerArm"] = CFrame.new(-8.940696716308594e-08, 0.0000016093254089355469, -9.685754776000977e-08, 1, -7.450581307466564e-08, 8.940689610881236e-08, 8.940698137394065e-08, 0.24458716809749603, -0.9696273803710938, 4.4703490686970326e-08, 0.9696273803710938, 0.24458713829517365),
            ["LowerTorso"] = CFrame.new(-0.11888723075389862, -0.24323368072509766, 0.336812287569046, 0.9647115468978882, 0.2113877385854721, 0.15699321031570435, -0.21478217840194702, 0.9766503572463989, 0.0047834631986916065, -0.15231628715991974, -0.038334012031555176, 0.987588107585907),
            ["Head"] = CFrame.new(-1.4528632164001465e-07, -1.1920928955078125e-07, 1.3969838619232178e-07, 0.9878256916999817, -0.11859429627656937, -0.10067696869373322, 0.1428583413362503, 0.9477294087409973, 0.2853078544139862, 0.06157869100570679, -0.2962167263031006, 0.9531336426734924),
            ["RightUpperArm"] = CFrame.new(-5.960464477539063e-08, 8.344650268554688e-07, 1.341104507446289e-07, 0.5634590983390808, -0.7955440282821655, 0.22276344895362854, 0.8214749097824097, 0.5681495666503906, -0.04883875697851181, -0.08770940452814102, 0.21051329374313354, 0.9736484289169312),
            ["UpperTorso"] = CFrame.new(1.4156103134155273e-07, -2.384185791015625e-07, 1.8440186977386475e-07, 0.9987503886222839, -0.048680953681468964, 0.0113056106492877, 0.041177209466695786, 0.9297636151313782, 0.36584728956222534, -0.028321396559476852, -0.3649245798587799, 0.9306063055992126),
            ["HumanoidRootPart"] = CFrame.new(0, 0, 0, 1, 0, 0, 0, 1, 0, 0, 0, 1),
            ["RightHand"] = CFrame.new(4.76837158203125e-07, 1.1920928955078125e-07, -1.4901161193847656e-07, 0.5199606418609619, -0.7228893637657166, 0.4550515115261078, 0.8270692825317383, 0.559238851070404, -0.056643422693014145, -0.21353553235530853, 0.40581145882606506, 0.888661801815033),
            ["LeftUpperArm"] = CFrame.new(-2.384185791015625e-07, 1.1920928955078125e-07, 3.986060619354248e-07, 0.8879501223564148, 0.23720704019069672, -0.39405253529548645, -0.33122217655181885, 0.924221396446228, -0.1900174617767334, 0.3191182613372803, 0.29924511909484863, 0.8992307186126709),
            ["RightLowerArm"] = CFrame.new(-5.066394805908203e-07, -0.0000021457672119140625, -4.172325134277344e-07, 1, -1.0430809993522416e-07, 1.3411033705779118e-07, 0, -0.26376262307167053, -0.9645876884460449, 5.960465188081798e-08, 0.9645876884460449, -0.26376259326934814),
            ["LeftHand"] = CFrame.new(0.0000011473894119262695, 4.76837158203125e-07, 3.5762786865234375e-07, 0.7620702981948853, 0.6434784531593323, 0.07200214266777039, -0.5521044135093689, 0.7038664221763611, -0.4469372630119324, -0.33827435970306396, 0.3008449375629425, 0.8916629552841187),
            ["RightUpperLeg"] = CFrame.new(5.960464477539063e-08, -2.4400651454925537e-07, 2.1437153918668628e-07, 0.7805926203727722, -0.6247848868370056, -0.017861293628811836, 0.26863130927085876, 0.3611502945423126, -0.8929767608642578, 0.5643690824508667, 0.6922531723976135, 0.44974851608276367),
            ["LeftUpperLeg"] = CFrame.new(1.1920928955078125e-07, -3.725290298461914e-09, 9.220093488693237e-08, 0.9395566582679749, -0.05166134983301163, 0.33847349882125854, 0.22694887220859528, 0.8341616988182068, -0.5026609897613525, -0.25637373328208923, 0.5490952134132385, 0.795466959476471),
            ["RightLowerLeg"] = CFrame.new(3.725290298461914e-08, -0.0000036954879760742188, -0.000013088974810671061, 1, -1.366716020356762e-07, -7.078055119791316e-08, 1.6763806343078613e-07, 0.31530794501304626, 0.9489894509315491, -8.940696716308594e-08, -0.9489894509315491, 0.31530824303627014),
            ["RightFoot"] = CFrame.new(3.3527612686157227e-08, 1.1920928955078125e-07, -5.75528247281909e-09, 0.8733711242675781, 0.387113094329834, 0.2955772876739502, -0.42179620265960693, 0.9045969247817993, 0.061585795134305954, -0.24353820085525513, -0.17845992743968964, 0.953331708908081),
            ["LeftLowerLeg"] = CFrame.new(-2.3283064365386963e-08, 0.000003933906555175781, 0.000013311393558979034, 1, 8.38190601371025e-08, -9.313222415485711e-10, -1.2479722499847412e-07, 0.5852549076080322, 0.810850203037262, 2.7939677238464355e-08, -0.8108494877815247, 0.5852537751197815),
        }},
        {Time = 0.233, Data = {
            ["LeftFoot"] = CFrame.new(6.00120984017849e-08, -5.960464477539063e-08, -3.3527612686157227e-08, 0.9685191512107849, -0.12042360752820969, -0.21787279844284058, 0.1062641516327858, 0.9914581179618835, -0.07562419027090073, 0.2251191884279251, 0.050091203302145004, 0.9730428457260132),
            ["LeftLowerArm"] = CFrame.new(-4.470348358154297e-07, 0.0000013709068298339844, -2.980232238769531e-07, 1, -8.940696716308594e-08, 8.940692453052179e-08, 6.705523958316917e-08, 0.32473573088645935, -0.9458047747612, 6.332994928470725e-08, 0.9458047747612, 0.3247357904911041),
            ["LowerTorso"] = CFrame.new(-0.1093120202422142, -0.25140929222106934, 0.376389741897583, 0.9685997366905212, 0.2095518410205841, 0.13380058109760284, -0.2106742411851883, 0.9775387644767761, -0.005874475929886103, -0.13202625513076782, -0.022498318925499916, 0.9909908771514893),
            ["Head"] = CFrame.new(-2.1606683731079102e-07, 2.384185791015625e-07, 3.334134817123413e-07, 0.9896876811981201, -0.12649717926979065, -0.06720829755067825, 0.14065483212471008, 0.9469826817512512, 0.2888602614402771, 0.02710507996380329, -0.2953343689441681, 0.9550093412399292),
            ["RightUpperArm"] = CFrame.new(-4.76837158203125e-07, 0.000001430511474609375, 1.341104507446289e-07, 0.5726603865623474, -0.7952346801757812, 0.1991530805826187, 0.811003565788269, 0.5850275158882141, 0.004039787221699953, -0.1197223961353302, 0.1592005342245102, 0.9799601435661316),
            ["UpperTorso"] = CFrame.new(1.6205012798309326e-07, -2.384185791015625e-07, 2.3795291781425476e-07, 0.9989862442016602, -0.0426056832075119, -0.014540057629346848, 0.04490002244710922, 0.9195416569709778, 0.3904193937778473, -0.0032639082055538893, -0.39067646861076355, 0.9205223321914673),
            ["HumanoidRootPart"] = CFrame.new(0, 0, 0, 1, 0, 0, 0, 1, 0, 0, 0, 1),
            ["RightHand"] = CFrame.new(2.980232238769531e-07, -5.960464477539063e-08, 8.940696716308594e-08, 0.5461060404777527, -0.6885554194450378, 0.4771369993686676, 0.7982417345046997, 0.6004968881607056, -0.047049883753061295, -0.25412291288375854, 0.4065648019313812, 0.8775686621665955),
            ["LeftUpperArm"] = CFrame.new(-1.1920928955078125e-07, 0, 4.507601261138916e-07, 0.8034738302230835, 0.2163691371679306, -0.5546299815177917, -0.39729923009872437, 0.8886932134628296, -0.2288617640733719, 0.4433771073818207, 0.4042385220527649, 0.8000050187110901),
            ["RightLowerArm"] = CFrame.new(-0.0000014901161193847656, -0.0000017881393432617188, 0, 1, -1.6018741177958873e-07, 1.6391261681292235e-07, 4.936009645462036e-08, -0.32148832082748413, -0.9469135403633118, 7.450580596923828e-08, 0.9469135403633118, -0.32148832082748413),
            ["LeftHand"] = CFrame.new(4.470348358154297e-07, 4.76837158203125e-07, 2.980232238769531e-07, 0.7624287605285645, 0.6429823040962219, 0.07263677567243576, -0.5269543528556824, 0.6821195483207703, -0.5069833397865295, -0.37552815675735474, 0.34826236963272095, 0.8588899374008179),
            ["RightUpperLeg"] = CFrame.new(1.1920928955078125e-07, 2.3515895009040833e-07, 2.907399903051555e-07, 0.8287621140480042, -0.5561121702194214, 0.06239115074276924, 0.328529417514801, 0.39325782656669617, -0.8587293028831482, 0.4530143141746521, 0.732180118560791, 0.5086171627044678),
            ["LeftUpperLeg"] = CFrame.new(-2.384185791015625e-07, 1.6577541828155518e-07, 1.955777406692505e-07, 0.9371377229690552, -0.005409497767686844, 0.34891775250434875, 0.20257791876792908, 0.8225815892219543, -0.5313391089439392, -0.2841392159461975, 0.5686214566230774, 0.7719684839248657),
            ["RightLowerLeg"] = CFrame.new(6.705522537231445e-08, -0.000003635883331298828, -0.000013427976227831095, 1, -1.8253929567890737e-07, -1.0058288779646318e-07, 2.3841863594498136e-07, 0.25787559151649475, 0.9661781787872314, -5.960465898624534e-08, -0.9661781787872314, 0.2578756809234619),
            ["RightFoot"] = CFrame.new(-1.862645149230957e-09, 3.5762786865234375e-07, -2.029992174357176e-09, 0.9019203186035156, 0.3651178479194641, 0.23071299493312836, -0.37213677167892456, 0.9280731081962585, -0.013948961161077023, -0.21921224892139435, -0.07327514886856079, 0.9729219079017639),
            ["LeftLowerLeg"] = CFrame.new(5.494803190231323e-08, 0.0000037550926208496094, 0.000013431534171104431, 1, 9.685758328714655e-08, 4.8836227506399155e-08, -1.2293455142753373e-07, 0.5759301781654358, 0.8174994587898254, 1.5133988506832452e-09, -0.8174989819526672, 0.5759294033050537),
        }},
        {Time = 0.267, Data = {
            ["LeftFoot"] = CFrame.new(-1.7229467630386353e-08, -1.1920928955078125e-07, 2.293381839990616e-08, 0.940567672252655, -0.17192105948925018, -0.2928737699985504, 0.17078977823257446, 0.9848618507385254, -0.02963651344180107, 0.29353582859039307, -0.02214476279914379, 0.9556917548179626),
            ["LeftLowerArm"] = CFrame.new(-2.682209014892578e-07, 5.960464477539063e-08, -2.980232238769531e-07, 1, -5.960467319710006e-08, 2.9802315282267955e-08, 9.313229298868464e-08, 0.3945932984352112, -0.9188558459281921, 7.823112468940963e-08, 0.9188559055328369, 0.3945932686328888),
            ["LowerTorso"] = CFrame.new(-0.09971464425325394, -0.2599670886993408, 0.4158981144428253, 0.9715714454650879, 0.20894205570220947, 0.11131994426250458, -0.20845529437065125, 0.9778990149497986, -0.016124708577990532, -0.11222878098487854, -0.007538921199738979, 0.9936537742614746),
            ["Head"] = CFrame.new(-2.3655593395233154e-07, 2.384185791015625e-07, 2.6263296604156494e-07, 0.9900833964347839, -0.1363624483346939, -0.0337674543261528, 0.14025776088237762, 0.945980429649353, 0.29231640696525574, -0.007917565293610096, -0.29415363073349, 0.9557253122329712),
            ["RightUpperArm"] = CFrame.new(-5.960464477539063e-08, 8.344650268554688e-07, 1.341104507446289e-07, 0.5809762477874756, -0.7951608300209045, 0.17374099791049957, 0.8003638982772827, 0.5969293713569641, 0.05561473220586777, -0.14793351292610168, 0.10674524307250977, 0.9832197427749634),
            ["UpperTorso"] = CFrame.new(2.421438694000244e-08, 2.086162567138672e-07, 1.4423858374357224e-07, 0.9984709024429321, -0.03676242753863335, -0.04128461331129074, 0.050581660121679306, 0.9088687896728516, 0.4140039086341858, 0.022302458062767982, -0.4154590666294098, 0.9093384742736816),
            ["HumanoidRootPart"] = CFrame.new(0, 0, 0, 1, 0, 0, 0, 1, 0, 0, 0, 1),
            ["RightHand"] = CFrame.new(4.76837158203125e-07, -1.1920928955078125e-07, 1.1920928955078125e-07, 0.5716207027435303, -0.6504980325698853, 0.5001022815704346, 0.7644920945167542, 0.6435884237289429, -0.036685407161712646, -0.2979961633682251, 0.4032944142818451, 0.8651890754699707),
            ["LeftUpperArm"] = CFrame.new(-3.5762786865234375e-07, 1.1920928955078125e-07, 1.7881393432617188e-07, 0.7073564529418945, 0.2102178931236267, -0.6748743653297424, -0.4747105836868286, 0.8486857414245605, -0.2331998497247696, 0.523733377456665, 0.48532548546791077, 0.7001160383224487),
            ["RightLowerArm"] = CFrame.new(-0.0000012516975402832031, -0.0000013113021850585938, 1.7881393432617188e-07, 1, -4.4703490686970326e-08, 1.341103512686459e-07, 1.1548401346317405e-07, -0.38114792108535767, -0.9245140552520752, 7.450581307466564e-08, 0.92451411485672, -0.38114795088768005),
            ["LeftHand"] = CFrame.new(6.556510925292969e-07, 1.1920928955078125e-07, 5.364418029785156e-07, 0.7577791810035706, 0.6483938097953796, 0.07318558543920517, -0.5099027752876282, 0.6584123373031616, -0.553617537021637, -0.4071485102176666, 0.3822023272514343, 0.8295489549636841),
            ["RightUpperLeg"] = CFrame.new(0, 3.0174851417541504e-07, 1.3241515262052417e-07, 0.869505763053894, -0.4740526080131531, 0.13868671655654907, 0.3683956265449524, 0.43540287017822266, -0.8214063048362732, 0.32900527119636536, 0.7653093934059143, 0.5532248020172119),
