return {
    ["Twist"] = {
        {Time = 0.000, Data = {
            ["LeftFoot"] = CFrame.new(8.940696716308594e-08, -1.7881393432617188e-07, -2.9802322387695312e-08, 0.9225782752037048, -0.3849914073944092, -0.025120113044977188, 0.3625611960887909, 0.8874046802520752, -0.2847139835357666, 0.13190457224845886, 0.2535635828971863, 0.9582834243774414),
            ["LeftLowerArm"] = CFrame.new(-3.8743019104003906e-07, 4.172325134277344e-07, -7.450580596923828e-07, 1, -2.235174747511337e-07, 1.7881389169360773e-07, 5.960465188081798e-08, -0.3730933964252472, -0.9277939796447754, 1.3411046495548362e-07, 0.9277938604354858, -0.3730930685997009),
            ["LowerTorso"] = CFrame.new(-0.023856746032834053, -0.31716489791870117, 0.046459730714559555, 0.8688247799873352, 0.1305648237466812, -0.47759416699409485, -0.150504469871521, 0.9886031150817871, -0.0035280382726341486, 0.47169044613838196, 0.07494515925645828, 0.878573477268219),
            ["Head"] = CFrame.new(-6.76955096423626e-08, -2.384185791015625e-07, 4.6566128730773926e-09, 0.9723668098449707, -0.14355263113975525, -0.18410751223564148, 0.17445020377635956, 0.9708500504493713, 0.16436974704265594, 0.15514512360095978, -0.19194519519805908, 0.9690650105476379),
            ["RightUpperArm"] = CFrame.new(-5.960464477539063e-08, -1.1920928955078125e-07, 2.9802322387695312e-08, 0.18911322951316833, -0.18562428653240204, 0.9642509818077087, 0.4522892236709595, 0.8880703449249268, 0.08225412666797638, -0.8715908527374268, 0.4205649495124817, 0.2519017159938812),
            ["UpperTorso"] = CFrame.new(1.30385160446167e-08, -2.384185791015625e-07, -1.955777406692505e-08, 0.9527426362037659, 0.02724854275584221, 0.3025542199611664, -0.07153979688882828, 0.9880824685096741, 0.13629081845283508, -0.29523468017578125, -0.15149471163749695, 0.943337619304657),
            ["HumanoidRootPart"] = CFrame.new(0, 0, 0, 1, 0, 0, 0, 1, 0, 0, 0, 1),
            ["RightHand"] = CFrame.new(0, 1.7881393432617188e-07, -1.1920928955078125e-07, 0.9107144474983215, -0.28264638781547546, 0.301181435585022, 0.28793323040008545, 0.9572503566741943, 0.027686012908816338, -0.2961312532424927, 0.061505794525146484, 0.9531648755073547),
            ["LeftUpperArm"] = CFrame.new(0, -2.384185791015625e-07, 1.4901161193847656e-08, 0.8065075874328613, -0.08792996406555176, 0.5846484303474426, -0.45658063888549805, 0.5356048345565796, 0.710395336151123, -0.3756055533885956, -0.839878499507904, 0.3918222188949585),
            ["RightLowerArm"] = CFrame.new(1.7881393432617188e-07, 2.980232238769531e-07, 2.980232238769531e-07, 1, -8.940698847936801e-08, 5.960463056453591e-08, 1.2852251529693604e-07, -0.49109503626823425, -0.8711060881614685, 1.0803341865539551e-07, 0.8711060285568237, -0.4910948574542999),
            ["LeftHand"] = CFrame.new(-1.448206603527069e-07, 2.980232238769531e-07, 7.543712854385376e-08, 0.984775722026825, -0.135461688041687, -0.10893595963716507, 0.14061389863491058, 0.9892129302024841, 0.041057437658309937, 0.10219903290271759, -0.055750325322151184, 0.9932006001472473),
            ["RightUpperLeg"] = CFrame.new(-2.9802322387695312e-08, -3.166496753692627e-07, -3.755121724680066e-08, 0.8887746930122375, -0.44850581884384155, 0.09445741027593613, 0.36943158507347107, 0.5790063142776489, -0.7268235087394714, 0.2712929844856262, 0.6808775067329407, 0.6802980899810791),
            ["LeftUpperLeg"] = CFrame.new(0, -2.076849341392517e-07, 1.257285475730896e-08, 0.9801998734474182, 0.14220939576625824, -0.13778474926948547, -0.18322914838790894, 0.9152238965034485, -0.35887667536735535, 0.07506819069385529, 0.37701696157455444, 0.9231591820716858),
            ["RightLowerLeg"] = CFrame.new(2.60770320892334e-08, -0.0000603795051574707, -0.00007207149610621855, 1, -2.086161856595936e-07, -5.960468030252741e-08, 1.6391278734317893e-07, 0.26924943923950195, 0.9630703926086426, -1.3411046495548362e-07, -0.9630705118179321, 0.2692500650882721),
            ["RightFoot"] = CFrame.new(1.4901161193847656e-08, 2.980232238769531e-07, -8.77116690389812e-08, 0.8657597899436951, 0.21439622342586517, 0.4530324637889862, 0.017772236838936806, 0.889985203742981, -0.4558087885379791, -0.5001441836357117, 0.4024433195590973, 0.7661592960357666),
            ["LeftLowerLeg"] = CFrame.new(1.7881393432617188e-07, 0.0000603795051574707, 0.00007206201553344727, 1, 4.470348358154297e-08, 1.4901159417490817e-08, -5.2154071283894154e-08, 0.44497397541999817, 0.8955434560775757, 3.725290653733282e-08, -0.8955435752868652, 0.4449739456176758),
        }},
        {Time = 0.033, Data = {
            ["LeftFoot"] = CFrame.new(-3.725290298461914e-08, -5.960464477539063e-08, 5.21540641784668e-08, 0.9252573251724243, -0.37898942828178406, 0.016306480392813683, 0.36763155460357666, 0.8852724432945251, -0.28485018014907837, 0.09351992607116699, 0.26955509185791016, 0.9584333896636963),
            ["LeftLowerArm"] = CFrame.new(3.2782554626464844e-07, 0, 0, 1, -5.960468030252741e-08, 5.215404996761208e-08, 7.450580596923828e-08, -0.3750167787075043, -0.9270181655883789, 1.2665987014770508e-07, 0.9270181059837341, -0.3750164806842804),
            ["LowerTorso"] = CFrame.new(-0.02541586011648178, -0.30918455123901367, 0.04560564085841179, 0.867178201675415, 0.12443816661834717, -0.48220017552375793, -0.14549042284488678, 0.9893394708633423, -0.006334051489830017, 0.47627151012420654, 0.07564812898635864, 0.876038134098053),
            ["Head"] = CFrame.new(-2.4010660126805305e-08, 1.1920928955078125e-07, 5.471520125865936e-09, 0.9734862446784973, -0.13675284385681152, -0.18336650729179382, 0.16622671484947205, 0.9736077189445496, 0.15638646483421326, 0.15714074671268463, -0.18272025883197784, 0.9705256223678589),
            ["RightUpperArm"] = CFrame.new(2.384185791015625e-07, -2.384185791015625e-07, -4.470348358154297e-08, 0.20628827810287476, -0.18209901452064514, 0.9613975286483765, 0.42661282420158386, 0.9009675979614258, 0.07911417633295059, -0.8805945515632629, 0.3938240110874176, 0.2635447084903717),
            ["UpperTorso"] = CFrame.new(-1.30385160446167e-08, 5.960464477539063e-08, 2.7939677238464355e-09, 0.9584596753120422, 0.030133405700325966, 0.2836321294307709, -0.07251691073179245, 0.9874723553657532, 0.1401420682668686, -0.2758559286594391, -0.15488865971565247, 0.9486374258995056),
            ["HumanoidRootPart"] = CFrame.new(0, 0, 0, 1, 0, 0, 0, 1, 0, 0, 0, 1),
            ["RightHand"] = CFrame.new(0, -1.1920928955078125e-07, 2.384185791015625e-07, 0.9031798243522644, -0.1843481808900833, 0.3876623809337616, 0.2647228538990021, 0.9501145482063293, -0.1649380922317505, -0.33791738748550415, 0.2515914738178253, 0.9069251418113708),
            ["LeftUpperArm"] = CFrame.new(-1.1920928955078125e-07, -1.1920928955078125e-07, 2.2351741790771484e-08, 0.8200174570083618, -0.1033877283334732, 0.5629231333732605, -0.41849344968795776, 0.5626301169395447, 0.7129589915275574, -0.39042866230010986, -0.8202185034751892, 0.41809937357902527),
            ["RightLowerArm"] = CFrame.new(1.1920928955078125e-07, -3.5762786865234375e-07, -8.940696716308594e-08, 1, -1.4901166878189542e-07, 1.4901158351676713e-07, 9.126962652317161e-08, -0.4931223392486572, -0.8699601292610168, 1.527369164477932e-07, 0.8699599504470825, -0.4931221604347229),
            ["LeftHand"] = CFrame.new(1.7601996660232544e-07, -1.1920928955078125e-07, -1.7508864402770996e-07, 0.985343337059021, -0.13604320585727692, -0.10291110724210739, 0.14020121097564697, 0.9895296096801758, 0.03427645191550255, 0.09717061370611191, -0.048202455043792725, 0.9940998554229736),
            ["RightUpperLeg"] = CFrame.new(-5.960464477539063e-08, 1.1175870895385742e-08, -2.9634975362569094e-08, 0.8992583751678467, -0.422605037689209, 0.112869031727314, 0.37080782651901245, 0.5996306538581848, -0.7091860771179199, 0.23202566802501678, 0.679594099521637, 0.6959279775619507),
            ["LeftUpperLeg"] = CFrame.new(0, 3.818422555923462e-08, 3.91155481338501e-08, 0.9851333498954773, 0.14232975244522095, -0.09620094299316406, -0.16754618287086487, 0.919738233089447, -0.3549787998199463, 0.03795548155903816, 0.3658194839954376, 0.9299116134643555),
            ["RightLowerLeg"] = CFrame.new(0, -0.000060558319091796875, -0.00007199699030024931, 1, -8.195637946073475e-08, -9.685761881428334e-08, 1.49011640360186e-07, 0.28884807229042053, 0.9573748707771301, -1.0430815677864302e-07, -0.9573749303817749, 0.2888486385345459),
            ["RightFoot"] = CFrame.new(-7.450580596923828e-09, 2.384185791015625e-07, -2.0656443666666746e-08, 0.880265474319458, 0.21898828446865082, 0.42176559567451477, -0.00332499947398901, 0.8900942206382751, -0.45594388246536255, -0.4744698107242584, 0.39972051978111267, 0.7837275862693787),
            ["LeftLowerLeg"] = CFrame.new(5.960464477539063e-08, 0.00006073713302612305, 0.00007212162017822266, 1, 1.4901159417490817e-08, 4.4703490686970326e-08, -2.9802322387695312e-08, 0.4430898427963257, 0.8964771628379822, 3.725290298461914e-08, -0.8964771628379822, 0.4430900812149048),
        }},
        {Time = 0.067, Data = {
            ["LeftFoot"] = CFrame.new(-1.4901161193847656e-08, 0, -1.862645149230957e-08, 0.9282532334327698, -0.35545048117637634, 0.10954871028661728, 0.3719194531440735, 0.8832998275756836, -0.28540703654289246, 0.004684035200625658, 0.3056737184524536, 0.9521249532699585),
            ["LeftLowerArm"] = CFrame.new(-3.8743019104003906e-07, 5.960464477539063e-08, 1.1920928955078125e-07, 1, -1.043081780949251e-07, 1.6391271628890536e-07, 1.266598985694145e-07, -0.379310667514801, -0.9252694249153137, 1.3411047916633834e-07, 0.925269365310669, -0.3793104887008667),
            ["LowerTorso"] = CFrame.new(-0.02726481854915619, -0.28936767578125, 0.04548250138759613, 0.8704472780227661, 0.10859130322933197, -0.4801347851753235, -0.13186368346214294, 0.9911561012268066, -0.01488998532295227, 0.4742715358734131, 0.07627314329147339, 0.8770683407783508),
            ["Head"] = CFrame.new(-3.1315721571445465e-08, 0, 1.30385160446167e-08, 0.9759681820869446, -0.12045828998088837, -0.18159297108650208, 0.1460503488779068, 0.9800444841384888, 0.13484130799770355, 0.16172641515731812, -0.15812239050865173, 0.9740851521492004),
            ["RightUpperArm"] = CFrame.new(0, 1.1920928955078125e-07, 2.9802322387695312e-08, 0.268107533454895, -0.18633012473583221, 0.945198118686676, 0.3602379858493805, 0.9293355345726013, 0.08102082461118698, -0.8935026526451111, 0.31877392530441284, 0.31628501415252686),
            ["UpperTorso"] = CFrame.new(1.862645149230957e-09, 2.384185791015625e-07, -8.847564458847046e-09, 0.9718093276023865, 0.041003257036209106, 0.23217549920082092, -0.07757497578859329, 0.9855383634567261, 0.15065321326255798, -0.2226405292749405, -0.16441717743873596, 0.9609360694885254),
            ["HumanoidRootPart"] = CFrame.new(0, 0, 0, 1, 0, 0, 0, 1, 0, 0, 0, 1),
            ["RightHand"] = CFrame.new(8.940696716308594e-08, 5.960464477539063e-08, 1.7881393432617188e-07, 0.896723210811615, -0.11250115185976028, 0.42805513739585876, 0.25776979327201843, 0.9189479947090149, -0.29847875237464905, -0.3597809374332428, 0.3779922425746918, 0.8530411124229431),
            ["LeftUpperArm"] = CFrame.new(0, 0, 2.9802322387695312e-08, 0.8570795655250549, -0.12804895639419556, 0.4990173876285553, -0.3152849078178406, 0.6356817483901978, 0.7046304941177368, -0.40744340419769287, -0.761256992816925, 0.5044577717781067),
            ["RightLowerArm"] = CFrame.new(-1.1920928955078125e-07, -1.7881393432617188e-07, -5.960464477539063e-08, 1, -1.4901166522918174e-08, 1.043081283569336e-07, 1.2852255792950018e-07, -0.5009796023368835, -0.8654592633247375, 2.8125953122071223e-07, 0.865459144115448, -0.5009793639183044),
            ["LeftHand"] = CFrame.new(-1.0058283805847168e-07, -5.960464477539063e-08, -2.2351741790771484e-07, 0.9874336123466492, -0.1323200762271881, -0.08640744537115097, 0.13540731370449066, 0.9903087615966797, 0.030878592282533646, 0.08148450404405594, -0.04219095781445503, 0.9957813024520874),
            ["RightUpperLeg"] = CFrame.new(5.960464477539063e-08, 2.2351741790771484e-08, -1.1008523870259523e-08, 0.9183236360549927, -0.3647562861442566, 0.15373605489730835, 0.37016206979751587, 0.6537711024284363, -0.6599722504615784, 0.1402207612991333, 0.6629753112792969, 0.7353923916816711),
            ["LeftUpperLeg"] = CFrame.new(5.960464477539063e-08, 6.798654794692993e-08, 1.6763806343078613e-08, 0.9901875853538513, 0.1396350860595703, -0.005544002633541822, -0.13259874284267426, 0.9262869954109192, -0.35271787643432617, -0.04411640018224716, 0.349992036819458, 0.9357132911682129),
            ["RightLowerLeg"] = CFrame.new(-6.705522537231445e-08, -0.000060498714447021484, -0.00007200071559054777, 1, -2.8312203426139604e-07, -1.3411050758804777e-07, 5.960463766996327e-08, 0.33588874340057373, 0.9419015645980835, -1.0430811414607888e-07, -0.9419017434120178, 0.33588913083076477),
            ["RightFoot"] = CFrame.new(-1.564621925354004e-07, 2.980232238769531e-07, 7.620110409334302e-08, 0.9140104651451111, 0.22952403128147125, 0.3354172110557556, -0.05534185469150543, 0.8875855207443237, -0.45751824975013733, -0.4018982946872711, 0.39938807487487793, 0.8235122561454773),
            ["LeftLowerLeg"] = CFrame.new(-1.043081283569336e-07, 0.00006073713302612305, 0.00007209181785583496, 1, 7.450579886381092e-08, 8.940698137394065e-08, -1.0803340444454079e-07, 0.4408207833766937, 0.8975951075553894, 2.9802318834981634e-08, -0.8975951671600342, 0.44082111120224),
        }},
        {Time = 0.100, Data = {
            ["LeftFoot"] = CFrame.new(-7.404014468193054e-08, -1.1920928955078125e-07, 9.313225746154785e-09, 0.928061842918396, -0.30758723616600037, 0.20997974276542664, 0.3594736158847809, 0.8872303366661072, -0.2891378104686737, -0.09736494719982147, 0.3438205420970917, 0.9339743256568909),
            ["LeftLowerArm"] = CFrame.new(-1.1920928955078125e-07, -7.152557373046875e-07, -2.9802322387695312e-08, 1, -9.685759039257391e-08, 1.1175866632129328e-07, 9.313227167240257e-08, -0.3880801796913147, -0.9216257333755493, 1.005828522693264e-07, 0.9216256737709045, -0.38807979226112366),
            ["LowerTorso"] = CFrame.new(-0.025203268975019455, -0.26388049125671387, 0.048991698771715164, 0.8902943134307861, 0.08661113679409027, -0.447073370218277, -0.1112031638622284, 0.9933745265007019, -0.029001910239458084, 0.44159936904907227, 0.0755360797047615, 0.8940269947052002),
            ["Head"] = CFrame.new(4.423782229423523e-08, -5.960464477539062e-07, 1.30385160446167e-08, 0.9791805744171143, -0.09388314932584763, -0.179976224899292, 0.11388984322547913, 0.9880092740058899, 0.10424396395683289, 0.16803130507469177, -0.12257099896669388, 0.9781317710876465),
            ["RightUpperArm"] = CFrame.new(0, -4.76837158203125e-07, -2.9802322387695312e-08, 0.39557594060897827, -0.20892231166362762, 0.8943552374839783, 0.2729288637638092, 0.956533670425415, 0.10273011028766632, -0.8769432902336121, 0.203457772731781, 0.4354023337364197),
            ["UpperTorso"] = CFrame.new(-9.313225746154785e-09, -1.1920928955078125e-07, 7.450580596923828e-09, 0.9859990477561951, 0.05668330192565918, 0.15682154893875122, -0.08299977332353592, 0.9825036525726318, 0.16672618687152863, -0.14462707936763763, -0.17740802466869354, 0.9734522700309753),
            ["HumanoidRootPart"] = CFrame.new(0, 0, 0, 1, 0, 0, 0, 1, 0, 0, 0, 1),
            ["RightHand"] = CFrame.new(-8.940696716308594e-08, 0, 2.384185791015625e-07, 0.8942464590072632, -0.09455437958240509, 0.43747302889823914, 0.2616244852542877, 0.9034839868545532, -0.3395141363143921, -0.36314713954925537, 0.41806262731552124, 0.8326749801635742),
            ["LeftUpperArm"] = CFrame.new(1.7881393432617188e-07, -7.152557373046875e-07, 0, 0.9102241396903992, -0.12458376586437225, 0.39493194222450256, -0.17976775765419006, 0.7402592897415161, 0.6478423476219177, -0.3730625808238983, -0.6606776714324951, 0.651405394077301),
            ["RightLowerArm"] = CFrame.new(1.1920928955078125e-07, -1.1920928955078125e-07, -1.9744038581848145e-07, 1, -1.1920931797249068e-07, 1.415610029198433e-07, 8.195638656616211e-08, -0.5166805982589722, -0.8561784625053406, 4.621688276529312e-08, 0.8561782836914062, -0.5166803002357483),
            ["LeftHand"] = CFrame.new(2.5704503059387207e-07, 5.960464477539063e-08, -2.682209014892578e-07, 0.9911553859710693, -0.11534276604652405, -0.0656282976269722, 0.11780041456222534, 0.9924243092536926, 0.03488669916987419, 0.061107341200113297, -0.04230930656194687, 0.9972341656684875),
            ["RightUpperLeg"] = CFrame.new(-2.9802322387695312e-08, -4.544854164123535e-07, 5.289621185511351e-09, 0.9333882927894592, -0.3030294179916382, 0.19224873185157776, 0.35693514347076416, 0.7283803224563599, -0.5848587155342102, 0.03719928115606308, 0.6145203709602356, 0.7880232334136963),
            ["LeftUpperLeg"] = CFrame.new(8.940696716308594e-08, -4.3585896492004395e-07, -1.5366822481155396e-08, 0.9877504110336304, 0.13313770294189453, 0.08138494938611984, -0.0951274037361145, 0.9272043108940125, -0.36227476596832275, -0.12369285523891449, 0.35009509325027466, 0.9285114407539368),
            ["RightLowerLeg"] = CFrame.new(2.9802322387695312e-08, -0.000060558319091796875, -0.00007186660513980314, 1, -2.1606678046737215e-07, -1.0430815677864302e-07, 8.940694584680386e-08, 0.3948177993297577, 0.9187592267990112, -1.3411042232291948e-07, -0.9187594056129456, 0.394818514585495),
            ["RightFoot"] = CFrame.new(3.725290298461914e-08, 4.76837158203125e-07, 9.110226528719068e-08, 0.9495161175727844, 0.23791545629501343, 0.2054893970489502, -0.12141663581132889, 0.8800233602523804, -0.4594000577926636, -0.2892698645591736, 0.4110417068004608, 0.8641330003738403),
            ["LeftLowerLeg"] = CFrame.new(7.450580596923828e-08, 0.00006091594696044922, 0.00007195770740509033, 1, 1.043081283569336e-07, 4.470348358154297e-08, -3.725290653733282e-08, 0.4451790452003479, 0.895441472530365, 2.2351745343485163e-08, -0.8954416513442993, 0.4451792240142822),
        }},
        {Time = 0.133, Data = {
            ["LeftFoot"] = CFrame.new(-3.026798367500305e-09, 5.960464477539063e-08, 3.725290298461914e-09, 0.9316501617431641, -0.2392881065607071, 0.2734389901161194, 0.31899622082710266, 0.8989614844322205, -0.30018314719200134, -0.17398086190223694, 0.3668918311595917, 0.9138496518135071),
            ["LeftLowerArm"] = CFrame.new(-4.470348358154297e-07, 1.1920928955078125e-07, -6.705522537231445e-08, 1, -1.0989610643719061e-07, 1.285224726643719e-07, 3.725289943190546e-08, -0.39878135919570923, -0.9170462489128113, 1.341104365337742e-07, 0.9170461297035217, -0.3987809419631958),
            ["LowerTorso"] = CFrame.new(-0.019263308495283127, -0.23885822296142578, 0.056353457272052765, 0.930686354637146, 0.06254000216722488, -0.36043253540992737, -0.08452792465686798, 0.9953794479370117, -0.04554985836148262, 0.35591840744018555, 0.07285912334918976, 0.9316725134849548),
            ["Head"] = CFrame.new(6.984919309616089e-08, -3.5762786865234375e-07, 1.862645149230957e-08, 0.9820335507392883, -0.057245053350925446, -0.17981436848640442, 0.07069758325815201, 0.995086669921875, 0.06931494176387787, 0.17496301233768463, -0.0807819589972496, 0.9812554717063904),
            ["RightUpperArm"] = CFrame.new(1.1920928955078125e-07, -4.76837158203125e-07, -2.9802322387695312e-08, 0.5933139324188232, -0.2389366328716278, 0.7686923742294312, 0.19198673963546753, 0.9693771004676819, 0.15313196182250977, -0.7817414999008179, 0.05672340467572212, 0.6210175156593323),
            ["UpperTorso"] = CFrame.new(1.5832483768463135e-08, -1.4901161193847656e-07, 7.450580596923828e-09, 0.9950622320175171, 0.07482917606830597, 0.065206378698349, -0.0858474001288414, 0.9785937666893005, 0.18704169988632202, -0.04981432482600212, -0.19171591103076935, 0.9801854491233826),
            ["HumanoidRootPart"] = CFrame.new(0, 0, 0, 1, 0, 0, 0, 1, 0, 0, 0, 1),
            ["RightHand"] = CFrame.new(1.564621925354004e-07, 0, 3.129243850708008e-07, 0.8988600373268127, -0.07099092751741409, 0.4324475824832916, 0.2500835955142975, 0.8934335112571716, -0.3731420934200287, -0.3598732352256775, 0.44355034828186035, 0.8208252787590027),
            ["LeftUpperArm"] = CFrame.new(0, -3.5762786865234375e-07, -1.4901161193847656e-08, 0.9687762260437012, -0.07054098695516586, 0.2376902848482132, -0.06431926041841507, 0.8543490767478943, 0.5157042145729065, -0.23944872617721558, -0.5148899555206299, 0.8231357932090759),
            ["RightLowerArm"] = CFrame.new(5.960464477539063e-08, -1.1920928955078125e-07, 2.2351741790771484e-08, 1, -6.798655505235729e-08, 1.5273685960437433e-07, 7.264316082000732e-08, -0.5396952033042908, -0.8418604135513306, 1.5273690223693848e-07, 0.8418605923652649, -0.5396953225135803),
            ["LeftHand"] = CFrame.new(-1.862645149230957e-08, 0, -8.940696716308594e-08, 0.9956602454185486, -0.08059369772672653, -0.046533796936273575, 0.08266404271125793, 0.9955868124961853, 0.04442398250102997, 0.04274829849600792, -0.04807792231440544, 0.9979284405708313),
            ["RightUpperLeg"] = CFrame.new(0, 9.313225746154785e-09, 2.996966941282153e-08, 0.9391607046127319, -0.26967480778694153, 0.21272702515125275, 0.34102797508239746, 0.8059450387954712, -0.48389315605163574, -0.04095235839486122, 0.5269992351531982, 0.8488785624504089),
            ["LeftUpperLeg"] = CFrame.new(0, -1.3969838619232178e-08, -2.7939677238464355e-08, 0.985405683517456, 0.12315995991230011, 0.11750459671020508, -0.06838061660528183, 0.9185601472854614, -0.38932186365127563, -0.15588365495204926, 0.3756049871444702, 0.913576066493988),
            ["RightLowerLeg"] = CFrame.new(-3.725290298461914e-09, -0.00006020069122314453, -0.00007211992488009855, 1, -1.4901158351676713e-07, -1.1175872316471214e-07, 1.3411042232291948e-07, 0.46851563453674316, 0.8834549188613892, -5.960463056453591e-08, -0.8834551572799683, 0.46851620078086853),
            ["RightFoot"] = CFrame.new(-1.564621925354004e-07, 3.5762786865234375e-07, 8.737697498872876e-08, 0.9637373685836792, 0.25312456488609314, 0.08542177081108093, -0.18749980628490448, 0.8681636452674866, -0.4597092270851135, -0.1898789405822754, 0.42687225341796875, 0.883951723575592),
            ["LeftLowerLeg"] = CFrame.new(1.2665987014770508e-07, 0.000060677528381347656, 0.00007209181785583496, 1, 2.9802318834981634e-08, 2.2351741790771484e-08, -5.960464477539063e-08, 0.4591754972934723, 0.8883455991744995, 1.043081283569336e-07, -0.8883455991744995, 0.4591754376888275),
        }},
        {Time = 0.167, Data = {
            ["LeftFoot"] = CFrame.new(-2.584420144557953e-08, 5.960464477539063e-08, 2.7474015951156616e-08, 0.952542781829834, -0.17679087817668915, 0.24780476093292236, 0.2536803185939789, 0.9109812378883362, -0.32520657777786255, -0.16825182735919952, 0.3726367950439453, 0.9125971794128418),
            ["LeftLowerArm"] = CFrame.new(-1.1920928955078125e-07, 2.980232238769531e-07, -2.5331974029541016e-07, 1, -8.847567301017989e-08, 1.0943035988475458e-07, 1.2665985593685036e-07, -0.40486159920692444, -0.9143781661987305, 1.5646217832454568e-07, 0.9143779873847961, -0.40486133098602295),
            ["LowerTorso"] = CFrame.new(-0.012724190950393677, -0.2204744815826416, 0.06390423327684402, 0.9711781144142151, 0.0370628647506237, -0.23545581102371216, -0.05271335318684578, 0.9967740178108215, -0.06052282825112343, 0.23245306313037872, 0.07119004428386688, 0.9699987769126892),
            ["Head"] = CFrame.new(-7.82310962677002e-08, 0, 5.960464477539063e-08, 0.9833219051361084, -0.014031460508704185, -0.18133167922496796, 0.020468750968575478, 0.9992231130599976, 0.03367854282259941, 0.18071818351745605, -0.03682844713330269, 0.9828451871871948),
            ["RightUpperArm"] = CFrame.new(0, -4.76837158203125e-07, 8.940696716308594e-08, 0.7985684275627136, -0.2507002353668213, 0.5472093224525452, 0.1418646275997162, 0.9619125127792358, 0.23366419970989227, -0.5849469304084778, -0.10896719992160797, 0.8037183284759521),
            ["UpperTorso"] = CFrame.new(-9.778887033462524e-09, 5.960464477539063e-08, 5.587935447692871e-09, 0.9948785305023193, 0.09454914182424545, -0.035738542675971985, -0.0850246325135231, 0.974012017250061, 0.20993191003799438, 0.054658666253089905, -0.2058180719614029, 0.9770626425743103),
            ["HumanoidRootPart"] = CFrame.new(0, 0, 0, 1, 0, 0, 0, 1, 0, 0, 0, 1),
            ["RightHand"] = CFrame.new(-5.960464477539063e-08, -1.7881393432617188e-07, 2.682209014892578e-07, 0.9102463126182556, -0.04101413115859032, 0.41203102469444275, 0.22184671461582184, 0.8885151147842407, -0.40165287256240845, -0.3496224582195282, 0.4570105969905853, 0.8178663849830627),
            ["LeftUpperArm"] = CFrame.new(0, -1.1920928955078125e-07, -1.4901161193847656e-08, 0.9992529153823853, 0.012283781543374062, 0.03664463758468628, -0.02358614280819893, 0.944930911064148, 0.32641881704330444, -0.03061702288687229, -0.32703930139541626, 0.9445146322250366),
            ["RightLowerArm"] = CFrame.new(5.960464477539063e-08, -2.384185791015625e-07, -2.384185791015625e-07, 1, 3.725291186640334e-09, 9.313227877782992e-08, 5.587935447692871e-08, -0.5671470165252686, -0.8236165642738342, 1.6577541828155518e-07, 0.8236165642738342, -0.5671470165252686),
            ["LeftHand"] = CFrame.new(2.9802322387695312e-08, -5.960464477539063e-08, 2.253800630569458e-07, 0.9989145994186401, -0.033901654183864594, -0.031943511217832565, 0.03551826626062393, 0.9980424642562866, 0.05147572234272957, 0.030136093497276306, -0.05255446210503578, 0.9981632232666016),
            ["RightUpperLeg"] = CFrame.new(-5.960464477539063e-08, -5.3085386753082275e-08, -9.145878721028566e-09, 0.9387664198875427, -0.262446790933609, 0.22324718534946442, 0.33025994896888733, 0.8700826168060303, -0.36590251326560974, -0.09821350127458572, 0.41722655296325684, 0.903480052947998),
            ["LeftUpperLeg"] = CFrame.new(2.9802322387695312e-08, 1.30385160446167e-08, 7.450580596923828e-09, 0.9869535565376282, 0.12651996314525604, 0.09957686066627502, -0.07403339445590973, 0.9058233499526978, -0.4171367883682251, -0.1429750919342041, 0.40432265400886536, 0.9033721685409546),
            ["RightLowerLeg"] = CFrame.new(-1.4901161193847656e-08, -0.00006020069122314453, -0.00007204355642898008, 1, -1.1175872316471214e-07, -3.72529100900465e-08, 9.685756197086448e-08, 0.5504714250564575, 0.8348537087440491, -7.357449050005016e-08, -0.8348540663719177, 0.550471842288971),
            ["RightFoot"] = CFrame.new(1.4901161193847656e-08, 2.980232238769531e-07, -7.281050784513354e-08, 0.9597301483154297, 0.2806701064109802, 0.012932279147207737, -0.24556617438793182, 0.8600633144378662, -0.44728609919548035, -0.13643835484981537, 0.4260464012622833, 0.8942974805831909),
            ["LeftLowerLeg"] = CFrame.new(5.21540641784668e-08, 0.00006091594696044922, 0.0000720396637916565, 1, 6.705523958316917e-08, 3.72529100900465e-08, -6.33299421792799e-08, 0.48479342460632324, 0.874628484249115, 2.980232594040899e-08, -0.8746286630630493, 0.4847937524318695),
        }},
        {Time = 0.200, Data = {
            ["LeftFoot"] = CFrame.new(2.735760062932968e-08, 0, -3.725290298461914e-09, 0.9779595732688904, -0.13931795954704285, 0.15551678836345673, 0.1875511258840561, 0.9134847521781921, -0.3610679507255554, -0.09175889194011688, 0.3822775185108185, 0.9194806218147278),
            ["LeftLowerArm"] = CFrame.new(-1.1920928955078125e-07, -5.960464477539063e-08, -8.940696716308594e-08, 1, -8.009374852235851e-08, 1.2665984172599565e-07, 2.9802318834981634e-08, -0.40684807300567627, -0.9134960174560547, 1.4156101713069802e-07, 0.9134958386421204, -0.4068477749824524),
            ["LowerTorso"] = CFrame.new(-0.006867995485663414, -0.21489286422729492, 0.06905225664377213, 0.9939033389091492, 0.009071995504200459, -0.1098812073469162, -0.017172154039144516, 0.9971845746040344, -0.07299428433179855, 0.10890961438417435, 0.07443613559007645, 0.991260826587677),
            ["Head"] = CFrame.new(1.1175870895385742e-08, 1.1920928955078125e-07, 2.9802322387695312e-08, 0.9826380014419556, 0.029728315770626068, -0.18313610553741455, -0.030089762061834335, 0.999547004699707, 0.0008063986897468567, 0.18307699263095856, 0.004718196112662554, 0.9830873012542725),
            ["RightUpperArm"] = CFrame.new(0, 1.1920928955078125e-07, -1.4901161193847656e-08, 0.9332965612411499, -0.23820434510707855, 0.2687310576438904, 0.14189496636390686, 0.9320538640022278, 0.33337917923927307, -0.32988402247428894, -0.2730099558830261, 0.9036825299263),
            ["UpperTorso"] = CFrame.new(-3.958120942115784e-09, 2.980232238769531e-07, -6.199115887284279e-09, 0.9837929010391235, 0.11583131551742554, -0.13687464594841003, -0.08163416385650635, 0.9689821600914001, 0.23325854539871216, 0.15964773297309875, -0.21830451488494873, 0.9627334475517273),
            ["HumanoidRootPart"] = CFrame.new(0, 0, 0, 1, 0, 0, 0, 1, 0, 0, 0, 1),
            ["RightHand"] = CFrame.new(1.0058283805847168e-07, 5.960464477539063e-08, 2.7939677238464355e-07, 0.9229233860969543, -0.011403928510844707, 0.384814977645874, 0.18732543289661407, 0.8865554332733154, -0.4230000674724579, -0.3363358974456787, 0.4624820053577423, 0.8203587532043457),
            ["LeftUpperArm"] = CFrame.new(0, 4.76837158203125e-07, 0, 0.9822019338607788, 0.0956590324640274, -0.16164450347423553, -0.07336478680372238, 0.9876176118850708, 0.13866931200027466, 0.1729077696800232, -0.12434215098619461, 0.9770578145980835),
            ["RightLowerArm"] = CFrame.new(1.1920928955078125e-07, 2.384185791015625e-07, 4.470348358154297e-08, 1, -8.102507109697399e-08, 1.378357268322361e-07, 7.450579886381092e-08, -0.5935024619102478, -0.8048322796821594, 1.1548398504146462e-07, 0.8048322796821594, -0.593502402305603),
            ["LeftHand"] = CFrame.new(5.960464477539063e-08, -1.1920928955078125e-07, 7.450580596923828e-09, 0.99970543384552, 0.011619254015386105, -0.021309198811650276, -0.010456981137394905, 0.9984939098358154, 0.0538567453622818, 0.021903112530708313, -0.05361813306808472, 0.9983213543891907),
            ["RightUpperLeg"] = CFrame.new(0, 2.39349901676178e-07, -2.032174961641431e-08, 0.938012421131134, -0.2559179663658142, 0.23374952375888824, 0.31400007009506226, 0.9129955768585205, -0.26046717166900635, -0.1467539668083191, 0.3177185654640198, 0.9367594122886658),
            ["LeftUpperLeg"] = CFrame.new(0, 2.605374902486801e-07, -9.313225746154785e-09, 0.9865291714668274, 0.15099598467350006, 0.06293231248855591, -0.10779041051864624, 0.8893986344337463, -0.4442425072193146, -0.12305065244436264, 0.43147462606430054, 0.8936935663223267),
            ["RightLowerLeg"] = CFrame.new(2.0256265997886658e-08, -0.0000603795051574707, -0.00007203051791293547, 1, -1.3690443267933006e-07, -8.568170528633345e-08, 1.0384245285877114e-07, 0.611522376537323, 0.7912267446517944, -5.029141192380848e-08, -0.7912272214889526, 0.6115230917930603),
            ["RightFoot"] = CFrame.new(-4.0978193283081055e-08, 3.5762786865234375e-07, -2.8107024263590574e-08, 0.9504513740539551, 0.31014901399612427, -0.02112038992345333, -0.2898787260055542, 0.8596522808074951, -0.42069557309150696, -0.11230616271495819, 0.4059625267982483, 0.9069559574127197),
            ["LeftLowerLeg"] = CFrame.new(6.426125764846802e-08, 0.000060617923736572266, 0.00007219240069389343, 1, 7.357449760547752e-08, 5.774201383701438e-08, -8.102506399154663e-08, 0.5004754066467285, 0.8657506108283997, 5.587935447692871e-08, -0.8657507300376892, 0.5004755854606628),
        }},
        {Time = 0.233, Data = {
            ["LeftFoot"] = CFrame.new(-3.306195139884949e-08, -5.960464477539063e-08, -7.450580596923828e-09, 0.9912675023078918, -0.11489689350128174, 0.06471109390258789, 0.13131791353225708, 0.9048418998718262, -0.404989629983902, -0.012021064758300781, 0.40995100140571594, 0.9120285511016846),
            ["LeftLowerArm"] = CFrame.new(-3.5762786865234375e-07, -2.980232238769531e-07, -2.9802322387695312e-08, 1, 1.117587622445626e-08, 1.1734661597984086e-07, 5.029141902923584e-08, -0.4046339988708496, -0.9144788384437561, 1.6763806343078613e-07, 0.9144787192344666, -0.40463367104530334),
            ["LowerTorso"] = CFrame.new(-0.004329649731516838, -0.22871708869934082, 0.07182440906763077, 0.9998156428337097, -0.019189560785889626, 0.0006570024415850639, 0.019178442656993866, 0.9964433312416077, -0.08205485343933105, 0.0009199073538184166, 0.0820523351430893, 0.9966276288032532),
            ["Head"] = CFrame.new(0, -2.384185791015625e-07, -7.450580596923828e-08, 0.9809834361076355, 0.06574592739343643, -0.1826174110174179, -0.07156214118003845, 0.9971117973327637, -0.025435879826545715, 0.18041767179965973, 0.038020674139261246, 0.982854962348938),
            ["RightUpperArm"] = CFrame.new(-5.960464477539063e-08, 0, -2.9802322387695312e-08, 0.97673100233078, -0.21440370380878448, -0.005245678126811981, 0.19637443125247955, 0.8842290043830872, 0.42376434803009033, -0.08621823042631149, -0.4149338901042938, 0.9057573676109314),
            ["UpperTorso"] = CFrame.new(1.2514647096395493e-09, -1.7881393432617188e-07, 1.7466845747549087e-08, 0.9631611704826355, 0.14007891714572906, -0.22956208884716034, -0.07967935502529144, 0.9639449119567871, 0.253892719745636, 0.25685015320777893, -0.22624821960926056, 0.9395955801010132),
            ["HumanoidRootPart"] = CFrame.new(0, 0, 0, 1, 0, 0, 0, 1, 0, 0, 0, 1),
            ["RightHand"] = CFrame.new(8.009374141693115e-08, 0, -3.003515303134918e-08, 0.931142270565033, 0.008962678723037243, 0.3645459711551666, 0.16186553239822388, 0.885654091835022, -0.4352198541164398, -0.326762318611145, 0.4642591178417206, 0.8232191801071167),
            ["LeftUpperArm"] = CFrame.new(5.960464477539063e-08, -2.384185791015625e-07, -2.9802322387695312e-08, 0.930152177810669, 0.17027217149734497, -0.3253065347671509, -0.17988137900829315, 0.9836881756782532, 0.0005450993194244802, 0.3200930058956146, 0.05800958350300789, 0.9456084966659546),
            ["RightLowerArm"] = CFrame.new(-2.682209014892578e-07, -2.980232238769531e-07, 1.7881393432617188e-07, 1, -6.658957119043407e-08, 1.592561460483921e-07, 4.749745841081676e-08, -0.6127029061317444, -0.7903133034706116, 1.6391278734317893e-07, 0.7903134226799011, -0.6127029061317444),
            ["LeftHand"] = CFrame.new(2.384185791015625e-07, 5.960464477539063e-08, -2.849847078323364e-07, 0.9988503456115723, 0.04592970386147499, -0.013725645840168, -0.04521987587213516, 0.9978143572807312, 0.04818514734506607, 0.01590903289616108, -0.04750923439860344, 0.9987441301345825),
            ["RightUpperLeg"] = CFrame.new(-5.960464477539063e-08, -3.1944364309310913e-07, 2.815795596688986e-09, 0.9410053491592407, -0.24473078548908234, 0.23370037972927094, 0.29230156540870667, 0.9358207583427429, -0.1969756931066513, -0.17049555480480194, 0.253665953874588, 0.9521474838256836),
            ["LeftUpperLeg"] = CFrame.new(2.9802322387695312e-08, -2.2351741790771484e-07, 1.3387762010097504e-08, 0.9838030338287354, 0.17666004598140717, 0.030380932614207268, -0.13963548839092255, 0.8615545034408569, -0.48808377981185913, -0.11239968985319138, 0.4759359359741211, 0.8722679018974304),
            ["RightLowerLeg"] = CFrame.new(-4.470348358154297e-08, -0.0000603795051574707, -0.00007203051791293547, 1, -9.685754776000977e-08, -1.0058288779646318e-07, 1.1920930376163597e-07, 0.6258701682090759, 0.7799267768859863, -5.960465188081798e-08, -0.7799273133277893, 0.6258708238601685),
            ["RightFoot"] = CFrame.new(5.587935447692871e-08, 2.980232238769531e-07, 5.420588422566652e-09, 0.9415472149848938, 0.33569955825805664, -0.02804679423570633, -0.3185978829860687, 0.8601883053779602, -0.39829280972480774, -0.1094721183180809, 0.3839033544063568, 0.9168294072151184),
            ["LeftLowerLeg"] = CFrame.new(3.3527612686157227e-08, 0.00006091594696044922, 0.00007199682295322418, 1, 7.4505820180093e-08, 6.705523958316917e-08, -8.940698137394065e-08, 0.4764038324356079, 0.879226565361023, 4.842878098543224e-08, -0.8792267441749573, 0.47640395164489746),
        }},
        {Time = 0.267, Data = {
            ["LeftFoot"] = CFrame.new(3.91155481338501e-08, 1.1920928955078125e-07, 1.6763806343078613e-08, 0.9948805570602417, -0.10046067088842392, -0.010976643301546574, 0.08521925657987595, 0.892364501953125, -0.4431966245174408, 0.054319117218256, 0.4399924576282501, 0.8963573575019836),
            ["LeftLowerArm"] = CFrame.new(2.980232238769531e-07, 0, -1.1920928955078125e-07, 1, -1.1920931797249068e-07, 1.7415730724223977e-07, 8.940696716308594e-08, -0.3970656096935272, -0.9177903532981873, 1.434236764907837e-07, 0.9177902340888977, -0.3970654010772705),
            ["LowerTorso"] = CFrame.new(-0.007003257051110268, -0.2553274631500244, 0.07251548022031784, 0.9942069053649902, -0.04356367886066437, 0.09825871884822845, 0.052218999713659286, 0.9948114156723022, -0.08731184899806976, -0.09394528716802597, 0.09193704277276993, 0.9913233518600464),
            ["Head"] = CFrame.new(1.4901161193847656e-08, -3.5762786865234375e-07, 9.313225746154785e-09, 0.9800776839256287, 0.09126342833042145, -0.17640548944473267, -0.10030924528837204, 0.994024932384491, -0.04304013401269913, 0.17142334580421448, 0.059877846390008926, 0.9833762049674988),
            ["RightUpperArm"] = CFrame.new(0, -3.5762786865234375e-07, 2.9802322387695312e-08, 0.9555164575576782, -0.18504928052425385, -0.2296631634235382, 0.27662691473960876, 0.8323850035667419, 0.4802217483520508, 0.10230337083339691, -0.5223907232284546, 0.8465471267700195),
            ["UpperTorso"] = CFrame.new(-1.862645149230957e-09, 5.960464477539063e-08, -4.190951585769653e-09, 0.937811553478241, 0.16352663934230804, -0.3062165677547455, -0.07880515605211258, 0.9593563079833984, 0.2709709405899048, 0.3380817174911499, -0.22998829185962677, 0.9125821590423584),
            ["HumanoidRootPart"] = CFrame.new(0, 0, 0, 1, 0, 0, 0, 1, 0, 0, 0, 1),
            ["RightHand"] = CFrame.new(4.6566128730773926e-09, -1.7881393432617188e-07, 1.2665987014770508e-07, 0.9338060617446899, 0.01738203875720501, 0.35735708475112915, 0.15247289836406708, 0.8842440247535706, -0.44143494963645935, -0.32366397976875305, 0.4667016267776489, 0.8230620622634888),
            ["LeftUpperArm"] = CFrame.new(0, -3.5762786865234375e-07, 2.9802322387695312e-08, 0.8623453974723816, 0.233320415019989, -0.4493575990200043, -0.29738157987594604, 0.9516849517822266, -0.07654977589845657, 0.40978631377220154, 0.19964297115802765, 0.8900662064552307),
            ["RightLowerArm"] = CFrame.new(2.384185791015625e-07, 1.7881393432617188e-07, -2.980232238769531e-07, 1, -1.0244550452398471e-07, 1.9185245037078857e-07, 5.960465188081798e-08, -0.6207519769668579, -0.7840071320533752, 7.450581307466564e-08, 0.7840070128440857, -0.6207517981529236),
            ["LeftHand"] = CFrame.new(1.1920928955078125e-07, 0, 1.3387762010097504e-07, 0.9976493120193481, 0.06775681674480438, -0.01023715641349554, -0.06740399450063705, 0.9972259998321533, 0.03157729282975197, 0.012348474003374577, -0.030813109129667282, 0.9994488954544067),
            ["RightUpperLeg"] = CFrame.new(-2.9802322387695312e-08, 2.468004822731018e-07, -9.145878721028566e-09, 0.9468311667442322, -0.23851685225963593, 0.21591797471046448, 0.27635011076927185, 0.9465803503990173, -0.16618116199970245, -0.1647467315196991, 0.21701431274414062, 0.9621659517288208),
            ["LeftUpperLeg"] = CFrame.new(2.9802322387695312e-08, 3.380700945854187e-07, -1.862645149230957e-08, 0.9817267656326294, 0.19008329510688782, -0.008996003307402134, -0.16442923247814178, 0.8235371708869934, -0.5429086089134216, -0.09578932821750641, 0.5344671010971069, 0.8397436141967773),
