return {
    ["U Can't C Me"] = {
        {Time = 0.000, Data = {
            ["RightFoot"] = CFrame.new(5.960464477539063e-08, 2.980232238769531e-07, 1.6952981241047382e-09, 0.9456902742385864, 0.31898948550224304, -0.06257350742816925, -0.3153965473175049, 0.8537831902503967, -0.41422131657600403, -0.07870800048112869, 0.41146090626716614, 0.9080227613449097),
            ["LeftLowerArm"] = CFrame.new(-2.384185791015625e-07, -2.384185791015625e-07, -1.1920928955078125e-07, 1, -3.725290653733282e-08, -4.4703490686970326e-08, 6.798655505235729e-08, 0.7555270791053772, -0.6551176309585571, 1.4901162970204496e-08, 0.6551175117492676, 0.7555269598960876),
            ["RightUpperArm"] = CFrame.new(1.1920928955078125e-07, 0, -2.9802322387695312e-08, 0.9586223363876343, -0.2366560995578766, -0.1582312136888504, 0.2731781005859375, 0.92110675573349, 0.2773735523223877, 0.08010566234588623, -0.3091217875480652, 0.9476428031921387),
            ["Head"] = CFrame.new(-1.862645149230957e-09, 0, -9.313225746154785e-09, 0.9510359168052673, -0.03771499916911125, 0.3067709803581238, 0.02196584641933441, 0.9982650876045227, 0.05463044345378876, -0.30829906463623047, -0.0452168844640255, 0.9502142667770386),
            ["RightHand"] = CFrame.new(-4.470348358154297e-08, 1.7881393432617188e-07, 8.940696716308594e-08, 0.9633324146270752, 0.26178714632987976, 0.058804549276828766, -0.24997185170650482, 0.9553045034408569, -0.1578207165002823, -0.09749162197113037, 0.13733458518981934, 0.9857153296470642),
            ["UpperTorso"] = CFrame.new(0, 1.4901161193847656e-07, -6.51925802230835e-09, 0.9987636208534241, 0.0013602039543911815, -0.04969390481710434, 0.005508126225322485, 0.9904428720474243, 0.13781386613845825, 0.049406442791223526, -0.1379171758890152, 0.9892107844352722),
            ["HumanoidRootPart"] = CFrame.new(0, 0, 0, 1, 0, 0, 0, 1, 0, 0, 0, 1),
            ["RightUpperLeg"] = CFrame.new(0, 4.498288035392761e-07, -9.145878721028566e-09, 0.8529714345932007, -0.32897883653640747, -0.4052318036556244, 0.32951855659484863, 0.9414960741996765, -0.07073110342025757, 0.40479305386543274, -0.0731997862458229, 0.9114737510681152),
            ["LeftUpperArm"] = CFrame.new(0, 1.1920928955078125e-07, 2.9802322387695312e-08, 0.8526279330253601, 0.4778498411178589, -0.21138955652713776, -0.4425784945487976, 0.8755002021789551, 0.1939672827720642, 0.2777586281299591, -0.07182547450065613, 0.9579619765281677),
            ["RightLowerArm"] = CFrame.new(2.980232238769531e-07, -5.960464477539063e-08, 0, 1, -4.4703490686970326e-08, 3.725290742551124e-09, 5.960465188081798e-08, 0.8369943499565125, -0.5472117066383362, 1.4901162970204496e-08, 0.5472116470336914, 0.8369942903518677),
            ["LeftHand"] = CFrame.new(-1.1920928955078125e-07, 0, 0, 0.9250558018684387, -0.3465004861354828, -0.15559427440166473, 0.3568337559700012, 0.9331595301628113, 0.043389692902565, 0.13015985488891602, -0.09565915912389755, 0.9868676662445068),
            ["LeftFoot"] = CFrame.new(1.1175870895385742e-07, 0, -1.0477378964424133e-08, 0.9767676591873169, -0.21220964193344116, 0.02986893616616726, 0.21240966022014618, 0.977173924446106, -0.0036551717203110456, -0.028411513194441795, 0.009914780966937542, 0.9995472431182861),
            ["LowerTorso"] = CFrame.new(-0.05313802883028984, -0.1808469295501709, 0.069729283452034, 0.9643169641494751, -0.012824242934584618, -0.2644397020339966, 0.004034244921058416, 0.999422013759613, -0.033756524324417114, 0.26471975445747375, 0.0314851850271225, 0.9638113379478455),
            ["RightLowerLeg"] = CFrame.new(4.470348358154297e-08, -0.0000603795051574707, -0.00007211247429950163, 1, 7.450581485102248e-09, -1.3411046495548362e-07, 1.1920926112907182e-07, 0.8464335203170776, 0.5324940085411072, -4.470347292340193e-08, -0.5324944257736206, 0.8464338779449463),
            ["LeftUpperLeg"] = CFrame.new(2.9802322387695312e-08, 5.024485290050507e-07, -1.1175870895385742e-08, 0.9581791758537292, 0.2838141918182373, 0.03663535416126251, -0.2201937884092331, 0.812974750995636, -0.5390611886978149, -0.1827768087387085, 0.5084500908851624, 0.8414694666862488),
            ["LeftLowerLeg"] = CFrame.new(6.332993507385254e-08, 0.000060558319091796875, 0.00007226318120956421, 1, 7.04312625998682e-08, 2.3748722099981023e-08, -5.5879347371501353e-08, 0.8081902861595154, 0.5889213681221008, 1.1175869119028903e-08, -0.5889214277267456, 0.8081904053688049),
        }},
        {Time = 0.033, Data = {
            ["RightFoot"] = CFrame.new(-4.470348358154297e-08, 2.384185791015625e-07, -5.045876605436206e-08, 0.9434500336647034, 0.32540658116340637, -0.06334658712148666, -0.32119742035865784, 0.8499436378479004, -0.4176459014415741, -0.08206366747617722, 0.4143747091293335, 0.9063990712165833),
            ["LeftLowerArm"] = CFrame.new(-1.4901161193847656e-07, 2.980232238769531e-07, 0, 1, -3.725290298461914e-09, 5.960465188081798e-08, 2.9802318834981634e-08, 0.755194902420044, -0.655500590801239, 2.2351738238057806e-08, 0.6555004119873047, 0.7551947832107544),
            ["RightUpperArm"] = CFrame.new(0, 0, -4.470348358154297e-08, 0.9586086273193359, -0.23927462100982666, -0.15432827174663544, 0.27541613578796387, 0.9167152047157288, 0.28944626450538635, 0.0722179040312767, -0.3199702799320221, 0.9446712136268616),
            ["Head"] = CFrame.new(-5.587935447692871e-09, -3.5762786865234375e-07, -3.91155481338501e-08, 0.9496358633041382, -0.039114564657211304, 0.3109048902988434, 0.019137470051646233, 0.997566282749176, 0.06704792380332947, -0.31277066469192505, -0.05772101506590843, 0.9480732083320618),
            ["RightHand"] = CFrame.new(-1.1920928955078125e-07, 1.7881393432617188e-07, 2.9802322387695312e-08, 0.9633325338363647, 0.2617871165275574, 0.05880465358495712, -0.2503206431865692, 0.9557919502258301, -0.154277041554451, -0.09659269452095032, 0.1339002102613449, 0.9862762093544006),
            ["UpperTorso"] = CFrame.new(2.7939677238464355e-09, 2.682209014892578e-07, 9.313225746154785e-10, 0.9987674951553345, 0.000673589005600661, -0.04963159188628197, 0.006231293082237244, 0.9902958273887634, 0.13883621990680695, 0.04924346134066582, -0.13897432386875153, 0.9890708923339844),
            ["HumanoidRootPart"] = CFrame.new(0, 0, 0, 1, 0, 0, 0, 1, 0, 0, 0, 1),
            ["RightUpperLeg"] = CFrame.new(-2.9802322387695312e-08, 1.8812716007232666e-07, -9.145878721028566e-09, 0.8530989289283752, -0.3308395743370056, -0.40344446897506714, 0.3420903980731964, 0.938527524471283, -0.04626450687646866, 0.39394980669021606, -0.0985463559627533, 0.913833737373352),
            ["LeftUpperArm"] = CFrame.new(0, -2.384185791015625e-07, 0, 0.856166422367096, 0.4747224748134613, -0.2040049284696579, -0.434471994638443, 0.8751267194747925, 0.21304240822792053, 0.2796660363674164, -0.09376534819602966, 0.955507755279541),
            ["RightLowerArm"] = CFrame.new(-5.960464477539063e-08, -2.980232238769531e-07, -5.960464477539063e-08, 1, -7.078052988163108e-08, 7.07805440924858e-08, 5.215407838932151e-08, 0.8350220322608948, -0.5502164363861084, -7.4505820180093e-08, 0.550216555595398, 0.8350221514701843),
            ["LeftHand"] = CFrame.new(5.960464477539063e-08, -1.1920928955078125e-07, 0, 0.925055742263794, -0.3465004861354828, -0.1555941104888916, 0.3568998873233795, 0.9331109523773193, 0.0438898503780365, 0.12997879087924957, -0.09613203257322311, 0.9868455529212952),
            ["LeftFoot"] = CFrame.new(-6.332993507385254e-08, -5.960464477539063e-08, 5.4016709327697754e-08, 0.9765673279762268, -0.21307377517223358, 0.030261311680078506, 0.21398696303367615, 0.9763430953025818, -0.03104509599506855, -0.022930659353733063, 0.03679342195391655, 0.999059796333313),
            ["LowerTorso"] = CFrame.new(-0.051693394780159, -0.18477821350097656, 0.050424180924892426, 0.9630659818649292, -0.015931518748402596, -0.2687937915325165, 0.0031550582498311996, 0.9988473057746887, -0.04789787158370018, 0.26924705505371094, 0.045280762016773224, 0.9620060920715332),
            ["RightLowerLeg"] = CFrame.new(8.940696716308594e-08, -0.00006020069122314453, -0.00007206777081592008, 1, -8.940696716308594e-08, -4.4703469370688254e-08, 7.450579175838357e-08, 0.8505544662475586, 0.525886595249176, -1.0989603538291703e-07, -0.5258869528770447, 0.8505547642707825),
            ["LeftUpperLeg"] = CFrame.new(-5.960464477539063e-08, 3.2922253012657166e-07, -7.450580596923828e-09, 0.95735764503479, 0.28631582856178284, 0.038594529032707214, -0.22297225892543793, 0.8171969652175903, -0.5314815640449524, -0.18371069431304932, 0.5002122521400452, 0.8461902141571045),
            ["LeftLowerLeg"] = CFrame.new(-6.705522537231445e-08, 0.000060439109802246094, 0.00007195025682449341, 1, 3.655440750094385e-08, 6.51925713412993e-09, -5.215405707303944e-08, 0.7883010506629944, 0.6152896285057068, 4.8428766774577525e-08, -0.6152897477149963, 0.7883011102676392),
        }},
        {Time = 0.067, Data = {
            ["RightFoot"] = CFrame.new(1.4901161193847656e-08, 4.172325134277344e-07, 5.3849362302571535e-08, 0.9402026534080505, 0.3344888389110565, -0.0643150731921196, -0.32892969250679016, 0.8425776362419128, -0.4264598488807678, -0.088455431163311, 0.4221140742301941, 0.9022170901298523),
            ["LeftLowerArm"] = CFrame.new(0, -1.7881393432617188e-07, -5.960464477539063e-08, 1, -1.0803343286625022e-07, -1.4901162970204496e-08, 1.1175869119028903e-08, 0.7545080780982971, -0.6562909483909607, 5.215405707303944e-08, 0.6562907695770264, 0.7545080184936523),
            ["RightUpperArm"] = CFrame.new(-5.960464477539063e-08, 3.5762786865234375e-07, -1.4901161193847656e-08, 0.9590053558349609, -0.24328279495239258, -0.14533549547195435, 0.2777442932128906, 0.9087324142456055, 0.3115502595901489, 0.05627625808119774, -0.3391444683074951, 0.9390495419502258),
            ["Head"] = CFrame.new(-5.587935447692871e-09, 1.1920928955078125e-07, 4.6566128730773926e-09, 0.9465990662574768, -0.04024485498666763, 0.31989139318466187, 0.01234464906156063, 0.9959755539894104, 0.0887715220451355, -0.3221765458583832, -0.08008193224668503, 0.9432864189147949),
            ["RightHand"] = CFrame.new(5.960464477539063e-08, 0, 5.960464477539063e-08, 0.96333247423172, 0.2617869973182678, 0.05880451202392578, -0.25097471475601196, 0.9566846489906311, -0.14753417670726776, -0.0948798805475235, 0.12736622989177704, 0.9873073101043701),
            ["UpperTorso"] = CFrame.new(-4.656612873077393e-10, 5.960464477539063e-08, 5.587935447692871e-09, 0.9987731575965881, -0.0009657336631789804, -0.049511492252349854, 0.007954652421176434, 0.9899554252624512, 0.14115610718727112, 0.04887787252664566, -0.14137674868106842, 0.9887485504150391),
            ["HumanoidRootPart"] = CFrame.new(0, 0, 0, 1, 0, 0, 0, 1, 0, 0, 0, 1),
            ["RightUpperLeg"] = CFrame.new(0, -2.766028046607971e-07, 3.55576048605144e-08, 0.8546605110168457, -0.3344525694847107, -0.39711058139801025, 0.360969603061676, 0.9325386881828308, -0.008520315401256084, 0.3731706440448761, -0.13606294989585876, 0.9177312254905701),
            ["LeftUpperArm"] = CFrame.new(0, 3.5762786865234375e-07, 0, 0.8623051047325134, 0.47007450461387634, -0.18830880522727966, -0.42107826471328735, 0.8721756935119629, 0.249002605676651, 0.2812880575656891, -0.1354234516620636, 0.9500197768211365),
            ["RightLowerArm"] = CFrame.new(-1.4901161193847656e-07, 0, 5.960464477539063e-08, 1, -1.3783576946480025e-07, 7.07805440924858e-08, 1.4901162970204496e-08, 0.8312429785728455, -0.555909276008606, -2.2351745343485163e-08, 0.5559093356132507, 0.8312430381774902),
            ["LeftHand"] = CFrame.new(-1.1920928955078125e-07, -5.960464477539063e-08, -1.4901161193847656e-07, 0.9250556230545044, -0.346500426530838, -0.15559415519237518, 0.35703590512275696, 0.9330098032951355, 0.04492314159870148, 0.12960503995418549, -0.09710900485515594, 0.9867991209030151),
            ["LeftFoot"] = CFrame.new(2.2351741790771484e-08, -5.960464477539063e-08, -1.1920928955078125e-07, 0.9759359359741211, -0.2158762812614441, 0.03076821379363537, 0.21762417256832123, 0.9731444716453552, -0.0750310868024826, -0.013744538649916649, 0.07992135733366013, 0.996706485748291),
            ["LowerTorso"] = CFrame.new(-0.04786341264843941, -0.19298267364501953, 0.02117893472313881, 0.9603227972984314, -0.023182744160294533, -0.2779257893562317, 0.002640308113768697, 0.9972501993179321, -0.07406104356050491, 0.27887850999832153, 0.07038870453834534, 0.9577432870864868),
            ["RightLowerLeg"] = CFrame.new(-7.450580596923828e-08, -0.000060558319091796875, -0.00007202306733233854, 1, -4.470348358154297e-08, -1.1920930376163597e-07, 5.960465188081798e-08, 0.8523872494697571, 0.5229107141494751, -4.6566135836201283e-08, -0.522911012172699, 0.852387547492981),
            ["LeftUpperLeg"] = CFrame.new(0, -2.1047890186309814e-07, 0, 0.9549821019172668, 0.2936428487300873, 0.04222649335861206, -0.2306702882051468, 0.8244900703430176, -0.5167274475097656, -0.18654865026474, 0.4837251305580139, 0.8551079630851746),
            ["LeftLowerLeg"] = CFrame.new(-1.0803341865539551e-07, 0.000060617923736572266, 0.00007201731204986572, 1, 6.51925802230835e-08, 3.9115551686563776e-08, -5.960465188081798e-08, 0.7540077567100525, 0.656865656375885, 2.2351745343485163e-08, -0.6568655967712402, 0.7540076971054077),
        }},
        {Time = 0.100, Data = {
            ["RightFoot"] = CFrame.new(-5.21540641784668e-08, 2.384185791015625e-07, 5.3849362302571535e-08, 0.9386776685714722, 0.3378836214542389, -0.0686957985162735, -0.3323011100292206, 0.8333753347396851, -0.4416574537754059, -0.09197960793972015, 0.437401682138443, 0.8945499658584595),
            ["LeftLowerArm"] = CFrame.new(2.384185791015625e-07, 1.7881393432617188e-07, 2.980232238769531e-07, 1, -8.568171949718817e-08, -5.960464477539063e-08, 7.264316792543468e-08, 0.7535959482192993, -0.6573382616043091, 0, 0.6573379635810852, 0.7535957098007202),
            ["RightUpperArm"] = CFrame.new(1.1920928955078125e-07, -1.1920928955078125e-07, -2.9802322387695312e-08, 0.9604892134666443, -0.24509960412979126, -0.1318586766719818, 0.2758311629295349, 0.9014800786972046, 0.3335428237915039, 0.03711681067943573, -0.35673511028289795, 0.9334679841995239),
            ["Head"] = CFrame.new(2.7939677238464355e-09, 0, 3.725290298461914e-09, 0.9423865675926208, -0.03772888705134392, 0.332391619682312, 0.0017232645768672228, 0.9941540956497192, 0.10795740783214569, -0.33452144265174866, -0.10116464644670486, 0.936942458152771),
            ["RightHand"] = CFrame.new(5.960464477539063e-08, 1.1920928955078125e-07, 0, 0.9633324146270752, 0.2617872953414917, 0.05880517512559891, -0.2516585886478424, 0.9575859308242798, -0.14034682512283325, -0.09305191785097122, 0.12040196359157562, 0.9883545637130737),
            ["UpperTorso"] = CFrame.new(9.313225746154785e-10, 1.1920928955078125e-07, -7.450580596923828e-09, 0.9987678527832031, -0.0040517826564610004, -0.049462564289569855, 0.011204960756003857, 0.9893370866775513, 0.1452122926712036, 0.048346810042858124, -0.14558760821819305, 0.9881633520126343),
            ["HumanoidRootPart"] = CFrame.new(0, 0, 0, 1, 0, 0, 0, 1, 0, 0, 0, 1),
            ["RightUpperLeg"] = CFrame.new(-2.9802322387695312e-08, 4.6566128730773926e-08, 2.8107024263590574e-08, 0.8612525463104248, -0.33718425035476685, -0.38019827008247375, 0.37113845348358154, 0.9284154772758484, 0.01735112816095352, 0.3471315801143646, -0.15605005621910095, 0.9247423410415649),
            ["LeftUpperArm"] = CFrame.new(0, -2.384185791015625e-07, -5.960464477539063e-08, 0.8672017455101013, 0.4684300422668457, -0.16892215609550476, -0.4122915267944336, 0.8656707406044006, 0.2839535176753998, 0.27924326062202454, -0.17659977078437805, 0.9438409805297852),
            ["RightLowerArm"] = CFrame.new(5.960464477539063e-08, -3.5762786865234375e-07, -1.7881393432617188e-07, 1, -1.1175873559921001e-08, 2.980232594040899e-08, 2.980232594040899e-08, 0.8271762728691101, -0.5619426965713501, 4.4703490686970326e-08, 0.5619426369667053, 0.8271762132644653),
            ["LeftHand"] = CFrame.new(-1.1920928955078125e-07, 0, 2.9802322387695312e-08, 0.9250556826591492, -0.3465003967285156, -0.1555948555469513, 0.3572152256965637, 0.9328740239143372, 0.04629362374544144, 0.12910979986190796, -0.09840487688779831, 0.9867356419563293),
            ["LeftFoot"] = CFrame.new(-3.725290298461914e-09, -5.960464477539063e-08, -1.30385160446167e-08, 0.9746806621551514, -0.22144410014152527, 0.030988534912467003, 0.22353897988796234, 0.9682866334915161, -0.11158610135316849, -0.005295738112181425, 0.11568780243396759, 0.99327152967453),
            ["LowerTorso"] = CFrame.new(-0.041340116411447525, -0.20356297492980957, 0.0026365171652287245, 0.9565426707267761, -0.03389677032828331, -0.28961557149887085, 0.00456802174448967, 0.9948404431343079, -0.10134951025247574, 0.2915566861629486, 0.09562217444181442, 0.9517621397972107),
            ["RightLowerLeg"] = CFrame.new(-7.450580596923828e-08, -0.0000603795051574707, -0.00007209012255771086, 1, -8.940698137394065e-08, 4.470347292340193e-08, 1.043081283569336e-07, 0.8418981432914734, 0.5396363139152527, -4.6566128730773926e-08, -0.5396366715431213, 0.8418982625007629),
            ["LeftUpperLeg"] = CFrame.new(0, 1.9371509552001953e-07, 1.4901161193847656e-08, 0.9506210684776306, 0.3071512281894684, 0.044470906257629395, -0.24427419900894165, 0.8288849592208862, -0.5032692551612854, -0.19144099950790405, 0.4675552546977997, 0.8629845976829529),
            ["LeftLowerLeg"] = CFrame.new(-1.1175870895385742e-08, 0.000060439109802246094, 0.00007218122482299805, 1, 5.261971125491982e-08, 2.2351741790771484e-08, -5.960463766996327e-08, 0.720285177230835, 0.6936782598495483, 7.4505797087454084e-09, -0.6936781406402588, 0.7202851176261902),
        }},
        {Time = 0.133, Data = {
            ["RightFoot"] = CFrame.new(-8.940696716308594e-08, 3.5762786865234375e-07, 1.0600342648103833e-07, 0.9380538463592529, 0.3378712236881256, -0.07679860293865204, -0.33411312103271484, 0.8233369588851929, -0.458785742521286, -0.09177939593791962, 0.45602551102638245, 0.8852218985557556),
            ["LeftLowerArm"] = CFrame.new(-2.086162567138672e-07, 2.980232238769531e-07, 2.980232238769531e-07, 1, -5.5879368687783426e-08, -7.4505797087454084e-09, 3.725290298461914e-08, 0.7527534365653992, -0.6583029627799988, 1.4901161193847656e-08, 0.6583027243614197, 0.7527531385421753),
            ["RightUpperArm"] = CFrame.new(0, 2.384185791015625e-07, -1.4901161193847656e-08, 0.9619360566139221, -0.2469652146100998, -0.1169925257563591, 0.27279189229011536, 0.8932240009307861, 0.35740113258361816, 0.0162348635494709, -0.37571170926094055, 0.9265944361686707),
            ["Head"] = CFrame.new(-9.604264050722122e-09, 0, -6.984919309616089e-10, 0.937581479549408, -0.03460882231593132, 0.34603938460350037, -0.010660601779818535, 0.9917080998420715, 0.1280687302350998, -0.34760215878486633, -0.12376368045806885, 0.9294381737709045),
            ["RightHand"] = CFrame.new(0, 0, 2.9802322387695312e-08, 0.9633324146270752, 0.261787474155426, 0.05880514532327652, -0.2524019777774811, 0.9585269093513489, -0.13236160576343536, -0.09101683646440506, 0.11266587674617767, 0.9894556999206543),
            ["UpperTorso"] = CFrame.new(-1.3969838619232178e-08, -1.4901161193847656e-07, 1.862645149230957e-09, 0.9987648129463196, -0.00650450587272644, -0.04926106706261635, 0.013747342862188816, 0.9888687133789062, 0.148154616355896, 0.04774898290634155, -0.14864881336688995, 0.9877366423606873),
            ["HumanoidRootPart"] = CFrame.new(0, 0, 0, 1, 0, 0, 0, 1, 0, 0, 0, 1),
            ["RightUpperLeg"] = CFrame.new(-5.960464477539063e-08, -2.0302832126617432e-07, -3.149762051180005e-08, 0.8709440231323242, -0.33822494745254517, -0.3564554750919342, 0.3755040466785431, 0.9260067343711853, 0.03883867710828781, 0.31694385409355164, -0.1676768660545349, 0.9335047602653503),
            ["LeftUpperArm"] = CFrame.new(0, -1.1920928955078125e-07, -7.450580596923828e-09, 0.8730418682098389, 0.4658282697200775, -0.1442301720380783, -0.40183112025260925, 0.8547895550727844, 0.3284302353858948, 0.27627837657928467, -0.22877706587314606, 0.933451235294342),
            ["RightLowerArm"] = CFrame.new(-8.940696716308594e-08, 8.344650268554688e-07, -5.960464477539063e-08, 1, -2.421438694000244e-08, 4.0978193283081055e-08, 7.450579886381092e-08, 0.8226118087768555, -0.5686036348342896, -7.4505797087454084e-09, 0.568603515625, 0.8226116895675659),
            ["LeftHand"] = CFrame.new(-5.960464477539063e-08, 1.7881393432617188e-07, -1.9371509552001953e-07, 0.9250558018684387, -0.3465003967285156, -0.15559393167495728, 0.35738036036491394, 0.9327472448348999, 0.047557562589645386, 0.12865114212036133, -0.09959951788187027, 0.9866756796836853),
            ["LeftFoot"] = CFrame.new(7.450580596923828e-09, -1.1920928955078125e-07, 5.587935447692871e-08, 0.9731403589248657, -0.22811445593833923, 0.031012730672955513, 0.23019744455814362, 0.9626449346542358, -0.1425611674785614, 0.0026660668663680553, 0.14587147533893585, 0.989300012588501),
            ["LowerTorso"] = CFrame.new(-0.034052494913339615, -0.21497535705566406, -0.009616714902222157, 0.9521884918212891, -0.04686323553323746, -0.30189570784568787, 0.007695903070271015, 0.9915310144424438, -0.12964217364788055, 0.30541443824768066, 0.12112046033143997, 0.9444849491119385),
            ["RightLowerLeg"] = CFrame.new(-1.4901161193847656e-08, -0.00006031990051269531, -0.00007212737546069548, 1, -2.2351747119842003e-08, -1.4901162970204496e-08, 6.705523958316917e-08, 0.825329065322876, 0.5646515488624573, -2.2165482960190275e-07, -0.5646520853042603, 0.8253294229507446),
            ["LeftUpperLeg"] = CFrame.new(2.9802322387695312e-08, -2.0116567611694336e-07, 4.470348358154297e-08, 0.9451766610145569, 0.32331517338752747, 0.04591737315058708, -0.2608895003795624, 0.8321738243103027, -0.4893093407154083, -0.1964123398065567, 0.45050427317619324, 0.8709006905555725),
            ["LeftLowerLeg"] = CFrame.new(-5.21540641784668e-08, 0.00006097555160522461, 0.00007209181785583496, 1, 1.126900315284729e-07, 1.4901162970204496e-08, -7.078051567077637e-08, 0.6881214380264282, 0.7255953550338745, 4.470348358154297e-08, -0.7255955338478088, 0.6881216764450073),
        }},
        {Time = 0.167, Data = {
            ["RightFoot"] = CFrame.new(5.21540641784668e-08, 2.980232238769531e-07, 6.875052349641919e-08, 0.9386404752731323, 0.3339361846446991, -0.08626024425029755, -0.33312323689460754, 0.8129932880401611, -0.47756707668304443, -0.08934785425662994, 0.4769994616508484, 0.8743506669998169),
            ["LeftLowerArm"] = CFrame.new(4.76837158203125e-07, 5.960464477539063e-08, 1.4901161193847656e-07, 1, -1.1548402767402877e-07, -2.2351738238057806e-08, 5.960465188081798e-08, 0.7338770031929016, -0.6792826056480408, -7.450581307466564e-08, 0.6792824864387512, 0.7338768243789673),
            ["RightUpperArm"] = CFrame.new(-5.960464477539063e-08, -2.384185791015625e-07, -3.3527612686157227e-08, 0.9623943567276001, -0.24796263873577118, -0.11095820367336273, 0.2716525197029114, 0.8805979490280151, 0.3882681429386139, 0.001433549914509058, -0.4038090705871582, 0.9148422479629517),
            ["Head"] = CFrame.new(-1.0477378964424133e-08, -3.5762786865234375e-07, 3.725290298461914e-09, 0.9327192902565002, -0.035829395055770874, 0.3588190972805023, -0.022443389520049095, 0.9873546957969666, 0.15693004429340363, -0.35990434885025024, -0.15442462265491486, 0.9201205968856812),
            ["RightHand"] = CFrame.new(8.940696716308594e-08, 2.980232238769531e-07, -2.9802322387695312e-08, 0.9613270163536072, 0.2686519920825958, 0.0606338307261467, -0.2603572905063629, 0.9582753777503967, -0.11799319088459015, -0.08980292081832886, 0.09764374792575836, 0.991161584854126),
            ["UpperTorso"] = CFrame.new(8.381903171539307e-09, 2.384185791015625e-07, -3.91155481338501e-08, 0.9988449811935425, -0.004636778961867094, -0.04782670736312866, 0.01144459005445242, 0.9896463751792908, 0.1430705487728119, 0.04666810482740402, -0.14345267415046692, 0.9885562062263489),
            ["HumanoidRootPart"] = CFrame.new(0, 0, 0, 1, 0, 0, 0, 1, 0, 0, 0, 1),
            ["RightUpperLeg"] = CFrame.new(0, 1.3783574104309082e-07, -3.149762051180005e-08, 0.8823962211608887, -0.33864492177963257, -0.3266444504261017, 0.3741064965724945, 0.9260050654411316, 0.05058462545275688, 0.2853442430496216, -0.16683562099933624, 0.9437926411628723),
            ["LeftUpperArm"] = CFrame.new(0, -4.76837158203125e-07, 2.2351741790771484e-08, 0.8854872584342957, 0.45352232456207275, -0.10114465653896332, -0.3831087052822113, 0.8357428908348083, 0.3933973014354706, 0.262945294380188, -0.30959880352020264, 0.9137879610061646),
            ["RightLowerArm"] = CFrame.new(1.1920928955078125e-07, -2.384185791015625e-07, 5.960464477539063e-08, 1, -2.6077035641947077e-08, 7.450582373280668e-09, 6.705522537231445e-08, 0.7985873222351074, -0.6018788814544678, 7.450580596923828e-09, 0.6018790006637573, 0.798587441444397),
            ["LeftHand"] = CFrame.new(-2.9802322387695312e-08, 0, -8.195638656616211e-08, 0.9201520681381226, -0.3525317907333374, -0.170416459441185, 0.36441677808761597, 0.9302271604537964, 0.04333289712667465, 0.14324991405010223, -0.1019754558801651, 0.9844189286231995),
            ["LeftFoot"] = CFrame.new(-4.0978193283081055e-08, -5.960464477539063e-08, -5.21540641784668e-08, 0.9744746088981628, -0.2203088402748108, 0.04316737875342369, 0.224299818277359, 0.9635274410247803, -0.14596126973628998, -0.009436341933906078, 0.15191799402236938, 0.9883480668067932),
            ["LowerTorso"] = CFrame.new(-0.026935657486319542, -0.22667241096496582, -0.011692285537719727, 0.9472293853759766, -0.06122444570064545, -0.314655601978302, 0.011159935966134071, 0.9872945547103882, -0.15850844979286194, 0.3203623592853546, 0.1466323286294937, 0.9358776807785034),
            ["RightLowerLeg"] = CFrame.new(2.9802322387695312e-08, -0.0000603795051574707, -0.0000721646283636801, 1, -6.705522537231445e-08, -5.960465188081798e-08, 9.685756197086448e-08, 0.7997616529464722, 0.6003173589706421, -1.6391278734317893e-07, -0.6003177762031555, 0.7997618913650513),
            ["LeftUpperLeg"] = CFrame.new(2.9802322387695312e-08, 2.7194619178771973e-07, -4.470348358154297e-08, 0.9420683979988098, 0.33451324701309204, 0.024660950526595116, -0.2797474265098572, 0.8241410851478577, -0.49247631430625916, -0.18506395816802979, 0.45704761147499084, 0.8699764013290405),
            ["LeftLowerLeg"] = CFrame.new(-6.705522537231445e-08, 0.000060558319091796875, 0.00007212162017822266, 1, 3.259629366425543e-08, 4.0978189730367376e-08, -7.823108916227284e-08, 0.6320716738700867, 0.7749099135398865, 3.725289943190546e-08, -0.7749099731445312, 0.6320716738700867),
        }},
        {Time = 0.200, Data = {
            ["RightFoot"] = CFrame.new(-2.2351741790771484e-08, 2.980232238769531e-07, 4.639878170564771e-08, 0.9409046173095703, 0.3249760568141937, -0.09533675014972687, -0.3285183310508728, 0.8073753714561462, -0.49012285470962524, -0.08230594545602798, 0.4924791157245636, 0.8664240837097168),
            ["LeftLowerArm"] = CFrame.new(-2.9802322387695312e-08, 1.1920928955078125e-07, -2.9802322387695312e-08, 1, -1.1920930376163597e-07, 4.470347647611561e-08, 6.70552182668871e-08, 0.7009708881378174, -0.7131901383399963, 1.4901159417490817e-08, 0.7131898999214172, 0.7009707093238831),
            ["RightUpperArm"] = CFrame.new(0, 0, 0, 0.9621856212615967, -0.2467074990272522, -0.11547455936670303, 0.2723522186279297, 0.8638105988502502, 0.42385807633399963, -0.00482085719704628, -0.43927985429763794, 0.8983373641967773),
            ["Head"] = CFrame.new(5.587935447692871e-09, -2.384185791015625e-07, 2.2351741790771484e-08, 0.9308466911315918, -0.038256868720054626, 0.36340194940567017, -0.03201720491051674, 0.9821406006813049, 0.18540501594543457, -0.3640046715736389, -0.18421854078769684, 0.9129973649978638),
            ["RightHand"] = CFrame.new(-2.9802322387695312e-08, -2.980232238769531e-07, 5.960464477539063e-08, 0.951811671257019, 0.29857656359672546, 0.07004819810390472, -0.29241564869880676, 0.9523974061012268, -0.08621066063642502, -0.09245405346155167, 0.06157322973012924, 0.9938113689422607),
            ["UpperTorso"] = CFrame.new(-6.51925802230835e-09, -1.7881393432617188e-07, -1.3969838619232178e-08, 0.9989943504333496, -0.000994575209915638, -0.04482684284448624, 0.00677181500941515, 0.9916328191757202, 0.12891247868537903, 0.044323552399873734, -0.12908636033535004, 0.9906423091888428),
            ["HumanoidRootPart"] = CFrame.new(0, 0, 0, 1, 0, 0, 0, 1, 0, 0, 0, 1),
            ["RightUpperLeg"] = CFrame.new(-8.940696716308594e-08, -4.3958425521850586e-07, -1.6952981241047382e-09, 0.8926941752433777, -0.33235713839530945, -0.3043612837791443, 0.3644793927669525, 0.929652750492096, 0.05385644733905792, 0.2650507986545563, -0.15901103615760803, 0.9510329961776733),
            ["LeftUpperArm"] = CFrame.new(0, -1.1920928955078125e-07, 1.4901161193847656e-08, 0.8979108929634094, 0.4368354082107544, -0.05413907393813133, -0.36675021052360535, 0.8104622960090637, 0.45677676796913147, 0.24341368675231934, -0.3902892768383026, 0.8879324197769165),
            ["RightLowerArm"] = CFrame.new(-3.5762786865234375e-07, 5.960464477539062e-07, 4.172325134277344e-07, 1, -7.450581307466564e-08, 5.960463766996327e-08, 3.72529100900465e-08, 0.751776397228241, -0.6594182252883911, 7.4505820180093e-08, 0.6594182252883911, 0.7517763376235962),
            ["LeftHand"] = CFrame.new(0, 1.7881393432617188e-07, 9.685754776000977e-08, 0.9108533263206482, -0.363086462020874, -0.1962513029575348, 0.3763919770717621, 0.9258349537849426, 0.03403779864311218, 0.16933777928352356, -0.10487081110477448, 0.9799627065658569),
            ["LeftFoot"] = CFrame.new(1.4901161193847656e-08, -1.7881393432617188e-07, 6.705522537231445e-08, 0.977007269859314, -0.20279444754123688, 0.0658116340637207, 0.20915672183036804, 0.9715211987495422, -0.11135533452033997, -0.04135505110025406, 0.12256032973527908, 0.9915992021560669),
            ["LowerTorso"] = CFrame.new(-0.018586957827210426, -0.2330927848815918, -0.002014733850955963, 0.9441683888435364, -0.07277730852365494, -0.32132488489151, 0.01521936897188425, 0.9838906526565552, -0.17812278866767883, 0.32911184430122375, 0.16328753530979156, 0.930065929889679),
            ["RightLowerLeg"] = CFrame.new(8.940696716308594e-08, -0.0000603795051574707, -0.00007208267197711393, 1, -7.450582373280668e-09, -5.960465898624534e-08, 8.195636524988004e-08, 0.7778623104095459, 0.6284343004226685, -4.8428763221863846e-08, -0.6284347772598267, 0.7778627872467041),
            ["LeftUpperLeg"] = CFrame.new(0, -3.594905138015747e-07, 4.470348358154297e-08, 0.9421021938323975, 0.3349058926105499, -0.016778917983174324, -0.2962054908275604, 0.8076958060264587, -0.5097938179969788, -0.15718071162700653, 0.48524805903434753, 0.8601329922676086),
            ["LeftLowerLeg"] = CFrame.new(-1.4901161193847656e-08, 0.000060498714447021484, 0.0000721663236618042, 1, 2.4214383387288763e-08, 5.21540641784668e-08, -1.043081283569336e-07, 0.5732353925704956, 0.8193907141685486, 5.21540641784668e-08, -0.8193907737731934, 0.5732355713844299),
        }},
        {Time = 0.233, Data = {
            ["RightFoot"] = CFrame.new(-5.21540641784668e-08, 2.384185791015625e-07, -5.790934665128589e-08, 0.9447075128555298, 0.31231576204299927, -0.09993346035480499, -0.3195040225982666, 0.8081126809120178, -0.494843989610672, -0.0737902894616127, 0.4994123578071594, 0.8632164597511292),
            ["LeftLowerArm"] = CFrame.new(5.960464477539063e-08, 0, 1.1920928955078125e-07, 1, -2.235175244891252e-08, 6.705523247774181e-08, 5.960463766996327e-08, 0.6711365580558777, -0.7413339614868164, -7.450579886381092e-08, 0.7413338422775269, 0.6711363196372986),
            ["RightUpperArm"] = CFrame.new(1.1920928955078125e-07, -1.1920928955078125e-07, 1.4901161193847656e-08, 0.9481972455978394, -0.28912755846977234, -0.13163314759731293, 0.31676849722862244, 0.8290842175483704, 0.4607352018356323, -0.024076227098703384, -0.47856518626213074, 0.877721905708313),
            ["Head"] = CFrame.new(-7.450580596923828e-09, 0, -3.725290298461914e-09, 0.9334103465080261, -0.043119680136442184, 0.3562105596065521, -0.03624565154314041, 0.9763437509536743, 0.21316462755203247, -0.3569754660129547, -0.21188101172447205, 0.9097663760185242),
            ["RightHand"] = CFrame.new(-1.4901161193847656e-07, -3.5762786865234375e-07, -8.940696716308594e-08, 0.9260040521621704, 0.36464256048202515, 0.09773541986942291, -0.36436888575553894, 0.9310117363929749, -0.02127779833972454, -0.09875146299600601, -0.015908362343907356, 0.9949849843978882),
            ["UpperTorso"] = CFrame.new(-7.450580596923828e-09, 8.940696716308594e-08, 7.450580596923828e-09, 0.9991965889930725, 0.004535445477813482, -0.039820022881031036, -0.00044602627167478204, 0.9947729110717773, 0.10211113095283508, 0.04007493332028389, -0.10201132297515869, 0.9939756989479065),
            ["HumanoidRootPart"] = CFrame.new(0, 0, 0, 1, 0, 0, 0, 1, 0, 0, 0, 1),
            ["RightUpperLeg"] = CFrame.new(-5.960464477539063e-08, -3.166496753692627e-08, 4.300818545743823e-08, 0.8992903232574463, -0.32078325748443604, -0.2972796559333801, 0.34887245297431946, 0.9360758662223816, 0.045277684926986694, 0.2637519836425781, -0.14443059265613556, 0.9537163376808167),
            ["LeftUpperArm"] = CFrame.new(0, 3.5762786865234375e-07, -1.4901161193847656e-08, 0.9057172536849976, 0.42346805334091187, -0.018746690824627876, -0.3560434877872467, 0.7840194702148438, 0.5084742903709412, 0.2300201803445816, -0.4538593292236328, 0.8608730435371399),
            ["RightLowerArm"] = CFrame.new(2.384185791015625e-07, -1.1920928955078125e-07, -3.5762786865234375e-07, 1, -6.705523958316917e-08, 1.4901164746561335e-08, 5.960465188081798e-08, 0.6870961785316467, -0.7265664935112, -2.980232594040899e-08, 0.7265666127204895, 0.6870961785316467),
            ["LeftHand"] = CFrame.new(2.086162567138672e-07, 4.172325134277344e-07, 6.705522537231445e-08, 0.901415228843689, -0.3728831708431244, -0.2200193852186203, 0.387250155210495, 0.921647310256958, 0.024571996182203293, 0.19361799955368042, -0.10735202580690384, 0.9751860499382019),
            ["LeftFoot"] = CFrame.new(-3.725290298461914e-08, 1.1920928955078125e-07, -1.1175870895385742e-08, 0.9804325699806213, -0.181651309132576, 0.07585964351892471, 0.18571972846984863, 0.9813045859336853, -0.05049292743206024, -0.06526939570903778, 0.06359376758337021, 0.9958392977714539),
            ["LowerTorso"] = CFrame.new(-0.010204649530351162, -0.2332451343536377, 0.01976606622338295, 0.9441949129104614, -0.07945181429386139, -0.31966131925582886, 0.020208286121487617, 0.9826173782348633, -0.18453963100910187, 0.328766793012619, 0.16778159141540527, 0.9293878674507141),
            ["RightLowerLeg"] = CFrame.new(-4.470348358154297e-08, -0.000060439109802246094, -0.00007209012255771086, 1, -9.685756907629184e-08, -1.4901164746561335e-08, 1.3783576946480025e-07, 0.7633758783340454, 0.6459543108940125, -7.4505820180093e-08, -0.6459546685218811, 0.7633761167526245),
            ["LeftUpperLeg"] = CFrame.new(0, -1.8067657947540283e-07, 4.470348358154297e-08, 0.9412578344345093, 0.3337843418121338, -0.051203805953264236, -0.30768078565597534, 0.7852107286453247, -0.5373794436454773, -0.13916301727294922, 0.5215670466423035, 0.8417847156524658),
            ["LeftLowerLeg"] = CFrame.new(-1.4901161193847656e-08, 0.000060617923736572266, 0.00007200241088867188, 1, 7.63684582238966e-08, 2.2351745343485163e-08, -9.685753354915505e-08, 0.5367268919944763, 0.8437561392784119, 3.725289943190546e-08, -0.8437561392784119, 0.5367269515991211),
        }},
        {Time = 0.267, Data = {
            ["RightFoot"] = CFrame.new(1.4901161193847656e-08, 2.980232238769531e-07, -2.8107024263590574e-08, 0.950269341468811, 0.29389095306396484, -0.1030346155166626, -0.3052336275577545, 0.8132511973381042, -0.4954334497451782, -0.061810582876205444, 0.5022455453872681, 0.862513542175293),
            ["LeftLowerArm"] = CFrame.new(2.9802322387695312e-08, -5.960464477539063e-08, 1.9371509552001953e-07, 1, -7.450583261459087e-09, 3.725290653733282e-08, 1.3411046495548362e-07, 0.6414045095443726, -0.7672032117843628, -1.4901162970204496e-08, 0.7672029137611389, 0.6414042115211487),
            ["RightUpperArm"] = CFrame.new(1.1920928955078125e-07, 0, -7.450580596923828e-09, 0.9246307015419006, -0.35043537616729736, -0.14917558431625366, 0.3777417540550232, 0.793721079826355, 0.47677892446517944, -0.04867647960782051, -0.4971941113471985, 0.8662728667259216),
            ["Head"] = CFrame.new(-1.862645149230957e-08, 0, -1.862645149230957e-08, 0.936682403087616, -0.045874156057834625, 0.3471623361110687, -0.037770092487335205, 0.9723637700080872, 0.2303958684206009, -0.34813714027404785, -0.22891992330551147, 0.9090633392333984),
            ["RightHand"] = CFrame.new(0, 2.384185791015625e-07, -8.940696716308594e-08, 0.8881046175956726, 0.4377555549144745, 0.1401439607143402, -0.4477648437023163, 0.892825186252594, 0.04868346452713013, -0.10381253808736801, -0.10598739981651306, 0.9889335632324219),
            ["UpperTorso"] = CFrame.new(-3.725290298461914e-09, 1.7881393432617188e-07, -1.0244548320770264e-08, 0.9993675947189331, 0.006542381830513477, -0.03495335578918457, -0.0037116073071956635, 0.9967520236968994, 0.08044611662626266, 0.035366106778383255, -0.08026548475027084, 0.996146023273468),
            ["HumanoidRootPart"] = CFrame.new(0, 0, 0, 1, 0, 0, 0, 1, 0, 0, 0, 1),
            ["RightUpperLeg"] = CFrame.new(-2.9802322387695312e-08, 2.5704503059387207e-07, -3.149762051180005e-08, 0.9056925773620605, -0.3069419264793396, -0.29241687059402466, 0.32735323905944824, 0.9446378946304321, 0.022339416667819023, 0.2693711519241333, -0.11595641076564789, 0.9560300707817078),
            ["LeftUpperArm"] = CFrame.new(-1.1920928955078125e-07, 1.1920928955078125e-07, 5.960464477539063e-08, 0.910964846611023, 0.4120967984199524, 0.0178739782422781, -0.35370779037475586, 0.758131206035614, 0.5478390455245972, 0.2122116982936859, -0.5053842067718506, 0.8363928198814392),
            ["RightLowerArm"] = CFrame.new(-1.1920928955078125e-07, 1.7881393432617188e-07, -1.1920928955078125e-07, 1, -1.1175872316471214e-07, 8.940699558479537e-08, 0, 0.6042339205741882, -0.7968069911003113, 2.980232594040899e-08, 0.7968069911003113, 0.6042340397834778),
            ["LeftHand"] = CFrame.new(2.9802322387695312e-08, 0, -2.2351741790771484e-08, 0.8908342719078064, -0.3829803764820099, -0.24441882967948914, 0.39756572246551514, 0.9175031185150146, 0.011372281238436699, 0.21989965438842773, -0.10730310529470444, 0.9696031808853149),
            ["LeftFoot"] = CFrame.new(-2.9802322387695312e-08, 5.960464477539063e-08, 4.470348358154297e-08, 0.9779856204986572, -0.1764935404062271, 0.11132915318012238, 0.17376455664634705, 0.9842059016227722, 0.03383500501513481, -0.11554253846406937, -0.013744907453656197, 0.9932075142860413),
            ["LowerTorso"] = CFrame.new(-0.002373896073549986, -0.22947168350219727, 0.05783860385417938, 0.9449785351753235, -0.08415873348712921, -0.3161216974258423, 0.025021355599164963, 0.9821054935455322, -0.18666265904903412, 0.32617413997650146, 0.16848242282867432, 0.9301742911338806),
            ["RightLowerLeg"] = CFrame.new(4.470348358154297e-08, -0.000060439109802246094, -0.0000721348260412924, 1, -1.1175872316471214e-07, 8.940699558479537e-08, 1.6391278734317893e-07, 0.7458862662315369, 0.6660727858543396, -8.568168397005138e-08, -0.6660733222961426, 0.7458868026733398),
