return {
  ["KeyframeSequence"] = {
    {Time = 0.000, Data = {
      ["Head"] = CFrame.new(-0.003107, 0.068928, 0.157247, 0.999864, 0.006038, -0.015367, -0.005978, 0.999974, 0.003996, 0.015391, -0.003903, 0.999874),
      ["LeftFoot"] = CFrame.new(0.000000, -0.023950, -0.000004, 0.999788, -0.015750, -0.013258, 0.016071, 0.999570, 0.024540, 0.012876, -0.024750, 0.999611),
      ["LeftHand"] = CFrame.new(0.000500, 0.000100, 0.000000, 0.998674, 0.033727, 0.038897, -0.034986, 0.998870, 0.032161, -0.037768, -0.033478, 0.998726),
      ["LeftLowerArm"] = CFrame.new(0.005666, -0.027912, 0.010662, 1.000000, -0.000000, -0.000000, 0.000000, 0.998746, -0.050073, 0.000000, 0.050072, 0.998746),
      ["LeftLowerLeg"] = CFrame.new(0.000000, -0.023469, -0.000210, 1.000000, -0.000000, -0.000000, 0.000000, 1.000000, -0.000008, -0.000000, -0.000011, 1.000000),
      ["LeftUpperArm"] = CFrame.new(0.069142, 0.072005, 0.004720, 0.999988, 0.003110, -0.003651, -0.003012, 0.999642, 0.026601, 0.003733, -0.026590, 0.999639),
      ["LeftUpperLeg"] = CFrame.new(-0.000723, -0.097400, -0.061041, 0.998453, 0.012141, 0.054246, -0.010720, 0.999594, -0.026371, -0.054555, 0.025771, 0.998179),
      ["LowerTorso"] = CFrame.new(-0.101855, 0.136300, 0.188637, 0.999442, 0.014561, -0.030047, -0.014651, 0.999889, -0.002767, 0.030004, 0.003206, 0.999545),
      ["RightFoot"] = CFrame.new(0.000000, -0.031687, -0.000103, 0.999949, 0.007733, 0.006513, -0.008115, 0.998041, 0.062054, -0.005985, -0.062085, 0.998052),
      ["RightHand"] = CFrame.new(-0.000500, -0.000000, 0.000000, 0.999992, -0.003397, 0.002252, 0.003462, 0.999559, -0.029487, -0.002151, 0.029495, 0.999563),
      ["RightLowerArm"] = CFrame.new(-0.011635, -0.038963, -0.003714, 1.000000, 0.000000, 0.000000, -0.000000, 0.999604, -0.028131, -0.000000, 0.028131, 0.999604),
      ["RightLowerLeg"] = CFrame.new(0.000000, -0.031358, -0.000388, 1.000000, -0.000000, -0.000000, -0.000000, 1.000000, -0.000017, 0.000000, -0.000020, 1.000000),
      ["RightUpperArm"] = CFrame.new(-0.061890, 0.066605, 0.018056, 0.999957, 0.001994, -0.009044, -0.001631, 0.999201, 0.039944, 0.009116, -0.039928, 0.999161),
      ["RightUpperLeg"] = CFrame.new(-0.016717, -0.066244, -0.093048, 0.998339, -0.009300, 0.056815, 0.009902, 0.999896, -0.010425, -0.056747, 0.010993, 0.998330),
      ["UpperTorso"] = CFrame.new(-0.027634, -0.040312, -0.030217, 0.999125, 0.003445, 0.041683, -0.003220, 0.999980, -0.005455, -0.041701, 0.005316, 0.999116)
    }},
    {Time = 0.017, Data = {
      ["Head"] = CFrame.new(-0.003107, 0.068928, 0.157247, 0.999864, 0.006038, -0.015367, -0.005978, 0.999974, 0.003996, 0.015391, -0.003903, 0.999874),
      ["LeftFoot"] = CFrame.new(-0.000000, -0.023947, -0.000004, 0.999787, -0.015783, -0.013287, 0.016090, 0.999598, 0.023347, 0.012922, -0.023559, 0.999639),
      ["LeftHand"] = CFrame.new(0.000500, 0.000100, -0.000000, 0.998674, 0.033727, 0.038897, -0.034986, 0.998870, 0.032161, -0.037768, -0.033478, 0.998726),
      ["LeftLowerArm"] = CFrame.new(0.005666, -0.027598, 0.010678, 1.000000, -0.000000, -0.000000, 0.000000, 0.998583, -0.053217, 0.000000, 0.053216, 0.998583),
      ["LeftLowerLeg"] = CFrame.new(0.000000, -0.023465, -0.000210, 1.000000, 0.000000, -0.000000, 0.000000, 1.000000, -0.000008, -0.000000, -0.000011, 1.000000),
      ["LeftUpperArm"] = CFrame.new(0.069142, 0.071980, 0.004709, 0.999988, 0.003157, -0.003630, -0.003061, 0.999655, 0.026069, 0.003711, -0.026057, 0.999654),
      ["LeftUpperLeg"] = CFrame.new(-0.000720, -0.097362, -0.060928, 0.998454, 0.012044, 0.054251, -0.010803, 0.999675, -0.023076, -0.054522, 0.022477, 0.998261),
      ["LowerTorso"] = CFrame.new(-0.101854, 0.136301, 0.184436, 0.999443, 0.014558, -0.030043, -0.014677, 0.999885, -0.003740, 0.029985, 0.004178, 0.999542),
      ["RightFoot"] = CFrame.new(0.000000, -0.031639, -0.000103, 0.999950, 0.007689, 0.006475, -0.008061, 0.998116, 0.060841, -0.005960, -0.060871, 0.998126),
      ["RightHand"] = CFrame.new(-0.000500, 0.000000, -0.000000, 0.999992, -0.003397, 0.002252, 0.003462, 0.999559, -0.029487, -0.002151, 0.029495, 0.999563),
      ["RightLowerArm"] = CFrame.new(-0.011635, -0.038668, -0.003706, 1.000000, 0.000000, 0.000000, -0.000000, 0.999517, -0.031077, -0.000000, 0.031077, 0.999517),
      ["RightLowerLeg"] = CFrame.new(-0.000000, -0.031310, -0.000388, 1.000000, -0.000000, -0.000000, 0.000000, 1.000000, -0.000017, -0.000000, -0.000020, 1.000000),
      ["RightUpperArm"] = CFrame.new(-0.061891, 0.066555, 0.018205, 0.999960, 0.001878, -0.008751, -0.001530, 0.999213, 0.039626, 0.008818, -0.039611, 0.999176),
      ["RightUpperLeg"] = CFrame.new(-0.016726, -0.066363, -0.093406, 0.998340, -0.009403, 0.056785, 0.009804, 0.999928, -0.006897, -0.056751, 0.007465, 0.998363),
      ["UpperTorso"] = CFrame.new(-0.027596, -0.040335, -0.028971, 0.999125, 0.003443, 0.041677, -0.003224, 0.999981, -0.005312, -0.041694, 0.005173, 0.999117)
    }},
    {Time = 0.033, Data = {
      ["Head"] = CFrame.new(-0.003107, 0.068929, 0.157247, 0.999864, 0.006038, -0.015367, -0.005978, 0.999974, 0.003996, 0.015391, -0.003903, 0.999874),
      ["LeftFoot"] = CFrame.new(-0.000000, -0.023967, -0.000004, 0.999784, -0.015879, -0.013367, 0.016143, 0.999670, 0.019969, 0.013055, -0.020183, 0.999711),
      ["LeftHand"] = CFrame.new(0.000500, 0.000100, -0.000000, 0.998674, 0.033727, 0.038897, -0.034986, 0.998870, 0.032161, -0.037768, -0.033478, 0.998726),
      ["LeftLowerArm"] = CFrame.new(0.005666, -0.026683, 0.010730, 1.000000, -0.000000, -0.000000, 0.000000, 0.998053, -0.062369, 0.000000, 0.062368, 0.998053),
      ["LeftLowerLeg"] = CFrame.new(0.000000, -0.023485, -0.000210, 1.000000, 0.000000, 0.000000, 0.000000, 1.000000, -0.000008, 0.000000, -0.000011, 1.000000),
      ["LeftUpperArm"] = CFrame.new(0.069142, 0.071908, 0.004677, 0.999988, 0.003295, -0.003568, -0.003206, 0.999696, 0.024466, 0.003648, -0.024454, 0.999694),
      ["LeftUpperLeg"] = CFrame.new(-0.000712, -0.097251, -0.060597, 0.998457, 0.011764, 0.054261, -0.011042, 0.999847, -0.013541, -0.054422, 0.012944, 0.998435),
      ["LowerTorso"] = CFrame.new(-0.101851, 0.136307, 0.172311, 0.999443, 0.014550, -0.030031, -0.014754, 0.999870, -0.006571, 0.029931, 0.007011, 0.999527),
      ["RightFoot"] = CFrame.new(0.000000, -0.031534, -0.000103, 0.999951, 0.007562, 0.006369, -0.007908, 0.998321, 0.057404, -0.005888, -0.057433, 0.998331),
      ["RightHand"] = CFrame.new(-0.000500, 0.000000, -0.000000, 0.999992, -0.003397, 0.002252, 0.003462, 0.999559, -0.029487, -0.002151, 0.029495, 0.999563),
      ["RightLowerArm"] = CFrame.new(-0.011635, -0.037809, -0.003676, 1.000000, 0.000000, 0.000000, -0.000000, 0.999213, -0.039667, -0.000000, 0.039666, 0.999213),
      ["RightLowerLeg"] = CFrame.new(-0.000000, -0.031205, -0.000386, 1.000000, 0.000000, -0.000000, 0.000000, 1.000000, -0.000017, 0.000000, -0.000020, 1.000000),
      ["RightUpperArm"] = CFrame.new(-0.061895, 0.066408, 0.018639, 0.999968, 0.001543, -0.007897, -0.001237, 0.999252, 0.038647, 0.007951, -0.038636, 0.999222),
      ["RightUpperLeg"] = CFrame.new(-0.016752, -0.066711, -0.094450, 0.998343, -0.009701, 0.056692, 0.009521, 0.999949, 0.003319, -0.056756, -0.002752, 0.998386),
      ["UpperTorso"] = CFrame.new(-0.027489, -0.040381, -0.025450, 0.999126, 0.003440, 0.041659, -0.003237, 0.999983, -0.004938, -0.041675, 0.004799, 0.999120)
    }},
    {Time = 0.050, Data = {
      ["Head"] = CFrame.new(-0.003107, 0.068928, 0.157247, 0.999864, 0.006038, -0.015367, -0.005978, 0.999974, 0.003996, 0.015391, -0.003903, 0.999874),
      ["LeftFoot"] = CFrame.new(0.000000, -0.024087, -0.000004, 0.999780, -0.016028, -0.013493, 0.016225, 0.999760, 0.014703, 0.013263, -0.014921, 0.999801),
      ["LeftHand"] = CFrame.new(0.000500, 0.000100, -0.000000, 0.998674, 0.033727, 0.038897, -0.034986, 0.998870, 0.032161, -0.037768, -0.033478, 0.998726),
      ["LeftLowerArm"] = CFrame.new(0.005666, -0.025210, 0.010831, 1.000000, -0.000000, -0.000000, 0.000000, 0.997023, -0.077105, 0.000000, 0.077104, 0.997023),
      ["LeftLowerLeg"] = CFrame.new(0.000000, -0.023606, -0.000212, 1.000000, 0.000000, -0.000000, -0.000000, 1.000000, -0.000008, 0.000000, -0.000011, 1.000000),
      ["LeftUpperArm"] = CFrame.new(0.069142, 0.071791, 0.004624, 0.999988, 0.003515, -0.003467, -0.003438, 0.999757, 0.021785, 0.003542, -0.021773, 0.999757),
      ["LeftUpperLeg"] = CFrame.new(-0.000699, -0.097073, -0.060064, 0.998462, 0.011316, 0.054264, -0.011423, 0.999933, 0.001706, -0.054252, -0.002301, 0.998525),
      ["LowerTorso"] = CFrame.new(-0.101846, 0.136324, 0.152983, 0.999444, 0.014538, -0.030011, -0.014878, 0.999827, -0.011134, 0.029844, 0.011574, 0.999488),
      ["RightFoot"] = CFrame.new(-0.000000, -0.031478, -0.000103, 0.999954, 0.007363, 0.006201, -0.007668, 0.998616, 0.052045, -0.005774, -0.052071, 0.998626),
      ["RightHand"] = CFrame.new(-0.000500, -0.000000, -0.000000, 0.999992, -0.003397, 0.002252, 0.003462, 0.999559, -0.029487, -0.002151, 0.029495, 0.999563),
      ["RightLowerArm"] = CFrame.new(-0.011635, -0.036422, -0.003613, 1.000000, 0.000000, 0.000000, -0.000000, 0.998566, -0.053540, -0.000000, 0.053539, 0.998566),
      ["RightLowerLeg"] = CFrame.new(-0.000000, -0.031150, -0.000386, 1.000000, 0.000000, 0.000000, -0.000000, 1.000000, -0.000016, 0.000000, -0.000020, 1.000000),
      ["RightUpperArm"] = CFrame.new(-0.061901, 0.066171, 0.019337, 0.999978, 0.001005, -0.006521, -0.000763, 0.999316, 0.036968, 0.006554, -0.036962, 0.999295),
      ["RightUpperLeg"] = CFrame.new(-0.016795, -0.067272, -0.096133, 0.998347, -0.010174, 0.056534, 0.009068, 0.999766, 0.019669, -0.056756, -0.019102, 0.998207),
      ["UpperTorso"] = CFrame.new(-0.027325, -0.040401, -0.019985, 0.999127, 0.003437, 0.041632, -0.003256, 0.999985, -0.004416, -0.041647, 0.004277, 0.999123)
    }},
    {Time = 0.067, Data = {
      ["Head"] = CFrame.new(-0.003107, 0.068928, 0.157247, 0.999864, 0.006038, -0.015367, -0.005978, 0.999974, 0.003996, 0.015391, -0.003903, 0.999874),
      ["LeftFoot"] = CFrame.new(-0.000000, -0.024415, -0.000004, 0.999775, -0.016220, -0.013654, 0.016328, 0.999836, 0.007852, 0.013534, -0.008076, 0.999876),
      ["LeftHand"] = CFrame.new(0.000500, 0.000100, -0.000000, 0.998674, 0.033727, 0.038897, -0.034986, 0.998870, 0.032161, -0.037768, -0.033478, 0.998726),
      ["LeftLowerArm"] = CFrame.new(0.005666, -0.023221, 0.011003, 1.000000, -0.000000, -0.000000, 0.000000, 0.995285, -0.096990, 0.000000, 0.096989, 0.995285),
      ["LeftLowerLeg"] = CFrame.new(0.000000, -0.023933, -0.000216, 1.000000, -0.000000, 0.000000, 0.000000, 1.000000, -0.000008, -0.000000, -0.000011, 1.000000),
      ["LeftUpperArm"] = CFrame.new(0.069142, 0.071636, 0.004551, 0.999987, 0.003811, -0.003328, -0.003750, 0.999831, 0.018019, 0.003396, -0.018006, 0.999832),
      ["LeftUpperLeg"] = CFrame.new(-0.000680, -0.096833, -0.059340, 0.998469, 0.010716, 0.054248, -0.011929, 0.999684, 0.022129, -0.054004, -0.022720, 0.998282),
      ["LowerTorso"] = CFrame.new(-0.101840, 0.136360, 0.127169, 0.999445, 0.014523, -0.029985, -0.015046, 0.999737, -0.017299, 0.029726, 0.017741, 0.999401),
      ["RightFoot"] = CFrame.new(-0.000000, -0.031618, -0.000103, 0.999957, 0.007102, 0.005981, -0.007357, 0.998958, 0.045069, -0.005620, -0.045092, 0.998966),
      ["RightHand"] = CFrame.new(-0.000500, 0.000000, -0.000000, 0.999992, -0.003397, 0.002252, 0.003462, 0.999559, -0.029487, -0.002151, 0.029495, 0.999563),
      ["RightLowerArm"] = CFrame.new(-0.011635, -0.034542, -0.003496, 1.000000, 0.000000, 0.000000, -0.000000, 0.997380, -0.072343, -0.000000, 0.072343, 0.997380),
      ["RightLowerLeg"] = CFrame.new(-0.000000, -0.031289, -0.000388, 1.000000, 0.000000, -0.000000, -0.000000, 1.000000, -0.000016, -0.000000, -0.000019, 1.000000),
      ["RightUpperArm"] = CFrame.new(-0.061906, 0.065849, 0.020280, 0.999989, 0.000281, -0.004661, -0.000120, 0.999403, 0.034551, 0.004668, -0.034550, 0.999392),
      ["RightUpperLeg"] = CFrame.new(-0.016852, -0.068030, -0.098406, 0.998353, -0.010804, 0.056305, 0.008459, 0.999100, 0.041587, -0.056738, -0.041022, 0.997547),
      ["UpperTorso"] = CFrame.new(-0.027114, -0.040333, -0.012906, 0.999129, 0.003435, 0.041598, -0.003279, 0.999987, -0.003829, -0.041611, 0.003689, 0.999127)
    }},
    {Time = 0.083, Data = {
      ["Head"] = CFrame.new(-0.003107, 0.068928, 0.157247, 0.999864, 0.006038, -0.015367, -0.005978, 0.999974, 0.003996, 0.015391, -0.003903, 0.999874),
      ["LeftFoot"] = CFrame.new(-0.000000, -0.025077, -0.000004, 0.999769, -0.016445, -0.013844, 0.016442, 0.999865, -0.000270, 0.013856, 0.000039, 0.999904),
      ["LeftHand"] = CFrame.new(0.000500, 0.000100, 0.000000, 0.998674, 0.033727, 0.038897, -0.034986, 0.998870, 0.032161, -0.037768, -0.033478, 0.998726),
      ["LeftLowerArm"] = CFrame.new(0.005666, -0.020761, 0.011271, 1.000000, -0.000000, -0.000000, 0.000000, 0.992582, -0.121576, 0.000000, 0.121576, 0.992582),
      ["LeftLowerLeg"] = CFrame.new(-0.000000, -0.024591, -0.000225, 1.000000, 0.000000, 0.000000, 0.000000, 1.000000, -0.000008, -0.000000, -0.000011, 1.000000),
      ["LeftUpperArm"] = CFrame.new(0.069141, 0.071445, 0.004458, 0.999986, 0.004175, -0.003155, -0.004133, 0.999905, 0.013160, 0.003210, -0.013147, 0.999908),
      ["LeftUpperLeg"] = CFrame.new(-0.000658, -0.096532, -0.058439, 0.998480, 0.009982, 0.054198, -0.012544, 0.998809, 0.047173, -0.053673, -0.047759, 0.997415),
      ["LowerTorso"] = CFrame.new(-0.101833, 0.136426, 0.095589, 0.999446, 0.014504, -0.029954, -0.015254, 0.999573, -0.024938, 0.029579, 0.025381, 0.999240),
      ["RightFoot"] = CFrame.new(-0.000000, -0.032126, -0.000103, 0.999961, 0.006791, 0.005720, -0.006990, 0.999299, 0.036793, -0.005431, -0.036812, 0.999307),
      ["RightHand"] = CFrame.new(-0.000500, -0.000000, -0.000000, 0.999992, -0.003397, 0.002252, 0.003462, 0.999559, -0.029487, -0.002151, 0.029495, 0.999563),
      ["RightLowerArm"] = CFrame.new(-0.011635, -0.032203, -0.003301, 1.000000, 0.000000, 0.000000, -0.000000, 0.995408, -0.095723, -0.000000, 0.095722, 0.995408),
      ["RightLowerLeg"] = CFrame.new(0.000000, -0.031794, -0.000394, 1.000000, -0.000000, -0.000000, -0.000000, 1.000000, -0.000016, 0.000000, -0.000019, 1.000000),
      ["RightUpperArm"] = CFrame.new(-0.061910, 0.065448, 0.021447, 0.999997, -0.000610, -0.002355, 0.000684, 0.999508, 0.031361, 0.002335, -0.031362, 0.999505),
      ["RightUpperLeg"] = CFrame.new(-0.016923, -0.068968, -0.101224, 0.998362, -0.011569, 0.055997, 0.007710, 0.997624, 0.068487, -0.056691, -0.067923, 0.996079),
      ["UpperTorso"] = CFrame.new(-0.026867, -0.040109, -0.004546, 0.999130, 0.003437, 0.041559, -0.003305, 0.999989, -0.003258, -0.041570, 0.003118, 0.999131)
    }},
    {Time = 0.100, Data = {
      ["Head"] = CFrame.new(-0.003107, 0.068928, 0.157247, 0.999864, 0.006038, -0.015367, -0.005978, 0.999974, 0.003996, 0.015391, -0.003903, 0.999874),
      ["LeftFoot"] = CFrame.new(0.000000, -0.026217, -0.000004, 0.999762, -0.016691, -0.014051, 0.016560, 0.999819, -0.009341, 0.014214, 0.009103, 0.999858),
      ["LeftHand"] = CFrame.new(0.000500, 0.000100, 0.000000, 0.998674, 0.033727, 0.038897, -0.034986, 0.998870, 0.032161, -0.037768, -0.033478, 0.998726),
      ["LeftLowerArm"] = CFrame.new(0.005666, -0.017879, 0.011664, 1.000000, -0.000000, -0.000000, 0.000000, 0.988625, -0.150399, 0.000000, 0.150398, 0.988625),
      ["LeftLowerLeg"] = CFrame.new(-0.000000, -0.025728, -0.000240, 1.000000, -0.000000, -0.000000, -0.000000, 1.000000, -0.000008, -0.000000, -0.000011, 1.000000),
      ["LeftUpperArm"] = CFrame.new(0.069141, 0.071221, 0.004345, 0.999985, 0.004601, -0.002950, -0.004580, 0.999964, 0.007201, 0.002983, -0.007187, 0.999970),
      ["LeftUpperLeg"] = CFrame.new(-0.000631, -0.096178, -0.057376, 0.998493, 0.009130, 0.054098, -0.013246, 0.997002, 0.076258, -0.053249, -0.076838, 0.995620),
      ["LowerTorso"] = CFrame.new(-0.101825, 0.136533, 0.058963, 0.999447, 0.014485, -0.029919, -0.015498, 0.999304, -0.033920, 0.029407, 0.034365, 0.998977),
      ["RightFoot"] = CFrame.new(-0.000000, -0.033199, -0.000103, 0.999965, 0.006443, 0.005426, -0.006583, 0.999599, 0.027547, -0.005212, -0.027563, 0.999606),
      ["RightHand"] = CFrame.new(-0.000500, 0.000000, 0.000000, 0.999992, -0.003397, 0.002252, 0.003462, 0.999559, -0.029487, -0.002151, 0.029495, 0.999563),
      ["RightLowerArm"] = CFrame.new(-0.011635, -0.029445, -0.003000, 1.000000, 0.000000, 0.000000, -0.000000, 0.992368, -0.123309, -0.000000, 0.123308, 0.992368),
      ["RightLowerLeg"] = CFrame.new(0.000000, -0.032859, -0.000408, 1.000000, -0.000000, -0.000000, -0.000000, 1.000000, -0.000016, -0.000000, -0.000019, 1.000000),
      ["RightUpperArm"] = CFrame.new(-0.061911, 0.064971, 0.022817, 0.999999, -0.001648, 0.000361, 0.001638, 0.999624, 0.027358, -0.000406, -0.027358, 0.999626),
      ["RightUpperLeg"] = CFrame.new(-0.017006, -0.070074, -0.104537, 0.998374, -0.012447, 0.055603, 0.006840, 0.994991, 0.099744, -0.056600, -0.099184, 0.993458),
      ["UpperTorso"] = CFrame.new(-0.026595, -0.039666, 0.004764, 0.999132, 0.003444, 0.041519, -0.003331, 0.999991, -0.002789, -0.041528, 0.002648, 0.999134)
    }},
    {Time = 0.117, Data = {
      ["Head"] = CFrame.new(-0.003107, 0.068928, 0.157247, 0.999864, 0.006038, -0.015367, -0.005978, 0.999974, 0.003996, 0.015391, -0.003903, 0.999874),
      ["LeftFoot"] = CFrame.new(0.000000, -0.027941, -0.000004, 0.999754, -0.016947, -0.014266, 0.016672, 0.999680, -0.019027, 0.014593, 0.018781, 0.999717),
      ["LeftHand"] = CFrame.new(0.000500, 0.000100, 0.000000, 0.998674, 0.033727, 0.038897, -0.034986, 0.998870, 0.032161, -0.037768, -0.033478, 0.998726),
      ["LeftLowerArm"] = CFrame.new(0.005666, -0.014620, 0.012211, 1.000000, -0.000000, -0.000000, 0.000000, 0.983118, -0.182973, 0.000000, 0.182972, 0.983118),
      ["LeftLowerLeg"] = CFrame.new(0.000000, -0.027446, -0.000263, 1.000000, -0.000000, 0.000000, 0.000000, 1.000000, -0.000008, -0.000000, -0.000011, 1.000000),
      ["LeftUpperArm"] = CFrame.new(0.069140, 0.070969, 0.004211, 0.999983, 0.005082, -0.002716, -0.005081, 0.999987, 0.000133, 0.002716, -0.000119, 0.999996),
      ["LeftUpperLeg"] = CFrame.new(-0.000600, -0.095773, -0.056163, 0.998511, 0.008179, 0.053930, -0.014016, 0.993970, 0.108776, -0.052726, -0.109348, 0.992602),
      ["LowerTorso"] = CFrame.new(-0.101817, 0.136694, 0.018011, 0.999449, 0.014464, -0.029883, -0.015776, 0.998902, -0.044118, 0.029212, 0.044565, 0.998579),
      ["RightFoot"] = CFrame.new(-0.000000, -0.034978, -0.000103, 0.999969, 0.006071, 0.005113, -0.006154, 0.999825, 0.017684, -0.004970, -0.017697, 0.999831),
      ["RightHand"] = CFrame.new(-0.000500, -0.000000, 0.000000, 0.999992, -0.003397, 0.002252, 0.003462, 0.999559, -0.029487, -0.002151, 0.029495, 0.999563),
      ["RightLowerArm"] = CFrame.new(-0.011635, -0.026304, -0.002562, 1.000000, 0.000000, 0.000000, -0.000000, 0.987960, -0.154709, -0.000000, 0.154709, 0.987960),
      ["RightLowerLeg"] = CFrame.new(0.000000, -0.034627, -0.000431, 1.000000, 0.000000, 0.000000, 0.000000, 1.000000, -0.000015, 0.000000, -0.000018, 1.000000),
      ["RightUpperArm"] = CFrame.new(-0.061907, 0.064422, 0.024370, 0.999990, -0.002813, 0.003449, 0.002735, 0.999743, 0.022507, -0.003511, -0.022497, 0.999741),
      ["RightUpperLeg"] = CFrame.new(-0.017101, -0.071328, -0.108300, 0.998388, -0.013416, 0.055116, 0.005868, 0.990871, 0.134699, -0.056453, -0.134142, 0.989353),
      ["UpperTorso"] = CFrame.new(-0.026310, -0.038943, 0.014686, 0.999133, 0.003457, 0.041479, -0.003356, 0.999991, -0.002504, -0.041487, 0.002362, 0.999136)
    }},
    {Time = 0.133, Data = {
      ["Head"] = CFrame.new(-0.003107, 0.068928, 0.157247, 0.999864, 0.006038, -0.015367, -0.005978, 0.999974, 0.003996, 0.015391, -0.003903, 0.999874),
      ["LeftFoot"] = CFrame.new(0.000000, -0.030355, -0.000004, 0.999747, -0.017198, -0.014478, 0.016771, 0.999439, -0.028980, 0.014977, 0.028726, 0.999475),
      ["LeftHand"] = CFrame.new(0.000500, 0.000100, 0.000000, 0.998674, 0.033727, 0.038897, -0.034986, 0.998870, 0.032161, -0.037768, -0.033478, 0.998726),
      ["LeftLowerArm"] = CFrame.new(0.005666, -0.011038, 0.012942, 1.000000, -0.000000, -0.000000, 0.000000, 0.975772, -0.218792, 0.000000, 0.218791, 0.975772),
      ["LeftLowerLeg"] = CFrame.new(-0.000000, -0.029851, -0.000295, 1.000000, 0.000000, -0.000000, -0.000000, 1.000000, -0.000008, 0.000000, -0.000011, 1.000000),
      ["LeftUpperArm"] = CFrame.new(0.069139, 0.070695, 0.004057, 0.999981, 0.005611, -0.002454, -0.005631, 0.999952, -0.008052, 0.002409, 0.008066, 0.999965),
      ["LeftUpperLeg"] = CFrame.new(-0.000566, -0.095324, -0.054814, 0.998532, 0.007149, 0.053680, -0.014829, 0.989457, 0.144090, -0.052094, -0.144653, 0.988108),
      ["LowerTorso"] = CFrame.new(-0.101809, 0.136921, -0.026547, 0.999450, 0.014445, -0.029845, -0.016083, 0.998335, -0.055399, 0.028995, 0.055848, 0.998018),
      ["RightFoot"] = CFrame.new(0.000000, -0.037651, -0.000103, 0.999973, 0.005690, 0.004792, -0.005719, 0.999955, 0.007573, -0.004714, -0.007582, 0.999960),
      ["RightHand"] = CFrame.new(-0.000500, 0.000000, 0.000000, 0.999992, -0.003397, 0.002252, 0.003462, 0.999559, -0.029487, -0.002151, 0.029495, 0.999563),
      ["RightLowerArm"] = CFrame.new(-0.011635, -0.022824, -0.001958, 1.000000, 0.000000, 0.000000, -0.000000, 0.981881, -0.189501, -0.000000, 0.189500, 0.981881),
      ["RightLowerLeg"] = CFrame.new(0.000000, -0.037284, -0.000465, 1.000000, 0.000000, 0.000000, 0.000000, 1.000000, -0.000014, -0.000000, -0.000018, 1.000000),
      ["RightUpperArm"] = CFrame.new(-0.061896, 0.063805, 0.026085, 0.999968, -0.004084, 0.006873, 0.003968, 0.999852, 0.016769, -0.006941, -0.016741, 0.999836),
      ["RightUpperLeg"] = CFrame.new(-0.017206, -0.072717, -0.112465, 0.998406, -0.014451, 0.054527, 0.004815, 0.984974, 0.172650, -0.056235, -0.172097, 0.983473),
      ["UpperTorso"] = CFrame.new(-0.026022, -0.037899, 0.024882, 0.999135, 0.003477, 0.041442, -0.003377, 0.999991, -0.002486, -0.041450, 0.002344, 0.999138)
    }},
    {Time = 0.150, Data = {
      ["Head"] = CFrame.new(-0.003107, 0.068929, 0.157247, 0.999864, 0.006038, -0.015367, -0.005978, 0.999974, 0.003996, 0.015391, -0.003903, 0.999874),
      ["LeftFoot"] = CFrame.new(-0.000000, -0.033538, -0.000004, 0.999740, -0.017432, -0.014675, 0.016849, 0.999103, -0.038847, 0.015348, 0.038585, 0.999137),
      ["LeftHand"] = CFrame.new(0.000500, 0.000100, 0.000000, 0.998674, 0.033727, 0.038897, -0.034986, 0.998870, 0.032161, -0.037768, -0.033478, 0.998726),
      ["LeftLowerArm"] = CFrame.new(0.005666, -0.007184, 0.013883, 1.000000, -0.000000, -0.000000, 0.000000, 0.966324, -0.257328, 0.000000, 0.257327, 0.966324),
      ["LeftLowerLeg"] = CFrame.new(0.000000, -0.033023, -0.000337, 1.000000, 0.000000, 0.000000, 0.000000, 1.000000, -0.000008, 0.000000, -0.000011, 1.000000),
      ["LeftUpperArm"] = CFrame.new(0.069137, 0.070401, 0.003883, 0.999979, 0.006182, -0.002168, -0.006219, 0.999830, -0.017363, 0.002060, 0.017376, 0.999847),
      ["LeftUpperLeg"] = CFrame.new(-0.000529, -0.094833, -0.053342, 0.998558, 0.006058, 0.053332, -0.015660, 0.983262, 0.181542, -0.051349, -0.182095, 0.981936),
      ["LowerTorso"] = CFrame.new(-0.101802, 0.137225, -0.073991, 0.999452, 0.014426, -0.029809, -0.016416, 0.997575, -0.067632, 0.028761, 0.068084, 0.997265),
      ["RightFoot"] = CFrame.new(-0.000000, -0.041323, -0.000103, 0.999976, 0.005315, 0.004477, -0.005297, 0.999983, -0.002401, -0.004455, 0.002394, 0.999987),
      ["RightHand"] = CFrame.new(-0.000500, 0.000000, 0.000000, 0.999992, -0.003397, 0.002252, 0.003462, 0.999559, -0.029487, -0.002151, 0.029495, 0.999563),
      ["RightLowerArm"] = CFrame.new(-0.011635, -0.019051, -0.001158, 1.000000, 0.000000, 0.000000, -0.000000, 0.973843, -0.227223, -0.000000, 0.227223, 0.973843),
      ["RightLowerLeg"] = CFrame.new(0.000000, -0.040933, -0.000513, 1.000000, 0.000000, -0.000000, 0.000000, 1.000000, -0.000014, 0.000000, -0.000017, 1.000000),
      ["RightUpperArm"] = CFrame.new(-0.061876, 0.063124, 0.027940, 0.999929, -0.005438, 0.010598, 0.005331, 0.999935, 0.010107, -0.010652, -0.010050, 0.999893),
      ["RightUpperLeg"] = CFrame.new(-0.017320, -0.074223, -0.116984, 0.998428, -0.015530, 0.053830, 0.003708, 0.977077, 0.212865, -0.055934, -0.212317, 0.975598),
      ["UpperTorso"] = CFrame.new(-0.025741, -0.036505, 0.035015, 0.999136, 0.003507, 0.041411, -0.003393, 0.999990, -0.002821, -0.041420, 0.002678, 0.999138)
    }},
    {Time = 0.167, Data = {
      ["Head"] = CFrame.new(-0.003107, 0.068928, 0.157247, 0.999864, 0.006038, -0.015367, -0.005978, 0.999974, 0.003996, 0.015391, -0.003903, 0.999874),
      ["LeftFoot"] = CFrame.new(0.000000, -0.037536, -0.000004, 0.999734, -0.017637, -0.014847, 0.016899, 0.998691, -0.048271, 0.015688, 0.048003, 0.998724),
      ["LeftHand"] = CFrame.new(0.000500, 0.000100, 0.000000, 0.998674, 0.033727, 0.038897, -0.034986, 0.998870, 0.032161, -0.037768, -0.033478, 0.998726),
      ["LeftLowerArm"] = CFrame.new(0.005665, -0.003112, 0.015056, 1.000000, -0.000000, -0.000000, 0.000000, 0.954555, -0.298036, 0.000000, 0.298036, 0.954555),
      ["LeftLowerLeg"] = CFrame.new(0.000000, -0.037008, -0.000389, 1.000000, -0.000000, 0.000000, -0.000000, 1.000000, -0.000008, 0.000000, -0.000011, 1.000000),
      ["LeftUpperArm"] = CFrame.new(0.069136, 0.070092, 0.003689, 0.999975, 0.006788, -0.001861, -0.006837, 0.999590, -0.027809, 0.001672, 0.027821, 0.999611),
      ["LeftUpperLeg"] = CFrame.new(-0.000489, -0.094307, -0.051761, 0.998589, 0.004927, 0.052872, -0.016483, 0.975260, 0.220464, -0.050488, -0.221005, 0.973961),
      ["LowerTorso"] = CFrame.new(-0.101795, 0.137616, -0.123601, 0.999453, 0.014410, -0.029774, -0.016772, 0.996598, -0.080686, 0.028510, 0.081141, 0.996295),
      ["RightFoot"] = CFrame.new(0.000000, -0.046096, -0.000102, 0.999979, 0.004963, 0.004179, -0.004905, 0.999918, -0.011841, -0.004203, 0.011838, 0.999921),
      ["RightHand"] = CFrame.new(-0.000500, 0.000000, 0.000000, 0.999992, -0.003397, 0.002252, 0.003462, 0.999559, -0.029487, -0.002151, 0.029495, 0.999563),
      ["RightLowerArm"] = CFrame.new(-0.011635, -0.015034, -0.000137, 1.000000, 0.000000, 0.000000, -0.000000, 0.963592, -0.267378, -0.000000, 0.267378, 0.963592),
      ["RightLowerLeg"] = CFrame.new(0.000000, -0.045677, -0.000575, 1.000000, 0.000000, -0.000000, -0.000000, 1.000000, -0.000013, -0.000000, -0.000016, 1.000000),
      ["RightUpperArm"] = CFrame.new(-0.061847, 0.062380, 0.029917, 0.999870, -0.006853, 0.014588, 0.006818, 0.999974, 0.002483, -0.014605, -0.002383, 0.999891),
      ["RightUpperLeg"] = CFrame.new(-0.017442, -0.075833, -0.121811, 0.998453, -0.016630, 0.053023, 0.002571, 0.967048, 0.254592, -0.055541, -0.254050, 0.965594),
      ["UpperTorso"] = CFrame.new(-0.025478, -0.034756, 0.044742, 0.999137, 0.003548, 0.041388, -0.003402, 0.999988, -0.003592, -0.041400, 0.003448, 0.999137)
    }},
    {Time = 0.183, Data = {
      ["Head"] = CFrame.new(-0.003107, 0.068928, 0.157247, 0.999864, 0.006038, -0.015367, -0.005978, 0.999974, 0.003996, 0.015391, -0.003903, 0.999874),
      ["LeftFoot"] = CFrame.new(0.000000, -0.042377, -0.000004, 0.999729, -0.017798, -0.014983, 0.016917, 0.998237, -0.056902, 0.015978, 0.056628, 0.998267),
      ["LeftHand"] = CFrame.new(0.000500, 0.000100, 0.000000, 0.998674, 0.033727, 0.038897, -0.034986, 0.998870, 0.032161, -0.037768, -0.033478, 0.998726),
      ["LeftLowerArm"] = CFrame.new(0.005666, 0.001121, 0.016478, 1.000000, -0.000000, -0.000000, 0.000000, 0.940297, -0.340356, 0.000000, 0.340356, 0.940297),
      ["LeftLowerLeg"] = CFrame.new(0.000000, -0.041831, -0.000453, 1.000000, 0.000000, 0.000000, -0.000000, 1.000000, -0.000008, -0.000000, -0.000011, 1.000000),
      ["LeftUpperArm"] = CFrame.new(0.069134, 0.069772, 0.003474, 0.999971, 0.007423, -0.001535, -0.007478, 0.999196, -0.039399, 0.001242, 0.039409, 0.999222),
      ["LeftUpperLeg"] = CFrame.new(-0.000447, -0.093748, -0.050085, 0.998624, 0.003774, 0.052289, -0.017272, 0.965409, 0.260188, -0.049508, -0.260715, 0.964141),
      ["LowerTorso"] = CFrame.new(-0.101790, 0.138101, -0.174656, 0.999454, 0.014396, -0.029743, -0.017147, 0.995384, -0.094428, 0.028246, 0.094887, 0.995087),
      ["RightFoot"] = CFrame.new(-0.000000, -0.051973, -0.000102, 0.999982, 0.004647, 0.003914, -0.004559, 0.999782, -0.020354, -0.003973, 0.020353, 0.999785),
      ["RightHand"] = CFrame.new(-0.000500, 0.000000, 0.000000, 0.999992, -0.003397, 0.002252, 0.003462, 0.999559, -0.029487, -0.002151, 0.029495, 0.999563),
      ["RightLowerArm"] = CFrame.new(-0.011635, -0.010828, 0.001126, 1.000000, 0.000000, 0.000000, -0.000000, 0.950922, -0.309431, -0.000000, 0.309430, 0.950922),
      ["RightLowerLeg"] = CFrame.new(-0.000000, -0.051514, -0.000650, 1.000000, -0.000000, 0.000000, 0.000000, 1.000000, -0.000012, 0.000000, -0.000015, 1.000000),
      ["RightUpperArm"] = CFrame.new(-0.061806, 0.061577, 0.031992, 0.999789, -0.008307, 0.018808, 0.008424, 0.999946, -0.006144, -0.018756, 0.006301, 0.999804),
      ["RightUpperLeg"] = CFrame.new(-0.017570, -0.077528, -0.126898, 0.998483, -0.017729, 0.052104, 0.001435, 0.954854, 0.297081, -0.055049, -0.296546, 0.953430),
      ["UpperTorso"] = CFrame.new(-0.025243, -0.032669, 0.053724, 0.999137, 0.003602, 0.041375, -0.003402, 0.999982, -0.004885, -0.041392, 0.004740, 0.999132)
    }},
    {Time = 0.200, Data = {
      ["Head"] = CFrame.new(-0.003107, 0.068928, 0.157247, 0.999864, 0.006038, -0.015367, -0.005978, 0.999974, 0.003996, 0.015391, -0.003903, 0.999874),
      ["LeftFoot"] = CFrame.new(-0.000000, -0.047995, -0.000004, 0.999726, -0.017906, -0.015073, 0.016897, 0.997782, -0.064396, 0.016202, 0.064120, 0.997811),
      ["LeftHand"] = CFrame.new(0.000500, 0.000100, 0.000000, 0.998674, 0.033727, 0.038897, -0.034986, 0.998870, 0.032160, -0.037768, -0.033478, 0.998726),
      ["LeftLowerArm"] = CFrame.new(0.005666, 0.005460, 0.018158, 1.000000, -0.000000, -0.000000, 0.000000, 0.923448, -0.383724, 0.000000, 0.383724, 0.923448),
      ["LeftLowerLeg"] = CFrame.new(0.000000, -0.047430, -0.000527, 1.000000, 0.000000, -0.000000, -0.000000, 1.000000, -0.000008, 0.000000, -0.000012, 1.000000),
      ["LeftUpperArm"] = CFrame.new(0.069131, 0.069445, 0.003239, 0.999967, 0.008081, -0.001194, -0.008132, 0.998607, -0.052142, 0.000771, 0.052150, 0.998639),
      ["LeftUpperLeg"] = CFrame.new(-0.000403, -0.093161, -0.048327, 0.998665, 0.002620, 0.051576, -0.017999, 0.953754, 0.300068, -0.048415, -0.300577, 0.952522),
      ["LowerTorso"] = CFrame.new(-0.101785, 0.138688, -0.226434, 0.999455, 0.014385, -0.029715, -0.017538, 0.993917, -0.108726, 0.027971, 0.109188, 0.993627),
      ["RightFoot"] = CFrame.new(0.000000, -0.058967, -0.000102, 0.999984, 0.004384, 0.003692, -0.004273, 0.999611, -0.027555, -0.003777, 0.027556, 0.999613),
      ["RightHand"] = CFrame.new(-0.000500, 0.000001, -0.000000, 0.999992, -0.003397, 0.002252, 0.003462, 0.999559, -0.029487, -0.002151, 0.029495, 0.999563),
      ["RightLowerArm"] = CFrame.new(-0.011635, -0.006488, 0.002644, 1.000000, 0.000000, 0.000000, -0.000000, 0.935693, -0.352816, -0.000000, 0.352815, 0.935693),
      ["RightLowerLeg"] = CFrame.new(0.000000, -0.058459, -0.000739, 1.000000, -0.000000, -0.000000, -0.000000, 1.000000, -0.000012, -0.000000, -0.000015, 1.000000),
      ["RightUpperArm"] = CFrame.new(-0.061753, 0.060717, 0.034147, 0.999682, -0.009776, 0.023225, 0.010145, 0.999824, -0.015812, -0.023066, 0.016042, 0.999605),
      ["RightUpperLeg"] = CFrame.new(-0.017704, -0.079294, -0.132197, 0.998516, -0.018807, 0.051074, 0.000326, 0.940570, 0.339608, -0.054455, -0.339080, 0.939179),
      ["UpperTorso"] = CFrame.new(-0.025044, -0.030289, 0.061622, 0.999137, 0.003670, 0.041376, -0.003392, 0.999971, -0.006784, -0.041400, 0.006638, 0.999121)
    }},
    {Time = 0.217, Data = {
      ["Head"] = CFrame.new(-0.003107, 0.068928, 0.157247, 0.999864, 0.006038, -0.015367, -0.005978, 0.999974, 0.003996, 0.015391, -0.003903, 0.999874),
      ["LeftFoot"] = CFrame.new(-0.000000, -0.054352, -0.000004, 0.999725, -0.017949, -0.015110, 0.016840, 0.997375, -0.070430, 0.016343, 0.070153, 0.997402),
      ["LeftHand"] = CFrame.new(0.000500, 0.000100, 0.000000, 0.998674, 0.033727, 0.038897, -0.034986, 0.998870, 0.032161, -0.037768, -0.033478, 0.998726),
      ["LeftLowerArm"] = CFrame.new(0.005666, 0.009847, 0.020101, 1.000000, -0.000000, -0.000000, 0.000000, 0.903980, -0.427575, 0.000000, 0.427575, 0.903980),
      ["LeftLowerLeg"] = CFrame.new(-0.000000, -0.053766, -0.000611, 1.000000, -0.000000, 0.000000, -0.000000, 1.000000, -0.000008, -0.000000, -0.000012, 1.000000),
      ["LeftUpperArm"] = CFrame.new(0.069129, 0.069115, 0.002982, 0.999961, 0.008755, -0.000838, -0.008791, 0.997778, -0.066046, 0.000258, 0.066051, 0.997816),
      ["LeftUpperLeg"] = CFrame.new(-0.000357, -0.092552, -0.046500, 0.998711, 0.001482, 0.050730, -0.018640, 0.940432, 0.339490, -0.047215, -0.339980, 0.939241),
      ["LowerTorso"] = CFrame.new(-0.101782, 0.139380, -0.278216, 0.999456, 0.014378, -0.029694, -0.017941, 0.992189, -0.123447, 0.027687, 0.123913, 0.991907),
      ["RightFoot"] = CFrame.new(0.000000, -0.066989, -0.000102, 0.999985, 0.004187, 0.003526, -0.004061, 0.999444, -0.033081, -0.003629, 0.033082, 0.999446),
      ["RightHand"] = CFrame.new(-0.000500, 0.000000, 0.000000, 0.999992, -0.003397, 0.002252, 0.003462, 0.999559, -0.029487, -0.002151, 0.029495, 0.999563),
      ["RightLowerArm"] = CFrame.new(-0.011635, -0.002073, 0.004425, 1.000000, 0.000000, 0.000000, -0.000000, 0.917841, -0.396948, -0.000000, 0.396947, 0.917841),
      ["RightLowerLeg"] = CFrame.new(-0.000000, -0.066426, -0.000842, 1.000000, -0.000000, 0.000000, -0.000000, 1.000000, -0.000011, -0.000000, -0.000014, 1.000000),
      ["RightUpperArm"] = CFrame.new(-0.061687, 0.059801, 0.036360, 0.999550, -0.011237, 0.027803, 0.011977, 0.999575, -0.026561, -0.027492, 0.026882, 0.999260),
      ["RightUpperLeg"] = CFrame.new(-0.017841, -0.081115, -0.137662, 0.998554, -0.019847, 0.049939, -0.000726, 0.924374, 0.381492, -0.053762, -0.380970, 0.923022),
      ["UpperTorso"] = CFrame.new(-0.024891, -0.027683, 0.068098, 0.999136, 0.003756, 0.041392, -0.003370, 0.999950, -0.009374, -0.041425, 0.009226, 0.999099)
    }},
    {Time = 0.233, Data = {
      ["Head"] = CFrame.new(-0.003107, 0.068928, 0.157247, 0.999864, 0.006038, -0.015367, -0.005978, 0.999974, 0.003996, 0.015391, -0.003903, 0.999874),
      ["LeftFoot"] = CFrame.new(0.000000, -0.061304, -0.000004, 0.999726, -0.017920, -0.015086, 0.016743, 0.997065, -0.074705, 0.016388, 0.074428, 0.997092),
      ["LeftHand"] = CFrame.new(0.000500, 0.000100, 0.000000, 0.998674, 0.033727, 0.038897, -0.034986, 0.998870, 0.032161, -0.037768, -0.033478, 0.998726),
      ["LeftLowerArm"] = CFrame.new(0.005666, 0.014227, 0.022300, 1.000000, -0.000000, -0.000000, 0.000000, 0.881943, -0.471357, 0.000000, 0.471357, 0.881943),
      ["LeftLowerLeg"] = CFrame.new(-0.000000, -0.060693, -0.000703, 1.000000, 0.000000, -0.000000, 0.000000, 1.000000, -0.000009, 0.000000, -0.000012, 1.000000),
      ["LeftUpperArm"] = CFrame.new(0.069126, 0.068788, 0.002706, 0.999955, 0.009439, -0.000472, -0.009446, 0.996660, -0.081121, -0.000295, 0.081122, 0.996704),
      ["LeftUpperLeg"] = CFrame.new(-0.000309, -0.091925, -0.044618, 0.998761, 0.000376, 0.049751, -0.019173, 0.925659, 0.377889, -0.045920, -0.378358, 0.924513),
      ["LowerTorso"] = CFrame.new(-0.101781, 0.140176, -0.329280, 0.999456, 0.014375, -0.029678, -0.018353, 0.990198, -0.138459, 0.027397, 0.138928, 0.989923),
      ["RightFoot"] = CFrame.new(-0.000000, -0.075899, -0.000102, 0.999986, 0.004068, 0.003426, -0.003932, 0.999322, -0.036598, -0.003539, 0.036599, 0.999324),
      ["RightHand"] = CFrame.new(-0.000500, -0.000000, 0.000000, 0.999992, -0.003397, 0.002252, 0.003462, 0.999559, -0.029487, -0.002151, 0.029495, 0.999563),
      ["RightLowerArm"] = CFrame.new(-0.011635, 0.002359, 0.006466, 1.000000, 0.000000, 0.000000, -0.000000, 0.897392, -0.441234, -0.000000, 0.441234, 0.897392),
      ["RightLowerLeg"] = CFrame.new(-0.000000, -0.075274, -0.000956, 1.000000, 0.000000, -0.000000, -0.000000, 1.000000, -0.000010, 0.000000, -0.000013, 1.000000),
      ["RightUpperArm"] = CFrame.new(-0.061607, 0.058832, 0.038611, 0.999391, -0.012667, 0.032508, 0.013915, 0.999164, -0.038433, -0.031994, 0.038862, 0.998732),
      ["RightUpperLeg"] = CFrame.new(-0.017982, -0.082976, -0.143246, 0.998594, -0.020835, 0.048708, -0.001695, 0.906542, 0.422117, -0.052978, -0.421601, 0.905232),
      ["UpperTorso"] = CFrame.new(-0.024791, -0.024951, 0.072820, 0.999134, 0.003861, 0.041424, -0.003335, 0.999913, -0.012741, -0.041469, 0.012591, 0.999060)
    }},
    {Time = 0.250, Data = {
      ["Head"] = CFrame.new(-0.003107, 0.068928, 0.157247, 0.999864, 0.006038, -0.015367, -0.005978, 0.999974, 0.003996, 0.015391, -0.003903, 0.999874),
      ["LeftFoot"] = CFrame.new(0.000000, -0.068717, -0.000004, 0.999729, -0.017815, -0.014997, 0.016607, 0.996897, -0.076945, 0.016329, 0.076672, 0.996923),
      ["LeftHand"] = CFrame.new(0.000500, 0.000100, -0.000000, 0.998674, 0.033727, 0.038897, -0.034986, 0.998870, 0.032161, -0.037768, -0.033478, 0.998726),
      ["LeftLowerArm"] = CFrame.new(0.005666, 0.018548, 0.024744, 1.000000, -0.000000, -0.000000, 0.000000, 0.857466, -0.514541, 0.000000, 0.514541, 0.857466),
      ["LeftLowerLeg"] = CFrame.new(-0.000000, -0.068080, -0.000801, 1.000000, 0.000000, -0.000000, -0.000000, 1.000000, -0.000008, -0.000000, -0.000011, 1.000000),
      ["LeftUpperArm"] = CFrame.new(0.069122, 0.068467, 0.002408, 0.999949, 0.010126, -0.000097, -0.010088, 0.995197, -0.097374, -0.000890, 0.097370, 0.995248),
      ["LeftUpperLeg"] = CFrame.new(-0.000261, -0.091285, -0.042695, 0.998815, -0.000683, 0.048644, -0.019578, 0.909726, 0.414762, -0.044546, -0.415208, 0.908629),
      ["LowerTorso"] = CFrame.new(-0.101781, 0.141075, -0.378905, 0.999456, 0.014375, -0.029669, -0.018770, 0.987950, -0.153628, 0.027103, 0.154102, 0.987683),
      ["RightFoot"] = CFrame.new(0.000000, -0.085543, -0.000102, 0.999986, 0.004035, 0.003398, -0.003896, 0.999277, -0.037809, -0.003515, 0.037810, 0.999279),
      ["RightHand"] = CFrame.new(-0.000500, 0.000000, 0.000000, 0.999992, -0.003397, 0.002252, 0.003462, 0.999559, -0.029487, -0.002151, 0.029495, 0.999563),
      ["RightLowerArm"] = CFrame.new(-0.011635, 0.006746, 0.008754, 1.000000, 0.000000, 0.000000, -0.000000, 0.874464, -0.485091, -0.000000, 0.485091, 0.874463),
      ["RightLowerLeg"] = CFrame.new(0.000000, -0.084867, -0.001082, 1.000000, -0.000000, -0.000000, -0.000000, 1.000000, -0.000009, 0.000000, -0.000012, 1.000000),
      ["RightUpperArm"] = CFrame.new(-0.061514, 0.057812, 0.040879, 0.999205, -0.014042, 0.037307, 0.015955, 0.998547, -0.051469, -0.036530, 0.052023, 0.997977),
      ["RightUpperLeg"] = CFrame.new(-0.018125, -0.084862, -0.148900, 0.998638, -0.021761, 0.047392, -0.002560, 0.887426, 0.460946, -0.052114, -0.460436, 0.886162),
      ["UpperTorso"] = CFrame.new(-0.024753, -0.022212, 0.075461, 0.999132, 0.003988, 0.041474, -0.003286, 0.999851, -0.016969, -0.041536, 0.016818, 0.998995)
    }},
    {Time = 0.267, Data = {
      ["Head"] = CFrame.new(-0.003107, 0.068928, 0.157247, 0.999864, 0.006038, -0.015367, -0.005978, 0.999974, 0.003996, 0.015391, -0.003903, 0.999874),
      ["LeftFoot"] = CFrame.new(0.000000, -0.076425, -0.000004, 0.999734, -0.017630, -0.014841, 0.016435, 0.996903, -0.076906, 0.016159, 0.076639, 0.996928),
      ["LeftHand"] = CFrame.new(0.000500, 0.000100, 0.000000, 0.998674, 0.033727, 0.038897, -0.034986, 0.998870, 0.032161, -0.037768, -0.033478, 0.998726),
      ["LeftLowerArm"] = CFrame.new(0.005665, 0.022760, 0.027410, 1.000000, -0.000000, -0.000000, 0.000000, 0.830761, -0.556629, 0.000000, 0.556629, 0.830761),
      ["LeftLowerLeg"] = CFrame.new(-0.000000, -0.075762, -0.000903, 1.000000, 0.000000, -0.000000, 0.000000, 1.000000, -0.000008, -0.000000, -0.000012, 1.000000),
