return {
  ["KeyframeSequence"] = {
    {Time = 0.000, Data = {
      ["Head"] = CFrame.new(-0.001225, 0.067543, -0.003366, 0.999864, 0.006038, -0.015367, -0.005978, 0.999974, 0.003996, 0.015391, -0.003903, 0.999874),
      ["LeftFoot"] = CFrame.new(0.000000, -0.023950, -0.000004, 0.999788, -0.015750, -0.013258, 0.016071, 0.999570, 0.024540, 0.012876, -0.024750, 0.999611),
      ["LeftHand"] = CFrame.new(0.000500, 0.000100, 0.000000, 0.998674, 0.033727, 0.038897, -0.034986, 0.998870, 0.032161, -0.037768, -0.033478, 0.998726),
      ["LeftLowerArm"] = CFrame.new(0.005666, -0.027912, 0.010662, 1.000000, -0.000000, -0.000000, 0.000000, 0.998746, -0.050073, 0.000000, 0.050072, 0.998746),
      ["LeftLowerLeg"] = CFrame.new(0.000000, -0.023469, -0.000210, 1.000000, -0.000000, -0.000000, 0.000000, 1.000000, -0.000008, -0.000000, -0.000011, 1.000000),
      ["LeftUpperArm"] = CFrame.new(0.069142, 0.072005, 0.004720, 0.999988, 0.003110, -0.003651, -0.003012, 0.999642, 0.026601, 0.003733, -0.026590, 0.999639),
      ["LeftUpperLeg"] = CFrame.new(-0.000723, -0.097400, -0.061041, 0.998453, 0.012141, 0.054246, -0.010720, 0.999594, -0.026371, -0.054555, 0.025771, 0.998179),
      ["LowerTorso"] = CFrame.new(-0.101855, 0.136300, 0.188637, 0.999442, 0.014561, -0.030047, -0.014651, 0.999889, -0.002767, 0.030004, 0.003206, 0.999545),
      ["RightFoot"] = CFrame.new(0.000000, -0.031687, -0.000103, 0.999949, 0.007733, 0.006513, -0.008115, 0.998041, 0.062054, -0.005985, -0.062085, 0.998052),
      ["RightHand"] = CFrame.new(-0.000500, -0.000000, 0.000000, 0.999992, -0.003397, 0.002252, 0.003462, 0.999559, -0.029487, -0.002151, 0.029495, 0.999563),
      ["RightLowerArm"] = CFrame.new(-0.011635, -0.038963, -0.003714, 1.000000, 0.000000, 0.000000, -0.000000, 0.999604, -0.028131, -0.000000, 0.028131, 0.999604),
      ["RightLowerLeg"] = CFrame.new(0.000000, -0.031358, -0.000388, 1.000000, -0.000000, -0.000000, -0.000000, 1.000000, -0.000017, 0.000000, -0.000020, 1.000000),
      ["RightUpperArm"] = CFrame.new(-0.061890, 0.066605, 0.018056, 0.999957, 0.001994, -0.009044, -0.001631, 0.999201, 0.039944, 0.009116, -0.039928, 0.999161),
      ["RightUpperLeg"] = CFrame.new(-0.016717, -0.066244, -0.093048, 0.998339, -0.009300, 0.056815, 0.009902, 0.999896, -0.010425, -0.056747, 0.010993, 0.998330),
      ["UpperTorso"] = CFrame.new(-0.027634, -0.040312, -0.030217, 0.999125, 0.003445, 0.041683, -0.003220, 0.999980, -0.005455, -0.041701, 0.005316, 0.999116)
    }},
    {Time = 0.017, Data = {
      ["Head"] = CFrame.new(-0.001225, 0.067543, -0.003366, 0.999864, 0.006038, -0.015367, -0.005978, 0.999974, 0.003996, 0.015391, -0.003903, 0.999874),
      ["LeftFoot"] = CFrame.new(0.000000, -0.023950, -0.000004, 0.999788, -0.015750, -0.013258, 0.016071, 0.999570, 0.024540, 0.012876, -0.024750, 0.999611),
      ["LeftHand"] = CFrame.new(0.000500, 0.000100, -0.000000, 0.998674, 0.033726, 0.038900, -0.034985, 0.998870, 0.032162, -0.037771, -0.033479, 0.998725),
      ["LeftLowerArm"] = CFrame.new(0.005665, -0.027894, 0.010664, 1.000000, -0.000000, -0.000000, 0.000000, 0.998746, -0.050073, 0.000000, 0.050072, 0.998746),
      ["LeftLowerLeg"] = CFrame.new(0.000000, -0.023469, -0.000210, 1.000000, -0.000000, -0.000000, 0.000000, 1.000000, -0.000008, -0.000000, -0.000011, 1.000000),
      ["LeftUpperArm"] = CFrame.new(0.069143, 0.071824, 0.004506, 0.999989, 0.003457, -0.003219, -0.003373, 0.999667, 0.025567, 0.003307, -0.025556, 0.999668),
      ["LeftUpperLeg"] = CFrame.new(-0.000723, -0.097400, -0.061041, 0.998453, 0.012141, 0.054246, -0.010720, 0.999594, -0.026371, -0.054555, 0.025771, 0.998179),
      ["LowerTorso"] = CFrame.new(-0.101855, 0.136300, 0.188637, 0.999442, 0.014561, -0.030047, -0.014651, 0.999889, -0.002767, 0.030004, 0.003206, 0.999545),
      ["RightFoot"] = CFrame.new(0.000000, -0.031687, -0.000103, 0.999949, 0.007733, 0.006513, -0.008115, 0.998041, 0.062054, -0.005985, -0.062085, 0.998052),
      ["RightHand"] = CFrame.new(-0.000500, 0.000000, 0.000000, 0.999992, -0.003397, 0.002256, 0.003462, 0.999559, -0.029487, -0.002155, 0.029495, 0.999563),
      ["RightLowerArm"] = CFrame.new(-0.011635, -0.038962, -0.003714, 1.000000, 0.000000, 0.000000, -0.000000, 0.999604, -0.028132, -0.000000, 0.028131, 0.999604),
      ["RightLowerLeg"] = CFrame.new(0.000000, -0.031358, -0.000388, 1.000000, -0.000000, -0.000000, -0.000000, 1.000000, -0.000017, 0.000000, -0.000020, 1.000000),
      ["RightUpperArm"] = CFrame.new(-0.061888, 0.066353, 0.017821, 0.999953, 0.001500, -0.009535, -0.001127, 0.999243, 0.038881, 0.009586, -0.038868, 0.999198),
      ["RightUpperLeg"] = CFrame.new(-0.016717, -0.066244, -0.093048, 0.998339, -0.009300, 0.056815, 0.009902, 0.999896, -0.010425, -0.056747, 0.010993, 0.998330),
      ["UpperTorso"] = CFrame.new(-0.027634, -0.040312, -0.030217, 0.999125, 0.003445, 0.041683, -0.003220, 0.999980, -0.005455, -0.041701, 0.005316, 0.999116)
    }},
    {Time = 0.033, Data = {
      ["Head"] = CFrame.new(-0.001225, 0.067543, -0.003366, 0.999864, 0.006038, -0.015367, -0.005978, 0.999974, 0.003996, 0.015391, -0.003903, 0.999874),
      ["LeftFoot"] = CFrame.new(0.000000, -0.023950, -0.000004, 0.999788, -0.015750, -0.013258, 0.016071, 0.999570, 0.024540, 0.012876, -0.024750, 0.999611),
      ["LeftHand"] = CFrame.new(0.000500, 0.000099, 0.000000, 0.998674, 0.033724, 0.038907, -0.034984, 0.998870, 0.032166, -0.037778, -0.033483, 0.998725),
      ["LeftLowerArm"] = CFrame.new(0.005664, -0.027839, 0.010671, 1.000000, -0.000000, -0.000000, 0.000000, 0.998746, -0.050073, 0.000000, 0.050072, 0.998746),
      ["LeftLowerLeg"] = CFrame.new(0.000000, -0.023469, -0.000210, 1.000000, -0.000000, -0.000000, 0.000000, 1.000000, -0.000008, -0.000000, -0.000011, 1.000000),
      ["LeftUpperArm"] = CFrame.new(0.069142, 0.071291, 0.003875, 0.999988, 0.004485, -0.001943, -0.004440, 0.999737, 0.022505, 0.002044, -0.022496, 0.999745),
      ["LeftUpperLeg"] = CFrame.new(-0.000723, -0.097400, -0.061041, 0.998453, 0.012141, 0.054246, -0.010720, 0.999594, -0.026371, -0.054555, 0.025771, 0.998179),
      ["LowerTorso"] = CFrame.new(-0.101855, 0.136300, 0.188637, 0.999442, 0.014561, -0.030047, -0.014651, 0.999889, -0.002767, 0.030004, 0.003206, 0.999545),
      ["RightFoot"] = CFrame.new(0.000000, -0.031687, -0.000103, 0.999949, 0.007733, 0.006513, -0.008115, 0.998041, 0.062054, -0.005985, -0.062085, 0.998052),
      ["RightHand"] = CFrame.new(-0.000500, 0.000000, 0.000000, 0.999992, -0.003396, 0.002267, 0.003462, 0.999559, -0.029486, -0.002166, 0.029494, 0.999563),
      ["RightLowerArm"] = CFrame.new(-0.011635, -0.038957, -0.003714, 1.000000, 0.000000, 0.000000, -0.000000, 0.999604, -0.028131, -0.000000, 0.028131, 0.999604),
      ["RightLowerLeg"] = CFrame.new(0.000000, -0.031358, -0.000388, 1.000000, -0.000000, -0.000000, -0.000000, 1.000000, -0.000017, 0.000000, -0.000020, 1.000000),
      ["RightUpperArm"] = CFrame.new(-0.061881, 0.065611, 0.017124, 0.999940, 0.000035, -0.010987, 0.000358, 0.999361, 0.035733, 0.010981, -0.035734, 0.999301),
      ["RightUpperLeg"] = CFrame.new(-0.016717, -0.066244, -0.093048, 0.998339, -0.009300, 0.056815, 0.009902, 0.999896, -0.010425, -0.056747, 0.010993, 0.998330),
      ["UpperTorso"] = CFrame.new(-0.027634, -0.040312, -0.030217, 0.999125, 0.003445, 0.041683, -0.003220, 0.999980, -0.005455, -0.041701, 0.005316, 0.999116)
    }},
    {Time = 0.050, Data = {
      ["Head"] = CFrame.new(-0.001225, 0.067543, -0.003366, 0.999864, 0.006038, -0.015367, -0.005978, 0.999974, 0.003996, 0.015391, -0.003903, 0.999874),
      ["LeftFoot"] = CFrame.new(0.000000, -0.023950, -0.000004, 0.999788, -0.015750, -0.013258, 0.016071, 0.999570, 0.024540, 0.012876, -0.024750, 0.999611),
      ["LeftHand"] = CFrame.new(0.000500, 0.000099, -0.000000, 0.998673, 0.033721, 0.038920, -0.034981, 0.998870, 0.032173, -0.037791, -0.033491, 0.998724),
      ["LeftLowerArm"] = CFrame.new(0.005662, -0.027750, 0.010682, 1.000000, -0.000000, -0.000000, 0.000000, 0.998746, -0.050073, 0.000000, 0.050072, 0.998746),
      ["LeftLowerLeg"] = CFrame.new(0.000000, -0.023469, -0.000210, 1.000000, -0.000000, -0.000000, 0.000000, 1.000000, -0.000008, -0.000000, -0.000011, 1.000000),
      ["LeftUpperArm"] = CFrame.new(0.069138, 0.070419, 0.002835, 0.999981, 0.006181, 0.000144, -0.006183, 0.999828, 0.017475, -0.000036, -0.017476, 0.999847),
      ["LeftUpperLeg"] = CFrame.new(-0.000723, -0.097400, -0.061041, 0.998453, 0.012141, 0.054246, -0.010720, 0.999594, -0.026371, -0.054555, 0.025771, 0.998179),
      ["LowerTorso"] = CFrame.new(-0.101855, 0.136300, 0.188637, 0.999442, 0.014561, -0.030047, -0.014651, 0.999889, -0.002767, 0.030004, 0.003206, 0.999545),
      ["RightFoot"] = CFrame.new(0.000000, -0.031687, -0.000103, 0.999949, 0.007733, 0.006513, -0.008115, 0.998041, 0.062054, -0.005985, -0.062085, 0.998052),
      ["RightHand"] = CFrame.new(-0.000500, -0.000000, -0.000000, 0.999992, -0.003396, 0.002286, 0.003462, 0.999559, -0.029486, -0.002184, 0.029494, 0.999563),
      ["RightLowerArm"] = CFrame.new(-0.011636, -0.038951, -0.003714, 1.000000, 0.000000, 0.000000, -0.000000, 0.999604, -0.028131, -0.000000, 0.028131, 0.999604),
      ["RightLowerLeg"] = CFrame.new(0.000000, -0.031358, -0.000388, 1.000000, -0.000000, -0.000000, -0.000000, 1.000000, -0.000017, 0.000000, -0.000020, 1.000000),
      ["RightUpperArm"] = CFrame.new(-0.061866, 0.064395, 0.015974, 0.999908, -0.002381, -0.013360, 0.002789, 0.999529, 0.030556, 0.013281, -0.030591, 0.999444),
      ["RightUpperLeg"] = CFrame.new(-0.016717, -0.066244, -0.093048, 0.998339, -0.009300, 0.056815, 0.009902, 0.999896, -0.010425, -0.056747, 0.010993, 0.998330),
      ["UpperTorso"] = CFrame.new(-0.027634, -0.040312, -0.030217, 0.999125, 0.003445, 0.041683, -0.003220, 0.999980, -0.005455, -0.041701, 0.005316, 0.999116)
    }},
    {Time = 0.067, Data = {
      ["Head"] = CFrame.new(-0.001225, 0.067543, -0.003366, 0.999864, 0.006038, -0.015367, -0.005978, 0.999974, 0.003996, 0.015391, -0.003903, 0.999874),
      ["LeftFoot"] = CFrame.new(0.000000, -0.023950, -0.000004, 0.999788, -0.015750, -0.013258, 0.016071, 0.999570, 0.024540, 0.012876, -0.024750, 0.999611),
      ["LeftHand"] = CFrame.new(0.000500, 0.000100, 0.000000, 0.998673, 0.033716, 0.038938, -0.034977, 0.998870, 0.032182, -0.037808, -0.033500, 0.998723),
      ["LeftLowerArm"] = CFrame.new(0.005659, -0.027627, 0.010698, 1.000000, -0.000000, -0.000000, 0.000000, 0.998746, -0.050073, 0.000000, 0.050072, 0.998746),
      ["LeftLowerLeg"] = CFrame.new(0.000000, -0.023469, -0.000210, 1.000000, -0.000000, -0.000000, 0.000000, 1.000000, -0.000008, -0.000000, -0.000011, 1.000000),
      ["LeftUpperArm"] = CFrame.new(0.069128, 0.069226, 0.001393, 0.999959, 0.008539, 0.003011, -0.008570, 0.999908, 0.010528, -0.002920, -0.010553, 0.999940),
      ["LeftUpperLeg"] = CFrame.new(-0.000723, -0.097400, -0.061041, 0.998453, 0.012141, 0.054246, -0.010720, 0.999594, -0.026371, -0.054555, 0.025771, 0.998179),
      ["LowerTorso"] = CFrame.new(-0.101855, 0.136300, 0.188637, 0.999442, 0.014561, -0.030047, -0.014651, 0.999889, -0.002767, 0.030004, 0.003206, 0.999545),
      ["RightFoot"] = CFrame.new(0.000000, -0.031687, -0.000103, 0.999949, 0.007733, 0.006513, -0.008115, 0.998041, 0.062054, -0.005985, -0.062085, 0.998052),
      ["RightHand"] = CFrame.new(-0.000500, -0.000000, -0.000000, 0.999992, -0.003395, 0.002312, 0.003462, 0.999559, -0.029485, -0.002210, 0.029493, 0.999563),
      ["RightLowerArm"] = CFrame.new(-0.011636, -0.038942, -0.003714, 1.000000, 0.000000, 0.000000, -0.000000, 0.999604, -0.028132, -0.000000, 0.028131, 0.999604),
      ["RightLowerLeg"] = CFrame.new(0.000000, -0.031358, -0.000388, 1.000000, -0.000000, -0.000000, -0.000000, 1.000000, -0.000017, 0.000000, -0.000020, 1.000000),
      ["RightUpperArm"] = CFrame.new(-0.061835, 0.062727, 0.014376, 0.999846, -0.005737, -0.016615, 0.006125, 0.999707, 0.023399, 0.016476, -0.023497, 0.999588),
      ["RightUpperLeg"] = CFrame.new(-0.016717, -0.066244, -0.093048, 0.998339, -0.009300, 0.056815, 0.009902, 0.999896, -0.010425, -0.056747, 0.010993, 0.998330),
      ["UpperTorso"] = CFrame.new(-0.027634, -0.040312, -0.030217, 0.999125, 0.003445, 0.041683, -0.003220, 0.999980, -0.005455, -0.041701, 0.005316, 0.999116)
    }},
    {Time = 0.083, Data = {
      ["Head"] = CFrame.new(-0.001225, 0.067543, -0.003366, 0.999864, 0.006038, -0.015367, -0.005978, 0.999974, 0.003996, 0.015391, -0.003903, 0.999874),
      ["LeftFoot"] = CFrame.new(0.000000, -0.023950, -0.000004, 0.999788, -0.015750, -0.013258, 0.016071, 0.999570, 0.024540, 0.012876, -0.024750, 0.999611),
      ["LeftHand"] = CFrame.new(0.000500, 0.000100, -0.000000, 0.998672, 0.033710, 0.038960, -0.034973, 0.998870, 0.032194, -0.037831, -0.033513, 0.998722),
      ["LeftLowerArm"] = CFrame.new(0.005656, -0.027471, 0.010717, 1.000000, -0.000000, -0.000000, 0.000000, 0.998746, -0.050073, 0.000000, 0.050072, 0.998746),
      ["LeftLowerLeg"] = CFrame.new(0.000000, -0.023469, -0.000210, 1.000000, -0.000000, -0.000000, 0.000000, 1.000000, -0.000008, -0.000000, -0.000011, 1.000000),
      ["LeftUpperArm"] = CFrame.new(0.069104, 0.067727, -0.000447, 0.999911, 0.011556, 0.006620, -0.011568, 0.999932, 0.001711, -0.006600, -0.001788, 0.999977),
      ["LeftUpperLeg"] = CFrame.new(-0.000723, -0.097400, -0.061041, 0.998453, 0.012141, 0.054246, -0.010720, 0.999594, -0.026371, -0.054555, 0.025771, 0.998179),
      ["LowerTorso"] = CFrame.new(-0.101855, 0.136300, 0.188637, 0.999442, 0.014561, -0.030047, -0.014651, 0.999889, -0.002767, 0.030004, 0.003206, 0.999545),
      ["RightFoot"] = CFrame.new(0.000000, -0.031687, -0.000103, 0.999949, 0.007733, 0.006513, -0.008115, 0.998041, 0.062054, -0.005985, -0.062085, 0.998052),
      ["RightHand"] = CFrame.new(-0.000500, -0.000000, -0.000000, 0.999991, -0.003394, 0.002345, 0.003462, 0.999559, -0.029484, -0.002244, 0.029492, 0.999563),
      ["RightLowerArm"] = CFrame.new(-0.011636, -0.038931, -0.003713, 1.000000, 0.000000, 0.000000, -0.000000, 0.999604, -0.028131, -0.000000, 0.028131, 0.999604),
      ["RightLowerLeg"] = CFrame.new(0.000000, -0.031358, -0.000388, 1.000000, -0.000000, -0.000000, -0.000000, 1.000000, -0.000017, 0.000000, -0.000020, 1.000000),
      ["RightUpperArm"] = CFrame.new(-0.061779, 0.060628, 0.012332, 0.999735, -0.010026, -0.020711, 0.010324, 0.999844, 0.014303, 0.020564, -0.014513, 0.999683),
      ["RightUpperLeg"] = CFrame.new(-0.016717, -0.066244, -0.093048, 0.998339, -0.009300, 0.056815, 0.009902, 0.999896, -0.010425, -0.056747, 0.010993, 0.998330),
      ["UpperTorso"] = CFrame.new(-0.027634, -0.040312, -0.030217, 0.999125, 0.003445, 0.041683, -0.003220, 0.999980, -0.005455, -0.041701, 0.005316, 0.999116)
    }},
    {Time = 0.100, Data = {
      ["Head"] = CFrame.new(-0.001225, 0.067543, -0.003366, 0.999864, 0.006038, -0.015367, -0.005978, 0.999974, 0.003996, 0.015391, -0.003903, 0.999874),
      ["LeftFoot"] = CFrame.new(0.000000, -0.023950, -0.000004, 0.999788, -0.015750, -0.013258, 0.016071, 0.999570, 0.024540, 0.012876, -0.024750, 0.999611),
      ["LeftHand"] = CFrame.new(0.000500, 0.000100, 0.000000, 0.998671, 0.033703, 0.038988, -0.034967, 0.998869, 0.032209, -0.037858, -0.033529, 0.998720),
      ["LeftLowerArm"] = CFrame.new(0.005652, -0.027284, 0.010740, 1.000000, -0.000000, -0.000000, 0.000000, 0.998746, -0.050073, 0.000000, 0.050072, 0.998746),
      ["LeftLowerLeg"] = CFrame.new(0.000000, -0.023469, -0.000210, 1.000000, -0.000000, -0.000000, 0.000000, 1.000000, -0.000008, -0.000000, -0.000011, 1.000000),
      ["LeftUpperArm"] = CFrame.new(0.069060, 0.065942, -0.002682, 0.999824, 0.015235, 0.010936, -0.015138, 0.999846, -0.008933, -0.011071, 0.008766, 0.999900),
      ["LeftUpperLeg"] = CFrame.new(-0.000723, -0.097400, -0.061041, 0.998453, 0.012141, 0.054246, -0.010720, 0.999594, -0.026371, -0.054555, 0.025771, 0.998179),
      ["LowerTorso"] = CFrame.new(-0.101855, 0.136300, 0.188637, 0.999442, 0.014561, -0.030047, -0.014651, 0.999889, -0.002767, 0.030004, 0.003206, 0.999545),
      ["RightFoot"] = CFrame.new(0.000000, -0.031687, -0.000103, 0.999949, 0.007733, 0.006513, -0.008115, 0.998041, 0.062054, -0.005985, -0.062085, 0.998052),
      ["RightHand"] = CFrame.new(-0.000500, -0.000000, -0.000000, 0.999991, -0.003393, 0.002385, 0.003462, 0.999559, -0.029483, -0.002284, 0.029491, 0.999562),
      ["RightLowerArm"] = CFrame.new(-0.011636, -0.038918, -0.003713, 1.000000, 0.000000, 0.000000, -0.000000, 0.999604, -0.028132, -0.000000, 0.028131, 0.999604),
      ["RightLowerLeg"] = CFrame.new(0.000000, -0.031358, -0.000388, 1.000000, -0.000000, -0.000000, -0.000000, 1.000000, -0.000017, 0.000000, -0.000020, 1.000000),
      ["RightUpperArm"] = CFrame.new(-0.061690, 0.058119, 0.009841, 0.999556, -0.015251, -0.025600, 0.015341, 0.999877, 0.003301, 0.025546, -0.003692, 0.999667),
      ["RightUpperLeg"] = CFrame.new(-0.016717, -0.066244, -0.093048, 0.998339, -0.009300, 0.056815, 0.009902, 0.999896, -0.010425, -0.056747, 0.010993, 0.998330),
      ["UpperTorso"] = CFrame.new(-0.027634, -0.040312, -0.030217, 0.999125, 0.003445, 0.041683, -0.003220, 0.999980, -0.005455, -0.041701, 0.005316, 0.999116)
    }},
    {Time = 0.117, Data = {
      ["Head"] = CFrame.new(-0.001225, 0.067543, -0.003366, 0.999864, 0.006038, -0.015367, -0.005978, 0.999974, 0.003996, 0.015391, -0.003903, 0.999874),
      ["LeftFoot"] = CFrame.new(0.000000, -0.023950, -0.000004, 0.999788, -0.015750, -0.013258, 0.016071, 0.999570, 0.024540, 0.012876, -0.024750, 0.999611),
      ["LeftHand"] = CFrame.new(0.000500, 0.000100, -0.000000, 0.998670, 0.033695, 0.039020, -0.034960, 0.998869, 0.032226, -0.037890, -0.033547, 0.998719),
      ["LeftLowerArm"] = CFrame.new(0.005647, -0.027068, 0.010767, 1.000000, -0.000000, -0.000000, 0.000000, 0.998746, -0.050073, 0.000000, 0.050072, 0.998746),
      ["LeftLowerLeg"] = CFrame.new(0.000000, -0.023469, -0.000210, 1.000000, -0.000000, -0.000000, 0.000000, 1.000000, -0.000008, -0.000000, -0.000011, 1.000000),
      ["LeftUpperArm"] = CFrame.new(0.068989, 0.063890, -0.005313, 0.999681, 0.019583, 0.015920, -0.019241, 0.999587, -0.021363, -0.016332, 0.021050, 0.999645),
      ["LeftUpperLeg"] = CFrame.new(-0.000723, -0.097400, -0.061041, 0.998453, 0.012141, 0.054246, -0.010720, 0.999594, -0.026371, -0.054555, 0.025771, 0.998179),
      ["LowerTorso"] = CFrame.new(-0.101855, 0.136300, 0.188637, 0.999442, 0.014561, -0.030047, -0.014651, 0.999889, -0.002767, 0.030004, 0.003206, 0.999545),
      ["RightFoot"] = CFrame.new(0.000000, -0.031687, -0.000103, 0.999949, 0.007733, 0.006513, -0.008115, 0.998041, 0.062054, -0.005985, -0.062085, 0.998052),
      ["RightHand"] = CFrame.new(-0.000500, 0.000000, -0.000000, 0.999991, -0.003391, 0.002433, 0.003462, 0.999559, -0.029481, -0.002332, 0.029490, 0.999562),
      ["RightLowerArm"] = CFrame.new(-0.011637, -0.038902, -0.003713, 1.000000, 0.000000, 0.000000, -0.000000, 0.999604, -0.028132, -0.000000, 0.028131, 0.999604),
      ["RightLowerLeg"] = CFrame.new(0.000000, -0.031358, -0.000388, 1.000000, -0.000000, -0.000000, -0.000000, 1.000000, -0.000017, 0.000000, -0.000020, 1.000000),
      ["RightUpperArm"] = CFrame.new(-0.061553, 0.055226, 0.006899, 0.999283, -0.021417, -0.031233, 0.021128, 0.999731, -0.009574, 0.031430, 0.008907, 0.999466),
      ["RightUpperLeg"] = CFrame.new(-0.016717, -0.066244, -0.093048, 0.998339, -0.009300, 0.056815, 0.009902, 0.999896, -0.010425, -0.056747, 0.010993, 0.998330),
      ["UpperTorso"] = CFrame.new(-0.027634, -0.040312, -0.030217, 0.999125, 0.003445, 0.041683, -0.003220, 0.999980, -0.005455, -0.041701, 0.005316, 0.999116)
    }},
    {Time = 0.133, Data = {
      ["Head"] = CFrame.new(-0.001225, 0.067543, -0.003366, 0.999864, 0.006038, -0.015367, -0.005978, 0.999974, 0.003996, 0.015391, -0.003903, 0.999874),
      ["LeftFoot"] = CFrame.new(0.000000, -0.023950, -0.000004, 0.999788, -0.015750, -0.013258, 0.016071, 0.999570, 0.024540, 0.012876, -0.024750, 0.999611),
      ["LeftHand"] = CFrame.new(0.000500, 0.000100, 0.000000, 0.998669, 0.033685, 0.039058, -0.034953, 0.998869, 0.032246, -0.037927, -0.033568, 0.998717),
      ["LeftLowerArm"] = CFrame.new(0.005642, -0.026822, 0.010798, 1.000000, -0.000000, -0.000000, 0.000000, 0.998746, -0.050073, 0.000000, 0.050072, 0.998746),
      ["LeftLowerLeg"] = CFrame.new(0.000000, -0.023469, -0.000210, 1.000000, -0.000000, -0.000000, 0.000000, 1.000000, -0.000008, -0.000000, -0.000011, 1.000000),
      ["LeftUpperArm"] = CFrame.new(0.068881, 0.061594, -0.008339, 0.999465, 0.024608, 0.021529, -0.023833, 0.999084, -0.035541, -0.022384, 0.035009, 0.999136),
      ["LeftUpperLeg"] = CFrame.new(-0.000723, -0.097400, -0.061041, 0.998453, 0.012141, 0.054246, -0.010720, 0.999594, -0.026371, -0.054555, 0.025771, 0.998179),
      ["LowerTorso"] = CFrame.new(-0.101855, 0.136300, 0.188637, 0.999442, 0.014561, -0.030047, -0.014651, 0.999889, -0.002767, 0.030004, 0.003206, 0.999545),
      ["RightFoot"] = CFrame.new(0.000000, -0.031687, -0.000103, 0.999949, 0.007733, 0.006513, -0.008115, 0.998041, 0.062054, -0.005985, -0.062085, 0.998052),
      ["RightHand"] = CFrame.new(-0.000500, 0.000000, -0.000000, 0.999991, -0.003390, 0.002488, 0.003462, 0.999559, -0.029480, -0.002387, 0.029488, 0.999562),
      ["RightLowerArm"] = CFrame.new(-0.011637, -0.038884, -0.003712, 1.000000, 0.000000, 0.000000, -0.000000, 0.999604, -0.028132, -0.000000, 0.028131, 0.999604),
      ["RightLowerLeg"] = CFrame.new(0.000000, -0.031358, -0.000388, 1.000000, -0.000000, -0.000000, -0.000000, 1.000000, -0.000017, 0.000000, -0.000020, 1.000000),
      ["RightUpperArm"] = CFrame.new(-0.061355, 0.051973, 0.003501, 0.998887, -0.028533, -0.037559, 0.027632, 0.999323, -0.024292, 0.038227, 0.023227, 0.998999),
      ["RightUpperLeg"] = CFrame.new(-0.016717, -0.066244, -0.093048, 0.998339, -0.009300, 0.056815, 0.009902, 0.999896, -0.010425, -0.056747, 0.010993, 0.998330),
      ["UpperTorso"] = CFrame.new(-0.027634, -0.040312, -0.030217, 0.999125, 0.003445, 0.041683, -0.003220, 0.999980, -0.005455, -0.041701, 0.005316, 0.999116)
    }},
    {Time = 0.150, Data = {
      ["Head"] = CFrame.new(-0.001225, 0.067543, -0.003366, 0.999864, 0.006038, -0.015367, -0.005978, 0.999974, 0.003996, 0.015391, -0.003903, 0.999874),
      ["LeftFoot"] = CFrame.new(0.000000, -0.023950, -0.000004, 0.999788, -0.015750, -0.013258, 0.016071, 0.999570, 0.024540, 0.012876, -0.024750, 0.999611),
      ["LeftHand"] = CFrame.new(0.000500, 0.000100, -0.000000, 0.998668, 0.033674, 0.039100, -0.034944, 0.998868, 0.032269, -0.037969, -0.033591, 0.998714),
      ["LeftLowerArm"] = CFrame.new(0.005636, -0.026549, 0.010832, 1.000000, -0.000000, -0.000000, 0.000000, 0.998746, -0.050073, 0.000000, 0.050072, 0.998746),
      ["LeftLowerLeg"] = CFrame.new(0.000000, -0.023469, -0.000210, 1.000000, -0.000000, -0.000000, 0.000000, 1.000000, -0.000008, -0.000000, -0.000011, 1.000000),
      ["LeftUpperArm"] = CFrame.new(0.068726, 0.059077, -0.011761, 0.999156, 0.030322, 0.027718, -0.028868, 0.998259, -0.051426, -0.029229, 0.050582, 0.998292),
      ["LeftUpperLeg"] = CFrame.new(-0.000723, -0.097400, -0.061041, 0.998453, 0.012141, 0.054246, -0.010720, 0.999594, -0.026371, -0.054555, 0.025771, 0.998179),
      ["LowerTorso"] = CFrame.new(-0.101855, 0.136300, 0.188637, 0.999442, 0.014561, -0.030047, -0.014651, 0.999889, -0.002767, 0.030004, 0.003206, 0.999545),
      ["RightFoot"] = CFrame.new(0.000000, -0.031687, -0.000103, 0.999949, 0.007733, 0.006513, -0.008115, 0.998041, 0.062054, -0.005985, -0.062085, 0.998052),
      ["RightHand"] = CFrame.new(-0.000500, 0.000000, -0.000000, 0.999991, -0.003388, 0.002550, 0.003462, 0.999559, -0.029478, -0.002449, 0.029487, 0.999562),
      ["RightLowerArm"] = CFrame.new(-0.011638, -0.038864, -0.003711, 1.000000, 0.000000, 0.000000, -0.000000, 0.999604, -0.028132, -0.000000, 0.028131, 0.999604),
      ["RightLowerLeg"] = CFrame.new(0.000000, -0.031358, -0.000388, 1.000000, -0.000000, -0.000000, -0.000000, 1.000000, -0.000017, 0.000000, -0.000020, 1.000000),
      ["RightUpperArm"] = CFrame.new(-0.061080, 0.048390, -0.000361, 0.998337, -0.036611, -0.044519, 0.034799, 0.998560, -0.040825, 0.045949, 0.039208, 0.998174),
      ["RightUpperLeg"] = CFrame.new(-0.016717, -0.066244, -0.093048, 0.998339, -0.009300, 0.056815, 0.009902, 0.999896, -0.010425, -0.056747, 0.010993, 0.998330),
      ["UpperTorso"] = CFrame.new(-0.027634, -0.040312, -0.030217, 0.999125, 0.003445, 0.041683, -0.003220, 0.999980, -0.005455, -0.041701, 0.005316, 0.999116)
    }},
    {Time = 0.167, Data = {
      ["Head"] = CFrame.new(-0.001225, 0.067543, -0.003366, 0.999864, 0.006038, -0.015367, -0.005978, 0.999974, 0.003996, 0.015391, -0.003903, 0.999874),
      ["LeftFoot"] = CFrame.new(0.000000, -0.023950, -0.000004, 0.999788, -0.015750, -0.013258, 0.016071, 0.999570, 0.024540, 0.012876, -0.024750, 0.999611),
      ["LeftHand"] = CFrame.new(0.000500, 0.000100, -0.000000, 0.998666, 0.033662, 0.039147, -0.034934, 0.998868, 0.032294, -0.038016, -0.033618, 0.998711),
      ["LeftLowerArm"] = CFrame.new(0.005630, -0.026250, 0.010869, 1.000000, -0.000000, -0.000000, 0.000000, 0.998746, -0.050073, 0.000000, 0.050072, 0.998746),
      ["LeftLowerLeg"] = CFrame.new(0.000000, -0.023469, -0.000210, 1.000000, -0.000000, -0.000000, 0.000000, 1.000000, -0.000008, -0.000000, -0.000011, 1.000000),
      ["LeftUpperArm"] = CFrame.new(0.068514, 0.056362, -0.015583, 0.998731, 0.036738, 0.034441, -0.034297, 0.997029, -0.068977, -0.036872, 0.067708, 0.997024),
      ["LeftUpperLeg"] = CFrame.new(-0.000723, -0.097400, -0.061041, 0.998453, 0.012141, 0.054246, -0.010720, 0.999594, -0.026371, -0.054555, 0.025771, 0.998179),
      ["LowerTorso"] = CFrame.new(-0.101855, 0.136300, 0.188637, 0.999442, 0.014561, -0.030047, -0.014651, 0.999889, -0.002767, 0.030004, 0.003206, 0.999545),
      ["RightFoot"] = CFrame.new(0.000000, -0.031687, -0.000103, 0.999949, 0.007733, 0.006513, -0.008115, 0.998041, 0.062054, -0.005985, -0.062085, 0.998052),
      ["RightHand"] = CFrame.new(-0.000500, -0.000000, -0.000000, 0.999991, -0.003386, 0.002619, 0.003462, 0.999559, -0.029476, -0.002518, 0.029485, 0.999562),
      ["RightLowerArm"] = CFrame.new(-0.011639, -0.038843, -0.003711, 1.000000, 0.000000, 0.000000, -0.000000, 0.999604, -0.028132, -0.000000, 0.028131, 0.999604),
      ["RightLowerLeg"] = CFrame.new(0.000000, -0.031358, -0.000388, 1.000000, -0.000000, -0.000000, -0.000000, 1.000000, -0.000017, 0.000000, -0.000020, 1.000000),
      ["RightUpperArm"] = CFrame.new(-0.060712, 0.044506, -0.004693, 0.997600, -0.045664, -0.052051, 0.042567, 0.997342, -0.059143, 0.054614, 0.056785, 0.996892),
      ["RightUpperLeg"] = CFrame.new(-0.016717, -0.066244, -0.093048, 0.998339, -0.009300, 0.056815, 0.009902, 0.999896, -0.010425, -0.056747, 0.010993, 0.998330),
      ["UpperTorso"] = CFrame.new(-0.027634, -0.040312, -0.030217, 0.999125, 0.003445, 0.041683, -0.003220, 0.999980, -0.005455, -0.041701, 0.005316, 0.999116)
    }},
    {Time = 0.183, Data = {
      ["Head"] = CFrame.new(-0.001225, 0.067543, -0.003366, 0.999864, 0.006038, -0.015367, -0.005978, 0.999974, 0.003996, 0.015391, -0.003903, 0.999874),
      ["LeftFoot"] = CFrame.new(0.000000, -0.023950, -0.000004, 0.999788, -0.015750, -0.013258, 0.016071, 0.999570, 0.024540, 0.012876, -0.024750, 0.999611),
      ["LeftHand"] = CFrame.new(0.000500, 0.000100, 0.000000, 0.998665, 0.033648, 0.039199, -0.034924, 0.998867, 0.032322, -0.038067, -0.033647, 0.998708),
      ["LeftLowerArm"] = CFrame.new(0.005623, -0.025926, 0.010910, 1.000000, -0.000000, -0.000000, 0.000000, 0.998746, -0.050073, 0.000000, 0.050072, 0.998746),
      ["LeftLowerLeg"] = CFrame.new(0.000000, -0.023469, -0.000210, 1.000000, -0.000000, -0.000000, 0.000000, 1.000000, -0.000008, -0.000000, -0.000011, 1.000000),
      ["LeftUpperArm"] = CFrame.new(0.068233, 0.053478, -0.019805, 0.998169, 0.043869, 0.041646, -0.040065, 0.995301, -0.088148, -0.045317, 0.086318, 0.995236),
      ["LeftUpperLeg"] = CFrame.new(-0.000723, -0.097400, -0.061041, 0.998453, 0.012141, 0.054246, -0.010720, 0.999594, -0.026371, -0.054555, 0.025771, 0.998179),
      ["LowerTorso"] = CFrame.new(-0.101855, 0.136300, 0.188637, 0.999442, 0.014561, -0.030047, -0.014651, 0.999889, -0.002767, 0.030004, 0.003206, 0.999545),
      ["RightFoot"] = CFrame.new(0.000000, -0.031687, -0.000103, 0.999949, 0.007733, 0.006513, -0.008115, 0.998041, 0.062054, -0.005985, -0.062085, 0.998052),
      ["RightHand"] = CFrame.new(-0.000500, -0.000000, -0.000000, 0.999991, -0.003384, 0.002696, 0.003462, 0.999560, -0.029474, -0.002595, 0.029483, 0.999562),
      ["RightLowerArm"] = CFrame.new(-0.011639, -0.038819, -0.003710, 1.000000, 0.000000, 0.000000, -0.000000, 0.999604, -0.028132, -0.000000, 0.028131, 0.999604),
      ["RightLowerLeg"] = CFrame.new(0.000000, -0.031358, -0.000388, 1.000000, -0.000000, -0.000000, -0.000000, 1.000000, -0.000017, 0.000000, -0.000020, 1.000000),
      ["RightUpperArm"] = CFrame.new(-0.060230, 0.040354, -0.009504, 0.996637, -0.055707, -0.060090, 0.050871, 0.995559, -0.079210, 0.064236, 0.075887, 0.995045),
      ["RightUpperLeg"] = CFrame.new(-0.016717, -0.066244, -0.093048, 0.998339, -0.009300, 0.056815, 0.009902, 0.999896, -0.010425, -0.056747, 0.010993, 0.998330),
      ["UpperTorso"] = CFrame.new(-0.027634, -0.040312, -0.030217, 0.999125, 0.003445, 0.041683, -0.003220, 0.999980, -0.005455, -0.041701, 0.005316, 0.999116)
    }},
    {Time = 0.200, Data = {
      ["Head"] = CFrame.new(-0.001225, 0.067543, -0.003366, 0.999864, 0.006038, -0.015367, -0.005978, 0.999974, 0.003996, 0.015391, -0.003903, 0.999874),
      ["LeftFoot"] = CFrame.new(0.000000, -0.023950, -0.000004, 0.999788, -0.015750, -0.013258, 0.016071, 0.999570, 0.024540, 0.012876, -0.024750, 0.999611),
      ["LeftHand"] = CFrame.new(0.000500, 0.000100, -0.000000, 0.998663, 0.033633, 0.039256, -0.034912, 0.998867, 0.032353, -0.038123, -0.033679, 0.998705),
      ["LeftLowerArm"] = CFrame.new(0.005615, -0.025579, 0.010953, 1.000000, -0.000000, -0.000000, 0.000000, 0.998746, -0.050073, 0.000000, 0.050072, 0.998746),
      ["LeftLowerLeg"] = CFrame.new(0.000000, -0.023469, -0.000210, 1.000000, -0.000000, -0.000000, 0.000000, 1.000000, -0.000008, -0.000000, -0.000011, 1.000000),
      ["LeftUpperArm"] = CFrame.new(0.067870, 0.050452, -0.024429, 0.997445, 0.051729, 0.049278, -0.046117, 0.992983, -0.108891, -0.054565, 0.106340, 0.992832),
      ["LeftUpperLeg"] = CFrame.new(-0.000723, -0.097400, -0.061041, 0.998453, 0.012141, 0.054246, -0.010720, 0.999594, -0.026371, -0.054555, 0.025771, 0.998179),
      ["LowerTorso"] = CFrame.new(-0.101855, 0.136300, 0.188637, 0.999442, 0.014561, -0.030047, -0.014651, 0.999889, -0.002767, 0.030004, 0.003206, 0.999545),
      ["RightFoot"] = CFrame.new(0.000000, -0.031687, -0.000103, 0.999949, 0.007733, 0.006513, -0.008115, 0.998041, 0.062054, -0.005985, -0.062085, 0.998052),
      ["RightHand"] = CFrame.new(-0.000500, 0.000000, 0.000000, 0.999990, -0.003381, 0.002779, 0.003462, 0.999560, -0.029471, -0.002678, 0.029481, 0.999562),
      ["RightLowerArm"] = CFrame.new(-0.011640, -0.038795, -0.003710, 1.000000, 0.000000, 0.000000, -0.000000, 0.999604, -0.028132, -0.000000, 0.028131, 0.999604),
      ["RightLowerLeg"] = CFrame.new(0.000000, -0.031358, -0.000388, 1.000000, -0.000000, -0.000000, -0.000000, 1.000000, -0.000017, 0.000000, -0.000020, 1.000000),
      ["RightUpperArm"] = CFrame.new(-0.059617, 0.035969, -0.014801, 0.995411, -0.066752, -0.068562, 0.059642, 0.993098, -0.100987, 0.074830, 0.096435, 0.992522),
      ["RightUpperLeg"] = CFrame.new(-0.016717, -0.066244, -0.093048, 0.998339, -0.009300, 0.056815, 0.009902, 0.999896, -0.010425, -0.056747, 0.010993, 0.998330),
      ["UpperTorso"] = CFrame.new(-0.027634, -0.040312, -0.030217, 0.999125, 0.003445, 0.041683, -0.003220, 0.999980, -0.005455, -0.041701, 0.005316, 0.999116)
    }},
    {Time = 0.217, Data = {
      ["Head"] = CFrame.new(-0.001225, 0.067543, -0.003366, 0.999864, 0.006038, -0.015367, -0.005978, 0.999974, 0.003996, 0.015391, -0.003903, 0.999874),
      ["LeftFoot"] = CFrame.new(0.000000, -0.023950, -0.000004, 0.999788, -0.015750, -0.013258, 0.016071, 0.999570, 0.024540, 0.012876, -0.024750, 0.999611),
      ["LeftHand"] = CFrame.new(0.000500, 0.000100, -0.000000, 0.998661, 0.033617, 0.039318, -0.034899, 0.998866, 0.032386, -0.038184, -0.033714, 0.998702),
      ["LeftLowerArm"] = CFrame.new(0.005607, -0.025208, 0.010999, 1.000000, -0.000000, -0.000000, 0.000000, 0.998746, -0.050073, 0.000000, 0.050072, 0.998746),
      ["LeftLowerLeg"] = CFrame.new(0.000000, -0.023469, -0.000210, 1.000000, -0.000000, -0.000000, 0.000000, 1.000000, -0.000008, -0.000000, -0.000011, 1.000000),
      ["LeftUpperArm"] = CFrame.new(0.067415, 0.047314, -0.029455, 0.996534, 0.060328, 0.057280, -0.052393, 0.989977, -0.131148, -0.064617, 0.127692, 0.989707),
      ["LeftUpperLeg"] = CFrame.new(-0.000723, -0.097400, -0.061041, 0.998453, 0.012141, 0.054246, -0.010720, 0.999594, -0.026371, -0.054555, 0.025771, 0.998179),
      ["LowerTorso"] = CFrame.new(-0.101855, 0.136300, 0.188637, 0.999442, 0.014561, -0.030047, -0.014651, 0.999889, -0.002767, 0.030004, 0.003206, 0.999545),
      ["RightFoot"] = CFrame.new(0.000000, -0.031687, -0.000103, 0.999949, 0.007733, 0.006513, -0.008115, 0.998041, 0.062054, -0.005985, -0.062085, 0.998052),
      ["RightHand"] = CFrame.new(-0.000500, -0.000000, -0.000000, 0.999990, -0.003378, 0.002869, 0.003462, 0.999560, -0.029469, -0.002769, 0.029479, 0.999562),
      ["RightLowerArm"] = CFrame.new(-0.011641, -0.038768, -0.003709, 1.000000, 0.000000, 0.000000, -0.000000, 0.999604, -0.028132, -0.000000, 0.028131, 0.999604),
      ["RightLowerLeg"] = CFrame.new(0.000000, -0.031358, -0.000388, 1.000000, -0.000000, -0.000000, -0.000000, 1.000000, -0.000017, 0.000000, -0.000020, 1.000000),
      ["RightUpperArm"] = CFrame.new(-0.058852, 0.031389, -0.020591, 0.993881, -0.078811, -0.077391, 0.068802, 0.989840, -0.124428, 0.086411, 0.118342, 0.989206),
      ["RightUpperLeg"] = CFrame.new(-0.016717, -0.066244, -0.093048, 0.998339, -0.009300, 0.056815, 0.009902, 0.999896, -0.010425, -0.056747, 0.010993, 0.998330),
      ["UpperTorso"] = CFrame.new(-0.027634, -0.040312, -0.030217, 0.999125, 0.003445, 0.041683, -0.003220, 0.999980, -0.005455, -0.041701, 0.005316, 0.999116)
    }},
    {Time = 0.233, Data = {
      ["Head"] = CFrame.new(-0.001225, 0.067543, -0.003366, 0.999864, 0.006038, -0.015367, -0.005978, 0.999974, 0.003996, 0.015391, -0.003903, 0.999874),
      ["LeftFoot"] = CFrame.new(0.000000, -0.023950, -0.000004, 0.999788, -0.015750, -0.013258, 0.016071, 0.999570, 0.024540, 0.012876, -0.024750, 0.999611),
      ["LeftHand"] = CFrame.new(0.000500, 0.000100, -0.000000, 0.998659, 0.033600, 0.039385, -0.034886, 0.998865, 0.032421, -0.038250, -0.033751, 0.998698),
      ["LeftLowerArm"] = CFrame.new(0.005599, -0.024818, 0.011048, 1.000000, -0.000000, -0.000000, 0.000000, 0.998746, -0.050073, 0.000000, 0.050072, 0.998746),
      ["LeftLowerLeg"] = CFrame.new(0.000000, -0.023469, -0.000210, 1.000000, -0.000000, -0.000000, 0.000000, 1.000000, -0.000008, -0.000000, -0.000011, 1.000000),
      ["LeftUpperArm"] = CFrame.new(0.066854, 0.044096, -0.034884, 0.995411, 0.069679, 0.065589, -0.058829, 0.986184, -0.154858, -0.075473, 0.150288, 0.985757),
      ["LeftUpperLeg"] = CFrame.new(-0.000723, -0.097400, -0.061041, 0.998453, 0.012141, 0.054246, -0.010720, 0.999594, -0.026371, -0.054555, 0.025771, 0.998179),
      ["LowerTorso"] = CFrame.new(-0.101855, 0.136300, 0.188637, 0.999442, 0.014561, -0.030047, -0.014651, 0.999889, -0.002767, 0.030004, 0.003206, 0.999545),
      ["RightFoot"] = CFrame.new(0.000000, -0.031687, -0.000103, 0.999949, 0.007733, 0.006513, -0.008115, 0.998041, 0.062054, -0.005985, -0.062085, 0.998052),
      ["RightHand"] = CFrame.new(-0.000500, 0.000001, 0.000000, 0.999990, -0.003376, 0.002967, 0.003461, 0.999560, -0.029466, -0.002866, 0.029476, 0.999561),
      ["RightLowerArm"] = CFrame.new(-0.011642, -0.038740, -0.003708, 1.000000, 0.000000, 0.000000, -0.000000, 0.999604, -0.028132, -0.000000, 0.028131, 0.999604),
      ["RightLowerLeg"] = CFrame.new(0.000000, -0.031358, -0.000388, 1.000000, -0.000000, -0.000000, -0.000000, 1.000000, -0.000017, 0.000000, -0.000020, 1.000000),
      ["RightUpperArm"] = CFrame.new(-0.057915, 0.026655, -0.026879, 0.992006, -0.091889, -0.086492, 0.078269, 0.985663, -0.149476, 0.098987, 0.141511, 0.984975),
      ["RightUpperLeg"] = CFrame.new(-0.016717, -0.066244, -0.093048, 0.998339, -0.009300, 0.056815, 0.009902, 0.999896, -0.010425, -0.056747, 0.010993, 0.998330),
      ["UpperTorso"] = CFrame.new(-0.027634, -0.040312, -0.030217, 0.999125, 0.003445, 0.041683, -0.003220, 0.999980, -0.005455, -0.041701, 0.005316, 0.999116)
    }},
    {Time = 0.250, Data = {
      ["Head"] = CFrame.new(-0.001225, 0.067543, -0.003366, 0.999864, 0.006038, -0.015367, -0.005978, 0.999974, 0.003996, 0.015391, -0.003903, 0.999874),
      ["LeftFoot"] = CFrame.new(0.000000, -0.023950, -0.000004, 0.999788, -0.015750, -0.013258, 0.016071, 0.999570, 0.024540, 0.012876, -0.024750, 0.999611),
      ["LeftHand"] = CFrame.new(0.000500, 0.000100, -0.000000, 0.998657, 0.033582, 0.039456, -0.034871, 0.998865, 0.032460, -0.038321, -0.033791, 0.998694),
      ["LeftLowerArm"] = CFrame.new(0.005589, -0.024407, 0.011100, 1.000000, -0.000000, -0.000000, 0.000000, 0.998746, -0.050073, 0.000000, 0.050072, 0.998746),
      ["LeftLowerLeg"] = CFrame.new(0.000000, -0.023469, -0.000210, 1.000000, -0.000000, -0.000000, 0.000000, 1.000000, -0.000008, -0.000000, -0.000011, 1.000000),
      ["LeftUpperArm"] = CFrame.new(0.066173, 0.040832, -0.040710, 0.994051, 0.079787, 0.074140, -0.065358, 0.981503, -0.179947, -0.087126, 0.174030, 0.980878),
      ["LeftUpperLeg"] = CFrame.new(-0.000723, -0.097400, -0.061041, 0.998453, 0.012141, 0.054246, -0.010720, 0.999594, -0.026371, -0.054555, 0.025771, 0.998179),
      ["LowerTorso"] = CFrame.new(-0.101855, 0.136300, 0.188637, 0.999442, 0.014561, -0.030047, -0.014651, 0.999889, -0.002767, 0.030004, 0.003206, 0.999545),
      ["RightFoot"] = CFrame.new(0.000000, -0.031687, -0.000103, 0.999949, 0.007733, 0.006513, -0.008115, 0.998041, 0.062054, -0.005985, -0.062085, 0.998052),
      ["RightHand"] = CFrame.new(-0.000500, 0.000000, -0.000000, 0.999990, -0.003372, 0.003071, 0.003461, 0.999560, -0.029463, -0.002970, 0.029473, 0.999561),
      ["RightLowerArm"] = CFrame.new(-0.011642, -0.038710, -0.003707, 1.000000, 0.000000, 0.000000, -0.000000, 0.999604, -0.028131, -0.000000, 0.028131, 0.999604),
      ["RightLowerLeg"] = CFrame.new(0.000000, -0.031358, -0.000388, 1.000000, -0.000000, -0.000000, -0.000000, 1.000000, -0.000017, 0.000000, -0.000020, 1.000000),
      ["RightUpperArm"] = CFrame.new(-0.056783, 0.021811, -0.033668, 0.989744, -0.105991, -0.095776, 0.087957, 0.980441, -0.176064, 0.112564, 0.165834, 0.979708),
      ["RightUpperLeg"] = CFrame.new(-0.016717, -0.066244, -0.093048, 0.998339, -0.009300, 0.056815, 0.009902, 0.999896, -0.010425, -0.056747, 0.010993, 0.998330),
      ["UpperTorso"] = CFrame.new(-0.027634, -0.040312, -0.030217, 0.999125, 0.003445, 0.041683, -0.003220, 0.999980, -0.005455, -0.041701, 0.005316, 0.999116)
    }},
    {Time = 0.267, Data = {
      ["Head"] = CFrame.new(-0.001225, 0.067543, -0.003366, 0.999864, 0.006038, -0.015367, -0.005978, 0.999974, 0.003996, 0.015391, -0.003903, 0.999874),
      ["LeftFoot"] = CFrame.new(0.000000, -0.023950, -0.000004, 0.999788, -0.015750, -0.013258, 0.016071, 0.999570, 0.024540, 0.012876, -0.024750, 0.999611),
      ["LeftHand"] = CFrame.new(0.000500, 0.000100, -0.000000, 0.998655, 0.033562, 0.039532, -0.034855, 0.998864, 0.032500, -0.038396, -0.033834, 0.998690),
      ["LeftLowerArm"] = CFrame.new(0.005580, -0.023977, 0.011153, 1.000000, -0.000000, -0.000000, 0.000000, 0.998746, -0.050073, 0.000000, 0.050072, 0.998746),
      ["LeftLowerLeg"] = CFrame.new(0.000000, -0.023469, -0.000210, 1.000000, -0.000000, -0.000000, 0.000000, 1.000000, -0.000008, -0.000000, -0.000011, 1.000000),
