return {
  ["KeyframeSequence"] = {
    {Time = 0.000, Data = {
      ["Head"] = CFrame.new(-0.000977, 0.067361, -0.024536, 0.999864, 0.006038, -0.015367, -0.005978, 0.999974, 0.003996, 0.015391, -0.003903, 0.999874),
      ["LeftFoot"] = CFrame.new(0.000001, -4.476741, -0.000016, -0.310971, -0.722332, -0.617707, 0.941345, -0.323687, -0.095393, -0.131021, -0.611117, 0.780601),
      ["LeftHand"] = CFrame.new(0.000501, 0.000100, -0.000000, 0.998554, 0.049751, -0.020373, -0.049329, 0.998568, 0.020722, 0.021375, -0.019686, 0.999578),
      ["LeftLowerArm"] = CFrame.new(0.005665, -0.026590, 0.010734, 1.000000, -0.000000, -0.000000, -0.000000, 0.997995, -0.063290, 0.000000, 0.063290, 0.997995),
      ["LeftLowerLeg"] = CFrame.new(0.508573, -4.416111, 0.379861, 1.000000, -0.000000, 0.000000, 0.000000, 1.000000, -0.000007, 0.000000, -0.000010, 1.000000),
      ["LeftUpperArm"] = CFrame.new(0.041105, -0.256669, 0.002605, 0.838387, 0.541190, 0.064966, -0.438877, 0.599548, 0.669275, 0.323255, -0.589624, 0.740169),
      ["LeftUpperLeg"] = CFrame.new(0.002386, -0.375977, -0.077588, -0.335651, 0.936956, -0.097202, -0.682689, -0.313067, -0.660244, -0.649057, -0.155251, 0.744735),
      ["LowerTorso"] = CFrame.new(0.414860, -4.859647, 13.057052, 0.998325, 0.014473, -0.056019, -0.011143, 0.998178, 0.059294, 0.056775, -0.058571, 0.996668),
      ["RightFoot"] = CFrame.new(-0.000000, -4.660044, -0.000116, -0.322163, 0.718710, 0.616197, -0.936754, -0.336055, -0.097793, 0.136762, -0.608706, 0.781497),
      ["RightHand"] = CFrame.new(-0.000500, -0.000000, -0.000001, 0.999992, -0.003397, 0.002252, 0.003462, 0.999559, -0.029487, -0.002151, 0.029495, 0.999563),
      ["RightLowerArm"] = CFrame.new(-0.011635, -0.042653, -0.003746, 1.000000, 0.000000, 0.000000, -0.000000, 0.999962, 0.008770, -0.000000, -0.008770, 0.999962),
      ["RightLowerLeg"] = CFrame.new(-0.533720, -4.603531, 0.349951, 1.000000, -0.000000, -0.000000, 0.000000, 1.000000, -0.000014, -0.000000, -0.000017, 1.000000),
      ["RightUpperArm"] = CFrame.new(-0.092111, 0.120433, 0.153900, 0.871462, -0.475279, 0.121091, 0.243105, 0.633009, 0.734982, -0.425973, -0.611072, 0.667186),
      ["RightUpperLeg"] = CFrame.new(-0.005489, -0.602215, -0.031441, -0.283480, -0.940525, 0.187188, 0.711474, -0.337167, -0.616561, 0.642996, -0.041600, 0.764730),
      ["UpperTorso"] = CFrame.new(-0.022618, 0.126488, 0.102252, 0.995430, 0.088724, 0.035309, -0.007413, 0.440436, -0.897753, -0.095203, 0.893389, 0.439081)
    }},
    {Time = 0.017, Data = {
      ["Head"] = CFrame.new(-0.000977, 0.067360, -0.024536, 0.999864, 0.006038, -0.015367, -0.005978, 0.999974, 0.003996, 0.015391, -0.003903, 0.999874),
      ["LeftFoot"] = CFrame.new(-0.000000, -4.476636, -0.000016, -0.310951, -0.722337, -0.617711, 0.941354, -0.323660, -0.095395, -0.131004, -0.611125, 0.780598),
      ["LeftHand"] = CFrame.new(0.000500, 0.000100, 0.000001, 0.998554, 0.049751, -0.020373, -0.049329, 0.998568, 0.020722, 0.021375, -0.019686, 0.999578),
      ["LeftLowerArm"] = CFrame.new(0.005665, -0.026591, 0.010736, 1.000000, -0.000000, -0.000000, 0.000000, 0.997995, -0.063291, 0.000000, 0.063290, 0.997995),
      ["LeftLowerLeg"] = CFrame.new(0.508587, -4.416009, 0.379855, 1.000000, 0.000000, 0.000000, -0.000000, 1.000000, -0.000007, -0.000000, -0.000010, 1.000000),
      ["LeftUpperArm"] = CFrame.new(0.041102, -0.256687, 0.002611, 0.838367, 0.541221, 0.064975, -0.438913, 0.599543, 0.669256, 0.323260, -0.589601, 0.740185),
      ["LeftUpperLeg"] = CFrame.new(0.002386, -0.375978, -0.077589, -0.335631, 0.936965, -0.097185, -0.682694, -0.313040, -0.660251, -0.649061, -0.155252, 0.744730),
      ["LowerTorso"] = CFrame.new(0.414860, -4.859288, 13.056896, 0.998325, 0.014473, -0.056019, -0.011143, 0.998178, 0.059294, 0.056775, -0.058571, 0.996668),
      ["RightFoot"] = CFrame.new(0.000001, -4.660051, -0.000114, -0.322145, 0.718715, 0.616201, -0.936762, -0.336033, -0.097794, 0.136749, -0.608713, 0.781494),
      ["RightHand"] = CFrame.new(-0.000500, 0.000000, 0.000002, 0.999992, -0.003397, 0.002252, 0.003462, 0.999559, -0.029487, -0.002151, 0.029495, 0.999563),
      ["RightLowerArm"] = CFrame.new(-0.011635, -0.042653, -0.003746, 1.000000, 0.000000, 0.000000, -0.000000, 0.999962, 0.008770, -0.000000, -0.008770, 0.999962),
      ["RightLowerLeg"] = CFrame.new(-0.533739, -4.603548, 0.349949, 1.000000, 0.000000, 0.000000, 0.000000, 1.000000, -0.000014, -0.000000, -0.000017, 1.000000),
      ["RightUpperArm"] = CFrame.new(-0.092109, 0.120403, 0.153909, 0.871443, -0.475318, 0.121074, 0.243152, 0.633005, 0.734971, -0.425986, -0.611046, 0.667202),
      ["RightUpperLeg"] = CFrame.new(-0.005489, -0.602216, -0.031443, -0.283462, -0.940533, 0.187175, 0.711478, -0.337144, -0.616569, 0.642999, -0.041600, 0.764728),
      ["UpperTorso"] = CFrame.new(-0.022618, 0.126438, 0.102244, 0.995430, 0.088723, 0.035310, -0.007414, 0.440460, -0.897742, -0.095203, 0.893377, 0.439105)
    }},
    {Time = 0.033, Data = {
      ["Head"] = CFrame.new(-0.000977, 0.067359, -0.024537, 0.999864, 0.006038, -0.015367, -0.005978, 0.999974, 0.003996, 0.015391, -0.003903, 0.999874),
      ["LeftFoot"] = CFrame.new(-0.000000, -4.476325, -0.000017, -0.310893, -0.722351, -0.617724, 0.941380, -0.323583, -0.095402, -0.130954, -0.611150, 0.780587),
      ["LeftHand"] = CFrame.new(0.000500, 0.000100, 0.000001, 0.998554, 0.049751, -0.020373, -0.049329, 0.998568, 0.020722, 0.021375, -0.019686, 0.999578),
      ["LeftLowerArm"] = CFrame.new(0.005665, -0.026590, 0.010737, 1.000000, -0.000000, -0.000000, -0.000000, 0.997995, -0.063290, 0.000000, 0.063290, 0.997995),
      ["LeftLowerLeg"] = CFrame.new(0.508625, -4.415701, 0.379826, 1.000000, -0.000000, -0.000000, 0.000000, 1.000000, -0.000007, 0.000000, -0.000010, 1.000000),
      ["LeftUpperArm"] = CFrame.new(0.041096, -0.256738, 0.002628, 0.838306, 0.541311, 0.065005, -0.439019, 0.599528, 0.669200, 0.323273, -0.589532, 0.740234),
      ["LeftUpperLeg"] = CFrame.new(0.002386, -0.375978, -0.077589, -0.335574, 0.936990, -0.097135, -0.682707, -0.312962, -0.660275, -0.649078, -0.155254, 0.744716),
      ["LowerTorso"] = CFrame.new(0.414858, -4.858225, 13.056431, 0.998325, 0.014473, -0.056019, -0.011143, 0.998178, 0.059294, 0.056775, -0.058571, 0.996668),
      ["RightFoot"] = CFrame.new(0.000000, -4.660074, -0.000114, -0.322094, 0.718727, 0.616213, -0.936785, -0.335967, -0.097796, 0.136709, -0.608735, 0.781484),
      ["RightHand"] = CFrame.new(-0.000500, 0.000000, -0.000000, 0.999992, -0.003397, 0.002252, 0.003462, 0.999559, -0.029487, -0.002151, 0.029495, 0.999563),
      ["RightLowerArm"] = CFrame.new(-0.011635, -0.042653, -0.003746, 1.000000, 0.000000, 0.000000, -0.000000, 0.999962, 0.008770, -0.000000, -0.008770, 0.999962),
      ["RightLowerLeg"] = CFrame.new(-0.533821, -4.603565, 0.349957, 1.000000, 0.000000, 0.000000, 0.000000, 1.000000, -0.000014, -0.000000, -0.000017, 1.000000),
      ["RightUpperArm"] = CFrame.new(-0.092102, 0.120317, 0.153931, 0.871386, -0.475436, 0.121024, 0.243292, 0.632990, 0.734937, -0.426022, -0.610970, 0.667249),
      ["RightUpperLeg"] = CFrame.new(-0.005489, -0.602216, -0.031443, -0.283411, -0.940557, 0.187135, 0.711491, -0.337079, -0.616590, 0.643008, -0.041600, 0.764720),
      ["UpperTorso"] = CFrame.new(-0.022615, 0.126290, 0.102227, 0.995430, 0.088720, 0.035313, -0.007417, 0.440532, -0.897706, -0.095201, 0.893342, 0.439177)
    }},
    {Time = 0.050, Data = {
      ["Head"] = CFrame.new(-0.000977, 0.067359, -0.024537, 0.999864, 0.006038, -0.015367, -0.005978, 0.999974, 0.003996, 0.015391, -0.003903, 0.999874),
      ["LeftFoot"] = CFrame.new(0.000000, -4.475810, -0.000015, -0.310797, -0.722374, -0.617745, 0.941423, -0.323455, -0.095412, -0.130873, -0.611190, 0.780569),
      ["LeftHand"] = CFrame.new(0.000500, 0.000101, -0.000001, 0.998554, 0.049751, -0.020374, -0.049329, 0.998568, 0.020722, 0.021375, -0.019686, 0.999578),
      ["LeftLowerArm"] = CFrame.new(0.005666, -0.026591, 0.010733, 1.000000, -0.000000, -0.000000, 0.000000, 0.997995, -0.063290, 0.000000, 0.063290, 0.997995),
      ["LeftLowerLeg"] = CFrame.new(0.508686, -4.415190, 0.379789, 1.000000, -0.000000, 0.000000, 0.000000, 1.000000, -0.000007, -0.000000, -0.000010, 1.000000),
      ["LeftUpperArm"] = CFrame.new(0.041087, -0.256820, 0.002658, 0.838204, 0.541462, 0.065053, -0.439196, 0.599503, 0.669106, 0.323296, -0.589419, 0.740314),
      ["LeftUpperLeg"] = CFrame.new(0.002386, -0.375978, -0.077588, -0.335479, 0.937033, -0.097055, -0.682728, -0.312833, -0.660314, -0.649104, -0.155258, 0.744692),
      ["LowerTorso"] = CFrame.new(0.414856, -4.856473, 13.055657, 0.998325, 0.014473, -0.056019, -0.011143, 0.998178, 0.059294, 0.056775, -0.058571, 0.996668),
      ["RightFoot"] = CFrame.new(0.000000, -4.660110, -0.000115, -0.322010, 0.718748, 0.616232, -0.936823, -0.335859, -0.097800, 0.136644, -0.608769, 0.781469),
      ["RightHand"] = CFrame.new(-0.000500, 0.000000, 0.000001, 0.999992, -0.003397, 0.002252, 0.003462, 0.999559, -0.029487, -0.002151, 0.029495, 0.999563),
      ["RightLowerArm"] = CFrame.new(-0.011635, -0.042653, -0.003747, 1.000000, -0.000000, 0.000000, -0.000000, 0.999962, 0.008770, -0.000000, -0.008770, 0.999962),
      ["RightLowerLeg"] = CFrame.new(-0.533944, -4.603602, 0.349954, 1.000000, -0.000000, -0.000000, 0.000000, 1.000000, -0.000014, -0.000000, -0.000017, 1.000000),
      ["RightUpperArm"] = CFrame.new(-0.092092, 0.120172, 0.153970, 0.871292, -0.475630, 0.120941, 0.243525, 0.632967, 0.734880, -0.426083, -0.610842, 0.667327),
      ["RightUpperLeg"] = CFrame.new(-0.005489, -0.602216, -0.031442, -0.283326, -0.940596, 0.187069, 0.711512, -0.336971, -0.616625, 0.643022, -0.041600, 0.764708),
      ["UpperTorso"] = CFrame.new(-0.022611, 0.126048, 0.102199, 0.995431, 0.088715, 0.035319, -0.007422, 0.440651, -0.897648, -0.095199, 0.893284, 0.439296)
    }},
    {Time = 0.067, Data = {
      ["Head"] = CFrame.new(-0.000977, 0.067360, -0.024537, 0.999864, 0.006038, -0.015367, -0.005978, 0.999974, 0.003996, 0.015391, -0.003903, 0.999874),
      ["LeftFoot"] = CFrame.new(0.000000, -4.475095, -0.000017, -0.310665, -0.722406, -0.617774, 0.941482, -0.323278, -0.095426, -0.130759, -0.611246, 0.780544),
      ["LeftHand"] = CFrame.new(0.000500, 0.000100, -0.000001, 0.998554, 0.049751, -0.020374, -0.049329, 0.998568, 0.020722, 0.021375, -0.019686, 0.999578),
      ["LeftLowerArm"] = CFrame.new(0.005666, -0.026591, 0.010736, 1.000000, -0.000000, -0.000000, 0.000000, 0.997995, -0.063291, 0.000000, 0.063290, 0.997995),
      ["LeftLowerLeg"] = CFrame.new(0.508774, -4.414483, 0.379746, 1.000000, -0.000000, -0.000000, -0.000000, 1.000000, -0.000007, 0.000000, -0.000010, 1.000000),
      ["LeftUpperArm"] = CFrame.new(0.041072, -0.256937, 0.002698, 0.838063, 0.541673, 0.065121, -0.439442, 0.599469, 0.668975, 0.323328, -0.589260, 0.740427),
      ["LeftUpperLeg"] = CFrame.new(0.002386, -0.375978, -0.077588, -0.335348, 0.937091, -0.096942, -0.682758, -0.312656, -0.660367, -0.649140, -0.155263, 0.744659),
      ["LowerTorso"] = CFrame.new(0.414852, -4.854051, 13.054577, 0.998325, 0.014473, -0.056019, -0.011143, 0.998178, 0.059294, 0.056775, -0.058571, 0.996668),
      ["RightFoot"] = CFrame.new(-0.000000, -4.660161, -0.000115, -0.321894, 0.718777, 0.616260, -0.936876, -0.335710, -0.097805, 0.136555, -0.608818, 0.781446),
      ["RightHand"] = CFrame.new(-0.000500, 0.000000, 0.000000, 0.999992, -0.003397, 0.002252, 0.003462, 0.999559, -0.029487, -0.002151, 0.029495, 0.999563),
      ["RightLowerArm"] = CFrame.new(-0.011635, -0.042652, -0.003747, 1.000000, -0.000000, 0.000000, 0.000000, 0.999962, 0.008770, -0.000000, -0.008770, 0.999962),
      ["RightLowerLeg"] = CFrame.new(-0.534117, -4.603654, 0.349965, 1.000000, 0.000000, 0.000000, 0.000000, 1.000000, -0.000014, -0.000000, -0.000017, 1.000000),
      ["RightUpperArm"] = CFrame.new(-0.092077, 0.119970, 0.154023, 0.871159, -0.475902, 0.120826, 0.243850, 0.632934, 0.734800, -0.426168, -0.610665, 0.667435),
      ["RightUpperLeg"] = CFrame.new(-0.005489, -0.602216, -0.031441, -0.283208, -0.940649, 0.186979, 0.711540, -0.336821, -0.616674, 0.643042, -0.041601, 0.764691),
      ["UpperTorso"] = CFrame.new(-0.022604, 0.125716, 0.102159, 0.995431, 0.088709, 0.035327, -0.007430, 0.440817, -0.897566, -0.095195, 0.893203, 0.439462)
    }},
    {Time = 0.083, Data = {
      ["Head"] = CFrame.new(-0.000977, 0.067361, -0.024537, 0.999864, 0.006038, -0.015367, -0.005978, 0.999974, 0.003996, 0.015391, -0.003903, 0.999874),
      ["LeftFoot"] = CFrame.new(0.000002, -4.474177, -0.000016, -0.310498, -0.722446, -0.617811, 0.941558, -0.323053, -0.095444, -0.130615, -0.611317, 0.780512),
      ["LeftHand"] = CFrame.new(0.000500, 0.000100, 0.000001, 0.998554, 0.049751, -0.020374, -0.049329, 0.998568, 0.020722, 0.021375, -0.019686, 0.999578),
      ["LeftLowerArm"] = CFrame.new(0.005666, -0.026591, 0.010735, 1.000000, 0.000000, -0.000000, 0.000000, 0.997995, -0.063290, 0.000000, 0.063290, 0.997995),
      ["LeftLowerLeg"] = CFrame.new(0.508887, -4.413577, 0.379689, 1.000000, -0.000000, 0.000000, 0.000000, 1.000000, -0.000007, 0.000000, -0.000010, 1.000000),
      ["LeftUpperArm"] = CFrame.new(0.041055, -0.257084, 0.002751, 0.837882, 0.541943, 0.065208, -0.439758, 0.599424, 0.668807, 0.323368, -0.589057, 0.740570),
      ["LeftUpperLeg"] = CFrame.new(0.002386, -0.375978, -0.077588, -0.335182, 0.937165, -0.096800, -0.682795, -0.312430, -0.660436, -0.649187, -0.155270, 0.744617),
      ["LowerTorso"] = CFrame.new(0.414847, -4.850974, 13.053192, 0.998325, 0.014473, -0.056019, -0.011143, 0.998178, 0.059294, 0.056775, -0.058571, 0.996668),
      ["RightFoot"] = CFrame.new(-0.000001, -4.660227, -0.000116, -0.321747, 0.718813, 0.616294, -0.936943, -0.335521, -0.097812, 0.136442, -0.608879, 0.781418),
      ["RightHand"] = CFrame.new(-0.000500, 0.000000, -0.000000, 0.999992, -0.003397, 0.002252, 0.003462, 0.999559, -0.029487, -0.002151, 0.029495, 0.999563),
      ["RightLowerArm"] = CFrame.new(-0.011635, -0.042652, -0.003746, 1.000000, 0.000000, 0.000000, -0.000000, 0.999962, 0.008770, -0.000000, -0.008770, 0.999962),
      ["RightLowerLeg"] = CFrame.new(-0.534352, -4.603718, 0.349969, 1.000000, -0.000000, 0.000000, 0.000000, 1.000000, -0.000014, -0.000000, -0.000017, 1.000000),
      ["RightUpperArm"] = CFrame.new(-0.092057, 0.119715, 0.154093, 0.870989, -0.476250, 0.120678, 0.244267, 0.632892, 0.734699, -0.426276, -0.610437, 0.667574),
      ["RightUpperLeg"] = CFrame.new(-0.005489, -0.602216, -0.031441, -0.283059, -0.940717, 0.186864, 0.711577, -0.336632, -0.616735, 0.643068, -0.041601, 0.764670),
      ["UpperTorso"] = CFrame.new(-0.022597, 0.125297, 0.102108, 0.995431, 0.088700, 0.035338, -0.007439, 0.441030, -0.897462, -0.095190, 0.893098, 0.439675)
    }},
    {Time = 0.100, Data = {
      ["Head"] = CFrame.new(-0.000977, 0.067360, -0.024538, 0.999864, 0.006038, -0.015367, -0.005978, 0.999974, 0.003996, 0.015391, -0.003903, 0.999874),
      ["LeftFoot"] = CFrame.new(0.000001, -4.473068, -0.000017, -0.310296, -0.722495, -0.617855, 0.941648, -0.322782, -0.095466, -0.130442, -0.611402, 0.780475),
      ["LeftHand"] = CFrame.new(0.000500, 0.000100, 0.000002, 0.998554, 0.049751, -0.020373, -0.049329, 0.998568, 0.020722, 0.021375, -0.019686, 0.999578),
      ["LeftLowerArm"] = CFrame.new(0.005666, -0.026590, 0.010736, 1.000000, -0.000000, -0.000000, 0.000000, 0.997995, -0.063290, 0.000000, 0.063290, 0.997995),
      ["LeftLowerLeg"] = CFrame.new(0.509026, -4.412477, 0.379617, 1.000000, -0.000000, 0.000000, 0.000000, 1.000000, -0.000007, 0.000000, -0.000010, 1.000000),
      ["LeftUpperArm"] = CFrame.new(0.041033, -0.257266, 0.002814, 0.837661, 0.542271, 0.065313, -0.440142, 0.599370, 0.668603, 0.323417, -0.588810, 0.740746),
      ["LeftUpperLeg"] = CFrame.new(0.002386, -0.375977, -0.077589, -0.334983, 0.937254, -0.096628, -0.682840, -0.312158, -0.660518, -0.649243, -0.155279, 0.744567),
      ["LowerTorso"] = CFrame.new(0.414842, -4.847260, 13.051501, 0.998325, 0.014473, -0.056019, -0.011143, 0.998178, 0.059294, 0.056775, -0.058571, 0.996668),
      ["RightFoot"] = CFrame.new(0.000000, -4.660309, -0.000114, -0.321570, 0.718857, 0.616336, -0.937024, -0.335293, -0.097820, 0.136305, -0.608953, 0.781384),
      ["RightHand"] = CFrame.new(-0.000500, 0.000001, 0.000002, 0.999992, -0.003397, 0.002252, 0.003462, 0.999559, -0.029487, -0.002151, 0.029495, 0.999563),
      ["RightLowerArm"] = CFrame.new(-0.011635, -0.042653, -0.003748, 1.000000, 0.000000, 0.000000, -0.000000, 0.999962, 0.008770, -0.000000, -0.008770, 0.999962),
      ["RightLowerLeg"] = CFrame.new(-0.534623, -4.603795, 0.349972, 1.000000, -0.000000, 0.000000, 0.000000, 1.000000, -0.000014, -0.000000, -0.000017, 1.000000),
      ["RightUpperArm"] = CFrame.new(-0.092034, 0.119399, 0.154176, 0.870782, -0.476675, 0.120497, 0.244774, 0.632840, 0.734574, -0.426408, -0.610160, 0.667743),
      ["RightUpperLeg"] = CFrame.new(-0.005489, -0.602215, -0.031442, -0.282880, -0.940798, 0.186725, 0.711620, -0.336404, -0.616809, 0.643098, -0.041602, 0.764644),
      ["UpperTorso"] = CFrame.new(-0.022587, 0.124796, 0.102046, 0.995432, 0.088690, 0.035350, -0.007451, 0.441289, -0.897334, -0.095184, 0.892972, 0.439934)
    }},
    {Time = 0.117, Data = {
      ["Head"] = CFrame.new(-0.000977, 0.067362, -0.024537, 0.999864, 0.006038, -0.015367, -0.005978, 0.999974, 0.003996, 0.015391, -0.003903, 0.999874),
      ["LeftFoot"] = CFrame.new(-0.000000, -4.471771, -0.000017, -0.310060, -0.722552, -0.617907, 0.941754, -0.322466, -0.095492, -0.130239, -0.611502, 0.780431),
      ["LeftHand"] = CFrame.new(0.000500, 0.000100, 0.000000, 0.998554, 0.049751, -0.020374, -0.049329, 0.998568, 0.020722, 0.021375, -0.019686, 0.999578),
      ["LeftLowerArm"] = CFrame.new(0.005666, -0.026591, 0.010736, 1.000000, -0.000000, -0.000000, 0.000000, 0.997995, -0.063290, 0.000000, 0.063290, 0.997995),
      ["LeftLowerLeg"] = CFrame.new(0.509189, -4.411191, 0.379521, 1.000000, -0.000000, -0.000000, -0.000000, 1.000000, -0.000007, -0.000000, -0.000010, 1.000000),
      ["LeftUpperArm"] = CFrame.new(0.041007, -0.257477, 0.002891, 0.837401, 0.542658, 0.065438, -0.440595, 0.599307, 0.668362, 0.323475, -0.588518, 0.740952),
      ["LeftUpperLeg"] = CFrame.new(0.002386, -0.375978, -0.077588, -0.334749, 0.937358, -0.096427, -0.682892, -0.311841, -0.660613, -0.649308, -0.155289, 0.744508),
      ["LowerTorso"] = CFrame.new(0.414835, -4.842927, 13.049509, 0.998325, 0.014473, -0.056019, -0.011143, 0.998178, 0.059294, 0.056775, -0.058571, 0.996668),
      ["RightFoot"] = CFrame.new(-0.000001, -4.660405, -0.000114, -0.321363, 0.718907, 0.616384, -0.937118, -0.335027, -0.097830, 0.136145, -0.609039, 0.781345),
      ["RightHand"] = CFrame.new(-0.000500, 0.000001, -0.000001, 0.999992, -0.003397, 0.002252, 0.003462, 0.999559, -0.029487, -0.002151, 0.029495, 0.999563),
      ["RightLowerArm"] = CFrame.new(-0.011635, -0.042653, -0.003746, 1.000000, -0.000000, 0.000000, -0.000000, 0.999962, 0.008770, -0.000000, -0.008770, 0.999962),
      ["RightLowerLeg"] = CFrame.new(-0.534949, -4.603892, 0.349990, 1.000000, 0.000000, 0.000000, 0.000000, 1.000000, -0.000014, -0.000000, -0.000017, 1.000000),
      ["RightUpperArm"] = CFrame.new(-0.092006, 0.119031, 0.154277, 0.870538, -0.477174, 0.120285, 0.245371, 0.632779, 0.734428, -0.426564, -0.609833, 0.667942),
      ["RightUpperLeg"] = CFrame.new(-0.005489, -0.602216, -0.031441, -0.282671, -0.940893, 0.186564, 0.711671, -0.336139, -0.616895, 0.643134, -0.041603, 0.764614),
      ["UpperTorso"] = CFrame.new(-0.022576, 0.124215, 0.101972, 0.995432, 0.088678, 0.035365, -0.007464, 0.441594, -0.897184, -0.095177, 0.892822, 0.440238)
    }},
    {Time = 0.133, Data = {
      ["Head"] = CFrame.new(-0.000977, 0.067360, -0.024537, 0.999864, 0.006038, -0.015367, -0.005978, 0.999974, 0.003996, 0.015391, -0.003903, 0.999874),
      ["LeftFoot"] = CFrame.new(0.000000, -4.470283, -0.000018, -0.309793, -0.722617, -0.617966, 0.941874, -0.322107, -0.095522, -0.130008, -0.611615, 0.780381),
      ["LeftHand"] = CFrame.new(0.000501, 0.000099, -0.000001, 0.998554, 0.049751, -0.020373, -0.049329, 0.998568, 0.020722, 0.021375, -0.019686, 0.999578),
      ["LeftLowerArm"] = CFrame.new(0.005666, -0.026590, 0.010736, 1.000000, -0.000000, -0.000000, -0.000000, 0.997995, -0.063290, 0.000000, 0.063290, 0.997995),
      ["LeftLowerLeg"] = CFrame.new(0.509374, -4.409717, 0.379425, 1.000000, 0.000000, 0.000000, 0.000000, 1.000000, -0.000007, -0.000000, -0.000010, 1.000000),
      ["LeftUpperArm"] = CFrame.new(0.040977, -0.257722, 0.002978, 0.837101, 0.543103, 0.065580, -0.441115, 0.599233, 0.668085, 0.323541, -0.588183, 0.741189),
      ["LeftUpperLeg"] = CFrame.new(0.002386, -0.375978, -0.077588, -0.334484, 0.937477, -0.096198, -0.682952, -0.311480, -0.660722, -0.649382, -0.155300, 0.744441),
      ["LowerTorso"] = CFrame.new(0.414828, -4.837992, 13.047215, 0.998325, 0.014473, -0.056019, -0.011143, 0.998178, 0.059294, 0.056775, -0.058571, 0.996668),
      ["RightFoot"] = CFrame.new(-0.000000, -4.660512, -0.000115, -0.321129, 0.718965, 0.616439, -0.937225, -0.334725, -0.097842, 0.135963, -0.609137, 0.781300),
      ["RightHand"] = CFrame.new(-0.000500, 0.000000, 0.000001, 0.999992, -0.003397, 0.002252, 0.003462, 0.999559, -0.029487, -0.002151, 0.029495, 0.999563),
      ["RightLowerArm"] = CFrame.new(-0.011635, -0.042653, -0.003748, 1.000000, -0.000000, 0.000000, -0.000000, 0.999962, 0.008770, -0.000000, -0.008770, 0.999962),
      ["RightLowerLeg"] = CFrame.new(-0.535317, -4.603997, 0.349987, 1.000000, 0.000000, 0.000000, 0.000000, 1.000000, -0.000014, -0.000000, -0.000018, 1.000000),
      ["RightUpperArm"] = CFrame.new(-0.091973, 0.118605, 0.154390, 0.870257, -0.477749, 0.120041, 0.246058, 0.632707, 0.734259, -0.426742, -0.609457, 0.668172),
      ["RightUpperLeg"] = CFrame.new(-0.005489, -0.602216, -0.031441, -0.282433, -0.941001, 0.186379, 0.711729, -0.335837, -0.616993, 0.643175, -0.041605, 0.764580),
      ["UpperTorso"] = CFrame.new(-0.022564, 0.123560, 0.101891, 0.995433, 0.088664, 0.035382, -0.007480, 0.441944, -0.897012, -0.095169, 0.892650, 0.440589)
    }},
    {Time = 0.150, Data = {
      ["Head"] = CFrame.new(-0.000977, 0.067360, -0.024537, 0.999864, 0.006038, -0.015367, -0.005978, 0.999974, 0.003996, 0.015391, -0.003903, 0.999874),
      ["LeftFoot"] = CFrame.new(0.000001, -4.468613, -0.000016, -0.309493, -0.722689, -0.618031, 0.942008, -0.321705, -0.095555, -0.129750, -0.611741, 0.780325),
      ["LeftHand"] = CFrame.new(0.000500, 0.000100, 0.000001, 0.998554, 0.049751, -0.020374, -0.049329, 0.998568, 0.020722, 0.021375, -0.019686, 0.999578),
      ["LeftLowerArm"] = CFrame.new(0.005665, -0.026590, 0.010735, 1.000000, 0.000000, -0.000000, -0.000000, 0.997995, -0.063290, 0.000000, 0.063290, 0.997995),
      ["LeftLowerLeg"] = CFrame.new(0.509588, -4.408066, 0.379320, 1.000000, -0.000000, -0.000000, 0.000000, 1.000000, -0.000007, 0.000000, -0.000010, 1.000000),
      ["LeftUpperArm"] = CFrame.new(0.040943, -0.258000, 0.003076, 0.836763, 0.543605, 0.065741, -0.441703, 0.599149, 0.667772, 0.323615, -0.587804, 0.741457),
      ["LeftUpperLeg"] = CFrame.new(0.002386, -0.375978, -0.077587, -0.334188, 0.937608, -0.095943, -0.683019, -0.311076, -0.660843, -0.649464, -0.155313, 0.744366),
      ["LowerTorso"] = CFrame.new(0.414819, -4.832471, 13.044621, 0.998325, 0.014473, -0.056019, -0.011143, 0.998178, 0.059294, 0.056775, -0.058571, 0.996668),
      ["RightFoot"] = CFrame.new(0.000000, -4.660636, -0.000116, -0.320867, 0.719029, 0.616500, -0.937344, -0.334387, -0.097855, 0.135760, -0.609247, 0.781250),
      ["RightHand"] = CFrame.new(-0.000500, 0.000000, 0.000000, 0.999992, -0.003397, 0.002252, 0.003462, 0.999559, -0.029487, -0.002151, 0.029495, 0.999563),
      ["RightLowerArm"] = CFrame.new(-0.011635, -0.042652, -0.003746, 1.000000, 0.000000, 0.000000, -0.000000, 0.999962, 0.008770, -0.000000, -0.008770, 0.999962),
      ["RightLowerLeg"] = CFrame.new(-0.535737, -4.604121, 0.350008, 1.000000, 0.000000, 0.000000, 0.000000, 1.000000, -0.000014, -0.000000, -0.000017, 1.000000),
      ["RightUpperArm"] = CFrame.new(-0.091936, 0.118123, 0.154518, 0.869938, -0.478397, 0.119766, 0.246834, 0.632626, 0.734069, -0.426943, -0.609032, 0.668431),
      ["RightUpperLeg"] = CFrame.new(-0.005489, -0.602216, -0.031440, -0.282168, -0.941121, 0.186174, 0.711793, -0.335499, -0.617103, 0.643220, -0.041606, 0.764542),
      ["UpperTorso"] = CFrame.new(-0.022550, 0.122832, 0.101797, 0.995434, 0.088648, 0.035402, -0.007498, 0.442338, -0.896817, -0.095160, 0.892456, 0.440983)
    }},
    {Time = 0.167, Data = {
      ["Head"] = CFrame.new(-0.000977, 0.067360, -0.024536, 0.999864, 0.006038, -0.015367, -0.005978, 0.999974, 0.003996, 0.015391, -0.003903, 0.999874),
      ["LeftFoot"] = CFrame.new(-0.000000, -4.466762, -0.000018, -0.309163, -0.722768, -0.618104, 0.942155, -0.321262, -0.095592, -0.129466, -0.611880, 0.780263),
      ["LeftHand"] = CFrame.new(0.000500, 0.000100, 0.000000, 0.998554, 0.049751, -0.020374, -0.049329, 0.998568, 0.020722, 0.021375, -0.019686, 0.999578),
      ["LeftLowerArm"] = CFrame.new(0.005665, -0.026591, 0.010733, 1.000000, -0.000000, -0.000000, 0.000000, 0.997995, -0.063291, 0.000000, 0.063290, 0.997995),
      ["LeftLowerLeg"] = CFrame.new(0.509823, -4.406234, 0.379193, 1.000000, 0.000000, -0.000000, -0.000000, 1.000000, -0.000007, -0.000000, -0.000010, 1.000000),
      ["LeftUpperArm"] = CFrame.new(0.040905, -0.258306, 0.003186, 0.836385, 0.544164, 0.065920, -0.442357, 0.599055, 0.667423, 0.323698, -0.587382, 0.741756),
      ["LeftUpperLeg"] = CFrame.new(0.002386, -0.375977, -0.077589, -0.333861, 0.937754, -0.095661, -0.683092, -0.310631, -0.660977, -0.649556, -0.155328, 0.744284),
      ["LowerTorso"] = CFrame.new(0.414809, -4.826383, 13.041729, 0.998325, 0.014473, -0.056019, -0.011143, 0.998178, 0.059294, 0.056775, -0.058571, 0.996668),
      ["RightFoot"] = CFrame.new(0.000001, -4.660775, -0.000115, -0.320579, 0.719100, 0.616568, -0.937475, -0.334016, -0.097869, 0.135536, -0.609367, 0.781195),
      ["RightHand"] = CFrame.new(-0.000500, 0.000000, -0.000000, 0.999992, -0.003397, 0.002252, 0.003462, 0.999559, -0.029487, -0.002151, 0.029495, 0.999563),
      ["RightLowerArm"] = CFrame.new(-0.011635, -0.042653, -0.003747, 1.000000, 0.000000, 0.000000, -0.000000, 0.999962, 0.008770, -0.000000, -0.008770, 0.999962),
      ["RightLowerLeg"] = CFrame.new(-0.536207, -4.604255, 0.350020, 1.000000, 0.000000, 0.000000, 0.000000, 1.000000, -0.000014, -0.000000, -0.000017, 1.000000),
      ["RightUpperArm"] = CFrame.new(-0.091894, 0.117590, 0.154663, 0.869583, -0.479119, 0.119459, 0.247699, 0.632536, 0.733856, -0.427167, -0.608558, 0.668719),
      ["RightUpperLeg"] = CFrame.new(-0.005489, -0.602216, -0.031442, -0.281876, -0.941253, 0.185947, 0.711864, -0.335128, -0.617223, 0.643270, -0.041609, 0.764499),
      ["UpperTorso"] = CFrame.new(-0.022534, 0.122037, 0.101693, 0.995435, 0.088630, 0.035423, -0.007518, 0.442778, -0.896600, -0.095150, 0.892240, 0.441423)
    }},
    {Time = 0.183, Data = {
      ["Head"] = CFrame.new(-0.000977, 0.067361, -0.024537, 0.999864, 0.006038, -0.015367, -0.005978, 0.999974, 0.003996, 0.015391, -0.003903, 0.999874),
      ["LeftFoot"] = CFrame.new(0.000001, -4.464731, -0.000016, -0.308804, -0.722854, -0.618183, 0.942316, -0.320779, -0.095632, -0.129155, -0.612032, 0.780195),
      ["LeftHand"] = CFrame.new(0.000500, 0.000100, -0.000000, 0.998554, 0.049751, -0.020374, -0.049329, 0.998568, 0.020722, 0.021375, -0.019686, 0.999578),
      ["LeftLowerArm"] = CFrame.new(0.005666, -0.026590, 0.010736, 1.000000, -0.000000, -0.000000, -0.000000, 0.997995, -0.063291, 0.000000, 0.063290, 0.997995),
      ["LeftLowerLeg"] = CFrame.new(0.510083, -4.404220, 0.379064, 1.000000, -0.000000, -0.000000, 0.000000, 1.000000, -0.000007, 0.000000, -0.000010, 1.000000),
      ["LeftUpperArm"] = CFrame.new(0.040863, -0.258644, 0.003305, 0.835968, 0.544780, 0.066117, -0.443078, 0.598951, 0.667038, 0.323788, -0.586917, 0.742084),
      ["LeftUpperLeg"] = CFrame.new(0.002386, -0.375978, -0.077589, -0.333505, 0.937912, -0.095353, -0.683171, -0.310145, -0.661123, -0.649655, -0.155343, 0.744194),
      ["LowerTorso"] = CFrame.new(0.414799, -4.819742, 13.038540, 0.998325, 0.014473, -0.056019, -0.011143, 0.998178, 0.059294, 0.056775, -0.058571, 0.996668),
      ["RightFoot"] = CFrame.new(0.000001, -4.660928, -0.000115, -0.320265, 0.719177, 0.616641, -0.937617, -0.333611, -0.097885, 0.135292, -0.609498, 0.781135),
      ["RightHand"] = CFrame.new(-0.000500, 0.000001, 0.000002, 0.999992, -0.003397, 0.002252, 0.003462, 0.999559, -0.029487, -0.002151, 0.029495, 0.999563),
      ["RightLowerArm"] = CFrame.new(-0.011635, -0.042653, -0.003748, 1.000000, 0.000000, 0.000000, -0.000000, 0.999962, 0.008770, -0.000000, -0.008770, 0.999962),
      ["RightLowerLeg"] = CFrame.new(-0.536726, -4.604404, 0.350037, 1.000000, -0.000000, 0.000000, 0.000000, 1.000000, -0.000014, 0.000000, -0.000017, 1.000000),
      ["RightUpperArm"] = CFrame.new(-0.091847, 0.117002, 0.154819, 0.869190, -0.479915, 0.119122, 0.248651, 0.632435, 0.733621, -0.427412, -0.608036, 0.669037),
      ["RightUpperLeg"] = CFrame.new(-0.005489, -0.602216, -0.031441, -0.281559, -0.941397, 0.185700, 0.711941, -0.334723, -0.617354, 0.643324, -0.041611, 0.764454),
      ["UpperTorso"] = CFrame.new(-0.022518, 0.121178, 0.101581, 0.995435, 0.088611, 0.035447, -0.007539, 0.443262, -0.896360, -0.095139, 0.892002, 0.441907)
    }},
    {Time = 0.200, Data = {
      ["Head"] = CFrame.new(-0.000977, 0.067361, -0.024537, 0.999864, 0.006038, -0.015367, -0.005978, 0.999974, 0.003996, 0.015391, -0.003903, 0.999874),
      ["LeftFoot"] = CFrame.new(-0.000000, -4.462523, -0.000018, -0.308416, -0.722947, -0.618268, 0.942489, -0.320257, -0.095675, -0.128820, -0.612195, 0.780123),
      ["LeftHand"] = CFrame.new(0.000500, 0.000100, -0.000001, 0.998554, 0.049751, -0.020374, -0.049329, 0.998568, 0.020722, 0.021375, -0.019686, 0.999578),
      ["LeftLowerArm"] = CFrame.new(0.005665, -0.026591, 0.010735, 1.000000, -0.000000, -0.000000, 0.000000, 0.997995, -0.063291, 0.000000, 0.063290, 0.997995),
      ["LeftLowerLeg"] = CFrame.new(0.510368, -4.402031, 0.378918, 1.000000, 0.000000, 0.000000, 0.000000, 1.000000, -0.000007, 0.000000, -0.000010, 1.000000),
      ["LeftUpperArm"] = CFrame.new(0.040816, -0.259015, 0.003435, 0.835513, 0.545452, 0.066331, -0.443864, 0.598837, 0.666617, 0.323886, -0.586410, 0.742443),
      ["LeftUpperLeg"] = CFrame.new(0.002386, -0.375978, -0.077588, -0.333121, 0.938082, -0.095021, -0.683257, -0.309622, -0.661280, -0.649762, -0.155360, 0.744097),
      ["LowerTorso"] = CFrame.new(0.414787, -4.812569, 13.035055, 0.998325, 0.014473, -0.056019, -0.011143, 0.998178, 0.059294, 0.056775, -0.058571, 0.996668),
      ["RightFoot"] = CFrame.new(0.000001, -4.661094, -0.000115, -0.319927, 0.719260, 0.616720, -0.937771, -0.333174, -0.097903, 0.135028, -0.609640, 0.781070),
      ["RightHand"] = CFrame.new(-0.000500, -0.000000, 0.000001, 0.999992, -0.003397, 0.002252, 0.003462, 0.999559, -0.029487, -0.002151, 0.029495, 0.999563),
      ["RightLowerArm"] = CFrame.new(-0.011635, -0.042652, -0.003745, 1.000000, -0.000000, 0.000000, -0.000000, 0.999962, 0.008770, -0.000000, -0.008770, 0.999962),
      ["RightLowerLeg"] = CFrame.new(-0.537284, -4.604566, 0.350060, 1.000000, 0.000000, 0.000000, 0.000000, 1.000000, -0.000014, -0.000000, -0.000017, 1.000000),
      ["RightUpperArm"] = CFrame.new(-0.091796, 0.116356, 0.154988, 0.868761, -0.480783, 0.118754, 0.249690, 0.632323, 0.733364, -0.427680, -0.607466, 0.669384),
      ["RightUpperLeg"] = CFrame.new(-0.005489, -0.602216, -0.031442, -0.281216, -0.941552, 0.185433, 0.712023, -0.334287, -0.617495, 0.643382, -0.041614, 0.764405),
      ["UpperTorso"] = CFrame.new(-0.022500, 0.120259, 0.101459, 0.995436, 0.088590, 0.035473, -0.007563, 0.443790, -0.896099, -0.095127, 0.891741, 0.442434)
    }},
    {Time = 0.217, Data = {
      ["Head"] = CFrame.new(-0.000977, 0.067360, -0.024538, 0.999864, 0.006038, -0.015367, -0.005978, 0.999974, 0.003996, 0.015391, -0.003903, 0.999874),
      ["LeftFoot"] = CFrame.new(-0.000000, -4.460145, -0.000016, -0.308000, -0.723047, -0.618358, 0.942674, -0.319698, -0.095722, -0.128460, -0.612369, 0.780045),
      ["LeftHand"] = CFrame.new(0.000500, 0.000100, -0.000000, 0.998554, 0.049751, -0.020374, -0.049329, 0.998568, 0.020722, 0.021375, -0.019686, 0.999578),
      ["LeftLowerArm"] = CFrame.new(0.005666, -0.026591, 0.010734, 1.000000, -0.000000, -0.000000, 0.000000, 0.997995, -0.063290, 0.000000, 0.063290, 0.997995),
      ["LeftLowerLeg"] = CFrame.new(0.510675, -4.399679, 0.378775, 1.000000, 0.000000, -0.000000, -0.000000, 1.000000, -0.000007, 0.000000, -0.000010, 1.000000),
      ["LeftUpperArm"] = CFrame.new(0.040765, -0.259415, 0.003576, 0.835019, 0.546179, 0.066563, -0.444716, 0.598713, 0.666161, 0.323992, -0.585859, 0.742831),
      ["LeftUpperLeg"] = CFrame.new(0.002386, -0.375977, -0.077590, -0.332710, 0.938264, -0.094664, -0.683349, -0.309060, -0.661447, -0.649876, -0.155379, 0.743993),
      ["LowerTorso"] = CFrame.new(0.414775, -4.804878, 13.031276, 0.998325, 0.014473, -0.056019, -0.011143, 0.998178, 0.059294, 0.056775, -0.058571, 0.996668),
      ["RightFoot"] = CFrame.new(0.000001, -4.661272, -0.000116, -0.319565, 0.719348, 0.616805, -0.937935, -0.332706, -0.097922, 0.134746, -0.609791, 0.781001),
      ["RightHand"] = CFrame.new(-0.000500, 0.000000, -0.000001, 0.999992, -0.003397, 0.002252, 0.003462, 0.999559, -0.029487, -0.002151, 0.029495, 0.999563),
      ["RightLowerArm"] = CFrame.new(-0.011635, -0.042653, -0.003747, 1.000000, 0.000000, 0.000000, -0.000000, 0.999962, 0.008770, -0.000000, -0.008770, 0.999962),
      ["RightLowerLeg"] = CFrame.new(-0.537889, -4.604733, 0.350085, 1.000000, -0.000000, 0.000000, -0.000000, 1.000000, -0.000014, -0.000000, -0.000017, 1.000000),
      ["RightUpperArm"] = CFrame.new(-0.091739, 0.115659, 0.155172, 0.868294, -0.481723, 0.118356, 0.250815, 0.632201, 0.733085, -0.427969, -0.606848, 0.669760),
      ["RightUpperLeg"] = CFrame.new(-0.005489, -0.602216, -0.031443, -0.280850, -0.941718, 0.185147, 0.712111, -0.333819, -0.617647, 0.643445, -0.041618, 0.764352),
      ["UpperTorso"] = CFrame.new(-0.022481, 0.119283, 0.101328, 0.995437, 0.088567, 0.035500, -0.007588, 0.444360, -0.895816, -0.095114, 0.891459, 0.443005)
    }},
    {Time = 0.233, Data = {
      ["Head"] = CFrame.new(-0.000977, 0.067361, -0.024537, 0.999864, 0.006038, -0.015367, -0.005978, 0.999974, 0.003996, 0.015391, -0.003903, 0.999874),
      ["LeftFoot"] = CFrame.new(0.000000, -4.457600, -0.000018, -0.307558, -0.723152, -0.618455, 0.942870, -0.319103, -0.095772, -0.128076, -0.612555, 0.779962),
      ["LeftHand"] = CFrame.new(0.000500, 0.000100, 0.000001, 0.998554, 0.049751, -0.020374, -0.049329, 0.998568, 0.020722, 0.021375, -0.019686, 0.999578),
      ["LeftLowerArm"] = CFrame.new(0.005666, -0.026590, 0.010736, 1.000000, -0.000000, -0.000000, 0.000000, 0.997995, -0.063290, 0.000000, 0.063290, 0.997995),
      ["LeftLowerLeg"] = CFrame.new(0.511007, -4.397156, 0.378612, 1.000000, -0.000000, -0.000000, 0.000000, 1.000000, -0.000007, -0.000000, -0.000010, 1.000000),
      ["LeftUpperArm"] = CFrame.new(0.040710, -0.259845, 0.003728, 0.834487, 0.546962, 0.066812, -0.445632, 0.598578, 0.665670, 0.324105, -0.585267, 0.743249),
      ["LeftUpperLeg"] = CFrame.new(0.002386, -0.375978, -0.077588, -0.332272, 0.938457, -0.094284, -0.683446, -0.308462, -0.661626, -0.649997, -0.155399, 0.743883),
      ["LowerTorso"] = CFrame.new(0.414762, -4.796688, 13.027204, 0.998325, 0.014473, -0.056019, -0.011143, 0.998178, 0.059294, 0.056775, -0.058571, 0.996668),
      ["RightFoot"] = CFrame.new(0.000001, -4.661467, -0.000114, -0.319180, 0.719441, 0.616896, -0.938109, -0.332209, -0.097942, 0.134445, -0.609952, 0.780927),
      ["RightHand"] = CFrame.new(-0.000500, -0.000000, -0.000001, 0.999992, -0.003397, 0.002252, 0.003462, 0.999559, -0.029487, -0.002151, 0.029495, 0.999563),
      ["RightLowerArm"] = CFrame.new(-0.011635, -0.042652, -0.003747, 1.000000, 0.000000, 0.000000, -0.000000, 0.999962, 0.008770, -0.000000, -0.008770, 0.999962),
      ["RightLowerLeg"] = CFrame.new(-0.538546, -4.604928, 0.350115, 1.000000, -0.000000, -0.000000, 0.000000, 1.000000, -0.000014, -0.000000, -0.000017, 1.000000),
      ["RightUpperArm"] = CFrame.new(-0.091677, 0.114911, 0.155372, 0.867790, -0.482735, 0.117927, 0.252027, 0.632068, 0.732784, -0.428278, -0.606182, 0.670165),
      ["RightUpperLeg"] = CFrame.new(-0.005489, -0.602216, -0.031441, -0.280460, -0.941894, 0.184842, 0.712204, -0.333322, -0.617807, 0.643511, -0.041622, 0.764295),
      ["UpperTorso"] = CFrame.new(-0.022460, 0.118255, 0.101188, 0.995439, 0.088542, 0.035530, -0.007616, 0.444974, -0.895511, -0.095100, 0.891156, 0.443619)
    }},
    {Time = 0.250, Data = {
      ["Head"] = CFrame.new(-0.000977, 0.067361, -0.024536, 0.999864, 0.006038, -0.015367, -0.005978, 0.999974, 0.003996, 0.015391, -0.003903, 0.999874),
      ["LeftFoot"] = CFrame.new(-0.000000, -4.454885, -0.000018, -0.307090, -0.723264, -0.618557, 0.943078, -0.318473, -0.095825, -0.127670, -0.612751, 0.779875),
      ["LeftHand"] = CFrame.new(0.000499, 0.000100, 0.000000, 0.998554, 0.049751, -0.020373, -0.049329, 0.998568, 0.020722, 0.021375, -0.019686, 0.999578),
      ["LeftLowerArm"] = CFrame.new(0.005666, -0.026590, 0.010734, 1.000000, -0.000000, -0.000000, -0.000000, 0.997995, -0.063291, 0.000000, 0.063290, 0.997995),
      ["LeftLowerLeg"] = CFrame.new(0.511361, -4.394462, 0.378437, 1.000000, -0.000000, 0.000000, 0.000000, 1.000000, -0.000007, 0.000000, -0.000010, 1.000000),
      ["LeftUpperArm"] = CFrame.new(0.040650, -0.260306, 0.003890, 0.833916, 0.547800, 0.067077, -0.446612, 0.598432, 0.665144, 0.324225, -0.584632, 0.743696),
      ["LeftUpperLeg"] = CFrame.new(0.002386, -0.375978, -0.077589, -0.331808, 0.938662, -0.093882, -0.683549, -0.307829, -0.661815, -0.650126, -0.155421, 0.743766),
      ["LowerTorso"] = CFrame.new(0.414747, -4.788014, 13.022839, 0.998325, 0.014473, -0.056019, -0.011143, 0.998178, 0.059294, 0.056775, -0.058571, 0.996668),
      ["RightFoot"] = CFrame.new(0.000000, -4.661675, -0.000116, -0.318774, 0.719540, 0.616991, -0.938293, -0.331683, -0.097964, 0.134127, -0.610122, 0.780849),
      ["RightHand"] = CFrame.new(-0.000500, -0.000000, 0.000001, 0.999992, -0.003397, 0.002252, 0.003462, 0.999559, -0.029487, -0.002151, 0.029495, 0.999563),
      ["RightLowerArm"] = CFrame.new(-0.011635, -0.042654, -0.003749, 1.000000, 0.000000, 0.000000, -0.000000, 0.999962, 0.008770, -0.000000, -0.008770, 0.999962),
      ["RightLowerLeg"] = CFrame.new(-0.539244, -4.605127, 0.350138, 1.000000, 0.000000, 0.000000, 0.000000, 1.000000, -0.000014, -0.000000, -0.000017, 1.000000),
      ["RightUpperArm"] = CFrame.new(-0.091610, 0.114109, 0.155585, 0.867249, -0.483818, 0.117470, 0.253324, 0.631925, 0.732460, -0.428609, -0.605468, 0.670599),
      ["RightUpperLeg"] = CFrame.new(-0.005489, -0.602216, -0.031443, -0.280049, -0.942080, 0.184519, 0.712303, -0.332796, -0.617977, 0.643582, -0.041627, 0.764236),
      ["UpperTorso"] = CFrame.new(-0.022438, 0.117177, 0.101038, 0.995440, 0.088516, 0.035562, -0.007645, 0.445630, -0.895184, -0.095085, 0.890830, 0.444275)
    }},
    {Time = 0.267, Data = {
      ["Head"] = CFrame.new(-0.000977, 0.067361, -0.024537, 0.999864, 0.006038, -0.015367, -0.005978, 0.999974, 0.003996, 0.015391, -0.003903, 0.999874),
      ["LeftFoot"] = CFrame.new(0.000000, -4.452012, -0.000016, -0.306598, -0.723381, -0.618665, 0.943296, -0.317810, -0.095881, -0.127242, -0.612958, 0.779782),
      ["LeftHand"] = CFrame.new(0.000500, 0.000100, 0.000000, 0.998554, 0.049751, -0.020374, -0.049329, 0.998568, 0.020722, 0.021375, -0.019686, 0.999578),
      ["LeftLowerArm"] = CFrame.new(0.005665, -0.026591, 0.010734, 1.000000, -0.000000, -0.000000, 0.000000, 0.997995, -0.063291, 0.000000, 0.063290, 0.997995),
