return {
    ["Unification"] = {
        {Time = 0.000, Data = {
            ["LeftFoot"] = CFrame.new(-3.5390257835388184e-08, 5.960464477539063e-08, 5.587935447692871e-09, 0.979045569896698, 0.20359766483306885, -0.004239373840391636, -0.18586906790733337, 0.8849021792411804, -0.42708393931388855, -0.08320179581642151, 0.4189227223396301, 0.9042021632194519),
            ["LeftLowerArm"] = CFrame.new(8.940696716308594e-08, 9.5367431640625e-07, -8.195638656616211e-08, 1, 0, 2.607702853651972e-08, 3.725290653733282e-08, 0.7845959663391113, -0.6200075745582581, 2.51457130673316e-08, 0.6200075149536133, 0.7845958471298218),
            ["LowerTorso"] = CFrame.new(0.0994076281785965, -0.23054397106170654, -0.13692599534988403, 0.9730228781700134, 0.056664783507585526, -0.22364169359207153, -0.054993707686662674, 0.9983927607536316, 0.013698562979698181, 0.22405846416950226, -0.0010301293805241585, 0.9745751619338989),
            ["Head"] = CFrame.new(-2.2351741790771484e-08, -1.1920928955078125e-07, -7.450580596923828e-09, 0.9785251021385193, -0.15933451056480408, 0.13077186048030853, 0.11665484309196472, 0.9511142373085022, 0.2859607934951782, -0.16994236409664154, -0.264564573764801, 0.9492761492729187),
            ["RightUpperArm"] = CFrame.new(-5.960464477539063e-08, 2.384185791015625e-07, 4.470348358154297e-08, 0.8347076177597046, -0.44807368516921997, -0.32014569640159607, 0.4837654232978821, 0.8743934035301208, 0.03751419857144356, 0.26312410831451416, -0.18618878722190857, 0.946625292301178),
            ["UpperTorso"] = CFrame.new(7.450580596923828e-09, 1.1920928955078125e-07, 2.9802322387695312e-08, 0.9792929291725159, 0.03333006799221039, -0.19968613982200623, -0.041218411177396774, 0.9985201954841614, -0.03547649830579758, 0.19820815324783325, 0.0429726280272007, 0.9792174696922302),
            ["HumanoidRootPart"] = CFrame.new(0, 0, 0, 1, 0, 0, 0, 1, 0, 0, 0, 1),
            ["RightHand"] = CFrame.new(-1.7881393432617188e-07, 2.980232238769531e-07, -8.940696716308594e-08, 0.8800244331359863, -0.3615054488182068, -0.3080112636089325, 0.40308070182800293, 0.9114972352981567, 0.0818464383482933, 0.251163512468338, -0.19618013501167297, 0.9478556513786316),
            ["LeftUpperArm"] = CFrame.new(0, -1.1920928955078125e-07, 1.1175870895385742e-08, 0.6232161521911621, 0.2150554358959198, -0.7518994808197021, -0.363134503364563, 0.9310911893844604, -0.034678928554058075, 0.6926290392875671, 0.2946530878543854, 0.65836501121521),
            ["RightLowerArm"] = CFrame.new(5.960464477539063e-08, 3.5762786865234375e-07, 3.2782554626464844e-07, 1, -4.4703494239684005e-08, 8.940698847936801e-08, 5.960465898624534e-08, 0.7325996160507202, -0.6806597709655762, 7.4505820180093e-08, 0.680659830570221, 0.732599675655365),
            ["LeftHand"] = CFrame.new(1.4901161193847656e-07, -2.980232238769531e-07, 7.078051567077637e-08, 0.7374611496925354, -0.20861241221427917, 0.6423643827438354, 0.3950401544570923, 0.9046721458435059, -0.15972384810447693, -0.5478087663650513, 0.3715498447418213, 0.7495707273483276),
            ["RightUpperLeg"] = CFrame.new(5.960464477539063e-08, 1.954831532202661e-07, 2.438173396512866e-08, 0.9269883036613464, -0.3641451895236969, -0.08995101600885391, 0.08480734378099442, 0.4370759427547455, -0.8954173922538757, 0.3653772175312042, 0.8224128484725952, 0.4360464811325073),
            ["LeftUpperLeg"] = CFrame.new(-1.1920928955078125e-07, -2.554443199187517e-07, -2.2351741790771484e-08, 0.9578779935836792, -0.16101989150047302, 0.2377869337797165, 0.25364387035369873, 0.8626524209976196, -0.43760186433792114, -0.13466481864452362, 0.47948241233825684, 0.8671574592590332),
            ["RightLowerLeg"] = CFrame.new(-9.313225746154785e-08, -0.0000035762786865234375, -0.0000133199428091757, 1, -1.862645149230957e-08, 8.381908855881193e-08, -9.685754776000977e-08, 0.022155411541461945, 0.9997545480728149, 8.568167686462402e-08, -0.9997546076774597, 0.02215600199997425),
            ["RightFoot"] = CFrame.new(6.146728992462158e-08, 4.172325134277344e-07, 4.639878170564771e-08, 0.9929887652397156, 0.07203692197799683, 0.09372304379940033, -0.08919783681631088, 0.976901650428772, 0.19418394565582275, -0.07756977528333664, -0.20118167996406555, 0.9764776229858398),
            ["LeftLowerLeg"] = CFrame.new(2.9802322387695312e-08, 0.000004112720489501953, 0.000013174489140510559, 1, -2.1606678046737215e-07, -7.450581307466564e-08, 9.685756197086448e-08, 0.6221063137054443, 0.782932698726654, -8.661300654466686e-08, -0.7829327583312988, 0.6221064329147339),
        }},
        {Time = 0.033, Data = {
            ["LeftFoot"] = CFrame.new(-3.725290298461914e-09, 5.960464477539063e-08, 1.3969838619232178e-08, 0.9788572788238525, 0.20447306334972382, -0.005400126334279776, -0.18703773617744446, 0.8840792775154114, -0.4282762110233307, -0.08279681205749512, 0.42023152112960815, 0.9036317467689514),
            ["LeftLowerArm"] = CFrame.new(-4.76837158203125e-07, 2.384185791015625e-07, -1.1175870895385742e-07, 1, -7.450579175838357e-08, 6.332992796842518e-08, 5.401669511684304e-08, 0.7732934355735779, -0.634048342704773, 5.5879340266073996e-08, 0.6340482831001282, 0.7732934355735779),
            ["LowerTorso"] = CFrame.new(0.09816911071538925, -0.22737419605255127, -0.1460583209991455, 0.9732002019882202, 0.05648425966501236, -0.2229149490594864, -0.05437600612640381, 0.9983988404273987, 0.015589306131005287, 0.22343860566616058, -0.00305029284209013, 0.9747132658958435),
            ["Head"] = CFrame.new(-1.1175870895385742e-08, 4.76837158203125e-07, 3.725290298461914e-09, 0.9748198390007019, -0.17287373542785645, 0.1408584713935852, 0.1291513293981552, 0.9526292681694031, 0.2753496468067169, -0.1817866414785385, -0.25022420287132263, 0.9509686827659607),
            ["RightUpperArm"] = CFrame.new(-1.1920928955078125e-07, 2.384185791015625e-07, -1.1175870895385742e-08, 0.8401339650154114, -0.42770159244537354, -0.3335359990596771, 0.46849942207336426, 0.8821071982383728, 0.048941098153591156, 0.2732822895050049, -0.197378471493721, 0.9414661526679993),
            ["UpperTorso"] = CFrame.new(-1.4901161193847656e-08, -1.1920928955078125e-07, -7.450580596923828e-09, 0.9779305458068848, 0.034470949321985245, -0.20606710016727448, -0.04277072846889496, 0.9984377026557922, -0.0359577052295208, 0.20450560748577118, 0.0439777709543705, 0.9778770804405212),
            ["HumanoidRootPart"] = CFrame.new(0, 0, 0, 1, 0, 0, 0, 1, 0, 0, 0, 1),
            ["RightHand"] = CFrame.new(-2.9802322387695312e-08, 2.384185791015625e-07, 1.1920928955078125e-07, 0.8690791130065918, -0.3609525263309479, -0.3382524847984314, 0.406238317489624, 0.9109521508216858, 0.07167050242424011, 0.2822621762752533, -0.19969847798347473, 0.9383223056793213),
            ["LeftUpperArm"] = CFrame.new(5.960464477539063e-08, -1.1920928955078125e-07, -3.725290298461914e-09, 0.6038126349449158, 0.20874536037445068, -0.7693086266517639, -0.36647406220436096, 0.9297562837600708, -0.035355497151613235, 0.707889199256897, 0.30327969789505005, 0.6378983855247498),
            ["RightLowerArm"] = CFrame.new(5.960464477539063e-08, 8.940696716308594e-07, 1.6391277313232422e-07, 1, -1.043081283569336e-07, 2.980232594040899e-08, 4.4703490686970326e-08, 0.7402971386909485, -0.6722797751426697, 7.450581485102248e-09, 0.6722798347473145, 0.7402971982955933),
            ["LeftHand"] = CFrame.new(-1.2665987014770508e-07, 1.1920928955078125e-07, -6.705522537231445e-08, 0.7460716366767883, -0.2153475284576416, 0.6300814151763916, 0.3933861255645752, 0.9060161709785461, -0.1561480462551117, -0.5372377634048462, 0.36436283588409424, 0.7606676816940308),
            ["RightUpperLeg"] = CFrame.new(-2.9802322387695312e-08, 3.047898644581437e-07, 1.1343217920511961e-08, 0.9409347772598267, -0.3170931935310364, -0.11871644854545593, 0.031171567738056183, 0.43026015162467957, -0.9021667838096619, 0.33715006709098816, 0.8451793193817139, 0.4147307276725769),
            ["LeftUpperLeg"] = CFrame.new(5.960464477539063e-08, 2.3248139768838882e-07, -1.1175870895385742e-08, 0.9577339291572571, -0.163498654961586, 0.23667246103286743, 0.2541826367378235, 0.8662147521972656, -0.43018996715545654, -0.13467369973659515, 0.47216540575027466, 0.8711618185043335),
            ["RightLowerLeg"] = CFrame.new(3.725290298461914e-09, -0.0000036954879760742188, -0.000013439152098726481, 1, 9.313222193441106e-08, 1.0663646321518172e-07, -1.6391273049976007e-07, 0.10420019179582596, 0.9945563077926636, 2.1513545789275668e-07, -0.9945563673973083, 0.10420059412717819),
            ["RightFoot"] = CFrame.new(-2.7939677238464355e-09, 4.76837158203125e-07, -1.3205863069742918e-08, 0.9967572689056396, 0.047295600175857544, 0.0651007741689682, -0.06260428577661514, 0.9640780091285706, 0.25813648104667664, -0.0505535863339901, -0.2613750696182251, 0.9639126658439636),
            ["LeftLowerLeg"] = CFrame.new(-1.862645149230957e-08, 0.000003993511199951172, 0.000013334210962057114, 1, 1.30385160446167e-07, 2.2351747119842003e-08, -1.7136336794010276e-07, 0.6290791034698486, 0.7773410081863403, 6.891787762697277e-08, -0.777341365814209, 0.6290795803070068),
        }},
        {Time = 0.067, Data = {
            ["LeftFoot"] = CFrame.new(1.4901161193847656e-08, 1.1920928955078125e-07, 2.7008354663848877e-08, 0.9785120487213135, 0.20608972012996674, -0.0064226556569337845, -0.18911515176296234, 0.884635329246521, -0.42621108889579773, -0.0821559876203537, 0.4182671010494232, 0.9046010375022888),
            ["LeftLowerArm"] = CFrame.new(-1.1920928955078125e-07, -4.172325134277344e-07, -1.4901161193847656e-08, 1, -9.685756197086448e-08, 2.9802318834981634e-08, 5.960465188081798e-08, 0.7650731205940247, -0.6439434885978699, 1.6763808119435453e-08, 0.6439435482025146, 0.7650730609893799),
            ["LowerTorso"] = CFrame.new(0.09516929090023041, -0.22199594974517822, -0.1538798063993454, 0.973299503326416, 0.05583186075091362, -0.22264517843723297, -0.053109560161828995, 0.9984228014945984, 0.01820068433880806, 0.2233102023601532, -0.00589012959972024, 0.9747296571731567),
            ["Head"] = CFrame.new(2.9802322387695312e-08, 2.384185791015625e-07, 7.450580596923828e-09, 0.9703350067138672, -0.1846979409456253, 0.15600250661373138, 0.13934676349163055, 0.9545655846595764, 0.2634142339229584, -0.1975667029619217, -0.23386162519454956, 0.9519854784011841),
            ["RightUpperArm"] = CFrame.new(-5.960464477539063e-08, 3.5762786865234375e-07, 3.5390257835388184e-08, 0.8632434606552124, -0.39089909195899963, -0.3193880319595337, 0.4361017048358917, 0.8961644768714905, 0.08188202977180481, 0.2542165219783783, -0.20996983349323273, 0.9440797567367554),
            ["UpperTorso"] = CFrame.new(2.2351741790771484e-08, -1.1920928955078125e-07, 1.862645149230957e-09, 0.9776988625526428, 0.0350518636405468, -0.20706577599048615, -0.04328887164592743, 0.998435914516449, -0.03538230434060097, 0.2055017054080963, 0.04355688765645027, 0.9776870608329773),
            ["HumanoidRootPart"] = CFrame.new(0, 0, 0, 1, 0, 0, 0, 1, 0, 0, 0, 1),
            ["RightHand"] = CFrame.new(4.76837158203125e-07, -5.960464477539063e-08, -5.960464477539063e-08, 0.8514792919158936, -0.3614110052585602, -0.3799542784690857, 0.414652943611145, 0.9075869917869568, 0.06594615429639816, 0.3210078775882721, -0.21370092034339905, 0.9226516485214233),
            ["LeftUpperArm"] = CFrame.new(0, -2.384185791015625e-07, 4.284083843231201e-08, 0.5894061923027039, 0.20056641101837158, -0.7825429439544678, -0.37290674448013306, 0.9268571734428406, -0.04331668093800545, 0.71661776304245, 0.31734663248062134, 0.621087908744812),
            ["RightLowerArm"] = CFrame.new(4.76837158203125e-07, 5.960464477539063e-08, -2.8312206268310547e-07, 1, -1.0430809993522416e-07, 1.4901164746561335e-08, 5.960463766996327e-08, 0.7540337443351746, -0.6568357944488525, -3.7252898543727042e-09, 0.6568356156349182, 0.7540338039398193),
            ["LeftHand"] = CFrame.new(-5.21540641784668e-07, 1.1920928955078125e-07, -1.043081283569336e-07, 0.7607197761535645, -0.23077724874019623, 0.6066692471504211, 0.39462152123451233, 0.9065197110176086, -0.1499866396188736, -0.515343964099884, 0.3535025715827942, 0.7806769609451294),
            ["RightUpperLeg"] = CFrame.new(0, -3.0401861295104027e-07, 2.8107024263590574e-08, 0.9605877995491028, -0.24381785094738007, -0.13350658118724823, -0.011411900632083416, 0.44528448581695557, -0.8953163027763367, 0.27774253487586975, 0.8615536093711853, 0.42495259642601013),
            ["LeftUpperLeg"] = CFrame.new(-1.1920928955078125e-07, 1.842854544520378e-07, 0, 0.9575148820877075, -0.16645555198192596, 0.23549523949623108, 0.25493165850639343, 0.8703173398971558, -0.42137569189071655, -0.13481518626213074, 0.4635087549686432, 0.8757765293121338),
            ["RightLowerLeg"] = CFrame.new(-4.470348358154297e-08, -0.0000035762786865234375, -0.000013275239325594157, 1, 2.607702498380604e-08, 3.725293140632857e-08, -5.960464477539063e-08, 0.22142526507377625, 0.9751774072647095, -7.450580596923828e-08, -0.9751774072647095, 0.22142551839351654),
            ["RightFoot"] = CFrame.new(7.450580596923828e-09, 3.5762786865234375e-07, 7.620110409334302e-08, 0.998447060585022, 0.033917639404535294, 0.044194165617227554, -0.04514743760228157, 0.9574039578437805, 0.28520071506500244, -0.032638419419527054, -0.28675293922424316, 0.9574484825134277),
            ["LeftLowerLeg"] = CFrame.new(6.332993507385254e-08, 0.000003993511199951172, 0.000013378681614995003, 1, 3.0174854259712447e-07, 1.1920926112907182e-07, -2.3096799850463867e-07, 0.6406134366989136, 0.7678637504577637, 1.2852251529693604e-07, -0.7678636312484741, 0.6406131386756897),
        }},
        {Time = 0.100, Data = {
            ["LeftFoot"] = CFrame.new(1.1175870895385742e-08, 5.960464477539063e-08, 1.7695128917694092e-08, 0.977957010269165, 0.20867495238780975, -0.00741012766957283, -0.19203852117061615, 0.88492351770401, -0.42430099844932556, -0.08198375999927521, 0.4163714051246643, 0.9054909348487854),
            ["LeftLowerArm"] = CFrame.new(-0.0000010132789611816406, 8.940696716308594e-07, 1.4901161193847656e-07, 1, -2.980232949312267e-08, 5.960463766996327e-08, 5.029141192380848e-08, 0.7587465643882751, -0.6513861417770386, -3.259628567064965e-09, 0.6513860821723938, 0.7587464451789856),
            ["LowerTorso"] = CFrame.new(0.09067653864622116, -0.2171717882156372, -0.1611769199371338, 0.9734143018722534, 0.05479136481881142, -0.22240179777145386, -0.05118531361222267, 0.9984479546546936, 0.021950386464595795, 0.22325928509235382, -0.009983115829527378, 0.9747080206871033),
            ["Head"] = CFrame.new(-3.725290298461914e-09, 2.384185791015625e-07, -3.725290298461914e-09, 0.9660502672195435, -0.1912633627653122, 0.17368178069591522, 0.14475205540657043, 0.9575389623641968, 0.249331533908844, -0.2139950543642044, -0.21572598814964294, 0.9527164101600647),
            ["RightUpperArm"] = CFrame.new(0, -1.1920928955078125e-07, -1.6763806343078613e-08, 0.8955569267272949, -0.3480972349643707, -0.27713918685913086, 0.39243754744529724, 0.9114789962768555, 0.12328431010246277, 0.2096916139125824, -0.21916794776916504, 0.9528877139091492),
            ["UpperTorso"] = CFrame.new(1.1175870895385742e-08, -5.364418029785156e-07, -1.6763806343078613e-08, 0.97798091173172, 0.035209909081459045, -0.205703005194664, -0.043254971504211426, 0.9984598159790039, -0.03474358096718788, 0.2041628360748291, 0.042876236140728, 0.9779975414276123),
            ["HumanoidRootPart"] = CFrame.new(0, 0, 0, 1, 0, 0, 0, 1, 0, 0, 0, 1),
            ["RightHand"] = CFrame.new(5.066394805908203e-07, 1.7881393432617188e-07, 8.940696716308594e-08, 0.8291982412338257, -0.35808417201042175, -0.4291922450065613, 0.42341458797454834, 0.9036663174629211, 0.06408797204494476, 0.3648977279663086, -0.2348679006099701, 0.9009366035461426),
            ["LeftUpperArm"] = CFrame.new(-2.384185791015625e-07, 1.1920928955078125e-07, -1.862645149230957e-09, 0.5800915956497192, 0.1894564926624298, -0.7922120690345764, -0.3799557685852051, 0.9232199192047119, -0.05743306130170822, 0.7205049991607666, 0.3343219757080078, 0.6075372099876404),
            ["RightLowerArm"] = CFrame.new(2.384185791015625e-07, 1.7881393432617188e-07, -3.0081719160079956e-07, 1, -5.960463766996327e-08, -2.9802315282267955e-08, 6.705523247774181e-08, 0.7715142965316772, -0.6362119317054749, -4.4703490686970326e-08, 0.6362119913101196, 0.7715142965316772),
            ["LeftHand"] = CFrame.new(1.7136335372924805e-07, -5.960464477539063e-08, -1.6391277313232422e-07, 0.7784543633460999, -0.2528718113899231, 0.5745124816894531, 0.39936208724975586, 0.9056499600410461, -0.1425066590309143, -0.48427125811576843, 0.3403734564781189, 0.8059946298599243),
            ["RightUpperLeg"] = CFrame.new(5.960464477539063e-08, 3.2444950193166733e-07, -2.032174961641431e-08, 0.9804349541664124, -0.16915945708751678, -0.10065962374210358, -0.014047292992472649, 0.44993850588798523, -0.892949104309082, 0.19634144008159637, 0.8768925666809082, 0.4387591779232025),
            ["LeftUpperLeg"] = CFrame.new(0, -2.2328458726406097e-07, -7.450580596923828e-09, 0.957207977771759, -0.16941948235034943, 0.23462776839733124, 0.2561650276184082, 0.8732385039329529, -0.4145285189151764, -0.13465672731399536, 0.45689335465431213, 0.8792701363563538),
            ["RightLowerLeg"] = CFrame.new(-7.450580596923828e-09, -0.000003814697265625, -0.00001287290797336027, 1, 2.2351731132630448e-08, -9.3132300094112e-08, -4.656612162534657e-08, 0.31029626727104187, 0.9506397247314453, -4.0978189730367376e-08, -0.9506398439407349, 0.3102971017360687),
            ["RightFoot"] = CFrame.new(-3.725290298461914e-08, 4.172325134277344e-07, 1.6596459317952394e-08, 0.9976374506950378, 0.04190569370985031, 0.05443747341632843, -0.0573057197034359, 0.944661557674408, 0.32300275564193726, -0.03788924217224121, -0.3253591060638428, 0.944831132888794),
            ["LeftLowerLeg"] = CFrame.new(6.332993507385254e-08, 0.000004112720489501953, 0.000013296492397785187, 1, 3.6507853451439587e-07, 1.9371512394172896e-07, -2.3469326038139116e-07, 0.6510416269302368, 0.7590419054031372, 1.471489525783909e-07, -0.7590421438217163, 0.6510417461395264),
        }},
        {Time = 0.133, Data = {
            ["LeftFoot"] = CFrame.new(1.4901161193847656e-08, 0, -1.4901161193847656e-08, 0.9772668480873108, 0.21184778213500977, -0.008372819051146507, -0.19545987248420715, 0.8849637508392334, -0.4226522147655487, -0.08212809264659882, 0.4146804213523865, 0.9062533378601074),
            ["LeftLowerArm"] = CFrame.new(-3.5762786865234375e-07, 0, 2.514570951461792e-07, 1, -2.9802322387695312e-08, 2.9802315282267955e-08, 5.029141902923584e-08, 0.7539523243904114, -0.656929075717926, 4.889443516731262e-09, 0.6569291353225708, 0.7539523839950562),
            ["LowerTorso"] = CFrame.new(0.08531703054904938, -0.21288573741912842, -0.16803646087646484, 0.9735556244850159, 0.05323434993624687, -0.22216130793094635, -0.048656780272722244, 0.9984762668609619, 0.02603137120604515, 0.22320857644081116, -0.014533336274325848, 0.9746623635292053),
            ["Head"] = CFrame.new(-3.725290298461914e-09, 0, -6.984919309616089e-09, 0.9624651670455933, -0.19210423529148102, 0.1917206197977066, 0.14499890804290771, 0.9610943794250488, 0.23510201275348663, -0.22942574322223663, -0.19847823679447174, 0.9528747200965881),
            ["RightUpperArm"] = CFrame.new(1.1920928955078125e-07, -3.5762786865234375e-07, 1.4435499906539917e-08, 0.9272873997688293, -0.30870485305786133, -0.2117534875869751, 0.34499913454055786, 0.9242863059043884, 0.1633111983537674, 0.14530596137046814, -0.2244911938905716, 0.9635818600654602),
            ["UpperTorso"] = CFrame.new(3.725290298461914e-09, -2.086162567138672e-07, -1.1175870895385742e-08, 0.9787799715995789, 0.0348498709499836, -0.20192892849445343, -0.042573727667331696, 0.9985135197639465, -0.034033045172691345, 0.20044274628162384, 0.04190773516893387, 0.9788087606430054),
            ["HumanoidRootPart"] = CFrame.new(0, 0, 0, 1, 0, 0, 0, 1, 0, 0, 0, 1),
            ["RightHand"] = CFrame.new(-2.384185791015625e-07, -5.960464477539063e-08, -5.960464477539063e-08, 0.8049986362457275, -0.34642618894577026, -0.48162874579429626, 0.42762890458106995, 0.9015199542045593, 0.0662970244884491, 0.4112309217453003, -0.25932738184928894, 0.8738641142845154),
            ["LeftUpperArm"] = CFrame.new(1.1920928955078125e-07, 1.1920928955078125e-07, 9.313225746154785e-10, 0.5755798816680908, 0.17608672380447388, -0.7985620498657227, -0.38732558488845825, 0.9187567830085754, -0.07658260315656662, 0.7201990485191345, 0.35338300466537476, 0.5970207452774048),
            ["RightLowerArm"] = CFrame.new(0, 1.1920928955078125e-07, 1.9371509552001953e-07, 1, -4.470348358154297e-08, 0, 5.2154071283894154e-08, 0.789626955986023, -0.6135873198509216, 3.3527616238870905e-08, 0.6135873198509216, 0.789626955986023),
            ["LeftHand"] = CFrame.new(2.8312206268310547e-07, 0, -7.450580596923828e-08, 0.7934566140174866, -0.277032732963562, 0.5419220924377441, 0.40750443935394287, 0.9031784534454346, -0.1349402368068695, -0.45206940174102783, 0.3279048204421997, 0.8295249938964844),
            ["RightUpperLeg"] = CFrame.new(-2.9802322387695312e-08, -5.291076377034187e-07, -1.6952981241047382e-09, 0.9957662224769592, -0.08303721994161606, -0.03942706808447838, 0.0023871015291661024, 0.4521331191062927, -0.8919472694396973, 0.09189119189977646, 0.8880768418312073, 0.4504172205924988),
            ["LeftUpperLeg"] = CFrame.new(-5.960464477539063e-08, -4.7031790018081665e-07, -1.862645149230957e-08, 0.9569061398506165, -0.17214378714561462, 0.23387421667575836, 0.25744837522506714, 0.8754855990409851, -0.4089564085006714, -0.13435430824756622, 0.4515434205532074, 0.8820757865905762),
            ["RightLowerLeg"] = CFrame.new(4.470348358154297e-08, -0.000003516674041748047, -0.000013245437003206462, 1, -3.874301341966202e-07, -2.249146149324588e-07, 3.2223769608208386e-07, 0.3730481266975403, 0.927811861038208, -1.3783576946480025e-07, -0.9278119802474976, 0.3730485439300537),
            ["RightFoot"] = CFrame.new(-2.60770320892334e-08, 2.980232238769531e-07, 1.6596459317952394e-08, 0.9951481819152832, 0.060297220945358276, 0.07774586975574493, -0.0836835503578186, 0.9342926740646362, 0.346545934677124, -0.05174174904823303, -0.3513707220554352, 0.9348056316375732),
            ["LeftLowerLeg"] = CFrame.new(2.2351741790771484e-08, 0.0000040531158447265625, 0.000013371231034398079, 1, 1.0803344707710494e-07, 3.725290298461914e-08, -6.891788473240013e-08, 0.6603394746780396, 0.7509675025939941, 3.9115558791991134e-08, -0.7509673237800598, 0.6603392362594604),
        }},
        {Time = 0.167, Data = {
            ["LeftFoot"] = CFrame.new(4.6566128730773926e-09, 5.960464477539063e-08, -5.587935447692871e-09, 0.9765230417251587, 0.21521098911762238, -0.009339626878499985, -0.1989128440618515, 0.8842317461967468, -0.4225729703903198, -0.08268382400274277, 0.41450992226600647, 0.9062808752059937),
            ["LeftLowerArm"] = CFrame.new(-8.642673492431641e-07, 5.960464477539062e-07, -1.1175870895385742e-07, 1, -5.21540641784668e-08, 2.2351741790771484e-08, 3.166496043149891e-08, 0.7499690651893616, -0.6614729762077332, 8.381901395182467e-09, 0.6614729762077332, 0.7499690651893616),
            ["LowerTorso"] = CFrame.new(0.07991007715463638, -0.20992958545684814, -0.17469069361686707, 0.9737234711647034, 0.051288921386003494, -0.22188299894332886, -0.04579974710941315, 0.9985055923461914, 0.029817426577210426, 0.22308069467544556, -0.018871743232011795, 0.9746173024177551),
            ["Head"] = CFrame.new(-3.725290298461914e-08, -1.1920928955078125e-07, 9.313225746154785e-09, 0.9601690769195557, -0.18654245138168335, 0.20803199708461761, 0.1391497403383255, 0.9648503661155701, 0.22293797135353088, -0.2423071414232254, -0.18511052429676056, 0.9523767828941345),
            ["RightUpperArm"] = CFrame.new(-5.960464477539063e-08, -3.5762786865234375e-07, -2.2351741790771484e-08, 0.9503235220909119, -0.2821195125579834, -0.1315060406923294, 0.3041445016860962, 0.9314855933189392, 0.19957639276981354, 0.06619162857532501, -0.22965899109840393, 0.9710177183151245),
            ["UpperTorso"] = CFrame.new(-1.4901161193847656e-08, 5.066394805908203e-07, -3.3527612686157227e-08, 0.980030357837677, 0.033980824053287506, -0.1959228515625, -0.04134521633386612, 0.9985790848731995, -0.033620432019233704, 0.19450204074382782, 0.04104951024055481, 0.9800428748130798),
            ["HumanoidRootPart"] = CFrame.new(0, 0, 0, 1, 0, 0, 0, 1, 0, 0, 0, 1),
            ["RightHand"] = CFrame.new(5.960464477539063e-08, -1.7881393432617188e-07, 2.384185791015625e-07, 0.7820628881454468, -0.3230361342430115, -0.5329403877258301, 0.42309725284576416, 0.9031007885932922, 0.07346874475479126, 0.4575658440589905, -0.2829428017139435, 0.8429573178291321),
            ["LeftUpperArm"] = CFrame.new(0, -3.5762786865234375e-07, 3.5390257835388184e-08, 0.5750285983085632, 0.16064231097698212, -0.8022071719169617, -0.39423316717147827, 0.9135927557945251, -0.09964225441217422, 0.7168837785720825, 0.3735538125038147, 0.5886724591255188),
            ["RightLowerArm"] = CFrame.new(-2.086162567138672e-07, -4.172325134277344e-07, 8.940696716308594e-08, 1, -1.4901161193847656e-08, 4.470347292340193e-08, 3.725289943190546e-08, 0.8045929074287415, -0.5938267707824707, -3.725289943190546e-08, 0.5938268303871155, 0.8045929074287415),
            ["LeftHand"] = CFrame.new(1.862645149230957e-07, -1.1920928955078125e-07, 2.086162567138672e-07, 0.8018369674682617, -0.2976316213607788, 0.518143892288208, 0.41703784465789795, 0.8997541666030884, -0.1285378485918045, -0.4279451072216034, 0.31915196776390076, 0.8455796837806702),
            ["RightUpperLeg"] = CFrame.new(5.960464477539063e-08, 7.008202373981476e-08, -5.757465260103345e-08, 0.9984961748123169, 0.03148365020751953, 0.044881053268909454, 0.02576657012104988, 0.45309728384017944, -0.8910887241363525, -0.04839013144373894, 0.89090496301651, 0.4516045153141022),
            ["LeftUpperLeg"] = CFrame.new(-1.1920928955078125e-07, 6.705522537231445e-08, -3.3527612686157227e-08, 0.9566481113433838, -0.17424266040325165, 0.23337553441524506, 0.25856825709342957, 0.8768958449363708, -0.4052112400531769, -0.1340409368276596, 0.4479881227016449, 0.8839342594146729),
            ["RightLowerLeg"] = CFrame.new(-1.1175870895385742e-08, -0.0000035762786865234375, -0.000013156030036043376, 1, -6.239861249923706e-08, -3.6437999284544276e-08, 2.3283060812673284e-08, 0.40631189942359924, 0.913734495639801, 5.5879347371501353e-08, -0.913734495639801, 0.4063120484352112),
            ["RightFoot"] = CFrame.new(-7.450580596923828e-09, 4.172325134277344e-07, 1.0227813618257642e-07, 0.9922605752944946, 0.080118827521801, 0.09486830979585648, -0.10667919367551804, 0.9410269856452942, 0.3210729956626892, -0.06354973465204239, -0.3287084400653839, 0.9422910213470459),
            ["LeftLowerLeg"] = CFrame.new(-1.4901161193847656e-08, 0.000003993511199951172, 0.00001328950747847557, 1, -2.2351738948600541e-07, -1.1920928955078125e-07, 9.872020712009544e-08, 0.6665133237838745, 0.7454932928085327, -8.847565169389782e-08, -0.7454931139945984, 0.6665130853652954),
        }},
        {Time = 0.200, Data = {
            ["LeftFoot"] = CFrame.new(0, -5.960464477539063e-08, -3.632158041000366e-08, 0.9756504893302917, 0.21908694505691528, -0.01034901849925518, -0.20263661444187164, 0.8823265433311462, -0.4247805178165436, -0.08393287658691406, 0.4165344834327698, 0.9052371978759766),
            ["LeftLowerArm"] = CFrame.new(-5.960464477539063e-08, -2.384185791015625e-07, 1.043081283569336e-07, 1, -7.450579886381092e-08, 2.2351741790771484e-08, 7.543713564928112e-08, 0.7462412118911743, -0.6656756401062012, 3.9115551686563776e-08, 0.6656756401062012, 0.7462412714958191),
            ["LowerTorso"] = CFrame.new(0.07414475828409195, -0.2086426019668579, -0.181489497423172, 0.9740373492240906, 0.048273663967847824, -0.22118113934993744, -0.04192788526415825, 0.9985656142234802, 0.033298976719379425, 0.22247135639190674, -0.023160789161920547, 0.9746641516685486),
            ["Head"] = CFrame.new(3.3527612686157227e-08, 2.384185791015625e-07, 2.7939677238464355e-08, 0.9587487578392029, -0.17713414132595062, 0.22231626510620117, 0.1297311633825302, 0.9685659408569336, 0.21224963665008545, -0.2529246211051941, -0.17465269565582275, 0.9515911340713501),
            ["RightUpperArm"] = CFrame.new(-2.384185791015625e-07, 1.1920928955078125e-07, 4.470348358154297e-08, 0.9594866037368774, -0.2777945399284363, -0.04707121104001999, 0.28086480498313904, 0.9297504425048828, 0.23807363212108612, -0.022371094673871994, -0.2416490763425827, 0.9701058268547058),
            ["UpperTorso"] = CFrame.new(7.450580596923828e-09, 2.9802322387695312e-08, 2.2351741790771484e-08, 0.9816237688064575, 0.03266991674900055, -0.18800948560237885, -0.039661750197410583, 0.9986498951911926, -0.03354676812887192, 0.18665967881679535, 0.04038708657026291, 0.9815941452980042),
            ["HumanoidRootPart"] = CFrame.new(0, 0, 0, 1, 0, 0, 0, 1, 0, 0, 0, 1),
            ["RightHand"] = CFrame.new(1.043081283569336e-07, -2.384185791015625e-07, -2.9802322387695312e-08, 0.7633299827575684, -0.2855609059333801, -0.5794674158096313, 0.40599191188812256, 0.9097762703895569, 0.08647467195987701, 0.50249183177948, -0.3012678027153015, 0.8103947043418884),
            ["LeftUpperArm"] = CFrame.new(-1.1920928955078125e-07, 5.960464477539062e-07, 4.0978193283081055e-08, 0.5776402354240417, 0.14390572905540466, -0.8035067319869995, -0.40039533376693726, 0.9077394604682922, -0.12527035176753998, 0.7113476395606995, 0.3940814435482025, 0.5819659233093262),
            ["RightLowerArm"] = CFrame.new(-1.1920928955078125e-07, -5.960464477539063e-08, 2.980232238769531e-07, 1, -8.195639367158947e-08, 2.2351741790771484e-08, 4.470347647611561e-08, 0.812671959400177, -0.582721471786499, 1.862644971595273e-08, 0.5827215313911438, 0.8126720190048218),
            ["LeftHand"] = CFrame.new(1.7881393432617188e-07, -3.5762786865234375e-07, 3.2782554626464844e-07, 0.8014208674430847, -0.31585246324539185, 0.5078994631767273, 0.4291755259037018, 0.8951429724693298, -0.12052994966506958, -0.4165729284286499, 0.3145732581615448, 0.8529423475265503),
            ["RightUpperLeg"] = CFrame.new(1.1920928955078125e-07, -2.6496127247810364e-07, 2.0656443666666746e-08, 0.9785054326057434, 0.15688735246658325, 0.1338411569595337, 0.04890238866209984, 0.4539770185947418, -0.8896706104278564, -0.20033885538578033, 0.8770925998687744, 0.43654656410217285),
            ["LeftUpperLeg"] = CFrame.new(0, -7.380731403827667e-07, 1.4901161193847656e-08, 0.9565793871879578, -0.17539803683757782, 0.23279061913490295, 0.25917768478393555, 0.8772624135017395, -0.4040271043777466, -0.13335277140140533, 0.446818083524704, 0.8846302628517151),
            ["RightLowerLeg"] = CFrame.new(5.471520125865936e-08, -0.0000037550926208496094, -0.000013385135389398783, 1, -2.5669575620668184e-07, -1.7003547725380486e-07, 2.3492611944675446e-07, 0.4383779466152191, 0.8987908363342285, -1.7916318029165268e-07, -0.898790717124939, 0.43837785720825195),
            ["RightFoot"] = CFrame.new(-1.1030351743102074e-07, 4.172325134277344e-07, 5.9437297750264406e-08, 0.9890903830528259, 0.09773597121238708, 0.11021807789802551, -0.12776152789592743, 0.941597044467926, 0.31156376004219055, -0.07332992553710938, -0.32224664092063904, 0.9438114166259766),
            ["LeftLowerLeg"] = CFrame.new(3.725290298461914e-09, 0.000003874301910400391, 0.000013346318155527115, 1, 2.3096799850463867e-07, 1.0430814256778831e-07, -2.3283067207557906e-07, 0.6685308814048767, 0.7436842322349548, 7.916242594774303e-08, -0.7436843514442444, 0.6685310006141663),
        }},
        {Time = 0.233, Data = {
            ["LeftFoot"] = CFrame.new(8.381903171539307e-09, 5.960464477539063e-08, -6.51925802230835e-09, 0.9742704629898071, 0.22509366273880005, -0.011405626311898232, -0.20835956931114197, 0.8802376389503479, -0.42634230852127075, -0.08592734485864639, 0.41774940490722656, 0.9044901132583618),
            ["LeftLowerArm"] = CFrame.new(5.364418029785156e-07, -2.384185791015625e-07, 2.384185791015625e-07, 1, -7.450580596923828e-08, 7.450581307466564e-08, 6.40284341102415e-08, 0.7434389591217041, -0.668803870677948, 1.1175872671742582e-08, 0.6688038110733032, 0.7434389591217041),
            ["LowerTorso"] = CFrame.new(0.06796324253082275, -0.2088714838027954, -0.18890643119812012, 0.976479709148407, 0.045957934111356735, -0.2106546014547348, -0.039677463471889496, 0.9986357688903809, 0.03394656628370285, 0.21192733943462372, -0.024789893999695778, 0.9769709706306458),
            ["Head"] = CFrame.new(1.4901161193847656e-08, 0, 1.1175870895385742e-08, 0.9580256938934326, -0.166532501578331, 0.23335319757461548, 0.12196329236030579, 0.9734004735946655, 0.19394995272159576, -0.25944504141807556, -0.15734845399856567, 0.9528535008430481),
            ["RightUpperArm"] = CFrame.new(0, 1.1920928955078125e-07, 7.450580596923828e-09, 0.9553300738334656, -0.291058212518692, 0.051280103623867035, 0.2654251158237457, 0.9212764501571655, 0.28425198793411255, -0.1299770176410675, -0.25794342160224915, 0.9573772549629211),
            ["UpperTorso"] = CFrame.new(-1.1175870895385742e-08, -4.470348358154297e-07, -7.450580596923828e-09, 0.9832370281219482, 0.02616432122886181, -0.18044538795948029, -0.03236120566725731, 0.9989803433418274, -0.03148379549384117, 0.1794375777244568, 0.036795467138290405, 0.983081042766571),
            ["HumanoidRootPart"] = CFrame.new(0, 0, 0, 1, 0, 0, 0, 1, 0, 0, 0, 1),
            ["RightHand"] = CFrame.new(5.21540641784668e-08, -3.5762786865234375e-07, 5.960464477539063e-08, 0.7646540999412537, -0.18546438217163086, -0.6171768307685852, 0.32925745844841003, 0.9356937408447266, 0.1267549693584442, 0.5539798736572266, -0.3001338541507721, 0.7765474319458008),
            ["LeftUpperArm"] = CFrame.new(-1.1920928955078125e-07, 4.76837158203125e-07, -6.705522537231445e-08, 0.5817309617996216, 0.12725785374641418, -0.8033645749092102, -0.40772098302841187, 0.9002595543861389, -0.15263153612613678, 0.7038130164146423, 0.4163389801979065, 0.575594425201416),
            ["RightLowerArm"] = CFrame.new(3.5762786865234375e-07, 1.7881393432617188e-07, 1.4901161193847656e-07, 1, -2.9802322387695312e-08, 2.60770320892334e-08, 5.960463766996327e-08, 0.8152753710746765, -0.579073429107666, 3.725289943190546e-08, 0.579073429107666, 0.8152754306793213),
            ["LeftHand"] = CFrame.new(-2.1606683731079102e-07, 3.5762786865234375e-07, 8.940696716308594e-08, 0.788175642490387, -0.32999977469444275, 0.5194993019104004, 0.44450944662094116, 0.8890362977981567, -0.1096629649400711, -0.42566490173339844, 0.3173559308052063, 0.8474045991897583),
            ["RightUpperLeg"] = CFrame.new(0, -1.5203841030597687e-07, 9.480572771281004e-09, 0.9399668574333191, 0.2703096568584442, 0.20831458270549774, 0.06555020809173584, 0.45604148507118225, -0.8875412940979004, -0.3349113464355469, 0.8479143977165222, 0.4109449088573456),
            ["LeftUpperLeg"] = CFrame.new(0, -2.738088369369507e-07, -3.725290298461914e-09, 0.9559832811355591, -0.18107843399047852, 0.230882927775383, 0.26293399930000305, 0.8779200315475464, -0.40015268325805664, -0.13023777306079865, 0.44324612617492676, 0.8868883848190308),
            ["RightLowerLeg"] = CFrame.new(-7.450580596923828e-08, -0.0000035762786865234375, -0.000013450327969621867, 1, -8.08504623250883e-08, -3.393509828697461e-08, 9.220093488693237e-08, 0.4660259485244751, 0.884770929813385, -3.259629011154175e-08, -0.8847711086273193, 0.46602633595466614),
            ["RightFoot"] = CFrame.new(-3.771856427192688e-08, 3.5762786865234375e-07, 7.410562830045819e-08, 0.9870514869689941, 0.09456519037485123, 0.12956513464450836, -0.14023929834365845, 0.90083909034729, 0.4108792245388031, -0.07786228507757187, -0.4237293004989624, 0.9024362564086914),
            ["LeftLowerLeg"] = CFrame.new(7.450580596923828e-09, 0.000003993511199951172, 0.000013271346688270569, 1, 1.788139627478813e-07, 1.0803343286625022e-07, -7.264314660915261e-08, 0.6709951162338257, 0.7414616346359253, 6.519256601222878e-08, -0.7414618134498596, 0.67099529504776),
        }},
        {Time = 0.267, Data = {
            ["LeftFoot"] = CFrame.new(1.5366822481155396e-08, 5.960464477539063e-08, 4.377216100692749e-08, 0.971860945224762, 0.2351977825164795, -0.012984477914869785, -0.21824000775814056, 0.8783069849014282, -0.4253799319267273, -0.08864401280879974, 0.41624385118484497, 0.90492182970047),
            ["LeftLowerArm"] = CFrame.new(-3.5762786865234375e-07, -4.172325134277344e-07, 5.960464477539063e-08, 1, -4.4703490686970326e-08, 5.21540641784668e-08, 3.055902553228407e-08, 0.7443355917930603, -0.6678057312965393, 3.725290653733282e-08, 0.6678058505058289, 0.7443355917930603),
            ["LowerTorso"] = CFrame.new(0.061425454914569855, -0.2092527151107788, -0.19680294394493103, 0.9827129244804382, 0.044939491897821426, -0.179598867893219, -0.03973831236362457, 0.9986829161643982, 0.032455381006002426, 0.18082083761692047, -0.024757368490099907, 0.9832044243812561),
            ["Head"] = CFrame.new(2.2351741790771484e-08, -3.5762786865234375e-07, -2.60770320892334e-08, 0.9577516317367554, -0.1550336629152298, 0.2422323226928711, 0.11625102162361145, 0.979080855846405, 0.1669921725988388, -0.2630544900894165, -0.13177727162837982, 0.9557390809059143),
            ["RightUpperArm"] = CFrame.new(0, 2.384185791015625e-07, 4.470348358154297e-08, 0.9350422620773315, -0.3102538287639618, 0.17157694697380066, 0.24159963428974152, 0.9117830991744995, 0.3320862650871277, -0.25947198271751404, -0.26906177401542664, 0.9275128841400146),
            ["UpperTorso"] = CFrame.new(-1.862645149230957e-08, 2.682209014892578e-07, 1.30385160446167e-08, 0.9846612811088562, 0.015161862596869469, -0.17381706833839417, -0.020226122811436653, 0.9994199275970459, -0.02740129828453064, 0.17330074310302734, 0.030496645718812943, 0.984396755695343),
            ["HumanoidRootPart"] = CFrame.new(0, 0, 0, 1, 0, 0, 0, 1, 0, 0, 0, 1),
            ["RightHand"] = CFrame.new(7.264316082000732e-08, 3.5762786865234375e-07, 5.960464477539063e-08, 0.765636682510376, -0.017413942143321037, -0.6430374383926392, 0.18517717719078064, 0.9632859230041504, 0.19439597427845, 0.616043746471405, -0.2679125964641571, 0.7407516837120056),
            ["LeftUpperArm"] = CFrame.new(0, 1.1920928955078125e-07, -4.842877388000488e-08, 0.5861082077026367, 0.11077817529439926, -0.802623987197876, -0.4173562526702881, 0.890355110168457, -0.18188339471817017, 0.6944717764854431, 0.4415834844112396, 0.5680784583091736),
            ["RightLowerArm"] = CFrame.new(3.5762786865234375e-07, -3.5762786865234375e-07, 1.341104507446289e-07, 1, -3.725290298461914e-08, 7.450580596923828e-09, 5.215405707303944e-08, 0.8167319893836975, -0.5770172476768494, 0, 0.5770171880722046, 0.8167319893836975),
            ["LeftHand"] = CFrame.new(-2.5331974029541016e-07, -3.5762786865234375e-07, 2.8312206268310547e-07, 0.7638130784034729, -0.3431910574436188, 0.5466347336769104, 0.4643687605857849, 0.8804106712341309, -0.0961187481880188, -0.4482758045196533, 0.32725682854652405, 0.8318363428115845),
            ["RightUpperLeg"] = CFrame.new(0, -3.1315721571445465e-07, 2.0656443666666746e-08, 0.892087996006012, 0.3660723865032196, 0.26489636301994324, 0.0746392235159874, 0.458800733089447, -0.8853989243507385, -0.44565466046333313, 0.8096252083778381, 0.38196706771850586),
            ["LeftUpperLeg"] = CFrame.new(0, -1.0477378964424133e-07, 5.21540641784668e-08, 0.9530508518218994, -0.19203531742095947, 0.23412948846817017, 0.27280157804489136, 0.8800915479660034, -0.38861051201820374, -0.13142842054367065, 0.43423646688461304, 0.8911595344543457),
