return {
    ["United Sponge"] = {
        {Time = 0.000, Data = {
            ["RightFoot"] = CFrame.new(1.1175870895385742e-08, 5.960464477539063e-08, 4.639878170564771e-08, 0.8997295498847961, 0.28360825777053833, 0.33174341917037964, -0.019780538976192474, 0.7858133912086487, -0.6181464195251465, -0.4359995722770691, 0.5496033430099487, 0.7126299142837524),
            ["LeftLowerArm"] = CFrame.new(-1.7881393432617188e-07, -4.76837158203125e-07, 0, 1, -4.470345515983354e-08, 9.126965494488104e-08, 2.9802322387695312e-08, 0.8108335733413696, -0.5852774381637573, 8.381903171539307e-08, 0.5852768421173096, 0.8108331561088562),
            ["LeftFoot"] = CFrame.new(-7.450580596923828e-08, 0, -2.2351741790771484e-08, 0.9846066236495972, 0.16024398803710938, -0.06979925185441971, -0.17477257549762726, 0.9074889421463013, -0.381991982460022, 0.002130154985934496, 0.3883112967014313, 0.9215260148048401),
            ["Head"] = CFrame.new(-2.9668626666534692e-08, 1.1920928955078125e-07, 1.862645149230957e-09, 0.9999998807907104, -0.0005992110236547887, 5.791080184280872e-07, 0.0005859094671905041, 0.9780014157295227, 0.2085980623960495, -0.00012555843568407, -0.2085978090763092, 0.9780015349388123),
            ["LowerTorso"] = CFrame.new(0.6233543753623962, -0.611422061920166, -0.18340612947940826, 0.9006249904632568, 0.10983757674694061, 0.4204880893230438, -0.10744696855545044, 0.9937745332717896, -0.029452310875058174, -0.4211053252220154, -0.01865486428141594, 0.9068198800086975),
            ["UpperTorso"] = CFrame.new(0, 5.960464477539063e-08, -3.725290298461914e-09, 0.8661930561065674, -0.3301301896572113, -0.37513166666030884, 0.2884870767593384, 0.9433276653289795, -0.16403692960739136, 0.4080256223678589, 0.03386714309453964, 0.9123421907424927),
            ["HumanoidRootPart"] = CFrame.new(0, 0, 0, 1, 0, 0, 0, 1, 0, 0, 0, 1),
            ["RightUpperLeg"] = CFrame.new(0, 8.847564458847046e-08, -2.032174961641431e-08, 0.8160960674285889, -0.5677306652069092, 0.10802502185106277, 0.48648175597190857, 0.5739673376083374, -0.6587086915969849, 0.3119661509990692, 0.5901215076446533, 0.7446029186248779),
            ["LeftUpperArm"] = CFrame.new(5.960464477539063e-08, 1.1920928955078125e-07, 1.6763806343078613e-08, -0.15142369270324707, 0.9835941195487976, 0.09804953634738922, -0.8029825687408447, -0.06455583870410919, -0.5924960970878601, -0.5764458775520325, -0.16844986379146576, 0.7995840907096863),
            ["RightLowerArm"] = CFrame.new(0, -4.172325134277344e-07, 2.5331974029541016e-07, 1, -6.705518273975031e-08, 2.2351747119842003e-08, 4.842877388000488e-08, 0.8226085305213928, -0.5686087012290955, 1.909211277961731e-08, 0.5686081647872925, 0.8226081728935242),
            ["LeftHand"] = CFrame.new(1.6391277313232422e-07, 0, -8.940696716308594e-08, 0.7218531370162964, -0.6214592456817627, -0.3044954240322113, 0.58183753490448, 0.7832171320915222, -0.2191689908504486, 0.3746909201145172, -0.018959056586027145, 0.9269561171531677),
            ["RightHand"] = CFrame.new(4.3213367462158203e-07, 5.960464477539063e-08, 2.086162567138672e-07, 0.932162344455719, -0.35576438903808594, 0.06712378561496735, 0.35255804657936096, 0.93416428565979, 0.05513272434473038, -0.08231862634420395, -0.027727611362934113, 0.9962202906608582),
            ["RightUpperArm"] = CFrame.new(0, 1.1920928955078125e-07, -2.0489096641540527e-08, 0.21494896709918976, -0.9551013112068176, 0.20390810072422028, 0.8280789852142334, 0.2889292538166046, 0.4804219603538513, -0.5177666544914246, 0.06558595597743988, 0.8530042171478271),
            ["RightLowerLeg"] = CFrame.new(-7.450580596923828e-09, -0.0001226663589477539, -0.0000772012208472006, 1, -3.725287633926655e-09, 2.6077044523731274e-08, -5.960465898624534e-08, -0.13062644004821777, 0.9914317727088928, 7.4505820180093e-08, -0.991431713104248, -0.13062620162963867),
            ["LeftUpperLeg"] = CFrame.new(0, -5.995389074087143e-09, 2.421438694000244e-08, 0.42362141609191895, -0.29850754141807556, -0.8552415370941162, -0.6305891871452332, 0.5806277394294739, -0.51500403881073, 0.6503094434738159, 0.7574726343154907, 0.05773075670003891),
            ["LeftLowerLeg"] = CFrame.new(-5.587935447692871e-08, 0.0001226663589477539, 0.00007743388414382935, 1, 1.3411040811206476e-07, 5.960465188081798e-08, -1.1175870895385742e-07, -0.034541863948106766, 0.9994032382965088, -7.450580596923828e-08, -0.9994032382965088, -0.03454187884926796),
        }},
        {Time = 0.033, Data = {
            ["RightFoot"] = CFrame.new(4.377216100692749e-08, 5.364418029785156e-07, -2.8107024263590574e-08, 0.9042289853096008, 0.2209155112504959, 0.3654671311378479, 0.04274304211139679, 0.8046829104423523, -0.5921638607978821, -0.42490339279174805, 0.5510733127593994, 0.7181754112243652),
            ["LeftLowerArm"] = CFrame.new(-1.7881393432617188e-07, 2.980232238769531e-07, 3.2782554626464844e-07, 1, -5.3667449151362234e-08, 9.260840272418136e-08, 5.157199822747316e-08, 0.7806681990623474, -0.6249459981918335, 6.821939280143852e-08, 0.6249457597732544, 0.7806680798530579),
            ["LeftFoot"] = CFrame.new(-8.940696716308594e-08, -5.960464477539063e-08, 2.60770320892334e-08, 0.9943530559539795, 0.053287260234355927, -0.09177476167678833, -0.08695344626903534, 0.9048650860786438, -0.41672283411026, 0.06083795428276062, 0.4223502576351166, 0.9043890237808228),
            ["Head"] = CFrame.new(1.4661054592579603e-08, 4.76837158203125e-07, 3.725290298461914e-09, 0.9999998211860657, -0.0005995607352815568, 5.760811632171681e-07, 0.0005862627294845879, 0.9780013561248779, 0.2085980325937271, -0.00012563762720674276, -0.20859795808792114, 0.9780015349388123),
            ["LowerTorso"] = CFrame.new(0.6783231496810913, -0.682890772819519, -0.1831568479537964, 0.9040087461471558, 0.08017393201589584, 0.41992896795272827, -0.08057985454797745, 0.9966064691543579, -0.016805242747068405, -0.41985124349594116, -0.01864590495824814, 0.9074013829231262),
            ["UpperTorso"] = CFrame.new(1.043081283569336e-07, -5.960464477539063e-08, -4.284083843231201e-08, 0.8741847276687622, -0.3042656481266022, -0.3784487247467041, 0.2595842778682709, 0.9514614939689636, -0.1653391420841217, 0.41038641333580017, 0.046297814697027206, 0.9107357263565063),
            ["HumanoidRootPart"] = CFrame.new(0, 0, 0, 1, 0, 0, 0, 1, 0, 0, 0, 1),
            ["RightUpperLeg"] = CFrame.new(0, 7.450580596923828e-09, -3.708555595949292e-08, 0.8317952156066895, -0.5458536148071289, 0.1008000522851944, 0.43283843994140625, 0.5241376757621765, -0.7334376573562622, 0.3475165069103241, 0.6536999344825745, 0.6722415089607239),
            ["LeftUpperArm"] = CFrame.new(-1.1920928955078125e-07, 1.1920928955078125e-07, 4.6566128730773926e-09, -0.11267391592264175, 0.9882190823554993, 0.10357464849948883, -0.7146251797676086, -0.00816952995955944, -0.6994599103927612, -0.690373420715332, -0.15282796323299408, 0.7071267366409302),
            ["RightLowerArm"] = CFrame.new(-2.086162567138672e-07, -5.364418029785156e-07, -1.1920928955078125e-07, 1, -2.9802318834981634e-08, 3.725290653733282e-08, 7.4505820180093e-08, 0.7915271520614624, -0.6111341118812561, 1.4435503459253596e-08, 0.6111339926719666, 0.7915270924568176),
            ["LeftHand"] = CFrame.new(2.1187588572502136e-08, -5.960464477539063e-08, 8.940696716308594e-08, 0.8110409379005432, -0.5289901494979858, -0.24976526200771332, 0.49336519837379456, 0.8479470014572144, -0.1938462257385254, 0.3143303394317627, 0.03399200737476349, 0.9487049579620361),
            ["RightHand"] = CFrame.new(1.043081283569336e-07, -1.7881393432617188e-07, -5.960464477539063e-08, 0.9344470500946045, -0.3482566177845001, 0.07434023171663284, 0.346098929643631, 0.9373201131820679, 0.04057712480425835, -0.08381173759698868, -0.012188023887574673, 0.9964070320129395),
            ["RightUpperArm"] = CFrame.new(0, 1.1920928955078125e-07, 3.91155481338501e-08, 0.21796302497386932, -0.9553494453430176, 0.19949817657470703, 0.8134238719940186, 0.29078176617622375, 0.5037733316421509, -0.5392901301383972, 0.052472569048404694, 0.8404837250709534),
            ["RightLowerLeg"] = CFrame.new(2.9802322387695312e-08, -0.00012242794036865234, -0.00007738003478152677, 1, -3.7252888773764425e-08, -3.725291630729544e-09, 3.725290742551124e-09, -0.24979080259799957, 0.968299925327301, 7.450581485102248e-09, -0.9682998061180115, -0.24979062378406525),
            ["LeftUpperLeg"] = CFrame.new(2.086162567138672e-07, -8.137430995702744e-08, 2.2351741790771484e-08, 0.36183032393455505, -0.265187531709671, -0.8937307000160217, -0.6976232528686523, 0.5589033961296082, -0.4482731223106384, 0.6183854341506958, 0.7856860756874084, 0.01722722128033638),
            ["LeftLowerLeg"] = CFrame.new(1.3783574104309082e-07, 0.00012260675430297852, 0.0000774487853050232, 1, 1.4901155864777138e-08, 1.1175872316471214e-07, -1.1175869474300271e-07, -0.06548256427049637, 0.9978538155555725, 5.960463766996327e-08, -0.9978537559509277, -0.06548257917165756),
        }},
        {Time = 0.067, Data = {
            ["RightFoot"] = CFrame.new(6.705522537231445e-08, 5.364418029785156e-07, -2.8107024263590574e-08, 0.9012191295623779, 0.10672561824321747, 0.42001640796661377, 0.12769675254821777, 0.8607693314552307, -0.49271634221076965, -0.41412273049354553, 0.49768057465553284, 0.7621134519577026),
            ["LeftLowerArm"] = CFrame.new(0, 0, 1.6391277313232422e-07, 1, -4.8428766774577525e-08, 1.9557779395995567e-08, 4.0978196835794733e-08, 0.761025607585907, -0.6487220525741577, 9.033830394855613e-08, 0.6487219333648682, 0.7610254883766174),
            ["LeftFoot"] = CFrame.new(-5.960464477539063e-08, 0, -6.332993507385254e-08, 0.9885599613189697, -0.08260060101747513, -0.12619997560977936, 0.024576252326369286, 0.9137413501739502, -0.40555280447006226, 0.14881300926208496, 0.39781156182289124, 0.9053179621696472),
            ["Head"] = CFrame.new(-2.597516868263483e-08, 0, 4.6566128730773926e-09, 0.9999998211860657, -0.0005993687082082033, 3.4226113143631665e-07, 0.0005861063254997134, 0.9780014157295227, 0.20859794318675995, -0.00012535648420453072, -0.20859776437282562, 0.978001594543457),
            ["LowerTorso"] = CFrame.new(0.729324996471405, -0.723650336265564, -0.18256162106990814, 0.9089667201042175, 0.009205108508467674, 0.4167669415473938, -0.016140678897500038, 0.9997836947441101, 0.013120637275278568, -0.4165560007095337, -0.01865330897271633, 0.9089186787605286),
            ["UpperTorso"] = CFrame.new(-1.1548399925231934e-07, 8.940696716308594e-08, -6.332993507385254e-08, 0.8907232880592346, -0.24059009552001953, -0.385653555393219, 0.1887003630399704, 0.9675922989845276, -0.16780142486095428, 0.413526713848114, 0.07669180631637573, 0.9072563648223877),
            ["HumanoidRootPart"] = CFrame.new(0, 0, 0, 1, 0, 0, 0, 1, 0, 0, 0, 1),
            ["RightUpperLeg"] = CFrame.new(-1.4901161193847656e-07, 2.8405338525772095e-08, -4.8261426854878664e-08, 0.8514959216117859, -0.5241597294807434, 0.014538637362420559, 0.31734442710876465, 0.4930567741394043, -0.8100541234016418, 0.4174292981624603, 0.6943713426589966, 0.5861747860908508),
            ["LeftUpperArm"] = CFrame.new(0, 3.5762786865234375e-07, -4.7497451305389404e-08, -0.05175283923745155, 0.9926460385322571, 0.10943346470594406, -0.6054987907409668, 0.05595194548368454, -0.7938770651817322, -0.7941617369651794, -0.10734718292951584, 0.5981500744819641),
            ["RightLowerArm"] = CFrame.new(-3.2782554626464844e-07, -5.960464477539063e-08, 5.960464477539063e-08, 1, -8.568166975919667e-08, 5.960465188081798e-08, 6.146728281919422e-08, 0.770412027835846, -0.6375465393066406, 4.1443851017675115e-08, 0.6375464200973511, 0.7704119682312012),
            ["LeftHand"] = CFrame.new(1.1920928955078125e-07, 5.960464477539063e-08, -1.1920928955078125e-07, 0.9549062252044678, -0.2695577144622803, -0.12447074055671692, 0.25088202953338623, 0.9567500948905945, -0.14726649224758148, 0.15878410637378693, 0.10939820110797882, 0.9812337756156921),
            ["RightHand"] = CFrame.new(2.9802322387695312e-08, 1.1920928955078125e-07, 0, 0.9402509927749634, -0.33070918917655945, 0.08099188655614853, 0.3295811712741852, 0.9437322616577148, 0.027308005839586258, -0.08546588569879532, 0.001016927999444306, 0.9963406920433044),
            ["RightUpperArm"] = CFrame.new(-1.7881393432617188e-07, -1.1920928955078125e-07, -2.0489096641540527e-08, 0.22015999257564545, -0.9574933648109436, 0.1863766461610794, 0.7745137810707092, 0.2877383828163147, 0.5633252859115601, -0.5930076837539673, 0.020329594612121582, 0.8049400448799133),
            ["RightLowerLeg"] = CFrame.new(-6.146728992462158e-08, -0.00012230873107910156, -0.00007743963942630216, 1, 6.23986053938097e-08, -8.381909388788245e-09, -1.6763806343078613e-08, -0.29696083068847656, 0.9548896551132202, 2.60770320892334e-08, -0.954889714717865, -0.2969610393047333),
            ["LeftUpperLeg"] = CFrame.new(-1.1920928955078125e-07, -3.250897862017155e-08, -2.60770320892334e-08, 0.28485918045043945, -0.22177551686763763, -0.9325615167617798, -0.7678093314170837, 0.5296381711959839, -0.360489159822464, 0.5738676190376282, 0.818717896938324, -0.019409004598855972),
            ["LeftLowerLeg"] = CFrame.new(-7.450580596923828e-08, 0.00012284517288208008, 0.00007736682891845703, 1, 8.940698137394065e-08, 1.1175869474300271e-07, -1.2665987014770508e-07, -0.08303166180849075, 0.9965469241142273, 8.940696716308594e-08, -0.9965469837188721, -0.08303170651197433),
        }},
        {Time = 0.100, Data = {
            ["RightFoot"] = CFrame.new(1.30385160446167e-07, 4.172325134277344e-07, 1.6596459317952394e-08, 0.8847182393074036, -0.030440088361501694, 0.4651314318180084, 0.2171945869922638, 0.9098398685455322, -0.35357797145843506, -0.4124319851398468, 0.41384151577949524, 0.8115636110305786),
            ["LeftLowerArm"] = CFrame.new(-1.4901161193847656e-07, 0, 1.1920928955078125e-07, 1, -3.7252885221050747e-08, 5.215405707303944e-08, 3.9115551686563776e-08, 0.7502867579460144, -0.661112904548645, 1.4901162970204496e-08, 0.6611126065254211, 0.7502865195274353),
            ["LeftFoot"] = CFrame.new(2.9802322387695312e-08, 0, -1.4901161193847656e-08, 0.9632653594017029, -0.21849408745765686, -0.156142458319664, 0.14731916785240173, 0.9160523414611816, -0.37302154302597046, 0.22453753650188446, 0.33631613850593567, 0.9145897626876831),
            ["Head"] = CFrame.new(2.0118022803217173e-08, 0, 5.21540641784668e-08, 0.9999998211860657, -0.0005994001403450966, 9.422656148672104e-07, 0.0005860213423147798, 0.9780013561248779, 0.2085980474948883, -0.0001259450800716877, -0.2085978239774704, 0.9780014753341675),
            ["LowerTorso"] = CFrame.new(0.7727594375610352, -0.736312985420227, -0.18184658885002136, 0.9091651439666748, -0.07552426308393478, 0.4095301330089569, 0.061137113720178604, 0.9969682097434998, 0.04813207685947418, -0.41192370653152466, -0.018722690641880035, 0.9110260605812073),
            ["UpperTorso"] = CFrame.new(2.9802322387695312e-08, -1.1920928955078125e-07, -2.2351741790771484e-08, 0.9049565196037292, -0.16076363623142242, -0.39396554231643677, 0.10030200332403183, 0.9803847670555115, -0.1696624904870987, 0.41351330280303955, 0.11402176320552826, 0.903330385684967),
            ["HumanoidRootPart"] = CFrame.new(0, 0, 0, 1, 0, 0, 0, 1, 0, 0, 0, 1),
            ["RightUpperLeg"] = CFrame.new(1.7881393432617188e-07, -4.423782229423523e-08, 9.480572771281004e-09, 0.852881133556366, -0.5090357065200806, -0.1160883754491806, 0.17535901069641113, 0.48871633410453796, -0.8546379208564758, 0.4917753040790558, 0.7085472345352173, 0.506080687046051),
            ["LeftUpperArm"] = CFrame.new(5.960464477539063e-08, 0, 5.21540641784668e-08, 0.013705736957490444, 0.9908965826034546, 0.13392604887485504, -0.4859870374202728, 0.12365570664405823, -0.8651739954948425, -0.8738585114479065, -0.05322839692234993, 0.4832576513290405),
            ["RightLowerArm"] = CFrame.new(1.7881393432617188e-07, -3.5762786865234375e-07, 2.9802322387695312e-08, 1, -1.0058280253133489e-07, -3.352760558072987e-08, 3.4458935260772705e-08, 0.7555937170982361, -0.6550407409667969, 2.9802322387695312e-08, 0.6550405621528625, 0.7555936574935913),
            ["LeftHand"] = CFrame.new(8.940696716308594e-08, -2.384185791015625e-07, -2.0116567611694336e-07, 0.9970739483833313, 0.07142385840415955, 0.027245238423347473, -0.06453435122966766, 0.9775012135505676, -0.2008146047592163, -0.04097515717148781, 0.19846901297569275, 0.979250431060791),
            ["RightHand"] = CFrame.new(1.043081283569336e-07, -2.384185791015625e-07, 0, 0.9499707818031311, -0.29965245723724365, 0.08811493217945099, 0.2998049259185791, 0.9539273977279663, 0.01180875301361084, -0.08759365230798721, 0.015199296176433563, 0.9960403442382812),
            ["RightUpperArm"] = CFrame.new(1.1920928955078125e-07, -1.1920928955078125e-07, 3.725290298461914e-08, 0.2210519015789032, -0.9609475135803223, 0.1664813905954361, 0.7179989218711853, 0.2758767306804657, 0.6390381455421448, -0.6600104570388794, -0.02172703482210636, 0.7509421706199646),
            ["RightLowerLeg"] = CFrame.new(-3.725290298461914e-08, -0.00012236833572387695, -0.00007748434290988371, 1, -8.940695295223122e-08, 1.8626460374093767e-08, -2.980232594040899e-08, -0.2870137691497803, 0.9579266309738159, 1.6391278734317893e-07, -0.9579265117645264, -0.2870134115219116),
            ["LeftUpperLeg"] = CFrame.new(0, -2.6004272513091564e-07, -2.60770320892334e-08, 0.21252469718456268, -0.17550553381443024, -0.9612654447555542, -0.8218421339988708, 0.5000481605529785, -0.27299731969833374, 0.5285914540290833, 0.8480269312858582, -0.037965260446071625),
            ["LeftLowerLeg"] = CFrame.new(1.1175870895385742e-07, 0.0001226663589477539, 0.00007738173007965088, 1, 1.3411046495548362e-07, 4.470348358154297e-08, -4.4703490686970326e-08, -0.08893927186727524, 0.9960370659828186, 1.1920930376163597e-07, -0.9960370659828186, -0.08893917500972748),
        }},
        {Time = 0.133, Data = {
            ["RightFoot"] = CFrame.new(2.60770320892334e-08, 3.5762786865234375e-07, -4.300818545743823e-08, 0.8602294921875, -0.1453232616186142, 0.48875975608825684, 0.2859572172164917, 0.9311014413833618, -0.2264469712972641, -0.4221773147583008, 0.3345614969730377, 0.8425175547599792),
            ["LeftLowerArm"] = CFrame.new(-5.960464477539063e-08, 5.960464477539063e-08, -6.705522537231445e-08, 1, -2.9802315282267955e-08, 4.842877388000488e-08, 8.940696716308594e-08, 0.7459721565246582, -0.6659771203994751, 2.60770320892334e-08, 0.6659770607948303, 0.7459722757339478),
            ["LeftFoot"] = CFrame.new(-7.450580596923828e-09, 0, -5.960464477539063e-08, 0.9302246570587158, -0.32980048656463623, -0.16097816824913025, 0.26199400424957275, 0.9039478898048401, -0.3379899859428406, 0.25698497891426086, 0.2722315192222595, 0.9272803664207458),
            ["Head"] = CFrame.new(9.98261384665966e-09, -1.1920928955078125e-07, 3.91155481338501e-08, 0.9999998211860657, -0.0005993603263050318, 0.0000012805684264094452, 0.0005859124939888716, 0.9780014157295227, 0.20859794318675995, -0.00012627639807760715, -0.20859776437282562, 0.9780014753341675),
            ["LowerTorso"] = CFrame.new(0.8028853535652161, -0.7314170598983765, -0.1812402307987213, 0.904862105846405, -0.14607509970664978, 0.3998582363128662, 0.12589357793331146, 0.9890943765640259, 0.07644130289554596, -0.4066636562347412, -0.018829407170414925, 0.9133839011192322),
            ["UpperTorso"] = CFrame.new(2.9802322387695312e-08, 5.960464477539063e-08, -2.9802322387695312e-08, 0.9121121764183044, -0.08823789656162262, -0.40033167600631714, 0.020572632551193237, 0.9851821064949036, -0.17027334868907928, 0.4094241261482239, 0.14707262814044952, 0.9004119038581848),
            ["HumanoidRootPart"] = CFrame.new(0, 0, 0, 1, 0, 0, 0, 1, 0, 0, 0, 1),
            ["RightUpperLeg"] = CFrame.new(-2.9802322387695312e-08, -4.1443854570388794e-08, -1.6596459317952394e-08, 0.8357448577880859, -0.49579817056655884, -0.23603971302509308, 0.05695381388068199, 0.5057995319366455, -0.8607688546180725, 0.5461564660072327, 0.7059398293495178, 0.45095694065093994),
            ["LeftUpperArm"] = CFrame.new(0, 1.1920928955078125e-07, 3.4458935260772705e-08, 0.061072710901498795, 0.9816648960113525, 0.18056638538837433, -0.37066221237182617, 0.19027328491210938, -0.9090685844421387, -0.9267576336860657, -0.011409842409193516, 0.37548646330833435),
            ["RightLowerArm"] = CFrame.new(1.7881393432617188e-07, 3.5762786865234375e-07, 5.21540641784668e-08, 1, -8.195636524988004e-08, -2.9802322387695312e-08, 9.499490261077881e-08, 0.7423500418663025, -0.6700122356414795, 1.0943040251731873e-08, 0.6700121760368347, 0.7423501014709473),
            ["LeftHand"] = CFrame.new(-1.4901161193847656e-07, -2.384185791015625e-07, -1.2665987014770508e-07, 0.9302217364311218, 0.3535572588443756, 0.09841273725032806, -0.30137747526168823, 0.8889393210411072, -0.34490370750427246, -0.20942603051662445, 0.29117754101753235, 0.9334647059440613),
            ["RightHand"] = CFrame.new(1.4901161193847656e-07, 0, 8.940696716308594e-08, 0.9631532430648804, -0.25126829743385315, 0.09591827541589737, 0.2533203363418579, 0.9673342704772949, -0.009654270485043526, -0.09035907685756683, 0.03359663859009743, 0.995342493057251),
            ["RightUpperArm"] = CFrame.new(2.384185791015625e-07, 0, 4.284083843231201e-08, 0.21860481798648834, -0.9657180309295654, 0.1400027722120285, 0.6543017029762268, 0.2515036463737488, 0.7131867408752441, -0.7239484190940857, -0.0643020048737526, 0.6868507266044617),
            ["RightLowerLeg"] = CFrame.new(0, -0.00012230873107910156, -0.00007761845336062834, 1, -5.215404996761208e-08, 2.235175955433988e-08, -1.4901162970204496e-08, -0.24805742502212524, 0.9687454104423523, 7.450581485102248e-09, -0.9687453508377075, -0.24805741012096405),
            ["LeftUpperLeg"] = CFrame.new(8.940696716308594e-08, -3.253808245062828e-08, 2.421438694000244e-08, 0.16518332064151764, -0.1393941044807434, -0.9763625860214233, -0.8526403903961182, 0.4773762822151184, -0.21240608394145966, 0.49570053815841675, 0.8675719499588013, -0.03999839350581169),
            ["LeftLowerLeg"] = CFrame.new(1.4901161193847656e-08, 0.00012284517288208008, 0.00007744133472442627, 1, 7.450579886381092e-08, 7.450579886381092e-08, -2.2351747119842003e-08, -0.09772007167339325, 0.9952139258384705, 8.940698847936801e-08, -0.9952139854431152, -0.09772004187107086),
        }},
        {Time = 0.167, Data = {
            ["RightFoot"] = CFrame.new(-1.1920928955078125e-07, 1.1920928955078125e-07, -7.281050784513354e-08, 0.8484295606613159, -0.19411875307559967, 0.4924279749393463, 0.3088932931423187, 0.9370573163032532, -0.16281335055828094, -0.4298282265663147, 0.2902439534664154, 0.8549892902374268),
            ["LeftLowerArm"] = CFrame.new(5.960464477539063e-08, -1.1920928955078125e-07, -8.940696716308594e-08, 1, -4.0978193283081055e-08, 1.1175870895385742e-08, 5.587935447692871e-08, 0.7452018857002258, -0.6668388843536377, 1.1175870895385742e-08, 0.6668389439582825, 0.7452020049095154),
            ["LeftFoot"] = CFrame.new(-1.4901161193847656e-08, -5.960464477539063e-08, 6.332993507385254e-08, 0.9128889441490173, -0.3900412619113922, -0.12042281776666641, 0.3400697112083435, 0.8898454904556274, -0.3041837215423584, 0.22580185532569885, 0.23673401772975922, 0.9449713230133057),
            ["Head"] = CFrame.new(-1.2767850421369076e-07, -1.1920928955078125e-07, 5.774199962615967e-08, 0.9999998211860657, -0.0005993898957967758, 0.0000011026860420315643, 0.0005859280936419964, 0.9780014157295227, 0.20859794318675995, -0.00012610829435288906, -0.20859777927398682, 0.9780015349388123),
            ["LowerTorso"] = CFrame.new(0.8137310743331909, -0.7108575105667114, -0.18097101151943207, 0.9029660820960999, -0.17537926137447357, 0.392293781042099, 0.1531675159931183, 0.9843192100524902, 0.0874958410859108, -0.40148720145225525, -0.018919266760349274, 0.9156692028045654),
            ["UpperTorso"] = CFrame.new(0, -5.960464477539063e-08, -5.960464477539063e-08, 0.9145928621292114, -0.047335632145404816, -0.4015961289405823, -0.023764891549944878, 0.985116720199585, -0.17023642361164093, 0.4036772847175598, 0.1652410477399826, 0.8998556733131409),
            ["HumanoidRootPart"] = CFrame.new(0, 0, 0, 1, 0, 0, 0, 1, 0, 0, 0, 1),
            ["RightUpperLeg"] = CFrame.new(0, -1.2852251529693604e-07, -6.875052349641919e-08, 0.8265793919563293, -0.48029711842536926, -0.2933960258960724, 0.005964700598269701, 0.5287426710128784, -0.8487613201141357, 0.5627885460853577, 0.6998185515403748, 0.43991246819496155),
            ["LeftUpperArm"] = CFrame.new(-1.1920928955078125e-07, -1.1920928955078125e-07, 2.0489096641540527e-08, 0.06987446546554565, 0.9680671095848083, 0.24075636267662048, -0.2748418152332306, 0.25068777799606323, -0.9282337427139282, -0.9589471817016602, -0.0013100694632157683, 0.2835819125175476),
            ["RightLowerArm"] = CFrame.new(1.7881393432617188e-07, -1.7881393432617188e-07, 2.162018972740043e-07, 1, -3.725290653733282e-08, 7.450581485102248e-09, 5.587936158235607e-08, 0.7253661751747131, -0.6883630752563477, -2.7845319383601463e-09, 0.6883631348609924, 0.7253662943840027),
            ["LeftHand"] = CFrame.new(-1.043081283569336e-07, 0, 2.1979212760925293e-07, 0.8823723793029785, 0.4658062160015106, 0.066659115254879, -0.3851393461227417, 0.7963135242462158, -0.46642544865608215, -0.2703455090522766, 0.3858879506587982, 0.8820452094078064),
            ["RightHand"] = CFrame.new(5.364418029785156e-07, 0, 5.066394805908203e-07, 0.977984607219696, -0.18143683671951294, 0.103086456656456, 0.18643370270729065, 0.9816107749938965, -0.041022270917892456, -0.09374787658452988, 0.059337884187698364, 0.993826150894165),
            ["RightUpperArm"] = CFrame.new(0, 0, 3.166496753692627e-08, 0.20776833593845367, -0.9725338220596313, 0.10492976009845734, 0.599021315574646, 0.21130388975143433, 0.7723497748374939, -0.7733083963394165, -0.09761466085910797, 0.6264707446098328),
            ["RightLowerLeg"] = CFrame.new(1.7881393432617188e-07, -0.00012254714965820312, -0.00007758120045764372, 1, -4.190950697591234e-09, -2.235175777798304e-08, -2.980232949312267e-08, -0.2030264139175415, 0.9791733026504517, 5.215407838932151e-08, -0.9791733026504517, -0.20302635431289673),
            ["LeftUpperLeg"] = CFrame.new(2.9802322387695312e-08, -8.3498889580369e-08, -3.3527612686157227e-08, 0.1671237349510193, -0.12757404148578644, -0.9776474833488464, -0.8552013039588928, 0.4746701717376709, -0.2081323266029358, 0.4906122088432312, 0.8708691596984863, -0.02977266162633896),
            ["LeftLowerLeg"] = CFrame.new(1.4156103134155273e-07, 0.0001226663589477539, 0.00007745623588562012, 1, 4.470348358154297e-08, 7.450579886381092e-08, -4.470347292340193e-08, -0.1167699545621872, 0.9931590557098389, 1.1920926112907182e-07, -0.9931590557098389, -0.116769939661026),
        }},
        {Time = 0.200, Data = {
            ["RightFoot"] = CFrame.new(-1.5273690223693848e-07, 2.980232238769531e-07, 6.129994289949536e-08, 0.8571363091468811, -0.18853706121444702, 0.47934454679489136, 0.29613906145095825, 0.9417994618415833, -0.15910759568214417, -0.42144885659217834, 0.2783302068710327, 0.8630837798118591),
            ["LeftLowerArm"] = CFrame.new(-5.960464477539063e-08, 0, -2.9802322387695312e-08, 1, -5.401669156412936e-08, 3.166496043149891e-08, 6.332993507385254e-08, 0.7651299238204956, -0.6438756585121155, 1.6763806343078613e-08, 0.6438759565353394, 0.7651301026344299),
            ["LeftFoot"] = CFrame.new(0, 5.960464477539063e-08, 3.259629011154175e-09, 0.9272522926330566, -0.3647047281265259, -0.0848175659775734, 0.33076784014701843, 0.9039809703826904, -0.27094441652297974, 0.17548808455467224, 0.22317905724048615, 0.9588509798049927),
            ["Head"] = CFrame.new(9.92149580270052e-08, -2.384185791015625e-07, 1.30385160446167e-08, 0.9999998807907104, -0.0005993875674903393, 5.834736498400162e-07, 0.0005860897363163531, 0.9780013561248779, 0.20859798789024353, -0.00012560562754515558, -0.20859786868095398, 0.9780015349388123),
            ["LowerTorso"] = CFrame.new(0.8109791874885559, -0.6748063564300537, -0.18773096799850464, 0.9055010676383972, -0.16810482740402222, 0.38962623476982117, 0.1467883586883545, 0.9855868816375732, 0.0840931385755539, -0.39814698696136475, -0.018953990191221237, 0.9171258211135864),
            ["UpperTorso"] = CFrame.new(-5.21540641784668e-08, -2.9802322387695312e-08, -2.9802322387695312e-08, 0.9153811931610107, -0.02047906257212162, -0.40206724405288696, -0.05273463577032089, 0.9840010404586792, -0.17017967998981476, 0.39911967515945435, 0.17698225378990173, 0.8996560573577881),
            ["HumanoidRootPart"] = CFrame.new(0, 0, 0, 1, 0, 0, 0, 1, 0, 0, 0, 1),
            ["RightUpperLeg"] = CFrame.new(-1.1920928955078125e-07, -3.2456591725349426e-07, 5.045876605436206e-08, 0.8360455632209778, -0.46176213026046753, -0.2963166832923889, 0.016048826277256012, 0.5604241490364075, -0.8280502557754517, 0.5484253168106079, 0.6875321269035339, 0.4759508967399597),
            ["LeftUpperArm"] = CFrame.new(1.7881393432617188e-07, -1.1920928955078125e-07, 5.587935447692871e-08, 0.05077340081334114, 0.9513362646102905, 0.3039434850215912, -0.20334415137767792, 0.3078083097934723, -0.9294649958610535, -0.9777899980545044, -0.014613023027777672, 0.20907717943191528),
            ["RightLowerArm"] = CFrame.new(-1.4901161193847656e-07, 1.7881393432617188e-07, -7.450580596923828e-08, 1, -6.705520405603238e-08, -1.4901157641133977e-08, 5.587935447692871e-08, 0.7011054158210754, -0.7130575180053711, -6.984919309616089e-09, 0.7130577564239502, 0.7011054754257202),
            ["LeftHand"] = CFrame.new(7.450580596923828e-09, -5.960464477539063e-08, -2.6263296604156494e-07, 0.8773530721664429, 0.455101877450943, -0.15209966897964478, -0.4650192856788635, 0.7282148003578186, -0.5034480094909668, -0.11835870891809464, 0.5124310851097107, 0.8505326509475708),
            ["RightHand"] = CFrame.new(0, -5.960464477539063e-08, 1.4901161193847656e-07, 0.9944387078285217, -0.07081297785043716, 0.07795624434947968, 0.07824467122554779, 0.9922223091125488, -0.09681379795074463, -0.070494145154953, 0.10237486660480499, 0.9922448992729187),
            ["RightUpperArm"] = CFrame.new(1.1920928955078125e-07, -1.1920928955078125e-07, 9.220093488693237e-08, 0.18243879079818726, -0.9818273186683655, 0.05226034298539162, 0.5487350225448608, 0.14577993750572205, 0.8231877088546753, -0.8158467411994934, -0.1215042695403099, 0.5653591156005859),
            ["RightLowerLeg"] = CFrame.new(5.960464477539063e-08, -0.00012242794036865234, -0.00007706711039645597, 1, -3.911553392299538e-08, 7.450585037815927e-09, -5.2154071283894154e-08, -0.16080939769744873, 0.9869855642318726, 8.568168397005138e-08, -0.9869855046272278, -0.16080933809280396),
            ["LeftUpperLeg"] = CFrame.new(2.9802322387695312e-08, -1.178268576040864e-07, 1.6763806343078613e-08, 0.26936641335487366, -0.12074699997901917, -0.9554380774497986, -0.8484899401664734, 0.43952327966690063, -0.29476088285446167, 0.4555288255214691, 0.8900784254074097, 0.015940219163894653),
            ["LeftLowerLeg"] = CFrame.new(4.470348358154297e-08, 0.00012260675430297852, 0.00007736682891845703, 1, 0, 4.470347647611561e-08, -8.940694584680386e-08, -0.17128805816173553, 0.9852210283279419, 1.4901158351676713e-07, -0.9852210283279419, -0.17128823697566986),
        }},
        {Time = 0.233, Data = {
            ["RightFoot"] = CFrame.new(-1.4901161193847656e-08, 4.172325134277344e-07, 1.6952981241047382e-09, 0.8757194876670837, -0.16258996725082397, 0.454620361328125, 0.2604677081108093, 0.9519155025482178, -0.16128714382648468, -0.4065365493297577, 0.2596563994884491, 0.8759605288505554),
            ["LeftLowerArm"] = CFrame.new(2.9802322387695312e-08, 5.960464477539063e-08, 5.681067705154419e-08, 1, -5.4482363509578136e-08, 2.0489096641540527e-08, 4.9534719437360764e-08, 0.8097823858261108, -0.5867303609848022, 1.8044374883174896e-08, 0.5867303609848022, 0.8097823858261108),
            ["LeftFoot"] = CFrame.new(-1.862645149230957e-09, 5.960464477539063e-08, 1.862645149230957e-08, 0.9598404169082642, -0.26546648144721985, -0.09074019640684128, 0.236647367477417, 0.9398452639579773, -0.24635151028633118, 0.15067976713180542, 0.21498477458953857, 0.9649235010147095),
            ["Head"] = CFrame.new(5.5504642659798265e-08, -2.384185791015625e-07, 7.031485438346863e-08, 0.9999998807907104, -0.0005993795348331332, 3.0535741757375945e-07, 0.0005861187819391489, 0.9780014157295227, 0.20859795808792114, -0.00012532658001873642, -0.208597794175148, 0.9780014753341675),
            ["LowerTorso"] = CFrame.new(0.7926883697509766, -0.6085208654403687, -0.20437684655189514, 0.9087868928909302, -0.15087877213954926, 0.3890272080898285, 0.131130650639534, 0.9883704781532288, 0.07699785381555557, -0.3961202800273895, -0.018961407244205475, 0.9180028438568115),
            ["UpperTorso"] = CFrame.new(1.2665987014770508e-07, 0, 1.043081283569336e-07, 0.9138683080673218, 0.01978924684226513, -0.40552818775177, -0.09660966694355011, 0.9807223081588745, -0.16985437273979187, 0.3943493068218231, 0.1944025605916977, 0.898162841796875),
            ["HumanoidRootPart"] = CFrame.new(0, 0, 0, 1, 0, 0, 0, 1, 0, 0, 0, 1),
            ["RightUpperLeg"] = CFrame.new(5.960464477539063e-08, 4.423782229423523e-08, 5.045876605436206e-08, 0.8532099723815918, -0.4345260560512543, -0.2884782552719116, 0.05215108394622803, 0.6214017271995544, -0.781754732131958, 0.518953800201416, 0.6519563794136047, 0.5528470277786255),
            ["LeftUpperArm"] = CFrame.new(1.7881393432617188e-07, -3.5762786865234375e-07, 1.0081566870212555e-07, 0.026622146368026733, 0.9303518533706665, 0.3657001554965973, -0.15176600217819214, 0.3653509318828583, -0.9184149503707886, -0.9880578517913818, -0.0310506634414196, 0.15092217922210693),
            ["RightLowerArm"] = CFrame.new(0, -4.172325134277344e-07, 0, 1, 3.725290298461914e-08, 6.705522537231445e-08, 7.171183824539185e-08, 0.6728219985961914, -0.7398042678833008, -6.05359673500061e-08, 0.7398044466972351, 0.6728222370147705),
            ["LeftHand"] = CFrame.new(-4.190951585769653e-09, 5.960464477539063e-08, 1.2712553143501282e-07, 0.7265470623970032, 0.41098618507385254, -0.5506538152694702, -0.6645991206169128, 0.6238092184066772, -0.41130292415618896, 0.17446309328079224, 0.6647950410842896, 0.7263678312301636),
            ["RightHand"] = CFrame.new(8.940696716308594e-08, 5.960464477539063e-08, -8.940696716308594e-08, 0.9969733357429504, 0.07763390243053436, -0.004155613947659731, -0.07729480415582657, 0.9840359687805176, -0.1603085696697235, -0.008356221951544285, 0.1601443886756897, 0.9870582818984985),
            ["RightUpperArm"] = CFrame.new(0, 0, 5.9371814131736755e-08, 0.1508164256811142, -0.988324761390686, -0.021647486835718155, 0.49011820554733276, 0.05573813244700432, 0.8698720932006836, -0.8585094809532166, -0.14180085062980652, 0.49280214309692383),
            ["RightLowerLeg"] = CFrame.new(-3.2782554626464844e-07, -0.00012218952178955078, -0.00007743963942630216, 1, -1.0803341865539551e-07, 0, -1.4901162970204496e-08, -0.0807982012629509, 0.9967305660247803, 9.685756197086448e-08, -0.9967305064201355, -0.08079814910888672),
            ["LeftUpperLeg"] = CFrame.new(1.1920928955078125e-07, 7.476774044334888e-08, 6.798654794692993e-08, 0.4392382800579071, -0.03237790986895561, -0.8977869153022766, -0.8354744911193848, 0.35262739658355713, -0.421469509601593, 0.33023059368133545, 0.9352036118507385, 0.12783636152744293),
            ["LeftLowerLeg"] = CFrame.new(1.1920928955078125e-07, 0.0001226663589477539, 0.00007735937833786011, 1, 7.450580596923828e-09, 6.705523247774181e-08, -5.960465188081798e-08, -0.21661479771137238, 0.9762572646141052, 2.011657045386528e-07, -0.9762572050094604, -0.21661469340324402),
        }},
        {Time = 0.267, Data = {
            ["RightFoot"] = CFrame.new(-3.91155481338501e-08, 2.980232238769531e-07, -5.790934665128589e-08, 0.8958829641342163, -0.09292833507061005, 0.4344630539417267, 0.16080573201179504, 0.9794042110443115, -0.12210175395011902, -0.41416823863983154, 0.179253488779068, 0.8923749923706055),
            ["LeftLowerArm"] = CFrame.new(-5.960464477539063e-08, 1.7881393432617188e-07, -1.3317912817001343e-07, 1, -4.551837307076312e-08, 8.687491614978171e-09, 4.4121410525121973e-08, 0.8575125336647034, -0.5144633650779724, 1.4115359547872686e-08, 0.5144632458686829, 0.8575124144554138),
            ["LeftFoot"] = CFrame.new(1.1955853551626205e-07, 0, 5.8673322200775146e-08, 0.988965630531311, -0.10896965861320496, -0.10036260634660721, 0.08167775720357895, 0.9662585258483887, -0.24428105354309082, 0.12359537184238434, 0.23338836431503296, 0.9644968509674072),
            ["Head"] = CFrame.new(6.189202395034954e-08, 1.1920928955078125e-07, -4.7031790018081665e-08, 0.9999998211860657, -0.0005991529324091971, 0.000002575587132014334, 0.0005854325136169791, 0.9780014157295227, 0.20859797298908234, -0.0001275005633942783, -0.208597794175148, 0.9780015349388123),
            ["LowerTorso"] = CFrame.new(0.7048964500427246, -0.4743502140045166, -0.22538332641124725, 0.9127729535102844, -0.130234956741333, 0.3871491849422455, 0.11239637434482574, 0.991301417350769, 0.06847415119409561, -0.3926992416381836, -0.018987352028489113, 0.9194709062576294),
            ["UpperTorso"] = CFrame.new(5.21540641784668e-08, -1.4901161193847656e-07, 0, 0.9107027053833008, 0.06409186124801636, -0.4080598056316376, -0.14440907537937164, 0.9749518632888794, -0.16915954649448395, 0.38699689507484436, 0.21298173069953918, 0.8971467018127441),
            ["HumanoidRootPart"] = CFrame.new(0, 0, 0, 1, 0, 0, 0, 1, 0, 0, 0, 1),
            ["RightUpperLeg"] = CFrame.new(0, 2.7939677238464355e-08, 3.55576048605144e-08, 0.8728233575820923, -0.4055487811565399, -0.2714950442314148, 0.12907391786575317, 0.7283168435096741, -0.6729745268821716, 0.47065848112106323, 0.5523448586463928, 0.6880375742912292),
            ["LeftUpperArm"] = CFrame.new(0, 2.384185791015625e-07, 1.83936208486557e-08, -0.00041408115066587925, 0.9065152406692505, 0.4221729040145874, -0.11860084533691406, 0.41914865374565125, -0.9001378417015076, -0.9929419755935669, -0.05044278874993324, 0.10733991861343384),
            ["RightLowerArm"] = CFrame.new(-2.682209014892578e-07, -5.364418029785156e-07, -4.470348358154297e-08, 1, -1.4901157641133977e-08, -7.450577932388569e-09, 6.309711153562603e-08, 0.645497739315033, -0.7637621164321899, 3.259629366425543e-08, 0.7637622356414795, 0.6454977989196777),
            ["LeftHand"] = CFrame.new(-1.3969838619232178e-08, 2.384185791015625e-07, 5.587935447692871e-09, 0.35892340540885925, 0.3425500690937042, -0.8682361841201782, -0.8540908694267273, 0.4957028329372406, -0.15750320255756378, 0.37643441557884216, 0.7980840802192688, 0.4704878628253937),
            ["RightHand"] = CFrame.new(-2.384185791015625e-07, -5.960464477539063e-08, -5.960464477539063e-08, 0.9654223322868347, 0.2312253713607788, -0.1203944981098175, -0.25130796432495117, 0.9482693076133728, -0.1939839869737625, 0.06931232661008835, 0.2175324410200119, 0.9735890030860901),
            ["RightUpperArm"] = CFrame.new(1.1920928955078125e-07, 1.1920928955078125e-07, -9.825453162193298e-08, 0.12258613854646683, -0.98655104637146, -0.10811939090490341, 0.43076783418655396, -0.04525343328714371, 0.9013274908065796, -0.8940983414649963, -0.1570645570755005, 0.41942697763442993),
            ["RightLowerLeg"] = CFrame.new(-1.1175870895385742e-07, -0.00012224912643432617, -0.00007739493594272062, 1, -4.470347292340193e-08, 2.23517560016262e-08, -4.097820749393577e-08, 0.13903303444385529, 0.9902877807617188, 8.195641498787154e-08, -0.9902877807617188, 0.13903318345546722),
