return {
    ["Unlock It"] = {
        {Time = 0.000, Data = {
            ["LeftFoot"] = CFrame.new(-7.895505405031145e-08, 0, -3.14321368932724e-09, 0.9618709087371826, -0.21391630172729492, -0.17042365670204163, 0.21934233605861664, 0.9755553603172302, 0.013448473066091537, 0.16338078677654266, -0.05031682178378105, 0.9852791428565979),
            ["LeftLowerArm"] = CFrame.new(-5.960464477539063e-08, 2.384185791015625e-07, 2.0116567611694336e-07, 1, 2.8312206268310547e-07, -1.30385160446167e-07, -2.9057258643661044e-07, 0.8932473063468933, -0.4495657682418823, 1.3411042232291948e-07, 0.4495657682418823, 0.8932472467422485),
            ["LowerTorso"] = CFrame.new(0, 0.015999794006347656, 0, 0.9958650469779968, 0.016339071094989777, 0.08936411142349243, -0.018386496230959892, 0.9995858669281006, 0.022135986015200615, -0.08896543085575104, -0.023687545210123062, 0.9957530498504639),
            ["Head"] = CFrame.new(-2.584420144557953e-08, -1.1920928955078125e-07, 1.5151454135775566e-07, 0.9978541731834412, 0.014987352304160595, -0.06373845040798187, -0.02192859910428524, 0.9937295913696289, -0.10963807255029678, 0.06169559806585312, 0.11080056428909302, 0.991925835609436),
            ["RightUpperArm"] = CFrame.new(3.5762786865234375e-07, -2.384185791015625e-07, 1.1827796697616577e-07, 0.7074360251426697, -0.6537545323371887, 0.26858755946159363, 0.6990706920623779, 0.5912624001502991, -0.40213051438331604, 0.10408897697925568, 0.4722433388233185, 0.8753010034561157),
            ["UpperTorso"] = CFrame.new(1.7462298274040222e-09, 2.980232238769531e-07, -4.831235855817795e-09, 0.9966700077056885, 0.021262027323246002, -0.07872051000595093, -0.01644044555723667, 0.9979779720306396, 0.061398640275001526, 0.07986679673194885, -0.05989999696612358, 0.9950041770935059),
            ["HumanoidRootPart"] = CFrame.new(0, 0, 0, 1, 0, 0, 0, 1, 0, 0, 0, 1),
            ["RightHand"] = CFrame.new(3.6135315895080566e-07, -6.556510925292969e-07, 5.960464477539063e-08, 1, 1.1175867342672063e-08, -3.352760202801619e-08, 1.4901161193847656e-08, 1, 4.4703469370688254e-08, -1.6763806343078613e-08, -4.4703469370688254e-08, 1),
            ["LeftUpperArm"] = CFrame.new(5.960464477539063e-08, 0, 4.936009645462036e-08, 0.588728129863739, 0.6993051171302795, 0.4054277241230011, -0.4820686876773834, 0.7063530683517456, -0.5183388590812683, -0.6488521099090576, 0.10971668362617493, 0.7529630064964294),
            ["RightLowerArm"] = CFrame.new(5.960464477539063e-08, -0.0000013113021850585938, 1.4901161193847656e-07, 1, 1.0058283805847168e-07, 1.4342366227992898e-07, 2.179295108817314e-07, 0.00048482418060302734, -0.9999998807907104, -1.0803343286625022e-07, 0.9999998807907104, 0.0004847794189117849),
            ["LeftHand"] = CFrame.new(-2.980232238769531e-07, -1.1920928955078125e-07, -1.341104507446289e-07, 1, 7.450581307466564e-08, -5.960465898624534e-08, -2.980232594040899e-08, 1, 9.313227522511625e-09, 3.3527616238870905e-08, 5.587936158235607e-08, 1),
            ["RightUpperLeg"] = CFrame.new(-5.960464477539063e-08, 1.3737007975578308e-07, 2.029992174357176e-09, 0.9688206315040588, -0.15533970296382904, -0.1930186152458191, 0.15489764511585236, 0.9877759218215942, -0.017473625019192696, 0.1933733969926834, -0.01296943984925747, 0.9810395836830139),
            ["LeftUpperLeg"] = CFrame.new(0, -7.066410034894943e-08, 0, 0.9790652394294739, 0.19591058790683746, -0.05523107945919037, -0.19904650747776031, 0.9782416820526123, -0.05851183831691742, 0.04256623983383179, 0.06828046590089798, 0.9967578053474426),
            ["RightLowerLeg"] = CFrame.new(2.8405338525772095e-08, -0.0001221299171447754, -0.00007741356239421293, 1, -6.28642649047606e-09, 7.683410352399278e-09, -4.889443516731262e-09, 0.9999874830245972, 0.004998742137104273, -4.190951585769653e-09, -0.004998745862394571, 0.9999874830245972),
            ["RightFoot"] = CFrame.new(3.679087967611849e-08, 4.172325134277344e-07, -6.919435691088438e-09, 0.9835571050643921, 0.14125151932239532, 0.11253304034471512, -0.13886016607284546, 0.989891767501831, -0.028850333765149117, -0.11547063291072845, 0.012749738991260529, 0.99322909116745),
            ["LeftLowerLeg"] = CFrame.new(-5.966285243630409e-08, 0.00012260675430297852, 0.00007740780711174011, 1, 1.2223608791828156e-08, 4.656612428988183e-09, -9.313225746154785e-09, 0.9999871253967285, 0.00508490577340126, 1.3504177331924438e-08, -0.0050849104300141335, 0.9999870657920837),
        }},
        {Time = 0.017, Data = {
            ["LeftFoot"] = CFrame.new(4.0978193283081055e-08, 5.960464477539063e-08, 5.587935447692871e-09, 0.9643758535385132, -0.20690228044986725, -0.1648360639810562, 0.18106360733509064, 0.9705471992492676, -0.15891513228416443, 0.19286088645458221, 0.1234079971909523, 0.9734347462654114),
            ["LeftLowerArm"] = CFrame.new(-1.1920928955078125e-07, -1.7881393432617188e-07, -2.8312206268310547e-07, 1, 4.1723257027115324e-07, -2.668239176273346e-07, -4.358589080766251e-07, 0.8663371801376343, -0.499459832906723, 1.4901159772762185e-07, 0.49945980310440063, 0.8663371205329895),
            ["LowerTorso"] = CFrame.new(-0.03304662927985191, -0.06767034530639648, 4.9899018250698646e-09, 0.9956502318382263, 0.01360829547047615, 0.09217182546854019, -0.01604357361793518, 0.9995401501655579, 0.025731801986694336, -0.09177926927804947, -0.027098635211586952, 0.995410680770874),
            ["Head"] = CFrame.new(-3.026798367500305e-08, -0.0000015497207641601562, 1.3795215636491776e-07, 0.9966251254081726, 0.017113182693719864, -0.08028443902730942, -0.026325775310397148, 0.9930010437965393, -0.11513456702232361, 0.07775220274925232, 0.11685964465141296, 0.9901002645492554),
            ["RightUpperArm"] = CFrame.new(1.1920928955078125e-07, -9.5367431640625e-07, 1.210719347000122e-07, 0.7414840459823608, -0.6467594504356384, 0.1786160171031952, 0.6413004398345947, 0.6048374176025391, -0.4721285402774811, 0.19731999933719635, 0.4646223187446594, 0.8632444143295288),
            ["UpperTorso"] = CFrame.new(-5.820766091346741e-10, 1.1920928955078125e-07, -6.984919309616089e-09, 0.9976662993431091, 0.020450422540307045, -0.06514441221952438, -0.016216039657592773, 0.9977614283561707, 0.06487813591957092, 0.0663253515958786, -0.06367035955190659, 0.9957646131515503),
            ["HumanoidRootPart"] = CFrame.new(0, 0, 0, 1, 0, 0, 0, 1, 0, 0, 0, 1),
            ["RightHand"] = CFrame.new(1.4901161193847656e-08, -7.152557373046875e-07, -8.940696716308594e-08, 1, 7.45057615603173e-09, 1.4901154088420299e-08, -7.450577932388569e-09, 1, 7.450577044210149e-09, -8.195635814445268e-08, 7.45057615603173e-09, 1),
            ["LeftUpperArm"] = CFrame.new(-1.1920928955078125e-07, -3.5762786865234375e-07, 5.960464477539063e-08, 0.6017227172851562, 0.6905286312103271, 0.4013727605342865, -0.45971259474754333, 0.7103711366653442, -0.5329513549804688, -0.6531418561935425, 0.1361728310585022, 0.7448911666870117),
            ["RightLowerArm"] = CFrame.new(-2.682209014892578e-07, -7.152557373046875e-07, 1.1920928955078125e-07, 1, -7.450582373280668e-09, 1.30385160446167e-07, 1.3411047916633834e-07, 0.00596583029255271, -0.9999822378158569, 2.2351747119842003e-08, 0.9999822974205017, 0.005965881049633026),
            ["LeftHand"] = CFrame.new(5.21540641784668e-08, 0, -1.7695128917694092e-07, 1, -4.470348358154297e-08, 8.451753075178203e-08, 4.4703490686970326e-08, 1, 3.073364851502447e-08, -1.3154932787529106e-07, 1.4202669262886047e-08, 1),
            ["RightUpperLeg"] = CFrame.new(0, -2.6135239750146866e-07, -1.6596459317952394e-08, 0.9652681946754456, -0.2210325300693512, -0.1392911970615387, 0.17778149247169495, 0.9463774561882019, -0.2697469890117645, 0.19144481420516968, 0.23561477661132812, 0.9528036117553711),
            ["LeftUpperLeg"] = CFrame.new(0, -1.0593794286251068e-08, 1.1175870895385742e-08, 0.9792585968971252, 0.17275048792362213, -0.10587705671787262, -0.19461221992969513, 0.9473543763160706, -0.2542553246021271, 0.05638033151626587, 0.26958680152893066, 0.9613243341445923),
            ["RightLowerLeg"] = CFrame.new(-2.7939677238464355e-08, -0.00012230873107910156, -0.00007736513362033293, 1, -7.4505820180093e-08, -7.45057615603173e-09, 4.842877388000488e-08, 0.8826660513877869, 0.47000011801719666, -2.9802322387695312e-08, -0.47000086307525635, 0.8826663494110107),
            ["RightFoot"] = CFrame.new(-3.0073351808823645e-08, 2.980232238769531e-07, 2.5218469090759754e-08, 0.9769137501716614, 0.16709057986736298, 0.1331186443567276, -0.12865370512008667, 0.9575893878936768, -0.25781920552253723, -0.1705518364906311, 0.23474101722240448, 0.9569789171218872),
            ["LeftLowerLeg"] = CFrame.new(2.0023435354232788e-08, 0.0001227855682373047, 0.00007743667811155319, 1, 3.0733637856883433e-08, 1.30385116037246e-08, -2.8405334973058416e-08, 0.9282262325286865, 0.37201613187789917, -2.2351738238057806e-08, -0.37201616168022156, 0.9282262921333313),
        }},
        {Time = 0.033, Data = {
            ["LeftFoot"] = CFrame.new(-4.191757163596321e-09, 5.960464477539063e-08, 1.0708244957413626e-08, 0.9661434888839722, -0.20179449021816254, -0.16076673567295074, 0.14467044174671173, 0.9396519064903259, -0.310040146112442, 0.21362894773483276, 0.2762848436832428, 0.937032163143158),
            ["LeftLowerArm"] = CFrame.new(-1.1920928955078125e-07, 3.5762786865234375e-07, 1.6391277313232422e-07, 1, 2.3841860752327193e-07, -1.4156101713069802e-07, -2.570449453287438e-07, 0.7969040274620056, -0.6041060090065002, -5.960462345910855e-08, 0.6041060090065002, 0.7969039678573608),
            ["LowerTorso"] = CFrame.new(-0.05997956916689873, -0.14262819290161133, 9.056662086948108e-09, 0.9951188564300537, 0.007463342044502497, 0.09840186685323715, -0.011025556363165379, 0.9993014931678772, 0.035706739872694016, -0.09806664288043976, -0.036617375910282135, 0.9945060610771179),
            ["Head"] = CFrame.new(-5.029141902923584e-08, -5.960464477539062e-07, 1.126900315284729e-07, 0.9921273589134216, 0.021049996837973595, -0.12345205992460251, -0.03680965304374695, 0.9912447333335876, -0.12680348753929138, 0.11970199644565582, 0.13034948706626892, 0.9842156767845154),
            ["RightUpperArm"] = CFrame.new(1.1920928955078125e-07, 2.384185791015625e-07, 1.1920928955078125e-07, 0.7826805114746094, -0.619218647480011, -0.06308361887931824, 0.4710750877857208, 0.6555570363998413, -0.590197741985321, 0.406816303730011, 0.4322192072868347, 0.8047900199890137),
            ["UpperTorso"] = CFrame.new(-2.9103830456733704e-09, 3.2782554626464844e-07, -1.210719347000122e-08, 0.9994276762008667, 0.017969826236367226, -0.028663529083132744, -0.015895796939730644, 0.9973487257957458, 0.07101304829120636, 0.0298636294901371, -0.07051678001880646, 0.9970635175704956),
            ["HumanoidRootPart"] = CFrame.new(0, 0, 0, 1, 0, 0, 0, 1, 0, 0, 0, 1),
            ["RightHand"] = CFrame.new(-2.980232238769531e-07, -5.960464477539062e-07, -1.7881393432617188e-07, 1, 7.450577044210149e-09, -2.9802311729554276e-08, -4.097818262494002e-08, 1, -3.911553392299538e-08, -2.9802315282267955e-08, 3.9115530370281704e-08, 1),
            ["LeftUpperArm"] = CFrame.new(-1.1920928955078125e-07, 3.5762786865234375e-07, 5.21540641784668e-08, 0.6360090970993042, 0.6626113057136536, 0.39552342891693115, -0.40816372632980347, 0.7238373160362244, -0.5562931895256042, -0.6549007296562195, 0.1923692226409912, 0.730820894241333),
            ["RightLowerArm"] = CFrame.new(3.5762786865234375e-07, -8.344650268554688e-07, 1.2293457984924316e-07, 1, -7.4505820180093e-08, 8.195637946073475e-08, 1.266598985694145e-07, 0.025718437507748604, -0.9996691942214966, 1.052394793532585e-07, 0.9996693134307861, 0.02571842446923256),
            ["LeftHand"] = CFrame.new(3.2782554626464844e-07, -2.384185791015625e-07, 2.3096799850463867e-07, 1, -4.470347647611561e-08, 5.215407838932151e-08, 0, 1, -2.6077039194660756e-08, -1.2665987014770508e-07, 6.332992796842518e-08, 1),
            ["RightUpperLeg"] = CFrame.new(5.960464477539063e-08, -2.3655593395233154e-07, -1.287116901949048e-08, 0.9673697352409363, -0.24243776500225067, -0.07362034171819687, 0.19521111249923706, 0.898395299911499, -0.3934188187122345, 0.16151973605155945, 0.366210013628006, 0.9164069294929504),
            ["LeftUpperLeg"] = CFrame.new(0, -1.6298145055770874e-07, 0, 0.9779725670814514, 0.1424160599708557, -0.15260252356529236, -0.1953635960817337, 0.8819634914398193, -0.42892125248908997, 0.07350455224514008, 0.4492862820625305, 0.8903589844703674),
            ["RightLowerLeg"] = CFrame.new(-6.332993507385254e-08, -0.00012254714965820312, -0.00007743125752313063, 1, -7.823107495141812e-08, -2.9802311729554276e-08, 1.285224726643719e-07, 0.7376616597175598, 0.675170361995697, -5.7741978309877595e-08, -0.6751706004142761, 0.7376619577407837),
            ["RightFoot"] = CFrame.new(-5.26242729392834e-08, 2.384185791015625e-07, 3.742025000974536e-08, 0.9700040221214294, 0.19012759625911713, 0.15147201716899872, -0.12015537172555923, 0.9166721701622009, -0.38114938139915466, -0.21131707727909088, 0.3515162765979767, 0.9120205044746399),
            ["LeftLowerLeg"] = CFrame.new(2.0489096641540527e-08, 0.0001226663589477539, 0.0000774189829826355, 1, 5.21540641784668e-08, 1.1175868230850483e-08, -4.4703490686970326e-08, 0.7521981596946716, 0.6589366793632507, 9.31322685637781e-10, -0.6589369177818298, 0.7521984577178955),
        }},
        {Time = 0.050, Data = {
            ["LeftFoot"] = CFrame.new(-2.988386782476482e-08, 5.960464477539063e-08, -1.5709481715475704e-08, 0.9675756096839905, -0.19755232334136963, -0.157386913895607, 0.12222865223884583, 0.9115095138549805, -0.3926966190338135, 0.2210375815629959, 0.36072632670402527, 0.906100869178772),
            ["LeftLowerArm"] = CFrame.new(6.258487701416016e-07, 1.1920928955078125e-07, -8.940696716308594e-08, 1, 2.4586918812019576e-07, -1.5646217832454568e-07, -2.6077029247062455e-07, 0.6835148334503174, -0.7299367189407349, -4.470347647611561e-08, 0.7299366593360901, 0.6835148930549622),
            ["LowerTorso"] = CFrame.new(-0.08284880965948105, -0.20699834823608398, 1.2509821623041262e-08, 0.993773877620697, 0.0006849888013675809, 0.11141443997621536, -0.006634302902966738, 0.9985705614089966, 0.053036101162433624, -0.11121885478496552, -0.05344504117965698, 0.9923578500747681),
            ["Head"] = CFrame.new(-4.470348358154297e-08, -3.5762786865234375e-07, 1.862645149230957e-09, 0.9815590977668762, 0.022609777748584747, -0.18981747329235077, -0.0508895218372345, 0.9880541563034058, -0.14546270668506622, 0.18426109850406647, 0.15244001150131226, 0.9709839820861816),
            ["RightUpperArm"] = CFrame.new(0, -1.1920928955078125e-07, -7.450580596923828e-09, 0.7486697435379028, -0.5593889355659485, -0.3557773530483246, 0.2302817702293396, 0.7226836085319519, -0.6516891717910767, 0.6216621994972229, 0.40597105026245117, 0.6698684096336365),
            ["UpperTorso"] = CFrame.new(1.3737007975578308e-08, 4.76837158203125e-07, 1.7695128917694092e-08, 0.9996062517166138, 0.013931642286479473, 0.02435712330043316, -0.015822995454072952, 0.9967279434204102, 0.07926663756370544, -0.02317311428487301, -0.0796208530664444, 0.9965558052062988),
            ["HumanoidRootPart"] = CFrame.new(0, 0, 0, 1, 0, 0, 0, 1, 0, 0, 0, 1),
            ["RightHand"] = CFrame.new(1.1920928955078125e-07, -1.7881393432617188e-07, -8.940696716308594e-08, 1, 4.470347647611561e-08, 2.9802318834981634e-08, -4.4703490686970326e-08, 1, -2.9802318834981634e-08, -1.4901162970204496e-08, 4.470347647611561e-08, 1),
            ["LeftUpperArm"] = CFrame.new(0, 0, -1.4901161193847656e-08, 0.6866001486778259, 0.6180687546730042, 0.38284629583358765, -0.3371555805206299, 0.7372221350669861, -0.585516631603241, -0.6441322565078735, 0.27293702960014343, 0.7145622372627258),
            ["RightLowerArm"] = CFrame.new(2.384185791015625e-07, -0.0000015497207641601562, 1.4901161193847656e-07, 1, -1.4901159417490817e-08, 2.2351738948600541e-07, 2.53319797138829e-07, 0.06541813164949417, -0.997857928276062, 4.4703494239684005e-08, 0.997857928276062, 0.0654180571436882),
            ["LeftHand"] = CFrame.new(5.960464477539063e-08, -5.960464477539063e-08, -2.384185791015625e-07, 1, 4.470348358154297e-08, 1.788139627478813e-07, 7.450580596923828e-09, 1, 7.450581307466564e-08, -2.086162567138672e-07, -7.450580596923828e-09, 1),
            ["RightUpperLeg"] = CFrame.new(0, 4.612957127392292e-07, 1.6931153368204832e-08, 0.9676926136016846, -0.2509978711605072, -0.0239010788500309, 0.2104533463716507, 0.8562925457954407, -0.4716700315475464, 0.1388544738292694, 0.4514014720916748, 0.8814511299133301),
            ["LeftUpperLeg"] = CFrame.new(-1.1920928955078125e-07, 1.7110141925513744e-07, -7.450580596923828e-09, 0.9753994941711426, 0.11080228537321091, -0.19057464599609375, -0.19781625270843506, 0.8214595317840576, -0.5348578691482544, 0.09728587418794632, 0.559398889541626, 0.8231697678565979),
            ["RightLowerLeg"] = CFrame.new(-7.078051567077637e-08, -0.00012242794036865234, -0.00007748434290988371, 1, -1.0523945093154907e-07, -5.774199962615967e-08, 9.685756907629184e-08, 0.6198604106903076, 0.7847117781639099, -4.4703494239684005e-08, -0.7847121953964233, 0.6198608875274658),
            ["RightFoot"] = CFrame.new(-4.15864178648917e-08, 1.7881393432617188e-07, -7.87986209616065e-09, 0.9629059433937073, 0.21104855835437775, 0.16813915967941284, -0.11153636872768402, 0.8786896467208862, -0.46418121457099915, -0.24570658802986145, 0.4282092750072479, 0.8696351051330566),
            ["LeftLowerLeg"] = CFrame.new(6.542541086673737e-08, 0.0001227855682373047, 0.00007746368646621704, 1, 6.490154191851616e-08, 5.5879340266073996e-08, -7.02566396171278e-08, 0.609894871711731, 0.792482316493988, 3.4691762351712896e-08, -0.7924824357032776, 0.609894871711731),
        }},
        {Time = 0.067, Data = {
            ["LeftFoot"] = CFrame.new(-7.614683994461302e-08, -5.960464477539063e-08, 4.141000431445718e-09, 0.9687373638153076, -0.19403831660747528, -0.15458758175373077, 0.10736633092164993, 0.8896421790122986, -0.4438573718070984, 0.22365286946296692, 0.41338345408439636, 0.8826626539230347),
            ["LeftLowerArm"] = CFrame.new(1.1920928955078125e-07, 2.384185791015625e-07, 1.7881393432617188e-07, 1, 4.3562627638493723e-07, -1.639127589214695e-07, -3.501772880554199e-07, 0.5352998971939087, -0.844662070274353, -2.086162567138672e-07, 0.8446621298789978, 0.5352999567985535),
            ["LowerTorso"] = CFrame.new(-0.10257639735937119, -0.26122260093688965, 1.548860417699416e-08, 0.9908908009529114, -0.004208107478916645, 0.1346028745174408, -0.006447679828852415, 0.996882975101471, 0.07863084971904755, -0.1345142126083374, -0.07878245413303375, 0.9877749085426331),
            ["Head"] = CFrame.new(-4.470348358154297e-08, -5.960464477539062e-07, 1.5273690223693848e-07, 0.9612419605255127, 0.0169133972376585, -0.2751869559288025, -0.06645190715789795, 0.9829040169715881, -0.17170903086662292, 0.2675781548023224, 0.18334069848060608, 0.9459324479103088),
            ["RightUpperArm"] = CFrame.new(2.384185791015625e-07, 1.1920928955078125e-07, 5.960464477539063e-08, 0.6643974184989929, -0.4817398190498352, -0.5714043378829956, 0.025380605831742287, 0.7786458134651184, -0.6269501447677612, 0.7469484210014343, 0.4020415246486664, 0.5295571088790894),
            ["UpperTorso"] = CFrame.new(1.1175870895385742e-08, 4.172325134277344e-07, 1.3969838619232178e-08, 0.9961497187614441, 0.008508890867233276, 0.08725383877754211, -0.016307268291711807, 0.995893120765686, 0.08905670046806335, -0.08613770455121994, -0.09013667702674866, 0.9921973943710327),
            ["HumanoidRootPart"] = CFrame.new(0, 0, 0, 1, 0, 0, 0, 1, 0, 0, 0, 1),
            ["RightHand"] = CFrame.new(1.7881393432617188e-07, -5.364418029785156e-07, 4.470348358154297e-07, 1, 3.725289587919178e-08, -4.470347292340193e-08, -4.470347647611561e-08, 1, 4.470347292340193e-08, 3.725289943190546e-08, -2.9802315282267955e-08, 1),
            ["LeftUpperArm"] = CFrame.new(0, -4.76837158203125e-07, 9.313225746154785e-08, 0.7482684850692749, 0.5588326454162598, 0.3574918806552887, -0.2583768367767334, 0.7418270111083984, -0.6188167929649353, -0.6110120415687561, 0.3706734776496887, 0.6994751691818237),
            ["RightLowerArm"] = CFrame.new(-1.1920928955078125e-07, -0.0000013709068298339844, 3.2782554626464844e-07, 1, -2.9802322387695312e-08, 8.195640788244418e-08, 2.980232594040899e-08, 0.13227404654026031, -0.9912132024765015, -3.725290653733282e-08, 0.9912132024765015, 0.1322741061449051),
            ["LeftHand"] = CFrame.new(-4.023313522338867e-07, -2.384185791015625e-07, 4.842877388000488e-07, 1, -4.027971201026048e-08, 7.450581307466564e-08, 2.0721925508837558e-08, 1, -1.5832485544819974e-08, -4.470347647611561e-08, 4.656613761255812e-09, 1),
            ["RightUpperLeg"] = CFrame.new(1.1920928955078125e-07, -2.4598557502031326e-07, -2.7772330213338137e-08, 0.9610480070114136, -0.2760303020477295, -0.013930562883615494, 0.225808247923851, 0.8132571578025818, -0.5363053679466248, 0.15936562418937683, 0.5122695565223694, 0.8439091444015503),
            ["LeftUpperLeg"] = CFrame.new(-5.960464477539063e-08, -1.5064142644405365e-07, 0, 0.9711621403694153, 0.07031328976154327, -0.2278163731098175, -0.19969019293785095, 0.7619355320930481, -0.6160988807678223, 0.13026142120361328, 0.6438248157501221, 0.7540038824081421),
            ["RightLowerLeg"] = CFrame.new(2.2817403078079224e-08, -0.00012218952178955078, -0.00007734650716884062, 1, -1.4202667841800576e-07, -8.102507109697399e-08, 1.2991951336971397e-07, 0.5228847861289978, 0.8524030447006226, -7.357449050005016e-08, -0.8524033427238464, 0.5228854417800903),
            ["RightFoot"] = CFrame.new(3.018192273884779e-08, 3.5762786865234375e-07, -4.951289156451821e-08, 0.9552356600761414, 0.23139096796512604, 0.1843457669019699, -0.10343390703201294, 0.8449976444244385, -0.5246716737747192, -0.277175635099411, 0.48211756348609924, 0.8311054706573486),
            ["LeftLowerLeg"] = CFrame.new(6.472691893577576e-08, 0.00012248754501342773, 0.00007727742195129395, 1, 6.798654084150257e-08, 3.5390254282674505e-08, -7.357447628919545e-08, 0.5004076957702637, 0.8657898902893066, 4.284083487959833e-08, -0.8657898902893066, 0.5004076957702637),
        }},
        {Time = 0.083, Data = {
            ["LeftFoot"] = CFrame.new(3.380510094075362e-08, 0, 5.549473769406177e-09, 0.9696043133735657, -0.19137093424797058, -0.15246237814426422, 0.0987238883972168, 0.8761253356933594, -0.47186678647994995, 0.22387756407260895, 0.4424722492694855, 0.8683875799179077),
            ["LeftLowerArm"] = CFrame.new(0, 1.1920928955078125e-07, -1.4901161193847656e-07, 1, 4.433096592038055e-07, -2.9802316703353426e-07, -3.576278118089249e-07, 0.37229108810424805, -0.9281160235404968, -2.3841855067985307e-07, 0.9281160235404968, 0.37229105830192566),
            ["LowerTorso"] = CFrame.new(-0.1196315810084343, -0.3054823875427246, 1.8063865070416796e-08, 0.985499382019043, -0.0037781866267323494, 0.16963718831539154, -0.015435067936778069, 0.9936109781265259, 0.11179918050765991, -0.16897577047348022, -0.11279638111591339, 0.9791446924209595),
            ["Head"] = CFrame.new(-4.470348358154297e-08, -4.76837158203125e-07, 1.564621925354004e-07, 0.928067147731781, -0.0019243480637669563, -0.37240782380104065, -0.08025432378053665, 0.9754578471183777, -0.2050398737192154, 0.3636627495288849, 0.22017823159694672, 0.9051358699798584),
            ["RightUpperArm"] = CFrame.new(2.384185791015625e-07, 0, 1.4901161193847656e-07, 0.6049618721008301, -0.40954768657684326, -0.6828555464744568, -0.07380001246929169, 0.825053870677948, -0.5602138638496399, 0.7928270697593689, 0.3893028497695923, 0.4689016342163086),
            ["UpperTorso"] = CFrame.new(-2.7008354663848877e-08, 8.344650268554688e-07, -2.2351741790771484e-08, 0.9882132411003113, 0.002055011224001646, 0.15306967496871948, -0.017520379275083542, 0.9948578476905823, 0.09975472837686539, -0.1520775556564331, -0.10126078873872757, 0.9831677079200745),
            ["HumanoidRootPart"] = CFrame.new(0, 0, 0, 1, 0, 0, 0, 1, 0, 0, 0, 1),
            ["RightHand"] = CFrame.new(-1.341104507446289e-07, -2.384185791015625e-07, 2.8312206268310547e-07, 1, 7.357445497291337e-08, -1.4901155864777138e-08, -3.7252898543727042e-09, 1, 1.4901155864777138e-08, 1.4901159417490817e-08, 0, 1),
            ["LeftUpperArm"] = CFrame.new(5.960464477539063e-08, -5.960464477539062e-07, 6.705522537231445e-08, 0.8156686425209045, 0.4871061444282532, 0.3121092915534973, -0.18637345731258392, 0.7319856286048889, -0.6553335189819336, -0.5476765036582947, 0.476366251707077, 0.6878413558006287),
            ["RightLowerArm"] = CFrame.new(-5.960464477539063e-08, -5.960464477539062e-07, -1.4901161193847656e-07, 1, 9.872019290924072e-08, 8.195635814445268e-08, 5.2154071283894154e-08, 0.23563788831233978, -0.9718409776687622, -4.284084198502569e-08, 0.9718409776687622, 0.2356378734111786),
            ["LeftHand"] = CFrame.new(2.384185791015625e-07, -2.980232238769531e-07, -8.940696716308594e-08, 1, 7.450582373280668e-09, 2.980232594040899e-08, 4.0978193283081055e-08, 1, 7.450581485102248e-09, -2.2351741790771484e-08, 0, 1),
            ["RightUpperLeg"] = CFrame.new(0, 5.7159923017024994e-08, -1.6596459317952394e-08, 0.9444835186004639, -0.3268819749355316, -0.0331527478992939, 0.243964284658432, 0.7653135061264038, -0.5956314206123352, 0.22007335722446442, 0.5544757843017578, 0.8025735020637512),
            ["LeftUpperLeg"] = CFrame.new(-5.960464477539063e-08, 1.0128132998943329e-07, -2.9802322387695312e-08, 0.9647699594497681, 0.016772618517279625, -0.26256006956100464, -0.19802410900592804, 0.7033512592315674, -0.6827031373977661, 0.17322121560573578, 0.710644543170929, 0.6818934082984924),
            ["RightLowerLeg"] = CFrame.new(-6.51925802230835e-09, -0.0001226663589477539, -0.0000774359141360037, 1, -1.0058280253133489e-07, -4.284084198502569e-08, 1.2572850494052545e-07, 0.4405458867549896, 0.8977300524711609, -8.754429359214555e-08, -0.8977301716804504, 0.4405461847782135),
            ["RightFoot"] = CFrame.new(-3.235163603676483e-08, 3.5762786865234375e-07, 6.414484232664108e-08, 0.9465057849884033, 0.25238388776779175, 0.20107029378414154, -0.09581857174634933, 0.8148302435874939, -0.571725606918335, -0.30813246965408325, 0.5218756794929504, 0.79542475938797),
            ["LeftLowerLeg"] = CFrame.new(-1.210719347000122e-08, 0.00012254714965820312, 0.00007729232311248779, 1, 7.078051567077637e-08, 7.264315371457997e-08, -8.195636524988004e-08, 0.42525601387023926, 0.9050729870796204, 5.215404996761208e-08, -0.9050731658935547, 0.4252563416957855),
        }},
        {Time = 0.100, Data = {
            ["LeftFoot"] = CFrame.new(7.551835778940585e-08, 5.960464477539063e-08, -5.506791467269068e-09, 0.9701301455497742, -0.1897338479757309, -0.15115821361541748, 0.09474578499794006, 0.8699719905853271, -0.4839135706424713, 0.22331790626049042, 0.45513710379600525, 0.8619622588157654),
            ["LeftLowerArm"] = CFrame.new(2.086162567138672e-07, 1.7881393432617188e-07, -3.2782554626464844e-07, 1, 5.811453434034775e-07, -3.478489531971718e-07, -4.0233129539046786e-07, 0.21658511459827423, -0.9762637615203857, -3.1292435664909135e-07, 0.9762637615203857, 0.21658512949943542),
            ["LowerTorso"] = CFrame.new(-0.13424792885780334, -0.3397793769836426, 2.0270871203820207e-08, 0.977563738822937, 0.0011604217579588294, 0.21063685417175293, -0.032845377922058105, 0.9885926842689514, 0.1469888687133789, -0.20806348323822021, -0.15060941874980927, 0.9664505124092102),
            ["Head"] = CFrame.new(1.4901161193847656e-08, -0.0000011920928955078125, 8.195638656616211e-08, 0.8834822177886963, -0.03195709362626076, -0.46737349033355713, -0.09203514456748962, 0.966387152671814, -0.24005280435085297, 0.4593351185321808, 0.2550971806049347, 0.8508447408676147),
            ["RightUpperArm"] = CFrame.new(1.1920928955078125e-07, 0, 0, 0.5768648386001587, -0.3463413119316101, -0.7397801280021667, -0.09365374594926834, 0.8716457486152649, -0.4811057150363922, 0.8114530444145203, 0.34681621193885803, 0.47038567066192627),
            ["UpperTorso"] = CFrame.new(-1.3969838619232178e-08, 7.152557373046875e-07, 3.3527612686157227e-08, 0.9766319394111633, -0.004845841322094202, 0.21486404538154602, -0.01942983828485012, 0.993661105632782, 0.11072548478841782, -0.21403858065605164, -0.11231278628110886, 0.9703471064567566),
            ["HumanoidRootPart"] = CFrame.new(0, 0, 0, 1, 0, 0, 0, 1, 0, 0, 0, 1),
            ["RightHand"] = CFrame.new(-1.4901161193847656e-07, -5.960464477539062e-07, -8.716597221791744e-08, 1, 2.7008351111135198e-08, 7.421474990110255e-09, 1.8160788428644992e-08, 1, 5.311447726086271e-09, -2.0227159946983875e-09, -2.561136858147961e-09, 1),
            ["LeftUpperArm"] = CFrame.new(0, 2.384185791015625e-07, 8.917413651943207e-08, 0.8826370239257812, 0.40564343333244324, 0.2374981939792633, -0.13799919188022614, 0.7066085934638977, -0.6940177083015442, -0.4493419826030731, 0.5797911882400513, 0.6796573996543884),
            ["RightLowerArm"] = CFrame.new(1.1920928955078125e-07, -0.0000013113021850585938, -1.1920928955078125e-07, 1, 1.257285298095212e-08, 1.291045919060707e-07, 1.1175873737556685e-07, 0.3863917291164398, -0.9223347902297974, -4.656613938891496e-08, 0.9223347306251526, 0.3863917589187622),
            ["LeftHand"] = CFrame.new(-1.4901161193847656e-08, 5.960464477539063e-08, 2.2258609533309937e-07, 1, -5.960465898624534e-08, 3.073364851502447e-08, 0, 1, 6.426126475389538e-08, -2.60770320892334e-08, 2.328306880627906e-09, 1),
            ["RightUpperLeg"] = CFrame.new(-2.9802322387695312e-08, 5.820766091346741e-11, 4.300818545743823e-08, 0.9207149147987366, -0.38666433095932007, -0.05267597734928131, 0.26414012908935547, 0.7168657183647156, -0.6452390551567078, 0.28725260496139526, 0.5801673531532288, 0.7621625661849976),
            ["LeftUpperLeg"] = CFrame.new(-5.960464477539063e-08, -2.1653249859809875e-07, -7.450580596923828e-09, 0.9559744596481323, -0.04326704517006874, -0.29024291038513184, -0.1938544660806656, 0.6494159698486328, -0.7353090047836304, 0.22030308842658997, 0.7592015266418457, 0.6124376058578491),
            ["RightLowerLeg"] = CFrame.new(-2.7939677238464355e-08, -0.00012248754501342773, -0.00007748061761958525, 1, -1.1920926112907182e-07, -1.1175872316471214e-07, 1.1548398504146462e-07, 0.3724394142627716, 0.9280562996864319, -8.940695295223122e-08, -0.9280564785003662, 0.37244001030921936),
            ["RightFoot"] = CFrame.new(4.1170324038830586e-08, 4.76837158203125e-07, 4.5183696784079075e-09, 0.9370764493942261, 0.27306145429611206, 0.21754390001296997, -0.08746270835399628, 0.7868531346321106, -0.6109112501144409, -0.33799126744270325, 0.5534435510635376, 0.761224091053009),
            ["LeftLowerLeg"] = CFrame.new(2.123415470123291e-07, 0.00012260675430297852, 0.00007740408182144165, 1, 6.33299421792799e-08, 5.960463766996327e-08, -8.381903171539307e-08, 0.3809243440628052, 0.9246061444282532, 7.82310962677002e-08, -0.9246063232421875, 0.3809244930744171),
        }},
        {Time = 0.117, Data = {
            ["LeftFoot"] = CFrame.new(-2.8627804127268064e-08, -5.960464477539063e-08, 1.6350952591892565e-08, 0.9703481793403625, -0.18905048072338104, -0.15061363577842712, 0.09366945177316666, 0.8685309886932373, -0.4867035150527954, 0.22282394766807556, 0.45816367864608765, 0.8604855537414551),
            ["LeftLowerArm"] = CFrame.new(-1.1920928955078125e-07, -3.5762786865234375e-07, 1.341104507446289e-07, 1, 6.258487701416016e-07, -3.278254325778107e-07, -3.278254325778107e-07, 0.08431540429592133, -0.9964391589164734, -6.109473815740785e-07, 0.9964390993118286, 0.08431540429592133),
            ["LowerTorso"] = CFrame.new(-0.14650727808475494, -0.36398541927337646, 2.2121982468092938e-08, 0.9683165550231934, 0.007210408803075552, 0.24962218105793, -0.053229257464408875, 0.9825714230537415, 0.1781012862920761, -0.24398744106292725, -0.18574561178684235, 0.9518239498138428),
            ["Head"] = CFrame.new(-2.9802322387695312e-08, -4.76837158203125e-07, -7.450580596923828e-09, 0.8346492052078247, -0.06445955485105515, -0.5469970107078552, -0.1032843142747879, 0.9571927189826965, -0.27039703726768494, 0.5410111546516418, 0.2821829617023468, 0.7922624349594116),
            ["RightUpperArm"] = CFrame.new(1.1920928955078125e-07, 2.384185791015625e-07, 2.682209014892578e-07, 0.5725780725479126, -0.2964867949485779, -0.7643624544143677, -0.07169119268655777, 0.9106417298316956, -0.4069300591945648, 0.8167097568511963, 0.28779730200767517, 0.50015789270401),
            ["UpperTorso"] = CFrame.new(-9.313225746154785e-09, 5.662441253662109e-07, -2.9802322387695312e-08, 0.9638767242431641, -0.011392761953175068, 0.2661050260066986, -0.021781647577881813, 0.9923667311668396, 0.12138299643993378, -0.26545658707618713, -0.12279441952705383, 0.9562710523605347),
            ["HumanoidRootPart"] = CFrame.new(0, 0, 0, 1, 0, 0, 0, 1, 0, 0, 0, 1),
            ["RightHand"] = CFrame.new(0, -2.384185791015625e-07, 7.450580596923828e-08, 1, -1.1175867342672063e-08, 7.450577932388569e-09, 3.7252894102834944e-09, 1, -2.60770232074492e-08, 0, 3.7252889661942845e-09, 1),
            ["LeftUpperArm"] = CFrame.new(5.960464477539063e-08, 1.1920928955078125e-07, -1.1874362826347351e-08, 0.9401418566703796, 0.3178516924381256, 0.12289662659168243, -0.1308140605688095, 0.6696032881736755, -0.7311081290245056, -0.3146759569644928, 0.6712687611579895, 0.6711016297340393),
            ["RightLowerArm"] = CFrame.new(-2.9802322387695312e-08, -0.0000010728836059570312, -2.9802322387695312e-08, 1, -1.005828522693264e-07, 1.341104507446289e-07, 1.564622067462551e-07, 0.577983558177948, -0.8160484433174133, -1.0244549208948683e-08, 0.8160485029220581, 0.5779834985733032),
            ["LeftHand"] = CFrame.new(-5.21540641784668e-07, -1.7881393432617188e-07, 5.587935447692871e-08, 1, 1.4901164746561335e-08, 0, 1.4901157641133977e-08, 1, 5.215407838932151e-08, 8.195636524988004e-08, -7.450582373280668e-09, 1),
            ["RightUpperLeg"] = CFrame.new(0, 2.130400389432907e-07, -3.149762051180005e-08, 0.893193781375885, -0.4443337023258209, -0.06908442825078964, 0.28223395347595215, 0.673555314540863, -0.6831305027008057, 0.3500699996948242, 0.5906697511672974, 0.7270213961601257),
            ["LeftUpperLeg"] = CFrame.new(0, 2.2631138563156128e-07, 2.9802322387695312e-08, 0.9455787539482117, -0.0988495796918869, -0.3100157082080841, -0.1901707798242569, 0.6052136421203613, -0.7730145454406738, 0.2640377879142761, 0.7899020314216614, 0.5534788966178894),
            ["RightLowerLeg"] = CFrame.new(4.0978193283081055e-08, -0.00012230873107910156, -0.00007745454058749601, 1, -1.2293455142753373e-07, -9.685754776000977e-08, 1.7136333951839333e-07, 0.32184308767318726, 0.9467928409576416, -1.1920927533992653e-07, -0.9467930197715759, 0.32184362411499023),
            ["RightFoot"] = CFrame.new(4.636376615962945e-08, 2.980232238769531e-07, 6.810296326875687e-09, 0.927658200263977, 0.2920721769332886, 0.2326894849538803, -0.07989293336868286, 0.7639119029045105, -0.6403560638427734, -0.3647840619087219, 0.5754411816596985, 0.7319834232330322),
            ["LeftLowerLeg"] = CFrame.new(-1.4901161193847656e-08, 0.00012236833572387695, 0.0000774487853050232, 1, 8.754431490842762e-08, 7.078050145992165e-08, -8.195638656616211e-08, 0.3601866662502289, 0.9328802227973938, 8.940696716308594e-08, -0.9328802824020386, 0.3601868152618408),
        }},
        {Time = 0.133, Data = {
            ["LeftFoot"] = CFrame.new(7.052206285607099e-08, 0, 1.9575949750105792e-08, 0.9704411625862122, -0.1887582689523697, -0.1503809094429016, 0.09381686896085739, 0.8691603541374207, -0.4855497181415558, 0.22235649824142456, 0.45708924531936646, 0.8611777424812317),
            ["LeftLowerArm"] = CFrame.new(1.1920928955078125e-07, 0, -3.5762786865234375e-07, 1, 5.662441822096298e-07, -3.5762778338721546e-07, -3.1292435664909135e-07, -0.017706500366330147, -0.9998432397842407, -5.513429073289444e-07, 0.9998432397842407, -0.01770653948187828),
            ["LowerTorso"] = CFrame.new(-0.15637055039405823, -0.3778691291809082, 2.3611294253100823e-08, 0.9603099822998047, 0.012053358368575573, 0.27867481112480164, -0.07029690593481064, 0.9772765040397644, 0.19997267425060272, -0.26993200182914734, -0.21162571012973785, 0.9393356442451477),
            ["Head"] = CFrame.new(5.960464477539063e-08, -7.152557373046875e-07, -3.725290298461914e-08, 0.7932609915733337, -0.08905279636383057, -0.6023344397544861, -0.11395706981420517, 0.9500527381896973, -0.29054033756256104, 0.5981228947639465, 0.2991146147251129, 0.7434914708137512),
            ["RightUpperArm"] = CFrame.new(0, -1.1920928955078125e-07, 8.940696716308594e-08, 0.6844729781150818, -0.24153000116348267, -0.6878662705421448, -0.017037931829690933, 0.9379684329032898, -0.3463020324707031, 0.728839099407196, 0.24875420331954956, 0.6378988027572632),
            ["UpperTorso"] = CFrame.new(-2.60770320892334e-08, 4.470348358154297e-07, 5.587935447692871e-08, 0.9535236954689026, -0.0166215430945158, 0.3008591830730438, -0.02413066290318966, 0.9910581111907959, 0.13123111426830292, -0.30035027861595154, -0.13239195942878723, 0.9445962905883789),
            ["HumanoidRootPart"] = CFrame.new(0, 0, 0, 1, 0, 0, 0, 1, 0, 0, 0, 1),
            ["RightHand"] = CFrame.new(1.9371509552001953e-07, -1.1920928955078125e-07, -6.705522537231445e-08, 1, -7.450578820566989e-09, 0, 0, 1, -3.166495687878523e-08, 0, -4.097818262494002e-08, 1),
            ["LeftUpperArm"] = CFrame.new(5.960464477539063e-08, -7.152557373046875e-07, -5.116453394293785e-08, 0.9726755619049072, 0.2283446043729782, -0.04196608439087868, -0.18030071258544922, 0.6290528178215027, -0.7561641931533813, -0.14626704156398773, 0.7430689930915833, 0.6530349254608154),
            ["RightLowerArm"] = CFrame.new(1.7881393432617188e-07, -0.0000010132789611816406, 2.0116567611694336e-07, 1, 8.940698137394065e-08, 1.7881390590446244e-07, 7.450581307466564e-08, 0.7387955784797668, -0.6739296913146973, -2.102460996411537e-07, 0.6739296317100525, 0.7387955784797668),
            ["LeftHand"] = CFrame.new(0, -4.76837158203125e-07, -2.980232238769531e-07, 1, -2.9802318834981634e-08, -2.980232594040899e-08, -1.4901162970204496e-08, 1, -1.4901162970204496e-08, 1.4901162970204496e-08, 7.450579886381092e-08, 1),
            ["RightUpperLeg"] = CFrame.new(0, -3.91155481338501e-08, 3.55576048605144e-08, 0.8688844442367554, -0.4884045124053955, -0.0806293934583664, 0.2954600155353546, 0.642372727394104, -0.7071496844291687, 0.3971690833568573, 0.5906083583831787, 0.7024517059326172),
            ["LeftUpperLeg"] = CFrame.new(-1.1920928955078125e-07, -5.9138983488082886e-08, 2.9802322387695312e-08, 0.9359164834022522, -0.14006857573986053, -0.32317373156547546, -0.1882609724998474, 0.5765365362167358, -0.7950870394706726, 0.2976880371570587, 0.8049761056900024, 0.5132205486297607),
            ["RightLowerLeg"] = CFrame.new(2.9802322387695312e-08, -0.00012254714965820312, -0.0000774172876845114, 1, -1.7881390590446244e-07, -1.1920931797249068e-07, 1.229346224818073e-07, 0.2919377386569977, 0.9564372301101685, -1.3411049337719305e-07, -0.9564374089241028, 0.2919381260871887),
            ["RightFoot"] = CFrame.new(2.7001078706234694e-08, 3.5762786865234375e-07, -3.4902768675237894e-08, 0.9197216033935547, 0.3070429861545563, 0.24461646378040314, -0.07494617253541946, 0.748982310295105, -0.6583372354507446, -0.3853508532047272, 0.5871542096138, 0.7118672132492065),
            ["LeftLowerLeg"] = CFrame.new(1.862645149230957e-09, 0.00012254714965820312, 0.00007735192775726318, 1, 1.862644793959589e-08, 7.078050856534901e-08, -9.313224325069314e-08, 0.3556283116340637, 0.9346275329589844, 5.5879347371501353e-08, -0.9346275329589844, 0.3556283116340637),
        }},
        {Time = 0.150, Data = {
