return {
["up thrust 4"] = {

          {Time = 0.000, Data = {

              ["Head"] = CFrame.new(-0.000000, 0.000000, 0.000000, 1.000000, 0.000000, 0.000000, -0.000000, 0.996819, -0.079702, -0.000000, 0.079702, 0.996819),

              ["LeftFoot"] = CFrame.new(0.000000, 0.033900, -0.000000, 0.960897, -0.211822, -0.178355, 0.274402, 0.814824, 0.510682, 0.037154, -0.539623, 0.841067),

              ["LeftHand"] = CFrame.new(0.000517, -0.026214, -0.000000, 0.994596, 0.089236, -0.053070, -0.085172, 0.993581, 0.074449, 0.059372, -0.069525, 0.995812),

              ["LeftLowerArm"] = CFrame.new(-0.000500, -0.026381, 0.000143, 1.000000, -0.000000, -0.000000, 0.000000, 1.000000, -0.000001, 0.000000, -0.000000, 1.000000),

              ["LeftLowerLeg"] = CFrame.new(0.000000, 0.123636, -0.119216, 1.000000, -0.000000, -0.000000, 0.000000, -0.236584, 0.971609, -0.000000, -0.971611, -0.236592),

              ["LeftUpperArm"] = CFrame.new(0.094333, 0.025600, 0.023466, 0.966334, 0.233797, 0.107409, -0.218113, 0.965829, -0.140007, -0.136472, 0.111866, 0.984308),

              ["LeftUpperLeg"] = CFrame.new(-0.104933, 0.035144, -0.033702, 0.960897, -0.028823, -0.275402, -0.164093, 0.741853, -0.650160, 0.223047, 0.669943, 0.708129),

              ["LowerTorso"] = CFrame.new(0.000000, -1.632387, 0.821655, 1.000000, 0.000000, -0.000000, -0.000000, -0.065507, -0.997852, -0.000000, 0.997852, -0.065507),

              ["RightFoot"] = CFrame.new(0.000000, 0.034134, -0.000100, 0.953483, 0.230596, 0.194162, -0.300719, 0.772355, 0.559524, -0.020939, -0.591855, 0.805750),

              ["RightHand"] = CFrame.new(-0.000529, -0.044204, -0.000000, 0.995431, -0.082024, 0.048870, 0.085148, 0.994200, -0.065701, -0.043197, 0.069562, 0.996642),

              ["RightLowerArm"] = CFrame.new(-0.000001, -0.044152, 0.000240, 1.000000, 0.000000, 0.000000, -0.000000, 1.000000, -0.000001, -0.000000, -0.000000, 1.000000),

              ["RightLowerLeg"] = CFrame.new(0.000000, 0.123297, -0.119897, 1.000000, 0.000000, 0.000000, -0.000000, -0.242635, 0.970116, 0.000000, -0.970118, -0.242643),

              ["RightUpperArm"] = CFrame.new(-0.059776, 0.031877, 0.000869, 0.939826, -0.332941, -0.076659, 0.322429, 0.938534, -0.123261, 0.112986, 0.091128, 0.989409),

              ["RightUpperLeg"] = CFrame.new(0.111073, 0.039388, -0.012285, 0.953483, 0.052656, 0.296814, 0.178636, 0.694418, -0.697032, -0.242816, 0.717642, 0.652724),

              ["UpperTorso"] = CFrame.new(-0.000000, 0.049806, -0.029368, 1.000000, -0.000000, 0.000000, 0.000000, 0.971001, 0.239076, -0.000000, -0.239076, 0.971001)

          }},

          {Time = 0.017, Data = {

              ["Head"] = CFrame.new(-0.000000, 0.000000, 0.000000, 1.000000, -0.000000, 0.000000, -0.000000, 0.994385, -0.105826, 0.000000, 0.105826, 0.994385),

              ["LeftFoot"] = CFrame.new(-0.000000, 0.034057, -0.000000, 0.952934, -0.231920, -0.195277, 0.302443, 0.772021, 0.559056, 0.021103, -0.591774, 0.805806),

              ["LeftHand"] = CFrame.new(0.000515, -0.022880, -0.000000, 0.994782, 0.087680, -0.052161, -0.083921, 0.993987, 0.070334, 0.058014, -0.065589, 0.996159),

              ["LeftLowerArm"] = CFrame.new(-0.000499, -0.023052, 0.000125, 1.000000, -0.000000, -0.000000, -0.000000, 1.000000, -0.000001, 0.000000, -0.000000, 1.000000),

              ["LeftLowerLeg"] = CFrame.new(-0.000000, 0.122961, -0.121893, 1.000000, -0.000000, -0.000000, 0.000000, -0.264488, 0.964387, -0.000000, -0.964389, -0.264496),

              ["LeftUpperArm"] = CFrame.new(0.094212, 0.027622, 0.019526, 0.966093, 0.234808, 0.107372, -0.214070, 0.960951, -0.175351, -0.144353, 0.146421, 0.978634),

              ["LeftUpperLeg"] = CFrame.new(-0.104933, 0.035144, -0.033702, 0.952934, -0.059645, -0.297254, -0.213418, 0.564410, -0.797419, 0.215335, 0.823337, 0.525131),

              ["LowerTorso"] = CFrame.new(0.000000, -1.709221, 0.814427, 1.000000, -0.000000, -0.000000, -0.000000, 0.081007, -0.996714, 0.000000, 0.996714, 0.081007),

              ["RightFoot"] = CFrame.new(0.000000, 0.034231, -0.000100, 0.943805, 0.252824, 0.212878, -0.330504, 0.721629, 0.608317, 0.000176, -0.644462, 0.764613),

              ["RightHand"] = CFrame.new(-0.000526, -0.040265, -0.000000, 0.995665, -0.079897, 0.047627, 0.083168, 0.993989, -0.071195, -0.041652, 0.074847, 0.996325),

              ["RightLowerArm"] = CFrame.new(-0.000001, -0.040217, 0.000219, 1.000000, -0.000000, 0.000000, -0.000000, 1.000000, -0.000001, -0.000000, -0.000000, 1.000000),

              ["RightLowerLeg"] = CFrame.new(-0.000000, 0.122882, -0.121538, 1.000000, 0.000000, 0.000000, -0.000000, -0.259751, 0.965674, 0.000000, -0.965676, -0.259759),

              ["RightUpperArm"] = CFrame.new(-0.059448, 0.033154, -0.005167, 0.939170, -0.334610, -0.077435, 0.319876, 0.934271, -0.157536, 0.125058, 0.123184, 0.984473),

              ["RightUpperLeg"] = CFrame.new(0.111073, 0.039388, -0.012285, 0.943805, 0.086024, 0.319115, 0.232655, 0.512854, -0.826339, -0.234744, 0.854155, 0.464036),

              ["UpperTorso"] = CFrame.new(-0.000000, 0.059214, 0.014367, 1.000000, 0.000000, 0.000000, -0.000000, 0.990905, 0.134565, -0.000000, -0.134565, 0.990905)

          }},

          {Time = 0.033, Data = {

              ["Head"] = CFrame.new(0.000000, -0.000000, 0.000000, 1.000000, 0.000000, 0.000000, -0.000000, 0.991271, -0.131838, -0.000000, 0.131838, 0.991271),

              ["LeftFoot"] = CFrame.new(-0.000000, 0.034105, -0.000000, 0.947407, -0.244813, -0.206133, 0.319926, 0.741124, 0.590267, 0.008267, -0.625142, 0.780445),

              ["LeftHand"] = CFrame.new(0.000512, -0.018721, -0.000000, 0.995004, 0.085791, -0.051058, -0.082367, 0.994430, 0.065763, 0.056415, -0.061228, 0.996528),

              ["LeftLowerArm"] = CFrame.new(-0.000500, -0.018898, 0.000102, 1.000000, -0.000000, -0.000000, 0.000000, 1.000000, -0.000001, 0.000000, -0.000000, 1.000000),

              ["LeftLowerLeg"] = CFrame.new(0.000000, 0.122745, -0.122688, 1.000000, -0.000000, -0.000000, 0.000000, -0.272787, 0.962072, -0.000000, -0.962074, -0.272795),

              ["LeftUpperArm"] = CFrame.new(0.094064, 0.029432, 0.015960, 0.965797, 0.236085, 0.107240, -0.210449, 0.955280, -0.207726, -0.151486, 0.178053, 0.972291),

              ["LeftUpperLeg"] = CFrame.new(-0.104933, 0.035144, -0.033702, 0.947407, -0.079323, -0.310048, -0.255740, 0.394781, -0.882458, 0.192400, 0.915345, 0.353748),

              ["LowerTorso"] = CFrame.new(0.000000, -1.756224, 0.816317, 1.000000, -0.000000, -0.000000, -0.000000, 0.224057, -0.974576, 0.000000, 0.974576, 0.224057),

              ["RightFoot"] = CFrame.new(-0.000000, 0.034234, -0.000100, 0.937353, 0.266500, 0.224392, -0.348009, 0.686491, 0.638476, 0.016107, -0.676541, 0.736204),

              ["RightHand"] = CFrame.new(-0.000523, -0.035548, -0.000000, 0.995933, -0.077380, 0.046156, 0.080782, 0.993749, -0.077057, -0.039905, 0.080472, 0.995958),

              ["RightLowerArm"] = CFrame.new(-0.000001, -0.035504, 0.000193, 1.000000, 0.000000, 0.000000, -0.000000, 1.000000, -0.000001, -0.000000, -0.000000, 1.000000),

              ["RightLowerLeg"] = CFrame.new(0.000000, 0.122869, -0.121588, 1.000000, 0.000000, 0.000000, -0.000000, -0.260264, 0.965535, 0.000000, -0.965538, -0.260272),

              ["RightUpperArm"] = CFrame.new(-0.059056, 0.034290, -0.010756, 0.938386, -0.336633, -0.078166, 0.317603, 0.929210, -0.188937, 0.136236, 0.152471, 0.978873),

              ["RightUpperLeg"] = CFrame.new(0.111073, 0.039388, -0.012285, 0.937353, 0.106132, 0.331824, 0.278394, 0.344422, -0.896582, -0.209444, 0.932796, 0.293315),

              ["UpperTorso"] = CFrame.new(-0.000000, 0.050728, 0.082639, 1.000000, 0.000000, 0.000000, -0.000000, 0.999609, 0.027960, -0.000000, -0.027960, 0.999609)

          }},

          {Time = 0.050, Data = {

              ["Head"] = CFrame.new(0.000000, -0.000000, -0.000000, 1.000000, 0.000000, -0.000000, 0.000000, 0.987718, -0.156250, 0.000000, 0.156250, 0.987718),

              ["LeftFoot"] = CFrame.new(-0.000000, 0.034080, -0.000000, 0.945486, -0.249121, -0.209759, 0.325660, 0.725860, 0.605891, 0.001318, -0.641144, 0.767396),

              ["LeftHand"] = CFrame.new(0.000509, -0.014380, -0.000000, 0.995234, 0.083786, -0.049887, -0.080710, 0.994882, 0.060787, 0.054725, -0.056470, 0.996903),

              ["LeftLowerArm"] = CFrame.new(-0.000499, -0.014562, 0.000079, 1.000000, -0.000000, -0.000000, 0.000000, 1.000000, -0.000001, 0.000000, -0.000000, 1.000000),

              ["LeftLowerLeg"] = CFrame.new(-0.000000, 0.122860, -0.122270, 1.000000, -0.000000, -0.000000, 0.000000, -0.268423, 0.963299, -0.000000, -0.963301, -0.268431),

              ["LeftUpperArm"] = CFrame.new(0.093904, 0.030878, 0.013003, 0.965477, 0.237433, 0.107146, -0.207558, 0.949742, -0.234327, -0.157398, 0.203999, 0.966235),

              ["LeftUpperLeg"] = CFrame.new(-0.104933, 0.035144, -0.033702, 0.945486, -0.086150, -0.314063, -0.284117, 0.253128, -0.924768, 0.159166, 0.963589, 0.214868),

              ["LowerTorso"] = CFrame.new(0.000000, -1.777014, 0.825890, 1.000000, -0.000000, -0.000000, -0.000000, 0.352567, -0.935786, 0.000000, 0.935786, 0.352567),

              ["RightFoot"] = CFrame.new(0.000000, 0.034182, -0.000100, 0.935537, 0.270209, 0.227514, -0.352414, 0.670254, 0.653143, 0.023988, -0.691193, 0.722248),

              ["RightHand"] = CFrame.new(-0.000520, -0.030745, -0.000000, 0.996200, -0.074788, 0.044642, 0.078307, 0.993458, -0.083127, -0.038133, 0.086307, 0.995539),

              ["RightLowerArm"] = CFrame.new(-0.000001, -0.030707, 0.000167, 1.000000, 0.000000, 0.000000, -0.000000, 1.000000, -0.000001, -0.000000, -0.000000, 1.000000),

              ["RightLowerLeg"] = CFrame.new(0.000000, 0.123099, -0.120697, 1.000000, 0.000000, 0.000000, -0.000000, -0.250982, 0.967990, 0.000000, -0.967992, -0.250990),

              ["RightUpperArm"] = CFrame.new(-0.058649, 0.035192, -0.015495, 0.937571, -0.338713, -0.078961, 0.315798, 0.924204, -0.214749, 0.145715, 0.176408, 0.973472),

              ["RightUpperLeg"] = CFrame.new(0.111073, 0.039388, -0.012285, 0.935537, 0.111676, 0.335113, 0.308166, 0.205633, -0.928839, -0.172639, 0.972236, 0.157979),

              ["UpperTorso"] = CFrame.new(0.000000, 0.020238, 0.157761, 1.000000, 0.000000, 0.000000, -0.000000, 0.997275, -0.073775, -0.000000, 0.073775, 0.997275)

          }},

          {Time = 0.067, Data = {

              ["Head"] = CFrame.new(-0.000000, 0.000000, 0.000000, 1.000000, -0.000000, 0.000000, 0.000000, 0.984102, -0.177603, -0.000000, 0.177603, 0.984102),

              ["LeftFoot"] = CFrame.new(-0.000000, 0.034015, -0.000000, 0.946906, -0.245943, -0.207084, 0.321509, 0.725620, 0.608391, 0.000637, -0.642641, 0.766144),

              ["LeftHand"] = CFrame.new(0.000507, -0.010738, 0.000000, 0.995439, 0.081958, -0.048820, -0.079232, 0.995317, 0.055368, 0.053129, -0.051247, 0.997272),

              ["LeftLowerArm"] = CFrame.new(-0.000500, -0.010925, 0.000059, 1.000000, -0.000000, -0.000000, 0.000000, 1.000000, -0.000001, 0.000000, -0.000000, 1.000000),

              ["LeftLowerLeg"] = CFrame.new(0.000000, 0.123155, -0.121160, 1.000000, -0.000000, -0.000000, 0.000000, -0.256853, 0.966448, -0.000000, -0.966450, -0.256862),

              ["LeftUpperArm"] = CFrame.new(0.093756, 0.031828, 0.010877, 0.965181, 0.238571, 0.107285, -0.205659, 0.945521, -0.252377, -0.161651, 0.221526, 0.961663),

              ["LeftUpperLeg"] = CFrame.new(-0.104933, 0.035144, -0.033702, 0.946907, -0.081970, -0.310886, -0.296675, 0.149879, -0.943141, 0.123904, 0.985301, 0.117620),

              ["LowerTorso"] = CFrame.new(0.000000, -1.776082, 0.839933, 1.000000, -0.000000, -0.000000, -0.000000, 0.457642, -0.889137, 0.000000, 0.889137, 0.457642),

              ["RightFoot"] = CFrame.new(0.000000, 0.034104, -0.000100, 0.937829, 0.265519, 0.223565, -0.346272, 0.671292, 0.655358, 0.023928, -0.692002, 0.721474),

              ["RightHand"] = CFrame.new(-0.000518, -0.026799, -0.000000, 0.996424, -0.072541, 0.043329, 0.076182, 0.993085, -0.089325, -0.036549, 0.092306, 0.995060),

              ["RightLowerArm"] = CFrame.new(-0.000001, -0.026766, 0.000146, 1.000000, 0.000000, 0.000000, -0.000000, 1.000000, -0.000001, -0.000000, -0.000000, 1.000000),

              ["RightLowerLeg"] = CFrame.new(0.000000, 0.123427, -0.119356, 1.000000, 0.000000, 0.000000, -0.000000, -0.236997, 0.971508, 0.000000, -0.971510, -0.237006),

              ["RightUpperArm"] = CFrame.new(-0.058292, 0.035786, -0.018991, 0.936857, -0.340441, -0.079996, 0.314611, 0.920359, -0.232291, 0.152707, 0.192457, 0.969351),

              ["RightUpperLeg"] = CFrame.new(0.111073, 0.039388, -0.012285, 0.937829, 0.105318, 0.330737, 0.320287, 0.104636, -0.941522, -0.133766, 0.988918, 0.064416),

              ["UpperTorso"] = CFrame.new(0.000000, -0.025800, 0.224120, 1.000000, 0.000000, 0.000000, -0.000000, 0.986478, -0.163895, -0.000000, 0.163895, 0.986478)

          }},

          {Time = 0.083, Data = {

              ["Head"] = CFrame.new(-0.000000, 0.000000, 0.000000, 1.000000, -0.000000, 0.000000, -0.000000, 0.980908, -0.194472, 0.000000, 0.194472, 0.980908),

              ["LeftFoot"] = CFrame.new(0.000000, 0.033936, -0.000000, 0.950298, -0.238166, -0.200535, 0.311305, 0.736745, 0.600273, 0.004781, -0.632838, 0.774247),

              ["LeftHand"] = CFrame.new(0.000506, -0.008785, -0.000000, 0.995586, 0.080624, -0.048041, -0.078249, 0.995708, 0.049417, 0.051819, -0.045439, 0.997622),

              ["LeftLowerArm"] = CFrame.new(-0.000500, -0.008974, 0.000048, 1.000000, -0.000000, -0.000000, 0.000000, 1.000000, -0.000001, 0.000000, -0.000000, 1.000000),

              ["LeftLowerLeg"] = CFrame.new(0.000000, 0.123494, -0.119811, 1.000000, -0.000000, -0.000000, 0.000000, -0.242780, 0.970079, -0.000000, -0.970081, -0.242789),

              ["LeftUpperArm"] = CFrame.new(0.093646, 0.032163, 0.009805, 0.964962, 0.239190, 0.107877, -0.204988, 0.943844, -0.259111, -0.163796, 0.227920, 0.959804),

              ["LeftUpperLeg"] = CFrame.new(-0.104933, 0.035144, -0.033702, 0.950298, -0.070946, -0.303153, -0.296627, 0.089495, -0.950789, 0.094584, 0.993457, 0.064019),

              ["LowerTorso"] = CFrame.new(0.000000, -1.759015, 0.854186, 1.000000, -0.000000, -0.000000, -0.000000, 0.533125, -0.846037, 0.000000, 0.846037, 0.533125),

              ["RightFoot"] = CFrame.new(-0.000000, 0.034024, -0.000100, 0.942356, 0.255967, 0.215523, -0.334119, 0.684861, 0.647581, 0.018152, -0.682236, 0.730882),

              ["RightHand"] = CFrame.new(-0.000516, -0.024728, -0.000000, 0.996564, -0.071103, 0.042488, 0.074896, 0.992596, -0.095622, -0.035375, 0.098475, 0.994511),

              ["RightLowerArm"] = CFrame.new(-0.000000, -0.024697, 0.000134, 1.000000, 0.000000, 0.000000, -0.000000, 1.000000, -0.000001, -0.000000, -0.000000, 1.000000),

              ["RightLowerLeg"] = CFrame.new(-0.000000, 0.123745, -0.117969, 1.000000, 0.000000, 0.000000, -0.000000, -0.222539, 0.974922, 0.000000, -0.974924, -0.222548),

              ["RightUpperArm"] = CFrame.new(-0.058061, 0.036011, -0.020841, 0.936397, -0.341356, -0.081472, 0.314163, 0.918820, -0.238895, 0.156407, 0.198106, 0.967622),

              ["RightUpperLeg"] = CFrame.new(0.111073, 0.039388, -0.012285, 0.942356, 0.092058, 0.321701, 0.318797, 0.045069, -0.946750, -0.101654, 0.994733, 0.013141),

              ["UpperTorso"] = CFrame.new(0.000000, -0.073120, 0.271308, 1.000000, 0.000000, 0.000000, -0.000000, 0.971672, -0.236333, -0.000000, 0.236333, 0.971672)

          }},

          {Time = 0.100, Data = {

              ["Head"] = CFrame.new(0.000000, 0.000000, 0.000000, 1.000000, -0.000000, -0.000000, 0.000000, 0.978599, -0.205777, -0.000000, 0.205777, 0.978599),

              ["LeftFoot"] = CFrame.new(0.000000, 0.033872, -0.000000, 0.954169, -0.228930, -0.192759, 0.299025, 0.755304, 0.583208, 0.012080, -0.614090, 0.789122),

              ["LeftHand"] = CFrame.new(0.000506, -0.009460, -0.000000, 0.995627, 0.080247, -0.047822, -0.078153, 0.995963, 0.044165, 0.051172, -0.040234, 0.997879),

              ["LeftLowerArm"] = CFrame.new(-0.000500, -0.009648, 0.000052, 1.000000, -0.000000, -0.000000, 0.000000, 1.000000, -0.000001, 0.000000, -0.000000, 1.000000),

              ["LeftLowerLeg"] = CFrame.new(0.000000, 0.123757, -0.118703, 1.000000, -0.000000, -0.000000, 0.000000, -0.231235, 0.972896, -0.000000, -0.972898, -0.231244),

              ["LeftUpperArm"] = CFrame.new(0.093615, 0.031925, 0.009919, 0.964899, 0.238977, 0.108902, -0.205464, 0.945205, -0.253715, -0.163567, 0.222435, 0.961129),

              ["LeftUpperLeg"] = CFrame.new(-0.104933, 0.035144, -0.033702, 0.954169, -0.057398, -0.293715, -0.289499, 0.071703, -0.954488, 0.075845, 0.995773, 0.051817),

              ["LowerTorso"] = CFrame.new(0.000000, -1.731467, 0.863833, 1.000000, -0.000000, -0.000000, -0.000000, 0.576743, -0.816926, 0.000000, 0.816926, 0.576743),

              ["RightFoot"] = CFrame.new(0.000000, 0.033967, -0.000100, 0.947240, 0.245190, 0.206449, -0.320398, 0.706237, 0.631353, 0.008996, -0.664162, 0.747511),

              ["RightHand"] = CFrame.new(-0.000517, -0.025488, -0.000000, 0.996572, -0.071013, 0.042436, 0.074982, 0.992086, -0.100716, -0.034948, 0.103553, 0.994010),

              ["RightLowerArm"] = CFrame.new(-0.000001, -0.025456, 0.000139, 1.000000, -0.000000, 0.000000, -0.000000, 1.000000, -0.000001, -0.000000, -0.000000, 1.000000),

              ["RightLowerLeg"] = CFrame.new(0.000000, 0.123958, -0.116977, 1.000000, 0.000000, 0.000000, -0.000000, -0.212205, 0.977223, 0.000000, -0.977225, -0.212215),

              ["RightUpperArm"] = CFrame.new(-0.058047, 0.035930, -0.020765, 0.936368, -0.341023, -0.083179, 0.314324, 0.920080, -0.233779, 0.156255, 0.192758, 0.968725),

              ["RightUpperLeg"] = CFrame.new(0.111073, 0.039388, -0.012285, 0.947240, 0.076787, 0.311192, 0.310060, 0.026536, -0.950346, -0.081232, 0.996694, 0.001345),

              ["UpperTorso"] = CFrame.new(0.000000, -0.106178, 0.298279, 1.000000, 0.000000, 0.000000, -0.000000, 0.957830, -0.287337, -0.000000, 0.287337, 0.957830)

          }},

          {Time = 0.117, Data = {

              ["Head"] = CFrame.new(0.000000, -0.000000, 0.000000, 1.000000, -0.000000, -0.000000, 0.000000, 0.977331, -0.211715, 0.000000, 0.211715, 0.977331),

              ["LeftFoot"] = CFrame.new(-0.000000, 0.033830, -0.000000, 0.957953, -0.219488, -0.184810, 0.286111, 0.779240, 0.557634, 0.021618, -0.587034, 0.809253),

              ["LeftHand"] = CFrame.new(0.000509, -0.012851, -0.000000, 0.995550, 0.080955, -0.048236, -0.079028, 0.996046, 0.040593, 0.051331, -0.036600, 0.998011),

              ["LeftLowerArm"] = CFrame.new(-0.000500, -0.013035, 0.000070, 1.000000, -0.000000, -0.000000, 0.000000, 1.000000, -0.000001, 0.000000, -0.000000, 1.000000),

              ["LeftLowerLeg"] = CFrame.new(0.000000, 0.123921, -0.117975, 1.000000, -0.000000, -0.000000, 0.000000, -0.223648, 0.974668, -0.000000, -0.974670, -0.223657),

              ["LeftUpperArm"] = CFrame.new(0.093674, 0.031254, 0.011117, 0.965016, 0.237912, 0.110192, -0.206805, 0.949021, -0.237889, -0.161171, 0.206779, 0.965021),

              ["LeftUpperLeg"] = CFrame.new(-0.104933, 0.035144, -0.033702, 0.957953, -0.042922, -0.283699, -0.279019, 0.091173, -0.955946, 0.066896, 0.994910, 0.075380),

              ["LowerTorso"] = CFrame.new(0.000000, -1.695965, 0.867231, 1.000000, -0.000000, -0.000000, -0.000000, 0.593701, -0.804686, 0.000000, 0.804686, 0.593701),

              ["RightFoot"] = CFrame.new(0.000000, 0.033938, -0.000100, 0.951847, 0.234517, 0.197463, -0.306563, 0.733216, 0.606997, -0.002434, -0.638276, 0.769781),

              ["RightHand"] = CFrame.new(-0.000519, -0.029094, -0.000000, 0.996442, -0.072358, 0.043222, 0.076509, 0.991664, -0.103678, -0.035360, 0.106616, 0.993671),

              ["RightLowerArm"] = CFrame.new(-0.000001, -0.029059, 0.000158, 1.000000, 0.000000, 0.000000, -0.000000, 1.000000, -0.000001, -0.000000, -0.000000, 1.000000),

              ["RightLowerLeg"] = CFrame.new(-0.000000, 0.124058, -0.116492, 1.000000, 0.000000, 0.000000, -0.000000, -0.207157, 0.978306, 0.000000, -0.978308, -0.207166),

              ["RightUpperArm"] = CFrame.new(-0.058262, 0.035657, -0.018905, 0.936799, -0.339433, -0.084817, 0.314868, 0.923622, -0.218587, 0.152534, 0.178066, 0.972124),

              ["RightUpperLeg"] = CFrame.new(0.111073, 0.039388, -0.012285, 0.951847, 0.061131, 0.300417, 0.298124, 0.043900, -0.953516, -0.071477, 0.997164, 0.023579),

              ["UpperTorso"] = CFrame.new(0.000000, -0.120357, 0.311861, 1.000000, 0.000000, 0.000000, -0.000000, 0.947544, -0.319626, -0.000000, 0.319626, 0.947544)

          }},

          {Time = 0.133, Data = {

              ["Head"] = CFrame.new(0.000000, 0.000000, -0.000000, 1.000000, 0.000000, 0.000000, 0.000000, 0.977100, -0.212783, 0.000000, 0.212783, 0.977100),

              ["LeftFoot"] = CFrame.new(-0.000000, 0.033798, -0.000000, 0.961580, -0.210002, -0.176822, 0.272595, 0.806645, 0.524448, 0.032498, -0.552471, 0.832879),

              ["LeftHand"] = CFrame.new(0.000512, -0.018343, -0.000000, 0.995382, 0.082477, -0.049125, -0.080640, 0.996009, 0.038269, 0.052085, -0.034130, 0.998059),

              ["LeftLowerArm"] = CFrame.new(-0.000499, -0.018520, 0.000100, 1.000000, -0.000000, -0.000000, 0.000000, 1.000000, -0.000001, 0.000000, -0.000000, 1.000000),

              ["LeftLowerLeg"] = CFrame.new(0.000000, 0.124043, -0.117418, 1.000000, -0.000000, -0.000000, 0.000000, -0.217841, 0.975982, -0.000000, -0.975984, -0.217850),

              ["LeftUpperArm"] = CFrame.new(0.093798, 0.030167, 0.013294, 0.965265, 0.236203, 0.111679, -0.208980, 0.954531, -0.212599, -0.156817, 0.181877, 0.970737),

              ["LeftUpperLeg"] = CFrame.new(-0.104933, 0.035144, -0.033702, 0.961580, -0.027669, -0.273129, -0.266617, 0.142964, -0.953138, 0.065419, 0.989341, 0.130112),

              ["LowerTorso"] = CFrame.new(0.000000, -1.653552, 0.865512, 1.000000, -0.000000, -0.000000, -0.000000, 0.589427, -0.807822, 0.000000, 0.807822, 0.589427),

              ["RightFoot"] = CFrame.new(-0.000000, 0.033927, -0.000100, 0.956153, 0.224032, 0.188635, -0.292468, 0.763998, 0.575154, -0.015265, -0.605076, 0.795999),

              ["RightHand"] = CFrame.new(-0.000523, -0.034949, -0.000000, 0.996199, -0.074797, 0.044647, 0.079136, 0.991319, -0.104998, -0.036406, 0.108131, 0.993470),

              ["RightLowerArm"] = CFrame.new(-0.000001, -0.034907, 0.000190, 1.000000, 0.000000, 0.000000, 0.000000, 1.000000, -0.000001, -0.000000, -0.000000, 1.000000),

              ["RightLowerLeg"] = CFrame.new(0.000000, 0.124099, -0.116290, 1.000000, 0.000000, 0.000000, -0.000000, -0.205052, 0.978749, 0.000000, -0.978751, -0.205062),

              ["RightUpperArm"] = CFrame.new(-0.058650, 0.035188, -0.015477, 0.937573, -0.336887, -0.086394, 0.315808, 0.928725, -0.194254, 0.145678, 0.154844, 0.977139),

              ["RightUpperLeg"] = CFrame.new(0.111073, 0.039388, -0.012285, 0.956154, 0.045035, 0.289384, 0.284429, 0.092672, -0.954206, -0.069790, 0.994678, 0.075817),

              ["UpperTorso"] = CFrame.new(0.000000, -0.117079, 0.315253, 1.000000, 0.000000, 0.000000, -0.000000, 0.941412, -0.337259, -0.000000, 0.337259, 0.941412)

          }},

          {Time = 0.150, Data = {

              ["Head"] = CFrame.new(0.000000, 0.000000, -0.000000, 1.000000, -0.000000, -0.000000, -0.000000, 0.977818, -0.209455, 0.000000, 0.209455, 0.977818),

              ["LeftFoot"] = CFrame.new(0.000000, 0.033757, -0.000000, 0.965075, -0.200400, -0.168738, 0.258289, 0.835509, 0.485016, 0.043784, -0.511630, 0.858072),

              ["LeftHand"] = CFrame.new(0.000517, -0.025162, 0.000000, 0.995154, 0.084489, -0.050301, -0.082693, 0.995896, 0.036773, 0.053201, -0.032434, 0.998057),

              ["LeftLowerArm"] = CFrame.new(-0.000499, -0.025331, 0.000137, 1.000000, -0.000000, -0.000000, 0.000000, 1.000000, -0.000001, 0.000000, -0.000000, 1.000000),

              ["LeftLowerLeg"] = CFrame.new(0.000000, 0.124191, -0.116717, 1.000000, -0.000000, -0.000000, 0.000000, -0.210535, 0.977584, -0.000000, -0.977586, -0.210545),

              ["LeftUpperArm"] = CFrame.new(0.093960, 0.028669, 0.016364, 0.965589, 0.234114, 0.113263, -0.211977, 0.960782, -0.178785, -0.150678, 0.148624, 0.977347),

              ["LeftUpperLeg"] = CFrame.new(-0.104933, 0.035144, -0.033702, 0.965075, -0.011579, -0.261719, -0.252704, 0.222255, -0.941666, 0.069071, 0.974920, 0.211584),

              ["LowerTorso"] = CFrame.new(0.000000, -1.604757, 0.860551, 1.000000, -0.000000, -0.000000, -0.000000, 0.568064, -0.822984, 0.000000, 0.822984, 0.568064),

              ["RightFoot"] = CFrame.new(-0.000000, 0.033912, -0.000100, 0.960234, 0.213574, 0.179830, -0.277725, 0.796701, 0.536812, -0.028622, -0.565379, 0.824314),

              ["RightHand"] = CFrame.new(-0.000528, -0.042271, -0.000000, 0.995877, -0.077909, 0.046466, 0.082437, 0.991033, -0.105153, -0.037857, 0.108549, 0.993370),

              ["RightLowerArm"] = CFrame.new(-0.000001, -0.042219, 0.000230, 1.000000, 0.000000, 0.000000, -0.000000, 1.000000, -0.000001, -0.000000, -0.000000, 1.000000),

              ["RightLowerLeg"] = CFrame.new(0.000000, 0.124148, -0.116046, 1.000000, 0.000000, 0.000000, -0.000000, -0.202507, 0.979279, 0.000000, -0.979281, -0.202516),

              ["RightUpperArm"] = CFrame.new(-0.059139, 0.034504, -0.010685, 0.938551, -0.333762, -0.087887, 0.317174, 0.934482, -0.161688, 0.136095, 0.123878, 0.982921),

              ["RightUpperLeg"] = CFrame.new(0.111073, 0.039388, -0.012285, 0.960234, 0.028216, 0.277767, 0.269316, 0.168700, -0.948158, -0.073612, 0.985263, 0.154410),

              ["UpperTorso"] = CFrame.new(0.000000, -0.099919, 0.309399, 1.000000, 0.000000, 0.000000, -0.000000, 0.938954, -0.344041, -0.000000, 0.344041, 0.938954)

          }},

          {Time = 0.167, Data = {

              ["Head"] = CFrame.new(0.000000, 0.000000, -0.000000, 1.000000, 0.000000, 0.000000, -0.000000, 0.979346, -0.202191, 0.000000, 0.202191, 0.979346),

              ["LeftFoot"] = CFrame.new(0.000000, 0.033687, -0.000000, 0.968470, -0.190575, -0.160466, 0.243102, 0.863757, 0.441420, 0.054479, -0.466482, 0.882836),

              ["LeftHand"] = CFrame.new(0.000521, -0.032499, -0.000000, 0.994903, 0.086655, -0.051567, -0.084881, 0.995753, 0.035653, 0.054437, -0.031093, 0.998033),

              ["LeftLowerArm"] = CFrame.new(-0.000499, -0.032660, 0.000177, 1.000000, -0.000000, -0.000000, 0.000000, 1.000000, -0.000001, 0.000000, -0.000000, 1.000000),

              ["LeftLowerLeg"] = CFrame.new(-0.000000, 0.124433, -0.115510, 1.000000, -0.000000, -0.000000, 0.000000, -0.197961, 0.980208, -0.000000, -0.980210, -0.197970),

              ["LeftUpperArm"] = CFrame.new(0.094132, 0.026771, 0.020258, 0.965932, 0.231914, 0.114850, -0.215772, 0.966731, -0.137378, -0.142889, 0.107917, 0.983838),

              ["LeftUpperLeg"] = CFrame.new(-0.104933, 0.035144, -0.033702, 0.968470, 0.005273, -0.249076, -0.237363, 0.323180, -0.916080, 0.075665, 0.946323, 0.314259),

              ["LowerTorso"] = CFrame.new(-0.000000, -1.549886, 0.854554, 1.000000, -0.000000, -0.000000, -0.000000, 0.533195, -0.845992, 0.000000, 0.845992, 0.533195),

              ["RightFoot"] = CFrame.new(0.000000, 0.033874, -0.000100, 0.964160, 0.202960, 0.170893, -0.262048, 0.829291, 0.493594, -0.041540, -0.520657, 0.852737),

              ["RightHand"] = CFrame.new(-0.000533, -0.050179, -0.000000, 0.995515, -0.081265, 0.048427, 0.085970, 0.990786, -0.104652, -0.039476, 0.108346, 0.993329),

              ["RightLowerArm"] = CFrame.new(-0.000002, -0.050119, 0.000273, 1.000000, 0.000000, 0.000000, -0.000000, 1.000000, -0.000001, -0.000000, -0.000000, 1.000000),

              ["RightLowerLeg"] = CFrame.new(-0.000000, 0.124276, -0.115387, 1.000000, 0.000000, 0.000000, -0.000000, -0.195641, 0.980674, 0.000000, -0.980676, -0.195651),

              ["RightUpperArm"] = CFrame.new(-0.059659, 0.033600, -0.004716, 0.939593, -0.330447, -0.089277, 0.318984, 0.939902, -0.121790, 0.124157, 0.085956, 0.988533),

              ["RightUpperLeg"] = CFrame.new(0.111073, 0.039388, -0.012285, 0.964160, 0.010534, 0.265112, 0.252787, 0.267009, -0.929944, -0.080582, 0.963637, 0.254794),

              ["UpperTorso"] = CFrame.new(0.000000, -0.073653, 0.294261, 1.000000, 0.000000, 0.000000, -0.000000, 0.939118, -0.343595, -0.000000, 0.343595, 0.939118)

          }},

          {Time = 0.183, Data = {

              ["Head"] = CFrame.new(-0.000000, 0.000000, 0.000000, 1.000000, 0.000000, -0.000000, 0.000000, 0.981505, -0.191439, 0.000000, 0.191439, 0.981505),

              ["LeftFoot"] = CFrame.new(0.000000, 0.033568, -0.000000, 0.971765, -0.180493, -0.151977, 0.227222, 0.889435, 0.396610, 0.063586, -0.419915, 0.905320),

              ["LeftHand"] = CFrame.new(0.000526, -0.039499, -0.000000, 0.994665, 0.088658, -0.052738, -0.086920, 0.995621, 0.034394, 0.055556, -0.029626, 0.998016),

              ["LeftLowerArm"] = CFrame.new(-0.000499, -0.039650, 0.000215, 1.000000, 0.000000, -0.000000, -0.000000, 1.000000, -0.000001, 0.000000, -0.000000, 1.000000),

              ["LeftLowerLeg"] = CFrame.new(-0.000000, 0.124810, -0.113438, 1.000000, -0.000000, -0.000000, 0.000000, -0.176375, 0.984321, -0.000000, -0.984323, -0.176384),

              ["LeftUpperArm"] = CFrame.new(0.094288, 0.024506, 0.024922, 0.966245, 0.229849, 0.116365, -0.220302, 0.971333, -0.089323, -0.133560, 0.060673, 0.989182),

              ["LeftUpperLeg"] = CFrame.new(-0.104933, 0.035144, -0.033702, 0.971765, 0.022511, -0.234875, -0.220773, 0.438006, -0.871433, 0.083259, 0.898690, 0.430626),

              ["LowerTorso"] = CFrame.new(-0.000000, -1.489269, 0.849762, 1.000000, -0.000000, -0.000000, -0.000000, 0.488466, -0.872583, 0.000000, 0.872583, 0.488466),

              ["RightFoot"] = CFrame.new(0.000000, 0.033791, -0.000100, 0.967955, 0.192098, 0.161748, -0.245467, 0.859694, 0.447994, -0.052994, -0.473312, 0.879283),

              ["RightHand"] = CFrame.new(-0.000538, -0.057843, -0.000000, 0.995156, -0.084464, 0.050296, 0.089333, 0.990551, -0.104060, -0.041031, 0.108048, 0.993298),

              ["RightLowerArm"] = CFrame.new(-0.000002, -0.057774, 0.000315, 1.000000, 0.000000, 0.000000, 0.000000, 1.000000, -0.000001, -0.000000, -0.000000, 1.000000),

              ["RightLowerLeg"] = CFrame.new(-0.000000, 0.124541, -0.113939, 1.000000, 0.000000, 0.000000, -0.000000, -0.180553, 0.983563, 0.000000, -0.983565, -0.180563),

              ["RightUpperArm"] = CFrame.new(-0.060149, 0.032484, 0.002262, 0.940572, -0.327293, -0.090570, 0.321216, 0.943994, -0.075474, 0.110200, 0.041897, 0.993026),

              ["RightUpperLeg"] = CFrame.new(0.111073, 0.039389, -0.012285, 0.967956, -0.007800, 0.251001, 0.234968, 0.380830, -0.894285, -0.088613, 0.924612, 0.370477),

              ["UpperTorso"] = CFrame.new(0.000000, -0.043552, 0.269934, 1.000000, 0.000000, 0.000000, -0.000000, 0.940622, -0.339456, -0.000000, 0.339456, 0.940622)

          }},

          {Time = 0.200, Data = {

              ["Head"] = CFrame.new(0.000000, -0.000000, 0.000000, 1.000000, -0.000000, -0.000000, 0.000000, 0.984094, -0.177649, -0.000000, 0.177649, 0.984094),

              ["LeftFoot"] = CFrame.new(-0.000000, 0.033385, -0.000001, 0.974927, -0.170222, -0.143330, 0.211139, 0.911010, 0.354263, 0.070269, -0.375614, 0.924096),

              ["LeftHand"] = CFrame.new(0.000530, -0.045489, -0.000000, 0.994475, 0.090225, -0.053654, -0.088573, 0.995542, 0.032408, 0.056338, -0.027476, 0.998034),

              ["LeftLowerArm"] = CFrame.new(-0.000499, -0.045634, 0.000248, 1.000000, -0.000000, -0.000000, -0.000000, 1.000000, -0.000001, 0.000000, -0.000000, 1.000000),

              ["LeftLowerLeg"] = CFrame.new(0.000000, 0.125306, -0.110185, 1.000000, -0.000000, -0.000000, 0.000000, -0.142501, 0.989793, -0.000000, -0.989795, -0.142511),

              ["LeftUpperArm"] = CFrame.new(0.094408, 0.021930, 0.030310, 0.966485, 0.228113, 0.117776, -0.225456, 0.973603, -0.035588, -0.122786, 0.007843, 0.992402),

              ["LeftUpperLeg"] = CFrame.new(-0.104933, 0.035144, -0.033702, 0.974927, 0.039462, -0.218998, -0.203401, 0.557191, -0.805076, 0.090253, 0.829446, 0.551264),

              ["LowerTorso"] = CFrame.new(-0.000000, -1.423417, 0.848214, 1.000000, -0.000000, -0.000000, -0.000000, 0.437974, -0.898988, 0.000000, 0.898988, 0.437974),

              ["RightFoot"] = CFrame.new(-0.000000, 0.033646, -0.000100, 0.971594, 0.181032, 0.152431, -0.228378, 0.886089, 0.403378, -0.062041, -0.426701, 0.902248),

              ["RightHand"] = CFrame.new(-0.000542, -0.064567, -0.000000, 0.994842, -0.087169, 0.051876, 0.092194, 0.990295, -0.104006, -0.042307, 0.108251, 0.993223),

              ["RightLowerArm"] = CFrame.new(-0.000002, -0.064489, 0.000351, 1.000000, -0.000000, 0.000000, -0.000000, 1.000000, -0.000001, -0.000000, -0.000000, 1.000000),

              ["RightLowerLeg"] = CFrame.new(-0.000000, 0.124954, -0.111364, 1.000000, 0.000000, 0.000000, -0.000000, -0.153740, 0.988110, 0.000000, -0.988111, -0.153750),

              ["RightUpperArm"] = CFrame.new(-0.060558, 0.031191, 0.010097, 0.941391, -0.324583, -0.091814, 0.323802, 0.945828, -0.023687, 0.094529, -0.007431, 0.995494),

              ["RightUpperLeg"] = CFrame.new(0.111073, 0.039388, -0.012285, 0.971594, -0.026190, 0.235202, 0.216316, 0.501379, -0.837740, -0.095984, 0.864831, 0.492820),

              ["UpperTorso"] = CFrame.new(0.000000, -0.014719, 0.237391, 1.000000, 0.000000, 0.000000, -0.000000, 0.942168, -0.335141, -0.000000, 0.335141, 0.942168)

          }},

          {Time = 0.217, Data = {

              ["Head"] = CFrame.new(0.000000, -0.000000, -0.000000, 1.000000, -0.000000, 0.000000, -0.000000, 0.986910, -0.161270, -0.000000, 0.161270, 0.986910),

              ["LeftFoot"] = CFrame.new(-0.000000, 0.033123, -0.000001, 0.977902, -0.159925, -0.134659, 0.195528, 0.927613, 0.318310, 0.074003, -0.337576, 0.938374),

              ["LeftHand"] = CFrame.new(0.000533, -0.049944, -0.000000, 0.994363, 0.091135, -0.054186, -0.089661, 0.995549, 0.029042, 0.056591, -0.024020, 0.998108),

              ["LeftLowerArm"] = CFrame.new(-0.000499, -0.050084, 0.000272, 1.000000, -0.000000, -0.000000, 0.000000, 1.000000, -0.000001, 0.000000, -0.000000, 1.000000),

              ["LeftLowerLeg"] = CFrame.new(0.000000, 0.125814, -0.105511, 1.000000, -0.000000, -0.000000, 0.000000, -0.093852, 0.995585, -0.000000, -0.995586, -0.093863),

              ["LeftUpperArm"] = CFrame.new(0.094477, 0.019124, 0.036369, 0.966623, 0.226837, 0.119097, -0.231068, 0.972670, 0.022815, -0.110667, -0.049572, 0.992621),

              ["LeftUpperLeg"] = CFrame.new(-0.104933, 0.035143, -0.033702, 0.977902, 0.055324, -0.201610, -0.185991, 0.670603, -0.718107, 0.095471, 0.739751, 0.666090),

              ["LowerTorso"] = CFrame.new(-0.000000, -1.353076, 0.851598, 1.000000, -0.000000, -0.000000, -0.000000, 0.386402, -0.922331, 0.000000, 0.922331, 0.386402),

              ["RightFoot"] = CFrame.new(0.000000, 0.033422, -0.000101, 0.975019, 0.169913, 0.143069, -0.211454, 0.907234, 0.363643, -0.068007, -0.384782, 0.920486),

              ["RightHand"] = CFrame.new(-0.000546, -0.069781, -0.000000, 0.994609, -0.089123, 0.053018, 0.094314, 0.989971, -0.105175, -0.043113, 0.109608, 0.993039),

              ["RightLowerArm"] = CFrame.new(-0.000002, -0.069698, 0.000380, 1.000000, 0.000000, 0.000000, -0.000000, 1.000000, -0.000001, -0.000000, -0.000000, 1.000000),

              ["RightLowerLeg"] = CFrame.new(0.000000, 0.125448, -0.107395, 1.000000, 0.000000, 0.000000, -0.000000, -0.112418, 0.993660, 0.000000, -0.993661, -0.112428),

              ["RightUpperArm"] = CFrame.new(-0.060851, 0.029779, 0.018642, 0.941976, -0.322509, -0.093108, 0.326625, 0.944592, 0.032583, 0.077441, -0.061103, 0.995123),

              ["RightUpperLeg"] = CFrame.new(0.111073, 0.039388, -0.012285, 0.975019, -0.043803, 0.217759, 0.197608, 0.618749, -0.760316, -0.101434, 0.784366, 0.611965),

              ["UpperTorso"] = CFrame.new(0.000000, 0.008541, 0.198752, 1.000000, 0.000000, 0.000000, -0.000000, 0.942507, -0.334186, -0.000000, 0.334186, 0.942507)

          }},

          {Time = 0.233, Data = {

              ["Head"] = CFrame.new(0.000000, 0.000000, 0.000000, 1.000000, -0.000000, 0.000000, 0.000000, 0.989757, -0.142763, 0.000000, 0.142763, 0.989757),

              ["LeftFoot"] = CFrame.new(-0.000000, 0.032606, -0.000001, 0.980638, -0.149800, -0.126134, 0.181037, 0.939053, 0.292270, 0.074662, -0.309417, 0.947981),

              ["LeftHand"] = CFrame.new(0.000534, -0.052591, -0.000000, 0.994350, 0.091240, -0.054248, -0.090072, 0.995655, 0.023611, 0.056166, -0.018591, 0.998248),

              ["LeftLowerArm"] = CFrame.new(-0.000499, -0.052726, 0.000286, 1.000000, -0.000000, -0.000000, 0.000000, 1.000000, -0.000001, 0.000000, -0.000000, 1.000000),

              ["LeftLowerLeg"] = CFrame.new(0.000000, 0.126047, -0.099281, 1.000000, -0.000000, -0.000000, 0.000000, -0.028923, 0.999581, -0.000000, -0.999582, -0.028935),

              ["LeftUpperArm"] = CFrame.new(0.094485, 0.016195, 0.043031, 0.966639, 0.226085, 0.120393, -0.236925, 0.967818, 0.084820, -0.097342, -0.110514, 0.989096),

              ["LeftUpperLeg"] = CFrame.new(-0.104933, 0.035144, -0.033702, 0.980638, 0.069393, -0.183120, -0.169439, 0.769490, -0.615755, 0.098180, 0.634878, 0.766364),

              ["LowerTorso"] = CFrame.new(-0.000000, -1.279196, 0.861168, 1.000000, -0.000000, -0.000000, -0.000000, 0.338949, -0.940805, 0.000000, 0.940805, 0.338949),

              ["RightFoot"] = CFrame.new(-0.000000, 0.033071, -0.000101, 0.978173, 0.158954, 0.133842, -0.195428, 0.922609, 0.332596, -0.070613, -0.351463, 0.933523),

              ["RightHand"] = CFrame.new(-0.000548, -0.073182, -0.000000, 0.994482, -0.090163, 0.053626, 0.095552, 0.989518, -0.108279, -0.043301, 0.112805, 0.992673),

              ["RightLowerArm"] = CFrame.new(-0.000002, -0.073095, 0.000398, 1.000000, 0.000000, 0.000000, -0.000000, 1.000000, -0.000001, -0.000000, -0.000000, 1.000000),

              ["RightLowerLeg"] = CFrame.new(0.000000, 0.125831, -0.101856, 1.000000, 0.000000, 0.000000, -0.000000, -0.054759, 0.998499, 0.000000, -0.998500, -0.054770),

              ["RightUpperArm"] = CFrame.new(-0.061006, 0.028329, 0.027739, 0.942286, -0.321168, -0.094598, 0.329526, 0.939625, 0.092288, 0.059246, -0.118134, 0.991229),

              ["RightUpperLeg"] = CFrame.new(0.111073, 0.039388, -0.012285, 0.978173, -0.059804, 0.199002, 0.179792, 0.723728, -0.666236, -0.104179, 0.687489, 0.718698),

              ["UpperTorso"] = CFrame.new(0.000000, 0.023208, 0.157118, 1.000000, 0.000000, 0.000000, -0.000000, 0.940380, -0.340126, -0.000000, 0.340126, 0.940380)

          }},

          {Time = 0.250, Data = {

              ["Head"] = CFrame.new(0.000000, 0.000000, -0.000000, 1.000000, 0.000000, 0.000000, -0.000000, 0.992456, -0.122597, -0.000000, 0.122597, 0.992456),

              ["LeftFoot"] = CFrame.new(-0.000000, 0.032124, -0.000001, 0.983100, -0.140041, -0.117917, 0.168130, 0.945509, 0.278857, 0.072437, -0.293941, 0.953066),

              ["LeftHand"] = CFrame.new(0.000535, -0.053443, -0.000000, 0.994446, 0.090466, -0.053797, -0.089758, 0.995844, 0.015435, 0.054969, -0.010520, 0.998433),

              ["LeftLowerArm"] = CFrame.new(-0.000498, -0.053578, 0.000291, 1.000000, -0.000000, -0.000000, 0.000000, 1.000000, -0.000001, 0.000000, -0.000000, 1.000000),

              ["LeftLowerLeg"] = CFrame.new(0.000000, 0.125773, -0.091414, 1.000000, -0.000000, -0.000000, 0.000000, 0.052919, 0.998600, -0.000000, -0.998599, 0.052905),

              ["LeftUpperArm"] = CFrame.new(0.094426, 0.013265, 0.050195, 0.966522, 0.225843, 0.121783, -0.242785, 0.958524, 0.149291, -0.083015, -0.173859, 0.981265),

