return {
    ["Upside Down & Inside Out"] = {
        {Time = 0.000, Data = {
            ["RightFoot"] = CFrame.new(-8.381903171539307e-08, 2.384185791015625e-07, 1.563239493407309e-08, 0.9980322122573853, 0.06264122575521469, 0.0027984774205833673, -0.06268914043903351, 0.9977694749832153, 0.02293955534696579, -0.0013553313910961151, -0.02306956611573696, 0.999733030796051),
            ["LeftLowerArm"] = CFrame.new(4.76837158203125e-07, -3.5762786865234375e-07, -2.9802322387695312e-08, 1, -2.533197687171196e-07, 1.8626435860369384e-07, -5.4948024796885875e-08, 0.9139630794525146, -0.40579715371131897, 9.313224325069314e-08, 0.40579745173454285, 0.9139631986618042),
            ["RightUpperArm"] = CFrame.new(0.017192363739013672, -0.0004703998565673828, 0.045970793813467026, 0.896052896976471, -0.41233429312705994, 0.16452842950820923, 0.4210347533226013, 0.9068149924278259, -0.020411845296621323, -0.14078040421009064, 0.08756181597709656, 0.9861611723899841),
            ["Head"] = CFrame.new(1.3969838619232178e-09, -4.76837158203125e-07, -1.0244548320770264e-07, 0.9981676340103149, -0.04033477231860161, 0.04510633274912834, 0.03402264416217804, 0.9905492663383484, 0.13287049531936646, -0.05003935471177101, -0.13109241425991058, 0.9901065826416016),
            ["RightHand"] = CFrame.new(-2.998858690261841e-07, -2.384185791015625e-07, 4.470348358154297e-08, 0.9832021594047546, -0.16020141541957855, 0.08745945245027542, 0.16208688914775848, 0.9866647720336914, -0.01485166884958744, -0.0839141458272934, 0.02877819910645485, 0.9960574507713318),
            ["UpperTorso"] = CFrame.new(2.3283064365386963e-09, 3.8743019104003906e-07, -7.569906301796436e-08, 0.995824933052063, 0.07981307059526443, -0.044300805777311325, -0.06862985342741013, 0.9746052026748657, 0.2131543904542923, 0.06018828600645065, -0.2092239111661911, 0.976013720035553),
            ["HumanoidRootPart"] = CFrame.new(0, 0, 0, 1, 0, 0, 0, 1, 0, 0, 0, 1),
            ["RightUpperLeg"] = CFrame.new(0, 4.0046870708465576e-07, -3.31892806570977e-08, 0.9866350293159485, -0.02566082403063774, -0.16091273725032806, -0.08954544365406036, 0.7396559715270996, -0.6670012474060059, 0.13613580167293549, 0.6724957823753357, 0.7274726033210754),
            ["LeftUpperArm"] = CFrame.new(-0.013644099235534668, -0.0014178752899169922, 0.046111445873975754, 0.8439774513244629, 0.38251402974128723, -0.3760122060775757, -0.44880810379981995, 0.8874932527542114, -0.10453233867883682, 0.29372331500053406, 0.2569800615310669, 0.9206997156143188),
            ["RightLowerArm"] = CFrame.new(1.1920928955078125e-07, 5.364418029785156e-07, 1.7881393432617188e-07, 1, -3.1292452717934793e-07, 1.7881401959130017e-07, -1.4901162970204496e-08, 0.9063611626625061, -0.4225034713745117, 8.940698137394065e-08, 0.4225037693977356, 0.9063614010810852),
            ["LeftHand"] = CFrame.new(1.1920928955078125e-07, 1.1920928955078125e-07, 3.5390257835388184e-08, 0.9617176651954651, 0.08942361176013947, -0.2590421736240387, -0.10083900392055511, 0.9944168329238892, -0.031092967838048935, 0.25481516122817993, 0.056024353951215744, 0.965365469455719),
            ["LeftFoot"] = CFrame.new(-9.243376553058624e-08, 0, -1.0655412552296184e-08, 0.9996243715286255, 0.026463232934474945, 0.007137127686291933, -0.027163641527295113, 0.9912585616111755, 0.12910708785057068, -0.00365825230255723, -0.12925246357917786, 0.9916049838066101),
            ["LowerTorso"] = CFrame.new(-0.021125199273228645, 0.05068314075469971, 0.40598148107528687, 0.9979333877563477, -0.06342653930187225, 0.010295932181179523, 0.06260690838098526, 0.9958239793777466, 0.06644643843173981, -0.014467401430010796, -0.06566452980041504, 0.997736930847168),
            ["RightLowerLeg"] = CFrame.new(-1.862645149230957e-09, 0, -9.763607522472739e-08, 1, -4.209578037261963e-07, -6.873164011267363e-07, 7.227066021187056e-07, 0.36741408705711365, 0.9300572872161865, -1.0058287358560847e-07, -0.9300575256347656, 0.3674144744873047),
            ["LeftUpperLeg"] = CFrame.new(0, 3.948807716369629e-07, -2.3748725652694702e-08, 0.9925434589385986, 0.11118680983781815, 0.049950480461120605, -0.048475317656993866, 0.7360556125640869, -0.6751831769943237, -0.11183788627386093, 0.6677272915840149, 0.7359569668769836),
            ["LeftLowerLeg"] = CFrame.new(5.8673322200775146e-08, -1.1920928955078125e-07, -5.148095283402654e-08, 1, -3.2223769608208386e-07, -3.227032436825539e-07, 5.695038680642028e-07, 0.6796818971633911, 0.7335070967674255, 9.732323036359958e-08, -0.7335071563720703, 0.6796817779541016),
        }},
        {Time = 0.033, Data = {
            ["RightFoot"] = CFrame.new(-1.4435499906539917e-08, 3.5762786865234375e-07, -5.142283043824136e-08, 0.9975463151931763, 0.06952904164791107, -0.008196067065000534, -0.06924497336149216, 0.9971188306808472, 0.030972331762313843, 0.010325849987566471, -0.03032844513654709, 0.9994866847991943),
            ["LeftLowerArm"] = CFrame.new(-5.364418029785156e-07, 1.7881393432617188e-07, 1.4901161193847656e-07, 1, 4.470350489782504e-08, -4.470345515983354e-08, 3.783495685638627e-07, 0.834019660949707, -0.551734447479248, 1.0430806440808738e-07, 0.5517347455024719, 0.8340198397636414),
            ["RightUpperArm"] = CFrame.new(0.017263054847717285, -0.001119852066040039, 0.04621681198477745, 0.8850743770599365, -0.424486368894577, 0.1909312754869461, 0.433830589056015, 0.9009590148925781, -0.008000142872333527, -0.16862528026103973, 0.08991251140832901, 0.9815708994865417),
            ["Head"] = CFrame.new(-1.6298145055770874e-09, 3.5762786865234375e-07, 2.682209014892578e-07, 0.9973509311676025, -0.04757716879248619, 0.05502472445368767, 0.034886740148067474, 0.9766249656677246, 0.21210035681724548, -0.0638296902179718, -0.20961880683898926, 0.9756976366043091),
            ["RightHand"] = CFrame.new(1.4062970876693726e-07, 2.384185791015625e-07, 7.644625506630354e-20, 0.9789744019508362, -0.2038893848657608, 0.006192209664732218, 0.2039574831724167, 0.9788832664489746, -0.013747629709541798, -0.0032585046719759703, 0.014721918851137161, 0.9998863935470581),
            ["UpperTorso"] = CFrame.new(3.67872416973114e-08, 2.086162567138672e-07, -5.820766091346741e-10, 0.9952690005302429, 0.08095385134220123, -0.053722210228443146, -0.06770465523004532, 0.9744619727134705, 0.21410317718982697, 0.06968274712562561, -0.20945292711257935, 0.9753326177597046),
            ["HumanoidRootPart"] = CFrame.new(0, 0, 0, 1, 0, 0, 0, 1, 0, 0, 0, 1),
            ["RightUpperLeg"] = CFrame.new(0, -3.3527612686157227e-08, 1.1048541637137532e-08, 0.9882110953330994, -0.03127492591738701, -0.14986906945705414, -0.07508590072393417, 0.754086971282959, -0.6524684429168701, 0.13342022895812988, 0.6560295820236206, 0.742848813533783),
            ["LeftUpperArm"] = CFrame.new(-0.0135728120803833, -0.0021049976348876953, 0.046364061534404755, 0.7679150700569153, 0.4583948254585266, -0.4474155306816101, -0.5060105919837952, 0.8623955845832825, 0.015074747614562511, 0.3927592933177948, 0.2148207724094391, 0.8941992521286011),
            ["RightLowerArm"] = CFrame.new(5.960464477539063e-08, 4.172325134277344e-07, 7.450580596923828e-08, 1, -1.974405279270286e-07, 4.842878098543224e-08, 8.568167686462402e-08, 0.8928440809249878, -0.4503660798072815, -5.960464477539063e-08, 0.4503661096096039, 0.892844021320343),
            ["LeftHand"] = CFrame.new(-1.1920928955078125e-07, 5.960464477539063e-08, 1.0058283805847168e-07, 0.9683333039283752, 0.09681230038404465, -0.2301260083913803, -0.12276607006788254, 0.9872576594352722, -0.10124744474887848, 0.21739166975021362, 0.12629275023937225, 0.9678796529769897),
            ["LeftFoot"] = CFrame.new(-1.5657860785722733e-08, 5.960464477539063e-08, -9.258428690372966e-09, 0.9998096823692322, 0.01927054114639759, -0.003048555226996541, -0.018972469493746758, 0.9967399835586548, 0.07842008769512177, 0.004549802280962467, -0.07834700495004654, 0.9969157576560974),
            ["LowerTorso"] = CFrame.new(-0.01832916960120201, 0.07107293605804443, 0.4057411849498749, 0.9979256987571716, -0.06411097198724747, 0.005841758567839861, 0.06354246288537979, 0.9954922795295715, 0.07040935754776001, -0.01032943744212389, -0.06989210844039917, 0.9975011348724365),
            ["RightLowerLeg"] = CFrame.new(-3.119930624961853e-08, -1.1920928955078125e-07, 7.745256880298257e-08, 1, -2.4773177642600785e-07, -7.406346185234725e-07, 7.746277219666808e-07, 0.3691685199737549, 0.9293622970581055, -1.5576374323700293e-07, -0.9293625354766846, 0.3691690266132355),
            ["LeftUpperLeg"] = CFrame.new(5.960464477539063e-08, 1.7508864402770996e-07, 6.076879799365997e-08, 0.9932056069374084, 0.10359609872102737, 0.053015563637018204, -0.039594847708940506, 0.7292088270187378, -0.683144748210907, -0.10943048447370529, 0.6764040589332581, 0.7283562421798706),
            ["LeftLowerLeg"] = CFrame.new(5.122274160385132e-08, -1.1920928955078125e-07, -1.744155326832697e-07, 1, -2.793968292280624e-07, -4.6181969537428813e-07, 5.569312406805693e-07, 0.7108773589134216, 0.7033161520957947, -5.960468030252741e-08, -0.7033161520957947, 0.7108772993087769),
        }},
        {Time = 0.067, Data = {
            ["RightFoot"] = CFrame.new(2.7939677238464355e-09, 2.384185791015625e-07, -2.5345798349007964e-08, 0.9970716834068298, 0.0761229619383812, -0.0072981491684913635, -0.07574901729822159, 0.9962281584739685, 0.04232737049460411, 0.010492539964616299, -0.0416504368185997, 0.9990771412849426),
            ["LeftLowerArm"] = CFrame.new(-4.172325134277344e-07, -1.1920928955078125e-07, -2.086162567138672e-07, 1, 8.56816981809061e-08, -8.940692453052179e-08, 4.805624485015869e-07, 0.7250612378120422, -0.688684344291687, 8.940696716308594e-08, 0.6886844038963318, 0.725061297416687),
            ["RightUpperArm"] = CFrame.new(0.017421960830688477, -0.0017728805541992188, 0.04645663499832153, 0.8723072409629822, -0.4410117268562317, 0.21116086840629578, 0.4471096396446228, 0.8942415118217468, 0.02061881683766842, -0.1979220062494278, 0.07642597705125809, 0.97723388671875),
            ["Head"] = CFrame.new(5.995389074087143e-09, 0, 2.9744114726781845e-08, 0.9961082935333252, -0.058101966977119446, 0.06627673655748367, 0.036754898726940155, 0.957284688949585, 0.2868015170097351, -0.08010946959257126, -0.2832493782043457, 0.9556946754455566),
            ["RightHand"] = CFrame.new(-5.029141902923584e-08, -5.960464477539063e-08, 1.043081283569336e-07, 0.9750295877456665, -0.21162788569927216, -0.06731303036212921, 0.21115024387836456, 0.9773502945899963, -0.014214334078133106, 0.06879637390375137, -0.00035358977038413286, 0.9976307153701782),
            ["UpperTorso"] = CFrame.new(2.376327756792307e-08, -3.8743019104003906e-07, -2.1333107724785805e-08, 0.9948100447654724, 0.08188845962285995, -0.06039377674460411, -0.06680501997470856, 0.9733536839485168, 0.21936245262622833, 0.07674776017665863, -0.2141893357038498, 0.9737724661827087),
            ["HumanoidRootPart"] = CFrame.new(0, 0, 0, 1, 0, 0, 0, 1, 0, 0, 0, 1),
            ["RightUpperLeg"] = CFrame.new(-2.9802322387695312e-08, -4.0046870708465576e-07, -1.968510332517326e-08, 0.9901965856552124, -0.035905785858631134, -0.13498805463314056, -0.058571066707372665, 0.7706021666526794, -0.6346193552017212, 0.1268085241317749, 0.6363042593002319, 0.7609446048736572),
            ["LeftUpperArm"] = CFrame.new(-0.013412714004516602, -0.0028433799743652344, 0.04661769047379494, 0.6856524348258972, 0.5530962347984314, -0.4732497036457062, -0.5398528575897217, 0.8224842548370361, 0.17910511791706085, 0.48830273747444153, 0.13268131017684937, 0.862528920173645),
            ["RightLowerArm"] = CFrame.new(0, 2.384185791015625e-07, 1.043081283569336e-07, 1, -4.470350489782504e-08, 6.705525379402388e-08, 1.1548407030659291e-07, 0.8578763008117676, -0.5138562321662903, 4.47035120032524e-08, 0.5138564109802246, 0.8578764200210571),
            ["LeftHand"] = CFrame.new(1.4901161193847656e-07, 5.960464477539063e-08, 2.9802322387695312e-08, 0.9817414283752441, 0.08223932236433029, -0.17152410745620728, -0.11061166226863861, 0.9804003238677979, -0.1630350947380066, 0.1547546237707138, 0.17903083562850952, 0.9715962409973145),
            ["LeftFoot"] = CFrame.new(3.073364496231079e-08, -1.1920928955078125e-07, 4.245748641551472e-09, 0.9999343156814575, 0.0020772546995431185, -0.011272343806922436, -0.001565384678542614, 0.9989750385284424, 0.045239146798849106, 0.01135470625013113, -0.045218612998723984, 0.9989125728607178),
            ["LowerTorso"] = CFrame.new(-0.014998807571828365, 0.09161388874053955, 0.40500497817993164, 0.9978435635566711, -0.06546222418546677, -0.004790391772985458, 0.06563718616962433, 0.9952962398529053, 0.0712546855211258, 0.00010336859850212932, -0.07141546159982681, 0.9974467158317566),
            ["RightLowerLeg"] = CFrame.new(-7.916241884231567e-08, 2.384185791015625e-07, -1.013613655231893e-07, 1, -2.8032803811584017e-07, -5.168840857550094e-07, 8.316713433487166e-07, 0.3760834336280823, 0.9265857338905334, -2.2165485802361218e-07, -0.926585853099823, 0.3760837912559509),
            ["LeftUpperLeg"] = CFrame.new(5.960464477539063e-08, -3.762543201446533e-07, -1.4668330550193787e-08, 0.9931278228759766, 0.10163560509681702, 0.05803033336997032, -0.03529386594891548, 0.7328365445137024, -0.6794887185096741, -0.11158699542284012, 0.672771155834198, 0.7313873767852783),
            ["LeftLowerLeg"] = CFrame.new(-4.470348358154297e-08, -2.980232238769531e-07, 2.241905292521551e-07, 1, -3.1711533665657043e-07, -3.41911828627417e-07, 5.792826414108276e-07, 0.7393196821212769, 0.6733546853065491, 1.30385160446167e-08, -0.6733546257019043, 0.7393196821212769),
        }},
        {Time = 0.100, Data = {
            ["RightFoot"] = CFrame.new(2.7939677238464355e-08, 4.172325134277344e-07, 2.308297553099692e-08, 0.9966043829917908, 0.08232773840427399, 0.001444774097763002, -0.08227584511041641, 0.9949759840965271, 0.0570402666926384, 0.0032585326116532087, -0.05696519836783409, 0.998370885848999),
            ["LeftLowerArm"] = CFrame.new(8.940696716308594e-08, -8.940696716308594e-07, -3.2782554626464844e-07, 1, 1.415611023958263e-07, -1.6391271628890536e-07, 3.7252877405080653e-07, 0.6386110782623291, -0.7695294618606567, 1.4901149825163884e-07, 0.7695297002792358, 0.6386113166809082),
            ["RightUpperArm"] = CFrame.new(0.017743587493896484, -0.002475261688232422, 0.0467589795589447, 0.859207272529602, -0.4619934558868408, 0.21982960402965546, 0.45861363410949707, 0.885924756526947, 0.06935936957597733, -0.22679592669010162, 0.041222915053367615, 0.9730694890022278),
            ["Head"] = CFrame.new(-1.1641532182693481e-09, -1.1920928955078125e-07, -2.1472806110978127e-07, 0.9939624071121216, -0.07355932891368866, 0.08141203224658966, 0.04064830392599106, 0.9360573291778564, 0.3494924008846283, -0.10191473364830017, -0.34407246112823486, 0.9333955645561218),
            ["RightHand"] = CFrame.new(-1.8067657947540283e-07, -2.384185791015625e-07, -3.91155481338501e-08, 0.9723488092422485, -0.19138093292713165, -0.13383233547210693, 0.19127501547336578, 0.9814399480819702, -0.013766988180577755, 0.13398341834545135, -0.012212847359478474, 0.9909084439277649),
            ["UpperTorso"] = CFrame.new(-2.561137080192566e-08, 2.980232238769531e-07, -2.0489096641540527e-08, 0.9942411780357361, 0.08268342912197113, -0.06817669421434402, -0.06513648480176926, 0.971427321434021, 0.228223979473114, 0.08509909361600876, -0.22246907651424408, 0.9712187647819519),
            ["HumanoidRootPart"] = CFrame.new(0, 0, 0, 1, 0, 0, 0, 1, 0, 0, 0, 1),
            ["RightUpperLeg"] = CFrame.new(-8.940696716308594e-08, 1.4528632164001465e-07, -4.1105522541329265e-08, 0.9922899007797241, -0.03964091092348099, -0.117428258061409, -0.04138174280524254, 0.7871288061141968, -0.6153990626335144, 0.11682606488466263, 0.6155135035514832, 0.7794193625450134),
            ["LeftUpperArm"] = CFrame.new(-0.013088226318359375, -0.0037183761596679688, 0.04694751650094986, 0.6108608245849609, 0.6488639116287231, -0.45367902517318726, -0.5479817986488342, 0.760087251663208, 0.349261611700058, 0.5714587569236755, 0.03525761887431145, 0.8198729157447815),
            ["RightLowerArm"] = CFrame.new(-2.384185791015625e-07, -2.384185791015625e-07, 2.980232238769531e-07, 1, -5.2154099705603585e-08, -1.4901171851988693e-08, 3.6507853451439587e-07, 0.8000951409339905, -0.5998730659484863, 2.2351747119842003e-08, 0.5998732447624207, 0.8000952005386353),
            ["LeftHand"] = CFrame.new(5.960464477539063e-08, 0, -1.4901161193847656e-07, 0.9947267174720764, 0.04650009423494339, -0.09141431748867035, -0.065251924097538, 0.9745876789093018, -0.2142927497625351, 0.07912691682577133, 0.21912692487239838, 0.9724825024604797),
            ["LeftFoot"] = CFrame.new(5.541369318962097e-08, 1.7881393432617188e-07, -5.067477104603313e-09, 0.9996406435966492, -0.02033359929919243, -0.01747322827577591, 0.02078547142446041, 0.9994438290596008, 0.02608049288392067, 0.016933156177401543, -0.026434246450662613, 0.9995071291923523),
            ["LowerTorso"] = CFrame.new(-0.011015677824616432, 0.11234629154205322, 0.4037517011165619, 0.9975259900093079, -0.0674145445227623, -0.01993093267083168, 0.06865479797124863, 0.9951813817024231, 0.07000386714935303, 0.015115611255168915, -0.07119902968406677, 0.9973476529121399),
            ["RightLowerLeg"] = CFrame.new(-2.7474015951156616e-08, -2.384185791015625e-07, 1.5940895536914468e-07, 1, -4.377216100692749e-07, -6.388874567164748e-07, 6.593764396711776e-07, 0.39040249586105347, 0.9206441044807434, -6.519258732851085e-08, -0.9206443428993225, 0.3904029428958893),
            ["LeftUpperLeg"] = CFrame.new(0, 1.862645149230957e-09, -5.4016709327697754e-08, 0.9924685955047607, 0.10406699031591415, 0.06462316960096359, -0.03475823625922203, 0.7450894713401794, -0.666058361530304, -0.11746478080749512, 0.6587957143783569, 0.7430949807167053),
            ["LeftLowerLeg"] = CFrame.new(-2.7939677238464355e-08, -2.980232238769531e-07, -6.265682372941228e-08, 1, -3.618189055032417e-07, -3.136229054234718e-07, 6.053594461263856e-07, 0.7638466358184814, 0.6453978419303894, 5.0291401265667446e-08, -0.6453978419303894, 0.7638466954231262),
        }},
        {Time = 0.133, Data = {
            ["RightFoot"] = CFrame.new(-3.725290298461914e-09, 1.7881393432617188e-07, 8.268762030638754e-08, 0.9960236549377441, 0.08797253668308258, 0.014066457748413086, -0.08877850323915482, 0.9932836294174194, 0.07420381903648376, -0.0074441879987716675, -0.07515738159418106, 0.9971439242362976),
            ["LeftLowerArm"] = CFrame.new(-1.4901161193847656e-07, -3.5762786865234375e-07, -7.644625506630354e-20, 1, 6.332995639013461e-08, 3.0361093195097055e-07, 1.6391271628890536e-07, 0.6209208965301514, -0.7838732600212097, 8.940693874137651e-08, 0.7838733792304993, 0.6209208965301514),
            ["RightUpperArm"] = CFrame.new(0.018302440643310547, -0.0032767057418823242, 0.04719047248363495, 0.8474681377410889, -0.4873018264770508, 0.21055813133716583, 0.46689438819885254, 0.8729732632637024, 0.1411638855934143, -0.25260108709335327, -0.021323518827557564, 0.9673355221748352),
            ["Head"] = CFrame.new(-4.656612873077393e-10, 0, -2.050073817372322e-07, 0.990095853805542, -0.09546565264463425, 0.10293988883495331, 0.04760456085205078, 0.9180726408958435, 0.3935436010360718, -0.13207624852657318, -0.3847454786300659, 0.9135243892669678),
            ["RightHand"] = CFrame.new(-8.544884622097015e-08, 0, 1.1175870895385742e-08, 0.9703149199485779, -0.14465554058551788, -0.19381433725357056, 0.13606786727905273, 0.9890594482421875, -0.05698322877287865, 0.19993679225444794, 0.028920169919729233, 0.9793819189071655),
            ["UpperTorso"] = CFrame.new(3.4458935260772705e-08, -2.086162567138672e-07, -1.0128132998943329e-08, 0.9932242035865784, 0.08340060710906982, -0.08093221485614777, -0.061798881739377975, 0.9688162207603455, 0.23995022475719452, 0.09842041879892349, -0.23332281410694122, 0.9674057364463806),
            ["HumanoidRootPart"] = CFrame.new(0, 0, 0, 1, 0, 0, 0, 1, 0, 0, 0, 1),
            ["RightUpperLeg"] = CFrame.new(1.1920928955078125e-07, -1.1362135410308838e-07, 2.8743670554831624e-08, 0.9942402839660645, -0.04229766130447388, -0.09847458451986313, -0.024938682094216347, 0.8022982478141785, -0.5964022874832153, 0.10423234105110168, 0.5954228639602661, 0.7966222763061523),
            ["LeftUpperArm"] = CFrame.new(-0.012523412704467773, -0.0048198699951171875, 0.047427281737327576, 0.5477129817008972, 0.7326833009719849, -0.403962105512619, -0.5432422161102295, 0.6786342263221741, 0.4943114221096039, 0.6363162994384766, -0.051291488111019135, 0.7697213292121887),
            ["RightLowerArm"] = CFrame.new(2.980232238769531e-07, 4.172325134277344e-07, -1.043081283569336e-07, 1, 9.685758328714655e-08, -7.450583439094771e-08, 3.576281244477286e-07, 0.7193734645843506, -0.6946235299110413, 3.725293140632857e-08, 0.6946234703063965, 0.7193735241889954),
            ["LeftHand"] = CFrame.new(-1.7881393432617188e-07, 2.384185791015625e-07, 1.043081283569336e-07, 0.9997645020484924, -0.02169853448867798, -0.00019449002866167575, 0.02100849710404873, 0.9701282978057861, -0.241681307554245, 0.005432854872196913, 0.24162030220031738, 0.9703556895256042),
            ["LeftFoot"] = CFrame.new(-8.521601557731628e-08, 0, -5.067477104603313e-09, 0.9988352656364441, -0.0431218147277832, -0.021650534123182297, 0.0434882827103138, 0.9989132881164551, 0.016761688515543938, 0.020904067903757095, -0.017683813348412514, 0.9996251463890076),
            ["LowerTorso"] = CFrame.new(-0.006260361056774855, 0.1333082914352417, 0.4019588232040405, 0.9968345761299133, -0.06988499313592911, -0.03790749981999397, 0.07233575731515884, 0.9950814843177795, 0.06767847388982773, 0.03299134224653244, -0.07020629942417145, 0.9969868063926697),
            ["RightLowerLeg"] = CFrame.new(7.241033017635345e-08, 2.980232238769531e-07, -5.2932591643184423e-08, 1, -4.470348358154297e-07, -5.792826982542465e-07, 7.37607479095459e-07, 0.41411292552948, 0.9102254509925842, -2.2351741790771484e-08, -0.910225510597229, 0.41411322355270386),
            ["LeftUpperLeg"] = CFrame.new(-1.1920928955078125e-07, -3.390014171600342e-07, -7.078051567077637e-08, 0.991331160068512, 0.10960164666175842, 0.07245641946792603, -0.03725126385688782, 0.7633081674575806, -0.6449598073959351, -0.12599524855613708, 0.6366695761680603, 0.7607740163803101),
            ["LeftLowerLeg"] = CFrame.new(-9.685754776000977e-08, -1.7881393432617188e-07, 8.635478820906428e-08, 1, -3.459863648913597e-07, -2.713641436002945e-07, 6.780030616937438e-07, 0.7823765277862549, 0.6228057742118835, 9.31322907682386e-10, -0.6228058338165283, 0.7823765873908997),
        }},
        {Time = 0.167, Data = {
            ["RightFoot"] = CFrame.new(-7.82310962677002e-08, 2.980232238769531e-07, 7.312337402254343e-10, 0.9953176975250244, 0.09292541444301605, 0.026600327342748642, -0.09503620117902756, 0.9910303950309753, 0.09395277500152588, -0.017631113529205322, -0.09604061394929886, 0.9952212572097778),
            ["LeftLowerArm"] = CFrame.new(-2.384185791015625e-07, 1.7881393432617188e-07, -2.8312206268310547e-07, 1, 1.937151665742931e-07, 1.4901154088420299e-08, 5.066393100605637e-07, 0.6462165713310242, -0.7631539702415466, 2.8312194899626775e-07, 0.7631540894508362, 0.6462168097496033),
            ["RightUpperArm"] = CFrame.new(0.01917123794555664, -0.004235625267028809, 0.04781576991081238, 0.8382955193519592, -0.5159367322921753, 0.176267609000206, 0.4723324477672577, 0.8487157225608826, 0.23787325620651245, -0.2723284363746643, -0.11615095287561417, 0.9551680684089661),
            ["Head"] = CFrame.new(2.7939677238464355e-09, -4.76837158203125e-07, 8.451752364635468e-08, 0.9828528761863708, -0.12743346393108368, 0.1332707554101944, 0.05972937494516373, 0.9038158655166626, 0.4237329363822937, -0.17444998025894165, -0.40850672125816345, 0.8959292769432068),
            ["RightHand"] = CFrame.new(-1.210719347000122e-07, -1.7881393432617188e-07, -1.0803341865539551e-07, 0.9639766812324524, -0.07264658808708191, -0.2558738887310028, 0.03604476898908615, 0.98878413438797, -0.14493755996227264, 0.2635332942008972, 0.1304934322834015, 0.9557833671569824),
            ["UpperTorso"] = CFrame.new(-2.0489096641540527e-08, -9.238719940185547e-07, 1.7345882952213287e-08, 0.991168200969696, 0.08411040902137756, -0.10252338647842407, -0.05570027977228165, 0.965667188167572, 0.2537405788898468, 0.12034571915864944, -0.24578940868377686, 0.9618237018585205),
            ["HumanoidRootPart"] = CFrame.new(0, 0, 0, 1, 0, 0, 0, 1, 0, 0, 0, 1),
            ["RightUpperLeg"] = CFrame.new(-2.9802322387695312e-08, -5.885958671569824e-07, -2.9212969820946455e-09, 0.995877206325531, -0.04373030364513397, -0.07947610318660736, -0.010485056787729263, 0.814767062664032, -0.5796934366226196, 0.09010476619005203, 0.5781369805335999, 0.8109495043754578),
            ["LeftUpperArm"] = CFrame.new(-0.01164233684539795, -0.006245851516723633, 0.04812963306903839, 0.4923664629459381, 0.7997183799743652, -0.34354886412620544, -0.5391450524330139, 0.5900899767875671, 0.6009299159049988, 0.6832993626594543, -0.11065494269132614, 0.7217046022415161),
            ["RightLowerArm"] = CFrame.new(-6.258487701416016e-07, 2.384185791015625e-07, 5.774199962615967e-08, 1, -1.043081780949251e-07, -2.235175955433988e-08, 3.427269064104621e-07, 0.6190325617790222, -0.7853653430938721, -6.239864802637385e-08, 0.7853654026985168, 0.6190326809883118),
            ["LeftHand"] = CFrame.new(1.1920928955078125e-07, 1.1920928955078125e-07, -7.450580596923828e-08, 0.9888603091239929, -0.11763720214366913, 0.09119712561368942, 0.13579462468624115, 0.9638851284980774, -0.22909748554229736, -0.06095312535762787, 0.23892873525619507, 0.969122052192688),
            ["LeftFoot"] = CFrame.new(-3.236345946788788e-08, 5.960464477539063e-08, 7.971038940013386e-09, 0.9978375434875488, -0.06135369837284088, -0.023578787222504616, 0.061690591275691986, 0.9979993104934692, 0.013842851854860783, 0.022682325914502144, -0.015267430804669857, 0.9996262192726135),
            ["LowerTorso"] = CFrame.new(-0.0006144788349047303, 0.15454280376434326, 0.3996037542819977, 0.9957205653190613, -0.07270101457834244, -0.05705418437719345, 0.07638612389564514, 0.994937002658844, 0.06531167030334473, 0.05201709270477295, -0.06939031928777695, 0.9962325096130371),
            ["RightLowerLeg"] = CFrame.new(-1.1490192264318466e-07, -4.172325134277344e-07, 1.3773387763649225e-08, 1, -2.970918444589188e-07, -6.966294563426345e-07, 7.748602115498215e-07, 0.4494096636772156, 0.8933258056640625, -2.6822084464583895e-07, -0.8933257460594177, 0.4494097828865051),
            ["LeftUpperLeg"] = CFrame.new(-5.960464477539063e-08, -6.50063157081604e-07, 0, 0.9898119568824768, 0.11695272475481033, 0.08120597898960114, -0.042077358812093735, 0.785142183303833, -0.6178843975067139, -0.1360214501619339, 0.608172595500946, 0.7820643186569214),
            ["LeftLowerLeg"] = CFrame.new(-9.685754776000977e-08, 0, 2.0928936805830745e-07, 1, -3.2084062695503235e-07, -3.529712842009758e-07, 5.550683113142441e-07, 0.7938324213027954, 0.6081365942955017, -1.5180559387317771e-07, -0.6081366539001465, 0.7938324213027954),
        }},
        {Time = 0.200, Data = {
            ["RightFoot"] = CFrame.new(5.587935447692871e-08, 3.5762786865234375e-07, -2.162050805054605e-08, 0.9946917295455933, 0.09675570577383041, 0.03502337634563446, -0.1001671850681305, 0.9883809685707092, 0.11432302743196487, -0.02355494536459446, -0.11722414940595627, 0.9928261041641235),
            ["LeftLowerArm"] = CFrame.new(-5.960464477539063e-08, 1.1920928955078125e-07, -6.407499313354492e-07, 1, -1.1175875158642157e-07, -2.2351731132630448e-08, 2.682208162241295e-07, 0.7083513140678406, -0.7058597803115845, 8.940693874137651e-08, 0.7058600187301636, 0.7083516120910645),
            ["RightUpperArm"] = CFrame.new(0.020418882369995117, -0.005429625511169434, 0.048694759607315063, 0.8293929696083069, -0.5460935235023499, 0.11785358190536499, 0.48032981157302856, 0.8047752380371094, 0.34874027967453003, -0.28529036045074463, -0.2326342761516571, 0.9297800660133362),
            ["Head"] = CFrame.new(9.313225746154785e-09, 1.1920928955078125e-07, 1.6577541828155518e-07, 0.9699028134346008, -0.17065784335136414, 0.17367979884147644, 0.07641657441854477, 0.8905869126319885, 0.4483477771282196, -0.23119086027145386, -0.42158156633377075, 0.8768236637115479),
            ["RightHand"] = CFrame.new(-2.3096799850463867e-07, 0, -2.9802322387695312e-08, 0.9452459812164307, 0.016129393130540848, -0.32596060633659363, -0.09048675000667572, 0.9725729823112488, -0.21427538990974426, 0.3135640323162079, 0.23203825950622559, 0.9207800030708313),
            ["UpperTorso"] = CFrame.new(-1.862645149230957e-08, 1.1920928955078125e-07, -5.192123353481293e-08, 0.9869553446769714, 0.08491931855678558, -0.13677692413330078, -0.045553602278232574, 0.9621574878692627, 0.2686593234539032, 0.15441524982452393, -0.2589241564273834, 0.9534749388694763),
            ["HumanoidRootPart"] = CFrame.new(0, 0, 0, 1, 0, 0, 0, 1, 0, 0, 0, 1),
            ["RightUpperLeg"] = CFrame.new(0, 1.210719347000122e-07, -4.203684511594474e-08, 0.9971327781677246, -0.043598249554634094, -0.06185011938214302, 0.0008353282464668155, 0.8236377239227295, -0.5671159625053406, 0.07566728442907333, 0.5654380321502686, 0.821312427520752),
            ["LeftUpperArm"] = CFrame.new(-0.010372161865234375, -0.008112192153930664, 0.049123987555503845, 0.44844502210617065, 0.8433105945587158, -0.29618319869041443, -0.5380180478096008, 0.5192988514900208, 0.663976788520813, 0.713746190071106, -0.13840512931346893, 0.6865933537483215),
            ["RightLowerArm"] = CFrame.new(5.960464477539063e-08, 2.384185791015625e-07, 4.470348358154297e-08, 1, -1.7881399116959074e-07, 2.7567168103814765e-07, 4.47035120032524e-08, 0.5064327716827393, -0.8622795343399048, 1.341105360097572e-07, 0.86227947473526, 0.5064327716827393),
            ["LeftHand"] = CFrame.new(-5.960464477539063e-08, -5.960464477539063e-08, -1.341104507446289e-07, 0.9629721641540527, -0.21420055627822876, 0.16371551156044006, 0.24206268787384033, 0.9543087482452393, -0.17521700263023376, -0.1187034398317337, 0.20835809409618378, 0.9708225131034851),
            ["LeftFoot"] = CFrame.new(-7.916241884231567e-09, 0, -5.067477104603313e-09, 0.9972595572471619, -0.07024452835321426, -0.02322204038500786, 0.07050073891878128, 0.9974573850631714, 0.010416865348815918, 0.022431068122386932, -0.012025769799947739, 0.9996760487556458),
            ["LowerTorso"] = CFrame.new(0.006042379420250654, 0.17609179019927979, 0.39666545391082764, 0.9942612648010254, -0.07555996626615524, -0.07573124766349792, 0.08046472072601318, 0.9947038292884827, 0.06395214051008224, 0.07049793004989624, -0.06967882812023163, 0.9950754046440125),
            ["RightLowerLeg"] = CFrame.new(-1.0244548320770264e-08, 1.1920928955078125e-07, 5.8826117310673e-08, 1, -4.565809490486572e-07, -6.295740604400635e-07, 7.376077633125533e-07, 0.49300795793533325, 0.8700246214866638, -1.7881399116959074e-07, -0.8700248599052429, 0.4930082857608795),
            ["LeftUpperLeg"] = CFrame.new(0, -2.6263296604156494e-07, -3.3527612686157227e-08, 0.9880293607711792, 0.12500306963920593, 0.09040074795484543, -0.04863579943776131, 0.8085288405418396, -0.5864433646202087, -0.14639878273010254, 0.5750263929367065, 0.804929792881012),
            ["LeftLowerLeg"] = CFrame.new(-5.634501576423645e-08, -3.5762786865234375e-07, 6.731113444402581e-10, 1, -2.9942023616058577e-07, -3.2363456625716935e-07, 6.202612325978407e-07, 0.797013521194458, 0.6039616465568542, 1.7695139575835128e-08, -0.6039615273475647, 0.7970134019851685),
        }},
        {Time = 0.233, Data = {
            ["RightFoot"] = CFrame.new(1.4901161193847656e-08, 2.384185791015625e-07, -4.3972249841317534e-08, 0.9944169521331787, 0.0984882190823555, 0.037882037460803986, -0.10269318521022797, 0.9858152866363525, 0.13274969160556793, -0.024270301684737206, -0.13589856028556824, 0.9904254078865051),
            ["LeftLowerArm"] = CFrame.new(-1.7881393432617188e-07, -4.172325134277344e-07, 7.748603820800781e-07, 1, -2.2724270820617676e-07, 2.2351730422087712e-07, 3.4924592107188346e-09, 0.785395085811615, -0.6189945936203003, 1.0430811414607888e-07, 0.6189947724342346, 0.7853952646255493),
            ["RightUpperArm"] = CFrame.new(0.022138595581054688, -0.0069773197174072266, 0.04992954432964325, 0.8113247752189636, -0.582115650177002, 0.053793299943208694, 0.5005301833152771, 0.7392488121986389, 0.4505334198474884, -0.30202940106391907, -0.33860406279563904, 0.8911374807357788),
            ["Head"] = CFrame.new(6.332993507385254e-08, -3.5762786865234375e-07, 1.6111880540847778e-07, 0.944837212562561, -0.22786952555179596, 0.2352829873561859, 0.09557109326124191, 0.8788707256317139, 0.46738871932029724, -0.31328707933425903, -0.41912028193473816, 0.8521677255630493),
            ["RightHand"] = CFrame.new(-1.4901161193847656e-08, 1.7881393432617188e-07, 8.940696716308594e-08, 0.9126445055007935, 0.11584550887346268, -0.39199551939964294, -0.2115231305360794, 0.9544576406478882, -0.21040019392967224, 0.3497685492038727, 0.27493730187416077, 0.8955843448638916),
            ["UpperTorso"] = CFrame.new(1.862645149230957e-08, -3.5762786865234375e-07, 2.514570951461792e-08, 0.9758603572845459, 0.08692651242017746, -0.20035092532634735, -0.02709045819938183, 0.9584706425666809, 0.28390175104141235, 0.21670912206172943, -0.2716207802295685, 0.9376883506774902),
            ["HumanoidRootPart"] = CFrame.new(0, 0, 0, 1, 0, 0, 0, 1, 0, 0, 0, 1),
            ["RightUpperLeg"] = CFrame.new(0, -2.682209014892578e-07, -1.0586518328636885e-09, 0.9979351162910461, -0.0425935760140419, -0.048075731843709946, 0.00837001670151949, 0.8283496499061584, -0.5601491332054138, 0.06368229538202286, 0.5585900545120239, 0.8269955515861511),
            ["LeftUpperArm"] = CFrame.new(-0.008609771728515625, -0.010590553283691406, 0.05052706599235535, 0.4055415093898773, 0.8709139823913574, -0.2775702178478241, -0.5590774416923523, 0.47656893730163574, 0.6784644722938538, 0.7231656908988953, -0.11996234208345413, 0.6801770925521851),
            ["RightLowerArm"] = CFrame.new(0, 7.152557373046875e-07, -7.644625506630354e-20, 1, -7.450581485102248e-09, 2.2351753159455257e-07, 8.940703111193216e-08, 0.3921854496002197, -0.9198863506317139, 8.940703111193216e-08, 0.9198862314224243, 0.39218515157699585),
            ["LeftHand"] = CFrame.new(-1.1920928955078125e-07, -2.384185791015625e-07, -7.450580596923828e-08, 0.932867169380188, -0.2870115041732788, 0.21767674386501312, 0.3081996738910675, 0.9487535953521729, -0.06985551118850708, -0.1864723563194275, 0.1322537660598755, 0.973517894744873),
            ["LeftFoot"] = CFrame.new(2.514570951461792e-08, -5.960464477539063e-08, -1.0655412552296184e-08, 0.9980415105819702, -0.0589720755815506, -0.020867515355348587, 0.05895256623625755, 0.9982596039772034, -0.001547404914163053, 0.020922448486089706, 0.00031419191509485245, 0.99978107213974),
            ["LowerTorso"] = CFrame.new(0.01531908754259348, 0.1979914903640747, 0.3931218385696411, 0.992832601070404, -0.07768990099430084, -0.09081697463989258, 0.08372925966978073, 0.9943862557411194, 0.06469464302062988, 0.08528102934360504, -0.0718349888920784, 0.9937640428543091),
            ["RightLowerLeg"] = CFrame.new(-7.078051567077637e-08, 3.5762786865234375e-07, -1.3302633306011558e-07, 1, -4.2840832747970126e-07, -6.556512630595535e-07, 6.407501018657058e-07, 0.5396886467933655, 0.8418645262718201, -7.4505820180093e-08, -0.8418646454811096, 0.5396890044212341),
            ["LeftUpperLeg"] = CFrame.new(2.9802322387695312e-08, -3.0919909477233887e-07, 3.725290298461914e-09, 0.9863991737365723, 0.13197539746761322, 0.09797608852386475, -0.055862270295619965, 0.8297692537307739, -0.5553041100502014, -0.15458405017852783, 0.5422781109809875, 0.8258559703826904),
            ["LeftLowerLeg"] = CFrame.new(-1.6298145055770874e-08, 0, 8.262949791060237e-08, 1, -4.2840852643166727e-07, -3.378373492068931e-07, 5.345791578292847e-07, 0.7873123288154602, 0.616554319858551, 8.66129994392395e-08, -0.6165544390678406, 0.787312388420105),
        }},
        {Time = 0.267, Data = {
            ["RightFoot"] = CFrame.new(-1.862645149230957e-08, 1.7881393432617188e-07, -7.377457222901285e-08, 0.9946104288101196, 0.09722208976745605, 0.03602727875113487, -0.1015309989452362, 0.9837031364440918, 0.14839084446430206, -0.021013155579566956, -0.151248961687088, 0.9882723689079285),
            ["LeftLowerArm"] = CFrame.new(-2.086162567138672e-07, -1.1920928955078125e-07, -1.1920928955078125e-07, 1, 2.6542696929254816e-08, 4.0046845839469825e-08, 3.6321563356978004e-07, 0.8577769994735718, -0.5140219926834106, 1.3457604097766307e-07, 0.514022171497345, 0.8577769994735718),
            ["RightUpperArm"] = CFrame.new(0.02427661418914795, -0.009012699127197266, 0.051557958126068115, 0.771542489528656, -0.6357312202453613, -0.02383287437260151, 0.552644670009613, 0.6512078046798706, 0.5201075077056885, -0.31512871384620667, -0.4144565165042877, 0.8537682890892029),
            ["Head"] = CFrame.new(2.9802322387695312e-08, -5.960464477539062e-07, -5.587935447692871e-09, 0.9020940661430359, -0.2937604784965515, 0.3161190450191498, 0.11462124437093735, 0.8693309426307678, 0.480755090713501, -0.4160389304161072, -0.397452712059021, 0.8178895711898804),
            ["RightHand"] = CFrame.new(3.203749656677246e-07, -1.1920928955078125e-07, 7.644625506630354e-20, 0.8699691295623779, 0.22822335362434387, -0.4371134638786316, -0.3166149854660034, 0.9381146430969238, -0.1403423398733139, 0.37803274393081665, 0.26049014925956726, 0.888389527797699),
            ["UpperTorso"] = CFrame.new(8.847564458847046e-09, 0, 1.7957063391804695e-08, 0.9510419368743896, 0.09063484519720078, -0.2954736351966858, 0.0011274368735030293, 0.9550097584724426, 0.2965725362300873, 0.3090599477291107, -0.28238576650619507, 0.9081521034240723),
            ["HumanoidRootPart"] = CFrame.new(0, 0, 0, 1, 0, 0, 0, 1, 0, 0, 0, 1),
            ["RightUpperLeg"] = CFrame.new(-2.9802322387695312e-08, -2.905726432800293e-07, -3.0860974220559e-08, 0.9982746839523315, -0.04197147116065025, -0.04106321185827255, 0.011883058585226536, 0.8292686343193054, -0.5587237477302551, 0.057502951472997665, 0.5572719573974609, 0.8283366560935974),
            ["LeftUpperArm"] = CFrame.new(-0.006400108337402344, -0.013788342475891113, 0.052382826805114746, 0.35731184482574463, 0.8908995389938354, -0.2804040014743805, -0.6134705543518066, 0.4502463936805725, 0.6487926244735718, 0.7042600512504578, -0.05980202555656433, 0.7074190974235535),
            ["RightLowerArm"] = CFrame.new(-5.960464477539063e-08, 2.980232238769531e-07, 1.1920928955078125e-07, 1, -1.4156104555240745e-07, 2.9802333756379085e-07, 0, 0.28861215710639954, -0.9574460983276367, 1.2665991278026922e-07, 0.9574460983276367, 0.28861215710639954),
            ["LeftHand"] = CFrame.new(2.2165477275848389e-07, 2.384185791015625e-07, 4.470348358154297e-08, 0.9124139547348022, -0.31127098202705383, 0.26572737097740173, 0.302691251039505, 0.9502304792404175, 0.07375919818878174, -0.27546119689941406, 0.013134659267961979, 0.9612224102020264),
            ["LeftFoot"] = CFrame.new(-1.5832483768463135e-08, 0, -2.9281864044605754e-08, 0.9995163083076477, -0.028336621820926666, -0.012815047055482864, 0.028047852218151093, 0.9993605613708496, -0.02217729762196541, 0.013435307890176773, 0.021807299926877022, 0.999671995639801),
            ["LowerTorso"] = CFrame.new(0.027861544862389565, 0.22028648853302002, 0.38894927501678467, 0.9920562505722046, -0.07802277058362961, -0.09867562353610992, 0.0850066989660263, 0.9940113425254822, 0.06866857409477234, 0.09272696822881699, -0.07651118189096451, 0.9927476048469543),
