return {
    ["ur the king"] = {
        {Time = 0.000, Data = {
            ["LeftLowerArm"] = CFrame.new(8.940696716308594e-07, -5.960464477539062e-07, 0.000004738569259643555, 1, 1.6391281576488836e-07, 9.685756907629184e-08, -1.3224781980625266e-07, 0.937531590461731, -0.34790030121803284, -1.266598843585598e-07, 0.3479002118110657, 0.9375316500663757),
            ["LeftFoot"] = CFrame.new(-3.5390257835388184e-08, 1.7881393432617188e-07, 1.1175870895385742e-08, 0.9928173422813416, -0.11735136061906815, -0.023287080228328705, 0.11531491577625275, 0.9904874563217163, -0.075080506503582, 0.03187651187181473, 0.07185609638690948, 0.996905505657196),
            ["RightHand"] = CFrame.new(1.4901161193847656e-07, 7.152557373046875e-07, -6.705522537231445e-07, 0.983191967010498, -0.030977338552474976, 0.17992746829986572, 0.058246221393346786, 0.987223744392395, -0.14831309020519257, -0.17303451895713806, 0.15630051493644714, 0.9724348187446594),
            ["HumanoidRootPart"] = CFrame.new(0, 0, 0, 1, 0, 0, 0, 1, 0, 0, 0, 1),
            ["RightLowerLeg"] = CFrame.new(-8.940696716308594e-08, -0.0007264614105224609, 0.000046090986870694906, 1, 1.3411049337719305e-07, -9.685758328714655e-08, -7.590279693658886e-08, 0.6995033621788025, 0.7146289944648743, 5.960465188081798e-08, -0.7146292924880981, 0.6995036602020264),
            ["CrownOutsider"] = CFrame.new(0.00003565475344657898, 5.5516533851623535, 0.0002707173116505146, 1, -0.000017658832803135738, 0.0000168969199876301, 0.000017792704966268502, 0.9999999403953552, 0.00005820372825837694, -0.000016512687579961494, -0.000058277790230931714, 1),
            ["LeftLowerLeg"] = CFrame.new(7.264316082000732e-08, -0.0007266402244567871, 0.00008103251457214355, 1, 5.02914261346632e-08, 3.539026138810186e-08, -6.33299421792799e-08, 0.70627361536026, 0.7079387903213501, 2.2351745343485163e-08, -0.7079389691352844, 0.7062737345695496),
            ["RightUpperArm"] = CFrame.new(-0.042193055152893066, 0.0183563232421875, -0.044390857219696045, 0.9355180263519287, -0.2424445003271103, -0.256956547498703, 0.2867892384529114, 0.945916473865509, 0.15163734555244446, 0.206295907497406, -0.21555188298225403, 0.9544525146484375),
            ["Head"] = CFrame.new(7.450580596923828e-09, -7.152557373046875e-07, 2.60770320892334e-08, 0.9821553230285645, -0.016032902523875237, 0.1873871237039566, 0.00889669544994831, 0.9992049932479858, 0.03886179253458977, -0.18786121904850006, -0.03650134801864624, 0.9815171957015991),
            ["UpperTorso"] = CFrame.new(-6.05359673500061e-09, 4.76837158203125e-07, -2.7939677238464355e-08, 0.998881459236145, 0.012807339429855347, -0.045517340302467346, -0.007902568206191063, 0.9942977428436279, 0.10634608566761017, 0.04661977291107178, -0.10586733371019363, 0.9932869076728821),
            ["LeftUpperArm"] = CFrame.new(0.01888406276702881, 0.0049855709075927734, -0.04414767026901245, 0.9038851857185364, 0.4110800623893738, -0.11834173649549484, -0.40326765179634094, 0.9111384153366089, 0.08486545830965042, 0.1427122801542282, -0.028985269367694855, 0.9893397092819214),
            ["RightLowerArm"] = CFrame.new(2.086162567138672e-07, 8.344650268554688e-07, -0.0000035762786865234375, 1, -0.00001928024175867904, 0.0000025127085336862365, 0.000018961729438160546, 0.9389779567718506, -0.34397754073143005, 0.0000042989854591724, 0.3439774215221405, 0.9389778971672058),
            ["LeftHand"] = CFrame.new(-0.0000015795230865478516, -0.0000011920928955078125, 3.5762786865234375e-07, 0.9622495770454407, -0.04976613447070122, -0.2675798833370209, 0.0373564139008522, 0.9979857206344604, -0.05127345398068428, 0.26959288120269775, 0.039342138916254044, 0.9621705412864685),
            ["RightFoot"] = CFrame.new(1.7508864402770996e-07, 1.1920928955078125e-07, 1.6596459317952394e-08, 0.9735711216926575, 0.22726692259311676, 0.02256089262664318, -0.17760394513607025, 0.8155038952827454, -0.550826907157898, -0.14358322322368622, 0.5322623252868652, 0.8343146443367004),
            ["LowerTorso"] = CFrame.new(-0.07836297154426575, -0.21401405334472656, 0.1897701621055603, 0.9569824934005737, -0.009296130388975143, -0.28999683260917664, 0.0014113408979028463, 0.9996239542961121, -0.027386527508497238, 0.29014235734939575, 0.025799144059419632, 0.9566357135772705),
            ["RightUpperLeg"] = CFrame.new(5.960464477539063e-08, 2.2049061954021454e-07, -3.5222910810261965e-08, 0.8725166916847229, -0.2896639108657837, -0.39345836639404297, 0.23407596349716187, 0.9546926021575928, -0.18376769125461578, 0.4288625121116638, 0.06824105978012085, 0.9007885456085205),
            ["LeftUpperLeg"] = CFrame.new(-5.960464477539063e-08, 1.9336584955453873e-07, -2.2351741790771484e-08, 0.9657580852508545, 0.24000102281570435, 0.09854381531476974, -0.12669967114925385, 0.767737865447998, -0.6281130313873291, -0.22640365362167358, 0.5941195487976074, 0.7718570232391357),
        }},
        {Time = 0.033, Data = {
            ["LeftLowerArm"] = CFrame.new(0.0000011324882507324219, 0, 0.000004976987838745117, 1, 1.1920930376163597e-07, 1.4901162614933128e-07, -1.527369164477932e-07, 0.9374303817749023, -0.34817302227020264, -1.1920930376163597e-07, 0.3481730818748474, 0.9374303817749023),
            ["LeftFoot"] = CFrame.new(-1.1734664440155029e-07, 2.384185791015625e-07, -3.725290298461914e-09, 0.992402195930481, -0.12286744266748428, 0.006447223946452141, 0.12301094830036163, 0.9897681474685669, -0.07230053097009659, 0.0025022008921951056, 0.07254460453987122, 0.9973620772361755),
            ["RightHand"] = CFrame.new(-2.9802322387695312e-08, 5.364418029785156e-07, -7.152557373046875e-07, 0.9836999177932739, -0.0074620237573981285, 0.1796630471944809, 0.03455366566777229, 0.9883626103401184, -0.14814011752605438, -0.17646707594394684, 0.15193359553813934, 0.972510039806366),
            ["HumanoidRootPart"] = CFrame.new(0, 0, 0, 1, 0, 0, 0, 1, 0, 0, 0, 1),
            ["RightLowerLeg"] = CFrame.new(-1.6391277313232422e-07, -0.0007264614105224609, 0.0000461207891930826, 1, 1.3411047916633834e-07, -9.685759039257391e-08, -8.47503613954359e-08, 0.6874523758888245, 0.726229190826416, -1.1175872671742582e-08, -0.7262294888496399, 0.6874527931213379),
            ["CrownOutsider"] = CFrame.new(0.0002675950527191162, 5.528387069702148, 0.0001885932870209217, 0.9999999403953552, -0.000027895230232388712, 0.000004647595687856665, 0.00002776163091766648, 0.9999999403953552, 0.00006224183016456664, -0.000004502506271819584, -0.00006224194657988846, 1),
            ["LeftLowerLeg"] = CFrame.new(-4.284083843231201e-08, -0.0007263422012329102, 0.00008091330528259277, 1, 5.215404996761208e-08, 2.8870999813079834e-08, -5.5879347371501353e-08, 0.6794593930244446, 0.7337127327919006, 1.4901159417490817e-08, -0.7337131500244141, 0.6794598698616028),
            ["RightUpperArm"] = CFrame.new(-0.04611051082611084, 0.020878076553344727, -0.04719948768615723, 0.9386690258979797, -0.23566311597824097, -0.25172024965286255, 0.2759605944156647, 0.9511218667030334, 0.1386108547449112, 0.20675165951251984, -0.19957482814788818, 0.9578225016593933),
            ["Head"] = CFrame.new(-8.032657206058502e-09, -7.152557373046875e-07, 2.60770320892334e-08, 0.9815095663070679, -0.015878159552812576, 0.19075360894203186, 0.005299114156514406, 0.9984256029129028, 0.055841706693172455, -0.19134001433849335, -0.053798530250787735, 0.980048418045044),
            ["UpperTorso"] = CFrame.new(1.862645149230957e-09, 0, 1.6763806343078613e-08, 0.9985969662666321, 0.014224767684936523, -0.0510077066719532, -0.008378102444112301, 0.9935532808303833, 0.1130562424659729, 0.05228685587644577, -0.11247021704912186, 0.992278516292572),
            ["LeftUpperArm"] = CFrame.new(0.015050888061523438, 0.0026034116744995117, -0.04682423174381256, 0.8948506116867065, 0.4299868643283844, -0.11980556696653366, -0.42241066694259644, 0.9024999737739563, 0.08404278010129929, 0.14426220953464508, -0.024598518386483192, 0.9892337322235107),
            ["RightLowerArm"] = CFrame.new(2.9802322387695312e-08, 4.76837158203125e-07, -0.000003993511199951172, 1, -0.00001926720142364502, 0.00000248104356614931, 0.000018961729438160546, 0.9388601183891296, -0.3442988097667694, 0.0000042617325561877806, 0.344298779964447, 0.9388601779937744),
            ["LeftHand"] = CFrame.new(-0.0000011324882507324219, -0.0000011920928955078125, 2.3888424038887024e-07, 0.9609534740447998, -0.06607751548290253, -0.26870453357696533, 0.05430817976593971, 0.997220516204834, -0.051008742302656174, 0.2713284492492676, 0.03442424535751343, 0.9618711471557617),
            ["RightFoot"] = CFrame.new(2.4959444999694824e-07, -1.1920928955078125e-07, -8.77116690389812e-08, 0.9773876667022705, 0.21014825999736786, 0.02347590960562229, -0.16072997450828552, 0.8104721307754517, -0.5632943511009216, -0.13740183413028717, 0.5467838644981384, 0.8259228467941284),
            ["LowerTorso"] = CFrame.new(-0.050930704921483994, -0.21896719932556152, 0.20883917808532715, 0.9614099264144897, -0.01729505881667137, -0.2745760977268219, 0.010292014107108116, 0.9995845556259155, -0.02692525088787079, 0.27492767572402954, 0.023060258477926254, 0.9611884355545044),
            ["RightUpperLeg"] = CFrame.new(0, -4.936009645462036e-08, 2.0656443666666746e-08, 0.8702266216278076, -0.26845818758010864, -0.4130808711051941, 0.20947876572608948, 0.9605459570884705, -0.18294847011566162, 0.4458971917629242, 0.07267479598522186, 0.8921289443969727),
            ["LeftUpperLeg"] = CFrame.new(-5.960464477539063e-08, -9.534414857625961e-08, 0, 0.9660928249359131, 0.247940793633461, 0.0720413476228714, -0.14362908899784088, 0.7479398846626282, -0.6480408906936646, -0.21455839276313782, 0.6157202124595642, 0.7581906914710999),
        }},
        {Time = 0.067, Data = {
            ["LeftLowerArm"] = CFrame.new(0.0000011920928955078125, -7.748603820800781e-07, 0.000004976987838745117, 1, 1.3411047916633834e-07, 1.0430814256778831e-07, -9.872020712009544e-08, 0.9366849064826965, -0.35017356276512146, -1.1175872316471214e-07, 0.35017362236976624, 0.9366848468780518),
            ["LeftFoot"] = CFrame.new(-8.725328370928764e-08, -5.960464477539063e-08, 1.862645149230957e-08, 0.9929839968681335, -0.11741283535957336, -0.014036190696060658, 0.11669589579105377, 0.9921892881393433, -0.04407545551657677, 0.01910162717103958, 0.04212825000286102, 0.9989296793937683),
            ["RightHand"] = CFrame.new(2.980232238769531e-07, 0.0000010132789611816406, -7.450580596923828e-07, 0.9820652604103088, 0.044636692851781845, 0.18318122625350952, -0.017400525510311127, 0.9888822436332703, -0.1476786583662033, -0.18773676455020905, 0.14184273779392242, 0.9719237089157104),
            ["HumanoidRootPart"] = CFrame.new(0, 0, 0, 1, 0, 0, 0, 1, 0, 0, 0, 1),
            ["RightLowerLeg"] = CFrame.new(1.4901161193847656e-08, -0.0007260441780090332, 0.00004604628338711336, 1, 5.96046660916727e-08, -5.215408194203519e-08, -8.195639367158947e-08, 0.6762663722038269, 0.736656904220581, 9.313227167240257e-08, -0.7366572022438049, 0.6762667298316956),
            ["CrownOutsider"] = CFrame.new(0.0003124736249446869, 5.5054216384887695, 0.0002257595770061016, 1, -0.000022784019165555947, 0.000002353102217966807, 0.000022665466531179845, 0.9999999403953552, 0.00006598205800401047, -0.000002058857717202045, -0.00006598224717890844, 0.9999999403953552),
            ["LeftLowerLeg"] = CFrame.new(-4.604225978255272e-08, -0.0007265210151672363, 0.00008099153637886047, 1, 6.753544568027792e-08, 1.0477382517137812e-08, -6.530899554491043e-08, 0.6705366373062134, 0.7418763637542725, 1.1525116860866547e-08, -0.7418763637542725, 0.6705366969108582),
            ["RightUpperArm"] = CFrame.new(-0.05190849304199219, 0.024021148681640625, -0.05583256483078003, 0.9443601369857788, -0.22781163454055786, -0.2372463047504425, 0.25700339674949646, 0.9612221717834473, 0.1000065952539444, 0.20526380836963654, -0.1554153561592102, 0.9662882089614868),
            ["Head"] = CFrame.new(9.313225746154785e-09, -4.76837158203125e-07, -7.916241884231567e-09, 0.9815121293067932, -0.010636421851813793, 0.191104456782341, -0.007952949963510036, 0.9953261017799377, 0.0962437316775322, -0.1912350207567215, -0.09598435461521149, 0.9768399000167847),
            ["UpperTorso"] = CFrame.new(3.725290298461914e-09, -1.7881393432617188e-07, -1.862645149230957e-08, 0.9978155493736267, 0.013953935354948044, -0.06457172334194183, -0.005463684909045696, 0.9915201663970947, 0.12983807921409607, 0.06583592295646667, -0.12920168042182922, 0.9894304275512695),
            ["LeftUpperArm"] = CFrame.new(0.009409487247467041, -0.0009481906890869141, -0.05507303774356842, 0.876451849937439, 0.46543508768081665, -0.12329782545566559, -0.4591672122478485, 0.8850165009498596, 0.07688463479280472, 0.14490540325641632, -0.010771333239972591, 0.9893868565559387),
            ["RightLowerArm"] = CFrame.new(6.258487701416016e-07, 8.344650268554688e-07, -0.000003874301910400391, 1, -0.00001923320633068215, 0.0000024549663066864014, 0.00001892447289719712, 0.938032329082489, -0.3465476334095001, 0.0000042282040340069216, 0.3465476930141449, 0.9380323886871338),
            ["LeftHand"] = CFrame.new(-0.0000015497207641601562, -9.5367431640625e-07, 2.644956111907959e-07, 0.9566380977630615, -0.10213228315114975, -0.2727862298488617, 0.09171055257320404, 0.9944931268692017, -0.050721295177936554, 0.2764646112918854, 0.02350463531911373, 0.9607368111610413),
            ["RightFoot"] = CFrame.new(1.9371509552001953e-07, 5.960464477539063e-08, 1.6596459317952394e-08, 0.9821982383728027, 0.18606139719486237, 0.025841135531663895, -0.13694320619106293, 0.8033917546272278, -0.5794895887374878, -0.1285811960697174, 0.5656350255012512, 0.814569890499115),
            ["LowerTorso"] = CFrame.new(-0.011540248990058899, -0.22390055656433105, 0.24050581455230713, 0.9714050889015198, -0.02435729093849659, -0.2361760288476944, 0.018922600895166397, 0.9995021224021912, -0.025250893086194992, 0.2366734743118286, 0.020059773698449135, 0.9713822603225708),
            ["RightUpperLeg"] = CFrame.new(8.940696716308594e-08, -2.9336661100387573e-07, 5.75528247281909e-09, 0.8559260964393616, -0.241443932056427, -0.457269549369812, 0.17838868498802185, 0.967883288860321, -0.17714297771453857, 0.48535361886024475, 0.07004943490028381, 0.8715074062347412),
            ["LeftUpperLeg"] = CFrame.new(-5.960464477539063e-08, -2.691522240638733e-07, -3.3527612686157227e-08, 0.9615738987922668, 0.26549482345581055, 0.0699150338768959, -0.15057902038097382, 0.7229394316673279, -0.6743029356002808, -0.22956830263137817, 0.6378644704818726, 0.7351377010345459),
        }},
        {Time = 0.100, Data = {
            ["LeftLowerArm"] = CFrame.new(0.0000013113021850585938, 0, 0.000004947185516357422, 1, 1.7881390590446244e-07, 5.21540641784668e-08, -1.378357268322361e-07, 0.9346636533737183, -0.35553327202796936, -8.940695295223122e-08, 0.3555332124233246, 0.934663712978363),
            ["LeftFoot"] = CFrame.new(-3.5390257835388184e-08, -1.7881393432617188e-07, -1.4901161193847656e-08, 0.9968529343605042, -0.0791977047920227, -0.0034708986058831215, 0.07884746044874191, 0.9950767159461975, -0.06004629284143448, 0.008209360763430595, 0.059583794325590134, 0.9981895685195923),
            ["RightHand"] = CFrame.new(1.7881393432617188e-07, 0.0000013709068298339844, -7.748603820800781e-07, 0.9755607843399048, 0.0975191742181778, 0.19690370559692383, -0.06876230984926224, 0.9866023659706116, -0.14794482290744781, -0.20869329571723938, 0.13078981637954712, 0.9691962599754333),
            ["HumanoidRootPart"] = CFrame.new(0, 0, 0, 1, 0, 0, 0, 1, 0, 0, 0, 1),
            ["RightLowerLeg"] = CFrame.new(0, -0.0007264018058776855, 0.00004604628338711336, 1, 1.4901166878189542e-07, -1.3411050758804777e-07, -8.009374141693115e-08, 0.6863731741905212, 0.7272487878799438, 8.568167686462402e-08, -0.7272495031356812, 0.6863740086555481),
            ["CrownOutsider"] = CFrame.new(0.00005709007382392883, 5.482295989990234, 0.00014654360711574554, 1, -0.00001491592684033094, -0.0000024446292172797257, 0.000014976241800468415, 1, 0.00004723649544757791, 0.0000025314084268757142, -0.000047281471779569983, 1),
            ["LeftLowerLeg"] = CFrame.new(2.9802322387695312e-08, -0.0007265210151672363, 0.00008098059333860874, 1, 9.406356582530861e-08, 2.5145714843688438e-08, -6.705522537231445e-08, 0.5623598098754883, 0.8268924355506897, 3.725290298461914e-08, -0.826892614364624, 0.5623601078987122),
            ["RightUpperArm"] = CFrame.new(-0.05456942319869995, 0.023662567138671875, -0.06393268704414368, 0.9497318863868713, -0.22688384354114532, -0.21571514010429382, 0.24292491376399994, 0.968721866607666, 0.050651002675294876, 0.19747619330883026, -0.10050749778747559, 0.9751417636871338),
            ["Head"] = CFrame.new(0, -2.384185791015625e-07, -1.30385160446167e-08, 0.9870069026947021, -0.0011072905035689473, 0.16067418456077576, -0.022247640416026115, 0.9894026517868042, 0.14348338544368744, -0.15913033485412598, -0.1451939195394516, 0.9765225648880005),
            ["UpperTorso"] = CFrame.new(-5.122274160385132e-09, 2.980232238769531e-07, -1.6560079529881477e-08, 0.9966344237327576, 0.010428477078676224, -0.08130818605422974, 0.0015174244763329625, 0.9893580675125122, 0.1454935073852539, 0.08196008950471878, -0.14512717723846436, 0.9860125780105591),
            ["LeftUpperArm"] = CFrame.new(0.006795763969421387, -0.00297391414642334, -0.06280170381069183, 0.8595988750457764, 0.4956444501876831, -0.1242028996348381, -0.4908009171485901, 0.8685241937637329, 0.0691390186548233, 0.1421416997909546, 0.0015270955627784133, 0.9898451566696167),
            ["RightLowerArm"] = CFrame.new(2.980232238769531e-07, 2.384185791015625e-07, -0.0000039637088775634766, 1, -0.000019222497940063477, 0.0000026747586616693297, 0.000018924474716186523, 0.9357566237449646, -0.3526466190814972, 0.000004291534423828125, 0.3526465892791748, 0.9357566833496094),
            ["LeftHand"] = CFrame.new(-0.0000014007091522216797, -0.0000013113021850585938, -1.4901161193847656e-08, 0.9497007131576538, -0.1386500746011734, -0.28079259395599365, 0.1293891817331314, 0.9902633428573608, -0.051351822912693024, 0.28517889976501465, 0.012437419965863228, 0.9583937525749207),
            ["RightFoot"] = CFrame.new(1.341104507446289e-07, -1.1920928955078125e-07, 1.20904587674886e-07, 0.9844683408737183, 0.17306089401245117, 0.029530419036746025, -0.12387197464704514, 0.8039122223854065, -0.58170485496521, -0.12440994381904602, 0.5690125226974487, 0.8128637671470642),
            ["LowerTorso"] = CFrame.new(0.010824283584952354, -0.21660327911376953, 0.2671153247356415, 0.9822726249694824, -0.021957289427518845, -0.1861676126718521, 0.017105435952544212, 0.9994719624519348, -0.027628282085061073, 0.18667593598365784, 0.023954030126333237, 0.9821294546127319),
            ["RightUpperLeg"] = CFrame.new(0, 1.4062970876693726e-07, 2.029992174357176e-09, 0.8292032480239868, -0.22900553047657013, -0.5098808407783508, 0.16985583305358887, 0.9723159670829773, -0.16047078371047974, 0.5325137972831726, 0.04645639285445213, 0.8451454043388367),
            ["LeftUpperLeg"] = CFrame.new(0, 1.19674950838089e-07, -4.470348358154297e-08, 0.9565115571022034, 0.26993218064308167, 0.11055448651313782, -0.11335831880569458, 0.6932039856910706, -0.7117713093757629, -0.2687667906284332, 0.6682849526405334, 0.6936565041542053),
        }},
        {Time = 0.133, Data = {
            ["LeftLowerArm"] = CFrame.new(0.000001430511474609375, 5.960464477539063e-08, 0.00000476837158203125, 1, 1.7881393432617188e-07, 1.0430814256778831e-07, -1.3969835777061235e-07, 0.9306303858757019, -0.3659607172012329, -8.940694584680386e-08, 0.36596065759658813, 0.9306303858757019),
            ["LeftFoot"] = CFrame.new(7.264316082000732e-08, 1.1920928955078125e-07, 7.450580596923828e-09, 0.9994684457778931, -0.03257345035672188, 0.001375212799757719, 0.0325128547847271, 0.9927073121070862, -0.11608254164457321, 0.0024160295724868774, 0.11606573313474655, 0.993238627910614),
            ["RightHand"] = CFrame.new(3.2782554626464844e-07, 0.000001430511474609375, -7.450580596923828e-07, 0.9660535454750061, 0.12356262654066086, 0.22687602043151855, -0.09076302498579025, 0.9845510721206665, -0.14973720908164978, -0.2418731451034546, 0.12406232208013535, 0.9623441100120544),
            ["HumanoidRootPart"] = CFrame.new(0, 0, 0, 1, 0, 0, 0, 1, 0, 0, 0, 1),
            ["RightLowerLeg"] = CFrame.new(-1.7881393432617188e-07, -0.0007265210151672363, 0.00004607608570950106, 1, 7.450583439094771e-08, -7.450582373280668e-09, -6.612390279769897e-08, 0.7113590836524963, 0.7028286457061768, 8.754432201385498e-08, -0.7028288245201111, 0.7113592028617859),
            ["CrownOutsider"] = CFrame.new(-0.00003022700548171997, 5.459239959716797, 0.000338622834533453, 1, -0.00004538901339401491, 0.0000013981593838252593, 0.00004529994839685969, 1, 0.00003394431041670032, -0.000001074165652426018, -0.00003384047522558831, 1),
            ["LeftLowerLeg"] = CFrame.new(1.043081283569336e-07, -0.0007266402244567871, 0.00008113309741020203, 1, 6.845220212881031e-08, 2.887100691850719e-08, -6.891786341611805e-08, 0.4564627408981323, 0.8897424936294556, 2.9802318834981634e-08, -0.8897424936294556, 0.4564629793167114),
            ["RightUpperArm"] = CFrame.new(-0.05443096160888672, 0.020756125450134277, -0.06790144741535187, 0.9562796354293823, -0.22802144289016724, -0.1831272542476654, 0.23211583495140076, 0.9726876616477966, 0.0009502853499725461, 0.17790885269641876, -0.04341538995504379, 0.9830887913703918),
            ["Head"] = CFrame.new(-1.1175870895385742e-08, -8.344650268554688e-07, 1.2386590242385864e-07, 0.9949493408203125, 0.005115904379636049, 0.10024850070476532, -0.024168333038687706, 0.9815297722816467, 0.18977713584899902, -0.0974259153008461, -0.19124147295951843, 0.9766959547996521),
            ["UpperTorso"] = CFrame.new(-1.862645149230957e-09, 1.4901161193847656e-07, 1.862645149230957e-09, 0.9952006340026855, 0.006892629899084568, -0.09761276096105576, 0.008373826742172241, 0.9878587126731873, 0.15512920916080475, 0.0974968895316124, -0.15520209074020386, 0.9830599427223206),
            ["LeftUpperArm"] = CFrame.new(0.006855010986328125, -0.002984762191772461, -0.06666462123394012, 0.8516121506690979, 0.5114017724990845, -0.11500021815299988, -0.5078878998756409, 0.8593124747276306, 0.060264669358730316, 0.12964043021202087, 0.007085141725838184, 0.9915358424186707),
            ["RightLowerArm"] = CFrame.new(4.76837158203125e-07, 0.0000011324882507324219, -0.0000035762786865234375, 1, -0.000019256025552749634, 0.0000028386712074279785, 0.00001892447289719712, 0.9312271475791931, -0.364439457654953, 0.000004267319582140772, 0.364439457654953, 0.9312270879745483),
            ["LeftHand"] = CFrame.new(-0.0000012665987014770508, -0.0000010132789611816406, 5.21540641784668e-08, 0.9430987238883972, -0.15666522085666656, -0.2932927906513214, 0.14741581678390503, 0.9876251816749573, -0.05352675914764404, 0.2980494499206543, 0.007245110347867012, 0.9545231461524963),
            ["RightFoot"] = CFrame.new(5.960464477539063e-08, -1.7881393432617188e-07, -2.8107024263590574e-08, 0.9860203266143799, 0.16280531883239746, 0.035474538803100586, -0.1134033203125, 0.8116742968559265, -0.572996199131012, -0.12208064645528793, 0.5609628558158875, 0.8187900185585022),
            ["LowerTorso"] = CFrame.new(0.02830583043396473, -0.2012423276901245, 0.29344451427459717, 0.9905477166175842, -0.01826062798500061, -0.13594798743724823, 0.013548987917602062, 0.9992777705192566, -0.035502705723047256, 0.1364981085062027, 0.033325161784887314, 0.9900796413421631),
            ["RightUpperLeg"] = CFrame.new(0, -5.960464477539063e-08, 1.3205863069742918e-08, 0.7980337142944336, -0.21478411555290222, -0.563036322593689, 0.16883286833763123, 0.976596474647522, -0.1332474648952484, 0.5784788131713867, 0.011276892386376858, 0.8156195878982544),
            ["LeftUpperLeg"] = CFrame.new(0, -3.306195139884949e-08, -7.450580596923828e-09, 0.9412301182746887, 0.2860351502895355, 0.17963777482509613, -0.07007337361574173, 0.6856321096420288, -0.724567711353302, -0.3304172456264496, 0.6693971753120422, 0.6653810143470764),
        }},
        {Time = 0.167, Data = {
            ["LeftLowerArm"] = CFrame.new(0.0000011324882507324219, -1.7881393432617188e-07, 0.000004947185516357422, 1, 1.713633963618122e-07, 4.4703494239684005e-08, -1.0698570918066252e-07, 0.9118729829788208, -0.4104726016521454, -1.713633963618122e-07, 0.410472571849823, 0.9118729829788208),
            ["LeftFoot"] = CFrame.new(-1.885928213596344e-08, -1.7881393432617188e-07, 1.5832483768463135e-08, 0.9999793767929077, 0.0007801410974934697, 0.006377923768013716, 0.00032487697899341583, 0.9851945638656616, -0.1714397519826889, -0.006417373660951853, 0.17143836617469788, 0.9851740002632141),
            ["RightHand"] = CFrame.new(-9.685754776000977e-08, 0.0000011920928955078125, -6.854534149169922e-07, 0.9534657001495361, -0.011056027375161648, 0.3012983500957489, 0.04027591645717621, 0.99504154920578, -0.0909411609172821, -0.29879921674728394, 0.09884443134069443, 0.9491834044456482),
            ["HumanoidRootPart"] = CFrame.new(0, 0, 0, 1, 0, 0, 0, 1, 0, 0, 0, 1),
            ["RightLowerLeg"] = CFrame.new(-7.450580596923828e-08, -0.0007264018058776855, 0.000046090986870694906, 1, 5.960465898624534e-08, 2.2351745343485163e-08, -5.8673329306202504e-08, 0.7285487651824951, 0.6849934458732605, -2.2351745343485163e-08, -0.6849939227104187, 0.7285491824150085),
            ["CrownOutsider"] = CFrame.new(0.0003123842179775238, 5.435943603515625, 0.00014751730486750603, 0.9999999403953552, 0.000008865709787642118, 0.000008613372301624622, -0.000008760877790336963, 1, 0.00008234391862060875, -0.00000828816610010108, -0.00008243288175435737, 0.9999999403953552),
            ["LeftLowerLeg"] = CFrame.new(1.4901161193847656e-08, -0.0007264614105224609, 0.00008094310760498047, 1, 7.450580596923828e-08, 4.0046874261179255e-08, -1.0803340444454079e-07, 0.36248892545700073, 0.9319880604743958, 5.5879347371501353e-08, -0.9319881200790405, 0.3624889850616455),
            ["RightUpperArm"] = CFrame.new(-0.05080890655517578, 0.01629638671875, -0.06862716376781464, 0.9664447903633118, -0.22253036499023438, -0.12831468880176544, 0.21381083130836487, 0.9737312197685242, -0.07831121981143951, 0.14237084984779358, 0.04824841395020485, 0.98863685131073),
            ["Head"] = CFrame.new(1.862645149230957e-08, -5.960464477539062e-07, -5.075708031654358e-08, 0.9992730021476746, -0.0005394723848439753, 0.03812209889292717, -0.008015844039618969, 0.9745778441429138, 0.22390563786029816, -0.037273697555065155, -0.2240486592054367, 0.9738650321960449),
            ["UpperTorso"] = CFrame.new(-1.0244548320770264e-08, -2.086162567138672e-07, -4.6566128730773926e-09, 0.9948137402534485, -0.001501221675425768, -0.10170318186283112, 0.017351960763335228, 0.9877387285232544, 0.15514913201332092, 0.1002231314778328, -0.15610921382904053, 0.9826419949531555),
            ["LeftUpperArm"] = CFrame.new(0.010312020778656006, 0.00023186206817626953, -0.06767579913139343, 0.8643045425415039, 0.49874579906463623, -0.06503821164369583, -0.4979557394981384, 0.8667174577713013, 0.029003603383898735, 0.07083531469106674, 0.00731827225536108, 0.997461199760437),
            ["RightLowerArm"] = CFrame.new(4.172325134277344e-07, 8.344650268554688e-07, -0.000003732740879058838, 1, -0.000019043687643716112, 0.0000038817524909973145, 0.00001892074942588806, 0.9109897017478943, -0.4124290943145752, 0.000004258938133716583, 0.41242924332618713, 0.9109897017478943),
            ["LeftHand"] = CFrame.new(-0.0000015795230865478516, -0.0000013709068298339844, 7.450580596923828e-08, 0.9245269894599915, -0.1148228719830513, -0.3634079098701477, 0.08317283540964127, 0.991339385509491, -0.1016295924782753, 0.37193042039871216, 0.06373374909162521, 0.9260702729225159),
            ["RightFoot"] = CFrame.new(1.4528632164001465e-07, -1.7881393432617188e-07, -1.3205863069742918e-08, 0.9868096709251404, 0.15672427415847778, 0.04054821655154228, -0.10685703903436661, 0.8187658190727234, -0.5640959143638611, -0.12160695344209671, 0.552322506904602, 0.8247131109237671),
            ["LowerTorso"] = CFrame.new(0.03680407628417015, -0.18741488456726074, 0.31436887383461, 0.9948063492774963, -0.010908043012022972, -0.10119959712028503, 0.006920188665390015, 0.9991887807846069, -0.039673540741205215, 0.10155025869607925, 0.038767166435718536, 0.994074821472168),
            ["RightUpperLeg"] = CFrame.new(8.940696716308594e-08, -2.7706846594810486e-07, -9.145878721028566e-09, 0.7735481858253479, -0.21017082035541534, -0.5978724956512451, 0.17189686000347137, 0.9776235222816467, -0.12125924229621887, 0.6099792122840881, -0.008972653187811375, 0.7923665642738342),
            ["LeftUpperLeg"] = CFrame.new(-5.960464477539063e-08, -2.5937333703041077e-07, 3.725290298461914e-09, 0.9181485772132874, 0.3099873960018158, 0.24680185317993164, -0.0383308008313179, 0.6894297003746033, -0.7233378887176514, -0.3943779170513153, 0.654671311378479, 0.6448807716369629),
        }},
        {Time = 0.200, Data = {
            ["LeftLowerArm"] = CFrame.new(0.0000011324882507324219, -5.960464477539063e-08, 0.000004939734935760498, 1, 1.2665985593685036e-07, 1.0430815677864302e-07, -9.17352949159067e-08, 0.8674748539924622, -0.49748101830482483, -9.685756907629184e-08, 0.49748098850250244, 0.8674749135971069),
            ["LeftFoot"] = CFrame.new(4.307366907596588e-08, -1.7881393432617188e-07, -7.450580596923828e-09, 0.9997240900993347, 0.02182350680232048, 0.008697766810655594, -0.019591737538576126, 0.9787797927856445, -0.20397615432739258, -0.012964656576514244, 0.20374973118305206, 0.9789372086524963),
            ["RightHand"] = CFrame.new(-1.3975659385323524e-07, 0.0000010132789611816406, -6.908085197210312e-07, 0.8865360021591187, -0.2538861036300659, 0.38677558302879333, 0.2521640658378601, 0.9660544395446777, 0.05614499747753143, -0.38790109753608704, 0.04775646701455116, 0.9204631447792053),
            ["HumanoidRootPart"] = CFrame.new(0, 0, 0, 1, 0, 0, 0, 1, 0, 0, 0, 1),
            ["RightLowerLeg"] = CFrame.new(8.940696716308594e-08, -0.000726163387298584, 0.0000461207891930826, 1, 9.685758328714655e-08, -1.4901164746561335e-08, -5.3085386753082275e-08, 0.7323759198188782, 0.6809002757072449, 8.568167686462402e-08, -0.680900514125824, 0.732376217842102),
            ["CrownOutsider"] = CFrame.new(-0.000030472874641418457, 5.41292142868042, 0.00017058895900845528, 1, -0.00008415932825300843, -0.000043128693505423144, 0.00008411764429183677, 0.9999999403953552, 0.00004732509114546701, 0.000043449999793665484, -0.00004738731877296232, 1),
            ["LeftLowerLeg"] = CFrame.new(-2.7939677238464355e-09, -0.0007264018058776855, 0.00008101761341094971, 1, 1.1036173930278892e-07, 4.16766958721837e-08, -4.7031790018081665e-08, 0.31884142756462097, 0.947808027267456, 5.8673322200775146e-08, -0.9478081464767456, 0.3188417851924896),
            ["RightUpperArm"] = CFrame.new(-0.044408559799194336, 0.010979771614074707, -0.06583069264888763, 0.9777696132659912, -0.20396214723587036, -0.04864311218261719, 0.19260086119174957, 0.9653276801109314, -0.17620307207107544, 0.08289531618356705, 0.16291730105876923, 0.9831512570381165),
            ["Head"] = CFrame.new(-9.313225746154785e-09, -0.0000011920928955078125, -4.7031790018081665e-08, 0.9995495080947876, -0.019962305203080177, -0.022415218874812126, 0.02475600503385067, 0.9705612659454346, 0.2395787090063095, 0.016972778365015984, -0.24002596735954285, 0.9706181287765503),
            ["UpperTorso"] = CFrame.new(2.3283064365386963e-09, 1.7881393432617188e-07, 7.916241884231567e-09, 0.9957934021949768, -0.015302952378988266, -0.09034039825201035, 0.028261981904506683, 0.9891793727874756, 0.14396362006664276, 0.08715978264808655, -0.14591112732887268, 0.9854507446289062),
            ["LeftUpperArm"] = CFrame.new(0.016583383083343506, 0.006352424621582031, -0.06554409116506577, 0.8906444907188416, 0.4546431303024292, 0.007208830676972866, -0.4545837640762329, 0.8906633257865906, -0.008528238162398338, -0.010297924280166626, 0.004318556282669306, 0.9999376535415649),
            ["RightLowerArm"] = CFrame.new(2.086162567138672e-07, 5.364418029785156e-07, -0.000003844499588012695, 1, -0.00001852214518294204, 0.000005900859832763672, 0.00001895707282528747, 0.8616614937782288, -0.5074834227561951, 0.000004315749265515478, 0.5074834823608398, 0.8616614937782288),
            ["LeftHand"] = CFrame.new(-0.0000012069940567016602, -0.0000017881393432617188, 3.8743019104003906e-07, 0.8553770184516907, -0.03338734805583954, -0.5169285535812378, -0.06491196155548096, 0.9831458330154419, -0.17091119289398193, 0.5139228701591492, 0.17974863946437836, 0.8387933373451233),
            ["RightFoot"] = CFrame.new(1.341104507446289e-07, -1.7881393432617188e-07, 6.129994289949536e-08, 0.987119734287262, 0.15391559898853302, 0.04364204779267311, -0.10367698222398758, 0.8231977224349976, -0.5582084655761719, -0.12184303253889084, 0.5464938879013062, 0.8285521268844604),
            ["LowerTorso"] = CFrame.new(0.03556276485323906, -0.17714369297027588, 0.3302302360534668, 0.9964051842689514, -0.00029862040537409484, -0.08471568673849106, -0.0028205306734889746, 0.9993225336074829, -0.03669697791337967, 0.08466924726963043, 0.03680399805307388, 0.9957292675971985),
            ["RightUpperLeg"] = CFrame.new(2.9802322387695312e-08, 1.597509253770113e-07, -3.894820110872388e-08, 0.7598844766616821, -0.21919789910316467, -0.6119869351387024, 0.17533878982067108, 0.975653886795044, -0.13174153864383698, 0.6259649395942688, -0.007196762599050999, 0.779818058013916),
            ["LeftUpperLeg"] = CFrame.new(-2.9802322387695312e-08, -5.5908458307385445e-08, -7.450580596923828e-09, 0.8984853029251099, 0.32230204343795776, 0.29806962609291077, -0.020016860216856003, 0.708339512348175, -0.705588161945343, -0.43854695558547974, 0.6279941201210022, 0.6428840160369873),
        }},
        {Time = 0.233, Data = {
            ["LeftLowerArm"] = CFrame.new(0.0000011324882507324219, -4.172325134277344e-07, 0.000004751607775688171, 1, 1.4156104555240745e-07, 7.4505820180093e-08, -1.3317915659172286e-07, 0.8017985820770264, -0.5975944399833679, -1.1175873737556685e-07, 0.5975944399833679, 0.8017985820770264),
            ["LeftFoot"] = CFrame.new(3.213062882423401e-08, -1.7881393432617188e-07, 5.960464477539063e-08, 0.9993546605110168, 0.03570305183529854, 0.003964293282479048, -0.034044452011585236, 0.9765384197235107, -0.21263538300991058, -0.011463015340268612, 0.212363138794899, 0.9771236181259155),
            ["RightHand"] = CFrame.new(6.332993507385254e-08, 8.344650268554688e-07, -4.991888999938965e-07, 0.7922422289848328, -0.35682225227355957, 0.4950045645236969, 0.31094297766685486, 0.9340558052062988, 0.17565472424030304, -0.5250397324562073, 0.014757178723812103, 0.8509501218795776),
            ["HumanoidRootPart"] = CFrame.new(0, 0, 0, 1, 0, 0, 0, 1, 0, 0, 0, 1),
            ["RightLowerLeg"] = CFrame.new(5.960464477539063e-08, -0.0007264018058776855, 0.000046031382225919515, 1, 9.685756907629184e-08, 2.2351741790771484e-08, -4.936009645462036e-08, 0.7312037944793701, 0.6821589469909668, 3.3527612686157227e-08, -0.6821591854095459, 0.7312040328979492),
            ["CrownOutsider"] = CFrame.new(0.00007583200931549072, 5.389872074127197, 0.0002395198680460453, 1, -0.00003173875666107051, -0.000012742272701871116, 0.00003166545502608642, 0.9999999403953552, 0.000039606893551535904, 0.000013230735930847004, -0.000039607781218364835, 0.9999999403953552),
            ["LeftLowerLeg"] = CFrame.new(-2.7474015951156616e-08, -0.0007264614105224609, 0.00008100271224975586, 1, 8.079223334789276e-08, 5.844048445169392e-08, -1.2526288628578186e-07, 0.360063374042511, 0.9329279065132141, 5.75091689825058e-08, -0.9329278469085693, 0.3600633442401886),
            ["RightUpperArm"] = CFrame.new(-0.03670024871826172, 0.00526118278503418, -0.061004623770713806, 0.9825419187545776, -0.17983709275722504, 0.04764436185359955, 0.18601158261299133, 0.9542005658149719, -0.23430965840816498, -0.0033247778192162514, 0.23908129334449768, 0.9709938764572144),
            ["Head"] = CFrame.new(-7.450580596923828e-09, -7.152557373046875e-07, 1.5366822481155396e-08, 0.9948251247406006, -0.04605771228671074, -0.09056313335895538, 0.06681600958108902, 0.9680634140968323, 0.2416379451751709, 0.0765414610505104, -0.24643856287002563, 0.9661312103271484),
            ["UpperTorso"] = CFrame.new(-3.725290298461914e-09, 8.940696716308594e-08, -4.190951585769653e-08, 0.9970253705978394, -0.02938329614698887, -0.0712541788816452, 0.03860792517662048, 0.9905304312705994, 0.13175371289253235, 0.06670812517404556, -0.13411270081996918, 0.9887183308601379),
            ["LeftUpperArm"] = CFrame.new(0.024317622184753418, 0.013617753982543945, -0.061518892645835876, 0.9196015000343323, 0.39228707551956177, 0.0210727471858263, -0.3919008672237396, 0.919784426689148, -0.020262669771909714, -0.027331186458468437, 0.01037509273737669, 0.9995726346969604),
            ["RightLowerArm"] = CFrame.new(4.172325134277344e-07, 5.960464477539063e-08, -0.000003829598426818848, 1, -0.00001754611912474502, 0.000008381903171539307, 0.000018949622244690545, 0.7839972376823425, -0.6207643747329712, 0.000004313886620366247, 0.620764434337616, 0.7839971780776978),
            ["LeftHand"] = CFrame.new(-0.0000014156103134155273, -9.5367431640625e-07, 1.7881393432617188e-07, 0.7296337485313416, 0.010797734372317791, -0.683752715587616, -0.19539563357830048, 0.9614815711975098, -0.19332335889339447, 0.6553283333778381, 0.27465763688087463, 0.7036393880844116),
            ["RightFoot"] = CFrame.new(5.587935447692871e-08, -1.1920928955078125e-07, -1.3205863069742918e-08, 0.9870526194572449, 0.15373210608959198, 0.04575590044260025, -0.10315533727407455, 0.8268675804138184, -0.552855372428894, -0.12282566726207733, 0.540977418422699, 0.832020103931427),
            ["LowerTorso"] = CFrame.new(0.02785913646221161, -0.16855406761169434, 0.3437630534172058, 0.9971784949302673, 0.010624123737215996, -0.07431231439113617, -0.013149491511285305, 0.9993496537208557, -0.033576853573322296, 0.07390725612640381, 0.034459277987480164, 0.9966696500778198),
            ["RightUpperLeg"] = CFrame.new(-2.9802322387695312e-08, -5.541369318962097e-08, 5.75528247281909e-09, 0.7500609159469604, -0.23468981683254242, -0.618327796459198, 0.18126323819160461, 0.9720702767372131, -0.14907412230968475, 0.6360443234443665, -0.00026555353542789817, 0.7716525197029114),
            ["LeftUpperLeg"] = CFrame.new(-2.9802322387695312e-08, 2.468004822731018e-07, -7.450580596923828e-09, 0.8798678517341614, 0.31297779083251953, 0.3575997054576874, -0.007518059574067593, 0.7615686655044556, -0.6480406522750854, -0.4751591086387634, 0.5675016641616821, 0.6724327206611633),
        }},
        {Time = 0.267, Data = {
            ["LeftLowerArm"] = CFrame.new(0.0000013113021850585938, -5.364418029785156e-07, 0.000004716217517852783, 1, 1.4901161193847656e-07, 4.4703494239684005e-08, -8.568168397005138e-08, 0.6962723135948181, -0.7177777886390686, -1.0244549741855735e-07, 0.7177777290344238, 0.6962723135948181),
            ["LeftFoot"] = CFrame.new(6.461050361394882e-08, 0, -1.4901161193847656e-08, 0.9994723200798035, 0.030774129554629326, -0.010401807725429535, -0.03239698335528374, 0.9677926301956177, -0.24965599179267883, 0.0023837818298488855, 0.24986107647418976, 0.968278706073761),
            ["RightHand"] = CFrame.new(3.4086406230926514e-07, 0.0000013113021850585938, -4.470348358154297e-07, 0.6235007643699646, -0.11247360706329346, 0.773689866065979, 0.14620141685009003, 0.9889146685600281, 0.0259407889097929, -0.7680312395095825, 0.0969405472278595, 0.6330332159996033),
