return {
    ["Valentina’s Verve"] = {
        {Time = 0.000, Data = {
            ["RightFoot"] = CFrame.new(1.2665987014770508e-07, -1.7881393432617188e-07, -1.3205863069742918e-08, 0.9289401173591614, 0.34522461891174316, -0.13375329971313477, -0.3643726408481598, 0.788487434387207, -0.49549999833106995, -0.06559592485427856, 0.509026050567627, 0.8582481145858765),
            ["LeftLowerArm"] = CFrame.new(0.0000013709068298339844, -7.748603820800781e-07, 0.000004999339580535889, 1, 6.70552182668871e-08, -5.401671643312511e-08, -9.685754776000977e-08, 0.0556606724858284, -0.9984497427940369, -2.2351741790771484e-08, 0.9984498023986816, 0.055660612881183624),
            ["RightUpperArm"] = CFrame.new(-0.027907609939575195, 0.015626192092895508, 0.014129703864455223, 0.11546964943408966, -0.07008763402700424, 0.9908353090286255, 0.7031744122505188, 0.7103106379508972, -0.031701818108558655, -0.7015787363052368, 0.7003903985023499, 0.13130326569080353),
            ["Head"] = CFrame.new(1.3969838619232178e-09, -5.960464477539062e-07, 4.423782229423523e-09, 0.9997978210449219, 0.002673681825399399, 0.0199302788823843, -0.00877985917031765, 0.949700117111206, 0.3130378723144531, -0.01809070073068142, -0.3131495714187622, 0.9495314955711365),
            ["RightHand"] = CFrame.new(2.9802322387695312e-08, 0.0000011324882507324219, -8.195638656616211e-07, 0.3493613004684448, 0.9369073510169983, -0.012293016538023949, -0.93656986951828, 0.3495676815509796, 0.02529030293226242, 0.027991890907287598, 0.002677844138815999, 0.9996045231819153),
            ["UpperTorso"] = CFrame.new(-1.4901161193847656e-08, -1.4901161193847656e-07, 2.0489096641540527e-08, 0.959882378578186, -0.10931328684091568, 0.25821757316589355, 0.07799330353736877, 0.9886255860328674, 0.12859487533569336, -0.2693377435207367, -0.10329661518335342, 0.9574900269508362),
            ["HumanoidRootPart"] = CFrame.new(0, 0, 0, 1, 0, 0, 0, 1, 0, 0, 0, 1),
            ["RightUpperLeg"] = CFrame.new(0, -8.754432201385498e-08, 4.300818545743823e-08, 0.880237340927124, -0.38996872305870056, 0.2703823745250702, 0.4330506920814514, 0.8931195139884949, -0.12167464196681976, -0.1940346211194992, 0.22419163584709167, 0.9550334215164185),
            ["LeftUpperArm"] = CFrame.new(0.03312647342681885, 0.02561652660369873, 0.01413649506866932, -0.21420244872570038, 0.09310446679592133, -0.9723420143127441, -0.6292685270309448, 0.7482038736343384, 0.210267573595047, 0.7470867037773132, 0.656903862953186, -0.10167951881885529),
            ["RightLowerArm"] = CFrame.new(2.086162567138672e-07, -5.960464477539063e-08, -0.000003829598426818848, 1, -0.000006835907697677612, 0.000018205500964540988, 0.000018954278857563622, 0.1319236010313034, -0.9912599325180054, 0.0000043511395233508665, 0.9912598729133606, 0.13192355632781982),
            ["LeftHand"] = CFrame.new(-0.0000015273690223693848, -0.0000011920928955078125, 1.471489667892456e-07, 0.8764150738716125, -0.23216547071933746, -0.42189478874206543, 0.06568582355976105, 0.925554096698761, -0.37287408113479614, 0.47705549001693726, 0.29908016324043274, 0.8264198899269104),
            ["LeftFoot"] = CFrame.new(4.470348358154297e-08, -5.960464477539063e-08, -1.4901161193847656e-08, 0.9741296768188477, -0.2058131992816925, -0.09333956241607666, 0.1819523423910141, 0.9592447876930237, -0.2162010222673416, 0.1340324878692627, 0.19362470507621765, 0.9718769788742065),
            ["LowerTorso"] = CFrame.new(-0.049894578754901886, -0.2300323247909546, 0.07861955463886261, 0.9515581130981445, 0.07677874714136124, -0.29772841930389404, -0.12891511619091034, 0.9787240028381348, -0.15962544083595276, 0.27913808822631836, 0.19027456641197205, 0.9412107467651367),
            ["RightLowerLeg"] = CFrame.new(4.516914486885071e-08, -0.0007264614105224609, 0.0000460425580968149, 1, 1.6391282997574308e-07, 7.450582373280668e-09, -6.332992796842518e-08, 0.616373598575592, 0.7874537706375122, 6.70552182668871e-08, -0.7874539494514465, 0.6163736581802368),
            ["LeftUpperLeg"] = CFrame.new(-2.9802322387695312e-08, 3.5390257835388184e-08, 2.60770320892334e-08, 0.8510892987251282, 0.30807948112487793, 0.42512819170951843, -0.18047119677066803, 0.9320634603500366, -0.3141465187072754, -0.4930284321308136, 0.1906432807445526, 0.8488686680793762),
            ["LeftLowerLeg"] = CFrame.new(1.7136335372924805e-07, -0.0007264018058776855, 0.00008103251457214355, 1, 7.450580596923828e-08, 1.1175872671742582e-08, -9.685754776000977e-08, 0.741936445236206, 0.6704700589179993, 4.470348358154297e-08, -0.6704702377319336, 0.7419365644454956),
        }},
        {Time = 0.033, Data = {
            ["RightFoot"] = CFrame.new(1.1175870895385742e-07, 0, -2.8107024263590574e-08, 0.9296053647994995, 0.3454667031764984, -0.12839987874031067, -0.36250630021095276, 0.794195830821991, -0.4876905679702759, -0.06650616228580475, 0.49990570545196533, 0.8635227084159851),
            ["LeftLowerArm"] = CFrame.new(0.0000011324882507324219, 1.7881393432617188e-07, 0.000004738569259643555, 1, 6.332992796842518e-08, -7.450580596923828e-09, -1.1175870895385742e-07, 0.04469921812415123, -0.9990004897117615, -3.3527612686157227e-08, 0.9990004897117615, 0.04469912126660347),
            ["RightUpperArm"] = CFrame.new(-0.025119483470916748, 0.013586282730102539, 0.015842188149690628, 0.207462877035141, -0.08183291554450989, 0.9748141169548035, 0.6978057026863098, 0.7107558846473694, -0.08884314447641373, -0.6855846643447876, 0.6986626386642456, 0.20455904304981232),
            ["Head"] = CFrame.new(-6.984919309616089e-10, -1.1920928955078125e-07, 1.3533281162381172e-08, 0.9958771467208862, 0.05515623837709427, 0.07201866805553436, -0.0722670629620552, 0.9622617959976196, 0.2623538672924042, -0.05483033508062363, -0.2664770483970642, 0.9622805714607239),
            ["RightHand"] = CFrame.new(4.0978193283081055e-07, 0.0000011324882507324219, -5.885958671569824e-07, 0.33700600266456604, 0.9413741230964661, -0.015538690611720085, -0.9403534531593323, 0.33736446499824524, 0.043828073889017105, 0.046500664204359055, -0.0001586303988005966, 0.9989182949066162),
            ["UpperTorso"] = CFrame.new(-7.450580596923828e-09, 1.4901161193847656e-07, 3.4458935260772705e-08, 0.9549151659011841, -0.07991106808185577, 0.28592175245285034, 0.03285191208124161, 0.9856207370758057, 0.16574886441230774, -0.2950555980205536, -0.1488829404115677, 0.9438093900680542),
            ["HumanoidRootPart"] = CFrame.new(0, 0, 0, 1, 0, 0, 0, 1, 0, 0, 0, 1),
            ["RightUpperLeg"] = CFrame.new(0, 2.1420419216156006e-07, -1.6596459317952394e-08, 0.8830808401107788, -0.37712863087654114, 0.2791815400123596, 0.4153901934623718, 0.9050441384315491, -0.09135682135820389, -0.21821847558021545, 0.19664454460144043, 0.9558826684951782),
            ["LeftUpperArm"] = CFrame.new(0.03613024950027466, 0.035888075828552246, 0.016020875424146652, -0.18624860048294067, 0.08585762232542038, -0.9787441492080688, -0.6383796334266663, 0.7466661930084229, 0.18697869777679443, 0.7468487620353699, 0.6596349477767944, -0.08425585925579071),
            ["RightLowerArm"] = CFrame.new(4.172325134277344e-07, 3.5762786865234375e-07, -0.0000037848949432373047, 1, -0.000006224960088729858, 0.00001854077163443435, 0.00001892447289719712, 0.09761978685855865, -0.9952238202095032, 0.00000438094093624386, 0.9952238202095032, 0.09761977195739746),
            ["LeftHand"] = CFrame.new(-0.000001428648829460144, -0.0000011920928955078125, 2.384185791015625e-07, 0.8641480207443237, -0.2718946039676666, -0.42346325516700745, 0.10373354703187943, 0.9196482300758362, -0.3787962794303894, 0.49243032932281494, 0.2834088206291199, 0.8229169249534607),
            ["LeftFoot"] = CFrame.new(5.960464477539063e-08, -2.384185791015625e-07, 1.1175870895385742e-08, 0.9737170934677124, -0.20776453614234924, -0.09332176297903061, 0.18262557685375214, 0.9570468664169312, -0.22518685460090637, 0.1360989809036255, 0.2022254914045334, 0.9698361158370972),
            ["LowerTorso"] = CFrame.new(-0.05040454491972923, -0.2304912805557251, 0.08132816851139069, 0.9481158256530762, 0.05297365412116051, -0.31348076462745667, -0.11967688053846359, 0.9729613661766052, -0.1975439339876175, 0.29454007744789124, 0.2248108983039856, 0.9288197755813599),
            ["RightLowerLeg"] = CFrame.new(7.508788257837296e-08, -0.0007261037826538086, 0.00004602672561304644, 1, 1.4156104555240745e-07, 0, -6.705522537231445e-08, 0.6211515069007874, 0.7836902737617493, 4.470348358154297e-08, -0.7836905121803284, 0.6211519837379456),
            ["LeftUpperLeg"] = CFrame.new(-5.960464477539063e-08, 1.816079020500183e-07, -1.1175870895385742e-08, 0.8417854309082031, 0.3256000876426697, 0.43056008219718933, -0.21262460947036743, 0.9331236481666565, -0.28995001316070557, -0.4961734414100647, 0.15252792835235596, 0.854720413684845),
            ["LeftLowerLeg"] = CFrame.new(0, -0.0007265806198120117, 0.00008098781108856201, 1, 4.470347647611561e-08, 4.842877388000488e-08, -2.2351747119842003e-08, 0.7318443059921265, 0.6814716458320618, 5.960465898624534e-08, -0.6814718842506409, 0.7318444848060608),
        }},
        {Time = 0.067, Data = {
            ["RightFoot"] = CFrame.new(1.6391277313232422e-07, 0, -2.0656443666666746e-08, 0.9306561946868896, 0.3416956961154938, -0.1308554708957672, -0.3608618974685669, 0.7980361580848694, -0.48261499404907227, -0.06047999486327171, 0.496369332075119, 0.8660021424293518),
            ["LeftLowerArm"] = CFrame.new(0.0000014603137969970703, -3.5762786865234375e-07, 0.000004827976226806641, 1, 1.30385160446167e-08, -3.9115558791991134e-08, -1.0244548320770264e-07, 0.03842464089393616, -0.9992615580558777, -2.60770320892334e-08, 0.9992615580558777, 0.03842468932271004),
            ["RightUpperArm"] = CFrame.new(-0.02233785390853882, 0.00791919231414795, 0.010667863301932812, 0.3566509783267975, -0.08955516666173935, 0.9299354553222656, 0.6823996305465698, 0.7048095464706421, -0.19384053349494934, -0.6380680203437805, 0.7037211656570435, 0.31248340010643005),
            ["Head"] = CFrame.new(1.6298145055770874e-09, -9.5367431640625e-07, -3.5244738683104515e-08, 0.9732374548912048, 0.19682498276233673, 0.11861216276884079, -0.21724772453308105, 0.9563027620315552, 0.19567447900772095, -0.07491560280323029, -0.21620617806911469, 0.9734693765640259),
            ["RightHand"] = CFrame.new(1.9371509552001953e-07, 0.0000010728836059570312, -6.444752216339111e-07, 0.32416829466819763, 0.9458125829696655, -0.01879708282649517, -0.943520188331604, 0.32469287514686584, 0.06591349095106125, 0.06844504177570343, -0.0036317051853984594, 0.9976482391357422),
            ["UpperTorso"] = CFrame.new(2.60770320892334e-08, -4.76837158203125e-07, 2.9802322387695312e-08, 0.9492828845977783, -0.04069000110030174, 0.31177955865859985, -0.02157200314104557, 0.9808261394500732, 0.19368739426136017, -0.3136826455593109, -0.1905898004770279, 0.9302036166191101),
            ["HumanoidRootPart"] = CFrame.new(0, 0, 0, 1, 0, 0, 0, 1, 0, 0, 0, 1),
            ["RightUpperLeg"] = CFrame.new(2.9802322387695312e-08, -2.0302832126617432e-07, -3.149762051180005e-08, 0.8887674808502197, -0.3600405752658844, 0.28366050124168396, 0.39588189125061035, 0.9148841500282288, -0.07914962619543076, -0.23101940751075745, 0.18264161050319672, 0.9556527137756348),
            ["LeftUpperArm"] = CFrame.new(0.03954768180847168, 0.0487896203994751, 0.011014621704816818, -0.17246872186660767, 0.06262104213237762, -0.9830225110054016, -0.6556820273399353, 0.7374496459960938, 0.1620151847600937, 0.7350752949714661, 0.6724928021430969, -0.08612749725580215),
            ["RightLowerArm"] = CFrame.new(2.086162567138672e-07, 0, -0.000003866851329803467, 1, -0.00000527501106262207, 0.000018861146600102074, 0.000018989667296409607, 0.0450415201485157, -0.9989851117134094, 0.000004366040229797363, 0.9989851713180542, 0.04504148289561272),
            ["LeftHand"] = CFrame.new(-0.0000016279518604278564, -0.0000011324882507324219, 2.980232238769531e-07, 0.8525582551956177, -0.3190803825855255, -0.4139222800731659, 0.1476319581270218, 0.9067734479904175, -0.39492660760879517, 0.5013474822044373, 0.27558985352516174, 0.8201838135719299),
            ["LeftFoot"] = CFrame.new(4.0978193283081055e-08, -1.7881393432617188e-07, -3.725290298461914e-09, 0.9734501838684082, -0.20913346111774445, -0.09304842352867126, 0.18378432095050812, 0.9564169645309448, -0.22691413760185242, 0.13644848763942719, 0.2037888616323471, 0.9694597125053406),
            ["LowerTorso"] = CFrame.new(-0.0470944307744503, -0.2330775260925293, 0.09258091449737549, 0.9481844305992126, 0.0346231572329998, -0.31582844257354736, -0.1091047003865242, 0.9690790772438049, -0.22131890058517456, 0.2983999252319336, 0.2443094700574875, 0.92264324426651),
            ["RightLowerLeg"] = CFrame.new(-2.0954757928848267e-09, -0.0007264614105224609, 0.00004610751784639433, 1, 1.1920936060505483e-07, -4.4703497792397684e-08, 1.1175874448099421e-08, 0.6186750531196594, 0.785646915435791, 7.450583439094771e-08, -0.7856470346450806, 0.618675172328949),
            ["LeftUpperLeg"] = CFrame.new(0, -3.501772880554199e-07, 3.725290298461914e-09, 0.8386666774749756, 0.3439072072505951, 0.42233407497406006, -0.2354438751935959, 0.928156316280365, -0.2882571816444397, -0.4911256432533264, 0.14231561124324799, 0.8593845367431641),
            ["LeftLowerLeg"] = CFrame.new(-2.2351741790771484e-08, -0.0007265806198120117, 0.00008088350296020508, 1, 5.960464477539063e-08, 3.3527616238870905e-08, -6.705522537231445e-08, 0.7197200059890747, 0.6942644119262695, -2.2351741790771484e-08, -0.6942645311355591, 0.7197200655937195),
        }},
        {Time = 0.100, Data = {
            ["RightFoot"] = CFrame.new(1.1920928955078125e-07, -5.960464477539063e-08, -7.281050784513354e-08, 0.9321918487548828, 0.3364150822162628, -0.1335793286561966, -0.3582358956336975, 0.8046317100524902, -0.47353455424308777, -0.05182211846113205, 0.48927783966064453, 0.8705869317054749),
            ["LeftLowerArm"] = CFrame.new(0.000001430511474609375, 0, 0.000004950910806655884, 1, 1.9557775843281888e-08, -6.332995639013461e-08, -9.313227877782992e-08, 0.03438105806708336, -0.9994088411331177, -7.078052988163108e-08, 0.9994087815284729, 0.03438099846243858),
            ["RightUpperArm"] = CFrame.new(-0.011160075664520264, -0.006839275360107422, -0.009128767997026443, 0.4601159989833832, -0.12653686106204987, 0.8787957429885864, 0.7099989056587219, 0.6467422842979431, -0.2786143124103546, -0.533099353313446, 0.7521388530731201, 0.38741743564605713),
            ["Head"] = CFrame.new(9.313225746154785e-09, -4.76837158203125e-07, -2.3283064365386963e-09, 0.8734537959098816, 0.47496363520622253, 0.10718311369419098, -0.4863801896572113, 0.8613442182540894, 0.14669810235500336, -0.022645292803645134, -0.18026593327522278, 0.9833572506904602),
            ["RightHand"] = CFrame.new(5.960464477539063e-08, 8.940696716308594e-07, -5.578622221946716e-07, 0.3803129494190216, 0.921725869178772, -0.07604890316724777, -0.9213619828224182, 0.3847354054450989, 0.05541741102933884, 0.08033839613199234, 0.04899265617132187, 0.9955629706382751),
            ["UpperTorso"] = CFrame.new(-1.1175870895385742e-08, 1.7881393432617188e-07, 4.6566128730773926e-09, 0.9390003085136414, -0.00557371973991394, 0.3438712954521179, -0.07094134390354156, 0.9752265214920044, 0.20952501893043518, -0.3365202248096466, -0.22113865613937378, 0.9153425097465515),
            ["HumanoidRootPart"] = CFrame.new(0, 0, 0, 1, 0, 0, 0, 1, 0, 0, 0, 1),
            ["RightUpperLeg"] = CFrame.new(2.9802322387695312e-08, -8.475035429000854e-08, 5.790934665128589e-08, 0.8949972987174988, -0.3395808935165405, 0.28924885392189026, 0.3794671893119812, 0.9204671382904053, -0.09351448714733124, -0.23448817431926727, 0.19345559179782867, 0.9526752829551697),
            ["LeftUpperArm"] = CFrame.new(0.05323469638824463, 0.07247495651245117, -0.010070718824863434, -0.17436787486076355, 0.04187416657805443, -0.9837898015975952, -0.6899240016937256, 0.707656741142273, 0.1524035930633545, 0.7025672793388367, 0.7053146362304688, -0.0945025309920311),
            ["RightLowerArm"] = CFrame.new(7.748603820800781e-07, 4.76837158203125e-07, -0.000003948807716369629, 1, -0.0000031143422347668093, 0.000019238337699789554, 0.00001895986497402191, -0.06731424480676651, -0.9977318644523621, 0.000004351139068603516, 0.9977318048477173, -0.06731422990560532),
            ["LeftHand"] = CFrame.new(-0.0000014510005712509155, -0.0000012516975402832031, 1.2200325727462769e-07, 0.8417843580245972, -0.36073026061058044, -0.40158718824386597, 0.1788371503353119, 0.8882853984832764, -0.4230443835258484, 0.5093294978141785, 0.28429359197616577, 0.8122568726539612),
            ["LeftFoot"] = CFrame.new(5.960464477539063e-08, -5.960464477539063e-08, 1.862645149230957e-08, 0.9733368754386902, -0.20977157354354858, -0.09279756993055344, 0.1852959543466568, 0.9575181603431702, -0.22096288204193115, 0.13520701229572296, 0.19787625968456268, 0.9708574414253235),
            ["LowerTorso"] = CFrame.new(-0.04277953505516052, -0.23421752452850342, 0.11162170767784119, 0.9480894804000854, 0.022978590801358223, -0.31717243790626526, -0.0981275886297226, 0.9698536992073059, -0.22305801510810852, 0.30248528718948364, 0.24260233342647552, 0.9217628836631775),
            ["RightLowerLeg"] = CFrame.new(-3.282912075519562e-08, -0.0007262229919433594, 0.000046078414015937597, 1, 1.1175877290270364e-07, 0, -1.1175874448099421e-08, 0.6161600947380066, 0.7876209020614624, 1.0244551873483942e-07, -0.7876209616661072, 0.6161602735519409),
            ["LeftUpperLeg"] = CFrame.new(0, -3.91155481338501e-08, 9.313225746154785e-09, 0.8352764844894409, 0.3622080385684967, 0.41366487741470337, -0.24668943881988525, 0.9192529916763306, -0.3067869544029236, -0.49138328433036804, 0.15420527756214142, 0.8571832776069641),
            ["LeftLowerLeg"] = CFrame.new(5.21540641784668e-08, -0.0007268190383911133, 0.00008089840412139893, 1, 8.940698137394065e-08, -1.1175870895385742e-08, -2.2351736461700966e-08, 0.7123605012893677, 0.7018139362335205, 7.450578820566989e-09, -0.701813817024231, 0.7123603820800781),
        }},
        {Time = 0.133, Data = {
            ["RightFoot"] = CFrame.new(1.341104507446289e-07, -1.1920928955078125e-07, -8.026108844205737e-08, 0.934391975402832, 0.330478698015213, -0.13302500545978546, -0.35362720489501953, 0.8152325749397278, -0.4586324989795685, -0.04312194511294365, 0.4755837321281433, 0.8786128759384155),
            ["LeftLowerArm"] = CFrame.new(0.0000010728836059570312, -5.364418029785156e-07, 0.000004770234227180481, 1, 1.0826624929904938e-08, -4.842878453814592e-08, -1.1920930376163597e-07, 0.048187389969825745, -0.9988383054733276, -5.960465188081798e-08, 0.9988383054733276, 0.048187337815761566),
            ["RightUpperArm"] = CFrame.new(-0.0019173026084899902, -0.022215962409973145, -0.03250132501125336, 0.5665140151977539, -0.1761118471622467, 0.8050133585929871, 0.718155562877655, 0.5845913290977478, -0.3774988651275635, -0.40412190556526184, 0.7919833064079285, 0.4576549828052521),
            ["Head"] = CFrame.new(-3.91155481338501e-08, -8.344650268554688e-07, -1.6763806343078613e-08, 0.7749873995780945, 0.6294836401939392, 0.05608250945806503, -0.6318917274475098, 0.7703691124916077, 0.08511311560869217, 0.01037324033677578, -0.10139975696802139, 0.9947917461395264),
            ["RightHand"] = CFrame.new(2.980232238769531e-07, 0.0000012516975402832031, -9.462237358093262e-07, 0.4368571639060974, 0.8907129168510437, -0.12564262747764587, -0.8948622345924377, 0.4445422291755676, 0.04005221277475357, 0.09152856469154358, 0.09493576735258102, 0.9912667274475098),
            ["UpperTorso"] = CFrame.new(1.862645149230957e-08, 8.940696716308594e-08, -4.0046870708465576e-08, 0.9247384667396545, 0.044684745371341705, 0.3779710829257965, -0.13068218529224396, 0.9699879884719849, 0.20505042374134064, -0.35746490955352783, -0.2390119582414627, 0.9028245210647583),
            ["HumanoidRootPart"] = CFrame.new(0, 0, 0, 1, 0, 0, 0, 1, 0, 0, 0, 1),
            ["RightUpperLeg"] = CFrame.new(0, -1.6763806343078613e-08, 2.8107024263590574e-08, 0.9047582149505615, -0.3141668438911438, 0.2875964939594269, 0.3597553074359894, 0.9251489639282227, -0.12114311754703522, -0.228010356426239, 0.21306943893432617, 0.9500592947006226),
            ["LeftUpperArm"] = CFrame.new(0.06570655107498169, 0.0882335901260376, -0.036986012011766434, -0.18234002590179443, 0.01434054970741272, -0.9831310510635376, -0.7222159504890442, 0.6765507459640503, 0.1438169926404953, 0.6672003865242004, 0.73625648021698, -0.11300543695688248),
            ["RightLowerArm"] = CFrame.new(-2.682209014892578e-07, 4.76837158203125e-07, -0.0000035762786865234375, 1, -0.0000016763801795605104, 0.00001936778426170349, 0.000018980354070663452, -0.14221584796905518, -0.9898356795310974, 0.000004395842552185059, 0.9898356795310974, -0.14221584796905518),
            ["LeftHand"] = CFrame.new(-0.000001462642103433609, -0.0000012516975402832031, 4.3283216655254364e-07, 0.8328449130058289, -0.39842167496681213, -0.3842250406742096, 0.17707742750644684, 0.8494740724563599, -0.49702873826026917, 0.5244166851043701, 0.34591051936149597, 0.7780319452285767),
            ["LeftFoot"] = CFrame.new(2.9802322387695312e-08, -2.980232238769531e-07, 2.9802322387695312e-08, 0.9731963276863098, -0.21067407727241516, -0.0922243744134903, 0.18676885962486267, 0.9580094218254089, -0.21756680309772491, 0.13418757915496826, 0.1945108324289322, 0.971678614616394),
            ["LowerTorso"] = CFrame.new(-0.038600120693445206, -0.2338179349899292, 0.1308521330356598, 0.9481937885284424, 0.009030669927597046, -0.3175644874572754, -0.07930957525968552, 0.9746755361557007, -0.2090877890586853, 0.3076341152191162, 0.22344163060188293, 0.9248973727226257),
            ["RightLowerLeg"] = CFrame.new(-1.4528632164001465e-07, -0.0007262825965881348, 0.000046150591515470296, 1, 7.450583439094771e-08, 2.980233304583635e-08, -5.587936158235607e-08, 0.6240626573562622, 0.7813743352890015, 5.2154071283894154e-08, -0.7813743948936462, 0.624062716960907),
            ["LeftUpperLeg"] = CFrame.new(0, -1.2619420886039734e-07, -6.612390279769897e-08, 0.8302692174911499, 0.38854607939720154, 0.399605929851532, -0.25661346316337585, 0.9029305577278137, -0.344769686460495, -0.49477529525756836, 0.18370729684829712, 0.8493815064430237),
            ["LeftLowerLeg"] = CFrame.new(8.195638656616211e-08, -0.0007264614105224609, 0.00008095800876617432, 1, 2.9802318834981634e-08, 1.1175872671742582e-08, -2.9802318834981634e-08, 0.7008565068244934, 0.7133020758628845, -7.4505797087454084e-09, -0.7133024334907532, 0.700856626033783),
        }},
        {Time = 0.167, Data = {
            ["RightFoot"] = CFrame.new(1.7881393432617188e-07, 0, 9.145878721028566e-09, 0.9365610480308533, 0.3248745799064636, -0.13156644999980927, -0.3486356735229492, 0.824739396572113, -0.4452619254589081, -0.03614628314971924, 0.4628838896751404, 0.8856818079948425),
            ["LeftLowerArm"] = CFrame.new(0.0000012516975402832031, -3.5762786865234375e-07, 0.000004909932613372803, 1, 7.54371214384264e-08, -5.960465898624534e-08, -1.7136335372924805e-07, 0.039350759238004684, -0.9992254972457886, -8.754432201385498e-08, 0.9992254972457886, 0.039350684732198715),
            ["RightUpperArm"] = CFrame.new(-0.0036118626594543457, -0.017688751220703125, -0.04466233029961586, 0.6125199198722839, -0.20808066427707672, 0.7625758647918701, 0.7339434623718262, 0.5079306364059448, -0.45092475414276123, -0.2935071587562561, 0.8358880281448364, 0.46383726596832275),
            ["Head"] = CFrame.new(-5.21540641784668e-08, -7.152557373046875e-07, 1.6763806343078613e-08, 0.7052902579307556, 0.7085658311843872, 0.022369379177689552, -0.708858072757721, 0.7044656276702881, 0.03533169999718666, 0.009276466444134712, -0.04077612981200218, 0.9991253018379211),
            ["RightHand"] = CFrame.new(5.066394805908203e-07, 0.0000010728836059570312, -7.897615432739258e-07, 0.5641416311264038, 0.8081474304199219, -0.16923844814300537, -0.8177482485771179, 0.5752002596855164, 0.020803354680538177, 0.11415835469961166, 0.1266586184501648, 0.9853555560112),
            ["UpperTorso"] = CFrame.new(-1.862645149230957e-08, 3.8743019104003906e-07, 4.563480615615845e-08, 0.9200144410133362, 0.08371660858392715, 0.3828381299972534, -0.16734372079372406, 0.9672934412956238, 0.1906292885541916, -0.35435786843299866, -0.2394469678401947, 0.9039334058761597),
            ["HumanoidRootPart"] = CFrame.new(0, 0, 0, 1, 0, 0, 0, 1, 0, 0, 0, 1),
            ["RightUpperLeg"] = CFrame.new(0, 1.0104849934577942e-07, 5.790934665128589e-08, 0.9108300805091858, -0.29551005363464355, 0.28820547461509705, 0.3500811755657196, 0.922946572303772, -0.16004016995429993, -0.21870474517345428, 0.24666446447372437, 0.9440999627113342),
            ["LeftUpperArm"] = CFrame.new(0.06348377466201782, 0.08822906017303467, -0.050329893827438354, -0.18222582340240479, 0.025984978303313255, -0.9829133152961731, -0.7438240647315979, 0.6501333117485046, 0.15508754551410675, 0.6430548429489136, 0.759375810623169, -0.09914280474185944),
            ["RightLowerArm"] = CFrame.new(5.960464477539063e-08, 3.5762786865234375e-07, -0.0000035762786865234375, 1, -0.0000025555484626238467, 0.00001932075792865362, 0.000019036235244129784, -0.09375309199094772, -0.9955954551696777, 0.000004366040684544714, 0.9955955743789673, -0.09375306963920593),
            ["LeftHand"] = CFrame.new(-0.0000012493692338466644, -0.000001430511474609375, 1.2526288628578186e-07, 0.8427179455757141, -0.3769485056400299, -0.38436415791511536, 0.13385386765003204, 0.8382496237754822, -0.5286027193069458, 0.5214496850967407, 0.3940146565437317, 0.7568643093109131),
            ["LeftFoot"] = CFrame.new(7.078051567077637e-08, -1.1920928955078125e-07, -2.9802322387695312e-08, 0.9732185006141663, -0.21073848009109497, -0.09184391051530838, 0.18866360187530518, 0.9604759812355042, -0.20467522740364075, 0.13134686648845673, 0.18186616897583008, 0.9745116233825684),
            ["LowerTorso"] = CFrame.new(-0.03401486575603485, -0.23210442066192627, 0.15299108624458313, 0.9476850628852844, 0.006233647465705872, -0.31914597749710083, -0.0689259022474289, 0.9802191257476807, -0.18552547693252563, 0.3116764724254608, 0.1978171467781067, 0.9293687343597412),
            ["RightLowerLeg"] = CFrame.new(5.448237061500549e-08, -0.000726163387298584, 0.00004598109080689028, 1, 1.192093321833454e-07, -2.980233659855003e-08, -7.450579886381092e-08, 0.6267393231391907, 0.7792287468910217, 1.1175869474300271e-07, -0.7792291045188904, 0.6267396211624146),
            ["LeftUpperLeg"] = CFrame.new(-5.960464477539063e-08, 4.417961463332176e-08, 5.145557224750519e-08, 0.8267380595207214, 0.40345898270606995, 0.39207780361175537, -0.2537653148174286, 0.8894293308258057, -0.3801564872264862, -0.5021030902862549, 0.21479398012161255, 0.8377088904380798),
            ["LeftLowerLeg"] = CFrame.new(7.450580596923828e-08, -0.0007265806198120117, 0.00008101016283035278, 1, 5.587933316064664e-08, 5.5879347371501353e-08, -8.940696716308594e-08, 0.7016335129737854, 0.7125378847122192, 2.9802322387695312e-08, -0.7125380039215088, 0.701633632183075),
        }},
        {Time = 0.200, Data = {
            ["RightFoot"] = CFrame.new(1.2665987014770508e-07, 0, 9.145878721028566e-09, 0.9384558796882629, 0.31989407539367676, -0.13026265799999237, -0.34400349855422974, 0.8317739367485046, -0.4356765151023865, -0.031021352857351303, 0.45367372035980225, 0.8906276822090149),
            ["LeftLowerArm"] = CFrame.new(0.0000016093254089355469, -2.980232238769531e-07, 0.000004725530743598938, 1, 7.450580596923828e-09, -7.450582373280668e-09, -1.0430814256778831e-07, 0.029327113181352615, -0.9995698928833008, -4.284084198502569e-08, 0.9995698928833008, 0.02932705730199814),
            ["RightUpperArm"] = CFrame.new(0.0013965368270874023, -0.020313739776611328, -0.05336727574467659, 0.6208702921867371, -0.24055103957653046, 0.7460935115814209, 0.7601587772369385, 0.41726842522621155, -0.49804186820983887, -0.1915166825056076, 0.8763688802719116, 0.4419263005256653),
            ["Head"] = CFrame.new(-9.313225746154785e-09, -4.76837158203125e-07, 2.7008354663848877e-08, 0.6718796491622925, 0.7406604290008545, 0.0003742097760550678, -0.7406574487686157, 0.6718754768371582, 0.0031315679661929607, 0.002067949390038848, -0.0023813729640096426, 0.9999950528144836),
            ["RightHand"] = CFrame.new(2.8312206268310547e-07, 8.940696716308594e-07, -9.760260581970215e-07, 0.708669900894165, 0.6755572557449341, -0.20349156856536865, -0.6930260062217712, 0.7206003069877625, -0.021228332072496414, 0.1322951763868332, 0.15606901049613953, 0.978846549987793),
            ["UpperTorso"] = CFrame.new(-1.862645149230957e-09, -4.76837158203125e-07, 3.4924596548080444e-08, 0.9151967167854309, 0.11634054034948349, 0.3858497142791748, -0.195548415184021, 0.9653595089912415, 0.17274832725524902, -0.352385938167572, -0.23355098068714142, 0.9062439203262329),
            ["HumanoidRootPart"] = CFrame.new(0, 0, 0, 1, 0, 0, 0, 1, 0, 0, 0, 1),
            ["RightUpperLeg"] = CFrame.new(8.940696716308594e-08, -2.4028122425079346e-07, -1.6596459317952394e-08, 0.9117211103439331, -0.2865210771560669, 0.29439836740493774, 0.3539558947086334, 0.9116268157958984, -0.20893022418022156, -0.20851853489875793, 0.29468998312950134, 0.9325652122497559),
            ["LeftUpperArm"] = CFrame.new(0.06902337074279785, 0.09003376960754395, -0.06031642109155655, -0.15028783679008484, 0.07129452377557755, -0.9860683083534241, -0.7579362988471985, 0.6320925951004028, 0.16121943295001984, 0.6347804665565491, 0.7716061472892761, -0.04095905274152756),
            ["RightLowerArm"] = CFrame.new(4.76837158203125e-07, 4.76837158203125e-07, -0.000003904104232788086, 1, -0.0000046640629989269655, 0.00001894683373393491, 0.000019010154574061744, 0.014009585604071617, -0.9999019503593445, 0.00000438094093624386, 0.9999019503593445, 0.014009536243975163),
            ["LeftHand"] = CFrame.new(-0.0000011222437024116516, -0.0000010728836059570312, -9.313225746154785e-09, 0.867703378200531, -0.3743571937084198, -0.3270277678966522, 0.12201385200023651, 0.7981699705123901, -0.5899471044540405, 0.48187506198883057, 0.47199729084968567, 0.7382515668869019),
            ["LeftFoot"] = CFrame.new(1.1548399925231934e-07, -2.384185791015625e-07, 3.725290298461914e-08, 0.9734589457511902, -0.2096877098083496, -0.09169989079236984, 0.19090576469898224, 0.9649690985679626, -0.17997121810913086, 0.12622518837451935, 0.15768876671791077, 0.9793883562088013),
            ["LowerTorso"] = CFrame.new(-0.029050372540950775, -0.22928857803344727, 0.17797258496284485, 0.9465906620025635, 0.01811068132519722, -0.3219287395477295, -0.07128950953483582, 0.9854679107666016, -0.15417850017547607, 0.31445813179016113, 0.16889406740665436, 0.9341257810592651),
            ["RightLowerLeg"] = CFrame.new(-1.0151416063308716e-07, -0.0007262229919433594, 0.00004609843745129183, 1, 1.043081780949251e-07, 1.4901161193847656e-08, -1.1175870895385742e-08, 0.6200387477874756, 0.7845712304115295, 1.2293457984924316e-07, -0.7845712304115295, 0.6200387477874756),
            ["LeftUpperLeg"] = CFrame.new(-8.940696716308594e-08, -1.4854595065116882e-07, -5.587935447692871e-08, 0.82569420337677, 0.4022477865219116, 0.39550745487213135, -0.2351396083831787, 0.8827101588249207, -0.4068564772605896, -0.5127753615379333, 0.24293948709964752, 0.8234328627586365),
            ["LeftLowerLeg"] = CFrame.new(2.9802322387695312e-08, -0.0007264614105224609, 0.00008113682270050049, 1, 5.5879347371501353e-08, 7.82310962677002e-08, -7.450579886381092e-08, 0.7185621857643127, 0.6954628229141235, 2.9802318834981634e-08, -0.6954628825187683, 0.7185620665550232),
        }},
        {Time = 0.233, Data = {
            ["RightFoot"] = CFrame.new(2.384185791015625e-07, -1.1920928955078125e-07, -5.045876605436206e-08, 0.9403308033943176, 0.31477615237236023, -0.12920579314231873, -0.3392910957336426, 0.838755190372467, -0.42587676644325256, -0.02568359673023224, 0.4443037211894989, 0.8955082297325134),
            ["LeftLowerArm"] = CFrame.new(0.000001430511474609375, -1.7881393432617188e-07, 0.000004872679710388184, 1, 5.960463766996327e-08, -7.450581485102248e-09, -9.685756197086448e-08, 0.02492280676960945, -0.9996894001960754, -5.960465188081798e-08, 0.9996893405914307, 0.024922717362642288),
            ["RightUpperArm"] = CFrame.new(0.014096975326538086, -0.03148233890533447, -0.06602121144533157, 0.6384747624397278, -0.2720754146575928, 0.7199478149414062, 0.7632402181625366, 0.34423649311065674, -0.5467777848243713, -0.09906764328479767, 0.8985968828201294, 0.4274451434612274),
            ["Head"] = CFrame.new(-2.0489096641540527e-08, -7.152557373046875e-07, -7.450580596923828e-09, 0.743657112121582, 0.6684529781341553, -0.01202404871582985, -0.668554425239563, 0.7436106204986572, -0.008859258145093918, 0.0030192220583558083, 0.014626741409301758, 0.99988853931427),
            ["RightHand"] = CFrame.new(2.086162567138672e-07, 9.5367431640625e-07, -6.854534149169922e-07, 0.8319211006164551, 0.5087196826934814, -0.22161030769348145, -0.5362330675125122, 0.8397470116615295, -0.08531919866800308, 0.14269320666790009, 0.18981382250785828, 0.97139573097229),
            ["UpperTorso"] = CFrame.new(-1.7695128917694092e-08, 2.9802322387695312e-08, -4.0978193283081055e-08, 0.9090325236320496, 0.14101167023181915, 0.39214229583740234, -0.21491597592830658, 0.9648499488830566, 0.15124769508838654, -0.3570307493209839, -0.2217666506767273, 0.907385528087616),
            ["HumanoidRootPart"] = CFrame.new(0, 0, 0, 1, 0, 0, 0, 1, 0, 0, 0, 1),
            ["RightUpperLeg"] = CFrame.new(0, -2.3096799850463867e-07, -3.5579432733356953e-09, 0.9123866558074951, -0.2783796787261963, 0.3000924587249756, 0.35874924063682556, 0.8968499898910522, -0.2587648034095764, -0.19710324704647064, 0.3437512516975403, 0.9181422591209412),
            ["LeftUpperArm"] = CFrame.new(0.08353054523468018, 0.09276485443115234, -0.07574503123760223, -0.08366641402244568, 0.1299045830965042, -0.9879903197288513, -0.758370578289032, 0.634870171546936, 0.1476965844631195, 0.6464317440986633, 0.7616198062896729, 0.045398540794849396),
            ["RightLowerArm"] = CFrame.new(3.2782554626464844e-07, 4.76837158203125e-07, -0.0000037550926208496094, 1, -0.000007055698006297462, 0.000018164522771257907, 0.000018998982341145165, 0.14754794538021088, -0.9890549182891846, 0.000004373491265141638, 0.9890549182891846, 0.1475479006767273),
            ["LeftHand"] = CFrame.new(-0.000001317821443080902, -0.0000013113021850585938, 4.842877388000488e-08, 0.8831076622009277, -0.400922566652298, -0.24368368089199066, 0.16041286289691925, 0.7461104393005371, -0.6462095975875854, 0.44089531898498535, 0.5315830111503601, 0.7232092022895813),
            ["LeftFoot"] = CFrame.new(1.4528632164001465e-07, -1.1920928955078125e-07, 4.842877388000488e-08, 0.9737299084663391, -0.20848171412944794, -0.09157219529151917, 0.19309557974338531, 0.9691492319107056, -0.153178870677948, 0.12068221718072891, 0.13147303462028503, 0.9839465022087097),
            ["LowerTorso"] = CFrame.new(-0.023961734026670456, -0.2263249158859253, 0.20330384373664856, 0.945668637752533, 0.0318634957075119, -0.32356691360473633, -0.0745634064078331, 0.9899166226387024, -0.12043903023004532, 0.3164665997028351, 0.13802164793014526, 0.9385089874267578),
            ["RightLowerLeg"] = CFrame.new(-5.587935447692871e-08, -0.0007265806198120117, 0.00004617294325726107, 1, 1.5646224937881925e-07, -1.4901170075631853e-08, -5.215407838932151e-08, 0.6135665774345398, 0.7896426916122437, 1.1548402767402877e-07, -0.7896431088447571, 0.613567054271698),
            ["LeftUpperLeg"] = CFrame.new(-2.9802322387695312e-08, -2.8219074010849e-07, -5.587935447692871e-09, 0.8252069354057312, 0.39915230870246887, 0.39963865280151367, -0.21390949189662933, 0.8756841421127319, -0.4329204857349396, -0.5227583050727844, 0.27176234126091003, 0.8080030083656311),
            ["LeftLowerLeg"] = CFrame.new(-4.470348358154297e-08, -0.0007264018058776855, 0.00008093565702438354, 1, 5.215404996761208e-08, 4.656613938891496e-08, -5.960463766996327e-08, 0.7376547455787659, 0.6751776933670044, -3.725289943190546e-08, -0.675178050994873, 0.7376552820205688),
        }},
        {Time = 0.267, Data = {
            ["RightFoot"] = CFrame.new(1.1175870895385742e-07, -1.1920928955078125e-07, 1.6596459317952394e-08, 0.9422051310539246, 0.30947592854499817, -0.12835103273391724, -0.3344498574733734, 0.8461369872093201, -0.41496455669403076, -0.019818851724267006, 0.4339087903499603, 0.9007388949394226),
            ["LeftLowerArm"] = CFrame.new(0.0000017285346984863281, -8.344650268554688e-07, 0.000004589557647705078, 1, 2.2351738238057806e-08, -7.450581307466564e-08, -1.005828522693264e-07, 0.028326567262411118, -0.9995988011360168, -5.960465188081798e-08, 0.9995987415313721, 0.028326500207185745),
            ["RightUpperArm"] = CFrame.new(0.027063727378845215, -0.0432589054107666, -0.07891581952571869, 0.6775954365730286, -0.3022933006286621, 0.6704348921775818, 0.7352161407470703, 0.30067387223243713, -0.6074973940849304, -0.017939846962690353, 0.9045518040657043, 0.42598602175712585),
            ["Head"] = CFrame.new(-1.1362135410308838e-07, -8.344650268554688e-07, 0, 0.8170206546783447, 0.5760921239852905, -0.024389013648033142, -0.5765410661697388, 0.8168412446975708, -0.019269688054919243, 0.008820721879601479, 0.02980491891503334, 0.9995168447494507),
            ["RightHand"] = CFrame.new(2.60770320892334e-07, 7.152557373046875e-07, -5.364418029785156e-07, 0.9200601577758789, 0.3202363848686218, -0.22569403052330017, -0.358163982629776, 0.9209880232810974, -0.1532970815896988, 0.1587703675031662, 0.22187812626361847, 0.9620615243911743),
            ["UpperTorso"] = CFrame.new(2.421438694000244e-08, 2.9802322387695312e-08, -1.0593794286251068e-08, 0.901187539100647, 0.16631871461868286, 0.40024903416633606, -0.23490650951862335, 0.9634807109832764, 0.12854479253292084, -0.3642527461051941, -0.20986415445804596, 0.9073461294174194),
            ["HumanoidRootPart"] = CFrame.new(0, 0, 0, 1, 0, 0, 0, 1, 0, 0, 0, 1),
            ["RightUpperLeg"] = CFrame.new(5.960464477539063e-08, -1.6205012798309326e-07, 2.0656443666666746e-08, 0.9136340618133545, -0.2693813443183899, 0.3044775426387787, 0.3618236780166626, 0.880283772945404, -0.30689433217048645, -0.18535509705543518, 0.3905561566352844, 0.9017257690429688),
            ["LeftUpperArm"] = CFrame.new(0.09835362434387207, 0.09369945526123047, -0.09182950854301453, 0.04496464133262634, 0.18900807201862335, -0.9809455871582031, -0.7282472848892212, 0.6783685088157654, 0.09732645004987717, 0.6838378310203552, 0.7099945545196533, 0.16814737021923065),
            ["RightLowerArm"] = CFrame.new(9.5367431640625e-07, 2.384185791015625e-07, -0.000003427267074584961, 1, -0.000009417532965017017, 0.000017061833204934373, 0.00001897662878036499, 0.2767411172389984, -0.9609445333480835, 0.000004380941390991211, 0.9609445333480835, 0.2767411172389984),
            ["LeftHand"] = CFrame.new(-0.0000011848751455545425, -0.0000012516975402832031, -2.60770320892334e-08, 0.8651940822601318, -0.4617324471473694, -0.19555523991584778, 0.2190563827753067, 0.698846697807312, -0.6809021234512329, 0.45105817914009094, 0.5462751984596252, 0.7057835459709167),
            ["LeftFoot"] = CFrame.new(3.3527612686157227e-08, -2.384185791015625e-07, 3.725290298461914e-08, 0.974005937576294, -0.20726732909679413, -0.09139364212751389, 0.19513320922851562, 0.9726252555847168, -0.12618732452392578, 0.1150461882352829, 0.1050734892487526, 0.9877874851226807),
