return {
    ["Vamps"] = {
        {Time = 0.000, Data = {
            ["RightFoot"] = CFrame.new(-4.6566128730773926e-08, 3.5762786865234375e-07, -3.55576048605144e-08, 0.9926660656929016, 0.07021154463291168, 0.09841039031744003, -0.017784222960472107, 0.8900095820426941, -0.4555942714214325, -0.11957422643899918, 0.45050352811813354, 0.8847312331199646),
            ["LeftLowerArm"] = CFrame.new(-0.0000019669532775878906, 1.1920928955078125e-07, 7.450580596923828e-08, 1, -8.847562327218839e-08, 6.519260153936557e-08, 6.519259443393821e-08, 0.07754002511501312, -0.9969893097877502, 7.078052988163108e-08, 0.9969893097877502, 0.07754005491733551),
            ["RightUpperArm"] = CFrame.new(1.1920928955078125e-07, 4.76837158203125e-07, 0, 0.47680556774139404, -0.5533949136734009, -0.6829425692558289, 0.7565416097640991, 0.6539432406425476, -0.0017067382577806711, 0.4475502669811249, -0.5158606767654419, 0.7304700613021851),
            ["Head"] = CFrame.new(-3.91155481338501e-08, 2.384185791015625e-07, 8.940696716308594e-08, 0.6607497334480286, -0.18215496838092804, 0.7281685471534729, 0.14001746475696564, 0.9829907417297363, 0.11884629726409912, -0.7374313473701477, 0.023428719490766525, 0.6750156879425049),
            ["RightHand"] = CFrame.new(-6.631016731262207e-07, 4.76837158203125e-07, -1.1920928955078125e-07, 0.21479655802249908, 0.6105539798736572, 0.7622901201248169, -0.47426459193229675, 0.7475117444992065, -0.4650799632072449, -0.853777289390564, -0.261629581451416, 0.45012709498405457),
            ["UpperTorso"] = CFrame.new(-7.450580596923828e-09, 1.7881393432617188e-07, 2.0489096641540527e-08, 0.9621384143829346, -0.04515949264168739, -0.26879411935806274, 0.04522067308425903, 0.9989592432975769, -0.005967137403786182, 0.268783837556839, -0.006413801573216915, 0.9631792306900024),
            ["HumanoidRootPart"] = CFrame.new(0, 0, 0, 1, 0, 0, 0, 1, 0, 0, 0, 1),
            ["RightUpperLeg"] = CFrame.new(4.172325134277344e-07, 2.39349901676178e-07, -1.6952981241047382e-09, 0.9701507687568665, -0.051619675010442734, 0.2369447946548462, 0.20159663259983063, 0.7147342562675476, -0.6697119474411011, -0.13478213548660278, 0.69748854637146, 0.7038061022758484),
            ["LeftUpperArm"] = CFrame.new(-3.5762786865234375e-07, -3.5762786865234375e-07, -2.9802322387695312e-08, -0.017854155972599983, 0.6692394614219666, -0.742832362651825, -0.9405971765518188, -0.2631838917732239, -0.21450257301330566, -0.3390551507472992, 0.6948762536048889, 0.6341836452484131),
            ["RightLowerArm"] = CFrame.new(-9.238719940185547e-07, -8.344650268554688e-07, -4.470348358154297e-08, 1, -4.749740512011158e-08, 7.450580596923828e-09, 2.6542696929254816e-08, 0.9525152444839478, -0.30449095368385315, -7.450581485102248e-09, 0.30449095368385315, 0.9525152444839478),
            ["LeftHand"] = CFrame.new(-6.966292858123779e-07, 1.1920928955078125e-07, -6.51925802230835e-08, 0.41084787249565125, -0.20200860500335693, -0.8890426158905029, -0.30477219820022583, 0.8886134624481201, -0.34275370836257935, 0.8592542409896851, 0.411775141954422, 0.3035183548927307),
            ["LeftFoot"] = CFrame.new(-5.960464477539063e-08, 0, 7.450580596923828e-08, 0.9401268362998962, -0.3243981599807739, 0.10453588515520096, 0.2927953004837036, 0.925705075263977, 0.23946020007133484, -0.17444954812526703, -0.194515198469162, 0.965262234210968),
            ["LowerTorso"] = CFrame.new(-0.11909649521112442, -0.2253875732421875, -0.0029232653323560953, 0.8002586960792542, 0.13593415915966034, -0.5840445160865784, -0.08495919406414032, 0.9898447394371033, 0.11397141963243484, 0.5936059951782227, -0.04158667102456093, 0.8036805987358093),
            ["RightLowerLeg"] = CFrame.new(-8.940696716308594e-08, -0.0000033974647521972656, -0.00001337954745395109, 1, -1.639127589214695e-07, -8.568172660261553e-08, 1.3411046495548362e-07, 0.4427708685398102, 0.8966343402862549, -1.0430814256778831e-07, -0.8966348171234131, 0.4427720010280609),
            ["LeftUpperLeg"] = CFrame.new(-3.5762786865234375e-07, 7.580965757369995e-07, -2.9802322387695312e-08, 0.9316632747650146, 0.3628344237804413, 0.018830977380275726, -0.34375110268592834, 0.8635096549987793, 0.36903467774391174, 0.11763787269592285, -0.35028910636901855, 0.9292248487472534),
            ["LeftLowerLeg"] = CFrame.new(-1.4901161193847656e-07, 0.0000037550926208496094, 0.0000136643648147583, 1, -1.4901159417490817e-08, -4.4703469370688254e-08, 3.725289587919178e-08, 0.9999874234199524, 0.005018493160605431, -5.960463056453591e-08, -0.005018896888941526, 0.9999874830245972),
        }},
        {Time = 0.033, Data = {
            ["RightFoot"] = CFrame.new(-5.960464477539063e-08, 2.980232238769531e-07, 4.639878170564771e-08, 0.9968883991241455, 0.051941897720098495, 0.05929293483495712, -0.018384944647550583, 0.8846599459648132, -0.46587392687797546, -0.07665271311998367, 0.4633346498012543, 0.8828623294830322),
            ["LeftLowerArm"] = CFrame.new(-0.000002115964889526367, 1.1920928955078125e-07, 2.9802322387695312e-08, 1, -8.009370588979436e-08, 8.195635814445268e-08, 9.313223614526578e-08, 0.06635655462741852, -0.9977959990501404, 8.568165554834195e-08, 0.9977959990501404, 0.06635656207799911),
            ["RightUpperArm"] = CFrame.new(-5.960464477539063e-08, 1.1920928955078125e-07, 1.1920928955078125e-07, 0.5280264019966125, -0.500514030456543, -0.6860568523406982, 0.7411946654319763, 0.6659339666366577, 0.08463020622730255, 0.414510041475296, -0.553188681602478, 0.7226090431213379),
            ["Head"] = CFrame.new(-4.470348358154297e-08, -2.384185791015625e-07, 2.9802322387695312e-08, 0.7185584306716919, -0.17295797169208527, 0.6736166477203369, 0.13979116082191467, 0.9847334623336792, 0.10372278839349747, -0.6812725067138672, 0.01963476464152336, 0.7317665815353394),
            ["RightHand"] = CFrame.new(-1.6391277313232422e-07, 0, -5.960464477539063e-08, 0.27637267112731934, 0.6285077929496765, 0.7270461916923523, -0.5145843029022217, 0.7357064485549927, -0.4403851628303528, -0.8116780519485474, -0.2524161636829376, 0.5267493724822998),
            ["UpperTorso"] = CFrame.new(1.4901161193847656e-08, -1.1920928955078125e-07, -3.073364496231079e-08, 0.9762206077575684, -0.05626537650823593, -0.20935022830963135, 0.061453886330127716, 0.9979411363601685, 0.01835709437727928, 0.2078862488269806, -0.0307859405875206, 0.9776684641838074),
            ["HumanoidRootPart"] = CFrame.new(0, 0, 0, 1, 0, 0, 0, 1, 0, 0, 0, 1),
            ["RightUpperLeg"] = CFrame.new(2.980232238769531e-07, -4.256144165992737e-07, -7.620110409334302e-08, 0.967108428478241, -0.0581040196120739, 0.24763968586921692, 0.21712428331375122, 0.6957374215126038, -0.6846944689750671, -0.13250847160816193, 0.7159422636032104, 0.6854692697525024),
            ["LeftUpperArm"] = CFrame.new(-3.5762786865234375e-07, -4.76837158203125e-07, 0, 0.037399496883153915, 0.5929856300354004, -0.8043440580368042, -0.9609960317611694, -0.1993742734193802, -0.1916678100824356, -0.274021714925766, 0.7801396250724792, 0.5624002814292908),
            ["RightLowerArm"] = CFrame.new(-1.7881393432617188e-07, 3.5762786865234375e-07, 6.426125764846802e-08, 1, -5.960459503739912e-08, 9.778884368927265e-09, 7.450577932388569e-09, 0.9376847147941589, -0.347487211227417, -1.8626444386882213e-08, 0.3474871516227722, 0.9376847743988037),
            ["LeftHand"] = CFrame.new(6.332993507385254e-07, 1.7881393432617188e-07, -2.812594175338745e-07, 0.3406187891960144, -0.1701478213071823, -0.9246775507926941, -0.36888280510902405, 0.8804462552070618, -0.2978924512863159, 0.8648145794868469, 0.4425655007362366, 0.23713193833827972),
            ["LeftFoot"] = CFrame.new(-2.60770320892334e-08, -5.960464477539063e-08, -2.9802322387695312e-08, 0.9287618398666382, -0.3292693793773651, 0.17024503648281097, 0.27292218804359436, 0.9182237982749939, 0.2870164215564728, -0.2508285939693451, -0.22010625898838043, 0.9426761865615845),
            ["LowerTorso"] = CFrame.new(-0.12262793630361557, -0.2291409969329834, 0.027215026319026947, 0.8183549046516418, 0.15477541089057922, -0.5534797310829163, -0.10712628811597824, 0.9872561097145081, 0.11768383532762527, 0.5646407604217529, -0.0370149202644825, 0.8245063424110413),
            ["RightLowerLeg"] = CFrame.new(-7.82310962677002e-08, -0.0000036954879760742188, -0.000013290140486788005, 1, -2.1606680888908159e-07, -6.332995639013461e-08, 1.266598843585598e-07, 0.4086366891860962, 0.9126967787742615, -7.078052277620372e-08, -0.9126971364021301, 0.4086374342441559),
            ["LeftUpperLeg"] = CFrame.new(-2.384185791015625e-07, -1.778826117515564e-07, -8.940696716308594e-08, 0.931437075138092, 0.36388739943504333, -0.0033198148012161255, -0.34047868847846985, 0.8746655583381653, 0.3450136184692383, 0.12844960391521454, -0.3202281594276428, 0.9385918378829956),
            ["LeftLowerLeg"] = CFrame.new(-2.086162567138672e-07, 0.0000037550926208496094, 0.000013262033462524414, 1, 1.229345230058243e-07, 1.0430805730266002e-07, 1.3038511781360285e-07, 0.9999872446060181, 0.0050494857132434845, 4.4703469370688254e-08, -0.005049651023000479, 0.9999872446060181),
        }},
        {Time = 0.067, Data = {
            ["RightFoot"] = CFrame.new(0, 2.980232238769531e-07, -8.77116690389812e-08, 0.9991974234580994, 0.038847360759973526, 0.009766479954123497, -0.029884878545999527, 0.8853272199630737, -0.46400684118270874, -0.02667165920138359, 0.4633429944515228, 0.8857778310775757),
            ["LeftLowerArm"] = CFrame.new(-0.0000019669532775878906, -4.76837158203125e-07, 5.960464477539063e-08, 1, -9.82544960947962e-08, 7.776541366411038e-08, 9.778883480748846e-08, 0.11366443336009979, -0.9935191869735718, 8.009371299522172e-08, 0.9935191869735718, 0.11366444826126099),
            ["RightUpperArm"] = CFrame.new(0, 2.384185791015625e-07, -2.9802322387695312e-08, 0.5872054100036621, -0.4577312469482422, -0.6675866842269897, 0.6881096363067627, 0.7166092395782471, 0.1139136329293251, 0.42625701427459717, -0.5262635350227356, 0.7357661128044128),
            ["Head"] = CFrame.new(-3.725290298461914e-08, 2.384185791015625e-07, 3.725290298461914e-08, 0.7682027220726013, -0.16591063141822815, 0.618334949016571, 0.1374545395374298, 0.9860560894012451, 0.09380710124969482, -0.625276505947113, 0.01293005608022213, 0.780296266078949),
            ["RightHand"] = CFrame.new(1.7881393432617188e-07, 1.1920928955078125e-07, -1.4901161193847656e-08, 0.3876313269138336, 0.620071291923523, 0.6820950508117676, -0.520571231842041, 0.7579135298728943, -0.3931574523448944, -0.7607546448707581, -0.2026788592338562, 0.6165822744369507),
            ["UpperTorso"] = CFrame.new(-7.450580596923828e-09, 5.960464477539063e-08, -1.4901161193847656e-08, 0.979360044002533, -0.0596136674284935, -0.19313260912895203, 0.07130534946918488, 0.9959833025932312, 0.054156847298145294, 0.18912839889526367, -0.06681037694215775, 0.9796769618988037),
            ["HumanoidRootPart"] = CFrame.new(0, 0, 0, 1, 0, 0, 0, 1, 0, 0, 0, 1),
            ["RightUpperLeg"] = CFrame.new(2.384185791015625e-07, 4.926696419715881e-07, -3.149762051180005e-08, 0.9670544266700745, -0.07958367466926575, 0.24181050062179565, 0.22595982253551483, 0.7058463096618652, -0.6713595986366272, -0.11725200712680817, 0.7038803100585938, 0.7005740404129028),
            ["LeftUpperArm"] = CFrame.new(-2.384185791015625e-07, -5.960464477539062e-07, 0, 0.15354013442993164, 0.506791889667511, -0.8482850790023804, -0.9776751399040222, -0.04670901596546173, -0.20486529171466827, -0.14344637095928192, 0.8608020544052124, 0.48830604553222656),
            ["RightLowerArm"] = CFrame.new(-9.5367431640625e-07, 1.7881393432617188e-07, 4.470348358154297e-08, 1, -2.9802311729554276e-08, 2.607702498380604e-08, 1.1175872316471214e-07, 0.9425858855247498, -0.3339637219905853, 0, 0.3339637517929077, 0.9425859451293945),
            ["LeftHand"] = CFrame.new(7.227063179016113e-07, 5.960464477539063e-08, -1.3690441846847534e-07, 0.34011831879615784, -0.13078077137470245, -0.9312443733215332, -0.4012739062309265, 0.8754143118858337, -0.26949751377105713, 0.8504697680473328, 0.465345174074173, 0.2452656626701355),
            ["LeftFoot"] = CFrame.new(-1.2479722499847412e-07, 0, 1.862645149230957e-08, 0.9166172742843628, -0.3027973473072052, 0.26101166009902954, 0.18582530319690704, 0.9008095264434814, 0.3924425542354584, -0.3539516031742096, -0.31121712923049927, 0.8819646835327148),
            ["LowerTorso"] = CFrame.new(-0.12901930510997772, -0.21840500831604004, 0.0671844556927681, 0.8545811772346497, 0.16178466379642487, -0.49347424507141113, -0.1283044070005417, 0.9865531921386719, 0.10124669224023819, 0.5032187104225159, -0.023208605125546455, 0.8638473749160767),
            ["RightLowerLeg"] = CFrame.new(-4.0978193283081055e-08, -0.000003933906555175781, -0.000013305041647981852, 1, -1.713633110966839e-07, -1.3411046495548362e-07, 5.960463766996327e-08, 0.40458545088768005, 0.9144999384880066, -1.0058282384761696e-07, -0.9145002365112305, 0.40458619594573975),
            ["LeftUpperLeg"] = CFrame.new(-1.1920928955078125e-07, 6.60773366689682e-07, -1.4901161193847656e-08, 0.9306636452674866, 0.3658732771873474, 0.0013291573850437999, -0.34978678822517395, 0.8886669874191284, 0.29651376605033875, 0.1073051244020462, -0.27641957998275757, 0.95502769947052),
            ["LeftLowerLeg"] = CFrame.new(-1.1175870895385742e-07, 0.0000036954879760742188, 0.000013433396816253662, 1, 2.980230462412692e-08, -2.980230107141324e-08, 5.587933316064664e-08, 0.9999855160713196, 0.005376890301704407, -1.192092469182171e-07, -0.005376738030463457, 0.9999855756759644),
        }},
        {Time = 0.100, Data = {
            ["RightFoot"] = CFrame.new(-5.587935447692871e-09, 3.5762786865234375e-07, 5.3849362302571535e-08, 0.9981130361557007, 0.034747228026390076, -0.0506279356777668, -0.054189283400774, 0.886215329170227, -0.4600929915904999, 0.028880158439278603, 0.46196886897087097, 0.8864261507987976),
            ["LeftLowerArm"] = CFrame.new(5.960464477539063e-08, 0, -1.4901161193847656e-08, 1, -8.195635814445268e-08, 1.6763806343078613e-08, 9.313227877782992e-08, 0.23231950402259827, -0.9726395606994629, 5.960465898624534e-08, 0.9726395606994629, 0.23231948912143707),
            ["RightUpperArm"] = CFrame.new(0, 1.1920928955078125e-07, -8.940696716308594e-08, 0.6371013522148132, -0.4273414611816406, -0.6414680480957031, 0.6157543063163757, 0.7827714681625366, 0.09008612483739853, 0.46362537145614624, -0.4523806571960449, 0.7618420720100403),
            ["Head"] = CFrame.new(-2.2351741790771484e-08, 2.384185791015625e-07, -1.4901161193847656e-08, 0.8131497502326965, -0.15950311720371246, 0.559773325920105, 0.13117651641368866, 0.9871973991394043, 0.09074187278747559, -0.5670803785324097, -0.0003576538583729416, 0.8236624002456665),
            ["RightHand"] = CFrame.new(-4.470348358154297e-07, 7.152557373046875e-07, 2.2351741790771484e-07, 0.5296086072921753, 0.585871696472168, 0.6134077906608582, -0.498277485370636, 0.8001085519790649, -0.333984911441803, -0.6864650845527649, -0.12876597046852112, 0.7156710624694824),
            ["UpperTorso"] = CFrame.new(4.0978193283081055e-08, 2.9802322387695312e-08, -9.313225746154785e-09, 0.9773834943771362, -0.05226629227399826, -0.20491445064544678, 0.07147178798913956, 0.9936001300811768, 0.08746856451034546, 0.1990313082933426, -0.10013586282730103, 0.9748637676239014),
            ["HumanoidRootPart"] = CFrame.new(0, 0, 0, 1, 0, 0, 0, 1, 0, 0, 0, 1),
            ["RightUpperLeg"] = CFrame.new(4.172325134277344e-07, 8.870847523212433e-08, -7.620110409334302e-08, 0.968279242515564, -0.1110185757279396, 0.22385334968566895, 0.23284576833248138, 0.725927472114563, -0.6471572518348694, -0.09065467864274979, 0.6787518858909607, 0.728750467300415),
            ["LeftUpperArm"] = CFrame.new(-4.76837158203125e-07, -2.384185791015625e-07, -5.960464477539063e-08, 0.31335684657096863, 0.3826933801174164, -0.8691107034683228, -0.948961079120636, 0.16067646443843842, -0.27139654755592346, 0.03578413650393486, 0.9097960591316223, 0.4135100543498993),
            ["RightLowerArm"] = CFrame.new(-4.470348358154297e-07, 5.960464477539063e-08, 1.341104507446289e-07, 1, -1.4901154088420299e-08, -3.7252898543727042e-09, 5.401671643312511e-08, 0.9648824334144592, -0.2626821994781494, 0, 0.2626822292804718, 0.964882493019104),
            ["LeftHand"] = CFrame.new(8.717179298400879e-07, 2.384185791015625e-07, 1.825392246246338e-07, 0.3867649734020233, -0.07516389340162277, -0.9191100001335144, -0.4289136230945587, 0.867645800113678, -0.2514438033103943, 0.8163614273071289, 0.49146854877471924, 0.3033362329006195),
            ["LeftFoot"] = CFrame.new(1.1734664440155029e-07, -1.7881393432617188e-07, 6.146728992462158e-08, 0.9051453471183777, -0.2632765769958496, 0.3337631821632385, 0.08159646391868591, 0.8781360983848572, 0.47140130400657654, -0.41719773411750793, -0.39945268630981445, 0.816322922706604),
            ["LowerTorso"] = CFrame.new(-0.1381547898054123, -0.20505309104919434, 0.11150529235601425, 0.8976181745529175, 0.1641986072063446, -0.40904828906059265, -0.1455097496509552, 0.9863837957382202, 0.07664280384778976, 0.41606318950653076, -0.00927547924220562, 0.9092884659767151),
            ["RightLowerLeg"] = CFrame.new(-3.725290298461914e-09, -0.0000035762786865234375, -0.000013327393389772624, 1, -2.2351730422087712e-07, -2.2351748896198842e-08, 1.1175869474300271e-07, 0.4087047874927521, 0.9126662611961365, -9.685753354915505e-08, -0.9126666784286499, 0.40870562195777893),
            ["LeftUpperLeg"] = CFrame.new(-3.5762786865234375e-07, 1.9097933545708656e-07, 5.21540641784668e-08, 0.9383079409599304, 0.34507086873054504, 0.0224524587392807, -0.34084847569465637, 0.9119685292243958, 0.22833310067653656, 0.0583149790763855, -0.22189956903457642, 0.9733241200447083),
            ["LeftLowerLeg"] = CFrame.new(-9.12696123123169e-08, 0.0000036954879760742188, 0.000013481825590133667, 1, 6.332990665214311e-08, 7.450576333667414e-08, 3.7252885221050747e-08, 0.9999868869781494, 0.005135745275765657, -1.4901154088420299e-08, -0.00513563072308898, 0.9999868273735046),
        }},
        {Time = 0.133, Data = {
            ["RightFoot"] = CFrame.new(3.725290298461914e-09, 4.172325134277344e-07, -6.535992724820971e-08, 0.9917226433753967, 0.030211642384529114, -0.12479407340288162, -0.08562396466732025, 0.879871666431427, -0.46743306517601013, 0.09568079560995102, 0.4742501378059387, 0.8751758933067322),
            ["LeftLowerArm"] = CFrame.new(-0.0000014901161193847656, -2.980232238769531e-07, -1.564621925354004e-07, 1, -5.6927085267943767e-08, 9.685758328714655e-08, 1.4528632164001465e-07, 0.418425053358078, -0.9082513451576233, 5.774199962615967e-08, 0.9082513451576233, 0.4184250235557556),
            ["RightUpperArm"] = CFrame.new(1.1920928955078125e-07, 0, 1.4901161193847656e-07, 0.6786203980445862, -0.3865119218826294, -0.6245661973953247, 0.5180444717407227, 0.8546791076660156, 0.03396271541714668, 0.5206767320632935, -0.3466009199619293, 0.7802331447601318),
            ["Head"] = CFrame.new(4.0978193283081055e-08, -4.76837158203125e-07, 1.2293457984924316e-07, 0.8630998730659485, -0.144809290766716, 0.48382753133773804, 0.12061978131532669, 0.9893926978111267, 0.08095097541809082, -0.49041783809661865, -0.011509633623063564, 0.8714114427566528),
            ["RightHand"] = CFrame.new(-4.76837158203125e-07, -2.384185791015625e-07, -1.4901161193847656e-08, 0.6815263032913208, 0.5232062935829163, 0.5116415023803711, -0.44706299901008606, 0.8512018322944641, -0.2749364972114563, -0.5793587565422058, -0.04135957732796669, 0.8140227794647217),
            ["UpperTorso"] = CFrame.new(1.1175870895385742e-08, 0, -4.6566128730773926e-08, 0.9766342043876648, -0.038245368748903275, -0.21147850155830383, 0.06529904901981354, 0.9903228282928467, 0.12246189266443253, 0.20474836230278015, -0.1334097981452942, 0.9696804285049438),
            ["HumanoidRootPart"] = CFrame.new(0, 0, 0, 1, 0, 0, 0, 1, 0, 0, 0, 1),
            ["RightUpperLeg"] = CFrame.new(4.76837158203125e-07, -5.517213139683008e-07, -1.0600342648103833e-07, 0.9690591096878052, -0.14640410244464874, 0.19872190058231354, 0.2401808798313141, 0.7449023127555847, -0.6224420666694641, -0.056900255382061005, 0.6509119868278503, 0.7570174932479858),
            ["LeftUpperArm"] = CFrame.new(-3.5762786865234375e-07, -3.5762786865234375e-07, 8.940696716308594e-08, 0.49663910269737244, 0.2131018340587616, -0.8413901925086975, -0.8362404704093933, 0.37713930010795593, -0.39808014035224915, 0.23248997330665588, 0.9013066291809082, 0.3655063509941101),
            ["RightLowerArm"] = CFrame.new(-0.0000012516975402832031, -1.7881393432617188e-07, 2.4586915969848633e-07, 1, 3.725287456290971e-08, -7.450577044210149e-09, -8.381903171539307e-09, 0.9885780811309814, -0.15070973336696625, 1.4901161193847656e-08, 0.15070976316928864, 0.9885780215263367),
            ["LeftHand"] = CFrame.new(0, 1.1920928955078125e-07, 5.681067705154419e-08, 0.4629591107368469, 0.004615433514118195, -0.8863676190376282, -0.46615302562713623, 0.8517985343933105, -0.23904120922088623, 0.7539033889770508, 0.5238492488861084, 0.3964994251728058),
            ["LeftFoot"] = CFrame.new(-2.2351741790771484e-08, 0, 3.725290298461914e-08, 0.9038101434707642, -0.2462540715932846, 0.3499808609485626, 0.14720052480697632, 0.9468337297439575, 0.28607305884361267, -0.4018200933933258, -0.2070380002260208, 0.892006516456604),
            ["LowerTorso"] = CFrame.new(-0.14730876684188843, -0.1980067491531372, 0.15412084758281708, 0.9362796545028687, 0.16707190871238708, -0.3089781105518341, -0.1583586484193802, 0.9859443306922913, 0.05325823277235031, 0.3135331869125366, -0.0009352442575618625, 0.9495767951011658),
            ["RightLowerLeg"] = CFrame.new(-7.82310962677002e-08, -0.000003993511199951172, -0.000013193282939027995, 1, -1.229345230058243e-07, -1.192093463942001e-07, 1.5646223516796454e-07, 0.4061104953289032, 0.9138236045837402, -9.685756907629184e-08, -0.9138240218162537, 0.4061114490032196),
            ["LeftUpperLeg"] = CFrame.new(-2.384185791015625e-07, -1.1827819434984121e-07, -8.66129994392395e-08, 0.9582505226135254, 0.2829960584640503, -0.04085506498813629, -0.285925030708313, 0.949221134185791, -0.13124766945838928, 0.001637828885577619, 0.13744984567165375, 0.9905073642730713),
            ["LeftLowerLeg"] = CFrame.new(-1.9744038581848145e-07, 0.000003993511199951172, 0.000013425946235656738, 1, 1.0430807861894209e-07, 7.450580596923828e-09, -5.960464477539063e-08, 0.8486252427101135, 0.5289945602416992, 3.5390257835388184e-08, -0.5289945006370544, 0.8486253023147583),
        }},
        {Time = 0.167, Data = {
            ["RightFoot"] = CFrame.new(4.0978193283081055e-08, 3.5762786865234375e-07, -1.3205863069742918e-08, 0.9784324169158936, 0.014785578474402428, -0.20603783428668976, -0.11640216410160065, 0.8634570240974426, -0.49080735445022583, 0.17064781486988068, 0.5042057633399963, 0.8465556502342224),
            ["LeftLowerArm"] = CFrame.new(-8.642673492431641e-07, -1.1920928955078125e-07, 2.2351741790771484e-07, 1, -7.450577754752885e-08, 8.940693874137651e-08, 6.332992796842518e-08, 0.6312556266784668, -0.775574803352356, 8.940695295223122e-08, 0.7755748629570007, 0.6312556266784668),
            ["RightUpperArm"] = CFrame.new(1.1920928955078125e-07, 2.384185791015625e-07, -2.9802322387695312e-08, 0.7372099161148071, -0.3303825855255127, -0.5893800854682922, 0.3935193717479706, 0.9190298914909363, -0.02294781059026718, 0.5492395162582397, -0.21501518785953522, 0.807529866695404),
            ["Head"] = CFrame.new(-4.284083843231201e-08, 0, 2.9802322387695312e-08, 0.9077637791633606, -0.11954251676797867, 0.4020877480506897, 0.10358088463544846, 0.9927304983139038, 0.061296381056308746, -0.40649229288101196, -0.01399405486881733, 0.913547158241272),
            ["RightHand"] = CFrame.new(-2.384185791015625e-07, 0, -1.7136335372924805e-07, 0.818510115146637, 0.43390142917633057, 0.37652450799942017, -0.36894112825393677, 0.899401843547821, -0.23443295061588287, -0.44036754965782166, 0.052970387041568756, 0.8962536454200745),
            ["UpperTorso"] = CFrame.new(1.4901161193847656e-08, -2.086162567138672e-07, -2.0489096641540527e-08, 0.9759405851364136, -0.025577452033758163, -0.2165316641330719, 0.05951501056551933, 0.9866334199905396, 0.15169863402843475, 0.20975735783576965, -0.16093571484088898, 0.9644177556037903),
            ["HumanoidRootPart"] = CFrame.new(0, 0, 0, 1, 0, 0, 0, 1, 0, 0, 0, 1),
            ["RightUpperLeg"] = CFrame.new(4.172325134277344e-07, -1.8318678485229611e-07, -7.620110409334302e-08, 0.9691340923309326, -0.17797890305519104, 0.17059481143951416, 0.24556484818458557, 0.7581934332847595, -0.6040207743644714, -0.02184087596833706, 0.6272688508033752, 0.7784962058067322),
            ["LeftUpperArm"] = CFrame.new(-1.1920928955078125e-07, -1.1920928955078125e-07, -2.9802322387695312e-08, 0.6834754943847656, 0.0510445162653923, -0.7281866669654846, -0.6199246644973755, 0.5672979950904846, -0.5420944094657898, 0.3854280412197113, 0.8219292163848877, 0.41937801241874695),
            ["RightLowerArm"] = CFrame.new(-4.76837158203125e-07, -5.960464477539062e-07, 5.4016709327697754e-08, 1, -1.4901146982992941e-08, 2.2351734685344127e-08, -4.2840827774170975e-08, 0.9991130828857422, -0.04210788011550903, 2.2351736461700966e-08, 0.04210783168673515, 0.9991130828857422),
            ["LeftHand"] = CFrame.new(-2.384185791015625e-07, 1.7881393432617188e-07, -1.7136335372924805e-07, 0.5528144240379333, 0.10781951248645782, -0.826299786567688, -0.5145993232727051, 0.8240985870361328, -0.2367471158504486, 0.6554264426231384, 0.5560904145240784, 0.5110573172569275),
            ["LeftFoot"] = CFrame.new(-9.313225746154785e-09, 0, -4.190951585769653e-08, 0.9141504764556885, -0.269277960062027, 0.3030158281326294, 0.2277277410030365, 0.9595270156860352, 0.16567406058311462, -0.3353639543056488, -0.0824459120631218, 0.9384741187095642),
            ["LowerTorso"] = CFrame.new(-0.15181049704551697, -0.20055174827575684, 0.18961340188980103, 0.9630221128463745, 0.17132650315761566, -0.20793217420578003, -0.1674722284078598, 0.9852142930030823, 0.03613629564642906, 0.21104885637760162, 0.000022803938918514177, 0.9774755239486694),
            ["RightLowerLeg"] = CFrame.new(-8.568167686462402e-08, -0.000003814697265625, -0.000013468954421114177, 1, -1.396983151380482e-07, -9.685758328714655e-08, 1.4156104555240745e-07, 0.3895339071750641, 0.9210118651390076, -5.587936158235607e-08, -0.9210121631622314, 0.38953468203544617),
            ["LeftUpperLeg"] = CFrame.new(-4.76837158203125e-07, 3.090499376412481e-07, -9.685754776000977e-08, 0.9831647872924805, 0.17938464879989624, -0.03475956991314888, -0.18020212650299072, 0.9204220771789551, -0.3469158411026001, -0.03023787960410118, 0.34733909368515015, 0.9372519850730896),
            ["LeftLowerLeg"] = CFrame.new(-1.4901161193847656e-07, 0.000003874301910400391, 0.00001341104507446289, 1, 5.21540464148984e-08, 2.4214381610931923e-08, 7.450577932388569e-09, 0.6839987635612488, 0.7294830679893494, -1.4901155864777138e-08, -0.7294833064079285, 0.6839988827705383),
        }},
        {Time = 0.200, Data = {
            ["RightFoot"] = CFrame.new(-9.313225746154785e-09, 2.980232238769531e-07, 7.620110409334302e-08, 0.9630663990974426, -0.010849476791918278, -0.26904532313346863, -0.13645024597644806, 0.8417273759841919, -0.5223751664161682, 0.23213034868240356, 0.5397937297821045, 0.8091592788696289),
            ["LeftLowerArm"] = CFrame.new(-0.0000010132789611816406, 4.172325134277344e-07, 2.384185791015625e-07, 1, -5.960465188081798e-08, -2.2351738238057806e-08, 7.450579886381092e-08, 0.8086861968040466, -0.5882403254508972, 0, 0.5882403254508972, 0.8086861371994019),
            ["RightUpperArm"] = CFrame.new(1.1920928955078125e-07, -1.1920928955078125e-07, 0, 0.8218162059783936, -0.2590278387069702, -0.5074670910835266, 0.2545928955078125, 0.9637637734413147, -0.07963684946298599, 0.5097063779830933, -0.06375061720609665, 0.8579831719398499),
            ["Head"] = CFrame.new(-6.705522537231445e-08, 2.384185791015625e-07, 1.043081283569336e-07, 0.9441938996315002, -0.08257204294204712, 0.3188726305961609, 0.07725847512483597, 0.9965805411338806, 0.02929919958114624, -0.3202015161514282, -0.0030285068787634373, 0.9473446607589722),
            ["RightHand"] = CFrame.new(-4.172325134277344e-07, 3.5762786865234375e-07, -1.1548399925231934e-07, 0.9168238043785095, 0.33117279410362244, 0.22306673228740692, -0.2809440493583679, 0.9320065379142761, -0.22898557782173157, -0.28373342752456665, 0.14727014303207397, 0.9475266933441162),
            ["UpperTorso"] = CFrame.new(-7.450580596923828e-09, 1.1920928955078125e-07, -3.4458935260772705e-08, 0.977756917476654, -0.01983480527997017, -0.2088012546300888, 0.05775883048772812, 0.9824897646903992, 0.17713826894760132, 0.201631560921669, -0.18525828421115875, 0.9617817401885986),
            ["HumanoidRootPart"] = CFrame.new(0, 0, 0, 1, 0, 0, 0, 1, 0, 0, 0, 1),
            ["RightUpperLeg"] = CFrame.new(5.364418029785156e-07, -7.28759914636612e-08, -8.365168469026685e-08, 0.9701199531555176, -0.19735756516456604, 0.14112791419029236, 0.24241088330745697, 0.763954758644104, -0.5980051755905151, 0.010205474682152271, 0.6143476963043213, 0.7889693975448608),
            ["LeftUpperArm"] = CFrame.new(-3.5762786865234375e-07, 1.1920928955078125e-07, 5.960464477539063e-08, 0.8485277891159058, -0.07054954022169113, -0.5244268178939819, -0.33202290534973145, 0.7007089257240295, -0.6314806938171387, 0.41202104091644287, 0.7099505662918091, 0.5711469054222107),
            ["RightLowerArm"] = CFrame.new(-0.0000010728836059570312, -2.384185791015625e-07, 1.9185245037078857e-07, 1, -1.1175863789958385e-08, 4.0978189730367376e-08, 1.862645504502325e-08, 1, 3.7252898543727042e-09, -2.980232949312267e-08, 1.8626440834168534e-08, 1),
            ["LeftHand"] = CFrame.new(3.8743019104003906e-07, 3.5762786865234375e-07, -2.682209014892578e-07, 0.6394397020339966, 0.221867173910141, -0.7361330389976501, -0.5645047426223755, 0.7855046391487122, -0.2536078691482544, 0.5219686031341553, 0.5777176022529602, 0.6275279521942139),
            ["LeftFoot"] = CFrame.new(3.3527612686157227e-08, -5.960464477539063e-08, 4.612957127392292e-09, 0.9247035384178162, -0.30541181564331055, 0.22726081311702728, 0.30309805274009705, 0.9518532752990723, 0.04589984938502312, -0.23033715784549713, 0.0264383926987648, 0.9727516174316406),
            ["LowerTorso"] = CFrame.new(-0.14710190892219543, -0.21089661121368408, 0.21459613740444183, 0.9768728017807007, 0.17388641834259033, -0.12443158030509949, -0.1718243807554245, 0.9847521185874939, 0.027199452742934227, 0.1272638887166977, -0.005190025083720684, 0.9918553233146667),
            ["RightLowerLeg"] = CFrame.new(0, -0.0000040531158447265625, -0.00001330131635768339, 1, -1.0989604959377175e-07, -8.940700979565008e-08, 1.3411046495548362e-07, 0.3613053560256958, 0.9324473142623901, -1.0803343286625022e-07, -0.932447612285614, 0.36130598187446594),
            ["LeftUpperLeg"] = CFrame.new(-2.384185791015625e-07, -1.949956640601158e-08, -1.0058283805847168e-07, 0.9986679553985596, 0.05078382045030594, -0.009127527475357056, -0.048811107873916626, 0.8724913597106934, -0.4861854612827301, -0.016726680099964142, 0.4859835207462311, 0.8738080263137817),
            ["LeftLowerLeg"] = CFrame.new(3.725290298461914e-09, 0.000003635883331298828, 0.000013425946235656738, 1, 7.823106784599076e-08, 4.9694772741304405e-08, -4.8428763221863846e-08, 0.5711812376976013, 0.8208240866661072, 3.725289587919178e-08, -0.8208240866661072, 0.5711811780929565),
        }},
        {Time = 0.233, Data = {
            ["RightFoot"] = CFrame.new(-1.862645149230957e-09, 2.384185791015625e-07, 4.267349140718579e-08, 0.9617751836776733, -0.025761207565665245, -0.2726263999938965, -0.13065870106220245, 0.8317630290985107, -0.5395345687866211, 0.24065952003002167, 0.5545328259468079, 0.7966035604476929),
            ["LeftLowerArm"] = CFrame.new(-9.834766387939453e-07, 0.0000013113021850585938, -4.172325134277344e-07, 1, -2.2351736461700966e-08, -2.2351736461700966e-08, 1.4901159417490817e-08, 0.9176412224769592, -0.3974098861217499, 1.1175869119028903e-08, 0.3974098265171051, 0.917641282081604),
            ["RightUpperArm"] = CFrame.new(0, 8.344650268554688e-07, 1.4901161193847656e-08, 0.9155773520469666, -0.18557696044445038, -0.3567622900009155, 0.137442946434021, 0.9781368374824524, -0.15607021749019623, 0.37792542576789856, 0.09385989606380463, 0.9210661053657532),
            ["Head"] = CFrame.new(0, 2.384185791015625e-07, -9.313225746154785e-08, 0.9709110856056213, -0.03788173571228981, 0.23642459511756897, 0.04165125638246536, 0.9990720748901367, -0.010967894457280636, -0.2357897013425827, 0.020496243610978127, 0.9715880155563354),
            ["RightHand"] = CFrame.new(-2.9802322387695312e-08, -1.1920928955078125e-07, -2.9802322387695312e-08, 0.9686419367790222, 0.2363557517528534, 0.07660795003175735, -0.20961908996105194, 0.9429299831390381, -0.2587333619594574, -0.13338908553123474, 0.234561488032341, 0.9629061818122864),
            ["UpperTorso"] = CFrame.new(6.51925802230835e-08, -3.8743019104003906e-07, -4.190951585769653e-09, 0.9835765361785889, -0.019457977265119553, -0.1794396936893463, 0.05600271746516228, 0.9780056476593018, 0.20091992616653442, 0.17158356308937073, -0.20766925811767578, 0.9630330801010132),
            ["HumanoidRootPart"] = CFrame.new(0, 0, 0, 1, 0, 0, 0, 1, 0, 0, 0, 1),
            ["RightUpperLeg"] = CFrame.new(3.5762786865234375e-07, -8.079223334789276e-08, 1.0447547538205981e-07, 0.9739155769348145, -0.2010936737060547, 0.10511842370033264, 0.22304923832416534, 0.7633124589920044, -0.6063031554222107, 0.0416855588555336, 0.6139343976974487, 0.7882554531097412),
            ["LeftUpperArm"] = CFrame.new(-3.5762786865234375e-07, 0, -8.940696716308594e-08, 0.9528766870498657, -0.1413092017173767, -0.26843583583831787, -0.05916675180196762, 0.7813161015510559, -0.6213247179985046, 0.29753217101097107, 0.6079283356666565, 0.7361370921134949),
            ["RightLowerArm"] = CFrame.new(-9.238719940185547e-07, -2.980232238769531e-07, 2.0116567611694336e-07, 1, -3.725287189837445e-09, 5.1222723840282924e-08, 1.4901157641133977e-08, 0.9983461499214172, -0.0574900284409523, -3.7252894102834944e-09, 0.0574900358915329, 0.9983460903167725),
            ["LeftHand"] = CFrame.new(-1.4901161193847656e-08, -3.5762786865234375e-07, -5.662441253662109e-07, 0.7140364050865173, 0.32493385672569275, -0.6201372146606445, -0.5964648723602295, 0.7461341023445129, -0.29582715034484863, 0.36658117175102234, 0.5811213254928589, 0.7265784740447998),
            ["LeftFoot"] = CFrame.new(-7.078051567077637e-08, 5.960464477539063e-08, -7.450580596923828e-09, 0.936362624168396, -0.29891958832740784, 0.18404559791088104, 0.31347158551216125, 0.9479947090148926, -0.05514642223715782, -0.15798968076705933, 0.10933008044958115, 0.9813695549964905),
            ["LowerTorso"] = CFrame.new(-0.13194578886032104, -0.22357940673828125, 0.23021481931209564, 0.9832854866981506, 0.16772904992103577, -0.07082946598529816, -0.16626174747943878, 0.9857344031333923, 0.026169413700699806, 0.07420842349529266, -0.01395577471703291, 0.9971451163291931),
            ["RightLowerLeg"] = CFrame.new(-4.842877388000488e-08, -0.0000036954879760742188, -0.000013219359971117228, 1, -1.3876699256343272e-07, -9.68576259197107e-08, 1.303851746570217e-07, 0.3422224223613739, 0.939618706703186, -8.940698137394065e-08, -0.9396190047264099, 0.3422233760356903),
            ["LeftUpperLeg"] = CFrame.new(5.960464477539063e-08, -3.110617399215698e-07, -3.725290298461914e-09, 0.9977310299873352, -0.06641369313001633, 0.011048011481761932, 0.06143464893102646, 0.8309478163719177, -0.5529479384422302, 0.02754301391541958, 0.5523720383644104, 0.8331426382064819),
            ["LeftLowerLeg"] = CFrame.new(-1.2479722499847412e-07, 0.000003516674041748047, 0.000013455748558044434, 1, 6.705518273975031e-08, 3.352760558072987e-08, -6.332992086299782e-08, 0.5312327742576599, 0.8472260236740112, 3.352760558072987e-08, -0.8472260236740112, 0.5312327742576599),
        }},
        {Time = 0.267, Data = {
            ["RightFoot"] = CFrame.new(-4.377216100692749e-08, 2.384185791015625e-07, -5.75528247281909e-09, 0.9793611764907837, 0.07242419570684433, -0.18869709968566895, -0.15401172637939453, 0.871994137763977, -0.46465691924095154, 0.13089023530483246, 0.4841291606426239, 0.8651517629623413),
            ["LeftLowerArm"] = CFrame.new(-8.940696716308594e-07, 4.172325134277344e-07, -3.5762786865234375e-07, 1, -1.4901159417490817e-08, 2.5145704185547402e-08, 1.303851249190302e-08, 0.9708449840545654, -0.2397080659866333, 1.955776873785453e-08, 0.23970812559127808, 0.9708449840545654),
            ["RightUpperArm"] = CFrame.new(-5.960464477539063e-08, -2.384185791015625e-07, 0, 0.980806291103363, -0.12881217896938324, -0.1463775336742401, 0.09048400074243546, 0.9656710624694824, -0.24349986016750336, 0.17271827161312103, 0.22558146715164185, 0.9587917327880859),
            ["Head"] = CFrame.new(7.264316082000732e-08, -4.76837158203125e-07, -5.21540641784668e-08, 0.9878933429718018, 0.00687806960195303, 0.1549825221300125, 0.001035853405483067, 0.9987019300460815, -0.05092477798461914, -0.15513165295124054, 0.050468798726797104, 0.986603856086731),
            ["RightHand"] = CFrame.new(-3.166496753692627e-07, -2.384185791015625e-07, -1.4901161193847656e-08, 0.9851484298706055, 0.16787000000476837, -0.03608874976634979, -0.17083840072155, 0.9371867179870605, -0.3041306138038635, -0.01723252236843109, 0.3057791590690613, 0.9519465565681458),
            ["UpperTorso"] = CFrame.new(6.612390279769897e-08, -3.5762786865234375e-07, -4.7963112592697144e-08, 0.9917193055152893, -0.019777465611696243, -0.12689320743083954, 0.04747742414474487, 0.9745320081710815, 0.21916505694389343, 0.11932695657014847, -0.22337472438812256, 0.9674011468887329),
            ["HumanoidRootPart"] = CFrame.new(0, 0, 0, 1, 0, 0, 0, 1, 0, 0, 0, 1),
            ["RightUpperLeg"] = CFrame.new(5.364418029785156e-07, 1.1734664440155029e-07, -8.178903954103589e-08, 0.9766173958778381, -0.20549632608890533, 0.0631641075015068, 0.19788876175880432, 0.7444600462913513, -0.6376672983169556, 0.08401519805192947, 0.6352562308311462, 0.7677178382873535),
            ["LeftUpperArm"] = CFrame.new(-1.1920928955078125e-07, -4.76837158203125e-07, -2.2351741790771484e-08, 0.9882668256759644, -0.14457374811172485, -0.04926770552992821, 0.096466563642025, 0.8408946394920349, -0.5325320363044739, 0.1184191182255745, 0.5215311646461487, 0.8449746966362),
            ["RightLowerArm"] = CFrame.new(-0.0000011324882507324219, -1.1920928955078125e-07, 1.564621925354004e-07, 1, -2.235172047448941e-08, -7.450577044210149e-09, 1.7695127141337252e-08, 0.9733452200889587, -0.22934477031230927, -1.7927957784991122e-08, 0.22934474050998688, 0.9733452796936035),
            ["LeftHand"] = CFrame.new(5.960464477539063e-08, -5.960464477539063e-08, -1.341104507446289e-07, 0.775983452796936, 0.3896905183792114, -0.4959750175476074, -0.5908735394477844, 0.7242652773857117, -0.3553984463214874, 0.22072206437587738, 0.5688419342041016, 0.7922757267951965),
            ["LeftFoot"] = CFrame.new(-4.377216100692749e-08, 1.7881393432617188e-07, 7.450580596923828e-09, 0.9509345889091492, -0.22939126193523407, 0.20761343836784363, 0.2599891722202301, 0.9562261700630188, -0.13430286943912506, -0.1677175611257553, 0.1816900223493576, 0.9689475893974304),
            ["LowerTorso"] = CFrame.new(-0.10954989492893219, -0.23694610595703125, 0.241360142827034, 0.987849235534668, 0.14808376133441925, -0.047173090279102325, -0.14658917486667633, 0.9886224269866943, 0.0337260477244854, 0.0516306608915329, -0.026401186361908913, 0.9983171820640564),
