return {
    ["Very Good (222)"] = {
        {Time = 0.000, Data = {
            ["RightFoot"] = CFrame.new(3.792580116623867e-08, 5.960464477539063e-08, -1.0376140835433034e-08, 0.9868735671043396, 0.049246713519096375, -0.15380574762821198, -0.10330532491207123, 0.9245341420173645, -0.3668261468410492, 0.12413202971220016, 0.37790384888648987, 0.9174869656562805),
            ["LeftLowerArm"] = CFrame.new(-5.960464477539063e-08, 3.5762786865234375e-07, 1.4901161193847656e-07, 1, 1.4901164746561335e-08, 8.940700979565008e-08, 8.195638656616211e-08, 0.7392085790634155, -0.6734763383865356, -1.341104507446289e-07, 0.6734765768051147, 0.7392088770866394),
            ["LeftFoot"] = CFrame.new(-5.217160037318536e-09, 0, -1.1256133802817203e-09, 0.9882084727287292, -0.07576055079698563, -0.13305899500846863, 0.053570255637168884, 0.9851586818695068, -0.16306576132774353, 0.14343705773353577, 0.1540214866399765, 0.9776015877723694),
            ["Head"] = CFrame.new(4.3888576328754425e-08, -1.1920928955078125e-07, -1.862645149230957e-09, 0.997727632522583, 0.027305956929922104, -0.06159543991088867, -0.00613056356087327, 0.9471953511238098, 0.32059869170188904, 0.06709715723991394, -0.3194924294948578, 0.9452102780342102),
            ["LowerTorso"] = CFrame.new(-1.1102230246251565e-16, -0.08316695690155029, -9.313225746154785e-10, 0.9899805188179016, 0.1174914538860321, 0.07832232862710953, -0.09590878337621689, 0.9665891528129578, -0.2377118468284607, -0.10363461077213287, 0.22781836986541748, 0.9681729078292847),
            ["UpperTorso"] = CFrame.new(1.3969838619232178e-08, -1.1920928955078125e-07, 3.3993273973464966e-08, 0.9610905647277832, -0.27452537417411804, -0.030673420056700706, 0.27121689915657043, 0.9167335629463196, 0.29332730174064636, -0.05240644887089729, -0.2902333438396454, 0.9555198550224304),
            ["HumanoidRootPart"] = CFrame.new(0, 0, 0, 1, 0, 0, 0, 1, 0, 0, 0, 1),
            ["RightUpperLeg"] = CFrame.new(0, 4.936009645462036e-08, 3.725290298461914e-09, 0.9605859518051147, -0.22241009771823883, -0.16675858199596405, 0.19498752057552338, 0.9666478633880615, -0.16604790091514587, 0.19812729954719543, 0.12698709964752197, 0.9719154834747314),
            ["LeftUpperArm"] = CFrame.new(0, 1.1920928955078125e-07, 0, 0.693693220615387, 0.39601758122444153, 0.6016227602958679, -0.25587189197540283, 0.9162939786911011, -0.3081122040748596, -0.673289954662323, 0.059795670211315155, 0.736964762210846),
            ["RightLowerArm"] = CFrame.new(-1.1920928955078125e-07, 1.7881393432617188e-07, -8.195638656616211e-08, 1, 4.4703494239684005e-08, 5.96046660916727e-08, 8.475035429000854e-08, 0.6704323887825012, -0.741970419883728, -7.450580596923828e-08, 0.7419706583023071, 0.6704325675964355),
            ["LeftHand"] = CFrame.new(-3.203749656677246e-07, -4.172325134277344e-07, 3.725290298461914e-08, 0.9884069561958313, -0.06625708192586899, -0.13660790026187897, -0.019619690254330635, 0.8364716172218323, -0.5476589798927307, 0.15055495500564575, 0.5439901947975159, 0.8254744410514832),
            ["RightHand"] = CFrame.new(-2.1606683731079102e-07, -5.364418029785156e-07, 5.960464477539063e-08, 0.924737274646759, 0.1723453551530838, 0.3393495976924896, -0.07921161502599716, 0.959227442741394, -0.271308571100235, -0.372272253036499, 0.22400878369808197, 0.9006850719451904),
            ["RightUpperArm"] = CFrame.new(1.1920928955078125e-07, -1.1920928955078125e-07, -1.4901161193847656e-08, 0.9869920015335083, -0.13100124895572662, 0.0931907445192337, 0.12733139097690582, 0.9908695816993713, 0.04431634023785591, -0.09815020859241486, -0.03187635913491249, 0.9946615099906921),
            ["RightLowerLeg"] = CFrame.new(-4.842877388000488e-08, 0, 9.313225746154785e-08, 1, 8.754430069757291e-08, 2.421436029464985e-08, -8.568170528633345e-08, 0.7154703140258789, 0.698642909526825, 1.0244551873483942e-07, -0.698643147945404, 0.715470552444458),
            ["LeftUpperLeg"] = CFrame.new(2.9802322387695312e-08, -4.563480615615845e-08, 2.9802322387695312e-08, 0.9947504997253418, -0.10213292390108109, 0.006357741076499224, 0.10128220170736313, 0.9737852811813354, -0.20367684960365295, 0.01461096666753292, 0.20325122773647308, 0.9790175557136536),
            ["LeftLowerLeg"] = CFrame.new(6.85686245560646e-08, -1.7881393432617188e-07, 7.450580596923828e-08, 1, -6.926708984167362e-09, 1.1283540146678206e-07, -6.170012767370281e-08, 0.7133954167366028, 0.7007613778114319, -9.447104787341232e-08, -0.7007617354393005, 0.7133957743644714),
        }},
        {Time = 0.033, Data = {
            ["RightFoot"] = CFrame.new(-3.194846698306719e-08, 1.7881393432617188e-07, 8.247468485933496e-09, 0.9859344959259033, 0.0417201891541481, -0.16184361279010773, -0.10070160031318665, 0.9211207032203674, -0.3760223388671875, 0.1333882361650467, 0.38703498244285583, 0.9123672246932983),
            ["LeftLowerArm"] = CFrame.new(1.4901161193847656e-07, 1.7881393432617188e-07, 7.450580596923828e-08, 1, 1.3271351129162667e-08, 1.1269008837189176e-07, 4.703179712350902e-08, 0.7848204970359802, -0.6197230815887451, -7.319614070411262e-08, 0.6197232604026794, 0.7848206162452698),
            ["LeftFoot"] = CFrame.new(-1.6796711577171664e-08, 2.384185791015625e-07, 7.53937001718441e-09, 0.9912458062171936, -0.07158929854631424, -0.1109372079372406, 0.054878298193216324, 0.9876161813735962, -0.1469724327325821, 0.12008441984653473, 0.13960427045822144, 0.9828998446464539),
            ["Head"] = CFrame.new(-3.958120942115784e-08, 2.384185791015625e-07, 6.984919309616089e-09, 0.9988515377044678, -0.04778170585632324, -0.0035549551248550415, 0.046920739114284515, 0.9604268670082092, 0.2745521068572998, -0.00970427691936493, -0.27440348267555237, 0.9615656733512878),
            ["LowerTorso"] = CFrame.new(0.00912980455905199, -0.08316695690155029, -1.862645149230957e-09, 0.9902259707450867, 0.13803566992282867, 0.019968336448073387, -0.12989956140518188, 0.964885950088501, -0.2283005565404892, -0.05078078806400299, 0.22347527742385864, 0.9733859300613403),
            ["UpperTorso"] = CFrame.new(-2.7939677238464355e-08, -1.7881393432617188e-07, -1.5133991837501526e-09, 0.953732967376709, -0.29516172409057617, -0.057210773229599, 0.2978461980819702, 0.9016090631484985, 0.31366974115371704, -0.0410015732049942, -0.3161972761154175, 0.9478071331977844),
            ["HumanoidRootPart"] = CFrame.new(0, 0, 0, 1, 0, 0, 0, 1, 0, 0, 0, 1),
            ["RightUpperLeg"] = CFrame.new(0, -3.1478703022003174e-07, 4.284083843231201e-08, 0.9691619873046875, -0.22903114557266235, -0.0909394845366478, 0.20578837394714355, 0.9552240371704102, -0.21259862184524536, 0.13555908203125, 0.18732814490795135, 0.9728986620903015),
            ["LeftUpperArm"] = CFrame.new(-1.1920928955078125e-07, 1.1920928955078125e-07, 5.122274160385132e-09, 0.7799737453460693, 0.25109171867370605, 0.5732219815254211, -0.08051956444978714, 0.9486305117607117, -0.30596673488616943, -0.6206106543540955, 0.19249184429645538, 0.7601323127746582),
            ["RightLowerArm"] = CFrame.new(0, 0, -1.1920928955078125e-07, 1, 1.4901162970204496e-08, 6.705523958316917e-08, 7.357447628919545e-08, 0.7041817903518677, -0.710019588470459, -6.891786341611805e-08, 0.7100197672843933, 0.7041820287704468),
            ["LeftHand"] = CFrame.new(1.30385160446167e-07, -4.172325134277344e-07, 2.9802322387695312e-08, 0.976725697517395, -0.08958279341459274, -0.19488923251628876, -0.006604216992855072, 0.8956167697906494, -0.4447775185108185, 0.21439051628112793, 0.4357128143310547, 0.8741803765296936),
            ["RightHand"] = CFrame.new(2.2351741790771484e-07, -4.172325134277344e-07, 1.4901161193847656e-07, 0.9597147703170776, 0.10537150502204895, 0.2604697644710541, -0.031214270740747452, 0.9612621665000916, -0.2738625109195709, -0.27923694252967834, 0.25469958782196045, 0.9258265495300293),
            ["RightUpperArm"] = CFrame.new(1.1920928955078125e-07, 2.384185791015625e-07, 4.6100467443466187e-08, 0.9916349649429321, -0.06571538746356964, 0.11108957231044769, 0.06708869338035583, 0.9977093935012817, -0.00866580381989479, -0.11026912182569504, 0.016043314710259438, 0.9937726855278015),
            ["RightLowerLeg"] = CFrame.new(-8.940696716308594e-08, 0, 1.043081283569336e-07, 1, 1.415610029198433e-07, 2.607699478573977e-08, -5.215408194203519e-08, 0.6773842573165894, 0.7356292605400085, 7.636847954017867e-08, -0.7356293201446533, 0.6773843169212341),
            ["LeftUpperLeg"] = CFrame.new(-5.960464477539063e-08, -2.6170164346694946e-07, 4.842877388000488e-08, 0.9910991191864014, -0.11132227629423141, 0.07300752401351929, 0.12304695695638657, 0.9753478765487671, -0.18318328261375427, -0.05081541836261749, 0.19053594768047333, 0.9803640842437744),
            ["LeftLowerLeg"] = CFrame.new(4.621688276529312e-08, 1.7881393432617188e-07, -8.195638656616211e-08, 1, -1.88592803596066e-08, 1.3259689524147689e-07, -7.334166696182365e-08, 0.720739483833313, 0.6932058930397034, -9.278303281234912e-08, -0.6932061314582825, 0.7207396626472473),
        }},
        {Time = 0.067, Data = {
            ["RightFoot"] = CFrame.new(6.335375957178258e-08, 5.960464477539063e-08, -1.338605670753168e-09, 0.9837052226066589, 0.026712648570537567, -0.17779579758644104, -0.09136288613080978, 0.9259694814682007, -0.3663751482963562, 0.1548449993133545, 0.3766523599624634, 0.9133225083351135),
            ["LeftLowerArm"] = CFrame.new(1.7881393432617188e-07, 5.364418029785156e-07, 7.450580596923828e-08, 1, 7.450583261459087e-09, 7.450583439094771e-08, 5.960465188081798e-08, 0.8265349268913269, -0.5628853440284729, -1.0430814256778831e-07, 0.562885582447052, 0.8265351057052612),
            ["LeftFoot"] = CFrame.new(-9.477155060721998e-09, 0, 5.4443148655991536e-08, 0.9949966073036194, -0.06450509279966354, -0.07629528641700745, 0.052862316370010376, 0.9878953695297241, -0.14583086967468262, 0.08477812260389328, 0.14107361435890198, 0.9863632917404175),
            ["Head"] = CFrame.new(1.30385160446167e-08, -2.384185791015625e-07, 3.166496753692627e-08, 0.9817200899124146, -0.14926555752754211, 0.11809144914150238, 0.12063094228506088, 0.9678853154182434, 0.22055917978286743, -0.14722083508968353, -0.20228168368339539, 0.9681984186172485),
            ["LowerTorso"] = CFrame.new(0.02971435710787773, -0.08316695690155029, -9.313225746154785e-10, 0.9854923486709595, 0.14349408447742462, -0.09063241630792618, -0.15992283821105957, 0.963921844959259, -0.21278966963291168, 0.05682850256562233, 0.2241968810558319, 0.9728856086730957),
            ["UpperTorso"] = CFrame.new(-6.05359673500061e-09, -2.9802322387695312e-08, 1.3969838619232178e-08, 0.947711169719696, -0.30414342880249023, -0.09664604812860489, 0.3189341425895691, 0.8920572996139526, 0.3201793432235718, -0.011166655458509922, -0.33426135778427124, 0.942414402961731),
            ["HumanoidRootPart"] = CFrame.new(0, 0, 0, 1, 0, 0, 0, 1, 0, 0, 0, 1),
            ["RightUpperLeg"] = CFrame.new(-5.960464477539063e-08, 6.938353180885315e-08, -2.0489096641540527e-08, 0.9809867143630981, -0.19029150903224945, 0.0381365530192852, 0.19356666505336761, 0.9451214671134949, -0.26320594549179077, 0.014042026363313198, 0.26558366417884827, 0.9639856815338135),
            ["LeftUpperArm"] = CFrame.new(-1.1920928955078125e-07, -2.384185791015625e-07, 4.470348358154297e-08, 0.8714699745178223, 0.053543366491794586, 0.48751014471054077, 0.11916365474462509, 0.9411189556121826, -0.3163752555847168, -0.4757523238658905, 0.33380863070487976, 0.8137816786766052),
            ["RightLowerArm"] = CFrame.new(1.1920928955078125e-07, 1.1920928955078125e-07, -2.60770320892334e-08, 1, 3.539026138810186e-08, 8.56816981809061e-08, 5.005858838558197e-08, 0.7711573839187622, -0.6366443037986755, -8.009374141693115e-08, 0.6366445422172546, 0.7711576223373413),
            ["LeftHand"] = CFrame.new(2.384185791015625e-07, -1.1920928955078125e-07, -2.9802322387695312e-08, 0.9597293138504028, -0.12981197237968445, -0.24913564324378967, 0.038991134613752365, 0.9398043155670166, -0.33948132395744324, 0.278207391500473, 0.3160962164402008, 0.907019317150116),
            ["RightHand"] = CFrame.new(8.940696716308594e-08, 0, 0, 0.9830772876739502, 0.03566388785839081, 0.17968612909317017, 0.016428017988801003, 0.9597516655921936, -0.28036946058273315, -0.18245305120944977, 0.2785768508911133, 0.9429242014884949),
            ["RightUpperArm"] = CFrame.new(-5.960464477539063e-08, -1.1920928955078125e-07, 2.514570951461792e-08, 0.9887925982475281, -0.0015061867889016867, 0.14928704500198364, 0.010408910922706127, 0.9982113838195801, -0.058873966336250305, -0.1489323079586029, 0.05976499244570732, 0.9870396852493286),
            ["RightLowerLeg"] = CFrame.new(-1.1175870895385742e-08, 5.960464477539063e-08, 3.725290298461914e-08, 1, 8.754429359214555e-08, -1.862642262651093e-09, -8.195636524988004e-08, 0.6447718143463135, 0.7643758058547974, 4.8428763221863846e-08, -0.7643750309944153, 0.6447710394859314),
            ["LeftUpperLeg"] = CFrame.new(-5.960464477539063e-08, 1.909211277961731e-07, -2.9802322387695312e-08, 0.9762959480285645, -0.08808950334787369, 0.19770286977291107, 0.1243990957736969, 0.9758615493774414, -0.17949745059013367, -0.17711883783340454, 0.1998366117477417, 0.9636878967285156),
            ["LeftLowerLeg"] = CFrame.new(1.1757947504520416e-08, 5.960464477539063e-08, 7.450580596923828e-09, 1, -4.307364420697013e-08, 1.1530917021218556e-07, -1.006992391694439e-07, 0.6764328479766846, 0.7365047931671143, -1.0395886818059807e-07, -0.736504316329956, 0.6764324307441711),
        }},
        {Time = 0.100, Data = {
            ["RightFoot"] = CFrame.new(4.308514434114841e-08, 5.960464477539063e-08, -2.142485300282715e-09, 0.9940352439880371, 0.007527168374508619, -0.10880091041326523, -0.04531938210129738, 0.9359108209609985, -0.3493058681488037, 0.0991976410150528, 0.3521566092967987, 0.9306706190109253),
            ["LeftLowerArm"] = CFrame.new(-1.7881393432617188e-07, 1.1920928955078125e-07, 0, 1, -7.450582373280668e-09, 1.1920931797249068e-07, 3.352760913344355e-08, 0.8159778118133545, -0.5780829787254333, -8.940695295223122e-08, 0.5780832171440125, 0.8159780502319336),
            ["LeftFoot"] = CFrame.new(-3.7369318306446075e-08, 1.7881393432617188e-07, -4.284083843231201e-08, 0.9997314214706421, -0.02086624875664711, 0.010088513605296612, 0.022339580580592155, 0.9834787845611572, -0.17963725328445435, -0.00617340998724103, 0.1798171103000641, 0.9836811423301697),
            ["Head"] = CFrame.new(-3.725290298461914e-08, 0, 2.0489096641540527e-08, 0.9569893479347229, -0.18964393436908722, 0.2195601463317871, 0.1433912217617035, 0.967063844203949, 0.21030138432979584, -0.2522110342979431, -0.16977310180664062, 0.9526629447937012),
            ["LowerTorso"] = CFrame.new(0.05285884439945221, -0.09768164157867432, -3.725290298461914e-09, 0.9779595732688904, 0.09893230348825455, -0.18386858701705933, -0.13941872119903564, 0.9649497270584106, -0.22233884036540985, 0.1554274559020996, 0.24307316541671753, 0.9574747085571289),
            ["UpperTorso"] = CFrame.new(4.6566128730773926e-09, 5.960464477539063e-08, -5.774199962615967e-08, 0.9569331407546997, -0.2688866853713989, -0.10944871604442596, 0.28997141122817993, 0.9034572243690491, 0.31572383642196655, 0.01398826390504837, -0.3338637053966522, 0.9425175786018372),
            ["HumanoidRootPart"] = CFrame.new(0, 0, 0, 1, 0, 0, 0, 1, 0, 0, 0, 1),
            ["RightUpperLeg"] = CFrame.new(1.7881393432617188e-07, 1.434236764907837e-07, -3.725290298461914e-08, 0.9888399243354797, -0.13996221125125885, 0.05105043575167656, 0.14874757826328278, 0.9467177987098694, -0.28565624356269836, -0.00834935437887907, 0.29006221890449524, 0.9569714069366455),
            ["LeftUpperArm"] = CFrame.new(0, 0, 2.9802322387695312e-08, 0.9356054663658142, -0.03970126435160637, 0.3508053123950958, 0.15546785295009613, 0.9384569525718689, -0.30842551589012146, -0.316973477602005, 0.34310686588287354, 0.8841997981071472),
            ["RightLowerArm"] = CFrame.new(-1.4901161193847656e-07, 1.7881393432617188e-07, -1.4901161193847656e-07, 1, 1.862645815364772e-09, 1.0989610643719061e-07, 4.330650327233343e-08, 0.8316747546195984, -0.5552629232406616, -9.406359424701805e-08, 0.5552632212638855, 0.8316749334335327),
            ["LeftHand"] = CFrame.new(-5.960464477539063e-08, -2.384185791015625e-07, -2.980232238769531e-07, 0.9550998210906982, -0.1839076727628708, -0.23229801654815674, 0.094937764108181, 0.9326610565185547, -0.34803783893585205, 0.2806621491909027, 0.310357004404068, 0.9082441329956055),
            ["RightHand"] = CFrame.new(7.729977369308472e-08, -4.172325134277344e-07, -1.5273690223693848e-07, 0.9790894985198975, 0.0440833643078804, 0.19859640300273895, 0.014296101406216621, 0.9589144587516785, -0.28333500027656555, -0.2029273360967636, 0.28024956583976746, 0.9382328391075134),
            ["RightUpperArm"] = CFrame.new(0, 2.384185791015625e-07, 2.9802322387695312e-08, 0.982574999332428, -0.012120566330850124, 0.18547214567661285, 0.021374359726905823, 0.9986196756362915, -0.047980405390262604, -0.18463361263275146, 0.05110536888241768, 0.9814774990081787),
            ["RightLowerLeg"] = CFrame.new(3.5390257835388184e-08, 0, 1.4901161193847656e-08, 1, 1.2014062633625144e-07, 6.053586520948784e-09, -6.28642737865448e-08, 0.6384239196777344, 0.7696856260299683, 3.236345946788788e-08, -0.7696850299835205, 0.6384230256080627),
            ["LeftUpperLeg"] = CFrame.new(0, 6.705522537231445e-08, -1.4901161193847656e-08, 0.9702792167663574, -0.019483273848891258, 0.2412022352218628, 0.08437434583902359, 0.9614407420158386, -0.261748343706131, -0.22680191695690155, 0.2743212580680847, 0.9345102310180664),
            ["LeftLowerLeg"] = CFrame.new(-1.5366822481155396e-07, 0, 4.6566128730773926e-08, 1, 2.305024793258781e-08, 1.268924592068288e-07, -1.0477381806595076e-07, 0.516086757183075, 0.8565379977226257, -5.424955418220634e-08, -0.8565363883972168, 0.5160839557647705),
        }},
        {Time = 0.133, Data = {
            ["RightFoot"] = CFrame.new(3.721964958458557e-10, 1.7881393432617188e-07, -3.3310513458673086e-08, 0.999862015247345, -0.01486246194690466, -0.007421039044857025, 0.011357373557984829, 0.9375951290130615, -0.34754034876823425, 0.012123298831284046, 0.3474111557006836, 0.9376357197761536),
            ["LeftLowerArm"] = CFrame.new(-5.960464477539063e-08, 1.7881393432617188e-07, 8.940696716308594e-08, 1, -7.450582373280668e-09, 5.96046660916727e-08, 5.587935447692871e-08, 0.7896390557289124, -0.6135714054107666, -8.568167686462402e-08, 0.6135715842247009, 0.7896393537521362),
            ["LeftFoot"] = CFrame.new(-4.0512531995773315e-08, -1.1920928955078125e-07, -1.862645149230957e-08, 0.9818762540817261, 0.05362997204065323, 0.18177853524684906, -0.01787317730486393, 0.9810559749603271, -0.1928989142179489, -0.18867850303649902, 0.18615323305130005, 0.9642336964607239),
            ["Head"] = CFrame.new(5.4016709327697754e-08, 3.5762786865234375e-07, 4.470348358154297e-08, 0.9375500679016113, -0.2025480717420578, 0.28279733657836914, 0.14647763967514038, 0.9672752618789673, 0.20717892050743103, -0.3155064582824707, -0.1528169959783554, 0.9365375638008118),
            ["LowerTorso"] = CFrame.new(0.07491897791624069, -0.1322939395904541, -3.725290298461914e-09, 0.9667852520942688, 0.03519758954644203, -0.2531549334526062, -0.10257337242364883, 0.9606419205665588, -0.2581586539745331, 0.23410466313362122, 0.2755510210990906, 0.9323447942733765),
            ["UpperTorso"] = CFrame.new(-2.7939677238464355e-08, -2.9802322387695312e-08, -2.0489096641540527e-08, 0.9696717858314514, -0.21997955441474915, -0.10651681572198868, 0.2433364987373352, 0.9097288250923157, 0.3364236652851105, 0.022895032539963722, -0.35214000940322876, 0.9356672763824463),
            ["HumanoidRootPart"] = CFrame.new(0, 0, 0, 1, 0, 0, 0, 1, 0, 0, 0, 1),
            ["RightUpperLeg"] = CFrame.new(-1.1920928955078125e-07, 6.146728992462158e-08, -5.21540641784668e-08, 0.9950463175773621, -0.09915436804294586, 0.007159516680985689, 0.09682803601026535, 0.9503468871116638, -0.29574471712112427, 0.022520242258906364, 0.2949734330177307, 0.9552401900291443),
            ["LeftUpperArm"] = CFrame.new(0, 1.1920928955078125e-07, 2.9802322387695312e-08, 0.9792332053184509, -0.11376992613077164, 0.16780954599380493, 0.16106484830379486, 0.9392500519752502, -0.30309346318244934, -0.12312839925289154, 0.3238297700881958, 0.9380695223808289),
            ["RightLowerArm"] = CFrame.new(5.960464477539063e-08, 3.5762786865234375e-07, -4.470348358154297e-08, 1, 2.235175244891252e-08, 1.0430816388407038e-07, 4.190951941041021e-08, 0.877752423286438, -0.4791143834590912, -8.754432911928234e-08, 0.47911471128463745, 0.8777524828910828),
            ["LeftHand"] = CFrame.new(-4.470348358154297e-08, -4.76837158203125e-07, 3.2782554626464844e-07, 0.9477713704109192, -0.242269828915596, -0.20744843780994415, 0.15564458072185516, 0.9190189838409424, -0.36218637228012085, 0.2783958315849304, 0.31098172068595886, 0.9087278842926025),
            ["RightHand"] = CFrame.new(-1.257285475730896e-07, -1.7881393432617188e-07, -8.940696716308594e-08, 0.9667463898658752, 0.06551547348499298, 0.24720269441604614, 0.009582513011991978, 0.9566695690155029, -0.29101839661598206, -0.25555744767189026, 0.2837098240852356, 0.9242289662361145),
            ["RightUpperArm"] = CFrame.new(0, 1.1920928955078125e-07, 0, 0.9763484597206116, -0.02927219495177269, 0.21421495079994202, 0.03322666138410568, 0.9993370175361633, -0.014888526871800423, -0.21363477408885956, 0.021650290116667747, 0.9766731858253479),
            ["RightLowerLeg"] = CFrame.new(-2.7939677238464355e-08, -1.7881393432617188e-07, 4.470348358154297e-08, 1, 1.4901161193847656e-07, 1.955774564521562e-08, -1.2479722499847412e-07, 0.6096165776252747, 0.7926976084709167, 5.587935447692871e-08, -0.792696475982666, 0.6096150875091553),
            ["LeftUpperLeg"] = CFrame.new(2.9802322387695312e-08, -6.705522537231445e-08, 1.4901161193847656e-08, 0.9850836396217346, 0.020172392949461937, 0.17088976502418518, 0.047398313879966736, 0.9228783845901489, -0.3821614980697632, -0.16541965305805206, 0.38456282019615173, 0.9081571102142334),
            ["LeftLowerLeg"] = CFrame.new(3.5390257835388184e-08, 1.1920928955078125e-07, 4.0978193283081055e-08, 1, -8.381916494215602e-09, 1.1315536596612219e-07, -1.2107194891086692e-07, 0.29451778531074524, 0.9556476473808289, -6.33299421792799e-08, -0.9556459784507751, 0.29451262950897217),
        }},
        {Time = 0.167, Data = {
            ["RightFoot"] = CFrame.new(1.2091554424387141e-08, 2.980232238769531e-07, 6.667633556389774e-09, 0.9994150996208191, -0.030171092599630356, 0.016099952161312103, 0.03391164913773537, 0.9351202249526978, -0.3527015149593353, -0.004413841292262077, 0.35304388403892517, 0.9355973601341248),
            ["LeftLowerArm"] = CFrame.new(-1.7881393432617188e-07, -5.364418029785156e-07, 1.7881393432617188e-07, 1, 4.4703494239684005e-08, 9.685756907629184e-08, 5.960465188081798e-08, 0.7561342120170593, -0.6544163823127747, -1.303851746570217e-07, 0.6544166207313538, 0.7561344504356384),
            ["LeftFoot"] = CFrame.new(-1.862645149230957e-08, 2.384185791015625e-07, -7.450580596923828e-09, 0.9261319637298584, 0.1028791069984436, 0.36290186643600464, -0.048156414180994034, 0.9864629507064819, -0.15675652027130127, -0.37411320209503174, 0.12769818305969238, 0.9185476303100586),
            ["Head"] = CFrame.new(-1.4901161193847656e-08, 1.1920928955078125e-07, 2.9802322387695312e-08, 0.9273900985717773, -0.19767780601978302, 0.3176024258136749, 0.1352061778306961, 0.9687104225158691, 0.20813347399234772, -0.34880807995796204, -0.15007898211479187, 0.9250996112823486),
            ["LowerTorso"] = CFrame.new(0.09356307238340378, -0.1736053228378296, -1.862645149230957e-09, 0.9540590643882751, -0.03204144909977913, -0.2979004383087158, -0.06316690146923065, 0.950408399105072, -0.3045225441455841, 0.29288437962532043, 0.30935001373291016, 0.9047217965126038),
            ["UpperTorso"] = CFrame.new(1.4901161193847656e-08, 0, 1.210719347000122e-07, 0.9809044003486633, -0.1696958988904953, -0.09502588957548141, 0.193015456199646, 0.9094254970550537, 0.3683616518974304, 0.023909565061330795, -0.3796691596508026, 0.9248133897781372),
            ["HumanoidRootPart"] = CFrame.new(0, 0, 0, 1, 0, 0, 0, 1, 0, 0, 0, 1),
            ["RightUpperLeg"] = CFrame.new(5.960464477539063e-08, -2.1979212760925293e-07, 1.9371509552001953e-07, 0.9994031190872192, -0.032952554523944855, 0.010376795195043087, 0.03454534709453583, 0.9568004608154297, -0.28868526220321655, -0.0004155476635787636, 0.2888721227645874, 0.9573677778244019),
            ["LeftUpperArm"] = CFrame.new(-1.1920928955078125e-07, 1.1920928955078125e-07, 2.9802322387695312e-08, 0.984982967376709, -0.16853486001491547, -0.03746801242232323, 0.15055274963378906, 0.9446827173233032, -0.2913881540298462, 0.08451331406831741, 0.28137263655662537, 0.9558709263801575),
            ["RightLowerArm"] = CFrame.new(-8.940696716308594e-08, -1.7881393432617188e-07, -1.341104507446289e-07, 1, 3.725291630729544e-09, 9.313229298868464e-08, 3.166496753692627e-08, 0.9094944596290588, -0.4157158136367798, -1.043081283569336e-07, 0.4157160520553589, 0.9094946384429932),
            ["LeftHand"] = CFrame.new(0, -1.7881393432617188e-07, 1.4901161193847656e-08, 0.9384610056877136, -0.29545795917510986, -0.17887327075004578, 0.2102643847465515, 0.8995962142944336, -0.3827735185623169, 0.274007111787796, 0.3216072916984558, 0.9063602685928345),
            ["RightHand"] = CFrame.new(1.3783574104309082e-07, -2.384185791015625e-07, 4.470348358154297e-08, 0.9451046586036682, 0.09411780536174774, 0.3129202723503113, 0.004882354289293289, 0.9534483551979065, -0.3015170097351074, -0.326731413602829, 0.2864929139614105, 0.9006489515304565),
            ["RightUpperArm"] = CFrame.new(0, 2.384185791015625e-07, 5.960464477539063e-08, 0.9705895185470581, -0.054139938205480576, 0.23457728326320648, 0.04649120196700096, 0.9981949925422668, 0.038011584430933, -0.23620878159999847, -0.025992346927523613, 0.971354067325592),
            ["RightLowerLeg"] = CFrame.new(-6.332993507385254e-08, 2.384185791015625e-07, 0, 1, 1.7136343899437634e-07, 1.955774209250194e-08, -1.0244551873483942e-07, 0.570537805557251, 0.8212727308273315, 8.38190601371025e-08, -0.8212714791297913, 0.5705357789993286),
            ["LeftUpperLeg"] = CFrame.new(0, -6.984919309616089e-08, 6.705522537231445e-08, 0.998714029788971, 0.01104589644819498, 0.04948115721344948, 0.014415379613637924, 0.8738270998001099, -0.48602035641670227, -0.048606500029563904, 0.48611128330230713, 0.8725457191467285),
            ["LeftLowerLeg"] = CFrame.new(-7.450580596923828e-09, 1.1920928955078125e-07, 3.725290298461914e-08, 1, -3.72530140069216e-09, 1.1920884901428508e-07, -1.3224777717368852e-07, 0.08652054518461227, 0.9962506890296936, -1.247971965767647e-07, -0.9962500929832458, 0.08651424199342728),
        }},
        {Time = 0.200, Data = {
            ["RightFoot"] = CFrame.new(8.851601762671635e-08, 1.1920928955078125e-07, -2.299933044014324e-08, 0.9989656805992126, -0.03959903493523598, 0.022350924089550972, 0.04499415308237076, 0.9318312406539917, -0.36008936166763306, -0.006567980162799358, 0.36072495579719543, 0.9326500296592712),
            ["LeftLowerArm"] = CFrame.new(5.960464477539063e-08, -1.1920928955078125e-07, 1.1920928955078125e-07, 1, -1.4901166522918174e-08, 5.960467319710006e-08, 7.264316792543468e-08, 0.7264212369918823, -0.687249481678009, -4.0978196835794733e-08, 0.6872497797012329, 0.7264215350151062),
            ["LeftFoot"] = CFrame.new(-5.21540641784668e-08, 1.7881393432617188e-07, 8.195638656616211e-08, 0.8667653203010559, 0.11484764516353607, 0.4853161871433258, -0.07980083674192429, 0.9925236105918884, -0.09235310554504395, -0.4922904074192047, 0.041316162794828415, 0.869447648525238),
            ["Head"] = CFrame.new(1.955777406692505e-08, 2.384185791015625e-07, 1.3969838619232178e-08, 0.9250421524047852, -0.18251629173755646, 0.33314386010169983, 0.11549834161996841, 0.9706250429153442, 0.2110622078180313, -0.36188000440597534, -0.15676374733448029, 0.9189493656158447),
            ["LowerTorso"] = CFrame.new(0.10645939409732819, -0.20821762084960938, -7.450580596923828e-09, 0.943338930606842, -0.08518308401107788, -0.3207109570503235, -0.032351747155189514, 0.9382757544517517, -0.3443719744682312, 0.33024993538856506, 0.3352351486682892, 0.8823562264442444),
            ["UpperTorso"] = CFrame.new(-1.862645149230957e-08, 1.7881393432617188e-07, 3.725290298461914e-09, 0.9882094860076904, -0.12906543910503387, -0.08236657828092575, 0.1513274759054184, 0.9051517844200134, 0.3972407579421997, 0.023284239694476128, -0.40502139925956726, 0.914010763168335),
            ["HumanoidRootPart"] = CFrame.new(0, 0, 0, 1, 0, 0, 0, 1, 0, 0, 0, 1),
            ["RightUpperLeg"] = CFrame.new(0, 1.2293457984924316e-07, 1.4901161193847656e-08, 0.999721348285675, 0.01917343959212303, 0.01377454400062561, -0.014555128291249275, 0.959943413734436, -0.27981480956077576, -0.018587855622172356, 0.2795371115207672, 0.9599551558494568),
            ["LeftUpperArm"] = CFrame.new(0, 1.1920928955078125e-07, -2.9802322387695312e-08, 0.949332594871521, -0.20444820821285248, -0.23867031931877136, 0.13682593405246735, 0.9525912404060364, -0.2717496156692505, 0.2829248309135437, 0.22532428801059723, 0.9323029518127441),
            ["RightLowerArm"] = CFrame.new(-1.1920928955078125e-07, 2.384185791015625e-07, 0, 1, 2.421439582178664e-08, 8.195640788244418e-08, 3.725290653733282e-08, 0.9279981851577759, -0.3725845217704773, -1.0803343286625022e-07, 0.37258481979370117, 0.9279983043670654),
            ["LeftHand"] = CFrame.new(0, -2.384185791015625e-07, 1.9371509552001953e-07, 0.9302650094032288, -0.3342599868774414, -0.1512526273727417, 0.2481737583875656, 0.8769276738166809, -0.411591500043869, 0.2702162265777588, 0.3453522324562073, 0.8987298011779785),
            ["RightHand"] = CFrame.new(-7.450580596923828e-09, -5.364418029785156e-07, 2.2351741790771484e-08, 0.9153345227241516, 0.12371063232421875, 0.38322123885154724, 0.0024804063141345978, 0.9498925805091858, -0.3125668466091156, -0.4026867747306824, 0.2870539128780365, 0.8691625595092773),
            ["RightUpperArm"] = CFrame.new(0, 2.384185791015625e-07, 1.4901161193847656e-08, 0.9657085537910461, -0.08596337586641312, 0.24498867988586426, 0.0608377680182457, 0.9922491908073425, 0.10834617912769318, -0.25240033864974976, -0.0897318422794342, 0.9634530544281006),
            ["RightLowerLeg"] = CFrame.new(-1.862645149230957e-08, 1.1920928955078125e-07, 5.960464477539063e-08, 1, 1.7136336794010276e-07, 1.9464600597984827e-07, -6.705523958316917e-08, 0.5357386469841003, 0.8443853855133057, 2.197921844526718e-07, -0.8443838953971863, 0.5357363820075989),
            ["LeftUpperLeg"] = CFrame.new(-5.960464477539063e-08, 1.1175870895385742e-08, 5.21540641784668e-08, 0.9982897043228149, -0.02374948002398014, -0.05342024937272072, -0.009828322567045689, 0.8325822353363037, -0.5538114309310913, 0.05762932822108269, 0.5533921718597412, 0.8309267163276672),
            ["LeftLowerLeg"] = CFrame.new(7.450580596923828e-09, 0, 1.4528632164001465e-07, 1, -7.450609018633259e-09, 2.346922798324158e-07, -1.1548399925231934e-07, -0.058294862508773804, 0.9982991218566895, 5.960464477539063e-08, -0.9982994794845581, -0.0583011694252491),
        }},
        {Time = 0.233, Data = {
            ["RightFoot"] = CFrame.new(-1.2789143966074334e-08, 2.384185791015625e-07, -2.983085778396344e-09, 0.9988040328025818, -0.0429164320230484, 0.023424336686730385, 0.04850087687373161, 0.9302077889442444, -0.36381256580352783, -0.006175690330564976, 0.36451560258865356, 0.93117755651474),
            ["LeftLowerArm"] = CFrame.new(-5.960464477539063e-08, -5.960464477539063e-08, 1.1920928955078125e-07, 1, 2.980233304583635e-08, 7.450583439094771e-08, 7.078052277620372e-08, 0.7135379910469055, -0.7006163001060486, -1.1548401346317405e-07, 0.7006165981292725, 0.7135382294654846),
            ["LeftFoot"] = CFrame.new(7.078051567077637e-08, 0, 1.043081283569336e-07, 0.8375116586685181, 0.11910410225391388, 0.5332852602005005, -0.10687807947397232, 0.992810845375061, -0.053885895758867264, -0.5358651280403137, -0.011870170012116432, 0.8442174196243286),
            ["Head"] = CFrame.new(-3.4924596548080444e-10, 0, -1.3969838619232178e-09, 0.9268261194229126, -0.1630427986383438, 0.33824622631073, 0.09295804053544998, 0.9723992943763733, 0.21400612592697144, -0.3638024926185608, -0.16690364480018616, 0.9164011478424072),
            ["LowerTorso"] = CFrame.new(0.1112762987613678, -0.22273242473602295, -7.450580596923828e-09, 0.9389718770980835, -0.10666617751121521, -0.3270385265350342, -0.019885646179318428, 0.9322888255119324, -0.36116766929626465, 0.34341874718666077, 0.3456297218799591, 0.8732718825340271),
            ["UpperTorso"] = CFrame.new(7.450580596923828e-09, 2.9802322387695312e-08, -4.6566128730773926e-08, 0.9911375641822815, -0.10852523148059845, -0.0766075924038887, 0.13054011762142181, 0.9025481939315796, 0.41032421588897705, 0.024611476808786392, -0.41668805480003357, 0.9087163805961609),
            ["HumanoidRootPart"] = CFrame.new(0, 0, 0, 1, 0, 0, 0, 1, 0, 0, 0, 1),
            ["RightUpperLeg"] = CFrame.new(0, -1.1175870895385742e-08, -1.043081283569336e-07, 0.9991129636764526, 0.039659079164266586, 0.014162460342049599, -0.034226495772600174, 0.9606667757034302, -0.27558597922325134, -0.02453482337296009, 0.2748574912548065, 0.9611720442771912),
            ["LeftUpperArm"] = CFrame.new(5.960464477539063e-08, 2.384185791015625e-07, 0, 0.8817972540855408, -0.22427545487880707, -0.41488033533096313, 0.12768222391605377, 0.9603689908981323, -0.2477661371231079, 0.45401641726493835, 0.16550526022911072, 0.8754920363426208),
            ["RightLowerArm"] = CFrame.new(2.980232238769531e-07, 3.5762786865234375e-07, -2.384185791015625e-07, 1, 1.0244550985305523e-08, 7.357449050005016e-08, 2.9802322387695312e-08, 0.934192955493927, -0.3567679822444916, -1.1920928955078125e-07, 0.35676825046539307, 0.9341930150985718),
            ["LeftHand"] = CFrame.new(-5.960464477539063e-08, -3.5762786865234375e-07, 2.2351741790771484e-07, 0.9276599884033203, -0.35004371404647827, -0.13006338477134705, 0.2590410113334656, 0.8540826439857483, -0.4510439932346344, 0.26896995306015015, 0.3847236633300781, 0.8829739689826965),
            ["RightHand"] = CFrame.new(1.9371509552001953e-07, -4.76837158203125e-07, 1.043081283569336e-07, 0.8823327422142029, 0.1479734480381012, 0.44675812125205994, 0.004012431018054485, 0.94688481092453, -0.32154783606529236, -0.4706091582775116, 0.28550484776496887, 0.8348736763000488),
            ["RightUpperArm"] = CFrame.new(-5.960464477539063e-08, 1.1920928955078125e-07, 0, 0.9621118903160095, -0.12246325612068176, 0.24360960721969604, 0.07553736120462418, 0.9782043695449829, 0.1934099644422531, -0.2619823217391968, -0.16768744587898254, 0.9503930807113647),
            ["RightLowerLeg"] = CFrame.new(9.313225746154785e-08, 1.1920928955078125e-07, -8.940696716308594e-08, 1, 1.7508864402770996e-07, -5.7741889492035625e-08, -1.1175869474300271e-07, 0.5207023024559021, 0.8537399172782898, 5.5879347371501353e-08, -0.8537383079528809, 0.5206997394561768),
            ["LeftUpperLeg"] = CFrame.new(-5.960464477539063e-08, 1.564621925354004e-07, 0, 0.9949979186058044, -0.05101459100842476, -0.08588860183954239, -0.008699441328644753, 0.8122590184211731, -0.583229124546051, 0.09951689094305038, 0.5810617804527283, 0.8077542185783386),
            ["LeftLowerLeg"] = CFrame.new(1.4901161193847656e-08, 1.1920928955078125e-07, -1.2665987014770508e-07, 1, 9.685797408565122e-08, 8.568132159325614e-08, -1.3038518886787642e-07, -0.11221639811992645, 0.9936830997467041, -5.960465898624534e-08, -0.9936838746070862, -0.11222240328788757),
        }},
        {Time = 0.267, Data = {
            ["RightFoot"] = CFrame.new(-2.7930369128625898e-08, 2.980232238769531e-07, 1.6910476574594213e-08, 0.9994229078292847, -0.03047117032110691, 0.015010736882686615, 0.03381665423512459, 0.9341624975204468, -0.3552393615245819, -0.0031976073514670134, 0.3555446267127991, 0.9346548318862915),
            ["LeftLowerArm"] = CFrame.new(5.960464477539063e-08, 0, 7.450580596923828e-09, 1, 2.980232949312267e-08, 4.4703497792397684e-08, 5.960464477539063e-08, 0.7407180070877075, -0.6718159914016724, -5.960464477539063e-08, 0.6718161702156067, 0.7407181262969971),
            ["LeftFoot"] = CFrame.new(1.7695128917694092e-08, 1.7881393432617188e-07, 0, 0.9044155478477478, 0.15214836597442627, 0.39860618114471436, -0.14750730991363525, 0.9881476759910583, -0.04249036684632301, -0.4003424644470215, -0.020371681079268456, 0.9161373972892761),
            ["Head"] = CFrame.new(1.862645149230957e-08, 1.1920928955078125e-07, 3.5390257835388184e-08, 0.9246260523796082, -0.16272075474262238, 0.3443673253059387, 0.07483220100402832, 0.9641339182853699, 0.2546490728855133, -0.3734527826309204, -0.20968520641326904, 0.9036399126052856),
            ["LowerTorso"] = CFrame.new(0.09317796677350998, -0.19656121730804443, 0, 0.9538819193840027, -0.06863125413656235, -0.2922314405441284, -0.026574408635497093, 0.9503839015960693, -0.30994224548339844, 0.29900383949279785, 0.3034142255783081, 0.9047301411628723),
            ["UpperTorso"] = CFrame.new(-1.4901161193847656e-08, 1.4901161193847656e-07, -3.725290298461914e-08, 0.9873765110969543, -0.10720130801200867, -0.11660023778676987, 0.1436178982257843, 0.9163855910301208, 0.37364596128463745, 0.0667954608798027, -0.3856751322746277, 0.9202136993408203),
            ["HumanoidRootPart"] = CFrame.new(0, 0, 0, 1, 0, 0, 0, 1, 0, 0, 0, 1),
            ["RightUpperLeg"] = CFrame.new(5.960464477539063e-08, -2.0116567611694336e-07, 1.043081283569336e-07, 0.9999874830245972, 0.0013840601313859224, -0.0048196096904575825, -0.002727742539718747, 0.9566465616226196, -0.2912379205226898, 0.004207688383758068, 0.29124799370765686, 0.9566384553909302),
            ["LeftUpperArm"] = CFrame.new(5.960464477539063e-08, 1.1920928955078125e-07, -5.960464477539063e-08, 0.8020870685577393, -0.20696789026260376, -0.5601888298988342, 0.1121688038110733, 0.9735435247421265, -0.19907474517822266, 0.5865786075592041, 0.09683655947446823, 0.8040881156921387),
            ["RightLowerArm"] = CFrame.new(-8.940696716308594e-08, 1.7881393432617188e-07, -7.450580596923828e-08, 1, -3.2596301213771994e-09, 1.0244551873483942e-07, 2.6077035641947077e-08, 0.8986759185791016, -0.4386129379272461, -1.0803343286625022e-07, 0.43861323595046997, 0.8986760973930359),
            ["LeftHand"] = CFrame.new(-1.4901161193847656e-08, -3.5762786865234375e-07, 5.960464477539063e-08, 0.9458401799201965, -0.2945365905761719, -0.13650843501091003, 0.19133931398391724, 0.8454951643943787, -0.4985249936580658, 0.2622511088848114, 0.44540566205978394, 0.8560598492622375),
            ["RightHand"] = CFrame.new(-1.3783574104309082e-07, -1.1920928955078125e-07, 2.2351741790771484e-08, 0.8521831631660461, 0.1619541049003601, 0.49754881858825684, 0.0037340689450502396, 0.9489865899085999, -0.31529441475868225, -0.5232303142547607, 0.2705465257167816, 0.8081055283546448),
            ["RightUpperArm"] = CFrame.new(-5.960464477539063e-08, -2.384185791015625e-07, 0, 0.94609534740448, -0.17046262323856354, 0.2754058241844177, 0.09166092425584793, 0.9564538598060608, 0.2771085798740387, -0.31064775586128235, -0.23693561553955078, 0.920522928237915),
            ["RightLowerLeg"] = CFrame.new(2.60770320892334e-08, 2.384185791015625e-07, -1.4901161193847656e-08, 1, 1.7136336794010276e-07, -7.450566386069113e-09, -9.87202142255228e-08, 0.5617007613182068, 0.8273416757583618, 1.0430815677864302e-07, -0.8273404836654663, 0.5616990923881531),
