return {
    ["Vibe Shuffle"] = {
        {Time = 0.000, Data = {
            ["LeftFoot"] = CFrame.new(4.0978193283081055e-08, 0, 8.381903171539307e-09, 0.997953474521637, 0.05925404280424118, 0.02403973415493965, -0.02860609069466591, 0.7499175667762756, -0.6609125137329102, -0.05718959867954254, 0.6588723063468933, 0.7500778436660767),
            ["LeftLowerArm"] = CFrame.new(1.1920928955078125e-07, 2.384185791015625e-07, -8.940696716308594e-08, 1, -1.4901161193847656e-07, 5.21540641784668e-08, 1.043081283569336e-07, -0.18225398659706116, -0.9832515716552734, 5.960464477539063e-08, 0.9832515716552734, -0.18225403130054474),
            ["LowerTorso"] = CFrame.new(-0.2630731761455536, -0.43000757694244385, 0.08706691861152649, 0.9840512275695801, -0.13999170064926147, -0.10975203663110733, 0.15294218063354492, 0.9809069633483887, 0.12012674659490585, 0.09083978086709976, -0.13499660789966583, 0.9866732358932495),
            ["Head"] = CFrame.new(-1.2665987014770508e-07, 0.0000010728836059570312, -8.940696716308594e-08, 0.9501193761825562, 0.003038079710677266, 0.3118716776371002, 0.09556318074464798, 0.9490208029747009, -0.30037862062454224, -0.2968853712081909, 0.3151990473270416, 0.9013926386833191),
            ["RightUpperArm"] = CFrame.new(2.384185791015625e-07, 3.5762786865234375e-07, -1.0151416063308716e-07, 0.9949005842208862, -0.07520901411771774, 0.06720492243766785, 0.05929306894540787, 0.9751407504081726, 0.21350623667240143, -0.08159169554710388, -0.20843258500099182, 0.9746274948120117),
            ["UpperTorso"] = CFrame.new(2.2817403078079224e-08, -2.086162567138672e-07, 9.685754776000977e-08, 0.9701662063598633, 0.21427711844444275, -0.11341451853513718, -0.20033873617649078, 0.9720107913017273, 0.1227167546749115, 0.13653552532196045, -0.09633433073759079, 0.9859400391578674),
            ["HumanoidRootPart"] = CFrame.new(0, 0, 0, 1, 0, 0, 0, 1, 0, 0, 0, 1),
            ["RightHand"] = CFrame.new(5.681067705154419e-07, -9.5367431640625e-07, -8.568167686462402e-08, 0.9806361198425293, 0.1958247870206833, -0.0023615958634763956, -0.18489360809326172, 0.921784520149231, -0.34077560901641846, -0.0645553469657898, 0.33461326360702515, 0.9401416778564453),
            ["LeftUpperArm"] = CFrame.new(0, 5.960464477539062e-07, 0, 0.8913755416870117, 0.4530665874481201, 0.013424085453152657, -0.4275406002998352, 0.8305811285972595, 0.3568536639213562, 0.15052857995033264, -0.3238297402858734, 0.9340639114379883),
            ["RightLowerArm"] = CFrame.new(0, 3.5762786865234375e-07, 2.2351741790771484e-07, 1, -6.012851372361183e-08, 1.331791139591587e-07, 8.195638656616211e-08, -0.5205438733100891, -0.853834867477417, 1.2363307178020477e-07, 0.8538349270820618, -0.5205440521240234),
            ["LeftHand"] = CFrame.new(1.7881393432617188e-07, 0, -8.046627044677734e-07, 0.9324812293052673, 0.3365657329559326, -0.13115713000297546, -0.35188525915145874, 0.7643855214118958, -0.5402696132659912, -0.08158205449581146, 0.5499439835548401, 0.8312078714370728),
            ["RightUpperLeg"] = CFrame.new(0, 4.470348358154297e-08, 5.977199180051684e-08, 0.9698891639709473, 0.2411370575428009, -0.03417452797293663, -0.12117703258991241, 0.3560773730278015, -0.9265663623809814, -0.21126066148281097, 0.9028078317642212, 0.3745757043361664),
            ["LeftUpperLeg"] = CFrame.new(-5.960464477539063e-08, -2.0023435354232788e-08, 5.960464477539063e-08, 0.9810672998428345, -0.11619051545858383, 0.15494102239608765, -0.011765341274440289, 0.7628028392791748, 0.6465241312980652, -0.1933094561100006, -0.6361066699028015, 0.7469939589500427),
            ["RightLowerLeg"] = CFrame.new(9.918585419654846e-08, -0.0001226663589477539, -0.00007752718374831602, 1, -1.430744447361576e-07, -6.892516779544167e-08, 1.1641532182693481e-07, 0.4785802364349365, 0.8780435919761658, -1.0780058801174164e-07, -0.8780438899993896, 0.4785808324813843),
            ["RightFoot"] = CFrame.new(-1.6298145055770874e-09, 3.5762786865234375e-07, 3.336026566103101e-08, 0.9950398206710815, 0.09865012764930725, 0.012809895910322666, -0.0994391068816185, 0.989987313747406, 0.10018621385097504, -0.002798336325213313, -0.1009625792503357, 0.9948862195014954),
            ["LeftLowerLeg"] = CFrame.new(2.2351741790771484e-08, 0.00012254714965820312, 0.00007739663124084473, 1, -7.4505797087454084e-09, -1.862645371275562e-09, 7.450580596923828e-09, 0.9999858736991882, 0.005319042131304741, -9.313225746154785e-09, -0.00531920837238431, 0.999985933303833),
        }},
        {Time = 0.033, Data = {
            ["LeftFoot"] = CFrame.new(-5.21540641784668e-08, 1.7881393432617188e-07, 1.0989606380462646e-07, 0.9968892335891724, 0.0767679214477539, 0.0178522989153862, -0.0479978546500206, 0.770969808101654, -0.6350601315498352, -0.06251595914363861, 0.6322280168533325, 0.7722563743591309),
            ["LeftLowerArm"] = CFrame.new(-1.1920928955078125e-07, 7.152557373046875e-07, -1.6391277313232422e-07, 1, -1.788139627478813e-07, 1.825392246246338e-07, 2.2351741790771484e-07, -0.2659566104412079, -0.9639850854873657, 7.450580596923828e-08, 0.9639850854873657, -0.2659562826156616),
            ["LowerTorso"] = CFrame.new(-0.2650100886821747, -0.42684733867645264, 0.12537434697151184, 0.9905526638031006, -0.10460390150547028, -0.08867601305246353, 0.11505181342363358, 0.9858004450798035, 0.12231414765119553, 0.07462231069803238, -0.1313609480857849, 0.9885220527648926),
            ["Head"] = CFrame.new(-2.9802322387695312e-08, 0.0000011920928955078125, -4.470348358154297e-08, 0.9609259366989136, -0.028240671381354332, 0.2753612697124481, 0.10601266473531723, 0.956480860710144, -0.2718561291694641, -0.25570037961006165, 0.2904254198074341, 0.9221011400222778),
            ["RightUpperArm"] = CFrame.new(0, 1.1920928955078125e-07, -1.341104507446289e-07, 0.9449414014816284, -0.27008914947509766, 0.18476392328739166, 0.2509532868862152, 0.960462749004364, 0.12055622786283493, -0.2100195586681366, -0.06755121797323227, 0.9753606915473938),
            ["UpperTorso"] = CFrame.new(1.4901161193847656e-08, -4.172325134277344e-07, 8.940696716308594e-08, 0.9821315407752991, 0.17232570052146912, -0.07564129680395126, -0.15998287498950958, 0.9761634469032288, 0.1466643065214157, 0.09911227971315384, -0.13194236159324646, 0.9862900376319885),
            ["HumanoidRootPart"] = CFrame.new(0, 0, 0, 1, 0, 0, 0, 1, 0, 0, 0, 1),
            ["RightHand"] = CFrame.new(4.0978193283081055e-07, -0.0000012516975402832031, -5.103647708892822e-07, 0.9943506121635437, 0.10448367893695831, 0.018711455166339874, -0.0876421257853508, 0.9076005816459656, -0.41058456897735596, -0.05988195538520813, 0.4066254794597626, 0.9116305112838745),
            ["LeftUpperArm"] = CFrame.new(5.960464477539063e-08, 3.5762786865234375e-07, -4.470348358154297e-08, 0.8340498805046082, 0.5498937964439392, 0.04446732997894287, -0.534091055393219, 0.7846224308013916, 0.3148254156112671, 0.1382305920124054, -0.2863294780254364, 0.9481074213981628),
            ["RightLowerArm"] = CFrame.new(2.384185791015625e-07, 1.1920928955078125e-07, 2.421438694000244e-08, 1, -5.7741978309877595e-08, 1.3131645459907304e-07, 7.636844401304188e-08, -0.422410249710083, -0.9064048528671265, 1.1548398504146462e-07, 0.9064047932624817, -0.4224100410938263),
            ["LeftHand"] = CFrame.new(1.4901161193847656e-07, 2.384185791015625e-07, -5.960464477539063e-08, 0.948269784450531, 0.25540095567703247, -0.18855956196784973, -0.31305554509162903, 0.8509427905082703, -0.42177271842956543, 0.05273215100169182, 0.4589844346046448, 0.8868783116340637),
            ["RightUpperLeg"] = CFrame.new(-2.9802322387695312e-08, -2.514570951461792e-07, -2.7772330213338137e-08, 0.9816552996635437, 0.1864093542098999, -0.04005604237318039, -0.10385473072528839, 0.3465881049633026, -0.932250440120697, -0.1598973274230957, 0.9193085432052612, 0.359589546918869),
            ["LeftUpperLeg"] = CFrame.new(-1.7881393432617188e-07, -2.0675361156463623e-07, -1.4901161193847656e-08, 0.9786240458488464, -0.1356937289237976, 0.15453851222991943, 0.007517754100263119, 0.7745378613471985, 0.6324827671051025, -0.2055198699235916, -0.6178011894226074, 0.759001612663269),
            ["RightLowerLeg"] = CFrame.new(8.102506399154663e-08, -0.00012248754501342773, -0.00007746059418423101, 1, -1.3520187280846585e-07, -8.118515637534074e-08, 1.341104365337742e-07, 0.4784368872642517, 0.8781217932701111, -6.891786341611805e-08, -0.8781219720840454, 0.47843724489212036),
            ["RightFoot"] = CFrame.new(-3.026798367500305e-09, 3.5762786865234375e-07, -3.916647983714938e-08, 0.9947458505630493, 0.09151265025138855, 0.04589371383190155, -0.09649824351072311, 0.9878517985343933, 0.12180743366479874, -0.03418920934200287, -0.12559586763381958, 0.9914922714233398),
            ["LeftLowerLeg"] = CFrame.new(2.3096799850463867e-07, 0.00012254714965820312, 0.00007761828601360321, 1, -7.450577044210149e-09, -5.587936335871291e-09, 7.4505797087454084e-09, 0.9999862909317017, 0.00523374555632472, -2.607702853651972e-08, -0.005233819130808115, 0.9999863505363464),
        }},
        {Time = 0.067, Data = {
            ["LeftFoot"] = CFrame.new(-2.421438694000244e-08, 5.960464477539063e-08, -1.8998980522155762e-07, 0.9949486255645752, 0.10036596655845642, -0.0019798174034804106, -0.08229339122772217, 0.804178774356842, -0.5886629819869995, -0.05748958885669708, 0.5858525633811951, 0.8083762526512146),
            ["LeftLowerArm"] = CFrame.new(4.470348358154297e-07, -5.960464477539063e-08, -2.9802322387695312e-08, 1, -7.450579175838357e-08, 1.2898814816253434e-07, 1.3411046495548362e-07, -0.37697991728782654, -0.926221489906311, 1.7508865823856468e-07, 0.926221489906311, -0.37697988748550415),
            ["LowerTorso"] = CFrame.new(-0.2766883671283722, -0.32956230640411377, 0.18632033467292786, 0.9946328997612, -0.07236292958259583, -0.07395295798778534, 0.08266986161470413, 0.9856079816818237, 0.14745450019836426, 0.062218379229307175, -0.1527767926454544, 0.9863002300262451),
            ["Head"] = CFrame.new(-5.21540641784668e-08, 4.76837158203125e-07, -8.195638656616211e-08, 0.9709880352020264, -0.07371450960636139, 0.22748279571533203, 0.13010098040103912, 0.9610326290130615, -0.24390602111816406, -0.2006390243768692, 0.2664256691932678, 0.9427415132522583),
            ["RightUpperArm"] = CFrame.new(-1.1920928955078125e-07, -1.1920928955078125e-07, 2.384185791015625e-07, 0.8533790707588196, -0.4129065275192261, 0.31820163130760193, 0.4392280578613281, 0.898291289806366, -0.012311462312936783, -0.2807542681694031, 0.15026970207691193, 0.9479431509971619),
            ["UpperTorso"] = CFrame.new(5.587935447692871e-09, 0, 8.009374141693115e-08, 0.9886386394500732, 0.14106738567352295, -0.05190112441778183, -0.13034464418888092, 0.9765443205833435, 0.17138110101222992, 0.07486002147197723, -0.16266898810863495, 0.9838368892669678),
            ["HumanoidRootPart"] = CFrame.new(0, 0, 0, 1, 0, 0, 0, 1, 0, 0, 0, 1),
            ["RightHand"] = CFrame.new(4.6193599700927734e-07, -0.0000010132789611816406, 3.427267074584961e-07, 0.9734088182449341, 0.18884418904781342, 0.12966616451740265, -0.13679993152618408, 0.9332383275032043, -0.33219224214553833, -0.1837422102689743, 0.3056209683418274, 0.9342564940452576),
            ["LeftUpperArm"] = CFrame.new(0, -2.384185791015625e-07, 1.9371509552001953e-07, 0.7650454044342041, 0.6420289278030396, 0.05004090443253517, -0.6329132914543152, 0.7352876663208008, 0.24243222177028656, 0.1188538447022438, -0.21714292466640472, 0.9688770174980164),
            ["RightLowerArm"] = CFrame.new(1.1920928955078125e-07, 2.384185791015625e-07, 2.9802322387695312e-08, 1, -1.0617074508445512e-07, 1.4528632164001465e-07, 1.1175868053214799e-07, -0.35716187953948975, -0.9340426325798035, 5.960463056453591e-08, 0.9340425133705139, -0.35716167092323303),
            ["LeftHand"] = CFrame.new(-2.086162567138672e-07, 3.5762786865234375e-07, -5.885958671569824e-07, 0.9761692881584167, 0.14430053532123566, -0.16208353638648987, -0.18915466964244843, 0.9318692684173584, -0.30958080291748047, 0.10636763274669647, 0.3328620195388794, 0.9369571805000305),
            ["RightUpperLeg"] = CFrame.new(0, -1.862645149230957e-08, 7.617927622050047e-09, 0.9910145401954651, 0.10627003759145737, -0.0812220498919487, -0.12067347019910812, 0.4484514594078064, -0.8856238722801208, -0.05769118294119835, 0.8874671459197998, 0.4572453796863556),
            ["LeftUpperLeg"] = CFrame.new(0, 2.942979335784912e-07, 5.587935447692871e-08, 0.9710347056388855, -0.11123812198638916, 0.21146559715270996, 0.024282824248075485, 0.9263811707496643, 0.3758033812046051, -0.23770152032375336, -0.3597832918167114, 0.9022495150566101),
            ["RightLowerLeg"] = CFrame.new(1.0989606380462646e-07, -0.00012254714965820312, -0.00007757747516734526, 1, -1.1129307608825911e-07, -5.1222748709278676e-08, 1.0803341865539551e-07, 0.6643632054328918, 0.7474091649055481, -4.470348358154297e-08, -0.7474099397659302, 0.6643640398979187),
            ["RightFoot"] = CFrame.new(-1.3969838619232178e-08, 3.5762786865234375e-07, 1.0542862582951784e-08, 0.9882277846336365, 0.05838915705680847, 0.14140959084033966, -0.08931051939725876, 0.970637321472168, 0.22335441410541534, -0.12421607226133347, -0.23335374891757965, 0.9644253849983215),
            ["LeftLowerLeg"] = CFrame.new(-6.705522537231445e-08, 0.00012284517288208008, 0.0000774189829826355, 1, 7.450578820566989e-09, 3.725290298461914e-09, -1.4901161193847656e-08, 0.9142938256263733, 0.40505167841911316, -1.862645149230957e-08, -0.405051589012146, 0.9142938256263733),
        }},
        {Time = 0.100, Data = {
            ["LeftFoot"] = CFrame.new(6.705522537231445e-08, 5.960464477539063e-08, 1.3690441846847534e-07, 0.9871224164962769, 0.13434644043445587, 0.08683548122644424, -0.07397305220365524, 0.8646718263626099, -0.49686044454574585, -0.14183558523654938, 0.4840390980243683, 0.8634751439094543),
            ["LeftLowerArm"] = CFrame.new(3.8743019104003906e-07, 1.1920928955078125e-07, -2.8312206268310547e-07, 1, -1.0430809993522416e-07, 4.4703462265260896e-08, 5.21540641784668e-08, -0.39350560307502747, -0.91932213306427, 1.30385160446167e-07, 0.9193222522735596, -0.3935059905052185),
            ["LowerTorso"] = CFrame.new(-0.27942025661468506, -0.19326162338256836, 0.2619338929653168, 0.9981694221496582, -0.034918542951345444, -0.04938175156712532, 0.04374696686863899, 0.9806452393531799, 0.19084347784519196, 0.04176200181245804, -0.19265443086624146, 0.9803776144981384),
            ["Head"] = CFrame.new(-1.0058283805847168e-07, 5.960464477539062e-07, 1.2293457984924316e-07, 0.9818180799484253, -0.10712543874979019, 0.1567085087299347, 0.1385795921087265, 0.9686791300773621, -0.20604965090751648, -0.12972714006900787, 0.22401992976665497, 0.9659121036529541),
            ["RightUpperArm"] = CFrame.new(0, -1.1920928955078125e-07, 8.195638656616211e-08, 0.7682379484176636, -0.5025124549865723, 0.3966000974178314, 0.5824428796768188, 0.8057605624198914, -0.10728683322668076, -0.26565176248550415, 0.3134186267852783, 0.9117006063461304),
            ["UpperTorso"] = CFrame.new(-7.078051567077637e-08, -5.960464477539062e-07, 6.612390279769897e-08, 0.9942837953567505, 0.1015632376074791, -0.032933734357357025, -0.09364914149045944, 0.9777218699455261, 0.18785588443279266, 0.051279280334711075, -0.18369778990745544, 0.981644332408905),
            ["HumanoidRootPart"] = CFrame.new(0, 0, 0, 1, 0, 0, 0, 1, 0, 0, 0, 1),
            ["RightHand"] = CFrame.new(2.980232238769531e-07, -0.0000010728836059570312, 3.8743019104003906e-07, 0.9111241698265076, 0.33071011304855347, 0.24593421816825867, -0.29556652903556824, 0.9402012825012207, -0.1692991852760315, -0.287216454744339, 0.08156269043684006, 0.9543867707252502),
            ["LeftUpperArm"] = CFrame.new(0, -1.1920928955078125e-07, 1.1175870895385742e-07, 0.5903593897819519, 0.8069249987602234, -0.018647927790880203, -0.7962716221809387, 0.586033046245575, 0.15005645155906677, 0.13201256096363068, -0.07373830676078796, 0.9885016679763794),
            ["RightLowerArm"] = CFrame.new(2.384185791015625e-07, -2.980232238769531e-07, 5.960464477539063e-08, 1, -8.940694584680386e-08, 1.1920926112907182e-07, 1.3597308168300515e-07, -0.3801450729370117, -0.9249267578125, 1.8626448650138627e-07, 0.9249268770217896, -0.38014546036720276),
            ["LeftHand"] = CFrame.new(2.980232238769531e-07, 5.960464477539063e-08, -3.8743019104003906e-07, 0.9906381964683533, 0.07724402844905853, -0.1125594973564148, -0.1023755744099617, 0.9657968878746033, -0.23823463916778564, 0.0903070941567421, 0.24752719700336456, 0.964663028717041),
            ["RightUpperLeg"] = CFrame.new(0, 4.7497451305389404e-08, 4.393950803205371e-08, 0.9968990087509155, 0.06700096279382706, -0.04127102717757225, -0.07372581213712692, 0.6118623614311218, -0.7875205278396606, -0.027512453496456146, 0.7881214022636414, 0.6149048805236816),
            ["LeftUpperLeg"] = CFrame.new(0, 2.2724270820617676e-07, 2.2351741790771484e-08, 0.9762080311775208, -0.0983092188835144, 0.19326959550380707, 0.10771335661411285, 0.9934268593788147, -0.03874162212014198, -0.18819063901901245, 0.05863768607378006, 0.9803805351257324),
            ["RightLowerLeg"] = CFrame.new(1.587904989719391e-07, -0.00012236833572387695, -0.00007748620555503294, 1, -6.146731124090365e-08, -1.303851249190302e-08, 7.078051567077637e-08, 0.9065461158752441, 0.4221058785915375, -1.1175870895385742e-08, -0.42210671305656433, 0.9065465331077576),
            ["RightFoot"] = CFrame.new(1.0244548320770264e-08, 1.1920928955078125e-07, -9.935320122167468e-08, 0.9789822697639465, 0.06649366766214371, 0.19280120730400085, -0.13436174392700195, 0.9214819073677063, 0.36444291472435, -0.15342962741851807, -0.38268744945526123, 0.9110483527183533),
            ["LeftLowerLeg"] = CFrame.new(-7.82310962677002e-08, 0.00012248754501342773, 0.00007744133472442627, 1, 9.685751223287298e-08, 4.284084198502569e-08, -8.754432911928234e-08, 0.5620496273040771, 0.8271037340164185, -1.862645371275562e-09, -0.8271034955978394, 0.5620493292808533),
        }},
        {Time = 0.133, Data = {
            ["LeftFoot"] = CFrame.new(2.9802322387695312e-08, 0, -5.587935447692871e-08, 0.9802988171577454, 0.10910571366548538, 0.16465157270431519, -0.029499560594558716, 0.9051169753074646, -0.4241379201412201, -0.19530481100082397, 0.41092491149902344, 0.8905037641525269),
            ["LeftLowerArm"] = CFrame.new(-2.682209014892578e-07, 0, -1.4901161193847656e-07, 1, -7.450579886381092e-08, 1.043080928297968e-07, 8.568167686462402e-08, -0.38180556893348694, -0.9242426156997681, 1.4528632164001465e-07, 0.9242426753044128, -0.38180553913116455),
            ["LowerTorso"] = CFrame.new(-0.2692376673221588, -0.08139300346374512, 0.3303300440311432, 0.9998844265937805, -0.0014364435337483883, -0.015136286616325378, 0.004772084299474955, 0.9748703837394714, 0.22272218763828278, 0.01443598885089159, -0.22276870906352997, 0.9747644662857056),
            ["Head"] = CFrame.new(-2.60770320892334e-08, 0.0000010728836059570312, -3.4924596548080444e-08, 0.9892834424972534, -0.13648533821105957, 0.05186614394187927, 0.14322145283222198, 0.9761826395988464, -0.16295722126960754, -0.0283895842730999, 0.1686391830444336, 0.9852690100669861),
            ["RightUpperArm"] = CFrame.new(1.1920928955078125e-07, -2.384185791015625e-07, -5.029141902923584e-08, 0.6233544945716858, -0.6400344967842102, 0.44920435547828674, 0.7577329874038696, 0.636267900466919, -0.14492909610271454, -0.19305428862571716, 0.430719256401062, 0.8815958499908447),
            ["UpperTorso"] = CFrame.new(-8.381903171539307e-09, -1.7881393432617188e-07, 4.0512531995773315e-08, 0.9981803297996521, 0.05875058099627495, -0.013580464757978916, -0.054671697318553925, 0.9767722487449646, 0.20718863606452942, 0.025437472388148308, -0.206069216132164, 0.9782068133354187),
            ["HumanoidRootPart"] = CFrame.new(0, 0, 0, 1, 0, 0, 0, 1, 0, 0, 0, 1),
            ["RightHand"] = CFrame.new(1.1920928955078125e-07, -7.748603820800781e-07, -3.8743019104003906e-07, 0.854808509349823, 0.38008061051368713, 0.3533283472061157, -0.37858670949935913, 0.9224127531051636, -0.07633834332227707, -0.35492879152297974, -0.06851069629192352, 0.9323795437812805),
            ["LeftUpperArm"] = CFrame.new(5.960464477539063e-08, 0, -6.705522537231445e-08, 0.31336793303489685, 0.944215714931488, -0.10127753019332886, -0.9444937705993652, 0.32097434997558594, 0.07005224376916885, 0.09865135699510574, 0.07370409369468689, 0.9923888444900513),
            ["RightLowerArm"] = CFrame.new(1.1920928955078125e-07, -5.364418029785156e-07, -5.960464477539063e-08, 1, 2.9802322387695312e-08, 1.3411042232291948e-07, 4.842878098543224e-08, -0.4274483919143677, -0.9040398001670837, 1.6391278734317893e-07, 0.9040398597717285, -0.4274483025074005),
            ["LeftHand"] = CFrame.new(5.662441253662109e-07, 2.980232238769531e-07, -3.5762786865234375e-07, 0.9998645782470703, 0.012828667648136616, 0.01031637191772461, -0.010868358425796032, 0.9851089119911194, -0.17158745229244232, -0.012364435009658337, 0.17145243287086487, 0.9851148128509521),
            ["RightUpperLeg"] = CFrame.new(0, 5.037873052060604e-08, 8.083588909357786e-09, 0.9951361417770386, 0.05789518356323242, 0.07970142364501953, 0.013224821537733078, 0.723231852054596, -0.6904788017272949, -0.09761808067560196, 0.6881742477416992, 0.7189483642578125),
            ["LeftUpperLeg"] = CFrame.new(-1.7881393432617188e-07, 1.935986801981926e-07, -7.35744833946228e-08, 0.9755632877349854, -0.09989169239997864, 0.19569897651672363, 0.17428943514823914, 0.8941647410392761, -0.412422776222229, -0.13378947973251343, 0.4364527463912964, 0.8897243738174438),
            ["RightLowerLeg"] = CFrame.new(1.5459954738616943e-07, -0.0001227259635925293, -0.0000776519809733145, 1, -3.0268004991285125e-08, -1.571606489392252e-08, 3.050081076594324e-08, 0.9731107354164124, 0.23033766448497772, 2.3283062144940914e-09, -0.23033830523490906, 0.9731107354164124),
            ["RightFoot"] = CFrame.new(1.1292286217212677e-08, 3.5762786865234375e-07, 3.336026566103101e-08, 0.9766524434089661, 0.13063272833824158, 0.17054405808448792, -0.18319955468177795, 0.9210713505744934, 0.3436076045036316, -0.11219683289527893, -0.3668280839920044, 0.9234980344772339),
            ["LeftLowerLeg"] = CFrame.new(1.862645149230957e-09, 0.00012254714965820312, 0.00007745623588562012, 1, 1.0058283805847168e-07, 5.960464477539063e-08, -8.195639367158947e-08, 0.1126401498913765, 0.9936359524726868, 7.63684582238966e-08, -0.9936358332633972, 0.11263996362686157),
        }},
        {Time = 0.167, Data = {
            ["LeftFoot"] = CFrame.new(-1.043081283569336e-07, 0, 1.4901161193847656e-08, 0.9883958697319031, 0.0673012062907219, 0.1361774355173111, -0.009288993664085865, 0.9215932488441467, -0.3880457580089569, -0.1516161859035492, 0.3822779655456543, 0.9115240573883057),
            ["LeftLowerArm"] = CFrame.new(3.5762786865234375e-07, 0, -8.940696716308594e-08, 1, -9.685750512744562e-08, 1.2665981330428622e-07, 8.894131298120556e-08, -0.35755419731140137, -0.933892548084259, 2.1606686573250045e-07, 0.9338924288749695, -0.35755395889282227),
            ["LowerTorso"] = CFrame.new(-0.25513482093811035, -0.035465240478515625, 0.38326892256736755, 0.9997411370277405, 0.010397042147815228, 0.02023802325129509, -0.014472260139882565, 0.9769392609596252, 0.2130265235900879, -0.01755647361278534, -0.21326427161693573, 0.9768368005752563),
            ["Head"] = CFrame.new(-9.73232090473175e-08, 7.152557373046875e-07, -8.521601557731628e-08, 0.9828505516052246, -0.17315897345542908, -0.06341025233268738, 0.15952356159687042, 0.9708887338638306, -0.17868243157863617, 0.09250479191541672, 0.16550277173519135, 0.981861412525177),
            ["RightUpperArm"] = CFrame.new(-1.1920928955078125e-07, -4.76837158203125e-07, 1.4901161193847656e-08, 0.29041770100593567, -0.8113133311271667, 0.5073733925819397, 0.956086277961731, 0.2678844928741455, -0.11889901757240295, -0.039453063160181046, 0.5196235775947571, 0.8534842729568481),
            ["UpperTorso"] = CFrame.new(-3.771856427192688e-08, -3.8743019104003906e-07, 6.798654794692993e-08, 0.9992034435272217, 0.0398615300655365, 0.0018871650099754333, -0.039072223007678986, 0.9676104187965393, 0.24940615892410278, 0.008115680888295174, -0.24928122758865356, 0.9683972001075745),
            ["HumanoidRootPart"] = CFrame.new(0, 0, 0, 1, 0, 0, 0, 1, 0, 0, 0, 1),
            ["RightHand"] = CFrame.new(-1.1920928955078125e-07, -0.0000010728836059570312, -5.960464477539063e-08, 0.9156517386436462, 0.300851434469223, 0.26658979058265686, -0.288897305727005, 0.9536710381507874, -0.08396507054567337, -0.2795000672340393, -0.00013384222984313965, 0.9601456522941589),
            ["LeftUpperArm"] = CFrame.new(5.960464477539063e-08, 0, 2.2351741790771484e-08, -0.029142122715711594, 0.988033652305603, -0.15146034955978394, -0.9994112253189087, -0.026055654510855675, 0.02232399769127369, 0.018110252916812897, 0.1520218700170517, 0.9882112145423889),
            ["RightLowerArm"] = CFrame.new(-5.066394805908203e-07, 0, 1.7881393432617188e-07, 1, -1.1548399925231934e-07, 1.9371512394172896e-07, 4.4703490686970326e-08, -0.4074074625968933, -0.9132464528083801, 2.2351744632942427e-07, 0.9132465720176697, -0.4074075222015381),
            ["LeftHand"] = CFrame.new(-1.1920928955078125e-07, -2.384185791015625e-07, -8.344650268554688e-07, 0.9717738032341003, -0.08169712871313095, 0.22131715714931488, 0.11514195799827576, 0.9830472469329834, -0.14269065856933594, -0.20590759813785553, 0.16414561867713928, 0.9647062420845032),
            ["RightUpperLeg"] = CFrame.new(-5.960464477539063e-08, 6.51925802230835e-09, 3.183231456205249e-08, 0.9952566027641296, 0.08265073597431183, 0.05131572112441063, -0.02337600663304329, 0.7151913046836853, -0.6985381841659546, -0.09443527460098267, 0.6940247416496277, 0.7137303948402405),
            ["LeftUpperLeg"] = CFrame.new(0, 2.4121254682540894e-07, 6.891787052154541e-08, 0.9742776155471802, -0.1170426458120346, 0.19257280230522156, 0.21947306394577026, 0.6867274641990662, -0.6929914951324463, -0.05113544315099716, 0.7174304723739624, 0.6947507262229919),
            ["RightLowerLeg"] = CFrame.new(1.0244548320770264e-07, -0.0001227855682373047, -0.00007756350532872602, 1, -7.388008782527322e-08, -1.7491403880853795e-08, 8.195636524988004e-08, 0.8488360643386841, 0.5286556482315063, -1.862644793959589e-08, -0.5286561250686646, 0.8488364815711975),
            ["RightFoot"] = CFrame.new(-1.257285475730896e-08, 3.5762786865234375e-07, -1.0986695997416973e-09, 0.9747280478477478, 0.0938265323638916, 0.20273548364639282, -0.11955249309539795, 0.9857186079025269, 0.11860072612762451, -0.1887124627828598, -0.13984066247940063, 0.9720247983932495),
            ["LeftLowerLeg"] = CFrame.new(1.816079020500183e-08, 0.0001227855682373047, 0.00007735565304756165, 1, 7.450579886381092e-08, 8.940696716308594e-08, -8.195638656616211e-08, -0.3404088616371155, 0.9402775764465332, 1.043081283569336e-07, -0.9402775764465332, -0.3404088616371155),
        }},
        {Time = 0.200, Data = {
            ["LeftFoot"] = CFrame.new(1.5832483768463135e-08, 0, -2.9802322387695312e-08, 0.9923197031021118, 0.039633914828300476, 0.1171792596578598, 0.004488176200538874, 0.9351223111152649, -0.35429659485816956, -0.1236189603805542, 0.35210150480270386, 0.9277623295783997),
            ["LeftLowerArm"] = CFrame.new(-3.5762786865234375e-07, 1.1920928955078125e-07, -2.5331974029541016e-07, 1, -8.940696716308594e-08, 1.1175872316471214e-07, 1.2665985593685036e-07, -0.3162492513656616, -0.9486762285232544, 2.1234151859061967e-07, 0.9486761093139648, -0.31624916195869446),
            ["LowerTorso"] = CFrame.new(-0.2502305209636688, -0.05990314483642578, 0.4182668626308441, 0.9986169934272766, 0.00971160177141428, 0.051670465618371964, -0.019184745848178864, 0.9823351502418518, 0.18614444136619568, -0.04894994571805, -0.1868782788515091, 0.9811628460884094),
            ["Head"] = CFrame.new(-1.1082738637924194e-07, 7.152557373046875e-07, -2.5890767574310303e-07, 0.969482958316803, -0.19251954555511475, -0.1517864465713501, 0.1605249047279358, 0.9664512276649475, -0.20050932466983795, 0.18529614806175232, 0.17002485692501068, 0.967862069606781),
            ["RightUpperArm"] = CFrame.new(0, -2.384185791015625e-07, -2.2351741790771484e-08, -0.16912828385829926, -0.848601222038269, 0.5012698769569397, 0.9779121279716492, -0.20786158740520477, -0.02194223739206791, 0.12281490117311478, 0.4864870607852936, 0.8650128245353699),
            ["UpperTorso"] = CFrame.new(-5.587935447692871e-09, -5.960464477539062e-07, -2.8870999813079834e-08, 0.9992575645446777, 0.03829653933644295, 0.0042344024404883385, -0.0379081554710865, 0.9575134515762329, 0.2858864367008209, 0.006893976125866175, -0.2858346998691559, 0.9582542181015015),
            ["HumanoidRootPart"] = CFrame.new(0, 0, 0, 1, 0, 0, 0, 1, 0, 0, 0, 1),
            ["RightHand"] = CFrame.new(-1.341104507446289e-07, -0.0000013113021850585938, 1.1920928955078125e-07, 0.9892461895942688, 0.14121225476264954, -0.038094427436590195, -0.146112322807312, 0.9658669233322144, -0.2138979434967041, 0.006589266937226057, 0.2171640694141388, 0.976112961769104),
            ["LeftUpperArm"] = CFrame.new(-1.1920928955078125e-07, -1.1920928955078125e-07, -1.862645149230957e-07, -0.3730841279029846, 0.9132618308067322, -0.16358713805675507, -0.9275525808334351, -0.37119343876838684, 0.04314972087740898, -0.021315354853868484, 0.1678342968225479, 0.9855848550796509),
            ["RightLowerArm"] = CFrame.new(-2.682209014892578e-07, 0, 0, 1, -9.685754776000977e-08, 9.685754776000977e-08, 5.960464477539063e-08, -0.3289662301540375, -0.9443415403366089, 8.195638656616211e-08, 0.944341778755188, -0.32896673679351807),
            ["LeftHand"] = CFrame.new(1.7881393432617188e-07, 5.960464477539063e-08, -2.682209014892578e-07, 0.9185224175453186, -0.14827552437782288, 0.36651167273521423, 0.20961716771125793, 0.968633234500885, -0.13345520198345184, -0.33522719144821167, 0.19940915703773499, 0.9207925796508789),
            ["RightUpperLeg"] = CFrame.new(5.960464477539063e-08, 5.727633833885193e-08, -2.4047039914876223e-08, 0.9939115643501282, 0.056984663009643555, -0.094301238656044, -0.10458920896053314, 0.7571550607681274, -0.6448081731796265, 0.03465648368000984, 0.6507450342178345, 0.7585049867630005),
            ["LeftUpperLeg"] = CFrame.new(-5.960464477539063e-08, -5.8673322200775146e-08, 1.1175870895385742e-08, 0.9557707905769348, -0.1948365867137909, 0.22032007575035095, 0.2810378670692444, 0.3841400742530823, -0.8794621825218201, 0.0867176428437233, 0.9024827480316162, 0.42190679907798767),
            ["RightLowerLeg"] = CFrame.new(1.1666270438581705e-07, -0.00012260675430297852, -0.0000775076259742491, 1, -1.341104507446289e-07, -6.332993507385254e-08, 1.1106021702289581e-07, 0.6986807584762573, 0.7154331803321838, -4.190951585769653e-08, -0.715433657169342, 0.6986811757087708),
            ["RightFoot"] = CFrame.new(-5.122274160385132e-09, 3.5762786865234375e-07, 1.6952981241047382e-09, 0.9433239698410034, -0.09087005257606506, 0.3191908001899719, 0.1162104532122612, 0.9913359880447388, -0.061221588402986526, -0.3108620345592499, 0.09484569728374481, 0.9457109570503235),
            ["LeftLowerLeg"] = CFrame.new(1.7182901501655579e-07, 0.00012236833572387695, 0.00007729232311248779, 1, 6.239861960466442e-08, 1.471489525783909e-07, -8.754432201385498e-08, -0.6853017807006836, 0.728259265422821, 1.4994293451309204e-07, -0.7282592058181763, -0.6853018403053284),
        }},
        {Time = 0.233, Data = {
            ["LeftFoot"] = CFrame.new(-1.4901161193847656e-08, -1.1920928955078125e-07, -1.341104507446289e-07, 0.9812887907028198, 0.05353113263845444, 0.1849507987499237, -0.015111347660422325, 0.9790233969688416, -0.20318682491779327, -0.19194786250591278, 0.19659000635147095, 0.9615135788917542),
            ["LeftLowerArm"] = CFrame.new(4.470348358154297e-07, 0, -3.725290298461914e-08, 1, -8.940696716308594e-08, 2.086162567138672e-07, 4.470348358154297e-08, -0.25316062569618225, -0.9674243927001953, 1.1548399925231934e-07, 0.9674242734909058, -0.2531603276729584),
            ["LowerTorso"] = CFrame.new(-0.25664445757865906, -0.10291862487792969, 0.4313725531101227, 0.996780276298523, 0.02925688959658146, 0.07465376704931259, -0.041767340153455734, 0.9842175841331482, 0.1719634085893631, -0.06844443082809448, -0.1745278388261795, 0.9822705388069153),
            ["Head"] = CFrame.new(-1.4901161193847656e-08, 5.960464477539062e-07, -1.9278377294540405e-07, 0.9605457782745361, -0.1812291443347931, -0.21096904575824738, 0.13448867201805115, 0.966629683971405, -0.21803651750087738, 0.243443563580513, 0.18106108903884888, 0.9528653025627136),
            ["RightUpperArm"] = CFrame.new(0, 5.960464477539062e-07, 7.450580596923828e-09, -0.4684503674507141, -0.7906008958816528, 0.3943399488925934, 0.8759495615959167, -0.4738110601902008, 0.0906418114900589, 0.11518144607543945, 0.38788339495658875, 0.9144835472106934),
            ["UpperTorso"] = CFrame.new(6.891787052154541e-08, -5.364418029785156e-07, 4.284083843231201e-08, 0.9997702240943909, 0.0206208024173975, -0.005868197418749332, -0.017992205917835236, 0.9558212757110596, 0.29339733719825745, 0.011659026145935059, -0.29322436451911926, 0.9559726715087891),
            ["HumanoidRootPart"] = CFrame.new(0, 0, 0, 1, 0, 0, 0, 1, 0, 0, 0, 1),
            ["RightHand"] = CFrame.new(2.086162567138672e-07, -0.0000013113021850585938, -5.960464477539063e-08, 0.9502463340759277, 0.0076409634202718735, -0.3114054501056671, -0.11830255389213562, 0.9336501359939575, -0.338085412979126, 0.28816041350364685, 0.3581048250198364, 0.8881018757820129),
            ["LeftUpperArm"] = CFrame.new(1.7881393432617188e-07, 4.76837158203125e-07, -8.195638656616211e-08, -0.6286268830299377, 0.7615045309066772, -0.15791964530944824, -0.7775192260742188, -0.610919713973999, 0.1491360068321228, 0.017091460525989532, 0.2165364921092987, 0.9761249423027039),
            ["RightLowerArm"] = CFrame.new(-5.960464477539063e-08, -5.960464477539063e-08, 0, 1, -1.4901159772762185e-07, 7.823106784599076e-08, 1.1920926112907182e-07, -0.2965087294578552, -0.9550302028656006, 1.4901158351676713e-07, 0.9550302028656006, -0.2965084910392761),
            ["LeftHand"] = CFrame.new(5.364418029785156e-07, -4.172325134277344e-07, -5.960464477539062e-07, 0.90915846824646, -0.1355658322572708, 0.3937675356864929, 0.20121082663536072, 0.9708389639854431, -0.1303299218416214, -0.36461660265922546, 0.19772109389305115, 0.909923791885376),
            ["RightUpperLeg"] = CFrame.new(1.1920928955078125e-07, -1.4901161193847656e-08, 3.892637323588133e-09, 0.9892042279243469, 0.013793080113828182, -0.14589309692382812, -0.10255660861730576, 0.77629154920578, -0.6219755411148071, 0.10467666387557983, 0.6302231550216675, 0.7693254351615906),
            ["LeftUpperLeg"] = CFrame.new(-1.1920928955078125e-07, 8.195638656616211e-08, -2.2351741790771484e-08, 0.905987024307251, -0.2303023487329483, 0.35517367720603943, 0.3655717968940735, 0.0026709106750786304, -0.9307792782783508, 0.21341200172901154, 0.9731155037879944, 0.08661175519227982),
            ["RightLowerLeg"] = CFrame.new(1.2890814105048776e-07, -0.00012236833572387695, -0.00007752488454570994, 1, -1.1362138252479781e-07, -7.660128886755047e-08, 1.154839708306099e-07, 0.6329225301742554, 0.7742148637771606, -4.8428763221863846e-08, -0.7742151618003845, 0.6329230070114136),
            ["RightFoot"] = CFrame.new(-1.862645149230957e-08, 5.364418029785156e-07, 6.665504770353436e-08, 0.9309923052787781, -0.14009520411491394, 0.3370857238769531, 0.21497851610183716, 0.9567230939865112, -0.1961248219013214, -0.2950213849544525, 0.2550574541091919, 0.9208193421363831),
            ["LeftLowerLeg"] = CFrame.new(7.078051567077637e-08, 0.00012254714965820312, 0.0000774189829826355, 1, 4.842875611643649e-08, 1.5832485189548606e-07, -8.195636524988004e-08, -0.8440127968788147, 0.536323070526123, 1.7695124654437677e-07, -0.5363231301307678, -0.8440128564834595),
        }},
        {Time = 0.267, Data = {
            ["LeftFoot"] = CFrame.new(2.421438694000244e-08, 2.384185791015625e-07, 2.9802322387695312e-08, 0.9667307138442993, 0.03454642742872238, 0.25345295667648315, -0.035367947071790695, 0.9993735551834106, -0.0013155513443052769, -0.2533394396305084, -0.007692291401326656, 0.9673469066619873),
            ["LeftLowerArm"] = CFrame.new(-5.364418029785156e-07, -3.5762786865234375e-07, -1.4901161193847656e-08, 1, -1.7881387748275301e-07, 1.1920926112907182e-07, 8.940695295223122e-08, -0.2167908400297165, -0.9762181043624878, 1.8626448650138627e-07, 0.9762181043624878, -0.21679098904132843),
            ["LowerTorso"] = CFrame.new(-0.2644822895526886, -0.08694243431091309, 0.43568167090415955, 0.9927783012390137, 0.077928327023983, 0.09120533615350723, -0.0931745320558548, 0.9797791838645935, 0.17706331610679626, -0.07556284219026566, -0.18428264558315277, 0.9799643754959106),
            ["Head"] = CFrame.new(-5.960464477539063e-08, 5.960464477539062e-07, -1.8067657947540283e-07, 0.9497125744819641, -0.19126814603805542, -0.247916579246521, 0.1367906779050827, 0.965638279914856, -0.22097750008106232, 0.2816637456417084, 0.17595253884792328, 0.9432424902915955),
            ["RightUpperArm"] = CFrame.new(0, 0, 1.9371509552001953e-07, -0.5626600384712219, -0.7731282711029053, 0.2927223742008209, 0.8261645436286926, -0.5132683515548706, 0.23239567875862122, -0.029426582157611847, 0.37259674072265625, 0.9275267720222473),
            ["UpperTorso"] = CFrame.new(4.6566128730773926e-08, -1.4901161193847656e-07, 9.313225746154785e-08, 0.9996785521507263, -0.020977405831217766, -0.014237760566174984, 0.02418200857937336, 0.9576447606086731, 0.2869354486465454, 0.007615569978952408, -0.28718745708465576, 0.9578441977500916),
            ["HumanoidRootPart"] = CFrame.new(0, 0, 0, 1, 0, 0, 0, 1, 0, 0, 0, 1),
            ["RightHand"] = CFrame.new(2.086162567138672e-07, -0.0000011324882507324219, -2.9802322387695312e-08, 0.8924103379249573, -0.12224367260932922, -0.43435055017471313, -0.03172311559319496, 0.9432238936424255, -0.3306392431259155, 0.45010843873023987, 0.3088451325893402, 0.8378646969795227),
            ["LeftUpperArm"] = CFrame.new(5.960464477539063e-08, 0, 2.7567148208618164e-07, -0.6793397665023804, 0.7056282162666321, -0.20146095752716064, -0.7328864932060242, -0.6385305523872375, 0.23485350608825684, 0.037080224603414536, 0.30719321966171265, 0.9509245753288269),
            ["RightLowerArm"] = CFrame.new(5.960464477539063e-08, 1.7881393432617188e-07, 4.470348358154297e-07, 1, -2.682208730675484e-07, 1.6763807764164085e-07, 7.450580596923828e-08, -0.2996579110622406, -0.9540467262268066, 1.341104507446289e-07, 0.9540467262268066, -0.299657940864563),
            ["LeftHand"] = CFrame.new(0, -2.384185791015625e-07, -0.0000011324882507324219, 0.9359995126724243, -0.10708916932344437, 0.3353159725666046, 0.16237568855285645, 0.976548433303833, -0.1413765251636505, -0.3123125433921814, 0.1867752969264984, 0.931437611579895),
            ["RightUpperLeg"] = CFrame.new(1.1920928955078125e-07, -1.1362135410308838e-07, 9.888753993436694e-08, 0.9967948794364929, -0.024553101509809494, -0.07613851130008698, -0.030539682134985924, 0.7628697752952576, -0.6458306908607483, 0.07394090294837952, 0.6460857391357422, 0.7596747279167175),
            ["LeftUpperLeg"] = CFrame.new(0, -6.332993507385254e-08, 1.043081283569336e-07, 0.873982846736908, -0.24412575364112854, 0.420186311006546, 0.3480765223503113, -0.2888956069946289, -0.8918420076370239, 0.33911168575286865, 0.9257115721702576, -0.16751550137996674),
