return {
    ["Vibe Only"] = {
        {Time = 0.000, Data = {
            ["RightFoot"] = CFrame.new(8.66129994392395e-08, 3.5762786865234375e-07, 9.145878721028566e-09, 0.9972184300422668, 0.023757562041282654, 0.07064807415008545, -0.005664931144565344, 0.969258189201355, -0.24598132073879242, -0.07432018220424652, 0.2448967695236206, 0.9666965007781982),
            ["LeftLowerArm"] = CFrame.new(0, 1.1920928955078125e-07, -8.046627044677734e-07, 1, -1.043081283569336e-07, 1.4901161193847656e-08, 8.24220549588972e-08, 0.16248229146003723, -0.9867115616798401, 5.960465188081798e-08, 0.9867115020751953, 0.1624821275472641),
            ["RightUpperArm"] = CFrame.new(0, 3.5762786865234375e-07, -3.5762786865234375e-07, 0.3237733840942383, -0.06845899671316147, 0.9436546564102173, 0.9461178183555603, 0.01748502254486084, -0.32335028052330017, 0.005637017078697681, 0.9975007176399231, 0.0704311653971672),
            ["Head"] = CFrame.new(2.8312206268310547e-07, -5.960464477539062e-07, 7.82310962677002e-08, 0.979518473148346, -0.12423612922430038, -0.1584583967924118, -0.06603336334228516, 0.5452421307563782, -0.8356741070747375, 0.190218985080719, 0.8290213942527771, 0.5258706212043762),
            ["RightHand"] = CFrame.new(5.066394805908203e-07, 3.5762786865234375e-07, 8.940696716308594e-08, -0.9297811388969421, -0.3151410222053528, -0.19024601578712463, -0.17746081948280334, 0.8365239500999451, -0.518396258354187, 0.32251331210136414, -0.4482339918613434, -0.833709716796875),
            ["UpperTorso"] = CFrame.new(-1.0896474123001099e-07, 7.748603820800781e-07, -6.024492904543877e-08, 0.9950509667396545, -0.044204775243997574, 0.08899258077144623, -0.0015621986240148544, 0.888527512550354, 0.45882079005241394, -0.09935440868139267, -0.45668914914131165, 0.8840609788894653),
            ["HumanoidRootPart"] = CFrame.new(0, 0, 0, 1, 0, 0, 0, 1, 0, 0, 0, 1),
            ["RightUpperLeg"] = CFrame.new(3.5762786865234375e-07, -4.4796615839004517e-07, -2.3778557078912854e-07, 0.9934887290000916, -0.05626019090414047, -0.0990714356303215, -0.05652904883027077, 0.5115684866905212, -0.8573810458183289, 0.09891821444034576, 0.8573987483978271, 0.5050570368766785),
            ["LeftUpperArm"] = CFrame.new(0, 1.1920928955078125e-07, -1.1920928955078125e-07, 0.3973062336444855, 0.46546149253845215, -0.790881335735321, 0.4202547073364258, 0.6738550066947937, 0.6077057719230652, 0.8158025741577148, -0.5738162398338318, 0.07211477309465408),
            ["RightLowerArm"] = CFrame.new(0, -4.76837158203125e-07, -5.960464477539063e-08, 1, 2.2351731132630448e-08, -7.450585037815927e-09, 2.421438694000244e-08, 0.917762815952301, -0.3971292972564697, -1.4901161193847656e-08, 0.39712899923324585, 0.9177626967430115),
            ["LeftHand"] = CFrame.new(2.123415470123291e-07, -2.384185791015625e-07, 4.470348358154297e-08, 0.8458937406539917, -0.14305144548416138, -0.5138091444969177, 0.25750860571861267, 0.9531769752502441, 0.1585645079612732, 0.46706855297088623, -0.26643940806388855, 0.8431236147880554),
            ["LeftFoot"] = CFrame.new(-7.310882210731506e-08, 5.960464477539063e-08, 7.450580596923828e-09, 0.9950736165046692, -0.09874022006988525, -0.008881030604243279, 0.09104049950838089, 0.9455755949020386, -0.3124080300331116, 0.03924492001533508, 0.31005996465682983, 0.9499065279960632),
            ["LowerTorso"] = CFrame.new(-0.15599630773067474, -0.17750048637390137, 0.364565372467041, 0.999663770198822, 0.025520969182252884, -0.004590912256389856, -0.022167135030031204, 0.9329370856285095, 0.3593566119670868, 0.01345415972173214, -0.3591340184211731, 0.9331890344619751),
            ["RightLowerLeg"] = CFrame.new(-7.078051567077637e-08, -0.0001226663589477539, -0.00007728317723376676, 1, -1.285224726643719e-07, -2.8870999813079834e-08, 1.0617073797902776e-07, 0.6411207318305969, 0.7674397230148315, -3.352760202801619e-08, -0.7674399614334106, 0.6411212086677551),
            ["LeftUpperLeg"] = CFrame.new(-1.7881393432617188e-07, -5.438923835754395e-07, -4.062894731760025e-07, 0.9799571633338928, 0.10958782583475113, 0.16635699570178986, 0.07012797147035599, 0.5918555855751038, -0.8029874563217163, -0.18645691871643066, 0.7985596656799316, 0.5723080635070801),
            ["LeftLowerLeg"] = CFrame.new(1.695007085800171e-07, 0.00012260675430297852, 0.00007750093936920166, 1, 9.126964783945368e-08, 1.3969835288563104e-09, -7.078050856534901e-08, 0.6568750143051147, 0.7539992332458496, 1.5832481992106295e-08, -0.753999650478363, 0.6568752527236938),
        }},
        {Time = 0.017, Data = {
            ["RightFoot"] = CFrame.new(-3.166496753692627e-08, 4.76837158203125e-07, -2.029992174357176e-09, 0.9971951246261597, -0.03371487557888031, 0.06682319194078445, 0.05183639004826546, 0.9551181197166443, -0.29165515303611755, -0.053990911692380905, 0.29430052638053894, 0.9541866183280945),
            ["LeftLowerArm"] = CFrame.new(-8.940696716308594e-08, 0, -4.1350722312927246e-07, 1, -1.1175869474300271e-07, 4.470347647611561e-08, 7.264314660915261e-08, 0.17329545319080353, -0.9848700165748596, 3.725289587919178e-08, 0.9848698973655701, 0.1732950210571289),
            ["RightUpperArm"] = CFrame.new(0, 1.1920928955078125e-07, -1.6391277313232422e-07, 0.34772366285324097, -0.08477518707513809, 0.9337564706802368, 0.9375001192092896, 0.04575318470597267, -0.34496447443962097, -0.013477702625095844, 0.9953491687774658, 0.09538602828979492),
            ["Head"] = CFrame.new(2.682209014892578e-07, -4.76837158203125e-07, 1.2852251529693604e-07, 0.9749298691749573, -0.14631152153015137, -0.16764475405216217, -0.06637704372406006, 0.5278829336166382, -0.8467196226119995, 0.2123815417289734, 0.8366197347640991, 0.5049368143081665),
            ["RightHand"] = CFrame.new(-3.129243850708008e-07, -5.960464477539063e-08, 7.450580596923828e-08, -0.9422182440757751, -0.2552175223827362, -0.2170000970363617, -0.1031881794333458, 0.8373733162879944, -0.5368032455444336, 0.3187117874622345, -0.4833943545818329, -0.8153240084648132),
            ["UpperTorso"] = CFrame.new(-1.073349267244339e-07, 5.662441253662109e-07, -1.862645149230957e-08, 0.9956116080284119, -0.0442952886223793, 0.08243484795093536, 0.002003662521019578, 0.8907718062400818, 0.4544467031955719, -0.09356050938367844, -0.45228713750839233, 0.8869513273239136),
            ["HumanoidRootPart"] = CFrame.new(0, 0, 0, 1, 0, 0, 0, 1, 0, 0, 0, 1),
            ["RightUpperLeg"] = CFrame.new(4.172325134277344e-07, 0, -2.2335007088258862e-07, 0.9892163872718811, -0.08609243482351303, -0.11848656088113785, -0.06569752842187881, 0.46220827102661133, -0.8843342661857605, 0.13089998066425323, 0.8825823664665222, 0.4515681564807892),
            ["LeftUpperArm"] = CFrame.new(-1.1920928955078125e-07, 0, 8.940696716308594e-08, 0.3981725871562958, 0.478011816740036, -0.7829196453094482, 0.4137114882469177, 0.6681843996047974, 0.618363082408905, 0.8187195062637329, -0.5701177716255188, 0.06829355657100677),
            ["RightLowerArm"] = CFrame.new(4.76837158203125e-07, 5.960464477539063e-08, 2.2351741790771484e-08, 1, -8.940690321423972e-08, 5.215408194203519e-08, 4.9360089349193004e-08, 0.9134273529052734, -0.40700238943099976, -1.4901159417490817e-08, 0.40700197219848633, 0.9134270548820496),
            ["LeftHand"] = CFrame.new(7.450580596923828e-09, -1.1920928955078125e-07, -5.960464477539063e-08, 0.8521105051040649, -0.1674601435661316, -0.49584725499153137, 0.27026665210723877, 0.9521222114562988, 0.1428958624601364, 0.44817811250686646, -0.25577443838119507, 0.8565723896026611),
            ["LeftFoot"] = CFrame.new(-2.468004822731018e-08, 5.960464477539063e-08, 0, 0.9966863989830017, -0.07616227120161057, -0.02856038324534893, 0.0633673295378685, 0.9471592307090759, -0.3144427239894867, 0.05099991708993912, 0.3115907311439514, 0.948846697807312),
            ["LowerTorso"] = CFrame.new(-0.15459497272968292, -0.1922142505645752, 0.36224862933158875, 0.9990409016609192, 0.03542141243815422, 0.025741808116436005, -0.04242415353655815, 0.9285510182380676, 0.3687727749347687, -0.010840128175914288, -0.3695111572742462, 0.9291630983352661),
            ["RightLowerLeg"] = CFrame.new(6.891787052154541e-08, -0.00012254714965820312, -0.00007759610161883757, 1, -1.452862647965958e-07, -3.911554458113642e-08, 9.313223614526578e-08, 0.5654237866401672, 0.8248003721237183, -6.705521116145974e-08, -0.8248006105422974, 0.5654240250587463),
            ["LeftUpperLeg"] = CFrame.new(-2.980232238769531e-07, -2.60770320892334e-07, -1.6577541828155518e-07, 0.9796901941299438, 0.08936858922243118, 0.17950019240379333, 0.09741797298192978, 0.5703048706054688, -0.8156359791755676, -0.17526209354400635, 0.8165572285652161, 0.5500160455703735),
            ["LeftLowerLeg"] = CFrame.new(-9.313225746154785e-09, 0.00012248754501342773, 0.00007742643356323242, 1, 4.284084198502569e-08, 7.450581307466564e-08, -7.264315371457997e-08, 0.6409150958061218, 0.7676117420196533, 1.862644971595273e-08, -0.7676118612289429, 0.6409152746200562),
        }},
        {Time = 0.033, Data = {
            ["RightFoot"] = CFrame.new(6.51925802230835e-09, 2.980232238769531e-07, 1.1008523870259523e-08, 0.9977812170982361, -0.061922453343868256, 0.02445947378873825, 0.06651700288057327, 0.9428900480270386, -0.3263958692550659, -0.002851378871127963, 0.32729795575141907, 0.9449167251586914),
            ["LeftLowerArm"] = CFrame.new(-1.7881393432617188e-07, 0, -8.195638656616211e-08, 1, -6.705521116145974e-08, 4.470347647611561e-08, 1.7136335372924805e-07, 0.18005329370498657, -0.9836569428443909, 1.7136335372924805e-07, 0.9836568236351013, 0.18005283176898956),
            ["RightUpperArm"] = CFrame.new(0, 2.384185791015625e-07, 1.4901161193847656e-08, 0.3687414228916168, -0.10400552302598953, 0.9236950874328613, 0.9294527769088745, 0.054235734045505524, -0.36493322253227234, -0.012141924351453781, 0.9930968880653381, 0.11666683107614517),
            ["Head"] = CFrame.new(2.086162567138672e-07, -7.152557373046875e-07, -2.2910535335540771e-07, 0.9703322649002075, -0.1679072231054306, -0.17396177351474762, -0.06712718307971954, 0.5041345357894897, -0.8610127568244934, 0.2322700321674347, 0.8471455574035645, 0.47790637612342834),
            ["RightHand"] = CFrame.new(-2.5331974029541016e-07, -5.960464477539063e-08, 5.960464477539063e-08, -0.9526453614234924, -0.20627708733081818, -0.22342057526111603, -0.04931076616048813, 0.8298032879829407, -0.5558724999427795, 0.3000587522983551, -0.5185328722000122, -0.80068039894104),
            ["UpperTorso"] = CFrame.new(-5.21540641784668e-08, 6.258487701416016e-07, -2.514570951461792e-08, 0.9963319301605225, -0.037880826741456985, 0.07673168182373047, -0.00017448150902055204, 0.8957813382148743, 0.44449493288993835, -0.08557264506816864, -0.4428779184818268, 0.8924888968467712),
            ["HumanoidRootPart"] = CFrame.new(0, 0, 0, 1, 0, 0, 0, 1, 0, 0, 0, 1),
            ["RightUpperLeg"] = CFrame.new(3.5762786865234375e-07, -6.165355443954468e-07, -2.680535544641316e-07, 0.9897454380989075, -0.09509000182151794, -0.10659252852201462, -0.056213341653347015, 0.4267220199108124, -0.9026340246200562, 0.13131684064865112, 0.8993698954582214, 0.41700103878974915),
            ["LeftUpperArm"] = CFrame.new(-2.384185791015625e-07, 3.5762786865234375e-07, -2.5331974029541016e-07, 0.40145981311798096, 0.4907335937023163, -0.7733115553855896, 0.40668460726737976, 0.6610208749771118, 0.6306026577949524, 0.8206324577331543, -0.5676547884941101, 0.06579963862895966),
            ["RightLowerArm"] = CFrame.new(5.960464477539063e-08, 1.1920928955078125e-07, 2.9802322387695312e-08, 1, 5.9604580826544407e-08, -1.676381700121965e-08, 3.7252894102834944e-09, 0.9068890810012817, -0.4213702380657196, -1.4901157641133977e-08, 0.4213694930076599, 0.9068887829780579),
            ["LeftHand"] = CFrame.new(-1.7881393432617188e-07, 5.960464477539063e-08, 8.940696716308594e-08, 0.8542948365211487, -0.18672612309455872, -0.4850917458534241, 0.27900078892707825, 0.9521411061286926, 0.12484205514192581, 0.43856462836265564, -0.24199345707893372, 0.8655059337615967),
            ["LeftFoot"] = CFrame.new(2.3283064365386963e-09, -5.960464477539063e-08, 1.4901161193847656e-08, 0.9962084889411926, -0.07350259274244308, -0.046540286391973495, 0.055874455720186234, 0.9506089091300964, -0.30532145500183105, 0.06668347865343094, 0.30156299471855164, 0.951111376285553),
            ["LowerTorso"] = CFrame.new(-0.15119318664073944, -0.20088434219360352, 0.36153700947761536, 0.9975234866142273, 0.038660261780023575, 0.05875623971223831, -0.058269258588552475, 0.9221023917198181, 0.38253363966941833, -0.03939041495323181, -0.3850100040435791, 0.9220714569091797),
            ["RightLowerLeg"] = CFrame.new(2.2351741790771484e-08, -0.00012236833572387695, -0.00007729807839496061, 1, -1.3597308168300515e-07, -8.754435043556441e-08, 1.1548398504146462e-07, 0.5165047645568848, 0.8562843799591064, -8.568166975919667e-08, -0.8562843799591064, 0.51650470495224),
            ["LeftUpperLeg"] = CFrame.new(-2.384185791015625e-07, -4.78699803352356e-07, -3.166496753692627e-07, 0.9807422757148743, 0.07032136619091034, 0.1822071373462677, 0.11388277262449265, 0.552008330821991, -0.8260250687599182, -0.15866701304912567, 0.8308680653572083, 0.533369779586792),
            ["LeftLowerLeg"] = CFrame.new(-1.6577541828155518e-07, 0.00012284517288208008, 0.00007742643356323242, 1, 3.91155481338501e-08, 1.5366817152084877e-08, -5.960463766996327e-08, 0.6427761316299438, 0.7660537362098694, 2.561136724921198e-08, -0.766054093837738, 0.6427764892578125),
        }},
        {Time = 0.050, Data = {
            ["RightFoot"] = CFrame.new(1.909211277961731e-08, 3.5762786865234375e-07, -2.9613147489726543e-09, 0.9981984496116638, -0.059622496366500854, -0.0067243874073028564, 0.053720466792583466, 0.9380078315734863, -0.34242695569992065, 0.026723820716142654, 0.3414478302001953, 0.9395204782485962),
            ["LeftLowerArm"] = CFrame.new(1.1920928955078125e-07, -2.980232238769531e-07, 9.685754776000977e-08, 1, -7.450579886381092e-08, 2.2351741790771484e-08, 1.378357268322361e-07, 0.18482686579227448, -0.9827711582183838, 1.4528630742915993e-07, 0.982771098613739, 0.18482649326324463),
            ["RightUpperArm"] = CFrame.new(-5.960464477539063e-08, -1.1920928955078125e-07, 2.9802322387695312e-08, 0.38652530312538147, -0.12995657324790955, 0.9130769371986389, 0.9222615361213684, 0.04839557781815529, -0.38352563977241516, 0.00565337436273694, 0.9903380274772644, 0.1385595053434372),
            ["Head"] = CFrame.new(2.2351741790771484e-07, -2.384185791015625e-07, 2.8312206268310547e-07, 0.9666223526000977, -0.1858406662940979, -0.17636553943157196, -0.0689743235707283, 0.4742017686367035, -0.8777104616165161, 0.24674686789512634, 0.8605788946151733, 0.44555535912513733),
            ["RightHand"] = CFrame.new(3.5762786865234375e-07, 0, -7.450580596923828e-09, -0.9524931311607361, -0.21101634204387665, -0.2196115255355835, -0.04821113124489784, 0.8164522051811218, -0.5753964781761169, 0.3007200360298157, -0.5374736189842224, -0.7878386974334717),
            ["UpperTorso"] = CFrame.new(-1.5832483768463135e-07, 5.066394805908203e-07, -1.955777406692505e-08, 0.9963669776916504, -0.029372993856668472, 0.07993856072425842, -0.008579840883612633, 0.899243950843811, 0.43736350536346436, -0.08473097532987595, -0.4364604353904724, 0.8957248330116272),
            ["HumanoidRootPart"] = CFrame.new(0, 0, 0, 1, 0, 0, 0, 1, 0, 0, 0, 1),
            ["RightUpperLeg"] = CFrame.new(3.5762786865234375e-07, -4.470348358154297e-08, -9.85528458841145e-08, 0.9906346201896667, -0.09863954782485962, -0.09441059082746506, -0.04508618265390396, 0.4163520932197571, -0.9080846905708313, 0.12888112664222717, 0.9038369059562683, 0.4080060124397278),
            ["LeftUpperArm"] = CFrame.new(-2.384185791015625e-07, -2.384185791015625e-07, 1.043081283569336e-07, 0.3992219865322113, 0.5051237344741821, -0.7651612758636475, 0.3995722532272339, 0.6552760004997253, 0.641058623790741, 0.8252053260803223, -0.561661422252655, 0.05976737663149834),
            ["RightLowerArm"] = CFrame.new(-8.940696716308594e-08, 0, 1.4901161193847656e-07, 1, -8.940693874137651e-08, 1.3783578367565497e-07, -9.31322685637781e-10, 0.8926852941513062, -0.45068082213401794, 1.1920930376163597e-07, 0.4506807327270508, 0.8926851153373718),
            ["LeftHand"] = CFrame.new(-1.6391277313232422e-07, 1.1920928955078125e-07, -1.6391277313232422e-07, 0.856840193271637, -0.20035022497177124, -0.47506284713745117, 0.2849667966365814, 0.951909601688385, 0.11252419650554657, 0.4296729266643524, -0.23179282248020172, 0.8727277517318726),
            ["LeftFoot"] = CFrame.new(4.377216100692749e-08, -5.960464477539063e-08, -7.450580596923828e-09, 0.995519757270813, -0.08123527467250824, -0.048387449234724045, 0.06331373751163483, 0.9527839422225952, -0.2969757616519928, 0.07022766768932343, 0.29258111119270325, 0.9536582827568054),
            ["LowerTorso"] = CFrame.new(-0.1467878669500351, -0.20204997062683105, 0.358569860458374, 0.9958120584487915, 0.035004377365112305, 0.08445752412080765, -0.06543933600187302, 0.9180232882499695, 0.39108946919441223, -0.06384412944316864, -0.39497846364974976, 0.9164692759513855),
            ["RightLowerLeg"] = CFrame.new(2.7939677238464355e-08, -0.00012248754501342773, -0.0000773874853621237, 1, -1.2665984172599565e-07, -8.195638656616211e-08, 1.2433152107860224e-07, 0.5021505355834961, 0.8647804260253906, -7.450577754752885e-08, -0.8647803068161011, 0.5021503567695618),
            ["LeftUpperLeg"] = CFrame.new(-2.980232238769531e-07, -5.923211574554443e-07, 1.4901161193847656e-08, 0.9848307967185974, 0.053100988268852234, 0.1651930809020996, 0.11023826897144318, 0.5437299013137817, -0.8319885730743408, -0.13399989902973175, 0.8375787138938904, 0.5296283960342407),
            ["LeftLowerLeg"] = CFrame.new(5.587935447692871e-09, 0.0001226663589477539, 0.00007749348878860474, 1, 9.592626071253108e-08, 2.095475082342091e-08, -5.960465188081798e-08, 0.6525015234947205, 0.7577868700027466, 4.190951941041021e-08, -0.7577875256538391, 0.6525021195411682),
        }},
        {Time = 0.067, Data = {
            ["RightFoot"] = CFrame.new(-8.614733815193176e-09, 4.172325134277344e-07, -4.0214217733591795e-08, 0.9986245036125183, -0.044856034219264984, -0.027148673310875893, 0.03250426799058914, 0.9359140396118164, -0.3507254123687744, 0.04114106297492981, 0.3493606150150299, 0.9360848069190979),
            ["LeftLowerArm"] = CFrame.new(-1.1920928955078125e-07, -1.1920928955078125e-07, 7.450580596923828e-08, 1, -4.470347647611561e-08, 0, 1.937150670983101e-07, 0.19010107219219208, -0.981764554977417, 9.313224325069314e-08, 0.9817644953727722, 0.19010083377361298),
            ["RightUpperArm"] = CFrame.new(0, 2.384185791015625e-07, -2.086162567138672e-07, 0.39189648628234863, -0.15463030338287354, 0.9069216251373291, 0.9195092916488647, 0.03333406150341034, -0.391652375459671, 0.030329909175634384, 0.9874098896980286, 0.15524736046791077),
            ["Head"] = CFrame.new(2.2351741790771484e-07, -5.960464477539062e-07, 1.4901161193847656e-08, 0.9652572870254517, -0.1952591985464096, -0.1736447513103485, -0.06912823766469955, 0.4500401020050049, -0.8903287649154663, 0.25199174880981445, 0.8713999390602112, 0.4209063947200775),
            ["RightHand"] = CFrame.new(-1.4901161193847656e-08, 2.980232238769531e-07, 1.4901161193847656e-08, -0.9433098435401917, -0.23702365159988403, -0.23234966397285461, -0.05215783044695854, 0.797189474105835, -0.6014717817306519, 0.3277897238731384, -0.555255651473999, -0.7643595933914185),
            ["UpperTorso"] = CFrame.new(-1.387670636177063e-07, 2.086162567138672e-07, -1.6670674085617065e-07, 0.9961353540420532, -0.023343510925769806, 0.08467314392328262, -0.016087712720036507, 0.8992336988449097, 0.4371728301048279, -0.0863460972905159, -0.43684545159339905, 0.8953828811645508),
            ["HumanoidRootPart"] = CFrame.new(0, 0, 0, 1, 0, 0, 0, 1, 0, 0, 0, 1),
            ["RightUpperLeg"] = CFrame.new(4.76837158203125e-07, 9.872019290924072e-08, -4.0775194065645337e-07, 0.9916252493858337, -0.09908798336982727, -0.08283182233572006, -0.03258068859577179, 0.42868950963020325, -0.9028642773628235, 0.12497206032276154, 0.8980015516281128, 0.42187100648880005),
            ["LeftUpperArm"] = CFrame.new(0, 5.960464477539062e-07, -2.9802322387695312e-08, 0.3990578353404999, 0.512292206287384, -0.7604668140411377, 0.39914652705192566, 0.6496075987815857, 0.6470645070075989, 0.8254907131195068, -0.5617531538009644, 0.0547514371573925),
            ["RightLowerArm"] = CFrame.new(-1.7881393432617188e-07, -1.1920928955078125e-07, 8.940696716308594e-08, 1, 1.4901155864777138e-08, 2.980232949312267e-08, 6.426125764846802e-08, 0.8685296177864075, -0.4956376552581787, 4.470348358154297e-08, 0.49563732743263245, 0.8685294389724731),
            ["LeftHand"] = CFrame.new(2.384185791015625e-07, 2.384185791015625e-07, 2.9802322387695312e-08, 0.8580207228660583, -0.2039729654788971, -0.4713764190673828, 0.28547123074531555, 0.9523348808288574, 0.10753621906042099, 0.4269739091396332, -0.22683311998844147, 0.8753515481948853),
            ["LeftFoot"] = CFrame.new(-6.100162863731384e-08, 0, -2.9802322387695312e-08, 0.9946528673171997, -0.09371096640825272, -0.04340486228466034, 0.07719150185585022, 0.9537993669509888, -0.29035893082618713, 0.06860948354005814, 0.2854560315608978, 0.9559329152107239),
            ["LowerTorso"] = CFrame.new(-0.1443561166524887, -0.19854068756103516, 0.35042065382003784, 0.9945730566978455, 0.03203811123967171, 0.09898493438959122, -0.06824954599142075, 0.9190012216567993, 0.38830262422561646, -0.07852678745985031, -0.39295098185539246, 0.9162003993988037),
            ["RightLowerLeg"] = CFrame.new(5.587935447692871e-09, -0.00012254714965820312, -0.00007719004497630522, 1, -1.396983151380482e-07, -7.450580596923828e-08, 1.3317912817001343e-07, 0.5048630237579346, 0.8631991744041443, -7.450580596923828e-08, -0.8631994128227234, 0.5048635005950928),
            ["LeftUpperLeg"] = CFrame.new(-4.172325134277344e-07, -4.4889748096466064e-07, -4.3958425521850586e-07, 0.9882312417030334, 0.04110836610198021, 0.14734040200710297, 0.10014278441667557, 0.5542452335357666, -0.8263072371482849, -0.11563083529472351, 0.8313377499580383, 0.5436058044433594),
            ["LeftLowerLeg"] = CFrame.new(2.0489096641540527e-08, 0.00012224912643432617, 0.00007748603820800781, 1, 5.029141192380848e-08, 2.0954757928848267e-08, -6.891784920526334e-08, 0.6670415997505188, 0.7450203895568848, 1.30385116037246e-08, -0.7450206279754639, 0.6670417189598083),
        }},
        {Time = 0.083, Data = {
            ["RightFoot"] = CFrame.new(-4.423782229423523e-08, 3.5762786865234375e-07, 2.2184394765645266e-08, 0.9995197057723999, -0.019215349107980728, -0.02431330271065235, 0.009343164041638374, 0.9349040985107422, -0.3547777235507965, 0.029547832906246185, 0.3543799817562103, 0.9346345663070679),
            ["LeftLowerArm"] = CFrame.new(1.1920928955078125e-07, -1.1920928955078125e-07, 5.457550287246704e-07, 1, -5.960463056453591e-08, 4.4703462265260896e-08, 1.378357268322361e-07, 0.19061654806137085, -0.9816645383834839, 1.4528630742915993e-07, 0.9816645979881287, 0.19061654806137085),
            ["RightUpperArm"] = CFrame.new(-5.960464477539063e-08, 0, -2.8312206268310547e-07, 0.38768163323402405, -0.17242377996444702, 0.9055237174034119, 0.9201609492301941, 0.013951337896287441, -0.39129167795181274, 0.054834529757499695, 0.9849241375923157, 0.16406621038913727),
            ["Head"] = CFrame.new(1.7881393432617188e-07, -8.344650268554688e-07, -2.9802322387695312e-08, 0.9663901925086975, -0.19210486114025116, -0.17083889245986938, -0.06849389523267746, 0.4481152296066284, -0.8913482427597046, 0.24778760969638824, 0.8730913996696472, 0.4198959767818451),
            ["RightHand"] = CFrame.new(0, 3.5762786865234375e-07, 0, -0.9343646764755249, -0.26726973056793213, -0.23564709722995758, -0.0688900351524353, 0.78436279296875, -0.6164647936820984, 0.349595308303833, -0.5597694516181946, -0.7512933015823364),
            ["UpperTorso"] = CFrame.new(-1.2479722499847412e-07, 6.854534149169922e-07, 4.470348358154297e-08, 0.9959408044815063, -0.018101193010807037, 0.08817281574010849, -0.022440841421484947, 0.8987076282501221, 0.43797382712364197, -0.08716944605112076, -0.4381745755672455, 0.8946532607078552),
            ["HumanoidRootPart"] = CFrame.new(0, 0, 0, 1, 0, 0, 0, 1, 0, 0, 0, 1),
            ["RightUpperLeg"] = CFrame.new(3.5762786865234375e-07, -2.0489096641540527e-08, -2.1031155483797193e-07, 0.9909666180610657, -0.10349489003419876, -0.08528812974691391, -0.028149759396910667, 0.46127042174339294, -0.8868128657341003, 0.1311214566230774, 0.8812028169631958, 0.45419031381607056),
            ["LeftUpperArm"] = CFrame.new(3.5762786865234375e-07, 0, -4.172325134277344e-07, 0.4015676975250244, 0.5178060531616211, -0.7553943395614624, 0.4048413038253784, 0.6394914984703064, 0.6535705327987671, 0.8214906454086304, -0.568267285823822, 0.04716971144080162),
            ["RightLowerArm"] = CFrame.new(-2.384185791015625e-07, 5.960464477539063e-08, 0, 1, 1.4901154088420299e-08, 8.195640788244418e-08, 3.5390254282674505e-08, 0.8372714519500732, -0.5467878580093384, -1.4901159417490817e-08, 0.546787440776825, 0.8372712731361389),
            ["LeftHand"] = CFrame.new(4.470348358154297e-08, -1.1920928955078125e-07, 8.940696716308594e-08, 0.8582131862640381, -0.2119179666042328, -0.46750563383102417, 0.2864435017108917, 0.9535130262374878, 0.0936102345585823, 0.42593470215797424, -0.2142515480518341, 0.8790197372436523),
            ["LeftFoot"] = CFrame.new(-3.91155481338501e-08, 1.7881393432617188e-07, -7.450580596923828e-09, 0.9943209886550903, -0.10230735689401627, -0.029310796409845352, 0.08929198980331421, 0.9518471360206604, -0.2932822108268738, 0.05790424719452858, 0.28899872303009033, 0.9555765390396118),
            ["LowerTorso"] = CFrame.new(-0.14275285601615906, -0.1925816535949707, 0.33577966690063477, 0.9941387176513672, 0.02862996608018875, 0.10425253957509995, -0.06601550430059433, 0.9244059324264526, 0.37565383315086365, -0.08561669290065765, -0.3803342878818512, 0.9208776950836182),
            ["RightLowerLeg"] = CFrame.new(-3.073364496231079e-08, -0.00012242794036865234, -0.00007729807839496061, 1, -1.30385160446167e-07, -7.171186666710128e-08, 1.194421059835804e-07, 0.5212041735649109, 0.8534318208694458, -7.450579886381092e-08, -0.8534320592880249, 0.5212046504020691),
            ["LeftUpperLeg"] = CFrame.new(-4.172325134277344e-07, -1.341104507446289e-07, -1.1920928955078125e-07, 0.991569995880127, 0.03360943868756294, 0.12513738870620728, 0.08315566927194595, 0.5755829215049744, -0.8135042190551758, -0.09936840087175369, 0.8170524835586548, 0.5679363012313843),
            ["LeftLowerLeg"] = CFrame.new(5.587935447692871e-08, 0.00012248754501342773, 0.00007724016904830933, 1, 5.5879368687783426e-08, 7.450578820566989e-09, -6.332993507385254e-08, 0.675892174243927, 0.7369999885559082, 3.3527612686157227e-08, -0.737000584602356, 0.6758928298950195),
        }},
        {Time = 0.100, Data = {
            ["RightFoot"] = CFrame.new(-4.866160452365875e-08, 2.980232238769531e-07, 2.2184394765645266e-08, 0.9998497366905212, 0.0010548699647188187, -0.017303243279457092, -0.007154485210776329, 0.9342870712280273, -0.3564509153366089, 0.015790175646543503, 0.35652005672454834, 0.9341537952423096),
            ["LeftLowerArm"] = CFrame.new(-2.9802322387695312e-08, 0, -9.685754776000977e-08, 1, -1.3411040811206476e-07, 4.470347647611561e-08, 1.713633110966839e-07, 0.1803940385580063, -0.9835944771766663, 3.725289587919178e-08, 0.9835944771766663, 0.18039384484291077),
            ["RightUpperArm"] = CFrame.new(0, 0, 1.1920928955078125e-07, 0.38737231492996216, -0.19452688097953796, 0.9011672735214233, 0.9186869859695435, -0.0003827395848929882, -0.3949859142303467, 0.07718106359243393, 0.9808971285820007, 0.17856046557426453),
            ["Head"] = CFrame.new(3.2782554626464844e-07, -0.0000011920928955078125, 1.1175870895385742e-07, 0.9681671857833862, -0.18563143908977509, -0.16790929436683655, -0.0630914494395256, 0.46817806363105774, -0.8813791275024414, 0.2422228306531906, 0.8639156818389893, 0.44156259298324585),
            ["RightHand"] = CFrame.new(2.8312206268310547e-07, 0, 0, -0.9118910431861877, -0.3357645869255066, -0.23604485392570496, -0.11302890628576279, 0.7583138942718506, -0.6420157551765442, 0.3945619761943817, -0.5587683916091919, -0.7294510006904602),
            ["UpperTorso"] = CFrame.new(-1.2852251529693604e-07, 7.748603820800781e-07, -8.66129994392395e-08, 0.9957675933837891, -0.012867114506661892, 0.0910017192363739, -0.028248639777302742, 0.8993722796440125, 0.4362700283527374, -0.08745788782835007, -0.43699440360069275, 0.8952022790908813),
            ["HumanoidRootPart"] = CFrame.new(0, 0, 0, 1, 0, 0, 0, 1, 0, 0, 0, 1),
            ["RightUpperLeg"] = CFrame.new(4.172325134277344e-07, -2.6728957891464233e-07, -2.885426511056721e-07, 0.9907279014587402, -0.10079533606767654, -0.09109622985124588, -0.02783755026757717, 0.5056798458099365, -0.8622718453407288, 0.13297852873802185, 0.8568127751350403, 0.4981856942176819),
            ["LeftUpperArm"] = CFrame.new(2.980232238769531e-07, 0, 5.960464477539063e-08, 0.40584978461265564, 0.5252269506454468, -0.7479459047317505, 0.4164806604385376, 0.6221795082092285, 0.662900447845459, 0.8135292530059814, -0.580542266368866, 0.03376507759094238),
            ["RightLowerArm"] = CFrame.new(5.960464477539063e-08, -1.1920928955078125e-07, 0, 1, -1.0430807861894209e-07, 1.4901162970204496e-08, 5.884793807808819e-08, 0.7824598550796509, -0.6227014660835266, 0, 0.6227009892463684, 0.7824596166610718),
            ["LeftHand"] = CFrame.new(5.960464477539063e-08, -1.1920928955078125e-07, -1.1920928955078125e-07, 0.8587284088134766, -0.20688380300998688, -0.4688120186328888, 0.2803417146205902, 0.9554954171180725, 0.09185202419757843, 0.4289454519748688, -0.21030375361442566, 0.8785092830657959),
            ["LeftFoot"] = CFrame.new(-6.146728992462158e-08, -5.960464477539063e-08, 0, 0.993976891040802, -0.10849272459745407, -0.015471369959414005, 0.09884385764598846, 0.9484949111938477, -0.3009779453277588, 0.04732844978570938, 0.2976354956626892, 0.9535055756568909),
            ["LowerTorso"] = CFrame.new(-0.14074575901031494, -0.18509817123413086, 0.31636843085289, 0.9942727088928223, 0.02286836877465248, 0.10439736396074295, -0.05878804624080658, 0.9328022599220276, 0.3555615544319153, -0.08925098180770874, -0.3596625030040741, 0.9288041591644287),
            ["RightLowerLeg"] = CFrame.new(-4.6566128730773926e-09, -0.00012248754501342773, -0.00007743218884570524, 1, -1.154839708306099e-07, -7.636844401304188e-08, 1.288717186298527e-07, 0.544121265411377, 0.8390066623687744, -7.078048724906694e-08, -0.8390066623687744, 0.5441210865974426),
            ["LeftUpperLeg"] = CFrame.new(-5.364418029785156e-07, -4.116445779800415e-07, -2.5331974029541016e-07, 0.9941319823265076, 0.03274039924144745, 0.10310019552707672, 0.06257259100675583, 0.6034138202667236, -0.794969379901886, -0.08823966979980469, 0.796755850315094, 0.5978243947029114),
            ["LeftLowerLeg"] = CFrame.new(4.0046870708465576e-08, 0.00012302398681640625, 0.00007747858762741089, 1, 8.009376983864058e-08, 2.3283064365386963e-08, -6.146728992462158e-08, 0.6804324984550476, 0.7328105568885803, 2.9802322387695312e-08, -0.7328108549118042, 0.6804327368736267),
        }},
        {Time = 0.117, Data = {
            ["RightFoot"] = CFrame.new(-3.841705620288849e-08, 4.76837158203125e-07, 1.7993443179875612e-08, 0.9997262954711914, 0.009419598616659641, -0.021418709307909012, -0.016514988616108894, 0.9325234293937683, -0.3607318103313446, 0.01657538302242756, 0.3609866797924042, 0.9324236512184143),
            ["LeftLowerArm"] = CFrame.new(-2.980232238769531e-07, -1.1920928955078125e-07, 1.1362135410308838e-07, 1, -1.0430811414607888e-07, 5.215404996761208e-08, 1.3783569841052667e-07, 0.1521608978509903, -0.9883557558059692, 1.043080928297968e-07, 0.9883557558059692, 0.15216059982776642),
            ["RightUpperArm"] = CFrame.new(0, -1.1920928955078125e-07, -4.76837158203125e-07, 0.39369475841522217, -0.22514373064041138, 0.8912432789802551, 0.9137683510780334, -0.009789534844458103, -0.4061182737350464, 0.10015993565320969, 0.9742764830589294, 0.20187468826770782),
            ["Head"] = CFrame.new(1.4901161193847656e-07, -3.5762786865234375e-07, 3.0919909477233887e-07, 0.969084620475769, -0.18530309200286865, -0.1629050076007843, -0.04835297912359238, 0.504820704460144, -0.8618690371513367, 0.24194461107254028, 0.8431006669998169, 0.4802537262439728),
            ["RightHand"] = CFrame.new(4.023313522338867e-07, 0, 1.4901161193847656e-07, -0.8779463768005371, -0.41586804389953613, -0.23720073699951172, -0.16764001548290253, 0.7311170697212219, -0.6613352298736572, 0.4484497308731079, -0.5408527851104736, -0.7115979194641113),
            ["UpperTorso"] = CFrame.new(-1.1920928955078125e-07, 5.960464477539062e-07, -7.450580596923828e-08, 0.9956945776939392, -0.005728751886636019, 0.09251822531223297, -0.03479772061109543, 0.9019907712936401, 0.43035075068473816, -0.08591598272323608, -0.43171730637550354, 0.8979079723358154),
            ["HumanoidRootPart"] = CFrame.new(0, 0, 0, 1, 0, 0, 0, 1, 0, 0, 0, 1),
            ["RightUpperLeg"] = CFrame.new(2.980232238769531e-07, -5.662441253662109e-07, -3.5187258617952466e-07, 0.991178035736084, -0.09016025066375732, -0.09714540094137192, -0.031035246327519417, 0.5547012090682983, -0.8314703702926636, 0.12885230779647827, 0.8271504044532776, 0.5470100045204163),
            ["LeftUpperArm"] = CFrame.new(0, 0, -5.364418029785156e-07, 0.4232299327850342, 0.5330401062965393, -0.7326284646987915, 0.43109625577926636, 0.5927441716194153, 0.6803023219108582, 0.7968892455101013, -0.6037570834159851, 0.02107594721019268),
            ["RightLowerArm"] = CFrame.new(2.384185791015625e-07, 4.172325134277344e-07, -5.960464477539063e-08, 1, -1.0430807861894209e-07, 5.960465188081798e-08, 2.048909131247001e-08, 0.695873498916626, -0.7181646823883057, 1.4901157641133977e-08, 0.7181644439697266, 0.6958732604980469),
            ["LeftHand"] = CFrame.new(4.842877388000488e-08, 0, -2.9802322387695312e-08, 0.8570524454116821, -0.20286661386489868, -0.47360971570014954, 0.2803126573562622, 0.9548671245574951, 0.09825059771537781, 0.43230322003364563, -0.21696516871452332, 0.8752375841140747),
            ["LeftFoot"] = CFrame.new(4.6566128730773926e-09, 0, -5.21540641784668e-08, 0.9935270547866821, -0.11355657875537872, 0.0029731132090091705, 0.10886570811271667, 0.9443573951721191, -0.3103830814361572, 0.03243837133049965, 0.30869725346565247, 0.9506069421768188),
            ["LowerTorso"] = CFrame.new(-0.13850335776805878, -0.1774275302886963, 0.29327914118766785, 0.9943938255310059, 0.014637110754847527, 0.10472226142883301, -0.048748720437288284, 0.9423046112060547, 0.33118847012519836, -0.09383261948823929, -0.3344368636608124, 0.9377352595329285),
            ["RightLowerLeg"] = CFrame.new(-9.313225746154785e-08, -0.00012260675430297852, -0.00007724406168563291, 1, -1.1920926112907182e-07, -7.264316082000732e-08, 1.2014055528197787e-07, 0.5662459135055542, 0.8242362141609192, -6.705519695060502e-08, -0.8242364525794983, 0.5662461519241333),
            ["LeftUpperLeg"] = CFrame.new(-4.172325134277344e-07, -3.902241587638855e-07, -2.086162567138672e-07, 0.9966850280761719, 0.03224215283989906, 0.07469547539949417, 0.0374484546482563, 0.6332598924636841, -0.773032546043396, -0.07222586870193481, 0.7732672691345215, 0.6299535036087036),
            ["LeftLowerLeg"] = CFrame.new(1.955777406692505e-08, 0.0001227855682373047, 0.0000774487853050232, 1, 8.195640788244418e-08, 1.7695127141337252e-08, -6.33299421792799e-08, 0.6820485591888428, 0.7313066124916077, -9.313226634333205e-09, -0.7313069701194763, 0.6820489764213562),
        }},
        {Time = 0.133, Data = {
            ["RightFoot"] = CFrame.new(-1.9208528101444244e-08, 4.76837158203125e-07, -2.391607267782092e-08, 0.9996230006217957, 0.01234885212033987, -0.024523265659809113, -0.02050352655351162, 0.9297686219215393, -0.3675737977027893, 0.01826186291873455, 0.367937296628952, 0.9296709895133972),
            ["LeftLowerArm"] = CFrame.new(2.980232238769531e-07, 0, 1.3969838619232178e-08, 1, -1.1920927533992653e-07, 5.960465188081798e-08, 1.2665987014770508e-07, 0.10747502744197845, -0.9942078590393066, 1.4901161193847656e-08, 0.9942078590393066, 0.10747482627630234),
            ["RightUpperArm"] = CFrame.new(0, -1.1920928955078125e-07, 1.6391277313232422e-07, 0.4226740598678589, -0.26020127534866333, 0.8681254386901855, 0.8990166187286377, -0.0006655336474068463, -0.43791431188583374, 0.11452410370111465, 0.9655542373657227, 0.2336435168981552),
            ["Head"] = CFrame.new(1.6391277313232422e-07, -1.1920928955078125e-07, 2.644956111907959e-07, 0.9694360494613647, -0.19003184139728546, -0.1551828682422638, -0.026339735835790634, 0.5482423901557922, -0.8359047770500183, 0.2439262419939041, 0.8144434690475464, 0.5264803171157837),
            ["RightHand"] = CFrame.new(-2.9802322387695312e-08, 5.960464477539063e-08, 0, -0.7862507104873657, -0.5562028288841248, -0.26916250586509705, -0.2563420236110687, 0.6899570226669312, -0.6769397258758545, 0.5622265338897705, -0.46324703097343445, -0.6850577592849731),
            ["UpperTorso"] = CFrame.new(-1.7229467630386353e-07, 5.662441253662109e-07, -1.5925616025924683e-07, 0.995920717716217, -0.00016973172023426741, 0.09023222327232361, -0.0377066545188427, 0.9077157378196716, 0.41788819432258606, -0.08197612315416336, -0.41958582401275635, 0.9040064215660095),
            ["HumanoidRootPart"] = CFrame.new(0, 0, 0, 1, 0, 0, 0, 1, 0, 0, 0, 1),
            ["RightUpperLeg"] = CFrame.new(3.5762786865234375e-07, -2.1187588572502136e-07, -4.971589078195393e-07, 0.9912346005439758, -0.0813722088932991, -0.1040792465209961, -0.03515937924385071, 0.5969116687774658, -0.8015362024307251, 0.1273488998413086, 0.7981698513031006, 0.5888185501098633),
            ["LeftUpperArm"] = CFrame.new(0, -1.1920928955078125e-07, 1.4901161193847656e-07, 0.458941251039505, 0.5380606055259705, -0.7070102095603943, 0.4434478282928467, 0.5508354306221008, 0.7070608139038086, 0.7698876261711121, -0.6380213499069214, 0.014199675060808659),
            ["RightLowerArm"] = CFrame.new(1.7881393432617188e-07, 1.7881393432617188e-07, -5.960464477539063e-08, 1, -8.195634393359796e-08, 1.4901164746561335e-08, 1.5459954738616943e-07, 0.5721474289894104, -0.820151150226593, 2.9802322387695312e-08, 0.8201507329940796, 0.572147011756897),
            ["LeftHand"] = CFrame.new(-8.568167686462402e-08, -5.364418029785156e-07, -1.4901161193847656e-07, 0.8481056690216064, -0.2103271186351776, -0.4862912893295288, 0.28972867131233215, 0.9525496959686279, 0.09330593049526215, 0.44359228014945984, -0.22002632915973663, 0.8688007593154907),
            ["LeftFoot"] = CFrame.new(2.1420419216156006e-08, -1.1920928955078125e-07, 0, 0.9928960204124451, -0.11773448437452316, 0.01720738224685192, 0.11704573780298233, 0.9404352903366089, -0.3191896378993988, 0.021397268399596214, 0.31893590092658997, 0.9475346803665161),
            ["LowerTorso"] = CFrame.new(-0.1360856294631958, -0.17124080657958984, 0.26997342705726624, 0.9942395687103271, 0.007998539134860039, 0.10688194632530212, -0.04080506041646004, 0.9503626823425293, 0.30845707654953003, -0.09910941123962402, -0.31104156374931335, 0.9452145099639893),
            ["RightLowerLeg"] = CFrame.new(-5.21540641784668e-08, -0.00012230873107910156, -0.00007747316703898832, 1, -1.2665984172599565e-07, -5.681067705154419e-08, 1.2665982751514093e-07, 0.5824316143989563, 0.8128798007965088, -6.519255890680142e-08, -0.812879741191864, 0.5824316143989563),
