return {
    ["Vibe"] = {
        {Time = 0.000, Data = {
            ["RightFoot"] = CFrame.new(-9.12696123123169e-08, 4.172325134277344e-07, 2.590968506410718e-08, 0.907669186592102, 0.3964003026485443, -0.13785438239574432, -0.4180050790309906, 0.8832445740699768, -0.21248646080493927, 0.03752918168902397, 0.2504914402961731, 0.9673911929130554),
            ["LeftLowerArm"] = CFrame.new(0.000001043081283569336, -6.556510925292969e-07, -1.2759119272232056e-07, 1, -4.470347292340193e-08, 1.974403431859173e-07, 6.705522537231445e-08, -0.6320186853408813, -0.7749531269073486, 1.4901161193847656e-07, 0.7749531269073486, -0.6320186853408813),
            ["RightUpperArm"] = CFrame.new(1.1920928955078125e-07, 1.1920928955078125e-07, 1.4901161193847656e-08, 0.7551897764205933, -0.6027974486351013, -0.25753363966941833, 0.541502058506012, 0.7950916886329651, -0.2731386721134186, 0.3694101572036743, 0.06681657582521439, 0.9268612265586853),
            ["Head"] = CFrame.new(2.3748725652694702e-08, 2.384185791015625e-07, -1.1362135410308838e-07, 0.994097113609314, 0.09409479796886444, -0.054010748863220215, -0.09681043773889542, 0.994042158126831, -0.05007879063487053, 0.048976823687553406, 0.055012047290802, 0.9972838163375854),
            ["RightHand"] = CFrame.new(-4.0978193283081055e-07, -1.1920928955078125e-07, 2.384185791015625e-07, 0.9611279368400574, 0.04525701329112053, -0.2723694145679474, 0.027635596692562103, 0.9657524824142456, 0.2579892575740814, 0.2747172713279724, -0.2554878294467926, 0.9269608855247498),
            ["UpperTorso"] = CFrame.new(-2.60770320892334e-08, -2.384185791015625e-07, 1.0710209608078003e-08, 0.9968559741973877, 0.0429052859544754, 0.06661298871040344, -0.04330749437212944, 0.9990512132644653, 0.00460503064095974, -0.06635227799415588, -0.007475468795746565, 0.9977682828903198),
            ["HumanoidRootPart"] = CFrame.new(0, 0, 0, 1, 0, 0, 0, 1, 0, 0, 0, 1),
            ["RightUpperLeg"] = CFrame.new(1.1920928955078125e-07, -9.313225746154785e-08, 5.75528247281909e-09, 0.9265373945236206, -0.27877873182296753, -0.25260865688323975, 0.09504107385873795, 0.8231441378593445, -0.5598220825195312, 0.3639998733997345, 0.4946880042552948, 0.7891693115234375),
            ["LeftUpperArm"] = CFrame.new(-1.1920928955078125e-07, -1.1920928955078125e-07, -1.4901161193847656e-08, 0.6904315948486328, 0.7227278351783752, 0.03112395852804184, -0.713049590587616, 0.6726735830307007, 0.19766277074813843, 0.12192011624574661, -0.15866555273532867, 0.9797759056091309),
            ["RightLowerArm"] = CFrame.new(-1.4901161193847656e-07, 5.960464477539063e-08, 9.313225746154785e-08, 1, -9.685752644372769e-08, 1.7881387748275301e-07, 5.634502286966381e-08, -0.5100676417350769, -0.8601343631744385, 1.2293459406009788e-07, 0.8601343631744385, -0.5100677013397217),
            ["LeftHand"] = CFrame.new(-6.407499313354492e-07, 0, -1.1920928955078125e-07, 0.7833111882209778, 0.09293466061353683, 0.6146437525749207, -0.18432985246181488, 0.9790166616439819, 0.08688458800315857, -0.5936717987060547, -0.1813548058271408, 0.7840052843093872),
            ["LeftFoot"] = CFrame.new(-1.1641532182693481e-08, -5.960464477539063e-08, 0, 0.9216794967651367, 0.043344251811504364, 0.3855234980583191, 0.10304907709360123, 0.9306882619857788, -0.3509990870952606, -0.3740159273147583, 0.36323651671409607, 0.8533296585083008),
            ["LowerTorso"] = CFrame.new(-0.006717164069414139, -0.10256326198577881, -0.17009711265563965, 0.9835315942764282, -0.07706072181463242, 0.16348494589328766, 0.04397100955247879, 0.9793931841850281, 0.19711825251579285, -0.17530611157417297, -0.18668344616889954, 0.966652512550354),
            ["RightLowerLeg"] = CFrame.new(-7.450580596923828e-09, -0.00012230873107910156, -0.00007738003478152677, 1, -1.4156103134155273e-07, -1.0430816388407038e-07, 1.5646217832454568e-07, 0.5258420705795288, 0.8505820631980896, -7.450579886381092e-08, -0.8505823016166687, 0.5258423686027527),
            ["LeftUpperLeg"] = CFrame.new(-5.960464477539063e-08, 4.6566128730773926e-09, 7.450580596923828e-09, 0.9649733901023865, -0.0952141061425209, -0.24446021020412445, -0.07597610354423523, 0.7904620170593262, -0.6077805757522583, 0.2511056363582611, 0.6050654649734497, 0.7555409073829651),
            ["LeftLowerLeg"] = CFrame.new(6.146728992462158e-08, 0.00012296438217163086, 0.00007745623588562012, 1, 5.0291408371094803e-08, 3.911556234470481e-08, -6.332993507385254e-08, 0.6958650946617126, 0.7181727290153503, 2.421438694000244e-08, -0.7181724905967712, 0.6958649158477783),
        }},
        {Time = 0.033, Data = {
            ["RightFoot"] = CFrame.new(-1.2386590242385864e-07, 5.960464477539063e-08, 2.4047039914876223e-08, 0.9307090044021606, 0.31925371289253235, -0.17848828434944153, -0.36164963245391846, 0.8761959671974182, -0.3185744881629944, 0.054684996604919434, 0.36105111241340637, 0.9309417009353638),
            ["LeftLowerArm"] = CFrame.new(4.172325134277344e-07, 5.960464477539062e-07, 4.284083843231201e-08, 1, -7.124616274722939e-08, 1.299194565262951e-07, 5.215404996761208e-08, -0.5074890851974487, -0.8616581559181213, 1.2665984172599565e-07, 0.8616582751274109, -0.5074890851974487),
            ["RightUpperArm"] = CFrame.new(0, -3.5762786865234375e-07, -1.341104507446289e-07, 0.8497113585472107, -0.4624007046222687, -0.2533303499221802, 0.4393969476222992, 0.8865970373153687, -0.1444854587316513, 0.2914120852947235, 0.01145836804062128, 0.9565290212631226),
            ["Head"] = CFrame.new(2.421438694000244e-08, 1.1920928955078125e-07, -7.264316082000732e-08, 0.9927923679351807, 0.0881548821926117, -0.08119232207536697, -0.09201746433973312, 0.9947345852851868, -0.04512132331728935, 0.07678715139627457, 0.05226726084947586, 0.995676577091217),
            ["RightHand"] = CFrame.new(-2.7567148208618164e-07, -4.76837158203125e-07, -5.960464477539063e-08, 0.9816687703132629, 0.07649965584278107, -0.17456910014152527, -0.023989681154489517, 0.958224356174469, 0.2850100100040436, 0.18907955288887024, -0.2755974531173706, 0.9424940943717957),
            ["UpperTorso"] = CFrame.new(-7.450580596923828e-09, -5.662441253662109e-07, 3.4924596548080444e-08, 0.9959607124328613, 0.03652486950159073, 0.08202660083770752, -0.03825974836945534, 0.9990741014480591, 0.0196781475096941, -0.08123187720775604, -0.022737005725502968, 0.9964359402656555),
            ["HumanoidRootPart"] = CFrame.new(0, 0, 0, 1, 0, 0, 0, 1, 0, 0, 0, 1),
            ["RightUpperLeg"] = CFrame.new(1.7881393432617188e-07, 2.5704503059387207e-07, 1.39865733217448e-07, 0.9330457448959351, -0.34622955322265625, -0.09773017466068268, 0.22633500397205353, 0.7760903835296631, -0.5886050462722778, 0.27963948249816895, 0.5270757079124451, 0.8024916648864746),
            ["LeftUpperArm"] = CFrame.new(-1.1920928955078125e-07, -5.960464477539062e-07, -2.9802322387695312e-08, 0.8111771941184998, 0.580780565738678, -0.06845183670520782, -0.5514238476753235, 0.7986007332801819, 0.24118204414844513, 0.19473955035209656, -0.15789541602134705, 0.9680628180503845),
            ["RightLowerArm"] = CFrame.new(-7.152557373046875e-07, -1.7881393432617188e-07, 3.632158041000366e-08, 1, -1.0058282384761696e-07, 1.2572853336223488e-07, 5.541370029504833e-08, -0.5045426487922668, -0.8633867502212524, 1.3550744881740684e-07, 0.8633867502212524, -0.5045426487922668),
            ["LeftHand"] = CFrame.new(3.0547380447387695e-07, -2.384185791015625e-07, -4.470348358154297e-08, 0.8572371602058411, 0.013601396232843399, 0.5147420763969421, -0.11843929439783096, 0.9780560731887817, 0.17140163481235504, -0.5011154413223267, -0.20789752900600433, 0.840036928653717),
            ["LeftFoot"] = CFrame.new(4.190951585769653e-09, 0, -9.313225746154785e-09, 0.9546648859977722, 0.021865570917725563, 0.2968786656856537, 0.09026209264993668, 0.9290854334831238, -0.3586820662021637, -0.2836683690547943, 0.3692183494567871, 0.8849917650222778),
            ["LowerTorso"] = CFrame.new(-0.007001716643571854, -0.13947975635528564, -0.16269925236701965, 0.9835233092308044, -0.06610552966594696, 0.16826172173023224, 0.03388991206884384, 0.9816651940345764, 0.18757672607898712, -0.17757652699947357, -0.17878369987010956, 0.9677308797836304),
            ["RightLowerLeg"] = CFrame.new(-1.862645149230957e-07, -0.00012242794036865234, -0.00007741356239421293, 1, -1.4901154088420299e-07, -1.266598985694145e-07, 8.568168397005138e-08, 0.16550834476947784, 0.986208438873291, -1.1920930376163597e-07, -0.9862083792686462, 0.16550853848457336),
            ["LeftUpperLeg"] = CFrame.new(-1.7881393432617188e-07, 2.169981598854065e-07, 2.2351741790771484e-08, 0.9917445778846741, -0.04738279804587364, -0.11915427446365356, -0.03954875096678734, 0.7709001302719116, -0.635727047920227, 0.12197865545749664, 0.6351913213729858, 0.7626619935035706),
            ["LeftLowerLeg"] = CFrame.new(1.6763806343078613e-08, 0.0001227855682373047, 0.00007742270827293396, 1, 7.450577044210149e-08, 2.561137080192566e-08, -9.126959810146218e-08, 0.6545231938362122, 0.756041944026947, -7.4505797087454084e-09, -0.7560418844223022, 0.6545231938362122),
        }},
        {Time = 0.067, Data = {
            ["RightFoot"] = CFrame.new(-6.891787052154541e-08, 2.980232238769531e-07, -8.77116690389812e-08, 0.9667308926582336, 0.2038288116455078, -0.15454885363578796, -0.252188116312027, 0.8605793118476868, -0.44249704480171204, 0.04280818626284599, 0.46675169467926025, 0.8833522200584412),
            ["LeftLowerArm"] = CFrame.new(-2.682209014892578e-07, -1.1920928955078125e-07, 5.21540641784668e-08, 1, -6.705519695060502e-08, 9.12695767851801e-08, 8.568167686462402e-08, -0.33865150809288025, -0.9409119486808777, 1.1920928955078125e-07, 0.9409118890762329, -0.33865150809288025),
            ["RightUpperArm"] = CFrame.new(0, -4.76837158203125e-07, -5.960464477539063e-08, 0.9329262971878052, -0.30023428797721863, -0.19876614212989807, 0.29853910207748413, 0.9535931944847107, -0.03917355835437775, 0.20130325853824615, -0.022793428972363472, 0.9792638421058655),
            ["Head"] = CFrame.new(2.9802322387695312e-08, -2.384185791015625e-07, -3.725290298461914e-09, 0.988602876663208, 0.09170836955308914, -0.1193908080458641, -0.09502260386943817, 0.9952240586280823, -0.02235710434615612, 0.11677023023366928, 0.033447135239839554, 0.9925956726074219),
            ["RightHand"] = CFrame.new(-4.6193599700927734e-07, 0, 3.8743019104003906e-07, 0.9908677935600281, 0.10395332425832748, -0.08587620407342911, -0.07291566580533981, 0.9488341808319092, 0.3072410225868225, 0.11342103034257889, -0.2981734871864319, 0.947749137878418),
            ["UpperTorso"] = CFrame.new(-2.2351741790771484e-08, 2.9802322387695312e-08, -3.725290298461914e-09, 0.994659960269928, 0.013661962002515793, 0.1022990271449089, -0.017396679148077965, 0.9992109537124634, 0.035705000162124634, -0.10173054784536362, -0.037294045090675354, 0.9941127896308899),
            ["HumanoidRootPart"] = CFrame.new(0, 0, 0, 1, 0, 0, 0, 1, 0, 0, 0, 1),
            ["RightUpperLeg"] = CFrame.new(0, 7.636845111846924e-08, 1.3205863069742918e-08, 0.9031129479408264, -0.42500030994415283, 0.06133424490690231, 0.3952961564064026, 0.7670671939849854, -0.5053200721740723, 0.1677139401435852, 0.4806065857410431, 0.8607495427131653),
            ["LeftUpperArm"] = CFrame.new(-1.1920928955078125e-07, -3.5762786865234375e-07, 4.470348358154297e-08, 0.8838542699813843, 0.43349504470825195, -0.17573773860931396, -0.3857881426811218, 0.8880139589309692, 0.2501976191997528, 0.2645169794559479, -0.15334071218967438, 0.9521121382713318),
            ["RightLowerArm"] = CFrame.new(-3.2782554626464844e-07, 5.960464477539062e-07, 1.4156103134155273e-07, 1, -7.450579886381092e-08, 1.2293453721667902e-07, 6.891786341611805e-08, -0.4492587745189667, -0.8934018015861511, 1.4156101713069802e-07, 0.8934017419815063, -0.4492587149143219),
            ["LeftHand"] = CFrame.new(-2.2351741790771484e-08, 0, -2.60770320892334e-07, 0.9193388819694519, -0.03573906049132347, 0.391840398311615, -0.06291956454515457, 0.9696977138519287, 0.23606683313846588, -0.3884034752845764, -0.24167974293231964, 0.8892320990562439),
            ["LeftFoot"] = CFrame.new(2.2584572434425354e-08, 0, -3.3527612686157227e-08, 0.962826132774353, 0.01438551302999258, 0.2697387635707855, 0.0910966694355011, 0.9227890968322754, -0.3743813931941986, -0.25429779291152954, 0.38503697514533997, 0.8871750235557556),
            ["LowerTorso"] = CFrame.new(-0.006067356094717979, -0.1882694959640503, -0.16007620096206665, 0.9838576316833496, -0.044722288846969604, 0.17327474057674408, 0.014851965941488743, 0.9853346347808838, 0.16998553276062012, -0.1783357560634613, -0.16466809809207916, 0.9700931906700134),
            ["RightLowerLeg"] = CFrame.new(6.332993507385254e-08, -0.00012201070785522461, -0.00007738003478152677, 1, -1.67638020798222e-07, -1.6670684033215366e-07, 1.266598843585598e-07, -0.20748884975910187, 0.978237509727478, -1.9744041424019088e-07, -0.9782373905181885, -0.2074888050556183),
            ["LeftUpperLeg"] = CFrame.new(-5.960464477539063e-08, 4.069879651069641e-07, 3.725290298461914e-08, 0.9973016977310181, -0.038694411516189575, -0.06238672137260437, -0.012078962288796902, 0.7517399787902832, -0.6593485474586487, 0.0724116861820221, 0.6583234071731567, 0.7492446303367615),
            ["LeftLowerLeg"] = CFrame.new(3.91155481338501e-08, 0.0001226663589477539, 0.00007738545536994934, 1, 1.2945379523898737e-07, 1.1641537511764e-08, -6.51925802230835e-08, 0.5930596590042114, 0.805158793926239, 1.862645149230957e-08, -0.8051585555076599, 0.5930593609809875),
        }},
        {Time = 0.100, Data = {
            ["RightFoot"] = CFrame.new(-3.3527612686157227e-08, 3.5762786865234375e-07, 6.875052349641919e-08, 0.9963882565498352, 0.07436930388212204, -0.04098372906446457, -0.08414019644260406, 0.7996682524681091, -0.5945166945457458, -0.011440164409577847, 0.5958187580108643, 0.8030381202697754),
            ["LeftLowerArm"] = CFrame.new(3.8743019104003906e-07, -5.364418029785156e-07, 2.4586915969848633e-07, 1, -8.894127745406877e-08, 1.1641529340522538e-07, 6.70552182668871e-08, -0.1991947889328003, -0.9799599647521973, 1.0803340444454079e-07, 0.9799599051475525, -0.19919484853744507),
            ["RightUpperArm"] = CFrame.new(0, -1.1920928955078125e-07, -2.9802322387695312e-08, 0.9738887548446655, -0.19430182874202728, -0.11742066591978073, 0.19905149936676025, 0.9795278906822205, 0.03006240725517273, 0.10917562246322632, -0.05265020206570625, 0.9926272034645081),
            ["Head"] = CFrame.new(-2.60770320892334e-08, -3.5762786865234375e-07, -1.30385160446167e-08, 0.9814370274543762, 0.10644464194774628, -0.15953366458415985, -0.10555154830217361, 0.9943140745162964, 0.014086308889091015, 0.1601259857416153, 0.0030142914038151503, 0.9870920777320862),
            ["RightHand"] = CFrame.new(-5.960464477539062e-07, 2.384185791015625e-07, 1.6391277313232422e-07, 0.9893720746040344, 0.12667198479175568, -0.07139526307582855, -0.09700338542461395, 0.9407626390457153, 0.32489386200904846, 0.10832091420888901, -0.31451526284217834, 0.9430518746376038),
            ["UpperTorso"] = CFrame.new(-1.210719347000122e-08, -2.682209014892578e-07, -2.0954757928848267e-09, 0.992412805557251, -0.02253664657473564, 0.12086793035268784, 0.016777412965893745, 0.9986844062805176, 0.04845687001943588, -0.1218009889125824, -0.04606141895055771, 0.9914852380752563),
            ["HumanoidRootPart"] = CFrame.new(0, 0, 0, 1, 0, 0, 0, 1, 0, 0, 0, 1),
            ["RightUpperLeg"] = CFrame.new(1.7881393432617188e-07, -1.909211277961731e-07, -3.894820110872388e-08, 0.8128658533096313, -0.5673601627349854, 0.1317264437675476, 0.5754880905151367, 0.747474193572998, -0.33180660009384155, 0.08979160338640213, 0.3455212414264679, 0.9341052770614624),
            ["LeftUpperArm"] = CFrame.new(5.960464477539063e-08, -2.384185791015625e-07, 5.960464477539063e-08, 0.9048848152160645, 0.3673466742038727, -0.2150345891714096, -0.3089451789855957, 0.9143171906471252, 0.261872261762619, 0.2928076386451721, -0.17053034901618958, 0.9408417344093323),
            ["RightLowerArm"] = CFrame.new(-5.960464477539063e-08, 3.5762786865234375e-07, 4.470348358154297e-08, 1, -1.043080928297968e-07, 1.0430806440808738e-07, 8.195638656616211e-08, -0.33902859687805176, -0.9407761693000793, 1.2665987014770508e-07, 0.9407761096954346, -0.33902856707572937),
            ["LeftHand"] = CFrame.new(2.384185791015625e-07, 1.1920928955078125e-07, -4.917383193969727e-07, 0.9488179087638855, -0.021971920505166054, 0.31505852937698364, -0.06497475504875183, 0.9626572728157043, 0.2628103196620941, -0.30906787514686584, -0.26983001828193665, 0.9119588136672974),
            ["LeftFoot"] = CFrame.new(4.889443516731262e-09, -5.960464477539063e-08, 7.450580596923828e-09, 0.9636041522026062, 0.026346975937485695, 0.2660319209098816, 0.08664791285991669, 0.9106299877166748, -0.40403643250465393, -0.2529016137123108, 0.4123821556568146, 0.8752037882804871),
            ["LowerTorso"] = CFrame.new(-0.004881598055362701, -0.23236501216888428, -0.16877003014087677, 0.9837210178375244, -0.019282003864645958, 0.17866505682468414, -0.007539360783994198, 0.9889228940010071, 0.14823853969573975, -0.17954428493976593, -0.14717237651348114, 0.9726789593696594),
            ["RightLowerLeg"] = CFrame.new(1.4901161193847656e-08, -0.00012236833572387695, -0.00007746944174868986, 1, -1.2852244424266246e-07, -1.0430815677864302e-07, 1.0803340444454079e-07, -0.46539637446403503, 0.8851027488708496, -1.5646217832454568e-07, -0.8851024508476257, -0.4653959274291992),
            ["LeftUpperLeg"] = CFrame.new(-1.1920928955078125e-07, -3.3993273973464966e-07, -2.2351741790771484e-08, 0.9965249300003052, -0.062340471893548965, -0.055242110043764114, 0.008999272249639034, 0.7399112582206726, -0.672644317150116, 0.08280735462903976, 0.6698096394538879, 0.7379010915756226),
            ["LeftLowerLeg"] = CFrame.new(3.166496753692627e-08, 0.0001226663589477539, 0.00007745251059532166, 1, 1.0058282384761696e-07, 1.1175868230850483e-08, -9.778887033462524e-08, 0.5309321880340576, 0.8474143147468567, -5.21540641784668e-08, -0.8474143743515015, 0.5309322476387024),
        }},
        {Time = 0.133, Data = {
            ["RightFoot"] = CFrame.new(-3.725290298461914e-08, 2.980232238769531e-07, -1.39865733217448e-07, 0.9946027994155884, -0.03226481378078461, 0.09861262887716293, 0.09161423146724701, 0.719246506690979, -0.6886878609657288, -0.04870620742440224, 0.69400554895401, 0.7183207273483276),
            ["LeftLowerArm"] = CFrame.new(0, -2.384185791015625e-07, -8.940696716308594e-08, 1, -8.940694584680386e-08, 7.078052277620372e-08, 8.195640788244418e-08, -0.1599058210849762, -0.9871323704719543, 1.0058285937475375e-07, 0.9871322512626648, -0.15990577638149261),
            ["RightUpperArm"] = CFrame.new(-5.960464477539063e-08, -4.76837158203125e-07, 8.940696716308594e-08, 0.9864178895950317, -0.16205112636089325, -0.026819663122296333, 0.16376151144504547, 0.9829065203666687, 0.08412488549947739, 0.012728651985526085, -0.08737431466579437, 0.9960942268371582),
            ["Head"] = CFrame.new(-3.119930624961853e-08, -5.960464477539062e-07, 1.1175870895385742e-08, 0.9750844836235046, 0.11299290508031845, -0.19090016186237335, -0.10877640545368195, 0.9935361742973328, 0.03245848789811134, 0.1933337152004242, -0.010884284973144531, 0.9810727834701538),
            ["RightHand"] = CFrame.new(-8.940696716308594e-08, 1.7881393432617188e-07, -1.862645149230957e-08, 0.9778730273246765, 0.1670653223991394, -0.12591108679771423, -0.11599116772413254, 0.9338709712028503, 0.33827680349349976, 0.17409901320934296, -0.3161871135234833, 0.9325852990150452),
            ["UpperTorso"] = CFrame.new(-2.3166649043560028e-08, -5.662441253662109e-07, 1.0710209608078003e-08, 0.9903513789176941, -0.04456886276602745, 0.13121682405471802, 0.037024013698101044, 0.9975481629371643, 0.05938874930143356, -0.13354195654392242, -0.053957585245370865, 0.9895732402801514),
            ["HumanoidRootPart"] = CFrame.new(0, 0, 0, 1, 0, 0, 0, 1, 0, 0, 0, 1),
            ["RightUpperLeg"] = CFrame.new(2.384185791015625e-07, -2.9336661100387573e-07, 2.8107024263590574e-08, 0.7217142581939697, -0.6852413415908813, 0.09784142673015594, 0.6824648380279541, 0.680816113948822, -0.2659533619880676, 0.11563047021627426, 0.25871556997299194, 0.9590077996253967),
            ["LeftUpperArm"] = CFrame.new(-2.384185791015625e-07, -8.344650268554688e-07, -2.9802322387695312e-08, 0.908268392086029, 0.3703460395336151, -0.19465963542461395, -0.30857640504837036, 0.9071550965309143, 0.28609469532966614, 0.282540500164032, -0.19978348910808563, 0.9382203817367554),
            ["RightLowerArm"] = CFrame.new(-1.7881393432617188e-07, -5.960464477539063e-08, 1.1920928955078125e-07, 1, -8.917412941400471e-08, 8.847565169389782e-08, 8.940698847936801e-08, -0.2533574104309082, -0.9673728346824646, 1.266598985694145e-07, 0.967372715473175, -0.2533574402332306),
            ["LeftHand"] = CFrame.new(-4.190951585769653e-08, -5.960464477539063e-08, 2.9802322387695312e-08, 0.9508906006813049, 0.00969338696449995, 0.3093754053115845, -0.09524606913328171, 0.9601754546165466, 0.26266226172447205, -0.29450854659080505, -0.27922990918159485, 0.9139449596405029),
            ["LeftFoot"] = CFrame.new(-5.587935447692871e-09, -5.960464477539063e-08, 1.4901161193847656e-08, 0.9692772626876831, 0.026192162185907364, 0.24457232654094696, 0.08430590480566025, 0.8987097144126892, -0.4303636848926544, -0.23107171058654785, 0.4377610981464386, 0.8688910007476807),
            ["LowerTorso"] = CFrame.new(-0.007404303178191185, -0.2525540590286255, -0.188135027885437, 0.9822456240653992, -0.00873795710504055, 0.187395840883255, -0.016850648447871208, 0.9907674193382263, 0.13452142477035522, -0.18684114515781403, -0.13529083132743835, 0.9730296730995178),
            ["RightLowerLeg"] = CFrame.new(-1.6763806343078613e-07, -0.00012242794036865234, -0.00007736513362033293, 1, -5.9604616353681195e-08, -3.0174854259712447e-07, 2.0116563348437921e-07, -0.5911411643028259, 0.8065679669380188, -2.1606678046737215e-07, -0.8065681457519531, -0.591141402721405),
            ["LeftUpperLeg"] = CFrame.new(-1.1920928955078125e-07, -3.3387914299964905e-07, 2.9802322387695312e-08, 0.9971349239349365, -0.06434392184019089, -0.039772823452949524, 0.021111400797963142, 0.7416134476661682, -0.6704951524734497, 0.07263832539319992, 0.6677345037460327, 0.7408471703529358),
            ["LeftLowerLeg"] = CFrame.new(0, 0.0001226663589477539, 0.00007748603820800781, 1, 1.0244546189142056e-07, 5.122275936741971e-09, -8.56816981809061e-08, 0.49838700890541077, 0.8669549822807312, 4.3772171665068527e-08, -0.8669547438621521, 0.4983866214752197),
        }},
        {Time = 0.167, Data = {
            ["RightFoot"] = CFrame.new(-9.778887033462524e-08, 2.384185791015625e-07, 1.767839421518147e-07, 0.9966674447059631, -0.062097206711769104, -0.05289630964398384, 0.010910405777394772, 0.7441097497940063, -0.6679680943489075, 0.08083964139223099, 0.6651650667190552, 0.7423076629638672),
            ["LeftLowerArm"] = CFrame.new(5.364418029785156e-07, -2.980232238769531e-07, 4.470348358154297e-08, 1, -9.872017159295865e-08, 1.6123517809774057e-07, 9.709036419280892e-08, -0.21180617809295654, -0.9773117303848267, 1.0523943672069436e-07, 0.9773117303848267, -0.21180619299411774),
            ["RightUpperArm"] = CFrame.new(1.1920928955078125e-07, -4.76837158203125e-07, 1.043081283569336e-07, 0.9795268774032593, -0.19511865079402924, 0.049556877464056015, 0.1872391253709793, 0.9734368324279785, 0.13176588714122772, -0.07395048439502716, -0.119789257645607, 0.9900413155555725),
            ["Head"] = CFrame.new(2.0489096641540527e-08, 0, 0, 0.9723977446556091, 0.10444347560405731, -0.2086486965417862, -0.10031577944755554, 0.9944943189620972, 0.03029775246977806, 0.21066433191299438, -0.008530672639608383, 0.9775213003158569),
            ["RightHand"] = CFrame.new(-6.854534149169922e-07, -5.960464477539063e-08, 3.725290298461914e-09, 0.9549527764320374, 0.24245357513427734, -0.17111808061599731, -0.17128093540668488, 0.9211984872817993, 0.34936556220054626, 0.24233868718147278, -0.30431830883026123, 0.9212287068367004),
            ["UpperTorso"] = CFrame.new(-1.5832483768463135e-08, 2.980232238769531e-07, 3.91155481338501e-08, 0.98939448595047, -0.04566514492034912, 0.1378888338804245, 0.036336757242679596, 0.9969249963760376, 0.06942799687385559, -0.14063525199890137, -0.06368125230073929, 0.988011360168457),
            ["HumanoidRootPart"] = CFrame.new(0, 0, 0, 1, 0, 0, 0, 1, 0, 0, 0, 1),
            ["RightUpperLeg"] = CFrame.new(1.1920928955078125e-07, 2.6868656277656555e-07, 4.393950803205371e-08, 0.8566204309463501, -0.5131422877311707, 0.05372586473822594, 0.47553157806396484, 0.7448263168334961, -0.4680851995944977, 0.2001778781414032, 0.4265195429325104, 0.8820487260818481),
            ["LeftUpperArm"] = CFrame.new(-1.1920928955078125e-07, -5.960464477539062e-07, 1.4901161193847656e-08, 0.8991931080818176, 0.41473814845085144, -0.1394420862197876, -0.36049920320510864, 0.8828287124633789, 0.3010879158973694, 0.24797607958316803, -0.22046740353107452, 0.9433462619781494),
            ["RightLowerArm"] = CFrame.new(-6.258487701416016e-07, -2.384185791015625e-07, -5.960464477539063e-08, 1, -1.545995047536053e-07, 1.0826623508819466e-07, 9.685758328714655e-08, -0.23904091119766235, -0.9710095524787903, 7.450583439094771e-08, 0.9710095524787903, -0.23904092609882355),
            ["LeftHand"] = CFrame.new(-3.294553607702255e-07, -2.384185791015625e-07, -1.043081283569336e-07, 0.9385109543800354, 0.0332852303981781, 0.3436412811279297, -0.12486758828163147, 0.9606865644454956, 0.24797064065933228, -0.3218778371810913, -0.2756328284740448, 0.9057711362838745),
            ["LeftFoot"] = CFrame.new(4.889443516731262e-09, 1.1920928955078125e-07, 3.725290298461914e-09, 0.9753289818763733, 0.02797500230371952, 0.21897703409194946, 0.07475422322750092, 0.8914819955825806, -0.44684669375419617, -0.20771440863609314, 0.45219165086746216, 0.8673967719078064),
            ["LowerTorso"] = CFrame.new(-0.014169789850711823, -0.2448641061782837, -0.22077035903930664, 0.9808230996131897, -0.014932878315448761, 0.194327250123024, -0.010692388750612736, 0.991436243057251, 0.1301533430814743, -0.19460663199424744, -0.12973523139953613, 0.9722638726234436),
            ["RightLowerLeg"] = CFrame.new(-1.043081283569336e-07, -0.00012236833572387695, -0.00007730552897555754, 1, -4.470347292340193e-08, -2.8684740982498624e-07, 9.406355871988126e-08, -0.6241168975830078, 0.7813308835029602, -2.440064577058365e-07, -0.7813310027122498, -0.6241170167922974),
            ["LeftUpperLeg"] = CFrame.new(-1.7881393432617188e-07, 5.904585123062134e-07, -6.51925802230835e-09, 0.9982592463493347, -0.050549499690532684, -0.0303872749209404, 0.018804511055350304, 0.7611072063446045, -0.6483533978462219, 0.05590198561549187, 0.646653413772583, 0.7607328295707703),
            ["LeftLowerLeg"] = CFrame.new(4.284083843231201e-08, 0.00012254714965820312, 0.0000774487853050232, 1, 9.965149416757413e-08, 2.2351734685344127e-08, -8.102506399154663e-08, 0.5059347748756409, 0.8625715374946594, 1.7695128917694092e-08, -0.8625717163085938, 0.5059351921081543),
        }},
        {Time = 0.200, Data = {
            ["RightFoot"] = CFrame.new(-2.9191141948103905e-08, 1.7881393432617188e-07, -6.349728209897876e-08, 0.9719668626785278, 0.00040907374932430685, -0.23511767387390137, -0.12083268910646439, 0.8587034344673157, -0.49802297353744507, 0.2016928493976593, 0.5124728083610535, 0.8346813321113586),
            ["LeftLowerArm"] = CFrame.new(-3.5762786865234375e-07, 3.5762786865234375e-07, 1.6391277313232422e-07, 1, -8.009372010064908e-08, 1.1269000310676347e-07, 7.35744833946228e-08, -0.2938384711742401, -0.9558550715446472, 1.1734664440155029e-07, 0.955855131149292, -0.2938384711742401),
            ["RightUpperArm"] = CFrame.new(-5.960464477539063e-08, 0, -1.4901161193847656e-08, 0.960036039352417, -0.2621445953845978, 0.0980365052819252, 0.2450358271598816, 0.9565269947052002, 0.1581573486328125, -0.13523465394973755, -0.12781424820423126, 0.9825351238250732),
            ["Head"] = CFrame.new(4.470348358154297e-08, -3.5762786865234375e-07, 7.82310962677002e-08, 0.9732974171638489, 0.09064394980669022, -0.2108929604291916, -0.0870790034532547, 0.9958581328392029, 0.026149526238441467, 0.21238973736763, -0.007086866535246372, 0.977159321308136),
            ["RightHand"] = CFrame.new(-5.364418029785156e-07, -1.1920928955078125e-07, -1.4156103134155273e-07, 0.9290906190872192, 0.3379710018634796, -0.15022043883800507, -0.2692899703979492, 0.8965733647346497, 0.3516237139701843, 0.25352227687835693, -0.2862374186515808, 0.9240100979804993),
            ["UpperTorso"] = CFrame.new(-1.1641532182693481e-08, 2.682209014892578e-07, -2.2817403078079224e-08, 0.9887526035308838, -0.041541166603565216, 0.1436757743358612, 0.03002571314573288, 0.9962283968925476, 0.08140897005796432, -0.1465156078338623, -0.07617934793233871, 0.9862707257270813),
            ["HumanoidRootPart"] = CFrame.new(0, 0, 0, 1, 0, 0, 0, 1, 0, 0, 0, 1),
            ["RightUpperLeg"] = CFrame.new(1.1920928955078125e-07, 2.039596438407898e-07, 3.9282895158976316e-08, 0.9660524129867554, -0.25728845596313477, -0.023354068398475647, 0.15569482743740082, 0.6519545316696167, -0.74210125207901, 0.20615968108177185, 0.7132726311683655, 0.6698808670043945),
            ["LeftUpperArm"] = CFrame.new(0, -2.384185791015625e-07, 7.450580596923828e-08, 0.8777725696563721, 0.47258466482162476, -0.07860737293958664, -0.4340818524360657, 0.8539755940437317, 0.2868775725364685, 0.20270270109176636, -0.21769118309020996, 0.9547367691993713),
            ["RightLowerArm"] = CFrame.new(2.980232238769531e-07, 1.1920928955078125e-07, -1.7881393432617188e-07, 1, -5.587932605521928e-08, 9.033824710513727e-08, 6.705523247774181e-08, -0.27854615449905396, -0.9604228734970093, 6.705523247774181e-08, 0.9604228734970093, -0.27854621410369873),
            ["LeftHand"] = CFrame.new(2.7939677238464355e-07, 5.960464477539063e-08, -2.8312206268310547e-07, 0.9233672022819519, 0.04707100987434387, 0.3810214102268219, -0.14580532908439636, 0.9610919952392578, 0.2346123456954956, -0.35515323281288147, -0.272188276052475, 0.8943040370941162),
            ["LeftFoot"] = CFrame.new(4.7031790018081665e-08, -1.1920928955078125e-07, 2.2351741790771484e-08, 0.9689100384712219, 0.022814586758613586, 0.24635930359363556, 0.09419630467891693, 0.886732816696167, -0.4525836706161499, -0.2287803441286087, 0.461718887090683, 0.8570152521133423),
            ["LowerTorso"] = CFrame.new(-0.022530827671289444, -0.21885478496551514, -0.27131521701812744, 0.9807917475700378, -0.02276960387825966, 0.19372440874576569, -0.002240385627374053, 0.9917829632759094, 0.12791290879249573, -0.19504506886005402, -0.12588995695114136, 0.97268146276474),
            ["RightLowerLeg"] = CFrame.new(2.3748725652694702e-08, -0.00012260675430297852, -0.00007732043013675138, 1, -1.9557764119326748e-07, -2.0395971489506337e-07, 1.6437844863048667e-07, -0.440519243478775, 0.8977433443069458, -1.7834828724971885e-07, -0.897743284702301, -0.44051888585090637),
            ["LeftUpperLeg"] = CFrame.new(-3.5762786865234375e-07, 7.450580596923828e-09, -7.078051567077637e-08, 0.9963362812995911, -0.05594611540436745, -0.06468348950147629, 0.006081732455641031, 0.8007782697677612, -0.5989299416542053, 0.08530508726835251, 0.5963423848152161, 0.7981848120689392),
            ["LeftLowerLeg"] = CFrame.new(6.705522537231445e-08, 0.0001226663589477539, 0.00007729977369308472, 1, 1.0710209608078003e-07, 1.30385160446167e-08, -8.00937343115038e-08, 0.5486040711402893, 0.8360822200775146, -6.565823440496388e-08, -0.8360823392868042, 0.5486042499542236),
        }},
        {Time = 0.233, Data = {
            ["RightFoot"] = CFrame.new(5.587935447692871e-08, 2.980232238769531e-07, -2.9038346838206053e-08, 0.9572598934173584, 0.08088315278291702, -0.2776899039745331, -0.17864157259464264, 0.9204199910163879, -0.34772661328315735, 0.22746588289737701, 0.3824722170829773, 0.8955303430557251),
            ["LeftLowerArm"] = CFrame.new(3.2782554626464844e-07, -2.384185791015625e-07, -7.450580596923828e-09, 1, -8.568166975919667e-08, 1.6763807764164085e-07, 1.1548402767402877e-07, -0.35837623476982117, -0.933577299118042, 1.3038518886787642e-07, 0.9335772395133972, -0.3583761751651764),
            ["RightUpperArm"] = CFrame.new(1.1920928955078125e-07, -3.5762786865234375e-07, -1.043081283569336e-07, 0.9378012418746948, -0.32476791739463806, 0.12269752472639084, 0.30631476640701294, 0.9403769969940186, 0.14785946905612946, -0.16340196132659912, -0.10107867419719696, 0.9813679456710815),
            ["Head"] = CFrame.new(2.2351741790771484e-08, 1.1920928955078125e-07, 4.842877388000488e-08, 0.9753674268722534, 0.08623471111059189, -0.2030320167541504, -0.08064838498830795, 0.9961051344871521, 0.035644665360450745, 0.2053150236606598, -0.018392318859696388, 0.9785231351852417),
            ["RightHand"] = CFrame.new(5.960464477539063e-08, -5.960464477539063e-08, 0.000001043081283569336, 0.9094412326812744, 0.40549126267433167, -0.09216009825468063, -0.35359475016593933, 0.8707252144813538, 0.34177252650260925, 0.2188318967819214, -0.2782345712184906, 0.9352529644966125),
            ["UpperTorso"] = CFrame.new(-2.7008354663848877e-08, 2.9802322387695312e-08, 2.8870999813079834e-08, 0.9881597757339478, -0.05290690436959267, 0.1440178006887436, 0.038861460983753204, 0.9943630695343018, 0.09864994883537292, -0.14842531085014343, -0.09188520908355713, 0.9846457242965698),
            ["HumanoidRootPart"] = CFrame.new(0, 0, 0, 1, 0, 0, 0, 1, 0, 0, 0, 1),
            ["RightUpperLeg"] = CFrame.new(5.960464477539063e-08, -1.0058283805847168e-07, 6.535992724820971e-08, 0.9854401350021362, -0.15397071838378906, -0.07211606949567795, 0.025182638317346573, 0.551654577255249, -0.8336923122406006, 0.16814754903316498, 0.8197379112243652, 0.5475001335144043),
            ["LeftUpperArm"] = CFrame.new(-1.1920928955078125e-07, -2.384185791015625e-07, 1.4901161193847656e-08, 0.8487884402275085, 0.5280646085739136, -0.02657165564596653, -0.5059261322021484, 0.8257508277893066, 0.2493479698896408, 0.1536134034395218, -0.19820038974285126, 0.9680493474006653),
            ["RightLowerArm"] = CFrame.new(2.384185791015625e-07, -4.172325134277344e-07, -1.1920928955078125e-07, 1, -1.341104507446289e-07, 1.1175869474300271e-07, 6.705522537231445e-08, -0.32033616304397583, -0.9473039507865906, 1.341104507446289e-07, 0.9473039507865906, -0.32033616304397583),
            ["LeftHand"] = CFrame.new(3.688037395477295e-07, -1.1920928955078125e-07, -2.7567148208618164e-07, 0.9091584086418152, 0.06055818125605583, 0.41202396154403687, -0.16974064707756042, 0.9573447704315186, 0.23383599519729614, -0.380288302898407, -0.28253108263015747, 0.8806571364402771),
            ["LeftFoot"] = CFrame.new(1.0710209608078003e-08, 5.960464477539063e-08, 3.259629011154175e-08, 0.9475388526916504, 0.015430490486323833, 0.31926852464675903, 0.13668863475322723, 0.8833379745483398, -0.4483637511730194, -0.2889399826526642, 0.4684826135635376, 0.8348877429962158),
            ["LowerTorso"] = CFrame.new(-0.027855046093463898, -0.1895979642868042, -0.3391941487789154, 0.9820638298988342, -0.016273489221930504, 0.18784543871879578, -0.006418029777705669, 0.9928058981895447, 0.11956282705068588, -0.18843978643417358, -0.11862391978502274, 0.9748942852020264),
            ["RightLowerLeg"] = CFrame.new(2.421438694000244e-08, -0.00012218952178955078, -0.00007766874477965757, 1, -1.685693717945469e-07, -1.5785927587330661e-07, 1.4435501327625389e-07, 0.02065202221274376, 0.9997867941856384, -1.396984004031765e-07, -0.9997867941856384, 0.02065242826938629),
            ["LeftUpperLeg"] = CFrame.new(-1.7881393432617188e-07, -4.190951585769653e-08, -1.4901161193847656e-08, 0.9876194000244141, -0.08402803540229797, -0.13246583938598633, 0.0033886723686009645, 0.8556663393974304, -0.5175166726112366, 0.15683236718177795, 0.5106608867645264, 0.8453575372695923),
            ["LeftLowerLeg"] = CFrame.new(1.1920928955078125e-07, 0.00012248754501342773, 0.00007742643356323242, 1, 7.171180271825506e-08, 2.8871003365793513e-08, -7.299239968006077e-08, 0.616595447063446, 0.7872803211212158, -2.7939672797572257e-09, -0.7872801423072815, 0.6165953874588013),
        }},
        {Time = 0.267, Data = {
            ["RightFoot"] = CFrame.new(1.0710209608078003e-08, 5.960464477539062e-07, -1.137887011282146e-07, 0.9045867919921875, 0.13835959136486053, -0.4032108783721924, -0.22930660843849182, 0.9552934169769287, -0.18663552403450012, 0.3593622148036957, 0.26128748059272766, 0.8958728313446045),
            ["LeftLowerArm"] = CFrame.new(3.8743019104003906e-07, 1.7881393432617188e-07, 2.7008354663848877e-08, 1, -8.940694584680386e-08, 1.9278370189113048e-07, 6.51925802230835e-08, -0.40477481484413147, -0.9144165515899658, 1.1920928955078125e-07, 0.9144164323806763, -0.4047747552394867),
            ["RightUpperArm"] = CFrame.new(0, -4.76837158203125e-07, -2.2351741790771484e-08, 0.9248636960983276, -0.35841110348701477, 0.12715652585029602, 0.34710556268692017, 0.9321717023849487, 0.10282901674509048, -0.1553867906332016, -0.05096609890460968, 0.9865381121635437),
            ["Head"] = CFrame.new(-7.450580596923828e-08, -0.0000010728836059570312, -5.21540641784668e-08, 0.9755522012710571, 0.09407468140125275, -0.19861483573913574, -0.08552807569503784, 0.9950193762779236, 0.051199771463871, 0.2024422436952591, -0.032960906624794006, 0.9787393808364868),
            ["RightHand"] = CFrame.new(-2.980232238769531e-07, -5.960464477539063e-08, -2.086162567138672e-07, 0.9165266752243042, 0.3948014974594116, -0.06411485373973846, -0.3508910834789276, 0.8705957531929016, 0.3448745906352997, 0.19197513163089752, -0.29358941316604614, 0.9364565014839172),
            ["UpperTorso"] = CFrame.new(-1.4901161193847656e-08, -5.662441253662109e-07, 1.5832483768463135e-08, 0.987926185131073, -0.07689497619867325, 0.13449551165103912, 0.06065141409635544, 0.9908027648925781, 0.12096043676137924, -0.1425597369670868, -0.11134270578622818, 0.9835036993026733),
            ["HumanoidRootPart"] = CFrame.new(0, 0, 0, 1, 0, 0, 0, 1, 0, 0, 0, 1),
            ["RightUpperLeg"] = CFrame.new(1.7881393432617188e-07, -6.609479896724224e-07, -3.894820110872388e-08, 0.9983460903167725, -0.05741410702466965, -0.0029475963674485683, 0.0302319023758173, 0.5679121017456055, -0.8225335478782654, 0.04889901354908943, 0.8210843205451965, 0.5687090158462524),
            ["LeftUpperArm"] = CFrame.new(0, -0.0000010728836059570312, 7.450580596923828e-09, 0.8183456659317017, 0.5746414065361023, 0.00987777579575777, -0.5644086599349976, 0.8002937436103821, 0.20241788029670715, 0.10841260105371475, -0.17122285068035126, 0.9792494177818298),
            ["RightLowerArm"] = CFrame.new(-1.7881393432617188e-07, -2.980232238769531e-07, 5.960464477539063e-08, 1, -3.3352986150703146e-08, 1.1175873737556685e-07, 4.4703497792397684e-08, -0.34331104159355164, -0.9392218589782715, 1.2665991278026922e-07, 0.9392217397689819, -0.3433111310005188),
            ["LeftHand"] = CFrame.new(-4.5821070671081543e-07, -5.960464477539063e-08, -1.1920928955078125e-07, 0.8952698707580566, 0.08032233268022537, 0.43822386860847473, -0.2062210589647293, 0.9466100931167603, 0.24779479205608368, -0.39492371678352356, -0.312214195728302, 0.8640356063842773),
            ["LeftFoot"] = CFrame.new(9.313225746154785e-10, 0, -1.0244548320770264e-08, 0.9121913909912109, 0.009951120242476463, 0.4096437692642212, 0.1855619102716446, 0.8812918663024902, -0.43461647629737854, -0.3653404116630554, 0.47246766090393066, 0.8020601868629456),
