return {
    ["Vibin'"] = {
        {Time = 0.000, Data = {
            ["LeftFoot"] = CFrame.new(3.3760443329811096e-09, 5.960464477539063e-08, 2.444721758365631e-08, 0.9986658692359924, 0.04964711517095566, 0.01420305110514164, -0.051262833178043365, 0.9862851500511169, 0.15688760578632355, -0.006219201721251011, -0.1574065238237381, 0.9875143766403198),
            ["LeftLowerArm"] = CFrame.new(1.1920928955078125e-07, -2.980232238769531e-07, -1.4901161193847656e-08, 1, -3.987225127843885e-08, 1.1175869119028903e-08, 3.81842291119483e-08, 0.9287578463554382, -0.3706870675086975, 8.847565347025466e-09, 0.3706870377063751, 0.9287578463554382),
            ["LowerTorso"] = CFrame.new(-0.10409007966518402, 0.046276092529296875, -0.13718795776367188, 0.8690055012702942, 0.10111032426357269, -0.4843616783618927, -0.04981626197695732, 0.9918034672737122, 0.11766201257705688, 0.49228835105895996, -0.07811983674764633, 0.8669196367263794),
            ["Head"] = CFrame.new(0, 2.384185791015625e-07, -1.043081283569336e-07, 0.8843733668327332, 0.09673237800598145, 0.4566470980644226, -0.16691656410694122, 0.9791414737701416, 0.11584857106208801, -0.4359157383441925, -0.17867538332939148, 0.8820729851722717),
            ["RightUpperArm"] = CFrame.new(0, 1.1920928955078125e-07, -1.6391277313232422e-07, 0.9826770424842834, 0.13519354164600372, 0.126761794090271, -0.17157992720603943, 0.922195315361023, 0.3465777337551117, -0.07004401832818985, -0.36232373118400574, 0.9294166564941406),
            ["UpperTorso"] = CFrame.new(-7.450580596923828e-09, -2.384185791015625e-07, 5.587935447692871e-09, 0.9735251665115356, 0.03841633349657059, -0.22532851994037628, -0.000013697892427444458, 0.9857857823371887, 0.16800770163536072, 0.22857984900474548, -0.16355665028095245, 0.9596877694129944),
            ["HumanoidRootPart"] = CFrame.new(0, 0, 0, 1, 0, 0, 0, 1, 0, 0, 0, 1),
            ["RightHand"] = CFrame.new(8.940696716308594e-08, 0, 2.682209014892578e-07, 0.8244276642799377, -0.28306037187576294, 0.49009785056114197, -0.1007353886961937, 0.7787313461303711, 0.6192170977592468, -0.556930422782898, -0.5598700046539307, 0.6134934425354004),
            ["LeftUpperArm"] = CFrame.new(0, 0, -5.960464477539063e-08, 0.7755635380744934, -0.10034816712141037, -0.6232427358627319, -0.10250723361968994, 0.9541618824005127, -0.2811894118785858, 0.6228912472724915, 0.2819671630859375, 0.7297266721725464),
            ["RightLowerArm"] = CFrame.new(1.1920928955078125e-07, -4.76837158203125e-07, 2.9802322387695312e-08, 1, -2.9802322387695312e-08, 7.450580596923828e-09, 0, 0.9991848468780518, -0.040370598435401917, 7.4505797087454084e-09, 0.04037050902843475, 0.999184787273407),
            ["LeftHand"] = CFrame.new(-1.6763806343078613e-07, 0, -1.043081283569336e-07, 0.5260956287384033, 0.4181552231311798, -0.7405199408531189, -0.6600155234336853, 0.749875009059906, -0.04546424373984337, 0.5362861752510071, 0.5126730799674988, 0.6704948544502258),
            ["RightUpperLeg"] = CFrame.new(5.960464477539063e-08, 5.736947059631348e-07, 6.535992724820971e-08, 0.966667115688324, 0.1767730414867401, -0.1852189153432846, -0.25594690442085266, 0.6863142251968384, -0.6807820200920105, 0.006774583365768194, 0.7054956555366516, 0.7086817622184753),
            ["LeftUpperLeg"] = CFrame.new(-5.960464477539063e-08, 8.475035429000854e-07, -4.470348358154297e-08, 0.9189984202384949, -0.2941007614135742, 0.2625773251056671, 0.3158954083919525, 0.9477707743644714, -0.0440526157617569, -0.23590731620788574, 0.1234312430024147, 0.9639047980308533),
            ["RightLowerLeg"] = CFrame.new(-7.450580596923828e-08, -0.000003516674041748047, -0.000013245437003206462, 1, -1.4901162614933128e-07, -8.591450750827789e-08, 8.195639367158947e-08, 0.7872492074966431, 0.6166347861289978, -1.0430814256778831e-07, -0.6166351437568665, 0.7872493863105774),
            ["RightFoot"] = CFrame.new(1.4901161193847656e-08, 4.172325134277344e-07, -1.0986695997416973e-09, 0.9725404977798462, -0.13823723793029785, -0.18723100423812866, 0.2218891680240631, 0.7934557795524597, 0.5667392611503601, 0.07021509110927582, -0.5927213430404663, 0.8023410439491272),
            ["LeftLowerLeg"] = CFrame.new(0, 0.000003993511199951172, 0.000013299286365509033, 1, -4.470347647611561e-08, 2.2351747119842003e-08, -6.146726150291215e-08, 0.9769559502601624, 0.2134414166212082, 4.936007158562461e-08, -0.21344134211540222, 0.9769559502601624),
        }},
        {Time = 0.033, Data = {
            ["LeftFoot"] = CFrame.new(1.5366822481155396e-08, -1.1920928955078125e-07, -3.725290298461914e-09, 0.9987057447433472, 0.049693554639816284, 0.010835879482328892, -0.0502985417842865, 0.996583104133606, 0.0655156821012497, -0.0075432369485497475, -0.06597607582807541, 0.9977927207946777),
            ["LeftLowerArm"] = CFrame.new(1.1920928955078125e-07, 7.152557373046875e-07, 5.960464477539063e-08, 1, -5.21540641784668e-08, 3.725290742551124e-09, 3.725290653733282e-08, 0.8916972875595093, -0.45263224840164185, 1.9557775843281888e-08, 0.45263221859931946, 0.8916974067687988),
            ["LowerTorso"] = CFrame.new(-0.08710531145334244, 0.021664142608642578, -0.12507468461990356, 0.8781769275665283, 0.10992763936519623, -0.4655332863330841, -0.05617358535528183, 0.9902010560035706, 0.1278536021709442, 0.4750261604785919, -0.08612740784883499, 0.8757466673851013),
            ["Head"] = CFrame.new(8.195638656616211e-08, 1.1920928955078125e-07, -1.043081283569336e-07, 0.8847663998603821, 0.09819492697715759, 0.45557236671447754, -0.1568656861782074, 0.9832584857940674, 0.0927153080701828, -0.43884119391441345, -0.15349504351615906, 0.8853574395179749),
            ["RightUpperArm"] = CFrame.new(-5.960464477539063e-08, 3.5762786865234375e-07, -1.4901161193847656e-07, 0.9669167399406433, 0.08314220607280731, 0.24116282165050507, -0.1684645265340805, 0.9180297255516052, 0.35894468426704407, -0.19155123829841614, -0.38769689202308655, 0.901664674282074),
            ["UpperTorso"] = CFrame.new(0, -2.682209014892578e-07, 3.91155481338501e-08, 0.9674342274665833, 0.039656899869441986, -0.24999679625034332, -0.0004521086229942739, 0.9879201054573059, 0.15496383607387543, 0.2531222105026245, -0.1498042494058609, 0.9557656645774841),
            ["HumanoidRootPart"] = CFrame.new(0, 0, 0, 1, 0, 0, 0, 1, 0, 0, 0, 1),
            ["RightHand"] = CFrame.new(0, 2.384185791015625e-07, 7.450580596923828e-08, 0.8151375651359558, -0.23681941628456116, 0.5286466479301453, -0.09352856129407883, 0.8468319773674011, 0.5235725045204163, -0.5716670155525208, -0.4762272238731384, 0.6681352257728577),
            ["LeftUpperArm"] = CFrame.new(1.7881393432617188e-07, 1.1920928955078125e-07, -1.1920928955078125e-07, 0.812699019908905, -0.1601739376783371, -0.560236394405365, -0.06091010570526123, 0.9328550100326538, -0.35506558418273926, 0.5794915556907654, 0.3226854205131531, 0.7483740448951721),
            ["RightLowerArm"] = CFrame.new(1.7881393432617188e-07, -1.1920928955078125e-07, -2.980232238769531e-07, 1, 2.9802315282267955e-08, 4.470348358154297e-08, 1.4901155864777138e-08, 0.9977126121520996, -0.06759877502918243, -2.9802311729554276e-08, 0.06759876012802124, 0.9977126121520996),
            ["LeftHand"] = CFrame.new(-1.51805579662323e-07, -2.384185791015625e-07, -2.5331974029541016e-07, 0.6600309610366821, 0.34349295496940613, -0.6681104898452759, -0.5572187304496765, 0.8203269243240356, -0.12872904539108276, 0.503851592540741, 0.45724886655807495, 0.7328419089317322),
            ["RightUpperLeg"] = CFrame.new(1.1920928955078125e-07, -3.110617399215698e-07, 3.55576048605144e-08, 0.9685361981391907, 0.11636216938495636, -0.2199946939945221, -0.24823834002017975, 0.5147712230682373, -0.8206023573875427, 0.017760025337338448, 0.8493942022323608, 0.5274601578712463),
            ["LeftUpperLeg"] = CFrame.new(0, 4.116445779800415e-07, 4.470348358154297e-08, 0.924583375453949, -0.2876836657524109, 0.24976764619350433, 0.3159720003604889, 0.9453186392784119, -0.0808345302939415, -0.21285513043403625, 0.1536579430103302, 0.9649259448051453),
            ["RightLowerLeg"] = CFrame.new(5.960464477539063e-08, -0.0000035762786865234375, -0.000013334843970369548, 1, -4.768372150465439e-07, -1.2852254371864547e-07, 3.8743027630516735e-07, 0.5680572986602783, 0.8229888677597046, -2.3841863594498136e-07, -0.8229891061782837, 0.5680575370788574),
            ["RightFoot"] = CFrame.new(-1.4901161193847656e-08, 5.364418029785156e-07, -4.300818545743823e-08, 0.9781007766723633, -0.09398296475410461, -0.1857045292854309, 0.18784208595752716, 0.782863438129425, 0.5931612849235535, 0.08963412791490555, -0.6150544881820679, 0.7833732962608337),
            ["LeftLowerLeg"] = CFrame.new(1.4156103134155273e-07, 0.000003874301910400391, 0.000013247132301330566, 1, 2.2351738238057806e-08, 2.2351745343485163e-08, -4.4703490686970326e-08, 0.963403046131134, 0.268057256937027, 3.026798722771673e-08, -0.26805728673934937, 0.963403046131134),
        }},
        {Time = 0.067, Data = {
            ["LeftFoot"] = CFrame.new(-1.4901161193847656e-08, 5.960464477539063e-08, -1.862645149230957e-08, 0.9986689686775208, 0.05094411224126816, 0.008060404099524021, -0.05039897561073303, 0.9970751404762268, -0.05745613947510719, -0.010963816195726395, 0.05697343498468399, 0.9983155727386475),
            ["LeftLowerArm"] = CFrame.new(5.960464477539063e-08, -5.960464477539063e-08, 2.9802322387695312e-08, 1, -6.705523247774181e-08, 1.4901162970204496e-08, 5.5879368687783426e-08, 0.7965835332870483, -0.604528546333313, 5.587936779960501e-09, 0.604528546333313, 0.7965834736824036),
            ["LowerTorso"] = CFrame.new(-0.06718838214874268, -0.020995616912841797, -0.11351356655359268, 0.8981553912162781, 0.1310442090034485, -0.4196954667568207, -0.07141990214586258, 0.9853571057319641, 0.15482456982135773, 0.43383875489234924, -0.1090819388628006, 0.8943629264831543),
            ["Head"] = CFrame.new(8.195638656616211e-08, -1.1920928955078125e-07, 0, 0.8840785622596741, 0.09403693675994873, 0.4577796459197998, -0.1420818269252777, 0.9872627258300781, 0.07158979773521423, -0.4452165961265564, -0.1283331662416458, 0.8861788511276245),
            ["RightUpperArm"] = CFrame.new(-5.960464477539063e-08, -1.1920928955078125e-07, -4.470348358154297e-08, 0.9355536699295044, -0.039411257952451706, 0.3509790301322937, -0.10338648408651352, 0.9196646809577942, 0.37885111570358276, -0.33771395683288574, -0.39072197675704956, 0.8563209772109985),
            ["UpperTorso"] = CFrame.new(-4.6566128730773926e-09, -1.1920928955078125e-07, 9.313225746154785e-09, 0.9517199397087097, 0.04015413299202919, -0.3043301999568939, -0.0040263831615448, 0.9929553270339966, 0.11842156946659088, 0.30694136023521423, -0.11147884279489517, 0.9451769590377808),
            ["HumanoidRootPart"] = CFrame.new(0, 0, 0, 1, 0, 0, 0, 1, 0, 0, 0, 1),
            ["RightHand"] = CFrame.new(2.9802322387695312e-08, 2.384185791015625e-07, 2.980232238769531e-07, 0.8355656862258911, -0.1824266016483307, 0.5182185769081116, -0.08913003653287888, 0.8857525587081909, 0.4555198550224304, -0.5421123504638672, -0.4268055856227875, 0.7238447070121765),
            ["LeftUpperArm"] = CFrame.new(1.7881393432617188e-07, -1.1920928955078125e-07, -1.7881393432617188e-07, 0.8367462158203125, -0.21942710876464844, -0.5017045736312866, -0.014800962060689926, 0.9068058729171753, -0.42128869891166687, 0.5473908185958862, 0.3599374294281006, 0.7555186152458191),
            ["RightLowerArm"] = CFrame.new(2.384185791015625e-07, -2.384185791015625e-07, -2.086162567138672e-07, 1, -1.4901162970204496e-08, 3.725290653733282e-08, 1.4901159417490817e-08, 0.9849647283554077, -0.17275582253932953, 0, 0.17275582253932953, 0.9849647283554077),
            ["LeftHand"] = CFrame.new(7.450580596923828e-09, -1.7881393432617188e-07, -1.9371509552001953e-07, 0.8818001747131348, 0.13547107577323914, -0.4517478048801422, -0.2702348828315735, 0.9301581382751465, -0.24855385720729828, 0.38652503490448, 0.3412528932094574, 0.8568225502967834),
            ["RightUpperLeg"] = CFrame.new(0, -3.91155481338501e-08, 2.0656443666666746e-08, 0.9727524518966675, -0.00550090754404664, -0.23178090155124664, -0.22594386339187622, 0.20164687931537628, -0.9530413746833801, 0.05198068544268608, 0.9794428944587708, 0.19490943849086761),
            ["LeftUpperLeg"] = CFrame.new(-1.1920928955078125e-07, 4.6938657760620117e-07, 4.470348358154297e-08, 0.9323970079421997, -0.2824667692184448, 0.2254958301782608, 0.32495567202568054, 0.9282768964767456, -0.18084770441055298, -0.15823902189731598, 0.24189800024032593, 0.9573118090629578),
            ["RightLowerLeg"] = CFrame.new(2.9802322387695312e-08, -0.0000037550926208496094, -0.000013252887583803385, 1, 7.450580596923828e-08, 6.332996349556197e-08, -8.195638656616211e-08, 0.20513132214546204, 0.97873455286026, 0, -0.9787344932556152, 0.2051314115524292),
            ["RightFoot"] = CFrame.new(5.960464477539063e-08, 2.980232238769531e-07, -5.045876605436206e-08, 0.9861228466033936, -0.034707169979810715, -0.1623493880033493, 0.13476042449474335, 0.7384780645370483, 0.6606736183166504, 0.09696116298437119, -0.6733837723731995, 0.7329072952270508),
            ["LeftLowerLeg"] = CFrame.new(-8.195638656616211e-08, 0.000003635883331298828, 0.000013362616300582886, 1, -5.215407838932151e-08, -5.2154071283894154e-08, -1.5832487321176814e-08, 0.9175942540168762, 0.39751842617988586, -2.328306969445748e-08, -0.39751845598220825, 0.9175942540168762),
        }},
        {Time = 0.100, Data = {
            ["LeftFoot"] = CFrame.new(4.563480615615845e-08, 5.960464477539063e-08, -1.862645149230957e-08, 0.9990591406822205, 0.042869683355093, 0.0065674385987222195, -0.0421825535595417, 0.9956933856010437, -0.08255601674318314, -0.010078311897814274, 0.08220108598470688, 0.9965648651123047),
            ["LeftLowerArm"] = CFrame.new(2.980232238769531e-07, 0, -5.960464477539063e-08, 1, -7.450581307466564e-08, 0, 5.960465898624534e-08, 0.7114099860191345, -0.7027773261070251, 7.4505820180093e-08, 0.7027772665023804, 0.7114099264144897),
            ["LowerTorso"] = CFrame.new(-0.04558370262384415, -0.03574705123901367, -0.10216009616851807, 0.918414294719696, 0.15644262731075287, -0.36337435245513916, -0.08978685736656189, 0.9769493937492371, 0.19367077946662903, 0.38529667258262634, -0.1452437788248062, 0.91129070520401),
            ["Head"] = CFrame.new(3.725290298461914e-08, -1.1920928955078125e-07, -5.960464477539063e-08, 0.8847835659980774, 0.08748052269220352, 0.4577173590660095, -0.12683141231536865, 0.9903484582901001, 0.05589064955711365, -0.44841039180755615, -0.1075039952993393, 0.8873392939567566),
            ["RightUpperArm"] = CFrame.new(-1.7881393432617188e-07, -1.1920928955078125e-07, -1.1920928955078125e-07, 0.8895328640937805, -0.18258951604366302, 0.41879892349243164, -0.012239682488143444, 0.9068140387535095, 0.42135339975357056, -0.4567074775695801, -0.37993353605270386, 0.804405927658081),
            ["UpperTorso"] = CFrame.new(-2.7939677238464355e-08, -2.682209014892578e-07, 2.9802322387695312e-08, 0.9327948689460754, 0.035254720598459244, -0.3586794435977936, -0.01354135200381279, 0.9979298114776611, 0.06287074089050293, 0.360153466463089, -0.053788505494594574, 0.9313411712646484),
            ["HumanoidRootPart"] = CFrame.new(0, 0, 0, 1, 0, 0, 0, 1, 0, 0, 0, 1),
            ["RightHand"] = CFrame.new(-8.940696716308594e-08, 2.384185791015625e-07, 7.450580596923828e-08, 0.871369481086731, -0.1293640285730362, 0.473265677690506, -0.0877605751156807, 0.907958447933197, 0.40976789593696594, -0.4827146828174591, -0.3985932767391205, 0.7798140048980713),
            ["LeftUpperArm"] = CFrame.new(2.384185791015625e-07, -1.1920928955078125e-07, 5.960464477539063e-08, 0.8518486618995667, -0.274624228477478, -0.4460217356681824, 0.03594006970524788, 0.8801698088645935, -0.4732964336872101, 0.522553563117981, 0.38714683055877686, 0.7596414089202881),
            ["RightLowerArm"] = CFrame.new(4.76837158203125e-07, -9.5367431640625e-07, -2.086162567138672e-07, 1, -2.9802318834981634e-08, -3.725290742551124e-09, 5.960463766996327e-08, 0.94671231508255, -0.32208022475242615, -7.4505797087454084e-09, 0.3220803439617157, 0.9467123746871948),
            ["LeftHand"] = CFrame.new(-1.564621925354004e-07, -3.5762786865234375e-07, -8.940696716308594e-08, 0.9720720052719116, -0.13724011182785034, -0.19037140905857086, 0.08315219730138779, 0.9599740505218506, -0.26746153831481934, 0.21945802867412567, 0.24416202306747437, 0.9445756077766418),
            ["RightUpperLeg"] = CFrame.new(0, 2.849847078323364e-07, 1.1006341082975268e-07, 0.975694477558136, -0.11164376139640808, -0.188563272356987, -0.19172385334968567, -0.018188713118433952, -0.9812803864479065, 0.10612426698207855, 0.9935818314552307, -0.039151597768068314),
            ["LeftUpperLeg"] = CFrame.new(0, 5.364418029785156e-07, 4.470348358154297e-08, 0.9398339986801147, -0.28960520029067993, 0.1812208890914917, 0.32902389764785767, 0.9100839495658875, -0.25197315216064453, -0.09195349365472794, 0.2964390814304352, 0.9506149291992188),
            ["RightLowerLeg"] = CFrame.new(-1.043081283569336e-07, -0.0000035762786865234375, -0.000013588163710664958, 1, -1.3038510360274813e-07, -1.2293465090351674e-07, 1.3411047916633834e-07, -0.0327577069401741, 0.9994633197784424, -7.823111758398227e-08, -0.9994633197784424, -0.03275752440094948),
            ["RightFoot"] = CFrame.new(-4.470348358154297e-08, 5.364418029785156e-07, 7.620110409334302e-08, 0.9923727512359619, -0.012168335728347301, -0.12267158925533295, 0.09216970205307007, 0.734050452709198, 0.6728106141090393, 0.08185993880033493, -0.6789860129356384, 0.7295735478401184),
            ["LeftLowerLeg"] = CFrame.new(-5.21540641784668e-08, 0.0000040531158447265625, 0.00001329183578491211, 1, 1.5646217832454568e-07, 1.4901162970204496e-08, -9.546057810894126e-08, 0.9035751223564148, 0.4284296929836273, 4.284084198502569e-08, -0.42842966318130493, 0.9035751223564148),
        }},
        {Time = 0.133, Data = {
            ["LeftFoot"] = CFrame.new(-2.0954757928848267e-08, -5.960464477539063e-08, -1.210719347000122e-08, 0.999868631362915, 0.015307627618312836, 0.005346953868865967, -0.01544220931828022, 0.9995391368865967, 0.026135370135307312, -0.0049445112235844135, -0.02621464990079403, 0.9996441602706909),
            ["LeftLowerArm"] = CFrame.new(-2.9802322387695312e-08, 0, -5.960464477539063e-08, 1, -1.0430815677864302e-07, 5.21540641784668e-08, 5.215407838932151e-08, 0.6928435564041138, -0.7210880517959595, 8.195640788244418e-08, 0.7210880517959595, 0.6928434371948242),
            ["LowerTorso"] = CFrame.new(-0.023539725691080093, -0.012952089309692383, -0.09073635935783386, 0.9331545233726501, 0.1756235659122467, -0.313654363155365, -0.1052359938621521, 0.9677703380584717, 0.2287927120923996, 0.3437267541885376, -0.18049122393131256, 0.9215611219406128),
            ["Head"] = CFrame.new(9.685754776000977e-08, -1.1920928955078125e-07, -5.960464477539063e-08, 0.8896498084068298, 0.08152387291193008, 0.44930750131607056, -0.1145491749048233, 0.9923163652420044, 0.04676356166601181, -0.44204282760620117, -0.09307094663381577, 0.8921524882316589),
            ["RightUpperArm"] = CFrame.new(-1.1920928955078125e-07, -1.1920928955078125e-07, -2.9802322387695312e-08, 0.8538216352462769, -0.3081687390804291, 0.41954827308654785, 0.08559239655733109, 0.8780854344367981, 0.4707867503166199, -0.5134809017181396, -0.36605775356292725, 0.7761051058769226),
            ["UpperTorso"] = CFrame.new(1.862645149230957e-08, -3.2782554626464844e-07, -1.862645149230957e-08, 0.9211971759796143, 0.02259952947497368, -0.3884391784667969, -0.02230139449238777, 0.9997373819351196, 0.005276575684547424, 0.38845643401145935, 0.003801979124546051, 0.9214592576026917),
            ["HumanoidRootPart"] = CFrame.new(0, 0, 0, 1, 0, 0, 0, 1, 0, 0, 0, 1),
            ["RightHand"] = CFrame.new(-7.450580596923828e-08, 5.960464477539063e-08, 2.980232238769531e-07, 0.9094964861869812, -0.0834050253033638, 0.40725892782211304, -0.08399370312690735, 0.9225931763648987, 0.37651947140693665, -0.40713798999786377, -0.3766503930091858, 0.8320896625518799),
            ["LeftUpperArm"] = CFrame.new(1.7881393432617188e-07, -1.1920928955078125e-07, 0, 0.853478193283081, -0.3409918546676636, -0.3940808176994324, 0.09635405242443085, 0.8464243412017822, -0.5237192511558533, 0.5121435523033142, 0.4090116024017334, 0.7552605271339417),
            ["RightLowerArm"] = CFrame.new(2.384185791015625e-07, -4.172325134277344e-07, -4.470348358154297e-07, 1, -4.0978193283081055e-08, 1.6763808119435453e-08, 5.5879347371501353e-08, 0.8769123554229736, -0.48065030574798584, 3.7252898543727042e-09, 0.4806503653526306, 0.8769123554229736),
            ["LeftHand"] = CFrame.new(1.4901161193847656e-08, -4.76837158203125e-07, -1.862645149230957e-07, 0.932806670665741, -0.3601911664009094, 0.01158522441983223, 0.35338082909584045, 0.9079195857048035, -0.22539766132831573, 0.0706677958369255, 0.21434640884399414, 0.974198043346405),
            ["RightUpperLeg"] = CFrame.new(5.960464477539063e-08, 2.1420419216156006e-08, -1.6596459317952394e-08, 0.9740878939628601, -0.16502796113491058, -0.15465624630451202, -0.16074441373348236, -0.024115948006510735, -0.9867013692855835, 0.15910378098487854, 0.9859939813613892, -0.05001876503229141),
            ["LeftUpperLeg"] = CFrame.new(5.960464477539063e-08, 6.295740604400635e-07, -8.940696716308594e-08, 0.9462766647338867, -0.28144335746765137, 0.15921705961227417, 0.3212093114852905, 0.8748127222061157, -0.36266660690307617, -0.03721485659480095, 0.39432498812675476, 0.9182173013687134),
            ["RightLowerLeg"] = CFrame.new(6.146728992462158e-08, -0.0000036954879760742188, -0.000013357195712160319, 1, -1.4156096028727916e-07, -1.2665995541283337e-07, 1.3038514623531228e-07, -0.02910575456917286, 0.9995763301849365, -1.5646217832454568e-07, -0.9995763897895813, -0.029105661436915398),
            ["RightFoot"] = CFrame.new(9.313225746154785e-09, 1.7881393432617188e-07, -5.790934665128589e-08, 0.9962993860244751, -0.010841653682291508, -0.08526548743247986, 0.06468716263771057, 0.7477965354919434, 0.6607685089111328, 0.05659729987382889, -0.6638395190238953, 0.7457311153411865),
            ["LeftLowerLeg"] = CFrame.new(0, 0.0000037550926208496094, 0.00001333281397819519, 1, 0, 2.235175244891252e-08, -2.2351736461700966e-08, 0.8632521629333496, 0.5047731995582581, -2.9802315282267955e-08, -0.5047730207443237, 0.8632521033287048),
        }},
        {Time = 0.167, Data = {
            ["LeftFoot"] = CFrame.new(8.498318493366241e-09, -1.1920928955078125e-07, 2.2351741790771484e-08, 0.9915639758110046, -0.11978582292795181, -0.0495201051235199, 0.12477333098649979, 0.98557448387146, 0.1143447756767273, 0.03510897234082222, -0.1195591390132904, 0.9922061562538147),
            ["LeftLowerArm"] = CFrame.new(5.960464477539063e-08, 5.960464477539063e-08, 0, 1, -8.195639367158947e-08, -1.4901159417490817e-08, 7.4505820180093e-08, 0.6930099725723267, -0.7209279537200928, -2.980232949312267e-08, 0.7209279537200928, 0.6930100321769714),
            ["LowerTorso"] = CFrame.new(-0.0023079898674041033, 0.030199050903320312, -0.07952024042606354, 0.9437872171401978, 0.18321022391319275, -0.2751358151435852, -0.11444403976202011, 0.961976945400238, 0.2479981780052185, 0.31011006236076355, -0.2025698870420456, 0.9288687705993652),
            ["Head"] = CFrame.new(1.1920928955078125e-07, 0, 1.4901161193847656e-08, 0.9016579389572144, 0.07700681686401367, 0.4255385100841522, -0.10505110025405884, 0.9935457110404968, 0.042793694883584976, -0.4194965958595276, -0.08328854292631149, 0.9039279222488403),
            ["RightUpperArm"] = CFrame.new(-1.1920928955078125e-07, -2.384185791015625e-07, -5.960464477539063e-08, 0.8539391160011292, -0.38648492097854614, 0.34845027327537537, 0.1856578141450882, 0.851826548576355, 0.48981910943984985, -0.4861268997192383, -0.3535832464694977, 0.7991618514060974),
            ["UpperTorso"] = CFrame.new(-7.450580596923828e-09, -2.682209014892578e-07, 5.587935447692871e-09, 0.9233916997909546, 0.006252498831599951, -0.38380810618400574, -0.022114582359790802, 0.9990732669830322, -0.03692919388413429, 0.38322144746780396, 0.04258786141872406, 0.9226741790771484),
            ["HumanoidRootPart"] = CFrame.new(0, 0, 0, 1, 0, 0, 0, 1, 0, 0, 0, 1),
            ["RightHand"] = CFrame.new(-8.940696716308594e-08, 3.5762786865234375e-07, 1.4156103134155273e-07, 0.941027045249939, -0.04907167702913284, 0.33475393056869507, -0.07297603040933609, 0.936696469783783, 0.34245359897613525, -0.3303675353527069, -0.34668710827827454, 0.8778755068778992),
            ["LeftUpperArm"] = CFrame.new(1.1920928955078125e-07, 2.384185791015625e-07, 5.960464477539063e-08, 0.8528832197189331, -0.39072656631469727, -0.34629911184310913, 0.15601661801338196, 0.8237043023109436, -0.5451331734657288, 0.49824607372283936, 0.41090652346611023, 0.7634834051132202),
            ["RightLowerArm"] = CFrame.new(5.364418029785156e-07, -1.7881393432617188e-07, 1.1920928955078125e-07, 1, -6.239861249923706e-08, 1.0826624041726518e-08, 5.029141192380848e-08, 0.786910355091095, -0.6170673370361328, -1.8626449271863521e-09, 0.6170673370361328, 0.786910355091095),
            ["LeftHand"] = CFrame.new(1.043081283569336e-07, -3.5762786865234375e-07, -4.172325134277344e-07, 0.8594864010810852, -0.4844949245452881, 0.1629350185394287, 0.5090348720550537, 0.8402947187423706, -0.18651622533798218, -0.04654720053076744, 0.24324774742126465, 0.9688466787338257),
            ["RightUpperLeg"] = CFrame.new(0, -3.0640512704849243e-07, 7.281050784513354e-08, 0.9696207046508789, -0.20011690258979797, -0.14067262411117554, -0.10957630723714828, 0.15881411731243134, -0.9812090396881104, 0.21869756281375885, 0.9668149948120117, 0.1320611834526062),
            ["LeftUpperLeg"] = CFrame.new(-5.960464477539063e-08, 7.82310962677002e-08, -4.470348358154297e-08, 0.957562267780304, -0.22811076045036316, 0.17618221044540405, 0.28278324007987976, 0.8617647886276245, -0.42118263244628906, -0.05575130879878998, 0.45313021540641785, 0.889699399471283),
            ["RightLowerLeg"] = CFrame.new(-3.725290298461914e-08, -0.0000036954879760742188, -0.000013036820746492594, 1, -0.0000010132790748684783, -6.370246978804062e-07, 7.152558509915252e-07, 0.16159674525260925, 0.9868569374084473, -7.301570121853729e-07, -0.9868569374084473, 0.16159673035144806),
            ["RightFoot"] = CFrame.new(-1.4901161193847656e-08, 5.364418029785156e-07, 4.639878170564771e-08, 0.999285876750946, -0.011938942596316338, -0.03584961220622063, 0.03092486411333084, 0.8035687804222107, 0.5944079756736755, 0.021710867062211037, -0.595092236995697, 0.8033642172813416),
            ["LeftLowerLeg"] = CFrame.new(2.2351741790771484e-08, 0.000003814697265625, 0.000013262033462524414, 1, -7.450578820566989e-09, 2.2351748896198842e-08, -2.2351738238057806e-08, 0.8261759281158447, 0.563412606716156, -5.587934559514451e-09, -0.5634122490882874, 0.8261756896972656),
        }},
        {Time = 0.200, Data = {
            ["LeftFoot"] = CFrame.new(9.313225746154785e-10, 1.7881393432617188e-07, 2.7939677238464355e-08, 0.9458119869232178, -0.272665411233902, -0.17633254826068878, 0.30202972888946533, 0.938130259513855, 0.1693810671567917, 0.11923848092556, -0.21346023678779602, 0.9696478843688965),
            ["LeftLowerArm"] = CFrame.new(-8.940696716308594e-08, -1.1920928955078125e-07, -5.960464477539063e-08, 1, -8.195639367158947e-08, 1.4901159417490817e-08, 7.823110337312755e-08, 0.6919925808906555, -0.7219046354293823, 2.2351745343485163e-08, 0.7219046354293823, 0.6919925808906555),
            ["LowerTorso"] = CFrame.new(0.015184156596660614, 0.0720052719116211, -0.06900081783533096, 0.9525023102760315, 0.17883238196372986, -0.24649201333522797, -0.11499950289726257, 0.9607077240943909, 0.25261810421943665, 0.28198307752609253, -0.21227288246154785, 0.935641884803772),
            ["Head"] = CFrame.new(2.2351741790771484e-08, 7.152557373046875e-07, 8.940696716308594e-08, 0.921787440776825, 0.07309916615486145, 0.3807421624660492, -0.09715692698955536, 0.994281530380249, 0.04432620853185654, -0.37532463669776917, -0.0778510570526123, 0.9236181974411011),
            ["RightUpperArm"] = CFrame.new(-5.960464477539063e-08, 4.76837158203125e-07, -4.470348358154297e-08, 0.8910405039787292, -0.3985837996006012, 0.21720466017723083, 0.2699546217918396, 0.8499971628189087, 0.4523598253726959, -0.36492666602134705, -0.3444354832172394, 0.8649812936782837),
            ["UpperTorso"] = CFrame.new(1.4901161193847656e-08, -1.7881393432617188e-07, -3.725290298461914e-08, 0.9416270852088928, -0.007783163338899612, -0.33656802773475647, -0.012905290350317955, 0.9981634020805359, -0.05918816477060318, 0.3364105522632599, 0.06007670238614082, 0.9397972822189331),
            ["HumanoidRootPart"] = CFrame.new(0, 0, 0, 1, 0, 0, 0, 1, 0, 0, 0, 1),
            ["RightHand"] = CFrame.new(-3.129243850708008e-07, 0, 1.6391277313232422e-07, 0.9617456197738647, -0.031018611043691635, 0.2721826434135437, -0.052041660994291306, 0.954788088798523, 0.29269710183143616, -0.2689557373523712, -0.29566490650177, 0.916648805141449),
            ["LeftUpperArm"] = CFrame.new(1.1920928955078125e-07, 4.76837158203125e-07, 1.4901161193847656e-07, 0.8633094429969788, -0.31294095516204834, -0.3959353566169739, 0.11477989703416824, 0.8857261538505554, -0.4497942626476288, 0.49144941568374634, 0.3428661525249481, 0.8005749583244324),
            ["RightLowerArm"] = CFrame.new(3.5762786865234375e-07, 5.960464477539063e-08, -2.980232238769531e-07, 1, -5.4016709327697754e-08, 2.421439049271612e-08, 7.613561336938801e-08, 0.7054429054260254, -0.708766758441925, -7.4505797087454084e-09, 0.7087668180465698, 0.7054429650306702),
            ["LeftHand"] = CFrame.new(-1.2665987014770508e-07, -2.384185791015625e-07, 6.332993507385254e-08, 0.824315071105957, -0.5090601444244385, 0.24771460890769958, 0.5579942464828491, 0.8044824600219727, -0.20359382033348083, -0.09564055502414703, 0.30604881048202515, 0.9471995830535889),
            ["RightUpperLeg"] = CFrame.new(1.7881393432617188e-07, 1.0710209608078003e-07, -1.6596459317952394e-08, 0.9681926965713501, -0.18311992287635803, -0.17049983143806458, -0.08191708475351334, 0.41188669204711914, -0.9075456857681274, 0.23641619086265564, 0.8926457166671753, 0.3837848901748657),
            ["LeftUpperLeg"] = CFrame.new(0, 5.364418029785156e-07, -5.21540641784668e-08, 0.9608737826347351, -0.07279141992330551, 0.2672511339187622, 0.20757228136062622, 0.8280846476554871, -0.5207588076591492, -0.18339966237545013, 0.555857241153717, 0.8107941746711731),
            ["RightLowerLeg"] = CFrame.new(0, -0.000003933906555175781, -0.00001306662306888029, 1, -3.5762803918260033e-07, -1.6018759652070003e-07, 2.9802333756379085e-07, 0.4415847659111023, 0.8972193598747253, -1.3411049337719305e-07, -0.8972195982933044, 0.4415852725505829),
            ["RightFoot"] = CFrame.new(-7.450580596923828e-09, 4.172325134277344e-07, 4.639878170564771e-08, 0.9983066320419312, -0.03602304309606552, -0.045675765722990036, 0.05106109008193016, 0.9188143610954285, 0.3913733661174774, 0.027869129553437233, -0.39304280281066895, 0.9190977811813354),
            ["LeftLowerLeg"] = CFrame.new(2.2351741790771484e-08, 0.000003993511199951172, 0.000013232231140136719, 1, -1.210719613453648e-08, 4.284084198502569e-08, -4.0978196835794733e-08, 0.6918555498123169, 0.7220361828804016, -5.587936335871291e-09, -0.7220360636711121, 0.6918553709983826),
        }},
        {Time = 0.233, Data = {
            ["LeftFoot"] = CFrame.new(7.916241884231567e-08, -1.7881393432617188e-07, -1.4901161193847656e-08, 0.9472710490226746, -0.246130108833313, -0.20517723262310028, 0.2925112843513489, 0.925630509853363, 0.24009470641613007, 0.13082391023635864, -0.28745120763778687, 0.9488186836242676),
            ["LeftLowerArm"] = CFrame.new(2.9802322387695312e-08, -1.1920928955078125e-07, 5.960464477539063e-08, 1, -2.2351741790771484e-08, 4.470348358154297e-08, 4.6566128730773926e-08, 0.7972244024276733, -0.6036830544471741, -1.862645149230957e-09, 0.6036831140518188, 0.7972244620323181),
            ["LowerTorso"] = CFrame.new(0.027302928268909454, 0.09076333045959473, -0.05888991057872772, 0.9615024328231812, 0.1556527316570282, -0.2264629751443863, -0.09816998243331909, 0.9642921686172485, 0.24597427248954773, 0.256663054227829, -0.21427299082279205, 0.9424495697021484),
            ["Head"] = CFrame.new(1.4901161193847656e-08, -3.5762786865234375e-07, -1.4901161193847656e-08, 0.9467086791992188, 0.06889628618955612, 0.3146364688873291, -0.0877397283911705, 0.9950758218765259, 0.04610705003142357, -0.30991053581237793, -0.07125606387853622, 0.9480918049812317),
            ["RightUpperArm"] = CFrame.new(-5.960464477539063e-08, -1.1920928955078125e-07, -2.2351741790771484e-08, 0.9410834908485413, -0.33706462383270264, 0.02737589180469513, 0.307109534740448, 0.8857218027114868, 0.3481101393699646, -0.14158301055431366, -0.3191933035850525, 0.937053918838501),
            ["UpperTorso"] = CFrame.new(-2.9802322387695312e-08, -4.172325134277344e-07, -1.862645149230957e-08, 0.9692009687423706, -0.004964467138051987, -0.24622134864330292, -0.008597802370786667, 0.9985052943229675, -0.05397592484951019, 0.24612128734588623, 0.05443049222230911, 0.967709481716156),
            ["HumanoidRootPart"] = CFrame.new(0, 0, 0, 1, 0, 0, 0, 1, 0, 0, 0, 1),
            ["RightHand"] = CFrame.new(-1.4901161193847656e-08, 2.980232238769531e-07, 1.7881393432617188e-07, 0.9706357717514038, -0.03485489264130592, 0.2380155622959137, -0.017199628055095673, 0.9768590927124023, 0.21319147944450378, -0.2399383932352066, -0.21102501451969147, 0.9475748538970947),
            ["LeftUpperArm"] = CFrame.new(1.1920928955078125e-07, -2.384185791015625e-07, 8.940696716308594e-08, 0.8842719197273254, -0.2211286425590515, -0.41129717230796814, 0.07174844294786453, 0.9346526861190796, -0.34824782609939575, 0.4614276587963104, 0.2784357964992523, 0.8423526883125305),
            ["RightLowerArm"] = CFrame.new(1.1920928955078125e-07, -4.76837158203125e-07, 1.7881393432617188e-07, 1, -1.862645149230957e-08, 3.352760913344355e-08, 8.195638656616211e-08, 0.670373260974884, -0.7420241236686707, 2.2351741790771484e-08, 0.7420240640640259, 0.6703733205795288),
            ["LeftHand"] = CFrame.new(8.940696716308594e-08, -2.980232238769531e-07, -3.129243850708008e-07, 0.8725625276565552, -0.42637938261032104, 0.2384013682603836, 0.4836697280406952, 0.8225409388542175, -0.2991490066051483, -0.06854385137557983, 0.3763338029384613, 0.9239451289176941),
            ["RightUpperLeg"] = CFrame.new(-2.9802322387695312e-08, 2.8870999813079834e-08, 9.516224963590503e-08, 0.9635074734687805, -0.12053021043539047, -0.23901008069515228, -0.08928374201059341, 0.6970515251159668, -0.7114406228065491, 0.2523525059223175, 0.7068179845809937, 0.6608527898788452),
            ["LeftUpperLeg"] = CFrame.new(-1.1920928955078125e-07, -2.9802322387695312e-08, 7.450580596923828e-09, 0.8942633867263794, 0.14679864048957825, 0.42278024554252625, 0.12434632331132889, 0.8259789943695068, -0.5498151183128357, -0.4299198091030121, 0.5442506670951843, 0.7203888893127441),
            ["RightLowerLeg"] = CFrame.new(4.470348358154297e-08, -0.000004172325134277344, -0.000013290140486788005, 1, -7.078051567077637e-08, -4.284083843231201e-08, 6.70552182668871e-08, 0.8107542991638184, 0.5853858590126038, 1.1175869119028903e-08, -0.5853865742683411, 0.8107548356056213),
            ["RightFoot"] = CFrame.new(-7.450580596923828e-09, 2.384185791015625e-07, -1.6931153368204832e-08, 0.9964510202407837, -0.06727751344442368, -0.050589419901371, 0.080796018242836, 0.9330243468284607, 0.3506249189376831, 0.023611953482031822, -0.3534676134586334, 0.9351485967636108),
            ["LeftLowerLeg"] = CFrame.new(-3.725290298461914e-08, 0.0000040531158447265625, 0.000013321638107299805, 1, 6.332994928470725e-08, -3.352760558072987e-08, -2.2351741790771484e-08, 0.6202998757362366, 0.7843650579452515, -1.5087425708770752e-07, -0.7843647599220276, 0.6202996373176575),
        }},
        {Time = 0.267, Data = {
            ["LeftFoot"] = CFrame.new(-4.190951585769653e-08, 0, -5.21540641784668e-08, 0.9845914840698242, -0.13590975105762482, -0.11003737151622772, 0.16325265169143677, 0.9399197697639465, 0.2998325228691101, 0.06267619132995605, -0.3131764531135559, 0.9476246237754822),
            ["LeftLowerArm"] = CFrame.new(4.172325134277344e-07, 5.960464477539063e-08, 1.4901161193847656e-07, 1, 1.4901162970204496e-08, -2.2351741790771484e-08, 6.984921085972928e-09, 0.9554411768913269, -0.2951817512512207, -3.166497464235363e-08, 0.2951817512512207, 0.9554411172866821),
            ["LowerTorso"] = CFrame.new(0.03473803773522377, 0.07703733444213867, -0.048971690237522125, 0.9707009196281433, 0.11527356505393982, -0.21083581447601318, -0.06494995206594467, 0.9706279039382935, 0.23165301978588104, 0.23134657740592957, -0.21117204427719116, 0.9496763348579407),
            ["Head"] = CFrame.new(7.450580596923828e-08, 0, -5.960464477539063e-08, 0.9690728783607483, 0.05857330188155174, 0.23972287774085999, -0.07145199179649353, 0.9964110851287842, 0.045382026582956314, -0.2362043559551239, -0.06110715866088867, 0.9697801470756531),
            ["RightUpperArm"] = CFrame.new(1.1920928955078125e-07, 0, -1.6391277313232422e-07, 0.9614732265472412, -0.20213551819324493, -0.18630780279636383, 0.23680877685546875, 0.9532132744789124, 0.18789896368980408, 0.1396099030971527, -0.22477905452251434, 0.9643564224243164),
            ["UpperTorso"] = CFrame.new(-3.91155481338501e-08, 0, 5.587935447692871e-09, 0.9912886023521423, 0.02026710845530033, -0.1301388442516327, -0.023906823247671127, 0.9993638396263123, -0.026466667652130127, 0.12951965630054474, 0.029347339645028114, 0.9911425113677979),
            ["HumanoidRootPart"] = CFrame.new(0, 0, 0, 1, 0, 0, 0, 1, 0, 0, 0, 1),
            ["RightHand"] = CFrame.new(4.470348358154297e-08, -5.960464477539063e-08, 2.980232238769531e-07, 0.9380856156349182, -0.2645583748817444, 0.22361664474010468, 0.26999154686927795, 0.9628407955169678, 0.006495372392237186, -0.21702557802200317, 0.05428143963217735, 0.9746555685997009),
            ["LeftUpperArm"] = CFrame.new(1.1920928955078125e-07, 1.1920928955078125e-07, 2.9802322387695312e-08, 0.9491847157478333, -0.24482126533985138, -0.19776542484760284, 0.16801761090755463, 0.925534725189209, -0.3393458425998688, 0.26611772179603577, 0.2888737618923187, 0.9196375608444214),
            ["RightLowerArm"] = CFrame.new(3.5762786865234375e-07, -6.556510925292969e-07, 3.5762786865234375e-07, 1, -9.685752644372769e-08, 0, 5.6810655735262117e-08, 0.7044051885604858, -0.7097981572151184, -7.450577932388569e-09, 0.7097980380058289, 0.7044052481651306),
            ["LeftHand"] = CFrame.new(5.960464477539063e-08, -3.5762786865234375e-07, -2.384185791015625e-07, 0.9974778890609741, 0.06980692595243454, 0.012841877527534962, -0.05448579043149948, 0.8690191507339478, -0.49176931381225586, -0.04548881947994232, 0.48982930183410645, 0.8706309199333191),
            ["RightUpperLeg"] = CFrame.new(5.960464477539063e-08, 3.0081719160079956e-07, 8.026108844205737e-08, 0.9553360939025879, -0.0774087980389595, -0.28520333766937256, -0.12221567332744598, 0.7751982808113098, -0.6197831034660339, 0.26906588673591614, 0.6269572973251343, 0.7311143279075623),
            ["LeftUpperLeg"] = CFrame.new(-5.960464477539063e-08, 6.51925802230835e-07, 4.470348358154297e-08, 0.7480897307395935, 0.2933160066604614, 0.5952542424201965, 0.04210155829787254, 0.8742250204086304, -0.4836922287940979, -0.6622607111930847, 0.3869064152240753, 0.641649603843689),
