return {
    ["Victory Flip"] = {
        {Time = 0.000, Data = {
            ["RightFoot"] = CFrame.new(-8.940696716308594e-08, 2.980232238769531e-07, 6.316258804872632e-08, 0.9881213903427124, 0.05506312474608421, -0.1434720754623413, 0.02120537869632244, 0.8758139610290527, 0.48218321800231934, 0.1522054225206375, -0.4794977307319641, 0.8642424941062927),
            ["LeftLowerArm"] = CFrame.new(0.0000010170042514801025, -0.000011205673217773438, 0.000031948089599609375, 1, -0.00021448085317388177, -0.000021435545932035893, 0.00017943093553185463, 0.88350909948349, -0.46841299533843994, 0.00011942686978727579, 0.4684141278266907, 0.883509635925293),
            ["RightUpperArm"] = CFrame.new(3.5762786865234375e-07, 0, 5.960464477539063e-08, 0.9374235272407532, 0.1867341250181198, 0.29388338327407837, -0.34272027015686035, 0.34580105543136597, 0.8734785914421082, 0.061483170837163925, -0.9195390939712524, 0.38815927505493164),
            ["Head"] = CFrame.new(-0.010526493191719055, 0.0002969503402709961, -0.03155088424682617, 0.7059814929962158, -0.0965505838394165, 0.7016183733940125, -0.12406665086746216, 0.9584853053092957, 0.25673654675483704, -0.6972787380218506, -0.2682986259460449, 0.6646940112113953),
            ["RightHand"] = CFrame.new(-2.086162567138672e-07, 5.960464477539063e-08, -8.940696716308594e-08, 0.8396029472351074, -0.5299785137176514, 0.11912054568529129, 0.4947294592857361, 0.8366203904151917, 0.23517774045467377, -0.22429834306240082, -0.1385243833065033, 0.9646251797676086),
            ["UpperTorso"] = CFrame.new(-2.9802322387695312e-08, -8.940696716308594e-08, 1.2665987014770508e-07, 0.956561267375946, 0.21956941485404968, 0.1917811781167984, -0.18071886897087097, 0.9627949595451355, -0.20091482996940613, -0.22876062989234924, 0.1575288623571396, 0.9606524705886841),
            ["HumanoidRootPart"] = CFrame.new(0, 0, 0, 1, 0, 0, 0, 1, 0, 0, 0, 1),
            ["RightUpperLeg"] = CFrame.new(-0.005008280277252197, -0.040763065218925476, 0.029102368280291557, 0.34486228227615356, -0.11839937418699265, -0.9311560392379761, 0.5144526362419128, 0.853589653968811, 0.08199570327997208, 0.7851168513298035, -0.5073127746582031, 0.3552817404270172),
            ["LeftUpperArm"] = CFrame.new(4.172325134277344e-07, 3.5762786865234375e-07, 1.4901161193847656e-07, 0.785203754901886, 0.23302753269672394, -0.573718249797821, -0.5787988901138306, -0.05313334986567497, -0.8137379288673401, -0.2201068252325058, 0.971017599105835, 0.09315547347068787),
            ["RightLowerArm"] = CFrame.new(-1.3783574104309082e-07, 0.000011205673217773438, -0.000031717121601104736, 1, -1.3411039390121005e-07, 5.960465188081798e-08, 1.043081283569336e-07, 0.16405534744262695, -0.9864510893821716, 8.195638656616211e-08, 0.9864510893821716, 0.16405557096004486),
            ["LeftHand"] = CFrame.new(5.662441253662109e-07, 0, -1.7881393432617188e-07, 0.8541033267974854, 0.5026296973228455, 0.13368216156959534, -0.3543366491794586, 0.7504867911338806, -0.5578666925430298, -0.380727082490921, 0.42910733819007874, 0.8190933465957642),
            ["LeftFoot"] = CFrame.new(2.3096799850463867e-07, 5.960464477539063e-08, 0, 0.9648419618606567, 0.262238085269928, 0.01763778366148472, -0.25569385290145874, 0.9520586729049683, -0.16794434189796448, -0.06083306297659874, 0.15752999484539032, 0.9856387376785278),
            ["LowerTorso"] = CFrame.new(0.8614492416381836, -0.023509740829467773, -2.354724884033203, -0.5346016883850098, 0.1316310614347458, -0.834790050983429, 0.1679752767086029, 0.9846370816230774, 0.047687362879514694, 0.828242301940918, -0.11473040282726288, -0.5484994649887085),
            ["RightLowerLeg"] = CFrame.new(-1.0803341865539551e-07, -0.00002962350845336914, -0.00005182081804377958, 1, 6.332997770641668e-08, 4.097818262494002e-08, -5.0291408371094803e-08, 0.9915138483047485, 0.13000082969665527, -7.823107495141812e-08, -0.13000166416168213, 0.9915139675140381),
            ["LeftUpperLeg"] = CFrame.new(0.0019187331199645996, -0.01105014979839325, -0.001705653965473175, 0.9873549342155457, -0.11830054968595505, -0.10552407801151276, 0.08993633836507797, 0.966184139251709, -0.24166026711463928, 0.1305442452430725, 0.2291138619184494, 0.9646061658859253),
            ["LeftLowerLeg"] = CFrame.new(-3.5762786865234375e-07, 0.00002962350845336914, 0.0000521540641784668, 1, 3.725290298461914e-09, 5.960463056453591e-08, -2.4214378058218244e-08, 0.9200021624565125, 0.3919132947921753, -4.097817907222634e-08, -0.391913503408432, 0.9200021028518677),
        }},
        {Time = 0.033, Data = {
            ["RightFoot"] = CFrame.new(-2.9802322387695312e-08, 2.980232238769531e-07, -1.659427653066814e-07, 0.9881153106689453, 0.05508742853999138, -0.14350426197052002, 0.021190596744418144, 0.8758456707000732, 0.482125848531723, 0.15224701166152954, -0.47943684458732605, 0.8642691969871521),
            ["LeftLowerArm"] = CFrame.new(-3.762543201446533e-07, -0.000011563301086425781, 0.000032067298889160156, 1, -0.0002163943281630054, -0.000021855352315469645, 0.0001811380934668705, 0.8844171166419983, -0.4666973948478699, 0.00012025856995023787, 0.4666973650455475, 0.8844171762466431),
            ["RightUpperArm"] = CFrame.new(0, -3.5762786865234375e-07, -5.960464477539063e-08, 0.9374811053276062, 0.18724623322486877, 0.29337364435195923, -0.3424396514892578, 0.34570181369781494, 0.8736277222633362, 0.062163565307855606, -0.9194722771644592, 0.3882095217704773),
            ["Head"] = CFrame.new(-0.010417647659778595, 0.0003368854522705078, -0.03126335144042969, 0.706531822681427, -0.09718458354473114, 0.7009766101837158, -0.12469847500324249, 0.9579302072525024, 0.2584957182407379, -0.6966083645820618, -0.2700461447238922, 0.6646892428398132),
            ["RightHand"] = CFrame.new(1.1920928955078125e-07, 5.960464477539063e-08, 5.21540641784668e-08, 0.8395462036132812, -0.5300964117050171, 0.11899605393409729, 0.4947704076766968, 0.8364822268486023, 0.23558388650417328, -0.22442027926445007, -0.13890813291072845, 0.964541494846344),
            ["UpperTorso"] = CFrame.new(-5.960464477539063e-08, -2.086162567138672e-07, -2.2351741790771484e-08, 0.9562140107154846, 0.22077824175357819, 0.19212457537651062, -0.18170391023159027, 0.962456226348877, -0.20164801180362701, -0.22943098843097687, 0.1579088568687439, 0.9604302644729614),
            ["HumanoidRootPart"] = CFrame.new(0, 0, 0, 1, 0, 0, 0, 1, 0, 0, 0, 1),
            ["RightUpperLeg"] = CFrame.new(-0.005170047283172607, -0.040082626044750214, 0.028737341985106468, 0.3453781008720398, -0.1290213018655777, -0.9295523166656494, 0.5137549638748169, 0.8548911809921265, 0.07222877442836761, 0.7853469252586365, -0.5025083422660828, 0.36154595017433167),
            ["LeftUpperArm"] = CFrame.new(-1.1920928955078125e-07, 0, 5.960464477539063e-08, 0.7860038876533508, 0.23217467963695526, -0.5729683637619019, -0.5775642395019531, -0.05477755516767502, -0.8145052790641785, -0.22049330174922943, 0.9711305499076843, 0.0910404697060585),
            ["RightLowerArm"] = CFrame.new(-2.9802322387695312e-08, 0.000011146068572998047, -0.00003150850534439087, 1, -1.0430814256778831e-07, 4.4703494239684005e-08, 5.960465898624534e-08, 0.16400815546512604, -0.986458957195282, 8.195640788244418e-08, 0.9864590167999268, 0.16400833427906036),
            ["LeftHand"] = CFrame.new(-5.960464477539063e-08, 1.1920928955078125e-07, 1.6391277313232422e-07, 0.8542556166648865, 0.5023921728134155, 0.13360242545604706, -0.3541756272315979, 0.7505804300308228, -0.5578429102897644, -0.38053515553474426, 0.42922160029411316, 0.8191226124763489),
            ["LeftFoot"] = CFrame.new(9.685754776000977e-08, -5.960464477539063e-08, -1.4156103134155273e-07, 0.9650337100028992, 0.26154693961143494, 0.01741105131804943, -0.2551102936267853, 0.9523952603340149, -0.166920468211174, -0.060239024460315704, 0.15664194524288177, 0.9858165979385376),
            ["LowerTorso"] = CFrame.new(0.8597562909126282, -0.02273237705230713, -2.354724884033203, -0.5344902276992798, 0.13198356330394745, -0.8348057270050049, 0.1687178611755371, 0.9845129251480103, 0.04762961342930794, 0.8281632661819458, -0.11538907885551453, -0.5484805703163147),
            ["RightLowerLeg"] = CFrame.new(3.3527612686157227e-08, -0.000029742717742919922, -0.000051799397624563426, 1, 4.097820394122209e-08, -5.21540641784668e-08, 4.656613761255812e-09, 0.9884545803070068, 0.1515173763036728, -1.0058285937475375e-07, -0.15151773393154144, 0.9884546399116516),
            ["LeftUpperLeg"] = CFrame.new(0.001918405294418335, -0.011050403118133545, -0.0017059668898582458, 0.9875143766403198, -0.11688214540481567, -0.10561269521713257, 0.08848702907562256, 0.966242253780365, -0.24196282029151917, 0.13032852113246918, 0.229596346616745, 0.9645206332206726),
            ["LeftLowerLeg"] = CFrame.new(8.940696716308594e-08, 0.00002956390380859375, 0.000052034854888916016, 1, -1.862645149230957e-08, -2.9802322387695312e-08, -4.5052722441596416e-08, 0.920223593711853, 0.39139324426651, 5.960463766996327e-08, -0.3913932144641876, 0.920223593711853),
        }},
        {Time = 0.067, Data = {
            ["RightFoot"] = CFrame.new(2.9802322387695312e-08, 2.384185791015625e-07, 3.891254891641438e-07, 0.9881128072738647, 0.054767709225416183, -0.1436442881822586, 0.02118329145014286, 0.8769673109054565, 0.4800829291343689, 0.15226465463638306, -0.47741907835006714, 0.8653824329376221),
            ["LeftLowerArm"] = CFrame.new(-2.6170164346694946e-07, -0.000011801719665527344, 0.00003191828727722168, 1, -0.00022134417667984962, -0.000022945445380173624, 0.0001857219758676365, 0.8866036534309387, -0.46252942085266113, 0.00012266877456568182, 0.4625299870967865, 0.8866038918495178),
            ["RightUpperArm"] = CFrame.new(5.960464477539062e-07, 7.152557373046875e-07, -5.960464477539063e-08, 0.937493622303009, 0.18773630261421204, 0.29302024841308594, -0.34230780601501465, 0.3457685112953186, 0.8736532926559448, 0.06269916146993637, -0.9193472266197205, 0.388418972492218),
            ["Head"] = CFrame.new(-0.01012466847896576, 0.0004448890686035156, -0.030492454767227173, 0.7071390151977539, -0.0991438627243042, 0.7000892162322998, -0.12645414471626282, 0.9564254283905029, 0.2631726861000061, -0.6956750154495239, -0.2746288478374481, 0.6637885570526123),
            ["RightHand"] = CFrame.new(5.960464477539063e-08, -2.980232238769531e-07, 1.8067657947540283e-07, 0.8390936851501465, -0.5309184789657593, 0.11852195858955383, 0.49528273940086365, 0.8357237577438354, 0.23719331622123718, -0.22498205304145813, -0.1403263956308365, 0.9642053246498108),
            ["UpperTorso"] = CFrame.new(-1.1920928955078125e-07, -2.9802322387695312e-08, 1.1175870895385742e-07, 0.9557204842567444, 0.22293871641159058, 0.19208528101444244, -0.18343013525009155, 0.9617285132408142, -0.20354805886745453, -0.2301127016544342, 0.1593008190393448, 0.9600372314453125),
            ["HumanoidRootPart"] = CFrame.new(0, 0, 0, 1, 0, 0, 0, 1, 0, 0, 0, 1),
            ["RightUpperLeg"] = CFrame.new(-0.005307942628860474, -0.039503566920757294, 0.028426824137568474, 0.3459588587284088, -0.13895338773727417, -0.9279031157493591, 0.5126730799674988, 0.8562754988670349, 0.06291748583316803, 0.7857981324195862, -0.49747779965400696, 0.3674739897251129),
            ["LeftUpperArm"] = CFrame.new(5.960464477539062e-07, 7.152557373046875e-07, 8.940696716308594e-08, 0.7876513600349426, 0.23014318943023682, -0.5715236067771912, -0.5748396515846252, -0.05933087319135666, -0.8161125183105469, -0.22173157334327698, 0.9713465571403503, 0.08556331694126129),
            ["RightLowerArm"] = CFrame.new(6.332993507385254e-08, 0.000011563301086425781, -0.0000314563512802124, 1, -4.470345160711986e-08, 4.470348358154297e-08, 8.940694584680386e-08, 0.16387297213077545, -0.9864814281463623, -5.215404996761208e-08, 0.9864814877510071, 0.1638733297586441),
            ["LeftHand"] = CFrame.new(8.940696716308594e-08, -1.1920928955078125e-07, 4.6193599700927734e-07, 0.8546885848045349, 0.5017154812812805, 0.13337527215480804, -0.35371726751327515, 0.7508468627929688, -0.5577753186225891, -0.37998896837234497, 0.4295470416545868, 0.8192055225372314),
            ["LeftFoot"] = CFrame.new(4.0978193283081055e-08, -1.1920928955078125e-07, 5.21540641784668e-08, 0.9652520418167114, 0.2607571482658386, 0.01715126819908619, -0.2544180154800415, 0.9527149796485901, -0.16614888608455658, -0.05966510996222496, 0.15601229667663574, 0.9859514832496643),
            ["LowerTorso"] = CFrame.new(0.8577719926834106, -0.0219496488571167, -2.354724884033203, -0.534346342086792, 0.13265733420848846, -0.8347910046577454, 0.16966593265533447, 0.9843408465385437, 0.04781991243362427, 0.8280624747276306, -0.11608322709798813, -0.5484862923622131),
            ["RightLowerLeg"] = CFrame.new(2.384185791015625e-07, -0.00002956390380859375, -0.00005214491829974577, 1, 2.6077044523731274e-08, -5.21540464148984e-08, 6.14673041354763e-08, 0.9850282073020935, 0.17239341139793396, -1.0803344707710494e-07, -0.172393798828125, 0.9850281476974487),
            ["LeftUpperLeg"] = CFrame.new(0.0019182860851287842, -0.011050283908843994, -0.0017055347561836243, 0.9877021908760071, -0.11521858721971512, -0.1056838184595108, 0.08669668436050415, 0.9661328792572021, -0.24304527044296265, 0.13010776042938232, 0.23089385032653809, 0.964240550994873),
            ["LeftLowerLeg"] = CFrame.new(-1.4901161193847656e-07, 0.000030040740966796875, 0.000052288174629211426, 1, -1.1175869119028903e-08, 3.725289587919178e-08, 4.551839083433151e-08, 0.920116662979126, 0.391644150018692, 0, -0.39164450764656067, 0.9201167821884155),
        }},
        {Time = 0.100, Data = {
            ["RightFoot"] = CFrame.new(-1.1920928955078125e-07, 2.384185791015625e-07, -2.5907502276822925e-07, 0.9881168603897095, 0.054066140204668045, -0.14388151466846466, 0.0213684793561697, 0.8786801099777222, 0.476932555437088, 0.15221193432807922, -0.47433972358703613, 0.8670833706855774),
            ["LeftLowerArm"] = CFrame.new(-3.5390257835388184e-08, -0.000011205673217773438, 0.000031948089599609375, 1, -0.00022753881057724357, -0.000024221837520599365, 0.00019132345914840698, 0.8892773985862732, -0.45736849308013916, 0.00012561562471091747, 0.45736825466156006, 0.8892773389816284),
            ["RightUpperArm"] = CFrame.new(0, 5.960464477539062e-07, -1.1920928955078125e-07, 0.9374709725379944, 0.1882288008928299, 0.2927767038345337, -0.34228846430778503, 0.3459693491458893, 0.873581051826477, 0.06314138323068619, -0.9191708564758301, 0.3887648284435272),
            ["Head"] = CFrame.new(-0.009701244533061981, 0.0006008148193359375, -0.029376626014709473, 0.7077845335006714, -0.10208390653133392, 0.6990134716033936, -0.1290774643421173, 0.9541573524475098, 0.27004218101501465, -0.6945359110832214, -0.2813585698604584, 0.6621611714363098),
            ["RightHand"] = CFrame.new(5.960464477539063e-08, -1.1920928955078125e-07, 2.2351741790771484e-08, 0.838330090045929, -0.5322888493537903, 0.1177772581577301, 0.49613893032073975, 0.8344622850418091, 0.23983126878738403, -0.22594007849693298, -0.14262351393699646, 0.9636438488960266),
            ["UpperTorso"] = CFrame.new(0, -1.1920928955078125e-07, -3.725290298461914e-08, 0.9550896883010864, 0.22596843540668488, 0.19168230891227722, -0.18581067025661469, 0.9606178998947144, -0.20660997927188873, -0.2308206856250763, 0.16171443462371826, 0.9594635963439941),
            ["HumanoidRootPart"] = CFrame.new(0, 0, 0, 1, 0, 0, 0, 1, 0, 0, 0, 1),
            ["RightUpperLeg"] = CFrame.new(-0.00541454553604126, -0.039054349064826965, 0.02818555198609829, 0.34659019112586975, -0.14736470580101013, -0.9263686537742615, 0.511045515537262, 0.8578085899353027, 0.05474337190389633, 0.7865797281265259, -0.4923901855945587, 0.372618168592453),
            ["LeftUpperArm"] = CFrame.new(4.172325134277344e-07, 2.384185791015625e-07, -8.940696716308594e-08, 0.7899684309959412, 0.2274158000946045, -0.5694137811660767, -0.5708847045898438, -0.06600919365882874, -0.8183724284172058, -0.22369740903377533, 0.9715579748153687, 0.07768307626247406),
            ["RightLowerArm"] = CFrame.new(-7.450580596923828e-08, 0.000011563301086425781, -0.00003159046173095703, 1, -1.7881393432617188e-07, 1.1920928955078125e-07, 5.960464477539063e-08, 0.16366636753082275, -0.9865157604217529, 7.450580596923828e-08, 0.9865158200263977, 0.1636662483215332),
            ["LeftHand"] = CFrame.new(1.4901161193847656e-07, 0, -1.1920928955078125e-07, 0.8553662300109863, 0.5006540417671204, 0.1330190896987915, -0.3529980182647705, 0.7512638568878174, -0.5576694011688232, -0.3791319727897644, 0.430056095123291, 0.8193355202674866),
            ["LeftFoot"] = CFrame.new(-2.4586915969848633e-07, 1.1920928955078125e-07, -1.3783574104309082e-07, 0.9654977917671204, 0.2598649561405182, 0.016858423128724098, -0.25361520051956177, 0.9530221819877625, -0.1656142771244049, -0.059104155749082565, 0.15562471747398376, 0.9860464930534363),
            ["LowerTorso"] = CFrame.new(0.8555013537406921, -0.021121740341186523, -2.354724884033203, -0.5341575145721436, 0.1337827742099762, -0.8347322344779968, 0.17089217901229858, 0.9841019511222839, 0.04836585372686386, 0.8279321193695068, -0.11681423336267471, -0.5485278964042664),
            ["RightLowerLeg"] = CFrame.new(2.868473529815674e-07, -0.000029206275939941406, -0.00005223991320235655, 1, -1.8626458597736928e-08, -8.940698137394065e-08, -1.2107194891086692e-07, 0.9815601706504822, 0.1911536157131195, -1.0803343286625022e-07, -0.19115398824214935, 0.981560230255127),
            ["LeftUpperLeg"] = CFrame.new(0.0019188225269317627, -0.0110502690076828, -0.001705765724182129, 0.9879232048988342, -0.11323314160108566, -0.10576394945383072, 0.08447445929050446, 0.9658395648002625, -0.2449859082698822, 0.12989161908626556, 0.23309290409088135, 0.9637405872344971),
            ["LeftLowerLeg"] = CFrame.new(5.066394805908203e-07, 0.000029921531677246094, 0.000051841139793395996, 1, -7.4505820180093e-08, 8.568166975919667e-08, -4.982576840006914e-08, 0.9196951389312744, 0.39263343811035156, -2.2351747119842003e-08, -0.39263349771499634, 0.9196950793266296),
        }},
        {Time = 0.133, Data = {
            ["RightFoot"] = CFrame.new(2.086162567138672e-07, 4.76837158203125e-07, 1.2835516827180982e-07, 0.9881334900856018, 0.05283981189131737, -0.14422322809696198, 0.021870533004403114, 0.8809952139854431, 0.472618967294693, 0.1520329862833023, -0.4701653718948364, 0.8693854808807373),
            ["LeftLowerArm"] = CFrame.new(-1.2479722499847412e-07, -0.000011444091796875, 0.00003141164779663086, 1, -0.00022605247795581818, -0.000023847451302572154, 0.0001899255730677396, 0.8886165022850037, -0.45865172147750854, 0.00012495207192841917, 0.458651065826416, 0.8886162042617798),
            ["RightUpperArm"] = CFrame.new(1.1920928955078125e-07, 0, -5.960464477539063e-08, 0.9374236464500427, 0.18874616920948029, 0.29259511828422546, -0.3423440754413605, 0.34627172350883484, 0.8734393119812012, 0.06354105472564697, -0.9189509153366089, 0.3892197012901306),
            ["Head"] = CFrame.new(-0.009199365973472595, 0.0007851123809814453, -0.028053492307662964, 0.7084487080574036, -0.1056622639298439, 0.6978079676628113, -0.13231265544891357, 0.9513143301010132, 0.2783784568309784, -0.6932487487792969, -0.2895457446575165, 0.6599768400192261),
            ["RightHand"] = CFrame.new(-2.384185791015625e-07, 1.7881393432617188e-07, -5.681067705154419e-08, 0.8373408913612366, -0.5340492725372314, 0.1168406754732132, 0.4972096085548401, 0.8328136801719666, 0.24331945180892944, -0.22725094854831696, -0.14564645290374756, 0.9628831148147583),
            ["UpperTorso"] = CFrame.new(-1.1920928955078125e-07, -1.7881393432617188e-07, -9.685754776000977e-08, 0.9542056322097778, 0.22983436286449432, 0.19148869812488556, -0.18872913718223572, 0.9591461420059204, -0.21076081693172455, -0.23210565745830536, 0.16496965289115906, 0.9585990309715271),
            ["HumanoidRootPart"] = CFrame.new(0, 0, 0, 1, 0, 0, 0, 1, 0, 0, 0, 1),
            ["RightUpperLeg"] = CFrame.new(-0.005483835935592651, -0.038763292133808136, 0.028029365465044975, 0.34764692187309265, -0.15494206547737122, -0.924734890460968, 0.5086961388587952, 0.8596510887145996, 0.04720323905348778, 0.7876355648040771, -0.4868192970752716, 0.377673476934433),
            ["LeftUpperArm"] = CFrame.new(2.384185791015625e-07, -9.5367431640625e-07, -1.4901161193847656e-07, 0.7927558422088623, 0.22622482478618622, -0.5660043358802795, -0.5660057067871094, -0.07141639292240143, -0.8213019967079163, -0.22622089087963104, 0.9714536070823669, 0.07142885774374008),
            ["RightLowerArm"] = CFrame.new(1.6391277313232422e-07, 0.000010371208190917969, -0.00003203004598617554, 1, -1.192093463942001e-07, 8.940696716308594e-08, 1.341104365337742e-07, 0.16340072453022003, -0.9865598678588867, 4.470347647611561e-08, 0.9865598678588867, 0.1634005308151245),
            ["LeftHand"] = CFrame.new(5.960464477539063e-08, -2.384185791015625e-07, 0, 0.8562520146369934, 0.49926209449768066, 0.13255196809768677, -0.3520548641681671, 0.751808762550354, -0.5575312376022339, -0.3780079782009125, 0.4307216703891754, 0.8195052146911621),
            ["LeftFoot"] = CFrame.new(1.2665987014770508e-07, 1.1920928955078125e-07, 2.3469328880310059e-07, 0.9657628536224365, 0.2588987350463867, 0.01654191128909588, -0.2527186870574951, 0.9532827734947205, -0.16548557579517365, -0.05861257016658783, 0.1556389182806015, 0.9860734939575195),
            ["LowerTorso"] = CFrame.new(0.852975070476532, -0.020229458808898926, -2.354724884033203, -0.5343931317329407, 0.13541623950004578, -0.8343179225921631, 0.17245304584503174, 0.983787477016449, 0.04921753704547882, 0.8274562954902649, -0.11757911741733551, -0.5490821599960327),
            ["RightLowerLeg"] = CFrame.new(-1.1548399925231934e-07, -0.000029385089874267578, -0.00005197541759116575, 1, 1.601874686230076e-07, -4.470348358154297e-08, 2.3283060812673284e-08, 0.9779839515686035, 0.208680659532547, -1.4901159417490817e-08, -0.2086803913116455, 0.9779838919639587),
            ["LeftUpperLeg"] = CFrame.new(0.0019186437129974365, -0.0110502690076828, -0.0017061829566955566, 0.9882470965385437, -0.1107749193906784, -0.1053411215543747, 0.0818144828081131, 0.9653885960578918, -0.24765151739120483, 0.12912869453430176, 0.2361225038766861, 0.9631053805351257),
            ["LeftLowerLeg"] = CFrame.new(-2.980232238769531e-07, 0.00002944469451904297, 0.000051975250244140625, 1, 2.2351734685344127e-08, 9.313223614526578e-08, -7.031484017261391e-08, 0.9189610481262207, 0.39434877038002014, -2.9802315282267955e-08, -0.39434847235679626, 0.9189608097076416),
        }},
        {Time = 0.167, Data = {
            ["RightFoot"] = CFrame.new(8.940696716308594e-08, 2.980232238769531e-07, 1.6933336155489087e-07, 0.9881625771522522, 0.05110923573374748, -0.14464624226093292, 0.022671306505799294, 0.8838666081428528, 0.46718913316726685, 0.15172582864761353, -0.46493837237358093, 0.8722452521324158),
            ["LeftLowerArm"] = CFrame.new(1.1734664440155029e-07, -0.000010967254638671875, 0.000031888484954833984, 1, -0.00021144836500752717, -0.000020815059542655945, 0.00017674076661933213, 0.8822358250617981, -0.4708077609539032, 0.00011794126476161182, 0.47080761194229126, 0.8822358846664429),
            ["RightUpperArm"] = CFrame.new(-3.5762786865234375e-07, -3.5762786865234375e-07, -2.9802322387695312e-08, 0.9373605847358704, 0.18931131064891815, 0.29243186116218567, -0.3424409031867981, 0.34664151072502136, 0.8732548356056213, 0.0639478862285614, -0.9186952710151672, 0.38975590467453003),
            ["Head"] = CFrame.new(-0.008670687675476074, 0.0009790658950805664, -0.02666148543357849, 0.7091085910797119, -0.10953961312770844, 0.696538507938385, -0.13590572774410248, 0.9481015801429749, 0.28745949268341064, -0.6918776035308838, -0.2985036075115204, 0.6574201583862305),
            ["RightHand"] = CFrame.new(-2.9802322387695312e-08, -2.384185791015625e-07, 7.35744833946228e-08, 0.8362104296684265, -0.5360453128814697, 0.11578980088233948, 0.4983682930469513, 0.8308929204940796, 0.2474803924560547, -0.2288694530725479, -0.14923997223377228, 0.9619491696357727),
            ["UpperTorso"] = CFrame.new(1.1920928955078125e-07, 1.4901161193847656e-07, -2.2351741790771484e-07, 0.953024685382843, 0.23434706032276154, 0.19189973175525665, -0.19205421209335327, 0.9574456810951233, -0.21543672680854797, -0.23422060906887054, 0.16846127808094025, 0.9574767351150513),
            ["HumanoidRootPart"] = CFrame.new(0, 0, 0, 1, 0, 0, 0, 1, 0, 0, 0, 1),
            ["RightUpperLeg"] = CFrame.new(-0.005508393049240112, -0.03866001218557358, 0.02797396294772625, 0.349325567483902, -0.16229136288166046, -0.9228397607803345, 0.5059970021247864, 0.8616067171096802, 0.04001370072364807, 0.7886309623718262, -0.48093181848526, 0.38310015201568604),
            ["LeftUpperArm"] = CFrame.new(-1.1920928955078125e-07, -3.5762786865234375e-07, 0, 0.7958112955093384, 0.22789904475212097, -0.5610228180885315, -0.5605247020721436, -0.07331354171037674, -0.8248862028121948, -0.22912141680717468, 0.970920741558075, 0.0693993866443634),
            ["RightLowerArm"] = CFrame.new(7.450580596923828e-08, 0.000011086463928222656, -0.00003170222043991089, 1, -1.9371509552001953e-07, 1.4901162614933128e-07, 7.450581307466564e-08, 0.16308875381946564, -0.9866113662719727, 2.2351745343485163e-08, 0.9866114854812622, 0.1630890816450119),
            ["LeftHand"] = CFrame.new(-4.76837158203125e-07, -1.1920928955078125e-07, -2.086162567138672e-07, 0.8573091626167297, 0.4975932538509369, 0.13199229538440704, -0.3509242832660675, 0.7524592876434326, -0.5573664307594299, -0.3766605257987976, 0.43151605129241943, 0.8197076916694641),
            ["LeftFoot"] = CFrame.new(-2.60770320892334e-08, 1.7881393432617188e-07, 2.2724270820617676e-07, 0.9660291075706482, 0.2579236626625061, 0.016221940517425537, -0.2517813444137573, 0.9534584879875183, -0.1659003496170044, -0.05825689062476158, 0.15618038177490234, 0.9860090613365173),
            ["LowerTorso"] = CFrame.new(0.8503267168998718, -0.019336342811584473, -2.354724884033203, -0.5353611707687378, 0.13713791966438293, -0.8334156274795532, 0.17426441609859467, 0.9834346771240234, 0.0498812310397625, 0.826450526714325, -0.11853022128343582, -0.5503909587860107),
            ["RightLowerLeg"] = CFrame.new(-1.7136335372924805e-07, -0.000029921531677246094, -0.000052096489525865763, 1, 1.4901162614933128e-07, 3.3527612686157227e-08, 3.166497108963995e-08, 0.9742158055305481, 0.2256179004907608, -2.980232594040899e-08, -0.22561827301979065, 0.9742159247398376),
            ["LeftUpperLeg"] = CFrame.new(0.0019185841083526611, -0.011050447821617126, -0.0017061904072761536, 0.9886982440948486, -0.10790415108203888, -0.10407964140176773, 0.07894347608089447, 0.9649068713188171, -0.25044533610343933, 0.1274513304233551, 0.23939847946166992, 0.9625198841094971),
            ["LeftLowerLeg"] = CFrame.new(1.7881393432617188e-07, 0.00002950429916381836, 0.00005199015140533447, 1, -5.960465188081798e-08, -1.1175873559921001e-08, -1.0011719098201866e-07, 0.9179320931434631, 0.3967374861240387, 7.078052277620372e-08, -0.3967377543449402, 0.9179321527481079),
        }},
        {Time = 0.200, Data = {
            ["RightFoot"] = CFrame.new(1.1920928955078125e-07, 2.980232238769531e-07, 1.0600342648103833e-07, 0.9882000088691711, 0.04908425360918045, -0.14509205520153046, 0.023713937029242516, 0.8868125081062317, 0.4615204334259033, 0.15132275223731995, -0.45951536297798157, 0.8751841187477112),
            ["LeftLowerArm"] = CFrame.new(5.662441253662109e-07, -0.00001138448715209961, 0.00003185868263244629, 1, -0.00018769685993902385, -0.00001640990376472473, 0.0001555867347633466, 0.8715379238128662, -0.4903283417224884, 0.00010635469516273588, 0.4903281331062317, 0.8715378046035767),
            ["RightUpperArm"] = CFrame.new(0, -3.5762786865234375e-07, 0, 0.9372922778129578, 0.189947247505188, 0.2922385632991791, -0.3425408601760864, 0.3470488488674164, 0.873053789138794, 0.06441313028335571, -0.918410062789917, 0.39035090804100037),
            ["Head"] = CFrame.new(-0.008168771862983704, 0.001163482666015625, -0.025338321924209595, 0.7097364068031311, -0.11338110268115997, 0.6952833533287048, -0.13960610330104828, 0.9447518587112427, 0.2965705096721649, -0.6904957294464111, -0.30755263566970825, 0.6546962261199951),
            ["RightHand"] = CFrame.new(-1.7881393432617188e-07, 0, 1.695007085800171e-07, 0.8350263833999634, -0.5381208062171936, 0.1147039383649826, 0.4994851350784302, 0.8288187980651855, 0.25213900208473206, -0.2307499349117279, -0.1532496064901352, 0.9608688950538635),
            ["UpperTorso"] = CFrame.new(1.1920928955078125e-07, 1.1920928955078125e-07, -1.4156103134155273e-07, 0.9516660571098328, 0.2391863912343979, 0.19266963005065918, -0.19568012654781342, 0.9556960463523865, -0.21989622712135315, -0.23672983050346375, 0.1715661734342575, 0.9563075304031372),
            ["HumanoidRootPart"] = CFrame.new(0, 0, 0, 1, 0, 0, 0, 1, 0, 0, 0, 1),
            ["RightUpperLeg"] = CFrame.new(-0.005489051342010498, -0.03874058276414871, 0.02801729552447796, 0.3513436019420624, -0.1686769723892212, -0.9209265112876892, 0.5036110281944275, 0.8632604479789734, 0.03401828929781914, 0.7892614006996155, -0.4757411479949951, 0.3882488012313843),
            ["LeftUpperArm"] = CFrame.new(-3.5762786865234375e-07, -3.5762786865234375e-07, -1.4901161193847656e-07, 0.7989566326141357, 0.23144738376140594, -0.5550679564476013, -0.5547283291816711, -0.07283446192741394, -0.8288376331329346, -0.2322603464126587, 0.9701170921325684, 0.07019880414009094),
            ["RightLowerArm"] = CFrame.new(0, 0.00001049041748046875, -0.00003138929605484009, 1, -1.7881397695873602e-07, 2.2351747119842003e-08, 2.980232594040899e-08, 0.16274778544902802, -0.986667811870575, -2.980232594040899e-08, 0.986667811870575, 0.16274778544902802),
            ["LeftHand"] = CFrame.new(4.172325134277344e-07, 2.384185791015625e-07, -4.3213367462158203e-07, 0.8585014939308167, 0.4957018494606018, 0.1313580572605133, -0.349642813205719, 0.7531929016113281, -0.5571807622909546, -0.3751334846019745, 0.43241211771965027, 0.8199358582496643),
            ["LeftFoot"] = CFrame.new(-2.7194619178771973e-07, 5.960464477539063e-08, -2.384185791015625e-07, 0.9662820100784302, 0.25699377059936523, 0.015917131677269936, -0.2508576214313507, 0.9535428881645203, -0.16681328415870667, -0.058047495782375336, 0.1571950614452362, 0.9858600497245789),
            ["LowerTorso"] = CFrame.new(0.8477153778076172, -0.018526434898376465, -2.354724884033203, -0.5368084907531738, 0.13836459815502167, -0.8322811722755432, 0.17618665099143982, 0.9830963015556335, 0.04979957640171051, 0.8251029849052429, -0.11990394443273544, -0.5521124005317688),
            ["RightLowerLeg"] = CFrame.new(-3.0547380447387695e-07, -0.00002962350845336914, -0.00005215423152549192, 1, 7.823107495141812e-08, -8.940694584680386e-08, 4.377213613793174e-08, 0.9706335067749023, 0.2405630201101303, -5.960460924825384e-08, -0.2405630350112915, 0.9706335067749023),
            ["LeftUpperLeg"] = CFrame.new(0.001918882131576538, -0.011050015687942505, -0.0017062649130821228, 0.9892138838768005, -0.10486875474452972, -0.10226675122976303, 0.07612017542123795, 0.9645280241966248, -0.2527671456336975, 0.12514644861221313, 0.24225632846355438, 0.962107241153717),
            ["LeftLowerLeg"] = CFrame.new(-0.0000011920928955078125, 0.000029802322387695312, 0.00005219876766204834, 1, 3.725289943190546e-08, 2.9802315282267955e-08, -1.2107191693644381e-08, 0.9166301488876343, 0.3997369706630707, -1.4901159417490817e-08, -0.3997364044189453, 0.9166298508644104),
        }},
        {Time = 0.233, Data = {
            ["RightFoot"] = CFrame.new(-2.9802322387695312e-08, 1.7881393432617188e-07, 1.3953103916719556e-07, 0.9882421493530273, 0.0469760000705719, -0.14550191164016724, 0.024934416636824608, 0.8893765807151794, 0.4564951956272125, 0.150850310921669, -0.45475563406944275, 0.8777479529380798),
            ["LeftLowerArm"] = CFrame.new(5.029141902923584e-07, -0.000011801719665527344, 0.00003197789192199707, 1, -0.00015866568719502538, -0.000011678787814162206, 0.0001301150768995285, 0.8578765392303467, -0.5138558745384216, 0.00009154016152024269, 0.5138558149337769, 0.8578765988349915),
            ["RightUpperArm"] = CFrame.new(0, 0, 0, 0.9372276067733765, 0.19067449867725372, 0.2919721305370331, -0.34260985255241394, 0.3474600911140442, 0.8728631138801575, 0.06498422473669052, -0.9181038737297058, 0.3909762501716614),
            ["Head"] = CFrame.new(-0.007745489478111267, 0.0013195276260375977, -0.024222373962402344, 0.710299015045166, -0.11685632914304733, 0.6941326260566711, -0.1431668996810913, 0.9415277242660522, 0.3050062656402588, -0.6891868710517883, -0.31602242588996887, 0.652036190032959),
            ["RightHand"] = CFrame.new(-8.940696716308594e-08, -5.960464477539063e-08, 2.337619662284851e-07, 0.8338748216629028, -0.5401238799095154, 0.11366178095340729, 0.5004372000694275, 0.8267117142677307, 0.25711938738822937, -0.2328418791294098, -0.15752443671226501, 0.9596721529960632),
            ["UpperTorso"] = CFrame.new(-1.4901161193847656e-07, 1.1920928955078125e-07, 9.685754776000977e-08, 0.9502547383308411, 0.24402791261672974, 0.1935623586177826, -0.19950734078884125, 0.9540905952453613, -0.22340086102485657, -0.23919203877449036, 0.17367058992385864, 0.9553144574165344),
            ["HumanoidRootPart"] = CFrame.new(0, 0, 0, 1, 0, 0, 0, 1, 0, 0, 0, 1),
            ["RightUpperLeg"] = CFrame.new(-0.005434572696685791, -0.03897039592266083, 0.028140773996710777, 0.3534226417541504, -0.1733950525522232, -0.9192532300949097, 0.5022076964378357, 0.8642241954803467, 0.030067019164562225, 0.7892274260520935, -0.4722824692726135, 0.3925168514251709),
            ["LeftUpperArm"] = CFrame.new(-7.152557373046875e-07, -2.384185791015625e-07, -5.960464477539063e-08, 0.8020300269126892, 0.23595955967903137, -0.5486994385719299, -0.5488910675048828, -0.07105924189090729, -0.8328680992126465, -0.23551322519779205, 0.9691613912582397, 0.07252436131238937),
            ["RightLowerArm"] = CFrame.new(2.8312206268310547e-07, 0.000010788440704345703, -0.00003160536289215088, 1, -1.1920931797249068e-07, 5.960465188081798e-08, 5.960464477539063e-08, 0.1623891144990921, -0.9867268204689026, 3.725290298461914e-08, 0.9867268800735474, 0.162388876080513),
            ["LeftHand"] = CFrame.new(-5.364418029785156e-07, -1.1920928955078125e-07, -1.6391277313232422e-07, 0.8597927689552307, 0.4936421513557434, 0.13066770136356354, -0.34824755787849426, 0.7539874315261841, -0.5569800138473511, -0.3734705448150635, 0.43338268995285034, 0.8201825022697449),
            ["LeftFoot"] = CFrame.new(-2.7939677238464355e-07, -5.960464477539063e-08, -2.123415470123291e-07, 0.9665071964263916, 0.25616255402565, 0.015644947066903114, -0.25000104308128357, 0.9535301923751831, -0.16816599667072296, -0.05799555033445358, 0.15862223505973816, 0.9856345057487488),
            ["LowerTorso"] = CFrame.new(0.8453001976013184, -0.017883777618408203, -2.354724884033203, -0.5384861826896667, 0.1385139375925064, -0.8311717510223389, 0.17807702720165253, 0.9828248023986816, 0.04841705039143562, 0.823602557182312, -0.12194069474935532, -0.5539036989212036),
            ["RightLowerLeg"] = CFrame.new(-1.1548399925231934e-07, -0.000029265880584716797, -0.00005202477768762037, 1, 8.56816981809061e-08, -1.6391278734317893e-07, -1.0640363257152785e-07, 0.9676867127418518, 0.2521553039550781, 6.705523958316917e-08, -0.2521556317806244, 0.9676868319511414),
            ["LeftUpperLeg"] = CFrame.new(0.0019184350967407227, -0.011050358414649963, -0.0017058923840522766, 0.9897350072860718, -0.10191920399665833, -0.10018502920866013, 0.0735989585518837, 0.964398980140686, -0.254003643989563, 0.12250616401433945, 0.24402281641960144, 0.9620005488395691),
            ["LeftLowerLeg"] = CFrame.new(-4.470348358154297e-07, 0.000030040740966796875, 0.000051975250244140625, 1, -2.2351741790771484e-08, -1.3038518886787642e-07, 2.2351738238057806e-08, 0.9150852560997009, 0.4032607972621918, 3.352760913344355e-08, -0.4032604992389679, 0.9150851964950562),
        }},
        {Time = 0.267, Data = {
            ["RightFoot"] = CFrame.new(-2.9802322387695312e-08, 2.384185791015625e-07, -1.2496457202360034e-07, 0.9882820844650269, 0.04496045038104057, -0.14586682617664337, 0.02608409896492958, 0.8918298482894897, 0.4516187608242035, 0.15039338171482086, -0.4501313865184784, 0.8802064061164856),
            ["LeftLowerArm"] = CFrame.new(5.699694156646729e-07, -0.000011205673217773438, 0.000031888484954833984, 1, -0.000127447783597745, -0.000007526948138547596, 0.00010334885155316442, 0.8425385355949402, -0.5386358499526978, 0.0000749654063838534, 0.5386360883712769, 0.8425386548042297),
            ["RightUpperArm"] = CFrame.new(-4.172325134277344e-07, -5.960464477539062e-07, 0, 0.9371752738952637, 0.1915113478899002, 0.29159197211265564, -0.3426154851913452, 0.3478442132472992, 0.8727080821990967, 0.06570491194725037, -0.9177842736244202, 0.3916054666042328),
            ["Head"] = CFrame.new(-0.007453024387359619, 0.00142669677734375, -0.02345147728919983, 0.7107571959495544, -0.11963929235935211, 0.6931886672973633, -0.14634555578231812, 0.9387197494506836, 0.3120708167552948, -0.688045859336853, -0.3232516944408417, 0.6496931910514832),
            ["RightHand"] = CFrame.new(-2.682209014892578e-07, 1.7881393432617188e-07, -3.5390257835388184e-08, 0.832842230796814, -0.5419067144393921, 0.11274123936891556, 0.501104474067688, 0.8246937990188599, 0.26224955916404724, -0.23509171605110168, -0.16191774606704712, 0.9583916664123535),
            ["UpperTorso"] = CFrame.new(2.9802322387695312e-08, 5.960464477539063e-08, -1.564621925354004e-07, 0.9489231705665588, 0.2485422044992447, 0.19434936344623566, -0.20344044268131256, 0.9528332948684692, -0.22521311044692993, -0.2411574274301529, 0.1741713434457779, 0.9547289609909058),
            ["HumanoidRootPart"] = CFrame.new(0, 0, 0, 1, 0, 0, 0, 1, 0, 0, 0, 1),
            ["RightUpperLeg"] = CFrame.new(-0.00534936785697937, -0.039328619837760925, 0.028332745656371117, 0.3553619980812073, -0.17632289230823517, -0.9179478287696838, 0.5025138258934021, 0.8640974760055542, 0.02855709195137024, 0.788161039352417, -0.4714294672012329, 0.39567211270332336),
            ["LeftUpperArm"] = CFrame.new(-1.1920928955078125e-07, -7.152557373046875e-07, -8.940696716308594e-08, 0.8048861026763916, 0.24073322117328644, -0.5424075722694397, -0.543276309967041, -0.06883823871612549, -0.8367270827293396, -0.23876631259918213, 0.9681470990180969, 0.07537767291069031),
            ["RightLowerArm"] = CFrame.new(2.905726432800293e-07, 0.000011086463928222656, -0.000031970441341400146, 1, 0, 1.0430815677864302e-07, 7.450579175838357e-08, 0.16202451288700104, -0.9867867231369019, 8.940694584680386e-08, 0.9867867827415466, 0.16202493011951447),
            ["LeftHand"] = CFrame.new(-4.172325134277344e-07, 2.384185791015625e-07, -2.9802322387695312e-08, 0.8611471652984619, 0.4914685785770416, 0.12993937730789185, -0.3467751145362854, 0.7548209428787231, -0.5567696690559387, -0.3717157542705536, 0.4344008266925812, 0.8204410076141357),
            ["LeftFoot"] = CFrame.new(-8.568167686462402e-08, 1.1920928955078125e-07, 2.384185791015625e-07, 0.9666897058486938, 0.2554863691329956, 0.01542295515537262, -0.2492668181657791, 0.9534137845039368, -0.16990621387958527, -0.05811368674039841, 0.16040273010730743, 0.9853396415710449),
            ["LowerTorso"] = CFrame.new(0.8432404398918152, -0.01749265193939209, -2.354724884033203, -0.5401487350463867, 0.13700293004512787, -0.8303431272506714, 0.179790198802948, 0.9826669096946716, 0.04517987743020058, 0.8221405148506165, -0.1248837411403656, -0.555418074131012),
