return {
    ["Victory Sway"] = {
        {Time = 0.000, Data = {
            ["LeftFoot"] = CFrame.new(8.288770914077759e-08, -1.1920928955078125e-07, -7.82310962677002e-08, 0.993628203868866, -0.04110502079129219, 0.10494495928287506, 0.06365951895713806, 0.973056435585022, -0.22160500288009644, -0.09300840646028519, 0.22687360644340515, 0.9694730043411255),
            ["LeftLowerArm"] = CFrame.new(8.046627044677734e-07, -3.5762786865234375e-07, 0.000004887580871582031, 1, 1.4901159417490817e-08, -8.940695295223122e-08, -5.168840289115906e-08, -0.2504628598690033, -0.9681261777877808, 0, 0.9681261777877808, -0.2504628598690033),
            ["LowerTorso"] = CFrame.new(-0.3992583453655243, -0.17415332794189453, 0.29174140095710754, 0.7583389282226562, 0.4426417052745819, -0.4785293638706207, -0.2571486234664917, 0.8777023553848267, 0.4043678045272827, 0.5989963412284851, -0.1835946887731552, 0.7794206738471985),
            ["Head"] = CFrame.new(2.9802322387695312e-08, -7.152557373046875e-07, 2.8312206268310547e-07, 0.8745377063751221, 0.10905270278453827, 0.47253724932670593, 0.09473742544651031, 0.9171977639198303, -0.3870055675506592, -0.47561389207839966, 0.38321781158447266, 0.7917925119400024),
            ["RightUpperArm"] = CFrame.new(0.07118749618530273, -0.11970221996307373, 0.04280966520309448, 0.9379318356513977, -0.34356892108917236, -0.04737493768334389, 0.304046094417572, 0.7488322854042053, 0.5889027118682861, -0.16685284674167633, -0.5667545795440674, 0.8068142533302307),
            ["UpperTorso"] = CFrame.new(-1.341104507446289e-07, 2.9802322387695312e-08, 5.21540641784668e-08, 0.9143231511116028, -0.14524489641189575, -0.37804362177848816, 0.18564680218696594, 0.9799379110336304, 0.072504922747612, 0.35992857813835144, -0.13647563755512238, 0.922944188117981),
            ["HumanoidRootPart"] = CFrame.new(0, 0, 0, 1, 0, 0, 0, 1, 0, 0, 0, 1),
            ["RightHand"] = CFrame.new(2.384185791015625e-07, 0.000001430511474609375, -8.344650268554688e-07, 0.6672964096069336, -0.17835558950901031, 0.7231212854385376, 0.2447640597820282, 0.9694921970367432, 0.013253998942673206, -0.7034245729446411, 0.1681496948003769, 0.690593957901001),
            ["LeftUpperArm"] = CFrame.new(0.12222886085510254, 0.07039082050323486, 0.035555705428123474, 0.40524086356163025, 0.055205199867486954, 0.9125417470932007, -0.7838720679283142, 0.534641683101654, 0.3157576322555542, -0.4704514145851135, -0.8432738780975342, 0.25993216037750244),
            ["RightLowerArm"] = CFrame.new(1.7881393432617188e-07, 3.5762786865234375e-07, -0.000003814697265625, 1, -0.000004157423973083496, 0.000019021332263946533, 0.00001896918001875747, -0.011206097900867462, -0.9999372363090515, 0.000004380941845738562, 0.9999372959136963, -0.011206082999706268),
            ["LeftHand"] = CFrame.new(-0.0000016093254089355469, -8.344650268554688e-07, -4.470348358154297e-08, 0.9422196745872498, -0.3259356617927551, -0.07738204300403595, 0.3048658072948456, 0.9300274848937988, -0.20519743859767914, 0.13884878158569336, 0.1697499006986618, 0.9756567478179932),
            ["RightUpperLeg"] = CFrame.new(-2.9802322387695312e-08, -8.568167686462402e-08, 7.46731529943645e-08, 0.90690678358078, -0.3555307984352112, 0.22609266638755798, 0.35952457785606384, 0.3732154369354248, -0.8552499413490295, 0.21968644857406616, 0.8569177985191345, 0.46629369258880615),
            ["LeftUpperLeg"] = CFrame.new(-2.9802322387695312e-08, -2.123415470123291e-07, 6.239861249923706e-08, 0.9598924517631531, -0.2187524139881134, 0.1753678172826767, 0.26614782214164734, 0.9076284766197205, -0.324616402387619, -0.08815819025039673, 0.35827070474624634, 0.9294462203979492),
            ["RightLowerLeg"] = CFrame.new(-1.341104507446289e-07, -0.0007265210151672363, 0.00004625489964382723, 1, 1.1175875158642157e-07, 4.4703497792397684e-08, -5.960463056453591e-08, 0.4873943328857422, 0.8731818795204163, 4.470347292340193e-08, -0.8731820583343506, 0.48739463090896606),
            ["RightFoot"] = CFrame.new(2.3096799850463867e-07, 5.960464477539063e-08, 7.620110409334302e-08, 0.8981053233146667, 0.1813497245311737, -0.40064823627471924, -0.2985711097717285, 0.9203221797943115, -0.2527104318141937, 0.3228965401649475, 0.3465825617313385, 0.8806921243667603),
            ["LeftLowerLeg"] = CFrame.new(-2.7939677238464355e-09, -0.000726163387298584, 0.00008095055818557739, 1, 3.725291186640334e-09, -3.445894236620006e-08, 4.377216100692749e-08, 0.9849058389663696, 0.1730911135673523, -2.561137080192566e-09, -0.17309121787548065, 0.9849058985710144),
        }},
        {Time = 0.033, Data = {
            ["LeftFoot"] = CFrame.new(1.6763806343078613e-08, 0, -3.725290298461914e-09, 0.990538477897644, -0.05507706478238106, 0.12569797039031982, 0.08620710670948029, 0.9623851776123047, -0.25764933228492737, -0.10677944868803024, 0.2660478353500366, 0.9580276012420654),
            ["LeftLowerArm"] = CFrame.new(0.0000012516975402832031, -2.980232238769531e-07, 0.0000050067901611328125, 1, 1.4901159417490817e-08, -9.685756907629184e-08, -6.915070827062664e-08, -0.08654136955738068, -0.9962483644485474, -1.1175872316471214e-07, 0.9962483048439026, -0.08654135465621948),
            ["LowerTorso"] = CFrame.new(-0.36679551005363464, -0.18115270137786865, 0.28942641615867615, 0.7511209845542908, 0.4500059187412262, -0.4830237627029419, -0.25084158778190613, 0.8713424801826477, 0.42171192169189453, 0.6106519103050232, -0.19559425115585327, 0.7673639059066772),
            ["Head"] = CFrame.new(-1.4901161193847656e-08, -8.344650268554688e-07, -1.043081283569336e-07, 0.8565153479576111, 0.09901870787143707, 0.5065338015556335, 0.14054951071739197, 0.8995847105979919, -0.4135132431983948, -0.49661585688591003, 0.4253734350204468, 0.756591260433197),
            ["RightUpperArm"] = CFrame.new(0.06569170951843262, -0.09727859497070312, 0.03961491584777832, 0.9396063685417175, -0.33123236894607544, -0.08616863191127777, 0.3129200339317322, 0.7294094562530518, 0.6083114147186279, -0.138640359044075, -0.5985374450683594, 0.7890071272850037),
            ["UpperTorso"] = CFrame.new(-5.960464477539063e-08, 2.384185791015625e-07, 2.384185791015625e-07, 0.9148437976837158, -0.12028682231903076, -0.3854764699935913, 0.16054408252239227, 0.9842597842216492, 0.07388126850128174, 0.37052199244499207, -0.12947547435760498, 0.9197551608085632),
            ["HumanoidRootPart"] = CFrame.new(0, 0, 0, 1, 0, 0, 0, 1, 0, 0, 0, 1),
            ["RightHand"] = CFrame.new(3.5762786865234375e-07, 8.344650268554688e-07, -6.407499313354492e-07, 0.663223922252655, -0.1899907886981964, 0.7239038348197937, 0.2871357500553131, 0.9578187465667725, -0.011684543453156948, -0.691149115562439, 0.21560820937156677, 0.6898019313812256),
            ["LeftUpperArm"] = CFrame.new(0.11054688692092896, 0.0595250129699707, 0.03502596169710159, 0.5146777033805847, 0.14610543847084045, 0.8448432087898254, -0.7574877738952637, 0.539089560508728, 0.36823180317878723, -0.4016455411911011, -0.8294792771339417, 0.3881306052207947),
            ["RightLowerArm"] = CFrame.new(5.364418029785156e-07, 5.960464477539062e-07, -0.0000032335519790649414, 1, -0.0000037513668758037966, 0.000019088394765276462, 0.000018961729438160546, -0.03395896032452583, -0.9994232654571533, 0.000004384667136037024, 0.9994232058525085, -0.03395896777510643),
            ["LeftHand"] = CFrame.new(-0.0000013709068298339844, -0.0000013113021850585938, 2.5331974029541016e-07, 0.9806607961654663, -0.16452620923519135, -0.10599770396947861, 0.1373063623905182, 0.9642994999885559, -0.2264370173215866, 0.13946853578090668, 0.20750382542610168, 0.9682410955429077),
            ["RightUpperLeg"] = CFrame.new(-2.9802322387695312e-08, 1.6647391021251678e-07, 2.70250893663615e-07, 0.8950310349464417, -0.3878125846385956, 0.22027486562728882, 0.3517493009567261, 0.3101345896720886, -0.8832266926765442, 0.2742116153240204, 0.8679965734481812, 0.4139925241470337),
            ["LeftUpperLeg"] = CFrame.new(-5.960464477539063e-08, 5.131005309522152e-08, 7.182825356721878e-08, 0.967032790184021, -0.1953216791152954, 0.16339251399040222, 0.24294546246528625, 0.8999350666999817, -0.36206960678100586, -0.07632257789373398, 0.38982853293418884, 0.9177191853523254),
            ["RightLowerLeg"] = CFrame.new(-5.960464477539063e-08, -0.0007262229919433594, 0.00004607608570950106, 1, 1.2293457984924316e-07, 7.450581485102248e-09, -1.0430814256778831e-07, 0.5178556442260742, 0.8554677367210388, 2.980232594040899e-08, -0.8554680347442627, 0.517856240272522),
            ["RightFoot"] = CFrame.new(1.1175870895385742e-07, 0, 3.894820110872388e-08, 0.926957905292511, 0.2089707851409912, -0.31157708168029785, -0.27585452795028687, 0.942526638507843, -0.18854078650474548, 0.25427019596099854, 0.26071956753730774, 0.9313281178474426),
            ["LeftLowerLeg"] = CFrame.new(-1.3993121683597565e-07, -0.0007267594337463379, 0.00008096545934677124, 1, 2.6077040971017595e-08, 3.3527619791584584e-08, -2.1886085832534263e-08, 0.9735883474349976, 0.2283107042312622, 1.0244550985305523e-08, -0.22831085324287415, 0.9735883474349976),
        }},
        {Time = 0.067, Data = {
            ["LeftFoot"] = CFrame.new(-7.82310962677002e-08, -5.960464477539063e-08, 0, 0.9859146475791931, -0.07511541992425919, 0.1494320183992386, 0.11640112102031708, 0.9497467279434204, -0.29057174921035767, -0.1200961023569107, 0.3038730025291443, 0.9451128840446472),
            ["LeftLowerArm"] = CFrame.new(0.0000014901161193847656, -4.76837158203125e-07, 0.000004813075065612793, 1, 8.195637946073475e-08, -2.51457130673316e-08, -2.980232594040899e-08, 0.11019066721200943, -0.993910551071167, -6.705523247774181e-08, 0.9939104914665222, 0.11019060760736465),
            ["LowerTorso"] = CFrame.new(-0.31923314929008484, -0.1932297945022583, 0.2854279577732086, 0.7521678805351257, 0.45347461104393005, -0.47812598943710327, -0.24918685853481293, 0.8674189448356628, 0.43068599700927734, 0.6100406646728516, -0.20480544865131378, 0.7654443979263306),
            ["Head"] = CFrame.new(0, -3.5762786865234375e-07, 1.4901161193847656e-07, 0.8308811783790588, 0.10387931764125824, 0.5466673374176025, 0.17850063741207123, 0.8807443976402283, -0.4386652410030365, -0.527042806148529, 0.46205905079841614, 0.7132514119148254),
            ["RightUpperArm"] = CFrame.new(0.058324456214904785, -0.07774806022644043, 0.035993099212646484, 0.9396960139274597, -0.31975841522216797, -0.12134932726621628, 0.3249661922454834, 0.7241612076759338, 0.6082661151885986, -0.10662229359149933, -0.6110197305679321, 0.7844021916389465),
            ["UpperTorso"] = CFrame.new(1.4901161193847656e-07, 1.4901161193847656e-07, 1.4156103134155273e-07, 0.9080472588539124, -0.11157907545566559, -0.4037323594093323, 0.14919966459274292, 0.9868078827857971, 0.06284721195697784, 0.3913944363594055, -0.1173049807548523, 0.9127159714698792),
            ["HumanoidRootPart"] = CFrame.new(0, 0, 0, 1, 0, 0, 0, 1, 0, 0, 0, 1),
            ["RightHand"] = CFrame.new(1.1920928955078125e-07, 5.960464477539062e-07, -9.685754776000977e-07, 0.6737711429595947, -0.18736632168293, 0.7147905826568604, 0.3215603232383728, 0.9452714920043945, -0.055325333029031754, -0.665305495262146, 0.2671249806880951, 0.6971467137336731),
            ["LeftUpperArm"] = CFrame.new(0.0987672209739685, 0.04990053176879883, 0.03312772139906883, 0.612173318862915, 0.24596457183361053, 0.7514954209327698, -0.7151567339897156, 0.5776762366294861, 0.39349833130836487, -0.3373347520828247, -0.778326153755188, 0.5295410752296448),
            ["RightLowerArm"] = CFrame.new(1.7881393432617188e-07, 8.344650268554688e-07, -0.000004235655069351196, 1, -0.00000406801700592041, 0.000019103297745459713, 0.00001896918001875747, -0.01607220619916916, -0.9998708367347717, 0.000004407018877827795, 0.9998708367347717, -0.0160722266882658),
            ["LeftHand"] = CFrame.new(-0.0000019371509552001953, -0.0000011324882507324219, 8.149072527885437e-08, 0.9898074269294739, 0.014337088912725449, -0.14168862998485565, -0.04585503041744232, 0.974018931388855, -0.22177563607692719, 0.13482798635959625, 0.2260124832391739, 0.9647486209869385),
            ["RightUpperLeg"] = CFrame.new(1.1920928955078125e-07, 6.332993507385254e-08, 1.2496457202360034e-07, 0.8821533918380737, -0.4182148277759552, 0.21656836569309235, 0.34644845128059387, 0.264753520488739, -0.8999328017234802, 0.31902816891670227, 0.8689084649085999, 0.3784429728984833),
            ["LeftUpperLeg"] = CFrame.new(1.4901161193847656e-07, 5.029141902923584e-08, 2.8405338525772095e-08, 0.9763777256011963, -0.17132538557052612, 0.13166014850139618, 0.21002918481826782, 0.8956209421157837, -0.3921109735965729, -0.05073900148272514, 0.41050073504447937, 0.9104474782943726),
            ["RightLowerLeg"] = CFrame.new(2.9802322387695312e-08, -0.0007264614105224609, 0.0000461207891930826, 1, 5.401672353855247e-08, 5.215408904746255e-08, -8.940698847936801e-08, 0.5338794589042664, 0.8455603718757629, 1.0430815677864302e-07, -0.8455606698989868, 0.5338798761367798),
            ["RightFoot"] = CFrame.new(2.384185791015625e-07, -1.1920928955078125e-07, 2.4047039914876223e-08, 0.9509959816932678, 0.22682823240756989, -0.2101329118013382, -0.26203009486198425, 0.9519996047019958, -0.15823008120059967, 0.16415521502494812, 0.20553748309612274, 0.9647836089134216),
            ["LeftLowerLeg"] = CFrame.new(9.033828973770142e-08, -0.0007265806198120117, 0.00008101575076580048, 1, 2.2351745343485163e-08, 1.1362133989223366e-07, -5.681066994611683e-08, 0.9598897695541382, 0.2803780138492584, -3.713648411007853e-08, -0.2803780138492584, 0.9598897099494934),
        }},
        {Time = 0.100, Data = {
            ["LeftFoot"] = CFrame.new(-4.842877388000488e-08, -1.1920928955078125e-07, 4.470348358154297e-08, 0.9787392020225525, -0.10278171300888062, 0.17749793827533722, 0.16069233417510986, 0.9220449328422546, -0.3521521985530853, -0.1274660974740982, 0.37318772077560425, 0.9189577698707581),
            ["LeftLowerArm"] = CFrame.new(0.0000013709068298339844, -3.5762786865234375e-07, 0.000005187466740608215, 1, 2.9802318834981634e-08, -6.705523247774181e-08, -8.940698137394065e-08, 0.36156395077705383, -0.932347297668457, -1.1688099732509727e-07, 0.9323473572731018, 0.36156392097473145),
            ["LowerTorso"] = CFrame.new(-0.25313788652420044, -0.22361981868743896, 0.2781202495098114, 0.759282112121582, 0.4531225264072418, -0.4670874774456024, -0.252606600522995, 0.8666941523551941, 0.4301527440547943, 0.5997337698936462, -0.2086178958415985, 0.7725270986557007),
            ["Head"] = CFrame.new(-5.960464477539063e-08, -7.152557373046875e-07, -1.043081283569336e-07, 0.8060951232910156, 0.11687193810939789, 0.5801306366920471, 0.20005911588668823, 0.8687713742256165, -0.45300427079200745, -0.5569445490837097, 0.4812247157096863, 0.6769310832023621),
            ["RightUpperArm"] = CFrame.new(0.05011093616485596, -0.06335079669952393, 0.03216463327407837, 0.936672568321228, -0.3210900127887726, -0.13980600237846375, 0.3357585072517395, 0.7098828554153442, 0.6191387176513672, -0.09955321997404099, -0.6268712878227234, 0.7727364301681519),
            ["UpperTorso"] = CFrame.new(5.960464477539063e-08, -2.9802322387695312e-08, 7.450580596923828e-08, 0.8974822759628296, -0.1218583732843399, -0.4238824248313904, 0.1511106938123703, 0.9878628849983215, 0.035952795296907425, 0.4143564701080322, -0.09632021188735962, 0.9050034284591675),
            ["HumanoidRootPart"] = CFrame.new(0, 0, 0, 1, 0, 0, 0, 1, 0, 0, 0, 1),
            ["RightHand"] = CFrame.new(4.172325134277344e-07, 0.0000011324882507324219, -6.407499313354492e-07, 0.6935164332389832, -0.19876804947853088, 0.6924779415130615, 0.35045984387397766, 0.9328736662864685, -0.08321447670459747, -0.6294544339179993, 0.30039650201797485, 0.7166239023208618),
            ["LeftUpperArm"] = CFrame.new(0.0878942608833313, 0.04281437397003174, 0.02991536632180214, 0.693630576133728, 0.34368351101875305, 0.6330544948577881, -0.6665399074554443, 0.6394659280776978, 0.38315561413764954, -0.27313247323036194, -0.6877244710922241, 0.6726320385932922),
            ["RightLowerArm"] = CFrame.new(2.384185791015625e-07, 5.364418029785156e-07, -0.0000035278499126434326, 1, -0.000004326225734985201, 0.000019036237063119188, 0.000019036235244129784, -0.0006094164564274251, -0.9999998211860657, 0.000004416564934217604, 0.9999998807907104, -0.0006094210548326373),
            ["LeftHand"] = CFrame.new(-0.0000011622905731201172, -0.0000013113021850585938, 3.2782554626464844e-07, 0.9697386026382446, 0.1823642998933792, -0.16232794523239136, -0.21537424623966217, 0.9521172642707825, -0.21699514985084534, 0.11498314887285233, 0.24538995325565338, 0.9625813961029053),
            ["RightUpperLeg"] = CFrame.new(1.7881393432617188e-07, -2.980232238769531e-07, -3.149762051180005e-08, 0.8749355673789978, -0.4338020384311676, 0.2151828408241272, 0.33651044964790344, 0.2251451164484024, -0.9143688678741455, 0.3482075333595276, 0.8724250197410583, 0.34296634793281555),
            ["LeftUpperLeg"] = CFrame.new(0, -1.0011717677116394e-07, 8.475035429000854e-08, 0.9856485724449158, -0.14358703792095184, 0.0887676551938057, 0.1681278795003891, 0.8822205066680908, -0.4397955536842346, -0.015163909643888474, 0.44840818643569946, 0.893700361251831),
            ["RightLowerLeg"] = CFrame.new(-1.1920928955078125e-07, -0.0007262825965881348, 0.0000461207891930826, 1, 8.568170528633345e-08, -6.332996349556197e-08, 1.4901164746561335e-08, 0.47902917861938477, 0.8777989745140076, 2.235174747511337e-07, -0.8777990937232971, 0.47902941703796387),
            ["RightFoot"] = CFrame.new(2.3096799850463867e-07, 0, 3.149762051180005e-08, 0.9695497751235962, 0.2239593118429184, -0.09907370805740356, -0.2407923936843872, 0.9455493688583374, -0.21898721158504486, 0.04463493451476097, 0.23617520928382874, 0.970684826374054),
            ["LeftLowerLeg"] = CFrame.new(8.568167686462402e-08, -0.0007264614105224609, 0.00008103437721729279, 1, -3.7252917195473856e-08, -1.8626458597736928e-08, -2.2351745343485163e-08, 0.9195979237556458, 0.39286112785339355, -3.771856782464056e-08, -0.39286109805107117, 0.9195979237556458),
        }},
        {Time = 0.133, Data = {
            ["LeftFoot"] = CFrame.new(5.960464477539063e-08, -1.7881393432617188e-07, -3.725290298461914e-08, 0.9689702391624451, -0.13398878276348114, 0.20771071314811707, 0.20838050544261932, 0.8947829008102417, -0.39489367604255676, -0.13294468820095062, 0.42592334747314453, 0.8949387669563293),
            ["LeftLowerArm"] = CFrame.new(0.0000012218952178955078, -7.152557373046875e-07, 0.000004351139068603516, 1, 8.940696716308594e-08, -2.9802318834981634e-08, -1.1175870895385742e-07, 0.6197207570075989, -0.784822404384613, -7.450580596923828e-08, 0.7848224639892578, 0.6197207570075989),
            ["LowerTorso"] = CFrame.new(-0.17720280587673187, -0.25636744499206543, 0.2688618302345276, 0.7732241153717041, 0.4437069594860077, -0.45304375886917114, -0.25634798407554626, 0.8721640110015869, 0.4166722595691681, 0.5800087451934814, -0.20604419708251953, 0.7881216406822205),
            ["Head"] = CFrame.new(2.9802322387695312e-08, -4.76837158203125e-07, -1.043081283569336e-07, 0.7897427082061768, 0.12216303497552872, 0.6011512279510498, 0.2135722041130066, 0.8639042377471924, -0.45613208413124084, -0.5750596523284912, 0.4886159896850586, 0.6561713218688965),
            ["RightUpperArm"] = CFrame.new(0.04300200939178467, -0.05233907699584961, 0.028545856475830078, 0.935600996017456, -0.3219620883464813, -0.14488345384597778, 0.33653464913368225, 0.6891862750053406, 0.641690731048584, -0.10674833506345749, -0.6491246819496155, 0.7531546354293823),
            ["UpperTorso"] = CFrame.new(-1.183943822979927e-07, 0, -1.4383113011717796e-07, 0.8889931440353394, -0.1312718540430069, -0.438701331615448, 0.1525956690311432, 0.9881961345672607, 0.013526394963264465, 0.4317474663257599, -0.07896888256072998, 0.8985311985015869),
            ["HumanoidRootPart"] = CFrame.new(0, 0, 0, 1, 0, 0, 0, 1, 0, 0, 0, 1),
            ["RightHand"] = CFrame.new(3.5762786865234375e-07, 0.0000011920928955078125, -7.003545761108398e-07, 0.7001692652702332, -0.22764217853546143, 0.6767136454582214, 0.38681530952453613, 0.9176018238067627, -0.09154730290174484, -0.6001140475273132, 0.32586202025413513, 0.7305325269699097),
            ["LeftUpperArm"] = CFrame.new(0.0789220929145813, 0.03566575050354004, 0.026781272143125534, 0.7537228465080261, 0.4069162607192993, 0.5160629153251648, -0.6123625040054321, 0.7199050784111023, 0.3267248570919037, -0.23856675624847412, -0.5622774958610535, 0.7917891144752502),
            ["RightLowerArm"] = CFrame.new(4.76837158203125e-07, 2.980232238769531e-07, -0.0000034784898161888123, 1, -0.000004475702553463634, 0.000018991539036505856, 0.00001896918001875747, 0.00638571148738265, -0.9999796748161316, 0.000004383677605801495, 0.9999796152114868, 0.006385734770447016),
            ["LeftHand"] = CFrame.new(-0.0000015795230865478516, -0.000001430511474609375, 1.1920928955078125e-07, 0.9383039474487305, 0.2864667475223541, -0.1937071979045868, -0.32835280895233154, 0.9137741327285767, -0.23916831612586975, 0.10849092900753021, 0.2880168855190277, 0.951460063457489),
            ["RightUpperLeg"] = CFrame.new(-5.960464477539063e-08, -5.960464477539063e-08, -7.620110409334302e-08, 0.8655071258544922, -0.4502047598361969, 0.21957455575466156, 0.34030604362487793, 0.206851527094841, -0.9172809720039368, 0.3675450086593628, 0.8686357736587524, 0.3322387635707855),
            ["LeftUpperLeg"] = CFrame.new(-2.384185791015625e-07, 1.4738179743289948e-07, 2.3283064365386963e-08, 0.9924436807632446, -0.11872348189353943, 0.030990472063422203, 0.11965465545654297, 0.8804857730865479, -0.4587242007255554, 0.02717459201812744, 0.45896589756011963, 0.888038158416748),
            ["RightLowerLeg"] = CFrame.new(-8.940696716308594e-08, -0.000726163387298584, 0.00004613569035427645, 1, -3.725290742551124e-09, -7.450584149637507e-09, -5.960464477539063e-08, 0.41997334361076355, 0.9075363278388977, 2.9802322387695312e-08, -0.907536506652832, 0.4199736416339874),
            ["RightFoot"] = CFrame.new(2.7194619178771973e-07, 5.960464477539063e-08, 4.639878170564771e-08, 0.9731738567352295, 0.2284509390592575, 0.02725546434521675, -0.2098899483680725, 0.9300765991210938, -0.3015025556087494, -0.09422816336154938, 0.2876938581466675, 0.9530758261680603),
            ["LeftLowerLeg"] = CFrame.new(7.078051567077637e-08, -0.0007263422012329102, 0.00008102133870124817, 1, 5.960464477539063e-08, 4.4703490686970326e-08, -3.725290298461914e-08, 0.8807292580604553, 0.4736199676990509, 2.9336661100387573e-08, -0.47362008690834045, 0.8807294368743896),
        }},
        {Time = 0.167, Data = {
            ["LeftFoot"] = CFrame.new(-6.705522537231445e-08, -1.1920928955078125e-07, -7.450580596923828e-09, 0.9566299319267273, -0.16907066106796265, 0.23722225427627563, 0.2556474804878235, 0.8776571154594421, -0.4054167568683624, -0.13965560495853424, 0.4484787583351135, 0.8828153610229492),
            ["LeftLowerArm"] = CFrame.new(7.450580596923828e-07, -1.1920928955078125e-07, 0.0000050514936447143555, 1, 1.4901161193847656e-07, 4.4703494239684005e-08, -4.4703490686970326e-08, 0.7974315881729126, -0.603409469127655, -7.450581307466564e-08, 0.6034094095230103, 0.7974315285682678),
            ["LowerTorso"] = CFrame.new(-0.0939728245139122, -0.279382586479187, 0.25849583745002747, 0.7978734970092773, 0.4209001362323761, -0.43155643343925476, -0.2568459212779999, 0.8850164413452148, 0.38829901814460754, 0.5453696250915527, -0.1989700198173523, 0.814237654209137),
            ["Head"] = CFrame.new(0, -9.5367431640625e-07, -7.450580596923828e-08, 0.7774289846420288, 0.11298470199108124, 0.6187395453453064, 0.2202783226966858, 0.8725219964981079, -0.436100035905838, -0.5891364812850952, 0.47533145546913147, 0.6534357070922852),
            ["RightUpperArm"] = CFrame.new(0.03756916522979736, -0.044089555740356445, 0.027851462364196777, 0.9365718960762024, -0.31142282485961914, -0.16077585518360138, 0.33829647302627563, 0.6834107637405396, 0.6469200253486633, -0.09158986806869507, -0.6602769494056702, 0.7454164028167725),
            ["UpperTorso"] = CFrame.new(7.450580596923828e-08, -8.940696716308594e-08, -8.195638656616211e-08, 0.8844425678253174, -0.13085177540779114, -0.44792747497558594, 0.1480945646762848, 0.9889669418334961, 0.0035121506080031395, 0.4425259828567505, -0.06944190710783005, 0.8940629363059998),
            ["HumanoidRootPart"] = CFrame.new(0, 0, 0, 1, 0, 0, 0, 1, 0, 0, 0, 1),
            ["RightHand"] = CFrame.new(4.76837158203125e-07, 0.0000010132789611816406, -7.748603820800781e-07, 0.6862123012542725, -0.23687072098255157, 0.6877532005310059, 0.40363258123397827, 0.9105708599090576, -0.08911632001399994, -0.6051392555236816, 0.33875223994255066, 0.7204539775848389),
            ["LeftUpperArm"] = CFrame.new(0.0722087025642395, 0.028821945190429688, 0.026606719940900803, 0.7884541749954224, 0.4264487326145172, 0.44326233863830566, -0.5645381212234497, 0.7878233194351196, 0.24623411893844604, -0.24420616030693054, -0.44438281655311584, 0.8619091510772705),
            ["RightLowerArm"] = CFrame.new(2.980232238769531e-07, 2.384185791015625e-07, -0.000004211440682411194, 1, -0.000004298985004425049, 0.000019066039385506883, 0.000018961729438160546, -0.00035523250699043274, -1, 0.000004407018877827795, 1, -0.00035518695949576795),
            ["LeftHand"] = CFrame.new(-0.0000015497207641601562, -0.0000011920928955078125, 4.76837158203125e-07, 0.9131298065185547, 0.30394765734672546, -0.27167901396751404, -0.3757399916648865, 0.88602614402771, -0.27161985635757446, 0.15815649926662445, 0.35010507702827454, 0.9232622981071472),
            ["RightUpperLeg"] = CFrame.new(1.4901161193847656e-07, -7.450580596923828e-08, -6.129994289949536e-08, 0.8578952550888062, -0.46818697452545166, 0.2117001712322235, 0.3468458652496338, 0.22369034588336945, -0.910857081413269, 0.37909606099128723, 0.8548470735549927, 0.3542915880680084),
            ["LeftUpperLeg"] = CFrame.new(0, -8.961069397628307e-08, -4.202593117952347e-08, 0.9946508407592773, -0.09178716689348221, -0.04738100245594978, 0.061514630913734436, 0.8948368430137634, -0.44213464856147766, 0.08298065513372421, 0.43685492873191833, 0.8956964612007141),
            ["RightLowerLeg"] = CFrame.new(-1.7881393432617188e-07, -0.0007264614105224609, 0.00004583021654980257, 1, 1.1920928955078125e-07, 4.4703494239684005e-08, -1.7881390590446244e-07, 0.372953325510025, 0.9278501272201538, 1.1920927533992653e-07, -0.9278501272201538, 0.37295353412628174),
            ["RightFoot"] = CFrame.new(2.3469328880310059e-07, 5.960464477539063e-08, -1.3205863069742918e-08, 0.9613262414932251, 0.23475906252861023, 0.1440146565437317, -0.16626936197280884, 0.9115579128265381, -0.37605392932891846, -0.21955975890159607, 0.33756524324417114, 0.9153378009796143),
            ["LeftLowerLeg"] = CFrame.new(-2.9802322387695312e-08, -0.0007264614105224609, 0.00008096545934677124, 1, 5.960465188081798e-08, 2.2351738238057806e-08, -2.9802322387695312e-08, 0.8612359166145325, 0.5082055926322937, -2.1886080503463745e-08, -0.5082055330276489, 0.8612358570098877),
        }},
        {Time = 0.200, Data = {
            ["LeftFoot"] = CFrame.new(2.2351741790771484e-08, -2.980232238769531e-07, -7.450580596923828e-08, 0.940674364566803, -0.21771177649497986, 0.26025626063346863, 0.30815884470939636, 0.86919105052948, -0.386711061000824, -0.1420208364725113, 0.4439693093299866, 0.8847154378890991),
            ["LeftLowerArm"] = CFrame.new(0.0000010132789611816406, -2.384185791015625e-07, 0.000004827976226806641, 1, 1.9371512394172896e-07, 8.195640788244418e-08, -6.705523247774181e-08, 0.8768430352210999, -0.48077696561813354, -1.4901162614933128e-07, 0.480776846408844, 0.8768430352210999),
            ["LowerTorso"] = CFrame.new(0.004861947149038315, -0.2944157123565674, 0.2471749186515808, 0.8283049464225769, 0.38833609223365784, -0.4038638770580292, -0.2522231638431549, 0.902106523513794, 0.3501248359680176, 0.5002943277359009, -0.18814632296562195, 0.8451666235923767),
            ["Head"] = CFrame.new(-1.4901161193847656e-08, -9.5367431640625e-07, -8.940696716308594e-08, 0.7809925675392151, 0.1114928275346756, 0.6145079135894775, 0.1931455433368683, 0.892583429813385, -0.40741875767707825, -0.5939237475395203, 0.4368802309036255, 0.6755664944648743),
            ["RightUpperArm"] = CFrame.new(0.035881876945495605, -0.04392719268798828, 0.026803702116012573, 0.9418836832046509, -0.2913406193256378, -0.16725972294807434, 0.3276126980781555, 0.6864327788352966, 0.6492149233818054, -0.07433024048805237, -0.6662813425064087, 0.7419866323471069),
            ["UpperTorso"] = CFrame.new(-3.725290298461914e-08, -8.940696716308594e-08, -7.450580596923828e-08, 0.883052408695221, -0.14278826117515564, -0.4470233619213104, 0.15337860584259033, 0.9880868196487427, -0.01262986846268177, 0.44350138306617737, -0.05741071701049805, 0.8944331407546997),
            ["HumanoidRootPart"] = CFrame.new(0, 0, 0, 1, 0, 0, 0, 1, 0, 0, 0, 1),
            ["RightHand"] = CFrame.new(0, 0.0000010728836059570312, -7.748603820800781e-07, 0.6519794464111328, -0.22258402407169342, 0.724830150604248, 0.4089761972427368, 0.9081968069076538, -0.08897815644741058, -0.6384836435317993, 0.3544503450393677, 0.6831575632095337),
            ["LeftUpperArm"] = CFrame.new(0.0705912709236145, 0.02989017963409424, 0.025320589542388916, 0.7987548112869263, 0.4224938452243805, 0.4283571243286133, -0.5343611240386963, 0.8253484964370728, 0.1823682337999344, -0.27649426460266113, -0.37456491589546204, 0.8850153684616089),
            ["RightLowerArm"] = CFrame.new(5.960464477539062e-07, 7.748603820800781e-07, -0.000003643333911895752, 1, -0.000004064291260874597, 0.000019013888959307224, 0.00001900643292174209, -0.014662520959973335, -0.9998925924301147, 0.00000435859010394779, 0.99989253282547, -0.01466253213584423),
            ["LeftHand"] = CFrame.new(-0.0000014901161193847656, -0.000001430511474609375, 3.5762786865234375e-07, 0.8817381858825684, 0.26746782660484314, -0.3885849416255951, -0.3846912384033203, 0.8844496011734009, -0.26412439346313477, 0.27303916215896606, 0.38237398862838745, 0.8827457427978516),
            ["RightUpperLeg"] = CFrame.new(0, -9.685754776000977e-08, 4.300818545743823e-08, 0.859484076499939, -0.4757016897201538, 0.1870691329240799, 0.34551647305488586, 0.2709573805332184, -0.8984435200691223, 0.3767034709453583, 0.8368334174156189, 0.39724621176719666),
            ["LeftUpperLeg"] = CFrame.new(0, -6.309710443019867e-08, 1.7695128917694092e-08, 0.9890879392623901, -0.05057062208652496, -0.13837501406669617, -0.008475258015096188, 0.9181554913520813, -0.3961297869682312, 0.1470824033021927, 0.39298003911972046, 0.907707929611206),
            ["RightLowerLeg"] = CFrame.new(-1.4156103134155273e-07, -0.0007264614105224609, 0.00004607608570950106, 1, 1.4156104555240745e-07, 2.2351748896198842e-08, -1.4901159417490817e-08, 0.32706716656684875, 0.9450010061264038, 1.937150670983101e-07, -0.9450011253356934, 0.3270675241947174),
            ["RightFoot"] = CFrame.new(1.341104507446289e-07, -5.960464477539063e-08, 1.1345400707796216e-07, 0.9453925490379333, 0.2285744845867157, 0.23235033452510834, -0.1068408414721489, 0.8908162713050842, -0.441623717546463, -0.30792558193206787, 0.392683207988739, 0.8665921092033386),
            ["LeftLowerLeg"] = CFrame.new(-8.195638656616211e-08, -0.0007265210151672363, 0.0000810474157333374, 1, 1.1920928955078125e-07, -1.4901159417490817e-08, 2.9802315282267955e-08, 0.8577414751052856, 0.5140814185142517, -1.3358655337469827e-07, -0.5140813589096069, 0.8577414751052856),
        }},
        {Time = 0.233, Data = {
            ["LeftFoot"] = CFrame.new(7.450580596923828e-09, -1.7881393432617188e-07, -2.9802322387695312e-08, 0.9218724966049194, -0.27754536271095276, 0.27040645480155945, 0.35926997661590576, 0.8736534714698792, -0.32810789346694946, -0.14517658948898315, 0.3996226191520691, 0.9051108360290527),
            ["LeftLowerArm"] = CFrame.new(0.0000011920928955078125, 5.960464477539063e-08, 0.0000049173831939697266, 1, 4.470348358154297e-08, 5.21540641784668e-08, -7.823110337312755e-08, 0.9393071532249451, -0.34307730197906494, -1.3411046495548362e-07, 0.34307730197906494, 0.9393072128295898),
            ["LowerTorso"] = CFrame.new(0.10686495900154114, -0.2945667505264282, 0.23643197119235992, 0.8608332872390747, 0.3507169485092163, -0.3687325119972229, -0.24332086741924286, 0.9200602769851685, 0.30705732107162476, 0.44694632291793823, -0.1746048629283905, 0.8773552179336548),
            ["Head"] = CFrame.new(0, -4.76837158203125e-07, -4.470348358154297e-08, 0.7939443588256836, 0.11333734542131424, 0.5973331928253174, 0.1538403183221817, 0.9130513668060303, -0.3777179718017578, -0.5882053375244141, 0.39178067445755005, 0.707476019859314),
            ["RightUpperArm"] = CFrame.new(0.03631186485290527, -0.049263834953308105, 0.026706218719482422, 0.9501824975013733, -0.26969829201698303, -0.15625570714473724, 0.30508917570114136, 0.7020853757858276, 0.6434262990951538, -0.06382589787244797, -0.6590439677238464, 0.7493909597396851),
            ["UpperTorso"] = CFrame.new(9.685754776000977e-08, 0, -1.1920928955078125e-07, 0.8832845091819763, -0.16044457256793976, -0.44052940607070923, 0.16559161245822906, 0.9858240485191345, -0.027025803923606873, 0.43862050771713257, -0.04907669499516487, 0.8973312973976135),
            ["HumanoidRootPart"] = CFrame.new(0, 0, 0, 1, 0, 0, 0, 1, 0, 0, 0, 1),
            ["RightHand"] = CFrame.new(5.960464477539062e-07, 0.0000013113021850585938, -8.940696716308594e-07, 0.6163077354431152, -0.2108900099992752, 0.7587421536445618, 0.41225823760032654, 0.9073072671890259, -0.08268430083990097, -0.670975387096405, 0.3637568950653076, 0.6461220383644104),
            ["LeftUpperArm"] = CFrame.new(0.07202684879302979, 0.03649187088012695, 0.02467700093984604, 0.7984651327133179, 0.41662147641181946, 0.43460291624069214, -0.5020900964736938, 0.859147310256958, 0.0988534465432167, -0.3322032690048218, -0.2971404790878296, 0.8951807022094727),
            ["RightLowerArm"] = CFrame.new(5.960464477539063e-08, 4.76837158203125e-07, -0.000003635883331298828, 1, -0.000003971158548665699, 0.000019088396584265865, 0.000018984081179951318, -0.017610903829336166, -0.999845027923584, 0.000004410744168126257, 0.9998449087142944, -0.017610909417271614),
            ["LeftHand"] = CFrame.new(-0.0000011324882507324219, -0.0000012516975402832031, 4.470348358154297e-08, 0.8247676491737366, 0.22223958373069763, -0.5199687480926514, -0.40127238631248474, 0.8779067397117615, -0.2612670660018921, 0.3984203338623047, 0.424133837223053, 0.8132479190826416),
            ["RightUpperLeg"] = CFrame.new(8.940696716308594e-08, -1.341104507446289e-07, 2.8107024263590574e-08, 0.8698828816413879, -0.4729035496711731, 0.14023612439632416, 0.33160772919654846, 0.350201278924942, -0.8760111927986145, 0.365157812833786, 0.808530330657959, 0.4614523947238922),
            ["LeftUpperLeg"] = CFrame.new(1.1920928955078125e-07, 3.4458935260772705e-08, 0, 0.9728813767433167, 0.004504781682044268, -0.23126085102558136, -0.08077467978000641, 0.9434823393821716, -0.32142922282218933, 0.21674245595932007, 0.3313923478126526, 0.9182601571083069),
            ["RightLowerLeg"] = CFrame.new(-2.9802322387695312e-08, -0.000726163387298584, 0.00004602020635502413, 1, 1.8626458597736928e-07, -6.70552680048786e-08, -2.980232594040899e-08, 0.303771436214447, 0.9527449607849121, 4.4703490686970326e-08, -0.9527450203895569, 0.3037717342376709),
            ["RightFoot"] = CFrame.new(1.825392246246338e-07, 0, -4.300818545743823e-08, 0.9369896650314331, 0.20783627033233643, 0.2808105945587158, -0.04542451351881027, 0.8694465756416321, -0.49193429946899414, -0.34639155864715576, 0.44818171858787537, 0.8241031765937805),
            ["LeftLowerLeg"] = CFrame.new(8.568167686462402e-08, -0.0007263422012329102, 0.00008101016283035278, 1, 0, 5.960465898624534e-08, -3.725290653733282e-08, 0.8775714635848999, 0.47944605350494385, -1.3969840395589017e-08, -0.4794459939002991, 0.8775714635848999),
        }},
        {Time = 0.267, Data = {
            ["LeftFoot"] = CFrame.new(7.450580596923828e-09, -5.960464477539063e-08, -7.450580596923828e-08, 0.9035571813583374, -0.33897683024406433, 0.26206740736961365, 0.4042576253414154, 0.8771336078643799, -0.25925397872924805, -0.1419871598482132, 0.34019339084625244, 0.929574191570282),
            ["LeftLowerArm"] = CFrame.new(0.0000014901161193847656, -0.0000011324882507324219, 0.000004932284355163574, 1, 2.2351738948600541e-07, 7.450580596923828e-08, -2.6077035641947077e-08, 0.9425352215766907, -0.33410677313804626, -1.1920930376163597e-07, 0.3341067135334015, 0.9425352811813354),
            ["LowerTorso"] = CFrame.new(0.18303102254867554, -0.2863960266113281, 0.2269352674484253, 0.8912312984466553, 0.31219083070755005, -0.32900410890579224, -0.23008331656455994, 0.9363341331481934, 0.2652170658111572, 0.3908561170101166, -0.1606713831424713, 0.9063201546669006),
            ["Head"] = CFrame.new(-1.4901161193847656e-08, -7.152557373046875e-07, 1.4901161193847656e-08, 0.8085595369338989, 0.10877711325883865, 0.5782725214958191, 0.12119563668966293, 0.9309048056602478, -0.34456968307495117, -0.5757978558540344, 0.3486889600753784, 0.7395083904266357),
            ["RightUpperArm"] = CFrame.new(0.03626143932342529, -0.05129671096801758, 0.02732977271080017, 0.9550328850746155, -0.24361391365528107, -0.1690104454755783, 0.29546961188316345, 0.7344804406166077, 0.6109306812286377, -0.02469651773571968, -0.6333962678909302, 0.7734335064888),
            ["UpperTorso"] = CFrame.new(-7.450580596923828e-08, -8.940696716308594e-08, 8.940696716308594e-08, 0.8867865800857544, -0.16899947822093964, -0.4301728308200836, 0.1702692061662674, 0.984744668006897, -0.03586681932210922, 0.4296720027923584, -0.04143882915377617, 0.902033805847168),
            ["HumanoidRootPart"] = CFrame.new(0, 0, 0, 1, 0, 0, 0, 1, 0, 0, 0, 1),
            ["RightHand"] = CFrame.new(2.980232238769531e-07, 0.0000011920928955078125, -7.748603820800781e-07, 0.583835780620575, -0.1662106066942215, 0.7946754693984985, 0.38757988810539246, 0.917140781879425, -0.09292397648096085, -0.7133846879005432, 0.36225244402885437, 0.599880039691925),
            ["LeftUpperArm"] = CFrame.new(0.07242387533187866, 0.039266109466552734, 0.025059260427951813, 0.7857682108879089, 0.37092238664627075, 0.4949595630168915, -0.4600483775138855, 0.8853740096092224, 0.06684661656618118, -0.41342929005622864, -0.2802313566207886, 0.8663409352302551),
            ["RightLowerArm"] = CFrame.new(5.960464477539063e-08, 2.384185791015625e-07, -0.0000035762786865234375, 1, -0.0000039637093323108274, 0.000019043687643716112, 0.000018998978703166358, -0.023519400507211685, -0.9997234344482422, 0.000004410743258631555, 0.9997233748435974, -0.023519372567534447),
            ["LeftHand"] = CFrame.new(-0.0000014901161193847656, -0.0000013113021850585938, 1.4901161193847656e-07, 0.7419383525848389, 0.15297743678092957, -0.6527823805809021, -0.37973836064338684, 0.8982858657836914, -0.22109167277812958, 0.5525634288787842, 0.4119230806827545, 0.7245644927024841),
            ["RightUpperLeg"] = CFrame.new(0, -2.9802322387695312e-08, 5.790934665128589e-08, 0.8818497061729431, -0.46250206232070923, 0.09183099865913391, 0.3175518214702606, 0.4385428726673126, -0.8407383561134338, 0.3485714793205261, 0.7705659866333008, 0.5335972905158997),
            ["LeftUpperLeg"] = CFrame.new(-2.9802322387695312e-08, -1.3737007975578308e-07, 7.450580596923828e-09, 0.9483116865158081, 0.05400180444121361, -0.3127118945121765, -0.14266104996204376, 0.9527717232704163, -0.2680928707122803, 0.28346583247184753, 0.2988474667072296, 0.911228597164154),
