return {
    ["Victory Turn"] = {
        {Time = 0.000, Data = {
            ["LeftLowerArm"] = CFrame.new(1.4901161193847656e-07, -1.7881393432617188e-07, 1.4901161193847656e-08, 1, 1.1175872671742582e-08, -1.4901161193847656e-08, 2.9802322387695312e-08, 0.9999867081642151, -0.0051749153062701225, -7.450580596923828e-09, 0.005174990277737379, 0.9999866485595703),
            ["RightUpperArm"] = CFrame.new(-5.960464477539063e-08, -2.384185791015625e-07, -2.9802322387695312e-08, -0.6311527490615845, -0.5403608679771423, 0.5564676523208618, 0.5243740081787109, -0.8258861303329468, -0.207229346036911, 0.5715577006340027, 0.16100391745567322, 0.8046115636825562),
            ["Head"] = CFrame.new(-2.9802322387695312e-08, -2.384185791015625e-07, -1.4901161193847656e-08, 0.934367835521698, 0.27830663323402405, -0.2224910706281662, -0.30032622814178467, 0.9511549472808838, -0.07147441804409027, 0.19173167645931244, 0.13360342383384705, 0.9723113179206848),
            ["UpperTorso"] = CFrame.new(3.958120942115784e-09, 1.4901161193847656e-07, -3.026798367500305e-09, 0.9666627049446106, -0.15635116398334503, 0.2027745544910431, 0.17517971992492676, 0.9814110398292542, -0.07838741689920425, -0.1867491453886032, 0.1112961545586586, 0.9760830402374268),
            ["HumanoidRootPart"] = CFrame.new(0, 0, 0, 1, 0, 0, 0, 1, 0, 0, 0, 1),
            ["LowerTorso"] = CFrame.new(-0.0378575325012207, -0.05352628231048584, 0.01858946681022644, 0.9980719685554504, -0.04657372459769249, 0.04102703183889389, 0.039783328771591187, 0.9874112606048584, 0.15308909118175507, -0.04764048010110855, -0.15116173028945923, 0.9873604774475098),
            ["LeftUpperArm"] = CFrame.new(-2.384185791015625e-07, -4.76837158203125e-07, -2.9802322387695312e-08, 0.9854507446289062, 0.1513415277004242, -0.07734744995832443, -0.10108520835638046, 0.887740433216095, 0.44910886883735657, 0.13663335144519806, -0.4347560405731201, 0.8901228904724121),
            ["RightLowerArm"] = CFrame.new(2.384185791015625e-07, -2.384185791015625e-07, -7.450580596923828e-09, 1, -4.470347647611561e-08, -4.6566128730773926e-08, -2.9802318834981634e-08, 0.9999867081642151, -0.0051547326147556305, -1.8626449271863521e-09, 0.005154728423804045, 0.9999867081642151),
            ["LeftHand"] = CFrame.new(5.960464477539063e-08, 1.1920928955078125e-07, -1.4901161193847656e-08, 0.8971914649009705, 0.02924463152885437, 0.4406724274158478, 0.01981901191174984, 0.9941338896751404, -0.10632508248090744, -0.4411967694759369, 0.10412761569023132, 0.8913488984107971),
            ["RightUpperLeg"] = CFrame.new(5.960464477539063e-08, 1.7095590010285378e-07, -6.351910997182131e-09, 0.9917036890983582, 0.036734312772750854, 0.12318501621484756, 0.12722894549369812, -0.4173024296760559, -0.8998174071311951, 0.0183512344956398, 0.9080249667167664, -0.41851410269737244),
            ["RightHand"] = CFrame.new(-1.1920928955078125e-07, 3.5762786865234375e-07, 4.470348358154297e-08, 0.12912844121456146, -0.23712649941444397, -0.9628587961196899, -0.511071503162384, 0.8161816596984863, -0.269543319940567, 0.8497834205627441, 0.52689528465271, -0.01579614169895649),
            ["RightLowerLeg"] = CFrame.new(-7.078051567077637e-08, 2.384185791015625e-07, 4.267349140718579e-08, 1, -1.3969838619232178e-07, -2.495945921054954e-07, 1.0058282384761696e-07, -0.7115239500999451, 0.7026616334915161, -2.5238838929908525e-07, -0.7026618123054504, -0.711524248123169),
            ["LeftUpperLeg"] = CFrame.new(5.960464477539063e-08, 2.5425106287002563e-07, 2.421438694000244e-08, 0.9835610389709473, 0.0762939527630806, 0.16366718709468842, -0.005827939137816429, 0.9193010330200195, -0.39351192116737366, -0.18048195540905, 0.38608911633491516, 0.9046333432197571),
            ["LeftLowerLeg"] = CFrame.new(-3.306195139884949e-08, -1.1920928955078125e-07, 0, 1, 5.634504418594588e-08, -1.6298142835324825e-09, -4.6100474548893544e-08, 0.848973274230957, 0.5284355282783508, 2.1420420992512845e-08, -0.5284357666969299, 0.8489733934402466),
        }},
        {Time = 0.017, Data = {
            ["LeftLowerArm"] = CFrame.new(-1.1920928955078125e-07, -1.1920928955078125e-07, 0, 1, 0, 2.60770232074492e-08, 7.450580596923828e-09, 0.9999867081642151, -0.005175923928618431, -8.195638656616211e-08, 0.0051758480258286, 0.9999865889549255),
            ["RightUpperArm"] = CFrame.new(1.1920928955078125e-07, -7.152557373046875e-07, 4.470348358154297e-08, -0.5705421566963196, -0.5674208402633667, 0.5937298536300659, 0.5472893714904785, -0.8017128705978394, -0.24027255177497864, 0.6123365759849548, 0.1878564953804016, 0.767954409122467),
            ["Head"] = CFrame.new(1.2665987014770508e-07, -2.384185791015625e-07, 1.4901161193847656e-08, 0.9184269905090332, 0.2899467349052429, -0.26911506056785583, -0.3131190538406372, 0.948569655418396, -0.046605560928583145, 0.24176125228405, 0.12706895172595978, 0.9619797468185425),
            ["UpperTorso"] = CFrame.new(-5.3551048040390015e-09, 2.682209014892578e-07, 3.166496753692627e-08, 0.9607024192810059, -0.1582154929637909, 0.22807617485523224, 0.18233275413513184, 0.9792243242263794, -0.0887380838394165, -0.20929798483848572, 0.1268366575241089, 0.9695910811424255),
            ["HumanoidRootPart"] = CFrame.new(0, 0, 0, 1, 0, 0, 0, 1, 0, 0, 0, 1),
            ["LowerTorso"] = CFrame.new(-0.0337153896689415, -0.060231924057006836, 0.021689176559448242, 0.9959388971328735, -0.06223086267709732, 0.06506156921386719, 0.05074385926127434, 0.9849348068237305, 0.1653134822845459, -0.07436900585889816, -0.16134066879749298, 0.9840927124023438),
            ["LeftUpperArm"] = CFrame.new(1.7881393432617188e-07, -3.5762786865234375e-07, 5.960464477539063e-08, 0.9854698777198792, 0.15553221106529236, -0.06825672090053558, -0.1090756207704544, 0.8875524997711182, 0.4476081132888794, 0.1301989108324051, -0.4336591958999634, 0.8916211128234863),
            ["RightLowerArm"] = CFrame.new(2.980232238769531e-07, 5.960464477539063e-08, 1.1175870895385742e-07, 1, -4.4703494239684005e-08, -9.313222193441106e-09, 4.470348358154297e-08, 0.9999867081642151, -0.005155818536877632, -9.872019290924072e-08, 0.005155784543603659, 0.9999867081642151),
            ["LeftHand"] = CFrame.new(-1.6391277313232422e-07, 1.7881393432617188e-07, 1.4901161193847656e-07, 0.9044896960258484, 0.02033313922584057, 0.4260108470916748, 0.03127738833427429, 0.993010938167572, -0.11380255967378616, -0.42534714937210083, 0.11625789105892181, 0.8975321650505066),
            ["RightUpperLeg"] = CFrame.new(0, 1.932494342327118e-07, 2.6244379114359617e-08, 0.988038957118988, -0.011088773608207703, 0.15380574762821198, 0.14093513786792755, -0.33984774351119995, -0.9298606514930725, 0.06258157640695572, 0.9404151439666748, -0.33422011137008667),
            ["RightHand"] = CFrame.new(-8.940696716308594e-08, -1.1920928955078125e-07, 0, 0.14137807488441467, -0.26681971549987793, -0.9533202648162842, -0.4998309016227722, 0.8119935989379883, -0.30138975381851196, 0.8545065522193909, 0.5191084742546082, -0.01856657862663269),
            ["RightLowerLeg"] = CFrame.new(-5.774199962615967e-08, 2.384185791015625e-07, -5.790934665128589e-08, 1, -7.636844401304188e-08, -2.2351753159455257e-07, 1.0803341865539551e-07, -0.6789990663528442, 0.734139084815979, -2.505257725715637e-07, -0.7341392636299133, -0.6789990663528442),
            ["LeftUpperLeg"] = CFrame.new(0, 6.984919309616089e-08, -3.725290298461914e-09, 0.9836252927780151, 0.09301074594259262, 0.154370978474617, -0.017098644748330116, 0.9008381366729736, -0.4338184893131256, -0.17941294610500336, 0.42407530546188354, 0.8876773715019226),
            ["LeftLowerLeg"] = CFrame.new(-7.450580596923828e-08, 1.1920928955078125e-07, 1.4901161193847656e-08, 1, 5.308540096393699e-08, 3.224704769877462e-08, -5.774199962615967e-08, 0.821484386920929, 0.570231020450592, 2.89292074739933e-08, -0.5702310800552368, 0.8214845061302185),
        }},
        {Time = 0.033, Data = {
            ["LeftLowerArm"] = CFrame.new(-2.682209014892578e-07, -2.384185791015625e-07, -5.960464477539063e-08, 1, -2.2351736461700966e-08, -7.450580596923828e-09, -2.2351738238057806e-08, 0.9999866485595703, -0.005176763981580734, -5.5879347371501353e-08, 0.005176786798983812, 0.9999866485595703),
            ["RightUpperArm"] = CFrame.new(0, -1.1920928955078125e-07, -4.470348358154297e-08, -0.5055736303329468, -0.593454897403717, 0.6262643337249756, 0.5666507482528687, -0.7757613062858582, -0.27767136693000793, 0.6506168246269226, 0.21448978781700134, 0.7284859418869019),
            ["Head"] = CFrame.new(2.9802322387695312e-08, 0, -3.725290298461914e-09, 0.9045131206512451, 0.2980635464191437, -0.30498242378234863, -0.3201903700828552, 0.9470478296279907, -0.024053560569882393, 0.28166335821151733, 0.1194092407822609, 0.9520542621612549),
            ["UpperTorso"] = CFrame.new(2.3283064365386963e-09, -2.384185791015625e-07, 2.3748725652694702e-08, 0.9596371650695801, -0.15093740820884705, 0.23730680346488953, 0.1782098263502121, 0.9791102409362793, -0.0979003980755806, -0.21757259964942932, 0.13623926043510437, 0.9664890170097351),
            ["HumanoidRootPart"] = CFrame.new(0, 0, 0, 1, 0, 0, 0, 1, 0, 0, 0, 1),
            ["LowerTorso"] = CFrame.new(-0.03024233877658844, -0.06911039352416992, 0.023063302040100098, 0.9919393062591553, -0.0828724130988121, 0.09585777670145035, 0.06535564363002777, 0.9827020168304443, 0.173278346657753, -0.10855964571237564, -0.1656167358160019, 0.9801968932151794),
            ["LeftUpperArm"] = CFrame.new(-1.1920928955078125e-07, -2.384185791015625e-07, -1.1920928955078125e-07, 0.986309289932251, 0.15219880640506744, -0.06347881257534027, -0.10766385495662689, 0.8858970403671265, 0.45121508836746216, 0.12490996718406677, -0.43820327520370483, 0.8901547789573669),
            ["RightLowerArm"] = CFrame.new(4.172325134277344e-07, -2.384185791015625e-07, 8.009374141693115e-08, 1, -6.70552182668871e-08, -2.2351734685344127e-08, -5.960464477539063e-08, 0.9999867677688599, -0.005157312378287315, -5.587935447692871e-08, 0.005157254170626402, 0.9999867081642151),
            ["LeftHand"] = CFrame.new(1.4901161193847656e-08, -5.960464477539063e-08, -1.7881393432617188e-07, 0.9108506441116333, 0.013246672227978706, 0.4125237464904785, 0.0404633991420269, 0.9918041229248047, -0.12119092047214508, -0.41074809432029724, 0.12707902491092682, 0.9028493165969849),
            ["RightUpperLeg"] = CFrame.new(5.960464477539063e-08, -3.119930624961853e-07, 2.6244379114359617e-08, 0.982900857925415, -0.06945167481899261, 0.17053574323654175, 0.1485864669084549, -0.24785521626472473, -0.9573348164558411, 0.1087566539645195, 0.9663044810295105, -0.233297660946846),
            ["RightHand"] = CFrame.new(1.4901161193847656e-07, 2.384185791015625e-07, -2.9569491744041443e-08, 0.15518561005592346, -0.2965790629386902, -0.9423154592514038, -0.48819202184677124, 0.8062343597412109, -0.334147572517395, 0.8588282465934753, 0.5118857622146606, -0.01967184990644455),
            ["RightLowerLeg"] = CFrame.new(-4.284083843231201e-08, 1.1920928955078125e-07, -8.77116690389812e-08, 1, -1.1175870895385742e-07, -2.2351750317284313e-07, 1.1362135410308838e-07, -0.6347100734710693, 0.7727503180503845, -2.605374902486801e-07, -0.7727503776550293, -0.6347103118896484),
            ["LeftUpperLeg"] = CFrame.new(0, -2.561137080192566e-07, 4.842877388000488e-08, 0.9839776158332825, 0.11188419908285141, 0.13881655037403107, -0.03269495815038681, 0.8786191940307617, -0.47640255093574524, -0.1752687394618988, 0.46423083543777466, 0.8681995868682861),
            ["LeftLowerLeg"] = CFrame.new(8.777715265750885e-08, -5.960464477539063e-08, -8.940696716308594e-08, 1, 4.610048520703458e-08, 2.561137302237171e-09, -5.797483026981354e-08, 0.7853164672851562, 0.6190945506095886, 1.973239704966545e-08, -0.6190946698188782, 0.7853165864944458),
        }},
        {Time = 0.050, Data = {
            ["LeftLowerArm"] = CFrame.new(-4.172325134277344e-07, -2.384185791015625e-07, -5.960464477539063e-08, 1, -7.450581485102248e-09, 1.1175870895385742e-08, -7.450581485102248e-09, 0.9999866485595703, -0.005177415907382965, 1.862645326866641e-08, 0.005177315790206194, 0.9999865889549255),
            ["RightUpperArm"] = CFrame.new(1.1920928955078125e-07, 0, -2.9802322387695312e-08, -0.4317973256111145, -0.613300621509552, 0.6613723635673523, 0.5814610719680786, -0.7498247027397156, -0.31569904088974, 0.6895319223403931, 0.24824431538581848, 0.6803828477859497),
            ["Head"] = CFrame.new(-4.0046870708465576e-08, 2.384185791015625e-07, -1.1175870895385742e-08, 0.8968740701675415, 0.29684776067733765, -0.3278696537017822, -0.31559666991233826, 0.9488841891288757, -0.004197635687887669, 0.309864342212677, 0.10723939538002014, 0.9447137117385864),
            ["UpperTorso"] = CFrame.new(2.0489096641540527e-08, 5.960464477539063e-08, -3.725290298461914e-08, 0.963703453540802, -0.13436776399612427, 0.23069681227207184, 0.1622438281774521, 0.9810003638267517, -0.10637374222278595, -0.21202047169208527, 0.13994193077087402, 0.9671936631202698),
            ["HumanoidRootPart"] = CFrame.new(0, 0, 0, 1, 0, 0, 0, 1, 0, 0, 0, 1),
            ["LowerTorso"] = CFrame.new(-0.027368515729904175, -0.08000826835632324, 0.023035049438476562, 0.985755205154419, -0.10718715190887451, 0.12960578501224518, 0.08395897597074509, 0.9813345670700073, 0.17301274836063385, -0.1457313746213913, -0.15966664254665375, 0.9763550162315369),
            ["LeftUpperArm"] = CFrame.new(0, 0, 4.470348358154297e-08, 0.9877445697784424, 0.14140494167804718, -0.06607122719287872, -0.0951438769698143, 0.8810781240463257, 0.4633021354675293, 0.12372718751430511, -0.45133793354034424, 0.8837339878082275),
            ["RightLowerArm"] = CFrame.new(1.1920928955078125e-07, -2.384185791015625e-07, 8.940696716308594e-08, 1, -7.450581485102248e-09, 2.60770320892334e-08, 3.725290653733282e-08, 0.9999867677688599, -0.005159802734851837, 0, 0.0051598032005131245, 0.9999867081642151),
            ["LeftHand"] = CFrame.new(-1.4901161193847656e-07, 0, 2.980232238769531e-07, 0.9160993695259094, 0.013948328793048859, 0.4007086157798767, 0.03821191191673279, 0.9918085336685181, -0.12188403308391571, -0.3991263806819916, 0.1269698441028595, 0.908062219619751),
            ["RightUpperLeg"] = CFrame.new(0, -2.7567148208618164e-07, -7.620110409334302e-08, 0.9759653806686401, -0.13170026242733002, 0.1736283004283905, 0.15522831678390503, -0.1390862762928009, -0.9780384302139282, 0.1529572457075119, 0.9814835786819458, -0.11529992520809174),
            ["RightHand"] = CFrame.new(2.682209014892578e-07, 5.364418029785156e-07, 0, 0.18684178590774536, -0.32417792081832886, -0.927361249923706, -0.47765809297561646, 0.7949097752571106, -0.3741137683391571, 0.8584480285644531, 0.5128617882728577, -0.006323782727122307),
            ["RightLowerLeg"] = CFrame.new(-2.7939677238464355e-09, 1.7881393432617188e-07, -1.2496457202360034e-07, 1, -9.685753354915505e-08, -2.169982593613895e-07, 1.2572853336223488e-07, -0.5773802995681763, 0.8164753317832947, -2.4394827846663247e-07, -0.8164753913879395, -0.5773804783821106),
            ["LeftUpperLeg"] = CFrame.new(2.9802322387695312e-08, -1.0151416063308716e-07, -8.195638656616211e-08, 0.9847510457038879, 0.13137589395046234, 0.11404362320899963, -0.05438360199332237, 0.855150043964386, -0.5155199766159058, -0.16525134444236755, 0.5014567971229553, 0.8492544889450073),
            ["LeftLowerLeg"] = CFrame.new(-2.7939677238464355e-08, -2.384185791015625e-07, -4.470348358154297e-08, 1, 5.471521546951408e-08, 3.9668531570669074e-08, -4.220055060955019e-08, 0.740859866142273, 0.6716595888137817, 7.473862950746479e-08, -0.6716597080230713, 0.7408599257469177),
        }},
        {Time = 0.067, Data = {
            ["LeftLowerArm"] = CFrame.new(-5.960464477539063e-08, -1.1920928955078125e-07, -1.9371509552001953e-07, 1, 0, 1.4901162970204496e-08, -2.980232949312267e-08, 0.9999866485595703, -0.005177837330847979, -3.72529100900465e-08, 0.005177764687687159, 0.9999865889549255),
            ["RightUpperArm"] = CFrame.new(0, 0, -5.960464477539063e-08, -0.3524128496646881, -0.628732442855835, 0.6931816935539246, 0.5902351140975952, -0.7241314649581909, -0.35672974586486816, 0.7262422442436218, 0.28342393040657043, 0.6262931227684021),
            ["Head"] = CFrame.new(3.91155481338501e-08, -1.1920928955078125e-07, 1.862645149230957e-08, 0.894375741481781, 0.2818722128868103, -0.3473329246044159, -0.2993866205215454, 0.9541259407997131, 0.003389982972294092, 0.332354873418808, 0.10095501691102982, 0.9377357959747314),
            ["UpperTorso"] = CFrame.new(1.3969838619232178e-08, -5.960464477539063e-08, 2.60770320892334e-08, 0.9694176912307739, -0.1121239960193634, 0.2183062732219696, 0.13761389255523682, 0.9848780632019043, -0.10525066405534744, -0.2032039612531662, 0.13207386434078217, 0.9701879620552063),
            ["HumanoidRootPart"] = CFrame.new(0, 0, 0, 1, 0, 0, 0, 1, 0, 0, 0, 1),
            ["LowerTorso"] = CFrame.new(-0.024712055921554565, -0.09340786933898926, 0.0207863450050354, 0.9781520962715149, -0.13087564706802368, 0.161524698138237, 0.10417033731937408, 0.9809472560882568, 0.16398535668849945, -0.179908886551857, -0.14357653260231018, 0.9731488823890686),
            ["LeftUpperArm"] = CFrame.new(0, -1.1920928955078125e-07, 2.9802322387695312e-08, 0.988580584526062, 0.12652558088302612, -0.08185171335935593, -0.07301077246665955, 0.8773108124732971, 0.47433656454086304, 0.13182510435581207, -0.46294400095939636, 0.876530110836029),
            ["RightLowerArm"] = CFrame.new(-5.960464477539063e-08, -5.960464477539063e-08, -7.450580596923828e-09, 1, 7.823108916227284e-08, 2.2351747119842003e-08, 8.940698847936801e-08, 0.9999866485595703, -0.0051627024076879025, -3.72529100900465e-08, 0.005162700545042753, 0.9999867677688599),
            ["LeftHand"] = CFrame.new(8.940696716308594e-08, 2.384185791015625e-07, -1.4901161193847656e-08, 0.9198532700538635, 0.016231151297688484, 0.3919268250465393, 0.030653730034828186, 0.9931137561798096, -0.1130727231502533, -0.39106306433677673, 0.11602449417114258, 0.9130213260650635),
            ["RightUpperLeg"] = CFrame.new(0, -5.066394805908203e-07, -9.145878721028566e-09, 0.9681742787361145, -0.18944759666919708, 0.16354872286319733, 0.162595734000206, -0.020669834688305855, -0.9864762425422668, 0.19026610255241394, 0.9816733002662659, 0.010791279375553131),
            ["RightHand"] = CFrame.new(-5.960464477539063e-08, 5.960464477539062e-07, 1.7881393432617188e-07, 0.22494468092918396, -0.35157090425491333, -0.9087343215942383, -0.46684351563453674, 0.7797319889068604, -0.4172229766845703, 0.8552526235580444, 0.5180888772010803, 0.01126788929104805),
            ["RightLowerLeg"] = CFrame.new(-8.754432201385498e-08, 2.980232238769531e-07, 2.4011387722566724e-07, 1, -1.4202666420715104e-07, -2.2817414446762996e-07, 1.3131648302078247e-07, -0.5089694261550903, 0.8607847094535828, -2.1478626877069473e-07, -0.8607845902442932, -0.5089693665504456),
            ["LeftUpperLeg"] = CFrame.new(5.960464477539063e-08, -2.9243528842926025e-07, 2.2351741790771484e-08, 0.9851383566856384, 0.1495775729417801, 0.08443395793437958, -0.0796317458152771, 0.8332831859588623, -0.5470812320709229, -0.15218855440616608, 0.5322270393371582, 0.8328104019165039),
            ["LeftLowerLeg"] = CFrame.new(-7.502967491745949e-08, -1.1920928955078125e-07, 1.4901161193847656e-08, 1, 3.472087328759699e-08, 4.273898923656816e-08, -6.55418261885643e-08, 0.6901748776435852, 0.7236427664756775, 4.7628418542444706e-08, -0.7236426472663879, 0.6901747584342957),
        }},
        {Time = 0.083, Data = {
            ["LeftLowerArm"] = CFrame.new(1.7881393432617188e-07, -1.1920928955078125e-07, 1.341104507446289e-07, 1, 0, -5.215405707303944e-08, 0, 0.9999865889549255, -0.0051778401248157024, -2.9802318834981634e-08, 0.005177851300686598, 0.9999866485595703),
            ["RightUpperArm"] = CFrame.new(2.384185791015625e-07, -3.5762786865234375e-07, -2.9802322387695312e-08, -0.26383379101753235, -0.6314097046852112, 0.7291868925094604, 0.5895572304725647, -0.7038865685462952, -0.396188884973526, 0.7634225487709045, 0.32536956667900085, 0.5579614639282227),
            ["Head"] = CFrame.new(3.958120942115784e-08, -1.1920928955078125e-07, -8.381903171539307e-09, 0.8938475251197815, 0.25655868649482727, -0.36771494150161743, -0.27515560388565063, 0.9613977670669556, 0.001924931537359953, 0.35401421785354614, 0.09945835173130035, 0.9299366474151611),
            ["UpperTorso"] = CFrame.new(3.259629011154175e-09, -8.940696716308594e-08, -9.313225746154785e-09, 0.9741418957710266, -0.08910875767469406, 0.20762300491333008, 0.11077199876308441, 0.989281177520752, -0.09514370560646057, -0.19691945612430573, 0.11568227410316467, 0.9735709428787231),
            ["HumanoidRootPart"] = CFrame.new(0, 0, 0, 1, 0, 0, 0, 1, 0, 0, 0, 1),
            ["LowerTorso"] = CFrame.new(-0.02388063073158264, -0.1097559928894043, 0.017883583903312683, 0.970535933971405, -0.14809542894363403, 0.19007307291030884, 0.12037096172571182, 0.9813345074653625, 0.14997823536396027, -0.20873631536960602, -0.12267997860908508, 0.9702468514442444),
            ["LeftUpperArm"] = CFrame.new(1.1920928955078125e-07, 0, -7.450580596923828e-08, 0.9875354766845703, 0.10944806039333344, -0.1131146103143692, -0.041854165494441986, 0.8753864169120789, 0.4816085398197174, 0.15173017978668213, -0.4708713889122009, 0.8690561056137085),
            ["RightLowerArm"] = CFrame.new(2.384185791015625e-07, -2.384185791015625e-07, 4.470348358154297e-08, 1, -1.3504175910838967e-07, -4.470347647611561e-08, -1.6763806343078613e-08, 0.9999867081642151, -0.0051651219837367535, -2.9802322387695312e-08, 0.005165099631994963, 0.9999866485595703),
            ["LeftHand"] = CFrame.new(-1.4901161193847656e-07, -2.384185791015625e-07, 2.2351741790771484e-07, 0.9201516509056091, 0.01576000638306141, 0.39124512672424316, 0.02529197558760643, 0.9947109818458557, -0.0995512306690216, -0.39074474573135376, 0.10149775445461273, 0.9148862957954407),
            ["RightUpperLeg"] = CFrame.new(-8.940696716308594e-08, -2.5890767574310303e-07, -1.6596459317952394e-08, 0.9584665298461914, -0.24356220662593842, 0.14838939905166626, 0.17568524181842804, 0.09434719383716583, -0.9799150228500366, 0.22466999292373657, 0.9652855396270752, 0.1332186609506607),
            ["RightHand"] = CFrame.new(-4.470348358154297e-07, 5.960464477539062e-07, -1.4901161193847656e-08, 0.2840070128440857, -0.38231468200683594, -0.879304051399231, -0.4616723954677582, 0.7492333650588989, -0.4748768210411072, 0.8403562903404236, 0.5408187508583069, 0.036283381283283234),
            ["RightLowerLeg"] = CFrame.new(1.0710209608078003e-07, 1.7881393432617188e-07, -2.0692095858976245e-07, 1, -1.1827793855445634e-07, -1.8486761632630078e-07, 1.3923272490501404e-07, -0.4340095818042755, 0.9009081721305847, -2.3469328880310059e-07, -0.9009082913398743, -0.43400973081588745),
            ["LeftUpperLeg"] = CFrame.new(0, -1.5925616025924683e-07, -7.450580596923828e-09, 0.9859227538108826, 0.15877512097358704, 0.05241085961461067, -0.1009393036365509, 0.8150956630706787, -0.5704649686813354, -0.13329565525054932, 0.557144045829773, 0.8196479678153992),
            ["LeftLowerLeg"] = CFrame.new(-5.1426468417048454e-08, 0, 4.470348358154297e-08, 1, 5.806216307746581e-08, 3.400782944140701e-08, -8.070492185652256e-08, 0.6384690403938293, 0.7696474194526672, 4.3524778448045254e-08, -0.7696476578712463, 0.6384692192077637),
        }},
        {Time = 0.100, Data = {
            ["LeftLowerArm"] = CFrame.new(-2.980232238769531e-07, -3.5762786865234375e-07, -4.470348358154297e-08, 1, 2.2351738238057806e-08, 1.4901162970204496e-08, -2.980232594040899e-08, 0.9999866485595703, -0.005177975166589022, 2.980232594040899e-08, 0.0051780263893306255, 0.9999866485595703),
            ["RightUpperArm"] = CFrame.new(-5.960464477539063e-08, -4.76837158203125e-07, 2.9802322387695312e-08, -0.16683048009872437, -0.6240288615226746, 0.7633841633796692, 0.5781071782112122, -0.6890973448753357, -0.4369630813598633, 0.7987238764762878, 0.3684193789958954, 0.47571825981140137),
            ["Head"] = CFrame.new(-2.3748725652694702e-08, -4.76837158203125e-07, 1.210719347000122e-08, 0.8927628397941589, 0.2302621752023697, -0.38723891973495483, -0.2523013651371002, 0.9676283001899719, -0.006293305195868015, 0.3732542395591736, 0.10331947356462479, 0.9219580292701721),
            ["UpperTorso"] = CFrame.new(2.468004822731018e-08, 2.086162567138672e-07, 5.587935447692871e-09, 0.9769293069839478, -0.06802694499492645, 0.2024392932653427, 0.08641871064901352, 0.9927590489387512, -0.08343535661697388, -0.19529756903648376, 0.09900496900081635, 0.9757341146469116),
            ["HumanoidRootPart"] = CFrame.new(0, 0, 0, 1, 0, 0, 0, 1, 0, 0, 0, 1),
            ["LowerTorso"] = CFrame.new(-0.023658305406570435, -0.12815511226654053, 0.015424162149429321, 0.963232696056366, -0.1598874181509018, 0.2159142941236496, 0.1322782188653946, 0.9817190170288086, 0.13685902953147888, -0.2338491827249527, -0.10326632112264633, 0.9667733907699585),
            ["LeftUpperArm"] = CFrame.new(5.960464477539063e-08, -1.1920928955078125e-07, 5.960464477539063e-08, 0.9841517210006714, 0.09470590204000473, -0.14992102980613708, -0.010028253309428692, 0.8738114237785339, 0.48616141080856323, 0.17704521119594574, -0.4769532382488251, 0.8609127402305603),
            ["RightLowerArm"] = CFrame.new(-2.086162567138672e-07, 1.7881393432617188e-07, 1.2293457984924316e-07, 1, -1.0244546899684792e-07, -7.450581485102248e-09, 2.0489094865183688e-08, 0.9999867081642151, -0.005162802059203386, 2.2351738238057806e-08, 0.005162789952009916, 0.9999867081642151),
            ["LeftHand"] = CFrame.new(1.4901161193847656e-07, 1.1920928955078125e-07, 1.4901161193847656e-07, 0.921466588973999, 0.010346273891627789, 0.388319730758667, 0.025962239131331444, 0.9957699179649353, -0.08813812583684921, -0.38758909702301025, 0.09129809588193893, 0.9173001050949097),
            ["RightUpperLeg"] = CFrame.new(5.960464477539063e-08, 2.7939677238464355e-08, -3.149762051180005e-08, 0.946682333946228, -0.29497528076171875, 0.1295461803674698, 0.1935087889432907, 0.1991329789161682, -0.9606771469116211, 0.25757914781570435, 0.9345242381095886, 0.24559593200683594),
            ["RightHand"] = CFrame.new(-1.9371509552001953e-07, -2.980232238769531e-07, 4.470348358154297e-08, 0.347016304731369, -0.41312548518180847, -0.8419662714004517, -0.456898033618927, 0.7095447182655334, -0.5364609956741333, 0.8190383911132812, 0.570853590965271, 0.057467587292194366),
            ["RightLowerLeg"] = CFrame.new(4.7031790018081665e-08, 2.384185791015625e-07, -5.790934665128589e-08, 1, -1.6903504729270935e-07, -2.0256275945484958e-07, 1.527369164477932e-07, -0.3529289960861206, 0.935650110244751, -2.2118913989288558e-07, -0.9356501698493958, -0.35292890667915344),
            ["LeftUpperLeg"] = CFrame.new(0, 4.284083843231201e-08, 3.725290298461914e-08, 0.987079918384552, 0.15925031900405884, 0.017682285979390144, -0.11816141754388809, 0.7980136871337891, -0.5909416675567627, -0.10821839421987534, 0.5812172293663025, 0.8065205216407776),
            ["LeftLowerLeg"] = CFrame.new(-1.0521034710109234e-07, 0, 1.4901161193847656e-08, 1, 2.51457130673316e-08, 8.040662891062311e-08, -8.45757384126955e-08, 0.5877723097801208, 0.8090266585350037, 5.413312909041679e-09, -0.8090265393257141, 0.587772011756897),
        }},
        {Time = 0.117, Data = {
            ["LeftLowerArm"] = CFrame.new(-2.384185791015625e-07, -2.980232238769531e-07, -7.450580596923828e-08, 1, 2.9802318834981634e-08, -7.450581485102248e-09, -1.4901157641133977e-08, 0.9999865889549255, -0.005178399849683046, -8.195636524988004e-08, 0.005178380291908979, 0.9999866485595703),
            ["RightUpperArm"] = CFrame.new(0, 1.1920928955078125e-07, 0, -0.01634606346487999, -0.7027893662452698, 0.711210310459137, 0.5268703699111938, -0.6105940937995911, -0.5912550687789917, 0.84978848695755, 0.3650507628917694, 0.38025963306427),
            ["Head"] = CFrame.new(-8.940696716308594e-08, 1.1920928955078125e-07, 8.381903171539307e-09, 0.8947336077690125, 0.20312067866325378, -0.3977358341217041, -0.22749494016170502, 0.9736710786819458, -0.01451871171593666, 0.38431477546691895, 0.10347336530685425, 0.9173851609230042),
            ["UpperTorso"] = CFrame.new(3.026798367500305e-08, 1.1920928955078125e-07, 3.725290298461914e-09, 0.9785947203636169, -0.047703925520181656, 0.20019209384918213, 0.06359677761793137, 0.9952492117881775, -0.07371984422206879, -0.19572438299655914, 0.08487341552972794, 0.9769793152809143),
            ["HumanoidRootPart"] = CFrame.new(0, 0, 0, 1, 0, 0, 0, 1, 0, 0, 0, 1),
            ["LowerTorso"] = CFrame.new(-0.023426920175552368, -0.14817214012145996, 0.013385340571403503, 0.9571110606193542, -0.1675977259874344, 0.23632484674453735, 0.14117206633090973, 0.9820947051048279, 0.12474140524864197, -0.25299975275993347, -0.08602891862392426, 0.9636338353157043),
            ["LeftUpperArm"] = CFrame.new(-3.5762786865234375e-07, 0, 1.4901161193847656e-08, 0.9812959432601929, 0.07948733121156693, -0.17532826960086823, 0.0170015636831522, 0.8714277744293213, 0.49022936820983887, 0.19175280630588531, -0.48404091596603394, 0.8537771105766296),
            ["RightLowerArm"] = CFrame.new(0, 1.7881393432617188e-07, -8.568167686462402e-08, 1, -1.4901159417490817e-08, -1.4901164746561335e-08, 7.450579175838357e-08, 0.9564712047576904, -0.2918269634246826, -4.470347292340193e-08, 0.29182693362236023, 0.9564712047576904),
            ["LeftHand"] = CFrame.new(0, -1.1920928955078125e-07, -1.4901161193847656e-07, 0.9255849123001099, -0.0011599214049056172, 0.37853798270225525, 0.031977664679288864, 0.9966604113578796, -0.07513654232025146, -0.3771870732307434, 0.08165007084608078, 0.922531008720398),
            ["RightUpperLeg"] = CFrame.new(-2.9802322387695312e-08, 8.66129994392395e-08, -1.6952981241047382e-09, 0.9340378046035767, -0.3403179347515106, 0.10842996835708618, 0.2134314924478531, 0.2883825898170471, -0.9334253072738647, 0.2863920331001282, 0.8949968218803406, 0.34199464321136475),
            ["RightHand"] = CFrame.new(-2.9802322387695312e-08, 1.7881393432617188e-07, 1.0244548320770264e-07, 0.4428965747356415, -0.43012431263923645, -0.78666090965271, -0.3319970369338989, 0.7363583445549011, -0.5895375609397888, 0.8328389525413513, 0.5222734212875366, 0.18333065509796143),
            ["RightLowerLeg"] = CFrame.new(1.30385160446167e-08, 4.172325134277344e-07, -7.281050784513354e-08, 1, -1.9650903482215654e-07, -1.9930314465455012e-07, 1.7136336794010276e-07, -0.26651838421821594, 0.9638299345970154, -1.7508865823856468e-07, -0.9638298153877258, -0.26651832461357117),
            ["LeftUpperLeg"] = CFrame.new(0, 2.7939677238464355e-09, -7.450580596923828e-09, 0.9879058003425598, 0.15422463417053223, -0.016028257086873055, -0.1320541501045227, 0.7826738357543945, -0.6082626581192017, -0.08126425743103027, 0.6030227541923523, 0.7935740351676941),
            ["LeftLowerLeg"] = CFrame.new(3.637978807091713e-09, 1.7881393432617188e-07, 0, 1, 4.921458796047773e-08, 3.087916766730814e-08, -7.270136848092079e-08, 0.5378692150115967, 0.8430283665657043, 6.204936653375626e-08, -0.8430283069610596, 0.5378690958023071),
        }},
        {Time = 0.133, Data = {
            ["LeftLowerArm"] = CFrame.new(-5.960464477539063e-08, -2.384185791015625e-07, -8.940696716308594e-08, 1, 7.4505797087454084e-09, 0, -2.2351741790771484e-08, 0.9999865889549255, -0.00517883850261569, -2.9802322387695312e-08, 0.0051788161508738995, 0.9999865889549255),
            ["RightUpperArm"] = CFrame.new(2.384185791015625e-07, 2.384185791015625e-07, -2.2351741790771484e-08, 0.13238216936588287, -0.8035258054733276, 0.580363392829895, 0.4655110538005829, -0.4665256440639496, -0.7520992159843445, 0.8750854134559631, 0.3697299361228943, 0.31229034066200256),
            ["Head"] = CFrame.new(-1.0244548320770264e-08, 0, -3.306195139884949e-08, 0.8967822194099426, 0.17506155371665955, -0.40636831521987915, -0.20079576969146729, 0.9794037342071533, -0.021197767928242683, 0.39428767561912537, 0.10060691088438034, 0.9134634733200073),
            ["UpperTorso"] = CFrame.new(4.6566128730773926e-09, 2.9802322387695312e-08, -3.725290298461914e-09, 0.9779964089393616, -0.032445523887872696, 0.20608356595039368, 0.047494906932115555, 0.9965198636054993, -0.06850209087133408, -0.20314380526542664, 0.0767827108502388, 0.9761337637901306),
            ["HumanoidRootPart"] = CFrame.new(0, 0, 0, 1, 0, 0, 0, 1, 0, 0, 0, 1),
            ["LowerTorso"] = CFrame.new(-0.022949695587158203, -0.1687617301940918, 0.012408062815666199, 0.9533994197845459, -0.170518159866333, 0.24890416860580444, 0.14516890048980713, 0.9824637174606323, 0.1170087531208992, -0.264491468667984, -0.07542292028665543, 0.9614341855049133),
            ["LeftUpperArm"] = CFrame.new(5.960464477539063e-08, -1.1920928955078125e-07, 2.2351741790771484e-08, 0.9786638021469116, 0.06631147861480713, -0.19447389245033264, 0.03905472531914711, 0.8691995143890381, 0.49291664361953735, 0.20172260701656342, -0.48999491333961487, 0.8480643033981323),
            ["RightLowerArm"] = CFrame.new(2.384185791015625e-07, -3.5762786865234375e-07, 9.73232090473175e-08, 1, -4.470347647611561e-08, -1.4901159417490817e-08, 8.940696716308594e-08, 0.7681475281715393, -0.6402726173400879, 3.119930624961853e-08, 0.640272855758667, 0.7681477665901184),
            ["LeftHand"] = CFrame.new(-5.960464477539063e-08, 5.960464477539063e-08, 1.1920928955078125e-07, 0.9296262860298157, -0.014184750616550446, 0.3682309091091156, 0.039743438363075256, 0.9972896575927734, -0.06191825866699219, -0.3663543462753296, 0.07219576835632324, 0.9276703596115112),
            ["RightUpperLeg"] = CFrame.new(-5.960464477539063e-08, 1.778826117515564e-07, 2.8107024263590574e-08, 0.9210155606269836, -0.37906602025032043, 0.08966285735368729, 0.2351575642824173, 0.3575825095176697, -0.903789758682251, 0.31053417921066284, 0.8534892201423645, 0.4184790551662445),
            ["RightHand"] = CFrame.new(-1.1920928955078125e-07, -2.384185791015625e-07, -5.960464477539063e-08, 0.5223609209060669, -0.43714773654937744, -0.7321484684944153, -0.18552038073539734, 0.7797722816467285, -0.5979444980621338, 0.8322988748550415, 0.4481710195541382, 0.3262225091457367),
            ["RightLowerLeg"] = CFrame.new(1.862645149230957e-08, 5.960464477539063e-08, -7.281050784513354e-08, 1, -2.477318048477173e-07, -1.6577550354668347e-07, 1.564621925354004e-07, -0.17857211828231812, 0.9839269518852234, -2.0302832126617432e-07, -0.9839268922805786, -0.17857196927070618),
            ["LeftUpperLeg"] = CFrame.new(-5.960464477539063e-08, 1.1455267667770386e-07, -2.2351741790771484e-08, 0.9885851144790649, 0.14390656352043152, -0.04461481049656868, -0.1400873064994812, 0.7689706087112427, -0.6237466335296631, -0.055453721433877945, 0.6228765249252319, 0.7803522348403931),
            ["LeftLowerLeg"] = CFrame.new(-5.8033037930727005e-08, -2.384185791015625e-07, 0, 1, 9.185171023773364e-08, 7.377822441867465e-08, -5.2212271839380264e-08, 0.4925388693809509, 0.8702905178070068, 3.000604920089245e-08, -0.8702905178070068, 0.49253880977630615),
        }},
        {Time = 0.150, Data = {
            ["LeftLowerArm"] = CFrame.new(-1.7881393432617188e-07, 0, -8.940696716308594e-08, 1, 0, -3.725290298461914e-08, 1.4901162970204496e-08, 0.9999866485595703, -0.005179237574338913, 2.2351745343485163e-08, 0.005179184023290873, 0.9999866485595703),
            ["RightUpperArm"] = CFrame.new(0, -1.1920928955078125e-07, -9.685754776000977e-08, 0.25888592004776, -0.8618444800376892, 0.4361219108104706, 0.400621622800827, -0.31503939628601074, -0.8603792786598206, 0.878908634185791, 0.3974599838256836, 0.26371440291404724),
            ["Head"] = CFrame.new(1.6298145055770874e-09, -1.1920928955078125e-07, 1.3969838619232178e-08, 0.8954781889915466, 0.15240062773227692, -0.41820207238197327, -0.17971760034561157, 0.9833621978759766, -0.02646590583026409, 0.40721073746681213, 0.09885802865028381, 0.9079684019088745),
            ["UpperTorso"] = CFrame.new(-1.3969838619232178e-09, -8.940696716308594e-08, -4.6566128730773926e-09, 0.9743257761001587, -0.024825330823659897, 0.2237699180841446, 0.04054196923971176, 0.9970012307167053, -0.06591694056987762, -0.2214624136686325, 0.07329665124416351, 0.9724103808403015),
            ["HumanoidRootPart"] = CFrame.new(0, 0, 0, 1, 0, 0, 0, 1, 0, 0, 0, 1),
            ["LowerTorso"] = CFrame.new(-0.020815014839172363, -0.18783485889434814, 0.012277558445930481, 0.9525279402732849, -0.16874615848064423, 0.25340771675109863, 0.14427043497562408, 0.9831358194351196, 0.11238338053226471, -0.26809847354888916, -0.07048904895782471, 0.9608094096183777),
            ["LeftUpperArm"] = CFrame.new(1.7881393432617188e-07, -2.384185791015625e-07, 8.195638656616211e-08, 0.9755520224571228, 0.05891743302345276, -0.21172389388084412, 0.054830726236104965, 0.8676778674125671, 0.49409395456314087, 0.2128189504146576, -0.493623286485672, 0.8432344198226929),
            ["RightLowerArm"] = CFrame.new(4.76837158203125e-07, 2.980232238769531e-07, 1.3690441846847534e-07, 1, -1.341104365337742e-07, 4.470347292340193e-08, 1.0430814256778831e-07, 0.5330595374107361, -0.8460777401924133, 1.0617078771701927e-07, 0.8460776805877686, 0.5330595970153809),
            ["LeftHand"] = CFrame.new(-2.9802322387695312e-08, 0, -5.960464477539063e-08, 0.9320687651634216, -0.023015806451439857, 0.3615495264530182, 0.04427476227283478, 0.997735857963562, -0.05062518268823624, -0.359565794467926, 0.06319368630647659, 0.930977463722229),
            ["RightUpperLeg"] = CFrame.new(5.960464477539063e-08, -8.847564458847046e-08, 3.55576048605144e-08, 0.9086981415748596, -0.4108946919441223, 0.07371021807193756, 0.25563493371009827, 0.4081214666366577, -0.8764061331748962, 0.33002811670303345, 0.8152315020561218, 0.47589826583862305),
            ["RightHand"] = CFrame.new(0, 1.7881393432617188e-07, -2.980232238769531e-07, 0.5903308987617493, -0.45155656337738037, -0.6690338850021362, -0.08254820853471756, 0.7907515168190002, -0.6065458655357361, 0.8029291033744812, 0.4132901430130005, 0.4295298457145691),
            ["RightLowerLeg"] = CFrame.new(0, 0, 1.0600342648103833e-07, 1, -1.601874828338623e-07, -1.5273698750206677e-07, 1.4528633585086936e-07, -0.0969557911157608, 0.9952887892723083, -1.5087427129856223e-07, -0.9952887892723083, -0.09695550799369812),
            ["LeftUpperLeg"] = CFrame.new(2.9802322387695312e-08, -1.126900315284729e-07, -1.4901161193847656e-08, 0.9890232086181641, 0.1342822015285492, -0.06165635585784912, -0.14259079098701477, 0.7579455375671387, -0.6365426182746887, -0.038743987679481506, 0.6383470892906189, 0.768773078918457),
            ["LeftLowerLeg"] = CFrame.new(-7.217749953269958e-08, 0, -2.9802322387695312e-08, 1, 1.0500664870960463e-07, 5.0233229131890766e-08, -7.578638161476192e-08, 0.4558526575565338, 0.8900553584098816, 3.7602152502813624e-08, -0.8900553584098816, 0.45585253834724426),
        }},
        {Time = 0.167, Data = {
            ["LeftLowerArm"] = CFrame.new(-1.1920928955078125e-07, 0, -1.1920928955078125e-07, 1, -1.4901157641133977e-08, -7.450582373280668e-09, 4.470348358154297e-08, 0.9999866485595703, -0.005179246421903372, -7.450580596923828e-09, 0.005179251078516245, 0.9999866485595703),
            ["RightUpperArm"] = CFrame.new(1.1920928955078125e-07, 3.5762786865234375e-07, 1.4901161193847656e-08, 0.37596917152404785, -0.8867247700691223, 0.26901036500930786, 0.3246178925037384, -0.14587578177452087, -0.9345285296440125, 0.8679115772247314, 0.4386793375015259, 0.23300185799598694),
