return {
    ["Victory Display"] = {
        {Time = 0.000, Data = {
            ["RightFoot"] = CFrame.new(1.7695128917694092e-08, 4.172325134277344e-07, -2.029992174357176e-09, 0.9996821880340576, -0.018682468682527542, -0.0169292651116848, 0.014710149727761745, 0.977557897567749, -0.21015264093875885, 0.020475370809435844, 0.2098371386528015, 0.9775220155715942),
            ["LeftLowerArm"] = CFrame.new(8.940696716308594e-08, -1.1920928955078125e-07, -3.5762786865234375e-07, 1, -1.1455264825599443e-07, 7.683410530034962e-08, 1.089647554408657e-07, 0.41496020555496216, -0.9098395705223083, 3.725290742551124e-09, 0.9098395109176636, 0.41496017575263977),
            ["LeftFoot"] = CFrame.new(-1.4901161193847656e-08, 5.960464477539063e-08, -2.9802322387695312e-08, 0.964816689491272, -0.20412781834602356, 0.16571244597434998, 0.09948787838220596, 0.8668432831764221, 0.4885537922382355, -0.2433742880821228, -0.454878568649292, 0.8566532135009766),
            ["Head"] = CFrame.new(-5.587935447692871e-08, 3.5762786865234375e-07, 2.60770320892334e-08, 0.13239562511444092, -0.06803315877914429, 0.9888594150543213, 0.1726035624742508, 0.983981728553772, 0.044588249176740646, -0.97605299949646, 0.16477738320827484, 0.142017662525177),
            ["LowerTorso"] = CFrame.new(0.07426919043064117, -0.09448409080505371, 0.03955516591668129, 0.9196191430091858, -0.10898604243993759, -0.37738940119743347, 0.038685064762830734, 0.9811971783638, -0.18909187614917755, 0.39090171456336975, 0.15929315984249115, 0.9065437912940979),
            ["UpperTorso"] = CFrame.new(1.862645149230957e-09, 2.980232238769531e-07, 1.1175870895385742e-08, 0.9513808488845825, 0.02055731974542141, 0.30733025074005127, -0.13126839697360992, 0.9296851754188538, 0.3441717326641083, -0.27864518761634827, -0.3677811622619629, 0.8871831893920898),
            ["HumanoidRootPart"] = CFrame.new(0, 0, 0, 1, 0, 0, 0, 1, 0, 0, 0, 1),
            ["RightUpperLeg"] = CFrame.new(-8.940696716308594e-08, -7.450580596923828e-09, -1.6596459317952394e-08, 0.9939437508583069, 0.09401530772447586, 0.056895382702350616, -0.08028057217597961, 0.9747726321220398, -0.20826295018196106, -0.07504002749919891, 0.20243388414382935, 0.9764167070388794),
            ["LeftUpperArm"] = CFrame.new(-1.1920928955078125e-07, 4.76837158203125e-07, 6.705522537231445e-08, -0.06222793832421303, 0.810059666633606, 0.5830361247062683, -0.244540274143219, 0.5539876222610474, -0.7958000898361206, -0.9676402807235718, -0.1920967847108841, 0.16361865401268005),
            ["RightLowerArm"] = CFrame.new(-7.152557373046875e-07, -1.7881393432617188e-07, -1.4901161193847656e-07, 1, -4.4703462265260896e-08, 7.450577754752885e-08, -4.470348358154297e-08, -0.5000001788139343, -0.8660253286361694, 1.6391277313232422e-07, 0.8660252690315247, -0.5000002980232239),
            ["LeftHand"] = CFrame.new(1.6763806343078613e-08, 1.1920928955078125e-07, 1.043081283569336e-07, 0.17308150231838226, -0.356561541557312, 0.9180995225906372, 0.5715542435646057, 0.7955142259597778, 0.20120306313037872, -0.8021026849746704, 0.4899194836616516, 0.34148290753364563),
            ["RightHand"] = CFrame.new(-8.940696716308594e-08, 0, 2.9802322387695312e-08, 0.7817577123641968, 0.001692206016741693, 0.6235802173614502, -0.003481376450508833, 0.9999926090240479, 0.001649715006351471, -0.6235726475715637, -0.0034608328714966774, 0.7817577123641968),
            ["RightUpperArm"] = CFrame.new(1.1920928955078125e-07, 1.1920928955078125e-07, -4.470348358154297e-08, 0.4978175759315491, -0.6605843901634216, 0.5619662404060364, 0.7426444888114929, 0.6593526601791382, 0.11718951910734177, -0.4479474723339081, 0.35900208353996277, 0.818816602230072),
            ["RightLowerLeg"] = CFrame.new(3.3527612686157227e-08, -0.000060498714447021484, -0.00007206777081592008, 1, -8.754432911928234e-08, -4.936010356004772e-08, 9.685754776000977e-08, 0.795284628868103, 0.606235921382904, 0, -0.6062362790107727, 0.7952849268913269),
            ["LeftUpperLeg"] = CFrame.new(-5.960464477539063e-08, -4.0978193283081055e-08, 7.450580596923828e-08, 0.9434487223625183, -0.18641306459903717, -0.2741437554359436, -0.11174247413873672, 0.5997308492660522, -0.7923613786697388, 0.31211888790130615, 0.7781857848167419, 0.5449850559234619),
            ["LeftLowerLeg"] = CFrame.new(5.960464477539063e-08, 0.00006073713302612305, 0.00007197260856628418, 1, 8.195640788244418e-08, 8.195639367158947e-08, -1.4901158351676713e-07, -0.0733715146780014, 0.9973046779632568, 8.195636524988004e-08, -0.9973047375679016, -0.0733715370297432),
        }},
        {Time = 0.033, Data = {
            ["RightFoot"] = CFrame.new(2.60770320892334e-08, 3.5762786865234375e-07, 1.6952981241047382e-09, 0.9972049593925476, -0.030349500477313995, -0.06827262043952942, 0.011725755408406258, 0.9660298228263855, -0.25816452503204346, 0.07378841191530228, 0.25664272904396057, 0.9636856317520142),
            ["LeftLowerArm"] = CFrame.new(2.9802322387695312e-08, -2.384185791015625e-07, -4.470348358154297e-08, 1, -1.0430814256778831e-07, 1.0430814256778831e-07, 8.940695295223122e-08, 0.3466257154941559, -0.9380035400390625, 8.940695295223122e-08, 0.9380035996437073, 0.34662580490112305),
            ["LeftFoot"] = CFrame.new(-5.587935447692871e-08, 5.960464477539063e-08, 0, 0.963338315486908, -0.263582319021225, 0.05003781616687775, 0.17755916714668274, 0.7661864757537842, 0.6176009774208069, -0.2011268138885498, -0.5860739350318909, 0.7848982810974121),
            ["Head"] = CFrame.new(-3.166496753692627e-08, 0, 4.377216100692749e-08, 0.18756996095180511, -0.08174608647823334, 0.9788437485694885, 0.20359255373477936, 0.9781253933906555, 0.042672932147979736, -0.9609202742576599, 0.19128116965293884, 0.2001098394393921),
            ["LowerTorso"] = CFrame.new(0.10732687264680862, -0.11711001396179199, 0.040022142231464386, 0.9297941327095032, -0.14634037017822266, -0.3377385437488556, 0.07714761048555374, 0.9746678471565247, -0.2099311202764511, 0.3599042594432831, 0.16913701593875885, 0.9175301790237427),
            ["UpperTorso"] = CFrame.new(7.450580596923828e-09, -5.960464477539063e-08, 4.6566128730773926e-08, 0.9476292729377747, 0.08986961841583252, 0.3064674437046051, -0.19985392689704895, 0.9153552651405334, 0.3495471477508545, -0.24911287426948547, -0.39248982071876526, 0.8853782415390015),
            ["HumanoidRootPart"] = CFrame.new(0, 0, 0, 1, 0, 0, 0, 1, 0, 0, 0, 1),
            ["RightUpperLeg"] = CFrame.new(5.960464477539063e-08, 2.0116567611694336e-07, 4.300818545743823e-08, 0.9881332516670227, 0.14698511362075806, 0.04458734765648842, -0.1379314661026001, 0.9768577814102173, -0.16347439587116241, -0.06758376955986023, 0.1553843766450882, 0.9855395555496216),
            ["LeftUpperArm"] = CFrame.new(-1.1920928955078125e-07, 1.1920928955078125e-07, -3.725290298461914e-08, -0.14396017789840698, 0.7228731513023376, 0.6758180856704712, -0.26347053050994873, 0.6302836537361145, -0.7302916646003723, -0.9538652896881104, -0.2831909656524658, 0.09971991926431656),
            ["RightLowerArm"] = CFrame.new(-5.960464477539063e-08, 1.7881393432617188e-07, -5.960464477539063e-08, 1, -1.7881387748275301e-07, 1.4901158351676713e-07, 3.725290653733282e-08, -0.5000001788139343, -0.8660252690315247, 1.1920930376163597e-07, 0.8660253286361694, -0.5000002384185791),
            ["LeftHand"] = CFrame.new(-1.1920928955078125e-07, -2.980232238769531e-07, 2.682209014892578e-07, 0.1378631591796875, -0.3456602096557617, 0.9281770586967468, 0.561464786529541, 0.7992801666259766, 0.21426314115524292, -0.8159357309341431, 0.49159979820251465, 0.30426743626594543),
            ["RightHand"] = CFrame.new(1.1920928955078125e-07, 1.7881393432617188e-07, 8.940696716308594e-08, 0.8082881569862366, 0.01783338561654091, 0.5885171294212341, -0.0003476626880001277, 0.9995555877685547, -0.029811464250087738, -0.5887869596481323, 0.02389143966138363, 0.8079349994659424),
            ["RightUpperArm"] = CFrame.new(-2.384185791015625e-07, 0, 3.725290298461914e-09, 0.5207926630973816, -0.6906216740608215, 0.5018135905265808, 0.7666237354278564, 0.6369662284851074, 0.08100762218236923, -0.3755838871002197, 0.34251388907432556, 0.8611742258071899),
            ["RightLowerLeg"] = CFrame.new(-6.51925802230835e-08, -0.0000603795051574707, -0.00007206032023532316, 1, -9.313224325069314e-08, 4.6566133171666024e-09, 8.940694584680386e-08, 0.8009500503540039, 0.5987309217453003, -4.097818262494002e-08, -0.5987311601638794, 0.8009503483772278),
            ["LeftUpperLeg"] = CFrame.new(-1.1920928955078125e-07, -6.332993507385254e-08, 8.940696716308594e-08, 0.9416804313659668, -0.2455771118402481, -0.23006513714790344, -0.08815594017505646, 0.4797726571559906, -0.8729528784751892, 0.3247562646865845, 0.8423242568969727, 0.43014341592788696),
            ["LeftLowerLeg"] = CFrame.new(8.940696716308594e-08, 0.000060617923736572266, 0.00007223710417747498, 1, 7.450579175838357e-08, 2.1047883080882457e-07, -1.2293456563838845e-07, -0.10641882568597794, 0.9943214058876038, 8.195637946073475e-08, -0.9943214058876038, -0.10641885548830032),
        }},
        {Time = 0.067, Data = {
            ["RightFoot"] = CFrame.new(-4.842877388000488e-08, 2.384185791015625e-07, -5.75528247281909e-09, 0.9941593408584595, -0.04566231742501259, -0.09778664261102676, 0.017600374296307564, 0.9625493288040161, -0.2705345153808594, 0.10647758841514587, 0.26723358035087585, 0.9577311277389526),
            ["LeftLowerArm"] = CFrame.new(2.086162567138672e-07, -5.960464477539063e-08, 5.140900611877441e-07, 1, -8.195638656616211e-08, 2.2351745343485163e-08, 6.705522537231445e-08, 0.3265296220779419, -0.945186972618103, 2.9802322387695312e-08, 0.9451870322227478, 0.3265295922756195),
            ["LeftFoot"] = CFrame.new(-7.846392691135406e-08, 0, -5.681067705154419e-08, 0.9615289568901062, -0.27213266491889954, 0.037495408207178116, 0.1578121930360794, 0.6589337587356567, 0.7354601621627808, -0.22484998404979706, -0.7012489438056946, 0.6765297055244446),
            ["Head"] = CFrame.new(-2.60770320892334e-08, -5.960464477539062e-07, 7.59027898311615e-08, 0.18998408317565918, -0.08369874954223633, 0.9782130122184753, 0.20513275265693665, 0.9777528047561646, 0.04381948709487915, -0.9601181149482727, 0.19233861565589905, 0.20292678475379944),
            ["LowerTorso"] = CFrame.new(0.13473115861415863, -0.13142704963684082, 0.04104361683130264, 0.9346907138824463, -0.1682518869638443, -0.31312069296836853, 0.09858023375272751, 0.969027042388916, -0.22642573714256287, 0.34151896834373474, 0.18077051639556885, 0.9223268628120422),
            ["UpperTorso"] = CFrame.new(1.4901161193847656e-08, 0, -4.284083843231201e-08, 0.9363687634468079, 0.1265995353460312, 0.3273930251598358, -0.2467406988143921, 0.9007785320281982, 0.3573751449584961, -0.24966514110565186, -0.41541606187820435, 0.8746981620788574),
            ["HumanoidRootPart"] = CFrame.new(0, 0, 0, 1, 0, 0, 0, 1, 0, 0, 0, 1),
            ["RightUpperLeg"] = CFrame.new(0, 2.3096799850463867e-07, 5.790934665128589e-08, 0.981958270072937, 0.18450385332107544, 0.04143069311976433, -0.1769818514585495, 0.9738750457763672, -0.14228451251983643, -0.06660040467977524, 0.13238486647605896, 0.9889584183692932),
            ["LeftUpperArm"] = CFrame.new(0, -5.960464477539062e-07, 6.332993507385254e-08, -0.15341442823410034, 0.6840659379959106, 0.7131045460700989, -0.2445022612810135, 0.6729301810264587, -0.6981286406517029, -0.9574354887008667, -0.2814585268497467, 0.06401827186346054),
            ["RightLowerArm"] = CFrame.new(2.384185791015625e-07, -1.1920928955078125e-07, -2.9802322387695312e-08, 1, -1.0430811414607888e-07, 1.0430811414607888e-07, -1.4901162970204496e-08, -0.5000001192092896, -0.8660253286361694, 1.266598843585598e-07, 0.8660253882408142, -0.5000001788139343),
            ["LeftHand"] = CFrame.new(-1.7881393432617188e-07, -1.1920928955078125e-07, 2.8312206268310547e-07, 0.15283578634262085, -0.3333577513694763, 0.9303298592567444, 0.5232213139533997, 0.8259199261665344, 0.20999005436897278, -0.8383798003196716, 0.45467448234558105, 0.3006502687931061),
            ["RightHand"] = CFrame.new(-1.4901161193847656e-07, 1.1920928955078125e-07, 2.682209014892578e-07, 0.7634332776069641, 0.05513355880975723, 0.6435293555259705, 0.04906067997217178, 0.9885216355323792, -0.14289243519306183, -0.6440207362174988, 0.14066073298454285, 0.7519652843475342),
            ["RightUpperArm"] = CFrame.new(-1.7881393432617188e-07, -9.5367431640625e-07, 5.21540641784668e-08, 0.5201131105422974, -0.6637601256370544, 0.5374987721443176, 0.7782257795333862, 0.6276000738143921, 0.02197307161986828, -0.3519190549850464, 0.4068668782711029, 0.8429782390594482),
            ["RightLowerLeg"] = CFrame.new(-2.7939677238464355e-08, -0.000060558319091796875, -0.00007203051791293547, 1, -8.195639367158947e-08, -2.421439582178664e-08, 8.568168397005138e-08, 0.7974875569343567, 0.6033352613449097, -3.725290653733282e-08, -0.6033355593681335, 0.7974877953529358),
            ["LeftUpperLeg"] = CFrame.new(-5.960464477539063e-08, 1.955777406692505e-07, -7.450580596923828e-09, 0.9544930458068848, -0.25190412998199463, -0.15964755415916443, -0.02240050584077835, 0.4732432961463928, -0.8806470036506653, 0.2973906993865967, 0.8441476821899414, 0.4460645914077759),
            ["LeftLowerLeg"] = CFrame.new(5.681067705154419e-08, 0.000060617923736572266, 0.00007218495011329651, 1, 1.0896476965172042e-07, 1.130392774939537e-07, -1.274747631896389e-07, 0.01152982097119093, 0.9999335408210754, 7.404013757650318e-08, -0.9999336004257202, 0.011529870331287384),
        }},
        {Time = 0.100, Data = {
            ["RightFoot"] = CFrame.new(7.264316082000732e-08, 2.384185791015625e-07, -1.3205863069742918e-08, 0.9922392964363098, -0.0560053214430809, -0.11101677268743515, 0.025318708270788193, 0.9651184678077698, -0.26058676838874817, 0.12173853814601898, 0.2557537257671356, 0.9590464234352112),
            ["LeftLowerArm"] = CFrame.new(-2.980232238769531e-07, -3.5762786865234375e-07, 1.9371509552001953e-07, 1, -5.960463766996327e-08, 8.195637946073475e-08, 1.192092469182171e-07, 0.4064792990684509, -0.9136600494384766, -2.2351734685344127e-08, 0.9136599898338318, 0.4064791798591614),
            ["LeftFoot"] = CFrame.new(4.0978193283081055e-08, 1.1920928955078125e-07, 7.450580596923828e-09, 0.9674922227859497, -0.2247384786605835, 0.1159808412194252, 0.06862329691648483, 0.6746857762336731, 0.7349081039428711, -0.24341250956058502, -0.7030588984489441, 0.6681756377220154),
            ["Head"] = CFrame.new(4.7497451305389404e-08, -1.1920928955078125e-07, -4.400499165058136e-08, 0.18433602154254913, -0.08849583566188812, 0.97887122631073, 0.17519158124923706, 0.9829476475715637, 0.05587329342961311, -0.9671236872673035, 0.16119059920310974, 0.19669635593891144),
            ["LowerTorso"] = CFrame.new(0.1523459553718567, -0.1248159408569336, 0.04518713429570198, 0.9312331080436707, -0.16802991926670074, -0.3233743906021118, 0.09098351001739502, 0.9664561748504639, -0.24017584323883057, 0.352883905172348, 0.19423793256282806, 0.9152839183807373),
            ["UpperTorso"] = CFrame.new(-2.60770320892334e-08, 1.4901161193847656e-07, 1.4901161193847656e-08, 0.9238628149032593, 0.12535853683948517, 0.3616113066673279, -0.26270079612731934, 0.8948171138763428, 0.36095818877220154, -0.27832677960395813, -0.4284714460372925, 0.8596199750900269),
            ["HumanoidRootPart"] = CFrame.new(0, 0, 0, 1, 0, 0, 0, 1, 0, 0, 0, 1),
            ["RightUpperLeg"] = CFrame.new(-5.960464477539063e-08, -5.587935447692871e-08, -1.6952981241047382e-09, 0.9785787463188171, 0.1953834444284439, 0.06487758457660675, -0.18619012832641602, 0.9743930101394653, -0.1260615885257721, -0.08784665912389755, 0.11128142476081848, 0.9898987412452698),
            ["LeftUpperArm"] = CFrame.new(-3.5762786865234375e-07, 3.5762786865234375e-07, -4.540197551250458e-08, -0.09043802320957184, 0.7134997248649597, 0.6947944760322571, -0.23077328503131866, 0.6636505126953125, -0.7115558981895447, -0.9687954783439636, -0.22469155490398407, 0.10463723540306091),
            ["RightLowerArm"] = CFrame.new(-2.682209014892578e-07, 5.364418029785156e-07, 1.1920928955078125e-07, 1, -1.4901155864777138e-08, 1.378357126213814e-07, 1.7881390590446244e-07, -0.4864327311515808, -0.8737180233001709, 7.450579886381092e-08, 0.8737180829048157, -0.4864327609539032),
            ["LeftHand"] = CFrame.new(-4.470348358154297e-08, 1.1920928955078125e-07, -1.043081283569336e-07, 0.2720426917076111, -0.2781989276409149, 0.9211939573287964, 0.44763439893722534, 0.8840020298957825, 0.13477368652820587, -0.8518311381340027, 0.3756938576698303, 0.36501771211624146),
            ["RightHand"] = CFrame.new(2.682209014892578e-07, -1.1920928955078125e-07, 1.4156103134155273e-07, 0.7414634227752686, -0.04585009813308716, 0.6694248914718628, 0.19975313544273376, 0.967511773109436, -0.15498289465904236, -0.6405705213546753, 0.2486339509487152, 0.7265333533287048),
            ["RightUpperArm"] = CFrame.new(0, 1.1920928955078125e-07, -6.263144314289093e-08, 0.5200361609458923, -0.5107749700546265, 0.6845959424972534, 0.770649254322052, 0.6262022852897644, -0.1181967481970787, -0.368323415517807, 0.5890498161315918, 0.7192761301994324),
            ["RightLowerLeg"] = CFrame.new(8.754432201385498e-08, -0.00006008148193359375, -0.00007208267197711393, 1, -7.078052988163108e-08, -2.2351745343485163e-08, 9.126962652317161e-08, 0.8073621392250061, 0.5900560021400452, -5.587936335871291e-09, -0.5900562405586243, 0.80736243724823),
            ["LeftUpperLeg"] = CFrame.new(-5.960464477539063e-08, 2.2724270820617676e-07, 7.450580596923828e-09, 0.9750442504882812, -0.19989825785160065, -0.09658928960561752, 0.029568888247013092, 0.548117995262146, -0.8358782529830933, 0.2200329601764679, 0.8121622204780579, 0.5403500199317932),
            ["LeftLowerLeg"] = CFrame.new(1.4901161193847656e-07, 0.000060617923736572266, 0.0000722743570804596, 1, 1.1920927533992653e-07, 5.960463766996327e-08, -5.587936158235607e-08, 0.15481425821781158, 0.9879436492919922, 5.587936158235607e-08, -0.9879436492919922, 0.15481428802013397),
        }},
        {Time = 0.133, Data = {
            ["RightFoot"] = CFrame.new(-2.2351741790771484e-08, 4.172325134277344e-07, -5.75528247281909e-09, 0.9924697875976562, -0.060294728726148605, -0.10662217438220978, 0.03200173005461693, 0.9678606390953064, -0.24944283068180084, 0.11823540925979614, 0.2441527098417282, 0.9625020027160645),
            ["LeftLowerArm"] = CFrame.new(-8.940696716308594e-08, 1.1920928955078125e-07, -4.470348358154297e-08, 1, -8.00937343115038e-08, 9.313223614526578e-08, 6.519257311765614e-08, 0.5262808203697205, -0.8503108024597168, 8.288770203535023e-08, 0.8503108620643616, 0.5262808799743652),
            ["LeftFoot"] = CFrame.new(3.725290298461914e-09, 5.960464477539063e-08, -3.3527612686157227e-08, 0.9554418325424194, -0.19496460258960724, 0.2216295748949051, -0.0026353998109698296, 0.7451660633087158, 0.6668738126754761, -0.29516762495040894, -0.6377431750297546, 0.7114489674568176),
            ["Head"] = CFrame.new(5.494803190231323e-08, -3.5762786865234375e-07, -2.315209712833166e-08, 0.28920915722846985, -0.10492876917123795, 0.9514977931976318, 0.14843423664569855, 0.9868678450584412, 0.06371255964040756, -0.9456878304481506, 0.12280865013599396, 0.30098623037338257),
            ["LowerTorso"] = CFrame.new(0.15808244049549103, -0.11551880836486816, 0.04847134277224541, 0.9278740882873535, -0.16648247838020325, -0.3336665630340576, 0.08141862601041794, 0.9636640548706055, -0.25440651178359985, 0.3638966977596283, 0.20889054238796234, 0.9077135920524597),
            ["UpperTorso"] = CFrame.new(2.9802322387695312e-08, 4.76837158203125e-07, -2.60770320892334e-08, 0.9201896786689758, 0.1199568435549736, 0.37264108657836914, -0.26339128613471985, 0.8939312100410461, 0.3626460134983063, -0.2896135747432709, -0.4318534731864929, 0.8541818857192993),
            ["HumanoidRootPart"] = CFrame.new(0, 0, 0, 1, 0, 0, 0, 1, 0, 0, 0, 1),
            ["RightUpperLeg"] = CFrame.new(0, 2.086162567138672e-07, -1.6596459317952394e-08, 0.9785431027412415, 0.19199170172214508, 0.07478407025337219, -0.1835348904132843, 0.977160632610321, -0.10710757970809937, -0.09363977611064911, 0.09108380973339081, 0.9914309978485107),
            ["LeftUpperArm"] = CFrame.new(-1.1920928955078125e-07, -2.384185791015625e-07, -3.914465196430683e-08, 0.05139169096946716, 0.792617678642273, 0.607549250125885, -0.24090903997421265, 0.6002267599105835, -0.762686550617218, -0.9691861271858215, -0.10716834664344788, 0.221795454621315),
            ["RightLowerArm"] = CFrame.new(-2.980232238769531e-07, 2.384185791015625e-07, 2.2351741790771484e-07, 1, -8.195638656616211e-08, 1.1920930376163597e-07, 1.043081283569336e-07, -0.49447888135910034, -0.8691897392272949, 1.043081283569336e-07, 0.8691897392272949, -0.49447891116142273),
            ["LeftHand"] = CFrame.new(8.940696716308594e-08, 2.384185791015625e-07, -2.1606683731079102e-07, 0.5019444823265076, -0.05205078050494194, 0.8633323311805725, 0.1398632973432541, 0.9899344444274902, -0.021633269265294075, -0.8535163402557373, 0.13160741329193115, 0.5041720271110535),
            ["RightHand"] = CFrame.new(2.980232238769531e-07, -2.980232238769531e-07, -1.1920928955078125e-07, 0.7255030274391174, -0.1035529151558876, 0.6803839802742004, 0.2575240433216095, 0.9576422572135925, -0.12885122001171112, -0.6382216215133667, 0.2686972916126251, 0.7214396595954895),
            ["RightUpperArm"] = CFrame.new(-1.1920928955078125e-07, -1.1920928955078125e-07, -6.664777174592018e-08, 0.5056616067886353, -0.29580825567245483, 0.8104344010353088, 0.7784075140953064, 0.5614883899688721, -0.28073570132255554, -0.37200555205345154, 0.7728054523468018, 0.5141823887825012),
            ["RightLowerLeg"] = CFrame.new(9.778887033462524e-08, -0.00006020069122314453, -0.00007220188126666471, 1, -9.685754776000977e-08, -3.3527616238870905e-08, 8.47503613954359e-08, 0.8167474865913391, 0.5769950151443481, 1.1175872671742582e-08, -0.5769953727722168, 0.816747784614563),
            ["LeftUpperLeg"] = CFrame.new(-1.1920928955078125e-07, 1.73225998878479e-07, 2.9802322387695312e-08, 0.983607292175293, -0.15871301293373108, -0.08559802174568176, 0.03400472179055214, 0.6294271945953369, -0.7763150930404663, 0.17708909511566162, 0.7606784105300903, 0.6245060563087463),
            ["LeftLowerLeg"] = CFrame.new(1.2665987014770508e-07, 0.000060617923736572266, 0.00007172860205173492, 1, 1.005828522693264e-07, 8.288771624620495e-08, -6.146728992462158e-08, 0.23085108399391174, 0.9729891419410706, 5.960464477539063e-08, -0.9729891419410706, 0.23085112869739532),
        }},
        {Time = 0.167, Data = {
            ["RightFoot"] = CFrame.new(-6.332993507385254e-08, 5.364418029785156e-07, 4.639878170564771e-08, 0.9940774440765381, -0.059772636741399765, -0.09075966477394104, 0.03514998406171799, 0.9671077132225037, -0.2519269585609436, 0.10283254832029343, 0.24724499881267548, 0.9634809494018555),
            ["LeftLowerArm"] = CFrame.new(0, 1.1920928955078125e-07, -5.662441253662109e-07, 1, -8.940695295223122e-08, 7.450580596923828e-09, 5.774199252073231e-08, 0.6398338079452515, -0.7685133218765259, 8.940695295223122e-08, 0.7685133218765259, 0.6398338079452515),
            ["LeftFoot"] = CFrame.new(-6.05359673500061e-08, -5.960464477539063e-08, 2.60770320892334e-08, 0.9352890253067017, -0.12885941565036774, 0.32959023118019104, -0.040373507887125015, 0.886414110660553, 0.46112924814224243, -0.3515743613243103, -0.4445957541465759, 0.8238508701324463),
            ["Head"] = CFrame.new(7.62520357966423e-09, -3.5762786865234375e-07, -8.381903171539307e-09, 0.5865830183029175, -0.12089475989341736, 0.8008150458335876, 0.13788899779319763, 0.9892671704292297, 0.04834318161010742, -0.7980645895004272, 0.08206638693809509, 0.5969574451446533),
            ["LowerTorso"] = CFrame.new(0.15287597477436066, -0.1048274040222168, 0.04496610164642334, 0.9410261511802673, -0.15406903624534607, -0.3012186288833618, 0.07236621528863907, 0.9613521099090576, -0.26564133167266846, 0.33050423860549927, 0.22817736864089966, 0.915806770324707),
            ["UpperTorso"] = CFrame.new(-2.2351741790771484e-08, -3.2782554626464844e-07, -3.166496753692627e-08, 0.9265201091766357, 0.11061041057109833, 0.35961928963661194, -0.24575193226337433, 0.9016629457473755, 0.35582295060157776, -0.2848975956439972, -0.4180542528629303, 0.862591564655304),
            ["HumanoidRootPart"] = CFrame.new(0, 0, 0, 1, 0, 0, 0, 1, 0, 0, 0, 1),
            ["RightUpperLeg"] = CFrame.new(-1.1920928955078125e-07, -1.0058283805847168e-07, 2.8107024263590574e-08, 0.9859238266944885, 0.1635693460702896, 0.034633081406354904, -0.161014586687088, 0.9846839904785156, -0.06687191128730774, -0.04504067823290825, 0.06035415455698967, 0.9971603155136108),
            ["LeftUpperArm"] = CFrame.new(-1.1920928955078125e-07, -4.76837158203125e-07, 1.4901161193847656e-08, 0.24776917695999146, 0.8747228980064392, 0.41649794578552246, -0.28490471839904785, 0.47667908668518066, -0.8316287398338318, -0.9259805083274841, 0.08738990128040314, 0.3673189580440521),
            ["RightLowerArm"] = CFrame.new(-5.960464477539062e-07, -3.5762786865234375e-07, -2.9802322387695312e-08, 1, -1.0058283805847168e-07, 1.341104507446289e-07, -2.2351741790771484e-08, -0.5, -0.866025447845459, 7.450580596923828e-08, 0.866025447845459, -0.4999999701976776),
            ["LeftHand"] = CFrame.new(-6.705522537231445e-08, -3.5762786865234375e-07, 2.4400651454925537e-07, 0.6303960680961609, 0.30126357078552246, 0.7154304385185242, -0.3497541844844818, 0.9330049157142639, -0.08469951897859573, -0.6930171847343445, -0.19683042168617249, 0.6935309767723083),
            ["RightHand"] = CFrame.new(0, 1.7881393432617188e-07, -8.940696716308594e-08, 0.6632513999938965, -0.11585269868373871, 0.7393752932548523, 0.2093457281589508, 0.9772270321846008, -0.03467016667127609, -0.7185207605361938, 0.17777985334396362, 0.6724002957344055),
            ["RightUpperArm"] = CFrame.new(1.1920928955078125e-07, -5.960464477539062e-07, 5.587935447692871e-09, 0.5263963341712952, -0.14540724456310272, 0.837713360786438, 0.7900839447975159, 0.4476662874221802, -0.4187629818916321, -0.31412473320961, 0.8822991847991943, 0.35053378343582153),
            ["RightLowerLeg"] = CFrame.new(-3.91155481338501e-08, -0.00006008148193359375, -0.00007220933184726164, 1, -1.1175870895385742e-07, -1.4901161193847656e-08, 1.0244546899684792e-07, 0.828558087348938, 0.5599027872085571, -1.1175869119028903e-08, -0.5599031448364258, 0.8285583853721619),
            ["LeftUpperLeg"] = CFrame.new(-5.960464477539063e-08, -2.7939677238464355e-08, -7.450580596923828e-09, 0.9756255149841309, -0.16909152269363403, -0.13986724615097046, 0.0138289425522089, 0.6834852695465088, -0.7298333048820496, 0.21900588274002075, 0.7101098299026489, 0.6691640615463257),
            ["LeftLowerLeg"] = CFrame.new(-7.450580596923828e-09, 0.000060558319091796875, 0.00007217749953269958, 1, 9.685756197086448e-08, -4.6566123179658803e-10, -8.3819010399111e-08, 0.20903678238391876, 0.9779078364372253, 7.450579175838357e-08, -0.9779078960418701, 0.20903676748275757),
        }},
        {Time = 0.200, Data = {
            ["RightFoot"] = CFrame.new(-1.862645149230957e-09, 4.172325134277344e-07, 2.4047039914876223e-08, 0.9964734315872192, -0.051499202847480774, -0.06624600291252136, 0.03173535317182541, 0.9621638655662537, -0.27061691880226135, 0.07767590135335922, 0.2675604522228241, 0.9604051113128662),
            ["LeftLowerArm"] = CFrame.new(8.940696716308594e-08, -5.960464477539063e-08, -8.940696716308594e-08, 1, -1.0430811414607888e-07, -5.960464477539063e-08, 2.9802322387695312e-08, 0.7590952515602112, -0.6509795784950256, -2.2351741790771484e-08, 0.6509795188903809, 0.759095311164856),
            ["LeftFoot"] = CFrame.new(5.029141902923584e-08, 0, -2.9802322387695312e-08, 0.9244565367698669, -0.04073309153318405, 0.3791058659553528, -0.03110545501112938, 0.9829063415527344, 0.1814597100019455, -0.3800166845321655, -0.17954397201538086, 0.9073870778083801),
            ["Head"] = CFrame.new(-2.421438694000244e-08, 3.5762786865234375e-07, 9.313225746154785e-09, 0.8913061618804932, -0.08665718883275986, 0.445043683052063, 0.09314767271280289, 0.9956254959106445, 0.007314014248549938, -0.44373059272766113, 0.0349358431994915, 0.8954789638519287),
            ["LowerTorso"] = CFrame.new(0.13876336812973022, -0.09465575218200684, 0.035868145525455475, 0.9660780429840088, -0.12758618593215942, -0.22453318536281586, 0.06363198161125183, 0.9602338671684265, -0.27184903621673584, 0.25028857588768005, 0.24833986163139343, 0.935779333114624),
            ["UpperTorso"] = CFrame.new(0, 2.9802322387695312e-08, 1.4901161193847656e-08, 0.9498280882835388, 0.08876511454582214, 0.2999121844768524, -0.19713740050792694, 0.9143405556678772, 0.35372060537338257, -0.2428237944841385, -0.3950977027416229, 0.8859653472900391),
            ["HumanoidRootPart"] = CFrame.new(0, 0, 0, 1, 0, 0, 0, 1, 0, 0, 0, 1),
            ["RightUpperLeg"] = CFrame.new(0, -3.725290298461914e-08, 4.300818545743823e-08, 0.9917304515838623, 0.11442755907773972, -0.058113738894462585, -0.11545471847057343, 0.9932050704956055, -0.014625435695052147, 0.05604534596204758, 0.02121393010020256, 0.9982028603553772),
            ["LeftUpperArm"] = CFrame.new(5.960464477539063e-08, -2.384185791015625e-07, -4.6566128730773926e-09, 0.43777230381965637, 0.8872582316398621, 0.14535608887672424, -0.39435306191444397, 0.3347773551940918, -0.8558095693588257, -0.807985782623291, 0.31732818484306335, 0.4964490830898285),
            ["RightLowerArm"] = CFrame.new(-6.258487701416016e-07, -5.960464477539063e-08, 1.1920928955078125e-07, 1, -1.862644971595273e-08, 1.1920926112907182e-07, 4.842877388000488e-08, -0.4442916810512543, -0.8958821892738342, 1.1175870895385742e-07, 0.895882248878479, -0.4442916512489319),
            ["LeftHand"] = CFrame.new(2.9802322387695312e-08, 1.7881393432617188e-07, 3.948807716369629e-07, 0.6605236530303955, 0.4842119812965393, 0.573800802230835, -0.5155215263366699, 0.8481101393699646, -0.12225675582885742, -0.5458443760871887, -0.21505314111709595, 0.8098185658454895),
            ["RightHand"] = CFrame.new(-5.960464477539063e-08, -4.172325134277344e-07, -8.940696716308594e-08, 0.7577869892120361, -0.188873752951622, 0.6245685815811157, 0.0901782438158989, 0.9783195853233337, 0.18643732368946075, -0.6462406516075134, -0.08495723456144333, 0.758389949798584),
            ["RightUpperArm"] = CFrame.new(0, -1.1920928955078125e-07, -4.0978193283081055e-08, 0.5530616641044617, -0.12137606739997864, 0.8242515921592712, 0.8037583231925964, 0.3381519317626953, -0.489516019821167, -0.2193065881729126, 0.9332315921783447, 0.28457584977149963),
            ["RightLowerLeg"] = CFrame.new(-4.842877388000488e-08, -0.000060558319091796875, -0.00007219443068606779, 1, -9.313227877782992e-08, -2.421439049271612e-08, 8.381902460996571e-08, 0.8390259742736816, 0.5440911054611206, -3.5390254282674505e-08, -0.5440914630889893, 0.8390262126922607),
            ["LeftUpperLeg"] = CFrame.new(-5.960464477539063e-08, -2.421438694000244e-08, 2.9802322387695312e-08, 0.9512670040130615, -0.20267996191978455, -0.2324047088623047, -0.00932194385677576, 0.7344139814376831, -0.6786378622055054, 0.3082275390625, 0.6477321982383728, 0.6967343688011169),
            ["LeftLowerLeg"] = CFrame.new(2.0489096641540527e-08, 0.000060677528381347656, 0.00007196515798568726, 1, 8.195638656616211e-08, 4.8428763221863846e-08, -8.009374141693115e-08, 0.17090806365013123, 0.9852869510650635, 9.685754776000977e-08, -0.9852870106697083, 0.17090801894664764),
        }},
        {Time = 0.233, Data = {
            ["RightFoot"] = CFrame.new(-4.470348358154297e-08, 2.980232238769531e-07, 1.6952981241047382e-09, 0.9983499050140381, -0.05411726236343384, -0.01920737512409687, 0.0478539913892746, 0.9689308404922485, -0.2426583170890808, 0.03174247965216637, 0.24133899807929993, 0.9699217081069946),
            ["LeftLowerArm"] = CFrame.new(1.4901161193847656e-07, -2.980232238769531e-07, -1.601874828338623e-07, 1, -5.215405707303944e-08, 4.470347647611561e-08, 1.0430809993522416e-07, 0.8114688396453857, -0.584395706653595, 2.9802315282267955e-08, 0.584395706653595, 0.8114688992500305),
            ["LeftFoot"] = CFrame.new(-3.725290298461914e-09, 1.7881393432617188e-07, 5.960464477539063e-08, 0.9354586601257324, -0.0008545073214918375, 0.353435218334198, -0.025564905256032944, 0.9972141981124878, 0.07007497549057007, -0.352510541677475, -0.07458759844303131, 0.9328307509422302),
            ["Head"] = CFrame.new(-2.9103830456733704e-09, 1.1920928955078125e-07, 2.7008354663848877e-08, 0.9976391196250916, -0.03792063146829605, -0.057255376130342484, 0.03794918954372406, 0.9992794990539551, -0.000588651979342103, 0.0572364442050457, -0.001585436868481338, 0.9983593821525574),
            ["LowerTorso"] = CFrame.new(0.12009889632463455, -0.08200407028198242, 0.02472723461687565, 0.9859663844108582, -0.09526630491018295, -0.13709422945976257, 0.05542374402284622, 0.9614100456237793, -0.2694791555404663, 0.1574760526418686, 0.25809910893440247, 0.9531978368759155),
            ["UpperTorso"] = CFrame.new(1.862645149230957e-08, 8.940696716308594e-08, -4.377216100692749e-08, 0.980907142162323, 0.0567571222782135, 0.18601031601428986, -0.12249019742012024, 0.9232144951820374, 0.36424052715301514, -0.15105417370796204, -0.38007059693336487, 0.9125398397445679),
            ["HumanoidRootPart"] = CFrame.new(0, 0, 0, 1, 0, 0, 0, 1, 0, 0, 0, 1),
            ["RightUpperLeg"] = CFrame.new(5.960464477539063e-08, -3.725290298461914e-09, 1.3205863069742918e-08, 0.9803509712219238, 0.050631243735551834, -0.19065286219120026, -0.05686316266655922, 0.9980071783065796, -0.02735639549791813, 0.18888796865940094, 0.03765993192791939, 0.9812763333320618),
            ["LeftUpperArm"] = CFrame.new(1.1920928955078125e-07, -1.1920928955078125e-07, 2.0023435354232788e-08, 0.5634085536003113, 0.8162593841552734, -0.1276380568742752, -0.5605751276016235, 0.2642041742801666, -0.7848260402679443, -0.6068989634513855, 0.5137284994125366, 0.6064294576644897),
            ["RightLowerArm"] = CFrame.new(-5.960464477539063e-08, 2.384185791015625e-07, 2.9802322387695312e-08, 1, -8.568166975919667e-08, 8.475034718458119e-08, 6.705523247774181e-08, -0.21441230177879333, -0.976743221282959, 1.0430814256778831e-07, 0.976743221282959, -0.21441230177879333),
            ["LeftHand"] = CFrame.new(4.76837158203125e-07, 5.960464477539063e-08, 2.682209014892578e-07, 0.723832905292511, 0.575648307800293, 0.3803880512714386, -0.5510027408599854, 0.8140838742256165, -0.18347607553005219, -0.41528546810150146, -0.07678905129432678, 0.9064445495605469),
            ["RightHand"] = CFrame.new(-1.1920928955078125e-07, 1.1920928955078125e-07, 7.078051567077637e-08, 0.9060603976249695, -0.21603530645370483, 0.3638451397418976, 0.057415228337049484, 0.9146662354469299, 0.40011143684387207, -0.4192350506782532, -0.3416350185871124, 0.8411465883255005),
            ["RightUpperArm"] = CFrame.new(0, 2.384185791015625e-07, -1.1175870895385742e-08, 0.5146960616111755, -0.1861993819475174, 0.8369096517562866, 0.8494638204574585, 0.2430269718170166, -0.4683472514152527, -0.11618570983409882, 0.9519809484481812, 0.2832546532154083),
            ["RightLowerLeg"] = CFrame.new(1.0803341865539551e-07, -0.00006002187728881836, -0.00007220933184726164, 1, -9.685753354915505e-08, -7.4505797087454084e-09, 8.940694584680386e-08, 0.8067929744720459, 0.590833842754364, -1.5832480215749456e-08, -0.5908343195915222, 0.806793212890625),
            ["LeftUpperLeg"] = CFrame.new(-5.960464477539063e-08, 3.4086406230926514e-07, -7.078051567077637e-08, 0.9415844678878784, -0.18310123682022095, -0.2826528251171112, -0.01803227700293064, 0.8106734156608582, -0.5852208137512207, 0.33629393577575684, 0.5561317801475525, 0.7600158452987671),
            ["LeftLowerLeg"] = CFrame.new(1.7136335372924805e-07, 0.000060558319091796875, 0.00007227063179016113, 1, 1.1920928955078125e-07, 1.1362135410308838e-07, -4.842877388000488e-08, 0.22457720339298248, 0.9744563102722168, 5.960464477539063e-08, -0.9744563698768616, 0.22457709908485413),
        }},
        {Time = 0.267, Data = {
            ["RightFoot"] = CFrame.new(1.019798219203949e-07, 3.5762786865234375e-07, -5.173205863684416e-09, 0.9946828484535217, -0.069217748939991, 0.07625710219144821, 0.07959278672933578, 0.9865601062774658, -0.14270347356796265, -0.06535465270280838, 0.1480143666267395, 0.9868234992027283),
            ["LeftLowerArm"] = CFrame.new(2.9802322387695312e-08, -1.7881393432617188e-07, 8.940696716308594e-08, 1, -7.078050856534901e-08, 5.215405707303944e-08, 0, 0.746056854724884, -0.6658823490142822, 5.960463766996327e-08, 0.665882408618927, 0.746056854724884),
            ["LeftFoot"] = CFrame.new(-1.4901161193847656e-08, 1.1920928955078125e-07, 0, 0.954153299331665, -0.061051927506923676, 0.29302605986595154, 0.011254056356847286, 0.9856025576591492, 0.16870436072349548, -0.2991069555282593, -0.1576720029115677, 0.9411028623580933),
            ["Head"] = CFrame.new(-3.259629011154175e-09, 7.152557373046875e-07, 2.5494955480098724e-08, 0.8830827474594116, 0.005746795795857906, -0.4691823422908783, 0.006582707166671753, 0.9996748566627502, 0.024634459987282753, 0.46917131543159485, -0.02484256774187088, 0.8827577829360962),
            ["LowerTorso"] = CFrame.new(0.07793249934911728, -0.05257463455200195, 0.0031752444338053465, 0.9991868138313293, -0.03680551052093506, -0.016466399654746056, 0.03131471946835518, 0.9656049013137817, -0.25812122225761414, 0.025400320068001747, 0.2573956549167633, 0.9659722447395325),
            ["UpperTorso"] = CFrame.new(2.6775524020195007e-08, 1.7881393432617188e-07, -5.98374754190445e-08, 0.9984974265098572, 0.022355832159519196, 0.050031114369630814, -0.039929959923028946, 0.9221063256263733, 0.38487082719802856, -0.037529896944761276, -0.3862902820110321, 0.9216135144233704),
            ["HumanoidRootPart"] = CFrame.new(0, 0, 0, 1, 0, 0, 0, 1, 0, 0, 0, 1),
            ["RightUpperLeg"] = CFrame.new(-2.9802322387695312e-08, 3.241002559661865e-07, 1.227454049512744e-08, 0.9200756549835205, -0.07984998822212219, -0.38351649045944214, 0.05976633355021477, 0.9961572289466858, -0.06402243673801422, 0.38715487718582153, 0.03598395362496376, 0.9213123321533203),
            ["LeftUpperArm"] = CFrame.new(5.960464477539063e-08, 3.5762786865234375e-07, 2.9802322387695312e-08, 0.5876230597496033, 0.7142577171325684, -0.38017764687538147, -0.7364388704299927, 0.27747052907943726, -0.6169828772544861, -0.33519673347473145, 0.6425309777259827, 0.6890552043914795),
            ["RightLowerArm"] = CFrame.new(-7.748603820800781e-07, 3.5762786865234375e-07, 2.086162567138672e-07, 1, -1.4901162614933128e-07, 5.960465898624534e-08, 8.940696716308594e-08, 0.1290210336446762, -0.9916418790817261, 5.587935447692871e-08, 0.9916418790817261, 0.1290210485458374),
            ["LeftHand"] = CFrame.new(2.980232238769531e-07, 0, -2.384185791015625e-07, 0.7615195512771606, 0.6401646733283997, 0.10137488692998886, -0.6170706152915955, 0.7639368176460266, -0.18874523043632507, -0.19827237725257874, 0.08117758482694626, 0.9767796397209167),
            ["RightHand"] = CFrame.new(3.2782554626464844e-07, 1.1920928955078125e-07, 1.1920928955078125e-07, 0.9965928196907043, -0.0773530825972557, 0.02862410992383957, 0.05187208205461502, 0.8576306104660034, 0.5116433501243591, -0.06412593275308609, -0.5084154009819031, 0.8587210178375244),
            ["RightUpperArm"] = CFrame.new(-5.960464477539063e-08, 4.76837158203125e-07, 1.862645149230957e-09, 0.4960286617279053, -0.2806416153907776, 0.8217030763626099, 0.8679203987121582, 0.18845875561237335, -0.4595625400543213, -0.0258847214281559, 0.9411289691925049, 0.33705535531044006),
