return {
    ["Vintage Moves"] = {
        {Time = 0.000, Data = {
            ["LeftFoot"] = CFrame.new(5.029141902923584e-08, -5.960464477539063e-08, 2.2351741790771484e-08, 0.9871068596839905, -0.10000088065862656, 0.1249799132347107, 0.1387917399406433, 0.9236904382705688, -0.3571176826953888, -0.07973071932792664, 0.3698592782020569, 0.9256603121757507),
            ["LeftLowerArm"] = CFrame.new(2.682209014892578e-07, 1.1920928955078125e-07, 0, 1, -1.1129303345569497e-07, 5.5879347371501353e-08, 3.725289587919178e-08, 0.38296976685523987, -0.9237606525421143, 1.4342364806907426e-07, 0.9237608313560486, 0.38297027349472046),
            ["RightUpperArm"] = CFrame.new(-2.384185791015625e-07, 1.1920928955078125e-07, -5.21540641784668e-08, 0.7174138426780701, -0.44204699993133545, 0.5384345650672913, 0.5919232368469238, -0.020760618150234222, -0.8057267665863037, 0.3673478960990906, 0.8967516422271729, 0.24676433205604553),
            ["Head"] = CFrame.new(4.842877388000488e-08, 4.76837158203125e-07, 0, 0.9962859153747559, -0.011387505568563938, -0.08535081893205643, 0.008168178610503674, 0.9992454648017883, -0.03797215223312378, 0.08571897447109222, 0.03713401034474373, 0.9956271648406982),
            ["LowerTorso"] = CFrame.new(0.16505753993988037, -0.21849405765533447, -0.16931915283203125, 0.7429621815681458, 0.05324259772896767, -0.6672124862670898, -0.020096540451049805, 0.9981562495231628, 0.05727331340312958, 0.6690316796302795, -0.029143240302801132, 0.7426623106002808),
            ["UpperTorso"] = CFrame.new(-2.421438694000244e-08, -2.086162567138672e-07, -7.450580596923828e-09, 0.9999448657035828, 0.001738833263516426, -0.010354950092732906, 0.0016131307929754257, 0.9490441679954529, 0.3151390850543976, 0.010375185869634151, -0.31513842940330505, 0.9489890933036804),
            ["HumanoidRootPart"] = CFrame.new(0, 0, 0, 1, 0, 0, 0, 1, 0, 0, 0, 1),
            ["LeftUpperLeg"] = CFrame.new(0, -7.450580596923828e-09, 4.470348358154297e-08, 0.9753543138504028, -0.055558234453201294, -0.2135353684425354, -0.09389730542898178, 0.771258533000946, -0.6295583248138428, 0.1996680200099945, 0.6340926885604858, 0.7470334768295288),
            ["LeftUpperArm"] = CFrame.new(1.1920928955078125e-07, -1.1920928955078125e-07, 1.564621925354004e-07, 0.33624544739723206, 0.40901872515678406, -0.8483176231384277, -0.7975818514823914, -0.35531967878341675, -0.48745378851890564, -0.5008016228675842, 0.8405067324638367, 0.2067512422800064),
            ["RightLowerArm"] = CFrame.new(2.384185791015625e-07, 5.960464477539063e-08, -2.9802322387695312e-08, 1, -1.4901161193847656e-07, 1.1920930376163597e-07, 1.341104507446289e-07, 0.07670295238494873, -0.9970540404319763, 1.210719347000122e-08, 0.9970539808273315, 0.07670304924249649),
            ["LeftHand"] = CFrame.new(2.8312206268310547e-07, -5.960464477539063e-08, 1.955777406692505e-07, 0.9365726113319397, -0.23465116322040558, -0.2603280246257782, 0.3405362069606781, 0.7849069237709045, 0.5176452994346619, 0.0828670933842659, -0.5734632611274719, 0.8150292038917542),
            ["RightFoot"] = CFrame.new(3.096647560596466e-08, 4.76837158203125e-07, 2.9831426218152046e-10, 0.9424949288368225, -0.01932784542441368, -0.3336612582206726, -0.11282635480165482, 0.9213219285011292, -0.37206974625587463, 0.3146008551120758, 0.3883199691772461, 0.8661606907844543),
            ["RightHand"] = CFrame.new(3.427267074584961e-07, -2.980232238769531e-07, 7.450580596923828e-09, 0.8372220993041992, 0.07569954544305801, 0.5415984988212585, -0.43987002968788147, 0.6816527247428894, 0.5846911668777466, -0.3249208927154541, -0.7277493476867676, 0.6039928793907166),
            ["RightLowerLeg"] = CFrame.new(-5.3085386753082275e-08, -0.00012260675430297852, -0.00007743963942630216, 1, -1.6018742599044344e-07, -1.3504177331924438e-08, 3.725289943190546e-08, 0.5014373660087585, 0.865193784236908, -1.8160787362830888e-07, -0.8651939630508423, 0.501437783241272),
            ["RightUpperLeg"] = CFrame.new(-8.940696716308594e-08, -2.3189932107925415e-07, -4.639878170564771e-08, 0.9793427586555481, 0.11912326514720917, 0.16339366137981415, 0.018994441255927086, 0.7502819299697876, -0.6608454585075378, -0.2013133317232132, 0.6502974033355713, 0.7325202226638794),
            ["LeftLowerLeg"] = CFrame.new(3.725290298461914e-08, 0.00012224912643432617, 0.00007753074169158936, 1, 4.470347647611561e-08, 4.097817196679898e-08, -7.450580596923828e-08, 0.5393911600112915, 0.8420551419258118, 1.1175870895385742e-07, -0.8420553803443909, 0.5393914580345154),
        }},
        {Time = 0.040, Data = {
            ["LeftFoot"] = CFrame.new(-3.91155481338501e-08, -5.960464477539063e-08, -2.2351741790771484e-08, 0.993175208568573, -0.10906922817230225, 0.04131608083844185, 0.11226601898670197, 0.7979817390441895, -0.5921329259872437, 0.03161413595080376, 0.5927302837371826, 0.8047805428504944),
            ["LeftLowerArm"] = CFrame.new(8.940696716308594e-08, -1.1920928955078125e-07, -4.470348358154297e-08, 1, -8.475035429000854e-08, 6.519257311765614e-08, 7.450581307466564e-08, 0.4045479893684387, -0.9145166873931885, 1.1548401346317405e-07, 0.9145168662071228, 0.40454819798469543),
            ["RightUpperArm"] = CFrame.new(-1.1920928955078125e-07, -1.1920928955078125e-07, -7.450580596923828e-09, 0.7724369764328003, -0.40944814682006836, 0.485482394695282, 0.5381435751914978, 0.016035236418247223, -0.842700719833374, 0.3372577130794525, 0.9121924638748169, 0.2327282726764679),
            ["Head"] = CFrame.new(0, -1.1920928955078125e-07, 0, 0.9940325021743774, 0.07112859189510345, -0.08270503580570221, -0.07531412690877914, 0.9959731101989746, -0.048636242747306824, 0.0789126381278038, 0.05457483232021332, 0.9953866004943848),
            ["LowerTorso"] = CFrame.new(0.20743465423583984, -0.42410290241241455, -0.18371781706809998, 0.7456634640693665, 0.007074576802551746, -0.6662851572036743, -0.00950140506029129, 0.999954879283905, -0.000015898827768978663, 0.666254997253418, 0.006342500448226929, 0.745697021484375),
            ["UpperTorso"] = CFrame.new(5.587935447692871e-09, -2.682209014892578e-07, -1.7895217752084136e-08, 0.9969387054443359, -0.07565073668956757, -0.019756684079766273, 0.07773178815841675, 0.9317041635513306, 0.3548029661178589, -0.008433802053332329, -0.35525259375572205, 0.9347323775291443),
            ["HumanoidRootPart"] = CFrame.new(0, 0, 0, 1, 0, 0, 0, 1, 0, 0, 0, 1),
            ["LeftUpperLeg"] = CFrame.new(2.9802322387695312e-08, 3.2782554626464844e-07, -7.453672878909856e-08, 0.9875465631484985, -0.012655343860387802, -0.15681760013103485, -0.10681986808776855, 0.6778551936149597, -0.7273939251899719, 0.11550486087799072, 0.7350865602493286, 0.6680616140365601),
            ["LeftUpperArm"] = CFrame.new(5.960464477539063e-08, -3.5762786865234375e-07, 0, 0.2802809178829193, 0.38369932770729065, -0.8798961639404297, -0.8145626783370972, -0.3899000883102417, -0.4294949173927307, -0.5078685283660889, 0.8371098637580872, 0.2032654583454132),
            ["RightLowerArm"] = CFrame.new(2.980232238769531e-07, -1.7881393432617188e-07, 1.6391277313232422e-07, 1, -9.778888454547996e-08, 1.0430816388407038e-07, 1.043081283569336e-07, 0.09399766474962234, -0.9955725073814392, 0, 0.9955725073814392, 0.09399773925542831),
            ["LeftHand"] = CFrame.new(1.1920928955078125e-07, 5.960464477539063e-08, 1.3969838619232178e-07, 0.9301106333732605, -0.23817197978496552, -0.27958646416664124, 0.3549095690250397, 0.7787396907806396, 0.517304539680481, 0.0945173129439354, -0.5803780555725098, 0.8088433146476746),
            ["RightFoot"] = CFrame.new(1.1175870895385742e-08, 3.5762786865234375e-07, -8.305505616590381e-08, 0.9739679098129272, -0.07332620769739151, -0.21449877321720123, -0.06914784014225006, 0.8050381541252136, -0.5891789793968201, 0.21588222682476044, 0.5886738300323486, 0.7790112495422363),
            ["RightHand"] = CFrame.new(8.940696716308594e-08, -5.960464477539063e-08, 2.8312206268310547e-07, 0.8256699442863464, 0.0640069842338562, 0.560510516166687, -0.44804710149765015, 0.6781395077705383, 0.5825638175010681, -0.34281617403030396, -0.7321406006813049, 0.5885977745056152),
            ["RightLowerLeg"] = CFrame.new(1.862645149230957e-08, -0.00012230873107910156, -0.00007729062781436369, 1, -1.5646217832454568e-07, -1.6763814869591442e-07, 1.4528635006172408e-07, 0.14196981489658356, 0.9898709654808044, -1.5646223516796454e-07, -0.9898710250854492, 0.14197009801864624),
            ["RightUpperLeg"] = CFrame.new(0, 3.206077963113785e-07, 5.248148227110505e-08, 0.9964748620986938, 0.08324197679758072, 0.010427619330585003, -0.04722049459815025, 0.6592719554901123, -0.7504201531410217, -0.06934112310409546, 0.7472826242446899, 0.6608789563179016),
            ["LeftLowerLeg"] = CFrame.new(1.4901161193847656e-07, 0.00012254714965820312, 0.00007750093936920166, 1, 1.564622067462551e-07, 3.725289943190546e-08, -1.4901159772762185e-07, 0.16780231893062592, 0.9858206510543823, 1.0430811414607888e-07, -0.9858207702636719, 0.16780227422714233),
        }},
        {Time = 0.080, Data = {
            ["LeftFoot"] = CFrame.new(-3.3527612686157227e-08, -5.960464477539063e-08, -5.960464477539063e-08, 0.9904298782348633, -0.1169326901435852, 0.07331791520118713, 0.1335349977016449, 0.6775894165039062, -0.7232157588005066, 0.034888140857219696, 0.7260850071907043, 0.6867194175720215),
            ["LeftLowerArm"] = CFrame.new(-7.748603820800781e-07, 0, -8.940696716308594e-08, 1, -1.0617077350616455e-07, -9.313225746154785e-09, 4.656612162534657e-08, 0.41444897651672363, -0.9100725650787354, 9.313224325069314e-08, 0.9100726246833801, 0.4144490361213684),
            ["RightUpperArm"] = CFrame.new(-5.960464477539063e-08, -4.76837158203125e-07, 1.4901161193847656e-08, 0.8244730234146118, -0.33841678500175476, 0.4535619914531708, 0.5334361791610718, 0.19719576835632324, -0.8225325345993042, 0.18891854584217072, 0.9201022386550903, 0.3431062400341034),
            ["Head"] = CFrame.new(-1.4901161193847656e-08, 1.1920928955078125e-07, 8.195638656616211e-08, 0.9915961623191833, 0.08588079363107681, -0.09675516933202744, -0.08040730655193329, 0.9950072169303894, 0.05912249535322189, 0.10134949535131454, -0.05084579437971115, 0.9935507774353027),
            ["LowerTorso"] = CFrame.new(0.2927771806716919, -0.5399535894393921, -0.2617602050304413, 0.7507954835891724, -0.08917590975761414, -0.6544874906539917, 0.0009491152595728636, 0.9909895062446594, -0.1339365690946579, 0.6605340838432312, 0.0999377891421318, 0.7441150546073914),
            ["UpperTorso"] = CFrame.new(-4.0279701352119446e-08, -2.384185791015625e-07, 7.450580596923828e-08, 0.9972299933433533, -0.07130463421344757, -0.021165844053030014, 0.0740949884057045, 0.9274657368659973, 0.36649319529533386, -0.006502004340291023, -0.3670462369918823, 0.9301800727844238),
            ["HumanoidRootPart"] = CFrame.new(0, 0, 0, 1, 0, 0, 0, 1, 0, 0, 0, 1),
            ["LeftUpperLeg"] = CFrame.new(-5.960464477539063e-08, 2.2863969206809998e-07, 1.4156103134155273e-07, 0.979839026927948, -0.033477190881967545, -0.19696412980556488, -0.10455912351608276, 0.7541458010673523, -0.6483297348022461, 0.17024387419223785, 0.655853271484375, 0.7354412078857422),
            ["LeftUpperArm"] = CFrame.new(-1.1920928955078125e-07, -1.1920928955078125e-07, 1.1175870895385742e-07, 0.3397427499294281, 0.37841951847076416, -0.861030638217926, -0.8704988956451416, -0.22010163962841034, -0.4402124881744385, -0.35609909892082214, 0.8990851640701294, 0.25463560223579407),
            ["RightLowerArm"] = CFrame.new(5.960464477539063e-08, 2.384185791015625e-07, -4.842877388000488e-08, 1, -7.450579886381092e-08, 2.9802318834981634e-08, 7.450579175838357e-08, 0.06954142451286316, -0.9975790977478027, 2.9802315282267955e-08, 0.9975790977478027, 0.06954135745763779),
            ["LeftHand"] = CFrame.new(-3.427267074584961e-07, -1.7881393432617188e-07, 9.12696123123169e-08, 0.9263132810592651, -0.25363749265670776, -0.27858874201774597, 0.36700984835624695, 0.7745673656463623, 0.515120804309845, 0.08513183891773224, -0.5794079303741455, 0.8105793595314026),
            ["RightFoot"] = CFrame.new(-4.284083843231201e-08, 2.980232238769531e-07, 3.894820110872388e-08, 0.9688891172409058, -0.09502292424440384, -0.22852714359760284, -0.10081657767295837, 0.6917476654052734, -0.7150670289993286, 0.22603096067905426, 0.7158602476119995, 0.6606471538543701),
            ["RightHand"] = CFrame.new(4.470348358154297e-07, -5.960464477539063e-08, 1.341104507446289e-07, 0.8146950006484985, 0.05060345679521561, 0.5776773691177368, -0.4571588933467865, 0.6689208745956421, 0.5861319899559021, -0.35676008462905884, -0.7416092157363892, 0.5681005716323853),
            ["RightLowerLeg"] = CFrame.new(1.7881393432617188e-07, -0.00012230873107910156, -0.0000775737498770468, 1, -3.725289943190546e-08, -3.054738328955864e-07, 1.0430811414607888e-07, -0.04726574569940567, 0.9988823533058167, -1.7508862981685525e-07, -0.9988824129104614, -0.047265537083148956),
            ["RightUpperLeg"] = CFrame.new(-2.384185791015625e-07, -2.9569491744041443e-07, 1.5476689441129565e-07, 0.9937518835067749, 0.11131622642278671, -0.008126290515065193, -0.08837178349494934, 0.7402635812759399, -0.666483461856842, -0.06817486882209778, 0.6630374193191528, 0.7454754710197449),
            ["LeftLowerLeg"] = CFrame.new(-1.1175870895385742e-07, 0.0001226663589477539, 0.00007744133472442627, 1, -2.9802322387695312e-08, 1.6391277313232422e-07, -2.9802322387695312e-08, -0.03850094974040985, 0.9992586374282837, 1.4901161193847656e-07, -0.9992585778236389, -0.038500845432281494),
        }},
        {Time = 0.120, Data = {
            ["LeftFoot"] = CFrame.new(-1.862645149230957e-08, -5.960464477539063e-08, -7.450580596923828e-09, 0.9886431694030762, -0.10963461548089981, 0.10278620570898056, 0.14584876596927643, 0.5350512266159058, -0.8321353793144226, 0.03623484820127487, 0.8376757502555847, 0.5449641346931458),
            ["LeftLowerArm"] = CFrame.new(0, -2.384185791015625e-07, -8.940696716308594e-08, 1, -1.4901159772762185e-07, 1.30385160446167e-07, 2.9802318834981634e-08, 0.3977619707584381, -0.917488694190979, 7.4505797087454084e-09, 0.9174886345863342, 0.39776188135147095),
            ["RightUpperArm"] = CFrame.new(0, 0, -1.9371509552001953e-07, 0.8804006576538086, -0.23757901787757874, 0.41042807698249817, 0.47373396158218384, 0.40099748969078064, -0.7840772867202759, 0.021699124947190285, 0.8847357034683228, 0.4655875563621521),
            ["Head"] = CFrame.new(-2.9802322387695312e-08, -3.5762786865234375e-07, -2.9802322387695312e-08, 0.9924367070198059, 0.07461012154817581, -0.09748252481222153, -0.05542493239045143, 0.9808935523033142, 0.18648302555084229, 0.10953323543071747, -0.17966964840888977, 0.9776099324226379),
            ["LowerTorso"] = CFrame.new(0.39414891600608826, -0.6358503103256226, -0.36414051055908203, 0.7501757740974426, -0.1800515502691269, -0.6362528800964355, 0.0021997112780809402, 0.962888240814209, -0.2698916494846344, 0.6612347960472107, 0.20106661319732666, 0.7227314710617065),
            ["UpperTorso"] = CFrame.new(4.7264620661735535e-08, -2.682209014892578e-07, -7.450580596923828e-08, 0.997198760509491, -0.07213100790977478, -0.019793573766946793, 0.0744553804397583, 0.931969165802002, 0.3548099100589752, -0.007145737297832966, -0.3552897572517395, 0.9347289800643921),
            ["HumanoidRootPart"] = CFrame.new(0, 0, 0, 1, 0, 0, 0, 1, 0, 0, 0, 1),
            ["LeftUpperLeg"] = CFrame.new(-1.7881393432617188e-07, 2.514570951461792e-08, 2.60770320892334e-08, 0.976526141166687, -0.04365083575248718, -0.21092922985553741, -0.06866247951984406, 0.8650829792022705, -0.4969068467617035, 0.20416200160980225, 0.49972599744796753, 0.8417794108390808),
            ["LeftUpperArm"] = CFrame.new(-1.1920928955078125e-07, -2.384185791015625e-07, 2.9802322387695312e-08, 0.4101869761943817, 0.38490283489227295, -0.8267989754676819, -0.8911494016647339, -0.023594273254275322, -0.4530958831310272, -0.19390597939491272, 0.9226555228233337, 0.33332812786102295),
            ["RightLowerArm"] = CFrame.new(2.384185791015625e-07, 1.7881393432617188e-07, 8.754432201385498e-08, 1, 3.073364140959711e-08, 1.0430811414607888e-07, 7.450581307466564e-08, 0.01096672285348177, -0.9999399185180664, 6.053597445543346e-08, 0.9999398589134216, 0.010966687463223934),
            ["LeftHand"] = CFrame.new(-4.470348358154297e-08, 0, 7.078051567077637e-08, 0.9267387390136719, -0.2738761305809021, -0.2571907937526703, 0.3712528944015503, 0.7726402282714844, 0.514974057674408, 0.05767675116658211, -0.5727294087409973, 0.8177131414413452),
            ["RightFoot"] = CFrame.new(-8.847564458847046e-09, 4.76837158203125e-07, 7.283233571797609e-09, 0.96620774269104, -0.11865461617708206, -0.22883175313472748, -0.12640109658241272, 0.5555855631828308, -0.8217951059341431, 0.22464516758918762, 0.8229495286941528, 0.5218132138252258),
            ["RightHand"] = CFrame.new(1.043081283569336e-07, -1.7881393432617188e-07, 1.2665987014770508e-07, 0.8080741763114929, 0.04422686994075775, 0.5874181985855103, -0.4630109965801239, 0.664180338382721, 0.5869290828704834, -0.3641935884952545, -0.7462630867958069, 0.5571841597557068),
            ["RightLowerLeg"] = CFrame.new(-2.2351741790771484e-08, -0.00012218952178955078, -0.00007738003478152677, 1, -1.2665981330428622e-07, -2.235174747511337e-07, 1.4901161193847656e-07, -0.1790340095758438, 0.9838429093360901, -1.4901161193847656e-07, -0.9838429689407349, -0.1790340691804886),
            ["RightUpperLeg"] = CFrame.new(2.384185791015625e-07, -2.523884177207947e-07, -1.8609716789796948e-07, 0.991525411605835, 0.12764060497283936, -0.024192171171307564, -0.12180987745523453, 0.8486825227737427, -0.5146844387054443, -0.04516305401921272, 0.5132697820663452, 0.8570383787155151),
            ["LeftLowerLeg"] = CFrame.new(-5.960464477539063e-08, 0.0001226663589477539, 0.00007733702659606934, 1, 8.940696716308594e-08, 1.0430807861894209e-07, -8.940696716308594e-08, -0.17239949107170105, 0.9850270748138428, 1.1175870895385742e-07, -0.9850271940231323, -0.17239950597286224),
        }},
        {Time = 0.160, Data = {
            ["LeftFoot"] = CFrame.new(7.82310962677002e-08, 5.960464477539063e-08, -5.4016709327697754e-08, 0.9906354546546936, -0.11571583151817322, 0.07246558368206024, 0.11798575520515442, 0.4584459364414215, -0.8808558583259583, 0.06870754808187485, 0.8811568021774292, 0.46780526638031006),
            ["LeftLowerArm"] = CFrame.new(-3.2782554626464844e-07, 1.7881393432617188e-07, -8.940696716308594e-08, 1, -3.7252894102834944e-09, 6.70552182668871e-08, 2.9802322387695312e-08, 0.32500165700912476, -0.9457135796546936, 1.1175870895385742e-07, 0.945713460445404, 0.32500138878822327),
            ["RightUpperArm"] = CFrame.new(-1.1920928955078125e-07, -1.1920928955078125e-07, 0, 0.9130417108535767, -0.14974479377269745, 0.3793831467628479, 0.3952123820781708, 0.554714024066925, -0.7321880459785461, -0.10080771893262863, 0.8184552192687988, 0.5656582117080688),
            ["Head"] = CFrame.new(5.960464477539063e-08, -2.384185791015625e-07, -2.9802322387695312e-08, 0.9940939545631409, 0.05310186743736267, -0.09464406222105026, -0.02482958510518074, 0.9602664113044739, 0.27797842025756836, 0.10564471036195755, -0.27398672699928284, 0.9559134244918823),
            ["LowerTorso"] = CFrame.new(0.48381930589675903, -0.6867111921310425, -0.4604548215866089, 0.747729480266571, -0.24827881157398224, -0.6158394813537598, -0.005596875678747892, 0.9250747561454773, -0.3797440230846405, 0.6639798879623413, 0.2873925566673279, 0.6903160214424133),
            ["UpperTorso"] = CFrame.new(-3.166496753692627e-08, -8.940696716308594e-08, 4.470348358154297e-08, 0.9972637891769409, -0.07304078340530396, -0.01140301488339901, 0.0725397914648056, 0.9371316432952881, 0.34135380387306213, -0.014246601611375809, -0.34124690294265747, 0.9398657083511353),
            ["HumanoidRootPart"] = CFrame.new(0, 0, 0, 1, 0, 0, 0, 1, 0, 0, 0, 1),
            ["LeftUpperLeg"] = CFrame.new(-5.960464477539063e-08, -7.82310962677002e-08, -1.4901161193847656e-08, 0.9839972853660583, -0.0076748100109398365, -0.17801834642887115, -0.05131840705871582, 0.9445322751998901, -0.3243843615055084, 0.17063355445861816, 0.3283289670944214, 0.9290233850479126),
            ["LeftUpperArm"] = CFrame.new(0, 1.1920928955078125e-07, -4.470348358154297e-08, 0.5072990655899048, 0.403280109167099, -0.7615857720375061, -0.8584641814231873, 0.15915368497371674, -0.4875543713569641, -0.07541179656982422, 0.9011300206184387, 0.42694011330604553),
            ["RightLowerArm"] = CFrame.new(4.172325134277344e-07, 5.960464477539063e-08, 2.4586915969848633e-07, 1, -1.3131645459907304e-07, 1.1920926112907182e-07, 8.940698137394065e-08, -0.08765948563814163, -0.996150553226471, 1.303851746570217e-07, 0.9961504936218262, -0.08765947073698044),
            ["LeftHand"] = CFrame.new(0, -1.1920928955078125e-07, -5.494803190231323e-08, 0.940255343914032, -0.24670608341693878, -0.2346407175064087, 0.33588606119155884, 0.7848484516143799, 0.5207623839378357, 0.055682260543107986, -0.5684621930122375, 0.8208230137825012),
            ["RightFoot"] = CFrame.new(7.217749953269958e-08, 4.172325134277344e-07, -5.056790541857481e-09, 0.9773142337799072, -0.10142184793949127, -0.18593168258666992, -0.11452866345643997, 0.4853864908218384, -0.8667659163475037, 0.17815768718719482, 0.8683972358703613, 0.46275943517684937),
            ["RightHand"] = CFrame.new(1.341104507446289e-07, -2.384185791015625e-07, -1.1175870895385742e-07, 0.8139994144439697, 0.03551946580410004, 0.5797788500785828, -0.4495827555656433, 0.6705418229103088, 0.5901263952255249, -0.36780476570129395, -0.7410210371017456, 0.5617894530296326),
            ["RightLowerLeg"] = CFrame.new(-8.940696716308594e-08, -0.00012230873107910156, -0.00007740983710391447, 1, -1.3038514623531228e-07, -3.054739181607147e-07, 2.0861628513557662e-07, -0.25655272603034973, 0.9665302634239197, -4.4703490686970326e-08, -0.9665303230285645, -0.25655296444892883),
            ["RightUpperLeg"] = CFrame.new(5.960464477539063e-08, -4.0978193283081055e-08, -4.639878170564771e-08, 0.9948838353157043, 0.08506685495376587, -0.05449787154793739, -0.09890289604663849, 0.9301285147666931, -0.3536653518676758, 0.02060479111969471, 0.35724595189094543, 0.9337831139564514),
            ["LeftLowerLeg"] = CFrame.new(1.9371509552001953e-07, 0.0001227855682373047, 0.00007724761962890625, 1, 1.0058285937475375e-07, 9.685754776000977e-08, -2.1606683731079102e-07, -0.22735172510147095, 0.9738126993179321, 1.564621925354004e-07, -0.9738128185272217, -0.22735176980495453),
        }},
        {Time = 0.200, Data = {
            ["LeftFoot"] = CFrame.new(-7.636845111846924e-08, 5.960464477539063e-08, -1.862645149230957e-08, 0.9927548170089722, -0.1046830266714096, 0.058985378593206406, 0.0984935462474823, 0.42777761816978455, -0.8985016942024231, 0.06882505118846893, 0.8978015780448914, 0.43498915433883667),
            ["LeftLowerArm"] = CFrame.new(-5.662441253662109e-07, 1.1920928955078125e-07, -1.4901161193847656e-08, 1, -1.30385160446167e-07, 1.4901157641133977e-08, 1.4901161193847656e-08, 0.19256509840488434, -0.9812842011451721, -7.450580596923828e-09, 0.9812842011451721, 0.1925649791955948),
            ["RightUpperArm"] = CFrame.new(0, 0, -1.1920928955078125e-07, 0.9320253133773804, -0.07529564201831818, 0.35448455810546875, 0.31409209966659546, 0.655755341053009, -0.6865358352661133, -0.18076223134994507, 0.7512094378471375, 0.6348301768302917),
            ["Head"] = CFrame.new(4.470348358154297e-08, -1.1920928955078125e-07, -1.4901161193847656e-08, 0.9946492910385132, 0.03586246073246002, -0.09688486158847809, -0.001810070127248764, 0.9437199831008911, 0.33074063062667847, 0.10329335927963257, -0.32879552245140076, 0.93873530626297),
            ["LowerTorso"] = CFrame.new(0.5575369000434875, -0.6757577657699585, -0.5405179262161255, 0.748301088809967, -0.28628963232040405, -0.5984010100364685, -0.018513884395360947, 0.8927121758460999, -0.4502468705177307, 0.6631008982658386, 0.3479989171028137, 0.6627171039581299),
            ["UpperTorso"] = CFrame.new(5.774199962615967e-08, 1.4901161193847656e-07, 0, 0.9968205690383911, -0.079610675573349, -0.0033042144495993853, 0.07642882317304611, 0.9436100721359253, 0.322115957736969, -0.022525900974869728, -0.32134440541267395, 0.9466944932937622),
            ["HumanoidRootPart"] = CFrame.new(0, 0, 0, 1, 0, 0, 0, 1, 0, 0, 0, 1),
            ["LeftUpperLeg"] = CFrame.new(-5.960464477539063e-08, 7.078051567077637e-08, 8.195638656616211e-08, 0.9880082011222839, 0.0028289540205150843, -0.15437546372413635, -0.025109346956014633, 0.9894661903381348, -0.14257045090198517, 0.15234623849391937, 0.144737109541893, 0.97767174243927),
            ["LeftUpperArm"] = CFrame.new(1.1920928955078125e-07, -1.1920928955078125e-07, 8.940696716308594e-08, 0.612942099571228, 0.4214863181114197, -0.668319582939148, -0.7901252508163452, 0.3247997462749481, -0.519814670085907, -0.002024807734414935, 0.8466726541519165, 0.5321106314659119),
            ["RightLowerArm"] = CFrame.new(5.960464477539063e-08, -4.172325134277344e-07, 9.685754776000977e-08, 1, -7.078050856534901e-08, 2.3841846541472478e-07, 1.043081283569336e-07, -0.18495003879070282, -0.9827479124069214, 7.450580596923828e-08, 0.9827479124069214, -0.18495014309883118),
            ["LeftHand"] = CFrame.new(3.3527612686157227e-08, 5.960464477539063e-08, 1.1920928955078125e-07, 0.9453352689743042, -0.22590512037277222, -0.23517727851867676, 0.3195253312587738, 0.7857628464698792, 0.529603898525238, 0.06515326350927353, -0.5757982730865479, 0.8149916529655457),
            ["RightFoot"] = CFrame.new(8.009374141693115e-08, 3.5762786865234375e-07, -5.75528247281909e-09, 0.9804615378379822, -0.091297946870327, -0.17424069344997406, -0.11574394255876541, 0.4484558403491974, -0.8862790465354919, 0.15905480086803436, 0.8891299366950989, 0.4291267395019531),
            ["RightHand"] = CFrame.new(-2.1606683731079102e-07, 1.1920928955078125e-07, 1.1920928955078125e-07, 0.8293288350105286, 0.017279887571930885, 0.5584940314292908, -0.4165380597114563, 0.6853424310684204, 0.5973289608955383, -0.37243762612342834, -0.7280158996582031, 0.5755714178085327),
            ["RightLowerLeg"] = CFrame.new(-3.725290298461914e-08, -0.00012242794036865234, -0.00007743963942630216, 1, -2.048908953611317e-07, -1.86264600188224e-07, 1.4901166878189542e-07, -0.226461261510849, 0.9740201830863953, -1.713634105726669e-07, -0.9740201830863953, -0.2264612466096878),
            ["RightUpperLeg"] = CFrame.new(-5.960464477539063e-08, 2.0116567611694336e-07, 5.790934665128589e-08, 0.9964583516120911, 0.06412042677402496, -0.054400160908699036, -0.07293254882097244, 0.9810339212417603, -0.17959240078926086, 0.041853029280900955, 0.1829236000776291, 0.9822357892990112),
            ["LeftLowerLeg"] = CFrame.new(3.725290298461914e-08, 0.00012254714965820312, 0.00007751584053039551, 1, 3.725289587919178e-08, 1.341104507446289e-07, -9.685753354915505e-08, -0.17382529377937317, 0.984776496887207, 2.0116564769523393e-07, -0.984776496887207, -0.17382536828517914),
        }},
        {Time = 0.240, Data = {
            ["LeftFoot"] = CFrame.new(8.381903171539307e-08, -1.1920928955078125e-07, -2.2351741790771484e-08, 0.9977937936782837, -0.05431400611996651, 0.038176678121089935, 0.05747436732053757, 0.4188741147518158, -0.9062235951423645, 0.033229272812604904, 0.9064185619354248, 0.4210718274116516),
            ["LeftLowerArm"] = CFrame.new(2.9802322387695312e-08, -5.960464477539063e-08, 2.5797635316848755e-07, 1, -1.0989604959377175e-07, 3.725289587919178e-08, 1.1920927533992653e-07, 0.0737769827246666, -0.9972748160362244, 6.28642649047606e-09, 0.9972748160362244, 0.07377684861421585),
            ["RightUpperArm"] = CFrame.new(-1.1920928955078125e-07, 0, -1.4901161193847656e-07, 0.9324445724487305, -0.042905136942863464, 0.3587564527988434, 0.28440728783607483, 0.6995561122894287, -0.6555410027503967, -0.22284452617168427, 0.7132884860038757, 0.6644997596740723),
            ["Head"] = CFrame.new(-2.9802322387695312e-08, 3.5762786865234375e-07, -7.450580596923828e-08, 0.9945066571235657, 0.030596572905778885, -0.10010227560997009, 0.0046698786318302155, 0.9424040913581848, 0.3344440162181854, 0.10456954687833786, -0.33307427167892456, 0.9370841383934021),
            ["LowerTorso"] = CFrame.new(0.6142076849937439, -0.6069270372390747, -0.5957532525062561, 0.7483381032943726, -0.3127174377441406, -0.584976851940155, -0.01956167258322239, 0.871107816696167, -0.4907020926475525, 0.6630290150642395, 0.37865421175956726, 0.6457659006118774),
            ["UpperTorso"] = CFrame.new(-4.842877388000488e-08, 1.1920928955078125e-07, 0, 0.9969042539596558, -0.0785953477025032, -0.0021502471063286066, 0.07536103576421738, 0.9473675489425659, 0.31115204095840454, -0.02241799235343933, -0.31035083532333374, 0.9503576755523682),
            ["HumanoidRootPart"] = CFrame.new(0, 0, 0, 1, 0, 0, 0, 1, 0, 0, 0, 1),
            ["LeftUpperLeg"] = CFrame.new(-1.1920928955078125e-07, 1.043081283569336e-07, -4.470348358154297e-08, 0.9913234114646912, 0.01949608512222767, -0.12999162077903748, -0.013852283358573914, 0.998927652835846, 0.044179756194353104, 0.13071347773075104, -0.041995733976364136, 0.9905304312705994),
            ["LeftUpperArm"] = CFrame.new(-1.1920928955078125e-07, -1.1920928955078125e-07, -2.9802322387695312e-08, 0.6574407815933228, 0.45095300674438477, -0.6036663055419922, -0.7526217103004456, 0.4318055212497711, -0.49709615111351013, 0.036499351263046265, 0.7811437249183655, 0.6232836246490479),
            ["RightLowerArm"] = CFrame.new(-6.556510925292969e-07, 0, 8.940696716308594e-08, 1, -8.940695295223122e-08, 1.639127589214695e-07, 1.788139627478813e-07, -0.23801618814468384, -0.9712612628936768, 8.568168397005138e-08, 0.9712612628936768, -0.23801615834236145),
            ["LeftHand"] = CFrame.new(-6.542541086673737e-08, 1.1920928955078125e-07, -2.6126508601009846e-07, 0.961939811706543, -0.16368360817432404, -0.21881388127803802, 0.2616599202156067, 0.7825838327407837, 0.5648863911628723, 0.07877771556377411, -0.6006416082382202, 0.7956280708312988),
            ["RightFoot"] = CFrame.new(-1.862645149230957e-09, 2.980232238769531e-07, -3.55576048605144e-08, 0.9799554944038391, -0.10246390849351883, -0.17084689438343048, -0.11085332185029984, 0.43209654092788696, -0.8949881792068481, 0.16552619636058807, 0.8959875106811523, 0.41207727789878845),
            ["RightHand"] = CFrame.new(1.1175870895385742e-07, 1.1920928955078125e-07, 1.825392246246338e-07, 0.8521116971969604, 0.006528913043439388, 0.5233197212219238, -0.37720438838005066, 0.7008169293403625, 0.6054520606994629, -0.362798273563385, -0.7133113741874695, 0.5996368527412415),
            ["RightLowerLeg"] = CFrame.new(5.960464477539063e-08, -0.00012248754501342773, -0.00007755884871585295, 1, -1.6763800658736727e-07, -1.415611023958263e-07, 1.4156101713069802e-07, -0.06418389827013016, 0.9979382157325745, -5.960463766996327e-08, -0.9979381561279297, -0.06418366730213165),
            ["RightUpperLeg"] = CFrame.new(-2.086162567138672e-07, 4.470348358154297e-08, 8.77116690389812e-08, 0.9964483380317688, 0.07206754386425018, -0.043555114418268204, -0.07161085307598114, 0.9973610043525696, 0.011951876804232597, 0.04430157691240311, -0.00879043061286211, 0.9989796280860901),
            ["LeftLowerLeg"] = CFrame.new(5.960464477539063e-08, 0.0001226663589477539, 0.00007742643356323242, 1, -1.1175870895385742e-07, 1.2665985593685036e-07, -1.266598843585598e-07, -0.01693175733089447, 0.99985671043396, 1.564622067462551e-07, -0.99985671043396, -0.016931859776377678),
        }},
        {Time = 0.280, Data = {
            ["LeftFoot"] = CFrame.new(3.5390257835388184e-08, 0, -4.307366907596588e-08, 0.9993342757225037, -0.03636690974235535, -0.0029137018136680126, 0.015722930431365967, 0.5013618469238281, -0.865094780921936, 0.0329216904938221, 0.8644731044769287, 0.5016000270843506),
            ["LeftLowerArm"] = CFrame.new(2.384185791015625e-07, -5.960464477539063e-08, -1.1548399925231934e-07, 1, -6.146728992462158e-08, 1.043081283569336e-07, 1.4901162614933128e-07, 0.0261215977370739, -0.9996588230133057, -9.31322685637781e-10, 0.9996588230133057, 0.0261215977370739),
            ["RightUpperArm"] = CFrame.new(2.384185791015625e-07, 2.384185791015625e-07, -2.9802322387695312e-08, 0.9352651238441467, -0.06961973756551743, 0.3470337688922882, 0.29013723134994507, 0.7123767137527466, -0.6390146017074585, -0.20273064076900482, 0.6983354687690735, 0.6864604949951172),
            ["Head"] = CFrame.new(4.470348358154297e-08, 3.5762786865234375e-07, 2.9802322387695312e-08, 0.9922438263893127, 0.04117412865161896, -0.1172899603843689, 0.0003045089542865753, 0.9427425861358643, 0.3335212469100952, 0.1243068277835846, -0.3309701085090637, 0.935417890548706),
            ["LowerTorso"] = CFrame.new(0.6515204906463623, -0.48410046100616455, -0.6253600716590881, 0.7597300410270691, -0.3182907998561859, -0.567010760307312, -0.010757978074252605, 0.8657321333885193, -0.5003920793533325, 0.6501496434211731, 0.38626283407211304, 0.6542984843254089),
            ["UpperTorso"] = CFrame.new(6.705522537231445e-08, -1.1920928955078125e-07, 1.1920928955078125e-07, 0.9969749450683594, -0.07756268233060837, -0.0050135222263634205, 0.07547906786203384, 0.9507642388343811, 0.30058348178863525, -0.018547547981142998, -0.30005255341529846, 0.9537424445152283),
            ["HumanoidRootPart"] = CFrame.new(0, 0, 0, 1, 0, 0, 0, 1, 0, 0, 0, 1),
            ["LeftUpperLeg"] = CFrame.new(5.960464477539063e-08, 4.470348358154297e-08, 1.7881393432617188e-07, 0.9923263192176819, 0.053065139800310135, -0.11168133467435837, -0.033669061958789825, 0.9850597977638245, 0.16888926923274994, 0.11897474527359009, -0.16383327543735504, 0.9792873859405518),
            ["LeftUpperArm"] = CFrame.new(0, 1.1920928955078125e-07, 0, 0.6637109518051147, 0.46122968196868896, -0.5888591408729553, -0.7460253834724426, 0.4651959240436554, -0.47648587822914124, 0.054165758192539215, 0.7555527091026306, 0.6528447270393372),
            ["RightLowerArm"] = CFrame.new(1.7881393432617188e-07, 2.384185791015625e-07, -2.086162567138672e-07, 1, -6.705522537231445e-08, 8.940698847936801e-08, 1.4901162970204496e-08, -0.2696440517902374, -0.9629601240158081, 8.940698137394065e-08, 0.9629600644111633, -0.2696440517902374),
            ["LeftHand"] = CFrame.new(3.03611159324646e-07, 2.980232238769531e-07, 1.7415732145309448e-07, 0.9658239483833313, -0.15062743425369263, -0.21094004809856415, 0.24616184830665588, 0.787885844707489, 0.5644824504852295, 0.08117031306028366, -0.5971158146858215, 0.7980375289916992),
            ["RightFoot"] = CFrame.new(-7.962808012962341e-08, 2.980232238769531e-07, 9.168434189632535e-08, 0.9819725155830383, -0.09924914687871933, -0.16087153553962708, -0.08932114392518997, 0.5064126253128052, -0.8576525449752808, 0.16658854484558105, 0.8565605282783508, 0.48841843008995056),
            ["RightHand"] = CFrame.new(8.940696716308594e-08, -2.384185791015625e-07, -4.842877388000488e-08, 0.8558933734893799, 0.01339973509311676, 0.5169786810874939, -0.3772781491279602, 0.6998976469039917, 0.6064687371253967, -0.35370582342147827, -0.7141175270080566, 0.6040933132171631),
            ["RightLowerLeg"] = CFrame.new(1.4901161193847656e-08, -0.00012248754501342773, -0.00007761845336062834, 1, -1.5646213569198153e-07, -1.3411049337719305e-07, 1.7136335372924805e-07, 0.1806432008743286, 0.983548641204834, -1.1548399925231934e-07, -0.9835487604141235, 0.18064355850219727),
            ["RightUpperLeg"] = CFrame.new(1.1920928955078125e-07, -2.2351741790771484e-08, 1.920197973959148e-07, 0.9960818886756897, 0.07265936583280563, -0.05041267350316048, -0.06339459121227264, 0.9841172099113464, 0.16581447422504425, 0.06165972352027893, -0.16196906566619873, 0.9848675727844238),
            ["LeftLowerLeg"] = CFrame.new(4.470348358154297e-08, 0.00012296438217163086, 0.00007736682891845703, 1, -3.3527619791584584e-08, 1.2665987014770508e-07, -1.1175872316471214e-07, 0.19474540650844574, 0.9808539152145386, 1.4528633585086936e-07, -0.9808539152145386, 0.19474530220031738),
        }},
        {Time = 0.320, Data = {
            ["LeftFoot"] = CFrame.new(9.499490261077881e-08, -5.960464477539063e-08, 1.1175870895385742e-08, 0.9960235357284546, -0.08859401196241379, 0.009396974928677082, 0.06950312107801437, 0.706714928150177, -0.7040765285491943, 0.05573608726263046, 0.7019296884536743, 0.7100620269775391),
            ["LeftLowerArm"] = CFrame.new(5.960464477539063e-08, 1.1920928955078125e-07, -6.332993507385254e-08, 1, -9.685754776000977e-08, 1.1175872316471214e-07, 8.940698137394065e-08, 0.06532453000545502, -0.9978640675544739, 1.1269004573932762e-07, 0.9978641271591187, 0.06532451510429382),
            ["RightUpperArm"] = CFrame.new(0, -1.1920928955078125e-07, 1.043081283569336e-07, 0.9411309957504272, -0.1275261491537094, 0.3130647540092468, 0.30756935477256775, 0.707303524017334, -0.6364926695823669, -0.1402626782655716, 0.6953120231628418, 0.7048884034156799),
            ["Head"] = CFrame.new(1.4901161193847656e-08, -1.1920928955078125e-07, -1.6391277313232422e-07, 0.9895077347755432, 0.052100539207458496, -0.13475945591926575, -0.0073316628113389015, 0.9496234059333801, 0.31330764293670654, 0.14429418742656708, -0.3090323507785797, 0.9400416612625122),
            ["LowerTorso"] = CFrame.new(0.6584152579307556, -0.33601367473602295, -0.6243671178817749, 0.7749804258346558, -0.28752952814102173, -0.5627897381782532, -0.009050938300788403, 0.8853698372840881, -0.46479931473731995, 0.631920576095581, 0.3653041124343872, 0.6835417747497559),
            ["UpperTorso"] = CFrame.new(-1.1175870895385742e-08, -1.1920928955078125e-07, 2.9802322387695312e-08, 0.9965649843215942, -0.08255032449960709, -0.0066172052174806595, 0.08111294358968735, 0.9568434357643127, 0.2790544629096985, -0.016704339534044266, -0.27863261103630066, 0.9602525234222412),
            ["HumanoidRootPart"] = CFrame.new(0, 0, 0, 1, 0, 0, 0, 1, 0, 0, 0, 1),
            ["LeftUpperLeg"] = CFrame.new(-5.960464477539063e-08, -5.21540641784668e-08, 0, 0.9879214763641357, 0.04765070974826813, -0.14744733273983002, -0.024862857535481453, 0.9879605770111084, 0.1526954472064972, 0.15294799208641052, -0.14718520641326904, 0.9772120714187622),
            ["LeftUpperArm"] = CFrame.new(0, -2.384185791015625e-07, -5.960464477539063e-08, 0.634522557258606, 0.46184539794921875, -0.619741678237915, -0.771429181098938, 0.42795100808143616, -0.4709087312221527, 0.0477316789329052, 0.7768891453742981, 0.6278257369995117),
            ["RightLowerArm"] = CFrame.new(4.172325134277344e-07, 0, 1.9371509552001953e-07, 1, -1.2665985593685036e-07, 7.450579175838357e-08, 7.450581307466564e-08, -0.27248501777648926, -0.962160050868988, 9.685756197086448e-08, 0.9621599912643433, -0.2724851071834564),
            ["LeftHand"] = CFrame.new(5.045440047979355e-07, -2.980232238769531e-07, -1.823646016418934e-07, 0.9610334634780884, -0.1568060666322708, -0.22765466570854187, 0.26131945848464966, 0.7839158773422241, 0.5631945133209229, 0.09014952927827835, -0.6007394790649414, 0.7943457961082458),
            ["RightFoot"] = CFrame.new(-4.6566128730773926e-08, 2.384185791015625e-07, 3.242894308641553e-08, 0.9774320125579834, -0.05851112678647041, -0.20298606157302856, -0.10716167092323303, 0.6907384991645813, -0.7151196002960205, 0.18205279111862183, 0.7207334637641907, 0.66888028383255),
            ["RightHand"] = CFrame.new(3.725290298461914e-08, -1.7881393432617188e-07, -5.960464477539063e-08, 0.8487300276756287, 0.01386064663529396, 0.5286450982093811, -0.3877180218696594, 0.6961248517036438, 0.60422283411026, -0.35962796211242676, -0.7177870273590088, 0.5961955785751343),
