return {
    ["Violent"] = {
        {Time = 0.000, Data = {
            ["RightFoot"] = CFrame.new(2.1886080503463745e-08, 5.960464477539063e-08, -2.6244379114359617e-08, 0.9805803894996643, -0.18566861748695374, 0.06316056102514267, 0.17922452092170715, 0.9791337251663208, 0.09579052776098251, -0.07962848246097565, -0.0826098695397377, 0.9933956861495972),
            ["LeftLowerArm"] = CFrame.new(-8.940696716308594e-08, 5.960464477539063e-08, 2.980232238769531e-07, 1, 2.2351736461700966e-08, 1.0430811414607888e-07, -4.4703490686970326e-08, -0.1959427148103714, -0.9806153774261475, 2.0861628513557662e-07, 0.9806153774261475, -0.1959427148103714),
            ["RightUpperArm"] = CFrame.new(0, -0.06523752212524414, 9.12696123123169e-08, 0.9709500670433044, -0.23334437608718872, -0.052977368235588074, 0.2126125991344452, 0.7397425174713135, 0.6384173035621643, -0.10978154093027115, -0.6311350464820862, 0.7678651213645935),
            ["Head"] = CFrame.new(-1.1641532182693481e-09, -1.1920928955078125e-07, 3.725290298461914e-08, 0.9943481683731079, -0.01698366552591324, -0.10480223596096039, 0.006149446591734886, 0.994678258895874, -0.10284676402807236, 0.10599111020565033, 0.10162105411291122, 0.9891607761383057),
            ["LowerTorso"] = CFrame.new(0.0356094166636467, -0.21689414978027344, 0.3534819185733795, 0.9690925478935242, 0.08190368860960007, 0.23270466923713684, -0.10629595071077347, 0.9898554086685181, 0.09427335858345032, -0.2226227968931198, -0.11609527468681335, 0.9679675102233887),
            ["UpperTorso"] = CFrame.new(-4.470348358154297e-08, -1.4901161193847656e-07, 7.450580596923828e-09, 0.9673061370849609, -0.05799005925655365, -0.2468929886817932, 0.047930434346199036, 0.9977646470069885, -0.04656657576560974, 0.2490415871143341, 0.03321051225066185, 0.9679232239723206),
            ["HumanoidRootPart"] = CFrame.new(0, 0, 0, 1, 0, 0, 0, 1, 0, 0, 0, 1),
            ["RightUpperLeg"] = CFrame.new(-0.000025480985641479492, -0.0001260116696357727, -0.004997508600354195, 0.9069606065750122, -0.28545141220092773, -0.3097415864467621, -0.08374297618865967, 0.5984760522842407, -0.7967520952224731, 0.4128069281578064, 0.7485612630844116, 0.5188895463943481),
            ["LeftUpperArm"] = CFrame.new(0, -0.06523776054382324, 5.587935447692871e-08, 0.7731600999832153, -0.31061479449272156, -0.5529395937919617, -0.3478146195411682, 0.5213771462440491, -0.7792244553565979, 0.5303288102149963, 0.7947856783866882, 0.2950715720653534),
            ["RightLowerArm"] = CFrame.new(-1.7881393432617188e-07, 4.76837158203125e-07, 3.3527612686157227e-07, 1, -4.470351910867976e-08, -7.07805440924858e-08, 1.5646212148112681e-07, 0.42637965083122253, -0.9045442938804626, 9.685750512744562e-08, 0.9045444130897522, 0.42637965083122253),
            ["LeftHand"] = CFrame.new(8.940696716308594e-08, 3.5762786865234375e-07, 8.940696716308594e-08, 0.894569993019104, 0.4371654689311981, 0.0929034873843193, -0.42276936769485474, 0.895147442817688, -0.14134053885936737, -0.14495109021663666, 0.08716264367103577, 0.9855921268463135),
            ["LeftFoot"] = CFrame.new(2.2351741790771484e-08, -1.1920928955078125e-07, -4.470348358154297e-08, 0.9695948362350464, -0.1517467051744461, 0.1919862926006317, 0.21918511390686035, 0.8874058127403259, -0.40554773807525635, -0.10882934927940369, 0.4352976679801941, 0.8936847448348999),
            ["RightHand"] = CFrame.new(1.0803341865539551e-07, 2.384185791015625e-07, -4.470348358154297e-08, 0.950432300567627, -0.1624780297279358, 0.26510336995124817, 0.194575697183609, 0.975826621055603, -0.09951159358024597, -0.2425260692834854, 0.1461615115404129, 0.9590712785720825),
            ["RightLowerLeg"] = CFrame.new(-4.470348358154297e-08, -1.1920928955078125e-07, 4.639878170564771e-08, 1, -1.4156093186556973e-07, 1.6391273049976007e-07, 4.2468315086807706e-07, 0.36127179861068726, 0.9324604272842407, -2.980232594040899e-08, -0.9324605464935303, 0.36127227544784546),
            ["LeftUpperLeg"] = CFrame.new(0.0000254213809967041, 0.00012537464499473572, 0.004997432231903076, 0.9986174702644348, 0.03366077318787575, -0.040373917669057846, -0.04807986691594124, 0.8953734040260315, -0.44271302223205566, 0.02124810591340065, 0.4440421462059021, 0.8957539796829224),
            ["LeftLowerLeg"] = CFrame.new(9.313225746154785e-08, -1.1920928955078125e-07, -5.21540641784668e-08, 1, 7.450579886381092e-08, 0, -7.078052277620372e-08, 0.6865264177322388, 0.7271048426628113, 4.842878098543224e-08, -0.7271049618721008, 0.6865264177322388),
        }},
        {Time = 0.037, Data = {
            ["RightFoot"] = CFrame.new(1.955777406692505e-08, 2.384185791015625e-07, -9.946234058588743e-09, 0.9863482713699341, -0.16020503640174866, 0.038096971809864044, 0.15839332342147827, 0.9862756729125977, 0.04660491272807121, -0.04504106938838959, -0.03993469849228859, 0.9981866478919983),
            ["LeftLowerArm"] = CFrame.new(-1.4901161193847656e-07, -3.5762786865234375e-07, -3.725290298461914e-07, 1, -4.172326271145721e-07, -1.4901159417490817e-08, 1.4901149825163884e-07, -0.18738502264022827, -0.9822866320610046, -1.1920920428565296e-07, 0.9822865724563599, -0.18738466501235962),
            ["RightUpperArm"] = CFrame.new(-2.384185791015625e-07, -0.0652381181716919, 2.7939677238464355e-08, 0.9691094756126404, -0.2446126639842987, -0.031483735889196396, 0.21484392881393433, 0.7746083736419678, 0.594831109046936, -0.121116042137146, -0.5832207798957825, 0.8032339215278625),
            ["Head"] = CFrame.new(-1.862645149230957e-09, 0, 3.818422555923462e-08, 0.9944331645965576, -0.04636477679014206, -0.09462100267410278, 0.030626924708485603, 0.9864033460617065, -0.16146379709243774, 0.10082076489925385, 0.15766705572605133, 0.9823321104049683),
            ["LowerTorso"] = CFrame.new(0.035162393003702164, -0.20337963104248047, 0.3720410168170929, 0.9655381441116333, 0.1184019148349762, 0.23176957666873932, -0.1469995379447937, 0.9829754829406738, 0.1102282926440239, -0.21477271616458893, -0.1404997855424881, 0.9665053486824036),
            ["UpperTorso"] = CFrame.new(-7.450580596923828e-09, 0, 2.7939677238464355e-08, 0.9648765325546265, -0.0548299178481102, -0.2569181025028229, 0.05227212607860565, 0.9984918832778931, -0.016779590398073196, 0.25745072960853577, 0.0027607614174485207, 0.9662875533103943),
            ["HumanoidRootPart"] = CFrame.new(0, 0, 0, 1, 0, 0, 0, 1, 0, 0, 0, 1),
            ["RightUpperLeg"] = CFrame.new(-0.000025480985641479492, -0.0001253858208656311, -0.004997441545128822, 0.9270807504653931, -0.28631484508514404, -0.24196040630340576, -0.04023657366633415, 0.5657333135604858, -0.8236062526702881, 0.3726958632469177, 0.7732850313186646, 0.5129601359367371),
            ["LeftUpperArm"] = CFrame.new(5.960464477539063e-08, -0.06523787975311279, 5.4016709327697754e-08, 0.7370662093162537, -0.35842394828796387, -0.5729445815086365, -0.41207966208457947, 0.43359091877937317, -0.8013674020767212, 0.5356525778770447, 0.826759397983551, 0.1718861609697342),
            ["RightLowerArm"] = CFrame.new(1.7881393432617188e-07, 5.960464477539062e-07, 6.817281246185303e-07, 1, -4.4330943183013005e-07, 2.570450590155815e-07, -2.533197687171196e-07, 0.3621642291545868, -0.93211430311203, -2.4586918812019576e-07, 0.9321142435073853, 0.36216437816619873),
            ["LeftHand"] = CFrame.new(0, 4.172325134277344e-07, 1.341104507446289e-07, 0.8884932994842529, 0.45128050446510315, 0.0832204669713974, -0.4364205598831177, 0.8870300650596619, -0.15071436762809753, -0.14183399081230164, 0.09758888185024261, 0.9850683808326721),
            ["LeftFoot"] = CFrame.new(1.4901161193847656e-08, 0, -3.725290298461914e-08, 0.9609971642494202, -0.20659224689006805, 0.18385852873325348, 0.2604171633720398, 0.8997757434844971, -0.35012364387512207, -0.09309867769479752, 0.3843478858470917, 0.91848224401474),
            ["RightHand"] = CFrame.new(3.725290298461914e-09, -2.980232238769531e-07, 2.9802322387695312e-08, 0.9527362585067749, -0.1648516058921814, 0.2551814019680023, 0.1937929093837738, 0.9766630530357361, -0.09259562194347382, -0.23396137356758118, 0.13767120242118835, 0.9624492526054382),
            ["RightLowerLeg"] = CFrame.new(6.705522537231445e-08, -5.960464477539063e-08, -2.0656443666666746e-08, 1, -1.3038506097018399e-07, 1.6763806343078613e-07, 3.8370481547644886e-07, 0.3589915633201599, 0.9333407282829285, -1.4901157641133977e-08, -0.9333407878875732, 0.358991801738739),
            ["LeftUpperLeg"] = CFrame.new(0.000025570392608642578, 0.00012570247054100037, 0.004997536540031433, 0.9967638850212097, 0.03949721157550812, -0.07001300156116486, -0.06164315715432167, 0.9345853328704834, -0.3503573536872864, 0.051595333963632584, 0.35353949666023254, 0.9339957237243652),
            ["LeftLowerLeg"] = CFrame.new(7.450580596923828e-09, 1.7881393432617188e-07, -4.284083843231201e-08, 1, 7.450579886381092e-08, 2.980232949312267e-08, -5.21540641784668e-08, 0.7849349975585938, 0.6195778846740723, 1.4901161193847656e-08, -0.6195780634880066, 0.7849351763725281),
        }},
        {Time = 0.074, Data = {
            ["RightFoot"] = CFrame.new(-4.9476511776447296e-08, 4.172325134277344e-07, 2.6841007638722658e-08, 0.9886236786842346, -0.14765772223472595, 0.028643976897001266, 0.148026242852211, 0.9889201521873474, -0.011191216297447681, -0.026674820110201836, 0.015303656458854675, 0.999527096748352),
            ["LeftLowerArm"] = CFrame.new(4.172325134277344e-07, 1.1920928955078125e-07, 1.4901161193847656e-07, 1, -1.0803344707710494e-07, 2.682209014892578e-07, -1.043081283569336e-07, -0.1638471782207489, -0.9864858388900757, 1.043081283569336e-07, 0.9864858388900757, -0.16384688019752502),
            ["RightUpperArm"] = CFrame.new(0, -0.06523740291595459, 4.842877388000488e-08, 0.965387225151062, -0.2599557340145111, -0.02123170718550682, 0.2287825047969818, 0.8049019575119019, 0.5475320219993591, -0.1252443790435791, -0.5334379076957703, 0.8365154266357422),
            ["Head"] = CFrame.new(1.280568540096283e-09, 3.5762786865234375e-07, 8.288770914077759e-08, 0.9944881200790405, -0.06337995082139969, -0.0835251733660698, 0.043688755482435226, 0.9746560454368591, -0.21940147876739502, 0.09531392902135849, 0.2145431488752365, 0.9720527529716492),
            ["LowerTorso"] = CFrame.new(0.034297652542591095, -0.1948094367980957, 0.3918863534927368, 0.9587661623954773, 0.16764700412750244, 0.22948189079761505, -0.19934828579425812, 0.9722275137901306, 0.12261282652616501, -0.20255301892757416, -0.163303941488266, 0.9655590057373047),
            ["UpperTorso"] = CFrame.new(1.1175870895385742e-07, -2.9802322387695312e-08, 1.1175870895385742e-08, 0.9608916640281677, -0.07590392976999283, -0.2663190960884094, 0.08220616728067398, 0.9965359568595886, 0.01257979217916727, 0.2644417881965637, -0.03398071601986885, 0.9638029336929321),
            ["HumanoidRootPart"] = CFrame.new(0, 0, 0, 1, 0, 0, 0, 1, 0, 0, 0, 1),
            ["RightUpperLeg"] = CFrame.new(-0.000025451183319091797, -0.00012541934847831726, -0.004997493699193001, 0.9368415474891663, -0.30431634187698364, -0.17239336669445038, 0.01265711709856987, 0.5220749378204346, -0.8528059124946594, 0.3495250642299652, 0.7967618703842163, 0.4929530620574951),
            ["LeftUpperArm"] = CFrame.new(5.960464477539063e-08, -0.06523740291595459, 1.2293457984924316e-07, 0.6905202865600586, -0.3846766948699951, -0.6125403642654419, -0.501948893070221, 0.354900985956192, -0.7887284159660339, 0.5207966566085815, 0.8520969748497009, 0.05197841301560402),
            ["RightLowerArm"] = CFrame.new(1.1920928955078125e-07, 1.1920928955078125e-07, 4.2084138840436935e-07, 1, -2.9057278538857645e-07, -5.5879347371501353e-08, 1.5646214990283625e-07, 0.29151076078414917, -0.9565675258636475, -1.678126437809624e-07, 0.956567645072937, 0.2915107309818268),
            ["LeftHand"] = CFrame.new(0, 4.76837158203125e-07, 1.4901161193847656e-08, 0.8821507096290588, 0.4663492441177368, 0.06579098105430603, -0.4517399072647095, 0.877347469329834, -0.16184233129024506, -0.13319672644138336, 0.11304856836795807, 0.9846210479736328),
            ["LeftFoot"] = CFrame.new(-7.450580596923828e-09, -1.7881393432617188e-07, -7.450580596923828e-08, 0.9495644569396973, -0.2721617817878723, 0.15574106574058533, 0.3040480315685272, 0.9206123352050781, -0.2450057566165924, -0.07669612020254135, 0.2800016403198242, 0.956930935382843),
            ["RightHand"] = CFrame.new(-1.993030309677124e-07, 1.7881393432617188e-07, -7.450580596923828e-08, 0.9535836577415466, -0.1711040884256363, 0.24779389798641205, 0.19658157229423523, 0.9770669341087341, -0.08182956278324127, -0.2281096875667572, 0.12674300372600555, 0.9653508067131042),
            ["RightLowerLeg"] = CFrame.new(-1.1175870895385742e-08, -1.7881393432617188e-07, -5.790934665128589e-08, 1, -1.9371495341147238e-07, 2.0861619987044833e-07, 4.041939973831177e-07, 0.33979302644729614, 0.9405003786087036, 6.705522537231445e-08, -0.9405002593994141, 0.33979281783103943),
            ["LeftUpperLeg"] = CFrame.new(0.000025540590286254883, 0.00012570619583129883, 0.0049974992871284485, 0.9942228198051453, 0.048027072101831436, -0.09599228948354721, -0.06923419237136841, 0.9703461527824402, -0.23159261047840118, 0.08202320337295532, 0.23690079152584076, 0.9680653810501099),
            ["LeftLowerLeg"] = CFrame.new(1.862645149230957e-08, 0, 4.0978193283081055e-08, 1, 1.862644971595273e-08, -7.450581485102248e-09, -4.1443851017675115e-08, 0.8815904855728149, 0.4720149636268616, 1.862644971595273e-08, -0.4720151424407959, 0.8815906047821045),
        }},
        {Time = 0.111, Data = {
            ["RightFoot"] = CFrame.new(1.6298145055770874e-08, 2.384185791015625e-07, -2.6244379114359617e-08, 0.9892606139183044, -0.1423201858997345, 0.03329452499747276, 0.14448118209838867, 0.9866246581077576, -0.07547786086797714, -0.022108130156993866, 0.07947774976491928, 0.9965915679931641),
            ["LeftLowerArm"] = CFrame.new(-3.2782554626464844e-07, 2.384185791015625e-07, 5.21540641784668e-08, 1, 1.6763801014008095e-08, 4.470347647611561e-08, 2.53319797138829e-07, -0.1283857375383377, -0.9917243123054504, 6.705523958316917e-08, 0.9917243719100952, -0.1283857673406601),
            ["RightUpperArm"] = CFrame.new(1.1920928955078125e-07, -0.06523764133453369, -8.195638656616211e-08, 0.9606209993362427, -0.2764686048030853, -0.02778879925608635, 0.2527831196784973, 0.8280166387557983, 0.5004891157150269, -0.11536012589931488, -0.4878048002719879, 0.8652967214584351),
            ["Head"] = CFrame.new(-3.480818122625351e-08, 2.384185791015625e-07, -4.6566128730773926e-08, 0.994222104549408, -0.07857900857925415, -0.07312864065170288, 0.05594740808010101, 0.9607483148574829, -0.27172163128852844, 0.0916099101305008, 0.2660601735115051, 0.9595935344696045),
            ["LowerTorso"] = CFrame.new(0.032531507313251495, -0.18909621238708496, 0.40768909454345703, 0.9487127065658569, 0.22107167541980743, 0.22599008679389954, -0.25320175290107727, 0.9593749642372131, 0.12445300817489624, -0.1892963945865631, -0.17529137432575226, 0.9661469459533691),
            ["UpperTorso"] = CFrame.new(4.470348358154297e-08, -8.940696716308594e-08, -5.960464477539063e-08, 0.9552302956581116, -0.10389754921197891, -0.2770204246044159, 0.12049958854913712, 0.9917577505111694, 0.0435488261282444, 0.27021273970603943, -0.07497985661029816, 0.9598766565322876),
            ["HumanoidRootPart"] = CFrame.new(0, 0, 0, 1, 0, 0, 0, 1, 0, 0, 0, 1),
            ["RightUpperLeg"] = CFrame.new(-0.000025570392608642578, -0.0001257099211215973, -0.004997538402676582, 0.9373594522476196, -0.33061423897743225, -0.1097782552242279, 0.06857694685459137, 0.48408225178718567, -0.8723312020301819, 0.34154728055000305, 0.8101596832275391, 0.47643160820007324),
            ["LeftUpperArm"] = CFrame.new(-1.1920928955078125e-07, -0.06523764133453369, -9.499490261077881e-08, 0.6399404406547546, -0.39301079511642456, -0.6603172421455383, -0.5932453870773315, 0.29348695278167725, -0.7496170401573181, 0.48840174078941345, 0.8714401721954346, -0.045337576419115067),
            ["RightLowerArm"] = CFrame.new(5.960464477539063e-08, 1.1920928955078125e-07, 4.898756742477417e-07, 1, -6.33299421792799e-08, 1.4901155864777138e-08, 1.7881401959130017e-07, 0.23317162692546844, -0.9724355340003967, 1.2572860441650846e-07, 0.972435712814331, 0.23317185044288635),
            ["LeftHand"] = CFrame.new(-6.705522537231445e-08, -1.1920928955078125e-07, 5.960464477539063e-08, 0.8767151832580566, 0.4791135787963867, 0.0426691509783268, -0.4659571945667267, 0.867949366569519, -0.1718950867652893, -0.11939233541488647, 0.13082106411457062, 0.984190821647644),
            ["LeftFoot"] = CFrame.new(7.450580596923828e-08, -5.960464477539063e-08, 3.725290298461914e-08, 0.9384812712669373, -0.33331817388534546, 0.09028670191764832, 0.33901846408843994, 0.9390401244163513, -0.057187676429748535, -0.0657215565443039, 0.08427824825048447, 0.9942725896835327),
            ["RightHand"] = CFrame.new(7.636845111846924e-08, 3.5762786865234375e-07, -5.960464477539063e-08, 0.9530637860298157, -0.17938168346881866, 0.24390935897827148, 0.20145770907402039, 0.9770929217338562, -0.06858851760625839, -0.22601844370365143, 0.11450627446174622, 0.967369556427002),
            ["RightLowerLeg"] = CFrame.new(2.9802322387695312e-08, -1.7881393432617188e-07, 1.20904587674886e-07, 1, -8.940691031966708e-08, 2.533197118737007e-07, 4.675241029872268e-07, 0.31533050537109375, 0.9489819407463074, -7.450583261459087e-09, -0.9489820003509521, 0.31533053517341614),
            ["LeftUpperLeg"] = CFrame.new(0.000025510787963867188, 0.0001254156231880188, 0.004997454583644867, 0.9926199316978455, 0.0690474808216095, -0.09968999028205872, -0.07269126921892166, 0.996795654296875, -0.033384256064891815, 0.0970660001039505, 0.0403849296271801, 0.9944583773612976),
            ["LeftLowerLeg"] = CFrame.new(3.725290298461914e-08, -1.1920928955078125e-07, 2.2351741790771484e-08, 1, -1.862645326866641e-08, -7.450581485102248e-09, -4.6566133171666024e-09, 0.9815378189086914, 0.19126825034618378, -3.725290742551124e-09, -0.1912684291601181, 0.9815378785133362),
        }},
        {Time = 0.148, Data = {
            ["RightFoot"] = CFrame.new(-5.122274160385132e-09, 2.980232238769531e-07, 2.2184394765645266e-08, 0.989268958568573, -0.13897249102592468, 0.04509687423706055, 0.1442413628101349, 0.9781146049499512, -0.14995403587818146, -0.02327106148004532, 0.15484997630119324, 0.9876640439033508),
            ["LeftLowerArm"] = CFrame.new(2.086162567138672e-07, 0, 1.8440186977386475e-07, 1, 1.285224726643719e-07, -5.960465188081798e-08, 1.9371505288745539e-07, -0.0839700698852539, -0.9964683055877686, 3.2410017070105823e-07, 0.9964683651924133, -0.08397006243467331),
            ["RightUpperArm"] = CFrame.new(1.1920928955078125e-07, -0.06523871421813965, 1.862645149230957e-08, 0.9542492628097534, -0.2957807183265686, -0.04384245350956917, 0.28182095289230347, 0.8406642079353333, 0.4624507427215576, -0.09992729127407074, -0.4536490738391876, 0.8855603933334351),
            ["Head"] = CFrame.new(6.984919309616089e-08, -4.76837158203125e-07, -9.313225746154785e-10, 0.993668794631958, -0.09259796887636185, -0.06362345814704895, 0.06871060281991959, 0.9489198923110962, -0.3079450726509094, 0.08888861536979675, 0.30162373185157776, 0.9492744207382202),
            ["LowerTorso"] = CFrame.new(0.030582163482904434, -0.19129347801208496, 0.4141204357147217, 0.9380242228507996, 0.266353040933609, 0.22173601388931274, -0.2971813976764679, 0.9473496675491333, 0.11921330541372299, -0.17830882966518402, -0.17772090435028076, 0.9677919745445251),
            ["UpperTorso"] = CFrame.new(1.4528632164001465e-07, -3.8743019104003906e-07, -6.332993507385254e-08, 0.9492685198783875, -0.12807555496692657, -0.28720369935035706, 0.15285855531692505, 0.9860751032829285, 0.06549980491399765, 0.2748156189918518, -0.1060783639550209, 0.9556275010108948),
            ["HumanoidRootPart"] = CFrame.new(0, 0, 0, 1, 0, 0, 0, 1, 0, 0, 0, 1),
            ["RightUpperLeg"] = CFrame.new(-0.000025391578674316406, -0.00012576580047607422, -0.004997486248612404, 0.9328351616859436, -0.35514259338378906, -0.06076410412788391, 0.11605450510978699, 0.45582395792007446, -0.8824714422225952, 0.34110113978385925, 0.8161484003067017, 0.4664246439933777),
            ["LeftUpperArm"] = CFrame.new(-1.1920928955078125e-07, -0.0652385950088501, -1.30385160446167e-08, 0.5933584570884705, -0.3892807960510254, -0.7045469880104065, -0.6653645634651184, 0.2553956210613251, -0.7014721632003784, 0.45300760865211487, 0.8850048780441284, -0.10747244209051132),
            ["RightLowerArm"] = CFrame.new(2.384185791015625e-07, -5.960464477539063e-08, 2.123415470123291e-07, 1, -1.1175868053214799e-07, 2.458690175899392e-07, -8.195640788244418e-08, 0.16838987171649933, -0.9857205152511597, -3.72529100900465e-08, 0.9857205152511597, 0.16838957369327545),
            ["LeftHand"] = CFrame.new(8.940696716308594e-08, -2.384185791015625e-07, 5.960464477539063e-08, 0.8734105229377747, 0.48671114444732666, 0.016317948698997498, -0.4764433801174164, 0.860958993434906, -0.17818915843963623, -0.10077600181102753, 0.1478576958179474, 0.983860969543457),
            ["LeftFoot"] = CFrame.new(3.725290298461914e-09, 1.1920928955078125e-07, -5.21540641784668e-08, 0.9270555973052979, -0.3747119903564453, 0.012602124363183975, 0.37271201610565186, 0.9247114062309265, 0.07742615044116974, -0.0406661219894886, -0.06708164513111115, 0.9969184398651123),
            ["RightHand"] = CFrame.new(9.778887033462524e-08, 1.1920928955078125e-07, 6.332993507385254e-08, 0.9525478482246399, -0.18741874396800995, 0.2398470938205719, 0.20594480633735657, 0.9770487546920776, -0.05442972108721733, -0.22414129972457886, 0.1012420728802681, 0.9692837595939636),
            ["RightLowerLeg"] = CFrame.new(4.0978193283081055e-08, -2.384185791015625e-07, -6.535992724820971e-08, 1, -1.08033368917404e-07, 1.6391268786719593e-07, 4.5262294179337914e-07, 0.28401559591293335, 0.9588195085525513, -4.4703497792397684e-08, -0.9588196277618408, 0.284015953540802),
            ["LeftUpperLeg"] = CFrame.new(0.000025510787963867188, 0.0001256987452507019, 0.004997462034225464, 0.9909118413925171, 0.08951536566019058, -0.10040222108364105, -0.07746384292840958, 0.9899746775627136, 0.11810906231403351, 0.10996843874454498, -0.1092577576637268, 0.9879118204116821),
            ["LeftLowerLeg"] = CFrame.new(0, 1.1920928955078125e-07, 1.4901161193847656e-08, 1, -5.587935447692871e-08, -7.450581485102248e-09, -1.3038517820973539e-08, 0.9999861121177673, 0.005269136745482683, -3.725290742551124e-09, -0.005269072949886322, 0.9999861121177673),
        }},
        {Time = 0.185, Data = {
            ["RightFoot"] = CFrame.new(-1.30385160446167e-08, 3.5762786865234375e-07, -4.300818545743823e-08, 0.9892237186431885, -0.13489973545074463, 0.05690828710794449, 0.14445072412490845, 0.9626381993293762, -0.22904503345489502, -0.023884659633040428, 0.2347976267337799, 0.9717509746551514),
            ["LeftLowerArm"] = CFrame.new(-1.1920928955078125e-07, 2.384185791015625e-07, 4.461035132408142e-07, 1, 3.911551971214067e-08, -3.725290298461914e-07, 4.321338167301292e-07, -0.03355255350470543, -0.9994369745254517, 3.222377245037933e-07, 0.9994369745254517, -0.03355249762535095),
            ["RightUpperArm"] = CFrame.new(1.1920928955078125e-07, -0.06523787975311279, 9.685754776000977e-08, 0.9451544880867004, -0.3195006847381592, -0.06784037500619888, 0.316192626953125, 0.8429442644119263, 0.4352779686450958, -0.08188606798648834, -0.4328559637069702, 0.8977364301681519),
            ["Head"] = CFrame.new(6.51925802230835e-09, -1.1920928955078125e-07, -3.91155481338501e-08, 0.9924234747886658, -0.10870535671710968, -0.05726190656423569, 0.08433204144239426, 0.9416132569313049, -0.32596439123153687, 0.08935251832008362, 0.3186655044555664, 0.9436463117599487),
            ["LowerTorso"] = CFrame.new(0.028427613899111748, -0.2023909091949463, 0.4125034213066101, 0.9314393401145935, 0.2913951873779297, 0.21796709299087524, -0.3207884132862091, 0.9402931928634644, 0.1137695163488388, -0.1718011349439621, -0.17589080333709717, 0.969302237033844),
            ["UpperTorso"] = CFrame.new(-5.587935447692871e-08, -3.2782554626464844e-07, 1.1175870895385742e-08, 0.9464980959892273, -0.1355210840702057, -0.29287439584732056, 0.1634875386953354, 0.9838331341743469, 0.07310520857572556, 0.2782323360443115, -0.11707501858472824, 0.9533520936965942),
            ["HumanoidRootPart"] = CFrame.new(0, 0, 0, 1, 0, 0, 0, 1, 0, 0, 0, 1),
            ["RightUpperLeg"] = CFrame.new(-0.00002562999725341797, -0.00012589618563652039, -0.004997478798031807, 0.928864061832428, -0.36891233921051025, -0.033395230770111084, 0.1434367597103119, 0.44133853912353516, -0.885802686214447, 0.34152236580848694, 0.8179999589920044, 0.46285897493362427),
            ["LeftUpperArm"] = CFrame.new(0, -0.06523823738098145, -2.60770320892334e-08, 0.5594124794006348, -0.377288281917572, -0.7380458116531372, -0.7104821801185608, 0.2403627634048462, -0.6613930463790894, 0.4269341826438904, 0.8943597078323364, -0.1335948407649994),
            ["RightLowerArm"] = CFrame.new(5.960464477539063e-08, 3.5762786865234375e-07, -5.960464477539063e-08, 1, -2.3096805534805753e-07, 2.309680269263481e-07, -7.078050145992165e-08, 0.10811847448348999, -0.9941380620002747, 1.1175868230850483e-08, 0.9941380620002747, 0.10811831057071686),
            ["LeftHand"] = CFrame.new(-2.1338928490877151e-07, 1.1920928955078125e-07, 1.1455267667770386e-07, 0.8735750317573547, 0.48657312989234924, -0.010654586367309093, -0.4804534614086151, 0.8586812615394592, -0.17841245234012604, -0.0776611939072609, 0.1609758585691452, 0.9838981628417969),
            ["LeftFoot"] = CFrame.new(1.7881393432617188e-07, -5.960464477539063e-08, 1.4901161193847656e-08, 0.9176231622695923, -0.39220479130744934, -0.06436561793088913, 0.3972777724266052, 0.9099015593528748, 0.11937184631824493, 0.011748083867132664, -0.13510942459106445, 0.9907611012458801),
            ["RightHand"] = CFrame.new(-8.591450750827789e-08, -2.980232238769531e-07, 1.0989606380462646e-07, 0.9522477388381958, -0.19415220618247986, 0.23564627766609192, 0.20927688479423523, 0.9770083427429199, -0.04071887955069542, -0.22232294082641602, 0.08808933198451996, 0.9709855914115906),
            ["RightLowerLeg"] = CFrame.new(2.2351741790771484e-08, -1.7881393432617188e-07, 9.110226528719068e-08, 1, -8.940691031966708e-08, 2.2351726158831298e-07, 5.289912792250107e-07, 0.25405797362327576, 0.9671888947486877, -1.7136336794010276e-07, -0.9671889543533325, 0.25405848026275635),
            ["LeftUpperLeg"] = CFrame.new(0.000025391578674316406, 0.00012542307376861572, 0.004997484385967255, 0.9885841012001038, 0.10987664759159088, -0.10309546440839767, -0.09085766226053238, 0.9805740118026733, 0.17383840680122375, 0.12019366025924683, -0.16248680651187897, 0.9793628454208374),
            ["LeftLowerLeg"] = CFrame.new(-5.587935447692871e-09, -4.76837158203125e-07, -3.725290298461914e-08, 1, -6.053596024457875e-08, 3.725290298461914e-09, 1.3969836842875338e-08, 0.9999861717224121, 0.005253773182630539, -1.862644971595273e-08, -0.0052537801675498486, 0.9999862313270569),
        }},
        {Time = 0.222, Data = {
            ["RightFoot"] = CFrame.new(-3.91155481338501e-08, 3.5762786865234375e-07, -2.996966941282153e-08, 0.989138126373291, -0.12917454540729523, 0.07014180719852448, 0.1450028419494629, 0.9356969594955444, -0.32162925601005554, -0.024085471406579018, 0.328306645154953, 0.9442641735076904),
            ["LeftLowerArm"] = CFrame.new(2.980232238769531e-07, -1.1920928955078125e-07, -3.725290298461914e-09, 1, -6.521588034047454e-07, 8.940696716308594e-08, -1.490115231206346e-08, 0.02185027301311493, -0.9997613430023193, -2.523882756122475e-07, 0.9997613430023193, 0.02185005322098732),
            ["RightUpperArm"] = CFrame.new(-5.960464477539063e-08, -0.065238356590271, -5.21540641784668e-08, 0.9325969815254211, -0.347910076379776, -0.09602755308151245, 0.35547682642936707, 0.8393933773040771, 0.41116276383399963, -0.062442708760499954, -0.4175853431224823, 0.9064898490905762),
            ["Head"] = CFrame.new(3.632158041000366e-08, 1.1920928955078125e-07, 3.725290298461914e-08, 0.9906424880027771, -0.12477586418390274, -0.05530380457639694, 0.09823348373174667, 0.9331647753715515, -0.3457653820514679, 0.0947507992386818, 0.3370973467826843, 0.9366899132728577),
            ["LowerTorso"] = CFrame.new(0.02525443583726883, -0.22139883041381836, 0.407909631729126, 0.9305535554885864, 0.2963669002056122, 0.2150276005268097, -0.32427456974983215, 0.9397693276405334, 0.1080719605088234, -0.17004747688770294, -0.1702948808670044, 0.9706099033355713),
            ["UpperTorso"] = CFrame.new(1.1548399925231934e-07, -4.470348358154297e-07, -7.264316082000732e-08, 0.9476720094680786, -0.12393572181463242, -0.2942068576812744, 0.15213477611541748, 0.9855184555053711, 0.07488958537578583, 0.2806648910045624, -0.1157296746969223, 0.9528031945228577),
            ["HumanoidRootPart"] = CFrame.new(0, 0, 0, 1, 0, 0, 0, 1, 0, 0, 0, 1),
            ["RightUpperLeg"] = CFrame.new(-0.000025451183319091797, -0.00012581422924995422, -0.004997530952095985, 0.927249550819397, -0.3732927739620209, -0.029337245970964432, 0.1507701724767685, 0.44392770528793335, -0.8832873702049255, 0.3427485227584839, 0.8146046996116638, 0.4679132103919983),
            ["LeftUpperArm"] = CFrame.new(5.960464477539063e-08, -0.06523799896240234, -4.284083843231201e-08, 0.5411251783370972, -0.35147127509117126, -0.7639704346656799, -0.7340432405471802, 0.24585707485675812, -0.6330366134643555, 0.4103218615055084, 0.9033394455909729, -0.12495572119951248),
            ["RightLowerArm"] = CFrame.new(3.5762786865234375e-07, -5.960464477539063e-08, 4.470348358154297e-08, 1, -9.685754776000977e-08, -2.9802315282267955e-08, 1.7136336794010276e-07, 0.06398283690214157, -0.997951090335846, -4.4703490686970326e-08, 0.9979510307312012, 0.06398283690214157),
            ["LeftHand"] = CFrame.new(-6.332993507385254e-08, -1.1920928955078125e-07, -1.043081283569336e-07, 0.8905604481697083, 0.4515192210674286, -0.05506961792707443, -0.45387840270996094, 0.8741233944892883, -0.1729242205619812, -0.02994123101234436, 0.1789940446615219, 0.9833943843841553),
            ["LeftFoot"] = CFrame.new(5.681067705154419e-08, -5.960464477539063e-08, -2.384185791015625e-07, 0.9130818247795105, -0.38706111907958984, -0.12831592559814453, 0.40439528226852417, 0.8999503254890442, 0.1629553735256195, 0.052404213696718216, -0.2006819099187851, 0.9782538414001465),
            ["RightHand"] = CFrame.new(-1.0989606380462646e-07, -2.384185791015625e-07, 1.3690441846847534e-07, 0.9527598023414612, -0.19983749091625214, 0.22872260212898254, 0.2118278294801712, 0.9768804907798767, -0.028871390968561172, -0.2176646590232849, 0.07595698535442352, 0.9730635285377502),
            ["RightLowerLeg"] = CFrame.new(1.1175870895385742e-08, 5.960464477539063e-08, -7.281050784513354e-08, 1, -1.0430807861894209e-07, 6.705519695060502e-08, 3.8743027630516735e-07, 0.23198865354061127, 0.9727185368537903, -5.215407838932151e-08, -0.9727184772491455, 0.2319888472557068),
            ["LeftUpperLeg"] = CFrame.new(0.000025570392608642578, 0.00012567639350891113, 0.0049974992871284485, 0.9838901162147522, 0.14420191943645477, -0.10566921532154083, -0.10961433500051498, 0.9535369873046875, 0.2806282937526703, 0.1412268877029419, -0.2645242214202881, 0.9539821147918701),
            ["LeftLowerLeg"] = CFrame.new(-7.450580596923828e-08, -1.1920928955078125e-07, 5.960464477539063e-08, 1, 1.4901164746561335e-08, -1.5832483768463135e-08, -3.259628567064965e-09, 0.9999868869781494, 0.005129948258399963, 1.6763804566721774e-08, -0.005129912402480841, 0.9999868273735046),
        }},
        {Time = 0.259, Data = {
            ["RightFoot"] = CFrame.new(-5.21540641784668e-08, 3.5762786865234375e-07, -1.5068508218973875e-08, 0.9895071387290955, -0.12055176496505737, 0.07964269071817398, 0.14277459681034088, 0.900381863117218, -0.4110082983970642, -0.02216159924864769, 0.41806671023368835, 0.90814608335495),
            ["LeftLowerArm"] = CFrame.new(-2.9802322387695312e-08, -5.960464477539063e-08, 2.644956111907959e-07, 1, 0, -1.3411046495548362e-07, 2.9802325229866256e-07, 0.08296692371368408, -0.9965523481369019, 1.5832485189548606e-07, 0.9965522885322571, 0.08296723663806915),
            ["RightUpperArm"] = CFrame.new(0, -0.06523799896240234, -1.7136335372924805e-07, 0.9146085381507874, -0.3847590684890747, -0.12430359423160553, 0.401869535446167, 0.831061840057373, 0.3844960331916809, -0.044634681195020676, -0.4016174376010895, 0.9147193431854248),
            ["Head"] = CFrame.new(-3.119930624961853e-08, 0, -8.754432201385498e-08, 0.9884167909622192, -0.14085270464420319, -0.05650530382990837, 0.11102912575006485, 0.924955427646637, -0.3634970188140869, 0.10346454381942749, 0.35301291942596436, 0.9298802018165588),
            ["LowerTorso"] = CFrame.new(0.020285818725824356, -0.24304413795471191, 0.4008535146713257, 0.9328736662864685, 0.2913743257522583, 0.2117728739976883, -0.31737446784973145, 0.9429402947425842, 0.10068262368440628, -0.17035295069217682, -0.16113558411598206, 0.9721189737319946),
            ["UpperTorso"] = CFrame.new(1.4156103134155273e-07, 2.9802322387695312e-08, -7.450580596923828e-08, 0.9510862827301025, -0.1037861555814743, -0.29096952080726624, 0.13095581531524658, 0.9885122179985046, 0.07546034455299377, 0.27979522943496704, -0.10987332463264465, 0.9537518620491028),
            ["HumanoidRootPart"] = CFrame.new(0, 0, 0, 1, 0, 0, 0, 1, 0, 0, 0, 1),
            ["RightUpperLeg"] = CFrame.new(-0.000025391578674316406, -0.00012580305337905884, -0.004997635260224342, 0.927920937538147, -0.37117740511894226, -0.03449897840619087, 0.1506284773349762, 0.45799264311790466, -0.876101553440094, 0.34098944067955017, 0.8077561855316162, 0.48089081048965454),
            ["LeftUpperArm"] = CFrame.new(5.960464477539063e-08, -0.0652381181716919, -1.5273690223693848e-07, 0.5312276482582092, -0.31167924404144287, -0.7878155708312988, -0.7467431426048279, 0.2670050263404846, -0.6091659665107727, 0.400214821100235, 0.9119015336036682, -0.09090384840965271),
            ["RightLowerArm"] = CFrame.new(3.5762786865234375e-07, -5.364418029785156e-07, 2.980232238769531e-07, 1, -1.5646223516796454e-07, 2.458691312767769e-07, -4.0978189730367376e-08, 0.048633869737386703, -0.9988167881965637, 5.960463766996327e-08, 0.9988167881965637, 0.04863359034061432),
            ["LeftHand"] = CFrame.new(3.688037395477295e-07, -5.960464477539063e-08, -7.450580596923828e-08, 0.9146413803100586, 0.3887036144733429, -0.11108845472335815, -0.4029120206832886, 0.8989590406417847, -0.17185696959495544, 0.033062707632780075, 0.20194606482982635, 0.9788384437561035),
            ["LeftFoot"] = CFrame.new(6.146728992462158e-08, -5.960464477539063e-08, -1.6391277313232422e-07, 0.9205788969993591, -0.3476930558681488, -0.1778860092163086, 0.37780308723449707, 0.9082295894622803, 0.1799566000699997, 0.098991759121418, -0.23287007212638855, 0.967456579208374),
            ["RightHand"] = CFrame.new(3.632158041000366e-08, -1.1920928955078125e-07, 8.009374141693115e-08, 0.954841673374176, -0.2074669450521469, 0.21268506348133087, 0.21654470264911652, 0.9760668277740479, -0.02004927024245262, -0.20343506336212158, 0.06519979983568192, 0.9769151210784912),
            ["RightLowerLeg"] = CFrame.new(-3.725290298461914e-09, -2.384185791015625e-07, -1.3205863069742918e-08, 1, -3.725288166833707e-08, 2.644954406605393e-07, 5.066398216513335e-07, 0.21729908883571625, 0.9761049151420593, -8.195644340958097e-08, -0.9761050343513489, 0.21729964017868042),
            ["LeftUpperLeg"] = CFrame.new(0.000025600194931030273, 0.0001254454255104065, 0.004997357726097107, 0.9822565317153931, 0.15775632858276367, -0.10141409933567047, -0.12433870136737823, 0.9526233673095703, 0.27757659554481506, 0.14039909839630127, -0.2600416839122772, 0.9553357362747192),
            ["LeftLowerLeg"] = CFrame.new(-8.475035429000854e-08, 5.960464477539063e-08, 7.450580596923828e-08, 1, 4.144386522852983e-08, 2.7939680791178034e-08, 6.565823440496388e-08, 0.9999862313270569, 0.00526580261066556, 4.656612428988183e-09, -0.005265855696052313, 0.9999861717224121),
        }},
        {Time = 0.296, Data = {
            ["RightFoot"] = CFrame.new(-1.0244548320770264e-08, 4.172325134277344e-07, 6.688787834718823e-08, 0.9907178282737732, -0.11234397441148758, 0.0765310600399971, 0.13506725430488586, 0.8770564794540405, -0.46100834012031555, -0.015331287868320942, 0.46706604957580566, 0.8840896487236023),
            ["LeftLowerArm"] = CFrame.new(3.2782554626464844e-07, -5.364418029785156e-07, 1.1362135410308838e-07, 1, -5.960462345910855e-08, -2.272427366278862e-07, 3.203749372460152e-07, 0.14904135465621948, -0.9888309836387634, 1.1548398504146462e-07, 0.9888309836387634, 0.14904151856899261),
            ["RightUpperArm"] = CFrame.new(-5.960464477539063e-08, -0.06523823738098145, -1.30385160446167e-07, 0.8896419405937195, -0.4318559467792511, -0.14845037460327148, 0.4555791914463043, 0.8169932961463928, 0.35351067781448364, -0.031382907181978226, -0.38212910294532776, 0.9235761165618896),
            ["Head"] = CFrame.new(1.0035000741481781e-07, -2.384185791015625e-07, -4.284083843231201e-08, 0.9856516718864441, -0.15743553638458252, -0.060867734253406525, 0.12323316931724548, 0.917616605758667, -0.37788015604019165, 0.11534492671489716, 0.3649572730064392, 0.9238516092300415),
            ["LowerTorso"] = CFrame.new(0.012107355520129204, -0.26798558235168457, 0.39181283116340637, 0.9373676180839539, 0.27951478958129883, 0.20787844061851501, -0.3030674159526825, 0.9486054182052612, 0.0910932645201683, -0.17173273861408234, -0.14838919043540955, 0.9739037752151489),
            ["UpperTorso"] = CFrame.new(-5.21540641784668e-08, -8.940696716308594e-08, -2.421438694000244e-08, 0.9556785225868225, -0.07764317840337753, -0.28398987650871277, 0.10311497747898102, 0.991773247718811, 0.07584984600543976, 0.275764524936676, -0.10177158564329147, 0.9558225274085999),
            ["HumanoidRootPart"] = CFrame.new(0, 0, 0, 1, 0, 0, 0, 1, 0, 0, 0, 1),
            ["RightUpperLeg"] = CFrame.new(-0.000025659799575805664, -0.00012565404176712036, -0.0049974191933870316, 0.9315319657325745, -0.3617739975452423, -0.036983177065849304, 0.14723555743694305, 0.4681853652000427, -0.8712772727012634, 0.33252057433128357, 0.80617755651474, 0.48939579725265503),
            ["LeftUpperArm"] = CFrame.new(5.960464477539063e-08, -0.065238356590271, -1.862645149230957e-08, 0.5238857269287109, -0.2630990445613861, -0.8101375699043274, -0.75520920753479, 0.29642194509506226, -0.5846309661865234, 0.39395806193351746, 0.9181028604507446, -0.04340367391705513),
            ["RightLowerArm"] = CFrame.new(-1.7881393432617188e-07, 2.384185791015625e-07, 4.470348358154297e-08, 1, -4.4703497792397684e-08, 7.450579175838357e-08, 5.960462345910855e-08, 0.05660794675350189, -0.9983965158462524, 1.8626444386882213e-08, 0.9983965158462524, 0.056608494371175766),
            ["LeftHand"] = CFrame.new(8.381903171539307e-08, -1.1920928955078125e-07, -2.7939677238464355e-09, 0.9251030683517456, 0.35251858830451965, -0.14112018048763275, -0.3737339973449707, 0.9110205769538879, -0.17425422370433807, 0.06713563203811646, 0.21394439041614532, 0.9745360612869263),
            ["LeftFoot"] = CFrame.new(1.471489667892456e-07, 5.960464477539063e-08, -7.450580596923828e-08, 0.9355617165565491, -0.2863142490386963, -0.20675700902938843, 0.3291918635368347, 0.9190030097961426, 0.21694783866405487, 0.12789508700370789, -0.2710306644439697, 0.954036295413971),
