return {
    ["Virtual Insanity"] = {
        {Time = 0.000, Data = {
            ["RightFoot"] = CFrame.new(-7.82310962677002e-08, 2.384185791015625e-07, -0.0000014958714018575847, 0.9912305474281311, 0.11553110182285309, -0.06414597481489182, -0.1062685027718544, 0.9854423403739929, 0.13270489871501923, 0.07854367792606354, -0.1247243881225586, 0.9890778064727783),
            ["LeftLowerArm"] = CFrame.new(-2.086162567138672e-07, -2.980232238769531e-07, -2.5331974029541016e-07, 1, -7.078050856534901e-08, 6.984919309616089e-08, 9.499490261077881e-08, 0.2598101794719696, -0.9656597375869751, 7.264316082000732e-08, 0.9656596779823303, 0.25981029868125916),
            ["LeftFoot"] = CFrame.new(0.0000010356307029724121, -5.960464477539063e-08, -2.2351741790771484e-08, 0.9803147912025452, -0.19335512816905975, 0.03996013477444649, 0.1947781890630722, 0.9139522314071655, -0.3560233414173126, 0.03231723606586456, 0.35679829120635986, 0.9336223602294922),
            ["Head"] = CFrame.new(-0.000001952052116394043, -1.1920928955078125e-07, -9.611248970031738e-07, 0.9853637218475342, -0.0025928132236003876, -0.17044571042060852, 0.027034472674131393, 0.9896069169044495, 0.1412350982427597, 0.16830803453922272, -0.14377573132514954, 0.9751928448677063),
            ["LowerTorso"] = CFrame.new(0.02676450088620186, -0.12176692485809326, 15.22956657409668, 0.3077978193759918, 0.23994311690330505, 0.9206996560096741, 0.022033579647541046, 0.9656216502189636, -0.259016215801239, -0.9511967301368713, 0.1000109314918518, 0.29192936420440674),
            ["UpperTorso"] = CFrame.new(-0.0000010244548320770264, -3.2782554626464844e-07, -2.0116567611694336e-07, 0.934022068977356, 0.0694613829255104, -0.350396990776062, 0.03724512457847595, 0.9566287398338318, 0.28891944885253906, 0.3552684783935547, -0.2829076945781708, 0.8909251689910889),
            ["HumanoidRootPart"] = CFrame.new(0, 0, 0, 1, 0, 0, 0, 1, 0, 0, 0, 1),
            ["RightUpperLeg"] = CFrame.new(-0.07948315143585205, -0.054766420274972916, -0.13473056256771088, 0.9419117569923401, -0.26630309224128723, -0.20465876162052155, 0.14119426906108856, 0.8668609261512756, -0.4781387746334076, 0.30474036931991577, 0.42146754264831543, 0.8541066646575928),
            ["LeftUpperArm"] = CFrame.new(-0.000001430511474609375, 1.1920928955078125e-07, -0.0000014156103134155273, 0.9436206221580505, -0.2943746745586395, 0.1514057070016861, 0.08338352292776108, 0.6540024280548096, 0.7518829703330994, -0.32035499811172485, -0.6968675851821899, 0.6416762471199036),
            ["RightLowerArm"] = CFrame.new(-4.470348358154297e-07, 2.384185791015625e-07, -2.086162567138672e-07, 1, -7.35744833946228e-08, 1.0989606380462646e-07, 8.381903171539307e-08, -0.15939103066921234, -0.987215518951416, 1.0803341865539551e-07, 0.987215518951416, -0.15939101576805115),
            ["LeftHand"] = CFrame.new(0.0000010281801223754883, 2.980232238769531e-07, 3.5762786865234375e-07, 0.9510550498962402, 0.30899274349212646, 0.004225619602948427, -0.3072821795940399, 0.9441645741462708, 0.11887408047914505, 0.03274159133434296, -0.1143541932106018, 0.9929003715515137),
            ["RightHand"] = CFrame.new(3.681052476167679e-07, -1.1920928955078125e-07, 6.705522537231445e-08, 0.9496520161628723, -0.30899423360824585, 0.051805637776851654, 0.31124231219291687, 0.9493593573570251, -0.042955148965120316, -0.03590930253267288, 0.056916508823633194, 0.9977329969406128),
            ["RightUpperArm"] = CFrame.new(0.036664485931396484, -0.16669797897338867, -0.03142380714416504, 0.7353891730308533, -0.06787732243537903, 0.6742370128631592, 0.38151928782463074, 0.8637672066688538, -0.3291645050048828, -0.5600410103797913, 0.49929845333099365, 0.6611015200614929),
            ["RightLowerLeg"] = CFrame.new(5.21540641784668e-07, -0.0000017285346984863281, -0.000005422327376436442, 1, -1.3411036547950062e-07, -7.636845111846924e-08, 2.1606680888908159e-07, 0.4098619818687439, 0.9121474027633667, -6.70552182668871e-08, -0.912147581577301, 0.4098622798919678),
            ["LeftUpperLeg"] = CFrame.new(0.009197652339935303, -0.013318674638867378, 0.012515731155872345, 0.9566349387168884, 0.1249043196439743, 0.2631514370441437, -0.2582246661186218, 0.7816908955574036, 0.5676966905593872, -0.1347953975200653, -0.6110304594039917, 0.7800460457801819),
            ["LeftLowerLeg"] = CFrame.new(-0.000001257285475730896, 9.5367431640625e-07, 0.000003725290298461914, 1, 1.862645326866641e-08, -1.1175870895385742e-08, 1.862645326866641e-08, 0.999985933303833, 0.0053171273320913315, 7.450581485102248e-09, -0.005317093804478645, 0.9999858736991882),
        }},
        {Time = 0.020, Data = {
            ["RightFoot"] = CFrame.new(-3.762543201446533e-07, 2.980232238769531e-07, -8.588467608205974e-07, 0.9912312626838684, 0.11552851647138596, -0.0641404241323471, -0.10626663267612457, 0.9854423999786377, 0.1327049434185028, 0.07853780686855316, -0.12472525238990784, 0.9890781044960022),
            ["LeftLowerArm"] = CFrame.new(0.000002175569534301758, -3.5762786865234375e-07, -1.6391277313232422e-07, 1, -5.960463766996327e-08, 8.475035429000854e-08, 8.009374141693115e-08, 0.2598101496696472, -0.9656597375869751, 8.568167686462402e-08, 0.9656596779823303, 0.25981032848358154),
            ["LeftFoot"] = CFrame.new(3.166496753692627e-07, 1.7881393432617188e-07, -8.195638656616211e-08, 0.9803148508071899, -0.19335375726222992, 0.03996682167053223, 0.19477947056293488, 0.9139524698257446, -0.3560222387313843, 0.032310497015714645, 0.35679861903190613, 0.933622419834137),
            ["Head"] = CFrame.new(5.364418029785156e-07, 1.1920928955078125e-07, -4.544854164123535e-07, 0.9853636622428894, -0.002592839067801833, -0.17044566571712494, 0.027034468948841095, 0.9896069169044495, 0.1412351131439209, 0.16830798983573914, -0.14377571642398834, 0.9751927852630615),
            ["LowerTorso"] = CFrame.new(0.026758071035146713, -0.12176692485809326, 15.229142189025879, 0.30780377984046936, 0.2399424910545349, 0.9206978678703308, 0.022033577784895897, 0.9656216502189636, -0.259016215801239, -0.9511947631835938, 0.10001243650913239, 0.29193514585494995),
            ["UpperTorso"] = CFrame.new(4.991888999938965e-07, -8.940696716308594e-08, 3.3527612686157227e-07, 0.9340242743492126, 0.06946121156215668, -0.35039111971855164, 0.0372435599565506, 0.9566285610198975, 0.2889198958873749, 0.3552628755569458, -0.28290796279907227, 0.8909273147583008),
            ["HumanoidRootPart"] = CFrame.new(0, 0, 0, 1, 0, 0, 0, 1, 0, 0, 0, 1),
            ["RightUpperLeg"] = CFrame.new(-0.07948124408721924, -0.054766543209552765, -0.13472960889339447, 0.9419116377830505, -0.2663033902645111, -0.20465829968452454, 0.14119473099708557, 0.8668607473373413, -0.47813868522644043, 0.304740309715271, 0.4214678108692169, 0.8541068434715271),
            ["LeftUpperArm"] = CFrame.new(5.960464477539063e-08, 3.5762786865234375e-07, 2.9802322387695312e-08, 0.9436205625534058, -0.2943746745586395, 0.15140573680400848, 0.08338352292776108, 0.6540024876594543, 0.7518829107284546, -0.32035502791404724, -0.6968675255775452, 0.6416762471199036),
            ["RightLowerArm"] = CFrame.new(0.0000011920928955078125, -8.940696716308594e-07, -2.086162567138672e-07, 1, -6.984920020158825e-08, 1.3876707782856101e-07, 9.173528781047935e-08, -0.15939107537269592, -0.987215518951416, 1.0989607801548118e-07, 0.987215518951416, -0.15939104557037354),
            ["LeftHand"] = CFrame.new(-3.725290298461914e-07, -1.1920928955078125e-07, 3.5762786865234375e-07, 0.951055109500885, 0.3089926838874817, 0.0042256019078195095, -0.30728211998939514, 0.944164514541626, 0.11887410283088684, 0.032741572707891464, -0.1143541932106018, 0.9929003119468689),
            ["RightHand"] = CFrame.new(-0.0000017746351659297943, -4.172325134277344e-07, 9.238719940185547e-07, 0.9496519565582275, -0.30899420380592346, 0.05180562287569046, 0.31124234199523926, 0.9493592977523804, -0.04295521602034569, -0.035909254103899, 0.05691658332943916, 0.9977329969406128),
            ["RightUpperArm"] = CFrame.new(0.03666698932647705, -0.16669762134552002, -0.03142331540584564, 0.7353891134262085, -0.06787732988595963, 0.6742370128631592, 0.38151928782463074, 0.8637672066688538, -0.3291645348072052, -0.560041069984436, 0.4992983937263489, 0.6611015200614929),
            ["RightLowerLeg"] = CFrame.new(-1.1175870895385742e-07, -0.0000012516975402832031, -0.000005303118086885661, 1, -1.1920923270736239e-07, -9.126962652317161e-08, 1.4156104555240745e-07, 0.40986257791519165, 0.9121472835540771, -1.0803343286625022e-07, -0.9121473431587219, 0.4098626971244812),
            ["LeftUpperLeg"] = CFrame.new(0.009195894002914429, -0.013318553566932678, 0.012516818940639496, 0.9566352963447571, 0.12490324676036835, 0.26315051317214966, -0.258223295211792, 0.7816910147666931, 0.5676969289779663, -0.13479529321193695, -0.6110305190086365, 0.7800462245941162),
            ["LeftLowerLeg"] = CFrame.new(4.470348358154297e-08, 0.0000016093254089355469, 0.000004559755325317383, 1, 1.1175872671742582e-08, 3.725290742551124e-09, -7.450580596923828e-09, 0.999985933303833, 0.005317122675478458, 0, -0.005317125003784895, 0.9999858736991882),
        }},
        {Time = 0.040, Data = {
            ["RightFoot"] = CFrame.new(-8.828938007354736e-07, 2.384185791015625e-07, -1.5476689441129565e-07, 0.9912333488464355, 0.11551941186189651, -0.0641244426369667, -0.10625962167978287, 0.9854434728622437, 0.13270337879657745, 0.07852048426866531, -0.12472613155841827, 0.9890792965888977),
            ["LeftLowerArm"] = CFrame.new(-0.0000017285346984863281, -4.172325134277344e-07, -3.725290298461914e-08, 1, -5.960463766996327e-08, 8.475035429000854e-08, 8.009374141693115e-08, 0.2598101496696472, -0.9656597375869751, 8.568167686462402e-08, 0.9656596779823303, 0.25981032848358154),
            ["LeftFoot"] = CFrame.new(9.238719940185547e-07, 5.960464477539063e-08, 3.0547380447387695e-07, 0.9803141355514526, -0.19335323572158813, 0.03998531773686409, 0.19478556513786316, 0.9139525294303894, -0.35601866245269775, 0.0322926864027977, 0.35679876804351807, 0.9336230158805847),
            ["Head"] = CFrame.new(4.3958425521850586e-07, 2.384185791015625e-07, 8.940696716308594e-08, 0.9853636622428894, -0.002592839067801833, -0.17044566571712494, 0.027034468948841095, 0.9896069169044495, 0.1412351131439209, 0.16830798983573914, -0.14377571642398834, 0.9751927852630615),
            ["LowerTorso"] = CFrame.new(0.026738770306110382, -0.12176692485809326, 15.227869033813477, 0.30782169103622437, 0.2399406135082245, 0.9206923842430115, 0.022033577784895897, 0.9656216502189636, -0.259016215801239, -0.9511889815330505, 0.10001695901155472, 0.2919524908065796),
            ["UpperTorso"] = CFrame.new(-5.885958671569824e-07, -3.8743019104003906e-07, 2.7567148208618164e-07, 0.9340309500694275, 0.06946074217557907, -0.3503735065460205, 0.03723885491490364, 0.9566283822059631, 0.2889212369918823, 0.3552458584308624, -0.2829088270664215, 0.8909337520599365),
            ["HumanoidRootPart"] = CFrame.new(0, 0, 0, 1, 0, 0, 0, 1, 0, 0, 0, 1),
            ["RightUpperLeg"] = CFrame.new(-0.07948210835456848, -0.05476604402065277, -0.13472869992256165, 0.9419116973876953, -0.26630333065986633, -0.20465821027755737, 0.1411946415901184, 0.8668605089187622, -0.47813916206359863, 0.30474016070365906, 0.4214680790901184, 0.8541065454483032),
            ["LeftUpperArm"] = CFrame.new(9.5367431640625e-07, 4.76837158203125e-07, -3.5762786865234375e-07, 0.9436205625534058, -0.2943746745586395, 0.15140573680400848, 0.08338352292776108, 0.6540024876594543, 0.7518829107284546, -0.32035502791404724, -0.6968675255775452, 0.6416762471199036),
            ["RightLowerArm"] = CFrame.new(-1.1920928955078125e-07, -5.960464477539063e-08, -8.940696716308594e-08, 1, -6.984920020158825e-08, 1.3876707782856101e-07, 9.173528781047935e-08, -0.15939107537269592, -0.987215518951416, 1.0989607801548118e-07, 0.987215518951416, -0.15939104557037354),
            ["LeftHand"] = CFrame.new(0.0000014603137969970703, 1.7881393432617188e-07, 2.682209014892578e-07, 0.951055109500885, 0.3089926838874817, 0.0042256019078195095, -0.30728211998939514, 0.944164514541626, 0.11887410283088684, 0.032741572707891464, -0.1143541932106018, 0.9929003119468689),
            ["RightHand"] = CFrame.new(-2.093147486448288e-07, -5.960464477539063e-08, 6.332993507385254e-07, 0.9496519565582275, -0.30899420380592346, 0.05180562287569046, 0.31124234199523926, 0.9493592977523804, -0.04295521602034569, -0.035909254103899, 0.05691658332943916, 0.9977329969406128),
            ["RightUpperArm"] = CFrame.new(0.03666698932647705, -0.16669762134552002, -0.031423673033714294, 0.7353891134262085, -0.06787732988595963, 0.6742370128631592, 0.38151928782463074, 0.8637672066688538, -0.3291645348072052, -0.560041069984436, 0.4992983937263489, 0.6611015200614929),
            ["RightLowerLeg"] = CFrame.new(-6.407499313354492e-07, -0.0000011920928955078125, -0.000004468653060030192, 1, -1.1175865211043856e-07, -7.264315371457997e-08, 1.30385160446167e-07, 0.4098624289035797, 0.9121472835540771, -9.313225746154785e-08, -0.9121473431587219, 0.4098624885082245),
            ["LeftUpperLeg"] = CFrame.new(0.009195804595947266, -0.01331840455532074, 0.01251724362373352, 0.9566354155540466, 0.12490271031856537, 0.26315030455589294, -0.2582227289676666, 0.7816911935806274, 0.5676970481872559, -0.13479551672935486, -0.6110303997993469, 0.7800461649894714),
            ["LeftLowerLeg"] = CFrame.new(0.000001383945345878601, 0.0000015497207641601562, 0.000004649162292480469, 1, 1.4901161193847656e-08, -1.1175870895385742e-08, -3.725290298461914e-09, 0.9999858736991882, 0.00531714828684926, 3.725290298461914e-09, -0.005317123141139746, 0.9999858736991882),
        }},
        {Time = 0.060, Data = {
            ["RightFoot"] = CFrame.new(-3.725290298461914e-08, 2.980232238769531e-07, -1.435910235159099e-07, 0.9912367463111877, 0.11550434678792953, -0.06409835070371628, -0.10624832659959793, 0.9854452610015869, 0.13269908726215363, 0.07849255949258804, -0.12472589313983917, 0.989081621170044),
            ["LeftLowerArm"] = CFrame.new(0.0000013113021850585938, -1.7881393432617188e-07, -1.7881393432617188e-07, 1, -5.960463766996327e-08, 8.475035429000854e-08, 8.009374141693115e-08, 0.2598101496696472, -0.9656597375869751, 8.568167686462402e-08, 0.9656596779823303, 0.25981032848358154),
            ["LeftFoot"] = CFrame.new(1.564621925354004e-07, 1.7881393432617188e-07, 1.1175870895385742e-07, 0.9803127646446228, -0.1933538019657135, 0.040015798062086105, 0.19479723274707794, 0.9139524698257446, -0.3560125529766083, 0.032263752073049545, 0.35679858922958374, 0.9336240887641907),
            ["Head"] = CFrame.new(5.736947059631348e-07, 1.1920928955078125e-07, 6.48200511932373e-07, 0.9853636622428894, -0.002592839067801833, -0.17044566571712494, 0.027034468948841095, 0.9896069169044495, 0.1412351131439209, 0.16830798983573914, -0.14377571642398834, 0.9751927852630615),
            ["LowerTorso"] = CFrame.new(0.02670658379793167, -0.12176692485809326, 15.225754737854004, 0.3078513741493225, 0.23993748426437378, 0.9206832647323608, 0.022033577784895897, 0.9656216502189636, -0.259016215801239, -0.9511793255805969, 0.10002444684505463, 0.29198122024536133),
            ["UpperTorso"] = CFrame.new(3.91155481338501e-07, 2.9802322387695312e-08, -4.023313522338867e-07, 0.9340419173240662, 0.0694599598646164, -0.35034430027008057, 0.03723105043172836, 0.9566280841827393, 0.288923442363739, 0.35521772503852844, -0.2829102873802185, 0.8909446001052856),
            ["HumanoidRootPart"] = CFrame.new(0, 0, 0, 1, 0, 0, 0, 1, 0, 0, 0, 1),
            ["RightUpperLeg"] = CFrame.new(-0.07948151230812073, -0.05476564168930054, -0.13472992181777954, 0.941912055015564, -0.2663024961948395, -0.20465795695781708, 0.14119406044483185, 0.8668609857559204, -0.47813862562179565, 0.3047393560409546, 0.42146778106689453, 0.8541068434715271),
            ["LeftUpperArm"] = CFrame.new(0.0000010728836059570312, 3.5762786865234375e-07, 1.7881393432617188e-07, 0.9436205625534058, -0.2943746745586395, 0.15140573680400848, 0.08338352292776108, 0.6540024876594543, 0.7518829107284546, -0.32035502791404724, -0.6968675255775452, 0.6416762471199036),
            ["RightLowerArm"] = CFrame.new(-6.854534149169922e-07, 0, 5.960464477539063e-08, 1, -6.984920020158825e-08, 1.3876707782856101e-07, 9.173528781047935e-08, -0.15939107537269592, -0.987215518951416, 1.0989607801548118e-07, 0.987215518951416, -0.15939104557037354),
            ["LeftHand"] = CFrame.new(-2.682209014892578e-07, -5.960464477539063e-08, 5.066394805908203e-07, 0.951055109500885, 0.3089926838874817, 0.0042256019078195095, -0.30728211998939514, 0.944164514541626, 0.11887410283088684, 0.032741572707891464, -0.1143541932106018, 0.9929003119468689),
            ["RightHand"] = CFrame.new(-7.802154868841171e-07, -1.7881393432617188e-07, 0.000001125037670135498, 0.9496519565582275, -0.30899420380592346, 0.05180562287569046, 0.31124234199523926, 0.9493592977523804, -0.04295521602034569, -0.035909254103899, 0.05691658332943916, 0.9977329969406128),
            ["RightUpperArm"] = CFrame.new(0.0366671085357666, -0.16669774055480957, -0.03142218291759491, 0.7353891134262085, -0.06787732988595963, 0.6742370128631592, 0.38151928782463074, 0.8637672066688538, -0.3291645348072052, -0.560041069984436, 0.4992983937263489, 0.6611015200614929),
            ["RightLowerLeg"] = CFrame.new(-4.246830940246582e-07, -0.0000015497207641601562, -0.000004960391379427165, 1, -1.1920923270736239e-07, -6.519257311765614e-08, 1.6391277313232422e-07, 0.4098619818687439, 0.9121475219726562, -5.960464477539063e-08, -0.912147581577301, 0.40986210107803345),
            ["LeftUpperLeg"] = CFrame.new(0.00919806957244873, -0.013318115845322609, 0.012516714632511139, 0.9566352963447571, 0.12490324676036835, 0.2631506323814392, -0.258223295211792, 0.7816911935806274, 0.5676968693733215, -0.13479527831077576, -0.6110303997993469, 0.7800462245941162),
            ["LeftLowerLeg"] = CFrame.new(7.729977369308472e-07, 0.0000010728836059570312, 0.000004723668098449707, 1, -3.725290742551124e-09, -1.4901162970204496e-08, 7.450580596923828e-09, 0.999985933303833, 0.005317201837897301, -3.725290298461914e-09, -0.0053171273320913315, 0.999985933303833),
        }},
        {Time = 0.080, Data = {
            ["RightFoot"] = CFrame.new(9.462237358093262e-07, 1.7881393432617188e-07, -6.502305041067302e-07, 0.9912418127059937, 0.11548293381929398, -0.06405872851610184, -0.10623229295015335, 0.9854474067687988, 0.1326960027217865, 0.07845041155815125, -0.12472891807556152, 0.9890846610069275),
            ["LeftLowerArm"] = CFrame.new(-1.4901161193847656e-07, 1.1920928955078125e-07, -5.960464477539063e-08, 1, -7.078051567077637e-08, 8.381903171539307e-08, 6.51925802230835e-08, 0.259810209274292, -0.9656597375869751, 5.587935447692871e-08, 0.9656597375869751, 0.25981026887893677),
            ["LeftFoot"] = CFrame.new(7.487833499908447e-07, 1.1920928955078125e-07, 0, 0.9803109765052795, -0.19335390627384186, 0.04005814716219902, 0.19481287896633148, 0.9139524102210999, -0.35600408911705017, 0.03222358599305153, 0.3567986786365509, 0.9336254000663757),
            ["Head"] = CFrame.new(-2.2351741790771484e-08, 1.1920928955078125e-07, 2.60770320892334e-07, 0.9853636622428894, -0.0025928316172212362, -0.17044566571712494, 0.027034468948841095, 0.9896069169044495, 0.1412351131439209, 0.16830798983573914, -0.14377571642398834, 0.9751927852630615),
            ["LowerTorso"] = CFrame.new(0.02666151151061058, -0.12176692485809326, 15.222801208496094, 0.3078928589820862, 0.23993311822414398, 0.9206704497337341, 0.022033575922250748, 0.9656216502189636, -0.2590161859989166, -0.9511658549308777, 0.1000349223613739, 0.29202136397361755),
            ["UpperTorso"] = CFrame.new(-3.2782554626464844e-07, -1.7881393432617188e-07, -4.246830940246582e-07, 0.9340572953224182, 0.06945886462926865, -0.3503034710884094, 0.03722015395760536, 0.9566275477409363, 0.28892654180526733, 0.3551784157752991, -0.2829122841358185, 0.890959620475769),
            ["HumanoidRootPart"] = CFrame.new(0, 0, 0, 1, 0, 0, 0, 1, 0, 0, 0, 1),
            ["RightUpperLeg"] = CFrame.new(-0.07948002219200134, -0.05476604029536247, -0.13473011553287506, 0.9419113993644714, -0.2663041949272156, -0.2046586126089096, 0.14119531214237213, 0.8668606877326965, -0.47813865542411804, 0.3047407269477844, 0.4214673340320587, 0.8541067838668823),
            ["LeftUpperArm"] = CFrame.new(-4.76837158203125e-07, 3.5762786865234375e-07, -2.2351741790771484e-07, 0.9436205625534058, -0.2943747043609619, 0.15140575170516968, 0.08338352292776108, 0.6540024876594543, 0.7518829107284546, -0.32035499811172485, -0.6968675851821899, 0.6416762471199036),
            ["RightLowerArm"] = CFrame.new(-4.172325134277344e-07, -3.5762786865234375e-07, 1.1920928955078125e-07, 1, -8.381903171539307e-08, 1.1548399925231934e-07, 1.1175872316471214e-07, -0.15939106047153473, -0.987215518951416, 1.0430814256778831e-07, 0.987215518951416, -0.15939106047153473),
            ["LeftHand"] = CFrame.new(2.384185791015625e-07, 6.556510925292969e-07, 5.960464477539063e-08, 0.951055109500885, 0.3089926838874817, 0.004225596319884062, -0.30728214979171753, 0.944164514541626, 0.11887413263320923, 0.03274156525731087, -0.11435416340827942, 0.9929004311561584),
            ["RightHand"] = CFrame.new(4.5052729547023773e-07, -1.1920928955078125e-07, 7.450580596923828e-09, 0.9496518969535828, -0.30899420380592346, 0.05180560424923897, 0.31124231219291687, 0.9493592977523804, -0.04295520856976509, -0.03590928018093109, 0.05691659078001976, 0.997732937335968),
            ["RightUpperArm"] = CFrame.new(0.03666651248931885, -0.16669762134552002, -0.031422555446624756, 0.7353891134262085, -0.06787731498479843, 0.6742370128631592, 0.38151928782463074, 0.8637672066688538, -0.3291645348072052, -0.5600410103797913, 0.49929842352867126, 0.6611015200614929),
            ["RightLowerLeg"] = CFrame.new(3.650784492492676e-07, -0.0000013709068298339844, -0.000004811379767488688, 1, -1.043080928297968e-07, -9.872015738210393e-08, 1.8998980522155762e-07, 0.4098633825778961, 0.9121469855308533, -5.960464477539063e-08, -0.9121469259262085, 0.40986326336860657),
            ["LeftUpperLeg"] = CFrame.new(0.009198814630508423, -0.013318227604031563, 0.012516148388385773, 0.9566351771354675, 0.12490320205688477, 0.2631511092185974, -0.25822362303733826, 0.7816910147666931, 0.5676968693733215, -0.13479569554328918, -0.6110305786132812, 0.7800461053848267),
            ["LeftLowerLeg"] = CFrame.new(-5.885958671569824e-07, 0.0000010728836059570312, 0.000004738569259643555, 1, 2.980232594040899e-08, -3.725290298461914e-09, 3.725290298461914e-09, 0.999985933303833, 0.005317072384059429, -7.450580596923828e-09, -0.005317165050655603, 0.9999858736991882),
        }},
        {Time = 0.100, Data = {
            ["RightFoot"] = CFrame.new(2.0116567611694336e-07, 5.364418029785156e-07, -2.8107024263590574e-08, 0.9912480711936951, 0.11545531451702118, -0.0640115737915039, -0.10621120035648346, 0.9854506254196167, 0.13268889486789703, 0.07839960604906082, -0.12472894787788391, 0.9890885353088379),
            ["LeftLowerArm"] = CFrame.new(5.066394805908203e-07, -8.940696716308594e-07, 2.0116567611694336e-07, 1, -5.960463766996327e-08, 8.475035429000854e-08, 8.009374141693115e-08, 0.2598101496696472, -0.9656597375869751, 8.568167686462402e-08, 0.9656596779823303, 0.25981032848358154),
            ["LeftFoot"] = CFrame.new(-2.421438694000244e-07, -1.7881393432617188e-07, 8.195638656616211e-08, 0.9803086519241333, -0.1933545172214508, 0.04011286422610283, 0.1948331892490387, 0.9139523506164551, -0.35599300265312195, 0.032171592116355896, 0.35679835081100464, 0.9336273670196533),
            ["Head"] = CFrame.new(-3.650784492492676e-07, 2.384185791015625e-07, -5.21540641784668e-08, 0.9853636622428894, -0.002592839067801833, -0.17044566571712494, 0.027034468948841095, 0.9896069169044495, 0.1412351131439209, 0.16830798983573914, -0.14377571642398834, 0.9751927852630615),
            ["LowerTorso"] = CFrame.new(0.026603538542985916, -0.12176692485809326, 15.219014167785645, 0.30794602632522583, 0.2399275302886963, 0.9206541776657104, 0.022033577784895897, 0.9656216502189636, -0.259016215801239, -0.9511486887931824, 0.10004832595586777, 0.2920728325843811),
            ["UpperTorso"] = CFrame.new(-9.313225746154785e-07, 8.940696716308594e-08, 2.5331974029541016e-07, 0.9340770244598389, 0.06945742666721344, -0.35025128722190857, 0.03720621019601822, 0.9566268920898438, 0.2889305055141449, 0.35512807965278625, -0.2829148769378662, 0.8909788131713867),
            ["HumanoidRootPart"] = CFrame.new(0, 0, 0, 1, 0, 0, 0, 1, 0, 0, 0, 1),
            ["RightUpperLeg"] = CFrame.new(-0.07948273420333862, -0.054765306413173676, -0.13472974300384521, 0.9419116377830505, -0.2663031220436096, -0.20465876162052155, 0.14119423925876617, 0.8668607473373413, -0.47813880443573, 0.30474039912223816, 0.42146772146224976, 0.8541066646575928),
            ["LeftUpperArm"] = CFrame.new(1.1920928955078125e-07, 4.76837158203125e-07, -5.364418029785156e-07, 0.9436205625534058, -0.2943746745586395, 0.15140573680400848, 0.08338352292776108, 0.6540024876594543, 0.7518829107284546, -0.32035502791404724, -0.6968675255775452, 0.6416762471199036),
            ["RightLowerArm"] = CFrame.new(-5.960464477539062e-07, -5.960464477539062e-07, -2.384185791015625e-07, 1, -6.984920020158825e-08, 1.3876707782856101e-07, 9.173528781047935e-08, -0.15939107537269592, -0.987215518951416, 1.0989607801548118e-07, 0.987215518951416, -0.15939104557037354),
            ["LeftHand"] = CFrame.new(-1.1920928955078125e-07, 5.960464477539063e-08, 7.152557373046875e-07, 0.951055109500885, 0.3089926838874817, 0.0042256019078195095, -0.30728211998939514, 0.944164514541626, 0.11887410283088684, 0.032741572707891464, -0.1143541932106018, 0.9929003119468689),
            ["RightHand"] = CFrame.new(-7.008202373981476e-07, -2.980232238769531e-07, 6.183981895446777e-07, 0.9496519565582275, -0.30899420380592346, 0.05180562287569046, 0.31124234199523926, 0.9493592977523804, -0.04295521602034569, -0.035909254103899, 0.05691658332943916, 0.9977329969406128),
            ["RightUpperArm"] = CFrame.new(0.036666154861450195, -0.16669762134552002, -0.031422898173332214, 0.7353891134262085, -0.06787732988595963, 0.6742370128631592, 0.38151928782463074, 0.8637672066688538, -0.3291645348072052, -0.560041069984436, 0.4992983937263489, 0.6611015200614929),
            ["RightLowerLeg"] = CFrame.new(-8.121132850646973e-07, -0.0000010728836059570312, -0.000004900786734651774, 1, -1.7136329688582919e-07, -9.499490261077881e-08, 1.4156104555240745e-07, 0.40986183285713196, 0.9121475219726562, -8.940698137394065e-08, -0.9121476411819458, 0.4098619818687439),
            ["LeftUpperLeg"] = CFrame.new(0.009196102619171143, -0.013317760080099106, 0.012516692280769348, 0.9566349387168884, 0.12490376830101013, 0.2631513178348541, -0.25822409987449646, 0.7816910147666931, 0.5676966309547424, -0.13479559123516083, -0.6110303997993469, 0.7800461649894714),
            ["LeftLowerLeg"] = CFrame.new(-8.866190910339355e-07, 0.0000013113021850585938, 0.000004544854164123535, 1, 2.980232594040899e-08, -7.450581485102248e-09, -1.1175870895385742e-08, 0.9999858736991882, 0.005317126400768757, -3.725290298461914e-09, -0.0053171562030911446, 0.9999858736991882),
        }},
        {Time = 0.120, Data = {
            ["RightFoot"] = CFrame.new(0.0000014379620552062988, 6.556510925292969e-07, 0.0000011081065167672932, 0.9912558197975159, 0.11542209982872009, -0.06395170837640762, -0.10618619620800018, 0.9854541420936584, 0.13268254697322845, 0.0783357098698616, -0.1247316300868988, 0.9890933036804199),
            ["LeftLowerArm"] = CFrame.new(-4.76837158203125e-07, -4.76837158203125e-07, 7.301568984985352e-07, 1, -5.960463766996327e-08, 8.475035429000854e-08, 8.009374141693115e-08, 0.2598101496696472, -0.9656597375869751, 8.568167686462402e-08, 0.9656596779823303, 0.25981032848358154),
            ["LeftFoot"] = CFrame.new(-0.000001385807991027832, -5.364418029785156e-07, 1.4901161193847656e-07, 0.9803060293197632, -0.19335436820983887, 0.040180180221796036, 0.1948574185371399, 0.9139524698257446, -0.3559795916080475, 0.03210747614502907, 0.3567984998226166, 0.93362957239151),
            ["Head"] = CFrame.new(-4.76837158203125e-07, 3.5762786865234375e-07, -3.650784492492676e-07, 0.9853636622428894, -0.002592839067801833, -0.17044566571712494, 0.027034468948841095, 0.9896069169044495, 0.1412351131439209, 0.16830798983573914, -0.14377571642398834, 0.9751927852630615),
            ["LowerTorso"] = CFrame.new(0.02653265744447708, -0.12176692485809326, 15.214399337768555, 0.30801084637641907, 0.2399207204580307, 0.9206343293190002, 0.022033577784895897, 0.9656216502189636, -0.259016215801239, -0.9511277675628662, 0.10006467998027802, 0.2921355962753296),
            ["UpperTorso"] = CFrame.new(-3.948807716369629e-07, 5.960464477539063e-08, -6.183981895446777e-07, 0.9341009855270386, 0.06945568323135376, -0.3501875400543213, 0.03718918561935425, 0.9566259980201721, 0.2889353632926941, 0.3550666570663452, -0.28291797637939453, 0.891002357006073),
            ["HumanoidRootPart"] = CFrame.new(0, 0, 0, 1, 0, 0, 0, 1, 0, 0, 0, 1),
            ["RightUpperLeg"] = CFrame.new(-0.07948261499404907, -0.05476565286517143, -0.13473056256771088, 0.9419113397598267, -0.26630398631095886, -0.20465916395187378, 0.1411949247121811, 0.8668608665466309, -0.47813868522644043, 0.30474117398262024, 0.4214671552181244, 0.8541066646575928),
            ["LeftUpperArm"] = CFrame.new(0, 4.76837158203125e-07, -8.642673492431641e-07, 0.9436205625534058, -0.2943746745586395, 0.15140573680400848, 0.08338352292776108, 0.6540024876594543, 0.7518829107284546, -0.32035502791404724, -0.6968675255775452, 0.6416762471199036),
            ["RightLowerArm"] = CFrame.new(5.960464477539063e-08, -3.5762786865234375e-07, -8.940696716308594e-08, 1, -6.984920020158825e-08, 1.3876707782856101e-07, 9.173528781047935e-08, -0.15939107537269592, -0.987215518951416, 1.0989607801548118e-07, 0.987215518951416, -0.15939104557037354),
            ["LeftHand"] = CFrame.new(0.0000017583370208740234, -3.5762786865234375e-07, 1.7881393432617188e-07, 0.951055109500885, 0.3089926838874817, 0.0042256019078195095, -0.30728211998939514, 0.944164514541626, 0.11887410283088684, 0.032741572707891464, -0.1143541932106018, 0.9929003119468689),
            ["RightHand"] = CFrame.new(-0.0000010041985660791397, -5.960464477539063e-08, -3.725290298461914e-07, 0.9496519565582275, -0.30899420380592346, 0.05180562287569046, 0.31124234199523926, 0.9493592977523804, -0.04295521602034569, -0.035909254103899, 0.05691658332943916, 0.9977329969406128),
            ["RightUpperArm"] = CFrame.new(0.036666035652160645, -0.16669750213623047, -0.03142319619655609, 0.7353891134262085, -0.06787732988595963, 0.6742370128631592, 0.38151928782463074, 0.8637672066688538, -0.3291645348072052, -0.560041069984436, 0.4992983937263489, 0.6611015200614929),
            ["RightLowerLeg"] = CFrame.new(-0.0000012814998626708984, -5.960464477539062e-07, -0.000004096124030184001, 1, -1.3411039390121005e-07, -6.146728992462158e-08, 2.0489096641540527e-07, 0.4098626375198364, 0.9121472835540771, -6.332993507385254e-08, -0.9121473431587219, 0.409862756729126),
            ["LeftUpperLeg"] = CFrame.new(0.009195953607559204, -0.013318058103322983, 0.012516066431999207, 0.9566352367401123, 0.12490376830101013, 0.26315078139305115, -0.25822389125823975, 0.7816911935806274, 0.5676968097686768, -0.1347952038049698, -0.6110303997993469, 0.780046284198761),
            ["LeftLowerLeg"] = CFrame.new(-5.550682544708252e-07, 0.0000011324882507324219, 0.0000049173831939697266, 1, 3.3527612686157227e-08, -3.725290298461914e-09, -7.450580596923828e-09, 0.9999858736991882, 0.005317177623510361, 7.450580596923828e-09, -0.005317110102623701, 0.999985933303833),
        }},
        {Time = 0.140, Data = {
            ["RightFoot"] = CFrame.new(2.8312206268310547e-07, 1.1920928955078125e-07, -4.937683115713298e-07, 0.9912645816802979, 0.11538337171077728, -0.06388473510742188, -0.10615690797567368, 0.9854585528373718, 0.1326736956834793, 0.07826398313045502, -0.12473301589488983, 0.989098846912384),
            ["LeftLowerArm"] = CFrame.new(7.152557373046875e-07, -4.76837158203125e-07, -4.470348358154297e-07, 1, -5.960463766996327e-08, 8.475035429000854e-08, 8.009374141693115e-08, 0.2598101496696472, -0.9656597375869751, 8.568167686462402e-08, 0.9656596779823303, 0.25981032848358154),
            ["LeftFoot"] = CFrame.new(9.164214134216309e-07, 4.172325134277344e-07, 2.9802322387695312e-08, 0.9803027510643005, -0.1933545619249344, 0.040258269757032394, 0.19488602876663208, 0.9139524102210999, -0.35596418380737305, 0.032033104449510574, 0.35679852962493896, 0.9336321353912354),
            ["Head"] = CFrame.new(-3.7997961044311523e-07, 1.1920928955078125e-07, 2.682209014892578e-07, 0.9853636622428894, -0.002592839067801833, -0.17044566571712494, 0.027034468948841095, 0.9896069169044495, 0.1412351131439209, 0.16830798983573914, -0.14377571642398834, 0.9751927852630615),
            ["LowerTorso"] = CFrame.new(0.026448853313922882, -0.12176692485809326, 15.20895767211914, 0.3080871105194092, 0.23991268873214722, 0.9206108450889587, 0.022033577784895897, 0.9656216502189636, -0.259016215801239, -0.9511030316352844, 0.10008392482995987, 0.2922093868255615),
            ["UpperTorso"] = CFrame.new(-6.742775440216064e-07, -1.1920928955078125e-07, -5.21540641784668e-08, 0.9341293573379517, 0.06945367157459259, -0.35011255741119385, 0.03716915100812912, 0.9566250443458557, 0.28894105553627014, 0.35499441623687744, -0.2829216718673706, 0.8910298943519592),
            ["HumanoidRootPart"] = CFrame.new(0, 0, 0, 1, 0, 0, 0, 1, 0, 0, 0, 1),
            ["RightUpperLeg"] = CFrame.new(-0.07948356866836548, -0.05476578697562218, -0.13472989201545715, 0.9419121146202087, -0.26630187034606934, -0.2046584188938141, 0.14119358360767365, 0.8668614625930786, -0.47813788056373596, 0.3047393560409546, 0.42146727442741394, 0.8541072010993958),
            ["LeftUpperArm"] = CFrame.new(1.1920928955078125e-07, 3.5762786865234375e-07, -2.086162567138672e-07, 0.9436205625534058, -0.2943746745586395, 0.15140573680400848, 0.08338352292776108, 0.6540024876594543, 0.7518829107284546, -0.32035502791404724, -0.6968675255775452, 0.6416762471199036),
            ["RightLowerArm"] = CFrame.new(-5.066394805908203e-07, -3.5762786865234375e-07, -2.682209014892578e-07, 1, -6.984920020158825e-08, 1.3876707782856101e-07, 9.173528781047935e-08, -0.15939107537269592, -0.987215518951416, 1.0989607801548118e-07, 0.987215518951416, -0.15939104557037354),
            ["LeftHand"] = CFrame.new(0.000001043081283569336, -5.960464477539062e-07, 2.384185791015625e-07, 0.951055109500885, 0.3089926838874817, 0.0042256019078195095, -0.30728211998939514, 0.944164514541626, 0.11887410283088684, 0.032741572707891464, -0.1143541932106018, 0.9929003119468689),
            ["RightHand"] = CFrame.new(-5.827751010656357e-07, -5.960464477539063e-08, -1.043081283569336e-07, 0.9496519565582275, -0.30899420380592346, 0.05180562287569046, 0.31124234199523926, 0.9493592977523804, -0.04295521602034569, -0.035909254103899, 0.05691658332943916, 0.9977329969406128),
            ["RightUpperArm"] = CFrame.new(0.036666154861450195, -0.16669774055480957, -0.03142260015010834, 0.7353891134262085, -0.06787732988595963, 0.6742370128631592, 0.38151928782463074, 0.8637672066688538, -0.3291645348072052, -0.560041069984436, 0.4992983937263489, 0.6611015200614929),
            ["RightLowerLeg"] = CFrame.new(-0.0000030994415283203125, -6.556510925292969e-07, -0.000004334542609285563, 1, -1.6391271628890536e-07, -9.49948883999241e-08, 1.7508864402770996e-07, 0.4098626375198364, 0.9121472239494324, -1.1175870895385742e-08, -0.9121472835540771, 0.4098626971244812),
            ["LeftUpperLeg"] = CFrame.new(0.009195476770401001, -0.013318357989192009, 0.012516334652900696, 0.9566349983215332, 0.12490379810333252, 0.2631513476371765, -0.25822409987449646, 0.7816910147666931, 0.5676966905593872, -0.13479556143283844, -0.611030638217926, 0.7800460457801819),
            ["LeftLowerLeg"] = CFrame.new(0.0000016558915376663208, 0.0000015497207641601562, 0.000004827976226806641, 1, 2.2351745343485163e-08, -3.725290742551124e-09, -3.725290298461914e-09, 0.999985933303833, 0.005317111033946276, 0, -0.005317134317010641, 0.999985933303833),
        }},
        {Time = 0.160, Data = {
            ["RightFoot"] = CFrame.new(0.0000010319054126739502, 3.5762786865234375e-07, 0.0000014843608369119465, 0.9912750124931335, 0.11533880978822708, -0.06380393356084824, -0.10612339526414871, 0.9854631423950195, 0.13266530632972717, 0.07817781716585159, -0.12473694980144501, 0.9891051650047302),
            ["LeftLowerArm"] = CFrame.new(-7.152557373046875e-07, -3.5762786865234375e-07, 1.4901161193847656e-08, 1, -5.960463766996327e-08, 8.475035429000854e-08, 8.009374141693115e-08, 0.2598101496696472, -0.9656597375869751, 8.568167686462402e-08, 0.9656596779823303, 0.25981032848358154),
            ["LeftFoot"] = CFrame.new(2.1606683731079102e-07, 1.7881393432617188e-07, -6.705522537231445e-08, 0.9802993535995483, -0.19335253536701202, 0.04034964367747307, 0.19491735100746155, 0.9139524698257446, -0.35594671964645386, 0.03194558620452881, 0.3567992150783539, 0.9336346983909607),
            ["Head"] = CFrame.new(-5.960464477539063e-08, 2.384185791015625e-07, 9.08970832824707e-07, 0.9853636622428894, -0.002592839067801833, -0.17044566571712494, 0.027034468948841095, 0.9896069169044495, 0.1412351131439209, 0.16830798983573914, -0.14377571642398834, 0.9751927852630615),
            ["LowerTorso"] = CFrame.new(0.02635211870074272, -0.12176692485809326, 15.202696800231934, 0.3081747889518738, 0.23990345001220703, 0.9205839037895203, 0.022033577784895897, 0.9656216502189636, -0.259016215801239, -0.9510746002197266, 0.10010604560375214, 0.29229432344436646),
            ["UpperTorso"] = CFrame.new(-8.67992639541626e-07, 5.960464477539063e-08, 2.2351741790771484e-07, 0.9341617822647095, 0.06945130974054337, -0.3500262200832367, 0.03714612126350403, 0.9566239714622498, 0.28894761204719543, 0.35491132736206055, -0.28292590379714966, 0.8910617232322693),
            ["HumanoidRootPart"] = CFrame.new(0, 0, 0, 1, 0, 0, 0, 1, 0, 0, 0, 1),
            ["RightUpperLeg"] = CFrame.new(-0.07948169112205505, -0.054765552282333374, -0.1347293257713318, 0.9419117569923401, -0.26630330085754395, -0.20465821027755737, 0.1411946564912796, 0.8668607473373413, -0.47813880443573, 0.3047400116920471, 0.42146778106689453, 0.8541067838668823),
            ["LeftUpperArm"] = CFrame.new(-4.76837158203125e-07, 3.5762786865234375e-07, 0.0000013709068298339844, 0.9436205625534058, -0.2943746745586395, 0.15140573680400848, 0.08338352292776108, 0.6540024876594543, 0.7518829107284546, -0.32035502791404724, -0.6968675255775452, 0.6416762471199036),
            ["RightLowerArm"] = CFrame.new(-0.0000012516975402832031, -1.1920928955078125e-07, -1.7881393432617188e-07, 1, -6.984920020158825e-08, 1.3876707782856101e-07, 9.173528781047935e-08, -0.15939107537269592, -0.987215518951416, 1.0989607801548118e-07, 0.987215518951416, -0.15939104557037354),
            ["LeftHand"] = CFrame.new(0.0000015050172805786133, -1.1920928955078125e-07, 6.556510925292969e-07, 0.951055109500885, 0.3089926838874817, 0.0042256019078195095, -0.30728211998939514, 0.944164514541626, 0.11887410283088684, 0.032741572707891464, -0.1143541932106018, 0.9929003119468689),
            ["RightHand"] = CFrame.new(-0.0000013438984751701355, -1.1920928955078125e-07, 0, 0.9496519565582275, -0.30899420380592346, 0.05180562287569046, 0.31124234199523926, 0.9493592977523804, -0.04295521602034569, -0.035909254103899, 0.05691658332943916, 0.9977329969406128),
