return {
    ["Vivacious"] = {
        {Time = 0.000, Data = {
            ["LeftFoot"] = CFrame.new(-6.146728992462158e-08, 0, 7.450580596923828e-09, 0.9858763813972473, 0.0952126532793045, 0.1377764344215393, -0.015388470143079758, 0.8706905245780945, -0.49159061908721924, -0.1667662262916565, 0.48252734541893005, 0.8598583936691284),
            ["LeftLowerArm"] = CFrame.new(-5.960464477539063e-08, -3.5762786865234375e-07, -9.313225746154785e-08, 1, -5.5879368687783426e-08, 7.4505820180093e-08, 1.0058287358560847e-07, -0.14180542528629303, -0.9898946285247803, 7.869678597671736e-08, 0.9898946285247803, -0.14180542528629303),
            ["LowerTorso"] = CFrame.new(-0.13198985159397125, -0.13085150718688965, 0.04793151468038559, -0.027376379817724228, 0.05656984820961952, 0.9980232119560242, 0.09477057307958603, 0.9940473437309265, -0.05374486371874809, -0.9951227307319641, 0.09311190247535706, -0.032574571669101715),
            ["Head"] = CFrame.new(-7.450580596923828e-09, 1.1920928955078125e-07, 5.587935447692871e-09, 0.5855289101600647, 0.07942395657300949, -0.806751549243927, -0.06014636531472206, 0.996702253818512, 0.05447114259004593, 0.8084172606468201, 0.016628824174404144, 0.5883747935295105),
            ["RightUpperArm"] = CFrame.new(1.1920928955078125e-07, 0, 2.9802322387695312e-08, 0.023991167545318604, -0.3699931800365448, -0.9287250638008118, 0.3017359673976898, 0.8883486986160278, -0.3461109399795532, 0.953089714050293, -0.27192220091819763, 0.13295477628707886),
            ["UpperTorso"] = CFrame.new(6.984919309616089e-09, 5.960464477539063e-08, -1.3737007975578308e-08, 0.7530069947242737, 0.15622976422309875, -0.6391971707344055, -0.07576903700828552, 0.98553067445755, 0.15161928534507751, 0.6536356210708618, -0.06573904305696487, 0.7539486289024353),
            ["HumanoidRootPart"] = CFrame.new(0, 0, 0, 1, 0, 0, 0, 1, 0, 0, 0, 1),
            ["RightHand"] = CFrame.new(-1.7881393432617188e-07, 1.1920928955078125e-07, -2.8312206268310547e-07, 0.2107362151145935, 0.9765082001686096, -0.04496175795793533, -0.8850936889648438, 0.17107579112052917, -0.43283113837242126, -0.4149693250656128, 0.13101480901241302, 0.9003530740737915),
            ["LeftUpperArm"] = CFrame.new(0, -1.1920928955078125e-07, 1.4901161193847656e-08, 0.3497674763202667, 0.1807490736246109, -0.9192348718643188, -0.5423080325126648, 0.8391621708869934, -0.041342977434396744, 0.763914167881012, 0.5129686594009399, 0.3915330767631531),
            ["RightLowerArm"] = CFrame.new(-0.0000014603137969970703, 0.0000012516975402832031, -6.258487701416016e-07, 1, -8.894112824009426e-08, 8.940681084368407e-08, 6.705555932740026e-08, 0.33292248845100403, -0.9429541230201721, 1.1175927028261867e-07, 0.9429542422294617, 0.33292263746261597),
            ["LeftHand"] = CFrame.new(-9.685754776000977e-08, 0, 7.078051567077637e-08, 0.4468420743942261, 0.2898506820201874, -0.846356213092804, -0.31996163725852966, 0.9352602362632751, 0.15137040615081787, 0.8354380130767822, 0.20316269993782043, 0.5106548070907593),
            ["RightUpperLeg"] = CFrame.new(1.7881393432617188e-07, -9.592622518539429e-08, -5.10553945787251e-08, 0.9793604016304016, 0.20056229829788208, -0.025062622502446175, -0.20096679031848907, 0.9530080556869507, -0.22668950259685516, -0.02158048003911972, 0.22704726457595825, 0.9736445546150208),
            ["LeftUpperLeg"] = CFrame.new(-1.1920928955078125e-07, -1.2759119272232056e-07, -5.587935447692871e-08, 0.954161524772644, 0.16987116634845734, 0.2464134246110916, -0.035272110253572464, 0.8814069628715515, -0.4710391163825989, -0.2972062826156616, 0.440755695104599, 0.8469962477684021),
            ["RightLowerLeg"] = CFrame.new(5.774199962615967e-08, -0.0000603795051574707, -0.00007211806223494932, 1, -7.82310962677002e-08, -2.6077035641947077e-08, 8.009374852235851e-08, 0.8310645818710327, 0.5561757683753967, -2.2351745343485163e-08, -0.5561760663986206, 0.8310648202896118),
            ["RightFoot"] = CFrame.new(1.5832483768463135e-08, 1.7881393432617188e-07, 3.5579432733356953e-09, 0.9283363223075867, -0.11041461676359177, -0.3549653887748718, -0.011791561730206013, 0.9456446170806885, -0.32498812675476074, 0.3715543746948242, 0.30588412284851074, 0.8765743374824524),
            ["LeftLowerLeg"] = CFrame.new(6.705522537231445e-08, 0.000060617923736572266, 0.00007209181785583496, 1, 5.21540641784668e-08, 2.421438694000244e-08, -8.568167686462402e-08, 0.6365312337875366, 0.7712509632110596, 2.2351741790771484e-08, -0.7712509036064148, 0.6365312337875366),
        }},
        {Time = 0.033, Data = {
            ["LeftFoot"] = CFrame.new(4.470348358154297e-08, 1.1920928955078125e-07, -7.450580596923828e-09, 0.9776707291603088, 0.10455827414989471, 0.1822846680879593, -0.01237060409039259, 0.8945626616477966, -0.4467713236808777, -0.20977874100208282, 0.43454015254974365, 0.8758811354637146),
            ["LeftLowerArm"] = CFrame.new(-6.556510925292969e-07, -3.5762786865234375e-07, 4.470348358154297e-08, 1, -9.313227877782992e-08, 7.823110337312755e-08, 8.195636524988004e-08, -0.19740180671215057, -0.9803227186203003, 1.0430809993522416e-07, 0.9803227782249451, -0.19740179181098938),
            ["LowerTorso"] = CFrame.new(-0.1256336122751236, -0.09584188461303711, 0.049100399017333984, 0.012139719910919666, 0.04880471155047417, 0.9987345933914185, 0.07523678243160248, 0.9959322214126587, -0.04958229139447212, -0.9970918297767639, 0.07574348896741867, 0.008418428711593151),
            ["Head"] = CFrame.new(9.313225746154785e-09, 0, -3.725290298461914e-09, 0.5388690233230591, 0.04395388066768646, -0.8412424325942993, -0.05928557738661766, 0.9981403946876526, 0.014175507239997387, 0.8403007984161377, 0.04223483055830002, 0.5404722690582275),
            ["RightUpperArm"] = CFrame.new(1.1920928955078125e-07, 2.384185791015625e-07, 5.960464477539063e-08, 0.06344598531723022, -0.3856132924556732, -0.9204768538475037, 0.32772159576416016, 0.879237949848175, -0.34574583172798157, 0.9426416754722595, -0.27971968054771423, 0.1821596473455429),
            ["UpperTorso"] = CFrame.new(8.847564458847046e-09, 1.7881393432617188e-07, -1.682201400399208e-08, 0.7736265659332275, 0.14877955615520477, -0.6159277558326721, -0.07488342374563217, 0.9866988062858582, 0.14428456127643585, 0.6292014718055725, -0.06549957394599915, 0.7744772434234619),
            ["HumanoidRootPart"] = CFrame.new(0, 0, 0, 1, 0, 0, 0, 1, 0, 0, 0, 1),
            ["RightHand"] = CFrame.new(2.980232238769531e-07, -2.384185791015625e-07, 1.7881393432617188e-07, 0.17840412259101868, 0.9824578166007996, -0.05429463088512421, -0.935194194316864, 0.15214598178863525, -0.3197871744632721, -0.3059147000312805, 0.10783429443836212, 0.9459325671195984),
            ["LeftUpperArm"] = CFrame.new(0, 0, -2.9802322387695312e-08, 0.3544679880142212, 0.2548639476299286, -0.8996650576591492, -0.5768512487411499, 0.8168389201164246, 0.004120947793126106, 0.7359314560890198, 0.5175118446350098, 0.4365614354610443),
            ["RightLowerArm"] = CFrame.new(-0.0000011324882507324219, 0.0000016689300537109375, -6.854534149169922e-07, 1, -8.940677531654728e-08, 5.9604523983125546e-08, 1.173471630977474e-07, 0.22486872971057892, -0.9743890762329102, 5.960490767620286e-08, 0.9743890762329102, 0.2248687893152237),
            ["LeftHand"] = CFrame.new(1.8067657947540283e-07, -1.1920928955078125e-07, 5.21540641784668e-08, 0.4742177724838257, 0.29730433225631714, -0.8286904096603394, -0.33374184370040894, 0.9317118525505066, 0.14328095316886902, 0.8146986961364746, 0.20862218737602234, 0.5410572290420532),
            ["RightUpperLeg"] = CFrame.new(1.7881393432617188e-07, 9.918585419654846e-08, -1.0227813618257642e-07, 0.9816792011260986, 0.1894405037164688, 0.020454078912734985, -0.18078765273094177, 0.9599502086639404, -0.21403661370277405, -0.060182057321071625, 0.20641720294952393, 0.9766115546226501),
            ["LeftUpperLeg"] = CFrame.new(-5.960464477539063e-08, 1.1688098311424255e-07, -3.213062882423401e-08, 0.9713191986083984, 0.11644747108221054, 0.20731429755687714, -0.018560122698545456, 0.9063449501991272, -0.4221309721469879, -0.23705419898033142, 0.40617597103118896, 0.8825114369392395),
            ["RightLowerLeg"] = CFrame.new(0, -0.000060439109802246094, -0.00007217301026685163, 1, -7.450580596923828e-08, -2.2351741790771484e-08, 7.543713564928112e-08, 0.8671591877937317, 0.49803081154823303, -1.6763808119435453e-08, -0.4980310797691345, 0.867159366607666),
            ["RightFoot"] = CFrame.new(-9.313225746154785e-09, 3.5762786865234375e-07, 4.1974999476224184e-08, 0.9295710325241089, -0.10781796276569366, -0.3525240421295166, 0.004273019731044769, 0.9593610763549805, -0.2821488678455353, 0.3686184585094452, 0.2607713043689728, 0.8922549486160278),
            ["LeftLowerLeg"] = CFrame.new(-1.4901161193847656e-08, 0.00006085634231567383, 0.00007198750972747803, 1, 5.21540641784668e-08, 2.9802322387695312e-08, -5.960464477539063e-08, 0.7094369530677795, 0.7047690153121948, 3.5390257835388184e-08, -0.7047688961029053, 0.7094369530677795),
        }},
        {Time = 0.067, Data = {
            ["LeftFoot"] = CFrame.new(3.2654497772455215e-08, -5.960464477539063e-08, 4.0978193283081055e-08, 0.9540748000144958, 0.10985511541366577, 0.27869912981987, -0.0011199433356523514, 0.931636393070221, -0.363390177488327, -0.29956650733947754, 0.3463892638683319, 0.8889738321304321),
            ["LeftLowerArm"] = CFrame.new(2.384185791015625e-07, -1.7881393432617188e-07, 0, 1, -9.313232141039407e-08, 1.1175872316471214e-07, 4.190953362126493e-09, -0.32231834530830383, -0.9466314911842346, 1.192093463942001e-07, 0.9466313123703003, -0.322317898273468),
            ["LowerTorso"] = CFrame.new(-0.11858077347278595, -0.060639381408691406, 0.05167901888489723, 0.13330960273742676, 0.03225676342844963, 0.9905494451522827, 0.03946123272180557, 0.9985048174858093, -0.037826571613550186, -0.9902885556221008, 0.04413094371557236, 0.13183742761611938),
            ["Head"] = CFrame.new(-1.862645149230957e-08, -1.1920928955078125e-07, -5.587935447692871e-08, 0.5328441858291626, -0.011386586353182793, -0.8461370468139648, -0.055173031985759735, 0.997314453125, -0.048165462911129, 0.8444128632545471, 0.07234861701726913, 0.530784547328949),
            ["RightUpperArm"] = CFrame.new(-1.1920928955078125e-07, -3.5762786865234375e-07, -2.9802322387695312e-08, 0.15708279609680176, -0.4315347969532013, -0.8883142471313477, 0.37267637252807617, 0.8588820695877075, -0.35133424401283264, 0.9145695567131042, -0.27586087584495544, 0.29573994874954224),
            ["UpperTorso"] = CFrame.new(1.955777406692505e-08, 3.5762786865234375e-07, -8.381903171539307e-09, 0.8139674663543701, 0.1326373964548111, -0.5655655860900879, -0.07246147841215134, 0.9891632199287415, 0.12769301235675812, 0.5763733386993408, -0.06295627355575562, 0.8147576451301575),
            ["HumanoidRootPart"] = CFrame.new(0, 0, 0, 1, 0, 0, 0, 1, 0, 0, 0, 1),
            ["RightHand"] = CFrame.new(1.1920928955078125e-07, -5.960464477539063e-08, 1.7881393432617188e-07, 0.10089928656816483, 0.9934976696968079, -0.052735839039087296, -0.9936068654060364, 0.0979277491569519, -0.05617407709360123, -0.05064264312386513, 0.05807386338710785, 0.9970273971557617),
            ["LeftUpperArm"] = CFrame.new(5.960464477539063e-08, -1.1920928955078125e-07, 0, 0.3791322410106659, 0.3910265862941742, -0.8386640548706055, -0.631567120552063, 0.7717514038085938, 0.0743178129196167, 0.676300048828125, 0.5014957785606384, 0.5395548939704895),
            ["RightLowerArm"] = CFrame.new(-0.0000015795230865478516, 0.0000012516975402832031, -6.258487701416016e-07, 1, -9.685745538945412e-08, 9.313201587701769e-08, 1.2293519091599592e-07, -0.019066940993070602, -0.9998182654380798, 1.5646297413240973e-07, 0.9998182058334351, -0.01906687207520008),
            ["LeftHand"] = CFrame.new(0, 1.1920928955078125e-07, 1.1548399925231934e-07, 0.5170281529426575, 0.31146103143692017, -0.7972917556762695, -0.3302546739578247, 0.9319150447845459, 0.14988765120506287, 0.7896922826766968, 0.18581290543079376, 0.5846876502037048),
            ["RightUpperLeg"] = CFrame.new(1.1920928955078125e-07, 6.752088665962219e-09, -7.24758137948811e-08, 0.9732050895690918, 0.17985209822654724, 0.14326564967632294, -0.14213094115257263, 0.9603014588356018, -0.2400415986776352, -0.18075014650821686, 0.21324700117111206, 0.9601327776908875),
            ["LeftUpperLeg"] = CFrame.new(2.9802322387695312e-08, 1.993030309677124e-07, -3.725290298461914e-08, 0.991037905216217, 0.03953966498374939, 0.1275954246520996, 0.010837488807737827, 0.9282411336898804, -0.3718215525150299, -0.13314096629619598, 0.3698717951774597, 0.9194934964179993),
            ["RightLowerLeg"] = CFrame.new(2.9802322387695312e-08, -0.0000603795051574707, -0.00007207615271909162, 1, -6.984919309616089e-08, -1.30385160446167e-08, 6.891787052154541e-08, 0.8919833302497864, 0.4520679712295532, -1.1175870895385742e-08, -0.4520682394504547, 0.8919835090637207),
            ["RightFoot"] = CFrame.new(2.3283064365386963e-09, 2.980232238769531e-07, -7.617927622050047e-09, 0.9313116669654846, -0.10125265270471573, -0.3498665988445282, 0.022086750715970993, 0.9745144248008728, -0.22323507070541382, 0.3635530173778534, 0.2001742273569107, 0.9098129868507385),
            ["LeftLowerLeg"] = CFrame.new(7.596099749207497e-09, 0.000060498714447021484, 0.0000721178948879242, 1, 5.8687874116003513e-08, 1.979060293422208e-08, -5.353649612516165e-08, 0.7731420993804932, 0.6342328190803528, 1.8684659153223038e-08, -0.6342328786849976, 0.7731420993804932),
        }},
        {Time = 0.100, Data = {
            ["LeftFoot"] = CFrame.new(4.0046870708465576e-08, -1.1920928955078125e-07, 5.587935447692871e-08, 0.907174825668335, 0.1065322756767273, 0.40704381465911865, 0.016994696110486984, 0.957348644733429, -0.2884349822998047, -0.4204104542732239, 0.26857858896255493, 0.8666722178459167),
            ["LeftLowerArm"] = CFrame.new(-2.980232238769531e-07, -1.7881393432617188e-07, -4.470348358154297e-08, 1, -2.2351736461700966e-08, 2.0861619987044833e-07, 1.247971965767647e-07, -0.4706387519836426, -0.882326066493988, 1.0430809993522416e-07, 0.8823259472846985, -0.4706387221813202),
            ["LowerTorso"] = CFrame.new(-0.1142774149775505, -0.04506874084472656, 0.056148771196603775, 0.3507230877876282, 0.014035875909030437, 0.9363740086555481, 0.0030829948373138905, 0.9998649954795837, -0.016142316162586212, -0.9364742040634155, 0.008548323065042496, 0.3506324589252472),
            ["Head"] = CFrame.new(1.4901161193847656e-08, 2.384185791015625e-07, 1.4901161193847656e-08, 0.616425096988678, -0.043275825679302216, -0.7862237691879272, -0.04683421924710274, 0.994705855846405, -0.09147065877914429, 0.786019504070282, 0.0932069644331932, 0.6111345887184143),
            ["RightUpperArm"] = CFrame.new(-5.960464477539063e-08, 3.5762786865234375e-07, 4.470348358154297e-08, 0.32575440406799316, -0.4846262037754059, -0.8118003606796265, 0.42033299803733826, 0.8433492183685303, -0.3347899913787842, 0.8468791842460632, -0.23216302692890167, 0.4784305989742279),
            ["UpperTorso"] = CFrame.new(4.656612873077393e-10, -5.960464477539063e-08, -9.313225746154785e-09, 0.858493447303772, 0.11189024150371552, -0.5004695057868958, -0.0686785876750946, 0.9922015070915222, 0.10401737689971924, 0.5082048177719116, -0.05492663383483887, 0.8594828248023987),
            ["HumanoidRootPart"] = CFrame.new(0, 0, 0, 1, 0, 0, 0, 1, 0, 0, 0, 1),
            ["RightHand"] = CFrame.new(-3.5762786865234375e-07, -5.960464477539063e-08, 0, 0.018955493345856667, 0.9998180270195007, 0.002169285900890827, -0.9862560629844666, 0.01834244467318058, 0.16420096158981323, 0.16413305699825287, -0.005244780331850052, 0.9864246249198914),
            ["LeftUpperArm"] = CFrame.new(0, 2.384185791015625e-07, 1.4901161193847656e-08, 0.45541930198669434, 0.5480865240097046, -0.7015660405158997, -0.6592585444450378, 0.7372115254402161, 0.14797839522361755, 0.5983072519302368, 0.3951208293437958, 0.6970707178115845),
            ["RightLowerArm"] = CFrame.new(-9.5367431640625e-07, 0.0000015497207641601562, -7.152557373046875e-07, 1, -1.043079933538138e-07, 1.1920884901428508e-07, 5.1222986741095156e-08, -0.2231515645980835, -0.9747840762138367, 9.685800961278801e-08, 0.9747838377952576, -0.22315044701099396),
            ["LeftHand"] = CFrame.new(1.2293457984924316e-07, -5.960464477539063e-08, -2.2351741790771484e-08, 0.5525599718093872, 0.27940529584884644, -0.7852452993392944, -0.28953155875205994, 0.9478111267089844, 0.13351206481456757, 0.7815682888031006, 0.1535797417163849, 0.6046190857887268),
            ["RightUpperLeg"] = CFrame.new(1.1920928955078125e-07, -1.971493475139141e-07, -7.620110409334302e-08, 0.9306725859642029, 0.19076573848724365, 0.3121812641620636, -0.08810929954051971, 0.9450513124465942, -0.31482526659965515, -0.35508492588996887, 0.26549288630485535, 0.8963414430618286),
            ["LeftUpperLeg"] = CFrame.new(-1.1920928955078125e-07, 5.21540641784668e-08, 3.725290298461914e-09, 0.9987188577651978, -0.029551755636930466, 0.04107816517353058, 0.041741758584976196, 0.9399989247322083, -0.33861467242240906, -0.02860671654343605, 0.3398953080177307, 0.9400280714035034),
            ["RightLowerLeg"] = CFrame.new(-8.149072527885437e-09, -0.000060558319091796875, -0.00007209571049315855, 1, -7.380732114370403e-08, -1.5366824257512235e-08, 7.869676466043529e-08, 0.8918393850326538, 0.45235204696655273, -1.6763808119435453e-08, -0.4523523151874542, 0.8918395638465881),
            ["RightFoot"] = CFrame.new(-1.1990778148174286e-08, 3.5762786865234375e-07, 7.639755494892597e-10, 0.9481812715530396, -0.08368127048015594, -0.3065125048160553, 0.035091809928417206, 0.9863734841346741, -0.16073577105998993, 0.31578633189201355, 0.14165079593658447, 0.9381972551345825),
            ["LeftLowerLeg"] = CFrame.new(9.685754776000977e-08, 0.000060558319091796875, 0.00007211416959762573, 1, 5.960465188081798e-08, 6.519258910486769e-09, -4.4703490686970326e-08, 0.8066627383232117, 0.5910121202468872, 1.862645326866641e-08, -0.5910121202468872, 0.8066627383232117),
        }},
        {Time = 0.133, Data = {
            ["LeftFoot"] = CFrame.new(6.891787052154541e-08, -1.1920928955078125e-07, 7.450580596923828e-09, 0.8632330298423767, 0.1281765103340149, 0.4882616698741913, 0.00889878161251545, 0.9632130861282349, -0.26859161257743835, -0.5047271847724915, 0.23620209097862244, 0.8303367495536804),
            ["LeftLowerArm"] = CFrame.new(-4.76837158203125e-07, 2.384185791015625e-07, 1.0710209608078003e-07, 1, -5.215405707303944e-08, 1.7881390590446244e-07, 6.70552182668871e-08, -0.6177646517753601, -0.786362886428833, 1.471489525783909e-07, 0.7863631248474121, -0.6177648305892944),
            ["LowerTorso"] = CFrame.new(-0.1156950369477272, -0.021430492401123047, 0.06195220351219177, 0.5895534753799438, 0.005920359864830971, 0.8077077269554138, -0.02797788940370083, 0.999522864818573, 0.013094992376863956, -0.8072447180747986, -0.030318155884742737, 0.58943772315979),
            ["Head"] = CFrame.new(-2.60770320892334e-08, -2.384185791015625e-07, 1.862645149230957e-08, 0.7589038014411926, -0.06057920679450035, -0.6483789086341858, -0.022574961185455322, 0.9926178455352783, -0.1191650852560997, 0.6508112549781799, 0.1050720363855362, 0.7519339323043823),
            ["RightUpperArm"] = CFrame.new(0, -2.384185791015625e-07, 2.9802322387695312e-08, 0.5193360447883606, -0.5278174877166748, -0.6720829010009766, 0.46884822845458984, 0.8335122466087341, -0.29230332374572754, 0.714472770690918, -0.1632978469133377, 0.6803407073020935),
            ["UpperTorso"] = CFrame.new(-3.725290298461914e-09, -2.384185791015625e-07, 5.587935447692871e-09, 0.903859555721283, 0.09151641279459, -0.417927086353302, -0.06542043387889862, 0.9949303269386292, 0.0763806402683258, 0.42279812693595886, -0.04169638454914093, 0.9052640795707703),
            ["HumanoidRootPart"] = CFrame.new(0, 0, 0, 1, 0, 0, 0, 1, 0, 0, 0, 1),
            ["RightHand"] = CFrame.new(8.940696716308594e-08, 5.960464477539063e-08, 2.9802322387695312e-08, -0.03553897514939308, 0.9952456951141357, 0.09068799763917923, -0.948677122592926, -0.06213013455271721, 0.31008076667785645, 0.31424325704574585, -0.07500632852315903, 0.9463750720024109),
            ["LeftUpperArm"] = CFrame.new(-1.1920928955078125e-07, -1.1920928955078125e-07, 2.9802322387695312e-08, 0.5561538934707642, 0.6791239976882935, -0.47904449701309204, -0.6646148562431335, 0.7095142006874084, 0.23425814509391785, 0.4989789128303528, 0.18809644877910614, 0.8459548950195312),
            ["RightLowerArm"] = CFrame.new(-0.0000012516975402832031, 0.0000011920928955078125, -5.662441253662109e-07, 1, -7.823099679171719e-08, 1.117583110499254e-07, 7.264350188052049e-08, -0.3759586215019226, -0.9266372919082642, 1.490123082703576e-07, 0.9266365170478821, -0.3759565055370331),
            ["LeftHand"] = CFrame.new(-7.450580596923828e-08, 0, -2.905726432800293e-07, 0.5788723826408386, 0.15511168539524078, -0.8005293607711792, -0.1212782934308052, 0.9871991872787476, 0.10358289629220963, 0.8063488602638245, 0.03712550178170204, 0.5902740359306335),
            ["RightUpperLeg"] = CFrame.new(1.1920928955078125e-07, -2.6100315153598785e-07, -6.688787834718823e-08, 0.9133518934249878, 0.17973250150680542, 0.3653557002544403, -0.03987414762377739, 0.9324710965156555, -0.35903728008270264, -0.4052141606807709, 0.3133588433265686, 0.8588407635688782),
            ["LeftUpperLeg"] = CFrame.new(-5.960464477539063e-08, -2.05356627702713e-07, 2.2351741790771484e-08, 0.9968627095222473, -0.07831459492444992, 0.011478963308036327, 0.07833073288202286, 0.9552677273750305, -0.2851804792881012, 0.011368315666913986, 0.285184770822525, 0.9584051966667175),
            ["RightLowerLeg"] = CFrame.new(2.2351741790771484e-08, -0.0000603795051574707, -0.0000720081661711447, 1, -5.774201383701438e-08, 1.3038517820973539e-08, 5.587936158235607e-08, 0.9107441306114197, 0.4129711389541626, -9.313226634333205e-09, -0.4129713773727417, 0.9107441306114197),
            ["RightFoot"] = CFrame.new(-2.0489096641540527e-08, 2.980232238769531e-07, -5.75528247281909e-09, 0.9930949211120605, -0.07290684431791306, -0.0919090136885643, 0.06612996011972427, 0.9950078129768372, -0.07474243640899658, 0.0968993604183197, 0.06814859807491302, 0.9929583668708801),
            ["LeftLowerLeg"] = CFrame.new(1.862645149230957e-08, 0.000060617923736572266, 0.00007203221321105957, 1, 4.8428766774577525e-08, 5.774199962615967e-08, -2.9802322387695312e-08, 0.8563589453697205, 0.5163809657096863, -1.4901161193847656e-08, -0.5163809061050415, 0.8563590049743652),
        }},
        {Time = 0.167, Data = {
            ["LeftFoot"] = CFrame.new(1.1175870895385742e-08, 5.960464477539063e-08, 3.725290298461914e-08, 0.837983250617981, 0.16402371227741241, 0.5204618573188782, 0.002693840069696307, 0.9525026082992554, -0.30451881885528564, -0.5456894040107727, 0.25658369064331055, 0.7977392673492432),
            ["LeftLowerArm"] = CFrame.new(-2.384185791015625e-07, -5.960464477539063e-08, -1.1920928955078125e-07, 1, -6.70552182668871e-08, 1.341104507446289e-07, 1.862644793959589e-08, -0.7919167280197144, -0.6106290817260742, 1.5646214990283625e-07, 0.6106290221214294, -0.7919167876243591),
            ["LowerTorso"] = CFrame.new(-0.1200391948223114, -0.015962600708007812, 0.0663367211818695, 0.7986854910850525, -0.004151747561991215, 0.6017345190048218, -0.028602031990885735, 0.9985840916633606, 0.04485348239541054, -0.6010687351226807, -0.05303465202450752, 0.7974357604980469),
            ["Head"] = CFrame.new(-1.862645149230957e-08, 0, -2.9802322387695312e-08, 0.9179416298866272, -0.025939293205738068, -0.3958667516708374, -0.002247646450996399, 0.9975041151046753, -0.07057363539934158, 0.396709144115448, 0.06567231565713882, 0.9155920743942261),
            ["RightUpperArm"] = CFrame.new(0, 1.1920928955078125e-07, -8.940696716308594e-08, 0.6966119408607483, -0.5526970028877258, -0.4574430584907532, 0.4940069913864136, 0.8318896889686584, -0.2528234124183655, 0.520277738571167, -0.04985786974430084, 0.8525410294532776),
            ["UpperTorso"] = CFrame.new(1.862645149230957e-09, 0, -7.450580596923828e-09, 0.9436036348342896, 0.07584352791309357, -0.32227349281311035, -0.06384522467851639, 0.996821403503418, 0.04765482246875763, 0.3248633146286011, -0.024391643702983856, 0.9454463720321655),
            ["HumanoidRootPart"] = CFrame.new(0, 0, 0, 1, 0, 0, 0, 1, 0, 0, 0, 1),
            ["RightHand"] = CFrame.new(1.1920928955078125e-07, 0, -2.682209014892578e-07, -0.06728887557983398, 0.980065643787384, 0.18693840503692627, -0.9011198282241821, -0.14012815058231354, 0.4102976322174072, 0.4283168613910675, -0.14083820581436157, 0.8925861120223999),
            ["LeftUpperArm"] = CFrame.new(0, 2.384185791015625e-07, -2.9802322387695312e-08, 0.66982102394104, 0.7252544164657593, -0.15920473635196686, -0.6928861737251282, 0.687585175037384, 0.21710655093193054, 0.2669242322444916, -0.03511175513267517, 0.9630776643753052),
            ["RightLowerArm"] = CFrame.new(-7.748603820800781e-07, 0.0000012516975402832031, -5.960464477539062e-07, 1, -8.19563368281706e-08, 1.1920892006855865e-07, 8.894162562000929e-08, -0.4725100100040436, -0.8813270330429077, 1.3411093391368922e-07, 0.881325364112854, -0.4725067615509033),
            ["LeftHand"] = CFrame.new(-5.21540641784668e-07, 0, -4.76837158203125e-07, 0.5310183167457581, -0.27028846740722656, -0.803096354007721, 0.4893992841243744, 0.8715340495109558, 0.030275609344244003, 0.6917425990104675, -0.4091118276119232, 0.5950796008110046),
            ["RightUpperLeg"] = CFrame.new(1.1920928955078125e-07, -2.778833732008934e-07, -6.875052349641919e-08, 0.9064290523529053, 0.18859340250492096, 0.3779140114784241, -0.027381103485822678, 0.9191281199455261, -0.3930061161518097, -0.42146968841552734, 0.3458843231201172, 0.8382881879806519),
            ["LeftUpperLeg"] = CFrame.new(-5.960464477539063e-08, -1.739244908094406e-07, 2.2351741790771484e-08, 0.9952149391174316, -0.09069913625717163, 0.036345671862363815, 0.09719054400920868, 0.9572086334228516, -0.27259090542793274, -0.010066619142889977, 0.27481895685195923, 0.9614433646202087),
            ["RightLowerLeg"] = CFrame.new(2.7474015951156616e-08, -0.00006031990051269531, -0.00007199233368737623, 1, -5.960464477539063e-08, -7.031485438346863e-08, 5.960464477539063e-08, 0.8983581066131592, 0.43926355242729187, -1.862645149230957e-09, -0.43926379084587097, 0.8983582854270935),
            ["RightFoot"] = CFrame.new(-8.381903171539307e-09, 4.172325134277344e-07, -3.892637323588133e-09, 0.9986907243728638, -0.044668037444353104, -0.02493174746632576, 0.04339917376637459, 0.9978406429290771, -0.049302201718091965, 0.027080053463578224, 0.04815584793686867, 0.9984727501869202),
            ["LeftLowerLeg"] = CFrame.new(-2.2351741790771484e-08, 0.000060617923736572266, 0.00007200241088867188, 1, 6.705522537231445e-08, -5.4016709327697754e-08, -5.960464477539063e-08, 0.8593237400054932, 0.5114319920539856, 1.30385160446167e-08, -0.5114319920539856, 0.8593237996101379),
        }},
        {Time = 0.200, Data = {
            ["LeftFoot"] = CFrame.new(4.470348358154297e-08, -5.960464477539063e-08, 2.2351741790771484e-08, 0.8811317682266235, 0.16779839992523193, 0.44209784269332886, -0.007294565439224243, 0.939635157585144, -0.3421003222465515, -0.4728146195411682, 0.2982105612754822, 0.8291663527488708),
            ["LeftLowerArm"] = CFrame.new(-8.344650268554688e-07, -2.384185791015625e-07, -2.384185791015625e-07, 1, -3.725289587919178e-08, 2.1606678046737215e-07, 9.126962652317161e-08, -0.8660253882408142, -0.5000000596046448, 2.048909948371147e-07, 0.5000000596046448, -0.866025447845459),
            ["LowerTorso"] = CFrame.new(-0.12086398154497147, -0.025548458099365234, 0.07405782490968704, 0.9208950996398926, -0.01452681329101324, 0.3895397186279297, -0.016698088496923447, 0.9969180822372437, 0.07665259391069412, -0.3894526958465576, -0.07709357142448425, 0.9178144335746765),
            ["Head"] = CFrame.new(1.1175870895385742e-08, -2.384185791015625e-07, -3.725290298461914e-08, 0.9998040795326233, -0.01970282569527626, -0.0019192059990018606, 0.01971955969929695, 0.9997636675834656, 0.009155767038464546, 0.0017383540980517864, -0.009191693738102913, 0.9999563097953796),
            ["RightUpperArm"] = CFrame.new(0, -2.384185791015625e-07, 1.4901161193847656e-08, 0.804841160774231, -0.5512633323669434, -0.21985341608524323, 0.5199827551841736, 0.8335624933242798, -0.1865330934524536, 0.28609201312065125, 0.03581099957227707, 0.9575332999229431),
            ["UpperTorso"] = CFrame.new(1.862645149230957e-09, -2.980232238769531e-07, 7.450580596923828e-09, 0.9744759202003479, 0.0679967924952507, -0.21394668519496918, -0.06496690958738327, 0.9976628422737122, 0.021169329062104225, 0.2148861289024353, -0.006729552987962961, 0.9766159653663635),
            ["HumanoidRootPart"] = CFrame.new(0, 0, 0, 1, 0, 0, 0, 1, 0, 0, 0, 1),
            ["RightHand"] = CFrame.new(7.450580596923828e-08, 0, 1.7881393432617188e-07, -0.03964526951313019, 0.9712531566619873, 0.2347307801246643, -0.8671239018440247, -0.15016983449459076, 0.4749120771884918, 0.496512234210968, -0.18470601737499237, 0.848150908946991),
            ["LeftUpperArm"] = CFrame.new(5.960464477539063e-08, -1.1920928955078125e-07, -5.21540641784668e-08, 0.6727674603462219, 0.7117280960083008, 0.2020568698644638, -0.7396655678749084, 0.6531897187232971, 0.1619819551706314, -0.016694538295269012, -0.25843074917793274, 0.965885579586029),
            ["RightLowerArm"] = CFrame.new(-2.682209014892578e-07, 0.0000017285346984863281, -6.258487701416016e-07, 1, -8.195630130103382e-08, 1.676376655268541e-07, 1.1106058650511841e-07, -0.5506191253662109, -0.8347584009170532, 1.378361957904417e-07, 0.83475661277771, -0.5506165027618408),
            ["LeftHand"] = CFrame.new(1.5832483768463135e-08, 0, 3.948807716369629e-07, 0.33060887455940247, -0.6172509789466858, -0.7139320373535156, 0.8381006121635437, 0.539821982383728, -0.0786103680729866, 0.43391844630241394, -0.5723577737808228, 0.6957883834838867),
            ["RightUpperLeg"] = CFrame.new(1.1920928955078125e-07, -3.757886588573456e-07, -4.639878170564771e-08, 0.916930079460144, 0.18077068030834198, 0.35575464367866516, -0.015486600808799267, 0.9069567322731018, -0.42093923687934875, -0.39874744415283203, 0.38046225905418396, 0.8344152569770813),
            ["LeftUpperLeg"] = CFrame.new(-1.1920928955078125e-07, -3.986060619354248e-07, 1.4901161193847656e-08, 0.982496976852417, -0.06155499070882797, 0.17581458389759064, 0.10638801753520966, 0.9601744413375854, -0.25835397839546204, -0.15290960669517517, 0.2725365161895752, 0.9499171376228333),
            ["RightLowerLeg"] = CFrame.new(2.2351741790771484e-08, -0.00006020069122314453, -0.00007210874900920317, 1, -6.705522537231445e-08, -1.2386590242385864e-07, 7.82310962677002e-08, 0.8654621839523315, 0.5009739995002747, -5.4016709327697754e-08, -0.5009742975234985, 0.8654623627662659),
            ["RightFoot"] = CFrame.new(0, 2.384185791015625e-07, -1.3205863069742918e-08, 0.9999220371246338, 0.0066820732317864895, 0.01054512057453394, -0.005816630553454161, 0.9967726469039917, -0.08006604760885239, -0.011046108789741993, 0.0799986943602562, 0.9967338442802429),
            ["LeftLowerLeg"] = CFrame.new(2.60770320892334e-08, 0.00006079673767089844, 0.00007208436727523804, 1, 5.960464477539063e-08, 2.7939680791178034e-08, -5.4016709327697754e-08, 0.8652766346931458, 0.5012947916984558, -4.6566128730773926e-08, -0.5012947916984558, 0.8652766942977905),
        }},
        {Time = 0.233, Data = {
            ["LeftFoot"] = CFrame.new(7.82310962677002e-08, -1.1920928955078125e-07, -7.450580596923828e-09, 0.9326764941215515, 0.13998566567897797, 0.33244332671165466, -0.011523198336362839, 0.9327183961868286, -0.36042168736457825, -0.36052989959716797, 0.3323259949684143, 0.8715375661849976),
            ["LeftLowerArm"] = CFrame.new(-0.0000020265579223632812, 1.1920928955078125e-07, 5.960464477539063e-08, 1, 0, 1.4900832923103735e-07, 2.98022406752807e-08, -0.8660248517990112, -0.49999934434890747, 1.341100812624063e-07, 0.5000008344650269, -0.8660258054733276),
            ["LowerTorso"] = CFrame.new(-0.1156020238995552, -0.05817389488220215, 0.09208393841981888, 0.9665374159812927, -0.01732921414077282, 0.25593993067741394, -0.011363663710653782, 0.9938439130783081, 0.11020530760288239, -0.25627410411834717, -0.10942596197128296, 0.9603903293609619),
            ["Head"] = CFrame.new(7.450580596923828e-09, -1.1920928955078125e-07, 1.955777406692505e-08, 0.9405998587608337, -0.08021023124456406, 0.3298918306827545, 0.06214665248990059, 0.9959510564804077, 0.06495267152786255, -0.3337809443473816, -0.040592920035123825, 0.9417815804481506),
            ["RightUpperArm"] = CFrame.new(0, -1.1920928955078125e-07, -2.9802322387695312e-08, 0.8168532252311707, -0.56074458360672, 0.13530360162258148, 0.5692639946937561, 0.8215373158454895, -0.03199348598718643, -0.09321774542331696, 0.10315993428230286, 0.9902875423431396),
            ["UpperTorso"] = CFrame.new(1.4901161193847656e-08, 2.384185791015625e-07, 7.450580596923828e-09, 0.9931359887123108, 0.07170658558607101, -0.0924096629023552, -0.07189164310693741, 0.99741131067276, 0.0012713235337287188, 0.09226395934820175, 0.005381796509027481, 0.9957202672958374),
            ["HumanoidRootPart"] = CFrame.new(0, 0, 0, 1, 0, 0, 0, 1, 0, 0, 0, 1),
            ["RightHand"] = CFrame.new(-1.7881393432617188e-07, -5.960464477539063e-08, -2.384185791015625e-07, 0.2139236330986023, 0.9611896872520447, 0.1742205172777176, -0.94722580909729, 0.16051211953163147, 0.27747899293899536, 0.2387469857931137, -0.22438861429691315, 0.9448030591011047),
            ["LeftUpperArm"] = CFrame.new(5.960464477539063e-08, -1.1920928955078125e-07, -2.60770320892334e-08, 0.5945429801940918, 0.6515225172042847, 0.4711850881576538, -0.795342743396759, 0.5626072883605957, 0.22562463581562042, -0.11810443550348282, -0.5089119672775269, 0.8526888489723206),
            ["RightLowerArm"] = CFrame.new(5.960464477539062e-07, 0.0000011324882507324219, -5.364418029785156e-07, 1, -8.940489237829752e-08, 1.4900817291163548e-07, 6.891792025953691e-08, -0.5156403183937073, -0.8568050861358643, 1.3783584051907383e-07, 0.8568052053451538, -0.5156404972076416),
            ["LeftHand"] = CFrame.new(-1.7229467630386353e-07, 2.980232238769531e-07, -2.60770320892334e-08, 0.3086865246295929, -0.6784977912902832, -0.6666004061698914, 0.8795533776283264, 0.4703914225101471, -0.07150100916624069, 0.3620753884315491, -0.5642452239990234, 0.7419781684875488),
            ["RightUpperLeg"] = CFrame.new(5.960464477539063e-08, -9.12696123123169e-08, -4.639878170564771e-08, 0.8979234099388123, 0.1961505264043808, 0.39402878284454346, 0.021115779876708984, 0.8749832510948181, -0.48369282484054565, -0.43964508175849915, 0.44263899326324463, 0.7815258502960205),
            ["LeftUpperLeg"] = CFrame.new(5.960464477539063e-08, 9.96515154838562e-08, 0, 0.9536052346229553, -0.03666621074080467, 0.29881906509399414, 0.12181635946035385, 0.9546684622764587, -0.27160465717315674, -0.2753143608570099, 0.29540449380874634, 0.9148432612419128),
            ["RightLowerLeg"] = CFrame.new(2.60770320892334e-08, -0.000060439109802246094, -0.00007218698010547087, 1, -5.587935447692871e-08, -6.612390279769897e-08, 1.1175870895385742e-07, 0.8219239115715027, 0.5695971250534058, -4.284083843231201e-08, -0.5695974230766296, 0.8219240307807922),
            ["RightFoot"] = CFrame.new(-3.725290298461914e-09, 4.172325134277344e-07, -2.029992174357176e-09, 0.9954148530960083, 0.041360240429639816, 0.08624733984470367, -0.027503613382577896, 0.9873640537261963, -0.1560634970664978, -0.09161239862442017, 0.15297603607177734, 0.9839744567871094),
            ["LeftLowerLeg"] = CFrame.new(2.2351741790771484e-08, 0.000060439109802246094, 0.00007212534546852112, 1, 5.21540641784668e-08, -3.166496398421259e-08, -4.656612162534657e-08, 0.8671019673347473, 0.49813076853752136, -2.7939672797572257e-09, -0.49813079833984375, 0.8671019077301025),
        }},
        {Time = 0.267, Data = {
            ["LeftFoot"] = CFrame.new(3.725290298461914e-09, -5.960464477539063e-08, 7.450580596923828e-09, 0.9493950009346008, 0.0873369574546814, 0.30169758200645447, 0.062128759920597076, 0.889360249042511, -0.4529661536216736, -0.30787843465805054, 0.4487878680229187, 0.8389281034469604),
            ["LeftLowerArm"] = CFrame.new(-2.980232238769531e-07, -5.960464477539063e-08, -1.1920928955078125e-07, 1, -6.146719044863858e-08, 1.8160757520035986e-07, 2.2351734685344127e-08, -0.8435189127922058, -0.5370993614196777, 1.6391271628890536e-07, 0.5370995402336121, -0.8435190320014954),
            ["LowerTorso"] = CFrame.new(-0.1036006435751915, -0.13890862464904785, 0.11682121455669403, 0.9867538213729858, -0.023079888895154, 0.16057519614696503, -0.0001705814793240279, 0.9896796941757202, 0.143297478556633, -0.16222527623176575, -0.1414266973733902, 0.9765661954879761),
            ["Head"] = CFrame.new(-1.4901161193847656e-08, -3.5762786865234375e-07, 2.9802322387695312e-08, 0.8282361030578613, -0.13599519431591034, 0.5436256527900696, 0.09653416275978088, 0.9902282357215881, 0.10064466297626495, -0.5520018935203552, -0.030879007652401924, 0.8332717418670654),
            ["RightUpperArm"] = CFrame.new(-5.960464477539063e-08, -2.384185791015625e-07, 1.4901161193847656e-08, 0.6865580081939697, -0.5267156362533569, 0.5012047290802002, 0.5804846882820129, 0.8121790289878845, 0.05836626514792442, -0.4378077983856201, 0.2508704662322998, 0.8633581399917603),
            ["UpperTorso"] = CFrame.new(8.527422323822975e-09, 2.086162567138672e-07, -1.4901161193847656e-08, 0.9965863823890686, 0.0777379497885704, 0.027794720605015755, -0.07742723077535629, 0.996924877166748, -0.012072897516191006, -0.028647616505622864, 0.00987961795181036, 0.9995407462120056),
            ["HumanoidRootPart"] = CFrame.new(0, 0, 0, 1, 0, 0, 0, 1, 0, 0, 0, 1),
            ["RightHand"] = CFrame.new(1.1920928955078125e-07, 5.960464477539063e-08, 1.4901161193847656e-07, 0.5283560156822205, 0.7918718457221985, 0.30623701214790344, -0.8100751042366028, 0.5781761407852173, -0.0974215492606163, -0.2542012929916382, -0.19659960269927979, 0.9469572305679321),
            ["LeftUpperArm"] = CFrame.new(0, -2.384185791015625e-07, 7.450580596923828e-09, 0.48451194167137146, 0.6488968729972839, 0.5866681933403015, -0.868001401424408, 0.43996867537498474, 0.2302194982767105, -0.1087278351187706, -0.6207740306854248, 0.7764145135879517),
            ["RightLowerArm"] = CFrame.new(-9.5367431640625e-07, 0.0000011324882507324219, -4.76837158203125e-07, 1, -2.980218027914816e-08, 1.490112708779634e-07, 7.45061043971873e-08, -0.3519327640533447, -0.93602454662323, 1.0803385919189168e-07, 0.9360253810882568, -0.3519348204135895),
            ["LeftHand"] = CFrame.new(-2.635642886161804e-07, 0, -6.984919309616089e-08, 0.4049215614795685, -0.6971498727798462, -0.5916256308555603, 0.8988836407661438, 0.4220220744609833, 0.11791948229074478, 0.16747139394283295, -0.5795512795448303, 0.7975425720214844),
            ["RightUpperLeg"] = CFrame.new(5.960464477539063e-08, -6.565824151039124e-08, -6.502523319795728e-08, 0.8699239492416382, 0.23472779989242554, 0.43374544382095337, 0.056330129504203796, 0.8264317512512207, -0.5602121353149414, -0.48995843529701233, 0.5117748379707336, 0.7057105302810669),
            ["LeftUpperLeg"] = CFrame.new(0, 2.9802322387695312e-08, 1.4901161193847656e-08, 0.9247433543205261, 0.025185124948620796, 0.37975725531578064, 0.13397859036922455, 0.9123963117599487, -0.38675934076309204, -0.356229692697525, 0.40853238105773926, 0.8403581976890564),
