return {
    ["Waddle Away"] = {
        [1] = {Time = 0.000, Data = {
            ["LeftFoot"] = CFrame.new(-3.91155481338501e-08, -5.960464477539063e-08, -1.4901161193847656e-08, 0.9968095421791077, 0.079588882625103, -0.006027099676430225, -0.07830789685249329, 0.9605574607849121, -0.26682794094085693, -0.015446439385414124, 0.26644888520240784, 0.9637253880500793),
            ["LeftLowerArm"] = CFrame.new(-0.0004931986331939697, -0.00009894371032714844, -2.7567148208618164e-07, 1, -4.5867615483530244e-08, -2.9802315282267955e-08, 4.260800423594446e-08, 1, -1.1175868230850483e-08, 4.0978189730367376e-08, -1.9557765185140852e-08, 1),
            ["LowerTorso"] = CFrame.new(-0.053250789642333984, -0.03535819053649902, -0.07770827412605286, 0.9997601509094238, -0.021361999213695526, -0.0048347110860049725, 0.021257685497403145, 0.9995599985122681, -0.020686836913228035, 0.005274496506899595, 0.020579099655151367, 0.9997743368148804),
            ["Head"] = CFrame.new(6.664777174592018e-09, -4.76837158203125e-07, -1.3387762010097504e-09, 0.9969531297683716, 0.07636042684316635, -0.015926165506243706, -0.0762820839881897, 0.9970713257789612, 0.005471293348819017, 0.01629731059074402, -0.004239743109792471, 0.9998582601547241),
            ["RightUpperArm"] = CFrame.new(0.01162874698638916, -0.032966017723083496, -2.0954757928848267e-09, 0.980049192905426, 0.18506702780723572, -0.07250093668699265, -0.1944068968296051, 0.9684407711029053, -0.1559685468673706, 0.04134714975953102, 0.16695129871368408, 0.9850976467132568),
            ["UpperTorso"] = CFrame.new(-4.889443516731262e-09, 2.086162567138672e-07, 3.026798367500305e-09, 0.9998728632926941, 0.013807404786348343, 0.007986416108906269, -0.014024587348103523, 0.9995149374008179, 0.02780938148498535, -0.007598566822707653, -0.027917850762605667, 0.9995813965797424),
            ["HumanoidRootPart"] = CFrame.new(0, 0, 0, 1, 0, 0, 0, 1, 0, 0, 0, 1),
            ["RightHand"] = CFrame.new(2.7939677238464355e-09, 1.1920928955078125e-07, -2.9802322387695312e-08, 0.5066224932670593, -0.7392110228538513, -0.44373512268066406, 0.6152278780937195, 0.6705251336097717, -0.4145970344543457, 0.604010283946991, -0.06295400857925415, 0.7944863438606262),
            ["LeftUpperArm"] = CFrame.new(-0.01162862777709961, -0.032966017723083496, 3.026798367500305e-09, 0.9682523012161255, -0.24368655681610107, 0.05575203150510788, 0.24897025525569916, 0.9600462913513184, -0.1277550607919693, -0.02239176072180271, 0.13757941126823425, 0.9902375936508179),
            ["RightLowerArm"] = CFrame.new(-0.000006884336471557617, 1.1920928955078125e-07, 1.4901161193847656e-08, 1, 4.516914486885071e-08, 3.725290653733282e-08, -5.261973967662925e-08, 1, 1.1175872671742582e-08, -4.097820394122209e-08, 0, 1),
            ["LeftHand"] = CFrame.new(-8.66129994392395e-08, 0.00009989738464355469, -1.043081283569336e-07, 0.4234674274921417, 0.7983472943305969, 0.42815548181533813, -0.5006362795829773, 0.6001317501068115, -0.6238630414009094, -0.755009114742279, 0.04983557015657425, 0.6538178324699402),
            ["RightUpperLeg"] = CFrame.new(-1.7881393432617188e-07, -1.9453000277280807e-07, 1.0986695997416973e-09, 0.5450977087020874, -0.04507425054907799, -0.8371601104736328, -0.09499571472406387, 0.9888020157814026, -0.1150931566953659, 0.8329731822013855, 0.14226357638835907, 0.5347116589546204),
            ["LeftUpperLeg"] = CFrame.new(-1.1920928955078125e-07, -4.0710438042879105e-07, 1.3271346688270569e-08, 0.6082579493522644, 0.09775213897228241, 0.7876967787742615, 0.04664073511958122, 0.98627108335495, -0.1584109216928482, -0.7923679947853088, 0.13309353590011597, 0.5953485369682312),
            ["RightLowerLeg"] = CFrame.new(0, -0.0000036954879760742188, -0.000013327393389772624, 1, -6.798656215778465e-08, -4.936010356004772e-08, 5.587935447692871e-08, 0.9635277986526489, 0.2676079273223877, -1.955777406692505e-08, -0.2676082253456116, 0.9635279178619385),
            ["RightFoot"] = CFrame.new(-1.30385160446167e-08, 2.980232238769531e-07, -9.480572771281004e-09, 0.9943482875823975, -0.10616378486156464, 0.0009625155944377184, 0.10531386733055115, 0.9851601719856262, -0.1355298012495041, 0.013440308161079884, 0.13486537337303162, 0.9907729029655457),
            ["LeftLowerLeg"] = CFrame.new(8.195638656616211e-08, 0.0000036954879760742188, 0.000013314187526702881, 1, 8.940698137394065e-08, 5.960464477539063e-08, -8.195638656616211e-08, 0.9149998426437378, 0.4034542441368103, -1.0058283805847168e-07, -0.403454452753067, 0.9149999022483826)
        }},
        [2] = {Time = 0.033, Data = {
            ["LeftFoot"] = CFrame.new(-1.1175870895385742e-08, 5.960464477539063e-08, 7.450580596923828e-09, 0.9979032278060913, 0.06467233598232269, -0.0025679958052933216, -0.06345989555120468, 0.9698546528816223, -0.23527595400810242, -0.012725245207548141, 0.23494578897953033, 0.9719252586364746),
            ["LeftLowerArm"] = CFrame.new(-0.0004929900169372559, -0.00009864568710327148, -3.501772880554199e-07, 1, -6.286425247026273e-08, -3.539024362453347e-08, 4.377216100692749e-08, 1, -6.5192558018623e-09, 3.5390257835388184e-08, -2.048908953611317e-08, 1),
            ["LowerTorso"] = CFrame.new(-0.047248244285583496, -0.03265190124511719, -0.08322666585445404, 0.999897301197052, 0.0062143513932824135, -0.01291386503726244, -0.006506525445729494, 0.9997209906578064, -0.022707343101501465, 0.012769150547683239, 0.022789034992456436, 0.9996587634086609),
            ["Head"] = CFrame.new(1.1656084097921848e-08, 1.1920928955078125e-07, 6.986738299019635e-09, 0.9990085363388062, 0.04332633316516876, -0.010236738249659538, -0.042835552245378494, 0.9981089234352112, 0.044087715446949005, 0.012127537280321121, -0.0436055026948452, 0.9989752769470215),
            ["RightUpperArm"] = CFrame.new(0.01162874698638916, -0.03296637535095215, 2.3283064365386963e-10, 0.9799603819847107, 0.18657267093658447, -0.0697922557592392, -0.1951577514410019, 0.969413161277771, -0.14882604777812958, 0.03988960385322571, 0.15946389734745026, 0.9863975048065186),
            ["UpperTorso"] = CFrame.new(1.7462298274040222e-10, 8.940696716308594e-08, 1.8510036170482635e-08, 0.9997552633285522, 0.016492575407028198, 0.014745616354048252, -0.01687582954764366, 0.9995128512382507, 0.02625582180917263, -0.01430540531873703, -0.02649823948740959, 0.9995465278625488),
            ["HumanoidRootPart"] = CFrame.new(0, 0, 0, 1, 0, 0, 0, 1, 0, 0, 0, 1),
            ["RightHand"] = CFrame.new(-5.21540641784668e-08, 1.1920928955078125e-07, -3.725290298461914e-08, 0.49956050515174866, -0.740283727645874, -0.4499102830886841, 0.6166988611221313, 0.6686487197875977, -0.41544127464294434, 0.6083763241767883, -0.0699210986495018, 0.7905626893043518),
            ["LeftUpperArm"] = CFrame.new(-0.01162862777709961, -0.03296613693237305, -3.026798367500305e-09, 0.967607855796814, -0.24475951492786407, 0.061900753527879715, 0.2507384419441223, 0.9602497220039368, -0.12266724556684494, -0.0294154342263937, 0.1342143714427948, 0.9905156493186951),
            ["RightLowerArm"] = CFrame.new(-0.000007063150405883789, 1.7881393432617188e-07, 5.21540641784668e-08, 1, 4.610045678532515e-08, 4.0978193283081055e-08, -6.193295831735668e-08, 1, -2.0489096641540527e-08, -3.725290653733282e-08, 2.7939670577126208e-09, 1),
            ["LeftHand"] = CFrame.new(-2.8870999813079834e-07, 0.00009953975677490234, -1.862645149230957e-07, 0.4532953202724457, 0.7731427550315857, 0.4435919225215912, -0.4845182001590729, 0.6314343810081482, -0.6054194569587708, -0.748174786567688, 0.05950552597641945, 0.6608279347419739),
            ["RightUpperLeg"] = CFrame.new(0, 5.180481821298599e-07, 2.0656443666666746e-08, 0.5538139343261719, -0.10296697914600372, -0.826249361038208, -0.07989837229251862, 0.9811733365058899, -0.17582760751247406, 0.8287982940673828, 0.1633915901184082, 0.5351603627204895),
            ["LeftUpperLeg"] = CFrame.new(-2.384185791015625e-07, 1.0989606380462646e-07, 3.818422555923462e-08, 0.6025925874710083, 0.09368390589952469, 0.7925311923027039, 0.04877358675003052, 0.9869060516357422, -0.15374527871608734, -0.7965571880340576, 0.13130027055740356, 0.5901328325271606),
            ["RightLowerLeg"] = CFrame.new(-2.60770320892334e-08, -0.000003814697265625, -0.000013334843970369548, 1, -1.0430816388407038e-07, -9.313227522511625e-09, 1.2293456563838845e-07, 0.9387276768684387, 0.34465938806533813, 3.5390254282674505e-08, -0.34465983510017395, 0.9387279152870178),
            ["RightFoot"] = CFrame.new(-2.0489096641540527e-08, 4.76837158203125e-07, 1.6596459317952394e-08, 0.9941651821136475, -0.1078600212931633, 0.0013577507343143225, 0.10640460252761841, 0.9785281419754028, -0.17652356624603271, 0.017711397260427475, 0.17563867568969727, 0.9842955470085144),
            ["LeftLowerLeg"] = CFrame.new(2.2351741790771484e-08, 0.000003814697265625, 0.000013247132301330566, 1, 1.4901162970204496e-08, -1.769513247040777e-08, -4.842877388000488e-08, 0.9121901392936707, 0.4097670614719391, -2.9802322387695312e-08, -0.40976738929748535, 0.9121902585029602)
        }},
        [3] = {Time = 0.067, Data = {
            ["LeftFoot"] = CFrame.new(-3.166496753692627e-08, 0, -1.862645149230957e-08, 0.9986777305603027, 0.05139819532632828, -0.0010383396875113249, -0.05058711767196655, 0.9789181351661682, -0.19788914918899536, -0.009154482744634151, 0.1976802945137024, 0.9802238941192627),
            ["LeftLowerArm"] = CFrame.new(-0.0004928708076477051, -0.00009912252426147461, -1.043081283569336e-07, 1, -4.144382970139304e-08, -4.470347292340193e-08, 5.3085386753082275e-08, 1, 9.313223525708736e-10, 3.91155481338501e-08, -1.2107186364573863e-08, 1),
            ["LowerTorso"] = CFrame.new(-0.041585151106119156, -0.02622389793395996, -0.08576319366693497, 0.998988687992096, 0.03941982239484787, -0.021627837792038918, -0.03969743475317955, 0.9991328120231628, -0.012559948489069939, 0.02111397311091423, 0.01340581476688385, 0.9996871948242188),
            ["Head"] = CFrame.new(-2.1522282622754574e-08, 1.1920928955078125e-07, 7.3196133598685265e-09, 0.9999703168869019, -0.00285539822652936, -0.00717025063931942, 0.0032392574939876795, 0.9985299110412598, 0.05410642921924591, 0.007005213759839535, -0.05412803590297699, 0.9985095262527466),
            ["RightUpperArm"] = CFrame.new(0.01162862777709961, -0.032965660095214844, 5.3551048040390015e-09, 0.9780136942863464, 0.19738361239433289, -0.06731786578893661, -0.2048281729221344, 0.9698162078857422, -0.13228511810302734, 0.03917401656508446, 0.14316502213478088, 0.988923192024231),
            ["UpperTorso"] = CFrame.new(6.984919309616089e-09, 1.4901161193847656e-07, 1.257285475730896e-08, 0.9996849298477173, 0.009457719512283802, 0.023253541439771652, -0.009999717585742474, 0.9996784329414368, 0.02330341935157776, -0.023025665432214737, -0.023528603836894035, 0.9994579553604126),
            ["HumanoidRootPart"] = CFrame.new(0, 0, 0, 1, 0, 0, 0, 1, 0, 0, 0, 1),
            ["RightHand"] = CFrame.new(-1.4156103134155273e-07, -2.980232238769531e-07, -7.450580596923828e-09, 0.4939636290073395, -0.736316978931427, -0.46242544054985046, 0.6174784302711487, 0.6715031862258911, -0.4096386432647705, 0.6121440529823303, -0.08319118618965149, 0.7863579988479614),
            ["LeftUpperArm"] = CFrame.new(-0.011628866195678711, -0.032965779304504395, 3.259629011154175e-09, 0.968039870262146, -0.24099229276180267, 0.069464772939682, 0.247515469789505, 0.9626524448394775, -0.10969428718090057, -0.04043390974402428, 0.12338178604841232, 0.9915350675582886),
            ["RightLowerArm"] = CFrame.new(-0.000006556510925292969, -5.960464477539063e-08, 6.705522537231445e-08, 1, 4.097820394122209e-08, 3.5390257835388184e-08, -1.5366827810225914e-08, 1, 1.30385160446167e-08, -2.980233304583635e-08, -5.587936779960501e-09, 1),
            ["LeftHand"] = CFrame.new(-1.3597309589385986e-07, 0.00009959936141967773, -1.862645149230957e-07, 0.4821549355983734, 0.7465015649795532, 0.4585433900356293, -0.4671889543533325, 0.6618550419807434, -0.5862442851066589, -0.7411215901374817, 0.0684342309832573, 0.6678739190101624),
            ["RightUpperLeg"] = CFrame.new(-8.940696716308594e-08, -2.08965502679348e-07, -6.351910997182131e-09, 0.5634227991104126, -0.15577952563762665, -0.8113493323326111, -0.0726981833577156, 0.9689047336578369, -0.23651385307312012, 0.822964072227478, 0.192240908741951, 0.5345778465270996),
            ["LeftUpperLeg"] = CFrame.new(-3.5762786865234375e-07, -0.0000013932585716247559, 1.210719347000122e-08, 0.5956127047538757, 0.06716505438089371, 0.8004587888717651, 0.06341979652643204, 0.9894556999206543, -0.1302134245634079, -0.8007643818855286, 0.1283217817544937, 0.5850728154182434),
            ["RightLowerLeg"] = CFrame.new(5.587935447692871e-09, -0.000003933906555175781, -0.0000133199428091757, 1, -1.8812716007232666e-07, -9.313224857976365e-09, 2.1606683731079102e-07, 0.9169324636459351, 0.3990423083305359, -4.6566128730773926e-08, -0.39904263615608215, 0.9169325828552246),
            ["RightFoot"] = CFrame.new(1.862645149230957e-08, 2.980232238769531e-07, -3.9282895158976316e-08, 0.9938309788703918, -0.1108943372964859, 0.0016227711457759142, 0.108859121799469, 0.9725849628448486, -0.20549441874027252, 0.02120993658900261, 0.20440399646759033, 0.9786569476127625),
            ["LeftLowerLeg"] = CFrame.new(-4.842877388000488e-08, 0.000003814697265625, 0.0000133514404296875, 1, 8.195641498787154e-08, 1.3038520485508798e-08, -6.332995639013461e-08, 0.9278402924537659, 0.37297797203063965, -9.31322907682386e-10, -0.37297794222831726, 0.9278402924537659)
        }},
        [4] = {Time = 0.100, Data = {
            ["LeftFoot"] = CFrame.new(9.313225746154785e-10, 5.960464477539063e-08, 7.450580596923828e-09, 0.9991801381111145, 0.04043080285191536, -0.00211719679646194, -0.04006626456975937, 0.9799496531486511, -0.195174902677536, -0.005816520191729069, 0.19509996473789215, 0.9807661771774292),
            ["LeftLowerArm"] = CFrame.new(-0.0004926621913909912, -0.0001004338264465332, -4.470348358154297e-08, 1, -3.213063237694769e-08, -4.2840827774170975e-08, 2.3748725652694702e-08, 1, -5.5879341154252415e-09, 4.0978193283081055e-08, -1.862645371275562e-09, 1),
            ["LowerTorso"] = CFrame.new(-0.03411013260483742, -0.020810842514038086, -0.08471764624118805, 0.9968647360801697, 0.07350941002368927, -0.029276521876454353, -0.07352632284164429, 0.9972931742668152, 0.0004999932716600597, 0.02923402562737465, 0.0016541688237339258, 0.9995712637901306),
            ["Head"] = CFrame.new(3.848981577903032e-08, 0, 1.329681253992021e-09, 0.9988592267036438, -0.0477529801428318, 0.00013487940304912627, 0.047708455473184586, 0.9980422854423523, 0.040443055331707, -0.0020658911671489477, -0.04039047658443451, 0.9991819262504578),
            ["RightUpperArm"] = CFrame.new(0.01162874698638916, -0.032966017723083496, -1.4842953532934189e-08, 0.9753430485725403, 0.21072326600551605, -0.06561000645160675, -0.21737313270568848, 0.9686115384101868, -0.12057224661111832, 0.03814221918582916, 0.1318609118461609, 0.9905340671539307),
            ["UpperTorso"] = CFrame.new(-2.0023435354232788e-08, 5.364418029785156e-07, 8.294591680169106e-09, 0.9995913505554199, -0.005824317689985037, 0.027987048029899597, 0.005200927145779133, 0.9997379779815674, 0.02229577675461769, -0.02810957469046116, -0.02214110642671585, 0.999359667301178),
            ["HumanoidRootPart"] = CFrame.new(0, 0, 0, 1, 0, 0, 0, 1, 0, 0, 0, 1),
            ["RightHand"] = CFrame.new(-2.421438694000244e-08, -4.172325134277344e-07, -8.195638656616211e-08, 0.5013073086738586, -0.7213351130485535, -0.47787734866142273, 0.612987220287323, 0.6858580708503723, -0.39223143458366394, 0.6106863021850586, -0.0963042825460434, 0.7859948873519897),
            ["LeftUpperArm"] = CFrame.new(-0.011628389358520508, -0.03296613693237305, -1.1670636013150215e-08, 0.9690096378326416, -0.235910564661026, 0.07328269630670547, 0.242647185921669, 0.9645853042602539, -0.1034131571650505, -0.04628995060920715, 0.1179899200797081, 0.9919351935386658),
            ["RightLowerArm"] = CFrame.new(-0.000007092952728271484, -4.76837158203125e-07, 6.705522537231445e-08, 1, 5.448238482586021e-08, 3.9115551686563776e-08, -1.0244549208948683e-08, 1, 1.3038517820973539e-08, -4.0978196835794733e-08, -1.862645593320167e-09, 1),
            ["LeftHand"] = CFrame.new(-1.0244548320770264e-07, 0.00009995698928833008, -7.450580596923828e-08, 0.49741247296333313, 0.7325514554977417, 0.46470367908477783, -0.45417147874832153, 0.6762943267822266, -0.5799605250358582, -0.7391273975372314, 0.07742448151111603, 0.6691011190414429),
            ["RightUpperLeg"] = CFrame.new(0, -1.0694930097088218e-07, 6.744812708348036e-09, 0.5724992752075195, -0.2066585272550583, -0.793433666229248, -0.06908003985881805, 0.9521152377128601, -0.2978333830833435, 0.8169899582862854, 0.2253197580575943, 0.5308091640472412),
            ["LeftUpperLeg"] = CFrame.new(-1.1920928955078125e-07, -6.382470019161701e-07, 1.7229467630386353e-08, 0.588744580745697, 0.03585151210427284, 0.8075236678123474, 0.07730516046285629, 0.9919393658638, -0.10040022432804108, -0.8046140074729919, 0.12153580039739609, 0.5812274813652039),
            ["RightLowerLeg"] = CFrame.new(1.6763806343078613e-08, -0.0000037550926208496094, -0.000013305041647981852, 1, -7.4505797087454084e-09, 1.862645149230957e-09, 4.470348358154297e-08, 0.8927738070487976, 0.4505050480365753, 4.0978193283081055e-08, -0.45050522685050964, 0.8927739262580872),
            ["RightFoot"] = CFrame.new(3.91155481338501e-08, 3.5762786865234375e-07, -5.045876605436206e-08, 0.9932324290275574, -0.11612927913665771, 0.001879256684333086, 0.11336811631917953, 0.9658478498458862, -0.23299269378185272, 0.02524230070412159, 0.23162905871868134, 0.9724767208099365),
            ["LeftLowerLeg"] = CFrame.new(-3.3527612686157227e-08, 0.0000040531158447265625, 0.000013299286365509033, 1, 6.332996349556197e-08, 5.867334351705722e-08, -2.6077040971017595e-08, 0.9528936743736267, 0.3033047616481781, 1.9557781172352406e-08, -0.3033050000667572, 0.9528936743736267)
        }},
        [5] = {Time = 0.133, Data = {
            ["LeftFoot"] = CFrame.new(1.4901161193847656e-08, 0, 7.450580596923828e-09, 0.9995001554489136, 0.03146430104970932, -0.0030739898793399334, -0.03143700584769249, 0.9789119958877563, -0.20184943079948425, -0.0033418957609683275, 0.20184527337551117, 0.9794117212295532),
            ["LeftLowerArm"] = CFrame.new(-0.0004935264587402344, -0.00009965896606445312, -3.2782554626464844e-07, 1, -3.585590135912753e-08, -4.4703462265260896e-08, 4.284083487959833e-08, 1, -6.519254913683881e-09, 4.1909512304982854e-08, -1.8626442610525373e-09, 1),
            ["LowerTorso"] = CFrame.new(-0.022218558937311172, -0.018532991409301758, -0.08090322464704514, 0.9943056106567383, 0.09922944009304047, -0.038857586681842804, -0.09873761236667633, 0.9950096011161804, 0.01438271626830101, 0.040090858936309814, -0.010464110411703587, 0.999141275882721),
            ["Head"] = CFrame.new(-2.2759195417165756e-08, -8.344650268554688e-07, 9.807990863919258e-09, 0.9966467022895813, -0.08094962686300278, 0.011944690719246864, 0.08081616461277008, 0.9966654777526855, 0.011262208223342896, -0.012816530652344227, -0.010259116068482399, 0.9998652935028076),
            ["RightUpperArm"] = CFrame.new(0.011628866195678711, -0.03296637535095215, 6.984919309616089e-09, 0.9731778502464294, 0.22174358367919922, -0.061303041875362396, -0.22766469419002533, 0.9665538668632507, -0.11806465685367584, 0.03307175263762474, 0.1288541704416275, 0.9911118745803833),
            ["UpperTorso"] = CFrame.new(3.026798367500305e-09, -2.9802322387695312e-08, -6.984919309616089e-09, 0.9992664456367493, -0.019247934222221375, 0.03311062231659889, 0.018389010801911354, 0.9994915127754211, 0.026052512228488922, -0.033595241606235504, -0.025424525141716003, 0.9991121888160706),
            ["HumanoidRootPart"] = CFrame.new(0, 0, 0, 1, 0, 0, 0, 1, 0, 0, 0, 1),
            ["RightHand"] = CFrame.new(8.475035429000854e-08, 4.76837158203125e-07, -1.043081283569336e-07, 0.5099043250083923, -0.7032636404037476, -0.4953967332839966, 0.6076141595840454, 0.7021015286445618, -0.3712930381298065, 0.6089355945587158, -0.11168614029884338, 0.7853175401687622),
            ["LeftUpperArm"] = CFrame.new(-0.01162862777709961, -0.03296637535095215, 3.096647560596466e-08, 0.9699693918228149, -0.23101235926151276, 0.0761328935623169, 0.23829978704452515, 0.9652491807937622, -0.10725696384906769, -0.04870825633406639, 0.12217815965414047, 0.9913121461868286),
            ["RightLowerArm"] = CFrame.new(-0.0000069141387939453125, -5.364418029785156e-07, -7.450580596923828e-09, 1, 2.7474012398442937e-08, 3.725290653733282e-08, -5.448237061500549e-08, 1, 1.862645371275562e-09, -4.6566128730773926e-08, -3.7252898543727042e-09, 1),
            ["LeftHand"] = CFrame.new(-1.601874828338623e-07, 0.00009971857070922852, -7.450580596923828e-08, 0.48961925506591797, 0.7430943846702576, 0.45616215467453003, -0.44879668951034546, 0.6633120775222778, -0.5988309383392334, -0.747565746307373, 0.08847527205944061, 0.6582687497138977),
            ["RightUpperLeg"] = CFrame.new(-2.9802322387695312e-08, -3.2014213502407074e-08, 1.6931153368204832e-08, 0.5829354524612427, -0.23860390484333038, -0.7766944766044617, -0.07368291169404984, 0.9364476203918457, -0.34298232197761536, 0.8091706037521362, 0.2571656405925751, 0.5283074975013733),
            ["LeftUpperLeg"] = CFrame.new(-1.7881393432617188e-07, -4.7474168241024017e-07, -1.30385160446167e-08, 0.5795981884002686, 0.008713146671652794, 0.8148558139801025, 0.08721539378166199, 0.9935362339019775, -0.07265917956829071, -0.8102218508720398, 0.11318109184503555, 0.5750918388366699),
            ["RightLowerLeg"] = CFrame.new(-1.4901161193847656e-08, -0.000003337860107421875, -0.0000133199428091757, 1, -9.313229298868464e-08, -2.421438694000244e-08, 1.1175869474300271e-07, 0.873338520526886, 0.4871135950088501, -2.4214383387288763e-08, -0.48711395263671875, 0.8733386397361755),
            ["RightFoot"] = CFrame.new(-2.7939677238464355e-08, 2.980232238769531e-07, 3.149762051180005e-08, 0.9921822547912598, -0.12477564811706543, 0.0023244847543537617, 0.1212645173072815, 0.9595266580581665, -0.25417205691337585, 0.029484158381819725, 0.25246739387512207, 0.9671562314033508),
            ["LeftLowerLeg"] = CFrame.new(1.862645149230957e-09, 0.000004172325134277344, 0.000013247132301330566, 1, 1.862645504502325e-08, -1.688021811219187e-08, -1.4901162970204496e-08, 0.9743593335151672, 0.2249974012374878, 3.9115551686563776e-08, -0.2249976396560669, 0.974359393119812)
        }},
        [6] = {Time = 0.167, Data = {
            ["LeftFoot"] = CFrame.new(3.3993273973464966e-08, -5.960464477539063e-08, 5.681067705154419e-08, 0.999645471572876, 0.0264046061784029, -0.003442473476752639, -0.026562552899122238, 0.9797451496124268, -0.19847923517227173, -0.0018678861670196056, 0.19850018620491028, 0.9800991415977478),
            ["LeftLowerArm"] = CFrame.new(-0.0004930496215820312, -0.0000998377799987793, -2.384185791015625e-07, 1, -4.703177935994063e-08, -3.259628300611439e-08, 5.7974837375240895e-08, 1, 6.51925624595151e-09, 3.259629366425543e-08, -4.656611984898973e-09, 1),
            ["LowerTorso"] = CFrame.new(-0.006250091828405857, -0.018329858779907227, -0.07571407407522202, 0.9924273490905762, 0.11177878081798553, -0.05092654749751091, -0.1107005700469017, 0.9935752153396606, 0.023531001061201096, 0.053229622542858124, -0.01771521009504795, 0.9984251260757446),
            ["Head"] = CFrame.new(7.683411240577698e-09, -8.344650268554688e-07, -1.4551915228366852e-08, 0.9952831864356995, -0.09296628832817078, 0.027727115899324417, 0.0935978814959526, 0.9953576326370239, -0.02242242731153965, -0.025513863191008568, 0.02491186559200287, 0.9993640780448914),
            ["RightUpperArm"] = CFrame.new(0.011628866195678711, -0.03296637535095215, -1.6763806343078613e-08, 0.972171425819397, 0.22821058332920074, -0.052972014993429184, -0.233054056763649, 0.9650874733924866, -0.11953577399253845, 0.023842675611376762, 0.1285543441772461, 0.991415798664093),
            ["UpperTorso"] = CFrame.new(-4.6566128730773926e-09, -1.4901161193847656e-07, -3.026798367500305e-09, 0.9988912343978882, -0.02780967578291893, 0.037987109273672104, 0.0266159325838089, 0.9991468787193298, 0.03157748281955719, -0.038832858204841614, -0.030531402677297592, 0.9987791776657104),
            ["HumanoidRootPart"] = CFrame.new(0, 0, 0, 1, 0, 0, 0, 1, 0, 0, 0, 1),
            ["RightHand"] = CFrame.new(4.842877388000488e-08, -6.556510925292969e-07, 5.21540641784668e-08, 0.5153245329856873, -0.6905686259269714, -0.5074994564056396, 0.6020913124084473, 0.7131507992744446, -0.3590291142463684, 0.6098579168319702, -0.12054451555013657, 0.7832895517349243),
            ["LeftUpperArm"] = CFrame.new(-0.011628866195678711, -0.03296661376953125, -9.313225746154785e-10, 0.9715884923934937, -0.22269348800182343, 0.08016768842935562, 0.2308758646249771, 0.9662808179855347, -0.113993339240551, -0.05207757651805878, 0.12926317751407623, 0.9902417659759521),
            ["RightLowerArm"] = CFrame.new(-0.000006794929504394531, 1.7881393432617188e-07, -4.470348358154297e-08, 1, 1.0710209608078003e-08, 3.539026138810186e-08, -2.933666820581493e-08, 1, -3.725290742551124e-09, -4.097820394122209e-08, -1.862645149230957e-09, 1),
            ["LeftHand"] = CFrame.new(-8.381903171539307e-08, 0.00009948015213012695, -9.685754776000977e-08, 0.4694291055202484, 0.766811728477478, 0.43776267766952515, -0.44803741574287415, 0.6340785026550293, -0.6302435994148254, -0.7608541250228882, 0.09972065687179565, 0.6412151455879211),
            ["RightUpperLeg"] = CFrame.new(1.1920928955078125e-07, -1.8987338989973068e-07, -2.032174961641431e-08, 0.5942153334617615, -0.24390998482704163, -0.7664307355880737, -0.08372948318719864, 0.9289729595184326, -0.3605533242225647, 0.7999359369277954, 0.27841901779174805, 0.5315874218940735),
            ["LeftUpperLeg"] = CFrame.new(-2.384185791015625e-07, -7.048947736620903e-07, -1.862645149230957e-09, 0.5684927701950073, -0.017240818589925766, 0.8225075602531433, 0.09141108393669128, 0.9949133396148682, -0.042325835675001144, -0.8175941109657288, 0.0992482528090477, 0.5671769976615906),
            ["RightLowerLeg"] = CFrame.new(9.313225746154785e-09, -0.000003635883331298828, -0.000013334843970369548, 1, -1.0244549741855735e-07, -1.862645149230957e-08, 8.195639367158947e-08, 0.8657376170158386, 0.5004980564117432, 1.4901162970204496e-08, -0.5004982948303223, 0.8657376766204834),
            ["RightFoot"] = CFrame.new(-1.1175870895385742e-08, 2.980232238769531e-07, 9.110226528719068e-08, 0.9907488822937012, -0.13567470014095306, 0.0030265063978731632, 0.131631538271904, 0.9553204774856567, -0.2646426260471344, 0.033013999462127686, 0.26259317994117737, 0.9643418788909912),
            ["LeftLowerLeg"] = CFrame.new(2.514570951461792e-08, 0.0000036954879760742188, 0.000013358891010284424, 1, 1.210719613453648e-08, 2.4738262549561796e-09, -1.3969838619232178e-08, 0.9885988831520081, 0.1505730003118515, -2.3981556296348572e-08, -0.15057305991649628, 0.9885989427566528)
        }},
        [7] = {Time = 0.200, Data = {
            ["LeftFoot"] = CFrame.new(-3.3760443329811096e-08, 1.1920928955078125e-07, 4.190951585769653e-08, 0.9995973110198975, 0.02804957702755928, -0.004292908124625683, -0.028252260759472847, 0.9696533679962158, -0.24284614622592926, -0.002648914698511362, 0.24286974966526031, 0.9700554013252258),
            ["LeftLowerArm"] = CFrame.new(-0.0004929006099700928, -0.00009834766387939453, -1.9371509552001953e-07, 1, -4.563479905073109e-08, -3.352760202801619e-08, 5.285254900400105e-08, 1, -2.793966835668016e-09, 3.259628655882807e-08, 5.587934559514451e-09, 1),
            ["LowerTorso"] = CFrame.new(0.0034892510157078505, -0.021802902221679688, -0.07124132663011551, 0.9928616881370544, 0.10493172705173492, -0.05670127272605896, -0.10369500517845154, 0.9943113327026367, 0.024338196963071823, 0.05893256515264511, -0.01828482374548912, 0.9980944991111755),
            ["Head"] = CFrame.new(-6.51925802230835e-09, 0, 4.423782229423523e-09, 0.9957531690597534, -0.08106692880392075, 0.04363382235169411, 0.08325992524623871, 0.9952201843261719, -0.05103546380996704, -0.03928797319531441, 0.05445165932178497, 0.9977432489395142),
            ["RightUpperArm"] = CFrame.new(0.011628508567810059, -0.032965660095214844, 3.5390257835388184e-08, 0.972795844078064, 0.22797426581382751, -0.04122426360845566, -0.2313595414161682, 0.9651342630386353, -0.122414730489254, 0.01187923364341259, 0.128621906042099, 0.9916225075721741),
            ["UpperTorso"] = CFrame.new(-6.007030606269836e-08, -1.1920928955078125e-07, 7.683411240577698e-09, 0.9990416765213013, -0.028859063982963562, 0.03290887549519539, 0.027718182653188705, 0.9990164637565613, 0.03461207076907158, -0.03387538716197014, -0.03366672992706299, 0.9988588690757751),
            ["HumanoidRootPart"] = CFrame.new(0, 0, 0, 1, 0, 0, 0, 1, 0, 0, 0, 1),
            ["RightHand"] = CFrame.new(-7.543712854385376e-08, -1.7881393432617188e-07, 5.21540641784668e-08, 0.5167595744132996, -0.6835804581642151, -0.5154390931129456, 0.5964136719703674, 0.7193677425384521, -0.35609114170074463, 0.6142070889472961, -0.12340136617422104, 0.7794368267059326),
            ["LeftUpperArm"] = CFrame.new(-0.011628508567810059, -0.03296530246734619, 5.029141902923584e-08, 0.9736230373382568, -0.21159148216247559, 0.08538497984409332, 0.2209179699420929, 0.9677626490592957, -0.1209455281496048, -0.05703985318541527, 0.13661816716194153, 0.9889801740646362),
            ["RightLowerArm"] = CFrame.new(-0.00000718235969543457, -3.5762786865234375e-07, -9.685754776000977e-08, 1, 4.6566150047056e-08, 3.166497464235363e-08, -3.44589530243411e-08, 1, 3.725291186640334e-09, -3.352762689701194e-08, 1.8626460374093767e-09, 1),
            ["LeftHand"] = CFrame.new(-4.6566128730773926e-09, 0.0000998377799987793, -3.725290298461914e-08, 0.45496419072151184, 0.7848030924797058, 0.4208228290081024, -0.4486576318740845, 0.6102156043052673, -0.6529495716094971, -0.7692294716835022, 0.10826346278190613, 0.6297341585159302),
            ["RightUpperLeg"] = CFrame.new(5.960464477539063e-08, -1.0384246706962585e-07, 1.1343217920511961e-08, 0.5980854630470276, -0.22710418701171875, -0.7685815095901489, -0.09473725408315659, 0.9322515726089478, -0.34918782114982605, 0.7958132028579712, 0.28165730834007263, 0.5360507965087891),
            ["LeftUpperLeg"] = CFrame.new(-1.7881393432617188e-07, -0.0000010404037311673164, -1.1175870895385742e-08, 0.5640774965286255, 0.014908362179994583, 0.8255873322486877, 0.08716145157814026, 0.9931761026382446, -0.0774872899055481, -0.8211086988449097, 0.11566821485757828, 0.5589288473129272),
            ["RightLowerLeg"] = CFrame.new(-5.587935447692871e-09, -0.000003933906555175781, -0.000013372096873354167, 1, -1.0989610643719061e-07, 3.725290298461914e-09, 1.3411046495548362e-07, 0.8693452477455139, 0.4942047595977783, -3.725290742551124e-09, -0.49420538544654846, 0.8693455457687378),
            ["RightFoot"] = CFrame.new(2.0489096641540527e-08, 4.76837158203125e-07, 2.4047039914876223e-08, 0.9898080825805664, -0.14236456155776978, 0.0035411936696618795, 0.13824668526649475, 0.9546168446540833, -0.2638073265552521, 0.034176431596279144, 0.26160869002342224, 0.9645689725875854),
            ["LeftLowerLeg"] = CFrame.new(3.073364496231079e-08, 0.000003874301910400391, 0.000013336539268493652, 1, 1.1175869119028903e-08, -4.351021587467585e-08, -2.3283064365386963e-08, 0.9799652695655823, 0.19916823506355286, 1.2456439435482025e-08, -0.199168398976326, 0.979965329170227)
        }},
        [8] = {Time = 0.233, Data = {
            ["LeftFoot"] = CFrame.new(1.862645149230957e-08, 5.960464477539063e-08, 5.21540641784668e-08, 0.9992538690567017, 0.03831365332007408, -0.004877504892647266, -0.03796100988984108, 0.9509850144386292, -0.30689847469329834, -0.007119817193597555, 0.3068544864654541, 0.9517297744750977),
            ["LeftLowerArm"] = CFrame.new(-0.0004934072494506836, -0.00009965896606445312, -2.0489096641540527e-07, 1, -4.19095051995555e-08, -3.4458935260772705e-08, 4.5867643905239674e-08, 1, 2.3283064365386963e-09, 3.632158396271734e-08, -8.381901395182467e-09, 1),
            ["LowerTorso"] = CFrame.new(0.0033752310555428267, -0.031590938568115234, -0.06996339559555054, 0.9969717860221863, 0.05624976381659508, -0.05369601771235466, -0.05542989447712898, 0.998323917388916, 0.01663890667259693, 0.05454195290803909, -0.013612155802547932, 0.9984186887741089),
            ["Head"] = CFrame.new(-4.656612873077393e-10, -7.152557373046875e-07, 2.7939677238464355e-09, 0.9963836669921875, -0.0634525865316391, 0.056510575115680695, 0.06720754504203796, 0.9954712986946106, -0.06723110377788544, -0.05198867246508598, 0.07078590989112854, 0.9961357712745667),
            ["RightUpperArm"] = CFrame.new(0.01162862777709961, -0.032965660095214844, 1.4901161193847656e-08, 0.9755301475524902, 0.21792206168174744, -0.029222553595900536, -0.21986372768878937, 0.967431366443634, -0.12543334066867828, 0.0009361066040582955, 0.1287887692451477, 0.9916715621948242),
            ["UpperTorso"] = CFrame.new(-2.60770320892334e-08, -2.384185791015625e-07, 1.280568540096283e-09, 0.9997960329055786, 0.010053709149360657, 0.01751934178173542, -0.010626853443682194, 0.9994010925292969, 0.032934971153736115, -0.017177730798721313, -0.03311442583799362, 0.9993039965629578),
            ["HumanoidRootPart"] = CFrame.new(0, 0, 0, 1, 0, 0, 0, 1, 0, 0, 0, 1),
            ["RightHand"] = CFrame.new(-1.825392246246338e-07, 0, -8.940696716308594e-08, 0.5087568163871765, -0.6875453591346741, -0.5181196928024292, 0.5957922339439392, 0.715613603591919, -0.3645941913127899, 0.6214484572410583, -0.12320196628570557, 0.773707389831543),
            ["LeftUpperArm"] = CFrame.new(-0.01162862777709961, -0.03296613693237305, 2.0489096641540527e-08, 0.9739537835121155, -0.20754818618297577, 0.09132880717515945, 0.21785634756088257, 0.9681833982467651, -0.1231124997138977, -0.0628696084022522, 0.13980218768119812, 0.9881813526153564),
            ["RightLowerArm"] = CFrame.new(-0.0000073909759521484375, 5.364418029785156e-07, -1.4901161193847656e-07, 1, 7.450580596923828e-09, 3.91155481338501e-08, -7.124618406351146e-08, 1, -3.725290298461914e-09, -3.725290653733282e-08, -7.450580596923828e-09, 1),
            ["LeftHand"] = CFrame.new(-5.960464477539063e-08, 0.00009924173355102539, -8.940696716308594e-08, 0.4526597857475281, 0.7921753525733948, 0.4093378484249115, -0.45108431577682495, 0.5994254946708679, -0.6612200736999512, -0.7691696882247925, 0.11466187238693237, 0.628673791885376),
            ["RightUpperLeg"] = CFrame.new(0, 7.421476766467094e-08, -3.5222910810261965e-08, 0.5899548530578613, -0.15350140631198883, -0.7927110195159912, -0.1166430413722992, 0.9552625417709351, -0.271786630153656, 0.7989667057991028, 0.2528061270713806, 0.5456569194793701),
            ["LeftUpperLeg"] = CFrame.new(-1.1920928955078125e-07, -5.550682544708252e-07, -1.862645149230957e-08, 0.5699505805969238, 0.12040028721094131, 0.8128100633621216, 0.06800729036331177, 0.9789001941680908, -0.19269010424613953, -0.818859875202179, 0.16510100662708282, 0.5497366786003113),
            ["RightLowerLeg"] = CFrame.new(7.264316082000732e-08, -0.000003516674041748047, -0.000013364646292757243, 1, 1.117587622445626e-08, -5.5879372240497105e-09, 1.1175872671742582e-08, 0.9011810421943665, 0.4334426820278168, 0, -0.4334428906440735, 0.901181161403656),
            ["RightFoot"] = CFrame.new(-3.725290298461914e-09, 3.5762786865234375e-07, -4.300818545743823e-08, 0.9899500012397766, -0.14137063920497894, 0.003674415871500969, 0.13830487430095673, 0.9624062180519104, -0.23376479744911194, 0.029511256143450737, 0.2319239377975464, 0.9722863435745239),
            ["LeftLowerLeg"] = CFrame.new(-4.470348358154297e-08, 0.000003814697265625, 0.000013396143913269043, 1, 8.009374141693115e-08, 1.8626458597736928e-08, -6.705522537231445e-08, 0.922640860080719, 0.38566067814826965, 1.862645149230957e-08, -0.3856602907180786, 0.9226408004760742)
        }},
        [9] = {Time = 0.267, Data = {
            ["LeftFoot"] = CFrame.new(1.1175870895385742e-08, -1.1920928955078125e-07, -2.60770320892334e-08, 0.9985065460205078, 0.054391805082559586, -0.005130544770509005, -0.05343974009156227, 0.9528531432151794, -0.29868876934051514, -0.011357767507433891, 0.2985171675682068, 0.9543368220329285),
            ["LeftLowerArm"] = CFrame.new(-0.0004930496215820312, -0.00009959936141967773, -1.862645149230957e-07, 1, -4.097818262494002e-08, -3.818421490109358e-08, 4.4936321330624196e-08, 1, 7.916240107874728e-09, 4.190951941041021e-08, 4.656611762854368e-10, 1),
            ["LowerTorso"] = CFrame.new(0.003827484091743827, -0.04140210151672363, -0.07373911887407303, 0.9991441965103149, 0.01200711727142334, -0.03958279266953468, -0.0118855070322752, 0.9999238848686218, 0.0033062247093766928, 0.039619483053684235, -0.002832933561876416, 0.9992108345031738),
            ["Head"] = CFrame.new(5.122274160385132e-09, -5.960464477539062e-07, -1.548323780298233e-08, 0.9977235198020935, -0.026771437376737595, 0.06189550831913948, 0.03112984076142311, 0.9970217943191528, -0.07055878639221191, -0.0598222017288208, 0.0723249614238739, 0.995585560798645),
            ["RightUpperArm"] = CFrame.new(0.01162874698638916, -0.032966017723083496, 8.498318493366241e-09, 0.9763136506080627, 0.21546213328838348, -0.019770890474319458, -0.21618139743804932, 0.9677071571350098, -0.12963590025901794, -0.008798981085419655, 0.13083913922309875, 0.991364598274231),
            ["UpperTorso"] = CFrame.new(-2.561137080192566e-09, 2.980232238769531e-07, -5.005858838558197e-09, 0.9995023012161255, 0.03039110265672207, -0.008465402759611607, -0.030132105574011803, 0.999119222164154, 0.029204795137047768, 0.009345504455268383, -0.028935179114341736, 0.9995375871658325),
            ["HumanoidRootPart"] = CFrame.new(0, 0, 0, 1, 0, 0, 0, 1, 0, 0, 0, 1),
            ["RightHand"] = CFrame.new(-4.842877388000488e-08, 2.980232238769531e-07, -3.725290298461914e-08, 0.5006512999534607, -0.6954783797264099, -0.5154202580451965, 0.5962229371070862, 0.7087114453315735, -0.3771556615829468, 0.6275877952575684, -0.11848195642232895, 0.7694774866104126),
            ["LeftUpperArm"] = CFrame.new(-0.011628866195678711, -0.03296637535095215, 2.7124769985675812e-08, 0.9752237796783447, -0.20027212798595428, 0.09398254752159119, 0.21087580919265747, 0.9699522852897644, -0.12133149057626724, -0.0668574869632721, 0.13814377784729004, 0.9881528615951538),
            ["RightLowerArm"] = CFrame.new(-0.000007092952728271484, 5.960464477539063e-08, -3.725290298461914e-08, 1, 1.1641532182693481e-08, 4.0978193283081055e-08, -2.9336664653101252e-08, 1, -5.587935447692871e-09, -3.9115551686563776e-08, 9.313225746154785e-09, 1),
            ["LeftHand"] = CFrame.new(-1.3737007975578308e-07, 0.00009965896606445312, -1.1175870895385742e-07, 0.45567625761032104, 0.7947866916656494, 0.40084123611450195, -0.45563939213752747, 0.5951040983200073, -0.6619998216629028, -0.7646907567977905, 0.11901866644620895, 0.6333107948303223),
            ["RightUpperLeg"] = CFrame.new(1.1920928955078125e-07, -8.520146366208792e-08, -2.3581378627568483e-08, 0.5727943181991577, -0.08920379728078842, -0.814831018447876, -0.12585040926933289, 0.9727045893669128, -0.19495494663715363, 0.8099804520606995, 0.21421582996845245, 0.5459331274032593),
            ["LeftUpperLeg"] = CFrame.new(-2.384185791015625e-07, -4.497123882174492e-07, -7.450580596923828e-09, 0.582776665687561, 0.14023460447788239, 0.8004410266876221, 0.05454912781715393, 0.9760251641273499, -0.21071185171604156, -0.8107994794845581, 0.16646124422550201, 0.5611547827720642),
