return {
    ["Wait No Come Back"] = {
        {Time = 0.000, Data = {
            ["CameraPart"] = CFrame.new(0, 0.3453407287597656, -9.858786582946777, -1, 2.7589663037085477e-17, -8.742276236262114e-08, -9.253392718733267e-09, 0.9943825006484985, 0.10584648698568344, 8.693166364537319e-08, 0.10584650933742523, -0.9943825006484985),
            ["LeftLowerArm"] = CFrame.new(8.940696716308594e-08, 5.960464477539063e-08, 4.0046870708465576e-08, 1, 2.524756759214597e-08, -2.47382492268855e-09, -2.2584572434425354e-08, 0.9856346845626831, -0.16889184713363647, -2.3283064365386963e-09, 0.1688917577266693, 0.9856345653533936),
            ["LeftFoot"] = CFrame.new(1.1059455573558807e-08, 0, 1.2398231774568558e-08, 0.9977940917015076, -0.06578986346721649, 0.008878076449036598, 0.06635786592960358, 0.9845025539398193, -0.1623312383890152, 0.0019392628455534577, 0.1625622808933258, 0.9866964817047119),
            ["RightHand"] = CFrame.new(-5.960464477539063e-08, -5.960464477539062e-07, -1.1920928955078125e-07, 0.9870885610580444, 0.15704038739204407, -0.03153511509299278, -0.1578308343887329, 0.9200413823127747, -0.3586271405220032, -0.02730536460876465, 0.3589739501476288, 0.9329481720924377),
            ["HumanoidRootPart"] = CFrame.new(0, 0, 0, 1, 0, 0, 0, 1, 0, 0, 0, 1),
            ["RightLowerLeg"] = CFrame.new(3.623426891863346e-08, -0.000014901161193847656, -0.000035054690670222044, 1, -3.641980939050882e-08, -5.384208634495735e-09, 3.081367694335313e-08, 0.9632512331008911, 0.2686019837856293, -4.569300937617982e-09, -0.26860225200653076, 0.9632512927055359),
            ["LeftUpperLeg"] = CFrame.new(0, 0, 0, 0.9977940917015076, 0.06442724913358688, -0.016008034348487854, -0.0657898485660553, 0.9919005632400513, -0.10865069925785065, 0.008878313936293125, 0.10946418344974518, 0.9939510822296143),
            ["LeftLowerLeg"] = CFrame.new(1.6239937394857407e-08, 0.00001519918441772461, 0.00003508571535348892, 1, 1.2922100722789764e-08, 2.3283061589829401e-10, -1.8742865037779666e-08, 0.963034451007843, 0.2693784236907959, 1.8626449271863521e-09, -0.2693784832954407, 0.9630343914031982),
            ["LowerTorso"] = CFrame.new(0, -0.02102196216583252, 0, 1, 0, 0, 0, 1, 0, 0, 0, 1),
            ["Head"] = CFrame.new(0, 0, 0, 1, -1.4203912433166307e-14, -8.527927712956296e-18, 5.947929730123688e-15, 0.5989511609077454, 0.8007856607437134, -3.636403244494657e-14, -0.8007856011390686, 0.598950982093811),
            ["UpperTorso"] = CFrame.new(0, 1.1920928955078125e-07, 0, 1, 0, 0, 0, 1, 0, 0, 0, 1),
            ["LeftUpperArm"] = CFrame.new(0, 0, 0, 0.9996597170829773, 0.024086831137537956, -0.010016066953539848, -0.021859901025891304, 0.9830132126808167, 0.18222829699516296, 0.014235229231417179, -0.18194733560085297, 0.983205258846283),
            ["RightLowerArm"] = CFrame.new(2.9802322387695312e-08, 2.980232238769531e-07, 1.9371509552001953e-07, 1, -8.754431490842762e-08, 1.1827795276531106e-07, 7.636845111846924e-08, -0.36382272839546204, -0.9314682483673096, 1.1734664440155029e-07, 0.9314682483673096, -0.36382269859313965),
            ["LeftHand"] = CFrame.new(-1.1152587831020355e-07, -5.960464477539063e-08, 3.259629011154175e-08, 1, 2.9394882083977336e-09, 1.57160684466362e-09, 6.257323548197746e-10, 1, 1.4301622286438942e-07, -5.820766091346741e-11, -2.3865152076751883e-09, 1),
            ["RightUpperArm"] = CFrame.new(0, 0, 0, 0.9843794107437134, 0.08094543218612671, 0.15634910762310028, 0.02429780177772045, 0.8170860409736633, -0.5760035514831543, -0.1743755340576172, 0.5708049535751343, 0.8023558259010315),
            ["RightUpperLeg"] = CFrame.new(0, 0, 0, 0.9971305131912231, -0.07484882324934006, 0.011329618282616138, 0.07570001482963562, 0.9867947697639465, -0.14319771528244019, -0.00046182796359062195, 0.14364434778690338, 0.9896292686462402),
            ["RightFoot"] = CFrame.new(-1.4575363138646935e-09, 3.5762786865234375e-07, -6.024492904543877e-09, 0.9971305727958679, 0.0757000744342804, -0.00046183416270650923, -0.07514139264822006, 0.9889944791793823, -0.12745079398155212, -0.009191301651299, 0.1271200031042099, 0.9918447732925415),
        }},
        {Time = 0.034, Data = {
            ["CameraPart"] = CFrame.new(0, 0.3453407287597656, -9.858786582946777, -1, 2.7589663037085477e-17, -8.742276236262114e-08, -9.253392718733267e-09, 0.9943825006484985, 0.10584648698568344, 8.693166364537319e-08, 0.10584650933742523, -0.9943825006484985),
            ["LeftLowerArm"] = CFrame.new(8.940696716308594e-08, 5.960464477539063e-08, 4.0046870708465576e-08, 1, 2.524756759214597e-08, -2.47382492268855e-09, -2.2584572434425354e-08, 0.9856346845626831, -0.16889184713363647, -2.3283064365386963e-09, 0.1688917577266693, 0.9856345653533936),
            ["LeftFoot"] = CFrame.new(1.1059455573558807e-08, 0, 1.2398231774568558e-08, 0.9977940917015076, -0.06578986346721649, 0.008878076449036598, 0.06635786592960358, 0.9845025539398193, -0.1623312383890152, 0.0019392628455534577, 0.1625622808933258, 0.9866964817047119),
            ["RightHand"] = CFrame.new(-5.960464477539063e-08, -5.960464477539062e-07, -1.1920928955078125e-07, 0.9870885610580444, 0.15704038739204407, -0.03153511509299278, -0.1578308343887329, 0.9200413823127747, -0.3586271405220032, -0.02730536460876465, 0.3589739501476288, 0.9329481720924377),
            ["HumanoidRootPart"] = CFrame.new(0, 0, 0, 1, 0, 0, 0, 1, 0, 0, 0, 1),
            ["RightLowerLeg"] = CFrame.new(3.623426891863346e-08, -0.000014901161193847656, -0.000035054690670222044, 1, -3.641980939050882e-08, -5.384208634495735e-09, 3.081367694335313e-08, 0.9632512331008911, 0.2686019837856293, -4.569300937617982e-09, -0.26860225200653076, 0.9632512927055359),
            ["LeftUpperLeg"] = CFrame.new(0, 0, 0, 0.9977940917015076, 0.06442724913358688, -0.016008034348487854, -0.0657898485660553, 0.9919005632400513, -0.10865069925785065, 0.008878313936293125, 0.10946418344974518, 0.9939510822296143),
            ["LeftLowerLeg"] = CFrame.new(1.6239937394857407e-08, 0.00001519918441772461, 0.00003508571535348892, 1, 1.2922100722789764e-08, 2.3283061589829401e-10, -1.8742865037779666e-08, 0.963034451007843, 0.2693784236907959, 1.8626449271863521e-09, -0.2693784832954407, 0.9630343914031982),
            ["LowerTorso"] = CFrame.new(0, -0.02102196216583252, 0, 1, 0, 0, 0, 1, 0, 0, 0, 1),
            ["Head"] = CFrame.new(0, 0, 0, 1, -1.4203912433166307e-14, -8.527927712956296e-18, 5.947929730123688e-15, 0.5989511609077454, 0.8007856607437134, -3.636403244494657e-14, -0.8007856011390686, 0.598950982093811),
            ["UpperTorso"] = CFrame.new(0, 1.1920928955078125e-07, 0, 1, 0, 0, 0, 1, 0, 0, 0, 1),
            ["LeftUpperArm"] = CFrame.new(0, 0, 0, 0.9996597170829773, 0.024086831137537956, -0.010016066953539848, -0.021859901025891304, 0.9830132126808167, 0.18222829699516296, 0.014235229231417179, -0.18194733560085297, 0.983205258846283),
            ["RightLowerArm"] = CFrame.new(2.9802322387695312e-08, 2.980232238769531e-07, 1.9371509552001953e-07, 1, -8.754431490842762e-08, 1.1827795276531106e-07, 7.636845111846924e-08, -0.36382272839546204, -0.9314682483673096, 1.1734664440155029e-07, 0.9314682483673096, -0.36382269859313965),
            ["LeftHand"] = CFrame.new(-1.1152587831020355e-07, -5.960464477539063e-08, 3.259629011154175e-08, 1, 2.9394882083977336e-09, 1.57160684466362e-09, 6.257323548197746e-10, 1, 1.4301622286438942e-07, -5.820766091346741e-11, -2.3865152076751883e-09, 1),
            ["RightUpperArm"] = CFrame.new(0, 0, 0, 0.9843794107437134, 0.08094543218612671, 0.15634910762310028, 0.02429780177772045, 0.8170860409736633, -0.5760035514831543, -0.1743755340576172, 0.5708049535751343, 0.8023558259010315),
            ["RightUpperLeg"] = CFrame.new(0, 0, 0, 0.9971305131912231, -0.07484882324934006, 0.011329618282616138, 0.07570001482963562, 0.9867947697639465, -0.14319771528244019, -0.00046182796359062195, 0.14364434778690338, 0.9896292686462402),
            ["RightFoot"] = CFrame.new(-1.4575363138646935e-09, 3.5762786865234375e-07, -6.024492904543877e-09, 0.9971305727958679, 0.0757000744342804, -0.00046183416270650923, -0.07514139264822006, 0.9889944791793823, -0.12745079398155212, -0.009191301651299, 0.1271200031042099, 0.9918447732925415),
        }},
        {Time = 0.069, Data = {
            ["CameraPart"] = CFrame.new(0, 0.3453407287597656, -9.858786582946777, -1, 2.7589663037085477e-17, -8.742276236262114e-08, -9.253392718733267e-09, 0.9943825006484985, 0.10584648698568344, 8.693166364537319e-08, 0.10584650933742523, -0.9943825006484985),
            ["LeftLowerArm"] = CFrame.new(8.940696716308594e-08, 5.960464477539063e-08, 4.0046870708465576e-08, 1, 2.524756759214597e-08, -2.47382492268855e-09, -2.2584572434425354e-08, 0.9856346845626831, -0.16889184713363647, -2.3283064365386963e-09, 0.1688917577266693, 0.9856345653533936),
            ["LeftFoot"] = CFrame.new(1.1059455573558807e-08, 0, 1.2398231774568558e-08, 0.9977940917015076, -0.06578986346721649, 0.008878076449036598, 0.06635786592960358, 0.9845025539398193, -0.1623312383890152, 0.0019392628455534577, 0.1625622808933258, 0.9866964817047119),
            ["RightHand"] = CFrame.new(-5.960464477539063e-08, -5.960464477539062e-07, -1.1920928955078125e-07, 0.9870885610580444, 0.15704038739204407, -0.03153511509299278, -0.1578308343887329, 0.9200413823127747, -0.3586271405220032, -0.02730536460876465, 0.3589739501476288, 0.9329481720924377),
            ["HumanoidRootPart"] = CFrame.new(0, 0, 0, 1, 0, 0, 0, 1, 0, 0, 0, 1),
            ["RightLowerLeg"] = CFrame.new(3.623426891863346e-08, -0.000014901161193847656, -0.000035054690670222044, 1, -3.641980939050882e-08, -5.384208634495735e-09, 3.081367694335313e-08, 0.9632512331008911, 0.2686019837856293, -4.569300937617982e-09, -0.26860225200653076, 0.9632512927055359),
            ["LeftUpperLeg"] = CFrame.new(0, 0, 0, 0.9977940917015076, 0.06442724913358688, -0.016008034348487854, -0.0657898485660553, 0.9919005632400513, -0.10865069925785065, 0.008878313936293125, 0.10946418344974518, 0.9939510822296143),
            ["LeftLowerLeg"] = CFrame.new(1.6239937394857407e-08, 0.00001519918441772461, 0.00003508571535348892, 1, 1.2922100722789764e-08, 2.3283061589829401e-10, -1.8742865037779666e-08, 0.963034451007843, 0.2693784236907959, 1.8626449271863521e-09, -0.2693784832954407, 0.9630343914031982),
            ["LowerTorso"] = CFrame.new(0, -0.02102196216583252, 0, 1, 0, 0, 0, 1, 0, 0, 0, 1),
            ["Head"] = CFrame.new(0, 0, 0, 1, -1.4203912433166307e-14, -8.527927712956296e-18, 5.947929730123688e-15, 0.5989511609077454, 0.8007856607437134, -3.636403244494657e-14, -0.8007856011390686, 0.598950982093811),
            ["UpperTorso"] = CFrame.new(0, 1.1920928955078125e-07, 0, 1, 0, 0, 0, 1, 0, 0, 0, 1),
            ["LeftUpperArm"] = CFrame.new(0, 0, 0, 0.9996597170829773, 0.024086831137537956, -0.010016066953539848, -0.021859901025891304, 0.9830132126808167, 0.18222829699516296, 0.014235229231417179, -0.18194733560085297, 0.983205258846283),
            ["RightLowerArm"] = CFrame.new(2.9802322387695312e-08, 2.980232238769531e-07, 1.9371509552001953e-07, 1, -8.754431490842762e-08, 1.1827795276531106e-07, 7.636845111846924e-08, -0.36382272839546204, -0.9314682483673096, 1.1734664440155029e-07, 0.9314682483673096, -0.36382269859313965),
            ["LeftHand"] = CFrame.new(-1.1152587831020355e-07, -5.960464477539063e-08, 3.259629011154175e-08, 1, 2.9394882083977336e-09, 1.57160684466362e-09, 6.257323548197746e-10, 1, 1.4301622286438942e-07, -5.820766091346741e-11, -2.3865152076751883e-09, 1),
            ["RightUpperArm"] = CFrame.new(0, 0, 0, 0.9843794107437134, 0.08094543218612671, 0.15634910762310028, 0.02429780177772045, 0.8170860409736633, -0.5760035514831543, -0.1743755340576172, 0.5708049535751343, 0.8023558259010315),
            ["RightUpperLeg"] = CFrame.new(0, 0, 0, 0.9971305131912231, -0.07484882324934006, 0.011329618282616138, 0.07570001482963562, 0.9867947697639465, -0.14319771528244019, -0.00046182796359062195, 0.14364434778690338, 0.9896292686462402),
            ["RightFoot"] = CFrame.new(-1.4575363138646935e-09, 3.5762786865234375e-07, -6.024492904543877e-09, 0.9971305727958679, 0.0757000744342804, -0.00046183416270650923, -0.07514139264822006, 0.9889944791793823, -0.12745079398155212, -0.009191301651299, 0.1271200031042099, 0.9918447732925415),
        }},
        {Time = 0.103, Data = {
            ["CameraPart"] = CFrame.new(0, 0.3453407287597656, -9.858786582946777, -1, 2.7589663037085477e-17, -8.742276236262114e-08, -9.253392718733267e-09, 0.9943825006484985, 0.10584648698568344, 8.693166364537319e-08, 0.10584650933742523, -0.9943825006484985),
            ["LeftLowerArm"] = CFrame.new(8.940696716308594e-08, 5.960464477539063e-08, 4.0046870708465576e-08, 1, 2.524756759214597e-08, -2.47382492268855e-09, -2.2584572434425354e-08, 0.9856346845626831, -0.16889184713363647, -2.3283064365386963e-09, 0.1688917577266693, 0.9856345653533936),
            ["LeftFoot"] = CFrame.new(1.1059455573558807e-08, 0, 1.2398231774568558e-08, 0.9977940917015076, -0.06578986346721649, 0.008878076449036598, 0.06635786592960358, 0.9845025539398193, -0.1623312383890152, 0.0019392628455534577, 0.1625622808933258, 0.9866964817047119),
            ["RightHand"] = CFrame.new(-5.960464477539063e-08, -5.960464477539062e-07, -1.1920928955078125e-07, 0.9870885610580444, 0.15704038739204407, -0.03153511509299278, -0.1578308343887329, 0.9200413823127747, -0.3586271405220032, -0.02730536460876465, 0.3589739501476288, 0.9329481720924377),
            ["HumanoidRootPart"] = CFrame.new(0, 0, 0, 1, 0, 0, 0, 1, 0, 0, 0, 1),
            ["RightLowerLeg"] = CFrame.new(3.623426891863346e-08, -0.000014901161193847656, -0.000035054690670222044, 1, -3.641980939050882e-08, -5.384208634495735e-09, 3.081367694335313e-08, 0.9632512331008911, 0.2686019837856293, -4.569300937617982e-09, -0.26860225200653076, 0.9632512927055359),
            ["LeftUpperLeg"] = CFrame.new(0, 0, 0, 0.9977940917015076, 0.06442724913358688, -0.016008034348487854, -0.0657898485660553, 0.9919005632400513, -0.10865069925785065, 0.008878313936293125, 0.10946418344974518, 0.9939510822296143),
            ["LeftLowerLeg"] = CFrame.new(1.6239937394857407e-08, 0.00001519918441772461, 0.00003508571535348892, 1, 1.2922100722789764e-08, 2.3283061589829401e-10, -1.8742865037779666e-08, 0.963034451007843, 0.2693784236907959, 1.8626449271863521e-09, -0.2693784832954407, 0.9630343914031982),
            ["LowerTorso"] = CFrame.new(0, -0.02102196216583252, 0, 1, 0, 0, 0, 1, 0, 0, 0, 1),
            ["Head"] = CFrame.new(0, 0, 0, 1, -1.4203912433166307e-14, -8.527927712956296e-18, 5.947929730123688e-15, 0.5989511609077454, 0.8007856607437134, -3.636403244494657e-14, -0.8007856011390686, 0.598950982093811),
            ["UpperTorso"] = CFrame.new(0, 1.1920928955078125e-07, 0, 1, 0, 0, 0, 1, 0, 0, 0, 1),
            ["LeftUpperArm"] = CFrame.new(0, 0, 0, 0.9996597170829773, 0.024086831137537956, -0.010016066953539848, -0.021859901025891304, 0.9830132126808167, 0.18222829699516296, 0.014235229231417179, -0.18194733560085297, 0.983205258846283),
            ["RightLowerArm"] = CFrame.new(2.9802322387695312e-08, 2.980232238769531e-07, 1.9371509552001953e-07, 1, -8.754431490842762e-08, 1.1827795276531106e-07, 7.636845111846924e-08, -0.36382272839546204, -0.9314682483673096, 1.1734664440155029e-07, 0.9314682483673096, -0.36382269859313965),
            ["LeftHand"] = CFrame.new(-1.1152587831020355e-07, -5.960464477539063e-08, 3.259629011154175e-08, 1, 2.9394882083977336e-09, 1.57160684466362e-09, 6.257323548197746e-10, 1, 1.4301622286438942e-07, -5.820766091346741e-11, -2.3865152076751883e-09, 1),
            ["RightUpperArm"] = CFrame.new(0, 0, 0, 0.9843794107437134, 0.08094543218612671, 0.15634910762310028, 0.02429780177772045, 0.8170860409736633, -0.5760035514831543, -0.1743755340576172, 0.5708049535751343, 0.8023558259010315),
            ["RightUpperLeg"] = CFrame.new(0, 0, 0, 0.9971305131912231, -0.07484882324934006, 0.011329618282616138, 0.07570001482963562, 0.9867947697639465, -0.14319771528244019, -0.00046182796359062195, 0.14364434778690338, 0.9896292686462402),
            ["RightFoot"] = CFrame.new(-1.4575363138646935e-09, 3.5762786865234375e-07, -6.024492904543877e-09, 0.9971305727958679, 0.0757000744342804, -0.00046183416270650923, -0.07514139264822006, 0.9889944791793823, -0.12745079398155212, -0.009191301651299, 0.1271200031042099, 0.9918447732925415),
        }},
        {Time = 0.138, Data = {
            ["CameraPart"] = CFrame.new(0, 0.3453407287597656, -9.858786582946777, -1, 2.7589663037085477e-17, -8.742276236262114e-08, -9.253392718733267e-09, 0.9943825006484985, 0.10584648698568344, 8.693166364537319e-08, 0.10584650933742523, -0.9943825006484985),
            ["LeftLowerArm"] = CFrame.new(8.940696716308594e-08, 5.960464477539063e-08, 4.0046870708465576e-08, 1, 2.524756759214597e-08, -2.47382492268855e-09, -2.2584572434425354e-08, 0.9856346845626831, -0.16889184713363647, -2.3283064365386963e-09, 0.1688917577266693, 0.9856345653533936),
            ["LeftFoot"] = CFrame.new(1.1059455573558807e-08, 0, 1.2398231774568558e-08, 0.9977940917015076, -0.06578986346721649, 0.008878076449036598, 0.06635786592960358, 0.9845025539398193, -0.1623312383890152, 0.0019392628455534577, 0.1625622808933258, 0.9866964817047119),
            ["RightHand"] = CFrame.new(-5.960464477539063e-08, -5.960464477539062e-07, -1.1920928955078125e-07, 0.9870885610580444, 0.15704038739204407, -0.03153511509299278, -0.1578308343887329, 0.9200413823127747, -0.3586271405220032, -0.02730536460876465, 0.3589739501476288, 0.9329481720924377),
            ["HumanoidRootPart"] = CFrame.new(0, 0, 0, 1, 0, 0, 0, 1, 0, 0, 0, 1),
            ["RightLowerLeg"] = CFrame.new(3.623426891863346e-08, -0.000014901161193847656, -0.000035054690670222044, 1, -3.641980939050882e-08, -5.384208634495735e-09, 3.081367694335313e-08, 0.9632512331008911, 0.2686019837856293, -4.569300937617982e-09, -0.26860225200653076, 0.9632512927055359),
            ["LeftUpperLeg"] = CFrame.new(0, 0, 0, 0.9977940917015076, 0.06442724913358688, -0.016008034348487854, -0.0657898485660553, 0.9919005632400513, -0.10865069925785065, 0.008878313936293125, 0.10946418344974518, 0.9939510822296143),
            ["LeftLowerLeg"] = CFrame.new(1.6239937394857407e-08, 0.00001519918441772461, 0.00003508571535348892, 1, 1.2922100722789764e-08, 2.3283061589829401e-10, -1.8742865037779666e-08, 0.963034451007843, 0.2693784236907959, 1.8626449271863521e-09, -0.2693784832954407, 0.9630343914031982),
            ["LowerTorso"] = CFrame.new(0, -0.02102196216583252, 0, 1, 0, 0, 0, 1, 0, 0, 0, 1),
            ["Head"] = CFrame.new(0, 0, 0, 1, -1.4203912433166307e-14, -8.527927712956296e-18, 5.947929730123688e-15, 0.5989511609077454, 0.8007856607437134, -3.636403244494657e-14, -0.8007856011390686, 0.598950982093811),
            ["UpperTorso"] = CFrame.new(0, 1.1920928955078125e-07, 0, 1, 0, 0, 0, 1, 0, 0, 0, 1),
            ["LeftUpperArm"] = CFrame.new(0, 0, 0, 0.9996597170829773, 0.024086831137537956, -0.010016066953539848, -0.021859901025891304, 0.9830132126808167, 0.18222829699516296, 0.014235229231417179, -0.18194733560085297, 0.983205258846283),
            ["RightLowerArm"] = CFrame.new(2.9802322387695312e-08, 2.980232238769531e-07, 1.9371509552001953e-07, 1, -8.754431490842762e-08, 1.1827795276531106e-07, 7.636845111846924e-08, -0.36382272839546204, -0.9314682483673096, 1.1734664440155029e-07, 0.9314682483673096, -0.36382269859313965),
            ["LeftHand"] = CFrame.new(-1.1152587831020355e-07, -5.960464477539063e-08, 3.259629011154175e-08, 1, 2.9394882083977336e-09, 1.57160684466362e-09, 6.257323548197746e-10, 1, 1.4301622286438942e-07, -5.820766091346741e-11, -2.3865152076751883e-09, 1),
            ["RightUpperArm"] = CFrame.new(0, 0, 0, 0.9843794107437134, 0.08094543218612671, 0.15634910762310028, 0.02429780177772045, 0.8170860409736633, -0.5760035514831543, -0.1743755340576172, 0.5708049535751343, 0.8023558259010315),
            ["RightUpperLeg"] = CFrame.new(0, 0, 0, 0.9971305131912231, -0.07484882324934006, 0.011329618282616138, 0.07570001482963562, 0.9867947697639465, -0.14319771528244019, -0.00046182796359062195, 0.14364434778690338, 0.9896292686462402),
            ["RightFoot"] = CFrame.new(-1.4575363138646935e-09, 3.5762786865234375e-07, -6.024492904543877e-09, 0.9971305727958679, 0.0757000744342804, -0.00046183416270650923, -0.07514139264822006, 0.9889944791793823, -0.12745079398155212, -0.009191301651299, 0.1271200031042099, 0.9918447732925415),
        }},
        {Time = 0.172, Data = {
            ["CameraPart"] = CFrame.new(0, 0.3453407287597656, -9.858786582946777, -1, 2.7589663037085477e-17, -8.742276236262114e-08, -9.253392718733267e-09, 0.9943825006484985, 0.10584648698568344, 8.693166364537319e-08, 0.10584650933742523, -0.9943825006484985),
            ["LeftLowerArm"] = CFrame.new(8.940696716308594e-08, 5.960464477539063e-08, 4.0046870708465576e-08, 1, 2.524756759214597e-08, -2.47382492268855e-09, -2.2584572434425354e-08, 0.9856346845626831, -0.16889184713363647, -2.3283064365386963e-09, 0.1688917577266693, 0.9856345653533936),
            ["LeftFoot"] = CFrame.new(1.1059455573558807e-08, 0, 1.2398231774568558e-08, 0.9977940917015076, -0.06578986346721649, 0.008878076449036598, 0.06635786592960358, 0.9845025539398193, -0.1623312383890152, 0.0019392628455534577, 0.1625622808933258, 0.9866964817047119),
            ["RightHand"] = CFrame.new(-5.960464477539063e-08, -5.960464477539062e-07, -1.1920928955078125e-07, 0.9870885610580444, 0.15704038739204407, -0.03153511509299278, -0.1578308343887329, 0.9200413823127747, -0.3586271405220032, -0.02730536460876465, 0.3589739501476288, 0.9329481720924377),
            ["HumanoidRootPart"] = CFrame.new(0, 0, 0, 1, 0, 0, 0, 1, 0, 0, 0, 1),
            ["RightLowerLeg"] = CFrame.new(3.623426891863346e-08, -0.000014901161193847656, -0.000035054690670222044, 1, -3.641980939050882e-08, -5.384208634495735e-09, 3.081367694335313e-08, 0.9632512331008911, 0.2686019837856293, -4.569300937617982e-09, -0.26860225200653076, 0.9632512927055359),
            ["LeftUpperLeg"] = CFrame.new(0, 0, 0, 0.9977940917015076, 0.06442724913358688, -0.016008034348487854, -0.0657898485660553, 0.9919005632400513, -0.10865069925785065, 0.008878313936293125, 0.10946418344974518, 0.9939510822296143),
            ["LeftLowerLeg"] = CFrame.new(1.6239937394857407e-08, 0.00001519918441772461, 0.00003508571535348892, 1, 1.2922100722789764e-08, 2.3283061589829401e-10, -1.8742865037779666e-08, 0.963034451007843, 0.2693784236907959, 1.8626449271863521e-09, -0.2693784832954407, 0.9630343914031982),
            ["LowerTorso"] = CFrame.new(0, -0.02102196216583252, 0, 1, 0, 0, 0, 1, 0, 0, 0, 1),
            ["Head"] = CFrame.new(0, 0, 0, 1, -1.4203912433166307e-14, -8.527927712956296e-18, 5.947929730123688e-15, 0.5989511609077454, 0.8007856607437134, -3.636403244494657e-14, -0.8007856011390686, 0.598950982093811),
            ["UpperTorso"] = CFrame.new(0, 1.1920928955078125e-07, 0, 1, 0, 0, 0, 1, 0, 0, 0, 1),
            ["LeftUpperArm"] = CFrame.new(0, 0, 0, 0.9996597170829773, 0.024086831137537956, -0.010016066953539848, -0.021859901025891304, 0.9830132126808167, 0.18222829699516296, 0.014235229231417179, -0.18194733560085297, 0.983205258846283),
            ["RightLowerArm"] = CFrame.new(2.9802322387695312e-08, 2.980232238769531e-07, 1.9371509552001953e-07, 1, -8.754431490842762e-08, 1.1827795276531106e-07, 7.636845111846924e-08, -0.36382272839546204, -0.9314682483673096, 1.1734664440155029e-07, 0.9314682483673096, -0.36382269859313965),
            ["LeftHand"] = CFrame.new(-1.1152587831020355e-07, -5.960464477539063e-08, 3.259629011154175e-08, 1, 2.9394882083977336e-09, 1.57160684466362e-09, 6.257323548197746e-10, 1, 1.4301622286438942e-07, -5.820766091346741e-11, -2.3865152076751883e-09, 1),
            ["RightUpperArm"] = CFrame.new(0, 0, 0, 0.9843794107437134, 0.08094543218612671, 0.15634910762310028, 0.02429780177772045, 0.8170860409736633, -0.5760035514831543, -0.1743755340576172, 0.5708049535751343, 0.8023558259010315),
            ["RightUpperLeg"] = CFrame.new(0, 0, 0, 0.9971305131912231, -0.07484882324934006, 0.011329618282616138, 0.07570001482963562, 0.9867947697639465, -0.14319771528244019, -0.00046182796359062195, 0.14364434778690338, 0.9896292686462402),
            ["RightFoot"] = CFrame.new(-1.4575363138646935e-09, 3.5762786865234375e-07, -6.024492904543877e-09, 0.9971305727958679, 0.0757000744342804, -0.00046183416270650923, -0.07514139264822006, 0.9889944791793823, -0.12745079398155212, -0.009191301651299, 0.1271200031042099, 0.9918447732925415),
        }},
        {Time = 0.207, Data = {
            ["CameraPart"] = CFrame.new(0, 0.3453407287597656, -9.858786582946777, -1, 2.7589663037085477e-17, -8.742276236262114e-08, -9.253392718733267e-09, 0.9943825006484985, 0.10584648698568344, 8.693166364537319e-08, 0.10584650933742523, -0.9943825006484985),
            ["LeftLowerArm"] = CFrame.new(8.940696716308594e-08, 5.960464477539063e-08, 4.0046870708465576e-08, 1, 2.524756759214597e-08, -2.47382492268855e-09, -2.2584572434425354e-08, 0.9856346845626831, -0.16889184713363647, -2.3283064365386963e-09, 0.1688917577266693, 0.9856345653533936),
            ["LeftFoot"] = CFrame.new(1.1059455573558807e-08, 0, 1.2398231774568558e-08, 0.9977940917015076, -0.06578986346721649, 0.008878076449036598, 0.06635786592960358, 0.9845025539398193, -0.1623312383890152, 0.0019392628455534577, 0.1625622808933258, 0.9866964817047119),
            ["RightHand"] = CFrame.new(-5.960464477539063e-08, -5.960464477539062e-07, -1.1920928955078125e-07, 0.9870885610580444, 0.15704038739204407, -0.03153511509299278, -0.1578308343887329, 0.9200413823127747, -0.3586271405220032, -0.02730536460876465, 0.3589739501476288, 0.9329481720924377),
            ["HumanoidRootPart"] = CFrame.new(0, 0, 0, 1, 0, 0, 0, 1, 0, 0, 0, 1),
            ["RightLowerLeg"] = CFrame.new(3.623426891863346e-08, -0.000014901161193847656, -0.000035054690670222044, 1, -3.641980939050882e-08, -5.384208634495735e-09, 3.081367694335313e-08, 0.9632512331008911, 0.2686019837856293, -4.569300937617982e-09, -0.26860225200653076, 0.9632512927055359),
            ["LeftUpperLeg"] = CFrame.new(0, 0, 0, 0.9977940917015076, 0.06442724913358688, -0.016008034348487854, -0.0657898485660553, 0.9919005632400513, -0.10865069925785065, 0.008878313936293125, 0.10946418344974518, 0.9939510822296143),
            ["LeftLowerLeg"] = CFrame.new(1.6239937394857407e-08, 0.00001519918441772461, 0.00003508571535348892, 1, 1.2922100722789764e-08, 2.3283061589829401e-10, -1.8742865037779666e-08, 0.963034451007843, 0.2693784236907959, 1.8626449271863521e-09, -0.2693784832954407, 0.9630343914031982),
            ["LowerTorso"] = CFrame.new(0, -0.02102196216583252, 0, 1, 0, 0, 0, 1, 0, 0, 0, 1),
            ["Head"] = CFrame.new(0, 0, 0, 1, -1.4203912433166307e-14, -8.527927712956296e-18, 5.947929730123688e-15, 0.5989511609077454, 0.8007856607437134, -3.636403244494657e-14, -0.8007856011390686, 0.598950982093811),
            ["UpperTorso"] = CFrame.new(0, 1.1920928955078125e-07, 0, 1, 0, 0, 0, 1, 0, 0, 0, 1),
            ["LeftUpperArm"] = CFrame.new(0, 0, 0, 0.9996597170829773, 0.024086831137537956, -0.010016066953539848, -0.021859901025891304, 0.9830132126808167, 0.18222829699516296, 0.014235229231417179, -0.18194733560085297, 0.983205258846283),
            ["RightLowerArm"] = CFrame.new(2.9802322387695312e-08, 2.980232238769531e-07, 1.9371509552001953e-07, 1, -8.754431490842762e-08, 1.1827795276531106e-07, 7.636845111846924e-08, -0.36382272839546204, -0.9314682483673096, 1.1734664440155029e-07, 0.9314682483673096, -0.36382269859313965),
            ["LeftHand"] = CFrame.new(-1.1152587831020355e-07, -5.960464477539063e-08, 3.259629011154175e-08, 1, 2.9394882083977336e-09, 1.57160684466362e-09, 6.257323548197746e-10, 1, 1.4301622286438942e-07, -5.820766091346741e-11, -2.3865152076751883e-09, 1),
            ["RightUpperArm"] = CFrame.new(0, 0, 0, 0.9843794107437134, 0.08094543218612671, 0.15634910762310028, 0.02429780177772045, 0.8170860409736633, -0.5760035514831543, -0.1743755340576172, 0.5708049535751343, 0.8023558259010315),
            ["RightUpperLeg"] = CFrame.new(0, 0, 0, 0.9971305131912231, -0.07484882324934006, 0.011329618282616138, 0.07570001482963562, 0.9867947697639465, -0.14319771528244019, -0.00046182796359062195, 0.14364434778690338, 0.9896292686462402),
            ["RightFoot"] = CFrame.new(-1.4575363138646935e-09, 3.5762786865234375e-07, -6.024492904543877e-09, 0.9971305727958679, 0.0757000744342804, -0.00046183416270650923, -0.07514139264822006, 0.9889944791793823, -0.12745079398155212, -0.009191301651299, 0.1271200031042099, 0.9918447732925415),
        }},
        {Time = 0.241, Data = {
            ["CameraPart"] = CFrame.new(0, 0.3453407287597656, -9.858786582946777, -1, 2.7589663037085477e-17, -8.742276236262114e-08, -9.253392718733267e-09, 0.9943825006484985, 0.10584648698568344, 8.693166364537319e-08, 0.10584650933742523, -0.9943825006484985),
            ["LeftLowerArm"] = CFrame.new(8.940696716308594e-08, 5.960464477539063e-08, 4.0046870708465576e-08, 1, 2.524756759214597e-08, -2.47382492268855e-09, -2.2584572434425354e-08, 0.9856346845626831, -0.16889184713363647, -2.3283064365386963e-09, 0.1688917577266693, 0.9856345653533936),
            ["LeftFoot"] = CFrame.new(1.1059455573558807e-08, 0, 1.2398231774568558e-08, 0.9977940917015076, -0.06578986346721649, 0.008878076449036598, 0.06635786592960358, 0.9845025539398193, -0.1623312383890152, 0.0019392628455534577, 0.1625622808933258, 0.9866964817047119),
            ["RightHand"] = CFrame.new(-5.960464477539063e-08, -5.960464477539062e-07, -1.1920928955078125e-07, 0.9870885610580444, 0.15704038739204407, -0.03153511509299278, -0.1578308343887329, 0.9200413823127747, -0.3586271405220032, -0.02730536460876465, 0.3589739501476288, 0.9329481720924377),
            ["HumanoidRootPart"] = CFrame.new(0, 0, 0, 1, 0, 0, 0, 1, 0, 0, 0, 1),
            ["RightLowerLeg"] = CFrame.new(3.623426891863346e-08, -0.000014901161193847656, -0.000035054690670222044, 1, -3.641980939050882e-08, -5.384208634495735e-09, 3.081367694335313e-08, 0.9632512331008911, 0.2686019837856293, -4.569300937617982e-09, -0.26860225200653076, 0.9632512927055359),
            ["LeftUpperLeg"] = CFrame.new(0, 0, 0, 0.9977940917015076, 0.06442724913358688, -0.016008034348487854, -0.0657898485660553, 0.9919005632400513, -0.10865069925785065, 0.008878313936293125, 0.10946418344974518, 0.9939510822296143),
            ["LeftLowerLeg"] = CFrame.new(1.6239937394857407e-08, 0.00001519918441772461, 0.00003508571535348892, 1, 1.2922100722789764e-08, 2.3283061589829401e-10, -1.8742865037779666e-08, 0.963034451007843, 0.2693784236907959, 1.8626449271863521e-09, -0.2693784832954407, 0.9630343914031982),
            ["LowerTorso"] = CFrame.new(0, -0.02102196216583252, 0, 1, 0, 0, 0, 1, 0, 0, 0, 1),
            ["Head"] = CFrame.new(0, 0, 0, 1, -1.4203912433166307e-14, -8.527927712956296e-18, 5.947929730123688e-15, 0.5989511609077454, 0.8007856607437134, -3.636403244494657e-14, -0.8007856011390686, 0.598950982093811),
            ["UpperTorso"] = CFrame.new(0, 1.1920928955078125e-07, 0, 1, 0, 0, 0, 1, 0, 0, 0, 1),
            ["LeftUpperArm"] = CFrame.new(0, 0, 0, 0.9996597170829773, 0.024086831137537956, -0.010016066953539848, -0.021859901025891304, 0.9830132126808167, 0.18222829699516296, 0.014235229231417179, -0.18194733560085297, 0.983205258846283),
            ["RightLowerArm"] = CFrame.new(2.9802322387695312e-08, 2.980232238769531e-07, 1.9371509552001953e-07, 1, -8.754431490842762e-08, 1.1827795276531106e-07, 7.636845111846924e-08, -0.36382272839546204, -0.9314682483673096, 1.1734664440155029e-07, 0.9314682483673096, -0.36382269859313965),
            ["LeftHand"] = CFrame.new(-1.1152587831020355e-07, -5.960464477539063e-08, 3.259629011154175e-08, 1, 2.9394882083977336e-09, 1.57160684466362e-09, 6.257323548197746e-10, 1, 1.4301622286438942e-07, -5.820766091346741e-11, -2.3865152076751883e-09, 1),
            ["RightUpperArm"] = CFrame.new(0, 0, 0, 0.9843794107437134, 0.08094543218612671, 0.15634910762310028, 0.02429780177772045, 0.8170860409736633, -0.5760035514831543, -0.1743755340576172, 0.5708049535751343, 0.8023558259010315),
            ["RightUpperLeg"] = CFrame.new(0, 0, 0, 0.9971305131912231, -0.07484882324934006, 0.011329618282616138, 0.07570001482963562, 0.9867947697639465, -0.14319771528244019, -0.00046182796359062195, 0.14364434778690338, 0.9896292686462402),
            ["RightFoot"] = CFrame.new(-1.4575363138646935e-09, 3.5762786865234375e-07, -6.024492904543877e-09, 0.9971305727958679, 0.0757000744342804, -0.00046183416270650923, -0.07514139264822006, 0.9889944791793823, -0.12745079398155212, -0.009191301651299, 0.1271200031042099, 0.9918447732925415),
        }},
        {Time = 0.276, Data = {
            ["CameraPart"] = CFrame.new(0, 0.3453407287597656, -9.858786582946777, -1, 2.7589663037085477e-17, -8.742276236262114e-08, -9.253392718733267e-09, 0.9943825006484985, 0.10584648698568344, 8.693166364537319e-08, 0.10584650933742523, -0.9943825006484985),
            ["LeftLowerArm"] = CFrame.new(8.940696716308594e-08, 5.960464477539063e-08, 4.0046870708465576e-08, 1, 2.524756759214597e-08, -2.47382492268855e-09, -2.2584572434425354e-08, 0.9856346845626831, -0.16889184713363647, -2.3283064365386963e-09, 0.1688917577266693, 0.9856345653533936),
            ["LeftFoot"] = CFrame.new(1.1059455573558807e-08, 0, 1.2398231774568558e-08, 0.9977940917015076, -0.06578986346721649, 0.008878076449036598, 0.06635786592960358, 0.9845025539398193, -0.1623312383890152, 0.0019392628455534577, 0.1625622808933258, 0.9866964817047119),
            ["RightHand"] = CFrame.new(-5.960464477539063e-08, -5.960464477539062e-07, -1.1920928955078125e-07, 0.9870885610580444, 0.15704038739204407, -0.03153511509299278, -0.1578308343887329, 0.9200413823127747, -0.3586271405220032, -0.02730536460876465, 0.3589739501476288, 0.9329481720924377),
            ["HumanoidRootPart"] = CFrame.new(0, 0, 0, 1, 0, 0, 0, 1, 0, 0, 0, 1),
            ["RightLowerLeg"] = CFrame.new(3.623426891863346e-08, -0.000014901161193847656, -0.000035054690670222044, 1, -3.641980939050882e-08, -5.384208634495735e-09, 3.081367694335313e-08, 0.9632512331008911, 0.2686019837856293, -4.569300937617982e-09, -0.26860225200653076, 0.9632512927055359),
            ["LeftUpperLeg"] = CFrame.new(0, 0, 0, 0.9977940917015076, 0.06442724913358688, -0.016008034348487854, -0.0657898485660553, 0.9919005632400513, -0.10865069925785065, 0.008878313936293125, 0.10946418344974518, 0.9939510822296143),
            ["LeftLowerLeg"] = CFrame.new(1.6239937394857407e-08, 0.00001519918441772461, 0.00003508571535348892, 1, 1.2922100722789764e-08, 2.3283061589829401e-10, -1.8742865037779666e-08, 0.963034451007843, 0.2693784236907959, 1.8626449271863521e-09, -0.2693784832954407, 0.9630343914031982),
            ["LowerTorso"] = CFrame.new(0, -0.02102196216583252, 0, 1, 0, 0, 0, 1, 0, 0, 0, 1),
            ["Head"] = CFrame.new(0, 0, 0, 1, -1.4203912433166307e-14, -8.527927712956296e-18, 5.947929730123688e-15, 0.5989511609077454, 0.8007856607437134, -3.636403244494657e-14, -0.8007856011390686, 0.598950982093811),
            ["UpperTorso"] = CFrame.new(0, 1.1920928955078125e-07, 0, 1, 0, 0, 0, 1, 0, 0, 0, 1),
            ["LeftUpperArm"] = CFrame.new(0, 0, 0, 0.9996597170829773, 0.024086831137537956, -0.010016066953539848, -0.021859901025891304, 0.9830132126808167, 0.18222829699516296, 0.014235229231417179, -0.18194733560085297, 0.983205258846283),
            ["RightLowerArm"] = CFrame.new(2.9802322387695312e-08, 2.980232238769531e-07, 1.9371509552001953e-07, 1, -8.754431490842762e-08, 1.1827795276531106e-07, 7.636845111846924e-08, -0.36382272839546204, -0.9314682483673096, 1.1734664440155029e-07, 0.9314682483673096, -0.36382269859313965),
            ["LeftHand"] = CFrame.new(-1.1152587831020355e-07, -5.960464477539063e-08, 3.259629011154175e-08, 1, 2.9394882083977336e-09, 1.57160684466362e-09, 6.257323548197746e-10, 1, 1.4301622286438942e-07, -5.820766091346741e-11, -2.3865152076751883e-09, 1),
            ["RightUpperArm"] = CFrame.new(0, 0, 0, 0.9843794107437134, 0.08094543218612671, 0.15634910762310028, 0.02429780177772045, 0.8170860409736633, -0.5760035514831543, -0.1743755340576172, 0.5708049535751343, 0.8023558259010315),
            ["RightUpperLeg"] = CFrame.new(0, 0, 0, 0.9971305131912231, -0.07484882324934006, 0.011329618282616138, 0.07570001482963562, 0.9867947697639465, -0.14319771528244019, -0.00046182796359062195, 0.14364434778690338, 0.9896292686462402),
            ["RightFoot"] = CFrame.new(-1.4575363138646935e-09, 3.5762786865234375e-07, -6.024492904543877e-09, 0.9971305727958679, 0.0757000744342804, -0.00046183416270650923, -0.07514139264822006, 0.9889944791793823, -0.12745079398155212, -0.009191301651299, 0.1271200031042099, 0.9918447732925415),
        }},
        {Time = 0.310, Data = {
            ["CameraPart"] = CFrame.new(0, 0.3453407287597656, -9.858786582946777, -1, 2.7589663037085477e-17, -8.742276236262114e-08, -9.253392718733267e-09, 0.9943825006484985, 0.10584648698568344, 8.693166364537319e-08, 0.10584650933742523, -0.9943825006484985),
            ["LeftLowerArm"] = CFrame.new(8.940696716308594e-08, 5.960464477539063e-08, 4.0046870708465576e-08, 1, 2.524756759214597e-08, -2.47382492268855e-09, -2.2584572434425354e-08, 0.9856346845626831, -0.16889184713363647, -2.3283064365386963e-09, 0.1688917577266693, 0.9856345653533936),
            ["LeftFoot"] = CFrame.new(1.1059455573558807e-08, 0, 1.2398231774568558e-08, 0.9977940917015076, -0.06578986346721649, 0.008878076449036598, 0.06635786592960358, 0.9845025539398193, -0.1623312383890152, 0.0019392628455534577, 0.1625622808933258, 0.9866964817047119),
            ["RightHand"] = CFrame.new(-5.960464477539063e-08, -5.960464477539062e-07, -1.1920928955078125e-07, 0.9870885610580444, 0.15704038739204407, -0.03153511509299278, -0.1578308343887329, 0.9200413823127747, -0.3586271405220032, -0.02730536460876465, 0.3589739501476288, 0.9329481720924377),
            ["HumanoidRootPart"] = CFrame.new(0, 0, 0, 1, 0, 0, 0, 1, 0, 0, 0, 1),
            ["RightLowerLeg"] = CFrame.new(3.623426891863346e-08, -0.000014901161193847656, -0.000035054690670222044, 1, -3.641980939050882e-08, -5.384208634495735e-09, 3.081367694335313e-08, 0.9632512331008911, 0.2686019837856293, -4.569300937617982e-09, -0.26860225200653076, 0.9632512927055359),
            ["LeftUpperLeg"] = CFrame.new(0, 0, 0, 0.9977940917015076, 0.06442724913358688, -0.016008034348487854, -0.0657898485660553, 0.9919005632400513, -0.10865069925785065, 0.008878313936293125, 0.10946418344974518, 0.9939510822296143),
            ["LeftLowerLeg"] = CFrame.new(1.6239937394857407e-08, 0.00001519918441772461, 0.00003508571535348892, 1, 1.2922100722789764e-08, 2.3283061589829401e-10, -1.8742865037779666e-08, 0.963034451007843, 0.2693784236907959, 1.8626449271863521e-09, -0.2693784832954407, 0.9630343914031982),
            ["LowerTorso"] = CFrame.new(0, -0.02102196216583252, 0, 1, 0, 0, 0, 1, 0, 0, 0, 1),
            ["Head"] = CFrame.new(0, 0, 0, 1, -1.4203912433166307e-14, -8.527927712956296e-18, 5.947929730123688e-15, 0.5989511609077454, 0.8007856607437134, -3.636403244494657e-14, -0.8007856011390686, 0.598950982093811),
            ["UpperTorso"] = CFrame.new(0, 1.1920928955078125e-07, 0, 1, 0, 0, 0, 1, 0, 0, 0, 1),
            ["LeftUpperArm"] = CFrame.new(0, 0, 0, 0.9996597170829773, 0.024086831137537956, -0.010016066953539848, -0.021859901025891304, 0.9830132126808167, 0.18222829699516296, 0.014235229231417179, -0.18194733560085297, 0.983205258846283),
