return {
    ["Wake Up"] = {
        {Time = 0.000, Data = {
            ["LeftFoot"] = CFrame.new(-1.30385160446167e-08, -5.960464477539063e-08, -3.632158041000366e-08, 0.9832431077957153, 0.08140046894550323, -0.16311711072921753, -0.14984653890132904, 0.8704689741134644, -0.46886005997657776, 0.10382287204265594, 0.4854459762573242, 0.868080198764801),
            ["LeftLowerArm"] = CFrame.new(0.0000010132789611816406, -3.5762786865234375e-07, 0.000004559755325317383, 1, -2.4214383387288763e-08, -9.313227877782992e-08, -4.470348358154297e-08, -0.26319363713264465, -0.9647430181503296, 7.450580596923828e-09, 0.9647430181503296, -0.26319369673728943),
            ["LowerTorso"] = CFrame.new(-0.31309744715690613, -0.058086276054382324, 0.13252295553684235, -0.5197470188140869, 0.15264716744422913, -0.8405724167823792, 0.2188330739736557, 0.9748697876930237, 0.04172547906637192, 0.825817883014679, -0.1622583419084549, -0.5400898456573486),
            ["Head"] = CFrame.new(-5.029141902923584e-08, -9.5367431640625e-07, -2.7939677238464355e-08, 0.4798996150493622, -0.02407650090754032, 0.8769931197166443, 0.11517943441867828, 0.9927003383636475, -0.03577433153986931, -0.8697299361228943, 0.11817950755357742, 0.47916948795318604),
            ["RightUpperArm"] = CFrame.new(0.018538594245910645, -0.026938438415527344, -0.0062859803438186646, 0.9449542760848999, -0.10839597135782242, -0.3087259829044342, 0.23261283338069916, 0.8861148357391357, 0.40086424350738525, 0.2301144003868103, -0.45061179995536804, 0.8625521063804626),
            ["UpperTorso"] = CFrame.new(5.21540641784668e-08, -5.960464477539063e-08, -1.862645149230957e-08, 0.9867844581604004, 0.11799532175064087, -0.1110563725233078, -0.1144329234957695, 0.9927060008049011, 0.03794578090310097, 0.11472366005182266, -0.02473580464720726, 0.9930894374847412),
            ["HumanoidRootPart"] = CFrame.new(0, 0, 0, 1, 0, 0, 0, 1, 0, 0, 0, 1),
            ["RightHand"] = CFrame.new(3.5762786865234375e-07, 0.0000015497207641601562, -7.152557373046875e-07, 0.9606775641441345, 0.24467182159423828, -0.13127952814102173, -0.26784205436706543, 0.9412243962287903, -0.2058090716600418, 0.07320790737867355, 0.23287850618362427, 0.9697465896606445),
            ["LeftUpperArm"] = CFrame.new(0.07567393779754639, -0.0021305084228515625, -0.005846187472343445, 0.9242563843727112, 0.35618287324905396, -0.1374192237854004, -0.2875792980194092, 0.8862936496734619, 0.3630179166793823, 0.25109437108039856, -0.29600250720977783, 0.9215931296348572),
            ["RightLowerArm"] = CFrame.new(5.960464477539062e-07, 4.76837158203125e-07, -0.000003814697265625, 1, -0.000013995915651321411, 0.000013530258001992479, 0.00001897662878036499, 0.5474624633789062, -0.8368303179740906, 0.000004336237907409668, 0.8368302583694458, 0.5474624037742615),
            ["LeftHand"] = CFrame.new(-0.0000014603137969970703, -0.0000011920928955078125, 2.4586915969848633e-07, 0.7818319797515869, -0.37081384658813477, 0.5012337565422058, 0.559076189994812, 0.7728113532066345, -0.3003275394439697, -0.275993674993515, 0.5150338411331177, 0.8115221858024597),
            ["RightUpperLeg"] = CFrame.new(8.940696716308594e-08, -3.2782554626464844e-07, -3.894820110872388e-08, 0.9415045976638794, -0.002351550618186593, -0.33699190616607666, -0.006193317472934723, 0.999686062335968, -0.024279296398162842, 0.33694329857826233, 0.024946052581071854, 0.941194474697113),
            ["LeftUpperLeg"] = CFrame.new(-5.960464477539063e-08, -2.384185791015625e-07, -1.4901161193847656e-08, 0.8499096632003784, 0.25607621669769287, 0.46051979064941406, -0.12524692714214325, 0.9470989108085632, -0.29549431800842285, -0.5118268728256226, 0.1934647560119629, 0.8370212912559509),
            ["RightLowerLeg"] = CFrame.new(1.1920928955078125e-07, -0.0007264018058776855, 0.00004614314093487337, 1, -8.568168397005138e-08, -1.1781234832142218e-07, 1.1920930376163597e-07, 0.19645383954048157, 0.9805130958557129, -8.754432911928234e-08, -0.9805130958557129, 0.1964540332555771),
            ["RightFoot"] = CFrame.new(3.5762786865234375e-07, -5.960464477539063e-08, 3.941386239603162e-08, 0.9689993858337402, 0.1173115149140358, -0.21743588149547577, -0.11102407425642014, 0.9929735660552979, 0.04095397889614105, 0.22071228921413422, -0.01554379053413868, 0.9752151370048523),
            ["LeftLowerLeg"] = CFrame.new(-7.799826562404633e-09, -0.0007269382476806641, 0.00008104508742690086, 1, -2.9802311729554276e-08, 2.4214378058218244e-08, -1.8160783099574473e-08, 0.6608774662017822, 0.7504939436912537, 7.171180982368242e-08, -0.7504938244819641, 0.6608774065971375),
        }},
        {Time = 0.033, Data = {
            ["LeftFoot"] = CFrame.new(1.862645149230957e-09, 0, 1.0989606380462646e-07, 0.9931222796440125, 0.09630277007818222, -0.06658836454153061, -0.11707617342472076, 0.8111430406570435, -0.5730096101760864, -0.001169665833003819, 0.5768647193908691, 0.8168390989303589),
            ["LeftLowerArm"] = CFrame.new(0.0000011026859283447266, -5.364418029785156e-07, 0.000004947185516357422, 1, 1.862644971595273e-08, -4.2840859748594085e-08, -5.215407838932151e-08, -0.1804250180721283, -0.9835888147354126, 4.097820394122209e-08, 0.9835887551307678, -0.18042504787445068),
            ["LowerTorso"] = CFrame.new(-0.31696411967277527, -0.0860300064086914, 0.13197024166584015, -0.41318097710609436, 0.15444350242614746, -0.8974567651748657, 0.22436562180519104, 0.9723983407020569, 0.0640442967414856, 0.8825766444206238, -0.17489656805992126, -0.4364283084869385),
            ["Head"] = CFrame.new(-1.1175870895385742e-08, -3.5762786865234375e-07, 2.9802322387695312e-08, 0.5177172422409058, -0.04315091297030449, 0.8544629216194153, 0.1461324393749237, 0.9885109066963196, -0.038620997220277786, -0.842979371547699, 0.1448594182729721, 0.5180750489234924),
            ["RightUpperArm"] = CFrame.new(0.02444636821746826, -0.02807140350341797, -0.0012369751930236816, 0.9430033564567566, -0.07781822979450226, -0.3235565721988678, 0.20931033790111542, 0.8945715427398682, 0.39488109946250916, 0.2587156593799591, -0.4400980770587921, 0.8598721623420715),
            ["UpperTorso"] = CFrame.new(1.1920928955078125e-07, 2.384185791015625e-07, 4.6566128730773926e-08, 0.9881151914596558, 0.11455007642507553, -0.10250262916088104, -0.11207392066717148, 0.9932584166526794, 0.029617857187986374, 0.10520423203706741, -0.017777958884835243, 0.9942917227745056),
            ["HumanoidRootPart"] = CFrame.new(0, 0, 0, 1, 0, 0, 0, 1, 0, 0, 0, 1),
            ["RightHand"] = CFrame.new(2.980232238769531e-07, 0.0000011324882507324219, -8.940696716308594e-07, 0.9563497304916382, 0.2530813217163086, -0.1460990011692047, -0.2808833718299866, 0.9340351819992065, -0.22064219415187836, 0.08062122017145157, 0.252048134803772, 0.964350700378418),
            ["LeftUpperArm"] = CFrame.new(0.08162558078765869, -0.0016660690307617188, -0.0006688088178634644, 0.9029753804206848, 0.3764849603176117, -0.20710992813110352, -0.2808149755001068, 0.8818703293800354, 0.3787449896335602, 0.3252360224723816, -0.28383782505989075, 0.902029812335968),
            ["RightLowerArm"] = CFrame.new(7.152557373046875e-07, 7.748603820800781e-07, -0.0000035762786865234375, 1, -0.000014036895663593896, 0.000013455753105517942, 0.000018961729438160546, 0.5511962175369263, -0.8343757390975952, 0.000004321337200963171, 0.8343757390975952, 0.5511961579322815),
            ["LeftHand"] = CFrame.new(-0.000001519918441772461, -0.0000011324882507324219, 9.685754776000977e-08, 0.7795883417129517, -0.3706955909729004, 0.5048032402992249, 0.5614827871322632, 0.7707521319389343, -0.3011287450790405, -0.27745139598846436, 0.5181949734687805, 0.8090088367462158),
            ["RightUpperLeg"] = CFrame.new(2.384185791015625e-07, -3.427267074584961e-07, 8.77116690389812e-08, 0.9720807671546936, 0.009408092126250267, -0.23445776104927063, -0.04573429748415947, 0.9876296520233154, -0.1499875783920288, 0.23014624416828156, 0.15652257204055786, 0.9604859352111816),
            ["LeftUpperLeg"] = CFrame.new(2.9802322387695312e-08, 5.774199962615967e-08, 6.705522537231445e-08, 0.9124107956886292, 0.19563058018684387, 0.3594931662082672, -0.09596076607704163, 0.9561354517936707, -0.27676117420196533, -0.3978671133518219, 0.21802251040935516, 0.8911610245704651),
            ["RightLowerLeg"] = CFrame.new(1.043081283569336e-07, -0.0007265210151672363, 0.00004607608570950106, 1, -3.725290653733282e-08, -1.5273697329121205e-07, 4.889443516731262e-08, 0.09366180747747421, 0.9956040978431702, -2.123415470123291e-07, -0.9956041574478149, 0.09366191923618317),
            ["RightFoot"] = CFrame.new(3.427267074584961e-07, -1.7881393432617188e-07, 7.992639439180493e-08, 0.9344154596328735, 0.1308838576078415, -0.33126574754714966, -0.12735728919506073, 0.9913265705108643, 0.03243388235569, 0.3326376974582672, 0.011882221326231956, 0.9429799318313599),
            ["LeftLowerLeg"] = CFrame.new(1.3387762010097504e-08, -0.0007265806198120117, 0.00008096778765320778, 1, -2.7939670133036998e-08, -3.166496043149891e-08, -2.9336661100387573e-08, 0.6914525032043457, 0.7224215865135193, -1.862645149230957e-08, -0.7224218845367432, 0.6914528012275696),
        }},
        {Time = 0.067, Data = {
            ["LeftFoot"] = CFrame.new(-1.1175870895385742e-08, -2.384185791015625e-07, 4.842877388000488e-08, 0.9926465749740601, 0.10925279557704926, -0.05212109535932541, -0.11790136247873306, 0.7750746011734009, -0.6207724809646606, -0.027423560619354248, 0.6223530173301697, 0.7822563052177429),
            ["LeftLowerArm"] = CFrame.new(0.0000013113021850585938, -4.76837158203125e-07, 0.000004649162292480469, 1, 3.7252898543727042e-09, -9.685756197086448e-08, -5.960465188081798e-08, -0.056227728724479675, -0.9984179735183716, -3.3527616238870905e-08, 0.9984179735183716, -0.05622774362564087),
            ["LowerTorso"] = CFrame.new(-0.323707640171051, -0.12273252010345459, 0.1338174045085907, -0.321804016828537, 0.1321476399898529, -0.9375389218330383, 0.19889351725578308, 0.9775523543357849, 0.06951873004436493, 0.9256801605224609, -0.16409896314144135, -0.34086352586746216),
            ["Head"] = CFrame.new(-7.82310962677002e-08, -9.5367431640625e-07, 1.30385160446167e-08, 0.5550010800361633, -0.002890866482630372, 0.8318446278572083, 0.1758919358253479, 0.9777914881706238, -0.11395597457885742, -0.813041090965271, 0.20956028997898102, 0.5431838631629944),
            ["RightUpperArm"] = CFrame.new(0.03632158041000366, -0.04049992561340332, 0.004390835762023926, 0.9484420418739319, -0.04373611509799957, -0.3139183521270752, 0.16853943467140198, 0.9083913564682007, 0.3826484680175781, 0.26842519640922546, -0.415827214717865, 0.8689278364181519),
            ["UpperTorso"] = CFrame.new(8.195638656616211e-08, 3.5762786865234375e-07, 2.2351741790771484e-08, 0.9945926070213318, 0.061528317630290985, -0.0836653783917427, -0.05785719305276871, 0.997282087802887, 0.0456194244325161, 0.08624478429555893, -0.04053213447332382, 0.9954491257667542),
            ["HumanoidRootPart"] = CFrame.new(0, 0, 0, 1, 0, 0, 0, 1, 0, 0, 0, 1),
            ["RightHand"] = CFrame.new(5.364418029785156e-07, 0.0000016689300537109375, -8.940696716308594e-07, 0.9522956013679504, 0.2615901529788971, -0.15717357397079468, -0.2933638393878937, 0.9265950918197632, -0.235285222530365, 0.08408802002668381, 0.2701703906059265, 0.9591337442398071),
            ["LeftUpperArm"] = CFrame.new(0.09442108869552612, 0.008495926856994629, 0.00560721755027771, 0.8673317432403564, 0.41483423113822937, -0.27504217624664307, -0.29156479239463806, 0.8713105916976929, 0.3947255313396454, 0.40339282155036926, -0.2621651589870453, 0.8766661286354065),
            ["RightLowerArm"] = CFrame.new(2.980232238769531e-07, 4.172325134277344e-07, -0.0000036954879760742188, 1, -0.000014305111108114943, 0.000013247135029814672, 0.00001895427703857422, 0.5621228814125061, -0.8270537853240967, 0.000004276633262634277, 0.8270537853240967, 0.5621227622032166),
            ["LeftHand"] = CFrame.new(-0.000001430511474609375, -0.0000011324882507324219, 0, 0.7959101796150208, -0.3513282835483551, 0.49304673075675964, 0.5398722290992737, 0.7804263234138489, -0.3153935670852661, -0.27398017048835754, 0.5172072052955627, 0.8108217120170593),
            ["RightUpperLeg"] = CFrame.new(1.7881393432617188e-07, 4.172325134277344e-07, 1.3205863069742918e-08, 0.9953894019126892, -0.016831284388899803, -0.09442869573831558, -0.009981416165828705, 0.9609615802764893, -0.27650225162506104, 0.0953962579369545, 0.2761695384979248, 0.9563627243041992),
            ["LeftUpperLeg"] = CFrame.new(0, 2.514570951461792e-07, 7.450580596923828e-09, 0.954294741153717, 0.1470848023891449, 0.2601687014102936, -0.0678224191069603, 0.9543824195861816, -0.29078248143196106, -0.29106998443603516, 0.25984668731689453, 0.9207376837730408),
            ["RightLowerLeg"] = CFrame.new(1.341104507446289e-07, -0.000726163387298584, 0.00004601648106472567, 1, -4.917382625535538e-07, -4.3958445417047187e-07, 3.837048438981583e-07, -0.04632704332470894, 0.9989263415336609, -3.799795535996964e-07, -0.9989263415336609, -0.046326905488967896),
            ["RightFoot"] = CFrame.new(7.450580596923828e-08, -1.1920928955078125e-07, -1.39865733217448e-07, 0.9442625045776367, 0.1355064958333969, -0.300010621547699, -0.15149906277656555, 0.9879841208457947, -0.03058794140815735, 0.29226094484329224, 0.07433421164751053, 0.953445315361023),
            ["LeftLowerLeg"] = CFrame.new(1.3271346688270569e-08, -0.0007264018058776855, 0.00008098501712083817, 1, 2.9802311729554276e-08, 1.1175869119028903e-08, -5.9138983488082886e-08, 0.6691773533821106, 0.7431026101112366, 2.7939677238464355e-08, -0.7431027293205261, 0.6691775918006897),
        }},
        {Time = 0.100, Data = {
            ["LeftFoot"] = CFrame.new(1.862645149230957e-09, -1.1920928955078125e-07, -2.9802322387695312e-08, 0.9923019409179688, 0.11553871631622314, -0.04458417743444443, -0.11876314133405685, 0.7857544422149658, -0.6070298552513123, -0.03510317951440811, 0.6076518297195435, 0.7934273481369019),
            ["LeftLowerArm"] = CFrame.new(0.0000013113021850585938, -1.7881393432617188e-07, 0.000004708766937255859, 1, 5.2154071283894154e-08, -6.705524668859653e-08, -7.450581307466564e-08, 0.05728372186422348, -0.9983580112457275, 3.3527616238870905e-08, 0.9983580112457275, 0.057283613830804825),
            ["LowerTorso"] = CFrame.new(-0.3312889337539673, -0.15581774711608887, 0.13994604349136353, -0.2587487995624542, 0.08135388791561127, -0.9625126719474792, 0.11962463706731796, 0.9914751648902893, 0.05164361745119095, 0.9585088491439819, -0.10177750885486603, -0.26627489924430847),
            ["Head"] = CFrame.new(-3.841705620288849e-08, -5.960464477539062e-07, 1.5832483768463135e-08, 0.551784873008728, 0.08265326172113419, 0.8298805952072144, 0.17905749380588531, 0.9601306319236755, -0.2146804928779602, -0.8145378232002258, 0.2670538127422333, 0.5149858593940735),
            ["RightUpperArm"] = CFrame.new(0.05187046527862549, -0.06821215152740479, 0.010743439197540283, 0.9752019643783569, -0.05856640264391899, -0.21342681348323822, 0.13461603224277496, 0.9224167466163635, 0.3619748651981354, 0.17566905915737152, -0.381729394197464, 0.9074267745018005),
            ["UpperTorso"] = CFrame.new(-8.940696716308594e-08, -2.086162567138672e-07, -8.940696716308594e-08, 0.9946613311767578, -0.07089630514383316, -0.0749843493103981, 0.07777613401412964, 0.9926044940948486, 0.09320581704378128, 0.0678216889500618, -0.09854015707969666, 0.9928193092346191),
            ["HumanoidRootPart"] = CFrame.new(0, 0, 0, 1, 0, 0, 0, 1, 0, 0, 0, 1),
            ["RightHand"] = CFrame.new(1.1920928955078125e-07, 0.0000011920928955078125, -5.960464477539062e-07, 0.9493426084518433, 0.26817551255226135, -0.16379974782466888, -0.3026062250137329, 0.9207059144973755, -0.24643465876579285, 0.08472371846437454, 0.28351807594299316, 0.9552170634269714),
            ["LeftUpperArm"] = CFrame.new(0.11412203311920166, 0.03210914134979248, 0.013662368059158325, 0.8358537554740906, 0.46249914169311523, -0.2957075238227844, -0.3283587396144867, 0.8529161810874939, 0.405850350856781, 0.4399193227291107, -0.2421334683895111, 0.8647789359092712),
            ["RightLowerArm"] = CFrame.new(5.662441253662109e-07, 3.5762786865234375e-07, -0.000003993511199951172, 1, -0.000014498828022624366, 0.00001300871645071311, 0.000018998982341145165, 0.5794389843940735, -0.8150157332420349, 0.000004380941845738562, 0.8150156736373901, 0.5794389247894287),
            ["LeftHand"] = CFrame.new(-0.000001475214958190918, -0.0000014901161193847656, 5.21540641784668e-07, 0.8269864320755005, -0.3170463740825653, 0.4643000066280365, 0.4963642656803131, 0.7995620369911194, -0.33811724185943604, -0.2640380561351776, 0.5100805163383484, 0.8185977935791016),
            ["RightUpperLeg"] = CFrame.new(2.9802322387695312e-08, -1.4528632164001465e-07, -4.639878170564771e-08, 0.9900285601615906, -0.10004875808954239, 0.09916507452726364, 0.13123194873332977, 0.9109349846839905, -0.3911212384700775, -0.051201723515987396, 0.4002346694469452, 0.9149811863899231),
            ["LeftUpperLeg"] = CFrame.new(-8.940696716308594e-08, -3.986060619354248e-07, -6.705522537231445e-08, 0.9774611592292786, 0.054434724152088165, 0.20397697389125824, 0.003504966851323843, 0.9618692994117737, -0.2734874486923218, -0.21108636260032654, 0.2680383026599884, 0.939998984336853),
            ["RightLowerLeg"] = CFrame.new(1.2293457984924316e-07, -0.0007262229919433594, 0.000046150591515470296, 1, -2.2351750317284313e-07, -2.384186927884002e-07, 2.2724267978446733e-07, -0.26811930537223816, 0.9633857607841492, -2.9057261485831987e-07, -0.9633857607841492, -0.26811933517456055),
            ["RightFoot"] = CFrame.new(2.2351741790771484e-07, -1.1920928955078125e-07, -2.218221197836101e-07, 0.9854976534843445, 0.02583015337586403, -0.16771189868450165, -0.05645131319761276, 0.9819575548171997, -0.18047897517681122, 0.16002421081066132, 0.18732896447181702, 0.9691749215126038),
            ["LeftLowerLeg"] = CFrame.new(-5.820766091346741e-09, -0.0007266998291015625, 0.00008102832362055779, 1, 1.0803341865539551e-07, 3.3527616238870905e-08, -1.0896474123001099e-07, 0.6599576473236084, 0.7513027191162109, 7.078051567077637e-08, -0.7513027787208557, 0.6599578261375427),
        }},
        {Time = 0.133, Data = {
            ["LeftFoot"] = CFrame.new(-1.30385160446167e-08, -5.960464477539063e-08, -9.313225746154785e-09, 0.9919806718826294, 0.11385338008403778, -0.05488030984997749, -0.12419942766427994, 0.7976088523864746, -0.5902498364448547, -0.02342897094786167, 0.5923324227333069, 0.8053529262542725),
            ["LeftLowerArm"] = CFrame.new(0.0000011026859283447266, -7.748603820800781e-07, 0.000004664063453674316, 1, 1.0430809993522416e-07, -1.0430814256778831e-07, -9.685753354915505e-08, 0.1066819354891777, -0.994293212890625, -2.9802318834981634e-08, 0.994293212890625, 0.10668201744556427),
            ["LowerTorso"] = CFrame.new(-0.3353292942047119, -0.17035317420959473, 0.14420539140701294, -0.20316575467586517, 0.028980329632759094, -0.9787154197692871, 0.07144669443368912, 0.9973361492156982, 0.014700502157211304, 0.9765343070030212, -0.0669393390417099, -0.20469506084918976),
            ["Head"] = CFrame.new(-4.6566128730773926e-09, -8.344650268554688e-07, 2.2351741790771484e-08, 0.5246909260749817, 0.04510318860411644, 0.8500974178314209, 0.23701894283294678, 0.9513698816299438, -0.1967676430940628, -0.8176316618919373, 0.3047312796115875, 0.4884844422340393),
            ["RightUpperArm"] = CFrame.new(0.05977940559387207, -0.08296561241149902, 0.017008990049362183, 0.98897784948349, -0.09438890218734741, -0.11407773196697235, 0.1260995715856552, 0.94073486328125, 0.3148285746574402, 0.07760045677423477, -0.3257434368133545, 0.9422682523727417),
            ["UpperTorso"] = CFrame.new(0, 8.940696716308594e-08, 0, 0.9871097207069397, -0.15356814861297607, -0.04507024958729744, 0.1591140627861023, 0.971985399723053, 0.17299503087997437, 0.017241129651665688, -0.17793641984462738, 0.983890950679779),
            ["HumanoidRootPart"] = CFrame.new(0, 0, 0, 1, 0, 0, 0, 1, 0, 0, 0, 1),
            ["RightHand"] = CFrame.new(3.725290298461914e-07, 7.748603820800781e-07, -7.897615432739258e-07, 0.9483720660209656, 0.2707380950450897, -0.1652006059885025, -0.30590322613716125, 0.9183679223060608, -0.2510446608066559, 0.08374762535095215, 0.2886194586753845, 0.9537743330001831),
            ["LeftUpperArm"] = CFrame.new(0.125674307346344, 0.04648864269256592, 0.021222472190856934, 0.8136231303215027, 0.5025937557220459, -0.29226255416870117, -0.3659214377403259, 0.8333174586296082, 0.4143470823764801, 0.45179542899131775, -0.23017707467079163, 0.8619160056114197),
            ["RightLowerArm"] = CFrame.new(-8.940696716308594e-08, 4.76837158203125e-07, -0.000003933906555175781, 1, -0.000015042720406199805, 0.00001235306444868911, 0.000018939377696369775, 0.6104194521903992, -0.79207843542099, 0.000004291534878575476, 0.7920783758163452, 0.6104193925857544),
            ["LeftHand"] = CFrame.new(-0.000001519918441772461, -0.0000010728836059570312, 8.940696716308594e-08, 0.8535067439079285, -0.3002677261829376, 0.4258696436882019, 0.4585827589035034, 0.820932149887085, -0.3402535319328308, -0.24744316935539246, 0.4857053756713867, 0.8383690118789673),
            ["RightUpperLeg"] = CFrame.new(2.9802322387695312e-08, 2.3189932107925415e-07, -3.5222910810261965e-08, 0.948359489440918, -0.13537102937698364, 0.28686073422431946, 0.2589956223964691, 0.8525824546813965, -0.4538995027542114, -0.18312755227088928, 0.5047553777694702, 0.8436149954795837),
            ["LeftUpperLeg"] = CFrame.new(-2.9802322387695312e-08, 5.3085386753082275e-08, -3.91155481338501e-08, 0.9855300188064575, 0.001382332295179367, 0.1694953739643097, 0.040045540779829025, 0.9697598814964294, -0.24075329303741455, -0.16470256447792053, 0.2440570741891861, 0.9556722044944763),
            ["RightLowerLeg"] = CFrame.new(-1.2223608791828156e-09, -0.0007264018058776855, 0.000046087261580396444, 1, -6.379562478286971e-08, -1.4848782825538365e-07, 7.07805440924858e-08, -0.45714524388313293, 0.889392077922821, -1.6205018482651212e-07, -0.8893921375274658, -0.4571453928947449),
            ["RightFoot"] = CFrame.new(2.2165477275848389e-07, 0, -1.879379851743579e-08, 0.9925129413604736, -0.12204217910766602, 0.004900478757917881, 0.11852424591779709, 0.9526625871658325, -0.2799752950668335, 0.029500192031264305, 0.27845966815948486, 0.9599947929382324),
            ["LeftLowerLeg"] = CFrame.new(-6.28642737865448e-09, -0.0007265210151672363, 0.00008097919635474682, 1, 1.3783576946480025e-07, 4.6566135836201283e-08, -1.0896476965172042e-07, 0.6624661087989807, 0.7490919232368469, 5.5879368687783426e-08, -0.7490919232368469, 0.6624661087989807),
        }},
        {Time = 0.167, Data = {
            ["LeftFoot"] = CFrame.new(1.955777406692505e-08, -5.960464477539063e-08, 1.30385160446167e-08, 0.9904823303222656, 0.11171482503414154, -0.08040276169776917, -0.1376376748085022, 0.8002782464027405, -0.5836188793182373, -0.0008542726282030344, 0.5891304016113281, 0.8080374002456665),
            ["LeftLowerArm"] = CFrame.new(0.000001519918441772461, -8.940696716308594e-07, 0.000004766043275594711, 1, 3.725290298461914e-08, -4.4703490686970326e-08, -4.470347647611561e-08, 0.10073678195476532, -0.9949131608009338, -5.960463766996327e-08, 0.9949131608009338, 0.10073664784431458),
            ["LowerTorso"] = CFrame.new(-0.33159828186035156, -0.16009294986724854, 0.14330492913722992, -0.12972237169742584, -0.00003054511398659088, -0.9915503859519958, 0.0996340811252594, 0.9949384331703186, -0.013065561652183533, 0.9865319132804871, -0.1004871129989624, -0.1290627270936966),
            ["Head"] = CFrame.new(5.122274160385132e-08, -3.5762786865234375e-07, 1.862645149230957e-08, 0.5116931796073914, 0.036899007856845856, 0.8583756685256958, 0.2733926475048065, 0.940153956413269, -0.20338885486125946, -0.8145101070404053, 0.33874619007110596, 0.4709824025630951),
            ["RightUpperArm"] = CFrame.new(0.05592477321624756, -0.0696784257888794, 0.026907801628112793, 0.9852511882781982, -0.13149160146713257, -0.10949968546628952, 0.15929292142391205, 0.9385260939598083, 0.3062589168548584, 0.062497854232788086, -0.3191845715045929, 0.9456296563148499),
            ["UpperTorso"] = CFrame.new(-2.9802322387695312e-08, -8.940696716308594e-08, -4.7497451305389404e-08, 0.9910584688186646, -0.12471868097782135, 0.047416992485523224, 0.11042830348014832, 0.966147780418396, 0.23316138982772827, -0.07489138841629028, -0.22584031522274017, 0.9712813496589661),
            ["HumanoidRootPart"] = CFrame.new(0, 0, 0, 1, 0, 0, 0, 1, 0, 0, 0, 1),
            ["RightHand"] = CFrame.new(5.066394805908203e-07, 8.344650268554688e-07, -7.450580596923828e-07, 0.9528366923332214, 0.26090702414512634, -0.15501514077186584, -0.2931355834007263, 0.9234753847122192, -0.24751721322536469, 0.07857369631528854, 0.2812840938568115, 0.9564024806022644),
            ["LeftUpperArm"] = CFrame.new(0.11881941556930542, 0.036336421966552734, 0.03121560998260975, 0.7948272228240967, 0.5353226065635681, -0.2857961356639862, -0.3832974135875702, 0.8079966902732849, 0.4474644064903259, 0.4704601466655731, -0.24611207842826843, 0.8474056124687195),
            ["RightLowerArm"] = CFrame.new(2.682209014892578e-07, 8.344650268554688e-07, -0.000004172325134277344, 1, -0.0000155717134475708, 0.000011660160453175195, 0.0000189654510904802, 0.6468207836151123, -0.7626420855522156, 0.00000428408338848385, 0.7626420855522156, 0.6468207836151123),
            ["LeftHand"] = CFrame.new(-0.000001430511474609375, -9.5367431640625e-07, 1.341104507446289e-07, 0.8698365092277527, -0.3360609710216522, 0.36117443442344666, 0.44431036710739136, 0.8518233895301819, -0.27746278047561646, -0.21441252529621124, 0.40182098746299744, 0.8902626633644104),
            ["RightUpperLeg"] = CFrame.new(-2.9802322387695312e-08, -2.9759576136711985e-07, 3.55576048605144e-08, 0.9179826974868774, -0.10704752802848816, 0.38190117478370667, 0.29311808943748474, 0.8317680954933167, -0.4714272916316986, -0.267188161611557, 0.5447041392326355, 0.7949262261390686),
            ["LeftUpperLeg"] = CFrame.new(0, -4.364483174867928e-08, -6.891787052154541e-08, 0.9933540225028992, 0.022669248282909393, 0.11284486204385757, 0.0055351522751152515, 0.9698699116706848, -0.2435605823993683, -0.11496618390083313, 0.24256663024425507, 0.9632986187934875),
            ["RightLowerLeg"] = CFrame.new(9.685754776000977e-08, -0.0007259249687194824, 0.00004592334880726412, 1, -4.7311209527833853e-07, -6.87782062414044e-07, 3.650784492492676e-07, -0.5350629687309265, 0.8448122143745422, -7.674098014831543e-07, -0.8448122143745422, -0.5350630283355713),
            ["RightFoot"] = CFrame.new(1.6391277313232422e-07, 0, -1.1565134627744555e-07, 0.9957032799720764, -0.06689006090164185, 0.06403814256191254, 0.07780136168003082, 0.9793180227279663, -0.18677066266536713, -0.05022069066762924, 0.190950408577919, 0.9803141355514526),
            ["LeftLowerLeg"] = CFrame.new(2.0954757928848267e-09, -0.0007263422012329102, 0.00008099875412881374, 1, 9.778890586176203e-08, 3.259629366425543e-08, -1.0756774315723305e-07, 0.6426013708114624, 0.7662010192871094, 5.867331509534779e-08, -0.766200840473175, 0.6426010727882385),
        }},
        {Time = 0.200, Data = {
            ["LeftFoot"] = CFrame.new(-1.862645149230957e-09, -1.1920928955078125e-07, -4.889443516731262e-08, 0.9859604835510254, 0.1027105376124382, -0.13165366649627686, -0.1575455367565155, 0.8334707617759705, -0.5296281576156616, 0.05533113703131676, 0.5429338812828064, 0.8379506468772888),
            ["LeftLowerArm"] = CFrame.new(0.0000011324882507324219, -1.1920928955078125e-07, 0.00000502169132232666, 1, 5.960463766996327e-08, -7.450582373280668e-09, -2.980232594040899e-08, 0.08630257844924927, -0.9962690472602844, -6.705523247774181e-08, 0.9962689876556396, 0.08630259335041046),
            ["LowerTorso"] = CFrame.new(-0.3166179955005646, -0.11228811740875244, 0.1431233435869217, -0.012209945358335972, -0.01298429910093546, -0.9998411536216736, 0.14271622896194458, 0.9896560311317444, -0.014594867825508118, 0.9896883368492126, -0.14287173748016357, -0.010230576619505882),
            ["Head"] = CFrame.new(1.257285475730896e-08, -5.960464477539062e-07, 9.313225746154785e-08, 0.5182625651359558, 0.026162344962358475, 0.8548212647438049, 0.27792277932167053, 0.9401290416717529, -0.19727268815040588, -0.8088034391403198, 0.3398132920265198, 0.4799625277519226),
            ["RightUpperArm"] = CFrame.new(0.047103047370910645, -0.04919588565826416, 0.04422362893819809, 0.9760845899581909, -0.1404917985200882, -0.16589386761188507, 0.19093908369541168, 0.9188750386238098, 0.34526970982551575, 0.10392820835113525, -0.3686879575252533, 0.9237251877784729),
            ["UpperTorso"] = CFrame.new(-6.51925802230835e-08, -8.940696716308594e-08, 7.30506144464016e-08, 0.9879009127616882, -0.07045472413301468, 0.13815931975841522, 0.03452600538730621, 0.9684090614318848, 0.24696525931358337, -0.15119457244873047, -0.23920708894729614, 0.9591248035430908),
            ["HumanoidRootPart"] = CFrame.new(0, 0, 0, 1, 0, 0, 0, 1, 0, 0, 0, 1),
            ["RightHand"] = CFrame.new(3.4365803003311157e-07, 0.0000010728836059570312, -7.674098014831543e-07, 0.9631544947624207, 0.23474904894828796, -0.13124805688858032, -0.26038503646850586, 0.9360777735710144, -0.23655495047569275, 0.06732738018035889, 0.2620142102241516, 0.9627127051353455),
            ["LeftUpperArm"] = CFrame.new(0.10631269216537476, 0.017466425895690918, 0.0477629080414772, 0.7779044508934021, 0.5738510489463806, -0.2560461461544037, -0.40556374192237854, 0.7697364687919617, 0.49297451972961426, 0.4799821078777313, -0.2796439528465271, 0.8315145969390869),
            ["RightLowerArm"] = CFrame.new(8.940696716308594e-08, 7.748603820800781e-07, -0.000003635883331298828, 1, -0.000016016887457226403, 0.000011079016076109838, 0.00001899153176054824, 0.675328254699707, -0.7375173568725586, 0.000004343688942753943, 0.7375172972679138, 0.675328254699707),
            ["LeftHand"] = CFrame.new(-0.0000014156103134155273, -0.0000011324882507324219, 2.682209014892578e-07, 0.8864498734474182, -0.3741309642791748, 0.27245593070983887, 0.43120020627975464, 0.8814823031425476, -0.19249823689460754, -0.16814570128917694, 0.2881231904029846, 0.9427154064178467),
            ["RightUpperLeg"] = CFrame.new(-8.940696716308594e-08, -2.8405338525772095e-07, 7.187918527051806e-08, 0.9237194061279297, -0.09970571100711823, 0.36986666917800903, 0.28296545147895813, 0.8284229040145874, -0.4833696484565735, -0.25821125507354736, 0.5511572957038879, 0.7934433817863464),
            ["LeftUpperLeg"] = CFrame.new(-8.940696716308594e-08, -1.993030309677124e-07, -2.0489096641540527e-08, 0.9974924325942993, 0.05974380671977997, 0.037943240255117416, -0.04869764298200607, 0.968402624130249, -0.24459172785282135, -0.05135715380311012, 0.24213068187236786, 0.9688835740089417),
            ["RightLowerLeg"] = CFrame.new(3.725290298461914e-09, -0.0007266402244567871, 0.00004602393164532259, 1, -4.2840827774170975e-08, -8.009376273321323e-08, 7.450579886381092e-08, -0.5355492234230042, 0.8445038795471191, -8.940695295223122e-08, -0.8445040583610535, -0.5355494618415833),
            ["RightFoot"] = CFrame.new(1.9371509552001953e-07, 0, -5.045876605436206e-08, 0.996678352355957, 0.05653614550828934, 0.05861702933907509, -0.050895046442747116, 0.9943056702613831, -0.0936274453997612, -0.06357651203870773, 0.09033297747373581, 0.9938803315162659),
            ["LeftLowerLeg"] = CFrame.new(-2.1420419216156006e-08, -0.0007266402244567871, 0.00008099526166915894, 1, 6.332993507385254e-08, 2.2351741790771484e-08, -1.0896474123001099e-07, 0.6660493016242981, 0.7459076642990112, 3.3527612686157227e-08, -0.7459077835083008, 0.6660494804382324),
        }},
        {Time = 0.233, Data = {
            ["LeftFoot"] = CFrame.new(2.7939677238464355e-08, -5.960464477539063e-08, 2.0489096641540527e-08, 0.9862195253372192, 0.129328191280365, -0.10317585617303848, -0.16250108182430267, 0.8743023872375488, -0.4573718011379242, 0.031055748462677002, 0.46783509850502014, 0.8832699060440063),
            ["LeftLowerArm"] = CFrame.new(0.0000013113021850585938, -3.5762786865234375e-07, 0.000004857778549194336, 1, 7.450580596923828e-08, -9.685758328714655e-08, -8.940698847936801e-08, 0.06942176073789597, -0.9975874423980713, -3.72529100900465e-08, 0.9975873827934265, 0.06942179799079895),
            ["LowerTorso"] = CFrame.new(-0.29309526085853577, -0.04192912578582764, 0.1433987319469452, 0.1582953929901123, -0.018286803737282753, -0.98722243309021, 0.1952122151851654, 0.98067307472229, 0.01313566230237484, 0.9679022431373596, -0.19479721784591675, 0.15880583226680756),
            ["Head"] = CFrame.new(-1.6298145055770874e-08, -5.960464477539062e-07, 5.4016709327697754e-08, 0.5509997010231018, 0.005883499048650265, 0.8344846367835999, 0.2559312582015991, 0.9505956172943115, -0.17569059133529663, -0.7942911982536316, 0.31037601828575134, 0.5222721695899963),
            ["RightUpperArm"] = CFrame.new(0.02968209981918335, -0.023653864860534668, 0.06168268620967865, 0.9636219143867493, -0.13058584928512573, -0.2331954687833786, 0.2174195796251297, 0.8904443979263306, 0.3997969329357147, 0.1554398089647293, -0.43595433235168457, 0.886443555355072),
            ["UpperTorso"] = CFrame.new(1.30385160446167e-07, 2.9802322387695312e-08, 1.210719347000122e-08, 0.9808168411254883, 0.013442976400256157, 0.19446778297424316, -0.055584367364645004, 0.9754887819290161, 0.2129131257534027, -0.18683886528015137, -0.21963801980018616, 0.9575231075286865),
            ["HumanoidRootPart"] = CFrame.new(0, 0, 0, 1, 0, 0, 0, 1, 0, 0, 0, 1),
            ["RightHand"] = CFrame.new(4.991888999938965e-07, 0.0000011324882507324219, -7.413327693939209e-07, 0.9752659201622009, 0.1970842033624649, -0.10007070004940033, -0.2147814929485321, 0.9519175291061401, -0.2184537947177887, 0.052205268293619156, 0.2345440536737442, 0.9707028269767761),
            ["LeftUpperArm"] = CFrame.new(0.08662968873977661, -0.007302761077880859, 0.06269598007202148, 0.7624101042747498, 0.6071171164512634, -0.22391818463802338, -0.4231254756450653, 0.7295394539833069, 0.5373427271842957, 0.4895871877670288, -0.31493014097213745, 0.813094973564148),
            ["RightLowerArm"] = CFrame.new(-2.086162567138672e-07, -5.960464477539063e-08, -0.000003939494490623474, 1, -0.00001616403642401565, 0.000010814518645929638, 0.000019013878045370802, 0.6865764260292053, -0.7270577549934387, 0.000004310159965825733, 0.727057695388794, 0.6865763664245605),
            ["LeftHand"] = CFrame.new(-0.000001430511474609375, -0.000001430511474609375, 5.960464477539063e-08, 0.904313325881958, -0.37707552313804626, 0.200078085064888, 0.40752243995666504, 0.9021303057670593, -0.14172731339931488, -0.12705470621585846, 0.20970238745212555, 0.969475269317627),
            ["RightUpperLeg"] = CFrame.new(8.940696716308594e-08, -1.564621925354004e-07, 1.6931153368204832e-08, 0.9540152549743652, -0.11247973889112473, 0.2778547704219818, 0.25409063696861267, 0.7952277064323425, -0.5505009293556213, -0.15903759002685547, 0.5957863330841064, 0.787239134311676),
            ["LeftUpperLeg"] = CFrame.new(5.960464477539063e-08, -2.682209014892578e-07, 8.754432201385498e-08, 0.9922321438789368, 0.11431978642940521, 0.0490562729537487, -0.09981227666139603, 0.9669656753540039, -0.23455241322517395, -0.07424969226121902, 0.22783394157886505, 0.9708649516105652),
            ["RightLowerLeg"] = CFrame.new(-7.450580596923828e-09, -0.000726163387298584, 0.00004598667874233797, 1, -8.940699558479537e-08, -2.1606686573250045e-07, 1.4901159417490817e-08, -0.486662894487381, 0.8735897541046143, -2.0861622829215776e-07, -0.8735898733139038, -0.4866631329059601),
            ["RightFoot"] = CFrame.new(1.7881393432617188e-07, -1.1920928955078125e-07, -8.77116690389812e-08, 0.9994834065437317, 0.015768500044941902, 0.02800726145505905, -0.016138825565576553, 0.9997847080230713, 0.013041961938142776, -0.027795404195785522, -0.01348753273487091, 0.9995226263999939),
            ["LeftLowerLeg"] = CFrame.new(-2.60770320892334e-08, -0.0007266402244567871, 0.0000810474157333374, 1, 4.4703494239684005e-08, 1.4901161193847656e-08, -7.078052277620372e-08, 0.7102024555206299, 0.7039976716041565, 5.401671643312511e-08, -0.7039976119995117, 0.7102022767066956),
        }},
        {Time = 0.267, Data = {
            ["LeftFoot"] = CFrame.new(2.7939677238464355e-08, -5.960464477539063e-08, 2.60770320892334e-08, 0.9936625957489014, 0.10661251097917557, 0.03561496362090111, -0.08030825853347778, 0.8950455188751221, -0.4386846423149109, -0.07864619046449661, 0.4330444037914276, 0.897935152053833),
            ["LeftLowerArm"] = CFrame.new(0.0000015497207641601562, -0.0000011920928955078125, 0.000004172325134277344, 1, 5.5879347371501353e-08, -7.450581307466564e-08, -5.2154071283894154e-08, 0.05538782477378845, -0.9984648823738098, -4.842878098543224e-08, 0.9984648823738098, 0.055387936532497406),
            ["LowerTorso"] = CFrame.new(-0.2655223608016968, -0.0016224384307861328, 0.14272932708263397, 0.35088303685188293, -0.04873710870742798, -0.935150146484375, 0.2633531987667084, 0.9634745121002197, 0.04860099032521248, 0.89862459897995, -0.26332804560661316, 0.35090193152427673),
            ["Head"] = CFrame.new(1.3969838619232178e-09, -7.152557373046875e-07, 6.05359673500061e-08, 0.5769714713096619, -0.007020597346127033, 0.8167343139648438, 0.2144383192062378, 0.9661859273910522, -0.1431821584701538, -0.7881117463111877, 0.25775107741355896, 0.5589669346809387),
            ["RightUpperArm"] = CFrame.new(0.013663887977600098, -0.0006875991821289062, 0.06729656457901001, 0.9619957208633423, -0.14767782390117645, -0.22968578338623047, 0.2389991283416748, 0.8621973395347595, 0.4466487467288971, 0.1320742517709732, -0.4845687747001648, 0.8647250533103943),
            ["UpperTorso"] = CFrame.new(0, -2.9802322387695312e-08, 2.9802322387695312e-08, 0.9769614934921265, 0.13134385645389557, 0.1682116687297821, -0.15884235501289368, 0.9739066958427429, 0.1620951145887375, -0.14253225922584534, -0.18507982790470123, 0.9723322987556458),
            ["HumanoidRootPart"] = CFrame.new(0, 0, 0, 1, 0, 0, 0, 1, 0, 0, 0, 1),
            ["RightHand"] = CFrame.new(0, 0.0000010728836059570312, -6.407499313354492e-07, 0.9859970808029175, 0.1528441309928894, -0.0666961818933487, -0.16308918595314026, 0.9672800898551941, -0.19434820115566254, 0.034808941185474396, 0.2025044709444046, 0.9786626100540161),
            ["LeftUpperArm"] = CFrame.new(0.07087236642837524, -0.028063178062438965, 0.06571105122566223, 0.7793106436729431, 0.6106958985328674, -0.14044781029224396, -0.4365384578704834, 0.6898799538612366, 0.5774943828582764, 0.4495653510093689, -0.38873663544654846, 0.8042230010032654),
            ["RightLowerArm"] = CFrame.new(2.682209014892578e-07, 1.7881393432617188e-07, -0.000003919005393981934, 1, -0.000016309317288687453, 0.000010713935807871167, 0.000018969178199768066, 0.6941314935684204, -0.719848096370697, 0.00000432133674621582, 0.7198482155799866, 0.6941315531730652),
            ["LeftHand"] = CFrame.new(-0.0000013187527656555176, -0.000001430511474609375, 1.4901161193847656e-07, 0.9200928211212158, -0.33922290802001953, 0.1958485096693039, 0.3814656734466553, 0.8895556330680847, -0.2513464093208313, -0.08895576000213623, 0.305971622467041, 0.9478757381439209),
            ["RightUpperLeg"] = CFrame.new(8.940696716308594e-08, 1.862645149230957e-08, 2.0656443666666746e-08, 0.9719544053077698, -0.176310196518898, 0.15562579035758972, 0.23339861631393433, 0.8042582273483276, -0.5465289950370789, -0.028804613277316093, 0.5675240159034729, 0.8228527903556824),
