return {
    ["Walkin' Pretty"] = {
        {Time = 0.000, Data = {
            ["RightFoot"] = CFrame.new(-4.353933036327362e-08, 2.980232238769531e-07, -5.75528247281909e-09, 0.9433024525642395, 0.15672312676906586, 0.2926045060157776, -0.16068895161151886, 0.9869484305381775, -0.010595043189823627, -0.2904474139213562, -0.03702370077371597, 0.9561748504638672),
            ["LeftLowerArm"] = CFrame.new(-1.7881393432617188e-07, 1.7881393432617188e-07, 6.109476089477539e-07, 1, 3.874300205097825e-07, 1.9744041424019088e-07, 3.520399616263603e-07, 1, 9.108335916607757e-07, 1.91852478792498e-07, 2.6077020720549626e-07, 1),
            ["RightUpperArm"] = CFrame.new(0, -0.06523799896240234, -3.166496753692627e-08, 0.9561430215835571, 0.17819619178771973, 0.23245744407176971, 0.06975837051868439, 0.6322633624076843, -0.7716068029403687, -0.2844717502593994, 0.7539821863174438, 0.5921034812927246),
            ["Head"] = CFrame.new(-5.122274160385132e-09, 0, -1.885928213596344e-08, 0.9987399578094482, 0.04986616596579552, 0.005650872830301523, -0.05002426356077194, 0.9801875948905945, 0.1916503757238388, 0.004017951898276806, -0.1916912943124771, 0.9814471006393433),
            ["LowerTorso"] = CFrame.new(-0.09848804026842117, -0.20317649841308594, -0.07431735098361969, 0.9847851991653442, 0.0873786062002182, 0.15020939707756042, -0.05106803774833679, 0.9717382192611694, -0.2304711788892746, -0.16610267758369446, 0.21929390728473663, 0.961415708065033),
            ["UpperTorso"] = CFrame.new(2.7008354663848877e-08, -2.9802322387695312e-08, -7.450580596923828e-09, 0.9811838865280151, -0.05925525724887848, -0.18375784158706665, 0.0735294371843338, 0.9947012662887573, 0.0718538835644722, 0.1785264015197754, -0.08401352912187576, 0.9803418517112732),
            ["HumanoidRootPart"] = CFrame.new(0, 0, 0, 1, 0, 0, 0, 1, 0, 0, 0, 1),
            ["RightUpperLeg"] = CFrame.new(-0.000025540590286254883, -0.00012585148215293884, -0.004997504875063896, 0.9514685869216919, -0.30742645263671875, 0.013985814526677132, 0.26783356070518494, 0.8048291802406311, -0.5296378135681152, 0.15156830847263336, 0.5076800584793091, 0.8481085896492004),
            ["LeftUpperArm"] = CFrame.new(1.1920928955078125e-07, -0.06523752212524414, -6.705522537231445e-08, 0.966747522354126, -0.13373051583766937, 0.21797992289066315, 0.24446257948875427, 0.23301249742507935, -0.9412456750869751, 0.07508110255002975, 0.9632349014282227, 0.2579560875892639),
            ["RightLowerArm"] = CFrame.new(-1.1920928955078125e-07, -2.980232238769531e-07, 1.4901161193847656e-08, 1, -3.3155075129798206e-07, 6.854527327959659e-07, -3.1664981747780985e-07, 0.9976341128349304, -0.06875036656856537, 7.227066589621245e-07, 0.06874753534793854, 0.9976339340209961),
            ["LeftHand"] = CFrame.new(-8.940696716308594e-08, 5.960464477539063e-08, 1.1920928955078125e-07, -0.0774431824684143, 0.6206743717193604, -0.7802346348762512, -0.9713338613510132, 0.1294449120759964, 0.1993846893310547, 0.2247515320777893, 0.7733094692230225, 0.5928571820259094),
            ["LeftFoot"] = CFrame.new(-2.0489096641540527e-08, 1.1920928955078125e-07, -7.450580596923828e-09, 0.9704011082649231, 0.10462266951799393, -0.21765947341918945, -0.19927842915058136, 0.8560253977775574, -0.47697919607162476, 0.13641804456710815, 0.506235659122467, 0.8515369296073914),
            ["RightHand"] = CFrame.new(-5.960464477539063e-08, 2.384185791015625e-07, 1.043081283569336e-07, 0.28878864645957947, -0.5828854441642761, 0.7595049738883972, 0.9554328918457031, 0.22619923949241638, -0.18968889117240906, -0.061230190098285675, 0.7804348468780518, 0.6222301125526428),
            ["RightLowerLeg"] = CFrame.new(-3.725290298461914e-09, 0, 3.894820110872388e-08, 1, -1.4528635006172408e-07, -1.676379497439484e-07, 1.3038514623531228e-07, -0.0857798233628273, 0.9963141679763794, -1.601874686230076e-07, -0.9963141083717346, -0.08577954024076462),
            ["LeftUpperLeg"] = CFrame.new(0.000025600194931030273, 0.0001253737136721611, 0.004997508600354195, 0.9856289029121399, -0.12867309153079987, 0.10944454371929169, 0.13804122805595398, 0.9869617223739624, -0.08277636021375656, -0.09736624360084534, 0.09669456630945206, 0.9905402660369873),
            ["LeftLowerLeg"] = CFrame.new(4.0978193283081055e-08, 5.960464477539063e-08, 1.4901161193847656e-08, 1, 6.705524668859653e-08, 1.4901161193847656e-08, -8.754432911928234e-08, 0.6581134796142578, 0.75291907787323, 5.2154071283894154e-08, -0.7529188990592957, 0.6581131815910339),
        }},
        {Time = 0.033, Data = {
            ["RightFoot"] = CFrame.new(2.3721440811641514e-08, 4.172325134277344e-07, 6.083428161218762e-08, 0.9589000940322876, 0.1522899866104126, 0.23941105604171753, -0.14914435148239136, 0.9883195757865906, -0.031315840780735016, -0.24138502776622772, -0.005677998531609774, 0.970413088798523),
            ["LeftLowerArm"] = CFrame.new(-2.9802322387695312e-08, -5.960464477539063e-08, -2.0116567611694336e-07, 1, 4.656611984898973e-09, 1.6391278734317893e-07, 2.7008351111135198e-08, 1, 1.5832485189548606e-07, 1.806765510536934e-07, 5.811451728732209e-07, 1),
            ["RightUpperArm"] = CFrame.new(0, -0.065238356590271, 3.91155481338501e-08, 0.9538208842277527, 0.19775956869125366, 0.2260904759168625, 0.08399388194084167, 0.5470669269561768, -0.8328641653060913, -0.28839340806007385, 0.8133934140205383, 0.5051934123039246),
            ["Head"] = CFrame.new(-2.1827872842550278e-10, -4.76837158203125e-07, 4.866160452365875e-08, 0.9978967308998108, 0.06481990963220596, -0.0008187807397916913, -0.06339991092681885, 0.9785136580467224, 0.19619257748126984, 0.013518362306058407, -0.19572803378105164, 0.9805651307106018),
            ["LowerTorso"] = CFrame.new(-0.07801727205514908, -0.1917250156402588, -0.06476385146379471, 0.9871522784233093, 0.06820257008075714, 0.1444949209690094, -0.03399072587490082, 0.9732604622840881, -0.22717563807964325, -0.15612536668777466, 0.21934564411640167, 0.9630745053291321),
            ["UpperTorso"] = CFrame.new(4.889443516731262e-09, 5.066394805908203e-07, 4.6566128730773926e-09, 0.9820572733879089, -0.061338748782873154, -0.17832821607589722, 0.07465561479330063, 0.9948235750198364, 0.06894023716449738, 0.17317628860473633, -0.08101620525121689, 0.9815530776977539),
            ["HumanoidRootPart"] = CFrame.new(0, 0, 0, 1, 0, 0, 0, 1, 0, 0, 0, 1),
            ["RightUpperLeg"] = CFrame.new(-0.000025510787963867188, -0.00012533925473690033, -0.004997478798031807, 0.9700664281845093, -0.24251508712768555, 0.012514394707977772, 0.21615801751613617, 0.8388471007347107, -0.499612033367157, 0.11066563427448273, 0.4873623251914978, 0.8661589026451111),
            ["LeftUpperArm"] = CFrame.new(1.1920928955078125e-07, -0.06523823738098145, 5.587935447692871e-09, 0.9742870330810547, -0.15263254940509796, 0.16573545336723328, 0.19674688577651978, 0.21787498891353607, -0.9559398889541626, 0.10979783535003662, 0.9639677405357361, 0.2423027902841568),
            ["RightLowerArm"] = CFrame.new(-1.7881393432617188e-07, -5.960464477539063e-08, 1.043081283569336e-07, 1, -2.495944215752388e-07, 9.611235327611212e-07, -3.6135324421593396e-07, 0.9958953857421875, -0.090516097843647, 9.238722213922301e-07, 0.09051257371902466, 0.9958949685096741),
            ["LeftHand"] = CFrame.new(1.4901161193847656e-08, 0, 1.9371509552001953e-07, -0.1004660502076149, 0.5156135559082031, -0.8509109020233154, -0.982896625995636, 0.08123303204774857, 0.1652730405330658, 0.15433982014656067, 0.8529618978500366, 0.4986335337162018),
            ["LeftFoot"] = CFrame.new(-2.421438694000244e-08, -1.1920928955078125e-07, -1.4901161193847656e-08, 0.9731547832489014, 0.0944928452372551, -0.20985856652259827, -0.18592879176139832, 0.8601963520050049, -0.47486141324043274, 0.13564752042293549, 0.5011321306228638, 0.8546730279922485),
            ["RightHand"] = CFrame.new(-1.4901161193847656e-07, 5.960464477539063e-08, -1.4901161193847656e-08, 0.22055791318416595, -0.5198941826820374, 0.8252677321434021, 0.9748079776763916, 0.14631402492523193, -0.16834965348243713, -0.033221304416656494, 0.8416070342063904, 0.5390655398368835),
            ["RightLowerLeg"] = CFrame.new(-1.1816155165433884e-07, 0, 5.420588422566652e-09, 1, -1.5785923324074247e-07, -1.4354002075833705e-07, 1.7066490443085058e-07, -0.06198569014668465, 0.9980770349502563, -1.660082915577732e-07, -0.9980770349502563, -0.06198559328913689),
            ["LeftUpperLeg"] = CFrame.new(0.000025540590286254883, 0.00012600049376487732, 0.004997506737709045, 0.9894112944602966, -0.10166110098361969, 0.10358478873968124, 0.11161523312330246, 0.9891728758811951, -0.09528755396604538, -0.09277632087469101, 0.10584025830030441, 0.9900457262992859),
            ["LeftLowerLeg"] = CFrame.new(7.078051567077637e-08, -1.7881393432617188e-07, 5.960464477539063e-08, 1, 3.7252917195473856e-08, 3.725290653733282e-08, -7.636845111846924e-08, 0.657817006111145, 0.753178060054779, 4.6566128730773926e-08, -0.7531779408454895, 0.6578167676925659),
        }},
        {Time = 0.067, Data = {
            ["RightFoot"] = CFrame.new(-6.753452908014879e-09, 1.7881393432617188e-07, -4.891626304015517e-08, 0.9752931594848633, 0.10388394445180893, 0.19496354460716248, -0.10592199862003326, 0.9943745732307434, 0.000024423694412689656, -0.19386564195156097, -0.0206744447350502, 0.9808105230331421),
            ["LeftLowerArm"] = CFrame.new(2.9802322387695312e-08, 0, -3.427267074584961e-07, 1, 2.8580575417436194e-07, 5.392938007275916e-08, 3.0985492571744544e-07, 1, -4.190950164684182e-08, 4.9563833925958534e-08, 6.826588787589571e-07, 1),
            ["RightUpperArm"] = CFrame.new(0, -0.06523776054382324, -1.1175870895385742e-08, 0.960096538066864, 0.20171087980270386, 0.19372045993804932, 0.06520976126194, 0.5121235251426697, -0.8564327955245972, -0.2719605267047882, 0.8348904848098755, 0.4785345792770386),
            ["Head"] = CFrame.new(-4.6566128730773926e-09, 1.1920928955078125e-07, -3.655441105365753e-08, 0.9977613091468811, 0.06687378883361816, -0.0004848278476856649, -0.06543360650539398, 0.9777200818061829, 0.19945450127124786, 0.013812271878123283, -0.19897617399692535, 0.9799070358276367),
            ["LowerTorso"] = CFrame.new(-0.05712650343775749, -0.18992924690246582, -0.055800653994083405, 0.9915239214897156, 0.05141710862517357, 0.11931702494621277, -0.023488985374569893, 0.974165678024292, -0.22460967302322388, -0.12778355181217194, 0.21990340948104858, 0.9671163558959961),
            ["UpperTorso"] = CFrame.new(1.6763806343078613e-08, -3.2782554626464844e-07, 5.4016709327697754e-08, 0.9854755401611328, -0.06093284487724304, -0.15850888192653656, 0.07278838008642197, 0.9948818683624268, 0.07008634507656097, 0.15342698991298676, -0.08060593903064728, 0.9848669171333313),
            ["HumanoidRootPart"] = CFrame.new(0, 0, 0, 1, 0, 0, 0, 1, 0, 0, 0, 1),
            ["RightUpperLeg"] = CFrame.new(-0.000025510787963867188, -0.00012552179396152496, -0.0049974750727415085, 0.9825463891029358, -0.1859259307384491, 0.0057684630155563354, 0.16661323606967926, 0.8658364415168762, -0.47177132964134216, 0.08272005617618561, 0.4644984304904938, 0.8817021250724792),
            ["LeftUpperArm"] = CFrame.new(0, -0.06523716449737549, -7.450580596923828e-09, 0.9881405830383301, -0.1508079320192337, -0.02890174649655819, 0.009685995988547802, 0.2490633726119995, -0.9684388041496277, 0.15324656665325165, 0.9566737413406372, 0.24757038056850433),
            ["RightLowerArm"] = CFrame.new(0, -1.7881393432617188e-07, -1.6391277313232422e-07, 1, -5.159524221198808e-07, 5.215400733504794e-07, -5.662443527398864e-07, 0.9879353046417236, -0.15486934781074524, 4.3958442574876244e-07, 0.1548675000667572, 0.987934947013855),
            ["LeftHand"] = CFrame.new(4.46452759206295e-08, -1.1920928955078125e-07, 3.6135315895080566e-07, -0.12462461739778519, 0.39349421858787537, -0.9108409881591797, -0.9886127710342407, 0.028787948191165924, 0.14770294725894928, 0.08434220403432846, 0.9188762307167053, 0.3854251801967621),
            ["LeftFoot"] = CFrame.new(-2.60770320892334e-08, -5.960464477539063e-08, -2.2351741790771484e-08, 0.9793822765350342, 0.08619914203882217, -0.18270164728164673, -0.16607441008090973, 0.8584821820259094, -0.4852096438407898, 0.11502035707235336, 0.5055474638938904, 0.8550974726676941),
            ["RightHand"] = CFrame.new(8.940696716308594e-08, 1.1920928955078125e-07, -1.4901161193847656e-08, 0.09462836384773254, -0.4574669599533081, 0.8841782212257385, 0.9954947233200073, 0.04882913455367088, -0.0812767744064331, -0.005990506149828434, 0.8878849744796753, 0.46002495288848877),
            ["RightLowerLeg"] = CFrame.new(-3.864988684654236e-08, -1.7881393432617188e-07, 1.6952981241047382e-09, 1, -1.2479728184189298e-07, -1.4854586538604053e-07, 1.5040855316783563e-07, 0.03828291594982147, 0.9992669224739075, -1.5553082732822077e-07, -0.999267041683197, 0.03828294947743416),
            ["LeftUpperLeg"] = CFrame.new(0.000025540590286254883, 0.00012589176185429096, 0.0049974750727415085, 0.9916398525238037, -0.08275213092565536, 0.09900479018688202, 0.09341556578874588, 0.9897094964981079, -0.10839341580867767, -0.0890161395072937, 0.11673565208911896, 0.9891658425331116),
            ["LeftLowerLeg"] = CFrame.new(7.450580596923828e-09, 1.7881393432617188e-07, 4.470348358154297e-08, 1, 1.043081780949251e-07, 0, -8.381903171539307e-08, 0.6472941637039185, 0.762240469455719, 4.470348358154297e-08, -0.7622403502464294, 0.6472939848899841),
        }},
        {Time = 0.100, Data = {
            ["RightFoot"] = CFrame.new(-5.7945726439356804e-08, 4.172325134277344e-07, -1.5999830793589354e-08, 0.9809449911117554, 0.04560156166553497, 0.18885676562786102, -0.02802881971001625, 0.9951111078262329, -0.09470123797655106, -0.1922532021999359, 0.0876036211848259, 0.9774275422096252),
            ["LeftLowerArm"] = CFrame.new(-5.960464477539063e-08, -1.1920928955078125e-07, 2.9802322387695312e-08, 1, 2.1979197128985106e-07, 1.825391393595055e-07, 2.3469323195968173e-07, 1, 6.109473247306596e-07, 1.67638020798222e-07, 1.3224770611941494e-07, 1),
            ["RightUpperArm"] = CFrame.new(-1.1920928955078125e-07, -0.06523847579956055, -3.725290298461914e-09, 0.9701982140541077, 0.22046475112438202, 0.10055314749479294, -0.019171301275491714, 0.4835103154182434, -0.8751288652420044, -0.24155354499816895, 0.8471205234527588, 0.47332724928855896),
            ["Head"] = CFrame.new(8.381903171539307e-09, 1.1920928955078125e-07, -5.844049155712128e-08, 0.9980846643447876, 0.06161738187074661, 0.005512482486665249, -0.06148394197225571, 0.9781597256660461, 0.1985531449317932, 0.006842194590717554, -0.19851158559322357, 0.9800746440887451),
            ["LowerTorso"] = CFrame.new(-0.03676975890994072, -0.19974708557128906, -0.047329969704151154, 0.996308445930481, 0.03615385666489601, 0.07786118239164352, -0.017965754494071007, 0.9747169613838196, -0.22272002696990967, -0.08394497632980347, 0.22049905359745026, 0.9717682003974915),
            ["UpperTorso"] = CFrame.new(-9.313225746154785e-10, 1.1920928955078125e-07, -1.0943040251731873e-08, 0.9902063608169556, -0.05641874298453331, -0.12770360708236694, 0.06651236116886139, 0.994871973991394, 0.07619713246822357, 0.12274977564811707, -0.08394476771354675, 0.9888811111450195),
            ["HumanoidRootPart"] = CFrame.new(0, 0, 0, 1, 0, 0, 0, 1, 0, 0, 0, 1),
            ["RightUpperLeg"] = CFrame.new(-0.000025570392608642578, -0.00012574531137943268, -0.00499751977622509, 0.9871661067008972, -0.15533243119716644, -0.03707365691661835, 0.12948839366436005, 0.9144304394721985, -0.3834715187549591, 0.09346678107976913, 0.37374982237815857, 0.9228084087371826),
            ["LeftUpperArm"] = CFrame.new(5.960464477539063e-08, -0.06523823738098145, -1.862645149230957e-08, 0.9753102660179138, -0.1556323766708374, -0.15667983889579773, -0.10680877417325974, 0.2885488271713257, -0.9514892101287842, 0.19329215586185455, 0.9447318911552429, 0.2648015320301056),
            ["RightLowerArm"] = CFrame.new(-1.7881393432617188e-07, -1.7881393432617188e-07, -1.043081283569336e-07, 1, -3.282911222868279e-07, 5.19677598731505e-07, -3.790483447119186e-07, 0.969183623790741, -0.24634189903736115, 4.28408441166539e-07, 0.24633967876434326, 0.9691830277442932),
            ["LeftHand"] = CFrame.new(2.086162567138672e-07, 5.960464477539063e-08, -5.960464477539063e-08, -0.11769622564315796, 0.2877257168292999, -0.9504532814025879, -0.9883745312690735, 0.058821164071559906, 0.14019902050495148, 0.09624627232551575, 0.9559048414230347, 0.27745792269706726),
            ["LeftFoot"] = CFrame.new(-9.313225746154785e-09, -5.960464477539063e-08, -1.4901161193847656e-08, 0.9873671531677246, 0.08039816468954086, -0.13653607666492462, -0.1396174132823944, 0.8489077687263489, -0.5097677111625671, 0.07492098212242126, 0.5223903656005859, 0.8494085073471069),
            ["RightHand"] = CFrame.new(-2.2351741790771484e-08, 0, 4.6193599700927734e-07, 0.02859245426952839, -0.4332629442214966, 0.9008146524429321, 0.9976613521575928, 0.06834336370229721, 0.0012050899676978588, -0.06208443641662598, 0.8986726999282837, 0.43420228362083435),
            ["RightLowerLeg"] = CFrame.new(-7.078051567077637e-08, -5.960464477539063e-08, -1.1099473340436816e-07, 1, -1.4342364806907426e-07, -1.0989602117206232e-07, 1.2665984172599565e-07, 0.30016976594924927, 0.9538857936859131, -9.872017159295865e-08, -0.9538858532905579, 0.3001699149608612),
            ["LeftUpperLeg"] = CFrame.new(0.000025540590286254883, 0.00012557077570818365, 0.004997486248612404, 0.9930385947227478, -0.0715360939502716, 0.09357624500989914, 0.08308602124452591, 0.9885484576225281, -0.12597286701202393, -0.08349303156137466, 0.13287104666233063, 0.9876105189323425),
            ["LeftLowerLeg"] = CFrame.new(-1.4901161193847656e-08, 1.7881393432617188e-07, 6.705522537231445e-08, 1, 6.705523247774181e-08, 2.9802322387695312e-08, -5.774199252073231e-08, 0.620640218257904, 0.784095823764801, 3.166496398421259e-08, -0.7840955257415771, 0.6206398606300354),
        }},
        {Time = 0.133, Data = {
            ["RightFoot"] = CFrame.new(-7.241033017635345e-08, 1.7881393432617188e-07, -2.0656443666666746e-08, 0.983088493347168, 0.008690307848155499, 0.18292413651943207, 0.028951328247785568, 0.9789355397224426, -0.20210663974285126, -0.18082858622074127, 0.20398493111133575, 0.962128758430481),
            ["LeftLowerArm"] = CFrame.new(1.1920928955078125e-07, -1.1920928955078125e-07, 6.705522537231445e-08, 1, 5.699690177607408e-07, 1.1175862901779965e-08, 5.662440685227921e-07, 1, -2.235172580355993e-08, -1.4901159417490817e-08, 6.072218639019411e-07, 1),
            ["RightUpperArm"] = CFrame.new(1.1920928955078125e-07, -0.065238356590271, -1.4901161193847656e-08, 0.9653613567352295, 0.2595604956150055, -0.026571830734610558, -0.1459617018699646, 0.4528195559978485, -0.8795738220214844, -0.2162700891494751, 0.852984607219696, 0.4750199317932129),
            ["Head"] = CFrame.new(-1.862645149230957e-09, -2.384185791015625e-07, -7.543712854385376e-08, 0.9982799887657166, 0.05601298436522484, 0.017309004440903664, -0.058302443474531174, 0.9795030355453491, 0.19280710816383362, -0.00615449994802475, -0.19348464906215668, 0.9810840487480164),
            ["LowerTorso"] = CFrame.new(-0.017901122570037842, -0.22304010391235352, -0.03944831341505051, 0.9994935989379883, 0.021529365330934525, 0.02343451976776123, -0.015812372788786888, 0.97505122423172, -0.22141613066196442, -0.027616996318101883, 0.2209334373474121, 0.9748978614807129),
            ["UpperTorso"] = CFrame.new(1.979060471057892e-09, -8.940696716308594e-08, -2.3050233721733093e-08, 0.9948440194129944, -0.04812072589993477, -0.08927392214536667, 0.055951204150915146, 0.9946025609970093, 0.08738072961568832, 0.08458717912435532, -0.09192502498626709, 0.9921667575836182),
            ["HumanoidRootPart"] = CFrame.new(0, 0, 0, 1, 0, 0, 0, 1, 0, 0, 0, 1),
            ["RightUpperLeg"] = CFrame.new(-0.000025480985641479492, -0.0001256326213479042, -0.004997474141418934, 0.994695782661438, -0.10238788276910782, -0.009829362854361534, 0.0890805795788765, 0.9052677154541016, -0.41539838910102844, 0.05143004655838013, 0.4123193919658661, 0.9095865488052368),
            ["LeftUpperArm"] = CFrame.new(-1.1920928955078125e-07, -0.06523823738098145, 0, 0.9654865264892578, -0.18674886226654053, -0.18155093491077423, -0.12201113998889923, 0.29154354333877563, -0.9487442374229431, 0.23010647296905518, 0.9381510615348816, 0.25869590044021606),
            ["RightLowerArm"] = CFrame.new(1.7881393432617188e-07, -1.1920928955078125e-07, -5.21540641784668e-08, 1, 7.962807302419606e-08, 3.5390249308875354e-07, 7.823110337312755e-08, 0.9467138648033142, -0.32207784056663513, 3.7811702213730314e-07, 0.3220759332180023, 0.9467131495475769),
            ["LeftHand"] = CFrame.new(-8.940696716308594e-08, 1.7881393432617188e-07, -2.5331974029541016e-07, -0.06726621091365814, 0.19287751615047455, -0.9789144396781921, -0.9882755279541016, 0.12190388888120651, 0.09192906320095062, 0.13706490397453308, 0.9736210107803345, 0.18241582810878754),
            ["LeftFoot"] = CFrame.new(2.2351741790771484e-08, 5.960464477539063e-08, 1.5832483768463135e-08, 0.9941734671592712, 0.07767757773399353, -0.074733667075634, -0.10603099316358566, 0.8295547366142273, -0.548267126083374, 0.019406385719776154, 0.5529965758323669, 0.83295738697052),
            ["RightHand"] = CFrame.new(-1.4901161193847656e-07, 5.960464477539063e-08, 2.123415470123291e-07, -0.030998989939689636, -0.43650659918785095, 0.8991671800613403, 0.9935445189476013, 0.08476255089044571, 0.075400710105896, -0.10912607610225677, 0.8956994414329529, 0.4310605525970459),
            ["RightLowerLeg"] = CFrame.new(3.3527612686157227e-08, 2.980232238769531e-07, 2.9402144718915224e-08, 1, -1.5273684539351962e-07, -9.685753354915505e-08, 1.5087427129856223e-07, 0.32719534635543823, 0.9449566602706909, -9.755605390182609e-08, -0.9449567198753357, 0.3271954655647278),
            ["LeftUpperLeg"] = CFrame.new(0.000025480985641479492, 0.0001255781389772892, 0.004997537471354008, 0.9938852190971375, -0.06684757769107819, 0.08788212388753891, 0.07959985733032227, 0.9853759407997131, -0.1506604254245758, -0.0765257328748703, 0.15673446655273438, 0.9846716523170471),
            ["LeftLowerLeg"] = CFrame.new(3.3527612686157227e-08, 2.980232238769531e-07, -8.940696716308594e-08, 1, 8.940698847936801e-08, 4.284083487959833e-08, -8.195638656616211e-08, 0.5727895498275757, 0.8197025656700134, 3.725290298461914e-08, -0.8197025060653687, 0.5727894306182861),
        }},
        {Time = 0.167, Data = {
            ["RightFoot"] = CFrame.new(6.32135197520256e-08, 2.980232238769531e-07, 2.7772330213338137e-08, 0.9807959198951721, 0.020732872188091278, 0.19393129646778107, 0.05517788603901863, 0.9242124557495117, -0.37787100672721863, -0.18706916272640228, 0.38131529092788696, 0.9053199291229248),
            ["LeftLowerArm"] = CFrame.new(-5.960464477539063e-08, 1.7881393432617188e-07, -1.1175870895385742e-07, 1, -1.3038513202445756e-07, 3.3527612686157227e-07, -1.4901154088420299e-07, 0.9999364614486694, -0.011275239288806915, 3.054736623653298e-07, 0.01127608586102724, 0.9999364614486694),
            ["RightUpperArm"] = CFrame.new(-1.7881393432617188e-07, -0.0652381181716919, -7.450580596923828e-08, 0.9432255625724792, 0.3039935231208801, -0.13384167850017548, -0.2586795389652252, 0.4195418953895569, -0.8700974583625793, -0.20835167169570923, 0.8553202748298645, 0.4743594229221344),
            ["Head"] = CFrame.new(-9.313225746154785e-09, -1.1920928955078125e-07, -1.0710209608078003e-08, 0.9979775547981262, 0.05262123793363571, 0.03566276282072067, -0.05835350602865219, 0.9808855652809143, 0.18562982976436615, -0.025212980806827545, -0.18733523786067963, 0.9819724559783936),
            ["LowerTorso"] = CFrame.new(-0.0015335953794419765, -0.2504541873931885, -0.03206043317914009, 0.9991551041603088, 0.006632185075432062, -0.040560487657785416, -0.01543034054338932, 0.9752379655838013, -0.22061951458454132, 0.03809277340769768, 0.2210589200258255, 0.9745162725448608),
            ["UpperTorso"] = CFrame.new(-2.3283064365386963e-09, -1.4901161193847656e-07, 3.149398253299296e-08, 0.9982293844223022, -0.03720274195075035, -0.04641236737370491, 0.04171754792332649, 0.9940704703330994, 0.10041806101799011, 0.042401235550642014, -0.10217645764350891, 0.9938622713088989),
            ["HumanoidRootPart"] = CFrame.new(0, 0, 0, 1, 0, 0, 0, 1, 0, 0, 0, 1),
            ["RightUpperLeg"] = CFrame.new(-0.000025480985641479492, -0.0001257052645087242, -0.00499749556183815, 0.9973996877670288, -0.07050488144159317, 0.01492017786949873, 0.07079567015171051, 0.9198049306869507, -0.3859369158744812, 0.01348685659468174, 0.3859899044036865, 0.9224045276641846),
            ["LeftUpperArm"] = CFrame.new(-1.1920928955078125e-07, -0.0652381181716919, 0, 0.9545191526412964, -0.2034643441438675, -0.2179349809885025, -0.13812409341335297, 0.3460199236869812, -0.9280043840408325, 0.2642255127429962, 0.9158997535705566, 0.30217933654785156),
            ["RightLowerArm"] = CFrame.new(-2.9802322387695312e-08, -1.1920928955078125e-07, -2.9802322387695312e-08, 1, 4.889442948297074e-07, 3.3620725048422173e-07, 3.650781934538827e-07, 0.9297257661819458, -0.3682544529438019, 4.7683681714261184e-07, 0.36825260519981384, 0.9297250509262085),
            ["LeftHand"] = CFrame.new(-8.940696716308594e-08, 1.1920928955078125e-07, -2.682209014892578e-07, -0.041800059378147125, 0.19494880735874176, -0.9799222946166992, -0.9693254232406616, 0.2298395186662674, 0.08707259595394135, 0.24220046401023865, 0.9535034894943237, 0.17936229705810547),
            ["LeftFoot"] = CFrame.new(1.932494342327118e-08, -1.7881393432617188e-07, -9.313225746154785e-09, 0.9965308308601379, 0.08272986859083176, 0.009046727791428566, -0.06571243703365326, 0.8488836288452148, -0.524479866027832, -0.05107087641954422, 0.5220655798912048, 0.8513748645782471),
            ["RightHand"] = CFrame.new(-2.9802322387695312e-08, 0, -2.849847078323364e-07, -0.019761204719543457, -0.4634777009487152, 0.8858882784843445, 0.9950917363166809, 0.07681766152381897, 0.06238553673028946, -0.09696431457996368, 0.88277268409729, 0.459684818983078),
            ["RightLowerLeg"] = CFrame.new(-5.960464477539063e-08, 2.384185791015625e-07, 1.2369855539873242e-07, 1, -1.4808028936386108e-07, -9.313225746154785e-08, 1.1920931797249068e-07, 0.3544149100780487, 0.9350882768630981, -9.685756907629184e-08, -0.9350883364677429, 0.3544149398803711),
            ["LeftUpperLeg"] = CFrame.new(0.0000254213809967041, 0.00012567569501698017, 0.004997460171580315, 0.9937214255332947, -0.06402827054262161, 0.09174775332212448, 0.08262810856103897, 0.9729006886482239, -0.21595659852027893, -0.07543420791625977, 0.22218197584152222, 0.9720829129219055),
            ["LeftLowerLeg"] = CFrame.new(-3.119930624961853e-08, 5.960464477539063e-08, -4.284083843231201e-08, 1, 7.357451181633223e-08, 4.190951941041021e-08, -9.359791874885559e-08, 0.4658409655094147, 0.8848685622215271, 5.21540641784668e-08, -0.8848685026168823, 0.46584075689315796),
        }},
        {Time = 0.200, Data = {
            ["RightFoot"] = CFrame.new(7.636845111846924e-08, 3.5762786865234375e-07, 2.4047039914876223e-08, 0.9747568964958191, 0.03519343212246895, 0.2204774022102356, 0.08211684226989746, 0.8617678284645081, -0.5006126761436462, -0.20761986076831818, 0.5060807466506958, 0.8371241092681885),
            ["LeftLowerArm"] = CFrame.new(2.9802322387695312e-08, 1.1920928955078125e-07, 1.6391277313232422e-07, 1, 4.1350702417730645e-07, 8.940698137394065e-08, 4.395843120619247e-07, 0.9991099238395691, -0.04218309000134468, 1.1920930376163597e-07, 0.04218399152159691, 0.9991099834442139),
            ["RightUpperArm"] = CFrame.new(0, -0.06523847579956055, 2.2351741790771484e-08, 0.9076413512229919, 0.35300537943840027, -0.22710020840168, -0.3607637882232666, 0.37949642539024353, -0.8519579172134399, -0.21456176042556763, 0.8552015423774719, 0.471797913312912),
            ["Head"] = CFrame.new(-9.313225746154785e-09, 0, 1.5832483768463135e-08, 0.9969422817230225, 0.04808950051665306, 0.06159217283129692, -0.05847324803471565, 0.9819706678390503, 0.17976248264312744, -0.051836978644132614, -0.18281424045562744, 0.981779932975769),
            ["LowerTorso"] = CFrame.new(0.011436103843152523, -0.27258872985839844, -0.025164447724819183, 0.9937431812286377, -0.004409658256918192, -0.11160232126712799, -0.020393015816807747, 0.9752613306045532, -0.2201126366853714, 0.10981186479330063, 0.221011221408844, 0.9690693616867065),
            ["UpperTorso"] = CFrame.new(9.313225746154785e-10, 2.384185791015625e-07, 2.9569491744041443e-08, 0.9995432496070862, -0.03010721132159233, -0.0026161321438848972, 0.030211418867111206, 0.9932088255882263, 0.11235525459051132, -0.0007843814673833549, -0.11238281428813934, 0.9936646819114685),
            ["HumanoidRootPart"] = CFrame.new(0, 0, 0, 1, 0, 0, 0, 1, 0, 0, 0, 1),
            ["RightUpperLeg"] = CFrame.new(-0.000025540590286254883, -0.00012526125647127628, -0.0049974676221609116, 0.9978029131889343, -0.05545952543616295, 0.03623831644654274, 0.06489357352256775, 0.9283695816993713, -0.3659497797489166, -0.013347141444683075, 0.36749741435050964, 0.9299288392066956),
            ["LeftUpperArm"] = CFrame.new(-1.1920928955078125e-07, -0.06523847579956055, 5.960464477539063e-08, 0.9483690857887268, -0.18708710372447968, -0.2561144232749939, -0.15465682744979858, 0.4322183132171631, -0.8884080052375793, 0.2769067883491516, 0.8821485042572021, 0.3809680640697479),
            ["RightLowerArm"] = CFrame.new(-1.4901161193847656e-07, 1.1920928955078125e-07, 1.4901161193847656e-08, 1, 8.158385753631592e-07, 1.8673006252356572e-07, 8.046620223467471e-07, 0.924767255783081, -0.38053590059280396, 4.50759756631669e-07, 0.38053345680236816, 0.9247661232948303),
            ["LeftHand"] = CFrame.new(-1.1920928955078125e-07, 1.1920928955078125e-07, -5.960464477539063e-08, -0.023905133828520775, 0.18025623261928558, -0.983329176902771, -0.9408584237098694, 0.32845401763916016, 0.08308283984661102, 0.3379555344581604, 0.9271600842475891, 0.16174378991127014),
            ["LeftFoot"] = CFrame.new(8.149072527885437e-09, -1.1920928955078125e-07, 4.470348358154297e-08, 0.9912898540496826, 0.045446135103702545, 0.12360748648643494, -0.021166851744055748, 0.9813489317893982, -0.19106662273406982, -0.12998650968074799, 0.1867860108613968, 0.9737632274627686),
            ["RightHand"] = CFrame.new(1.4901161193847656e-07, 5.960464477539063e-08, -1.30385160446167e-07, -0.006191997788846493, -0.502688467502594, 0.8644455075263977, 0.9967291355133057, 0.06655875593423843, 0.0458424873650074, -0.08057807385921478, 0.8619016408920288, 0.5006321668624878),
            ["RightLowerLeg"] = CFrame.new(1.862645149230957e-08, -5.960464477539063e-08, 5.420588422566652e-09, 1, -1.4528630742915993e-07, -7.078052277620372e-08, 1.4901159772762185e-07, 0.38268211483955383, 0.9238800406455994, -9.49948883999241e-08, -0.9238801002502441, 0.38268235325813293),
            ["LeftUpperLeg"] = CFrame.new(0.000025570392608642578, 0.0001259399577975273, 0.004997551441192627, 0.9926735758781433, -0.05713196098804474, 0.10646427422761917, 0.09447405487298965, 0.9163294434547424, -0.3891212046146393, -0.0753251239657402, 0.39632847905158997, 0.9150137305259705),
            ["LeftLowerLeg"] = CFrame.new(3.3527612686157227e-08, -5.960464477539063e-08, -1.0523945093154907e-07, 1, 9.313229298868464e-08, 6.332991375757047e-08, -9.313225746154785e-08, 0.25820985436439514, 0.9660888910293579, 6.379559636116028e-08, -0.9660888910293579, 0.25820979475975037),
        }},
        {Time = 0.233, Data = {
            ["RightFoot"] = CFrame.new(-1.3969838619232178e-08, 1.7881393432617188e-07, -5.75528247281909e-09, 0.9690954685211182, 0.037874240428209305, 0.24376055598258972, 0.09712065011262894, 0.8497580289840698, -0.5181493163108826, -0.22676332294940948, 0.5258107781410217, 0.8198183178901672),
            ["LeftLowerArm"] = CFrame.new(0, 2.384185791015625e-07, 5.960464477539063e-08, 1, 4.097818759873917e-07, 7.450578820566989e-09, 4.768373855768004e-07, 0.9987225532531738, -0.05053068324923515, 9.685759039257391e-08, 0.050531357526779175, 0.998722493648529),
            ["RightUpperArm"] = CFrame.new(-1.1920928955078125e-07, -0.06523764133453369, -1.4901161193847656e-08, 0.8818779587745667, 0.3898990750312805, -0.2650848925113678, -0.4057784080505371, 0.3413739502429962, -0.8478253483772278, -0.24007324874401093, 0.8552441596984863, 0.4592627286911011),
            ["Head"] = CFrame.new(2.7939677238464355e-09, 2.384185791015625e-07, -2.4796463549137115e-08, 0.9945670962333679, 0.04116107523441315, 0.09561476111412048, -0.05759295076131821, 0.9826985001564026, 0.1760305017232895, -0.08671492338180542, -0.1805809736251831, 0.9797301888465881),
            ["LowerTorso"] = CFrame.new(0.020055389031767845, -0.28352785110473633, -0.018760377541184425, 0.9823535084724426, -0.008536593057215214, -0.18683871626853943, -0.033317361027002335, 0.9749945998191833, -0.2197171449661255, 0.18404215574264526, 0.2220647633075714, 0.95750492811203),
            ["UpperTorso"] = CFrame.new(-1.3969838619232178e-08, 3.2782554626464844e-07, 6.51925802230835e-09, 0.9987851977348328, -0.030381325632333755, 0.03879615291953087, 0.025402477011084557, 0.9920870065689087, 0.1229560524225235, -0.04222472384572029, -0.12182097882032394, 0.9916535019874573),
            ["HumanoidRootPart"] = CFrame.new(0, 0, 0, 1, 0, 0, 0, 1, 0, 0, 0, 1),
            ["RightUpperLeg"] = CFrame.new(-0.000025510787963867188, -0.0001256684772670269, -0.004997456446290016, 0.9966171979904175, -0.03870503231883049, 0.07249706983566284, 0.06424559652805328, 0.9170583486557007, -0.3935442268848419, -0.05125186964869499, 0.39687034487724304, 0.9164426326751709),
            ["LeftUpperArm"] = CFrame.new(1.1920928955078125e-07, -0.06523799896240234, -3.725290298461914e-09, 0.9254146218299866, -0.12672780454158783, -0.35713839530944824, -0.2518538236618042, 0.49850836396217346, -0.8294933438301086, 0.28315630555152893, 0.8575718998908997, 0.4294099807739258),
            ["RightLowerArm"] = CFrame.new(1.7881393432617188e-07, 2.384185791015625e-07, -5.960464477539063e-08, 1, 8.828941986394057e-07, 3.3318048053843086e-07, 7.376069675046892e-07, 0.9347826838493347, -0.355223149061203, 6.221230250957888e-07, 0.3552201986312866, 0.9347816109657288),
            ["LeftHand"] = CFrame.new(0, 0, 2.086162567138672e-07, 0.02652132883667946, 0.07618749886751175, -0.9967407584190369, -0.943231999874115, 0.3321342170238495, 0.00029029682627879083, 0.3310740292072296, 0.940150260925293, 0.08067114651203156),
            ["LeftFoot"] = CFrame.new(1.234002411365509e-08, 0, -2.2351741790771484e-08, 0.9875537753105164, 0.006175566464662552, 0.15715964138507843, 0.022963903844356537, 0.9828581809997559, -0.18292741477489471, -0.15559688210487366, 0.18425975739955902, 0.9704836010932922),
            ["RightHand"] = CFrame.new(-5.21540641784668e-08, 5.960464477539063e-08, -4.470348358154297e-08, -0.010930228978395462, -0.5220851302146912, 0.8528231382369995, 0.993000864982605, 0.09464079886674881, 0.0706624835729599, -0.1176002025604248, 0.847626268863678, 0.5173969268798828),
            ["RightLowerLeg"] = CFrame.new(-1.043081283569336e-07, -1.1920928955078125e-07, 4.267349140718579e-08, 1, -1.3411042232291948e-07, -8.00937343115038e-08, 1.3411046495548362e-07, 0.36791229248046875, 0.9298604130744934, -8.940698137394065e-08, -0.929860532283783, 0.36791250109672546),
            ["LeftUpperLeg"] = CFrame.new(0.0000254213809967041, 0.0001259157434105873, 0.004997514188289642, 0.9860393404960632, -0.038676612079143524, 0.1619565784931183, 0.10634345561265945, 0.8947288990020752, -0.43376463651657104, -0.12813065946102142, 0.4449317753314972, 0.8863511681556702),
            ["LeftLowerLeg"] = CFrame.new(3.3527612686157227e-08, 5.960464477539063e-08, -2.0849984139204025e-07, 1, 8.009376983864058e-08, 6.332994928470725e-08, -1.2293459406009788e-07, 0.1069135069847107, 0.9942684173583984, 7.776544208581981e-08, -0.9942684173583984, 0.10691355168819427),
        }},
        {Time = 0.267, Data = {
            ["RightFoot"] = CFrame.new(-1.1175870895385742e-08, 2.980232238769531e-07, -1.3205863069742918e-08, 0.966156542301178, 0.03829671069979668, 0.2550971508026123, 0.1010906919836998, 0.8536009192466736, -0.5110244154930115, -0.2373231202363968, 0.5195178389549255, 0.8208407163619995),
            ["LeftLowerArm"] = CFrame.new(-2.384185791015625e-07, 2.384185791015625e-07, 1.7881393432617188e-07, 1, 7.450579175838357e-08, 1.9371509552001953e-07, 4.470348358154297e-08, 0.9990895390510559, -0.042662739753723145, 2.086162567138672e-07, 0.04266338422894478, 0.9990895390510559),
            ["RightUpperArm"] = CFrame.new(-5.960464477539063e-08, -0.06523799896240234, 2.9802322387695312e-08, 0.8759642839431763, 0.41665512323379517, -0.2430747151374817, -0.3866783678531647, 0.3052540719509125, -0.8702298998832703, -0.2883859872817993, 0.8562818765640259, 0.42850276827812195),
            ["Head"] = CFrame.new(0, 0, 7.334165275096893e-09, 0.9900092482566833, 0.030911874026060104, 0.13757270574569702, -0.054812464863061905, 0.9833073019981384, 0.17350095510482788, -0.12991289794445038, -0.1793079376220703, 0.9751775860786438),
            ["LowerTorso"] = CFrame.new(0.02331245131790638, -0.2863578796386719, -0.012800890952348709, 0.9650094509124756, -0.008356859907507896, -0.2620820999145508, -0.05111738666892052, 0.9743213057518005, -0.21928301453590393, 0.2571844160556793, 0.22500693798065186, 0.9398021101951599),
            ["UpperTorso"] = CFrame.new(5.587935447692871e-09, 3.2782554626464844e-07, -5.587935447692871e-08, 0.9966161847114563, -0.034389764070510864, 0.07465589791536331, 0.02416623756289482, 0.9907172918319702, 0.13377392292022705, -0.07856319099664688, -0.13151712715625763, 0.9881958961486816),
            ["HumanoidRootPart"] = CFrame.new(0, 0, 0, 1, 0, 0, 0, 1, 0, 0, 0, 1),
            ["RightUpperLeg"] = CFrame.new(-0.000025510787963867188, -0.00012563960626721382, -0.0049975235015153885, 0.9923455715179443, -0.0176920797675848, 0.12221692502498627, 0.06830108165740967, 0.9031737446784973, -0.423807293176651, -0.10288477689027786, 0.42891061305999756, 0.8974689841270447),
            ["LeftUpperArm"] = CFrame.new(0, -0.06523799896240234, 4.0046870708465576e-08, 0.9072249531745911, -0.057358983904123306, -0.4167167842388153, -0.3270713686943054, 0.5267640948295593, -0.7845661640167236, 0.2645132839679718, 0.8480740785598755, 0.4591330587863922),
            ["RightLowerArm"] = CFrame.new(-2.9802322387695312e-08, 5.960464477539063e-08, -2.2351741790771484e-07, 1, 7.33882643544348e-07, 3.8574222571696737e-07, 5.960461635368119e-07, 0.9556066393852234, -0.2946488559246063, 5.960461635368119e-07, 0.2946457266807556, 0.955605685710907),
            ["LeftHand"] = CFrame.new(-1.7881393432617188e-07, 0, 1.7881393432617188e-07, 0.06547413766384125, 0.004664093255996704, -0.9978433847427368, -0.9596596360206604, 0.2743130922317505, -0.061686158180236816, 0.2734348773956299, 0.9616291522979736, 0.02243681252002716),
            ["LeftFoot"] = CFrame.new(-3.3760443329811096e-08, -1.1920928955078125e-07, -1.30385160446167e-08, 0.9832026362419128, -0.02512723207473755, 0.1807781606912613, 0.04051997885107994, 0.9958107471466064, -0.08196971565485, -0.1779627650976181, 0.08791817724704742, 0.9801022410392761),
            ["RightHand"] = CFrame.new(-6.705522537231445e-08, 0, -2.416782081127167e-07, -0.059487082064151764, -0.5444754958152771, 0.8366642594337463, 0.9783955216407776, 0.13444802165031433, 0.1570574939250946, -0.19799865782260895, 0.8279313445091248, 0.5247149467468262),
