return {
    ["Wanna Believe It"] = {
        {Time = 0.000, Data = {
            ["LeftFoot"] = CFrame.new(7.450580596923828e-09, -5.960464477539063e-08, -2.2351741790771484e-08, 0.9678999185562134, -0.11015728861093521, 0.22590945661067963, 0.24161705374717712, 0.6553495526313782, -0.715638279914856, -0.06921679526567459, 0.7472498416900635, 0.6609287858009338),
            ["LeftLowerArm"] = CFrame.new(2.9802322387695312e-08, -4.172325134277344e-07, -2.123415470123291e-07, 1, -5.215404996761208e-08, -2.2351741790771484e-08, 4.00468671557519e-08, 0.8795371055603027, -0.47583046555519104, 5.587934559514451e-09, 0.4758302867412567, 0.8795371055603027),
            ["RightUpperArm"] = CFrame.new(1.1920928955078125e-07, 0, 2.682209014892578e-07, 0.4961645007133484, -0.8595694899559021, 0.12231618165969849, 0.06818422675132751, -0.10186848044395447, -0.9924585223197937, 0.8655470609664917, 0.5007627010345459, 0.00806562788784504),
            ["Head"] = CFrame.new(-5.960464477539063e-08, 0, 2.682209014892578e-07, 0.9949643611907959, 0.09359949827194214, 0.035847511142492294, -0.01826600730419159, 0.5209965109825134, -0.8533633351325989, -0.09855081140995026, 0.8484113812446594, 0.5200827121734619),
            ["RightHand"] = CFrame.new(2.384185791015625e-07, 0, -1.7881393432617188e-07, 0.3247102200984955, -0.47086024284362793, -0.8202768564224243, -0.23429930210113525, 0.8001943826675415, -0.552080512046814, 0.9163335561752319, 0.37145620584487915, 0.14950908720493317),
            ["UpperTorso"] = CFrame.new(3.725290298461914e-09, -1.1920928955078125e-07, 7.264316082000732e-08, 0.9771491885185242, 0.20091930031776428, 0.06936110556125641, -0.18603602051734924, 0.6505826711654663, 0.7362967133522034, 0.10281107574701309, -0.7323753833770752, 0.6730944514274597),
            ["HumanoidRootPart"] = CFrame.new(0, 0, 0, 1, 0, 0, 0, 1, 0, 0, 0, 1),
            ["LeftUpperLeg"] = CFrame.new(0, -3.1851232051849365e-07, 3.725290298461914e-08, 0.5917872190475464, 0.6628639698028564, 0.4586929678916931, -0.21130868792533875, 0.6766986846923828, -0.705285370349884, -0.777905285358429, 0.32045310735702515, 0.5405305624008179),
            ["LeftUpperArm"] = CFrame.new(-1.1920928955078125e-07, -1.1920928955078125e-07, -1.1175870895385742e-08, 0.7333671450614929, 0.6489202380180359, -0.20266982913017273, -0.2658286988735199, 0.5481041669845581, 0.7930429577827454, 0.6257058382034302, -0.5277162790298462, 0.5744631886482239),
            ["RightLowerArm"] = CFrame.new(4.172325134277344e-07, 4.172325134277344e-07, 1.1920928955078125e-07, 1, 0, 1.0430811414607888e-07, 8.940695295223122e-08, -0.3465014696121216, -0.9380494356155396, 1.0430811414607888e-07, 0.9380494356155396, -0.3465014696121216),
            ["LeftHand"] = CFrame.new(-5.960464477539063e-08, -1.1920928955078125e-07, 3.7997961044311523e-07, 0.896233320236206, -0.1226469874382019, 0.426290363073349, 0.1489952802658081, 0.9884164333343506, -0.028872627764940262, -0.4178112745285034, 0.08939194679260254, 0.9041255116462708),
            ["RightFoot"] = CFrame.new(2.2351741790771484e-08, 3.5762786865234375e-07, 3.894820110872388e-08, 0.9602455496788025, 0.2231532782316208, 0.16772310435771942, -0.12187836319208145, 0.875665545463562, -0.4672850966453552, -0.25114575028419495, 0.4282669425010681, 0.8680516481399536),
            ["LowerTorso"] = CFrame.new(0.15600059926509857, -0.5346895456314087, -0.38497504591941833, 0.9855315685272217, -0.06768710166215897, -0.15538989007472992, 0.062382373958826065, 0.9972990155220032, -0.03877011686563492, 0.15759441256523132, 0.028515582904219627, 0.987092137336731),
            ["RightLowerLeg"] = CFrame.new(2.9802322387695312e-08, 2.980232238769531e-07, 7.620110409334302e-08, 1, -1.043081283569336e-07, -1.4901169720360485e-07, 8.940695295223122e-08, 0.11903242766857147, 0.9928904175758362, -1.7881390590446244e-07, -0.9928904175758362, 0.11903278529644012),
            ["RightUpperLeg"] = CFrame.new(0, 9.313225746154785e-10, 3.55576048605144e-08, 0.7045288681983948, -0.6333078145980835, -0.3202502429485321, 0.18081870675086975, 0.5965605974197388, -0.781933605670929, 0.6862533688545227, 0.4929874539375305, 0.5348080396652222),
            ["LeftLowerLeg"] = CFrame.new(2.9802322387695312e-08, -5.960464477539063e-08, 5.960464477539063e-08, 1, 3.725290653733282e-08, 5.960465188081798e-08, -8.940695295223122e-08, -0.07394830137491226, 0.9972620606422424, 9.685753354915505e-08, -0.9972621202468872, -0.07394833117723465),
        }},
        {Time = 0.017, Data = {
            ["LeftFoot"] = CFrame.new(2.60770320892334e-08, 0, -3.725290298461914e-08, 0.9648856520652771, -0.1113966777920723, 0.23787890374660492, 0.2505749762058258, 0.6620054244995117, -0.7063718438148499, -0.07878966629505157, 0.7411744594573975, 0.6666727066040039),
            ["LeftLowerArm"] = CFrame.new(-1.1920928955078125e-07, -5.960464477539063e-08, -1.671724021434784e-07, 1, -8.940693874137651e-08, 2.980232594040899e-08, 5.4016709327697754e-08, 0.8453339338302612, -0.5342385172843933, 1.210719347000122e-08, 0.5342382788658142, 0.8453338146209717),
            ["RightUpperArm"] = CFrame.new(0, -1.1920928955078125e-07, 1.9371509552001953e-07, 0.4663196802139282, -0.8670572638511658, 0.17537890374660492, 0.2736726403236389, -0.047127075493335724, -0.9606676697731018, 0.8412190079689026, 0.49597451090812683, 0.21531365811824799),
            ["Head"] = CFrame.new(-4.470348358154297e-08, -2.384185791015625e-07, -3.3527612686157227e-08, 0.993748664855957, 0.10229451209306717, 0.04471432790160179, -0.02466626465320587, 0.5918062329292297, -0.8057027459144592, -0.10888112336397171, 0.7995632290840149, 0.5906299352645874),
            ["RightHand"] = CFrame.new(3.5762786865234375e-07, -2.384185791015625e-07, -8.940696716308594e-08, 0.29294541478157043, -0.4203942120075226, -0.8587502837181091, -0.19017420709133148, 0.854588508605957, -0.48323091864585876, 0.9370256066322327, 0.3048723042011261, 0.17039963603019714),
            ["UpperTorso"] = CFrame.new(-3.725290298461914e-09, 0, 1.862645149230957e-09, 0.9812841415405273, 0.18285436928272247, 0.060379885137081146, -0.16127613186836243, 0.6090616583824158, 0.7765527367591858, 0.10522092878818512, -0.7717565894126892, 0.6271525025367737),
            ["HumanoidRootPart"] = CFrame.new(0, 0, 0, 1, 0, 0, 0, 1, 0, 0, 0, 1),
            ["LeftUpperLeg"] = CFrame.new(0, -6.51925802230835e-08, -4.0978193283081055e-08, 0.6519314050674438, 0.6254557371139526, 0.4287080466747284, -0.25501224398612976, 0.7132830619812012, -0.6528369188308716, -0.7141107320785522, 0.31627917289733887, 0.6245105266571045),
            ["LeftUpperArm"] = CFrame.new(0, 0, -3.3527612686157227e-08, 0.7099155783653259, 0.6868060827255249, -0.15594010055065155, -0.3017929792404175, 0.49671173095703125, 0.8137558102607727, 0.6363496780395508, -0.5306362509727478, 0.5598965883255005),
            ["RightLowerArm"] = CFrame.new(1.7881393432617188e-07, 0, 4.470348358154297e-08, 1, -5.960464477539063e-08, 8.940694584680386e-08, 6.705522537231445e-08, -0.13733099400997162, -0.9905252456665039, 6.705522537231445e-08, 0.9905253052711487, -0.1373308300971985),
            ["LeftHand"] = CFrame.new(-1.1920928955078125e-07, 5.960464477539063e-08, 5.21540641784668e-08, 0.878764808177948, -0.1040322557091713, 0.4657786190509796, 0.1324700564146042, 0.9907733201980591, -0.028635185211896896, -0.4585020840167999, 0.08686545491218567, 0.8844378590583801),
            ["RightFoot"] = CFrame.new(4.842877388000488e-08, 3.5762786865234375e-07, 3.894820110872388e-08, 0.9707464575767517, 0.22961844503879547, 0.07019047439098358, -0.17388854920864105, 0.8739011883735657, -0.45393744111061096, -0.16557201743125916, 0.42845314741134644, 0.8882647752761841),
            ["LowerTorso"] = CFrame.new(0.1460389494895935, -0.5133305788040161, -0.38069847226142883, 0.9839230179786682, -0.075767382979393, -0.16172493994235992, 0.06211692839860916, 0.9941941499710083, -0.08786044269800186, 0.16744296252727509, 0.07640205323696136, 0.9829168915748596),
            ["RightLowerLeg"] = CFrame.new(1.4901161193847656e-08, 1.7881393432617188e-07, 7.620110409334302e-08, 1, -1.1920930376163597e-07, -5.2154096152889906e-08, 1.7881393432617188e-07, 0.1552771031856537, 0.987870991230011, -1.341104507446289e-07, -0.9878710508346558, 0.15527737140655518),
            ["RightUpperLeg"] = CFrame.new(1.1920928955078125e-07, -1.3224780559539795e-07, -1.6596459317952394e-08, 0.7792947888374329, -0.566240668296814, -0.26846078038215637, 0.21720728278160095, 0.6459150910377502, -0.731857180595398, 0.5878100395202637, 0.5120206475257874, 0.626349687576294),
            ["LeftLowerLeg"] = CFrame.new(2.9802322387695312e-08, -1.1920928955078125e-07, -1.4901161193847656e-07, 1, 8.940698847936801e-08, 5.96046660916727e-08, -5.960464477539063e-08, -0.036986492574214935, 0.9993158578872681, 8.940696716308594e-08, -0.9993158578872681, -0.03698650002479553),
        }},
        {Time = 0.033, Data = {
            ["LeftFoot"] = CFrame.new(4.470348358154297e-08, 5.960464477539063e-08, -3.725290298461914e-08, 0.9598318338394165, -0.11973297595977783, 0.25374552607536316, 0.2663530707359314, 0.6731221079826355, -0.6899003386497498, -0.0881979912519455, 0.7297743558883667, 0.6779754757881165),
            ["LeftLowerArm"] = CFrame.new(-1.7881393432617188e-07, -5.960464477539063e-08, -9.313225746154785e-08, 1, -2.9802315282267955e-08, 0, 1.303851426825986e-08, 0.8044459223747253, -0.5940260291099548, -1.8626449271863521e-09, 0.5940259695053101, 0.804445743560791),
            ["RightUpperArm"] = CFrame.new(-5.960464477539063e-08, 2.384185791015625e-07, -2.8312206268310547e-07, 0.36747026443481445, -0.8924229145050049, 0.26181483268737793, 0.5128645300865173, -0.04039415717124939, -0.8575187921524048, 0.7758450508117676, 0.4493880569934845, 0.442848265171051),
            ["Head"] = CFrame.new(0, 0, -1.6763806343078613e-07, 0.9916538596153259, 0.1120433360338211, 0.06378910690546036, -0.028072867542505264, 0.6705312728881836, -0.741349995136261, -0.12583589553833008, 0.7333717346191406, 0.66808021068573),
            ["RightHand"] = CFrame.new(-2.980232238769531e-07, 2.384185791015625e-07, -8.940696716308594e-08, 0.23869815468788147, -0.3557059168815613, -0.9036020040512085, -0.1170971468091011, 0.9131666421890259, -0.39040371775627136, 0.964008092880249, 0.19899797439575195, 0.17631909251213074),
            ["UpperTorso"] = CFrame.new(-3.725290298461914e-09, 0, -1.1175870895385742e-08, 0.9866584539413452, 0.15710784494876862, 0.04269003868103027, -0.12498363107442856, 0.5629121661186218, 0.8170123100280762, 0.10432824492454529, -0.8114475607872009, 0.5750378370285034),
            ["HumanoidRootPart"] = CFrame.new(0, 0, 0, 1, 0, 0, 0, 1, 0, 0, 0, 1),
            ["LeftUpperLeg"] = CFrame.new(-5.960464477539063e-08, 1.6205012798309326e-07, -4.842877388000488e-08, 0.7219361066818237, 0.5766997337341309, 0.3823946714401245, -0.2963040769100189, 0.7570428848266602, -0.5823142528533936, -0.6253096461296082, 0.30708858370780945, 0.7174151539802551),
            ["LeftUpperArm"] = CFrame.new(-1.1920928955078125e-07, 4.76837158203125e-07, -1.4156103134155273e-07, 0.6733545660972595, 0.7326353192329407, -0.0991935059428215, -0.3377467393875122, 0.42418015003204346, 0.8402372002601624, 0.6576631665229797, -0.5322750806808472, 0.5330685973167419),
            ["RightLowerArm"] = CFrame.new(-3.5762786865234375e-07, 2.980232238769531e-07, 5.774199962615967e-08, 1, -8.521600847188893e-08, 9.313224325069314e-08, 1.0244546189142056e-07, 0.005603231023997068, -0.9999843835830688, 7.404013047107583e-08, 0.9999843239784241, 0.005603226367384195),
            ["LeftHand"] = CFrame.new(0, 1.1920928955078125e-07, 1.1920928955078125e-07, 0.8596078753471375, -0.08944292366504669, 0.5030649304389954, 0.11861453950405121, 0.9925946593284607, -0.02620244398713112, -0.49699586629867554, 0.08219470828771591, 0.8638514280319214),
            ["RightFoot"] = CFrame.new(1.043081283569336e-07, 2.980232238769531e-07, -5.75528247281909e-09, 0.9762683510780334, 0.21387307345867157, -0.034038886427879333, -0.2069384902715683, 0.8749392032623291, -0.43778669834136963, -0.06384892761707306, 0.43444177508354187, 0.8984343409538269),
            ["LowerTorso"] = CFrame.new(0.13689419627189636, -0.4904288053512573, -0.37597712874412537, 0.982222318649292, -0.08312511444091797, -0.1683143675327301, 0.05904822424054146, 0.9879140853881836, -0.14331510663032532, 0.17819322645664215, 0.1308286190032959, 0.9752594828605652),
            ["RightLowerLeg"] = CFrame.new(5.960464477539063e-08, 3.5762786865234375e-07, 1.6596459317952394e-08, 1, -2.1606686573250045e-07, -1.1920938902676426e-07, 1.6391278734317893e-07, 0.18008176982402802, 0.9836516380310059, -1.1920930376163597e-07, -0.9836516976356506, 0.1800820529460907),
            ["RightUpperLeg"] = CFrame.new(-2.9802322387695312e-08, 9.313225746154785e-08, -4.639878170564771e-08, 0.8490996360778809, -0.4899753928184509, -0.19736754894256592, 0.24498721957206726, 0.6963029503822327, -0.6746433973312378, 0.46798619627952576, 0.524486780166626, 0.7112681865692139),
            ["LeftLowerLeg"] = CFrame.new(-1.4901161193847656e-08, 0, 1.4901161193847656e-07, 1, 7.450581307466564e-08, 7.4505820180093e-08, -1.1175872316471214e-07, 0.006283224560320377, 0.9999803304672241, 6.705523247774181e-08, -0.9999802708625793, 0.006283299531787634),
        }},
        {Time = 0.050, Data = {
            ["LeftFoot"] = CFrame.new(-2.9802322387695312e-08, 0, -1.4901161193847656e-08, 0.9534117579460144, -0.1284809708595276, 0.27294445037841797, 0.28411009907722473, 0.6866154670715332, -0.6692090034484863, -0.10142730921506882, 0.715578019618988, 0.6911300420761108),
            ["LeftLowerArm"] = CFrame.new(1.1920928955078125e-07, -5.960464477539063e-08, -1.043081283569336e-07, 1, -8.195639367158947e-08, 1.4901157641133977e-08, 8.195636524988004e-08, 0.7574938535690308, -0.6528421640396118, 2.9802315282267955e-08, 0.6528424024581909, 0.7574939131736755),
            ["RightUpperArm"] = CFrame.new(2.384185791015625e-07, 0, -1.4901161193847656e-08, 0.23118120431900024, -0.9258025288581848, 0.29907354712486267, 0.7373659610748291, -0.03381273150444031, -0.67464679479599, 0.6347021460533142, 0.3764924108982086, 0.6748383641242981),
            ["Head"] = CFrame.new(-5.21540641784668e-08, 1.1920928955078125e-07, 8.195638656616211e-08, 0.9891564249992371, 0.12212805449962616, 0.0815737396478653, -0.036802828311920166, 0.7438294887542725, -0.6673552989959717, -0.14217980206012726, 0.6571167707443237, 0.7402584552764893),
            ["RightHand"] = CFrame.new(8.568167686462402e-08, 0, 7.078051567077637e-08, 0.26437366008758545, -0.22017677128314972, -0.9389508962631226, -0.016177190467715263, 0.9724416136741638, -0.232585147023201, 0.9642845988273621, 0.07667887955904007, 0.2535261809825897),
            ["UpperTorso"] = CFrame.new(3.725290298461914e-09, 0, -2.0489096641540527e-08, 0.9925275444984436, 0.12044814229011536, 0.019528036937117577, -0.07944607734680176, 0.5164215564727783, 0.852641224861145, 0.09261438995599747, -0.8478214144706726, 0.5221318602561951),
            ["HumanoidRootPart"] = CFrame.new(0, 0, 0, 1, 0, 0, 0, 1, 0, 0, 0, 1),
            ["LeftUpperLeg"] = CFrame.new(0, -1.0617077350616455e-07, -2.9802322387695312e-08, 0.7933263182640076, 0.5136592984199524, 0.3267837464809418, -0.3199189007282257, 0.808422863483429, -0.49406927824020386, -0.5179626941680908, 0.28741398453712463, 0.8056723475456238),
            ["LeftUpperArm"] = CFrame.new(0, -1.1920928955078125e-07, -2.3096799850463867e-07, 0.6217827796936035, 0.7828105688095093, -0.024364225566387177, -0.386159211397171, 0.3334922790527344, 0.8600372672080994, 0.6813715696334839, -0.5253480672836304, 0.5096492767333984),
            ["RightLowerArm"] = CFrame.new(1.1920928955078125e-07, -5.960464477539063e-08, 2.0489096641540527e-07, 1, -1.1362135410308838e-07, 4.0978189730367376e-08, 1.3969835777061235e-07, 0.06127120926976204, -0.9981211423873901, 8.102504267526456e-08, 0.9981212019920349, 0.06127133220434189),
            ["LeftHand"] = CFrame.new(0, -1.1920928955078125e-07, 4.246830940246582e-07, 0.8384256958961487, -0.07293308526277542, 0.5401138067245483, 0.10208950191736221, 0.9944812059402466, -0.024186894297599792, -0.5353691577911377, 0.07541878521442413, 0.8412443399429321),
            ["RightFoot"] = CFrame.new(5.960464477539063e-08, 2.980232238769531e-07, -3.55576048605144e-08, 0.9737557768821716, 0.18996816873550415, -0.12534700334072113, -0.22566309571266174, 0.8774846792221069, -0.42319801449775696, 0.029595835134387016, 0.4403780698776245, 0.8973247408866882),
            ["LowerTorso"] = CFrame.new(0.1291617900133133, -0.46635425090789795, -0.3723447620868683, 0.981346845626831, -0.08446276187896729, -0.1726975291967392, 0.04909193888306618, 0.978633463382721, -0.19966627657413483, 0.1858719289302826, 0.18746379017829895, 0.9645253419876099),
            ["RightLowerLeg"] = CFrame.new(5.960464477539063e-08, 1.7881393432617188e-07, 1.3580574886873364e-07, 1, -1.6391277313232422e-07, -8.940700979565008e-08, 1.341104507446289e-07, 0.19603876769542694, 0.9805960655212402, -1.1920928955078125e-07, -0.9805961847305298, 0.19603915512561798),
            ["RightUpperLeg"] = CFrame.new(-5.960464477539063e-08, -9.685754776000977e-08, -3.894820110872388e-08, 0.9076132774353027, -0.40768343210220337, -0.10016222298145294, 0.26607879996299744, 0.7431897521018982, -0.6138984560966492, 0.324715793132782, 0.5305312275886536, 0.783004641532898),
            ["LeftLowerLeg"] = CFrame.new(1.4901161193847656e-08, -2.384185791015625e-07, 1.7881393432617188e-07, 1, 1.1175870895385742e-07, 1.1920930376163597e-07, -1.4901161193847656e-07, 0.0587766095995903, 0.9982711672782898, 8.195638656616211e-08, -0.9982712268829346, 0.05877653509378433),
        }},
        {Time = 0.067, Data = {
            ["LeftFoot"] = CFrame.new(3.725290298461914e-08, 5.960464477539063e-08, 2.9802322387695312e-08, 0.946061909198761, -0.13096672296524048, 0.2963351011276245, 0.29922768473625183, 0.7038861513137817, -0.6442105174064636, -0.12421614676713943, 0.6981346607208252, 0.7051087021827698),
            ["LeftLowerArm"] = CFrame.new(-5.960464477539063e-08, -2.384185791015625e-07, 2.2351741790771484e-07, 1, -8.940695295223122e-08, 5.587935447692871e-08, -2.2351741790771484e-08, 0.7064668536186218, -0.7077460289001465, 1.1175870895385742e-08, 0.707746148109436, 0.7064670324325562),
            ["RightUpperArm"] = CFrame.new(1.1920928955078125e-07, -4.76837158203125e-07, -3.2782554626464844e-07, 0.06833098083734512, -0.9640821218490601, 0.25666457414627075, 0.8960778117179871, -0.053795285522937775, -0.4406253397464752, 0.43860629200935364, 0.26009973883628845, 0.8602165579795837),
            ["Head"] = CFrame.new(-1.30385160446167e-08, 0, -4.842877388000488e-08, 0.9881013035774231, 0.12765035033226013, 0.08579819649457932, -0.052147068083286285, 0.8028404712677002, -0.5939089059829712, -0.1446949690580368, 0.5823680758476257, 0.7999443411827087),
            ["RightHand"] = CFrame.new(8.940696716308594e-08, -1.7881393432617188e-07, -1.7881393432617188e-07, 0.4452473223209381, -0.027762027457356453, -0.8949771523475647, 0.036163490265607834, 0.9992613196372986, -0.013005804270505905, 0.8946770429611206, -0.026574917137622833, 0.4459226131439209),
            ["UpperTorso"] = CFrame.new(1.862645149230957e-08, 5.960464477539063e-08, 1.862645149230957e-08, 0.9979549646377563, 0.06330655515193939, -0.00884737353771925, -0.022268986329436302, 0.4740583896636963, 0.8802118301391602, 0.05991729721426964, -0.8782147169113159, 0.47449877858161926),
            ["HumanoidRootPart"] = CFrame.new(0, 0, 0, 1, 0, 0, 0, 1, 0, 0, 0, 1),
            ["LeftUpperLeg"] = CFrame.new(0, 9.685754776000977e-08, 8.195638656616211e-08, 0.8621565699577332, 0.4324556291103363, 0.26394781470298767, -0.31388282775878906, 0.8648730516433716, -0.3917553722858429, -0.3976981043815613, 0.25490570068359375, 0.8813962340354919),
            ["LeftUpperArm"] = CFrame.new(0, 0, -1.1920928955078125e-07, 0.5510239601135254, 0.8310011029243469, 0.07622205466032028, -0.45041152834892273, 0.2192767709493637, 0.8654751777648926, 0.7024970650672913, -0.5112287402153015, 0.4951191544532776),
            ["RightLowerArm"] = CFrame.new(2.384185791015625e-07, -1.7881393432617188e-07, -1.0803341865539551e-07, 1, -1.3038513202445756e-07, 7.450580596923828e-08, 9.266659617424011e-08, 0.08103560656309128, -0.996711254119873, 7.310882210731506e-08, 0.996711254119873, 0.08103573322296143),
            ["LeftHand"] = CFrame.new(1.1920928955078125e-07, -5.960464477539063e-08, -7.078051567077637e-08, 0.8167724013328552, -0.048632752150297165, 0.5749066472053528, 0.0780000388622284, 0.996600866317749, -0.026510044932365417, -0.5716632604598999, 0.06649523973464966, 0.8177894949913025),
            ["RightFoot"] = CFrame.new(-8.195638656616211e-08, 4.76837158203125e-07, 4.639878170564771e-08, 0.9707999229431152, 0.16647633910179138, -0.1727229505777359, -0.22543129324913025, 0.8792897462844849, -0.41955938935279846, 0.08202701061964035, 0.44624581933021545, 0.8911434412002563),
            ["LowerTorso"] = CFrame.new(0.12384301424026489, -0.4415295124053955, -0.37147626280784607, 0.9820355772972107, -0.07285936921834946, -0.174062117934227, 0.026764243841171265, 0.9669049382209778, -0.2537291944026947, 0.18678808212280273, 0.24451245367527008, 0.9514850974082947),
            ["RightLowerLeg"] = CFrame.new(5.960464477539063e-08, 2.980232238769531e-07, -2.1437153918668628e-07, 1, -1.1175869474300271e-07, -1.1175877290270364e-07, 1.4901158351676713e-07, 0.2011493444442749, 0.9795605540275574, -8.940694584680386e-08, -0.9795606136322021, 0.20114976167678833),
            ["RightUpperLeg"] = CFrame.new(5.960464477539063e-08, 1.8998980522155762e-07, 2.8107024263590574e-08, 0.9458548426628113, -0.32289695739746094, 0.03310989961028099, 0.2864045798778534, 0.7822279930114746, -0.5532557368278503, 0.15274493396282196, 0.5327823758125305, 0.8323532342910767),
            ["LeftLowerLeg"] = CFrame.new(-1.4901161193847656e-08, -2.384185791015625e-07, 5.21540641784668e-08, 1, 1.1920931797249068e-07, 8.940698137394065e-08, -7.450580596923828e-08, 0.1231275424361229, 0.9923908710479736, 7.450580596923828e-08, -0.9923909306526184, 0.12312759459018707),
        }},
        {Time = 0.083, Data = {
            ["LeftFoot"] = CFrame.new(-1.4901161193847656e-08, -5.960464477539063e-08, 1.4901161193847656e-08, 0.9377754330635071, -0.1308942437171936, 0.321626752614975, 0.31206414103507996, 0.7239120602607727, -0.615278422832489, -0.15229317545890808, 0.6773610711097717, 0.7197144031524658),
            ["LeftLowerArm"] = CFrame.new(-1.7881393432617188e-07, -2.384185791015625e-07, -1.4901161193847656e-07, 1, -7.450579886381092e-08, 1.8626449271863521e-09, 1.0803343286625022e-07, 0.655758261680603, -0.7549709677696228, 2.2351745343485163e-08, 0.7549709677696228, 0.6557583212852478),
            ["RightUpperArm"] = CFrame.new(0, 2.384185791015625e-07, -1.341104507446289e-07, -0.08510482311248779, -0.9849308133125305, 0.15056046843528748, 0.972851574420929, -0.11478075385093689, -0.20096099376678467, 0.2152140885591507, 0.12937019765377045, 0.9679598808288574),
            ["Head"] = CFrame.new(-2.9802322387695312e-08, 0, 2.2351741790771484e-08, 0.9878909587860107, 0.1334371268749237, 0.07915905117988586, -0.07286019623279572, 0.8494477272033691, -0.5226184129714966, -0.1369781643152237, 0.5105224251747131, 0.8488839864730835),
            ["RightHand"] = CFrame.new(-2.812594175338745e-07, -1.7881393432617188e-07, 1.1920928955078125e-07, 0.6403507590293884, 0.1676466166973114, -0.7495636940002441, -0.019214386120438576, 0.979080319404602, 0.20256543159484863, 0.7678422927856445, -0.11531056463718414, 0.6301758289337158),
            ["UpperTorso"] = CFrame.new(-4.656612873077393e-10, -8.940696716308594e-08, -6.146728992462158e-08, 0.9993336796760559, -0.0014709082897752523, -0.03646937757730484, 0.03346377611160278, 0.4358534514904022, 0.8993953466415405, 0.01457234751433134, -0.9000165462493896, 0.4356122314929962),
            ["HumanoidRootPart"] = CFrame.new(0, 0, 0, 1, 0, 0, 0, 1, 0, 0, 0, 1),
            ["LeftUpperLeg"] = CFrame.new(0, -2.421438694000244e-08, -1.043081283569336e-07, 0.9180803894996643, 0.3433094322681427, 0.19815929234027863, -0.2788963317871094, 0.914679765701294, -0.29253679513931274, -0.2816828787326813, 0.21330636739730835, 0.9354972839355469),
            ["LeftUpperArm"] = CFrame.new(-2.384185791015625e-07, 2.384185791015625e-07, -2.60770320892334e-07, 0.4636666774749756, 0.8664165139198303, 0.18529915809631348, -0.5336388945579529, 0.10613806545734406, 0.8390259742736816, 0.7072784900665283, -0.4879111349582672, 0.5115660429000854),
            ["RightLowerArm"] = CFrame.new(1.1920928955078125e-07, 1.7881393432617188e-07, 2.980232238769531e-07, 1, -7.706694304943085e-08, 5.681066994611683e-08, 1.0849907994270325e-07, 0.06793448328971863, -0.9976898431777954, 1.83063093572855e-07, 0.9976898431777954, 0.0679345354437828),
            ["LeftHand"] = CFrame.new(2.9802322387695312e-08, -1.7881393432617188e-07, -4.209578037261963e-07, 0.7926540970802307, -0.015574365854263306, 0.609472930431366, 0.04670320078730583, 0.9982874393463135, -0.035230137407779694, -0.607880175113678, 0.056389663368463516, 0.7920237183570862),
            ["RightFoot"] = CFrame.new(7.450580596923828e-09, 2.980232238769531e-07, -5.790934665128589e-08, 0.9692361354827881, 0.1417168378829956, -0.20124053955078125, -0.21690629422664642, 0.878227710723877, -0.42622455954551697, 0.11633191257715225, 0.4567629396915436, 0.8819494843482971),
            ["LowerTorso"] = CFrame.new(0.12018067389726639, -0.41744792461395264, -0.37245410680770874, 0.9840913414955139, -0.050736457109451294, -0.17026464641094208, -0.0025684747379273176, 0.9541928768157959, -0.29918116331100464, 0.17764471471309662, 0.2948589026927948, 0.9388826489448547),
            ["RightLowerLeg"] = CFrame.new(5.960464477539063e-08, 3.5762786865234375e-07, 1.3208045857027173e-07, 1, -1.341104365337742e-07, -1.0430819230577981e-07, 1.0430815677864302e-07, 0.19734884798526764, 0.9803333282470703, -1.0430815677864302e-07, -0.9803333282470703, 0.1973491609096527),
            ["RightUpperLeg"] = CFrame.new(-2.9802322387695312e-08, -4.842877388000488e-08, 1.3205863069742918e-08, 0.9545356631278992, -0.2412572056055069, 0.1750909835100174, 0.29714250564575195, 0.8170213103294373, -0.4941484332084656, -0.02383623644709587, 0.5237091183662415, 0.8515635132789612),
            ["LeftLowerLeg"] = CFrame.new(-4.470348358154297e-08, -5.960464477539063e-08, -1.1175870895385742e-07, 1, 7.842029248195104e-08, 4.4703490686970326e-08, -6.705522537231445e-08, 0.19376406073570251, 0.9810481667518616, 7.078051567077637e-08, -0.9810482263565063, 0.1937640756368637),
        }},
        {Time = 0.100, Data = {
            ["LeftFoot"] = CFrame.new(-2.9802322387695312e-08, -1.7881393432617188e-07, -7.450580596923828e-09, 0.9249405264854431, -0.13078618049621582, 0.3569035828113556, 0.3287149965763092, 0.7466988563537598, -0.5782622694969177, -0.19087079167366028, 0.6521777510643005, 0.7336433529853821),
            ["LeftLowerArm"] = CFrame.new(-5.960464477539063e-08, -1.1920928955078125e-07, -1.7881393432617188e-07, 1, -5.5879340266073996e-08, 7.450581485102248e-09, 8.381903171539307e-08, 0.6136309504508972, -0.7895930409431458, 3.725290298461914e-08, 0.789592981338501, 0.613631010055542),
            ["RightUpperArm"] = CFrame.new(0, 0, -4.3213367462158203e-07, -0.19092079997062683, -0.9794241786003113, 0.06540308892726898, 0.9811289310455322, -0.18832805752754211, 0.04380223900079727, -0.030583780258893967, 0.07253166288137436, 0.9968971610069275),
            ["Head"] = CFrame.new(1.4901161193847656e-08, 0, -3.241002559661865e-07, 0.9877599477767944, 0.14418984949588776, 0.05949406325817108, -0.10145321488380432, 0.8836047649383545, -0.4571104347705841, -0.1184799075126648, 0.4454796016216278, 0.8874180316925049),
            ["RightHand"] = CFrame.new(1.4901161193847656e-07, -1.1920928955078125e-07, 6.891787052154541e-08, 0.726479172706604, 0.31047606468200684, -0.6130518913269043, -0.15036886930465698, 0.9423183798789978, 0.2990404963493347, 0.6705350875854492, -0.12506258487701416, 0.7312607169151306),
            ["UpperTorso"] = CFrame.new(0, 0, 8.009374141693115e-08, 0.9959701895713806, -0.06942138820886612, -0.05678204447031021, 0.08012350648641586, 0.4042742848396301, 0.9111216068267822, -0.0402957983314991, -0.911999523639679, 0.40820738673210144),
            ["HumanoidRootPart"] = CFrame.new(0, 0, 0, 1, 0, 0, 0, 1, 0, 0, 0, 1),
            ["LeftUpperLeg"] = CFrame.new(0, -1.862645149230957e-09, -3.725290298461914e-09, 0.9590957164764404, 0.24761641025543213, 0.1371917426586151, -0.21585461497306824, 0.9532469511032104, -0.21148781478405, -0.18314550817012787, 0.1732235699892044, 0.9677042365074158),
            ["LeftUpperArm"] = CFrame.new(-1.1920928955078125e-07, 0, -4.246830940246582e-07, 0.3555700480937958, 0.8894639611244202, 0.28709572553634644, -0.6510401368141174, 0.015308862552046776, 0.7588889598846436, 0.6706092953681946, -0.4567488431930542, 0.5845200419425964),
            ["RightLowerArm"] = CFrame.new(-1.1920928955078125e-07, -1.1920928955078125e-07, 4.3958425521850586e-07, 1, -1.508742428768528e-07, 5.401671643312511e-08, 1.1548399925231934e-07, 0.08179675787687302, -0.9966491460800171, 1.2060627341270447e-07, 0.9966490268707275, 0.0817965716123581),
            ["LeftHand"] = CFrame.new(4.470348358154297e-08, -1.1920928955078125e-07, -1.2665987014770508e-07, 0.76926589012146, 0.03263714164495468, 0.6380947232246399, 0.00326353358104825, 0.9984807968139648, -0.055004559457302094, -0.6389204859733582, 0.044395703822374344, 0.7679906487464905),
            ["RightFoot"] = CFrame.new(-6.891787052154541e-08, 3.5762786865234375e-07, -2.8107024263590574e-08, 0.9659256339073181, 0.11323123425245285, -0.2327370047569275, -0.20955412089824677, 0.8699082136154175, -0.44648221135139465, 0.15190407633781433, 0.4800399839878082, 0.863994836807251),
            ["LowerTorso"] = CFrame.new(0.11783626675605774, -0.39547979831695557, -0.37533432245254517, 0.9872346520423889, -0.014411823824048042, -0.15861915051937103, -0.03914273902773857, 0.9434006810188293, -0.3293372392654419, 0.15438777208328247, 0.3313419222831726, 0.9307937026023865),
            ["RightLowerLeg"] = CFrame.new(-1.862645149230957e-08, 2.384185791015625e-07, -1.3205863069742918e-08, 1, -1.4156101713069802e-07, -8.940700979565008e-08, 1.527369164477932e-07, 0.18244031071662903, 0.9832169413566589, -1.564622067462551e-07, -0.9832170009613037, 0.1824406385421753),
            ["RightUpperLeg"] = CFrame.new(-2.9802322387695312e-08, -1.2759119272232056e-07, 4.300818545743823e-08, 0.933601975440979, -0.16470672190189362, 0.3182124197483063, 0.2994771897792816, 0.8462759256362915, -0.44060245156288147, -0.19672536849975586, 0.5066446661949158, 0.8394107818603516),
            ["LeftLowerLeg"] = CFrame.new(2.9802322387695312e-08, 5.960464477539063e-08, 9.313225746154785e-08, 1, 6.705522537231445e-08, 4.4703490686970326e-08, -8.940695295223122e-08, 0.2691422700881958, 0.9631004929542542, 4.656612162534657e-08, -0.9631004333496094, 0.269142210483551),
        }},
        {Time = 0.117, Data = {
            ["LeftFoot"] = CFrame.new(-1.1362135410308838e-07, 5.960464477539063e-08, -4.470348358154297e-08, 0.9160816073417664, -0.13295970857143402, 0.37830719351768494, 0.33579808473587036, 0.7700096964836121, -0.5425171852111816, -0.21916721761226654, 0.6240248084068298, 0.7500392198562622),
            ["LeftLowerArm"] = CFrame.new(5.960464477539063e-08, -2.384185791015625e-07, 5.21540641784668e-08, 1, -6.705521116145974e-08, 2.9802322387695312e-08, 6.705522537231445e-08, 0.5713159441947937, -0.8207303881645203, 2.60770320892334e-08, 0.8207303285598755, 0.5713158249855042),
            ["RightUpperArm"] = CFrame.new(-4.172325134277344e-07, 0, 1.341104507446289e-07, -0.2150280922651291, -0.9765611886978149, 0.009553389623761177, 0.9476041793823242, -0.20626583695411682, 0.24392782151699066, -0.23624005913734436, 0.061504192650318146, 0.9697463512420654),
            ["Head"] = CFrame.new(0, -4.76837158203125e-07, -2.654269337654114e-07, 0.9872990250587463, 0.1558055430650711, 0.031068667769432068, -0.13075225055217743, 0.9079421162605286, -0.3981770873069763, -0.09024675190448761, 0.38905754685401917, 0.9167823791503906),
            ["RightHand"] = CFrame.new(1.4901161193847656e-07, 1.1920928955078125e-07, -5.960464477539063e-08, 0.7613717913627625, 0.3965974450111389, -0.5128582715988159, -0.2514089047908783, 0.9097762703895569, 0.3303035795688629, 0.5975839495658875, -0.12254675477743149, 0.7923862338066101),
            ["UpperTorso"] = CFrame.new(-1.862645149230957e-09, -1.7881393432617188e-07, 4.284083843231201e-08, 0.9897344708442688, -0.12630285322666168, -0.06688254326581955, 0.111243337392807, 0.3870159983634949, 0.9153379201889038, -0.08972517400979996, -0.9133817553520203, 0.3970934748649597),
            ["HumanoidRootPart"] = CFrame.new(0, 0, 0, 1, 0, 0, 0, 1, 0, 0, 0, 1),
            ["LeftUpperLeg"] = CFrame.new(2.9802322387695312e-08, -3.594905138015747e-07, 2.9802322387695312e-08, 0.981282651424408, 0.1713457852602005, 0.08789250999689102, -0.15576060116291046, 0.9745925664901733, -0.16095957159996033, -0.11323916912078857, 0.14425675570964813, 0.9830397367477417),
            ["LeftUpperArm"] = CFrame.new(1.1920928955078125e-07, -3.5762786865234375e-07, -2.5331974029541016e-07, 0.2371770441532135, 0.9043725728988647, 0.35476386547088623, -0.774721622467041, -0.044253576546907425, 0.6307517886161804, 0.5861343741416931, -0.42444321513175964, 0.6901412010192871),
            ["RightLowerArm"] = CFrame.new(-2.9802322387695312e-08, -1.1920928955078125e-07, -2.682209014892578e-07, 1, -7.078050145992165e-08, 6.332993507385254e-08, 7.450580596923828e-08, 0.10567273199558258, -0.9944010376930237, 9.96515154838562e-08, 0.9944009780883789, 0.10567256808280945),
            ["LeftHand"] = CFrame.new(2.9802322387695312e-08, 1.7881393432617188e-07, 2.086162567138672e-07, 0.7303416132926941, 0.08485906571149826, 0.6777905225753784, -0.04186135530471802, 0.9959487915039062, -0.07958538085222244, -0.6817981600761414, 0.02975127100944519, 0.7309352159500122),
            ["RightFoot"] = CFrame.new(-6.705522537231445e-08, 2.980232238769531e-07, 6.129994289949536e-08, 0.9634878635406494, 0.08406978845596313, -0.25421202182769775, -0.1993350088596344, 0.8591036796569824, -0.47138741612434387, 0.17876501381397247, 0.5048497319221497, 0.844494104385376),
            ["LowerTorso"] = CFrame.new(0.11652598530054092, -0.3762829303741455, -0.37893736362457275, 0.9902521967887878, 0.025319071486592293, -0.13696549832820892, -0.0717012956738472, 0.935703456401825, -0.3454244136810303, 0.11941326409578323, 0.3518778681755066, 0.9283977746963501),
            ["RightLowerLeg"] = CFrame.new(-5.960464477539063e-08, 3.5762786865234375e-07, -8.77116690389812e-08, 1, -1.2665985593685036e-07, -1.192093463942001e-07, 1.564622067462551e-07, 0.1669302135705948, 0.9859687685966492, -1.0803343286625022e-07, -0.9859687685966492, 0.16693052649497986),
            ["RightUpperLeg"] = CFrame.new(-5.960464477539063e-08, -2.1979212760925293e-07, -9.145878721028566e-09, 0.8995234966278076, -0.11198776215314865, 0.42227524518966675, 0.2941811978816986, 0.8698645234107971, -0.3959711790084839, -0.32297825813293457, 0.48041069507598877, 0.8154082298278809),
            ["LeftLowerLeg"] = CFrame.new(2.2351741790771484e-08, -2.384185791015625e-07, 1.30385160446167e-08, 1, 8.195639367158947e-08, 6.705523247774181e-08, -7.264316082000732e-08, 0.3365834653377533, 0.9416536688804626, 5.587935447692871e-08, -0.9416537284851074, 0.3365834951400757),
        }},
        {Time = 0.133, Data = {
            ["LeftFoot"] = CFrame.new(1.1175870895385742e-08, -5.960464477539063e-08, 6.705522537231445e-08, 0.9204499125480652, -0.13551920652389526, 0.36661475896835327, 0.3232383728027344, 0.7912640571594238, -0.5190548300743103, -0.21974730491638184, 0.5962681174278259, 0.772124171257019),
            ["LeftLowerArm"] = CFrame.new(2.9802322387695312e-08, -1.7881393432617188e-07, 5.960464477539063e-08, 1, -3.725289587919178e-08, 4.470347647611561e-08, 9.685754776000977e-08, 0.5089172124862671, -0.8608154654502869, 4.470348358154297e-08, 0.8608155846595764, 0.5089171528816223),
            ["RightUpperArm"] = CFrame.new(-2.384185791015625e-07, -1.1920928955078125e-07, 2.980232238769531e-07, -0.08623380959033966, -0.9962748885154724, -0.00041476282058283687, 0.9452320337295532, -0.08194724470376968, 0.31594520807266235, -0.31480181217193604, 0.026853155344724655, 0.948777437210083),
            ["Head"] = CFrame.new(-2.0023435354232788e-08, -1.1920928955078125e-07, 2.637971192598343e-07, 0.9855760931968689, 0.1691916584968567, -0.0037549124099314213, -0.1600256711244583, 0.9245040416717529, -0.34595364332199097, -0.05506107211112976, 0.34156474471092224, 0.938244104385376),
            ["RightHand"] = CFrame.new(0, 2.384185791015625e-07, -2.1606683731079102e-07, 0.7892614603042603, 0.379393607378006, -0.4828319549560547, -0.20198458433151245, 0.9029455184936523, 0.37933090329170227, 0.5798866748809814, -0.20186658203601837, 0.7892916798591614),
            ["UpperTorso"] = CFrame.new(-1.6763806343078613e-08, 2.9802322387695312e-08, 4.284083843231201e-08, 0.9867733120918274, -0.1514056771993637, -0.05792101472616196, 0.11422861367464066, 0.3959066867828369, 0.9111584424972534, -0.11502325534820557, -0.9057231545448303, 0.40796494483947754),
            ["HumanoidRootPart"] = CFrame.new(0, 0, 0, 1, 0, 0, 0, 1, 0, 0, 0, 1),
            ["LeftUpperLeg"] = CFrame.new(-5.960464477539063e-08, -9.313225746154785e-09, 1.4528632164001465e-07, 0.9883964657783508, 0.1362227350473404, 0.06719959527254105, -0.1246723160147667, 0.9802667498588562, -0.15340782701969147, -0.08677119016647339, 0.14324988424777985, 0.9858754277229309),
            ["LeftUpperArm"] = CFrame.new(5.960464477539063e-08, -2.384185791015625e-07, 3.5390257835388184e-07, 0.1392681747674942, 0.9209294319152832, 0.3639966547489166, -0.890424907207489, -0.044377755373716354, 0.45296183228492737, 0.4332989454269409, -0.38719478249549866, 0.8138378262519836),
            ["RightLowerArm"] = CFrame.new(0, -4.76837158203125e-07, 6.705522537231445e-08, 1, -1.0989604959377175e-07, 6.519258732851085e-08, 1.0058283805847168e-07, 0.12532758712768555, -0.9921154975891113, 1.3550743460655212e-07, 0.9921154379844666, 0.12532730400562286),
            ["LeftHand"] = CFrame.new(0, 1.7881393432617188e-07, 2.384185791015625e-07, 0.6563653349876404, 0.13326458632946014, 0.7425800561904907, -0.09006612747907639, 0.9910776615142822, -0.09825091063976288, -0.7490478754043579, -0.0023925157729536295, 0.6625116467475891),
            ["RightFoot"] = CFrame.new(-7.450580596923828e-09, 1.7881393432617188e-07, -1.6931153368204832e-08, 0.9635322690010071, 0.05822490155696869, -0.26118138432502747, -0.18601632118225098, 0.8473829030990601, -0.49733254313468933, 0.19236354529857635, 0.5277803540229797, 0.8273116946220398),
            ["LowerTorso"] = CFrame.new(0.11579524725675583, -0.36099863052368164, -0.3826019763946533, 0.9934614300727844, 0.05760577321052551, -0.09856974333524704, -0.08847808092832565, 0.9341130256652832, -0.3458390533924103, 0.07215294986963272, 0.3522990345954895, 0.933102011680603),
            ["RightLowerLeg"] = CFrame.new(-5.960464477539063e-08, 1.7881393432617188e-07, 1.0600342648103833e-07, 1, -1.1920926112907182e-07, -1.415611023958263e-07, 1.4156103134155273e-07, 0.16071929037570953, 0.9870002269744873, -9.685754776000977e-08, -0.9870002269744873, 0.16071954369544983),
