return {
    ["Warm-Up"] = {
        {Time = 0.000, Data = {
            ["RightFoot"] = CFrame.new(4.470348358154297e-08, 2.980232238769531e-07, -3.55576048605144e-08, 0.9936177134513855, 0.11076439172029495, 0.021332688629627228, -0.10868282616138458, 0.9907035827636719, -0.08181989192962646, -0.03019718825817108, 0.07897905260324478, 0.9964188933372498),
            ["LeftLowerArm"] = CFrame.new(-1.4901161193847656e-07, 1.1920928955078125e-07, 8.940696716308594e-08, 1, -1.3783578367565497e-07, 1.788139627478813e-07, 1.4901162614933128e-07, -0.1938546597957611, -0.981030285358429, 5.2154071283894154e-08, 0.9810303449630737, -0.19385452568531036),
            ["RightUpperArm"] = CFrame.new(-5.960464477539063e-08, -1.1920928955078125e-07, 7.450580596923828e-09, 0.7841748595237732, -0.4214368164539337, 0.4554787278175354, 0.30978137254714966, 0.9018642902374268, 0.3011249303817749, -0.5376852750778198, -0.09503579884767532, 0.8377726674079895),
            ["Head"] = CFrame.new(1.6880221664905548e-09, -2.384185791015625e-07, 1.4842953532934189e-09, 0.9990361928939819, -0.02895115688443184, -0.03299359604716301, 0.03318915516138077, 0.9901328086853027, 0.13614563643932343, 0.0287264883518219, -0.1371094286441803, 0.9901393055915833),
            ["RightHand"] = CFrame.new(2.086162567138672e-07, 1.7881393432617188e-07, 3.650784492492676e-07, 0.6478452682495117, 0.004547556396573782, 0.76175856590271, 0.06926042586565018, 0.9954888820648193, -0.06484615057706833, -0.7586168646812439, 0.09477034211158752, 0.6446074843406677),
            ["UpperTorso"] = CFrame.new(5.820766091346741e-10, -1.4901161193847656e-07, -1.1757947504520416e-08, 0.999178946018219, 0.038392480462789536, 0.012945041991770267, -0.03988559544086456, 0.9882203340530396, 0.14774896204471588, -0.007120109163224697, -0.14814393222332, 0.9889402389526367),
            ["HumanoidRootPart"] = CFrame.new(0, 0, 0, 1, 0, 0, 0, 1, 0, 0, 0, 1),
            ["RightUpperLeg"] = CFrame.new(5.960464477539063e-08, 4.6566128730773926e-09, -7.639755494892597e-10, 0.9285479784011841, -0.24092456698417664, -0.2824074923992157, 0.13437145948410034, 0.9273257255554199, -0.3493013381958008, 0.3460390269756317, 0.2863953709602356, 0.8934398293495178),
            ["LeftUpperArm"] = CFrame.new(0, -1.1920928955078125e-07, 1.862645149230957e-08, 0.5776981711387634, 0.35900312662124634, -0.7330632209777832, -0.423240602016449, 0.8996700048446655, 0.10705596953630447, 0.6979485750198364, 0.24841637909412384, 0.6716824173927307),
            ["RightLowerArm"] = CFrame.new(-5.960464477539063e-08, -4.172325134277344e-07, -1.9371509552001953e-07, 1, -7.450576333667414e-08, 0, 1.2665987014770508e-07, -0.07848039269447327, -0.9969156980514526, 1.043081283569336e-07, 0.9969156384468079, -0.07848046720027924),
            ["LeftHand"] = CFrame.new(-1.1920928955078125e-07, -5.960464477539063e-08, -1.4901161193847656e-07, 0.7791630029678345, -0.15533125400543213, -0.6072703003883362, -0.07324626296758652, 0.939609706401825, -0.3343181908130646, 0.6225271224975586, 0.30496856570243835, 0.7207316160202026),
            ["LeftFoot"] = CFrame.new(-1.30385160446167e-08, 5.960464477539063e-08, 7.450580596923828e-09, 0.9953871369361877, -0.07343032211065292, -0.061746157705783844, 0.05782868713140488, 0.972739577293396, -0.22457459568977356, 0.07655345648527145, 0.2199675440788269, 0.9724987149238586),
            ["LowerTorso"] = CFrame.new(-0.01822960190474987, -0.06173896789550781, 0.11660178005695343, 0.999877393245697, -0.010472293011844158, 0.011644902639091015, 0.010963466949760914, 0.9990173578262329, -0.04294514283537865, -0.011183722876012325, 0.04306754097342491, 0.9990096688270569),
            ["RightLowerLeg"] = CFrame.new(-4.0978193283081055e-08, -0.0000603795051574707, -0.00007209012255771086, 1, -7.450580596923828e-08, 2.9802322387695312e-08, 7.450580596923828e-08, 0.7932494878768921, 0.6088966727256775, -5.960464477539063e-08, -0.6088968515396118, 0.7932496070861816),
            ["LeftUpperLeg"] = CFrame.new(0, -1.4435499906539917e-08, -6.05359673500061e-09, 0.9433853626251221, 0.19638605415821075, 0.2673138976097107, -0.11924999207258224, 0.9528141021728516, -0.2791503071784973, -0.30952173471450806, 0.23146913945674896, 0.9222897887229919),
            ["LeftLowerLeg"] = CFrame.new(-5.587935447692871e-08, 0.00006020069122314453, 0.00007201731204986572, 1, 3.3527616238870905e-08, 4.842877388000488e-08, -3.725290653733282e-08, 0.7577038407325745, 0.6525988578796387, 1.4901162970204496e-08, -0.6525987386703491, 0.7577036023139954),
        }},
        {Time = 0.033, Data = {
            ["RightFoot"] = CFrame.new(9.313225746154785e-09, 4.76837158203125e-07, -5.75528247281909e-09, 0.9927216172218323, 0.10766478627920151, 0.05396423116326332, -0.1018025204539299, 0.9896011352539062, -0.10161610692739487, -0.06434363126754761, 0.09538307785987854, 0.9933590292930603),
            ["LeftLowerArm"] = CFrame.new(-5.364418029785156e-07, 1.1920928955078125e-07, 2.9802322387695312e-08, 1, -2.3003673277344205e-07, 2.980232594040899e-08, 5.960463766996327e-08, -0.2034267783164978, -0.9790902733802795, 0, 0.97909015417099, -0.2034267634153366),
            ["RightUpperArm"] = CFrame.new(0, 1.1920928955078125e-07, 4.0978193283081055e-08, 0.7706453204154968, -0.4225572943687439, 0.47702327370643616, 0.2873862087726593, 0.8985540866851807, 0.3316771686077118, -0.5687837600708008, -0.11851561069488525, 0.8139036297798157),
            ["Head"] = CFrame.new(1.076841726899147e-08, -1.1920928955078125e-07, 3.934837877750397e-08, 0.9988986253738403, -0.03708464652299881, -0.02874622866511345, 0.040743667632341385, 0.9893954992294312, 0.139415442943573, 0.023271244019269943, -0.14043304324150085, 0.9898166060447693),
            ["RightHand"] = CFrame.new(-3.2782554626464844e-07, 5.960464477539063e-08, -7.450580596923828e-09, 0.619502604007721, -0.02797260507941246, 0.7844961881637573, 0.11069785058498383, 0.9924914240837097, -0.05202709883451462, -0.7771503329277039, 0.11907314509153366, 0.6179472804069519),
            ["UpperTorso"] = CFrame.new(-2.561137080192566e-09, -1.7881393432617188e-07, -4.016328603029251e-09, 0.9993187189102173, 0.03431391716003418, 0.013594663701951504, -0.03576032444834709, 0.9913204312324524, 0.12651096284389496, -0.009135585278272629, -0.12691092491149902, 0.9918721318244934),
            ["HumanoidRootPart"] = CFrame.new(0, 0, 0, 1, 0, 0, 0, 1, 0, 0, 0, 1),
            ["RightUpperLeg"] = CFrame.new(-2.9802322387695312e-08, -2.528540790081024e-07, 1.2740201782435179e-08, 0.9283311367034912, -0.2612511217594147, -0.264479398727417, 0.1394415646791458, 0.9041959643363953, -0.40371495485305786, 0.3446122109889984, 0.33790159225463867, 0.8758224248886108),
            ["LeftUpperArm"] = CFrame.new(0, -1.1920928955078125e-07, 1.0477378964424133e-08, 0.5755948424339294, 0.3530478775501251, -0.7375960350036621, -0.40095213055610657, 0.907977819442749, 0.12171083688735962, 0.7126907110214233, 0.2256847321987152, 0.6641826629638672),
            ["RightLowerArm"] = CFrame.new(2.384185791015625e-07, 5.960464477539062e-07, -8.940696716308594e-08, 1, -3.725290653733282e-08, 4.470347647611561e-08, 1.2665987014770508e-07, -0.09121433645486832, -0.995831310749054, 1.1920928955078125e-07, 0.9958313703536987, -0.09121443331241608),
            ["LeftHand"] = CFrame.new(1.7881393432617188e-07, -5.960464477539063e-08, -3.427267074584961e-07, 0.7640160918235779, -0.1317654550075531, -0.6315991282463074, -0.12352368980646133, 0.9309436678886414, -0.3436364233493805, 0.633262574672699, 0.340561181306839, 0.6949796080589294),
            ["LeftFoot"] = CFrame.new(6.705522537231445e-08, 0, 0, 0.9937963485717773, -0.07074780017137527, -0.0858118012547493, 0.049163319170475006, 0.9715588092803955, -0.23163890838623047, 0.09975914657115936, 0.22598297894001007, 0.9690096974372864),
            ["LowerTorso"] = CFrame.new(-0.015950603410601616, -0.07596325874328613, 0.11572287231683731, 0.9999714493751526, -0.0027288140263408422, 0.007056637201458216, 0.002900185761973262, 0.9996984601020813, -0.02438579685986042, -0.0069879647344350815, 0.02440556325018406, 0.9996777772903442),
            ["RightLowerLeg"] = CFrame.new(-1.4901161193847656e-08, -0.000060439109802246094, -0.00007198581442935392, 1, -9.313225746154785e-08, 7.4505797087454084e-09, 4.470347292340193e-08, 0.7539923787117004, 0.6568828225135803, -2.2351736461700966e-08, -0.6568832397460938, 0.7539926171302795),
            ["LeftUpperLeg"] = CFrame.new(5.960464477539063e-08, -1.7811544239521027e-07, -7.683411240577698e-09, 0.9328756332397461, 0.20776532590389252, 0.2942391037940979, -0.10984828323125839, 0.9420657157897949, -0.31693175435066223, -0.34303995966911316, 0.26333630084991455, 0.9016527533531189),
            ["LeftLowerLeg"] = CFrame.new(-4.0978193283081055e-08, 0.000060498714447021484, 0.00007207691669464111, 1, 5.587936158235607e-08, -3.725290742551124e-09, -6.705523247774181e-08, 0.7301588654518127, 0.6832775473594666, 2.6077035641947077e-08, -0.6832774877548218, 0.7301586866378784),
        }},
        {Time = 0.067, Data = {
            ["RightFoot"] = CFrame.new(2.9802322387695312e-08, 4.172325134277344e-07, 1.6596459317952394e-08, 0.9903653264045715, 0.1240735724568367, 0.061501212418079376, -0.10670258849859238, 0.9668007493019104, -0.2321869283914566, -0.0882677361369133, 0.22338774800300598, 0.970724880695343),
            ["LeftLowerArm"] = CFrame.new(-1.1920928955078125e-07, 1.7881393432617188e-07, 0, 1, 4.7497451305389404e-08, 1.0430811414607888e-07, 8.195638656616211e-08, -0.20275555551052094, -0.9792293906211853, 1.4156103134155273e-07, 0.9792293906211853, -0.20275554060935974),
            ["RightUpperArm"] = CFrame.new(-5.960464477539063e-08, -2.384185791015625e-07, 1.30385160446167e-08, 0.7623444199562073, -0.4256576597690582, 0.48749014735221863, 0.25604474544525146, 0.8901775479316711, 0.376862108707428, -0.5943670868873596, -0.16247940063476562, 0.7876092791557312),
            ["Head"] = CFrame.new(-1.4668330550193787e-08, -3.5762786865234375e-07, -5.878973752260208e-09, 0.9979647994041443, -0.057456739246845245, -0.027661986649036407, 0.06055288761854172, 0.9898511171340942, 0.12856243550777435, 0.019994493573904037, -0.12997569143772125, 0.9913156032562256),
            ["RightHand"] = CFrame.new(0, -1.1920928955078125e-07, -1.4901161193847656e-08, 0.609031617641449, -0.03973393142223358, 0.79215008020401, 0.1286710649728775, 0.9904638528823853, -0.04924521967768669, -0.7826392650604248, 0.1319190412759781, 0.6083364486694336),
            ["UpperTorso"] = CFrame.new(-6.984919309616089e-10, 8.940696716308594e-08, -8.36735125631094e-10, 0.9990431070327759, 0.040742550045251846, 0.015909090638160706, -0.042240750044584274, 0.9931147694587708, 0.10926484316587448, -0.011347825638949871, -0.1098322868347168, 0.9938853979110718),
            ["HumanoidRootPart"] = CFrame.new(0, 0, 0, 1, 0, 0, 0, 1, 0, 0, 0, 1),
            ["RightUpperLeg"] = CFrame.new(5.960464477539063e-08, 2.8230715543031693e-08, 9.713403414934874e-09, 0.9313962459564209, -0.2813394367694855, -0.23097458481788635, 0.14426642656326294, 0.867876410484314, -0.4753711223602295, 0.33419811725616455, 0.4094369411468506, 0.8489246964454651),
            ["LeftUpperArm"] = CFrame.new(0, -5.960464477539062e-07, -2.2941094357520342e-08, 0.5905401110649109, 0.34077852964401245, -0.7315276265144348, -0.3679817318916321, 0.9204546809196472, 0.13172850012779236, 0.7182283401489258, 0.191398024559021, 0.6689655780792236),
            ["RightLowerArm"] = CFrame.new(5.960464477539063e-08, 0, 4.470348358154297e-08, 1, -1.1920926112907182e-07, 1.4156105976326216e-07, 7.450579886381092e-08, -0.0964529737830162, -0.9953376054763794, -7.4505797087454084e-09, 0.9953375458717346, -0.09645301848649979),
            ["LeftHand"] = CFrame.new(0, 0, 2.9802322387695312e-08, 0.7505423426628113, -0.10749226063489914, -0.6520214080810547, -0.16103163361549377, 0.9271873831748962, -0.3382197320461273, 0.6409018039703369, 0.3588441014289856, 0.6785834431648254),
            ["LeftFoot"] = CFrame.new(-9.313225746154785e-09, 0, 2.9802322387695312e-08, 0.9940390586853027, -0.08746020495891571, -0.06509344279766083, 0.058169927448034286, 0.9304296970367432, -0.3618243932723999, 0.09221002459526062, 0.35588112473487854, 0.9299709796905518),
            ["LowerTorso"] = CFrame.new(-0.014432813040912151, -0.13772225379943848, 0.11585508286952972, 0.9999902844429016, -0.0008802363881841302, 0.004320386331528425, 0.0009243692620657384, 0.9999474287033081, -0.010216799564659595, -0.004311166238039732, 0.010220691561698914, 0.9999384880065918),
            ["RightLowerLeg"] = CFrame.new(2.2351741790771484e-08, -0.000060498714447021484, -0.00007209012255771086, 1, -9.313224325069314e-08, -3.3527616238870905e-08, 8.195638656616211e-08, 0.6599475741386414, 0.7513114213943481, -8.195638656616211e-08, -0.751311719417572, 0.65994793176651),
            ["LeftUpperLeg"] = CFrame.new(-5.960464477539063e-08, -1.7066486179828644e-07, -8.614733815193176e-09, 0.9323311448097229, 0.22318445146083832, 0.28451257944107056, -0.10609875619411469, 0.9210129380226135, -0.3748042583465576, -0.3456902801990509, 0.3192553222179413, 0.8823686242103577),
            ["LeftLowerLeg"] = CFrame.new(-3.725290298461914e-09, 0.000060498714447021484, 0.00007212162017822266, 1, 7.4505820180093e-08, 1.1175874448099421e-08, -7.4505820180093e-08, 0.6446778178215027, 0.7644544243812561, 4.842878453814592e-08, -0.7644544839859009, 0.6446779370307922),
        }},
        {Time = 0.100, Data = {
            ["RightFoot"] = CFrame.new(-1.3783574104309082e-07, 2.980232238769531e-07, -1.3205863069742918e-08, 0.9878022074699402, 0.1488901823759079, 0.04559218883514404, -0.11798424273729324, 0.9067330956459045, -0.4048636257648468, -0.1016203835606575, 0.3945465087890625, 0.9132397174835205),
            ["LeftLowerArm"] = CFrame.new(1.1920928955078125e-07, 1.7881393432617188e-07, 5.960464477539063e-08, 1, -5.4016709327697754e-08, 7.450580596923828e-08, 1.0803343286625022e-07, -0.1777789443731308, -0.9840704798698425, 2.2351744632942427e-07, 0.9840705394744873, -0.17777897417545319),
            ["RightUpperArm"] = CFrame.new(-5.960464477539063e-08, 0, 1.30385160446167e-08, 0.7572753429412842, -0.422364205121994, 0.4981392025947571, 0.217624232172966, 0.8823346495628357, 0.4172832667827606, -0.6157709956169128, -0.20759111642837524, 0.7600869536399841),
            ["Head"] = CFrame.new(-5.878973752260208e-09, 1.1920928955078125e-07, 4.132743924856186e-08, 0.9969099760055542, -0.07437290251255035, -0.025285249575972557, 0.07664810866117477, 0.9914235472679138, 0.10585129261016846, 0.017195943742990494, -0.10746216773986816, 0.9940605163574219),
            ["RightHand"] = CFrame.new(-8.940696716308594e-08, -5.960464477539063e-08, 1.6391277313232422e-07, 0.6037210822105408, -0.04411006346344948, 0.795974612236023, 0.13619078695774078, 0.989496648311615, -0.048461951315402985, -0.7854762673377991, 0.13766193389892578, 0.6033870577812195),
            ["UpperTorso"] = CFrame.new(2.9103830456733704e-11, 1.1920928955078125e-07, -6.173650035634637e-09, 0.9988868236541748, 0.04378923401236534, 0.01754363253712654, -0.04534868523478508, 0.9938035607337952, 0.10147905349731445, -0.012991235591471195, -0.10216165333986282, 0.994683027267456),
            ["HumanoidRootPart"] = CFrame.new(0, 0, 0, 1, 0, 0, 0, 1, 0, 0, 0, 1),
            ["RightUpperLeg"] = CFrame.new(-2.9802322387695312e-08, 7.683411240577698e-09, 1.5534169506281614e-08, 0.9348335266113281, -0.29703599214553833, -0.194566011428833, 0.15046630799770355, 0.8276848793029785, -0.5406455993652344, 0.3216305077075958, 0.4761379063129425, 0.8184414505958557),
            ["LeftUpperArm"] = CFrame.new(0, 2.384185791015625e-07, 3.608874976634979e-08, 0.609858512878418, 0.33418455719947815, -0.7186052799224854, -0.3348838686943054, 0.9304822087287903, 0.14851105213165283, 0.7182795405387878, 0.15007880330085754, 0.6793753504753113),
            ["RightLowerArm"] = CFrame.new(5.960464477539063e-08, 2.384185791015625e-07, -7.450580596923828e-08, 1, -3.352760558072987e-08, 2.9802318834981634e-08, 1.266598843585598e-07, -0.0710768848657608, -0.9974708557128906, 8.195639367158947e-08, 0.9974708557128906, -0.07107683271169662),
            ["LeftHand"] = CFrame.new(1.1920928955078125e-07, 2.384185791015625e-07, -1.4901161193847656e-07, 0.7399834990501404, -0.09260550141334534, -0.6662198901176453, -0.18156741559505463, 0.9262070655822754, -0.3304145038127899, 0.6476556062698364, 0.36546507477760315, 0.6685636639595032),
            ["LeftFoot"] = CFrame.new(-2.7939677238464355e-08, 5.960464477539063e-08, -1.4901161193847656e-08, 0.993378221988678, -0.10764332115650177, -0.040158532559871674, 0.07018673419952393, 0.8453087210655212, -0.5296478271484375, 0.09095952659845352, 0.5233221054077148, 0.8472664952278137),
            ["LowerTorso"] = CFrame.new(-0.013132496736943722, -0.22640752792358398, 0.11654435098171234, 0.9999973773956299, -0.0006357479142025113, 0.0022108114790171385, 0.0006420586141757667, 0.999995768070221, -0.002841528272256255, -0.0022089960984885693, 0.0028429366648197174, 0.9999935626983643),
            ["RightLowerLeg"] = CFrame.new(2.9802322387695312e-08, -0.00006026029586791992, -0.00007214972720248625, 1, -1.3632234185934067e-07, -3.725291186640334e-09, 1.1175872316471214e-07, 0.5397558808326721, 0.8418211340904236, -5.2154071283894154e-08, -0.8418216109275818, 0.5397565960884094),
            ["LeftUpperLeg"] = CFrame.new(0, 4.802132025361061e-08, -7.450580596923828e-09, 0.9313408136367798, 0.2430407702922821, 0.2711744010448456, -0.10743904858827591, 0.8949272632598877, -0.43308451771736145, -0.3479384779930115, 0.3742145299911499, 0.8595942854881287),
            ["LeftLowerLeg"] = CFrame.new(-7.450580596923828e-08, 0.00006085634231567383, 0.00007207691669464111, 1, 9.685756197086448e-08, 4.842878453814592e-08, -6.70552182668871e-08, 0.5305894017219543, 0.8476289510726929, 1.1175869119028903e-08, -0.8476290702819824, 0.5305895805358887),
        }},
        {Time = 0.133, Data = {
            ["RightFoot"] = CFrame.new(8.195638656616211e-08, 4.76837158203125e-07, 5.420588422566652e-09, 0.987805962562561, 0.1528846025466919, 0.029423793777823448, -0.12435120344161987, 0.8884696364402771, -0.4417670667171478, -0.09368154406547546, 0.43272173404693604, 0.8966472148895264),
            ["LeftLowerArm"] = CFrame.new(-1.4901161193847656e-07, -1.1920928955078125e-07, -8.940696716308594e-08, 1, -1.415611023958263e-07, 5.21540464148984e-08, 8.579809218645096e-08, -0.1266307234764099, -0.9919499754905701, 1.4901161193847656e-07, 0.9919500350952148, -0.12663067877292633),
            ["RightUpperArm"] = CFrame.new(0, 0, 9.313225746154785e-09, 0.7532057762145996, -0.4128718376159668, 0.5120724439620972, 0.18158529698848724, 0.8787386417388916, 0.4414128363132477, -0.6322246789932251, -0.23948977887630463, 0.7368423342704773),
            ["Head"] = CFrame.new(2.153683453798294e-09, 0, 1.2048985809087753e-08, 0.9959831833839417, -0.08696256577968597, -0.021333903074264526, 0.08840405941009521, 0.9928656816482544, 0.08001667261123657, 0.014223253354430199, -0.08158114552497864, 0.9965652823448181),
            ["RightHand"] = CFrame.new(8.940696716308594e-08, 0, 2.9802322387695312e-08, 0.6007906198501587, -0.030715176835656166, 0.7988162040710449, 0.12457839399576187, 0.9906504154205322, -0.05560421943664551, -0.7896397709846497, 0.1329219788312912, 0.5989999175071716),
            ["UpperTorso"] = CFrame.new(9.458744898438454e-11, -2.9802322387695312e-08, 5.730726115871221e-09, 0.9990077018737793, 0.04092421010136604, 0.017573703080415726, -0.042513370513916016, 0.9938364028930664, 0.1023813784122467, -0.013275512494146824, -0.10302691161632538, 0.9945899844169617),
            ["HumanoidRootPart"] = CFrame.new(0, 0, 0, 1, 0, 0, 0, 1, 0, 0, 0, 1),
            ["RightUpperLeg"] = CFrame.new(-5.960464477539063e-08, -2.3809116100892425e-07, 7.09405867382884e-09, 0.9397615790367126, -0.2988171875476837, -0.16600161790847778, 0.1530856192111969, 0.8021088242530823, -0.577223002910614, 0.30563557147979736, 0.5170393586158752, 0.7995355725288391),
            ["LeftUpperArm"] = CFrame.new(0, -2.384185791015625e-07, -8.381903171539307e-09, 0.6357524394989014, 0.3348175287246704, -0.6954972743988037, -0.30385276675224304, 0.9368343353271484, 0.17324768006801605, 0.7095719575881958, 0.10118623077869415, 0.6973298788070679),
            ["RightLowerArm"] = CFrame.new(-1.4901161193847656e-07, 1.1920928955078125e-07, 5.960464477539063e-08, 1, -4.842879164357328e-08, 1.266598985694145e-07, 1.2665987014770508e-07, -0.011629302054643631, -0.9999324679374695, 1.6763806343078613e-07, 0.9999324083328247, -0.011629420332610607),
            ["LeftHand"] = CFrame.new(0, 1.1920928955078125e-07, 9.685754776000977e-08, 0.7341369986534119, -0.09855806827545166, -0.6718107461929321, -0.17609189450740814, 0.9279227256774902, -0.32855939865112305, 0.6557703018188477, 0.3595077693462372, 0.6638666987419128),
            ["LeftFoot"] = CFrame.new(8.195638656616211e-08, -1.1920928955078125e-07, -4.470348358154297e-08, 0.993610143661499, -0.10906032472848892, -0.0290679931640625, 0.07362142950296402, 0.8214601278305054, -0.565493643283844, 0.08555112034082413, 0.5597401261329651, 0.8242403268814087),
            ["LowerTorso"] = CFrame.new(-0.01215999387204647, -0.2633175849914551, 0.11802812665700912, 0.9999995827674866, -0.0006414506351575255, 0.0006773147033527493, 0.0006421500002034009, 0.9999994039535522, -0.0009891389636322856, -0.0006766801234334707, 0.0009895721450448036, 0.9999992847442627),
            ["RightLowerLeg"] = CFrame.new(-2.2351741790771484e-08, -0.00006031990051269531, -0.00007209757313830778, 1, -1.0570511221885681e-07, -5.960465898624534e-08, 1.4901162614933128e-07, 0.46946507692337036, 0.8829507827758789, -1.1920930376163597e-07, -0.8829510807991028, 0.4694657325744629),
            ["LeftUpperLeg"] = CFrame.new(2.9802322387695312e-08, -1.7009733710438013e-07, 5.9371814131736755e-09, 0.930777370929718, 0.2552945017814636, 0.2616834342479706, -0.10786058008670807, 0.875693678855896, -0.4706663489341736, -0.34931302070617676, 0.40986019372940063, 0.8426120281219482),
            ["LeftLowerLeg"] = CFrame.new(3.725290298461914e-08, 0.000060617923736572266, 0.00007200241088867188, 1, 8.195639367158947e-08, 2.60770320892334e-08, -6.705522537231445e-08, 0.45945364236831665, 0.8882017135620117, 4.0978193283081055e-08, -0.8882018327713013, 0.4594537913799286),
        }},
        {Time = 0.167, Data = {
            ["RightFoot"] = CFrame.new(1.043081283569336e-07, 2.980232238769531e-07, -5.2321411203593016e-08, 0.9879106283187866, 0.1538032740354538, 0.01942022144794464, -0.12850768864154816, 0.8825461864471436, -0.452324777841568, -0.08670835196971893, 0.44436120986938477, 0.8916419148445129),
            ["LeftLowerArm"] = CFrame.new(-1.7881393432617188e-07, 4.172325134277344e-07, 1.341104507446289e-07, 1, -1.192093321833454e-07, 1.2107190627830278e-07, 1.0430815677864302e-07, -0.06175856292247772, -0.9980911016464233, -1.4901164746561335e-08, 0.9980912208557129, -0.06175851821899414),
            ["RightUpperArm"] = CFrame.new(1.1920928955078125e-07, 1.1920928955078125e-07, -1.4901161193847656e-08, 0.7454991936683655, -0.40328922867774963, 0.5306494235992432, 0.1508205235004425, 0.8775877356529236, 0.45507463812828064, -0.6492180824279785, -0.25922492146492004, 0.7150652408599854),
            ["Head"] = CFrame.new(5.9371814131736755e-09, 1.1920928955078125e-07, -7.275957614183426e-09, 0.9955984354019165, -0.09205755591392517, -0.017583953216671944, 0.09296613186597824, 0.9938098192214966, 0.06082239747047424, 0.01187595073133707, -0.06218932941555977, 0.9979937076568604),
            ["RightHand"] = CFrame.new(-8.940696716308594e-08, -4.76837158203125e-07, 1.9371509552001953e-07, 0.6005780696868896, -0.003810454159975052, 0.799557089805603, 0.09110144525766373, 0.9938026666641235, -0.06369352340698242, -0.7943592071533203, 0.11109399795532227, 0.5972031950950623),
            ["UpperTorso"] = CFrame.new(-2.77914580237848e-10, -2.9802322387695312e-08, 3.2651943371320158e-09, 0.9991896152496338, 0.03667190670967102, 0.016593730077147484, -0.03824736177921295, 0.9934680461883545, 0.10751074552536011, -0.012542718090116978, -0.10805828124284744, 0.9940654635429382),
            ["HumanoidRootPart"] = CFrame.new(0, 0, 0, 1, 0, 0, 0, 1, 0, 0, 0, 1),
            ["RightUpperLeg"] = CFrame.new(5.960464477539063e-08, 2.0357401808723807e-07, -1.1568772606551647e-08, 0.9428581595420837, -0.29623377323150635, -0.15252558887004852, 0.15379580855369568, 0.7930130362510681, -0.5894721746444702, 0.29557639360427856, 0.5323307514190674, 0.7932581901550293),
            ["LeftUpperArm"] = CFrame.new(0, 2.384185791015625e-07, 4.6566128730773926e-09, 0.6554113030433655, 0.33717191219329834, -0.6758338212966919, -0.2773669958114624, 0.9397480487823486, 0.1998523473739624, 0.7024980783462524, 0.0564686618745327, 0.7094419002532959),
            ["RightLowerArm"] = CFrame.new(5.960464477539063e-08, 5.960464477539063e-08, -1.2665987014770508e-07, 1, -8.195639367158947e-08, 6.332994928470725e-08, 1.7508865823856468e-07, 0.06419574469327927, -0.9979373812675476, 8.381903882082042e-08, 0.9979374408721924, 0.06419581174850464),
            ["LeftHand"] = CFrame.new(1.7881393432617188e-07, -2.384185791015625e-07, -2.2817403078079224e-08, 0.7329477071762085, -0.11933160573244095, -0.6697373986244202, -0.14683613181114197, 0.9335371255874634, -0.3270290195941925, 0.664249062538147, 0.3380363881587982, 0.6667113900184631),
            ["LeftFoot"] = CFrame.new(-3.5390257835388184e-08, 5.960464477539063e-08, 4.470348358154297e-08, 0.9938295483589172, -0.10871364921331406, -0.022005779668688774, 0.07625587284564972, 0.8137442469596863, -0.5761990547180176, 0.08054772019386292, 0.570965588092804, 0.817013144493103),
            ["LowerTorso"] = CFrame.new(-0.01136926282197237, -0.2761251926422119, 0.12018080800771713, 0.9999998211860657, -0.0006420708959922194, -2.7122715096083994e-07, 0.000642100116237998, 0.9999995231628418, -0.0007253288640640676, 7.365701435446681e-07, 0.0007253269432112575, 0.9999997615814209),
            ["RightLowerLeg"] = CFrame.new(-6.705522537231445e-08, -0.000060439109802246094, -0.0000721646283636801, 1, -1.4528625058574107e-07, -3.725290298461914e-08, 1.341104507446289e-07, 0.4447978138923645, 0.8956307768821716, -1.2665987014770508e-07, -0.8956310153007507, 0.4447983503341675),
            ["LeftUpperLeg"] = CFrame.new(0, 7.631751941516995e-08, 1.1605138183767849e-08, 0.9304046034812927, 0.2592222988605499, 0.25913530588150024, -0.10739173740148544, 0.8687524795532227, -0.48346275091171265, -0.35044875741004944, 0.42198699712753296, 0.8361296057701111),
            ["LeftLowerLeg"] = CFrame.new(7.450580596923828e-08, 0.000060558319091796875, 0.00007203221321105957, 1, 1.1175869474300271e-07, 9.313225746154785e-08, -1.1175872316471214e-07, 0.43463271856307983, 0.900607705116272, 2.6077035641947077e-08, -0.9006077647209167, 0.43463289737701416),
        }},
        {Time = 0.200, Data = {
            ["RightFoot"] = CFrame.new(2.2351741790771484e-08, 2.980232238769531e-07, -5.045876605436206e-08, 0.9889721870422363, 0.14637361466884613, 0.02255721390247345, -0.12519460916519165, 0.9076240658760071, -0.40068021416664124, -0.07912259548902512, 0.39343780279159546, 0.9159402847290039),
            ["LeftLowerArm"] = CFrame.new(-5.960464477539063e-08, 3.5762786865234375e-07, 1.043081283569336e-07, 1, -1.7881401959130017e-07, 1.1175868053214799e-07, 5.960463766996327e-08, 0.0034994089510291815, -0.9999938607215881, 1.0430811414607888e-07, 0.9999939203262329, 0.0034993430599570274),
            ["RightUpperArm"] = CFrame.new(-1.1920928955078125e-07, -2.384185791015625e-07, -2.514570951461792e-08, 0.7237836718559265, -0.3965796232223511, 0.5646784901618958, 0.12214653939008713, 0.8790549635887146, 0.4608064293861389, -0.6791298389434814, -0.26455071568489075, 0.6846864819526672),
            ["Head"] = CFrame.new(-1.7462298274040222e-10, -1.1920928955078125e-07, -6.984919309616089e-10, 0.9962702989578247, -0.08510144799947739, -0.01426074281334877, 0.08578551560640335, 0.9946566224098206, 0.057438530027866364, 0.009296444244682789, -0.05844761058688164, 0.9982471466064453),
            ["RightHand"] = CFrame.new(-4.842877388000488e-08, 5.960464477539063e-08, -2.086162567138672e-07, 0.6237068176269531, 0.03283171355724335, 0.7809687256813049, 0.031598255038261414, 0.9972418546676636, -0.06715907901525497, -0.7810195684432983, 0.0665649026632309, 0.620948851108551),
            ["UpperTorso"] = CFrame.new(5.326938889993471e-11, -5.960464477539063e-08, -7.844404237289382e-09, 0.9993853569030762, 0.03180944174528122, 0.01473724003881216, -0.033324260264635086, 0.9925044178962708, 0.117577463388443, -0.010886703617870808, -0.11799626797437668, 0.992954432964325),
            ["HumanoidRootPart"] = CFrame.new(0, 0, 0, 1, 0, 0, 0, 1, 0, 0, 0, 1),
            ["RightUpperLeg"] = CFrame.new(0, 5.989568307995796e-08, -3.1213858164846897e-09, 0.9432179927825928, -0.2868950068950653, -0.1674250364303589, 0.14927954971790314, 0.8163655996322632, -0.5579095482826233, 0.29674145579338074, 0.5012370347976685, 0.8128381371498108),
            ["LeftUpperArm"] = CFrame.new(5.960464477539063e-08, -1.1920928955078125e-07, 9.313225746154785e-10, 0.6618069410324097, 0.3415330946445465, -0.6673582196235657, -0.2578612267971039, 0.9395861625671387, 0.22513411939144135, 0.7039312124252319, 0.023090597242116928, 0.709892749786377),
            ["RightLowerArm"] = CFrame.new(-4.172325134277344e-07, -5.960464477539063e-08, 0, 1, -1.2572857599479903e-07, 2.9802322387695312e-08, 1.0244549741855735e-07, 0.13844706118106842, -0.9903698563575745, 9.499491682163352e-08, 0.9903699159622192, 0.138447105884552),
            ["LeftHand"] = CFrame.new(1.1920928955078125e-07, -1.1920928955078125e-07, 7.450580596923828e-09, 0.7349146008491516, -0.15400075912475586, -0.6604427099227905, -0.0899091586470604, 0.943152129650116, -0.31996971368789673, 0.6721733212471008, 0.2945300042629242, 0.6792899370193481),
            ["LeftFoot"] = CFrame.new(-2.2351741790771484e-08, -5.960464477539063e-08, -8.940696716308594e-08, 0.9944279789924622, -0.1032421812415123, -0.021306734532117844, 0.0766020119190216, 0.8465450406074524, -0.5267767906188965, 0.07242270559072495, 0.5222094655036926, 0.8497366905212402),
            ["LowerTorso"] = CFrame.new(-0.010368801653385162, -0.23597288131713867, 0.12275827676057816, 0.9999998211860657, -0.0006420152494683862, 5.625665266961732e-07, 0.0006420445279218256, 0.9999971985816956, -0.00229614763520658, 9.112739007832715e-07, 0.002296146471053362, 0.9999974370002747),
            ["RightLowerLeg"] = CFrame.new(-2.2351741790771484e-08, -0.000060558319091796875, -0.00007201561675174162, 1, -1.5506516604091303e-07, -6.33299421792799e-08, 1.4901158351676713e-07, 0.5113964676856995, 0.8593446016311646, -8.940694584680386e-08, -0.8593448996543884, 0.511397123336792),
            ["LeftUpperLeg"] = CFrame.new(0, 3.259629011154175e-08, 1.3944259080744814e-09, 0.9300974011421204, 0.24813106656074524, 0.2708317041397095, -0.10463611036539078, 0.8857676982879639, -0.4521802067756653, -0.3520938754081726, 0.39223286509513855, 0.8498137593269348),
            ["LeftLowerLeg"] = CFrame.new(-7.450580596923828e-08, 0.00006079673767089844, 0.00007207691669464111, 1, 7.450579886381092e-08, 7.078051567077637e-08, -9.685754776000977e-08, 0.49987727403640747, 0.8660963177680969, 3.3527612686157227e-08, -0.8660962581634521, 0.49987712502479553),
        }},
        {Time = 0.233, Data = {
            ["RightFoot"] = CFrame.new(5.21540641784668e-08, 3.5762786865234375e-07, 2.4047039914876223e-08, 0.9909771680831909, 0.13107581436634064, 0.02799186296761036, -0.11851294338703156, 0.9544641971588135, -0.2737747132778168, -0.06260262429714203, 0.2679874897003174, 0.961386501789093),
            ["LeftLowerArm"] = CFrame.new(1.1920928955078125e-07, -2.384185791015625e-07, -1.4901161193847656e-08, 1, -2.980232949312267e-08, 1.1920926112907182e-07, 1.1175870895385742e-07, 0.06805295497179031, -0.997681736946106, 5.587935447692871e-08, 0.9976817965507507, 0.06805294752120972),
            ["RightUpperArm"] = CFrame.new(-5.960464477539063e-08, 1.1920928955078125e-07, 5.681067705154419e-08, 0.7079808712005615, -0.3900972902774811, 0.5887166261672974, 0.1050885021686554, 0.8825131058692932, 0.4583960771560669, -0.6983691453933716, -0.26266828179359436, 0.6657971143722534),
            ["Head"] = CFrame.new(2.6775524020195007e-09, 1.1920928955078125e-07, 3.5943230614066124e-08, 0.997032105922699, -0.07621432840824127, -0.010885857045650482, 0.07669989764690399, 0.9955388903617859, 0.05494890734553337, 0.006649404298514128, -0.055620696395635605, 0.9984298944473267),
            ["RightHand"] = CFrame.new(0, -3.5762786865234375e-07, 2.086162567138672e-07, 0.6710779070854187, 0.08062592148780823, 0.7369900941848755, -0.04657119885087013, 0.9966903328895569, -0.06663085520267487, -0.7399227619171143, 0.010392159223556519, 0.6726112961769104),
            ["UpperTorso"] = CFrame.new(1.6372609934478533e-09, -2.9802322387695312e-08, -2.6862909674463253e-09, 0.9995320439338684, 0.027948172762989998, 0.012436339631676674, -0.029359137639403343, 0.990624725818634, 0.133419007062912, -0.008590929210186005, -0.13372166454792023, 0.9909817576408386),
            ["HumanoidRootPart"] = CFrame.new(0, 0, 0, 1, 0, 0, 0, 1, 0, 0, 0, 1),
            ["RightUpperLeg"] = CFrame.new(0, -3.64379957318306e-08, -5.1004462875425816e-09, 0.9431668519973755, -0.26221126317977905, -0.2041606456041336, 0.14052656292915344, 0.8714120984077454, -0.4699930250644684, 0.30114561319351196, 0.41459181904792786, 0.8587345480918884),
            ["LeftUpperArm"] = CFrame.new(0, -1.1920928955078125e-07, 2.9802322387695312e-08, 0.6652818322181702, 0.34497150778770447, -0.6621140837669373, -0.24624089896678925, 0.938610315322876, 0.24161110818386078, 0.7048160433769226, 0.00230027106590569, 0.70938640832901),
            ["RightLowerArm"] = CFrame.new(1.1920928955078125e-07, -2.980232238769531e-07, -2.086162567138672e-07, 1, -6.845222344509239e-08, 1.3853424718490714e-07, 1.215376386198841e-07, 0.20696081221103668, -0.9783493280410767, 1.4202674947227933e-07, 0.9783493280410767, 0.20696082711219788),
            ["LeftHand"] = CFrame.new(-5.960464477539063e-08, -5.960464477539063e-08, -1.9371509552001953e-07, 0.7382118701934814, -0.19591131806373596, -0.645493745803833, -0.014187958091497421, 0.9521771669387817, -0.3052172362804413, 0.674419641494751, 0.23447296023368835, 0.7001287937164307),
            ["LeftFoot"] = CFrame.new(6.891787052154541e-08, 1.1920928955078125e-07, -3.725290298461914e-08, 0.9953466057777405, -0.09267333149909973, -0.026400428265333176, 0.07424809783697128, 0.9122291207313538, -0.4028964340686798, 0.061421021819114685, 0.39906129240989685, 0.9148648381233215),
            ["LowerTorso"] = CFrame.new(-0.009313998743891716, -0.14634966850280762, 0.12561754882335663, 0.9999998211860657, -0.0006420023855753243, 8.566973974666325e-08, 0.000642019382212311, 0.9999793171882629, -0.006400597747415304, 0.000004023330802738201, 0.006400594487786293, 0.999979555606842),
            ["RightLowerLeg"] = CFrame.new(-2.9802322387695312e-08, -0.00006020069122314453, -0.00007214972720248625, 1, -1.471489525783909e-07, -6.705522537231445e-08, 8.195638656616211e-08, 0.6682849526405334, 0.7439049482345581, -7.450580596923828e-08, -0.7439054250717163, 0.6682854890823364),
            ["LeftUpperLeg"] = CFrame.new(8.940696716308594e-08, 7.162452675402164e-08, -9.89796689054856e-10, 0.9290847778320312, 0.21861234307289124, 0.2983459234237671, -0.10032086074352264, 0.9253385663032532, -0.36562883853912354, -0.3560020327568054, 0.309769868850708, 0.8816492557525635),
            ["LeftLowerLeg"] = CFrame.new(-1.1175870895385742e-07, 0.00006079673767089844, 0.00007204711437225342, 1, 5.960464477539063e-08, 3.725290742551124e-09, -5.960465188081798e-08, 0.655329167842865, 0.7553434371948242, 2.980232594040899e-08, -0.7553434371948242, 0.6553292870521545),
        }},
        {Time = 0.267, Data = {
            ["RightFoot"] = CFrame.new(-2.9802322387695312e-08, 4.172325134277344e-07, 1.6596459317952394e-08, 0.9925311803817749, 0.11897903680801392, 0.026941316202282906, -0.11278937757015228, 0.97915118932724, -0.16894252598285675, -0.04648031294345856, 0.16464239358901978, 0.9852577447891235),
            ["LeftLowerArm"] = CFrame.new(-1.7881393432617188e-07, -2.384185791015625e-07, 2.384185791015625e-07, 1, -9.685756907629184e-08, 1.341104365337742e-07, 7.450580596923828e-08, 0.13006004691123962, -0.9915062189102173, 5.587935447692871e-08, 0.9915061593055725, 0.13005992770195007),
            ["RightUpperArm"] = CFrame.new(-5.960464477539063e-08, -1.1920928955078125e-07, 3.259629011154175e-08, 0.7144643068313599, -0.38136380910873413, 0.586602509021759, 0.10673347115516663, 0.8879902362823486, 0.4473046660423279, -0.6914830207824707, -0.25697311758995056, 0.6751416325569153),
            ["Head"] = CFrame.new(3.4924596548080444e-09, -2.384185791015625e-07, 2.820161171257496e-08, 0.9976711869239807, -0.06783431768417358, -0.007131896913051605, 0.06810186058282852, 0.9964887499809265, 0.0487070195376873, 0.0038028499111533165, -0.049079202115535736, 0.9987876415252686),
            ["RightHand"] = CFrame.new(-1.5273690223693848e-07, 5.960464477539063e-08, -1.4901161193847656e-07, 0.7155735492706299, 0.12347184121608734, 0.6875385046005249, -0.12713932991027832, 0.990835428237915, -0.045616064220666885, -0.686869740486145, -0.05477122589945793, 0.7247137427330017),
            ["UpperTorso"] = CFrame.new(1.2300915841478854e-10, -1.7881393432617188e-07, 2.2493578555327076e-08, 0.9996504187583923, 0.02470013126730919, 0.009432799182832241, -0.025840315967798233, 0.9882401823997498, 0.15071076154708862, -0.00559929758310318, -0.15090179443359375, 0.9885329008102417),
            ["HumanoidRootPart"] = CFrame.new(0, 0, 0, 1, 0, 0, 0, 1, 0, 0, 0, 1),
            ["RightUpperLeg"] = CFrame.new(0, -1.7404090613126755e-08, 6.254413165152073e-08, 0.9424089193344116, -0.24147900938987732, -0.23141591250896454, 0.13453713059425354, 0.9071522951126099, -0.3987162113189697, 0.306210994720459, 0.3446195721626282, 0.8873962759971619),
            ["LeftUpperArm"] = CFrame.new(0, -3.5762786865234375e-07, 1.1175870895385742e-08, 0.663761556148529, 0.34832563996315, -0.6618836522102356, -0.24359861016273499, 0.937364935874939, 0.24901144206523895, 0.7071635723114014, -0.0040500955656170845, 0.707038402557373),
            ["RightLowerArm"] = CFrame.new(-3.2782554626464844e-07, 6.556510925292969e-07, -5.960464477539063e-08, 1, -8.66129994392395e-08, 4.4703494239684005e-08, 6.891787762697277e-08, 0.26933610439300537, -0.9630463123321533, 6.984920020158825e-08, 0.9630463123321533, 0.26933616399765015),
            ["LeftHand"] = CFrame.new(2.9802322387695312e-08, -2.384185791015625e-07, -2.2351741790771484e-07, 0.7442734837532043, -0.23262958228588104, -0.626051664352417, 0.07004997879266739, 0.9593985080718994, -0.27321726083755493, 0.6641913056373596, 0.15949341654777527, 0.7303503155708313),
            ["LeftFoot"] = CFrame.new(-9.313225746154785e-09, 1.1920928955078125e-07, 0, 0.9959302544593811, -0.08482883870601654, -0.030447158962488174, 0.07183101773262024, 0.9511265158653259, -0.300331175327301, 0.054435934871435165, 0.2969217896461487, 0.9533489346504211),
            ["LowerTorso"] = CFrame.new(-0.008083638735115528, -0.08787846565246582, 0.12880288064479828, 0.9999998211860657, -0.0006420451682060957, 2.0593297733739746e-07, 0.0006420278805308044, 0.9999227523803711, -0.012414313852787018, 0.000007764610927551985, 0.012414309196174145, 0.9999229907989502),
