return {
    ["Waterworks"] = {
        {Time = 0.000, Data = {
            ["RightFoot"] = CFrame.new(-8.195638656616211e-08, 2.980232238769531e-07, 9.145878721028566e-09, 0.9921209216117859, 0.125161811709404, 0.005532534793019295, -0.1123325303196907, 0.9082440733909607, -0.4030809998512268, -0.055475134402513504, 0.39928361773490906, 0.915147602558136),
            ["LeftLowerArm"] = CFrame.new(0, -4.172325134277344e-07, -7.450580596923828e-09, 1, -6.705516852889559e-08, 1.0803332628483986e-07, 5.0291401265667446e-08, -0.4924713373184204, -0.8703287243843079, 1.4156097449813387e-07, 0.8703286647796631, -0.4924713373184204),
            ["RightUpperArm"] = CFrame.new(0, -2.384185791015625e-07, -1.1920928955078125e-07, 0.6887951493263245, 0.4915023148059845, 0.5329040288925171, 0.08001022785902023, 0.6790547370910645, -0.7297143936157227, -0.7205273509025574, 0.545261561870575, 0.42840445041656494),
            ["Head"] = CFrame.new(-1.4901161193847656e-08, 0, -7.003545761108398e-07, 0.9827358722686768, 0.18494413793087006, -0.005087323486804962, -0.18339964747428894, 0.977416455745697, 0.10498428344726562, 0.02438870444893837, -0.10223875939846039, 0.994460940361023),
            ["RightHand"] = CFrame.new(-2.5331974029541016e-07, 1.7881393432617188e-07, 0, 0.7823631763458252, -0.16976039111614227, -0.5992406010627747, 0.21452216804027557, 0.9767132997512817, 0.003382578492164612, 0.5847119688987732, -0.1311967968940735, 0.8005619049072266),
            ["UpperTorso"] = CFrame.new(-8.265487849712372e-09, 2.384185791015625e-07, 1.4901161193847656e-08, 0.9985608458518982, -0.02338220737874508, -0.04826667904853821, 0.05170389264822006, 0.6588408350944519, 0.750503420829773, 0.014251641929149628, -0.7519189119338989, 0.6591017246246338),
            ["HumanoidRootPart"] = CFrame.new(0, 0, 0, 1, 0, 0, 0, 1, 0, 0, 0, 1),
            ["RightUpperLeg"] = CFrame.new(1.7881393432617188e-07, 1.3504177331924438e-07, 3.55576048605144e-08, 0.9820995926856995, -0.18340808153152466, -0.04291875287890434, 0.14213798940181732, 0.8711088299751282, -0.4700704514980316, 0.12360158562660217, 0.45555564761161804, 0.881584882736206),
            ["LeftUpperArm"] = CFrame.new(5.960464477539063e-08, 0, -2.980232238769531e-07, 0.5366105437278748, -0.3242933452129364, -0.7790268659591675, -0.2788006365299225, 0.8032209873199463, -0.526408851146698, 0.7964416742324829, 0.4996699094772339, 0.34060364961624146),
            ["RightLowerArm"] = CFrame.new(-5.960464477539062e-07, -5.364418029785156e-07, 6.705522537231445e-08, 1, -5.2154071283894154e-08, 1.7136336794010276e-07, 1.0803339023368608e-07, -0.5305569171905518, -0.8476493954658508, 1.5273685960437433e-07, 0.8476494550704956, -0.5305569171905518),
            ["LeftHand"] = CFrame.new(4.363246262073517e-07, -2.384185791015625e-07, -8.940696716308594e-08, 0.6919751763343811, 0.5411731004714966, 0.4778096675872803, -0.4542207419872284, 0.8408068418502808, -0.29449495673179626, -0.5611184239387512, -0.01324779074639082, 0.8276296257972717),
            ["LeftFoot"] = CFrame.new(1.1920928955078125e-07, -5.960464477539063e-08, 4.0978193283081055e-08, 0.9978137612342834, -0.0615154393017292, -0.02416101098060608, 0.0629158690571785, 0.9960750341415405, 0.062259916216135025, 0.020236141979694366, -0.06364379078149796, 0.9977675676345825),
            ["LowerTorso"] = CFrame.new(-0.1736099272966385, -0.22131800651550293, 0.18879225850105286, 0.8759410977363586, -0.039926569908857346, -0.48076313734054565, -0.0005590199143625796, 0.9964845776557922, -0.08377489447593689, 0.48241791129112244, 0.07365062087774277, 0.8728393912315369),
            ["RightLowerLeg"] = CFrame.new(-7.450580596923828e-09, -0.000003933906555175781, -0.000013334843970369548, 1, 1.266598985694145e-07, 3.72529100900465e-08, -9.685756197086448e-08, 0.5547216534614563, 0.8320359587669373, 7.450581485102248e-09, -0.832036018371582, 0.5547217130661011),
            ["LeftUpperLeg"] = CFrame.new(-5.960464477539063e-08, 3.096647560596466e-08, 6.705522537231445e-08, 0.9347654581069946, 0.30001142621040344, 0.1902809888124466, -0.1299884021282196, 0.7872897982597351, -0.6027254462242126, -0.33063068985939026, 0.5386726260185242, 0.7749291658401489),
            ["LeftLowerLeg"] = CFrame.new(-2.2351741790771484e-08, 0.000003993511199951172, 0.000013239681720733643, 1, -7.264315371457997e-08, 2.095475259977775e-08, -3.725290742551124e-09, 0.7895691990852356, 0.6136617660522461, 1.4901162970204496e-08, -0.6136614680290222, 0.789569079875946),
        }},
        {Time = 0.033, Data = {
            ["RightFoot"] = CFrame.new(2.2351741790771484e-08, 2.384185791015625e-07, -2.0656443666666746e-08, 0.992097795009613, 0.12530015408992767, 0.0064656394533813, -0.1108742281794548, 0.8996667861938477, -0.4222634434700012, -0.05872684717178345, 0.4182100296020508, 0.9064502120018005),
            ["LeftLowerArm"] = CFrame.new(-5.960464477539063e-08, 9.5367431640625e-07, -7.450580596923828e-08, 1, -8.940692453052179e-08, 1.2665984172599565e-07, 1.862644793959589e-08, -0.46949493885040283, -0.8829351663589478, 1.3411042232291948e-07, 0.8829352259635925, -0.46949502825737),
            ["RightUpperArm"] = CFrame.new(2.384185791015625e-07, -3.5762786865234375e-07, 2.5331974029541016e-07, 0.6966407895088196, 0.5298635363578796, 0.48366957902908325, 0.042414333671331406, 0.6425811052322388, -0.7650428414344788, -0.71616530418396, 0.5534746646881104, 0.42517438530921936),
            ["Head"] = CFrame.new(-6.332993507385254e-08, -2.384185791015625e-07, -1.9371509552001953e-07, 0.9828378558158875, 0.18308588862419128, -0.022570237517356873, -0.18174980580806732, 0.9820009469985962, 0.05139295756816864, 0.03157328441739082, -0.046408846974372864, 0.9984234571456909),
            ["RightHand"] = CFrame.new(-1.4901161193847656e-08, -1.1920928955078125e-07, 1.1920928955078125e-07, 0.8278962969779968, -0.11890391260385513, -0.5481330156326294, 0.2076546549797058, 0.9728052020072937, 0.10261404514312744, 0.5210253596305847, -0.19877606630325317, 0.8300726413726807),
            ["UpperTorso"] = CFrame.new(-1.862645149230957e-08, 5.960464477539063e-08, 7.450580596923828e-09, 0.9983342885971069, -0.03187043219804764, -0.04809192940592766, 0.05718863382935524, 0.6567108035087585, 0.7519710659980774, 0.007616833783686161, -0.7534687519073486, 0.6574395895004272),
            ["HumanoidRootPart"] = CFrame.new(0, 0, 0, 1, 0, 0, 0, 1, 0, 0, 0, 1),
            ["RightUpperLeg"] = CFrame.new(1.1920928955078125e-07, -4.4284388422966003e-07, 1.6221747500821948e-07, 0.9800969362258911, -0.19643665850162506, -0.02868230640888214, 0.15599414706230164, 0.851427435874939, -0.5007365345954895, 0.12278402596712112, 0.4862961173057556, 0.8651244640350342),
            ["LeftUpperArm"] = CFrame.new(-1.1920928955078125e-07, -2.384185791015625e-07, -2.2351741790771484e-07, 0.5560246706008911, -0.3562330901622772, -0.7509558200836182, -0.2725881040096283, 0.7753708362579346, -0.5696452856063843, 0.7851957678794861, 0.521438479423523, 0.3340204060077667),
            ["RightLowerArm"] = CFrame.new(-1.4901161193847656e-07, -8.344650268554688e-07, 4.6566128730773926e-08, 1, -8.940700979565008e-08, 1.713634105726669e-07, 8.568168397005138e-08, -0.5456188321113586, -0.8380335569381714, 1.2572856178394431e-07, 0.8380334377288818, -0.5456188321113586),
            ["LeftHand"] = CFrame.new(-3.213062882423401e-08, -4.172325134277344e-07, 3.241002559661865e-07, 0.722145140171051, 0.48796209692955017, 0.4903055727481842, -0.3952864408493042, 0.8727678656578064, -0.28639984130859375, -0.5676752328872681, 0.0130112050101161, 0.8231498599052429),
            ["LeftFoot"] = CFrame.new(4.0978193283081055e-08, -5.960464477539063e-08, -1.4901161193847656e-08, 0.9976416230201721, -0.06384596973657608, -0.025200650095939636, 0.06509101390838623, 0.9965161085128784, 0.05214187502861023, 0.02178361639380455, -0.05365905538201332, 0.9983217716217041),
            ["LowerTorso"] = CFrame.new(-0.16915708780288696, -0.2372889518737793, 0.18979331851005554, 0.8759154677391052, -0.02644227258861065, -0.48173952102661133, -0.015280991792678833, 0.9964755773544312, -0.08248012512922287, 0.48222264647483826, 0.07960706949234009, 0.8724242448806763),
            ["RightLowerLeg"] = CFrame.new(3.725290298461914e-09, -0.0000037550926208496094, -0.00001337954745395109, 1, -3.725289445810631e-07, -6.705523958316917e-08, 2.9057261485831987e-07, 0.5024686455726624, 0.8645952939987183, -1.1920927533992653e-07, -0.8645954728126526, 0.5024688839912415),
            ["LeftUpperLeg"] = CFrame.new(-1.7881393432617188e-07, -3.4924596548080444e-08, 0, 0.9365081191062927, 0.2941912114620209, 0.1907988041639328, -0.12063321471214294, 0.7812353372573853, -0.6124697327613831, -0.3292417824268341, 0.5505660772323608, 0.7671223282814026),
            ["LeftLowerLeg"] = CFrame.new(6.705522537231445e-08, 0.0000037550926208496094, 0.000013418495655059814, 1, 1.8253918199206964e-07, 8.614734525735912e-08, -1.6950069436916237e-07, 0.7737843990325928, 0.633449137210846, 9.685753354915505e-08, -0.6334490776062012, 0.7737844586372375),
        }},
        {Time = 0.067, Data = {
            ["RightFoot"] = CFrame.new(-4.470348358154297e-08, 2.384185791015625e-07, -2.0656443666666746e-08, 0.9924666285514832, 0.12234019488096237, 0.006548879202455282, -0.10735315829515457, 0.8941555023193359, -0.43469685316085815, -0.05903695151209831, 0.4307190179824829, 0.9005531072616577),
            ["LeftLowerArm"] = CFrame.new(2.086162567138672e-07, 5.364418029785156e-07, -1.4901161193847656e-07, 1, -4.470347292340193e-08, 1.4156103134155273e-07, 9.313225746154785e-08, -0.4712204039096832, -0.8820155262947083, 1.341104507446289e-07, 0.8820154666900635, -0.4712204337120056),
            ["RightUpperArm"] = CFrame.new(3.5762786865234375e-07, -2.384185791015625e-07, 7.450580596923828e-08, 0.6930959820747375, 0.4984244406223297, 0.5207600593566895, 0.06693928688764572, 0.6748050451278687, -0.7349539399147034, -0.7177305817604065, 0.5442530512809753, 0.4343405067920685),
            ["Head"] = CFrame.new(9.313225746154785e-09, -3.5762786865234375e-07, -1.1920928955078125e-07, 0.9840176105499268, 0.17589901387691498, -0.02772999182343483, -0.17468324303627014, 0.9837515950202942, 0.04145686700940132, 0.03457161411643028, -0.03595036640763283, 0.9987554550170898),
            ["RightHand"] = CFrame.new(-3.203749656677246e-07, 1.1920928955078125e-07, -1.1920928955078125e-07, 0.8280438184738159, -0.1555817425251007, -0.5386443734169006, 0.2319130301475525, 0.9697302579879761, 0.07641728967428207, 0.5104507207870483, -0.18819546699523926, 0.8390606641769409),
            ["UpperTorso"] = CFrame.new(3.725290298461914e-08, 2.980232238769531e-07, 2.2351741790771484e-08, 0.9987457394599915, -0.022519266232848167, -0.04471977427601814, 0.048418041318655014, 0.6618856191635132, 0.7480396032333374, 0.012754090130329132, -0.7492665648460388, 0.6621457934379578),
            ["HumanoidRootPart"] = CFrame.new(0, 0, 0, 1, 0, 0, 0, 1, 0, 0, 0, 1),
            ["RightUpperLeg"] = CFrame.new(1.7881393432617188e-07, -2.1047890186309814e-07, 2.0656443666666746e-08, 0.980411946773529, -0.1948564201593399, -0.02869478240609169, 0.14983314275741577, 0.8324379920959473, -0.5334760546684265, 0.12783829867839813, 0.5187273025512695, 0.8453283905982971),
            ["LeftUpperArm"] = CFrame.new(0, 2.384185791015625e-07, -2.2351741790771484e-07, 0.5671288967132568, -0.3339906632900238, -0.7528712749481201, -0.26856884360313416, 0.7891373038291931, -0.5523887276649475, 0.7786114811897278, 0.5154733061790466, 0.35784295201301575),
            ["RightLowerArm"] = CFrame.new(6.556510925292969e-07, -0.0000010132789611816406, 2.3096799850463867e-07, 1, -8.195639367158947e-08, 1.6391281576488836e-07, 6.332992796842518e-08, -0.5577904582023621, -0.829981803894043, 1.5646217832454568e-07, 0.8299818634986877, -0.5577904582023621),
            ["LeftHand"] = CFrame.new(2.1047890186309814e-07, 0, 7.078051567077637e-08, 0.7294164299964905, 0.4848692715167999, 0.4825488328933716, -0.3739612102508545, 0.8733071088790894, -0.31223011016845703, -0.5728041529655457, 0.047291334718465805, 0.8183269500732422),
            ["LeftFoot"] = CFrame.new(-3.5390257835388184e-08, 5.960464477539063e-08, -1.126900315284729e-07, 0.9971987009048462, -0.0694744735956192, -0.027715550735592842, 0.07053821533918381, 0.9967288970947266, 0.03944427892565727, 0.024884428828954697, -0.0412885807454586, 0.9988373517990112),
            ["LowerTorso"] = CFrame.new(-0.1599397510290146, -0.24931955337524414, 0.18957161903381348, 0.8767824769020081, -0.015237159095704556, -0.4806458055973053, -0.01529648620635271, 0.998108446598053, -0.059544943273067474, 0.48064395785331726, 0.059560153633356094, 0.8748908638954163),
            ["RightLowerLeg"] = CFrame.new(4.470348358154297e-08, -0.0000033974647521972656, -0.000013446602679323405, 1, -4.4703489265884855e-07, -2.1234161806660268e-07, 3.2782554626464844e-07, 0.4726572334766388, 0.8812462687492371, -2.980232238769531e-07, -0.8812463879585266, 0.47265753149986267),
            ["LeftUpperLeg"] = CFrame.new(-5.960464477539063e-08, 3.075692802667618e-07, 1.1175870895385742e-08, 0.9364654421806335, 0.3018128573894501, 0.17872217297554016, -0.11998578161001205, 0.7544274926185608, -0.6453235149383545, -0.3295998275279999, 0.5828791260719299, 0.7427085638046265),
            ["LeftLowerLeg"] = CFrame.new(-1.862645149230957e-07, 0.0000036954879760742188, 0.00001341104507446289, 1, -1.266598985694145e-07, -7.078052277620372e-08, 5.587936158235607e-08, 0.7511647343635559, 0.6601144671440125, -7.450581485102248e-09, -0.6601148247718811, 0.7511650323867798),
        }},
        {Time = 0.100, Data = {
            ["RightFoot"] = CFrame.new(2.60770320892334e-08, 1.7881393432617188e-07, -2.8107024263590574e-08, 0.9929720759391785, 0.11819274723529816, 0.006081061437726021, -0.10335078090429306, 0.8910233378410339, -0.4420362412929535, -0.057663921266794205, 0.43830132484436035, 0.8969767093658447),
            ["LeftLowerArm"] = CFrame.new(-5.364418029785156e-07, -5.960464477539063e-08, 1.30385160446167e-08, 1, -1.043080928297968e-07, 1.415610029198433e-07, 6.146727571376687e-08, -0.482880562543869, -0.8756861686706543, 1.2293455142753373e-07, 0.8756862878799438, -0.482880562543869),
            ["RightUpperArm"] = CFrame.new(-1.1920928955078125e-07, -7.152557373046875e-07, 2.9802322387695312e-08, 0.6797179579734802, 0.43716591596603394, 0.5889562368392944, 0.1157192811369896, 0.7289960980415344, -0.6746658086776733, -0.7242876291275024, 0.5267359614372253, 0.44492319226264954),
            ["Head"] = CFrame.new(-3.725290298461914e-08, -1.1920928955078125e-07, -8.344650268554688e-07, 0.985586941242218, 0.1668836623430252, -0.027715809643268585, -0.16528156399726868, 0.9848472476005554, 0.05251777917146683, 0.0360601544380188, -0.04717998951673508, 0.9982354044914246),
            ["RightHand"] = CFrame.new(-3.5762786865234375e-07, -5.960464477539063e-08, -4.172325134277344e-07, 0.8185189962387085, -0.2319570630788803, -0.5255687832832336, 0.28694599866867065, 0.9576401114463806, 0.024239134043455124, 0.4976832866668701, -0.17065007984638214, 0.850405752658844),
            ["UpperTorso"] = CFrame.new(2.421438694000244e-08, 4.172325134277344e-07, 0, 0.9991616606712341, -0.006676519755274057, -0.04039137810468674, 0.034500833600759506, 0.6684507727622986, 0.7429558038711548, 0.02203937992453575, -0.7437264323234558, 0.6681207418441772),
            ["HumanoidRootPart"] = CFrame.new(0, 0, 0, 1, 0, 0, 0, 1, 0, 0, 0, 1),
            ["RightUpperLeg"] = CFrame.new(1.1920928955078125e-07, -1.7473939806222916e-07, 6.16346369497478e-08, 0.9816150665283203, -0.18768058717250824, -0.03475360572338104, 0.13651655614376068, 0.8175962567329407, -0.5593740940093994, 0.13339820504188538, 0.5443458557128906, 0.8281864523887634),
            ["LeftUpperArm"] = CFrame.new(-2.384185791015625e-07, 0, -2.682209014892578e-07, 0.5688319802284241, -0.2966366112232208, -0.7670964002609253, -0.2735920250415802, 0.8113269805908203, -0.516619861125946, 0.7756144404411316, 0.5037413239479065, 0.38035133481025696),
            ["RightLowerArm"] = CFrame.new(-3.5762786865234375e-07, -0.0000011920928955078125, -1.341104507446289e-07, 1, -9.685758328714655e-08, 1.7136335372924805e-07, 7.63684582238966e-08, -0.573728621006012, -0.8190454840660095, 1.4528633585086936e-07, 0.8190455436706543, -0.573728621006012),
            ["LeftHand"] = CFrame.new(6.51925802230835e-09, -1.1920928955078125e-07, 1.564621925354004e-07, 0.7259696125984192, 0.503967821598053, 0.46795785427093506, -0.3716069161891937, 0.8600121140480042, -0.34969618916511536, -0.5786851048469543, 0.0799725279211998, 0.8116205930709839),
            ["LeftFoot"] = CFrame.new(-2.0489096641540527e-08, 0, 3.259629011154175e-08, 0.996694803237915, -0.07537351548671722, -0.03030671924352646, 0.07627107203006744, 0.9966464638710022, 0.029640216380357742, 0.02797091379761696, -0.03185392916202545, 0.9991011619567871),
            ["LowerTorso"] = CFrame.new(-0.14989112317562103, -0.255748987197876, 0.18872106075286865, 0.877791702747345, -0.006313875783234835, -0.4790010452270508, -0.009934419766068459, 0.9994581937789917, -0.031379491090774536, 0.47893959283828735, 0.03230324760079384, 0.8772534132003784),
            ["RightLowerLeg"] = CFrame.new(6.705522537231445e-08, -0.000003993511199951172, -0.000013271514035295695, 1, -7.450584149637507e-08, -1.4901175404702371e-07, 1.4156105976326216e-07, 0.4608123302459717, 0.8874973058700562, -8.940698847936801e-08, -0.8874976634979248, 0.4608129858970642),
            ["LeftUpperLeg"] = CFrame.new(-1.1920928955078125e-07, 2.4063047021627426e-07, -2.60770320892334e-08, 0.9354966282844543, 0.3123401999473572, 0.1651962846517563, -0.12233714759349823, 0.7249360680580139, -0.6778653860092163, -0.33148112893104553, 0.6139311194419861, 0.7163859605789185),
            ["LeftLowerLeg"] = CFrame.new(-2.2351741790771484e-08, 0.000003635883331298828, 0.000013202428817749023, 1, 5.83939254283905e-07, 4.4703490686970326e-08, -3.483146713278984e-07, 0.7332594990730286, 0.6799485087394714, 1.1175872316471214e-07, -0.6799489855766296, 0.7332597970962524),
        }},
        {Time = 0.133, Data = {
            ["RightFoot"] = CFrame.new(6.891787052154541e-08, 4.172325134277344e-07, 1.1345400707796216e-07, 0.9934253692626953, 0.11436975747346878, 0.005060081835836172, -0.10040316730737686, 0.8916430473327637, -0.4414651095867157, -0.05500202625989914, 0.43805500864982605, 0.8972641229629517),
            ["LeftLowerArm"] = CFrame.new(-2.086162567138672e-07, 5.960464477539062e-07, -2.9802322387695312e-08, 1, -5.2154039309471045e-08, 1.5273684539351962e-07, 1.0617075929530984e-07, -0.5121034383773804, -0.8589237928390503, 1.3969837198146706e-07, 0.8589237332344055, -0.5121034383773804),
            ["RightUpperArm"] = CFrame.new(2.384185791015625e-07, -2.384185791015625e-07, -1.862645149230957e-07, 0.6525124311447144, 0.38189074397087097, 0.6545127630233765, 0.14384745061397552, 0.7855982780456543, -0.6017835140228271, -0.7439996600151062, 0.4868212342262268, 0.4576786458492279),
            ["Head"] = CFrame.new(4.0978193283081055e-08, -5.960464477539062e-07, -2.2351741790771484e-07, 0.9867079257965088, 0.1610819548368454, -0.021448248997330666, -0.15730567276477814, 0.9799056649208069, 0.1226373016834259, 0.04077190160751343, -0.11763326823711395, 0.9922198057174683),
            ["RightHand"] = CFrame.new(2.9802322387695312e-08, 1.7881393432617188e-07, -2.086162567138672e-07, 0.7892580032348633, -0.31877198815345764, -0.5248393416404724, 0.36226987838745117, 0.9318325519561768, -0.02118299901485443, 0.4958149194717407, -0.17341463267803192, 0.8509377241134644),
            ["UpperTorso"] = CFrame.new(-4.6566128730773926e-09, 5.960464477539063e-08, -9.313225746154785e-09, 0.9993080496788025, 0.0049600559286773205, -0.0368623249232769, 0.02393130026757717, 0.6729427576065063, 0.7393074631690979, 0.0284732673317194, -0.7396780252456665, 0.6723583340644836),
            ["HumanoidRootPart"] = CFrame.new(0, 0, 0, 1, 0, 0, 0, 1, 0, 0, 0, 1),
            ["RightUpperLeg"] = CFrame.new(5.960464477539063e-08, -1.9484286895021796e-07, 8.584902388975024e-08, 0.9825825095176697, -0.18106621503829956, -0.04179411381483078, 0.126113623380661, 0.8149406313896179, -0.5656566023826599, 0.13648100197315216, 0.5505332946777344, 0.8235811591148376),
            ["LeftUpperArm"] = CFrame.new(1.7881393432617188e-07, -4.76837158203125e-07, 7.450580596923828e-08, 0.5518881678581238, -0.265903115272522, -0.7903891801834106, -0.2705193758010864, 0.8394606709480286, -0.47130149602890015, 0.7888211607933044, 0.4739212691783905, 0.3913564085960388),
            ["RightLowerArm"] = CFrame.new(-1.1920928955078125e-07, -8.344650268554688e-07, -1.4901161193847656e-08, 1, -6.705523958316917e-08, 1.3411046495548362e-07, 7.31088150018877e-08, -0.5908745527267456, -0.8067635297775269, 1.341104365337742e-07, 0.8067634105682373, -0.5908745527267456),
            ["LeftHand"] = CFrame.new(-1.4528632164001465e-07, 5.960464477539063e-08, -1.7881393432617188e-07, 0.6855961084365845, 0.5605766773223877, 0.464447557926178, -0.4302617907524109, 0.8266642689704895, -0.36263081431388855, -0.5872246623039246, 0.0487842820584774, 0.8079527020454407),
            ["LeftFoot"] = CFrame.new(6.705522537231445e-08, -1.1920928955078125e-07, 2.7939677238464355e-09, 0.9964529275894165, -0.07819455862045288, -0.031101657077670097, 0.07915228605270386, 0.9963849186897278, 0.030857600271701813, 0.028576407581567764, -0.033209677785634995, 0.999039888381958),
            ["LowerTorso"] = CFrame.new(-0.14299380779266357, -0.25020408630371094, 0.18696719408035278, 0.8781830668449402, 0.00015788209566380829, -0.47832465171813965, -0.005879631731659174, 0.9999279975891113, -0.010464697144925594, 0.47828853130340576, 0.012002293951809406, 0.8781207203865051),
            ["RightLowerLeg"] = CFrame.new(7.450580596923828e-09, -0.000003993511199951172, -0.00001328268990619108, 1, -4.2468303718123934e-07, -1.080334541825323e-07, 3.129244134925102e-07, 0.47568953037261963, 0.8796127438545227, -1.6391278734317893e-07, -0.8796132802963257, 0.47569042444229126),
            ["LeftUpperLeg"] = CFrame.new(-1.1920928955078125e-07, -3.8559664972126484e-07, 5.587935447692871e-08, 0.9342938661575317, 0.3165258765220642, 0.16403210163116455, -0.1218905821442604, 0.7160019874572754, -0.6873746514320374, -0.33501914143562317, 0.6222158670425415, 0.7075376510620117),
            ["LeftLowerLeg"] = CFrame.new(8.195638656616211e-08, 0.0000040531158447265625, 0.000013247132301330566, 1, 1.6484413833950384e-07, 3.9581220079298873e-08, -1.657754324924099e-07, 0.7405182123184204, 0.6720361709594727, 2.980232594040899e-08, -0.672036349773407, 0.7405184507369995),
        }},
        {Time = 0.167, Data = {
            ["RightFoot"] = CFrame.new(-6.891787052154541e-08, 2.384185791015625e-07, 9.145878721028566e-09, 0.9938295483589172, 0.11084850877523422, 0.003930355422198772, -0.09792549163103104, 0.8935063481330872, -0.43824294209480286, -0.05209052935242653, 0.4351542294025421, 0.8988479971885681),
            ["LeftLowerArm"] = CFrame.new(2.384185791015625e-07, 4.76837158203125e-07, -9.313225746154785e-08, 1, -1.0058281674218961e-07, 1.2293457984924316e-07, 4.330650327233343e-08, -0.5406063199043274, -0.8412757515907288, 1.4156104555240745e-07, 0.8412758111953735, -0.5406062006950378),
            ["RightUpperArm"] = CFrame.new(1.1920928955078125e-07, -1.1920928955078125e-07, -5.21540641784668e-08, 0.621979832649231, 0.3520951271057129, 0.6994068622589111, 0.15352188050746918, 0.8210331201553345, -0.549850583076477, -0.7678359746932983, 0.44937026500701904, 0.4566117823123932),
            ["Head"] = CFrame.new(0, -4.76837158203125e-07, -5.662441253662109e-07, 0.9872576594352722, 0.15833206474781036, -0.015916693955659866, -0.15282301604747772, 0.9712542295455933, 0.18251153826713562, 0.044356569647789, -0.17775344848632812, 0.9830749034881592),
            ["RightHand"] = CFrame.new(-1.4901161193847656e-07, 1.7881393432617188e-07, -3.5762786865234375e-07, 0.7671077847480774, -0.37788456678390503, -0.5184100270271301, 0.4169979393482208, 0.9078084230422974, -0.04468348249793053, 0.48750215768814087, -0.18189895153045654, 0.8539639711380005),
            ["UpperTorso"] = CFrame.new(-2.421438694000244e-08, 2.682209014892578e-07, -2.7939677238464355e-09, 0.9993467330932617, 0.011039837263524532, -0.03441445901989937, 0.017932012677192688, 0.6752799153327942, 0.7373436093330383, 0.03137956187129021, -0.7374789714813232, 0.6746407747268677),
            ["HumanoidRootPart"] = CFrame.new(0, 0, 0, 1, 0, 0, 0, 1, 0, 0, 0, 1),
            ["RightUpperLeg"] = CFrame.new(5.960464477539063e-08, -1.1903466656804085e-07, 1.0494113666936755e-07, 0.9833774566650391, -0.17517979443073273, -0.04775851592421532, 0.11850138008594513, 0.8184771537780762, -0.5621858835220337, 0.13757312297821045, 0.5471811890602112, 0.8256308436393738),
            ["LeftUpperArm"] = CFrame.new(-2.384185791015625e-07, -2.384185791015625e-07, -4.470348358154297e-07, 0.5281893610954285, -0.24349680542945862, -0.8134649991989136, -0.2710336148738861, 0.8595432639122009, -0.4332737326622009, 0.804709255695343, 0.44932693243026733, 0.3880057632923126),
            ["RightLowerArm"] = CFrame.new(0, -6.556510925292969e-07, -4.0978193283081055e-08, 1, -8.195642919872625e-08, 1.0430815677864302e-07, 5.774201383701438e-08, -0.60553377866745, -0.7958196997642517, 1.1920931797249068e-07, 0.7958196401596069, -0.6055337190628052),
            ["LeftHand"] = CFrame.new(9.313225746154785e-09, -2.384185791015625e-07, -1.043081283569336e-07, 0.6472031474113464, 0.6097286939620972, 0.4575575590133667, -0.48974496126174927, 0.7925326228141785, -0.36337611079216003, -0.5841900110244751, 0.011091724969446659, 0.8115411400794983),
            ["LeftFoot"] = CFrame.new(-5.960464477539063e-08, 0, -1.1175870895385742e-08, 0.9963082075119019, -0.0799485296010971, -0.03127644583582878, 0.08105812966823578, 0.9960601329803467, 0.03597201406955719, 0.02827713079750538, -0.03837474063038826, 0.9988633394241333),
            ["LowerTorso"] = CFrame.new(-0.13746607303619385, -0.24061989784240723, 0.184764564037323, 0.8781086802482605, 0.004522623959928751, -0.47843998670578003, -0.003191325580701232, 0.9999884366989136, 0.003595521906390786, 0.4784507751464844, -0.0016304012387990952, 0.8781129121780396),
            ["RightLowerLeg"] = CFrame.new(5.587935447692871e-08, -0.0000036954879760742188, -0.000013252887583803385, 1, -2.9802318834981634e-08, -1.1175877290270364e-07, -3.725290653733282e-08, 0.49897855520248413, 0.866614043712616, 0, -0.8666143417358398, 0.4989791512489319),
            ["LeftUpperLeg"] = CFrame.new(2.9802322387695312e-08, -1.762164174579084e-07, -8.568167686462402e-08, 0.9329981803894043, 0.31813958287239075, 0.16823092103004456, -0.12090542912483215, 0.7173850536346436, -0.6861054301261902, -0.33896371722221375, 0.6197950839996338, 0.7077836394309998),
            ["LeftLowerLeg"] = CFrame.new(-1.4156103134155273e-07, 0.0000036954879760742188, 0.000013232231140136719, 1, -6.705521116145974e-08, 1.5366821060069924e-07, -1.2107190805465962e-08, 0.7558857202529907, 0.6547033786773682, 1.713633110966839e-07, -0.6547036170959473, 0.7558859586715698),
        }},
        {Time = 0.200, Data = {
            ["RightFoot"] = CFrame.new(2.421438694000244e-08, 4.172325134277344e-07, -5.75528247281909e-09, 0.9941549897193909, 0.10792338848114014, 0.002916080644354224, -0.09590011835098267, 0.8951641321182251, -0.43529823422431946, -0.04958917945623398, 0.43247416615486145, 0.9002816081047058),
            ["LeftLowerArm"] = CFrame.new(1.4901161193847656e-07, 0.0000013709068298339844, 5.960464477539063e-08, 1, -6.332989954671575e-08, 1.5273681697181019e-07, 1.0873187505922033e-07, -0.5420450568199158, -0.8403494954109192, 1.285224726643719e-07, 0.8403494358062744, -0.5420450568199158),
            ["RightUpperArm"] = CFrame.new(1.1920928955078125e-07, -1.1920928955078125e-07, -8.195638656616211e-08, 0.6095462441444397, 0.373808354139328, 0.6990855932235718, 0.13802435994148254, 0.8183369040489197, -0.557919442653656, -0.7806425094604492, 0.43656861782073975, 0.4472194314002991),
            ["Head"] = CFrame.new(-8.381903171539307e-08, -1.1920928955078125e-07, -4.172325134277344e-07, 0.9865117073059082, 0.16304442286491394, -0.014531140215694904, -0.15731479227542877, 0.9688777327537537, 0.191123366355896, 0.045240484178066254, -0.1862594187259674, 0.9814584851264954),
            ["RightHand"] = CFrame.new(-6.705522537231445e-08, 4.76837158203125e-07, -2.384185791015625e-07, 0.7730522155761719, -0.37594252824783325, -0.5109379291534424, 0.4251788556575775, 0.9048305749893188, -0.02246611751616001, 0.4707581400871277, -0.19987256824970245, 0.859324038028717),
            ["UpperTorso"] = CFrame.new(-8.381903171539307e-09, 1.4901161193847656e-07, -2.7474015951156616e-08, 0.9993959069252014, 0.003760633058845997, -0.03454999998211861, 0.02305642142891884, 0.6721144318580627, 0.7400882244110107, 0.026004722341895103, -0.7404376864433289, 0.6716218590736389),
            ["HumanoidRootPart"] = CFrame.new(0, 0, 0, 1, 0, 0, 0, 1, 0, 0, 0, 1),
            ["RightUpperLeg"] = CFrame.new(5.960464477539063e-08, -1.196240191347897e-07, 1.3671524357050657e-08, 0.9837453365325928, -0.1726558655500412, -0.04934638366103172, 0.11785425245761871, 0.828126847743988, -0.5480110049247742, 0.135482519865036, 0.533287763595581, 0.8350143432617188),
            ["LeftUpperArm"] = CFrame.new(5.960464477539063e-08, 1.1920928955078125e-07, 0, 0.5128312110900879, -0.24495817720890045, -0.8227998614311218, -0.2813144624233246, 0.8575596809387207, -0.4306431710720062, 0.8110896348953247, 0.4523129165172577, 0.3708730638027191),
            ["RightLowerArm"] = CFrame.new(-2.682209014892578e-07, -5.364418029785156e-07, -1.1175870895385742e-08, 1, -5.960463766996327e-08, 2.0116560506266978e-07, 6.332991375757047e-08, -0.6101938486099243, -0.792252242565155, 1.4621758737121127e-07, 0.7922521233558655, -0.6101937890052795),
            ["LeftHand"] = CFrame.new(-1.0291114449501038e-07, 0, -3.0547380447387695e-07, 0.6383803486824036, 0.6213366389274597, 0.45432522892951965, -0.5086326599121094, 0.7835370302200317, -0.35687917470932007, -0.5777226686477661, -0.0032599351834505796, 0.816226601600647),
            ["LeftFoot"] = CFrame.new(-6.705522537231445e-08, 1.7881393432617188e-07, 4.0978193283081055e-08, 0.9961077570915222, -0.08226244896650314, -0.031660810112953186, 0.08365010470151901, 0.9954636096954346, 0.04533086717128754, 0.02778809890151024, -0.047802746295928955, 0.9984702467918396),
            ["LowerTorso"] = CFrame.new(-0.13286416232585907, -0.23000741004943848, 0.1825515627861023, 0.8772972822189331, 0.005787715781480074, -0.47991257905960083, -0.004982766695320606, 0.9999832510948181, 0.002951060887426138, 0.4799216389656067, -0.00019766492187045515, 0.8773113489151001),
            ["RightLowerLeg"] = CFrame.new(-1.9371509552001953e-07, -0.0000035762786865234375, -0.000013193282939027995, 1, -4.917384330838104e-07, -2.4959453526207653e-07, 3.8743036157029564e-07, 0.5206883549690247, 0.853746771812439, -3.27825716794905e-07, -0.8537468910217285, 0.520688533782959),
            ["LeftUpperLeg"] = CFrame.new(-2.384185791015625e-07, -1.5053046809043735e-07, 3.166496753692627e-08, 0.9316874146461487, 0.3160814940929413, 0.17902830243110657, -0.11998170614242554, 0.7329385280609131, -0.6696309447288513, -0.34287455677986145, 0.6024065613746643, 0.720793604850769),
            ["LeftLowerLeg"] = CFrame.new(2.2351741790771484e-08, 0.0000037550926208496094, 0.00001341104507446289, 1, -4.842879164357328e-08, 2.281741373622026e-08, -5.5413714505903044e-08, 0.7764161825180054, 0.6302199363708496, -2.2351748896198842e-08, -0.6302205920219421, 0.7764167189598083),
        }},
        {Time = 0.233, Data = {
            ["RightFoot"] = CFrame.new(-7.450580596923828e-09, 3.5762786865234375e-07, -2.8107024263590574e-08, 0.9943476319313049, 0.1061491146683693, 0.002277104649692774, -0.09458398073911667, 0.895350456237793, -0.43520259857177734, -0.04823538288474083, 0.4325275421142578, 0.9003296494483948),
            ["LeftLowerArm"] = CFrame.new(-5.960464477539063e-08, 4.76837158203125e-07, -8.195638656616211e-08, 1, -6.705521116145974e-08, 1.527368311826649e-07, 4.5169151974278066e-08, -0.528247594833374, -0.8490903377532959, 1.303851746570217e-07, 0.8490904569625854, -0.528247594833374),
            ["RightUpperArm"] = CFrame.new(-1.1920928955078125e-07, 1.1920928955078125e-07, -2.2351741790771484e-07, 0.6117278933525085, 0.4175132215023041, 0.6719165444374084, 0.10803362727165222, 0.7973288297653198, -0.5937976241111755, -0.7836567163467407, 0.43583211302757263, 0.44264259934425354),
            ["Head"] = CFrame.new(0, -3.5762786865234375e-07, -5.066394805908203e-07, 0.9850453734397888, 0.1718125194311142, -0.012891584075987339, -0.1661783903837204, 0.9671699404716492, 0.19226840138435364, 0.04550240933895111, -0.1872507929801941, 0.9812577962875366),
            ["RightHand"] = CFrame.new(-3.5390257835388184e-07, -1.7881393432617188e-07, -5.066394805908203e-07, 0.779761791229248, -0.3479495942592621, -0.5204830765724182, 0.4159644544124603, 0.9092516899108887, 0.015330815687775612, 0.46791574358940125, -0.22845697402954102, 0.8537344336509705),
            ["UpperTorso"] = CFrame.new(-7.450580596923828e-09, 1.1920928955078125e-07, -9.313225746154785e-10, 0.9992974400520325, -0.010277139954268932, -0.03604218736290932, 0.03374045342206955, 0.6653622388839722, 0.7457578182220459, 0.01631684973835945, -0.7464499473571777, 0.6652414798736572),
            ["HumanoidRootPart"] = CFrame.new(0, 0, 0, 1, 0, 0, 0, 1, 0, 0, 0, 1),
            ["RightUpperLeg"] = CFrame.new(2.384185791015625e-07, -3.100140020251274e-07, 6.070331437513232e-08, 0.9838007092475891, -0.17298780381679535, -0.047025538980960846, 0.12157832086086273, 0.8366247415542603, -0.5341141819953918, 0.13173818588256836, 0.5197445154190063, 0.8441035151481628),
            ["LeftUpperArm"] = CFrame.new(0, 0, -2.2351741790771484e-07, 0.5105965733528137, -0.2618258595466614, -0.8189861178398132, -0.289745569229126, 0.844401478767395, -0.4505927860736847, 0.8095299601554871, 0.4673687815666199, 0.3552855849266052),
            ["RightLowerArm"] = CFrame.new(5.960464477539063e-08, 3.5762786865234375e-07, 4.470348358154297e-08, 1, -8.940696716308594e-08, 1.1175869474300271e-07, 7.543710012214433e-08, -0.6062009930610657, -0.7953115701675415, 1.452862647965958e-07, 0.7953115701675415, -0.6062009930610657),
            ["LeftHand"] = CFrame.new(3.2223761081695557e-07, -1.1920928955078125e-07, 1.564621925354004e-07, 0.62889564037323, 0.6183778047561646, 0.47127392888069153, -0.5144319534301758, 0.785450279712677, -0.34413328766822815, -0.582966685295105, -0.026014363393187523, 0.8120795488357544),
            ["LeftFoot"] = CFrame.new(1.1175870895385742e-08, -2.384185791015625e-07, 7.450580596923828e-08, 0.9958510398864746, -0.08508145809173584, -0.03228026255965233, 0.08667435497045517, 0.9948962926864624, 0.05166216194629669, 0.027719911187887192, -0.05424576997756958, 0.9981427788734436),
            ["LowerTorso"] = CFrame.new(-0.12915650010108948, -0.2234337329864502, 0.1801026165485382, 0.8760428428649902, 0.00561958784237504, -0.4822007715702057, -0.009210131131112576, 0.9999446868896484, -0.005079193972051144, 0.48214560747146606, 0.008890722878277302, 0.8760460019111633),
            ["RightLowerLeg"] = CFrame.new(-7.450580596923828e-09, -0.0000035762786865234375, -0.000013275239325594157, 1, -3.4272667903678666e-07, -1.3038520307873114e-07, 2.756714536644722e-07, 0.5310608148574829, 0.8473333716392517, -1.7508862981685525e-07, -0.8473337888717651, 0.5310613512992859),
            ["LeftUpperLeg"] = CFrame.new(-1.7881393432617188e-07, -1.50932464748621e-07, 1.7695128917694092e-08, 0.9305323362350464, 0.31308043003082275, 0.18997497856616974, -0.11960071325302124, 0.7501266002655029, -0.6503888964653015, -0.3461292088031769, 0.5824867486953735, 0.7354617118835449),
            ["LeftLowerLeg"] = CFrame.new(-1.4901161193847656e-07, 0.000003874301910400391, 0.000013217329978942871, 1, 1.7788259754070168e-07, 6.798653373607522e-08, -1.9371512394172896e-07, 0.7912619113922119, 0.6114770770072937, 1.1175872316471214e-07, -0.6114773154258728, 0.791262149810791),
        }},
        {Time = 0.267, Data = {
            ["RightFoot"] = CFrame.new(1.862645149230957e-08, 2.980232238769531e-07, 6.129994289949536e-08, 0.9943608045578003, 0.1060275137424469, 0.002224590629339218, -0.09416157752275467, 0.8923395872116089, -0.44143345952033997, -0.048789165914058685, 0.4387349486351013, 0.8972913026809692),
            ["LeftLowerArm"] = CFrame.new(-7.450580596923828e-07, 9.5367431640625e-07, -6.705522537231445e-08, 1, -6.332989954671575e-08, 1.4156096028727916e-07, 5.867331509534779e-08, -0.4952131509780884, -0.868771493434906, 1.4156101713069802e-07, 0.868771493434906, -0.495213121175766),
            ["RightUpperArm"] = CFrame.new(2.384185791015625e-07, -2.384185791015625e-07, -3.129243850708008e-07, 0.6281935572624207, 0.4862896502017975, 0.6073674559593201, 0.059108950197696686, 0.7485370635986328, -0.6604531407356262, -0.7758086919784546, 0.4507935047149658, 0.4414820969104767),
            ["Head"] = CFrame.new(-4.842877388000488e-08, 1.1920928955078125e-07, -6.854534149169922e-07, 0.9829025268554688, 0.18347716331481934, -0.015453597530722618, -0.17895828187465668, 0.9716877937316895, 0.15426254272460938, 0.043319687247276306, -0.14885945618152618, 0.9879090189933777),
            ["RightHand"] = CFrame.new(-1.8998980522155762e-07, 1.1920928955078125e-07, -2.980232238769531e-07, 0.8089257478713989, -0.271196186542511, -0.5216240286827087, 0.35841864347457886, 0.9307876825332642, 0.07190614193677902, 0.4660205841064453, -0.24512650072574615, 0.8501399159431458),
            ["UpperTorso"] = CFrame.new(-1.4901161193847656e-08, 4.172325134277344e-07, 1.1175870895385742e-08, 0.9987632632255554, -0.03054153546690941, -0.03923305869102478, 0.049653634428977966, 0.6532718539237976, 0.7554935216903687, 0.0025559505447745323, -0.7565072178840637, 0.6539803743362427),
            ["HumanoidRootPart"] = CFrame.new(0, 0, 0, 1, 0, 0, 0, 1, 0, 0, 0, 1),
            ["RightUpperLeg"] = CFrame.new(1.1920928955078125e-07, -1.621665433049202e-07, 3.183231456205249e-08, 0.9834054708480835, -0.17720262706279755, -0.03889713063836098, 0.13068772852420807, 0.8406369090080261, -0.5255950689315796, 0.12583526968955994, 0.5117897987365723, 0.8498452305793762),
            ["LeftUpperArm"] = CFrame.new(1.1920928955078125e-07, -1.1920928955078125e-07, -4.6193599700927734e-07, 0.5262781977653503, -0.2954012155532837, -0.7973514795303345, -0.2938385009765625, 0.8167675733566284, -0.49653756618499756, 0.7979286909103394, 0.49560949206352234, 0.34304675459861755),
            ["RightLowerArm"] = CFrame.new(-3.5762786865234375e-07, -8.940696716308594e-07, 7.450580596923828e-08, 1, -4.4703494239684005e-08, 1.4156105976326216e-07, 7.30506144464016e-08, -0.5895595550537109, -0.8077250123023987, 1.4156103134155273e-07, 0.8077249526977539, -0.5895594358444214),
            ["LeftHand"] = CFrame.new(4.6566128730773926e-08, 1.1920928955078125e-07, 5.960464477539063e-08, 0.6497398018836975, 0.5796834826469421, 0.49173715710639954, -0.47963809967041016, 0.8144949078559875, -0.3264126479625702, -0.5897334218025208, -0.023772453889250755, 0.8072479963302612),
            ["LeftFoot"] = CFrame.new(-2.2351741790771484e-08, 1.1920928955078125e-07, -1.4901161193847656e-08, 0.9956061244010925, -0.08765579760074615, -0.032937854528427124, 0.08920947462320328, 0.9948016405105591, 0.04910594969987869, 0.028462141752243042, -0.051828689873218536, 0.9982503652572632),
