return {
    ["Wavey Motion"] = {
        {Time = 0.000, Data = {
            ["RightFoot"] = CFrame.new(0, 4.76837158203125e-07, 2.4047039914876223e-08, 0.9784309267997742, 0.095411516726017, -0.1832205057144165, -0.15928354859352112, 0.9132179617881775, -0.37504842877388, 0.13153621554374695, 0.39614349603652954, 0.9087182879447937),
            ["LeftLowerArm"] = CFrame.new(3.8743019104003906e-07, -2.384185791015625e-07, -1.1082738637924194e-07, 1, -1.1175870895385742e-08, 7.450580596923828e-09, 4.470348358154297e-08, 0.9465810060501099, -0.32246625423431396, -4.6566128730773926e-08, 0.3224662244319916, 0.9465810060501099),
            ["RightUpperArm"] = CFrame.new(1.1920928955078125e-07, 0, 1.6228295862674713e-07, -0.09667687118053436, -0.9680853486061096, -0.23122373223304749, 0.817656397819519, 0.05521712824702263, -0.5730524659156799, 0.5675312280654907, -0.24446241557598114, 0.7862229347229004),
            ["Head"] = CFrame.new(1.043081283569336e-07, 1.1920928955078125e-07, -2.9802322387695312e-08, 0.8919047713279724, 0.440706342458725, -0.10140964388847351, -0.34528037905693054, 0.8084573745727539, 0.47663211822509766, 0.2920401990413666, -0.39009562134742737, 0.8732341527938843),
            ["RightHand"] = CFrame.new(6.705522537231445e-08, -5.960464477539063e-08, -8.195638656616211e-08, 0.6964946389198303, 0.44749724864959717, -0.5609291195869446, -0.3812624514102936, 0.8930296897888184, 0.23903363943099976, 0.607893168926239, 0.04737549275159836, 0.7926042675971985),
            ["UpperTorso"] = CFrame.new(-1.6763806343078613e-08, 1.7881393432617188e-07, -2.421438694000244e-08, 0.9817153811454773, -0.003098935354501009, -0.19032993912696838, -0.05344199389219284, 0.9551672339439392, -0.2912038266658783, 0.18269933760166168, 0.29605087637901306, 0.9375365972518921),
            ["HumanoidRootPart"] = CFrame.new(0, 0, 0, 1, 0, 0, 0, 1, 0, 0, 0, 1),
            ["RightUpperLeg"] = CFrame.new(0, -5.234032869338989e-07, -6.036862032487988e-08, 0.9786413311958313, 0.20067238807678223, -0.044630467891693115, -0.1901971995830536, 0.8014496564865112, -0.5670130252838135, -0.07801477611064911, 0.5633907318115234, 0.8224989771842957),
            ["LeftUpperArm"] = CFrame.new(-1.1920928955078125e-07, -3.5762786865234375e-07, 1.4901161193847656e-08, 0.8634127974510193, 0.4705919921398163, -0.18182870745658875, -0.3855576813220978, 0.8479502201080322, 0.3637661635875702, 0.32536715269088745, -0.24397487938404083, 0.9135713577270508),
            ["RightLowerArm"] = CFrame.new(1.7881393432617188e-07, 4.76837158203125e-07, -2.384185791015625e-07, 1, -1.4901161193847656e-07, 1.4901161193847656e-07, 9.685754776000977e-08, -0.5652490258216858, -0.8249203562736511, 1.341104507446289e-07, 0.8249203562736511, -0.5652490258216858),
            ["LeftHand"] = CFrame.new(-2.980232238769531e-07, -1.1920928955078125e-07, -2.9802322387695312e-08, 0.9875189661979675, 0.10875051468610764, -0.11392907053232193, -0.09205075353384018, 0.985463559627533, 0.142788365483284, 0.12780115008354187, -0.130518838763237, 0.9831743240356445),
            ["LeftFoot"] = CFrame.new(-8.940696716308594e-08, -1.1920928955078125e-07, -1.4901161193847656e-08, 0.9866672158241272, -0.09888149052858353, 0.12926775217056274, 0.1467832773923874, 0.8837464451789856, -0.44435012340545654, -0.07030238956212997, 0.45739996433258057, 0.8864777684211731),
            ["LowerTorso"] = CFrame.new(-0.26754623651504517, -0.3600795269012451, 0.07121346145868301, 0.8940585851669312, -0.2349071055650711, -0.3814156949520111, 0.2572396397590637, 0.9663158059120178, 0.007846671156585217, 0.36672475934028625, -0.10513060539960861, 0.9243703484535217),
            ["RightLowerLeg"] = CFrame.new(0, -0.00012260675430297852, -0.00007727572665316984, 1, -1.5273685960437433e-07, -1.3597309589385986e-07, 1.1175870895385742e-07, 0.5337401628494263, 0.8456482887268066, -1.043081283569336e-07, -0.8456485271453857, 0.5337405800819397),
            ["LeftUpperLeg"] = CFrame.new(-5.960464477539063e-08, -1.8440186977386475e-07, -2.0489096641540527e-08, 0.7599391937255859, 0.6458519101142883, -0.07326851040124893, -0.6410459280014038, 0.7260604500770569, -0.2487892359495163, -0.10748342424631119, 0.236033096909523, 0.9657824039459229),
            ["LeftLowerLeg"] = CFrame.new(2.2351741790771484e-07, 0.00012260675430297852, 0.00007727742195129395, 1, 1.1920927533992653e-07, 1.1920926112907182e-07, -1.7136333951839333e-07, 0.22149910032749176, 0.9751605987548828, 5.960463766996327e-08, -0.9751606583595276, 0.22149896621704102),
        }},
        {Time = 0.033, Data = {
            ["RightFoot"] = CFrame.new(-4.190951585769653e-08, 3.5762786865234375e-07, -7.281050784513354e-08, 0.9817151427268982, 0.06253792345523834, -0.17979037761688232, -0.13068771362304688, 0.9081572890281677, -0.3977065980434418, 0.1384062021970749, 0.4139314591884613, 0.8997248411178589),
            ["LeftLowerArm"] = CFrame.new(0, 4.172325134277344e-07, 1.4901161193847656e-08, 1, -3.9115551686563776e-08, -3.725290653733282e-08, 2.2351747119842003e-08, 0.945242702960968, -0.3263684809207916, 3.725291186640334e-09, 0.32636845111846924, 0.9452426433563232),
            ["RightUpperArm"] = CFrame.new(-5.960464477539063e-08, -1.1920928955078125e-07, 4.284083843231201e-08, -0.07726333290338516, -0.9775698781013489, -0.19592735171318054, 0.7616333365440369, 0.06894204020500183, -0.6443305015563965, 0.6433857679367065, -0.19900789856910706, 0.739223062992096),
            ["Head"] = CFrame.new(-1.4901161193847656e-08, -1.1920928955078125e-07, -8.940696716308594e-08, 0.9131906032562256, 0.40452101826667786, -0.049454472959041595, -0.33354559540748596, 0.8116034269332886, 0.47963234782218933, 0.23415881395339966, -0.42150038480758667, 0.8760748505592346),
            ["RightHand"] = CFrame.new(5.587935447692871e-08, 3.5762786865234375e-07, -3.241002559661865e-07, 0.638468325138092, 0.46283313632011414, -0.6149339079856873, -0.4289027750492096, 0.8773807287216187, 0.21504756808280945, 0.6390622854232788, 0.12644577026367188, 0.7586902976036072),
            ["UpperTorso"] = CFrame.new(-4.190951585769653e-08, -2.9802322387695312e-08, 4.190951585769653e-09, 0.982882022857666, 0.0005720928893424571, -0.18423554301261902, -0.05582679063081741, 0.953905463218689, -0.2948693633079529, 0.17557457089424133, 0.30010709166526794, 0.9376083016395569),
            ["HumanoidRootPart"] = CFrame.new(0, 0, 0, 1, 0, 0, 0, 1, 0, 0, 0, 1),
            ["RightUpperLeg"] = CFrame.new(1.1920928955078125e-07, 4.284083843231201e-08, -1.6952981241047382e-09, 0.973177969455719, 0.2288484126329422, -0.023518254980444908, -0.20269541442394257, 0.804602861404419, -0.5581477284431458, -0.10880855470895767, 0.5479440093040466, 0.8294082283973694),
            ["LeftUpperArm"] = CFrame.new(-4.76837158203125e-07, 1.1920928955078125e-07, 1.4901161193847656e-07, 0.8493285775184631, 0.44730085134506226, -0.28029072284698486, -0.28885558247566223, 0.8382665514945984, 0.46246257424354553, 0.44181832671165466, -0.31181907653808594, 0.8411691784858704),
            ["RightLowerArm"] = CFrame.new(-4.76837158203125e-07, -1.1920928955078125e-07, -1.4901161193847656e-07, 1, -7.450579886381092e-08, 1.639127589214695e-07, 5.774202094244174e-08, -0.6056763529777527, -0.795711100101471, 1.4901166878189542e-07, 0.795711100101471, -0.6056764125823975),
            ["LeftHand"] = CFrame.new(-8.940696716308594e-08, -2.980232238769531e-07, 5.960464477539063e-08, 0.9895743727684021, 0.003862992860376835, -0.14397093653678894, 0.017785634845495224, 0.988710880279541, 0.14877715706825256, 0.1429203897714615, -0.14978665113449097, 0.9783341884613037),
            ["LeftFoot"] = CFrame.new(2.9802322387695312e-08, 5.960464477539063e-08, -4.470348358154297e-08, 0.9716308116912842, -0.014946982264518738, 0.2360304743051529, 0.11321961134672165, 0.9056073427200317, -0.408725768327713, -0.2076413780450821, 0.42385372519493103, 0.8816081881523132),
            ["LowerTorso"] = CFrame.new(-0.22454065084457397, -0.35520148277282715, 0.04482969269156456, 0.8741052150726318, -0.2229996621608734, -0.43152204155921936, 0.24483875930309296, 0.9695504903793335, -0.005085708573460579, 0.41951650381088257, -0.10120786726474762, 0.9020880460739136),
            ["RightLowerLeg"] = CFrame.new(-5.960464477539063e-08, -0.00012242794036865234, -0.00007752159581286833, 1, -1.3411040811206476e-07, -5.2154071283894154e-08, 1.2293457984924316e-07, 0.5303171277046204, 0.8477990627288818, -4.0978193283081055e-08, -0.8477993607521057, 0.5303176045417786),
            ["LeftUpperLeg"] = CFrame.new(-1.1920928955078125e-07, -1.0244548320770264e-07, -9.313225746154785e-09, 0.7715232372283936, 0.6361938118934631, -0.0030602961778640747, -0.619331419467926, 0.7499561309814453, -0.23236747086048126, -0.14553587138652802, 0.18117225170135498, 0.9726232886314392),
            ["LeftLowerLeg"] = CFrame.new(1.341104507446289e-07, 0.00012260675430297852, 0.00007738173007965088, 1, 7.450579175838357e-08, 7.450580596923828e-08, -5.2154071283894154e-08, 0.1982921063899994, 0.9801429510116577, 1.1920930376163597e-07, -0.9801429510116577, 0.19829228520393372),
        }},
        {Time = 0.067, Data = {
            ["RightFoot"] = CFrame.new(-7.12461769580841e-08, 1.1920928955078125e-07, -6.535992724820971e-08, 0.9867395758628845, 0.033976249396800995, -0.15871572494506836, -0.0966387391090393, 0.908615231513977, -0.4062992036342621, 0.13040687143802643, 0.4162499010562897, 0.8998501300811768),
            ["LeftLowerArm"] = CFrame.new(2.384185791015625e-07, -2.384185791015625e-07, -8.940696716308594e-08, 1, -4.0978189730367376e-08, 1.862645149230957e-08, 1.4901164746561335e-08, 0.9380767345428467, -0.3464275002479553, -3.725291186640334e-09, 0.3464275300502777, 0.9380767345428467),
            ["RightUpperArm"] = CFrame.new(0, -3.5762786865234375e-07, 1.3969838619232178e-08, -0.040188029408454895, -0.9890012741088867, -0.14234283566474915, 0.6967654824256897, 0.07436848431825638, -0.7134333252906799, 0.7161723375320435, -0.1278509944677353, 0.6861132383346558),
            ["Head"] = CFrame.new(5.21540641784668e-08, 5.960464477539062e-07, -1.4901161193847656e-07, 0.9422474503517151, 0.32975777983665466, 0.058563850820064545, -0.32021400332450867, 0.8357574343681335, 0.44606348872184753, 0.09814760833978653, -0.4390551447868347, 0.8930833339691162),
            ["RightHand"] = CFrame.new(-7.310882210731506e-08, 5.960464477539063e-08, 4.0372833609580994e-07, 0.6217575669288635, 0.41306883096694946, -0.6654260158538818, -0.40610504150390625, 0.8965088129043579, 0.1770610213279724, 0.6696987152099609, 0.16014373302459717, 0.7251603603363037),
            ["UpperTorso"] = CFrame.new(1.30385160446167e-08, 8.940696716308594e-08, -2.8870999813079834e-08, 0.9855204224586487, 0.008495636284351349, -0.16934381425380707, -0.058727964758872986, 0.9540258646011353, -0.29391440749168396, 0.1590615063905716, 0.29960379004478455, 0.9407109022140503),
            ["HumanoidRootPart"] = CFrame.new(0, 0, 0, 1, 0, 0, 0, 1, 0, 0, 0, 1),
            ["RightUpperLeg"] = CFrame.new(2.384185791015625e-07, -3.1478703022003174e-07, 6.535992724820971e-08, 0.967305600643158, 0.25252217054367065, 0.023505384102463722, -0.1945687085390091, 0.7983568906784058, -0.5698855519294739, -0.16267451643943787, 0.5466799139976501, 0.8213878870010376),
            ["LeftUpperArm"] = CFrame.new(5.960464477539063e-08, 0, 0, 0.8500401973724365, 0.3904656767845154, -0.3535086214542389, -0.1610751450061798, 0.831706166267395, 0.5313376188278198, 0.5014843344688416, -0.39471685886383057, 0.7698779702186584),
            ["RightLowerArm"] = CFrame.new(-2.384185791015625e-07, 1.7881393432617188e-07, 2.421438694000244e-07, 1, -5.960465898624534e-08, 1.49011640360186e-07, 9.126962652317161e-08, -0.6420753598213196, -0.7666416168212891, 1.4901162614933128e-07, 0.7666416764259338, -0.64207524061203),
            ["LeftHand"] = CFrame.new(-1.7881393432617188e-07, 1.1920928955078125e-07, -1.4901161193847656e-07, 0.9846319556236267, -0.10617700964212418, -0.13865923881530762, 0.12401571124792099, 0.9841099381446838, 0.12707416713237762, 0.1229635626077652, -0.14231717586517334, 0.9821536540985107),
            ["LeftFoot"] = CFrame.new(1.341104507446289e-07, 5.960464477539063e-08, 0, 0.9439576864242554, 0.053072474896907806, 0.32577192783355713, 0.045324720442295074, 0.9567952156066895, -0.2872079908847809, -0.3269398510456085, 0.28587791323661804, 0.9007686972618103),
            ["LowerTorso"] = CFrame.new(-0.19680528342723846, -0.35054898262023926, 0.0222436785697937, 0.8376491069793701, -0.19851137697696686, -0.5088589191436768, 0.2200532704591751, 0.9753172993659973, -0.018245020881295204, 0.4999207556247711, -0.09669312089681625, 0.8606566190719604),
            ["RightLowerLeg"] = CFrame.new(-5.774199962615967e-08, -0.00012236833572387695, -0.00007733533129794523, 1, -2.1047887344138871e-07, -2.328306969445748e-08, 1.2293459406009788e-07, 0.5182074904441833, 0.8552546501159668, -1.862645326866641e-08, -0.8552548885345459, 0.5182079076766968),
            ["LeftUpperLeg"] = CFrame.new(-1.7881393432617188e-07, -1.695007085800171e-07, -5.587935447692871e-08, 0.798868715763092, 0.5961840152740479, 0.07983484119176865, -0.5708673000335693, 0.7932893633842468, -0.2116662561893463, -0.18952429294586182, 0.12351834774017334, 0.9740759134292603),
            ["LeftLowerLeg"] = CFrame.new(1.6391277313232422e-07, 0.00012242794036865234, 0.00007739663124084473, 1, 8.940695295223122e-08, 1.1920931797249068e-07, -8.940698137394065e-08, 0.1731107383966446, 0.9849024415016174, 1.266598843585598e-07, -0.9849024415016174, 0.17311081290245056),
        }},
        {Time = 0.100, Data = {
            ["RightFoot"] = CFrame.new(2.3283064365386963e-08, 2.980232238769531e-07, -5.790934665128589e-08, 0.989338755607605, 0.015307258814573288, -0.14482617378234863, -0.07381510734558105, 0.909961998462677, -0.40806910395622253, 0.1255398690700531, 0.4144092798233032, 0.9013906121253967),
            ["LeftLowerArm"] = CFrame.new(-2.980232238769531e-07, -5.960464477539063e-08, -2.384185791015625e-07, 1, -2.607702498380604e-08, 3.7252898543727042e-09, 3.352760913344355e-08, 0.9086316227912903, -0.4175986051559448, 3.7252898543727042e-09, 0.4175986051559448, 0.9086315631866455),
            ["RightUpperArm"] = CFrame.new(-5.960464477539063e-08, -3.5762786865234375e-07, -4.842877388000488e-08, 0.025953587144613266, -0.9955105781555176, -0.09102363884449005, 0.61299067735672, 0.08777502924203873, -0.7851994037628174, 0.7896638512611389, -0.03541779890656471, 0.6125166416168213),
            ["Head"] = CFrame.new(-7.450580596923828e-09, -4.76837158203125e-07, 5.960464477539063e-08, 0.9524222612380981, 0.24179330468177795, 0.1855478584766388, -0.29805612564086914, 0.8661026954650879, 0.4012838900089264, -0.06367584317922592, -0.43749529123306274, 0.896963357925415),
            ["RightHand"] = CFrame.new(-2.0489096641540527e-07, -2.980232238769531e-07, -3.259629011154175e-07, 0.6007731556892395, 0.3608734607696533, -0.7133316397666931, -0.37937822937965393, 0.9141331315040588, 0.1429433375597, 0.7036646008491516, 0.18474584817886353, 0.6860942244529724),
            ["UpperTorso"] = CFrame.new(1.1175870895385742e-08, -2.086162567138672e-07, -3.91155481338501e-08, 0.9873006343841553, 0.02590816095471382, -0.1567365527153015, -0.07095126807689667, 0.9546579122543335, -0.28912681341171265, 0.1421390324831009, 0.29657572507858276, 0.9443725347518921),
            ["HumanoidRootPart"] = CFrame.new(0, 0, 0, 1, 0, 0, 0, 1, 0, 0, 0, 1),
            ["RightUpperLeg"] = CFrame.new(1.1920928955078125e-07, -3.110617399215698e-07, -1.6596459317952394e-08, 0.9571534991264343, 0.2794424295425415, 0.07595548778772354, -0.18451116979122162, 0.7906699180603027, -0.5837780237197876, -0.22318802773952484, 0.5447505116462708, 0.8083527088165283),
            ["LeftUpperArm"] = CFrame.new(1.1920928955078125e-07, 2.384185791015625e-07, 0, 0.8341149091720581, 0.3404289782047272, -0.4340052008628845, -0.03369177505373955, 0.8167998790740967, 0.5759365558624268, 0.5505608916282654, -0.46577489376068115, 0.6927745342254639),
            ["RightLowerArm"] = CFrame.new(4.76837158203125e-07, 2.980232238769531e-07, 2.8312206268310547e-07, 1, -7.450579175838357e-08, 1.6391273049976007e-07, 1.1734665861240501e-07, -0.6754176616668701, -0.7374354600906372, 1.3411046495548362e-07, 0.7374354004859924, -0.6754175424575806),
            ["LeftHand"] = CFrame.new(-1.4901161193847656e-08, -1.7881393432617188e-07, 2.9802322387695312e-08, 0.9799966216087341, -0.17419089376926422, -0.09625077247619629, 0.18432395160198212, 0.976809561252594, 0.10893963277339935, 0.07504233717918396, -0.1245017722249031, 0.9893775582313538),
            ["LeftFoot"] = CFrame.new(1.4901161193847656e-07, -5.960464477539063e-08, 5.960464477539063e-08, 0.9146615266799927, 0.12137313187122345, 0.38556793332099915, -0.05558733642101288, 0.9825615286827087, -0.17743435502052307, -0.400380402803421, 0.14085976779460907, 0.9054581522941589),
            ["LowerTorso"] = CFrame.new(-0.17599692940711975, -0.3471996784210205, 0.0026269257068634033, 0.7952113747596741, -0.17901591956615448, -0.5793032050132751, 0.2001560479402542, 0.9793670773506165, -0.02788854017853737, 0.5723429322242737, -0.0937737450003624, 0.8146349191665649),
            ["RightLowerLeg"] = CFrame.new(-8.568167686462402e-08, -0.00012236833572387695, -0.00007742473826510832, 1, -1.9837170839309692e-07, 5.5879372240497105e-09, 1.1641533603778953e-07, 0.5087487697601318, 0.8609148859977722, -8.102507109697399e-08, -0.8609150648117065, 0.5087490081787109),
            ["LeftUpperLeg"] = CFrame.new(-2.384185791015625e-07, -5.830079317092896e-07, -3.725290298461914e-08, 0.825695812702179, 0.5471736788749695, 0.13721507787704468, -0.5162010788917542, 0.8309719562530518, -0.20741674304008484, -0.22751484811306, 0.10043255984783173, 0.9685815572738647),
            ["LeftLowerLeg"] = CFrame.new(1.1920928955078125e-07, 0.00012284517288208008, 0.00007744133472442627, 1, 8.940695295223122e-08, 1.49011640360186e-07, -8.195640788244418e-08, 0.12766499817371368, 0.9918174743652344, 1.1920931797249068e-07, -0.9918173551559448, 0.12766489386558533),
        }},
        {Time = 0.133, Data = {
            ["RightFoot"] = CFrame.new(-2.6775524020195007e-08, 2.384185791015625e-07, -5.790934665128589e-08, 0.9897504448890686, 0.006642893422394991, -0.14265377819538116, -0.06502818316221237, 0.9103114604949951, -0.408783882856369, 0.12714365124702454, 0.4138709008693695, 0.9014132022857666),
            ["LeftLowerArm"] = CFrame.new(2.384185791015625e-07, -4.172325134277344e-07, 3.129243850708008e-07, 1, -4.0978189730367376e-08, 9.313226634333205e-09, 4.842879164357328e-08, 0.8456183075904846, -0.5337880849838257, 1.676381167214913e-08, 0.5337880253791809, 0.8456183671951294),
            ["RightUpperArm"] = CFrame.new(2.384185791015625e-07, 1.1920928955078125e-07, -1.862645149230957e-08, 0.11440233141183853, -0.9913061857223511, -0.0649944469332695, 0.5114076137542725, 0.11485577374696732, -0.8516281247138977, 0.8516891002655029, 0.0641896054148674, 0.5201012492179871),
            ["Head"] = CFrame.new(1.3434328138828278e-07, -1.1920928955078125e-07, 7.450580596923828e-08, 0.9383488297462463, 0.1600291132926941, 0.30641838908195496, -0.2701444625854492, 0.8925246596336365, 0.3611396253108978, -0.21569311618804932, -0.421652227640152, 0.8807304501533508),
            ["RightHand"] = CFrame.new(-1.4901161193847656e-08, 1.1920928955078125e-07, 2.0489096641540527e-07, 0.5696335434913635, 0.3281055986881256, -0.7535678744316101, -0.3603949546813965, 0.9237295389175415, 0.1297663450241089, 0.7386698722839355, 0.19766275584697723, 0.6444348692893982),
            ["UpperTorso"] = CFrame.new(3.3527612686157227e-08, 1.1920928955078125e-07, -1.4901161193847656e-08, 0.987244725227356, 0.05012442171573639, -0.1511143296957016, -0.09126794338226318, 0.9558870196342468, -0.2791956067085266, 0.1304536759853363, 0.2894262671470642, 0.9482691884040833),
            ["HumanoidRootPart"] = CFrame.new(0, 0, 0, 1, 0, 0, 0, 1, 0, 0, 0, 1),
            ["RightUpperLeg"] = CFrame.new(1.1920928955078125e-07, -1.210719347000122e-07, -9.145878721028566e-09, 0.9452687501907349, 0.3043285012245178, 0.11769197881221771, -0.17980724573135376, 0.7868221402168274, -0.5904070138931274, -0.2722802460193634, 0.5369312763214111, 0.7984787225723267),
            ["LeftUpperArm"] = CFrame.new(2.384185791015625e-07, -1.1920928955078125e-07, -2.9802322387695312e-08, 0.7887513637542725, 0.3296445906162262, -0.5188504457473755, 0.06673450022935867, 0.7931463718414307, 0.6053639054298401, 0.6110792756080627, -0.5121068358421326, 0.603596568107605),
            ["RightLowerArm"] = CFrame.new(-3.5762786865234375e-07, 1.7881393432617188e-07, -1.862645149230957e-07, 1, -8.940695295223122e-08, 1.341104507446289e-07, 1.0384246706962585e-07, -0.7109254002571106, -0.703267514705658, 1.4156103134155273e-07, 0.7032674551010132, -0.7109254002571106),
            ["LeftHand"] = CFrame.new(-1.043081283569336e-07, -5.364418029785156e-07, 8.195638656616211e-08, 0.9787920117378235, -0.20363770425319672, -0.02231801301240921, 0.2048250287771225, 0.9708876609802246, 0.12419311702251434, -0.0036221337504684925, -0.12613046169281006, 0.9920071363449097),
            ["LeftFoot"] = CFrame.new(-1.043081283569336e-07, 5.960464477539063e-08, 1.4901161193847656e-08, 0.901429295539856, 0.1860996037721634, 0.3908860981464386, -0.1382056325674057, 0.9793513417243958, -0.14754708111286163, -0.41027364134788513, 0.0789806991815567, 0.9085361957550049),
            ["LowerTorso"] = CFrame.new(-0.1592978537082672, -0.34514451026916504, -0.013729803264141083, 0.7608370780944824, -0.16990484297275543, -0.6263061165809631, 0.19008313119411469, 0.9811350107192993, -0.035249993205070496, 0.620479941368103, -0.09223069995641708, 0.7787799835205078),
            ["RightLowerLeg"] = CFrame.new(3.166496753692627e-08, -0.00012248754501342773, -0.0000775141452322714, 1, -1.5739347247745172e-07, -4.190952029858863e-09, 1.0523945093154907e-07, 0.5048974752426147, 0.8631792068481445, -2.7008354663848877e-08, -0.8631793260574341, 0.5048977732658386),
            ["LeftUpperLeg"] = CFrame.new(5.960464477539063e-08, -2.2724270820617676e-07, -8.195638656616211e-08, 0.8557687401771545, 0.4958230257034302, 0.14771512150764465, -0.4587157666683197, 0.8592172861099243, -0.22655119001865387, -0.2392483949661255, 0.12611626088619232, 0.9627330899238586),
            ["LeftLowerLeg"] = CFrame.new(1.043081283569336e-07, 0.00012284517288208008, 0.00007741153240203857, 1, 1.2665984172599565e-07, 2.9802315282267955e-08, -8.940696716308594e-08, 0.056183867156505585, 0.9984204173088074, 1.1175870895385742e-07, -0.9984204769134521, 0.05618380755186081),
        }},
        {Time = 0.167, Data = {
            ["RightFoot"] = CFrame.new(4.656612873077393e-10, 2.980232238769531e-07, -5.045876605436206e-08, 0.9891587495803833, 0.00438492139801383, -0.14678508043289185, -0.06490251421928406, 0.9096863865852356, -0.41019290685653687, 0.13172967731952667, 0.41527292132377625, 0.9001088738441467),
            ["LeftLowerArm"] = CFrame.new(2.086162567138672e-07, -3.5762786865234375e-07, -3.3527612686157227e-08, 1, -5.43659481877512e-08, 2.1886080503463745e-08, 5.774199962615967e-08, 0.7605429291725159, -0.6492876410484314, 2.0023435354232788e-08, 0.6492876410484314, 0.7605430483818054),
            ["RightUpperArm"] = CFrame.new(1.1920928955078125e-07, -4.76837158203125e-07, 1.7508864402770996e-07, 0.20512127876281738, -0.9755198359489441, -0.0792873278260231, 0.3965027928352356, 0.15688933432102203, -0.9045283794403076, 0.8948245048522949, 0.1541004627943039, 0.4189774990081787),
            ["Head"] = CFrame.new(3.3527612686157227e-08, -1.1920928955078125e-07, 1.1920928955078125e-07, 0.9062456488609314, 0.09188034385442734, 0.4126461446285248, -0.24210332334041595, 0.9129775166511536, 0.3284177780151367, -0.3465615510940552, -0.39753013849258423, 0.8496264219284058),
            ["RightHand"] = CFrame.new(3.3527612686157227e-08, -2.384185791015625e-07, 2.0116567611694336e-07, 0.5346636772155762, 0.2943088412284851, -0.7921597957611084, -0.33146247267723083, 0.9353139400482178, 0.12377585470676422, 0.7773464322090149, 0.19639265537261963, 0.5976307392120361),
            ["UpperTorso"] = CFrame.new(2.60770320892334e-08, -1.4901161193847656e-07, 9.313225746154785e-10, 0.9856078624725342, 0.07455037534236908, -0.15172162652015686, -0.11301574110984802, 0.9580369591712952, -0.26342466473579407, 0.12571653723716736, 0.27678030729293823, 0.9526742100715637),
            ["HumanoidRootPart"] = CFrame.new(0, 0, 0, 1, 0, 0, 0, 1, 0, 0, 0, 1),
            ["RightUpperLeg"] = CFrame.new(0, 1.7136335372924805e-07, -5.2918039727956057e-08, 0.9363576769828796, 0.3202391564846039, 0.1438099890947342, -0.1786714345216751, 0.7873789072036743, -0.5900095105171204, -0.30217716097831726, 0.5267650485038757, 0.7944857478141785),
            ["LeftUpperArm"] = CFrame.new(1.1920928955078125e-07, 1.1920928955078125e-07, 1.1920928955078125e-07, 0.7325998544692993, 0.3552291691303253, -0.5806114077568054, 0.12368685007095337, 0.7693345546722412, 0.626758337020874, 0.6693272590637207, -0.5309770703315735, 0.5196771621704102),
            ["RightLowerArm"] = CFrame.new(-3.5762786865234375e-07, 5.960464477539063e-08, -5.532056093215942e-07, 1, -1.1175869474300271e-07, 8.940695295223122e-08, 5.0524260331030746e-08, -0.7491193413734436, -0.6624351143836975, 1.5273694486950262e-07, 0.6624351143836975, -0.7491193413734436),
            ["LeftHand"] = CFrame.new(-7.916241884231567e-08, -4.76837158203125e-07, -1.601874828338623e-07, 0.9699109792709351, -0.23563136160373688, 0.06124339625239372, 0.22348669171333313, 0.9614934921264648, 0.1599501222372055, -0.09657438844442368, -0.14145027101039886, 0.9852234721183777),
            ["LeftFoot"] = CFrame.new(-2.9802322387695312e-08, 5.960464477539063e-08, -7.82310962677002e-08, 0.9105665683746338, 0.24100801348686218, 0.33583319187164307, -0.1771988570690155, 0.9615907669067383, -0.20962753891944885, -0.37345579266548157, 0.13137055933475494, 0.918298602104187),
            ["LowerTorso"] = CFrame.new(-0.147706538438797, -0.3437192440032959, -0.026290543377399445, 0.7412942051887512, -0.16774362325668335, -0.6498808264732361, 0.1858501434326172, 0.9817055463790894, -0.04140021279454231, 0.644936203956604, -0.09009068459272385, 0.7589077949523926),
            ["RightLowerLeg"] = CFrame.new(-2.0489096641540527e-08, -0.00012230873107910156, -0.0000773874853621237, 1, -1.9464637546207086e-07, -5.634502286966381e-08, 1.2293456563838845e-07, 0.5034430027008057, 0.8640280961990356, -9.778886145284105e-09, -0.8640284538269043, 0.5034436583518982),
            ["LeftUpperLeg"] = CFrame.new(0, 0, -6.51925802230835e-09, 0.8956995010375977, 0.42986807227134705, 0.11373652517795563, -0.3890085816383362, 0.8814333081245422, -0.2678573429584503, -0.21539464592933655, 0.19567520916461945, 0.9567217826843262),
            ["LeftLowerLeg"] = CFrame.new(-5.960464477539063e-08, 0.0001226663589477539, 0.00007753074169158936, 1, 1.2293456563838845e-07, 8.940693874137651e-08, -8.940696716308594e-08, -0.029500942677259445, 0.9995647668838501, 7.078051567077637e-08, -0.9995648264884949, -0.029500944539904594),
        }},
        {Time = 0.200, Data = {
            ["RightFoot"] = CFrame.new(1.0943040251731873e-08, 3.5762786865234375e-07, -2.8107024263590574e-08, 0.9879065752029419, 0.004350873176008463, -0.15499015152454376, -0.06883344054222107, 0.9080093502998352, -0.4132562577724457, 0.13893423974514008, 0.41892725229263306, 0.8973278999328613),
            ["LeftLowerArm"] = CFrame.new(5.960464477539063e-08, 0, 3.5762786865234375e-07, 1, -6.705521116145974e-08, 2.421439049271612e-08, 6.33299421792799e-08, 0.6687914729118347, -0.7434500455856323, 2.0489098417897367e-08, 0.7434500455856323, 0.6687915325164795),
            ["RightUpperArm"] = CFrame.new(-5.960464477539063e-08, -4.76837158203125e-07, 9.685754776000977e-08, 0.2795315086841583, -0.9479956030845642, -0.1522057056427002, 0.26646357774734497, 0.22889444231987, -0.9362715482711792, 0.9224203824996948, 0.2211601883172989, 0.3165895342826843),
            ["Head"] = CFrame.new(-6.705522537231445e-08, 0, 7.450580596923828e-08, 0.8654747009277344, 0.03972895070910454, 0.4993748068809509, -0.21499644219875336, 0.9298341870307922, 0.29863858222961426, -0.45247119665145874, -0.3658279478549957, 0.8132895231246948),
            ["RightHand"] = CFrame.new(-2.598389983177185e-07, 0, -4.0978193283081055e-08, 0.48361194133758545, 0.24253293871879578, -0.8410096168518066, -0.3102528750896454, 0.9459564089775085, 0.09439083933830261, 0.8184513449668884, 0.21527709066867828, 0.5327224135398865),
            ["UpperTorso"] = CFrame.new(-8.195638656616211e-08, -2.384185791015625e-07, -3.725290298461914e-09, 0.9830334186553955, 0.09524638950824738, -0.15675948560237885, -0.13194377720355988, 0.9608587026596069, -0.24360109865665436, 0.1274215430021286, 0.2601515054702759, 0.9571232795715332),
            ["HumanoidRootPart"] = CFrame.new(0, 0, 0, 1, 0, 0, 0, 1, 0, 0, 0, 1),
            ["RightUpperLeg"] = CFrame.new(-1.7881393432617188e-07, -3.855675458908081e-07, 6.535992724820971e-08, 0.9323742985725403, 0.32632675766944885, 0.15552861988544464, -0.17925095558166504, 0.7909696698188782, -0.5850096344947815, -0.313922643661499, 0.5175691843032837, 0.79597407579422),
            ["LeftUpperArm"] = CFrame.new(-2.384185791015625e-07, -1.1920928955078125e-07, 8.940696716308594e-08, 0.6835763454437256, 0.4039614200592041, -0.6078969240188599, 0.14078012108802795, 0.7442601323127747, 0.6528842449188232, 0.7161734700202942, -0.5318760275840759, 0.4518888294696808),
            ["RightLowerArm"] = CFrame.new(-1.1920928955078125e-07, 4.172325134277344e-07, -3.3527612686157227e-08, 1, -3.632158041000366e-08, 1.592561460483921e-07, 8.218921010438862e-08, -0.7783241868019104, -0.6278626918792725, 1.601874686230076e-07, 0.6278626918792725, -0.7783241868019104),
            ["LeftHand"] = CFrame.new(-1.564621925354004e-07, -5.960464477539063e-08, 1.7881393432617188e-07, 0.9475748538970947, -0.2891817092895508, 0.13592642545700073, 0.26112326979637146, 0.9459771513938904, 0.19220294058322906, -0.1841648370027542, -0.14663304388523102, 0.9718961715698242),
            ["LeftFoot"] = CFrame.new(-6.705522537231445e-08, 0, 7.078051567077637e-08, 0.9143860340118408, 0.3042201101779938, 0.26711148023605347, -0.2056567668914795, 0.9173665046691895, -0.3407989740371704, -0.34871706366539, 0.25668850541114807, 0.9013919830322266),
            ["LowerTorso"] = CFrame.new(-0.14119872450828552, -0.34264206886291504, -0.03517664968967438, 0.7371106147766113, -0.16876211762428284, -0.654360294342041, 0.18431299924850464, 0.981809675693512, -0.045591384172439575, 0.6501513719558716, -0.08700119704008102, 0.7548074126243591),
            ["RightLowerLeg"] = CFrame.new(-8.847564458847046e-08, -0.00012248754501342773, -0.00007740983710391447, 1, -1.8533314971591608e-07, -6.752088665962219e-08, 1.1082738637924194e-07, 0.502390444278717, 0.8646407723426819, -2.9802322387695312e-08, -0.8646409511566162, 0.5023906230926514),
            ["LeftUpperLeg"] = CFrame.new(-1.1920928955078125e-07, -8.940696716308594e-08, -3.725290298461914e-08, 0.9408526420593262, 0.33481112122535706, 0.05194166675209999, -0.29951778054237366, 0.8935573697090149, -0.3344314694404602, -0.15838399529457092, 0.29909318685531616, 0.9409876465797424),
            ["LeftLowerLeg"] = CFrame.new(9.685754776000977e-08, 0.0001226663589477539, 0.00007748603820800781, 1, 1.0803341865539551e-07, 9.313227167240257e-08, -1.1175869474300271e-07, -0.11160112917423248, 0.9937531352043152, 3.725289943190546e-08, -0.9937530755996704, -0.11160117387771606),
        }},
        {Time = 0.233, Data = {
            ["RightFoot"] = CFrame.new(3.725290298461914e-09, 2.980232238769531e-07, -2.8107024263590574e-08, 0.985938310623169, 0.0034708096645772457, -0.16707463562488556, -0.07427781820297241, 0.9046952128410339, -0.4195344150066376, 0.1496952772140503, 0.426045298576355, 0.8922315239906311),
            ["LeftLowerArm"] = CFrame.new(1.4901161193847656e-07, 0, -3.725290298461914e-07, 1, -6.705522537231445e-08, 4.656613938891496e-08, 8.195641498787154e-08, 0.5778316259384155, -0.8161560297012329, 2.6077040971017595e-08, 0.8161560297012329, 0.5778315663337708),
            ["RightUpperArm"] = CFrame.new(-5.960464477539063e-08, -2.384185791015625e-07, 0, 0.32428857684135437, -0.9091908931732178, -0.2611681818962097, 0.12487494200468063, 0.31481751799583435, -0.9409019351005554, 0.9376797676086426, 0.27251026034355164, 0.21562691032886505),
            ["Head"] = CFrame.new(0, 0, 4.470348358154297e-08, 0.8258234858512878, 0.004633007571101189, 0.5639095902442932, -0.1847747564315796, 0.9469881653785706, 0.26281502842903137, -0.532798171043396, -0.3212350606918335, 0.7829012274742126),
            ["RightHand"] = CFrame.new(-8.754432201385498e-08, -5.364418029785156e-07, 4.470348358154297e-08, 0.3970548212528229, 0.16846168041229248, -0.9022018909454346, -0.2871362268924713, 0.9564648866653442, 0.05222652107477188, 0.8717226386070251, 0.23831801116466522, 0.42814043164253235),
            ["UpperTorso"] = CFrame.new(4.0978193283081055e-08, 2.9802322387695312e-08, 1.862645149230957e-08, 0.9799157381057739, 0.11308860778808594, -0.1642446368932724, -0.14851148426532745, 0.9635262489318848, -0.22262461483478546, 0.13307763636112213, 0.24254553020000458, 0.9609693884849548),
            ["HumanoidRootPart"] = CFrame.new(0, 0, 0, 1, 0, 0, 0, 1, 0, 0, 0, 1),
            ["RightUpperLeg"] = CFrame.new(5.960464477539063e-08, 2.738088369369507e-07, -4.639878170564771e-08, 0.9324964880943298, 0.3263048529624939, 0.1548393815755844, -0.1825786978006363, 0.7957661151885986, -0.5774266719818115, -0.31163322925567627, 0.5101778507232666, 0.8016253709793091),
            ["LeftUpperArm"] = CFrame.new(1.1920928955078125e-07, 0, -5.960464477539063e-08, 0.6485163569450378, 0.4645577669143677, -0.603003203868866, 0.12971723079681396, 0.7131400108337402, 0.6889156699180603, 0.7500667572021484, -0.5249929428100586, 0.4022216796875),
            ["RightLowerArm"] = CFrame.new(0, 2.384185791015625e-07, 5.587935447692871e-08, 1, -2.9802308176840597e-08, 1.9371505288745539e-07, 2.0489096641540527e-08, -0.8000627160072327, -0.5999163389205933, 1.825392246246338e-07, 0.599916398525238, -0.8000627160072327),
            ["LeftHand"] = CFrame.new(-8.940696716308594e-08, -1.1920928955078125e-07, 5.960464477539063e-08, 0.9209990501403809, -0.34390461444854736, 0.18300391733646393, 0.3067001700401306, 0.9297550320625305, 0.20369279384613037, -0.24019965529441833, -0.13147351145744324, 0.9617790579795837),
            ["LeftFoot"] = CFrame.new(7.916241884231567e-09, -1.7881393432617188e-07, 8.754432201385498e-08, 0.8907544612884521, 0.3771517276763916, 0.253600537776947, -0.23793905973434448, 0.862405002117157, -0.4468139111995697, -0.38722294569015503, 0.33765992522239685, 0.857930064201355),
            ["LowerTorso"] = CFrame.new(-0.13796576857566833, -0.34253597259521484, -0.04076533019542694, 0.7453474998474121, -0.17167919874191284, -0.6441920399665833, 0.18604837357997894, 0.9814492464065552, -0.04629633575677872, 0.6401899456977844, -0.08534400910139084, 0.7634614109992981),
            ["RightLowerLeg"] = CFrame.new(-4.6566128730773926e-09, -0.00012254714965820312, -0.00007746199116809294, 1, -1.8160781678489002e-07, -6.7520877777837995e-09, 1.1082738637924194e-07, 0.5025332570075989, 0.8645574450492859, 4.7963112592697144e-08, -0.8645578622817993, 0.5025340914726257),
            ["LeftUpperLeg"] = CFrame.new(1.1920928955078125e-07, 1.825392246246338e-07, 1.1920928955078125e-07, 0.9769922494888306, 0.21296846866607666, -0.011429909616708755, -0.19718272984027863, 0.8815547227859497, -0.42892929911613464, -0.08127238601446152, 0.4213143587112427, 0.9032657742500305),
            ["LeftLowerLeg"] = CFrame.new(7.683411240577698e-08, 0.00012254714965820312, 0.00007739663124084473, 1, 1.429579583600571e-07, 8.800996198488065e-08, -1.0430811414607888e-07, -0.17482338845729828, 0.984599769115448, 1.9953583318965684e-07, -0.9845998287200928, -0.17482347786426544),
        }},
        {Time = 0.267, Data = {
            ["RightFoot"] = CFrame.new(4.7264620661735535e-08, 2.384185791015625e-07, 3.149762051180005e-08, 0.9837794303894043, 0.0005080538685433567, -0.1793818473815918, -0.07870759814977646, 0.8998181223869324, -0.42910608649253845, 0.16119301319122314, 0.4362649619579315, 0.8852627873420715),
            ["LeftLowerArm"] = CFrame.new(1.7881393432617188e-07, 5.960464477539063e-08, 3.0919909477233887e-07, 1, -5.960462345910855e-08, 7.450579886381092e-08, 5.960464477539063e-08, 0.4907110035419464, -0.8713224530220032, 5.21540641784668e-08, 0.8713223934173584, 0.4907110035419464),
            ["RightUpperArm"] = CFrame.new(-5.960464477539063e-08, 1.1920928955078125e-07, -5.960464477539063e-08, 0.33801954984664917, -0.8568313121795654, -0.3893364667892456, -0.012186236679553986, 0.40966692566871643, -0.9121538400650024, 0.9410601854324341, 0.3130704462528229, 0.1280338019132614),
            ["Head"] = CFrame.new(-5.960464477539063e-08, -3.5762786865234375e-07, -7.450580596923828e-08, 0.7927942276000977, -0.014427409507334232, 0.6093186140060425, -0.14497847855091095, 0.9665611982345581, 0.21151992678642273, -0.5919954776763916, -0.25602987408638, 0.764192521572113),
            ["RightHand"] = CFrame.new(-7.450580596923828e-08, -1.7881393432617188e-07, -1.7881393432617188e-07, 0.27382686734199524, 0.07859022915363312, -0.9585627317428589, -0.27032342553138733, 0.9627680778503418, 0.0017133539076894522, 0.9230082035064697, 0.25865283608436584, 0.2848764955997467),
            ["UpperTorso"] = CFrame.new(7.450580596923828e-08, 2.9802322387695312e-08, -2.0489096641540527e-08, 0.976452112197876, 0.1314089447259903, -0.1710936427116394, -0.16534854471683502, 0.9652663469314575, -0.2022891342639923, 0.13856840133666992, 0.22581572830677032, 0.9642645120620728),
            ["HumanoidRootPart"] = CFrame.new(0, 0, 0, 1, 0, 0, 0, 1, 0, 0, 0, 1),
            ["RightUpperLeg"] = CFrame.new(1.1920928955078125e-07, -1.0244548320770264e-07, 1.5068508218973875e-08, 0.935088038444519, 0.3244691491127014, 0.1425839513540268, -0.19048583507537842, 0.7993716597557068, -0.5698423385620117, -0.29887378215789795, 0.5056923627853394, 0.8092895746231079),
            ["LeftUpperArm"] = CFrame.new(0, 0, -5.960464477539063e-08, 0.6271347403526306, 0.5266592502593994, -0.5738745927810669, 0.10229913145303726, 0.6746922135353088, 0.7309756278991699, 0.7721638679504395, -0.5171270966529846, 0.3692460060119629),
            ["RightLowerArm"] = CFrame.new(0, 0, 2.384185791015625e-07, 1, -5.960464477539063e-08, 1.7881393432617188e-07, 7.450581307466564e-08, -0.8126029968261719, -0.5828176736831665, 1.8626454334480513e-07, 0.5828176736831665, -0.8126029968261719),
            ["LeftHand"] = CFrame.new(-2.2351741790771484e-07, -1.7881393432617188e-07, 4.470348358154297e-08, 0.9059655070304871, -0.3720927834510803, 0.20192475616931915, 0.3362654447555542, 0.922247588634491, 0.1907486468553543, -0.25720083713531494, -0.10491135716438293, 0.960646390914917),
            ["LeftFoot"] = CFrame.new(-1.1525116860866547e-08, -5.960464477539063e-08, -2.2584572434425354e-08, 0.8427860140800476, 0.4229372441768646, 0.3329203426837921, -0.25228485465049744, 0.8567714691162109, -0.4497721195220947, -0.4754619002342224, 0.2950707674026489, 0.8287757635116577),
            ["LowerTorso"] = CFrame.new(-0.1359531581401825, -0.34442901611328125, -0.04311394691467285, 0.7604678869247437, -0.17657941579818726, -0.6249067783355713, 0.19284380972385406, 0.9803160429000854, -0.04232971370220184, 0.6200806498527527, -0.08831899613142014, 0.7795509696006775),
