return {
    ["Wavy T"] = {
        {Time = 0.000, Data = {
            ["RightFoot"] = CFrame.new(4.190951585769653e-08, 4.172325134277344e-07, 5.420588422566652e-09, 0.9998552203178406, 0.017015863209962845, -0.00012440029240678996, -0.016814924776554108, 0.9868751168251038, -0.1606072038412094, -0.002610389143228531, 0.16058658063411713, 0.9870184659957886),
            ["LeftLowerArm"] = CFrame.new(-0.0004993081092834473, -0.00009971857070922852, -2.1606683731079102e-07, 1, 3.8743010577491077e-07, -1.1036169667022477e-07, -3.948806863718346e-07, 1, -3.7252894102834944e-09, 7.823107495141812e-08, 3.7252894102834944e-09, 1),
            ["RightUpperArm"] = CFrame.new(0.0020873546600341797, -0.10900998115539551, 4.842877388000488e-08, 0.010840614326298237, -0.9617547988891602, -0.2736998200416565, 0.7651962041854858, 0.18417970836162567, -0.6168891787528992, 0.6437059640884399, -0.20274530351161957, 0.7379270195960999),
            ["Head"] = CFrame.new(1.30385160446167e-08, 3.5762786865234375e-07, -1.6792910173535347e-07, 0.9993908405303955, 0.01746075414121151, -0.030216239392757416, -0.025922110304236412, 0.9511126279830933, -0.3077545464038849, 0.023365424945950508, 0.3083503842353821, 0.9509859085083008),
            ["RightHand"] = CFrame.new(2.60770320892334e-08, 0, 2.8312206268310547e-07, 0.9802054166793823, -0.19713330268859863, 0.018325461074709892, 0.19797956943511963, 0.9765395522117615, -0.08470318466424942, -0.0011976957321166992, 0.08665455132722855, 0.9962378144264221),
            ["UpperTorso"] = CFrame.new(-7.632479537278414e-09, 5.960464477539063e-08, -1.4370016288012266e-09, 0.9991319179534912, -0.021160073578357697, 0.03588562086224556, 0.005639438051730394, 0.922169029712677, 0.3867461085319519, -0.04127618670463562, -0.3862079977989197, 0.9214877486228943),
            ["HumanoidRootPart"] = CFrame.new(0, 0, 0, 1, 0, 0, 0, 1, 0, 0, 0, 1),
            ["RightUpperLeg"] = CFrame.new(5.960464477539063e-08, 3.038730937987566e-07, -4.431058187037706e-09, 0.9982985258102417, -0.04575185105204582, 0.03615167364478111, 0.05213196203112602, 0.9780324697494507, -0.20182862877845764, -0.026123274117708206, 0.20336978137493134, 0.9787534475326538),
            ["LeftUpperArm"] = CFrame.new(-0.0020869970321655273, -0.1090095043182373, -4.470348358154297e-08, 0.10378581285476685, 0.9901136755943298, 0.09436141699552536, -0.6603022813796997, 0.13953912258148193, -0.7379224300384521, -0.7437939643859863, 0.01427872572094202, 0.6682561635971069),
            ["RightLowerArm"] = CFrame.new(-0.0000011324882507324219, 0.0000011920928955078125, -2.086162567138672e-07, 1, -4.023313522338867e-07, 8.195641498787154e-08, 4.02331437499015e-07, 1, 1.4901166522918174e-08, -8.661302075552157e-08, 1.1175870895385742e-08, 1),
            ["LeftHand"] = CFrame.new(-2.393062459304929e-07, 0.0000998377799987793, 3.217428456991911e-08, 0.8311440348625183, 0.3101513981819153, -0.46152567863464355, -0.39465728402137756, 0.9137272834777832, -0.09668632596731186, 0.3917211890220642, 0.2625047266483307, 0.881842315196991),
            ["LeftFoot"] = CFrame.new(4.7264620661735535e-08, 5.960464477539063e-08, -6.51925802230835e-09, 0.9994297027587891, 0.03372643515467644, 0.0017208289355039597, -0.03364713117480278, 0.998839259147644, -0.034468915313482285, -0.002881057560443878, 0.0343913659453392, 0.9994043707847595),
            ["LowerTorso"] = CFrame.new(-0.03630257397890091, -0.02198314666748047, 0.006970658898353577, 0.9995211958885193, 0.03088887594640255, 0.0017922327388077974, -0.030762461945414543, 0.9983013868331909, -0.049477484077215195, -0.0033174920827150345, 0.04939866065979004, 0.9987736344337463),
            ["RightLowerLeg"] = CFrame.new(-2.9336661100387573e-08, -0.000003337860107421875, -0.000013268720067571849, 1, -2.0023442459660146e-08, 2.235175244891252e-08, 1.7229469406743192e-08, 0.9189543128013611, 0.3943638801574707, 4.79631196981245e-08, -0.39436420798301697, 0.9189544320106506),
            ["LeftUpperLeg"] = CFrame.new(-1.7881393432617188e-07, 1.2118835002183914e-07, -6.402842700481415e-10, 0.9971413612365723, -0.06388618797063828, -0.0403447300195694, 0.06100687384605408, 0.9957520961761475, -0.06896334886550903, 0.04457896202802658, 0.06630488485097885, 0.9968031048774719),
            ["LeftLowerLeg"] = CFrame.new(-1.792795956134796e-08, 0.000003933906555175781, 0.000013295561075210571, 1, -1.1292287993569516e-08, -4.5460183173418045e-08, -2.0023437130589627e-08, 0.9899986386299133, 0.14107735455036163, -5.1688409996586415e-08, -0.14107736945152283, 0.9899985790252686),
        }},
        {Time = 0.033, Data = {
            ["RightFoot"] = CFrame.new(-3.8067810237407684e-08, 4.172325134277344e-07, -1.0411895345896482e-08, 0.9998757839202881, 0.015764862298965454, -0.0001611774496268481, -0.015589946880936623, 0.9871484637260437, -0.15904361009597778, -0.0023479145020246506, 0.1590268462896347, 0.9872715473175049),
            ["LeftLowerArm"] = CFrame.new(-0.0004985034465789795, -0.00009924173355102539, -3.6135315895080566e-07, 1, 4.023314090773056e-07, -1.1920928955078125e-07, -4.097818759873917e-07, 1, 0, 1.5832482347377663e-07, -2.2351745343485163e-08, 1),
            ["RightUpperArm"] = CFrame.new(0.002087235450744629, -0.10901069641113281, 1.4528632164001465e-07, 0.011406178586184978, -0.9611805081367493, -0.2756868898868561, 0.75664222240448, 0.18854254484176636, -0.626054048538208, 0.6537296772003174, -0.2014542520046234, 0.7294196486473083),
            ["Head"] = CFrame.new(7.450580596923828e-09, -1.1920928955078125e-07, -4.4528860598802567e-08, 0.9995925426483154, 0.0185666736215353, -0.021681135520339012, -0.024425365030765533, 0.9494115114212036, -0.31308358907699585, 0.014771399088203907, 0.31348559260368347, 0.9494780898094177),
            ["RightHand"] = CFrame.new(9.685754776000977e-08, -5.960464477539063e-08, -1.8998980522155762e-07, 0.9793276190757751, -0.2011779099702835, 0.02109527587890625, 0.2021981179714203, 0.9765722751617432, -0.07363763451576233, -0.0057867770083248615, 0.07638078182935715, 0.9970619082450867),
            ["UpperTorso"] = CFrame.new(-1.227454049512744e-08, 1.7881393432617188e-07, 5.398760549724102e-09, 0.9991497993469238, -0.01963782124221325, 0.0362517274916172, 0.004089532420039177, 0.922146201133728, 0.3868200182914734, -0.04102569445967674, -0.3863428235054016, 0.9214425086975098),
            ["HumanoidRootPart"] = CFrame.new(0, 0, 0, 1, 0, 0, 0, 1, 0, 0, 0, 1),
            ["RightUpperLeg"] = CFrame.new(1.7881393432617188e-07, 7.08969309926033e-08, 1.2732925824820995e-09, 0.9984307885169983, -0.04332345351576805, 0.035484347492456436, 0.049571581184864044, 0.9785170555114746, -0.2001178115606308, -0.026052400469779968, 0.20156261324882507, 0.9791291356086731),
            ["LeftUpperArm"] = CFrame.new(-0.0020867586135864258, -0.10901057720184326, 1.6763806343078613e-07, 0.1036924421787262, 0.9877735376358032, 0.11641352623701096, -0.612041711807251, 0.15562742948532104, -0.7753609418869019, -0.7839980125427246, 0.009149129502475262, 0.6206957697868347),
            ["RightLowerArm"] = CFrame.new(-0.0000019073486328125, 7.748603820800781e-07, -1.1920928955078125e-07, 1, -3.986060619354248e-07, 3.073365206773815e-08, 3.837050428501243e-07, 1, 2.2351747119842003e-08, -9.965155101099299e-08, 0, 1),
            ["LeftHand"] = CFrame.new(-1.1175870895385742e-08, 0.00009953975677490234, -3.3527612686157227e-08, 0.6749812960624695, 0.5923680663108826, -0.43988701701164246, -0.6984154582023621, 0.705216109752655, -0.1220083013176918, 0.23794157803058624, 0.3895772099494934, 0.8897266387939453),
            ["LeftFoot"] = CFrame.new(-1.955777406692505e-08, 1.7881393432617188e-07, -1.0244548320770264e-08, 0.9994688630104065, 0.032545510679483414, 0.0016791874077171087, -0.03245265409350395, 0.9986774325370789, -0.039878204464912415, -0.002975035924464464, 0.03980274498462677, 0.9992032051086426),
            ["LowerTorso"] = CFrame.new(-0.03419482707977295, -0.02198314666748047, 0.0068481191992759705, 0.9995608925819397, 0.02957461029291153, 0.001849579275585711, -0.029447251930832863, 0.9983453750610352, -0.049390777945518494, -0.003307231469079852, 0.049314625561237335, 0.9987778067588806),
            ["RightLowerLeg"] = CFrame.new(-6.100162863731384e-08, -0.0000033974647521972656, -0.000013269651390146464, 1, -8.800997619573536e-08, -1.1315569281578064e-07, 1.4016406169048423e-07, 0.9203224182128906, 0.39116033911705017, -8.428470010812816e-08, -0.3911605477333069, 0.920322597026825),
            ["LeftUpperLeg"] = CFrame.new(-2.384185791015625e-07, 6.11587893217802e-07, -2.270098775625229e-08, 0.9972879886627197, -0.061641961336135864, -0.04021323844790459, 0.05851168558001518, 0.9954765439033508, -0.07485310733318329, 0.044645555317401886, 0.07229708880186081, 0.9963834881782532),
            ["LeftLowerLeg"] = CFrame.new(3.725290298461914e-09, 0.000003874301910400391, 0.000013314187526702881, 1, 1.1408703315396451e-08, 5.5646538044129557e-08, -1.4901159417490817e-08, 0.988342821598053, 0.15224525332450867, 2.3283060812673284e-08, -0.1522453874349594, 0.9883427619934082),
        }},
        {Time = 0.067, Data = {
            ["RightFoot"] = CFrame.new(2.246815711259842e-08, 2.980232238769531e-07, -1.673470251262188e-10, 0.9998828768730164, 0.015310121700167656, -0.00017482576367910951, -0.015147333033382893, 0.987445056438446, -0.15723386406898499, -0.0022345026955008507, 0.1572190225124359, 0.9875614047050476),
            ["LeftLowerArm"] = CFrame.new(-0.000497668981552124, -0.00009912252426147461, -4.284083843231201e-07, 1, 3.9115556660362927e-07, -1.1548401346317405e-07, -3.911553960733727e-07, 1, 0, 5.960463056453591e-08, -2.2351747119842003e-08, 1),
            ["RightUpperArm"] = CFrame.new(0.0020875930786132812, -0.10901021957397461, 5.960464477539063e-08, 0.009730758145451546, -0.9602978825569153, -0.2788093686103821, 0.7481868863105774, 0.19197429716587067, -0.6351078748703003, 0.6634168028831482, -0.20242010056972504, 0.7203494906425476),
            ["Head"] = CFrame.new(1.210719347000122e-08, 3.5762786865234375e-07, 7.869675755500793e-08, 0.9997597932815552, 0.017442408949136734, -0.013271125964820385, -0.020748620852828026, 0.948296070098877, -0.31670817732810974, 0.007060798816382885, 0.31690746545791626, 0.9484302401542664),
            ["RightHand"] = CFrame.new(0.0000010970979928970337, -1.1920928955078125e-07, -2.2351741790771484e-07, 0.9783100485801697, -0.20540960133075714, 0.026766866445541382, 0.20667357742786407, 0.9766189455986023, -0.059174150228500366, -0.013986101374030113, 0.06342265754938126, 0.9978888034820557),
            ["UpperTorso"] = CFrame.new(-1.6676494851708412e-08, -1.1920928955078125e-07, -5.908077582716942e-09, 0.9991766214370728, -0.016680510714650154, 0.03698507323861122, 0.0010750910732895136, 0.922142744064331, 0.38684818148612976, -0.0405583381652832, -0.3864899277687073, 0.9214014410972595),
            ["HumanoidRootPart"] = CFrame.new(0, 0, 0, 1, 0, 0, 0, 1, 0, 0, 0, 1),
            ["RightUpperLeg"] = CFrame.new(1.1920928955078125e-07, 4.420289769768715e-07, 1.2732925824820995e-09, 0.9985195994377136, -0.04156264290213585, 0.035088904201984406, 0.04771571606397629, 0.9789950847625732, -0.19822195172309875, -0.026113199070096016, 0.19960257411003113, 0.9795289635658264),
            ["LeftUpperArm"] = CFrame.new(-0.002087116241455078, -0.10901010036468506, 1.6391277313232422e-07, 0.09000303596258163, 0.9817458391189575, 0.16755758225917816, -0.5116576552391052, 0.18991802632808685, -0.8379362225532532, -0.8544624447822571, -0.010315235704183578, 0.5194106101989746),
            ["RightLowerArm"] = CFrame.new(-0.000001519918441772461, 0.0000013113021850585938, -3.203749656677246e-07, 1, -4.023314090773056e-07, 5.774201383701438e-08, 4.060567846408958e-07, 1, 1.4901164746561335e-08, -9.49949381379156e-08, 1.862645326866641e-08, 1),
            ["LeftHand"] = CFrame.new(6.92903995513916e-07, 0.0000997781753540039, -2.8312206268310547e-07, 0.3957972526550293, 0.7927798628807068, -0.4635133445262909, -0.9175898432731628, 0.3617725372314453, -0.1647709459066391, 0.03705935925245285, 0.49053117632865906, 0.8706353306770325),
            ["LeftFoot"] = CFrame.new(-5.122274160385132e-08, 1.1920928955078125e-07, -6.51925802230835e-09, 0.9994818568229675, 0.032146427780389786, 0.0016634446801617742, -0.032039251178503036, 0.9984757304191589, -0.04494113102555275, -0.0031055095605552197, 0.04486486315727234, 0.9989883303642273),
            ["LowerTorso"] = CFrame.new(-0.033450912684202194, -0.02198314666748047, 0.0067466795444488525, 0.9996016025543213, 0.028167838230729103, 0.0017818197375163436, -0.028045950457453728, 0.9983922243118286, -0.049259111285209656, -0.00316647719591856, 0.04918951541185379, 0.9987844824790955),
            ["RightLowerLeg"] = CFrame.new(2.7939677238464355e-09, -0.000003814697265625, -0.000013263132132124156, 1, 8.847565347025466e-09, -1.0081568291298026e-07, 3.119930624961853e-08, 0.9218622446060181, 0.3875172734260559, -1.234002411365509e-07, -0.3875177204608917, 0.9218624830245972),
            ["LeftUpperLeg"] = CFrame.new(-3.5762786865234375e-07, 7.433118298649788e-08, 5.180481821298599e-09, 0.9973952174186707, -0.06005929037928581, -0.0399465411901474, 0.056703582406044006, 0.9951480031013489, -0.08040628582239151, 0.04458183795213699, 0.07793167233467102, 0.9959613680839539),
            ["LeftLowerLeg"] = CFrame.new(-2.0023435354232788e-08, 0.000003993511199951172, 0.000013306736946105957, 1, 1.6647396350322197e-08, -3.3178359615249065e-08, -1.816079731042919e-08, 0.9866779446601868, 0.16268569231033325, -3.958122363201255e-08, -0.1626860499382019, 0.9866779446601868),
        }},
        {Time = 0.100, Data = {
            ["RightFoot"] = CFrame.new(1.4784745872020721e-08, 1.7881393432617188e-07, -1.673470251262188e-10, 0.9998842477798462, 0.015219739638268948, -0.00017649054643698037, -0.015062625519931316, 0.9877541065216064, -0.15528957545757294, -0.0021887749899178743, 0.1552746295928955, 0.9878690838813782),
            ["LeftLowerArm"] = CFrame.new(-0.0005002021789550781, -0.00009936094284057617, -2.2351741790771484e-08, 1, 3.91155481338501e-07, -8.707868204282931e-08, -3.8370481547644886e-07, 1, -7.450582373280668e-09, 9.592620386911221e-08, -7.450580596923828e-09, 1),
            ["RightUpperArm"] = CFrame.new(0.002087116241455078, -0.10901057720184326, 1.0803341865539551e-07, 0.007820176891982555, -0.9590707421302795, -0.28306102752685547, 0.7400508522987366, 0.1959204375743866, -0.6433811783790588, 0.6725054979324341, -0.2044469565153122, 0.7112925052642822),
            ["Head"] = CFrame.new(2.7008354663848877e-08, -3.5762786865234375e-07, 1.8044374883174896e-08, 0.9998117685317993, 0.017168670892715454, -0.009045177139341831, -0.019157519564032555, 0.9475467205047607, -0.319042831659317, 0.003093185368925333, 0.31915611028671265, 0.9476972222328186),
            ["RightHand"] = CFrame.new(5.085021257400513e-07, 3.5762786865234375e-07, 3.2782554626464844e-07, 0.9770294427871704, -0.210707888007164, 0.03187110647559166, 0.2119358777999878, 0.9763847589492798, -0.04190576449036598, -0.022288577631115913, 0.04769783467054367, 0.9986131191253662),
            ["UpperTorso"] = CFrame.new(-2.019805833697319e-08, 5.960464477539063e-08, -1.1776137398555875e-08, 0.999193549156189, -0.014159037731587887, 0.03757459297776222, -0.0014772829599678516, 0.9221704602241516, 0.38678091764450073, -0.040126629173755646, -0.386524498462677, 0.9214057922363281),
            ["HumanoidRootPart"] = CFrame.new(0, 0, 0, 1, 0, 0, 0, 1, 0, 0, 0, 1),
            ["RightUpperLeg"] = CFrame.new(5.960464477539063e-08, 1.6434933058917522e-07, -1.6305421013385057e-08, 0.9985818266868591, -0.040095798671245575, 0.03502555936574936, 0.04621141403913498, 0.9794666171073914, -0.19623908400535583, -0.026438139379024506, 0.19757921993732452, 0.9799304008483887),
            ["LeftUpperArm"] = CFrame.new(-0.0020867586135864258, -0.10901010036468506, -2.9802322387695312e-08, 0.0685613602399826, 0.9773666262626648, 0.20013707876205444, -0.43487662076950073, 0.20982323586940765, -0.875702977180481, -0.8978762030601501, -0.0269953440874815, 0.43941935896873474),
            ["RightLowerArm"] = CFrame.new(-0.0000016391277313232422, 8.940696716308594e-07, -1.2665987014770508e-07, 1, -3.83704957584996e-07, 5.122275936741971e-08, 3.8743036157029564e-07, 1, 0, -3.818424332280301e-08, -2.2351745343485163e-08, 1),
            ["LeftHand"] = CFrame.new(9.313225746154785e-08, 0.0000998377799987793, 1.4901161193847656e-08, 0.3602288067340851, 0.7980709075927734, -0.4830300509929657, -0.9324829578399658, 0.2932546138763428, -0.21089637279510498, -0.026659375056624413, 0.5263882279396057, 0.8498263955116272),
            ["LeftFoot"] = CFrame.new(-2.8405338525772095e-08, -1.7881393432617188e-07, -1.862645149230957e-09, 0.9994831681251526, 0.03210461512207985, 0.001657336251810193, -0.031982749700546265, 0.9982538223266602, -0.04966365545988083, -0.0032490084413439035, 0.049585290253162384, 0.9987646341323853),
            ["LowerTorso"] = CFrame.new(-0.03332693129777908, -0.02198314666748047, 0.006662160158157349, 0.9996410608291626, 0.026751359924674034, 0.0014540757983922958, -0.026647448539733887, 0.9984329342842102, -0.04921015724539757, -0.002768235979601741, 0.04915374889969826, 0.9987874031066895),
            ["RightLowerLeg"] = CFrame.new(5.122274160385132e-08, -0.0000036954879760742188, -0.000013278964615892619, 1, -8.7777195290073e-08, -1.3201503179516294e-07, 1.1269007416103705e-07, 0.923437774181366, 0.38374805450439453, -1.5133997521843412e-07, -0.38374820351600647, 0.9234378337860107),
            ["LeftUpperLeg"] = CFrame.new(-3.5762786865234375e-07, 2.1714367903769016e-07, -1.8335413187742233e-08, 0.997491717338562, -0.058779992163181305, -0.03943736478686333, 0.05524652078747749, 0.9948155283927917, -0.08538155257701874, 0.04425173997879028, 0.08298858255147934, 0.9955675601959229),
            ["LeftLowerLeg"] = CFrame.new(-5.727633833885193e-08, 0.0000036954879760742188, 0.000013303011655807495, 1, 4.7730274843615916e-08, 2.153683631433978e-08, -7.450580596923828e-09, 0.9850457906723022, 0.17229285836219788, -9.778887033462524e-09, -0.1722930669784546, 0.9850457906723022),
        }},
        {Time = 0.133, Data = {
            ["RightFoot"] = CFrame.new(3.64379957318306e-08, 4.76837158203125e-07, 9.145878721028566e-09, 0.9998844265937805, 0.015205416828393936, -0.00017461105016991496, -0.015051894821226597, 0.9880251884460449, -0.15355627238750458, -0.0021624108776450157, 0.15354175865650177, 0.9881399273872375),
            ["LeftLowerArm"] = CFrame.new(-0.0004985928535461426, -0.00009942054748535156, -0.0000013932585716247559, 1, 3.9301812648773193e-07, -2.3283067918100642e-08, -3.9907172322273254e-07, 0.9997872710227966, -0.020627165213227272, 8.346978574991226e-08, 0.02062719315290451, 0.9997873306274414),
            ["RightUpperArm"] = CFrame.new(0.002086639404296875, -0.10901045799255371, -1.0803341865539551e-07, 0.006549112964421511, -0.9577420949935913, -0.2875562012195587, 0.7323083877563477, 0.20040883123874664, -0.650814950466156, 0.680941641330719, -0.20631633698940277, 0.702674388885498),
            ["Head"] = CFrame.new(6.05359673500061e-09, -2.384185791015625e-07, -7.238122634589672e-08, 0.9997768998146057, 0.019389573484659195, -0.008380744606256485, -0.021052518859505653, 0.9470901489257812, -0.32027673721313477, 0.001727293012663722, 0.32038170099258423, 0.9472869634628296),
            ["RightHand"] = CFrame.new(5.699694156646729e-07, -1.7881393432617188e-07, 5.960464477539062e-07, 0.9754205942153931, -0.21750040352344513, 0.035330601036548615, 0.21841324865818024, 0.9755514860153198, -0.024396449327468872, -0.029160529375076294, 0.03151349723339081, 0.9990779161453247),
            ["UpperTorso"] = CFrame.new(-6.599293556064367e-09, 0, 1.1836164048872888e-08, 0.9991852641105652, -0.013162595219910145, 0.03815183788537979, -0.0026195680256932974, 0.9221761226654053, 0.38676154613494873, -0.04027349874377251, -0.38654646277427673, 0.9213902950286865),
            ["HumanoidRootPart"] = CFrame.new(0, 0, 0, 1, 0, 0, 0, 1, 0, 0, 0, 1),
            ["RightUpperLeg"] = CFrame.new(2.384185791015625e-07, -3.0139926820993423e-07, -1.9572325982153416e-09, 0.9986346960067749, -0.03853216767311096, 0.03527257964015007, 0.04468297213315964, 0.9798527359962463, -0.19465911388397217, -0.027061304077506065, 0.1959691047668457, 0.9802365303039551),
            ["LeftUpperArm"] = CFrame.new(-0.0020867586135864258, -0.10900998115539551, -8.195638656616211e-08, 0.04237998649477959, 0.9773597717285156, 0.20729917287826538, -0.3985735774040222, 0.20679673552513123, -0.8935174345970154, -0.9161566495895386, -0.04475635662674904, 0.3983135521411896),
            ["RightLowerArm"] = CFrame.new(-0.0000017881393432617188, 0.0000013113021850585938, -2.8312206268310547e-07, 1, -3.799796957082435e-07, 2.7939687896605392e-08, 3.8370507127183373e-07, 1, 4.097820749393577e-08, -6.053599577171553e-08, 7.450582373280668e-09, 1),
            ["LeftHand"] = CFrame.new(8.046627044677734e-07, 0.00009959936141967773, 5.960464477539063e-08, 0.6605231165885925, 0.6537346243858337, -0.36924290657043457, -0.7489389181137085, 0.6083534955978394, -0.26267218589782715, 0.05291222408413887, 0.45004135370254517, 0.8914387226104736),
            ["LeftFoot"] = CFrame.new(-6.100162863731384e-08, -1.7881393432617188e-07, 4.6566128730773926e-09, 0.9994819760322571, 0.03214070200920105, 0.0016518405172973871, -0.03199966251850128, 0.9979473352432251, -0.05547306686639786, -0.0034313793294131756, 0.05539185553789139, 0.9984588027000427),
            ["LowerTorso"] = CFrame.new(-0.03332694619894028, -0.022155284881591797, 0.006596662104129791, 0.9996811747550964, 0.025235723704099655, 0.0008276831940747797, -0.02516445890069008, 0.9984718561172485, -0.049201108515262604, -0.0020680436864495277, 0.04916459321975708, 0.9987885355949402),
            ["RightLowerLeg"] = CFrame.new(-4.656612873077393e-10, -0.0000032782554626464844, -0.000013358127034734935, 1, -8.568170528633345e-08, 8.847568899739144e-09, 1.0244550452398471e-07, 0.9247426986694336, 0.38059255480766296, -2.328306880627906e-09, -0.38059309124946594, 0.9247428178787231),
            ["LeftUpperLeg"] = CFrame.new(-3.5762786865234375e-07, 4.351022653281689e-08, -7.363269105553627e-09, 0.9976001977920532, -0.057491205632686615, -0.03858301416039467, 0.053770218044519424, 0.994363009929657, -0.09138438105583191, 0.043619412928819656, 0.08909045159816742, 0.9950680136680603),
            ["LeftLowerLeg"] = CFrame.new(-7.35744833946228e-08, 0.000003814697265625, 0.000013317912817001343, 1, 3.748573007555933e-08, -7.310879368560563e-08, -1.0710210496256423e-08, 0.9829220175743103, 0.18402214348316193, -4.284084198502569e-08, -0.18402250111103058, 0.9829220771789551),
        }},
        {Time = 0.167, Data = {
            ["RightFoot"] = CFrame.new(-8.149072527885437e-09, 2.384185791015625e-07, 1.1939846444875002e-08, 0.9998846054077148, 0.015195324085652828, -0.00017158081755042076, -0.015044094994664192, 0.988206148147583, -0.1523887664079666, -0.0021457986440509558, 0.1523742526769638, 0.9883206486701965),
            ["LeftLowerArm"] = CFrame.new(-0.0004985630512237549, -0.00009942054748535156, -8.568167686462402e-07, 1, 3.799798378167907e-07, -1.983717794473705e-07, -3.9115562344704813e-07, 0.9966248273849487, -0.08209148049354553, 5.401672709126615e-08, 0.08209143579006195, 0.9966248273849487),
            ["RightUpperArm"] = CFrame.new(0.002087235450744629, -0.10901010036468506, -2.123415470123291e-07, 0.005213786382228136, -0.9566331505775452, -0.29125112295150757, 0.7249302864074707, 0.20423372089862823, -0.6578481793403625, 0.6888025403022766, -0.20770561695098877, 0.694556474685669),
            ["Head"] = CFrame.new(-5.587935447692871e-09, 5.960464477539062e-07, -1.596636138856411e-07, 0.9997124075889587, 0.022623321041464806, -0.007958626374602318, -0.023980796337127686, 0.9468070268630981, -0.3209071159362793, 0.00027529706130735576, 0.3210057020187378, 0.9470772743225098),
            ["RightHand"] = CFrame.new(8.754432201385498e-07, -1.1920928955078125e-07, 5.21540641784668e-08, 0.9737248420715332, -0.2245463728904724, 0.03793226554989815, 0.22501236200332642, 0.974319338798523, -0.008443735539913177, -0.03506211191415787, 0.016757076606154442, 0.9992446303367615),
            ["UpperTorso"] = CFrame.new(-1.0877556633204222e-09, -1.1920928955078125e-07, 2.3355823941528797e-09, 0.9991607069969177, -0.01268849428743124, 0.03894742578268051, -0.0033616682048887014, 0.9222071766853333, 0.3866819143295288, -0.04082399606704712, -0.38648825883865356, 0.9213904142379761),
            ["HumanoidRootPart"] = CFrame.new(0, 0, 0, 1, 0, 0, 0, 1, 0, 0, 0, 1),
            ["RightUpperLeg"] = CFrame.new(5.960464477539063e-08, 2.398737706243992e-07, -8.025381248444319e-09, 0.9986850619316101, -0.03683307021856308, 0.03565777465701103, 0.04306647181510925, 0.9800994396209717, -0.19377921521663666, -0.02781093493103981, 0.1950598806142807, 0.9803969860076904),
            ["LeftUpperArm"] = CFrame.new(-0.002087116241455078, -0.10900938510894775, -3.725290298461914e-09, 0.009972388856112957, 0.9802722930908203, 0.19740267097949982, -0.3665490746498108, 0.18725243210792542, -0.9113602638244629, -0.9303452968597412, -0.0632689818739891, 0.3611849844455719),
            ["RightLowerArm"] = CFrame.new(-0.0000011920928955078125, 8.344650268554688e-07, 4.76837158203125e-07, 1, -3.986060619354248e-07, 7.264318924171675e-08, 3.762544054097816e-07, 1, -1.4901166522918174e-08, -2.1420424545226524e-08, 7.450580596923828e-09, 1),
            ["LeftHand"] = CFrame.new(6.109476089477539e-07, 0.00009930133819580078, 5.960464477539063e-08, 0.8724247813224792, 0.37984558939933777, -0.3075586259365082, -0.42415136098861694, 0.9010791182518005, -0.09028907120227814, 0.2428387701511383, 0.20922185480594635, 0.9472358226776123),
            ["LeftFoot"] = CFrame.new(7.916241884231567e-09, -1.7881393432617188e-07, 2.7939677238464355e-09, 0.9994807243347168, 0.032182808965444565, 0.0016455247532576323, -0.032016344368457794, 0.9975188374519348, -0.06269880384206772, -0.003659522393718362, 0.0626138225197792, 0.9980311989784241),
            ["LowerTorso"] = CFrame.new(-0.03332697972655296, -0.022601842880249023, 0.006543837487697601, 0.9997208118438721, 0.023628849536180496, 0.00007510883006034419, -0.023596495389938354, 0.9985085129737854, -0.0492345355451107, -0.0012383520370349288, 0.04921901971101761, 0.9987872242927551),
            ["RightLowerLeg"] = CFrame.new(-9.313225746154785e-09, -0.0000034570693969726562, -0.000013378616131376475, 1, -1.4668332326550626e-08, 1.4901166522918174e-08, 3.073364496231079e-08, 0.9255346655845642, 0.378663033246994, -2.9336661100387573e-08, -0.37866321206092834, 0.925534725189209),
            ["LeftUpperLeg"] = CFrame.new(-2.980232238769531e-07, 5.54107828065753e-07, -2.112938091158867e-08, 0.997715950012207, -0.056155864149332047, -0.037541426718235016, 0.05221062898635864, 0.9937283992767334, -0.09888388216495514, 0.0428590402007103, 0.09669797122478485, 0.9943905472755432),
            ["LeftLowerLeg"] = CFrame.new(-2.8405338525772095e-08, 0.000003874301910400391, 0.00001325458288192749, 1, 1.1641533959050321e-08, 2.46800535563807e-08, -2.561136724921198e-08, 0.9800717830657959, 0.1986435502767563, 8.638016169015827e-08, -0.1986437737941742, 0.9800718426704407),
        }},
        {Time = 0.200, Data = {
            ["RightFoot"] = CFrame.new(-7.404014468193054e-08, 4.172325134277344e-07, -4.823959898203611e-09, 0.9998829960823059, 0.015297569334506989, -0.0001649107289267704, -0.015145713463425636, 0.9883208274841309, -0.15163268148899078, -0.002156768459826708, 0.15161801874637604, 0.9884369969367981),
            ["LeftLowerArm"] = CFrame.new(-0.0004984140396118164, -0.00009936094284057617, -4.3213367462158203e-07, 1, 3.6228448152542114e-07, -2.0070005746219977e-07, -3.9488062952841574e-07, 0.9925081729888916, -0.12217885255813599, 6.798652663064786e-08, 0.122178815305233, 0.9925081729888916),
            ["RightUpperArm"] = CFrame.new(0.002087235450744629, -0.10901105403900146, -2.0116567611694336e-07, 0.0032563251443207264, -0.955824077129364, -0.29392382502555847, 0.7180370688438416, 0.2068052589893341, -0.6645703315734863, 0.6959972381591797, -0.20888300240039825, 0.6869897842407227),
            ["Head"] = CFrame.new(9.313225746154785e-09, -1.1920928955078125e-07, 6.111804395914078e-09, 0.9996403455734253, 0.0256492979824543, -0.00784178264439106, -0.026808708906173706, 0.9465727806091309, -0.32137420773506165, -0.0008202121825888753, 0.32146885991096497, 0.9469197988510132),
            ["RightHand"] = CFrame.new(2.682209014892578e-07, 5.364418029785156e-07, 5.140900611877441e-07, 0.9720586538314819, -0.23109480738639832, 0.04119821637868881, 0.23104172945022583, 0.9729247093200684, 0.006111346185207367, -0.04149509593844414, 0.0035779569298028946, 0.9991323351860046),
            ["UpperTorso"] = CFrame.new(3.892637323588133e-09, -2.9802322387695312e-08, -1.8735590856522322e-10, 0.9991308450698853, -0.012327912263572216, 0.03982004150748253, -0.0040236180648207664, 0.9222855567932129, 0.3864883482456207, -0.04149003326892853, -0.3863126337528229, 0.9214343428611755),
            ["HumanoidRootPart"] = CFrame.new(0, 0, 0, 1, 0, 0, 0, 1, 0, 0, 0, 1),
            ["RightUpperLeg"] = CFrame.new(5.960464477539063e-08, -4.7168578021228313e-07, 1.824082573875785e-08, 0.9987252950668335, -0.035205572843551636, 0.036172110587358475, 0.041559651494026184, 0.9802319407463074, -0.1934380978345871, -0.02864677459001541, 0.1946946531534195, 0.9804454445838928),
            ["LeftUpperArm"] = CFrame.new(-0.0020869970321655273, -0.10901045799255371, 6.332993507385254e-08, -0.02564202807843685, 0.9852390289306641, 0.16925539076328278, -0.3407978415489197, 0.1505511850118637, -0.9280035495758057, -0.9397867918014526, -0.081477090716362, 0.33190661668777466),
            ["RightLowerArm"] = CFrame.new(-0.000001817941665649414, 6.556510925292969e-07, -7.450580596923828e-07, 1, -3.874302478834579e-07, 1.30385160446167e-08, 3.837050428501243e-07, 1, -3.725290298461914e-09, -4.74974690689578e-08, -3.3527616238870905e-08, 1),
            ["LeftHand"] = CFrame.new(8.940696716308594e-08, 0.00009971857070922852, -3.129243850708008e-07, 0.872420608997345, 0.13149751722812653, -0.470734179019928, -0.07308662682771683, 0.9873975515365601, 0.14037224650382996, 0.4832604229450226, -0.08805928379297256, 0.87103670835495),
            ["LeftFoot"] = CFrame.new(1.3271346688270569e-08, 5.960464477539063e-08, -1.862645149230957e-09, 0.9994757771492004, 0.032333988696336746, 0.0016428185626864433, -0.03213873505592346, 0.9970105290412903, -0.07026518881320953, -0.003909605089575052, 0.07017584145069122, 0.997527003288269),
            ["LowerTorso"] = CFrame.new(-0.03351300582289696, -0.02321648597717285, 0.006510011851787567, 0.9997572302818298, 0.02201959118247032, -0.000763667980208993, -0.02203047275543213, 0.9985426068305969, -0.049268074333667755, -0.0003223078092560172, 0.04927293583750725, 0.9987853169441223),
            ["RightLowerLeg"] = CFrame.new(4.656612873077393e-10, -0.0000035762786865234375, -0.000013258475519251078, 1, -8.009376983864058e-08, -1.6530979252138422e-08, 1.2386593084556807e-07, 0.9259575009346008, 0.37762758135795593, -8.009376273321323e-08, -0.3776279091835022, 0.9259576797485352),
            ["LeftUpperLeg"] = CFrame.new(2.9802322387695312e-08, -1.5908153727650642e-07, 1.0826624929904938e-08, 0.9978269934654236, -0.05491871014237404, -0.036403805017471313, 0.05075763538479805, 0.9929891228675842, -0.1067541241645813, 0.04201122745871544, 0.104674331843853, 0.9936187863349915),
            ["LeftLowerLeg"] = CFrame.new(-5.634501576423645e-08, 0.000003933906555175781, 0.000013284385204315186, 1, 4.097820749393577e-08, -6.507617911211128e-08, -1.816079375771551e-08, 0.9768496751785278, 0.21392710506916046, -4.097820394122209e-08, -0.2139272838830948, 0.9768496751785278),
        }},
        {Time = 0.233, Data = {
            ["RightFoot"] = CFrame.new(-1.1641532182693481e-10, 4.76837158203125e-07, 4.489265847951174e-09, 0.999881386756897, 0.01540669146925211, -0.00015783606795594096, -0.015252607874572277, 0.9883226752281189, -0.15161015093326569, -0.002179848263040185, 0.15159465372562408, 0.9884404540061951),
            ["LeftLowerArm"] = CFrame.new(-0.0004979074001312256, -0.00009971857070922852, 1.564621925354004e-07, 1, 3.6507861977952416e-07, -1.38970861485177e-07, -3.8743019104003906e-07, 0.9863243699073792, -0.16481633484363556, 1.1548399925231934e-07, 0.16481633484363556, 0.9863243103027344),
            ["RightUpperArm"] = CFrame.new(0.002087235450744629, -0.10901021957397461, 2.3096799850463867e-07, 0.00012696160410996526, -0.9554694294929504, -0.2950924038887024, 0.7116586565971375, 0.20739413797855377, -0.6712146997451782, 0.7025255560874939, -0.2099185287952423, 0.6799936890602112),
            ["Head"] = CFrame.new(5.587935447692871e-09, 1.1920928955078125e-07, 3.544846549630165e-08, 0.9995988607406616, 0.027227921411395073, -0.0078047895804047585, -0.028290051966905594, 0.946160614490509, -0.32245925068855286, -0.0013953093439340591, 0.3225507140159607, 0.9465512037277222),
            ["RightHand"] = CFrame.new(4.4330954551696777e-07, -5.364418029785156e-07, -1.7881393432617188e-07, 0.9706405401229858, -0.23605386912822723, 0.04621351137757301, 0.23537492752075195, 0.9717050194740295, 0.019698485732078552, -0.04955582693219185, -0.008242662996053696, 0.9987373352050781),
            ["UpperTorso"] = CFrame.new(4.076355253346264e-09, 2.9802322387695312e-08, -9.527866495773196e-09, 0.9990935325622559, -0.01150183193385601, 0.04098539799451828, -0.005228990688920021, 0.9223547577857971, 0.3863087296485901, -0.042246341705322266, -0.3861728310585022, 0.9214586019515991),
            ["HumanoidRootPart"] = CFrame.new(0, 0, 0, 1, 0, 0, 0, 1, 0, 0, 0, 1),
            ["RightUpperLeg"] = CFrame.new(-2.9802322387695312e-08, 1.891166903078556e-07, -2.2242602426558733e-08, 0.9987415671348572, -0.034075744450092316, 0.036797814071178436, 0.04058493301272392, 0.9801926016807556, -0.19384360313415527, -0.02946360968053341, 0.1950930953025818, 0.9803420305252075),
            ["LeftUpperArm"] = CFrame.new(-0.002086639404296875, -0.10900986194610596, 6.332993507385254e-08, -0.05408809334039688, 0.9861152172088623, 0.1570095419883728, -0.3783184885978699, 0.12527796626091003, -0.9171586632728577, -0.9240939617156982, -0.10900625586509705, 0.3662893772125244),
            ["RightLowerArm"] = CFrame.new(-0.000001519918441772461, 0.0000013709068298339844, -4.470348358154297e-08, 1, -3.986062608873908e-07, 4.5634816814299484e-08, 3.9488091374551004e-07, 1, -7.450582373280668e-09, -8.195641498787154e-08, -7.450584149637507e-09, 1),
            ["LeftHand"] = CFrame.new(-3.129243850708008e-07, 0.00010013580322265625, -1.4435499906539917e-07, 0.7634469866752625, -0.09586156904697418, -0.6387170553207397, 0.3204115033149719, 0.9148663878440857, 0.24567483365535736, 0.5607898831367493, -0.3922119140625, 0.7291669249534607),
            ["LeftFoot"] = CFrame.new(3.259629011154175e-09, -1.7881393432617188e-07, 1.862645149230957e-09, 0.999471127986908, 0.03247683867812157, 0.0016394808189943433, -0.032258011400699615, 0.9965794682502747, -0.07608373463153839, -0.004104985855519772, 0.07599112391471863, 0.9971001744270325),
            ["LowerTorso"] = CFrame.new(-0.03369902819395065, -0.02383112907409668, 0.006476216018199921, 0.9997795224189758, 0.020937148481607437, -0.0015820966800674796, -0.02098971977829933, 0.9985611438751221, -0.0493459589779377, 0.0005466567235998809, 0.04936828836798668, 0.9987804889678955),
            ["RightLowerLeg"] = CFrame.new(-8.42846930027008e-08, -0.000003516674041748047, -0.000013303179002832621, 1, -1.1338858030285337e-07, -1.3969847501016375e-09, 1.4668336234535673e-07, 0.9257887005805969, 0.37804147601127625, -8.381905836074566e-09, -0.37804141640663147, 0.9257886409759521),
            ["LeftUpperLeg"] = CFrame.new(-1.1920928955078125e-07, 4.3949694372713566e-07, -3.3585820347070694e-08, 0.9979085922241211, -0.05411478504538536, -0.03535580635070801, 0.04982385411858559, 0.9923844337463379, -0.11265367269515991, 0.041182879358530045, 0.11065644025802612, 0.9930051565170288),
            ["LeftLowerLeg"] = CFrame.new(-8.42846930027008e-08, 0.000003933906555175781, 0.000013317912817001343, 1, 2.1886087608891103e-08, 5.9138990593510243e-08, -1.6763802790364934e-08, 0.9742318987846375, 0.2255488783121109, -1.6298141503057195e-08, -0.22554919123649597, 0.9742318987846375),
        }},
        {Time = 0.267, Data = {
            ["RightFoot"] = CFrame.new(-1.2922100722789764e-08, 4.76837158203125e-07, -2.029992174357176e-09, 0.9998801350593567, 0.015486069023609161, -0.00015152254491113126, -0.015328692272305489, 0.988224446773529, -0.1522410362958908, -0.0022074843291193247, 0.15222565829753876, 0.9883434176445007),
            ["LeftLowerArm"] = CFrame.new(-0.000499039888381958, -0.0000997781753540039, -3.725290298461914e-07, 1, 3.147870017983223e-07, -1.387670636177063e-07, -3.874300489314919e-07, 0.958801805973053, -0.28407570719718933, 1.1548395661975519e-07, 0.28407570719718933, 0.9588018655776978),
            ["RightUpperArm"] = CFrame.new(0.002087235450744629, -0.10901021957397461, 2.1979212760925293e-07, -0.004674473777413368, -0.9556999802589417, -0.2943077087402344, 0.7059524655342102, 0.20529037714004517, -0.6778544187545776, 0.7082438468933105, -0.21093471348285675, 0.6737183928489685),
            ["Head"] = CFrame.new(4.6566128730773926e-09, 9.5367431640625e-07, 1.3023964129388332e-07, 0.999625027179718, 0.026197906583547592, -0.007975749671459198, -0.02736852318048477, 0.9455869793891907, -0.32421642541885376, -0.0009520145831629634, 0.32431313395500183, 0.9459493160247803),
            ["RightHand"] = CFrame.new(9.08970832824707e-07, -4.172325134277344e-07, -5.21540641784668e-08, 0.9698801040649414, -0.23780837655067444, 0.052724145352840424, 0.23633769154548645, 0.9711220860481262, 0.03265676647424698, -0.05896768346428871, -0.019212396815419197, 0.9980750679969788),
            ["UpperTorso"] = CFrame.new(-1.522494130767882e-08, -1.4901161193847656e-07, -6.821210263296962e-09, 0.9990565180778503, -0.009689627215266228, 0.0423332117497921, -0.007423646282404661, 0.9223389029502869, 0.3863105773925781, -0.042788758873939514, -0.38626039028167725, 0.921396791934967),
            ["HumanoidRootPart"] = CFrame.new(0, 0, 0, 1, 0, 0, 0, 1, 0, 0, 0, 1),
            ["RightUpperLeg"] = CFrame.new(2.384185791015625e-07, 3.8268626667559147e-07, -4.7562934923917055e-08, 0.9987347722053528, -0.033504415303468704, 0.03750041127204895, 0.04019251465797424, 0.9800084233283997, -0.19485415518283844, -0.03022274374961853, 0.19611461460590363, 0.9801151156425476),
            ["LeftUpperArm"] = CFrame.new(-0.0020873546600341797, -0.10900986194610596, -1.2293457984924316e-07, -0.06361164152622223, 0.9718073010444641, 0.22703564167022705, -0.5850368142127991, 0.14799122512340546, -0.7973896265029907, -0.8085082173347473, -0.1835462749004364, 0.5591285228729248),
            ["RightLowerArm"] = CFrame.new(-0.0000010132789611816406, 5.364418029785156e-07, 6.705522537231445e-08, 1, -3.83704957584996e-07, 3.8184236217375656e-08, 3.8743027630516735e-07, 1, 0, -3.166497464235363e-08, 0, 1),
            ["LeftHand"] = CFrame.new(2.3096799850463867e-07, 0.0000997781753540039, -5.587935447692871e-07, 0.756801187992096, -0.2827308177947998, -0.5893344879150391, 0.4984680116176605, 0.8328657746315002, 0.2405499517917633, 0.4228256642818451, -0.4758129119873047, 0.7712461352348328),
