return {
    ["We Like To Move It"] = {
        [1] = {Time = 0.000, Data = {
            ["RightFoot"] = CFrame.new(-2.9802322387695312e-08, 4.172325134277344e-07, -5.75528247281909e-09, 0.974973738193512, 0.2222704291343689, -0.004718123469501734, -0.20540884137153625, 0.8924883008003235, -0.4015865623950958, -0.0850505530834198, 0.392505407333374, 0.9158089756965637),
            ["LeftLowerArm"] = CFrame.new(0, -2.980232238769531e-07, -2.1606683731079102e-07, 0.8318161368370056, -0.2472880482673645, 0.4969199299812317, 0.5036392211914062, 0.712573766708374, -0.488456130027771, -0.23330122232437134, 0.6565722823143005, 0.7172734141349792),
            ["LeftFoot"] = CFrame.new(-3.725290298461914e-09, 5.960464477539063e-08, -1.1175870895385742e-08, 0.9811734557151794, -0.1367475986480713, -0.1363753080368042, 0.11351136118173599, 0.9796334505081177, -0.16563120484352112, 0.1562492400407791, 0.14703252911567688, 0.9767129421234131),
            ["Head"] = CFrame.new(5.21540641784668e-08, 0, 1.4156103134155273e-07, 0.8016612529754639, 0.03625374287366867, 0.5966784358024597, 0.07978164404630661, 0.9827406406402588, -0.1669004261493683, -0.5924307703971863, 0.1814015954732895, 0.784932553768158),
            ["LowerTorso"] = CFrame.new(-0.0810929387807846, -0.252170205116272, 0.22537751495838165, 0.7482771873474121, -0.006791335064917803, -0.6633514761924744, 0.07403850555419922, 0.9945553541183472, 0.07333511859178543, 0.6592416167259216, -0.10398854315280914, 0.7447059154510498),
            ["UpperTorso"] = CFrame.new(1.1175870895385742e-08, 1.1920928955078125e-07, 7.450580596923828e-09, 0.9973244071006775, -0.006766266189515591, 0.07278963178396225, -0.011410861276090145, 0.9690936803817749, 0.24642911553382874, -0.07220718264579773, -0.24660034477710724, 0.9664235711097717),
            ["HumanoidRootPart"] = CFrame.new(0, 0, 0, 1, 0, 0, 0, 1, 0, 0, 0, 1),
            ["RightUpperLeg"] = CFrame.new(-2.9802322387695312e-08, -5.960464477539063e-08, -1.6952981241047382e-09, 0.97222900390625, -0.2152162343263626, -0.09193775057792664, 0.13112246990203857, 0.8263201117515564, -0.5477232336997986, 0.1938496083021164, 0.5204585194587708, 0.8315929770469666),
            ["LeftUpperArm"] = CFrame.new(0, -1.1920928955078125e-07, 4.470348358154297e-08, 0.9921680092811584, -0.10060667246580124, 0.07403437048196793, 0.08804113417863846, 0.9836882948875427, 0.15686438977718353, -0.08860866725444794, -0.1491163820028305, 0.9848414063453674),
            ["RightLowerArm"] = CFrame.new(-5.960464477539063e-08, 0, 9.685754776000977e-08, 0.9691128134727478, 0.006431876216083765, 0.24653269350528717, 0.09327509999275208, 0.9158450961112976, -0.390544056892395, -0.22829852998256683, 0.40148016810417175, 0.886959433555603),
            ["LeftHand"] = CFrame.new(-8.940696716308594e-08, -3.5762786865234375e-07, 2.9802322387695312e-08, 0.9464278817176819, 0.252992182970047, -0.20067156851291656, -0.21462060511112213, 0.9571384787559509, 0.19449001550674438, 0.24127212166786194, -0.14099980890750885, 0.9601585865020752),
            ["RightHand"] = CFrame.new(0, -2.384185791015625e-07, -1.4901161193847656e-07, 0.821286141872406, 0.31025925278663635, -0.4787808656692505, -0.37410908937454224, 0.9264618158340454, -0.04136809706687927, 0.4307337999343872, 0.21309103071689606, 0.8769592642784119),
            ["RightUpperArm"] = CFrame.new(1.1920928955078125e-07, -2.384185791015625e-07, 1.4901161193847656e-08, 0.9739118814468384, -0.0006937339785508811, 0.22692559659481049, -0.08944908529520035, 0.9178611636161804, 0.38669225573539734, -0.20855379104614258, -0.39690086245536804, 0.8938534259796143),
            ["RightLowerLeg"] = CFrame.new(4.470348358154297e-08, 2.980232238769531e-07, -2.8107024263590574e-08, 1, -5.21540641784668e-08, -1.3411047916633834e-07, 5.2154071283894154e-08, 0.590235710144043, 0.8072306513786316, -8.940698137394065e-08, -0.8072309494018555, 0.5902361869812012),
            ["LeftUpperLeg"] = CFrame.new(2.9802322387695312e-08, -8.940696716308594e-08, 7.264316082000732e-08, 0.6805363893508911, 0.630530595779419, 0.37322938442230225, -0.12959571182727814, 0.6049296855926514, -0.7856615781784058, -0.7211623191833496, 0.4863035976886749, 0.49339208006858826),
            ["LeftLowerLeg"] = CFrame.new(-7.450580596923828e-09, 0, -3.725290298461914e-08, 1, 7.450580596923828e-08, 4.4703490686970326e-08, -6.705523247774181e-08, 0.5752642154693604, 0.8179675936698914, 3.725290653733282e-08, -0.8179676532745361, 0.5752643346786499)
        }},
        [2] = {Time = 0.023, Data = {
            ["RightFoot"] = CFrame.new(2.60770320892334e-08, 2.384185791015625e-07, 1.6952981241047382e-09, 0.9723109006881714, 0.23368680477142334, 0.0014778259210288525, -0.21160729229450226, 0.8830934762954712, -0.41876983642578125, -0.099166639149189, 0.4068618714809418, 0.9080912470817566),
            ["LeftLowerArm"] = CFrame.new(1.1920928955078125e-07, -1.7881393432617188e-07, -7.450580596923828e-09, 0.8300120234489441, -0.2256316840648651, 0.5100684762001038, 0.5006183981895447, 0.7045632600784302, -0.5029658675193787, -0.24588890373706818, 0.6728158593177795, 0.6977503895759583),
            ["LeftFoot"] = CFrame.new(3.725290298461914e-09, -5.960464477539063e-08, -4.470348358154297e-08, 0.9797707200050354, -0.1431402564048767, -0.13985589146614075, 0.11614946275949478, 0.9758392572402954, -0.1850598305463791, 0.16296817362308502, 0.16507190465927124, 0.9727246165275574),
            ["Head"] = CFrame.new(-2.2351741790771484e-08, -1.1920928955078125e-07, 1.7881393432617188e-07, 0.8163414597511292, 0.032324738800525665, 0.5766647458076477, 0.0700564756989479, 0.9855189919471741, -0.15441665053367615, -0.573305070400238, 0.1664559543132782, 0.8022551536560059),
            ["LowerTorso"] = CFrame.new(-0.0636533722281456, -0.25236260890960693, 0.1915663778781891, 0.7557855248451233, -0.026615066453814507, -0.6542781591415405, 0.06866899877786636, 0.9968858361244202, 0.038770727813243866, 0.6512086987495422, -0.07423099130392075, 0.7552594542503357),
            ["UpperTorso"] = CFrame.new(0, -5.960464477539063e-08, 2.2351741790771484e-08, 0.9978173971176147, -0.0009406582685187459, 0.06602790206670761, -0.014887703582644463, 0.9709506630897522, 0.2388162910938263, -0.06433437019586563, -0.239278182387352, 0.968817412853241),
            ["HumanoidRootPart"] = CFrame.new(0, 0, 0, 1, 0, 0, 0, 1, 0, 0, 0, 1),
            ["RightUpperLeg"] = CFrame.new(-2.9802322387695312e-08, 8.940696716308594e-08, 1.3205863069742918e-08, 0.9661120772361755, -0.2348385751247406, -0.10713597387075424, 0.15170541405677795, 0.852397084236145, -0.5004034042358398, 0.2088371217250824, 0.4671939015388489, 0.8591381907463074),
            ["LeftUpperArm"] = CFrame.new(-1.1920928955078125e-07, -3.5762786865234375e-07, 7.450580596923828e-08, 0.9929084181785583, -0.10435345023870468, 0.056950636208057404, 0.0913081169128418, 0.976185142993927, 0.19678883254528046, -0.07613015919923782, -0.19019173085689545, 0.9787904620170593),
            ["RightLowerArm"] = CFrame.new(2.9802322387695312e-08, -5.364418029785156e-07, 3.725290298461914e-08, 0.9822173714637756, -0.0393194779753685, 0.18358196318149567, 0.10139879584312439, 0.9340494871139526, -0.34244370460510254, -0.158010795712471, 0.35497257113456726, 0.9214282035827637),
            ["LeftHand"] = CFrame.new(-2.9802322387695312e-08, -3.5762786865234375e-07, 8.940696716308594e-08, 0.9612874984741211, 0.20393802225589752, -0.18529930710792542, -0.1803460270166397, 0.9740875959396362, 0.13649336993694305, 0.2083311527967453, -0.09778935462236404, 0.9731566309928894),
            ["RightHand"] = CFrame.new(-5.960464477539063e-08, -1.7881393432617188e-07, -5.960464477539063e-08, 0.8396145701408386, 0.2936570644378662, -0.4569629430770874, -0.3734627068042755, 0.9229650497436523, -0.09306824952363968, 0.39442747831344604, 0.24879960715770721, 0.8846034407615662),
            ["RightUpperArm"] = CFrame.new(0, -3.5762786865234375e-07, 5.960464477539063e-08, 0.9730818867683411, 0.020090460777282715, 0.22958199679851532, -0.106340691447258, 0.9229466319084167, 0.36994943022727966, -0.20445866882801056, -0.384403258562088, 0.9002386331558228),
            ["RightLowerLeg"] = CFrame.new(0, 1.1920928955078125e-07, -8.77116690389812e-08, 1, -8.195638656616211e-08, -1.1175872316471214e-07, 5.21540641784668e-08, 0.5928728580474854, 0.8052959442138672, -2.2351741790771484e-08, -0.8052961826324463, 0.5928731560707092),
            ["LeftUpperLeg"] = CFrame.new(5.960464477539063e-08, -2.9802322387695312e-08, 5.587935447692871e-08, 0.6848422288894653, 0.6233189702033997, 0.3774431645870209, -0.15758296847343445, 0.6324023604393005, -0.758441686630249, -0.7114482522010803, 0.45993557572364807, 0.5313218235969543),
            ["LeftLowerLeg"] = CFrame.new(-5.21540641784668e-08, 1.1920928955078125e-07, -2.421438694000244e-08, 1, 9.406359424701805e-08, 4.470348358154297e-08, -5.5879347371501353e-08, 0.5690121054649353, 0.8223292231559753, 4.8428766774577525e-08, -0.8223292827606201, 0.5690119862556458)
        }},
        [3] = {Time = 0.047, Data = {
            ["RightFoot"] = CFrame.new(3.725290298461914e-09, 2.980232238769531e-07, 1.6952981241047382e-09, 0.9686769843101501, 0.24816595017910004, 0.008860335685312748, -0.21964047849178314, 0.8728892803192139, -0.4356857240200043, -0.11585702002048492, 0.4200928509235382, 0.9000553488731384),
            ["LeftLowerArm"] = CFrame.new(2.9802322387695312e-08, -5.960464477539063e-08, 1.4156103134155273e-07, 0.8446393013000488, -0.21945741772651672, 0.48828545212745667, 0.4889320135116577, 0.6876977682113647, -0.5366747379302979, -0.21801386773586273, 0.6920334696769714, 0.6881551742553711),
            ["LeftFoot"] = CFrame.new(2.60770320892334e-08, 0, 1.1175870895385742e-08, 0.9790080189704895, -0.15191692113876343, -0.13588251173496246, 0.12179591506719589, 0.9705992937088013, -0.20761211216449738, 0.16342900693416595, 0.18670397996902466, 0.968727707862854),
            ["Head"] = CFrame.new(3.725290298461914e-08, 2.384185791015625e-07, 4.470348358154297e-08, 0.8279534578323364, 0.027249015867710114, 0.5601348280906677, 0.06094292551279068, 0.9885316491127014, -0.1381710171699524, -0.5574756860733032, 0.14853544533252716, 0.8167972564697266),
            ["LowerTorso"] = CFrame.new(-0.047915179282426834, -0.2528632879257202, 0.15582117438316345, 0.7634192109107971, -0.04613060504198074, -0.6442539691925049, 0.06196470558643341, 0.9980764985084534, 0.0019606570713222027, 0.6429241895675659, -0.04141783341765404, 0.7648090720176697),
            ["UpperTorso"] = CFrame.new(9.313225746154785e-09, 1.7881393432617188e-07, -1.4901161193847656e-08, 0.9982553124427795, 0.003734998404979706, 0.058927904814481735, -0.017719855532050133, 0.9709469676017761, 0.23863787949085236, -0.05632443726062775, -0.23926573991775513, 0.9693191051483154),
            ["HumanoidRootPart"] = CFrame.new(0, 0, 0, 1, 0, 0, 0, 1, 0, 0, 0, 1),
            ["RightUpperLeg"] = CFrame.new(0, -2.9802322387695312e-08, -9.145878721028566e-09, 0.9582428932189941, -0.2580278813838959, -0.12325526773929596, 0.1780748963356018, 0.875706672668457, -0.44880545139312744, 0.2237405776977539, 0.40811699628829956, 0.8850885629653931),
            ["LeftUpperArm"] = CFrame.new(5.960464477539063e-08, 3.5762786865234375e-07, 7.450580596923828e-08, 0.9921539425849915, -0.11602681875228882, 0.04656657576560974, 0.10247768461704254, 0.9680861830711365, 0.22870981693267822, -0.07161704450845718, -0.2221418023109436, 0.9723803400993347),
            ["RightLowerArm"] = CFrame.new(0, 0, 8.195638656616211e-08, 0.9849497079849243, -0.057664655148983, 0.16293634474277496, 0.10569874942302704, 0.9468428492546082, -0.3038333058357239, -0.1367555409669876, 0.316486120223999, 0.9386890530586243),
            ["LeftHand"] = CFrame.new(-5.960464477539063e-08, -2.384185791015625e-07, 0, 0.9762812256813049, 0.14415831863880157, -0.1615343689918518, -0.13233698904514313, 0.9878268241882324, 0.08176995813846588, 0.17135301232337952, -0.05845217406749725, 0.9834735989570618),
            ["RightHand"] = CFrame.new(5.960464477539063e-08, -2.384185791015625e-07, -2.9802322387695312e-08, 0.8511185646057129, 0.28895869851112366, -0.4382944107055664, -0.3846708834171295, 0.9114169478416443, -0.14610794186592102, 0.35724738240242004, 0.2929539382457733, 0.8868768215179443),
            ["RightUpperArm"] = CFrame.new(5.960464477539063e-08, 1.1920928955078125e-07, -5.960464477539063e-08, 0.979691207408905, 0.041960593312978745, 0.19607184827327728, -0.10856661945581436, 0.9331302642822266, 0.34275731444358826, -0.16857773065567017, -0.35708147287368774, 0.9187345504760742),
            ["RightLowerLeg"] = CFrame.new(0, 5.960464477539062e-07, -1.3241515262052417e-07, 1, -1.4901159417490817e-08, -8.195639367158947e-08, 8.940698137394065e-08, 0.5968233346939087, 0.8023724555969238, -2.2351745343485163e-08, -0.8023726344108582, 0.5968236923217773),
            ["LeftUpperLeg"] = CFrame.new(5.960464477539063e-08, 2.9802322387695312e-08, 6.58910721540451e-08, 0.6944791674613953, 0.6116896271705627, 0.37885788083076477, -0.18734775483608246, 0.662117063999176, -0.7256038188934326, -0.6946938633918762, 0.432939738035202, 0.574426531791687),
            ["LeftLowerLeg"] = CFrame.new(4.0978193283081055e-08, -5.960464477539063e-08, -2.2351741790771484e-08, 1, 8.288771624620495e-08, 4.284084198502569e-08, -8.195639367158947e-08, 0.5613287091255188, 0.8275930285453796, 3.3527616238870905e-08, -0.8275930285453796, 0.5613287687301636)
        }},
        [4] = {Time = 0.070, Data = {
            ["RightFoot"] = CFrame.new(4.470348358154297e-08, 4.76837158203125e-07, -3.55576048605144e-08, 0.9633034467697144, 0.2674552798271179, 0.022676080465316772, -0.22890348732471466, 0.8626871109008789, -0.4509696662425995, -0.14017733931541443, 0.42923030257225037, 0.8922511339187622),
            ["LeftLowerArm"] = CFrame.new(-8.940696716308594e-08, -2.384185791015625e-07, -1.2665987014770508e-07, 0.8819223642349243, -0.2712205648422241, 0.38555461168289185, 0.4657991826534271, 0.6270495057106018, -0.6243734359741211, -0.07241737842559814, 0.7302386164665222, 0.6793419718742371),
            ["LeftFoot"] = CFrame.new(8.568167686462402e-08, 0, 7.450580596923828e-09, 0.9792937636375427, -0.15732480585575104, -0.12740638852119446, 0.12441527843475342, 0.9641748070716858, -0.23428133130073547, 0.15970195829868317, 0.21357901394367218, 0.9637842178344727),
            ["Head"] = CFrame.new(2.9802322387695312e-08, -3.5762786865234375e-07, -5.960464477539063e-08, 0.8344956040382385, 0.02050274983048439, 0.5506331324577332, 0.05365053191781044, 0.9915360808372498, -0.11822804808616638, -0.5483965873718262, 0.12820260226726532, 0.8263324499130249),
            ["LowerTorso"] = CFrame.new(-0.036525972187519073, -0.25278520584106445, 0.11799398064613342, 0.7698175311088562, -0.062073204666376114, -0.6352384090423584, 0.05201824754476547, 0.9980505108833313, -0.034487247467041016, 0.6361407041549683, -0.006495113018900156, 0.7715456485748291),
            ["UpperTorso"] = CFrame.new(-1.4901161193847656e-08, 1.1920928955078125e-07, 0, 0.9986732602119446, 0.006133607123047113, 0.05112764611840248, -0.018415743485093117, 0.9697573184967041, 0.24337536096572876, -0.04808841273188591, -0.24399393796920776, 0.9685837626457214),
            ["HumanoidRootPart"] = CFrame.new(0, 0, 0, 1, 0, 0, 0, 1, 0, 0, 0, 1),
            ["RightUpperLeg"] = CFrame.new(-2.9802322387695312e-08, 1.1920928955078125e-07, 5.75528247281909e-09, 0.946774423122406, -0.28850483894348145, -0.14276854693889618, 0.21217188239097595, 0.8928518295288086, -0.39723801612854004, 0.24207711219787598, 0.3458041250705719, 0.9065424203872681),
            ["LeftUpperArm"] = CFrame.new(0, -2.384185791015625e-07, -1.4901161193847656e-08, 0.9883149862289429, -0.1370379477739334, 0.06673916429281235, 0.1144046038389206, 0.9562361836433411, 0.26930391788482666, -0.10072346776723862, -0.25852060317993164, 0.9607399702072144),
            ["RightLowerArm"] = CFrame.new(0, -2.384185791015625e-07, 2.0116567611694336e-07, 0.9774001836776733, -0.011064127087593079, 0.2111065834760666, 0.08610685914754868, 0.9328726530075073, -0.3497602641582489, -0.19306640326976776, 0.3600365221500397, 0.9127441644668579),
            ["LeftHand"] = CFrame.new(-2.9802322387695312e-08, -1.7881393432617188e-07, 2.9802322387695312e-08, 0.9900573492050171, 0.08201534301042557, -0.11428146064281464, -0.0756509006023407, 0.995388388633728, 0.05898834764957428, 0.11858924478292465, -0.04975460097193718, 0.9916956424713135),
            ["RightHand"] = CFrame.new(1.1920928955078125e-07, -4.76837158203125e-07, -5.960464477539063e-08, 0.8529343605041504, 0.28733330965042114, -0.435825377702713, -0.39203235507011414, 0.9038571715354919, -0.1713285744190216, 0.34469372034072876, 0.31698885560035706, 0.8835738897323608),
            ["RightUpperArm"] = CFrame.new(5.960464477539063e-08, -1.1920928955078125e-07, -2.9802322387695312e-08, 0.9918509125709534, 0.054500117897987366, 0.11515802890062332, -0.09113454073667526, 0.9351405501365662, 0.3423563539981842, -0.08903009444475174, -0.35006004571914673, 0.9324864149093628),
            ["RightLowerLeg"] = CFrame.new(-1.4901161193847656e-08, 1.1920928955078125e-07, 1.6952981241047382e-09, 1, -5.960463766996327e-08, -8.195639367158947e-08, 1.043081283569336e-07, 0.6036934852600098, 0.7972162961959839, 3.725290298461914e-08, -0.7972164750099182, 0.6036939024925232),
            ["LeftUpperLeg"] = CFrame.new(2.9802322387695312e-08, -8.940696716308594e-08, 7.450580596923828e-09, 0.7070887684822083, 0.5956392288208008, 0.3811011016368866, -0.21267440915107727, 0.6931276917457581, -0.688725471496582, -0.6743848919868469, 0.4059407413005829, 0.6167814135551453),
            ["LeftLowerLeg"] = CFrame.new(-5.587935447692871e-08, 0, -2.998858690261841e-07, 1, 6.239861249923706e-08, 3.725290298461914e-08, -7.450580596923828e-08, 0.54997318983078, 0.8351823687553406, 4.0978193283081055e-08, -0.8351823687553406, 0.5499731302261353)
        }},
        [5] = {Time = 0.093, Data = {
            ["RightFoot"] = CFrame.new(-2.2351741790771484e-08, 2.384185791015625e-07, -3.9282895158976316e-08, 0.9515355825424194, 0.30392757058143616, 0.046991169452667236, -0.2524673044681549, 0.8592231869697571, -0.44496646523475647, -0.1756141483783722, 0.41153812408447266, 0.8943135738372803),
            ["LeftLowerArm"] = CFrame.new(1.1920928955078125e-07, 2.384185791015625e-07, 3.725290298461914e-08, 0.9066258668899536, -0.3521548807621002, 0.23241417109966278, 0.39203357696533203, 0.4993942677974701, -0.7726045846939087, 0.15601085126399994, 0.7915757894515991, 0.5908181071281433),
            ["LeftFoot"] = CFrame.new(-8.009374141693115e-08, 5.960464477539063e-08, -6.705522537231445e-08, 0.9803796410560608, -0.1631750613451004, -0.11058700829744339, 0.13032479584217072, 0.9574714303016663, -0.2574174106121063, 0.14788967370986938, 0.23795470595359802, 0.9599514603614807),
            ["Head"] = CFrame.new(-3.725290298461914e-09, 1.1920928955078125e-07, -1.4901161193847656e-08, 0.8356130123138428, 0.010481804609298706, 0.5492187738418579, 0.052045296877622604, 0.993809700012207, -0.09815150499343872, -0.5468475222587585, 0.11060094088315964, 0.8298946022987366),
            ["LowerTorso"] = CFrame.new(-0.03157375752925873, -0.25108110904693604, 0.0790545791387558, 0.7743937373161316, -0.07148968428373337, -0.6286523342132568, 0.0372990183532238, 0.9970263242721558, -0.06743470579385757, 0.6316036581993103, 0.028772877529263496, 0.7747572660446167),
            ["UpperTorso"] = CFrame.new(-2.0489096641540527e-08, -2.384185791015625e-07, 0, 0.999082088470459, 0.005537822842597961, 0.042479462921619415, -0.016022292897105217, 0.9679462909698486, 0.25064581632614136, -0.03972962871193886, -0.25109636783599854, 0.9671463966369629),
            ["HumanoidRootPart"] = CFrame.new(0, 0, 0, 1, 0, 0, 0, 1, 0, 0, 0, 1),
            ["RightUpperLeg"] = CFrame.new(-8.940696716308594e-08, -1.1920928955078125e-07, -5.757465260103345e-08, 0.927940845489502, -0.33232179284095764, -0.16878361999988556, 0.25823676586151123, 0.899750292301178, -0.3517991304397583, 0.26877444982528687, 0.28286346793174744, 0.9207330942153931),
            ["LeftUpperArm"] = CFrame.new(-5.960464477539063e-08, 0, -4.470348358154297e-08, 0.9829516410827637, -0.16292543709278107, 0.08521366864442825, 0.12376899272203445, 0.9290539026260376, 0.3486271798610687, -0.1359686404466629, -0.33213576674461365, 0.9333797097206116),
            ["RightLowerArm"] = CFrame.new(5.960464477539063e-08, 5.960464477539063e-08, -9.685754776000977e-08, 0.9495038986206055, 0.12500591576099396, 0.287777841091156, 0.047781527042388916, 0.8488964438438416, -0.5263931155204773, -0.3100959062576294, 0.5135644674301147, 0.800058901309967),
            ["LeftHand"] = CFrame.new(-8.940696716308594e-08, -4.76837158203125e-07, 0, 0.99860680103302, 0.010684270411729813, -0.05167887359857559, -0.007360524032264948, 0.9979149699211121, 0.06412626057863235, 0.05225345492362976, -0.06365371495485306, 0.9966027736663818),
            ["RightHand"] = CFrame.new(-5.960464477539063e-08, 0, -2.9802322387695312e-08, 0.8481045365333557, 0.286552757024765, -0.4456539750099182, -0.3874472379684448, 0.9091486930847168, -0.1527569741010666, 0.36139094829559326, 0.3022189736366272, 0.8820759654045105),
            ["RightUpperArm"] = CFrame.new(0, 1.1920928955078125e-07, 1.341104507446289e-07, 0.9987528920173645, 0.049864690750837326, 0.0024722712114453316, -0.04678397998213768, 0.917442262172699, 0.3951098322868347, 0.017434125766158104, -0.39473190903663635, 0.9186305999755859),
            ["RightLowerLeg"] = CFrame.new(8.940696716308594e-08, 2.384185791015625e-07, 4.639878170564771e-08, 1, -5.21540641784668e-08, -1.266598985694145e-07, 1.210719347000122e-07, 0.6149796843528748, 0.7885426878929138, -1.4901161193847656e-08, -0.7885429263114929, 0.6149801015853882),
            ["LeftUpperLeg"] = CFrame.new(5.960464477539063e-08, -2.384185791015625e-07, 1.0803341865539551e-07, 0.7238671183586121, 0.5682646632194519, 0.3912681043148041, -0.2290191501379013, 0.7328574657440186, -0.6406786441802979, -0.6508200764656067, 0.3741593658924103, 0.6606362462043762),
            ["LeftLowerLeg"] = CFrame.new(8.940696716308594e-08, -2.384185791015625e-07, -2.7194619178771973e-07, 1, 8.102505688611927e-08, 4.842877388000488e-08, -6.332993507385254e-08, 0.5513455867767334, 0.8342769145965576, 4.0978193283081055e-08, -0.8342769145965576, 0.551345705986023)
        }},
        [6] = {Time = 0.116, Data = {
            ["RightFoot"] = CFrame.new(2.2351741790771484e-08, 4.172325134277344e-07, 2.637534635141492e-08, 0.9502012729644775, 0.3022383153438568, 0.07595899701118469, -0.2535358965396881, 0.8914634585380554, -0.3755149245262146, -0.1812104880809784, 0.33755725622177124, 0.9236984252929688),
            ["LeftLowerArm"] = CFrame.new(5.960464477539063e-08, -3.5762786865234375e-07, -4.3958425521850586e-07, 0.9025214910507202, -0.41334977746009827, 0.12082072347402573, 0.25716209411621094, 0.29225990176200867, -0.921116054058075, 0.3454311788082123, 0.8623955845832825, 0.3700643479824066),
            ["LeftFoot"] = CFrame.new(2.0954757928848267e-08, 5.960464477539063e-08, 3.725290298461914e-09, 0.9830937385559082, -0.1680210828781128, -0.07277131825685501, 0.14175854623317719, 0.9499730467796326, -0.27830806374549866, 0.11589403450489044, 0.26328709721565247, 0.9577311873435974),
            ["Head"] = CFrame.new(1.1175870895385742e-08, -3.5762786865234375e-07, 2.9802322387695312e-08, 0.8315658569335938, -0.001630633370950818, 0.5554240942001343, 0.05767849087715149, 0.9948427081108093, -0.08343388140201569, -0.5524232983589172, 0.10141688585281372, 0.8273711204528809),
            ["LowerTorso"] = CFrame.new(-0.03285030275583267, -0.24602746963500977, 0.04228437691926956, 0.7771701812744141, -0.07507150620222092, -0.6247966289520264, 0.020196937024593353, 0.9953229427337646, -0.09446906298398972, 0.6289662718772888, 0.060799553990364075, 0.775051474571228),
            ["UpperTorso"] = CFrame.new(0, 5.960464477539063e-08, 7.450580596923828e-09, 0.999440610408783, 0.00396081293001771, 0.033210013061761856, -0.012423873879015446, 0.9658794403076172, 0.2586941719055176, -0.031052252277731895, -0.2589620351791382, 0.9653882384300232),
            ["HumanoidRootPart"] = CFrame.new(0, 0, 0, 1, 0, 0, 0, 1, 0, 0, 0, 1),
            ["RightUpperLeg"] = CFrame.new(-8.940696716308594e-08, 5.960464477539063e-08, -2.4047039914876223e-08, 0.9025198221206665, -0.3870202898979187, -0.18887269496917725, 0.3105670213699341, 0.8887585997581482, -0.3371289372444153, 0.29833880066871643, 0.24560853838920593, 0.9223184585571289),
            ["LeftUpperArm"] = CFrame.new(5.960464477539063e-08, -1.1920928955078125e-07, 4.470348358154297e-08, 0.981437087059021, -0.1832185536623001, 0.05667610093951225, 0.1370144784450531, 0.8766210079193115, 0.46126314997673035, -0.13419555127620697, -0.44493433833122253, 0.8854513764381409),
            ["RightLowerArm"] = CFrame.new(-5.960464477539063e-08, 1.7881393432617188e-07, -9.685754776000977e-08, 0.9042424559593201, 0.2911393344402313, 0.31238463521003723, 0.03469147905707359, 0.6790412664413452, -0.7332797050476074, -0.4256080090999603, 0.67389976978302, 0.6039177775382996),
            ["LeftHand"] = CFrame.new(1.4901161193847656e-07, -5.960464477539063e-08, -1.7881393432617188e-07, 0.9975054264068604, -0.06301518529653549, -0.031819477677345276, 0.0657297819852829, 0.9934832453727722, 0.09312058985233307, 0.0257414523512125, -0.09497540444135666, 0.9951463341712952),
            ["RightHand"] = CFrame.new(-5.960464477539063e-08, -5.960464477539063e-08, 2.9802322387695312e-08, 0.8510161638259888, 0.2934376299381256, -0.43550750613212585, -0.38140347599983215, 0.9154371619224548, -0.12848593294620514, 0.3609749674797058, 0.2754438817501068, 0.8909683227539062),
            ["RightUpperArm"] = CFrame.new(0, -3.5762786865234375e-07, -1.4901161193847656e-08, 0.9943563342094421, 0.030373964458703995, -0.10165154188871384, 0.0212418120354414, 0.8817431926727295, 0.4712524116039276, 0.10394416004419327, -0.4707511067390442, 0.8761211633682251),
            ["RightLowerLeg"] = CFrame.new(5.960464477539063e-08, 5.364418029785156e-07, -4.300818545743823e-08, 1, -6.705522537231445e-08, -1.6391278734317893e-07, 1.7409911379218102e-07, 0.5990314483642578, 0.8007253408432007, 2.9802322387695312e-08, -0.8007255792617798, 0.5990317463874817),
            ["LeftUpperLeg"] = CFrame.new(2.9802322387695312e-08, -5.960464477539063e-08, 5.21540641784668e-08, 0.7528435587882996, 0.5279011130332947, 0.39312317967414856, -0.23682883381843567, 0.7745280861854553, -0.5865301489830017, -0.6141161322593689, 0.3484635353088379, 0.7081218361854553),
            ["LeftLowerLeg"] = CFrame.new(5.681067705154419e-08, 5.960464477539063e-08, -7.078051567077637e-08, 1, 8.894129877035084e-08, 2.421438694000244e-08, -8.195638656616211e-08, 0.5580735802650452, 0.8297915458679199, 5.3085386753082275e-08, -0.8297914266586304, 0.5580735802650452)
        }},
        [7] = {Time = 0.140, Data = {
            ["RightFoot"] = CFrame.new(2.2351741790771484e-08, 4.76837158203125e-07, -3.276363713666797e-08, 0.9633733630180359, 0.25153088569641113, 0.09297461062669754, -0.2158825844526291, 0.9331236481666565, -0.28753092885017395, -0.1590806245803833, 0.2569291889667511, 0.9532479643821716),
            ["LeftLowerArm"] = CFrame.new(0, 0, -3.725290298461914e-08, 0.8907157778739929, -0.45256078243255615, 0.04262295737862587, 0.07500756531953812, 0.05385047197341919, -0.9957283735275269, 0.44832950830459595, 0.890106201171875, 0.08190438896417618),
            ["LeftFoot"] = CFrame.new(-2.9336661100387573e-08, 5.960464477539063e-08, 7.450580596923828e-09, 0.9851784110069275, -0.1670551747083664, -0.03893684595823288, 0.14860184490680695, 0.9445824027061462, -0.29271337389945984, 0.08567991107702255, 0.28258901834487915, 0.9554072022438049),
            ["Head"] = CFrame.new(-9.313225746154785e-09, 1.1920928955078125e-07, -7.450580596923828e-08, 0.8220956921577454, -0.011651651933789253, 0.569230318069458, 0.06832072138786316, 0.9945850968360901, -0.07831212878227234, -0.565235435962677, 0.10327031463384628, 0.8184400200843811),
            ["LowerTorso"] = CFrame.new(-0.03693306818604469, -0.23600852489471436, 0.013283327221870422, 0.7783704400062561, -0.07798738777637482, -0.6229425668716431, 0.00916810892522335, 0.9935606718063354, -0.11293020099401474, 0.627738356590271, 0.08219029009342194, 0.7740731835365295),
            ["UpperTorso"] = CFrame.new(-2.3865140974521637e-09, -5.960464477539063e-08, -2.2351741790771484e-08, 0.9996834993362427, 0.0081853112205863, 0.023790664970874786, -0.014252832159399986, 0.96347576379776, 0.26741594076156616, -0.020732833072543144, -0.2676703631877899, 0.9632875323295593),
            ["HumanoidRootPart"] = CFrame.new(0, 0, 0, 1, 0, 0, 0, 1, 0, 0, 0, 1),
            ["RightUpperLeg"] = CFrame.new(-5.960464477539063e-08, -5.960464477539063e-08, -1.6596459317952394e-08, 0.8896613121032715, -0.41663265228271484, -0.1868680864572525, 0.32824817299842834, 0.8680226802825928, -0.37254416942596436, 0.3174208700656891, 0.27009984850883484, 0.9090055823326111),
            ["LeftUpperArm"] = CFrame.new(-5.960464477539063e-08, 1.1920928955078125e-07, -1.4901161193847656e-08, 0.9852361679077148, -0.17016728222370148, -0.018781377002596855, 0.14977985620498657, 0.8036238551139832, 0.5759815573692322, -0.08292035758495331, -0.5702909231185913, 0.8172469735145569),
            ["RightLowerArm"] = CFrame.new(5.960464477539063e-08, -3.5762786865234375e-07, -2.4586915969848633e-07, 0.8606889247894287, 0.4280395209789276, 0.2756778299808502, 0.07830223441123962, 0.4237351715564728, -0.9023959040641785, -0.5030738711357117, 0.7982673645019531, 0.331184983253479),
            ["LeftHand"] = CFrame.new(1.7881393432617188e-07, 5.960464477539063e-08, -2.9802322387695312e-08, 0.9926528930664062, -0.10598722845315933, -0.0583772212266922, 0.11173976957798004, 0.9880446791648865, 0.10622043162584305, 0.046417493373155594, -0.11195787787437439, 0.9926275014877319),
            ["RightHand"] = CFrame.new(0, -4.172325134277344e-07, 8.940696716308594e-08, 0.8680118322372437, 0.3194943070411682, -0.3801043629646301, -0.3845873773097992, 0.9167925715446472, -0.10764343291521072, 0.3140830099582672, 0.23961415886878967, 0.9186585545539856),
            ["RightUpperArm"] = CFrame.new(0, -1.1920928955078125e-07, -8.940696716308594e-08, 0.9830179214477539, 0.010205726139247417, -0.1832260638475418, 0.09429657459259033, 0.8284672498703003, 0.5520423650741577, 0.15742982923984528, -0.5599446296691895, 0.8134355545043945),
            ["RightLowerLeg"] = CFrame.new(7.450580596923828e-08, 4.172325134277344e-07, -2.8107024263590574e-08, 1, -1.1920928955078125e-07, -1.0430815677864302e-07, 1.1362135410308838e-07, 0.5347317457199097, 0.8450217247009277, 8.940696716308594e-08, -0.8450219631195068, 0.5347320437431335),
            ["LeftUpperLeg"] = CFrame.new(5.960464477539063e-08, -2.980232238769531e-07, 5.960464477539063e-08, 0.776483416557312, 0.49126720428466797, 0.3946250379085541, -0.23824037611484528, 0.8086424469947815, -0.5379012823104858, -0.583365261554718, 0.3236568868160248, 0.7449385523796082),
            ["LeftLowerLeg"] = CFrame.new(3.259629011154175e-08, 5.960464477539063e-08, -1.7508864402770996e-07, 1, 5.494803190231323e-08, 3.259629366425543e-08, -7.357449050005016e-08, 0.5720492005348206, 0.8202193975448608, 5.2154071283894154e-08, -0.8202193975448608, 0.5720492601394653)
        }},
        [8] = {Time = 0.163, Data = {
            ["RightFoot"] = CFrame.new(7.450580596923828e-08, 2.980232238769531e-07, -4.615139914676547e-08, 0.9746615886688232, 0.17228929698467255, 0.1426580548286438, -0.13703861832618713, 0.9639835953712463, -0.22793684899806976, -0.1767917424440384, 0.20261305570602417, 0.9631685018539429),
            ["LeftLowerArm"] = CFrame.new(0, -1.1920928955078125e-07, -3.0547380447387695e-07, 0.8679710030555725, -0.4932703971862793, -0.057574912905693054, -0.14286765456199646, -0.13698096573352814, -0.9802156090736389, 0.4756208062171936, 0.8590230941772461, -0.1893736571073532),
            ["LeftFoot"] = CFrame.new(-2.60770320892334e-08, -1.7881393432617188e-07, 1.4435499906539917e-08, 0.9863241910934448, -0.16348177194595337, -0.02093738503754139, 0.1507527381181717, 0.9462007880210876, -0.28631675243377686, 0.0666201040148735, 0.2792451083660126, 0.9579063057899475),
            ["Head"] = CFrame.new(-7.450580596923828e-09, -2.384185791015625e-07, 0, 0.8125677704811096, -0.01409424003213644, 0.5826964974403381, 0.07754285633563995, 0.9934353232383728, -0.08410392701625824, -0.5776857733726501, 0.1135241761803627, 0.8083263635635376),
            ["LowerTorso"] = CFrame.new(-0.03758169710636139, -0.22068870067596436, -0.0040870290249586105, 0.7829932570457458, -0.08720766007900238, -0.6158868074417114, 0.012045624665915966, 0.9920635223388672, -0.12515923380851746, 0.6219136118888855, 0.090580053627491, 0.7778294086456299),
            ["UpperTorso"] = CFrame.new(-9.313225746154785e-10, -1.1920928955078125e-07, 2.2351741790771484e-08, 0.9996697306632996, 0.021753186360001564, 0.013688942417502403, -0.02470550686120987, 0.9601441621780396, 0.2784114181995392, -0.007086955476552248, -0.27865755558013916, 0.9603643417358398),
            ["HumanoidRootPart"] = CFrame.new(0, 0, 0, 1, 0, 0, 0, 1, 0, 0, 0, 1),
            ["RightUpperLeg"] = CFrame.new(-2.9802322387695312e-08, -1.4901161193847656e-07, 2.8107024263590574e-08, 0.9015994668006897, -0.39579808712005615, -0.17453357577323914, 0.28461766242980957, 0.8466308116912842, -0.449675589799881, 0.3257472515106201, 0.3557529151439667, 0.875973641872406),
            ["LeftUpperArm"] = CFrame.new(0, -3.5762786865234375e-07, -1.4901161193847656e-08, 0.990648627281189, -0.0973585769534111, -0.09558545798063278, 0.13630357384681702, 0.7372978329658508, 0.6616740822792053, 0.006055300589650869, -0.6685158014297485, 0.7436739206314087),
            ["RightLowerArm"] = CFrame.new(-2.086162567138672e-07, -2.980232238769531e-07, 5.21540641784668e-08, 0.8250136971473694, 0.5264829397201538, 0.20535512268543243, 0.15672922134399414, 0.1359601616859436, -0.9782382845878601, -0.5429443120956421, 0.8392440676689148, 0.029649697244167328),
            ["LeftHand"] = CFrame.new(-1.1920928955078125e-07, -4.76837158203125e-07, 2.9802322387695312e-08, 0.9903249144554138, -0.11776809394359589, -0.07340500503778458, 0.12311667203903198, 0.9896884560585022, 0.07320762425661087, 0.06402260810136795, -0.0815322995185852, 0.9946116209030151),
            ["RightHand"] = CFrame.new(8.940696716308594e-08, -1.7881393432617188e-07, 5.960464477539063e-08, 0.8848514556884766, 0.36110445857048035, -0.29434794187545776, -0.4060575067996979, 0.9075269103050232, -0.10731354355812073, 0.22837498784065247, 0.21447286009788513, 0.9496541619300842),
            ["RightUpperArm"] = CFrame.new(0, -1.1920928955078125e-07, 1.043081283569336e-07, 0.9665037989616394, 0.006760059390217066, -0.2565627694129944, 0.15738645195960999, 0.7740289568901062, 0.6132775545120239, 0.20273126661777496, -0.6331141591072083, 0.7470383048057556),
            ["RightLowerLeg"] = CFrame.new(4.470348358154297e-08, 1.7881393432617188e-07, -5.790934665128589e-08, 1, -7.450579886381092e-08, -1.5646224937881925e-07, 1.564622067462551e-07, 0.4345400631427765, 0.900652289390564, -1.4901162970204496e-08, -0.9006524682044983, 0.43454059958457947),
            ["LeftUpperLeg"] = CFrame.new(-2.9802322387695312e-08, -1.7881393432617188e-07, 4.470348358154297e-08, 0.7957311272621155, 0.4693462550640106, 0.3827860653400421, -0.24411165714263916, 0.8269597291946411, -0.5065039992332458, -0.554275631904602, 0.30959945917129517, 0.7726116180419922),
            ["LeftLowerLeg"] = CFrame.new(-4.470348358154297e-08, -1.1920928955078125e-07, -7.450580596923828e-08, 1, 9.313225746154785e-08, 2.9336661100387573e-08, -5.21540641784668e-08, 0.5850462913513184, 0.8109999299049377, 4.470348358154297e-08, -0.8109999299049377, 0.5850463509559631)
        }},
        [9] = {Time = 0.186, Data = {
            ["RightFoot"] = CFrame.new(-1.4901161193847656e-08, 2.980232238769531e-07, 3.5921402741223574e-08, 0.9725441932678223, 0.1364130675792694, 0.18854521214962006, -0.1056923121213913, 0.980719268321991, -0.16437244415283203, -0.20733307301998138, 0.13993321359157562, 0.9682109951972961),
            ["LeftLowerArm"] = CFrame.new(-2.9802322387695312e-08, 0, 8.195638656616211e-08, 0.8272146582603455, -0.532638430595398, -0.17893609404563904, -0.35849055647850037, -0.25507545471191406, -0.8980075120925903, 0.43266671895980835, 0.8069900274276733, -0.4019506871700287),
            ["LeftFoot"] = CFrame.new(1.30385160446167e-08, 5.960464477539063e-08, -2.3283064365386963e-09, 0.982980489730835, -0.1818322092294693, -0.026203257963061333, 0.1714174896478653, 0.9591274857521057, -0.22514452040195465, 0.06607237458229065, 0.2168213576078415, 0.9739730358123779),
            ["Head"] = CFrame.new(-1.1175870895385742e-08, -7.152557373046875e-07, -2.9802322387695312e-08, 0.81264728307724, -0.0033113618846982718, 0.5827468633651733, 0.07865465432405472, 0.991456925868988, -0.10405098646879196, -0.5774235725402832, 0.13039256632328033, 0.805965006351471),
            ["LowerTorso"] = CFrame.new(-0.03590158373117447, -0.20066380500793457, -0.012451572343707085, 0.7986778616905212, -0.09499424695968628, -0.5942138433456421, 0.019300656393170357, 0.9909971952438354, -0.13248442113399506, 0.6014493703842163, 0.09434360265731812, 0.7933208346366882),
            ["UpperTorso"] = CFrame.new(-7.916241884231567e-09, 0, 1.4901161193847656e-08, 0.9994698762893677, 0.03254076838493347, 0.0010474496521055698, -0.03143690153956413, 0.9561983942985535, 0.2910265326499939, 0.008468866348266602, -0.29090526700019836, 0.956714391708374),
            ["HumanoidRootPart"] = CFrame.new(0, 0, 0, 1, 0, 0, 0, 1, 0, 0, 0, 1),
            ["RightUpperLeg"] = CFrame.new(-2.9802322387695312e-08, -8.940696716308594e-08, -1.6596459317952394e-08, 0.9078841209411621, -0.3693183660507202, -0.19836798310279846, 0.2232414036989212, 0.8264246582984924, -0.5168989300727844, 0.3548375368118286, 0.42500150203704834, 0.8327458500862122),
            ["LeftUpperArm"] = CFrame.new(0, -5.960464477539062e-07, -4.470348358154297e-08, 0.9858551621437073, 0.06052600219845772, -0.15628890693187714, 0.06692304462194443, 0.7127805948257446, 0.6981862187385559, 0.15365846455097198, -0.6987707614898682, 0.6986485123634338),
            ["RightLowerArm"] = CFrame.new(-5.960464477539063e-08, -5.960464477539063e-08, 2.4586915969848633e-07, 0.7788155674934387, 0.6170499920845032, 0.11268436908721924, 0.23073162138462067, -0.11477454751729965, -0.9662232398986816, -0.5832747220993042, 0.7785089015960693, -0.23176488280296326),
            ["LeftHand"] = CFrame.new(0, -1.7881393432617188e-07, -2.9802322387695312e-08, 0.9944602251052856, -0.10075478255748749, -0.029965275898575783, 0.10105514526367188, 0.9948421716690063, 0.008749720640480518, 0.028927739709615707, -0.011727982200682163, 0.9995126128196716),
            ["RightHand"] = CFrame.new(-5.960464477539063e-08, -2.980232238769531e-07, 5.960464477539063e-08, 0.866820752620697, 0.43909743428230286, -0.23624838888645172, -0.47656506299972534, 0.8689432740211487, -0.1335245668888092, 0.14665481448173523, 0.22832264006137848, 0.9624749422073364),
            ["RightUpperArm"] = CFrame.new(-5.960464477539063e-08, -5.960464477539062e-07, -1.4901161193847656e-08, 0.934342622756958, 0.02032148279249668, -0.3557959198951721, 0.21891945600509644, 0.7550737261772156, 0.6180127859115601, 0.28120869398117065, -0.6553249955177307, 0.7010488510131836),
