return {
    ["Wedding Party"] = {
        {Time = 0.000, Data = {
            ["LeftFoot"] = CFrame.new(1.1175870895385742e-07, 0, -7.450580596923828e-08, 0.9028767943382263, 0.2720128297805786, -0.3329005539417267, -0.11730040609836578, 0.9008622765541077, 0.4179566502571106, 0.4135870039463043, -0.3383136987686157, 0.845274806022644),
            ["LeftLowerArm"] = CFrame.new(-2.980232238769531e-07, -0.0000023245811462402344, 0.0000029280781745910645, 1, -1.0430807861894209e-07, 1.1920916165308881e-07, 8.940695295223122e-08, -0.11126720160245895, -0.9937905669212341, 9.685753354915505e-08, 0.9937905073165894, -0.11126717925071716),
            ["LowerTorso"] = CFrame.new(0.4956047832965851, -0.08870267868041992, 0.20560365915298462, 0.8086981177330017, 0.09276586771011353, -0.5808629989624023, -0.18368518352508545, 0.9779309630393982, -0.09955403953790665, 0.5588086247444153, 0.18720510601997375, 0.8078905344009399),
            ["Head"] = CFrame.new(-1.862645149230957e-07, 0, -3.3527612686157227e-08, 0.9063746333122253, -0.4030188322067261, 0.12673157453536987, 0.42159464955329895, 0.8434766530990601, -0.33287477493286133, 0.027259523048996925, 0.3551381528377533, 0.9344161748886108),
            ["RightUpperArm"] = CFrame.new(-4.76837158203125e-07, 0.0000016689300537109375, -5.662441253662109e-07, 0.5868265628814697, -0.5059760808944702, 0.6321573853492737, 0.7030396461486816, 0.7057128548622131, -0.0877763032913208, -0.4017089605331421, 0.49594104290008545, 0.7698522806167603),
            ["UpperTorso"] = CFrame.new(-2.9802322387695312e-08, 0.0000025331974029541016, -1.043081283569336e-07, 0.8682417273521423, -0.36320555210113525, 0.3379915952682495, 0.07754223048686981, 0.7722073197364807, 0.6306212544441223, -0.4900445342063904, -0.5213229656219482, 0.6986263394355774),
            ["HumanoidRootPart"] = CFrame.new(0, 0, 0, 1, 0, 0, 0, 1, 0, 0, 0, 1),
            ["RightHand"] = CFrame.new(-2.384185791015625e-07, 3.5762786865234375e-07, -5.960464477539062e-07, 0.6874380707740784, 0.08527659624814987, 0.721219003200531, -0.48382383584976196, 0.7943888902664185, 0.3672340214252472, -0.5416118502616882, -0.6013936400413513, 0.58735191822052),
            ["LeftUpperArm"] = CFrame.new(1.7881393432617188e-07, -4.76837158203125e-07, 5.159527063369751e-07, 0.3909989297389984, 0.4669297933578491, 0.7931559681892395, -0.677136242389679, 0.7296065092086792, -0.09571311622858047, -0.6233830451965332, -0.4996509253978729, 0.601450502872467),
            ["RightLowerArm"] = CFrame.new(0.000002682209014892578, -4.172325134277344e-07, 0.0000011920928955078125, 1, -8.19562373521876e-08, 1.3411039390121005e-07, 1.378359115733474e-07, -0.20431308448314667, -0.9789055585861206, 4.470353687224815e-08, 0.9789056181907654, -0.20431308448314667),
            ["LeftHand"] = CFrame.new(6.780028343200684e-07, -5.960464477539063e-08, -3.8743019104003906e-07, 0.325875461101532, 0.19771404564380646, -0.9245076775550842, 0.7436872124671936, 0.5501669049263, 0.37979692220687866, 0.5837246775627136, -0.8113110065460205, 0.03224850073456764),
            ["RightUpperLeg"] = CFrame.new(7.152557373046875e-07, -0.0000018253922462463379, -7.620110409334302e-08, 0.9983745813369751, -0.05650833249092102, 0.0074235484935343266, 0.052342239767313004, 0.8575369119644165, -0.5117523074150085, 0.02255217544734478, 0.5113094449043274, 0.8591009378433228),
            ["LeftUpperLeg"] = CFrame.new(-5.960464477539063e-08, 4.079192876815796e-07, -1.043081283569336e-07, 0.8089677691459656, 0.42440065741539, -0.40676161646842957, -0.46977874636650085, 0.8826834559440613, -0.01333561260253191, 0.35338228940963745, 0.2018764317035675, 0.9134370684623718),
            ["RightLowerLeg"] = CFrame.new(5.4016709327697754e-08, -0.00012236833572387695, -0.00007739493594272062, 1, -5.21540464148984e-08, -7.450583439094771e-08, 1.1175868053214799e-07, 0.5647227764129639, 0.8252804279327393, -1.415610029198433e-07, -0.8252807259559631, 0.5647231340408325),
            ["RightFoot"] = CFrame.new(2.2351741790771484e-08, 2.384185791015625e-07, -8.026108844205737e-08, 0.9892359375953674, -0.14184965193271637, -0.035930853337049484, 0.13487328588962555, 0.9791171550750732, -0.15211355686187744, 0.0567578449845314, 0.1456305831670761, 0.9877097010612488),
            ["LeftLowerLeg"] = CFrame.new(4.842877388000488e-07, 0.00012218952178955078, 0.00007759407162666321, 1, 7.450583439094771e-08, 1.9371501025489124e-07, -2.980233304583635e-08, -0.4791421890258789, 0.877737283706665, 1.6391282997574308e-07, -0.8777374029159546, -0.4791422188282013),
        }},
        {Time = 0.033, Data = {
            ["LeftFoot"] = CFrame.new(-4.0978193283081055e-08, 5.960464477539063e-08, 8.940696716308594e-08, 0.8393266797065735, 0.3000449538230896, -0.4533257484436035, -0.1062670350074768, 0.9083580374717712, 0.4044658839702606, 0.5331398844718933, -0.291305273771286, 0.7942941188812256),
            ["LeftLowerArm"] = CFrame.new(-0.0000010132789611816406, -0.0000022649765014648438, 0.0000025033950805664062, 1, -9.68574909165909e-08, 1.2665975646086736e-07, 4.4703469370688254e-08, -0.261385440826416, -0.9652345180511475, 8.940693874137651e-08, 0.9652345180511475, -0.261385440826416),
            ["LowerTorso"] = CFrame.new(0.4894642233848572, -0.11095142364501953, 0.1994936466217041, 0.8041347861289978, 0.09784948825836182, -0.5863385200500488, -0.18986691534519196, 0.9769712686538696, -0.09735415130853653, 0.5633097887039185, 0.18961213529109955, 0.8041949272155762),
            ["Head"] = CFrame.new(-1.3783574104309082e-07, 8.344650268554688e-07, 1.5273690223693848e-07, 0.8988161683082581, -0.4199058413505554, 0.12573227286338806, 0.43689894676208496, 0.8351146578788757, -0.33422037959098816, 0.03534011170268059, 0.355334609746933, 0.9340707659721375),
            ["RightUpperArm"] = CFrame.new(-4.172325134277344e-07, 0.0000016689300537109375, -8.568167686462402e-07, 0.6296536326408386, -0.5099520683288574, 0.5860762596130371, 0.6945641040802002, 0.7074722647666931, -0.13062778115272522, -0.3480187654495239, 0.4893178343772888, 0.799656867980957),
            ["UpperTorso"] = CFrame.new(-1.341104507446289e-07, 0.0000027120113372802734, -1.7881393432617188e-07, 0.8732819557189941, -0.3610854148864746, 0.32710298895835876, 0.06871174275875092, 0.7559373378753662, 0.6510280966758728, -0.4823458790779114, -0.5460551381111145, 0.6849570274353027),
            ["HumanoidRootPart"] = CFrame.new(0, 0, 0, 1, 0, 0, 0, 1, 0, 0, 0, 1),
            ["RightHand"] = CFrame.new(-5.960464477539063e-08, 5.960464477539062e-07, -3.5762786865234375e-07, 0.6723657250404358, 0.11754295229911804, 0.7308269739151001, -0.5575478672981262, 0.729842483997345, 0.3955632746219635, -0.4868929982185364, -0.6734341979026794, 0.5562568306922913),
            ["LeftUpperArm"] = CFrame.new(2.980232238769531e-07, -5.960464477539062e-07, 1.825392246246338e-07, 0.38202327489852905, 0.4439064860343933, 0.8105586767196655, -0.6811877489089966, 0.7279810309410095, -0.07763269543647766, -0.6245330572128296, -0.522485077381134, 0.5804892778396606),
            ["RightLowerArm"] = CFrame.new(0.0000029802322387695312, -9.5367431640625e-07, 0.0000011026859283447266, 1, -3.3527555842738366e-08, 1.490115550950577e-07, 7.217757769240052e-08, -0.4309566915035248, -0.9023725986480713, 1.8626471387506172e-07, 0.9023725986480713, -0.43095678091049194),
            ["LeftHand"] = CFrame.new(2.905726432800293e-07, 1.1920928955078125e-07, -2.086162567138672e-07, 0.3597600758075714, 0.21472108364105225, -0.9080019593238831, 0.6646844148635864, 0.6239767670631409, 0.41091084480285645, 0.6548033952713013, -0.7513641119003296, 0.08176016062498093),
            ["RightUpperLeg"] = CFrame.new(5.960464477539062e-07, -0.000001944601535797119, 8.77116690389812e-08, 0.9976879954338074, -0.059829723089933395, 0.032236069440841675, 0.06785696744918823, 0.8506702184677124, -0.5213015675544739, 0.003766685724258423, 0.5222840309143066, 0.8527634739875793),
            ["LeftUpperLeg"] = CFrame.new(-2.384185791015625e-07, -2.4866312742233276e-07, -3.725290298461914e-09, 0.7131516337394714, 0.46276214718818665, -0.5265606045722961, -0.523857593536377, 0.8509419560432434, 0.03835026174783707, 0.46581974625587463, 0.24849355220794678, 0.8492721319198608),
            ["RightLowerLeg"] = CFrame.new(6.705522537231445e-08, -0.00012242794036865234, -0.00007739121065242216, 1, -5.960465188081798e-08, -2.6077040971017595e-08, 9.685756907629184e-08, 0.5300202369689941, 0.8479843735694885, -1.713633963618122e-07, -0.8479850888252258, 0.5300211906433105),
            ["RightFoot"] = CFrame.new(2.60770320892334e-08, 3.5762786865234375e-07, 1.6952981241047382e-09, 0.9909878373146057, -0.13386140763759613, 0.0049445959739387035, 0.13095931708812714, 0.9604246020317078, -0.24583351612091064, 0.02815919741988182, 0.24426576495170593, 0.9692995548248291),
            ["LeftLowerLeg"] = CFrame.new(1.1175870895385742e-07, 0.00012236833572387695, 0.00007754145190119743, 1, 0, 2.3841843699301535e-07, -1.1920927533992653e-07, -0.6129398941993713, 0.7901296615600586, 1.6763804921993142e-07, -0.7901294827461243, -0.612939715385437),
        }},
        {Time = 0.067, Data = {
            ["LeftFoot"] = CFrame.new(-1.264270395040512e-07, 5.960464477539063e-08, -8.265487849712372e-08, 0.7744011878967285, 0.3051966726779938, -0.5542184114456177, -0.07369878888130188, 0.9135145545005798, 0.4000742435455322, 0.6283879280090332, -0.2689725160598755, 0.7299195528030396),
            ["LeftLowerArm"] = CFrame.new(-0.0000013113021850585938, -0.0000023245811462402344, 0.0000031068921089172363, 1, -6.705517563432295e-08, 1.1920917586394353e-07, 6.70552182668871e-08, -0.3383472263813019, -0.9410213828086853, 9.685753354915505e-08, 0.9410213828086853, -0.3383471369743347),
            ["LowerTorso"] = CFrame.new(0.47863250970840454, -0.1199185848236084, 0.20139187574386597, 0.8086992502212524, 0.10274145752191544, -0.5791802406311035, -0.1921963095664978, 0.9767382144927979, -0.09509562700986862, 0.5559371709823608, 0.1882200688123703, 0.8096339106559753),
            ["Head"] = CFrame.new(-2.3096799850463867e-07, 5.960464477539062e-07, 4.3213367462158203e-07, 0.8948840498924255, -0.4310954511165619, 0.11549491435289383, 0.4441964626312256, 0.835240364074707, -0.3241352140903473, 0.043267060071229935, 0.34136542677879333, 0.9389342069625854),
            ["RightUpperArm"] = CFrame.new(-3.5762786865234375e-07, 0.0000016689300537109375, -5.364418029785156e-07, 0.7053307890892029, -0.49764567613601685, 0.5048337578773499, 0.6682091355323792, 0.7044965624809265, -0.23912595212459564, -0.23665370047092438, 0.5059974193572998, 0.8294345140457153),
            ["UpperTorso"] = CFrame.new(-1.4901161193847656e-08, 0.000002473592758178711, -8.940696716308594e-08, 0.8867469429969788, -0.34328964352607727, 0.3095681667327881, 0.05844429135322571, 0.7475765943527222, 0.661599338054657, -0.45854583382606506, -0.5685785412788391, 0.6829743981361389),
            ["HumanoidRootPart"] = CFrame.new(0, 0, 0, 1, 0, 0, 0, 1, 0, 0, 0, 1),
            ["RightHand"] = CFrame.new(5.960464477539063e-08, 4.172325134277344e-07, -6.556510925292969e-07, 0.6851908564567566, 0.136734738945961, 0.7154140472412109, -0.5818060636520386, 0.6936677098274231, 0.42464882135391235, -0.4381955862045288, -0.7071977257728577, 0.5548478960990906),
            ["LeftUpperArm"] = CFrame.new(0, -3.5762786865234375e-07, 6.221234798431396e-07, 0.3742070496082306, 0.4278605878353119, 0.8227420449256897, -0.6724622249603271, 0.7361195683479309, -0.07695784419775009, -0.6385636925697327, -0.5244647860527039, 0.5631813406944275),
            ["RightLowerArm"] = CFrame.new(0.0000034570693969726562, 1.7881393432617188e-07, 9.834766387939453e-07, 1, -8.940677531654728e-08, 1.4901149825163884e-07, 3.434254480794152e-08, -0.5222955942153931, -0.8527645468711853, 1.9371523762856668e-07, 0.8527645468711853, -0.5222955942153931),
            ["LeftHand"] = CFrame.new(6.407499313354492e-07, -2.384185791015625e-07, -1.4901161193847656e-07, 0.3707752823829651, 0.24747183918952942, -0.8951444029808044, 0.4627460837364197, 0.7864521145820618, 0.40909552574157715, 0.8052276968955994, -0.5659070611000061, 0.17708036303520203),
            ["RightUpperLeg"] = CFrame.new(5.364418029785156e-07, -0.0000016689300537109375, 1.1751399142667651e-07, 0.9973800778388977, -0.062353841960430145, 0.036675114184617996, 0.07233227044343948, 0.8521625399589539, -0.5182536840438843, 0.0010620389366522431, 0.5195488333702087, 0.8544402718544006),
            ["LeftUpperLeg"] = CFrame.new(-1.1920928955078125e-07, 1.2200325727462769e-07, -4.470348358154297e-08, 0.6598914265632629, 0.4200734496116638, -0.6229621767997742, -0.5239686965942383, 0.8515218496322632, 0.019165238365530968, 0.5385167002677917, 0.31376585364341736, 0.782017171382904),
            ["RightLowerLeg"] = CFrame.new(-4.470348358154297e-08, -0.00012254714965820312, -0.00007740797445876524, 1, -1.5646213569198153e-07, -7.450585037815927e-09, 1.3411047916633834e-07, 0.5375715494155884, 0.8432178497314453, -1.1920931797249068e-07, -0.8432181477546692, 0.5375720858573914),
            ["RightFoot"] = CFrame.new(1.0058283805847168e-07, 3.5762786865234375e-07, -1.3205863069742918e-08, 0.988251805305481, -0.1528141051530838, 0.0025456994771957397, 0.1474001705646515, 0.948573887348175, -0.28014376759529114, 0.04039490595459938, 0.27722835540771484, 0.9599547386169434),
            ["LeftLowerLeg"] = CFrame.new(2.998858690261841e-07, 0.00012224912643432617, 0.00007757171988487244, 1, 4.470347292340193e-08, 1.7881390590446244e-07, -1.0803344707710494e-07, -0.7007095813751221, 0.7134466767311096, 1.5273694486950262e-07, -0.7134466171264648, -0.7007095217704773),
        }},
        {Time = 0.100, Data = {
            ["LeftFoot"] = CFrame.new(-1.1175870895385742e-08, 1.7881393432617188e-07, -1.6298145055770874e-08, 0.7169659733772278, 0.3234424889087677, -0.6175315380096436, -0.07924211770296097, 0.9179191589355469, 0.38877326250076294, 0.6925897598266602, -0.2298027127981186, 0.6837472319602966),
            ["LeftLowerArm"] = CFrame.new(-0.0000015795230865478516, -0.0000017881393432617188, 0.000002779066562652588, 1, -7.450574202039206e-08, 1.0430801467009587e-07, 5.960463766996327e-08, -0.24136385321617126, -0.9704347252845764, 9.685753354915505e-08, 0.9704347252845764, -0.2413637787103653),
            ["LowerTorso"] = CFrame.new(0.4667755365371704, -0.1245276927947998, 0.2071228325366974, 0.8213236927986145, 0.10711445659399033, -0.5603160262107849, -0.1916276216506958, 0.97694331407547, -0.09413179755210876, 0.5373140573501587, 0.18468467891216278, 0.8229126334190369),
            ["Head"] = CFrame.new(-2.4586915969848633e-07, 3.5762786865234375e-07, 6.332993507385254e-08, 0.8959476947784424, -0.4339076578617096, 0.09487786889076233, 0.4413336217403412, 0.8456403017044067, -0.3001958429813385, 0.05002458766102791, 0.31083208322525024, 0.9491474032402039),
            ["RightUpperArm"] = CFrame.new(-3.5762786865234375e-07, 0.0000019073486328125, -9.08970832824707e-07, 0.7711622714996338, -0.47371429204940796, 0.4253275990486145, 0.6234109401702881, 0.6973685026168823, -0.3536040484905243, -0.12910278141498566, 0.5378400087356567, 0.8331030607223511),
            ["UpperTorso"] = CFrame.new(7.450580596923828e-08, 0.000002562999725341797, -8.940696716308594e-08, 0.898618221282959, -0.3204091489315033, 0.29970622062683105, 0.04550149664282799, 0.74749755859375, 0.6627042889595032, -0.4363658130168915, -0.5818808674812317, 0.6862938404083252),
            ["HumanoidRootPart"] = CFrame.new(0, 0, 0, 1, 0, 0, 0, 1, 0, 0, 0, 1),
            ["RightHand"] = CFrame.new(-1.1920928955078125e-07, 4.76837158203125e-07, -2.980232238769531e-07, 0.7599825859069824, 0.15853571891784668, 0.6303117275238037, -0.5283817648887634, 0.7154275178909302, 0.4571392238140106, -0.3784695863723755, -0.6804630756378174, 0.6274799704551697),
            ["LeftUpperArm"] = CFrame.new(1.1920928955078125e-07, -9.5367431640625e-07, 1.2665987014770508e-07, 0.37300029397010803, 0.43568846583366394, 0.8191742300987244, -0.6564576029777527, 0.7478585243225098, -0.09884874522686005, -0.6556936502456665, -0.5008825063705444, 0.5649623870849609),
            ["RightLowerArm"] = CFrame.new(0.0000026226043701171875, -0.0000010728836059570312, 7.748603820800781e-07, 1, -7.450565675526377e-08, 1.3411039390121005e-07, 8.009381957663209e-08, -0.49964866042137146, -0.8662282824516296, 1.4901175404702371e-07, 0.8662282824516296, -0.4996486008167267),
            ["LeftHand"] = CFrame.new(7.674098014831543e-07, 5.960464477539063e-08, -3.8743019104003906e-07, 0.3598648011684418, 0.2761722505092621, -0.8911937475204468, 0.16316507756710052, 0.9218385815620422, 0.3515549302101135, 0.9186264276504517, -0.27192384004592896, 0.2866755723953247),
            ["RightUpperLeg"] = CFrame.new(7.152557373046875e-07, -0.000002041459083557129, 2.665256033651531e-07, 0.9968996047973633, -0.06600093096494675, 0.042838841676712036, 0.07867375761270523, 0.8451854586601257, -0.5286509394645691, -0.0013152332976460457, 0.5303824543952942, 0.8477576375007629),
            ["LeftUpperLeg"] = CFrame.new(-2.980232238769531e-07, -2.859160304069519e-07, -1.1175870895385742e-08, 0.7062976956367493, 0.34911754727363586, -0.6158413887023926, -0.5232698917388916, 0.8433860540390015, -0.12201809883117676, 0.4767935872077942, 0.4084322154521942, 0.7783644199371338),
            ["RightLowerLeg"] = CFrame.new(-6.51925802230835e-08, -0.00012242794036865234, -0.00007742566958768293, 1, -1.564621925354004e-07, 1.11758780008131e-08, 1.3411047916633834e-07, 0.5273907780647278, 0.8496224880218506, -1.4901164746561335e-08, -0.8496228456497192, 0.5273913145065308),
            ["RightFoot"] = CFrame.new(1.1175870895385742e-08, 2.980232238769531e-07, 2.4047039914876223e-08, 0.9877914190292358, -0.15421578288078308, -0.022037332877516747, 0.14173811674118042, 0.9483998417854309, -0.28363338112831116, 0.0646408349275589, 0.27704739570617676, 0.9586796164512634),
            ["LeftLowerLeg"] = CFrame.new(3.8929283618927e-07, 0.00012224912643432617, 0.00007759779691696167, 1, 1.043080928297968e-07, 1.639127589214695e-07, -5.587936158235607e-08, -0.7358486652374268, 0.6771458387374878, 1.6018749704471702e-07, -0.6771460175514221, -0.7358489036560059),
        }},
        {Time = 0.133, Data = {
            ["LeftFoot"] = CFrame.new(-1.1175870895385742e-08, 0, 5.029141902923584e-08, 0.6421389579772949, 0.3685521185398102, -0.6721808314323425, -0.08754215389490128, 0.9063661098480225, 0.4133242964744568, 0.7615733742713928, -0.20656730234622955, 0.6142768263816833),
            ["LeftLowerArm"] = CFrame.new(-4.470348358154297e-07, -0.0000024437904357910156, 0.000003028661012649536, 1, -9.685745538945412e-08, 4.4703433843551466e-08, 1.192092469182171e-07, 0.005199997220188379, -0.9999865293502808, 8.195635814445268e-08, 0.9999865293502808, 0.005199959501624107),
            ["LowerTorso"] = CFrame.new(0.4551323652267456, -0.12622404098510742, 0.21442589163780212, 0.8390501737594604, 0.11064178496599197, -0.5326849818229675, -0.1887681782245636, 0.9774830341339111, -0.09430623799562454, 0.510256290435791, 0.17968162894248962, 0.8410428762435913),
            ["Head"] = CFrame.new(-3.129243850708008e-07, 4.76837158203125e-07, 4.1350722312927246e-07, 0.9020845293998718, -0.4265458881855011, 0.06559072434902191, 0.4280780851840973, 0.8651455044746399, -0.2612909972667694, 0.05470694974064827, 0.26378411054611206, 0.9630290269851685),
            ["RightUpperArm"] = CFrame.new(-2.384185791015625e-07, 0.0000019073486328125, -6.407499313354492e-07, 0.8020172715187073, -0.43627041578292847, 0.4079665243625641, 0.5897127389907837, 0.6868801116943359, -0.4247758984565735, -0.09490695595741272, 0.581260621547699, 0.8081638813018799),
            ["UpperTorso"] = CFrame.new(-7.450580596923828e-08, 0.00000286102294921875, -1.1920928955078125e-07, 0.9126735925674438, -0.2906966805458069, 0.2872675657272339, 0.030114328488707542, 0.7488229274749756, 0.6620856523513794, -0.40757840871810913, -0.5956171154975891, 0.6921849846839905),
            ["HumanoidRootPart"] = CFrame.new(0, 0, 0, 1, 0, 0, 0, 1, 0, 0, 0, 1),
            ["RightHand"] = CFrame.new(-3.5762786865234375e-07, 2.384185791015625e-07, -6.556510925292969e-07, 0.8471041917800903, 0.18721944093704224, 0.4973564147949219, -0.4198397696018219, 0.8095390796661377, 0.4103426933288574, -0.3258053958415985, -0.5564129948616028, 0.7643662095069885),
            ["LeftUpperArm"] = CFrame.new(1.7881393432617188e-07, -4.76837158203125e-07, 5.960464477539062e-07, 0.40189576148986816, 0.48023271560668945, 0.7796514630317688, -0.6118634343147278, 0.7742943167686462, -0.16152873635292053, -0.681251049041748, -0.4121224582195282, 0.6050224900245667),
            ["RightLowerArm"] = CFrame.new(0.0000027418136596679688, -0.000001430511474609375, 8.270144462585449e-07, 1, -4.470338765827364e-08, 1.5646209305941738e-07, 1.4528647795941652e-07, -0.36853814125061035, -0.9296126961708069, 9.872029949065109e-08, 0.9296126365661621, -0.36853811144828796),
            ["LeftHand"] = CFrame.new(1.9371509552001953e-07, 0, -2.682209014892578e-07, 0.3411159813404083, 0.28400078415870667, -0.896093487739563, -0.15128135681152344, 0.9574292898178101, 0.24585187435150146, 0.9277682304382324, 0.05169811472296715, 0.3695583939552307),
            ["RightUpperLeg"] = CFrame.new(7.152557373046875e-07, -0.000001862645149230957, 5.790934665128589e-08, 0.9963293075561523, -0.07310839742422104, 0.04453293979167938, 0.08560024201869965, 0.8459675312042236, -0.5263183116912842, 0.000804794835858047, 0.5281988978385925, 0.8491206169128418),
            ["LeftUpperLeg"] = CFrame.new(-1.7881393432617188e-07, 3.166496753692627e-07, -1.1175870895385742e-07, 0.7864643335342407, 0.35591375827789307, -0.5047762393951416, -0.5196933150291443, 0.8229688405990601, -0.2294367253780365, 0.3337555527687073, 0.44277268648147583, 0.8322018384933472),
            ["RightLowerLeg"] = CFrame.new(-7.078051567077637e-08, -0.00012248754501342773, -0.00007714441017014906, 1, -6.705520405603238e-08, -7.450583261459087e-09, 6.705520405603238e-08, 0.528236985206604, 0.8490966558456421, -9.685751223287298e-08, -0.849096953868866, 0.5282376408576965),
            ["RightFoot"] = CFrame.new(-3.725290298461914e-09, 4.172325134277344e-07, -1.3205863069742918e-08, 0.9888864755630493, -0.14197970926761627, -0.04410729929804802, 0.12333370745182037, 0.9490776062011719, -0.2898973226547241, 0.08302078396081924, 0.2812359035015106, 0.9560409784317017),
            ["LeftLowerLeg"] = CFrame.new(3.688037395477295e-07, 0.00012230873107910156, 0.00007767230272293091, 1, 1.9371512394172896e-07, 1.1920926112907182e-07, -5.960465188081798e-08, -0.6696768999099731, 0.7426525354385376, 1.0430814256778831e-07, -0.7426525950431824, -0.6696769595146179),
        }},
        {Time = 0.167, Data = {
            ["LeftFoot"] = CFrame.new(2.086162567138672e-07, 1.1920928955078125e-07, -1.862645149230957e-08, 0.6573547720909119, 0.35621654987335205, -0.6640748381614685, -0.06599670648574829, 0.9050517082214355, 0.4201497733592987, 0.7506858110427856, -0.23236019909381866, 0.618448793888092),
            ["LeftLowerArm"] = CFrame.new(-0.0000011026859283447266, -0.0000018477439880371094, 0.000002648681402206421, 1, -7.450577044210149e-08, 1.4901154088420299e-08, 8.940698137394065e-08, 0.31387850642204285, -0.9494631290435791, 6.33299421792799e-08, 0.9494631290435791, 0.3138786554336548),
            ["LowerTorso"] = CFrame.new(0.44494983553886414, -0.1264629364013672, 0.22105664014816284, 0.8590162992477417, 0.11299744993448257, -0.4993223249912262, -0.18413227796554565, 0.9782615900039673, -0.0953923910856247, 0.4776887595653534, 0.17388495802879333, 0.8611489534378052),
            ["Head"] = CFrame.new(-2.2351741790771484e-07, 8.344650268554688e-07, 2.60770320892334e-08, 0.9108575582504272, -0.4108036756515503, 0.03973373770713806, 0.40780553221702576, 0.8810150623321533, -0.23980726301670074, 0.06350763887166977, 0.23463362455368042, 0.9700071811676025),
            ["RightUpperArm"] = CFrame.new(-3.5762786865234375e-07, 0.000002384185791015625, -3.725290298461914e-07, 0.7999104261398315, -0.3894607722759247, 0.4565782845020294, 0.5865790247917175, 0.6681109070777893, -0.45776939392089844, -0.12676173448562622, 0.6339938640594482, 0.7628783583641052),
            ["UpperTorso"] = CFrame.new(5.960464477539063e-08, 0.0000026226043701171875, -1.1920928955078125e-07, 0.9314444065093994, -0.26011812686920166, 0.2544603645801544, 0.030878053978085518, 0.7532681226730347, 0.6569883823394775, -0.36257120966911316, -0.6040908694267273, 0.709659218788147),
            ["HumanoidRootPart"] = CFrame.new(0, 0, 0, 1, 0, 0, 0, 1, 0, 0, 0, 1),
            ["RightHand"] = CFrame.new(2.980232238769531e-07, 2.980232238769531e-07, -2.2351741790771484e-07, 0.9517513513565063, 0.06783539801836014, 0.2992786467075348, -0.1561107486486435, 0.9466635584831238, 0.28188207745552063, -0.2641945779323578, -0.3150022029876709, 0.9115782380104065),
            ["LeftUpperArm"] = CFrame.new(1.7881393432617188e-07, -2.384185791015625e-07, 2.8870999813079834e-07, 0.4786079227924347, 0.5374720096588135, 0.6943041086196899, -0.5367875695228577, 0.8048779964447021, -0.25304263830184937, -0.6948335766792297, -0.25158560276031494, 0.6737293004989624),
            ["RightLowerArm"] = CFrame.new(0.000003635883331298828, -2.980232238769531e-07, 0.0000011622905731201172, 1, -1.0989585064180574e-07, 8.940692453052179e-08, 1.1548412004458442e-07, -0.041212502866983414, -0.9991503953933716, 1.4062986508633912e-07, 0.9991503953933716, -0.04121248051524162),
            ["LeftHand"] = CFrame.new(2.905726432800293e-07, -2.384185791015625e-07, -5.662441253662109e-07, 0.3366215229034424, 0.2723402678966522, -0.9013972282409668, -0.3810579776763916, 0.9147774577140808, 0.1340790092945099, 0.8610928058624268, 0.2983507513999939, 0.4117111265659332),
            ["RightUpperLeg"] = CFrame.new(7.152557373046875e-07, -0.000001862645149230957, -1.6596459317952394e-08, 0.9957001805305481, -0.08025898039340973, 0.046257033944129944, 0.0925898626446724, 0.846714973449707, -0.5239278674125671, 0.002883374923840165, 0.5259583592414856, 0.8505057096481323),
            ["LeftUpperLeg"] = CFrame.new(0, -9.150244295597076e-08, -4.516914486885071e-08, 0.8608084321022034, 0.3590538203716278, -0.3606792092323303, -0.4758981466293335, 0.8190491795539856, -0.32043564319610596, 0.18036048114299774, 0.44748052954673767, 0.8759176135063171),
            ["RightLowerLeg"] = CFrame.new(-2.387678250670433e-07, -0.00012236833572387695, -0.0000775409207562916, 1, -1.1175872316471214e-07, -4.470350489782504e-08, 1.1920928955078125e-07, 0.5244184732437134, 0.8514602184295654, -1.1175870895385742e-07, -0.8514607548713684, 0.5244192481040955),
            ["RightFoot"] = CFrame.new(-8.754432201385498e-08, 2.980232238769531e-07, 2.7772330213338137e-08, 0.9907499551773071, -0.11414804309606552, -0.07338161766529083, 0.08726542443037033, 0.9500516057014465, -0.29964447021484375, 0.103920117020607, 0.29046931862831116, 0.951224684715271),
            ["LeftLowerLeg"] = CFrame.new(2.5331974029541016e-07, 0.00012177228927612305, 0.00007756054401397705, 1, 1.3411046495548362e-07, 2.980229751869956e-08, -2.9802318834981634e-08, -0.5591331124305725, 0.8290778994560242, 1.0430811414607888e-07, -0.8290780186653137, -0.5591331720352173),
        }},
        {Time = 0.200, Data = {
            ["LeftFoot"] = CFrame.new(1.341104507446289e-07, 5.960464477539063e-08, -5.960464477539063e-08, 0.7685811519622803, 0.25224772095680237, -0.5879231691360474, 0.021532488986849785, 0.9082662463188171, 0.4178387522697449, 0.6393898129463196, -0.3338016867637634, 0.6926450729370117),
            ["LeftLowerArm"] = CFrame.new(-5.662441253662109e-07, -0.0000019669532775878906, 0.000002808868885040283, 1, -4.470344805440618e-08, 1.490115053570662e-08, 4.470348358154297e-08, 0.5759515166282654, -0.8174839019775391, 2.9802322387695312e-08, 0.8174839019775391, 0.5759515166282654),
            ["LowerTorso"] = CFrame.new(0.4351764917373657, -0.10657262802124023, 0.23515185713768005, 0.9033234119415283, 0.11385516822338104, -0.4135744571685791, -0.17110185325145721, 0.979749321937561, -0.10399775207042694, 0.3933585286140442, 0.16470696032047272, 0.9045113325119019),
            ["Head"] = CFrame.new(-1.043081283569336e-07, 3.5762786865234375e-07, -8.381903171539307e-08, 0.9382590055465698, -0.3438815772533417, 0.03762448579072952, 0.3428383469581604, 0.9098299145698547, -0.23382015526294708, 0.04617443308234215, 0.2322823852300644, 0.9715516567230225),
            ["RightUpperArm"] = CFrame.new(-1.1920928955078125e-07, 0.000002384185791015625, -6.51925802230835e-07, 0.769896388053894, -0.33162251114845276, 0.5452396273612976, 0.6204038858413696, 0.5891254544258118, -0.5177163481712341, -0.14952817559242249, 0.7368566989898682, 0.6593053936958313),
            ["UpperTorso"] = CFrame.new(-7.450580596923828e-09, 0.000003129243850708008, -1.043081283569336e-07, 0.9486052989959717, -0.22582869231700897, 0.2216971516609192, 0.032805074006319046, 0.76694655418396, 0.6408719420433044, -0.31475698947906494, -0.6006616353988647, 0.7349377274513245),
            ["HumanoidRootPart"] = CFrame.new(0, 0, 0, 1, 0, 0, 0, 1, 0, 0, 0, 1),
            ["RightHand"] = CFrame.new(0, 4.172325134277344e-07, -6.705522537231445e-07, 0.9239009022712708, -0.1948932558298111, 0.3292776644229889, 0.14243681728839874, 0.9738907814025879, 0.17677251994609833, -0.3551322817802429, -0.11641902476549149, 0.9275385737419128),
            ["LeftUpperArm"] = CFrame.new(1.1920928955078125e-07, -0.0000010728836059570312, 4.256144165992737e-07, 0.6182674765586853, 0.5761361122131348, 0.5346143841743469, -0.44781675934791565, 0.81721431016922, -0.3627961277961731, -0.6459145545959473, -0.015104170888662338, 0.7632603645324707),
            ["RightLowerArm"] = CFrame.new(0.000003337860107421875, -0.0000010132789611816406, 0.000001043081283569336, 1, -3.7252835483059243e-08, 5.5879340266073996e-08, 1.0430825625462603e-07, 0.45687180757522583, -0.8895325660705566, 7.450589123436657e-08, 0.8895325660705566, 0.45687180757522583),
            ["LeftHand"] = CFrame.new(2.384185791015625e-07, -5.960464477539063e-08, -2.682209014892578e-07, 0.36101287603378296, 0.259208083152771, -0.89581298828125, -0.4641983211040497, 0.8830822706222534, 0.06845250725746155, 0.8088199496269226, 0.39112257957458496, 0.43912816047668457),
            ["RightUpperLeg"] = CFrame.new(4.76837158203125e-07, -0.0000018104910850524902, 5.790934665128589e-08, 0.9938631057739258, -0.10961910337209702, -0.014828890562057495, 0.08839648216962814, 0.86763596534729, -0.48927897214889526, 0.06650036573410034, 0.48496556282043457, 0.8720012307167053),
            ["LeftUpperLeg"] = CFrame.new(-2.384185791015625e-07, 3.9814040064811707e-07, -1.019798219203949e-07, 0.9080579280853271, 0.3215193748474121, -0.2684326171875, -0.4110238552093506, 0.8073104023933411, -0.4234488904476166, 0.080561563372612, 0.4948485791683197, 0.8652369379997253),
            ["RightLowerLeg"] = CFrame.new(4.516914486885071e-08, -0.00012224912643432617, -0.00007728410855634138, 1, -1.639127589214695e-07, -1.2665991278026922e-07, 5.960465188081798e-08, 0.5488404631614685, 0.8359267115592957, -1.1175872316471214e-07, -0.8359271287918091, 0.5488412380218506),
            ["RightFoot"] = CFrame.new(2.421438694000244e-08, 5.364418029785156e-07, 9.145878721028566e-09, 0.9906385540962219, -0.0756693184375763, -0.11362051963806152, 0.042292945086956024, 0.9614840149879456, -0.27158764004707336, 0.12979522347450256, 0.2642399072647095, 0.9556833505630493),
            ["LeftLowerLeg"] = CFrame.new(2.8312206268310547e-07, 0.0001220703125, 0.00007763504981994629, 1, -1.4901155864777138e-08, 7.450579175838357e-08, 1.4901159417490817e-08, -0.40550169348716736, 0.9140944480895996, 1.937150670983101e-07, -0.9140942692756653, -0.4055013954639435),
        }},
        {Time = 0.233, Data = {
            ["LeftFoot"] = CFrame.new(0, -1.1920928955078125e-07, 1.043081283569336e-07, 0.8756964206695557, 0.0645490363240242, -0.47852814197540283, 0.15299354493618011, 0.9028727412223816, 0.40176406502723694, 0.45798343420028687, -0.4250345826148987, 0.7807666063308716),
            ["LeftLowerArm"] = CFrame.new(-9.5367431640625e-07, -0.0000017881393432617188, 0.0000029206275939941406, 1, -3.352758071173412e-08, -7.450578820566989e-09, 7.264316792543468e-08, 0.8022111058235168, -0.5970405340194702, 9.313226634333205e-09, 0.5970404744148254, 0.8022111058235168),
            ["LowerTorso"] = CFrame.new(0.4276566803455353, -0.061109304428100586, 0.24417513608932495, 0.9537591338157654, 0.11352244764566422, -0.27830958366394043, -0.15068210661411285, 0.9817621111869812, -0.11592268943786621, 0.2600739598274231, 0.15249858796596527, 0.9534703493118286),
            ["Head"] = CFrame.new(-2.0791776478290558e-07, 3.5762786865234375e-07, -3.725290298461914e-09, 0.9626603722572327, -0.2698197364807129, -0.02196469157934189, 0.2578052878379822, 0.9384943246841431, -0.2297067791223526, 0.08259307593107224, 0.21546652913093567, 0.9730120301246643),
            ["RightUpperArm"] = CFrame.new(-3.5762786865234375e-07, 0.0000017881393432617188, -6.109476089477539e-07, 0.7464901208877563, -0.27116861939430237, 0.6076348423957825, 0.6488076448440552, 0.49927017092704773, -0.5742629170417786, -0.14765198528766632, 0.8229196667671204, 0.5486365556716919),
            ["UpperTorso"] = CFrame.new(-4.470348358154297e-08, 0.0000027418136596679688, -7.450580596923828e-08, 0.9622024893760681, -0.1808830350637436, 0.20358721911907196, 0.015239746309816837, 0.7821530103683472, 0.6229002475738525, -0.2719082236289978, -0.5962534546852112, 0.7553461194038391),
            ["HumanoidRootPart"] = CFrame.new(0, 0, 0, 1, 0, 0, 0, 1, 0, 0, 0, 1),
            ["RightHand"] = CFrame.new(-1.7881393432617188e-07, 8.344650268554688e-07, -4.172325134277344e-07, 0.801186203956604, -0.264006644487381, 0.5370299816131592, 0.27368924021720886, 0.9597204327583313, 0.06349082291126251, -0.5321605801582336, 0.09611126780509949, 0.8411704897880554),
            ["LeftUpperArm"] = CFrame.new(1.7881393432617188e-07, -8.344650268554688e-07, 1.6577541828155518e-07, 0.7921666502952576, 0.5747528672218323, 0.20525901019573212, -0.45259374380111694, 0.7788628339767456, -0.4342022240161896, -0.40942755341529846, 0.2510615587234497, 0.8771186470985413),
            ["RightLowerArm"] = CFrame.new(0.0000027418136596679688, -2.384185791015625e-07, 9.834766387939453e-07, 1, -3.725283903577292e-08, 4.4703433843551466e-08, 4.470353331953447e-08, 0.8496216535568237, -0.5273926854133606, 2.2351766659767236e-08, 0.5273926258087158, 0.8496216535568237),
            ["LeftHand"] = CFrame.new(4.246830940246582e-07, 1.1920928955078125e-07, -1.7881393432617188e-07, 0.4572628438472748, 0.2650248110294342, -0.8489243984222412, -0.20063675940036774, 0.9606971740722656, 0.19184839725494385, 0.8664038181304932, 0.08260025829076767, 0.4924647808074951),
            ["RightUpperLeg"] = CFrame.new(0.0000010132789611816406, -0.000002339482307434082, 1.1751399142667651e-07, 0.9783788323402405, -0.1604599803686142, -0.13048909604549408, 0.08938708901405334, 0.897024393081665, -0.43284764885902405, 0.1865067034959793, 0.41182515025138855, 0.8919727802276611),
            ["LeftUpperLeg"] = CFrame.new(-1.7881393432617188e-07, 2.05356627702713e-07, -6.426125764846802e-08, 0.9424242377281189, 0.24329659342765808, -0.22944173216819763, -0.3272804617881775, 0.812002420425415, -0.4832589030265808, 0.06873204559087753, 0.5305269360542297, 0.8448771834373474),
            ["RightLowerLeg"] = CFrame.new(-1.7136335372924805e-07, -0.00012254714965820312, -0.00007731856749160215, 1, -1.5646217832454568e-07, 3.7252920748187535e-09, 1.341104365337742e-07, 0.6143189668655396, 0.7890575528144836, -8.195637946073475e-08, -0.7890578508377075, 0.6143192648887634),
            ["RightFoot"] = CFrame.new(-6.146728992462158e-08, 2.980232238769531e-07, -5.8375007938593626e-08, 0.9946500658988953, -0.002869220217689872, -0.10326231271028519, -0.018680810928344727, 0.9781373739242554, -0.20711924135684967, 0.1015988141298294, 0.20794044435024261, 0.9728507399559021),
            ["LeftLowerLeg"] = CFrame.new(3.129243850708008e-07, 0.00012230873107910156, 0.0000775456428527832, 1, 8.940695295223122e-08, 1.490115550950577e-07, -8.940698137394065e-08, -0.15880881249904633, 0.9873092770576477, 8.940698137394065e-08, -0.9873093962669373, -0.1588091403245926),
        }},
        {Time = 0.267, Data = {
            ["LeftFoot"] = CFrame.new(5.587935447692871e-08, -5.960464477539063e-08, -5.21540641784668e-08, 0.923200249671936, -0.10447327792644501, -0.36984720826148987, 0.2679671049118042, 0.8648175597190857, 0.4245997369289398, 0.27549025416374207, -0.49109673500061035, 0.8263946771621704),
            ["LeftLowerArm"] = CFrame.new(-6.854534149169922e-07, -0.000002562999725341797, 0.000002771615982055664, 1, -5.215400022962058e-08, 2.9802308176840597e-08, 5.774198541530495e-08, 0.8722835779190063, -0.48900043964385986, 1.4901157641133977e-08, 0.48900046944618225, 0.8722835183143616),
            ["LowerTorso"] = CFrame.new(0.42028796672821045, -0.01662135124206543, 0.248604416847229, 0.9863083362579346, 0.11119075864553452, -0.12178922444581985, -0.1263905018568039, 0.9840540289878845, -0.12515316903591156, 0.10593129694461823, 0.13883262872695923, 0.9846339821815491),
            ["Head"] = CFrame.new(-2.942979335784912e-07, 9.5367431640625e-07, 2.2351741790771484e-08, 0.9740087985992432, -0.21558670699596405, -0.06949343532323837, 0.19287297129631042, 0.9502420425415039, -0.24462319910526276, 0.11877310276031494, 0.22486132383346558, 0.9671247005462646),
            ["RightUpperArm"] = CFrame.new(-5.960464477539062e-07, 0.0000020265579223632812, -5.662441253662109e-07, 0.7721369862556458, -0.30549368262290955, 0.5572056770324707, 0.6277744770050049, 0.5026456713676453, -0.5943456888198853, -0.09850819408893585, 0.8087155818939209, 0.5798923373222351),
            ["UpperTorso"] = CFrame.new(3.725290298461914e-08, 0.000003039836883544922, -1.6763806343078613e-07, 0.9809526205062866, -0.10712597519159317, 0.1620372235774994, -0.015659179538488388, 0.7878532409667969, 0.615664005279541, -0.19361507892608643, -0.6064744591712952, 0.7711692452430725),
            ["HumanoidRootPart"] = CFrame.new(0, 0, 0, 1, 0, 0, 0, 1, 0, 0, 0, 1),
            ["RightHand"] = CFrame.new(-4.172325134277344e-07, 3.5762786865234375e-07, -3.5762786865234375e-07, 0.7369692921638489, -0.25627604126930237, 0.6254588961601257, 0.27484577894210815, 0.9590024948120117, 0.06909551471471786, -0.6175241470336914, 0.12098351866006851, 0.7771918177604675),
            ["LeftUpperArm"] = CFrame.new(1.7881393432617188e-07, -4.76837158203125e-07, 2.4959444999694824e-07, 0.8241055011749268, 0.528012752532959, -0.20506709814071655, -0.5631909966468811, 0.725104570388794, -0.3962818384170532, -0.06054675579071045, 0.44207003712654114, 0.8949347734451294),
            ["RightLowerArm"] = CFrame.new(0.000002384185791015625, -2.980232238769531e-07, 6.556510925292969e-07, 1, -2.9802290413272203e-08, 1.4901146982992941e-08, 0, 0.9404524564743042, -0.33992552757263184, 2.2351768436124075e-08, 0.33992549777030945, 0.9404523968696594),
            ["LeftHand"] = CFrame.new(4.246830940246582e-07, -4.76837158203125e-07, -4.76837158203125e-07, 0.5457858443260193, 0.2507035434246063, -0.7995409965515137, 0.044747013598680496, 0.9441098570823669, 0.3265799283981323, 0.836729109287262, -0.21401982009410858, 0.5040633678436279),
            ["RightUpperLeg"] = CFrame.new(7.748603820800781e-07, -0.0000017136335372924805, 8.398637874051929e-08, 0.948252260684967, -0.24735328555107117, -0.1990828961133957, 0.14873157441616058, 0.8999817967414856, -0.4097699820995331, 0.2805293798446655, 0.35895565152168274, 0.8901991248130798),
