return {
    ["Well Rounded"] = {
        {Time = 0.000, Data = {
            ["RightFoot"] = CFrame.new(-1.9674189388751984e-08, 3.5762786865234375e-07, -3.55576048605144e-08, 0.9919212460517883, -0.0032574168872088194, -0.1268133670091629, -0.0456133708357811, 0.923651933670044, -0.3805076479911804, 0.11837121099233627, 0.38321852684020996, 0.9160417318344116),
            ["LeftLowerArm"] = CFrame.new(6.556510925292969e-07, 0, 0, 1, -6.705523958316917e-08, -1.3737011528291987e-08, 7.450580596923828e-09, 0.9414349794387817, -0.3371945917606354, -5.21540641784668e-08, 0.33719462156295776, 0.9414349794387817),
            ["RightUpperArm"] = CFrame.new(2.384185791015625e-07, 1.1920928955078125e-07, -9.685754776000977e-08, 0.700591504573822, -0.484668105840683, 0.5237064361572266, 0.44599178433418274, 0.870334267616272, 0.20882925391197205, -0.5570124983787537, 0.08726470917463303, 0.8259068131446838),
            ["Head"] = CFrame.new(-1.6763806343078613e-07, 0.0000010728836059570312, -8.009374141693115e-08, 0.9896069765090942, -0.14378994703292847, -0.0015801526606082916, 0.14056150615215302, 0.9649523496627808, 0.22160637378692627, -0.030339976772665977, -0.21952538192272186, 0.9751349091529846),
            ["RightHand"] = CFrame.new(-5.960464477539063e-08, -1.7881393432617188e-07, -1.6391277313232422e-07, 0.9499760270118713, 0.2657144069671631, -0.16413883864879608, -0.2537230849266052, 0.9630307555198669, 0.09053464233875275, 0.18212711811065674, -0.044359948486089706, 0.9822739362716675),
            ["UpperTorso"] = CFrame.new(2.0954757928848267e-09, -2.682209014892578e-07, 2.3283064365386963e-09, 0.9986749887466431, 0.05114166438579559, -0.005738450679928064, -0.047897305339574814, 0.9644725322723389, 0.25980523228645325, 0.0188214723020792, -0.25918614864349365, 0.9656440019607544),
            ["HumanoidRootPart"] = CFrame.new(0, 0, 0, 1, 0, 0, 0, 1, 0, 0, 0, 1),
            ["RightUpperLeg"] = CFrame.new(1.1920928955078125e-07, -6.14440068602562e-07, 3.183231456205249e-08, 0.9045248627662659, -0.102901391685009, -0.41381916403770447, 0.020539022982120514, 0.9798341989517212, -0.19875426590442657, 0.4259260594844818, 0.1712784767150879, 0.888397753238678),
            ["LeftUpperArm"] = CFrame.new(-1.1920928955078125e-07, 3.5762786865234375e-07, -3.725290298461914e-08, 0.5762840509414673, 0.3465215563774109, -0.7401484251022339, -0.33357498049736023, 0.9265169501304626, 0.17405179142951965, 0.7460726499557495, 0.14659170806407928, 0.649527907371521),
            ["RightLowerArm"] = CFrame.new(3.5762786865234375e-07, 5.364418029785156e-07, 8.940696716308594e-08, 1, -5.634502286966381e-08, -2.980232594040899e-08, 5.7741978309877595e-08, 0.7998386025428772, -0.6002151370048523, 3.7252888773764425e-08, 0.6002151966094971, 0.7998386025428772),
            ["LeftHand"] = CFrame.new(-6.854534149169922e-07, 2.384185791015625e-07, -3.725290298461914e-09, 0.8819344639778137, 0.013712859712541103, -0.471172571182251, -0.06314167380332947, 0.9940050840377808, -0.0892585888504982, 0.46712377667427063, 0.1084708422422409, 0.8775131702423096),
            ["LeftFoot"] = CFrame.new(-4.516914486885071e-08, 5.960464477539063e-08, 1.932494342327118e-08, 0.9850980639457703, -0.0395645946264267, -0.16738104820251465, 0.0005989105557091534, 0.9739655256271362, -0.22669574618339539, 0.1719927340745926, 0.22321699559688568, 0.9594752192497253),
            ["LowerTorso"] = CFrame.new(0.06537097692489624, -0.1072622537612915, -0.01485665887594223, 0.9955137968063354, -0.004445177037268877, 0.09451206773519516, 0.012500372715294361, 0.9963188171386719, -0.0848090648651123, -0.09378715604543686, 0.085610032081604, 0.9919047355651855),
            ["RightLowerLeg"] = CFrame.new(-1.0710209608078003e-08, -0.000003635883331298828, -0.00001337954745395109, 1, -3.4924592995366766e-08, -8.917415783571414e-08, 9.825453162193298e-08, 0.7632632851600647, 0.6460869908332825, -1.0593794286251068e-07, -0.6460875868797302, 0.7632638216018677),
            ["LeftUpperLeg"] = CFrame.new(-3.5762786865234375e-07, -9.01869498193264e-07, -1.862645149230957e-08, 0.9965793490409851, 0.0817270427942276, 0.012259072624146938, -0.07015296816825867, 0.9150308966636658, -0.39723679423332214, -0.04368244856595993, 0.3950180411338806, 0.9176343083381653),
            ["LeftLowerLeg"] = CFrame.new(1.4528632164001465e-07, 0.0000040531158447265625, 0.000013232231140136719, 1, 6.583286449313164e-08, 1.6763804566721774e-08, -4.842877388000488e-08, 0.6633222699165344, 0.7483340501785278, 6.51925802230835e-08, -0.7483338713645935, 0.6633221507072449),
        }},
        {Time = 0.033, Data = {
            ["RightFoot"] = CFrame.new(2.8172507882118225e-08, 4.172325134277344e-07, -1.5068508218973875e-08, 0.9917173981666565, -0.010761621408164501, -0.1279875636100769, -0.04046640172600746, 0.9195536375045776, -0.3908749520778656, 0.1218978613615036, 0.3928171396255493, 0.9115020036697388),
            ["LeftLowerArm"] = CFrame.new(0.0000011026859283447266, -9.5367431640625e-07, -4.172325134277344e-07, 1, -5.029141902923584e-08, 1.862645149230957e-08, 9.080392970872708e-08, 0.8677350282669067, -0.4970272481441498, -1.4901157641133977e-08, 0.497027188539505, 0.8677349090576172),
            ["RightUpperArm"] = CFrame.new(0, -2.384185791015625e-07, -8.940696716308594e-08, 0.7151409983634949, -0.49998757243156433, 0.4884524941444397, 0.45409300923347473, 0.863583505153656, 0.21914204955101013, -0.5313878059387207, 0.06508536636829376, 0.8446247577667236),
            ["Head"] = CFrame.new(-1.6763806343078613e-07, 8.344650268554688e-07, -4.98257577419281e-08, 0.9932388067245483, -0.11410331726074219, 0.021384086459875107, 0.1072743758559227, 0.9725196957588196, 0.20663411915302277, -0.04437405616044998, -0.20294307172298431, 0.9781845808029175),
            ["RightHand"] = CFrame.new(-1.1920928955078125e-07, 3.5762786865234375e-07, -5.960464477539063e-08, 0.958308219909668, 0.28537043929100037, 0.014462428167462349, -0.28517818450927734, 0.952046275138855, 0.11082197725772858, 0.0178564190864563, -0.11032598465681076, 0.9937350749969482),
            ["UpperTorso"] = CFrame.new(1.0884832590818405e-08, -3.5762786865234375e-07, -1.3969838619232178e-08, 0.9991762042045593, 0.03918859362602234, -0.010553518310189247, -0.035853225737810135, 0.9741729497909546, 0.2229386866092682, 0.019017603248357773, -0.22237661480903625, 0.9747753739356995),
            ["HumanoidRootPart"] = CFrame.new(0, 0, 0, 1, 0, 0, 0, 1, 0, 0, 0, 1),
            ["RightUpperLeg"] = CFrame.new(4.172325134277344e-07, -6.466143531724811e-07, 9.480572771281004e-09, 0.9133760929107666, -0.0986708402633667, -0.39497873187065125, 0.014249825850129128, 0.9773390889167786, -0.2111997902393341, 0.40686729550361633, 0.18727633357048035, 0.8940841555595398),
            ["LeftUpperArm"] = CFrame.new(-1.1920928955078125e-07, 1.1920928955078125e-07, -7.450580596923828e-09, 0.630429208278656, 0.3648609220981598, -0.6851536631584167, -0.3731743097305298, 0.9164162874221802, 0.14464549720287323, 0.6806613802909851, 0.16449305415153503, 0.7138922214508057),
            ["RightLowerArm"] = CFrame.new(6.556510925292969e-07, 1.1920928955078125e-07, -5.662441253662109e-07, 1, -4.470347647611561e-08, -4.470347292340193e-08, 3.3527612686157227e-08, 0.6906254291534424, -0.7232125997543335, 0, 0.723212718963623, 0.6906254887580872),
            ["LeftHand"] = CFrame.new(-3.5762786865234375e-07, 0, -8.940696716308594e-08, 0.8759461641311646, -0.04712582752108574, -0.48010170459747314, 0.046810850501060486, 0.998823881149292, -0.012636132538318634, 0.48013240098953247, -0.011405372992157936, 0.8771219253540039),
            ["LeftFoot"] = CFrame.new(6.682239472866058e-08, -1.7881393432617188e-07, 2.514570951461792e-08, 0.9895352721214294, -0.04218411073088646, -0.13798730075359344, 0.00819224864244461, 0.9711925983428955, -0.2381553202867508, 0.14405864477157593, 0.23453271389007568, 0.9613748788833618),
            ["LowerTorso"] = CFrame.new(0.07019571959972382, -0.10571444034576416, -0.02069910801947117, 0.9972578287124634, 0.0003364951116964221, 0.07400539517402649, 0.004735596477985382, 0.997650146484375, -0.06835063546895981, -0.0738544911146164, 0.0685136616230011, 0.9949128031730652),
            ["RightLowerLeg"] = CFrame.new(6.984919309616089e-08, -0.000003874301910400391, -0.0000133199428091757, 1, -7.357447628919545e-08, -7.566996629293499e-08, 8.568167686462402e-08, 0.7673570513725281, 0.6412193179130554, -7.497146725654602e-08, -0.6412200331687927, 0.7673577070236206),
            ["LeftUpperLeg"] = CFrame.new(-4.76837158203125e-07, -0.0000010148069122806191, -2.60770320892334e-08, 0.9958453178405762, 0.08306046575307846, 0.037323206663131714, -0.061994779855012894, 0.9186291098594666, -0.39022722840309143, -0.06669852882623672, 0.38629212975502014, 0.9199618101119995),
            ["LeftLowerLeg"] = CFrame.new(1.1548399925231934e-07, 0.000003874301910400391, 0.000013321638107299805, 1, 7.101336052528495e-08, 5.215407838932151e-08, -4.4703490686970326e-08, 0.6725099682807922, 0.740088164806366, 2.7939680791178034e-08, -0.740088164806366, 0.6725099086761475),
        }},
        {Time = 0.067, Data = {
            ["RightFoot"] = CFrame.new(-1.4435499906539917e-08, 3.5762786865234375e-07, 3.5579432733356953e-09, 0.9913979172706604, -0.019202642142772675, -0.1294669657945633, -0.03422506898641586, 0.9167250990867615, -0.3980495035648346, 0.12632900476455688, 0.3990570604801178, 0.9081822633743286),
            ["LeftLowerArm"] = CFrame.new(0.0000011324882507324219, -0.0000013709068298339844, -3.8743019104003906e-07, 1, -5.960465898624534e-08, 2.980232594040899e-08, 2.2351738238057806e-08, 0.7316493391990662, -0.6816812753677368, 2.2351738238057806e-08, 0.681681215763092, 0.7316492199897766),
            ["RightUpperArm"] = CFrame.new(-1.1920928955078125e-07, -4.76837158203125e-07, -4.842877388000488e-08, 0.6873299479484558, -0.5513307452201843, 0.47287648916244507, 0.4827300012111664, 0.8331854939460754, 0.26976606249809265, -0.542724072933197, 0.04285331815481186, 0.8388171792030334),
            ["Head"] = CFrame.new(-1.7601996660232544e-07, 3.5762786865234375e-07, -6.658956408500671e-08, 0.995107114315033, -0.09295295923948288, 0.03349044546484947, 0.0846608504652977, 0.9769465923309326, 0.19597969949245453, -0.05093524232506752, -0.19218549132347107, 0.9800359010696411),
            ["RightHand"] = CFrame.new(-1.7881393432617188e-07, 1.1920928955078125e-07, -8.940696716308594e-08, 0.8807917833328247, 0.3136235475540161, 0.35474807024002075, -0.3725907504558563, 0.9213917851448059, 0.11051464080810547, -0.2922019958496094, -0.22951625287532806, 0.9284074902534485),
            ["UpperTorso"] = CFrame.new(-8.41100700199604e-09, -2.086162567138672e-07, -5.820766091346741e-09, 0.9995153546333313, 0.02970714308321476, -0.009299643337726593, -0.02735859528183937, 0.9808549284934998, 0.1928088665008545, 0.014849388040602207, -0.1924610137939453, 0.9811923503875732),
            ["HumanoidRootPart"] = CFrame.new(0, 0, 0, 1, 0, 0, 0, 1, 0, 0, 0, 1),
            ["RightUpperLeg"] = CFrame.new(3.5762786865234375e-07, -8.278293535113335e-07, 3.9282895158976316e-08, 0.9218195676803589, -0.0915822982788086, -0.3766446113586426, 0.0041353534907102585, 0.9739560484886169, -0.226699560880661, 0.38759711384773254, 0.20741835236549377, 0.898190438747406),
            ["LeftUpperArm"] = CFrame.new(0, -7.152557373046875e-07, -6.705522537231445e-08, 0.584107518196106, 0.4399645924568176, -0.6820921301841736, -0.4393848776817322, 0.8779665231704712, 0.19004176557064056, 0.682465672492981, 0.18869616091251373, 0.7061405181884766),
            ["RightLowerArm"] = CFrame.new(2.384185791015625e-07, 2.980232238769531e-07, -5.960464477539063e-08, 1, -1.0430811414607888e-07, 2.980232594040899e-08, 8.940695295223122e-08, 0.48015618324279785, -0.8771830797195435, 5.960463766996327e-08, 0.8771830201148987, 0.4801562428474426),
            ["LeftHand"] = CFrame.new(-3.5762786865234375e-07, -3.5762786865234375e-07, -1.4901161193847656e-07, 0.7893465757369995, -0.20401878654956818, -0.5790582895278931, 0.3300599157810211, 0.9362965226173401, 0.1200391873717308, 0.5176798701286316, -0.28587639331817627, 0.806400716304779),
            ["LeftFoot"] = CFrame.new(7.369089871644974e-08, -5.960464477539063e-08, -1.4901161193847656e-08, 0.9963987469673157, -0.043851353228092194, -0.07257207483053207, 0.023690534755587578, 0.9657742381095886, -0.2582998275756836, 0.08141505718231201, 0.2556504011154175, 0.9633351564407349),
            ["LowerTorso"] = CFrame.new(0.07650265842676163, -0.10472714900970459, -0.023180469870567322, 0.9985332489013672, 0.0031219020020216703, 0.054052431136369705, -0.00044432212598621845, 0.9987751245498657, -0.04947802796959877, -0.05414069443941116, 0.04938143864274025, 0.997311532497406),
            ["RightLowerLeg"] = CFrame.new(5.587935447692871e-09, -0.000003814697265625, -0.000013275239325594157, 1, -3.0733637856883433e-08, -1.1362138252479781e-07, 9.592622518539429e-08, 0.7714788913726807, 0.6362544894218445, -6.658956408500671e-08, -0.6362549066543579, 0.7714793086051941),
            ["LeftUpperLeg"] = CFrame.new(-4.76837158203125e-07, -9.768555173650384e-07, -4.889443516731262e-09, 0.9945937395095825, 0.08080745488405228, 0.0652199313044548, -0.05004517734050751, 0.9233049750328064, -0.3807933032512665, -0.09098874032497406, 0.37547072768211365, 0.9223572015762329),
            ["LeftLowerLeg"] = CFrame.new(6.705522537231445e-08, 0.000003814697265625, 0.000013325363397598267, 1, 8.009374852235851e-08, -3.725290298461914e-09, -6.332993507385254e-08, 0.67798912525177, 0.7350720763206482, 2.2351741790771484e-08, -0.7350720167160034, 0.6779890060424805),
        }},
        {Time = 0.100, Data = {
            ["RightFoot"] = CFrame.new(1.816079020500183e-08, 3.5762786865234375e-07, 1.1008523870259523e-08, 0.9910596609115601, -0.02745671384036541, -0.13056424260139465, -0.027429532259702682, 0.915761411190033, -0.40078485012054443, 0.1305696666240692, 0.40078338980674744, 0.906821072101593),
            ["LeftLowerArm"] = CFrame.new(0.0000017881393432617188, -0.0000010728836059570312, -5.066394805908203e-07, 1, -1.043081780949251e-07, 7.450583439094771e-08, 7.078052277620372e-08, 0.3869006931781769, -0.9221214652061462, 1.3411046495548362e-07, 0.9221214652061462, 0.3869006335735321),
            ["RightUpperArm"] = CFrame.new(0, -1.1920928955078125e-07, -1.0058283805847168e-07, 0.6646009683609009, -0.6280719041824341, 0.40476083755493164, 0.5461191534996033, 0.7780173420906067, 0.31055256724357605, -0.5099602937698364, 0.014654027298092842, 0.8600732088088989),
            ["Head"] = CFrame.new(-1.8300488591194153e-07, 7.152557373046875e-07, -3.3527612686157227e-08, 0.9962049722671509, -0.07939305156469345, 0.035673193633556366, 0.07154523581266403, 0.9803452491760254, 0.18386036157608032, -0.04956924542784691, -0.18061038851737976, 0.9823048710823059),
            ["RightHand"] = CFrame.new(-4.76837158203125e-07, -2.384185791015625e-07, 4.470348358154297e-08, 0.7676509022712708, 0.3226289451122284, 0.5537352561950684, -0.42774561047554016, 0.9013509154319763, 0.06782540678977966, -0.4772273898124695, -0.2889239490032196, 0.8299259543418884),
            ["UpperTorso"] = CFrame.new(3.987224772572517e-09, -5.662441253662109e-07, 1.0011717677116394e-08, 0.9997460246086121, 0.02233627438545227, -0.0030131428502500057, -0.021449817344546318, 0.9839595556259155, 0.17709775269031525, 0.0069205122999846935, -0.1769881248474121, 0.9841886758804321),
            ["HumanoidRootPart"] = CFrame.new(0, 0, 0, 1, 0, 0, 0, 1, 0, 0, 0, 1),
            ["RightUpperLeg"] = CFrame.new(2.980232238769531e-07, -5.770707502961159e-07, 3.3694959711283445e-08, 0.9288249611854553, -0.08450404554605484, -0.36075377464294434, -0.005749434698373079, 0.9702404737472534, -0.24207505583763123, 0.3704744279384613, 0.22691942751407623, 0.9006977677345276),
            ["LeftUpperArm"] = CFrame.new(-1.1920928955078125e-07, 3.5762786865234375e-07, -4.6566128730773926e-08, 0.5594772696495056, 0.5631198287010193, -0.6081787943840027, -0.5494253039360046, 0.8013567924499512, 0.23655688762664795, 0.6205781102180481, 0.2018006294965744, 0.7577331066131592),
            ["RightLowerArm"] = CFrame.new(5.960464477539062e-07, 4.76837158203125e-07, -1.4901161193847656e-07, 1, -8.940696716308594e-08, 4.4703497792397684e-08, 3.3527619791584584e-08, 0.1201203465461731, -0.9927593469619751, 1.0430815677864302e-07, 0.9927594065666199, 0.1201203316450119),
            ["LeftHand"] = CFrame.new(-4.172325134277344e-07, -4.76837158203125e-07, -7.450580596923828e-08, 0.7224191427230835, -0.21395786106586456, -0.6575201749801636, 0.41296640038490295, 0.8962041735649109, 0.16210150718688965, 0.5545893907546997, -0.3886389136314392, 0.7357923984527588),
            ["LeftFoot"] = CFrame.new(-2.2351741790771484e-08, 0, 1.1175870895385742e-08, 0.9989883899688721, -0.044182803481817245, -0.008382737636566162, 0.040186405181884766, 0.9607239961624146, -0.27458056807518005, 0.020185312256217003, 0.2739660143852234, 0.9615275859832764),
            ["LowerTorso"] = CFrame.new(0.08289090543985367, -0.10400497913360596, -0.020709188655018806, 0.9993161559104919, 0.005024618934839964, 0.03663266450166702, -0.003756773890927434, 0.9993942975997925, -0.034596726298332214, -0.03678430989384651, 0.0344354473054409, 0.9987297654151917),
            ["RightLowerLeg"] = CFrame.new(8.940696716308594e-08, -0.0000035762786865234375, -0.0000133199428091757, 1, -5.4016702222270396e-08, -2.7008358216562556e-08, 7.823108916227284e-08, 0.7741649746894836, 0.6329832673072815, 2.514570596190424e-08, -0.6329838037490845, 0.7741655111312866),
            ["LeftUpperLeg"] = CFrame.new(-1.7881393432617188e-07, -8.194256224669516e-07, 1.3504177331924438e-08, 0.9928130507469177, 0.07758590579032898, 0.0911192074418068, -0.038432441651821136, 0.9277532696723938, -0.3712100386619568, -0.11333685368299484, 0.36504021286964417, 0.9240673184394836),
            ["LeftLowerLeg"] = CFrame.new(1.1175870895385742e-08, 0.000004112720489501953, 0.000013317912817001343, 1, 9.499490261077881e-08, 1.862645371275562e-09, -6.332992796842518e-08, 0.6830689311027527, 0.730353832244873, 4.749744419996205e-08, -0.7303538918495178, 0.6830689907073975),
        }},
        {Time = 0.133, Data = {
            ["RightFoot"] = CFrame.new(1.3504177331924438e-08, 2.980232238769531e-07, 5.9437297750264406e-08, 0.990746021270752, -0.03404466435313225, -0.1313902735710144, -0.021594053134322166, 0.9161654114723206, -0.40021812915802, 0.13400040566921234, 0.39935195446014404, 0.9069520235061646),
            ["LeftLowerArm"] = CFrame.new(7.152557373046875e-07, -7.748603820800781e-07, -5.960464477539063e-08, 1, -1.0430815677864302e-07, 5.587936158235607e-08, 2.9802322387695312e-08, 0.08856569975614548, -0.996070384979248, 4.470348358154297e-08, 0.996070384979248, 0.08856572955846786),
            ["RightUpperArm"] = CFrame.new(-2.980232238769531e-07, 1.1920928955078125e-07, 4.842877388000488e-08, 0.6992040276527405, -0.6458462476730347, 0.30658847093582153, 0.6058620810508728, 0.7629502415657043, 0.2254728376865387, -0.3795325756072998, 0.028098877519369125, 0.9247516393661499),
            ["Head"] = CFrame.new(-1.9976869225502014e-07, 4.76837158203125e-07, 3.259629011154175e-09, 0.9969160556793213, -0.06900699436664581, 0.037367548793554306, 0.061707984656095505, 0.9835138916969299, 0.1699780970811844, -0.04848116263747215, -0.16714805364608765, 0.9847391247749329),
            ["RightHand"] = CFrame.new(-3.5762786865234375e-07, 5.960464477539063e-08, -1.4901161193847656e-07, 0.7981878519058228, 0.2527382969856262, 0.5468268990516663, -0.3034780025482178, 0.952834963798523, 0.0025868602097034454, -0.5203819870948792, -0.1680147796869278, 0.8372417092323303),
            ["UpperTorso"] = CFrame.new(-4.3146428652107716e-09, -8.940696716308594e-08, -5.122274160385132e-09, 0.9998575448989868, 0.016867274418473244, -0.0006619778578169644, -0.016504108905792236, 0.9850579500198364, 0.1714305877685547, 0.003543651197105646, -0.1713952124118805, 0.985196053981781),
            ["HumanoidRootPart"] = CFrame.new(0, 0, 0, 1, 0, 0, 0, 1, 0, 0, 0, 1),
            ["RightUpperLeg"] = CFrame.new(5.960464477539063e-08, 1.2747477740049362e-08, 6.686605047434568e-09, 0.9337977170944214, -0.07959379255771637, -0.34883612394332886, -0.013087469153106213, 0.9666929841041565, -0.2556038498878479, 0.3575620651245117, 0.2432475984096527, 0.9016541242599487),
            ["LeftUpperArm"] = CFrame.new(0, 0, -1.30385160446167e-08, 0.6373538970947266, 0.5968049764633179, -0.48744621872901917, -0.6354924440383911, 0.764861524105072, 0.10552845895290375, 0.43580880761146545, 0.2425094097852707, 0.8667526245117188),
            ["RightLowerArm"] = CFrame.new(9.5367431640625e-07, 4.172325134277344e-07, -4.470348358154297e-07, 1, -8.940696716308594e-08, 1.3411046495548362e-07, 1.1548401346317405e-07, -0.2521042823791504, -0.9677001237869263, 1.0430814256778831e-07, 0.9677001237869263, -0.2521041929721832),
            ["LeftHand"] = CFrame.new(-5.364418029785156e-07, -2.384185791015625e-07, 1.341104507446289e-07, 0.77495276927948, -0.09044399857521057, -0.6255144476890564, 0.2562333047389984, 0.9496824741363525, 0.1801326870918274, 0.5777480602264404, -0.2998718023300171, 0.7591337561607361),
            ["LeftFoot"] = CFrame.new(-3.725290298461914e-09, 0, -1.4901161193847656e-08, 0.9988585114479065, -0.04489078000187874, 0.016326434910297394, 0.04766855388879776, 0.9587500691413879, -0.2802252769470215, -0.0030733863823115826, 0.2806834578514099, 0.9597954154014587),
            ["LowerTorso"] = CFrame.new(0.0879712849855423, -0.1037362813949585, -0.015052231028676033, 0.9996964931488037, 0.006534007843583822, 0.023753948509693146, -0.005916415713727474, 0.9996450543403625, -0.02597750909626484, -0.023915253579616547, 0.02582908794283867, 0.9993802905082703),
            ["RightLowerLeg"] = CFrame.new(-5.21540641784668e-08, -0.0000037550926208496094, -0.000013334843970369548, 1, -3.539026138810186e-08, -1.2945386629326094e-07, 7.264316792543468e-08, 0.7737509608268738, 0.6334898471832275, -1.3969840839678227e-09, -0.6334900259971619, 0.7737510800361633),
            ["LeftUpperLeg"] = CFrame.new(-2.384185791015625e-07, -5.970796337351203e-07, -1.7229467630386353e-08, 0.990736186504364, 0.0794815942645073, 0.11011166870594025, -0.033541981130838394, 0.9289306402206421, -0.36873140931129456, -0.1315935254096985, 0.36162233352661133, 0.922991156578064),
            ["LeftLowerLeg"] = CFrame.new(8.568167686462402e-08, 0.000003814697265625, 0.000013306736946105957, 1, 5.2154071283894154e-08, 2.7008351111135198e-08, -7.078052277620372e-08, 0.6870399713516235, 0.7266200184822083, 2.3283067918100642e-08, -0.7266196012496948, 0.6870395541191101),
        }},
        {Time = 0.167, Data = {
            ["RightFoot"] = CFrame.new(6.51925802230835e-09, 2.384185791015625e-07, 6.316258804872632e-08, 0.9905332922935486, -0.03813793137669563, -0.13186872005462646, -0.017667504027485847, 0.9172230362892151, -0.3979814946651459, 0.1361309438943863, 0.3965443968772888, 0.9078664183616638),
            ["LeftLowerArm"] = CFrame.new(4.172325134277344e-07, -3.5762786865234375e-07, -1.4901161193847656e-07, 1, -7.35744833946228e-08, 1.2665985593685036e-07, 2.2351734685344127e-08, -0.13200697302818298, -0.9912488460540771, 9.685751223287298e-08, 0.9912487864494324, -0.1320069581270218),
            ["RightUpperArm"] = CFrame.new(0, -4.76837158203125e-07, -1.1362135410308838e-07, 0.75100177526474, -0.6042318940162659, 0.2662712037563324, 0.6244733333587646, 0.7809699177742004, 0.010914935730397701, -0.21454492211341858, 0.15808208286762238, 0.9638364315032959),
            ["Head"] = CFrame.new(-1.825392246246338e-07, 2.384185791015625e-07, -7.171183824539185e-08, 0.9974843263626099, -0.06143053621053696, 0.035375647246837616, 0.05533089488744736, 0.9866487979888916, 0.1531752645969391, -0.04431295767426491, -0.15083254873752594, 0.9875656962394714),
            ["RightHand"] = CFrame.new(-4.76837158203125e-07, 1.1920928955078125e-07, -2.384185791015625e-07, 0.8626781702041626, 0.05673159658908844, 0.5025614500045776, -0.035771820694208145, 0.9980446100234985, -0.0512595996260643, -0.5044867396354675, 0.02624296210706234, 0.8630205392837524),
            ["UpperTorso"] = CFrame.new(2.5409008230781183e-09, -2.980232238769531e-07, 4.118192009627819e-09, 0.9999121427536011, 0.013250529766082764, -0.0004310309886932373, -0.01297020260244608, 0.9844555258750916, 0.1751544028520584, 0.002745214616879821, -0.17513340711593628, 0.9845409393310547),
            ["HumanoidRootPart"] = CFrame.new(0, 0, 0, 1, 0, 0, 0, 1, 0, 0, 0, 1),
            ["RightUpperLeg"] = CFrame.new(2.980232238769531e-07, -4.648463800549507e-07, 2.6244379114359617e-08, 0.9364017248153687, -0.07759275287389755, -0.3422441780567169, -0.01739617809653282, 0.9637871980667114, -0.26610472798347473, 0.3504984676837921, 0.2551344633102417, 0.9011421799659729),
            ["LeftUpperArm"] = CFrame.new(-1.1920928955078125e-07, -3.5762786865234375e-07, -4.470348358154297e-08, 0.6580924987792969, 0.6192613840103149, -0.42828699946403503, -0.6960715055465698, 0.7172359824180603, -0.03250836580991745, 0.28705164790153503, 0.31951189041137695, 0.9030579328536987),
            ["RightLowerArm"] = CFrame.new(5.960464477539063e-08, 6.556510925292969e-07, -4.76837158203125e-07, 1, -7.450579175838357e-08, 1.0430811414607888e-07, 1.1269007416103705e-07, -0.47839194536209106, -0.8781464695930481, 1.192093321833454e-07, 0.8781464695930481, -0.47839194536209106),
            ["LeftHand"] = CFrame.new(-2.682209014892578e-07, -1.7881393432617188e-07, 3.5762786865234375e-07, 0.8462445735931396, 0.2588948607444763, -0.465664803981781, -0.2049483358860016, 0.9649316072463989, 0.16402234137058258, 0.49179908633232117, -0.04336576163768768, 0.8696280717849731),
            ["LeftFoot"] = CFrame.new(1.0244548320770264e-08, 5.960464477539063e-08, 0, 0.9988960027694702, -0.04567018523812294, 0.011006956920027733, 0.046928975731134415, 0.9593884348869324, -0.2781578302383423, 0.002143599558621645, 0.2783671021461487, 0.9604724049568176),
            ["LowerTorso"] = CFrame.new(0.0911390408873558, -0.10346376895904541, -0.008630836382508278, 0.9998281598091125, 0.007805105298757553, 0.016818411648273468, -0.0074465153738856316, 0.9997458457946777, -0.02127944864332676, -0.01698022522032261, 0.021150551736354828, 0.9996321201324463),
            ["RightLowerLeg"] = CFrame.new(-2.60770320892334e-08, -0.0000037550926208496094, -0.000013245437003206462, 1, -7.078050145992165e-08, -6.7986569263212e-08, 1.0430811414607888e-07, 0.7722849249839783, 0.6352759003639221, -4.470347647611561e-08, -0.6352763772010803, 0.7722854018211365),
            ["LeftUpperLeg"] = CFrame.new(-2.384185791015625e-07, -6.084028427721933e-07, 2.4156179279088974e-09, 0.9890425801277161, 0.0841820240020752, 0.12127748131752014, -0.033296771347522736, 0.9275238513946533, -0.37227797508239746, -0.14382682740688324, 0.3641606867313385, 0.9201635718345642),
            ["LeftLowerLeg"] = CFrame.new(-1.862645149230957e-08, 0.000004112720489501953, 0.000013329088687896729, 1, 6.705523247774181e-08, -1.8626447051417472e-09, -7.078052277620372e-08, 0.6903881430625916, 0.7234392762184143, 1.862645326866641e-08, -0.7234392166137695, 0.690388023853302),
        }},
        {Time = 0.200, Data = {
            ["RightFoot"] = CFrame.new(9.313225746154785e-09, 4.76837158203125e-07, 3.336026566103101e-08, 0.9904388785362244, -0.04051962494850159, -0.13186782598495483, -0.015131759457290173, 0.9182138442993164, -0.39579591155052185, 0.137120321393013, 0.39400702714920044, 0.9088215231895447),
            ["LeftLowerArm"] = CFrame.new(8.046627044677734e-07, -3.5762786865234375e-07, -3.725290298461914e-08, 1, -7.450584149637507e-08, 1.192093463942001e-07, 5.960465188081798e-08, -0.287097692489624, -0.9579014182090759, 1.005828522693264e-07, 0.9579014182090759, -0.2870977222919464),
            ["RightUpperArm"] = CFrame.new(1.1920928955078125e-07, -2.384185791015625e-07, 4.6566128730773926e-08, 0.8016760349273682, -0.5350298285484314, 0.26656848192214966, 0.5831404328346252, 0.7980197072029114, -0.15202614665031433, -0.13138838112354279, 0.27732259035110474, 0.9517506957054138),
            ["Head"] = CFrame.new(-1.7904676496982574e-07, 5.960464477539062e-07, 1.9441358745098114e-08, 0.9979227185249329, -0.05679040774703026, 0.030418943613767624, 0.052078645676374435, 0.9890586137771606, 0.1380254030227661, -0.0379246287047863, -0.13615457713603973, 0.9899614453315735),
            ["RightHand"] = CFrame.new(-5.21540641784668e-07, 0, -8.940696716308594e-08, 0.8788591027259827, -0.17021732032299042, 0.44568243622779846, 0.2325078845024109, 0.9685526490211487, -0.08857699483633041, -0.4165897071361542, 0.18147146701812744, 0.8907981514930725),
            ["UpperTorso"] = CFrame.new(1.8517312128096819e-09, -2.086162567138672e-07, 5.3551048040390015e-09, 0.9999254941940308, 0.012109627947211266, -0.0015254582976922393, -0.011624075472354889, 0.9829491972923279, 0.18350958824157715, 0.0037216804921627045, -0.1834782063961029, 0.9830167889595032),
            ["HumanoidRootPart"] = CFrame.new(0, 0, 0, 1, 0, 0, 0, 1, 0, 0, 0, 1),
            ["RightUpperLeg"] = CFrame.new(1.7881393432617188e-07, -2.482120180502534e-07, 3.3694959711283445e-08, 0.9372512698173523, -0.0767323225736618, -0.3401063084602356, -0.019172303378582, 0.9626628756523132, -0.2700234055519104, 0.348127156496048, 0.25960034132003784, 0.9007858037948608),
            ["LeftUpperArm"] = CFrame.new(-1.1920928955078125e-07, -5.960464477539062e-07, -1.862645149230957e-08, 0.6807136535644531, 0.6192589402198792, -0.39134079217910767, -0.707338809967041, 0.6945791244506836, -0.1312689334154129, 0.19052772223949432, 0.3661670684814453, 0.9108352661132812),
            ["RightLowerArm"] = CFrame.new(8.940696716308594e-07, 0.0000014901161193847656, -8.521601557731628e-08, 1, -5.960465188081798e-08, 8.940698847936801e-08, 7.4505820180093e-08, -0.5388054847717285, -0.8424301743507385, 1.9196890832517965e-07, 0.8424302339553833, -0.5388054847717285),
            ["LeftHand"] = CFrame.new(-6.556510925292969e-07, -5.364418029785156e-07, -2.980232238769531e-07, 0.7005566358566284, 0.5817174911499023, -0.41331008076667786, -0.6087372899055481, 0.7894038558006287, 0.07925061881542206, 0.3723699748516083, 0.1960776150226593, 0.9071351289749146),
            ["LeftFoot"] = CFrame.new(-1.1175870895385742e-08, -1.1920928955078125e-07, -1.1175870895385742e-08, 0.9989405870437622, -0.045544955879449844, 0.006598043721169233, 0.045596349984407425, 0.9600926041603088, -0.2759406566619873, 0.006233006250113249, 0.2759491503238678, 0.9611520171165466),
            ["LowerTorso"] = CFrame.new(0.09285351634025574, -0.10264384746551514, -0.0038348250091075897, 0.9998588562011719, 0.008752856403589249, 0.014340346679091454, -0.008466130122542381, 0.9997654557228088, -0.019934576004743576, -0.014511467888951302, 0.019810354337096214, 0.9996984601020813),
            ["RightLowerLeg"] = CFrame.new(1.7508864402770996e-07, -0.0000035762786865234375, -0.000013290140486788005, 1, -1.1175875158642157e-07, 2.8871003365793513e-08, 8.568168397005138e-08, 0.7728458642959595, 0.6345935463905334, -8.195639367158947e-08, -0.6345939636230469, 0.7728461623191833),
            ["LeftUpperLeg"] = CFrame.new(-1.7881393432617188e-07, 2.595334080979228e-08, 1.1641532182693481e-09, 0.9880277514457703, 0.08634290844202042, 0.1278517097234726, -0.032891061156988144, 0.9275563955307007, -0.37223291397094727, -0.15072934329509735, 0.3635713756084442, 0.9192913770675659),
            ["LeftLowerLeg"] = CFrame.new(1.4901161193847656e-08, 0.0000036954879760742188, 0.000013381242752075195, 1, 7.264314660915261e-08, 2.3283067918100642e-08, -5.215405707303944e-08, 0.6946249008178711, 0.7193719744682312, 6.51925713412993e-09, -0.719372034072876, 0.6946250796318054),
        }},
        {Time = 0.233, Data = {
            ["RightFoot"] = CFrame.new(-2.7939677238464355e-09, 3.5762786865234375e-07, 3.149762051180005e-08, 0.9904466867446899, -0.04131043329834938, -0.1315634399652481, -0.014104634523391724, 0.918720006942749, -0.3946576416492462, 0.13717368245124817, 0.3927430808544159, 0.9093604683876038),
            ["LeftLowerArm"] = CFrame.new(-5.960464477539063e-08, -7.152557373046875e-07, 6.146728992462158e-08, 1, -7.450577754752885e-08, 7.450577754752885e-08, 1.229345230058243e-07, -0.3824882209300995, -0.9239603281021118, 1.4901154088420299e-07, 0.9239603877067566, -0.3824881911277771),
            ["RightUpperArm"] = CFrame.new(-2.384185791015625e-07, 1.1920928955078125e-07, -9.685754776000977e-08, 0.8484784960746765, -0.4605478346347809, 0.2607296407222748, 0.5057817697525024, 0.8506713509559631, -0.14332857728004456, -0.15578559041023254, 0.25348350405693054, 0.9547130465507507),
            ["Head"] = CFrame.new(-2.0070001482963562e-07, 0.0000013113021850585938, -9.580980986356735e-08, 0.9982329607009888, -0.05461839586496353, 0.023408841341733932, 0.05118339881300926, 0.9904201030731201, 0.1282513439655304, -0.030189456418156624, -0.12682655453681946, 0.9914654493331909),
            ["RightHand"] = CFrame.new(-8.940696716308594e-08, 1.7881393432617188e-07, -5.662441253662109e-07, 0.8568165898323059, -0.36394914984703064, 0.36524850130081177, 0.44625958800315857, 0.8782768845558167, -0.17170363664627075, -0.2582980692386627, 0.3101141154766083, 0.9149379730224609),
            ["UpperTorso"] = CFrame.new(-3.3032847568392754e-09, -5.960464477539063e-08, 3.6088749766349792e-09, 0.9999112486839294, 0.013108978047966957, -0.002405695151537657, -0.012389535084366798, 0.9807743430137634, 0.19475172460079193, 0.004912438336759806, -0.19470462203025818, 0.9808496832847595),
            ["HumanoidRootPart"] = CFrame.new(0, 0, 0, 1, 0, 0, 0, 1, 0, 0, 0, 1),
            ["RightUpperLeg"] = CFrame.new(3.5762786865234375e-07, -3.1913805287331343e-07, 1.1343217920511961e-08, 0.9372732639312744, -0.07670263200998306, -0.3400527536869049, -0.018083564937114716, 0.9634806513786316, -0.2671666145324707, 0.34812650084495544, 0.2565574049949646, 0.9016574621200562),
            ["LeftUpperArm"] = CFrame.new(-1.1920928955078125e-07, 1.1920928955078125e-07, -1.0617077350616455e-07, 0.7358164191246033, 0.5784502625465393, -0.35209330916404724, -0.661263108253479, 0.7258328199386597, -0.18946686387062073, 0.14596371352672577, 0.3722391128540039, 0.9165874719619751),
            ["RightLowerArm"] = CFrame.new(5.960464477539063e-08, 9.5367431640625e-07, -2.942979335784912e-07, 1, -1.0430811414607888e-07, 1.6391281576488836e-07, 7.264316792543468e-08, -0.49968573451042175, -0.866206705570221, 1.2759120693317527e-07, 0.8662068247795105, -0.49968579411506653),
            ["LeftHand"] = CFrame.new(-6.258487701416016e-07, -1.7881393432617188e-07, -1.7881393432617188e-07, 0.5243370532989502, 0.7200199961662292, -0.45457908511161804, -0.8026494979858398, 0.5961652398109436, 0.01846110261976719, 0.28429651260375977, 0.35518789291381836, 0.8905150890350342),
            ["LeftFoot"] = CFrame.new(2.421438694000244e-08, -5.960464477539063e-08, -1.4901161193847656e-08, 0.9989832639694214, -0.044939059764146805, 0.003604015801101923, 0.04419000819325447, 0.9602165818214417, -0.2757384479045868, 0.008930731564760208, 0.2756170630455017, 0.9612259864807129),
            ["LowerTorso"] = CFrame.new(0.09333319216966629, -0.10184943675994873, -0.001857466995716095, 0.9998581409454346, 0.009406786412000656, 0.013973362743854523, -0.00907871313393116, 0.9996858835220337, -0.023359235376119614, -0.014188708737492561, 0.02322906255722046, 0.9996294975280762),
            ["RightLowerLeg"] = CFrame.new(0, -0.000003516674041748047, -0.000013290140486788005, 1, -9.685758328714655e-08, 2.328307324717116e-08, 1.005828522693264e-07, 0.774022102355957, 0.6331587433815002, -3.073364851502447e-08, -0.6331587433815002, 0.7740219831466675),
            ["LeftUpperLeg"] = CFrame.new(-3.5762786865234375e-07, -4.7536013880744576e-07, -1.30385160446167e-08, 0.9875037670135498, 0.08682863414287567, 0.1315188705921173, -0.032932404428720474, 0.929802417755127, -0.3665825426578522, -0.15411636233329773, 0.35767069458961487, 0.9210428595542908),
            ["LeftLowerLeg"] = CFrame.new(-2.2351741790771484e-08, 0.000003933906555175781, 0.000013187527656555176, 1, 6.519259443393821e-08, 1.769513069405093e-08, -7.078051567077637e-08, 0.6988019347190857, 0.7153155207633972, 3.259629011154175e-08, -0.7153153419494629, 0.6988016366958618),
        }},
        {Time = 0.267, Data = {
            ["RightFoot"] = CFrame.new(-3.5390257835388184e-08, 3.5762786865234375e-07, 4.0810846257954836e-08, 0.9905337691307068, -0.040511805564165115, -0.13115578889846802, -0.014584634453058243, 0.918990969657898, -0.39400842785835266, 0.13649305701255798, 0.3921918272972107, 0.909700870513916),
            ["LeftLowerArm"] = CFrame.new(2.682209014892578e-07, -0.0000011920928955078125, -1.4901161193847656e-08, 1, -8.940699558479537e-08, 5.215407838932151e-08, 1.0430811414607888e-07, -0.3628081977367401, -0.9318639039993286, 9.685753354915505e-08, 0.9318639636039734, -0.3628081679344177),
            ["RightUpperArm"] = CFrame.new(-1.1920928955078125e-07, 1.1920928955078125e-07, 5.587935447692871e-09, 0.8992128968238831, -0.3913145959377289, 0.1956760138273239, 0.4111759066581726, 0.9086814522743225, -0.07233607769012451, -0.14950096607208252, 0.14550279080867767, 0.9779972434043884),
            ["Head"] = CFrame.new(-1.7601996660232544e-07, 3.5762786865234375e-07, -3.14321368932724e-08, 0.9984694719314575, -0.053201861679553986, 0.01510833203792572, 0.050758246332407, 0.9899955987930298, 0.13165290653705597, -0.021961353719234467, -0.13068453967571259, 0.9911808371543884),
            ["RightHand"] = CFrame.new(-4.470348358154297e-08, -2.384185791015625e-07, 2.384185791015625e-07, 0.8619264364242554, -0.4018910229206085, 0.3091382682323456, 0.4823419749736786, 0.8378669619560242, -0.2555878758430481, -0.15629835426807404, 0.3694083094596863, 0.916028618812561),
            ["UpperTorso"] = CFrame.new(1.7462298274040222e-09, -2.384185791015625e-07, -9.080395102500916e-09, 0.9998867511749268, 0.014917271211743355, -0.0019974715542048216, -0.014166340231895447, 0.9776440858840942, 0.20978887379169464, 0.005082296673208475, -0.20973679423332214, 0.9777447581291199),
            ["HumanoidRootPart"] = CFrame.new(0, 0, 0, 1, 0, 0, 0, 1, 0, 0, 0, 1),
            ["RightUpperLeg"] = CFrame.new(2.384185791015625e-07, -4.0605664253234863e-07, 1.227454049512744e-08, 0.9371224641799927, -0.07801841199398041, -0.34016862511634827, -0.012945583090186119, 0.9662514925003052, -0.25727540254592896, 0.3487605154514313, 0.24550214409828186, 0.904485821723938),
            ["LeftUpperArm"] = CFrame.new(0, -1.1920928955078125e-07, -1.862645149230957e-09, 0.8438718318939209, 0.46000224351882935, -0.2761855721473694, -0.5196966528892517, 0.8287495970726013, -0.20758040249347687, 0.13340120017528534, 0.31870391964912415, 0.9384199976921082),
            ["RightLowerArm"] = CFrame.new(5.960464477539063e-08, 0, -3.5762786865234375e-07, 1, -8.195638656616211e-08, 1.266598985694145e-07, 8.731151268648318e-08, -0.40398108959198, -0.9147673845291138, 1.3783576946480025e-07, 0.914767324924469, -0.40398120880126953),
            ["LeftHand"] = CFrame.new(-8.791685104370117e-07, -1.7881393432617188e-07, 1.4901161193847656e-07, 0.4766148030757904, 0.7335485816001892, -0.4845048189163208, -0.8571772575378418, 0.5101197361946106, -0.07088851183652878, 0.1951553374528885, 0.4490929841995239, 0.8719117045402527),
            ["LeftFoot"] = CFrame.new(-4.470348358154297e-08, 1.1920928955078125e-07, 0, 0.9990666508674622, -0.04311354458332062, 0.002644397784024477, 0.04215127229690552, 0.9597309827804565, -0.2777405083179474, 0.009436369873583317, 0.2775927782058716, 0.9606525897979736),
