return {
    ["What’s Real"] = {
        {Time = 0.000, Data = {
            ["RightFoot"] = CFrame.new(1.4901161193847656e-07, 1.7881393432617188e-07, 1.3443059287965298e-07, 0.9967418909072876, 0.019942106679081917, 0.07815425097942352, -0.019978271797299385, 0.999800443649292, -0.0003188848786521703, -0.07814503461122513, -0.0012435495154932141, 0.996941328048706),
            ["LeftLowerArm"] = CFrame.new(-1.7881393432617188e-07, 1.1920928955078125e-07, -1.5273690223693848e-07, 1, 1.4156096028727916e-07, -1.2665985593685036e-07, -1.5273690223693848e-07, 0.3533540964126587, -0.9354896545410156, -1.043081283569336e-07, 0.9354896545410156, 0.3533540666103363),
            ["RightUpperArm"] = CFrame.new(5.960464477539063e-08, -1.1920928955078125e-07, 2.2351741790771484e-08, -0.007100984454154968, -0.9096227288246155, -0.415374755859375, 0.981914758682251, 0.0722462460398674, -0.17499703168869019, 0.18919065594673157, -0.4091052711009979, 0.8926589488983154),
            ["Head"] = CFrame.new(3.725290298461914e-09, 0, -3.95521055907011e-08, 0.6083819270133972, 0.08409640192985535, 0.789176344871521, -0.3073633909225464, 0.9417375326156616, 0.136595219373703, -0.7317097187042236, -0.3256659209728241, 0.5987842679023743),
            ["RightHand"] = CFrame.new(1.7881393432617188e-07, 0, 2.384185791015625e-07, 0.7063930034637451, 0.6961790919303894, -0.12784214317798615, -0.629274845123291, 0.5349850058555603, -0.5637413263320923, -0.32407131791114807, 0.4786708354949951, 0.8159976005554199),
            ["UpperTorso"] = CFrame.new(-7.82310962677002e-08, 2.980232238769531e-07, -2.8405338525772095e-08, 0.9776516556739807, -0.2098003327846527, -0.013463538140058517, 0.20558610558509827, 0.9674732685089111, -0.14741067588329315, 0.043952424079179764, 0.14134834706783295, 0.9889837503433228),
            ["HumanoidRootPart"] = CFrame.new(0, 0, 0, 1, 0, 0, 0, 1, 0, 0, 0, 1),
            ["RightUpperLeg"] = CFrame.new(-8.940696716308594e-08, 5.07105141878128e-07, 9.487848728895187e-09, 0.6537389159202576, -0.058024752885103226, -0.7544922232627869, -0.3535616397857666, 0.8581119179725647, -0.3723416030406952, 0.6690438389778137, 0.5101735591888428, 0.5404657125473022),
            ["LeftUpperArm"] = CFrame.new(-5.960464477539063e-08, -1.1920928955078125e-07, 1.1175870895385742e-07, -0.35351473093032837, 0.13506031036376953, -0.9256273508071899, -0.8656793236732483, -0.4221703112125397, 0.26901963353157043, -0.35443857312202454, 0.8963989615440369, 0.2661623954772949),
            ["RightLowerArm"] = CFrame.new(2.086162567138672e-07, 1.1920928955078125e-07, -5.960464477539063e-08, 1, -8.568168397005138e-08, 5.587935447692871e-09, 2.980232594040899e-08, 0.747430682182312, -0.6643398404121399, 4.0978196835794733e-08, 0.6643399000167847, 0.747430682182312),
            ["LeftHand"] = CFrame.new(1.1525116860866547e-07, 2.384185791015625e-07, -2.4097971618175507e-07, 0.8393700122833252, -0.530677318572998, 0.11764300614595413, 0.25619974732398987, 0.5771297812461853, 0.7754241824150085, -0.47939521074295044, -0.6207275986671448, 0.620384931564331),
            ["LeftFoot"] = CFrame.new(2.9802322387695312e-08, 0, 0, 0.9828981161117554, 0.13301874697208405, 0.12734735012054443, -0.18008087575435638, 0.8388742804527283, 0.5136737823486328, -0.03850020840764046, -0.5278218984603882, 0.8484821319580078),
            ["LowerTorso"] = CFrame.new(0, 0.6126670837402344, 0, 0.9835062026977539, 0.1613798588514328, -0.08168310672044754, -0.17545339465141296, 0.9609390497207642, -0.2140379399061203, 0.04395107552409172, 0.2248392105102539, 0.9734041690826416),
            ["RightLowerLeg"] = CFrame.new(7.450580596923828e-08, -0.000015020370483398438, -0.000035120348911732435, 1, -1.9371505288745539e-07, -1.9930307360027655e-07, 1.5459956159702415e-07, 0.029849857091903687, 0.9995543956756592, -1.4901162614933128e-07, -0.999554455280304, 0.029850024729967117),
            ["LeftUpperLeg"] = CFrame.new(-1.1920928955078125e-07, 3.627501428127289e-07, 3.632158041000366e-08, 0.9501817226409912, 0.197795569896698, -0.2408975064754486, -0.08187685161828995, 0.9041059017181396, 0.41939082741737366, 0.3007504940032959, -0.37877365946769714, 0.8752597570419312),
            ["LeftLowerLeg"] = CFrame.new(-1.1175870895385742e-08, 0.000015079975128173828, 0.00003505498170852661, 1, 9.685753354915505e-08, 2.9802318834981634e-08, -5.5879340266073996e-08, 0.359966516494751, 0.9329652786254883, 0, -0.9329652786254883, 0.35996654629707336),
        }},
        {Time = 0.033, Data = {
            ["RightFoot"] = CFrame.new(1.341104507446289e-07, 2.384185791015625e-07, -1.0445364750921726e-07, 0.9959515333175659, 0.02930886298418045, 0.08498065918684006, -0.02908260002732277, 0.9995694160461426, -0.003898401279002428, -0.08505821228027344, 0.0014109372859820724, 0.9963750243186951),
            ["LeftLowerArm"] = CFrame.new(2.980232238769531e-07, 5.960464477539063e-08, 3.725290298461914e-09, 1, 1.4156097449813387e-07, -6.705522537231445e-08, -2.4028122425079346e-07, 0.38340362906455994, -0.9235808849334717, -8.195638656616211e-08, 0.9235809445381165, 0.38340359926223755),
            ["RightUpperArm"] = CFrame.new(0, 2.384185791015625e-07, -6.705522537231445e-08, -0.05550994724035263, -0.9229905605316162, -0.3807978630065918, 0.9776126146316528, 0.027282144874334335, -0.20863670110702515, 0.20295870304107666, -0.3838541507720947, 0.9008128643035889),
            ["Head"] = CFrame.new(1.862645149230957e-08, 2.384185791015625e-07, -5.0495145842432976e-08, 0.6174831390380859, 0.07820174098014832, 0.7826871275901794, -0.31166115403175354, 0.9379302859306335, 0.1521652191877365, -0.7222063541412354, -0.3378925323486328, 0.6035284996032715),
            ["RightHand"] = CFrame.new(8.940696716308594e-08, 1.1920928955078125e-07, -2.384185791015625e-07, 0.7184086441993713, 0.6873986124992371, -0.10664038360118866, -0.6413570046424866, 0.5951768755912781, -0.4841754734516144, -0.26935163140296936, 0.4162304401397705, 0.8684480786323547),
            ["UpperTorso"] = CFrame.new(-1.6065314412117004e-08, -8.940696716308594e-08, -4.237517714500427e-08, 0.9780665040016174, -0.207358255982399, -0.019709967076778412, 0.20167386531829834, 0.9664017558097839, -0.15935909748077393, 0.052092164754867554, 0.15188881754875183, 0.9870239496231079),
            ["HumanoidRootPart"] = CFrame.new(0, 0, 0, 1, 0, 0, 0, 1, 0, 0, 0, 1),
            ["RightUpperLeg"] = CFrame.new(0, -3.9348378777503967e-07, -6.344635039567947e-09, 0.7265098094940186, -0.0925629511475563, -0.6808932423591614, -0.3056712746620178, 0.8439162373542786, -0.44087478518486023, 0.6154255867004395, 0.5284292101860046, 0.5848195552825928),
            ["LeftUpperArm"] = CFrame.new(0, 4.76837158203125e-07, -1.2665987014770508e-07, -0.29448890686035156, 0.1869821846485138, -0.9371841549873352, -0.9158076643943787, -0.33544549345970154, 0.22084550559520721, -0.2730799913406372, 0.9233168959617615, 0.27002474665641785),
            ["RightLowerArm"] = CFrame.new(8.940696716308594e-08, -5.960464477539063e-08, 2.384185791015625e-07, 1, -3.725290653733282e-08, 5.587936158235607e-08, 5.960465188081798e-08, 0.7405186295509338, -0.6720358729362488, 2.2351745343485163e-08, 0.672035813331604, 0.7405185699462891),
            ["LeftHand"] = CFrame.new(-2.2910535335540771e-07, 2.980232238769531e-07, -4.6938657760620117e-07, 0.8799078464508057, -0.4549664556980133, 0.13699652254581451, 0.24220514297485352, 0.6775383949279785, 0.6944625377655029, -0.40877747535705566, -0.5778817534446716, 0.7063665390014648),
            ["LeftFoot"] = CFrame.new(-1.1920928955078125e-07, 1.1920928955078125e-07, -8.940696716308594e-08, 0.9877210855484009, 0.1275583952665329, 0.09019909054040909, -0.1509781777858734, 0.9277739524841309, 0.34123462438583374, -0.04015688598155975, -0.35066285729408264, 0.9356405735015869),
            ["LowerTorso"] = CFrame.new(0, 0.5872454643249512, 0, 0.9837824106216431, 0.16175298392772675, -0.07751208543777466, -0.17480726540088654, 0.96144038438797, -0.21230871975421906, 0.040181681513786316, 0.22241529822349548, 0.9741236567497253),
            ["RightLowerLeg"] = CFrame.new(-8.940696716308594e-08, -0.0000152587890625, -0.000035120348911732435, 1, -2.086161856595936e-07, -1.9185249300335272e-07, 1.324806220281971e-07, 0.03955874964594841, 0.9992172718048096, -1.1920927533992653e-07, -0.9992172718048096, 0.03955893591046333),
            ["LeftUpperLeg"] = CFrame.new(0, -4.0512531995773315e-08, -4.190951585769653e-08, 0.9357497692108154, 0.1881260871887207, -0.2982967495918274, -0.08723469078540802, 0.9430249929428101, 0.3210825026035309, 0.3417053818702698, -0.2744310200214386, 0.8988465070724487),
            ["LeftLowerLeg"] = CFrame.new(2.421438694000244e-08, 0.00001531839370727539, 0.000035004690289497375, 1, 6.263144314289093e-08, 5.2154071283894154e-08, -9.872019290924072e-08, 0.17043496668338776, 0.9853689670562744, 2.9802322387695312e-08, -0.9853689670562744, 0.1704348623752594),
        }},
        {Time = 0.067, Data = {
            ["RightFoot"] = CFrame.new(1.341104507446289e-07, 2.980232238769531e-07, -4.6711647883057594e-08, 0.9941462874412537, 0.05359967425465584, 0.09381004422903061, -0.05220433324575424, 0.9984871745109558, -0.017266497015953064, -0.09459372609853745, 0.012268212623894215, 0.9954403638839722),
            ["LeftLowerArm"] = CFrame.new(0, -5.960464477539063e-08, -1.816079020500183e-08, 1, 1.378357126213814e-07, -1.1175872316471214e-07, -1.2945383787155151e-07, 0.462141752243042, -0.8868061900138855, -7.078051567077637e-08, 0.8868060111999512, 0.46214166283607483),
            ["RightUpperArm"] = CFrame.new(0, -2.384185791015625e-07, 1.564621925354004e-07, -0.09756047278642654, -0.9402512311935425, -0.3262050151824951, 0.9751357436180115, -0.024778738617897034, -0.22021876275539398, 0.19897794723510742, -0.33957886695861816, 0.9192898869514465),
            ["Head"] = CFrame.new(-2.3283064365386963e-09, -3.5762786865234375e-07, 9.851646609604359e-08, 0.6455916166305542, 0.06369000673294067, 0.7610223293304443, -0.3163662552833557, 0.9292905926704407, 0.1906079649925232, -0.6950711607933044, -0.36381661891937256, 0.6200916767120361),
            ["RightHand"] = CFrame.new(3.2782554626464844e-07, -2.384185791015625e-07, 2.384185791015625e-07, 0.774063229560852, 0.6275697946548462, -0.08356017619371414, -0.6207464337348938, 0.7263556122779846, -0.2950957417488098, -0.12449868768453598, 0.2802923619747162, 0.951806902885437),
            ["UpperTorso"] = CFrame.new(1.0244548320770264e-08, 1.1920928955078125e-07, 9.685754776000977e-08, 0.9790073037147522, -0.20068083703517914, -0.03566594794392586, 0.19090485572814941, 0.9641097187995911, -0.1845209002494812, 0.07141570001840591, 0.17383846640586853, 0.9821813106536865),
            ["HumanoidRootPart"] = CFrame.new(0, 0, 0, 1, 0, 0, 0, 1, 0, 0, 0, 1),
            ["RightUpperLeg"] = CFrame.new(5.960464477539063e-08, 4.5099295675754547e-07, 6.629852578043938e-08, 0.8691565990447998, -0.12722310423851013, -0.47789233922958374, -0.16491669416427612, 0.8364635109901428, -0.5226197838783264, 0.46622878313064575, 0.5330507159233093, 0.7060365676879883),
            ["LeftUpperArm"] = CFrame.new(-5.960464477539063e-08, -2.384185791015625e-07, 2.086162567138672e-07, -0.10139937698841095, 0.30772897601127625, -0.9460554718971252, -0.9942587614059448, -0.06401246041059494, 0.08574418723583221, -0.03417351469397545, 0.9493183493614197, 0.31245318055152893),
            ["RightLowerArm"] = CFrame.new(5.960464477539063e-08, 0, 0, 1, -4.470348358154297e-08, 1.1175870895385742e-08, 5.21540641784668e-08, 0.7211663722991943, -0.692762017250061, 5.960464477539063e-08, 0.6927619576454163, 0.7211663722991943),
            ["LeftHand"] = CFrame.new(-2.654269337654114e-07, 3.5762786865234375e-07, -5.960464477539063e-08, 0.9605539441108704, -0.2412206381559372, 0.13837969303131104, 0.15822799503803253, 0.8832677602767944, 0.44136378169059753, -0.22869232296943665, -0.4020581841468811, 0.8865941762924194),
            ["LeftFoot"] = CFrame.new(-1.1920928955078125e-07, -5.960464477539063e-08, -1.685693860054016e-07, 0.9948247671127319, 0.0984255000948906, 0.02522449940443039, -0.09707208722829819, 0.9940106272697449, -0.05019786208868027, -0.030014153569936752, 0.04748951643705368, 0.998420774936676),
            ["LowerTorso"] = CFrame.new(0, 0.519585132598877, 0, 0.9846113324165344, 0.16199654340744019, -0.06555649638175964, -0.17222440242767334, 0.9631249904632568, -0.20671051740646362, 0.029652711004018784, 0.21481996774673462, 0.976203441619873),
            ["RightLowerLeg"] = CFrame.new(0, -0.00001531839370727539, -0.0000350458431057632, 1, -1.7881389169360773e-07, -1.0430815677864302e-07, 1.3224777717368852e-07, 0.14219604432582855, 0.9898384809494019, -1.9371505288745539e-07, -0.9898385405540466, 0.14219632744789124),
            ["LeftUpperLeg"] = CFrame.new(8.940696716308594e-08, 8.242204785346985e-08, 1.6298145055770874e-07, 0.897878110408783, 0.16386818885803223, -0.40861019492149353, -0.11019812524318695, 0.98225337266922, 0.15177211165428162, 0.4262292683124542, -0.09124477207660675, 0.9000016450881958),
            ["LeftLowerLeg"] = CFrame.new(4.842877388000488e-08, 0.000014960765838623047, 0.00003508478403091431, 1, 9.685751223287298e-08, 9.592621097453957e-08, -1.4901159772762185e-07, -0.11882556974887848, 0.9929152131080627, 1.2014059791454201e-07, -0.992915153503418, -0.1188255324959755),
        }},
        {Time = 0.100, Data = {
            ["RightFoot"] = CFrame.new(-7.450580596923828e-09, 3.5762786865234375e-07, -8.527422323822975e-09, 0.9957132935523987, 0.05871206521987915, 0.07147055119276047, -0.05697213113307953, 0.9980334043502808, -0.026146896183490753, -0.07286515831947327, 0.021963069215416908, 0.9970999360084534),
            ["LeftLowerArm"] = CFrame.new(2.086162567138672e-07, 0, -2.60770320892334e-08, 1, 1.192092469182171e-07, -6.332993507385254e-08, -1.2479723920932884e-07, 0.5705398917198181, -0.8212699294090271, -6.519258732851085e-08, 0.8212698698043823, 0.5705398321151733),
            ["RightUpperArm"] = CFrame.new(1.1920928955078125e-07, 1.1920928955078125e-07, 8.195638656616211e-08, -0.022899776697158813, -0.9686939716339111, -0.24719956517219543, 0.9930099844932556, 0.006598271429538727, -0.11784567683935165, 0.11578752100467682, -0.24817031621932983, 0.9617717266082764),
            ["Head"] = CFrame.new(-6.984919309616089e-09, 3.5762786865234375e-07, 1.05355866253376e-08, 0.6929318904876709, 0.04600264132022858, 0.7195339798927307, -0.3089204430580139, 0.9206628799438477, 0.23863773047924042, -0.6514703631401062, -0.3876383900642395, 0.6521679162979126),
            ["RightHand"] = CFrame.new(-1.1920928955078125e-07, 0, 2.9802322387695312e-08, 0.8759801983833313, 0.4632675349712372, -0.1343199461698532, -0.4764569401741028, 0.8744423985481262, -0.09131983667612076, 0.07514956593513489, 0.14399206638336182, 0.9867213368415833),
            ["UpperTorso"] = CFrame.new(3.3527612686157227e-08, -1.1920928955078125e-07, 5.8673322200775146e-08, 0.9800420999526978, -0.19042198359966278, -0.05707081779837608, 0.17499122023582458, 0.9626058340072632, -0.20680484175682068, 0.09431689977645874, 0.19269061088562012, 0.9767162799835205),
            ["HumanoidRootPart"] = CFrame.new(0, 0, 0, 1, 0, 0, 0, 1, 0, 0, 0, 1),
            ["RightUpperLeg"] = CFrame.new(5.960464477539063e-08, -3.741588443517685e-07, 5.651963874697685e-08, 0.9627856016159058, -0.13023480772972107, -0.23681820929050446, 0.010804235003888607, 0.8940860629081726, -0.447765052318573, 0.27005043625831604, 0.4285430312156677, 0.8622202277183533),
            ["LeftUpperArm"] = CFrame.new(0, 2.384185791015625e-07, -5.960464477539063e-08, 0.23035280406475067, 0.39224228262901306, -0.8905523419380188, -0.9272504448890686, 0.3660997450351715, -0.07859719544649124, 0.2952019274234772, 0.8438701629638672, 0.4480389952659607),
            ["RightLowerArm"] = CFrame.new(-1.7881393432617188e-07, -3.5762786865234375e-07, 1.4901161193847656e-07, 1, -2.9802318834981634e-08, 5.960463766996327e-08, 4.470348358154297e-08, 0.6911224126815796, -0.7227377891540527, 2.2351741790771484e-08, 0.722737729549408, 0.6911223530769348),
            ["LeftHand"] = CFrame.new(-3.501772880554199e-07, 2.980232238769531e-07, -5.960464477539063e-08, 0.9987871050834656, 0.03018113598227501, 0.03890435770153999, -0.03297233581542969, 0.996770441532135, 0.07322362810373306, -0.0365687757730484, -0.07441750913858414, 0.9965565204620361),
            ["LeftFoot"] = CFrame.new(-2.9802322387695312e-08, 0, 3.725290298461914e-08, 0.9979440569877625, 0.06401985138654709, -0.003036007285118103, -0.06233030557632446, 0.9583969116210938, -0.27855053544044495, -0.014923050999641418, 0.27816709876060486, 0.960416853427887),
            ["LowerTorso"] = CFrame.new(0, 0.4225497245788574, 0, 0.9858997464179993, 0.1607026904821396, -0.04665147513151169, -0.16679273545742035, 0.9662008881568909, -0.19656038284301758, 0.013486910611391068, 0.20156995952129364, 0.979381263256073),
            ["RightLowerLeg"] = CFrame.new(-8.940696716308594e-08, -0.000014722347259521484, -0.00003512779949232936, 1, -1.1175870895385742e-07, -8.94070240065048e-08, 1.499428918805279e-07, 0.4207458794116974, 0.9071783423423767, -1.3411042232291948e-07, -0.907178521156311, 0.4207463562488556),
            ["LeftUpperLeg"] = CFrame.new(0, 1.6530975699424744e-08, -2.0023435354232788e-08, 0.8618414998054504, 0.1523800492286682, -0.4837455153465271, -0.16187730431556702, 0.9865574240684509, 0.022365478798747063, 0.48065072298049927, 0.059031978249549866, 0.8749229311943054),
            ["LeftLowerLeg"] = CFrame.new(-2.0116567611694336e-07, 0.00001531839370727539, 0.000035002478398382664, 1, 1.0477381806595076e-07, 1.341104507446289e-07, -7.450580596923828e-08, -0.06994468718767166, 0.9975508451461792, 1.6763806343078613e-07, -0.9975509643554688, -0.06994469463825226),
        }},
        {Time = 0.133, Data = {
            ["RightFoot"] = CFrame.new(-2.9336661100387573e-08, 2.980232238769531e-07, -2.8085196390748024e-08, 0.99934321641922, 0.01979670859873295, 0.03035527840256691, -0.020944608375430107, 0.9990590214729309, 0.037981048226356506, -0.02957473136484623, -0.03859182074666023, 0.9988173246383667),
            ["LeftLowerArm"] = CFrame.new(-2.980232238769531e-07, 5.960464477539063e-08, -1.4901161193847656e-07, 1, 8.195636524988004e-08, -3.725290298461914e-08, -1.3411046495548362e-07, 0.686780571937561, -0.7268648743629456, -5.960465188081798e-08, 0.7268648147583008, 0.686780571937561),
            ["RightUpperArm"] = CFrame.new(0, 1.1920928955078125e-07, 3.725290298461914e-08, 0.1419425755739212, -0.9872517585754395, -0.07201578468084335, 0.987874448299408, 0.13665743172168732, 0.07368051260709763, -0.06289976090192795, -0.08160093426704407, 0.9946783781051636),
            ["Head"] = CFrame.new(1.6763806343078613e-08, 0, 1.8396531231701374e-07, 0.7595043182373047, 0.03423680365085602, 0.6496007442474365, -0.2606010138988495, 0.9309906959533691, 0.25562387704849243, -0.5960205793380737, -0.36343392729759216, 0.7160135507583618),
            ["RightHand"] = CFrame.new(-5.960464477539063e-08, 1.1920928955078125e-07, 2.9802322387695312e-08, 0.9477790594100952, 0.10605886578559875, -0.30077651143074036, -0.11116226017475128, 0.9938023090362549, 0.0001473240408813581, 0.29892802238464355, 0.0332954116165638, 0.9536947011947632),
            ["UpperTorso"] = CFrame.new(-1.3329554349184036e-08, -3.2782554626464844e-07, -1.594889909029007e-08, 0.9813287854194641, -0.17452849447727203, -0.0808318704366684, 0.15813325345516205, 0.9713380336761475, -0.17747245728969574, 0.1094890609383583, 0.16137655079364777, 0.9808005690574646),
            ["HumanoidRootPart"] = CFrame.new(0, 0, 0, 1, 0, 0, 0, 1, 0, 0, 0, 1),
            ["RightUpperLeg"] = CFrame.new(2.9802322387695312e-08, -3.9406586438417435e-07, -3.474997356534004e-08, 0.9847193956375122, -0.14713528752326965, -0.09316197037696838, 0.12897998094558716, 0.9756252765655518, -0.17753754556179047, 0.11701320111751556, 0.1628084033727646, 0.9796945452690125),
            ["LeftUpperArm"] = CFrame.new(0, 0, 9.685754776000977e-08, 0.5589488744735718, 0.35165897011756897, -0.7509407997131348, -0.6562312245368958, 0.7412011623382568, -0.14135557413101196, 0.5068892240524292, 0.5718014240264893, 0.6450631618499756),
            ["RightLowerArm"] = CFrame.new(6.556510925292969e-07, 0, 5.960464477539063e-08, 1, -6.705523247774181e-08, 7.450581485102248e-09, 6.332993507385254e-08, 0.6522191762924194, -0.7580304741859436, 9.12696123123169e-08, 0.7580304741859436, 0.6522191762924194),
            ["LeftHand"] = CFrame.new(2.086162567138672e-07, 2.384185791015625e-07, -2.980232238769531e-07, 0.9707661867141724, 0.211933434009552, -0.11268255114555359, -0.23193484544754028, 0.9491174817085266, -0.21303102374076843, 0.06180062144994736, 0.23293857276439667, 0.970525860786438),
            ["LeftFoot"] = CFrame.new(1.4901161193847656e-08, 5.960464477539063e-08, 1.4901161193847656e-08, 0.9951285719871521, 0.09812600910663605, 0.009510825388133526, -0.09350773692131042, 0.9700317978858948, -0.22426480054855347, -0.031231999397277832, 0.22228294610977173, 0.9744819402694702),
            ["LowerTorso"] = CFrame.new(0, 0.3089759349822998, 0, 0.9874657988548279, 0.15633821487426758, -0.02167135663330555, -0.15766556560993195, 0.9707507491111755, -0.18106505274772644, -0.007269907742738724, 0.18221238255500793, 0.983232319355011),
            ["RightLowerLeg"] = CFrame.new(-4.0978193283081055e-08, -0.000015079975128173828, -0.0000351240742020309, 1, -1.229346082709526e-07, -3.725290653733282e-08, 5.075708031654358e-08, 0.8166882395744324, 0.5770787000656128, -1.1175870895385742e-08, -0.5770792365074158, 0.816688597202301),
            ["LeftUpperLeg"] = CFrame.new(-2.9802322387695312e-08, -5.689798854291439e-07, -6.612390279769897e-08, 0.8778150081634521, 0.177157461643219, -0.44503477215766907, -0.20932528376579285, 0.9775578379631042, -0.023744359612464905, 0.4308409094810486, 0.11400027573108673, 0.8951984643936157),
            ["LeftLowerLeg"] = CFrame.new(1.4901161193847656e-08, 0.0000152587890625, 0.00003503262996673584, 1, 2.980233304583635e-08, 8.940698847936801e-08, -1.0430814256778831e-07, 0.3894576132297516, 0.9210444092750549, 7.823110337312755e-08, -0.9210444688796997, 0.3894576132297516),
        }},
        {Time = 0.167, Data = {
            ["RightFoot"] = CFrame.new(2.2559106582775712e-08, 2.980232238769531e-07, 8.731149137020111e-11, 0.9999181032180786, -0.008010213263332844, 0.009981130249798298, 0.006303641479462385, 0.9869995713233948, 0.16060014069080353, -0.011137789115309715, -0.1605236679315567, 0.9869691133499146),
            ["LeftLowerArm"] = CFrame.new(-5.960464477539063e-08, 1.7881393432617188e-07, 0, 1, 2.9802315282267955e-08, 4.4703490686970326e-08, -1.043081283569336e-07, 0.7897459268569946, -0.6134341955184937, 1.4901161193847656e-08, 0.6134342551231384, 0.7897459268569946),
            ["RightUpperArm"] = CFrame.new(0, 0, -7.450580596923828e-09, 0.3164779245853424, -0.9289759993553162, 0.19195187091827393, 0.8932726979255676, 0.3599506914615631, 0.2692570686340332, -0.31922653317451477, 0.08625151216983795, 0.9437452554702759),
            ["Head"] = CFrame.new(-7.450580596923828e-09, -2.384185791015625e-07, -1.3940734788775444e-08, 0.8372252583503723, 0.030819199979305267, 0.5459890961647034, -0.17767970263957977, 0.9595722556114197, 0.21829146146774292, -0.517188310623169, -0.27977022528648376, 0.8088540434837341),
            ["RightHand"] = CFrame.new(-1.4528632164001465e-07, -1.1920928955078125e-07, 1.341104507446289e-07, 0.83851158618927, -0.2896973788738251, -0.46149078011512756, 0.3022453188896179, 0.9519985318183899, -0.04844143986701965, 0.45337188243865967, -0.09886480867862701, 0.8858214616775513),
            ["UpperTorso"] = CFrame.new(-3.259629011154175e-08, -2.682209014892578e-07, -2.019805833697319e-08, 0.9838337302207947, -0.1474071443080902, -0.1016974225640297, 0.13891690969467163, 0.986555814743042, -0.08608085662126541, 0.11301911622285843, 0.07056181132793427, 0.991084098815918),
            ["HumanoidRootPart"] = CFrame.new(0, 0, 0, 1, 0, 0, 0, 1, 0, 0, 0, 1),
            ["RightUpperLeg"] = CFrame.new(-8.940696716308594e-08, -2.4668406695127487e-07, -8.387723937630653e-08, 0.9866330027580261, -0.14614923298358917, -0.0720815658569336, 0.15576058626174927, 0.975787878036499, 0.15354669094085693, 0.04789559170603752, -0.1627219170331955, 0.9855087995529175),
            ["LeftUpperArm"] = CFrame.new(0, -1.1920928955078125e-07, -7.450580596923828e-09, 0.7371620535850525, 0.29934173822402954, -0.6057941913604736, -0.4297540783882141, 0.8995306491851807, -0.07846134155988693, 0.5214436650276184, 0.31818124651908875, 0.7917431592941284),
            ["RightLowerArm"] = CFrame.new(5.960464477539063e-08, -5.960464477539063e-08, 0, 1, -6.33299421792799e-08, 5.960464477539063e-08, 4.284084198502569e-08, 0.6068665981292725, -0.7948037981987, 3.725290653733282e-08, 0.7948037981987, 0.6068665385246277),
            ["LeftHand"] = CFrame.new(3.2782554626464844e-07, 1.7881393432617188e-07, 4.470348358154297e-08, 0.9472443461418152, 0.26408109068870544, -0.1816301792860031, -0.30985817313194275, 0.8994187712669373, -0.3082750737667084, 0.08195178955793381, 0.34829169511795044, 0.9337971210479736),
            ["LeftFoot"] = CFrame.new(7.450580596923828e-09, 5.960464477539063e-08, -7.450580596923828e-09, 0.9952410459518433, 0.09722869098186493, 0.0064821429550647736, -0.09625976532697678, 0.9706213474273682, 0.2205188125371933, 0.015149030834436417, -0.2200930416584015, 0.9753612279891968),
            ["LowerTorso"] = CFrame.new(0, 0.1917109489440918, 0, 0.9890633821487427, 0.14725126326084137, 0.008407612331211567, -0.14405086636543274, 0.9766629934310913, -0.15930764377117157, -0.031669650226831436, 0.15635424852371216, 0.9871931672096252),
            ["RightLowerLeg"] = CFrame.new(-8.218921720981598e-08, -0.000015079975128173828, -0.000035120348911732435, 1, -1.746230271493232e-09, -1.5934347175061703e-09, 2.9103830456733704e-10, 0.9999869465827942, 0.005126756150275469, -3.804416337516159e-09, -0.005127011798322201, 0.9999868869781494),
            ["LeftUpperLeg"] = CFrame.new(-2.9802322387695312e-08, -4.5995693653821945e-07, -6.565824151039124e-08, 0.9497994780540466, 0.29158827662467957, -0.11338988691568375, -0.2597202956676483, 0.9369379281997681, 0.23386506736278534, 0.17443162202835083, -0.19267538189888, 0.9656344652175903),
            ["LeftLowerLeg"] = CFrame.new(6.845220923423767e-08, 0.000015437602996826172, 0.00003508478403091431, 1, 2.3283067918100642e-08, -1.862645326866641e-08, -2.7008354663848877e-08, 0.9999871253967285, 0.005089385900646448, 7.450580596923828e-09, -0.0050895498134195805, 0.9999870657920837),
        }},
        {Time = 0.200, Data = {
            ["RightFoot"] = CFrame.new(-6.309710443019867e-08, 2.980232238769531e-07, 2.648448571562767e-09, 0.9999820590019226, -0.005685082171112299, 0.0019088188419118524, 0.00561912078410387, 0.9994418621063232, 0.0329308807849884, -0.0020949607715010643, -0.032919492572546005, 0.9994558095932007),
            ["LeftLowerArm"] = CFrame.new(0, -2.384185791015625e-07, 4.470348358154297e-08, 1, 9.406355871988126e-08, 0, -8.940698137394065e-08, 0.8652462363243103, -0.5013471841812134, -1.6763808119435453e-08, 0.5013471245765686, 0.8652462363243103),
            ["RightUpperArm"] = CFrame.new(0, -2.384185791015625e-07, 1.1175870895385742e-08, 0.4210547208786011, -0.7762982845306396, 0.46912041306495667, 0.7019862532615662, 0.6064252853393555, 0.3734484314918518, -0.5743938088417053, 0.1720738410949707, 0.8002888560295105),
            ["Head"] = CFrame.new(-7.450580596923828e-09, 1.1920928955078125e-07, -9.022187441587448e-10, 0.9114932417869568, 0.03180152550339699, 0.4100838303565979, -0.10034976899623871, 0.9840728044509888, 0.1467338353395462, -0.39888596534729004, -0.17489860951900482, 0.9001669883728027),
            ["RightHand"] = CFrame.new(5.960464477539063e-08, 1.7881393432617188e-07, -2.1979212760925293e-07, 0.7305921912193298, -0.4435138702392578, -0.5191634297370911, 0.4741271138191223, 0.8766575455665588, -0.08170116692781448, 0.4913640320301056, -0.18645909428596497, 0.8507611155509949),
            ["UpperTorso"] = CFrame.new(3.050081431865692e-08, -2.384185791015625e-07, -2.561137080192566e-09, 0.9880884885787964, -0.10620035976171494, -0.11136753857135773, 0.10951580852270126, 0.9936935901641846, 0.024070583283901215, 0.10810889303684235, -0.035980358719825745, 0.9934877753257751),
            ["HumanoidRootPart"] = CFrame.new(0, 0, 0, 1, 0, 0, 0, 1, 0, 0, 0, 1),
            ["RightUpperLeg"] = CFrame.new(5.960464477539063e-08, -2.8242357075214386e-07, -1.752050593495369e-08, 0.9910796880722046, -0.12406894564628601, -0.04866135120391846, 0.1299654096364975, 0.9805828332901001, 0.1468549370765686, 0.029496345669031143, -0.1518692970275879, 0.9879604578018188),
            ["LeftUpperArm"] = CFrame.new(0, -1.1920928955078125e-07, 1.1175870895385742e-08, 0.8097249865531921, 0.2979196012020111, -0.5055583715438843, -0.3475768566131592, 0.9376423358917236, -0.0041530379094183445, 0.4727957546710968, 0.17908324301242828, 0.86278235912323),
            ["RightLowerArm"] = CFrame.new(2.086162567138672e-07, 1.7881393432617188e-07, -7.450580596923828e-09, 1, -8.568167686462402e-08, 2.9802322387695312e-08, 8.195638656616211e-08, 0.558324933052063, -0.8296225070953369, 5.960464477539063e-08, 0.8296224474906921, 0.5583248734474182),
            ["LeftHand"] = CFrame.new(-1.4901161193847656e-07, 1.1920928955078125e-07, -8.940696716308594e-08, 0.9728291034698486, 0.21184886991977692, -0.09340111166238785, -0.2259637713432312, 0.956659734249115, -0.18369154632091522, 0.050438202917575836, 0.19980594515800476, 0.9785365462303162),
            ["LeftFoot"] = CFrame.new(1.1548399925231934e-07, -5.960464477539063e-08, 2.2351741790771484e-08, 0.9999285936355591, -0.004822005983442068, -0.010938855819404125, 0.006364603526890278, 0.9893096089363098, 0.14569160342216492, 0.010119386948645115, -0.14575062692165375, 0.9892696738243103),
            ["LowerTorso"] = CFrame.new(0, 0.05810689926147461, 0, 0.990604817867279, 0.13003452122211456, 0.04234567657113075, -0.12352581322193146, 0.9836639761924744, -0.13094554841518402, -0.05868135020136833, 0.12448451668024063, 0.9904847741127014),
            ["RightLowerLeg"] = CFrame.new(-4.925823304802179e-09, -0.000014901161193847656, -0.00003511033719405532, 1, -3.405148607527053e-09, -2.7212079256599964e-09, -2.7066562324762344e-09, 0.9999869465827942, 0.005109549034386873, -7.235939847305417e-09, -0.005109637975692749, 0.9999869465827942),
            ["LeftUpperLeg"] = CFrame.new(0, -2.1816231310367584e-07, 1.0244548320770264e-08, 0.9714468121528625, 0.23036108911037445, 0.05678853020071983, -0.22691601514816284, 0.9719929695129395, -0.06114755943417549, -0.06928412616252899, 0.04651535674929619, 0.9965119361877441),
            ["LeftLowerLeg"] = CFrame.new(1.0803341865539551e-07, 0.00001519918441772461, 0.000035062432289123535, 1, -4.656612162534657e-08, 7.450581485102248e-09, -2.9802318834981634e-08, 0.9999867677688599, 0.005144324619323015, 2.9802318834981634e-08, -0.005144450347870588, 0.9999867677688599),
        }},
        {Time = 0.233, Data = {
            ["RightFoot"] = CFrame.new(3.16067598760128e-08, 3.5762786865234375e-07, 3.058812581002712e-08, 0.9999723434448242, -0.007195652928203344, -0.0019260667031630874, 0.006019324995577335, 0.932887852191925, -0.3601168096065521, 0.004388115834444761, 0.3600952625274658, 0.9329053163528442),
            ["LeftLowerArm"] = CFrame.new(8.940696716308594e-08, 5.960464477539063e-08, 5.960464477539063e-08, 1, 7.450579175838357e-08, 7.4505797087454084e-09, -9.313224325069314e-08, 0.9092315435409546, -0.4162907600402832, -2.0489094865183688e-08, 0.4162907898426056, 0.9092316031455994),
            ["RightUpperArm"] = CFrame.new(0, -1.1920928955078125e-07, 2.7939677238464355e-09, 0.4511116147041321, -0.5861126780509949, 0.6730307340621948, 0.48340049386024475, 0.7943893671035767, 0.3677901029586792, -0.7502148747444153, 0.15942896902561188, 0.6416853666305542),
            ["Head"] = CFrame.new(-8.731149137020111e-11, -2.384185791015625e-07, 2.473825588822365e-09, 0.9680346250534058, 0.035339903086423874, 0.24831455945968628, -0.056877851486206055, 0.9951625466346741, 0.08010327070951462, -0.244282528758049, -0.09166622906923294, 0.9653618335723877),
            ["RightHand"] = CFrame.new(1.7881393432617188e-07, 2.384185791015625e-07, 4.470348358154297e-08, 0.9788335561752319, 0.06889969855546951, -0.19271159172058105, -0.044861555099487305, 0.9909603595733643, 0.1264319270849228, 0.19968067109584808, -0.11511051654815674, 0.9730762243270874),
            ["UpperTorso"] = CFrame.new(1.5366822481155396e-08, -2.9802322387695312e-08, 6.51925802230835e-09, 0.9930806756019592, -0.055290259420871735, -0.10360382497310638, 0.06657510995864868, 0.991827666759491, 0.10883812606334686, 0.09673944860696793, -0.1149824783205986, 0.9886457920074463),
            ["HumanoidRootPart"] = CFrame.new(0, 0, 0, 1, 0, 0, 0, 1, 0, 0, 0, 1),
            ["RightUpperLeg"] = CFrame.new(2.9802322387695312e-08, -6.030313670635223e-08, 3.899913281202316e-09, 0.9943701028823853, -0.1054505854845047, -0.010409411042928696, 0.09930117428302765, 0.9616289734840393, -0.25575196743011475, 0.036979179829359055, 0.2532784044742584, 0.9666864275932312),
            ["LeftUpperArm"] = CFrame.new(0, -1.1920928955078125e-07, -1.979060471057892e-09, 0.8463327288627625, 0.29876431822776794, -0.44097721576690674, -0.3102850615978241, 0.9494437575340271, 0.04774732142686844, 0.43294820189476013, 0.09641853719949722, 0.896247386932373),
            ["RightLowerArm"] = CFrame.new(1.7881393432617188e-07, 2.980232238769531e-07, 7.450580596923828e-08, 1, -1.0430814256778831e-07, 7.450580596923828e-08, 8.940696716308594e-08, 0.5107257962226868, -0.8597437143325806, 1.043081283569336e-07, 0.8597437143325806, 0.510725736618042),
            ["LeftHand"] = CFrame.new(2.9802322387695312e-08, 1.7881393432617188e-07, -2.9802322387695312e-08, 0.9953657984733582, 0.08462483435869217, 0.04566918686032295, -0.08762151002883911, 0.993817925453186, 0.06818000972270966, -0.03961711749434471, -0.0718655064702034, 0.9966272711753845),
            ["LeftFoot"] = CFrame.new(2.2351741790771484e-08, -5.960464477539063e-08, 8.568167686462402e-08, 0.9946318864822388, -0.1012309268116951, -0.021443555131554604, 0.10310304164886475, 0.9871291518211365, 0.12225372344255447, 0.008791729807853699, -0.12380816787481308, 0.9922672510147095),
            ["LowerTorso"] = CFrame.new(0, -0.08397555351257324, 0, 0.9916642904281616, 0.10275726765394211, 0.07773610204458237, -0.09493407607078552, 0.9906080961227417, -0.09840286523103714, -0.08711761981248856, 0.09020280092954636, 0.9921058416366577),
            ["RightLowerLeg"] = CFrame.new(5.675246939063072e-09, -0.000014960765838623047, -0.000035190198104828596, 1, -1.1658995902052993e-07, -5.3856645365613076e-08, 9.106589970997447e-08, 0.7420201897621155, 0.670377254486084, -4.2957257306852625e-08, -0.6703774929046631, 0.7420204281806946),
            ["LeftUpperLeg"] = CFrame.new(-2.9802322387695312e-08, 5.564652383327484e-08, 3.725290298461914e-09, 0.9885227084159851, 0.14751200377941132, 0.03260421007871628, -0.12899374961853027, 0.9364995360374451, -0.3260817229747772, -0.07863477617502213, 0.31813353300094604, 0.9447792172431946),
            ["LeftLowerLeg"] = CFrame.new(-1.1548399925231934e-07, 0.000015556812286376953, 0.00003510713577270508, 1, 7.450581485102248e-09, -3.725290298461914e-08, 3.725289943190546e-08, 0.9999871253967285, 0.00508657842874527, 7.4505797087454084e-09, -0.005086699966341257, 0.9999870657920837),
        }},
        {Time = 0.267, Data = {
            ["RightFoot"] = CFrame.new(1.9288563635200262e-08, 4.76837158203125e-07, 1.0099029168486595e-08, 0.9999915361404419, -0.0028165674302726984, 0.003032309701666236, 0.0037756673991680145, 0.9209182262420654, -0.3897373378276825, -0.001694770180620253, 0.38974568247795105, 0.9209211468696594),
            ["LeftLowerArm"] = CFrame.new(-5.960464477539063e-08, 2.384185791015625e-07, 1.4901161193847656e-08, 1, 5.960463056453591e-08, -3.3527612686157227e-08, -3.166497108963995e-08, 0.9237241148948669, -0.3830585479736328, 3.725290742551124e-09, 0.38305848836898804, 0.9237241148948669),
            ["RightUpperArm"] = CFrame.new(0, -4.76837158203125e-07, -1.1175870895385742e-08, 0.4684911072254181, -0.4214572310447693, 0.776459813117981, 0.3050057291984558, 0.9019978642463684, 0.30556759238243103, -0.8291487097740173, 0.09366901218891144, 0.5511248111724854),
            ["Head"] = CFrame.new(2.0023435354232788e-08, -5.960464477539062e-07, 3.2887328416109085e-09, 0.9964900612831116, 0.04333898797631264, 0.07161949574947357, -0.048308856785297394, 0.9964337348937988, 0.06918321549892426, -0.06836573779582977, -0.07240012288093567, 0.9950299263000488),
            ["RightHand"] = CFrame.new(5.960464477539063e-08, -2.384185791015625e-07, 1.4901161193847656e-07, 0.8072910308837891, 0.5490603446960449, 0.21636554598808289, -0.5814501643180847, 0.8027341365814209, 0.13241496682167053, -0.10098022222518921, -0.2327030599117279, 0.9672911763191223),
            ["UpperTorso"] = CFrame.new(1.6298145055770874e-09, -8.940696716308594e-08, -1.5599653124809265e-08, 0.9967733025550842, -0.003629920072853565, -0.08018610626459122, 0.01378004439175129, 0.9918843507766724, 0.1263948529958725, 0.07907652109861374, -0.12709198892116547, 0.9887338280677795),
            ["HumanoidRootPart"] = CFrame.new(0, 0, 0, 1, 0, 0, 0, 1, 0, 0, 0, 1),
            ["RightUpperLeg"] = CFrame.new(5.960464477539063e-08, 1.0477378964424133e-08, -5.413312464952469e-09, 0.9956648349761963, -0.0855398029088974, -0.03653227537870407, 0.06382404267787933, 0.9140065908432007, -0.4006477892398834, 0.06766204535961151, 0.39657920598983765, 0.9155036211013794),
            ["LeftUpperArm"] = CFrame.new(5.960464477539063e-08, -5.960464477539062e-07, -7.450580596923828e-09, 0.8649489283561707, 0.30998873710632324, -0.39467760920524597, -0.29138681292533875, 0.9504942297935486, 0.10795604437589645, 0.4086039960384369, 0.02162737026810646, 0.9124555587768555),
            ["RightLowerArm"] = CFrame.new(5.960464477539063e-08, 1.7881393432617188e-07, 5.960464477539063e-08, 1, -2.9802322387695312e-08, 8.940695295223122e-08, 1.043081283569336e-07, 0.4688638150691986, -0.8832705020904541, 4.470348358154297e-08, 0.8832705020904541, 0.4688637852668762),
            ["LeftHand"] = CFrame.new(-5.960464477539063e-08, 2.980232238769531e-07, 1.4901161193847656e-08, 0.9945343732833862, 0.002902989974245429, 0.1043694019317627, -0.024633344262838364, 0.9779185056686401, 0.20753012597560883, -0.10146229714155197, -0.20896682143211365, 0.9726449847221375),
            ["LeftFoot"] = CFrame.new(5.21540641784668e-08, -1.1920928955078125e-07, 2.9802322387695312e-08, 0.9908209443092346, -0.13227033615112305, -0.027903098613023758, 0.1348305195569992, 0.9818313121795654, 0.13352183997631073, 0.00973509717732668, -0.13605822622776031, 0.9906530380249023),
            ["LowerTorso"] = CFrame.new(0, -0.14020705223083496, 0, 0.9915175437927246, 0.06628460437059402, 0.11180059611797333, -0.0592581108212471, 0.9961214065551758, -0.06504474580287933, -0.11567841470241547, 0.05786791816353798, 0.9915996193885803),
            ["RightLowerLeg"] = CFrame.new(3.0704541131854057e-09, -0.000014901161193847656, -0.00003517715958878398, 1, -1.263979640953039e-07, -7.113706601558079e-08, 1.2290547601878643e-07, 0.5702531337738037, 0.8214688897132874, -6.199843483045697e-08, -0.8214690685272217, 0.5702533721923828),
