return {
    ["What's Up Sketch (Point)"] = {
        {Time = 0.000, Data = {
            ["RightFoot"] = CFrame.new(2.7567148208618164e-07, -1.1920928955078125e-07, -2.0656443666666746e-08, 0.9570579528808594, 0.28211215138435364, -0.06672941148281097, -0.27925270795822144, 0.8353592753410339, -0.4734899699687958, -0.07783427089452744, 0.4717920124530792, 0.8782679438591003),
            ["LeftLowerArm"] = CFrame.new(0.0000011920928955078125, -5.960464477539062e-07, 0.000004738569259643555, 1, 1.4901159772762185e-07, 1.0617080192787398e-07, -1.1920928955078125e-07, 0.9067216515541077, -0.42172956466674805, -1.043081283569336e-07, 0.4217294752597809, 0.9067217707633972),
            ["RightUpperArm"] = CFrame.new(-0.054422080516815186, 0.015478134155273438, -0.08560214936733246, 0.9185069799423218, -0.3952395021915436, -0.011432112194597721, 0.3898623585700989, 0.9004296064376831, 0.1929609179496765, -0.06597207486629486, -0.18169273436069489, 0.9811398386955261),
            ["Head"] = CFrame.new(1.862645149230957e-09, -4.76837158203125e-07, 1.862645149230957e-08, 0.8588639497756958, -0.052425142377614975, 0.5095140337944031, 0.015085929073393345, 0.9969058036804199, 0.07714436948299408, -0.5119816064834595, -0.05857006832957268, 0.8569971919059753),
            ["RightHand"] = CFrame.new(4.470348358154297e-07, 0.0000011324882507324219, -9.08970832824707e-07, 0.9908669590950012, 0.03862924873828888, 0.12919186055660248, -0.023688089102506638, 0.993054211139679, -0.11524912714958191, -0.13274669647216797, 0.11113636940717697, 0.9848995804786682),
            ["UpperTorso"] = CFrame.new(3.050081431865692e-08, 2.980232238769531e-07, -2.2351741790771484e-08, 0.9749658703804016, 0.012375512160360813, -0.22200995683670044, -0.00847201980650425, 0.9997925162315369, 0.018526263535022736, 0.22219336032867432, -0.016181590035557747, 0.9748684167861938),
            ["HumanoidRootPart"] = CFrame.new(0, 0, 0, 1, 0, 0, 0, 1, 0, 0, 0, 1),
            ["RightUpperLeg"] = CFrame.new(5.960464477539063e-08, -1.4901161193847656e-07, -8.365168469026685e-08, 0.8959210515022278, -0.3333693742752075, -0.29358211159706116, 0.2611616551876068, 0.9299126863479614, -0.258954256772995, 0.3593330383300781, 0.15532994270324707, 0.9201914668083191),
            ["LeftUpperArm"] = CFrame.new(0.007195949554443359, -0.01871180534362793, -0.08266542851924896, 0.9285441637039185, 0.35164594650268555, 0.11895807832479477, -0.37120869755744934, 0.8822784423828125, 0.28946325182914734, -0.003165759611874819, -0.312937468290329, 0.9497684240341187),
            ["RightLowerArm"] = CFrame.new(6.854534149169922e-07, 4.76837158203125e-07, -0.000003933906555175781, 1, -0.00001936405897140503, 7.939523811728577e-07, 0.000018894672393798828, 0.9650289416313171, -0.26214364171028137, 0.00000426173210144043, 0.26214367151260376, 0.9650288820266724),
            ["LeftHand"] = CFrame.new(-0.0000014603137969970703, -0.0000011920928955078125, 1.7881393432617188e-07, 0.9891486167907715, -0.056484244763851166, -0.13562698662281036, 0.04313010349869728, 0.9941065311431885, -0.0994594469666481, 0.14044563472270966, 0.09253069758415222, 0.985755205154419),
            ["LeftFoot"] = CFrame.new(-5.587935447692871e-08, -1.7881393432617188e-07, -1.4901161193847656e-08, 0.9799230098724365, -0.19542135298252106, 0.0395142138004303, 0.19764870405197144, 0.9781959652900696, -0.06377918273210526, -0.026188746094703674, 0.07030833512544632, 0.9971814751625061),
            ["LowerTorso"] = CFrame.new(-0.07687191665172577, -0.20864665508270264, 0.184495747089386, 0.9569796323776245, 0.01162265706807375, -0.2899223268032074, 0.0014139204286038876, 0.998998761177063, 0.044715818017721176, 0.29015177488327026, -0.043202053755521774, 0.9560050368309021),
            ["RightLowerLeg"] = CFrame.new(8.940696716308594e-08, -0.0007261037826538086, 0.00004610588803188875, 1, 3.72529100900465e-08, 5.960465898624534e-08, -4.051252133763228e-08, 0.735421359539032, 0.6776098012924194, -3.7252894102834944e-09, -0.6776100993156433, 0.7354215979576111),
            ["LeftUpperLeg"] = CFrame.new(-5.960464477539063e-08, -4.330649971961975e-08, -1.4901161193847656e-08, 0.9660492539405823, 0.25806328654289246, 0.012334213592112064, -0.19077444076538086, 0.7447224855422974, -0.6395260095596313, -0.1742238998413086, 0.6154606938362122, 0.7686704993247986),
            ["LeftLowerLeg"] = CFrame.new(6.705522537231445e-08, -0.0007265210151672363, 0.00008088350296020508, 1, 5.168840289115906e-08, 2.2351747119842003e-08, -5.960464477539063e-08, 0.7396565079689026, 0.6729848384857178, 2.9802322387695312e-08, -0.6729846000671387, 0.7396562695503235),
        }},
        {Time = 0.033, Data = {
            ["RightFoot"] = CFrame.new(2.8312206268310547e-07, -2.384185791015625e-07, -1.3205863069742918e-08, 0.9579614400863647, 0.27864357829093933, -0.06832081079483032, -0.2764996290206909, 0.8331559300422668, -0.47895652055740356, -0.07653660327196121, 0.4777121841907501, 0.875175952911377),
            ["LeftLowerArm"] = CFrame.new(0.0000014007091522216797, -2.980232238769531e-07, 0.000004649162292480469, 1, 1.4901161193847656e-07, 2.980232594040899e-08, -1.1920928955078125e-07, 0.899086594581604, -0.4377710521221161, -1.1920928955078125e-07, 0.4377709925174713, 0.899086594581604),
            ["RightUpperArm"] = CFrame.new(-0.054933369159698486, 0.015104532241821289, -0.08547168970108032, 0.9186642169952393, -0.3947141468524933, 0.016022907570004463, 0.3835221529006958, 0.9008698463439941, 0.20333294570446014, -0.09469307214021683, -0.18064941465854645, 0.9789785742759705),
            ["Head"] = CFrame.new(5.587935447692871e-09, -5.960464477539062e-07, 9.313225746154785e-10, 0.8589573502540588, -0.05456020310521126, 0.5091320276260376, 0.018804442137479782, 0.9969975352287292, 0.07511638104915619, -0.5117016434669495, -0.054947804659605026, 0.8574044108390808),
            ["RightHand"] = CFrame.new(7.748603820800781e-07, 0.0000011324882507324219, -9.350478649139404e-07, 0.9908089637756348, 0.020611479878425598, 0.13368915021419525, -0.005079393740743399, 0.9932949542999268, -0.11549600213766098, -0.13517341017723083, 0.11375555396080017, 0.9842702746391296),
            ["UpperTorso"] = CFrame.new(-1.862645149230957e-09, 1.4901161193847656e-07, 3.166496753692627e-08, 0.9753246307373047, 0.005838315933942795, -0.2206984907388687, -0.0005723862559534609, 0.9997138381004333, 0.023916808888316154, 0.22077518701553345, -0.023200448602437973, 0.9750488996505737),
            ["HumanoidRootPart"] = CFrame.new(0, 0, 0, 1, 0, 0, 0, 1, 0, 0, 0, 1),
            ["RightUpperLeg"] = CFrame.new(-2.9802322387695312e-08, -6.28642737865448e-08, 8.026108844205737e-08, 0.8967136144638062, -0.3343028128147125, -0.29007968306541443, 0.2630906403064728, 0.929618239402771, -0.25805675983428955, 0.35593268275260925, 0.15508566796779633, 0.9215533137321472),
            ["LeftUpperArm"] = CFrame.new(0.006625771522521973, -0.017469048500061035, -0.0826965868473053, 0.9224947094917297, 0.3726341128349304, 0.10073453187942505, -0.3853462040424347, 0.8737021684646606, 0.29690563678741455, 0.022624913603067398, -0.3127114772796631, 0.9495787024497986),
            ["RightLowerArm"] = CFrame.new(3.8743019104003906e-07, 4.76837158203125e-07, -0.000003933906555175781, 1, -0.000019382687241886742, 8.391216397285461e-07, 0.00001889467421278823, 0.9647966623306274, -0.26299726963043213, 0.0000042617325561877806, 0.2629973292350769, 0.9647966027259827),
            ["LeftHand"] = CFrame.new(-0.0000012218952178955078, -0.0000013709068298339844, 2.8312206268310547e-07, 0.9897768497467041, -0.0617571696639061, -0.1285608559846878, 0.04978672042489052, 0.9942952990531921, -0.09433072805404663, 0.13365328311920166, 0.0869659036397934, 0.9872051477432251),
            ["LeftFoot"] = CFrame.new(2.2351741790771484e-08, -2.384185791015625e-07, -7.450580596923828e-09, 0.9795592427253723, -0.19654560089111328, 0.042820367962121964, 0.19876188039779663, 0.9784615635871887, -0.05573838949203491, -0.030943021178245544, 0.06311006844043732, 0.9975267648696899),
            ["LowerTorso"] = CFrame.new(-0.0706741213798523, -0.20883500576019287, 0.18650150299072266, 0.9567146301269531, 0.013433646410703659, -0.29071760177612305, -0.0022076002787798643, 0.9992403984069824, 0.03890853747725487, 0.2910194396972656, -0.036582574248313904, 0.9560174942016602),
            ["RightLowerLeg"] = CFrame.new(-1.1920928955078125e-07, -0.000726163387298584, 0.000046090986870694906, 1, 2.2351748896198842e-08, -4.470347647611561e-08, -3.5390254282674505e-08, 0.728691577911377, 0.6848421692848206, 1.8253919620292436e-07, -0.6848421096801758, 0.728691577911377),
            ["LeftUpperLeg"] = CFrame.new(2.9802322387695312e-08, -4.156026989221573e-08, 3.725290298461914e-09, 0.9657642841339111, 0.258870929479599, 0.016891399398446083, -0.18954509496688843, 0.7485896348953247, -0.6353631019592285, -0.17712171375751495, 0.6104093194007874, 0.7720288038253784),
            ["LeftLowerLeg"] = CFrame.new(-4.470348358154297e-08, -0.0007267594337463379, 0.00008103251457214355, 1, 8.009376273321323e-08, 3.3527619791584584e-08, -4.4703494239684005e-08, 0.7395946979522705, 0.6730526089668274, 2.980232949312267e-08, -0.6730525493621826, 0.7395946979522705),
        }},
        {Time = 0.067, Data = {
            ["RightFoot"] = CFrame.new(1.862645149230957e-07, 0, -1.3205863069742918e-08, 0.9601312875747681, 0.26966825127601624, -0.07366760075092316, -0.2700687348842621, 0.8267350196838379, -0.49353018403053284, -0.07218567281961441, 0.49374905228614807, 0.8666031360626221),
            ["LeftLowerArm"] = CFrame.new(0.0000013709068298339844, -5.960464477539063e-08, 0.000004887580871582031, 1, 2.0861628513557662e-07, 2.7939680791178034e-08, -1.2293457984924316e-07, 0.8765688538551331, -0.4812766909599304, -1.6391277313232422e-07, 0.48127663135528564, 0.8765687346458435),
            ["RightUpperArm"] = CFrame.new(-0.05608868598937988, 0.01403665542602539, -0.085136279463768, 0.9145729541778564, -0.39686164259910583, 0.07782740145921707, 0.37202656269073486, 0.9010563492774963, 0.22292114794254303, -0.15859559178352356, -0.1749238520860672, 0.971724808216095),
            ["Head"] = CFrame.new(-5.587935447692871e-09, -8.344650268554688e-07, 9.313225746154785e-09, 0.8606925010681152, -0.057807017117738724, 0.5058327317237854, 0.02585264854133129, 0.9972139000892639, 0.0699731707572937, -0.508468508720398, -0.04714832082390785, 0.8597888946533203),
            ["RightHand"] = CFrame.new(1.7881393432617188e-07, 0.0000013113021850585938, -6.780028343200684e-07, 0.9894135594367981, 0.0028474952559918165, 0.1450955867767334, 0.014077178202569485, 0.9932095408439636, -0.11548449844121933, -0.14443938434123993, 0.11630462110042572, 0.9826549887657166),
            ["UpperTorso"] = CFrame.new(-3.725290298461914e-09, 3.5762786865234375e-07, -1.0244548320770264e-08, 0.9766355156898499, -0.01272103562951088, -0.21452604234218597, 0.021017786115407944, 0.9991148710250854, 0.03643816336989403, 0.21387243270874023, -0.040095746517181396, 0.9760383367538452),
            ["HumanoidRootPart"] = CFrame.new(0, 0, 0, 1, 0, 0, 0, 1, 0, 0, 0, 1),
            ["RightUpperLeg"] = CFrame.new(-5.960464477539063e-08, -3.026798367500305e-08, -9.145878721028566e-09, 0.8988510966300964, -0.3378771245479584, -0.27911627292633057, 0.26899388432502747, 0.9281415939331055, -0.2572849988937378, 0.3459899127483368, 0.15618012845516205, 0.9251478910446167),
            ["LeftUpperArm"] = CFrame.new(0.005319118499755859, -0.013965964317321777, -0.0827999860048294, 0.9023299217224121, 0.42761626839637756, 0.0542684942483902, -0.4216780662536621, 0.8495901226997375, 0.3168349862098694, 0.08937796950340271, -0.3087734282016754, 0.9469269514083862),
            ["RightLowerArm"] = CFrame.new(8.940696716308594e-08, 5.364418029785156e-07, -0.000003874301910400391, 1, -0.000019412489564274438, 8.912759312806884e-07, 0.000018931925296783447, 0.9641337990760803, -0.2654170095920563, 0.000004306435585021973, 0.26541706919670105, 0.9641337990760803),
            ["LeftHand"] = CFrame.new(-0.0000014603137969970703, -0.0000015497207641601562, 2.086162567138672e-07, 0.9911556243896484, -0.07618779689073563, -0.10865563899278641, 0.06771895289421082, 0.9945229887962341, -0.07961343228816986, 0.11412639915943146, 0.0715513750910759, 0.9908863306045532),
            ["LeftFoot"] = CFrame.new(-1.1920928955078125e-07, -1.7881393432617188e-07, 1.6763806343078613e-08, 0.9786174297332764, -0.19792543351650238, 0.05597757548093796, 0.1997004598379135, 0.9794549345970154, -0.02807040512561798, -0.049271535128355026, 0.03864889591932297, 0.9980373382568359),
            ["LowerTorso"] = CFrame.new(-0.054868314415216446, -0.20945441722869873, 0.19149106740951538, 0.9558759927749634, 0.0197583194822073, -0.29310542345046997, -0.013037520460784435, 0.9996058344841003, 0.02486572414636612, 0.29348117113113403, -0.019947178661823273, 0.9557567834854126),
            ["RightLowerLeg"] = CFrame.new(0, -0.000726163387298584, 0.00004606118454830721, 1, 8.940699558479537e-08, -2.980232594040899e-08, -4.842878098543224e-08, 0.7100391983985901, 0.7041621208190918, -1.862645326866641e-08, -0.7041621208190918, 0.7100391983985901),
            ["LeftUpperLeg"] = CFrame.new(-2.9802322387695312e-08, -2.7474015951156616e-08, 0, 0.9653593301773071, 0.2592346668243408, 0.029645821079611778, -0.18334411084651947, 0.7547794580459595, -0.6298357844352722, -0.18565142154693604, 0.6025823950767517, 0.7761624455451965),
            ["LeftLowerLeg"] = CFrame.new(-7.450580596923828e-09, -0.0007266402244567871, 0.00008102506399154663, 1, 8.055940980966625e-08, 1.210719347000122e-08, -5.215405707303944e-08, 0.7324984073638916, 0.6807689070701599, 2.2351738238057806e-08, -0.6807687878608704, 0.7324982285499573),
        }},
        {Time = 0.100, Data = {
            ["RightFoot"] = CFrame.new(1.862645149230957e-07, -5.960464477539063e-08, 1.6952981241047382e-09, 0.9627453684806824, 0.25720643997192383, -0.08346420526504517, -0.26269951462745667, 0.8164452314376831, -0.514204740524292, -0.0641128420829773, 0.5169739127159119, 0.8535966277122498),
            ["LeftLowerArm"] = CFrame.new(0.000001043081283569336, -5.364418029785156e-07, 0.00000476837158203125, 1, 1.4901159772762185e-07, 7.823110337312755e-08, -1.937150670983101e-07, 0.8386613726615906, -0.5446532368659973, -1.4901159772762185e-07, 0.5446531176567078, 0.8386614322662354),
            ["RightUpperArm"] = CFrame.new(-0.05732375383377075, 0.012400627136230469, -0.08465105295181274, 0.9027185440063477, -0.4054658114910126, 0.14386403560638428, 0.3661958873271942, 0.8996496796607971, 0.23776240646839142, -0.22583149373531342, -0.16195020079612732, 0.9606103897094727),
            ["Head"] = CFrame.new(1.5366822481155396e-08, -3.5762786865234375e-07, 1.862645149230957e-08, 0.866197943687439, -0.057609088718891144, 0.4963693916797638, 0.03008044697344303, 0.9975422620773315, 0.06328312307596207, -0.49879491329193115, -0.039884865283966064, 0.8658017516136169),
            ["RightHand"] = CFrame.new(4.917383193969727e-07, 0.0000010132789611816406, -6.705522537231445e-07, 0.9842715263366699, 0.07559061050415039, 0.1596735566854477, -0.057046398520469666, 0.9914103746414185, -0.11769113689661026, -0.1671985536813736, 0.10673133283853531, 0.9801291823387146),
            ["UpperTorso"] = CFrame.new(9.313225746154785e-09, 0, 4.656612873077393e-10, 0.9788687229156494, -0.04176195338368416, -0.2001805454492569, 0.05299966409802437, 0.9972858428955078, 0.05110933631658554, 0.1975024789571762, -0.06063874810934067, 0.9784250855445862),
            ["HumanoidRootPart"] = CFrame.new(0, 0, 0, 1, 0, 0, 0, 1, 0, 0, 0, 1),
            ["RightUpperLeg"] = CFrame.new(5.960464477539063e-08, 2.1024607121944427e-07, -2.1253072191029787e-08, 0.9018768668174744, -0.3449549973011017, -0.2600463926792145, 0.27895721793174744, 0.9246788620948792, -0.25913697481155396, 0.3298499584197998, 0.16116784512996674, 0.9301741123199463),
            ["LeftUpperArm"] = CFrame.new(0.003894507884979248, -0.00849902629852295, -0.08295772969722748, 0.8635259866714478, 0.5042367577552795, -0.00824905838817358, -0.47063881158828735, 0.8116489052772522, 0.34601345658302307, 0.18116824328899384, -0.2949090898036957, 0.9381933212280273),
            ["RightLowerArm"] = CFrame.new(1.4901161193847656e-07, 5.364418029785156e-07, -0.0000039637088775634766, 1, -0.000019378960132598877, 9.667129461377044e-07, 0.000018902122974395752, 0.963051438331604, -0.2693175971508026, 0.000004306435585021973, 0.2693175971508026, 0.9630514979362488),
            ["LeftHand"] = CFrame.new(-0.0000012516975402832031, -0.0000011920928955078125, 4.470348358154297e-08, 0.9921823143959045, -0.09768030047416687, -0.07767176628112793, 0.09350646287202835, 0.9940605163574219, -0.05568047985434532, 0.08264949917793274, 0.04798249900341034, 0.9954229593276978),
            ["LeftFoot"] = CFrame.new(-1.4901161193847656e-08, -1.7881393432617188e-07, -1.862645149230957e-08, 0.9762261509895325, -0.1996953934431076, 0.08428771793842316, 0.19804933667182922, 0.979805052280426, 0.027543917298316956, -0.08808583766222, -0.010195935145020485, 0.9960607290267944),
            ["LowerTorso"] = CFrame.new(-0.03347616270184517, -0.21056127548217773, 0.19796913862228394, 0.9542821645736694, 0.031949300318956375, -0.2971949875354767, -0.03108896315097809, 0.999487578868866, 0.007622221019119024, 0.2972862422466278, 0.0019657346419990063, 0.9547864198684692),
            ["RightLowerLeg"] = CFrame.new(1.6391277313232422e-07, -0.0007264018058776855, 0.00004598667874233797, 1, 8.195641498787154e-08, -4.470348358154297e-08, -1.0244546899684792e-07, 0.6818158626556396, 0.7315239310264587, -3.352760913344355e-08, -0.731523871421814, 0.6818157434463501),
            ["LeftUpperLeg"] = CFrame.new(-5.960464477539063e-08, -4.009780241176486e-08, -3.725290298461914e-09, 0.9652085900306702, 0.256898432970047, 0.0487392358481884, -0.16926318407058716, 0.7559282779693604, -0.6323942542076111, -0.1993045210838318, 0.6021426916122437, 0.7731118202209473),
            ["LeftLowerLeg"] = CFrame.new(-9.313225746154785e-08, -0.0007266998291015625, 0.00008097290992736816, 1, 6.146728992462158e-08, 3.725289943190546e-08, -3.725290298461914e-08, 0.7099003195762634, 0.7043023109436035, 7.450580596923828e-09, -0.7043021321296692, 0.7099002599716187),
        }},
        {Time = 0.133, Data = {
            ["RightFoot"] = CFrame.new(2.5704503059387207e-07, 0, 4.639878170564771e-08, 0.9649685621261597, 0.24317914247512817, -0.09848680347204208, -0.2572973370552063, 0.8036977648735046, -0.5365336537361145, -0.05132031813263893, 0.5430781841278076, 0.8381122350692749),
            ["LeftLowerArm"] = CFrame.new(0.0000014603137969970703, -5.960464477539062e-07, 0.000004947185516357422, 1, 1.6391277313232422e-07, 5.21540641784668e-08, -1.0244549741855735e-07, 0.7846724390983582, -0.619910717010498, -1.3411046495548362e-07, 0.6199106574058533, 0.7846724390983582),
            ["RightUpperArm"] = CFrame.new(-0.057992756366729736, 0.010809898376464844, -0.08422873914241791, 0.8902046084403992, -0.41471076011657715, 0.18854986131191254, 0.3676222562789917, 0.8983880281448364, 0.24031798541545868, -0.26905328035354614, -0.14461715519428253, 0.952206015586853),
            ["Head"] = CFrame.new(-1.1641532182693481e-08, -0.0000010728836059570312, 6.05359673500061e-09, 0.8772116303443909, -0.050229642540216446, 0.47746938467025757, 0.02651621773838997, 0.9980629086494446, 0.05627977475523949, -0.47937121987342834, -0.036708686500787735, 0.8768442273139954),
            ["RightHand"] = CFrame.new(2.682209014892578e-07, 0.0000013113021850585938, -8.344650268554688e-07, 0.9719213843345642, 0.14946839213371277, 0.1817360371351242, -0.12829209864139557, 0.9840509295463562, -0.12322727590799332, -0.19725635647773743, 0.09645205736160278, 0.9755958318710327),
            ["UpperTorso"] = CFrame.new(0, -5.960464477539063e-08, 6.984919309616089e-09, 0.981766939163208, -0.07516437023878098, -0.17459693551063538, 0.08807850629091263, 0.993829071521759, 0.06742360442876816, 0.16845156252384186, -0.08157248049974442, 0.9823288917541504),
            ["HumanoidRootPart"] = CFrame.new(0, 0, 0, 1, 0, 0, 0, 1, 0, 0, 0, 1),
            ["RightUpperLeg"] = CFrame.new(2.9802322387695312e-08, -5.150213837623596e-07, 7.617927622050047e-09, 0.9060770273208618, -0.3525252938270569, -0.2339879721403122, 0.2906087040901184, 0.9204425811767578, -0.26140403747558594, 0.30752405524253845, 0.168853297829628, 0.9364388585090637),
            ["LeftUpperArm"] = CFrame.new(0.0030721426010131836, -0.0016692876815795898, -0.08325742185115814, 0.8047059774398804, 0.5887685418128967, -0.07615962624549866, -0.5235820412635803, 0.7643046379089355, 0.3764306604862213, 0.2798396348953247, -0.2630401849746704, 0.9233091473579407),
            ["RightLowerArm"] = CFrame.new(5.066394805908203e-07, 7.152557373046875e-07, -0.000003904104232788086, 1, -0.000019352884919499047, 0.0000010635704938977142, 0.0000189468282769667, 0.9615548253059387, -0.27461326122283936, 0.000004276633717381628, 0.2746133506298065, 0.9615548253059387),
            ["LeftHand"] = CFrame.new(-0.0000016689300537109375, -9.5367431640625e-07, 0, 0.9915433526039124, -0.12427215278148651, -0.0373925119638443, 0.12347859889268875, 0.992084264755249, -0.022844843566417694, 0.03993554040789604, 0.01803465373814106, 0.9990395307540894),
            ["LeftFoot"] = CFrame.new(0, -5.960464477539063e-08, 2.9802322387695312e-08, 0.9693353772163391, -0.2075415998697281, 0.13158831000328064, 0.1919170469045639, 0.9737843871116638, 0.12211409211158752, -0.15348230302333832, -0.09311556071043015, 0.9837543964385986),
            ["LowerTorso"] = CFrame.new(-0.010799583047628403, -0.21237897872924805, 0.2045576125383377, 0.9519197344779968, 0.04727143794298172, -0.30267852544784546, -0.052801989018917084, 0.9985539317131042, -0.010110339149832726, 0.3017628788948059, 0.025606265291571617, 0.9530391097068787),
            ["RightLowerLeg"] = CFrame.new(-4.470348358154297e-08, -0.0007264018058776855, 0.000046031382225919515, 1, 7.450584149637507e-08, 7.450581307466564e-08, -4.0978193283081055e-08, 0.6490192413330078, 0.7607720494270325, 1.1175870895385742e-07, -0.7607720494270325, 0.6490193009376526),
            ["LeftUpperLeg"] = CFrame.new(-5.960464477539063e-08, -2.1746382117271423e-07, 4.470348358154297e-08, 0.9647359251976013, 0.253511905670166, 0.0708257332444191, -0.14799389243125916, 0.7449299097061157, -0.6505206823348999, -0.2176750898361206, 0.6170989871025085, 0.7561789751052856),
            ["LeftLowerLeg"] = CFrame.new(6.332993507385254e-08, -0.0007264614105224609, 0.00008098036050796509, 1, 6.705522537231445e-08, 3.166497464235363e-08, -7.450580596923828e-08, 0.6644131541252136, 0.7473656535148621, 2.2351741790771484e-08, -0.7473654747009277, 0.6644130349159241),
        }},
        {Time = 0.167, Data = {
            ["RightFoot"] = CFrame.new(2.123415470123291e-07, -5.960464477539063e-08, 3.149762051180005e-08, 0.9659702777862549, 0.22950296103954315, -0.11928949505090714, -0.2565135955810547, 0.7908126711845398, -0.5557126998901367, -0.03320200741291046, 0.5674008727073669, 0.8227718472480774),
            ["LeftLowerArm"] = CFrame.new(0.000001430511474609375, -2.384185791015625e-07, 0.000004827976226806641, 1, 1.266598843585598e-07, 4.4703490686970326e-08, -1.4342370491249312e-07, 0.7153417468070984, -0.6987748742103577, -4.4703494239684005e-08, 0.6987748146057129, 0.7153416275978088),
            ["RightUpperArm"] = CFrame.new(-0.05727970600128174, 0.009500384330749512, -0.0840207040309906, 0.883139431476593, -0.4184439182281494, 0.21205927431583405, 0.3698304295539856, 0.8991411328315735, 0.23403213918209076, -0.2886006534099579, -0.12825700640678406, 0.9488202929496765),
            ["Head"] = CFrame.new(-7.450580596923828e-09, -3.5762786865234375e-07, -3.073364496231079e-08, 0.8928982615470886, -0.035492632538080215, 0.44885724782943726, 0.01441606879234314, 0.9986307621002197, 0.05028766021132469, -0.450027734041214, -0.03843110799789429, 0.8921874165534973),
            ["RightHand"] = CFrame.new(2.2351741790771484e-07, 9.5367431640625e-07, -7.301568984985352e-07, 0.967473030090332, 0.13352403044700623, 0.21486537158489227, -0.10997094959020615, 0.9868912100791931, -0.11811982095241547, -0.22782087326049805, 0.09064892679452896, 0.9694744348526001),
            ["UpperTorso"] = CFrame.new(2.2351741790771484e-08, -3.8743019104003906e-07, -6.51925802230835e-09, 0.9850549697875977, -0.10416529327630997, -0.13717271387577057, 0.116486094892025, 0.9895423650741577, 0.08507000654935837, 0.12687689065933228, -0.09977734088897705, 0.9868874549865723),
            ["HumanoidRootPart"] = CFrame.new(0, 0, 0, 1, 0, 0, 0, 1, 0, 0, 0, 1),
            ["RightUpperLeg"] = CFrame.new(-2.9802322387695312e-08, -3.2223761081695557e-07, -3.894820110872388e-08, 0.9123972654342651, -0.3560987710952759, -0.20180436968803406, 0.3000929057598114, 0.9172752499580383, -0.261821448802948, 0.2783444821834564, 0.17832507193088531, 0.9437820315361023),
            ["LeftUpperArm"] = CFrame.new(0.0037080049514770508, 0.0057752132415771484, -0.08374637365341187, 0.73310387134552, 0.6654281616210938, -0.14058314263820648, -0.5754901170730591, 0.7170868515968323, 0.3931899666786194, 0.36245015263557434, -0.20734480023384094, 0.908646285533905),
            ["RightLowerArm"] = CFrame.new(4.172325134277344e-07, 2.384185791015625e-07, -0.0000039637088775634766, 1, -0.000019355678887222894, 0.0000012107194606869598, 0.00001893192711577285, 0.9596448540687561, -0.2812151312828064, 0.000004284084297978552, 0.2812151610851288, 0.9596447348594666),
            ["LeftHand"] = CFrame.new(-0.0000013113021850585938, -0.0000011920928955078125, 2.086162567138672e-07, 0.9880589246749878, -0.15374121069908142, 0.010154325515031815, 0.1535423994064331, 0.9879763126373291, 0.01809789054095745, -0.012814727611839771, -0.016322435811161995, 0.9997846484184265),
            ["LeftFoot"] = CFrame.new(5.21540641784668e-08, -1.1920928955078125e-07, -8.754432201385498e-08, 0.950506865978241, -0.20587165653705597, 0.23270930349826813, 0.18539491295814514, 0.976829469203949, 0.10692524909973145, -0.2493302971124649, -0.05849001556634903, 0.9666506052017212),
            ["LowerTorso"] = CFrame.new(0.008683588355779648, -0.21509110927581787, 0.2098395973443985, 0.9487562775611877, 0.06138603016734123, -0.30998915433883667, -0.07289987057447433, 0.9970085024833679, -0.02568422630429268, 0.3074851632118225, 0.046966247260570526, 0.9503931403160095),
            ["RightLowerLeg"] = CFrame.new(-5.960464477539063e-08, -0.0007260441780090332, 0.00004595687641995028, 1, 7.450584149637507e-08, 1.4901162970204496e-08, -7.078052277620372e-08, 0.6178394556045532, 0.7863045930862427, -1.862645326866641e-08, -0.786304235458374, 0.6178391575813293),
            ["LeftUpperLeg"] = CFrame.new(5.960464477539063e-08, -3.4156255424022675e-07, -3.725290298461914e-09, 0.9616351127624512, 0.24862921237945557, 0.1159379705786705, -0.11304666101932526, 0.744210958480835, -0.6583088636398315, -0.2499571442604065, 0.6199464201927185, 0.7437660098075867),
            ["LeftLowerLeg"] = CFrame.new(1.862645149230957e-08, -0.0007265806198120117, 0.00008103251457214355, 1, 5.8673329306202504e-08, 3.91155481338501e-08, -6.332993507385254e-08, 0.6163114905357361, 0.7875024080276489, 2.60770320892334e-08, -0.7875025868415833, 0.6163116097450256),
        }},
        {Time = 0.200, Data = {
            ["RightFoot"] = CFrame.new(1.1548399925231934e-07, -1.7881393432617188e-07, 1.6952981241047382e-09, 0.9649233222007751, 0.21807420253753662, -0.14617374539375305, -0.26234713196754456, 0.780060350894928, -0.5680493712425232, -0.009852640330791473, 0.5864721536636353, 0.8099094033241272),
            ["LeftLowerArm"] = CFrame.new(0.0000015497207641601562, 0, 0.000004887580871582031, 1, 9.965150127300149e-08, 4.4703494239684005e-08, -1.4156104555240745e-07, 0.6332427859306335, -0.7739531993865967, -1.1920930376163597e-07, 0.7739531397819519, 0.6332429051399231),
            ["RightUpperArm"] = CFrame.new(-0.05483919382095337, 0.008874177932739258, -0.08405208587646484, 0.8781552910804749, -0.4191895127296448, 0.2304849624633789, 0.3704114556312561, 0.9007284045219421, 0.22690114378929138, -0.30271899700164795, -0.11388009786605835, 0.9462519288063049),
            ["Head"] = CFrame.new(-3.725290298461914e-08, -5.960464477539062e-07, -5.21540641784668e-08, 0.9103255271911621, -0.01916641928255558, 0.4134489893913269, -0.000008632662684249226, 0.9989264607429504, 0.04632651433348656, -0.4138931632041931, -0.04217581823468208, 0.9093480110168457),
            ["RightHand"] = CFrame.new(5.569308996200562e-07, 0.0000010132789611816406, -8.046627044677734e-07, 0.9641812443733215, 0.08309629559516907, 0.25189143419265747, -0.0609215684235096, 0.993649423122406, -0.09460139274597168, -0.25815311074256897, 0.07586740702390671, 0.9631206393241882),
            ["UpperTorso"] = CFrame.new(2.60770320892334e-08, 2.9802322387695312e-08, -3.5390257835388184e-08, 0.9884141087532043, -0.12054143100976944, -0.0922345370054245, 0.129792720079422, 0.9862895011901855, 0.10191606730222702, 0.07868490368127823, -0.11270668357610703, 0.9905079007148743),
            ["HumanoidRootPart"] = CFrame.new(0, 0, 0, 1, 0, 0, 0, 1, 0, 0, 0, 1),
            ["RightUpperLeg"] = CFrame.new(5.960464477539063e-08, -2.8870999813079834e-07, -2.4047039914876223e-08, 0.9211828708648682, -0.3520714342594147, -0.1657344400882721, 0.30355095863342285, 0.9166432619094849, -0.260042279958725, 0.24347278475761414, 0.18923763930797577, 0.9512676000595093),
            ["LeftUpperArm"] = CFrame.new(0.006147980690002441, 0.012467741966247559, -0.08430349826812744, 0.6601707935333252, 0.7234210968017578, -0.20207944512367249, -0.6242210865020752, 0.6780475378036499, 0.38807228207588196, 0.41775909066200256, -0.13005173206329346, 0.8992017507553101),
            ["RightLowerArm"] = CFrame.new(-5.960464477539063e-08, 0, -0.0000037848949432373047, 1, -0.000019364060790394433, 0.0000013709067161471467, 0.00001893378430395387, 0.9573180675506592, -0.28903666138648987, 0.000004306434675527271, 0.28903666138648987, 0.9573180079460144),
            ["LeftHand"] = CFrame.new(-0.0000015497207641601562, -9.5367431640625e-07, 1.1920928955078125e-07, 0.9809378981590271, -0.18385948240756989, 0.06290073692798615, 0.1797572821378708, 0.9815167784690857, 0.06566812098026276, -0.07381211221218109, -0.05310934782028198, 0.9958571195602417),
            ["LeftFoot"] = CFrame.new(-8.847564458847046e-08, 0, -4.656612873077393e-10, 0.9526474475860596, -0.184798464179039, 0.2414793223142624, 0.17362989485263824, 0.982533872127533, 0.06693211197853088, -0.2496306300163269, -0.02183477394282818, 0.9680949449539185),
            ["LowerTorso"] = CFrame.new(0.020647741854190826, -0.21883201599121094, 0.213215172290802, 0.9455634355545044, 0.07014644145965576, -0.3177880644798279, -0.0860787034034729, 0.995624840259552, -0.036355480551719666, 0.31384748220443726, 0.06173120439052582, 0.9474645256996155),
            ["RightLowerLeg"] = CFrame.new(-4.470348358154297e-08, -0.0007262825965881348, 0.000046090986870694906, 1, 1.4901168299275014e-08, 2.980232949312267e-08, -6.705522537231445e-08, 0.5934925079345703, 0.8048396110534668, 1.0058283805847168e-07, -0.8048396110534668, 0.5934924483299255),
            ["LeftUpperLeg"] = CFrame.new(-2.9802322387695312e-08, -2.468004822731018e-08, -3.725290298461914e-09, 0.9545115828514099, 0.2500147223472595, 0.16248181462287903, -0.07687543332576752, 0.7328460216522217, -0.676037609577179, -0.2880933880805969, 0.632794976234436, 0.7187301516532898),
            ["LeftLowerLeg"] = CFrame.new(1.6763806343078613e-08, -0.0007266998291015625, 0.00008095800876617432, 1, 9.080396523586387e-08, 4.889443516731262e-08, -7.078051567077637e-08, 0.5374354124069214, 0.8433051109313965, 3.91155481338501e-08, -0.8433049917221069, 0.5374351143836975),
        }},
        {Time = 0.233, Data = {
            ["RightFoot"] = CFrame.new(2.5704503059387207e-07, 1.1920928955078125e-07, 4.639878170564771e-08, 0.9614645838737488, 0.20772680640220642, -0.18009860813617706, -0.2741752564907074, 0.7729302048683167, -0.5721948146820068, 0.02034350484609604, 0.5995236039161682, 0.8000985383987427),
            ["LeftLowerArm"] = CFrame.new(0.0000011324882507324219, 0, 0.000004947185516357422, 1, -2.980232594040899e-08, 1.4901164746561335e-08, -9.685756907629184e-08, 0.5431619882583618, -0.8396280407905579, -2.980232949312267e-08, 0.8396280407905579, 0.5431618690490723),
            ["RightUpperArm"] = CFrame.new(-0.05091667175292969, 0.008383393287658691, -0.08404678106307983, 0.8732788562774658, -0.4214830994606018, 0.24440959095954895, 0.37327340245246887, 0.901171863079071, 0.22035525739192963, -0.31313106417655945, -0.10120008140802383, 0.9443027377128601),
            ["Head"] = CFrame.new(-3.725290298461914e-09, -0.0000011920928955078125, 1.4901161193847656e-08, 0.9278913140296936, -0.004703762475401163, 0.372821182012558, -0.01331981923431158, 0.9988639950752258, 0.0457531213760376, -0.37261292338371277, -0.0474199578166008, 0.9267745018005371),
            ["RightHand"] = CFrame.new(2.477318048477173e-07, 0.0000015497207641601562, -7.599592208862305e-07, 0.9578054547309875, 0.008635671809315681, 0.2872871458530426, 0.007237128913402557, 0.9985069632530212, -0.054142843931913376, -0.2873260974884033, 0.05393754318356514, 0.9563130736351013),
            ["UpperTorso"] = CFrame.new(5.960464477539063e-08, -8.940696716308594e-08, -1.6763806343078613e-08, 0.9919439554214478, -0.11896438896656036, -0.043529607355594635, 0.12304838001728058, 0.986518144607544, 0.1078939139842987, 0.03010706603527069, -0.11238093674182892, 0.9932090044021606),
            ["HumanoidRootPart"] = CFrame.new(0, 0, 0, 1, 0, 0, 0, 1, 0, 0, 0, 1),
            ["RightUpperLeg"] = CFrame.new(1.1920928955078125e-07, -3.0547380447387695e-07, -5.3849362302571535e-08, 0.9333710670471191, -0.3342379927635193, -0.1307801455259323, 0.29334914684295654, 0.9203682541847229, -0.25858959555625916, 0.20679636299610138, 0.2029956877231598, 0.9570935368537903),
            ["LeftUpperArm"] = CFrame.new(0.010104954242706299, 0.017107605934143066, -0.08462083339691162, 0.5904683470726013, 0.760463297367096, -0.27026399970054626, -0.6646432876586914, 0.6481582522392273, 0.3716720938682556, 0.45781707763671875, -0.039831340312957764, 0.8881539106369019),
            ["RightLowerArm"] = CFrame.new(6.556510925292969e-07, 7.748603820800781e-07, -0.0000034421682357788086, 1, -0.000019353059542481788, 0.0000015362165868282318, 0.000018908178390120156, 0.9545824527740479, -0.29794707894325256, 0.00000429060355600086, 0.29794707894325256, 0.9545824527740479),
            ["LeftHand"] = CFrame.new(-0.0000017881393432617188, -0.000001430511474609375, 1.564621925354004e-07, 0.9699046015739441, -0.21255455911159515, 0.11876718699932098, 0.19882239401340485, 0.9729540944099426, 0.11760164797306061, -0.14055205881595612, -0.09044850617647171, 0.985933244228363),
            ["LeftFoot"] = CFrame.new(-1.5133991837501526e-08, 0, 1.6763806343078613e-08, 0.9720141291618347, -0.14678995311260223, 0.18341578543186188, 0.15256312489509583, 0.9881354570388794, -0.017692020162940025, -0.17864277958869934, 0.045179467648267746, 0.9828762412071228),
            ["LowerTorso"] = CFrame.new(0.026564616709947586, -0.22340762615203857, 0.21458527445793152, 0.9438986778259277, 0.0707862451672554, -0.3225594162940979, -0.08679331839084625, 0.9955938458442688, -0.035496558994054794, 0.3186255097389221, 0.061501163989305496, 0.9458834528923035),
            ["RightLowerLeg"] = CFrame.new(1.043081283569336e-07, -0.000726163387298584, 0.00004600157990353182, 1, 1.0430815677864302e-07, -7.450583439094771e-08, -8.940694584680386e-08, 0.5812915563583374, 0.8136952519416809, 4.8428763221863846e-08, -0.8136953115463257, 0.5812917351722717),
            ["LeftUpperLeg"] = CFrame.new(-5.960464477539063e-08, -2.4633482098579407e-07, -1.862645149230957e-08, 0.9447373151779175, 0.2554706931114197, 0.20544132590293884, -0.050468362867832184, 0.732541561126709, -0.6788486838340759, -0.3239201605319977, 0.630965530872345, 0.7049527764320374),
            ["LeftLowerLeg"] = CFrame.new(-7.12461769580841e-08, -0.0007264018058776855, 0.00008087232708930969, 1, 9.10368029849451e-08, 4.749746196353044e-08, -5.681066994611683e-08, 0.46493029594421387, 0.8853474855422974, 3.6321576857289983e-08, -0.8853474259376526, 0.4649301767349243),
        }},
        {Time = 0.267, Data = {
            ["RightFoot"] = CFrame.new(1.9744038581848145e-07, -5.960464477539063e-08, -4.300818545743823e-08, 0.9551429748535156, 0.19653679430484772, -0.22152918577194214, -0.2904658019542694, 0.7675216197967529, -0.5714370608329773, 0.05772009491920471, 0.6101506948471069, 0.7901800274848938),
            ["LeftLowerArm"] = CFrame.new(0.000001341104507446289, -1.1920928955078125e-07, 0.000005185604095458984, 1, 3.725290653733282e-08, -3.72529100900465e-08, -7.450583439094771e-08, 0.4517616629600525, -0.8921387195587158, -1.192093321833454e-07, 0.8921387195587158, 0.4517616033554077),
            ["RightUpperArm"] = CFrame.new(-0.04610949754714966, 0.007108449935913086, -0.08375582098960876, 0.8693585395812988, -0.42253047227859497, 0.2562885284423828, 0.37479037046432495, 0.9017527103424072, 0.21534676849842072, -0.3220994472503662, -0.09115903824567795, 0.9423068165779114),
            ["Head"] = CFrame.new(-3.725290298461914e-09, -7.152557373046875e-07, 4.470348358154297e-08, 0.944456160068512, 0.006930341944098473, 0.32856470346450806, -0.024064205586910248, 0.998552143573761, 0.048110030591487885, -0.32775548100471497, -0.053344644606113434, 0.9432554244995117),
            ["RightHand"] = CFrame.new(3.8370490074157715e-07, 0.000001430511474609375, -7.543712854385376e-07, 0.9454882144927979, -0.08007676899433136, 0.3156573176383972, 0.08454162627458572, 0.9964198470115662, -0.000452667532954365, -0.3144913911819458, 0.027114268392324448, 0.9488731622695923),
            ["UpperTorso"] = CFrame.new(1.4901161193847656e-08, 2.384185791015625e-07, 5.587935447692871e-09, 0.9944999814033508, -0.10459503531455994, 0.005449237301945686, 0.1035548597574234, 0.9897390007972717, 0.09845377504825592, -0.015690913423895836, -0.09734785556793213, 0.9951267242431641),
            ["HumanoidRootPart"] = CFrame.new(0, 0, 0, 1, 0, 0, 0, 1, 0, 0, 0, 1),
            ["RightUpperLeg"] = CFrame.new(5.960464477539063e-08, 2.2351741790771484e-07, 5.75528247281909e-09, 0.9476342797279358, -0.3041307330131531, -0.0974358320236206, 0.27066367864608765, 0.9267837405204773, -0.26040956377983093, 0.16950052976608276, 0.2204006314277649, 0.9605692028999329),
            ["LeftUpperArm"] = CFrame.new(0.014969944953918457, 0.02062392234802246, -0.08461219072341919, 0.5453762412071228, 0.7722179889678955, -0.3259514272212982, -0.7079755663871765, 0.6325668692588806, 0.3140542805194855, 0.44870415329933167, 0.0594877265393734, 0.8916982412338257),
            ["RightLowerArm"] = CFrame.new(2.980232238769531e-07, 5.960464477539062e-07, -0.0000037103891372680664, 1, -0.000019291765056550503, 0.000001756241772454814, 0.000018898395865107886, 0.9514328837394714, -0.30785635113716125, 0.000004298984549677698, 0.30785638093948364, 0.9514329433441162),
            ["LeftHand"] = CFrame.new(-0.0000013709068298339844, -0.0000015497207641601562, 3.427267074584961e-07, 0.9552717208862305, -0.23782731592655182, 0.1757669448852539, 0.20830343663692474, 0.9630119800567627, 0.17093247175216675, -0.20991821587085724, -0.12667395174503326, 0.9694783091545105),
            ["LeftFoot"] = CFrame.new(4.0978193283081055e-08, -3.5762786865234375e-07, 0, 0.9959501624107361, -0.08650104701519012, 0.02451230026781559, 0.08887449651956558, 0.988416850566864, -0.12301813811063766, -0.013587195426225662, 0.12469841539859772, 0.9921016097068787),
