return {
    ["What It Is"] = {
        {Time = 0.000, Data = {
            ["RightFoot"] = CFrame.new(3.725290298461914e-08, -5.960464477539063e-08, 1.939042704179883e-08, 0.996816873550415, 0.06770192831754684, -0.04210274666547775, -0.07144904136657715, 0.9929105639457703, -0.09499387443065643, 0.03537305071949959, 0.09769998490810394, 0.9945871233940125),
            ["LeftLowerArm"] = CFrame.new(4.76837158203125e-07, -2.384185791015625e-07, 4.470348358154297e-08, 1, -7.450579175838357e-08, 1.1920930376163597e-07, 1.6391277313232422e-07, -0.18858611583709717, -0.9820566773414612, 1.341104507446289e-07, 0.9820566773414612, -0.18858610093593597),
            ["RightUpperArm"] = CFrame.new(-5.960464477539063e-08, 0, -5.960464477539063e-08, 0.7060149312019348, -0.23654983937740326, 0.6675231456756592, 0.45294156670570374, 0.8754063248634338, -0.16884253919124603, -0.544414222240448, 0.42155423760414124, 0.725193202495575),
            ["Head"] = CFrame.new(-3.725290298461914e-09, 3.5762786865234375e-07, -1.6763806343078613e-08, 0.9980250597000122, 0.04450220242142677, 0.04433578625321388, -0.03539929538965225, 0.9814736843109131, -0.18829862773418427, -0.05189410597085953, 0.18635724484920502, 0.9811105728149414),
            ["RightHand"] = CFrame.new(-1.7881393432617188e-07, -1.7881393432617188e-07, -3.5762786865234375e-07, 0.898197591304779, -0.36616501212120056, 0.24323725700378418, 0.3262597620487213, 0.9261147379875183, 0.18938344717025757, -0.29461124539375305, -0.0907452180981636, 0.9512989521026611),
            ["UpperTorso"] = CFrame.new(3.259629011154175e-08, 2.980232238769531e-07, -2.6426278054714203e-08, 0.9982971549034119, 0.05653566122055054, 0.014368981122970581, -0.05582210794091225, 0.997381865978241, -0.04597269743680954, -0.016930414363741875, 0.045092299580574036, 0.9988393783569336),
            ["HumanoidRootPart"] = CFrame.new(0, 0, 0, 1, 0, 0, 0, 1, 0, 0, 0, 1),
            ["RightUpperLeg"] = CFrame.new(2.9802322387695312e-08, 1.641456037759781e-07, 4.300818545743823e-08, 0.999749481678009, -0.02229844592511654, -0.0019401442259550095, 0.01745794713497162, 0.8310927152633667, -0.5558599829673767, 0.014007281512022018, 0.5556867718696594, 0.8312737345695496),
            ["LeftUpperArm"] = CFrame.new(5.960464477539063e-08, 0, -2.9802322387695312e-08, 0.7142810821533203, 0.29917141795158386, -0.6326918601989746, -0.4725029766559601, 0.8730366826057434, -0.12061526626348495, 0.5162785053253174, 0.38510194420814514, 0.7649530172348022),
            ["RightLowerArm"] = CFrame.new(2.682209014892578e-07, -1.1920928955078125e-07, 1.862645149230957e-07, 1, -1.043081283569336e-07, 8.940698137394065e-08, 9.685753354915505e-08, -0.0029455572366714478, -0.9999956488609314, 1.3038514623531228e-07, 0.9999957084655762, -0.002945572603493929),
            ["LeftHand"] = CFrame.new(-2.682209014892578e-07, -4.76837158203125e-07, 2.1792948246002197e-07, 0.9857546091079712, 0.1259099394083023, 0.11151012778282166, -0.11752768605947495, 0.9899365901947021, -0.07882238924503326, -0.12031240016222, 0.06459401547908783, 0.9906324744224548),
            ["LeftFoot"] = CFrame.new(7.404014468193054e-08, 1.1920928955078125e-07, 3.2782554626464844e-07, 0.9980261325836182, -0.040636852383613586, 0.04788140952587128, 0.052492208778858185, 0.9583292603492737, -0.28080132603645325, -0.03447531536221504, 0.28276070952415466, 0.9585708379745483),
            ["LowerTorso"] = CFrame.new(0.0046351999044418335, -0.0957796573638916, 0.06640583276748657, 0.9649144411087036, -0.006975214462727308, -0.2624718248844147, 0.03716856986284256, 0.9932090640068054, 0.1102466806769371, 0.2599204182624817, -0.11613432317972183, 0.9586210250854492),
            ["RightLowerLeg"] = CFrame.new(-1.862645149230957e-08, -5.960464477539063e-08, 2.028609742410481e-07, 0.9999722242355347, -0.0072218915447592735, -0.0018586220685392618, 0.007044043391942978, 0.8329341411590576, 0.5533276796340942, -0.00244782492518425, -0.5533251166343689, 0.8329615592956543),
            ["LeftUpperLeg"] = CFrame.new(-2.9802322387695312e-08, 2.6333145797252655e-07, 1.30385160446167e-08, 0.9937806129455566, 0.10923223197460175, 0.021647175773978233, -0.08021533489227295, 0.8370468616485596, -0.5412189960479736, -0.07723837345838547, 0.5361165404319763, 0.8406030535697937),
            ["LeftLowerLeg"] = CFrame.new(-8.195638656616211e-08, -5.960464477539063e-08, 2.1606683731079102e-07, 0.9990543127059937, -0.015292445197701454, 0.04070211574435234, -0.01657000556588173, 0.7315581440925598, 0.6815781593322754, -0.04019908979535103, -0.6816076040267944, 0.7306124567985535),
        }},
        {Time = 0.030, Data = {
            ["RightFoot"] = CFrame.new(1.51805579662323e-07, -3.5762786865234375e-07, -7.374183041974902e-08, 0.9984128475189209, 0.050725970417261124, -0.024470001459121704, -0.05254707485437393, 0.9953565001487732, -0.08064843714237213, 0.020265301689505577, 0.08180631697177887, 0.9964421987533569),
            ["LeftLowerArm"] = CFrame.new(-8.940696716308594e-08, 4.172325134277344e-07, -2.1979212760925293e-07, 1, -1.192092469182171e-07, 9.965152969471092e-08, 6.70552182668871e-08, -0.1995980143547058, -0.9798779487609863, 1.1175869474300271e-07, 0.9798778891563416, -0.1995980590581894),
            ["RightUpperArm"] = CFrame.new(2.384185791015625e-07, -5.960464477539062e-07, 3.725290298461914e-09, 0.6122660040855408, -0.2467595338821411, 0.7511592507362366, 0.6167011260986328, 0.7435784339904785, -0.2584006190299988, -0.494782954454422, 0.6214506030082703, 0.607444703578949),
            ["Head"] = CFrame.new(2.9802322387695312e-08, -7.152557373046875e-07, -1.6763806343078613e-08, 0.997450053691864, 0.05029429867863655, 0.05063537135720253, -0.03423584625124931, 0.9597223401069641, -0.2788565158843994, -0.06262078881263733, 0.27641189098358154, 0.9589970111846924),
            ["RightHand"] = CFrame.new(-5.960464477539062e-07, 1.1920928955078125e-07, 6.258487701416016e-07, 0.9751467108726501, -0.16114678978919983, 0.15205468237400055, 0.1633046716451645, 0.9865741729736328, -0.001728326315060258, -0.149734765291214, 0.02651657536625862, 0.9883706569671631),
            ["UpperTorso"] = CFrame.new(-1.442094799131155e-08, -2.086162567138672e-07, -6.84813130646944e-08, 0.9976973533630371, 0.0669451653957367, 0.010884542018175125, -0.06632893532514572, 0.9965675473213196, -0.04953525960445404, -0.014163359999656677, 0.04869922250509262, 0.9987131357192993),
            ["HumanoidRootPart"] = CFrame.new(0, 0, 0, 1, 0, 0, 0, 1, 0, 0, 0, 1),
            ["RightUpperLeg"] = CFrame.new(0, 2.430751919746399e-07, -1.6952981241047382e-09, 0.9994289875030518, -0.02704865112900734, -0.02025233954191208, 0.009855739772319794, 0.8066304326057434, -0.5909738540649414, 0.03232140094041824, 0.5904369950294495, 0.8064364790916443),
            ["LeftUpperArm"] = CFrame.new(5.960464477539063e-08, -8.344650268554688e-07, 1.4901161193847656e-08, 0.6067421436309814, 0.3019198179244995, -0.7353288531303406, -0.6029728651046753, 0.777590811252594, -0.1782589852809906, 0.5179649591445923, 0.5515405535697937, 0.6538465023040771),
            ["RightLowerArm"] = CFrame.new(2.980232238769531e-07, 2.384185791015625e-07, -2.682209014892578e-07, 1, -7.450579175838357e-08, 1.1920928955078125e-07, 5.960465188081798e-08, -0.12048168480396271, -0.99271559715271, 8.195639367158947e-08, 0.9927155375480652, -0.12048183381557465),
            ["LeftHand"] = CFrame.new(-4.246830940246582e-07, -1.1920928955078125e-07, 4.330649971961975e-08, 0.9858508110046387, 0.13277338445186615, 0.10232092440128326, -0.12330211699008942, 0.9879138469696045, -0.09393038600683212, -0.11355568468570709, 0.07998491078615189, 0.9903068542480469),
            ["LeftFoot"] = CFrame.new(-7.450580596923828e-09, 2.980232238769531e-07, -6.705522537231445e-08, 0.997856855392456, -0.04269671067595482, 0.04958682507276535, 0.05440739542245865, 0.9623789191246033, -0.2662084102630615, -0.03635510057210922, 0.2683354616165161, 0.9626392722129822),
            ["LowerTorso"] = CFrame.new(0.004544558469206095, -0.09825706481933594, 0.06640583276748657, 0.9692367911338806, -0.006171388551592827, -0.2460528165102005, 0.0442599281668663, 0.9877598285675049, 0.14957153797149658, 0.2421180009841919, -0.1558605134487152, 0.9576462507247925),
            ["RightLowerLeg"] = CFrame.new(-1.3783574104309082e-07, 0, 2.1031155483797193e-07, 0.9999805092811584, -0.006221784744411707, -0.0005783769302070141, 0.005505968816578388, 0.8335711359977722, 0.5523849725723267, -0.002954880241304636, -0.5523771643638611, 0.8335890173912048),
            ["LeftUpperLeg"] = CFrame.new(-5.960464477539063e-08, -6.798654794692993e-08, -4.842877388000488e-08, 0.9939175248146057, 0.11011217534542084, -0.0018444873858243227, -0.08904191106557846, 0.7936503291130066, -0.6018226742744446, -0.06480412185192108, 0.5983264446258545, 0.7986275553703308),
            ["LeftLowerLeg"] = CFrame.new(1.1920928955078125e-07, 2.384185791015625e-07, -5.587935447692871e-08, 0.9990755915641785, -0.016421040520071983, 0.0397278256714344, -0.017193691805005074, 0.6943801045417786, 0.7194033265113831, -0.039399560540914536, -0.7194210886955261, 0.6934556365013123),
        }},
        {Time = 0.061, Data = {
            ["RightFoot"] = CFrame.new(3.818422555923462e-08, 1.7881393432617188e-07, 2.7457281248643994e-07, 0.9998337030410767, 0.01790255680680275, -0.0035073296166956425, -0.01812775805592537, 0.9965618252754211, -0.08084605634212494, 0.0020478323567658663, 0.08089642971754074, 0.9967204928398132),
            ["LeftLowerArm"] = CFrame.new(0.0000011026859283447266, -7.748603820800781e-07, 1.564621925354004e-07, 1, -1.1920926112907182e-07, 9.872020712009544e-08, 1.303851746570217e-07, -0.21062767505645752, -0.9775663614273071, 8.940698137394065e-08, 0.9775663614273071, -0.2106277048587799),
            ["RightUpperArm"] = CFrame.new(0, 4.76837158203125e-07, 1.1175870895385742e-08, 0.5384989976882935, -0.2382347285747528, 0.8082469701766968, 0.7389342188835144, 0.5945016145706177, -0.31708672642707825, -0.40496307611465454, 0.7679921984672546, 0.49617835879325867),
            ["Head"] = CFrame.new(-1.1175870895385742e-08, 4.76837158203125e-07, 4.284083843231201e-08, 0.9968327283859253, 0.058665648102760315, 0.053694356232881546, -0.034448426216840744, 0.9270511269569397, -0.37334901094436646, -0.07168018072843552, 0.3703168034553528, 0.926135778427124),
            ["RightHand"] = CFrame.new(-2.682209014892578e-07, 4.172325134277344e-07, 1.6391277313232422e-07, 0.998180627822876, -0.05797923356294632, 0.01655110903084278, 0.059390924870967865, 0.9928061962127686, -0.1039644107222557, -0.010404247790575027, 0.10475815832614899, 0.9944432973861694),
            ["UpperTorso"] = CFrame.new(1.0477378964424133e-08, -2.384185791015625e-07, -8.899951353669167e-08, 0.9967341423034668, 0.08039180934429169, 0.007639303803443909, -0.07986824959516525, 0.9953535199165344, -0.053782276809215546, -0.011927442625164986, 0.05299647897481918, 0.9985235333442688),
            ["HumanoidRootPart"] = CFrame.new(0, 0, 0, 1, 0, 0, 0, 1, 0, 0, 0, 1),
            ["RightUpperLeg"] = CFrame.new(8.940696716308594e-08, -2.1210871636867523e-07, -1.6596459317952394e-08, 0.9988998770713806, -0.03326433151960373, -0.03305488079786301, 0.00519816717132926, 0.7790642380714417, -0.6269225478172302, 0.04660634696483612, 0.6260611414909363, 0.7783800363540649),
            ["LeftUpperArm"] = CFrame.new(0, 8.344650268554688e-07, 1.7881393432617188e-07, 0.5094316005706787, 0.27904897928237915, -0.8140093088150024, -0.7229116559028625, 0.6519089937210083, -0.22894012928009033, 0.46677443385124207, 0.7050861120223999, 0.5338307619094849),
            ["RightLowerArm"] = CFrame.new(-6.258487701416016e-07, -3.5762786865234375e-07, 2.086162567138672e-07, 1, -7.450579175838357e-08, 1.4901158351676713e-07, 8.940695295223122e-08, -0.2194274663925171, -0.9756287932395935, 8.940695295223122e-08, 0.9756288528442383, -0.2194274216890335),
            ["LeftHand"] = CFrame.new(-2.0116567611694336e-07, 1.1920928955078125e-07, -1.7462298274040222e-07, 0.9889700412750244, 0.13647617399692535, 0.05755522847175598, -0.13069000840187073, 0.9869065284729004, -0.09452908486127853, -0.0697026252746582, 0.08596454560756683, 0.9938570261001587),
            ["LeftFoot"] = CFrame.new(-2.7939677238464355e-09, -4.76837158203125e-07, 1.6205012798309326e-07, 0.9976419806480408, -0.044158995151519775, 0.05254073441028595, 0.05636419355869293, 0.9639420509338379, -0.2600749731063843, -0.039161454886198044, 0.26242291927337646, 0.9641579389572144),
            ["LowerTorso"] = CFrame.new(0.003910067491233349, -0.08576107025146484, 0.06544636189937592, 0.9708917737007141, -0.0036260858178138733, -0.239491268992424, 0.05345878750085831, 0.9779433012008667, 0.20191384851932526, 0.2334766834974289, -0.20883938670158386, 0.9496709704399109),
            ["RightLowerLeg"] = CFrame.new(-7.450580596923828e-08, 2.384185791015625e-07, 2.1776213543489575e-07, 0.9999893307685852, -0.0042410907335579395, 0.001885531935840845, 0.002622240222990513, 0.8514716029167175, 0.5243943333625793, -0.0038295253179967403, -0.5243837833404541, 0.8514734506607056),
            ["LeftUpperLeg"] = CFrame.new(0, -4.5821070671081543e-07, -7.543712854385376e-08, 0.9930934309959412, 0.11515578627586365, -0.022464489564299583, -0.1006544977426529, 0.7378344535827637, -0.6674348711967468, -0.060283854603767395, 0.6650862097740173, 0.7443293333053589),
            ["LeftLowerLeg"] = CFrame.new(0, -1.1920928955078125e-07, -4.470348358154297e-08, 0.9991089105606079, -0.017633106559515, 0.038347017019987106, -0.0176260806620121, 0.6512182950973511, 0.758685827255249, -0.03835024684667587, -0.7586856484413147, 0.6503271460533142),
        }},
        {Time = 0.091, Data = {
            ["RightFoot"] = CFrame.new(-1.1362135410308838e-07, -2.384185791015625e-07, -1.1658266885206103e-07, 0.9997941851615906, 0.0007397273438982666, 0.020276257768273354, 0.0005585960461758077, 0.9979526400566101, -0.06395631283521652, -0.020281925797462463, 0.06395469605922699, 0.9977467656135559),
            ["LeftLowerArm"] = CFrame.new(-3.2782554626464844e-07, -2.980232238769531e-07, 1.1920928955078125e-07, 1, -4.656612162534657e-08, 7.823112468940963e-08, 8.381903882082042e-08, -0.21626274287700653, -0.9763352870941162, 9.685756197086448e-08, 0.9763352870941162, -0.21626272797584534),
            ["RightUpperArm"] = CFrame.new(5.960464477539063e-08, 1.1920928955078125e-07, -1.564621925354004e-07, 0.5021740794181824, -0.1971270889043808, 0.8419989347457886, 0.8034912347793579, 0.46634942293167114, -0.37002700567245483, -0.319723516702652, 0.8623567223548889, 0.3925784230232239),
            ["Head"] = CFrame.new(1.4901161193847656e-08, -3.5762786865234375e-07, -1.3783574104309082e-07, 0.9963728189468384, 0.06815596669912338, 0.05095197260379791, -0.038872215896844864, 0.8971768617630005, -0.4399576485157013, -0.07569871097803116, 0.4363812506198883, 0.8965718746185303),
            ["RightHand"] = CFrame.new(0, 5.960464477539063e-08, -3.501772880554199e-07, 0.9933543801307678, -0.07596398890018463, -0.08646813780069351, 0.06618932634592056, 0.9916380643844604, -0.11078377813100815, 0.09416068345308304, 0.10432421416044235, 0.9900758862495422),
            ["UpperTorso"] = CFrame.new(-1.862645149230957e-09, 5.960464477539063e-08, 8.544884622097015e-08, 0.9955784678459167, 0.0938044860959053, 0.004931950010359287, -0.0933699756860733, 0.9939804673194885, -0.05731447413563728, -0.010278587229549885, 0.05660054832696915, 0.9983440041542053),
            ["HumanoidRootPart"] = CFrame.new(0, 0, 0, 1, 0, 0, 0, 1, 0, 0, 0, 1),
            ["RightUpperLeg"] = CFrame.new(-2.9802322387695312e-08, -1.7578713595867157e-08, -1.6596459317952394e-08, 0.999561607837677, -0.02690449357032776, -0.012358253821730614, 0.012121160514652729, 0.7526968717575073, -0.6582555770874023, 0.027012083679437637, 0.6578173637390137, 0.7526931762695312),
            ["LeftUpperArm"] = CFrame.new(-1.1920928955078125e-07, 0, -8.940696716308594e-08, 0.45234283804893494, 0.2269899696111679, -0.8624741435050964, -0.7988929152488708, 0.532996654510498, -0.27871978282928467, 0.3964293301105499, 0.8151013851165771, 0.4224378168582916),
            ["RightLowerArm"] = CFrame.new(2.9802322387695312e-08, -1.1920928955078125e-07, 2.682209014892578e-07, 1, -7.450579886381092e-08, 1.2665987014770508e-07, 7.450580596923828e-08, -0.3070250451564789, -0.9517014622688293, 1.043081283569336e-07, 0.9517014622688293, -0.30702507495880127),
            ["LeftHand"] = CFrame.new(-3.501772880554199e-07, 5.960464477539063e-08, -1.601874828338623e-07, 0.9891836047172546, 0.13386501371860504, -0.05996789410710335, -0.13758578896522522, 0.9884892106056213, -0.06292379647493362, 0.05085424333810806, 0.07049386948347092, 0.9962151646614075),
            ["LeftFoot"] = CFrame.new(-9.313225746154785e-08, 2.384185791015625e-07, -1.1164229363203049e-07, 0.9974960088729858, -0.04498720541596413, 0.05457013100385666, 0.05694133788347244, 0.9685007333755493, -0.24241279065608978, -0.04194559156894684, 0.24491317570209503, 0.9686372876167297),
            ["LowerTorso"] = CFrame.new(0.002187877893447876, -0.05568110942840576, 0.058730095624923706, 0.9598347544670105, 0.004148341249674559, -0.28053560853004456, 0.06716320663690567, 0.9674215316772461, 0.24410006403923035, 0.27240878343582153, -0.25313737988471985, 0.9282860159873962),
            ["RightLowerLeg"] = CFrame.new(5.960464477539063e-08, 1.1920928955078125e-07, 3.2207026379182935e-07, 0.9999899864196777, -0.0028772035147994757, 0.0034186537377536297, 0.0008675529388710856, 0.8755431771278381, 0.48313936591148376, -0.00438334746286273, -0.48313143849372864, 0.8755367994308472),
            ["LeftUpperLeg"] = CFrame.new(5.960464477539063e-08, 2.9453076422214508e-08, -1.862645149230957e-08, 0.990958571434021, 0.13095909357070923, -0.029170334339141846, -0.11418524384498596, 0.7090325355529785, -0.6958693265914917, -0.07044758647680283, 0.692908763885498, 0.7175757884979248),
            ["LeftLowerLeg"] = CFrame.new(-3.725290298461914e-08, -5.960464477539063e-08, 8.195638656616211e-08, 0.9991146326065063, -0.01796497218310833, 0.03804311901330948, -0.01784485951066017, 0.6379226446151733, 0.7698937058448792, -0.038099560886621475, -0.7698909044265747, 0.6370373368263245),
        }},
        {Time = 0.121, Data = {
            ["RightFoot"] = CFrame.new(2.60770320892334e-08, 1.7881393432617188e-07, -6.489426596090198e-08, 0.9985427856445312, 0.00021530325466301292, 0.05396629124879837, -0.001436052843928337, 0.9997440576553345, 0.022581160068511963, -0.05394759029150009, -0.02262561023235321, 0.9982874393463135),
            ["LeftLowerArm"] = CFrame.new(4.172325134277344e-07, 4.76837158203125e-07, -1.2293457984924316e-07, 1, -6.70552182668871e-08, 9.685756197086448e-08, 6.519258732851085e-08, -0.21262246370315552, -0.9771344661712646, 1.1920930376163597e-07, 0.9771344661712646, -0.21262246370315552),
            ["RightUpperArm"] = CFrame.new(-1.7881393432617188e-07, 3.5762786865234375e-07, -1.1175870895385742e-07, 0.47825077176094055, -0.14236298203468323, 0.8666078448295593, 0.831145167350769, 0.39211300015449524, -0.39426523447036743, -0.28367939591407776, 0.9088345170021057, 0.3058527112007141),
            ["Head"] = CFrame.new(-8.195638656616211e-08, 1.1920928955078125e-07, -1.862645149230957e-07, 0.9963566064834595, 0.07686809450387955, 0.03694289177656174, -0.05010781064629555, 0.8781449794769287, -0.47576311230659485, -0.06901223212480545, 0.4721786081790924, 0.8787972331047058),
            ["RightHand"] = CFrame.new(-5.960464477539063e-08, -2.384185791015625e-07, 2.5331974029541016e-07, 0.9846221804618835, -0.07873675972223282, -0.15594810247421265, 0.07233928889036179, 0.9963053464889526, -0.046290479600429535, 0.15901672840118408, 0.0342974029481411, 0.9866799712181091),
            ["UpperTorso"] = CFrame.new(6.51925802230835e-09, -2.9802322387695312e-08, 3.4226104617118835e-08, 0.9944968819618225, 0.10472042113542557, 0.00310212979093194, -0.10435864329338074, 0.9928023219108582, -0.05876242741942406, -0.009233420714735985, 0.058115310966968536, 0.9982671737670898),
            ["HumanoidRootPart"] = CFrame.new(0, 0, 0, 1, 0, 0, 0, 1, 0, 0, 0, 1),
            ["RightUpperLeg"] = CFrame.new(2.9802322387695312e-08, -4.516914486885071e-08, 5.045876605436206e-08, 0.9994615912437439, -0.01657276600599289, 0.028317134827375412, 0.03204496577382088, 0.6784290075302124, -0.7339667081832886, -0.007047218270599842, 0.7344791293144226, 0.6785948872566223),
            ["LeftUpperArm"] = CFrame.new(-1.1920928955078125e-07, -1.1920928955078125e-07, -8.940696716308594e-08, 0.43941524624824524, 0.16475136578083038, -0.883046567440033, -0.8266561627388, 0.4588322639465332, -0.3257495164871216, 0.3515026271343231, 0.873115062713623, 0.33781054615974426),
            ["RightLowerArm"] = CFrame.new(-6.556510925292969e-07, -5.364418029785156e-07, 6.854534149169922e-07, 1, -5.215405707303944e-08, 1.3411046495548362e-07, 1.0430814256778831e-07, -0.38564586639404297, -0.9226469397544861, 1.3411046495548362e-07, 0.9226468801498413, -0.3856458067893982),
            ["LeftHand"] = CFrame.new(1.043081283569336e-07, -2.384185791015625e-07, 6.705522537231445e-08, 0.9580625891685486, 0.1303824633359909, -0.25517940521240234, -0.1357537806034088, 0.9907366037368774, -0.0034717556554824114, 0.2523629665374756, 0.037967730313539505, 0.9668875932693481),
            ["LeftFoot"] = CFrame.new(1.1920928955078125e-07, -2.384185791015625e-07, -2.123415470123291e-07, 0.9971922039985657, -0.04508008435368538, 0.059797123074531555, 0.05724635720252991, 0.9736798405647278, -0.22061346471309662, -0.04827805608510971, 0.2234175205230713, 0.9735265970230103),
            ["LowerTorso"] = CFrame.new(-0.0019316318212077022, -0.034023284912109375, 0.03832608461380005, 0.9331636428833008, 0.01654181070625782, -0.3590710759162903, 0.08446182310581207, 0.9608812928199768, 0.26376786828041077, 0.34938785433769226, -0.27646636962890625, 0.8952622413635254),
            ["RightLowerLeg"] = CFrame.new(-1.6391277313232422e-07, -5.960464477539063e-08, 2.6991619961336255e-07, 0.9999895691871643, -0.003230109577998519, 0.0032232480589300394, 0.0009311286266893148, 0.8359056115150452, 0.5488726496696472, -0.004467393271625042, -0.5488638877868652, 0.835899829864502),
            ["LeftUpperLeg"] = CFrame.new(5.960464477539063e-08, -1.7136335372924805e-07, -7.450580596923828e-09, 0.9877577424049377, 0.155283123254776, -0.014893949031829834, -0.12230591475963593, 0.7116342782974243, -0.6918221712112427, -0.09682910144329071, 0.6851743459701538, 0.7219144105911255),
            ["LeftLowerLeg"] = CFrame.new(-9.685754776000977e-08, 2.384185791015625e-07, -1.6391277313232422e-07, 0.999110996723175, -0.017924388870596886, 0.03815720975399017, -0.01790785789489746, 0.638945996761322, 0.7690432071685791, -0.0381648875772953, -0.7690427899360657, 0.6380569338798523),
        }},
        {Time = 0.152, Data = {
            ["RightFoot"] = CFrame.new(7.450580596923828e-09, -1.1920928955078125e-07, 1.246298779733479e-07, 0.9947603344917297, 0.022563407197594643, 0.0997135192155838, -0.036594025790691376, 0.9893032312393188, 0.1412092000246048, -0.09546070545911789, -0.1441183239221573, 0.9849453568458557),
            ["LeftLowerArm"] = CFrame.new(3.5762786865234375e-07, -1.1920928955078125e-07, -2.2351741790771484e-07, 1, -7.450577754752885e-08, 8.195638656616211e-08, 1.713633963618122e-07, -0.18658952414989471, -0.9824379682540894, 1.1175873737556685e-07, 0.9824379682540894, -0.1865895539522171),
            ["RightUpperArm"] = CFrame.new(5.960464477539063e-08, -2.384185791015625e-07, -1.6763806343078613e-08, 0.45806264877319336, -0.112791046500206, 0.8817351460456848, 0.8363744616508484, 0.3906647861003876, -0.3845241367816925, -0.3010919392108917, 0.9135969281196594, 0.27328452467918396),
            ["Head"] = CFrame.new(8.009374141693115e-08, -2.384185791015625e-07, -4.470348358154297e-08, 0.9969105124473572, 0.07763289660215378, -0.011939258314669132, -0.07369475066661835, 0.8718836903572083, -0.4841362237930298, -0.0271752942353487, 0.4835204482078552, 0.8749111890792847),
            ["RightHand"] = CFrame.new(3.2782554626464844e-07, -2.384185791015625e-07, 3.2782554626464844e-07, 0.9764535427093506, -0.08557732403278351, -0.1980278640985489, 0.09527468681335449, 0.9946489334106445, 0.039953771978616714, 0.19354911148548126, -0.05788006633520126, 0.9793818593025208),
            ["UpperTorso"] = CFrame.new(-9.313225746154785e-09, -2.9802322387695312e-08, 6.05359673500061e-09, 0.9935853481292725, 0.11306120455265045, 0.00234051700681448, -0.11273016780614853, 0.9918911457061768, -0.058685820549726486, -0.008956612087786198, 0.05804552510380745, 0.9982738494873047),
            ["HumanoidRootPart"] = CFrame.new(0, 0, 0, 1, 0, 0, 0, 1, 0, 0, 0, 1),
            ["RightUpperLeg"] = CFrame.new(0, -4.936009645462036e-08, -1.6596459317952394e-08, 0.9988337755203247, -0.012797718867659569, 0.04655564948916435, 0.046340420842170715, 0.5248255729675293, -0.849947452545166, -0.013556135818362236, 0.8511135578155518, 0.5248066782951355),
            ["LeftUpperArm"] = CFrame.new(0, -3.5762786865234375e-07, -1.043081283569336e-07, 0.446773886680603, 0.13529929518699646, -0.8843569755554199, -0.8226016759872437, 0.4507622718811035, -0.34661224484443665, 0.3517383337020874, 0.8823307156562805, 0.3126862347126007),
            ["RightLowerArm"] = CFrame.new(8.940696716308594e-08, -3.5762786865234375e-07, -8.940696716308594e-08, 1, -2.9802318834981634e-08, 1.0430811414607888e-07, 8.940695295223122e-08, -0.430938720703125, -0.9023812413215637, 5.960463766996327e-08, 0.902381181716919, -0.43093860149383545),
            ["LeftHand"] = CFrame.new(1.7881393432617188e-07, 5.960464477539063e-08, 7.450580596923828e-08, 0.9022836089134216, 0.1291661560535431, -0.4113398492336273, -0.12468258291482925, 0.9914748072624207, 0.0378420352935791, 0.41272106766700745, 0.017142627388238907, 0.9106962084770203),
            ["LeftFoot"] = CFrame.new(-2.7939677238464355e-09, 1.7881393432617188e-07, 1.816079020500183e-08, 0.9966733455657959, -0.039820596575737, 0.07110995799303055, 0.054068420082330704, 0.9759209156036377, -0.21131736040115356, -0.06098287180066109, 0.21445918083190918, 0.9748274087905884),
            ["LowerTorso"] = CFrame.new(-0.009342074394226074, -0.02373480796813965, 0.009128570556640625, 0.8780030608177185, 0.03541061282157898, -0.47734344005584717, 0.1058763638138771, 0.9581896066665649, 0.2658251225948334, 0.4667985141277313, -0.28393465280532837, 0.8375442028045654),
            ["RightLowerLeg"] = CFrame.new(0, 1.7881393432617188e-07, 1.507069100625813e-07, 0.9999876022338867, -0.004696205258369446, 0.0016495164018124342, 0.0021287950221449137, 0.7030633687973022, 0.7111243009567261, -0.004499383736401796, -0.7111117839813232, 0.7030644416809082),
            ["LeftUpperLeg"] = CFrame.new(-2.9802322387695312e-08, -6.51925802230835e-08, 1.043081283569336e-07, 0.9765472412109375, 0.20705822110176086, 0.059012819081544876, -0.11392077803611755, 0.7294999957084656, -0.6744269132614136, -0.18269555270671844, 0.651887059211731, 0.7359796166419983),
            ["LeftLowerLeg"] = CFrame.new(1.6391277313232422e-07, -1.7881393432617188e-07, -8.195638656616211e-08, 0.9991310238838196, -0.0174680445343256, 0.03784502297639847, -0.016930434852838516, 0.6595991849899292, 0.7514269948005676, -0.038088396191596985, -0.7514145374298096, 0.6587300300598145),
        }},
        {Time = 0.182, Data = {
            ["RightFoot"] = CFrame.new(-2.2351741790771484e-08, 1.7881393432617188e-07, -1.39865733217448e-07, 0.994361400604248, 0.015843164175748825, 0.10485460609197617, -0.03572266548871994, 0.9810291528701782, 0.19054071605205536, -0.09984675794839859, -0.19321192800998688, 0.9760634303092957),
            ["LeftLowerArm"] = CFrame.new(3.8743019104003906e-07, 2.980232238769531e-07, -1.4901161193847656e-08, 1, -1.2293453721667902e-07, 8.568166975919667e-08, 1.2759119272232056e-07, -0.1295994222164154, -0.9915664196014404, 8.940696716308594e-08, 0.9915664196014404, -0.1295994371175766),
            ["RightUpperArm"] = CFrame.new(0, 3.5762786865234375e-07, -2.980232238769531e-07, 0.4539187252521515, -0.10869676619768143, 0.884388267993927, 0.8088082671165466, 0.46672794222831726, -0.35776302218437195, -0.37388113141059875, 0.8776958584785461, 0.2997714579105377),
            ["Head"] = CFrame.new(-1.0058283805847168e-07, 0, -2.682209014892578e-07, 0.9948042035102844, 0.0791768878698349, -0.06399749964475632, -0.09921414405107498, 0.8949379324913025, -0.43502047657966614, 0.022830262780189514, 0.4391096234321594, 0.8981434106826782),
            ["RightHand"] = CFrame.new(4.470348358154297e-08, -1.7881393432617188e-07, 2.086162567138672e-07, 0.9698055982589722, -0.10475444048643112, -0.22023576498031616, 0.13133563101291656, 0.9852491617202759, 0.10970452427864075, 0.20549507439136505, -0.13531674444675446, 0.9692580699920654),
            ["UpperTorso"] = CFrame.new(-6.752088665962219e-09, -1.7881393432617188e-07, 4.959292709827423e-08, 0.9928461313247681, 0.1193438470363617, 0.0036878427490592003, -0.11892732232809067, 0.9911851286888123, -0.05838129669427872, -0.010622755624353886, 0.05752503126859665, 0.9982876181602478),
            ["HumanoidRootPart"] = CFrame.new(0, 0, 0, 1, 0, 0, 0, 1, 0, 0, 0, 1),
            ["RightUpperLeg"] = CFrame.new(2.9802322387695312e-08, -2.5890767574310303e-07, -6.129994289949536e-08, 0.9984503388404846, -0.03143343701958656, 0.04592147842049599, 0.05470587685704231, 0.40309035778045654, -0.9135237336158752, 0.010204753838479519, 0.9146202802658081, 0.40418529510498047),
            ["LeftUpperArm"] = CFrame.new(-1.7881393432617188e-07, 1.1920928955078125e-07, -1.1920928955078125e-07, 0.4634735882282257, 0.17532683908939362, -0.868592381477356, -0.8044161796569824, 0.4943488538265228, -0.32944467663764954, 0.3716273009777069, 0.8513986468315125, 0.37015339732170105),
            ["RightLowerArm"] = CFrame.new(5.960464477539063e-08, -2.384185791015625e-07, 3.5762786865234375e-07, 1, -4.4703490686970326e-08, 1.1920930376163597e-07, 4.470347647611561e-08, -0.4447980225086212, -0.8956310749053955, 1.1175869474300271e-07, 0.8956310153007507, -0.44479793310165405),
            ["LeftHand"] = CFrame.new(2.60770320892334e-08, -5.960464477539063e-08, 3.8743019104003906e-07, 0.8850157856941223, 0.12532328069210052, -0.4483761191368103, -0.11577498912811279, 0.9920774698257446, 0.04877075180411339, 0.4509360194206238, 0.008747924119234085, 0.8925135135650635),
            ["LeftFoot"] = CFrame.new(1.5832483768463135e-08, 2.980232238769531e-07, 2.4959444999694824e-07, 0.9958764910697937, -0.033836688846349716, 0.0841742604970932, 0.05212473124265671, 0.9728151559829712, -0.2256406545639038, -0.07425104826688766, 0.2290978729724884, 0.9705674648284912),
            ["LowerTorso"] = CFrame.new(-0.019963281229138374, -0.02109205722808838, -0.02483919821679592, 0.7878966331481934, 0.05773558095097542, -0.6130950450897217, 0.12761643528938293, 0.9586738348007202, 0.25428053736686707, 0.6024391651153564, -0.27858778834342957, 0.7479678392410278),
            ["RightLowerLeg"] = CFrame.new(-1.6391277313232422e-07, -2.384185791015625e-07, 4.785324563272297e-07, 0.9999874234199524, -0.00471634604036808, 0.0017501673428341746, 0.0016116133192554116, 0.6299347281455994, 0.7766469717025757, -0.004765229299664497, -0.7766337990760803, 0.629933774471283),
            ["LeftUpperLeg"] = CFrame.new(-2.9802322387695312e-08, -1.601874828338623e-07, 1.1920928955078125e-07, 0.956291913986206, 0.2596270442008972, 0.1345355212688446, -0.11065453290939331, 0.7471742630004883, -0.6553516983985901, -0.27066847681999207, 0.6118207573890686, 0.7432458996772766),
            ["LeftLowerLeg"] = CFrame.new(2.9802322387695312e-08, -4.76837158203125e-07, 1.4901161193847656e-08, 0.9991560578346252, -0.016881834715604782, 0.03744552657008171, -0.01566828228533268, 0.6860597133636475, 0.7273768186569214, -0.03796925023198128, -0.7273492813110352, 0.6852158904075623),
        }},
        {Time = 0.212, Data = {
            ["RightFoot"] = CFrame.new(7.450580596923828e-09, 0, 1.1345400707796216e-07, 0.9973952174186707, -0.004962049890309572, 0.07195969671010971, -0.005324976053088903, 0.9898430109024048, 0.14206503331661224, -0.07193362712860107, -0.14207814633846283, 0.987238347530365),
            ["LeftLowerArm"] = CFrame.new(-8.940696716308594e-08, 1.7881393432617188e-07, -8.568167686462402e-08, 1, -6.332991375757047e-08, 8.00937343115038e-08, 1.3224780559539795e-07, -0.045759350061416626, -0.9989525675773621, 7.450580596923828e-08, 0.9989525675773621, -0.04575936123728752),
            ["RightUpperArm"] = CFrame.new(-1.1920928955078125e-07, 0, 6.705522537231445e-08, 0.47310590744018555, -0.1267549842596054, 0.8718394041061401, 0.7429460883140564, 0.589263379573822, -0.3174898624420166, -0.47349968552589417, 0.7979360818862915, 0.3729560673236847),
            ["Head"] = CFrame.new(-7.450580596923828e-08, -4.76837158203125e-07, -1.4901161193847656e-08, 0.9919301271438599, 0.09020056575536728, -0.08909867703914642, -0.11646820604801178, 0.9259536266326904, -0.35922834277153015, 0.050098665058612823, 0.3667065501213074, 0.9289868474006653),
            ["RightHand"] = CFrame.new(3.725290298461914e-09, 0, 2.980232238769531e-07, 0.9641806483268738, -0.13136261701583862, -0.23043349385261536, 0.17140589654445648, 0.9715660214424133, 0.16333891451358795, 0.2024247646331787, -0.19698582589626312, 0.9592815041542053),
            ["UpperTorso"] = CFrame.new(4.708999767899513e-08, 2.384185791015625e-07, -1.3504177331924438e-08, 0.9922525882720947, 0.12404315173625946, 0.0069366032257676125, -0.12344487756490707, 0.9906834363937378, -0.05751299485564232, -0.014006154611706734, 0.05621115118265152, 0.9983206987380981),
            ["HumanoidRootPart"] = CFrame.new(0, 0, 0, 1, 0, 0, 0, 1, 0, 0, 0, 1),
            ["RightUpperLeg"] = CFrame.new(0, 3.725290298461914e-09, 2.0656443666666746e-08, 0.9959469437599182, -0.06398268043994904, 0.06321286410093307, 0.08350315690040588, 0.39662107825279236, -0.9141767024993896, 0.03341987729072571, 0.9157500267028809, 0.40035638213157654),
            ["LeftUpperArm"] = CFrame.new(5.960464477539063e-08, -3.5762786865234375e-07, -1.4901161193847656e-08, 0.4969581365585327, 0.2662211060523987, -0.8259291648864746, -0.7691950798034668, 0.5757384896278381, -0.2772440016269684, 0.4017109274864197, 0.7730792164802551, 0.49089401960372925),
            ["RightLowerArm"] = CFrame.new(2.9802322387695312e-08, -4.76837158203125e-07, 3.0547380447387695e-07, 1, -1.043081283569336e-07, 1.4901162614933128e-07, 1.3224780559539795e-07, -0.446949303150177, -0.894559383392334, 1.1920928955078125e-07, 0.894559383392334, -0.446949303150177),
            ["LeftHand"] = CFrame.new(-6.332993507385254e-08, -5.960464477539063e-08, 4.76837158203125e-07, 0.9887204170227051, 0.11846192181110382, -0.09164521098136902, -0.11597547680139542, 0.9927359819412231, 0.03201587125658989, 0.09477213025093079, -0.021026156842708588, 0.9952769875526428),
            ["LeftFoot"] = CFrame.new(-2.0209699869155884e-07, -2.384185791015625e-07, 4.0978193283081055e-08, 0.9946187138557434, -0.039066381752491, 0.09595583379268646, 0.06271756440401077, 0.9642342329025269, -0.25752463936805725, -0.08246331661939621, 0.26215675473213196, 0.961495578289032),
            ["LowerTorso"] = CFrame.new(-0.033715080469846725, -0.023517131805419922, -0.059907957911491394, 0.6785292029380798, 0.08316930383443832, -0.7298500537872314, 0.13499408960342407, 0.9625301957130432, 0.23518586158752441, 0.722062885761261, -0.25810590386390686, 0.6418774127960205),
            ["RightLowerLeg"] = CFrame.new(1.4901161193847656e-08, -1.1920928955078125e-07, 1.8050923245027661e-07, 0.9999885559082031, -0.003887806087732315, 0.0028026076033711433, 0.0009012221125885844, 0.7268732786178589, 0.6867713332176208, -0.0047072614543139935, -0.686760663986206, 0.7268680930137634),
            ["LeftUpperLeg"] = CFrame.new(1.4901161193847656e-07, 2.0675361156463623e-07, 8.940696716308594e-08, 0.9486613273620605, 0.27446964383125305, 0.1571885496377945, -0.12053792178630829, 0.7731907367706299, -0.6226125359535217, -0.29242515563964844, 0.5717013478279114, 0.76658034324646),
            ["LeftLowerLeg"] = CFrame.new(1.1175870895385742e-08, -2.384185791015625e-07, 1.2665987014770508e-07, 0.9990799427032471, -0.015710441395640373, 0.03990618512034416, -0.01638411544263363, 0.7200998663902283, 0.6936776041984558, -0.03963460400700569, -0.693692684173584, 0.7191794514656067),
        }},
        {Time = 0.242, Data = {
            ["RightFoot"] = CFrame.new(2.9802322387695312e-08, -5.960464477539063e-08, -1.1751399142667651e-07, 0.9996355772018433, -0.02088937908411026, 0.017098499462008476, 0.019907211884856224, 0.9982472062110901, 0.05573438107967377, -0.01823258399963379, -0.055373627692461014, 0.998299241065979),
            ["LeftLowerArm"] = CFrame.new(-1.4901161193847656e-07, -6.556510925292969e-07, 3.771856427192688e-07, 1, -9.685751223287298e-08, 1.043081283569336e-07, 1.8253918199206964e-07, 0.05613921582698822, -0.9984229803085327, 7.450579175838357e-08, 0.9984229207038879, 0.05613923445343971),
            ["RightUpperArm"] = CFrame.new(1.7881393432617188e-07, -1.1920928955078125e-07, 0, 0.5213809609413147, -0.15891268849372864, 0.8383964896202087, 0.6403964161872864, 0.72220778465271, -0.26135894656181335, -0.5639631152153015, 0.6731736660003662, 0.4783124327659607),
            ["Head"] = CFrame.new(7.171183824539185e-08, -1.1920928955078125e-07, -7.450580596923828e-08, 0.9890711903572083, 0.10955041646957397, -0.09867598861455917, -0.13348457217216492, 0.9495548009872437, -0.2837737202644348, 0.06261070817708969, 0.2938441038131714, 0.9538005590438843),
            ["RightHand"] = CFrame.new(4.302710294723511e-07, -1.1920928955078125e-07, -2.384185791015625e-07, 0.9594422578811646, -0.15932515263557434, -0.23256425559520721, 0.20780865848064423, 0.9571752548217773, 0.20157159864902496, 0.1904892772436142, -0.2417251318693161, 0.9514635801315308),
            ["UpperTorso"] = CFrame.new(2.0954757928848267e-08, 2.384185791015625e-07, -2.9336661100387573e-08, 0.9917740225791931, 0.12758225202560425, 0.010356483049690723, -0.12683835625648499, 0.9904209971427917, -0.05457419529557228, -0.01721995510160923, 0.052811674773693085, 0.9984560608863831),
            ["HumanoidRootPart"] = CFrame.new(0, 0, 0, 1, 0, 0, 0, 1, 0, 0, 0, 1),
            ["RightUpperLeg"] = CFrame.new(8.940696716308594e-08, 1.30385160446167e-07, -8.365168469026685e-08, 0.9920039772987366, -0.09678685665130615, 0.08099669218063354, 0.11726309359073639, 0.4695504903793335, -0.875083863735199, 0.046664636582136154, 0.8775846362113953, 0.47714537382125854),
            ["LeftUpperArm"] = CFrame.new(0, -1.1920928955078125e-07, -1.043081283569336e-07, 0.5409317016601562, 0.36669090390205383, -0.7569218873977661, -0.7163801789283752, 0.6724016070365906, -0.18621373176574707, 0.44067254662513733, 0.6429727673530579, 0.6264134049415588),
            ["RightLowerArm"] = CFrame.new(-4.470348358154297e-07, 4.76837158203125e-07, 6.705522537231445e-08, 1, -4.8428763221863846e-08, 1.2479722499847412e-07, 1.4901161193847656e-07, -0.4275871813297272, -0.903974175453186, 1.2293457984924316e-07, 0.9039740562438965, -0.42758721113204956),
            ["LeftHand"] = CFrame.new(-2.384185791015625e-07, -1.1920928955078125e-07, 1.341104507446289e-07, 0.9181814193725586, 0.09432864189147949, 0.38476628065109253, -0.10537995398044586, 0.9944024085998535, 0.007685909979045391, -0.38188740611076355, -0.04760372266173363, 0.9229821562767029),
