return {
    ["When She Walk"] = {
        {Time = 0.000, Data = {
            ["LeftFoot"] = CFrame.new(-2.60770320892334e-08, 5.960464477539063e-08, -7.450580596923828e-09, 0.9529312252998352, 0.0988471582531929, 0.2866206467151642, 0.00835401937365532, 0.9364407658576965, -0.35072609782218933, -0.30307164788246155, 0.33661261200904846, 0.8915379643440247),
            ["LeftLowerArm"] = CFrame.new(5.960464477539063e-08, -1.7881393432617188e-07, 1.6763806343078613e-08, 1, 7.70523556070657e-09, -3.317836672067642e-08, -4.729372449219227e-09, 0.9999865889549255, -0.005189431831240654, -1.8335413187742233e-08, 0.005189426708966494, 0.9999865293502808),
            ["LowerTorso"] = CFrame.new(-0.23574146628379822, -0.13894712924957275, -0.10821689665317535, 0.9689105153083801, 0.18993709981441498, 0.1585443913936615, -0.180943101644516, 0.9810354709625244, -0.06949068605899811, -0.168736532330513, 0.03864274173974991, 0.9849033951759338),
            ["Head"] = CFrame.new(4.6566128730773926e-08, 1.1920928955078125e-07, 1.862645149230957e-09, 0.9957605600357056, -0.08538254350423813, 0.03421858698129654, 0.08518773317337036, 0.9963395595550537, 0.0071139149367809296, -0.03470072150230408, -0.004168656188994646, 0.9993890523910522),
            ["RightUpperArm"] = CFrame.new(1.1920928955078125e-07, 2.384185791015625e-07, -7.450580596923828e-09, 0.9086470007896423, 0.007811692543327808, 0.4174920916557312, -0.04286009073257446, 0.996289074420929, 0.07464086264371872, -0.41535982489585876, -0.08571593463420868, 0.9056097865104675),
            ["UpperTorso"] = CFrame.new(5.4016709327697754e-08, -2.9802322387695312e-08, 1.4901161193847656e-08, 0.9811038374900818, -0.1929350048303604, -0.014543641358613968, 0.1934494525194168, 0.9767732620239258, 0.09214839339256287, -0.003572800662368536, -0.09322058409452438, 0.9956391453742981),
            ["HumanoidRootPart"] = CFrame.new(0, 0, 0, 1, 0, 0, 0, 1, 0, 0, 0, 1),
            ["RightHand"] = CFrame.new(-1.2665987014770508e-07, 1.7881393432617188e-07, -8.940696716308594e-08, 0.5120764970779419, -0.1456289440393448, 0.8465045690536499, 0.336408406496048, 0.9407945275306702, -0.04165356606245041, -0.7903208136558533, 0.30610111355781555, 0.530749499797821),
            ["LeftUpperArm"] = CFrame.new(1.1920928955078125e-07, 2.384185791015625e-07, 4.470348358154297e-08, 0.9791375994682312, 0.11390328407287598, -0.16827309131622314, -0.12044110894203186, 0.9922928810119629, -0.029136888682842255, 0.16365735232830048, 0.04879601299762726, 0.9853096604347229),
            ["RightLowerArm"] = CFrame.new(-1.7881393432617188e-07, -4.76837158203125e-07, 0, 1, -1.8626444830971423e-09, -1.0151414642223244e-07, -9.313225746154785e-09, 0.9999866485595703, -0.005164756905287504, -1.0244548320770264e-08, 0.005164748057723045, 0.9999866485595703),
            ["LeftHand"] = CFrame.new(3.3105607144534588e-09, 3.5762786865234375e-07, 1.862645149230957e-09, 0.8010354042053223, 0.05414348468184471, -0.5961636304855347, -0.132502943277359, 0.9872347712516785, -0.08837726712226868, 0.5837682485580444, 0.14978685975074768, 0.7979840040206909),
            ["RightUpperLeg"] = CFrame.new(5.960464477539063e-08, 3.4924596548080444e-08, 2.029992174357176e-09, 0.9448664784431458, -0.20035326480865479, 0.25900977849960327, 0.3223971128463745, 0.7076829075813293, -0.6286852359771729, -0.057337597012519836, 0.6775275468826294, 0.7332591414451599),
            ["LeftUpperLeg"] = CFrame.new(1.7881393432617188e-07, 2.87545844912529e-08, -1.6763806343078613e-08, 0.9539620876312256, -0.2588566243648529, 0.15149131417274475, 0.2661149799823761, 0.9634922742843628, -0.029422417283058167, -0.13834455609321594, 0.06838186085224152, 0.988020658493042),
            ["RightLowerLeg"] = CFrame.new(-1.4901161193847656e-08, -0.00012248754501342773, -0.00007743218884570524, 1, 7.450576333667414e-08, 4.4703497792397684e-08, -5.215405707303944e-08, 0.2994421720504761, 0.9541143178939819, 5.960463766996327e-08, -0.9541144371032715, 0.29944270849227905),
            ["RightFoot"] = CFrame.new(-2.2351741790771484e-08, 4.172325134277344e-07, 5.420588422566652e-09, 0.9935732483863831, 0.1125217005610466, -0.012292474508285522, -0.11130832135677338, 0.9515435695648193, -0.2866617739200592, -0.020558945834636688, 0.28618860244750977, 0.9579530358314514),
            ["LeftLowerLeg"] = CFrame.new(-2.2351741790771484e-08, 0.0001226663589477539, 0.00007742643356323242, 1, 1.4901162970204496e-08, -1.4901170075631853e-08, -1.4901162970204496e-08, 0.8957176208496094, 0.4446236789226532, -1.3969840395589017e-08, -0.44462352991104126, 0.8957175612449646),
        }},
        {Time = 0.031, Data = {
            ["LeftFoot"] = CFrame.new(-5.587935447692871e-09, 1.1920928955078125e-07, 7.450580596923828e-09, 0.9570189714431763, 0.08623851090669632, 0.2769071161746979, 0.014320256188511848, 0.9395538568496704, -0.34210142493247986, -0.28967171907424927, 0.33136314153671265, 0.8979359865188599),
            ["LeftLowerArm"] = CFrame.new(-2.384185791015625e-07, 2.384185791015625e-07, -7.450580596923828e-09, 1, -1.2572852092773701e-08, -1.8626449271863521e-09, 1.862644971595273e-08, 0.9999865889549255, -0.005186922382563353, -1.8626449271863521e-09, 0.005186918657273054, 0.9999865889549255),
            ["LowerTorso"] = CFrame.new(-0.2230287492275238, -0.13360512256622314, -0.1123688668012619, 0.9758391976356506, 0.18392421305179596, 0.11793947964906693, -0.17806342244148254, 0.9822766780853271, -0.058531664311885834, -0.12661460041999817, 0.03611678630113602, 0.991294264793396),
            ["Head"] = CFrame.new(2.60770320892334e-08, 3.5762786865234375e-07, 7.450580596923828e-09, 0.9957782626152039, -0.08528298884630203, 0.03394823893904686, 0.08516329526901245, 0.9963546395301819, 0.0049588936381042, -0.03424733504652977, -0.002046719891950488, 0.9994112849235535),
            ["RightUpperArm"] = CFrame.new(-5.960464477539063e-08, 0.0000010728836059570312, 1.4901161193847656e-08, 0.8939360976219177, -0.00000597955659031868, 0.4481944441795349, -0.020046744495630264, 0.9989987015724182, 0.03999714180827141, -0.4477459788322449, -0.044739730656147, 0.8930408954620361),
            ["UpperTorso"] = CFrame.new(-1.955777406692505e-08, 1.1920928955078125e-07, 1.862645149230957e-08, 0.9830321669578552, -0.18288247287273407, -0.014205431565642357, 0.18343238532543182, 0.9798263311386108, 0.07932864874601364, -0.0005889685708098114, -0.08058834820985794, 0.9967473745346069),
            ["HumanoidRootPart"] = CFrame.new(0, 0, 0, 1, 0, 0, 0, 1, 0, 0, 0, 1),
            ["RightHand"] = CFrame.new(2.0489096641540527e-07, 2.384185791015625e-07, 2.7939677238464355e-08, 0.4837956130504608, -0.13184846937656403, 0.8651925921440125, 0.3461553454399109, 0.9368007183074951, -0.050801049917936325, -0.8038148880004883, 0.3240683972835541, 0.4988597631454468),
            ["LeftUpperArm"] = CFrame.new(1.7881393432617188e-07, 7.152557373046875e-07, 9.313225746154785e-09, 0.969923734664917, 0.15627603232860565, -0.18661676347255707, -0.17665988206863403, 0.9793786406517029, -0.09802523255348206, 0.16744951903820038, 0.12804467976093292, 0.9775301814079285),
            ["RightLowerArm"] = CFrame.new(-8.940696716308594e-08, 5.960464477539063e-08, 4.470348358154297e-08, 1, -1.2805679183713892e-08, -1.2863891285519458e-08, 5.587935447692871e-09, 0.9972795844078064, -0.07371153682470322, 6.484333425760269e-08, 0.07371151447296143, 0.9972795844078064),
            ["LeftHand"] = CFrame.new(1.1175870895385742e-07, -4.172325134277344e-07, -1.4901161193847656e-08, 0.837662398815155, 0.0707932636141777, -0.541581392288208, -0.17176368832588196, 0.9754011034965515, -0.13816623389720917, 0.5184775590896606, 0.20876070857048035, 0.8292163014411926),
            ["RightUpperLeg"] = CFrame.new(0, -1.4901161193847656e-08, 2.438173396512866e-08, 0.9522019624710083, -0.2196291834115982, 0.21230772137641907, 0.30522143840789795, 0.712064802646637, -0.6323003768920898, -0.012305219657719135, 0.6668784022331238, 0.745064914226532),
            ["LeftUpperLeg"] = CFrame.new(-5.960464477539063e-08, 1.5960540622472763e-07, 3.725290298461914e-09, 0.9552202820777893, -0.2501761317253113, 0.1580066829919815, 0.25741440057754517, 0.9659292697906494, -0.026803214102983475, -0.14591766893863678, 0.0662761703133583, 0.9870741963386536),
            ["RightLowerLeg"] = CFrame.new(0, -0.00012224912643432617, -0.00007750296936137602, 1, -3.725290298461914e-09, 2.235175244891252e-08, -4.889443516731262e-08, 0.3201054632663727, 0.947381854057312, 6.705522537231445e-08, -0.9473819732666016, 0.32010579109191895),
            ["RightFoot"] = CFrame.new(-3.3527612686157227e-08, 2.980232238769531e-07, 3.5579432733356953e-09, 0.994008481502533, 0.10138032585382462, 0.04085703194141388, -0.08571968227624893, 0.9549547433853149, -0.28410089015960693, -0.06781890988349915, 0.27889692783355713, 0.9579235315322876),
            ["LeftLowerLeg"] = CFrame.new(1.862645149230957e-08, 0.0001226663589477539, 0.00007741153240203857, 1, -7.450582373280668e-09, -2.235175244891252e-08, -2.980233304583635e-08, 0.9017739295959473, 0.4322082996368408, -6.519260242754399e-09, -0.43220826983451843, 0.9017738699913025),
        }},
        {Time = 0.062, Data = {
            ["LeftFoot"] = CFrame.new(1.862645149230957e-09, 0, 0, 0.9658485054969788, 0.060545843094587326, 0.2519344091415405, 0.025732899084687233, 0.9450947642326355, -0.32578185200691223, -0.257826566696167, 0.32113879919052124, 0.9112603664398193),
            ["LeftLowerArm"] = CFrame.new(-8.940696716308594e-08, 4.76837158203125e-07, 0, 1, -9.313224857976365e-09, 0, 3.725290298461914e-09, 0.9999866485595703, -0.005172825884073973, 1.862645149230957e-08, 0.00517285568639636, 0.9999866485595703),
            ["LowerTorso"] = CFrame.new(-0.20891007781028748, -0.12764227390289307, -0.1256522387266159, 0.9822654724121094, 0.17070777714252472, 0.07754598557949066, -0.1677270233631134, 0.9848734140396118, -0.0434977225959301, -0.0837983712553978, 0.029719756916165352, 0.9960394501686096),
            ["Head"] = CFrame.new(-7.916241884231567e-09, 2.384185791015625e-07, 1.0244548320770264e-08, 0.9958558082580566, -0.08470699936151505, 0.03310665115714073, 0.08479264378547668, 0.9963979721069336, -0.00118925329297781, -0.03288665786385536, 0.003991625737398863, 0.9994511604309082),
            ["RightUpperArm"] = CFrame.new(0, 5.960464477539062e-07, 2.2351741790771484e-08, 0.8901854157447815, -0.07832706719636917, 0.4488149583339691, 0.02288413792848587, 0.991554319858551, 0.12765713036060333, -0.4550233483314514, -0.10336776077747345, 0.8844597339630127),
            ["UpperTorso"] = CFrame.new(-2.0489096641540527e-08, -1.4901161193847656e-07, 2.7939677238464355e-09, 0.9861335158348083, -0.1655149757862091, -0.012067770585417747, 0.16595152020454407, 0.983927845954895, 0.06592515856027603, 0.0009622062207199633, -0.06701367348432541, 0.9977516531944275),
            ["HumanoidRootPart"] = CFrame.new(0, 0, 0, 1, 0, 0, 0, 1, 0, 0, 0, 1),
            ["RightHand"] = CFrame.new(-5.4016709327697754e-08, -2.384185791015625e-07, 0, 0.47667601704597473, -0.10610100626945496, 0.8726525902748108, 0.23568889498710632, 0.9717709422111511, -0.01059004757553339, -0.8468947410583496, 0.21072258055210114, 0.4882267415523529),
            ["LeftUpperArm"] = CFrame.new(-1.1920928955078125e-07, 3.5762786865234375e-07, -1.4901161193847656e-08, 0.9548063278198242, 0.18983407318592072, -0.22870926558971405, -0.23488974571228027, 0.9534215927124023, -0.1892462968826294, 0.18213091790676117, 0.2344149649143219, 0.9549230933189392),
            ["RightLowerArm"] = CFrame.new(1.7881393432617188e-07, -1.7881393432617188e-07, 8.940696716308594e-08, 1, -3.3527616238870905e-08, 2.514570596190424e-08, 4.190951585769653e-08, 0.892304539680481, -0.4514339566230774, 4.21423465013504e-08, 0.45143404603004456, 0.892304539680481),
            ["LeftHand"] = CFrame.new(-1.825392246246338e-07, -2.384185791015625e-07, -2.9802322387695312e-08, 0.9058969616889954, 0.07858670502901077, -0.41614291071891785, -0.19006800651550293, 0.9535548686981201, -0.23368234932422638, 0.3784507215023041, 0.29078757762908936, 0.8787592053413391),
            ["RightUpperLeg"] = CFrame.new(-1.1920928955078125e-07, 2.1420419216156006e-08, 7.617927622050047e-09, 0.9675846695899963, -0.2026168256998062, 0.15075340867042542, 0.25219133496284485, 0.7435133457183838, -0.6193444728851318, 0.013402462005615234, 0.6372867226600647, 0.7705101370811462),
            ["LeftUpperLeg"] = CFrame.new(-1.1920928955078125e-07, -7.2177499532699585e-09, -3.725290298461914e-09, 0.9572068452835083, -0.23003041744232178, 0.17561644315719604, 0.236792653799057, 0.9713881611824036, -0.018282575532794, -0.1663861870765686, 0.05908490717411041, 0.9842889904975891),
            ["RightLowerLeg"] = CFrame.new(-1.0803341865539551e-07, -0.00012242794036865234, -0.00007735023245913908, 1, 2.60770320892334e-08, -3.725291186640334e-09, -6.146726860833951e-08, 0.3476105332374573, 0.9376389980316162, 4.842875611643649e-08, -0.937639057636261, 0.3476109206676483),
            ["RightFoot"] = CFrame.new(3.91155481338501e-08, 4.76837158203125e-07, 2.590968506410718e-08, 0.9956897497177124, 0.09243098646402359, -0.007652421481907368, -0.0907321572303772, 0.9536309242248535, -0.2869771718978882, -0.019227946177124977, 0.28643471002578735, 0.95790696144104),
            ["LeftLowerLeg"] = CFrame.new(1.1175870895385742e-08, 0.0001227855682373047, 0.0000774189829826355, 1, -5.21540641784668e-08, 4.8428763221863846e-08, 0, 0.9104634523391724, 0.4135895371437073, -3.4458931708059026e-08, -0.41358959674835205, 0.9104634523391724),
        }},
        {Time = 0.094, Data = {
            ["LeftFoot"] = CFrame.new(9.313225746154785e-09, 5.960464477539063e-08, 7.450580596923828e-09, 0.9747941493988037, 0.044649623334407806, 0.2185932695865631, 0.031818244606256485, 0.9419336318969727, -0.33428850769996643, -0.22082598507404327, 0.33281779289245605, 0.9167705774307251),
            ["LeftLowerArm"] = CFrame.new(0, -1.1920928955078125e-07, 5.960464477539063e-08, 1, -6.705520405603238e-08, 4.470348358154297e-08, 2.4214378058218244e-08, 0.9488047957420349, -0.3158630132675171, 0, 0.31586289405822754, 0.9488047957420349),
            ["LowerTorso"] = CFrame.new(-0.18982571363449097, -0.12144994735717773, -0.1381257027387619, 0.9861348867416382, 0.15471160411834717, 0.06002069637179375, -0.15333688259124756, 0.9878078103065491, -0.02689925953745842, -0.06345054507255554, 0.017322910949587822, 0.9978346228599548),
            ["Head"] = CFrame.new(1.862645149230957e-09, 0, -5.587935447692871e-09, 0.9960269331932068, -0.08324242383241653, 0.03164001926779747, 0.08362163603305817, 0.9964385032653809, -0.010855348780751228, -0.030623702332377434, 0.01345810852944851, 0.9994404315948486),
            ["RightUpperArm"] = CFrame.new(1.1920928955078125e-07, 3.5762786865234375e-07, -2.60770320892334e-08, 0.8699129223823547, -0.14509479701519012, 0.47138017416000366, 0.07479997724294662, 0.9835049510002136, 0.1646907925605774, -0.48750048875808716, -0.10800737887620926, 0.8664165735244751),
            ["UpperTorso"] = CFrame.new(-2.7939677238464355e-08, 2.9802322387695312e-08, -1.7695128917694092e-08, 0.9895405769348145, -0.14385929703712463, -0.010683367028832436, 0.14424487948417664, 0.9876471161842346, 0.06121060624718666, 0.0017456857021898031, -0.062111400067806244, 0.9980677366256714),
            ["HumanoidRootPart"] = CFrame.new(0, 0, 0, 1, 0, 0, 0, 1, 0, 0, 0, 1),
            ["RightHand"] = CFrame.new(5.21540641784668e-08, -3.5762786865234375e-07, -5.960464477539063e-08, 0.5254520177841187, -0.0822271853685379, 0.8468403816223145, 0.18259651958942413, 0.9830259084701538, -0.017847904935479164, -0.8309985995292664, 0.16400840878486633, 0.5315476059913635),
            ["LeftUpperArm"] = CFrame.new(-2.384185791015625e-07, 3.5762786865234375e-07, -7.450580596923828e-09, 0.945119321346283, 0.24293465912342072, -0.21847721934318542, -0.2813152074813843, 0.9451486468315125, -0.16599944233894348, 0.16616639494895935, 0.21835024654865265, 0.96161949634552),
            ["RightLowerArm"] = CFrame.new(-1.1920928955078125e-07, 0, 0, 1, -1.4901159417490817e-08, 6.519259443393821e-08, 6.70552182668871e-08, 0.7174049615859985, -0.6966565251350403, 1.862644971595273e-08, 0.6966564059257507, 0.7174049615859985),
            ["LeftHand"] = CFrame.new(5.21540641784668e-08, 0, -1.7881393432617188e-07, 0.9509891271591187, 0.061633042991161346, -0.30302006006240845, -0.12811042368412018, 0.9704090356826782, -0.20468053221702576, 0.2814384996891022, 0.2334691286087036, 0.9307441711425781),
            ["RightUpperLeg"] = CFrame.new(-1.1920928955078125e-07, 4.0978193283081055e-08, 1.879379851743579e-08, 0.9763784408569336, -0.1952066421508789, 0.09262634068727493, 0.2115001380443573, 0.7757831811904907, -0.5944982767105103, 0.044192057102918625, 0.6000457406044006, 0.7987441420555115),
            ["LeftUpperLeg"] = CFrame.new(0, -7.019843906164169e-08, -7.450580596923828e-09, 0.9585402607917786, -0.19993489980697632, 0.2030436098575592, 0.2090458869934082, 0.9776054620742798, -0.02423832379281521, -0.19365046918392181, 0.06567875295877457, 0.9788697361946106),
            ["RightLowerLeg"] = CFrame.new(-2.60770320892334e-08, -0.00012218952178955078, -0.00007753277168376371, 1, 1.2572852092773701e-08, -3.445894236620006e-08, -6.053598156086082e-08, 0.3749747574329376, 0.9270349144935608, 5.1222752261992355e-08, -0.9270350933074951, 0.37497514486312866),
            ["RightFoot"] = CFrame.new(-1.3969838619232178e-09, 2.980232238769531e-07, 4.0345184970647097e-08, 0.9896718263626099, 0.09541604667901993, -0.10698361694812775, -0.12410532683134079, 0.9438101649284363, -0.3063007891178131, 0.07174623757600784, 0.31641489267349243, 0.945904016494751),
            ["LeftLowerLeg"] = CFrame.new(-1.862645149230957e-08, 0.0001227855682373047, 0.00007746368646621704, 1, -3.352760913344355e-08, 3.166496398421259e-08, -5.774199962615967e-08, 0.9099074006080627, 0.4148115813732147, -2.421438694000244e-08, -0.41481149196624756, 0.909907341003418),
        }},
        {Time = 0.125, Data = {
            ["LeftFoot"] = CFrame.new(4.563480615615845e-08, 0, -7.450580596923828e-09, 0.980326771736145, 0.0345669649541378, 0.1943310797214508, 0.0340261347591877, 0.9402104616165161, -0.3388902246952057, -0.19442684948444366, 0.33883538842201233, 0.9205373525619507),
            ["LeftLowerArm"] = CFrame.new(-1.7881393432617188e-07, -4.172325134277344e-07, -1.4901161193847656e-08, 1, -8.195636524988004e-08, 4.470347292340193e-08, 5.21540641784668e-08, 0.7669169902801514, -0.6417461633682251, 7.450580596923828e-09, 0.6417462825775146, 0.7669171690940857),
            ["LowerTorso"] = CFrame.new(-0.1622348129749298, -0.11541545391082764, -0.14860470592975616, 0.987740159034729, 0.13995036482810974, 0.06916121393442154, -0.1390959620475769, 0.9901322722434998, -0.017042575404047966, -0.07086385041475296, 0.007213589735329151, 0.9974600076675415),
            ["Head"] = CFrame.new(3.725290298461914e-09, 1.1920928955078125e-07, 4.190951585769653e-09, 0.9963201284408569, -0.08048206567764282, 0.02947932295501232, 0.08118733018636703, 0.9964203238487244, -0.023561276495456696, -0.02747751772403717, 0.025868024677038193, 0.9992877244949341),
            ["RightUpperArm"] = CFrame.new(0, 7.152557373046875e-07, 5.587935447692871e-09, 0.8329465389251709, -0.2173791527748108, 0.5088675022125244, 0.1291256844997406, 0.9705748558044434, 0.20325131714344025, -0.5380768179893494, -0.10358967632055283, 0.8365062475204468),
            ["UpperTorso"] = CFrame.new(8.381903171539307e-09, 5.960464477539063e-08, -8.847564458847046e-09, 0.9929816722869873, -0.1175822913646698, -0.012724588625133038, 0.11820630729198456, 0.9901929497718811, 0.07446566224098206, 0.0038439426571130753, -0.07544716447591782, 0.997142493724823),
            ["HumanoidRootPart"] = CFrame.new(0, 0, 0, 1, 0, 0, 0, 1, 0, 0, 0, 1),
            ["RightHand"] = CFrame.new(5.960464477539063e-08, -1.1920928955078125e-07, 8.940696716308594e-08, 0.5876161456108093, -0.0529419407248497, 0.8074063062667847, 0.13270775973796844, 0.9906506538391113, -0.03162495791912079, -0.7981829047203064, 0.12573225796222687, 0.589147686958313),
            ["LeftUpperArm"] = CFrame.new(-2.384185791015625e-07, 7.152557373046875e-07, 2.7939677238464355e-08, 0.9369025230407715, 0.2761143743991852, -0.2144165337085724, -0.30457746982574463, 0.9457661509513855, -0.11295574903488159, 0.17159932851791382, 0.17113502323627472, 0.9701889157295227),
            ["RightLowerArm"] = CFrame.new(0, 1.7881393432617188e-07, 2.9802322387695312e-08, 1, -3.7252898543727042e-09, 1.1175869474300271e-07, 8.195638656616211e-08, 0.4871388375759125, -0.873324453830719, -2.0489096641540527e-08, 0.8733245730400085, 0.48713910579681396),
            ["LeftHand"] = CFrame.new(-1.862645149230957e-07, 2.384185791015625e-07, -5.960464477539063e-08, 0.9800173044204712, 0.030224457383155823, -0.1966032087802887, -0.059036046266555786, 0.9880494475364685, -0.1423841416835785, 0.18994981050491333, 0.15114527940750122, 0.9700896739959717),
            ["RightUpperLeg"] = CFrame.new(0, 1.7276033759117126e-07, 1.5068508218973875e-08, 0.9804162979125977, -0.19306327402591705, 0.03886445611715317, 0.1806720793247223, 0.8032292127609253, -0.5676095485687256, 0.0783674567937851, 0.563515305519104, 0.8223801255226135),
            ["LeftUpperLeg"] = CFrame.new(-1.1920928955078125e-07, 2.2386666387319565e-07, -1.1175870895385742e-08, 0.959711492061615, -0.16186481714248657, 0.2296815812587738, 0.1754082888364792, 0.9836954474449158, -0.03968842327594757, -0.21951256692409515, 0.07837752997875214, 0.9724562764167786),
            ["RightLowerLeg"] = CFrame.new(2.3283064365386963e-09, -0.00012218952178955078, -0.00007754953549010679, 1, 2.374872920540838e-08, 1.4901166522918174e-08, -1.8626449271863521e-09, 0.40140804648399353, 0.9158990383148193, 3.6321576857289983e-08, -0.915899395942688, 0.4014085829257965),
            ["RightFoot"] = CFrame.new(4.9476511776447296e-08, 4.172325134277344e-07, -4.823959898203611e-09, 0.9750445485115051, 0.0893782302737236, -0.203223317861557, -0.1526588648557663, 0.9345492124557495, -0.321423202753067, 0.16119402647018433, 0.34442606568336487, 0.9248716235160828),
            ["LeftLowerLeg"] = CFrame.new(1.4901161193847656e-08, 0.00012254714965820312, 0.00007738173007965088, 1, 1.1175872671742582e-08, 1.862644971595273e-08, -2.048908598339949e-08, 0.9023952484130859, 0.43090930581092834, 5.564649896427909e-08, -0.43090951442718506, 0.9023952484130859),
        }},
        {Time = 0.156, Data = {
            ["LeftFoot"] = CFrame.new(-2.1886080503463745e-08, 1.1920928955078125e-07, -2.2351741790771484e-08, 0.9826551079750061, 0.018251465633511543, 0.1845424920320511, 0.04442986473441124, 0.9429894685745239, -0.329843670129776, -0.18004177510738373, 0.33232173323631287, 0.9258224964141846),
            ["LeftLowerArm"] = CFrame.new(2.086162567138672e-07, 5.960464477539063e-08, -2.7939677238464355e-08, 1, -6.70552182668871e-08, 6.70552182668871e-08, 7.543712854385376e-08, 0.5908521413803101, -0.8067796230316162, 3.5390257835388184e-08, 0.8067798018455505, 0.5908525586128235),
            ["LowerTorso"] = CFrame.new(-0.12470009922981262, -0.10875391960144043, -0.15546877682209015, 0.9890171885490417, 0.12953653931617737, 0.07117068767547607, -0.12873826920986176, 0.9915541410446167, -0.015710540115833282, -0.07260467857122421, 0.006375603843480349, 0.9973404407501221),
            ["Head"] = CFrame.new(5.587935447692871e-09, 0, -3.050081431865692e-08, 0.996752917766571, -0.07602285593748093, 0.026536395773291588, 0.0770198181271553, 0.9962735176086426, -0.038820669054985046, -0.023486262187361717, 0.040738534182310104, 0.9988937973976135),
            ["RightUpperArm"] = CFrame.new(-5.960464477539063e-08, 0, -8.940696716308594e-08, 0.7814000248908997, -0.27700820565223694, 0.5591784715652466, 0.16630318760871887, 0.9561081528663635, 0.24124781787395477, -0.601462721824646, -0.09551787376403809, 0.7931702733039856),
            ["UpperTorso"] = CFrame.new(2.8870999813079834e-08, -1.1920928955078125e-07, 2.7939677238464355e-08, 0.9956049919128418, -0.09212015569210052, -0.01687534525990486, 0.09332958608865738, 0.9908900260925293, 0.09709088504314423, 0.007777584716677666, -0.09823911637067795, 0.9951325058937073),
            ["HumanoidRootPart"] = CFrame.new(0, 0, 0, 1, 0, 0, 0, 1, 0, 0, 0, 1),
            ["RightHand"] = CFrame.new(-1.043081283569336e-07, 5.960464477539063e-08, -1.1920928955078125e-07, 0.6528647541999817, -0.019925544038414955, 0.75721275806427, 0.07561617344617844, 0.9963750243186951, -0.03897697478532791, -0.7536908388137817, 0.08270413428544998, 0.6520044207572937),
            ["LeftUpperArm"] = CFrame.new(0, 4.76837158203125e-07, -2.2351741790771484e-08, 0.91767817735672, 0.29070866107940674, -0.27084168791770935, -0.32368627190589905, 0.9423120617866516, -0.08529514819383621, 0.23042136430740356, 0.16594111919403076, 0.958837628364563),
            ["RightLowerArm"] = CFrame.new(0, -2.384185791015625e-07, 1.4901161193847656e-07, 1, -1.1175870895385742e-08, 1.0430811414607888e-07, 8.940696716308594e-08, 0.2399713695049286, -0.9707799553871155, 7.264316082000732e-08, 0.9707800149917603, 0.2399715930223465),
            ["LeftHand"] = CFrame.new(1.6391277313232422e-07, -3.5762786865234375e-07, -1.1920928955078125e-07, 0.9962113499641418, -0.002200631657615304, -0.08693812042474747, -0.008636117912828922, 0.9922350645065308, -0.12407682836055756, 0.08653586357831955, 0.1243574395775795, 0.9884567260742188),
            ["RightUpperLeg"] = CFrame.new(0, -1.1641532182693481e-10, 1.3205863069742918e-08, 0.9794674515724182, -0.2015022337436676, -0.006353355012834072, 0.1659613996744156, 0.8238002061843872, -0.54204261302948, 0.11445669829845428, 0.5298585891723633, 0.8403269648551941),
            ["LeftUpperLeg"] = CFrame.new(0, 1.4185206964612007e-07, 3.3527612686157227e-08, 0.9614872932434082, -0.1256934255361557, 0.24442458152770996, 0.1411125808954239, 0.9888982176780701, -0.0465581938624382, -0.23585891723632812, 0.07925648987293243, 0.9685500264167786),
            ["RightLowerLeg"] = CFrame.new(-6.51925802230835e-08, -0.00012230873107910156, -0.00007748527423245832, 1, 4.9360085796479325e-08, -2.2351745343485163e-08, -4.6566128730773926e-08, 0.4295092821121216, 0.9030622839927673, 5.029141902923584e-08, -0.9030624032020569, 0.42950958013534546),
            ["RightFoot"] = CFrame.new(1.862645149230957e-09, 1.7881393432617188e-07, -1.3205863069742918e-08, 0.9610257148742676, 0.08961369842290878, -0.2615319788455963, -0.176221564412117, 0.927477240562439, -0.3297450840473175, 0.21301527321338654, 0.3629814088344574, 0.9071213603019714),
            ["LeftLowerLeg"] = CFrame.new(1.825392246246338e-07, 0.0001227259635925293, 0.0000774487853050232, 1, -3.352760913344355e-08, 3.67872416973114e-08, 1.5832483768463135e-08, 0.9003697037696838, 0.4351258873939514, -5.145557224750519e-08, -0.43512576818466187, 0.9003697037696838),
        }},
        {Time = 0.188, Data = {
            ["LeftFoot"] = CFrame.new(-3.3993273973464966e-08, 5.960464477539063e-08, -7.450580596923828e-09, 0.9840782284736633, -0.015024364925920963, 0.17710013687610626, 0.06948982924222946, 0.9496316313743591, -0.3055665194988251, -0.16358891129493713, 0.31300798058509827, 0.9355558753013611),
            ["LeftLowerArm"] = CFrame.new(5.960464477539063e-08, -3.5762786865234375e-07, 7.450580596923828e-08, 1, -1.0430809993522416e-07, 5.960463766996327e-08, 1.2852251529693604e-07, 0.4151846170425415, -0.909737229347229, -9.313225746154785e-09, 0.9097371697425842, 0.4151844382286072),
            ["LowerTorso"] = CFrame.new(-0.08391299843788147, -0.09781432151794434, -0.16019995510578156, 0.9900533556938171, 0.12312009930610657, 0.06808677315711975, -0.12205878645181656, 0.9923303127288818, -0.01954994909465313, -0.06997156143188477, 0.011044902727007866, 0.9974878430366516),
            ["Head"] = CFrame.new(-5.587935447692871e-09, -1.1920928955078125e-07, -3.4924596548080444e-08, 0.9973260760307312, -0.0694657564163208, 0.022702600806951523, 0.07064568996429443, 0.9959207773208618, -0.05613435059785843, -0.018710598349571228, 0.057588186115026474, 0.9981651902198792),
            ["RightUpperArm"] = CFrame.new(-1.1920928955078125e-07, 1.1920928955078125e-07, 1.1175870895385742e-08, 0.7219821810722351, -0.2986026108264923, 0.6241618990898132, 0.16204029321670532, 0.9499663710594177, 0.26703354716300964, -0.6726698875427246, -0.09165412932634354, 0.7342445850372314),
            ["UpperTorso"] = CFrame.new(2.0489096641540527e-08, -5.960464477539063e-08, -7.2177499532699585e-09, 0.9970577955245972, -0.07403124123811722, -0.019882680848240852, 0.07576586306095123, 0.9911534190177917, 0.10897012054920197, 0.011639591306447983, -0.11015591025352478, 0.9938462376594543),
            ["HumanoidRootPart"] = CFrame.new(0, 0, 0, 1, 0, 0, 0, 1, 0, 0, 0, 1),
            ["RightHand"] = CFrame.new(5.960464477539063e-08, -1.1920928955078125e-07, -1.4901161193847656e-08, 0.714651346206665, 0.03856230154633522, 0.6984171867370605, -0.01981469988822937, 0.9991945624351501, -0.034894075244665146, -0.6992001533508301, 0.011098197661340237, 0.7148397564888),
            ["LeftUpperArm"] = CFrame.new(1.1920928955078125e-07, 0, -1.4901161193847656e-08, 0.8811020255088806, 0.29608410596847534, -0.36877286434173584, -0.3365802764892578, 0.9403702020645142, -0.04917088523507118, 0.33222442865371704, 0.16744640469551086, 0.9282180666923523),
            ["RightLowerArm"] = CFrame.new(0, -2.384185791015625e-07, 8.940696716308594e-08, 1, -3.911554458113642e-08, 4.470347647611561e-08, 7.450581307466564e-08, -0.005159586202353239, -0.9999867081642151, 1.1175872316471214e-07, 0.9999867677688599, -0.005159630905836821),
            ["LeftHand"] = CFrame.new(1.1920928955078125e-07, 1.1920928955078125e-07, -5.960464477539063e-08, 0.9992726445198059, -0.0369042307138443, 0.009609268978238106, 0.037713028490543365, 0.9937030076980591, -0.1055087298154831, -0.005654999520629644, 0.10579442977905273, 0.9943720102310181),
            ["RightUpperLeg"] = CFrame.new(5.960464477539063e-08, -8.544884622097015e-08, 2.029992174357176e-09, 0.9750589728355408, -0.21850863099098206, -0.038910165429115295, 0.166904017329216, 0.8374508619308472, -0.5204029083251953, 0.146297886967659, 0.5009291172027588, 0.8530339002609253),
            ["LeftUpperLeg"] = CFrame.new(0, 2.7939677238464355e-08, -2.2351741790771484e-08, 0.9637601375579834, -0.09921522438526154, 0.2476343959569931, 0.10932563245296478, 0.9936288595199585, -0.02738131955265999, -0.24334001541137695, 0.05346181243658066, 0.9684666395187378),
            ["RightLowerLeg"] = CFrame.new(-8.940696716308594e-08, -0.00012224912643432617, -0.00007751041994197294, 1, 6.42612434376133e-08, 4.842878098543224e-08, -1.8626444386882213e-08, 0.45676741003990173, 0.8895860314369202, 7.078048724906694e-08, -0.8895861506462097, 0.4567677080631256),
            ["RightFoot"] = CFrame.new(9.313225746154785e-09, 1.1920928955078125e-07, -2.996966941282153e-08, 0.9445001482963562, 0.09468613564968109, -0.3145695626735687, -0.20316781103610992, 0.9208364486694336, -0.33284080028533936, 0.25815173983573914, 0.3782789707183838, 0.8889673948287964),
            ["LeftLowerLeg"] = CFrame.new(-1.0244548320770264e-08, 0.0001226663589477539, 0.00007744133472442627, 1, 5.122273716295922e-09, 2.537853660555811e-08, 4.6566123179658803e-10, 0.9168019890785217, 0.3993421494960785, -2.0692821678380824e-08, -0.3993421494960785, 0.9168019890785217),
        }},
        {Time = 0.219, Data = {
            ["LeftFoot"] = CFrame.new(-1.0058283805847168e-07, -5.960464477539063e-08, -2.2351741790771484e-08, 0.9847203493118286, -0.03931412473320961, 0.16964738070964813, 0.08539258688688278, 0.958031952381134, -0.2736474275588989, -0.15176962316036224, 0.2839527428150177, 0.9467507600784302),
            ["LeftLowerArm"] = CFrame.new(-1.7881393432617188e-07, 1.1920928955078125e-07, 8.940696716308594e-08, 1, -8.195636524988004e-08, 5.21540464148984e-08, 1.0617077350616455e-07, 0.23789982497692108, -0.9712896943092346, 6.705522537231445e-08, 0.9712896943092346, 0.2378997504711151),
            ["LowerTorso"] = CFrame.new(-0.04562443494796753, -0.08454418182373047, -0.16259455680847168, 0.9908815622329712, 0.11943726241588593, 0.06235799565911293, -0.11784625053405762, 0.9926196336746216, -0.02861052192747593, -0.06531493365764618, 0.021000981330871582, 0.9976437091827393),
            ["Head"] = CFrame.new(1.3969838619232178e-08, 1.1920928955078125e-07, 1.0244548320770264e-08, 0.9980136752128601, -0.06041595712304115, 0.017849234864115715, 0.06159162148833275, 0.9952806830406189, -0.07498640567064285, -0.013234635815024376, 0.0759369283914566, 0.9970248341560364),
            ["RightUpperArm"] = CFrame.new(1.1920928955078125e-07, 5.960464477539062e-07, 2.60770320892334e-08, 0.6504859328269958, -0.2814255952835083, 0.7054558396339417, 0.11568004637956619, 0.9546934962272644, 0.2741871178150177, -0.7506571412086487, -0.09674764424562454, 0.6535698175430298),
            ["UpperTorso"] = CFrame.new(2.584420144557953e-08, -8.940696716308594e-08, 4.059984348714352e-09, 0.9974867105484009, -0.06719785928726196, -0.02246963046491146, 0.06929429620504379, 0.9913572072982788, 0.11139753460884094, 0.014789756387472153, -0.11267457902431488, 0.9935219287872314),
            ["HumanoidRootPart"] = CFrame.new(0, 0, 0, 1, 0, 0, 0, 1, 0, 0, 0, 1),
            ["RightHand"] = CFrame.new(2.2351741790771484e-08, -5.960464477539063e-08, -3.3527612686157227e-08, 0.7530542016029358, 0.13606232404708862, 0.643736720085144, -0.16667713224887848, 0.9859204292297363, -0.013405644334852695, -0.6364968419075012, -0.09720096737146378, 0.7651296854019165),
            ["LeftUpperArm"] = CFrame.new(-1.1920928955078125e-07, 5.960464477539062e-07, 4.470348358154297e-08, 0.8227508068084717, 0.30236777663230896, -0.48130565881729126, -0.339150071144104, 0.9406655430793762, 0.011200686916708946, 0.45613422989845276, 0.15401947498321533, 0.876481294631958),
            ["RightLowerArm"] = CFrame.new(5.960464477539063e-08, 0, -1.7881393432617188e-07, 1, -5.8324069129866984e-08, 6.519256601222878e-08, 1.0803343286625022e-07, -0.2443339228630066, -0.9696911573410034, 3.492460010079412e-08, 0.9696912169456482, -0.24433399736881256),
            ["LeftHand"] = CFrame.new(-1.1920928955078125e-07, -1.1920928955078125e-07, -3.427267074584961e-07, 0.9933658838272095, -0.07940845191478729, 0.08317781984806061, 0.08579202741384506, 0.993394136428833, -0.07621026784181595, -0.07657639682292938, 0.08284079283475876, 0.9936163425445557),
            ["RightUpperLeg"] = CFrame.new(0, -1.9604340195655823e-07, 9.480572771281004e-09, 0.9684218168258667, -0.243445485830307, -0.05379168316721916, 0.18341892957687378, 0.8418089747428894, -0.5076566934585571, 0.1688690483570099, 0.48175933957099915, 0.8598785996437073),
            ["LeftUpperLeg"] = CFrame.new(5.960464477539063e-08, -2.100132405757904e-07, -3.725290298461914e-09, 0.9660801291465759, -0.07987276464700699, 0.2455802708864212, 0.08023544400930405, 0.996739387512207, 0.008545161224901676, -0.24546195566654205, 0.011448985897004604, 0.9693386554718018),
            ["RightLowerLeg"] = CFrame.new(-1.043081283569336e-07, -0.00012254714965820312, -0.00007741356239421293, 1, 6.542540376131001e-08, 3.53902720462429e-08, 0, 0.4943305253982544, 0.8692737221717834, 4.470347292340193e-08, -0.8692740201950073, 0.494331032037735),
            ["RightFoot"] = CFrame.new(2.9802322387695312e-08, 2.980232238769531e-07, -7.281050784513354e-08, 0.9287729263305664, 0.09919522702693939, -0.35712897777557373, -0.22635528445243835, 0.9147751927375793, -0.3345881700515747, 0.2935033440589905, 0.3915950059890747, 0.8720721006393433),
            ["LeftLowerLeg"] = CFrame.new(0, 0.00012254714965820312, 0.0000773891806602478, 1, 7.450580596923828e-09, 5.308539385850963e-08, -6.51925624595151e-09, 0.940290093421936, 0.3403741419315338, -2.537853482920127e-08, -0.3403741121292114, 0.9402901530265808),
        }},
        {Time = 0.250, Data = {
            ["LeftFoot"] = CFrame.new(2.60770320892334e-08, -5.960464477539063e-08, 2.7939677238464355e-09, 0.9859424233436584, -0.05139278993010521, 0.15898573398590088, 0.08827414363622665, 0.96810382604599, -0.23448394238948822, -0.14186392724514008, 0.24522194266319275, 0.9590311646461487),
            ["LeftLowerArm"] = CFrame.new(5.960464477539063e-08, 1.7881393432617188e-07, -8.940696716308594e-08, 1, -8.940695295223122e-08, 9.243376553058624e-08, 6.33299421792799e-08, 0.05392249673604965, -0.9985451102256775, 7.078052277620372e-08, 0.9985451102256775, 0.05392248556017876),
            ["LowerTorso"] = CFrame.new(-0.006960704922676086, -0.07211470603942871, -0.1653560996055603, 0.9915094971656799, 0.11710618436336517, 0.05652489885687828, -0.11494345963001251, 0.9925616979598999, -0.04011637344956398, -0.060802314430475235, 0.03327859565615654, 0.9975950121879578),
            ["Head"] = CFrame.new(1.6763806343078613e-08, -1.1920928955078125e-07, 3.306195139884949e-08, 0.9987539649009705, -0.048483654856681824, 0.011830538511276245, 0.049389250576496124, 0.9942665100097656, -0.09484083205461502, -0.0071644713170826435, 0.09530708193778992, 0.9954221248626709),
            ["RightUpperArm"] = CFrame.new(1.1920928955078125e-07, -2.384185791015625e-07, 5.587935447692871e-08, 0.5612372756004333, -0.2613752782344818, 0.7852996587753296, 0.09696512669324875, 0.9630557894706726, 0.25123968720436096, -0.8219552636146545, -0.06485846638679504, 0.5658472180366516),
            ["UpperTorso"] = CFrame.new(-1.6763806343078613e-08, 1.4901161193847656e-07, -1.6298145055770874e-08, 0.9972538352012634, -0.06954552978277206, -0.025461561977863312, 0.07195257395505905, 0.9912479519844055, 0.11068130284547806, 0.017541319131851196, -0.11220937222242355, 0.9935298562049866),
            ["HumanoidRootPart"] = CFrame.new(0, 0, 0, 1, 0, 0, 0, 1, 0, 0, 0, 1),
            ["RightHand"] = CFrame.new(1.2293457984924316e-07, 0, 6.705522537231445e-08, 0.7820451855659485, 0.21840354800224304, 0.583699643611908, -0.2899066209793091, 0.9565688371658325, 0.030499164015054703, -0.5516878366470337, -0.1930701732635498, 0.8113967180252075),
            ["LeftUpperArm"] = CFrame.new(0, -4.76837158203125e-07, 4.470348358154297e-08, 0.7339671850204468, 0.31880828738212585, -0.5997111201286316, -0.3273075819015503, 0.9397199153900146, 0.09897676110267639, 0.5951151847839355, 0.12364430725574493, 0.7940720319747925),
            ["RightLowerArm"] = CFrame.new(-1.1920928955078125e-07, 5.364418029785156e-07, 8.940696716308594e-08, 1, -7.683410530034962e-08, 1.1920928955078125e-07, 1.0151418194936923e-07, -0.4271860122680664, -0.9041637778282166, 5.1921244192953964e-08, 0.9041637182235718, -0.4271860122680664),
            ["LeftHand"] = CFrame.new(-1.7881393432617188e-07, -5.960464477539063e-08, -6.007030606269836e-08, 0.982864499092102, -0.13279981911182404, 0.12783488631248474, 0.13781294226646423, 0.9899678826332092, -0.031165380030870438, -0.12241370975971222, 0.04824872687458992, 0.9913057088851929),
            ["RightUpperLeg"] = CFrame.new(0, 4.130415618419647e-07, -3.149762051180005e-08, 0.9588580131530762, -0.2787407338619232, -0.05380566045641899, 0.2187362015247345, 0.846228837966919, -0.4858512282371521, 0.18095839023590088, 0.45409294962882996, 0.8723838925361633),
            ["LeftUpperLeg"] = CFrame.new(2.9802322387695312e-08, 2.896413207054138e-07, 0, 0.9677802324295044, -0.0661124438047409, 0.24296186864376068, 0.05466511473059654, 0.997066855430603, 0.05356697738170624, -0.2457907497882843, -0.03855952247977257, 0.9685556888580322),
