return {
    ["Where Ya Going"] = {
        {Time = 0.000, Data = {
            ["RightFoot"] = CFrame.new(4.6333298087120056e-08, 4.172325134277344e-07, -4.6733475755900145e-08, 0.9619120955467224, 0.09134449064731598, -0.25764602422714233, -0.18247419595718384, 0.9163479804992676, -0.3563838601112366, 0.20353953540325165, 0.3898238241672516, 0.8981142640113831),
            ["LeftLowerArm"] = CFrame.new(0, 2.384185791015625e-07, -1.1175870895385742e-07, 1, -1.1175873737556685e-07, 1.3411042232291948e-07, 1.0244544768056585e-07, -0.4186587631702423, -0.9081436395645142, 7.916239042060624e-08, 0.9081436991691589, -0.41865867376327515),
            ["RightUpperArm"] = CFrame.new(-1.7881393432617188e-07, -3.5762786865234375e-07, 3.725290298461914e-08, 0.4972078502178192, -0.8536818027496338, -0.15495732426643372, 0.3037525415420532, 0.33856627345085144, -0.8905657529830933, 0.8127231001853943, 0.3957274854183197, 0.427645742893219),
            ["Head"] = CFrame.new(-6.51925802230835e-09, -4.76837158203125e-07, 6.752088665962219e-09, 0.9974677562713623, 0.06650545448064804, -0.025200316682457924, -0.07102016359567642, 0.9502151608467102, -0.30339306592941284, 0.003768356516957283, 0.3044145703315735, 0.9525322914123535),
            ["RightHand"] = CFrame.new(5.960464477539063e-08, 0, -1.7881393432617188e-07, 0.8409241437911987, -0.10379798710346222, -0.5311051607131958, 0.2063641995191574, 0.968778669834137, 0.13741092383861542, 0.5002603530883789, -0.22515320777893066, 0.836089551448822),
            ["UpperTorso"] = CFrame.new(6.693881005048752e-09, -2.9802322387695312e-08, 1.3969838619232178e-09, 0.9993816614151001, -0.0010976165067404509, 0.03514469787478447, -0.0040774596855044365, 0.9891518950462341, 0.1468401849269867, -0.03492462635040283, -0.1468926966190338, 0.9885357022285461),
            ["HumanoidRootPart"] = CFrame.new(0, 0, 0, 1, 0, 0, 0, 1, 0, 0, 0, 1),
            ["RightUpperLeg"] = CFrame.new(0, 2.479064278304577e-07, -4.489265847951174e-09, 0.9965170621871948, -0.08027388155460358, -0.022583693265914917, 0.07090943306684494, 0.958222508430481, -0.2770949900150299, 0.04388369619846344, 0.27452826499938965, 0.960577130317688),
            ["LeftUpperArm"] = CFrame.new(5.960464477539063e-08, -2.384185791015625e-07, 4.0978193283081055e-08, 0.873087465763092, 0.15018907189369202, 0.4638552963733673, -0.08796675503253937, 0.9842844605445862, -0.15312087535858154, -0.4795624613761902, 0.09288386255502701, 0.8725780248641968),
            ["RightLowerArm"] = CFrame.new(3.5762786865234375e-07, 0, -1.862645149230957e-07, 1, -1.0430814256778831e-07, 2.980232594040899e-08, 7.450580596923828e-08, 0.7614555954933167, -0.6482171416282654, 5.960464477539063e-08, 0.6482172012329102, 0.7614556550979614),
            ["LeftHand"] = CFrame.new(2.9802322387695312e-08, -1.1920928955078125e-07, -2.384185791015625e-07, 0.4156601130962372, -0.8658604621887207, 0.2784106433391571, 0.8401104211807251, 0.4827946424484253, 0.24723316729068756, -0.3484843075275421, 0.1311304271221161, 0.9280966520309448),
            ["LeftFoot"] = CFrame.new(-3.434251993894577e-09, -1.1920928955078125e-07, 5.587935447692871e-09, 0.9305856227874756, -0.2090696394443512, 0.3005004823207855, 0.28226760029792786, 0.9324920773506165, -0.22535231709480286, -0.2331000417470932, 0.2945308983325958, 0.926777184009552),
            ["LowerTorso"] = CFrame.new(0.09227841347455978, -0.12611889839172363, -0.029121940955519676, 0.9997630715370178, -0.01913072168827057, 0.01038451213389635, 0.01941537670791149, 0.999418318271637, -0.028037233278155327, -0.0098420986905694, 0.028232207521796227, 0.9995529651641846),
            ["RightLowerLeg"] = CFrame.new(7.078051567077637e-08, -0.00006073713302612305, -0.00007202818960649893, 1, -9.313224325069314e-08, -2.60770320892334e-08, 9.778885612377053e-08, 0.7539408206939697, 0.6569420099258423, -3.725289943190546e-08, -0.6569424271583557, 0.7539411783218384),
            ["LeftUpperLeg"] = CFrame.new(0, 2.1810410544276237e-07, -3.259629011154175e-09, 0.9726265072822571, 0.2026490569114685, -0.11371514201164246, -0.22964860498905182, 0.9129921197891235, -0.33720481395721436, 0.03548680990934372, 0.35408878326416016, 0.9345382452011108),
            ["LeftLowerLeg"] = CFrame.new(-3.3993273973464966e-08, 0.00006073713302612305, 0.00007210671901702881, 1, 3.119930269690485e-08, 1.303851426825986e-08, -6.193295121192932e-08, 0.7632607817649841, 0.6460906863212585, 1.6763806343078613e-08, -0.6460905075073242, 0.7632607221603394),
        }},
        {Time = 0.033, Data = {
            ["RightFoot"] = CFrame.new(9.825453162193298e-08, 2.980232238769531e-07, -2.0656443666666746e-08, 0.9620569944381714, 0.09577281773090363, -0.25548818707466125, -0.18580986559391022, 0.9156579971313477, -0.3564334511756897, 0.19980305433273315, 0.39038196206092834, 0.8987107276916504),
            ["LeftLowerArm"] = CFrame.new(-1.7881393432617188e-07, -3.5762786865234375e-07, -8.195638656616211e-08, 1, -5.587935447692871e-08, 1.2665985593685036e-07, 8.66129994392395e-08, -0.423080712556839, -0.9060920476913452, 1.9371509552001953e-07, 0.9060920476913452, -0.4230806827545166),
            ["RightUpperArm"] = CFrame.new(0, 2.384185791015625e-07, -1.4901161193847656e-08, 0.5029322504997253, -0.8494580388069153, -0.15962526202201843, 0.302217036485672, 0.3458528220653534, -0.8882853388786316, 0.8097679615020752, 0.398505836725235, 0.43066123127937317),
            ["Head"] = CFrame.new(5.587935447692871e-09, 1.1920928955078125e-07, 3.259629011154175e-08, 0.9973213076591492, 0.0720771849155426, -0.012461140751838684, -0.07236430794000626, 0.9473811388015747, -0.31182101368904114, -0.010669800452888012, 0.31188756227493286, 0.9500591158866882),
            ["RightHand"] = CFrame.new(2.384185791015625e-07, 5.960464477539063e-08, 7.450580596923828e-08, 0.8399186730384827, -0.10392288863658905, -0.5326694250106812, 0.20517763495445251, 0.9694545269012451, 0.13438796997070312, 0.5024328231811523, -0.22216686606407166, 0.8355855345726013),
            ["UpperTorso"] = CFrame.new(-1.5425030142068863e-09, 2.9802322387695312e-08, -1.4493707567453384e-08, 0.999326229095459, -0.010913350619375706, 0.03504406660795212, 0.005673505365848541, 0.9892275333404541, 0.1462761014699936, -0.03626292198896408, -0.14597870409488678, 0.9886229634284973),
            ["HumanoidRootPart"] = CFrame.new(0, 0, 0, 1, 0, 0, 0, 1, 0, 0, 0, 1),
            ["RightUpperLeg"] = CFrame.new(5.960464477539063e-08, 3.7602148950099945e-08, -9.145878721028566e-09, 0.9960851669311523, -0.08627068996429443, -0.019285030663013458, 0.07763423770666122, 0.958044707775116, -0.27590474486351013, 0.04227841645479202, 0.27332738041877747, 0.9609915018081665),
            ["LeftUpperArm"] = CFrame.new(0, 1.1920928955078125e-07, 2.9802322387695312e-08, 0.8700873851776123, 0.15074627101421356, 0.46928009390830994, -0.08637262880802155, 0.9839829206466675, -0.15594066679477692, -0.4852708578109741, 0.09514886140823364, 0.8691713213920593),
            ["RightLowerArm"] = CFrame.new(5.960464477539063e-08, 1.7881393432617188e-07, -8.940696716308594e-08, 1, -7.450579886381092e-08, 2.9802322387695312e-08, 1.0430811414607888e-07, 0.762657880783081, -0.6468019485473633, 1.0430811414607888e-07, 0.6468020677566528, 0.7626581192016602),
            ["LeftHand"] = CFrame.new(4.470348358154297e-08, -5.960464477539063e-08, 2.9802322387695312e-08, 0.41338780522346497, -0.8689243197441101, 0.2721782624721527, 0.8404164910316467, 0.47914373874664307, 0.2532224655151367, -0.35044360160827637, 0.12406370043754578, 0.9283304214477539),
            ["LeftFoot"] = CFrame.new(-3.317836672067642e-08, -5.960464477539063e-08, 2.0954757928848267e-09, 0.9306783080101013, -0.20415078103542328, 0.3035794496536255, 0.27958521246910095, 0.9320889711380005, -0.23030896484851837, -0.23594534397125244, 0.2992200255393982, 0.9245525002479553),
            ["LowerTorso"] = CFrame.new(0.08523271977901459, -0.12612056732177734, -0.03161393851041794, 0.9998310804367065, -0.017005417495965958, 0.0069791404530406, 0.017206354066729546, 0.9994073510169983, -0.02981428988277912, -0.006467998959124088, 0.029929334297776222, 0.999531090259552),
            ["RightLowerLeg"] = CFrame.new(-1.210719347000122e-08, -0.0000603795051574707, -0.00007210176408989355, 1, -1.005828522693264e-07, -2.980232949312267e-08, 8.940698137394065e-08, 0.7530372738838196, 0.6579774618148804, -3.9115551686563776e-08, -0.6579779386520386, 0.753037691116333),
            ["LeftUpperLeg"] = CFrame.new(-5.960464477539063e-08, 1.4028046280145645e-08, -3.725290298461914e-09, 0.9741829633712769, 0.1972809135913849, -0.10976317524909973, -0.22304925322532654, 0.9161887168884277, -0.3329373598098755, 0.0348815880715847, 0.34882450103759766, 0.9365386962890625),
            ["LeftLowerLeg"] = CFrame.new(1.5366822481155396e-08, 0.000060617923736572266, 0.00007196888327598572, 1, 3.7718574930067916e-08, 1.862645593320167e-09, -4.5634813261585805e-08, 0.7637884616851807, 0.6454667448997498, 1.862645326866641e-08, -0.6454668045043945, 0.7637884020805359),
        }},
        {Time = 0.067, Data = {
            ["RightFoot"] = CFrame.new(-6.100162863731384e-08, 2.384185791015625e-07, 3.149762051180005e-08, 0.9621871113777161, 0.10111305862665176, -0.2529272139072418, -0.18975229561328888, 0.9149911999702454, -0.3560689687728882, 0.19542303681373596, 0.39059871435165405, 0.8995791673660278),
            ["LeftLowerArm"] = CFrame.new(-5.960464477539063e-08, -4.76837158203125e-07, 2.1606683731079102e-07, 1, -6.33299421792799e-08, 1.1175870895385742e-07, 8.754432911928234e-08, -0.4246145486831665, -0.9053743481636047, 6.007031316812572e-08, 0.9053742289543152, -0.42461448907852173),
            ["RightUpperArm"] = CFrame.new(1.1920928955078125e-07, 1.1920928955078125e-07, 7.450580596923828e-09, 0.5076795220375061, -0.8464263677597046, -0.16069824993610382, 0.30385568737983704, 0.3504469096660614, -0.8859224915504456, 0.8061844706535339, 0.40093564987182617, 0.4351062476634979),
            ["Head"] = CFrame.new(-7.450580596923828e-09, 0, 8.731149137020111e-09, 0.9974699020385742, 0.07106225192546844, 0.002028641290962696, -0.0666906088590622, 0.9452254772186279, -0.3195328116416931, -0.02462432160973549, 0.31858915090560913, 0.9475730657577515),
            ["RightHand"] = CFrame.new(1.7881393432617188e-07, -1.7881393432617188e-07, 2.4586915969848633e-07, 0.8386536240577698, -0.10408201813697815, -0.5346279144287109, 0.20500238239765167, 0.9697108864784241, 0.13279658555984497, 0.5046129822731018, -0.2209702432155609, 0.8345885276794434),
            ["UpperTorso"] = CFrame.new(1.4297256711870432e-09, 2.9802322387695312e-08, -7.683411240577698e-09, 0.9992008209228516, -0.017006002366542816, 0.03617395460605621, 0.011579429730772972, 0.9893270134925842, 0.14525161683559418, -0.03825801983475685, -0.14471666514873505, 0.9887332320213318),
            ["HumanoidRootPart"] = CFrame.new(0, 0, 0, 1, 0, 0, 0, 1, 0, 0, 0, 1),
            ["RightUpperLeg"] = CFrame.new(5.960464477539063e-08, -5.8673322200775146e-08, -3.790773916989565e-09, 0.9955763220787048, -0.09279963374137878, -0.01470211148262024, 0.08525080978870392, 0.9579799771308899, -0.27387332916259766, 0.0394996777176857, 0.2714083790779114, 0.9616534113883972),
            ["LeftUpperArm"] = CFrame.new(0, 0, 0, 0.8662700057029724, 0.15014925599098206, 0.4764784574508667, -0.08318355679512024, 0.9838027358055115, -0.15878503024578094, -0.49260213971138, 0.09791532903909683, 0.8647286891937256),
            ["RightLowerArm"] = CFrame.new(5.960464477539063e-08, -1.1920928955078125e-07, -3.427267074584961e-07, 1, -1.788139627478813e-07, -5.21540641784668e-08, 1.043081283569336e-07, 0.7620736956596375, -0.6474903225898743, -7.450580596923828e-09, 0.647490382194519, 0.7620736360549927),
            ["LeftHand"] = CFrame.new(1.1920928955078125e-07, 2.384185791015625e-07, 4.470348358154297e-08, 0.4094819128513336, -0.8722008466720581, 0.26756352186203003, 0.841067910194397, 0.47452542185783386, 0.25967392325401306, -0.3534533679485321, 0.11870692670345306, 0.9278897047042847),
            ["LeftFoot"] = CFrame.new(-5.4016709327697754e-08, -5.960464477539063e-08, 3.259629011154175e-08, 0.9307816624641418, -0.1985948085784912, 0.3069292902946472, 0.27666154503822327, 0.9314611554145813, -0.23630209267139435, -0.2389644831418991, 0.3048611283302307, 0.9219304919242859),
            ["LowerTorso"] = CFrame.new(0.07682335376739502, -0.12612342834472656, -0.034703996032476425, 0.9998868703842163, -0.014893705025315285, 0.0021197558380663395, 0.014954603277146816, 0.9993634819984436, -0.032388266175985336, -0.0016360246809199452, 0.03241630271077156, 0.9994730949401855),
            ["RightLowerLeg"] = CFrame.new(2.086162567138672e-07, -0.000060439109802246094, -0.00007212411583168432, 1, -1.0989607801548118e-07, -3.725290653733282e-08, 8.568166975919667e-08, 0.7524121403694153, 0.6586923003196716, -4.0978189730367376e-08, -0.6586927175521851, 0.7524124383926392),
            ["LeftUpperLeg"] = CFrame.new(-1.1920928955078125e-07, 1.501757651567459e-08, -6.984919309616089e-09, 0.9759091734886169, 0.19150836765766144, -0.10452704131603241, -0.21561573445796967, 0.9197604656219482, -0.3279492259025574, 0.03333482891321182, 0.34258633852005005, 0.9388948082923889),
            ["LeftLowerLeg"] = CFrame.new(-7.078051567077637e-08, 0.00006079673767089844, 0.00007203593850135803, 1, 4.470348358154297e-08, 1.4901159417490817e-08, -4.8428766774577525e-08, 0.7633197903633118, 0.6460208892822266, 2.2351738238057806e-08, -0.6460208892822266, 0.7633196711540222),
        }},
        {Time = 0.100, Data = {
            ["RightFoot"] = CFrame.new(4.190951585769653e-09, 4.172325134277344e-07, -2.0656443666666746e-08, 0.9622746109962463, 0.10683543235063553, -0.2502277195453644, -0.19391298294067383, 0.9144185781478882, -0.3552972078323364, 0.1908545345067978, 0.39041635394096375, 0.9006386399269104),
            ["LeftLowerArm"] = CFrame.new(0, -5.960464477539063e-08, -6.705522537231445e-08, 1, -7.823111758398227e-08, 8.940698847936801e-08, 7.310882921274242e-08, -0.424151211977005, -0.9055914878845215, 1.6205014219394798e-07, 0.9055914878845215, -0.4241511821746826),
            ["RightUpperArm"] = CFrame.new(1.1920928955078125e-07, 0, -2.60770320892334e-08, 0.511483371257782, -0.8443506360054016, -0.15955188870429993, 0.30743885040283203, 0.3532041013240814, -0.8835883140563965, 0.8024126291275024, 0.4028882384300232, 0.44024422764778137),
            ["Head"] = CFrame.new(-1.210719347000122e-08, 2.384185791015625e-07, -1.5221303328871727e-08, 0.9976636171340942, 0.06571756303310394, 0.018667742609977722, -0.056028030812740326, 0.9434106349945068, -0.3268599212169647, -0.03909183666110039, 0.325050413608551, 0.9448884129524231),
            ["RightHand"] = CFrame.new(0, 1.1920928955078125e-07, 5.21540641784668e-08, 0.8377270698547363, -0.10419058054685593, -0.5360575318336487, 0.20536036789417267, 0.9696815013885498, 0.13245715200901031, 0.5060044527053833, -0.2210477590560913, 0.8337250351905823),
            ["UpperTorso"] = CFrame.new(-4.642060957849026e-09, -1.1920928955078125e-07, -7.465132512152195e-09, 0.9990650415420532, -0.020511114969849586, 0.038057610392570496, 0.014833205379545689, 0.9894827008247375, 0.14388886094093323, -0.04060867801308632, -0.14318980276584625, 0.9888617992401123),
            ["HumanoidRootPart"] = CFrame.new(0, 0, 0, 1, 0, 0, 0, 1, 0, 0, 0, 1),
            ["RightUpperLeg"] = CFrame.new(0, 2.604210749268532e-07, -1.869193511083722e-08, 0.995003342628479, -0.09939520061016083, -0.00943814404308796, 0.09311841428279877, 0.9579429626464844, -0.2714303731918335, 0.03602008521556854, 0.2691951394081116, 0.9624118804931641),
            ["LeftUpperArm"] = CFrame.new(-1.1920928955078125e-07, 0, -1.4901161193847656e-08, 0.8617113828659058, 0.14916299283504486, 0.4849783778190613, -0.07918466627597809, 0.9836353659629822, -0.16183708608150482, -0.5011819005012512, 0.10105376690626144, 0.8594212532043457),
            ["RightLowerArm"] = CFrame.new(-5.960464477539063e-08, 5.960464477539063e-08, 1.043081283569336e-07, 1, -5.21540641784668e-08, 7.450580596923828e-08, 1.0430814256778831e-07, 0.7609109878540039, -0.6488563418388367, 1.005828522693264e-07, 0.6488562822341919, 0.7609109282493591),
            ["LeftHand"] = CFrame.new(2.9802322387695312e-08, 0, -5.960464477539063e-08, 0.40430858731269836, -0.8755782842636108, 0.26438143849372864, 0.8420059680938721, 0.4691959619522095, 0.26623496413230896, -0.3571561872959137, 0.11496961116790771, 0.9269419312477112),
            ["LeftFoot"] = CFrame.new(1.816079020500183e-08, -1.1920928955078125e-07, -1.862645149230957e-09, 0.9308567047119141, -0.19259046018123627, 0.31050723791122437, 0.2736150920391083, 0.9306260943412781, -0.2430432140827179, -0.24215848743915558, 0.31119799613952637, 0.9189752340316772),
            ["LowerTorso"] = CFrame.new(0.06781736761331558, -0.1261274814605713, -0.03809312358498573, 0.9999102354049683, -0.012931754812598228, -0.0035266021732240915, 0.012799636460840702, 0.999297559261322, -0.035221803933382034, 0.003979605156928301, 0.03517349809408188, 0.9993733167648315),
            ["RightLowerLeg"] = CFrame.new(1.2479722499847412e-07, -0.00006020069122314453, -0.00007212737546069548, 1, -1.136213683139431e-07, -4.4703494239684005e-08, 8.381903882082042e-08, 0.7521004676818848, 0.6590481400489807, -4.377216455964117e-08, -0.6590485572814941, 0.7521008253097534),
            ["LeftUpperLeg"] = CFrame.new(0, -6.973277777433395e-08, -1.641456037759781e-08, 0.9776461124420166, 0.1857677847146988, -0.09848110377788544, -0.20793603360652924, 0.9236471056938171, -0.3219297230243683, 0.031157607212662697, 0.3352111279964447, 0.9416277408599854),
            ["LeftLowerLeg"] = CFrame.new(-2.7008354663848877e-08, 0.00006079673767089844, 0.00007204338908195496, 1, 3.9115551686563776e-08, 9.313227522511625e-09, -7.35744833946228e-08, 0.7631862163543701, 0.6461787223815918, 1.4901161193847656e-08, -0.646178662776947, 0.7631861567497253),
        }},
        {Time = 0.133, Data = {
            ["RightFoot"] = CFrame.new(-2.2817403078079224e-08, 2.980232238769531e-07, 9.145878721028566e-09, 0.9623336791992188, 0.11236511170864105, -0.24756453931331635, -0.19791172444820404, 0.9138554930686951, -0.35454002022743225, 0.18640029430389404, 0.3901822865009308, 0.9016724228858948),
            ["LeftLowerArm"] = CFrame.new(-5.960464477539063e-08, 0, -2.2351741790771484e-08, 1, -4.842879164357328e-08, 1.266598843585598e-07, 6.542541086673737e-08, -0.42274361848831177, -0.906249463558197, 1.457519829273224e-07, 0.9062493443489075, -0.4227435886859894),
            ["RightUpperArm"] = CFrame.new(0, -3.5762786865234375e-07, -2.421438694000244e-08, 0.5148597359657288, -0.8426005840301514, -0.1579364538192749, 0.31187698245048523, 0.35570698976516724, -0.8810252547264099, 0.7985313534736633, 0.40434759855270386, 0.4459269344806671),
            ["Head"] = CFrame.new(6.984919309616089e-10, -1.1920928955078125e-07, 1.775333657860756e-09, 0.9975809454917908, 0.05977059528231621, 0.03549438342452049, -0.044555846601724625, 0.9416930675506592, -0.33350998163223267, -0.05335896089673042, 0.3311217427253723, 0.942078173160553),
            ["RightHand"] = CFrame.new(-1.1920928955078125e-07, -2.980232238769531e-07, -6.705522537231445e-08, 0.8371402025222778, -0.10426291823387146, -0.5369594693183899, 0.2058253288269043, 0.9695595502853394, 0.132627934217453, 0.5067861676216125, -0.2215479612350464, 0.8331173658370972),
            ["UpperTorso"] = CFrame.new(7.566995918750763e-10, -5.960464477539063e-08, -9.720679372549057e-09, 0.9989296793937683, -0.023048195987939835, 0.040104471147060394, 0.01714814081788063, 0.9897624254226685, 0.14169135689735413, -0.04295962676405907, -0.14085198938846588, 0.9890981912612915),
            ["HumanoidRootPart"] = CFrame.new(0, 0, 0, 1, 0, 0, 0, 1, 0, 0, 0, 1),
            ["RightUpperLeg"] = CFrame.new(5.960464477539063e-08, -1.1757947504520416e-08, -1.985608832910657e-08, 0.9944037795066833, -0.10556530952453613, -0.0041326358914375305, 0.10057573765516281, 0.9579267501831055, -0.2688140273094177, 0.03233620524406433, 0.26689401268959045, 0.9631832242012024),
            ["LeftUpperArm"] = CFrame.new(0, -3.5762786865234375e-07, -3.166496753692627e-08, 0.8566477298736572, 0.14862382411956787, 0.4940303564071655, -0.07546450197696686, 0.9834038019180298, -0.16499102115631104, -0.5103527903556824, 0.1040572002530098, 0.8536462783813477),
            ["RightLowerArm"] = CFrame.new(1.1920928955078125e-07, 5.960464477539063e-08, 7.450580596923828e-08, 1, -1.1920927533992653e-07, 6.705523247774181e-08, 7.450579886381092e-08, 0.7597102522850037, -0.650261640548706, 2.607702853651972e-08, 0.6502617597579956, 0.7597104907035828),
            ["LeftHand"] = CFrame.new(1.9371509552001953e-07, 2.384185791015625e-07, 1.043081283569336e-07, 0.39852961897850037, -0.8789684772491455, 0.26189425587654114, 0.8430852890014648, 0.463512122631073, 0.27269771695137024, -0.36108365654945374, 0.11212080717086792, 0.9257685542106628),
            ["LeftFoot"] = CFrame.new(3.7369318306446075e-08, -5.960464477539063e-08, -2.7939677238464355e-08, 0.9309603571891785, -0.18675515055656433, 0.3137441575527191, 0.27070218324661255, 0.9296725392341614, -0.24985866248607635, -0.24501696228981018, 0.3175399601459503, 0.9160433411598206),
            ["LowerTorso"] = CFrame.new(0.05906706303358078, -0.12613391876220703, -0.04182400554418564, 0.9998942017555237, -0.011222398839890957, -0.009259329177439213, 0.010865168645977974, 0.9992273449897766, -0.03777140751481056, 0.009676061570644379, 0.03766680508852005, 0.9992435574531555),
            ["RightLowerLeg"] = CFrame.new(-2.2724270820617676e-07, -0.000060439109802246094, -0.00007213622302515432, 1, -1.0430814256778831e-07, -2.980232949312267e-08, 1.0058283805847168e-07, 0.7521209716796875, 0.6590246558189392, -4.190951585769653e-08, -0.6590251922607422, 0.7521213889122009),
            ["LeftUpperLeg"] = CFrame.new(5.960464477539063e-08, -2.6309862732887268e-08, -1.0244548320770264e-08, 0.9792516827583313, 0.18036547303199768, -0.09238236397504807, -0.20062309503555298, 0.9271509647369385, -0.31645163893699646, 0.028575461357831955, 0.32841989398002625, 0.944099485874176),
            ["LeftLowerLeg"] = CFrame.new(6.51925802230835e-08, 0.00006073713302612305, 0.00007208064198493958, 1, 6.891789183782748e-08, 1.862645593320167e-09, -4.470348358154297e-08, 0.7625446319580078, 0.6469356417655945, 2.0489096641540527e-08, -0.646935760974884, 0.7625446915626526),
        }},
        {Time = 0.167, Data = {
            ["RightFoot"] = CFrame.new(3.5390257835388184e-08, 1.7881393432617188e-07, 1.6952981241047382e-09, 0.9623138904571533, 0.11737343668937683, -0.24530696868896484, -0.20159557461738586, 0.913323163986206, -0.35383573174476624, 0.1825135201215744, 0.3899543285369873, 0.9025657176971436),
            ["LeftLowerArm"] = CFrame.new(2.980232238769531e-07, 4.172325134277344e-07, -4.470348358154297e-08, 1, -1.7881397695873602e-07, 1.862645149230957e-07, 8.172355592250824e-08, -0.42071375250816345, -0.9071935415267944, 1.0943040251731873e-07, 0.9071935415267944, -0.4207136034965515),
            ["RightUpperArm"] = CFrame.new(0, 0, -1.30385160446167e-08, 0.5183518528938293, -0.8406477570533752, -0.1569167673587799, 0.31619295477867126, 0.3588923215866089, -0.8781903982162476, 0.7945649027824402, 0.405595600605011, 0.4518394470214844),
            ["Head"] = CFrame.new(-1.7229467630386353e-08, 1.1920928955078125e-07, -3.620516508817673e-08, 0.9972220659255981, 0.05440805107355118, 0.050871118903160095, -0.03395657241344452, 0.9399396181106567, -0.33964774012565613, -0.06629540771245956, 0.33697691559791565, 0.939176082611084),
            ["RightHand"] = CFrame.new(5.960464477539063e-08, -1.1920928955078125e-07, 4.0978193283081055e-07, 0.8365913033485413, -0.1043253093957901, -0.5378019213676453, 0.20613151788711548, 0.9695003628730774, 0.13258548080921173, 0.5075674653053284, -0.22177788615226746, 0.8325804471969604),
            ["UpperTorso"] = CFrame.new(5.995389074087143e-09, 1.1920928955078125e-07, -2.270098775625229e-09, 0.9987925887107849, -0.025798527523875237, 0.041809115558862686, 0.01978098228573799, 0.9901736974716187, 0.13843706250190735, -0.04496975988149643, -0.13744287192821503, 0.9894883632659912),
            ["HumanoidRootPart"] = CFrame.new(0, 0, 0, 1, 0, 0, 0, 1, 0, 0, 0, 1),
            ["RightUpperLeg"] = CFrame.new(1.1920928955078125e-07, -2.4354085326194763e-07, 8.549250196665525e-09, 0.9938274621963501, -0.11093616485595703, 0.0005826163687743247, 0.10708151012659073, 0.9578962326049805, -0.26639890670776367, 0.02899518422782421, 0.2648168206214905, 0.9638627171516418),
            ["LeftUpperArm"] = CFrame.new(-1.1920928955078125e-07, -1.1920928955078125e-07, 1.862645149230957e-09, 0.8512561321258545, 0.14905701577663422, 0.5031353235244751, -0.07257581502199173, 0.9830366373062134, -0.16843919456005096, -0.5197073817253113, 0.10686920583248138, 0.8476338386535645),
            ["RightLowerArm"] = CFrame.new(0, -3.5762786865234375e-07, 2.7567148208618164e-07, 1, -1.341104507446289e-07, 1.4901162970204496e-08, 5.960464477539063e-08, 0.7586745023727417, -0.6514697670936584, -1.1175870895385742e-08, 0.651469886302948, 0.7586746215820312),
            ["LeftHand"] = CFrame.new(-1.043081283569336e-07, -5.960464477539063e-08, -1.9371509552001953e-07, 0.39264699816703796, -0.8823001980781555, 0.25956690311431885, 0.8443945050239563, 0.45768818259239197, 0.27842316031455994, -0.36445337533950806, 0.10985471308231354, 0.9247192144393921),
            ["LeftFoot"] = CFrame.new(3.504101186990738e-08, 1.1920928955078125e-07, 2.7939677238464355e-08, 0.9310803413391113, -0.1815970242023468, 0.3164047598838806, 0.26809877157211304, 0.9287943243980408, -0.2558596134185791, -0.2474115788936615, 0.3230535686016083, 0.9134681224822998),
            ["LowerTorso"] = CFrame.new(0.051225900650024414, -0.12614130973815918, -0.0457257479429245, 0.9998478293418884, -0.009861479513347149, -0.0143922483548522, 0.009286253713071346, 0.9991762638092041, -0.03950352594256401, 0.014769957400858402, 0.039363861083984375, 0.9991158246994019),
            ["RightLowerLeg"] = CFrame.new(1.3504177331924438e-07, -0.00006026029586791992, -0.00007207615271909162, 1, -1.0617078771701927e-07, -4.4703490686970326e-08, 1.005828522693264e-07, 0.7524842023849487, 0.6586098074913025, -3.632158396271734e-08, -0.6586102843284607, 0.7524846196174622),
            ["LeftUpperLeg"] = CFrame.new(-1.1920928955078125e-07, 7.869675755500793e-08, -2.3283064365386963e-09, 0.9806137681007385, 0.17567886412143707, -0.08679721504449844, -0.19422106444835663, 0.9301320910453796, -0.3116610050201416, 0.025980627164244652, 0.3224768340587616, 0.9462207555770874),
            ["LeftLowerLeg"] = CFrame.new(1.1734664440155029e-07, 0.00006073713302612305, 0.00007205456495285034, 1, 5.308540096393699e-08, 3.725290742551124e-09, -6.146729703004894e-08, 0.7620598673820496, 0.647506594657898, 9.313226634333205e-09, -0.6475067138671875, 0.7620598673820496),
        }},
        {Time = 0.200, Data = {
            ["RightFoot"] = CFrame.new(-6.798654794692993e-08, 2.384185791015625e-07, -2.0656443666666746e-08, 0.962216317653656, 0.12204884737730026, -0.2434006929397583, -0.2051335871219635, 0.9127621650695801, -0.35324960947036743, 0.17905326187610626, 0.38983261585235596, 0.903311014175415),
            ["LeftLowerArm"] = CFrame.new(5.960464477539063e-08, -5.364418029785156e-07, -2.2351741790771484e-08, 1, -1.601874686230076e-07, 1.3411040811206476e-07, 9.49948883999241e-08, -0.419299453496933, -0.9078480005264282, 2.9802318834981634e-08, 0.9078480005264282, -0.41929948329925537),
            ["RightUpperArm"] = CFrame.new(-5.960464477539063e-08, -4.76837158203125e-07, -3.3527612686157227e-08, 0.5214086174964905, -0.8388489484786987, -0.1564149409532547, 0.3203294575214386, 0.36231720447540283, -0.8752802014350891, 0.7908995747566223, 0.4062742292881012, 0.4576233923435211),
            ["Head"] = CFrame.new(3.725290298461914e-09, -3.5762786865234375e-07, -1.7636921256780624e-08, 0.9967590570449829, 0.04902588948607445, 0.0637800320982933, -0.02404632605612278, 0.9381667375564575, -0.3453477621078491, -0.07676735520362854, 0.3426949381828308, 0.936305046081543),
            ["RightHand"] = CFrame.new(8.940696716308594e-08, 0, 1.043081283569336e-07, 0.8361298441886902, -0.1043778657913208, -0.5385092496871948, 0.206356018781662, 0.9694649577140808, 0.13249526917934418, 0.5082364082336426, -0.22190773487091064, 0.8321374654769897),
            ["UpperTorso"] = CFrame.new(2.561137080192566e-09, -1.7881393432617188e-07, 4.249159246683121e-09, 0.9986775517463684, -0.02824198454618454, 0.042960911989212036, 0.022254763171076775, 0.9907369017601013, 0.13395997881889343, -0.04634625464677811, -0.1328267604112625, 0.9900551438331604),
            ["HumanoidRootPart"] = CFrame.new(0, 0, 0, 1, 0, 0, 0, 1, 0, 0, 0, 1),
            ["RightUpperLeg"] = CFrame.new(-2.9802322387695312e-08, 5.494803190231323e-08, -1.4733814168721437e-08, 0.9932625889778137, -0.11581498384475708, 0.004047448746860027, 0.11275651305913925, 0.957791268825531, -0.2644273340702057, 0.02674805000424385, 0.26310205459594727, 0.9643971920013428),
            ["LeftUpperArm"] = CFrame.new(0, -2.384185791015625e-07, -3.166496753692627e-08, 0.8459485769271851, 0.14975862205028534, 0.5118043422698975, -0.0699017345905304, 0.9826167225837708, -0.17198346555233002, -0.5286632776260376, 0.10971294343471527, 0.8417114019393921),
            ["RightLowerArm"] = CFrame.new(0, 1.1920928955078125e-07, 1.4528632164001465e-07, 1, -1.4901161193847656e-08, -2.2351741790771484e-08, 7.450580596923828e-08, 0.7577623724937439, -0.6525306105613708, 1.862645149230957e-08, 0.6525306701660156, 0.7577623724937439),
            ["LeftHand"] = CFrame.new(2.9802322387695312e-08, 1.1920928955078125e-07, 3.8743019104003906e-07, 0.3860471248626709, -0.8859266042709351, 0.2571030855178833, 0.845834493637085, 0.4511743187904358, 0.2846152186393738, -0.36814630031585693, 0.10759150236845016, 0.9235216975212097),
            ["LeftFoot"] = CFrame.new(2.782326191663742e-08, -5.960464477539063e-08, -9.313225746154785e-09, 0.9311715960502625, -0.1768881231546402, 0.3187946081161499, 0.2657986283302307, 0.9278761148452759, -0.2615283131599426, -0.24954074621200562, 0.3282630443572998, 0.9110285639762878),
            ["LowerTorso"] = CFrame.new(0.04392450302839279, -0.12615609169006348, -0.04957057163119316, 0.999792754650116, -0.008926899172365665, -0.0182981938123703, 0.008189818821847439, 0.9991673827171326, -0.03996976464986801, 0.018639763817191124, 0.039811618626117706, 0.9990333914756775),
            ["RightLowerLeg"] = CFrame.new(1.0151416063308716e-07, -0.00006031990051269531, -0.00007207894668681547, 1, -1.1362138252479781e-07, -4.097820749393577e-08, 1.0710209608078003e-07, 0.7533883452415466, 0.6575754284858704, -4.0046870708465576e-08, -0.6575758457183838, 0.7533887028694153),
            ["LeftUpperLeg"] = CFrame.new(5.960464477539063e-08, -2.4656765162944794e-07, -5.587935447692871e-09, 0.9817374348640442, 0.1713358461856842, -0.0826786607503891, -0.18870580196380615, 0.9321446418762207, -0.3090251684188843, 0.024121373891830444, 0.31898361444473267, 0.9474532604217529),
            ["LeftLowerLeg"] = CFrame.new(-7.450580596923828e-09, 0.0000603795051574707, 0.00007204711437225342, 1, 5.2154071283894154e-08, 2.421439226907296e-08, -2.1420419216156006e-08, 0.7608978152275085, 0.6488717794418335, 1.4901161193847656e-08, -0.6488718390464783, 0.7608978748321533),
        }},
        {Time = 0.233, Data = {
            ["RightFoot"] = CFrame.new(8.102506399154663e-08, 5.364418029785156e-07, -2.8107024263590574e-08, 0.962099552154541, 0.12658613920211792, -0.24153822660446167, -0.20855949819087982, 0.9122123122215271, -0.3526633381843567, 0.17569151520729065, 0.3896726369857788, 0.904039740562439),
            ["LeftLowerArm"] = CFrame.new(-5.960464477539063e-08, -1.1920928955078125e-07, 4.470348358154297e-08, 1, -7.823110337312755e-08, 1.415610029198433e-07, 6.332992796842518e-08, -0.4177195429801941, -0.9085760712623596, 8.195637946073475e-08, 0.9085761308670044, -0.4177193343639374),
            ["RightUpperArm"] = CFrame.new(1.1920928955078125e-07, 0, -1.1175870895385742e-08, 0.5238373279571533, -0.8374410271644592, -0.15584313869476318, 0.32469847798347473, 0.3654479682445526, -0.8723638653755188, 0.7875058054924011, 0.40637466311454773, 0.46335113048553467),
            ["Head"] = CFrame.new(-1.3504177331924438e-08, -1.1920928955078125e-07, -3.3818650990724564e-08, 0.9962418079376221, 0.04306915029883385, 0.07514932751655579, -0.014036295935511589, 0.9364194869995117, -0.35060179233551025, -0.08547146618366241, 0.3482293486595154, 0.9335047602653503),
            ["RightHand"] = CFrame.new(1.1920928955078125e-07, 1.1920928955078125e-07, 5.960464477539063e-08, 0.8357827067375183, -0.10442017763853073, -0.5390395522117615, 0.20664085447788239, 0.9693881273269653, 0.13261272013187408, 0.5086912512779236, -0.2222229391336441, 0.831775426864624),
            ["UpperTorso"] = CFrame.new(2.3865140974521637e-09, 8.940696716308594e-08, 7.508788257837296e-09, 0.9985978007316589, -0.02979646436870098, 0.04375676438212395, 0.023928962647914886, 0.9913589358329773, 0.12897635996341705, -0.04722170904278755, -0.12774845957756042, 0.9906818270683289),
            ["HumanoidRootPart"] = CFrame.new(0, 0, 0, 1, 0, 0, 0, 1, 0, 0, 0, 1),
            ["RightUpperLeg"] = CFrame.new(0, 4.691537469625473e-08, 1.3205863069742918e-08, 0.9926899671554565, -0.12051933258771896, 0.006465082056820393, 0.11798878014087677, 0.9577827453613281, -0.262165904045105, 0.02540392056107521, 0.2610121965408325, 0.9650011658668518),
            ["LeftUpperArm"] = CFrame.new(-1.1920928955078125e-07, 0, -3.725290298461914e-08, 0.8408549427986145, 0.14990760385990143, 0.5200873613357544, -0.06678459048271179, 0.9822738170623779, -0.17515136301517487, -0.537124514579773, 0.11254283040761948, 0.8359612822532654),
            ["RightLowerArm"] = CFrame.new(1.1920928955078125e-07, -1.1920928955078125e-07, 8.195638656616211e-08, 1, -4.470347647611561e-08, 2.980232594040899e-08, 1.0430811414607888e-07, 0.7568953037261963, -0.6535362005233765, 3.7252898543727042e-09, 0.6535361409187317, 0.7568953633308411),
            ["LeftHand"] = CFrame.new(1.4901161193847656e-08, 1.1920928955078125e-07, -5.960464477539063e-08, 0.3789786100387573, -0.8898141980171204, 0.2541769742965698, 0.8475662469863892, 0.44401291012763977, 0.290661484003067, -0.371492475271225, 0.10527703166007996, 0.9224478006362915),
            ["LeftFoot"] = CFrame.new(3.632158041000366e-08, -5.960464477539063e-08, 2.7939677238464355e-08, 0.9312677383422852, -0.17231924831867218, 0.32100868225097656, 0.2635793685913086, 0.926926851272583, -0.2670817971229553, -0.25152820348739624, 0.3333359658718109, 0.9086368083953857),
            ["LowerTorso"] = CFrame.new(0.03670836240053177, -0.12619924545288086, -0.053486574441194534, 0.9997410774230957, -0.008346808142960072, -0.02117052488029003, 0.007496118079870939, 0.9991735816001892, -0.03995002433657646, 0.021486487239599228, 0.039780981838703156, 0.9989774227142334),
            ["RightLowerLeg"] = CFrame.new(-3.073364496231079e-08, -0.000060498714447021484, -0.00007205333531601354, 1, -1.0803344707710494e-07, -3.3527616238870905e-08, 1.0151418194936923e-07, 0.7548123002052307, 0.6559404730796814, -4.004688136660661e-08, -0.6559409499168396, 0.7548126578330994),
            ["LeftUpperLeg"] = CFrame.new(2.9802322387695312e-08, -1.0244548320770264e-08, 2.8870999813079834e-08, 0.9827264547348022, 0.16703581809997559, -0.07967279106378555, -0.1836191713809967, 0.9337598085403442, -0.3072078824043274, 0.023080522194504738, 0.31653082370758057, 0.9483014941215515),
            ["LeftLowerLeg"] = CFrame.new(4.7497451305389404e-08, 0.00006079673767089844, 0.00007212534546852112, 1, 7.729979500936679e-08, 1.1175870895385742e-08, -5.7742006731587026e-08, 0.7593895792961121, 0.6506363153457642, 1.4901162970204496e-08, -0.6506363749504089, 0.7593895196914673),
        }},
        {Time = 0.267, Data = {
            ["RightFoot"] = CFrame.new(-6.845220923423767e-08, 4.172325134277344e-07, 2.4047039914876223e-08, 0.961904764175415, 0.13097810745239258, -0.23996655642986298, -0.2119503915309906, 0.9116933941841125, -0.35198312997817993, 0.17267388105392456, 0.38943547010421753, 0.9047231674194336),
            ["LeftLowerArm"] = CFrame.new(0, -1.7881393432617188e-07, 2.2351741790771484e-08, 1, -7.4505820180093e-08, 8.195637946073475e-08, 7.450581307466564e-08, -0.41634228825569153, -0.9092080593109131, 2.0070004325134505e-07, 0.9092079401016235, -0.41634219884872437),
            ["RightUpperArm"] = CFrame.new(-5.960464477539063e-08, -1.1920928955078125e-07, -1.6763806343078613e-08, 0.526212215423584, -0.8360417485237122, -0.15535403788089752, 0.3289269208908081, 0.36859190464019775, -0.8694522380828857, 0.7841606736183167, 0.4064161479473114, 0.4689542055130005),
            ["Head"] = CFrame.new(8.381903171539307e-09, -1.1920928955078125e-07, -1.0244548320770264e-08, 0.9955872297286987, 0.03736433759331703, 0.08608079701662064, -0.0043244087137281895, 0.9346042275428772, -0.3556631803512573, -0.09374065697193146, 0.35372158885002136, 0.9306415915489197),
            ["RightHand"] = CFrame.new(-1.4901161193847656e-07, 1.1920928955078125e-07, -5.960464477539063e-08, 0.8355892896652222, -0.10444378107786179, -0.5393348932266235, 0.20688176155090332, 0.9693096280097961, 0.13281172513961792, 0.5089111924171448, -0.22255441546440125, 0.8315520882606506),
            ["UpperTorso"] = CFrame.new(2.3283064365386963e-10, 3.8743019104003906e-07, 1.3213139027357101e-08, 0.9985251426696777, -0.03119726851582527, 0.04443473368883133, 0.025472527369856834, 0.9919515252113342, 0.12402971088886261, -0.047946494072675705, -0.12271490693092346, 0.991283118724823),
            ["HumanoidRootPart"] = CFrame.new(0, 0, 0, 1, 0, 0, 0, 1, 0, 0, 0, 1),
            ["RightUpperLeg"] = CFrame.new(0, 4.0512531995773315e-07, 1.0411895345896482e-08, 0.9921425580978394, -0.12480772286653519, 0.008733510971069336, 0.12277891486883163, 0.9578383564949036, -0.25975221395492554, 0.024053774774074554, 0.2587833106517792, 0.9656358957290649),
            ["LeftUpperArm"] = CFrame.new(0, -2.384185791015625e-07, -3.3527612686157227e-08, 0.8358291983604431, 0.1496463268995285, 0.5282004475593567, -0.0632546991109848, 0.9819750785827637, -0.1781117022037506, -0.5453333258628845, 0.11545957624912262, 0.8302292823791504),
            ["RightLowerArm"] = CFrame.new(1.1920928955078125e-07, 2.384185791015625e-07, -6.332993507385254e-08, 1, -2.2351745343485163e-08, 1.564621925354004e-07, 1.4901158351676713e-07, 0.7562839388847351, -0.654243528842926, 6.705521116145974e-08, 0.6542436480522156, 0.7562839388847351),
            ["LeftHand"] = CFrame.new(1.4901161193847656e-08, 0, -2.2351741790771484e-07, 0.37191399931907654, -0.8937739729881287, 0.2506949007511139, 0.8493298888206482, 0.43662574887275696, 0.29664307832717896, -0.37459152936935425, 0.1025964766740799, 0.9214961528778076),
            ["LeftFoot"] = CFrame.new(-1.548323780298233e-08, 5.960464477539063e-08, -1.4901161193847656e-08, 0.9313414692878723, -0.1680620312690735, 0.32304519414901733, 0.26159295439720154, 0.9259209632873535, -0.27247005701065063, -0.25332266092300415, 0.3382686972618103, 0.9063122272491455),
            ["LowerTorso"] = CFrame.new(0.0298331119120121, -0.12627673149108887, -0.05737407132983208, 0.9996846914291382, -0.007970991544425488, -0.023811282590031624, 0.007016955409198999, 0.9991796016693115, -0.039886098355054855, 0.024109680205583572, 0.03970643877983093, 0.9989205002784729),
