return {
    ["Whiplash"] = {
        {Time = 0.000, Data = {
            ["UpperTorso"] = CFrame.new(3.1315721571445465e-08, -1.7881393432617188e-07, -2.601882442831993e-08, 0.7653714418411255, 0.06420440226793289, 0.6403783559799194, -0.11939837783575058, 0.9919037818908691, 0.043255094438791275, -0.6324164867401123, -0.10956637561321259, 0.7668406367301941),
            ["LeftLowerArm"] = CFrame.new(-1.7881393432617188e-07, 5.960464477539063e-08, 1.1920928955078125e-07, 1, 2.1979222708523594e-07, 6.22122911408951e-07, -3.203749372460152e-07, -0.09374874830245972, -0.9955958724021912, 4.2095774688277743e-07, 0.9955959320068359, -0.09374883770942688),
            ["RightUpperArm"] = CFrame.new(-0.03674989938735962, 0.007426261901855469, 0.04759303480386734, 0.8471993207931519, -0.46788254380226135, 0.25167185068130493, 0.5225132703781128, 0.819485068321228, -0.23542480170726776, -0.09609003365039825, 0.3309532105922699, 0.9387419819831848),
            ["Head"] = CFrame.new(-7.450580596923828e-09, -1.1920928955078125e-07, -1.30385160446167e-08, 0.9922521114349365, 0.08508551120758057, -0.0905340239405632, -0.08428069204092026, 0.9963613748550415, 0.012684492394328117, 0.09128386527299881, -0.004955857992172241, 0.9958125948905945),
            ["LeftUpperLeg"] = CFrame.new(8.940696716308594e-08, -1.430407792213373e-07, 2.9336661100387573e-08, 0.7227808833122253, 0.6898598670959473, 0.04100087657570839, -0.2909284830093384, 0.3575550317764282, -0.8874204754829407, -0.6268560290336609, 0.629482090473175, 0.45913374423980713),
            ["RightHand"] = CFrame.new(-1.4901161193847656e-07, 0, 1.4901161193847656e-07, 0.8691428899765015, -0.4934651851654053, 0.03290415555238724, 0.49437215924263, 0.8650465607643127, -0.08538664132356644, 0.013671202585101128, 0.09048017114400864, 0.9958044290542603),
            ["HumanoidRootPart"] = CFrame.new(0, 0, 0, 1, 0, 0, 0, 1, 0, 0, 0, 1),
            ["RightUpperLeg"] = CFrame.new(5.960464477539063e-08, -1.816079020500183e-08, -1.305124897044152e-07, 0.9687117338180542, 0.23020868003368378, 0.09274516254663467, -0.23357973992824554, 0.9719585180282593, 0.027150550857186317, -0.08389415591955185, -0.047964561730623245, 0.9953197240829468),
            ["LeftUpperArm"] = CFrame.new(-0.023009061813354492, 0.019360899925231934, 0.04654613137245178, 0.79069983959198, 0.5472403764724731, 0.27444812655448914, -0.5977376103401184, 0.5932140350341797, 0.539264976978302, 0.13230091333389282, -0.5904449224472046, 0.7961604595184326),
            ["RightLowerArm"] = CFrame.new(-1.4901161193847656e-07, 5.960464477539062e-07, -5.960464477539063e-08, 1, -7.450588412893921e-08, 8.046631592151243e-07, -3.3527612686157227e-07, -0.21911518275737762, -0.9756991267204285, 3.725290298461914e-08, 0.9756991267204285, -0.21911503374576569),
            ["LeftHand"] = CFrame.new(-3.0174851417541504e-07, 1.1920928955078125e-07, -4.470348358154297e-08, 0.9075244665145874, 0.29655516147613525, -0.2974119484424591, -0.4076715409755707, 0.7922891974449158, -0.45396313071250916, 0.10101094096899033, 0.5332289338111877, 0.839918851852417),
            ["LowerTorso"] = CFrame.new(0.08103503286838531, -0.2775076627731323, 0.2639046907424927, 0.8292742371559143, -0.1996699422597885, -0.5219541788101196, 0.17355892062187195, 0.9798270463943481, -0.0990777462720871, 0.5312076210975647, -0.00842717569321394, 0.8471997976303101),
            ["LeftFoot"] = CFrame.new(2.3050233721733093e-08, 1.1920928955078125e-07, 1.113478447223315e-07, 0.9949567317962646, 0.032990068197250366, -0.09472417831420898, -0.07151559740304947, 0.8954871892929077, -0.4393042325973511, 0.07033184915781021, 0.44386303424835205, 0.8933305144309998),
            ["RightLowerLeg"] = CFrame.new(2.60770320892334e-08, 2.384185791015625e-07, -3.058084985241294e-08, 1, -4.2840849800995784e-07, -6.444755058510054e-07, 6.444755058510054e-07, 0.7055076956748962, 0.7087019681930542, -2.0535672717869602e-07, -0.7087022662162781, 0.7055081129074097),
            ["RightFoot"] = CFrame.new(-6.51925802230835e-08, 2.384185791015625e-07, 3.053355612792075e-08, 0.992728590965271, -0.045436229556798935, -0.11146988719701767, -0.01970781944692135, 0.8521834015846252, -0.5228715538978577, 0.11875052005052567, 0.521266758441925, 0.8450915813446045),
            ["LeftLowerLeg"] = CFrame.new(2.9802322387695312e-08, -1.7881393432617188e-07, -1.2505543622864934e-07, 1, 2.0861619987044833e-07, -4.917383762403915e-07, 4.544854164123535e-07, -0.454721063375473, 0.8906340003013611, 2.2165477275848389e-07, -0.8906338810920715, -0.45472094416618347),
        }},
        {Time = 0.033, Data = {
            ["UpperTorso"] = CFrame.new(-2.421438694000244e-08, 4.76837158203125e-07, 6.05359673500061e-08, 0.7876659631729126, 0.07173360884189606, 0.6119124293327332, -0.10471032559871674, 0.9943358898162842, 0.01822054572403431, -0.6071392893791199, -0.07842521369457245, 0.7907155752182007),
            ["LeftLowerArm"] = CFrame.new(-4.172325134277344e-07, -2.384185791015625e-07, 5.960464477539063e-08, 1, -1.7881399116959074e-07, -1.1920923270736239e-07, 5.73694592276297e-07, -0.00848726462572813, -0.9999639987945557, 4.8428763221863846e-08, 0.9999640583992004, -0.008487071841955185),
            ["RightUpperArm"] = CFrame.new(-0.03824770450592041, 0.0035744905471801758, 0.04483451694250107, 0.7552168965339661, -0.4793679416179657, 0.44705015420913696, 0.6417864561080933, 0.6794334650039673, -0.3556407392024994, -0.13325807452201843, 0.5554968118667603, 0.8207715749740601),
            ["Head"] = CFrame.new(-5.029141902923584e-08, -2.384185791015625e-07, 1.862645149230957e-09, 0.9885257482528687, 0.07777755707502365, -0.12949034571647644, -0.07854211330413818, 0.9969104528427124, -0.0008013044134713709, 0.12902775406837463, 0.010962524451315403, 0.9915804266929626),
            ["LeftUpperLeg"] = CFrame.new(-1.7881393432617188e-07, 2.405722625553608e-07, 4.0978193283081055e-08, 0.7271212935447693, 0.6369410753250122, 0.2561265826225281, -0.2001969963312149, 0.5535998940467834, -0.8083617091178894, -0.6566702723503113, 0.5365009903907776, 0.5300476551055908),
            ["RightHand"] = CFrame.new(-4.470348358154297e-07, -1.1920928955078125e-07, -2.9802322387695312e-08, 0.7079139947891235, -0.705620288848877, 0.030949275940656662, 0.7030054926872253, 0.7081630229949951, 0.06548803299665451, -0.06812682002782822, -0.02460205741226673, 0.9973733425140381),
            ["HumanoidRootPart"] = CFrame.new(0, 0, 0, 1, 0, 0, 0, 1, 0, 0, 0, 1),
            ["RightUpperLeg"] = CFrame.new(1.1920928955078125e-07, 3.632158041000366e-07, 9.952418622560799e-08, 0.9762747287750244, 0.21263648569583893, 0.0409078411757946, -0.21480266749858856, 0.9748759269714355, 0.058964915573596954, -0.027341654524207115, -0.06635303795337677, 0.9974215626716614),
            ["LeftUpperArm"] = CFrame.new(-0.024425268173217773, 0.01608753204345703, 0.04381747543811798, 0.828750729560852, 0.39824947714805603, 0.39315345883369446, -0.5593503713607788, 0.6112210750579834, 0.5599426031112671, -0.017306765541434288, -0.6839635968208313, 0.7293111085891724),
            ["RightLowerArm"] = CFrame.new(-1.4901161193847656e-07, 1.7881393432617188e-07, -1.7881393432617188e-07, 1, 2.9802343703977385e-08, 5.066397079644958e-07, 1.4901166522918174e-08, -0.1691463589668274, -0.985590934753418, 4.4703497792397684e-08, 0.9855909943580627, -0.1691463589668274),
            ["LeftHand"] = CFrame.new(7.450580596923828e-08, -5.960464477539063e-08, 5.960464477539063e-08, 0.8696861863136292, 0.2979963421821594, -0.3935023844242096, -0.4799758195877075, 0.6965866684913635, -0.5332829356193542, 0.11519266664981842, 0.6526601910591125, 0.7488425374031067),
            ["LowerTorso"] = CFrame.new(0.06640910357236862, -0.3134957551956177, 0.2910608649253845, 0.8479823470115662, -0.1854160577058792, -0.4965350031852722, 0.17088453471660614, 0.9824306964874268, -0.07502269744873047, 0.5017216801643372, -0.021232228726148605, 0.8647685050964355),
            ["LeftFoot"] = CFrame.new(2.421438694000244e-08, 5.960464477539063e-08, 9.365271580463741e-08, 0.9996201992034912, 0.026236437261104584, 0.008436154574155807, -0.016568822786211967, 0.8167354464530945, -0.5767739415168762, -0.022022493183612823, 0.5764155387878418, 0.8168602585792542),
            ["RightLowerLeg"] = CFrame.new(4.470348358154297e-08, 1.7881393432617188e-07, 3.740569809451699e-08, 1, -4.2095774688277743e-07, -4.954637802256912e-07, 8.260836352746992e-07, 0.74964439868927, 0.6618406772613525, -2.5483328158770746e-07, -0.6618409156799316, 0.7496445775032043),
            ["RightFoot"] = CFrame.new(6.612390279769897e-08, 1.7881393432617188e-07, 2.308297553099692e-08, 0.9963800311088562, -0.04094947129487991, -0.07449878007173538, -0.01798923872411251, 0.7549322843551636, -0.6555557250976562, 0.08308616280555725, 0.6545231342315674, 0.751462996006012),
            ["LeftLowerLeg"] = CFrame.new(-8.754432201385498e-08, 1.1920928955078125e-07, -5.148095283402654e-08, 1, 3.4272667903678666e-07, -5.438926677925338e-07, 4.163012761182472e-07, -0.37565311789512634, 0.9267604351043701, 1.6763809895792292e-08, -0.9267603158950806, -0.3756529688835144),
        }},
        {Time = 0.067, Data = {
            ["UpperTorso"] = CFrame.new(0, 1.7881393432617188e-07, -3.725290298461914e-08, 0.8348886966705322, 0.07655442506074905, 0.5450690984725952, -0.08967587351799011, 0.9959678053855896, -0.0025252774357795715, -0.543064534664154, -0.04677128419280052, 0.8383873701095581),
            ["LeftLowerArm"] = CFrame.new(-1.1920928955078125e-07, -1.7881393432617188e-07, -7.644625506630354e-20, 1, -1.1175877290270364e-07, 2.9802311729554276e-08, 3.5762778338721546e-07, 0.14557234942913055, -0.9893476366996765, 5.960463056453591e-08, 0.9893476366996765, 0.14557264745235443),
            ["RightUpperArm"] = CFrame.new(-0.03597778081893921, -0.0015714168548583984, 0.03943881392478943, 0.7264816164970398, -0.4740954339504242, 0.49745166301727295, 0.6864588260650635, 0.533964216709137, -0.49361568689346313, -0.031600456684827805, 0.7000827193260193, 0.7133620381355286),
            ["Head"] = CFrame.new(0, 0, 9.313225746154785e-09, 0.9823733568191528, 0.03391430899500847, -0.18382738530635834, -0.04124029725790024, 0.9984941482543945, -0.03617610037326813, 0.18232356011867523, 0.04311967268586159, 0.9822925925254822),
            ["LeftUpperLeg"] = CFrame.new(0, 1.564621925354004e-07, -5.21540641784668e-08, 0.7808836698532104, 0.5193842649459839, 0.34707456827163696, -0.10174352675676346, 0.6539356708526611, -0.7496777772903442, -0.6163351535797119, 0.5500984191894531, 0.5634913444519043),
            ["RightHand"] = CFrame.new(2.1606683731079102e-07, 2.384185791015625e-07, 5.960464477539063e-08, 0.48734912276268005, -0.8732073307037354, 0.0002021045220317319, 0.8730459809303284, 0.4872545003890991, -0.019329555332660675, 0.016779882833361626, 0.009596754796802998, 0.9998131394386292),
            ["HumanoidRootPart"] = CFrame.new(0, 0, 0, 1, 0, 0, 0, 1, 0, 0, 0, 1),
            ["RightUpperLeg"] = CFrame.new(-5.960464477539063e-08, 5.8673322200775146e-08, -8.674032869748771e-08, 0.9811512231826782, 0.17235656082630157, -0.08738149702548981, -0.17148053646087646, 0.9850322008132935, 0.01749201864004135, 0.0890883207321167, -0.0021781641989946365, 0.9960213303565979),
            ["LeftUpperArm"] = CFrame.new(-0.022281646728515625, 0.010054469108581543, 0.03863905370235443, 0.8535603880882263, 0.3180117905139923, 0.4126780033111572, -0.5157027840614319, 0.6283186674118042, 0.582465648651123, -0.0740623027086258, -0.7099888920783997, 0.7003075480461121),
            ["RightLowerArm"] = CFrame.new(-2.384185791015625e-07, 2.384185791015625e-07, -7.644625506630354e-20, 1, -2.458693018070335e-07, 1.3411046495548362e-07, 2.011657187495075e-07, -0.15746670961380005, -0.9875243902206421, -1.4901164746561335e-08, 0.9875243306159973, -0.1574666053056717),
            ["LeftHand"] = CFrame.new(-3.725290298461914e-07, 2.384185791015625e-07, -1.043081283569336e-07, 0.8294222354888916, 0.30643215775489807, -0.46707355976104736, -0.5403415560722351, 0.6522369384765625, -0.531618595123291, 0.14173810184001923, 0.6933155059814453, 0.7065578103065491),
            ["LowerTorso"] = CFrame.new(0.045554038137197495, -0.3415018320083618, 0.3111675977706909, 0.8849272131919861, -0.16255129873752594, -0.43644145131111145, 0.15868155658245087, 0.9862765669822693, -0.045593585819005966, 0.4378632605075836, -0.028908204287290573, 0.8985767960548401),
            ["LeftFoot"] = CFrame.new(1.30385160446167e-08, -1.1920928955078125e-07, -1.8105993149220012e-08, 0.9937414526939392, 0.050293609499931335, 0.09974261373281479, 0.02446885034441948, 0.7732185125350952, -0.6336673498153687, -0.10899210721254349, 0.6321421265602112, 0.7671487331390381),
            ["RightLowerLeg"] = CFrame.new(1.862645149230957e-09, 1.1920928955078125e-07, -7.528433343395591e-08, 1, -5.774201099484344e-07, -3.2316904707840877e-07, 7.608907139911025e-07, 0.6890255808830261, 0.7247365117073059, 7.671771840023212e-08, -0.7247371077537537, 0.6890261769294739),
            ["RightFoot"] = CFrame.new(-1.7462298274040222e-07, 3.5762786865234375e-07, -7.004928193055093e-08, 0.9995654821395874, -0.016255151480436325, -0.024589456617832184, -0.005438307300209999, 0.7181824445724487, -0.6958336234092712, 0.02897043153643608, 0.6956650018692017, 0.7177820205688477),
            ["LeftLowerLeg"] = CFrame.new(3.725290298461914e-08, -1.7881393432617188e-07, 4.910188522444514e-08, 1, 4.0791934452499845e-07, -5.811455707771529e-07, 4.172326271145721e-07, -0.22131240367889404, 0.9752030968666077, 3.72529100900465e-08, -0.9752030372619629, -0.22131210565567017),
        }},
        {Time = 0.100, Data = {
            ["UpperTorso"] = CFrame.new(-5.774199962615967e-08, -2.9802322387695312e-08, 2.60770320892334e-08, 0.8773361444473267, 0.053275950253009796, 0.47690996527671814, -0.057811371982097626, 0.9983142018318176, -0.005171096418052912, -0.47638145089149475, -0.023033946752548218, 0.8789368867874146),
            ["LeftLowerArm"] = CFrame.new(1.1920928955078125e-07, -4.172325134277344e-07, -5.960464477539063e-08, 1, -3.725294206446961e-08, 2.351588364035706e-07, 2.9802308176840597e-08, 0.332469642162323, -0.9431138038635254, 2.3841846541472478e-07, 0.9431139826774597, 0.33246996998786926),
            ["RightUpperArm"] = CFrame.new(-0.025210678577423096, -0.031307339668273926, 0.02815420553088188, 0.7886834740638733, -0.42436376214027405, 0.4448527693748474, 0.605462372303009, 0.4104921221733093, -0.6818443536758423, 0.10674119740724564, 0.8071007132530212, 0.5806844234466553),
            ["Head"] = CFrame.new(1.862645149230957e-08, -2.384185791015625e-07, -3.725290298461914e-08, 0.9740040898323059, -0.10405781865119934, -0.20121680200099945, 0.07941275089979172, 0.9887300133705139, -0.12691183388233185, 0.21215516328811646, 0.10763341188430786, 0.9712905287742615),
            ["LeftUpperLeg"] = CFrame.new(-1.1920928955078125e-07, -8.300412446260452e-08, 0, 0.8812227249145508, 0.2885448634624481, 0.3744174838066101, -0.011728852055966854, 0.8051834106445312, -0.59291011095047, -0.472555935382843, 0.5180942416191101, 0.7129299640655518),
            ["RightHand"] = CFrame.new(-8.847564458847046e-08, 0, -2.9802322387695312e-08, 0.3354218900203705, -0.9036805033683777, 0.2661839425563812, 0.9272393584251404, 0.2667539417743683, -0.26281076669692993, 0.1664913296699524, 0.3349687457084656, 0.9274032115936279),
            ["HumanoidRootPart"] = CFrame.new(0, 0, 0, 1, 0, 0, 0, 1, 0, 0, 0, 1),
            ["RightUpperLeg"] = CFrame.new(-5.960464477539063e-08, -2.407468855381012e-07, 2.6666384655982256e-09, 0.9745897650718689, 0.08970474451780319, -0.20525053143501282, -0.08378259837627411, 0.995782732963562, 0.037382032722234726, 0.20773851871490479, -0.019235583022236824, 0.9779953956604004),
            ["LeftUpperArm"] = CFrame.new(-0.01198124885559082, -0.0238955020904541, 0.027835872024297714, 0.8927181363105774, 0.2729276418685913, 0.35855960845947266, -0.44353824853897095, 0.6726784110069275, 0.5922649502754211, -0.0795498713850975, -0.6877604722976685, 0.721565842628479),
            ["RightLowerArm"] = CFrame.new(2.384185791015625e-07, 1.1920928955078125e-07, -1.6391277313232422e-07, 1, -2.39582874428379e-07, -4.004688847203397e-08, 3.5390257835388184e-07, -0.2234596312046051, -0.9747132658958435, 8.475035429000854e-08, 0.9747132062911987, -0.22345970571041107),
            ["LeftHand"] = CFrame.new(-4.470348358154297e-07, 0, -1.4901161193847656e-08, 0.7862787842750549, 0.3610334098339081, -0.5014179348945618, -0.596947193145752, 0.6532833576202393, -0.4656990170478821, 0.15943564474582672, 0.6654891967773438, 0.7291808128356934),
            ["LowerTorso"] = CFrame.new(0.015477598644793034, -0.32714974880218506, 0.31109145283699036, 0.9200955033302307, -0.1233624741435051, -0.3717607259750366, 0.1169191524386406, 0.9923388361930847, -0.03991973400115967, 0.3738371729850769, -0.006735986564308405, 0.9274699091911316),
            ["LeftFoot"] = CFrame.new(-3.725290298461914e-09, -5.960464477539063e-08, 6.873983693367336e-08, 0.9665531516075134, 0.07340225577354431, 0.2457381933927536, 0.07715120166540146, 0.830568253993988, -0.5515469908714294, -0.24458713829517365, 0.5520585179328918, 0.7971252799034119),
            ["RightLowerLeg"] = CFrame.new(2.60770320892334e-08, -5.960464477539063e-08, -2.1267624106258154e-08, 1, -4.041939405396988e-07, -7.003549740147719e-07, 6.607735372199386e-07, 0.6930354833602905, 0.7209031581878662, -3.573369156129047e-07, -0.7209035158157349, 0.693035900592804),
            ["RightFoot"] = CFrame.new(-3.166496753692627e-08, 2.384185791015625e-07, 7.312337402254343e-10, 0.9993698596954346, 0.02380025014281273, 0.026335816830396652, 0.0016108325216919184, 0.7107434868812561, -0.7034491896629333, -0.035460084676742554, 0.703048586845398, 0.7102575898170471),
            ["LeftLowerLeg"] = CFrame.new(0, -1.1920928955078125e-07, 8.635478820906428e-08, 1, -6.705523247774181e-08, -4.5169150553192594e-07, 5.159527063369751e-07, 0.14449061453342438, 0.989506185054779, 5.960464477539063e-08, -0.9895062446594238, 0.14449073374271393),
        }},
        {Time = 0.133, Data = {
            ["UpperTorso"] = CFrame.new(-7.450580596923828e-09, 0, -3.166496753692627e-08, 0.8954038023948669, 0.009863728657364845, 0.4451460540294647, -0.001432120567187667, 0.9998131990432739, -0.019273558631539345, -0.44525283575057983, 0.016620103269815445, 0.8952505588531494),
            ["LeftLowerArm"] = CFrame.new(-1.7881393432617188e-07, -1.1920928955078125e-07, -1.1920928955078125e-07, 1, -1.7136333951839333e-07, 2.2351726158831298e-07, 5.21540641784668e-08, 0.620648980140686, -0.7840884923934937, 4.470348358154297e-08, 0.7840884923934937, 0.6206490993499756),
            ["RightUpperArm"] = CFrame.new(-0.009179770946502686, -0.03608274459838867, 0.00803452730178833, 0.7963733673095703, -0.441689670085907, 0.41315844655036926, 0.5421581864356995, 0.21858003735542297, -0.8113491535186768, 0.2680562436580658, 0.8701339364051819, 0.41353681683540344),
            ["Head"] = CFrame.new(2.0489096641540527e-08, 0, -2.421438694000244e-08, 0.9450393319129944, -0.27781665325164795, -0.17239104211330414, 0.2498285472393036, 0.9537097811698914, -0.16740164160728455, 0.2109178900718689, 0.11513301730155945, 0.9706997871398926),
            ["LeftUpperLeg"] = CFrame.new(-5.960464477539063e-08, 1.0337680578231812e-07, 7.450580596923828e-09, 0.8776208162307739, 0.11426540464162827, 0.4655376970767975, 0.09318887442350388, 0.911975622177124, -0.3995203375816345, -0.4702102839946747, 0.3940100371837616, 0.789720356464386),
            ["RightHand"] = CFrame.new(-5.960464477539063e-08, -1.7881393432617188e-07, 1.4901161193847656e-08, 0.45961788296699524, -0.7371241450309753, 0.4953780770301819, 0.8642215132713318, 0.24269455671310425, -0.4407047927379608, 0.20462849736213684, 0.6306720972061157, 0.7485852241516113),
            ["HumanoidRootPart"] = CFrame.new(0, 0, 0, 1, 0, 0, 0, 1, 0, 0, 0, 1),
            ["RightUpperLeg"] = CFrame.new(-5.960464477539063e-08, 1.2386590242385864e-07, 2.6666384655982256e-09, 0.9512176513671875, -0.05252077057957649, -0.3040175437927246, 0.06276477873325348, 0.9977394342422485, 0.024014562368392944, 0.3020690679550171, -0.04192477464675903, 0.9523637890815735),
            ["LeftUpperArm"] = CFrame.new(0.0037395358085632324, -0.03500211238861084, 0.008037760853767395, 0.9272803664207458, 0.25660237669944763, 0.27259206771850586, -0.3692828118801117, 0.7465539574623108, 0.5534321069717407, -0.0614929273724556, -0.613850474357605, 0.7870238423347473),
            ["RightLowerArm"] = CFrame.new(-5.960464477539063e-08, 4.76837158203125e-07, -6.48200511932373e-07, 1, -8.614736657364119e-08, 2.421439546651527e-07, 1.564622920113834e-07, -0.3094278872013092, -0.9509227871894836, 5.960468030252741e-08, 0.9509230256080627, -0.3094283640384674),
            ["LeftHand"] = CFrame.new(-2.980232238769531e-07, 1.1920928955078125e-07, -5.587935447692871e-08, 0.7963311672210693, 0.3747519552707672, -0.4747816324234009, -0.5834153294563293, 0.6830498576164246, -0.43939703702926636, 0.1596345603466034, 0.6269001960754395, 0.7625699043273926),
            ["LowerTorso"] = CFrame.new(-0.03542016074061394, -0.2926400899887085, 0.2977699637413025, 0.945049524307251, -0.04319718852639198, -0.3240608274936676, 0.03143313154578209, 0.9986459612846375, -0.04145156964659691, 0.3254126310348511, 0.028987541794776917, 0.9451277256011963),
            ["LeftFoot"] = CFrame.new(5.21540641784668e-08, 1.1920928955078125e-07, -1.6243347999989055e-08, 0.9742097854614258, 0.1401354968547821, 0.17685455083847046, 0.009498640894889832, 0.757611095905304, -0.6526370644569397, -0.22544459998607635, 0.6374853253364563, 0.7367410063743591),
            ["RightLowerLeg"] = CFrame.new(1.1175870895385742e-07, 1.7881393432617188e-07, -3.2443495001643896e-08, 1, -5.438924404188583e-07, -5.438927246359526e-07, 7.040802074698149e-07, 0.6893293261528015, 0.7244477272033691, -2.807938983551139e-07, -0.7244480848312378, 0.6893298625946045),
            ["RightFoot"] = CFrame.new(3.725290298461914e-09, 3.5762786865234375e-07, -2.9071088647469878e-08, 0.9937573075294495, 0.08137886226177216, 0.07631528377532959, -0.003182834479957819, 0.7044496536254883, -0.7097465395927429, -0.11151855438947678, 0.7050732970237732, 0.7003112435340881),
            ["LeftLowerLeg"] = CFrame.new(5.21540641784668e-08, -1.7881393432617188e-07, -4.7755662535564625e-08, 1, -1.3411046495548362e-07, -5.383045618145843e-07, 4.358590217634628e-07, 0.42274609208106995, 0.9062480330467224, 6.33299421792799e-08, -0.9062482118606567, 0.4227464199066162),
        }},
        {Time = 0.167, Data = {
            ["UpperTorso"] = CFrame.new(-1.4901161193847656e-08, -4.172325134277344e-07, -1.862645149230957e-09, 0.898905873298645, -0.03699374198913574, 0.4365774095058441, 0.06029515340924263, 0.9973935484886169, -0.03963175415992737, -0.4339732229709625, 0.06194889172911644, 0.8987933993339539),
            ["LeftLowerArm"] = CFrame.new(4.470348358154297e-07, -4.76837158203125e-07, 2.384185791015625e-07, 1, 1.2113018499348982e-07, -1.4901154088420299e-08, 2.2351730422087712e-07, 0.8825395107269287, -0.47023797035217285, 6.705519695060502e-08, 0.47023820877075195, 0.8825396299362183),
            ["RightUpperArm"] = CFrame.new(0.010805845260620117, -0.02076399326324463, -0.008517764508724213, 0.6805049777030945, -0.5471894145011902, 0.4873366355895996, 0.5841386914253235, 0.003589766565710306, -0.8116461038589478, 0.44237440824508667, 0.8370012044906616, 0.3220771253108978),
            ["Head"] = CFrame.new(3.725290298461914e-09, 1.1920928955078125e-07, -1.3969838619232178e-08, 0.8849914073944092, -0.44204387068748474, -0.1462450474500656, 0.4293883144855499, 0.8963011503219604, -0.11076910048723221, 0.18004415929317474, 0.035233672708272934, 0.9830272793769836),
            ["LeftUpperLeg"] = CFrame.new(-5.960464477539063e-08, -1.862645149230957e-07, -1.4901161193847656e-08, 0.8421881794929504, -0.06287206709384918, 0.5355056524276733, 0.19678069651126862, 0.9605124592781067, -0.19670575857162476, -0.5019925236701965, 0.27104029059410095, 0.821304202079773),
            ["RightHand"] = CFrame.new(1.5273690223693848e-07, -4.76837158203125e-07, 2.942979335784912e-07, 0.4790794849395752, -0.7637065649032593, 0.4327062666416168, 0.832125723361969, 0.238250732421875, -0.5008029937744141, 0.27937382459640503, 0.599990725517273, 0.7496411204338074),
            ["HumanoidRootPart"] = CFrame.new(0, 0, 0, 1, 0, 0, 0, 1, 0, 0, 0, 1),
            ["RightUpperLeg"] = CFrame.new(-2.9802322387695312e-08, -2.7939677238464355e-07, 2.501838025636971e-08, 0.8951402306556702, -0.21589092910289764, -0.39001917839050293, 0.2343970686197281, 0.9721410274505615, -0.00014890263264533132, 0.37918582558631897, -0.09128600358963013, 0.9208067655563354),
            ["LeftUpperArm"] = CFrame.new(0.02399390935897827, -0.02767813205718994, -0.00880163162946701, 0.9512128829956055, 0.20839186012744904, 0.22752337157726288, -0.29575422406196594, 0.8259071111679077, 0.4800072908401489, -0.087883360683918, -0.523880124092102, 0.8472461700439453),
            ["RightLowerArm"] = CFrame.new(9.5367431640625e-07, 4.172325134277344e-07, -6.332993507385254e-08, 1, 5.96047158296642e-08, 2.2351760264882614e-07, 1.490115550950577e-07, -0.44057896733283997, -0.8977143168449402, 3.16649561682425e-07, 0.8977139592170715, -0.4405781030654907),
            ["LeftHand"] = CFrame.new(5.960464477539063e-08, -1.1920928955078125e-07, -1.9371509552001953e-07, 0.8039913177490234, 0.3510042130947113, -0.4799938201904297, -0.5499924421310425, 0.7458222508430481, -0.37584295868873596, 0.2260674685239792, 0.5661671757698059, 0.7926841378211975),
            ["LowerTorso"] = CFrame.new(-0.09655880182981491, -0.24490702152252197, 0.2663099765777588, 0.957394540309906, 0.05641890689730644, -0.2832183837890625, -0.07223881781101227, 0.996338963508606, -0.04571982100605965, 0.2796020209789276, 0.0642312690615654, 0.957965075969696),
            ["LeftFoot"] = CFrame.new(2.2351741790771484e-08, 0, 5.204583430895582e-10, 0.9824857115745544, 0.15816885232925415, 0.09851206094026566, -0.07504355162382126, 0.8197627663612366, -0.5677652359008789, -0.1705593317747116, 0.5504285097122192, 0.8172747492790222),
            ["RightLowerLeg"] = CFrame.new(7.450580596923828e-08, 5.960464477539063e-08, -2.964952727779746e-08, 1, -5.438923267320206e-07, -4.991890136807342e-07, 7.152559078349441e-07, 0.7060900330543518, 0.7081218361854553, -3.2596298638054577e-07, -0.708122193813324, 0.7060903310775757),
            ["RightFoot"] = CFrame.new(-1.1175870895385742e-08, 2.384185791015625e-07, -1.0357689461670816e-07, 0.9806756973266602, 0.15288145840168, 0.12207586318254471, -0.022284677252173424, 0.7072089910507202, -0.7066532373428345, -0.19436714053153992, 0.6902773976325989, 0.6969496607780457),
            ["LeftLowerLeg"] = CFrame.new(-1.862645149230957e-09, -2.384185791015625e-07, -7.755798492325994e-08, 1, -3.2782563152977673e-07, -4.097819896742294e-07, 4.991890136807342e-07, 0.6443505883216858, 0.7647301554679871, 8.56816981809061e-08, -0.7647303342819214, 0.6443506479263306),
        }},
        {Time = 0.200, Data = {
            ["UpperTorso"] = CFrame.new(2.2351741790771484e-08, 1.7881393432617188e-07, -1.862645149230957e-09, 0.9059386253356934, -0.08781810849905014, 0.41420215368270874, 0.11404179781675339, 0.9927117824554443, -0.038958605378866196, -0.4077618718147278, 0.08253046125173569, 0.9093508124351501),
            ["LeftLowerArm"] = CFrame.new(-5.960464477539063e-08, -5.960464477539062e-07, -2.980232238769531e-07, 1, 0, -3.8184207795666225e-08, 1.5646217832454568e-07, 0.9878981709480286, -0.15510337054729462, 7.823108916227284e-08, 0.15510393679141998, 0.9878982901573181),
            ["RightUpperArm"] = CFrame.new(0.032003164291381836, 0.01843094825744629, -0.013251759111881256, 0.39750608801841736, -0.640959620475769, 0.6566276550292969, 0.6009318232536316, -0.35894548892974854, -0.7141700387001038, 0.6934478878974915, 0.6784754991531372, 0.24248982965946198),
            ["Head"] = CFrame.new(-1.6763806343078613e-08, 0, -6.845220923423767e-08, 0.8132106065750122, -0.5761420130729675, -0.0821523442864418, 0.5730075836181641, 0.8173477649688721, -0.060041289776563644, 0.10173916071653366, 0.0017524657305330038, 0.994809627532959),
            ["LeftUpperLeg"] = CFrame.new(5.960464477539063e-08, 1.6763806343078613e-07, -1.4901161193847656e-08, 0.8162010908126831, -0.2545080780982971, 0.5186922550201416, 0.29388871788978577, 0.9558173418045044, 0.006537456065416336, -0.49743857979774475, 0.14710186421871185, 0.8549360632896423),
            ["RightHand"] = CFrame.new(3.5762786865234375e-07, -1.1920928955078125e-07, -1.6391277313232422e-07, 0.5509467720985413, -0.7866640090942383, 0.27859920263290405, 0.8344707489013672, 0.5149800777435303, -0.19609762728214264, 0.01078966073691845, 0.34052222967147827, 0.9401746392250061),
            ["HumanoidRootPart"] = CFrame.new(0, 0, 0, 1, 0, 0, 0, 1, 0, 0, 0, 1),
            ["RightUpperLeg"] = CFrame.new(5.960464477539063e-08, 8.568167686462402e-08, 1.0117219062522054e-08, 0.8191787600517273, -0.36351606249809265, -0.44362378120422363, 0.38040778040885925, 0.9232365489006042, -0.05407607555389404, 0.42922714352607727, -0.12445998191833496, 0.8945802450180054),
            ["LeftUpperArm"] = CFrame.new(0.04631984233856201, 0.0028783082962036133, -0.014074347913265228, 0.9163181781768799, 0.13472147285938263, 0.37710899114608765, -0.26697689294815063, 0.9074113965034485, 0.3245426416397095, -0.2984701693058014, -0.39806386828422546, 0.8674450516700745),
            ["RightLowerArm"] = CFrame.new(-1.1920928955078125e-07, 5.364418029785156e-07, 2.444721758365631e-07, 1, 5.960467319710006e-08, 4.693866912930389e-07, -4.4703497792397684e-08, -0.5823217034339905, -0.8129583597183228, 1.3131652565334662e-07, 0.8129585385322571, -0.5823219418525696),
            ["LeftHand"] = CFrame.new(5.960464477539063e-08, 0, -2.5331974029541016e-07, 0.7708966732025146, 0.2062227874994278, -0.6026527881622314, -0.46709123253822327, 0.8262968063354492, -0.3147379159927368, 0.43306368589401245, 0.5241237878799438, 0.7333141565322876),
            ["LowerTorso"] = CFrame.new(-0.1567927896976471, -0.21767008304595947, 0.23789668083190918, 0.9577633142471313, 0.14901982247829437, -0.24593190848827362, -0.1662294715642929, 0.9847855567932129, -0.05064786970615387, 0.2346426397562027, 0.08938980102539062, 0.9679629802703857),
            ["LeftFoot"] = CFrame.new(-2.60770320892334e-08, 0, 3.77733613277087e-08, 0.9816831946372986, 0.17893148958683014, 0.06543392688035965, -0.1285633146762848, 0.8756099939346313, -0.4655948281288147, -0.14060428738594055, 0.44865429401397705, 0.8825756907463074),
            ["RightLowerLeg"] = CFrame.new(2.9802322387695312e-08, 0, 2.9023794922977686e-08, 1, -5.662441253662109e-07, -5.51343077859201e-07, 5.215406986280868e-07, 0.6964834332466125, 0.7175727486610413, -9.685756197086448e-08, -0.7175729274749756, 0.6964836716651917),
            ["RightFoot"] = CFrame.new(-7.82310962677002e-08, 2.980232238769531e-07, -6.719346856698394e-09, 0.964707612991333, 0.2180532068014145, 0.14762204885482788, -0.04800841212272644, 0.6968589425086975, -0.7155994176864624, -0.2589104473590851, 0.6832571625709534, 0.6827337145805359),
            ["LeftLowerLeg"] = CFrame.new(4.7031790018081665e-08, 1.7881393432617188e-07, 1.1848982239826e-08, 1, -3.3527609843986284e-07, -2.98023280720372e-07, 5.029140766055207e-07, 0.825926661491394, 0.5637776851654053, -1.3224777717368852e-07, -0.563777506351471, 0.825926661491394),
        }},
        {Time = 0.233, Data = {
            ["UpperTorso"] = CFrame.new(-7.450580596923828e-09, 4.470348358154297e-07, 7.450580596923828e-09, 0.9149956107139587, -0.11092060804367065, 0.38791707158088684, 0.14292030036449432, 0.9882304668426514, -0.05453776568174362, -0.37730222940444946, 0.10534295439720154, 0.9200793504714966),
            ["LeftLowerArm"] = CFrame.new(-1.1920928955078125e-07, -2.384185791015625e-07, -3.725290298461914e-08, 1, -7.450584149637507e-08, 1.0523940119355757e-07, 9.685753354915505e-08, 1, -0.0001600756513653323, -6.845220212881031e-08, 0.00016086742107290775, 1),
            ["RightUpperArm"] = CFrame.new(0.0490645170211792, 0.017841577529907227, -0.010570824146270752, 0.34012916684150696, -0.589713454246521, 0.7324962019920349, 0.36809268593788147, -0.6332935690879822, -0.680769145488739, 0.8653438091278076, 0.5011760592460632, 0.0016677232924848795),
            ["Head"] = CFrame.new(1.862645149230957e-09, -3.5762786865234375e-07, 6.146728992462158e-08, 0.7816846966743469, -0.6228974461555481, -0.03111608326435089, 0.6233046650886536, 0.7819653153419495, 0.004614975303411484, 0.021457193419337273, -0.02300236187875271, 0.9995051622390747),
            ["LeftUpperLeg"] = CFrame.new(2.9802322387695312e-08, 2.0023435354232788e-07, 0, 0.8033061027526855, -0.3388339579105377, 0.4897865056991577, 0.3381783068180084, 0.9364568591117859, 0.09318926185369492, -0.4902395009994507, 0.09077561646699905, 0.866847813129425),
            ["RightHand"] = CFrame.new(1.1920928955078125e-07, 0, -1.909211277961731e-08, 0.7230827808380127, -0.6580010056495667, 0.21020501852035522, 0.6883454322814941, 0.7118094563484192, -0.13966995477676392, -0.05772298201918602, 0.24568673968315125, 0.9676291346549988),
            ["HumanoidRootPart"] = CFrame.new(0, 0, 0, 1, 0, 0, 0, 1, 0, 0, 0, 1),
            ["RightUpperLeg"] = CFrame.new(0, 1.601874828338623e-07, -4.203684511594474e-08, 0.7730960249900818, -0.4343704283237457, -0.4622175395488739, 0.452803373336792, 0.8882461786270142, -0.07738282531499863, 0.4441753625869751, -0.14946913719177246, 0.8833837509155273),
            ["LeftUpperArm"] = CFrame.new(0.06498110294342041, -0.004808783531188965, -0.011644929647445679, 0.7603734135627747, 0.1478516012430191, 0.6324337720870972, -0.3353188931941986, 0.9232979416847229, 0.1873023808002472, -0.5562315583229065, -0.35448703169822693, 0.7516285181045532),
            ["RightLowerArm"] = CFrame.new(1.1920928955078125e-07, 5.364418029785156e-07, 1.1920928955078125e-07, 1, -1.0058287358560847e-07, 2.870802404686401e-07, 7.450584149637507e-08, -0.614349901676178, -0.7890335321426392, 1.639128583974525e-07, 0.7890337109565735, -0.6143502593040466),
            ["LeftHand"] = CFrame.new(-5.960464477539063e-08, -1.1920928955078125e-07, 1.1548399925231934e-07, 0.6431633234024048, 0.08059892803430557, -0.7614754438400269, -0.3287416994571686, 0.9272003173828125, -0.17952382564544678, 0.6915705800056458, 0.36579155921936035, 0.6228375434875488),
            ["LowerTorso"] = CFrame.new(-0.19311094284057617, -0.2247692346572876, 0.206763356924057, 0.9563756585121155, 0.18916070461273193, -0.22262972593307495, -0.20601630210876465, 0.977008581161499, -0.05487716943025589, 0.2071305811405182, 0.09834852814674377, 0.9733573794364929),
            ["LeftFoot"] = CFrame.new(2.9802322387695312e-08, -5.960464477539063e-08, -1.4380702850758098e-08, 0.9801450371742249, 0.19180862605571747, 0.05025197193026543, -0.15086328983306885, 0.8858587741851807, -0.4387419521808624, -0.12867048382759094, 0.42244964838027954, 0.8972069621086121),
            ["RightLowerLeg"] = CFrame.new(-2.9802322387695312e-08, 0, 1.6043486539274454e-08, 1, -6.407502155525435e-07, -4.0233149434243387e-07, 6.109477794780105e-07, 0.6798949837684631, 0.7333090901374817, 2.5937339387382963e-07, -0.7333095669746399, 0.6798954606056213),
            ["RightFoot"] = CFrame.new(-2.2351741790771484e-08, 2.980232238769531e-07, -8.86757334228605e-08, 0.9540603160858154, 0.2600790560245514, 0.14875391125679016, -0.07028388977050781, 0.6769028306007385, -0.7327094674110413, -0.2912544906139374, 0.6885939240455627, 0.6640852689743042),
            ["LeftLowerLeg"] = CFrame.new(7.683411240577698e-08, -5.960464477539063e-08, 2.5818820859058178e-08, 1, -4.6938657760620117e-07, -3.427268211453338e-07, 5.681068842022796e-07, 0.8758803606033325, 0.48252856731414795, -1.6298149319027289e-07, -0.4825283885002136, 0.875880241394043),
        }},
        {Time = 0.267, Data = {
            ["UpperTorso"] = CFrame.new(4.0978193283081055e-08, 1.1920928955078125e-07, 9.313225746154785e-09, 0.920176088809967, -0.1314244121313095, 0.36878687143325806, 0.16691063344478607, 0.9837685823440552, -0.06588117778301239, -0.3541424572467804, 0.12217691540718079, 0.9271764159202576),
            ["LeftLowerArm"] = CFrame.new(-1.1920928955078125e-07, -1.7881393432617188e-07, -1.862645149230957e-08, 1, -1.266598985694145e-07, 7.450577932388569e-09, 6.705520405603238e-08, 0.9914526343345642, -0.13046646118164062, -3.0267973016862015e-08, 0.13046708703041077, 0.9914527535438538),
            ["RightUpperArm"] = CFrame.new(0.05810117721557617, 0.01581120491027832, -0.009472295641899109, 0.23345516622066498, -0.5801849961280823, 0.7803103923797607, 0.1357368677854538, -0.7751826047897339, -0.6169825196266174, 0.9628468751907349, 0.24995458126068115, -0.10221783816814423),
            ["Head"] = CFrame.new(-1.4901161193847656e-08, -3.5762786865234375e-07, 1.6763806343078613e-08, 0.7786070704460144, -0.6271792054176331, -0.020427225157618523, 0.6268826127052307, 0.7759567499160767, 0.07006718218326569, -0.028094161301851273, -0.06736031919717789, 0.9973331093788147),
            ["LeftUpperLeg"] = CFrame.new(5.960464477539063e-08, 4.936009645462036e-08, 0, 0.8010731935501099, -0.3730877935886383, 0.46806827187538147, 0.37016865611076355, 0.9233011603355408, 0.10242120921611786, -0.47037971019744873, 0.09121730178594589, 0.8777369856834412),
            ["RightHand"] = CFrame.new(2.9802322387695312e-08, -1.7881393432617188e-07, -1.2852251529693604e-07, 0.7955256104469299, -0.6051620841026306, 0.030295297503471375, 0.6051422953605652, 0.7909784317016602, -0.09031101316213608, 0.030689775943756104, 0.09017801284790039, 0.9954527616500854),
            ["HumanoidRootPart"] = CFrame.new(0, 0, 0, 1, 0, 0, 0, 1, 0, 0, 0, 1),
            ["RightUpperLeg"] = CFrame.new(1.1920928955078125e-07, -1.0989606380462646e-07, 2.1293089957907796e-08, 0.7499721050262451, -0.47352904081344604, -0.4618569612503052, 0.4887034296989441, 0.8672017455101013, -0.09555156528949738, 0.4457698166370392, -0.15405018627643585, 0.8817926049232483),
            ["LeftUpperArm"] = CFrame.new(0.07514083385467529, -0.010652899742126465, -0.010671332478523254, 0.6186770796775818, 0.12219695746898651, 0.7760840654373169, -0.38560956716537476, 0.9078884720802307, 0.16444970667362213, -0.6845026612281799, -0.40100690722465515, 0.6088101863861084),
            ["RightLowerArm"] = CFrame.new(1.1920928955078125e-07, 5.960464477539063e-08, 5.364418029785156e-07, 1, -4.295726512282272e-07, 3.0547388973900524e-07, 3.129245840227668e-07, -0.6442789435386658, -0.764790415763855, -1.601875823098453e-07, 0.7647905945777893, -0.6442791819572449),
            ["LeftHand"] = CFrame.new(2.980232238769531e-07, 1.1920928955078125e-07, 2.9802322387695312e-08, 0.5289838314056396, 0.08528827875852585, -0.8443353772163391, -0.16404250264167786, 0.9864484667778015, -0.003130363766103983, 0.8326261043548584, 0.14016246795654297, 0.5358060598373413),
            ["LowerTorso"] = CFrame.new(-0.21797272562980652, -0.24295032024383545, 0.19278720021247864, 0.9568297266960144, 0.2097427248954773, -0.20120906829833984, -0.22535626590251923, 0.9725572466850281, -0.05785393714904785, 0.18355289101600647, 0.10070008039474487, 0.977838397026062),
            ["LeftFoot"] = CFrame.new(-2.60770320892334e-08, 0, 3.4048071029246785e-08, 0.9770666360855103, 0.20669375360012054, 0.05117298662662506, -0.1624583750963211, 0.8789656162261963, -0.44835975766181946, -0.13765257596969604, 0.42976418137550354, 0.8923872113227844),
