return {
    ["Whip It"] = {
        {Time = 0.000, Data = {
            ["LeftFoot"] = CFrame.new(2.6258092589159787e-08, -5.960464477539063e-08, -4.3215976575083914e-08, 0.9870355725288391, -0.16050060093402863, 0.0006321673281490803, 0.15587905049324036, 0.9576610922813416, -0.24204763770103455, 0.03824330121278763, 0.23900823295116425, 0.970264196395874),
            ["LeftLowerArm"] = CFrame.new(-8.940696716308594e-08, -2.384185791015625e-07, 1.1920928955078125e-07, 1, 6.332989528345934e-07, -6.482003414021165e-07, -6.407497608051926e-07, 0.7962213158607483, -0.6050058007240295, 3.166496043149891e-08, 0.6050055027008057, 0.7962211966514587),
            ["LowerTorso"] = CFrame.new(0.0049241213127970695, -0.09604012966156006, 1.2903836221767051e-08, 1, 0, 0, 0, 0.9987502694129944, -0.04997916519641876, 0, 0.04997916519641876, 0.9987502694129944),
            ["Head"] = CFrame.new(3.637978807091713e-10, -3.5762786865234375e-07, 1.7516867956146598e-08, 0.9999933242797852, 0.00019888122915290296, -0.0036603077314794064, -0.00023059752129483968, 0.9999625086784363, -0.008666552603244781, 0.003658446716144681, 0.008667338639497757, 0.9999557733535767),
            ["RightUpperArm"] = CFrame.new(0.01871180534362793, -0.21567654609680176, 5.3551048040390015e-08, 0.7287937998771667, -0.3627645671367645, 0.5807427167892456, 0.43631255626678467, 0.8996792435646057, 0.014446950517594814, -0.5277225971221924, 0.2428564429283142, 0.813959002494812),
            ["UpperTorso"] = CFrame.new(0, -1.4901161193847656e-07, 1.862645149230957e-09, 0.9999980926513672, -0.000013325823601917364, 0.001998883904889226, -0.0002128152409568429, 0.9935846924781799, 0.11309067159891129, -0.0019875678699463606, -0.1130908727645874, 0.9935827255249023),
            ["HumanoidRootPart"] = CFrame.new(0, 0, 0, 1, 0, 0, 0, 1, 0, 0, 0, 1),
            ["RightHand"] = CFrame.new(1.7881393432617188e-07, 3.5762786865234375e-07, -8.940696716308594e-08, 1, 1.1920930376163597e-07, 4.470348358154297e-08, -5.960465188081798e-08, 1, -1.4901161193847656e-08, -2.980232594040899e-08, 0, 1),
            ["LeftUpperArm"] = CFrame.new(-0.10833072662353516, -0.1674201488494873, 4.190951585769653e-08, 0.5946215987205505, 0.13517063856124878, -0.7925620675086975, -0.19807687401771545, 0.9800114631652832, 0.018532773479819298, 0.7792244553565979, 0.14596804976463318, 0.6095095276832581),
            ["RightLowerArm"] = CFrame.new(-1.4901161193847656e-07, 2.384185791015625e-07, -1.4901161193847656e-07, 1, -3.8743019104003906e-07, 7.748602683932404e-07, 7.972120101840119e-07, 0.6082592010498047, -0.7937384843826294, -7.4505797087454084e-09, 0.7937384843826294, 0.6082591414451599),
            ["LeftHand"] = CFrame.new(0, 1.7881393432617188e-07, -8.940696716308594e-08, 1, -7.450584149637507e-09, -2.980232594040899e-08, 5.960465188081798e-08, 1, 4.4703490686970326e-08, 3.725290653733282e-08, 5.960467319710006e-08, 1),
            ["RightUpperLeg"] = CFrame.new(0, 2.7372152544558048e-08, 6.373738870024681e-09, 0.9748929142951965, -0.1940312534570694, -0.10925021022558212, 0.15633352100849152, 0.9457841515541077, -0.2846974730491638, 0.15856730937957764, 0.2604696750640869, 0.9523717164993286),
            ["LeftUpperLeg"] = CFrame.new(0, 1.201988197863102e-08, -2.2023414203431457e-09, 0.9734991192817688, 0.2041163146495819, 0.10313093662261963, -0.16872254014015198, 0.9454662203788757, -0.2786151170730591, -0.15437671542167664, 0.25383108854293823, 0.9548496007919312),
            ["RightLowerLeg"] = CFrame.new(0, -0.0000788569450378418, -0.0000954923962126486, 1, 7.450578820566989e-09, 4.842878098543224e-08, -3.725290298461914e-08, 0.8268373608589172, 0.5624414682388306, -4.842877388000488e-08, -0.5624411106109619, 0.8268371820449829),
            ["RightFoot"] = CFrame.new(-6.075606506783515e-08, 5.960464477539063e-08, 5.2023096941411495e-09, 0.9889892339706421, 0.14768901467323303, -0.009397492744028568, -0.14548730850219727, 0.95869380235672, -0.24441668391227722, -0.027088576927781105, 0.24309293925762177, 0.9696247577667236),
            ["LeftLowerLeg"] = CFrame.new(2.2351741790771484e-08, 0.00007873773574829102, 0.00009556114673614502, 1, 1.4901161193847656e-08, 1.862644793959589e-08, -4.0978196835794733e-08, 0.8345226645469666, 0.5509735345840454, 1.862645326866641e-08, -0.5509737730026245, 0.8345227241516113),
        }},
        {Time = 0.038, Data = {
            ["LeftFoot"] = CFrame.new(1.8002467072619766e-08, 0, -1.0343242706767342e-08, 0.9891592860221863, -0.14307917654514313, 0.03305086866021156, 0.1468135416507721, 0.9683592915534973, -0.20180732011795044, -0.0031306734308600426, 0.2044719010591507, 0.9788674116134644),
            ["LeftLowerArm"] = CFrame.new(-2.384185791015625e-07, -3.5762786865234375e-07, -1.4901161193847656e-08, 1, 6.556506946253648e-07, -7.152555099310121e-07, -5.699691882909974e-07, 0.8509525656700134, -0.5252426266670227, 1.7695123233352206e-07, 0.5252425670623779, 0.8509525060653687),
            ["LowerTorso"] = CFrame.new(0.010015837848186493, -0.09837448596954346, 1.2903836221767051e-08, 0.9999911189079285, 0.004236819688230753, -0.00014048257435206324, -0.00423854636028409, 0.9987413883209229, -0.04997694864869118, -0.00007143754191929474, 0.04997709393501282, 0.9987503886222839),
            ["Head"] = CFrame.new(-1.076841726899147e-09, -3.5762786865234375e-07, -2.467504600645043e-08, 0.9999991655349731, 0.0008445974672213197, 0.0009828383335843682, -0.0007945123361423612, 0.9987544417381287, -0.0498904250562191, -0.001023751450702548, 0.04988960176706314, 0.9987542629241943),
            ["RightUpperArm"] = CFrame.new(0.005385875701904297, -0.17190492153167725, 0.008869738318026066, 0.8499632477760315, -0.3558414578437805, 0.38850927352905273, 0.42633286118507385, 0.8978040814399719, -0.11039970815181732, -0.3095201849937439, 0.25947001576423645, 0.9148073196411133),
            ["UpperTorso"] = CFrame.new(-2.7137048164149746e-10, 2.9802322387695312e-08, 1.2563873497128952e-08, 0.9999995827674866, -0.00042195894639007747, -0.0008154518436640501, 0.0005270699039101601, 0.9910442233085632, 0.13353314995765686, 0.0007518033962696791, -0.1335335373878479, 0.9910440444946289),
            ["HumanoidRootPart"] = CFrame.new(0, 0, 0, 1, 0, 0, 0, 1, 0, 0, 0, 1),
            ["RightHand"] = CFrame.new(-1.1920928955078125e-07, 1.1920928955078125e-07, -1.1920928955078125e-07, 0.9933860301971436, 7.450579886381092e-08, -0.11482274532318115, -5.960464477539063e-08, 1, -7.4505797087454084e-09, 0.11482280492782593, -1.4901159417490817e-08, 0.9933860301971436),
            ["LeftUpperArm"] = CFrame.new(-0.05621755123138428, -0.13464891910552979, 0.002169188344851136, 0.7588804364204407, 0.13195300102233887, -0.6377220749855042, -0.2037019282579422, 0.9782158136367798, -0.03999597206711769, 0.6185516715049744, 0.16025714576244354, 0.7692275047302246),
            ["RightLowerArm"] = CFrame.new(0, 1.1920928955078125e-07, 2.2351741790771484e-08, 1, -2.905726432800293e-07, 7.37607479095459e-07, 9.08970832824707e-07, 0.5552692413330078, -0.8316707611083984, -3.91155481338501e-08, 0.8316706418991089, 0.5552691221237183),
            ["LeftHand"] = CFrame.new(-5.960464477539063e-08, 2.384185791015625e-07, -2.682209014892578e-07, 1, 1.4901168299275014e-08, 1.4901162970204496e-08, -1.4901162970204496e-08, 1, 1.1920930376163597e-07, 2.980232594040899e-08, -1.4901168299275014e-08, 1),
            ["RightUpperLeg"] = CFrame.new(5.960464477539063e-08, 1.9067374523729086e-07, 5.748006515204906e-10, 0.9742624759674072, -0.19741587340831757, -0.10881020873785019, 0.15797287225723267, 0.9422958493232727, -0.29516685009002686, 0.16080200672149658, 0.2703804075717926, 0.9492297172546387),
            ["LeftUpperLeg"] = CFrame.new(-5.960464477539063e-08, 8.474307833239436e-08, 5.2787072490900755e-09, 0.9777570962905884, 0.19548873603343964, 0.07599499076604843, -0.1667485535144806, 0.9443004727363586, -0.2837103307247162, -0.12722432613372803, 0.26472777128219604, 0.9558939337730408),
            ["RightLowerLeg"] = CFrame.new(8.568167686462402e-08, -0.00007838010787963867, -0.00009558180317981169, 1, -1.1175869119028903e-08, 1.0430815677864302e-07, -3.3527616238870905e-08, 0.8155263662338257, 0.5787201523780823, -6.705523247774181e-08, -0.578719973564148, 0.8155261874198914),
            ["RightFoot"] = CFrame.new(1.4415491023100913e-08, -5.960464477539063e-08, 3.105378709733486e-08, 0.989395260810852, 0.14506931602954865, -0.007208231370896101, -0.1421310305595398, 0.9567424654960632, -0.25385525822639465, -0.029930479824543, 0.25218814611434937, 0.9672154188156128),
            ["LeftLowerLeg"] = CFrame.new(0, 0.00007873773574829102, 0.00009546801447868347, 1, 1.1175870895385742e-08, -3.7252894102834944e-09, -3.352760913344355e-08, 0.8238958716392517, 0.5667411684989929, 3.7252898543727042e-09, -0.5667413473129272, 0.8238959312438965),
        }},
        {Time = 0.077, Data = {
            ["LeftFoot"] = CFrame.new(1.4901161193847656e-08, -1.1920928955078125e-07, -2.3283064365386963e-09, 0.9876906275749207, -0.11125656217336655, 0.10995141416788101, 0.1268060803413391, 0.9810669422149658, -0.146383136510849, -0.09158363938331604, 0.158523827791214, 0.983098566532135),
            ["LeftLowerArm"] = CFrame.new(-1.7881393432617188e-07, 1.1920928955078125e-07, -1.862645149230957e-08, 1, 7.003542350503267e-07, -4.95463439165178e-07, -5.196778829485993e-07, 0.931420624256134, -0.36394497752189636, 1.147854788996483e-07, 0.3639448583126068, 0.9314204454421997),
            ["LowerTorso"] = CFrame.new(0.023580117151141167, -0.1147153377532959, 1.2903836221767051e-08, 0.9998594522476196, 0.016751833260059357, -0.0006951977265998721, -0.016765642911195755, 0.9986100196838379, -0.04996948316693306, -0.00014284894859883934, 0.04997411370277405, 0.9987505078315735),
            ["Head"] = CFrame.new(-5.005858838558197e-09, 2.384185791015625e-07, 5.180481821298599e-08, 0.9999321103096008, 0.0026654854882508516, 0.011341438628733158, -0.001212727976962924, 0.992001473903656, -0.12622052431106567, -0.011587163433432579, 0.1261982023715973, 0.9919373989105225),
            ["RightUpperArm"] = CFrame.new(-0.019362151622772217, -0.09061408042907715, 0.0253420639783144, 0.9669095277786255, -0.2435626983642578, -0.07591594010591507, 0.21578140556812286, 0.9395208358764648, -0.26596808433532715, 0.13610424101352692, 0.2407858967781067, 0.96098792552948),
            ["UpperTorso"] = CFrame.new(-7.826201908756047e-10, -5.960464477539063e-08, 2.9958755476400256e-09, 0.9999707341194153, -0.0011625407496467233, -0.0075643896125257015, 0.0025205560959875584, 0.9832789897918701, 0.18208807706832886, 0.007226220332086086, -0.1821018010377884, 0.9832531213760376),
            ["HumanoidRootPart"] = CFrame.new(0, 0, 0, 1, 0, 0, 0, 1, 0, 0, 0, 1),
            ["RightHand"] = CFrame.new(-2.4586915969848633e-07, 1.1920928955078125e-07, 1.7881393432617188e-07, 0.9460082054138184, 5.21540641784668e-08, -0.3241429030895233, -4.842877388000488e-08, 1, 5.215405707303944e-08, 0.3241429328918457, 9.313225746154785e-09, 0.9460082054138184),
            ["LeftUpperArm"] = CFrame.new(0.04083937406539917, -0.07397568225860596, 0.006197747308760881, 0.9621912240982056, 0.1423775553703308, -0.23219962418079376, -0.17198362946510315, 0.9786445498466492, -0.11259134858846664, 0.21121007204055786, 0.14826887845993042, 0.966129720211029),
            ["RightLowerArm"] = CFrame.new(5.960464477539063e-08, -3.5762786865234375e-07, -1.4901161193847656e-08, 1, -2.682208730675484e-07, 8.493660743624787e-07, 8.586793001086335e-07, 0.42984187602996826, -0.9029041528701782, -2.607702853651972e-08, 0.9029041528701782, 0.42984187602996826),
            ["LeftHand"] = CFrame.new(7.450580596923828e-08, 4.76837158203125e-07, 8.940696716308594e-08, 1, 0, 0, -3.725290298461914e-09, 1, 1.1548401346317405e-07, -3.3527612686157227e-08, 1.3038522261865637e-08, 1),
            ["RightUpperLeg"] = CFrame.new(5.960464477539063e-08, -1.7699494492262602e-07, -1.9863364286720753e-09, 0.9721900820732117, -0.21034008264541626, -0.10297402739524841, 0.16437312960624695, 0.9260486960411072, -0.3397287428379059, 0.16681751608848572, 0.3133541941642761, 0.9348693490028381),
            ["LeftUpperLeg"] = CFrame.new(-1.1920928955078125e-07, -6.482878234237432e-08, -8.003553375601768e-11, 0.9853848218917847, 0.17031386494636536, -0.0031571793369948864, -0.16055083274841309, 0.9223862886428833, -0.35132211446762085, -0.05692288652062416, 0.34669435024261475, 0.936249315738678),
            ["RightLowerLeg"] = CFrame.new(8.568167686462402e-08, -0.00007861852645874023, -0.00009554455027682707, 1, -1.4901157641133977e-08, 5.587938289863814e-08, -4.4703490686970326e-08, 0.7627049088478088, 0.646746814250946, -2.2351745343485163e-08, -0.6467465758323669, 0.7627048492431641),
            ["RightFoot"] = CFrame.new(4.521280061453581e-08, 1.1920928955078125e-07, -7.261405698955059e-09, 0.990301787853241, 0.13892915844917297, -0.0010536899790167809, -0.13311368227005005, 0.9466230869293213, -0.29357287287712097, -0.03978873789310455, 0.29086676239967346, 0.9559361338615417),
            ["LeftLowerLeg"] = CFrame.new(1.1362135410308838e-07, 0.00007843971252441406, 0.00009551271796226501, 1, 5.5879340266073996e-08, 2.2351734685344127e-08, -7.823108916227284e-08, 0.7246766686439514, 0.6890889406204224, 2.514570596190424e-08, -0.6890890598297119, 0.724676787853241),
        }},
        {Time = 0.115, Data = {
            ["LeftFoot"] = CFrame.new(-1.5798006458567215e-08, -5.960464477539063e-08, 3.621715904955636e-08, 0.9761644601821899, -0.09674825519323349, 0.1942751109600067, 0.1220581904053688, 0.9848935604095459, -0.12282688915729523, -0.17945697903633118, 0.14361253380775452, 0.9732269644737244),
            ["LeftLowerArm"] = CFrame.new(-1.1920928955078125e-07, -2.384185791015625e-07, -1.4901161193847656e-08, 1, 8.386554668504687e-07, -3.520397626743943e-07, -5.569308427766373e-07, 0.9622275233268738, -0.2722465693950653, 1.303851426825986e-08, 0.27224642038345337, 0.962227463722229),
            ["LowerTorso"] = CFrame.new(0.043050650507211685, -0.15906882286071777, 2.137230836751769e-08, 0.9993043541908264, 0.03724687919020653, -0.001863892306573689, -0.037293482571840286, 0.9980555772781372, -0.04994439333677292, -4.848363488463292e-09, 0.04997916892170906, 0.9987502694129944),
            ["Head"] = CFrame.new(7.450580596923828e-09, 3.5762786865234375e-07, 2.3690517991781235e-08, 0.9997431635856628, 0.00442587211728096, 0.022228572517633438, -0.0006501192692667246, 0.985944926738739, -0.16706955432891846, -0.022655576467514038, 0.16701218485832214, 0.9856945276260376),
            ["RightUpperArm"] = CFrame.new(-0.03268790245056152, -0.04684245586395264, 0.03421171382069588, 0.9271575212478638, -0.02406972460448742, -0.3738984763622284, -0.061199918389320374, 0.9748022556304932, -0.21451175212860107, 0.36963990330696106, 0.2217688113451004, 0.9023218750953674),
            ["UpperTorso"] = CFrame.new(-1.958089912434957e-09, 1.4901161193847656e-07, 1.4551915228366852e-10, 0.999876081943512, -0.001610918901860714, -0.01566101796925068, 0.005315172486007214, 0.9708868861198425, 0.23947958648204803, 0.014819293282926083, -0.23953312635421753, 0.9707751870155334),
            ["HumanoidRootPart"] = CFrame.new(0, 0, 0, 1, 0, 0, 0, 1, 0, 0, 0, 1),
            ["RightHand"] = CFrame.new(0, 1.1920928955078125e-07, 2.980232238769531e-07, 0.9025323390960693, 8.754432201385498e-08, -0.4306222200393677, -1.043081283569336e-07, 1, -2.2351738238057806e-08, 0.43062224984169006, 5.587935447692871e-08, 0.9025322198867798),
            ["LeftUpperArm"] = CFrame.new(0.09391653537750244, -0.04186511039733887, 0.008366933092474937, 0.9851145148277283, 0.1460462063550949, 0.0906628742814064, -0.14322353899478912, 0.9890009760856628, -0.03693632036447525, -0.0950598269701004, 0.023401537910103798, 0.995196521282196),
            ["RightLowerArm"] = CFrame.new(5.960464477539063e-08, 1.1920928955078125e-07, -3.91155481338501e-08, 1, 8.847564458847046e-09, 9.965150411517243e-07, 9.676441550254822e-07, 0.29268577694892883, -0.9562087059020996, -2.41096131503582e-07, 0.9562087059020996, 0.2926858067512512),
            ["LeftHand"] = CFrame.new(2.300366759300232e-07, 2.384185791015625e-07, 1.4901161193847656e-08, 1, -8.847569787917564e-09, 0, -2.7939681679356454e-09, 1, 1.4249238233787764e-07, 5.587936335871291e-09, 4.656615537612652e-09, 1),
            ["RightUpperLeg"] = CFrame.new(-2.9802322387695312e-08, -4.353933036327362e-08, -1.6007106751203537e-10, 0.9683646559715271, -0.23452401161193848, -0.08525536954402924, 0.17756010591983795, 0.8876348733901978, -0.42494383454322815, 0.17533518373966217, 0.3963622748851776, 0.9011960029602051),
            ["LeftUpperLeg"] = CFrame.new(0, 4.406319931149483e-08, -3.1200215744320303e-09, 0.9877309203147888, 0.1101035624742508, -0.11074740439653397, -0.15121214091777802, 0.8515022993087769, -0.5020743608474731, 0.039021484553813934, 0.5126606822013855, 0.8577041029930115),
            ["RightLowerLeg"] = CFrame.new(6.705522537231445e-08, -0.00007832050323486328, -0.00009547004447085783, 1, -1.4901155864777138e-08, 8.195639367158947e-08, -4.470348358154297e-08, 0.6424715518951416, 0.7663097381591797, -5.960464477539063e-08, -0.7663094997406006, 0.6424713134765625),
            ["RightFoot"] = CFrame.new(-1.0143958206754178e-07, -1.1920928955078125e-07, -4.678440745919943e-09, 0.9912555813789368, 0.13170179724693298, 0.008182268589735031, -0.11940939724445343, 0.9216711521148682, -0.3691384196281433, -0.05615794658660889, 0.3649342656135559, 0.9293385148048401),
            ["LeftLowerLeg"] = CFrame.new(3.166496753692627e-08, 0.00007891654968261719, 0.00009541958570480347, 1, 6.146728992462158e-08, 4.470348358154297e-08, -5.587935447692871e-08, 0.4510680139064789, 0.8924895524978638, 3.5390257835388184e-08, -0.8924896121025085, 0.45106807351112366),
        }},
        {Time = 0.154, Data = {
            ["LeftFoot"] = CFrame.new(2.7939677238464355e-09, 0, 1.862645149230957e-08, 0.9929713010787964, -0.06372038275003433, 0.09973827004432678, 0.07523185759782791, 0.9903645515441895, -0.11626800894737244, -0.09136858582496643, 0.12295463681221008, 0.988197386264801),
            ["LeftLowerArm"] = CFrame.new(-1.4901161193847656e-07, -4.172325134277344e-07, -9.685754776000977e-08, 1, 8.242199669439287e-07, -3.827734360584145e-07, -5.252658183962922e-07, 0.9483643770217896, -0.3171832263469696, 1.4901157641133977e-08, 0.31718310713768005, 0.9483643174171448),
            ["LowerTorso"] = CFrame.new(0.06556118279695511, -0.2394273281097412, 2.137230836751769e-08, 0.9979175329208374, 0.06424302607774734, -0.005784529726952314, -0.06449436396360397, 0.9952257871627808, -0.07325388491153717, 0.0010508616687729955, 0.07347440719604492, 0.9972965717315674),
            ["Head"] = CFrame.new(-2.0023435354232788e-08, 2.384185791015625e-07, 5.960464477539063e-08, 0.9988608956336975, -0.034665074199438095, 0.03279046341776848, 0.03944745659828186, 0.9865370988845825, -0.1587091088294983, -0.026847345754504204, 0.15982182323932648, 0.9867807626724243),
            ["RightUpperArm"] = CFrame.new(-0.0326879620552063, -0.04684293270111084, 0.0342116616666317, 0.9050472378730774, 0.12910576164722443, -0.40524283051490784, -0.2039603739976883, 0.9678541421890259, -0.14716801047325134, 0.3732152581214905, 0.21584750711917877, 0.9022858738899231),
            ["UpperTorso"] = CFrame.new(-1.6410922398790717e-08, -8.940696716308594e-08, -1.4959368854761124e-08, 0.9997466802597046, -0.001620005234144628, -0.022450124844908714, 0.007994511164724827, 0.9579312801361084, 0.2868865132331848, 0.021040916442871094, -0.2869933247566223, 0.9577015042304993),
            ["HumanoidRootPart"] = CFrame.new(0, 0, 0, 1, 0, 0, 0, 1, 0, 0, 0, 1),
            ["RightHand"] = CFrame.new(-2.9802322387695312e-08, 0, -1.341104507446289e-07, 0.9163981676101685, -0.004794001579284668, -0.40023937821388245, 0.000902712345123291, 0.9999505281448364, -0.009910320863127708, 0.4002670645713806, 0.008720524609088898, 0.9163571000099182),
            ["LeftUpperArm"] = CFrame.new(0.09271329641342163, -0.0451122522354126, -0.01353071816265583, 0.9723537564277649, 0.131644606590271, 0.19286760687828064, -0.16130097210407257, 0.9758804440498352, 0.14710436761379242, -0.16884975135326385, -0.17414703965187073, 0.9701353311538696),
            ["RightLowerArm"] = CFrame.new(5.960464477539063e-08, 0, -6.984919309616089e-08, 1, 1.0430815677864302e-07, 9.685755912869354e-07, 8.81729761204042e-07, 0.18920059502124786, -0.9819385409355164, -1.8626454334480513e-07, 0.9819385409355164, 0.18920066952705383),
            ["LeftHand"] = CFrame.new(-2.1420419216156006e-08, 8.344650268554688e-07, 3.4458935260772705e-08, 1, 9.313230187046884e-10, -1.3038517820973539e-08, -1.3038517820973539e-08, 1, 1.4714898100010032e-07, 9.31322685637781e-10, 0, 1),
            ["RightUpperLeg"] = CFrame.new(0, -1.369189703837037e-07, -3.499735612422228e-09, 0.962763786315918, -0.26550382375717163, -0.05092833936214447, 0.20233337581157684, 0.8325978517532349, -0.5155990123748779, 0.17929628491401672, 0.4860951900482178, 0.8553151488304138),
            ["LeftUpperLeg"] = CFrame.new(2.9802322387695312e-08, 1.017178874462843e-08, -1.3969838619232178e-08, 0.9800123572349548, -0.02337046153843403, -0.1975593864917755, -0.13641448318958282, 0.6438820958137512, -0.7528659701347351, 0.14479972422122955, 0.7647678852081299, 0.6278243064880371),
            ["RightLowerLeg"] = CFrame.new(2.9802322387695312e-08, -0.0000788569450378418, -0.00009556690201861784, 1, 5.587936335871291e-09, 1.1548402767402877e-07, -3.7252888773764425e-08, 0.44866806268692017, 0.8936983942985535, -2.9802311729554276e-08, -0.893698513507843, 0.44866836071014404),
            ["RightFoot"] = CFrame.new(-5.356923793442547e-08, -1.1920928955078125e-07, -8.13452061265707e-09, 0.9919229745864868, 0.12542641162872314, 0.0188928060233593, -0.10216446220874786, 0.8783096075057983, -0.467048317193985, -0.07517461478710175, 0.46134644746780396, 0.8840300440788269),
            ["LeftLowerLeg"] = CFrame.new(3.725290298461914e-08, 0.0000787973403930664, 0.00009557604789733887, 1, 4.470348358154297e-08, 5.5879368687783426e-08, -7.357446918376809e-08, -0.06757798790931702, 0.9977140426635742, 4.470347292340193e-08, -0.9977140426635742, -0.06757790595293045),
        }},
        {Time = 0.192, Data = {
            ["LeftFoot"] = CFrame.new(-7.450580596923828e-09, -5.960464477539063e-08, -3.073364496231079e-08, 0.9863990545272827, -0.02546016499400139, -0.16238448023796082, 0.02903130277991295, 0.9993852972984314, 0.01965375430881977, 0.1617843210697174, -0.0241006538271904, 0.9865319132804871),
            ["LeftLowerArm"] = CFrame.new(-2.384185791015625e-07, -2.384185791015625e-07, 5.960464477539063e-08, 1, 7.059421136546007e-07, -4.66592496195517e-07, -6.332991802082688e-07, 0.9039413928985596, -0.4276566803455353, -2.9802315282267955e-08, 0.4276564121246338, 0.9039412140846252),
            ["LowerTorso"] = CFrame.new(0.08704567700624466, -0.33427858352661133, 2.137230836751769e-08, 0.9956952929496765, 0.09163329005241394, -0.013935268856585026, -0.09265641868114471, 0.987906277179718, -0.12432210147380829, 0.002374697010964155, 0.12507811188697815, 0.9921441674232483),
            ["Head"] = CFrame.new(-4.190951585769653e-08, 0, 9.080395102500916e-09, 0.9932820796966553, -0.10817509889602661, 0.041097793728113174, 0.11279875040054321, 0.9843792915344238, -0.13518129289150238, -0.02583256922662258, 0.13890890777111053, 0.9899682402610779),
            ["RightUpperArm"] = CFrame.new(-0.03268808126449585, -0.04684281349182129, 0.03421167656779289, 0.8873177766799927, 0.2040267139673233, -0.41357094049453735, -0.27206534147262573, 0.9557106494903564, -0.11223824322223663, 0.3723542392253876, 0.2121092528104782, 0.9035273194313049),
            ["UpperTorso"] = CFrame.new(1.686566974967718e-08, 0, -2.2118911147117615e-09, 0.9996790289878845, -0.0015245311660692096, -0.025292137637734413, 0.00920701865106821, 0.9518139362335205, 0.3065379559993744, 0.023606080561876297, -0.3066723644733429, 0.9515224099159241),
            ["HumanoidRootPart"] = CFrame.new(0, 0, 0, 1, 0, 0, 0, 1, 0, 0, 0, 1),
            ["RightHand"] = CFrame.new(-1.1920928955078125e-07, 5.960464477539063e-08, -7.450580596923828e-08, 0.9467337727546692, -0.01554480753839016, -0.3216421604156494, 0.004633151460438967, 0.9993883967399597, -0.03466266393661499, 0.32198429107666016, 0.03132610768079758, 0.9462266564369202),
            ["LeftUpperArm"] = CFrame.new(0.08561986684799194, -0.05557060241699219, -0.055347807705402374, 0.9653276205062866, 0.11481921374797821, 0.23443379998207092, -0.185350239276886, 0.9338699579238892, 0.30583080649375916, -0.1838149130344391, -0.33867913484573364, 0.922772228717804),
            ["RightLowerArm"] = CFrame.new(-5.960464477539063e-08, -5.960464477539063e-08, 2.60770320892334e-08, 1, 1.7508862981685525e-07, 8.90344153958722e-07, 8.977948482424836e-07, 0.11454452574253082, -0.9934180974960327, -2.2351738948600541e-07, 0.9934181571006775, 0.1145445704460144),
            ["LeftHand"] = CFrame.new(-3.8370490074157715e-07, 4.172325134277344e-07, 0, 1, -2.793969056114065e-09, 2.7939683899802503e-09, 1.0244549208948683e-08, 1, 1.49011640360186e-07, 5.587936335871291e-09, 7.450584149637507e-09, 1),
            ["RightUpperLeg"] = CFrame.new(1.1920928955078125e-07, -2.06069671548903e-07, -1.0077201295644045e-08, 0.9567239880561829, -0.2909022271633148, -0.0074344417080283165, 0.23438461124897003, 0.7854864597320557, -0.5727784037590027, 0.1724621057510376, 0.546248197555542, 0.8196766376495361),
            ["LeftUpperLeg"] = CFrame.new(2.9802322387695312e-08, -2.553133526816964e-07, -2.561137080192566e-09, 0.9515425562858582, -0.21858926117420197, -0.2162996232509613, -0.15227355062961578, 0.27616700530052185, -0.9489703178405762, 0.2671694755554199, 0.935922384262085, 0.22949925065040588),
            ["RightLowerLeg"] = CFrame.new(1.2665987014770508e-07, -0.00007855892181396484, -0.00009548867092235014, 1, 1.2107190805465962e-08, 5.2154071283894154e-08, -5.960465188081798e-08, 0.24036438763141632, 0.9706826210021973, -7.450581485102248e-09, -0.9706827998161316, 0.24036481976509094),
            ["RightFoot"] = CFrame.new(2.2189851733855903e-08, 1.1920928955078125e-07, 7.430207915604115e-08, 0.9923244714736938, 0.12069504708051682, 0.026924915611743927, -0.08566118031740189, 0.8279292583465576, -0.5542511940002441, -0.08918765187263489, 0.5476914048194885, 0.8319138288497925),
            ["LeftLowerLeg"] = CFrame.new(-5.960464477539063e-08, 0.0000787973403930664, 0.00009562820196151733, 1, 5.96046660916727e-08, 1.1548401346317405e-07, -5.215405707303944e-08, -0.5091344714164734, 0.8606870770454407, 1.0244546899684792e-07, -0.8606870174407959, -0.5091344714164734),
        }},
        {Time = 0.231, Data = {
            ["LeftFoot"] = CFrame.new(5.960464477539063e-08, 5.960464477539063e-08, 3.725290298461914e-08, 0.939140260219574, -0.08013668656349182, -0.3340565264225006, 0.13017576932907104, 0.9829082489013672, 0.1301756501197815, 0.3179149925708771, -0.1657392680644989, 0.933520495891571),
            ["LeftLowerArm"] = CFrame.new(-2.980232238769531e-07, -5.960464477539063e-08, 8.940696716308594e-08, 1, 5.682809955942503e-07, -6.128100267233094e-07, -6.034968009771546e-07, 0.8248740434646606, -0.5653166770935059, 4.4703469370688254e-08, 0.5653164982795715, 0.8248739838600159),
            ["LowerTorso"] = CFrame.new(0.10313810408115387, -0.4133727550506592, 2.137230836751769e-08, 0.9933789968490601, 0.11236175149679184, -0.023937666788697243, -0.1148216500878334, 0.9778794646263123, -0.1748368740081787, 0.0037631734739989042, 0.17642785608768463, 0.9843063950538635),
            ["Head"] = CFrame.new(-1.3737007975578308e-08, -2.384185791015625e-07, -5.448237061500549e-08, 0.9880586266517639, -0.14817272126674652, 0.042249519377946854, 0.15175683796405792, 0.9832914471626282, -0.10053812712430954, -0.026646576821804047, 0.10574919730424881, 0.9940358400344849),
            ["RightUpperArm"] = CFrame.new(-0.0326879620552063, -0.04684305191040039, 0.03421163558959961, 0.8844558000564575, 0.22526915371418, -0.40864700078964233, -0.2890698313713074, 0.9519792199134827, -0.1008656769990921, 0.36630120873451233, 0.20733878016471863, 0.9071018695831299),
            ["UpperTorso"] = CFrame.new(2.4156179279088974e-09, -1.7881393432617188e-07, -2.3981556296348572e-08, 0.9997191429138184, -0.0016199189703911543, -0.023648086935281754, 0.008478500880300999, 0.9560950994491577, 0.2929340898990631, 0.022135283797979355, -0.2930522859096527, 0.9558402299880981),
            ["HumanoidRootPart"] = CFrame.new(0, 0, 0, 1, 0, 0, 0, 1, 0, 0, 0, 1),
            ["RightHand"] = CFrame.new(2.9802322387695312e-08, 1.1920928955078125e-07, 1.3969838619232178e-07, 0.9762488603591919, -0.026659980416297913, -0.21500587463378906, 0.012625912204384804, 0.9977142810821533, -0.06638437509536743, 0.2162843644618988, 0.06209303438663483, 0.9743539690971375),
            ["LeftUpperArm"] = CFrame.new(0.07174831628799438, -0.07728850841522217, -0.08127027750015259, 0.9590829610824585, 0.09667616337537766, 0.26610830426216125, -0.20515011250972748, 0.8850530982017517, 0.4178451895713806, -0.1951237916946411, -0.45534032583236694, 0.8686724305152893),
            ["RightLowerArm"] = CFrame.new(0, 1.7881393432617188e-07, -7.450580596923828e-09, 1, 3.501772880554199e-07, 7.878987844378571e-07, 8.083881084530731e-07, 0.06500871479511261, -0.9978846907615662, -2.607703493140434e-07, 0.9978847503662109, 0.0650087520480156),
            ["LeftHand"] = CFrame.new(-1.2665987014770508e-07, 7.748603820800781e-07, 3.725290298461914e-09, 1, 6.536723162753333e-08, -3.725290742551124e-09, 2.9103830456733704e-10, 1, 1.5087427129856223e-07, 9.313225746154785e-09, 3.7252920748187535e-09, 1),
            ["RightUpperLeg"] = CFrame.new(0, -1.5273690223693848e-07, -4.011235432699323e-08, 0.9525830745697021, -0.3024497330188751, 0.03331190347671509, 0.2610647678375244, 0.7561465501785278, -0.6000731587409973, 0.15630324184894562, 0.5803160667419434, 0.7992512583732605),
            ["LeftUpperLeg"] = CFrame.new(2.9802322387695312e-08, -2.6996713131666183e-07, -2.4330802261829376e-08, 0.9062058329582214, -0.36580488085746765, -0.21207958459854126, -0.21501979231834412, 0.03320607170462608, -0.9760450124740601, 0.3640843331813812, 0.9300990104675293, -0.04856371879577637),
            ["RightLowerLeg"] = CFrame.new(-1.4901161193847656e-08, -0.0000782012939453125, -0.00009546631918055937, 1, -1.1175867342672063e-08, 2.980232594040899e-08, -5.960463766996327e-08, 0.08052043616771698, 0.996752917766571, -2.607702853651972e-08, -0.9967530369758606, 0.08052103966474533),
            ["RightFoot"] = CFrame.new(-4.840330802835524e-09, 5.960464477539063e-08, -2.3865140974521637e-09, 0.9926506876945496, 0.1178123876452446, 0.027657903730869293, -0.07623601704835892, 0.7862845063209534, -0.6131423115730286, -0.09398327767848969, 0.6065285801887512, 0.7894881963729858),
            ["LeftLowerLeg"] = CFrame.new(-1.043081283569336e-07, 0.0000788569450378418, 0.00009546801447868347, 1, 4.4703490686970326e-08, 1.3411050758804777e-07, 7.4505797087454084e-09, -0.668919563293457, 0.7433347702026367, 9.685753354915505e-08, -0.7433347702026367, -0.6689196825027466),
        }},
        {Time = 0.269, Data = {
            ["LeftFoot"] = CFrame.new(-7.450580596923828e-08, -1.1920928955078125e-07, 4.6900822781026363e-08, 0.9438199996948242, -0.1550510823726654, -0.29182687401771545, 0.19233344495296478, 0.9758499264717102, 0.10356070101261139, 0.26872214674949646, -0.15387067198753357, 0.9508481621742249),
            ["LeftLowerArm"] = CFrame.new(0, 0, -5.960464477539063e-08, 1, 4.63798357941414e-07, -7.003543487371644e-07, -5.885958671569824e-07, 0.7202134728431702, -0.6937528252601624, 2.9802322387695312e-08, 0.6937525272369385, 0.7202132344245911),
            ["LowerTorso"] = CFrame.new(0.10947248339653015, -0.4464595317840576, 5.99857870042797e-08, 0.9922484159469604, 0.12019586563110352, -0.03156024217605591, -0.12407494336366653, 0.9724406599998474, -0.19739441573619843, 0.0069644697941839695, 0.19978013634681702, 0.9798160195350647),
            ["Head"] = CFrame.new(-1.5046680346131325e-08, 2.384185791015625e-07, 2.0489096641540527e-08, 0.9931680560112, -0.11241549253463745, 0.031307436525821686, 0.11415096372365952, 0.9916107058525085, -0.06064572185277939, -0.02422727271914482, 0.06380516290664673, 0.9976682662963867),
            ["RightUpperArm"] = CFrame.new(-0.03268790245056152, -0.04684293270111084, 0.03421168029308319, 0.89980149269104, 0.1935303807258606, -0.3910291790962219, -0.2548193335533142, 0.9606034159660339, -0.11094170063734055, 0.3541530668735504, 0.19946734607219696, 0.9136674404144287),
            ["UpperTorso"] = CFrame.new(-7.741618901491165e-09, 2.9802322387695312e-08, 4.190951585769653e-09, 0.9998102784156799, -0.0017575753154233098, -0.01939735747873783, 0.006694880314171314, 0.9662477970123291, 0.2575277090072632, 0.01829003170132637, -0.25760868191719055, 0.9660762548446655),
            ["HumanoidRootPart"] = CFrame.new(0, 0, 0, 1, 0, 0, 0, 1, 0, 0, 0, 1),
            ["RightHand"] = CFrame.new(4.470348358154297e-08, 0, -1.564621925354004e-07, 0.9938519597053528, -0.034289050847291946, -0.1052737683057785, 0.02405707910656929, 0.9949965476989746, -0.09696944802999496, 0.10807199031114578, 0.09384070336818695, 0.9897041916847229),
            ["LeftUpperArm"] = CFrame.new(0.05705153942108154, -0.11443877220153809, -0.0855187475681305, 0.9496819376945496, 0.07153427600860596, 0.30493825674057007, -0.21945658326148987, 0.8466117978096008, 0.4848581850528717, -0.22347979247570038, -0.5273815393447876, 0.8197104930877686),
            ["RightLowerArm"] = CFrame.new(1.1920928955078125e-07, -2.980232238769531e-07, -2.3283064365386963e-08, 1, 4.10713255405426e-07, 7.9348671988555e-07, 7.115304470062256e-07, 0.035884201526641846, -0.9993559718132019, -3.096647560596466e-07, 0.9993560314178467, 0.03588425740599632),
            ["LeftHand"] = CFrame.new(-3.3527612686157227e-08, 4.76837158203125e-07, -2.9802322387695312e-08, 1, 2.4214397598143478e-08, 7.450581485102248e-09, -1.4901162970204496e-08, 1, 1.4156104555240745e-07, 0, 7.450584149637507e-09, 1),
            ["RightUpperLeg"] = CFrame.new(-8.940696716308594e-08, 4.190951585769653e-09, -2.4047039914876223e-08, 0.9573066234588623, -0.2792544662952423, 0.07470546662807465, 0.26651039719581604, 0.7525061964988708, -0.6022515296936035, 0.11196509003639221, 0.596449077129364, 0.7948032021522522),
            ["LeftUpperLeg"] = CFrame.new(-5.960464477539063e-08, 2.7532223612070084e-08, -2.3283064365386963e-10, 0.9104076623916626, -0.31418657302856445, -0.26915568113327026, -0.25019705295562744, 0.10000494867563248, -0.9630164504051208, 0.3294838070869446, 0.9440793395042419, 0.012436600401997566),
            ["RightLowerLeg"] = CFrame.new(7.450580596923828e-09, -0.00007843971252441406, -0.00009547190711600706, 1, 1.8626447051417472e-09, 4.470351555596608e-08, -5.215407838932151e-08, 0.017023660242557526, 0.9998551607131958, -2.2351747119842003e-08, -0.999855101108551, 0.017024485394358635),
            ["RightFoot"] = CFrame.new(-5.034416972193867e-08, -5.960464477539063e-08, 5.490437615662813e-08, 0.9930207133293152, 0.11774233728647232, -0.006840873975306749, -0.09531727433204651, 0.7670274972915649, -0.6344934701919556, -0.06945999711751938, 0.6307182908058167, 0.7728980183601379),
            ["LeftLowerLeg"] = CFrame.new(7.450580596923828e-09, 0.00007861852645874023, 0.00009546801447868347, 1, 2.9802315282267955e-08, 1.3731187209486961e-07, -9.872020712009544e-08, -0.6525177955627441, 0.7577734589576721, 1.8626454334480513e-07, -0.7577733397483826, -0.6525177359580994),
        }},
        {Time = 0.308, Data = {
            ["LeftFoot"] = CFrame.new(8.940696716308594e-08, 1.1920928955078125e-07, -4.708999767899513e-08, 0.9588549733161926, -0.2774427533149719, -0.060191087424755096, 0.28217223286628723, 0.9546967148780823, 0.09451373666524887, 0.031242113560438156, -0.107609823346138, 0.9937022924423218),
            ["LeftLowerArm"] = CFrame.new(-3.8743019104003906e-07, -5.960464477539062e-07, 0, 1, 5.140898338140687e-07, -8.12113000847603e-07, -6.10947552104335e-07, 0.6226718425750732, -0.7824831604957581, 0, 0.7824831008911133, 0.6226716637611389),
            ["LowerTorso"] = CFrame.new(0.054327525198459625, -0.3081340789794922, 5.99857870042797e-08, 0.9951083660125732, 0.09331963211297989, -0.03241916000843048, -0.09778106212615967, 0.9771878719329834, -0.18852777779102325, 0.014086267910897732, 0.190775528550148, 0.981532633304596),
            ["Head"] = CFrame.new(9.19681042432785e-09, 0, 7.916241884231567e-09, 0.9989466667175293, -0.044024549424648285, 0.012936253100633621, 0.04435281828045845, 0.9986699223518372, -0.026291074231266975, -0.011761592701077461, 0.02683713473379612, 0.9995706677436829),
            ["RightUpperArm"] = CFrame.new(-0.032688021659851074, -0.04684269428253174, 0.034211695194244385, 0.9275333881378174, 0.09473708271980286, -0.3615344762802124, -0.15743876993656158, 0.9763649702072144, -0.14806939661502838, 0.33896157145500183, 0.1942588835954666, 0.9205260872840881),
            ["UpperTorso"] = CFrame.new(1.0011717677116394e-08, 1.4901161193847656e-07, 6.984919309616089e-10, 0.9999065399169922, -0.0016916205640882254, -0.01357298344373703, 0.0044843885116279125, 0.9780188798904419, 0.20846812427043915, 0.012921985238790512, -0.20850946009159088, 0.9779350161552429),
            ["HumanoidRootPart"] = CFrame.new(0, 0, 0, 1, 0, 0, 0, 1, 0, 0, 0, 1),
            ["RightHand"] = CFrame.new(-7.450580596923828e-08, 2.384185791015625e-07, 2.2351741790771484e-08, 0.9990857243537903, -0.03768201544880867, -0.02019345946609974, 0.03501318395137787, 0.9922435879707336, -0.11927605420351028, 0.024531405419111252, 0.11845994740724564, 0.9926557540893555),
            ["LeftUpperArm"] = CFrame.new(0.04815042018890381, -0.1533658504486084, -0.08708396553993225, 0.9423807263374329, 0.04876997321844101, 0.3309687077999115, -0.22661440074443817, 0.8208304047584534, 0.5242934226989746, -0.24609871208667755, -0.5690860748291016, 0.7845866680145264),
            ["RightLowerArm"] = CFrame.new(1.1920928955078125e-07, -2.384185791015625e-07, -2.9802322387695312e-08, 1, 4.4144684352431796e-07, 6.891786483720352e-07, 6.780028343200684e-07, 0.022170020267367363, -0.9997542500495911, -3.91155481338501e-07, 0.9997541904449463, 0.022170087322592735),
            ["LeftHand"] = CFrame.new(1.1548399925231934e-07, 1.1920928955078125e-07, 1.043081283569336e-07, 1, -7.450584149637507e-09, 1.4901164746561335e-08, -1.4901162970204496e-08, 1, 1.0803344707710494e-07, 0, -1.4901168299275014e-08, 1),
            ["RightUpperLeg"] = CFrame.new(0, 1.0069925338029861e-07, -9.611540008336306e-09, 0.9644030928611755, -0.2555919885635376, 0.06781917065382004, 0.2560243606567383, 0.8383194804191589, -0.4813235104084015, 0.06616830825805664, 0.4815528690814972, 0.873915433883667),
            ["LeftUpperLeg"] = CFrame.new(2.9802322387695312e-08, 2.5436747819185257e-07, -1.862645149230957e-09, 0.9175887107849121, -0.2067122757434845, -0.339559942483902, -0.2425529658794403, 0.3856254816055298, -0.890203058719635, 0.3149588406085968, 0.8992013931274414, 0.3037067651748657),
            ["RightLowerLeg"] = CFrame.new(2.9802322387695312e-08, -0.00007861852645874023, -0.00009559530735714361, 1, -3.7252885221050747e-09, 4.4703490686970326e-08, -7.450581307466564e-08, 0.29126402735710144, 0.9566425681114197, -2.374872920540838e-08, -0.9566426873207092, 0.29126474261283875),
            ["RightFoot"] = CFrame.new(-3.405148163437843e-08, 0, 2.5596818886697292e-08, 0.9876701235771179, 0.14316324889659882, -0.06334249675273895, -0.15499289333820343, 0.8373011350631714, -0.524311900138855, -0.02202562615275383, 0.5276656746864319, 0.8491671681404114),
