return {
    ["Whistle Dance"] = {
        {Time = 0.000, Data = {
            ["RightFoot"] = CFrame.new(0, 3.5762786865234375e-07, -5.045876605436206e-08, 0.9474162459373474, 0.31915605068206787, 0.023276524618268013, -0.23513883352279663, 0.7436549663543701, -0.6258488297462463, -0.2170533984899521, 0.5874663591384888, 0.7795969843864441),
            ["LeftLowerArm"] = CFrame.new(-1.1920928955078125e-07, -3.5762786865234375e-07, 5.811452865600586e-07, 1, -6.705522537231445e-08, 1.1920927533992653e-07, 7.078048724906694e-08, -0.5443034768104553, -0.8388884663581848, 1.192092469182171e-07, 0.83888840675354, -0.5443034768104553),
            ["RightUpperArm"] = CFrame.new(7.152557373046875e-07, -1.1920928955078125e-07, 8.940696716308594e-08, -0.09587104618549347, 0.1451232135295868, 0.9847579002380371, 0.8527465462684631, -0.4983411431312561, 0.15645916759967804, 0.5134511590003967, 0.8547487258911133, -0.07597706466913223),
            ["Head"] = CFrame.new(1.7881393432617188e-07, 4.76837158203125e-07, 3.129243850708008e-07, 0.8718847036361694, -0.25648003816604614, -0.4171752333641052, 0.29217958450317383, 0.9560907483100891, 0.022841012105345726, 0.39299920201301575, -0.1418047696352005, 0.9085390567779541),
            ["RightHand"] = CFrame.new(5.587935447692871e-08, 2.384185791015625e-07, -2.3096799850463867e-07, 0.21722976863384247, -0.21494850516319275, -0.9521598815917969, 0.022716237232089043, 0.9763022661209106, -0.2152160108089447, 0.9758561849594116, 0.02512178383767605, 0.21696476638317108),
            ["UpperTorso"] = CFrame.new(-1.4901161193847656e-07, -2.9802322387695312e-08, 2.9802322387695312e-08, 0.897918164730072, -0.4288977384567261, 0.09894351661205292, 0.42757490277290344, 0.9032907485961914, 0.035292815417051315, -0.10451168566942215, 0.010615621693432331, 0.9944670796394348),
            ["HumanoidRootPart"] = CFrame.new(0, 0, 0, 1, 0, 0, 0, 1, 0, 0, 0, 1),
            ["RightUpperLeg"] = CFrame.new(0, -3.203749656677246e-07, -6.129994289949536e-08, 0.677656352519989, -0.6974227428436279, 0.23320285975933075, 0.7343281507492065, 0.6587069630622864, -0.16391229629516602, -0.03929613158106804, 0.2823237478733063, 0.9585140943527222),
            ["LeftUpperArm"] = CFrame.new(0, 4.76837158203125e-07, 1.1920928955078125e-07, 0.6602069735527039, 0.029778949916362762, -0.7504932284355164, -0.4720778465270996, 0.7936269044876099, -0.38379526138305664, 0.584182620048523, 0.6076756119728088, 0.5380160212516785),
            ["RightLowerArm"] = CFrame.new(4.172325134277344e-07, -7.748603820800781e-07, -3.5762786865234375e-07, 1, -2.2351734685344127e-08, -1.4901155864777138e-08, 1.3411046495548362e-07, 0.9450309872627258, -0.32698091864585876, 0, 0.32698094844818115, 0.9450309872627258),
            ["LeftHand"] = CFrame.new(3.371387720108032e-07, 0.0000010728836059570312, -2.60770320892334e-08, 0.8557265400886536, 0.3381052613258362, 0.391684889793396, -0.3273167312145233, 0.9399936199188232, -0.09631003439426422, -0.4007441997528076, -0.0457899235188961, 0.9150450825691223),
            ["LeftFoot"] = CFrame.new(-3.3527612686157227e-08, 0, -6.705522537231445e-08, 0.574303925037384, -0.18634648621082306, -0.7971513271331787, 0.3431015610694885, 0.938889741897583, 0.02770576998591423, 0.7432740926742554, -0.28941527009010315, 0.6031436920166016),
            ["LowerTorso"] = CFrame.new(0.1883949637413025, -0.2910219430923462, -0.15379983186721802, 0.6791373491287231, 0.38413044810295105, 0.625472903251648, -0.41746294498443604, 0.9030288457870483, -0.10130920261144638, -0.6037359833717346, -0.19230885803699493, 0.7736408710479736),
            ["RightLowerLeg"] = CFrame.new(-1.4901161193847656e-07, -0.00012260675430297852, -0.00007732043013675138, 1, -1.1920926112907182e-07, -6.332995639013461e-08, 1.639127589214695e-07, 0.12808120250701904, 0.9917636513710022, -2.2351738948600541e-07, -0.9917637705802917, 0.1280815452337265),
            ["LeftUpperLeg"] = CFrame.new(0, -2.849847078323364e-07, -3.725290298461914e-08, 0.9541425704956055, -0.26075538992881775, 0.14703281223773956, 0.2891126871109009, 0.9300565123558044, -0.22673466801643372, -0.07762656360864639, 0.25884637236595154, 0.962794303894043),
            ["LeftLowerLeg"] = CFrame.new(1.1990778148174286e-07, 0.00012248754501342773, 0.00007737678242847323, 1, -6.705524668859653e-08, 6.705521116145974e-08, -4.4703494239684005e-08, 0.9999871850013733, 0.005077181849628687, 5.215407838932151e-08, -0.00507722981274128, 0.9999871850013733),
        }},
        {Time = 0.017, Data = {
            ["RightFoot"] = CFrame.new(-1.341104507446289e-07, 2.980232238769531e-07, 1.287116901949048e-08, 0.9407832622528076, 0.3373708426952362, 0.033289726823568344, -0.23234091699123383, 0.7131613492965698, -0.6613761782646179, -0.24686983227729797, 0.6144769787788391, 0.7493152022361755),
            ["LeftLowerArm"] = CFrame.new(-8.940696716308594e-08, -2.980232238769531e-07, 6.258487701416016e-07, 1, -6.332995639013461e-08, 1.0430815677864302e-07, 9.313225746154785e-08, -0.542477548122406, -0.8400703072547913, 1.1920928955078125e-07, 0.840070366859436, -0.5424776077270508),
            ["RightUpperArm"] = CFrame.new(2.384185791015625e-07, -1.1920928955078125e-07, -1.4901161193847656e-08, 0.0026672969106584787, 0.14524084329605103, 0.9893927574157715, 0.8843799233436584, -0.4621552526950836, 0.06545917689800262, 0.46676021814346313, 0.8748243451118469, -0.12968097627162933),
            ["Head"] = CFrame.new(5.21540641784668e-08, 0.0000010728836059570312, 3.166496753692627e-07, 0.8752527832984924, -0.24541358649730682, -0.41677871346473694, 0.2802761495113373, 0.959631085395813, 0.023528093472123146, 0.39417994022369385, -0.13740618526935577, 0.9087033867835999),
            ["RightHand"] = CFrame.new(-5.513429641723633e-07, 4.172325134277344e-07, -1.862645149230957e-07, 0.2521404027938843, -0.2161322683095932, -0.943245530128479, 0.027682220563292503, 0.9759507179260254, -0.21622644364833832, 0.9672947525978088, 0.02840830385684967, 0.2520596385002136),
            ["UpperTorso"] = CFrame.new(-1.4901161193847656e-08, 2.9802322387695312e-08, 2.9802322387695312e-08, 0.8934965133666992, -0.4388994872570038, 0.09503418952226639, 0.43728798627853394, 0.8985061049461365, 0.03828677535057068, -0.10219281911849976, 0.007348101586103439, 0.994737446308136),
            ["HumanoidRootPart"] = CFrame.new(0, 0, 0, 1, 0, 0, 0, 1, 0, 0, 0, 1),
            ["RightUpperLeg"] = CFrame.new(1.1920928955078125e-07, 8.195638656616211e-08, -1.6952981241047382e-09, 0.6830587387084961, -0.7040412425994873, 0.19431239366531372, 0.7301617860794067, 0.6645120978355408, -0.15901902318000793, -0.01716691255569458, 0.25049889087677, 0.9679647088050842),
            ["LeftUpperArm"] = CFrame.new(0, 7.152557373046875e-07, 1.043081283569336e-07, 0.6632820963859558, 0.03556518256664276, -0.7475240230560303, -0.47230690717697144, 0.7947070002555847, -0.3812703788280487, 0.5805025696754456, 0.6059504747390747, 0.543912410736084),
            ["RightLowerArm"] = CFrame.new(4.172325134277344e-07, 5.960464477539062e-07, -5.066394805908203e-07, 1, -1.4901157641133977e-08, -2.9802308176840597e-08, 4.4703490686970326e-08, 0.9418400526046753, -0.3360616862773895, -1.4901162970204496e-08, 0.33606162667274475, 0.9418399930000305),
            ["LeftHand"] = CFrame.new(1.1781230568885803e-07, 4.172325134277344e-07, 2.4586915969848633e-07, 0.8579035401344299, 0.3325236439704895, 0.3917010426521301, -0.32150423526763916, 0.942071259021759, -0.09558640420436859, -0.400795042514801, -0.043929532170295715, 0.9151139855384827),
            ["LeftFoot"] = CFrame.new(8.568167686462402e-08, 5.960464477539063e-08, 2.2351741790771484e-08, 0.5699544548988342, -0.18988272547721863, -0.7994347810745239, 0.3502427041530609, 0.9362606406211853, 0.027322424575686455, 0.7432913780212402, -0.2955685555934906, 0.6001312136650085),
            ["LowerTorso"] = CFrame.new(0.20126748085021973, -0.2943154573440552, -0.1677016317844391, 0.6770175099372864, 0.38088443875312805, 0.6297415494918823, -0.41333603858947754, 0.9047513008117676, -0.10285152494907379, -0.6089339852333069, -0.19066256284713745, 0.7699657082557678),
            ["RightLowerLeg"] = CFrame.new(0, -0.00012224912643432617, -0.0000772310231695883, 1, -2.0861619987044833e-07, -7.450584149637507e-08, 1.1920930376163597e-07, 0.15883617103099823, 0.9873049855232239, -4.4703490686970326e-08, -0.9873049259185791, 0.15883658826351166),
            ["LeftUpperLeg"] = CFrame.new(-1.1920928955078125e-07, 1.2293457984924316e-07, 7.450580596923828e-09, 0.9580591917037964, -0.24898479878902435, 0.14187747240066528, 0.2765362560749054, 0.933119535446167, -0.2298162281513214, -0.07516802102327347, 0.2594119906425476, 0.9628372192382812),
            ["LeftLowerLeg"] = CFrame.new(8.89413058757782e-08, 0.00012230873107910156, 0.00007741665467619896, 1, 2.235175244891252e-08, -8.195634393359796e-08, -7.4505797087454084e-09, 0.9999871253967285, 0.00507546728476882, -2.2351738238057806e-08, -0.005075561348348856, 0.9999871253967285),
        }},
        {Time = 0.033, Data = {
            ["RightFoot"] = CFrame.new(-1.4901161193847656e-08, 2.384185791015625e-07, 5.420588422566652e-09, 0.9363477826118469, 0.34776970744132996, 0.0480545312166214, -0.21891291439533234, 0.6853761672973633, -0.6945049166679382, -0.2744632065296173, 0.6397778987884521, 0.7178813815116882),
            ["LeftLowerArm"] = CFrame.new(2.9802322387695312e-08, -0.0000010728836059570312, 2.2351741790771484e-07, 1, -9.685754776000977e-08, 1.1920930376163597e-07, 3.725289587919178e-08, -0.5426722764968872, -0.83994460105896, 1.2665984172599565e-07, 0.83994460105896, -0.5426722168922424),
            ["RightUpperArm"] = CFrame.new(4.76837158203125e-07, 2.384185791015625e-07, 0, 0.22915515303611755, 0.16220766305923462, 0.9597794413566589, 0.9079426527023315, -0.39106783270835876, -0.1506863534450531, 0.35089629888534546, 0.9059550762176514, -0.23689065873622894),
            ["Head"] = CFrame.new(1.9744038581848145e-07, 5.960464477539062e-07, 3.3155083656311035e-07, 0.8789863586425781, -0.23823225498199463, -0.4130719304084778, 0.2695994973182678, 0.9627965688705444, 0.01841101422905922, 0.39331817626953125, -0.12754695117473602, 0.9105123281478882),
            ["RightHand"] = CFrame.new(5.960464477539063e-08, 4.172325134277344e-07, 1.862645149230957e-08, 0.3847203552722931, -0.1969786286354065, -0.9017703533172607, 0.0363331213593483, 0.9794387817382812, -0.19844332337379456, 0.9223179221153259, 0.043581102043390274, 0.3839668035507202),
            ["UpperTorso"] = CFrame.new(-1.1920928955078125e-07, 2.9802322387695312e-08, -1.4901161193847656e-08, 0.8953880667686462, -0.4357227683067322, 0.09179436415433884, 0.43386584520339966, 0.9000734686851501, 0.040351543575525284, -0.10020361840724945, 0.0036960714496672153, 0.9949601292610168),
            ["HumanoidRootPart"] = CFrame.new(0, 0, 0, 1, 0, 0, 0, 1, 0, 0, 0, 1),
            ["RightUpperLeg"] = CFrame.new(5.960464477539063e-08, -4.470348358154297e-08, 7.281050784513354e-08, 0.6918874979019165, -0.7074628472328186, 0.1441812813282013, 0.7217575907707214, 0.672487199306488, -0.1637893170118332, 0.018915068358182907, 0.21738766133785248, 0.9759021401405334),
            ["LeftUpperArm"] = CFrame.new(0, 2.384185791015625e-07, 1.1920928955078125e-07, 0.6692277789115906, 0.04380417987704277, -0.741765022277832, -0.4719555079936981, 0.7961006164550781, -0.3787900507450104, 0.5739269852638245, 0.6035770177841187, 0.5534462332725525),
            ["RightLowerArm"] = CFrame.new(4.76837158203125e-07, -8.940696716308594e-07, -2.384185791015625e-07, 1, -7.450580596923828e-08, -7.450578820566989e-09, 2.980232949312267e-08, 0.9117828607559204, -0.41067278385162354, 0, 0.41067278385162354, 0.9117828011512756),
            ["LeftHand"] = CFrame.new(5.75091689825058e-07, 5.960464477539062e-07, 4.470348358154297e-08, 0.8585277795791626, 0.32791200280189514, 0.3942129909992218, -0.31626689434051514, 0.9437729716300964, -0.09626906365156174, -0.40361544489860535, -0.04202679917216301, 0.9139629602432251),
            ["LeftFoot"] = CFrame.new(-4.470348358154297e-08, -5.960464477539063e-08, 1.4901161193847656e-08, 0.5737204551696777, -0.19228774309158325, -0.7961597442626953, 0.3538028299808502, 0.9348651766777039, 0.029166173189878464, 0.7386936545372009, -0.29841673374176025, 0.6043830513954163),
            ["LowerTorso"] = CFrame.new(0.2101603001356125, -0.2963348627090454, -0.18114528059959412, 0.6827618479728699, 0.3695019483566284, 0.6303210258483887, -0.39961251616477966, 0.9110779762268066, -0.1012260690331459, -0.6116748452186584, -0.18277087807655334, 0.7697068452835083),
            ["RightLowerLeg"] = CFrame.new(5.960464477539063e-08, -0.0001221299171447754, -0.00007743963942630216, 1, -2.2351736106429598e-07, -7.823112468940963e-08, 1.788139627478813e-07, 0.20360958576202393, 0.9790520668029785, -2.2351745343485163e-08, -0.9790521860122681, 0.20361018180847168),
            ["LeftUpperLeg"] = CFrame.new(2.9802322387695312e-08, -1.7508864402770996e-07, -1.4901161193847656e-08, 0.9649291038513184, -0.22825123369693756, 0.12966623902320862, 0.2535867393016815, 0.9381737112998962, -0.2356349229812622, -0.06786545366048813, 0.2602529227733612, 0.9631525874137878),
            ["LeftLowerLeg"] = CFrame.new(9.313225746154785e-10, 0.0001227855682373047, 0.00007741246372461319, 1, 6.705524668859653e-08, 3.352760202801619e-08, 3.725289943190546e-08, 0.9999871850013733, 0.005069447681307793, -1.4156101713069802e-07, -0.005069533362984657, 0.9999871850013733),
        }},
        {Time = 0.050, Data = {
            ["RightFoot"] = CFrame.new(3.725290298461914e-08, 4.172325134277344e-07, 9.145878721028566e-09, 0.931882917881012, 0.35604968667030334, 0.06944835931062698, -0.19785109162330627, 0.6593170762062073, -0.7253662943840027, -0.3040545880794525, 0.6622158288955688, 0.6848508715629578),
            ["LeftLowerArm"] = CFrame.new(0.0000012516975402832031, 5.364418029785156e-07, -2.9802322387695312e-08, 1, -9.685753354915505e-08, 1.0430809993522416e-07, 5.960463766996327e-08, -0.5497866272926331, -0.8353051543235779, 1.1920927533992653e-07, 0.8353051543235779, -0.5497865676879883),
            ["RightUpperArm"] = CFrame.new(2.384185791015625e-07, 2.384185791015625e-07, -7.450580596923828e-08, 0.4326882064342499, 0.19496412575244904, 0.8802101612091064, 0.8779283761978149, -0.31312164664268494, -0.3622109293937683, 0.20499470829963684, 0.9294857978820801, -0.3066485822200775),
            ["Head"] = CFrame.new(9.685754776000977e-08, 9.5367431640625e-07, 3.0547380447387695e-07, 0.8829717636108398, -0.2404051125049591, -0.4031948745250702, 0.2662905752658844, 0.9638556838035583, 0.008460375480353832, 0.3865879476070404, -0.11483729630708694, 0.9150750637054443),
            ["RightHand"] = CFrame.new(7.7858567237854e-07, 4.172325134277344e-07, -3.394670784473419e-07, 0.5422453880310059, -0.15671758353710175, -0.8254753351211548, 0.02957945130765438, 0.9854028224945068, -0.16764964163303375, 0.839699387550354, 0.06649009138345718, 0.5389657020568848),
            ["UpperTorso"] = CFrame.new(5.960464477539063e-08, 1.1920928955078125e-07, 1.4901161193847656e-08, 0.9041032195091248, -0.41758474707603455, 0.09066740423440933, 0.41576457023620605, 0.9086347818374634, 0.039019662886857986, -0.09867747873067856, 0.0024184363428503275, 0.9951165914535522),
            ["HumanoidRootPart"] = CFrame.new(0, 0, 0, 1, 0, 0, 0, 1, 0, 0, 0, 1),
            ["RightUpperLeg"] = CFrame.new(1.1920928955078125e-07, 2.086162567138672e-07, 7.281050784513354e-08, 0.7080593705177307, -0.6990164518356323, 0.10014218091964722, 0.7039848566055298, 0.6876468658447266, -0.17761436104774475, 0.055293019860982895, 0.1962600201368332, 0.978991687297821),
            ["LeftUpperArm"] = CFrame.new(0, 9.5367431640625e-07, 1.043081283569336e-07, 0.6796343326568604, 0.05750875547528267, -0.7312934398651123, -0.46979933977127075, 0.7997641563415527, -0.3737190365791321, 0.5633701086044312, 0.5975533127784729, 0.5705648064613342),
            ["RightLowerArm"] = CFrame.new(4.76837158203125e-07, -8.344650268554688e-07, -3.725290298461914e-07, 1, -4.703177935994063e-08, 1.4901155864777138e-08, 4.842879164357328e-08, 0.8561633825302124, -0.5167052149772644, -2.980233304583635e-08, 0.5167052149772644, 0.8561634421348572),
            ["LeftHand"] = CFrame.new(-3.939494490623474e-07, 0, 1.1175870895385742e-08, 0.8541805744171143, 0.32774820923805237, 0.4036790132522583, -0.3146791458129883, 0.9438660144805908, -0.10046955943107605, -0.4139476418495178, -0.0412101112306118, 0.9093674421310425),
            ["LeftFoot"] = CFrame.new(4.0978193283081055e-08, 0, 6.705522537231445e-08, 0.5857120156288147, -0.1969071328639984, -0.7862372994422913, 0.3569554090499878, 0.9335695505142212, 0.03211061283946037, 0.7276841998100281, -0.2994588613510132, 0.6170896887779236),
            ["LowerTorso"] = CFrame.new(0.22168275713920593, -0.2972501516342163, -0.19259992241859436, 0.6971206068992615, 0.34962114691734314, 0.6259296536445618, -0.37738433480262756, 0.9212462902069092, -0.09426745772361755, -0.6095932126045227, -0.1705002635717392, 0.7741613984107971),
            ["RightLowerLeg"] = CFrame.new(-2.086162567138672e-07, -0.00012242794036865234, -0.00007740983710391447, 1, -1.4901158351676713e-07, -1.1548402767402877e-07, 7.450581307466564e-08, 0.2485649287700653, 0.9686151742935181, -2.0861628513557662e-07, -0.9686152935028076, 0.24856555461883545),
            ["LeftUpperLeg"] = CFrame.new(8.940696716308594e-08, 1.3597309589385986e-07, -2.9802322387695312e-08, 0.9741390347480774, -0.19599047303199768, 0.11243235319852829, 0.21844220161437988, 0.9441032409667969, -0.24688494205474854, -0.057760752737522125, 0.2650603652000427, 0.9625003337860107),
            ["LeftLowerLeg"] = CFrame.new(-4.190951585769653e-08, 0.00012284517288208008, 0.0000774189829826355, 1, 1.4901168299275014e-08, 4.470345515983354e-08, -5.215405707303944e-08, 0.9999872446060181, 0.005060856230556965, -3.725289943190546e-08, -0.005060883704572916, 0.9999872446060181),
        }},
        {Time = 0.067, Data = {
            ["RightFoot"] = CFrame.new(1.4901161193847656e-08, 4.172325134277344e-07, -5.790934665128589e-08, 0.9276766180992126, 0.3600248396396637, 0.09898658096790314, -0.16928613185882568, 0.6418367028236389, -0.7479223012924194, -0.3328036963939667, 0.6770729422569275, 0.6563641428947449),
            ["LeftLowerArm"] = CFrame.new(2.086162567138672e-07, -0.0000012516975402832031, 2.384185791015625e-07, 1, -7.450579886381092e-08, 1.2665985593685036e-07, 4.842875611643649e-08, -0.5601834654808044, -0.8283685445785522, 1.4156097449813387e-07, 0.8283685445785522, -0.5601834058761597),
            ["RightUpperArm"] = CFrame.new(4.76837158203125e-07, -2.384185791015625e-07, -2.9802322387695312e-08, 0.5876253843307495, 0.21663637459278107, 0.7795928120613098, 0.8057630658149719, -0.2445208877325058, -0.5394030213356018, 0.07377229630947113, 0.9451339244842529, -0.3182443082332611),
            ["Head"] = CFrame.new(9.685754776000977e-08, 5.960464477539062e-07, 3.2782554626464844e-07, 0.8878660202026367, -0.24718475341796875, -0.38806384801864624, 0.26610326766967773, 0.9639307856559753, -0.005166411865502596, 0.37534376978874207, -0.09867798537015915, 0.9216180443763733),
            ["RightHand"] = CFrame.new(1.2665987014770508e-07, 4.76837158203125e-07, 5.587935447692871e-08, 0.6728113889694214, -0.12441986054182053, -0.7292765974998474, 0.016134530305862427, 0.987990140914917, -0.15367303788661957, 0.7396381497383118, 0.09162639081478119, 0.6667384505271912),
            ["UpperTorso"] = CFrame.new(-2.9802322387695312e-08, 2.086162567138672e-07, -1.4901161193847656e-08, 0.9183852672576904, -0.3852773606777191, 0.09016665816307068, 0.3835802376270294, 0.9227998852729797, 0.03614795580506325, -0.09713269025087357, 0.0013883303618058562, 0.9952705502510071),
            ["HumanoidRootPart"] = CFrame.new(0, 0, 0, 1, 0, 0, 0, 1, 0, 0, 0, 1),
            ["RightUpperLeg"] = CFrame.new(-1.1920928955078125e-07, 2.905726432800293e-07, 2.8107024263590574e-08, 0.7295089960098267, -0.6817123293876648, 0.055544137954711914, 0.6772103905677795, 0.7085222601890564, -0.19844913482666016, 0.09593113511800766, 0.18238547444343567, 0.9785361289978027),
            ["LeftUpperArm"] = CFrame.new(0, 2.384185791015625e-07, 1.4901161193847656e-08, 0.692094087600708, 0.07342007011175156, -0.7180636525154114, -0.46742966771125793, 0.8036317229270935, -0.3683553636074066, 0.5500140190124512, 0.5905807614326477, 0.590507447719574),
            ["RightLowerArm"] = CFrame.new(2.384185791015625e-07, -9.5367431640625e-07, -6.854534149169922e-07, 1, -1.1175865566315224e-08, 2.9802308176840597e-08, 5.960465188081798e-08, 0.7679926156997681, -0.6404587626457214, 0, 0.6404588222503662, 0.7679926156997681),
            ["LeftHand"] = CFrame.new(4.889443516731262e-07, 5.960464477539062e-07, 7.450580596923828e-08, 0.8474902510643005, 0.32980993390083313, 0.4159155488014221, -0.31477832794189453, 0.9431713223457336, -0.10650166869163513, -0.4274049401283264, -0.040661945939064026, 0.9031453728675842),
            ["LeftFoot"] = CFrame.new(-7.450580596923828e-08, -1.1920928955078125e-07, -2.2351741790771484e-08, 0.6062509417533875, -0.2038595974445343, -0.7687007188796997, 0.35931462049484253, 0.9325190186500549, 0.036076128482818604, 0.7094736099243164, -0.2980763614177704, 0.6385904550552368),
            ["LowerTorso"] = CFrame.new(0.23355938494205475, -0.2978147268295288, -0.20289567112922668, 0.718017578125, 0.32096198201179504, 0.617603600025177, -0.3454638719558716, 0.9346560835838318, -0.0840991735458374, -0.6042396426200867, -0.15297503769397736, 0.7819802761077881),
            ["RightLowerLeg"] = CFrame.new(-2.9802322387695312e-08, -0.00012242794036865234, -0.00007748434290988371, 1, -2.2351733264258655e-07, -3.9115551686563776e-08, 3.725289943190546e-08, 0.29423150420188904, 0.9557340145111084, -1.1920927533992653e-07, -0.955734133720398, 0.2942321300506592),
            ["LeftUpperLeg"] = CFrame.new(-1.1920928955078125e-07, 2.1047890186309814e-07, -5.21540641784668e-08, 0.9845366477966309, -0.15279778838157654, 0.08567655086517334, 0.17018674314022064, 0.9502047896385193, -0.2610502541065216, -0.04152227193117142, 0.271594762802124, 0.9615156054496765),
            ["LeftLowerLeg"] = CFrame.new(-1.4901161193847656e-08, 0.0001227855682373047, 0.00007737614214420319, 1, -2.980233304583635e-08, 3.352760202801619e-08, -1.4901159417490817e-08, 0.9999872446060181, 0.005048369988799095, 8.940695295223122e-08, -0.005048321560025215, 0.9999873042106628),
        }},
        {Time = 0.083, Data = {
            ["RightFoot"] = CFrame.new(-8.940696716308594e-08, 2.980232238769531e-07, -2.8107024263590574e-08, 0.9224255681037903, 0.35935941338539124, 0.1413937211036682, -0.13429926335811615, 0.6417982578277588, -0.7550222873687744, -0.3620702028274536, 0.6774627566337585, 0.6402727961540222),
            ["LeftLowerArm"] = CFrame.new(2.384185791015625e-07, -2.980232238769531e-07, 4.991888999938965e-07, 1, -8.568166975919667e-08, 8.940695295223122e-08, 4.8428763221863846e-08, -0.5718724131584167, -0.8203425407409668, 1.2665984172599565e-07, 0.8203426003456116, -0.5718724727630615),
            ["RightUpperArm"] = CFrame.new(3.5762786865234375e-07, 4.76837158203125e-07, 8.195638656616211e-08, 0.6332046389579773, 0.1836945116519928, 0.7518697381019592, 0.7725250124931335, -0.20962651073932648, -0.5993847250938416, 0.04750807210803032, 0.9603712558746338, -0.27464503049850464),
            ["Head"] = CFrame.new(6.705522537231445e-08, 4.76837158203125e-07, 3.2782554626464844e-07, 0.894382894039154, -0.2561390697956085, -0.3667042851448059, 0.2668825089931488, 0.9634767174720764, -0.02205834351480007, 0.3589611351490021, -0.07813839614391327, 0.9300760626792908),
            ["RightHand"] = CFrame.new(2.2351741790771484e-08, 0, -8.940696716308594e-08, 0.7019464373588562, -0.1314404010772705, -0.6999961733818054, 0.012859686277806759, 0.985002338886261, -0.1720615029335022, 0.7121137380599976, 0.11177617311477661, 0.6931090950965881),
            ["UpperTorso"] = CFrame.new(-1.341104507446289e-07, -1.4901161193847656e-07, -1.4901161193847656e-08, 0.9367170929908752, -0.33842429518699646, 0.08961177617311478, 0.3368772864341736, 0.94099360704422, 0.03232072293758392, -0.09526216983795166, -0.00008725560473976657, 0.9954522848129272),
            ["HumanoidRootPart"] = CFrame.new(0, 0, 0, 1, 0, 0, 0, 1, 0, 0, 0, 1),
            ["RightUpperLeg"] = CFrame.new(-2.9802322387695312e-08, -3.725290298461914e-08, -8.365168469026685e-08, 0.7551860213279724, -0.6554352641105652, 0.009954161942005157, 0.639818549156189, 0.7337197065353394, -0.22866451740264893, 0.1425711214542389, 0.1790532022714615, 0.973454475402832),
            ["LeftUpperArm"] = CFrame.new(0, 4.76837158203125e-07, 5.21540641784668e-08, 0.7050825357437134, 0.08919303119182587, -0.7034936547279358, -0.46574869751930237, 0.8063294291496277, -0.36456963419914246, 0.5347305536270142, 0.5847029089927673, 0.6100703477859497),
            ["RightLowerArm"] = CFrame.new(8.344650268554688e-07, -4.172325134277344e-07, -4.172325134277344e-07, 1, -1.1920927533992653e-07, 2.9802315282267955e-08, 1.3411047916633834e-07, 0.6512700915336609, -0.7588459849357605, 1.4901164746561335e-08, 0.7588459849357605, 0.6512700915336609),
            ["LeftHand"] = CFrame.new(2.468004822731018e-07, 0.0000011920928955078125, 2.086162567138672e-07, 0.8394073843955994, 0.3336889445781708, 0.4290069043636322, -0.3162895143032074, 0.9418237209320068, -0.11370548605918884, -0.4419911205768585, -0.04024511203169823, 0.8961161971092224),
            ["LeftFoot"] = CFrame.new(-2.9802322387695312e-08, -5.960464477539063e-08, -4.470348358154297e-08, 0.6361294388771057, -0.2147742658853531, -0.7410879731178284, 0.2617075443267822, 0.9636005759239197, -0.054618071764707565, 0.7258432507514954, -0.15920422971248627, 0.6691826581954956),
            ["LowerTorso"] = CFrame.new(0.24574364721775055, -0.2992478609085083, -0.2121700644493103, 0.7439240217208862, 0.28226184844970703, 0.6057270765304565, -0.30251118540763855, 0.9504693746566772, -0.07137849181890488, -0.5958724617958069, -0.1301390379667282, 0.7924644947052002),
            ["RightLowerLeg"] = CFrame.new(0, -0.00012236833572387695, -0.00007735023245913908, 1, -1.4901157641133977e-08, -1.3876707782856101e-07, 1.1920928955078125e-07, 0.3346530795097351, 0.9423412084579468, -1.564621925354004e-07, -0.9423414468765259, 0.3346536159515381),
            ["LeftUpperLeg"] = CFrame.new(0, -1.6670674085617065e-07, 1.4901161193847656e-08, 0.994243860244751, -0.08866187930107117, 0.06015268713235855, 0.10589005053043365, 0.8987043499946594, -0.4255791902542114, -0.016327012330293655, 0.4294993579387665, 0.9029197692871094),
            ["LeftLowerLeg"] = CFrame.new(-7.450580596923828e-09, 0.00012284517288208008, 0.0000774487853050232, 1, 4.284084198502569e-08, -2.60770232074492e-08, -2.9802318834981634e-08, 0.9530808329582214, 0.3027157783508301, 1.0430811414607888e-07, -0.302715927362442, 0.9530808925628662),
        }},
        {Time = 0.100, Data = {
            ["RightFoot"] = CFrame.new(1.7136335372924805e-07, 1.7881393432617188e-07, 3.5222910810261965e-08, 0.9157523512840271, 0.3553582727909088, 0.18739810585975647, -0.09998606145381927, 0.6533831357955933, -0.7503951191902161, -0.3891020119190216, 0.6684392094612122, 0.633868396282196),
            ["LeftLowerArm"] = CFrame.new(4.76837158203125e-07, -1.1920928955078125e-07, 5.140900611877441e-07, 1, -9.313223614526578e-08, 1.4901158351676713e-07, 1.8626444386882213e-08, -0.584870457649231, -0.8111268281936646, 1.490115550950577e-07, 0.8111267685890198, -0.5848703980445862),
            ["RightUpperArm"] = CFrame.new(3.5762786865234375e-07, -5.960464477539062e-07, 1.4901161193847656e-08, 0.656352162361145, 0.1383073329925537, 0.7416691780090332, 0.7529811263084412, -0.1815023571252823, -0.6325159668922424, 0.04713314771652222, 0.9736160039901733, -0.22327224910259247),
            ["Head"] = CFrame.new(1.6391277313232422e-07, 1.1920928955078125e-07, 3.129243850708008e-07, 0.9012622237205505, -0.26599112153053284, -0.3420162498950958, 0.26915037631988525, 0.9623023271560669, -0.039146699011325836, 0.33953583240509033, -0.05677239969372749, 0.9388783574104309),
            ["RightHand"] = CFrame.new(-1.6391277313232422e-07, 0, -3.129243850708008e-07, 0.7090588212013245, -0.14798837900161743, -0.689445436000824, 0.014364102855324745, 0.9805581569671631, -0.19570261240005493, 0.7050030827522278, 0.12886139750480652, 0.6973990797996521),
            ["UpperTorso"] = CFrame.new(-2.2351741790771484e-08, 2.980232238769531e-07, 4.470348358154297e-08, 0.9566870331764221, -0.27752935886383057, 0.08790693432092667, 0.2760787904262543, 0.9607126116752625, 0.028494033962488174, -0.0923612117767334, -0.00299068377353251, 0.9957211017608643),
            ["HumanoidRootPart"] = CFrame.new(0, 0, 0, 1, 0, 0, 0, 1, 0, 0, 0, 1),
            ["RightUpperLeg"] = CFrame.new(5.960464477539063e-08, -2.1979212760925293e-07, 1.0261283023282886e-07, 0.7855246067047119, -0.6177810430526733, -0.03602314367890358, 0.5904334783554077, 0.7656391263008118, -0.25531333684921265, 0.1853087842464447, 0.17928561568260193, 0.966187059879303),
            ["LeftUpperArm"] = CFrame.new(0, 3.5762786865234375e-07, 7.450580596923828e-08, 0.7178992629051208, 0.10476956516504288, -0.6882180571556091, -0.46501755714416504, 0.8078679442405701, -0.36208853125572205, 0.5180533528327942, 0.5799765586853027, 0.6286875605583191),
            ["RightLowerArm"] = CFrame.new(6.556510925292969e-07, -5.960464477539063e-08, -7.450580596923828e-07, 1, -5.21540641784668e-08, 7.450579175838357e-08, 8.940698847936801e-08, 0.5032850503921509, -0.8641204833984375, 2.980232949312267e-08, 0.8641204833984375, 0.5032850503921509),
            ["LeftHand"] = CFrame.new(5.811452865600586e-07, 7.152557373046875e-07, -2.0116567611694336e-07, 0.8318416476249695, 0.3373398780822754, 0.44072821736335754, -0.3172646164894104, 0.9405714869499207, -0.1211138516664505, -0.45539289712905884, -0.03907990828156471, 0.889432430267334),
            ["LeftFoot"] = CFrame.new(-7.450580596923828e-08, 5.960464477539063e-08, 2.0489096641540527e-08, 0.6710762977600098, -0.2289140224456787, -0.7051635384559631, 0.21266022324562073, 0.9706048965454102, -0.11270281672477722, 0.7102339267730713, -0.07432793080806732, 0.7000303864479065),
            ["LowerTorso"] = CFrame.new(0.2580672800540924, -0.3004242181777954, -0.22103388607501984, 0.7718360424041748, 0.23501498997211456, 0.5907936096191406, -0.2496587485074997, 0.9665751457214355, -0.05833512544631958, -0.5847560167312622, -0.10247163474559784, 0.804711103439331),
            ["RightLowerLeg"] = CFrame.new(5.960464477539063e-08, -0.00012254714965820312, -0.00007733533129794523, 1, -4.4703469370688254e-08, -1.0244551873483942e-08, 1.1920926112907182e-07, 0.37635648250579834, 0.9264748096466064, -5.960463056453591e-08, -0.9264748692512512, 0.3763568699359894),
            ["LeftUpperLeg"] = CFrame.new(0, -1.0244548320770264e-08, 7.450580596923828e-09, 0.9995217323303223, -0.030840903520584106, 0.0022969397250562906, 0.02757134661078453, 0.8549880385398865, -0.5179141163825989, 0.014009064063429832, 0.5177299976348877, 0.8554296493530273),
            ["LeftLowerLeg"] = CFrame.new(5.21540641784668e-08, 0.00012260675430297852, 0.00007742643356323242, 1, 9.313227522511625e-09, 3.352760558072987e-08, -7.450580596923828e-08, 0.8864576816558838, 0.4628094732761383, 5.960464477539063e-08, -0.4628097414970398, 0.8864578008651733),
        }},
        {Time = 0.117, Data = {
            ["RightFoot"] = CFrame.new(5.21540641784668e-08, 2.980232238769531e-07, 6.18529156781733e-08, 0.9082573652267456, 0.34971925616264343, 0.22970741987228394, -0.07342908531427383, 0.6737024188041687, -0.7353454232215881, -0.41191864013671875, 0.6510158181190491, 0.6375747323036194),
            ["LeftLowerArm"] = CFrame.new(2.9802322387695312e-08, 2.384185791015625e-07, 2.9802322387695312e-08, 1, -5.21540464148984e-08, 1.2665985593685036e-07, 9.313220061812899e-08, -0.598115086555481, -0.8014102578163147, 1.5646209305941738e-07, 0.8014101386070251, -0.598115086555481),
            ["RightUpperArm"] = CFrame.new(2.384185791015625e-07, -2.384185791015625e-07, 1.1920928955078125e-07, 0.7122703790664673, 0.11261630058288574, 0.6928119659423828, 0.7015488147735596, -0.14567261934280396, -0.6975736618041992, 0.02236543409526348, 0.9829023480415344, -0.18276411294937134),
            ["Head"] = CFrame.new(4.470348358154297e-08, 3.5762786865234375e-07, 3.129243850708008e-07, 0.9077573418617249, -0.27460160851478577, -0.3171287775039673, 0.27225926518440247, 0.9607840776443481, -0.052620675414800644, 0.3191419541835785, -0.03857438638806343, 0.9469215869903564),
            ["RightHand"] = CFrame.new(2.980232238769531e-07, 0, -4.6193599700927734e-07, 0.7436392307281494, -0.15715160965919495, -0.6498492360115051, 0.02274831384420395, 0.9773672819137573, -0.21032293140888214, 0.6681939363479614, 0.14162136614322662, 0.7303836941719055),
            ["UpperTorso"] = CFrame.new(-1.9744038581848145e-07, -1.4901161193847656e-07, 4.470348358154297e-08, 0.9758686423301697, -0.20173293352127075, 0.08357200026512146, 0.20028121769428253, 0.9794068336486816, 0.02549125626683235, -0.08699318021535873, -0.008138232864439487, 0.9961757063865662),
            ["HumanoidRootPart"] = CFrame.new(0, 0, 0, 1, 0, 0, 0, 1, 0, 0, 0, 1),
            ["RightUpperLeg"] = CFrame.new(-1.1920928955078125e-07, 2.9802322387695312e-08, 5.045876605436206e-08, 0.8216341137886047, -0.5644365549087524, -0.07955609261989594, 0.5280125737190247, 0.8062241077423096, -0.2668430507183075, 0.21475590765476227, 0.17724081873893738, 0.9604507088661194),
            ["LeftUpperArm"] = CFrame.new(-1.1920928955078125e-07, 3.5762786865234375e-07, 1.4901161193847656e-08, 0.7309158444404602, 0.1185634434223175, -0.6720899939537048, -0.46450385451316833, 0.807918131351471, -0.36263543367385864, 0.4999983310699463, 0.5772443413734436, 0.6455932855606079),
            ["RightLowerArm"] = CFrame.new(0.0000019669532775878906, -0.0000012516975402832031, -3.2782554626464844e-07, 1, -7.450580596923828e-08, 7.450579886381092e-08, 8.940698847936801e-08, 0.3256746530532837, -0.9454818964004517, 8.940698847936801e-08, 0.9454818964004517, 0.3256746828556061),
            ["LeftHand"] = CFrame.new(2.421438694000244e-08, 5.960464477539062e-07, 2.9802322387695312e-08, 0.8281306028366089, 0.33803069591522217, 0.4471409022808075, -0.31522300839424133, 0.9404599070549011, -0.12716001272201538, -0.46350201964378357, -0.035643886774778366, 0.8853785991668701),
            ["LeftFoot"] = CFrame.new(2.9802322387695312e-08, -1.7881393432617188e-07, -3.259629011154175e-08, 0.7098618149757385, -0.2472924292087555, -0.6595015525817871, 0.18171364068984985, 0.9689406156539917, -0.16773289442062378, 0.6804971098899841, -0.0007733729435130954, 0.7327505350112915),
            ["LowerTorso"] = CFrame.new(0.27038395404815674, -0.3007742166519165, -0.23044028878211975, 0.7994956970214844, 0.18003980815410614, 0.5730552673339844, -0.1869078129529953, 0.9812277555465698, -0.04751386493444443, -0.5708521008491516, -0.06912139058113098, 0.8181382417678833),
            ["RightLowerLeg"] = CFrame.new(-2.9802322387695312e-08, -0.0001226663589477539, -0.00007740983710391447, 1, -2.9802311729554276e-08, -1.1926751142254943e-07, 7.450579886381092e-08, 0.4231299161911011, 0.9060688614845276, -5.960463766996327e-08, -0.9060690999031067, 0.4231303334236145),
            ["LeftUpperLeg"] = CFrame.new(-5.960464477539063e-08, 4.842877388000488e-08, 1.4901161193847656e-08, 0.9965521097183228, 0.022225141525268555, -0.07993774116039276, -0.0646611675620079, 0.8117493987083435, -0.5804148316383362, 0.05198946222662926, 0.583582878112793, 0.810387909412384),
            ["LeftLowerLeg"] = CFrame.new(-5.960464477539063e-08, 0.00012260675430297852, 0.00007738173007965088, 1, 2.9802322387695312e-08, 7.450578820566989e-09, -1.4901159417490817e-08, 0.812412440776825, 0.5830831527709961, 5.960463766996327e-08, -0.5830832123756409, 0.8124125599861145),
        }},
        {Time = 0.133, Data = {
            ["RightFoot"] = CFrame.new(1.564621925354004e-07, 2.980232238769531e-07, 2.9402144718915224e-08, 0.9001649618148804, 0.3425810635089874, 0.26896387338638306, -0.05401696264743805, 0.7005692720413208, -0.7115370631217957, -0.43218663334846497, 0.6259721517562866, 0.6491329669952393),
            ["LeftLowerArm"] = CFrame.new(3.5762786865234375e-07, -6.556510925292969e-07, 8.791685104370117e-07, 1, 0, 1.49011640360186e-07, 3.7252894102834944e-09, -0.6129251718521118, -0.7901410460472107, 1.415610029198433e-07, 0.7901409864425659, -0.6129251718521118),
            ["RightUpperArm"] = CFrame.new(2.384185791015625e-07, 4.76837158203125e-07, 1.1175870895385742e-07, 0.7726659178733826, 0.09858693927526474, 0.62711101770401, 0.6347637176513672, -0.10768101364374161, -0.7651665806770325, -0.007907452993094921, 0.9892853498458862, -0.1457807719707489),
            ["Head"] = CFrame.new(9.555515134707093e-08, 0.0000011920928955078125, 3.2782554626464844e-07, 0.9141383171081543, -0.28284332156181335, -0.2904319167137146, 0.2762942612171173, 0.9589244723320007, -0.06422924250364304, 0.2966693043708801, -0.021530313417315483, 0.9547377228736877),
            ["RightHand"] = CFrame.new(7.152557373046875e-07, -3.5762786865234375e-07, -4.470348358154297e-08, 0.7807847857475281, -0.16144171357154846, -0.6035823822021484, 0.03148910030722618, 0.9749810099601746, -0.22004690766334534, 0.6240060925483704, 0.1528029590845108, 0.7663339972496033),
            ["UpperTorso"] = CFrame.new(-1.6391277313232422e-07, 2.682209014892578e-07, 0, 0.9903078675270081, -0.11557245254516602, 0.07702911645174026, 0.11401313543319702, 0.9931806921958923, 0.024356363341212273, -0.07931875437498093, -0.015337985008955002, 0.9967314004898071),
            ["HumanoidRootPart"] = CFrame.new(0, 0, 0, 1, 0, 0, 0, 1, 0, 0, 0, 1),
            ["RightUpperLeg"] = CFrame.new(0, 5.587935447692871e-09, -1.6952981241047382e-09, 0.8578328490257263, -0.4992637634277344, -0.12189620733261108, 0.4565964937210083, 0.849252462387085, -0.2651224732398987, 0.2358866035938263, 0.17177344858646393, 0.9564785957336426),
            ["LeftUpperArm"] = CFrame.new(5.960464477539063e-08, 7.152557373046875e-07, 2.9802322387695312e-08, 0.7424971461296082, 0.13282451033592224, -0.6565483212471008, -0.4657534956932068, 0.8068084716796875, -0.3635021150112152, 0.4814267158508301, 0.5756890177726746, 0.6609163880348206),
            ["RightLowerArm"] = CFrame.new(8.940696716308594e-07, -4.172325134277344e-07, 2.9802322387695312e-08, 1, -1.0430809993522416e-07, 7.264316792543468e-08, 1.4156105976326216e-07, 0.1324402242898941, -0.9911910891532898, 1.49011640360186e-07, 0.9911909699440002, 0.1324402540922165),
            ["LeftHand"] = CFrame.new(-7.450580596923828e-09, 6.556510925292969e-07, 1.043081283569336e-07, 0.8256385326385498, 0.3373377025127411, 0.4522436261177063, -0.31191423535346985, 0.940846860408783, -0.1323506236076355, -0.4701387882232666, -0.03178739175200462, 0.8820199370384216),
            ["LeftFoot"] = CFrame.new(5.960464477539063e-08, -2.384185791015625e-07, 9.499490261077881e-08, 0.74430912733078, -0.2671589255332947, -0.6120706796646118, 0.16443735361099243, 0.9615961909294128, -0.21975667774677277, 0.6472746729850769, 0.06291959434747696, 0.7596554756164551),
            ["LowerTorso"] = CFrame.new(0.2825714945793152, -0.29994237422943115, -0.2395879030227661, 0.823894739151001, 0.11903313547372818, 0.5541017651557922, -0.11735145002603531, 0.9923366904258728, -0.03868554159998894, -0.554460346698761, -0.03315182775259018, 0.8315496444702148),
