return {
    ["White Tiger"] = {
        {Time = 0.000, Data = {
            ["RightFoot"] = CFrame.new(-2.444721758365631e-08, 4.76837158203125e-07, 8.458300726488233e-08, 0.9362888932228088, 0.08381036669015884, -0.34108492732048035, -0.23599807918071747, 0.8693495392799377, -0.4342075288295746, 0.2601311206817627, 0.4870394468307495, 0.8337415456771851),
            ["LeftLowerArm"] = CFrame.new(5.960464477539063e-08, -2.980232238769531e-07, -3.725290298461914e-08, 1, -9.685753354915505e-08, 1.1175873737556685e-07, 1.1920930376163597e-07, 0.24659188091754913, -0.9691194891929626, 7.450581307466564e-08, 0.9691194295883179, 0.24659202992916107),
            ["RightUpperArm"] = CFrame.new(0, 2.384185791015625e-07, 4.470348358154297e-08, 0.5957323908805847, -0.21372857689857483, 0.7742242217063904, -0.23764260113239288, 0.8738817572593689, 0.42409518361091614, -0.7672216296195984, -0.4366357922554016, 0.46980857849121094),
            ["Head"] = CFrame.new(-1.862645149230957e-08, 0, 0, 0.9502213001251221, 0.05359918996691704, -0.3069307804107666, -0.15344302356243134, 0.9378538131713867, -0.31126418709754944, 0.27117276191711426, 0.3428664207458496, 0.8993932008743286),
            ["RightHand"] = CFrame.new(2.086162567138672e-07, 1.7881393432617188e-07, -1.043081283569336e-07, 0.9741487503051758, -0.2189367264509201, -0.05568643659353256, 0.22094544768333435, 0.9747331142425537, 0.03284287825226784, 0.04708865284919739, -0.04429725557565689, 0.9979079961776733),
            ["UpperTorso"] = CFrame.new(6.984919309616089e-09, -5.960464477539063e-08, -1.862645149230957e-08, 0.9928629398345947, -0.03346186876296997, 0.11447028815746307, 0.026483144611120224, 0.9977277517318726, 0.061952222138643265, -0.11628326028585434, -0.05847851186990738, 0.9914930462837219),
            ["HumanoidRootPart"] = CFrame.new(0, 0, 0, 1, 0, 0, 0, 1, 0, 0, 0, 1),
            ["RightUpperLeg"] = CFrame.new(0, 5.448237061500549e-08, 3.55576048605144e-08, 0.9981569647789001, -0.01423082035034895, -0.058994047343730927, -0.003474176861345768, 0.9571223258972168, -0.2896635830402374, 0.06058657169342041, 0.28933435678482056, 0.9553087949752808),
            ["LeftUpperArm"] = CFrame.new(1.1920928955078125e-07, 0, -7.450580596923828e-09, 0.7071100473403931, 0.4213102459907532, -0.5678847432136536, -0.14397789537906647, 0.8720758557319641, 0.4677116572856903, 0.6922902464866638, -0.2489606738090515, 0.6773129105567932),
            ["RightLowerArm"] = CFrame.new(-2.9802322387695312e-08, 1.7881393432617188e-07, -2.086162567138672e-07, 1, 1.9557781172352406e-08, -3.166496753692627e-08, 7.450580596923828e-08, 0.9439212083816528, -0.3301711082458496, 1.4901161193847656e-08, 0.330171138048172, 0.9439211487770081),
            ["LeftHand"] = CFrame.new(-3.2782554626464844e-07, 1.1920928955078125e-07, 0, 0.9656729102134705, -0.25907447934150696, -0.01887521706521511, 0.25910624861717224, 0.9555341005325317, 0.14077836275100708, -0.018436027690768242, -0.1408366858959198, 0.9898611903190613),
            ["LeftFoot"] = CFrame.new(-8.102506399154663e-08, -5.960464477539063e-08, 3.725290298461914e-08, 0.988327145576477, -0.028211023658514023, -0.14971232414245605, -0.03824639320373535, 0.9052886962890625, -0.4230716824531555, 0.1474682241678238, 0.4238590896129608, 0.8936423659324646),
            ["LowerTorso"] = CFrame.new(-0.2398630827665329, -0.37398672103881836, -0.43276527523994446, 0.9892724752426147, 0.015598054975271225, 0.14524683356285095, 0.0033302067313343287, 0.9916166663169861, -0.129171684384346, -0.14604398608207703, 0.12826967239379883, 0.9809272289276123),
            ["RightLowerLeg"] = CFrame.new(-4.6100467443466187e-08, -0.00006020069122314453, -0.00007212365017039701, 1, -1.5390101282264368e-07, -1.6111886225189664e-07, 1.6484405307437555e-07, -0.06813578307628632, 0.9976760745048523, -1.522711983170666e-07, -0.9976760745048523, -0.06813530623912811),
            ["LeftUpperLeg"] = CFrame.new(2.9802322387695312e-08, 1.7974525690078735e-07, 2.2351741790771484e-08, 0.9981521368026733, -0.024665577337145805, -0.05553406849503517, -0.0200068149715662, 0.7295547723770142, -0.6836296916007996, 0.057377200573682785, 0.6834775805473328, 0.7277131676673889),
            ["LeftLowerLeg"] = CFrame.new(5.4016709327697754e-08, 0.000060677528381347656, 0.00007203221321105957, 1, 8.381903171539307e-08, 5.7742006731587026e-08, -9.033828973770142e-08, 0.2472115308046341, 0.9689615964889526, 7.078051567077637e-08, -0.9689615964889526, 0.24721144139766693),
        }},
        {Time = 0.017, Data = {
            ["RightFoot"] = CFrame.new(-9.313225746154785e-10, 1.7881393432617188e-07, 1.845910446718335e-08, 0.9483716487884521, 0.1313026249408722, -0.2887057065963745, -0.2424464225769043, 0.8869960308074951, -0.3930109143257141, 0.20447733998298645, 0.44271647930145264, 0.873035728931427),
            ["LeftLowerArm"] = CFrame.new(2.682209014892578e-07, -5.960464477539063e-08, -1.1920928955078125e-07, 1, -1.2665987014770508e-07, 2.980232949312267e-08, 7.450581307466564e-08, 0.3192504048347473, -0.9476704597473145, 4.842878098543224e-08, 0.9476704001426697, 0.31925055384635925),
            ["RightUpperArm"] = CFrame.new(0, -1.1920928955078125e-07, 0, 0.42731109261512756, -0.21614214777946472, 0.8778883218765259, -0.11632398515939713, 0.9497887492179871, 0.29046517610549927, -0.8965901732444763, -0.22623848915100098, 0.3807128667831421),
            ["Head"] = CFrame.new(-3.5390257835388184e-08, -1.1920928955078125e-07, 0, 0.959706723690033, 0.04249047487974167, -0.27777257561683655, -0.13213245570659637, 0.9406397938728333, -0.3126303255558014, 0.2480001598596573, 0.33673638105392456, 0.908352792263031),
            ["RightHand"] = CFrame.new(-9.313225746154785e-08, 5.960464477539063e-08, -3.3527612686157227e-08, 0.9823609590530396, -0.15131491422653198, -0.10986781120300293, 0.1598515659570694, 0.9843995571136475, 0.07352015376091003, 0.09702887386083603, -0.08978594094514847, 0.9912234544754028),
            ["UpperTorso"] = CFrame.new(5.587935447692871e-09, 1.1920928955078125e-07, 6.705522537231445e-08, 0.9936739206314087, -0.04704015702009201, 0.10197754204273224, 0.0388084314763546, 0.9959376454353333, 0.08125440031290054, -0.10538548231124878, -0.07678281515836716, 0.9914627075195312),
            ["HumanoidRootPart"] = CFrame.new(0, 0, 0, 1, 0, 0, 0, 1, 0, 0, 0, 1),
            ["RightUpperLeg"] = CFrame.new(0, 1.832377165555954e-07, -9.145878721028566e-09, 0.9993076920509338, 0.016155719757080078, -0.03351519629359245, -0.029083646833896637, 0.9009913206100464, -0.43286117911338806, 0.02320370264351368, 0.4335361123085022, 0.9008374214172363),
            ["LeftUpperArm"] = CFrame.new(0, 1.1920928955078125e-07, -1.30385160446167e-08, 0.5544164180755615, 0.38650381565093994, -0.7370463013648987, -0.13328376412391663, 0.9154226183891296, 0.37978559732437134, 0.82149738073349, -0.1123230904340744, 0.5590400099754333),
            ["RightLowerArm"] = CFrame.new(1.1920928955078125e-07, -1.7881393432617188e-07, 1.4901161193847656e-08, 1, -1.3504175555567599e-08, 3.975582885118456e-08, 3.3527616238870905e-08, 0.9407855272293091, -0.3390023112297058, 6.9849201977945086e-09, 0.339002400636673, 0.9407855272293091),
            ["LeftHand"] = CFrame.new(1.1920928955078125e-07, -1.7881393432617188e-07, 8.940696716308594e-08, 0.984023928642273, -0.17634861171245575, 0.02445461042225361, 0.16864590346813202, 0.9673069715499878, 0.1894095093011856, -0.0570574514567852, -0.18225955963134766, 0.9815936088562012),
            ["LeftFoot"] = CFrame.new(7.078051567077637e-08, -5.960464477539063e-08, 7.450580596923828e-09, 0.9823976159095764, -0.023090288043022156, -0.18536968529224396, -0.05733397603034973, 0.90716552734375, -0.41685038805007935, 0.17778617143630981, 0.4201401472091675, 0.8898729681968689),
            ["LowerTorso"] = CFrame.new(-0.23773612082004547, -0.35358142852783203, -0.433981716632843, 0.9924585819244385, 0.014565345831215382, 0.1217121034860611, 0.004988785367459059, 0.9872934818267822, -0.15882918238639832, -0.12247896194458008, 0.15823858976364136, 0.9797751903533936),
            ["RightLowerLeg"] = CFrame.new(-1.862645149230957e-09, -0.00006031990051269531, -0.00007208732858998701, 1, -1.3969835777061235e-07, -1.5273698750206677e-07, 1.4714899521095504e-07, 0.0007483142544515431, 0.9999998211860657, -1.3783576946480025e-07, -0.9999997019767761, 0.0007484285160899162),
            ["LeftUpperLeg"] = CFrame.new(0, 2.859160304069519e-07, 5.21540641784668e-08, 0.9996994137763977, 0.019879598170518875, -0.014350526034832, -0.024459393694996834, 0.7681597471237183, -0.6397904753684998, -0.0016953808953985572, 0.6399495005607605, 0.7684153914451599),
            ["LeftLowerLeg"] = CFrame.new(2.7939677238464355e-08, 0.000060617923736572266, 0.00007215514779090881, 1, 8.009374141693115e-08, 5.774199252073231e-08, -8.102506399154663e-08, 0.27862605452537537, 0.960399866104126, 5.122274160385132e-08, -0.9603996872901917, 0.2786255180835724),
        }},
        {Time = 0.033, Data = {
            ["RightFoot"] = CFrame.new(2.7939677238464355e-09, 2.980232238769531e-07, -1.6931153368204832e-08, 0.9412221908569336, 0.1250617653131485, -0.3137842118740082, -0.23856869339942932, 0.903753399848938, -0.3554074466228485, 0.2391354888677597, 0.4093768894672394, 0.8804686665534973),
            ["LeftLowerArm"] = CFrame.new(0, 0, -8.940696716308594e-08, 1, -9.685753354915505e-08, 5.960465188081798e-08, 5.215405707303944e-08, 0.4547644257545471, -0.8906117677688599, 1.0430811414607888e-07, 0.8906118273735046, 0.45476463437080383),
            ["RightUpperArm"] = CFrame.new(0, -3.5762786865234375e-07, 5.21540641784668e-08, 0.320718914270401, -0.18738633394241333, 0.9284535050392151, 0.0630427673459053, 0.982284426689148, 0.17647378146648407, -0.9450741410255432, 0.0019337758421897888, 0.326850563287735),
            ["Head"] = CFrame.new(2.60770320892334e-08, -1.1920928955078125e-07, 0, 0.9753476977348328, 0.0294947549700737, -0.21869374811649323, -0.09380735456943512, 0.9524438977241516, -0.28991541266441345, 0.19974252581596375, 0.3032835125923157, 0.9317308068275452),
            ["RightHand"] = CFrame.new(1.043081283569336e-07, 5.960464477539063e-08, 1.4901161193847656e-08, 0.9834442734718323, -0.13045258820056915, -0.1257757544517517, 0.14205990731716156, 0.9859219193458557, 0.08818769454956055, 0.11250089854001999, -0.10459540784358978, 0.9881313443183899),
            ["UpperTorso"] = CFrame.new(-2.7939677238464355e-08, -2.9802322387695312e-08, -9.313225746154785e-08, 0.995563805103302, -0.05333149433135986, 0.0775151327252388, 0.045757073909044266, 0.9942899346351624, 0.09640523046255112, -0.08221393823623657, -0.0924307107925415, 0.9923192262649536),
            ["HumanoidRootPart"] = CFrame.new(0, 0, 0, 1, 0, 0, 0, 1, 0, 0, 0, 1),
            ["RightUpperLeg"] = CFrame.new(0, 6.984919309616089e-09, -1.246298779733479e-07, 0.9984169602394104, 0.05540204048156738, -0.009709419682621956, -0.05217602476477623, 0.8477874994277954, -0.5277632474899292, -0.021007629111409187, 0.5274344682693481, 0.8493360877037048),
            ["LeftUpperArm"] = CFrame.new(0, -1.1920928955078125e-07, 3.725290298461914e-09, 0.3658817410469055, 0.32425761222839355, -0.8723459839820862, -0.14344927668571472, 0.9457875490188599, 0.2913905382156372, 0.9195395708084106, 0.01852296106517315, 0.39256101846694946),
            ["RightLowerArm"] = CFrame.new(-5.960464477539063e-08, -1.1920928955078125e-07, -2.9802322387695312e-08, 1, -1.9557775843281888e-08, -1.1175870895385742e-08, 2.60770320892334e-08, 0.9450139999389648, -0.3270300626754761, 3.725290298461914e-08, 0.32703012228012085, 0.9450139403343201),
            ["LeftHand"] = CFrame.new(-8.940696716308594e-08, -1.1920928955078125e-07, 1.1920928955078125e-07, 0.9886841177940369, -0.09924901276826859, 0.11248654127120972, 0.07300688326358795, 0.9734007120132446, 0.21716605126857758, -0.13104839622974396, -0.20649641752243042, 0.9696318507194519),
            ["LeftFoot"] = CFrame.new(-1.0104849934577942e-07, 5.960464477539063e-08, -8.195638656616211e-08, 0.9783294796943665, -0.02138436585664749, -0.20594695210456848, -0.06636352092027664, 0.9097941517829895, -0.4097205102443695, 0.1961308866739273, 0.4145086705684662, 0.8886591196060181),
            ["LowerTorso"] = CFrame.new(-0.23503291606903076, -0.3316047191619873, -0.43061673641204834, 0.9959018230438232, 0.011176904663443565, 0.08974752575159073, 0.0059356666170060635, 0.9821172952651978, -0.1881764531135559, -0.09024582803249359, 0.18793798983097076, 0.9780260920524597),
            ["RightLowerLeg"] = CFrame.new(1.862645149230957e-08, -0.00006079673767089844, -0.00007205938891274855, 1, -1.2665982751514093e-07, -1.3969838619232178e-07, 1.3224779138454323e-07, 0.1841391623020172, 0.982900083065033, -1.3597308168300515e-07, -0.9829001426696777, 0.18413959443569183),
            ["LeftUpperLeg"] = CFrame.new(-1.1920928955078125e-07, 2.1327286958694458e-07, -5.21540641784668e-08, 0.997991144657135, 0.05893347039818764, 0.02324983850121498, -0.03375483676791191, 0.8051861524581909, -0.5920606851577759, -0.053612638264894485, 0.5900866389274597, 0.8055580854415894),
            ["LeftLowerLeg"] = CFrame.new(-7.078051567077637e-08, 0.000060498714447021484, 0.00007192790508270264, 1, 1.005828522693264e-07, 7.776543498039246e-08, -6.705521116145974e-08, 0.3144002854824066, 0.9492906332015991, 7.543710722757169e-08, -0.9492905139923096, 0.3144001066684723),
        }},
        {Time = 0.050, Data = {
            ["RightFoot"] = CFrame.new(1.3969838619232178e-08, 3.5762786865234375e-07, -4.85961209051311e-08, 0.9331622123718262, -0.03282659500837326, -0.35795366764068604, -0.09404012560844421, 0.9388434290885925, -0.331254243850708, 0.34693628549575806, 0.3427761495113373, 0.8730062246322632),
            ["LeftLowerArm"] = CFrame.new(5.960464477539063e-08, -2.980232238769531e-07, 1.6391277313232422e-07, 1, -1.043081283569336e-07, 2.60770320892334e-08, 3.725290298461914e-08, 0.6310933828353882, -0.7757067680358887, 5.21540641784668e-08, 0.7757068276405334, 0.6310935616493225),
            ["RightUpperArm"] = CFrame.new(0, 1.1920928955078125e-07, -2.2351741790771484e-08, 0.23959475755691528, -0.12775106728076935, 0.9624313712120056, 0.2486886829137802, 0.9663078784942627, 0.06635525077581406, -0.9384819865226746, 0.22344738245010376, 0.263292521238327),
            ["Head"] = CFrame.new(1.4901161193847656e-08, 0, -1.1175870895385742e-08, 0.9877806305885315, 0.04062255844473839, -0.1504635363817215, -0.07762716710567474, 0.9653936624526978, -0.24897617101669312, 0.1351425051689148, 0.25761398673057556, 0.9567506313323975),
            ["RightHand"] = CFrame.new(3.725290298461914e-08, 1.1920928955078125e-07, -3.725290298461914e-08, 0.9773107767105103, -0.1402582824230194, -0.15871788561344147, 0.15786315500736237, 0.9819355607032776, 0.10431613773107529, 0.1412193328142166, -0.12700502574443817, 0.9817978143692017),
            ["UpperTorso"] = CFrame.new(2.9336661100387573e-08, 5.960464477539063e-08, -2.2351741790771484e-08, 0.99729323387146, -0.05757993459701538, 0.04572523012757301, 0.05227573215961456, 0.9925829172134399, 0.10975630581378937, -0.05170583724975586, -0.10706891864538193, 0.9929062128067017),
            ["HumanoidRootPart"] = CFrame.new(0, 0, 0, 1, 0, 0, 0, 1, 0, 0, 0, 1),
            ["RightUpperLeg"] = CFrame.new(1.1920928955078125e-07, 3.236345946788788e-08, 9.236828191205859e-08, 0.99406898021698, 0.10746214538812637, 0.016700930893421173, -0.07524451613426208, 0.7905049324035645, -0.6078158617019653, -0.07851935178041458, 0.6029543876647949, 0.7939024567604065),
            ["LeftUpperArm"] = CFrame.new(-1.1920928955078125e-07, -1.1920928955078125e-07, 2.2351741790771484e-08, 0.16666270792484283, 0.25129514932632446, -0.9534538984298706, -0.19647857546806335, 0.9560497999191284, 0.2176351547241211, 0.9662400484085083, 0.15106159448623657, 0.2087119072675705),
            ["RightLowerArm"] = CFrame.new(5.960464477539063e-08, 4.76837158203125e-07, -1.4901161193847656e-08, 1, -3.5390257835388184e-08, 7.450580596923828e-09, 9.313225746154785e-08, 0.9421534538269043, -0.33518195152282715, 3.3527612686157227e-08, 0.3351820409297943, 0.9421535134315491),
            ["LeftHand"] = CFrame.new(5.960464477539063e-08, 2.980232238769531e-07, 1.5087425708770752e-07, 0.9753461480140686, -0.08768771588802338, 0.202511265873909, 0.046502698212862015, 0.9787280559539795, 0.1998223215341568, -0.2157256007194519, -0.18547868728637695, 0.958676278591156),
            ["LeftFoot"] = CFrame.new(1.6763806343078613e-08, -1.1920928955078125e-07, 7.450580596923828e-09, 0.9794544577598572, -0.0227967556566, -0.20037317276000977, -0.060491207987070084, 0.9146268367767334, -0.39974844455718994, 0.19237962365150452, 0.4036560654640198, 0.8944560885429382),
            ["LowerTorso"] = CFrame.new(-0.23383787274360657, -0.3086104393005371, -0.42244940996170044, 0.9984114766120911, 0.008640650659799576, 0.05567654222249985, 0.00353587931022048, 0.9766139984130859, -0.21497102081775665, -0.05623198300600052, 0.21482640504837036, 0.9750320911407471),
            ["RightLowerLeg"] = CFrame.new(-5.587935447692871e-08, -0.00006014108657836914, -0.00007187498704297468, 1, -1.3969835777061235e-07, -6.332995639013461e-08, 1.341104365337742e-07, 0.40283384919166565, 0.9152730107307434, -8.940695295223122e-08, -0.9152731895446777, 0.4028340280056),
            ["LeftUpperLeg"] = CFrame.new(5.960464477539063e-08, -1.457519829273224e-07, 8.195638656616211e-08, 0.9959354996681213, 0.077512726187706, 0.04587407037615776, -0.04032761976122856, 0.8391578793525696, -0.5423908829689026, -0.0805378258228302, 0.5383363366127014, 0.8388728499412537),
            ["LeftLowerLeg"] = CFrame.new(-9.12696123123169e-08, 0.000060558319091796875, 0.00007215142250061035, 1, 6.70552182668871e-08, 7.404014468193054e-08, -7.82310962677002e-08, 0.3568606376647949, 0.9341577291488647, 5.774199962615967e-08, -0.93415766954422, 0.356860488653183),
        }},
        {Time = 0.067, Data = {
            ["RightFoot"] = CFrame.new(-2.3283064365386963e-08, 4.76837158203125e-07, 1.590888132341206e-07, 0.9177588820457458, -0.10264334827661514, -0.38364478945732117, 0.04298685863614082, 0.9860219955444336, -0.1609744131565094, 0.39480477571487427, 0.131244495511055, 0.9093425869941711),
            ["LeftLowerArm"] = CFrame.new(-5.960464477539063e-08, 1.1920928955078125e-07, -1.9371509552001953e-07, 1, -4.842878098543224e-08, -1.1175870895385742e-08, 1.0244547432591844e-08, 0.791950523853302, -0.6105853915214539, 3.352760913344355e-08, 0.6105853319168091, 0.7919504046440125),
            ["RightUpperArm"] = CFrame.new(-5.960464477539063e-08, -1.1920928955078125e-07, -1.6763806343078613e-08, 0.21110786497592926, -0.04666879028081894, 0.9763481020927429, 0.41957247257232666, 0.9064839482307434, -0.04739140719175339, -0.8828320503234863, 0.41965338587760925, 0.21094682812690735),
            ["Head"] = CFrame.new(2.444721758365631e-08, -1.1920928955078125e-07, -3.725290298461914e-09, 0.9950869083404541, 0.056720003485679626, -0.08114711195230484, -0.07259553670883179, 0.9753265380859375, -0.20848999917507172, 0.067319355905056, 0.21335665881633759, 0.9746523499488831),
            ["RightHand"] = CFrame.new(5.21540641784668e-08, 5.960464477539063e-08, -3.725290298461914e-09, 0.9837510585784912, -0.15392008423805237, -0.09242548048496246, 0.16226543486118317, 0.982559859752655, 0.09080805629491806, 0.0768362432718277, -0.10433005541563034, 0.9915702939033508),
            ["UpperTorso"] = CFrame.new(-1.234002411365509e-08, 0, -1.4901161193847656e-08, 0.9982541799545288, -0.057929739356040955, 0.011520500294864178, 0.05611240118741989, 0.9910407066345215, 0.12120095640420914, -0.018438421189785004, -0.12034290283918381, 0.9925612211227417),
            ["HumanoidRootPart"] = CFrame.new(0, 0, 0, 1, 0, 0, 0, 1, 0, 0, 0, 1),
            ["RightUpperLeg"] = CFrame.new(0, 3.259629011154175e-08, 5.1855749916285276e-08, 0.988728404045105, 0.1420019418001175, 0.0474526546895504, -0.07513895630836487, 0.7447597980499268, -0.6630887389183044, -0.12950073182582855, 0.6520493626594543, 0.7470352053642273),
            ["LeftUpperArm"] = CFrame.new(0, -1.1920928955078125e-07, -7.450580596923828e-09, 0.015998264774680138, 0.16759470105171204, -0.9857261776924133, -0.29842209815979004, 0.941719651222229, 0.15526920557022095, 0.9542999267578125, 0.29167839884757996, 0.06507980078458786),
            ["RightLowerArm"] = CFrame.new(-8.940696716308594e-08, -3.5762786865234375e-07, 9.685754776000977e-08, 1, -1.1175872671742582e-08, 2.980232594040899e-08, -4.0046870708465576e-08, 0.933875322341919, -0.3575989007949829, 2.8870999813079834e-08, 0.3575989902019501, 0.9338753819465637),
            ["LeftHand"] = CFrame.new(-2.9802322387695312e-08, -2.384185791015625e-07, -1.2665987014770508e-07, 0.9596402645111084, -0.14192716777324677, 0.2427905797958374, 0.10026389360427856, 0.9792461395263672, 0.176137313246727, -0.2627504765987396, -0.14468538761138916, 0.9539541006088257),
            ["LeftFoot"] = CFrame.new(3.073364496231079e-08, 1.1920928955078125e-07, -6.705522537231445e-08, 0.983961820602417, -0.026417400687932968, -0.17641279101371765, -0.045667652040719986, 0.9187070727348328, -0.3922903835773468, 0.1724349409341812, 0.3940551280975342, 0.9027662873268127),
            ["LowerTorso"] = CFrame.new(-0.23340623080730438, -0.29088711738586426, -0.41208571195602417, 0.9997050166130066, 0.0044393944554030895, 0.023883042857050896, 0.001268408028408885, 0.9722787737846375, -0.23382122814655304, -0.02425900474190712, 0.23378251492977142, 0.9719862341880798),
            ["RightLowerLeg"] = CFrame.new(-2.2351741790771484e-08, -0.0000603795051574707, -0.00007204169378383085, 1, -1.1734664440155029e-07, -9.289946234503077e-08, 8.568168397005138e-08, 0.6244766116142273, 0.7810434103012085, -3.725290653733282e-08, -0.7810435891151428, 0.6244769096374512),
            ["LeftUpperLeg"] = CFrame.new(0, 1.5832483768463135e-08, 2.0489096641540527e-08, 0.9952109456062317, 0.08250057697296143, 0.052429381757974625, -0.04498996585607529, 0.8627609610557556, -0.503606379032135, -0.08678188174962997, 0.498835951089859, 0.8623408675193787),
            ["LeftLowerLeg"] = CFrame.new(8.940696716308594e-08, 0.00006091594696044922, 0.00007197260856628418, 1, 8.568168397005138e-08, 8.102509241325606e-08, -6.705522537231445e-08, 0.3908854126930237, 0.9204395413398743, 5.960464477539063e-08, -0.9204394221305847, 0.3908851444721222),
        }},
        {Time = 0.083, Data = {
            ["RightFoot"] = CFrame.new(3.026798367500305e-08, 2.384185791015625e-07, -2.777014742605388e-07, 0.9231888055801392, 0.03243161365389824, -0.38297611474990845, -0.07567507028579712, 0.9922662973403931, -0.09839152544736862, 0.3768232762813568, 0.11981596052646637, 0.9185033440589905),
            ["LeftLowerArm"] = CFrame.new(1.1920928955078125e-07, -3.5762786865234375e-07, 7.450580596923828e-08, 1, -2.60770320892334e-08, -1.4901164746561335e-08, 7.182825356721878e-08, 0.8925588130950928, -0.45093101263046265, 1.1175870895385742e-08, 0.45093101263046265, 0.8925589323043823),
            ["RightUpperArm"] = CFrame.new(-5.960464477539063e-08, -1.1920928955078125e-07, -3.3527612686157227e-08, 0.2130998969078064, 0.04620009660720825, 0.97593754529953, 0.5605115294456482, 0.812376081943512, -0.16084721684455872, -0.8002595901489258, 0.5813007950782776, 0.14722153544425964),
            ["Head"] = CFrame.new(3.958120942115784e-09, -1.1920928955078125e-07, -3.166496753692627e-08, 0.9975086450576782, 0.06905712187290192, -0.014412702061235905, -0.07053351402282715, 0.9800134897232056, -0.18600691854953766, 0.0012795481598004699, 0.18656015396118164, 0.9824427962303162),
            ["RightHand"] = CFrame.new(-3.3527612686157227e-07, -1.1920928955078125e-07, 1.4901161193847656e-08, 0.987907350063324, -0.15397164225578308, 0.018219048157334328, 0.15218903124332428, 0.9854398369789124, 0.07580818980932236, -0.029626179486513138, -0.0721188336610794, 0.9969560503959656),
            ["UpperTorso"] = CFrame.new(3.725290298461914e-09, 0, 5.704350769519806e-09, 0.9983155131340027, -0.05417049303650856, -0.020776793360710144, 0.056411344558000565, 0.9899890422821045, 0.1293817162513733, 0.013560114428400993, -0.13033583760261536, 0.9913771748542786),
            ["HumanoidRootPart"] = CFrame.new(0, 0, 0, 1, 0, 0, 0, 1, 0, 0, 0, 1),
            ["RightUpperLeg"] = CFrame.new(-2.9802322387695312e-08, -6.708432920277119e-08, 5.8840669225901365e-08, 0.9860857129096985, 0.13348188996315002, 0.09908389300107956, -0.050741344690322876, 0.8092713356018066, -0.585239589214325, -0.15830454230308533, 0.5720685720443726, 0.8047839403152466),
            ["LeftUpperArm"] = CFrame.new(1.1920928955078125e-07, -2.384185791015625e-07, -7.450580596923828e-09, -0.04935193806886673, 0.07441965490579605, -0.996005117893219, -0.4262959957122803, 0.9002550840377808, 0.08838833123445511, 0.903236448764801, 0.4289552569389343, -0.012704581953585148),
            ["RightLowerArm"] = CFrame.new(2.980232238769531e-07, -1.1920928955078125e-07, 1.4901161193847656e-08, 1, -3.725290653733282e-08, -2.2351745343485163e-08, -3.4458935260772705e-08, 0.9209124445915222, -0.38976943492889404, 7.450580596923828e-09, 0.38976967334747314, 0.9209125638008118),
            ["LeftHand"] = CFrame.new(-7.078051567077637e-08, 1.1920928955078125e-07, -2.9802322387695312e-08, 0.9341663122177124, -0.2331620752811432, 0.27012741565704346, 0.1898462027311325, 0.9657213687896729, 0.17703330516815186, -0.3021453619003296, -0.11409609019756317, 0.946409285068512),
            ["LeftFoot"] = CFrame.new(3.3527612686157227e-08, 0, 7.450580596923828e-09, 0.9907312989234924, -0.03088081255555153, -0.13228023052215576, -0.023059997707605362, 0.9214456677436829, -0.38782235980033875, 0.1338653266429901, 0.3872780501842499, 0.9121928811073303),
            ["LowerTorso"] = CFrame.new(-0.23577098548412323, -0.2793753147125244, -0.400558739900589, 0.9999801516532898, 0.001142938737757504, -0.006192540284246206, -0.002626777859404683, 0.9694573283195496, -0.24524596333503723, 0.005723102949559689, 0.24525736272335052, 0.9694411158561707),
            ["RightLowerLeg"] = CFrame.new(9.313225746154785e-10, -0.0000603795051574707, -0.00007206590817077085, 1, -5.681067705154419e-08, -5.913897638265553e-08, 5.681066994611683e-08, 0.9170053005218506, 0.3988746404647827, -9.313224635931761e-10, -0.39887502789497375, 0.9170055389404297),
            ["LeftUpperLeg"] = CFrame.new(2.9802322387695312e-08, -1.3172393664717674e-07, 5.122274160385132e-08, 0.9964886903762817, 0.0719473659992218, 0.04282362386584282, -0.042967796325683594, 0.8784133195877075, -0.47596651315689087, -0.07186143845319748, 0.47245490550994873, 0.8784202933311462),
            ["LeftLowerLeg"] = CFrame.new(1.471489667892456e-07, 0.00006091594696044922, 0.00007226504385471344, 1, 6.845220212881031e-08, 5.029141902923584e-08, -7.450580596923828e-08, 0.415284126996994, 0.9096916913986206, 5.4016709327697754e-08, -0.9096917510032654, 0.4152844250202179),
        }},
        {Time = 0.100, Data = {
            ["RightFoot"] = CFrame.new(3.771856427192688e-08, 2.384185791015625e-07, 1.5350087778642774e-07, 0.9200943112373352, 0.0732409730553627, -0.3847886919975281, -0.0976862907409668, 0.9942288994789124, -0.04434185475111008, 0.3793204724788666, 0.07838770002126694, 0.9219390749931335),
            ["LeftLowerArm"] = CFrame.new(-4.172325134277344e-07, -1.1920928955078125e-07, -1.1175870895385742e-08, 1, -5.5879368687783426e-08, -2.2351745343485163e-08, 2.7939677238464355e-08, 0.9464124441146851, -0.3229605257511139, -9.313225746154785e-10, 0.32296064496040344, 0.9464125037193298),
            ["RightUpperArm"] = CFrame.new(0, -2.384185791015625e-07, -3.725290298461914e-08, 0.22865566611289978, 0.14923754334449768, 0.9620004296302795, 0.6735278964042664, 0.6892485022544861, -0.26701417565345764, -0.7029058933258057, 0.7089884281158447, 0.05708491802215576),
            ["Head"] = CFrame.new(-2.3283064365386963e-08, -3.5762786865234375e-07, -1.4901161193847656e-08, 0.9966208934783936, 0.07221405953168869, 0.03914066031575203, -0.06417417526245117, 0.9819869995117188, -0.1777167022228241, -0.051269255578517914, 0.17460444569587708, 0.9833030700683594),
            ["RightHand"] = CFrame.new(2.086162567138672e-07, 5.960464477539063e-08, -8.940696716308594e-08, 0.9820665121078491, -0.14863066375255585, 0.11599302291870117, 0.1401190161705017, 0.9870245456695557, 0.07841811329126358, -0.12614333629608154, -0.06075885146856308, 0.9901496171951294),
            ["UpperTorso"] = CFrame.new(-7.450580596923828e-09, -1.1920928955078125e-07, -3.818422555923462e-08, 0.9977182745933533, -0.05305331572890282, -0.04175795987248421, 0.05820322781801224, 0.9893068075180054, 0.13373295962810516, 0.034216441214084625, -0.13585831224918365, 0.9901372790336609),
            ["HumanoidRootPart"] = CFrame.new(0, 0, 0, 1, 0, 0, 0, 1, 0, 0, 0, 1),
            ["RightUpperLeg"] = CFrame.new(-8.940696716308594e-08, -9.93022695183754e-08, -3.894820110872388e-08, 0.9819680452346802, 0.15072309970855713, 0.11411099135875702, -0.024076446890830994, 0.6984044909477234, -0.7152982950210571, -0.1875075101852417, 0.6996526122093201, 0.6894396543502808),
            ["LeftUpperArm"] = CFrame.new(5.960464477539063e-08, -2.384185791015625e-07, -4.470348358154297e-08, -0.06074584275484085, -0.020035836845636368, -0.9979522228240967, -0.5460739731788635, 0.8375759720802307, 0.01642381213605404, 0.8355316519737244, 0.5459534525871277, -0.061820369213819504),
            ["RightLowerArm"] = CFrame.new(0, -3.5762786865234375e-07, 8.195638656616211e-08, 1, -2.2351747119842003e-08, -5.960464477539063e-08, -4.284084198502569e-08, 0.912894070148468, -0.40819668769836426, -7.450581485102248e-09, 0.40819671750068665, 0.912894070148468),
            ["LeftHand"] = CFrame.new(2.4586915969848633e-07, -1.1920928955078125e-07, 0, 0.904756486415863, -0.2979479134082794, 0.304372638463974, 0.23914414644241333, 0.9466897249221802, 0.21584439277648926, -0.3524568974971771, -0.12249764800071716, 0.9277761578559875),
            ["LeftFoot"] = CFrame.new(-2.0023435354232788e-08, -1.1920928955078125e-07, -8.195638656616211e-08, 0.9952498078346252, -0.030904803425073624, -0.09231910109519958, -0.006985807791352272, 0.9231618046760559, -0.3843482434749603, 0.09710362553596497, 0.3831675350666046, 0.9185606837272644),
            ["LowerTorso"] = CFrame.new(-0.24383853375911713, -0.27677226066589355, -0.38932541012763977, 0.9993249773979187, 0.007133400999009609, -0.03603826090693474, -0.015917783603072166, 0.9681789875030518, -0.249752014875412, 0.03310990706086159, 0.25015708804130554, 0.9676389694213867),
            ["RightLowerLeg"] = CFrame.new(5.4016709327697754e-08, -0.000060498714447021484, -0.00007210874900920317, 1, -6.891787052154541e-08, -1.7229467630386353e-08, 4.7963105487269786e-08, 0.9233914017677307, 0.38385945558547974, -8.847563570668626e-09, -0.383859783411026, 0.9233915209770203),
            ["LeftUpperLeg"] = CFrame.new(5.960464477539063e-08, -1.1408701539039612e-07, -3.91155481338501e-08, 0.9976723194122314, 0.05288456752896309, 0.04304816201329231, -0.0272606760263443, 0.8879737854003906, -0.4590854346752167, -0.06250417977571487, 0.4568433165550232, 0.8873486518859863),
            ["LeftLowerLeg"] = CFrame.new(8.940696716308594e-08, 0.00006091594696044922, 0.00007218308746814728, 1, 8.288773045705966e-08, 4.3772171665068527e-08, -8.568168397005138e-08, 0.4318981468677521, 0.9019224047660828, 5.8673329306202504e-08, -0.9019224643707275, 0.4318981468677521),
        }},
        {Time = 0.117, Data = {
            ["RightFoot"] = CFrame.new(-1.862645149230957e-08, 2.980232238769531e-07, -4.1145540308207273e-08, 0.8925572037696838, 0.20235401391983032, -0.40298232436180115, -0.19491761922836304, 0.9789906144142151, 0.05987236648797989, 0.4066312313079834, 0.025108862668275833, 0.913247287273407),
            ["LeftLowerArm"] = CFrame.new(2.9802322387695312e-08, 5.960464477539063e-08, 7.450580596923828e-08, 1, 1.0058282384761696e-07, -5.960464477539063e-08, -8.568165554834195e-08, 0.96293044090271, -0.26975005865097046, 2.2351736461700966e-08, 0.26975005865097046, 0.96293044090271),
            ["RightUpperArm"] = CFrame.new(0, 1.1920928955078125e-07, -6.51925802230835e-08, 0.1604112684726715, 0.25441715121269226, 0.9536981582641602, 0.8046369552612305, 0.5259125232696533, -0.2756364643573761, -0.5716885328292847, 0.8115959763526917, -0.12035113573074341),
            ["Head"] = CFrame.new(-1.30385160446167e-08, 2.384185791015625e-07, -9.685754776000977e-08, 0.9940910935401917, 0.0645231157541275, 0.08729053288698196, -0.04722322151064873, 0.9811397790908813, -0.18744297325611115, -0.0977386087179184, 0.18221332132816315, 0.978389322757721),
            ["RightHand"] = CFrame.new(2.4586915969848633e-07, 5.960464477539063e-08, 1.1920928955078125e-07, 0.9890614748001099, -0.13677401840686798, 0.055231206119060516, 0.13357022404670715, 0.9893375039100647, 0.058055564761161804, -0.062582828104496, -0.050043441355228424, 0.9967843890190125),
            ["UpperTorso"] = CFrame.new(1.1175870895385742e-08, -1.1920928955078125e-07, -3.166496753692627e-08, 0.9976460337638855, -0.05067799612879753, -0.046198759227991104, 0.056458525359630585, 0.9893869161605835, 0.1338881403207779, 0.03892326354980469, -0.13618125021457672, 0.9899190664291382),
            ["HumanoidRootPart"] = CFrame.new(0, 0, 0, 1, 0, 0, 0, 1, 0, 0, 0, 1),
            ["RightUpperLeg"] = CFrame.new(0, -5.075708031654358e-07, 1.3205863069742918e-08, 0.9753348231315613, 0.15363022685050964, 0.1584925502538681, 0.032951731234788895, 0.6086488962173462, -0.7927551865577698, -0.21825739741325378, 0.7784242033958435, 0.5885739326477051),
            ["LeftUpperArm"] = CFrame.new(5.960464477539063e-08, 1.1920928955078125e-07, -7.450580596923828e-08, -0.03773344308137894, -0.09035682678222656, -0.9951944351196289, -0.6505758166313171, 0.7581559419631958, -0.044168345630168915, 0.7585034370422363, 0.6457827091217041, -0.08739180862903595),
            ["RightLowerArm"] = CFrame.new(4.76837158203125e-07, 2.384185791015625e-07, -4.0978193283081055e-08, 1, 1.0430811414607888e-07, -1.4901162970204496e-08, 1.1734663019069558e-07, 0.9178484678268433, -0.396930992603302, -7.4505797087454084e-09, 0.396930992603302, 0.917848527431488),
            ["LeftHand"] = CFrame.new(-3.725290298461914e-08, -5.960464477539063e-08, -5.960464477539063e-08, 0.8919429779052734, -0.3304613530635834, 0.3085981607437134, 0.2610083222389221, 0.9336290955543518, 0.24538031220436096, -0.3692049980163574, -0.13831865787506104, 0.9189971089363098),
            ["LeftFoot"] = CFrame.new(3.306195139884949e-08, -5.960464477539063e-08, -3.725290298461914e-09, 0.9969457983970642, -0.026945803314447403, -0.07330095022916794, -0.0036232704296708107, 0.921622097492218, -0.38807162642478943, 0.07801268994808197, 0.38715189695358276, 0.9187096357345581),
            ["LowerTorso"] = CFrame.new(-0.2544049024581909, -0.28198862075805664, -0.38072773814201355, 0.9972213506698608, 0.016178736463189125, -0.07271867245435715, -0.03349008038640022, 0.9692947864532471, -0.24361082911491394, 0.06654451787471771, 0.24536927044391632, 0.9671431183815002),
            ["RightLowerLeg"] = CFrame.new(-1.4901161193847656e-08, -0.000060617923736572266, -0.00007193179772002622, 1, -7.450580596923828e-08, -5.215405707303944e-08, 6.70552182668871e-08, 0.9533249139785767, 0.30194634199142456, 1.1175869119028903e-08, -0.3019464612007141, 0.9533249139785767),
            ["LeftUpperLeg"] = CFrame.new(-5.960464477539063e-08, -2.4586915969848633e-07, -4.0978193283081055e-08, 0.9965873956680298, 0.0458357147872448, 0.06864988058805466, -0.009553181938827038, 0.8901199698448181, -0.45562639832496643, -0.08199059963226318, 0.45341551303863525, 0.8875200152397156),
            ["LeftLowerLeg"] = CFrame.new(-8.568167686462402e-08, 0.000060558319091796875, 0.00007208646275103092, 1, 7.962808723505077e-08, 5.401672353855247e-08, -7.35744833946228e-08, 0.4365119934082031, 0.8996984958648682, 5.075708031654358e-08, -0.8996984958648682, 0.43651190400123596),
        }},
        {Time = 0.133, Data = {
            ["RightFoot"] = CFrame.new(-5.21540641784668e-08, 4.172325134277344e-07, -5.045876605436206e-08, 0.8599547147750854, 0.22215932607650757, -0.45948168635368347, -0.23881374299526215, 0.9708064198493958, 0.022426597774028778, 0.4510498642921448, 0.09044446796178818, 0.8879041075706482),
            ["LeftLowerArm"] = CFrame.new(-3.5762786865234375e-07, -3.5762786865234375e-07, -5.960464477539063e-08, 1, -1.1548401346317405e-07, 6.705523247774181e-08, 8.195637946073475e-08, 0.964698076248169, -0.26335838437080383, -1.4901159417490817e-08, 0.2633584439754486, 0.9646981358528137),
            ["RightUpperArm"] = CFrame.new(0, -2.384185791015625e-07, -1.862645149230957e-08, 0.017794055864214897, 0.34894925355911255, 0.9369726777076721, 0.9328711628913879, 0.3314077854156494, -0.14113973081111908, -0.35977068543434143, 0.8765861988067627, -0.3196275234222412),
            ["Head"] = CFrame.new(9.313225746154785e-09, -3.5762786865234375e-07, -2.60770320892334e-08, 0.9903895854949951, 0.06582340598106384, 0.12163787335157394, -0.039490245282649994, 0.9774569272994995, -0.20740918815135956, -0.13254815340042114, 0.20061242580413818, 0.970662534236908),
            ["RightHand"] = CFrame.new(1.5087425708770752e-07, 5.960464477539063e-08, -7.450580596923828e-08, 0.9803228378295898, -0.16286776959896088, -0.111541248857975, 0.1669776290655136, 0.9855490326881409, 0.028488943353295326, 0.10528920590877533, -0.04655340686440468, 0.9933514595031738),
            ["UpperTorso"] = CFrame.new(1.1175870895385742e-08, 1.1920928955078125e-07, -4.284083843231201e-08, 0.9980940222740173, -0.049051955342292786, -0.03744673728942871, 0.05342880263924599, 0.9905156493186951, 0.12658649682998657, 0.03088226355612278, -0.12834595143795013, 0.9912485480308533),
            ["HumanoidRootPart"] = CFrame.new(0, 0, 0, 1, 0, 0, 0, 1, 0, 0, 0, 1),
            ["RightUpperLeg"] = CFrame.new(5.960464477539063e-08, -1.5925616025924683e-07, 1.3205863069742918e-08, 0.9578214883804321, 0.19646552205085754, 0.20971281826496124, 0.11143334209918976, 0.41874298453330994, -0.9012418985366821, -0.2648787498474121, 0.886597752571106, 0.3791881203651428),
            ["LeftUpperArm"] = CFrame.new(5.960464477539063e-08, -5.960464477539062e-07, -1.4901161193847656e-08, -0.03902469575405121, -0.13860322535037994, -0.9895788431167603, -0.7422071695327759, 0.6670917272567749, -0.06416533142328262, 0.669033408164978, 0.7319684624671936, -0.12890541553497314),
            ["RightLowerArm"] = CFrame.new(3.5762786865234375e-07, -1.1920928955078125e-07, 7.450580596923828e-08, 1, -2.2351738238057806e-08, -7.4505797087454084e-09, 1.862645149230957e-08, 0.9319852590560913, -0.36249634623527527, 3.725290298461914e-09, 0.36249634623527527, 0.9319852590560913),
            ["LeftHand"] = CFrame.new(-4.246830940246582e-07, 2.980232238769531e-07, -5.960464477539063e-08, 0.8956738114356995, -0.29993540048599243, 0.3283398449420929, 0.23234426975250244, 0.9451509714126587, 0.229577898979187, -0.3791894316673279, -0.1293390691280365, 0.9162352085113525),
            ["LeftFoot"] = CFrame.new(2.1420419216156006e-08, -1.1920928955078125e-07, 1.5832483768463135e-08, 0.9974755644798279, -0.020742326974868774, -0.06791383028030396, -0.007857635617256165, 0.9182738065719604, -0.3958682119846344, 0.07057474553585052, 0.3954025208950043, 0.91579270362854),
            ["LowerTorso"] = CFrame.new(-0.2664487659931183, -0.2927732467651367, -0.3720977306365967, 0.9937015175819397, 0.026622455567121506, -0.10885076224803925, -0.050496961921453476, 0.9735365509986877, -0.22288298606872559, 0.10003649443387985, 0.22697584331035614, 0.9687490463256836),
