return {
["whos over there?"] = {

          {Time = 0.000, Data = {

              ["Head"] = CFrame.new(0.000000, 0.000000, 0.000000, 1.000000, 0.000000, 0.000000, 0.000000, 1.000000, -0.000000, 0.000000, 0.000000, 1.000000),

              ["LeftFoot"] = CFrame.new(-0.000000, -0.000542, -0.000003, 0.998947, -0.035089, -0.029546, 0.035105, 0.999384, 0.000000, 0.029526, -0.001027, 0.999564),

              ["LeftHand"] = CFrame.new(0.000500, 0.000100, -0.000000, 1.000000, 0.000000, -0.000937, 0.000000, 1.000000, 0.000003, 0.000938, -0.000003, 1.000000),

              ["LeftLowerArm"] = CFrame.new(-0.000500, -0.000099, -0.000000, 1.000000, -0.000000, -0.000000, 0.000000, 1.000000, -0.000007, 0.000000, 0.000006, 1.000000),

              ["LeftLowerLeg"] = CFrame.new(0.000000, -0.000141, 0.000099, 1.000000, -0.000000, -0.000000, 0.000000, 1.000000, -0.000008, -0.000000, -0.000011, 1.000000),

              ["LeftUpperArm"] = CFrame.new(-0.000000, -0.000000, -0.000469, 1.000000, 0.000000, 0.000938, -0.000000, 1.000000, 0.000004, -0.000938, -0.000003, 1.000000),

              ["LeftUpperLeg"] = CFrame.new(0.000000, -0.000000, -0.000100, 0.998947, 0.035105, 0.029527, -0.035089, 0.999384, -0.001030, -0.029545, 0.000000, 0.999563),

              ["LowerTorso"] = CFrame.new(0.000000, 0.000000, 0.000000, 1.000000, 0.000000, -0.000000, 0.000000, 1.000000, 0.000000, 0.000000, 0.000000, 1.000000),

              ["RightFoot"] = CFrame.new(-0.000000, -0.000220, -0.000103, 0.999326, 0.028082, 0.023646, -0.028090, 0.999605, 0.000002, -0.023635, -0.000655, 0.999720),

              ["RightHand"] = CFrame.new(-0.000486, 0.020584, -0.000000, 0.978047, 0.180108, -0.104811, -0.206826, 0.900418, -0.382717, 0.025443, 0.395990, 0.917901),

              ["RightLowerArm"] = CFrame.new(0.000000, 0.101761, 0.044952, 1.000000, 0.000000, 0.000000, -0.000000, 0.537233, -0.843434, -0.000000, 0.843434, 0.537233),

              ["RightLowerLeg"] = CFrame.new(0.000000, -0.000218, 0.000001, 1.000000, 0.000000, -0.000000, -0.000000, 1.000000, -0.000008, 0.000000, -0.000011, 1.000000),

              ["RightUpperArm"] = CFrame.new(-0.043287, 0.091203, 0.363133, 0.669047, -0.147408, 0.728455, -0.157847, 0.929591, 0.333084, -0.726265, -0.337833, 0.598672),

              ["RightUpperLeg"] = CFrame.new(0.000000, -0.000000, -0.000000, 0.999326, -0.028090, -0.023636, 0.028082, 0.999605, -0.000658, 0.023645, 0.000002, 0.999721),

              ["UpperTorso"] = CFrame.new(0.000000, 0.000000, 0.000000, 1.000000, 0.000000, 0.000000, 0.000000, 1.000000, 0.000000, -0.000000, 0.000000, 1.000000)

          }},

          {Time = 0.033, Data = {

              ["Head"] = CFrame.new(0.000000, 0.000000, 0.000000, 1.000000, 0.000000, 0.000000, 0.000000, 0.999994, -0.003334, 0.000000, 0.003334, 0.999994),

              ["LeftFoot"] = CFrame.new(0.000000, -0.000542, -0.000003, 0.998946, -0.035106, -0.029560, 0.035105, 0.999383, -0.000581, 0.029561, -0.000446, 0.999563),

              ["LeftHand"] = CFrame.new(0.000501, -0.001176, -0.000000, 0.999500, -0.027692, 0.015242, 0.027852, 0.999558, -0.010404, -0.014947, 0.010823, 0.999830),

              ["LeftLowerArm"] = CFrame.new(-0.000500, -0.001374, 0.000007, 1.000000, -0.000000, -0.000000, 0.000000, 1.000000, -0.000001, 0.000000, -0.000000, 1.000000),

              ["LeftLowerLeg"] = CFrame.new(-0.000000, -0.000140, 0.000099, 1.000000, -0.000000, 0.000000, -0.000000, 1.000000, -0.000008, -0.000000, -0.000011, 1.000000),

              ["LeftUpperArm"] = CFrame.new(0.001926, 0.002810, 0.008934, 0.999758, 0.001325, -0.021980, -0.001430, 0.999988, -0.004763, 0.021974, 0.004794, 0.999747),

              ["LeftUpperLeg"] = CFrame.new(0.000000, -0.000000, -0.000100, 0.998946, 0.035105, 0.029562, -0.035068, 0.999384, -0.001741, -0.029605, 0.000710, 0.999562),

              ["LowerTorso"] = CFrame.new(-0.000000, -0.000003, -0.001017, 1.000000, 0.000000, -0.000000, -0.000000, 0.999999, 0.001292, 0.000000, -0.001292, 0.999999),

              ["RightFoot"] = CFrame.new(-0.000000, -0.000219, -0.000103, 0.999325, 0.028096, 0.023657, -0.028090, 0.999605, -0.000580, -0.023663, -0.000074, 0.999720),

              ["RightHand"] = CFrame.new(-0.000486, 0.020569, 0.000000, 0.978737, 0.177287, -0.103165, -0.203668, 0.899659, -0.386180, 0.024348, 0.398977, 0.916636),

              ["RightLowerArm"] = CFrame.new(-0.000000, 0.101711, 0.044891, 1.000000, 0.000000, 0.000000, -0.000000, 0.537862, -0.843033, -0.000000, 0.843033, 0.537862),

              ["RightLowerLeg"] = CFrame.new(-0.000000, -0.000218, 0.000001, 1.000000, -0.000000, 0.000000, -0.000000, 1.000000, -0.000008, -0.000000, -0.000011, 1.000000),

              ["RightUpperArm"] = CFrame.new(-0.042505, 0.091225, 0.363847, 0.667482, -0.147924, 0.729785, -0.157891, 0.929667, 0.332851, -0.727694, -0.337398, 0.597181),

              ["RightUpperLeg"] = CFrame.new(0.000000, -0.000000, -0.000000, 0.999325, -0.028090, -0.023664, 0.028065, 0.999605, -0.001369, 0.023693, 0.000712, 0.999719),

              ["UpperTorso"] = CFrame.new(-0.000000, 0.000000, 0.000000, 1.000000, -0.000000, 0.000000, 0.000000, 0.999997, 0.002543, -0.000000, -0.002543, 0.999997)

          }},

          {Time = 0.067, Data = {

              ["Head"] = CFrame.new(0.000000, 0.000000, -0.000000, 1.000000, 0.000000, 0.000000, 0.000000, 0.999917, -0.012885, 0.000000, 0.012885, 0.999917),

              ["LeftFoot"] = CFrame.new(-0.000000, -0.000532, -0.000003, 0.998943, -0.035156, -0.029602, 0.035105, 0.999381, -0.002246, 0.029662, 0.001215, 0.999559),

              ["LeftHand"] = CFrame.new(0.000503, -0.003900, -0.000000, 0.992992, -0.102446, 0.058920, 0.104923, 0.993652, -0.040587, -0.054387, 0.046485, 0.997437),

              ["LeftLowerArm"] = CFrame.new(-0.000500, -0.004095, 0.000022, 1.000000, -0.000000, -0.000000, 0.000000, 1.000000, -0.000001, 0.000000, -0.000000, 1.000000),

              ["LeftLowerLeg"] = CFrame.new(-0.000000, -0.000130, 0.000099, 1.000000, 0.000000, 0.000000, 0.000000, 1.000000, -0.000008, -0.000000, -0.000011, 1.000000),

              ["LeftUpperArm"] = CFrame.new(0.006124, 0.010403, 0.034154, 0.996431, 0.004891, -0.084266, -0.006423, 0.999819, -0.017917, 0.084163, 0.018395, 0.996282),

              ["LeftUpperLeg"] = CFrame.new(0.000000, -0.000000, -0.000100, 0.998943, 0.035105, 0.029662, -0.035008, 0.999380, -0.003788, -0.029777, 0.002753, 0.999553),

              ["LowerTorso"] = CFrame.new(-0.000000, -0.000039, -0.003928, 1.000000, 0.000000, -0.000000, -0.000000, 0.999987, 0.005002, 0.000000, -0.005002, 0.999987),

              ["RightFoot"] = CFrame.new(-0.000000, -0.000209, -0.000103, 0.999323, 0.028136, 0.023691, -0.028091, 0.999603, -0.002245, -0.023744, 0.001588, 0.999717),

              ["RightHand"] = CFrame.new(-0.000486, 0.020527, -0.000000, 0.980665, 0.169146, -0.098413, -0.194525, 0.897416, -0.395989, 0.021337, 0.407474, 0.912966),

              ["RightLowerArm"] = CFrame.new(0.000000, 0.101570, 0.044722, 1.000000, 0.000000, 0.000000, -0.000000, 0.539627, -0.841904, -0.000000, 0.841904, 0.539627),

              ["RightLowerLeg"] = CFrame.new(-0.000000, -0.000208, 0.000001, 1.000000, -0.000000, -0.000000, -0.000000, 1.000000, -0.000008, -0.000000, -0.000011, 1.000000),

              ["RightUpperArm"] = CFrame.new(-0.040230, 0.091283, 0.365908, 0.662932, -0.149420, 0.733618, -0.158006, 0.929888, 0.332178, -0.731817, -0.336127, 0.592843),

              ["RightUpperLeg"] = CFrame.new(0.000000, -0.000000, -0.000000, 0.999323, -0.028090, -0.023744, 0.028017, 0.999602, -0.003415, 0.023831, 0.002755, 0.999712),

              ["UpperTorso"] = CFrame.new(0.000000, -0.000000, 0.000000, 1.000000, -0.000000, 0.000000, 0.000000, 0.999952, 0.009821, -0.000000, -0.009821, 0.999952)

          }},

          {Time = 0.100, Data = {

              ["Head"] = CFrame.new(0.000000, -0.000000, 0.000000, 1.000000, 0.000000, 0.000000, 0.000000, 0.999609, -0.027975, 0.000000, 0.027975, 0.999609),

              ["LeftFoot"] = CFrame.new(0.000000, -0.000491, -0.000003, 0.998939, -0.035237, -0.029671, 0.035108, 0.999372, -0.004871, 0.029822, 0.003835, 0.999548),

              ["LeftHand"] = CFrame.new(0.000503, -0.005362, -0.000000, 0.970256, -0.209425, 0.121427, 0.220931, 0.971080, -0.090513, -0.098958, 0.114647, 0.988465),

              ["LeftLowerArm"] = CFrame.new(-0.000500, -0.005555, 0.000030, 1.000000, -0.000000, -0.000000, 0.000000, 1.000000, -0.000001, 0.000000, -0.000000, 1.000000),

              ["LeftLowerLeg"] = CFrame.new(0.000000, -0.000089, 0.000100, 1.000000, 0.000000, 0.000000, -0.000000, 1.000000, -0.000008, -0.000000, -0.000011, 1.000000),

              ["LeftUpperArm"] = CFrame.new(0.009549, 0.021134, 0.069294, 0.984781, 0.010112, -0.173509, -0.016810, 0.999167, -0.037180, 0.172988, 0.039532, 0.984130),

              ["LeftUpperLeg"] = CFrame.new(0.000000, -0.000000, -0.000100, 0.998939, 0.035108, 0.029823, -0.034912, 0.999366, -0.007051, -0.030052, 0.006010, 0.999530),

              ["LowerTorso"] = CFrame.new(-0.000000, -0.000184, -0.008522, 1.000000, 0.000000, -0.000000, -0.000000, 0.999941, 0.010888, 0.000000, -0.010888, 0.999941),

              ["RightFoot"] = CFrame.new(-0.000000, -0.000168, -0.000103, 0.999320, 0.028201, 0.023746, -0.028093, 0.999593, -0.004871, -0.023872, 0.004211, 0.999706),

              ["RightHand"] = CFrame.new(-0.000487, 0.020464, 0.000000, 0.983561, 0.156092, -0.090794, -0.179779, 0.893659, -0.411164, 0.016959, 0.420725, 0.907028),

              ["RightLowerArm"] = CFrame.new(-0.000000, 0.101354, 0.044464, 1.000000, 0.000000, 0.000000, -0.000000, 0.542314, -0.840175, -0.000000, 0.840176, 0.542315),

              ["RightLowerLeg"] = CFrame.new(0.000000, -0.000167, 0.000001, 1.000000, -0.000000, -0.000000, -0.000000, 1.000000, -0.000008, -0.000000, -0.000011, 1.000000),

              ["RightUpperArm"] = CFrame.new(-0.036527, 0.091360, 0.369212, 0.655526, -0.151841, 0.739750, -0.158161, 0.930248, 0.331096, -0.738425, -0.334041, 0.585786),

              ["RightUpperLeg"] = CFrame.new(0.000000, -0.000000, -0.000000, 0.999320, -0.028093, -0.023873, 0.027940, 0.999587, -0.006677, 0.024050, 0.006013, 0.999693),

              ["UpperTorso"] = CFrame.new(0.000000, 0.000000, 0.000000, 1.000000, -0.000000, 0.000000, 0.000000, 0.999773, 0.021308, -0.000000, -0.021308, 0.999773)

          }},

          {Time = 0.133, Data = {

              ["Head"] = CFrame.new(0.000000, -0.000000, 0.000000, 1.000000, 0.000000, 0.000000, 0.000000, 0.998851, -0.047929, 0.000000, 0.047929, 0.998851),

              ["LeftFoot"] = CFrame.new(-0.000000, -0.000391, -0.000003, 0.998932, -0.035348, -0.029764, 0.035114, 0.999348, -0.008337, 0.030037, 0.007293, 0.999522),

              ["LeftHand"] = CFrame.new(0.000502, -0.002941, -0.000000, 0.924320, -0.329902, 0.191827, 0.361087, 0.918722, -0.159894, -0.123485, 0.217058, 0.968316),

              ["LeftLowerArm"] = CFrame.new(-0.000500, -0.003137, 0.000016, 1.000000, -0.000000, -0.000000, 0.000000, 1.000000, -0.000001, 0.000000, -0.000000, 1.000000),

              ["LeftLowerLeg"] = CFrame.new(0.000000, 0.000010, 0.000101, 1.000000, 0.000000, 0.000000, 0.000000, 1.000000, -0.000008, -0.000000, -0.000011, 1.000000),

              ["LeftUpperArm"] = CFrame.new(0.010156, 0.033488, 0.106780, 0.961563, 0.016486, -0.274089, -0.034161, 0.997624, -0.059835, 0.272451, 0.066899, 0.959841),

              ["LeftUpperLeg"] = CFrame.new(0.000000, -0.000000, -0.000100, 0.998932, 0.035114, 0.030038, -0.034785, 0.999330, -0.011417, -0.030419, 0.010367, 0.999484),

              ["LowerTorso"] = CFrame.new(-0.000000, -0.000539, -0.014581, 1.000000, 0.000000, -0.000000, -0.000000, 0.999825, 0.018714, 0.000000, -0.018714, 0.999825),

              ["RightFoot"] = CFrame.new(0.000000, -0.000068, -0.000103, 0.999316, 0.028289, 0.023820, -0.028098, 0.999570, -0.008337, -0.024045, 0.007672, 0.999682),

              ["RightHand"] = CFrame.new(-0.000487, 0.020385, 0.000000, 0.987090, 0.138463, -0.080504, -0.159723, 0.888293, -0.430611, 0.011887, 0.437907, 0.898940),

              ["RightLowerArm"] = CFrame.new(-0.000000, 0.101081, 0.044140, 1.000000, 0.000000, 0.000000, -0.000000, 0.545681, -0.837993, -0.000000, 0.837993, 0.545682),

              ["RightLowerLeg"] = CFrame.new(0.000000, -0.000067, 0.000003, 1.000000, -0.000000, -0.000000, -0.000000, 1.000000, -0.000008, -0.000000, -0.000011, 1.000000),

              ["RightUpperArm"] = CFrame.new(-0.031420, 0.091436, 0.373668, 0.645313, -0.155148, 0.747998, -0.158311, 0.930743, 0.329631, -0.747335, -0.331130, 0.576058),

              ["RightUpperLeg"] = CFrame.new(0.000000, -0.000000, -0.000000, 0.999316, -0.028098, -0.024045, 0.027838, 0.999551, -0.011040, 0.024345, 0.010371, 0.999650),

              ["UpperTorso"] = CFrame.new(0.000000, 0.000000, 0.000000, 1.000000, -0.000000, 0.000000, 0.000000, 0.999335, 0.036472, -0.000000, -0.036472, 0.999335)

          }},

          {Time = 0.167, Data = {

              ["Head"] = CFrame.new(0.000000, 0.000000, -0.000000, 1.000000, 0.000000, 0.000000, 0.000000, 0.997401, -0.072058, 0.000000, 0.072058, 0.997401),

              ["LeftFoot"] = CFrame.new(0.000000, -0.000200, -0.000003, 0.998923, -0.035487, -0.029881, 0.035126, 0.999304, -0.012528, 0.030303, 0.011475, 0.999475),

              ["LeftHand"] = CFrame.new(0.000499, 0.001868, -0.000000, 0.857410, -0.444736, 0.258957, 0.499861, 0.839385, -0.213477, -0.122422, 0.312477, 0.942003),

              ["LeftLowerArm"] = CFrame.new(-0.000500, 0.008621, 0.000229, 1.000000, -0.000000, -0.000000, 0.000000, 0.997557, -0.069856, 0.000000, 0.069855, 0.997557),

              ["LeftLowerLeg"] = CFrame.new(0.000000, 0.000203, 0.000104, 1.000000, -0.000000, 0.000000, 0.000000, 1.000000, 0.000018, -0.000000, -0.000036, 1.000000),

              ["LeftUpperArm"] = CFrame.new(0.008267, 0.046627, 0.139385, 0.928270, 0.036863, -0.370076, -0.058695, 0.997126, -0.047903, 0.367247, 0.066189, 0.927766),

              ["LeftUpperLeg"] = CFrame.new(0.000000, -0.000000, -0.000100, 0.998923, 0.035127, 0.030303, -0.034629, 0.999259, -0.016786, -0.030870, 0.015726, 0.999400),

              ["LowerTorso"] = CFrame.new(-0.000000, -0.001219, -0.021886, 1.000000, 0.000000, -0.000000, -0.000000, 0.999601, 0.028243, 0.000000, -0.028243, 0.999601),

              ["RightFoot"] = CFrame.new(-0.000000, 0.000075, -0.000103, 0.999311, 0.028401, 0.023914, -0.028085, 0.999515, -0.013431, -0.024283, 0.012760, 0.999624),

              ["RightHand"] = CFrame.new(-0.000487, 0.020296, -0.000000, 0.990872, 0.116560, -0.067719, -0.134630, 0.881206, -0.453160, 0.006854, 0.458138, 0.888853),

              ["RightLowerArm"] = CFrame.new(0.000000, 0.100773, 0.043777, 1.000000, 0.000000, 0.000000, -0.000000, 0.549458, -0.835521, -0.000000, 0.835521, 0.549458),

              ["RightLowerLeg"] = CFrame.new(0.000000, 0.000269, 0.000004, 1.000000, -0.000000, -0.000000, 0.000000, 0.999998, 0.001935, 0.000000, -0.001953, 0.999998),

              ["RightUpperArm"] = CFrame.new(-0.024908, 0.091485, 0.379183, 0.632288, -0.159314, 0.758177, -0.158410, 0.931367, 0.327814, -0.758366, -0.327374, 0.563655),

              ["RightUpperLeg"] = CFrame.new(0.000000, -0.000000, -0.000000, 0.999311, -0.028132, -0.024229, 0.027714, 0.999464, -0.017421, 0.024706, 0.016745, 0.999555),

              ["UpperTorso"] = CFrame.new(0.000000, 0.000000, 0.000000, 1.000000, -0.000000, 0.000000, 0.000000, 0.998498, 0.054780, -0.000000, -0.054780, 0.998498)

          }},

          {Time = 0.200, Data = {

              ["Head"] = CFrame.new(0.000000, 0.000000, 0.000000, 1.000000, 0.000000, 0.000000, 0.000000, 0.995022, -0.099654, 0.000000, 0.099654, 0.995022),

              ["LeftFoot"] = CFrame.new(0.000000, -0.000009, -0.000003, 0.998913, -0.035654, -0.030022, 0.035076, 0.999192, -0.019598, 0.030695, 0.018533, 0.999357),

              ["LeftHand"] = CFrame.new(0.000496, 0.005494, -0.000000, 0.780583, -0.540039, 0.314721, 0.614276, 0.755882, -0.226514, -0.115564, 0.370135, 0.921761),

              ["LeftLowerArm"] = CFrame.new(-0.000500, 0.030472, 0.003223, 1.000000, -0.000000, -0.000000, 0.000000, 0.967099, -0.254401, 0.000000, 0.254400, 0.967099),

              ["LeftLowerLeg"] = CFrame.new(0.000000, 0.000882, 0.000104, 1.000000, 0.000000, 0.000000, 0.000000, 0.999988, 0.004915, -0.000000, -0.004933, 0.999988),

              ["LeftUpperArm"] = CFrame.new(0.005716, 0.060312, 0.162978, 0.889415, 0.090766, -0.447997, -0.089429, 0.995699, 0.024190, 0.448266, 0.018550, 0.893708),

              ["LeftUpperLeg"] = CFrame.new(0.000000, -0.000000, -0.000100, 0.998913, 0.035226, 0.030523, -0.034450, 0.999078, -0.025599, -0.031396, 0.024528, 0.999206),

              ["LowerTorso"] = CFrame.new(-0.000000, -0.002334, -0.030209, 1.000000, 0.000000, -0.000000, -0.000000, 0.999231, 0.039223, 0.000000, -0.039223, 0.999231),

              ["RightFoot"] = CFrame.new(-0.000000, 0.000265, -0.000103, 0.999304, 0.028535, 0.024027, -0.028044, 0.999396, -0.020507, -0.024596, 0.019828, 0.999501),

              ["RightHand"] = CFrame.new(-0.000487, 0.020215, 0.000000, 0.994489, 0.090684, -0.052615, -0.104810, 0.872284, -0.477638, 0.002581, 0.480517, 0.876980),

              ["RightLowerArm"] = CFrame.new(-0.000000, 0.100456, 0.043396, 1.000000, 0.000000, 0.000000, -0.000000, 0.553418, -0.832904, -0.000000, 0.832904, 0.553418),

              ["RightLowerLeg"] = CFrame.new(-0.000000, 0.000947, 0.000003, 1.000000, 0.000000, 0.000000, 0.000000, 0.999977, 0.006840, 0.000000, -0.006858, 0.999977),

              ["RightUpperArm"] = CFrame.new(-0.016976, 0.091486, 0.385657, 0.616425, -0.164286, 0.770084, -0.158412, 0.932123, 0.325658, -0.771314, -0.322733, 0.548559),

              ["RightUpperLeg"] = CFrame.new(0.000000, -0.000000, -0.000000, 0.999304, -0.028212, -0.024404, 0.027571, 0.999275, -0.026237, 0.025127, 0.025553, 0.999358),

              ["UpperTorso"] = CFrame.new(0.000000, -0.000000, 0.000000, 1.000000, -0.000000, 0.000000, 0.000000, 0.997131, 0.075694, -0.000000, -0.075694, 0.997131)

          }},

          {Time = 0.233, Data = {

              ["Head"] = CFrame.new(0.000000, -0.000000, 0.000000, 1.000000, 0.000000, 0.000000, 0.000000, 0.991515, -0.129990, 0.000000, 0.129990, 0.991515),

              ["LeftFoot"] = CFrame.new(-0.000000, 0.000267, -0.000003, 0.998901, -0.035848, -0.030185, 0.034998, 0.998988, -0.028236, 0.031165, 0.027157, 0.999145),

              ["LeftHand"] = CFrame.new(0.000494, 0.009117, -0.000000, 0.708874, -0.609308, 0.355307, 0.697672, 0.679766, -0.226216, -0.103689, 0.408243, 0.906964),

              ["LeftLowerArm"] = CFrame.new(-0.000500, 0.055224, 0.011553, 1.000000, -0.000000, -0.000000, 0.000000, 0.882382, -0.470534, 0.000000, 0.470534, 0.882382),

              ["LeftLowerLeg"] = CFrame.new(0.000000, 0.001880, 0.000100, 1.000000, -0.000000, -0.000000, 0.000000, 0.999926, 0.012172, 0.000000, -0.012190, 0.999926),

              ["LeftUpperArm"] = CFrame.new(0.003687, 0.074388, 0.177548, 0.848215, 0.169004, -0.501965, -0.125219, 0.984847, 0.119990, 0.514637, -0.038922, 0.856524),

              ["LeftUpperLeg"] = CFrame.new(0.000000, -0.000000, -0.000100, 0.998901, 0.035375, 0.030737, -0.034250, 0.998750, -0.036395, -0.031986, 0.035310, 0.998865),

              ["LowerTorso"] = CFrame.new(-0.000000, -0.003978, -0.039315, 1.000000, 0.000000, -0.000000, -0.000000, 0.998679, 0.051391, 0.000000, -0.051391, 0.998679),

              ["RightFoot"] = CFrame.new(0.000000, 0.000540, -0.000103, 0.999297, 0.028690, 0.024158, -0.027982, 0.999183, -0.029151, -0.024973, 0.028463, 0.999283),

              ["RightHand"] = CFrame.new(-0.000487, 0.020148, -0.000000, 0.997500, 0.061166, -0.035383, -0.070662, 0.861473, -0.502867, -0.000277, 0.504107, 0.863639),

              ["RightLowerArm"] = CFrame.new(-0.000000, 0.100150, 0.043021, 1.000000, 0.000000, 0.000000, -0.000000, 0.557309, -0.830305, -0.000000, 0.830306, 0.557309),

              ["RightLowerLeg"] = CFrame.new(0.000000, 0.001946, -0.000003, 1.000000, 0.000000, -0.000000, -0.000000, 0.999900, 0.014109, 0.000000, -0.014127, 0.999900),

              ["RightUpperArm"] = CFrame.new(-0.007619, 0.091417, 0.392967, 0.597710, -0.170015, 0.783477, -0.158274, 0.932998, 0.323208, -0.785933, -0.317189, 0.530754),

              ["RightUpperLeg"] = CFrame.new(0.000000, -0.000000, -0.000000, 0.999296, -0.028332, -0.024576, 0.027411, 0.998938, -0.037035, 0.025599, 0.036344, 0.999012),

              ["UpperTorso"] = CFrame.new(0.000000, -0.000000, 0.000000, 1.000000, -0.000000, 0.000000, 0.000000, 0.995120, 0.098668, -0.000000, -0.098668, 0.995120)

          }},

          {Time = 0.267, Data = {

              ["Head"] = CFrame.new(0.000000, 0.000000, -0.000000, 1.000000, 0.000000, 0.000000, 0.000000, 0.986738, -0.162320, 0.000000, 0.162320, 0.986738),

              ["LeftFoot"] = CFrame.new(0.000000, 0.000650, -0.000003, 0.998888, -0.036066, -0.030368, 0.034882, 0.998643, -0.038676, 0.031720, 0.037581, 0.998790),

              ["LeftHand"] = CFrame.new(0.000490, 0.015152, 0.000000, 0.657142, -0.651066, 0.379841, 0.747303, 0.628591, -0.215435, -0.098500, 0.425425, 0.899616),

              ["LeftLowerArm"] = CFrame.new(-0.000500, 0.080823, 0.025732, 1.000000, -0.000000, -0.000000, 0.000000, 0.736568, -0.676363, 0.000000, 0.676363, 0.736569),

              ["LeftLowerLeg"] = CFrame.new(-0.000000, 0.003299, 0.000084, 1.000000, -0.000000, 0.000000, 0.000000, 0.999745, 0.022572, 0.000000, -0.022590, 0.999745),

              ["LeftUpperArm"] = CFrame.new(0.001233, 0.088275, 0.186132, 0.803625, 0.264494, -0.533131, -0.165761, 0.959843, 0.226329, 0.571585, -0.093511, 0.815197),

              ["LeftUpperLeg"] = CFrame.new(0.000000, 0.000000, -0.000100, 0.998888, 0.035589, 0.030926, -0.034034, 0.998197, -0.049434, -0.032629, 0.048335, 0.998298),

              ["LowerTorso"] = CFrame.new(-0.000000, -0.006214, -0.048964, 1.000000, 0.000000, -0.000000, -0.000000, 0.997920, 0.064462, 0.000000, -0.064462, 0.997920),

              ["RightFoot"] = CFrame.new(0.000000, 0.000937, -0.000103, 0.999288, 0.028864, 0.024305, -0.027883, 0.998818, -0.039807, -0.025424, 0.039109, 0.998912),

              ["RightHand"] = CFrame.new(-0.000487, 0.020086, 0.000000, 0.999464, 0.028402, -0.016256, -0.032703, 0.848792, -0.527718, -0.001190, 0.527964, 0.849264),

              ["RightLowerArm"] = CFrame.new(-0.000001, 0.099868, 0.042677, 1.000000, 0.000000, 0.000000, -0.000000, 0.560871, -0.827903, -0.000000, 0.827903, 0.560872),

              ["RightLowerLeg"] = CFrame.new(0.000000, 0.003423, -0.000021, 1.000000, -0.000000, -0.000000, -0.000000, 0.999688, 0.024965, -0.000000, -0.024983, 0.999688),

              ["RightUpperArm"] = CFrame.new(0.003151, 0.091261, 0.400960, 0.576170, -0.176445, 0.798057, -0.157962, 0.933972, 0.320539, -0.801920, -0.310748, 0.510255),

              ["RightUpperLeg"] = CFrame.new(0.000000, 0.000000, -0.000000, 0.999288, -0.028509, -0.024720, 0.027238, 0.998362, -0.050314, 0.026114, 0.049612, 0.998428),

              ["UpperTorso"] = CFrame.new(-0.000000, 0.000000, 0.000000, 1.000000, -0.000000, 0.000000, 0.000000, 0.992387, 0.123157, -0.000000, -0.123157, 0.992387)

          }},

          {Time = 0.300, Data = {

              ["Head"] = CFrame.new(0.000000, -0.000000, 0.000000, 1.000000, 0.000000, 0.000000, 0.000000, 0.980627, -0.195883, 0.000000, 0.195883, 0.980627),

              ["LeftFoot"] = CFrame.new(0.000000, 0.001146, -0.000003, 0.998873, -0.036305, -0.030570, 0.034716, 0.998094, -0.051016, 0.032362, 0.049904, 0.998230),

              ["LeftHand"] = CFrame.new(0.000486, 0.021161, -0.000000, 0.637845, -0.665161, 0.388224, 0.760148, 0.624751, -0.178499, -0.123810, 0.408960, 0.904113),

              ["LeftLowerArm"] = CFrame.new(-0.000500, 0.103438, 0.047221, 1.000000, -0.000000, -0.000000, 0.000000, 0.513649, -0.858000, 0.000000, 0.858000, 0.513650),

              ["LeftLowerLeg"] = CFrame.new(0.000000, 0.005190, 0.000046, 1.000000, -0.000000, 0.000000, 0.000000, 0.999329, 0.036607, -0.000000, -0.036626, 0.999330),

              ["LeftUpperArm"] = CFrame.new(-0.004780, 0.100824, 0.192757, 0.750220, 0.381348, -0.540133, -0.211897, 0.912496, 0.349931, 0.626314, -0.148072, 0.765379),

              ["LeftUpperLeg"] = CFrame.new(0.000000, -0.000000, -0.000100, 0.998873, 0.035878, 0.031070, -0.033806, 0.997324, -0.064812, -0.033313, 0.063697, 0.997414),

              ["LowerTorso"] = CFrame.new(-0.000000, -0.009073, -0.058916, 1.000000, 0.000000, -0.000000, -0.000000, 0.996942, 0.078140, 0.000000, -0.078140, 0.996942),

              ["RightFoot"] = CFrame.new(0.000000, 0.001416, -0.000103, 0.999278, 0.029056, 0.024466, -0.027754, 0.998262, -0.051983, -0.025933, 0.051273, 0.998348),

              ["RightHand"] = CFrame.new(-0.000487, 0.020033, -0.000000, 0.999965, -0.007116, 0.004479, 0.008406, 0.834337, -0.551194, 0.000185, 0.551209, 0.834365),

              ["RightLowerArm"] = CFrame.new(0.000000, 0.099624, 0.042382, 1.000000, 0.000000, 0.000000, -0.000000, 0.563924, -0.825827, -0.000000, 0.825827, 0.563924),

              ["RightLowerLeg"] = CFrame.new(-0.000000, 0.005262, -0.000061, 1.000000, 0.000000, -0.000000, -0.000000, 0.999252, 0.038646, 0.000000, -0.038664, 0.999253),

              ["RightUpperArm"] = CFrame.new(0.015280, 0.091005, 0.409451, 0.551914, -0.183467, 0.813468, -0.157451, 0.935024, 0.317709, -0.818902, -0.303429, 0.487165),

              ["RightUpperLeg"] = CFrame.new(0.000000, -0.000000, -0.000000, 0.999278, -0.028736, -0.024841, 0.027056, 0.997485, -0.065500, 0.026661, 0.064790, 0.997543),

              ["UpperTorso"] = CFrame.new(0.000000, -0.000000, 0.000000, 1.000000, -0.000000, 0.000000, 0.000000, 0.988896, 0.148612, -0.000000, -0.148612, 0.988896)

          }},

          {Time = 0.333, Data = {

              ["Head"] = CFrame.new(0.000000, -0.000000, -0.000000, 1.000000, 0.000000, 0.000000, 0.000000, 0.973210, -0.229918, 0.000000, 0.229918, 0.973210),

              ["LeftFoot"] = CFrame.new(0.000000, 0.001705, -0.000003, 0.998857, -0.036562, -0.030787, 0.034514, 0.997312, -0.064632, 0.033065, 0.063500, 0.997434),

              ["LeftHand"] = CFrame.new(0.000484, 0.024321, 0.000000, 0.658004, -0.650285, 0.379687, 0.728321, 0.677668, -0.101562, -0.191254, 0.343360, 0.919523),

              ["LeftLowerArm"] = CFrame.new(-0.000500, 0.117192, 0.076551, 1.000000, -0.000000, 0.000000, 0.000000, 0.209259, -0.977860, 0.000000, 0.977860, 0.209258),

              ["LeftLowerLeg"] = CFrame.new(0.000000, 0.007398, -0.000025, 1.000000, -0.000000, 0.000000, 0.000000, 0.998581, 0.053229, -0.000000, -0.053247, 0.998582),

              ["LeftUpperArm"] = CFrame.new(-0.018394, 0.110656, 0.199894, 0.680767, 0.520686, -0.515211, -0.264925, 0.830764, 0.489537, 0.682914, -0.196768, 0.703499),

              ["LeftUpperLeg"] = CFrame.new(0.000000, 0.000000, -0.000100, 0.998857, 0.036225, 0.031182, -0.033571, 0.996083, -0.081792, -0.034023, 0.080660, 0.996162),

              ["LowerTorso"] = CFrame.new(-0.000000, -0.012539, -0.068933, 1.000000, 0.000000, -0.000000, -0.000000, 0.995748, 0.092115, 0.000000, -0.092115, 0.995748),

              ["RightFoot"] = CFrame.new(-0.000000, 0.001971, -0.000103, 0.999268, 0.029262, 0.024639, -0.027592, 0.997464, -0.065602, -0.026495, 0.064879, 0.997542),

              ["RightHand"] = CFrame.new(-0.000487, 0.019991, -0.000000, 0.998647, -0.044770, 0.026463, 0.051854, 0.818294, -0.572460, 0.003974, 0.573054, 0.819505),

              ["RightLowerArm"] = CFrame.new(0.000000, 0.099431, 0.042149, 1.000000, 0.000000, 0.000000, 0.000000, 0.566339, -0.824172, -0.000000, 0.824172, 0.566340),

              ["RightLowerLeg"] = CFrame.new(-0.000000, 0.007467, -0.000136, 1.000000, 0.000000, -0.000000, -0.000000, 0.998471, 0.055269, 0.000000, -0.055287, 0.998472),

              ["RightUpperArm"] = CFrame.new(0.028652, 0.090644, 0.418221, 0.525169, -0.190935, 0.829302, -0.156729, 0.936135, 0.314783, -0.836441, -0.295289, 0.461704),

              ["RightUpperLeg"] = CFrame.new(0.000000, 0.000000, -0.000000, 0.999268, -0.029014, -0.024930, 0.026868, 0.996230, -0.082479, 0.027229, 0.081757, 0.996281),

              ["UpperTorso"] = CFrame.new(0.000000, 0.000000, 0.000000, 1.000000, -0.000000, 0.000000, 0.000000, 0.984659, 0.174487, -0.000000, -0.174487, 0.984659)

          }},

          {Time = 0.367, Data = {

              ["Head"] = CFrame.new(0.000000, 0.000000, 0.000000, 1.000000, 0.000000, 0.000000, 0.000000, 0.964612, -0.263674, 0.000000, 0.263674, 0.964612),

              ["LeftFoot"] = CFrame.new(-0.000000, 0.002299, -0.000003, 0.998840, -0.036832, -0.031014, 0.034281, 0.996275, -0.079120, 0.033810, 0.077968, 0.996383),

              ["LeftHand"] = CFrame.new(0.000483, 0.026205, 0.000000, 0.721025, -0.598318, 0.349485, 0.628094, 0.777350, 0.035000, -0.292610, 0.194272, 0.936288),

              ["LeftLowerArm"] = CFrame.new(-0.000499, 0.119065, 0.111290, 1.000000, -0.000000, 0.000000, -0.000000, -0.151459, -0.988463, 0.000000, 0.988464, -0.151460),

              ["LeftLowerLeg"] = CFrame.new(0.000000, 0.009838, -0.000138, 1.000000, -0.000000, 0.000000, 0.000000, 0.997414, 0.071851, -0.000000, -0.071869, 0.997415),

              ["LeftUpperArm"] = CFrame.new(-0.044827, 0.122852, 0.211062, 0.585676, 0.663108, -0.466124, -0.313226, 0.715559, 0.624392, 0.747578, -0.219689, 0.626788),

              ["LeftUpperLeg"] = CFrame.new(0.000000, -0.000000, -0.000100, 0.998840, 0.036622, 0.031260, -0.033335, 0.994440, -0.099875, -0.034744, 0.098727, 0.994509),

              ["LowerTorso"] = CFrame.new(-0.000000, -0.016552, -0.078786, 1.000000, 0.000000, -0.000000, -0.000000, 0.994358, 0.106072, 0.000000, -0.106072, 0.994358),

              ["RightFoot"] = CFrame.new(0.000000, 0.002575, -0.000103, 0.999257, 0.029478, 0.024821, -0.027399, 0.996394, -0.080299, -0.027097, 0.079562, 0.996462),

              ["RightHand"] = CFrame.new(-0.000487, 0.019962, -0.000000, 0.995264, -0.083805, 0.049254, 0.096684, 0.800947, -0.590881, 0.010068, 0.592841, 0.805254),

              ["RightLowerArm"] = CFrame.new(0.000000, 0.099293, 0.041984, 1.000000, 0.000000, 0.000000, 0.000000, 0.568050, -0.822994, -0.000000, 0.822994, 0.568050),

              ["RightLowerLeg"] = CFrame.new(0.000000, 0.009960, -0.000256, 1.000000, 0.000000, 0.000000, -0.000000, 0.997232, 0.074329, 0.000000, -0.074347, 0.997234),

              ["RightUpperArm"] = CFrame.new(0.043076, 0.090178, 0.427023, 0.496320, -0.198658, 0.845104, -0.155795, 0.937281, 0.311823, -0.854046, -0.286427, 0.434241),

              ["RightUpperLeg"] = CFrame.new(0.000000, 0.000000, -0.000000, 0.999257, -0.029338, -0.024986, 0.026679, 0.994549, -0.100792, 0.027807, 0.100059, 0.994594),

              ["UpperTorso"] = CFrame.new(-0.000000, 0.000000, 0.000000, 1.000000, -0.000000, 0.000000, 0.000000, 0.979747, 0.200242, -0.000000, -0.200242, 0.979747)

          }},

          {Time = 0.400, Data = {

              ["Head"] = CFrame.new(0.000000, 0.000000, 0.000000, 1.000000, 0.000000, 0.000000, 0.000000, 0.955057, -0.296423, 0.000000, 0.296423, 0.955057),

              ["LeftFoot"] = CFrame.new(-0.000000, 0.002928, -0.000003, 0.998823, -0.037108, -0.031246, 0.034010, 0.994948, -0.094453, 0.034591, 0.093280, 0.995039),

              ["LeftHand"] = CFrame.new(0.000482, 0.027707, 0.000000, 0.811094, -0.505008, 0.295118, 0.434917, 0.858078, 0.273041, -0.391118, -0.093109, 0.915617),

              ["LeftLowerArm"] = CFrame.new(-0.000498, 0.106927, 0.145558, 1.000000, -0.000000, 0.000000, 0.000000, -0.507610, -0.861586, 0.000000, 0.861587, -0.507611),

              ["LeftLowerLeg"] = CFrame.new(0.000000, 0.012529, -0.000306, 1.000000, -0.000000, 0.000000, 0.000000, 0.995695, 0.092675, -0.000000, -0.092692, 0.995696),

              ["LeftUpperArm"] = CFrame.new(-0.084946, 0.143738, 0.224949, 0.464060, 0.773105, -0.432386, -0.342689, 0.606808, 0.717180, 0.816831, -0.184641, 0.546530),

              ["LeftUpperLeg"] = CFrame.new(0.000000, -0.000000, -0.000100, 0.998823, 0.037070, 0.031291, -0.033102, 0.992344, -0.118975, -0.035462, 0.117809, 0.992404),

              ["LowerTorso"] = CFrame.new(-0.000000, -0.021004, -0.088259, 1.000000, 0.000000, -0.000000, -0.000000, 0.992810, 0.119697, 0.000000, -0.119697, 0.992810),

              ["RightFoot"] = CFrame.new(-0.000000, 0.003186, -0.000103, 0.999246, 0.029699, 0.025008, -0.027188, 0.995068, -0.095400, -0.027716, 0.094649, 0.995125),

              ["RightHand"] = CFrame.new(-0.000487, 0.019944, -0.000000, 0.989727, -0.123325, 0.072330, 0.141816, 0.782682, -0.606053, 0.018130, 0.610081, 0.792129),

              ["RightLowerArm"] = CFrame.new(0.000000, 0.099212, 0.041888, 1.000000, 0.000000, 0.000000, -0.000000, 0.569046, -0.822305, -0.000000, 0.822305, 0.569047),

              ["RightLowerLeg"] = CFrame.new(0.000000, 0.012582, -0.000424, 1.000000, 0.000000, 0.000000, -0.000000, 0.995509, 0.094651, 0.000000, -0.094669, 0.995511),

              ["RightUpperArm"] = CFrame.new(0.058267, 0.089616, 0.435597, 0.465938, -0.206416, 0.860403, -0.154671, 0.938435, 0.308896, -0.871194, -0.277006, 0.405326),

              ["RightUpperLeg"] = CFrame.new(0.000000, -0.000000, -0.000000, 0.999246, -0.029690, -0.025019, 0.026493, 0.992465, -0.119625, 0.028382, 0.118881, 0.992504),

              ["UpperTorso"] = CFrame.new(0.000000, 0.000000, -0.000000, 1.000000, -0.000000, 0.000000, 0.000000, 0.974279, 0.225346, -0.000000, -0.225346, 0.974279)

          }},

          {Time = 0.433, Data = {

              ["Head"] = CFrame.new(0.000000, -0.000000, 0.000000, 1.000000, 0.000000, 0.000000, 0.000000, 0.944861, -0.327473, 0.000000, 0.327473, 0.944861),

              ["LeftFoot"] = CFrame.new(-0.000000, 0.003536, -0.000003, 0.998805, -0.037385, -0.031479, 0.033727, 0.993398, -0.109651, 0.035368, 0.108458, 0.993472),

              ["LeftHand"] = CFrame.new(0.000481, 0.029416, 0.000000, 0.902505, -0.371951, 0.217118, 0.120286, 0.701754, 0.702194, -0.413542, -0.607613, 0.678073),

              ["LeftLowerArm"] = CFrame.new(-0.000496, 0.083676, 0.171504, 1.000000, -0.000000, 0.000000, 0.000000, -0.777412, -0.628991, 0.000000, 0.628992, -0.777413),

              ["LeftLowerLeg"] = CFrame.new(-0.000000, 0.015231, -0.000522, 1.000000, -0.000000, 0.000000, 0.000000, 0.993495, 0.113856, -0.000000, -0.113874, 0.993497),

              ["LeftUpperArm"] = CFrame.new(-0.130927, 0.178659, 0.236277, 0.332414, 0.752822, -0.568120, -0.341162, 0.657564, 0.671727, 0.879266, -0.029470, 0.475418),

              ["LeftUpperLeg"] = CFrame.new(0.000000, -0.000000, -0.000100, 0.998805, 0.037535, 0.031299, -0.032878, 0.989895, -0.137927, -0.036160, 0.136744, 0.989948),

              ["LowerTorso"] = CFrame.new(-0.000000, -0.025747, -0.097156, 1.000000, 0.000000, -0.000000, -0.000000, 0.991158, 0.132686, 0.000000, -0.132686, 0.991158),

              ["RightFoot"] = CFrame.new(0.000000, 0.003789, -0.000103, 0.999235, 0.029920, 0.025194, -0.026961, 0.993502, -0.110578, -0.028337, 0.109813, 0.993548),

              ["RightHand"] = CFrame.new(-0.000487, 0.019938, 0.000000, 0.982148, -0.162307, 0.095093, 0.186072, 0.763984, -0.617828, 0.027628, 0.624488, 0.780542),

              ["RightLowerArm"] = CFrame.new(-0.000000, 0.099184, 0.041856, 1.000000, 0.000000, 0.000000, -0.000000, 0.569380, -0.822074, -0.000000, 0.822075, 0.569380),

              ["RightLowerLeg"] = CFrame.new(0.000000, 0.015275, -0.000644, 1.000000, 0.000000, -0.000000, -0.000000, 0.993273, 0.115782, 0.000000, -0.115800, 0.993275),

              ["RightUpperArm"] = CFrame.new(0.073841, 0.088976, 0.443686, 0.434790, -0.213966, 0.874743, -0.153393, 0.939571, 0.306067, -0.887372, -0.267254, 0.375695),

              ["RightUpperLeg"] = CFrame.new(0.000000, -0.000000, -0.000000, 0.999235, -0.030061, -0.025025, 0.026313, 0.990005, -0.138548, 0.028940, 0.137794, 0.990039),

              ["UpperTorso"] = CFrame.new(0.000000, 0.000000, 0.000000, 1.000000, -0.000000, 0.000000, 0.000000, 0.968431, 0.249283, -0.000000, -0.249283, 0.968431)

          }},

          {Time = 0.467, Data = {

              ["Head"] = CFrame.new(0.000000, -0.000000, 0.000000, 1.000000, 0.000000, 0.000000, 0.000000, 0.934421, -0.356171, 0.000000, 0.356171, 0.934421),

              ["LeftFoot"] = CFrame.new(0.000000, 0.004100, -0.000003, 0.998788, -0.037653, -0.031704, 0.033445, 0.991700, -0.124151, 0.036114, 0.122938, 0.991757),

              ["LeftHand"] = CFrame.new(0.000480, 0.030365, 0.000000, 0.945962, 0.278872, -0.165492, 0.279969, -0.444833, 0.850731, 0.163628, -0.851090, -0.498867),

              ["LeftLowerArm"] = CFrame.new(-0.000495, 0.073814, 0.178012, 1.000000, -0.000000, 0.000000, 0.000000, -0.845047, -0.534690, 0.000000, 0.534692, -0.845048),

              ["LeftLowerLeg"] = CFrame.new(0.000000, 0.017825, -0.000775, 1.000000, -0.000000, 0.000000, 0.000000, 0.990922, 0.134420, 0.000000, -0.134437, 0.990924),

              ["LeftUpperArm"] = CFrame.new(-0.224501, 0.506876, 0.258950, 0.108124, -0.264391, -0.958335, 0.251331, 0.939942, -0.230961, 0.961843, -0.215886, 0.168080),

              ["LeftUpperLeg"] = CFrame.new(0.000000, -0.000000, -0.000100, 0.998788, 0.037996, 0.031291, -0.032667, 0.987210, -0.156031, -0.036820, 0.154830, 0.987256),

              ["LowerTorso"] = CFrame.new(-0.000000, -0.030595, -0.105300, 1.000000, 0.000000, -0.000000, -0.000000, 0.989469, 0.144748, 0.000000, -0.144748, 0.989469),

              ["RightFoot"] = CFrame.new(-0.000000, 0.004351, -0.000103, 0.999224, 0.030135, 0.025375, -0.026736, 0.991790, -0.125056, -0.028933, 0.124278, 0.991825),

              ["RightHand"] = CFrame.new(-0.000487, 0.019942, -0.000000, 0.972873, -0.199637, 0.116892, 0.228215, 0.745429, -0.626305, 0.037899, 0.635988, 0.770765),

              ["RightLowerArm"] = CFrame.new(-0.000000, 0.099203, 0.041878, 1.000000, 0.000000, 0.000000, -0.000000, 0.569153, -0.822232, -0.000000, 0.822232, 0.569153),

              ["RightLowerLeg"] = CFrame.new(0.000000, 0.017860, -0.000900, 1.000000, 0.000000, -0.000000, -0.000000, 0.990666, 0.136293, 0.000000, -0.136310, 0.990669),

              ["RightUpperArm"] = CFrame.new(0.089317, 0.088288, 0.451056, 0.403839, -0.221062, 0.887719, -0.152015, 0.940660, 0.303400, -0.902112, -0.257471, 0.346270),

              ["RightUpperLeg"] = CFrame.new(0.000000, -0.000000, -0.000000, 0.999224, -0.030430, -0.025020, 0.026145, 0.987311, -0.156623, 0.029469, 0.155858, 0.987341),

              ["UpperTorso"] = CFrame.new(0.000000, -0.000000, -0.000000, 1.000000, -0.000000, 0.000000, 0.000000, 0.962424, 0.271550, -0.000000, -0.271550, 0.962424)

          }},

          {Time = 0.500, Data = {

              ["Head"] = CFrame.new(0.000000, 0.000000, -0.000000, 1.000000, 0.000000, 0.000000, 0.000000, 0.924198, -0.381914, 0.000000, 0.381914, 0.924198),

              ["LeftFoot"] = CFrame.new(-0.000000, 0.004627, -0.000003, 0.998772, -0.037904, -0.031916, 0.033162, 0.989894, -0.137884, 0.036818, 0.136652, 0.989934),

              ["LeftHand"] = CFrame.new(0.000481, 0.028415, -0.000000, -0.948599, 0.272784, -0.160467, 0.112708, 0.764969, 0.634132, 0.295731, 0.583447, -0.756391),

              ["LeftLowerArm"] = CFrame.new(-0.000497, 0.097277, 0.158808, 1.000000, -0.000000, 0.000000, 0.000000, -0.645379, -0.763861, 0.000000, 0.763862, -0.645380),

              ["LeftLowerLeg"] = CFrame.new(0.000000, 0.020324, -0.001063, 1.000000, -0.000000, 0.000000, 0.000000, 0.988002, 0.154424, -0.000000, -0.154441, 0.988005),

              ["LeftUpperArm"] = CFrame.new(-0.332938, 0.660046, -0.666126, -0.142501, 0.295576, -0.944631, 0.499566, -0.802416, -0.326438, -0.854475, -0.518423, -0.033314),

              ["LeftUpperLeg"] = CFrame.new(0.000000, -0.000000, -0.000100, 0.998772, 0.038450, 0.031256, -0.032476, 0.984359, -0.173144, -0.037425, 0.171927, 0.984401),

