return {
    ["Wicked"] = {
        {Time = 0.000, Data = {
            ["RightFoot"] = CFrame.new(-5.21540641784668e-08, 3.5762786865234375e-07, -2.029992174357176e-09, 0.9198510646820068, 0.38708487153053284, 0.06356026977300644, -0.2817995250225067, 0.7647923827171326, -0.5793799757957458, -0.2728794813156128, 0.5150321125984192, 0.8125755786895752),
            ["LeftLowerArm"] = CFrame.new(-2.086162567138672e-07, 1.7881393432617188e-07, 5.960464477539063e-08, 1, -7.450580596923828e-08, 7.450581307466564e-08, -7.450582373280668e-09, -0.3538448214530945, -0.9353041052818298, 1.4901164746561335e-08, 0.9353042244911194, -0.35384514927864075),
            ["RightUpperArm"] = CFrame.new(-5.960464477539063e-08, -1.1920928955078125e-07, -8.940696716308594e-08, -0.0846356451511383, -0.9963746070861816, -0.008630512282252312, 0.7199761867523193, -0.055164918303489685, -0.6918029189109802, 0.6888187527656555, -0.0647646114230156, 0.7220349311828613),
            ["Head"] = CFrame.new(1.1641532182693481e-07, 0, -1.955777406692505e-08, 0.8524513244628906, -0.04592697694897652, 0.5207856297492981, -0.17967769503593445, 0.909720242023468, 0.37433281540870667, -0.49096113443374634, -0.4126739799976349, 0.7672401070594788),
            ["RightHand"] = CFrame.new(3.2782554626464844e-07, 1.1920928955078125e-07, 1.7881393432617188e-07, 0.7588468194007874, 0.32915157079696655, -0.5619710087776184, -0.22209572792053223, 0.9419488906860352, 0.25180497765541077, 0.6122296452522278, -0.06627000123262405, 0.7878977656364441),
            ["UpperTorso"] = CFrame.new(2.2351741790771484e-08, 2.682209014892578e-07, 3.3527612686157227e-08, 0.9996724724769592, 0.0007123742252588272, 0.025585731491446495, -0.0026993551291525364, 0.9969724416732788, 0.07770935446023941, -0.025452859699726105, -0.07775295525789261, 0.9966477155685425),
            ["HumanoidRootPart"] = CFrame.new(0, 0, 0, 1, 0, 0, 0, 1, 0, 0, 0, 1),
            ["RightUpperLeg"] = CFrame.new(5.960464477539063e-08, -3.246314008720219e-07, 2.5907502276822925e-07, 0.8926711678504944, -0.44438275694847107, 0.07524886727333069, 0.3915977478027344, 0.6820533871650696, -0.617619514465332, 0.22313576936721802, 0.5807986855506897, 0.7828688621520996),
            ["LeftUpperArm"] = CFrame.new(0, 2.384185791015625e-07, 2.9802322387695312e-08, -0.07780975848436356, 0.9669615626335144, 0.24275712668895721, -0.7885903120040894, 0.08928380161523819, -0.6084026098251343, -0.6099762320518494, -0.2387755960226059, 0.7555894255638123),
            ["RightLowerArm"] = CFrame.new(0, 1.1920928955078125e-07, -2.384185791015625e-07, 1, 1.4901159417490817e-08, 4.470348358154297e-08, 1.005828522693264e-07, -0.48206692934036255, -0.8761343955993652, 1.0430814256778831e-07, 0.8761343955993652, -0.4820669889450073),
            ["LeftHand"] = CFrame.new(8.940696716308594e-08, 0, 1.4901161193847656e-07, 0.7326333522796631, -0.37844914197921753, 0.5657077431678772, 0.3599201440811157, 0.9208596348762512, 0.14991669356822968, -0.5776727795600891, 0.09377558529376984, 0.8108635544776917),
            ["LeftFoot"] = CFrame.new(-9.685754776000977e-08, 0, -2.2351741790771484e-08, 0.9428214430809021, -0.3297997713088989, -0.04816392436623573, 0.25937893986701965, 0.8167697787284851, -0.5153735876083374, 0.20930930972099304, 0.47341230511665344, 0.8556112051010132),
            ["LowerTorso"] = CFrame.new(-0.0880669504404068, -0.45371079444885254, 0.09073176234960556, 0.5147597193717957, 0.01606246829032898, -0.8571839928627014, -0.008360352367162704, 0.999871015548706, 0.013715635053813457, 0.8572937250137329, 0.00010610358731355518, 0.5148276090621948),
            ["RightLowerLeg"] = CFrame.new(0, -0.00012260675430297852, -0.00007746944174868986, 1, -1.1175866632129328e-07, -1.1175875158642157e-07, 1.862645149230957e-07, 0.2942689061164856, 0.9557226300239563, -1.1920928955078125e-07, -0.9557226896286011, 0.29426923394203186),
            ["LeftUpperLeg"] = CFrame.new(5.960464477539063e-08, 1.306034391745925e-08, 1.8440186977386475e-07, 0.7981381416320801, 0.5774681568145752, 0.17177285254001617, -0.3176073133945465, 0.6455684900283813, -0.694526195526123, -0.511958122253418, 0.4997718930244446, 0.6986613273620605),
            ["LeftLowerLeg"] = CFrame.new(7.450580596923828e-08, 0.00012242794036865234, 0.00007769465446472168, 1, 8.195637946073475e-08, 1.0430811414607888e-07, 7.4505797087454084e-09, 0.26676759123802185, 0.9637609124183655, 2.9802318834981634e-08, -0.9637609124183655, 0.26676779985427856),
        }},
        {Time = 0.032, Data = {
            ["RightFoot"] = CFrame.new(-1.4901161193847656e-07, 3.5762786865234375e-07, -2.996966941282153e-08, 0.919736385345459, 0.38734549283981323, 0.0636308416724205, -0.2614167332649231, 0.7253377437591553, -0.6368245482444763, -0.292824923992157, 0.5690770149230957, 0.7683786749839783),
            ["LeftLowerArm"] = CFrame.new(-5.960464477539063e-08, 0, -2.384185791015625e-07, 1, -6.332992086299782e-08, 1.4901158351676713e-07, 5.960463766996327e-08, -0.5702958703041077, -0.8214396834373474, 1.4901159417490817e-08, 0.8214394450187683, -0.5702954530715942),
            ["RightUpperArm"] = CFrame.new(-1.1920928955078125e-07, 1.1920928955078125e-07, -5.960464477539063e-08, -0.1986149698495865, -0.9799734354019165, -0.014289850369095802, 0.6259621381759644, -0.1156201884150505, -0.7712352275848389, 0.7541376352310181, -0.1621236801147461, 0.6363899111747742),
            ["Head"] = CFrame.new(1.3597309589385986e-07, 4.76837158203125e-07, 2.9802322387695312e-08, 0.8315049409866333, -0.06334821879863739, 0.5518936514854431, -0.18363408744335175, 0.9062829613685608, 0.3806966543197632, -0.5242881774902344, -0.4178975820541382, 0.7419458031654358),
            ["RightHand"] = CFrame.new(7.450580596923828e-08, 5.960464477539063e-08, 1.4901161193847656e-07, 0.7091905474662781, 0.36579468846321106, -0.6026962995529175, -0.27609267830848694, 0.9306878447532654, 0.23998501896858215, 0.6487076282501221, -0.003795236349105835, 0.7610284686088562),
            ["UpperTorso"] = CFrame.new(2.421438694000244e-08, 3.5762786865234375e-07, 3.3527612686157227e-08, 0.9997389912605286, 0.017751872539520264, 0.01438737940043211, -0.018655873835086823, 0.9976882338523865, 0.06534629315137863, -0.013194057159125805, -0.06559762358665466, 0.9977589845657349),
            ["HumanoidRootPart"] = CFrame.new(0, 0, 0, 1, 0, 0, 0, 1, 0, 0, 0, 1),
            ["RightUpperLeg"] = CFrame.new(5.960464477539063e-08, 5.122274160385132e-08, 2.404485712759197e-07, 0.8850295543670654, -0.4466024935245514, 0.1314118504524231, 0.41104161739349365, 0.6171278357505798, -0.6709681749343872, 0.21855805814266205, 0.6478422284126282, 0.7297483682632446),
            ["LeftUpperArm"] = CFrame.new(0, 2.384185791015625e-07, 2.9802322387695312e-08, -0.13730506598949432, 0.9371593594551086, 0.3207486569881439, -0.6856750249862671, 0.1437641978263855, -0.7135697603225708, -0.7148407101631165, -0.31790608167648315, 0.6228471398353577),
            ["RightLowerArm"] = CFrame.new(-5.960464477539063e-08, -1.1920928955078125e-07, -1.1920928955078125e-07, 1, -1.6391271628890536e-07, 2.3096799850463867e-07, 3.725290298461914e-08, -0.6462135910987854, -0.7631567716598511, 5.960464477539063e-08, 0.763156533241272, -0.6462134122848511),
            ["LeftHand"] = CFrame.new(8.940696716308594e-08, 1.7881393432617188e-07, -5.960464477539063e-08, 0.5972860455513, -0.4221690893173218, 0.6819256544113159, 0.38873979449272156, 0.8960875272750854, 0.21426312625408173, -0.7015203833580017, 0.13711516559123993, 0.6993346214294434),
            ["LeftFoot"] = CFrame.new(1.4156103134155273e-07, -1.7881393432617188e-07, 2.9802322387695312e-08, 0.9298470616340637, -0.3634738624095917, -0.05719456449151039, 0.2781312167644501, 0.7960957288742065, -0.5374704599380493, 0.24088901281356812, 0.4838576912879944, 0.8413407802581787),
            ["LowerTorso"] = CFrame.new(-0.06603872776031494, -0.5194377899169922, 0.11408156156539917, 0.5034908652305603, 0.030174149200320244, -0.8634734749794006, -0.029862936586141586, 0.9994006752967834, 0.017511069774627686, 0.8634843230247498, 0.016969189047813416, 0.5040901303291321),
            ["RightLowerLeg"] = CFrame.new(-1.6391277313232422e-07, -0.0001226663589477539, -0.00007746944174868986, 1, -7.450579886381092e-08, -4.6566150047056e-08, 2.272427366278862e-07, 0.14473336935043335, 0.9894706010818481, -1.0430814256778831e-07, -0.9894707798957825, 0.14473403990268707),
            ["LeftUpperLeg"] = CFrame.new(0, 5.285255610942841e-07, 1.6763806343078613e-07, 0.7827554941177368, 0.6033055782318115, 0.15269625186920166, -0.33213314414024353, 0.6124791502952576, -0.7173260450363159, -0.526290237903595, 0.5107755064964294, 0.679799497127533),
            ["LeftLowerLeg"] = CFrame.new(7.450580596923828e-08, 0.00012248754501342773, 0.00007735192775726318, 1, -2.9802318834981634e-08, 5.960465188081798e-08, -2.9802322387695312e-08, 0.19657573103904724, 0.980488657951355, 1.4901161193847656e-08, -0.9804887175559998, 0.1965760588645935),
        }},
        {Time = 0.065, Data = {
            ["RightFoot"] = CFrame.new(9.685754776000977e-08, 3.5762786865234375e-07, 7.639755494892597e-10, 0.9193726181983948, 0.38817185163497925, 0.06385388970375061, -0.24916064739227295, 0.7001911401748657, -0.6690669655799866, -0.304422527551651, 0.5992119908332825, 0.7404540777206421),
            ["LeftLowerArm"] = CFrame.new(-2.682209014892578e-07, 1.1920928955078125e-07, 4.172325134277344e-07, 1, -8.940695295223122e-08, 1.4901162614933128e-07, 2.2351741790771484e-08, -0.7394838333129883, -0.6731745600700378, 1.9371509552001953e-07, 0.6731743812561035, -0.739483654499054),
            ["RightUpperArm"] = CFrame.new(0, 4.76837158203125e-07, -2.9802322387695312e-08, -0.24109944701194763, -0.9692776799201965, -0.04870370402932167, 0.5405606627464294, -0.09244229644536972, -0.836211085319519, 0.8060182332992554, -0.22793690860271454, 0.5462409257888794),
            ["Head"] = CFrame.new(1.0058283805847168e-07, 9.5367431640625e-07, 1.4901161193847656e-08, 0.8118939399719238, -0.08477350324392319, 0.5776171088218689, -0.17793984711170197, 0.9063906669616699, 0.38313648104667664, -0.5560266971588135, -0.41384726762771606, 0.7208085060119629),
            ["RightHand"] = CFrame.new(3.8743019104003906e-07, 5.960464477539063e-08, -2.384185791015625e-07, 0.6832548379898071, 0.3756968677043915, -0.6261112689971924, -0.36687207221984863, 0.918016791343689, 0.15049795806407928, 0.6313222050666809, 0.12687437236309052, 0.7650719881057739),
            ["UpperTorso"] = CFrame.new(3.91155481338501e-08, 2.980232238769531e-07, 2.9802322387695312e-08, 0.9994078874588013, 0.034016821533441544, 0.005167743656784296, -0.034261684864759445, 0.9976895451545715, 0.05866596847772598, -0.0031600091606378555, -0.05880824476480484, 0.9982643127441406),
            ["HumanoidRootPart"] = CFrame.new(0, 0, 0, 1, 0, 0, 0, 1, 0, 0, 0, 1),
            ["RightUpperLeg"] = CFrame.new(5.960464477539063e-08, -2.7008354663848877e-08, 2.3299799067899585e-07, 0.8791540861129761, -0.4390161633491516, 0.18534529209136963, 0.4274238646030426, 0.5544829368591309, -0.7140430212020874, 0.21070577204227448, 0.706974983215332, 0.6751220226287842),
            ["LeftUpperArm"] = CFrame.new(-1.1920928955078125e-07, 3.5762786865234375e-07, -5.960464477539063e-08, -0.1794390082359314, 0.9163333773612976, 0.35795897245407104, -0.542926013469696, 0.21119360625743866, -0.8127909302711487, -0.8203859329223633, -0.34019187092781067, 0.4596044719219208),
            ["RightLowerArm"] = CFrame.new(5.960464477539063e-08, 0, 3.2782554626464844e-07, 1, -5.960463056453591e-08, 2.011657045386528e-07, 3.3527616238870905e-08, -0.7158886790275574, -0.6982146501541138, 2.1606686573250045e-07, 0.6982144117355347, -0.7158884406089783),
            ["LeftHand"] = CFrame.new(2.384185791015625e-07, -5.960464477539063e-08, -2.5331974029541016e-07, 0.47879624366760254, -0.44203993678092957, 0.7585214972496033, 0.39713597297668457, 0.8795929551124573, 0.26191434264183044, -0.7829670310020447, 0.17583225667476654, 0.5966958403587341),
            ["LeftFoot"] = CFrame.new(7.450580596923828e-08, -5.960464477539063e-08, 0, 0.91876220703125, -0.38955217599868774, -0.06422711908817291, 0.291873574256897, 0.779717743396759, -0.5539402365684509, 0.2658681571483612, 0.4901931583881378, 0.8300753831863403),
            ["LowerTorso"] = CFrame.new(-0.055181834846735, -0.5736885070800781, 0.13334858417510986, 0.48624810576438904, 0.044196970760822296, -0.872702419757843, -0.04871891438961029, 0.9985378384590149, 0.0234247837215662, 0.8724616169929504, 0.031126853078603745, 0.48769038915634155),
            ["RightLowerLeg"] = CFrame.new(-4.470348358154297e-08, -0.0001227259635925293, -0.00007746944174868986, 1, -7.450577754752885e-08, -1.4901166878189542e-07, 1.5646217832454568e-07, 0.029352469369769096, 0.9995691180229187, -2.0861622829215776e-07, -0.9995691776275635, 0.029352424666285515),
            ["LeftUpperLeg"] = CFrame.new(5.960464477539063e-08, 5.885958671569824e-07, 1.1920928955078125e-07, 0.7661901116371155, 0.626324474811554, 0.14377082884311676, -0.34070923924446106, 0.585625410079956, -0.7354997396469116, -0.5448578000068665, 0.5145489573478699, 0.6620952486991882),
            ["LeftLowerLeg"] = CFrame.new(2.9802322387695312e-08, 0.0001227855682373047, 0.00007739663124084473, 1, 7.450580596923828e-08, 1.6391281576488836e-07, -2.9802322387695312e-08, 0.14081144332885742, 0.9900364875793457, 8.940696716308594e-08, -0.9900364875793457, 0.14081162214279175),
        }},
        {Time = 0.097, Data = {
            ["RightFoot"] = CFrame.new(-2.2351741790771484e-08, 2.980232238769531e-07, -3.9282895158976316e-08, 0.9184206128120422, 0.3903231918811798, 0.06443564593791962, -0.23513567447662354, 0.6695765852928162, -0.704540491104126, -0.31814295053482056, 0.6319138407707214, 0.7067323923110962),
            ["LeftLowerArm"] = CFrame.new(5.960464477539063e-08, 5.960464477539063e-08, -3.8743019104003906e-07, 1, -2.980232949312267e-08, 2.0861619987044833e-07, 5.5879340266073996e-08, -0.7860466241836548, -0.6181668639183044, 1.9371505288745539e-07, 0.6181672215461731, -0.7860469222068787),
            ["RightUpperArm"] = CFrame.new(1.1920928955078125e-07, -1.1920928955078125e-07, 1.043081283569336e-07, -0.23827996850013733, -0.9667089581489563, -0.09325583279132843, 0.507697343826294, -0.042129579931497574, -0.8605047464370728, 0.8279287815093994, -0.2523864209651947, 0.5008342862129211),
            ["Head"] = CFrame.new(1.1175870895385742e-07, 5.960464477539062e-07, 1.4901161193847656e-08, 0.7995687127113342, -0.08164447546005249, 0.5949991941452026, -0.19147299230098724, 0.9043633341789246, 0.3813990652561188, -0.5692346096038818, -0.4188809394836426, 0.7074679136276245),
            ["RightHand"] = CFrame.new(-2.9802322387695312e-08, 0, 1.7881393432617188e-07, 0.6776281595230103, 0.37570029497146606, -0.6321942210197449, -0.42434290051460266, 0.9018606543540955, 0.08111823350191116, 0.6006273031234741, 0.2132992446422577, 0.7705520391464233),
            ["UpperTorso"] = CFrame.new(2.60770320892334e-08, 5.364418029785156e-07, 2.3283064365386963e-08, 0.9990923404693604, 0.04247153177857399, -0.003296188311651349, -0.042224399745464325, 0.9975742697715759, 0.055342670530080795, 0.005638828966766596, -0.05515323206782341, 0.9984620213508606),
            ["HumanoidRootPart"] = CFrame.new(0, 0, 0, 1, 0, 0, 0, 1, 0, 0, 0, 1),
            ["RightUpperLeg"] = CFrame.new(0, -2.8777867555618286e-07, 1.7153070075437427e-07, 0.8717669248580933, -0.43751031160354614, 0.2204699069261551, 0.4463263750076294, 0.5236634612083435, -0.7256510257720947, 0.2020277976989746, 0.7310002446174622, 0.6517849564552307),
            ["LeftUpperArm"] = CFrame.new(0, 1.1920928955078125e-07, 1.4901161193847656e-08, -0.1664918065071106, 0.9286722540855408, 0.33143356442451477, -0.47914132475852966, 0.21757842600345612, -0.8503430485725403, -0.861802875995636, -0.3003789186477661, 0.4087400734424591),
            ["RightLowerArm"] = CFrame.new(5.960464477539063e-08, 0, -4.470348358154297e-08, 1, -8.940692453052179e-08, 7.450579175838357e-08, 2.9802318834981634e-08, -0.7260071039199829, -0.6876872777938843, 1.0244546899684792e-07, 0.6876871585845947, -0.7260070443153381),
            ["LeftHand"] = CFrame.new(5.960464477539063e-08, 0, 8.940696716308594e-08, 0.46258077025413513, -0.446078360080719, 0.7661807537078857, 0.3958060145378113, 0.877205491065979, 0.271750807762146, -0.7933200597763062, 0.1775522232055664, 0.5823388695716858),
            ["LeftFoot"] = CFrame.new(2.9802322387695312e-08, -5.960464477539063e-08, -1.4901161193847656e-08, 0.9062866568565369, -0.41656339168548584, -0.07154861837625504, 0.30673256516456604, 0.7646775245666504, -0.5667306780815125, 0.29079145193099976, 0.4916739761829376, 0.8207906484603882),
            ["LowerTorso"] = CFrame.new(-0.03343953564763069, -0.6185886859893799, 0.14677047729492188, 0.47982385754585266, 0.04181870073080063, -0.8763676881790161, -0.06515484303236008, 0.9978037476539612, 0.011940199881792068, 0.8749422430992126, 0.05137040838599205, 0.4814946949481964),
            ["RightLowerLeg"] = CFrame.new(2.9802322387695312e-08, -0.00012254714965820312, -0.00007746944174868986, 1, -7.450577044210149e-08, -1.3224783401710738e-07, 1.2060625920184975e-07, -0.06246813386678696, 0.9980469942092896, -1.937150670983101e-07, -0.9980469942092896, -0.06246819347143173),
            ["LeftUpperLeg"] = CFrame.new(5.960464477539063e-08, 4.3958425521850586e-07, 1.825392246246338e-07, 0.7537643313407898, 0.6435969471931458, 0.13274793326854706, -0.3619397282600403, 0.5752028822898865, -0.7335810661315918, -0.5484880208969116, 0.5049006938934326, 0.6665109992027283),
            ["LeftLowerLeg"] = CFrame.new(-7.450580596923828e-08, 0.00012254714965820312, 0.00007741153240203857, 1, 1.192092469182171e-07, 1.4901158351676713e-07, -2.2351738238057806e-08, 0.1026262417435646, 0.9947199821472168, 7.450579886381092e-08, -0.9947199821472168, 0.10262620449066162),
        }},
        {Time = 0.129, Data = {
            ["RightFoot"] = CFrame.new(0, 2.980232238769531e-07, -5.75528247281909e-09, 0.9162276983261108, 0.39522501826286316, 0.06576145440340042, -0.22204335033893585, 0.6375064253807068, -0.7377544641494751, -0.33350199460983276, 0.6613492965698242, 0.6718584895133972),
            ["LeftLowerArm"] = CFrame.new(8.940696716308594e-08, -5.960464477539063e-08, 8.344650268554688e-07, 1, -4.4703494239684005e-08, 1.9371502446574596e-07, -6.33299421792799e-08, -0.7432072758674622, -0.6690609455108643, 1.788139627478813e-07, 0.6690613627433777, -0.7432075142860413),
            ["RightUpperArm"] = CFrame.new(-5.960464477539063e-08, -4.76837158203125e-07, 0, -0.20034316182136536, -0.9746713042259216, -0.09939229488372803, 0.5382747054100037, -0.024737553671002388, -0.842406153678894, 0.8186103701591492, -0.22227022051811218, 0.5295972228050232),
            ["Head"] = CFrame.new(6.705522537231445e-08, 5.960464477539062e-07, 1.4901161193847656e-08, 0.8060150146484375, -0.06763006746768951, 0.588018536567688, -0.2166939079761505, 0.8907639384269714, 0.3994789123535156, -0.5508025884628296, -0.44940605759620667, 0.7033143043518066),
            ["RightHand"] = CFrame.new(3.2782554626464844e-07, 1.1920928955078125e-07, 1.1920928955078125e-07, 0.6758302450180054, 0.3800857663154602, -0.6314973831176758, -0.4166499674320221, 0.9037630558013916, 0.0980570912361145, 0.6079937815666199, 0.19684332609176636, 0.7691527009010315),
            ["UpperTorso"] = CFrame.new(1.2456439435482025e-08, 5.364418029785156e-07, 2.7706846594810486e-08, 0.998807430267334, 0.04694463685154915, -0.013419508002698421, -0.0460868775844574, 0.997232973575592, 0.0583316870033741, 0.01612093858420849, -0.0576435849070549, 0.9982070922851562),
            ["HumanoidRootPart"] = CFrame.new(0, 0, 0, 1, 0, 0, 0, 1, 0, 0, 0, 1),
            ["RightUpperLeg"] = CFrame.new(0, -3.9301812648773193e-07, 2.9260263545438647e-07, 0.8598875999450684, -0.4534870982170105, 0.23439784348011017, 0.4695170521736145, 0.5223528146743774, -0.7118296027183533, 0.20036722719669342, 0.722147524356842, 0.6620847582817078),
            ["LeftUpperArm"] = CFrame.new(0, 0, 1.4901161193847656e-08, -0.1299753189086914, 0.952579140663147, 0.2751349210739136, -0.5058629512786865, 0.17494900524616241, -0.8446865677833557, -0.8527655601501465, -0.24896958470344543, 0.45913559198379517),
            ["RightLowerArm"] = CFrame.new(-1.4901161193847656e-07, 5.960464477539063e-08, 1.7881393432617188e-07, 1, -1.4901161193847656e-07, 1.7881387748275301e-07, 7.823110337312755e-08, -0.6914098262786865, -0.72246253490448, 1.303851746570217e-07, 0.7224627733230591, -0.6914101243019104),
            ["LeftHand"] = CFrame.new(2.9802322387695312e-08, 1.7881393432617188e-07, 2.1606683731079102e-07, 0.5071943402290344, -0.46117109060287476, 0.7280627489089966, 0.4061829745769501, 0.8729894757270813, 0.27000969648361206, -0.760111391544342, 0.15877902507781982, 0.6300947666168213),
            ["LeftFoot"] = CFrame.new(8.195638656616211e-08, -1.7881393432617188e-07, -8.195638656616211e-08, 0.896538257598877, -0.43623900413513184, -0.0769067034125328, 0.3174307942390442, 0.7538005709648132, -0.5753453373908997, 0.308960884809494, 0.4914064109325409, 0.8142869472503662),
            ["LowerTorso"] = CFrame.new(-0.012240409851074219, -0.6537319421768188, 0.15319709479808807, 0.48805925250053406, 0.02251354604959488, -0.8725201487541199, -0.07929370552301407, 0.9966771006584167, -0.018637146800756454, 0.8692011833190918, 0.07828137278556824, 0.4882226288318634),
            ["RightLowerLeg"] = CFrame.new(2.9802322387695312e-08, -0.00012254714965820312, -0.00007743963942630216, 1, -1.6391271628890536e-07, -1.7881399116959074e-07, 1.9767318804042588e-07, -0.1304692029953003, 0.9914523363113403, -1.8626448650138627e-07, -0.9914523363113403, -0.13046984374523163),
            ["LeftUpperLeg"] = CFrame.new(-5.960464477539063e-08, -2.561137080192566e-08, 1.434236764907837e-07, 0.7532710433006287, 0.6475443243980408, 0.11518935859203339, -0.38774657249450684, 0.5786852240562439, -0.7174789905548096, -0.531258225440979, 0.4957921504974365, 0.6869900226593018),
            ["LeftLowerLeg"] = CFrame.new(8.940696716308594e-08, 0.0001227259635925293, 0.00007747113704681396, 1, 1.1920930376163597e-07, 1.564622067462551e-07, -1.4901162970204496e-08, 0.07399231940507889, 0.9972588419914246, 1.4901162614933128e-07, -0.9972589015960693, 0.0739922970533371),
        }},
        {Time = 0.161, Data = {
            ["RightFoot"] = CFrame.new(7.450580596923828e-09, 4.172325134277344e-07, 3.894820110872388e-08, 0.9127278923988342, 0.40289703011512756, 0.06783940643072128, -0.211473286151886, 0.6079365015029907, -0.7653048634529114, -0.34958112239837646, 0.6841690540313721, 0.6400830149650574),
            ["LeftLowerArm"] = CFrame.new(-2.682209014892578e-07, -1.1920928955078125e-07, -5.960464477539063e-08, 1, -1.4901159417490817e-08, 1.8626448650138627e-07, -1.1408699762682772e-08, -0.6951593160629272, -0.7188557982444763, 1.1920927533992653e-07, 0.7188557982444763, -0.695159375667572),
            ["RightUpperArm"] = CFrame.new(1.1920928955078125e-07, 3.5762786865234375e-07, 4.0978193283081055e-08, -0.17419591546058655, -0.9797322750091553, -0.09889715164899826, 0.5813945531845093, -0.021270256489515305, -0.81334388256073, 0.7947554588317871, -0.19917918741703033, 0.5733160376548767),
            ["Head"] = CFrame.new(8.195638656616211e-08, 7.152557373046875e-07, 1.862645149230957e-08, 0.8093481063842773, -0.049576688557863235, 0.5852333307266235, -0.23835314810276031, 0.8829640746116638, 0.404428631067276, -0.5367899537086487, -0.4668155908584595, 0.7028083801269531),
            ["RightHand"] = CFrame.new(5.960464477539063e-08, -1.1920928955078125e-07, -1.4901161193847656e-07, 0.6730927228927612, 0.38726678490638733, -0.6300560832023621, -0.3737548589706421, 0.9132607579231262, 0.16205495595932007, 0.638164222240448, 0.12640880048274994, 0.7594521641731262),
            ["UpperTorso"] = CFrame.new(3.5157427191734314e-08, 5.662441253662109e-07, 2.537854015827179e-08, 0.9984832406044006, 0.05136476829648018, -0.019824247807264328, -0.05007622390985489, 0.9968941807746887, 0.06078130379319191, 0.022884758189320564, -0.05969637632369995, 0.997954249382019),
            ["HumanoidRootPart"] = CFrame.new(0, 0, 0, 1, 0, 0, 0, 1, 0, 0, 0, 1),
            ["RightUpperLeg"] = CFrame.new(1.7881393432617188e-07, 1.0544317774474621e-07, 1.8643186194822192e-07, 0.8470544815063477, -0.4783881604671478, 0.2316102683544159, 0.48963019251823425, 0.5327962040901184, -0.6902106404304504, 0.2067878544330597, 0.6980493664741516, 0.6855406761169434),
            ["LeftUpperArm"] = CFrame.new(-1.1920928955078125e-07, 4.76837158203125e-07, -7.078051567077637e-08, -0.08490382879972458, 0.9736520648002625, 0.21164339780807495, -0.5434815883636475, 0.13277605175971985, -0.8288536667823792, -0.8351162672042847, -0.18539726734161377, 0.5178886651992798),
            ["RightLowerArm"] = CFrame.new(-1.4901161193847656e-07, 5.960464477539062e-07, 3.5762786865234375e-07, 1, -7.450577754752885e-08, 1.9371512394172896e-07, 6.705522537231445e-08, -0.6627588868141174, -0.7488329410552979, 8.940696716308594e-08, 0.7488330006599426, -0.6627588868141174),
            ["LeftHand"] = CFrame.new(-5.960464477539063e-08, 1.1920928955078125e-07, -1.4901161193847656e-08, 0.5578649044036865, -0.4765913784503937, 0.6794465184211731, 0.42476949095726013, 0.8672857284545898, 0.2595890164375305, -0.7129920721054077, 0.14379264414310455, 0.6862695217132568),
            ["LeftFoot"] = CFrame.new(1.4901161193847656e-08, -5.960464477539063e-08, 3.725290298461914e-08, 0.8897473216056824, -0.44930315017700195, -0.08047663420438766, 0.32386282086372375, 0.7456461191177368, -0.5823441743850708, 0.3216559886932373, 0.4920758306980133, 0.8089491724967957),
            ["LowerTorso"] = CFrame.new(0.0037034410052001476, -0.6817672252655029, 0.154326394200325, 0.505763828754425, 0.0008843772229738533, -0.8626715540885925, -0.08674423396587372, 0.9949833750724792, -0.049836065620183945, 0.8582997918128967, 0.10003706812858582, 0.5033032894134521),
            ["RightLowerLeg"] = CFrame.new(-3.5762786865234375e-07, -0.0001226663589477539, -0.0000772310231695883, 1, -1.3411042232291948e-07, -1.6391282997574308e-07, 1.4994293451309204e-07, -0.17629356682300568, 0.984337568283081, -1.7136335372924805e-07, -0.9843376874923706, -0.17629390954971313),
            ["LeftUpperLeg"] = CFrame.new(-1.1920928955078125e-07, 2.812157617881894e-07, 1.5832483768463135e-07, 0.7599510550498962, 0.6442039012908936, 0.0864623561501503, -0.41058409214019775, 0.5789074301719666, -0.7044764161109924, -0.5038800239562988, 0.4998675584793091, 0.7044411897659302),
            ["LeftLowerLeg"] = CFrame.new(8.940696716308594e-08, 0.00012260675430297852, 0.00007740408182144165, 1, 8.195639367158947e-08, 1.4156104555240745e-07, -1.4901162970204496e-08, 0.04550326615571976, 0.998964250087738, 5.960465188081798e-08, -0.998964250087738, 0.0455034114420414),
        }},
        {Time = 0.194, Data = {
            ["RightFoot"] = CFrame.new(-2.2351741790771484e-08, 4.172325134277344e-07, -5.75528247281909e-09, 0.9078630208969116, 0.41327136754989624, 0.07065407186746597, -0.20369049906730652, 0.5820492506027222, -0.7872281074523926, -0.36646273732185364, 0.7003039121627808, 0.6126009821891785),
            ["LeftLowerArm"] = CFrame.new(1.7881393432617188e-07, 2.384185791015625e-07, 2.8312206268310547e-07, 1, -7.450579175838357e-08, 2.9057270012344816e-07, 3.725290298461914e-09, -0.6815072298049927, -0.7318115234375, 4.470348358154297e-08, 0.7318113446235657, -0.6815071702003479),
            ["RightUpperArm"] = CFrame.new(-1.1920928955078125e-07, 0, 8.195638656616211e-08, -0.16596993803977966, -0.9826837778091431, -0.08238206058740616, 0.6165007948875427, -0.038194455206394196, -0.7864271402359009, 0.7696627974510193, -0.18131119012832642, 0.6121647953987122),
            ["Head"] = CFrame.new(8.940696716308594e-08, 5.960464477539062e-07, 7.450580596923828e-09, 0.808228075504303, -0.03461577743291855, 0.5878512859344482, -0.25995808839797974, 0.8747592568397522, 0.40892302989959717, -0.5283835530281067, -0.4833197593688965, 0.6980063319206238),
            ["RightHand"] = CFrame.new(2.9802322387695312e-08, 1.1920928955078125e-07, 3.2782554626464844e-07, 0.6732186079025269, 0.39022380113601685, -0.6280940771102905, -0.3113628625869751, 0.9200384020805359, 0.2378711998462677, 0.6706936359405518, 0.03542587533593178, 0.7408881783485413),
            ["UpperTorso"] = CFrame.new(8.381903171539307e-09, 3.2782554626464844e-07, 1.210719347000122e-08, 0.9984005689620972, 0.05214470624923706, -0.02184554748237133, -0.05083218589425087, 0.9970878958702087, 0.05685001239180565, 0.024746544659137726, -0.05564861744642258, 0.99814373254776),
            ["HumanoidRootPart"] = CFrame.new(0, 0, 0, 1, 0, 0, 0, 1, 0, 0, 0, 1),
            ["RightUpperLeg"] = CFrame.new(0, -1.4621764421463013e-07, 3.0750379664823413e-07, 0.8325279951095581, -0.506887674331665, 0.22352133691310883, 0.5104519724845886, 0.5451176166534424, -0.6650456786155701, 0.21525822579860687, 0.6677662134170532, 0.7125675678253174),
            ["LeftUpperArm"] = CFrame.new(-1.1920928955078125e-07, 0, -6.705522537231445e-08, -0.05589424818754196, 0.9851996302604675, 0.16204120218753815, -0.5766540169715881, 0.10063526779413223, -0.8107666373252869, -0.8150742053985596, -0.13875947892665863, 0.5624945759773254),
            ["RightLowerArm"] = CFrame.new(-4.172325134277344e-07, 1.1920928955078125e-07, 0, 1, -5.960463766996327e-08, 2.3841860752327193e-07, 3.725290298461914e-08, -0.6622092723846436, -0.7493191957473755, 8.940696716308594e-08, 0.7493190765380859, -0.6622090339660645),
            ["LeftHand"] = CFrame.new(-8.940696716308594e-08, 1.1920928955078125e-07, 4.246830940246582e-07, 0.5584002733230591, -0.483252614736557, 0.6742819547653198, 0.43506988883018494, 0.8626537919044495, 0.25795796513557434, -0.7063308954238892, 0.1493162214756012, 0.6919548511505127),
            ["LeftFoot"] = CFrame.new(-1.043081283569336e-07, 5.960464477539063e-08, -2.9802322387695312e-08, 0.8853368163108826, -0.4575309455394745, -0.08272963762283325, 0.326558917760849, 0.738553524017334, -0.5898289084434509, 0.3309653401374817, 0.4951809346675873, 0.8032793402671814),
            ["LowerTorso"] = CFrame.new(0.01727764680981636, -0.7014980316162109, 0.14915120601654053, 0.5242894887924194, -0.015977466478943825, -0.8513901829719543, -0.09235575050115585, 0.9928592443466187, -0.0755053386092186, 0.846517026424408, 0.11821742355823517, 0.5190699696540833),
            ["RightLowerLeg"] = CFrame.new(1.341104507446289e-07, -0.00012254714965820312, -0.0000772310231695883, 1, -1.192092469182171e-07, -2.0861632776814076e-07, 1.564621925354004e-07, -0.20385752618312836, 0.9790005087852478, -1.7881393432617188e-07, -0.9790006279945374, -0.20385804772377014),
            ["LeftUpperLeg"] = CFrame.new(0, 8.149072527885437e-08, 1.4528632164001465e-07, 0.7692378163337708, 0.6358371376991272, 0.06311997026205063, -0.4254336953163147, 0.5833733677864075, -0.6918680667877197, -0.4767380654811859, 0.5053579211235046, 0.7192596793174744),
            ["LeftLowerLeg"] = CFrame.new(8.940696716308594e-08, 0.0001227855682373047, 0.00007751584053039551, 1, 3.725290298461914e-08, 1.4901161193847656e-07, -2.9802318834981634e-08, 0.024145841598510742, 0.9997085332870483, 2.9802318834981634e-08, -0.9997085332870483, 0.02414591610431671),
        }},
        {Time = 0.226, Data = {
            ["RightFoot"] = CFrame.new(7.450580596923828e-08, 4.172325134277344e-07, 4.639878170564771e-08, 0.9025337100028992, 0.42427560687065125, 0.0736464262008667, -0.19790518283843994, 0.5605702996253967, -0.804110586643219, -0.3824479877948761, 0.7111619114875793, 0.5899003148078918),
            ["LeftLowerArm"] = CFrame.new(-5.960464477539063e-08, -1.1920928955078125e-07, -1.043081283569336e-07, 1, -1.0430809993522416e-07, 1.341104365337742e-07, 1.043081283569336e-07, -0.6815881133079529, -0.7317363023757935, 1.1920928955078125e-07, 0.7317360639572144, -0.6815879344940186),
            ["RightUpperArm"] = CFrame.new(2.384185791015625e-07, -2.384185791015625e-07, 1.5832483768463135e-08, -0.17325375974178314, -0.9822028875350952, -0.0725320428609848, 0.6285133957862854, -0.05356418713927269, -0.7759522199630737, 0.7582573890686035, -0.1800234466791153, 0.6266078352928162),
            ["Head"] = CFrame.new(1.601874828338623e-07, 2.384185791015625e-07, -6.612390279769897e-08, 0.8129062652587891, -0.021181143820285797, 0.582009494304657, -0.2859265208244324, 0.8560968637466431, 0.4305163323879242, -0.5073750615119934, -0.5163812637329102, 0.6898700594902039),
            ["RightHand"] = CFrame.new(1.4901161193847656e-07, -2.384185791015625e-07, -5.960464477539063e-08, 0.6672189831733704, 0.4002772867679596, -0.6281698346138, -0.27421680092811584, 0.9161078929901123, 0.2924916446208954, 0.6925490498542786, -0.022901222109794617, 0.7210071086883545),
            ["UpperTorso"] = CFrame.new(-4.6566128730773926e-09, 3.8743019104003906e-07, 2.7008354663848877e-08, 0.9986460208892822, 0.04963500052690506, -0.015577049925923347, -0.04881531372666359, 0.9975952506065369, 0.04920322448015213, 0.017981812357902527, -0.0483761690557003, 0.998667299747467),
            ["HumanoidRootPart"] = CFrame.new(0, 0, 0, 1, 0, 0, 0, 1, 0, 0, 0, 1),
            ["RightUpperLeg"] = CFrame.new(-1.1920928955078125e-07, 1.5832483768463135e-07, 2.963279257528484e-07, 0.8165909647941589, -0.5364472270011902, 0.2130812406539917, 0.5324328541755676, 0.5574646592140198, -0.6369837522506714, 0.2229229360818863, 0.6336067914962769, 0.7408427596092224),
            ["LeftUpperArm"] = CFrame.new(-1.1920928955078125e-07, -3.5762786865234375e-07, 6.05359673500061e-08, -0.05782117694616318, 0.9908185601234436, 0.12221011519432068, -0.5926336050033569, 0.06444621086120605, -0.8028900027275085, -0.8033941984176636, -0.11885019391775131, 0.5834659337997437),
            ["RightLowerArm"] = CFrame.new(1.1920928955078125e-07, 2.384185791015625e-07, 0, 1, -5.960463056453591e-08, 2.2351741790771484e-07, 4.8428766774577525e-08, -0.6786648035049438, -0.7344483733177185, 1.5273688802608376e-07, 0.7344481945037842, -0.6786645650863647),
            ["LeftHand"] = CFrame.new(2.384185791015625e-07, 0, -3.427267074584961e-07, 0.557458221912384, -0.4878159463405609, 0.6717709302902222, 0.441728413105011, 0.859399676322937, 0.2575037181377411, -0.7029340863227844, 0.15319262444972992, 0.6945614814758301),
            ["LeftFoot"] = CFrame.new(-6.705522537231445e-08, 1.1920928955078125e-07, -7.450580596923828e-09, 0.8828375339508057, -0.4621084928512573, -0.0839848518371582, 0.32663848996162415, 0.7325664758682251, -0.5972046852111816, 0.3374984860420227, 0.4998020827770233, 0.7976798415184021),
            ["LowerTorso"] = CFrame.new(0.029664726927876472, -0.7136377096176147, 0.1397228240966797, 0.5400649905204773, -0.030014043673872948, -0.8410879373550415, -0.0987759456038475, 0.990196943283081, -0.09875928610563278, 0.8358069658279419, 0.13641570508480072, 0.5318059921264648),
            ["RightLowerLeg"] = CFrame.new(-7.450580596923828e-08, -0.00012248754501342773, -0.00007743963942630216, 1, -5.960462345910855e-08, -1.266598843585598e-07, 1.4528630742915993e-07, -0.21853655576705933, 0.9758286476135254, -1.4156101713069802e-07, -0.9758287668228149, -0.2185373604297638),
            ["LeftUpperLeg"] = CFrame.new(8.940696716308594e-08, 4.237517714500427e-07, 1.2665987014770508e-07, 0.7788242697715759, 0.6252004504203796, 0.05056381598114967, -0.43400758504867554, 0.5953379273414612, -0.6761731505393982, -0.4528467357158661, 0.5046753287315369, 0.7350055575370789),
            ["LeftLowerLeg"] = CFrame.new(1.4901161193847656e-08, 0.0001227259635925293, 0.00007739663124084473, 1, 1.2665985593685036e-07, 1.8626454334480513e-07, -9.685754776000977e-08, 0.011940492317080498, 0.9999287724494934, -6.705522537231445e-08, -0.9999287128448486, 0.011940645053982735),
        }},
        {Time = 0.258, Data = {
            ["RightFoot"] = CFrame.new(-5.21540641784668e-08, 2.980232238769531e-07, -2.8107024263590574e-08, 0.8966402411460876, 0.43603989481925964, 0.07685233652591705, -0.195985347032547, 0.5465134382247925, -0.8141944408416748, -0.39702141284942627, 0.7149770855903625, 0.575483500957489),
            ["LeftLowerArm"] = CFrame.new(-8.940696716308594e-08, 1.1920928955078125e-07, -2.086162567138672e-07, 1, -2.9802318834981634e-08, 1.8626447229053156e-07, 3.725290298461914e-09, -0.6842225790023804, -0.7292730808258057, 1.7881393432617188e-07, 0.7292733192443848, -0.6842226982116699),
            ["RightUpperArm"] = CFrame.new(-5.960464477539063e-08, 0, 3.725290298461914e-09, -0.1956598311662674, -0.9773805737495422, -0.08027973026037216, 0.6048939228057861, -0.055846478790044785, -0.7943452596664429, 0.7718942165374756, -0.20398174226284027, 0.6021385192871094),
            ["Head"] = CFrame.new(1.6391277313232422e-07, 2.384185791015625e-07, 4.0978193283081055e-08, 0.8155268430709839, -0.010161506943404675, 0.5786300301551819, -0.31447717547416687, 0.8315619826316833, 0.45783042907714844, -0.48581910133361816, -0.555338978767395, 0.6749655604362488),
            ["RightHand"] = CFrame.new(-5.960464477539063e-08, -1.7881393432617188e-07, -2.9802322387695312e-08, 0.650896430015564, 0.4092138409614563, -0.6394355297088623, -0.2782529592514038, 0.9122664332389832, 0.3005744218826294, 0.7063350677490234, -0.01771816425025463, 0.7076561450958252),
            ["UpperTorso"] = CFrame.new(1.862645149230957e-08, 3.8743019104003906e-07, 2.60770320892334e-08, 0.998793363571167, 0.04887119680643082, -0.004847767297178507, -0.04863160848617554, 0.9979718923568726, 0.04107482358813286, 0.0068454435095191, -0.04078943654894829, 0.9991443157196045),
            ["HumanoidRootPart"] = CFrame.new(0, 0, 0, 1, 0, 0, 0, 1, 0, 0, 0, 1),
            ["RightUpperLeg"] = CFrame.new(5.960464477539063e-08, 3.725290298461914e-09, 1.920197973959148e-07, 0.8020298480987549, -0.5593595504760742, 0.2094399333000183, 0.5523308515548706, 0.5611136555671692, -0.6165075302124023, 0.22733008861541748, 0.6101381182670593, 0.7589818835258484),
            ["LeftUpperArm"] = CFrame.new(-1.1920928955078125e-07, -1.1920928955078125e-07, -1.0058283805847168e-07, -0.09546098858118057, 0.990850567817688, 0.0954054519534111, -0.5742849111557007, 0.023464694619178772, -0.8183193206787109, -0.8130708336830139, -0.13290804624557495, 0.5667904615402222),
            ["RightLowerArm"] = CFrame.new(2.980232238769531e-07, 5.960464477539063e-08, -2.682209014892578e-07, 1, -3.725289943190546e-08, 2.235174747511337e-07, 8.940696716308594e-08, -0.687309980392456, -0.7263646721839905, 2.3096799850463867e-07, 0.7263643741607666, -0.6873096227645874),
            ["LeftHand"] = CFrame.new(-2.8312206268310547e-07, 5.960464477539063e-08, -2.0116567611694336e-07, 0.5495057106018066, -0.4874860644340515, 0.6785290241241455, 0.448456346988678, 0.8573217988014221, 0.25275716185569763, -0.7049329876899719, 0.16539894044399261, 0.689719021320343),
            ["LeftFoot"] = CFrame.new(-5.21540641784668e-08, 0, 0, 0.8821170330047607, -0.4634174406528473, -0.08434419333934784, 0.32373687624931335, 0.7265440225601196, -0.6060758233070374, 0.3421460688114166, 0.5073243975639343, 0.7909223437309265),
            ["LowerTorso"] = CFrame.new(0.03650422394275665, -0.7224647998809814, 0.12830768525600433, 0.5489130020141602, -0.03783104568719864, -0.8350229859352112, -0.10446032136678696, 0.9880391955375671, -0.11343183368444443, 0.8293266892433167, 0.14949099719524384, 0.5383955836296082),
