return {
    ["Wigglin' Around"] = {
        {Time = 0.000, Data = {
            ["RightFoot"] = CFrame.new(-5.21540641784668e-08, 2.384185791015625e-07, 2.032174961641431e-08, 0.9829592108726501, -0.18295373022556305, 0.017867842689156532, 0.17370374500751495, 0.8926379680633545, -0.4159618318080902, 0.060152001678943634, 0.41197746992111206, 0.9092066287994385),
            ["LeftLowerArm"] = CFrame.new(5.960464477539063e-08, 5.960464477539063e-08, 8.307397365570068e-07, 1, 1.210719347000122e-08, -9.313220417084267e-09, 8.940696716308594e-08, 0.9489385485649109, -0.3154616951942444, 5.960464477539063e-08, 0.3154611885547638, 0.9489383697509766),
            ["RightUpperArm"] = CFrame.new(1.1920928955078125e-07, -1.1920928955078125e-07, 0, 0.18489468097686768, -0.3106132447719574, 0.9323804378509521, 0.9795641899108887, -0.018181076273322105, -0.20030824840068817, 0.0791705846786499, 0.950362503528595, 0.3009045124053955),
            ["Head"] = CFrame.new(3.725290298461914e-09, 2.384185791015625e-07, 3.725290298461914e-09, 0.9645678400993347, -0.18574176728725433, -0.1873732954263687, 0.08231256157159805, 0.886601984500885, -0.4551500082015991, 0.2506660223007202, 0.4235999882221222, 0.8704768419265747),
            ["RightHand"] = CFrame.new(0, -2.980232238769531e-07, 7.450580596923828e-08, 0.7558416128158569, 0.6544296145439148, -0.020643314346671104, -0.5431454181671143, 0.6442957520484924, 0.5384004712104797, 0.36564528942108154, -0.3957335650920868, 0.8424362540245056),
            ["UpperTorso"] = CFrame.new(7.450580596923828e-09, -2.980232238769531e-07, -1.862645149230957e-09, 0.9941679835319519, -0.09408886730670929, -0.05270126461982727, 0.0993206799030304, 0.9892305731773376, 0.10750920325517654, 0.04201826453208923, -0.11211655288934708, 0.9928063154220581),
            ["HumanoidRootPart"] = CFrame.new(0, 0, 0, 1, 0, 0, 0, 1, 0, 0, 0, 1),
            ["RightUpperLeg"] = CFrame.new(1.1920928955078125e-07, -5.671754479408264e-07, -7.806374924257398e-08, 0.9587278962135315, 0.23990552127361298, -0.15259866416454315, -0.21704286336898804, 0.270821750164032, -0.9378421306610107, -0.1836663782596588, 0.9322558045387268, 0.31171441078186035),
            ["LeftUpperArm"] = CFrame.new(-5.960464477539062e-07, 0, -2.9802322387695312e-08, 0.06285731494426727, 0.1620667427778244, -0.9847758412361145, -0.9932193756103516, -0.0865321233868599, -0.07763633131980896, -0.09779716283082962, 0.9829784631729126, 0.15552909672260284),
            ["RightLowerArm"] = CFrame.new(6.556510925292969e-07, 1.7881393432617188e-07, -8.270144462585449e-07, 1, 1.0058280253133489e-07, -6.89178563106907e-08, 7.729976658765736e-08, 0.9862355589866638, -0.1653469204902649, -4.0978189730367376e-08, 0.1653469204902649, 0.9862355589866638),
            ["LeftHand"] = CFrame.new(3.129243850708008e-07, 1.7881393432617188e-07, 8.940696716308594e-08, 0.804571270942688, -0.5861603617668152, 0.09530060738325119, 0.3805517554283142, 0.6320955753326416, 0.6750072240829468, -0.45590075850486755, -0.5068246722221375, 0.7316303849220276),
            ["LeftFoot"] = CFrame.new(-6.274785846471786e-08, 1.7881393432617188e-07, 4.6566128730773926e-09, 0.9731637835502625, 0.03675662353634834, 0.2271585464477539, 0.1929907500743866, 0.4072686433792114, -0.8926853537559509, -0.12532687187194824, 0.9125685691833496, 0.3892451822757721),
            ["LowerTorso"] = CFrame.new(-0.09264183789491653, -0.6865130662918091, 0.16793277859687805, 0.5367918610572815, -0.013522464781999588, -0.8436063528060913, 0.040312331169843674, 0.9991406798362732, 0.009635411202907562, 0.8427510857582092, -0.03917994722723961, 0.5368756651878357),
            ["RightLowerLeg"] = CFrame.new(-3.166496753692627e-08, -0.00012254714965820312, -0.00007761088636470959, 1, -1.4156096028727916e-07, -2.53319797138829e-07, 2.272426513627579e-07, -0.09649154543876648, 0.9953339099884033, -2.0489092378284113e-07, -0.9953338503837585, -0.0964914932847023),
            ["LeftUpperLeg"] = CFrame.new(-1.1920928955078125e-07, -4.698522388935089e-07, 4.0046870708465576e-08, 0.7808590531349182, 0.4324638843536377, 0.4508155286312103, -0.03140285611152649, 0.7479029893875122, -0.6630644798278809, -0.6239175200462341, 0.5036031007766724, 0.5975875854492188),
            ["LeftLowerLeg"] = CFrame.new(4.842877388000488e-08, 0.00012236833572387695, 0.00007740780711174011, 1, 4.377215745421381e-08, 1.3317908553744928e-07, -8.987261423953896e-08, -0.23844212293624878, 0.9711567163467407, 9.057110617050057e-08, -0.9711567759513855, -0.23844216763973236),
        }},
        {Time = 0.017, Data = {
            ["RightFoot"] = CFrame.new(2.60770320892334e-08, 2.980232238769531e-07, -1.6931153368204832e-08, 0.9822808504104614, -0.18612942099571228, 0.021913548931479454, 0.17774637043476105, 0.8881460428237915, -0.4237954914569855, 0.05941835418343544, 0.4201815128326416, 0.9054928421974182),
            ["LeftLowerArm"] = CFrame.new(2.682209014892578e-07, -5.960464477539062e-07, 5.848705768585205e-07, 1, 3.783496627107752e-09, 2.048908420704265e-08, 6.332993507385254e-08, 0.9463173151016235, -0.3232397735118866, -2.9802322387695312e-08, 0.32323914766311646, 0.9463171362876892),
            ["RightUpperArm"] = CFrame.new(0, 7.152557373046875e-07, 2.980232238769531e-07, 0.19280700385570526, -0.2899690568447113, 0.937413215637207, 0.9789657592773438, -0.00811331532895565, -0.20386305451393127, 0.0667199045419693, 0.9570016264915466, 0.2823055386543274),
            ["Head"] = CFrame.new(-2.7939677238464355e-08, 3.5762786865234375e-07, 6.332993507385254e-08, 0.964097261428833, -0.19138963520526886, -0.1840827316045761, 0.08521629869937897, 0.8795346617698669, -0.46814218163490295, 0.2515047788619995, 0.4356476068496704, 0.8642664551734924),
            ["RightHand"] = CFrame.new(-3.306195139884949e-08, -2.384185791015625e-07, 4.470348358154297e-08, 0.7446616291999817, 0.6671455502510071, -0.019908079877495766, -0.5589838027954102, 0.6396759152412415, 0.527590274810791, 0.3647138178348541, -0.38174793124198914, 0.8492656946182251),
            ["UpperTorso"] = CFrame.new(2.2351741790771484e-08, -1.1920928955078125e-07, -2.60770320892334e-08, 0.9927863478660583, -0.1088317409157753, -0.05030950531363487, 0.11363818496465683, 0.9879177808761597, 0.1053801104426384, 0.038232773542404175, -0.1103370413184166, 0.9931585788726807),
            ["HumanoidRootPart"] = CFrame.new(0, 0, 0, 1, 0, 0, 0, 1, 0, 0, 0, 1),
            ["RightUpperLeg"] = CFrame.new(1.1920928955078125e-07, -2.0081643015146255e-07, -1.4884426491335034e-07, 0.9596455097198486, 0.23393836617469788, -0.15605628490447998, -0.21075981855392456, 0.23092201352119446, -0.9498711824417114, -0.18617446720600128, 0.9444299340248108, 0.2709081172943115),
            ["LeftUpperArm"] = CFrame.new(0, 1.1920928955078125e-07, -5.960464477539063e-08, 0.050802476704120636, 0.16760316491127014, -0.9845447540283203, -0.9949014782905579, -0.07750487327575684, -0.06453008949756622, -0.08712239563465118, 0.9828032851219177, 0.16281169652938843),
            ["RightLowerArm"] = CFrame.new(5.364418029785156e-07, 0, -8.270144462585449e-07, 1, -4.190950697591234e-09, -1.7136326846411976e-07, 1.403968923341381e-07, 0.9887440800666809, -0.14961671829223633, -1.8440189819557418e-07, 0.14961695671081543, 0.9887440800666809),
            ["LeftHand"] = CFrame.new(-3.501772880554199e-07, 1.7881393432617188e-07, -1.4901161193847656e-08, 0.7865345478057861, -0.6059229969978333, 0.11925645172595978, 0.3836860656738281, 0.6307969093322754, 0.6744473576545715, -0.4838889241218567, -0.48471903800964355, 0.7286279201507568),
            ["LeftFoot"] = CFrame.new(-1.885928213596344e-08, 1.1920928955078125e-07, 2.7939677238464355e-09, 0.977603554725647, 0.03150016441941261, 0.2080833613872528, 0.18052363395690918, 0.3827197849750519, -0.9060561060905457, -0.10817870497703552, 0.9233273863792419, 0.36846137046813965),
            ["LowerTorso"] = CFrame.new(-0.0947396457195282, -0.7176634073257446, 0.1638084352016449, 0.5316271185874939, -0.0054108756594359875, -0.8469613194465637, 0.031025109812617302, 0.9994329214096069, 0.013089136220514774, 0.8464100360870361, -0.03323560580611229, 0.5314935445785522),
            ["RightLowerLeg"] = CFrame.new(-3.725290298461914e-08, -0.00012248754501342773, -0.00007732409721938893, 1, -8.940693874137651e-08, -2.831221763699432e-07, 8.940695295223122e-08, -0.1464652121067047, 0.9892159104347229, -1.899897767998482e-07, -0.9892158508300781, -0.14646512269973755),
            ["LeftUpperLeg"] = CFrame.new(0, -5.610054358839989e-07, 1.0058283805847168e-07, 0.7630966901779175, 0.4461964964866638, 0.46753937005996704, -0.02660895697772503, 0.7445034980773926, -0.6670877933502197, -0.6457364559173584, 0.49661174416542053, 0.5800006985664368),
            ["LeftLowerLeg"] = CFrame.new(7.916241884231567e-09, 0.00012284517288208008, 0.00007729232311248779, 1, 5.960464477539063e-08, 1.0989603538291703e-07, -6.984918599073353e-08, -0.271791934967041, 0.9623559713363647, 1.1594964632877236e-07, -0.9623560905456543, -0.27179208397865295),
        }},
        {Time = 0.033, Data = {
            ["RightFoot"] = CFrame.new(0, 2.384185791015625e-07, -2.0656443666666746e-08, 0.9795107245445251, -0.19621077179908752, 0.04539309814572334, 0.19642922282218933, 0.881054162979126, -0.4303002655506134, 0.044435739517211914, 0.4304008483886719, 0.9015437960624695),
            ["LeftLowerArm"] = CFrame.new(-2.9802322387695312e-08, -5.364418029785156e-07, 7.366761565208435e-07, 1, -6.51925802230835e-08, -5.587933316064664e-08, 9.685753354915505e-08, 0.9410068988800049, -0.33838751912117004, -1.4901159772762185e-07, 0.3383873403072357, 0.9410068988800049),
            ["RightUpperArm"] = CFrame.new(2.384185791015625e-07, 7.152557373046875e-07, 0, 0.18855956196784973, -0.2824297547340393, 0.9405736327171326, 0.9807040095329285, 0.0038065589033067226, -0.19546130299568176, 0.051624197512865067, 0.9592804312705994, 0.2776981592178345),
            ["Head"] = CFrame.new(5.960464477539063e-08, 5.960464477539062e-07, 4.0978193283081055e-08, 0.963044285774231, -0.19960787892341614, -0.18083836138248444, 0.09090496599674225, 0.872887909412384, -0.479377806186676, 0.253539115190506, 0.44522300362586975, 0.8587750792503357),
            ["RightHand"] = CFrame.new(3.727036528289318e-07, -1.1920928955078125e-07, 1.4901161193847656e-08, 0.7238839268684387, 0.688242495059967, -0.04811539500951767, -0.5692445635795593, 0.6352149844169617, 0.521978497505188, 0.38981109857559204, -0.3504630923271179, 0.8516005277633667),
            ["UpperTorso"] = CFrame.new(2.9802322387695312e-08, -1.7881393432617188e-07, -1.862645149230957e-08, 0.9914830923080444, -0.12038371711969376, -0.04969024658203125, 0.12497583031654358, 0.9868022203445435, 0.1029684767127037, 0.036638855934143066, -0.10830158740282059, 0.9934427738189697),
            ["HumanoidRootPart"] = CFrame.new(0, 0, 0, 1, 0, 0, 0, 1, 0, 0, 0, 1),
            ["RightUpperLeg"] = CFrame.new(1.1920928955078125e-07, -1.9988510757684708e-07, -3.336026566103101e-08, 0.9624627232551575, 0.2096521556377411, -0.17237058281898499, -0.2145594209432602, 0.19876964390277863, -0.956271231174469, -0.16622218489646912, 0.9573591351509094, 0.23629160225391388),
            ["LeftUpperArm"] = CFrame.new(0, 3.5762786865234375e-07, -5.960464477539063e-08, 0.045136213302612305, 0.1774541437625885, -0.9830935001373291, -0.9958066344261169, -0.07039591670036316, -0.058426111936569214, -0.07957383990287781, 0.9816081523895264, 0.17353302240371704),
            ["RightLowerArm"] = CFrame.new(7.748603820800781e-07, 2.384185791015625e-07, -9.08970832824707e-07, 1, 4.7381018219994075e-08, -4.796313035626554e-08, 2.1589224274976004e-07, 0.9877930283546448, -0.15577246248722076, 5.820766646458253e-10, 0.15577217936515808, 0.98779296875),
            ["LeftHand"] = CFrame.new(2.2724270820617676e-07, 0, 7.450580596923828e-08, 0.7715879082679749, -0.6252284646034241, 0.11722947657108307, 0.39101478457450867, 0.6115192174911499, 0.6878600120544434, -0.501756489276886, -0.4849059283733368, 0.7163139581680298),
            ["LeftFoot"] = CFrame.new(-2.514570951461792e-08, -1.1920928955078125e-07, -5.8673322200775146e-08, 0.9816510081291199, 0.02449323982000351, 0.18910738825798035, 0.1678333282470703, 0.35978108644485474, -0.917818009853363, -0.09051738679409027, 0.9327152371406555, 0.3490683138370514),
            ["LowerTorso"] = CFrame.new(-0.09678663313388824, -0.7455543279647827, 0.15984904766082764, 0.5288118124008179, 0.0016264973673969507, -0.8487375378608704, 0.023907378315925598, 0.9995728731155396, 0.01681121066212654, 0.8484024405479431, -0.02918105758726597, 0.5285469889640808),
            ["RightLowerLeg"] = CFrame.new(-4.284083843231201e-08, -0.00012254714965820312, -0.00007738971180515364, 1, -1.2665984172599565e-07, -1.6391282997574308e-07, 1.3783575525394554e-07, -0.1898060292005539, 0.9818217158317566, -1.7462299695125694e-07, -0.981821596622467, -0.1898059993982315),
            ["LeftUpperLeg"] = CFrame.new(8.940696716308594e-08, -8.103088475763798e-07, -6.891787052154541e-08, 0.7469413876533508, 0.45937788486480713, 0.48067736625671387, -0.023487886413931847, 0.7407218217849731, -0.6714008450508118, -0.6644749641418457, 0.4902072548866272, 0.5640657544136047),
            ["LeftLowerLeg"] = CFrame.new(7.450580596923828e-09, 0.00012254714965820312, 0.0000773407518863678, 1, 9.313224325069314e-08, 1.2479718236590998e-07, -9.49948883999241e-08, -0.3017559349536896, 0.9533852338790894, 8.754431490842762e-08, -0.9533852338790894, -0.3017560541629791),
        }},
        {Time = 0.050, Data = {
            ["RightFoot"] = CFrame.new(1.4901161193847656e-08, 5.364418029785156e-07, 5.420588422566652e-09, 0.9747607111930847, -0.2094147801399231, 0.07737724483013153, 0.22201572358608246, 0.87284255027771, -0.43457409739494324, 0.023467758670449257, 0.44078516960144043, 0.8973060846328735),
            ["LeftLowerArm"] = CFrame.new(5.960464477539062e-07, -5.960464477539063e-08, 7.227063179016113e-07, 1, -6.519257311765614e-08, -8.754425806500876e-08, 3.725290298461914e-08, 0.9375037550926208, -0.34797587990760803, -7.078051567077637e-08, 0.34797537326812744, 0.9375035166740417),
            ["RightUpperArm"] = CFrame.new(-5.960464477539063e-08, 3.5762786865234375e-07, 8.940696716308594e-08, 0.18639688193798065, -0.28613725304603577, 0.9398837089538574, 0.9816642999649048, 0.015396853908896446, -0.18999549746513367, 0.03989391773939133, 0.9580649137496948, 0.28376123309135437),
            ["Head"] = CFrame.new(9.685754776000977e-08, 7.152557373046875e-07, 7.450580596923828e-08, 0.9612768292427063, -0.21083350479602814, -0.17747120559215546, 0.09971359372138977, 0.8664416074752808, -0.4892200827598572, 0.2569124698638916, 0.45257967710494995, 0.8539132475852966),
            ["RightHand"] = CFrame.new(2.0954757928848267e-09, -2.980232238769531e-07, 2.2351741790771484e-08, 0.7019661068916321, 0.7079108953475952, -0.07814426720142365, -0.5736427903175354, 0.6270065903663635, 0.5270635485649109, 0.42211100459098816, -0.3251540958881378, 0.8462255001068115),
            ["UpperTorso"] = CFrame.new(3.725290298461914e-08, 1.1920928955078125e-07, -1.862645149230957e-08, 0.9904854893684387, -0.12823344767093658, -0.04994649812579155, 0.13268649578094482, 0.9861599206924438, 0.0994139015674591, 0.03650691360235214, -0.10509523749351501, 0.9937918186187744),
            ["HumanoidRootPart"] = CFrame.new(0, 0, 0, 1, 0, 0, 0, 1, 0, 0, 0, 1),
            ["RightUpperLeg"] = CFrame.new(2.980232238769531e-07, 5.529727786779404e-08, -1.2835516827180982e-07, 0.9650852084159851, 0.17589472234249115, -0.19409209489822388, -0.22430062294006348, 0.1722707599401474, -0.9591726064682007, -0.13527658581733704, 0.9692181944847107, 0.20570914447307587),
            ["LeftUpperArm"] = CFrame.new(-2.384185791015625e-07, 7.152557373046875e-07, 2.9802322387695312e-08, 0.04868542402982712, 0.18472811579704285, -0.9815830588340759, -0.9959456324577332, -0.06544862687587738, -0.06171402335166931, -0.07564357668161392, 0.9806079864501953, 0.18079312145709991),
            ["RightLowerArm"] = CFrame.new(4.172325134277344e-07, 1.1920928955078125e-07, -8.717179298400879e-07, 1, 1.1944207756187097e-07, -1.4342370491249312e-07, 1.2479725342018355e-07, 0.9836481809616089, -0.1801011860370636, -1.1920931797249068e-07, 0.18010088801383972, 0.9836481809616089),
            ["LeftHand"] = CFrame.new(7.078051567077637e-08, 2.384185791015625e-07, 4.470348358154297e-08, 0.7672956585884094, -0.6342060565948486, 0.095088891685009, 0.3986697196960449, 0.5878688097000122, 0.7038974165916443, -0.5023146271705627, -0.5021882653236389, 0.7039081454277039),
            ["LeftFoot"] = CFrame.new(7.916241884231567e-09, -5.960464477539063e-08, 2.7939677238464355e-09, 0.9852999448776245, 0.017358358949422836, 0.16994929313659668, 0.15407243371009827, 0.33944910764694214, -0.9279204607009888, -0.07379647344350815, 0.9404643177986145, 0.3317846655845642),
            ["LowerTorso"] = CFrame.new(-0.0990355983376503, -0.7696446180343628, 0.15629464387893677, 0.5279062986373901, 0.008289152756333351, -0.8492621779441833, 0.019168032333254814, 0.9995813965797424, 0.021671298891305923, 0.8490862846374512, -0.027719104662537575, 0.5275264382362366),
            ["RightLowerLeg"] = CFrame.new(6.705522537231445e-08, -0.00012230873107910156, -0.00007743963942630216, 1, -1.1920923270736239e-07, -2.160669083650646e-07, 1.7881393432617188e-07, -0.22568601369857788, 0.9742001295089722, -1.6763806343078613e-07, -0.9742000699043274, -0.22568607330322266),
            ["LeftUpperLeg"] = CFrame.new(-2.384185791015625e-07, -4.5285560190677643e-07, -4.284083843231201e-08, 0.7320123314857483, 0.4725344479084015, 0.4907848536968231, -0.02107592113316059, 0.7357353568077087, -0.6769410967826843, -0.6809653043746948, 0.4851852059364319, 0.5485262870788574),
            ["LeftLowerLeg"] = CFrame.new(-2.1420419216156006e-08, 0.0001226663589477539, 0.00007738545536994934, 1, 5.587933316064664e-08, 8.940695295223122e-08, -1.1548398504146462e-07, -0.32814356684684753, 0.9446278214454651, 8.102505688611927e-08, -0.9446278810501099, -0.32814380526542664),
        }},
        {Time = 0.067, Data = {
            ["RightFoot"] = CFrame.new(6.332993507385254e-08, 4.76837158203125e-07, 9.145878721028566e-09, 0.9696972370147705, -0.2207769900560379, 0.10461907833814621, 0.244238018989563, 0.8656236529350281, -0.43708446621894836, 0.005937397945672274, 0.4493921101093292, 0.8933152556419373),
            ["LeftLowerArm"] = CFrame.new(-2.384185791015625e-07, -1.1920928955078125e-07, 6.50063157081604e-07, 1, -2.1420417439799166e-08, -1.6763799237651256e-08, 5.2154071283894154e-08, 0.9364204406738281, -0.35088062286376953, -5.587936158235607e-08, 0.3508800268173218, 0.936420202255249),
            ["RightUpperArm"] = CFrame.new(0, 4.76837158203125e-07, 2.9802322387695312e-08, 0.19206635653972626, -0.2906498908996582, 0.9373542070388794, 0.9807278513908386, 0.021977385506033897, -0.19413886964321136, 0.0358261838555336, 0.9565770626068115, 0.28927016258239746),
            ["Head"] = CFrame.new(5.029141902923584e-08, 3.5762786865234375e-07, 2.2351741790771484e-08, 0.9590977430343628, -0.22291219234466553, -0.17447523772716522, 0.10956558585166931, 0.8606423735618591, -0.49728286266326904, 0.2610113024711609, 0.4578264653682709, 0.8498636484146118),
            ["RightHand"] = CFrame.new(-1.8742866814136505e-07, -3.5762786865234375e-07, -5.960464477539063e-08, 0.6867020130157471, 0.721672773361206, -0.08734800666570663, -0.5785011649131775, 0.6152826547622681, 0.5355023145675659, 0.44020089507102966, -0.3171998858451843, 0.8400046229362488),
            ["UpperTorso"] = CFrame.new(9.313225746154785e-09, -5.960464477539063e-08, 1.1175870895385742e-08, 0.9898494482040405, -0.1330692321062088, -0.04990672320127487, 0.13730764389038086, 0.9860360026359558, 0.09423260390758514, 0.036670226603746414, -0.100128673017025, 0.9942985773086548),
            ["HumanoidRootPart"] = CFrame.new(0, 0, 0, 1, 0, 0, 0, 1, 0, 0, 0, 1),
            ["RightUpperLeg"] = CFrame.new(-5.960464477539063e-08, 1.46450474858284e-07, -6.875052349641919e-08, 0.9662326574325562, 0.14535419642925262, -0.21276013553142548, -0.23401500284671783, 0.14941394329071045, -0.960683286190033, -0.10784994065761566, 0.9780325293540955, 0.17838366329669952),
            ["LeftUpperArm"] = CFrame.new(-2.384185791015625e-07, 3.5762786865234375e-07, 0, 0.05801114812493324, 0.18907703459262848, -0.9802471995353699, -0.9954938888549805, -0.06282243877649307, -0.07103054225444794, -0.07501188665628433, 0.9799506664276123, 0.18458104133605957),
            ["RightLowerArm"] = CFrame.new(2.384185791015625e-07, 0, -8.828938007354736e-07, 1, 1.9604330248057522e-07, -1.1362133989223366e-07, 1.3597309589385986e-07, 0.9800259470939636, -0.19886988401412964, -8.754432201385498e-08, 0.198869526386261, 0.9800259470939636),
            ["LeftHand"] = CFrame.new(1.8998980522155762e-07, 1.7881393432617188e-07, 1.341104507446289e-07, 0.7704564929008484, -0.6339095234870911, 0.06750482320785522, 0.4052002727985382, 0.5687081813812256, 0.7158092856407166, -0.4921479821205139, -0.5241468548774719, 0.6950253248214722),
            ["LeftFoot"] = CFrame.new(-7.450580596923828e-09, 0, -2.3283064365386963e-08, 0.9883599877357483, 0.011641276068985462, 0.15168742835521698, 0.13987918198108673, 0.3225192725658417, -0.9361706972122192, -0.0598202720284462, 0.9464913010597229, 0.31713637709617615),
            ["LowerTorso"] = CFrame.new(-0.10116580873727798, -0.7894057035446167, 0.15318486094474792, 0.5278128385543823, 0.014852375723421574, -0.8492308855056763, 0.01642363704741001, 0.9994816780090332, 0.02768774889409542, 0.8492019176483154, -0.028561413288116455, 0.5272953510284424),
            ["RightLowerLeg"] = CFrame.new(-5.960464477539063e-08, -0.00012230873107910156, -0.00007706664473516867, 1, -1.1175869474300271e-07, -1.86264600188224e-07, 1.5273688802608376e-07, -0.25394389033317566, 0.9672190546989441, -1.6763804921993142e-07, -0.9672189950942993, -0.25394368171691895),
            ["LeftUpperLeg"] = CFrame.new(5.960464477539063e-08, -3.5064294934272766e-07, 4.470348358154297e-08, 0.718248724937439, 0.48521462082862854, 0.4986843168735504, -0.01886255294084549, 0.7300350069999695, -0.6831492185592651, -0.6955308318138123, 0.4812646806240082, 0.5334991216659546),
            ["LeftLowerLeg"] = CFrame.new(7.171183824539185e-08, 0.0001227259635925293, 0.00007728487253189087, 1, 8.195637946073475e-08, 1.2479718236590998e-07, -1.1175872316471214e-07, -0.35016903281211853, 0.936686635017395, 1.266598843585598e-07, -0.9366865754127502, -0.35016894340515137),
        }},
        {Time = 0.083, Data = {
            ["RightFoot"] = CFrame.new(-7.450580596923828e-09, 2.384185791015625e-07, -9.480572771281004e-09, 0.9667434096336365, -0.2268967181444168, 0.1180047020316124, 0.2557406425476074, 0.8612029552459717, -0.4392331540584564, -0.0019654612988233566, 0.45480483770370483, 0.8905892372131348),
            ["LeftLowerArm"] = CFrame.new(-1.4901161193847656e-07, -2.384185791015625e-07, 6.817281246185303e-07, 1, -4.097818262494002e-08, 3.7252898543727042e-09, -1.4901161193847656e-08, 0.9360555410385132, -0.35185304284095764, 2.9802322387695312e-08, 0.35185232758522034, 0.9360553026199341),
            ["RightUpperArm"] = CFrame.new(2.384185791015625e-07, 9.5367431640625e-07, 8.940696716308594e-08, 0.20370161533355713, -0.2920079827308655, 0.9344713687896729, 0.9782505631446838, 0.022555943578481674, -0.20619627833366394, 0.03913355991244316, 0.9561498761177063, 0.29025208950042725),
            ["Head"] = CFrame.new(9.313225746154785e-09, 8.344650268554688e-07, 4.842877388000488e-08, 0.9569452404975891, -0.23357659578323364, -0.17233090102672577, 0.11827008426189423, 0.8559328317642212, -0.5033798813819885, 0.2650815546512604, 0.46132534742355347, 0.8467059135437012),
            ["RightHand"] = CFrame.new(-1.1763768270611763e-07, -3.5762786865234375e-07, 4.470348358154297e-08, 0.6809513568878174, 0.728813648223877, -0.07166960090398788, -0.5860360860824585, 0.6009937524795532, 0.543477475643158, 0.4391663372516632, -0.3280811607837677, 0.8363586664199829),
            ["UpperTorso"] = CFrame.new(2.7939677238464355e-08, 1.7881393432617188e-07, -1.4901161193847656e-08, 0.9895395040512085, -0.13575473427772522, -0.04880813881754875, 0.13964544236660004, 0.9862909913063049, 0.08791598677635193, 0.03620385751128197, -0.09381217509508133, 0.9949314594268799),
            ["HumanoidRootPart"] = CFrame.new(0, 0, 0, 1, 0, 0, 0, 1, 0, 0, 0, 1),
            ["RightUpperLeg"] = CFrame.new(5.960464477539063e-08, -3.5599805414676666e-07, -1.3208045857027173e-07, 0.96632319688797, 0.1278829574584961, -0.2233060598373413, -0.23950275778770447, 0.1295686662197113, -0.9622111916542053, -0.09411695599555969, 0.983289361000061, 0.15583379566669464),
            ["LeftUpperArm"] = CFrame.new(-2.384185791015625e-07, 0.000001430511474609375, 5.960464477539063e-08, 0.06592559814453125, 0.19291338324546814, -0.9789986610412598, -0.9949052929878235, -0.062287941575050354, -0.079270139336586, -0.07627221196889877, 0.9792368412017822, 0.18782450258731842),
            ["RightLowerArm"] = CFrame.new(5.960464477539063e-08, -5.960464477539063e-08, -7.674098014831543e-07, 1, 2.2596208282266161e-07, -1.0849909415355796e-07, 2.3888424038887024e-07, 0.978911280632019, -0.2042861431837082, 3.073364496231079e-08, 0.2042858749628067, 0.9789112210273743),
            ["LeftHand"] = CFrame.new(2.942979335784912e-07, 1.1920928955078125e-07, 1.4901161193847656e-08, 0.7723090648651123, -0.6335242390632629, 0.0467643141746521, 0.4111897945404053, 0.5546643733978271, 0.723373532295227, -0.4842124581336975, -0.5394390225410461, 0.6888715624809265),
            ["LeftFoot"] = CFrame.new(6.891787052154541e-08, -1.1920928955078125e-07, 3.91155481338501e-08, 0.9907673597335815, 0.007197805680334568, 0.1353818029165268, 0.1265377700328827, 0.3093582093715668, -0.9424891471862793, -0.04866525158286095, 0.950918436050415, 0.3055911064147949),
            ["LowerTorso"] = CFrame.new(-0.10259347409009933, -0.8042808771133423, 0.15059489011764526, 0.5275740027427673, 0.020805085077881813, -0.849254310131073, 0.015432311221957207, 0.9993004202842712, 0.0340677909553051, 0.8493689298629761, -0.031079240143299103, 0.5268838405609131),
            ["RightLowerLeg"] = CFrame.new(-4.842877388000488e-08, -0.00012242794036865234, -0.00007725710020167753, 1, -9.685751223287298e-08, -3.129244987576385e-07, 8.568168397005138e-08, -0.2743324339389801, 0.9616348743438721, -1.9744041424019088e-07, -0.9616348743438721, -0.27433258295059204),
            ["LeftUpperLeg"] = CFrame.new(8.940696716308594e-08, -6.561167538166046e-07, -4.0978193283081055e-08, 0.7057110071182251, 0.49717971682548523, 0.5047613978385925, -0.01759977638721466, 0.7245190143585205, -0.6890304088592529, -0.7082811594009399, 0.47737255692481995, 0.5200510025024414),
            ["LeftLowerLeg"] = CFrame.new(9.872019290924072e-08, 0.0001226663589477539, 0.00007743015885353088, 1, 8.381903171539307e-08, 1.4714898100010032e-07, -1.0430814256778831e-07, -0.3670361042022705, 0.9302067160606384, 9.685756197086448e-08, -0.9302067160606384, -0.3670363128185272),
        }},
        {Time = 0.100, Data = {
            ["RightFoot"] = CFrame.new(1.862645149230957e-08, 2.384185791015625e-07, -1.6931153368204832e-08, 0.966522753238678, -0.2278485745191574, 0.11797826737165451, 0.25657981634140015, 0.8595986366271973, -0.44187822937965393, -0.0007328600622713566, 0.4573568105697632, 0.8892833590507507),
            ["LeftLowerArm"] = CFrame.new(-2.384185791015625e-07, -5.960464477539063e-08, 7.338821887969971e-07, 1, 4.8428763221863846e-08, 3.539024362453347e-08, -1.1175869119028903e-08, 0.9351873993873596, -0.3541538715362549, -5.960463766996327e-08, 0.35415321588516235, 0.9351872205734253),
            ["RightUpperArm"] = CFrame.new(4.76837158203125e-07, 9.5367431640625e-07, 2.9802322387695312e-08, 0.21477770805358887, -0.29249683022499084, 0.9318346977233887, 0.9756024479866028, 0.019801372662186623, -0.21864962577819824, 0.045503176748752594, 0.9560614824295044, 0.28961414098739624),
            ["Head"] = CFrame.new(1.2479722499847412e-07, 3.5762786865234375e-07, 4.842877388000488e-08, 0.9552052617073059, -0.24163483083248138, -0.17086690664291382, 0.1248515173792839, 0.8524940013885498, -0.5076081156730652, 0.26831889152526855, 0.4635370671749115, 0.8444753289222717),
            ["RightHand"] = CFrame.new(1.6903504729270935e-07, -2.384185791015625e-07, -8.940696716308594e-08, 0.6806311011314392, 0.7311854958534241, -0.0459386445581913, -0.5934749841690063, 0.5870350003242493, 0.550614058971405, 0.4295682907104492, -0.3475019931793213, 0.8334949016571045),
            ["UpperTorso"] = CFrame.new(1.30385160446167e-08, 2.9802322387695312e-08, -7.450580596923828e-09, 0.9894291758537292, -0.13733306527137756, -0.046578988432884216, 0.14079733192920685, 0.9866565465927124, 0.08176260441541672, 0.034728698432445526, -0.08745652437210083, 0.9955627918243408),
            ["HumanoidRootPart"] = CFrame.new(0, 0, 0, 1, 0, 0, 0, 1, 0, 0, 0, 1),
            ["RightUpperLeg"] = CFrame.new(5.960464477539063e-08, 6.891787052154541e-08, -9.110226528719068e-08, 0.9661094546318054, 0.12434807419776917, -0.2262084037065506, -0.24044190347194672, 0.1146647110581398, -0.9638670682907104, -0.09391672909259796, 0.985590934753418, 0.1406773179769516),
            ["LeftUpperArm"] = CFrame.new(-2.384185791015625e-07, 5.960464477539062e-07, 0, 0.06715624034404755, 0.19751188158988953, -0.9779974818229675, -0.994698703289032, -0.06325360387563705, -0.08107676357030869, -0.07787570357322693, 0.9782577157020569, 0.1922173798084259),
            ["RightLowerArm"] = CFrame.new(3.5762786865234375e-07, 2.980232238769531e-07, -9.685754776000977e-07, 1, 1.2246886171851656e-07, -1.1548398504146462e-07, 2.156012044451927e-07, 0.979157030582428, -0.20310544967651367, -1.3131649723163719e-07, 0.20310504734516144, 0.9791569709777832),
            ["LeftHand"] = CFrame.new(3.0174851417541504e-07, 1.1920928955078125e-07, -7.450580596923828e-08, 0.7684218883514404, -0.6388362050056458, 0.0376504585146904, 0.41650503873825073, 0.54392409324646, 0.7284704446792603, -0.4858512282371521, -0.544090986251831, 0.6840419769287109),
            ["LeftFoot"] = CFrame.new(-1.3969838619232178e-08, 0, 3.3527612686157227e-08, 0.9926754236221313, 0.0011122688883915544, 0.12080683559179306, 0.11491504311561584, 0.2999064326286316, -0.9470222592353821, -0.03728419914841652, 0.9539679288864136, 0.29758167266845703),
            ["LowerTorso"] = CFrame.new(-0.1027563065290451, -0.8137093782424927, 0.14848917722702026, 0.5267762541770935, 0.02519719861447811, -0.8496304750442505, 0.015889087691903114, 0.9990940093994141, 0.03948112577199936, 0.8498554229736328, -0.034297581762075424, 0.5258986353874207),
            ["RightLowerLeg"] = CFrame.new(-7.078051567077637e-08, -0.00012230873107910156, -0.0000771411505411379, 1, -1.6391271628890536e-07, -7.4505820180093e-08, 2.4586910285506747e-07, -0.2867474853992462, 0.9580062627792358, -2.0861619987044833e-07, -0.9580062031745911, -0.28674736618995667),
            ["LeftUpperLeg"] = CFrame.new(0, -3.473833203315735e-07, 1.1175870895385742e-08, 0.6938207149505615, 0.5088192820549011, 0.5096237063407898, -0.019136061891913414, 0.7204414010047913, -0.6932514905929565, -0.7198935747146606, 0.4712401330471039, 0.5095940828323364),
            ["LeftLowerLeg"] = CFrame.new(8.009374141693115e-08, 0.0001227259635925293, 0.00007737800478935242, 1, 7.35744833946228e-08, 1.3038513202445756e-07, -1.0244548320770264e-07, -0.37781405448913574, 0.9258814454078674, 1.043081283569336e-07, -0.9258815050125122, -0.37781423330307007),
        }},
        {Time = 0.117, Data = {
            ["RightFoot"] = CFrame.new(-3.3527612686157227e-08, 3.5762786865234375e-07, 1.287116901949048e-08, 0.9672418832778931, -0.2268982082605362, 0.11384379118680954, 0.2538372576236725, 0.8589464426040649, -0.44472169876098633, 0.003120653796941042, 0.4590514302253723, 0.8884043097496033),
            ["LeftLowerArm"] = CFrame.new(4.172325134277344e-07, -3.5762786865234375e-07, 8.66129994392395e-07, 1, 2.048909131247001e-08, 5.215405707303944e-08, -2.2351745343485163e-08, 0.9337196946144104, -0.3580053746700287, -3.3527616238870905e-08, 0.3580048382282257, 0.9337195754051208),
            ["RightUpperArm"] = CFrame.new(2.384185791015625e-07, 0.0000017881393432617188, -2.9802322387695312e-08, 0.22099854052066803, -0.29594603180885315, 0.9292876124382019, 0.9739538431167603, 0.017406117171049118, -0.22607749700546265, 0.05073172599077225, 0.9550460577011108, 0.2920846939086914),
            ["Head"] = CFrame.new(8.568167686462402e-08, 8.344650268554688e-07, 6.705522537231445e-08, 0.9541359543800354, -0.24651961028575897, -0.1698608547449112, 0.12893913686275482, 0.8504565954208374, -0.5099982619285583, 0.27018389105796814, 0.4647060036659241, 0.8432372808456421),
            ["RightHand"] = CFrame.new(-2.207234501838684e-07, -3.5762786865234375e-07, -7.450580596923828e-08, 0.6803737282752991, 0.7323528528213501, -0.027411825954914093, -0.597557783126831, 0.5760233402252197, 0.5577822923660278, 0.42428332567214966, -0.3631203770637512, 0.829534649848938),
            ["UpperTorso"] = CFrame.new(1.30385160446167e-08, -1.1920928955078125e-07, 0, 0.9893512725830078, -0.1388537436723709, -0.04363203048706055, 0.14190120995044708, 0.9868857264518738, 0.0769461989402771, 0.032375503331422806, -0.0823182761669159, 0.9960801005363464),
            ["HumanoidRootPart"] = CFrame.new(0, 0, 0, 1, 0, 0, 0, 1, 0, 0, 0, 1),
            ["RightUpperLeg"] = CFrame.new(1.1920928955078125e-07, -2.584420144557953e-07, -3.894820110872388e-08, 0.9658137559890747, 0.12674564123153687, -0.22614037990570068, -0.2400825321674347, 0.10822568088769913, -0.9647008776664734, -0.09779712557792664, 0.9860135912895203, 0.13495498895645142),
            ["LeftUpperArm"] = CFrame.new(-2.384185791015625e-07, 5.960464477539062e-07, -2.9802322387695312e-08, 0.06124129891395569, 0.20289404690265656, -0.9772837162017822, -0.9949703216552734, -0.065351203083992, -0.07591661065816879, -0.0792698934674263, 0.9770175218582153, 0.19787190854549408),
            ["RightLowerArm"] = CFrame.new(8.940696716308594e-07, 0, -7.748603820800781e-07, 1, 8.009370588979436e-08, -2.73808922202079e-07, 2.328307004972885e-07, 0.9786882996559143, -0.20535193383693695, -2.756715389296005e-07, 0.20535174012184143, 0.9786882400512695),
            ["LeftHand"] = CFrame.new(1.0058283805847168e-07, 1.7881393432617188e-07, 1.4901161193847656e-08, 0.7600381374359131, -0.6487560272216797, 0.03819176182150841, 0.42058682441711426, 0.5358292460441589, 0.7321155667304993, -0.49542802572250366, -0.5403728485107422, 0.6801091432571411),
            ["LeftFoot"] = CFrame.new(-1.4435499906539917e-08, 0, -7.450580596923828e-09, 0.9940711855888367, -0.008346635848283768, 0.10841032862663269, 0.10605334490537643, 0.29435738921165466, -0.9497929215431213, -0.02398383431136608, 0.9556589722633362, 0.2934972643852234),
            ["LowerTorso"] = CFrame.new(-0.10141207277774811, -0.817258358001709, 0.14662513136863708, 0.5254678726196289, 0.027451766654849052, -0.8503705263137817, 0.017122048884630203, 0.9989357590675354, 0.042827967554330826, 0.8506411910057068, -0.0370648056268692, 0.5244385600090027),
            ["RightLowerLeg"] = CFrame.new(-1.043081283569336e-07, -0.00012242794036865234, -0.00007731297955615446, 1, -8.940693874137651e-08, -2.0861632776814076e-07, 2.0489096641540527e-07, -0.2914920449256897, 0.9565733075141907, -2.3096799850463867e-07, -0.9565732479095459, -0.2914920747280121),
            ["LeftUpperLeg"] = CFrame.new(-1.1920928955078125e-07, -4.423782229423523e-07, -7.450580596923828e-08, 0.6828608512878418, 0.5192461013793945, 0.5138921141624451, -0.024121342226862907, 0.7190746068954468, -0.6945138573646545, -0.7301501631736755, 0.4618605971336365, 0.5035526752471924),
            ["LeftLowerLeg"] = CFrame.new(1.6763806343078613e-08, 0.00012284517288208008, 0.00007729977369308472, 1, 9.778888454547996e-08, 1.1734665861240501e-07, -8.940699558479537e-08, -0.38151925802230835, 0.9243608713150024, 1.192093321833454e-07, -0.9243609309196472, -0.38151949644088745),
        }},
        {Time = 0.133, Data = {
            ["RightFoot"] = CFrame.new(-7.450580596923828e-09, 3.5762786865234375e-07, 2.4047039914876223e-08, 0.9670426249504089, -0.2272322177886963, 0.11486656963825226, 0.25459524989128113, 0.8573747277259827, -0.4473138749599457, 0.0031605837866663933, 0.46181604266166687, 0.8869702219963074),
            ["LeftLowerArm"] = CFrame.new(3.2782554626464844e-07, 1.1920928955078125e-07, 6.07222318649292e-07, 1, -2.421438694000244e-08, 5.5879341154252415e-09, 6.33299421792799e-08, 0.9323300719261169, -0.3616088926792145, 4.842878098543224e-08, 0.3616085648536682, 0.9323298931121826),
            ["RightUpperArm"] = CFrame.new(5.960464477539062e-07, 0, 2.9802322387695312e-08, 0.22182519733905792, -0.30269062519073486, 0.926915168762207, 0.9736405611038208, 0.017009977251291275, -0.2274523824453354, 0.05308127775788307, 0.9529370665550232, 0.29848557710647583),
            ["Head"] = CFrame.new(9.685754776000977e-08, -2.384185791015625e-07, 7.450580596923828e-09, 0.953606903553009, -0.24870644509792328, -0.1696440428495407, 0.13093210756778717, 0.8500349521636963, -0.5101935863494873, 0.2710917294025421, 0.46431225538253784, 0.8431627750396729),
            ["RightHand"] = CFrame.new(5.122274160385132e-08, -1.7881393432617188e-07, -4.470348358154297e-08, 0.6773703098297119, 0.7352757453918457, -0.023234577849507332, -0.5984399318695068, 0.569128692150116, 0.5638809204101562, 0.42783090472221375, -0.36805200576782227, 0.8255292177200317),
            ["UpperTorso"] = CFrame.new(2.9802322387695312e-08, 2.086162567138672e-07, 0, 0.9891992211341858, -0.14086821675300598, -0.040509551763534546, 0.14356349408626556, 0.9868794679641724, 0.07388200610876083, 0.02957039140164852, -0.07889974117279053, 0.9964439868927002),
            ["HumanoidRootPart"] = CFrame.new(0, 0, 0, 1, 0, 0, 0, 1, 0, 0, 0, 1),
            ["RightUpperLeg"] = CFrame.new(1.1920928955078125e-07, -1.5366822481155396e-07, -8.365168469026685e-08, 0.9655659794807434, 0.1263415664434433, -0.22742092609405518, -0.2417607456445694, 0.11285896599292755, -0.963750422000885, -0.09609509259462357, 0.9855459332466125, 0.1395169496536255),
            ["LeftUpperArm"] = CFrame.new(-4.76837158203125e-07, -5.960464477539062e-07, 0, 0.05184534192085266, 0.20821693539619446, -0.9767076373100281, -0.9954058527946472, -0.06805701553821564, -0.06734562665224075, -0.08049438148736954, 0.9757120609283447, 0.2037322074174881),
            ["RightLowerArm"] = CFrame.new(5.364418029785156e-07, 1.7881393432617188e-07, -7.748603820800781e-07, 1, 2.700834897950699e-07, -4.6566135836201283e-08, 2.742744982242584e-07, 0.9769989252090454, -0.21324522793293, 9.313225746154785e-09, 0.21324458718299866, 0.9769987463951111),
            ["LeftHand"] = CFrame.new(2.2351741790771484e-08, 2.384185791015625e-07, -2.9802322387695312e-08, 0.750711977481842, -0.6592406630516052, 0.04283391311764717, 0.4236651062965393, 0.5301700830459595, 0.7344568371772766, -0.5068920254707336, -0.5332179665565491, 0.6773022413253784),
            ["LeftFoot"] = CFrame.new(-3.5390257835388184e-08, 0, 1.1175870895385742e-08, 0.9948281645774841, -0.020334996283054352, 0.099516361951828, 0.10109454393386841, 0.2931887209415436, -0.9506946802139282, -0.009844407439231873, 0.9558382630348206, 0.29372817277908325),
            ["LowerTorso"] = CFrame.new(-0.09868073463439941, -0.8146401643753052, 0.14469227194786072, 0.5240309834480286, 0.027588635683059692, -0.8512523174285889, 0.018476486206054688, 0.9988718032836914, 0.043747033923864365, 0.8514988422393799, -0.03865295276045799, 0.5229300260543823),
