return {
    ["Wilbur Dance"] = {
        {Time = 0.000, Data = {
            ["RightFoot"] = CFrame.new(3.685522642626893e-08, 5.364418029785156e-07, 2.315209712833166e-08, 0.9960200786590576, 0.08419972658157349, -0.029231056571006775, -0.08904585987329483, 0.9258654713630676, -0.3672105371952057, -0.0038550463505089283, 0.36835235357284546, 0.9296784996986389),
            ["LeftLowerArm"] = CFrame.new(-1.1920928955078125e-07, 2.384185791015625e-07, 8.940696716308594e-08, 1, -5.960464477539063e-08, 2.980232594040899e-08, 6.146728992462158e-08, 0.9357335567474365, -0.3527076542377472, -3.725290298461914e-09, 0.3527076244354248, 0.9357336163520813),
            ["RightUpperArm"] = CFrame.new(-1.1920928955078125e-07, 0, -5.960464477539063e-08, 0.7736879587173462, -0.2092883288860321, -0.59800124168396, 0.04075123742222786, 0.9583485722541809, -0.28267908096313477, 0.6322550177574158, 0.19433611631393433, 0.7499914169311523),
            ["Head"] = CFrame.new(2.3283064365386963e-09, -1.1920928955078125e-07, -4.936009645462036e-08, 0.9813686013221741, -0.0183626227080822, -0.19125525653362274, 0.0038450947031378746, 0.9971002340316772, -0.07600267976522446, 0.19209623336791992, 0.0738513320684433, 0.9785934090614319),
            ["LowerTorso"] = CFrame.new(0.15385088324546814, -0.1540203094482422, 0.017460975795984268, 0.9911820888519287, -0.07756392657756805, 0.10743413120508194, 0.055576909333467484, 0.9793629050254822, 0.19431817531585693, -0.12028909474611282, -0.18663381040096283, 0.9750376343727112),
            ["UpperTorso"] = CFrame.new(6.05359673500061e-09, 8.940696716308594e-08, 4.6566128730773926e-09, 0.9915445446968079, 0.11851878464221954, -0.05284753069281578, -0.12339118123054504, 0.9871851205825806, -0.10119389742612839, 0.040176935493946075, 0.10685915499925613, 0.993462085723877),
            ["HumanoidRootPart"] = CFrame.new(0, 0, 0, 1, 0, 0, 0, 1, 0, 0, 0, 1),
            ["RightUpperLeg"] = CFrame.new(0, -3.3527612686157227e-08, -1.287116901949048e-08, 0.9954329133033752, -0.059235457330942154, -0.07486343383789062, 0.010662202723324299, 0.8482856750488281, -0.5294316411018372, 0.09486672282218933, 0.5262153744697571, 0.8450430035591125),
            ["LeftUpperArm"] = CFrame.new(0, 1.1920928955078125e-07, -1.862645149230957e-08, 0.3646518290042877, -0.1459057480096817, -0.9196416139602661, -0.3342403173446655, 0.9013141393661499, -0.2755293548107147, 0.8690872192382812, 0.4078536033630371, 0.2798982262611389),
            ["RightLowerArm"] = CFrame.new(5.960464477539063e-08, 3.5762786865234375e-07, -9.313225746154785e-08, 1, 1.4901161193847656e-08, 1.0430814256778831e-07, 5.2154071283894154e-08, 0.8869110941886902, -0.46194010972976685, -8.568168397005138e-08, 0.46194013953208923, 0.8869112133979797),
            ["LeftHand"] = CFrame.new(-5.960464477539063e-08, 2.384185791015625e-07, 1.043081283569336e-07, 0.9919226169586182, 0.12621591985225677, 0.012616729363799095, -0.11438824236392975, 0.9330621957778931, -0.34104305505752563, -0.05481724441051483, 0.33684512972831726, 0.9399629831314087),
            ["LeftFoot"] = CFrame.new(-3.598846021191093e-08, -5.960464477539063e-08, 2.796335429877672e-08, 0.9851022958755493, -0.09234496206045151, -0.14507237076759338, 0.03488163650035858, 0.9333534240722656, -0.35725998878479004, 0.16839483380317688, 0.3468772768974304, 0.9226697087287903),
            ["RightHand"] = CFrame.new(8.940696716308594e-08, 0, 2.384185791015625e-07, 0.9133331179618835, 0.004846323747187853, -0.4071844220161438, -0.06258440017700195, 0.989719808101654, -0.12860018014907837, 0.4023752510547638, 0.1429382711648941, 0.9042472243309021),
            ["RightLowerLeg"] = CFrame.new(-4.190951585769653e-08, -0.0001544356346130371, -0.00006412172660930082, 1, -1.0058278832048018e-07, -4.097817907222634e-08, 9.49948883999241e-08, 0.7339791059494019, 0.6791718006134033, -3.352760913344355e-08, -0.6791720986366272, 0.7339794039726257),
            ["LeftUpperLeg"] = CFrame.new(-5.960464477539063e-08, -4.190951585769653e-08, -1.862645149230957e-08, 0.9887340664863586, 0.1395805925130844, -0.05405882000923157, -0.1397721767425537, 0.731717586517334, -0.6671230792999268, -0.05356163531541824, 0.6671631932258606, 0.7429835200309753),
            ["LeftLowerLeg"] = CFrame.new(4.842877388000488e-08, 0.00015413761138916016, 0.00006404146552085876, 1, 6.70552182668871e-08, 3.352760913344355e-08, -6.705522537231445e-08, 0.62483149766922, 0.7807595729827881, 3.3527612686157227e-08, -0.7807595729827881, 0.6248316168785095),
        }},
        {Time = 0.033, Data = {
            ["RightFoot"] = CFrame.new(2.3661868908675388e-08, 5.364418029785156e-07, 3.0915543902665377e-08, 0.9958878755569458, 0.08313963562250137, 0.035989243537187576, -0.06410573422908783, 0.9274101853370667, -0.36851105093955994, -0.06401470303535461, 0.3646891415119171, 0.9289265275001526),
            ["LeftLowerArm"] = CFrame.new(5.960464477539063e-08, -2.384185791015625e-07, 5.960464477539063e-08, 1, -8.940696716308594e-08, 0, 5.029141902923584e-08, 0.9346675276756287, -0.3555230498313904, 7.450580596923828e-09, 0.35552310943603516, 0.9346675276756287),
            ["RightUpperArm"] = CFrame.new(0, -2.384185791015625e-07, -7.450580596923828e-09, 0.82198166847229, -0.19518285989761353, -0.5350232124328613, 0.05046747997403145, 0.9607060551643372, -0.2729414105415344, 0.5672733783721924, 0.19735154509544373, 0.7995331883430481),
            ["Head"] = CFrame.new(-1.5832483768463135e-08, -3.5762786865234375e-07, -2.514570951461792e-08, 0.9851075410842896, -0.04221641644835472, -0.16667653620243073, 0.028534330427646637, 0.9960869550704956, -0.08364607393741608, 0.16955554485321045, 0.0776444599032402, 0.9824572801589966),
            ["LowerTorso"] = CFrame.new(0.1576470136642456, -0.14907598495483398, 0.017371613532304764, 0.9926896095275879, -0.06208740174770355, 0.10350121557712555, 0.04173394292593002, 0.9812185168266296, 0.1883307248353958, -0.11325027793645859, -0.18263444304466248, 0.9766365885734558),
            ["UpperTorso"] = CFrame.new(-7.916241884231567e-09, -1.4901161193847656e-07, 6.51925802230835e-09, 0.9901397228240967, 0.11768700927495956, -0.07598108798265457, -0.12442898750305176, 0.9880361557006836, -0.09111617505550385, 0.06434886902570724, 0.09967199712991714, 0.992937445640564),
            ["HumanoidRootPart"] = CFrame.new(0, 0, 0, 1, 0, 0, 0, 1, 0, 0, 0, 1),
            ["RightUpperLeg"] = CFrame.new(-2.9802322387695312e-08, -2.337619662284851e-07, 2.029992174357176e-09, 0.9880014657974243, -0.09288462996482849, -0.12339193373918533, 0.013173091225326061, 0.8467093706130981, -0.531892716884613, 0.1538817286491394, 0.5238853693008423, 0.8377736806869507),
            ["LeftUpperArm"] = CFrame.new(0, -1.1920928955078125e-07, -1.862645149230957e-09, 0.3414860665798187, -0.15657494962215424, -0.9267533421516418, -0.3415743410587311, 0.8979327082633972, -0.27756762504577637, 0.8756222128868103, 0.4113406538963318, 0.25314953923225403),
            ["RightLowerArm"] = CFrame.new(5.960464477539063e-08, 0, 1.1734664440155029e-07, 1, -1.862645326866641e-08, 9.872020712009544e-08, 5.960465188081798e-08, 0.8875214457511902, -0.46076661348342896, -4.0046874261179255e-08, 0.46076661348342896, 0.8875214457511902),
            ["LeftHand"] = CFrame.new(-8.940696716308594e-08, 1.1920928955078125e-07, -1.6391277313232422e-07, 0.9921563267707825, 0.12445703148841858, 0.011678128503262997, -0.11306309700012207, 0.9333055019378662, -0.34081897139549255, -0.0533166378736496, 0.3368253707885742, 0.9400563836097717),
            ["LeftFoot"] = CFrame.new(4.553454502342902e-08, 1.1920928955078125e-07, 1.0570488484518137e-08, 0.9853455424308777, -0.09403681010007858, -0.1423070877790451, 0.039473459124565125, 0.9373679161071777, -0.34609705209732056, 0.16594000160694122, 0.3354080021381378, 0.9273433685302734),
            ["RightHand"] = CFrame.new(-7.450580596923828e-09, 5.960464477539063e-08, 0, 0.8897994160652161, -0.027701109647750854, -0.45551037788391113, -0.045349761843681335, 0.9878478050231934, -0.1486612856388092, 0.45409300923347473, 0.15293599665164948, 0.8777301907539368),
            ["RightLowerLeg"] = CFrame.new(-3.3527612686157227e-08, -0.00015431642532348633, -0.00006400694110197946, 1, -1.0337673472804454e-07, -2.607702498380604e-08, 1.0337680578231812e-07, 0.7287728190422058, 0.6847555637359619, -3.4691765904426575e-08, -0.6847556829452515, 0.7287728190422058),
            ["LeftUpperLeg"] = CFrame.new(0, -2.998858690261841e-07, -3.725290298461914e-09, 0.9903340339660645, 0.13236425817012787, -0.0414511077105999, -0.12745791673660278, 0.750584065914154, -0.6483656167984009, -0.05470786243677139, 0.6473818421363831, 0.7601998448371887),
            ["LeftLowerLeg"] = CFrame.new(5.21540641784668e-08, 0.00015419721603393555, 0.00006400048732757568, 1, 4.470347292340193e-08, 2.9802322387695312e-08, -5.960464477539063e-08, 0.6496248245239258, 0.7602550387382507, 5.587935447692871e-08, -0.7602549195289612, 0.649624764919281),
        }},
        {Time = 0.067, Data = {
            ["RightFoot"] = CFrame.new(-3.8067810237407684e-08, 1.7881393432617188e-07, -1.1343217920511961e-08, 0.9947060346603394, 0.04906124994158745, 0.09029319882392883, -0.01713949255645275, 0.9455707669258118, -0.3249647617340088, -0.101321741938591, 0.3216971158981323, 0.9414060115814209),
            ["LeftLowerArm"] = CFrame.new(1.1920928955078125e-07, 0, -1.0617077350616455e-07, 1, -5.21540641784668e-08, 5.587936158235607e-08, 2.7939677238464355e-08, 0.9311288595199585, -0.3646904528141022, -1.4901161193847656e-08, 0.3646903932094574, 0.9311289191246033),
            ["RightUpperArm"] = CFrame.new(1.1920928955078125e-07, -1.1920928955078125e-07, 3.725290298461914e-09, 0.9208952784538269, -0.15792995691299438, -0.3563846945762634, 0.07088622450828552, 0.9668553471565247, -0.24528729915618896, 0.3833106458187103, 0.20062114298343658, 0.9015676379203796),
            ["Head"] = CFrame.new(3.725290298461914e-09, 1.1920928955078125e-07, 1.6763806343078613e-08, 0.9893982410430908, -0.09876725822687149, -0.10647165030241013, 0.08824430406093597, 0.9911279082298279, -0.09939002245664597, 0.11534348875284195, 0.08894087374210358, 0.9893358945846558),
            ["LowerTorso"] = CFrame.new(0.168855682015419, -0.13728582859039307, 0.017158517614006996, 0.9952803254127502, -0.025163868442177773, 0.09372241050004959, 0.008487308397889137, 0.9846656918525696, 0.17424586415290833, -0.09666993468999863, -0.17262804508209229, 0.9802318811416626),
            ["UpperTorso"] = CFrame.new(6.51925802230835e-09, 2.9802322387695312e-08, -2.421438694000244e-08, 0.9845004677772522, 0.11649933457374573, -0.13109812140464783, -0.12603440880775452, 0.9897657632827759, -0.06692619621753693, 0.12195956707000732, 0.0824117362499237, 0.9891078472137451),
            ["HumanoidRootPart"] = CFrame.new(0, 0, 0, 1, 0, 0, 0, 1, 0, 0, 0, 1),
            ["RightUpperLeg"] = CFrame.new(5.960464477539063e-08, -7.450580596923828e-09, -5.757465260103345e-08, 0.9685589075088501, -0.20021745562553406, -0.1476711928844452, 0.07449274510145187, 0.7997336983680725, -0.5957156419754028, 0.23737020790576935, 0.5659851431846619, 0.789503812789917),
            ["LeftUpperArm"] = CFrame.new(0, -1.1920928955078125e-07, -3.725290298461914e-09, 0.28362351655960083, -0.18980224430561066, -0.939964234828949, -0.3661889433860779, 0.8844941258430481, -0.2890947759151459, 0.8862637877464294, 0.4261986017227173, 0.18135984241962433),
            ["RightLowerArm"] = CFrame.new(-8.940696716308594e-08, 0, 1.0128132998943329e-07, 1, -5.029141902923584e-08, 5.8673322200775146e-08, 7.450581307466564e-08, 0.8892821669578552, -0.4573591947555542, 2.7706850147524165e-08, 0.45735910534858704, 0.8892821073532104),
            ["LeftHand"] = CFrame.new(0, -2.384185791015625e-07, -3.725290298461914e-09, 0.9936841130256653, 0.11209890246391296, 0.005075238645076752, -0.10373978316783905, 0.9349473714828491, -0.3392811417579651, -0.04277810826897621, 0.3366117477416992, 0.9406713247299194),
            ["LeftFoot"] = CFrame.new(-1.0561522323371264e-08, -5.960464477539063e-08, -1.0799158900454131e-08, 0.9857908487319946, -0.0995417982339859, -0.13530702888965607, 0.05224869027733803, 0.9472508430480957, -0.31620538234710693, 0.1596454381942749, 0.30464276671409607, 0.9389921426773071),
            ["RightHand"] = CFrame.new(1.4901161193847656e-08, 0, 0, 0.816929280757904, -0.10855983197689056, -0.5664286017417908, -0.008907734416425228, 0.9796326160430908, -0.20060032606124878, 0.5766690373420715, 0.16892185807228088, 0.7993236184120178),
            ["RightLowerLeg"] = CFrame.new(-4.470348358154297e-08, -0.0001545548439025879, -0.00006397644028766081, 1, -1.229345087949696e-07, 7.450577932388569e-09, 1.1175872316471214e-07, 0.634811282157898, 0.7726671695709229, -5.587936158235607e-08, -0.7726672887802124, 0.634811282157898),
            ["LeftUpperLeg"] = CFrame.new(-1.1920928955078125e-07, -6.51925802230835e-09, -5.960464477539063e-08, 0.993373453617096, 0.11413218080997467, -0.013531243428587914, -0.09946385025978088, 0.7947150468826294, -0.5987780094146729, -0.05758633464574814, 0.5961560606956482, 0.8008007407188416),
            ["LeftLowerLeg"] = CFrame.new(4.842877388000488e-08, 0.00015431642532348633, 0.00006406009197235107, 1, 5.960463766996327e-08, 2.60770320892334e-08, -5.215405707303944e-08, 0.71046382188797, 0.7037337422370911, 4.0978189730367376e-08, -0.7037337422370911, 0.7104638814926147),
        }},
        {Time = 0.100, Data = {
            ["RightFoot"] = CFrame.new(-8.544884622097015e-08, 2.384185791015625e-07, 2.590968506410718e-08, 0.9970886707305908, 0.0011366555700078607, 0.07624302059412003, 0.020889095962047577, 0.957565188407898, -0.2874585688114166, -0.07333426922559738, 0.2882148027420044, 0.9547536969184875),
            ["LeftLowerArm"] = CFrame.new(0, -2.384185791015625e-07, -1.4901161193847656e-08, 1, -8.009374141693115e-08, 6.33299421792799e-08, 8.009374141693115e-08, 0.9244689345359802, -0.38125738501548767, -3.073364496231079e-08, 0.3812573552131653, 0.9244690537452698),
            ["RightUpperArm"] = CFrame.new(0, 0, 0, 0.9897980690002441, -0.10793618857860565, -0.09300296008586884, 0.08706261217594147, 0.9749093651771545, -0.20487076044082642, 0.11278241127729416, 0.19468364119529724, 0.9743605256080627),
            ["Head"] = CFrame.new(3.3527612686157227e-08, -1.1920928955078125e-07, 1.1175870895385742e-08, 0.9857742786407471, -0.16495786607265472, -0.03221792355179787, 0.16037696599960327, 0.9805301427841187, -0.11331316083669662, 0.05028252676129341, 0.10653427243232727, 0.9930368661880493),
            ["LowerTorso"] = CFrame.new(0.18720732629299164, -0.12321352958679199, 0.016904179006814957, 0.9965085387229919, 0.01883910410106182, 0.08133740723133087, -0.03154107928276062, 0.9869625568389893, 0.1578298807144165, -0.07730359584093094, -0.159844309091568, 0.9841107726097107),
            ["UpperTorso"] = CFrame.new(-1.3504177331924438e-08, 2.384185791015625e-07, -4.0978193283081055e-08, 0.9735540747642517, 0.11661730706691742, -0.19645117223262787, -0.12638327479362488, 0.9912577867507935, -0.0378880649805069, 0.19031532108783722, 0.061714231967926025, 0.9797813296318054),
            ["HumanoidRootPart"] = CFrame.new(0, 0, 0, 1, 0, 0, 0, 1, 0, 0, 0, 1),
            ["RightUpperLeg"] = CFrame.new(-1.1920928955078125e-07, 2.721790224313736e-07, -1.6596459317952394e-08, 0.9442810416221619, -0.3252680003643036, -0.05034131556749344, 0.20912346243858337, 0.7110099196434021, -0.6713661551475525, 0.25416699051856995, 0.6234305500984192, 0.7394142746925354),
            ["LeftUpperArm"] = CFrame.new(5.960464477539063e-08, 0, 5.21540641784668e-08, 0.20988307893276215, -0.2485383003950119, -0.9456097483634949, -0.4129209518432617, 0.8541358113288879, -0.3161458671092987, 0.8862536549568176, 0.4568157494068146, 0.0766419768333435),
            ["RightLowerArm"] = CFrame.new(-5.960464477539063e-08, -1.1920928955078125e-07, -4.190951585769653e-09, 1, -2.7939677238464355e-08, 5.02914261346632e-08, 5.494803190231323e-08, 0.8920776844024658, -0.45188218355178833, -3.271270543336868e-08, 0.45188212394714355, 0.8920777440071106),
            ["LeftHand"] = CFrame.new(1.0477378964424133e-07, 1.1920928955078125e-07, -5.21540641784668e-08, 0.9968541264533997, 0.07816377282142639, -0.013127412647008896, -0.07803186029195786, 0.9388449192047119, -0.3353821933269501, -0.013890163972973824, 0.33535146713256836, 0.9419907331466675),
            ["LeftFoot"] = CFrame.new(9.220961771916336e-09, -5.960464477539063e-08, 6.17458795204584e-09, 0.9860382080078125, -0.10930996388196945, -0.12561917304992676, 0.071659617125988, 0.9595003724098206, -0.27244094014167786, 0.1503121256828308, 0.25963541865348816, 0.9539369940757751),
            ["RightHand"] = CFrame.new(-2.086162567138672e-07, -1.1920928955078125e-07, -5.960464477539063e-08, 0.6978822946548462, -0.20794600248336792, -0.6853602528572083, 0.023395350202918053, 0.9630312919616699, -0.2683717608451843, 0.7158302664756775, 0.1712576448917389, 0.6769474744796753),
            ["RightLowerLeg"] = CFrame.new(2.9802322387695312e-08, -0.00015437602996826172, -0.0000640360449324362, 1, -1.3411039390121005e-07, -6.70552182668871e-08, 1.1920930376163597e-07, 0.5003743171691895, 0.8658090829849243, -6.472692604120311e-08, -0.8658092021942139, 0.5003745555877686),
            ["LeftUpperLeg"] = CFrame.new(5.960464477539063e-08, 4.889443516731262e-08, -1.30385160446167e-08, 0.9957540035247803, 0.09082987904548645, 0.014963703230023384, -0.06922917068004608, 0.8460348844528198, -0.5286138653755188, -0.06067371368408203, 0.5253333449363708, 0.8487306237220764),
            ["LeftLowerLeg"] = CFrame.new(2.2351741790771484e-08, 0.00015437602996826172, 0.00006406009197235107, 1, 5.960463766996327e-08, 2.9802322387695312e-08, -5.21540641784668e-08, 0.7865917086601257, 0.6174734234809875, 7.450580596923828e-09, -0.6174734234809875, 0.7865917682647705),
        }},
        {Time = 0.133, Data = {
            ["RightFoot"] = CFrame.new(8.614733815193176e-09, 4.76837158203125e-07, -4.300818545743823e-08, 0.9976720809936523, -0.023168526589870453, 0.06413821876049042, 0.04075438529253006, 0.9566527605056763, -0.28836533427238464, -0.05467694252729416, 0.2903083562850952, 0.9553700685501099),
            ["LeftLowerArm"] = CFrame.new(-1.4901161193847656e-07, 2.980232238769531e-07, -2.9802322387695312e-08, 1, -1.1175872316471214e-07, 1.3411046495548362e-07, 6.891787762697277e-08, 0.9137827157974243, -0.40620359778404236, -3.725290653733282e-08, 0.40620359778404236, 0.9137826561927795),
            ["RightUpperArm"] = CFrame.new(-1.1920928955078125e-07, 0, -2.7939677238464355e-09, 0.9829916954040527, -0.06051544472575188, 0.17339324951171875, 0.08981315046548843, 0.9819499850273132, -0.1664566993713379, -0.16019028425216675, 0.17919853329658508, 0.970683753490448),
            ["Head"] = CFrame.new(-5.21540641784668e-08, -1.1920928955078125e-07, -3.725290298461914e-08, 0.9752954244613647, -0.21857157349586487, 0.032020632177591324, 0.22085608541965485, 0.9678221940994263, -0.12059401720762253, -0.004631870426237583, 0.1246868148446083, 0.9921853542327881),
            ["LowerTorso"] = CFrame.new(0.2124323546886444, -0.11142337322235107, 0.016691084951162338, 0.9959717392921448, 0.05554772913455963, 0.07039126008749008, -0.0652761235833168, 0.9873573184013367, 0.1444455087184906, -0.06147771328687668, -0.14845849573612213, 0.987005889415741),
            ["UpperTorso"] = CFrame.new(-3.4226104617118835e-08, -5.960464477539063e-08, 2.9802322387695312e-08, 0.9608578085899353, 0.11831490695476532, -0.25050732493400574, -0.12566982209682465, 0.9919801354408264, -0.013511930592358112, 0.24689960479736328, 0.04446425661444664, 0.9680204391479492),
            ["HumanoidRootPart"] = CFrame.new(0, 0, 0, 1, 0, 0, 0, 1, 0, 0, 0, 1),
            ["RightUpperLeg"] = CFrame.new(-5.960464477539063e-08, 6.356276571750641e-08, 2.438173396512866e-08, 0.9139178991317749, -0.40065109729766846, 0.06505997478961945, 0.3383523225784302, 0.6634398102760315, -0.6673570275306702, 0.22421400249004364, 0.6319226622581482, 0.7418906688690186),
            ["LeftUpperArm"] = CFrame.new(0, 0, -3.725290298461914e-08, 0.14328160881996155, -0.33581697940826416, -0.9309658408164978, -0.48644858598709106, 0.7953024506568909, -0.36174824833869934, 0.8618805408477783, 0.5046989321708679, -0.04940551146864891),
            ["RightLowerArm"] = CFrame.new(0, 2.384185791015625e-07, -2.7939677238464355e-09, 1, -3.91155481338501e-08, 5.960464477539063e-08, 5.192123353481293e-08, 0.8957818746566772, -0.4444939196109772, -3.4924596548080444e-08, 0.44449394941329956, 0.8957818746566772),
            ["LeftHand"] = CFrame.new(-9.685754776000977e-08, 5.960464477539063e-08, 1.7881393432617188e-07, 0.9987098574638367, 0.010646671988070011, -0.049651969224214554, -0.02642108127474785, 0.9439491629600525, -0.3290318548679352, 0.04336584731936455, 0.32991909980773926, 0.9430126547813416),
            ["LeftFoot"] = CFrame.new(4.455991131635528e-09, 0, -1.3413504973414092e-08, 0.985770583152771, -0.12339700758457184, -0.1141481101512909, 0.09547215700149536, 0.9699013829231262, -0.22400084137916565, 0.13835333287715912, 0.2099153697490692, 0.9678810834884644),
            ["RightHand"] = CFrame.new(-1.94646418094635e-07, 1.7881393432617188e-07, -1.4901161193847656e-08, 0.5654812455177307, -0.2901499271392822, -0.7720388770103455, 0.03738158568739891, 0.9441303014755249, -0.3274455964565277, 0.8239136934280396, 0.15630429983139038, 0.5447342991828918),
            ["RightLowerLeg"] = CFrame.new(7.450580596923828e-09, -0.0001544952392578125, -0.00006395408854587004, 1, -1.527368311826649e-07, -8.195638656616211e-08, 1.0430814256778831e-07, 0.4735451638698578, 0.8807694315910339, -3.725290653733282e-08, -0.8807695508003235, 0.4735454022884369),
            ["LeftUpperLeg"] = CFrame.new(-1.1920928955078125e-07, -2.537854015827179e-07, -1.862645149230957e-09, 0.9968719482421875, 0.07243452221155167, 0.03161827474832535, -0.050133317708969116, 0.8888016939163208, -0.4555417001247406, -0.06109929084777832, 0.452531635761261, 0.8896527290344238),
            ["LeftLowerLeg"] = CFrame.new(9.313225746154785e-09, 0.00015437602996826172, 0.00006409548223018646, 1, 2.980232594040899e-08, 2.7939677238464355e-08, -3.725290653733282e-08, 0.855110764503479, 0.5184454917907715, 3.725290742551124e-09, -0.5184455513954163, 0.8551107048988342),
        }},
        {Time = 0.167, Data = {
            ["RightFoot"] = CFrame.new(9.546056389808655e-09, 1.7881393432617188e-07, -1.6931153368204832e-08, 0.9966940879821777, -0.06008075177669525, 0.05469222366809845, 0.07276184856891632, 0.9595808386802673, -0.27186405658721924, -0.03614768013358116, 0.27494531869888306, 0.9607802629470825),
            ["LeftLowerArm"] = CFrame.new(0, -2.384185791015625e-07, -9.313225746154785e-09, 1, -2.980232594040899e-08, 5.21540641784668e-08, 6.705522537231445e-08, 0.8978066444396973, -0.4403899610042572, -5.960464477539063e-08, 0.4403899908065796, 0.8978066444396973),
            ["RightUpperArm"] = CFrame.new(1.1920928955078125e-07, 0, -2.9802322387695312e-08, 0.9364829063415527, -0.026910603046417236, 0.34967949986457825, 0.08359362930059433, 0.9854428172111511, -0.1480359584093094, -0.3406054377555847, 0.1678641438484192, 0.9250997304916382),
            ["Head"] = CFrame.new(5.587935447692871e-08, -1.1920928955078125e-07, -1.4901161193847656e-08, 0.9687471389770508, -0.2402210831642151, 0.061829645186662674, 0.24621514976024628, 0.9614944458007812, -0.12209220975637436, -0.03011973202228546, 0.13349995017051697, 0.9905911087989807),
            ["LowerTorso"] = CFrame.new(0.24426120519638062, -0.10647904872894287, 0.016601722687482834, 0.9953221678733826, 0.07087602466344833, 0.0656532421708107, -0.0794559046626091, 0.9871079921722412, 0.13894110918045044, -0.0549592450261116, -0.1435077041387558, 0.9881219863891602),
            ["UpperTorso"] = CFrame.new(-3.259629011154175e-09, -5.960464477539063e-08, -4.0978193283081055e-08, 0.9544522166252136, 0.12047650665044785, -0.27295899391174316, -0.1261199712753296, 0.9920099973678589, -0.0031564654782414436, 0.27039778232574463, 0.037438225001096725, 0.9620205760002136),
            ["HumanoidRootPart"] = CFrame.new(0, 0, 0, 1, 0, 0, 0, 1, 0, 0, 0, 1),
            ["RightUpperLeg"] = CFrame.new(0, -1.855660229921341e-07, -3.056629793718457e-08, 0.8984054923057556, -0.42389822006225586, 0.1147954985499382, 0.3954448103904724, 0.6671377420425415, -0.6313086152076721, 0.19102612137794495, 0.6125664114952087, 0.7669886350631714),
            ["LeftUpperArm"] = CFrame.new(0, 2.384185791015625e-07, -7.450580596923828e-09, 0.11259658634662628, -0.4506451189517975, -0.8855737447738647, -0.5869743824005127, 0.6889484524726868, -0.4252188503742218, 0.8017375469207764, 0.567687451839447, -0.1869438737630844),
            ["RightLowerArm"] = CFrame.new(0, 4.172325134277344e-07, 2.9802322387695312e-08, 1, -3.3527612686157227e-08, 4.842877388000488e-08, 4.6566135836201283e-08, 0.9002615213394165, -0.4353495240211487, -2.3283067918100642e-08, 0.43534955382347107, 0.9002615213394165),
            ["LeftHand"] = CFrame.new(2.682209014892578e-07, 0, -8.940696716308594e-08, 0.9882640242576599, -0.1035027801990509, -0.11234518885612488, 0.06224670261144638, 0.9444904923439026, -0.32258838415145874, 0.13949763774871826, 0.31180936098098755, 0.9398485422134399),
            ["LeftFoot"] = CFrame.new(6.754643511186487e-09, -5.960464477539063e-08, 7.166285342918854e-10, 0.9846683740615845, -0.1417594850063324, -0.1016482263803482, 0.12029385566711426, 0.9738315343856812, -0.19282513856887817, 0.12632311880588531, 0.17764124274253845, 0.9759539365768433),
            ["RightHand"] = CFrame.new(5.587935447692871e-08, -2.384185791015625e-07, 2.2351741790771484e-08, 0.47525978088378906, -0.3245319724082947, -0.8178063631057739, 0.03359191119670868, 0.9355036616325378, -0.3517164885997772, 0.8792040348052979, 0.13968506455421448, 0.4555089771747589),
            ["RightLowerLeg"] = CFrame.new(1.1548399925231934e-07, -0.00015437602996826172, -0.0000640062426100485, 1, -1.4901152667334827e-07, -8.195636524988004e-08, 1.1548399925231934e-07, 0.5111967325210571, 0.8594635725021362, -5.21540641784668e-08, -0.8594636917114258, 0.5111970901489258),
            ["LeftUpperLeg"] = CFrame.new(0, -2.575106918811798e-07, -4.842877388000488e-08, 0.99691241979599, 0.07349620759487152, 0.02763829007744789, -0.05555519461631775, 0.9089432954788208, -0.4132019877433777, -0.05549042671918869, 0.41039079427719116, 0.9102199077606201),
            ["LeftLowerLeg"] = CFrame.new(3.91155481338501e-08, 0.0001544952392578125, 0.00006403028964996338, 1, 5.029141902923584e-08, 1.4901161193847656e-08, -5.774199252073231e-08, 0.891115128993988, 0.4537774324417114, 1.4901159417490817e-08, -0.4537774920463562, 0.8911150693893433),
        }},
        {Time = 0.200, Data = {
            ["RightFoot"] = CFrame.new(-8.463393896818161e-08, 3.5762786865234375e-07, -8.957431418821216e-08, 0.9949159622192383, -0.07902566343545914, 0.06242814287543297, 0.09346343576908112, 0.9554086327552795, -0.2801048457622528, -0.03750882297754288, 0.28451600670814514, 0.9579373598098755),
            ["LeftLowerArm"] = CFrame.new(-2.9802322387695312e-08, -1.7881393432617188e-07, -2.3096799850463867e-07, 1, -7.450580596923828e-09, 3.725290298461914e-08, 5.960464477539063e-08, 0.8748112916946411, -0.4844639003276825, 2.9802322387695312e-08, 0.48446395993232727, 0.8748112916946411),
            ["RightUpperArm"] = CFrame.new(-5.960464477539063e-08, -2.384185791015625e-07, -1.4901161193847656e-08, 0.8957860469818115, -0.004365952219814062, 0.44446420669555664, 0.07761029899120331, 0.9861271381378174, -0.14673122763633728, -0.43765756487846375, 0.16593478620052338, 0.8836976289749146),
            ["Head"] = CFrame.new(-1.4901161193847656e-08, -2.384185791015625e-07, -2.9802322387695312e-08, 0.9685618877410889, -0.23999831080436707, 0.06548867374658585, 0.2463177740573883, 0.9620704054832458, -0.11725203692913055, -0.034864407032728195, 0.12969693541526794, 0.9909405708312988),
            ["LowerTorso"] = CFrame.new(0.2823030650615692, -0.11728405952453613, 0.020177852362394333, 0.9953221678733826, 0.07087602466344833, 0.0656532421708107, -0.0794559046626091, 0.9871079921722412, 0.13894110918045044, -0.0549592450261116, -0.1435077041387558, 0.9881219863891602),
            ["UpperTorso"] = CFrame.new(1.6298145055770874e-09, 2.9802322387695312e-08, -3.166496753692627e-08, 0.9540027976036072, 0.12352430820465088, -0.27316734194755554, -0.12982191145420074, 0.9915246367454529, -0.005026603117585182, 0.2702312469482422, 0.0402585007250309, 0.9619534015655518),
            ["HumanoidRootPart"] = CFrame.new(0, 0, 0, 1, 0, 0, 0, 1, 0, 0, 0, 1),
            ["RightUpperLeg"] = CFrame.new(0, -2.0745210349559784e-07, -4.1276507545262575e-08, 0.8962238430976868, -0.42311352491378784, 0.133259117603302, 0.4067174196243286, 0.663822591304779, -0.6276307106018066, 0.1770986020565033, 0.6166964173316956, 0.7670212984085083),
            ["LeftUpperArm"] = CFrame.new(1.1920928955078125e-07, -1.1920928955078125e-07, -5.960464477539063e-08, 0.13861845433712006, -0.5743452310562134, -0.8067914843559265, -0.6956306099891663, 0.5233808755874634, -0.49210813641548157, 0.7048993706703186, 0.6294443011283875, -0.3269818127155304),
            ["RightLowerArm"] = CFrame.new(0, -1.7881393432617188e-07, 1.4901161193847656e-08, 1, -2.980232594040899e-08, 2.980232594040899e-08, 6.426126475389538e-08, 0.905379593372345, -0.42460331320762634, -2.6077035641947077e-08, 0.42460331320762634, 0.905379593372345),
            ["LeftHand"] = CFrame.new(2.2351741790771484e-07, -1.7881393432617188e-07, -1.1920928955078125e-07, 0.9322116374969482, -0.27252498269081116, -0.23814184963703156, 0.19103272259235382, 0.929400622844696, -0.3157863914966583, 0.30738893151283264, 0.24888694286346436, 0.9184592962265015),
            ["LeftFoot"] = CFrame.new(5.7992910029724953e-08, -1.1920928955078125e-07, -6.11857942089955e-09, 0.982251763343811, -0.16481536626815796, -0.08954046666622162, 0.14424343407154083, 0.9688951969146729, -0.20108723640441895, 0.11989758908748627, 0.1846027821302414, 0.9754725098609924),
            ["RightHand"] = CFrame.new(2.60770320892334e-07, -5.960464477539063e-08, -5.960464477539063e-08, 0.4378087520599365, -0.29833900928497314, -0.8481258153915405, 0.0037841349840164185, 0.9439418911933899, -0.33009010553359985, 0.8990601897239685, 0.14130696654319763, 0.41439497470855713),
            ["RightLowerLeg"] = CFrame.new(1.4901161193847656e-08, -0.00015425682067871094, -0.00006401369319064543, 1, -8.195632972274325e-08, -8.940694584680386e-08, 1.6763806343078613e-07, 0.5030413269996643, 0.8642622828483582, -4.842877388000488e-08, -0.8642623424530029, 0.5030414462089539),
            ["LeftUpperLeg"] = CFrame.new(0, -4.0512531995773315e-08, -3.725290298461914e-08, 0.9956735968589783, 0.09255637973546982, 0.008217478170990944, -0.08022264391183853, 0.9008702039718628, -0.4266114830970764, -0.04688849300146103, 0.42410653829574585, 0.90439772605896),
            ["LeftLowerLeg"] = CFrame.new(7.450580596923828e-09, 0.00015437602996826172, 0.00006403028964996338, 1, 3.5390257835388184e-08, 1.1175870895385742e-08, -2.421438694000244e-08, 0.8808282613754272, 0.4734359681606293, 1.862645149230957e-08, -0.47343599796295166, 0.8808282613754272),
        }},
        {Time = 0.233, Data = {
            ["RightFoot"] = CFrame.new(2.9802322387695312e-08, 2.980232238769531e-07, 1.1008523870259523e-08, 0.9968163371086121, -0.005181661807000637, 0.07956372946500778, 0.030835144221782684, 0.9452953338623047, -0.32475483417510986, -0.07352829724550247, 0.32617470622062683, 0.9424457550048828),
            ["LeftLowerArm"] = CFrame.new(-5.960464477539063e-08, 2.384185791015625e-07, -1.4901161193847656e-08, 1, -5.2154071283894154e-08, 5.02914261346632e-08, 3.725290298461914e-08, 0.8424996733665466, -0.5386970639228821, 2.2351741790771484e-08, 0.5386970639228821, 0.8424996137619019),
            ["RightUpperArm"] = CFrame.new(0, -1.1920928955078125e-07, -7.450580596923828e-09, 0.858026921749115, 0.013479080982506275, 0.5134277939796448, 0.07388414442539215, 0.9860187768936157, -0.14935928583145142, -0.508262574672699, 0.16608847677707672, 0.8450347781181335),
            ["Head"] = CFrame.new(-6.332993507385254e-08, 0, 0, 0.968501091003418, -0.23974831402301788, 0.06727897375822067, 0.24584339559078217, 0.9635729193687439, -0.10530128329992294, -0.039582379162311554, 0.11852458119392395, 0.9921619296073914),
            ["LowerTorso"] = CFrame.new(0.3256821930408478, -0.14105522632598877, 0.02804533950984478, 0.9953221678733826, 0.07087602466344833, 0.0656532421708107, -0.0794559046626091, 0.9871079921722412, 0.13894110918045044, -0.0549592450261116, -0.1435077041387558, 0.9881219863891602),
            ["UpperTorso"] = CFrame.new(1.2223608791828156e-08, -2.086162567138672e-07, -9.313225746154785e-09, 0.9532477259635925, 0.12842252850532532, -0.2735443413257599, -0.1364654153585434, 0.9905892610549927, -0.010497030802071095, 0.26962199807167053, 0.04733559489250183, 0.9618021845817566),
            ["HumanoidRootPart"] = CFrame.new(0, 0, 0, 1, 0, 0, 0, 1, 0, 0, 0, 1),
            ["RightUpperLeg"] = CFrame.new(1.1920928955078125e-07, -2.0099105313420296e-07, -2.1544110495597124e-08, 0.8938414454460144, -0.4237782955169678, 0.1464909464120865, 0.4124230146408081, 0.6488432288169861, -0.6394604444503784, 0.17593970894813538, 0.6319924592971802, 0.7547388672828674),
            ["LeftUpperArm"] = CFrame.new(0, -1.1920928955078125e-07, 2.2351741790771484e-08, 0.197434663772583, -0.6612445116043091, -0.7237231731414795, -0.7673692107200623, 0.35517174005508423, -0.5338515043258667, 0.6100525856018066, 0.6607637405395508, -0.43729546666145325),
            ["RightLowerArm"] = CFrame.new(0, -1.1920928955078125e-07, 2.2351741790771484e-08, 1, -4.470348358154297e-08, 3.725290653733282e-08, 3.5390257835388184e-08, 0.910997748374939, -0.4124114513397217, -1.862645149230957e-09, 0.41241133213043213, 0.9109978079795837),
            ["LeftHand"] = CFrame.new(-2.2351741790771484e-07, 0, -1.9371509552001953e-07, 0.7875794172286987, -0.450477659702301, -0.4204622805118561, 0.3364848494529724, 0.8860165476799011, -0.3189871311187744, 0.5162330865859985, 0.10974857211112976, 0.8493872880935669),
            ["LeftFoot"] = CFrame.new(1.0008011308570985e-08, 1.1920928955078125e-07, 2.2380945097211224e-08, 0.9782185554504395, -0.19221413135528564, -0.0783737376332283, 0.17021779716014862, 0.958877682685852, -0.22711136937141418, 0.11880483478307724, 0.20882399380207062, 0.9707101583480835),
            ["RightHand"] = CFrame.new(-7.450580596923828e-08, 4.172325134277344e-07, 2.9802322387695312e-08, 0.41837677359580994, -0.23164960741996765, -0.8782365918159485, -0.05122809857130051, 0.9593720436096191, -0.27745458483695984, 0.9068278670310974, 0.16107092797756195, 0.38951200246810913),
            ["RightLowerLeg"] = CFrame.new(1.3783574104309082e-07, -0.00015425682067871094, -0.00006395408854587004, 1, -8.568162712663252e-08, -5.960462345910855e-08, 1.564622067462551e-07, 0.47097283601760864, 0.8821476101875305, -7.823110337312755e-08, -0.8821477293968201, 0.47097301483154297),
            ["LeftUpperLeg"] = CFrame.new(0, -4.0978193283081055e-08, 1.3969838619232178e-08, 0.9932224154472351, 0.11522123962640762, -0.015274484641849995, -0.10915651172399521, 0.879550576210022, -0.4631153345108032, -0.03992602601647377, 0.46164384484291077, 0.8861664533615112),
            ["LeftLowerLeg"] = CFrame.new(-5.587935447692871e-08, 0.0001544356346130371, 0.0000640770886093378, 1, 4.656612162534657e-08, -1.1175870895385742e-08, -4.284083843231201e-08, 0.8470302224159241, 0.5315448641777039, 2.421438694000244e-08, -0.5315448045730591, 0.8470301628112793),
        }},
        {Time = 0.267, Data = {
            ["RightFoot"] = CFrame.new(-6.2515027821064e-08, 1.7881393432617188e-07, -3.183231456205249e-08, 0.9840735793113708, 0.15441212058067322, 0.08806964010000229, -0.11340627074241638, 0.9268576502799988, -0.3578737676143646, -0.13688801229000092, 0.34218695759773254, 0.9296075701713562),
            ["LeftLowerArm"] = CFrame.new(-1.7881393432617188e-07, 1.1920928955078125e-07, 2.980232238769531e-07, 1, -5.029141902923584e-08, 2.3283066585833012e-09, 1.1175869119028903e-08, 0.7979440093040466, -0.6027316451072693, 5.5879347371501353e-08, 0.6027316451072693, 0.7979440689086914),
            ["RightUpperArm"] = CFrame.new(0, -2.384185791015625e-07, 3.725290298461914e-08, 0.8266541957855225, 0.02754426747560501, 0.5620356798171997, 0.0722537711262703, 0.985337495803833, -0.15456189215183258, -0.558052122592926, 0.16837844252586365, 0.8125432133674622),
            ["Head"] = CFrame.new(8.940696716308594e-08, -2.384185791015625e-07, -2.9802322387695312e-08, 0.9686473608016968, -0.23907268047332764, 0.06757599860429764, 0.24448628723621368, 0.9656245112419128, -0.08829319477081299, -0.044144514948129654, 0.1020464301109314, 0.9937996864318848),
            ["LowerTorso"] = CFrame.new(0.3734017312526703, -0.16482627391815186, 0.03591282665729523, 0.9953221678733826, 0.07087602466344833, 0.0656532421708107, -0.0794559046626091, 0.9871079921722412, 0.13894110918045044, -0.0549592450261116, -0.1435077041387558, 0.9881219863891602),
            ["UpperTorso"] = CFrame.new(-2.176966518163681e-08, -1.4901161193847656e-07, -2.2351741790771484e-08, 0.9522663354873657, 0.134573295712471, -0.27400535345077515, -0.1451348513364792, 0.9892380237579346, -0.018547117710113525, 0.2685605585575104, 0.05742952227592468, 0.9615493416786194),
            ["HumanoidRootPart"] = CFrame.new(0, 0, 0, 1, 0, 0, 0, 1, 0, 0, 0, 1),
            ["RightUpperLeg"] = CFrame.new(0, -2.598389983177185e-07, -1.5665136743336916e-08, 0.8900181651115417, -0.4363705813884735, 0.1320926994085312, 0.41905447840690613, 0.6688187122344971, -0.6140642166137695, 0.17961342632770538, 0.6018823385238647, 0.7781237959861755),
            ["LeftUpperArm"] = CFrame.new(0, -2.384185791015625e-07, -1.862645149230957e-08, 0.241325244307518, -0.6913397908210754, -0.6810371279716492, -0.7857306599617004, 0.2726767063140869, -0.5552250146865845, 0.5695520639419556, 0.6691015362739563, -0.4774031341075897),
            ["RightLowerArm"] = CFrame.new(-5.960464477539063e-08, 1.7881393432617188e-07, 5.960464477539063e-08, 1, -7.450581307466564e-08, 2.2351745343485163e-08, 5.960464477539063e-08, 0.916979968547821, -0.39893341064453125, 1.1175870895385742e-08, 0.39893341064453125, 0.916979968547821),
            ["LeftHand"] = CFrame.new(-2.1606683731079102e-07, 1.7881393432617188e-07, -1.862645149230957e-07, 0.5739186406135559, -0.5677772760391235, -0.590124249458313, 0.4627172648906708, 0.819395124912262, -0.3383556306362152, 0.6756554245948792, -0.07887198776006699, 0.732986330986023),
            ["LeftFoot"] = CFrame.new(3.02058182910514e-08, -1.1920928955078125e-07, 1.6467538443976082e-10, 0.9725825190544128, -0.22252854704856873, -0.06756025552749634, 0.1999468207359314, 0.9484919905662537, -0.24573229253292084, 0.11876282840967178, 0.22548656165599823, 0.9669805765151978),
            ["RightHand"] = CFrame.new(-1.4901161193847656e-07, -1.1920928955078125e-07, 5.960464477539063e-08, 0.4074210226535797, -0.1494993269443512, -0.9009208083152771, -0.11279624700546265, 0.970718502998352, -0.21209116280078888, 0.9062478542327881, 0.18803076446056366, 0.3786281943321228),
            ["RightLowerLeg"] = CFrame.new(2.421438694000244e-08, -0.00015431642532348633, -0.00006411800131900236, 1, -1.3038508939189342e-07, -6.705521116145974e-08, 1.4156103134155273e-07, 0.5305027961730957, 0.8476831316947937, -1.0058283805847168e-07, -0.8476832509040833, 0.5305030345916748),
