return {
    ["Wind Up"] = {
        [1] = {Time = 0.000, Data = {
            ["RightFoot"] = CFrame.new(7.450580596923828e-09, 4.76837158203125e-07, 3.092281986027956e-09, 0.989341676235199, 0.11607079952955246, -0.08792413771152496, -0.1455991417169571, 0.7968378663063049, -0.5863873958587646, 0.00199886760674417, 0.5929391980171204, 0.8052448630332947),
            ["LeftLowerArm"] = CFrame.new(-5.960464477539063e-08, -4.76837158203125e-07, 1.043081283569336e-07, 1, -1.1920927533992653e-07, 1.4901162614933128e-07, 1.4901159772762185e-07, -0.2267199605703354, -0.9739601016044617, 1.341104365337742e-07, 0.9739599823951721, -0.22671982645988464),
            ["LeftFoot"] = CFrame.new(-3.14321368932724e-09, -1.1920928955078125e-07, -7.450580596923828e-09, 0.9616124033927917, -0.06794045865535736, 0.26586776971817017, 0.18048326671123505, 0.8864075541496277, -0.42627188563346863, -0.2067060023546219, 0.4578927159309387, 0.8646426200866699),
            ["Head"] = CFrame.new(-1.7695128917694092e-08, 1.1920928955078125e-07, -5.587935447692871e-08, 0.9966903924942017, -0.0783495306968689, 0.02167278341948986, 0.08118581771850586, 0.9457541108131409, -0.3145761787891388, 0.004149767104536295, 0.3152947425842285, 0.9489848613739014),
            ["LowerTorso"] = CFrame.new(0.013042032718658447, -0.22051560878753662, 0.25852611660957336, 0.9846608638763428, 0.16730757057666779, 0.049509916454553604, -0.1727827489376068, 0.9744814038276672, 0.1432906836271286, -0.024272866547107697, -0.14964714646339417, 0.9884415864944458),
            ["UpperTorso"] = CFrame.new(-2.9802322387695312e-08, 0, 3.306195139884949e-08, 0.9968397617340088, -0.05348261445760727, -0.058737944811582565, 0.06383796036243439, 0.979388952255249, 0.19163011014461517, 0.047278404235839844, -0.19477422535419464, 0.9797080755233765),
            ["HumanoidRootPart"] = CFrame.new(0, 0, 0, 1, 0, 0, 0, 1, 0, 0, 0, 1),
            ["RightUpperLeg"] = CFrame.new(-5.960464477539063e-08, 2.8312206268310547e-07, -9.145878721028566e-09, 0.9575178623199463, -0.21429580450057983, 0.19296899437904358, 0.2867191731929779, 0.7790539860725403, -0.5575546026229858, -0.0308516975492239, 0.5891961455345154, 0.807400643825531),
            ["LeftUpperArm"] = CFrame.new(1.1920928955078125e-07, -1.1920928955078125e-07, -1.601874828338623e-07, 0.753183126449585, 0.24815019965171814, 0.6092100143432617, -0.4731447994709015, 0.847765326499939, 0.23964053392410278, -0.45700034499168396, -0.4687381088733673, 0.7559336423873901),
            ["RightLowerArm"] = CFrame.new(-5.960464477539063e-08, -5.960464477539063e-08, -2.384185791015625e-07, 1, -1.1920926112907182e-07, -1.862645504502325e-08, 8.940696716308594e-08, 0.6909047961235046, -0.7229459285736084, 2.60770320892334e-08, 0.7229456901550293, 0.6909046769142151),
            ["LeftHand"] = CFrame.new(-2.9802322387695312e-08, -5.960464477539063e-08, -3.725290298461914e-08, -0.37123924493789673, 0.9058608412742615, -0.20395424962043762, -0.5435078740119934, -0.033902857452631, 0.8387190103530884, 0.7528482675552368, 0.42221659421920776, 0.5049287676811218),
            ["RightHand"] = CFrame.new(1.4901161193847656e-07, 1.1920928955078125e-07, 7.450580596923828e-08, 0.8959312438964844, -0.41535571217536926, -0.1574380099773407, 0.3988223671913147, 0.9082494974136353, -0.1265850067138672, 0.19557103514671326, 0.05062161758542061, 0.9793822765350342),
            ["RightUpperArm"] = CFrame.new(-5.960464477539063e-08, 0, -7.450580596923828e-09, 0.48558586835861206, -0.8733641505241394, 0.03796990588307381, 0.8172013759613037, 0.4689280390739441, 0.3350944221019745, -0.3104647994041443, -0.1316881775856018, 0.9414191246032715),
            ["RightLowerLeg"] = CFrame.new(5.587935447692871e-09, 1.7881393432617188e-07, -7.281050784513354e-08, 1, -1.4901161193847656e-07, -1.0663647032060908e-07, 1.30385160446167e-07, 0.37062403559684753, 0.9287827610969543, -8.940696716308594e-08, -0.9287829995155334, 0.3706246316432953),
            ["LeftUpperLeg"] = CFrame.new(-5.960464477539063e-08, 1.5273690223693848e-07, 4.0978193283081055e-08, 0.9801681637763977, -0.18627715110778809, -0.0676112025976181, 0.1530705690383911, 0.9283668398857117, -0.3386804461479187, 0.12585632503032684, 0.3216143846511841, 0.9384692311286926),
            ["LeftLowerLeg"] = CFrame.new(1.4202669262886047e-08, -1.1920928955078125e-07, -3.3527612686157227e-08, 1, 5.2037666620208256e-08, 2.7241181754789068e-08, -5.797482316438618e-08, 0.755784273147583, 0.6548205614089966, 1.3009410437803126e-08, -0.6548208594322205, 0.7557844519615173)
        }},
        [2] = {Time = 0.033, Data = {
            ["RightFoot"] = CFrame.new(-2.0489096641540527e-08, 3.5762786865234375e-07, -3.3694959711283445e-08, 0.9907141923904419, 0.11548139899969101, -0.07176025956869125, -0.13461370766162872, 0.7590153217315674, -0.6370042562484741, -0.019095035269856453, 0.6407495141029358, 0.7675129175186157),
            ["LeftLowerArm"] = CFrame.new(5.960464477539063e-08, -1.7881393432617188e-07, -7.450580596923828e-08, 1, -4.4703490686970326e-08, 1.1920926112907182e-07, 1.043081283569336e-07, -0.2296215295791626, -0.9732800126075745, 8.940696716308594e-08, 0.9732800126075745, -0.22962155938148499),
            ["LeftFoot"] = CFrame.new(-9.313225746154785e-10, -5.960464477539063e-08, 8.195638656616211e-08, 0.9673683047294617, -0.07940313965082169, 0.24061141908168793, 0.20077069103717804, 0.8195076584815979, -0.5367480516433716, -0.15456345677375793, 0.5675406455993652, 0.8087074756622314),
            ["Head"] = CFrame.new(1.909211277961731e-08, 2.384185791015625e-07, 5.2619725465774536e-08, 0.9950256943702698, -0.09463222324848175, 0.031124364584684372, 0.09950856864452362, 0.9294430017471313, -0.355293869972229, 0.004693925380706787, 0.35662367939949036, 0.934236466884613),
            ["LowerTorso"] = CFrame.new(0.012748688459396362, -0.28589820861816406, 0.2721078395843506, 0.9890790581703186, 0.14005526900291443, 0.045905157923698425, -0.14603842794895172, 0.9733130931854248, 0.17701558768749237, -0.019888127222657204, -0.18178629875183105, 0.9831370115280151),
            ["UpperTorso"] = CFrame.new(-4.6566128730773926e-08, 2.384185791015625e-07, -4.0279701352119446e-08, 0.9988399147987366, -0.014220427721738815, -0.04600691795349121, 0.021802769973874092, 0.9854146838188171, 0.1687679886817932, 0.04293593019247055, -0.16957522928714752, 0.9845815896987915),
            ["HumanoidRootPart"] = CFrame.new(0, 0, 0, 1, 0, 0, 0, 1, 0, 0, 0, 1),
            ["RightUpperLeg"] = CFrame.new(-5.960464477539063e-08, -3.725290298461914e-09, 3.892637323588133e-09, 0.9654691219329834, -0.20203934609889984, 0.1644672155380249, 0.2603975832462311, 0.7292545437812805, -0.6327567100524902, 0.007903281599283218, 0.6537337899208069, 0.7566831707954407),
            ["LeftUpperArm"] = CFrame.new(-1.1920928955078125e-07, 4.76837158203125e-07, 1.2479722499847412e-07, 0.7545514702796936, 0.20779798924922943, 0.6224726438522339, -0.4416993260383606, 0.8623343110084534, 0.24755090475082397, -0.4853387773036957, -0.46173545718193054, 0.7424597144126892),
            ["RightLowerArm"] = CFrame.new(-1.1920928955078125e-07, 5.960464477539062e-07, 1.4901161193847656e-07, 1, -1.2293457984924316e-07, 1.1920923270736239e-07, 1.0430811414607888e-07, 0.031591445207595825, -0.9995008707046509, 1.5646217832454568e-07, 0.9995009303092957, 0.031591467559337616),
            ["LeftHand"] = CFrame.new(4.470348358154297e-08, -1.1920928955078125e-07, -7.450580596923828e-08, -0.424565851688385, 0.8921440243721008, -0.15434807538986206, -0.5187309980392456, -0.0999642089009285, 0.8490735292434692, 0.7420661449432373, 0.4405522644519806, 0.5052235722541809),
            ["RightHand"] = CFrame.new(-1.1920928955078125e-07, 0, -2.60770320892334e-08, 0.8764503002166748, -0.45163941383361816, -0.1669028401374817, 0.4564048647880554, 0.8897062540054321, -0.010846085846424103, 0.15339289605617523, -0.0666690319776535, 0.9859137535095215),
            ["RightUpperArm"] = CFrame.new(1.1920928955078125e-07, 4.76837158203125e-07, 7.450580596923828e-08, 0.502642810344696, -0.8614386320114136, 0.07262011617422104, 0.8117050528526306, 0.49918609857559204, 0.3032298982143402, -0.29746466875076294, -0.09347011893987656, 0.9501463770866394),
            ["RightLowerLeg"] = CFrame.new(5.587935447692871e-09, 5.364418029785156e-07, 2.7772330213338137e-08, 1, -1.341104365337742e-07, -1.0058288779646318e-07, 1.471489667892456e-07, 0.2869478166103363, 0.957946240901947, -1.0803341865539551e-07, -0.957946240901947, 0.2869480550289154),
            ["LeftUpperLeg"] = CFrame.new(-5.960464477539063e-08, -7.82310962677002e-08, -2.0489096641540527e-08, 0.9899143576622009, -0.14160364866256714, 0.004260026849806309, 0.12841646373271942, 0.884215772151947, -0.44907885789871216, 0.05982441082596779, 0.44509658217430115, 0.8934820890426636),
            ["LeftLowerLeg"] = CFrame.new(2.7474015951156616e-08, -1.1920928955078125e-07, -4.6566128730773926e-09, 1, 6.845222344509239e-08, 3.4458938813486384e-08, -6.845220923423767e-08, 0.6128953695297241, 0.790164053440094, 3.189779818058014e-08, -0.7901641130447388, 0.6128954291343689)
        }},
        [3] = {Time = 0.067, Data = {
            ["RightFoot"] = CFrame.new(-2.9802322387695312e-08, 2.384185791015625e-07, 1.6596459317952394e-08, 0.9836553335189819, 0.1057179793715477, -0.14576004445552826, -0.17284175753593445, 0.7812978625297546, -0.5997490286827087, 0.05047781765460968, 0.6151401400566101, 0.7868006229400635),
            ["LeftLowerArm"] = CFrame.new(-2.980232238769531e-07, 0, 1.6391277313232422e-07, 1, -1.4901159417490817e-08, 7.450579886381092e-08, 1.4901161193847656e-07, -0.21318379044532776, -0.9770121574401855, 1.6391277313232422e-07, 0.9770121574401855, -0.21318364143371582),
            ["LeftFoot"] = CFrame.new(-2.7939677238464355e-08, 0, -5.960464477539063e-08, 0.9785821437835693, -0.170790433883667, 0.11492423713207245, 0.20577675104141235, 0.7960138320922852, -0.5692254304885864, 0.005736984312534332, 0.5806828737258911, 0.8141099214553833),
            ["Head"] = CFrame.new(1.30385160446167e-08, -1.1920928955078125e-07, -5.9138983488082886e-08, 0.9925602674484253, -0.11202593892812729, 0.047689761966466904, 0.12174911797046661, 0.9168497323989868, -0.3802154064178467, -0.0011303629726171494, 0.38319292664527893, 0.9236677289009094),
            ["LowerTorso"] = CFrame.new(0.012178421020507812, -0.34031403064727783, 0.29301291704177856, 0.9942094087600708, 0.10171540081501007, 0.03466423973441124, -0.10713068395853043, 0.9634097814559937, 0.24569250643253326, -0.008405156433582306, -0.2479834407567978, 0.9687278270721436),
            ["UpperTorso"] = CFrame.new(9.313225746154785e-10, -5.960464477539063e-08, 1.0593794286251068e-08, 0.9988614916801453, 0.03885703906416893, -0.027677306905388832, -0.03548809513449669, 0.9929315447807312, 0.11325912177562714, 0.031882595270872116, -0.11214795708656311, 0.9931799173355103),
            ["HumanoidRootPart"] = CFrame.new(0, 0, 0, 1, 0, 0, 0, 1, 0, 0, 0, 1),
            ["RightUpperLeg"] = CFrame.new(-8.940696716308594e-08, 1.341104507446289e-07, 1.1343217920511961e-08, 0.9775354862213135, -0.20684069395065308, 0.04051392897963524, 0.16453887522220612, 0.6287555694580078, -0.7599955201148987, 0.13172462582588196, 0.7495888471603394, 0.6486642956733704),
            ["LeftUpperArm"] = CFrame.new(0, 0, -7.35744833946228e-08, 0.7600287199020386, 0.17689625918865204, 0.6253511905670166, -0.4116140604019165, 0.875665009021759, 0.25255677103996277, -0.5029217004776001, -0.4493536651134491, 0.7383434772491455),
            ["RightLowerArm"] = CFrame.new(1.1920928955078125e-07, -4.172325134277344e-07, 1.4901161193847656e-08, 1, -5.215404996761208e-08, 1.0058282384761696e-07, 9.685754776000977e-08, -0.5081174969673157, -0.8612878918647766, 1.601874828338623e-07, 0.8612878322601318, -0.5081173777580261),
            ["LeftHand"] = CFrame.new(-2.5331974029541016e-07, 5.960464477539063e-08, 0, -0.4641280472278595, 0.8775241374969482, -0.12056847661733627, -0.5088939666748047, -0.15275973081588745, 0.8471665978431702, 0.7249912023544312, 0.45455026626586914, 0.5174669027328491),
            ["RightHand"] = CFrame.new(-1.043081283569336e-07, 1.1920928955078125e-07, -2.9802322387695312e-08, 0.8305526375770569, -0.5203444957733154, -0.19855573773384094, 0.5356234908103943, 0.8439669013023376, 0.028758671134710312, 0.1526101678609848, -0.13023683428764343, 0.979667603969574),
            ["RightUpperArm"] = CFrame.new(0, -3.5762786865234375e-07, -8.381903171539307e-08, 0.5364188551902771, -0.8412843346595764, -0.06704781204462051, 0.83553147315979, 0.5405828356742859, -0.09827294200658798, 0.11892031133174896, -0.0033051036298274994, 0.9928982853889465),
            ["RightLowerLeg"] = CFrame.new(5.029141902923584e-08, 5.960464477539063e-08, 6.351910997182131e-09, 1, -1.4202669262886047e-07, -1.2665992699112394e-07, 1.4156101713069802e-07, 0.17076103389263153, 0.9853124618530273, -1.331791139591587e-07, -0.9853125214576721, 0.17076128721237183),
            ["LeftUpperLeg"] = CFrame.new(0, 1.4901161193847656e-08, 1.1175870895385742e-08, 0.9804704189300537, 0.005023445934057236, 0.19660241901874542, 0.11075687408447266, 0.8119666576385498, -0.5730993747711182, -0.16251355409622192, 0.5836822390556335, 0.7955530285835266),
            ["LeftLowerLeg"] = CFrame.new(6.111804395914078e-09, 0, 3.702007234096527e-08, 1, 7.450581307466564e-08, 7.07805440924858e-08, -7.823108916227284e-08, 0.4541354477405548, 0.8909327983856201, 4.00468671557519e-08, -0.8909327387809753, 0.45413514971733093)
        }},
        [4] = {Time = 0.100, Data = {
            ["RightFoot"] = CFrame.new(1.4528632164001465e-07, 3.5762786865234375e-07, 6.129994289949536e-08, 0.9756636023521423, 0.21779559552669525, 0.025413254275918007, -0.1990167796611786, 0.928217887878418, -0.31433045864105225, -0.09204889088869095, 0.3016233444213867, 0.948973536491394),
            ["LeftLowerArm"] = CFrame.new(-1.1920928955078125e-07, -2.980232238769531e-07, -3.8743019104003906e-07, 1, -2.9802322387695312e-08, 1.4901158351676713e-07, 1.6391277313232422e-07, -0.17429344356060028, -0.9846937656402588, 1.043081283569336e-07, 0.9846937656402588, -0.17429353296756744),
            ["LeftFoot"] = CFrame.new(-2.7008354663848877e-08, 0, 7.450580596923828e-08, 0.9871670007705688, -0.15902581810951233, -0.014568480663001537, 0.13579416275024414, 0.8839448094367981, -0.4474390149116516, 0.08403205871582031, 0.43971866369247437, 0.8941958546638489),
            ["Head"] = CFrame.new(2.2351741790771484e-08, -1.1920928955078125e-07, 3.958120942115784e-08, 0.9902406334877014, -0.1250758171081543, 0.06147779896855354, 0.13920341432094574, 0.9090806245803833, -0.39267659187316895, -0.006773923523724079, 0.3974023759365082, 0.9176195859909058),
            ["LowerTorso"] = CFrame.new(0.01232832670211792, -0.3207263946533203, 0.3168664574623108, 0.9963785409927368, 0.0814344584941864, 0.024462100118398666, -0.08499705791473389, 0.9459851384162903, 0.3128702938556671, 0.002337635960429907, -0.3138163983821869, 0.9494808316230774),
            ["UpperTorso"] = CFrame.new(-6.402842700481415e-10, 2.086162567138672e-07, -3.91155481338501e-08, 0.997125506401062, 0.07419773191213608, -0.015344101004302502, -0.0727471262216568, 0.9941474199295044, 0.0798666849732399, 0.021180227398872375, -0.07852087169885635, 0.9966875314712524),
            ["HumanoidRootPart"] = CFrame.new(0, 0, 0, 1, 0, 0, 0, 1, 0, 0, 0, 1),
            ["RightUpperLeg"] = CFrame.new(0, 5.364418029785156e-07, 3.742025000974536e-08, 0.8917975425720215, -0.3972215950489044, -0.21659217774868011, 0.009215395897626877, 0.49457451701164246, -0.869086503982544, 0.45234090089797974, 0.7730530500411987, 0.44472071528434753),
            ["LeftUpperArm"] = CFrame.new(0, -2.384185791015625e-07, 4.7497451305389404e-08, 0.7658266425132751, 0.15348859131336212, 0.6244606971740723, -0.3664456605911255, 0.9021584391593933, 0.2276570349931717, -0.528419554233551, -0.4031766355037689, 0.7471420764923096),
            ["RightLowerArm"] = CFrame.new(5.960464477539063e-08, -3.5762786865234375e-07, -3.91155481338501e-08, 1, -3.725290298461914e-08, 8.940693874137651e-08, 7.450580596923828e-08, -0.6038416624069214, -0.7971041798591614, 1.564621925354004e-07, 0.7971043586730957, -0.6038417220115662),
            ["LeftHand"] = CFrame.new(1.862645149230957e-07, -1.7881393432617188e-07, -2.384185791015625e-07, -0.4535120725631714, 0.8823491334915161, -0.1256464421749115, -0.5486747026443481, -0.16530825197696686, 0.8195300698280334, 0.7023409605026245, 0.440605491399765, 0.5590917468070984),
            ["RightHand"] = CFrame.new(-1.043081283569336e-07, -5.960464477539063e-08, -1.7881393432617188e-07, 0.8480348587036133, -0.46933162212371826, -0.24609941244125366, 0.4691827893257141, 0.8808450698852539, -0.06308431178331375, 0.24638278782367706, -0.061967723071575165, 0.9671895503997803),
            ["RightUpperArm"] = CFrame.new(0, -1.1920928955078125e-07, 1.0617077350616455e-07, 0.5609871745109558, -0.7840068340301514, -0.26575738191604614, 0.5858221650123596, 0.602801501750946, -0.5417035222053528, 0.5848981142044067, 0.14820225536823273, 0.7974523901939392),
            ["RightLowerLeg"] = CFrame.new(-2.9802322387695312e-08, -5.960464477539063e-08, 5.3849362302571535e-08, 1, -1.601874686230076e-07, -9.3132300094112e-08, 1.1920928955078125e-07, 0.12033677846193314, 0.9927331209182739, -1.8998980522155762e-07, -0.9927331209182739, 0.1203371211886406),
            ["LeftUpperLeg"] = CFrame.new(2.9802322387695312e-08, 4.0605664253234863e-07, -6.984919309616089e-08, 0.9314470291137695, 0.13571612536907196, 0.33762073516845703, 0.14537687599658966, 0.711779773235321, -0.6871938109397888, -0.3335748314857483, 0.6891666650772095, 0.6432549953460693),
            ["LeftLowerLeg"] = CFrame.new(1.0244548320770264e-07, 0, -2.2351741790771484e-08, 1, 1.0430815677864302e-07, 9.313227877782992e-08, -9.313224325069314e-08, 0.33222082257270813, 0.9432017803192139, 2.607702853651972e-08, -0.9432017207145691, 0.3322206735610962)
        }},
        [5] = {Time = 0.133, Data = {
            ["RightFoot"] = CFrame.new(3.91155481338501e-08, 4.172325134277344e-07, -4.300818545743823e-08, 0.9803466796875, 0.09643490612506866, 0.1721070110797882, -0.10212234407663345, 0.9944705963134766, 0.024482643231749535, -0.16879461705684662, -0.04157733544707298, 0.9847740530967712),
            ["LeftLowerArm"] = CFrame.new(1.1920928955078125e-07, -1.1920928955078125e-07, 5.960464477539063e-08, 1, -1.1920927533992653e-07, 8.940693874137651e-08, 1.4901159772762185e-07, -0.1307092159986496, -0.9914208054542542, 1.341104365337742e-07, 0.9914207458496094, -0.13070936501026154),
            ["LeftFoot"] = CFrame.new(1.4901161193847656e-08, -5.960464477539063e-08, 0, 0.9812050461769104, -0.19282568991184235, -0.00741657055914402, 0.18885937333106995, 0.9674909114837646, -0.16820693016052246, 0.039610035717487335, 0.16364488005638123, 0.9857239127159119),
            ["Head"] = CFrame.new(3.5390257835388184e-08, 0, -1.555308699607849e-07, 0.9897350072860718, -0.1240978017449379, 0.07088252156972885, 0.14211538434028625, 0.9069971442222595, -0.39643338322639465, -0.015093722380697727, 0.4024375379085541, 0.9153231382369995),
            ["LowerTorso"] = CFrame.new(0.012914523482322693, -0.2918323278427124, 0.33916574716567993, 0.9977407455444336, 0.06551846116781235, 0.014856886118650436, -0.06661699712276459, 0.9362415671348572, 0.3449839651584625, 0.008693182840943336, -0.3451942801475525, 0.9384909868240356),
            ["UpperTorso"] = CFrame.new(-4.773028194904327e-09, 2.9802322387695312e-08, 3.993045538663864e-08, 0.9952137470245361, 0.09742073714733124, -0.007673250511288643, -0.09642539173364639, 0.9917232990264893, 0.08477712422609329, 0.015868794173002243, -0.0836314931511879, 0.9963703751564026),
            ["HumanoidRootPart"] = CFrame.new(0, 0, 0, 1, 0, 0, 0, 1, 0, 0, 0, 1),
            ["RightUpperLeg"] = CFrame.new(1.1920928955078125e-07, -2.60770320892334e-08, 1.161170075647533e-07, 0.7722589373588562, -0.5337082147598267, -0.344633013010025, -0.12422791868448257, 0.4051360785961151, -0.9057771563529968, 0.6230438947677612, 0.7423074841499329, 0.24656857550144196),
            ["LeftUpperArm"] = CFrame.new(0, -1.1920928955078125e-07, -1.7508864402770996e-07, 0.7697020173072815, 0.14629152417182922, 0.6214157938957214, -0.33000895380973816, 0.9244254231452942, 0.19113263487815857, -0.5464914441108704, -0.3521881401538849, 0.759809672832489),
            ["RightLowerArm"] = CFrame.new(5.960464477539063e-08, -2.384185791015625e-07, 2.3096799850463867e-07, 1, -2.2351738238057806e-08, 1.3411042232291948e-07, 6.51925802230835e-08, -0.5816401839256287, -0.8134462237358093, 1.1920928955078125e-07, 0.8134462237358093, -0.5816401243209839),
            ["LeftHand"] = CFrame.new(1.4901161193847656e-07, 0, 0, -0.430681049823761, 0.8907279968261719, -0.14531923830509186, -0.6020654439926147, -0.16360826790332794, 0.7815049290657043, 0.6723325848579407, 0.4240708649158478, 0.6067392230033875),
            ["RightHand"] = CFrame.new(0, -3.5762786865234375e-07, -5.960464477539063e-08, 0.8493413925170898, -0.4672347903251648, -0.24558329582214355, 0.4674508273601532, 0.8818985223770142, -0.06119377166032791, 0.24517127871513367, -0.06282361596822739, 0.9674421548843384),
            ["RightUpperArm"] = CFrame.new(0, 0, -2.60770320892334e-07, 0.4746362566947937, -0.6829845309257507, -0.5552049279212952, 0.057664819061756134, 0.6535580158233643, -0.7546765804290771, 0.878291130065918, 0.32618096470832825, 0.34958669543266296),
            ["RightLowerLeg"] = CFrame.new(-6.332993507385254e-08, 1.7881393432617188e-07, -2.438173396512866e-08, 1, -1.8253919620292436e-07, -7.63685079618881e-08, 1.378357268322361e-07, 0.08787009865045547, 0.9961320161819458, -9.685753354915505e-08, -0.9961320161819458, 0.0878702700138092),
            ["LeftUpperLeg"] = CFrame.new(0, -5.21540641784668e-08, 1.1920928955078125e-07, 0.8655973672866821, 0.24841567873954773, 0.43477708101272583, 0.20017606019973755, 0.6242064833641052, -0.7551792860031128, -0.45898890495300293, 0.7407131791114807, 0.4905847907066345),
            ["LeftLowerLeg"] = CFrame.new(-2.7939677238464355e-08, 5.960464477539063e-08, -7.450580596923828e-09, 1, 7.4505820180093e-08, 1.192093321833454e-07, -7.264316082000732e-08, 0.2305784672498703, 0.9730538129806519, 4.470348358154297e-08, -0.9730538129806519, 0.23057836294174194)
        }},
        [6] = {Time = 0.167, Data = {
            ["RightFoot"] = CFrame.new(-1.0337680578231812e-07, 3.5762786865234375e-07, 5.420588422566652e-09, 0.9803698658943176, 0.04992914944887161, 0.19074082374572754, -0.09459932893514633, 0.967898428440094, 0.23286011815071106, -0.17299127578735352, -0.24633300304412842, 0.9536216259002686),
            ["LeftLowerArm"] = CFrame.new(-1.4901161193847656e-07, -6.556510925292969e-07, 2.682209014892578e-07, 1, -7.450579886381092e-08, 1.0430809993522416e-07, 1.7881390590446244e-07, -0.09861057996749878, -0.9951261878013611, 1.341104365337742e-07, 0.9951261281967163, -0.09861051291227341),
            ["LeftFoot"] = CFrame.new(-2.2817403078079224e-08, 1.1920928955078125e-07, -1.4901161193847656e-08, 0.9654267430305481, -0.2591840326786041, 0.027831433340907097, 0.2591675817966461, 0.9658231139183044, 0.004278123378753662, -0.027989286929368973, 0.0030828271992504597, 0.9996035099029541),
            ["Head"] = CFrame.new(-6.51925802230835e-08, -1.1920928955078125e-07, -1.2549571692943573e-07, 0.9902613162994385, -0.1144157201051712, 0.0793197900056839, 0.137430801987648, 0.8944380283355713, -0.4255508482456207, -0.022256942465901375, 0.43230748176574707, 0.901451587677002),
            ["LowerTorso"] = CFrame.new(0.013149671256542206, -0.27920711040496826, 0.3535546064376831, 0.9985013008117676, 0.05405254662036896, 0.008570820093154907, -0.053568992763757706, 0.9332414269447327, 0.35523366928100586, 0.011202637106180191, -0.3551604449748993, 0.9347382187843323),
            ["UpperTorso"] = CFrame.new(3.259629011154175e-09, 2.9802322387695312e-08, -9.807990863919258e-09, 0.994013786315918, 0.10921318084001541, -0.0030388874001801014, -0.10845872759819031, 0.9897364377975464, 0.09305232018232346, 0.013170232996344566, -0.09216564893722534, 0.9956566691398621),
            ["HumanoidRootPart"] = CFrame.new(0, 0, 0, 1, 0, 0, 0, 1, 0, 0, 0, 1),
            ["RightUpperLeg"] = CFrame.new(-5.960464477539063e-08, 1.1920928955078125e-07, -1.2137024896219373e-07, 0.7396945953369141, -0.56365567445755, -0.36761996150016785, -0.17264418303966522, 0.3690527379512787, -0.9132328629493713, 0.6504197716712952, 0.7389807105064392, 0.17567433416843414),
            ["LeftUpperArm"] = CFrame.new(-3.5762786865234375e-07, 0, -2.230517566204071e-07, 0.7730726003646851, 0.1531759351491928, 0.6155451536178589, -0.3158704936504364, 0.934492826461792, 0.16416148841381073, -0.5500770211219788, -0.321341335773468, 0.7708146572113037),
            ["RightLowerArm"] = CFrame.new(-2.9802322387695312e-08, -5.960464477539063e-08, 2.3469328880310059e-07, 1, -5.774199962615967e-08, 1.2665984172599565e-07, 1.1548398504146462e-07, -0.3730051517486572, -0.9278293251991272, 1.2665985593685036e-07, 0.9278293251991272, -0.37300506234169006),
            ["LeftHand"] = CFrame.new(-2.9802322387695312e-08, -1.1920928955078125e-07, 2.086162567138672e-07, -0.41235241293907166, 0.8980611562728882, -0.15313927829265594, -0.6372324824333191, -0.1641913652420044, 0.7529783248901367, 0.6510763168334961, 0.4080776870250702, 0.6399782299995422),
            ["RightHand"] = CFrame.new(2.9802322387695312e-08, 0, 3.504101186990738e-08, 0.8682520985603333, -0.2490900158882141, -0.429060161113739, 0.16565029323101044, 0.9607461094856262, -0.2225469946861267, 0.4676520824432373, 0.12215270102024078, 0.8754314184188843),
            ["RightUpperArm"] = CFrame.new(0, 1.1920928955078125e-07, -2.39349901676178e-07, 0.24295319616794586, -0.6089187264442444, -0.7551103830337524, -0.3661799728870392, 0.6632699966430664, -0.6526756286621094, 0.8982684016227722, 0.43507590889930725, -0.061830174177885056),
            ["RightLowerLeg"] = CFrame.new(2.2351741790771484e-08, 2.980232238769531e-07, -1.7339334590360522e-07, 1, -1.862645149230957e-07, -1.1734671545582387e-07, 9.685756197086448e-08, 0.09462721645832062, 0.9955127835273743, -1.4156104555240745e-07, -0.995512843132019, 0.0946274995803833),
            ["LeftUpperLeg"] = CFrame.new(-5.960464477539063e-08, 2.1420419216156006e-07, -1.0710209608078003e-08, 0.8268681168556213, 0.3024587035179138, 0.4741392135620117, 0.22895970940589905, 0.5889997482299805, -0.7750204801559448, -0.5136793851852417, 0.7493984699249268, 0.4177742004394531),
            ["LeftLowerLeg"] = CFrame.new(2.3283064365386963e-08, -1.1920928955078125e-07, -3.3527612686157227e-08, 1, 7.823111758398227e-08, 3.2596297216969106e-08, -3.4458931708059026e-08, 0.19537198543548584, 0.9807292222976685, 9.872017869838601e-08, -0.9807292222976685, 0.19537195563316345)
        }},
        [7] = {Time = 0.200, Data = {
            ["RightFoot"] = CFrame.new(-6.51925802230835e-08, 3.5762786865234375e-07, -2.8107024263590574e-08, 0.961807131767273, 0.09377031773328781, 0.25716567039489746, -0.042691558599472046, 0.9793840050697327, -0.19744467735290527, -0.27037835121154785, 0.17892515659332275, 0.9459817409515381),
            ["LeftLowerArm"] = CFrame.new(1.7881393432617188e-07, -5.960464477539062e-07, -1.341104507446289e-07, 1, -1.341104365337742e-07, 1.4901162614933128e-07, 1.043081283569336e-07, -0.10606373846530914, -0.9943593740463257, 1.1920928955078125e-07, 0.9943593740463257, -0.1060638576745987),
            ["LeftFoot"] = CFrame.new(5.21540641784668e-08, -1.1920928955078125e-07, 0, 0.9883501529693604, -0.09288803488016129, -0.12056536972522736, 0.06681668758392334, 0.9765549898147583, -0.20463603734970093, 0.13674695789813995, 0.19419622421264648, 0.9713847041130066),
            ["Head"] = CFrame.new(-3.91155481338501e-08, 1.1920928955078125e-07, -9.755603969097137e-08, 0.9914352893829346, -0.10102926939725876, 0.0827602744102478, 0.1279192417860031, 0.8789382576942444, -0.45946088433265686, -0.026322174817323685, 0.4661123752593994, 0.8843339681625366),
            ["LowerTorso"] = CFrame.new(0.014235474169254303, -0.29747629165649414, 0.364313542842865, 0.9987993240356445, 0.0484539195895195, 0.0072209094651043415, -0.04771781712770462, 0.9288949966430664, 0.3672563135623932, 0.011087541468441486, -0.367159903049469, 0.9300917387008667),
            ["UpperTorso"] = CFrame.new(-5.122274160385132e-09, -1.1920928955078125e-07, 5.587935447692871e-09, 0.9940075874328613, 0.10931164771318436, -0.0002961205318570137, -0.10887084156274796, 0.9902350902557373, 0.0870731770992279, 0.009811335243284702, -0.08651918172836304, 0.9962018728256226),
            ["HumanoidRootPart"] = CFrame.new(0, 0, 0, 1, 0, 0, 0, 1, 0, 0, 0, 1),
            ["RightUpperLeg"] = CFrame.new(5.960464477539063e-08, -1.4156103134155273e-07, 2.0190782379359007e-08, 0.7918286919593811, -0.48813536763191223, -0.36705756187438965, -0.12528248131275177, 0.4583999812602997, -0.8798715472221375, 0.597755491733551, 0.7426933646202087, 0.301819384098053),
            ["LeftUpperArm"] = CFrame.new(0, -1.1920928955078125e-07, -3.3993273973464966e-07, 0.7758377194404602, 0.18021737039089203, 0.6046466827392578, -0.3332134485244751, 0.9308238625526428, 0.15011896193027496, -0.5357654690742493, -0.3179444670677185, 0.7822191715240479),
            ["RightLowerArm"] = CFrame.new(0, -4.172325134277344e-07, -7.12461769580841e-08, 1, -8.009372010064908e-08, 1.3038514623531228e-07, 6.332993507385254e-08, -0.10614687949419022, -0.9943505525588989, 8.940696716308594e-08, 0.9943505525588989, -0.10614681243896484),
            ["LeftHand"] = CFrame.new(-1.1175870895385742e-07, 5.960464477539063e-08, 5.960464477539063e-08, -0.4033084213733673, 0.9063476920127869, -0.1260005235671997, -0.6239856481552124, -0.17168128490447998, 0.7623432278633118, 0.669316291809082, 0.3860819935798645, 0.6347887516021729),
            ["RightHand"] = CFrame.new(-7.450580596923828e-09, 2.980232238769531e-07, -1.4528632164001465e-07, 0.8450367450714111, -0.32479241490364075, -0.4247622489929199, 0.2486298382282257, 0.9419531226158142, -0.22562676668167114, 0.47338783740997314, 0.08505430817604065, 0.8767380714416504),
            ["RightUpperArm"] = CFrame.new(0, 2.384185791015625e-07, -1.2759119272232056e-07, 0.13057871162891388, -0.6255258321762085, -0.7691987156867981, -0.4611819386482239, 0.6484706997871399, -0.605637788772583, 0.8776448369026184, 0.43382394313812256, -0.20380474627017975),
            ["RightLowerLeg"] = CFrame.new(1.0058283805847168e-07, 2.980232238769531e-07, -5.045876605436206e-08, 1, -1.7881390590446244e-07, -1.3411050758804777e-07, 1.4156103134155273e-07, 0.16564255952835083, 0.9861859083175659, -7.450580596923828e-08, -0.9861859083175659, 0.16564281284809113),
            ["LeftUpperLeg"] = CFrame.new(-5.960464477539063e-08, -2.7008354663848877e-07, -2.561137080192566e-09, 0.8330851793289185, 0.29850155115127563, 0.465688556432724, 0.21700935065746307, 0.5980225205421448, -0.7715412378311157, -0.5087984800338745, 0.743818461894989, 0.4334262013435364),
            ["LeftLowerLeg"] = CFrame.new(5.774199962615967e-08, 5.960464477539063e-08, -2.9802322387695312e-08, 1, 6.332995639013461e-08, 1.1362138252479781e-07, -1.0244549741855735e-07, 0.22398687899112701, 0.9745922088623047, 8.47503613954359e-08, -0.9745922684669495, 0.22398672997951508)
        }},
        [8] = {Time = 0.233, Data = {
            ["RightFoot"] = CFrame.new(-5.21540641784668e-08, 1.1920928955078125e-07, -5.790934665128589e-08, 0.9876738786697388, 0.12900131940841675, 0.08865102380514145, -0.07275690883398056, 0.8798267841339111, -0.4696926474571228, -0.13858851790428162, 0.4574534296989441, 0.8783677220344543),
            ["LeftLowerArm"] = CFrame.new(1.1920928955078125e-07, -2.980232238769531e-07, 8.940696716308594e-08, 1, -1.341104507446289e-07, 8.940696716308594e-08, 7.450581307466564e-08, -0.10035187005996704, -0.9949520826339722, 4.4703490686970326e-08, 0.9949520826339722, -0.10035187005996704),
            ["LeftFoot"] = CFrame.new(1.862645149230957e-09, -5.960464477539063e-08, -2.9802322387695312e-08, 0.9973723888397217, 0.002843162277713418, -0.07239026576280594, -0.040778592228889465, 0.8479331135749817, -0.5285326242446899, 0.059879403561353683, 0.5300956964492798, 0.845820963382721),
            ["Head"] = CFrame.new(1.862645149230957e-09, 1.1920928955078125e-07, -8.451752364635468e-08, 0.9935174584388733, -0.08677921444177628, 0.07343392074108124, 0.11094466596841812, 0.8810200095176697, -0.459885835647583, -0.024788234382867813, 0.4650517702102661, 0.884936511516571),
            ["LowerTorso"] = CFrame.new(0.016919098794460297, -0.3500782251358032, 0.3684268593788147, 0.9993185997009277, 0.036726705729961395, 0.003670230507850647, -0.03545062243938446, 0.9273773431777954, 0.3724440038204193, 0.01027495227754116, -0.37232035398483276, 0.9280474185943604),
            ["UpperTorso"] = CFrame.new(3.026798367500305e-09, 5.960464477539063e-08, 9.655195754021406e-09, 0.99411541223526, 0.10830290615558624, 0.00228243344463408, -0.1081945076584816, 0.9916378855705261, 0.07034515589475632, 0.005355237051844597, -0.0701780915260315, 0.9975202083587646),
            ["HumanoidRootPart"] = CFrame.new(0, 0, 0, 1, 0, 0, 0, 1, 0, 0, 0, 1),
            ["RightUpperLeg"] = CFrame.new(-5.960464477539063e-08, 2.1420419216156006e-07, 9.888753993436694e-08, 0.9597263336181641, -0.26388949155807495, -0.09637369215488434, 0.03872904181480408, 0.4640449285507202, -0.884964644908905, 0.2782546281814575, 0.8455913066864014, 0.4555761516094208),
            ["LeftUpperArm"] = CFrame.new(0, 3.5762786865234375e-07, -1.5040859580039978e-07, 0.7821528911590576, 0.23516471683979034, 0.5770047307014465, -0.38018301129341125, 0.9138018488883972, 0.14292295277118683, -0.493657648563385, -0.33115512132644653, 0.8041384816169739),
            ["RightLowerArm"] = CFrame.new(-1.1920928955078125e-07, -5.960464477539063e-08, 4.1676685214042664e-08, 1, -9.220092067607766e-08, 6.903427873794499e-08, 7.124618406351146e-08, 0.2945675551891327, -0.9556307196617126, 5.1921240640240285e-08, 0.9556306600570679, 0.2945675551891327),
            ["LeftHand"] = CFrame.new(-2.384185791015625e-07, 1.7881393432617188e-07, -2.086162567138672e-07, -0.37792420387268066, 0.9216927886009216, -0.0874967873096466, -0.6029279828071594, -0.17329324781894684, 0.7787473201751709, 0.7026031613349915, 0.34706178307533264, 0.6212060451507568),
            ["RightHand"] = CFrame.new(9.313225746154785e-10, -2.980232238769531e-07, 9.778887033462524e-08, 0.7944997549057007, -0.440448135137558, -0.41806191205978394, 0.3608732521533966, 0.8961312174797058, -0.2583007514476776, 0.48840633034706116, 0.054352566599845886, 0.8709219694137573),
            ["RightUpperArm"] = CFrame.new(2.384185791015625e-07, 1.1920928955078125e-07, -1.6670674085617065e-07, 0.05602260306477547, -0.6770670413970947, -0.7337859869003296, -0.45978862047195435, 0.6348770260810852, -0.6209070682525635, 0.8862596154212952, 0.3721712827682495, -0.27574020624160767),
            ["RightLowerLeg"] = CFrame.new(-3.725290298461914e-08, 4.172325134277344e-07, 3.149762051180005e-08, 1, -1.341104507446289e-07, -1.2665995541283337e-07, 1.564622067462551e-07, 0.17932699620723724, 0.9837895631790161, -1.266598843585598e-07, -0.9837895035743713, 0.17932729423046112),
            ["LeftUpperLeg"] = CFrame.new(0, 3.725290298461914e-09, 1.2933742254972458e-07, 0.9654426574707031, 0.13536176085472107, 0.22270567715168, 0.10494779795408249, 0.5802606344223022, -0.807640790939331, -0.23855102062225342, 0.8031032681465149, 0.5460024476051331),
            ["LeftLowerLeg"] = CFrame.new(2.0489096641540527e-08, -5.960464477539063e-08, -3.3527612686157227e-08, 1, 8.195640788244418e-08, 4.4703494239684005e-08, -8.195638656616211e-08, 0.22425854206085205, 0.9745298027992249, 5.587935447692871e-08, -0.9745297431945801, 0.22425852715969086)
        }},
        [9] = {Time = 0.267, Data = {
            ["RightFoot"] = CFrame.new(3.725290298461914e-08, 4.172325134277344e-07, -5.045876605436206e-08, 0.9806855320930481, 0.08907753974199295, -0.17413006722927094, -0.17198729515075684, 0.8167084455490112, -0.5508242845535278, 0.09314737468957901, 0.5701337456703186, 0.8162545561790466),
            ["LeftLowerArm"] = CFrame.new(1.1920928955078125e-07, -2.384185791015625e-07, 8.940696716308594e-08, 1, -8.940695295223122e-08, 2.2351736461700966e-08, 1.1175869474300271e-07, -0.0870000347495079, -0.9962083101272583, 1.1175869474300271e-07, 0.9962083101272583, -0.08699999004602432),
            ["LeftFoot"] = CFrame.new(-4.6566128730773926e-09, 0, -2.2118911147117615e-08, 0.9980372786521912, 0.022063864395022392, 0.058607276529073715, 0.019274935126304626, 0.7822104692459106, -0.6227160096168518, -0.059582773596048355, 0.6226235032081604, 0.7802500128746033),
            ["Head"] = CFrame.new(-2.7939677238464355e-08, 0, -9.674113243818283e-08, 0.9951397180557251, -0.07582845538854599, 0.06282568722963333, 0.0953667014837265, 0.9011126160621643, -0.42296716570854187, -0.024540062993764877, 0.4269029200077057, 0.9039645195007324),
            ["LowerTorso"] = CFrame.new(0.022063957527279854, -0.380168080329895, 0.3676053285598755, 0.9998995065689087, 0.013611050322651863, -0.00398684898391366, -0.011155013926327229, 0.9283222556114197, 0.37160927057266235, 0.008759073913097382, -0.37152746319770813, 0.9283806681632996),
            ["UpperTorso"] = CFrame.new(2.3283064365386963e-09, -1.4901161193847656e-07, -1.4078977983444929e-08, 0.9931815266609192, 0.1163456067442894, 0.007358602248132229, -0.11657805740833282, 0.9911996126174927, 0.06271414458751678, 0.000002671033371370868, -0.06314437836408615, 0.9980044960975647),
            ["HumanoidRootPart"] = CFrame.new(0, 0, 0, 1, 0, 0, 0, 1, 0, 0, 0, 1),
            ["RightUpperLeg"] = CFrame.new(0, -2.952292561531067e-07, -2.1951564121991396e-08, 0.9825408458709717, -0.0015385322039946914, 0.18604129552841187, 0.1634589433670044, 0.4847058355808258, -0.859268069267273, -0.08885326981544495, 0.874675989151001, 0.47649458050727844),
            ["LeftUpperArm"] = CFrame.new(0, 1.1920928955078125e-07, -2.1560117602348328e-07, 0.7871809601783752, 0.318237841129303, 0.5282719135284424, -0.4454950988292694, 0.8857603073120117, 0.13024139404296875, -0.42647430300712585, -0.3378661572933197, 0.8390268087387085),
            ["RightLowerArm"] = CFrame.new(1.1920928955078125e-07, -5.960464477539063e-08, 1.7136335372924805e-07, 1, -5.5879340266073996e-08, -5.5879341154252415e-09, 3.7252888773764425e-08, 0.8049992918968201, -0.5932758450508118, 2.2351734685344127e-08, 0.5932758450508118, 0.8049992918968201),
            ["LeftHand"] = CFrame.new(-1.4901161193847656e-08, 0, 8.940696716308594e-08, -0.3469710648059845, 0.936865508556366, -0.04351960867643356, -0.5822718739509583, -0.1788056194782257, 0.7930876612663269, 0.7352349758148193, 0.3005189001560211, 0.6075509190559387),
            ["RightHand"] = CFrame.new(-7.450580596923828e-08, 1.7881393432617188e-07, 3.0547380447387695e-07, 0.8502456545829773, -0.5258604288101196, -0.023518437519669533, 0.505949854850769, 0.8287482857704163, -0.23914705216884613, 0.14524883031845093, 0.19143469631671906, 0.9706984758377075),
            ["RightUpperArm"] = CFrame.new(1.1920928955078125e-07, -2.384185791015625e-07, -3.2177194952964783e-07, 0.14156624674797058, -0.7476550936698914, -0.6488229632377625, -0.17659197747707367, 0.6258376240730286, -0.7596989870071411, 0.9740505218505859, 0.22212448716163635, -0.043432317674160004),
