return {
    ["Windmill Stomp"] = {
        {Time = 0.000, Data = {
            ["LeftLowerArm"] = CFrame.new(-5.960464477539063e-08, -2.384185791015625e-07, 1.4901161193847656e-08, 1, -2.2351741790771484e-08, 5.960463766996327e-08, 3.725290298461914e-08, 0.04004418104887009, -0.9991979002952576, 8.940696716308594e-08, 0.9991979598999023, 0.04004419967532158),
            ["LeftFoot"] = CFrame.new(2.421438694000244e-08, -1.1920928955078125e-07, 1.862645149230957e-09, 0.9798893332481384, -0.16076359152793884, -0.11820351332426071, 0.1403472125530243, 0.9763519167900085, -0.16443775594234467, 0.14184388518333435, 0.14454126358032227, 0.9792794585227966),
            ["RightHand"] = CFrame.new(-2.9802322387695312e-08, -2.980232238769531e-07, 2.9802322387695312e-08, 0.9813334941864014, 0.11782662570476532, 0.15199171006679535, -0.10364191234111786, 0.989763081073761, -0.09811949729919434, -0.16199682652950287, 0.08053527027368546, 0.9834994077682495),
            ["HumanoidRootPart"] = CFrame.new(0, 0, 0, 1, 0, 0, 0, 1, 0, 0, 0, 1),
            ["RightLowerLeg"] = CFrame.new(-1.4901161193847656e-08, 2.384185791015625e-07, -4.300818545743823e-08, 1, -6.705524668859653e-08, -8.940698137394065e-08, 9.499490261077881e-08, 0.791037917137146, 0.6117666959762573, -3.5390257835388184e-08, -0.6117672324180603, 0.7910382747650146),
            ["LeftUpperLeg"] = CFrame.new(2.9802322387695312e-08, 1.7695128917694092e-07, -2.2351741790771484e-08, 0.9134108424186707, 0.3000161647796631, 0.2750833332538605, -0.25342798233032227, 0.9480193853378296, -0.19244104623794556, -0.31851983070373535, 0.10606388747692108, 0.9419637322425842),
            ["LeftLowerLeg"] = CFrame.new(-1.1175870895385742e-08, 1.7881393432617188e-07, -1.4901161193847656e-08, 1, 6.332996349556197e-08, 1.3038519597330378e-08, -6.519258732851085e-08, 0.8052337169647217, 0.5929574370384216, 0, -0.592957615852356, 0.805233895778656),
            ["RightUpperArm"] = CFrame.new(-1.1920928955078125e-07, -4.76837158203125e-07, 9.685754776000977e-08, 0.36590200662612915, -0.1579272449016571, 0.9171558618545532, 0.48755520582199097, 0.8719642758369446, -0.04436596482992172, -0.7927204370498657, 0.4633975923061371, 0.39605167508125305),
            ["Head"] = CFrame.new(-1.4901161193847656e-08, -1.1920928955078125e-07, -3.725290298461914e-09, 0.9496737122535706, 0.032320354133844376, 0.31156906485557556, -0.08209800720214844, 0.9855738878250122, 0.1480000913143158, -0.3022909164428711, -0.1661308854818344, 0.9386271238327026),
            ["UpperTorso"] = CFrame.new(-1.1175870895385742e-08, 2.086162567138672e-07, -5.122274160385132e-08, 0.9976062178611755, -0.06158438324928284, 0.03145279362797737, 0.050856851041316986, 0.9615910053253174, 0.2697337567806244, -0.046856146305799484, -0.2674884796142578, 0.9624211192131042),
            ["LeftUpperArm"] = CFrame.new(0, -3.5762786865234375e-07, -3.725290298461914e-08, 0.5992973446846008, 0.5748318433761597, 0.5571455955505371, -0.5226091146469116, 0.8081390261650085, -0.27164509892463684, -0.6064013242721558, -0.1283731460571289, 0.7847278118133545),
            ["RightLowerArm"] = CFrame.new(1.1920928955078125e-07, 0, -6.705522537231445e-08, 1, -5.960463766996327e-08, 2.9802322387695312e-08, 1.4901161193847656e-08, 0.6609723567962646, -0.7504101991653442, 7.404014468193054e-08, 0.750410258769989, 0.6609724760055542),
            ["LeftHand"] = CFrame.new(-8.940696716308594e-08, -5.960464477539063e-08, -1.4156103134155273e-07, 0.2997267544269562, 0.25239622592926025, 0.9200326800346375, -0.25494444370269775, 0.9504881501197815, -0.17769604921340942, -0.919329822063446, -0.18129685521125793, 0.3492337167263031),
            ["RightFoot"] = CFrame.new(9.313225746154785e-08, 2.384185791015625e-07, 5.3849362302571535e-08, 0.9905397891998291, 0.13696935772895813, -0.00838835071772337, -0.12392020970582962, 0.8665640950202942, -0.48343604803085327, -0.058946747332811356, 0.4799022674560547, 0.8753395080566406),
            ["LowerTorso"] = CFrame.new(0.020602375268936157, -0.13818359375, 0.11210694909095764, 0.897031307220459, -0.11595698446035385, -0.4264843463897705, -0.014675910584628582, 0.9566213488578796, -0.2909642159938812, 0.44172337651252747, 0.2672630548477173, 0.8564175367355347),
            ["RightUpperLeg"] = CFrame.new(-5.960464477539063e-08, 2.421438694000244e-07, -7.620110409334302e-08, 0.9742087125778198, -0.1754535734653473, -0.14189238846302032, 0.195118710398674, 0.9708566665649414, 0.1391620635986328, 0.11334072053432465, -0.1632588654756546, 0.9800513386726379),
            ["Guitar"] = CFrame.new(0.17250412702560425, -0.3193453550338745, 0.2575194239616394, 0.942683756351471, -0.333344042301178, -0.015139264985918999, 0.2657512426376343, 0.7225499153137207, 0.6381987929344177, -0.2018008679151535, -0.6056430339813232, 0.7697228193283081),
        }},
        {Time = 0.033, Data = {
            ["LeftLowerArm"] = CFrame.new(5.960464477539063e-08, -1.1920928955078125e-07, -2.9802322387695312e-08, 1, -1.1920927533992653e-07, 7.823108916227284e-08, 1.3038514623531228e-07, 0.0008165462641045451, -0.9999996423721313, 5.960463766996327e-08, 0.9999997019767761, 0.0008165388135239482),
            ["LeftFoot"] = CFrame.new(-3.91155481338501e-08, -1.7881393432617188e-07, -3.725290298461914e-09, 0.9805113077163696, -0.17021295428276062, -0.0981077328324318, 0.15269914269447327, 0.9744750261306763, -0.164564311504364, 0.12361466884613037, 0.14637623727321625, 0.9814751744270325),
            ["RightHand"] = CFrame.new(-5.960464477539063e-08, -1.7881393432617188e-07, -1.4901161193847656e-07, 0.979313850402832, 0.13586892187595367, 0.1499471515417099, -0.11716057360172272, 0.9849242568016052, -0.12726981937885284, -0.16497859358787537, 0.10706934332847595, 0.9804684519767761),
            ["HumanoidRootPart"] = CFrame.new(0, 0, 0, 1, 0, 0, 0, 1, 0, 0, 0, 1),
            ["RightLowerLeg"] = CFrame.new(-8.940696716308594e-08, 0, -2.8107024263590574e-08, 1, -1.0430815677864302e-07, -6.705523958316917e-08, 9.313224325069314e-08, 0.7678093910217285, 0.6406779885292053, -3.911554458113642e-08, -0.6406784653663635, 0.7678098082542419),
            ["LeftUpperLeg"] = CFrame.new(2.9802322387695312e-08, 3.203749656677246e-07, -2.2351741790771484e-08, 0.917807400226593, 0.28917986154556274, 0.27203747630119324, -0.2510041296482086, 0.9535143971443176, -0.16675536334514618, -0.3076140284538269, 0.08476673066616058, 0.9477279186248779),
            ["LeftLowerLeg"] = CFrame.new(2.9802322387695312e-08, 5.960464477539063e-08, -5.960464477539063e-08, 1, 5.867333641162986e-08, 1.862645149230957e-08, -6.332993507385254e-08, 0.8122026920318604, 0.5833752155303955, 0, -0.5833752751350403, 0.8122028708457947),
            ["RightUpperArm"] = CFrame.new(0, 3.5762786865234375e-07, -1.7881393432617188e-07, 0.4396921396255493, -0.21709385514259338, 0.8715165257453918, 0.4673985242843628, 0.8839086294174194, -0.015628289431333542, -0.7669482231140137, 0.41421717405319214, 0.49011698365211487),
            ["Head"] = CFrame.new(7.450580596923828e-09, -1.1920928955078125e-07, 1.1175870895385742e-08, 0.9411243200302124, 0.003318166360259056, 0.3380444049835205, -0.057179346680641174, 0.9871070981025696, 0.14949962496757507, -0.333189994096756, -0.16002678871154785, 0.9291802048683167),
            ["UpperTorso"] = CFrame.new(-1.30385160446167e-08, 0, 9.033828973770142e-08, 0.9969070553779602, -0.07338085770606995, 0.028136655688285828, 0.06248949468135834, 0.957244336605072, 0.2824506163597107, -0.047660090029239655, -0.2798187732696533, 0.9588691592216492),
            ["LeftUpperArm"] = CFrame.new(0, 3.5762786865234375e-07, 5.21540641784668e-08, 0.5889458656311035, 0.5688328742980957, 0.5740835666656494, -0.5061755180358887, 0.8133913278579712, -0.28667205572128296, -0.6300231218338013, -0.12175272405147552, 0.7669727802276611),
            ["RightLowerArm"] = CFrame.new(1.7881393432617188e-07, -4.172325134277344e-07, -2.60770320892334e-08, 1, -4.470348358154297e-08, 3.725289943190546e-08, 8.940695295223122e-08, 0.5755190849304199, -0.8177883625030518, -2.2351738238057806e-08, 0.8177883625030518, 0.5755191445350647),
            ["LeftHand"] = CFrame.new(1.7881393432617188e-07, 2.384185791015625e-07, 1.7136335372924805e-07, 0.3096220791339874, 0.234493225812912, 0.9214917421340942, -0.26483288407325745, 0.9520338773727417, -0.1532813161611557, -0.9132348299026489, -0.19658192992210388, 0.3568723201751709),
            ["RightFoot"] = CFrame.new(-2.2351741790771484e-08, 2.384185791015625e-07, -8.77116690389812e-08, 0.9911177754402161, 0.13246941566467285, -0.011728106066584587, -0.12051410973072052, 0.8573687672615051, -0.5003948211669922, -0.05623182654380798, 0.4973638951778412, 0.865717887878418),
            ["LowerTorso"] = CFrame.new(0.030109912157058716, -0.14220130443572998, 0.11108413338661194, 0.8923225998878479, -0.11141184717416763, -0.4374331831932068, -0.0272003673017025, 0.9540305137634277, -0.2984725534915924, 0.450577974319458, 0.2782321870326996, 0.8482725620269775),
            ["RightUpperLeg"] = CFrame.new(-5.960464477539063e-08, 1.341104507446289e-07, 5.790934665128589e-08, 0.9750671982765198, -0.18373055756092072, -0.1244470626115799, 0.19953057169914246, 0.9713195562362671, 0.12932829558849335, 0.09711644053459167, -0.1509348750114441, 0.9837617874145508),
            ["Guitar"] = CFrame.new(0.17250441014766693, -0.3193455934524536, 0.25751954317092896, 0.9426936507225037, -0.3333148956298828, -0.015165727585554123, 0.26576563715934753, 0.7226135730743408, 0.6381208300590515, -0.20173612236976624, -0.6055830717086792, 0.7697869539260864),
        }},
        {Time = 0.067, Data = {
            ["LeftLowerArm"] = CFrame.new(-1.1920928955078125e-07, 1.7881393432617188e-07, 4.470348358154297e-08, 1, -1.043081283569336e-07, 8.940696716308594e-08, 1.266598843585598e-07, -0.027263008058071136, -0.9996283650398254, 1.0430814256778831e-07, 0.9996283650398254, -0.02726302295923233),
            ["LeftFoot"] = CFrame.new(-5.960464477539063e-08, -1.1920928955078125e-07, -2.2351741790771484e-08, 0.9792669415473938, -0.18028642237186432, -0.09237507730722427, 0.16454191505908966, 0.9738895893096924, -0.15641319751739502, 0.11816245317459106, 0.13797059655189514, 0.9833624958992004),
            ["RightHand"] = CFrame.new(-1.4901161193847656e-08, 0, -7.450580596923828e-09, 0.9839653968811035, 0.13333986699581146, 0.11845996975898743, -0.11242879927158356, 0.9792824387550354, -0.1684214323759079, -0.1384628862142563, 0.15240253508090973, 0.9785711169242859),
            ["HumanoidRootPart"] = CFrame.new(0, 0, 0, 1, 0, 0, 0, 1, 0, 0, 0, 1),
            ["RightLowerLeg"] = CFrame.new(8.940696716308594e-08, 3.5762786865234375e-07, -2.8107024263590574e-08, 1, -8.940698847936801e-08, -5.960468030252741e-08, 7.450580596923828e-08, 0.748254656791687, 0.6634113192558289, -2.421438694000244e-08, -0.6634116172790527, 0.7482550144195557),
            ["LeftUpperLeg"] = CFrame.new(0, -2.60770320892334e-08, -1.4901161193847656e-08, 0.9148931503295898, 0.2805657982826233, 0.2902643382549286, -0.25129833817481995, 0.9585294127464294, -0.13442717492580414, -0.3159426152706146, 0.050043582916259766, 0.9474577307701111),
            ["LeftLowerLeg"] = CFrame.new(-1.862645149230957e-08, -5.960464477539063e-08, -5.960464477539063e-08, 1, 2.980232594040899e-08, 2.6077039194660756e-08, -6.332992796842518e-08, 0.8313643932342529, 0.5557278394699097, 7.4505797087454084e-09, -0.5557277202606201, 0.8313642740249634),
            ["RightUpperArm"] = CFrame.new(0, 1.1920928955078125e-07, 3.725290298461914e-08, 0.5096370577812195, -0.2610577344894409, 0.8198286890983582, 0.45037713646888733, 0.8928279876708984, 0.004331053700298071, -0.7330965399742126, 0.36702480912208557, 0.5725924968719482),
            ["Head"] = CFrame.new(7.450580596923828e-09, -1.1920928955078125e-07, -1.862645149230957e-08, 0.92923504114151, -0.0287392046302557, 0.3683699667453766, -0.03085975907742977, 0.9874507188796997, 0.15488377213478088, -0.36819833517074585, -0.15529116988182068, 0.9166868329048157),
            ["UpperTorso"] = CFrame.new(1.3154931366443634e-08, -5.960464477539063e-08, -7.566995918750763e-09, 0.9959973692893982, -0.08568757027387619, 0.025435494258999825, 0.07479599118232727, 0.954797089099884, 0.2876944839954376, -0.04893755912780762, -0.2846404016017914, 0.957384467124939),
            ["LeftUpperArm"] = CFrame.new(0, -2.384185791015625e-07, -1.4901161193847656e-08, 0.5827955007553101, 0.5644590258598328, 0.5845814347267151, -0.4774706959724426, 0.819962739944458, -0.31572604179382324, -0.6575493812561035, -0.09511673450469971, 0.7473832964897156),
            ["RightLowerArm"] = CFrame.new(-2.384185791015625e-07, 2.384185791015625e-07, -9.685754776000977e-08, 1, -1.1920928955078125e-07, 0, 7.450581307466564e-08, 0.5076214075088501, -0.8615801334381104, -4.6566133171666024e-09, 0.8615802526473999, 0.5076215863227844),
            ["LeftHand"] = CFrame.new(-1.4901161193847656e-07, -5.960464477539063e-08, 1.6391277313232422e-07, 0.33358386158943176, 0.2087748646736145, 0.9193122982978821, -0.2741122543811798, 0.9545166492462158, -0.11730454862117767, -0.9019890427589417, -0.2128637582063675, 0.37563884258270264),
            ["RightFoot"] = CFrame.new(3.725290298461914e-09, 4.172325134277344e-07, -1.3205863069742918e-08, 0.9920545220375061, 0.12459288537502289, -0.01744767278432846, -0.1157977283000946, 0.8500760793685913, -0.5137715339660645, -0.049180399626493454, 0.5117101073265076, 0.8577497005462646),
            ["LowerTorso"] = CFrame.new(0.04402552545070648, -0.14258337020874023, 0.11076059937477112, 0.8845681548118591, -0.1047842726111412, -0.4544881284236908, -0.04238826781511307, 0.952343761920929, -0.30206725001335144, 0.46448078751564026, 0.28646400570869446, 0.8379713296890259),
            ["RightUpperLeg"] = CFrame.new(5.960464477539063e-08, -1.825392246246338e-07, -1.6952981241047382e-09, 0.9769287109375, -0.18904949724674225, -0.09935080260038376, 0.20031656324863434, 0.9724357724189758, 0.11933974921703339, 0.07405110448598862, -0.13648809492588043, 0.9878701567649841),
            ["Guitar"] = CFrame.new(0.1725047379732132, -0.31934553384780884, 0.2575192451477051, 0.9427002668380737, -0.33329862356185913, -0.015115175396203995, 0.26573503017425537, 0.7226678729057312, 0.6380719542503357, -0.20174522697925568, -0.6055272817611694, 0.7698283791542053),
        }},
        {Time = 0.100, Data = {
            ["LeftLowerArm"] = CFrame.new(1.1920928955078125e-07, -5.364418029785156e-07, 4.470348358154297e-08, 1, -2.9802318834981634e-08, 1.1920927533992653e-07, 7.450581307466564e-08, -0.030960801988840103, -0.9995206594467163, 8.940698137394065e-08, 0.9995205998420715, -0.030960749834775925),
            ["LeftFoot"] = CFrame.new(-7.078051567077637e-08, 0, 2.2351741790771484e-08, 0.9843431711196899, -0.14626334607601166, -0.09836427867412567, 0.1246747300028801, 0.9722338914871216, -0.19803419709205627, 0.12459833174943924, 0.1826700121164322, 0.9752472043037415),
            ["RightHand"] = CFrame.new(-2.8312206268310547e-07, 0, -1.1175870895385742e-07, 0.9916138648986816, 0.09394896030426025, 0.08874548226594925, -0.07546840608119965, 0.9783914089202881, -0.19249576330184937, -0.10491228103637695, 0.1841842085123062, 0.9772767424583435),
            ["HumanoidRootPart"] = CFrame.new(0, 0, 0, 1, 0, 0, 0, 1, 0, 0, 0, 1),
            ["RightLowerLeg"] = CFrame.new(-4.470348358154297e-08, 1.1920928955078125e-07, 1.6952981241047382e-09, 1, -1.4901162614933128e-07, -3.7252920748187535e-08, 1.0058282384761696e-07, 0.7489360570907593, 0.6626419425010681, -7.078050856534901e-08, -0.6626423001289368, 0.7489364743232727),
            ["LeftUpperLeg"] = CFrame.new(2.9802322387695312e-08, 2.5331974029541016e-07, 2.9802322387695312e-08, 0.9027215838432312, 0.2764008343219757, 0.3296912908554077, -0.252517968416214, 0.9608393311500549, -0.11411697417497635, -0.34832248091697693, 0.019762901589274406, 0.9371664524078369),
            ["LeftLowerLeg"] = CFrame.new(3.3527612686157227e-08, -1.7881393432617188e-07, 3.725290298461914e-08, 1, 3.81842291119483e-08, 1.3038519597330378e-08, -4.0978193283081055e-08, 0.8420677781105042, 0.5393717885017395, 2.2351741790771484e-08, -0.5393717288970947, 0.8420677781105042),
            ["RightUpperArm"] = CFrame.new(0, -1.1920928955078125e-07, 4.470348358154297e-08, 0.5833030343055725, -0.27557694911956787, 0.7640776038169861, 0.43029263615608215, 0.9026848077774048, -0.002920932834967971, -0.6889164447784424, 0.33048078417778015, 0.6451177597045898),
            ["Head"] = CFrame.new(1.4901161193847656e-08, 1.1920928955078125e-07, -9.313225746154785e-09, 0.9165886640548706, -0.05723673850297928, 0.3957134187221527, -0.008539591915905476, 0.986672580242157, 0.1624945104122162, -0.3997403085231781, -0.1523197591304779, 0.9038840532302856),
            ["UpperTorso"] = CFrame.new(7.450580596923828e-09, 2.384185791015625e-07, 8.754432201385498e-08, 0.9951363205909729, -0.09547535330057144, 0.024253612384200096, 0.08481685817241669, 0.955669641494751, 0.2819606065750122, -0.05009869486093521, -0.27853214740753174, 0.9591193795204163),
            ["LeftUpperArm"] = CFrame.new(1.1920928955078125e-07, -2.384185791015625e-07, -4.470348358154297e-08, 0.5856837034225464, 0.5635873675346375, 0.5825321078300476, -0.44060346484184265, 0.8246100544929504, -0.3548053801059723, -0.6803258657455444, -0.04886191710829735, 0.7312793731689453),
            ["RightLowerArm"] = CFrame.new(0, -6.556510925292969e-07, -1.1175870895385742e-08, 1, -8.940694584680386e-08, 6.70552182668871e-08, 5.960464477539063e-08, 0.4569714069366455, -0.8894814252853394, 5.448237061500549e-08, 0.8894813656806946, 0.45697149634361267),
            ["LeftHand"] = CFrame.new(1.1920928955078125e-07, -1.1920928955078125e-07, -7.450580596923828e-08, 0.3684180974960327, 0.1817842721939087, 0.9117142558097839, -0.2777343690395355, 0.9574313759803772, -0.07866878062486649, -0.8872045278549194, -0.2242315113544464, 0.40322238206863403),
            ["RightFoot"] = CFrame.new(3.3527612686157227e-08, 2.384185791015625e-07, 1.0600342648103833e-07, 0.9931962490081787, 0.11359962075948715, -0.025620179250836372, -0.11060205101966858, 0.8513269424438477, -0.5128442645072937, -0.03644769266247749, 0.5121890306472778, 0.8580992221832275),
            ["LowerTorso"] = CFrame.new(0.06077837944030762, -0.13267266750335693, 0.11113819479942322, 0.8740670084953308, -0.09672965854406357, -0.476078063249588, -0.05713096261024475, 0.9527098536491394, -0.298462837934494, 0.48243439197540283, 0.2880752980709076, 0.827206015586853),
            ["RightUpperLeg"] = CFrame.new(-5.960464477539063e-08, 1.862645149230957e-08, 1.920197973959148e-07, 0.9796823263168335, -0.18780900537967682, -0.07035903632640839, 0.19509124755859375, 0.9737550616264343, 0.1172201931476593, 0.04649753123521805, -0.1285649836063385, 0.9906104207038879),
            ["Guitar"] = CFrame.new(0.1725044846534729, -0.3193458318710327, 0.25751978158950806, 0.9426952600479126, -0.33330944180488586, -0.015192128717899323, 0.26579317450523376, 0.7226586937904358, 0.6380582451820374, -0.20169216394424438, -0.6055322289466858, 0.7698383331298828),
        }},
        {Time = 0.133, Data = {
            ["LeftLowerArm"] = CFrame.new(-8.940696716308594e-08, 3.5762786865234375e-07, 5.960464477539063e-08, 1, -8.940695295223122e-08, 6.705522537231445e-08, 8.940696716308594e-08, -0.01580747775733471, -0.9998750686645508, 8.940696716308594e-08, 0.9998751282691956, -0.01580752432346344),
            ["LeftFoot"] = CFrame.new(-3.888271749019623e-08, 1.1920928955078125e-07, -1.6763806343078613e-08, 0.9927115440368652, -0.07004943490028381, -0.0980662852525711, 0.03391459211707115, 0.9432189464569092, -0.33043619990348816, 0.11564470827579498, 0.32470184564590454, 0.9387199282646179),
            ["RightHand"] = CFrame.new(1.043081283569336e-07, 1.1920928955078125e-07, 1.6391277313232422e-07, 0.9971991181373596, 0.017082223668694496, 0.07281626015901566, -0.0013960154028609395, 0.9776504635810852, -0.21023213863372803, -0.07478003948926926, 0.20954178273677826, 0.9749360680580139),
            ["HumanoidRootPart"] = CFrame.new(0, 0, 0, 1, 0, 0, 0, 1, 0, 0, 0, 1),
            ["RightLowerLeg"] = CFrame.new(0, 2.384185791015625e-07, -5.790934665128589e-08, 1, -1.0430815677864302e-07, -3.3527619791584584e-08, 1.0803343286625022e-07, 0.7687630653381348, 0.639533519744873, -1.0803343286625022e-07, -0.6395336985588074, 0.7687632441520691),
            ["LeftUpperLeg"] = CFrame.new(2.9802322387695312e-08, 1.4528632164001465e-07, -7.450580596923828e-09, 0.8603307008743286, 0.28360024094581604, 0.4235590398311615, -0.26244544982910156, 0.9587833285331726, -0.10889025032520294, -0.4369823634624481, -0.01747947931289673, 0.8993001580238342),
            ["LeftLowerLeg"] = CFrame.new(-1.3504177331924438e-08, 1.7881393432617188e-07, -1.862645149230957e-08, 1, 4.749745841081676e-08, 2.200249760164752e-08, -4.068715497851372e-08, 0.8371911644935608, 0.5469103455543518, 1.0360963642597198e-08, -0.5469103455543518, 0.8371912837028503),
            ["RightUpperArm"] = CFrame.new(1.1920928955078125e-07, 7.152557373046875e-07, -4.470348358154297e-08, 0.654681384563446, -0.27857208251953125, 0.7027019262313843, 0.40827083587646484, 0.9126721620559692, -0.018560145050287247, -0.6361661553382874, 0.29904359579086304, 0.7112423777580261),
            ["Head"] = CFrame.new(2.421438694000244e-08, 1.1920928955078125e-07, 1.5832483768463135e-08, 0.9024567008018494, -0.07931958138942719, 0.4234151244163513, 0.009340387769043446, 0.9862738847732544, 0.1648537516593933, -0.4306793808937073, -0.14481841027736664, 0.8908102512359619),
            ["UpperTorso"] = CFrame.new(2.60770320892334e-08, -5.960464477539063e-08, 2.9802322387695312e-08, 0.9944555759429932, -0.10235577821731567, 0.02411428466439247, 0.0920141264796257, 0.9579823017120361, 0.27166783809661865, -0.05090780183672905, -0.2679426670074463, 0.962088942527771),
            ["LeftUpperArm"] = CFrame.new(-1.1920928955078125e-07, 2.384185791015625e-07, 2.2351741790771484e-08, 0.5941951870918274, 0.5628052949905396, 0.574614942073822, -0.4004894196987152, 0.8265753388404846, -0.3954510986804962, -0.6975245475769043, 0.0048478227108716965, 0.7165446281433105),
            ["RightLowerArm"] = CFrame.new(5.960464477539063e-08, 2.980232238769531e-07, -4.470348358154297e-08, 1, -8.568166975919667e-08, 7.450581307466564e-08, 7.636845111846924e-08, 0.41172951459884644, -0.9113062024116516, 5.168840289115906e-08, 0.9113061428070068, 0.4117294251918793),
            ["LeftHand"] = CFrame.new(2.9802322387695312e-08, -1.1920928955078125e-07, 2.384185791015625e-07, 0.404328852891922, 0.15552294254302979, 0.901293933391571, -0.27023783326148987, 0.9617542624473572, -0.04472438618540764, -0.8737789988517761, -0.22548049688339233, 0.4308933913707733),
            ["RightFoot"] = CFrame.new(-1.1175870895385742e-08, 2.980232238769531e-07, -4.300818545743823e-08, 0.9942715764045715, 0.10095752030611038, -0.035096779465675354, -0.10497792810201645, 0.8606576919555664, -0.4982447922229767, -0.020095307379961014, 0.49907511472702026, 0.8663257956504822),
            ["LowerTorso"] = CFrame.new(0.0787154883146286, -0.11416339874267578, 0.11234378814697266, 0.8613685965538025, -0.08886051923036575, -0.5001479983329773, -0.06995002180337906, 0.9544529318809509, -0.2900460362434387, 0.5031412839889526, 0.28482192754745483, 0.8159199953079224),
            ["RightUpperLeg"] = CFrame.new(0, -1.1548399925231934e-07, 1.3205863069742918e-08, 0.9825632572174072, -0.18162089586257935, -0.03979068994522095, 0.18522047996520996, 0.9748038053512573, 0.12430154532194138, 0.01621243543922901, -0.12950420379638672, 0.991446316242218),
            ["Guitar"] = CFrame.new(0.17250467836856842, -0.3193455934524536, 0.2575192451477051, 0.9426960349082947, -0.3333102762699127, -0.015118217095732689, 0.2657431960105896, 0.7226552963256836, 0.6380831003189087, -0.20175446569919586, -0.6055358052253723, 0.7698190212249756),
        }},
        {Time = 0.167, Data = {
            ["LeftLowerArm"] = CFrame.new(1.1920928955078125e-07, 1.1920928955078125e-07, 1.341104507446289e-07, 1, -5.960464477539063e-08, 1.4901159417490817e-08, 1.1175872316471214e-07, 0.01868121325969696, -0.9998254776000977, 1.0430814256778831e-07, 0.9998255372047424, 0.01868121512234211),
            ["LeftFoot"] = CFrame.new(-4.470348358154297e-08, -5.960464477539063e-08, -1.862645149230957e-08, 0.9890417456626892, -0.0340413860976696, -0.1436585932970047, -0.02390614151954651, 0.923285961151123, -0.38336876034736633, 0.14568838477134705, 0.38260215520858765, 0.9123545289039612),
            ["RightHand"] = CFrame.new(-8.754432201385498e-08, 1.7881393432617188e-07, -2.644956111907959e-07, 0.9947560429573059, -0.08064690977334976, 0.06290128827095032, 0.09426148980855942, 0.9615752696990967, -0.25785237550735474, -0.039689287543296814, 0.262429416179657, 0.964134693145752),
            ["HumanoidRootPart"] = CFrame.new(0, 0, 0, 1, 0, 0, 0, 1, 0, 0, 0, 1),
            ["RightLowerLeg"] = CFrame.new(1.4901161193847656e-08, -5.960464477539063e-08, 1.6596459317952394e-08, 1, -1.043081283569336e-07, -1.2665991278026922e-07, 8.940695295223122e-08, 0.7946199178695679, 0.6071070432662964, -5.4948024796885875e-08, -0.6071072220802307, 0.7946200966835022),
            ["LeftUpperLeg"] = CFrame.new(-5.960464477539063e-08, 2.980232238769531e-07, -7.450580596923828e-09, 0.7636868953704834, 0.30444538593292236, 0.5692939758300781, -0.2883687913417816, 0.9498293399810791, -0.12111103534698486, -0.5776035785675049, -0.07167565077543259, 0.8131645321846008),
            ["LeftLowerLeg"] = CFrame.new(-3.725290298461914e-08, 1.1920928955078125e-07, 3.3527612686157227e-08, 1, 3.9115558791991134e-08, 3.539027559895658e-08, -4.0978193283081055e-08, 0.8462456464767456, 0.5327932238578796, 0, -0.5327930450439453, 0.8462454676628113),
            ["RightUpperArm"] = CFrame.new(-1.1920928955078125e-07, -3.5762786865234375e-07, -9.685754776000977e-08, 0.7087504863739014, -0.27678680419921875, 0.6488927006721497, 0.3914166986942291, 0.9195365309715271, -0.03529276326298714, -0.5869120359420776, 0.27900123596191406, 0.7600609660148621),
            ["Head"] = CFrame.new(2.1886080503463745e-08, -2.384185791015625e-07, 4.6566128730773926e-09, 0.8858525156974792, -0.0887083038687706, 0.4554077684879303, 0.019930319860577583, 0.9879215955734253, 0.15366792678833008, -0.46353879570961, -0.12705063819885254, 0.8769208192825317),
            ["UpperTorso"] = CFrame.new(-3.4458935260772705e-08, 2.9802322387695312e-08, -3.725290298461914e-08, 0.9942361116409302, -0.10422414541244507, 0.025137532502412796, 0.09423159807920456, 0.9613283276557922, 0.25878244638442993, -0.05113669112324715, -0.254922091960907, 0.965608537197113),
            ["LeftUpperArm"] = CFrame.new(1.7881393432617188e-07, -2.384185791015625e-07, 3.725290298461914e-08, 0.6059182286262512, 0.558763325214386, 0.566256582736969, -0.36051565408706665, 0.827379584312439, -0.4306640326976776, -0.7091484665870667, 0.056802812963724136, 0.7027673721313477),
            ["RightLowerArm"] = CFrame.new(-5.960464477539063e-08, 5.364418029785156e-07, 0, 1, -1.955777229056821e-08, 9.313224325069314e-08, 1.1269004573932762e-07, 0.4142695665359497, -0.9101543426513672, 6.239861960466442e-08, 0.9101542830467224, 0.41426941752433777),
            ["LeftHand"] = CFrame.new(0, 0, -2.9802322387695312e-08, 0.4359249472618103, 0.13010185956954956, 0.8905296325683594, -0.24586759507656097, 0.969071090221405, -0.021221188828349113, -0.865747332572937, -0.20970162749290466, 0.4544300436973572),
            ["RightFoot"] = CFrame.new(-2.2351741790771484e-08, 3.5762786865234375e-07, 3.149762051180005e-08, 0.9951364994049072, 0.0880226343870163, -0.044219814240932465, -0.09844786673784256, 0.8733364939689636, -0.47706496715545654, -0.003373611019924283, 0.4790985584259033, 0.8777549266815186),
            ["LowerTorso"] = CFrame.new(0.09621600806713104, -0.09453511238098145, 0.11536300182342529, 0.847123384475708, -0.08289600908756256, -0.5248907804489136, -0.07863438874483109, 0.9573283195495605, -0.27809926867485046, 0.5255460739135742, 0.2768588364124298, 0.8044566512107849),
            ["RightUpperLeg"] = CFrame.new(-1.7881393432617188e-07, -5.587935447692871e-08, 1.3241515262052417e-07, 0.9851343035697937, -0.1715833991765976, -0.008341005071997643, 0.17117588222026825, 0.9763891696929932, 0.1317683905363083, -0.014465028420090675, -0.13123735785484314, 0.9912455081939697),
            ["Guitar"] = CFrame.new(0.17250436544418335, -0.31934547424316406, 0.25751903653144836, 0.9426834583282471, -0.33334362506866455, -0.015165872871875763, 0.2657928764820099, 0.7226223945617676, 0.6380994915962219, -0.20174741744995117, -0.6055566668510437, 0.7698045969009399),
        }},
        {Time = 0.200, Data = {
            ["LeftLowerArm"] = CFrame.new(1.7881393432617188e-07, -1.7881393432617188e-07, -2.2351741790771484e-07, 1, -2.2351741790771484e-08, 4.470348358154297e-08, 1.6391278734317893e-07, 0.07740345597267151, -0.9969999194145203, 1.1920930376163597e-07, 0.9969998598098755, 0.07740342617034912),
            ["LeftFoot"] = CFrame.new(-3.725290298461914e-09, 0, -4.0978193283081055e-08, 0.9771010875701904, -0.047794997692108154, -0.20733840763568878, -0.026687141507864, 0.9392222166061401, -0.34227100014686584, 0.2110958695411682, 0.33996668457984924, 0.9164395332336426),
            ["RightHand"] = CFrame.new(8.704955689609051e-08, 5.960464477539063e-08, -2.0489096641540527e-08, 0.9939627051353455, -0.09869811683893204, 0.047926343977451324, 0.10713296383619308, 0.9673259854316711, -0.2297891527414322, -0.023680582642555237, 0.23353640735149384, 0.9720597267150879),
            ["HumanoidRootPart"] = CFrame.new(0, 0, 0, 1, 0, 0, 0, 1, 0, 0, 0, 1),
            ["RightLowerLeg"] = CFrame.new(-1.4901161193847656e-08, 2.980232238769531e-07, -4.300818545743823e-08, 1, -8.195638656616211e-08, -5.5879375793210784e-08, 8.940698137394065e-08, 0.812933623790741, 0.5823562145233154, -9.313226634333205e-09, -0.582356333732605, 0.8129338026046753),
            ["LeftUpperLeg"] = CFrame.new(8.940696716308594e-08, 7.82310962677002e-08, 5.960464477539063e-08, 0.6302722096443176, 0.2964261770248413, 0.7175572514533997, -0.3138367831707001, 0.9426389336585999, -0.11374723166227341, -0.7101151943206787, -0.15350426733493805, 0.6871486306190491),
            ["LeftLowerLeg"] = CFrame.new(0, -1.1920928955078125e-07, 1.4901161193847656e-08, 1, 4.842878098543224e-08, 6.705524668859653e-08, -3.725289943190546e-08, 0.8684570789337158, 0.4957646131515503, -2.9802318834981634e-08, -0.4957644045352936, 0.868457019329071),
            ["RightUpperArm"] = CFrame.new(-1.1920928955078125e-07, 1.1920928955078125e-07, 8.195638656616211e-08, 0.799491822719574, -0.2648722529411316, 0.539124608039856, 0.3430337607860565, 0.9381057024002075, -0.04780783876776695, -0.49309298396110535, 0.22315996885299683, 0.8408679962158203),
            ["Head"] = CFrame.new(-2.9802322387695312e-08, 0, -9.313225746154785e-09, 0.8671481609344482, -0.08791740983724594, 0.4902290105819702, 0.030246607959270477, 0.9917758107185364, 0.124362513422966, -0.4971308708190918, -0.09301287680864334, 0.8626757264137268),
            ["UpperTorso"] = CFrame.new(3.67872416973114e-08, 1.1920928955078125e-07, 4.0978193283081055e-08, 0.9949693083763123, -0.0960681140422821, 0.02840998023748398, 0.08622147142887115, 0.9655705690383911, 0.24543699622154236, -0.051010604947805405, -0.24175269901752472, 0.9689961671829224),
            ["LeftUpperArm"] = CFrame.new(-1.1920928955078125e-07, 2.384185791015625e-07, -2.9802322387695312e-08, 0.6186348795890808, 0.5524903535842896, 0.5586099624633789, -0.323728084564209, 0.8270776271820068, -0.4595029056072235, -0.7158847451210022, 0.1034269705414772, 0.6905158758163452),
            ["RightLowerArm"] = CFrame.new(1.1920928955078125e-07, 5.960464477539063e-08, -4.842877388000488e-08, 1, -8.847565347025466e-09, 5.7043514800625417e-08, 8.67294218664938e-08, 0.4026406705379486, -0.9153582453727722, 7.031486148889599e-08, 0.9153582453727722, 0.4026406705379486),
            ["LeftHand"] = CFrame.new(-1.4901161193847656e-07, -5.960464477539063e-08, -3.8743019104003906e-07, 0.4563266634941101, 0.10469332337379456, 0.8836320042610168, -0.20219877362251282, 0.9792758226394653, -0.011605328880250454, -0.8665342330932617, -0.17337341606616974, 0.46803832054138184),
            ["RightFoot"] = CFrame.new(-6.705522537231445e-08, 2.384185791015625e-07, -5.045876605436206e-08, 0.9957642555236816, 0.07598777860403061, -0.05176354944705963, -0.09129133820533752, 0.884068489074707, -0.45835423469543457, 0.01093332003802061, 0.46113869547843933, 0.8872609734535217),
            ["LowerTorso"] = CFrame.new(0.11169441044330597, -0.08117568492889404, 0.12126609683036804, 0.8321122527122498, -0.08057770133018494, -0.548722505569458, -0.08097614347934723, 0.96113520860672, -0.263935387134552, 0.5486639142036438, 0.26405730843544006, 0.7932475805282593),
            ["RightUpperLeg"] = CFrame.new(0, -2.2724270820617676e-07, 1.0261283023282886e-07, 0.9873000383377075, -0.15714283287525177, 0.023338211700320244, 0.15288697183132172, 0.979755699634552, 0.12924577295780182, -0.043176088482141495, -0.12403632700443268, 0.9913378953933716),
            ["Guitar"] = CFrame.new(0.17250463366508484, -0.3193455934524536, 0.25751954317092896, 0.9426791667938232, -0.33336010575294495, -0.015076352283358574, 0.26574304699897766, 0.7226125001907349, 0.6381312608718872, -0.20183321833610535, -0.6055594086647034, 0.7697799801826477),
        }},
        {Time = 0.233, Data = {
            ["LeftLowerArm"] = CFrame.new(-5.960464477539063e-08, -1.1920928955078125e-07, 1.1920928955078125e-07, 1, -1.4901159417490817e-08, 1.0430811414607888e-07, 1.4901159772762185e-07, 0.1544959396123886, -0.9879933595657349, 1.5646217832454568e-07, 0.9879934191703796, 0.15449611842632294),
            ["LeftFoot"] = CFrame.new(5.960464477539063e-08, 5.960464477539063e-08, 2.9802322387695312e-08, 0.9658132791519165, -0.06705701351165771, -0.25041601061820984, -0.00817078072577715, 0.9576122164726257, -0.2879449129104614, 0.25911033153533936, 0.2801470458507538, 0.9243265390396118),
            ["RightHand"] = CFrame.new(2.2351741790771484e-07, 1.1920928955078125e-07, 5.21540641784668e-08, 0.9896711707115173, -0.11717808991670609, 0.08258620649576187, 0.13243916630744934, 0.967848002910614, -0.21384629607200623, -0.05487293004989624, 0.22257480025291443, 0.9733701348304749),
            ["HumanoidRootPart"] = CFrame.new(0, 0, 0, 1, 0, 0, 0, 1, 0, 0, 0, 1),
            ["RightLowerLeg"] = CFrame.new(-9.685754776000977e-08, 2.980232238769531e-07, -2.8107024263590574e-08, 1, -7.07805440924858e-08, -1.098960922263359e-07, 8.195638656616211e-08, 0.8275562524795532, 0.561382532119751, 1.862645149230957e-09, -0.5613829493522644, 0.8275564312934875),
            ["LeftUpperLeg"] = CFrame.new(2.9802322387695312e-08, 1.564621925354004e-07, 1.4901161193847656e-08, 0.5017648935317993, 0.2603429853916168, 0.8248960971832275, -0.3348923623561859, 0.937730073928833, -0.09224695712327957, -0.7975457310676575, -0.22996507585048676, 0.5577070116996765),
            ["LeftLowerLeg"] = CFrame.new(-1.4901161193847656e-08, 1.1920928955078125e-07, 2.9802322387695312e-08, 1, 2.980232949312267e-08, -1.1175872671742582e-08, -2.2351738238057806e-08, 0.8880302309989929, 0.459785133600235, 0, -0.4597851634025574, 0.8880302906036377),
            ["RightUpperArm"] = CFrame.new(-5.960464477539063e-08, 3.5762786865234375e-07, 4.470348358154297e-08, 0.8610414862632751, -0.25411802530288696, 0.4404905140399933, 0.30647411942481995, 0.9505268335342407, -0.05071849003434181, -0.4058091640472412, 0.1786695271730423, 0.896323561668396),
            ["Head"] = CFrame.new(2.1420419216156006e-08, -2.384185791015625e-07, -7.450580596923828e-09, 0.8510667085647583, -0.08088158816099167, 0.5187907218933105, 0.05721154436469078, 0.9964661002159119, 0.0614987388253212, -0.5219312906265259, -0.02265862375497818, 0.8526864647865295),
            ["UpperTorso"] = CFrame.new(4.842877388000488e-08, -8.940696716308594e-08, 2.9802322387695312e-08, 0.9964960813522339, -0.07708387076854706, 0.03246045857667923, 0.06742996722459793, 0.9700189232826233, 0.23348768055438995, -0.04948537051677704, -0.23048074543476105, 0.9718177914619446),
            ["LeftUpperArm"] = CFrame.new(-1.1920928955078125e-07, 0, -2.2351741790771484e-08, 0.6287245750427246, 0.5479615926742554, 0.5517644286155701, -0.2942790389060974, 0.8244366645812988, -0.483429491519928, -0.7197953462600708, 0.1415712833404541, 0.6795969009399414),
            ["RightLowerArm"] = CFrame.new(0, -2.384185791015625e-07, 7.450580596923828e-08, 1, -7.450580596923828e-09, 9.313223614526578e-08, 6.612388858684426e-08, 0.3766173720359802, -0.926368772983551, 1.154839708306099e-07, 0.9263689517974854, 0.3766176402568817),
            ["LeftHand"] = CFrame.new(8.940696716308594e-08, 0, -3.8743019104003906e-07, 0.46070989966392517, 0.07993437349796295, 0.8839440941810608, -0.1459794044494629, 0.9891973733901978, -0.013368554413318634, -0.8754636645317078, -0.12287861853837967, 0.4674016535282135),
            ["RightFoot"] = CFrame.new(-1.4901161193847656e-08, 2.980232238769531e-07, -2.0656443666666746e-08, 0.9963354468345642, 0.062031496316194534, -0.058887779712677, -0.08170685917139053, 0.8938607573509216, -0.4408363997936249, 0.025291893631219864, 0.4440326988697052, 0.8956537246704102),
            ["LowerTorso"] = CFrame.new(0.12922953069210052, -0.07391059398651123, 0.13109833002090454, 0.8171680569648743, -0.0840473547577858, -0.5702390670776367, -0.07434326410293579, 0.9656801819801331, -0.2488671839237213, 0.5715852379798889, 0.24575971066951752, 0.7828745245933533),
            ["RightUpperLeg"] = CFrame.new(1.1920928955078125e-07, 3.91155481338501e-07, 4.300818545743823e-08, 0.989740252494812, -0.1323789358139038, 0.05376097187399864, 0.12512977421283722, 0.9847218990325928, 0.1211010217666626, -0.06897085905075073, -0.11313159018754959, 0.991183340549469),
            ["Guitar"] = CFrame.new(0.17250490188598633, -0.3193455934524536, 0.25751927495002747, 0.9426988363265991, -0.33329927921295166, -0.015185898169875145, 0.2657496929168701, 0.7225658893585205, 0.6381814479827881, -0.2017326056957245, -0.6056486964225769, 0.7697362303733826),
        }},
        {Time = 0.267, Data = {
            ["LeftLowerArm"] = CFrame.new(-5.960464477539063e-08, 1.7881393432617188e-07, -1.1920928955078125e-07, 1, 2.2351736461700966e-08, 1.1920930376163597e-07, 8.195642919872625e-08, 0.23587286472320557, -0.9717839956283569, 8.940700979565008e-08, 0.9717839360237122, 0.2358729988336563),
            ["LeftFoot"] = CFrame.new(3.4458935260772705e-08, 0, 1.6763806343078613e-08, 0.9829141497612, -0.08521116524934769, -0.16315287351608276, 0.03944220766425133, 0.9633055925369263, -0.2654936611652374, 0.17978911101818085, 0.2545223534107208, 0.950207531452179),
            ["RightHand"] = CFrame.new(-1.4901161193847656e-07, 5.960464477539063e-08, 4.172325134277344e-07, 0.984107255935669, -0.13488437235355377, 0.11549545079469681, 0.15576456487178802, 0.968007504940033, -0.196720153093338, -0.08526599407196045, 0.21158386766910553, 0.9736334681510925),
            ["HumanoidRootPart"] = CFrame.new(0, 0, 0, 1, 0, 0, 0, 1, 0, 0, 0, 1),
            ["RightLowerLeg"] = CFrame.new(-1.4901161193847656e-08, 4.172325134277344e-07, -1.3205863069742918e-08, 1, -3.3527619791584584e-08, -1.1734665861240501e-07, 7.82310962677002e-08, 0.8399502038955688, 0.5426630973815918, -3.259629011154175e-08, -0.5426634550094604, 0.8399505019187927),
