return {
    ["Windmill Floss"] = {
        {Time = 0.000, Data = {
            ["RightFoot"] = CFrame.new(5.681067705154419e-08, 3.5762786865234375e-07, 6.875052349641919e-08, 0.9249661564826965, 0.31123337149620056, -0.21810874342918396, -0.3788710832595825, 0.8002927303314209, -0.4647452235221863, 0.029906949028372765, 0.5125088095664978, 0.8581610918045044),
            ["LeftLowerArm"] = CFrame.new(4.76837158203125e-07, 0.0000013113021850585938, -8.195638656616211e-08, 1, 1.4901162970204496e-08, 2.9802318834981634e-08, 0, 0.9977182149887085, -0.06751668453216553, 3.725291630729544e-09, 0.06751664727926254, 0.9977181553840637),
            ["RightUpperArm"] = CFrame.new(1.1920928955078125e-07, 4.76837158203125e-07, 4.260800778865814e-08, 0.29213929176330566, -0.9509846568107605, 0.10140468180179596, 0.27207231521606445, 0.18428921699523926, 0.9444649815559387, -0.91685950756073, -0.24832594394683838, 0.31257468461990356),
            ["Head"] = CFrame.new(-9.220093488693237e-08, 5.960464477539062e-07, 8.207280188798904e-09, 0.9644346237182617, -0.2619500458240509, -0.035327401012182236, 0.26416686177253723, 0.9506528377532959, 0.1627117395401001, -0.009038255549967289, -0.16625715792179108, 0.9860410690307617),
            ["RightHand"] = CFrame.new(7.450580596923828e-08, 2.384185791015625e-07, -2.086162567138672e-07, 0.9757181406021118, -0.11584089696407318, 0.18589037656784058, 0.15232037007808685, 0.9687364101409912, -0.1958274096250534, -0.15739397704601288, 0.21938732266426086, 0.9628585577011108),
            ["UpperTorso"] = CFrame.new(-6.635673344135284e-08, -1.4901161193847656e-07, 7.683411240577698e-09, 0.9970808029174805, 0.07528257369995117, 0.012747508473694324, -0.07556574791669846, 0.9968656897544861, 0.023422040045261383, -0.010944279842078686, -0.024316921830177307, 0.9996444582939148),
            ["HumanoidRootPart"] = CFrame.new(0, 0, 0, 1, 0, 0, 0, 1, 0, 0, 0, 1),
            ["RightUpperLeg"] = CFrame.new(5.960464477539063e-08, -4.4330954551696777e-07, 6.453774403780699e-09, 0.8419045805931091, -0.5344220995903015, 0.07476694881916046, 0.5396255850791931, 0.8335354328155518, -0.11841756850481033, 0.0009641059441491961, 0.14004233479499817, 0.9901450872421265),
            ["LeftUpperArm"] = CFrame.new(1.7881393432617188e-07, -5.960464477539062e-07, 6.379559636116028e-08, 0.4344468414783478, -0.616920530796051, -0.6562507748603821, 0.7467178702354431, 0.6541199684143066, -0.12058006227016449, 0.5036550164222717, -0.43764856457710266, 0.7448458075523376),
            ["RightLowerArm"] = CFrame.new(2.980232238769531e-07, -5.960464477539062e-07, -1.9371509552001953e-07, 1, -2.980232594040899e-08, -2.2351736461700966e-08, -1.4901162970204496e-08, 1, 1.4901157641133977e-08, -2.2351745343485163e-08, 0, 1),
            ["LeftHand"] = CFrame.new(5.960464477539063e-08, 5.960464477539063e-08, -1.7881393432617188e-07, 0.92335045337677, 0.21580210328102112, -0.3175744414329529, -0.26313164830207825, 0.9579925537109375, -0.11407067626714706, 0.27961722016334534, 0.18889111280441284, 0.9413471817970276),
            ["LeftFoot"] = CFrame.new(8.195638656616211e-08, -1.7881393432617188e-07, -4.0978193283081055e-08, 0.9846682548522949, -0.13963842391967773, -0.1045440137386322, 0.08276233822107315, 0.9015517234802246, -0.42468249797821045, 0.1535540223121643, 0.4095189571380615, 0.8992860317230225),
            ["LowerTorso"] = CFrame.new(-0.3039945065975189, -0.19014322757720947, -0.1952822059392929, 0.9810816049575806, 0.19309183955192566, -0.013945398852229118, -0.19271670281887054, 0.9672419428825378, -0.16523735225200653, -0.01841740310192108, 0.1647988110780716, 0.9861553311347961),
            ["RightLowerLeg"] = CFrame.new(-1.8998980522155762e-07, -0.0000034570693969726562, -0.000013314354873728007, 1, -8.940698137394065e-08, -7.078052988163108e-08, 1.6763807764164085e-07, 0.6292548775672913, 0.7771989703178406, -7.078052277620372e-08, -0.7771990895271301, 0.6292551159858704),
            ["LeftUpperLeg"] = CFrame.new(-5.364418029785156e-07, 1.6205012798309326e-07, 2.9802322387695312e-08, 0.9784184694290161, -0.07213674485683441, 0.19363269209861755, 0.0770743191242218, 0.9968615174293518, -0.018078608438372612, -0.19172076880931854, 0.03261248394846916, 0.9809074997901917),
            ["LeftLowerLeg"] = CFrame.new(-6.705522537231445e-08, 0.000003993511199951172, 0.000013306736946105957, 1, 4.307367262867956e-08, 3.352760913344355e-08, -7.823107495141812e-08, 0.8108682632446289, 0.5852290391921997, 3.352760558072987e-08, -0.5852288007736206, 0.8108680844306946),
        }},
        {Time = 0.033, Data = {
            ["RightFoot"] = CFrame.new(-7.264316082000732e-08, 2.980232238769531e-07, -7.141352398321033e-08, 0.9349005818367004, 0.29121536016464233, -0.2028658241033554, -0.35381531715393066, 0.8096057772636414, -0.46835145354270935, 0.027849959209561348, 0.5096392631530762, 0.8599374294281006),
            ["LeftLowerArm"] = CFrame.new(2.384185791015625e-07, 5.364418029785156e-07, 1.043081283569336e-07, 1, 0, 5.960463056453591e-08, 1.4901162970204496e-08, 0.9854486584663391, -0.1699737310409546, 2.421439049271612e-08, 0.1699737161397934, 0.9854486584663391),
            ["RightUpperArm"] = CFrame.new(0, 0, 5.8673322200775146e-08, 0.34498322010040283, -0.904150128364563, 0.2519901990890503, 0.25299862027168274, 0.34811025857925415, 0.902668833732605, -0.903868556022644, -0.2476523518562317, 0.34884095191955566),
            ["Head"] = CFrame.new(1.6763806343078613e-08, 2.384185791015625e-07, -6.315531209111214e-08, 0.9702813625335693, -0.2398841232061386, -0.031776562333106995, 0.24179401993751526, 0.9559987783432007, 0.16613885760307312, -0.00947572011500597, -0.16888481378555298, 0.9855902791023254),
            ["RightHand"] = CFrame.new(4.917383193969727e-07, 1.1920928955078125e-07, -1.4901161193847656e-07, 0.9654800295829773, -0.25490525364875793, 0.053589075803756714, 0.23947614431381226, 0.9495813250541687, 0.20235265791416168, -0.10246791690587997, -0.18253418803215027, 0.9778453707695007),
            ["UpperTorso"] = CFrame.new(-1.398148015141487e-07, 8.940696716308594e-07, 4.819594323635101e-08, 0.9959186911582947, 0.08886121958494186, 0.015800775960087776, -0.08913209289312363, 0.9958686232566833, 0.017354601994156837, -0.014193347655236721, -0.01869211532175541, 0.9997245669364929),
            ["HumanoidRootPart"] = CFrame.new(0, 0, 0, 1, 0, 0, 0, 1, 0, 0, 0, 1),
            ["RightUpperLeg"] = CFrame.new(3.5762786865234375e-07, -5.513429641723633e-07, 1.902662916108966e-08, 0.865527331829071, -0.4979637861251831, 0.05379968509078026, 0.5003516674041748, 0.8547971248626709, -0.13773302733898163, 0.022598249837756157, 0.14613033831119537, 0.9890072345733643),
            ["LeftUpperArm"] = CFrame.new(2.384185791015625e-07, -9.5367431640625e-07, 1.3830140233039856e-07, 0.41481128334999084, -0.5279922485351562, -0.7410506010055542, 0.7037808299064636, 0.7023894190788269, -0.10649724304676056, 0.5767357349395752, -0.47736087441444397, 0.662949800491333),
            ["RightLowerArm"] = CFrame.new(9.5367431640625e-07, -2.980232238769531e-07, -1.6391277313232422e-07, 1, 0, 0, 1.4901161193847656e-08, 1, -7.450577044210149e-09, -1.4901161193847656e-08, 7.450580596923828e-09, 1),
            ["LeftHand"] = CFrame.new(1.4901161193847656e-07, 1.1920928955078125e-07, 2.9802322387695312e-08, 0.9005395770072937, 0.07905939966440201, -0.42752572894096375, -0.19867776334285736, 0.9494843482971191, -0.24291297793388367, 0.38672444224357605, 0.30369266867637634, 0.8707554936408997),
            ["LeftFoot"] = CFrame.new(-1.0803341865539551e-07, -5.960464477539063e-08, 1.30385160446167e-08, 0.9854053854942322, -0.14359772205352783, -0.09141050279140472, 0.08689495921134949, 0.8861060738563538, -0.4552645981311798, 0.1463743895292282, 0.44067659974098206, 0.8856512904167175),
            ["LowerTorso"] = CFrame.new(-0.28449082374572754, -0.1959003210067749, -0.19388067722320557, 0.9870368838310242, 0.15996728837490082, -0.012991765514016151, -0.15996046364307404, 0.9739322066307068, -0.1608375906944275, -0.013075652532279491, 0.1608307957649231, 0.9868953824043274),
            ["RightLowerLeg"] = CFrame.new(3.725290298461914e-08, -0.0000037550926208496094, -0.0000133981739054434, 1, -1.0803340444454079e-07, -4.470348358154297e-08, 1.1548398504146462e-07, 0.6284481883049011, 0.7778512835502625, -5.774199252073231e-08, -0.777851402759552, 0.6284484267234802),
            ["LeftUpperLeg"] = CFrame.new(-1.7881393432617188e-07, 1.0989606380462646e-07, 3.725290298461914e-08, 0.9834103584289551, -0.026271531358361244, 0.1794823557138443, 0.03908868506550789, 0.9969021081924438, -0.06825193017721176, -0.17713327705860138, 0.0741354376077652, 0.9813907146453857),
            ["LeftLowerLeg"] = CFrame.new(-5.21540641784668e-08, 0.0000036954879760742188, 0.000013232231140136719, 1, 5.844049155712128e-08, -1.1175867342672063e-08, -2.9802308176840597e-08, 0.7662991881370544, 0.6424841284751892, 1.4901154088420299e-08, -0.6424839496612549, 0.7662990093231201),
        }},
        {Time = 0.067, Data = {
            ["RightFoot"] = CFrame.new(7.078051567077637e-08, 2.980232238769531e-07, 1.0077201295644045e-08, 0.9537966847419739, 0.2556932866573334, -0.15777568519115448, -0.2995658814907074, 0.8496326208114624, -0.4340326189994812, 0.023072123527526855, 0.4612434506416321, 0.8869738578796387),
            ["LeftLowerArm"] = CFrame.new(5.662441253662109e-07, 0.0000012516975402832031, 9.487848728895187e-09, 1, -2.9802322387695312e-08, -3.725289943190546e-08, -3.725290653733282e-08, 0.9593951106071472, -0.28206580877304077, 7.450581307466564e-08, 0.28206580877304077, 0.9593950510025024),
            ["RightUpperArm"] = CFrame.new(0, 8.344650268554688e-07, 1.7695128917694092e-08, 0.435790479183197, -0.6817883849143982, 0.5875808596611023, 0.2266128808259964, 0.7149168252944946, 0.6614685654640198, -0.8710529804229736, -0.15510831773281097, 0.4660559296607971),
            ["Head"] = CFrame.new(-4.237517714500427e-08, 4.76837158203125e-07, 7.549533620476723e-08, 0.9840084910392761, -0.17716076970100403, -0.018476780503988266, 0.17788000404834747, 0.97197026014328, 0.15372897684574127, -0.009275862947106361, -0.1545572578907013, 0.9879403114318848),
            ["RightHand"] = CFrame.new(8.940696716308594e-08, -1.7881393432617188e-07, -1.4901161193847656e-07, 0.9804593920707703, -0.11655872315168381, 0.15847298502922058, 0.049472980201244354, 0.9257721900939941, 0.3748311996459961, -0.19039972126483917, -0.35966649651527405, 0.9134484529495239),
            ["UpperTorso"] = CFrame.new(-1.3803946785628796e-07, 1.1920928955078125e-07, -8.381903171539307e-09, 0.9944566488265991, 0.1026434525847435, 0.022810881957411766, -0.10304468125104904, 0.994528591632843, 0.017168652266263962, -0.020923815667629242, -0.019424038007855415, 0.9995923638343811),
            ["HumanoidRootPart"] = CFrame.new(0, 0, 0, 1, 0, 0, 0, 1, 0, 0, 0, 1),
            ["RightUpperLeg"] = CFrame.new(2.980232238769531e-07, -8.009374141693115e-07, -8.970528142526746e-08, 0.9116923809051514, -0.41025105118751526, -0.022612344473600388, 0.4032220244407654, 0.903929591178894, -0.14256012439727783, 0.07892544567584991, 0.12085302174091339, 0.9895278215408325),
            ["LeftUpperArm"] = CFrame.new(0, -5.960464477539062e-07, 1.5366822481155396e-07, 0.4552314877510071, -0.303870290517807, -0.8369151949882507, 0.5846704244613647, 0.8109278678894043, 0.023590896278619766, 0.6715092658996582, -0.5000588893890381, 0.5468239188194275),
            ["RightLowerArm"] = CFrame.new(4.76837158203125e-07, -4.76837158203125e-07, 2.384185791015625e-07, 1, 0, -1.4901161193847656e-08, -2.60770320892334e-08, 1, -2.2351741790771484e-08, -3.725290298461914e-08, 0, 1),
            ["LeftHand"] = CFrame.new(2.2351741790771484e-07, 0, -2.5331974029541016e-07, 0.8496324419975281, -0.1308637112379074, -0.5108809471130371, -0.10054998099803925, 0.910756528377533, -0.40051496028900146, 0.5177010893821716, 0.39165979623794556, 0.7606499195098877),
            ["LeftFoot"] = CFrame.new(9.685754776000977e-08, -1.1920928955078125e-07, 2.7939677238464355e-08, 0.9866971373558044, -0.15388350188732147, -0.052429210394620895, 0.11211992800235748, 0.8776688575744629, -0.4659687280654907, 0.11772024631500244, 0.4538912773132324, 0.8832466006278992),
            ["LowerTorso"] = CFrame.new(-0.22854186594486237, -0.17602670192718506, -0.1840699464082718, 0.9962145090103149, 0.08544883877038956, -0.015974534675478935, -0.08687367290258408, 0.9851919412612915, -0.1478167623281479, 0.0031072115525603294, 0.14864496886730194, 0.988885760307312),
            ["RightLowerLeg"] = CFrame.new(1.4901161193847656e-08, -0.000003814697265625, -0.000013232398487161845, 1, -9.685753354915505e-08, -6.705524668859653e-08, 1.2293457984924316e-07, 0.6971089839935303, 0.7169646620750427, -1.862645149230957e-08, -0.7169652581214905, 0.697109580039978),
            ["LeftUpperLeg"] = CFrame.new(-4.76837158203125e-07, 1.5459954738616943e-07, -7.171183824539185e-08, 0.9889336228370667, 0.06549685448408127, 0.13311833143234253, -0.04962555319070816, 0.9916254878044128, -0.11923132836818695, -0.13981282711029053, 0.11130590736865997, 0.9839022159576416),
            ["LeftLowerLeg"] = CFrame.new(5.587935447692871e-08, 0.000003635883331298828, 0.000013336539268493652, 1, 4.470348358154297e-08, 5.2154039309471045e-08, -8.195637946073475e-08, 0.7404792904853821, 0.6720791459083557, 3.725289943190546e-08, -0.6720792055130005, 0.7404793500900269),
        }},
        {Time = 0.100, Data = {
            ["RightFoot"] = CFrame.new(-4.470348358154297e-08, 2.384185791015625e-07, -1.6931153368204832e-08, 0.9723512530326843, 0.21697655320167542, -0.08633818477392197, -0.23341906070709229, 0.8920060396194458, -0.3870925307273865, -0.006975713185966015, 0.3965432345867157, 0.9179897904396057),
            ["LeftLowerArm"] = CFrame.new(4.470348358154297e-07, 8.940696716308594e-07, 6.314367055892944e-07, 1, -3.725290298461914e-08, 4.190951585769653e-09, 2.2351745343485163e-08, 0.9193756580352783, -0.3933807611465454, 2.2351745343485163e-08, 0.3933807611465454, 0.9193757176399231),
            ["RightUpperArm"] = CFrame.new(1.1920928955078125e-07, 9.5367431640625e-07, 6.845220923423767e-08, 0.3886445164680481, -0.35226699709892273, 0.8513890504837036, 0.16994410753250122, 0.935581624507904, 0.3095255494117737, -0.9055796265602112, 0.02439308539032936, 0.42347437143325806),
            ["Head"] = CFrame.new(-6.187474355101585e-08, 2.384185791015625e-07, 4.525645636022091e-08, 0.9963250756263733, -0.08565174043178558, -0.00045960140414536, 0.08504575490951538, 0.9886098504066467, 0.12416905164718628, -0.010180927813053131, -0.12375181168317795, 0.9922609925270081),
            ["RightHand"] = CFrame.new(1.1920928955078125e-07, 3.5762786865234375e-07, -3.2782554626464844e-07, 0.9858351945877075, -0.05575723946094513, 0.15817801654338837, 0.018762927502393723, 0.9738662242889404, 0.22634613513946533, -0.16666463017463684, -0.22017203271389008, 0.9611177444458008),
            ["UpperTorso"] = CFrame.new(-1.1431984603404999e-07, 3.2782554626464844e-07, -4.656612873077393e-10, 0.9952961206436157, 0.09020422399044037, 0.03534053638577461, -0.09105326980352402, 0.9955758452415466, 0.023197898641228676, -0.03309163823723793, -0.026306675747036934, 0.9991060495376587),
            ["HumanoidRootPart"] = CFrame.new(0, 0, 0, 1, 0, 0, 0, 1, 0, 0, 0, 1),
            ["RightUpperLeg"] = CFrame.new(2.384185791015625e-07, -5.976762622594833e-07, -5.198671715334058e-08, 0.9450990557670593, -0.3054012954235077, -0.1162668913602829, 0.2884864807128906, 0.9468726515769958, -0.1421542912721634, 0.15350395441055298, 0.10080834478139877, 0.9829925298690796),
            ["LeftUpperArm"] = CFrame.new(-1.1920928955078125e-07, -2.384185791015625e-07, 1.4202669262886047e-07, 0.6055665612220764, 0.04592015594244003, -0.7944686412811279, 0.36895275115966797, 0.8683529496192932, 0.3314169943332672, 0.7050979733467102, -0.49381643533706665, 0.5089030861854553),
            ["RightLowerArm"] = CFrame.new(4.76837158203125e-07, 0, -5.960464477539063e-08, 1, 0, 1.1175867342672063e-08, 0, 1, -3.7252889661942845e-09, -1.1175868230850483e-08, 2.9802318834981634e-08, 1),
            ["LeftHand"] = CFrame.new(3.0547380447387695e-07, 2.980232238769531e-07, -8.195638656616211e-08, 0.7992532849311829, -0.27206721901893616, -0.5358858704566956, 0.05584010109305382, 0.9214258790016174, -0.3845210075378418, 0.5983946919441223, 0.2774057388305664, 0.7516448497772217),
            ["LeftFoot"] = CFrame.new(7.450580596923828e-08, -2.980232238769531e-07, 9.778887033462524e-09, 0.98508220911026, -0.17188674211502075, 0.008252258412539959, 0.1563933938741684, 0.8742210865020752, -0.45965081453323364, 0.0717935711145401, 0.4540843367576599, 0.8880614638328552),
            ["LowerTorso"] = CFrame.new(-0.14483851194381714, -0.15288031101226807, -0.16464240849018097, 0.9995383620262146, 0.007570153102278709, -0.029424546286463737, -0.011262760497629642, 0.9917834401130676, -0.12743133306503296, 0.02821810357272625, 0.12770390510559082, 0.9914108514785767),
            ["RightLowerLeg"] = CFrame.new(1.4901161193847656e-08, -0.0000036954879760742188, -0.000013290140486788005, 1, -1.564621925354004e-07, -2.980232594040899e-08, 1.0430811414607888e-07, 0.7718682289123535, 0.6357820630073547, -5.215405707303944e-08, -0.6357826590538025, 0.7718687057495117),
            ["LeftUpperLeg"] = CFrame.new(-4.76837158203125e-07, 5.774199962615967e-08, 3.725290298461914e-09, 0.9839885234832764, 0.1656319946050644, 0.065822534263134, -0.15354254841804504, 0.9752916693687439, -0.1588422805070877, -0.09050548821687698, 0.14619219303131104, 0.9851073622703552),
            ["LeftLowerLeg"] = CFrame.new(2.60770320892334e-07, 0.000003635883331298828, 0.000013284385204315186, 1, 3.3527612686157227e-08, -1.4901154088420299e-08, -4.656611807263289e-08, 0.7297877073287964, 0.6836736798286438, 4.097818262494002e-08, -0.6836738586425781, 0.7297879457473755),
        }},
        {Time = 0.133, Data = {
            ["RightFoot"] = CFrame.new(-1.7508864402770996e-07, 3.5762786865234375e-07, -5.75528247281909e-09, 0.9827661514282227, 0.1848462074995041, -0.0016094284364953637, -0.1722433865070343, 0.9125320911407471, -0.37096792459487915, -0.06710352748632431, 0.36485233902931213, 0.9286443591117859),
            ["LeftLowerArm"] = CFrame.new(5.066394805908203e-07, 8.940696716308594e-07, -2.9802322387695312e-08, 1, -2.689194289473562e-08, 4.2986354031882e-08, 5.0989918065624806e-08, 0.901313841342926, -0.43316689133644104, 1.973239882602229e-08, 0.43316686153411865, 0.9013137817382812),
            ["RightUpperArm"] = CFrame.new(0, 8.344650268554688e-07, 2.6513589546084404e-08, -0.13577009737491608, -0.08265852928161621, 0.9872862100601196, 0.21666449308395386, 0.9699152112007141, 0.11099953204393387, -0.9667589664459229, 0.22898031771183014, -0.1137763112783432),
            ["Head"] = CFrame.new(-3.00715328194201e-08, -2.384185791015625e-07, 1.9001163309440017e-08, 0.9996464848518372, 0.021589895710349083, 0.015522613190114498, -0.02288542129099369, 0.9957865476608276, 0.0887996107339859, -0.013540035113692284, -0.0891234427690506, 0.9959286451339722),
            ["RightHand"] = CFrame.new(2.086162567138672e-07, 2.384185791015625e-07, -1.1920928955078125e-07, 0.9309679865837097, 0.11013554781675339, -0.34809309244155884, -0.1032402366399765, 0.9939165711402893, 0.0383581705391407, 0.3502000868320465, 0.00022697634994983673, 0.9366750121116638),
            ["UpperTorso"] = CFrame.new(-1.0151416063308716e-07, 1.4901161193847656e-07, 2.60770320892334e-08, 0.9978359937667847, 0.03785357624292374, 0.053764019161462784, -0.039309777319431305, 0.9988812208175659, 0.02629038877785206, -0.05270868167281151, -0.028346965089440346, 0.9982075691223145),
            ["HumanoidRootPart"] = CFrame.new(0, 0, 0, 1, 0, 0, 0, 1, 0, 0, 0, 1),
            ["RightUpperLeg"] = CFrame.new(5.960464477539063e-08, -7.469207048416138e-07, -2.032174961641431e-08, 0.9545491933822632, -0.22417667508125305, -0.19641947746276855, 0.191532701253891, 0.966290295124054, -0.17204181849956512, 0.2283662110567093, 0.12660159170627594, 0.9653087854385376),
            ["LeftUpperArm"] = CFrame.new(2.384185791015625e-07, -5.960464477539062e-07, 9.150244295597076e-08, 0.6854887008666992, 0.42581334710121155, -0.5905830264091492, 0.051829881966114044, 0.7805507183074951, 0.6229400634765625, 0.7262361645698547, -0.4576282501220703, 0.5129886865615845),
            ["RightLowerArm"] = CFrame.new(7.152557373046875e-07, -4.172325134277344e-07, -8.940696716308594e-08, 1, -1.1175872671742582e-08, 0, -4.656612428988183e-09, 1, 0, 3.7252898543727042e-09, -1.1175872671742582e-08, 1),
            ["LeftHand"] = CFrame.new(2.00001522898674e-07, 3.5762786865234375e-07, 8.009374141693115e-08, 0.7389403581619263, -0.36878296732902527, -0.563884973526001, 0.19144634902477264, 0.9173356890678406, -0.34906116127967834, 0.6459996700286865, 0.14998169243335724, 0.7484585046768188),
            ["LeftFoot"] = CFrame.new(6.62912498228252e-08, 5.960464477539063e-08, 1.6763806343078613e-08, 0.9773989915847778, -0.19585667550563812, 0.07957028597593307, 0.21054822206497192, 0.8680374026298523, -0.44964542984962463, 0.01899612881243229, 0.4562360644340515, 0.8896558284759521),
            ["LowerTorso"] = CFrame.new(-0.048066139221191406, -0.14906179904937744, -0.1415555775165558, 0.9975749254226685, -0.04510354623198509, -0.05300888419151306, 0.03947677090764046, 0.9939203858375549, -0.1027807891368866, 0.057322390377521515, 0.1004389077425003, 0.9932906627655029),
            ["RightLowerLeg"] = CFrame.new(1.341104507446289e-07, -0.0000034570693969726562, -0.000013290140486788005, 1, -9.685752644372769e-08, -2.2351745343485163e-08, 1.1175868053214799e-07, 0.7912577390670776, 0.6114821434020996, -6.705521116145974e-08, -0.6114827990531921, 0.7912582755088806),
            ["LeftUpperLeg"] = CFrame.new(0, 2.942979335784912e-07, -1.862645149230957e-09, 0.9694910049438477, 0.2450631856918335, -0.005596970673650503, -0.241756409406662, 0.9521368741989136, -0.1870545595884323, -0.04051109403371811, 0.18270081281661987, 0.9823336005210876),
            ["LeftLowerLeg"] = CFrame.new(-2.1187588572502136e-08, 0.0000037550926208496094, 0.00001325458288192749, 1, 5.4016709327697754e-08, -8.381899618825628e-09, -8.987258581782953e-08, 0.7181016206741333, 0.695938229560852, 5.122271673485557e-08, -0.6959382891654968, 0.7181016206741333),
        }},
        {Time = 0.167, Data = {
            ["RightFoot"] = CFrame.new(3.3527612686157227e-08, 2.980232238769531e-07, -5.75528247281909e-09, 0.9843388199806213, 0.1560841053724289, 0.08194577693939209, -0.11910934746265411, 0.9315401315689087, -0.3435781002044678, -0.12996253371238708, 0.32843706011772156, 0.9355421662330627),
            ["LeftLowerArm"] = CFrame.new(4.172325134277344e-07, 0.0000011920928955078125, 4.209578037261963e-07, 1, -1.862645326866641e-08, -2.9802311729554276e-08, 7.450581307466564e-08, 0.935791552066803, -0.3525538444519043, 1.4901162970204496e-08, 0.3525538742542267, 0.9357914924621582),
            ["RightUpperArm"] = CFrame.new(1.1920928955078125e-07, 9.5367431640625e-07, 2.5029294192790985e-08, -0.5084581971168518, 0.15745075047016144, 0.8465694189071655, 0.3878781497478485, 0.9196280837059021, 0.06192485988140106, -0.7687786817550659, 0.35985201597213745, -0.5286641120910645),
            ["Head"] = CFrame.new(2.321030478924513e-08, 3.5762786865234375e-07, 9.953510016202927e-09, 0.9917811155319214, 0.12704439461231232, 0.01516842283308506, -0.12768560647964478, 0.9903469681739807, 0.05393854156136513, -0.008169414475560188, -0.05543200671672821, 0.9984291195869446),
            ["RightHand"] = CFrame.new(1.1920928955078125e-07, -2.384185791015625e-07, -2.384185791015625e-07, 0.5969821810722351, -0.06198693439364433, -0.7998562455177307, 0.10492684692144394, 0.994479238986969, 0.0012436364777386189, 0.7953632473945618, -0.08466877788305283, 0.6001904010772705),
            ["UpperTorso"] = CFrame.new(-9.639188647270203e-08, 1.7881393432617188e-07, -2.066371962428093e-08, 0.9967660307884216, -0.003677201457321644, 0.0802755057811737, 0.0024476314429193735, 0.9998783469200134, 0.015409817919135094, -0.08032242208719254, -0.015163509175181389, 0.9966536164283752),
            ["HumanoidRootPart"] = CFrame.new(0, 0, 0, 1, 0, 0, 0, 1, 0, 0, 0, 1),
            ["RightUpperLeg"] = CFrame.new(2.980232238769531e-07, -7.385388016700745e-07, -3.149762051180005e-08, 0.9515159130096436, -0.12821641564369202, -0.2796037495136261, 0.08066275715827942, 0.9811814427375793, -0.17543277144432068, 0.2968350946903229, 0.14437343180179596, 0.9439519643783569),
            ["LeftUpperArm"] = CFrame.new(0, -8.344650268554688e-07, 1.3067619875073433e-07, 0.6757105588912964, 0.6997630596160889, -0.23183394968509674, -0.3869214951992035, 0.604358434677124, 0.6964500546455383, 0.627460777759552, -0.3808971345424652, 0.6791247129440308),
            ["RightLowerArm"] = CFrame.new(2.980232238769531e-07, -0.0000016689300537109375, 2.682209014892578e-07, 1, -2.2351738238057806e-08, -8.940691031966708e-08, 2.9802308176840597e-08, 0.9967501163482666, -0.08055584132671356, -2.2351731132630448e-08, 0.08055578172206879, 0.9967501163482666),
            ["LeftHand"] = CFrame.new(2.0489096641540527e-08, 5.364418029785156e-07, -1.9185245037078857e-07, 0.726362943649292, -0.47049450874328613, -0.501030683517456, 0.291979044675827, 0.8711531758308411, -0.39476633071899414, 0.6222098469734192, 0.14045317471027374, 0.7701480388641357),
            ["LeftFoot"] = CFrame.new(4.336470738053322e-08, 0, -9.313225746154785e-09, 0.9630204439163208, -0.22239944338798523, 0.15208514034748077, 0.2678016126155853, 0.8520629405975342, -0.4497462809085846, -0.02956276759505272, 0.47384318709373474, 0.8801127076148987),
            ["LowerTorso"] = CFrame.new(0.048941753804683685, -0.14851677417755127, -0.11714797466993332, 0.9913516640663147, -0.10475856065750122, -0.07904137670993805, 0.09916573762893677, 0.9924878478050232, -0.07165215164422989, 0.08595377206802368, 0.06319428235292435, 0.9942929744720459),
            ["RightLowerLeg"] = CFrame.new(7.450580596923828e-09, -0.0000036954879760742188, -0.000013364646292757243, 1, -5.960464477539063e-08, -6.332994928470725e-08, 1.1920930376163597e-07, 0.8236284852027893, 0.5671292543411255, -1.0430814256778831e-07, -0.5671297311782837, 0.823628842830658),
            ["LeftUpperLeg"] = CFrame.new(-2.980232238769531e-07, 4.1443854570388794e-07, 1.1175870895385742e-08, 0.9398091435432434, 0.33130916953086853, -0.08362491428852081, -0.3416517674922943, 0.9152153730392456, -0.21367023885250092, 0.005743932444602251, 0.22937972843647003, 0.9733200669288635),
            ["LeftLowerLeg"] = CFrame.new(1.210719347000122e-07, 0.000003933906555175781, 0.0000131949782371521, 1, 4.284085264316673e-08, -1.1175867342672063e-08, -1.0803338312825872e-07, 0.693188488483429, 0.7207564115524292, 4.097817907222634e-08, -0.7207564115524292, 0.6931885480880737),
        }},
        {Time = 0.200, Data = {
            ["RightFoot"] = CFrame.new(7.078051567077637e-08, 3.5762786865234375e-07, -5.75528247281909e-09, 0.9788391590118408, 0.1364612579345703, 0.15248726308345795, -0.09160945564508438, 0.9585591554641724, -0.26976287364959717, -0.1829802393913269, 0.250085711479187, 0.9507763981819153),
            ["LeftLowerArm"] = CFrame.new(-1.4901161193847656e-07, -5.960464477539063e-08, -5.774199962615967e-08, 1, 5.587935447692871e-09, -5.215405707303944e-08, 2.980232949312267e-08, 0.9764552116394043, -0.2157202959060669, 3.026799078043041e-08, 0.2157203108072281, 0.9764552712440491),
            ["RightUpperArm"] = CFrame.new(1.1920928955078125e-07, 2.384185791015625e-07, 1.6763806343078613e-08, -0.336751252412796, 0.40123823285102844, 0.8518254160881042, 0.5779157280921936, 0.8022969961166382, -0.1494418829679489, -0.7433788776397705, 0.4419586956501007, -0.5020563006401062),
            ["Head"] = CFrame.new(3.14757926389575e-08, 1.1920928955078125e-07, 4.656612873077393e-10, 0.9775077104568481, 0.2108171135187149, -0.00590420700609684, -0.2105751633644104, 0.9771733283996582, 0.028116518631577492, 0.011696874164044857, -0.02624083124101162, 0.9995872974395752),
            ["RightHand"] = CFrame.new(1.8533319234848022e-07, 2.384185791015625e-07, -2.1886080503463745e-07, 0.5513843297958374, -0.11060266941785812, -0.8268871903419495, 0.259574830532074, 0.9647178053855896, 0.044050946831703186, 0.7928406596183777, -0.23892803490161896, 0.5606399774551392),
            ["UpperTorso"] = CFrame.new(-2.3655593395233154e-07, 4.76837158203125e-07, 1.257285475730896e-08, 0.9932968020439148, 0.02474764734506607, 0.11291208863258362, -0.022807635366916656, 0.9995697736740112, -0.01844143494963646, -0.11331988871097565, 0.015742557123303413, 0.9934338927268982),
            ["HumanoidRootPart"] = CFrame.new(0, 0, 0, 1, 0, 0, 0, 1, 0, 0, 0, 1),
            ["RightUpperLeg"] = CFrame.new(-1.1920928955078125e-07, -9.71485860645771e-07, -2.032174961641431e-08, 0.933851420879364, 0.03555655851960182, -0.35588952898979187, -0.07320152223110199, 0.9929835200309753, -0.09287264198064804, 0.3500901162624359, 0.1127806231379509, 0.9299017786979675),
            ["LeftUpperArm"] = CFrame.new(0, -5.960464477539062e-07, 1.0989606380462646e-07, 0.4441331923007965, 0.8933188915252686, 0.06875472515821457, -0.812069296836853, 0.36893928050994873, 0.4521362781524658, 0.37853556871414185, -0.25664231181144714, 0.8892950415611267),
            ["RightLowerArm"] = CFrame.new(7.152557373046875e-07, 1.1920928955078125e-07, -2.9802322387695312e-08, 1, 1.4901161193847656e-08, 7.450577932388569e-09, 2.9802322387695312e-08, 0.9646084308624268, -0.26368674635887146, -2.7939677238464355e-09, 0.26368674635887146, 0.964608371257782),
            ["LeftHand"] = CFrame.new(2.2614403860643506e-07, 1.1920928955078125e-07, -3.8664438761770725e-08, 0.7827715277671814, -0.48226889967918396, -0.39330095052719116, 0.29451945424079895, 0.843837320804596, -0.4485498070716858, 0.5482034683227539, 0.23527726531028748, 0.8025693893432617),
            ["LeftFoot"] = CFrame.new(3.2014213502407074e-08, 0, 2.60770320892334e-08, 0.9423350095748901, -0.25624212622642517, 0.21527820825576782, 0.33041998744010925, 0.814538836479187, -0.4768120348453522, -0.05317332595586777, 0.5204485058784485, 0.852235734462738),
            ["LowerTorso"] = CFrame.new(0.13335172832012177, -0.15398156642913818, -0.09375812858343124, 0.9721095561981201, -0.21024984121322632, -0.10391320288181305, 0.20782744884490967, 0.9775835275650024, -0.03373691439628601, 0.10867700725793839, 0.011199960485100746, 0.9940140247344971),
            ["RightLowerLeg"] = CFrame.new(1.2665987014770508e-07, -0.0000037550926208496094, -0.000013275239325594157, 1, -2.887100691850719e-08, -4.6566135836201283e-08, 7.450579886381092e-08, 0.9049119353294373, 0.4255984425544739, -2.7939673685750677e-08, -0.42559900879859924, 0.9049122333526611),
            ["LeftUpperLeg"] = CFrame.new(-3.5762786865234375e-07, 3.8777943700551987e-07, -4.470348358154297e-08, 0.8714709281921387, 0.4536505341529846, -0.1863860785961151, -0.4887464642524719, 0.8349140286445618, -0.2530721426010132, 0.04081011191010475, 0.3116403818130493, 0.9493233561515808),
            ["LeftLowerLeg"] = CFrame.new(1.4901161193847656e-07, 0.000003516674041748047, 0.000013388693332672119, 1, 2.9802322387695312e-08, 5.215403220404369e-08, -7.4505797087454084e-09, 0.615454912185669, 0.7881720662117004, 2.2351738238057806e-08, -0.7881721258163452, 0.6154549717903137),
        }},
        {Time = 0.233, Data = {
            ["RightFoot"] = CFrame.new(2.7939677238464355e-08, 2.980232238769531e-07, 4.267349140718579e-08, 0.9719181656837463, 0.13188908994197845, 0.19488579034805298, -0.09771552681922913, 0.9795961976051331, -0.17562200129032135, -0.21407203376293182, 0.15164688229560852, 0.9649749398231506),
            ["LeftLowerArm"] = CFrame.new(0.000001043081283569336, 2.980232238769531e-07, 9.313225746154785e-08, 1, -2.6077039194660756e-08, 1.3969840395589017e-08, 7.916244548766826e-09, 0.9998455047607422, -0.017581244930624962, 0, 0.017581254243850708, 0.9998454451560974),
            ["RightUpperArm"] = CFrame.new(2.384185791015625e-07, 0, 3.91155481338501e-08, -0.06621597707271576, 0.6115769147872925, 0.7884092926979065, 0.6512235999107361, 0.6251436471939087, -0.4302360713481903, -0.755991518497467, 0.48494231700897217, -0.43966779112815857),
            ["Head"] = CFrame.new(1.2095551937818527e-07, 3.5762786865234375e-07, 1.955777406692505e-08, 0.9624807238578796, 0.26812800765037537, -0.041692912578582764, -0.2686329782009125, 0.9632177948951721, -0.0069160764105618, 0.038304951041936874, 0.017856677994132042, 0.9991066455841064),
            ["RightHand"] = CFrame.new(9.685754776000977e-08, -1.1920928955078125e-07, -4.023313522338867e-07, 0.7813005447387695, -0.20654381811618805, -0.5889899730682373, 0.25885340571403503, 0.965905487537384, 0.004653092008084059, 0.5679476261138916, -0.15609750151634216, 0.8081269860267639),
            ["UpperTorso"] = CFrame.new(-8.847564458847046e-08, 3.2782554626464844e-07, 2.3283064365386963e-09, 0.9868778586387634, 0.0780041441321373, 0.1413775235414505, -0.06976773589849472, 0.9956151247024536, -0.06231420859694481, -0.14561840891838074, 0.05163292586803436, 0.9879925847053528),
            ["HumanoidRootPart"] = CFrame.new(0, 0, 0, 1, 0, 0, 0, 1, 0, 0, 0, 1),
            ["RightUpperLeg"] = CFrame.new(4.172325134277344e-07, -7.739872671663761e-07, -3.242894308641553e-08, 0.9033913612365723, 0.2035103142261505, -0.3774486482143402, -0.21080705523490906, 0.9772717952728271, 0.022370627149939537, 0.3734225928783417, 0.059359267354011536, 0.9257603287696838),
            ["LeftUpperArm"] = CFrame.new(0, -9.5367431640625e-07, 1.2665987014770508e-07, 0.11751843243837357, 0.9914498329162598, 0.05671693757176399, -0.9875903129577637, 0.11068715155124664, 0.11141712218523026, 0.10418663918972015, -0.06910664588212967, 0.9921540021896362),
            ["RightLowerArm"] = CFrame.new(0.000001430511474609375, -8.344650268554688e-07, 1.1920928955078125e-07, 1, 7.450581307466564e-08, -4.4703469370688254e-08, 8.195637946073475e-08, 0.9402084350585938, -0.34059953689575195, 0, 0.3405996263027191, 0.9402084350585938),
            ["LeftHand"] = CFrame.new(3.688037395477295e-07, 5.960464477539062e-07, -9.313225746154785e-08, 0.8973405361175537, -0.22276388108730316, -0.3809936046600342, 0.06977353245019913, 0.9240173101425171, -0.37593042850494385, 0.4357885420322418, 0.31075435876846313, 0.8447012305259705),
            ["LeftFoot"] = CFrame.new(-6.193295121192932e-08, 5.960464477539063e-08, 1.862645149230957e-09, 0.9208296537399292, -0.29520243406295776, 0.25481054186820984, 0.38722023367881775, 0.7695515155792236, -0.5077906250953674, -0.04618879780173302, 0.5662562251091003, 0.8229340314865112),
            ["LowerTorso"] = CFrame.new(0.19236287474632263, -0.17185676097869873, -0.07372451573610306, 0.9411882162094116, -0.3129725456237793, -0.12732985615730286, 0.3159422278404236, 0.948772668838501, 0.0033086761832237244, 0.1197715625166893, -0.0433429554104805, 0.9918549060821533),
            ["RightLowerLeg"] = CFrame.new(9.872019290924072e-08, -0.0000034570693969726562, -0.000013305041647981852, 1, -6.05359806726824e-09, 1.3038519597330378e-08, 5.5879368687783426e-08, 0.9725666642189026, 0.23262427747249603, -4.190952651583757e-08, -0.2326243668794632, 0.9725667238235474),
            ["LeftUpperLeg"] = CFrame.new(-1.1920928955078125e-07, -3.67872416973114e-08, -1.7229467630386353e-08, 0.7787162065505981, 0.5589122176170349, -0.2849881947040558, -0.6252857446670532, 0.7284778952598572, -0.279888778924942, 0.05117430165410042, 0.3961530327796936, 0.916757345199585),
            ["LeftLowerLeg"] = CFrame.new(1.341104507446289e-07, 0.0000037550926208496094, 0.000013306736946105957, 1, 1.0430814256778831e-07, 5.215405707303944e-08, -2.2351738238057806e-08, 0.5194438695907593, 0.8545045852661133, 3.725289943190546e-08, -0.8545045852661133, 0.5194438099861145),
        }},
        {Time = 0.267, Data = {
            ["RightFoot"] = CFrame.new(4.284083843231201e-08, 2.980232238769531e-07, -3.9282895158976316e-08, 0.9689129590988159, 0.13496187329292297, 0.20734809339046478, -0.09747424721717834, 0.9785569906234741, -0.18145206570625305, -0.22739093005657196, 0.15560033917427063, 0.9612917900085449),
            ["LeftLowerArm"] = CFrame.new(2.980232238769531e-07, -7.748603820800781e-07, 3.725290298461914e-09, 1, 1.525040715932846e-08, -3.725290742551124e-09, 1.6298148608484553e-08, 1, 0, -2.328306880627906e-09, 0, 1),
            ["RightUpperArm"] = CFrame.new(0, 0.0000010728836059570312, 3.725290298461914e-08, 0.07445178925991058, 0.7022423148155212, 0.7080344557762146, 0.6656846404075623, 0.49365460872650146, -0.5596150159835815, -0.7425099015235901, 0.5129920840263367, -0.43071842193603516),
            ["Head"] = CFrame.new(-1.0896474123001099e-07, 1.1920928955078125e-07, 3.725290298461914e-09, 0.9558416604995728, 0.2879238724708557, -0.05887869745492935, -0.2886534631252289, 0.9574249386787415, -0.0041026463732123375, 0.05519067123532295, 0.02091701328754425, 0.9982568025588989),
            ["RightHand"] = CFrame.new(4.209578037261963e-07, -1.7881393432617188e-07, -1.6391277313232422e-07, 0.9196622967720032, -0.27546319365501404, -0.2798953056335449, 0.24732819199562073, 0.9598931670188904, -0.1320381611585617, 0.30504128336906433, 0.05220453068614006, 0.950907289981842),
            ["UpperTorso"] = CFrame.new(-9.499490261077881e-08, 9.5367431640625e-07, -1.862645149230957e-08, 0.9836244583129883, 0.09486006945371628, 0.15324707329273224, -0.08167306333780289, 0.9925709962844849, -0.09017933905124664, -0.16066299378871918, 0.0761864110827446, 0.9840646386146545),
            ["HumanoidRootPart"] = CFrame.new(0, 0, 0, 1, 0, 0, 0, 1, 0, 0, 0, 1),
            ["RightUpperLeg"] = CFrame.new(4.76837158203125e-07, 2.7992064133286476e-07, -3.638706402853131e-08, 0.8889240622520447, 0.24362707138061523, -0.3878917694091797, -0.26606011390686035, 0.9639469385147095, -0.004288980271667242, 0.3728620707988739, 0.10701504349708557, 0.9216950535774231),
            ["LeftUpperArm"] = CFrame.new(-1.1920928955078125e-07, -5.960464477539062e-07, 1.257285475730896e-07, 0.009644239209592342, 0.9983842372894287, -0.055999815464019775, -0.9990037083625793, 0.007179650012403727, -0.044046204537153244, -0.043572962284088135, 0.056368809193372726, 0.997458815574646),
            ["RightLowerArm"] = CFrame.new(0.0000010132789611816406, -4.76837158203125e-07, 5.960464477539063e-08, 1, -5.215405707303944e-08, 5.215404996761208e-08, 1.4901162970204496e-08, 0.9162845611572266, -0.40052786469459534, 3.725290653733282e-08, 0.40052783489227295, 0.9162845611572266),
            ["LeftHand"] = CFrame.new(3.888271749019623e-08, -5.960464477539063e-08, -1.5273690223693848e-07, 0.9378367066383362, 0.04879253730177879, -0.34363001585006714, -0.14195258915424347, 0.9573972821235657, -0.2514755427837372, 0.31672027707099915, 0.2846221923828125, 0.904808521270752),
            ["LeftFoot"] = CFrame.new(3.282912075519562e-08, 0, -4.0046870708465576e-08, 0.9105935096740723, -0.31584903597831726, 0.266568124294281, 0.41177481412887573, 0.7487261295318604, -0.5194724202156067, -0.03551177680492401, 0.5827937126159668, 0.8118435740470886),
            ["LowerTorso"] = CFrame.new(0.2144574671983719, -0.1900080442428589, -0.05806712061166763, 0.9274073839187622, -0.3455578684806824, -0.14319679141044617, 0.35348376631736755, 0.9348447918891907, 0.03338393568992615, 0.1223306953907013, -0.08157823979854584, 0.9891310334205627),
            ["RightLowerLeg"] = CFrame.new(2.60770320892334e-08, -0.0000034570693969726562, -0.000013401899195741862, 1, -3.492460010079412e-08, 0, 3.166497108963995e-08, 0.9678348302841187, 0.25158631801605225, -8.195639367158947e-08, -0.2515864968299866, 0.9678349494934082),
