return {
    ["Winner's Dance"] = {
        {Time = 0.000, Data = {
            ["RightFoot"] = CFrame.new(7.566995918750763e-08, 2.980232238769531e-07, -2.2053427528589964e-08, 0.9971662163734436, 0.07289843261241913, 0.018582681193947792, -0.031772103160619736, 0.6319884657859802, -0.7743251919746399, -0.06819113343954086, 0.7715415954589844, 0.632515013217926),
            ["LeftLowerArm"] = CFrame.new(0.0000012814998626708984, -2.384185791015625e-07, -1.4901161193847656e-07, 1, 7.450578820566989e-09, -7.450578820566989e-09, -7.450578820566989e-09, 1, -1.303851249190302e-08, -7.450578820566989e-09, -3.725289587919178e-08, 1),
            ["RightUpperArm"] = CFrame.new(7.152557373046875e-07, 7.152557373046875e-07, 1.1920928955078125e-07, 0.14052578806877136, -0.9235507845878601, -0.3568006455898285, 0.06426415592432022, 0.3681248724460602, -0.9275527596473694, 0.9879891872406006, 0.10741588473320007, 0.11108217388391495),
            ["Head"] = CFrame.new(-2.5331974029541016e-07, -3.5762786865234375e-07, -2.8312206268310547e-07, 0.5861905813217163, 0.1588226854801178, 0.7944533228874207, 0.16488203406333923, 0.9366883039474487, -0.3089161813259125, -0.7932178974151611, 0.3120744824409485, 0.5228908061981201),
            ["RightHand"] = CFrame.new(9.5367431640625e-07, 9.5367431640625e-07, 5.960464477539062e-07, 0.7017661929130554, 0.053283948451280594, -0.7104119658470154, -0.11991028487682343, 0.9918065667152405, -0.04406122490763664, 0.7022433876991272, 0.11610639095306396, 0.702405571937561),
            ["UpperTorso"] = CFrame.new(1.043081283569336e-07, -5.364418029785156e-07, -2.2351741790771484e-07, 0.9903940558433533, 0.11755024641752243, -0.07281281799077988, -0.11108168959617615, 0.9899696707725525, 0.08729777485132217, 0.08234470337629318, -0.07837105542421341, 0.9935176968574524),
            ["HumanoidRootPart"] = CFrame.new(0, 0, 0, 1, 0, 0, 0, 1, 0, 0, 0, 1),
            ["RightUpperLeg"] = CFrame.new(-2.9802322387695312e-08, -5.122274160385132e-08, -9.145878721028566e-09, 0.943296492099762, -0.08018394559621811, 0.3221217095851898, 0.2273140251636505, 0.8632013201713562, -0.45079120993614197, -0.241909459233284, 0.49845170974731445, 0.8324812054634094),
            ["LeftUpperArm"] = CFrame.new(-2.384185791015625e-07, 4.76837158203125e-07, -3.501772880554199e-07, -0.04921741783618927, 0.9974085688591003, 0.05247807875275612, -0.9968284964561462, -0.04576331004500389, -0.06510546803474426, -0.06253521144390106, -0.05551590025424957, 0.9964975118637085),
            ["RightLowerArm"] = CFrame.new(0.0000023245811462402344, 1.1920928955078125e-07, -9.834766387939453e-07, 1, -5.9604587931971764e-08, 8.56816981809061e-08, 6.705518273975031e-08, -0.4406490623950958, -0.8976795077323914, 1.0430806440808738e-07, 0.8976795077323914, -0.440649151802063),
            ["LeftHand"] = CFrame.new(-0.0000011026859283447266, 0.0000011324882507324219, 5.960464477539062e-07, 0.9016255140304565, 0.0582037977874279, 0.42858344316482544, -0.0813618004322052, 0.9960380792617798, 0.035896603018045425, -0.42479613423347473, -0.06723561137914658, 0.9027888178825378),
            ["LeftFoot"] = CFrame.new(1.4901161193847656e-08, 5.960464477539063e-08, -1.1920928955078125e-07, 0.9764562845230103, -0.20903080701828003, -0.053285352885723114, 0.1886618435382843, 0.9473024010658264, -0.25889140367507935, 0.10459371656179428, 0.24274364113807678, 0.9644356369972229),
            ["LowerTorso"] = CFrame.new(-0.15859930217266083, -0.3843587636947632, 0.5703926086425781, 0.5747703909873962, 0.1207815557718277, -0.8093521595001221, -0.06544974446296692, 0.9926642179489136, 0.10165776312351227, 0.8156932592391968, -0.005457980092614889, 0.5784589648246765),
            ["RightLowerLeg"] = CFrame.new(2.2351741790771484e-08, -0.00012242794036865234, -0.00007752532110316679, 1, -1.4156096028727916e-07, -1.6391281576488836e-07, 1.043080928297968e-07, 0.24935288727283478, 0.9684128761291504, -2.5331965503028187e-07, -0.9684127569198608, 0.24935254454612732),
            ["LeftUpperLeg"] = CFrame.new(0, -1.3044336810708046e-07, -2.9802322387695312e-08, 0.3926778733730316, 0.8488744497299194, 0.3538588285446167, -0.35337314009666443, 0.49449393153190613, -0.7941059470176697, -0.8490769267082214, 0.18678338825702667, 0.49414554238319397),
            ["LeftLowerLeg"] = CFrame.new(-7.450580596923828e-09, 0.0001227855682373047, 0.0000772625207901001, 1, 2.9802290413272203e-08, 4.470351910867976e-08, 1.4901161193847656e-08, 0.9999867677688599, 0.005154591519385576, -1.4901161193847656e-08, -0.005154596641659737, 0.9999867677688599),
        }},
        {Time = 0.017, Data = {
            ["RightFoot"] = CFrame.new(-1.4388933777809143e-07, 4.172325134277344e-07, -7.211201591417193e-08, 0.9971452355384827, 0.07316829264163971, 0.01865123026072979, -0.031959518790245056, 0.6327651143074036, -0.7736830711364746, -0.06841102242469788, 0.7708791494369507, 0.6332982182502747),
            ["LeftLowerArm"] = CFrame.new(0.0000017583370208740234, -2.384185791015625e-07, 1.4901161193847656e-07, 1, 0, 7.450577932388569e-09, -1.4901155864777138e-08, 1, -5.587933671336032e-09, -2.2351734685344127e-08, 2.9802315282267955e-08, 1),
            ["RightUpperArm"] = CFrame.new(5.960464477539062e-07, 1.1920928955078125e-07, 1.1920928955078125e-07, 0.19659042358398438, -0.9160252213478088, -0.34964293241500854, 0.11175589263439178, 0.3752119541168213, -0.9201775193214417, 0.9740959405899048, 0.1418234407901764, 0.17613425850868225),
            ["Head"] = CFrame.new(-2.8312206268310547e-07, -7.152557373046875e-07, -1.7881393432617188e-07, 0.5945733189582825, 0.1684739589691162, 0.7861928939819336, 0.15752476453781128, 0.9344444274902344, -0.31937375664711, -0.7884595990180969, 0.31373563408851624, 0.529056966304779),
            ["RightHand"] = CFrame.new(8.940696716308594e-07, 5.960464477539062e-07, 5.066394805908203e-07, 0.7250844240188599, 0.02301832288503647, -0.6882750988006592, -0.09571142494678497, 0.9931100010871887, -0.06761705130338669, 0.6819764375686646, 0.11490385234355927, 0.7222916483879089),
            ["UpperTorso"] = CFrame.new(1.341104507446289e-07, -7.152557373046875e-07, -2.1606683731079102e-07, 0.9910850524902344, 0.11188536137342453, -0.07233472168445587, -0.10514497011899948, 0.990275502204895, 0.0910986140370369, 0.08182401210069656, -0.08268091082572937, 0.9932113289833069),
            ["HumanoidRootPart"] = CFrame.new(0, 0, 0, 1, 0, 0, 0, 1, 0, 0, 0, 1),
            ["RightUpperLeg"] = CFrame.new(-1.1920928955078125e-07, -2.2281892597675323e-07, -8.365168469026685e-08, 0.9450756907463074, -0.0812816172838211, 0.3165839612483978, 0.22038793563842773, 0.8737514019012451, -0.4335764944553375, -0.2413736879825592, 0.4795328974723816, 0.8436740636825562),
            ["LeftUpperArm"] = CFrame.new(-2.384185791015625e-07, 1.1920928955078125e-07, -2.2351741790771484e-07, -0.054041892290115356, 0.9979326725006104, 0.03478230535984039, -0.996468186378479, -0.05165505409240723, -0.066203773021698, -0.06427019834518433, -0.038237255066633224, 0.9971997737884521),
            ["RightLowerArm"] = CFrame.new(0.0000025033950805664062, -4.76837158203125e-07, 0, 1, -7.078047303821222e-08, 1.3411047916633834e-07, 4.470344805440618e-08, -0.4468529224395752, -0.8946075439453125, 1.043080430918053e-07, 0.8946074843406677, -0.4468529224395752),
            ["LeftHand"] = CFrame.new(-0.000001341104507446289, 0.0000011920928955078125, 5.662441253662109e-07, 0.9016942977905273, 0.0853060707449913, 0.42387527227401733, -0.10409362614154816, 0.9943389892578125, 0.021321183070540428, -0.419656902551651, -0.06334792822599411, 0.9054695963859558),
            ["LeftFoot"] = CFrame.new(2.9802322387695312e-08, 0, -2.9802322387695312e-08, 0.9760723114013672, -0.2107079029083252, -0.053712837398052216, 0.19204558432102203, 0.9511964917182922, -0.24154402315616608, 0.10198672115802765, 0.22544951736927032, 0.9689021706581116),
            ["LowerTorso"] = CFrame.new(-0.15378399193286896, -0.3803936243057251, 0.568771243095398, 0.5823350548744202, 0.11112682521343231, -0.8053178191184998, -0.06805446743965149, 0.9937998056411743, 0.08792465925216675, 0.8100953698158264, 0.003603849560022354, 0.5862871408462524),
            ["RightLowerLeg"] = CFrame.new(2.9802322387695312e-08, -0.00012254714965820312, -0.0000774172876845114, 1, -1.862644296579674e-07, -8.940698137394065e-08, 9.685752644372769e-08, 0.25847744941711426, 0.9660173058509827, -3.203748804025963e-07, -0.9660173058509827, 0.2584773302078247),
            ["LeftUpperLeg"] = CFrame.new(0, -2.828892320394516e-08, -2.2351741790771484e-08, 0.4217383563518524, 0.8387356996536255, 0.34446901082992554, -0.39670392870903015, 0.5123004913330078, -0.7616924047470093, -0.815329909324646, 0.18458257615566254, 0.5487856864929199),
            ["LeftLowerLeg"] = CFrame.new(2.1606683731079102e-07, 0.0001226663589477539, 0.00007745623588562012, 1, -1.4901141653922423e-08, 1.490117718105921e-08, -3.725290653733282e-08, 0.9999868273735046, 0.005150025710463524, -6.705523247774181e-08, -0.005149938631802797, 0.9999868273735046),
        }},
        {Time = 0.033, Data = {
            ["RightFoot"] = CFrame.new(-3.864988684654236e-08, 2.980232238769531e-07, -1.902662916108966e-08, 0.9970604777336121, 0.07424431294202805, 0.018925748765468597, -0.03258492425084114, 0.634458065032959, -0.7722694873809814, -0.06934420764446259, 0.7693833708763123, 0.6350131034851074),
            ["LeftLowerArm"] = CFrame.new(0.000001341104507446289, -1.1920928955078125e-07, -5.960464477539063e-08, 1, 7.450578820566989e-09, -7.45057615603173e-09, -7.450577044210149e-09, 1, 3.725288078015865e-09, 0, 1.1175868230850483e-08, 1),
            ["RightUpperArm"] = CFrame.new(4.76837158203125e-07, 7.152557373046875e-07, 5.960464477539063e-08, 0.24807295203208923, -0.9174594283103943, -0.31101128458976746, 0.16957859694957733, 0.35721614956855774, -0.918498694896698, 0.9537834525108337, 0.17511394619941711, 0.24419710040092468),
            ["Head"] = CFrame.new(-2.8312206268310547e-07, 0, -3.129243850708008e-07, 0.611664354801178, 0.1746715009212494, 0.7715936899185181, 0.1509692221879959, 0.9316262602806091, -0.3305767774581909, -0.7765790820121765, 0.31868860125541687, 0.5434724688529968),
            ["RightHand"] = CFrame.new(6.556510925292969e-07, 4.172325134277344e-07, 2.384185791015625e-07, 0.7497236728668213, -0.007380321156233549, -0.6617098450660706, -0.07317393273115158, 0.9928813576698303, -0.09398071467876434, 0.6576929688453674, 0.11887947469949722, 0.743846595287323),
            ["UpperTorso"] = CFrame.new(8.195638656616211e-08, -9.238719940185547e-07, -7.450580596923828e-08, 0.992316484451294, 0.10270154476165771, -0.06899555772542953, -0.09612012654542923, 0.9910387992858887, 0.0927526205778122, 0.07790326327085495, -0.08540810644626617, 0.9932958483695984),
            ["HumanoidRootPart"] = CFrame.new(0, 0, 0, 1, 0, 0, 0, 1, 0, 0, 0, 1),
            ["RightUpperLeg"] = CFrame.new(-2.9802322387695312e-08, -9.313225746154785e-08, 5.75528247281909e-09, 0.9470586180686951, -0.10003960132598877, 0.30507713556289673, 0.22205480933189392, 0.8903933167457581, -0.3973565697669983, -0.23188701272010803, 0.4440629780292511, 0.8654685616493225),
            ["LeftUpperArm"] = CFrame.new(-2.384185791015625e-07, 5.960464477539062e-07, -3.3527612686157227e-07, -0.058336954563856125, 0.9982965588569641, 0.0009292695904150605, -0.9954857230186462, -0.058102868497371674, -0.07504907250404358, -0.07486718893051147, -0.005303147714585066, 0.9971794486045837),
            ["RightLowerArm"] = CFrame.new(0.0000027418136596679688, 4.172325134277344e-07, -5.364418029785156e-07, 1, -8.195631551188853e-08, 1.4156105976326216e-07, 1.043080430918053e-07, -0.4333284795284271, -0.9012361168861389, 1.7881379221762472e-07, 0.9012359976768494, -0.4333285391330719),
            ["LeftHand"] = CFrame.new(-3.725290298461914e-07, 0.0000013709068298339844, 5.662441253662109e-07, 0.9081010222434998, 0.12379328906536102, 0.40003475546836853, -0.13562774658203125, 0.9907590746879578, 0.0012858739355579019, -0.39617887139320374, -0.05542346462607384, 0.9164990186691284),
            ["LeftFoot"] = CFrame.new(-1.4901161193847656e-08, 0, 2.9802322387695312e-08, 0.9742432832717896, -0.21851220726966858, -0.055702220648527145, 0.20102177560329437, 0.9535033106803894, -0.2245471328496933, 0.10217852145433426, 0.2075665146112442, 0.9728699922561646),
            ["LowerTorso"] = CFrame.new(-0.14947058260440826, -0.3686429262161255, 0.5588337182998657, 0.5902523994445801, 0.10162542760372162, -0.8007962107658386, -0.07084286212921143, 0.9947373270988464, 0.0740206241607666, 0.8041041493415833, 0.013039825484156609, 0.5943454504013062),
            ["RightLowerLeg"] = CFrame.new(-1.043081283569336e-07, -0.00012242794036865234, -0.00007745454058749601, 1, -1.3411036547950062e-07, -1.1920931797249068e-07, 1.4901159772762185e-07, 0.28510111570358276, 0.9584974646568298, -1.5646217832454568e-07, -0.9584974646568298, 0.2851012349128723),
            ["LeftUpperLeg"] = CFrame.new(-1.1920928955078125e-07, -4.149042069911957e-07, 1.4901161193847656e-08, 0.4654948115348816, 0.8179500102996826, 0.338041752576828, -0.4289919435977936, 0.5426024794578552, -0.7221838235855103, -0.7741320729255676, 0.1911555528640747, 0.6034718751907349),
            ["LeftLowerLeg"] = CFrame.new(7.450580596923828e-08, 0.00012248754501342773, 0.00007739663124084473, 1, 7.4505708269612114e-09, -8.195646472586304e-08, 1.4901161193847656e-08, 0.9999867677688599, 0.005139087792485952, 2.9802322387695312e-08, -0.005139046348631382, 0.9999868869781494),
        }},
        {Time = 0.050, Data = {
            ["RightFoot"] = CFrame.new(-1.955777406692505e-08, 2.384185791015625e-07, 2.614251570776105e-08, 0.9970643520355225, 0.07419610768556595, 0.018913647159934044, -0.03282724320888519, 0.6373798847198486, -0.7698491811752319, -0.06917501240968704, 0.7669693231582642, 0.6379455924034119),
            ["LeftLowerArm"] = CFrame.new(0.0000010728836059570312, -3.5762786865234375e-07, 1.4901161193847656e-07, 1, 0, 0, -2.9802308176840597e-08, 1, -8.381901395182467e-09, 0, -3.1664949773357876e-08, 1),
            ["RightUpperArm"] = CFrame.new(7.152557373046875e-07, 3.5762786865234375e-07, 2.086162567138672e-07, 0.284340500831604, -0.9284994602203369, -0.23882915079593658, 0.22558516263961792, 0.306912899017334, -0.9246165752410889, 0.9318057894706726, 0.20902961492538452, 0.29672348499298096),
            ["Head"] = CFrame.new(-1.4901161193847656e-07, -3.5762786865234375e-07, -2.2351741790771484e-07, 0.6472704410552979, 0.1670241802930832, 0.7437362670898438, 0.15005770325660706, 0.9286860823631287, -0.3391536772251129, -0.7473445534706116, 0.33112719655036926, 0.5760477781295776),
            ["RightHand"] = CFrame.new(7.748603820800781e-07, 0.0000010728836059570312, 2.384185791015625e-07, 0.7720897793769836, -0.02886647917330265, -0.6348575353622437, -0.0611056387424469, 0.990967333316803, -0.11937292665243149, 0.6325690150260925, 0.13095997273921967, 0.7633518576622009),
            ["UpperTorso"] = CFrame.new(2.682209014892578e-07, -6.854534149169922e-07, -1.862645149230957e-07, 0.9939988255500793, 0.08944080024957657, -0.06298232823610306, -0.08353209495544434, 0.9923498630523682, 0.09090738743543625, 0.07063157111406326, -0.08510077744722366, 0.9938657879829407),
            ["HumanoidRootPart"] = CFrame.new(0, 0, 0, 1, 0, 0, 0, 1, 0, 0, 0, 1),
            ["RightUpperLeg"] = CFrame.new(1.7881393432617188e-07, -9.313225746154785e-09, 3.55576048605144e-08, 0.9492265582084656, -0.13162632286548615, 0.28573301434516907, 0.23080946505069733, 0.9085495471954346, -0.3482319414615631, -0.21376606822013855, 0.39650002121925354, 0.8927995562553406),
            ["LeftUpperArm"] = CFrame.new(-2.384185791015625e-07, 4.76837158203125e-07, -3.5762786865234375e-07, -0.06343646347522736, 0.9970297813415527, -0.04367593675851822, -0.9929378032684326, -0.06745141744613647, -0.0975956916809082, -0.10025180131196976, 0.037176452577114105, 0.9942674040794373),
            ["RightLowerArm"] = CFrame.new(0.0000028014183044433594, 3.5762786865234375e-07, -1.4901161193847656e-08, 1, -7.450574202039206e-08, 1.0803343286625022e-07, 1.1920917586394353e-07, -0.39225539565086365, -0.9198563694953918, 1.3038503254847456e-07, 0.9198564291000366, -0.39225539565086365),
            ["LeftHand"] = CFrame.new(-2.2351741790771484e-07, 0.0000013113021850585938, 4.470348358154297e-07, 0.9194061160087585, 0.16680040955543518, 0.35618820786476135, -0.1704411655664444, 0.9851359128952026, -0.021383164450526237, -0.35446053743362427, -0.0410492941737175, 0.9341695308685303),
            ["LeftFoot"] = CFrame.new(-7.450580596923828e-08, -5.960464477539063e-08, -8.940696716308594e-08, 0.972278356552124, -0.22658079862594604, -0.05775899440050125, 0.21182048320770264, 0.9580966830253601, -0.1928281933069229, 0.09903013706207275, 0.17524854838848114, 0.9795311093330383),
            ["LowerTorso"] = CFrame.new(-0.14562088251113892, -0.3496814966201782, 0.541138768196106, 0.6091083288192749, 0.09885142743587494, -0.7869024872779846, -0.08373237401247025, 0.9946720600128174, 0.06013787165284157, 0.7886545062065125, 0.029258720576763153, 0.6141400337219238),
            ["RightLowerLeg"] = CFrame.new(7.450580596923828e-08, -0.00012242794036865234, -0.00007733533129794523, 1, -4.4703462265260896e-08, -1.043081780949251e-07, 1.341104365337742e-07, 0.3246878981590271, 0.9458213448524475, -3.054737760521675e-07, -0.945821225643158, 0.3246876895427704),
            ["LeftUpperLeg"] = CFrame.new(0, -1.8719583749771118e-07, -6.705522537231445e-08, 0.5129165649414062, 0.783855140209198, 0.34998220205307007, -0.4317820370197296, 0.5879448652267456, -0.6840222477912903, -0.7419440746307373, 0.19972999393939972, 0.6400203108787537),
            ["LeftLowerLeg"] = CFrame.new(8.195638656616211e-08, 0.00012254714965820312, 0.00007733702659606934, 1, -4.097813999237587e-08, -7.823118153282849e-08, 3.725289943190546e-08, 0.9999869465827942, 0.005124693736433983, -6.70552182668871e-08, -0.005124636925756931, 0.9999868869781494),
        }},
        {Time = 0.067, Data = {
            ["RightFoot"] = CFrame.new(-6.05359673500061e-08, 3.5762786865234375e-07, 2.521119313314557e-08, 0.997055172920227, 0.0743110328912735, 0.018942920491099358, -0.03370989114046097, 0.6465655565261841, -0.762112557888031, -0.06888119876384735, 0.759230375289917, 0.6471673846244812),
            ["LeftLowerArm"] = CFrame.new(2.682209014892578e-07, 1.1920928955078125e-07, -1.1920928955078125e-07, 1, -2.2351734685344127e-08, 3.7252889661942845e-09, 7.45057615603173e-09, 1, 6.5192558018623e-09, -1.490115231206346e-08, 2.1420412110728648e-08, 1),
            ["RightUpperArm"] = CFrame.new(7.152557373046875e-07, 2.384185791015625e-07, 5.960464477539063e-08, 0.3066975772380829, -0.9385521411895752, -0.1582927703857422, 0.2807689607143402, 0.24811838567256927, -0.9271494746208191, 0.9094534516334534, 0.23991084098815918, 0.3396136164665222),
            ["Head"] = CFrame.new(-9.313225746154785e-08, -3.5762786865234375e-07, -2.682209014892578e-07, 0.68657386302948, 0.15682198107242584, 0.7099458575248718, 0.14663685858249664, 0.9265282154083252, -0.346472829580307, -0.712119460105896, 0.34198319911956787, 0.6131343245506287),
            ["RightHand"] = CFrame.new(4.76837158203125e-07, 5.364418029785156e-07, 2.980232238769531e-07, 0.781852126121521, -0.042940616607666016, -0.6219834685325623, -0.054895613342523575, 0.9890093803405762, -0.13728484511375427, 0.6210424304008484, 0.14148060977458954, 0.7709016799926758),
            ["UpperTorso"] = CFrame.new(4.470348358154297e-08, -5.960464477539062e-07, -2.8312206268310547e-07, 0.9958202838897705, 0.07338696718215942, -0.05437327176332474, -0.06853093206882477, 0.993905246257782, 0.08634807169437408, 0.0603787787258625, -0.08226089179515839, 0.9947802424430847),
            ["HumanoidRootPart"] = CFrame.new(0, 0, 0, 1, 0, 0, 0, 1, 0, 0, 0, 1),
            ["RightUpperLeg"] = CFrame.new(-5.960464477539063e-08, -1.5459954738616943e-07, -1.6952981241047382e-09, 0.9503807425498962, -0.17098228633403778, 0.25988706946372986, 0.24541227519512177, 0.9254735708236694, -0.2885690927505493, -0.19117848575115204, 0.33802929520606995, 0.9215132594108582),
            ["LeftUpperArm"] = CFrame.new(-2.384185791015625e-07, 1.1920928955078125e-07, -4.0978193283081055e-07, -0.061265669763088226, 0.9934839010238647, -0.09610607475042343, -0.9896246790885925, -0.07299881428480148, -0.1237502470612526, -0.12995950877666473, 0.0875273123383522, 0.9876484870910645),
            ["RightLowerArm"] = CFrame.new(0.0000021457672119140625, 1.1920928955078125e-07, -3.762543201446533e-07, 1, -1.3411039390121005e-07, 1.4156105976326216e-07, 4.470345515983354e-08, -0.3521403670310974, -0.9359472393989563, 1.117586450050112e-07, 0.9359472990036011, -0.35214030742645264),
            ["LeftHand"] = CFrame.new(-1.4901161193847656e-07, 0.0000013113021850585938, 5.662441253662109e-07, 0.9305550456047058, 0.2065868377685547, 0.30230656266212463, -0.20410746335983276, 0.978125274181366, -0.0401398204267025, -0.30398622155189514, -0.024350710213184357, 0.9523652195930481),
            ["LeftFoot"] = CFrame.new(-9.685754776000977e-08, 0, -2.9802322387695312e-08, 0.9695494174957275, -0.23730731010437012, -0.060493335127830505, 0.2261253148317337, 0.9623363614082336, -0.15091654658317566, 0.09402881562709808, 0.13264241814613342, 0.9866938591003418),
            ["LowerTorso"] = CFrame.new(-0.14156554639339447, -0.324367880821228, 0.5177472829818726, 0.6279804110527039, 0.09681802242994308, -0.7721832990646362, -0.09651605039834976, 0.9942600727081299, 0.046170517802238464, 0.772221028804779, 0.04553389176726341, 0.633720338344574),
            ["RightLowerLeg"] = CFrame.new(-1.2665987014770508e-07, -0.00012236833572387695, -0.00007732043013675138, 1, -2.9802318834981634e-08, -1.5646224937881925e-07, 1.564621925354004e-07, 0.38013941049575806, 0.9249293804168701, -1.601874828338623e-07, -0.9249292612075806, 0.3801390826702118),
            ["LeftUpperLeg"] = CFrame.new(0, -1.7415732145309448e-07, 5.960464477539063e-08, 0.5663089752197266, 0.7394535541534424, 0.3640088737010956, -0.42300185561180115, 0.6398152709007263, -0.6416438221931458, -0.7073638439178467, 0.20939181745052338, 0.6751227378845215),
            ["LeftLowerLeg"] = CFrame.new(1.862645149230957e-08, 0.00012248754501342773, 0.0000776052474975586, 1, 2.235172047448941e-08, -1.0058295885073676e-07, 6.891787052154541e-08, 0.999987006187439, 0.005104935262352228, -6.891787052154541e-08, -0.005104954354465008, 0.9999870657920837),
        }},
        {Time = 0.083, Data = {
            ["RightFoot"] = CFrame.new(-6.845220923423767e-08, 4.172325134277344e-07, -1.1728116078302264e-07, 0.997291624546051, 0.07127006351947784, 0.018167581409215927, -0.03376248851418495, 0.6630661487579346, -0.7477983236312866, -0.06534190475940704, 0.7451604604721069, 0.6636775135993958),
            ["LeftLowerArm"] = CFrame.new(-5.662441253662109e-07, -1.1920928955078125e-07, -8.568167686462402e-08, 1, 1.1175867342672063e-08, 0, -1.1175865566315224e-08, 1, 7.566993254215504e-09, 6.519254913683881e-09, -2.747400529301558e-08, 1),
            ["RightUpperArm"] = CFrame.new(4.76837158203125e-07, 8.344650268554688e-07, 5.960464477539063e-08, 0.32292449474334717, -0.9430633187294006, -0.07969598472118378, 0.25355395674705505, 0.16733548045158386, -0.9527378678321838, 0.9118279814720154, 0.28745540976524353, 0.29315394163131714),
            ["Head"] = CFrame.new(-2.0675361156463623e-07, -4.76837158203125e-07, -1.6391277313232422e-07, 0.7242649793624878, 0.14744563400745392, 0.6735725402832031, 0.1396612823009491, 0.9252514839172363, -0.35271021723747253, -0.6752296686172485, 0.3495274484157562, 0.6495348215103149),
            ["RightHand"] = CFrame.new(7.748603820800781e-07, 4.76837158203125e-07, 1.4901161193847656e-07, 0.7613224983215332, -0.046859823167324066, -0.6466778516769409, -0.05607331916689873, 0.9888895750045776, -0.13767141103744507, 0.6459441781044006, 0.14107376337051392, 0.7502362132072449),
            ["UpperTorso"] = CFrame.new(1.043081283569336e-07, -5.364418029785156e-07, -1.4901161193847656e-07, 0.997524082660675, 0.05540544167160988, -0.04331445321440697, -0.051866527646780014, 0.9955288767814636, 0.07894372940063477, 0.047494880855083466, -0.07650171965360641, 0.9959376454353333),
            ["HumanoidRootPart"] = CFrame.new(0, 0, 0, 1, 0, 0, 0, 1, 0, 0, 0, 1),
            ["RightUpperLeg"] = CFrame.new(-1.1920928955078125e-07, 2.2351741790771484e-07, 5.75528247281909e-09, 0.9512571692466736, -0.20874717831611633, 0.22701159119606018, 0.2588942348957062, 0.9405156970024109, -0.22001034021377563, -0.16758134961128235, 0.26805779337882996, 0.9487155675888062),
            ["LeftUpperArm"] = CFrame.new(-1.1920928955078125e-07, 8.344650268554688e-07, -3.0547380447387695e-07, -0.06808866560459137, 0.9870531558990479, -0.1452239453792572, -0.9845306277275085, -0.09003005176782608, -0.15031300485134125, -0.161441370844841, 0.13274280726909637, 0.9779141545295715),
            ["RightLowerArm"] = CFrame.new(0.000002086162567138672, 1.1920928955078125e-07, -1.341104507446289e-07, 1, -7.450574202039206e-08, 7.450579886381092e-08, 5.960460214282648e-08, -0.30361106991767883, -0.9527960419654846, 1.341103512686459e-07, 0.9527960419654846, -0.303611159324646),
            ["LeftHand"] = CFrame.new(-7.450580596923828e-07, 0.0000012516975402832031, 5.364418029785156e-07, 0.9410170316696167, 0.23437929153442383, 0.2440354824066162, -0.22902852296829224, 0.9721092581748962, -0.05049469694495201, -0.24906404316425323, -0.008374711498618126, 0.9684508442878723),
            ["LeftFoot"] = CFrame.new(-1.3504177331924438e-07, 5.960464477539063e-08, -2.9802322387695312e-08, 0.9687193632125854, -0.24046911299228668, -0.06129938364028931, 0.23452019691467285, 0.9678720235824585, -0.09068591147661209, 0.0811372622847557, 0.07347323000431061, 0.9939911961555481),
            ["LowerTorso"] = CFrame.new(-0.13660021126270294, -0.2930070161819458, 0.49032190442085266, 0.6482239961624146, 0.09887579828500748, -0.7550027966499329, -0.10932820290327072, 0.9933455586433411, 0.03622322902083397, 0.7535602450370789, 0.059062328189611435, 0.6547203063964844),
            ["RightLowerLeg"] = CFrame.new(-7.450580596923828e-08, -0.00012242794036865234, -0.00007732043013675138, 1, -1.1175865211043856e-07, -1.1175873737556685e-07, 1.1548398504146462e-07, 0.45671406388282776, 0.8896137475967407, -1.4342366227992898e-07, -0.8896136283874512, 0.45671382546424866),
            ["LeftUpperLeg"] = CFrame.new(5.960464477539063e-08, 3.0873343348503113e-07, 5.960464477539063e-08, 0.6120942234992981, 0.6876690983772278, 0.39045047760009766, -0.3947758674621582, 0.6935474872589111, -0.6026151180267334, -0.6851954460144043, 0.21471653878688812, 0.6959909200668335),
            ["LeftLowerLeg"] = CFrame.new(7.962808012962341e-08, 0.0001227855682373047, 0.00007748603820800781, 1, 6.891781367812655e-08, -5.6345061949514275e-08, 5.2154071283894154e-08, 0.9999870657920837, 0.005082022864371538, -1.0989607801548118e-07, -0.005081992130726576, 0.9999871253967285),
        }},
        {Time = 0.100, Data = {
            ["RightFoot"] = CFrame.new(1.2665987014770508e-07, 3.5762786865234375e-07, -7.46731529943645e-08, 0.9974625110626221, 0.06898827105760574, 0.01758601889014244, -0.035025909543037415, 0.6905739903450012, -0.7224119305610657, -0.06198256462812424, 0.7199639678001404, 0.6912392973899841),
            ["LeftLowerArm"] = CFrame.new(0.0000028908252716064453, -1.7881393432617188e-07, 2.9802322387695312e-08, 1, 3.7252894102834944e-09, 3.7252894102834944e-09, 7.450578820566989e-09, 1, -5.401669511684304e-08, -3.7252894102834944e-09, 0, 1),
            ["RightUpperArm"] = CFrame.new(4.76837158203125e-07, 2.384185791015625e-07, -8.940696716308594e-08, 0.34323951601982117, -0.9392474889755249, -0.0007623121491633356, 0.2251691073179245, 0.08307371288537979, -0.9707716703414917, 0.9118582606315613, 0.3330358862876892, 0.2400035560131073),
            ["Head"] = CFrame.new(-1.1920928955078125e-07, -0.0000010728836059570312, -3.725290298461914e-07, 0.7577674388885498, 0.14111988246440887, 0.637082040309906, 0.1278582066297531, 0.9252967834472656, -0.35704106092453003, -0.639875590801239, 0.35201016068458557, 0.6831164956092834),
            ["RightHand"] = CFrame.new(4.76837158203125e-07, 2.980232238769531e-07, 4.246830940246582e-07, 0.730843186378479, -0.046317312866449356, -0.6809720396995544, -0.056455548852682114, 0.9901741147041321, -0.12793825566768646, 0.6802065372467041, 0.13194748759269714, 0.7210471630096436),
            ["UpperTorso"] = CFrame.new(1.7508864402770996e-07, -8.940696716308594e-07, -1.9371509552001953e-07, 0.9988985061645508, 0.03632686287164688, -0.029703259468078613, -0.034162797033786774, 0.996936023235321, 0.0703677162528038, 0.03216875344514847, -0.06927546858787537, 0.9970787763595581),
            ["HumanoidRootPart"] = CFrame.new(0, 0, 0, 1, 0, 0, 0, 1, 0, 0, 0, 1),
            ["RightUpperLeg"] = CFrame.new(0, 2.123415470123291e-07, 6.535992724820971e-08, 0.9503828883171082, -0.24340423941612244, 0.1937178671360016, 0.27425846457481384, 0.9494882822036743, -0.15249454975128174, -0.14681468904018402, 0.1980563998222351, 0.9691330194473267),
            ["LeftUpperArm"] = CFrame.new(-2.384185791015625e-07, 1.1920928955078125e-07, -2.8312206268310547e-07, -0.07224788516759872, 0.9775651097297668, -0.1978558450937271, -0.9797703623771667, -0.10668064653873444, -0.1693200170993805, -0.18662868440151215, 0.18162016570568085, 0.9654967188835144),
            ["RightLowerArm"] = CFrame.new(0.0000021457672119140625, 8.344650268554688e-07, -7.748603820800781e-07, 1, -2.980229751869956e-08, 1.9231814007980574e-07, 1.266597990934315e-07, -0.2543227970600128, -0.9671193957328796, 1.266597990934315e-07, 0.9671193361282349, -0.2543228566646576),
            ["LeftHand"] = CFrame.new(-6.109476089477539e-07, 0.000001430511474609375, 5.066394805908203e-07, 0.9490360617637634, 0.2479511797428131, 0.19455315172672272, -0.24201297760009766, 0.9687632322311401, -0.05410824343562126, -0.20189210772514343, 0.00426633981987834, 0.9793985486030579),
            ["LeftFoot"] = CFrame.new(4.7031790018081665e-08, -5.960464477539063e-08, -1.1920928955078125e-07, 0.9678888916969299, -0.24358879029750824, -0.062094539403915405, 0.24267272651195526, 0.9698586463928223, -0.022002026438713074, 0.06558247655630112, 0.0062269121408462524, 0.9978277683258057),
            ["LowerTorso"] = CFrame.new(-0.13085108995437622, -0.25780951976776123, 0.4604755938053131, 0.668101966381073, 0.10156319290399551, -0.737105667591095, -0.12191345542669296, 0.9921947121620178, 0.026210378855466843, 0.7340143322944641, 0.07235188782215118, 0.6752690672874451),
            ["RightLowerLeg"] = CFrame.new(-2.9802322387695312e-08, -0.00012230873107910156, -0.00007738003478152677, 1, -6.705519695060502e-08, -8.94070240065048e-08, 1.4156105976326216e-07, 0.5264096856117249, 0.8502314686775208, -5.587936779960501e-09, -0.8502309918403625, 0.5264091491699219),
            ["LeftUpperLeg"] = CFrame.new(0, 5.727633833885193e-08, 4.470348358154297e-08, 0.6545957326889038, 0.6310514211654663, 0.4162672460079193, -0.3609331548213959, 0.7447052001953125, -0.5613756775856018, -0.6642528176307678, 0.21722902357578278, 0.7152474522590637),
            ["LeftLowerLeg"] = CFrame.new(-6.984919309616089e-08, 0.0001227259635925293, 0.00007751584053039551, 1, -2.1420396123517094e-08, 2.980236146754578e-08, 5.774199252073231e-08, 0.9999872446060181, 0.005058347247540951, 6.053595846822191e-09, -0.005058327689766884, 0.9999873042106628),
        }},
        {Time = 0.117, Data = {
            ["RightFoot"] = CFrame.new(7.35744833946228e-08, 3.5762786865234375e-07, 1.6130798030644655e-08, 0.9976799488067627, 0.06597058475017548, 0.0168166421353817, -0.03761782869696617, 0.7400645017623901, -0.6714819669723511, -0.05674357712268829, 0.6692926287651062, 0.7408300042152405),
            ["LeftLowerArm"] = CFrame.new(0.0000012814998626708984, -8.344650268554688e-07, -7.450580596923828e-08, 1, -3.7252889661942845e-09, 0, 1.1175868230850483e-08, 1, 2.7939672797572257e-09, -3.7252894102834944e-09, 2.048908953611317e-08, 1),
            ["RightUpperArm"] = CFrame.new(4.76837158203125e-07, 3.5762786865234375e-07, 5.960464477539063e-08, 0.3818970024585724, -0.9153838753700256, 0.127385213971138, 0.25638335943222046, -0.027491766959428787, -0.9661841988563538, 0.8879314064979553, 0.4016422629356384, 0.2241901010274887),
            ["Head"] = CFrame.new(-2.421438694000244e-07, -9.5367431640625e-07, -2.2351741790771484e-07, 0.7834069132804871, 0.14372725784778595, 0.6046619415283203, 0.10961420089006424, 0.9256904721260071, -0.3620525896549225, -0.611766517162323, 0.3499138355255127, 0.7094377279281616),
            ["RightHand"] = CFrame.new(6.258487701416016e-07, 8.344650268554688e-07, 5.960464477539062e-07, 0.7056107521057129, -0.04139717295765877, -0.7073894143104553, -0.050064653158187866, 0.9928847551345825, -0.108043372631073, 0.7068288922309875, 0.11165176331996918, 0.6985176205635071),
            ["UpperTorso"] = CFrame.new(1.6530975699424744e-07, -0.000001043081283569336, -1.825392246246338e-07, 0.9997552037239075, 0.017479389905929565, -0.013569977134466171, -0.016604317352175713, 0.997931718826294, 0.062102608382701874, 0.014627666212618351, -0.06186210364103317, 0.9979774951934814),
            ["HumanoidRootPart"] = CFrame.new(0, 0, 0, 1, 0, 0, 0, 1, 0, 0, 0, 1),
            ["RightUpperLeg"] = CFrame.new(5.960464477539063e-08, -1.7695128917694092e-07, 2.438173396512866e-08, 0.9512574076652527, -0.265344500541687, 0.15716712176799774, 0.28219151496887207, 0.9544922113418579, -0.09650347381830215, -0.12440802156925201, 0.13615047931671143, 0.982845664024353),
            ["LeftUpperArm"] = CFrame.new(-2.384185791015625e-07, 4.76837158203125e-07, -3.725290298461914e-07, -0.09043272584676743, 0.9674068093299866, -0.2365291565656662, -0.9761318564414978, -0.1331903636455536, -0.17154307663440704, -0.1974553018808365, 0.21537050604820251, 0.9563612937927246),
            ["RightLowerArm"] = CFrame.new(0.000002682209014892578, -2.384185791015625e-07, 2.9802322387695312e-08, 1, -3.3527591369875154e-08, 2.1606683731079102e-07, 7.450574912581942e-08, -0.2194100320339203, -0.9756327867507935, 1.4156093186556973e-07, 0.9756327271461487, -0.2194100022315979),
            ["LeftHand"] = CFrame.new(-0.0000011920928955078125, 0.0000012516975402832031, 6.854534149169922e-07, 0.9551758766174316, 0.2349437177181244, 0.18011260032653809, -0.23000021278858185, 0.9719982743263245, -0.0481598787009716, -0.18638397753238678, 0.004575206898152828, 0.9824663400650024),
            ["LeftFoot"] = CFrame.new(-3.5390257835388184e-08, 5.960464477539063e-08, 2.9802322387695312e-08, 0.9647248387336731, -0.25510239601135254, -0.06502973288297653, 0.25092729926109314, 0.9657549262046814, -0.06597723811864853, 0.07963376492261887, 0.04733206331729889, 0.9956998825073242),
            ["LowerTorso"] = CFrame.new(-0.12354022264480591, -0.22003304958343506, 0.4299267828464508, 0.6852049827575684, 0.10349726676940918, -0.720959484577179, -0.12962520122528076, 0.9913787841796875, 0.019120551645755768, 0.7167227864265442, 0.0803530141711235, 0.6927134990692139),
            ["RightLowerLeg"] = CFrame.new(-2.9802322387695312e-08, -0.00012248754501342773, -0.00007745454058749601, 1, -4.4703469370688254e-08, -7.450586281265714e-08, 9.96515154838562e-08, 0.5957804322242737, 0.8031479716300964, -2.2165477275848389e-07, -0.8031473755836487, 0.5957797169685364),
            ["LeftUpperLeg"] = CFrame.new(0, -3.2316893339157104e-07, 8.568167686462402e-08, 0.6943509578704834, 0.6258233189582825, 0.3552769422531128, -0.33462852239608765, 0.717850387096405, -0.6105043888092041, -0.637103259563446, 0.3050181567668915, 0.7078577876091003),
            ["LeftLowerLeg"] = CFrame.new(3.632158041000366e-08, 0.00012284517288208008, 0.00007724761962890625, 1, 4.004682807590143e-08, 3.3527644660580336e-08, -2.9802315282267955e-08, 0.9702591896057129, 0.24206922948360443, 3.352760558072987e-08, -0.2420685738325119, 0.9702590107917786),
        }},
        {Time = 0.133, Data = {
            ["RightFoot"] = CFrame.new(-7.636845111846924e-08, 3.5762786865234375e-07, 4.87270881421864e-08, 0.9977527260780334, 0.06492824852466583, 0.01655103638768196, -0.040637142956256866, 0.7827669978141785, -0.6209855675697327, -0.05327506363391876, 0.6189187169075012, 0.7836472392082214),
            ["LeftLowerArm"] = CFrame.new(0.0000016689300537109375, -7.748603820800781e-07, -1.4901161193847656e-07, 1, -2.607702853651972e-08, -3.7252898543727042e-09, 1.862644793959589e-08, 0.9932443499565125, -0.11604144424200058, -7.450578820566989e-09, 0.11604149639606476, 0.9932444095611572),
            ["RightUpperArm"] = CFrame.new(4.76837158203125e-07, 0.0000010728836059570312, 1.1920928955078125e-07, 0.39157557487487793, -0.879213809967041, 0.2713884711265564, 0.33643820881843567, -0.1377134621143341, -0.9315817356109619, 0.8564332127571106, 0.45609015226364136, 0.24187573790550232),
            ["Head"] = CFrame.new(-2.1979212760925293e-07, -3.5762786865234375e-07, -1.1920928955078125e-07, 0.8007880449295044, 0.15187771618366241, 0.5793717503547668, 0.09058406203985214, 0.9254789352416992, -0.3678089678287506, -0.5920584201812744, 0.3470187187194824, 0.7273547649383545),
            ["RightHand"] = CFrame.new(9.834766387939453e-07, 1.7881393432617188e-07, 1.1920928955078125e-07, 0.6952822804450989, -0.04407920315861702, -0.717383861541748, -0.02803697995841503, 0.995694637298584, -0.08835310488939285, 0.7181896567344666, 0.08154360204935074, 0.6910528540611267),
            ["UpperTorso"] = CFrame.new(1.6391277313232422e-07, -5.066394805908203e-07, -1.8998980522155762e-07, 0.9999862313270569, -0.0014172506053000689, 0.005054887384176254, 0.0011376329930499196, 0.9984893202781677, 0.05493581295013428, -0.005124877672642469, -0.05492927134037018, 0.9984771013259888),
            ["HumanoidRootPart"] = CFrame.new(0, 0, 0, 1, 0, 0, 0, 1, 0, 0, 0, 1),
            ["RightUpperLeg"] = CFrame.new(-5.960464477539063e-08, 6.891787052154541e-08, 1.3205863069742918e-08, 0.9507166743278503, -0.2860488295555115, 0.11964017897844315, 0.2929842472076416, 0.9550721645355225, -0.04469580203294754, -0.10147983580827713, 0.07754551619291306, 0.9918107390403748),
            ["LeftUpperArm"] = CFrame.new(-1.1920928955078125e-07, 7.152557373046875e-07, -3.8743019104003906e-07, -0.10941560566425323, 0.9559590816497803, -0.2723426818847656, -0.9725905060768127, -0.15951697528362274, -0.16918055713176727, -0.20517295598983765, 0.24636706709861755, 0.9472103714942932),
            ["RightLowerArm"] = CFrame.new(0.000003337860107421875, -1.1920928955078125e-07, -5.513429641723633e-07, 1, -7.45057349149647e-08, 1.043080928297968e-07, 1.285223873992436e-07, -0.18943220376968384, -0.9818938374519348, 5.0291369291244337e-08, 0.98189377784729, -0.18943221867084503),
            ["LeftHand"] = CFrame.new(-4.023313522338867e-07, 0.0000013113021850585938, 6.556510925292969e-07, 0.9610394239425659, 0.21317391097545624, 0.1759551465511322, -0.20964516699314117, 0.9770142436027527, -0.03862788528203964, -0.18014512956142426, 0.0002348237030673772, 0.9836400747299194),
            ["LeftFoot"] = CFrame.new(0, 5.960464477539063e-08, -1.043081283569336e-07, 0.9585695862770081, -0.27603158354759216, -0.07036472111940384, 0.26956838369369507, 0.9588472247123718, -0.08913300186395645, 0.09207265824079514, 0.06647225469350815, 0.9935312271118164),
            ["LowerTorso"] = CFrame.new(-0.11658252030611038, -0.1834622621536255, 0.4005976617336273, 0.6982991099357605, 0.10642290115356445, -0.7078506946563721, -0.1355452984571457, 0.9906542301177979, 0.015225155279040337, 0.7028555274009705, 0.08531411737203598, 0.7061980366706848),
