return {
    ["Winner's Breakdance"] = {
        {Time = 0.000, Data = {
            ["RightFoot"] = CFrame.new(-5.587935447692871e-08, 3.5762786865234375e-07, 8.098140824586153e-09, 0.9643038511276245, 0.256593257188797, 0.0654088482260704, -0.20628583431243896, 0.8828160166740417, -0.4219972789287567, -0.16602541506290436, 0.3934411406517029, 0.9042344689369202),
            ["LeftLowerArm"] = CFrame.new(0, 1.1920928955078125e-07, -1.7881393432617188e-07, 1, -1.862645504502325e-08, -1.4901162970204496e-08, 2.980232594040899e-08, 0.6689429879188538, -0.743313729763031, 1.3411046495548362e-07, 0.7433137893676758, 0.6689429879188538),
            ["RightUpperArm"] = CFrame.new(2.384185791015625e-07, 2.384185791015625e-07, 0, 0.9767802357673645, -0.11684055626392365, -0.17957888543605804, 0.13729773461818695, 0.9848387241363525, 0.10602919012308121, 0.16446775197982788, -0.1282230168581009, 0.9780129194259644),
            ["Head"] = CFrame.new(1.825392246246338e-07, 4.76837158203125e-07, 1.9371509552001953e-07, 0.8017433881759644, -0.0005176328704692423, 0.5976682305335999, 0.08222855627536774, 0.9905855655670166, -0.10944778472185135, -0.591984748840332, 0.13689450919628143, 0.7942379713058472),
            ["RightHand"] = CFrame.new(-1.7881393432617188e-07, 2.384185791015625e-07, -1.1920928955078125e-07, 0.907791256904602, 0.3462332785129547, 0.23672321438789368, -0.39671388268470764, 0.8920027017593384, 0.2166777104139328, -0.13613633811473846, -0.2906094193458557, 0.9471076726913452),
            ["UpperTorso"] = CFrame.new(3.166496753692627e-08, -9.5367431640625e-07, 0, 0.9973199367523193, -0.007181219756603241, 0.07281169295310974, -0.007912108674645424, 0.9787497520446777, 0.20490577816963196, -0.07273596525192261, -0.20493271946907043, 0.9760696887969971),
            ["HumanoidRootPart"] = CFrame.new(0, 0, 0, 1, 0, 0, 0, 1, 0, 0, 0, 1),
            ["RightUpperLeg"] = CFrame.new(0, -4.516914486885071e-08, 2.8107024263590574e-08, 0.9842846393585205, -0.1724814772605896, -0.037868399173021317, 0.12232857942581177, 0.8206358551979065, -0.558204710483551, 0.1273559182882309, 0.5447998046875, 0.8288386464118958),
            ["LeftUpperArm"] = CFrame.new(1.7881393432617188e-07, 1.1920928955078125e-07, 2.384185791015625e-07, 0.9592154026031494, 0.19482724368572235, 0.20481285452842712, -0.2071661502122879, 0.9774702787399292, 0.040423255413770676, -0.1923230141401291, -0.08120489120483398, 0.9779661893844604),
            ["RightLowerArm"] = CFrame.new(2.384185791015625e-07, 2.980232238769531e-07, -2.9802322387695312e-08, 1, -2.9802318834981634e-08, -7.450580596923828e-09, 5.960464477539063e-08, 0.6664933562278748, -0.7455111742019653, 1.2665987014770508e-07, 0.745510995388031, 0.6664932370185852),
            ["LeftHand"] = CFrame.new(2.980232238769531e-07, -5.960464477539062e-07, -2.384185791015625e-07, 0.9994075894355774, -0.033682264387607574, 0.007066825870424509, 0.032145798206329346, 0.9869384169578552, 0.1578587144613266, -0.012291304767131805, -0.15753792226314545, 0.9874365329742432),
            ["LeftFoot"] = CFrame.new(1.0058283805847168e-07, 5.960464477539063e-08, 7.078051567077637e-08, 0.9693513512611389, -0.23806533217430115, -0.06068658083677292, 0.21099267899990082, 0.9332392811775208, -0.2907690107822418, 0.12585724890232086, 0.2690529227256775, 0.9548667669296265),
            ["LowerTorso"] = CFrame.new(-0.07575322687625885, -0.2406677007675171, 0.024860143661499023, 0.748276948928833, 0.024919845163822174, -0.6629182696342468, 0.07405410706996918, 0.9899106025695801, 0.12080132216215134, 0.659240186214447, -0.13948465883731842, 0.7388818860054016),
            ["RightLowerLeg"] = CFrame.new(-4.470348358154297e-08, -0.00012242794036865234, -0.00007740983710391447, 1, -1.0430811414607888e-07, 0, 5.960465188081798e-08, 0.6537172198295593, 0.7567388415336609, -4.4703490686970326e-08, -0.7567389011383057, 0.6537174582481384),
            ["LeftUpperLeg"] = CFrame.new(2.9802322387695312e-08, 1.8812716007232666e-07, 0, 0.79718017578125, 0.5564591884613037, 0.23421543836593628, -0.234616219997406, 0.6429761052131653, -0.7290656566619873, -0.5562904477119446, 0.5262460708618164, 0.6431223154067993),
            ["LeftLowerLeg"] = CFrame.new(-2.9802322387695312e-08, 0.0001227855682373047, 0.00007762014865875244, 1, 2.0489094865183688e-08, 7.078052277620372e-08, -8.195639367158947e-08, 0.587556779384613, 0.8091831803321838, -7.450581485102248e-09, -0.8091829419136047, 0.5875566005706787),
        }},
        {Time = 0.017, Data = {
            ["RightFoot"] = CFrame.new(8.940696716308594e-08, 3.5762786865234375e-07, 4.523462848737836e-08, 0.9649956226348877, 0.2541389465332031, 0.06478292495012283, -0.20412679016590118, 0.8828927278518677, -0.42288604378700256, -0.16466839611530304, 0.39485934376716614, 0.903864324092865),
            ["LeftLowerArm"] = CFrame.new(2.980232238769531e-07, 4.76837158203125e-07, 5.960464477539063e-08, 1, -2.9802318834981634e-08, 9.685756197086448e-08, 4.470348358154297e-08, 0.6793782711029053, -0.733788251876831, 3.725290298461914e-08, 0.733788251876831, 0.6793782711029053),
            ["RightUpperArm"] = CFrame.new(-5.960464477539063e-08, 2.384185791015625e-07, 2.9802322387695312e-08, 0.9772825241088867, -0.11550724506378174, -0.17769943177700043, 0.1354992538690567, 0.9852204322814941, 0.1047886535525322, 0.16296930611133575, -0.12648628652095795, 0.978489875793457),
            ["Head"] = CFrame.new(1.8998980522155762e-07, 1.1920928955078125e-07, 2.1606683731079102e-07, 0.8026469349861145, -0.003223345149308443, 0.5964459180831909, 0.08462332934141159, 0.9904852509498596, -0.10852612555027008, -0.5904209613800049, 0.13758139312267303, 0.7952826023101807),
            ["RightHand"] = CFrame.new(-2.980232238769531e-07, 1.7881393432617188e-07, -2.384185791015625e-07, 0.9038431644439697, 0.34224942326545715, 0.25677478313446045, -0.40009939670562744, 0.8887331485748291, 0.22377130389213562, -0.15161822736263275, -0.30498963594436646, 0.9402090907096863),
            ["UpperTorso"] = CFrame.new(2.60770320892334e-08, -2.682209014892578e-07, 6.146728992462158e-08, 0.9973284602165222, -0.007069461978971958, 0.07270550727844238, -0.007972175255417824, 0.9788272976875305, 0.20453272759914398, -0.0726122260093689, -0.2045658826828003, 0.9761559367179871),
            ["HumanoidRootPart"] = CFrame.new(0, 0, 0, 1, 0, 0, 0, 1, 0, 0, 0, 1),
            ["RightUpperLeg"] = CFrame.new(5.960464477539063e-08, 2.253800630569458e-07, 5.790934665128589e-08, 0.9843752980232239, -0.17318202555179596, -0.03183283656835556, 0.1263222098350525, 0.8204995393753052, -0.5575154423713684, 0.12267066538333893, 0.5447830557823181, 0.8295559883117676),
            ["LeftUpperArm"] = CFrame.new(1.7881393432617188e-07, -1.1920928955078125e-07, 1.4901161193847656e-07, 0.9596232771873474, 0.19530154764652252, 0.20243652164936066, -0.20699749886989594, 0.9775993227958679, 0.0381009466946125, -0.19046075642108917, -0.07846636325120926, 0.9785540103912354),
            ["RightLowerArm"] = CFrame.new(0, -1.1920928955078125e-07, 2.9802322387695312e-08, 1, -1.4901157641133977e-08, 1.7136333951839333e-07, 8.940696716308594e-08, 0.6627914905548096, -0.748803973197937, -2.9802322387695312e-08, 0.748803973197937, 0.6627916097640991),
            ["LeftHand"] = CFrame.new(2.9802322387695312e-08, -5.960464477539063e-08, -1.1920928955078125e-07, 0.9985356330871582, -0.047719720751047134, -0.02548391930758953, 0.051186252385377884, 0.9858598709106445, 0.15956275165081024, 0.017509587109088898, -0.1606336236000061, 0.9868588447570801),
            ["LeftFoot"] = CFrame.new(-2.9802322387695312e-08, -5.960464477539063e-08, -2.9802322387695312e-08, 0.9679895043373108, -0.24321302771568298, -0.061998941004276276, 0.21538197994232178, 0.9317439794540405, -0.2923419177532196, 0.12886826694011688, 0.2696303725242615, 0.9543020129203796),
            ["LowerTorso"] = CFrame.new(-0.07287660986185074, -0.24061667919158936, 0.0222017765045166, 0.7431670427322388, 0.02544497139751911, -0.6686218976974487, 0.07092763483524323, 0.9906507134437561, 0.11653545498847961, 0.665336012840271, -0.1340290904045105, 0.7344142198562622),
            ["RightLowerLeg"] = CFrame.new(0, -0.00012218952178955078, -0.00007745454058749601, 1, -1.341104365337742e-07, 2.9802322387695312e-08, 8.940695295223122e-08, 0.6504443883895874, 0.7595534324645996, -5.960463766996327e-08, -0.7595539093017578, 0.6504449844360352),
            ["LeftUpperLeg"] = CFrame.new(8.940696716308594e-08, 6.649643182754517e-07, 5.960464477539063e-08, 0.7921707630157471, 0.5586223602294922, 0.24577832221984863, -0.23522531986236572, 0.6510727405548096, -0.7216463088989258, -0.5631469488143921, 0.5138535499572754, 0.6471628546714783),
            ["LeftLowerLeg"] = CFrame.new(1.4901161193847656e-08, 0.0001227855682373047, 0.00007756054401397705, 1, 6.891787052154541e-08, 3.352760913344355e-08, -8.940696716308594e-08, 0.5906646251678467, 0.8069170117378235, 6.705522537231445e-08, -0.8069171905517578, 0.590664803981781),
        }},
        {Time = 0.033, Data = {
            ["RightFoot"] = CFrame.new(4.0978193283081055e-08, 4.172325134277344e-07, -5.977199180051684e-08, 0.9656574726104736, 0.2517679035663605, 0.06417876482009888, -0.20204848051071167, 0.8829706311225891, -0.4237206280231476, -0.16334687173366547, 0.39620184898376465, 0.9035165309906006),
            ["LeftLowerArm"] = CFrame.new(-1.1920928955078125e-07, 2.384185791015625e-07, 1.1920928955078125e-07, 1, 7.450581485102248e-09, 2.980232594040899e-08, 3.725290653733282e-08, 0.6853745579719543, -0.7281906604766846, -8.195639367158947e-08, 0.7281906604766846, 0.6853745579719543),
            ["RightUpperArm"] = CFrame.new(-1.7881393432617188e-07, -1.1920928955078125e-07, 1.1920928955078125e-07, 0.9779694676399231, -0.11394798755645752, -0.17490452527999878, 0.1332225501537323, 0.9857504367828369, 0.10270343720912933, 0.16070953011512756, -0.12374202907085419, 0.9792141914367676),
            ["Head"] = CFrame.new(6.332993507385254e-08, -4.76837158203125e-07, -7.450580596923828e-09, 0.8034033179283142, -0.007880768738687038, 0.5953831672668457, 0.08753039687871933, 0.9906126856803894, -0.10500036180019379, -0.5889665484428406, 0.13647183775901794, 0.7965512871742249),
            ["RightHand"] = CFrame.new(0, 4.172325134277344e-07, -2.980232238769531e-07, 0.8994032740592957, 0.3375038206577301, 0.27778661251068115, -0.403335839509964, 0.8857401609420776, 0.22974863648414612, -0.1685052514076233, -0.3186778128147125, 0.9327648878097534),
            ["UpperTorso"] = CFrame.new(1.6763806343078613e-08, -5.960464477539063e-08, 3.166496753692627e-08, 0.9973602294921875, -0.007067806087434292, 0.07226765900850296, -0.007830583490431309, 0.9789783358573914, 0.2038143128156662, -0.07218904048204422, -0.2038421332836151, 0.9763386845588684),
            ["HumanoidRootPart"] = CFrame.new(0, 0, 0, 1, 0, 0, 0, 1, 0, 0, 0, 1),
            ["RightUpperLeg"] = CFrame.new(5.960464477539063e-08, 4.721805453300476e-07, -1.6596459317952394e-08, 0.984395444393158, -0.1740485578775406, -0.025936638936400414, 0.13051854074001312, 0.8210178017616272, -0.555783212184906, 0.11802753806114197, 0.5437250137329102, 0.830922544002533),
            ["LeftUpperArm"] = CFrame.new(1.1920928955078125e-07, -5.960464477539062e-07, 1.1920928955078125e-07, 0.9606673717498779, 0.19329604506492615, 0.19938647747039795, -0.2045433223247528, 0.9781488180160522, 0.037243377417325974, -0.18783071637153625, -0.07656160742044449, 0.9792129397392273),
            ["RightLowerArm"] = CFrame.new(2.980232238769531e-07, 2.384185791015625e-07, -1.7881393432617188e-07, 1, -5.960463766996327e-08, 1.4901159417490817e-08, 5.2154071283894154e-08, 0.6607890129089355, -0.7505717873573303, -5.2154071283894154e-08, 0.7505716681480408, 0.6607889533042908),
            ["LeftHand"] = CFrame.new(2.086162567138672e-07, -2.980232238769531e-07, -1.1920928955078125e-07, 0.9964277744293213, -0.05982813984155655, -0.059601783752441406, 0.06900160014629364, 0.9836828112602234, 0.16615396738052368, 0.048688873648643494, -0.16967304050922394, 0.984296977519989),
            ["LeftFoot"] = CFrame.new(-2.60770320892334e-08, 1.1920928955078125e-07, -1.1175870895385742e-08, 0.9665937423706055, -0.24837061762809753, -0.06331368535757065, 0.2197694331407547, 0.9302152395248413, -0.2939404845237732, 0.13190148770809174, 0.27020660042762756, 0.9537244439125061),
            ["LowerTorso"] = CFrame.new(-0.06939951330423355, -0.23987019062042236, 0.018468812108039856, 0.7379516363143921, 0.026027284562587738, -0.6743515729904175, 0.06754110008478165, 0.9913904666900635, 0.11217483133077621, 0.6714653372764587, -0.12832604348659515, 0.7298402786254883),
            ["RightLowerLeg"] = CFrame.new(-8.940696716308594e-08, -0.00012224912643432617, -0.00007739493594272062, 1, -6.705524668859653e-08, -3.7252917195473856e-08, 1.4901166878189542e-07, 0.6481152772903442, 0.7615418434143066, 2.2351748896198842e-08, -0.7615423202514648, 0.6481158137321472),
            ["LeftUpperLeg"] = CFrame.new(-5.960464477539063e-08, 6.603077054023743e-07, 4.470348358154297e-08, 0.786608099937439, 0.560472309589386, 0.25907275080680847, -0.235746368765831, 0.6604121327400208, -0.7129373550415039, -0.5706762075424194, 0.49972662329673767, 0.6516147255897522),
            ["LeftLowerLeg"] = CFrame.new(3.725290298461914e-08, 0.00012230873107910156, 0.00007750093936920166, 1, 1.0989606380462646e-07, 2.607702498380604e-08, -8.940695295223122e-08, 0.5952169299125671, 0.8035650849342346, -2.9802318834981634e-08, -0.8035651445388794, 0.5952169299125671),
        }},
        {Time = 0.050, Data = {
            ["RightFoot"] = CFrame.new(-2.60770320892334e-08, 2.980232238769531e-07, 7.283233571797609e-09, 0.9661731719970703, 0.24990281462669373, 0.06370306015014648, -0.2003381848335266, 0.882836639881134, -0.4248104989528656, -0.16240084171295166, 0.39767831563949585, 0.9030382037162781),
            ["LeftLowerArm"] = CFrame.new(-2.980232238769531e-07, 1.1920928955078125e-07, -1.7881393432617188e-07, 1, -3.72529100900465e-08, 5.960464477539063e-08, 5.96046660916727e-08, 0.6874310374259949, -0.7262495756149292, 1.192093321833454e-07, 0.7262498140335083, 0.6874312162399292),
            ["RightUpperArm"] = CFrame.new(0, 0, -2.2351741790771484e-07, 0.9787768721580505, -0.11221470683813095, -0.17147545516490936, 0.1306091994047165, 0.9863755702972412, 0.10002263635396957, 0.15791501104831696, -0.12029608339071274, 0.9800978899002075),
            ["Head"] = CFrame.new(1.2293457984924316e-07, 1.1920928955078125e-07, -1.1920928955078125e-07, 0.8035313487052917, -0.014517055824398994, 0.5950855612754822, 0.09133551269769669, 0.9908713698387146, -0.0991562008857727, -0.5882136821746826, 0.13402752578258514, 0.7975220084190369),
            ["RightHand"] = CFrame.new(-4.172325134277344e-07, 2.384185791015625e-07, -1.7881393432617188e-07, 0.8941054344177246, 0.33207112550735474, 0.30050796270370483, -0.4067268967628479, 0.8829535841941833, 0.2344483584165573, -0.1874803602695465, -0.3318459987640381, 0.9245156049728394),
            ["UpperTorso"] = CFrame.new(1.862645149230957e-09, -6.258487701416016e-07, 0, 0.9974268674850464, -0.00724993459880352, 0.07132505625486374, -0.007373280823230743, 0.9792248010635376, 0.20264385640621185, -0.07131227850914001, -0.2026483416557312, 0.9766515493392944),
            ["HumanoidRootPart"] = CFrame.new(0, 0, 0, 1, 0, 0, 0, 1, 0, 0, 0, 1),
            ["RightUpperLeg"] = CFrame.new(0, 1.648440957069397e-07, 5.790934665128589e-08, 0.9842687249183655, -0.17553944885730743, -0.020026007667183876, 0.13530711829662323, 0.8218207359313965, -0.5534459948539734, 0.11360981315374374, 0.5420299768447876, 0.8326442241668701),
            ["LeftUpperArm"] = CFrame.new(-1.1920928955078125e-07, -1.1920928955078125e-07, -2.980232238769531e-07, 0.9622916579246521, 0.18901392817497253, 0.19562344253063202, -0.19995681941509247, 0.9790828227996826, 0.0376054085791111, -0.18442361056804657, -0.07530367374420166, 0.9799578189849854),
            ["RightLowerArm"] = CFrame.new(1.1920928955078125e-07, 4.76837158203125e-07, -5.960464477539063e-08, 1, -7.4505797087454084e-09, 2.2351736461700966e-08, 8.195640788244418e-08, 0.659858763217926, -0.7513896822929382, 2.980232949312267e-08, 0.7513896822929382, 0.659858763217926),
            ["LeftHand"] = CFrame.new(2.980232238769531e-07, -1.1920928955078125e-07, 1.7881393432617188e-07, 0.993016242980957, -0.07078951597213745, -0.09438035637140274, 0.08678174763917923, 0.9802226424217224, 0.1778559535741806, 0.07992348074913025, -0.1848042756319046, 0.9795202016830444),
            ["LeftFoot"] = CFrame.new(-7.450580596923828e-09, -1.1920928955078125e-07, -3.3527612686157227e-08, 0.9651259779930115, -0.2536734938621521, -0.06466542929410934, 0.22422237694263458, 0.9285162687301636, -0.2959423065185547, 0.13511542975902557, 0.2711223363876343, 0.9530144333839417),
            ["LowerTorso"] = CFrame.new(-0.06543461233377457, -0.238472580909729, 0.013567060232162476, 0.7326302528381348, 0.027022594586014748, -0.6800903081893921, 0.06354490667581558, 0.9921315312385559, 0.10787522792816162, 0.6776540875434875, -0.12224892526865005, 0.7251483798027039),
            ["RightLowerLeg"] = CFrame.new(-8.940696716308594e-08, -0.00012224912643432617, -0.0000775439475546591, 1, -8.195637946073475e-08, -4.470348358154297e-08, 1.3411046495548362e-07, 0.6462867856025696, 0.7630943655967712, -9.685756197086448e-08, -0.7630946636199951, 0.6462871432304382),
            ["LeftUpperLeg"] = CFrame.new(0, 4.4330954551696777e-07, -5.960464477539063e-08, 0.7806318402290344, 0.5615583062171936, 0.2743470370769501, -0.23587781190872192, 0.6712144017219543, -0.702732503414154, -0.5787707567214966, 0.4838630259037018, 0.6564303040504456),
            ["LeftLowerLeg"] = CFrame.new(-8.940696716308594e-08, 0.00012290477752685547, 0.00007769465446472168, 1, 4.8428766774577525e-08, -3.7252898543727042e-09, -9.685756197086448e-08, 0.6013886332511902, 0.798956573009491, 2.2351745343485163e-08, -0.7989566326141357, 0.6013888120651245),
        }},
        {Time = 0.067, Data = {
            ["RightFoot"] = CFrame.new(-3.725290298461914e-09, 5.364418029785156e-07, -2.3450411390513182e-08, 0.9666581749916077, 0.24813583493232727, 0.06325271725654602, -0.19868804514408112, 0.8826248049736023, -0.4260235130786896, -0.1615402102470398, 0.39925187826156616, 0.9024983048439026),
            ["LeftLowerArm"] = CFrame.new(-1.1920928955078125e-07, 2.384185791015625e-07, -5.960464477539063e-08, 1, -4.470347647611561e-08, 2.2351736461700966e-08, 8.940694584680386e-08, 0.6856668591499329, -0.7279156446456909, -2.2351736461700966e-08, 0.7279155850410461, 0.6856666803359985),
            ["RightUpperArm"] = CFrame.new(-1.1920928955078125e-07, -2.384185791015625e-07, -8.940696716308594e-08, 0.9797092080116272, -0.11023149639368057, -0.16738829016685486, 0.12760280072689056, 0.9870890974998474, 0.0968128889799118, 0.1545553058385849, -0.1162075474858284, 0.9811261892318726),
            ["Head"] = CFrame.new(8.195638656616211e-08, 0, 4.470348358154297e-08, 0.8035658597946167, -0.02283533848822117, 0.5947777032852173, 0.09546810388565063, 0.991271436214447, -0.09092278778553009, -0.5875098705291748, 0.1298447698354721, 0.7987318634986877),
            ["RightHand"] = CFrame.new(-1.4901161193847656e-07, 1.1920928955078125e-07, 1.7881393432617188e-07, 0.8879500031471252, 0.3261462152004242, 0.32430487871170044, -0.41027191281318665, 0.8803704977035522, 0.2379595786333084, -0.20789870619773865, -0.34434929490089417, 0.9155335426330566),
            ["UpperTorso"] = CFrame.new(3.725290298461914e-08, -6.854534149169922e-07, 9.313225746154785e-09, 0.9975380897521973, -0.0073664868250489235, 0.06973912566900253, -0.006852561607956886, 0.9794691205024719, 0.20147794485092163, -0.06979134678840637, -0.20145979523658752, 0.9770072102546692),
            ["HumanoidRootPart"] = CFrame.new(0, 0, 0, 1, 0, 0, 0, 1, 0, 0, 0, 1),
            ["RightUpperLeg"] = CFrame.new(0, 1.2479722499847412e-07, -1.6596459317952394e-08, 0.9840342402458191, -0.1773841828107834, -0.014538809657096863, 0.1402948796749115, 0.8233547806739807, -0.5499131083488464, 0.10951658338308334, 0.5390934944152832, 0.8350954055786133),
            ["LeftUpperArm"] = CFrame.new(5.960464477539063e-08, -3.5762786865234375e-07, 1.4901161193847656e-07, 0.9644063711166382, 0.1826176643371582, 0.1912362277507782, -0.19340024888515472, 0.9803380966186523, 0.03916260227560997, -0.18032436072826385, -0.07475373148918152, 0.9807625412940979),
            ["RightLowerArm"] = CFrame.new(1.7881393432617188e-07, 1.7881393432617188e-07, 1.7881393432617188e-07, 1, -2.2351736461700966e-08, 1.0430807861894209e-07, 8.195637946073475e-08, 0.6602079272270203, -0.7510826587677002, 3.725289943190546e-08, 0.7510828375816345, 0.6602081656455994),
            ["LeftHand"] = CFrame.new(5.960464477539063e-08, -5.960464477539062e-07, 5.960464477539063e-08, 0.9880878925323486, -0.0802215039730072, -0.1313275396823883, 0.10486151278018951, 0.9755730032920837, 0.19303274154663086, 0.11263389885425568, -0.2045043557882309, 0.9723638296127319),
            ["LeftFoot"] = CFrame.new(6.332993507385254e-08, -1.7881393432617188e-07, 2.9802322387695312e-08, 0.9637157320976257, -0.25865864753723145, -0.06593610346317291, 0.22834528982639313, 0.9267882108688354, -0.2981981039047241, 0.1382407695055008, 0.2723219692707062, 0.9522238969802856),
            ["LowerTorso"] = CFrame.new(-0.060944437980651855, -0.23649919033050537, 0.007594257593154907, 0.7274352312088013, 0.027919728308916092, -0.6856080889701843, 0.059361401945352554, 0.9928653836250305, 0.10341491550207138, 0.683603823184967, -0.11592631787061691, 0.7205879092216492),
            ["RightLowerLeg"] = CFrame.new(2.9802322387695312e-08, -0.00012248754501342773, -0.00007732043013675138, 1, -5.960463056453591e-08, -6.705524668859653e-08, 4.470347647611561e-08, 0.6452512741088867, 0.7639701962471008, -8.195637946073475e-08, -0.7639704346656799, 0.6452516913414001),
            ["LeftUpperLeg"] = CFrame.new(0, 3.073364496231079e-07, 7.450580596923828e-08, 0.7743940353393555, 0.5619450211524963, 0.29074323177337646, -0.2361217439174652, 0.6830053925514221, -0.6911948323249817, -0.5869927406311035, 0.4666064381599426, 0.6616026759147644),
            ["LeftLowerLeg"] = CFrame.new(5.21540641784668e-08, 0.00012284517288208008, 0.00007750093936920166, 1, 4.2840824221457297e-08, 3.725290298461914e-08, -8.940698137394065e-08, 0.6087087988853455, 0.7933936715126038, 2.980232594040899e-08, -0.7933936715126038, 0.6087088584899902),
        }},
        {Time = 0.083, Data = {
            ["RightFoot"] = CFrame.new(2.60770320892334e-08, 2.980232238769531e-07, -2.029992174357176e-09, 0.9672139883041382, 0.2460935413837433, 0.06273219734430313, -0.19680094718933105, 0.8824136853218079, -0.4273349642753601, -0.16051992774009705, 0.4009789526462555, 0.9019143581390381),
            ["LeftLowerArm"] = CFrame.new(2.980232238769531e-07, -2.384185791015625e-07, 1.1920928955078125e-07, 1, -8.195640788244418e-08, 8.940696716308594e-08, 1.1920928955078125e-07, 0.6801902055740356, -0.7330355048179626, 2.9802322387695312e-08, 0.7330357432365417, 0.6801904439926147),
            ["RightUpperArm"] = CFrame.new(-5.960464477539063e-08, 8.344650268554688e-07, -7.450580596923828e-08, 0.9807524085044861, -0.10796480625867844, -0.16269105672836304, 0.12420552968978882, 0.9878717064857483, 0.09318023920059204, 0.15065765380859375, -0.11159396916627884, 0.9822673201560974),
            ["Head"] = CFrame.new(-1.30385160446167e-08, -2.384185791015625e-07, 1.043081283569336e-07, 0.8038750290870667, -0.03275718539953232, 0.5938956141471863, 0.0995766893029213, 0.9918023943901062, -0.08007901161909103, -0.5864038467407227, 0.12351171672344208, 0.8005469441413879),
            ["RightHand"] = CFrame.new(-8.940696716308594e-08, 1.1920928955078125e-07, -2.384185791015625e-07, 0.8809522390365601, 0.31980088353157043, 0.348785400390625, -0.41391369700431824, 0.8779940605163574, 0.240420401096344, -0.22934404015541077, -0.35616567730903625, 0.9058404564857483),
            ["UpperTorso"] = CFrame.new(9.313225746154785e-09, -9.5367431640625e-07, 2.421438694000244e-08, 0.997700572013855, -0.007162799127399921, 0.06739708036184311, -0.0065252757631242275, 0.9796292185783386, 0.20070895552635193, -0.06746178865432739, -0.2006871998310089, 0.9773298501968384),
            ["HumanoidRootPart"] = CFrame.new(0, 0, 0, 1, 0, 0, 0, 1, 0, 0, 0, 1),
            ["RightUpperLeg"] = CFrame.new(-8.940696716308594e-08, -3.46451997756958e-07, -4.639878170564771e-08, 0.9837260842323303, -0.17940476536750793, -0.009846382774412632, 0.14520522952079773, 0.826085090637207, -0.5445172190666199, 0.10582290589809418, 0.5342259407043457, 0.8386919498443604),
            ["LeftUpperArm"] = CFrame.new(0, 7.152557373046875e-07, 1.4901161193847656e-07, 0.9669228792190552, 0.17425338923931122, 0.18626868724822998, -0.18501152098178864, 0.9818431735038757, 0.04188844561576843, -0.17558743059635162, -0.07496483623981476, 0.9816055297851562),
            ["RightLowerArm"] = CFrame.new(-5.960464477539063e-08, -1.1920928955078125e-07, -1.1920928955078125e-07, 1, -5.960463766996327e-08, 5.2154039309471045e-08, 1.1920927533992653e-07, 0.6620290279388428, -0.7494778633117676, -1.0430811414607888e-07, 0.7494782209396362, 0.6620293855667114),
            ["LeftHand"] = CFrame.new(-2.682209014892578e-07, -2.384185791015625e-07, 1.7881393432617188e-07, 0.9811699390411377, -0.08766685426235199, -0.1721048355102539, 0.12352099269628525, 0.9698279500007629, 0.21018216013908386, 0.14848610758781433, -0.22748282551765442, 0.9623947143554688),
            ["LeftFoot"] = CFrame.new(1.862645149230957e-08, -1.1920928955078125e-07, 7.82310962677002e-08, 0.9624937176704407, -0.2628968358039856, -0.06701665371656418, 0.2317255139350891, 0.9250752329826355, -0.30089735984802246, 0.14110033214092255, 0.2740823030471802, 0.9512989521026611),
            ["LowerTorso"] = CFrame.new(-0.055795494467020035, -0.23398888111114502, 0.0005123168230056763, 0.7226280570030212, 0.028210440650582314, -0.6906612515449524, 0.055263180285692215, 0.9936107397079468, 0.09840559959411621, 0.6890245079994202, -0.10927877575159073, 0.7164520025253296),
            ["RightLowerLeg"] = CFrame.new(-1.043081283569336e-07, -0.00012224912643432617, -0.00007740983710391447, 1, -1.1920926112907182e-07, -1.3411042232291948e-07, 5.21540641784668e-08, 0.6452651619911194, 0.7639581561088562, -1.043081283569336e-07, -0.7639586329460144, 0.6452657580375671),
            ["LeftUpperLeg"] = CFrame.new(2.9802322387695312e-08, -3.473833203315735e-07, 1.4901161193847656e-08, 0.7680774331092834, 0.5616516470909119, 0.307578444480896, -0.23692844808101654, 0.6954924464225769, -0.6783474087715149, -0.5949133038520813, 0.44814932346343994, 0.6672632098197937),
            ["LeftLowerLeg"] = CFrame.new(8.940696716308594e-08, 0.0001227259635925293, 0.00007742643356323242, 1, 4.656611807263289e-08, 2.9802315282267955e-08, -4.4703490686970326e-08, 0.616786777973175, 0.7871302962303162, -2.2351745343485163e-08, -0.7871302962303162, 0.6167868971824646),
        }},
        {Time = 0.100, Data = {
            ["RightFoot"] = CFrame.new(-7.82310962677002e-08, 2.980232238769531e-07, 1.0600342648103833e-07, 0.967760443687439, 0.24406784772872925, 0.06221583113074303, -0.1949530839920044, 0.8822490572929382, -0.4285203218460083, -0.15947753190994263, 0.4025760293006897, 0.901387631893158),
            ["LeftLowerArm"] = CFrame.new(2.980232238769531e-07, 2.384185791015625e-07, -1.1920928955078125e-07, 1, 1.4901161193847656e-08, 2.2351741790771484e-08, 9.685752644372769e-08, 0.6719633340835571, -0.7405844926834106, 0, 0.7405844330787659, 0.6719632744789124),
            ["RightUpperArm"] = CFrame.new(2.384185791015625e-07, 3.5762786865234375e-07, 0, 0.9818745255470276, -0.10539833456277847, -0.15752358734607697, 0.12045172601938248, 0.9886976480484009, 0.08926575630903244, 0.14633457362651825, -0.1066216379404068, 0.9834724068641663),
            ["Head"] = CFrame.new(1.2665987014770508e-07, -4.76837158203125e-07, -5.960464477539063e-08, 0.8043549060821533, -0.04352351650595665, 0.5925530195236206, 0.1035659983754158, 0.9923160076141357, -0.067698173224926, -0.5850532650947571, 0.11582180112600327, 0.8026817440986633),
            ["RightHand"] = CFrame.new(0, 1.7881393432617188e-07, 0, 0.8729309439659119, 0.31345847249031067, 0.37381240725517273, -0.41791510581970215, 0.8757911920547485, 0.24153020977973938, -0.251671701669693, -0.367061048746109, 0.8955040574073792),
            ["UpperTorso"] = CFrame.new(2.2351741790771484e-08, -6.556510925292969e-07, 3.91155481338501e-08, 0.9979034662246704, -0.006844181567430496, 0.06435742974281311, -0.00620076572522521, 0.9797078371047974, 0.20033524930477142, -0.06442251801490784, -0.20031434297561646, 0.9776113033294678),
            ["HumanoidRootPart"] = CFrame.new(0, 0, 0, 1, 0, 0, 0, 1, 0, 0, 0, 1),
            ["RightUpperLeg"] = CFrame.new(-1.1920928955078125e-07, 1.5366822481155396e-07, 8.77116690389812e-08, 0.9833250045776367, -0.18176007270812988, -0.005930465646088123, 0.15007174015045166, 0.829445481300354, -0.5380510687828064, 0.10271528363227844, 0.5281890034675598, 0.8428914546966553),
            ["LeftUpperArm"] = CFrame.new(-2.384185791015625e-07, 5.960464477539062e-07, 3.5762786865234375e-07, 0.9697500467300415, 0.16438642144203186, 0.1804492324590683, -0.1750996857881546, 0.9835204482078552, 0.04502982273697853, -0.1700734794139862, -0.07526426762342453, 0.9825530648231506),
            ["RightLowerArm"] = CFrame.new(0, 3.5762786865234375e-07, -5.960464477539063e-08, 1, -4.470347292340193e-08, -2.9802318834981634e-08, 6.70552182668871e-08, 0.6646845936775208, -0.7471243143081665, 1.2665985593685036e-07, 0.7471241354942322, 0.6646844744682312),
            ["LeftHand"] = CFrame.new(2.682209014892578e-07, -2.384185791015625e-07, -1.7881393432617188e-07, 0.9721415638923645, -0.09383141994476318, -0.21479396522045135, 0.14349372684955597, 0.962831437587738, 0.22883455455303192, 0.1853385716676712, -0.2532811760902405, 0.9494726657867432),
            ["LeftFoot"] = CFrame.new(2.60770320892334e-08, -5.960464477539063e-08, -3.3527612686157227e-08, 0.9614524841308594, -0.26645028591156006, -0.06792227178812027, 0.2345218062400818, 0.9235696196556091, -0.3033458888530731, 0.14355753362178802, 0.2757234275341034, 0.9504566788673401),
            ["LowerTorso"] = CFrame.new(-0.050389714539051056, -0.23108899593353271, -0.007344156503677368, 0.7181438207626343, 0.028199777007102966, -0.6953231692314148, 0.05122340843081474, 0.9943259954452515, 0.09323082119226456, 0.6940069794654846, -0.10256995260715485, 0.7126245498657227),
            ["RightLowerLeg"] = CFrame.new(-7.450580596923828e-08, -0.00012242794036865234, -0.00007745454058749601, 1, -1.1920928955078125e-07, -1.6391278734317893e-07, 1.0430814256778831e-07, 0.6461130380630493, 0.7632413506507874, -1.266598843585598e-07, -0.7632417678833008, 0.6461136341094971),
            ["LeftUpperLeg"] = CFrame.new(2.384185791015625e-07, 2.915039658546448e-07, 0, 0.7618350386619568, 0.5605722069740295, 0.3246016204357147, -0.23800158500671387, 0.7082871198654175, -0.6645934581756592, -0.6024637222290039, 0.4290550947189331, 0.6730151176452637),
            ["LeftLowerLeg"] = CFrame.new(-3.725290298461914e-08, 0.0001227259635925293, 0.00007767975330352783, 1, 9.313224325069314e-08, 2.2351741790771484e-08, -6.70552182668871e-08, 0.6255844235420227, 0.7801564335823059, 5.960463766996327e-08, -0.7801564335823059, 0.625584602355957),
        }},
        {Time = 0.117, Data = {
            ["RightFoot"] = CFrame.new(7.078051567077637e-08, 3.5762786865234375e-07, 1.287116901949048e-08, 0.968281626701355, 0.2421189248561859, 0.061719123274087906, -0.19319747388362885, 0.8821324110031128, -0.42955461144447327, -0.15844742953777313, 0.40400609374046326, 0.90092933177948),
            ["LeftLowerArm"] = CFrame.new(2.9802322387695312e-08, 0, 0, 1, -1.4901162970204496e-08, 7.450577932388569e-09, 3.725289943190546e-08, 0.6614680290222168, -0.7499731183052063, -4.8428766774577525e-08, 0.7499732971191406, 0.6614682674407959),
            ["RightUpperArm"] = CFrame.new(1.1920928955078125e-07, 1.1920928955078125e-07, -2.682209014892578e-07, 0.9831000566482544, -0.10235116630792618, -0.15178531408309937, 0.11617156863212585, 0.9895725846290588, 0.08514884114265442, 0.14148731529712677, -0.10134280472993851, 0.9847390055656433),
            ["Head"] = CFrame.new(1.434236764907837e-07, -2.384185791015625e-07, -7.450580596923828e-08, 0.805077075958252, -0.05420980229973793, 0.590688169002533, 0.10682103037834167, 0.9927846193313599, -0.054479680955410004, -0.5834726691246033, 0.10695830732584, 0.8050587177276611),
            ["RightHand"] = CFrame.new(-1.1920928955078125e-07, 7.152557373046875e-07, -1.7881393432617188e-07, 0.8635711073875427, 0.3077913224697113, 0.3993867337703705, -0.422642320394516, 0.873821496963501, 0.24043644964694977, -0.27498817443847656, -0.3764314651489258, 0.8846923112869263),
            ["UpperTorso"] = CFrame.new(1.862645149230957e-08, -4.76837158203125e-07, 2.9802322387695312e-08, 0.9981704950332642, -0.0065231481567025185, 0.060110680758953094, -0.005677593406289816, 0.9796586632728577, 0.200591042637825, -0.060196470469236374, -0.200565367937088, 0.9778292179107666),
            ["HumanoidRootPart"] = CFrame.new(0, 0, 0, 1, 0, 0, 0, 1, 0, 0, 0, 1),
            ["RightUpperLeg"] = CFrame.new(-2.9802322387695312e-08, 1.2014061212539673e-07, 5.790934665128589e-08, 0.9828262329101562, -0.18449893593788147, -0.0036080852150917053, 0.15455451607704163, 0.8336804509162903, -0.5301790237426758, 0.10082504153251648, 0.5205162167549133, 0.847878098487854),
            ["LeftUpperArm"] = CFrame.new(5.960464477539063e-08, -2.384185791015625e-07, 0, 0.9727275967597961, 0.15351364016532898, 0.17388127744197845, -0.16411489248275757, 0.9852610230445862, 0.048240795731544495, -0.16391286253929138, -0.07546158134937286, 0.9835844039916992),
            ["RightLowerArm"] = CFrame.new(-5.960464477539063e-08, 1.1920928955078125e-07, -1.1920928955078125e-07, 1, -7.450580596923828e-08, 5.960462345910855e-08, 4.470348358154297e-08, 0.6682575345039368, -0.743929922580719, 2.2351741790771484e-08, 0.7439301013946533, 0.6682577133178711),
            ["LeftHand"] = CFrame.new(1.4901161193847656e-07, -2.384185791015625e-07, -1.1920928955078125e-07, 0.9608308672904968, -0.0993979349732399, -0.2586967945098877, 0.16556905210018158, 0.9544500708580017, 0.24821850657463074, 0.2222408652305603, -0.28132787346839905, 0.93352210521698),
            ["LeftFoot"] = CFrame.new(-1.043081283569336e-07, -5.960464477539063e-08, 5.21540641784668e-08, 0.9605557322502136, -0.2694700360298157, -0.06869218498468399, 0.23692931234836578, 0.9223529696464539, -0.3051716387271881, 0.14559315145015717, 0.2768593430519104, 0.9498167037963867),
            ["LowerTorso"] = CFrame.new(-0.04462514445185661, -0.2278348207473755, -0.01575489342212677, 0.7143486738204956, 0.02755817584693432, -0.6992471218109131, 0.04751790314912796, 0.9950077533721924, 0.0877586081624031, 0.698174774646759, -0.09591700881719589, 0.7094730138778687),
            ["RightLowerLeg"] = CFrame.new(0, -0.00012230873107910156, -0.00007740983710391447, 1, -1.4901161193847656e-07, -2.2351747119842003e-08, 1.4901158351676713e-07, 0.6479700803756714, 0.7616655230522156, -6.705521116145974e-08, -0.7616658210754395, 0.6479705572128296),
            ["LeftUpperLeg"] = CFrame.new(1.7881393432617188e-07, 1.0244548320770264e-07, -1.4901161193847656e-08, 0.7560636401176453, 0.5587500929832458, 0.34083181619644165, -0.2398102581501007, 0.7210350632667542, -0.6500763297080994, -0.6089817881584167, 0.4097643494606018, 0.6791424751281738),
            ["LeftLowerLeg"] = CFrame.new(-4.470348358154297e-08, 0.00012254714965820312, 0.00007772445678710938, 1, 3.352760913344355e-08, 3.3527616238870905e-08, -7.450578820566989e-09, 0.6350247859954834, 0.7724916934967041, 4.470347292340193e-08, -0.7724917531013489, 0.6350249648094177),
        }},
        {Time = 0.133, Data = {
            ["RightFoot"] = CFrame.new(-1.1175870895385742e-08, 2.980232238769531e-07, -3.892637323588133e-09, 0.968672513961792, 0.2406466156244278, 0.061343591660261154, -0.19194762408733368, 0.8822333812713623, -0.42990735173225403, -0.15757504105567932, 0.4046648442745209, 0.9007867574691772),
            ["LeftLowerArm"] = CFrame.new(8.940696716308594e-08, -1.1920928955078125e-07, 5.960464477539063e-08, 1, -8.940698137394065e-08, 5.215404996761208e-08, 4.470348358154297e-08, 0.6505910754203796, -0.7594282031059265, -4.842877388000488e-08, 0.7594283819198608, 0.6505911946296692),
            ["RightUpperArm"] = CFrame.new(-1.1920928955078125e-07, 2.384185791015625e-07, 1.4901161193847656e-08, 0.9842559099197388, -0.09927453100681305, -0.14623615145683289, 0.11195109039545059, 0.9903944730758667, 0.08115267008543015, 0.13677507638931274, -0.09624618291854858, 0.9859154224395752),
            ["Head"] = CFrame.new(1.5832483768463135e-08, 4.76837158203125e-07, 4.470348358154297e-08, 0.8058041334152222, -0.06534358114004135, 0.5885660648345947, 0.11067038774490356, 0.9929998517036438, -0.04127400740981102, -0.581748902797699, 0.09839560836553574, 0.8073948621749878),
            ["RightHand"] = CFrame.new(-8.940696716308594e-08, 5.960464477539062e-07, 2.384185791015625e-07, 0.8534157276153564, 0.3020680546760559, 0.4247787296772003, -0.427552729845047, 0.8718178868293762, 0.2390233427286148, -0.29812800884246826, -0.38560155034065247, 0.8731728792190552),
            ["UpperTorso"] = CFrame.new(2.421438694000244e-08, -5.960464477539062e-07, 1.4901161193847656e-08, 0.9983904361724854, -0.006252334453165531, 0.05637091398239136, -0.005218880251049995, 0.9795611500740051, 0.2010788470506668, -0.05647590756416321, -0.20104937255382538, 0.9779517650604248),
            ["HumanoidRootPart"] = CFrame.new(0, 0, 0, 1, 0, 0, 0, 1, 0, 0, 0, 1),
            ["RightUpperLeg"] = CFrame.new(0, 4.7497451305389404e-08, -1.6596459317952394e-08, 0.9822243452072144, -0.18770980834960938, -0.0005511415074579418, 0.15961284935474396, 0.8367404341697693, -0.5238217711448669, 0.09878774732351303, 0.5144225358963013, 0.8518276810646057),
            ["LeftUpperArm"] = CFrame.new(0, 1.1920928955078125e-07, -1.1920928955078125e-07, 0.9759923815727234, 0.14169490337371826, 0.16541287302970886, -0.1517924964427948, 0.9871456027030945, 0.05002565681934357, -0.1561983972787857, -0.07393300533294678, 0.984954833984375),
            ["RightLowerArm"] = CFrame.new(2.384185791015625e-07, 2.384185791015625e-07, 3.5762786865234375e-07, 1, -1.043081283569336e-07, 1.4901162970204496e-08, 1.1175870895385742e-07, 0.6706206798553467, -0.7418005466461182, 9.685754776000977e-08, 0.7418005466461182, 0.6706206798553467),
            ["LeftHand"] = CFrame.new(-8.940696716308594e-08, -3.5762786865234375e-07, 0, 0.9477365612983704, -0.10414519160985947, -0.301577627658844, 0.18885260820388794, 0.9449666142463684, 0.26715734601020813, 0.25715771317481995, -0.3101482689380646, 0.9152475595474243),
            ["LeftFoot"] = CFrame.new(2.2351741790771484e-08, 0, 7.450580596923828e-08, 0.9600279927253723, -0.2712302505970001, -0.06914086639881134, 0.23838397860527039, 0.9217420220375061, -0.3058832883834839, 0.14669488370418549, 0.2771748900413513, 0.9495551586151123),
            ["LowerTorso"] = CFrame.new(-0.0399504192173481, -0.22461211681365967, -0.024420559406280518, 0.7100210785865784, 0.02795577421784401, -0.7036253213882446, 0.0435020849108696, 0.9955618381500244, 0.08345221728086472, 0.7028355002403259, -0.08986199647188187, 0.7056536674499512),
