return {
    ["Witch Way"] = {
        [1] = {Time = 0.000, Data = {
            ["LeftLowerArm"] = CFrame.new(-3.5762786865234375e-07, 2.384185791015625e-07, -1.4901161193847656e-08, 1, 4.8428475452055864e-08, 9.499553499381364e-08, -5.587933671336032e-09, 0.8613096475601196, -0.5080803632736206, -1.3737003712321894e-07, 0.5080803632736206, 0.8613097071647644),
            ["LeftFoot"] = CFrame.new(-5.21540641784668e-08, -5.960464477539063e-08, -4.470348358154297e-08, 0.9270609617233276, -0.32749420404434204, 0.1825115829706192, 0.22765959799289703, 0.8785152435302734, 0.4199812710285187, -0.29787448048591614, -0.3477911353111267, 0.8889912366867065),
            ["RightHand"] = CFrame.new(-7.152557373046875e-07, -5.364418029785156e-07, -2.086162567138672e-07, -0.0049509345553815365, -0.14905618131160736, -0.9888164401054382, 0.04593491554260254, 0.9877508282661438, -0.14912550151348114, 0.9989321231842041, -0.04615950211882591, 0.0019566447008401155),
            ["HumanoidRootPart"] = CFrame.new(0, 0, 0, 1, 0, 0, 0, 1, 0, 0, 0, 1),
            ["RightLowerLeg"] = CFrame.new(4.842877388000488e-08, -5.960464477539063e-08, -3.725290298461914e-09, 1, -0.00000151432891470904, -0.000003995386123278877, 0.0000018719588297244627, -0.6773092746734619, 0.735697329044342, -0.0000036563733374350704, -0.7356985211372375, -0.6773104667663574),
            ["LeftUpperLeg"] = CFrame.new(0, -1.5925616025924683e-07, 4.6566128730773926e-08, 0.9956204295158386, -0.0032739308662712574, 0.09342712163925171, 0.0848294347524643, -0.38847044110298157, -0.9175477623939514, 0.039293695241212845, 0.921455442905426, -0.3864937722682953),
            ["LeftLowerLeg"] = CFrame.new(-4.470348358154297e-08, -5.960464477539063e-08, 1.4156103134155273e-07, 1, 0.0000033155288292618934, 0.000006623534773098072, -0.000003166496753692627, -0.608291745185852, 0.793718695640564, 0.000006690621376037598, -0.7937135100364685, -0.608285129070282),
            ["LowerTorso"] = CFrame.new(-0.4804454445838928, -0.05621981620788574, 0.36513713002204895, 0.2835003733634949, 0.1058322936296463, -0.9531144499778748, 0.10045570135116577, 0.9851460456848145, 0.1392691284418106, 0.9536961317062378, -0.13522867858409882, 0.26865777373313904),
            ["Head"] = CFrame.new(-1.210719347000122e-08, 0, 3.4924596548080444e-08, 0.515696108341217, -0.02428831160068512, 0.8564273715019226, 0.3224274218082428, 0.9316156506538391, -0.1677282601594925, -0.7937873005867004, 0.3626325726509094, 0.48826175928115845),
            ["UpperTorso"] = CFrame.new(-6.705522537231445e-08, -4.76837158203125e-07, 8.940696716308594e-08, 0.9956151247024536, -0.011129314079880714, 0.09288057684898376, -0.009410925209522247, 0.9759435653686523, 0.21782009303569794, -0.09307035058736801, -0.21773913502693176, 0.9715593457221985),
            ["LeftUpperArm"] = CFrame.new(0, 0, 2.682209014892578e-07, 0.9832194447517395, 0.13399362564086914, 0.12380296736955643, -0.09382986277341843, 0.9534111022949219, -0.2867215573787689, -0.15644659101963043, 0.27028319239616394, 0.9499808549880981),
            ["RightLowerArm"] = CFrame.new(-4.470348358154297e-07, 0, 2.980232238769531e-07, 1, 1.1920651843411179e-07, 4.470454229021925e-08, -1.4901162970204496e-08, 0.19829311966896057, -0.9801428318023682, -1.3411046495548362e-07, 0.9801427721977234, 0.1982930302619934),
            ["LeftHand"] = CFrame.new(3.2782554626464844e-07, -2.384185791015625e-07, -5.960464477539063e-08, 0.6502248048782349, 0.07665351778268814, 0.7558653950691223, 0.10881897807121277, 0.975243330001831, -0.1925104707479477, -0.7519083619117737, 0.2074243724346161, 0.6257853507995605),
            ["MeshPart"] = CFrame.new(-0.4341352581977844, -0.22712337970733643, 0.6809000372886658, 0.3336546719074249, -0.07015368342399597, 0.9400814771652222, 0.17949533462524414, 0.9837110042572021, 0.009702892042696476, -0.9254490733146667, 0.16550269722938538, 0.34081166982650757),
            ["RightFoot"] = CFrame.new(-2.7939677238464355e-08, 1.1920928955078125e-07, -9.685754776000977e-08, 0.9870707988739014, 0.15418796241283417, -0.04381173476576805, -0.15018869936466217, 0.9851468205451965, 0.08323176950216293, 0.0559878908097744, -0.0755770355463028, 0.995566725730896),
            ["mask"] = CFrame.new(0.7102417945861816, -0.336825430393219, -0.07674477994441986, -0.16909392178058624, 0.8229882717132568, 0.5422917604446411, -0.015387420542538166, -0.5523646473884583, 0.8334590792655945, 0.9854798913002014, 0.13260327279567719, 0.10613979399204254),
            ["RightUpperLeg"] = CFrame.new(0, -8.419156074523926e-07, -1.4901161193847656e-08, 0.9947376251220703, -0.03070000372827053, -0.09774854779243469, -0.08994879573583603, 0.19505555927753448, -0.9766594171524048, 0.049055058509111404, 0.9803116321563721, 0.191263347864151),
            ["RightUpperArm"] = CFrame.new(-5.960464477539063e-08, -8.344650268554688e-07, -1.4901161193847656e-07, 0.5782076120376587, -0.639590322971344, -0.5065745115280151, -0.15720771253108978, 0.5219178795814514, -0.8383877277374268, 0.8006008863449097, 0.5643810629844666, 0.2012171596288681)
        }},
        [2] = {Time = 0.033, Data = {
            ["LeftLowerArm"] = CFrame.new(-1.7881393432617188e-07, 2.980232238769531e-07, 2.5331974029541016e-07, 1, 4.4703227786158095e-08, 1.3597393433428806e-07, 5.587933671336032e-09, 0.8710757493972778, -0.49114853143692017, -1.0477375411710455e-07, 0.4911486506462097, 0.8710758686065674),
            ["LeftFoot"] = CFrame.new(1.1175870895385742e-08, 1.7881393432617188e-07, 4.284083843231201e-08, 0.9164324998855591, -0.3478298485279083, 0.19791625440120697, 0.235836461186409, 0.8689444065093994, 0.43510884046554565, -0.32331523299217224, -0.3520655930042267, 0.8783560991287231),
            ["RightHand"] = CFrame.new(-1.7881393432617188e-07, 0, -5.960464477539063e-08, -0.01625780761241913, -0.15423288941383362, -0.9879008531570435, 0.044983405619859695, 0.9869180917739868, -0.15481971204280853, 0.998855471611023, -0.04695620760321617, -0.009107138961553574),
            ["HumanoidRootPart"] = CFrame.new(0, 0, 0, 1, 0, 0, 0, 1, 0, 0, 0, 1),
            ["RightLowerLeg"] = CFrame.new(-7.82310962677002e-08, 5.960464477539063e-08, 3.725290298461914e-08, 1, 6.593759849238268e-07, 7.171200877564843e-07, 3.6321576857289983e-08, -0.6899806261062622, 0.7238271832466125, 9.555368478686432e-07, -0.7238278985023499, -0.6899813413619995),
            ["LeftUpperLeg"] = CFrame.new(0, -2.169981598854065e-07, 5.774199962615967e-08, 0.9956891536712646, -0.023065999150276184, 0.08983836323022842, 0.07352486252784729, -0.39424219727516174, -0.9160603880882263, 0.056544411927461624, 0.918717086315155, -0.39084845781326294),
            ["LeftLowerLeg"] = CFrame.new(-5.21540641784668e-08, 1.1920928955078125e-07, 1.0803341865539551e-07, 1, 0.000001162297962764569, 0.000002197909225287731, -0.0000010728838333307067, -0.6163424253463745, 0.7874837517738342, 0.0000023171310203906614, -0.7874782085418701, -0.6163355708122253),
            ["LowerTorso"] = CFrame.new(-0.4668344557285309, -0.10199975967407227, 0.368974506855011, 0.28905409574508667, 0.09111753851175308, -0.9529666304588318, 0.10624983161687851, 0.9862563610076904, 0.12652817368507385, 0.9513983130455017, -0.13782604038715363, 0.2754002511501312),
            ["Head"] = CFrame.new(-1.1362135410308838e-07, 1.1920928955078125e-07, -7.729977369308472e-08, 0.5187370181083679, -0.022061236202716827, 0.8546492457389832, 0.3295132517814636, 0.9275909662246704, -0.17605678737163544, -0.7888808250427246, 0.3729456961154938, 0.48844513297080994),
            ["UpperTorso"] = CFrame.new(7.450580596923828e-08, 1.4901161193847656e-07, 1.043081283569336e-07, 0.9957799911499023, -0.00811756681650877, 0.0914124920964241, -0.013878827914595604, 0.9713032245635986, 0.2374391108751297, -0.09071672707796097, -0.2377059906721115, 0.9670917987823486),
            ["LeftUpperArm"] = CFrame.new(1.1920928955078125e-07, 2.384185791015625e-07, 0, 0.9851163029670715, 0.13380882143974304, 0.10790157318115234, -0.09489914774894714, 0.94675213098526, -0.3076714873313904, -0.14331844449043274, 0.29284101724624634, 0.945354700088501),
            ["RightLowerArm"] = CFrame.new(1.7881393432617188e-07, 4.172325134277344e-07, 0, 1, 7.450405803410831e-08, 2.9803025825003715e-08, 7.4505797087454084e-09, 0.17740269005298615, -0.9841383695602417, -1.1920927533992653e-07, 0.9841383695602417, 0.17740263044834137),
            ["LeftHand"] = CFrame.new(1.4901161193847656e-07, -7.152557373046875e-07, -8.940696716308594e-08, 0.6405011415481567, 0.0877637267112732, 0.7629261016845703, 0.1076584979891777, 0.9733772873878479, -0.20235498249530792, -0.7603736519813538, 0.21174085140228271, 0.614000141620636),
            ["MeshPart"] = CFrame.new(-0.42111605405807495, -0.2258283495903015, 0.686957597732544, 0.3360380232334137, -0.06030172109603882, 0.93991619348526, 0.17681273818016052, 0.9842445254325867, -0.00006833393854321912, -0.9251030683517456, 0.16621196269989014, 0.34140545129776),
            ["RightFoot"] = CFrame.new(5.21540641784668e-08, 1.1920928955078125e-07, -3.725290298461914e-08, 0.9869624376296997, 0.1577177792787552, -0.032127320766448975, -0.15416178107261658, 0.9836646914482117, 0.09293307363986969, 0.046253032982349396, -0.086769700050354, 0.9951539039611816),
            ["mask"] = CFrame.new(0.6972267627716064, -0.3451222777366638, -0.08207522332668304, -0.166070818901062, 0.833517849445343, 0.5269269347190857, -0.017955346032977104, -0.5368261337280273, 0.8435001373291016, 0.9859504699707031, 0.13063585758209229, 0.10419057309627533),
            ["RightUpperLeg"] = CFrame.new(-2.9802322387695312e-08, -2.775341272354126e-07, 2.9802322387695312e-08, 0.9950410723686218, -0.030014686286449432, -0.09482968598604202, -0.08729062229394913, 0.19347818195819855, -0.9772140383720398, 0.04768288508057594, 0.9806454181671143, 0.18989494442939758),
            ["RightUpperArm"] = CFrame.new(-5.960464477539063e-08, -5.960464477539062e-07, -2.9802322387695312e-08, 0.5727561712265015, -0.6342806816101074, -0.5192840099334717, -0.16784746944904327, 0.5293200612068176, -0.8316574692726135, 0.8023576140403748, 0.5634788274765015, 0.1966979056596756)
        }},
        [3] = {Time = 0.067, Data = {
            ["LeftLowerArm"] = CFrame.new(-4.172325134277344e-07, 1.1920928955078125e-07, 1.7136335372924805e-07, 1, 5.215378351408617e-08, 1.471498052296738e-07, 0, 0.8835334777832031, -0.4683679938316345, -1.1199148275409243e-07, 0.4683680832386017, 0.8835335969924927),
            ["LeftFoot"] = CFrame.new(-2.2351741790771484e-08, 5.960464477539063e-08, -2.3283064365386963e-08, 0.910060703754425, -0.35697561502456665, 0.21062614023685455, 0.23489324748516083, 0.862879753112793, 0.44751089811325073, -0.34148892760276794, -0.3577806353569031, 0.8691205978393555),
            ["RightHand"] = CFrame.new(-4.172325134277344e-07, 1.7881393432617188e-07, 5.364418029785156e-07, -0.025186780840158463, -0.15833771228790283, -0.9870638251304626, 0.04723639413714409, 0.9860856533050537, -0.15938612818717957, 0.998566210269928, -0.050639767199754715, -0.017357010394334793),
            ["HumanoidRootPart"] = CFrame.new(0, 0, 0, 1, 0, 0, 0, 1, 0, 0, 0, 1),
            ["RightLowerLeg"] = CFrame.new(-1.1175870895385742e-08, -2.384185791015625e-07, -8.195638656616211e-08, 1, -5.960460924825384e-08, -9.61126829679415e-07, 6.491318345069885e-07, -0.7024624943733215, 0.7117202281951904, -6.575137376785278e-07, -0.7117207646369934, -0.7024630904197693),
            ["LeftUpperLeg"] = CFrame.new(1.7881393432617188e-07, -4.917383193969727e-07, -2.60770320892334e-08, 0.9955080151557922, -0.030423808842897415, 0.08965454250574112, 0.07057888805866241, -0.39277932047843933, -0.9169198870658875, 0.06310661882162094, 0.9191293716430664, -0.38887032866477966),
            ["LeftLowerLeg"] = CFrame.new(3.3527612686157227e-08, 0, 1.6763806343078613e-07, 1, 0.0000016316872688548756, 0.0000028461081456043757, -0.0000013895331676394562, -0.6243153214454651, 0.7811778783798218, 0.000003084539912379114, -0.7811724543571472, -0.6243086457252502),
            ["LowerTorso"] = CFrame.new(-0.44430527091026306, -0.14803528785705566, 0.3740364611148834, 0.2949663996696472, 0.07536325603723526, -0.9525310397148132, 0.11114487797021866, 0.9874114990234375, 0.11254069209098816, 0.9490214586257935, -0.13906465470790863, 0.28287699818611145),
            ["Head"] = CFrame.new(-3.166496753692627e-08, -2.384185791015625e-07, 1.0244548320770264e-07, 0.5234591960906982, -0.011758606880903244, 0.8519697189331055, 0.32561415433883667, 0.9267714619636536, -0.1872696727514267, -0.7873792052268982, 0.37544164061546326, 0.48895570635795593),
            ["UpperTorso"] = CFrame.new(1.564621925354004e-07, 2.980232238769531e-07, -1.4901161193847656e-08, 0.9959587454795837, -0.011142471805214882, 0.08911855518817902, -0.011416933499276638, 0.968517005443573, 0.2486850768327713, -0.08908390253782272, -0.24869772791862488, 0.9644758105278015),
            ["LeftUpperArm"] = CFrame.new(0, 5.960464477539062e-07, -2.9802322387695312e-08, 0.9863908886909485, 0.1383361965417862, 0.08886771649122238, -0.10294725000858307, 0.9410507082939148, -0.3222315311431885, -0.12819936871528625, 0.30868545174598694, 0.9424805045127869),
            ["RightLowerArm"] = CFrame.new(2.384185791015625e-07, -5.960464477539063e-08, -3.5762786865234375e-07, 1, 1.3410732435659156e-07, 1.4901520017929215e-08, 2.2351747119842003e-08, 0.15707433223724365, -0.9875868558883667, -1.6391281576488836e-07, 0.9875867962837219, 0.15707427263259888),
            ["LeftHand"] = CFrame.new(1.9371509552001953e-07, -7.152557373046875e-07, -5.960464477539063e-08, 0.6314020752906799, 0.10198736190795898, 0.7687199711799622, 0.10899515450000763, 0.9698014259338379, -0.21818964183330536, -0.7677574157714844, 0.2215489000082016, 0.6012178659439087),
            ["MeshPart"] = CFrame.new(-0.41562420129776, -0.2251904010772705, 0.6905363202095032, 0.33909592032432556, -0.049558863043785095, 0.9394457340240479, 0.1735631823539734, 0.9847646355628967, -0.010698577389121056, -0.9246025085449219, 0.16668082773685455, 0.3425309658050537),
            ["RightFoot"] = CFrame.new(-3.725290298461914e-08, 1.1920928955078125e-07, -2.2351741790771484e-08, 0.9872607588768005, 0.1579805612564087, -0.018977291882038116, -0.15527397394180298, 0.9826058149337769, 0.10185452550649643, 0.034731972962617874, -0.09761139005422592, 0.99461829662323),
            ["mask"] = CFrame.new(0.673141360282898, -0.3489968776702881, -0.08603553473949432, -0.16540580987930298, 0.843681812286377, 0.5107113718986511, -0.019989855587482452, -0.5206173658370972, 0.8535541296005249, 0.9860230684280396, 0.13099095225334167, 0.10305043309926987),
            ["RightUpperLeg"] = CFrame.new(-8.940696716308594e-08, -5.606561899185181e-07, -8.940696716308594e-08, 0.9950686097145081, -0.034394629299640656, -0.09303548187017441, -0.08473224192857742, 0.1927892565727234, -0.9775753617286682, 0.0515640489757061, 0.98063725233078, 0.188920259475708),
            ["RightUpperArm"] = CFrame.new(-1.1920928955078125e-07, -4.76837158203125e-07, -1.4901161193847656e-07, 0.5666971206665039, -0.6255183815956116, -0.5362817645072937, -0.1738249659538269, 0.5454725623130798, -0.8199094533920288, 0.8053814768791199, 0.5578409433364868, 0.20037592947483063)
        }},
        [4] = {Time = 0.100, Data = {
            ["LeftLowerArm"] = CFrame.new(-1.7881393432617188e-07, 6.556510925292969e-07, 7.450580596923828e-09, 1, 6.33296224350488e-08, 1.1734723415202097e-07, -1.8626440390079324e-09, 0.8967798948287964, -0.442476749420166, -1.3667150255969318e-07, 0.4424768388271332, 0.8967800140380859),
            ["LeftFoot"] = CFrame.new(1.862645149230957e-09, 1.1920928955078125e-07, -5.960464477539063e-08, 0.9032579064369202, -0.36658012866973877, 0.22304636240005493, 0.23300078511238098, 0.8554916381835938, 0.4624364972114563, -0.36032742261886597, -0.3657225966453552, 0.8581392168998718),
            ["RightHand"] = CFrame.new(-5.960464477539062e-07, -4.76837158203125e-07, -1.4901161193847656e-07, -0.03220348060131073, -0.161973774433136, -0.986269474029541, 0.05230845510959625, 0.9851558208465576, -0.1634989231824875, 0.9981116056442261, -0.05685536563396454, -0.023252753540873528),
            ["HumanoidRootPart"] = CFrame.new(0, 0, 0, 1, 0, 0, 0, 1, 0, 0, 0, 1),
            ["RightLowerLeg"] = CFrame.new(1.4901161193847656e-08, 0, -1.7881393432617188e-07, 1, -1.8626444386882213e-08, -8.866207963365014e-07, 6.314367624327133e-07, -0.714596152305603, 0.6995370984077454, -6.482005687757919e-07, -0.6995373368263245, -0.7145963907241821),
            ["LeftUpperLeg"] = CFrame.new(5.960464477539063e-08, -4.684552550315857e-07, 3.166496753692627e-08, 0.9950917959213257, -0.03738923743367195, 0.09161995351314545, 0.06956132501363754, -0.39426934719085693, -0.9163579940795898, 0.07038111984729767, 0.9182340502738953, -0.38973569869995117),
            ["LeftLowerLeg"] = CFrame.new(-7.82310962677002e-08, -5.960464477539063e-08, 3.3527612686157227e-07, 1, 0.0000013858159491064725, 0.000002898262437156518, -0.0000013820830417898833, -0.6307757496833801, 0.7759703993797302, 0.0000030696398880536435, -0.77596515417099, -0.6307692527770996),
            ["LowerTorso"] = CFrame.new(-0.4156426191329956, -0.19623255729675293, 0.3799520432949066, 0.3009980618953705, 0.05861740931868553, -0.9518215656280518, 0.11520805954933167, 0.9885632991790771, 0.09731273353099823, 0.9466400146484375, -0.1389484405517578, 0.2908024489879608),
            ["Head"] = CFrame.new(-1.1548399925231934e-07, -4.76837158203125e-07, 1.471489667892456e-07, 0.5291207432746887, 0.004021002445369959, 0.8485372066497803, 0.3142990469932556, 0.9279343485832214, -0.20038414001464844, -0.7881925106048584, 0.3727220594882965, 0.4897254705429077),
            ["UpperTorso"] = CFrame.new(5.960464477539063e-08, -1.7881393432617188e-07, 1.9371509552001953e-07, 0.9960991144180298, -0.01859442889690399, 0.08626066148281097, -0.004004381597042084, 0.9670141339302063, 0.2546910345554352, -0.08815117180347443, -0.2540431618690491, 0.9631674885749817),
            ["LeftUpperArm"] = CFrame.new(0, -4.76837158203125e-07, 0, 0.9869933724403381, 0.14585338532924652, 0.06761450320482254, -0.11557184159755707, 0.9360926151275635, -0.3322378098964691, -0.11174630373716354, 0.32008981704711914, 0.9407690167427063),
            ["RightLowerArm"] = CFrame.new(1.7881393432617188e-07, -2.384185791015625e-07, 9.5367431640625e-07, 1, 1.2665691428992432e-07, 4.470458137006972e-08, 5.215408904746255e-08, 0.1373707503080368, -0.9905197620391846, -1.043081780949251e-07, 0.9905197620391846, 0.13737067580223083),
            ["LeftHand"] = CFrame.new(2.1606683731079102e-07, -3.5762786865234375e-07, 1.7881393432617188e-07, 0.6230354309082031, 0.11896544694900513, 0.7730941772460938, 0.11115671694278717, 0.964870274066925, -0.23805668950080872, -0.7742551565170288, 0.23424914479255676, 0.5879239439964294),
            ["MeshPart"] = CFrame.new(-0.41474828124046326, -0.22488993406295776, 0.6922404170036316, 0.3423728048801422, -0.038032133132219315, 0.9387943148612976, 0.17014753818511963, 0.9851698279380798, -0.022140931338071823, -0.9240296483039856, 0.16731379926204681, 0.34376615285873413),
            ["RightFoot"] = CFrame.new(1.862645149230957e-08, 2.384185791015625e-07, 2.0116567611694336e-07, 0.987090528011322, 0.16000771522521973, -0.007175251375883818, -0.15824583172798157, 0.9811987280845642, 0.11048044264316559, 0.024711843580007553, -0.10791940987110138, 0.993852436542511),
            ["mask"] = CFrame.new(0.6439887881278992, -0.35053980350494385, -0.08801425993442535, -0.16645663976669312, 0.8530604243278503, 0.49453485012054443, -0.022136524319648743, -0.5046493411064148, 0.8630384206771851, 0.9858003854751587, 0.1327289342880249, 0.10295728594064713),
            ["RightUpperLeg"] = CFrame.new(-8.940696716308594e-08, -2.430751919746399e-07, -2.9802322387695312e-08, 0.9952000379562378, -0.03849145025014877, -0.08997558057308197, -0.08098860085010529, 0.19211268424987793, -0.9780257344245911, 0.054935481399297714, 0.9806177616119385, 0.18806934356689453),
            ["RightUpperArm"] = CFrame.new(-1.1920928955078125e-07, -9.5367431640625e-07, -3.5762786865234375e-07, 0.5603111386299133, -0.6141541004180908, -0.5557724833488464, -0.17639099061489105, 0.5671290159225464, -0.8045234084129333, 0.8092822432518005, 0.5487982034683228, 0.2094259262084961)
        }},
        [5] = {Time = 0.133, Data = {
            ["LeftLowerArm"] = CFrame.new(-5.960464477539062e-07, 5.960464477539062e-07, 9.499490261077881e-08, 1, 3.352748478846479e-08, 7.916279542996563e-08, -2.7939670577126208e-09, 0.9088804125785828, -0.4170568585395813, -6.982007505484944e-08, 0.4170569181442261, 0.9088804125785828),
            ["LeftFoot"] = CFrame.new(-1.862645149230957e-09, -5.960464477539063e-08, -1.30385160446167e-08, 0.8962160348892212, -0.3763183355331421, 0.23491883277893066, 0.23050889372825623, 0.8474749326705933, 0.47817865014076233, -0.3790285289287567, -0.374394029378891, 0.8462614417076111),
            ["RightHand"] = CFrame.new(-0.0000011324882507324219, -2.384185791015625e-07, 1.4901161193847656e-07, -0.03782987594604492, -0.16521243751049042, -0.9855322241783142, 0.059853993356227875, 0.9840928912162781, -0.16726872324943542, 0.9974901080131531, -0.06531581282615662, -0.027339449152350426),
            ["HumanoidRootPart"] = CFrame.new(0, 0, 0, 1, 0, 0, 0, 1, 0, 0, 0, 1),
            ["RightLowerLeg"] = CFrame.new(7.450580596923828e-08, -1.7881393432617188e-07, -7.450580596923828e-09, 1, -1.1175868230850483e-08, -9.760284456206136e-07, 6.863846806481888e-07, -0.7264294028282166, 0.6872405409812927, -7.636843974978547e-07, -0.6872410178184509, -0.7264299988746643),
            ["LeftUpperLeg"] = CFrame.new(2.9802322387695312e-08, -4.386529326438904e-07, -5.029141902923584e-08, 0.9945456385612488, -0.04357514902949333, 0.09476328641176224, 0.0699256882071495, -0.395624041557312, -0.9157460331916809, 0.07739042490720749, 0.9173782467842102, -0.39042162895202637),
            ["LeftLowerLeg"] = CFrame.new(6.705522537231445e-08, 5.960464477539063e-08, -2.2351741790771484e-08, 1, 0.000004217051809973782, 0.00000873949466040358, -0.000003848224878311157, -0.6364461779594421, 0.7713261842727661, 0.000008821487426757812, -0.771321177482605, -0.6364400386810303),
            ["LowerTorso"] = CFrame.new(-0.38363441824913025, -0.244459867477417, 0.3862306773662567, 0.3069339394569397, 0.04092641919851303, -0.9508505463600159, 0.11850806325674057, 0.9896560311317444, 0.08085097372531891, 0.9443238377571106, -0.1374993771314621, 0.29890885949134827),
            ["Head"] = CFrame.new(-6.332993507385254e-08, 0, 1.601874828338623e-07, 0.5350762009620667, 0.02335003763437271, 0.8444811105728149, 0.29887768626213074, 0.9297378063201904, -0.21508075296878815, -0.7901681661605835, 0.36748138070106506, 0.4905017018318176),
            ["UpperTorso"] = CFrame.new(-3.725290298461914e-08, 2.086162567138672e-07, -2.9802322387695312e-08, 0.9961118102073669, -0.02888188138604164, 0.08322922140359879, 0.006406526081264019, 0.9659805297851562, 0.2585354447364807, -0.08786480128765106, -0.25699713826179504, 0.9624096751213074),
            ["LeftUpperArm"] = CFrame.new(0, 2.384185791015625e-07, 8.940696716308594e-08, 0.9869380593299866, 0.15459518134593964, 0.04532334953546524, -0.1303512454032898, 0.9316243529319763, -0.33925390243530273, -0.094666987657547, 0.3289019465446472, 0.9396024346351624),
            ["RightLowerArm"] = CFrame.new(-1.1920928955078125e-07, -7.152557373046875e-07, 8.642673492431641e-07, 1, 1.862601237689887e-07, -4.4704563606501324e-08, -2.2351745343485163e-08, 0.1182803139090538, -0.9929803013801575, -1.4901162614933128e-07, 0.9929803013801575, 0.11828027665615082),
            ["LeftHand"] = CFrame.new(7.450580596923828e-08, -4.172325134277344e-07, -2.682209014892578e-07, 0.6156855225563049, 0.13823290169239044, 0.7757728695869446, 0.11213766038417816, 0.9591038823127747, -0.25989672541618347, -0.7799720764160156, 0.24700476229190826, 0.5750046968460083),
            ["MeshPart"] = CFrame.new(-0.41572117805480957, -0.22475993633270264, 0.6926851868629456, 0.34582000970840454, -0.02582555264234543, 0.9379456043243408, 0.16683058440685272, 0.9853861331939697, -0.0343785285949707, -0.92335045337677, 0.1683666706085205, 0.3450743854045868),
            ["RightFoot"] = CFrame.new(-4.470348358154297e-08, 2.384185791015625e-07, -1.2665987014770508e-07, 0.9867832064628601, 0.16201931238174438, 0.00321543263271451, -0.16124650835990906, 0.9797453284263611, 0.11873165518045425, 0.016080573201179504, -0.11768162995576859, 0.9929211735725403),
            ["mask"] = CFrame.new(0.611770510673523, -0.3497079610824585, -0.08874858915805817, -0.1685946136713028, 0.8613122701644897, 0.47927290201187134, -0.02431325986981392, -0.48972925543785095, 0.8715327382087708, 0.9853856563568115, 0.13530123233795166, 0.10357742756605148),
            ["RightUpperLeg"] = CFrame.new(-2.9802322387695312e-08, -5.140900611877441e-07, -1.4901161193847656e-08, 0.9954058527946472, -0.042248040437698364, -0.08592043071985245, -0.07637219876050949, 0.19080857932567596, -0.9786524176597595, 0.05774553492665291, 0.9807177186012268, 0.18670091032981873),
            ["RightUpperArm"] = CFrame.new(-1.1920928955078125e-07, -4.76837158203125e-07, 0, 0.5538520812988281, -0.6011667251586914, -0.5760751962661743, -0.17694737017154694, 0.591098964214325, -0.7869554162025452, 0.8135954737663269, 0.5377737879753113, 0.22099465131759644)
        }},
        [6] = {Time = 0.167, Data = {
            ["LeftLowerArm"] = CFrame.new(-7.748603820800781e-07, -5.960464477539063e-08, 3.5390257835388184e-08, 1, 4.0978047621820224e-08, 1.2666041016018426e-07, -3.0267977013664904e-09, 0.9184328317642212, -0.39557695388793945, -9.572247705591508e-08, 0.39557716250419617, 0.9184328317642212),
            ["LeftFoot"] = CFrame.new(1.3504177331924438e-08, 0, 4.190951585769653e-08, 0.8886502981185913, -0.386577308177948, 0.2467072606086731, 0.2271205633878708, 0.8383572101593018, 0.4955565631389618, -0.3983929753303528, -0.38433733582496643, 0.8328020572662354),
            ["RightHand"] = CFrame.new(-7.152557373046875e-07, -5.960464477539063e-08, 4.470348358154297e-07, -0.04255617782473564, -0.16812638938426971, -0.9848464727401733, 0.06952053308486938, 0.9828518033027649, -0.17078988254070282, 0.9966724514961243, -0.07573515176773071, -0.03013818897306919),
            ["HumanoidRootPart"] = CFrame.new(0, 0, 0, 1, 0, 0, 0, 1, 0, 0, 0, 1),
            ["RightLowerLeg"] = CFrame.new(-9.685754776000977e-08, 2.384185791015625e-07, -5.960464477539063e-08, 1, -8.791686241238494e-07, -0.0000033862972941278713, 0.0000015739353784738341, -0.7376066446304321, 0.6752302646636963, -0.000003110617853963049, -0.6752307415008545, -0.737606942653656),
            ["LeftUpperLeg"] = CFrame.new(0, -3.25031578540802e-07, -8.754432201385498e-08, 0.9938161373138428, -0.04957396537065506, 0.0993579775094986, 0.07165338844060898, -0.39730337262153625, -0.9148848056793213, 0.08482537418603897, 0.916347324848175, -0.39129745960235596),
            ["LeftLowerLeg"] = CFrame.new(-1.0058283805847168e-07, -1.1920928955078125e-07, 1.862645149230957e-08, 1, 0.000003211217745047179, 0.0000069290144892875105, -0.0000030547391816071467, -0.6408316493034363, 0.7676865458488464, 0.000006787481197534362, -0.7676815986633301, -0.6408255100250244),
            ["LowerTorso"] = CFrame.new(-0.3502042293548584, -0.2902965545654297, 0.3924170136451721, 0.312654584646225, 0.022318266332149506, -0.9496047496795654, 0.12111546844244003, 0.9906270503997803, 0.06315930187702179, 0.9421136379241943, -0.134758859872818, 0.30702105164527893),
            ["Head"] = CFrame.new(-1.30385160446167e-07, -4.76837158203125e-07, -2.0489096641540527e-07, 0.5408776998519897, 0.04442930966615677, 0.8399271368980408, 0.2818830609321594, 0.9312793612480164, -0.23078231513500214, -0.7924602031707764, 0.3615865111351013, 0.49118441343307495),
            ["UpperTorso"] = CFrame.new(-7.450580596923828e-09, -5.960464477539063e-08, 7.450580596923828e-09, 0.9959366321563721, -0.0408250130712986, 0.08027229458093643, 0.018402164801955223, 0.9647941589355469, 0.26236122846603394, -0.08815722167491913, -0.2598182260990143, 0.9616251587867737),
            ["LeftUpperArm"] = CFrame.new(-1.1920928955078125e-07, 0, -1.7881393432617188e-07, 0.9862644076347351, 0.16353274881839752, 0.023239322006702423, -0.14570832252502441, 0.9276382327079773, -0.3438970744609833, -0.07779259979724884, 0.33577433228492737, 0.9387196898460388),
            ["RightLowerArm"] = CFrame.new(2.384185791015625e-07, 4.76837158203125e-07, 8.642673492431641e-07, 1, 5.215282072867922e-08, 0, 2.9802322387695312e-08, 0.09982984513044357, -0.9950045943260193, -1.4901161193847656e-07, 0.9950045943260193, 0.09982971101999283),
            ["LeftHand"] = CFrame.new(2.3096799850463867e-07, -5.960464477539062e-07, 1.7881393432617188e-07, 0.6096499562263489, 0.1593058556318283, 0.7764979600906372, 0.11028093099594116, 0.9530247449874878, -0.282105952501297, -0.7849618792533875, 0.25761541724205017, 0.5634422898292542),
            ["MeshPart"] = CFrame.new(-0.4168243706226349, -0.22488906979560852, 0.692234218120575, 0.3492289185523987, -0.013041947036981583, 0.9369468688964844, 0.16397856175899506, 0.9853243231773376, -0.04740443453192711, -0.9225780367851257, 0.17019407451152802, 0.3462420105934143),
            ["RightFoot"] = CFrame.new(-5.960464477539063e-08, 0, -1.4901161193847656e-08, 0.9864464998245239, 0.16356848180294037, 0.013052059337496758, -0.16388890147209167, 0.9782702922821045, 0.12698915600776672, 0.007996894419193268, -0.1274074763059616, 0.9918183088302612),
            ["mask"] = CFrame.new(0.577460527420044, -0.34665268659591675, -0.08873499929904938, -0.17091210186481476, 0.8678925633430481, 0.46640920639038086, -0.026677999645471573, -0.4772868752479553, 0.8783392906188965, 0.9849250912666321, 0.13769464194774628, 0.10479851812124252),
            ["RightUpperLeg"] = CFrame.new(1.1920928955078125e-07, -2.8405338525772095e-07, -2.2351741790771484e-07, 0.9956715703010559, -0.04614781215786934, -0.08067478984594345, -0.07063137739896774, 0.18842004239559174, -0.9795459508895874, 0.06040969491004944, 0.9810037612915039, 0.1843406707048416),
            ["RightUpperArm"] = CFrame.new(0, 1.1920928955078125e-07, -2.086162567138672e-07, 0.5475291013717651, -0.5873130559921265, -0.5960630178451538, -0.17652200162410736, 0.6152288317680359, -0.7683364748954773, 0.8179559707641602, 0.5258868336677551, 0.23316961526870728)
        }},
        [7] = {Time = 0.200, Data = {
            ["LeftLowerArm"] = CFrame.new(-2.980232238769531e-07, 0.0000010132789611816406, -1.2665987014770508e-07, 1, 2.0489023810910112e-08, 1.2107236102565366e-07, 1.8626438169633275e-09, 0.9253461956977844, -0.37912309169769287, -1.1548391398719104e-07, 0.3791233003139496, 0.9253462553024292),
            ["LeftFoot"] = CFrame.new(1.4668330550193787e-08, 1.7881393432617188e-07, -9.313225746154785e-09, 0.8786277174949646, -0.4003370404243469, 0.26028791069984436, 0.2247982621192932, 0.8276897668838501, 0.5141976475715637, -0.4212825894355774, -0.39326828718185425, 0.8172215223312378),
            ["RightHand"] = CFrame.new(-5.364418029785156e-07, 3.5762786865234375e-07, 2.980232238769531e-07, -0.046870362013578415, -0.1707870364189148, -0.9841926097869873, 0.08094540983438492, 0.9813858270645142, -0.17415468394756317, 0.9956159591674805, -0.0878286063671112, -0.03217354416847229),
            ["HumanoidRootPart"] = CFrame.new(0, 0, 0, 1, 0, 0, 0, 1, 0, 0, 0, 1),
            ["RightLowerLeg"] = CFrame.new(-4.470348358154297e-08, -1.1920928955078125e-07, -1.6391277313232422e-07, 1, -9.052456562130828e-07, -0.0000034719771520030918, 0.0000015674162341383635, -0.7479960918426514, 0.6637035012245178, -0.0000032000250484998105, -0.6637031435966492, -0.7479958534240723),
            ["LeftUpperLeg"] = CFrame.new(0, -5.718320608139038e-07, 2.60770320892334e-08, 0.99189293384552, -0.05710671842098236, 0.11352288722991943, 0.0813908576965332, -0.40060949325561523, -0.9126261472702026, 0.0975913479924202, 0.9144675731658936, -0.39271652698516846),
            ["LeftLowerLeg"] = CFrame.new(8.940696716308594e-08, 0, 7.82310962677002e-08, 1, 6.929080313966551e-07, 0.0000012665932445088401, -5.289912792250107e-07, -0.6431249976158142, 0.7657670378684998, 0.0000011697412674038787, -0.7657612562179565, -0.6431180238723755),
            ["LowerTorso"] = CFrame.new(-0.3156902492046356, -0.33505773544311523, 0.3979428708553314, 0.31811368465423584, 0.0028149376157671213, -0.94804847240448, 0.12309637665748596, 0.9914078116416931, 0.0442480742931366, 0.9400271773338318, -0.1307772547006607, 0.31503385305404663),
            ["Head"] = CFrame.new(-1.30385160446167e-07, -7.152557373046875e-07, -1.8998980522155762e-07, 0.54628586769104, 0.06585738062858582, 0.8350057601928711, 0.2638387084007263, 0.9326255321502686, -0.2461678683757782, -0.7949596047401428, 0.35478517413139343, 0.4921044409275055),
            ["UpperTorso"] = CFrame.new(-3.725290298461914e-08, 5.960464477539063e-08, 0, 0.9955524802207947, -0.05350020155310631, 0.07754453271627426, 0.031033411622047424, 0.9634023308753967, 0.26625722646713257, -0.08895134925842285, -0.26266664266586304, 0.9607778191566467),
            ["LeftUpperArm"] = CFrame.new(1.7881393432617188e-07, 3.5762786865234375e-07, 0, 0.9850274920463562, 0.17238248884677887, 0.002356277545914054, -0.16094142198562622, 0.9243826866149902, -0.3458663821220398, -0.06179672107100487, 0.3402954936027527, 0.9382808208465576),
            ["RightLowerArm"] = CFrame.new(1.1920928955078125e-07, -4.172325134277344e-07, 5.066394805908203e-07, 1, 1.9371040593796351e-07, 2.9803054246713145e-08, -4.4703490686970326e-08, 0.08201667666435242, -0.9966310858726501, -1.1920930376163597e-07, 0.9966309070587158, 0.08201663196086884),
            ["LeftHand"] = CFrame.new(3.5762786865234375e-07, -5.364418029785156e-07, -1.4901161193847656e-07, 0.6050161719322205, 0.18122921884059906, 0.7753141522407532, 0.1055012196302414, 0.946919322013855, -0.3036690950393677, -0.7891926169395447, 0.26551786065101624, 0.5537808537483215),
            ["MeshPart"] = CFrame.new(-0.41802892088890076, -0.22524619102478027, 0.69089275598526, 0.3524894714355469, 0.00035333537380211055, 0.9358159303665161, 0.16165706515312195, 0.9849436283111572, -0.06126251444220543, -0.9217473864555359, 0.17287546396255493, 0.3471248745918274),
            ["RightFoot"] = CFrame.new(-3.725290298461914e-09, 1.7881393432617188e-07, 1.4156103134155273e-07, 0.9860758185386658, 0.16467887163162231, 0.023169003427028656, -0.16629618406295776, 0.9767699837684631, 0.13514705002307892, -0.000380456680431962, -0.13711805641651154, 0.990554690361023),
            ["mask"] = CFrame.new(0.5433282256126404, -0.3429834842681885, -0.08899480104446411, -0.172657772898674, 0.8723118901252747, 0.45743677020072937, -0.029213471338152885, -0.46875086426734924, 0.8828431963920593, 0.9845485687255859, 0.13908511400222778, 0.1064867228269577),
            ["RightUpperLeg"] = CFrame.new(-1.7881393432617188e-07, -2.9581133276224136e-07, -6.705522537231445e-08, 0.9959754943847656, -0.050533611327409744, -0.07401999086141586, -0.06351065635681152, 0.1847349852323532, -0.980734646320343, 0.0632387101650238, 0.9814883470535278, 0.18077772855758667),
            ["RightUpperArm"] = CFrame.new(-1.1920928955078125e-07, -7.152557373046875e-07, -2.980232238769531e-07, 0.5415000319480896, -0.573150634765625, -0.6150540113449097, -0.17471374571323395, 0.6389056444168091, -0.7491878867149353, 0.8223459720611572, 0.5131257176399231, 0.24581734836101532)
        }},
        [8] = {Time = 0.233, Data = {
            ["LeftLowerArm"] = CFrame.new(-2.980232238769531e-07, 0, 8.195638656616211e-08, 1, 2.048903091633747e-08, 1.0617117851552393e-07, -3.7252889661942845e-09, 0.9300110340118408, -0.36753174662590027, -1.3358653916384355e-07, 0.36753180623054504, 0.9300110936164856),
            ["LeftFoot"] = CFrame.new(5.4016709327697754e-08, 1.1920928955078125e-07, -1.6763806343078613e-08, 0.8684677481651306, -0.41357117891311646, 0.2733657658100128, 0.22104157507419586, 0.8166072964668274, 0.5331946611404419, -0.44373926520347595, -0.4026305675506592, 0.8006089925765991),
            ["RightHand"] = CFrame.new(0, -1.7881393432617188e-07, 0, -0.05073939263820648, -0.17319749295711517, -0.9835792779922485, 0.09386273473501205, 0.9796617031097412, -0.1773497313261032, 0.9942914247512817, -0.10132010281085968, -0.0334506519138813),
            ["HumanoidRootPart"] = CFrame.new(0, 0, 0, 1, 0, 0, 0, 1, 0, 0, 0, 1),
            ["RightLowerLeg"] = CFrame.new(9.685754776000977e-08, -1.1920928955078125e-07, 2.384185791015625e-07, 1, -9.238719940185547e-07, -0.0000035613834370451514, 0.0000015757974551888765, -0.7576005458831787, 0.6527187824249268, -0.00000318512252306391, -0.6527185440063477, -0.7576003074645996),
            ["LeftUpperLeg"] = CFrame.new(-5.960464477539063e-08, -5.480833351612091e-07, 2.0489096641540527e-08, 0.9898173213005066, -0.06322745233774185, 0.12753121554851532, 0.09154951572418213, -0.40330541133880615, -0.9104737043380737, 0.10899710655212402, 0.9128783941268921, -0.3934127986431122),
            ["LeftLowerLeg"] = CFrame.new(-9.313225746154785e-08, 0, -9.685754776000977e-08, 1, 0.0000013671885881194612, 0.00000283493477581942, -0.0000013262032325656037, -0.6442959308624268, 0.7647813558578491, 0.0000027716157546819886, -0.764776349067688, -0.6442899107933044),
            ["LowerTorso"] = CFrame.new(-0.28050151467323303, -0.3821425437927246, 0.4021449089050293, 0.32325035333633423, -0.01724192500114441, -0.9461565017700195, 0.12451855838298798, 0.9919156432151794, 0.02446540631353855, 0.9380854368209839, -0.12572252750396729, 0.32278403639793396),
            ["Head"] = CFrame.new(-5.4016709327697754e-08, 4.76837158203125e-07, 1.2665987014770508e-07, 0.5510265231132507, 0.08637809008359909, 0.8300053477287292, 0.24529412388801575, 0.9339219927787781, -0.26003915071487427, -0.7976218461990356, 0.3468841314315796, 0.4934276342391968),
            ["UpperTorso"] = CFrame.new(6.705522537231445e-08, 0, 1.862645149230957e-08, 0.9949893355369568, -0.06582175940275192, 0.07525841891765594, 0.04321642965078354, 0.9619089365005493, 0.2699323892593384, -0.09015917032957077, -0.26532766222953796, 0.9599336981773376),
            ["LeftUpperArm"] = CFrame.new(1.1920928955078125e-07, -1.1920928955078125e-07, 8.940696716308594e-08, 0.9834092259407043, 0.180654838681221, -0.016445480287075043, -0.17514140903949738, 0.9219560623168945, -0.34544411301612854, -0.047242097556591034, 0.3425799310207367, 0.938295304775238),
            ["RightLowerArm"] = CFrame.new(1.1920928955078125e-07, -8.344650268554688e-07, 5.960464477539062e-07, 1, 1.5645841244804615e-07, -2.9803054246713145e-08, -1.4901166522918174e-08, 0.06488362699747086, -0.9978928565979004, -1.3411049337719305e-07, 0.9978929162025452, 0.06488341093063354),
            ["LeftHand"] = CFrame.new(3.762543201446533e-07, -0.0000010728836059570312, -5.960464477539063e-08, 0.6019331812858582, 0.20287764072418213, 0.7723454236984253, 0.09816589951515198, 0.9410545825958252, -0.3236995041370392, -0.7924897074699402, 0.2706602215766907, 0.5465356707572937),
            ["MeshPart"] = CFrame.new(-0.41910871863365173, -0.22583156824111938, 0.688805878162384, 0.3556022346019745, 0.01409179251641035, 0.9345313310623169, 0.15983526408672333, 0.984239935874939, -0.07566087692975998, -0.9208690524101257, 0.17627613246440887, 0.34774520993232727),
            ["RightFoot"] = CFrame.new(-5.960464477539063e-08, 1.1920928955078125e-07, -1.4901161193847656e-07, 0.9857288002967834, 0.16490013897418976, 0.033883363008499146, -0.16807062923908234, 0.9754067063331604, 0.14259248971939087, -0.009542405605316162, -0.14625239372253418, 0.9892013072967529),
