return {
    ["With The Rhythm"] = {
        {Time = 0.000, Data = {
            ["LeftFoot"] = CFrame.new(1.4901161193847656e-08, 5.960464477539063e-08, 3.725290298461914e-09, 0.9977776408195496, -0.06456814706325531, -0.016459571197628975, 0.06494975835084915, 0.9976043701171875, 0.023817012086510658, 0.014882308430969715, -0.02483311854302883, 0.9995808601379395),
            ["LeftLowerArm"] = CFrame.new(1.1920928955078125e-07, -2.384185791015625e-07, -5.960464477539063e-08, 1, -1.6763808119435453e-08, -6.146729703004894e-08, 3.3527619791584584e-08, 0.9486508965492249, -0.31632503867149353, -2.887100691850719e-08, 0.31632503867149353, 0.9486508965492249),
            ["LowerTorso"] = CFrame.new(0.052726492285728455, -0.15675616264343262, -0.5083248615264893, 0.9720349907875061, -0.10662559419870377, -0.20923423767089844, 0.07854381948709488, 0.987281084060669, -0.13822822272777557, 0.22131165862083435, 0.11792862415313721, 0.9680464863777161),
            ["Head"] = CFrame.new(-7.450580596923828e-09, 0, -6.193295121192932e-08, 0.9960306286811829, -0.0671406015753746, 0.05843973904848099, 0.06450571119785309, 0.9968628883361816, 0.04586458206176758, -0.061335764825344086, -0.041912827640771866, 0.9972368478775024),
            ["RightUpperArm"] = CFrame.new(0, 1.1920928955078125e-07, 0, 0.9417062401771545, -0.1662432700395584, 0.2924938201904297, 0.09368256479501724, 0.964575469493866, 0.2466127723455429, -0.3231300711631775, -0.2048352062702179, 0.9239206910133362),
            ["UpperTorso"] = CFrame.new(4.377216100692749e-08, -2.086162567138672e-07, 1.4598481357097626e-07, 0.9936823844909668, 0.08536277711391449, 0.07286008447408676, -0.09864022582769394, 0.9739461541175842, 0.2042035460472107, -0.05353042483329773, -0.21010039746761322, 0.976213276386261),
            ["HumanoidRootPart"] = CFrame.new(0, 0, 0, 1, 0, 0, 0, 1, 0, 0, 0, 1),
            ["RightHand"] = CFrame.new(-1.4901161193847656e-08, -1.1920928955078125e-07, 7.450580596923828e-09, 0.977086067199707, 0.16611549258232117, -0.13307304680347443, -0.15601161122322083, 0.9842508435249329, 0.08313131332397461, 0.14478665590286255, -0.06046551465988159, 0.9876136779785156),
            ["LeftUpperArm"] = CFrame.new(0, -1.1920928955078125e-07, -5.960464477539063e-08, 0.8569017648696899, 0.13424786925315857, -0.49769169092178345, -0.06572216749191284, 0.9860655069351196, 0.15282510221004486, 0.5112730264663696, -0.09824672341346741, 0.8537842631340027),
            ["RightLowerArm"] = CFrame.new(-1.1920928955078125e-07, 1.1920928955078125e-07, 1.4901161193847656e-08, 1, -2.3283064365386963e-08, -1.303851426825986e-08, 2.607702498380604e-08, 0.9584422707557678, -0.28528669476509094, 3.7252894102834944e-09, 0.28528666496276855, 0.9584422707557678),
            ["LeftHand"] = CFrame.new(1.4901161193847656e-08, -1.1920928955078125e-07, 1.0058283805847168e-07, 0.9909064769744873, -0.08683352917432785, 0.10278245061635971, 0.03361862897872925, 0.8994359970092773, 0.43575769662857056, -0.1302846521139145, -0.42833977937698364, 0.8941761255264282),
            ["RightUpperLeg"] = CFrame.new(0, -1.9371509552001953e-07, 6.535992724820971e-08, 0.9839965105056763, 0.13123320043087006, 0.12053549289703369, -0.11590862274169922, 0.9851847887039185, -0.12639693915843964, -0.1353372186422348, 0.11040282994508743, 0.9846294522285461),
            ["LeftUpperLeg"] = CFrame.new(-1.1920928955078125e-07, -2.384185791015625e-07, 3.725290298461914e-08, 0.990065336227417, 0.1399654746055603, 0.013433474116027355, -0.1287488043308258, 0.940812885761261, -0.3135201334953308, -0.056520335376262665, 0.3086758553981781, 0.9494865536689758),
            ["RightLowerLeg"] = CFrame.new(1.6763806343078613e-08, -0.00012230873107910156, -0.0000774657164583914, 1, -8.940693874137651e-08, -1.210719791089332e-08, 1.0320218279957771e-07, 0.810234010219574, 0.5861064791679382, -2.7939677238464355e-09, -0.5861064195632935, 0.8102341294288635),
            ["RightFoot"] = CFrame.new(-5.8673322200775146e-08, 3.5762786865234375e-07, 4.0810846257954836e-08, 0.9983314871788025, 0.05595347657799721, 0.014263219200074673, -0.04706696420907974, 0.9316327571868896, -0.3603396415710449, -0.033450376242399216, 0.35906779766082764, 0.932712197303772),
            ["LeftLowerLeg"] = CFrame.new(-7.450580596923828e-09, 0.0001221299171447754, 0.00007739290595054626, 1, 1.1548398504146462e-07, 5.0291408371094803e-08, -6.146728992462158e-08, 0.34654244780540466, 0.9380344748497009, 3.91155481338501e-08, -0.9380343556404114, 0.3465421199798584),
        }},
        {Time = 0.040, Data = {
            ["LeftFoot"] = CFrame.new(4.6566128730773926e-09, 5.960464477539063e-08, 2.2351741790771484e-08, 0.9986539483070374, -0.05026160180568695, -0.012812651693820953, 0.050523772835731506, 0.9985014200210571, 0.021029628813266754, 0.011736461892724037, -0.021648598834872246, 0.9996967911720276),
            ["LeftLowerArm"] = CFrame.new(5.960464477539063e-08, -1.1920928955078125e-07, 1.1920928955078125e-07, 1, -3.166496753692627e-08, 5.587934559514451e-09, 4.842878098543224e-08, 0.9311112761497498, -0.36473530530929565, 3.725290742551124e-09, 0.36473533511161804, 0.931111216545105),
            ["LowerTorso"] = CFrame.new(0.03943735733628273, -0.1869121789932251, -0.5019006729125977, 0.9712547659873962, -0.1053166389465332, -0.21347732841968536, 0.07736986875534058, 0.9877791404724121, -0.1353011131286621, 0.22511786222457886, 0.11489513516426086, 0.9675335884094238),
            ["Head"] = CFrame.new(1.1175870895385742e-08, -4.76837158203125e-07, 1.7229467630386353e-08, 0.9947623610496521, -0.08367142081260681, 0.05871155112981796, 0.08273184299468994, 0.9964045882225037, 0.01825989969074726, -0.06002827733755112, -0.013306950218975544, 0.9981079697608948),
            ["RightUpperArm"] = CFrame.new(-5.960464477539063e-08, -3.5762786865234375e-07, 4.470348358154297e-08, 0.9442151188850403, -0.1944669485092163, 0.26578259468078613, 0.13164721429347992, 0.9626348614692688, 0.23664966225624084, -0.3018721342086792, -0.188458651304245, 0.9345354437828064),
            ["UpperTorso"] = CFrame.new(7.404014468193054e-08, 2.086162567138672e-07, -1.4028046280145645e-08, 0.993751585483551, 0.08641330152750015, 0.07064377516508102, -0.09965409338474274, 0.9719810485839844, 0.21288956701755524, -0.05026792362332344, -0.21859927475452423, 0.9745191931724548),
            ["HumanoidRootPart"] = CFrame.new(0, 0, 0, 1, 0, 0, 0, 1, 0, 0, 0, 1),
            ["RightHand"] = CFrame.new(1.0058283805847168e-07, 2.384185791015625e-07, 7.450580596923828e-09, 0.9893032908439636, 0.08244223892688751, -0.12034217268228531, -0.07496895641088486, 0.9950411319732666, 0.06536690145730972, 0.12513437867164612, -0.055645763874053955, 0.9905781149864197),
            ["LeftUpperArm"] = CFrame.new(1.1920928955078125e-07, -1.1920928955078125e-07, 7.450580596923828e-08, 0.8315742015838623, 0.20649592578411102, -0.5156005024909973, -0.15426485240459442, 0.9776632785797119, 0.14274774491786957, 0.5335604548454285, -0.03916632756590843, 0.8448545932769775),
            ["RightLowerArm"] = CFrame.new(1.1920928955078125e-07, 2.384185791015625e-07, -1.341104507446289e-07, 1, -3.725290298461914e-08, 7.450580596923828e-09, 4.0978193283081055e-08, 0.9347430467605591, -0.3553246259689331, -1.862645149230957e-09, 0.3553245961666107, 0.9347430467605591),
            ["LeftHand"] = CFrame.new(-2.9802322387695312e-08, 5.364418029785156e-07, 1.043081283569336e-07, 0.9937672019004822, 0.07216960936784744, 0.08496101945638657, -0.10298018902540207, 0.8861619234085083, 0.4517880082130432, -0.04268382489681244, -0.4577213525772095, 0.8880705833435059),
            ["RightUpperLeg"] = CFrame.new(0, -2.942979335784912e-07, -3.894820110872388e-08, 0.9848347902297974, 0.13004349172115326, 0.11484399437904358, -0.1066712811589241, 0.9759096503257751, -0.19031976163387299, -0.13682718575000763, 0.17518293857574463, 0.9749817848205566),
            ["LeftUpperLeg"] = CFrame.new(5.960464477539063e-08, -3.0547380447387695e-07, -8.940696716308594e-08, 0.9902858734130859, 0.1374160647392273, 0.02123059518635273, -0.120870441198349, 0.9262192249298096, -0.3570830821990967, -0.06873314082622528, 0.35104820132255554, 0.9338313937187195),
            ["RightLowerLeg"] = CFrame.new(2.3283064365386963e-08, -0.00012260675430297852, -0.00007745826587779447, 1, -1.2200325727462769e-07, -2.002343357787595e-08, 9.220094909778709e-08, 0.7419825792312622, 0.6704187989234924, -4.0745366192140864e-08, -0.6704192161560059, 0.7419829964637756),
            ["RightFoot"] = CFrame.new(6.984919309616089e-10, 3.5762786865234375e-07, 5.012407200410962e-08, 0.9977531433105469, 0.06492124497890472, 0.01654914580285549, -0.05275028198957443, 0.9135212898254395, -0.4033564329147339, -0.04130443185567856, 0.4015771150588989, 0.9148933291435242),
            ["LeftLowerLeg"] = CFrame.new(-1.4901161193847656e-08, 0.0001227259635925293, 0.00007730349898338318, 1, 6.705522537231445e-08, 4.8428766774577525e-08, -8.195638656616211e-08, 0.2850683331489563, 0.958507239818573, 6.332993507385254e-08, -0.958507239818573, 0.2850683927536011),
        }},
        {Time = 0.080, Data = {
            ["LeftFoot"] = CFrame.new(6.51925802230835e-08, 5.960464477539063e-08, 7.450580596923828e-09, 0.9992604851722717, -0.037259820848703384, -0.009498288854956627, 0.03750074654817581, 0.9989427924156189, 0.02659136988222599, 0.008497463539242744, -0.02692784182727337, 0.9996012449264526),
            ["LeftLowerArm"] = CFrame.new(0, 2.384185791015625e-07, 5.960464477539063e-08, 1, -4.866160452365875e-08, -3.7252898543727042e-09, 2.7939673685750677e-08, 0.9022531509399414, -0.4312068223953247, -1.1175869119028903e-08, 0.4312068521976471, 0.9022530913352966),
            ["LowerTorso"] = CFrame.new(0.026148218661546707, -0.21706831455230713, -0.4890708923339844, 0.9698975682258606, -0.10296118259429932, -0.2206755429506302, 0.07563172280788422, 0.9887666702270508, -0.1289202719926834, 0.23147039115428925, 0.10834939777851105, 0.9667894840240479),
            ["Head"] = CFrame.new(-1.862645149230957e-08, -2.384185791015625e-07, 6.51925802230835e-09, 0.9949733018875122, -0.0851692408323288, 0.05267364904284477, 0.08579059690237045, 0.9962665438652039, -0.00964618194848299, -0.05165543779730797, 0.014116592705249786, 0.9985651969909668),
            ["RightUpperArm"] = CFrame.new(1.1920928955078125e-07, -2.384185791015625e-07, -4.470348358154297e-08, 0.944578230381012, -0.2258061021566391, 0.23829321563243866, 0.17055772244930267, 0.9577674269676208, 0.23149871826171875, -0.28050321340560913, -0.17802593111991882, 0.9431992173194885),
            ["UpperTorso"] = CFrame.new(-5.681067705154419e-08, -1.7881393432617188e-07, 4.0745362639427185e-08, 0.9930272102355957, 0.08458209782838821, 0.08211448788642883, -0.10067912191152573, 0.9708529114723206, 0.21750536561012268, -0.061324022710323334, -0.22425594925880432, 0.9725989699363708),
            ["HumanoidRootPart"] = CFrame.new(0, 0, 0, 1, 0, 0, 0, 1, 0, 0, 0, 1),
            ["RightHand"] = CFrame.new(-3.3527612686157227e-08, -4.172325134277344e-07, -5.960464477539063e-08, 0.9958470463752747, -0.008555987849831581, -0.0906389132142067, 0.011672223918139935, 0.9993569254875183, 0.03390652686357498, 0.09029049426317215, -0.03482368588447571, 0.9953064322471619),
            ["LeftUpperArm"] = CFrame.new(5.960464477539063e-08, -3.5762786865234375e-07, -2.9802322387695312e-08, 0.8362491130828857, 0.26965266466140747, -0.4774673879146576, -0.24062204360961914, 0.9628757238388062, 0.1223580464720726, 0.492735892534256, 0.012567362748086452, 0.8700882196426392),
            ["RightLowerArm"] = CFrame.new(5.960464477539063e-08, -4.172325134277344e-07, -7.450580596923828e-08, 1, -2.0489098417897367e-08, 9.313226634333205e-09, 2.980232594040899e-08, 0.9023674726486206, -0.4309675097465515, 1.1175872671742582e-08, 0.4309675097465515, 0.9023674726486206),
            ["LeftHand"] = CFrame.new(1.4901161193847656e-07, 5.960464477539063e-08, -1.4901161193847656e-07, 0.9817271828651428, 0.17756326496601105, 0.06843395531177521, -0.18916131556034088, 0.8714087605476379, 0.45261991024017334, 0.020734773948788643, -0.4572942554950714, 0.8890737891197205),
            ["RightUpperLeg"] = CFrame.new(-2.9802322387695312e-08, -2.384185791015625e-07, 2.8107024263590574e-08, 0.9852739572525024, 0.12852492928504944, 0.11276757717132568, -0.09632480889558792, 0.9621388912200928, -0.25497132539749146, -0.14126820862293243, 0.24035415053367615, 0.960350513458252),
            ["LeftUpperLeg"] = CFrame.new(-5.960464477539063e-08, -1.2665987014770508e-07, -1.4901161193847656e-08, 0.989913821220398, 0.1379760205745697, 0.03214544430375099, -0.11308000236749649, 0.9062154293060303, -0.4074147045612335, -0.08534412086009979, 0.39967042207717896, 0.9126774668693542),
            ["RightLowerLeg"] = CFrame.new(-3.771856427192688e-08, -0.0001221299171447754, -0.00007727200136287138, 1, -1.1478552153221244e-07, -2.712477353838949e-08, 1.1571684410682792e-07, 0.6745896339416504, 0.7381925582885742, -3.5332053727188395e-08, -0.7381929755210876, 0.674589991569519),
            ["RightFoot"] = CFrame.new(4.190951585769653e-09, 2.980232238769531e-07, 4.267349140718579e-08, 0.9970437288284302, 0.07445555925369263, 0.018979616463184357, -0.0586957186460495, 0.8974483609199524, -0.4371969401836395, -0.04958505928516388, 0.4347906708717346, 0.8991655111312866),
            ["LeftLowerLeg"] = CFrame.new(1.210719347000122e-07, 0.0001227259635925293, 0.00007743388414382935, 1, 8.754432911928234e-08, 5.587936158235607e-08, -8.940698137394065e-08, 0.2237480729818344, 0.974647045135498, 6.612390990312633e-08, -0.974647045135498, 0.22374802827835083),
        }},
        {Time = 0.120, Data = {
            ["LeftFoot"] = CFrame.new(-3.5390257835388184e-08, 5.960464477539063e-08, 2.9802322387695312e-08, 0.9992886781692505, -0.03654327616095543, -0.009315619245171547, 0.03706246241927147, 0.9972917437553406, 0.06352706253528595, 0.006968841888010502, -0.06382714211940765, 0.9979367256164551),
            ["LeftLowerArm"] = CFrame.new(1.7881393432617188e-07, 2.980232238769531e-07, 2.384185791015625e-07, 1, -7.078052277620372e-08, 2.2351741790771484e-08, 5.8789730417174724e-08, 0.8664539456367493, -0.4992571473121643, -3.7252898543727042e-09, 0.4992572069168091, 0.8664538860321045),
            ["LowerTorso"] = CFrame.new(0.028779083862900734, -0.2008305788040161, -0.47774264216423035, 0.9691830277442932, -0.1013975590467453, -0.22450579702854156, 0.07526346296072006, 0.9896637797355652, -0.12206997722387314, 0.23456284403800964, 0.10141107439994812, 0.9667968153953552),
            ["Head"] = CFrame.new(-3.725290298461914e-09, -1.1920928955078125e-07, -2.1420419216156006e-08, 0.9960220456123352, -0.07908594608306885, 0.04105515033006668, 0.08031656593084335, 0.9963403940200806, -0.029242465272545815, -0.03859223425388336, 0.032423555850982666, 0.99872887134552),
            ["RightUpperArm"] = CFrame.new(1.1920928955078125e-07, -3.5762786865234375e-07, 2.9802322387695312e-08, 0.9439943432807922, -0.2571309208869934, 0.2067810595035553, 0.20874568819999695, 0.9507203102111816, 0.22925134003162384, -0.2555385231971741, -0.173247292637825, 0.9511495232582092),
            ["UpperTorso"] = CFrame.new(-9.313225746154785e-10, 2.9802322387695312e-08, -2.2351741790771484e-08, 0.9917176961898804, 0.08339755237102509, 0.09767802059650421, -0.10318069905042648, 0.9702030420303345, 0.21922560036182404, -0.07648463547229767, -0.22748836874961853, 0.9707724452018738),
            ["HumanoidRootPart"] = CFrame.new(0, 0, 0, 1, 0, 0, 0, 1, 0, 0, 0, 1),
            ["RightHand"] = CFrame.new(-1.7508864402770996e-07, 2.384185791015625e-07, -3.2782554626464844e-07, 0.9954883456230164, -0.07219834625720978, -0.06156665459275246, 0.07158666104078293, 0.9973611831665039, -0.012087223120033741, 0.062276870012283325, 0.007625322788953781, 0.9980298280715942),
            ["LeftUpperArm"] = CFrame.new(5.960464477539063e-08, -2.384185791015625e-07, 5.960464477539063e-08, 0.865136981010437, 0.31414690613746643, -0.3909602761268616, -0.30931544303894043, 0.947826087474823, 0.07713436335325241, 0.3947937488555908, 0.0541982464492321, 0.9171698689460754),
            ["RightLowerArm"] = CFrame.new(4.172325134277344e-07, 0, 2.2351741790771484e-08, 1, -3.3527612686157227e-08, 1.6763802790364934e-08, 6.33299421792799e-08, 0.8666121959686279, -0.49898234009742737, 0, 0.4989824593067169, 0.8666121959686279),
            ["LeftHand"] = CFrame.new(1.1920928955078125e-07, 3.5762786865234375e-07, 2.384185791015625e-07, 0.9810452461242676, 0.18169495463371277, 0.06735929101705551, -0.19285722076892853, 0.8816248178482056, 0.4307481050491333, 0.018879147246479988, -0.435573935508728, 0.8999549150466919),
            ["RightUpperLeg"] = CFrame.new(0, -2.3096799850463867e-07, 1.3205863069742918e-08, 0.9847646951675415, 0.12896715104579926, 0.11664451658725739, -0.0970303937792778, 0.9641798734664917, -0.2468651384115219, -0.1443037986755371, 0.2317858189344406, 0.9620040059089661),
            ["LeftUpperLeg"] = CFrame.new(0, -1.9744038581848145e-07, -7.450580596923828e-09, 0.9895941615104675, 0.1399259716272354, 0.03352668881416321, -0.11390433460474014, 0.9041951894760132, -0.411651611328125, -0.08791537582874298, 0.4035491347312927, 0.9107244610786438),
            ["RightLowerLeg"] = CFrame.new(2.0023435354232788e-08, -0.00012230873107910156, -0.00007735395774943754, 1, -1.187436140526188e-07, -2.887101047122087e-08, 1.098960922263359e-07, 0.7066962718963623, 0.7075172662734985, -4.4470663596030136e-08, -0.7075172066688538, 0.706696093082428),
            ["RightFoot"] = CFrame.new(8.149072527885437e-10, 2.980232238769531e-07, -4.300818545743823e-08, 0.9971559643745422, 0.07303157448768616, 0.018616626039147377, -0.05892009288072586, 0.9094230532646179, -0.41167667508125305, -0.04699581861495972, 0.40940946340560913, 0.9111399054527283),
            ["LeftLowerLeg"] = CFrame.new(7.078051567077637e-08, 0.00012248754501342773, 0.00007745251059532166, 1, 8.381903171539307e-08, 5.587935447692871e-08, -7.823112468940963e-08, 0.2501256763935089, 0.9682134389877319, 6.426127896475009e-08, -0.9682134389877319, 0.2501254677772522),
        }},
        {Time = 0.160, Data = {
            ["LeftFoot"] = CFrame.new(2.7008354663848877e-08, -1.1920928955078125e-07, 4.0978193283081055e-08, 0.9994645714759827, -0.03170659393072128, -0.008082653395831585, 0.032373979687690735, 0.9940913319587708, 0.10360707342624664, 0.0047498587518930435, -0.10381345450878143, 0.9945854544639587),
            ["LeftLowerArm"] = CFrame.new(3.2782554626464844e-07, -5.960464477539063e-08, 5.960464477539063e-08, 1, -6.705523247774181e-08, -1.4901162970204496e-08, 2.980232949312267e-08, 0.8334460258483887, -0.5526010394096375, 3.725291186640334e-09, 0.5526010394096375, 0.8334459662437439),
            ["LowerTorso"] = CFrame.new(0.03508817031979561, -0.17067480087280273, -0.46879613399505615, 0.9688807725906372, -0.10012936592102051, -0.2263721376657486, 0.07546164840459824, 0.9904797673225403, -0.11513243615627289, 0.23574517667293549, 0.09446718543767929, 0.9672125577926636),
            ["Head"] = CFrame.new(-1.4901161193847656e-08, 0, 4.470348358154297e-08, 0.9969775080680847, -0.07148166745901108, 0.03043436072766781, 0.07264634221792221, 0.9965927600860596, -0.03905611112713814, -0.02753886952996254, 0.04114900901913643, 0.998773455619812),
            ["RightUpperArm"] = CFrame.new(0, -2.384185791015625e-07, -1.4901161193847656e-08, 0.9445110559463501, -0.2821601629257202, 0.16818057000637054, 0.24184860289096832, 0.9438138008117676, 0.22522187232971191, -0.22227977216243744, -0.17205029726028442, 0.9596824645996094),
            ["UpperTorso"] = CFrame.new(-8.521601557731628e-08, 2.086162567138672e-07, 2.7706846594810486e-08, 0.9902003407478333, 0.08175183087587357, 0.11322502046823502, -0.10502491146326065, 0.9703041911125183, 0.21789850294589996, -0.09204907715320587, -0.2276545912027359, 0.9693815112113953),
            ["HumanoidRootPart"] = CFrame.new(0, 0, 0, 1, 0, 0, 0, 1, 0, 0, 0, 1),
            ["RightHand"] = CFrame.new(-1.4528632164001465e-07, 6.556510925292969e-07, -1.1920928955078125e-07, 0.9925378561019897, -0.10595740377902985, -0.06034689396619797, 0.10205217450857162, 0.99268639087677, -0.06449199467897415, 0.06673891842365265, 0.05785221979022026, 0.9960919618606567),
            ["LeftUpperArm"] = CFrame.new(5.960464477539063e-08, 0, 9.685754776000977e-08, 0.8829095959663391, 0.3443671762943268, -0.31918951869010925, -0.3569291830062866, 0.9339113235473633, 0.020276974886655807, 0.3050774037837982, 0.09602530300617218, 0.9474740624427795),
            ["RightLowerArm"] = CFrame.new(1.7881393432617188e-07, 2.384185791015625e-07, 5.960464477539063e-08, 1, -6.14673041354763e-08, 7.450580596923828e-09, 4.0978196835794733e-08, 0.8341793417930603, -0.5514932870864868, 7.450581485102248e-09, 0.5514932870864868, 0.8341793417930603),
            ["LeftHand"] = CFrame.new(-4.172325134277344e-07, 0, 1.1920928955078125e-07, 0.9863308668136597, 0.11556719988584518, 0.11745519936084747, -0.1543601006269455, 0.8974591493606567, 0.4132072925567627, -0.05765802413225174, -0.4256893992424011, 0.9030304551124573),
            ["RightUpperLeg"] = CFrame.new(0, -4.842877388000488e-08, -4.639878170564771e-08, 0.9840914011001587, 0.12860606610774994, 0.12257511913776398, -0.10062116384506226, 0.9720634818077087, -0.21205686032772064, -0.1464225947856903, 0.19634965062141418, 0.9695397019386292),
            ["LeftUpperLeg"] = CFrame.new(-5.960464477539063e-08, -1.4901161193847656e-08, -1.043081283569336e-07, 0.9890751838684082, 0.14256194233894348, 0.037502773106098175, -0.11593305319547653, 0.9094031453132629, -0.3994314968585968, -0.09104885905981064, 0.3907198905944824, 0.9159956574440002),
            ["RightLowerLeg"] = CFrame.new(6.51925802230835e-08, -0.00012248754501342773, -0.00007744336471660063, 1, -9.406356582530861e-08, -3.329478204250336e-08, 9.12696123123169e-08, 0.769334614276886, 0.6388457417488098, -1.7462298274040222e-08, -0.6388460397720337, 0.7693349123001099),
            ["RightFoot"] = CFrame.new(2.7241185307502747e-08, 2.980232238769531e-07, 1.6596459317952394e-08, 0.9975023865699768, 0.06844434887170792, 0.017447305843234062, -0.057371046394109726, 0.9291942119598389, -0.36511167883872986, -0.04120176285505295, 0.36319899559020996, 0.9308003187179565),
            ["LeftLowerLeg"] = CFrame.new(5.21540641784668e-08, 0.00012248754501342773, 0.00007756054401397705, 1, 8.940696716308594e-08, 3.5390254282674505e-08, -9.313227167240257e-08, 0.30411848425865173, 0.9526342749595642, 3.9115551686563776e-08, -0.9526342749595642, 0.3041183650493622),
        }},
        {Time = 0.200, Data = {
            ["LeftFoot"] = CFrame.new(-8.754432201385498e-08, 5.960464477539063e-08, 0, 0.9993481636047363, -0.034982264041900635, -0.008917668834328651, 0.035836007446050644, 0.9911443591117859, 0.12786175310611725, 0.004365833010524511, -0.1280980259180069, 0.9917519092559814),
            ["LeftLowerArm"] = CFrame.new(-2.384185791015625e-07, -1.1920928955078125e-07, -8.940696716308594e-08, 1, -3.352760202801619e-08, 4.470347292340193e-08, 3.7252894102834944e-09, 0.8141504526138306, -0.5806540250778198, 3.352760558072987e-08, 0.5806540250778198, 0.8141505122184753),
            ["LowerTorso"] = CFrame.new(0.04270021989941597, -0.15443706512451172, -0.46135497093200684, 0.9683409333229065, -0.09802208840847015, -0.22958159446716309, 0.07478726655244827, 0.9913528561592102, -0.10782618820667267, 0.2381657361984253, 0.0872427225112915, 0.9672982096672058),
            ["Head"] = CFrame.new(-5.587935447692871e-08, -1.1920928955078125e-07, -1.5832483768463135e-08, 0.9973764419555664, -0.06805937737226486, 0.02466396614909172, 0.0691041648387909, 0.9966242909431458, -0.04432504251599312, -0.02156396210193634, 0.04591313749551773, 0.9987127184867859),
            ["RightUpperArm"] = CFrame.new(-2.384185791015625e-07, 0, -4.470348358154297e-08, 0.9497543573379517, -0.29297932982444763, 0.11013554036617279, 0.26420140266418457, 0.9390888810157776, 0.2197946012020111, -0.16782228648662567, -0.17965292930603027, 0.969309389591217),
            ["UpperTorso"] = CFrame.new(-3.4458935260772705e-08, -2.384185791015625e-07, 5.145557224750519e-08, 0.9889947175979614, 0.0795450359582901, 0.1247478798031807, -0.10517676919698715, 0.971005380153656, 0.21467775106430054, -0.10405430197715759, -0.22543571889400482, 0.9686854481697083),
            ["HumanoidRootPart"] = CFrame.new(0, 0, 0, 1, 0, 0, 0, 1, 0, 0, 0, 1),
            ["RightHand"] = CFrame.new(2.7567148208618164e-07, 0, 8.940696716308594e-08, 0.9874069690704346, -0.137812539935112, -0.07768627256155014, 0.12974724173545837, 0.9864151477813721, -0.10075201839208603, 0.09051579982042313, 0.08940361440181732, 0.9918739199638367),
            ["LeftUpperArm"] = CFrame.new(1.1920928955078125e-07, -4.76837158203125e-07, -2.9802322387695312e-08, 0.8848139047622681, 0.36406102776527405, -0.2907991409301758, -0.3893725275993347, 0.9205131530761719, -0.03232218697667122, 0.25591713190078735, 0.1418282687664032, 0.9562380909919739),
            ["RightLowerArm"] = CFrame.new(-1.7881393432617188e-07, 5.960464477539063e-08, -2.8172507882118225e-08, 1, -4.4703494239684005e-08, 7.450581485102248e-09, 3.539026494081554e-08, 0.8020555973052979, -0.5972495079040527, 1.9092118108687828e-08, 0.597249448299408, 0.8020555973052979),
            ["LeftHand"] = CFrame.new(4.172325134277344e-07, 1.7881393432617188e-07, -1.7881393432617188e-07, 0.9863060116767883, 0.06031573563814163, 0.1535012423992157, -0.11950255930423737, 0.902807354927063, 0.41310787200927734, -0.1136651486158371, -0.42579448223114014, 0.8976520895957947),
            ["RightUpperLeg"] = CFrame.new(-5.960464477539063e-08, -5.066394805908203e-07, 4.300818545743823e-08, 0.9832738041877747, 0.13016356527805328, 0.12739752233028412, -0.103594571352005, 0.9749947190284729, -0.196605384349823, -0.1498028039932251, 0.18011900782585144, 0.972170889377594),
            ["LeftUpperLeg"] = CFrame.new(-5.960464477539063e-08, -1.6391277313232422e-07, -4.470348358154297e-08, 0.9886557459831238, 0.145503968000412, 0.037261001765728, -0.11909172683954239, 0.910561740398407, -0.3958466351032257, -0.09152573347091675, 0.3869186043739319, 0.9175603985786438),
            ["RightLowerLeg"] = CFrame.new(-2.514570951461792e-08, -0.00012224912643432617, -0.00007745454058749601, 1, -9.126959099603482e-08, -2.37487345344789e-08, 8.288770203535023e-08, 0.8025156855583191, 0.5966312289237976, -2.7706843042096807e-08, -0.5966311097145081, 0.8025156259536743),
            ["RightFoot"] = CFrame.new(-3.259629011154175e-09, 2.980232238769531e-07, 2.032174961641431e-08, 0.9977647066116333, 0.06475555896759033, 0.016506973654031754, -0.05544423311948776, 0.9400636553764343, -0.33646103739738464, -0.037305302917957306, 0.33479422330856323, 0.9415526986122131),
            ["LeftLowerLeg"] = CFrame.new(6.705522537231445e-08, 0.0001227855682373047, 0.00007739663124084473, 1, 7.82310962677002e-08, 5.960464477539063e-08, -8.195639367158947e-08, 0.33429980278015137, 0.9424669146537781, 6.891787762697277e-08, -0.9424667954444885, 0.33429956436157227),
        }},
        {Time = 0.240, Data = {
            ["LeftFoot"] = CFrame.new(-4.284083843231201e-08, 0, 1.6763806343078613e-08, 0.9990018010139465, -0.04328623041510582, -0.011034449562430382, 0.04438227042555809, 0.9898110032081604, 0.13529448211193085, 0.005065705627202988, -0.13564912974834442, 0.9907440543174744),
            ["LeftLowerArm"] = CFrame.new(-3.5762786865234375e-07, 1.7881393432617188e-07, -7.450580596923828e-09, 1, -6.332994928470725e-08, 2.9802318834981634e-08, 2.2351741790771484e-08, 0.8017845153808594, -0.5976133942604065, 5.960464477539063e-08, 0.5976133346557617, 0.8017844557762146),
            ["LowerTorso"] = CFrame.new(0.04951096698641777, -0.16047453880310059, -0.4548773765563965, 0.9668049812316895, -0.09407538175582886, -0.23756682872772217, 0.0720064714550972, 0.9923844933509827, -0.09994123131036758, 0.24515962600708008, 0.07951733469963074, 0.9662162065505981),
            ["Head"] = CFrame.new(-1.4901161193847656e-08, 2.384185791015625e-07, 3.073364496231079e-08, 0.9970301985740662, -0.07254976034164429, 0.025833923369646072, 0.07383432984352112, 0.995870053768158, -0.052834682166576385, -0.021894095465540886, 0.05458517372608185, 0.9982690811157227),
            ["RightUpperArm"] = CFrame.new(0, 4.76837158203125e-07, -2.9802322387695312e-08, 0.955491304397583, -0.2920129597187042, 0.042010411620140076, 0.2764984965324402, 0.9360406398773193, 0.21766184270381927, -0.10288354009389877, -0.19635818898677826, 0.9751197695732117),
            ["UpperTorso"] = CFrame.new(0, 5.066394805908203e-07, -1.2828968465328217e-07, 0.9881119728088379, 0.07813369482755661, 0.13240095973014832, -0.10511982440948486, 0.9718137979507446, 0.21101607382297516, -0.1121816486120224, -0.2224254161119461, 0.9684742093086243),
            ["HumanoidRootPart"] = CFrame.new(0, 0, 0, 1, 0, 0, 0, 1, 0, 0, 0, 1),
            ["RightHand"] = CFrame.new(-1.5925616025924683e-07, 5.960464477539063e-08, 2.682209014892578e-07, 0.9795936346054077, -0.17680034041404724, -0.09559343010187149, 0.16373483836650848, 0.9778202772140503, -0.13060836493968964, 0.1165647804737091, 0.11229117214679718, 0.9868147969245911),
            ["LeftUpperArm"] = CFrame.new(0, 2.384185791015625e-07, 2.2351741790771484e-08, 0.8781266808509827, 0.3781817853450775, -0.2930394113063812, -0.41381576657295227, 0.9077788591384888, -0.06851396709680557, 0.24010419845581055, 0.18142826855182648, 0.9536424279212952),
            ["RightLowerArm"] = CFrame.new(1.7881393432617188e-07, 0, -1.7136335372924805e-07, 1, -7.310882921274242e-08, 1.5832483768463135e-08, 6.565824861581859e-08, 0.7693323493003845, -0.6388488411903381, 1.6763808119435453e-08, 0.6388488411903381, 0.7693323493003845),
            ["LeftHand"] = CFrame.new(5.364418029785156e-07, -1.1920928955078125e-07, 1.1920928955078125e-07, 0.9866147637367249, 0.05301386117935181, 0.1542104035615921, -0.11315162479877472, 0.9035306572914124, 0.41331493854522705, -0.11742241680622101, -0.4252316951751709, 0.8974352478981018),
            ["RightUpperLeg"] = CFrame.new(1.7881393432617188e-07, 2.7194619178771973e-07, -7.620110409334302e-08, 0.9816648364067078, 0.13663066923618317, 0.13291430473327637, -0.10441723465919495, 0.9688151478767395, -0.22470973432064056, -0.15947173535823822, 0.20671091973781586, 0.9653183221817017),
            ["LeftUpperLeg"] = CFrame.new(-1.1920928955078125e-07, 3.129243850708008e-07, -5.960464477539063e-08, 0.9884465336799622, 0.14770613610744476, 0.03400681912899017, -0.12095946073532104, 0.9039128422737122, -0.41025659441947937, -0.0913366824388504, 0.40140312910079956, 0.9113358855247498),
            ["RightLowerLeg"] = CFrame.new(2.7939677238464355e-08, -0.0001221299171447754, -0.00007746944174868986, 1, -6.146728992462158e-08, -8.89413058757782e-08, 1.0337680578231812e-07, 0.7853391766548157, 0.6190654039382935, -4.470348358154297e-08, -0.6190658211708069, 0.7853394150733948),
            ["RightFoot"] = CFrame.new(-3.3760443329811096e-08, 4.76837158203125e-07, 5.012407200410962e-08, 0.9979994893074036, 0.0612637996673584, 0.015617002733051777, -0.05218883976340294, 0.9377172589302063, -0.34345683455467224, -0.03568567708134651, 0.3419550359249115, 0.9390386343002319),
            ["LeftLowerLeg"] = CFrame.new(7.450580596923828e-09, 0.0001226663589477539, 0.00007747858762741089, 1, 1.2852250108608132e-07, 2.9802318834981634e-08, -8.195637946073475e-08, 0.32534176111221313, 0.9455965161323547, 2.0489094865183688e-08, -0.9455965161323547, 0.3253417909145355),
        }},
        {Time = 0.280, Data = {
            ["LeftFoot"] = CFrame.new(4.0978193283081055e-08, -5.960464477539063e-08, 2.9802322387695312e-08, 0.9982481598854065, -0.057333946228027344, -0.014615416526794434, 0.05882866680622101, 0.9881707429885864, 0.1416258066892624, 0.006322670727968216, -0.14223740994930267, 0.9898123741149902),
            ["LeftLowerArm"] = CFrame.new(-8.940696716308594e-08, -1.1920928955078125e-07, -3.427267074584961e-07, 1, -7.823110337312755e-08, -2.9802322387695312e-08, 2.6077039194660756e-08, 0.7925572991371155, -0.6097977161407471, 4.097820394122209e-08, 0.6097975969314575, 0.7925571203231812),
            ["LowerTorso"] = CFrame.new(0.05450011417269707, -0.17294812202453613, -0.4501606523990631, 0.9631102085113525, -0.08796592056751251, -0.2543240487575531, 0.06657296419143677, 0.9935727119445801, -0.09155025333166122, 0.260742723941803, 0.07124187797307968, 0.9627761244773865),
            ["Head"] = CFrame.new(-7.450580596923828e-09, 3.5762786865234375e-07, 4.842877388000488e-08, 0.9959344863891602, -0.08191892504692078, 0.03746688738465309, 0.08410902321338654, 0.9945762753486633, -0.06118657812476158, -0.03225133940577507, 0.06408915668725967, 0.997422993183136),
            ["RightUpperArm"] = CFrame.new(1.1920928955078125e-07, 0, 1.4901161193847656e-08, 0.959208607673645, -0.2824274003505707, -0.012402057647705078, 0.278258353471756, 0.9354848861694336, 0.21780838072299957, -0.049913085997104645, -0.21237467229366302, 0.9759128093719482),
            ["UpperTorso"] = CFrame.new(-5.587935447692871e-08, 2.682209014892578e-07, -2.9336661100387573e-08, 0.9879564046859741, 0.07606887817382812, 0.13474304974079132, -0.10300850868225098, 0.9731383919715881, 0.20589064061641693, -0.1154618039727211, -0.21729062497615814, 0.9692540168762207),
            ["HumanoidRootPart"] = CFrame.new(0, 0, 0, 1, 0, 0, 0, 1, 0, 0, 0, 1),
            ["RightHand"] = CFrame.new(-2.5331974029541016e-07, 0, 7.450580596923828e-08, 0.9707008600234985, -0.19785930216312408, -0.13635055720806122, 0.17513321340084076, 0.9710706472396851, -0.162327378988266, 0.16452395915985107, 0.13369180262088776, 0.9772709012031555),
            ["LeftUpperArm"] = CFrame.new(0, 4.76837158203125e-07, -5.960464477539063e-08, 0.8691239356994629, 0.390232652425766, -0.30387869477272034, -0.4329046308994293, 0.8973469138145447, -0.08580279350280762, 0.2392015904188156, 0.2061237394809723, 0.9488391280174255),
            ["RightLowerArm"] = CFrame.new(4.172325134277344e-07, 6.556510925292969e-07, -7.450580596923828e-08, 1, -8.009374852235851e-08, 2.9802315282267955e-08, 7.078052277620372e-08, 0.7507694959640503, -0.6605643630027771, 2.2351745343485163e-08, 0.6605643630027771, 0.7507693767547607),
            ["LeftHand"] = CFrame.new(2.980232238769531e-07, -2.384185791015625e-07, 1.7881393432617188e-07, 0.987806499004364, 0.06134508550167084, 0.14309172332286835, -0.11613333225250244, 0.9024680852890015, 0.4148067533969879, -0.10368946194648743, -0.4263663589954376, 0.8985879421234131),
            ["RightUpperLeg"] = CFrame.new(-2.9802322387695312e-08, -1.564621925354004e-07, -4.639878170564771e-08, 0.9786801338195801, 0.14477337896823883, 0.1456911265850067, -0.10188336670398712, 0.9581084251403809, -0.2676717936992645, -0.17833976447582245, 0.2471213936805725, 0.9524316191673279),
            ["LeftUpperLeg"] = CFrame.new(-1.1920928955078125e-07, -2.123415470123291e-07, -4.470348358154297e-08, 0.9879493713378906, 0.15048202872276306, 0.03621318191289902, -0.12084923684597015, 0.8961528539657593, -0.42697280645370483, -0.09670431911945343, 0.4174511134624481, 0.9035391211509705),
            ["RightLowerLeg"] = CFrame.new(5.587935447692871e-08, -0.00012218952178955078, -0.00007744336471660063, 1, -1.0058282384761696e-07, -3.119930624961853e-08, 1.0663643479347229e-07, 0.7514461278915405, 0.6597941517829895, -2.514570951461792e-08, -0.6597944498062134, 0.7514464855194092),
            ["RightFoot"] = CFrame.new(3.632158041000366e-08, 4.76837158203125e-07, 1.6596459317952394e-08, 0.9982268214225769, 0.0576806515455246, 0.01470357459038496, -0.04854176938533783, 0.9317782521247864, -0.359767884016037, -0.03445202484726906, 0.35841646790504456, 0.9329259991645813),
            ["LeftLowerLeg"] = CFrame.new(1.1175870895385742e-08, 0.0001226663589477539, 0.00007753074169158936, 1, 9.685753354915505e-08, 3.352760558072987e-08, -8.940696716308594e-08, 0.30792832374572754, 0.9514095187187195, 1.1175870895385742e-08, -0.9514095783233643, 0.3079283535480499),
        }},
        {Time = 0.320, Data = {
            ["LeftFoot"] = CFrame.new(1.862645149230957e-09, 0, -2.60770320892334e-08, 0.9967165589332581, -0.07846073806285858, -0.020001132041215897, 0.08057234436273575, 0.9855383038520813, 0.14907248318195343, 0.008015419356524944, -0.15019437670707703, 0.9886239767074585),
            ["LeftLowerArm"] = CFrame.new(7.450580596923828e-07, -5.960464477539063e-08, 1.6391277313232422e-07, 1, -5.587935447692871e-08, 1.4901161193847656e-08, 5.960465188081798e-08, 0.7824653387069702, -0.6226942539215088, 1.862645326866641e-08, 0.622694194316864, 0.7824652791023254),
            ["LowerTorso"] = CFrame.new(0.05691835656762123, -0.18339967727661133, -0.4483368396759033, 0.9555624127388, -0.07946893572807312, -0.2838752865791321, 0.05817432329058647, 0.9948762655258179, -0.0826861709356308, 0.2889917492866516, 0.062497545033693314, 0.9552894234657288),
            ["Head"] = CFrame.new(-7.450580596923828e-08, -2.384185791015625e-07, -2.9802322387695312e-08, 0.9934453964233398, -0.09303511679172516, 0.06641343981027603, 0.09736232459545135, 0.9931113123893738, -0.06519650667905807, -0.05989036336541176, 0.07123535126447678, 0.9956598877906799),
            ["RightUpperArm"] = CFrame.new(2.384185791015625e-07, 1.1920928955078125e-07, 1.4901161193847656e-08, 0.9617534279823303, -0.27263569831848145, -0.026459116488695145, 0.2715936005115509, 0.9365839958190918, 0.22146645188331604, -0.03559847176074982, -0.22018221020698547, 0.9748089909553528),
            ["UpperTorso"] = CFrame.new(4.470348358154297e-08, 2.086162567138672e-07, 4.936009645462036e-08, 0.9890293478965759, 0.07090827077627182, 0.12958775460720062, -0.09606575965881348, 0.9751579761505127, 0.1995951533317566, -0.1122155413031578, -0.2098543643951416, 0.9712717533111572),
            ["HumanoidRootPart"] = CFrame.new(0, 0, 0, 1, 0, 0, 0, 1, 0, 0, 0, 1),
            ["RightHand"] = CFrame.new(-2.421438694000244e-07, 1.1920928955078125e-07, 0, 0.9648447036743164, -0.18402761220932007, -0.18763959407806396, 0.14893172681331635, 0.9710849523544312, -0.18658384680747986, 0.21655063331127167, 0.15207895636558533, 0.964353621006012),
            ["LeftUpperArm"] = CFrame.new(5.960464477539063e-08, 0, 1.4901161193847656e-08, 0.8701282739639282, 0.4011034369468689, -0.2863439917564392, -0.4405394196510315, 0.8934980034828186, -0.08710020035505295, 0.2209116667509079, 0.20193420350551605, 0.954159677028656),
            ["RightLowerArm"] = CFrame.new(1.7881393432617188e-07, 2.384185791015625e-07, 3.5762786865234375e-07, 1, -7.450581307466564e-08, 6.51925713412993e-09, 5.2154071283894154e-08, 0.7522829174995422, -0.6588402986526489, 3.725290653733282e-08, 0.6588402986526489, 0.7522827982902527),
            ["LeftHand"] = CFrame.new(4.172325134277344e-07, 0, 0, 0.982731819152832, 0.031254980713129044, 0.18237699568271637, -0.1042444258928299, 0.9078480005264282, 0.40613439679145813, -0.1528768241405487, -0.4181331396102905, 0.895429253578186),
            ["RightUpperLeg"] = CFrame.new(-5.960464477539063e-08, -1.955777406692505e-07, 1.1751399142667651e-07, 0.9733370542526245, 0.15324100852012634, 0.17068175971508026, -0.09434568136930466, 0.9457003474235535, -0.3110465109348297, -0.20907865464687347, 0.2866499423980713, 0.9349426627159119),
            ["LeftUpperLeg"] = CFrame.new(-1.1920928955078125e-07, -4.842877388000488e-08, 9.685754776000977e-08, 0.987672746181488, 0.15041053295135498, 0.04335140809416771, -0.11701871454715729, 0.8934137225151062, -0.4337262809276581, -0.10396759957075119, 0.42330673336982727, 0.9000011682510376),
