return {
    ["Woof Woof"] = {
        {Time = 0.000, Data = {
            ["RightFoot"] = CFrame.new(-6.705522537231445e-08, 2.980232238769531e-07, 1.20904587674886e-07, 0.9004300236701965, 0.4349992573261261, 0.0012935487320646644, -0.4182652533054352, 0.8666006326675415, -0.27213433384895325, -0.11949888616800308, 0.24449744820594788, 0.9622584581375122),
            ["LeftLowerArm"] = CFrame.new(8.940696716308594e-08, 5.960464477539063e-08, -1.7881393432617188e-07, 1, -1.3411040811206476e-07, 7.450579886381092e-08, 1.1175870895385742e-07, 0.000002071260723823798, -1, 1.1920928955078125e-07, 1, 0.0000019967553726019105),
            ["RightUpperArm"] = CFrame.new(0, -3.5762786865234375e-07, 0, 0.7422673106193542, -0.3099236488342285, 0.5941269397735596, 0.661489725112915, 0.19717936217784882, -0.7235684394836426, 0.1071012020111084, 0.9300901889801025, 0.3513714373111725),
            ["Head"] = CFrame.new(6.332993507385254e-08, -2.384185791015625e-07, 1.605367287993431e-07, 0.9835488200187683, 0.056112874299287796, -0.17170622944831848, -0.11079332232475281, 0.9381393194198608, -0.32805413007736206, 0.14267633855342865, 0.34168124198913574, 0.9289227724075317),
            ["RightHand"] = CFrame.new(1.7881393432617188e-07, 0, 1.0803341865539551e-07, 0.8770962357521057, -0.016952211037278175, 0.48001497983932495, -0.3872550129890442, 0.5662439465522766, 0.7275999784469604, -0.28414034843444824, -0.8240633606910706, 0.490085631608963),
            ["UpperTorso"] = CFrame.new(-2.421438694000244e-08, -5.364418029785156e-07, -1.30385160446167e-08, 0.9960978031158447, -0.046986524015665054, 0.0747099444270134, 0.015187518671154976, 0.9251325130462646, 0.37934044003486633, -0.08694043010473251, -0.3767254650592804, 0.9222360253334045),
            ["HumanoidRootPart"] = CFrame.new(0, 0, 0, 1, 0, 0, 0, 1, 0, 0, 0, 1),
            ["RightUpperLeg"] = CFrame.new(-1.1920928955078125e-07, -3.8929283618927e-07, -4.8261426854878664e-08, 0.8167068362236023, -0.5750365257263184, 0.04820111021399498, 0.3899693489074707, 0.48842838406562805, -0.7806164026260376, 0.4253397583961487, 0.6563313007354736, 0.623149037361145),
            ["LeftUpperArm"] = CFrame.new(1.7881393432617188e-07, -4.76837158203125e-07, -1.043081283569336e-07, 0.6139552593231201, 0.6405076384544373, -0.46131205558776855, -0.6721528172492981, 0.11781661957502365, -0.7309783697128296, -0.4138471782207489, 0.7588605284690857, 0.5028536915779114),
            ["RightLowerArm"] = CFrame.new(-1.1920928955078125e-07, -4.172325134277344e-07, -3.5762786865234375e-07, 1, 1.4901161193847656e-08, 1.639127589214695e-07, -4.470347647611561e-08, -0.17805872857570648, -0.9840198159217834, 8.940695295223122e-08, 0.984019935131073, -0.1780589371919632),
            ["LeftHand"] = CFrame.new(5.960464477539063e-08, -1.1920928955078125e-07, 1.4901161193847656e-07, 0.9555792212486267, 0.04310156777501106, -0.29156574606895447, 0.19334560632705688, 0.6549766063690186, 0.7304949164390564, 0.22245433926582336, -0.7544189691543579, 0.6175488233566284),
            ["LeftFoot"] = CFrame.new(-2.9802322387695312e-08, 5.960464477539063e-08, 2.2351741790771484e-08, 0.91385817527771, -0.3960852026939392, 0.08932874351739883, 0.40573808550834656, 0.8824282288551331, -0.23811236023902893, 0.015486307442188263, 0.2538447082042694, 0.967120885848999),
            ["LowerTorso"] = CFrame.new(0.22699134051799774, -0.5002139806747437, -0.197321355342865, 0.9833394289016724, -0.02642243355512619, 0.17984820902347565, 0.010434036143124104, 0.9959526658058167, 0.08927137404680252, -0.1814790815114975, -0.08590751886367798, 0.9796352982521057),
            ["RightLowerLeg"] = CFrame.new(-7.450580596923828e-08, -0.00012254714965820312, -0.00007742473826510832, 1, -9.685752644372769e-08, -1.3411047916633834e-07, 4.470347647611561e-08, 0.3294866681098938, 0.9441602230072021, -5.960463766996327e-08, -0.9441602826118469, 0.32948699593544006),
            ["LeftUpperLeg"] = CFrame.new(-5.960464477539063e-08, -6.128102540969849e-07, 1.6763806343078613e-08, 0.9067535996437073, 0.30519258975982666, -0.2909563183784485, -0.40503689646720886, 0.43857964873313904, -0.8022425770759583, -0.11723077297210693, 0.8452842831611633, 0.5212976932525635),
            ["LeftLowerLeg"] = CFrame.new(-1.341104507446289e-07, 0.00012254714965820312, 0.00007724016904830933, 1, 7.450579886381092e-08, 5.21540464148984e-08, -5.960465188081798e-08, 0.3445884585380554, 0.9387539029121399, 5.960465188081798e-08, -0.9387538433074951, 0.34458836913108826),
        }},
        {Time = 0.048, Data = {
            ["RightFoot"] = CFrame.new(9.685754776000977e-08, 2.980232238769531e-07, -5.75528247281909e-09, 0.8785803318023682, 0.46872514486312866, -0.09161578863859177, -0.460187166929245, 0.7795175909996033, -0.4249465763568878, -0.1277671903371811, 0.4155106246471405, 0.9005703330039978),
            ["LeftLowerArm"] = CFrame.new(-1.7881393432617188e-07, 1.1920928955078125e-07, 2.682209014892578e-07, 1, -4.470348358154297e-08, 9.685756907629184e-08, 5.960465188081798e-08, -0.08695656061172485, -0.9962121844291687, 7.450581307466564e-08, 0.9962121248245239, -0.08695656806230545),
            ["RightUpperArm"] = CFrame.new(-1.1920928955078125e-07, 1.1920928955078125e-07, 2.9802322387695312e-08, 0.704563319683075, -0.3767377436161041, 0.6013813018798828, 0.6029449105262756, -0.12909704446792603, -0.7872684597969055, 0.37422975897789, 0.9172801375389099, 0.1361951231956482),
            ["Head"] = CFrame.new(-9.313225746154785e-08, -1.1920928955078125e-07, 1.3131648302078247e-07, 0.9695484042167664, 0.05257866531610489, -0.23918937146663666, -0.15781700611114502, 0.8809846639633179, -0.4460492432117462, 0.1872694045305252, 0.4702143371105194, 0.8624550700187683),
            ["RightHand"] = CFrame.new(-5.960464477539063e-08, 2.384185791015625e-07, -4.6938657760620117e-07, 0.890943706035614, -0.12238617241382599, 0.43731099367141724, -0.24873074889183044, 0.6741818189620972, 0.6954224705696106, -0.37993717193603516, -0.7283546328544617, 0.5702164769172668),
            ["UpperTorso"] = CFrame.new(1.862645149230957e-08, 2.9802322387695312e-08, -1.4901161193847656e-08, 0.9956353306770325, -0.07761815935373306, 0.051824960857629776, 0.054421741515398026, 0.9339460134506226, 0.35324662923812866, -0.07582008093595505, -0.3488844037055969, 0.934093713760376),
            ["HumanoidRootPart"] = CFrame.new(0, 0, 0, 1, 0, 0, 0, 1, 0, 0, 0, 1),
            ["RightUpperLeg"] = CFrame.new(5.960464477539063e-08, -1.7695128917694092e-07, 1.3205863069742918e-08, 0.7724001407623291, -0.6100871562957764, 0.17661193013191223, 0.4228063225746155, 0.2864004373550415, -0.8597729802131653, 0.47395455837249756, 0.7387614846229553, 0.47916457056999207),
            ["LeftUpperArm"] = CFrame.new(-1.1920928955078125e-07, 0, 1.1920928955078125e-07, 0.5222797393798828, 0.6333082914352417, -0.5710906386375427, -0.5492982268333435, -0.2624150514602661, -0.7933536767959595, -0.6523000001907349, 0.728051483631134, 0.21082128584384918),
            ["RightLowerArm"] = CFrame.new(-5.662441253662109e-07, -4.172325134277344e-07, 1.1920928955078125e-07, 1, 3.166496398421259e-08, 9.313222193441106e-08, 3.3527612686157227e-08, -0.161607563495636, -0.9868550896644592, 2.2351741790771484e-08, 0.986855149269104, -0.16160772740840912),
            ["LeftHand"] = CFrame.new(0, 0, 1.4901161193847656e-07, 0.9601712226867676, 0.09690889716148376, -0.26206862926483154, 0.1639035940170288, 0.5642567873001099, 0.8091659545898438, 0.2262895405292511, -0.8198921084403992, 0.5258997678756714),
            ["LeftFoot"] = CFrame.new(-3.725290298461914e-08, -5.960464477539063e-08, 5.960464477539063e-08, 0.9207202196121216, -0.38712170720100403, -0.04910099878907204, 0.37041279673576355, 0.9066137075424194, -0.2021045684814453, 0.12275455892086029, 0.16789381206035614, 0.9781323671340942),
            ["LowerTorso"] = CFrame.new(0.26119694113731384, -0.6457343101501465, -0.14932814240455627, 0.9634956121444702, -0.015827152878046036, 0.2672559320926666, -0.032566916197538376, 0.9839091300964355, 0.17567642033100128, -0.26573601365089417, -0.1779671460390091, 0.9474766850471497),
            ["RightLowerLeg"] = CFrame.new(7.450580596923828e-08, -0.00012230873107910156, -0.00007740983710391447, 1, -1.4156097449813387e-07, -1.4901168299275014e-07, 2.2351744632942427e-07, 0.0569901280105114, 0.9983747601509094, -1.6391278734317893e-07, -0.9983748197555542, 0.05699046328663826),
            ["LeftUpperLeg"] = CFrame.new(5.960464477539063e-08, -1.962762326002121e-07, -8.381903171539307e-09, 0.9214343428611755, 0.2803889214992523, -0.2689630687236786, -0.32649895548820496, 0.18354278802871704, -0.9272056818008423, -0.21061182022094727, 0.9421752095222473, 0.2606692612171173),
            ["LeftLowerLeg"] = CFrame.new(-8.940696716308594e-08, 0.0001226663589477539, 0.00007735192775726318, 1, 6.705520405603238e-08, 3.7252885221050747e-08, -1.4901154088420299e-07, 0.22984138131141663, 0.9732281565666199, 1.7881384906104358e-07, -0.9732281565666199, 0.2298411875963211),
        }},
        {Time = 0.095, Data = {
            ["RightFoot"] = CFrame.new(-5.587935447692871e-08, 2.980232238769531e-07, 5.3849362302571535e-08, 0.8648257255554199, 0.4835323989391327, -0.13517805933952332, -0.48669636249542236, 0.7412616610527039, -0.46223118901252747, -0.12330178171396255, 0.46554020047187805, 0.8763957023620605),
            ["LeftLowerArm"] = CFrame.new(-4.470348358154297e-07, 1.7881393432617188e-07, 5.960464477539063e-08, 1, -1.4901162614933128e-07, 2.086162567138672e-07, 0, -0.17042364180088043, -0.985370934009552, 8.940695295223122e-08, 0.985370934009552, -0.17042356729507446),
            ["RightUpperArm"] = CFrame.new(2.384185791015625e-07, -1.1920928955078125e-07, -8.940696716308594e-08, 0.7002890706062317, -0.3372188210487366, 0.6291888952255249, 0.6632922887802124, -0.01844659261405468, -0.7481330037117004, 0.2638911008834839, 0.9412455558776855, 0.21075691282749176),
            ["Head"] = CFrame.new(-5.587935447692871e-09, -1.1920928955078125e-07, -2.1792948246002197e-07, 0.9642283916473389, 0.018374795094132423, -0.2644354999065399, -0.14283238351345062, 0.8763969540596008, -0.45992106199264526, 0.22329947352409363, 0.48123878240585327, 0.8476712107658386),
            ["RightHand"] = CFrame.new(1.1920928955078125e-07, 0, 5.21540641784668e-08, 0.8338119387626648, -0.1594047099351883, 0.5285338759422302, -0.2720535397529602, 0.714424192905426, 0.6446587443351746, -0.48035886883735657, -0.6813135147094727, 0.5523287057876587),
            ["UpperTorso"] = CFrame.new(5.21540641784668e-08, 4.172325134277344e-07, 7.450580596923828e-09, 0.9976213574409485, -0.05675049126148224, 0.03912845999002457, 0.039780933409929276, 0.9375588893890381, 0.3455441892147064, -0.05629509687423706, -0.34316572546958923, 0.9375863671302795),
            ["HumanoidRootPart"] = CFrame.new(0, 0, 0, 1, 0, 0, 0, 1, 0, 0, 0, 1),
            ["RightUpperLeg"] = CFrame.new(-2.9802322387695312e-08, 6.984919309616089e-07, 1.3205863069742918e-08, 0.7537804245948792, -0.637394368648529, 0.1598236858844757, 0.42339080572128296, 0.28507840633392334, -0.8599245548248291, 0.50254887342453, 0.7158622145652771, 0.4847537875175476),
            ["LeftUpperArm"] = CFrame.new(-1.1920928955078125e-07, -4.76837158203125e-07, -2.384185791015625e-07, 0.5786598324775696, 0.5791508555412292, -0.5742276906967163, -0.610231876373291, -0.15965762734413147, -0.7759681940078735, -0.5410822033882141, 0.7994333505630493, 0.26102882623672485),
            ["RightLowerArm"] = CFrame.new(4.172325134277344e-07, 1.7881393432617188e-07, -2.384185791015625e-07, 1, 3.7252898543727042e-09, 1.1175868053214799e-07, 1.1175869119028903e-08, -0.1738569438457489, -0.9847708940505981, 7.4505797087454084e-09, 0.9847708940505981, -0.1738569587469101),
            ["LeftHand"] = CFrame.new(-3.2782554626464844e-07, 0, 5.960464477539063e-08, 0.9375059604644775, 0.1197228729724884, -0.3267248868942261, 0.2213664948940277, 0.5192450881004333, 0.8254585266113281, 0.2684764564037323, -0.8461980223655701, 0.4602925777435303),
            ["LeftFoot"] = CFrame.new(2.9802322387695312e-08, 0, -4.0978193283081055e-08, 0.9277616143226624, -0.3496963679790497, -0.13027144968509674, 0.329347163438797, 0.9314355254173279, -0.15478600561618805, 0.17546747624874115, 0.10069985687732697, 0.9793215990066528),
            ["LowerTorso"] = CFrame.new(0.2742534875869751, -0.661578893661499, -0.14804722368717194, 0.9416314959526062, -0.03637119382619858, 0.33467498421669006, -0.036502301692962646, 0.977254331111908, 0.20890602469444275, -0.33466070890426636, -0.2089289128780365, 0.9188857078552246),
            ["RightLowerLeg"] = CFrame.new(1.7881393432617188e-07, -0.00012248754501342773, -0.00007735023245913908, 1, -1.1175868053214799e-07, -1.4901166878189542e-07, 1.788139627478813e-07, 0.02542128600180149, 0.9996768832206726, -1.8626454334480513e-07, -0.9996768832206726, 0.025421591475605965),
            ["LeftUpperLeg"] = CFrame.new(8.940696716308594e-08, 5.927868187427521e-07, 9.313225746154785e-09, 0.9330071210861206, 0.2743009328842163, -0.2329307645559311, -0.2702862620353699, 0.10682612657546997, -0.9568352699279785, -0.23757784068584442, 0.9556920528411865, 0.1738094538450241),
            ["LeftLowerLeg"] = CFrame.new(2.9802322387695312e-08, 0.0001227259635925293, 0.00007767975330352783, 1, 3.725290653733282e-08, 1.6763806343078613e-08, 0, 0.24852797389030457, 0.9686247110366821, 1.0430814256778831e-07, -0.9686247706413269, 0.24852821230888367),
        }},
        {Time = 0.143, Data = {
            ["RightFoot"] = CFrame.new(1.1548399925231934e-07, 1.1920928955078125e-07, 1.6596459317952394e-08, 0.8665740489959717, 0.46924152970314026, -0.1698876917362213, -0.49190911650657654, 0.7457817196846008, -0.4492601156234741, -0.0841122418642044, 0.47288694977760315, 0.8770995736122131),
            ["LeftLowerArm"] = CFrame.new(-2.384185791015625e-07, 3.5762786865234375e-07, -5.960464477539063e-08, 1, -8.940696716308594e-08, 5.2154071283894154e-08, -7.450580596923828e-09, -0.1342325508594513, -0.9909499883651733, 5.960464477539063e-08, 0.9909498691558838, -0.13423237204551697),
            ["RightUpperArm"] = CFrame.new(-1.1920928955078125e-07, -3.5762786865234375e-07, -1.1920928955078125e-07, 0.7393127083778381, -0.24986371397972107, 0.6252874135971069, 0.6733621954917908, 0.2749025225639343, -0.6863035559654236, -0.00041051214793697, 0.9284377694129944, 0.3714876174926758),
            ["Head"] = CFrame.new(-1.0989606380462646e-07, 3.5762786865234375e-07, 2.2351741790771484e-08, 0.966110110282898, 0.03481532633304596, -0.255771666765213, -0.1446934938430786, 0.8935988545417786, -0.42490580677986145, 0.2137639820575714, 0.44751429557800293, 0.8683524131774902),
            ["RightHand"] = CFrame.new(-2.086162567138672e-07, -1.1920928955078125e-07, -2.2351741790771484e-08, 0.7679449915885925, -0.1959983855485916, 0.609791100025177, -0.34003347158432007, 0.6820480227470398, 0.6474470496177673, -0.5428054332733154, -0.7045531272888184, 0.4571293294429779),
            ["UpperTorso"] = CFrame.new(3.725290298461914e-08, 5.960464477539063e-08, -7.450580596923828e-09, 0.9961773157119751, -0.0711761862039566, 0.05064382404088974, 0.04643893241882324, 0.9225401878356934, 0.3830968141555786, -0.07398831844329834, -0.37928056716918945, 0.9223188161849976),
            ["HumanoidRootPart"] = CFrame.new(0, 0, 0, 1, 0, 0, 0, 1, 0, 0, 0, 1),
            ["RightUpperLeg"] = CFrame.new(1.7881393432617188e-07, 4.209578037261963e-07, 5.790934665128589e-08, 0.7776612639427185, -0.6132922172546387, 0.1382591426372528, 0.4372413456439972, 0.3695923089981079, -0.8198914527893066, 0.4517332911491394, 0.698050320148468, 0.5555739998817444),
            ["LeftUpperArm"] = CFrame.new(-2.384185791015625e-07, 1.1920928955078125e-07, 8.940696716308594e-08, 0.6577289700508118, 0.5077439546585083, -0.5564063191413879, -0.688206672668457, 0.1047872006893158, -0.7179079055786133, -0.3062094748020172, 0.8551115393638611, 0.41835445165634155),
            ["RightLowerArm"] = CFrame.new(-3.5762786865234375e-07, 1.1920928955078125e-07, -5.960464477539063e-08, 1, -5.960463766996327e-08, 1.9371509552001953e-07, 1.0617078771701927e-07, -0.13726581633090973, -0.990534245967865, 4.4703490686970326e-08, 0.9905343055725098, -0.13726583123207092),
            ["LeftHand"] = CFrame.new(3.2782554626464844e-07, -1.1920928955078125e-07, -4.470348358154297e-08, 0.9035420417785645, 0.16345418989658356, -0.3960995376110077, 0.2625417113304138, 0.5193828344345093, 0.8132117390632629, 0.3386499583721161, -0.8387635946273804, 0.4263705909252167),
            ["LeftFoot"] = CFrame.new(-1.4901161193847656e-08, 0, -2.7939677238464355e-08, 0.9295393228530884, -0.3599434196949005, -0.07998507469892502, 0.3454909324645996, 0.9260145425796509, -0.15209504961967468, 0.12881293892860413, 0.11374425888061523, 0.9851241111755371),
            ["LowerTorso"] = CFrame.new(0.27504763007164, -0.6076467037200928, -0.16729067265987396, 0.9448577761650085, -0.0198691226541996, 0.3268777132034302, -0.039947617799043655, 0.983710527420044, 0.17526522278785706, -0.32503536343574524, -0.17865867912769318, 0.9286728501319885),
            ["RightLowerLeg"] = CFrame.new(1.7136335372924805e-07, -0.00012218952178955078, -0.00007755884871585295, 1, -1.5646214990283625e-07, -1.9371518078514782e-07, 1.8626448650138627e-07, 0.09576811641454697, 0.9954037070274353, -1.5273688802608376e-07, -0.9954037070274353, 0.09576820582151413),
            ["LeftUpperLeg"] = CFrame.new(0, 2.0553125068545341e-07, -3.725290298461914e-08, 0.9342731833457947, 0.27417734265327454, -0.22794851660728455, -0.29132959246635437, 0.2183973640203476, -0.931359052658081, -0.2055741250514984, 0.9365519285202026, 0.2839188277721405),
            ["LeftLowerLeg"] = CFrame.new(-2.9802322387695312e-08, 0.0001226663589477539, 0.00007729977369308472, 1, 7.450579886381092e-08, 1.1175872671742582e-08, -1.0430815677864302e-07, 0.3177403509616852, 0.9481778740882874, 8.940698847936801e-08, -0.9481778144836426, 0.3177403211593628),
        }},
        {Time = 0.190, Data = {
            ["RightFoot"] = CFrame.new(1.4156103134155273e-07, 4.76837158203125e-07, -5.045876605436206e-08, 0.8876527547836304, 0.4415110647678375, -0.1309228390455246, -0.4532223641872406, 0.7871611714363098, -0.41829001903533936, -0.08162233233451843, 0.4306337237358093, 0.8988285064697266),
            ["LeftLowerArm"] = CFrame.new(1.4901161193847656e-07, -4.172325134277344e-07, 2.9802322387695312e-08, 1, -6.89178563106907e-08, 2.7474012398442937e-08, 1.1594966053962708e-07, -0.017108764499425888, -0.9998537302017212, 1.434236764907837e-07, 0.9998536705970764, -0.017108729109168053),
            ["RightUpperArm"] = CFrame.new(-5.960464477539063e-08, 0, 2.9802322387695312e-08, 0.7955724000930786, -0.17556457221508026, 0.5798637270927429, 0.5718066692352295, 0.5339298248291016, -0.6228610873222351, -0.20025433599948883, 0.8271010518074036, 0.5251686573028564),
            ["Head"] = CFrame.new(7.729977369308472e-08, -2.384185791015625e-07, -4.6566128730773926e-08, 0.9675471186637878, 0.03421855717897415, -0.25036314129829407, -0.1347065418958664, 0.9081125259399414, -0.3964666426181793, 0.2137913703918457, 0.4173256456851959, 0.8832511901855469),
            ["RightHand"] = CFrame.new(5.960464477539063e-08, 2.384185791015625e-07, 1.7136335372924805e-07, 0.7184303402900696, -0.22752855718135834, 0.6573346853256226, -0.39260637760162354, 0.6474459767341614, 0.6532028317451477, -0.5742109417915344, -0.7273545265197754, 0.3758155405521393),
            ["UpperTorso"] = CFrame.new(0, -1.1920928955078125e-07, -1.4901161193847656e-08, 0.9971750974655151, -0.0566963329911232, 0.0492684431374073, 0.028957966715097427, 0.8954078555107117, 0.44430431723594666, -0.06930579245090485, -0.4416224956512451, 0.8945202231407166),
            ["HumanoidRootPart"] = CFrame.new(0, 0, 0, 1, 0, 0, 0, 1, 0, 0, 0, 1),
            ["RightUpperLeg"] = CFrame.new(-1.1920928955078125e-07, -2.0302832126617432e-07, -4.639878170564771e-08, 0.7835414409637451, -0.6209453344345093, 0.022130703553557396, 0.41819605231285095, 0.5006897449493408, -0.7579061985015869, 0.4595376253128052, 0.6031058430671692, 0.6519880890846252),
            ["LeftUpperArm"] = CFrame.new(-2.384185791015625e-07, -1.1920928955078125e-07, -5.960464477539063e-08, 0.7179452180862427, 0.4740874171257019, -0.5097017288208008, -0.6857027411460876, 0.35558220744132996, -0.6351165175437927, -0.1198599711060524, 0.8054827451705933, 0.5803716778755188),
            ["RightLowerArm"] = CFrame.new(2.384185791015625e-07, -4.172325134277344e-07, -5.960464477539063e-08, 1, -1.1920927533992653e-07, 1.0058282384761696e-07, 1.1024529555925255e-07, -0.06045736372470856, -0.998170793056488, 9.685753354915505e-08, 0.9981708526611328, -0.060457389801740646),
            ["LeftHand"] = CFrame.new(-2.1606683731079102e-07, 0, -3.2782554626464844e-07, 0.8942779302597046, 0.17697420716285706, -0.41103193163871765, 0.25295931100845337, 0.5577644109725952, 0.7905126214027405, 0.3691592812538147, -0.8109124898910522, 0.4540292024612427),
            ["LeftFoot"] = CFrame.new(-5.960464477539063e-08, 0, 0, 0.9372573494911194, -0.33632558584213257, -0.09183526784181595, 0.3216767907142639, 0.9358062744140625, -0.14418992400169373, 0.13443446159362793, 0.10560175776481628, 0.9852794408798218),
            ["LowerTorso"] = CFrame.new(0.2643055021762848, -0.5184314250946045, -0.19545622169971466, 0.9478142857551575, -0.013612314127385616, 0.318532258272171, -0.024833479896187782, 0.9929007887840271, 0.11632483452558517, -0.3178543448448181, -0.11816460639238358, 0.9407474994659424),
            ["RightLowerLeg"] = CFrame.new(7.450580596923828e-08, -0.0001227259635925293, -0.00007735023245913908, 1, -1.043080928297968e-07, -7.450583439094771e-08, 7.450580596923828e-08, 0.24813495576381683, 0.9687254428863525, -1.4156103134155273e-07, -0.9687254428863525, 0.24813547730445862),
            ["LeftUpperLeg"] = CFrame.new(1.4901161193847656e-07, -2.3725442588329315e-07, -1.862645149230957e-08, 0.93418949842453, 0.3080032169818878, -0.1800668090581894, -0.2907327711582184, 0.3646504580974579, -0.8845930099487305, -0.20679596066474915, 0.8787286281585693, 0.43019917607307434),
            ["LeftLowerLeg"] = CFrame.new(-8.940696716308594e-08, 0.0001227259635925293, 0.00007777195423841476, 1, 8.195637946073475e-08, 1.5459953317531472e-07, -1.4901164746561335e-08, 0.4200085997581482, 0.907520055770874, 3.539026494081554e-08, -0.9075201749801636, 0.42000868916511536),
        }},
        {Time = 0.238, Data = {
            ["RightFoot"] = CFrame.new(5.21540641784668e-08, 2.980232238769531e-07, -5.045876605436206e-08, 0.8976890444755554, 0.42350855469703674, -0.12163466215133667, -0.4374171793460846, 0.8232461214065552, -0.3618444800376892, -0.05310922488570213, 0.378029465675354, 0.9242692589759827),
            ["LeftLowerArm"] = CFrame.new(-2.9802322387695312e-08, 1.7881393432617188e-07, 0, 1, -9.406356582530861e-08, 5.8964353399915126e-08, 1.3597309589385986e-07, 0.10642168670892715, -0.9943211078643799, 7.078051567077637e-08, 0.9943211674690247, 0.10642179846763611),
            ["RightUpperArm"] = CFrame.new(-1.7881393432617188e-07, 0, -5.960464477539063e-08, 0.8336958289146423, -0.15589264035224915, 0.529763400554657, 0.4758143424987793, 0.6896761655807495, -0.5458456873893738, -0.2802715003490448, 0.7071382403373718, 0.649155855178833),
            ["Head"] = CFrame.new(-1.3655517250299454e-07, 0, 4.470348358154297e-08, 0.9705927968025208, 0.029989484697580338, -0.2388521134853363, -0.12436369061470032, 0.9120137095451355, -0.3908511698246002, 0.2061149924993515, 0.40906190872192383, 0.8889235258102417),
            ["RightHand"] = CFrame.new(-2.9802322387695312e-08, 1.1920928955078125e-07, 1.1827796697616577e-07, 0.6893652081489563, -0.26408272981643677, 0.674564003944397, -0.4298132061958313, 0.6004635095596313, 0.6743174195289612, -0.5831262469291687, -0.7547873854637146, 0.3004324734210968),
            ["UpperTorso"] = CFrame.new(7.82310962677002e-08, 1.4901161193847656e-07, 2.7939677238464355e-08, 0.9976131319999695, -0.05161268636584282, 0.04587070643901825, 0.024371406063437462, 0.884738564491272, 0.4654500484466553, -0.06460680067539215, -0.46322113275527954, 0.8838847875595093),
            ["HumanoidRootPart"] = CFrame.new(0, 0, 0, 1, 0, 0, 0, 1, 0, 0, 0, 1),
            ["RightUpperLeg"] = CFrame.new(2.980232238769531e-07, -2.1047890186309814e-07, -2.590968506410718e-08, 0.8004741668701172, -0.5976262092590332, -0.04565134271979332, 0.402579665184021, 0.5925231575965881, -0.6977432370185852, 0.44403913617134094, 0.5401473641395569, 0.7148918509483337),
            ["LeftUpperArm"] = CFrame.new(0, -2.384185791015625e-07, -2.682209014892578e-07, 0.7595247030258179, 0.4569471776485443, -0.4629485309123993, -0.6504617929458618, 0.5284382104873657, -0.5455753803253174, -0.004659302067011595, 0.7155084609985352, 0.6985887885093689),
            ["RightLowerArm"] = CFrame.new(5.960464477539063e-08, -1.7881393432617188e-07, 1.4901161193847656e-07, 1, -1.1920928955078125e-07, 6.891788473240013e-08, 8.195638656616211e-08, -0.0640781968832016, -0.9979449510574341, 8.754432201385498e-08, 0.9979449510574341, -0.064078189432621),
            ["LeftHand"] = CFrame.new(-2.0116567611694336e-07, -5.960464477539063e-08, -1.3969838619232178e-07, 0.8932695984840393, 0.19638696312904358, -0.4043533504009247, 0.22181828320026398, 0.589805543422699, 0.7764833569526672, 0.3909810781478882, -0.7833017706871033, 0.48329296708106995),
            ["LeftFoot"] = CFrame.new(7.450580596923828e-09, -1.1920928955078125e-07, -7.450580596923828e-09, 0.94153892993927, -0.3320331573486328, -0.05708235502243042, 0.32275477051734924, 0.9375414848327637, -0.1297892928123474, 0.09661157429218292, 0.10377821326255798, 0.9898971915245056),
            ["LowerTorso"] = CFrame.new(0.25179699063301086, -0.4316054582595825, -0.2182619273662567, 0.9544294476509094, -0.011936536990106106, 0.29819804430007935, -0.018294967710971832, 0.9949803948402405, 0.09838386625051498, -0.2978755533695221, -0.09935598820447922, 0.9494200944900513),
            ["RightLowerLeg"] = CFrame.new(-2.384185791015625e-07, -0.00012254714965820312, -0.00007738003478152677, 1, -1.0430809993522416e-07, -1.1920936060505483e-07, 1.341104507446289e-07, 0.3991985619068146, 0.9168644547462463, -1.6391277313232422e-07, -0.9168645739555359, 0.3991987109184265),
            ["LeftUpperLeg"] = CFrame.new(-5.960464477539063e-08, 2.5099143385887146e-07, 2.0489096641540527e-08, 0.9359782338142395, 0.31668800115585327, -0.15379732847213745, -0.2991269528865814, 0.48498836159706116, -0.8217719793319702, -0.1856553852558136, 0.8151656985282898, 0.5486685633659363),
            ["LeftLowerLeg"] = CFrame.new(1.1920928955078125e-07, 0.0001227855682373047, 0.00007729232311248779, 1, 3.725289587919178e-08, 3.3527612686157227e-08, -1.043081780949251e-07, 0.5322636365890503, 0.8465785384178162, -3.7252920748187535e-09, -0.8465787172317505, 0.5322639346122742),
        }},
        {Time = 0.286, Data = {
            ["RightFoot"] = CFrame.new(-9.685754776000977e-08, 2.980232238769531e-07, -2.0656443666666746e-08, 0.89859539270401, 0.41340309381484985, -0.14705315232276917, -0.4387412667274475, 0.8509132266044617, -0.2888811230659485, 0.005704932846128941, 0.32410570979118347, 0.946003794670105),
            ["LeftLowerArm"] = CFrame.new(-2.384185791015625e-07, -5.364418029785156e-07, 4.470348358154297e-08, 1, -1.2665987014770508e-07, 1.657754324924099e-07, 4.903996142502365e-08, 0.1754525899887085, -0.9844878911972046, 8.940698137394065e-08, 0.9844878911972046, 0.17545248568058014),
            ["RightUpperArm"] = CFrame.new(-2.384185791015625e-07, -1.1920928955078125e-07, 0, 0.8460044264793396, -0.15770170092582703, 0.5093197822570801, 0.4262600243091583, 0.7738757729530334, -0.4684215486049652, -0.32027944922447205, 0.6133894920349121, 0.7219243049621582),
            ["Head"] = CFrame.new(-3.9814040064811707e-08, 2.384185791015625e-07, -6.705522537231445e-08, 0.9761178493499756, 0.022600792348384857, -0.21606311202049255, -0.1096622496843338, 0.9098181128501892, -0.4002564251422882, 0.18753202259540558, 0.4143914580345154, 0.890568196773529),
            ["RightHand"] = CFrame.new(0, -1.1920928955078125e-07, -1.1175870895385742e-08, 0.6788294315338135, -0.2591544985771179, 0.6870442032814026, -0.4704083204269409, 0.5649628639221191, 0.677888810634613, -0.56383216381073, -0.7833620309829712, 0.26160481572151184),
            ["UpperTorso"] = CFrame.new(-2.7939677238464355e-08, -5.960464477539063e-08, -1.4901161193847656e-08, 0.9979729652404785, -0.04385662451386452, 0.04611523449420929, 0.016421370208263397, 0.8775525689125061, 0.4791993498802185, -0.06148451566696167, -0.4774706959724426, 0.8764939308166504),
            ["HumanoidRootPart"] = CFrame.new(0, 0, 0, 1, 0, 0, 0, 1, 0, 0, 0, 1),
            ["RightUpperLeg"] = CFrame.new(1.1920928955078125e-07, -6.798654794692993e-08, 6.535992724820971e-08, 0.8323598504066467, -0.550275981426239, -0.06613267958164215, 0.3913664221763611, 0.6680501699447632, -0.6328835487365723, 0.39244067668914795, 0.5009044408798218, 0.771417498588562),
            ["LeftUpperArm"] = CFrame.new(-1.1920928955078125e-07, 1.1920928955078125e-07, 5.960464477539063e-08, 0.7648840546607971, 0.45094698667526245, -0.45999932289123535, -0.6364958882331848, 0.6389609575271606, -0.43197450041770935, 0.09912370890378952, 0.6231980919837952, 0.7757569551467896),
            ["RightLowerArm"] = CFrame.new(-2.9802322387695312e-08, 1.1920928955078125e-07, 3.725290298461914e-08, 1, -9.313224635931761e-10, 7.264315371457997e-08, 7.450580596923828e-08, -0.10447622835636139, -0.9945274591445923, 5.51808625459671e-08, 0.9945273995399475, -0.10447625815868378),
            ["LeftHand"] = CFrame.new(-2.086162567138672e-07, -1.1920928955078125e-07, 1.4901161193847656e-07, 0.9122240543365479, 0.19041845202445984, -0.362750768661499, 0.17532165348529816, 0.6188153028488159, 0.7657219171524048, 0.37028324604034424, -0.7621080279350281, 0.531113862991333),
            ["LeftFoot"] = CFrame.new(5.960464477539063e-08, -5.960464477539063e-08, -9.313225746154785e-08, 0.9397177696228027, -0.34082865715026855, 0.027682706713676453, 0.3417823314666748, 0.933627724647522, -0.10735149681568146, 0.010742917656898499, 0.11034160107374191, 0.9938356876373291),
            ["LowerTorso"] = CFrame.new(0.238932266831398, -0.35778868198394775, -0.22981511056423187, 0.9630234837532043, -0.015832310542464256, 0.2689518630504608, -0.01031444501131773, 0.9953734278678894, 0.09552685171365738, -0.26921993494033813, -0.09476868063211441, 0.9584047794342041),
            ["RightLowerLeg"] = CFrame.new(-2.1606683731079102e-07, -0.00012260675430297852, -0.00007755884871585295, 1, -1.5273690223693848e-07, -9.685756197086448e-08, 1.3411047916633834e-07, 0.5401393175125122, 0.8415751457214355, -5.960465898624534e-08, -0.8415756821632385, 0.5401402115821838),
            ["LeftUpperLeg"] = CFrame.new(-5.960464477539063e-08, -1.0360963642597198e-07, 3.725290298461914e-08, 0.9369596838951111, 0.3058158755302429, -0.16906584799289703, -0.3243553936481476, 0.5811413526535034, -0.746370255947113, -0.1300003081560135, 0.7541561722755432, 0.6436989903450012),
            ["LeftLowerLeg"] = CFrame.new(1.043081283569336e-07, 0.00012254714965820312, 0.00007735937833786011, 1, 8.195637946073475e-08, 3.911553392299538e-08, -8.940695295223122e-08, 0.6310403347015381, 0.7757500410079956, -2.607702853651972e-08, -0.7757501006126404, 0.6310402750968933),
        }},
        {Time = 0.333, Data = {
            ["RightFoot"] = CFrame.new(-1.6763806343078613e-07, 2.384185791015625e-07, -3.55576048605144e-08, 0.896239697933197, 0.4074705243110657, -0.17527690529823303, -0.4396817982196808, 0.8682896494865417, -0.22968077659606934, 0.05860286206007004, 0.2829153537750244, 0.9573529958724976),
            ["LeftLowerArm"] = CFrame.new(-5.960464477539063e-08, 1.1920928955078125e-07, -3.725290298461914e-09, 1, -3.7252888773764425e-08, 5.960463766996327e-08, 9.406356582530861e-08, 0.20046092569828033, -0.9797017574310303, 7.450579886381092e-08, 0.9797016978263855, 0.20046091079711914),
            ["RightUpperArm"] = CFrame.new(-5.960464477539063e-08, -8.344650268554688e-07, -1.6391277313232422e-07, 0.8388684391975403, -0.1661009043455124, 0.518372654914856, 0.4269024729728699, 0.7915883660316467, -0.4371979832649231, -0.3377188742160797, 0.5880462527275085, 0.7349475026130676),
            ["Head"] = CFrame.new(1.234002411365509e-08, -8.344650268554688e-07, -2.4493783712387085e-07, 0.9803822636604309, 0.016349976882338524, -0.19642668962478638, -0.0987132340669632, 0.9033001065254211, -0.41749799251556396, 0.17060613632202148, 0.4286976456642151, 0.8871933817863464),
            ["RightHand"] = CFrame.new(2.9802322387695312e-08, -2.384185791015625e-07, -5.960464477539063e-08, 0.6700350046157837, -0.2529851496219635, 0.697891116142273, -0.49506673216819763, 0.5482451319694519, 0.674044668674469, -0.5531384944915771, -0.7971360683441162, 0.24209874868392944),
            ["UpperTorso"] = CFrame.new(7.450580596923828e-09, -4.172325134277344e-07, 2.1420419216156006e-08, 0.9978109002113342, -0.04916134476661682, 0.044235408306121826, 0.021145978942513466, 0.8709383010864258, 0.4909374415874481, -0.06266139447689056, -0.4889272153377533, 0.8700711131095886),
            ["HumanoidRootPart"] = CFrame.new(0, 0, 0, 1, 0, 0, 0, 1, 0, 0, 0, 1),
            ["RightUpperLeg"] = CFrame.new(1.1920928955078125e-07, -6.146728992462158e-07, 3.835157258436084e-08, 0.8537091612815857, -0.5182788372039795, -0.050673022866249084, 0.38999855518341064, 0.7008052468299866, -0.5973050594329834, 0.3450823128223419, 0.4901624619960785, 0.8004117012023926),
            ["LeftUpperArm"] = CFrame.new(-1.1920928955078125e-07, -9.5367431640625e-07, -2.2351741790771484e-07, 0.7644565105438232, 0.4256407618522644, -0.4841862916946411, -0.6214075088500977, 0.6864669322967529, -0.3776451051235199, 0.1716368943452835, 0.5895703434944153, 0.7892704606056213),
            ["RightLowerArm"] = CFrame.new(-2.086162567138672e-07, 0, -5.21540641784668e-08, 1, -7.217748532184487e-08, 8.195636524988004e-08, 1.043081283569336e-07, -0.09505359828472137, -0.9954721927642822, 2.2351741790771484e-08, 0.9954721331596375, -0.09505362063646317),
            ["LeftHand"] = CFrame.new(2.9802322387695312e-08, -5.960464477539063e-08, -1.7881393432617188e-07, 0.9108999371528625, 0.19097882509231567, -0.3657713532447815, 0.17006643116474152, 0.6338879466056824, 0.7544953227043152, 0.3759506046772003, -0.7494753003120422, 0.5449293851852417),
            ["LeftFoot"] = CFrame.new(-5.960464477539063e-08, 0, 4.377216100692749e-08, 0.9392962455749512, -0.3367898166179657, 0.06553789973258972, 0.34126266837120056, 0.9368254542350769, -0.07679932564496994, -0.035532236099243164, 0.0945030078291893, 0.9948903322219849),
            ["LowerTorso"] = CFrame.new(0.23127976059913635, -0.3100898265838623, -0.22895851731300354, 0.9701933264732361, -0.01169690303504467, 0.2420499622821808, -0.013921980746090412, 0.9944943785667419, 0.10386089235544205, -0.24193216860294342, -0.1041349470615387, 0.9646890163421631),
            ["RightLowerLeg"] = CFrame.new(6.705522537231445e-08, -0.00012230873107910156, -0.00007746944174868986, 1, -9.872019290924072e-08, -5.2154071283894154e-08, 2.1606680888908159e-07, 0.6265807151794434, 0.7793561816215515, -7.450579886381092e-08, -0.7793565392494202, 0.6265811920166016),
            ["LeftUpperLeg"] = CFrame.new(-1.1920928955078125e-07, -4.568137228488922e-07, 1.0244548320770264e-08, 0.940117597579956, 0.3079818785190582, -0.1460343599319458, -0.3182929456233978, 0.639972448348999, -0.699374794960022, -0.12193666398525238, 0.7039761543273926, 0.6996777653694153),
            ["LeftLowerLeg"] = CFrame.new(7.450580596923828e-08, 0.00012242794036865234, 0.00007743015885353088, 1, 9.313225746154785e-08, 1.30385160446167e-08, -8.940694584680386e-08, 0.7087206244468689, 0.7054890394210815, -8.940694584680386e-08, -0.7054892182350159, 0.7087209224700928),
        }},
        {Time = 0.381, Data = {
            ["RightFoot"] = CFrame.new(1.30385160446167e-08, 1.7881393432617188e-07, 1.6596459317952394e-08, 0.888716995716095, 0.41104596853256226, -0.20303665101528168, -0.4480297863483429, 0.8726030588150024, -0.19450674951076508, 0.09721913933753967, 0.2638281583786011, 0.9596579074859619),
            ["LeftLowerArm"] = CFrame.new(-1.7881393432617188e-07, -4.172325134277344e-07, 2.2351741790771484e-08, 1, -1.4901161193847656e-08, 6.332994928470725e-08, 9.918585419654846e-08, 0.16780248284339905, -0.9858207106590271, 3.725290298461914e-08, 0.9858207106590271, 0.16780254244804382),
            ["RightUpperArm"] = CFrame.new(0, -2.384185791015625e-07, -1.043081283569336e-07, 0.8324888348579407, -0.16256529092788696, 0.5296555757522583, 0.4486992359161377, 0.7586188316345215, -0.4724050760269165, -0.32500988245010376, 0.6309279203414917, 0.7044845819473267),
            ["Head"] = CFrame.new(-4.0978193283081055e-08, 0, -1.210719347000122e-07, 0.9831836819648743, 0.011691701598465443, -0.18224476277828217, -0.09151605516672134, 0.8951405882835388, -0.4362892806529999, 0.15803366899490356, 0.4456307888031006, 0.8811575770378113),
            ["RightHand"] = CFrame.new(-8.940696716308594e-08, -2.384185791015625e-07, 2.086162567138672e-07, 0.6878182291984558, -0.18549709022045135, 0.7017813920974731, -0.5489155650138855, 0.4996917247772217, 0.6700742840766907, -0.47497129440307617, -0.8461081981658936, 0.24187502264976501),
            ["UpperTorso"] = CFrame.new(-2.9802322387695312e-08, -2.384185791015625e-07, -2.60770320892334e-08, 0.9981051683425903, -0.047389544546604156, 0.039248477667570114, 0.022993644699454308, 0.8788951635360718, 0.4764605164527893, -0.05707452446222305, -0.4746551215648651, 0.878319501876831),
            ["HumanoidRootPart"] = CFrame.new(0, 0, 0, 1, 0, 0, 0, 1, 0, 0, 0, 1),
            ["RightUpperLeg"] = CFrame.new(-2.086162567138672e-07, -6.891787052154541e-08, 7.281050784513354e-08, 0.8630650043487549, -0.5049011707305908, -0.013912389986217022, 0.38902199268341064, 0.6820471882820129, -0.6192528009414673, 0.32215023040771484, 0.5290430784225464, 0.7850684523582458),
            ["LeftUpperArm"] = CFrame.new(0, -2.384185791015625e-07, -1.4901161193847656e-07, 0.7673176527023315, 0.38889622688293457, -0.5098854303359985, -0.6124390363693237, 0.6801426410675049, -0.40289536118507385, 0.19011053442955017, 0.621422290802002, 0.7600607872009277),
            ["RightLowerArm"] = CFrame.new(-2.980232238769531e-07, 0, -1.1175870895385742e-08, 1, -5.494801058603116e-08, 7.450579886381092e-08, 8.940696716308594e-08, -0.11055289953947067, -0.9938703179359436, -1.955777406692505e-08, 0.9938703179359436, -0.11055286228656769),
            ["LeftHand"] = CFrame.new(1.1920928955078125e-07, 5.960464477539063e-08, 2.384185791015625e-07, 0.9206607937812805, 0.12959443032741547, -0.3682246208190918, 0.22438281774520874, 0.596195638179779, 0.7708455324172974, 0.3194311559200287, -0.7923107147216797, 0.5198151469230652),
            ["LeftFoot"] = CFrame.new(7.450580596923828e-09, 0, -4.6566128730773926e-09, 0.9389205574989319, -0.3324069082736969, 0.08907320350408554, 0.33788278698921204, 0.939560055732727, -0.05533625930547714, -0.06529568880796432, 0.08205265551805496, 0.9944867491722107),
            ["LowerTorso"] = CFrame.new(0.22449991106987, -0.2958282232284546, -0.21253767609596252, 0.97329181432724, -0.013747201301157475, 0.22915954887866974, -0.020673276856541634, 0.9889014363288879, 0.1471279114484787, -0.22863879799842834, -0.1479358673095703, 0.9622054100036621),
