return {
    ["Worker"] = {
        {Time = 0.000, Data = {
            ["RightFoot"] = CFrame.new(-8.940696716308594e-08, 1.7881393432617188e-07, -2.8107024263590574e-08, 0.9490360617637634, 0.2803414463996887, -0.14401142299175262, -0.3148132264614105, 0.8215577006340027, -0.4753265976905823, -0.014940101653337479, 0.4964390695095062, 0.8679432272911072),
            ["LeftLowerArm"] = CFrame.new(2.9802322387695312e-08, -1.7881393432617188e-07, -1.1920928955078125e-07, 1, -6.332992796842518e-08, 1.8626449271863521e-09, 4.470347647611561e-08, 0.837483823299408, -0.5464621186256409, 3.725289943190546e-08, 0.5464620590209961, 0.8374838829040527),
            ["RightUpperArm"] = CFrame.new(0, 1.1920928955078125e-07, -1.1920928955078125e-07, 0.8699529767036438, -0.31989529728889465, 0.3752983510494232, 0.1967688649892807, 0.9230161309242249, 0.33064061403274536, -0.45217689871788025, -0.21379481256008148, 0.8659260869026184),
            ["Head"] = CFrame.new(7.450580596923828e-08, 1.1920928955078125e-07, -9.685754776000977e-08, 0.8016180992126465, 0.036523107439279556, 0.5967196822166443, 0.07565118372440338, 0.983911395072937, -0.1618494987487793, -0.5930306315422058, 0.17488409578800201, 0.7859582901000977),
            ["RightHand"] = CFrame.new(2.7567148208618164e-07, 5.960464477539063e-08, 4.936009645462036e-08, 0.9173693656921387, 0.2167130410671234, -0.3338697552680969, -0.27192240953445435, 0.9537578821182251, -0.1280784010887146, 0.2906745970249176, 0.20828182995319366, 0.9338773488998413),
            ["UpperTorso"] = CFrame.new(-7.450580596923828e-09, 8.940696716308594e-08, 0, 0.997332751750946, -0.006341852247714996, 0.07271317392587662, -0.007920317351818085, 0.9809321165084839, 0.19418922066688538, -0.07255818694829941, -0.19424712657928467, 0.9782655239105225),
            ["HumanoidRootPart"] = CFrame.new(0, 0, 0, 1, 0, 0, 0, 1, 0, 0, 0, 1),
            ["RightUpperLeg"] = CFrame.new(1.1920928955078125e-07, -9.266659617424011e-08, 1.1751399142667651e-07, 0.9865561127662659, -0.16075126826763153, 0.0294308140873909, 0.14883974194526672, 0.8094630837440491, -0.5679934024810791, 0.06748242676258087, 0.5647377371788025, 0.8225066661834717),
            ["LeftUpperArm"] = CFrame.new(-1.1920928955078125e-07, 2.384185791015625e-07, 2.9802322387695312e-08, 0.9630947113037109, 0.2596045136451721, -0.07109231501817703, -0.25179919600486755, 0.9623002409934998, 0.10283765196800232, 0.0951092392206192, -0.08114147931337357, 0.9921543598175049),
            ["RightLowerArm"] = CFrame.new(-3.2782554626464844e-07, -1.1920928955078125e-07, -2.9802322387695312e-08, 1, -4.9243681132793427e-08, 2.62516550719738e-08, 4.377215745421381e-08, 0.7888343334197998, -0.6146059036254883, 1.862644971595273e-08, 0.6146059036254883, 0.7888343930244446),
            ["LeftHand"] = CFrame.new(-8.940696716308594e-08, -5.960464477539063e-08, -1.341104507446289e-07, 0.9726301431655884, -0.0034125454258173704, 0.2323337197303772, 0.038286469876766205, 0.9885788559913635, -0.1457601636648178, -0.22918274998664856, 0.1506660133600235, 0.9616522789001465),
            ["LeftFoot"] = CFrame.new(-3.259629011154175e-08, -1.1920928955078125e-07, 1.1175870895385742e-08, 0.9788916110992432, -0.19004188477993011, -0.07520116865634918, 0.16510233283042908, 0.952172577381134, -0.2571161091327667, 0.12046731263399124, 0.2392728626728058, 0.9634500741958618),
            ["LowerTorso"] = CFrame.new(-0.07253794372081757, -0.30142927169799805, 0.2264157235622406, 0.7481751441955566, 0.024869093671441078, -0.6630350947380066, 0.074100062251091, 0.989914059638977, 0.12074485421180725, 0.6593506336212158, -0.1394692212343216, 0.7387862205505371),
            ["RightLowerLeg"] = CFrame.new(5.960464477539063e-08, -0.00006031990051269531, -0.00007201561675174162, 1, -1.7881390590446244e-07, -3.725290298461914e-08, 1.4901159772762185e-07, 0.5187880396842957, 0.8549026846885681, -1.1175869474300271e-07, -0.8549029231071472, 0.5187883377075195),
            ["LeftUpperLeg"] = CFrame.new(2.9802322387695312e-08, -1.1082738637924194e-07, -7.450580596923828e-09, 0.7089733481407166, 0.6420460939407349, 0.2917766571044922, -0.15740618109703064, 0.5473546981811523, -0.8219648599624634, -0.6874446272850037, 0.5368237495422363, 0.48912185430526733),
            ["LeftLowerLeg"] = CFrame.new(-2.1606683731079102e-07, 0.00006085634231567383, 0.00007195770740509033, 1, 1.06636449004327e-07, 4.284083487959833e-08, -5.6810662840689474e-08, 0.4653052091598511, 0.8851503133773804, 3.6321573304576305e-08, -0.8851504325866699, 0.4653050899505615),
        }},
        {Time = 0.033, Data = {
            ["RightFoot"] = CFrame.new(-1.1175870895385742e-08, 2.384185791015625e-07, -1.3205863069742918e-08, 0.9539377689361572, 0.2703171670436859, -0.13012076914310455, -0.29912543296813965, 0.8238412141799927, -0.4814659059047699, -0.02294965647161007, 0.49821120500564575, 0.8667521476745605),
            ["LeftLowerArm"] = CFrame.new(-2.9802322387695312e-08, -1.7881393432617188e-07, -1.1920928955078125e-07, 1, -3.5390254282674505e-08, 6.891786341611805e-08, 7.450579886381092e-08, 0.8248513340950012, -0.5653496384620667, 7.4505797087454084e-09, 0.5653496384620667, 0.824851393699646),
            ["RightUpperArm"] = CFrame.new(-5.960464477539063e-08, 0, 8.940696716308594e-08, 0.8852800726890564, -0.31216150522232056, 0.34472355246543884, 0.18272775411605835, 0.9151136875152588, 0.3594127595424652, -0.4276561439037323, -0.2551904320716858, 0.8671725988388062),
            ["Head"] = CFrame.new(1.4901161193847656e-08, 0, 7.450580596923828e-09, 0.8215541243553162, 0.02375834435224533, 0.5696353912353516, 0.06916141510009766, 0.9875996708869934, -0.14093837141990662, -0.5659202933311462, 0.15518531203269958, 0.8097233176231384),
            ["RightHand"] = CFrame.new(2.086162567138672e-07, 1.1920928955078125e-07, 2.421438694000244e-08, 0.9246513247489929, 0.23548480868339539, -0.29927730560302734, -0.2845288813114166, 0.9495447874069214, -0.13193997740745544, 0.25310730934143066, 0.20715145766735077, 0.9449999332427979),
            ["UpperTorso"] = CFrame.new(-1.1175870895385742e-08, -5.960464477539063e-08, -1.862645149230957e-08, 0.9977768063545227, 0.0006931499228812754, 0.06664159148931503, -0.012120192870497704, 0.9851582646369934, 0.1712200790643692, -0.06553381681442261, -0.1716470867395401, 0.9829764366149902),
            ["HumanoidRootPart"] = CFrame.new(0, 0, 0, 1, 0, 0, 0, 1, 0, 0, 0, 1),
            ["RightUpperLeg"] = CFrame.new(1.1920928955078125e-07, -1.5599653124809265e-07, 1.1751399142667651e-07, 0.98398756980896, -0.17745400965213776, 0.01669127680361271, 0.15856708586215973, 0.8287833333015442, -0.5366328954696655, 0.08139416575431824, 0.530686616897583, 0.8436508178710938),
            ["LeftUpperArm"] = CFrame.new(-1.1920928955078125e-07, 0, 0, 0.95915687084198, 0.26233306527137756, -0.10582847893238068, -0.24745824933052063, 0.9593914747238159, 0.13539734482765198, 0.1370500922203064, -0.10367919504642487, 0.9851233959197998),
            ["RightLowerArm"] = CFrame.new(-3.5762786865234375e-07, -3.5762786865234375e-07, -5.960464477539062e-07, 1, -5.075708031654358e-08, 1.5657859009365893e-08, 5.029141192380848e-08, 0.7904922962188721, -0.6124719977378845, 1.1175869119028903e-08, 0.6124719977378845, 0.7904922366142273),
            ["LeftHand"] = CFrame.new(1.7881393432617188e-07, -1.1920928955078125e-07, 1.4901161193847656e-08, 0.9687360525131226, -0.02995261549949646, 0.24627909064292908, 0.05906692147254944, 0.9919857978820801, -0.11169300228357315, -0.24095971882343292, 0.12274811416864395, 0.9627416133880615),
            ["LeftFoot"] = CFrame.new(-1.1827796697616577e-07, -1.1920928955078125e-07, 6.239861249923706e-08, 0.9796006083488464, -0.19869180023670197, -0.030071109533309937, 0.18521346151828766, 0.9507588744163513, -0.24850302934646606, 0.0779658630490303, 0.23786407709121704, 0.9681642651557922),
            ["LowerTorso"] = CFrame.new(-0.06707006692886353, -0.2850465774536133, 0.20810124278068542, 0.7748488783836365, 0.021153418347239494, -0.6317925453186035, 0.0658690333366394, 0.991297721862793, 0.1139739379286766, 0.6287054419517517, -0.12992814183235168, 0.7667125463485718),
            ["RightLowerLeg"] = CFrame.new(-1.4901161193847656e-08, -0.000060439109802246094, -0.00007201561675174162, 1, -1.7881390590446244e-07, -7.450580596923828e-08, 1.341104507446289e-07, 0.5394356846809387, 0.8420265316963196, -7.450580596923828e-08, -0.8420268297195435, 0.5394361019134521),
            ["LeftUpperLeg"] = CFrame.new(2.9802322387695312e-08, -2.2258609533309937e-07, -3.725290298461914e-08, 0.7637424468994141, 0.5869568586349487, 0.26866188645362854, -0.1709328442811966, 0.5852270126342773, -0.7926483154296875, -0.6224784851074219, 0.5594559907913208, 0.5472928285598755),
            ["LeftLowerLeg"] = CFrame.new(-1.2479722499847412e-07, 0.00006073713302612305, 0.0000720396637916565, 1, 6.891787052154541e-08, 4.0978189730367376e-08, -8.00937343115038e-08, 0.5098629593849182, 0.8602556586265564, 3.5390254282674505e-08, -0.8602556586265564, 0.5098628997802734),
        }},
        {Time = 0.067, Data = {
            ["RightFoot"] = CFrame.new(-1.1175870895385742e-07, 2.980232238769531e-07, 1.6952981241047382e-09, 0.9571471810340881, 0.26512202620506287, -0.11653219163417816, -0.2871907353401184, 0.8171238899230957, -0.4998297393321991, -0.03729480877518654, 0.5118778347969055, 0.8582485914230347),
            ["LeftLowerArm"] = CFrame.new(-1.7881393432617188e-07, 0, -5.960464477539063e-08, 1, -3.352760913344355e-08, 2.2351738238057806e-08, 4.470347647611561e-08, 0.8518279790878296, -0.5238216519355774, 0, 0.5238215923309326, 0.8518280386924744),
            ["RightUpperArm"] = CFrame.new(-5.960464477539063e-08, -1.1920928955078125e-07, 0, 0.8729830980300903, -0.32326456904411316, 0.3652404248714447, 0.1872735172510147, 0.9135798811912537, 0.3609715402126312, -0.4503656327724457, -0.24672217667102814, 0.8580787181854248),
            ["Head"] = CFrame.new(3.725290298461914e-08, -3.5762786865234375e-07, 2.9802322387695312e-08, 0.8411969542503357, 0.008737476542592049, 0.5406582951545715, 0.06066247820854187, 0.992032527923584, -0.11041520535945892, -0.5373154282569885, 0.12567871809005737, 0.8339647054672241),
            ["RightHand"] = CFrame.new(1.9371509552001953e-07, 5.364418029785156e-07, 0, 0.921338677406311, 0.2469550520181656, -0.3002471625804901, -0.3043214976787567, 0.9387409687042236, -0.16172130405902863, 0.24191632866859436, 0.24037182331085205, 0.9400520920753479),
            ["UpperTorso"] = CFrame.new(1.4901161193847656e-08, 1.1920928955078125e-07, 0, 0.9982332587242126, 0.0057566179893910885, 0.059137292206287384, -0.014428164809942245, 0.9889904260635376, 0.1472748965024948, -0.05763842537999153, -0.14786794781684875, 0.9873261451721191),
            ["HumanoidRootPart"] = CFrame.new(0, 0, 0, 1, 0, 0, 0, 1, 0, 0, 0, 1),
            ["RightUpperLeg"] = CFrame.new(5.960464477539063e-08, -1.0663643479347229e-07, 5.790934665128589e-08, 0.978739857673645, -0.20468056201934814, 0.013200266286730766, 0.1821792721748352, 0.8379674553871155, -0.5144136548042297, 0.0942290723323822, 0.5058818459510803, 0.8574405908584595),
            ["LeftUpperArm"] = CFrame.new(-1.1920928955078125e-07, -1.1920928955078125e-07, 2.9802322387695312e-08, 0.9538453221321106, 0.2491600513458252, -0.1676257699728012, -0.22585156559944153, 0.9630998969078064, 0.14638923108577728, 0.1979147493839264, -0.10177415609359741, 0.9749215245246887),
            ["RightLowerArm"] = CFrame.new(-2.384185791015625e-07, -2.384185791015625e-07, -5.21540641784668e-07, 1, -5.7043514800625417e-08, 2.1886085832534263e-08, 5.5879347371501353e-08, 0.8344830870628357, -0.551033616065979, 3.7252898543727042e-09, 0.5510336756706238, 0.8344830870628357),
            ["LeftHand"] = CFrame.new(0, -5.960464477539063e-08, 2.0116567611694336e-07, 0.9667049050331116, -0.013599383644759655, 0.25553226470947266, 0.0428478829562664, 0.9930908679962158, -0.10924559086561203, -0.2522810101509094, 0.11655733734369278, 0.9606086015701294),
            ["LeftFoot"] = CFrame.new(-7.450580596923828e-09, -5.960464477539063e-08, -7.450580596923828e-09, 0.9776468873023987, -0.2096644788980484, 0.015733519569039345, 0.20686931908130646, 0.9458386301994324, -0.25018876791000366, 0.03757435455918312, 0.24785096943378448, 0.9680692553520203),
            ["LowerTorso"] = CFrame.new(-0.06496473401784897, -0.27971386909484863, 0.18521487712860107, 0.7999066114425659, 0.022940250113606453, -0.5996859073638916, 0.04919330030679703, 0.9933997988700867, 0.10361907631158829, 0.5981048941612244, -0.11238611489534378, 0.7934985756874084),
            ["RightLowerLeg"] = CFrame.new(-1.341104507446289e-07, -0.00006031990051269531, -0.0000721646283636801, 1, -1.4901162614933128e-07, -4.4703497792397684e-08, 1.4901162614933128e-07, 0.5336066484451294, 0.8457326292991638, -7.450581307466564e-08, -0.8457329273223877, 0.533607006072998),
            ["LeftUpperLeg"] = CFrame.new(5.960464477539063e-08, -3.0547380447387695e-07, -1.4901161193847656e-08, 0.8140072822570801, 0.5262307524681091, 0.24591347575187683, -0.17645852267742157, 0.6273890137672424, -0.758449375629425, -0.553402841091156, 0.573989748954773, 0.6035571098327637),
            ["LeftLowerLeg"] = CFrame.new(-1.7508864402770996e-07, 0.00006073713302612305, 0.00007187575101852417, 1, 9.220093488693237e-08, 2.7939670133036998e-08, -7.450579175838357e-08, 0.5499441027641296, 0.8352014422416687, 2.607702498380604e-08, -0.8352015018463135, 0.5499441623687744),
        }},
        {Time = 0.100, Data = {
            ["RightFoot"] = CFrame.new(-6.705522537231445e-08, 2.384185791015625e-07, 9.110226528719068e-08, 0.9599247574806213, 0.2625267207622528, -0.0981035977602005, -0.2741628587245941, 0.8070289492607117, -0.5230094790458679, -0.0581316202878952, 0.5289462208747864, 0.8466622233390808),
            ["LeftLowerArm"] = CFrame.new(-4.76837158203125e-07, -5.960464477539063e-08, -1.7881393432617188e-07, 1, -3.4458931708059026e-08, -3.7252898543727042e-09, 2.2351738238057806e-08, 0.877678394317627, -0.47925013303756714, 6.332992796842518e-08, 0.47925013303756714, 0.877678394317627),
            ["RightUpperArm"] = CFrame.new(0, -4.76837158203125e-07, -8.940696716308594e-08, 0.8485268950462341, -0.3394085168838501, 0.40596067905426025, 0.1947188526391983, 0.913637638092041, 0.3568626344203949, -0.4920231103897095, -0.22375938296318054, 0.8413352966308594),
            ["Head"] = CFrame.new(3.3527612686157227e-08, 0, 2.9802322387695312e-08, 0.8557578921318054, -0.009977421723306179, 0.5172801613807678, 0.05630850791931152, 0.9956711530685425, -0.0739487037062645, -0.5143030881881714, 0.09240952879190445, 0.8526153564453125),
            ["RightHand"] = CFrame.new(2.3562461137771606e-07, 3.5762786865234375e-07, -2.0489096641540527e-08, 0.9373466372489929, 0.24091096222400665, -0.25168105959892273, -0.28914204239845276, 0.9409310221672058, -0.17619803547859192, 0.1943664401769638, 0.2379302680492401, 0.9516359567642212),
            ["UpperTorso"] = CFrame.new(7.450580596923828e-09, 1.1920928955078125e-07, 2.0489096641540527e-08, 0.9987565279006958, 0.008529826998710632, 0.0491197295486927, -0.014826139435172081, 0.9914966821670532, 0.1292845904827118, -0.047599274665117264, -0.1298520267009735, 0.9903903007507324),
            ["HumanoidRootPart"] = CFrame.new(0, 0, 0, 1, 0, 0, 0, 1, 0, 0, 0, 1),
            ["RightUpperLeg"] = CFrame.new(1.7881393432617188e-07, -6.612390279769897e-08, 1.0261283023282886e-07, 0.9702491164207458, -0.24152772128582, 0.01676362380385399, 0.2180907279253006, 0.8418325185775757, -0.4937151372432709, 0.1051337718963623, 0.4826825261116028, 0.8694620728492737),
            ["LeftUpperArm"] = CFrame.new(-1.1920928955078125e-07, -2.384185791015625e-07, 8.940696716308594e-08, 0.943022608757019, 0.22789372503757477, -0.24243110418319702, -0.19417542219161987, 0.9686098694801331, 0.15521244704723358, 0.27019307017326355, -0.0992947444319725, 0.9576723575592041),
            ["RightLowerArm"] = CFrame.new(-2.682209014892578e-07, -1.1920928955078125e-07, -4.246830940246582e-07, 1, -3.937748616067438e-08, 1.4435499906539917e-08, 3.4924592995366766e-08, 0.8704581260681152, -0.49224263429641724, 0, 0.49224260449409485, 0.8704580664634705),
            ["LeftHand"] = CFrame.new(-5.960464477539063e-08, -1.1920928955078125e-07, -1.4901161193847656e-07, 0.9660949110984802, 0.04762948304414749, 0.25375619530677795, -0.024360381066799164, 0.9952679872512817, -0.09406501799821854, -0.2570357024669647, 0.08469410985708237, 0.9626836180686951),
            ["LeftFoot"] = CFrame.new(-8.568167686462402e-08, -5.960464477539063e-08, -3.725290298461914e-09, 0.9739581346511841, -0.217058926820755, 0.06550653278827667, 0.22659903764724731, 0.9416460394859314, -0.24890892207622528, -0.007656103000044823, 0.25727057456970215, 0.966309130191803),
            ["LowerTorso"] = CFrame.new(-0.0647067204117775, -0.2774381637573242, 0.1606062650680542, 0.8206260204315186, 0.029612967744469643, -0.5706979036331177, 0.023474929854273796, 0.996066689491272, 0.08544037491083145, 0.5709832906723022, -0.08351169526576996, 0.8167030811309814),
            ["RightLowerLeg"] = CFrame.new(-5.960464477539063e-08, -0.000060617923736572266, -0.00007203051791293547, 1, -1.043081283569336e-07, 0, 8.195639367158947e-08, 0.5146167278289795, 0.8574201464653015, -9.685756197086448e-08, -0.8574203252792358, 0.5146170854568481),
            ["LeftUpperLeg"] = CFrame.new(0, -1.6763806343078613e-07, 1.4901161193847656e-08, 0.860068678855896, 0.4585052728652954, 0.2237296849489212, -0.1754482537508011, 0.6776018142700195, -0.7141945362091064, -0.4790615737438202, 0.5750032067298889, 0.6632279753684998),
            ["LeftLowerLeg"] = CFrame.new(-1.7136335372924805e-07, 0.00006079673767089844, 0.00007215887308120728, 1, 9.685756907629184e-08, 3.725290653733282e-08, -7.450579175838357e-08, 0.5876448750495911, 0.8091189861297607, 3.725289587919178e-08, -0.8091189861297607, 0.5876449942588806),
        }},
        {Time = 0.133, Data = {
            ["RightFoot"] = CFrame.new(-1.1175870895385742e-07, 2.384185791015625e-07, 4.639878170564771e-08, 0.9643000960350037, 0.256826251745224, -0.06454231590032578, -0.249165341258049, 0.797423779964447, -0.5495741367340088, -0.08967752754688263, 0.5460363030433655, 0.8329481482505798),
            ["LeftLowerArm"] = CFrame.new(-2.086162567138672e-07, -2.384185791015625e-07, -1.7881393432617188e-07, 1, -4.2840827774170975e-08, 7.729976658765736e-08, 1.4901157641133977e-08, 0.9025434255599976, -0.4305988550186157, 1.2665984172599565e-07, 0.43059882521629333, 0.9025434255599976),
            ["RightUpperArm"] = CFrame.new(0, 0, -8.940696716308594e-08, 0.7993393540382385, -0.367012619972229, 0.47577133774757385, 0.2004072368144989, 0.9092906713485718, 0.3647293448448181, -0.5664747357368469, -0.19619448482990265, 0.8003838062286377),
            ["Head"] = CFrame.new(5.029141902923584e-08, 0, -2.2351741790771484e-08, 0.8601671457290649, -0.031151970848441124, 0.5090599060058594, 0.058174874633550644, 0.9976112842559814, -0.03725003823637962, -0.5066834688186646, 0.06165585666894913, 0.8599247336387634),
            ["RightHand"] = CFrame.new(3.203749656677246e-07, 2.980232238769531e-07, 5.587935447692871e-09, 0.972996175289154, 0.1838098019361496, -0.13961516320705414, -0.20569883286952972, 0.9649131298065186, -0.16318918764591217, 0.10472072660923004, 0.18750114738941193, 0.9766662120819092),
            ["UpperTorso"] = CFrame.new(-7.450580596923828e-09, 1.1920928955078125e-07, 0, 0.9991400241851807, 0.013100962154567242, 0.03934142366051674, -0.01781327836215496, 0.9923790097236633, 0.12192865461111069, -0.03744417428970337, -0.12252457439899445, 0.9917589426040649),
            ["HumanoidRootPart"] = CFrame.new(0, 0, 0, 1, 0, 0, 0, 1, 0, 0, 0, 1),
            ["RightUpperLeg"] = CFrame.new(1.7881393432617188e-07, -6.239861249923706e-08, 7.281050784513354e-08, 0.9607834815979004, -0.2764591574668884, 0.02157674916088581, 0.2526497542858124, 0.8406510353088379, -0.47903457283973694, 0.11429494619369507, 0.465699702501297, 0.8775308728218079),
            ["LeftUpperArm"] = CFrame.new(-1.1920928955078125e-07, -2.384185791015625e-07, -2.9802322387695312e-08, 0.9230148196220398, 0.2067856341600418, -0.3244742453098297, -0.16112487018108368, 0.9735335111618042, 0.16208411753177643, 0.3494032025337219, -0.09732523560523987, 0.9319040775299072),
            ["RightLowerArm"] = CFrame.new(-2.384185791015625e-07, -5.960464477539063e-08, -1.3783574104309082e-07, 1, -4.470348358154297e-08, 1.618172973394394e-08, 4.0978189730367376e-08, 0.8765849471092224, -0.4812472462654114, 7.4505797087454084e-09, 0.48124727606773376, 0.8765849471092224),
            ["LeftHand"] = CFrame.new(-8.940696716308594e-08, -1.1920928955078125e-07, -2.384185791015625e-07, 0.9654694199562073, 0.1378222107887268, 0.221074640750885, -0.11989405006170273, 0.9884563684463501, -0.09262510389089584, -0.23128822445869446, 0.06292130798101425, 0.9708484411239624),
            ["LeftFoot"] = CFrame.new(-8.195638656616211e-08, 0, 3.3527612686157227e-08, 0.966755211353302, -0.22277259826660156, 0.12552562355995178, 0.24779078364372253, 0.9373648762702942, -0.244841068983078, -0.06311945617198944, 0.2678053379058838, 0.9614032506942749),
            ["LowerTorso"] = CFrame.new(-0.05862639099359512, -0.2799772024154663, 0.14126580953598022, 0.832413375377655, 0.034421976655721664, -0.5530850887298584, -0.0028241353575140238, 0.9983195066452026, 0.057881299406290054, 0.5541480183601379, -0.04661918058991432, 0.8311116695404053),
            ["RightLowerLeg"] = CFrame.new(-4.470348358154297e-08, -0.0000603795051574707, -0.00007214972720248625, 1, -8.940698137394065e-08, -5.960465898624534e-08, 1.4901161193847656e-07, 0.4810589551925659, 0.8766881227493286, -6.705522537231445e-08, -0.8766883611679077, 0.4810592234134674),
            ["LeftUpperLeg"] = CFrame.new(2.9802322387695312e-08, -2.062879502773285e-07, -2.9802322387695312e-08, 0.8987926244735718, 0.39731189608573914, 0.1852436512708664, -0.1804478019475937, 0.7204240560531616, -0.6696474552154541, -0.3995128571987152, 0.5684473514556885, 0.719205915927887),
            ["LeftLowerLeg"] = CFrame.new(-1.862645149230957e-07, 0.000060617923736572266, 0.00007189810276031494, 1, 6.705523247774181e-08, 2.607702498380604e-08, -6.332992086299782e-08, 0.5976497530937195, 0.8017574548721313, 1.4901157641133977e-08, -0.8017573952674866, 0.5976496934890747),
        }},
        {Time = 0.167, Data = {
            ["RightFoot"] = CFrame.new(2.9802322387695312e-08, 2.384185791015625e-07, 1.6952981241047382e-09, 0.9684663414955139, 0.24901720881462097, -0.007962985895574093, -0.20623284578323364, 0.783319890499115, -0.5864107012748718, -0.1397891789674759, 0.5695616006851196, 0.8099748492240906),
            ["LeftLowerArm"] = CFrame.new(-3.5762786865234375e-07, -1.7881393432617188e-07, 5.960464477539063e-08, 1, -3.7718553613785843e-08, 3.911553747570906e-08, 3.352760913344355e-08, 0.917514979839325, -0.3977011442184448, 3.7252898543727042e-09, 0.39770111441612244, 0.917514979839325),
            ["RightUpperArm"] = CFrame.new(0, -2.384185791015625e-07, 8.940696716308594e-08, 0.7202001214027405, -0.40154242515563965, 0.5657521486282349, 0.20033739507198334, 0.9011098742485046, 0.38453370332717896, -0.6642113924026489, -0.1635998785495758, 0.7294232249259949),
            ["Head"] = CFrame.new(4.0978193283081055e-08, -2.384185791015625e-07, 3.166496753692627e-08, 0.8578250408172607, -0.052224285900592804, 0.5112815499305725, 0.06332187354564667, 0.9979839324951172, -0.004303026478737593, -0.5100261569023132, 0.03606666252017021, 0.8594025373458862),
            ["RightHand"] = CFrame.new(2.8312206268310547e-07, 5.960464477539062e-07, 1.4901161193847656e-08, 0.9949937462806702, 0.0982913225889206, -0.018062837421894073, -0.09979071468114853, 0.9869562387466431, -0.12632966041564941, 0.005410154350101948, 0.12749963998794556, 0.9918238520622253),
            ["UpperTorso"] = CFrame.new(9.313225746154785e-09, -2.980232238769531e-07, 7.450580596923828e-09, 0.9995908141136169, 0.015747249126434326, 0.023881563916802406, -0.018755394965410233, 0.991141140460968, 0.1314825713634491, -0.021599426865577698, -0.13187670707702637, 0.9910308122634888),
            ["HumanoidRootPart"] = CFrame.new(0, 0, 0, 1, 0, 0, 0, 1, 0, 0, 0, 1),
            ["RightUpperLeg"] = CFrame.new(1.7881393432617188e-07, -2.852175384759903e-07, 1.0633812053129077e-07, 0.9529381990432739, -0.30193808674812317, 0.02724546194076538, 0.2819991707801819, 0.8498308658599854, -0.4452686309814453, 0.11128947138786316, 0.431996613740921, 0.8949824571609497),
            ["LeftUpperArm"] = CFrame.new(-2.384185791015625e-07, -2.384185791015625e-07, 2.9802322387695312e-08, 0.8980938792228699, 0.1931716352701187, -0.3951103985309601, -0.13727757334709167, 0.9766190052032471, 0.16543979942798615, 0.4178304970264435, -0.09434066712856293, 0.9036136269569397),
            ["RightLowerArm"] = CFrame.new(-2.384185791015625e-07, -1.1920928955078125e-07, -1.341104507446289e-07, 1, -5.215405707303944e-08, -3.259628567064965e-09, 6.705521116145974e-08, 0.848498523235321, -0.5291976928710938, -2.048909131247001e-08, 0.5291977524757385, 0.848498523235321),
            ["LeftHand"] = CFrame.new(-1.1920928955078125e-07, -1.1920928955078125e-07, 4.470348358154297e-08, 0.9594404697418213, 0.2298763543367386, 0.16318941116333008, -0.2134176641702652, 0.9704828858375549, -0.11232057958841324, -0.1841924786567688, 0.07293747365474701, 0.9801803231239319),
            ["LeftFoot"] = CFrame.new(-4.842877388000488e-08, -1.1920928955078125e-07, -2.2351741790771484e-08, 0.95696622133255, -0.22191013395786285, 0.18700700998306274, 0.2622285485267639, 0.9372719526290894, -0.22969010472297668, -0.12430582195520401, 0.2688441276550293, 0.9551287293434143),
            ["LowerTorso"] = CFrame.new(-0.044787246733903885, -0.28343844413757324, 0.12292163074016571, 0.8409479856491089, 0.03612557798624039, -0.5399087071418762, -0.033317938446998596, 0.9993327856063843, 0.01497070211917162, 0.5400892496109009, 0.0053990622982382774, 0.8415904641151428),
            ["RightLowerLeg"] = CFrame.new(-8.940696716308594e-08, -0.0000603795051574707, -0.0000721050237189047, 1, -1.0430811414607888e-07, -4.4703497792397684e-08, 1.1920927533992653e-07, 0.4497058093547821, 0.8931766152381897, -1.1175869474300271e-07, -0.893176794052124, 0.44970619678497314),
            ["LeftUpperLeg"] = CFrame.new(2.9802322387695312e-08, -3.0657975003123283e-07, 3.725290298461914e-09, 0.9329271912574768, 0.334229439496994, 0.13393183052539825, -0.18313583731651306, 0.7607157826423645, -0.6227139234542847, -0.31001338362693787, 0.5564190745353699, 0.7709019184112549),
            ["LeftLowerLeg"] = CFrame.new(-1.341104507446289e-07, 0.00006085634231567383, 0.00007207691669464111, 1, 6.33299421792799e-08, 4.0978189730367376e-08, -1.0989606380462646e-07, 0.5743475556373596, 0.8186116218566895, 1.4901161193847656e-08, -0.8186116814613342, 0.5743473768234253),
        }},
        {Time = 0.200, Data = {
            ["RightFoot"] = CFrame.new(-4.470348358154297e-08, 2.980232238769531e-07, -2.8107024263590574e-08, 0.9776219129562378, 0.20958612859249115, -0.018143190070986748, -0.17302538454532623, 0.7520251274108887, -0.6360189318656921, -0.11965688318014145, 0.624925434589386, 0.771460235118866),
            ["LeftLowerArm"] = CFrame.new(-2.980232238769531e-07, -1.1920928955078125e-07, 1.4901161193847656e-07, 1, -3.445892815534535e-08, 4.377215745421381e-08, 4.8428766774577525e-08, 0.9156574606895447, -0.4019593298435211, 1.862644971595273e-08, 0.4019593596458435, 0.9156575202941895),
            ["RightUpperArm"] = CFrame.new(1.1920928955078125e-07, -1.1920928955078125e-07, -2.9802322387695312e-08, 0.6561912894248962, -0.4182283282279968, 0.6280907988548279, 0.21668998897075653, 0.901735782623291, 0.37405624985694885, -0.7228128910064697, -0.10935153812170029, 0.6823369860649109),
            ["Head"] = CFrame.new(6.332993507385254e-08, 1.1920928955078125e-07, 2.60770320892334e-08, 0.863192081451416, -0.10662085562944412, 0.493489146232605, 0.11220326274633408, 0.993515133857727, 0.018392549827694893, -0.4922499358654022, 0.03949490189552307, 0.8695575594902039),
            ["RightHand"] = CFrame.new(5.960464477539063e-08, 4.172325134277344e-07, -5.960464477539063e-08, 0.9462034702301025, 0.0037044468335807323, 0.323551207780838, 0.07594656944274902, 0.9694584012031555, -0.23320044577121735, -0.3145333528518677, 0.24522778391838074, 0.9170235395431519),
            ["UpperTorso"] = CFrame.new(2.2118911147117615e-09, 2.9802322387695312e-08, 7.799826562404633e-09, 0.9998111128807068, 0.015470890328288078, -0.011765923351049423, -0.013113006949424744, 0.9837232828140259, 0.17921067774295807, 0.014346998184919357, -0.17902250587940216, 0.9837404489517212),
            ["HumanoidRootPart"] = CFrame.new(0, 0, 0, 1, 0, 0, 0, 1, 0, 0, 0, 1),
            ["RightUpperLeg"] = CFrame.new(1.1920928955078125e-07, -3.166496753692627e-08, 8.026108844205737e-08, 0.9498722553253174, -0.3119809329509735, 0.020265473052859306, 0.29444420337677, 0.8709217309951782, -0.3934439718723297, 0.1050974503159523, 0.3796883821487427, 0.9191251993179321),
            ["LeftUpperArm"] = CFrame.new(-1.1920928955078125e-07, 0, 8.940696716308594e-08, 0.8524956107139587, 0.19184498488903046, -0.4862580895423889, -0.13673846423625946, 0.9796715974807739, 0.14678645133972168, 0.5045334696769714, -0.05864466726779938, 0.8613981604576111),
            ["RightLowerArm"] = CFrame.new(-1.7881393432617188e-07, -4.172325134277344e-07, -3.2782554626464844e-07, 1, -3.166497108963995e-08, 4.6566133171666024e-09, 4.0978193283081055e-08, 0.8125848770141602, -0.582843005657196, 3.166496753692627e-08, 0.582843005657196, 0.8125848770141602),
            ["LeftHand"] = CFrame.new(-1.7881393432617188e-07, 2.384185791015625e-07, -1.1920928955078125e-07, 0.9419810771942139, 0.3122371435165405, -0.12320597469806671, -0.33350732922554016, 0.9121580719947815, -0.23820294439792633, 0.03800751268863678, 0.2654727101325989, 0.9633690118789673),
            ["LeftFoot"] = CFrame.new(-6.705522537231445e-08, 1.7881393432617188e-07, 0, 0.9675296545028687, -0.15512162446975708, 0.19955852627754211, 0.1904030293226242, 0.9665538668632507, -0.17181524634361267, -0.16623179614543915, 0.20423288643360138, 0.9647051095962524),
            ["LowerTorso"] = CFrame.new(-0.01679513044655323, -0.290310263633728, 0.15358929336071014, 0.8835941553115845, 0.04483039677143097, -0.4661027789115906, -0.07692959159612656, 0.9957789778709412, -0.05006054788827896, 0.46189117431640625, 0.08009029179811478, 0.8833131790161133),
            ["RightLowerLeg"] = CFrame.new(-1.1175870895385742e-07, -0.000060498714447021484, -0.00007219443068606779, 1, -1.3411046495548362e-07, -4.4703494239684005e-08, 1.4901158351676713e-07, 0.38597312569618225, 0.9225099086761475, -1.5646214990283625e-07, -0.9225101470947266, 0.38597342371940613),
            ["LeftUpperLeg"] = CFrame.new(2.9802322387695312e-08, -2.123415470123291e-07, 0, 0.9717268347740173, 0.23290643095970154, 0.03875085338950157, -0.15649297833442688, 0.7582236528396606, -0.6329351663589478, -0.17679645121097565, 0.6089757680892944, 0.7732343673706055),
            ["LeftLowerLeg"] = CFrame.new(-1.7881393432617188e-07, 0.00006079673767089844, 0.00007204711437225342, 1, 2.9802318834981634e-08, 2.2351738238057806e-08, -9.313223614526578e-08, 0.4606970250606537, 0.8875575065612793, 4.470347292340193e-08, -0.8875575065612793, 0.4606970548629761),
        }},
        {Time = 0.233, Data = {
            ["RightFoot"] = CFrame.new(-1.30385160446167e-07, 2.980232238769531e-07, -2.8107024263590574e-08, 0.9848604202270508, 0.16548411548137665, -0.05162516608834267, -0.15896114706993103, 0.7433415055274963, -0.6497494578361511, -0.06914832442998886, 0.6481190919876099, 0.7583933472633362),
            ["LeftLowerArm"] = CFrame.new(-2.682209014892578e-07, 5.960464477539063e-08, 1.1920928955078125e-07, 1, -6.23986053938097e-08, 5.5879347371501353e-08, 4.470347292340193e-08, 0.9079535603523254, -0.41907089948654175, 3.725289587919178e-08, 0.4190709590911865, 0.9079535007476807),
            ["RightUpperArm"] = CFrame.new(1.1920928955078125e-07, 1.1920928955078125e-07, -5.960464477539063e-08, 0.45198169350624084, -0.4037913978099823, 0.7954025268554688, 0.25813916325569153, 0.9127345681190491, 0.31667008996009827, -0.8538599610328674, 0.062195442616939545, 0.5167736411094666),
            ["Head"] = CFrame.new(9.685754776000977e-08, 0, -5.960464477539063e-08, 0.8992210626602173, -0.13333052396774292, 0.41668272018432617, 0.1389080286026001, 0.9901583194732666, 0.017061833292245865, -0.4148567318916321, 0.04253830015659332, 0.9088919758796692),
            ["RightHand"] = CFrame.new(1.1175870895385742e-07, 3.5762786865234375e-07, 4.6566128730773926e-08, 0.9522635340690613, -0.15755537152290344, 0.26147791743278503, 0.1900223046541214, 0.9762805104255676, -0.1037680059671402, -0.238926500082016, 0.14850127696990967, 0.9596153497695923),
            ["UpperTorso"] = CFrame.new(9.313225746154785e-09, -1.4901161193847656e-07, -7.916241884231567e-09, 0.9995117783546448, 0.018433991819620132, -0.02522718906402588, -0.012759033590555191, 0.9778319001197815, 0.2090023010969162, 0.02852076292037964, -0.20857837796211243, 0.9775897860527039),
            ["HumanoidRootPart"] = CFrame.new(0, 0, 0, 1, 0, 0, 0, 1, 0, 0, 0, 1),
            ["RightUpperLeg"] = CFrame.new(1.1920928955078125e-07, -2.4400651454925537e-07, 5.977199180051684e-08, 0.9563894867897034, -0.291806161403656, -0.012974517419934273, 0.2702648639678955, 0.9008896946907043, -0.33963921666145325, 0.11079749464988708, 0.3213207423686981, 0.9404663443565369),
            ["LeftUpperArm"] = CFrame.new(-1.1920928955078125e-07, 1.1920928955078125e-07, 1.4901161193847656e-08, 0.6915884017944336, 0.264051228761673, -0.6722965240478516, -0.2273118644952774, 0.963054358959198, 0.14441455900669098, 0.6855908632278442, 0.052945420145988464, 0.7260591387748718),
            ["RightLowerArm"] = CFrame.new(-1.4901161193847656e-07, -4.172325134277344e-07, -1.4901161193847656e-07, 1, -8.195638656616211e-08, 2.980232594040899e-08, 4.470347292340193e-08, 0.7415618300437927, -0.6708846688270569, 2.607702498380604e-08, 0.6708845496177673, 0.741561770439148),
            ["LeftHand"] = CFrame.new(0, -1.1920928955078125e-07, 1.1920928955078125e-07, 0.9297244548797607, 0.3207665979862213, -0.18089033663272858, -0.36114463210105896, 0.8902586102485657, -0.27751460671424866, 0.07202161103487015, 0.3233397603034973, 0.9435383081436157),
            ["LeftFoot"] = CFrame.new(-8.940696716308594e-08, -1.1920928955078125e-07, -7.450580596923828e-09, 0.9778114557266235, -0.1004505455493927, 0.18383334577083588, 0.07710279524326324, 0.9885075092315674, 0.13003118336200714, -0.19478213787078857, -0.11297202110290527, 0.9743189215660095),
            ["LowerTorso"] = CFrame.new(-0.0037435349076986313, -0.28036391735076904, 0.1925964206457138, 0.9294255375862122, 0.051748037338256836, -0.3653635084629059, -0.0894647017121315, 0.9921779632568359, -0.08705713599920273, 0.35800057649612427, 0.1136002391576767, 0.9267851710319519),
            ["RightLowerLeg"] = CFrame.new(-1.4901161193847656e-08, -0.00006020069122314453, -0.0000721646283636801, 1, -1.1920930376163597e-07, -8.195641498787154e-08, 1.1920928955078125e-07, 0.38822847604751587, 0.9215630888938904, -1.1920928955078125e-07, -0.9215632677078247, 0.38822880387306213),
            ["LeftUpperLeg"] = CFrame.new(5.960464477539063e-08, -4.3422915041446686e-07, -1.210719347000122e-08, 0.9904704689979553, 0.12681815028190613, -0.05371767282485962, -0.12679606676101685, 0.6873748898506165, -0.7151493430137634, -0.05376974493265152, 0.715145468711853, 0.6969045400619507),
            ["LeftLowerLeg"] = CFrame.new(-1.6391277313232422e-07, 0.000060558319091796875, 0.00007194280624389648, 1, 2.2351738238057806e-08, 5.215404996761208e-08, -7.450581307466564e-08, 0.3189502954483032, 0.9477714896202087, 7.450581307466564e-08, -0.9477714896202087, 0.318950355052948),
        }},
        {Time = 0.267, Data = {
            ["RightFoot"] = CFrame.new(-1.2665987014770508e-07, 4.172325134277344e-07, -5.790934665128589e-08, 0.9897786378860474, 0.12886007130146027, -0.061101026833057404, -0.13716429471969604, 0.7428821325302124, -0.6552189588546753, -0.03904082998633385, 0.6569028496742249, 0.7529640197753906),
            ["LeftLowerArm"] = CFrame.new(-3.2782554626464844e-07, 5.960464477539063e-08, -1.6391277313232422e-07, 1, -3.725289587919178e-08, 3.725289943190546e-08, 3.725289587919178e-08, 0.8925372362136841, -0.4509737491607666, 0, 0.4509736895561218, 0.8925372362136841),
            ["RightUpperArm"] = CFrame.new(-5.960464477539063e-08, 1.1920928955078125e-07, 0, 0.4045311212539673, -0.41140592098236084, 0.8167617917060852, 0.2993529736995697, 0.9034671187400818, 0.3068142235279083, -0.864142656326294, 0.12038420140743256, 0.4886360764503479),
            ["Head"] = CFrame.new(5.21540641784668e-08, 0, -2.9802322387695312e-08, 0.9341782927513123, -0.13346828520298004, 0.3309035897254944, 0.15098409354686737, 0.9881486296653748, -0.027680324390530586, -0.3232874572277069, 0.07581962645053864, 0.9432585835456848),
            ["RightHand"] = CFrame.new(1.9371509552001953e-07, 5.960464477539062e-07, 2.9802322387695312e-08, 0.9117767810821533, -0.21621212363243103, 0.34916409850120544, 0.24910931289196014, 0.9670971632003784, -0.051648907363414764, -0.32650840282440186, 0.13407239317893982, 0.9356371164321899),
            ["UpperTorso"] = CFrame.new(0, 0, 1.862645149230957e-09, 0.9999129176139832, 0.01052345335483551, -0.007964817807078362, -0.007948290556669235, 0.9619458317756653, 0.273124635219574, 0.010536005720496178, -0.27303755283355713, 0.9619457125663757),
            ["HumanoidRootPart"] = CFrame.new(0, 0, 0, 1, 0, 0, 0, 1, 0, 0, 0, 1),
            ["RightUpperLeg"] = CFrame.new(1.1920928955078125e-07, -1.0244548320770264e-07, 8.398637874051929e-08, 0.9575855135917664, -0.2851560413837433, -0.04142548516392708, 0.26533043384552, 0.9286632537841797, -0.25919950008392334, 0.11238265037536621, 0.2372140735387802, 0.9649350643157959),
            ["LeftUpperArm"] = CFrame.new(-1.1920928955078125e-07, 1.1920928955078125e-07, -7.450580596923828e-09, 0.5535252690315247, 0.2848946154117584, -0.7825886607170105, -0.2964467406272888, 0.9455263018608093, 0.13453362882137299, 0.7782860994338989, 0.15752795338630676, 0.6078287959098816),
            ["RightLowerArm"] = CFrame.new(-2.682209014892578e-07, 1.7881393432617188e-07, -2.384185791015625e-07, 1, -8.940696716308594e-08, 7.450581485102248e-09, 5.960463766996327e-08, 0.6257263422012329, -0.780042827129364, 4.0978189730367376e-08, 0.7800426483154297, 0.6257262825965881),
            ["LeftHand"] = CFrame.new(1.7881393432617188e-07, 0, -1.4901161193847656e-08, 0.8894297480583191, 0.3297009766101837, -0.3165629506111145, -0.4194219708442688, 0.8639897108078003, -0.2785804867744446, 0.18165886402130127, 0.38055115938186646, 0.9067418575286865),
            ["LeftFoot"] = CFrame.new(-2.9802322387695312e-08, 0, 1.4901161193847656e-08, 0.9872466921806335, -0.06733241677284241, 0.14425812661647797, -0.003839365439489484, 0.8958205580711365, 0.44439929723739624, -0.1591518372297287, -0.4392857253551483, 0.8841373920440674),
            ["LowerTorso"] = CFrame.new(0.010006971657276154, -0.2619072198867798, 0.21687443554401398, 0.9566588401794434, 0.06334429979324341, -0.2842385768890381, -0.10989685356616974, 0.9824150800704956, -0.150941401720047, 0.2696790099143982, 0.17563632130622864, 0.9467973113059998),
