return {
    ["Work It"] = {
        {Time = 0.000, Data = {
            ["LeftFoot"] = CFrame.new(1.0058283805847168e-07, -5.960464477539063e-08, 4.470348358154297e-08, 0.9895047545433044, -0.14447970688343048, 0.0024526030756533146, 0.13257881999015808, 0.9009860754013062, -0.4130944013595581, 0.057473935186862946, 0.40908414125442505, 0.9106849431991577),
            ["LeftLowerArm"] = CFrame.new(0.0000016689300537109375, -1.1920928955078125e-07, 0.000005185604095458984, 1, 1.7136333951839333e-07, -5.587935447692871e-08, -1.1175870895385742e-07, 0.6683346629142761, -0.7438608407974243, -7.450580596923828e-08, 0.7438608407974243, 0.6683345437049866),
            ["LowerTorso"] = CFrame.new(-0.32151663303375244, -0.24046862125396729, 0.16307947039604187, 0.7729297280311584, 0.3448740541934967, -0.5325801372528076, -0.17341695725917816, 0.9222467541694641, 0.34552517533302307, 0.6103329062461853, -0.1747082620859146, 0.7726387977600098),
            ["Head"] = CFrame.new(-4.470348358154297e-08, -5.960464477539062e-07, 1.043081283569336e-07, 0.9250121712684631, 0.20504926145076752, -0.3198551833629608, -0.2717350721359253, 0.9454343318939209, -0.1797615885734558, 0.2655421197414398, 0.2531973719596863, 0.9302572011947632),
            ["RightUpperArm"] = CFrame.new(-0.019771158695220947, -0.03088819980621338, 0.03934372216463089, 0.4428326487541199, -0.814275860786438, 0.3753052353858948, 0.8184430599212646, 0.5380411148071289, 0.20165041089057922, -0.3661288321018219, 0.21786867082118988, 0.9047005772590637),
            ["UpperTorso"] = CFrame.new(-1.4901161193847656e-08, 2.086162567138672e-07, -7.450580596923828e-08, 0.9232121706008911, -0.35438600182533264, 0.14862632751464844, 0.3654443323612213, 0.9292482137680054, -0.05429783836007118, -0.11886821687221527, 0.10444307327270508, 0.9874016046524048),
            ["HumanoidRootPart"] = CFrame.new(0, 0, 0, 1, 0, 0, 0, 1, 0, 0, 0, 1),
            ["RightHand"] = CFrame.new(6.109476089477539e-07, 0.0000010728836059570312, -8.642673492431641e-07, 0.6413974761962891, 0.4780832827091217, 0.6000378131866455, -0.4605400860309601, 0.8654426336288452, -0.19726158678531647, -0.6136059761047363, -0.14981848001480103, 0.7752693891525269),
            ["LeftUpperArm"] = CFrame.new(0.037182748317718506, -0.014174461364746094, 0.03927868604660034, 0.5365376472473145, 0.8220980167388916, -0.19047851860523224, -0.7077094316482544, 0.5612955689430237, 0.4290626645088196, 0.4596463441848755, -0.09540493041276932, 0.882962703704834),
            ["RightLowerArm"] = CFrame.new(7.450580596923828e-07, 6.556510925292969e-07, -0.0000037923455238342285, 1, -0.000009238719940185547, 0.00001718104067549575, 0.00001898408299894072, 0.26575058698654175, -0.9640418887138367, 0.00000433623881690437, 0.9640418291091919, 0.26575061678886414),
            ["LeftHand"] = CFrame.new(-0.0000013709068298339844, -0.0000013113021850585938, 5.960464477539063e-08, 0.9163659811019897, 0.23204118013381958, 0.3262360095977783, -0.24574899673461914, 0.9693332314491272, 0.0008294734288938344, -0.3160393238067627, -0.08093205839395523, 0.9452881217002869),
            ["RightUpperLeg"] = CFrame.new(5.960464477539063e-08, -3.166496753692627e-08, 3.892637323588133e-09, 0.939122200012207, -0.2393261194229126, -0.2465209662914276, -0.0707487165927887, 0.5674241185188293, -0.8203807473182678, 0.33622053265571594, 0.787878692150116, 0.515948474407196),
            ["LeftUpperLeg"] = CFrame.new(-5.960464477539063e-08, -4.284083843231201e-08, -1.1175870895385742e-07, 0.9995533227920532, -0.029151970520615578, -0.006582390982657671, 0.016579631716012955, 0.724149227142334, -0.689443826675415, 0.024865468963980675, 0.6890268921852112, 0.7243092060089111),
            ["RightLowerLeg"] = CFrame.new(-9.685754776000977e-08, -0.0007263422012329102, 0.00004602765693562105, 1, 1.9371509552001953e-07, 1.1175873737556685e-07, -6.70552182668871e-08, 0.25757476687431335, 0.9662584066390991, 1.2293456563838845e-07, -0.9662584066390991, 0.2575749456882477),
            ["RightFoot"] = CFrame.new(1.4156103134155273e-07, -1.7881393432617188e-07, 2.4047039914876223e-08, 0.9198629260063171, -0.03906615823507309, -0.39028987288475037, -0.1783464550971985, 0.8445662260055542, -0.5048765540122986, 0.3493492007255554, 0.5340240597724915, 0.7699178457260132),
            ["LeftLowerLeg"] = CFrame.new(-1.043081283569336e-07, -0.0007265806198120117, 0.00008109211921691895, 1, 5.960464477539063e-08, 1.4901166878189542e-07, -2.9802311729554276e-08, 0.688022792339325, 0.725689172744751, -9.313222193441106e-08, -0.725689172744751, 0.6880227327346802),
        }},
        {Time = 0.033, Data = {
            ["LeftFoot"] = CFrame.new(-7.078051567077637e-08, -1.7881393432617188e-07, 2.9802322387695312e-08, 0.9813389778137207, -0.15200474858283997, -0.11776432394981384, 0.0936751514673233, 0.9127780795097351, -0.3975691795349121, 0.16792498528957367, 0.3791183531284332, 0.9099836945533752),
            ["LeftLowerArm"] = CFrame.new(0.0000011920928955078125, -7.152557373046875e-07, 0.000005185604095458984, 1, 1.5646224937881925e-07, 7.450582373280668e-09, -5.960465898624534e-08, 0.777765154838562, -0.628555178642273, -4.4703494239684005e-08, 0.6285550594329834, 0.7777650356292725),
            ["LowerTorso"] = CFrame.new(-0.3266201615333557, -0.26418495178222656, 0.1853492259979248, 0.8420348167419434, 0.32022106647491455, -0.4340918958187103, -0.16288672387599945, 0.9181087017059326, 0.36130937933921814, 0.51424241065979, -0.2335272580385208, 0.8252392411231995),
            ["Head"] = CFrame.new(1.4901161193847656e-08, -8.344650268554688e-07, 0, 0.9475154876708984, 0.2049909383058548, -0.24534256756305695, -0.23428045213222504, 0.9673647284507751, -0.09653133898973465, 0.2175479233264923, 0.14894382655620575, 0.9646183848381042),
            ["RightUpperArm"] = CFrame.new(-0.019728541374206543, -0.03195226192474365, 0.04909466579556465, 0.4550671875476837, -0.7779018878936768, 0.4333384335041046, 0.8752106428146362, 0.4804081618785858, -0.05669805780053139, -0.16407375037670135, 0.40506401658058167, 0.8994460105895996),
            ["UpperTorso"] = CFrame.new(3.3527612686157227e-08, 2.9802322387695312e-08, -8.195638656616211e-08, 0.9267193078994751, -0.3702622652053833, 0.06400971859693527, 0.37120145559310913, 0.9285475611686707, -0.003020794363692403, -0.058317653834819794, 0.026559801772236824, 0.997944712638855),
            ["HumanoidRootPart"] = CFrame.new(0, 0, 0, 1, 0, 0, 0, 1, 0, 0, 0, 1),
            ["RightHand"] = CFrame.new(-2.9802322387695312e-08, 0.0000011920928955078125, -7.739290595054626e-07, 0.5997269749641418, 0.44973990321159363, 0.6618617177009583, -0.44331642985343933, 0.8753213882446289, -0.19308902323246002, -0.6661818027496338, -0.1776135414838791, 0.724331259727478),
            ["LeftUpperArm"] = CFrame.new(0.037190020084381104, -0.017329931259155273, 0.04893529415130615, 0.45250406861305237, 0.8482842445373535, -0.27505210041999817, -0.7556537389755249, 0.5285247564315796, 0.38684535026550293, 0.47352662682533264, 0.032795049250125885, 0.8801687955856323),
            ["RightLowerArm"] = CFrame.new(5.960464477539062e-07, 6.556510925292969e-07, -0.0000037178397178649902, 1, -0.000009365381629322655, 0.000017076732547138818, 0.000019036235244129784, 0.27025267481803894, -0.9627895355224609, 0.000004403293587529333, 0.9627895355224609, 0.27025267481803894),
            ["LeftHand"] = CFrame.new(-0.0000015795230865478516, -0.000001430511474609375, 4.470348358154297e-08, 0.8455114960670471, 0.26597070693969727, 0.4630003571510315, -0.2525536119937897, 0.9631895422935486, -0.09210218489170074, -0.47045406699180603, -0.039058759808540344, 0.8815599083900452),
            ["RightUpperLeg"] = CFrame.new(5.960464477539063e-08, 7.264316082000732e-08, -3.894820110872388e-08, 0.9033051133155823, -0.2548058032989502, -0.3451290726661682, -0.1288650631904602, 0.6061816811561584, -0.7848169803619385, 0.4091867506504059, 0.7534040808677673, 0.514731228351593),
            ["LeftUpperLeg"] = CFrame.new(-5.960464477539063e-08, 2.514570951461792e-08, -8.940696716308594e-08, 0.9997626543045044, -0.015211144462227821, -0.015601037070155144, -0.0024437829852104187, 0.6332014203071594, -0.7739831805229187, 0.021651845425367355, 0.773837685585022, 0.6330140233039856),
            ["RightLowerLeg"] = CFrame.new(-5.21540641784668e-08, -0.0007262229919433594, 0.00004598667874233797, 1, 8.940700979565008e-08, 9.685759039257391e-08, -2.980232949312267e-08, 0.30942603945732117, 0.9509235620498657, 1.5273694486950262e-07, -0.9509236216545105, 0.30942609906196594),
            ["RightFoot"] = CFrame.new(1.564621925354004e-07, 0, -5.75528247281909e-09, 0.9101483821868896, -0.09180089086294174, -0.40398338437080383, -0.19440916180610657, 0.766461968421936, -0.6121610999107361, 0.36583492159843445, 0.6356953978538513, 0.6797472238540649),
            ["LeftLowerLeg"] = CFrame.new(4.470348358154297e-08, -0.0007266402244567871, 0.00008106231689453125, 1, 1.4156103134155273e-07, 1.0058283805847168e-07, -6.70552182668871e-08, 0.6319668292999268, 0.7749956846237183, -1.4901159417490817e-08, -0.7749955058097839, 0.6319666504859924),
        }},
        {Time = 0.067, Data = {
            ["LeftFoot"] = CFrame.new(6.332993507385254e-08, -2.384185791015625e-07, -7.450580596923828e-09, 0.9646182060241699, -0.1463543176651001, -0.21929912269115448, 0.06511490046977997, 0.9382584691047668, -0.33975186944007874, 0.25548356771469116, 0.3134511709213257, 0.9145910143852234),
            ["LeftLowerArm"] = CFrame.new(0.0000013113021850585938, -1.1920928955078125e-07, 0.000004351139068603516, 1, 1.0430814256778831e-07, 3.72529100900465e-08, -9.685756197086448e-08, 0.8783214092254639, -0.4780706763267517, -8.940698137394065e-08, 0.47807079553604126, 0.8783214092254639),
            ["LowerTorso"] = CFrame.new(-0.3334561288356781, -0.2505831718444824, 0.21001864969730377, 0.9110232591629028, 0.23765842616558075, -0.33697938919067383, -0.11632924526929855, 0.9321392178535461, 0.3429054021835327, 0.39560604095458984, -0.27319425344467163, 0.8768470883369446),
            ["Head"] = CFrame.new(-2.9802322387695312e-08, -5.960464477539062e-07, -7.450580596923828e-08, 0.9666362404823303, 0.16709038615226746, -0.19415247440338135, -0.17888762056827545, 0.9828498959541321, -0.04478217661380768, 0.18334022164344788, 0.07801935821771622, 0.9799486398696899),
            ["RightUpperArm"] = CFrame.new(-0.019470393657684326, -0.03937995433807373, 0.06881088018417358, 0.5271754860877991, -0.6927123069763184, 0.4921744763851166, 0.8495723009109497, 0.4175977408885956, -0.3222406804561615, 0.01768914796411991, 0.5880151391029358, 0.8086565732955933),
            ["UpperTorso"] = CFrame.new(3.3527612686157227e-08, -1.1920928955078125e-07, -4.470348358154297e-08, 0.9531158804893494, -0.30253010988235474, -0.006764501333236694, 0.3006816506385803, 0.9443023800849915, 0.13372957706451416, -0.034069739282131195, -0.12949366867542267, 0.9909947514533997),
            ["HumanoidRootPart"] = CFrame.new(0, 0, 0, 1, 0, 0, 0, 1, 0, 0, 0, 1),
            ["RightHand"] = CFrame.new(-2.086162567138672e-07, 0.0000010132789611816406, -7.748603820800781e-07, 0.6008447408676147, 0.3832384943962097, 0.7015078663825989, -0.3945755064487457, 0.9054077863693237, -0.1566748172044754, -0.6951948404312134, -0.18266068398952484, 0.6952263116836548),
            ["LeftUpperArm"] = CFrame.new(0.03750687837600708, -0.02140629291534424, 0.06878161430358887, 0.3200553357601166, 0.8436762094497681, -0.4310165047645569, -0.8146389126777649, 0.47733303904533386, 0.3294188380241394, 0.4836612045764923, 0.24569052457809448, 0.840064287185669),
            ["RightLowerArm"] = CFrame.new(2.9802322387695312e-08, 2.980232238769531e-07, -0.000003874301910400391, 1, -0.000010807069884322118, 0.000016175208656932227, 0.000018971040844917297, 0.3562336564064026, -0.9343969225883484, 0.000004351139068603516, 0.9343970417976379, 0.3562335669994354),
            ["LeftHand"] = CFrame.new(-0.0000012516975402832031, -0.0000012516975402832031, 2.086162567138672e-07, 0.8251514434814453, 0.2341596484184265, 0.51409512758255, -0.16961656510829926, 0.9707521200180054, -0.16991369426250458, -0.5388463735580444, 0.053005628287792206, 0.8407351970672607),
            ["RightUpperLeg"] = CFrame.new(0, -2.6635825634002686e-07, -1.0600342648103833e-07, 0.8730913400650024, -0.20357100665569305, -0.4430239498615265, -0.18728254735469818, 0.6989198923110962, -0.6902437806129456, 0.45015203952789307, 0.6856163144111633, 0.5720954537391663),
            ["LeftUpperLeg"] = CFrame.new(5.960464477539063e-08, -2.183951437473297e-07, -2.421438694000244e-08, 0.9980801343917847, 0.0014942886773496866, -0.061919279396533966, -0.0509500727057457, 0.588253378868103, -0.8070700764656067, 0.035217974334955215, 0.8086752891540527, 0.5872000455856323),
            ["RightLowerLeg"] = CFrame.new(-1.4901161193847656e-07, -0.000726163387298584, 0.00004588982119457796, 1, 6.705522537231445e-08, 1.192093463942001e-07, -1.1175870895385742e-07, 0.4349938929080963, 0.9004332423210144, 2.2724270820617676e-07, -0.9004334807395935, 0.4349943697452545),
            ["RightFoot"] = CFrame.new(1.8812716007232666e-07, -5.960464477539063e-08, 6.129994289949536e-08, 0.8791418671607971, -0.12659984827041626, -0.45943668484687805, -0.22030064463615417, 0.7469133734703064, -0.6273656487464905, 0.42258405685424805, 0.652758002281189, 0.6287529468536377),
            ["LeftLowerLeg"] = CFrame.new(5.960464477539063e-08, -0.0007265210151672363, 0.00008100271224975586, 1, 5.2154071283894154e-08, 1.4901159417490817e-08, -6.70552182668871e-08, 0.6281907558441162, 0.7780593633651733, 5.960463766996327e-08, -0.7780594825744629, 0.6281906962394714),
        }},
        {Time = 0.100, Data = {
            ["LeftFoot"] = CFrame.new(1.0058283805847168e-07, -2.384185791015625e-07, -2.60770320892334e-08, 0.9389588236808777, -0.12483876943588257, -0.3205805718898773, 0.0441620834171772, 0.9678671360015869, -0.24755354225635529, 0.3411835730075836, 0.21828532218933105, 0.9143004417419434),
            ["LeftLowerArm"] = CFrame.new(0.0000012218952178955078, -7.152557373046875e-07, 0.00000527501106262207, 1, 1.7508864402770996e-07, 3.632158041000366e-08, -1.1781231989971275e-07, 0.86827552318573, -0.49608224630355835, -1.3224781980625266e-07, 0.49608224630355835, 0.8682755827903748),
            ["LowerTorso"] = CFrame.new(-0.3390618860721588, -0.21179842948913574, 0.2363789975643158, 0.9622219204902649, 0.1393558382987976, -0.23389989137649536, -0.06201035529375076, 0.9486749172210693, 0.31011420488357544, 0.26511114835739136, -0.283894419670105, 0.9214771389961243),
            ["Head"] = CFrame.new(-6.239861249923706e-08, -9.5367431640625e-07, -7.078051567077637e-08, 0.9766121506690979, 0.1297883838415146, -0.1714170128107071, -0.13293667137622833, 0.9911000728607178, -0.006966280285269022, 0.16898734867572784, 0.02959061786532402, 0.9851740002632141),
            ["RightUpperArm"] = CFrame.new(-0.019162535667419434, -0.04944205284118652, 0.09286600351333618, 0.6563896536827087, -0.538994550704956, 0.5278611779212952, 0.7515801191329956, 0.4065132141113281, -0.5194942951202393, 0.06542183458805084, 0.737720787525177, 0.6719287633895874),
            ["UpperTorso"] = CFrame.new(3.3527612686157227e-08, 2.9802322387695312e-08, -8.195638656616211e-08, 0.979521632194519, -0.19862179458141327, -0.03296610713005066, 0.19872702658176422, 0.9274775385856628, 0.3166910707950592, -0.03232639655470848, -0.3167570233345032, 0.9479557871818542),
            ["HumanoidRootPart"] = CFrame.new(0, 0, 0, 1, 0, 0, 0, 1, 0, 0, 0, 1),
            ["RightHand"] = CFrame.new(3.2782554626464844e-07, 0.0000010728836059570312, -7.152557373046875e-07, 0.6132676005363464, 0.30865010619163513, 0.7270746231079102, -0.339839369058609, 0.934044361114502, -0.10986578464508057, -0.7130302786827087, -0.17971155047416687, 0.6777108907699585),
            ["LeftUpperArm"] = CFrame.new(0.0380207896232605, -0.02288210391998291, 0.09332925081253052, 0.1117478460073471, 0.8025587797164917, -0.5860134959220886, -0.8965405821800232, 0.335783988237381, 0.28890109062194824, 0.4286343455314636, 0.4931008815765381, 0.7570497393608093),
            ["RightLowerArm"] = CFrame.new(2.980232238769531e-07, 4.76837158203125e-07, -0.0000038000289350748062, 1, -0.00001372769838781096, 0.000013723969459533691, 0.00001901388168334961, 0.5308862924575806, -0.8474430441856384, 0.000004407018423080444, 0.8474431037902832, 0.5308862924575806),
            ["LeftHand"] = CFrame.new(-0.0000015981495380401611, -0.0000011324882507324219, 4.470348358154297e-08, 0.8416264057159424, 0.12641635537147522, 0.5250557661056519, -0.02685684897005558, 0.9808118343353271, -0.19309814274311066, -0.5393921732902527, 0.14841529726982117, 0.8288724422454834),
            ["RightUpperLeg"] = CFrame.new(5.960464477539063e-08, 8.568167686462402e-08, 2.438173396512866e-08, 0.8992418050765991, -0.21986357867717743, -0.3781852722167969, -0.16408486664295197, 0.6318712830543518, -0.7575056552886963, 0.40551263093948364, 0.7432352900505066, 0.5321289300918579),
            ["LeftUpperLeg"] = CFrame.new(-2.9802322387695312e-08, 1.6763806343078613e-08, 0, 0.9960296750068665, 0.02159985527396202, -0.08636216074228287, -0.08241918683052063, 0.5904005169868469, -0.802891194820404, 0.03364600986242294, 0.8068214058876038, 0.5898366570472717),
            ["RightLowerLeg"] = CFrame.new(-6.984919309616089e-08, -0.0007262825965881348, 0.00004610588803188875, 1, 1.3411049337719305e-07, -3.725291630729544e-09, -1.341104507446289e-07, 0.3058294951915741, 0.9520863890647888, 7.450580596923828e-08, -0.952086329460144, 0.3058294355869293),
            ["RightFoot"] = CFrame.new(1.2852251529693604e-07, -5.960464477539063e-08, 6.875052349641919e-08, 0.9013529419898987, 0.054318711161613464, -0.4296656847000122, -0.21259060502052307, 0.9198439717292786, -0.3296853303909302, 0.3773172199726105, 0.38850557804107666, 0.8406516313552856),
            ["LeftLowerLeg"] = CFrame.new(6.705522537231445e-08, -0.0007265806198120117, 0.00008089840412139893, 1, 6.70552182668871e-08, 5.2154071283894154e-08, -7.450581307466564e-08, 0.6779471039772034, 0.7351104617118835, 2.2351745343485163e-08, -0.7351108193397522, 0.6779472827911377),
        }},
        {Time = 0.133, Data = {
            ["LeftFoot"] = CFrame.new(-7.450580596923828e-09, -2.980232238769531e-07, 1.30385160446167e-08, 0.8984474539756775, -0.07595834136009216, -0.43246087431907654, 0.010441005229949951, 0.9883403778076172, -0.1519027203321457, 0.4389568269252777, 0.131961390376091, 0.8887649178504944),
            ["LeftLowerArm"] = CFrame.new(0.0000014901161193847656, 0, 0.00000476837158203125, 1, 1.1594966053962708e-07, 3.725290742551124e-09, -1.2665987014770508e-07, 0.7555186748504639, -0.6551271677017212, -1.1920928955078125e-07, 0.655127227306366, 0.7555186748504639),
            ["LowerTorso"] = CFrame.new(-0.342704713344574, -0.16804790496826172, 0.2626646161079407, 0.9902469515800476, 0.0377299003303051, -0.13411718606948853, 0.0002508349425625056, 0.9621489644050598, 0.2725241482257843, 0.13932301104068756, -0.269899845123291, 0.9527556300163269),
            ["Head"] = CFrame.new(0, -0.0000010728836059570312, -1.471489667892456e-07, 0.9760904908180237, 0.08207090944051743, -0.20127557218074799, -0.07915694266557693, 0.9966083765029907, 0.0224972702562809, 0.2024393081665039, -0.006027208175510168, 0.9792762994766235),
            ["RightUpperArm"] = CFrame.new(-0.022514045238494873, -0.05454814434051514, 0.10907472670078278, 0.7447718977928162, -0.40932971239089966, 0.527033269405365, 0.6668436527252197, 0.42670294642448425, -0.6109370589256287, 0.025187956169247627, 0.8064575791358948, 0.5907553434371948),
            ["UpperTorso"] = CFrame.new(-1.7345882952213287e-08, -2.086162567138672e-07, -7.450580596923828e-08, 0.996881902217865, -0.07634101063013077, 0.019967129454016685, 0.05700474604964256, 0.8716891407966614, 0.48673248291015625, -0.05456272512674332, -0.48407649993896484, 0.8733228445053101),
            ["HumanoidRootPart"] = CFrame.new(0, 0, 0, 1, 0, 0, 0, 1, 0, 0, 0, 1),
            ["RightHand"] = CFrame.new(3.5762786865234375e-07, 0.0000010728836059570312, -7.152557373046875e-07, 0.6173601746559143, 0.26575517654418945, 0.7404323220252991, -0.3064350485801697, 0.9481074213981628, -0.08479351550340652, -0.7245440483093262, -0.17454640567302704, 0.6667608618736267),
            ["LeftUpperArm"] = CFrame.new(0.0347902774810791, -0.024081945419311523, 0.11011725664138794, -0.10918187350034714, 0.7070069909095764, -0.6987277865409851, -0.9605237245559692, 0.10590621083974838, 0.2572506368160248, 0.25587770342826843, 0.6992318630218506, 0.6675340533256531),
            ["RightLowerArm"] = CFrame.new(2.682209014892578e-07, 1.1920928955078125e-07, -0.000003846362233161926, 1, -0.000016511590729351155, 0.000010326504707336426, 0.00001895427703857422, 0.7084991931915283, -0.7057116627693176, 0.000004313187673687935, 0.7057116627693176, 0.7084991931915283),
            ["LeftHand"] = CFrame.new(-0.000001296401023864746, -0.0000012516975402832031, 3.8743019104003906e-07, 0.8534402847290039, -0.04081158712506294, 0.5195897817611694, 0.1516095995903015, 0.9732581377029419, -0.17257753014564514, -0.4986523389816284, 0.2260597199201584, 0.8368055820465088),
            ["RightUpperLeg"] = CFrame.new(-5.960464477539063e-08, -3.5902485251426697e-07, -4.0810846257954836e-08, 0.9423226118087769, -0.1961500346660614, -0.2712070643901825, -0.1334947645664215, 0.5227922201156616, -0.8419426679611206, 0.3069320619106293, 0.8295863270759583, 0.46645388007164),
            ["LeftUpperLeg"] = CFrame.new(-2.9802322387695312e-08, -8.940696716308594e-08, -9.685754776000977e-08, 0.9967759847640991, 0.06865887343883514, -0.04151759296655655, -0.07495458424091339, 0.6121915578842163, -0.7871488332748413, -0.02862800657749176, 0.7877229452133179, 0.6153640747070312),
            ["RightLowerLeg"] = CFrame.new(-4.0978193283081055e-08, -0.0007262825965881348, 0.00004614314093487337, 1, 1.6391277313232422e-07, -9.313227522511625e-09, -8.940695295223122e-08, 0.09694286435842514, 0.9952900409698486, 1.4342366227992898e-07, -0.9952900409698486, 0.09694293886423111),
            ["RightFoot"] = CFrame.new(9.685754776000977e-08, -1.1920928955078125e-07, -1.2123928172513843e-07, 0.9603633880615234, 0.12715457379817963, -0.24806056916713715, -0.14094355702400208, 0.9892661571502686, -0.03856853395700455, 0.24049365520477295, 0.07200240343809128, 0.9679765701293945),
            ["LeftLowerLeg"] = CFrame.new(8.195638656616211e-08, -0.0007269382476806641, 0.00008099526166915894, 1, 4.749744064724837e-08, 3.818422200652094e-08, -5.774199962615967e-08, 0.7291321754455566, 0.68437260389328, 3.3527612686157227e-08, -0.6843729019165039, 0.7291324734687805),
        }},
        {Time = 0.167, Data = {
            ["LeftFoot"] = CFrame.new(-2.0168954506516457e-08, 0, -1.862645149230957e-09, 0.8481663465499878, 0.0027733801398426294, -0.5297228693962097, -0.05890306085348129, 0.9942788481712341, -0.08910708129405975, 0.5264449715614319, 0.10678015649318695, 0.8434771299362183),
            ["LeftLowerArm"] = CFrame.new(0.000001519918441772461, -3.5762786865234375e-07, 0.000004708766937255859, 1, 1.1548401346317405e-07, -6.472693314663047e-08, -1.1920931797249068e-07, 0.578855574131012, -0.8154301047325134, -8.940698847936801e-08, 0.815430223941803, 0.5788554549217224),
            ["LowerTorso"] = CFrame.new(-0.3436831831932068, -0.13687896728515625, 0.2862964868545532, 0.9972943067550659, -0.055213235318660736, -0.048535704612731934, 0.06543570011854172, 0.9676122069358826, 0.243813157081604, 0.03350203111767769, -0.2463294416666031, 0.9686069488525391),
            ["Head"] = CFrame.new(1.0058283805847168e-07, -7.152557373046875e-07, 5.587935447692871e-09, 0.9571210145950317, 0.03918250650167465, -0.28702595829963684, -0.029806729406118393, 0.9988719820976257, 0.03696379065513611, 0.2881506681442261, -0.026823971420526505, 0.9572094678878784),
            ["RightUpperArm"] = CFrame.new(-0.030803024768829346, -0.0524212121963501, 0.1131950244307518, 0.7706729173660278, -0.38985511660575867, 0.5040595531463623, 0.6366262435913086, 0.4365946650505066, -0.6356823444366455, 0.02775408886373043, 0.8108008503913879, 0.584663987159729),
            ["UpperTorso"] = CFrame.new(4.936009645462036e-08, 4.172325134277344e-07, -6.51925802230835e-08, 0.9878119826316833, 0.03513522818684578, 0.15163439512252808, -0.11856014281511307, 0.801048994064331, 0.5867406725883484, -0.10085131973028183, -0.5975668430328369, 0.7954510450363159),
            ["HumanoidRootPart"] = CFrame.new(0, 0, 0, 1, 0, 0, 0, 1, 0, 0, 0, 1),
            ["RightHand"] = CFrame.new(3.5762786865234375e-07, 0.0000011324882507324219, -7.152557373046875e-07, 0.6149192452430725, 0.25610557198524475, 0.7458443641662598, -0.2969190180301666, 0.9513853192329407, -0.08188571780920029, -0.7305569648742676, -0.17110233008861542, 0.6610680222511292),
            ["LeftUpperArm"] = CFrame.new(0.026363492012023926, -0.026480436325073242, 0.11422144621610641, -0.22544807195663452, 0.5846907496452332, -0.7793008089065552, -0.9726754426956177, -0.1806146502494812, 0.14587952196598053, -0.055458419024944305, 0.7908952236175537, 0.609433650970459),
            ["RightLowerArm"] = CFrame.new(1.7881393432617188e-07, 1.7881393432617188e-07, -0.000003598630428314209, 1, -0.000018045306205749512, 0.000007092953637766186, 0.000018939377696369775, 0.8262906670570374, -0.5632439255714417, 0.000004315749265515478, 0.5632439851760864, 0.8262907266616821),
            ["LeftHand"] = CFrame.new(-0.0000012218952178955078, -0.0000011920928955078125, 2.123415470123291e-07, 0.8335753083229065, -0.22492161393165588, 0.5045412182807922, 0.3336268961429596, 0.9329458475112915, -0.13529755175113678, -0.44027867913246155, 0.2811095118522644, 0.8527207970619202),
            ["RightUpperLeg"] = CFrame.new(0, 6.28642737865448e-08, -4.0810846257954836e-08, 0.9790224432945251, -0.12319983541965485, -0.16228650510311127, -0.07969646155834198, 0.5014867782592773, -0.8614870309829712, 0.18751956522464752, 0.8563485741615295, 0.4811478555202484),
            ["LeftUpperLeg"] = CFrame.new(-5.960464477539063e-08, 1.9371509552001953e-07, -3.725290298461914e-08, 0.9860894680023193, 0.14421410858631134, 0.08264347910881042, -0.024920355528593063, 0.6198593974113464, -0.7843173146247864, -0.1643369346857071, 0.7713474035263062, 0.6148303747177124),
            ["RightLowerLeg"] = CFrame.new(-2.2351741790771484e-08, -0.0007260441780090332, 0.00004604628338711336, 1, 1.9557781172352406e-07, 7.264319634714411e-08, -5.774199962615967e-08, 0.048395294696092606, 0.9988282918930054, 1.5087425708770752e-07, -0.9988282918930054, 0.048395268619060516),
            ["RightFoot"] = CFrame.new(2.0489096641540527e-07, -1.1920928955078125e-07, 9.110226528719068e-08, 0.9803519248962402, 0.0010929479030892253, -0.19725343585014343, -0.011680938303470612, 0.9985514879226685, -0.05252131074666977, 0.19691044092178345, 0.05379330366849899, 0.9789445996284485),
            ["LeftLowerLeg"] = CFrame.new(-1.3536191545426846e-07, -0.000726163387298584, 0.00008092820644378662, 1, 6.315531209111214e-08, 1.1335940186540938e-08, -6.624031811952591e-08, 0.7361928820610046, 0.6767718195915222, 1.525040715932846e-08, -0.6767717599868774, 0.7361928820610046),
        }},
        {Time = 0.200, Data = {
            ["LeftFoot"] = CFrame.new(1.0803341865539551e-07, -5.960464477539063e-08, -1.1175870895385742e-08, 0.8466587662696838, 0.09733668714761734, -0.5231581330299377, -0.17259769141674042, 0.980209469795227, -0.09695160388946533, 0.5033676624298096, 0.17238083481788635, 0.846703052520752),
            ["LeftLowerArm"] = CFrame.new(0.0000011920928955078125, -1.1920928955078125e-07, 0.000004351139068603516, 1, 8.195638656616211e-08, -3.3527619791584584e-08, -1.4901162970204496e-08, 0.3973585367202759, -0.9176635146141052, -1.4901162970204496e-08, 0.9176635146141052, 0.39735841751098633),
            ["LowerTorso"] = CFrame.new(-0.3365079164505005, -0.11894822120666504, 0.3020719885826111, 0.993461012840271, -0.11212178319692612, 0.02154400572180748, 0.10435038059949875, 0.9682505130767822, 0.22716066241264343, -0.04632965475320816, -0.22342710196971893, 0.9736189842224121),
            ["Head"] = CFrame.new(-1.4901161193847656e-08, -5.960464477539062e-07, 7.450580596923828e-09, 0.9024676084518433, 0.017956851050257683, -0.4303833842277527, -0.008321243338286877, 0.9996711015701294, 0.024260198697447777, 0.4306773245334625, -0.01831275038421154, 0.9023202061653137),
            ["RightUpperArm"] = CFrame.new(-0.03336513042449951, -0.064217209815979, 0.1082955002784729, 0.7669703364372253, -0.4603067636489868, 0.4470732510089874, 0.6363576054573059, 0.45604386925697327, -0.622151792049408, 0.08249572664499283, 0.7616703510284424, 0.6426917910575867),
            ["UpperTorso"] = CFrame.new(7.35744833946228e-08, 2.980232238769531e-07, 1.4901161193847656e-07, 0.9386754631996155, 0.09607753902673721, 0.3311458230018616, -0.2901608347892761, 0.7389255166053772, 0.6081085801124573, -0.18626655638217926, -0.6669018864631653, 0.7214890718460083),
            ["HumanoidRootPart"] = CFrame.new(0, 0, 0, 1, 0, 0, 0, 1, 0, 0, 0, 1),
            ["RightHand"] = CFrame.new(3.2782554626464844e-07, 0.0000012516975402832031, -8.344650268554688e-07, 0.6105597615242004, 0.2708374261856079, 0.7442200779914856, -0.3104861080646515, 0.9463391304016113, -0.0896695926785469, -0.7285706996917725, -0.17632140219211578, 0.6618882417678833),
            ["LeftUpperArm"] = CFrame.new(0.024734973907470703, -0.01521766185760498, 0.1100565493106842, -0.13971605896949768, 0.4876396059989929, -0.861793041229248, -0.8581449389457703, -0.49385911226272583, -0.14032216370105743, -0.49403104186058044, 0.7199380397796631, 0.48746538162231445),
            ["RightLowerArm"] = CFrame.new(4.172325134277344e-07, 4.172325134277344e-07, -0.0000038370490074157715, 1, -0.000018857423128793016, 0.0000047385701691382565, 0.000018946830095956102, 0.8920556306838989, -0.451925665140152, 0.000004298985913919751, 0.451925665140152, 0.8920557498931885),
            ["LeftHand"] = CFrame.new(-0.0000016093254089355469, -0.0000011920928955078125, 1.043081283569336e-07, 0.8040505051612854, -0.36905404925346375, 0.4661559760570526, 0.44912511110305786, 0.8907650709152222, -0.06945867836475372, -0.3896017372608185, 0.2652108669281006, 0.8819717168807983),
            ["RightUpperLeg"] = CFrame.new(8.940696716308594e-08, 1.0523945093154907e-07, 1.391672412864864e-07, 0.9978314638137817, -0.06170351058244705, -0.0229145810008049, 0.013135537505149841, 0.5278071165084839, -0.8492627143859863, 0.06449699401855469, 0.8471200466156006, 0.527472972869873),
            ["LeftUpperLeg"] = CFrame.new(2.9802322387695312e-08, 1.1920928955078125e-07, 1.2293457984924316e-07, 0.9372236728668213, 0.21380916237831116, 0.275494784116745, 0.07745961844921112, 0.6426278948783875, -0.7622528672218323, -0.34001731872558594, 0.7357412576675415, 0.5857245326042175),
            ["RightLowerLeg"] = CFrame.new(-8.288770914077759e-08, -0.0007264614105224609, 0.00004604628338711336, 1, 1.4528639269428822e-07, 8.195640788244418e-08, -8.940695295223122e-08, 0.048746272921562195, 0.9988112449645996, 1.555308557499302e-07, -0.9988112449645996, 0.04874637350440025),
            ["RightFoot"] = CFrame.new(1.8673017621040344e-07, -5.960464477539063e-08, -7.617927622050047e-09, 0.9838925004005432, -0.08310917764902115, -0.15826717019081116, 0.0573483482003212, 0.9853050708770752, -0.16088856756687164, 0.1693127155303955, 0.1492207795381546, 0.974200427532196),
            ["LeftLowerLeg"] = CFrame.new(-7.450580596923828e-09, -0.0007265806198120117, 0.00008099526166915894, 1, 7.823110337312755e-08, -1.9557775843281888e-08, -3.725289943190546e-08, 0.7105352282524109, 0.7036616206169128, -2.607702853651972e-08, -0.7036616802215576, 0.7105352878570557),
        }},
        {Time = 0.233, Data = {
            ["LeftFoot"] = CFrame.new(4.0978193283081055e-08, -1.1920928955078125e-07, -3.725290298461914e-09, 0.8952201008796692, 0.17921623587608337, -0.40799814462661743, -0.2746105194091797, 0.9429270029067993, -0.18835604190826416, 0.3509560227394104, 0.2806607186794281, 0.8933418393135071),
            ["LeftLowerArm"] = CFrame.new(0.0000012516975402832031, -1.1920928955078125e-07, 0.000004827976226806641, 1, 6.705523247774181e-08, -7.078052988163108e-08, -7.078052277620372e-08, 0.20859646797180176, -0.9780018329620361, -7.450581307466564e-08, 0.9780018925666809, 0.20859645307064056),
            ["LowerTorso"] = CFrame.new(-0.31593117117881775, -0.11484169960021973, 0.3105357885360718, 0.9869443774223328, -0.13816359639167786, 0.08277484774589539, 0.11696493625640869, 0.9681473970413208, 0.22138187289237976, -0.11072516441345215, -0.20880985260009766, 0.9716678857803345),
            ["Head"] = CFrame.new(-8.940696716308594e-08, -8.344650268554688e-07, -7.450580596923828e-08, 0.8557033538818359, 0.045933712273836136, -0.5154237151145935, -0.03374577686190605, 0.9988856911659241, 0.032994162291288376, 0.5163650512695312, -0.010840211994946003, 0.8562999963760376),
            ["RightUpperArm"] = CFrame.new(-0.036430180072784424, -0.067679762840271, 0.10139968991279602, 0.7688789367675781, -0.49456366896629333, 0.40525513887405396, 0.632686197757721, 0.4969087839126587, -0.5939612984657288, 0.09237667918205261, 0.7130837440490723, 0.6949663162231445),
            ["UpperTorso"] = CFrame.new(1.2852251529693604e-07, 4.172325134277344e-07, 5.21540641784668e-08, 0.8966441750526428, 0.10288716852664948, 0.43063148856163025, -0.3695927858352661, 0.7094709277153015, 0.6000437140464783, -0.24378368258476257, -0.6971837878227234, 0.6741691827774048),
            ["HumanoidRootPart"] = CFrame.new(0, 0, 0, 1, 0, 0, 0, 1, 0, 0, 0, 1),
            ["RightHand"] = CFrame.new(3.8743019104003906e-07, 0.0000010132789611816406, -7.450580596923828e-07, 0.6082082390785217, 0.3124731779098511, 0.7296867966651917, -0.34832319617271423, 0.9310874342918396, -0.10838481783866882, -0.7132697105407715, -0.18824630975723267, 0.6751370429992676),
            ["LeftUpperArm"] = CFrame.new(0.02218616008758545, -0.009752154350280762, 0.10334736108779907, 0.12714868783950806, 0.4777418076992035, -0.8692501187324524, -0.5880433320999146, -0.6694360375404358, -0.45393913984298706, -0.7987729907035828, 0.5688745975494385, 0.19581511616706848),
            ["RightLowerArm"] = CFrame.new(1.4901161193847656e-07, 1.7881393432617188e-07, -0.0000039637088775634766, 1, -0.000019218774468754418, 0.0000028833751457568724, 0.000018931925296783447, 0.9310535192489624, -0.36488279700279236, 0.000004323199391365051, 0.36488282680511475, 0.9310535192489624),
            ["LeftHand"] = CFrame.new(-0.000001296401023864746, -0.0000010132789611816406, 2.980232238769531e-07, 0.7974739670753479, -0.4409084916114807, 0.41186705231666565, 0.490745484828949, 0.8711243867874146, -0.017652353271842003, -0.35100460052490234, 0.21619932353496552, 0.9110729694366455),
            ["RightUpperLeg"] = CFrame.new(2.9802322387695312e-08, 4.470348358154297e-08, -1.6952981241047382e-09, 0.9752926230430603, -0.12176250666379929, 0.18433202803134918, 0.21998336911201477, 0.6119199395179749, -0.759711503982544, -0.020292097702622414, 0.7814908623695374, 0.6235866546630859),
            ["LeftUpperLeg"] = CFrame.new(1.4901161193847656e-07, 1.4156103134155273e-07, -1.4901161193847656e-08, 0.8460029363632202, 0.23890313506126404, 0.4766594171524048, 0.19431312382221222, 0.6943625807762146, -0.6928947567939758, -0.49650925397872925, 0.6788121461868286, 0.5410109162330627),
            ["RightLowerLeg"] = CFrame.new(-7.82310962677002e-08, -0.0007262825965881348, 0.00004595687641995028, 1, 1.5646224937881925e-07, 2.2351745343485163e-08, -1.1920927533992653e-07, 0.16299644112586975, 0.9866266846656799, 1.4901159772762185e-07, -0.9866267442703247, 0.16299663484096527),
            ["RightFoot"] = CFrame.new(3.203749656677246e-07, 5.960464477539063e-08, 7.24758137948811e-08, 0.9878225326538086, 0.13667431473731995, -0.07434241473674774, -0.14854282140731812, 0.9706098437309265, -0.18934541940689087, 0.046278905123472214, 0.19808264076709747, 0.9790921807289124),
            ["LeftLowerLeg"] = CFrame.new(-6.891787052154541e-08, -0.0007265210151672363, 0.00008109398186206818, 1, 8.195639367158947e-08, -7.450582373280668e-09, -5.960463766996327e-08, 0.691581130027771, 0.7222987413406372, 1.2665985593685036e-07, -0.722298800945282, 0.6915813088417053),
        }},
        {Time = 0.267, Data = {
            ["LeftFoot"] = CFrame.new(2.9802322387695312e-08, -1.7881393432617188e-07, 3.725290298461914e-08, 0.9460660219192505, 0.23726636171340942, -0.22059932351112366, -0.29878297448158264, 0.9022366404533386, -0.3109625577926636, 0.12525159120559692, 0.3601023554801941, 0.9244664907455444),
            ["LeftLowerArm"] = CFrame.new(0.0000017583370208740234, -1.1920928955078125e-07, 0.000004649162292480469, 1, 2.0489098417897367e-08, -7.636847243475131e-08, -6.426125764846802e-08, 0.024601757526397705, -0.9996973276138306, -2.9802322387695312e-08, 0.9996973872184753, 0.024601882323622704),
            ["LowerTorso"] = CFrame.new(-0.28065842390060425, -0.1324787139892578, 0.31859689950942993, 0.9782410264015198, -0.15736880898475647, 0.13520251214504242, 0.1245693489909172, 0.9666388034820557, 0.2238122820854187, -0.16591306030750275, -0.2021002471446991, 0.9652090668678284),
            ["Head"] = CFrame.new(-1.4901161193847656e-07, -8.344650268554688e-07, -2.9802322387695312e-08, 0.8274094462394714, 0.10996801406145096, -0.5507276058197021, -0.07502422481775284, 0.993495523929596, 0.0856626108288765, 0.5565654039382935, -0.029560435563325882, 0.8302778005599976),
            ["RightUpperArm"] = CFrame.new(-0.05407249927520752, -0.05007314682006836, 0.09793795645236969, 0.7699615955352783, -0.5050451755523682, 0.38998520374298096, 0.6349058747291565, 0.5453954339027405, -0.5472097992897034, 0.06366933137178421, 0.6689344048500061, 0.7405896186828613),
            ["UpperTorso"] = CFrame.new(-2.2351741790771484e-08, 5.960464477539063e-08, 1.825392246246338e-07, 0.8702118396759033, 0.11397620290517807, 0.4793128967285156, -0.4133383631706238, 0.698322594165802, 0.5843777060508728, -0.26810964941978455, -0.7066504955291748, 0.6547991037368774),
            ["HumanoidRootPart"] = CFrame.new(0, 0, 0, 1, 0, 0, 0, 1, 0, 0, 0, 1),
            ["RightHand"] = CFrame.new(2.8312206268310547e-07, 0.0000012516975402832031, -8.344650268554688e-07, 0.6191490888595581, 0.36689674854278564, 0.6942914724349976, -0.39685866236686707, 0.9091190695762634, -0.12651489675045013, -0.677611768245697, -0.1972041130065918, 0.7084866762161255),
            ["LeftUpperArm"] = CFrame.new(0.0031616687774658203, -0.02181398868560791, 0.0990133136510849, 0.4255022406578064, 0.5070371627807617, -0.7495739459991455, -0.3544410765171051, -0.6687480211257935, -0.6535654664039612, -0.8326579928398132, 0.543773353099823, -0.1048387736082077),
            ["RightLowerArm"] = CFrame.new(2.384185791015625e-07, 7.748603820800781e-07, -0.000004120171070098877, 1, -0.00001928955316543579, 0.0000022035094389138976, 0.00001893192711577285, 0.9439570307731628, -0.3300684988498688, 0.000004300848104321631, 0.3300684690475464, 0.9439570903778076),
            ["LeftHand"] = CFrame.new(-0.0000015050172805786133, -0.0000011324882507324219, 2.086162567138672e-07, 0.8340867161750793, -0.44595062732696533, 0.3246949315071106, 0.48042014241218567, 0.8765162229537964, -0.030271146446466446, -0.2711012363433838, 0.18123875558376312, 0.945334255695343),
            ["RightUpperLeg"] = CFrame.new(-2.9802322387695312e-08, -1.955777406692505e-07, 5.2321411203593016e-08, 0.929172158241272, -0.21674473583698273, 0.29943424463272095, 0.36319324374198914, 0.6860248446464539, -0.630445122718811, -0.0687735378742218, 0.6945441365242004, 0.7161551117897034),
