return {
    ["Wrap Me In Plastic"] = {
        {Time = 0.000, Data = {
            ["LeftFoot"] = CFrame.new(2.2351741790771484e-08, -1.1920928955078125e-07, -7.450580596923828e-08, 0.9774011373519897, 0.16627871990203857, -0.13030827045440674, -0.2106056809425354, 0.8193888664245605, -0.5344617366790771, 0.01822609268128872, 0.5485919117927551, 0.8350870013237),
            ["LeftLowerArm"] = CFrame.new(3.1082890927791595e-08, 4.76837158203125e-07, 6.51925802230835e-09, 1, -2.2828325341173183e-10, -6.418850517775354e-08, -7.185008144006133e-10, 1, 1.227663375402699e-07, 6.747723091393709e-08, -3.135938841936081e-09, 1),
            ["LowerTorso"] = CFrame.new(0.01720093935728073, -0.19941139221191406, 0.00304248183965683, 0.9957919716835022, -0.09162189066410065, 0.0020026734564453363, 0.09162379056215286, 0.995793342590332, -0.0008727621170692146, -0.0019142847741022706, 0.0010525062680244446, 0.999997615814209),
            ["Head"] = CFrame.new(-2.6971065381076187e-09, 1.1920928955078125e-07, 2.60770320892334e-08, 0.999885082244873, 0.015095972456037998, -0.0014098748797550797, -0.015096036717295647, 0.9998860359191895, -0.000039645783544983715, 0.0014091171324253082, 0.00006085135828470811, 0.9999991059303284),
            ["RightUpperArm"] = CFrame.new(-0.016942203044891357, -0.18321287631988525, 0.11307422071695328, 0.9884865283966064, -0.04876404255628586, -0.14089208841323853, 0.00042485285666771233, 0.9457664489746094, -0.3201855719089508, 0.15130887925624847, 0.32116636633872986, 0.9368193745613098),
            ["UpperTorso"] = CFrame.new(6.024492904543877e-09, -0.000011682510375976562, 0.0007418207824230194, 0.9970632791519165, 0.07658091187477112, -0.000505515024997294, -0.07658039033412933, 0.9970629811286926, 0.0009841403225436807, 0.0005793904419988394, -0.0009423947776667774, 0.999999463558197),
            ["HumanoidRootPart"] = CFrame.new(0, 0, 0, 1, 0, 0, 0, 1, 0, 0, 0, 1),
            ["RightHand"] = CFrame.new(0, 4.172325134277344e-07, 8.940696716308594e-08, 0.7804474234580994, 0.060314565896987915, 0.6223054528236389, -0.004310176242142916, 0.9958313703536987, -0.09111162275075912, -0.6252065300941467, 0.06842558830976486, 0.7774539589881897),
            ["LeftUpperArm"] = CFrame.new(0.020669102668762207, -0.17061090469360352, -0.012164045125246048, 0.9552921056747437, 0.000008216033165808767, 0.29119908809661865, 0.00000835410082800081, 1, -0.00005493905337061733, -0.29566383361816406, 1.3871599868764406e-08, 0.9566624164581299),
            ["RightLowerArm"] = CFrame.new(1.0244548320770264e-07, 5.364418029785156e-07, -1.1920928955078125e-07, 1, 0.00004443410216481425, 0.00018814306531567127, 0.0001832517154980451, 0.0919509083032608, -0.9957635998725891, -0.00006157626194180921, 0.9957635998725891, 0.09195084869861603),
            ["LeftHand"] = CFrame.new(-5.960464477539063e-08, 1.7881393432617188e-07, -1.1175870895385742e-08, 0.8805016279220581, 0.008921771310269833, 0.47395938634872437, -0.038872130215168, 0.9978145956993103, 0.05343225970864296, -0.47244685888290405, -0.06547094881534576, 0.8789241313934326),
            ["RightUpperLeg"] = CFrame.new(5.960464477539063e-08, 0.00004159146919846535, 0.001127634197473526, 0.8417503237724304, -0.1388273388147354, -0.5217487215995789, -0.0863489955663681, 0.9193055629730225, -0.3837198317050934, 0.5329168438911438, 0.36824506521224976, 0.7619300484657288),
            ["LeftUpperLeg"] = CFrame.new(0, 0.000041814520955085754, 0.001127634197473526, 0.9737868905067444, 0.2211993932723999, 0.052948545664548874, -0.12053552269935608, 0.6994214653968811, -0.7046374082565308, -0.1928998976945877, 0.6796179413795471, 0.7075893878936768),
            ["RightLowerLeg"] = CFrame.new(2.60770320892334e-08, -1.1920928955078125e-07, 4.470348358154297e-08, 1, -4.656743879394298e-09, 1.1361119334196701e-07, -7.17118453508192e-08, 0.6638281941413879, 0.7476203441619873, -8.47503613954359e-08, -0.7478851675987244, 0.6641262769699097),
            ["RightFoot"] = CFrame.new(7.596099749207497e-09, 0, -7.312337402254343e-09, 0.9999755024909973, -0.005301229190081358, -0.004917079117149115, 0.003014269517734647, 0.9158372282981873, -0.40199920535087585, 0.006323040463030338, 0.4015149176120758, 0.9156268239021301),
            ["LeftLowerLeg"] = CFrame.new(3.3527612686157227e-08, -1.7881393432617188e-07, 5.960464477539063e-08, 1, -5.589060769750631e-09, 7.264534929163347e-08, -7.82310962677002e-08, -0.17997188866138458, 0.9835734367370605, 9.313225746154785e-09, -0.9836717247962952, -0.18050862848758698),
        }},
        {Time = 0.033, Data = {
            ["LeftFoot"] = CFrame.new(7.450580596923828e-09, -1.1920928955078125e-07, -9.685754776000977e-08, 0.9865671992301941, 0.12641389667987823, -0.10326022654771805, -0.1612756848335266, 0.854598343372345, -0.49493885040283203, 0.025986971333622932, 0.5036677122116089, 0.8627704381942749),
            ["LeftLowerArm"] = CFrame.new(-5.832407623529434e-08, 7.748603820800781e-07, 8.381903171539307e-09, 1, 0.00001905847602756694, -4.372924422568758e-07, -0.000019065046217292547, 0.9999666213989258, -0.008170905523002148, 2.82627297565341e-07, 0.008171026594936848, 0.9999666810035706),
            ["LowerTorso"] = CFrame.new(0.005656334571540356, -0.17810094356536865, 0.0025972463190555573, 0.9970154166221619, -0.07718437165021896, 0.001687097828835249, 0.0771859660744667, 0.9970163702964783, -0.0008994921226985753, -0.0016126370755955577, 0.0010269507765769958, 0.9999982714653015),
            ["Head"] = CFrame.new(-8.758433978073299e-09, 3.5762786865234375e-07, 2.2351741790771484e-08, 0.9998194575309753, 0.018966883420944214, -0.001228937180712819, -0.01896691508591175, 0.9998201131820679, -0.000020576319002429955, 0.0012283270480111241, 0.000043812247895402834, 0.9999993443489075),
            ["RightUpperArm"] = CFrame.new(-0.01980692148208618, -0.19986677169799805, 0.1322067379951477, 0.990575909614563, -0.05560749024152756, -0.12304679304361343, 0.006446451414376497, 0.9294254183769226, -0.36381635069847107, 0.1368131935596466, 0.36479613184928894, 0.9233076572418213),
            ["UpperTorso"] = CFrame.new(-1.8997525330632925e-08, -0.000011831521987915039, 0.0007418235763907433, 0.9983013868331909, 0.05826179310679436, -0.00038458933704532683, -0.058261409401893616, 0.9983009099960327, 0.0009759669192135334, 0.0004407932283356786, -0.0009517620783299208, 0.9999995231628418),
            ["HumanoidRootPart"] = CFrame.new(0, 0, 0, 1, 0, 0, 0, 1, 0, 0, 0, 1),
            ["RightHand"] = CFrame.new(-2.9802322387695312e-08, 4.172325134277344e-07, -1.4901161193847656e-07, 0.7740700840950012, 0.0615592822432518, 0.6301000118255615, -0.0039266799576580524, 0.995709240436554, -0.09245453774929047, -0.6330878734588623, 0.06909221410751343, 0.7709904909133911),
            ["LeftUpperArm"] = CFrame.new(0.020669102668762207, -0.17061078548431396, -0.012164048850536346, 0.9553219676017761, -0.004406151361763477, 0.2910710573196411, 0.003514903364703059, 0.9999873042106628, 0.003530350513756275, -0.29554638266563416, -0.0024448256008327007, 0.9566949605941772),
            ["RightLowerArm"] = CFrame.new(-1.210719347000122e-07, 7.152557373046875e-07, -5.21540641784668e-08, 1, 0.00004175445428700186, 0.00022570794681087136, 0.0002200939052272588, 0.10500955581665039, -0.9944711923599243, -0.0000652102826279588, 0.9944712519645691, 0.10500946640968323),
            ["LeftHand"] = CFrame.new(-5.960464477539063e-08, 2.384185791015625e-07, -6.05359673500061e-09, 0.88990718126297, 0.009211760945618153, 0.456048846244812, -0.036794956773519516, 0.997987687587738, 0.05164108797907829, -0.4546554684638977, -0.06273601949214935, 0.888455331325531),
            ["RightUpperLeg"] = CFrame.new(0, 0.00004152767360210419, 0.001127634197473526, 0.8413881063461304, -0.1485997438430786, -0.5196419358253479, -0.06703444570302963, 0.9253292679786682, -0.3729362487792969, 0.5362578630447388, 0.34883224964141846, 0.7686941027641296),
            ["LeftUpperLeg"] = CFrame.new(0, 0.00004151510074734688, 0.001127634197473526, 0.9674683809280396, 0.24473227560520172, 0.06405697017908096, -0.1240735799074173, 0.6798190474510193, -0.7229531407356262, -0.22047829627990723, 0.6913409233093262, 0.6879211664199829),
            ["RightLowerLeg"] = CFrame.new(1.3248063623905182e-07, 2.980232238769531e-07, -8.940696716308594e-08, 1, -1.560038143111342e-08, 8.427601017046982e-08, -6.82193785905838e-08, 0.6963663101196289, 0.7173678278923035, -7.485505193471909e-08, -0.7176865339279175, 0.6966946721076965),
            ["RightFoot"] = CFrame.new(1.775333657860756e-08, -1.7881393432617188e-07, 8.934875950217247e-09, 0.9999985098838806, 0.001707961899228394, -0.0007689936319366097, -0.0017463841941207647, 0.9254538416862488, -0.379280686378479, -0.00025653684861026704, 0.3788565993309021, 0.9252814054489136),
            ["LeftLowerLeg"] = CFrame.new(-4.842877388000488e-08, 1.7881393432617188e-07, -1.4901161193847656e-08, 1, -2.7944690117465143e-08, 5.215559184534868e-08, -1.0430814256778831e-07, -0.13412541151046753, 0.9908900856971741, -7.450581485102248e-09, -0.9909643530845642, -0.13467375934123993),
        }},
        {Time = 0.067, Data = {
            ["LeftFoot"] = CFrame.new(3.003515303134918e-08, -5.960464477539063e-08, -6.332993507385254e-08, 0.9991385340690613, 0.033911608159542084, -0.023804545402526855, -0.04025160148739815, 0.9313701391220093, -0.3631386458873749, 0.010109874419867992, 0.36249104142189026, 0.9314310550689697),
            ["LeftLowerArm"] = CFrame.new(1.0675285011529922e-07, 2.384185791015625e-07, -9.313225746154785e-09, 1, 0.00007148184522520751, -0.000002328539721929701, -0.00007151999307097867, 0.9995302557945251, -0.03064926341176033, 1.6903506150356407e-07, 0.030649397522211075, 0.9995302557945251),
            ["LowerTorso"] = CFrame.new(-0.0274495929479599, -0.11970877647399902, 0.0013772733509540558, 0.9992790818214417, -0.037955448031425476, 0.0008296308806166053, 0.03795623406767845, 0.9992789030075073, -0.0009489412768743932, -0.0007930152351036668, 0.0009796711383387446, 0.9999992251396179),
            ["Head"] = CFrame.new(7.654534783796407e-09, 3.5762786865234375e-07, 1.862645149230957e-08, 0.999595046043396, 0.02844833955168724, -0.0007303261081688106, -0.02844834327697754, 0.9995953440666199, 0.000007747708878014237, 0.0007302529411390424, 0.000012959881132701412, 0.9999998211860657),
            ["RightUpperArm"] = CFrame.new(-0.027687549591064453, -0.24568259716033936, 0.184841126203537, 0.9947678446769714, -0.07185857743024826, -0.07093999534845352, 0.028930306434631348, 0.8748021125793457, -0.47756946086883545, 0.09797929227352142, 0.4791216254234314, 0.8757253885269165),
            ["UpperTorso"] = CFrame.new(5.042238626629114e-09, -0.000011444091796875, 0.0007418245077133179, 0.9999548196792603, 0.00951303169131279, -0.0000627958434051834, -0.009512968361377716, 0.999954342842102, 0.0009650487918406725, 0.0000719728777767159, -0.0009642666555009782, 0.9999995827674866),
            ["HumanoidRootPart"] = CFrame.new(0, 0, 0, 1, 0, 0, 0, 1, 0, 0, 0, 1),
            ["RightHand"] = CFrame.new(-5.960464477539063e-08, 2.980232238769531e-07, -5.066394805908203e-07, 0.761177659034729, 0.0640493705868721, 0.6453729271888733, -0.0031249853782355785, 0.9954620599746704, -0.09510782361030579, -0.6485358476638794, 0.07037720084190369, 0.7579236626625061),
            ["LeftUpperArm"] = CFrame.new(0.020669400691986084, -0.17061066627502441, -0.012164045125246048, 0.9552894234657288, -0.018193768337368965, 0.29065191745758057, 0.014882056042551994, 0.9997969269752502, 0.013394666835665703, -0.29529741406440735, -0.008668367750942707, 0.9567351937294006),
            ["RightLowerArm"] = CFrame.new(-5.681067705154419e-08, 2.384185791015625e-07, -1.0803341865539551e-07, 0.9999999403953552, 0.000037476420402526855, 0.0003299863019492477, 0.0003221668303012848, 0.13184428215026855, -0.9912704229354858, -0.00008065253496170044, 0.9912705421447754, 0.131844162940979),
            ["LeftHand"] = CFrame.new(2.9802322387695312e-08, 4.172325134277344e-07, 1.4901161193847656e-08, 0.9139200448989868, 0.009723348543047905, 0.40577787160873413, -0.0312652625143528, 0.9984292984008789, 0.04649309441447258, -0.40468841791152954, -0.055177681148052216, 0.9127885103225708),
            ["RightUpperLeg"] = CFrame.new(0, 0.00004159286618232727, 0.001127626746892929, 0.8380566835403442, -0.17127154767513275, -0.5180607438087463, -0.014318817295134068, 0.9422134757041931, -0.33438965678215027, 0.5453952550888062, 0.2879234850406647, 0.7872716784477234),
            ["LeftUpperLeg"] = CFrame.new(2.9802322387695312e-08, 0.00004163570702075958, 0.001127626746892929, 0.9466395378112793, 0.3012802302837372, 0.11442940682172775, -0.1168350875377655, 0.6517939567565918, -0.7494234442710876, -0.3003719747066498, 0.6959848999977112, 0.6521275639533997),
            ["RightLowerLeg"] = CFrame.new(-7.078051567077637e-08, 2.384185791015625e-07, 8.940696716308594e-08, 1, 1.1177213821156329e-08, 1.550422297214027e-07, -6.705522537231445e-08, 0.7891581654548645, 0.6137093305587769, -1.6158446669578552e-07, -0.6141901016235352, 0.7895320057868958),
            ["RightFoot"] = CFrame.new(-2.4854671210050583e-08, -5.960464477539063e-08, -2.6309862732887268e-08, 0.9997122883796692, 0.02121739648282528, 0.010780025273561478, -0.016787026077508926, 0.9514464139938354, -0.30765843391418457, -0.017134154215455055, 0.3070824444293976, 0.9514358043670654),
            ["LeftLowerLeg"] = CFrame.new(0, 1.1920928955078125e-07, 2.9802322387695312e-08, 1, -3.7256535634355714e-09, 9.685987834018306e-08, -5.587935447692871e-08, 0.032124798744916916, 0.9995003342628479, -7.450580596923828e-09, -0.9994839429855347, 0.031611405313014984),
        }},
        {Time = 0.100, Data = {
            ["LeftFoot"] = CFrame.new(-2.9802322387695312e-08, 0, -2.2351741790771484e-08, 0.9977013468742371, -0.03682022914290428, 0.0570717491209507, 0.046425461769104004, 0.9832638502120972, -0.17720375955104828, -0.049362242221832275, 0.17842799425125122, 0.9825180768966675),
            ["LeftLowerArm"] = CFrame.new(-4.729372449219227e-09, 4.76837158203125e-07, -4.164758138358593e-08, 1, 0.00013081083307042718, -0.000005864305421710014, -0.00013094721361994743, 0.9984255433082581, -0.05609264597296715, -0.0000014468096196651459, 0.05609280243515968, 0.9984255433082581),
            ["LowerTorso"] = CFrame.new(-0.06840250641107559, -0.05416750907897949, 0.000007934868335723877, 0.9999872446060181, 0.005049901083111763, -0.00011038077354896814, -0.00505000539124012, 0.9999868273735046, -0.0009644058882258832, 0.00010550916340434924, 0.0009648725390434265, 0.9999995231628418),
            ["Head"] = CFrame.new(-1.0049859611171996e-08, 0, 2.60770320892334e-08, 0.9993464946746826, 0.03614896535873413, -0.0001665043964749202, -0.03614896908402443, 0.9993464350700378, 0.0000014560134786734125, 0.00016645067080389708, 0.000004495384473557351, 1),
            ["RightUpperArm"] = CFrame.new(-0.03661388158798218, -0.29757893085479736, 0.24446061253547668, 0.996168851852417, -0.08664295077323914, -0.006562193855643272, 0.06600045412778854, 0.7994555234909058, -0.5907514095306396, 0.05737308785319328, 0.5944440960884094, 0.8068268895149231),
            ["UpperTorso"] = CFrame.new(-2.5165718398056924e-09, -0.000011444091796875, 0.000741821713745594, 0.9991511106491089, -0.04119522124528885, 0.00027193225105293095, 0.04119492694735527, 0.9991506934165955, 0.0009703525574877858, -0.00031167204724624753, -0.0009581848280504346, 0.9999995231628418),
            ["HumanoidRootPart"] = CFrame.new(0, 0, 0, 1, 0, 0, 0, 1, 0, 0, 0, 1),
            ["RightHand"] = CFrame.new(0, 3.5762786865234375e-07, -2.086162567138672e-07, 0.7592584490776062, 0.06441716104745865, 0.6475932598114014, -0.0030027832835912704, 0.9954253435134888, -0.09549600630998611, -0.6507822871208191, 0.07056164741516113, 0.7559785842895508),
            ["LeftUpperArm"] = CFrame.new(0.020669281482696533, -0.17061090469360352, -0.012164045125246048, 0.9548996686935425, -0.038025520741939545, 0.290026992559433, 0.032165393233299255, 0.9991726279258728, 0.024569842964410782, -0.2951816916465759, -0.014426030218601227, 0.9567030072212219),
            ["RightLowerArm"] = CFrame.new(-9.313225746154785e-10, 5.364418029785156e-07, -9.872019290924072e-08, 0.9999999403953552, 0.000045175551349529997, 0.00045128370402380824, 0.0004405901418067515, 0.1392548382282257, -0.9902564883232117, -0.00010757801646832377, 0.9902566075325012, 0.13925473392009735),
            ["LeftHand"] = CFrame.new(-5.960464477539063e-08, 3.5762786865234375e-07, -4.0978193283081055e-08, 0.9377017021179199, 0.009792438708245754, 0.3473033308982849, -0.0253556277602911, 0.9988660216331482, 0.04029535874724388, -0.3465149998664856, -0.046591080725193024, 0.936886727809906),
            ["RightUpperLeg"] = CFrame.new(0, 0.000041657593101263046, 0.0011276379227638245, 0.830390989780426, -0.180686354637146, -0.5271451473236084, 0.045239757746458054, 0.9646978378295898, -0.25904256105422974, 0.5553414821624756, 0.1916000097990036, 0.8093300461769104),
            ["LeftUpperLeg"] = CFrame.new(-5.960464477539063e-08, 0.00004178192466497421, 0.0011276379227638245, 0.9117711186408997, 0.34747251868247986, 0.21895086765289307, -0.08207394927740097, 0.6764941215515137, -0.7318412661552429, -0.4024142324924469, 0.6493215560913086, 0.6453439593315125),
            ["RightLowerLeg"] = CFrame.new(-7.078051567077637e-08, 0, 4.470348358154297e-08, 1, -3.726240649370993e-09, 4.7952212867130584e-08, -2.2351745343485163e-08, 0.9040684103965759, 0.4267314076423645, -6.146729703004894e-08, -0.42738771438598633, 0.9043784141540527),
            ["RightFoot"] = CFrame.new(-3.015156835317612e-08, -5.960464477539063e-08, 3.795139491558075e-08, 0.9986968636512756, 0.0449080727994442, 0.023752743378281593, -0.039429113268852234, 0.9801374077796936, -0.19448602199554443, -0.032401811331510544, 0.1931687742471695, 0.9806177020072937),
            ["LeftLowerLeg"] = CFrame.new(7.450580596923828e-09, -1.1920928955078125e-07, -7.450580596923828e-08, 1, -3.725257613496069e-08, 1.2293455142753373e-07, -7.450581307466564e-08, 0.30111655592918396, 0.9536591172218323, -2.980232594040899e-08, -0.9535874128341675, 0.30088934302330017),
        }},
        {Time = 0.133, Data = {
            ["LeftFoot"] = CFrame.new(-6.705522537231445e-08, 0, 7.450580596923828e-09, 0.9948842525482178, -0.05892886221408844, 0.08231262117624283, 0.062044281512498856, 0.9974625110626221, -0.03561621159315109, -0.07972442358732224, 0.039950933307409286, 0.9959699511528015),
            ["LeftLowerArm"] = CFrame.new(-5.5035343393683434e-08, 4.172325134277344e-07, -1.4668330550193787e-08, 1, 0.00016732054064050317, -0.000008852221981214825, -0.00016751931980252266, 0.9974216818809509, -0.07176307588815689, -0.0000032335519790649414, 0.07176323235034943, 0.9974217414855957),
            ["LowerTorso"] = CFrame.new(-0.09975637495517731, -0.014809489250183105, -0.0008143596351146698, 0.9995821118354797, 0.028903406113386154, -0.0006317712250165641, -0.028904005885124207, 0.9995818138122559, -0.0009555480792187154, 0.0006038884166628122, 0.0009733326733112335, 0.9999993443489075),
            ["Head"] = CFrame.new(2.2160499213441653e-08, 2.384185791015625e-07, 1.1175870895385742e-08, 0.9993687272071838, 0.03552686795592308, 0.00017809886776376516, -0.03552687540650368, 0.9993687272071838, -0.000016545498510822654, -0.00017857197963166982, 0.000010137395292986184, 1),
            ["RightUpperArm"] = CFrame.new(-0.042118608951568604, -0.32958173751831055, 0.2812263071537018, 0.9942173361778259, -0.09936723858118057, 0.039424363523721695, 0.10154061019420624, 0.7525036931037903, -0.6445208787918091, 0.03494928032159805, 0.6510487794876099, 0.7635695934295654),
            ["UpperTorso"] = CFrame.new(-1.138323568738997e-08, -0.000011861324310302734, 0.0007418226450681686, 0.9979243278503418, -0.06439780443906784, 0.00042509377817623317, 0.06439734995365143, 0.9979239702224731, 0.0009784481953829527, -0.0004872162244282663, -0.0009489015210419893, 0.999999463558197),
            ["HumanoidRootPart"] = CFrame.new(0, 0, 0, 1, 0, 0, 0, 1, 0, 0, 0, 1),
            ["RightHand"] = CFrame.new(1.1920928955078125e-07, 3.5762786865234375e-07, -1.341104507446289e-07, 0.7804474234580994, 0.06031457334756851, 0.6223053932189941, -0.004310158081352711, 0.9958313703536987, -0.09111165255308151, -0.625206708908081, 0.0684254989027977, 0.7774539589881897),
            ["LeftUpperArm"] = CFrame.new(0.02066934108734131, -0.17061090469360352, -0.012164056301116943, 0.9540666937828064, -0.05770023167133331, 0.2895300090312958, 0.05060017481446266, 0.9982107281684875, 0.03147153928875923, -0.2952903211116791, -0.015689611434936523, 0.9566514492034912),
            ["RightLowerArm"] = CFrame.new(-2.2351741790771484e-08, 2.384185791015625e-07, -3.5762786865234375e-07, 0.9999999403953552, 0.00007942505908431485, 0.0005318822804838419, 0.0005208272486925125, 0.10330314189195633, -0.9946498870849609, -0.0001339651644229889, 0.9946500062942505, 0.10330299288034439),
            ["LeftHand"] = CFrame.new(8.940696716308594e-08, 4.172325134277344e-07, -2.60770320892334e-08, 0.9504990577697754, 0.009564850479364395, 0.3105804920196533, -0.021913517266511917, 0.9991008639335632, 0.03629504516720772, -0.3099541664123535, -0.041304271668195724, 0.9498539566993713),
            ["RightUpperLeg"] = CFrame.new(5.960464477539063e-08, 0.000041697174310684204, 0.0011276304721832275, 0.8233733177185059, -0.1431577205657959, -0.5492159128189087, 0.08370505273342133, 0.9877107739448547, -0.13150745630264282, 0.5612931251525879, 0.06271559000015259, 0.8252682089805603),
            ["LeftUpperLeg"] = CFrame.new(0, 0.00004170648753643036, 0.001127634197473526, 0.8794394731521606, 0.35131335258483887, 0.3212527334690094, -0.049845729023218155, 0.7390103936195374, -0.6717204451560974, -0.4733937084674835, 0.5748414397239685, 0.6675240397453308),
            ["RightLowerLeg"] = CFrame.new(4.842877388000488e-08, 5.960464477539063e-08, 7.450580596923828e-09, 1, 3.3541180499696566e-08, 3.9451720112992916e-08, -1.862645326866641e-08, 0.9890512824058533, 0.14693507552146912, -1.2386591663471336e-07, -0.14757169783115387, 0.9891461133956909),
            ["RightFoot"] = CFrame.new(-3.073364496231079e-08, 0, -6.05359673500061e-09, 0.997435450553894, 0.06382808834314346, 0.03180795535445213, -0.06238012760877609, 0.9969677329063416, -0.046594154089689255, -0.03508911281824112, 0.044514380395412445, 0.9984073042869568),
            ["LeftLowerLeg"] = CFrame.new(1.4156103134155273e-07, -2.384185791015625e-07, -2.9802322387695312e-08, 1, 1.8626117537223763e-08, 7.636466392568764e-08, -1.1175869474300271e-07, 0.54024338722229, 0.8414183259010315, -5.215405707303944e-08, -0.8415089249610901, 0.5403842926025391),
        }},
        {Time = 0.167, Data = {
            ["LeftFoot"] = CFrame.new(6.705522537231445e-08, -5.960464477539063e-08, -3.3527612686157227e-08, 0.9973804354667664, -0.055797748267650604, 0.046329565346241, 0.05380447953939438, 0.9975714087486267, 0.0440409816801548, -0.04834560677409172, -0.04169078543782234, 0.9979548454284668),
            ["LeftLowerArm"] = CFrame.new(-3.8533471524715424e-08, 5.960464477539062e-07, -1.4668330550193787e-08, 1, 0.00017816765466704965, -0.000009840588063525502, -0.0001783766783773899, 0.9970760345458984, -0.07641683518886566, -0.000003825873136520386, 0.07641701400279999, 0.9970760345458984),
            ["LowerTorso"] = CFrame.new(-0.11824816465377808, -0.004677295684814453, -0.0012168027460575104, 0.9995499849319458, 0.029989780858159065, -0.0006555172149091959, -0.02999039925634861, 0.9995498061180115, -0.0009548474918119609, 0.0006265863194130361, 0.0009740013629198074, 0.9999993443489075),
            ["Head"] = CFrame.new(1.6522037071808882e-09, 7.152557373046875e-07, 1.862645149230957e-08, 0.999718427658081, 0.023711560294032097, -0.0010134632466360927, -0.023711571469902992, 0.9997189044952393, 0.000013372015018831007, 0.0010134968906641006, 0.000010592329999781214, 0.9999995231628418),
            ["RightUpperArm"] = CFrame.new(-0.0437546968460083, -0.3390936851501465, 0.2921542227268219, 0.9908578395843506, -0.11848966032266617, 0.06334273517131805, 0.1319568008184433, 0.754669189453125, -0.6365032196044922, 0.028073126450181007, 0.6453173756599426, 0.7686685919761658),
            ["UpperTorso"] = CFrame.new(-7.101334631443024e-09, -0.00001138448715209961, 0.0007418273016810417, 0.9985567927360535, -0.0536828488111496, 0.0016393058467656374, 0.05368123948574066, 0.9985576868057251, 0.0010151255410164595, -0.0016914319712668657, -0.0009255207842215896, 0.9999982118606567),
            ["HumanoidRootPart"] = CFrame.new(0, 0, 0, 1, 0, 0, 0, 1, 0, 0, 0, 1),
            ["RightHand"] = CFrame.new(0, 1.7881393432617188e-07, 2.2351741790771484e-07, 0.835134744644165, 0.04922828450798988, 0.5478380918502808, -0.007184464484453201, 0.9968782663345337, -0.07862652093172073, -0.5499985218048096, 0.06172793358564377, 0.8328813314437866),
            ["LeftUpperArm"] = CFrame.new(0.020669221878051758, -0.17061078548431396, -0.012164045125246048, 0.9524667263031006, -0.08059918880462646, 0.2893345355987549, 0.07388347387313843, 0.9966878890991211, 0.03356058523058891, -0.29554784297943115, -0.010821779258549213, 0.9566395282745361),
            ["RightLowerArm"] = CFrame.new(4.889443516731262e-08, 4.172325134277344e-07, 1.862645149230957e-07, 0.9999998807907104, 0.0001602005650056526, 0.0005633386899717152, 0.00056336639681831, -0.00021250270947348326, -0.9999998807907104, -0.00016005711222533137, 1, -0.0002127439802279696),
            ["LeftHand"] = CFrame.new(-1.1920928955078125e-07, 1.7881393432617188e-07, -1.4901161193847656e-08, 0.9540231227874756, 0.009457690641283989, 0.29958394169807434, -0.02092156745493412, 0.9991654753684998, 0.035081565380096436, -0.29900211095809937, -0.039736345410346985, 0.9534247517585754),
            ["RightUpperLeg"] = CFrame.new(0, 0.00004166038706898689, 0.001127634197473526, 0.8203592896461487, -0.11738520860671997, -0.5597289800643921, 0.09716387093067169, 0.9930863976478577, -0.06537134945392609, 0.5635332465171814, -0.00033377096406184137, 0.8260932564735413),
            ["LeftUpperLeg"] = CFrame.new(0, 0.00004185270518064499, 0.001127634197473526, 0.8657573461532593, 0.32902440428733826, 0.37719467282295227, -0.04765116795897484, 0.8042728900909424, -0.5921220779418945, -0.49819034337997437, 0.4948616623878479, 0.7121204733848572),
            ["RightLowerLeg"] = CFrame.new(-4.385947249829769e-08, 0, -1.6007106751203537e-09, 1, -1.327720688948375e-08, 1.8828954750915727e-07, -6.737537638912272e-09, 0.999983012676239, 0.0052951909601688385, -1.0081568291298026e-07, -0.005828522145748138, 0.9999860525131226),
            ["RightFoot"] = CFrame.new(3.4924596548080444e-08, -1.7881393432617188e-07, -7.683411240577698e-09, 0.9964355230331421, 0.07650543004274368, 0.03491859883069992, -0.07759920507669449, 0.9966129064559937, 0.027614368125796318, -0.03308660909533501, -0.030163276940584183, 0.9990085959434509),
            ["LeftLowerLeg"] = CFrame.new(7.450580596923828e-08, 0, 0, 1, -4.889710858435592e-09, 5.587321716404858e-09, -1.0058283805847168e-07, 0.7084094285964966, 0.7054629921913147, -1.2665987014770508e-07, -0.7058017253875732, 0.7087466716766357),
        }},
        {Time = 0.200, Data = {
            ["LeftFoot"] = CFrame.new(1.6763806343078613e-08, -1.1920928955078125e-07, -7.078051567077637e-08, 0.9987252354621887, -0.04244118183851242, -0.02691281959414482, 0.04467015340924263, 0.9953412413597107, 0.0854431763291359, 0.02350829727947712, -0.08657100051641464, 0.9959794282913208),
            ["LeftLowerArm"] = CFrame.new(-2.8172507882118225e-08, 4.76837158203125e-07, 1.862645149230957e-09, 1, 0.00017241211025975645, -0.000009258278623747174, -0.00017264012421946973, 0.9972617626190186, -0.07395248860120773, -0.00000348733783539501, 0.07395265996456146, 0.9972618222236633),
            ["LowerTorso"] = CFrame.new(-0.13196106255054474, -0.014081716537475586, -0.001235075294971466, 0.9998742341995239, 0.015861352905631065, -0.0003466978669166565, -0.01586168073117733, 0.9998738169670105, -0.0009619320626370609, 0.00033139658626168966, 0.000967232626862824, 0.999999463558197),
            ["Head"] = CFrame.new(-8.424763109360356e-10, -2.384185791015625e-07, 1.4901161193847656e-08, 0.9999910593032837, 0.0033881203271448612, -0.002528851618990302, -0.003388108452782035, 0.9999942779541016, 0.00001021910702547757, 0.0025288723409175873, -0.0000017188170886583976, 0.9999969005584717),
            ["RightUpperArm"] = CFrame.new(-0.04288816452026367, -0.3340568542480469, 0.28636685013771057, 0.986324667930603, -0.14670556783676147, 0.07377291470766068, 0.16231416165828705, 0.7877773642539978, -0.5879139304161072, 0.028597423806786537, 0.5982344150543213, 0.8055525422096252),
            ["UpperTorso"] = CFrame.new(-5.693436833098531e-09, -0.000011563301086425781, 0.0007418198511004448, 0.9998106956481934, -0.019249262288212776, 0.0028599754441529512, 0.019246460869908333, 0.9998142719268799, 0.0010057659819722176, -0.002878802828490734, -0.0009503886685706675, 0.9999954700469971),
            ["HumanoidRootPart"] = CFrame.new(0, 0, 0, 1, 0, 0, 0, 1, 0, 0, 0, 1),
            ["RightHand"] = CFrame.new(-1.4901161193847656e-07, 5.960464477539062e-07, -4.470348358154297e-08, 0.9023237824440002, 0.0341644212603569, 0.42970311641693115, -0.00926923006772995, 0.9981616139411926, -0.0598965585231781, -0.43095946311950684, 0.05006306990981102, 0.9009814262390137),
            ["LeftUpperArm"] = CFrame.new(0.02066934108734131, -0.17061126232147217, -0.012164052575826645, 0.9498612284660339, -0.10681885480880737, 0.2894148528575897, 0.10159824043512344, 0.99427729845047, 0.03254524618387222, -0.2957049012184143, -0.0015903012827038765, 0.9566503167152405),
            ["RightLowerArm"] = CFrame.new(-1.7695128917694092e-08, 2.980232238769531e-07, -1.4156103134155273e-07, 0.9999998211860657, 0.0002749804698396474, 0.0005499984254129231, 0.0005859844968654215, -0.1550561636686325, -0.9879055619239807, -0.0001863818906713277, 0.9879056811332703, -0.15505646169185638),
            ["LeftHand"] = CFrame.new(0, 4.76837158203125e-07, 2.9802322387695312e-08, 0.9521728157997131, 0.00951668992638588, 0.3054119944572449, -0.02144508995115757, 0.9991315603256226, 0.03572557494044304, -0.30480673909187317, -0.04056646674871445, 0.9515499472618103),
            ["RightUpperLeg"] = CFrame.new(5.960464477539063e-08, 0.00004172651097178459, 0.001127626746892929, 0.8192989230155945, -0.11476454883813858, -0.5618206262588501, 0.09516864269971848, 0.9933922290802002, -0.06364887207746506, 0.5654133558273315, -0.0008973134099505842, 0.8248068690299988),
            ["LeftUpperLeg"] = CFrame.new(0, 0.000041773077100515366, 0.0011276304721832275, 0.8695094585418701, 0.2973268926143646, 0.3945046067237854, -0.06902919709682465, 0.8638240098953247, -0.4987304210662842, -0.4890688359737396, 0.4066999554634094, 0.7717733979225159),
            ["RightLowerLeg"] = CFrame.new(-8.894858183339238e-10, -1.1920928955078125e-07, 3.395689418539405e-08, 1, -2.4923876296156777e-08, 1.047346316340736e-07, 9.065844075450968e-09, 0.9999830722808838, 0.005299622192978859, -4.703179712350902e-08, -0.005832582246512175, 0.999985933303833),
            ["RightFoot"] = CFrame.new(4.353933036327362e-08, -5.960464477539063e-08, 5.820766091346741e-09, 0.9955589771270752, 0.08616755157709122, 0.03724844753742218, -0.0875452309846878, 0.9956173300743103, 0.03330579400062561, -0.034614723175764084, -0.03635098785161972, 0.9987508654594421),
            ["LeftLowerLeg"] = CFrame.new(5.960464477539063e-08, 5.960464477539063e-08, -5.960464477539063e-08, 1, 1.8629453535368157e-08, 1.2756905221067427e-07, -5.960463766996327e-08, 0.8293565511703491, 0.5581697821617126, -1.1920927533992653e-07, -0.5587196350097656, 0.8297268152236938),
        }},
        {Time = 0.233, Data = {
            ["LeftFoot"] = CFrame.new(-1.4901161193847656e-08, 0, -7.450580596923828e-09, 0.9970992207527161, -0.03538617119193077, -0.06700559705495834, 0.04334369674324989, 0.991874635219574, 0.11974041908979416, 0.06256626546382904, -0.12219880521297455, 0.9905414581298828),
            ["LeftLowerArm"] = CFrame.new(-1.4435499906539917e-08, 5.960464477539062e-07, -1.1175870895385742e-08, 1, 0.0001673158840276301, -0.000008873176739143673, -0.00016751675866544247, 0.9974217414855957, -0.07176307588815689, -0.000003243330866098404, 0.07176323235034943, 0.9974216818809509),
            ["LowerTorso"] = CFrame.new(-0.1537158042192459, -0.024182915687561035, -0.00061851367354393, 0.9999852776527405, 0.005425130017101765, -0.00011858279322041199, -0.0054252417758107185, 0.999984860420227, -0.00096436298917979, 0.00011334919690852985, 0.0009649135172367096, 0.9999995231628418),
            ["Head"] = CFrame.new(-1.3874171145289438e-08, 1.1920928955078125e-07, 2.60770320892334e-08, 0.9999290108680725, -0.01192229799926281, 0.00015623406216036528, 0.011922301724553108, 0.9999289512634277, 0.0000011127166317237425, -0.00015623703075107187, 6.818357860538526e-07, 1),
            ["RightUpperArm"] = CFrame.new(-0.04211854934692383, -0.32958197593688965, 0.2812263071537018, 0.9809789061546326, -0.17366009950637817, 0.08524326980113983, 0.1919974684715271, 0.8039562106132507, -0.5566004514694214, 0.028589468449354172, 0.5687676668167114, 0.8263954520225525),
            ["UpperTorso"] = CFrame.new(-3.181412466801703e-09, -0.000011414289474487305, 0.0007418179884552956, 0.9999789595603943, 0.006497267633676529, -0.000042888819734798744, -0.006497223395854235, 0.9999784827232361, 0.0009648912819102407, 0.00004915652971249074, -0.0009644515812397003, 0.9999995231628418),
            ["HumanoidRootPart"] = CFrame.new(0, 0, 0, 1, 0, 0, 0, 1, 0, 0, 0, 1),
            ["RightHand"] = CFrame.new(-5.960464477539063e-08, 2.980232238769531e-07, 8.940696716308594e-08, 0.9346145391464233, 0.02593754045665264, 0.3547154664993286, -0.009283402934670448, 0.9987766146659851, -0.0485723502933979, -0.3555413782596588, 0.04210339114069939, 0.9337117671966553),
            ["LeftUpperArm"] = CFrame.new(0.020669221878051758, -0.17061078548431396, -0.012164048850536346, 0.9478146433830261, -0.12346261739730835, 0.2895110249519348, 0.11927998811006546, 0.9923387169837952, 0.03162972256541252, -0.295668363571167, 0.004574859980493784, 0.9566519260406494),
            ["RightLowerArm"] = CFrame.new(-2.9569491744041443e-08, 2.384185791015625e-07, -6.705522537231445e-08, 0.9999998807907104, 0.0003498159640002996, 0.0005286430241540074, 0.000600891187787056, -0.2575390338897705, -0.9662677049636841, -0.00020189397037029266, 0.9662679433822632, -0.25753939151763916),
            ["LeftHand"] = CFrame.new(-5.960464477539063e-08, 3.5762786865234375e-07, -2.2351741790771484e-08, 0.9504989385604858, 0.009564874693751335, 0.3105805516242981, -0.021913547068834305, 0.9991008043289185, 0.03629504144191742, -0.3099541664123535, -0.04130425304174423, 0.9498538970947266),
            ["RightUpperLeg"] = CFrame.new(5.960464477539063e-08, 0.00004174141213297844, 0.001127634197473526, 0.8151178956031799, -0.11855315417051315, -0.5670931339263916, 0.09781911969184875, 0.9929472804069519, -0.06648869067430496, 0.5709765553474426, -0.0008553777588531375, 0.8209657073020935),
            ["LeftUpperLeg"] = CFrame.new(-1.1920928955078125e-07, 0.00004179636016488075, 0.001127634197473526, 0.8778005242347717, 0.25905632972717285, 0.40304216742515564, -0.08083855360746384, 0.9091953635215759, -0.40806376934051514, -0.4721561670303345, 0.3259654641151428, 0.8191708922386169),
            ["RightLowerLeg"] = CFrame.new(-6.399932317435741e-08, 1.1920928955078125e-07, -2.5407643988728523e-08, 1, -1.8634674248119154e-08, 1.5640370065739262e-07, -1.9063008949160576e-09, 0.9999830722808838, 0.005299949087202549, -1.1362135410308838e-07, -0.005833127070218325, 0.999985933303833),
            ["RightFoot"] = CFrame.new(3.4924596548080444e-08, -1.1920928955078125e-07, 2.6542693376541138e-08, 0.9942206740379333, 0.09748221933841705, 0.04428355395793915, -0.0994500070810318, 0.9942163825035095, 0.04097593575716019, -0.040434546768665314, -0.04506703466176987, 0.9981783628463745),
            ["LeftLowerLeg"] = CFrame.new(9.685754776000977e-08, -2.384185791015625e-07, 8.940696716308594e-08, 1, 0, 1.2598988519130216e-07, -2.2351745343485163e-08, 0.9119199514389038, 0.40970277786254883, -1.1175872316471214e-07, -0.41036802530288696, 0.9122189879417419),
        }},
        {Time = 0.267, Data = {
            ["LeftFoot"] = CFrame.new(1.862645149230957e-09, 1.1920928955078125e-07, -3.166496753692627e-08, 0.9979289770126343, -0.04198670759797096, -0.04832957312464714, 0.04934532195329666, 0.9859396815299988, 0.15986059606075287, 0.041267771273851395, -0.16174130141735077, 0.9859557747840881),
            ["LeftLowerArm"] = CFrame.new(7.35744833946228e-08, 1.1920928955078125e-07, 4.284083843231201e-08, 1, 0.0001673289225436747, -0.00000884337532625068, -0.00016751747170928866, 0.9974216818809509, -0.07176308333873749, -0.0000032014218049880583, 0.07176321744918823, 0.9974217414855957),
            ["LowerTorso"] = CFrame.new(-0.18657824397087097, -0.03019535541534424, 0.0007185228168964386, 0.999998152256012, 0.0019360135775059462, -0.000042317646148148924, -0.0019360535079613328, 0.9999977350234985, -0.0009646449470892549, 0.00004044998058816418, 0.0009646471589803696, 0.9999995231628418),
            ["Head"] = CFrame.new(-1.9739673007279634e-08, 3.5762786865234375e-07, 1.4901161193847656e-08, 0.9997467994689941, -0.020905937999486923, 0.008328627794981003, 0.02090536430478096, 0.9997814297676086, 0.00015649896522518247, -0.008330080658197403, 0.000017585627574590035, 0.9999653100967407),
            ["RightUpperArm"] = CFrame.new(-0.04211866855621338, -0.329581618309021, 0.281226247549057, 0.977893054485321, -0.19188103079795837, 0.08124048262834549, 0.20423220098018646, 0.7940557599067688, -0.5662990808486938, 0.0448824018239975, 0.5767642259597778, 0.8201861381530762),
            ["UpperTorso"] = CFrame.new(-3.993591235484928e-09, -0.000011414289474487305, 0.0007418226450681686, 0.9997857213020325, 0.01896969974040985, -0.00828965101391077, -0.018962332978844643, 0.9998197555541992, 0.0009662148077040911, 0.008306481875479221, -0.000808676821179688, 0.999965250492096),
            ["HumanoidRootPart"] = CFrame.new(0, 0, 0, 1, 0, 0, 0, 1, 0, 0, 0, 1),
            ["RightHand"] = CFrame.new(-1.1920928955078125e-07, -1.7881393432617188e-07, 1.4901161193847656e-07, 0.9337107539176941, 0.026157109066843987, 0.35707154870033264, -0.009297365322709084, 0.9987627863883972, -0.048852160573005676, -0.3579077422618866, 0.042293962091207504, 0.9327987432479858),
            ["LeftUpperArm"] = CFrame.new(0.02066934108734131, -0.17061054706573486, -0.012164048850536346, 0.9468258619308472, -0.13084706664085388, 0.2895081639289856, 0.12699498236179352, 0.991378903388977, 0.0316474586725235, -0.29562321305274963, 0.006860353518277407, 0.9566521644592285),
            ["RightLowerArm"] = CFrame.new(2.3283064365386963e-09, 6.556510925292969e-07, -1.9744038581848145e-07, 0.9999998807907104, 0.0003605523961596191, 0.0005076231900602579, 0.0005925782606936991, -0.3008418381214142, -0.9536738395690918, -0.00019113349844701588, 0.9536740779876709, -0.30084213614463806),
            ["LeftHand"] = CFrame.new(-1.1920928955078125e-07, 2.980232238769531e-07, 4.470348358154297e-08, 0.9504990577697754, 0.009564888663589954, 0.3105805218219757, -0.02191356010735035, 0.9991008639335632, 0.03629501536488533, -0.30995410680770874, -0.041304245591163635, 0.9498538970947266),
