return {
    ["Wrld Revolve"] = {
        {Time = 0.000, Data = {
            ["RightFoot"] = CFrame.new(-1.0244548320770264e-08, 2.384185791015625e-07, 3.894820110872388e-08, 0.9481347799301147, 0.1713583916425705, 0.2677253782749176, 0.024548599496483803, 0.8002617955207825, -0.5991474390029907, -0.316919207572937, 0.5746454000473022, 0.7545498609542847),
            ["LeftLowerArm"] = CFrame.new(1.4901161193847656e-08, -0.000011563301086425781, 0.00003196299076080322, 0.9999995827674866, 0.0008849076111800969, -0.0004590862081386149, -0.00039318582275882363, -0.07304402440786362, -0.9973286390304565, -0.0009160899790003896, 0.9973284006118774, -0.07304363697767258),
            ["LeftFoot"] = CFrame.new(5.5233897455764236e-08, -1.1920928955078125e-07, -2.013953803725599e-08, 0.957456111907959, -0.2881314158439636, 0.016069680452346802, 0.2862416207790375, 0.9411540627479553, -0.1797075867652893, 0.03665509447455406, 0.17666177451610565, 0.9835888743400574),
            ["Head"] = CFrame.new(-1.0244548320770264e-08, 2.384185791015625e-07, 1.0244548320770264e-08, 0.9984769821166992, -0.05356230586767197, 0.013225200586020947, 0.05514055863022804, 0.9608851671218872, -0.27140238881111145, 0.0018290390726178885, 0.27171823382377625, 0.9623752236366272),
            ["LowerTorso"] = CFrame.new(-0.025732409209012985, -0.2930656671524048, 0.057448554784059525, 0.9838341474533081, 0.10572008788585663, 0.14454646408557892, -0.04874489828944206, 0.934765636920929, -0.3519049882888794, -0.17232048511505127, 0.3391702175140381, 0.9248076677322388),
            ["UpperTorso"] = CFrame.new(9.313225746154785e-09, -8.940696716308594e-08, -2.3283064365386963e-08, 0.9961840510368347, -0.012629358097910881, -0.0863594114780426, 0.04472167417407036, 0.92356938123703, 0.3808145225048065, 0.07494945824146271, -0.38322344422340393, 0.9206097722053528),
            ["HumanoidRootPart"] = CFrame.new(0, 0, 0, 1, 0, 0, 0, 1, 0, 0, 0, 1),
            ["RightUpperLeg"] = CFrame.new(0, -1.7695128917694092e-08, 2.996966941282153e-08, 0.945384681224823, -0.3111858069896698, -0.0970115065574646, 0.2893320322036743, 0.9381993412971497, -0.1899183988571167, 0.15011605620384216, 0.15147723257541656, 0.9769952893257141),
            ["LeftUpperArm"] = CFrame.new(0, 3.5762786865234375e-07, -7.450580596923828e-09, 0.8205051422119141, -0.40763401985168457, -0.40075644850730896, -0.02554936148226261, 0.6742140054702759, -0.7380939722061157, 0.5710679888725281, 0.6158490180969238, 0.5427812933921814),
            ["RightLowerArm"] = CFrame.new(8.940696716308594e-08, 0.000011086463928222656, -0.00003153085708618164, 1, -2.3841860752327193e-07, 2.6077037773575285e-07, 1.4901161193847656e-07, -0.23515136539936066, -0.9719589352607727, 2.980232238769531e-07, 0.9719588756561279, -0.2351510226726532),
            ["LeftHand"] = CFrame.new(-5.960464477539063e-08, 0, -1.4901161193847656e-07, 0.8144683837890625, 0.18718528747558594, -0.5491840243339539, -0.4551171660423279, 0.7931970357894897, -0.40460696816444397, 0.3598746955394745, 0.5794826149940491, 0.7312251329421997),
            ["RightHand"] = CFrame.new(5.960464477539063e-08, -1.1920928955078125e-07, 2.086162567138672e-07, 0.9459636211395264, -0.28676292300224304, 0.15139317512512207, 0.3183257579803467, 0.910201907157898, -0.264955073595047, -0.06181914731860161, 0.2988301217556, 0.9523019790649414),
            ["RightUpperArm"] = CFrame.new(0, 3.5762786865234375e-07, 7.450580596923828e-09, 0.9262531995773315, 0.09710006415843964, 0.36417943239212036, 0.157659649848938, 0.7778276801109314, -0.6083809733390808, -0.34234270453453064, 0.6209312677383423, 0.705156683921814),
            ["RightLowerLeg"] = CFrame.new(-2.60770320892334e-08, -0.000029385089874267578, -0.00005198845610721037, 1, 4.4703462265260896e-08, -3.3527619791584584e-08, -5.960464477539063e-08, 0.3858124911785126, 0.9225771427154541, -1.6763806343078613e-08, -0.9225773215293884, 0.38581281900405884),
            ["LeftUpperLeg"] = CFrame.new(0, 4.0978193283081055e-08, -1.4901161193847656e-08, 0.9433605670928955, 0.32998377084732056, 0.03437591716647148, -0.3066866397857666, 0.906867265701294, -0.2890245020389557, -0.1265479028224945, 0.2621118128299713, 0.9567043781280518),
            ["LeftLowerLeg"] = CFrame.new(-1.862645149230957e-07, 0.00002968311309814453, 0.000052168965339660645, 1, 4.470348358154297e-08, 8.195639367158947e-08, -7.450581307466564e-08, 0.641642689704895, 0.7670038342475891, 1.4901162970204496e-08, -0.7670037746429443, 0.641642689704895),
        }},
        {Time = 0.033, Data = {
            ["RightFoot"] = CFrame.new(1.955777406692505e-08, 2.384185791015625e-07, 5.3849362302571535e-08, 0.9502890110015869, 0.1617990881204605, 0.26603028178215027, -0.009133996441960335, 0.8685048818588257, -0.495595782995224, -0.3112354874610901, 0.46852996945381165, 0.8268088102340698),
            ["LeftLowerArm"] = CFrame.new(-1.6391277313232422e-07, -0.000012278556823730469, 0.00003190338611602783, 0.9999995231628418, 0.0008822978707030416, -0.00045546889305114746, -0.0003934614942409098, -0.06895871460437775, -0.9976195096969604, -0.000911601004190743, 0.9976191520690918, -0.06895820051431656),
            ["LeftFoot"] = CFrame.new(-1.129841606939408e-07, -1.7881393432617188e-07, -5.947354608792921e-08, 0.9617607593536377, -0.2738669514656067, 0.0036473264917731285, 0.27059608697891235, 0.9480458498001099, -0.16729305684566498, 0.042358048260211945, 0.16188278794288635, 0.9859005212783813),
            ["Head"] = CFrame.new(2.0489096641540527e-08, 2.384185791015625e-07, -9.313225746154785e-09, 0.9952097535133362, -0.0972476527094841, 0.010031728073954582, 0.09691797941923141, 0.9679248332977295, -0.23179401457309723, 0.01283146720379591, 0.23165589570999146, 0.9727131724357605),
            ["LowerTorso"] = CFrame.new(-0.06812232732772827, -0.22806549072265625, 0.05029558390378952, 0.9832800626754761, 0.027412641793489456, 0.18002474308013916, 0.01993337646126747, 0.9664610624313354, -0.2560388445854187, -0.1810055822134018, 0.255346417427063, 0.9497553110122681),
            ["UpperTorso"] = CFrame.new(1.1175870895385742e-08, -5.960464477539063e-08, -1.2852251529693604e-07, 0.9927173256874084, 0.09530605375766754, -0.07368187606334686, -0.07375586777925491, 0.9644463658332825, 0.2537781596183777, 0.09524881839752197, -0.2464955598115921, 0.9644519686698914),
            ["HumanoidRootPart"] = CFrame.new(0, 0, 0, 1, 0, 0, 0, 1, 0, 0, 0, 1),
            ["RightUpperLeg"] = CFrame.new(5.960464477539063e-08, 1.862645149230957e-09, -9.110226528719068e-08, 0.9577351212501526, -0.24854646623134613, -0.14480377733707428, 0.2208521068096161, 0.9578986167907715, -0.18345202505588531, 0.18430359661579132, 0.14371798932552338, 0.972305178642273),
            ["LeftUpperArm"] = CFrame.new(0, 4.76837158203125e-07, -2.7939677238464355e-09, 0.8208634257316589, -0.4430079460144043, -0.3604543209075928, -0.00011132798681501299, 0.6310065984725952, -0.7757774591445923, 0.5711246728897095, 0.6368474364280701, 0.5179209113121033),
            ["RightLowerArm"] = CFrame.new(-4.842877388000488e-08, 0.000011444091796875, -0.000031620264053344727, 1, -1.434236764907837e-07, 1.578591621864689e-07, 1.4668330550193787e-07, -0.19587677717208862, -0.980628490447998, 1.1920928955078125e-07, 0.9806285500526428, -0.19587679207324982),
            ["LeftHand"] = CFrame.new(-5.960464477539063e-08, 0, -2.086162567138672e-07, 0.8193565607070923, 0.20302604138851166, -0.5361300110816956, -0.4627106189727783, 0.7863253355026245, -0.4093792140483856, 0.3384579122066498, 0.5835006833076477, 0.7382230758666992),
            ["RightHand"] = CFrame.new(0, 5.960464477539063e-08, -1.4901161193847656e-07, 0.9361466765403748, -0.32829713821411133, 0.12589868903160095, 0.3490578234195709, 0.9107959270477295, -0.22047549486160278, -0.04228644445538521, 0.2503434419631958, 0.9672331809997559),
            ["RightUpperArm"] = CFrame.new(2.384185791015625e-07, 3.5762786865234375e-07, -1.3969838619232178e-08, 0.9240279197692871, 0.20986174046993256, 0.3195785582065582, 0.08046362549066544, 0.7104141712188721, -0.6991689801216125, -0.37376195192337036, 0.6717661619186401, 0.6395562887191772),
            ["RightLowerLeg"] = CFrame.new(-6.705522537231445e-08, -0.000029802322387695312, -0.0000519363020430319, 1, 5.21540464148984e-08, 0, -3.5390254282674505e-08, 0.553089439868927, 0.8331215381622314, 1.303851426825986e-08, -0.8331219553947449, 0.5530900359153748),
            ["LeftUpperLeg"] = CFrame.new(2.9802322387695312e-08, -2.691522240638733e-07, -2.2351741790771484e-08, 0.9313052296638489, 0.36383551359176636, 0.017156360670924187, -0.33204391598701477, 0.867404580116272, -0.3706161677837372, -0.1497248262166977, 0.33945998549461365, 0.9286277294158936),
            ["LeftLowerLeg"] = CFrame.new(2.2351741790771484e-08, 0.000029861927032470703, 0.00005219876766204834, 1, 7.4505797087454084e-09, 9.685752644372769e-08, -7.450580596923828e-08, 0.6613114476203918, 0.75011146068573, 2.9802322387695312e-08, -0.7501114010810852, 0.6613114476203918),
        }},
        {Time = 0.067, Data = {
            ["RightFoot"] = CFrame.new(-4.1443854570388794e-08, 4.172325134277344e-07, -1.3205863069742918e-08, 0.9617396593093872, 0.09404117614030838, 0.25731897354125977, -0.05245702341198921, 0.985072910785675, -0.1639503538608551, -0.2688959836959839, 0.1441795378923416, 0.9523167610168457),
            ["LeftLowerArm"] = CFrame.new(-6.705522537231445e-08, -0.00001138448715209961, 0.00003193318843841553, 0.9999995827674866, 0.000869884854182601, -0.0004381463513709605, -0.0003949255624320358, -0.04908015951514244, -0.9987948536872864, -0.0008903818670660257, 0.9987945556640625, -0.04907989501953125),
            ["LeftFoot"] = CFrame.new(-5.181189877134784e-08, 0, 3.926165703660445e-08, 0.9723049998283386, -0.23211483657360077, -0.0273129940032959, 0.23349639773368835, 0.9698003530502319, 0.07047521322965622, 0.010129605419933796, -0.0749010369181633, 0.9971396327018738),
            ["Head"] = CFrame.new(-5.029141902923584e-08, 1.1920928955078125e-07, 2.0489096641540527e-08, 0.9886596202850342, -0.14985990524291992, -0.00971127301454544, 0.14578606188297272, 0.9732798933982849, -0.1774057000875473, 0.03603776916861534, 0.17397809028625488, 0.9840899109840393),
            ["LowerTorso"] = CFrame.new(-0.12106484919786453, -0.047194838523864746, 0.07608817517757416, 0.969899594783783, -0.021694215014576912, 0.24253685772418976, 0.04672311246395111, 0.9940963387489319, -0.09792568534612656, -0.23898059129714966, 0.1063101589679718, 0.9651872515678406),
            ["UpperTorso"] = CFrame.new(7.450580596923828e-09, -2.9802322387695312e-08, -1.4901161193847656e-08, 0.981924831867218, 0.16650155186653137, -0.09000592678785324, -0.1629488170146942, 0.9855836033821106, 0.045527152717113495, 0.09628871828317642, -0.030037887394428253, 0.994900107383728),
            ["HumanoidRootPart"] = CFrame.new(0, 0, 0, 1, 0, 0, 0, 1, 0, 0, 0, 1),
            ["RightUpperLeg"] = CFrame.new(0, 2.8405338525772095e-08, -1.6596459317952394e-08, 0.957819938659668, -0.21275590360164642, -0.1931735724210739, 0.17227265238761902, 0.9631418585777283, -0.2065911740064621, 0.2300071120262146, 0.1645985245704651, 0.9591684937477112),
            ["LeftUpperArm"] = CFrame.new(5.960464477539063e-08, 3.5762786865234375e-07, 1.4901161193847656e-08, 0.8229431509971619, -0.47896498441696167, -0.30554425716400146, 0.0020438632927834988, 0.5403051376342773, -0.8414667248725891, 0.5681200623512268, 0.69185471534729, 0.4456194341182709),
            ["RightLowerArm"] = CFrame.new(3.8743019104003906e-07, 0.000011622905731201172, -0.000031635165214538574, 1, -1.7136335372924805e-07, 9.685756907629184e-08, 7.82310962677002e-08, -0.07663395255804062, -0.9970593452453613, 6.705522537231445e-08, 0.9970593452453613, -0.07663397490978241),
            ["LeftHand"] = CFrame.new(0, -2.384185791015625e-07, -1.1920928955078125e-07, 0.8323697447776794, 0.24105055630207062, -0.4990544021129608, -0.476709246635437, 0.7706784009933472, -0.42285144329071045, 0.2826818525791168, 0.589872419834137, 0.7564004063606262),
            ["RightHand"] = CFrame.new(0, 1.1920928955078125e-07, 2.086162567138672e-07, 0.9132304191589355, -0.400794118642807, 0.07330946624279022, 0.4073095917701721, 0.9026440978050232, -0.13904112577438354, -0.0104454904794693, 0.15683619678020477, 0.9875693917274475),
            ["RightUpperArm"] = CFrame.new(-1.1920928955078125e-07, 2.384185791015625e-07, -1.1175870895385742e-08, 0.9026302099227905, 0.22769656777381897, 0.3652576208114624, 0.20090939104557037, 0.5276030898094177, -0.8253910541534424, -0.380649596452713, 0.8184065222740173, 0.43048402667045593),
            ["RightLowerLeg"] = CFrame.new(-1.0477378964424133e-08, -0.00002956390380859375, -0.000052096489525865763, 1, 4.377216455964117e-08, -4.563480615615845e-08, -1.9092105674189952e-08, 0.7730526924133301, 0.6343415975570679, -4.749743354182101e-08, -0.6343419551849365, 0.7730529308319092),
            ["LeftUpperLeg"] = CFrame.new(0, -1.3969838619232178e-08, -1.4901161193847656e-08, 0.9473674297332764, 0.31212007999420166, 0.07124757021665573, -0.2704641819000244, 0.8993502259254456, -0.3435378670692444, -0.17130158841609955, 0.3061867654323578, 0.9364323616027832),
            ["LeftLowerLeg"] = CFrame.new(-1.993030309677124e-07, 0.000029742717742919922, 0.00005209818482398987, 1, 3.725290653733282e-08, -5.448238482586021e-08, -4.4703497792397684e-08, 0.9076009392738342, 0.419834166765213, -2.980233304583635e-08, -0.41983410716056824, 0.9076009392738342),
        }},
        {Time = 0.100, Data = {
            ["RightFoot"] = CFrame.new(-4.7497451305389404e-08, 4.172325134277344e-07, 2.9431248549371958e-08, 0.9744412302970886, -0.018737897276878357, 0.2238597869873047, -0.05864724889397621, 0.940736711025238, 0.334028422832489, -0.21685226261615753, -0.3386196494102478, 0.9155937433242798),
            ["LeftLowerArm"] = CFrame.new(-2.9802322387695312e-08, -0.000011801719665527344, 0.00003167986869812012, 0.9999995231628418, 0.0008629411458969116, -0.0004289300413802266, -0.000395357608795166, -0.03850199282169342, -0.9992584586143494, -0.0008788406848907471, 0.9992582201957703, -0.038501523435115814),
            ["LeftFoot"] = CFrame.new(5.631591193377972e-09, -5.960464477539063e-08, 3.000604920089245e-08, 0.9837036728858948, -0.14838334918022156, -0.10153497755527496, 0.17894253134727478, 0.862972617149353, 0.47250160574913025, 0.01751084066927433, -0.4829707145690918, 0.8754615187644958),
            ["Head"] = CFrame.new(6.332993507385254e-08, -3.5762786865234375e-07, -1.862645149230957e-09, 0.9837353229522705, -0.174965038895607, -0.040645163506269455, 0.16900897026062012, 0.978227436542511, -0.12044533342123032, 0.06083393469452858, 0.11161693930625916, 0.991887629032135),
            ["LowerTorso"] = CFrame.new(-0.16599413752555847, 0.1600785255432129, 0.05942453071475029, 0.9476813673973083, -0.01866728626191616, 0.3186715841293335, 0.035890791565179825, 0.9981898069381714, -0.04826142266392708, -0.31719377636909485, 0.05717383325099945, 0.9466357827186584),
            ["UpperTorso"] = CFrame.new(-1.30385160446167e-08, -2.9802322387695312e-08, 0, 0.9784761071205139, 0.17093604803085327, -0.1156088262796402, -0.17852407693862915, 0.9821802377700806, -0.05874582752585411, 0.10350688546895981, 0.07812034338712692, 0.9915561079978943),
            ["HumanoidRootPart"] = CFrame.new(0, 0, 0, 1, 0, 0, 0, 1, 0, 0, 0, 1),
            ["RightUpperLeg"] = CFrame.new(-2.9802322387695312e-08, -9.639188647270203e-08, 1.3205863069742918e-08, 0.9536797404289246, -0.2068438082933426, -0.21842741966247559, 0.16516636312007904, 0.966899573802948, -0.19448740780353546, 0.25142595171928406, 0.1494016945362091, 0.9562762379646301),
            ["LeftUpperArm"] = CFrame.new(1.1920928955078125e-07, -4.76837158203125e-07, -2.9802322387695312e-08, 0.8281211256980896, -0.4758901298046112, -0.29621660709381104, -0.03151770681142807, 0.48807352781295776, -0.8722332715988159, 0.5596625208854675, 0.7316507697105408, 0.38918501138687134),
            ["RightLowerArm"] = CFrame.new(2.086162567138672e-07, 0.000010669231414794922, -0.00003150850534439087, 1, -1.136213683139431e-07, 4.4703494239684005e-08, 9.685756197086448e-08, 0.01938490755856037, -0.9998121857643127, 5.2154071283894154e-08, 0.9998121857643127, 0.019384868443012238),
            ["LeftHand"] = CFrame.new(0, -2.980232238769531e-07, -4.470348358154297e-08, 0.8506319522857666, 0.286703884601593, -0.4407110810279846, -0.48396238684654236, 0.7545198202133179, -0.4432610869407654, 0.20544062554836273, 0.5903396010398865, 0.7805725336074829),
            ["RightHand"] = CFrame.new(5.960464477539063e-08, 1.1920928955078125e-07, 0, 0.8982225060462952, -0.4374767541885376, 0.04254957661032677, 0.43952125310897827, 0.8930450677871704, -0.09639304876327515, 0.004170979373157024, 0.10528386384248734, 0.9944335222244263),
            ["RightUpperArm"] = CFrame.new(1.1920928955078125e-07, -4.76837158203125e-07, -1.862645149230957e-08, 0.8326452970504761, 0.06610257178544998, 0.5498477816581726, 0.5010058879852295, 0.33318209648132324, -0.7987382411956787, -0.23599791526794434, 0.9405425786972046, 0.2443045973777771),
            ["RightLowerLeg"] = CFrame.new(1.2479722499847412e-07, -0.00002944469451904297, -0.0000520145331392996, 1, -1.862645326866641e-08, 3.370223922161131e-08, -2.4214378058218244e-08, 0.8535271883010864, 0.5210476517677307, 1.1175867342672063e-08, -0.5210483074188232, 0.8535276651382446),
            ["LeftUpperLeg"] = CFrame.new(-0.009144306182861328, -0.043298572301864624, -0.005378119647502899, 0.9660235047340393, 0.24033507704734802, 0.0950663760304451, -0.220574289560318, 0.9583519697189331, -0.18140704929828644, -0.13470545411109924, 0.15427428483963013, 0.9788023233413696),
            ["LeftLowerLeg"] = CFrame.new(-1.4156103134155273e-07, 0.00002968311309814453, 0.00005208700895309448, 1, 1.1175869119028903e-08, 3.352760913344355e-08, -1.8626444386882213e-08, 0.9999830722808838, 0.005825764965265989, -4.842875611643649e-08, -0.005825660657137632, 0.9999830722808838),
        }},
        {Time = 0.133, Data = {
            ["RightFoot"] = CFrame.new(2.0489096641540527e-08, 4.172325134277344e-07, -5.75528247281909e-09, 0.9892856478691101, -0.0620698556303978, 0.132141575217247, -0.024716075509786606, 0.8208501935005188, 0.5706084966659546, -0.14388591051101685, -0.5677608847618103, 0.8105213046073914),
            ["LeftLowerArm"] = CFrame.new(-7.450580596923828e-09, -0.00001150369644165039, 0.00003170035779476166, 0.999999463558197, 0.0009128596866503358, -0.0005008652224205434, -0.0003883988247253001, -0.11936014890670776, -0.9928509593009949, -0.0009661616059020162, 0.9928506016731262, -0.1193595603108406),
            ["LeftFoot"] = CFrame.new(-3.7385611051377055e-08, 5.960464477539063e-08, 6.76178828484808e-08, 0.9843993782997131, 0.08000288903713226, -0.1567082554101944, 0.01983802206814289, 0.8345019817352295, 0.5506476759910583, 0.17482709884643555, -0.545166015625, 0.8198962211608887),
            ["Head"] = CFrame.new(-6.705522537231445e-08, 1.1920928955078125e-07, 1.043081283569336e-07, 0.9834717512130737, -0.16504815220832825, -0.07444754242897034, 0.16152235865592957, 0.9855418801307678, -0.051165301352739334, 0.0818159356713295, 0.038294680416584015, 0.9959115386009216),
            ["LowerTorso"] = CFrame.new(-0.17882555723190308, 0.31134939193725586, -0.0027351630851626396, 0.9163601398468018, -0.00043078057933598757, 0.4003547728061676, 0.05628569796681404, 0.9902061223983765, -0.1277652084827423, -0.39637860655784607, 0.13961319625377655, 0.90740966796875),
            ["UpperTorso"] = CFrame.new(-9.313225746154785e-09, -8.940696716308594e-08, 7.450580596923828e-09, 0.9745121598243713, 0.16982178390026093, -0.1465831845998764, -0.17717668414115906, 0.9834229350090027, -0.03857344388961792, 0.13760268688201904, 0.06356140226125717, 0.988446056842804),
            ["HumanoidRootPart"] = CFrame.new(0, 0, 0, 1, 0, 0, 0, 1, 0, 0, 0, 1),
            ["RightUpperLeg"] = CFrame.new(-2.9802322387695312e-08, 1.8840364646166563e-07, -3.894820110872388e-08, 0.9601985216140747, -0.1419435292482376, -0.24056373536586761, 0.11480585485696793, 0.9856981039047241, -0.1233648806810379, 0.2546340525150299, 0.09083651751279831, 0.9627617597579956),
            ["LeftUpperArm"] = CFrame.new(0, 7.152557373046875e-07, 2.9802322387695312e-08, 0.8131318688392639, -0.46194782853126526, -0.3541479706764221, 0.051051292568445206, 0.6626714468002319, -0.747168242931366, 0.5798364877700806, 0.5894666314125061, 0.5624223947525024),
            ["RightLowerArm"] = CFrame.new(-2.9802322387695312e-08, 0.00001150369644165039, -0.00003165006637573242, 1, -2.4586910285506747e-07, 1.9371505288745539e-07, 1.9371509552001953e-07, -0.0925431177020073, -0.9957087635993958, 2.1979212760925293e-07, 0.9957087635993958, -0.09254290908575058),
            ["LeftHand"] = CFrame.new(1.7881393432617188e-07, -3.5762786865234375e-07, -1.4901161193847656e-08, 0.873044490814209, 0.3245222568511963, -0.36397606134414673, -0.4724963903427124, 0.7475336194038391, -0.46684131026268005, 0.12058401852846146, 0.5795505046844482, 0.8059657216072083),
            ["RightHand"] = CFrame.new(0, -4.172325134277344e-07, 1.4901161193847656e-08, 0.8924077749252319, -0.4328170120716095, 0.12758484482765198, 0.4443644881248474, 0.8921034336090088, -0.0818028673529625, -0.07841316610574722, 0.12969569861888885, 0.9884485602378845),
            ["RightUpperArm"] = CFrame.new(-1.7881393432617188e-07, 4.76837158203125e-07, 8.568167686462402e-08, 0.7803196907043457, -0.09872634708881378, 0.61753910779953, 0.5828668475151062, 0.472676545381546, -0.660940945148468, -0.22664400935173035, 0.8756883144378662, 0.4263831675052643),
            ["RightLowerLeg"] = CFrame.new(-4.470348358154297e-08, -0.000029802322387695312, -0.000052003357268404216, 1, 5.5879368687783426e-08, -7.078052988163108e-08, -3.725290742551124e-09, 0.8460211157798767, 0.5331490635871887, -7.450581485102248e-09, -0.5331494808197021, 0.846021294593811),
            ["LeftUpperLeg"] = CFrame.new(-0.010151267051696777, -0.04877804219722748, -0.014151215553283691, 0.96809321641922, 0.2457742691040039, -0.048893436789512634, -0.24626736342906952, 0.8970214128494263, -0.3670218884944916, -0.04634598642587662, 0.367352157831192, 0.9289265275001526),
            ["LeftLowerLeg"] = CFrame.new(9.313225746154785e-08, 0.000029742717742919922, 0.0000522807240486145, 1, 3.3527616238870905e-08, -9.313227877782992e-08, -5.960463766996327e-08, 0.8463829755783081, 0.5325750708580017, -1.1920927533992653e-07, -0.5325748324394226, 0.8463828563690186),
        }},
        {Time = 0.167, Data = {
            ["RightFoot"] = CFrame.new(-1.1175870895385742e-08, 4.172325134277344e-07, -2.0656443666666746e-08, 0.9613250494003296, 0.05773714557290077, 0.2692967355251312, -0.1836884766817093, 0.8629568815231323, 0.4707058072090149, -0.20521405339241028, -0.5019682049751282, 0.8401877880096436),
            ["LeftLowerArm"] = CFrame.new(-7.450580596923828e-08, -0.000011086463928222656, 0.00003177672624588013, 0.9999995231628418, 0.0009150660480372608, -0.000504121242556721, -0.00038792198756709695, -0.12274003773927689, -0.992438793182373, -0.0009698496432974935, 0.9924384951591492, -0.12273962795734406),
            ["LeftFoot"] = CFrame.new(2.7939677238464355e-09, -5.960464477539063e-08, 1.862645149230957e-08, 0.998503565788269, 0.03790257126092911, 0.03942219540476799, -0.049179382622241974, 0.9376241564750671, 0.34415486454963684, -0.02391837164759636, -0.3455786108970642, 0.9380849003791809),
            ["Head"] = CFrame.new(6.705522537231445e-08, 0, 3.3527612686157227e-08, 0.9864745140075684, -0.13492554426193237, -0.09307701885700226, 0.13577382266521454, 0.9907358884811401, 0.0028130970895290375, 0.09183520078659058, -0.015412479639053345, 0.9956549406051636),
            ["LowerTorso"] = CFrame.new(-0.18198268115520477, 0.43901753425598145, -0.09813273698091507, 0.87703937292099, 0.04300300031900406, 0.4784899652004242, 0.11180154979228973, 0.9503710269927979, -0.2903366684913635, -0.46722835302352905, 0.3081326186656952, 0.8287050127983093),
            ["UpperTorso"] = CFrame.new(-5.587935447692871e-09, -1.7881393432617188e-07, -6.332993507385254e-08, 0.9637747406959534, 0.18644225597381592, -0.1907290816307068, -0.17058798670768738, 0.9805998206138611, 0.0965600237250328, 0.20503176748752594, -0.06052601337432861, 0.9768821597099304),
            ["HumanoidRootPart"] = CFrame.new(0, 0, 0, 1, 0, 0, 0, 1, 0, 0, 0, 1),
            ["RightUpperLeg"] = CFrame.new(1.1920928955078125e-07, -1.30385160446167e-08, -6.875052349641919e-08, 0.9590696096420288, -0.024988928809762, -0.2820659577846527, 0.010488253086805344, 0.9985499382019043, -0.05280265584588051, 0.2829762399196625, 0.04768278822302818, 0.9579408764839172),
            ["LeftUpperArm"] = CFrame.new(-1.1920928955078125e-07, 3.5762786865234375e-07, -1.4901161193847656e-07, 0.8375055193901062, -0.3359782099723816, -0.4309332072734833, 0.062449246644973755, 0.8423196077346802, -0.5353484749794006, 0.5428487658500671, 0.4214456379413605, 0.726428747177124),
            ["RightLowerArm"] = CFrame.new(1.4901161193847656e-07, 0.000011086463928222656, -0.000031620264053344727, 1, -4.470351555596608e-08, 8.195639367158947e-08, 1.2852254371864547e-07, -0.15451842546463013, -0.9879898428916931, 8.940698847936801e-08, 0.9879900217056274, -0.15451876819133759),
            ["LeftHand"] = CFrame.new(0, 1.1920928955078125e-07, -1.341104507446289e-07, 0.8999887704849243, 0.347016841173172, -0.26381731033325195, -0.4325369596481323, 0.7860822081565857, -0.44157299399375916, 0.0541488341987133, 0.5115215182304382, 0.8575627207756042),
            ["RightHand"] = CFrame.new(2.980232238769531e-07, 1.1920928955078125e-07, 4.470348358154297e-08, 0.8489955067634583, -0.4039991796016693, 0.34057512879371643, 0.4436274468898773, 0.895127534866333, -0.04406366124749184, -0.28705650568008423, 0.18849831819534302, 0.9391842484474182),
            ["RightUpperArm"] = CFrame.new(0, 2.384185791015625e-07, -2.9802322387695312e-08, 0.7552775144577026, -0.31177493929862976, 0.5765003561973572, 0.5804932117462158, 0.7265816926956177, -0.3675687909126282, -0.30427566170692444, 0.6122708320617676, 0.7297537922859192),
            ["RightLowerLeg"] = CFrame.new(1.4901161193847656e-08, -0.000029087066650390625, -0.00005210394010646269, 1, 5.587936158235607e-08, -8.381906724252985e-09, -1.4901166522918174e-08, 0.7382135987281799, 0.674566924571991, 5.681069836782626e-08, -0.6745671033859253, 0.7382137179374695),
            ["LeftUpperLeg"] = CFrame.new(-0.010151207447052002, -0.048778314143419266, -0.014151319861412048, 0.9580913186073303, 0.19417279958724976, -0.2106131911277771, -0.25360584259033203, 0.916824460029602, -0.3084104657173157, 0.13321039080619812, 0.3488980531692505, 0.9276449084281921),
            ["LeftLowerLeg"] = CFrame.new(-8.195638656616211e-08, 0.000029802322387695312, 0.00005218386650085449, 1, 5.960463766996327e-08, 4.0978196835794733e-08, -2.9802315282267955e-08, 0.5937076210975647, 0.8046809434890747, 9.685752644372769e-08, -0.8046808242797852, 0.5937075614929199),
        }},
        {Time = 0.200, Data = {
            ["RightFoot"] = CFrame.new(-1.4901161193847656e-08, 2.384185791015625e-07, -7.617927622050047e-09, 0.919532299041748, -0.06266207247972488, 0.38798725605010986, -0.1362486332654953, 0.8751602172851562, 0.46425294876098633, -0.36864176392555237, -0.4797584116458893, 0.7962005734443665),
            ["LeftLowerArm"] = CFrame.new(-3.2782554626464844e-07, -0.00001138448715209961, 0.0000317990779876709, 0.9999996423721313, 0.0008497388334944844, -0.00041199097177013755, -0.0003959201858378947, -0.018898004665970802, -0.9998213052749634, -0.0008574650855734944, 0.9998210668563843, -0.01889769360423088),
            ["LeftFoot"] = CFrame.new(3.725290298461914e-08, -5.960464477539063e-08, 4.470348358154297e-08, 0.9561821818351746, 0.06261523067951202, 0.28599846363067627, -0.08591125160455704, 0.993866503238678, 0.06963410973548889, -0.2798840403556824, -0.09115326404571533, 0.9556966423988342),
            ["Head"] = CFrame.new(1.4901161193847656e-08, 0, 6.332993507385254e-08, 0.9872949719429016, -0.09024853259325027, -0.13078251481056213, 0.09858575463294983, 0.9933940768241882, 0.058729853481054306, 0.1246182844042778, -0.07087696343660355, 0.9896700382232666),
            ["LowerTorso"] = CFrame.new(-0.17511563003063202, 0.5488090515136719, -0.1829487681388855, 0.8308766484260559, 0.08609797805547714, 0.5497555136680603, 0.1843128502368927, 0.8896071314811707, -0.4178851246833801, -0.5250455141067505, 0.44853800535202026, 0.7232848405838013),
            ["UpperTorso"] = CFrame.new(1.57160684466362e-08, 2.682209014892578e-07, -4.0978193283081055e-08, 0.9543789029121399, 0.20759572088718414, -0.2146274894475937, -0.16295523941516876, 0.9644144177436829, 0.20820806920528412, 0.25021299719810486, -0.16373471915721893, 0.9542455673217773),
            ["HumanoidRootPart"] = CFrame.new(0, 0, 0, 1, 0, 0, 0, 1, 0, 0, 0, 1),
            ["RightUpperLeg"] = CFrame.new(-5.960464477539063e-08, 3.3527612686157227e-08, 1.0261283023282886e-07, 0.9169930219650269, 0.16203711926937103, -0.3645104169845581, -0.1303955614566803, 0.9853429198265076, 0.10998384654521942, 0.3769891858100891, -0.05332386866211891, 0.9246814846992493),
            ["LeftUpperArm"] = CFrame.new(-1.1920928955078125e-07, 5.960464477539062e-07, 0, 0.8766924142837524, -0.15945610404014587, -0.4538550078868866, -0.009211796335875988, 0.9377265572547913, -0.34725221991539, 0.4809633493423462, 0.30861425399780273, 0.8206287622451782),
            ["RightLowerArm"] = CFrame.new(5.960464477539063e-08, 0.000011861324310302734, -0.000031620264053344727, 1, -3.576279254957626e-07, 2.756714252427628e-07, 7.450581307466564e-08, 0.02516547217965126, -0.9996833205223083, 5.960465188081798e-08, 0.9996833205223083, 0.025165380910038948),
            ["LeftHand"] = CFrame.new(-1.1920928955078125e-07, -5.960464477539063e-08, -1.341104507446289e-07, 0.9290502071380615, 0.34224817156791687, -0.1404704749584198, -0.36983004212379456, 0.8690034747123718, -0.3287230432033539, 0.009564455598592758, 0.3573504388332367, 0.9339213967323303),
            ["RightHand"] = CFrame.new(5.960464477539063e-08, 0, 1.4901161193847656e-08, 0.7262782454490662, -0.3338300287723541, 0.6008972525596619, 0.4178538918495178, 0.908514142036438, -0.00031445175409317017, -0.5458187460899353, 0.2513156831264496, 0.7993262410163879),
            ["RightUpperArm"] = CFrame.new(0, 8.344650268554688e-07, 5.21540641784668e-08, 0.7901362180709839, -0.42956626415252686, 0.43721574544906616, 0.5138435363769531, 0.8531034588813782, -0.09044009447097778, -0.33414024114608765, 0.29612046480178833, 0.8947978019714355),
            ["RightLowerLeg"] = CFrame.new(6.705522537231445e-08, -0.00002962350845336914, -0.0000520145331392996, 1, 6.519258732851085e-08, -1.5087431393112638e-07, -5.960463766996327e-08, 0.7960152626037598, 0.6052759885787964, -8.940695295223122e-08, -0.6052765846252441, 0.796015739440918),
            ["LeftUpperLeg"] = CFrame.new(-0.010151326656341553, -0.04877805709838867, -0.014151196926832199, 0.959745466709137, 0.1832118034362793, -0.21289023756980896, -0.2226438820362091, 0.9583287239074707, -0.17898553609848022, 0.17122656106948853, 0.21917931735515594, 0.9605425596237183),
            ["LeftLowerLeg"] = CFrame.new(4.470348358154297e-08, 0.00002968311309814453, 0.00005206465721130371, 1, 1.2665985593685036e-07, 7.823112468940963e-08, -5.960463766996327e-08, 0.36679205298423767, 0.9303030371665955, -1.0803340444454079e-07, -0.9303029775619507, 0.36679184436798096),
        }},
        {Time = 0.233, Data = {
            ["RightFoot"] = CFrame.new(-2.9802322387695312e-08, 2.980232238769531e-07, -6.908521754667163e-08, 0.9537167549133301, -0.1857956498861313, 0.23644143342971802, -0.027621647343039513, 0.728833794593811, 0.684132993221283, -0.29943549633026123, -0.6590002775192261, 0.6899692416191101),
            ["LeftLowerArm"] = CFrame.new(-1.564621925354004e-07, -0.000010967254638671875, 0.00003180466592311859, 0.9999998211860657, 0.000707613246049732, -0.0002633221447467804, -0.00038022929220460355, 0.1706700176000595, -0.9853282570838928, -0.0006523432093672454, 0.985327959060669, 0.17067016661167145),
            ["LeftFoot"] = CFrame.new(1.5832483768463135e-08, 0, 4.470348358154297e-08, 0.9224368929862976, 0.1832991987466812, 0.33986997604370117, -0.09684884548187256, 0.9618430733680725, -0.25588685274124146, -0.37380558252334595, 0.20312371850013733, 0.9049919247627258),
            ["Head"] = CFrame.new(-1.4901161193847656e-08, 0, -1.4901161193847656e-08, 0.9841707944869995, -0.04239237681031227, -0.17207776010036469, 0.05958424508571625, 0.9935959577560425, 0.09600425511598587, 0.16690583527088165, -0.10473769903182983, 0.9803941249847412),
            ["LowerTorso"] = CFrame.new(-0.1460295170545578, 0.577986478805542, -0.23120972514152527, 0.8179705142974854, 0.0993388220667839, 0.5666180849075317, 0.21113790571689606, 0.864391028881073, -0.45634305477142334, -0.5351121425628662, 0.49290966987609863, 0.6860722303390503),
            ["UpperTorso"] = CFrame.new(3.725290298461914e-09, -2.086162567138672e-07, 0, 0.9642306566238403, 0.20320546627044678, -0.17019665241241455, -0.16083039343357086, 0.9589104056358337, 0.23371881246566772, 0.21069645881652832, -0.19798603653907776, 0.9572924375534058),
            ["HumanoidRootPart"] = CFrame.new(0, 0, 0, 1, 0, 0, 0, 1, 0, 0, 0, 1),
            ["RightUpperLeg"] = CFrame.new(-1.4901161193847656e-07, -4.991888999938965e-07, 4.300818545743823e-08, 0.8646106123924255, 0.3867948353290558, -0.3206840753555298, -0.2528577446937561, 0.8865047097206116, 0.387520432472229, 0.4341792166233063, -0.2539670765399933, 0.8642856478691101),
            ["LeftUpperArm"] = CFrame.new(-2.384185791015625e-07, 3.5762786865234375e-07, 0, 0.9083648920059204, 0.005273111630231142, -0.4181455075740814, -0.1005340963602066, 0.9733482003211975, -0.20612232387065887, 0.4059141278266907, 0.2292720377445221, 0.8846852779388428),
            ["RightLowerArm"] = CFrame.new(-1.1920928955078125e-07, 0.000010848045349121094, -0.00003135949373245239, 1, -1.2665985593685036e-07, -7.4505797087454084e-09, 1.4901159772762185e-07, 0.24038013815879822, -0.9706788063049316, 2.9802318834981634e-08, 0.9706788063049316, 0.24038024246692657),
            ["LeftHand"] = CFrame.new(5.960464477539063e-08, -1.1920928955078125e-07, -5.066394805908203e-07, 0.9556072950363159, 0.29421138763427734, -0.015948697924613953, -0.29319074749946594, 0.944133996963501, -0.15050016343593597, -0.029221132397651672, 0.1484951376914978, 0.9884814023971558),
            ["RightHand"] = CFrame.new(-1.1920928955078125e-07, -1.1920928955078125e-07, 2.384185791015625e-07, 0.5278395414352417, -0.222880557179451, 0.8195789456367493, 0.3586113154888153, 0.9332080483436584, 0.022822273895144463, -0.7699242830276489, 0.281863808631897, 0.5725115537643433),
            ["RightUpperArm"] = CFrame.new(-1.1920928955078125e-07, 3.5762786865234375e-07, -1.7881393432617188e-07, 0.8416613936424255, -0.49464818835258484, 0.2166319489479065, 0.47486966848373413, 0.8689757585525513, 0.1392126828432083, -0.2571091651916504, -0.014298038557171822, 0.9662766456604004),
            ["RightLowerLeg"] = CFrame.new(8.568167686462402e-08, -0.000029325485229492188, -0.0000520927642355673, 1, 9.313227522511625e-09, -1.4714899521095504e-07, 1.3038517820973539e-08, 0.9999873638153076, 0.0050408183597028255, -5.587936158235607e-08, -0.005040628369897604, 0.9999873638153076),
            ["LeftUpperLeg"] = CFrame.new(-0.010151386260986328, -0.04877817630767822, -0.014151383191347122, 0.9698858857154846, 0.241958349943161, -0.027887217700481415, -0.2433142513036728, 0.9676768779754639, -0.0663289725780487, 0.010937253013253212, 0.07111683487892151, 0.9974080920219421),
            ["LeftLowerLeg"] = CFrame.new(1.471489667892456e-07, 0.00002968311309814453, 0.00005188584327697754, 1, 1.0663642058261757e-07, 1.1315567860492592e-07, -8.009374852235851e-08, 0.19232195615768433, 0.9813318252563477, 4.0978196835794733e-08, -0.9813318848609924, 0.19232237339019775),
        }},
        {Time = 0.267, Data = {
            ["RightFoot"] = CFrame.new(2.9802322387695312e-08, 2.384185791015625e-07, 9.110226528719068e-08, 0.9703706502914429, -0.23366276919841766, 0.06150398403406143, 0.11359246075153351, 0.6658302545547485, 0.7374053597450256, -0.21325501799583435, -0.7085703015327454, 0.6726444959640503),
            ["LeftLowerArm"] = CFrame.new(5.960464477539063e-08, -0.000012099742889404297, 0.00003191828727722168, 0.9999998807907104, 0.000550593133084476, -0.00015051104128360748, -0.00033038100809790194, 0.3431139290332794, -0.9392938017845154, -0.00046566117089241743, 0.9392936825752258, 0.3431141674518585),
            ["LeftFoot"] = CFrame.new(3.725290298461914e-09, -1.7881393432617188e-07, -1.043081283569336e-07, 0.9505096077919006, 0.20771421492099762, 0.23105505108833313, -0.10518929362297058, 0.9148947596549988, -0.3897472023963928, -0.2923469841480255, 0.34615400433540344, 0.8914654850959778),
            ["Head"] = CFrame.new(9.313225746154785e-10, -2.384185791015625e-07, 1.862645149230957e-07, 0.9779859781265259, 0.00036441837437450886, -0.2086702138185501, 0.026545969769358635, 0.9916564226150513, 0.12614628672599792, 0.2069750726222992, -0.1289086639881134, 0.9698163866996765),
            ["LowerTorso"] = CFrame.new(-0.14863738417625427, 0.5633516311645508, -0.2602313160896301, 0.8070682883262634, 0.18160803616046906, 0.5618356466293335, 0.17839083075523376, 0.8320631384849548, -0.5252121686935425, -0.5628654360771179, 0.5241084694862366, 0.6391345262527466),
            ["UpperTorso"] = CFrame.new(1.4901161193847656e-08, -2.682209014892578e-07, 7.450580596923828e-08, 0.9805243611335754, 0.14390724897384644, -0.13365092873573303, -0.0997975617647171, 0.9511903524398804, 0.2920231223106384, 0.16915175318717957, -0.27299776673316956, 0.9470269083976746),
            ["HumanoidRootPart"] = CFrame.new(0, 0, 0, 1, 0, 0, 0, 1, 0, 0, 0, 1),
            ["RightUpperLeg"] = CFrame.new(0, -3.6135315895080566e-07, 1.4731631381437182e-07, 0.8402916789054871, 0.38220927119255066, -0.3844815492630005, -0.23579369485378265, 0.8962679505348206, 0.3756393492221832, 0.48817139863967896, -0.22498847544193268, 0.8432491421699524),
            ["LeftUpperArm"] = CFrame.new(1.7881393432617188e-07, -3.5762786865234375e-07, 2.9802322387695312e-08, 0.9286688566207886, 0.15505263209342957, -0.3369464874267578, -0.1761215627193451, 0.9838256239891052, -0.03268694132566452, 0.3264283835887909, 0.0896989181637764, 0.940956175327301),
            ["RightLowerArm"] = CFrame.new(4.023313522338867e-07, 0.000011563301086425781, -0.000031597912311553955, 1, -1.0430809993522416e-07, 7.450579886381092e-08, 1.4901162614933128e-07, 0.45034489035606384, -0.8928546905517578, 2.8871003365793513e-08, 0.8928546905517578, 0.4503447711467743),
            ["LeftHand"] = CFrame.new(0, -1.1920928955078125e-07, 4.831235855817795e-08, 0.9748792052268982, 0.20764310657978058, 0.08059246093034744, -0.21170012652873993, 0.9762760996818542, 0.045476485043764114, -0.06923758238554001, -0.06139549985527992, 0.9957091808319092),
            ["RightHand"] = CFrame.new(-5.960464477539063e-08, -2.384185791015625e-07, 2.384185791015625e-07, 0.30541566014289856, -0.0872020572423935, 0.9482178688049316, 0.2705911099910736, 0.962693452835083, 0.0013774334220215678, -0.9129632115364075, 0.2561586797237396, 0.3176177442073822),
            ["RightUpperArm"] = CFrame.new(0, -5.960464477539062e-07, -4.470348358154297e-08, 0.9316232800483704, -0.36174532771110535, 0.034906432032585144, 0.3356967270374298, 0.893360435962677, 0.2986885607242584, -0.13923336565494537, -0.26654714345932007, 0.9537121057510376),
