return {
    ["Wu-Tang Is Forever"] = {
        {Time = 0.000, Data = {
            ["LeftFoot"] = CFrame.new(-2.9802322387695312e-08, -5.960464477539063e-08, -3.5390257835388184e-08, 0.9815655946731567, -0.19000238180160522, -0.020696084946393967, 0.15301264822483063, 0.8460923433303833, -0.5106026530265808, 0.11452652513980865, 0.4980229139328003, 0.8595678210258484),
            ["LeftLowerArm"] = CFrame.new(0.0000017285346984863281, 0, 0.00000527501106262207, 1, 1.0430814256778831e-07, -8.940699558479537e-08, -8.009374852235851e-08, 0.5416255593299866, -0.8406199216842651, -1.4156104555240745e-07, 0.8406199216842651, 0.5416254997253418),
            ["LowerTorso"] = CFrame.new(0.023286141455173492, -0.31714940071105957, 0.13707537949085236, 0.9944255352020264, -0.03965315222740173, 0.09770180284976959, 0.0393601693212986, 0.9992129802703857, 0.004925122018903494, -0.0978202223777771, -0.0010521087097004056, 0.9952035546302795),
            ["Head"] = CFrame.new(1.4901161193847656e-08, -9.5367431640625e-07, 5.587935447692871e-09, 0.9744321703910828, -0.026349447667598724, 0.22313164174556732, 0.04588067904114723, 0.9955090284347534, -0.08280584216117859, -0.21994756162166595, 0.09092599153518677, 0.9712649583816528),
            ["RightUpperArm"] = CFrame.new(-0.023773133754730225, 0.016834616661071777, 0.02147684246301651, 0.6550139784812927, -0.3847128450870514, 0.6503485441207886, 0.6238285899162292, -0.21033413708209991, -0.7527266144752502, 0.4263739287853241, 0.8987522721290588, 0.10222295671701431),
            ["UpperTorso"] = CFrame.new(4.6566128730773926e-09, -5.960464477539063e-08, -1.1059455573558807e-09, 0.9943356513977051, -0.10613053292036057, 0.005743781570345163, 0.10340866446495056, 0.9784932732582092, 0.17848718166351318, -0.024563206359744072, -0.17688222229480743, 0.9839255213737488),
            ["HumanoidRootPart"] = CFrame.new(0, 0, 0, 1, 0, 0, 0, 1, 0, 0, 0, 1),
            ["RightHand"] = CFrame.new(-5.960464477539063e-08, 0.0000013709068298339844, -6.854534149169922e-07, 0.27642765641212463, -0.7670614719390869, 0.5789680480957031, 0.6427321434020996, 0.5954442620277405, 0.482018381357193, -0.7144810557365417, 0.23887845873832703, 0.6576126217842102),
            ["LeftUpperArm"] = CFrame.new(0.033581435680389404, 0.04874289035797119, 0.019255422055721283, 0.6476945877075195, 0.26286280155181885, -0.7151190638542175, -0.676223635673523, -0.2340932935476303, -0.698513925075531, -0.3510177731513977, 0.936004102230072, 0.026133038103580475),
            ["RightLowerArm"] = CFrame.new(0, 4.172325134277344e-07, -0.000004395842552185059, 1, -0.000013783570466330275, 0.000013768672943115234, 0.00001899153176054824, 0.5310909748077393, -0.8473148345947266, 0.000004269183136784704, 0.8473147749900818, 0.5310909748077393),
            ["LeftHand"] = CFrame.new(-0.0000017881393432617188, -0.0000013113021850585938, 0, 0.12564803659915924, 0.7897412180900574, -0.6004338264465332, -0.6944708228111267, 0.5022276639938354, 0.5152454376220703, 0.7084652185440063, 0.35224461555480957, 0.6115565299987793),
            ["RightUpperLeg"] = CFrame.new(-8.940696716308594e-08, 1.353910192847252e-07, 2.029992174357176e-09, 0.9813743233680725, -0.13377033174037933, -0.137876957654953, 0.05740141496062279, 0.8891170620918274, -0.45406609773635864, 0.18332944810390472, 0.4376944303512573, 0.8802351355552673),
            ["LeftUpperLeg"] = CFrame.new(0, -1.3809767551720142e-08, 9.313225746154785e-10, 0.9444213509559631, 0.3283313512802124, -0.016339760273694992, -0.2689647376537323, 0.7431672811508179, -0.6126665472984314, -0.18901462852954865, 0.583010196685791, 0.7901725769042969),
            ["RightLowerLeg"] = CFrame.new(-1.30385160446167e-08, -0.0007262229919433594, 0.00004606304719345644, 1, 1.4714903784351918e-07, 2.2351748896198842e-08, -7.450581307466564e-08, 0.4348168969154358, 0.9005189538002014, 1.1548401346317405e-07, -0.9005189538002014, 0.4348168969154358),
            ["RightFoot"] = CFrame.new(1.30385160446167e-07, -1.1920928955078125e-07, -5.75528247281909e-09, 0.9860013127326965, 0.1319267898797989, -0.10196467489004135, -0.16673487424850464, 0.7836682200431824, -0.5983843207359314, 0.0009634345769882202, 0.6070085763931274, 0.7946945428848267),
            ["LeftLowerLeg"] = CFrame.new(-7.450580596923828e-08, -0.0007265806198120117, 0.00008096545934677124, 1, 7.450580596923828e-08, 7.450579175838357e-08, -4.4703490686970326e-08, 0.3635738790035248, 0.931565523147583, 4.4703490686970326e-08, -0.9315653443336487, 0.3635736405849457),
        }},
        {Time = 0.033, Data = {
            ["LeftFoot"] = CFrame.new(7.450580596923828e-09, -5.960464477539063e-08, -1.4901161193847656e-08, 0.981471598148346, -0.19095708429813385, -0.015777669847011566, 0.15487369894981384, 0.8390978574752808, -0.5214681625366211, 0.11281708627939224, 0.5093624591827393, 0.8531249165534973),
            ["LeftLowerArm"] = CFrame.new(0.0000016689300537109375, -2.980232238769531e-07, 0.000004827976226806641, 1, 5.960464477539063e-08, -2.980232949312267e-08, -7.63684582238966e-08, 0.5551635026931763, -0.831741213798523, -1.0430814256778831e-07, 0.8317412734031677, 0.5551635026931763),
            ["LowerTorso"] = CFrame.new(0.030827738344669342, -0.32657599449157715, 0.13534291088581085, 0.9953149557113647, -0.04271072894334793, 0.08674116432666779, 0.04259290546178818, 0.999087393283844, 0.003209511050954461, -0.08679908514022827, 0.0005000857054255903, 0.9962257742881775),
            ["Head"] = CFrame.new(2.3283064365386963e-08, -8.344650268554688e-07, -4.470348358154297e-08, 0.9778391122817993, -0.022417861968278885, 0.20815394818782806, 0.0381244421005249, 0.9966935515403748, -0.07175377011299133, -0.2058572769165039, 0.07809930294752121, 0.9754606485366821),
            ["RightUpperArm"] = CFrame.new(-0.02490818500518799, 0.02104806900024414, 0.022153809666633606, 0.6512079238891602, -0.3937872350215912, 0.6487370133399963, 0.6305473446846008, -0.1949310153722763, -0.7512735724449158, 0.4223010241985321, 0.8982948064804077, 0.12136100977659225),
            ["UpperTorso"] = CFrame.new(-1.0244548320770264e-08, -2.9802322387695312e-08, 3.0850060284137726e-08, 0.9945932626724243, -0.10221394896507263, 0.01834963448345661, 0.09738221764564514, 0.979367196559906, 0.17707835137844086, -0.036070894449949265, -0.17433391511440277, 0.9840257167816162),
            ["HumanoidRootPart"] = CFrame.new(0, 0, 0, 1, 0, 0, 0, 1, 0, 0, 0, 1),
            ["RightHand"] = CFrame.new(1.4901161193847656e-07, 0.000001430511474609375, -7.152557373046875e-07, 0.2724979519844055, -0.7667809724807739, 0.5811981558799744, 0.6422367095947266, 0.5947460532188416, 0.48353832960128784, -0.7164334654808044, 0.24150381982326508, 0.6545222997665405),
            ["LeftUpperArm"] = CFrame.new(0.032187044620513916, 0.04426085948944092, 0.02052754908800125, 0.6355835795402527, 0.25284141302108765, -0.7294550538063049, -0.6889686584472656, -0.2405829280614853, -0.6836973428726196, -0.34836167097091675, 0.9371185302734375, 0.021289290860295296),
            ["RightLowerArm"] = CFrame.new(-6.258487701416016e-07, 3.5762786865234375e-07, -0.000004157423973083496, 1, -0.000013515353202819824, 0.000013962391676614061, 0.000018969181837746873, 0.5189326405525208, -0.8548151850700378, 0.000004325062946008984, 0.8548151850700378, 0.518932580947876),
            ["LeftHand"] = CFrame.new(-0.0000016391277313232422, -0.0000013113021850585938, 6.705522537231445e-08, 0.12455466389656067, 0.7986911535263062, -0.588708758354187, -0.6915233135223389, 0.49536529183387756, 0.5257459878921509, 0.7115347385406494, 0.34162211418151855, 0.6140140891075134),
            ["RightUpperLeg"] = CFrame.new(2.9802322387695312e-08, -8.396455086767673e-08, 4.823959898203611e-09, 0.9818601012229919, -0.12929001450538635, -0.13868989050388336, 0.051475849002599716, 0.8857526183128357, -0.46129482984542847, 0.18248574435710907, 0.4457874894142151, 0.8763402104377747),
            ["LeftUpperLeg"] = CFrame.new(-1.1920928955078125e-07, -2.5705958250910044e-08, 1.862645149230957e-08, 0.9404268264770508, 0.339395135641098, -0.020205823704600334, -0.2791995406150818, 0.7369846105575562, -0.6155499815940857, -0.1940232515335083, 0.5845208764076233, 0.787838876247406),
            ["RightLowerLeg"] = CFrame.new(4.0978193283081055e-08, -0.000726163387298584, 0.000046072360419202596, 1, 1.434236764907837e-07, 4.097820394122209e-08, -7.078051567077637e-08, 0.4213908016681671, 0.9068790674209595, 1.2665987014770508e-07, -0.9068791270256042, 0.42139115929603577),
            ["RightFoot"] = CFrame.new(2.7567148208618164e-07, 1.1920928955078125e-07, -2.0656443666666746e-08, 0.9865549802780151, 0.13517890870571136, -0.09184814244508743, -0.16312862932682037, 0.7803828120231628, -0.6036486625671387, -0.009923865087330341, 0.6105157136917114, 0.7919421792030334),
            ["LeftLowerLeg"] = CFrame.new(-7.450580596923828e-09, -0.0007267594337463379, 0.00008088350296020508, 1, 1.1920931797249068e-07, 3.725290653733282e-08, -1.0430815677864302e-07, 0.34401148557662964, 0.9389654397964478, 9.685756907629184e-08, -0.9389654994010925, 0.34401145577430725),
        }},
        {Time = 0.067, Data = {
            ["LeftFoot"] = CFrame.new(-2.2351741790771484e-08, -1.1920928955078125e-07, 1.862645149230957e-08, 0.9812162518501282, -0.1928887814283371, -0.002934670075774193, 0.16176897287368774, 0.8310083150863647, -0.5322180390357971, 0.10509761422872543, 0.5217462778091431, 0.8466022610664368),
            ["LeftLowerArm"] = CFrame.new(0.0000015497207641601562, -5.960464477539062e-07, 0.000004626810550689697, 1, 1.4901161193847656e-07, -2.980232594040899e-08, -1.0058285937475375e-07, 0.5716501474380493, -0.8204975128173828, -1.1920931797249068e-07, 0.8204975128173828, 0.5716500878334045),
            ["LowerTorso"] = CFrame.new(0.0373108871281147, -0.33447158336639404, 0.13300585746765137, 0.9960023164749146, -0.047735001891851425, 0.07550361752510071, 0.04798640310764313, 0.9988469481468201, -0.001518022152595222, -0.07534409314393997, 0.005135097540915012, 0.9971444010734558),
            ["Head"] = CFrame.new(-1.862645149230957e-08, -7.152557373046875e-07, -2.9802322387695312e-08, 0.9810734987258911, -0.02249184064567089, 0.19232489168643951, 0.0328439362347126, 0.9981683492660522, -0.050808001309633255, -0.19082993268966675, 0.0561629980802536, 0.9800151586532593),
            ["RightUpperArm"] = CFrame.new(-0.026401400566101074, 0.026220321655273438, 0.02500712126493454, 0.6510491371154785, -0.39737147092819214, 0.6467073559761047, 0.6354525089263916, -0.18063944578170776, -0.7507131099700928, 0.4151327610015869, 0.8997029662132263, 0.1349053829908371),
            ["UpperTorso"] = CFrame.new(-7.450580596923828e-09, 0, -2.898741513490677e-08, 0.9952816963195801, -0.09202950447797775, 0.030741821974515915, 0.0850503221154213, 0.9799646139144897, 0.18009988963603973, -0.04670031741261482, -0.17663554847240448, 0.983167827129364),
            ["HumanoidRootPart"] = CFrame.new(0, 0, 0, 1, 0, 0, 0, 1, 0, 0, 0, 1),
            ["RightHand"] = CFrame.new(3.5762786865234375e-07, 0.000001430511474609375, -9.238719940185547e-07, 0.26309096813201904, -0.7686829566955566, 0.5830171704292297, 0.6414057016372681, 0.5907754898071289, 0.4894723892211914, -0.7206814885139465, 0.24517512321472168, 0.6484656929969788),
            ["LeftUpperArm"] = CFrame.new(0.030483901500701904, 0.03852975368499756, 0.024165689945220947, 0.6252363324165344, 0.24369442462921143, -0.7414122819900513, -0.6980870366096497, -0.2501116394996643, -0.6709092259407043, -0.3489326238632202, 0.9370471239089966, 0.013741038739681244),
            ["RightLowerArm"] = CFrame.new(7.152557373046875e-07, 3.5762786865234375e-07, -0.0000037997961044311523, 1, -0.000013485549061442725, 0.0000140070933412062, 0.000018991529941558838, 0.5149204134941101, -0.8572381138801575, 0.000004332512617111206, 0.8572380542755127, 0.5149202942848206),
            ["LeftHand"] = CFrame.new(-0.0000011324882507324219, -0.0000011324882507324219, 2.4400651454925537e-07, 0.12751813232898712, 0.8055978417396545, -0.5785765647888184, -0.692108690738678, 0.49011296033859253, 0.5298821330070496, 0.7104398608207703, 0.3328686058521271, 0.6200597286224365),
            ["RightUpperLeg"] = CFrame.new(8.940696716308594e-08, 1.461012288928032e-08, -2.008891897276044e-08, 0.9823518395423889, -0.12298434972763062, -0.14092490077018738, 0.04436701536178589, 0.8851470947265625, -0.46319153904914856, 0.1817045658826828, 0.44876447319984436, 0.8749821782112122),
            ["LeftUpperLeg"] = CFrame.new(-5.960464477539063e-08, -4.8137735575437546e-08, -2.561137080192566e-09, 0.937202513217926, 0.3474690914154053, -0.030278535559773445, -0.2920236587524414, 0.7342488169670105, -0.6128628849983215, -0.19071882963180542, 0.5832185745239258, 0.7896090149879456),
            ["RightLowerLeg"] = CFrame.new(2.2351741790771484e-08, -0.0007264614105224609, 0.00004610216274159029, 1, 1.3597316694813344e-07, 3.7252920748187535e-08, -9.685756197086448e-08, 0.4123639464378357, 0.9110192656517029, 1.2293459406009788e-07, -0.9110192656517029, 0.4123639762401581),
            ["RightFoot"] = CFrame.new(1.6577541828155518e-07, 0, 8.365168469026685e-08, 0.9871619343757629, 0.13760709762573242, -0.08108995854854584, -0.1584159880876541, 0.7787128686904907, -0.6070509552955627, -0.020388687029480934, 0.6121034622192383, 0.7905148267745972),
            ["LeftLowerLeg"] = CFrame.new(-4.470348358154297e-08, -0.0007262229919433594, 0.00008112937211990356, 1, 7.450583439094771e-08, 4.4703494239684005e-08, -8.940696716308594e-08, 0.325970858335495, 0.945379912853241, 7.450580596923828e-08, -0.9453798532485962, 0.3259707987308502),
        }},
        {Time = 0.100, Data = {
            ["LeftFoot"] = CFrame.new(4.842877388000488e-08, -1.1920928955078125e-07, -2.9802322387695312e-08, 0.9807384014129639, -0.1948251724243164, 0.01397760957479477, 0.17118850350379944, 0.8228805661201477, -0.5418136119842529, 0.09405703842639923, 0.5337703227996826, 0.8403825163841248),
            ["LeftLowerArm"] = CFrame.new(8.642673492431641e-07, -4.76837158203125e-07, 0.000004932284355163574, 1, 1.639127589214695e-07, -1.4901161193847656e-08, -8.568167686462402e-08, 0.589103102684021, -0.8080579042434692, -7.450580596923828e-08, 0.8080578446388245, 0.589103102684021),
            ["LowerTorso"] = CFrame.new(0.04240303859114647, -0.340462327003479, 0.13010510802268982, 0.9965546727180481, -0.05234067887067795, 0.06433697044849396, 0.05300270766019821, 0.9985571503639221, -0.008625566959381104, -0.06379266828298569, 0.012005884200334549, 0.9978910088539124),
            ["Head"] = CFrame.new(-6.426125764846802e-08, -4.76837158203125e-07, 3.725290298461914e-09, 0.9841515421867371, -0.02411782741546631, 0.17568211257457733, 0.02859487012028694, 0.9993265271186829, -0.02299708127975464, -0.1750093549489975, 0.02765609510242939, 0.984178364276886),
            ["RightUpperArm"] = CFrame.new(-0.028168082237243652, 0.031815409660339355, 0.02943434566259384, 0.6508767604827881, -0.40084221959114075, 0.644736111164093, 0.6396647095680237, -0.1678398698568344, -0.7501058578491211, 0.4088868200778961, 0.9006415605545044, 0.14716163277626038),
            ["UpperTorso"] = CFrame.new(-3.725290298461914e-09, 2.980232238769531e-07, 5.122274160385132e-09, 0.9959583878517151, -0.0793071836233139, 0.04215819388628006, 0.07014018297195435, 0.9799554944038391, 0.1864611953496933, -0.05610084533691406, -0.18275050818920135, 0.9815574288368225),
            ["HumanoidRootPart"] = CFrame.new(0, 0, 0, 1, 0, 0, 0, 1, 0, 0, 0, 1),
            ["RightHand"] = CFrame.new(2.682209014892578e-07, 9.5367431640625e-07, -7.897615432739258e-07, 0.2514022886753082, -0.7740694284439087, 0.5810446739196777, 0.6377275586128235, 0.5840657949447632, 0.5021663308143616, -0.7280799746513367, 0.24430277943611145, 0.640481173992157),
            ["LeftUpperArm"] = CFrame.new(0.02863478660583496, 0.03206145763397217, 0.029416725039482117, 0.6162316203117371, 0.23537105321884155, -0.751570999622345, -0.7047921419143677, -0.26105958223342896, -0.6596332788467407, -0.35146358609199524, 0.9361882209777832, 0.005014547612518072),
            ["RightLowerArm"] = CFrame.new(7.152557373046875e-07, 3.5762786865234375e-07, -0.0000034570693969726562, 1, -0.00001345574673905503, 0.000014036895663593896, 0.000018972905309055932, 0.5117650032043457, -0.8591256141662598, 0.000004362315394246252, 0.8591254949569702, 0.5117648839950562),
            ["LeftHand"] = CFrame.new(-0.0000013113021850585938, -0.0000011920928955078125, 6.007030606269836e-08, 0.13370537757873535, 0.8107780814170837, -0.5698782205581665, -0.6959733963012695, 0.48619404435157776, 0.5284285545349121, 0.7055097818374634, 0.3259666860103607, 0.6292869448661804),
            ["RightUpperLeg"] = CFrame.new(5.960464477539063e-08, 2.8847716748714447e-07, -1.287116901949048e-08, 0.9826761484146118, -0.11751170456409454, -0.1433129459619522, 0.03871965408325195, 0.8863910436630249, -0.4613155126571655, 0.18124127388000488, 0.44777435064315796, 0.8755851984024048),
            ["LeftUpperLeg"] = CFrame.new(-2.9802322387695312e-08, 1.6461126506328583e-07, -1.862645149230957e-08, 0.9350559711456299, 0.3520893454551697, -0.041271671652793884, -0.3038099408149719, 0.7359103560447693, -0.6050916910171509, -0.18267405033111572, 0.5783330798149109, 0.7950853705406189),
            ["RightLowerLeg"] = CFrame.new(-1.1548399925231934e-07, -0.0007264018058776855, 0.000046150591515470296, 1, 1.466833339236473e-07, 1.117587622445626e-08, -8.195637946073475e-08, 0.40626922249794006, 0.9137533903121948, 1.1548398504146462e-07, -0.9137534499168396, 0.40626946091651917),
            ["RightFoot"] = CFrame.new(1.5087425708770752e-07, -1.7881393432617188e-07, 1.6952981241047382e-09, 0.9877439141273499, 0.1396024078130722, -0.06980946660041809, -0.1530240774154663, 0.7780001759529114, -0.6093432307243347, -0.03075404465198517, 0.6125577092170715, 0.7898275852203369),
            ["LeftLowerLeg"] = CFrame.new(1.2665987014770508e-07, -0.0007267594337463379, 0.0000809933990240097, 1, 8.940696716308594e-08, 4.4703490686970326e-08, -7.450580596923828e-08, 0.3117453455924988, 0.9501657485961914, 6.332993507385254e-08, -0.9501657485961914, 0.31174546480178833),
        }},
        {Time = 0.133, Data = {
            ["LeftFoot"] = CFrame.new(0, -1.7881393432617188e-07, 1.1175870895385742e-08, 0.980095624923706, -0.19601501524448395, 0.03147602826356888, 0.18083025515079498, 0.8160066604614258, -0.549029529094696, 0.08193334937095642, 0.5437934994697571, 0.8352100849151611),
            ["LeftLowerArm"] = CFrame.new(0.0000014007091522216797, -4.172325134277344e-07, 0.000004589557647705078, 1, 1.043081283569336e-07, 1.4901164746561335e-08, -8.568168397005138e-08, 0.6029790639877319, -0.797757089138031, -8.195639367158947e-08, 0.797757089138031, 0.6029789447784424),
            ["LowerTorso"] = CFrame.new(0.04577617719769478, -0.34417617321014404, 0.1266685128211975, 0.9971004128456116, -0.0541006438434124, 0.053515344858169556, 0.05510566756129265, 0.9983274340629578, -0.01748541183769703, -0.05247986316680908, 0.02038371004164219, 0.9984139204025269),
            ["Head"] = CFrame.new(-2.8870999813079834e-08, -5.960464477539062e-07, -9.313225746154785e-09, 0.9870883226394653, -0.023181769996881485, 0.15849049389362335, 0.022043751552700996, 0.999717116355896, 0.008935128338634968, -0.15865296125411987, -0.005326210055500269, 0.9873201847076416),
            ["RightUpperArm"] = CFrame.new(-0.029811739921569824, 0.03713405132293701, 0.03482063114643097, 0.6486002206802368, -0.4048614799976349, 0.6445187926292419, 0.6446417570114136, -0.1580076515674591, -0.7479779720306396, 0.404666543006897, 0.9006224274635315, 0.15850690007209778),
            ["UpperTorso"] = CFrame.new(1.862645149230957e-09, -5.960464477539063e-08, 7.450580596923828e-09, 0.996457576751709, -0.06780025362968445, 0.04975264146924019, 0.05687086656689644, 0.9791038632392883, 0.19524693489074707, -0.06195072829723358, -0.1917257159948349, 0.9794913530349731),
            ["HumanoidRootPart"] = CFrame.new(0, 0, 0, 1, 0, 0, 0, 1, 0, 0, 0, 1),
            ["RightHand"] = CFrame.new(5.364418029785156e-07, 0.0000011920928955078125, -8.642673492431641e-07, 0.23905350267887115, -0.7824805974960327, 0.5749581456184387, 0.6326401233673096, 0.5747116208076477, 0.519108235836029, -0.7366272807121277, 0.23964732885360718, 0.6324159502983093),
            ["LeftUpperArm"] = CFrame.new(0.027063369750976562, 0.025600671768188477, 0.03551946580410004, 0.6072894930839539, 0.23092278838157654, -0.7601801156997681, -0.7100762128829956, -0.271416038274765, -0.6497119665145874, -0.35635846853256226, 0.934349000453949, -0.0008552523795515299),
            ["RightLowerArm"] = CFrame.new(5.364418029785156e-07, 5.364418029785156e-07, -0.0000036954879760742188, 1, -0.00001341104507446289, 0.00001415610677213408, 0.00001900456663861405, 0.5083816051483154, -0.8611319661140442, 0.0000043213362914684694, 0.8611319065093994, 0.5083815455436707),
            ["LeftHand"] = CFrame.new(-0.0000011920928955078125, -0.0000010728836059570312, 1.7695128917694092e-07, 0.14252708852291107, 0.8144917488098145, -0.562395453453064, -0.701239287853241, 0.4840914011001587, 0.5233729481697083, 0.6985338926315308, 0.3197793662548065, 0.6401500701904297),
            ["RightUpperLeg"] = CFrame.new(1.4901161193847656e-07, -1.0011717677116394e-07, 1.3205863069742918e-08, 0.9828044772148132, -0.11563517153263092, -0.1439579725265503, 0.03758901730179787, 0.8885955214500427, -0.45714887976646423, 0.18078279495239258, 0.44387662410736084, 0.8776623010635376),
            ["LeftUpperLeg"] = CFrame.new(-8.940696716308594e-08, -7.008202373981476e-08, 5.587935447692871e-09, 0.9343338012695312, 0.35308682918548584, -0.0484778955578804, -0.3114567697048187, 0.7428034543991089, -0.5926531553268433, -0.1732483208179474, 0.5688344836235046, 0.8039976358413696),
            ["RightLowerLeg"] = CFrame.new(4.470348358154297e-08, -0.0007262825965881348, 0.000046165492676664144, 1, 1.2852252950779075e-07, -3.725290298461914e-09, -8.940695295223122e-08, 0.4019481837749481, 0.9156623482704163, 1.0058282384761696e-07, -0.9156624674797058, 0.40194830298423767),
            ["RightFoot"] = CFrame.new(2.0302832126617432e-07, -5.960464477539063e-08, -1.3205863069742918e-08, 0.9881278872489929, 0.1419532150030136, -0.05875963717699051, -0.14806108176708221, 0.7778021097183228, -0.6108205914497375, -0.04100450128316879, 0.6122688055038452, 0.7895856499671936),
            ["LeftLowerLeg"] = CFrame.new(5.960464477539063e-08, -0.0007265806198120117, 0.0000809207558631897, 1, 8.940694584680386e-08, 4.470348358154297e-08, -4.4703490686970326e-08, 0.30415284633636475, 0.952623188495636, 3.9115551686563776e-08, -0.9526233077049255, 0.30415308475494385),
        }},
        {Time = 0.167, Data = {
            ["LeftFoot"] = CFrame.new(-3.725290298461914e-08, -1.1920928955078125e-07, -8.195638656616211e-08, 0.9795778393745422, -0.1957850307226181, 0.045776888728141785, 0.18805721402168274, 0.8115795254707336, -0.5531485080718994, 0.07114660739898682, 0.550460696220398, 0.831824004650116),
            ["LeftLowerArm"] = CFrame.new(0.0000011622905731201172, -3.5762786865234375e-07, 0.0000050067901611328125, 1, 1.0430814256778831e-07, -8.940698847936801e-08, -7.823111758398227e-08, 0.6094427108764648, -0.792830228805542, -7.823111758398227e-08, 0.792830228805542, 0.6094425916671753),
            ["LowerTorso"] = CFrame.new(0.04711563140153885, -0.3452345132827759, 0.12271634489297867, 0.9977824091911316, -0.05063677206635475, 0.043199650943279266, 0.05185144394636154, 0.9982768297195435, -0.02747589536011219, -0.041733916848897934, 0.029654933139681816, 0.9986886382102966),
            ["Head"] = CFrame.new(1.1175870895385742e-08, -4.76837158203125e-07, -1.862645149230957e-08, 0.9895597696304321, -0.01925348863005638, 0.14283134043216705, 0.013370431959629059, 0.9990267157554626, 0.04203498736023903, -0.14350168406963348, -0.03968655690550804, 0.9888541102409363),
            ["RightUpperArm"] = CFrame.new(-0.031976401805877686, 0.04222822189331055, 0.04049399495124817, 0.6417803764343262, -0.4087713062763214, 0.6488634347915649, 0.6527147889137268, -0.15302026271820068, -0.7419895529747009, 0.40259313583374023, 0.8997171521186829, 0.16860562562942505),
            ["UpperTorso"] = CFrame.new(-1.0710209608078003e-08, 0, 7.683411240577698e-09, 0.99689120054245, -0.059818167239427567, 0.05128197371959686, 0.04806908592581749, 0.9774340391159058, 0.20569932460784912, -0.06242924928665161, -0.20259466767311096, 0.9772706627845764),
            ["HumanoidRootPart"] = CFrame.new(0, 0, 0, 1, 0, 0, 0, 1, 0, 0, 0, 1),
            ["RightHand"] = CFrame.new(3.2782554626464844e-07, 0.0000011920928955078125, -7.301568984985352e-07, 0.2264811396598816, -0.7932397723197937, 0.5652225613594055, 0.6298447847366333, 0.5619198083877563, 0.5362294316291809, -0.7429683208465576, 0.23455682396888733, 0.6268824338912964),
            ["LeftUpperArm"] = CFrame.new(0.025111377239227295, 0.01928424835205078, 0.04178117960691452, 0.5982112884521484, 0.23294056951999664, -0.7667346000671387, -0.7142449021339417, -0.2788125276565552, -0.6419641971588135, -0.363314688205719, 0.931666374206543, -0.00041209167102351785),
            ["RightLowerArm"] = CFrame.new(-1.1920928955078125e-07, 4.172325134277344e-07, -0.0000040978193283081055, 1, -0.000013321633559826296, 0.000014126300811767578, 0.000018989667296409607, 0.507725715637207, -0.8615188598632812, 0.000004306435585021973, 0.8615188002586365, 0.507725715637207),
            ["LeftHand"] = CFrame.new(-0.000001341104507446289, -0.0000011920928955078125, 2.942979335784912e-07, 0.1531638354063034, 0.8170235753059387, -0.5558892488479614, -0.7063155770301819, 0.48393136262893677, 0.5166516900062561, 0.6911289095878601, 0.313501238822937, 0.6511975526809692),
            ["RightUpperLeg"] = CFrame.new(0, -9.709037840366364e-08, 2.029992174357176e-09, 0.9825390577316284, -0.11962363123893738, -0.14250387251377106, 0.04285639896988869, 0.8908296227455139, -0.4523119330406189, 0.18105381727218628, 0.4383067190647125, 0.8804014325141907),
            ["LeftUpperLeg"] = CFrame.new(-2.9802322387695312e-08, -3.4924596548080444e-08, -1.862645149230957e-09, 0.935503363609314, 0.35016322135925293, -0.047110266983509064, -0.3117756247520447, 0.7554082870483398, -0.5763283371925354, -0.1662214696407318, 0.5538448095321655, 0.8158592581748962),
            ["RightLowerLeg"] = CFrame.new(-6.332993507385254e-08, -0.0007264614105224609, 0.00004610216274159029, 1, 1.452863784834335e-07, 1.4901162970204496e-08, -6.705522537231445e-08, 0.39767539501190186, 0.9175261855125427, 1.1548399925231934e-07, -0.9175263047218323, 0.39767545461654663),
            ["RightFoot"] = CFrame.new(1.5087425708770752e-07, 0, 1.6596459317952394e-08, 0.9883942604064941, 0.1443675309419632, -0.04727344959974289, -0.14284905791282654, 0.7774166464805603, -0.6125500798225403, -0.05168117210268974, 0.6121939420700073, 0.7890169620513916),
            ["LeftLowerLeg"] = CFrame.new(-5.960464477539063e-08, -0.0007266402244567871, 0.00008090026676654816, 1, 5.960465188081798e-08, 5.960464477539063e-08, -8.195636524988004e-08, 0.3053570091724396, 0.9522379636764526, 7.264314660915261e-08, -0.9522380232810974, 0.30535703897476196),
        }},
        {Time = 0.200, Data = {
            ["LeftFoot"] = CFrame.new(-7.450580596923828e-08, 0, -7.450580596923828e-09, 0.9795064926147461, -0.19316427409648895, 0.057050131261348724, 0.1920865774154663, 0.8107007145881653, -0.553052544593811, 0.06057946756482124, 0.5526769757270813, 0.831190824508667),
            ["LeftLowerArm"] = CFrame.new(0.0000011026859283447266, -4.76837158203125e-07, 0.00000476837158203125, 1, 7.450579886381092e-08, -1.4901162970204496e-08, -9.313227167240257e-08, 0.596228301525116, -0.8028149604797363, -5.960465188081798e-08, 0.8028149604797363, 0.596228301525116),
            ["LowerTorso"] = CFrame.new(0.04593794047832489, -0.341449499130249, 0.11795026808977127, 0.998566746711731, -0.04206279665231705, 0.03309645876288414, 0.043320395052433014, 0.9983289241790771, -0.038245558738708496, -0.031432438641786575, 0.039624493569135666, 0.9987201690673828),
            ["Head"] = CFrame.new(-4.6566128730773926e-08, -9.5367431640625e-07, -5.21540641784668e-08, 0.9917374849319458, -0.016304848715662956, 0.1272442638874054, 0.006867420859634876, 0.9972155690193176, 0.07425671070814133, -0.12810061872005463, -0.0727694109082222, 0.9890879392623901),
            ["RightUpperArm"] = CFrame.new(-0.03338027000427246, 0.04420268535614014, 0.04598190262913704, 0.6276322603225708, -0.4135947823524475, 0.6595584154129028, 0.6653136014938354, -0.15498851239681244, -0.7302988171577454, 0.40427151322364807, 0.8971722722053528, 0.17789432406425476),
            ["UpperTorso"] = CFrame.new(-2.2351741790771484e-08, -2.9802322387695312e-08, 1.0244548320770264e-08, 0.9973722696304321, -0.05244988575577736, 0.04997771978378296, 0.040422942489385605, 0.9753548502922058, 0.21690773963928223, -0.060122810304164886, -0.2143174409866333, 0.9749119281768799),
            ["HumanoidRootPart"] = CFrame.new(0, 0, 0, 1, 0, 0, 0, 1, 0, 0, 0, 1),
            ["RightHand"] = CFrame.new(3.8743019104003906e-07, 9.5367431640625e-07, -9.5367431640625e-07, 0.21329353749752045, -0.8064497709274292, 0.5514925718307495, 0.6268221735954285, 0.5459462404251099, 0.5559109449386597, -0.749399721622467, 0.2271159291267395, 0.621947705745697),
            ["LeftUpperArm"] = CFrame.new(0.02384430170059204, 0.016283631324768066, 0.04743107408285141, 0.5934309363365173, 0.24490873515605927, -0.7667200565338135, -0.716947078704834, -0.2721129357814789, -0.6418267488479614, -0.36582323908805847, 0.9305773973464966, 0.014106350019574165),
            ["RightLowerArm"] = CFrame.new(4.76837158203125e-07, 2.384185791015625e-07, -0.000003889203071594238, 1, -0.000013247129572846461, 0.000014171004295349121, 0.000018972901671077125, 0.5068501234054565, -0.8620342016220093, 0.00000430270983997616, 0.862034261226654, 0.5068501234054565),
            ["LeftHand"] = CFrame.new(-0.0000017583370208740234, -0.0000015497207641601562, 7.450580596923828e-09, 0.16494442522525787, 0.8187636733055115, -0.5499263405799866, -0.7115097045898438, 0.4849059283733368, 0.5085472464561462, 0.683042585849762, 0.3073962330818176, 0.6625410914421082),
            ["RightUpperLeg"] = CFrame.new(8.940696716308594e-08, -4.516914486885071e-08, 1.1343217920511961e-08, 0.9819191694259644, -0.12944947183132172, -0.13812141120433807, 0.055259816348552704, 0.8938723802566528, -0.44490310549736023, 0.18105536699295044, 0.4292261302471161, 0.8848636746406555),
            ["LeftUpperLeg"] = CFrame.new(-1.4901161193847656e-07, -2.2258609533309937e-07, 1.5832483768463135e-08, 0.9386751055717468, 0.3428795039653778, -0.03636932000517845, -0.3043876886367798, 0.7744770050048828, -0.5545571446418762, -0.16197912395000458, 0.5316193103790283, 0.831350564956665),
            ["RightLowerLeg"] = CFrame.new(-1.1175870895385742e-07, -0.0007263422012329102, 0.0000461207891930826, 1, 1.6950076542343595e-07, 2.2351748896198842e-08, -7.450579886381092e-08, 0.39790207147598267, 0.9174280166625977, 9.685753354915505e-08, -0.9174278974533081, 0.39790210127830505),
            ["RightFoot"] = CFrame.new(1.3597309589385986e-07, -5.960464477539063e-08, 5.3849362302571535e-08, 0.9883494973182678, 0.1478627473115921, -0.03608375042676926, -0.13878384232521057, 0.7781914472579956, -0.6125007271766663, -0.062485989183187485, 0.6103726029396057, 0.7896459698677063),
            ["LeftLowerLeg"] = CFrame.new(3.725290298461914e-08, -0.0007266998291015625, 0.00008091144263744354, 1, 5.960465898624534e-08, 2.9802322387695312e-08, -5.960465188081798e-08, 0.31898680329322815, 0.9477593302726746, 9.313227167240257e-08, -0.9477592706680298, 0.31898653507232666),
        }},
        {Time = 0.233, Data = {
            ["LeftFoot"] = CFrame.new(-5.21540641784668e-08, -1.1920928955078125e-07, -2.9802322387695312e-08, 0.9797940254211426, -0.18822522461414337, 0.06763790547847748, 0.19409337639808655, 0.8131553530693054, -0.5487315654754639, 0.04828504100441933, 0.5507718920707703, 0.8332580327987671),
            ["LeftLowerArm"] = CFrame.new(0.0000017881393432617188, -1.7881393432617188e-07, 0.00000492483377456665, 1, 1.4901161193847656e-07, -4.4703494239684005e-08, -8.195640788244418e-08, 0.5686618089675903, -0.8225714564323425, -2.2351747119842003e-08, 0.8225715160369873, 0.5686618089675903),
            ["LowerTorso"] = CFrame.new(0.04212962090969086, -0.33245694637298584, 0.11244292557239532, 0.9992985129356384, -0.02968239039182663, 0.02283509261906147, 0.030768997967243195, 0.9983343482017517, -0.048805121332407, -0.02134840004146099, 0.04947349429130554, 0.9985473155975342),
            ["Head"] = CFrame.new(2.8870999813079834e-08, -7.152557373046875e-07, -3.771856427192688e-08, 0.9938313961029053, -0.01543251983821392, 0.10982285439968109, 0.00407229783013463, 0.9946810007095337, 0.10292258858680725, -0.11082713305950165, -0.10184071213006973, 0.9886081218719482),
            ["RightUpperArm"] = CFrame.new(-0.032356441020965576, 0.040793776512145996, 0.050715506076812744, 0.6168366074562073, -0.41389918327331543, 0.6694773435592651, 0.6737721562385559, -0.16201630234718323, -0.7209591269493103, 0.40687066316604614, 0.8957892060279846, 0.17893634736537933),
            ["UpperTorso"] = CFrame.new(1.816079020500183e-08, 5.960464477539063e-08, 1.8451828509569168e-08, 0.9978495836257935, -0.0441448912024498, 0.04845009371638298, 0.03203796222805977, 0.9733599424362183, 0.2270333617925644, -0.057181745767593384, -0.22499282658100128, 0.9726811051368713),
            ["HumanoidRootPart"] = CFrame.new(0, 0, 0, 1, 0, 0, 0, 1, 0, 0, 0, 1),
            ["RightHand"] = CFrame.new(5.960464477539063e-08, 0.0000015497207641601562, -7.152557373046875e-07, 0.1972033828496933, -0.8158280253410339, 0.5436312556266785, 0.6200391054153442, 0.5333194732666016, 0.5754320621490479, -0.759382963180542, 0.22359593212604523, 0.6110180020332336),
            ["LeftUpperArm"] = CFrame.new(0.02470076084136963, 0.019127488136291504, 0.05177106708288193, 0.5953947305679321, 0.2614947259426117, -0.7596877813339233, -0.7171270847320557, -0.25337493419647217, -0.6492534279823303, -0.3622622489929199, 0.9313547611236572, 0.03666696697473526),
            ["RightLowerArm"] = CFrame.new(6.258487701416016e-07, 4.172325134277344e-07, -0.0000036507844924926758, 1, -0.000013366339771891944, 0.000014171007933327928, 0.000018980354070663452, 0.508053719997406, -0.8613255620002747, 0.000004403293132781982, 0.8613254427909851, 0.5080535411834717),
            ["LeftHand"] = CFrame.new(-0.0000014007091522216797, -0.0000013113021850585938, -1.1920928955078125e-07, 0.17532366514205933, 0.8190382719039917, -0.5462942719459534, -0.7168902158737183, 0.48652780055999756, 0.4993588328361511, 0.6747815608978271, 0.30408406257629395, 0.672460675239563),
            ["RightUpperLeg"] = CFrame.new(8.940696716308594e-08, -6.705522537231445e-08, 4.823959898203611e-09, 0.9808115363121033, -0.1435655802488327, -0.13189993798732758, 0.0729554295539856, 0.8976773023605347, -0.43457216024398804, 0.1807931810617447, 0.4166105389595032, 0.8909261226654053),
            ["LeftUpperLeg"] = CFrame.new(0, -1.955777406692505e-07, 2.0489096641540527e-08, 0.9436662793159485, 0.33034878969192505, -0.019070040434598923, -0.29023200273513794, 0.7986354231834412, -0.527206540107727, -0.15893201529979706, 0.5030420422554016, 0.84952312707901),
            ["RightLowerLeg"] = CFrame.new(-2.5331974029541016e-07, -0.0007264018058776855, 0.000046128239773679525, 1, 1.5459956159702415e-07, 4.842879164357328e-08, -7.450579175838357e-08, 0.40462037920951843, 0.9144847393035889, 7.450579175838357e-08, -0.9144847393035889, 0.404620498418808),
            ["RightFoot"] = CFrame.new(1.6763806343078613e-07, -1.7881393432617188e-07, -2.8107024263590574e-08, 0.9880415201187134, 0.15216825902462006, -0.024874383583664894, -0.1356073021888733, 0.7808164954185486, -0.6098657846450806, -0.07337993383407593, 0.605945885181427, 0.7921143174171448),
            ["LeftLowerLeg"] = CFrame.new(-5.960464477539063e-08, -0.0007265806198120117, 0.00008095521479845047, 1, 8.940695295223122e-08, 4.470347647611561e-08, -7.450579886381092e-08, 0.344522088766098, 0.9387782216072083, 6.426125054304066e-08, -0.938778281211853, 0.344522088766098),
        }},
        {Time = 0.267, Data = {
            ["LeftFoot"] = CFrame.new(7.450580596923828e-09, -1.7881393432617188e-07, -2.9802322387695312e-08, 0.980299711227417, -0.18163159489631653, 0.07760488986968994, 0.19441725313663483, 0.8179959654808044, -0.5413732528686523, 0.034850068390369415, 0.5457953214645386, 0.8371931910514832),
            ["LeftLowerArm"] = CFrame.new(0.0000012516975402832031, -2.384185791015625e-07, 0.000004693865776062012, 1, 1.0430814256778831e-07, -4.4703497792397684e-08, -8.195638656616211e-08, 0.5444980263710022, -0.8387622237205505, -2.60770320892334e-08, 0.8387621641159058, 0.5444979667663574),
            ["LowerTorso"] = CFrame.new(0.0360514372587204, -0.3205341100692749, 0.10675564408302307, 0.999812662601471, -0.014758381061255932, 0.012524373829364777, 0.015456053428351879, 0.9982219338417053, -0.05756943300366402, -0.011652471497654915, 0.05775223299860954, 0.9982629418373108),
            ["Head"] = CFrame.new(2.2351741790771484e-08, -4.76837158203125e-07, -6.28642737865448e-09, 0.9956830143928528, -0.014587290585041046, 0.09166638553142548, 0.0030283615924417973, 0.9921531677246094, 0.12499213218688965, -0.09277034550905228, -0.12417478859424591, 0.9879141449928284),
            ["RightUpperArm"] = CFrame.new(-0.029683947563171387, 0.03339076042175293, 0.05407749116420746, 0.6084870100021362, -0.4124218225479126, 0.6779760718345642, 0.6777564883232117, -0.17431208491325378, -0.7143262624740601, 0.41278308629989624, 0.8941608667373657, 0.17345476150512695),
            ["UpperTorso"] = CFrame.new(-5.3551048040390015e-09, -1.7881393432617188e-07, 2.523302100598812e-08, 0.9982548952102661, -0.03669203072786331, 0.04627009108662605, 0.024878693744540215, 0.9719220995903015, 0.2339840829372406, -0.05355629324913025, -0.2324247807264328, 0.9711387753486633),
            ["HumanoidRootPart"] = CFrame.new(0, 0, 0, 1, 0, 0, 0, 1, 0, 0, 0, 1),
            ["RightHand"] = CFrame.new(2.384185791015625e-07, 0.0000010132789611816406, -8.195638656616211e-07, 0.18311363458633423, -0.8220365047454834, 0.5391892194747925, 0.6112183928489685, 0.5247697234153748, 0.5924769043922424, -0.769987940788269, 0.22107213735580444, 0.5985366702079773),
            ["LeftUpperArm"] = CFrame.new(0.027145862579345703, 0.026334285736083984, 0.054408278316259384, 0.6018736958503723, 0.2733193337917328, -0.750362753868103, -0.7148594260215759, -0.23444949090480804, -0.6587942242622375, -0.35598331689834595, 0.9329148530960083, 0.05427578464150429),
            ["RightLowerArm"] = CFrame.new(4.172325134277344e-07, 7.152557373046875e-07, -0.0000041425228118896484, 1, -0.000013485549061442725, 0.00001409650212735869, 0.00001898780647024978, 0.5127452611923218, -0.8585407733917236, 0.000004291534878575476, 0.8585408329963684, 0.5127452611923218),
            ["LeftHand"] = CFrame.new(-0.0000018477439880371094, -0.0000013113021850585938, -2.9802322387695312e-08, 0.18697552382946014, 0.8170908093452454, -0.5453457832336426, -0.7259060740470886, 0.48895514011383057, 0.4837184548377991, 0.6618916988372803, 0.3054267466068268, 0.6845541596412659),
            ["RightUpperLeg"] = CFrame.new(-2.9802322387695312e-08, -7.916241884231567e-08, -2.6266206987202168e-09, 0.9791272282600403, -0.161073699593544, -0.12395638972520828, 0.09440310299396515, 0.9005081653594971, -0.42446795105934143, 0.1799943745136261, 0.40390631556510925, 0.896917998790741),
