return {
    ["XO (Only If You Say Yes)"] = {
        {Time = 0.000, Data = {
            ["RightFoot"] = CFrame.new(1.7136335372924805e-07, -1.1920928955078125e-07, 1.6596459317952394e-08, 0.8734977841377258, 0.21914897859096527, 0.4347132444381714, 0.0537138506770134, 0.8441128730773926, -0.533467710018158, -0.4838559627532959, 0.4893333613872528, 0.7255594730377197),
            ["LeftLowerArm"] = CFrame.new(0.0000011026859283447266, -4.76837158203125e-07, 0.000004842877388000488, 1, 1.639127589214695e-07, -3.725290653733282e-08, -8.195638656616211e-08, 0.5724660158157349, -0.8199286460876465, -4.470348358154297e-08, 0.8199284672737122, 0.5724658966064453),
            ["RightUpperArm"] = CFrame.new(0.025069832801818848, -0.03815865516662598, 0.1263599544763565, 0.35574886202812195, -0.4335872530937195, 0.8279162645339966, 0.7417259812355042, -0.4079582095146179, -0.5323647856712341, 0.5685818791389465, 0.8034751415252686, 0.17647233605384827),
            ["Head"] = CFrame.new(-2.2351741790771484e-08, -8.344650268554688e-07, 1.0652001947164536e-08, 0.9809309840202332, -0.15322569012641907, 0.11956766247749329, 0.16691114008426666, 0.9793195128440857, -0.11434173583984375, -0.09957461804151535, 0.13211847841739655, 0.9862198233604431),
            ["RightHand"] = CFrame.new(1.862645149230957e-07, 0.0000016689300537109375, -8.009374141693115e-07, 0.8577153086662292, 0.08393209427595139, 0.5072271823883057, -0.03200899437069893, 0.9933881759643555, -0.11025168001651764, -0.5131276249885559, 0.07832890748977661, 0.854731023311615),
            ["UpperTorso"] = CFrame.new(-3.725290298461914e-08, 2.980232238769531e-07, 3.3527612686157227e-08, 0.6515055894851685, -0.12321272492408752, -0.748571515083313, -0.0000754799839342013, 0.9867125153541565, -0.1624758392572403, 0.7586438655853271, 0.10591039061546326, 0.642839252948761),
            ["HumanoidRootPart"] = CFrame.new(0, 0, 0, 1, 0, 0, 0, 1, 0, 0, 0, 1),
            ["RightUpperLeg"] = CFrame.new(-1.1920928955078125e-07, 1.685693860054016e-07, 5.790934665128589e-08, 0.8413273692131042, -0.04560205340385437, 0.5385988354682922, 0.19834217429161072, 0.9529724717140198, -0.22913797199726105, -0.5028206706047058, 0.29960644245147705, 0.8108065128326416),
            ["LeftUpperArm"] = CFrame.new(0.09190589189529419, 0.06530797481536865, 0.13475266098976135, 0.4153631925582886, 0.2698684632778168, -0.8687030076980591, -0.8536097407341003, -0.21439187228679657, -0.4747485816478729, -0.3143625557422638, 0.9387263655662537, 0.1413116455078125),
            ["RightLowerArm"] = CFrame.new(5.066394805908203e-07, 2.980232238769531e-07, -0.00000385381281375885, 1, -0.000018037855625152588, 0.000007241964340209961, 0.000018998980522155762, 0.8231081366539001, -0.5678847432136536, 0.000004366040229797363, 0.5678847432136536, 0.8231080770492554),
            ["LeftHand"] = CFrame.new(-0.000001817941665649414, -0.0000011324882507324219, 7.078051567077637e-08, 0.9380467534065247, 0.3002191483974457, -0.17302203178405762, -0.2717919945716858, 0.9472163915634155, 0.17003068327903748, 0.21493597328662872, -0.11247053742408752, 0.9701303839683533),
            ["LeftFoot"] = CFrame.new(-3.3527612686157227e-08, 0, 3.166496753692627e-08, 0.9474697709083557, -0.1727169007062912, -0.2692025601863861, -0.05552506446838379, 0.7400650382041931, -0.6702391505241394, 0.3149890899658203, 0.6499789357185364, 0.6915993094444275),
            ["LowerTorso"] = CFrame.new(-0.20676620304584503, -0.25554466247558594, 0.03619368374347687, 0.5373091101646423, 0.08317319303750992, 0.8392742872238159, 0.0696495920419693, 0.9873502254486084, -0.1424378901720047, -0.84050452709198, 0.13498824834823608, 0.5247192978858948),
            ["RightLowerLeg"] = CFrame.new(0, -0.0007262825965881348, 0.000046090986870694906, 1, 1.3597309589385986e-07, 1.1175872671742582e-08, -1.1082738637924194e-07, 0.643185555934906, 0.7657098770141602, 6.705522537231445e-08, -0.7657103538513184, 0.6431862115859985),
            ["LeftUpperLeg"] = CFrame.new(0, 2.421438694000244e-07, 2.9802322387695312e-08, 0.8790449500083923, 0.32579949498176575, 0.348043829202652, -0.30236732959747314, 0.9454378485679626, -0.1213323324918747, -0.3685838282108307, 0.0014192905509844422, 0.9295935034751892),
            ["LeftLowerLeg"] = CFrame.new(4.470348358154297e-08, -0.0007265806198120117, 0.00008098781108856201, 1, 1.341104365337742e-07, 1.1175872671742582e-08, -6.33299421792799e-08, 0.554435670375824, 0.8322264552116394, 1.1175872671742582e-08, -0.8322266340255737, 0.5544359683990479),
        }},
        {Time = 0.033, Data = {
            ["RightFoot"] = CFrame.new(1.6763806343078613e-07, -5.960464477539063e-08, 3.894820110872388e-08, 0.8244177103042603, 0.28580859303474426, 0.4885169565677643, 0.03868180885910988, 0.8326610326766968, -0.5524303913116455, -0.5646584630012512, 0.47433024644851685, 0.675404965877533),
            ["LeftLowerArm"] = CFrame.new(0.000001430511474609375, 1.7881393432617188e-07, 0.0000052228569984436035, 1, 1.266598985694145e-07, -2.980232949312267e-08, -6.705523958316917e-08, 0.5824676156044006, -0.812853991985321, -8.195640788244418e-08, 0.8128539323806763, 0.5824676156044006),
            ["RightUpperArm"] = CFrame.new(0.024694204330444336, -0.04065680503845215, 0.11445207893848419, 0.2980433702468872, -0.4375401735305786, 0.8483683466911316, 0.737393319606781, -0.4588389992713928, -0.49569928646087646, 0.6061528325080872, 0.7733210921287537, 0.1858855038881302),
            ["Head"] = CFrame.new(2.2351741790771484e-08, -8.344650268554688e-07, -9.103678166866302e-08, 0.9789412617683411, -0.14506985247135162, 0.1436275988817215, 0.1631009578704834, 0.9789229035377502, -0.12291575968265533, -0.12276886403560638, 0.1437527984380722, 0.981968879699707),
            ["RightHand"] = CFrame.new(2.3469328880310059e-07, 0.0000016093254089355469, -7.953494787216187e-07, 0.9097469449043274, 0.05647558718919754, 0.41130366921424866, -0.025951609015464783, 0.9965028762817383, -0.07942744344472885, -0.4143514037132263, 0.06158510595560074, 0.9080312252044678),
            ["UpperTorso"] = CFrame.new(3.725290298461914e-08, 3.5762786865234375e-07, -2.9802322387695312e-08, 0.6477383971214294, -0.07698164135217667, -0.7579637765884399, -0.01109041552990675, 0.9938238263130188, -0.11041395366191864, 0.761782169342041, 0.0799255520105362, 0.6428839564323425),
            ["HumanoidRootPart"] = CFrame.new(0, 0, 0, 1, 0, 0, 0, 1, 0, 0, 0, 1),
            ["RightUpperLeg"] = CFrame.new(-2.9802322387695312e-08, 4.1350722312927246e-07, -8.365168469026685e-08, 0.8769880533218384, -0.07064961642026901, 0.4752899408340454, 0.20489202439785004, 0.9496845602989197, -0.23689356446266174, -0.4346391260623932, 0.3051358461380005, 0.847337543964386),
            ["LeftUpperArm"] = CFrame.new(0.09125077724456787, 0.0603330135345459, 0.12239211797714233, 0.34550154209136963, 0.30517566204071045, -0.8874101042747498, -0.8495189547538757, -0.30003711581230164, -0.43393030762672424, -0.39868083596229553, 0.9037951231002808, 0.15558919310569763),
            ["RightLowerArm"] = CFrame.new(1.1920928955078125e-07, 7.152557373046875e-07, -0.0000036731362342834473, 1, -0.00001779943886504043, 0.000007804484994267114, 0.000018998982341145165, 0.8049246668815613, -0.5933771133422852, 0.000004272908427083166, 0.5933770537376404, 0.8049246668815613),
            ["LeftHand"] = CFrame.new(-0.000001080334186553955, -9.5367431640625e-07, 2.682209014892578e-07, 0.950856626033783, 0.28629305958747864, -0.11793071031570435, -0.26483044028282166, 0.9493152499198914, 0.1693096160888672, 0.16042567789554596, -0.12975738942623138, 0.9784818291664124),
            ["LeftFoot"] = CFrame.new(5.727633833885193e-08, -1.7881393432617188e-07, 3.166496753692627e-08, 0.9442409873008728, -0.1842745989561081, -0.27285876870155334, -0.07039525359869003, 0.6965664625167847, -0.7140308022499084, 0.3216421604156494, 0.6934248208999634, 0.6447544097900391),
            ["LowerTorso"] = CFrame.new(-0.20134274661540985, -0.283847451210022, 0.05074299871921539, 0.5601420998573303, 0.07621260732412338, 0.8248833417892456, 0.09364929050207138, 0.9835498929023743, -0.15446525812149048, -0.8230860829353333, 0.16377222537994385, 0.5437904596328735),
            ["RightLowerLeg"] = CFrame.new(-4.470348358154297e-08, -0.0007261037826538086, 0.00004605932190315798, 1, 1.2665991278026922e-07, -1.4901164746561335e-08, -6.332992796842518e-08, 0.6709182262420654, 0.7415311932563782, 1.2852250108608132e-07, -0.7415314316749573, 0.6709184050559998),
            ["LeftUpperLeg"] = CFrame.new(0, 2.0489096641540527e-07, 0, 0.8562793135643005, 0.364732563495636, 0.36572644114494324, -0.334199458360672, 0.9311078190803528, -0.1461130827665329, -0.39382296800613403, 0.002888016402721405, 0.9191818237304688),
            ["LeftLowerLeg"] = CFrame.new(-7.450580596923828e-08, -0.0007265806198120117, 0.00008095800876617432, 1, 1.0430816388407038e-07, 6.332992796842518e-08, -1.0430811414607888e-07, 0.5003579258918762, 0.8658186197280884, 0, -0.8658186793327332, 0.5003579258918762),
        }},
        {Time = 0.067, Data = {
            ["RightFoot"] = CFrame.new(2.384185791015625e-07, 0, -2.029992174357176e-09, 0.8181769251823425, 0.29435572028160095, 0.49390408396720886, -0.013381540775299072, 0.8685294985771179, -0.49545690417289734, -0.5748108625411987, 0.39876222610473633, 0.7145496606826782),
            ["LeftLowerArm"] = CFrame.new(0.0000010728836059570312, -4.76837158203125e-07, 0.0000045299530029296875, 1, 1.1920928955078125e-07, 1.4901162970204496e-08, -1.1175872316471214e-07, 0.5736454129219055, -0.8191038370132446, -5.960465188081798e-08, 0.8191037774085999, 0.5736453533172607),
            ["RightUpperArm"] = CFrame.new(0.022797346115112305, -0.03738045692443848, 0.09722388535737991, 0.28442543745040894, -0.48180001974105835, 0.8288370370864868, 0.7228522300720215, -0.46012797951698303, -0.5155261754989624, 0.6297513842582703, 0.7457553744316101, 0.21739810705184937),
            ["Head"] = CFrame.new(5.587935447692871e-09, -4.76837158203125e-07, -2.0023435354232788e-08, 0.9833991527557373, -0.13413536548614502, 0.12220411002635956, 0.14986929297447205, 0.9800891876220703, -0.13024751842021942, -0.10230012238025665, 0.14639969170093536, 0.9839216470718384),
            ["RightHand"] = CFrame.new(2.086162567138672e-07, 0.0000013709068298339844, -9.424984455108643e-07, 0.9298250675201416, 0.03131638467311859, 0.3666667640209198, -0.017880650237202644, 0.999040424823761, -0.03998314216732979, -0.36756742000579834, 0.03062129020690918, 0.9294928312301636),
            ["UpperTorso"] = CFrame.new(4.0978193283081055e-08, -2.9802322387695312e-08, 2.9802322387695312e-08, 0.6882855296134949, -0.020879393443465233, -0.725139319896698, -0.018188420683145523, 0.9987748265266418, -0.046022430062294006, 0.7252118587493896, 0.04486582800745964, 0.6870625019073486),
            ["HumanoidRootPart"] = CFrame.new(0, 0, 0, 1, 0, 0, 0, 1, 0, 0, 0, 1),
            ["RightUpperLeg"] = CFrame.new(-5.960464477539063e-08, -2.4121254682540894e-07, -1.6952981241047382e-09, 0.9159053564071655, -0.08872105181217194, 0.39146652817726135, 0.20557361841201782, 0.9413349032402039, -0.2676342725753784, -0.34475624561309814, 0.32560285925865173, 0.8804122805595398),
            ["LeftUpperArm"] = CFrame.new(0.08908385038375854, 0.06119966506958008, 0.1042572483420372, 0.33098676800727844, 0.2878650426864624, -0.8986554741859436, -0.8356093764305115, -0.3530411720275879, -0.420855313539505, -0.4384116530418396, 0.8902221918106079, 0.12369076162576675),
            ["RightLowerArm"] = CFrame.new(4.172325134277344e-07, 7.152557373046875e-07, -0.000003591179847717285, 1, -0.000017106531231547706, 0.000009268523172067944, 0.000019028782844543457, 0.7498164772987366, -0.6616458892822266, 0.000004343688488006592, 0.6616458892822266, 0.7498165369033813),
            ["LeftHand"] = CFrame.new(-0.0000015534460544586182, -0.0000011920928955078125, 3.390014171600342e-07, 0.9550348520278931, 0.2662911117076874, -0.1303735077381134, -0.2367451786994934, 0.9496180415153503, 0.2053719460964203, 0.17849385738372803, -0.16527198255062103, 0.9699614644050598),
            ["LeftFoot"] = CFrame.new(-1.862645149230957e-09, -1.7881393432617188e-07, -5.587935447692871e-09, 0.946264922618866, -0.17786552011966705, -0.2700863182544708, -0.08122269064188004, 0.6776815056800842, -0.7308564186096191, 0.31302663683891296, 0.7135207056999207, 0.6268193125724792),
            ["LowerTorso"] = CFrame.new(-0.18518003821372986, -0.2912522554397583, 0.07924693077802658, 0.5979358553886414, 0.05970292538404465, 0.7993174195289612, 0.11887636035680771, 0.9795886874198914, -0.16209425032138824, -0.7926797270774841, 0.19194191694259644, 0.5786339640617371),
            ["RightLowerLeg"] = CFrame.new(-1.6763806343078613e-07, -0.0007265806198120117, 0.000046165492676664144, 1, 1.3411047916633834e-07, 1.4901162970204496e-08, -8.195638656616211e-08, 0.6724995374679565, 0.7400974035263062, 2.9802322387695312e-08, -0.7400975823402405, 0.6724997162818909),
            ["LeftUpperLeg"] = CFrame.new(2.9802322387695312e-08, -1.8812716007232666e-07, 1.1920928955078125e-07, 0.8302661776542664, 0.39536306262016296, 0.3928692042827606, -0.3555133044719696, 0.9185163378715515, -0.173026442527771, -0.4292651116847992, 0.003987819887697697, 0.9031698107719421),
            ["LeftLowerLeg"] = CFrame.new(3.725290298461914e-08, -0.0007265806198120117, 0.00008101016283035278, 1, 5.960465188081798e-08, 3.725289587919178e-08, -7.82310962677002e-08, 0.4626971483230591, 0.8865164518356323, 1.1175870895385742e-07, -0.8865164518356323, 0.46269702911376953),
        }},
        {Time = 0.100, Data = {
            ["RightFoot"] = CFrame.new(1.862645149230957e-07, -1.1920928955078125e-07, -8.026108844205737e-08, 0.8308552503585815, 0.25931841135025024, 0.49237513542175293, -0.0855170413851738, 0.9337774515151978, -0.34748581051826477, -0.5498785376548767, 0.24660423398017883, 0.7980102896690369),
            ["LeftLowerArm"] = CFrame.new(8.344650268554688e-07, -5.364418029785156e-07, 0.000004477798938751221, 1, 1.4156101713069802e-07, -2.9802322387695312e-08, -5.21540641784668e-08, 0.5561931133270264, -0.8310531377792358, -8.195638656616211e-08, 0.8310530185699463, 0.5561931133270264),
            ["RightUpperArm"] = CFrame.new(0.005340099334716797, -0.023238420486450195, 0.07702654600143433, 0.30356258153915405, -0.5454961657524109, 0.7812065482139587, 0.6912479400634766, -0.4382021427154541, -0.574591338634491, 0.6557637453079224, 0.714431881904602, 0.24405159056186676),
            ["Head"] = CFrame.new(1.1175870895385742e-08, -0.0000010728836059570312, 1.955777406692505e-08, 0.9907386898994446, -0.126832976937294, 0.048479802906513214, 0.13222724199295044, 0.9823752641677856, -0.13211743533611298, -0.03086819313466549, 0.13730400800704956, 0.990047812461853),
            ["RightHand"] = CFrame.new(8.940696716308594e-08, 0.0000013113021850585938, -7.301568984985352e-07, 0.9215210676193237, 0.03270801901817322, 0.38694795966148376, -0.045019786804914474, 0.9987260699272156, 0.02279422990977764, -0.38570982217788696, -0.03842555359005928, 0.9218198657035828),
            ["UpperTorso"] = CFrame.new(-1.4901161193847656e-08, -3.2782554626464844e-07, 7.450580596923828e-09, 0.7735626101493835, 0.05454283952713013, -0.6313685774803162, -0.038852084428071976, 0.9984970092773438, 0.0386563315987587, 0.6325277090072632, -0.005373068619519472, 0.7745189070701599),
            ["HumanoidRootPart"] = CFrame.new(0, 0, 0, 1, 0, 0, 0, 1, 0, 0, 0, 1),
            ["RightUpperLeg"] = CFrame.new(0, -2.4354085326194763e-07, 3.55576048605144e-08, 0.9683176279067993, -0.13073334097862244, 0.2127673178911209, 0.19138415157794952, 0.9358202219009399, -0.29599425196647644, -0.1604156643152237, 0.3273366093635559, 0.9311914443969727),
            ["LeftUpperArm"] = CFrame.new(0.06836718320846558, 0.03808391094207764, 0.08076402544975281, 0.33936673402786255, 0.25194448232650757, -0.9062859416007996, -0.8143194317817688, -0.40359488129615784, -0.41712719202041626, -0.4708651602268219, 0.8795653581619263, 0.06819629669189453),
            ["RightLowerArm"] = CFrame.new(3.5762786865234375e-07, 7.152557373046875e-07, -0.0000035781413316726685, 1, -0.000015407804312417284, 0.000011844563232443761, 0.00001901388168334961, 0.6401370167732239, -0.7682607769966125, 0.0000043567270040512085, 0.7682607769966125, 0.6401371359825134),
            ["LeftHand"] = CFrame.new(-0.0000012069940567016602, -0.0000012516975402832031, 2.7939677238464355e-07, 0.9545198082923889, 0.26467567682266235, -0.13725391030311584, -0.22489674389362335, 0.9414054751396179, 0.2513512372970581, 0.19573833048343658, -0.20905165374279022, 0.9581148028373718),
            ["LeftFoot"] = CFrame.new(7.450580596923828e-09, -2.384185791015625e-07, 3.259629011154175e-08, 0.9534133076667786, -0.15727360546588898, -0.257425993680954, -0.08387792110443115, 0.6814879775047302, -0.7270066142082214, 0.2897716462612152, 0.7147301435470581, 0.6365479230880737),
            ["LowerTorso"] = CFrame.new(-0.1598127782344818, -0.2693229913711548, 0.12622502446174622, 0.6518288850784302, 0.03273402154445648, 0.7576592564582825, 0.1503096967935562, 0.9736712574958801, -0.1713809221982956, -0.7433210611343384, 0.22559458017349243, 0.6297467350959778),
            ["RightLowerLeg"] = CFrame.new(-1.30385160446167e-07, -0.0007263422012329102, 0.00004600716783897951, 1, 1.266598985694145e-07, 6.705524668859653e-08, -8.195639367158947e-08, 0.6976349949836731, 0.716452956199646, 4.4703490686970326e-08, -0.7164533734321594, 0.6976354122161865),
            ["LeftUpperLeg"] = CFrame.new(0, -4.10713255405426e-07, -2.9802322387695312e-08, 0.7972354888916016, 0.4154564440250397, 0.43796345591545105, -0.3706495761871338, 0.909528911113739, -0.1880854368209839, -0.476481556892395, -0.012382606975734234, 0.8790972828865051),
            ["LeftLowerLeg"] = CFrame.new(5.21540641784668e-08, -0.0007266998291015625, 0.00008095055818557739, 1, 6.705522537231445e-08, 9.499490261077881e-08, -8.195635814445268e-08, 0.46644648909568787, 0.8845495581626892, 8.568164844291459e-08, -0.8845494985580444, 0.4664463996887207),
        }},
        {Time = 0.133, Data = {
            ["RightFoot"] = CFrame.new(2.4586915969848633e-07, 0, 3.894820110872388e-08, 0.9196603298187256, 0.19624221324920654, 0.34016790986061096, -0.1309167593717575, 0.9698477387428284, -0.20556342601776123, -0.37025097012519836, 0.14451485872268677, 0.9176216125488281),
            ["LeftLowerArm"] = CFrame.new(0.000001996755599975586, 0, 0.000004775822162628174, 1, 1.639127589214695e-07, -1.4901162970204496e-08, -5.21540641784668e-08, 0.5145647525787354, -0.8574516177177429, -5.960464477539063e-08, 0.8574514985084534, 0.5145646929740906),
            ["RightUpperArm"] = CFrame.new(-0.010704338550567627, -0.006926298141479492, 0.05243030935525894, 0.36635875701904297, -0.5723702311515808, 0.7336029410362244, 0.6646404266357422, -0.39078789949417114, -0.6368188858032227, 0.6511792540550232, 0.7208863496780396, 0.237251877784729),
            ["Head"] = CFrame.new(-1.1175870895385742e-08, -4.76837158203125e-07, 1.6763806343078613e-08, 0.9919454455375671, -0.11819223314523697, -0.045550357550382614, 0.11161333322525024, 0.9856213331222534, -0.12685878574848175, 0.059889256954193115, 0.12075281143188477, 0.9908743500709534),
            ["RightHand"] = CFrame.new(3.725290298461914e-07, 0.0000011920928955078125, -7.003545761108398e-07, 0.8831611275672913, 0.04044157266616821, 0.4673227071762085, -0.09389147907495499, 0.9913552403450012, 0.09164824336767197, -0.4595767557621002, -0.12481759488582611, 0.8793237209320068),
            ["UpperTorso"] = CFrame.new(-1.043081283569336e-07, -1.4901161193847656e-07, 2.2351741790771484e-08, 0.8583215475082397, 0.1083461195230484, -0.5015428066253662, -0.063038669526577, 0.9923142194747925, 0.1064833551645279, 0.5092250108718872, -0.05978028476238251, 0.8585547208786011),
            ["HumanoidRootPart"] = CFrame.new(0, 0, 0, 1, 0, 0, 0, 1, 0, 0, 0, 1),
            ["RightUpperLeg"] = CFrame.new(-1.1920928955078125e-07, -5.494803190231323e-08, -9.145878721028566e-09, 0.9806932210922241, -0.18560996651649475, -0.06156142055988312, 0.15537607669830322, 0.9307411313056946, -0.331027626991272, 0.11873969435691833, 0.31507137417793274, 0.9416108131408691),
            ["LeftUpperArm"] = CFrame.new(0.05044442415237427, 0.010717391967773438, 0.053267739713191986, 0.3649303615093231, 0.25974103808403015, -0.8940695524215698, -0.798429548740387, -0.4066336452960968, -0.4440267086029053, -0.47889065742492676, 0.8758901953697205, 0.05899185687303543),
            ["RightLowerArm"] = CFrame.new(4.470348358154297e-07, 5.960464477539062e-07, -0.00000409386120736599, 1, -0.000013500450222636573, 0.000014029448720975779, 0.000019043685824726708, 0.5124973654747009, -0.8586888909339905, 0.000004252419330441626, 0.8586887717247009, 0.5124973058700562),
            ["LeftHand"] = CFrame.new(-0.0000017657876014709473, -0.0000012516975402832031, 1.9744038581848145e-07, 0.9450529217720032, 0.2842133641242981, -0.16154760122299194, -0.2335672676563263, 0.9327496886253357, 0.2746354937553406, 0.2287387251853943, -0.22181276977062225, 0.9478806853294373),
            ["LeftFoot"] = CFrame.new(-4.0046870708465576e-08, -5.960464477539063e-08, 1.30385160446167e-08, 0.9616560935974121, -0.13111823797225952, -0.2408854365348816, -0.08557935059070587, 0.6910000443458557, -0.7177709341049194, 0.2605646252632141, 0.7108635306358337, 0.6532834768295288),
            ["LowerTorso"] = CFrame.new(-0.13439443707466125, -0.2481783628463745, 0.18065063655376434, 0.7038254141807556, 0.010195077396929264, 0.7102998495101929, 0.16621920466423035, 0.9697756767272949, -0.17862355709075928, -0.6906525492668152, 0.24378524720668793, 0.6808581948280334),
            ["RightLowerLeg"] = CFrame.new(0, -0.0007260441780090332, 0.00004586746945278719, 1, 1.192093321833454e-07, -7.450583439094771e-08, -8.195640788244418e-08, 0.6630707383155823, 0.7485567927360535, 1.0430815677864302e-07, -0.7485567927360535, 0.663070797920227),
            ["LeftUpperLeg"] = CFrame.new(-1.1920928955078125e-07, -1.1175870895385742e-08, 2.9802322387695312e-08, 0.7688758373260498, 0.41511231660842896, 0.48632487654685974, -0.36578604578971863, 0.9094071984291077, -0.19793769717216492, -0.5244336128234863, -0.025701439008116722, 0.8510633707046509),
            ["LeftLowerLeg"] = CFrame.new(9.685754776000977e-08, -0.0007263422012329102, 0.00008098036050796509, 1, 7.450579886381092e-08, 6.146729703004894e-08, -6.33299421792799e-08, 0.48032093048095703, 0.8770928382873535, 6.705523247774181e-08, -0.8770927786827087, 0.48032110929489136),
        }},
        {Time = 0.167, Data = {
            ["RightFoot"] = CFrame.new(2.2724270820617676e-07, -1.7881393432617188e-07, 3.894820110872388e-08, 0.9943671822547913, 0.10238993167877197, 0.027392903342843056, -0.09377649426460266, 0.9703342318534851, -0.22283954918384552, -0.049396712332963943, 0.21901552379131317, 0.9744701981544495),
            ["LeftLowerArm"] = CFrame.new(0.0000012516975402832031, 0, 0.000004887580871582031, 1, 8.195639367158947e-08, -6.705523247774181e-08, -5.960464477539063e-08, 0.40825706720352173, -0.9128670692443848, -5.960464477539063e-08, 0.9128670692443848, 0.40825697779655457),
            ["RightUpperArm"] = CFrame.new(-0.02312535047531128, 0.006830334663391113, 0.025061264634132385, 0.5308778285980225, -0.5058774948120117, 0.6798945069313049, 0.6418042182922363, -0.2839079797267914, -0.7123787999153137, 0.5534042119979858, 0.8145453929901123, 0.17395389080047607),
            ["Head"] = CFrame.new(0, -9.5367431640625e-07, 7.450580596923828e-09, 0.9874546527862549, -0.09107528626918793, -0.12899087369441986, 0.07716166228055954, 0.9910378456115723, -0.10904188454151154, 0.1377660483121872, 0.09772086888551712, 0.9856324195861816),
            ["RightHand"] = CFrame.new(2.682209014892578e-07, 7.748603820800781e-07, -7.748603820800781e-07, 0.7764400243759155, 0.047722943127155304, 0.6283813714981079, -0.16480696201324463, 0.977803647518158, 0.12937837839126587, -0.6082595586776733, -0.20401610434055328, 0.7670712471008301),
            ["UpperTorso"] = CFrame.new(5.960464477539063e-08, 0, -2.2351741790771484e-08, 0.919550895690918, 0.1275511085987091, -0.3716946542263031, -0.06390922516584396, 0.9818058609962463, 0.1788097321987152, 0.3877391517162323, -0.1406700611114502, 0.9109721779823303),
            ["HumanoidRootPart"] = CFrame.new(0, 0, 0, 1, 0, 0, 0, 1, 0, 0, 0, 1),
            ["RightUpperLeg"] = CFrame.new(1.7881393432617188e-07, -1.25030055642128e-07, -5.420588422566652e-09, 0.8922832608222961, -0.22541309893131256, -0.391177237033844, 0.08434849977493286, 0.9344167113304138, -0.3460504114627838, 0.44352659583091736, 0.2757795751094818, 0.8527776002883911),
            ["LeftUpperArm"] = CFrame.new(0.037938475608825684, -0.005589962005615234, 0.024651050567626953, 0.4249337315559387, 0.34063270688056946, -0.8386898636817932, -0.7788978219032288, -0.3345014154911041, -0.5304967164993286, -0.46124765276908875, 0.8786799311637878, 0.12317706644535065),
            ["RightLowerArm"] = CFrame.new(1.7881393432617188e-07, 3.5762786865234375e-07, -0.000003632158041000366, 1, -0.000011488795280456543, 0.000015692787201260217, 0.000018984081179951318, 0.3949410319328308, -0.918706476688385, 0.000004313886620366247, 0.9187065362930298, 0.39494115114212036),
            ["LeftHand"] = CFrame.new(-0.0000015050172805786133, -0.0000014901161193847656, 5.960464477539063e-08, 0.9211128950119019, 0.29371634125709534, -0.25550228357315063, -0.21520240604877472, 0.9310966730117798, 0.29452863335609436, 0.3244055211544037, -0.2163093090057373, 0.9208536744117737),
            ["LeftFoot"] = CFrame.new(3.073364496231079e-08, -1.1920928955078125e-07, -3.3527612686157227e-08, 0.9677496552467346, -0.11184778064489365, -0.2257227748632431, -0.0888846293091774, 0.6867976188659668, -0.7213934659957886, 0.23571214079856873, 0.7181915640830994, 0.654706597328186),
            ["LowerTorso"] = CFrame.new(-0.10420379787683487, -0.2544938325881958, 0.22851112484931946, 0.7497149705886841, 0.010599583387374878, 0.6616760492324829, 0.16595768928527832, 0.9649080038070679, -0.20349623262882233, -0.6406134366989136, 0.2623744010925293, 0.7216468453407288),
            ["RightLowerLeg"] = CFrame.new(-1.9371509552001953e-07, -0.0007264018058776855, 0.000046068635128904134, 1, 1.0430816388407038e-07, -7.450581485102248e-09, -5.029141902923584e-08, 0.5744741559028625, 0.818522572517395, 1.6391277313232422e-07, -0.8185226917266846, 0.5744743943214417),
            ["LeftUpperLeg"] = CFrame.new(-2.9802322387695312e-08, -3.450550138950348e-07, -2.9802322387695312e-08, 0.7427667379379272, 0.4174848794937134, 0.5234540700912476, -0.3642810583114624, 0.9079399704933167, -0.20723018050193787, -0.5617802739143372, -0.03676069527864456, 0.826469361782074),
            ["LeftLowerLeg"] = CFrame.new(-2.2351741790771484e-08, -0.0007264018058776855, 0.00008093565702438354, 1, -7.450580596923828e-09, 8.940698137394065e-08, -5.587936158235607e-08, 0.45690903067588806, 0.8895134925842285, 1.1175872316471214e-07, -0.8895134329795837, 0.4569090008735657),
        }},
        {Time = 0.200, Data = {
            ["RightFoot"] = CFrame.new(1.601874828338623e-07, -5.960464477539063e-08, -1.9725121092051268e-08, 0.9452133178710938, -0.1101592555642128, -0.3073054552078247, -0.018820760771632195, 0.9213919639587402, -0.3881787955760956, 0.32591065764427185, 0.3726952373981476, 0.8688386678695679),
            ["LeftLowerArm"] = CFrame.new(8.940696716308594e-07, -3.5762786865234375e-07, 0.000004500150680541992, 1, 6.70552182668871e-08, 9.313227966600834e-10, -7.450580596923828e-08, 0.41472959518432617, -0.9099447727203369, -4.470348358154297e-08, 0.9099447131156921, 0.41472959518432617),
            ["RightUpperArm"] = CFrame.new(-0.03716933727264404, 0.02267765998840332, -0.004269176162779331, 0.714562177658081, -0.37427741289138794, 0.591030478477478, 0.5826115012168884, -0.1492885798215866, -0.7989223003387451, 0.3872529864311218, 0.9152210354804993, 0.11138269305229187),
            ["Head"] = CFrame.new(-2.9802322387695312e-08, -9.5367431640625e-07, 2.9802322387695312e-08, 0.9785773754119873, -0.03918992355465889, -0.20211459696292877, 0.019001437351107597, 0.9947175979614258, -0.10087596625089645, 0.20500068366527557, 0.09487424790859222, 0.9741528034210205),
            ["RightHand"] = CFrame.new(3.725290298461914e-07, 9.5367431640625e-07, -7.748603820800781e-07, 0.5979831218719482, 0.0668642669916153, 0.7987143993377686, -0.19448146224021912, 0.9788382053375244, 0.06366144120693207, -0.7775558829307556, -0.19340354204177856, 0.5983331799507141),
            ["UpperTorso"] = CFrame.new(-5.587935447692871e-08, 2.384185791015625e-07, 2.2351741790771484e-08, 0.962069034576416, 0.10281608253717422, -0.2526897192001343, -0.014175021089613438, 0.9438495635986328, 0.33007147908210754, 0.2724374234676361, -0.3139694929122925, 0.9095058441162109),
            ["HumanoidRootPart"] = CFrame.new(0, 0, 0, 1, 0, 0, 0, 1, 0, 0, 0, 1),
            ["RightUpperLeg"] = CFrame.new(2.9802322387695312e-08, 1.3969838619232178e-09, -7.620110409334302e-08, 0.6084657907485962, -0.24884140491485596, -0.7535565495491028, 0.04340903460979462, 0.9585806131362915, -0.28149402141571045, 0.7923920154571533, 0.13856814801692963, 0.5940653085708618),
            ["LeftUpperArm"] = CFrame.new(0.02421271800994873, -0.004541277885437012, -0.004868778865784407, 0.47559088468551636, 0.36734539270401, -0.7992936968803406, -0.7630708813667297, -0.27977868914604187, -0.5826207399368286, -0.43764838576316833, 0.8870069980621338, 0.14725029468536377),
            ["RightLowerArm"] = CFrame.new(3.8743019104003906e-07, 2.980232238769531e-07, -0.000003807246685028076, 1, -0.000010645016118360218, 0.000016316773326252587, 0.000018979422748088837, 0.3450259268283844, -0.9385931491851807, 0.000004443340003490448, 0.9385931491851807, 0.3450259268283844),
            ["LeftHand"] = CFrame.new(-0.0000014938414096832275, -9.5367431640625e-07, 5.960464477539063e-08, 0.874792218208313, 0.3186633586883545, -0.36495447158813477, -0.2405381053686142, 0.9395259022712708, 0.24378840625286102, 0.4205709993839264, -0.12547868490219116, 0.898540735244751),
            ["LeftFoot"] = CFrame.new(-5.029141902923584e-08, -5.960464477539063e-08, 1.862645149230957e-08, 0.973797619342804, -0.0989265963435173, -0.20477265119552612, -0.08608949929475784, 0.6730613708496094, -0.7345589995384216, 0.21049198508262634, 0.7329406142234802, 0.6469090580940247),
            ["LowerTorso"] = CFrame.new(-0.06371065974235535, -0.2870004177093506, 0.26470649242401123, 0.786755383014679, 0.07230401039123535, 0.6130155324935913, 0.14636050164699554, 0.9429431557655334, -0.29906004667282104, -0.5996620655059814, 0.3250083923339844, 0.7312831282615662),
            ["RightLowerLeg"] = CFrame.new(-2.2351741790771484e-08, -0.0007262825965881348, 0.000046053733967710286, 1, 1.1175875158642157e-07, 2.2351745343485163e-08, -6.705522537231445e-08, 0.5088975429534912, 0.8608270883560181, 1.2293457984924316e-07, -0.8608272075653076, 0.508897602558136),
            ["LeftUpperLeg"] = CFrame.new(-2.9802322387695312e-08, -1.3783574104309082e-07, 0, 0.7289086580276489, 0.41970181465148926, 0.54087233543396, -0.3970811665058136, 0.9027588367462158, -0.1653878539800644, -0.5576906800270081, -0.09421755373477936, 0.824684202671051),
            ["LeftLowerLeg"] = CFrame.new(1.862645149230957e-07, -0.0007266402244567871, 0.00008103251457214355, 1, 1.4901157641133977e-08, 6.705522537231445e-08, -8.754431490842762e-08, 0.39878734946250916, 0.9170434474945068, 1.4901159417490817e-08, -0.9170433878898621, 0.3987874984741211),
        }},
        {Time = 0.233, Data = {
            ["RightFoot"] = CFrame.new(1.4959368854761124e-07, -1.7881393432617188e-07, -3.0719093047082424e-08, 0.8400415182113647, -0.24702738225460052, -0.48301956057548523, -0.049636274576187134, 0.8515926599502563, -0.5218489766120911, 0.5402467846870422, 0.4623500108718872, 0.7031115889549255),
            ["LeftLowerArm"] = CFrame.new(9.238719940185547e-07, -2.384185791015625e-07, 0.000004649162292480469, 1, 4.842877388000488e-08, -1.4901164746561335e-08, -5.2154071283894154e-08, 0.44303202629089355, -0.8965058922767639, -2.980232594040899e-08, 0.8965058326721191, 0.44303208589553833),
            ["RightUpperArm"] = CFrame.new(-0.053259074687957764, 0.039103031158447266, -0.04017811268568039, 0.7099772691726685, -0.3438260555267334, 0.6145857572555542, 0.6344237923622131, -0.06653459370136261, -0.7701168060302734, 0.3056776225566864, 0.9366732835769653, 0.17089338600635529),
            ["Head"] = CFrame.new(3.3527612686157227e-08, -8.344650268554688e-07, -1.4901161193847656e-08, 0.9623165130615234, 0.030910024419426918, -0.2701694965362549, -0.05333581194281578, 0.9956756830215454, -0.07606144994497299, 0.26665034890174866, 0.08760485053062439, 0.9598037600517273),
            ["RightHand"] = CFrame.new(2.4959444999694824e-07, 0.0000016689300537109375, -6.92903995513916e-07, 0.5481983423233032, -0.03640791028738022, 0.8355552554130554, -0.045029014348983765, 0.9963181614875793, 0.07295592874288559, -0.835135281085968, -0.07761847227811813, 0.5445410013198853),
            ["UpperTorso"] = CFrame.new(3.725290298461914e-08, -8.940696716308594e-08, 5.960464477539063e-08, 0.9832948446273804, 0.01246554683893919, -0.18159304559230804, 0.06720918416976929, 0.9022877812385559, 0.42586350440979004, 0.16915768384933472, -0.4309541583061218, 0.8863770365715027),
            ["HumanoidRootPart"] = CFrame.new(0, 0, 0, 1, 0, 0, 0, 1, 0, 0, 0, 1),
            ["RightUpperLeg"] = CFrame.new(-2.9802322387695312e-08, 2.1979212760925293e-07, -6.875052349641919e-08, 0.4582410454750061, -0.26903215050697327, -0.8471344709396362, 0.026836436241865158, 0.9568449258804321, -0.28935733437538147, 0.8884227275848389, 0.10986137390136719, 0.44568538665771484),
            ["LeftUpperArm"] = CFrame.new(0.008350610733032227, 0.005016803741455078, -0.039936646819114685, 0.5029513239860535, 0.3757111132144928, -0.7783835530281067, -0.7774389386177063, -0.19685408473014832, -0.5973588824272156, -0.3776622414588928, 0.9055880308151245, 0.19308432936668396),
            ["RightLowerArm"] = CFrame.new(8.940696716308594e-08, 3.5762786865234375e-07, -0.000003769993782043457, 1, -0.00001079216326616006, 0.000016208738088607788, 0.000018987804651260376, 0.3566301465034485, -0.9342457056045532, 0.0000043208710849285126, 0.9342456459999084, 0.35663026571273804),
            ["LeftHand"] = CFrame.new(-0.0000013187527656555176, -8.940696716308594e-07, 1.8347054719924927e-07, 0.7996379137039185, 0.37194329500198364, -0.47142016887664795, -0.3266003131866455, 0.9281859993934631, 0.1783350110054016, 0.5038964152336121, 0.011362649500370026, 0.8636896014213562),
            ["LeftFoot"] = CFrame.new(1.0151416063308716e-07, -1.7881393432617188e-07, 0, 0.9837279319763184, -0.07590340077877045, -0.16284407675266266, -0.06931247562170029, 0.6758791208267212, -0.7337461709976196, 0.16575665771961212, 0.7330935001373291, 0.659619927406311),
            ["LowerTorso"] = CFrame.new(-0.017970524728298187, -0.3247506618499756, 0.29280227422714233, 0.7980706691741943, 0.1455506682395935, 0.5847206115722656, 0.08821991831064224, 0.931707501411438, -0.3523329794406891, -0.5960708260536194, 0.3327706456184387, 0.7307279109954834),
            ["RightLowerLeg"] = CFrame.new(-8.195638656616211e-08, -0.0007264614105224609, 0.00004604628338711336, 1, 1.1920931797249068e-07, 6.705523247774181e-08, -8.940698137394065e-08, 0.49226006865501404, 0.8704482316970825, 1.4156104555240745e-07, -0.8704481720924377, 0.4922601580619812),
            ["LeftUpperLeg"] = CFrame.new(5.960464477539063e-08, -5.587935447692871e-08, 4.470348358154297e-08, 0.7648609280586243, 0.37017545104026794, 0.5272173285484314, -0.358420729637146, 0.9245773553848267, -0.12919460237026215, -0.535277783870697, -0.09014947712421417, 0.8398516774177551),
            ["LeftLowerLeg"] = CFrame.new(-7.450580596923828e-08, -0.0007262825965881348, 0.0000810772180557251, 1, 9.685756907629184e-08, 4.0978193283081055e-08, -8.568168397005138e-08, 0.3552790582180023, 0.9347603917121887, 9.126962652317161e-08, -0.9347603917121887, 0.355278879404068),
        }},
        {Time = 0.267, Data = {
            ["RightFoot"] = CFrame.new(2.123415470123291e-07, -1.1920928955078125e-07, -4.85961209051311e-08, 0.7556563019752502, -0.3258621394634247, -0.568152904510498, -0.08538903295993805, 0.8110331892967224, -0.5787346363067627, 0.6493784785270691, 0.4858385920524597, 0.5850371718406677),
            ["LeftLowerArm"] = CFrame.new(0.000001430511474609375, -3.5762786865234375e-07, 0.000004798173904418945, 1, 1.1315570702663535e-07, -2.2351747119842003e-08, -3.166497108963995e-08, 0.547931969165802, -0.8365229368209839, -1.0430814256778831e-07, 0.8365229368209839, 0.5479319095611572),
            ["RightUpperArm"] = CFrame.new(-0.0719335675239563, 0.05648148059844971, -0.07895044982433319, 0.6374637484550476, -0.3843509256839752, 0.6677685379981995, 0.7121989130973816, -0.03672567754983902, -0.7010161876678467, 0.2939603924751282, 0.9224562644958496, 0.2503228783607483),
            ["Head"] = CFrame.new(-7.450580596923828e-09, -7.152557373046875e-07, 7.450580596923828e-09, 0.9315189719200134, 0.09405047446489334, -0.3513219952583313, -0.11432694643735886, 0.9927399158477783, -0.037373755127191544, 0.3452560603618622, 0.07497987151145935, 0.9355084300041199),
            ["RightHand"] = CFrame.new(-1.4901161193847656e-08, 0.0000010728836059570312, -7.394701242446899e-07, 0.5397584438323975, -0.15908335149288177, 0.8266514539718628, 0.12143506109714508, 0.9864251017570496, 0.11054018884897232, -0.8330152630805969, 0.040719565004110336, 0.5517501831054688),
            ["UpperTorso"] = CFrame.new(4.0978193283081055e-08, -2.086162567138672e-07, -3.3527612686157227e-08, 0.9935088157653809, -0.08348985761404037, -0.07726369053125381, 0.11074153333902359, 0.865166187286377, 0.4891050159931183, 0.026010829955339432, -0.4944864809513092, 0.8687960505485535),
            ["HumanoidRootPart"] = CFrame.new(0, 0, 0, 1, 0, 0, 0, 1, 0, 0, 0, 1),
            ["RightUpperLeg"] = CFrame.new(0, -1.8347054719924927e-07, -5.3849362302571535e-08, 0.45324164628982544, -0.2949482798576355, -0.8411762714385986, -0.005421146284788847, 0.9427409768104553, -0.3334818184375763, 0.8913712501525879, 0.15570802986621857, 0.4256903827190399),
            ["LeftUpperArm"] = CFrame.new(-0.009448885917663574, 0.0038450956344604492, -0.07668551802635193, 0.5339412093162537, 0.30925413966178894, -0.7869364619255066, -0.797666609287262, -0.12443351000547409, -0.5901221036911011, -0.2804190218448639, 0.9428034424781799, 0.1802414506673813),
            ["RightLowerArm"] = CFrame.new(8.344650268554688e-07, 5.960464477539062e-07, -0.000004045665264129639, 1, -0.000010984018445014954, 0.00001605600664333906, 0.00001898966911539901, 0.3681797385215759, -0.9297547340393066, 0.000004330650426709326, 0.9297546148300171, 0.3681797385215759),
            ["LeftHand"] = CFrame.new(-0.0000015906989574432373, -0.0000013113021850585938, 3.073364496231079e-07, 0.7095744609832764, 0.4232160151004791, -0.5633752942085266, -0.4549589157104492, 0.8857123851776123, 0.09233736246824265, 0.5380674600601196, 0.19079259037971497, 0.8210251331329346),
            ["LeftFoot"] = CFrame.new(-4.6566128730773926e-08, 5.960464477539063e-08, 3.725290298461914e-09, 0.9915055632591248, -0.06205595284700394, -0.11430547386407852, -0.04105861485004425, 0.6845646500587463, -0.7277949452400208, 0.12341369688510895, 0.7263060212135315, 0.6762017011642456),
