return {
    ["XO"] = {
        {Time = 0.000, Data = {
            ["RightFoot"] = CFrame.new(2.60770320892334e-08, 4.76837158203125e-07, -1.3205863069742918e-08, 0.9974952340126038, 0.05749526619911194, 0.04120249301195145, -0.03796672075986862, 0.9266708493232727, -0.37395113706588745, -0.05968211218714714, 0.37145042419433594, 0.9265327453613281),
            ["LeftLowerArm"] = CFrame.new(-2.9802322387695312e-08, -1.1920928955078125e-07, -2.2351741790771484e-08, 1, -3.2410017070105823e-07, 1.3411040811206476e-07, 1.5646213569198153e-07, -0.08937592059373856, -0.9959980249404907, -9.685751223287298e-08, 0.995997965335846, -0.08937586843967438),
            ["LeftFoot"] = CFrame.new(-1.6763806343078613e-08, 0, 1.4901161193847656e-08, 0.9423424005508423, -0.08138959854841232, -0.32460206747055054, -0.13221463561058044, 0.8005145788192749, -0.5845474004745483, 0.3074249029159546, 0.5937609672546387, 0.7435979843139648),
            ["Head"] = CFrame.new(-7.264316082000732e-08, -2.384185791015625e-07, -1.1175870895385742e-07, 0.8882700204849243, -0.19858834147453308, -0.4141731560230255, 0.1801440268754959, 0.9800830483436584, -0.08357934653759003, 0.4225217401981354, -0.00036971652298234403, 0.9063525795936584),
            ["RightUpperArm"] = CFrame.new(-0.001407027244567871, 0.0010694265365600586, 0.0005949288606643677, 0.4115108251571655, -0.8900884389877319, 0.19596318900585175, 0.6651835441589355, 0.1463288962841034, -0.732201337814331, 0.623048722743988, 0.43166008591651917, 0.6522880792617798),
            ["UpperTorso"] = CFrame.new(-3.3527612686157227e-08, 2.980232238769531e-07, 2.7008354663848877e-08, 0.9498378038406372, -0.1491273045539856, -0.2748982310295105, 0.09735860675573349, 0.9763105511665344, -0.1932332068681717, 0.2972027361392975, 0.15677672624588013, 0.9418556690216064),
            ["HumanoidRootPart"] = CFrame.new(0, 0, 0, 1, 0, 0, 0, 1, 0, 0, 0, 1),
            ["RightHand"] = CFrame.new(-0.07841357588768005, -0.026595115661621094, -0.0003539919853210449, 0.9828510284423828, -0.008162335492670536, -0.18422043323516846, 0.026201333850622177, 0.9950655102729797, 0.09569834917783737, 0.18253035843372345, -0.09888399392366409, 0.9782151579856873),
            ["LeftUpperArm"] = CFrame.new(-0.0016382932662963867, 0.011973023414611816, 0.0006926059722900391, 0.6376323103904724, -0.2858206033706665, -0.7153543829917908, -0.6913249492645264, 0.19735760986804962, -0.6950680613517761, 0.3398453891277313, 0.9377400875091553, -0.07175321131944656),
            ["RightLowerArm"] = CFrame.new(-2.682209014892578e-07, -1.1920928955078125e-07, 5.21540641784668e-08, 1, -1.0430809993522416e-07, 0, 7.078051567077637e-08, 0.4190881550312042, -0.9079456925392151, 8.195638656616211e-08, 0.9079455733299255, 0.4190880358219147),
            ["LeftHand"] = CFrame.new(1.341104507446289e-07, 0, -1.4901161193847656e-07, 0.7755205631256104, 0.27262863516807556, 0.5694222450256348, -0.5276824235916138, 0.7750725150108337, 0.3475835919380188, -0.346582293510437, -0.5700318813323975, 0.7449455857276917),
            ["LowerTorso"] = CFrame.new(-0.3142913281917572, -0.2178354263305664, -0.0641828402876854, 0.5496238470077515, 0.07740265876054764, 0.8318186402320862, 0.04815582558512688, 0.9911075830459595, -0.12404387444257736, -0.8340231776237488, 0.10823425650596619, 0.5410091280937195),
            ["RightUpperLeg"] = CFrame.new(-0.000025510787963867188, -0.00012530316598713398, -0.004997448995709419, 0.8944941759109497, -0.04426175728440285, 0.4448835849761963, 0.06887292116880417, 0.9968510270118713, -0.039300594478845596, -0.4417428970336914, 0.06579510867595673, 0.8947256207466125),
            ["RightLowerLeg"] = CFrame.new(1.3224780559539795e-07, 2.980232238769531e-07, 9.145878721028566e-09, 1, 1.5646213569198153e-07, 2.3841860752327193e-07, 3.529710852490098e-07, 0.8192715048789978, 0.573405385017395, 2.2351731132630448e-08, -0.5734058022499084, 0.8192718625068665),
            ["LeftUpperLeg"] = CFrame.new(0.000025451183319091797, 0.00012586265802383423, 0.0049975961446762085, 0.9269487261772156, 0.1896878480911255, 0.32370465993881226, -0.1832960993051529, 0.9817637205123901, -0.050424836575984955, -0.32736608386039734, -0.012592125684022903, 0.9448135495185852),
            ["LeftLowerLeg"] = CFrame.new(-5.21540641784668e-08, 2.384185791015625e-07, -6.705522537231445e-08, 1, 9.685754776000977e-08, -1.1175873559921001e-08, -7.450579886381092e-08, 0.6673136353492737, 0.744776725769043, 1.0244547432591844e-08, -0.7447768449783325, 0.667313814163208),
        }},
        {Time = 0.033, Data = {
            ["RightFoot"] = CFrame.new(-8.568167686462402e-08, 2.384185791015625e-07, 4.639878170564771e-08, 0.9902241230010986, 0.08095475286245346, 0.11358870565891266, -0.01780896820127964, 0.8810546398162842, -0.4726792275905609, -0.1383439153432846, 0.46603554487228394, 0.8738833069801331),
            ["LeftLowerArm"] = CFrame.new(-3.5762786865234375e-07, 5.960464477539063e-08, -2.980232238769531e-07, 1, -2.5704503059387207e-07, 2.0861612881617475e-07, -1.341104507446289e-07, -0.050869546830654144, -0.9987053275108337, -5.960464477539063e-08, 0.9987053871154785, -0.05086924135684967),
            ["LeftFoot"] = CFrame.new(-5.21540641784668e-08, 5.960464477539063e-08, -5.587935447692871e-09, 0.9159517288208008, -0.12022492289543152, -0.3828558325767517, -0.16931982338428497, 0.7491905689239502, -0.6403471231460571, 0.36381763219833374, 0.6513521075248718, 0.6658656001091003),
            ["Head"] = CFrame.new(-3.725290298461914e-09, -2.384185791015625e-07, 0, 0.8977258801460266, -0.21398194134235382, -0.3850972056388855, 0.19747747480869293, 0.9768354892730713, -0.08243248611688614, 0.39381587505340576, -0.002046276116743684, 0.9191871881484985),
            ["RightUpperArm"] = CFrame.new(-0.001406848430633545, 0.001069188117980957, 0.0005948096513748169, 0.2544511556625366, -0.92437344789505, 0.2842327058315277, 0.7710145711898804, 0.016488809138536453, -0.6366042494773865, 0.5837732553482056, 0.38113224506378174, 0.7169008255004883),
            ["UpperTorso"] = CFrame.new(1.862645149230957e-09, 5.960464477539063e-08, 2.8870999813079834e-08, 0.9431688189506531, -0.12216804921627045, -0.3090430796146393, 0.07032021135091782, 0.9822852611541748, -0.17369742691516876, 0.32478857040405273, 0.1420939862728119, 0.9350517392158508),
            ["HumanoidRootPart"] = CFrame.new(0, 0, 0, 1, 0, 0, 0, 1, 0, 0, 0, 1),
            ["RightHand"] = CFrame.new(-0.07841324806213379, -0.026595771312713623, -0.0003542304039001465, 0.9254751205444336, -0.06356199085712433, -0.3734375834465027, 0.07368580251932144, 0.9971983432769775, 0.012881269678473473, 0.3715726137161255, -0.03943829983472824, 0.92756587266922),
            ["LeftUpperArm"] = CFrame.new(-0.0016384124755859375, 0.011973261833190918, 0.0006928443908691406, 0.6647036075592041, -0.23827607929706573, -0.7080914378166199, -0.70064777135849, 0.13019715249538422, -0.7015280723571777, 0.2593492567539215, 0.9624309539794922, -0.0804048702120781),
            ["RightLowerArm"] = CFrame.new(1.1920928955078125e-07, -1.1920928955078125e-07, 7.450580596923828e-08, 1, 8.940696716308594e-08, 2.2351738948600541e-07, 5.2154039309471045e-08, 0.5250660181045532, -0.8510615825653076, 1.4156096028727916e-07, 0.8510615229606628, 0.5250657796859741),
            ["LeftHand"] = CFrame.new(-1.4901161193847656e-07, -1.7881393432617188e-07, 2.9802322387695312e-08, 0.7511200904846191, 0.21312741935253143, 0.6248162984848022, -0.5028022527694702, 0.7980017066001892, 0.3322404623031616, -0.4277949929237366, -0.5637109279632568, 0.7065557241439819),
            ["LowerTorso"] = CFrame.new(-0.3256021738052368, -0.2568070888519287, -0.07821103185415268, 0.5470220446586609, 0.09208662807941437, 0.8320377469062805, 0.06585492193698883, 0.986116886138916, -0.15243570506572723, -0.8345238566398621, 0.13817936182022095, 0.5333635807037354),
            ["RightUpperLeg"] = CFrame.new(-0.000025480985641479492, -0.00012545334175229073, -0.004997489973902702, 0.908446192741394, -0.019933432340621948, 0.41752681136131287, 0.04600756615400314, 0.9975617527961731, -0.05247765779495239, -0.41546210646629333, 0.06688255816698074, 0.907148003578186),
            ["RightLowerLeg"] = CFrame.new(5.21540641784668e-08, 0, 2.4047039914876223e-08, 1, 3.129242998056725e-07, 1.2665981330428622e-07, 4.526225438894471e-07, 0.7779916524887085, 0.6282743215560913, -7.823106074056341e-08, -0.6282746195793152, 0.7779920101165771),
            ["LeftUpperLeg"] = CFrame.new(0.000025480985641479492, 0.0001258067786693573, 0.004997611045837402, 0.8951501846313477, 0.2554546296596527, 0.36530745029449463, -0.24687375128269196, 0.9664515852928162, -0.07088791579008102, -0.37115994095802307, -0.026729099452495575, 0.928183913230896),
            ["LeftLowerLeg"] = CFrame.new(-1.4901161193847656e-08, -5.960464477539063e-08, 2.2351741790771484e-08, 1, 8.940698137394065e-08, 1.862645326866641e-08, -6.332993507385254e-08, 0.5997113585472107, 0.800216555595398, 4.470348358154297e-08, -0.8002164959907532, 0.5997112989425659),
        }},
        {Time = 0.067, Data = {
            ["RightFoot"] = CFrame.new(-1.0058283805847168e-07, 2.980232238769531e-07, 1.1345400707796216e-07, 0.9723318815231323, 0.13978345692157745, 0.18716585636138916, -0.02551436796784401, 0.8599661588668823, -0.5097126960754395, -0.23220610618591309, 0.49083495140075684, 0.839739203453064),
            ["LeftLowerArm"] = CFrame.new(-2.682209014892578e-07, -1.1920928955078125e-07, -2.0116567611694336e-07, 1, -3.613529884205491e-07, -3.8743010577491077e-07, 5.513428504855256e-07, -0.0367291159927845, -0.9993253350257874, -1.4901158351676713e-07, 0.9993252754211426, -0.036728762090206146),
            ["LeftFoot"] = CFrame.new(-1.862645149230957e-09, 5.960464477539063e-08, 3.166496753692627e-08, 0.912611722946167, -0.1321013867855072, -0.3868972361087799, -0.19039054214954376, 0.7001440525054932, -0.6881495118141174, 0.3617890179157257, 0.7016749382019043, 0.6138085126876831),
            ["Head"] = CFrame.new(0, -3.5762786865234375e-07, 6.332993507385254e-08, 0.908267080783844, -0.2162349671125412, -0.3581806719303131, 0.1970672905445099, 0.9762810468673706, -0.08966507017612457, 0.36907386779785156, 0.010854310356080532, 0.9293367862701416),
            ["RightUpperArm"] = CFrame.new(-0.0014069080352783203, 0.0010700225830078125, 0.0005948394536972046, 0.18511638045310974, -0.9346320629119873, 0.3036360740661621, 0.7840099930763245, -0.045829590409994125, -0.6190541386604309, 0.592503547668457, 0.35265079140663147, 0.7242769598960876),
            ["UpperTorso"] = CFrame.new(-7.043126970529556e-08, 5.960464477539063e-08, 3.317836672067642e-08, 0.9430322051048279, -0.07391325384378433, -0.32438719272613525, 0.03064410760998726, 0.9901622533798218, -0.13652747869491577, 0.331287145614624, 0.11880920082330704, 0.9360198378562927),
            ["HumanoidRootPart"] = CFrame.new(0, 0, 0, 1, 0, 0, 0, 1, 0, 0, 0, 1),
            ["RightHand"] = CFrame.new(-0.07841342687606812, -0.026595234870910645, -0.00035387277603149414, 0.8784745931625366, -0.05802619457244873, -0.4742523729801178, 0.08271390944719315, 0.9960805177688599, 0.031339459121227264, 0.4705749750137329, -0.0667581707239151, 0.8798310160636902),
            ["LeftUpperArm"] = CFrame.new(-0.001638174057006836, 0.011973142623901367, 0.0006930232048034668, 0.6679710149765015, -0.17271555960178375, -0.723867654800415, -0.728204607963562, 0.0488111712038517, -0.6836193203926086, 0.1534038931131363, 0.9837615489959717, -0.09316790848970413),
            ["RightLowerArm"] = CFrame.new(-8.940696716308594e-08, -1.7881393432617188e-07, -2.1606683731079102e-07, 1, -2.0861628513557662e-07, 2.309680269263481e-07, -3.129244134925102e-07, 0.492311030626297, -0.8704195618629456, -1.0430814256778831e-07, 0.8704193830490112, 0.4923108220100403),
            ["LeftHand"] = CFrame.new(2.9802322387695312e-08, -2.980232238769531e-07, 1.1920928955078125e-07, 0.7204949855804443, 0.1919885277748108, 0.6663541197776794, -0.515082836151123, 0.7915359139442444, 0.3288774788379669, -0.4643024504184723, -0.5801823139190674, 0.6691873073577881),
            ["LowerTorso"] = CFrame.new(-0.3173133432865143, -0.2888016700744629, -0.0652787834405899, 0.5696977376937866, 0.08503816276788712, 0.8174428343772888, 0.08971881121397018, 0.9822530150413513, -0.16471073031425476, -0.8169425129890442, 0.16717523336410522, 0.5519579648971558),
            ["RightUpperLeg"] = CFrame.new(-0.000025480985641479492, -0.00012571271508932114, -0.004997493699193001, 0.9337822198867798, -0.023835044354200363, 0.35704782605171204, 0.0585068017244339, 0.9945217370986938, -0.08662236481904984, -0.35302677750587463, 0.10177629441022873, 0.9300609827041626),
            ["RightLowerLeg"] = CFrame.new(3.3527612686157227e-08, -5.960464477539063e-08, 1.6596459317952394e-08, 1, 1.341103512686459e-07, 1.7881387748275301e-07, 4.544850469301309e-07, 0.7555055618286133, 0.6551417708396912, 7.45057437967489e-09, -0.6551422476768494, 0.7555059194564819),
            ["LeftUpperLeg"] = CFrame.new(0.000025451183319091797, 0.00012551620602607727, 0.004997581243515015, 0.8744330406188965, 0.2993820309638977, 0.3817557692527771, -0.27988913655281067, 0.9540417790412903, -0.10708137601613998, -0.39626872539520264, -0.013213292695581913, 0.9180392622947693),
            ["LeftLowerLeg"] = CFrame.new(3.725290298461914e-08, 5.960464477539063e-08, 2.2351741790771484e-08, 1, 5.960464477539063e-08, 3.7252917195473856e-08, -3.72529100900465e-08, 0.5295090675354004, 0.8483041524887085, 4.097820394122209e-08, -0.848304271697998, 0.5295093655586243),
        }},
        {Time = 0.100, Data = {
            ["RightFoot"] = CFrame.new(-2.9802322387695312e-08, 3.5762786865234375e-07, -3.9282895158976316e-08, 0.9694223403930664, 0.17086783051490784, 0.17613743245601654, -0.07565181702375412, 0.8908931016921997, -0.447868287563324, -0.2334461808204651, 0.4208488166332245, 0.8765783905982971),
            ["LeftLowerArm"] = CFrame.new(1.4901161193847656e-07, 0, -7.674098014831543e-07, 1, -3.9488082848038175e-07, 1.9371505288745539e-07, 1.0430811414607888e-07, -0.04921124875545502, -0.9987884163856506, -2.1606680888908159e-07, 0.9987884759902954, -0.04921119287610054),
            ["LeftFoot"] = CFrame.new(-3.91155481338501e-08, 0, -4.6566128730773926e-08, 0.915950357913971, -0.1249585673213005, -0.3813396990299225, -0.20039327442646027, 0.6808832287788391, -0.7044436931610107, 0.34767454862594604, 0.7216532826423645, 0.5986143350601196),
            ["Head"] = CFrame.new(1.4901161193847656e-08, 1.1920928955078125e-07, 6.705522537231445e-08, 0.9171898365020752, -0.2061673253774643, -0.3409658968448639, 0.17928294837474823, 0.977747917175293, -0.10893497616052628, 0.35583773255348206, 0.03878466412425041, 0.9337427020072937),
            ["RightUpperArm"] = CFrame.new(-0.001407027244567871, 0.0010694265365600586, 0.0005948692560195923, 0.18976521492004395, -0.938211977481842, 0.2893924117088318, 0.7624416351318359, -0.0448911190032959, -0.6454981565475464, 0.618604838848114, 0.343137264251709, 0.7068126797676086),
            ["UpperTorso"] = CFrame.new(5.21540641784668e-08, 8.940696716308594e-08, -1.4901161193847656e-08, 0.9486201405525208, -0.012900292873382568, -0.3161548376083374, -0.01020741555839777, 0.9974009394645691, -0.07132486253976822, 0.3162527084350586, 0.070887491106987, 0.9460227489471436),
            ["HumanoidRootPart"] = CFrame.new(0, 0, 0, 1, 0, 0, 0, 1, 0, 0, 0, 1),
            ["RightHand"] = CFrame.new(-0.07841306924819946, -0.026595354080200195, -0.0003541111946105957, 0.8543737530708313, -0.05960690975189209, -0.5162289142608643, 0.1110328882932663, 0.9913984537124634, 0.06928960233926773, 0.5076584815979004, -0.11651714146137238, 0.8536432385444641),
            ["LeftUpperArm"] = CFrame.new(-0.0016382932662963867, 0.011973261833190918, 0.0006928443908691406, 0.6759907007217407, -0.1375862956047058, -0.7239517569541931, -0.7326732873916626, -0.020289191976189613, -0.6802785396575928, 0.07890880107879639, 0.9902820587158203, -0.11452080309391022),
            ["RightLowerArm"] = CFrame.new(1.1920928955078125e-07, 0, -1.2665987014770508e-07, 1, 5.960465898624534e-08, -7.450581307466564e-08, 3.3527621212670056e-07, 0.3959028422832489, -0.9182926416397095, 1.9371513815258368e-07, 0.9182924628257751, 0.3959023356437683),
            ["LeftHand"] = CFrame.new(2.2351741790771484e-07, 1.7881393432617188e-07, -1.1920928955078125e-07, 0.7330289483070374, 0.18308669328689575, 0.6550935506820679, -0.5226646661758423, 0.7679605484008789, 0.3702148497104645, -0.43530476093292236, -0.613771915435791, 0.6586299538612366),
            ["LowerTorso"] = CFrame.new(-0.29451894760131836, -0.29651331901550293, -0.03722238540649414, 0.6072216629981995, 0.06836715340614319, 0.7915856838226318, 0.1148621067404747, 0.9782717823982239, -0.17260101437568665, -0.7861860990524292, 0.19573013484477997, 0.5861748456954956),
            ["RightUpperLeg"] = CFrame.new(-0.000025391578674316406, -0.00012542400509119034, -0.004997510462999344, 0.9490610361099243, -0.03261837363243103, 0.3133991062641144, 0.06934856623411179, 0.9918617010116577, -0.10677537322044373, -0.30736613273620605, 0.12307074666023254, 0.9435995221138),
            ["RightLowerLeg"] = CFrame.new(6.705522537231445e-08, 5.960464477539063e-08, -3.55576048605144e-08, 1, -1.1548391398719104e-07, 2.9057261485831987e-07, 2.942978198916535e-07, 0.7667423486709595, 0.6419546604156494, 2.1234147595805553e-07, -0.6419550180435181, 0.7667426466941833),
            ["LeftUpperLeg"] = CFrame.new(0.000025540590286254883, 0.00012571737170219421, 0.004997417330741882, 0.8514100313186646, 0.3325771391391754, 0.40557730197906494, -0.3012847900390625, 0.9430733323097229, -0.1408555805683136, -0.42933496832847595, -0.002268031006678939, 0.9031426906585693),
            ["LeftLowerLeg"] = CFrame.new(2.2351741790771484e-08, -1.7881393432617188e-07, -7.450580596923828e-09, 1, 7.450579886381092e-08, 4.6566128730773926e-08, -7.823106784599076e-08, 0.48604485392570496, 0.8739338517189026, 4.097817907222634e-08, -0.8739338517189026, 0.48604491353034973),
        }},
        {Time = 0.133, Data = {
            ["RightFoot"] = CFrame.new(-5.21540641784668e-08, 3.5762786865234375e-07, 3.149762051180005e-08, 0.9669232964515686, 0.1952439546585083, 0.16413149237632751, -0.1477176994085312, 0.9532287120819092, -0.26369380950927734, -0.2079395353794098, 0.23072685301303864, 0.9505401849746704),
            ["LeftLowerArm"] = CFrame.new(4.76837158203125e-07, 2.384185791015625e-07, 2.9802322387695312e-08, 1, -2.7939677238464355e-07, -2.682209014892578e-07, 3.8743019104003906e-07, -0.07348915934562683, -0.9972960352897644, -7.450580596923828e-08, 0.9972960352897644, -0.07348954677581787),
            ["LeftFoot"] = CFrame.new(-4.470348358154297e-08, 1.1920928955078125e-07, 3.725290298461914e-08, 0.925573468208313, -0.10309460759162903, -0.3642596900463104, -0.1964290887117386, 0.6917541027069092, -0.6949044466018677, 0.3236193060874939, 0.71473628282547, 0.6200182437896729),
            ["Head"] = CFrame.new(-2.2351741790771484e-08, -2.384185791015625e-07, 1.1920928955078125e-07, 0.9231704473495483, -0.1864396035671234, -0.33614975214004517, 0.1574176549911499, 0.9811747670173645, -0.11187408864498138, 0.3506792485713959, 0.0503629595041275, 0.9351404905319214),
            ["RightUpperArm"] = CFrame.new(-0.0014067888259887695, 0.0010694265365600586, 0.0005950480699539185, 0.255073606967926, -0.9284812211990356, 0.269926518201828, 0.7217869162559509, -0.0029184299055486917, -0.6921091079711914, 0.6433981657028198, 0.3713679313659668, 0.6694213151931763),
            ["UpperTorso"] = CFrame.new(-7.450580596923828e-09, 1.7881393432617188e-07, 1.4901161193847656e-08, 0.9599990844726562, 0.060813870280981064, -0.27331969141960144, -0.06284279376268387, 0.9980226159095764, 0.0013347486965358257, 0.27286022901535034, 0.015894848853349686, 0.9619223475456238),
            ["HumanoidRootPart"] = CFrame.new(0, 0, 0, 1, 0, 0, 0, 1, 0, 0, 0, 1),
            ["RightHand"] = CFrame.new(-0.0784129798412323, -0.026595354080200195, -0.0003541111946105957, 0.8692458271980286, -0.050680872052907944, -0.4917756915092468, 0.15227696299552917, 0.9738161563873291, 0.16880105435848236, 0.4703439772129059, -0.22161586582660675, 0.8542030453681946),
            ["LeftUpperArm"] = CFrame.new(-0.0016382932662963867, 0.01197350025177002, 0.0006928443908691406, 0.6862226128578186, -0.08565552532672882, -0.7223311066627502, -0.7273896336555481, -0.07851153612136841, -0.6817182302474976, 0.001681417808867991, 0.9932266473770142, -0.11618153750896454),
            ["RightLowerArm"] = CFrame.new(1.1920928955078125e-07, 0, -2.384185791015625e-07, 1, -8.940695295223122e-08, 1.0803339023368608e-07, -1.4901166522918174e-08, 0.21479183435440063, -0.9766598343849182, 1.3411049337719305e-07, 0.9766598343849182, 0.2147919088602066),
            ["LeftHand"] = CFrame.new(1.4901161193847656e-07, 1.7881393432617188e-07, -8.940696716308594e-08, 0.736986517906189, 0.19029714167118073, 0.6485661864280701, -0.544209897518158, 0.7361392378807068, 0.40241101384162903, -0.4008573591709137, -0.6495276093482971, 0.6460861563682556),
            ["LowerTorso"] = CFrame.new(-0.2585141658782959, -0.26929259300231934, 0.010707293637096882, 0.660675585269928, 0.04111967235803604, 0.7495445013046265, 0.1461959332227707, 0.9723315834999084, -0.1822039783000946, -0.7362979054450989, 0.22995798289775848, 0.636384129524231),
            ["RightUpperLeg"] = CFrame.new(-0.000025480985641479492, -0.00012557487934827805, -0.0049975160509347916, 0.9781215786933899, -0.06993220001459122, 0.19592833518981934, 0.08594093471765518, 0.9935164451599121, -0.07442653924226761, -0.1894530951976776, 0.08963645994663239, 0.9777897000312805),
            ["RightLowerLeg"] = CFrame.new(6.146728992462158e-08, 3.5762786865234375e-07, -1.5068508218973875e-08, 1, 1.6018741177958873e-07, 2.9802308176840597e-07, 3.6135324421593396e-07, 0.8550311923027039, 0.5185765027999878, 2.6077039194660756e-08, -0.5185766816139221, 0.8550313115119934),
            ["LeftUpperLeg"] = CFrame.new(0.0000254213809967041, 0.00012586824595928192, 0.004997432231903076, 0.8225935101509094, 0.35347694158554077, 0.44541415572166443, -0.3161412477493286, 0.9353847503662109, -0.1584623157978058, -0.4726463556289673, -0.010463445447385311, 0.8811900019645691),
            ["LeftLowerLeg"] = CFrame.new(-8.195638656616211e-08, 0, -2.2351741790771484e-08, 1, 8.195639367158947e-08, 3.725290298461914e-08, -7.078051567077637e-08, 0.4955226182937622, 0.8685952425003052, 4.0978193283081055e-08, -0.8685951232910156, 0.4955224096775055),
        }},
        {Time = 0.167, Data = {
            ["RightFoot"] = CFrame.new(2.60770320892334e-08, 3.5762786865234375e-07, 1.6952981241047382e-09, 0.975130021572113, 0.2174540013074875, 0.04283687099814415, -0.21508707106113434, 0.9751119613647461, -0.0537993386387825, -0.05347011610865593, 0.04324831813573837, 0.9976325035095215),
            ["LeftLowerArm"] = CFrame.new(-3.5762786865234375e-07, 0, -3.427267074584961e-07, 1, -1.7136329688582919e-07, -2.3841852225814364e-07, 4.1723239974089665e-07, -0.12928269803524017, -0.9916077852249146, -1.3411042232291948e-07, 0.9916077852249146, -0.12928259372711182),
            ["LeftFoot"] = CFrame.new(-9.313225746154785e-09, 2.384185791015625e-07, 0, 0.9366579651832581, -0.07428628206253052, -0.34227725863456726, -0.1918896734714508, 0.7086871266365051, -0.6789265275001526, 0.29300227761268616, 0.7016012072563171, 0.6495422720909119),
            ["Head"] = CFrame.new(-3.725290298461914e-09, 0, -3.725290298461914e-09, 0.9230504631996155, -0.17597180604934692, -0.3420698940753937, 0.14539393782615662, 0.9828669428825378, -0.11328345537185669, 0.3561440706253052, 0.05483149737119675, 0.9328210949897766),
            ["RightUpperArm"] = CFrame.new(-0.0014067888259887695, 0.0010690689086914062, 0.0005949884653091431, 0.36524254083633423, -0.8874651193618774, 0.2810760736465454, 0.6819948554039001, 0.0495789498090744, -0.7296746373176575, 0.633625328540802, 0.45820045471191406, 0.6233548521995544),
            ["UpperTorso"] = CFrame.new(-1.043081283569336e-07, -5.960464477539063e-08, 4.470348358154297e-08, 0.9699612259864807, 0.12671439349651337, -0.20765092968940735, -0.1152394562959671, 0.9911088943481445, 0.06650591641664505, 0.2142316848039627, -0.04057847335934639, 0.9759396314620972),
            ["HumanoidRootPart"] = CFrame.new(0, 0, 0, 1, 0, 0, 0, 1, 0, 0, 0, 1),
            ["RightHand"] = CFrame.new(-0.07841339707374573, -0.026595473289489746, -0.0003541409969329834, 0.9109352231025696, -0.05575020611286163, -0.40876463055610657, 0.1869192123413086, 0.9390655159950256, 0.288474440574646, 0.3677746057510376, -0.33918702602386475, 0.8658486604690552),
            ["LeftUpperArm"] = CFrame.new(-0.001638174057006836, 0.011973142623901367, 0.0006927251815795898, 0.7121012210845947, 0.00445691728964448, -0.7020626664161682, -0.6994066834449768, -0.08262647688388824, -0.7099319100379944, -0.0611734464764595, 0.9965707063674927, -0.05572111904621124),
            ["RightLowerArm"] = CFrame.new(2.384185791015625e-07, 5.960464477539063e-08, -6.705522537231445e-07, 1, 5.215408904746255e-08, -2.1886078727106906e-08, 1.2014059791454201e-07, 0.02031010016798973, -0.9997937083244324, 2.9802318834981634e-08, 0.9997937083244324, 0.02031005173921585),
            ["LeftHand"] = CFrame.new(-2.9802322387695312e-08, 2.980232238769531e-07, 8.940696716308594e-08, 0.7474703192710876, 0.20675544440746307, 0.6313003897666931, -0.5523253083229065, 0.7214396595954895, 0.41768592596054077, -0.36908647418022156, -0.6608912348747253, 0.653451144695282),
            ["LowerTorso"] = CFrame.new(-0.22233664989471436, -0.24335741996765137, 0.0687929019331932, 0.7121560573577881, 0.018244929611682892, 0.7017838954925537, 0.16202694177627563, 0.9684007167816162, -0.18959805369377136, -0.6830673813819885, 0.24873118102550507, 0.6866964101791382),
            ["RightUpperLeg"] = CFrame.new(-0.000025480985641479492, -0.00012591294944286346, -0.004997501149773598, 0.9944900870323181, -0.10467832535505295, 0.005660204216837883, 0.10480643063783646, 0.9939739108085632, -0.03211567923426628, -0.0022633480839431286, 0.032532379031181335, 0.999468207359314),
            ["RightLowerLeg"] = CFrame.new(-5.960464477539063e-08, 0, 1.6952981241047382e-09, 1, 4.805622211279115e-07, -3.3527587817161475e-08, 5.532054956347565e-07, 0.9210370182991028, 0.38947442173957825, -3.203748804025963e-07, -0.3894751965999603, 0.9210373759269714),
            ["LeftUpperLeg"] = CFrame.new(0.000025391578674316406, 0.00012548640370368958, 0.004997551441192627, 0.7986507415771484, 0.35309502482414246, 0.4873204827308655, -0.30933496356010437, 0.9354783892631531, -0.17085760831832886, -0.5162062048912048, -0.014289174228906631, 0.8563448786735535),
            ["LeftLowerLeg"] = CFrame.new(-3.725290298461914e-08, 5.960464477539063e-08, -5.960464477539063e-08, 1, 9.685754776000977e-08, 2.2351738238057806e-08, -7.450580596923828e-08, 0.5151305198669434, 0.8571118712425232, 1.4901161193847656e-08, -0.8571117520332336, 0.515130341053009),
        }},
        {Time = 0.200, Data = {
            ["RightFoot"] = CFrame.new(-2.60770320892334e-08, 3.5762786865234375e-07, 3.708555595949292e-08, 0.9652581214904785, 0.19832490384578705, -0.1701296716928482, -0.20415860414505005, 0.9787845015525818, -0.017328200861811638, 0.16308313608169556, 0.05145967751741409, 0.9852693676948547),
            ["LeftLowerArm"] = CFrame.new(-1.1920928955078125e-07, -1.7881393432617188e-07, -2.086162567138672e-07, 1, -4.619360538526962e-07, 1.0430807861894209e-07, 1.5273690223693848e-07, -0.25953274965286255, -0.9657343626022339, -3.2782554626464844e-07, 0.9657343626022339, -0.2595324218273163),
            ["LeftFoot"] = CFrame.new(3.725290298461914e-09, 0, 3.725290298461914e-08, 0.9451056122779846, -0.05292242020368576, -0.32245051860809326, -0.19194315373897552, 0.7086955308914185, -0.6789028644561768, 0.2644489109516144, 0.7035267949104309, 0.6596337556838989),
            ["Head"] = CFrame.new(7.450580596923828e-09, -1.1920928955078125e-07, -2.9802322387695312e-08, 0.9238086938858032, -0.14669324457645416, -0.3536360561847687, 0.11798305809497833, 0.9878097176551819, -0.10154843330383301, 0.36422181129455566, 0.05208827555179596, 0.9298545122146606),
            ["RightUpperArm"] = CFrame.new(-0.0014069080352783203, 0.001068711280822754, 0.0005950853228569031, 0.5704071521759033, -0.7589244842529297, 0.314116895198822, 0.6299768686294556, 0.1588473916053772, -0.7601949572563171, 0.5270341038703918, 0.631507158279419, 0.5687127113342285),
            ["UpperTorso"] = CFrame.new(6.705522537231445e-08, 2.9802322387695312e-08, -7.450580596923828e-09, 0.978310763835907, 0.15572389960289001, -0.1365947127342224, -0.13555094599723816, 0.9799087047576904, 0.146304652094841, 0.15663331747055054, -0.12461557984352112, 0.9797637462615967),
            ["HumanoidRootPart"] = CFrame.new(0, 0, 0, 1, 0, 0, 0, 1, 0, 0, 0, 1),
            ["RightHand"] = CFrame.new(-0.07841359078884125, -0.026594996452331543, -0.00035419687628746033, 0.9698843955993652, -0.08993703126907349, -0.22635261714458466, 0.17627090215682983, 0.900518000125885, 0.3974871039390564, 0.16808591783046722, -0.42541611194610596, 0.889251708984375),
            ["LeftUpperArm"] = CFrame.new(-0.001638174057006836, 0.011972904205322266, 0.0006927028298377991, 0.7648155689239502, 0.125645712018013, -0.6318783760070801, -0.6370607614517212, 0.0013860646868124604, -0.770812451839447, -0.0959736779332161, 0.992074191570282, 0.08110406994819641),
            ["RightLowerArm"] = CFrame.new(-4.76837158203125e-07, -1.1920928955078125e-07, 4.470348358154297e-08, 1, -1.6763802790364934e-08, 1.14552619834285e-07, 8.56816981809061e-08, -0.14351515471935272, -0.989648163318634, 1.1175873737556685e-07, 0.989648163318634, -0.14351505041122437),
            ["LeftHand"] = CFrame.new(2.980232238769531e-07, 1.1920928955078125e-07, 5.960464477539063e-08, 0.80098956823349, 0.20928730070590973, 0.5609052777290344, -0.5168808102607727, 0.7144898176193237, 0.4715285003185272, -0.3020763099193573, -0.6676101088523865, 0.6804749369621277),
            ["LowerTorso"] = CFrame.new(-0.18244658410549164, -0.24817728996276855, 0.1200103759765625, 0.7574662566184998, 0.01828843168914318, 0.6526181697845459, 0.16148154437541962, 0.9633006453514099, -0.21441960334777832, -0.6325888633728027, 0.2678011357784271, 0.7267144322395325),
            ["RightUpperLeg"] = CFrame.new(-0.000025480985641479492, -0.0001257220283150673, -0.004997538402676582, 0.9679385423660278, -0.11916603147983551, -0.2211208939552307, 0.10253605991601944, 0.9910686612129211, -0.08525969833135605, 0.22930648922920227, 0.059854209423065186, 0.9715124368667603),
            ["RightLowerLeg"] = CFrame.new(-1.4901161193847656e-08, -5.960464477539063e-08, -3.55576048605144e-08, 1, 1.6205011377223855e-07, 1.6391278734317893e-07, 2.905725295931916e-07, 0.8841734528541565, 0.4671582579612732, -1.4901155864777138e-08, -0.4671587347984314, 0.8841738104820251),
            ["LeftUpperLeg"] = CFrame.new(0.000025570392608642578, 0.00012529361993074417, 0.004997462034225464, 0.7760177850723267, 0.3580600917339325, 0.519219696521759, -0.3058023750782013, 0.9335960745811462, -0.18677176535129547, -0.5516171455383301, -0.013839717954397202, 0.8339827060699463),
            ["LeftLowerLeg"] = CFrame.new(-2.60770320892334e-08, -5.960464477539063e-08, -5.21540641784668e-08, 1, 2.980233304583635e-08, 5.587936158235607e-08, -7.543712854385376e-08, 0.49094319343566895, 0.8711918592453003, 8.381903171539307e-09, -0.8711916208267212, 0.49094292521476746),
        }},
        {Time = 0.233, Data = {
            ["RightFoot"] = CFrame.new(8.381903171539307e-09, 4.76837158203125e-07, -9.480572771281004e-09, 0.919395923614502, 0.07276894897222519, -0.3865435719490051, -0.12546034157276154, 0.9856591820716858, -0.11285213381052017, 0.3727880120277405, 0.152252197265625, 0.9153406620025635),
            ["LeftLowerArm"] = CFrame.new(3.5762786865234375e-07, 4.172325134277344e-07, 2.9802322387695312e-08, 1, -2.533196834519913e-07, -1.3411042232291948e-07, 3.3527621212670056e-07, -0.2520635724067688, -0.9677107334136963, 2.980232949312267e-08, 0.9677107334136963, -0.2520633637905121),
            ["LeftFoot"] = CFrame.new(-9.313225746154785e-09, 0, -6.705522537231445e-08, 0.9537745118141174, -0.03986926004290581, -0.29786667227745056, -0.18568012118339539, 0.7011603713035583, -0.6884015798568726, 0.23629863560199738, 0.7118879556655884, 0.6613460779190063),
            ["Head"] = CFrame.new(-1.4901161193847656e-08, -1.1920928955078125e-07, 2.9802322387695312e-08, 0.9231368899345398, -0.086558036506176, -0.3746008574962616, 0.05835937336087227, 0.9945845007896423, -0.08599958568811417, 0.3800164461135864, 0.05752796679735184, 0.9231892824172974),
            ["RightUpperArm"] = CFrame.new(-0.0014069080352783203, 0.0010689496994018555, 0.0005950406193733215, 0.7766048908233643, -0.5467156767845154, 0.3130285441875458, 0.5319022536277771, 0.30276215076446533, -0.7908320426940918, 0.3375868797302246, 0.7806646227836609, 0.5259258151054382),
            ["UpperTorso"] = CFrame.new(-2.9802322387695312e-08, 1.1920928955078125e-07, 3.725290298461914e-08, 0.9899541139602661, 0.12580536305904388, -0.06452847272157669, -0.10063651949167252, 0.9475293159484863, 0.30341485142707825, 0.09931359440088272, -0.2938728332519531, 0.9506711363792419),
            ["HumanoidRootPart"] = CFrame.new(0, 0, 0, 1, 0, 0, 0, 1, 0, 0, 0, 1),
            ["RightHand"] = CFrame.new(-0.07841350138187408, -0.02659553289413452, -0.0003541596233844757, 0.9929254651069641, -0.11702729761600494, 0.02009529061615467, 0.0993671715259552, 0.9115888476371765, 0.39891427755355835, -0.06500215083360672, -0.3940945565700531, 0.9167680740356445),
            ["LeftUpperArm"] = CFrame.new(-0.0016384124755859375, 0.011973023414611816, 0.0006928667426109314, 0.7925224900245667, 0.18080203235149384, -0.582425057888031, -0.6006916761398315, 0.06660938262939453, -0.7967009544372559, -0.10525025427341461, 0.9812613725662231, 0.16139575839042664),
            ["RightLowerArm"] = CFrame.new(-2.980232238769531e-07, 0, 1.9371509552001953e-07, 1, 1.899898762758312e-07, -5.960463056453591e-08, 2.3469331722481002e-07, -0.20860165357589722, -0.9780006408691406, 4.023314090773056e-07, 0.9780007600784302, -0.20860199630260468),
            ["LeftHand"] = CFrame.new(2.086162567138672e-07, -5.960464477539063e-08, -1.4901161193847656e-07, 0.850333571434021, 0.2429875135421753, 0.4667874276638031, -0.4606674015522003, 0.7725079655647278, 0.43705451488494873, -0.254397988319397, -0.5866758227348328, 0.7688257098197937),
            ["LowerTorso"] = CFrame.new(-0.13582171499729156, -0.27613234519958496, 0.15632297098636627, 0.7937967777252197, 0.0796109288930893, 0.6029500961303711, 0.1408020257949829, 0.9404054284095764, -0.309535950422287, -0.5916599631309509, 0.3306051194667816, 0.7352814078330994),
            ["RightUpperLeg"] = CFrame.new(-0.000025540590286254883, -0.00012545660138130188, -0.004997501149773598, 0.8408402800559998, -0.1816510409116745, -0.5098930597305298, 0.11960548907518387, 0.981074333190918, -0.15227463841438293, 0.5279035568237305, 0.06705281883478165, 0.8466532230377197),
            ["RightLowerLeg"] = CFrame.new(7.450580596923828e-09, -2.384185791015625e-07, -8.398637874051929e-08, 1, -6.612386016513483e-08, 3.753230544134567e-07, 2.551822717578034e-07, 0.7665181756019592, 0.6422223448753357, 2.8684721087302023e-07, -0.6422227621078491, 0.7665184140205383),
            ["LeftUpperLeg"] = CFrame.new(0.000025391578674316406, 0.00012561678886413574, 0.0049974024295806885, 0.7640186548233032, 0.3601709008216858, 0.5353057980537415, -0.33609187602996826, 0.9303954243659973, -0.14631091058254242, -0.5507429838180542, -0.06812750548124313, 0.8318899273872375),
            ["LeftLowerLeg"] = CFrame.new(-1.862645149230957e-08, 5.960464477539063e-08, -1.1175870895385742e-07, 1, 5.960463766996327e-08, 6.519260153936557e-08, -7.450581307466564e-08, 0.43961283564567566, 0.8981871604919434, 6.891787762697277e-08, -0.8981873393058777, 0.4396131932735443),
        }},
        {Time = 0.267, Data = {
            ["RightFoot"] = CFrame.new(-1.862645149230957e-09, 2.980232238769531e-07, -1.9725121092051268e-08, 0.8501184582710266, -0.0305853933095932, -0.525702714920044, -0.10834839940071106, 0.966792106628418, -0.23145917057991028, 0.5153245329856873, 0.2537272274494171, 0.818574070930481),
            ["LeftLowerArm"] = CFrame.new(-5.066394805908203e-07, -1.1920928955078125e-07, 0, 1, -4.321337314650009e-07, 3.539022941367875e-08, 1.1175868053214799e-07, -0.21873056888580322, -0.9757851958274841, -1.3411042232291948e-07, 0.9757853150367737, -0.21873076260089874),
            ["LeftFoot"] = CFrame.new(-5.681067705154419e-08, 0, 4.470348358154297e-08, 0.9678436517715454, -0.014892859384417534, -0.2511110305786133, -0.16724607348442078, 0.7075653672218323, -0.686571478843689, 0.18790310621261597, 0.7064910531044006, 0.6823216676712036),
            ["Head"] = CFrame.new(-7.450580596923828e-09, 1.1920928955078125e-07, 1.4901161193847656e-08, 0.9206640124320984, -0.0006106738583184779, -0.39035558700561523, -0.01805589534342289, 0.9988618493080139, -0.044147949665784836, 0.38993820548057556, 0.04769371077418327, 0.9196051359176636),
            ["RightUpperArm"] = CFrame.new(-0.0014067888259887695, 0.0010699033737182617, 0.0005949586629867554, 0.8024482131004333, -0.47770926356315613, 0.3575899600982666, 0.5599027872085571, 0.3955267667770386, -0.7280572056770325, 0.20636321604251862, 0.7844440340995789, 0.5848608613014221),
            ["UpperTorso"] = CFrame.new(-2.2351741790771484e-08, 5.960464477539063e-08, -1.210719347000122e-08, 0.9987407922744751, 0.02354971505701542, -0.044298116117715836, -0.003870390821248293, 0.9165164828300476, 0.39997851848602295, 0.05001944676041603, -0.39930322766304016, 0.9154534339904785),
            ["HumanoidRootPart"] = CFrame.new(0, 0, 0, 1, 0, 0, 0, 1, 0, 0, 0, 1),
            ["RightHand"] = CFrame.new(-0.07841333746910095, -0.026595354080200195, -0.0003542602062225342, 0.9760583639144897, -0.20872248709201813, 0.061195485293865204, 0.18498779833316803, 0.9445792436599731, 0.27120065689086914, -0.11440964788198471, -0.25338730216026306, 0.9605755805969238),
            ["LeftUpperArm"] = CFrame.new(-0.001638174057006836, 0.011973857879638672, 0.0006927251815795898, 0.7936617136001587, 0.23000149428844452, -0.5632051825523376, -0.6020713448524475, 0.16419680416584015, -0.7813766598701477, -0.08724161982536316, 0.959238588809967, 0.26879432797431946),
            ["RightLowerArm"] = CFrame.new(3.5762786865234375e-07, 5.960464477539063e-08, -2.384185791015625e-07, 1, -1.1734660176898615e-07, 2.1606683731079102e-07, 7.916240996053148e-09, -0.19370929896831512, -0.9810590147972107, -7.4505797087454084e-09, 0.9810589551925659, -0.1937093883752823),
            ["LeftHand"] = CFrame.new(-2.682209014892578e-07, -1.1920928955078125e-07, -1.341104507446289e-07, 0.8814324736595154, 0.3012278378009796, 0.3637837767601013, -0.4250065088272095, 0.8418307304382324, 0.3327029347419739, -0.20602507889270782, -0.4478647708892822, 0.8700402975082397),
            ["LowerTorso"] = CFrame.new(-0.08582951128482819, -0.31496644020080566, 0.18883627653121948, 0.8046204447746277, 0.1526130586862564, 0.5738427042961121, 0.08205937594175339, 0.9285557866096497, -0.3620092570781708, -0.588092029094696, 0.3383690118789673, 0.7346113920211792),
            ["RightUpperLeg"] = CFrame.new(-0.000025510787963867188, -0.00012569501996040344, -0.0049975235015153885, 0.763091504573822, -0.28110891580581665, -0.5819534063339233, 0.14528325200080872, 0.9520172476768494, -0.2693612575531006, 0.6297493577003479, 0.12099968641996384, 0.7673166990280151),
