return {
    ["XOXO"] = {
        {Time = 0.000, Data = {
            ["LeftFoot"] = CFrame.new(-3.725290298461914e-08, 5.960464477539063e-08, -1.4901161193847656e-08, 0.991126298904419, -0.12665700912475586, -0.04033281281590462, 0.1319994032382965, 0.9735559225082397, 0.18645432591438293, 0.0156499482691288, -0.19012369215488434, 0.9816354513168335),
            ["LeftLowerArm"] = CFrame.new(8.344650268554688e-07, 1.7881393432617188e-07, -1.1920928955078125e-07, 1, -4.097820749393577e-08, 7.450582373280668e-09, 4.842879164357328e-08, 0.8944850564002991, -0.4470978081226349, 1.0430816388407038e-07, 0.4470978379249573, 0.8944851160049438),
            ["LowerTorso"] = CFrame.new(-0.0576254278421402, -0.11286115646362305, -0.023223616182804108, 0.9635169506072998, -0.011784501373767853, -0.2673878073692322, -0.000014864210243104026, 0.9990278482437134, -0.04408341646194458, 0.267647385597229, 0.04247909411787987, 0.9625800848007202),
            ["Head"] = CFrame.new(2.0489096641540527e-08, 5.960464477539062e-07, 1.955777406692505e-08, 0.9355725646018982, -0.06508039683103561, 0.34708574414253235, 0.06953511387109756, 0.9975795149803162, -0.00038114190101623535, -0.3462207615375519, 0.02449122443795204, 0.937833309173584),
            ["RightUpperArm"] = CFrame.new(-5.960464477539063e-08, -5.960464477539062e-07, 2.9802322387695312e-08, 0.9568817615509033, -0.2775196135044098, -0.08579125255346298, 0.28628915548324585, 0.9509879350662231, 0.11687786132097244, 0.04915056377649307, -0.13639938831329346, 0.9894338846206665),
            ["UpperTorso"] = CFrame.new(7.96353560872376e-09, 5.960464477539062e-07, 5.122274160385132e-09, 0.9966781735420227, -0.01302096713334322, -0.08039338141679764, 0.026326872408390045, 0.9856482744216919, 0.1667466163635254, 0.07706844806671143, -0.16830921173095703, 0.9827169179916382),
            ["HumanoidRootPart"] = CFrame.new(0, 0, 0, 1, 0, 0, 0, 1, 0, 0, 0, 1),
            ["RightHand"] = CFrame.new(4.470348358154297e-08, 1.1920928955078125e-07, -2.9802322387695312e-08, 0.9913675785064697, 0.11547593027353287, -0.062095023691654205, -0.12400665879249573, 0.9796125292778015, -0.15805602073669434, 0.042577363550662994, 0.16439184546470642, 0.9854757785797119),
            ["LeftUpperArm"] = CFrame.new(-1.1920928955078125e-07, -4.76837158203125e-07, 5.960464477539063e-08, 0.8212575316429138, 0.42474836111068726, -0.38095277547836304, -0.40815067291259766, 0.9039063453674316, 0.12793172895908356, 0.39868438243865967, 0.05042121559381485, 0.915701150894165),
            ["RightLowerArm"] = CFrame.new(-0.0000016689300537109375, 4.172325134277344e-07, 3.5762786865234375e-07, 1, -3.539024362453347e-08, 2.980233304583635e-08, 6.705522537231445e-08, 0.9086005687713623, -0.4176661968231201, 2.2351741790771484e-08, 0.41766616702079773, 0.9086006283760071),
            ["LeftHand"] = CFrame.new(-2.384185791015625e-07, 1.7881393432617188e-07, 1.5273690223693848e-07, 0.9868524074554443, -0.1246173083782196, 0.1029222160577774, 0.13094954192638397, 0.9897361397743225, -0.057224713265895844, -0.09473465383052826, 0.06994996219873428, 0.9930420517921448),
            ["RightUpperLeg"] = CFrame.new(-8.940696716308594e-08, -1.8905848264694214e-07, -1.6952981241047382e-09, 0.9345216751098633, -0.16338399052619934, -0.3161884546279907, 0.1884465366601944, 0.9808016419410706, 0.0501595139503479, 0.3019227087497711, -0.10646004229784012, 0.9473695755004883),
            ["LeftUpperLeg"] = CFrame.new(1.7881393432617188e-07, -2.6263296604156494e-07, 7.450580596923828e-09, 0.9831512570381165, 0.17286890745162964, 0.05941414833068848, -0.1372310072183609, 0.9127307534217834, -0.3848247826099396, -0.12075309455394745, 0.3701876699924469, 0.9210754036903381),
            ["RightLowerLeg"] = CFrame.new(9.685754776000977e-08, -0.0000037550926208496094, -0.000013284552551340312, 1, -1.8626458597736928e-07, -6.705523247774181e-08, 1.043081283569336e-07, 0.9094104766845703, 0.4158993363380432, -2.0256265997886658e-08, -0.41589975357055664, 0.9094107747077942),
            ["RightFoot"] = CFrame.new(6.332993507385254e-08, 2.980232238769531e-07, -5.75528247281909e-09, 0.9846562147140503, 0.16919322311878204, -0.042729467153549194, -0.17115046083927155, 0.8885385394096375, -0.4256835877895355, -0.034055955708026886, 0.42646560072898865, 0.9038625955581665),
            ["LeftLowerLeg"] = CFrame.new(6.705522537231445e-08, 0.0000040531158447265625, 0.000013269484043121338, 1, -1.1175872671742582e-08, 1.9371512394172896e-07, 0, 0.9713700413703918, 0.23757191002368927, 7.450580596923828e-08, -0.23757188022136688, 0.9713700413703918),
        }},
        {Time = 0.033, Data = {
            ["LeftFoot"] = CFrame.new(-4.0978193283081055e-08, 0, 6.332993507385254e-08, 0.9913352131843567, -0.12516207993030548, -0.03986160829663277, 0.13052496314048767, 0.9726961851119995, 0.19189958274364471, 0.014754792675375938, -0.1954398900270462, 0.9806047677993774),
            ["LeftLowerArm"] = CFrame.new(5.364418029785156e-07, 5.364418029785156e-07, 5.960464477539063e-08, 1, -4.4703494239684005e-08, 5.215407838932151e-08, 2.2351745343485163e-08, 0.8926894068717957, -0.45067262649536133, 1.4901162970204496e-08, 0.45067262649536133, 0.8926893472671509),
            ["LowerTorso"] = CFrame.new(-0.060141947120428085, -0.11147499084472656, -0.023536652326583862, 0.9636683464050293, -0.011355312541127205, -0.2668602466583252, -0.00023576921375934035, 0.9990593791007996, -0.043362896889448166, 0.2671016454696655, 0.04185036942362785, 0.9627591967582703),
            ["Head"] = CFrame.new(1.862645149230957e-08, 4.76837158203125e-07, -3.4458935260772705e-08, 0.9328112602233887, -0.07196290045976639, 0.3531070053577423, 0.07217688113451004, 0.9973125457763672, 0.0125800222158432, -0.3530632555484772, 0.013751385733485222, 0.9354984164237976),
            ["RightUpperArm"] = CFrame.new(1.1920928955078125e-07, 2.384185791015625e-07, -5.960464477539063e-08, 0.9568290710449219, -0.278613418340683, -0.08278126269578934, 0.287310928106308, 0.9497150778770447, 0.12447426468133926, 0.04393842816352844, -0.14288455247879028, 0.9887636303901672),
            ["UpperTorso"] = CFrame.new(1.8510036170482635e-08, 4.172325134277344e-07, -7.916241884231567e-09, 0.9971405863761902, -0.01149844005703926, -0.07469037175178528, 0.02365252934396267, 0.9861855506896973, 0.16394762694835663, 0.07177331298589706, -0.1652454435825348, 0.9836373925209045),
            ["HumanoidRootPart"] = CFrame.new(0, 0, 0, 1, 0, 0, 0, 1, 0, 0, 0, 1),
            ["RightHand"] = CFrame.new(-5.811452865600586e-07, 2.980232238769531e-07, -2.9802322387695312e-08, 0.9917877912521362, 0.11415673792362213, -0.05766516178846359, -0.12192024290561676, 0.9800969362258911, -0.15666964650154114, 0.03863261640071869, 0.1624136120080948, 0.9859662055969238),
            ["LeftUpperArm"] = CFrame.new(-1.1920928955078125e-07, -1.1920928955078125e-07, 2.9802322387695312e-08, 0.8232672810554504, 0.4193267226219177, -0.3826175034046173, -0.40220481157302856, 0.906542956829071, 0.12810616195201874, 0.40057751536369324, 0.04842498525977135, 0.9149823784828186),
            ["RightLowerArm"] = CFrame.new(2.384185791015625e-07, 9.5367431640625e-07, 5.960464477539063e-08, 1, -5.2154071283894154e-08, 1.4901162970204496e-08, 1.4901161193847656e-08, 0.9084954261779785, -0.41789495944976807, 2.2351741790771484e-08, 0.41789498925209045, 0.9084953665733337),
            ["LeftHand"] = CFrame.new(-2.980232238769531e-07, -5.960464477539063e-08, -7.450580596923828e-09, 0.9895725846290588, -0.10041600465774536, 0.10326079279184341, 0.10715581476688385, 0.9923118948936462, -0.061925388872623444, -0.09624861180782318, 0.07234476506710052, 0.9927248358726501),
            ["RightUpperLeg"] = CFrame.new(0, -5.634501576423645e-08, -9.145878721028566e-09, 0.934162974357605, -0.1636342853307724, -0.3171173632144928, 0.18964388966560364, 0.9804353713989258, 0.05274172127246857, 0.3022823929786682, -0.10940886288881302, 0.9469186663627625),
            ["LeftUpperLeg"] = CFrame.new(0, 2.3422762751579285e-07, 3.725290298461914e-08, 0.9835096597671509, 0.17052285373210907, 0.06025633215904236, -0.13539472222328186, 0.9151092171669006, -0.37979400157928467, -0.11990466713905334, 0.3653726577758789, 0.9231066703796387),
            ["RightLowerLeg"] = CFrame.new(1.4901161193847656e-08, -0.0000036954879760742188, -0.000013382341421674937, 1, -2.980233659855003e-07, -7.450584149637507e-09, 1.6763814869591442e-07, 0.9125933051109314, 0.4088684320449829, -1.043081780949251e-07, -0.4088685214519501, 0.912593424320221),
            ["RightFoot"] = CFrame.new(-1.862645149230957e-08, 4.172325134277344e-07, 2.4047039914876223e-08, 0.9844401478767395, 0.1704034060239792, -0.042899493128061295, -0.1724635660648346, 0.8901709914207458, -0.42172494530677795, -0.03367534652352333, 0.42256179451942444, 0.905708372592926),
            ["LeftLowerLeg"] = CFrame.new(-4.470348358154297e-08, 0.000003814697265625, 0.000013314187526702881, 1, 3.3527612686157227e-08, -8.009374141693115e-08, 7.450580596923828e-09, 0.9740899801254272, 0.22616077959537506, -1.0058283805847168e-07, -0.22616079449653625, 0.9740899801254272),
        }},
        {Time = 0.067, Data = {
            ["LeftFoot"] = CFrame.new(-7.82310962677002e-08, 0, 5.960464477539063e-08, 0.9916769862174988, -0.12268821895122528, -0.03904329240322113, 0.1281631737947464, 0.9696064591407776, 0.20841653645038605, 0.012286427430808544, -0.21168583631515503, 0.9772606492042542),
            ["LeftLowerArm"] = CFrame.new(-1.1920928955078125e-07, 5.960464477539062e-07, 5.960464477539063e-08, 1, -4.097820394122209e-08, 2.9802318834981634e-08, 4.0978196835794733e-08, 0.8897541761398315, -0.4564402997493744, 1.4901162970204496e-08, 0.456440269947052, 0.8897541165351868),
            ["LowerTorso"] = CFrame.new(-0.06406408548355103, -0.10778164863586426, -0.024386361241340637, 0.9640776515007019, -0.010379211977124214, -0.2654176652431488, -0.0006429325439967215, 0.9991421699523926, -0.041406985372304916, 0.26561975479125977, 0.04009019583463669, 0.9632439613342285),
            ["Head"] = CFrame.new(1.30385160446167e-08, 2.384185791015625e-07, -2.7939677238464355e-09, 0.9265548586845398, -0.08265621960163116, 0.366966187953949, 0.07686188817024231, 0.9965782165527344, 0.030402295291423798, -0.3682233989238739, 0.000036314133467385545, 0.9297374486923218),
            ["RightUpperArm"] = CFrame.new(-1.1920928955078125e-07, 4.76837158203125e-07, 1.4901161193847656e-08, 0.9566314220428467, -0.2800261676311493, -0.0802612453699112, 0.28868553042411804, 0.9481871128082275, 0.13267192244529724, 0.038951050490140915, -0.15008842945098877, 0.9879050254821777),
            ["UpperTorso"] = CFrame.new(1.2689270079135895e-08, 3.8743019104003906e-07, -5.587935447692871e-09, 0.997675895690918, -0.009071304462850094, -0.06753257662057877, 0.019769856706261635, 0.9870022535324097, 0.15948615968227386, 0.06520804017782211, -0.16045057773590088, 0.9848875403404236),
            ["HumanoidRootPart"] = CFrame.new(0, 0, 0, 1, 0, 0, 0, 1, 0, 0, 0, 1),
            ["RightHand"] = CFrame.new(1.6391277313232422e-07, 7.748603820800781e-07, -2.9802322387695312e-08, 0.9926940202713013, 0.11030253767967224, -0.0489092618227005, -0.11657410860061646, 0.9813432097434998, -0.1528916358947754, 0.031132439151406288, 0.15747617185115814, 0.9870319366455078),
            ["LeftUpperArm"] = CFrame.new(-1.1920928955078125e-07, 1.1920928955078125e-07, 0, 0.8278098106384277, 0.4120347499847412, -0.38073402643203735, -0.3953486382961273, 0.9099607467651367, 0.12518416345119476, 0.3980332314968109, 0.04689402133226395, 0.916171669960022),
            ["RightLowerArm"] = CFrame.new(-1.4901161193847656e-07, 5.364418029785156e-07, 0, 1, -2.048909131247001e-08, 0, 6.705523958316917e-08, 0.9096271395683289, -0.41542568802833557, 5.960465898624534e-08, 0.4154256582260132, 0.9096270799636841),
            ["LeftHand"] = CFrame.new(-3.5762786865234375e-07, -2.384185791015625e-07, -6.007030606269836e-08, 0.99134761095047, -0.08094827085733414, 0.10333200544118881, 0.08800767362117767, 0.993951678276062, -0.06568675488233566, -0.09738975018262863, 0.07421237975358963, 0.9924755692481995),
            ["RightUpperLeg"] = CFrame.new(0, 2.798624336719513e-07, -2.4047039914876223e-08, 0.9333686232566833, -0.1623610556125641, -0.32009655237197876, 0.19136112928390503, 0.9796159863471985, 0.061102986335754395, 0.30365097522735596, -0.11828582733869553, 0.9454124569892883),
            ["LeftUpperLeg"] = CFrame.new(3.2782554626464844e-07, 4.563480615615845e-08, -1.4901161193847656e-08, 0.9841780662536621, 0.16576674580574036, 0.06256936490535736, -0.13220149278640747, 0.9221330881118774, -0.3635839521884918, -0.11796753108501434, 0.34955963492393494, 0.9294577836990356),
            ["RightLowerLeg"] = CFrame.new(-1.1175870895385742e-07, -0.000003933906555175781, -0.000013306904293131083, 1, -4.4703490686970326e-08, 2.2351738238057806e-08, 7.4505797087454084e-09, 0.9212464094161987, 0.3889789581298828, -2.654268982382746e-08, -0.38897961378097534, 0.9212465882301331),
            ["RightFoot"] = CFrame.new(3.725290298461914e-09, 3.5762786865234375e-07, -5.045876605436206e-08, 0.9841022491455078, 0.17227576673030853, -0.04317273572087288, -0.17464669048786163, 0.8945229053497314, -0.4114936292171478, -0.03227154165506363, 0.4124922454357147, 0.9103894829750061),
            ["LeftLowerLeg"] = CFrame.new(-1.341104507446289e-07, 0.000003635883331298828, 0.000013232231140136719, 1, 1.0058282384761696e-07, 7.450581307466564e-08, 1.4901157641133977e-08, 0.9816736578941345, 0.1905701756477356, 2.9802315282267955e-08, -0.19057010114192963, 0.9816735982894897),
        }},
        {Time = 0.100, Data = {
            ["LeftFoot"] = CFrame.new(3.3527612686157227e-08, 5.960464477539063e-08, 2.9802322387695312e-08, 0.9920777678489685, -0.1194431334733963, -0.03892389312386513, 0.1255417913198471, 0.9539446830749512, 0.2724505662918091, 0.0045890784822404385, -0.2751782536506653, 0.9613821506500244),
            ["LeftLowerArm"] = CFrame.new(2.980232238769531e-07, 5.364418029785156e-07, 2.384185791015625e-07, 1, -7.07805440924858e-08, 0, 7.078052277620372e-08, 0.8859161734580994, -0.4638453722000122, 7.450581485102248e-09, 0.4638453722000122, 0.8859162330627441),
            ["LowerTorso"] = CFrame.new(-0.06912170350551605, -0.10179758071899414, -0.025305867195129395, 0.9660217761993408, -0.008773032575845718, -0.2583117187023163, -0.0011793564772233367, 0.9992637634277344, -0.03834846615791321, 0.2584579586982727, 0.03735009580850601, 0.9653002023696899),
            ["Head"] = CFrame.new(2.60770320892334e-08, 8.344650268554688e-07, 9.313225746154785e-09, 0.9192500114440918, -0.09597513824701309, 0.3817960023880005, 0.0821932703256607, 0.9952439069747925, 0.05228576436638832, -0.38499826192855835, -0.01668265089392662, 0.9227665662765503),
            ["RightUpperArm"] = CFrame.new(1.1920928955078125e-07, -3.5762786865234375e-07, 7.450580596923828e-08, 0.956428587436676, -0.2795097231864929, -0.0843723937869072, 0.28914833068847656, 0.94683837890625, 0.1410331279039383, 0.04046688973903656, -0.1592843383550644, 0.9864030480384827),
            ["UpperTorso"] = CFrame.new(1.7695128917694092e-08, 5.364418029785156e-07, 2.7939677238464355e-09, 0.9983000159263611, -0.0061499630101025105, -0.05795954167842865, 0.015032514929771423, 0.987942099571228, 0.15409274399280548, 0.056313030421733856, -0.1547020673751831, 0.9863550066947937),
            ["HumanoidRootPart"] = CFrame.new(0, 0, 0, 1, 0, 0, 0, 1, 0, 0, 0, 1),
            ["RightHand"] = CFrame.new(8.940696716308594e-08, 2.384185791015625e-07, 5.960464477539063e-08, 0.994127094745636, 0.10187920182943344, -0.03649452328681946, -0.1061771810054779, 0.983430027961731, -0.1469416320323944, 0.020919518545269966, 0.14995360374450684, 0.9884716868400574),
            ["LeftUpperArm"] = CFrame.new(0, -1.1920928955078125e-07, 5.960464477539063e-08, 0.8327632546424866, 0.4049851894378662, -0.3774818181991577, -0.3908471465110779, 0.9129598736763, 0.11722975969314575, 0.39210206270217896, 0.04991300404071808, 0.9185667037963867),
            ["RightLowerArm"] = CFrame.new(-5.364418029785156e-07, 7.748603820800781e-07, 2.384185791015625e-07, 1, 6.519254913683881e-09, 2.2351741790771484e-08, 1.4901157641133977e-08, 0.9119995832443237, -0.4101911187171936, 1.4901157641133977e-08, 0.4101911187171936, 0.9119995832443237),
            ["LeftHand"] = CFrame.new(-1.7881393432617188e-07, -4.172325134277344e-07, -3.8743019104003906e-07, 0.9921448230743408, -0.0708284005522728, 0.10311238467693329, 0.07803697884082794, 0.9946534037590027, -0.0676376149058342, -0.09777020663022995, 0.0751529186964035, 0.9923674464225769),
            ["RightUpperLeg"] = CFrame.new(-2.9802322387695312e-08, -1.203734427690506e-07, 1.3205863069742918e-08, 0.9306561946868896, -0.1582791656255722, -0.3298890292644501, 0.1938668042421341, 0.9779454469680786, 0.07770761847496033, 0.31031402945518494, -0.13627392053604126, 0.9408160448074341),
            ["LeftUpperLeg"] = CFrame.new(2.9802322387695312e-08, 2.7008354663848877e-07, 1.4901161193847656e-08, 0.985653281211853, 0.15496301651000977, 0.06688863039016724, -0.1275307685136795, 0.9433652758598328, -0.3062642812728882, -0.11056029051542282, 0.2933399975299835, 0.9495936036109924),
            ["RightLowerLeg"] = CFrame.new(4.470348358154297e-08, -0.000003814697265625, -0.000013267788744997233, 1, -7.450580596923828e-08, -6.705523958316917e-08, 5.960463056453591e-08, 0.9359123110771179, 0.3522329330444336, -5.35510338295353e-08, -0.35223329067230225, 0.9359124898910522),
            ["RightFoot"] = CFrame.new(-1.862645149230957e-08, 3.5762786865234375e-07, 4.639878170564771e-08, 0.9835405945777893, 0.1754758656024933, -0.04308510199189186, -0.1782555878162384, 0.9033192992210388, -0.3901779055595398, -0.029547296464443207, 0.39143651723861694, 0.9197309613227844),
            ["LeftLowerLeg"] = CFrame.new(1.7881393432617188e-07, 0.000003814697265625, 0.000013306736946105957, 1, -3.725290298461914e-08, 1.4156104555240745e-07, -7.450580596923828e-08, 0.9978362321853638, 0.06574838608503342, 3.725290298461914e-09, -0.06574878096580505, 0.9978362917900085),
        }},
        {Time = 0.133, Data = {
            ["LeftFoot"] = CFrame.new(-2.60770320892334e-08, -5.960464477539063e-08, 9.685754776000977e-08, 0.9924478530883789, -0.11594363301992416, -0.040053341537714005, 0.12266291677951813, 0.9407680630683899, 0.31608495116233826, 0.0010326742194592953, -0.3186105489730835, 0.9478850960731506),
            ["LeftLowerArm"] = CFrame.new(8.940696716308594e-07, 5.960464477539062e-07, -5.960464477539063e-08, 1, -2.60770320892334e-08, 3.725289587919178e-08, 3.725290653733282e-08, 0.881437361240387, -0.47230103611946106, 2.980232594040899e-08, 0.47230103611946106, 0.881437361240387),
            ["LowerTorso"] = CFrame.new(-0.07504432648420334, -0.09425735473632812, -0.026402249932289124, 0.9696571826934814, -0.006713255774229765, -0.2443765550851822, -0.0018018106929957867, 0.9993994832038879, -0.03460382670164108, 0.24446210265159607, 0.0339941680431366, 0.9690628051757812),
            ["Head"] = CFrame.new(3.166496753692627e-08, 4.76837158203125e-07, -1.210719347000122e-08, 0.9135931134223938, -0.11023103445768356, 0.3914033770561218, 0.08636527508497238, 0.9931957125663757, 0.07812461256980896, -0.3973518908023834, -0.03757045418024063, 0.9168969988822937),
            ["RightUpperArm"] = CFrame.new(0, 2.384185791015625e-07, 4.470348358154297e-08, 0.9564584493637085, -0.2758120894432068, -0.09547264873981476, 0.2878168821334839, 0.945608913898468, 0.15160922706127167, 0.04846416041254997, -0.1724865883588791, 0.9838189482688904),
            ["UpperTorso"] = CFrame.new(8.614733815193176e-09, 1.1920928955078125e-07, 4.6566128730773926e-09, 0.9990431070327759, -0.003014788031578064, -0.04363422840833664, 0.009429208934307098, 0.9890087246894836, 0.14755693078041077, 0.04270980507135391, -0.1478271782398224, 0.9880906343460083),
            ["HumanoidRootPart"] = CFrame.new(0, 0, 0, 1, 0, 0, 0, 1, 0, 0, 0, 1),
            ["RightHand"] = CFrame.new(-5.960464477539063e-08, 4.76837158203125e-07, 5.960464477539063e-08, 0.99574214220047, 0.089619942009449, -0.02158946543931961, -0.09176649898290634, 0.9859235882759094, -0.13976328074932098, 0.008759988471865654, 0.1411493867635727, 0.9899495840072632),
            ["LeftUpperArm"] = CFrame.new(0, 0, 5.960464477539063e-08, 0.8376860022544861, 0.39787107706069946, -0.3741401135921478, -0.388224333524704, 0.9156232476234436, 0.10447929799556732, 0.3841407299041748, 0.05772942304611206, 0.9214680194854736),
            ["RightLowerArm"] = CFrame.new(2.980232238769531e-07, 0.0000022649765014648438, 1.7881393432617188e-07, 1, -4.0978189730367376e-08, -3.725290742551124e-09, 5.215405707303944e-08, 0.9149354696273804, -0.4036003053188324, 1.4901159417490817e-08, 0.4036003053188324, 0.9149354696273804),
            ["LeftHand"] = CFrame.new(5.960464477539063e-08, -1.1920928955078125e-07, 3.2782554626464844e-07, 0.9926981925964355, -0.06333567947149277, 0.10265899449586868, 0.07063093781471252, 0.9951092600822449, -0.06905709952116013, -0.09778312593698502, 0.075803741812706, 0.992316722869873),
            ["RightUpperLeg"] = CFrame.new(-8.940696716308594e-08, -2.44705006480217e-07, 2.8107024263590574e-08, 0.9254397749900818, -0.158813938498497, -0.3440050184726715, 0.19830156862735748, 0.9766556024551392, 0.0825846940279007, 0.32285887002944946, -0.14464424550533295, 0.935329020023346),
            ["LeftUpperLeg"] = CFrame.new(8.940696716308594e-08, -3.164168447256088e-07, 2.9802322387695312e-08, 0.987811803817749, 0.14428284764289856, 0.0583982914686203, -0.12195174396038055, 0.9505422115325928, -0.28565239906311035, -0.09672471135854721, 0.27504920959472656, 0.9565524458885193),
            ["RightLowerLeg"] = CFrame.new(8.940696716308594e-08, -0.000003635883331298828, -0.000013364646292757243, 1, -1.5646226358967397e-07, -4.4703490686970326e-08, 1.6391287260830723e-07, 0.9426482915878296, 0.3337872624397278, -4.0978218152076806e-08, -0.3337876796722412, 0.9426484704017639),
            ["RightFoot"] = CFrame.new(1.4901161193847656e-08, 2.980232238769531e-07, 1.6952981241047382e-09, 0.9824016690254211, 0.18212497234344482, -0.04144316539168358, -0.18453389406204224, 0.9120782613754272, -0.36614230275154114, -0.028884410858154297, 0.3673468232154846, 0.9296355843544006),
            ["LeftLowerLeg"] = CFrame.new(-3.725290298461914e-08, 0.0000036954879760742188, 0.000013262033462524414, 1, -3.725291186640334e-09, 7.078050856534901e-08, -5.5879347371501353e-08, 0.999984622001648, 0.005559166427701712, 3.352760913344355e-08, -0.005559386219829321, 0.999984622001648),
        }},
        {Time = 0.167, Data = {
            ["LeftFoot"] = CFrame.new(7.450580596923828e-09, -1.1920928955078125e-07, -1.4901161193847656e-08, 0.9927775263786316, -0.11239735782146454, -0.041950274258852005, 0.11996636539697647, 0.933095395565033, 0.33902937173843384, 0.001037745038047433, -0.34161362051963806, 0.9398400187492371),
            ["LeftLowerArm"] = CFrame.new(7.152557373046875e-07, 5.364418029785156e-07, -4.76837158203125e-07, 1, -3.725290742551124e-09, 7.4505797087454084e-09, 7.450581307466564e-08, 0.8762058019638062, -0.4819371700286865, 1.4901162970204496e-08, 0.48193714022636414, 0.8762058019638062),
            ["LowerTorso"] = CFrame.new(-0.08160892128944397, -0.0850987434387207, -0.028805062174797058, 0.9735230207443237, -0.004355647135525942, -0.22854772210121155, -0.0025662241969257593, 0.9995472431182861, -0.029980409890413284, 0.22857482731342316, 0.029773123562335968, 0.9730709791183472),
            ["Head"] = CFrame.new(-1.257285475730896e-08, 3.5762786865234375e-07, -9.499490261077881e-08, 0.9081541299819946, -0.12428055703639984, 0.39976298809051514, 0.08912216871976852, 0.9904232621192932, 0.1054467037320137, -0.40903952717781067, -0.06013413146138191, 0.9105331897735596),
            ["RightUpperArm"] = CFrame.new(1.1920928955078125e-07, -2.384185791015625e-07, -6.705522537231445e-08, 0.9568028450012207, -0.2702747881412506, -0.10714457184076309, 0.2851424515247345, 0.9442946910858154, 0.16432133316993713, 0.056764110922813416, -0.187774658203125, 0.9805704951286316),
            ["UpperTorso"] = CFrame.new(-6.984919309616089e-09, 4.470348358154297e-07, -1.30385160446167e-08, 0.999700665473938, 0.0004660431877709925, -0.024462757632136345, 0.0029295815620571375, 0.99034583568573, 0.13858827948570251, 0.02429109811782837, -0.13861845433712006, 0.9900479912757874),
            ["HumanoidRootPart"] = CFrame.new(0, 0, 0, 1, 0, 0, 0, 1, 0, 0, 0, 1),
            ["RightHand"] = CFrame.new(-6.258487701416016e-07, 0, -2.9802322387695312e-08, 0.9970757365226746, 0.0763319805264473, -0.003689736593514681, -0.07615640014410019, 0.9884475469589233, -0.13104106485843658, -0.0063554528169333935, 0.1309388428926468, 0.9913701415061951),
            ["LeftUpperArm"] = CFrame.new(-1.1920928955078125e-07, 1.1920928955078125e-07, 0, 0.8468427658081055, 0.38880690932273865, -0.3628863990306854, -0.38471147418022156, 0.9189456105232239, 0.08681022375822067, 0.36722531914711, 0.06609193980693817, 0.9277809858322144),
            ["RightLowerArm"] = CFrame.new(1.1920928955078125e-07, 0.0000011324882507324219, -2.9802322387695312e-08, 1, -3.8184207795666225e-08, -7.450582373280668e-09, 2.9802315282267955e-08, 0.9186151027679443, -0.39515355229377747, -3.725289587919178e-08, 0.3951535224914551, 0.9186151623725891),
            ["LeftHand"] = CFrame.new(-5.364418029785156e-07, 1.7881393432617188e-07, 1.341104507446289e-07, 0.9930610060691833, -0.05867776647210121, 0.10191582143306732, 0.06599017977714539, 0.9953672885894775, -0.06992388516664505, -0.09734071791172028, 0.07616408169269562, 0.9923325777053833),
            ["RightUpperLeg"] = CFrame.new(2.980232238769531e-07, -5.82193024456501e-07, -9.145878721028566e-09, 0.9191381931304932, -0.16662587225437164, -0.356960654258728, 0.20422692596912384, 0.9764116406440735, 0.07008374482393265, 0.3368626832962036, -0.13731791079044342, 0.9314866065979004),
            ["LeftUpperLeg"] = CFrame.new(-1.1920928955078125e-07, -8.402857929468155e-07, 3.3527612686157227e-08, 0.9899200797080994, 0.1347731351852417, 0.043525952845811844, -0.11591385304927826, 0.9475694894790649, -0.2977854907512665, -0.08137737959623337, 0.2897384762763977, 0.9536400437355042),
            ["RightLowerLeg"] = CFrame.new(9.685754776000977e-08, -0.0000036954879760742188, -0.00001322308526141569, 1, -1.6018753967728117e-07, -3.7252917195473856e-08, 5.960465188081798e-08, 0.9396947622299194, 0.3420141339302063, 6.053597445543346e-08, -0.3420144021511078, 0.939694881439209),
            ["RightFoot"] = CFrame.new(-2.60770320892334e-08, 2.384185791015625e-07, -1.39865733217448e-07, 0.980665922164917, 0.19209326803684235, -0.03734223544597626, -0.19320006668567657, 0.9200571179389954, -0.34083500504493713, -0.031115233898162842, 0.34146028757095337, 0.9393813014030457),
            ["LeftLowerLeg"] = CFrame.new(8.195638656616211e-08, 0.000003993511199951172, 0.00001325458288192749, 1, -7.82310962677002e-08, 3.725290742551124e-09, 4.470347647611561e-08, 0.999984622001648, 0.005561226513236761, -1.0058282384761696e-07, -0.005561080761253834, 0.999984622001648),
        }},
        {Time = 0.200, Data = {
            ["LeftFoot"] = CFrame.new(-1.1175870895385742e-08, -5.960464477539063e-08, 0, 0.9930782318115234, -0.10885060578584671, -0.0441284216940403, 0.11745098233222961, 0.9236301183700562, 0.364845871925354, 0.0010449971305206418, -0.36750367283821106, 0.9300217032432556),
            ["LeftLowerArm"] = CFrame.new(2.980232238769531e-07, 0.0000011920928955078125, -2.980232238769531e-07, 1, -5.960464477539063e-08, 3.725289587919178e-08, 5.215405707303944e-08, 0.8700373768806458, -0.4929857850074768, -3.725289943190546e-08, 0.4929858148097992, 0.8700374364852905),
            ["LowerTorso"] = CFrame.new(-0.08859241008758545, -0.07426023483276367, -0.033643707633018494, 0.9764292240142822, -0.001797496690414846, -0.21583035588264465, -0.003527705790475011, 0.9996988773345947, -0.02428533136844635, 0.21580898761749268, 0.024474291130900383, 0.9761289358139038),
            ["Head"] = CFrame.new(2.60770320892334e-08, 0, 6.146728992462158e-08, 0.9013210535049438, -0.13702337443828583, 0.4109073877334595, 0.08991650491952896, 0.9871690273284912, 0.13195571303367615, -0.42371606826782227, -0.08198709785938263, 0.9020770192146301),
            ["RightUpperArm"] = CFrame.new(-1.7881393432617188e-07, -4.76837158203125e-07, 1.1175870895385742e-08, 0.9577362537384033, -0.26451244950294495, -0.11302422732114792, 0.28149738907814026, 0.9426939487457275, 0.17912936210632324, 0.05916532129049301, -0.2033746838569641, 0.9773117303848267),
            ["UpperTorso"] = CFrame.new(2.421438694000244e-08, 6.258487701416016e-07, -1.862645149230957e-09, 0.9999901652336121, 0.00443387171253562, -0.00037532555870711803, -0.004351347219198942, 0.992034375667572, 0.12589281797409058, 0.0009304972481913865, -0.12588995695114136, 0.9920437932014465),
            ["HumanoidRootPart"] = CFrame.new(0, 0, 0, 1, 0, 0, 0, 1, 0, 0, 0, 1),
            ["RightHand"] = CFrame.new(-3.725290298461914e-08, 0, -5.960464477539063e-08, 0.9977352619171143, 0.06478938460350037, 0.01807897537946701, -0.062154754996299744, 0.9907722473144531, -0.12044616043567657, -0.025715796276926994, 0.11904967576265335, 0.9925553202629089),
            ["LeftUpperArm"] = CFrame.new(-1.1920928955078125e-07, -1.1920928955078125e-07, 2.9802322387695312e-08, 0.8636595606803894, 0.3763578236103058, -0.33533138036727905, -0.37737149000167847, 0.9237869381904602, 0.0648728460073471, 0.33419013023376465, 0.07051645964384079, 0.9398640394210815),
            ["RightLowerArm"] = CFrame.new(-1.7881393432617188e-07, 0.0000012516975402832031, 2.980232238769531e-07, 1, -3.399325265718289e-08, -2.607702853651972e-08, 2.9802318834981634e-08, 0.9231645464897156, -0.3844049870967865, 2.2351738238057806e-08, 0.3844049870967865, 0.9231645464897156),
            ["LeftHand"] = CFrame.new(-4.172325134277344e-07, 1.7881393432617188e-07, 5.960464477539063e-08, 0.9932623505592346, -0.05706174299120903, 0.10086588561534882, 0.06431251019239426, 0.9954606890678406, -0.07015742361545563, -0.0964047759771347, 0.0761716216802597, 0.9924232959747314),
            ["RightUpperLeg"] = CFrame.new(0, -1.1175870895385742e-07, 2.0656443666666746e-08, 0.9132862687110901, -0.18472109735012054, -0.3630237877368927, 0.21152062714099884, 0.9767418503761292, 0.03513249754905701, 0.3480908274650574, -0.10887330770492554, 0.9311172962188721),
            ["LeftUpperLeg"] = CFrame.new(0, -2.4563632905483246e-08, 0, 0.9915583729743958, 0.1256554275751114, 0.03197934105992317, -0.10967081040143967, 0.9443492889404297, -0.31012362241744995, -0.06916852295398712, 0.3039986789226532, 0.9501582980155945),
            ["RightLowerLeg"] = CFrame.new(9.685754776000977e-08, -0.0000037550926208496094, -0.000013325530744623393, 1, -8.56816981809061e-08, -1.0430814256778831e-07, 2.2351747119842003e-08, 0.9242045879364014, 0.3818974494934082, 1.3504180884638117e-08, -0.381897896528244, 0.9242047071456909),
            ["RightFoot"] = CFrame.new(-7.450580596923828e-09, 4.76837158203125e-07, 5.3849362302571535e-08, 0.9781808257102966, 0.20574195683002472, -0.02885483205318451, -0.20439279079437256, 0.9281325936317444, -0.31111592054367065, -0.03722856938838959, 0.3102260231971741, 0.9499338865280151),
            ["LeftLowerLeg"] = CFrame.new(3.725290298461914e-09, 0.0000040531158447265625, 0.000013306736946105957, 1, -2.23517560016262e-08, -8.568170528633345e-08, -6.705523247774181e-08, 0.999984622001648, 0.005562662146985531, -1.6763807764164085e-07, -0.005562488455325365, 0.999984622001648),
        }},
        {Time = 0.233, Data = {
            ["LeftFoot"] = CFrame.new(-7.450580596923828e-09, -1.7881393432617188e-07, -7.450580596923828e-09, 0.9934557676315308, -0.10439714789390564, -0.04633457958698273, 0.11421284824609756, 0.9117360711097717, 0.3945792615413666, 0.001051690778695047, -0.397288978099823, 0.9176928997039795),
            ["LeftLowerArm"] = CFrame.new(-1.7881393432617188e-07, 8.344650268554688e-07, -1.4901161193847656e-07, 1, -4.4703494239684005e-08, 4.4703494239684005e-08, 2.6077035641947077e-08, 0.8627887964248657, -0.5055644512176514, 7.078052277620372e-08, 0.5055645108222961, 0.8627888560295105),
            ["LowerTorso"] = CFrame.new(-0.09516610950231552, -0.06175065040588379, -0.04030938073992729, 0.980707049369812, 0.0013441761257126927, -0.19547885656356812, -0.00459633395075798, 0.9998584985733032, -0.016184210777282715, 0.19542944431304932, 0.016770455986261368, 0.980574369430542),
            ["Head"] = CFrame.new(2.421438694000244e-08, 2.384185791015625e-07, 3.4458935260772705e-08, 0.8921799659729004, -0.14517655968666077, 0.42771321535110474, 0.08712930977344513, 0.9844695925712585, 0.1524079442024231, -0.44319671392440796, -0.09870897233486176, 0.8909731507301331),
            ["RightUpperArm"] = CFrame.new(0, -1.1920928955078125e-07, -2.3283064365386963e-09, 0.9587809443473816, -0.25494882464408875, -0.12545956671237946, 0.275701105594635, 0.9415397644042969, 0.19362810254096985, 0.06875994801521301, -0.22023630142211914, 0.9730201363563538),
            ["UpperTorso"] = CFrame.new(-1.0710209608078003e-08, 1.1920928955078125e-07, -7.450580596923828e-09, 0.9994691610336304, 0.008045953698456287, 0.03157050162553787, -0.011505872011184692, 0.9937547445297241, 0.11099161952733994, -0.03048030287027359, -0.11129593104124069, 0.9933197498321533),
            ["HumanoidRootPart"] = CFrame.new(0, 0, 0, 1, 0, 0, 0, 1, 0, 0, 0, 1),
            ["RightHand"] = CFrame.new(7.450580596923828e-08, 1.7881393432617188e-07, 7.450580596923828e-08, 0.9974316954612732, 0.055371273308992386, 0.045433562248945236, -0.05017903819680214, 0.9928408861160278, -0.10839267075061798, -0.05111013352870941, 0.10583451390266418, 0.9930694103240967),
            ["LeftUpperArm"] = CFrame.new(-1.1920928955078125e-07, 4.76837158203125e-07, 1.4901161193847656e-08, 0.8843358755111694, 0.3621687889099121, -0.2945910692214966, -0.3686490058898926, 0.9288970828056335, 0.035330262035131454, 0.28644031286239624, 0.07735688239336014, 0.9549700617790222),
            ["RightLowerArm"] = CFrame.new(5.960464477539063e-08, 0.0000017881393432617188, -1.4901161193847656e-07, 1, -5.587932605521928e-08, 2.0489094865183688e-08, 2.9802308176840597e-08, 0.9289377927780151, -0.3702358603477478, -2.2351731132630448e-08, 0.3702358901500702, 0.9289377927780151),
            ["LeftHand"] = CFrame.new(-6.258487701416016e-07, -4.172325134277344e-07, -1.1920928955078125e-07, 0.993575930595398, -0.06931087374687195, 0.0894598737359047, 0.07546856254339218, 0.9948685169219971, -0.06738799065351486, -0.08433003723621368, 0.07370650768280029, 0.9937081933021545),
            ["RightUpperLeg"] = CFrame.new(-1.1920928955078125e-07, 1.5349360182881355e-07, -5.420588422566652e-09, 0.9080452919006348, -0.20930062234401703, -0.3628319203853607, 0.2194121927022934, 0.975537121295929, -0.013627732172608376, 0.3568083643913269, -0.06723528355360031, 0.9317549467086792),
            ["LeftUpperLeg"] = CFrame.new(8.940696716308594e-08, 2.9604416340589523e-07, 3.725290298461914e-09, 0.9934565424919128, 0.11322030425071716, 0.015010524541139603, -0.10219065845012665, 0.9398778080940247, -0.3258631229400635, -0.05100228637456894, 0.3221968114376068, 0.9452978372573853),
            ["RightLowerLeg"] = CFrame.new(-6.705522537231445e-08, -0.000003516674041748047, -0.000013237986422609538, 1, -3.613533010593528e-07, -1.1920931797249068e-07, 2.5704508743729093e-07, 0.899082362651825, 0.43777912855148315, -9.732323036359958e-08, -0.4377795457839966, 0.899082601070404),
            ["RightFoot"] = CFrame.new(0, 3.5762786865234375e-07, 1.6952981241047382e-09, 0.9757851362228394, 0.21828167140483856, -0.014016922563314438, -0.21395619213581085, 0.939204216003418, -0.26854822039604187, -0.04545450583100319, 0.2650448977947235, 0.9631642699241638),
            ["LeftLowerLeg"] = CFrame.new(-4.842877388000488e-08, 0.0000040531158447265625, 0.000013262033462524414, 1, -6.332997060098933e-08, 7.823111758398227e-08, 0, 0.999984622001648, 0.005564385559409857, 7.078052277620372e-08, -0.005564334336668253, 0.999984622001648),
        }},
        {Time = 0.267, Data = {
            ["LeftFoot"] = CFrame.new(-2.9802322387695312e-08, -5.960464477539063e-08, 2.9802322387695312e-08, 0.9938850998878479, -0.09901729971170425, -0.048868197947740555, 0.11041481047868729, 0.8954517841339111, 0.4312482476234436, 0.001058159745298326, -0.43400678038597107, 0.9009089469909668),
            ["LeftLowerArm"] = CFrame.new(6.556510925292969e-07, 5.960464477539062e-07, 2.086162567138672e-07, 1, -6.705523247774181e-08, 2.9802315282267955e-08, 4.377216455964117e-08, 0.854320764541626, -0.5197463035583496, 4.4703490686970326e-08, 0.5197463035583496, 0.8543206453323364),
            ["LowerTorso"] = CFrame.new(-0.10095730423927307, -0.04777646064758301, -0.04793953523039818, 0.9881828427314758, 0.004617003723978996, -0.15321025252342224, -0.0056477985344827175, 0.9999642372131348, -0.006293437909334898, 0.1531757265329361, 0.007084367796778679, 0.9881736040115356),
            ["Head"] = CFrame.new(3.166496753692627e-08, -1.1920928955078125e-07, 5.075708031654358e-08, 0.8795461058616638, -0.1506408154964447, 0.4513380229473114, 0.082015261054039, 0.9823607206344604, 0.168050155043602, -0.46869194507598877, -0.11079125106334686, 0.8763864636421204),
            ["RightUpperArm"] = CFrame.new(0, -5.960464477539062e-07, 7.450580596923828e-09, 0.9583975076675415, -0.24025925993919373, -0.15410935878753662, 0.26895684003829956, 0.9409301280975342, 0.20570062100887299, 0.0955846756696701, -0.23859171569347382, 0.9664044380187988),
            ["UpperTorso"] = CFrame.new(9.313225746154785e-10, 4.76837158203125e-07, 0, 0.9976041913032532, 0.011866655200719833, 0.06815614551305771, -0.018343649804592133, 0.9952884316444397, 0.09520717710256577, -0.06670522689819336, -0.09622927755117416, 0.9931215643882751),
            ["HumanoidRootPart"] = CFrame.new(0, 0, 0, 1, 0, 0, 0, 1, 0, 0, 0, 1),
            ["RightHand"] = CFrame.new(3.0174851417541504e-07, 5.960464477539063e-08, 7.450580596923828e-09, 0.9957582354545593, 0.04729083180427551, 0.07892551273107529, -0.039666712284088135, 0.9946371912956238, -0.09551722556352615, -0.08301928639411926, 0.09198135137557983, 0.9922940135002136),
            ["LeftUpperArm"] = CFrame.new(-2.384185791015625e-07, 0, 5.21540641784668e-08, 0.9036883115768433, 0.3447873890399933, -0.25390785932540894, -0.3564414978027344, 0.9343176484107971, 0.00011397711932659149, 0.23726998269557953, 0.0904003158211708, 0.9672284722328186),
            ["RightLowerArm"] = CFrame.new(-6.258487701416016e-07, 0.0000011920928955078125, 1.7881393432617188e-07, 1, -3.9231952797535996e-08, -1.0244551873483942e-08, 2.9802318834981634e-08, 0.9359474182128906, -0.35214000940322876, 7.4505797087454084e-09, 0.3521399199962616, 0.9359474182128906),
            ["LeftHand"] = CFrame.new(-3.8743019104003906e-07, 4.76837158203125e-07, 1.1920928955078125e-07, 0.9928731918334961, -0.1006459966301918, 0.0638219565153122, 0.10460363328456879, 0.9925774335861206, -0.06203429773449898, -0.057104773819446564, 0.06826822459697723, 0.9960314035415649),
            ["RightUpperLeg"] = CFrame.new(-2.9802322387695312e-08, -5.474867066368461e-07, -1.0077201295644045e-08, 0.9028666615486145, -0.23435130715370178, -0.36043232679367065, 0.22842822968959808, 0.9717339277267456, -0.05961430072784424, 0.36421477794647217, -0.028509458526968956, 0.9308785200119019),
