return {
    ["Yarn Ball"] = {
        {Time = 0.000, Data = {
            ["RightFoot"] = CFrame.new(2.0489096641540527e-07, -1.7881393432617188e-07, 5.10553945787251e-08, 0.986935019493103, 0.14915961027145386, -0.06091509759426117, -0.14694276452064514, 0.988359808921814, 0.039403971284627914, 0.06608352810144424, -0.029938137158751488, 0.9973649382591248),
            ["LeftLowerArm"] = CFrame.new(0.0000014007091522216797, -4.172325134277344e-07, 0.000004686415195465088, 1, 0, -7.078052277620372e-08, -1.043081283569336e-07, -0.3968910276889801, -0.9178658127784729, -7.450580596923828e-09, 0.9178658127784729, -0.3968910574913025),
            ["RightUpperArm"] = CFrame.new(0.016003966331481934, -0.03350841999053955, -0.15237003564834595, 0.45762765407562256, -0.8891012668609619, 0.00871115643531084, 0.5370301008224487, 0.2685789167881012, -0.7996650338172913, 0.7086434364318848, 0.3706270456314087, 0.6003832221031189),
            ["Head"] = CFrame.new(-1.7695128917694092e-08, -2.384185791015625e-07, 7.636845111846924e-08, 0.8570959568023682, -0.23859845101833344, -0.4565712511539459, -0.012622701935470104, 0.8762833476066589, -0.481630802154541, 0.5150020718574524, 0.41856685280799866, 0.7480472326278687),
            ["RightHand"] = CFrame.new(3.5762786865234375e-07, 5.960464477539062e-07, -0.0000010132789611816406, 0.918631374835968, 0.241898775100708, 0.3124115765094757, -0.14680370688438416, 0.9430437684059143, -0.29852545261383057, -0.36683112382888794, 0.22837159037590027, 0.9018213152885437),
            ["UpperTorso"] = CFrame.new(7.450580596923828e-09, -2.9802322387695312e-08, 1.862645149230957e-08, 0.9449630975723267, -0.10195282101631165, 0.3108866810798645, 0.07710767537355423, 0.9928410649299622, 0.09121999889612198, -0.3179612159729004, -0.06222779303789139, 0.9460594058036804),
            ["HumanoidRootPart"] = CFrame.new(0, 0, 0, 1, 0, 0, 0, 1, 0, 0, 0, 1),
            ["RightUpperLeg"] = CFrame.new(-5.960464477539063e-08, -6.461050361394882e-08, 2.8107024263590574e-08, 0.9718747138977051, -0.20312410593032837, 0.11916480958461761, 0.1562594473361969, 0.1776391714811325, -0.9716107249259949, 0.17618922889232635, 0.9629043936729431, 0.20438288152217865),
            ["LeftUpperArm"] = CFrame.new(0.07871401309967041, 0.022712111473083496, -0.1578221321105957, 0.7152095437049866, 0.3875429034233093, -0.5816234350204468, -0.6777873039245605, 0.1815493106842041, -0.7124916315078735, -0.17052777111530304, 0.9037977457046509, 0.3925175368785858),
            ["RightLowerArm"] = CFrame.new(4.172325134277344e-07, 2.980232238769531e-07, -0.000003933906555175781, 1, 0.000002473592758178711, 0.000019330533177708276, 0.00001898407754197251, -0.3449578881263733, -0.9386181831359863, 0.000004425644419825403, 0.9386181831359863, -0.3449578881263733),
            ["LeftHand"] = CFrame.new(-0.000001914799213409424, -0.0000011920928955078125, 2.086162567138672e-07, 0.9778399467468262, -0.19914214313030243, -0.06458654254674911, 0.1865951418876648, 0.9689141511917114, -0.1624433994293213, 0.09492821991443634, 0.14679205417633057, 0.9846018552780151),
            ["LeftFoot"] = CFrame.new(2.9802322387695312e-08, -2.384185791015625e-07, 2.9802322387695312e-08, 0.9194842576980591, -0.2744552791118622, 0.2814653813838959, 0.39021265506744385, 0.5501511693000793, -0.738287091255188, 0.047778330743312836, 0.7886747717857361, 0.612951397895813),
            ["LowerTorso"] = CFrame.new(0.13628771901130676, -0.5719943046569824, 0.27382925152778625, 0.970598042011261, 0.0010403303895145655, 0.2407040297985077, -0.03387948498129845, 0.9906263947486877, 0.1323317140340805, -0.2383100837469101, -0.13659584522247314, 0.9615352153778076),
            ["RightLowerLeg"] = CFrame.new(-1.7881393432617188e-07, -0.0007265806198120117, 0.0000459643270005472, 1, 1.5366823902240867e-07, 2.3283064365386963e-08, -8.195636524988004e-08, 0.3407512605190277, 0.9401534795761108, 1.4714893836753618e-07, -0.9401535987854004, 0.34075137972831726),
            ["LeftUpperLeg"] = CFrame.new(5.960464477539063e-08, -1.9799335859715939e-07, 7.450580596923828e-09, 0.8277164697647095, 0.4362134337425232, 0.3529920279979706, -0.38962090015411377, 0.8994595408439636, -0.19791029393672943, -0.40383297204971313, 0.026280483230948448, 0.914455235004425),
            ["LeftLowerLeg"] = CFrame.new(2.9802322387695312e-08, -0.0007264614105224609, 0.00008103251457214355, 1, 1.1920927533992653e-07, 2.2351745343485163e-08, -7.450580596923828e-09, 0.44314637780189514, 0.8964492678642273, 5.960464477539063e-08, -0.8964492082595825, 0.4431465268135071),
        }},
        {Time = 0.033, Data = {
            ["RightFoot"] = CFrame.new(1.0058283805847168e-07, -2.384185791015625e-07, 3.5222910810261965e-08, 0.9851692914962769, 0.15918730199337006, -0.06403830647468567, -0.15532374382019043, 0.9859542846679688, 0.061390869319438934, 0.07291152328252792, -0.050533801317214966, 0.9960573315620422),
            ["LeftLowerArm"] = CFrame.new(0.0000012218952178955078, -2.980232238769531e-07, 0.000004872679710388184, 1, -2.9802318834981634e-08, -1.0430814256778831e-07, -4.470348358154297e-08, -0.44218939542770386, -0.8969217538833618, -7.450580596923828e-09, 0.8969217538833618, -0.4421895146369934),
            ["RightUpperArm"] = CFrame.new(0.017134249210357666, -0.032730698585510254, -0.15531516075134277, 0.5179332494735718, -0.8553287982940674, -0.012570025399327278, 0.562576413154602, 0.35165709257125854, -0.7482281923294067, 0.6444011926651001, 0.3804604113101959, 0.663322389125824),
            ["Head"] = CFrame.new(-7.683411240577698e-09, -4.76837158203125e-07, 2.60770320892334e-08, 0.8653314113616943, -0.24827425181865692, -0.4353867769241333, 0.007002411875873804, 0.8745923042297363, -0.48480889201164246, 0.5011513233184814, 0.416471391916275, 0.7585503458976746),
            ["RightHand"] = CFrame.new(5.066394805908203e-07, 0.0000012516975402832031, -5.960464477539062e-07, 0.9257527589797974, 0.24169087409973145, 0.2908044159412384, -0.1578812301158905, 0.945878267288208, -0.2835281193256378, -0.3435918986797333, 0.21656419336795807, 0.9138078093528748),
            ["UpperTorso"] = CFrame.new(1.4901161193847656e-08, 1.1920928955078125e-07, 3.725290298461914e-09, 0.9414084553718567, -0.09170190244913101, 0.32456275820732117, 0.06501352041959763, 0.9936193227767944, 0.09216244518756866, -0.33094337582588196, -0.06566168367862701, 0.9413634538650513),
            ["HumanoidRootPart"] = CFrame.new(0, 0, 0, 1, 0, 0, 0, 1, 0, 0, 0, 1),
            ["RightUpperLeg"] = CFrame.new(8.940696716308594e-08, 2.3981556296348572e-08, 5.75528247281909e-09, 0.9774428606033325, -0.16234153509140015, 0.13509531319141388, 0.16031023859977722, 0.15384718775749207, -0.9750034213066101, 0.13749954104423523, 0.9746673107147217, 0.17640186846256256),
            ["LeftUpperArm"] = CFrame.new(0.07969409227371216, 0.020990729331970215, -0.1606171727180481, 0.6755926609039307, 0.43110424280166626, -0.5981003046035767, -0.7229568362236023, 0.22826482355594635, -0.6520955562591553, -0.14459580183029175, 0.8729515671730042, 0.4658835232257843),
            ["RightLowerArm"] = CFrame.new(-1.7881393432617188e-07, 5.960464477539062e-07, -0.0000036954879760742188, 1, 0.0000030919914024707396, 0.00001920759677886963, 0.000019036235244129784, -0.37850213050842285, -0.9256004095077515, 0.000004410744168126257, 0.925600528717041, -0.37850213050842285),
            ["LeftHand"] = CFrame.new(-0.0000019073486328125, -0.0000010132789611816406, 2.2351741790771484e-07, 0.9782953858375549, -0.19056755304336548, -0.08137622475624084, 0.17842087149620056, 0.974387526512146, -0.13687601685523987, 0.10537617653608322, 0.11938595026731491, 0.9872400164604187),
            ["LeftFoot"] = CFrame.new(-8.940696716308594e-08, -2.980232238769531e-07, 8.940696716308594e-08, 0.9189269542694092, -0.2747633755207062, 0.28298065066337585, 0.3894203305244446, 0.5180505514144897, -0.7615614533424377, 0.06265082210302353, 0.8100177645683289, 0.583048939704895),
            ["LowerTorso"] = CFrame.new(0.13014216721057892, -0.6007579565048218, 0.2850199341773987, 0.978578507900238, -0.005437030456960201, 0.20580226182937622, -0.022361354902386665, 0.9909300208091736, 0.1325061172246933, -0.20465604960918427, -0.13426965475082397, 0.969581127166748),
            ["RightLowerLeg"] = CFrame.new(7.450580596923828e-08, -0.0007265210151672363, 0.00004607608570950106, 1, 1.4575203977074125e-07, 5.401672709126615e-08, -8.568166975919667e-08, 0.33597198128700256, 0.9418720602989197, 1.3224779138454323e-07, -0.9418720602989197, 0.33597201108932495),
            ["LeftUpperLeg"] = CFrame.new(-8.940696716308594e-08, 6.449408829212189e-08, -2.2351741790771484e-08, 0.808142364025116, 0.45320001244544983, 0.3761862516403198, -0.4023045003414154, 0.891228973865509, -0.209432452917099, -0.4301828145980835, 0.017909975722432137, 0.9025641679763794),
            ["LeftLowerLeg"] = CFrame.new(2.9802322387695312e-08, -0.0007263422012329102, 0.00008103717118501663, 1, 7.450581307466564e-08, 7.450581485102248e-09, -4.470348358154297e-08, 0.3947274684906006, 0.9187984466552734, 9.313225746154785e-08, -0.9187982678413391, 0.3947272300720215),
        }},
        {Time = 0.067, Data = {
            ["RightFoot"] = CFrame.new(2.942979335784912e-07, -1.7881393432617188e-07, 1.1008523870259523e-08, 0.9835598468780518, 0.16855531930923462, -0.06480061262845993, -0.16255535185337067, 0.9826938509941101, 0.08881709724664688, 0.07864968478679657, -0.07682326436042786, 0.9939379096031189),
            ["LeftLowerArm"] = CFrame.new(0.000001430511474609375, -4.172325134277344e-07, 0.000004887580871582031, 1, -4.470348358154297e-08, -5.960465898624534e-08, -9.685754776000977e-08, -0.4639465808868408, -0.8858633041381836, 7.450580596923828e-09, 0.885863184928894, -0.46394652128219604),
            ["RightUpperArm"] = CFrame.new(0.018307387828826904, -0.0300370454788208, -0.15770494937896729, 0.5165886282920837, -0.855790913105011, -0.02753550000488758, 0.6146799921989441, 0.3930486738681793, -0.683872401714325, 0.5960744619369507, 0.33635514974594116, 0.7290818095207214),
            ["Head"] = CFrame.new(-2.0489096641540527e-08, -9.5367431640625e-07, -5.587935447692871e-09, 0.8731418251991272, -0.24635373055934906, -0.42063426971435547, 0.011481035500764847, 0.8730527758598328, -0.48749083280563354, 0.4873310923576355, 0.42081907391548157, 0.7651271224021912),
            ["RightHand"] = CFrame.new(5.21540641784668e-07, 7.748603820800781e-07, -7.748603820800781e-07, 0.9257616400718689, 0.2513241767883301, 0.2824912667274475, -0.1723656803369522, 0.9454865455627441, -0.27630704641342163, -0.3365345299243927, 0.20710262656211853, 0.9186148643493652),
            ["UpperTorso"] = CFrame.new(-3.725290298461914e-09, 4.172325134277344e-07, 1.6763806343078613e-08, 0.9337011575698853, -0.08118398487567902, 0.3487280309200287, 0.051161184906959534, 0.9942120909690857, 0.09447132050991058, -0.35437914729118347, -0.07036656141281128, 0.9324505925178528),
            ["HumanoidRootPart"] = CFrame.new(0, 0, 0, 1, 0, 0, 0, 1, 0, 0, 0, 1),
            ["RightUpperLeg"] = CFrame.new(0, 4.116445779800415e-07, -1.6952981241047382e-09, 0.9811558723449707, -0.12690751254558563, 0.14569701254367828, 0.16429702937602997, 0.1511411815881729, -0.9747629761695862, 0.10168398916721344, 0.9803319573402405, 0.16914360225200653),
            ["LeftUpperArm"] = CFrame.new(0.08053022623062134, 0.017603516578674316, -0.16249635815620422, 0.6353042721748352, 0.4545024633407593, -0.6243524551391602, -0.7668946385383606, 0.27614709734916687, -0.5793233513832092, -0.09089070558547974, 0.8468590974807739, 0.5239928364753723),
            ["RightLowerArm"] = CFrame.new(1.7881393432617188e-07, 7.748603820800781e-07, -0.0000033974647521972656, 1, 0.000004149972937739221, 0.000019028781025554053, 0.000018969178199768066, -0.4301607608795166, -0.9027522802352905, 0.000004470348358154297, 0.9027522802352905, -0.4301607012748718),
            ["LeftHand"] = CFrame.new(-0.0000016838312149047852, -0.000001430511474609375, 2.2351741790771484e-07, 0.9779900908470154, -0.18026946485042572, -0.10506384819746017, 0.16894623637199402, 0.9796606302261353, -0.1082705482840538, 0.12244485318660736, 0.08813726902008057, 0.9885541200637817),
            ["LeftFoot"] = CFrame.new(2.9802322387695312e-08, -1.1920928955078125e-07, 2.9802322387695312e-08, 0.9203851819038391, -0.2691722810268402, 0.2836146652698517, 0.385153204202652, 0.4989947974681854, -0.7763126492500305, 0.06743965297937393, 0.8237418532371521, 0.5629400610923767),
            ["LowerTorso"] = CFrame.new(0.11881721019744873, -0.6133344173431396, 0.2956966757774353, 0.9855084419250488, -0.010631417855620384, 0.16929343342781067, -0.011823446489870548, 0.9913012981414795, 0.13108034431934357, -0.1692143678665161, -0.13118240237236023, 0.9768099784851074),
            ["RightLowerLeg"] = CFrame.new(7.82310962677002e-08, -0.0007264018058776855, 0.00004585256829159334, 1, 1.3038518886787642e-07, 5.029144745094527e-08, -6.705521116145974e-08, 0.35618722438812256, 0.9344146251678467, 1.3224777717368852e-07, -0.9344146251678467, 0.3561873435974121),
            ["LeftUpperLeg"] = CFrame.new(-5.960464477539063e-08, 3.5623088479042053e-07, 3.3527612686157227e-08, 0.7895115613937378, 0.4577617645263672, 0.4088101387023926, -0.4079875648021698, 0.8890702128410339, -0.20760609209537506, -0.45849496126174927, -0.0028820110019296408, 0.8886923789978027),
            ["LeftLowerLeg"] = CFrame.new(0, -0.0007265210151672363, 0.00008088164031505585, 1, 4.470348358154297e-08, 6.705522537231445e-08, -5.215405707303944e-08, 0.37320804595947266, 0.9277476668357849, 1.1548398504146462e-07, -0.9277476668357849, 0.37320801615715027),
        }},
        {Time = 0.100, Data = {
            ["RightFoot"] = CFrame.new(1.9371509552001953e-07, 5.960464477539063e-08, 1.1008523870259523e-08, 0.9826871752738953, 0.17481178045272827, -0.061374958604574203, -0.16718800365924835, 0.9794468283653259, 0.11283708363771439, 0.07983873039484024, -0.10062222927808762, 0.9917161464691162),
            ["LeftLowerArm"] = CFrame.new(9.5367431640625e-07, -4.172325134277344e-07, 0.000004783272743225098, 1, -2.2351741790771484e-08, -8.940698847936801e-08, 2.9802318834981634e-08, -0.470598965883255, -0.8823474049568176, 0, 0.8823472857475281, -0.47059890627861023),
            ["RightUpperArm"] = CFrame.new(0.01728302240371704, -0.028664588928222656, -0.15939867496490479, 0.5285418033599854, -0.8486091494560242, -0.022491537034511566, 0.6336129903793335, 0.4119906425476074, -0.6548269391059875, 0.5649585723876953, 0.3318527042865753, 0.7554441690444946),
            ["Head"] = CFrame.new(-1.862645149230957e-09, -5.960464477539062e-07, -3.725290298461914e-08, 0.8909967541694641, -0.22569900751113892, -0.39393484592437744, 0.0059194546192884445, 0.8733810186386108, -0.4870016276836395, 0.4539712369441986, 0.43158501386642456, 0.7795156836509705),
            ["RightHand"] = CFrame.new(2.8312206268310547e-07, 0.0000010728836059570312, -7.450580596923828e-07, 0.9270854592323303, 0.26053884625434875, 0.2695028781890869, -0.18254916369915009, 0.9417495727539062, -0.28245988488197327, -0.3273962736129761, 0.21266692876815796, 0.9206435680389404),
            ["UpperTorso"] = CFrame.new(-1.6298145055770874e-08, 0, -4.190951585769653e-08, 0.9344831109046936, -0.07073095440864563, 0.34891048073768616, 0.039007529616355896, 0.9945067763328552, 0.09713267534971237, -0.35386401414871216, -0.07715869694948196, 0.9321087598800659),
            ["HumanoidRootPart"] = CFrame.new(0, 0, 0, 1, 0, 0, 0, 1, 0, 0, 0, 1),
            ["RightUpperLeg"] = CFrame.new(2.9802322387695312e-08, 1.3131648302078247e-07, -2.4047039914876223e-08, 0.9828812479972839, -0.10782407224178314, 0.1493937373161316, 0.16576509177684784, 0.1636229306459427, -0.9724965691566467, 0.08041428029537201, 0.9806128144264221, 0.17869526147842407),
            ["LeftUpperArm"] = CFrame.new(0.07934987545013428, 0.01587235927581787, -0.16401830315589905, 0.6143905520439148, 0.46741417050361633, -0.6356478333473206, -0.7866706252098083, 0.3010076582431793, -0.5390210747718811, -0.06061120331287384, 0.831214964389801, 0.55263751745224),
            ["RightLowerArm"] = CFrame.new(8.344650268554688e-07, 2.384185791015625e-07, -0.000003814697265625, 1, 0.000004459172487258911, 0.0000189468282769667, 0.000018924474716186523, -0.44312232732772827, -0.8964611291885376, 0.000004477798938751221, 0.8964611291885376, -0.44312238693237305),
            ["LeftHand"] = CFrame.new(-0.0000015944242477416992, -0.000001430511474609375, 1.1920928955078125e-07, 0.9776389002799988, -0.17731384932994843, -0.11305736005306244, 0.16616640985012054, 0.9808647632598877, -0.10145565122365952, 0.1288837343454361, 0.08040054142475128, 0.9883950352668762),
            ["LeftFoot"] = CFrame.new(-5.960464477539063e-08, -1.7881393432617188e-07, 2.9802322387695312e-08, 0.923301637172699, -0.2590765357017517, 0.28353753685951233, 0.3786236345767975, 0.49001914262771606, -0.7851912975311279, 0.06448580324649811, 0.8323224186897278, 0.5505280494689941),
            ["LowerTorso"] = CFrame.new(0.10453405231237411, -0.615294337272644, 0.30526214838027954, 0.9896582365036011, -0.014326194301247597, 0.1427288055419922, -0.0037199407815933228, 0.9921026229858398, 0.12537430226802826, -0.1433977633714676, -0.12460862845182419, 0.9817891716957092),
            ["RightLowerLeg"] = CFrame.new(-1.4528632164001465e-07, -0.0007263422012329102, 0.00004602393164532259, 1, 1.54599618440443e-07, 2.6077039194660756e-08, -7.450580596923828e-08, 0.3848657011985779, 0.922972559928894, 1.3597309589385986e-07, -0.9229726195335388, 0.3848659098148346),
            ["LeftUpperLeg"] = CFrame.new(-8.940696716308594e-08, -7.171183824539185e-08, 7.450580596923828e-09, 0.7899914979934692, 0.450031578540802, 0.416395366191864, -0.40815025568008423, 0.8928019404411316, -0.19057320058345795, -0.457522451877594, -0.01940075308084488, 0.8889864087104797),
            ["LeftLowerLeg"] = CFrame.new(-2.9802322387695312e-08, -0.0007264018058776855, 0.00008097279351204634, 1, 1.341104507446289e-07, 1.266598985694145e-07, -8.940696716308594e-08, 0.3688699007034302, 0.929481029510498, 3.725290298461914e-08, -0.9294810891151428, 0.3688701093196869),
        }},
        {Time = 0.133, Data = {
            ["RightFoot"] = CFrame.new(1.1175870895385742e-07, 0, -2.029992174357176e-09, 0.9836256504058838, 0.16950157284736633, -0.061237040907144547, -0.15922950208187103, 0.9764960408210754, 0.1452636420726776, 0.08442017436027527, -0.1331341713666916, 0.9874961376190186),
            ["LeftLowerArm"] = CFrame.new(0.000001043081283569336, -4.172325134277344e-07, 0.000004667788743972778, 1, -1.043081283569336e-07, -1.0430814256778831e-07, -7.450579175838357e-08, -0.4539949893951416, -0.8910043239593506, 0, 0.8910043239593506, -0.45399487018585205),
            ["RightUpperArm"] = CFrame.new(0.013721108436584473, -0.02944004535675049, -0.161476731300354, 0.5826180577278137, -0.812443196773529, 0.022174878045916557, 0.6210229396820068, 0.42741507291793823, -0.656998872756958, 0.5242965221405029, 0.3965506851673126, 0.7535654902458191),
            ["Head"] = CFrame.new(-4.6566128730773926e-09, -8.344650268554688e-07, 9.313225746154785e-09, 0.922817587852478, -0.18973003327846527, -0.335275799036026, 0.0028537919279187918, 0.8736538887023926, -0.4865397810935974, 0.3852265179157257, 0.448030561208725, 0.8067646026611328),
            ["RightHand"] = CFrame.new(2.2351741790771484e-07, 0.0000011324882507324219, -7.748603820800781e-07, 0.9329429864883423, 0.2568201422691345, 0.2523103654384613, -0.18383483588695526, 0.9423872232437134, -0.2794840633869171, -0.30955156683921814, 0.21435916423797607, 0.9264060258865356),
            ["UpperTorso"] = CFrame.new(-3.259629011154175e-09, 8.940696716308594e-08, -4.190951585769653e-08, 0.9501109719276428, -0.06106623634696007, 0.3058760166168213, 0.02785606123507023, 0.9933415651321411, 0.11178773641586304, -0.3106658160686493, -0.09769037365913391, 0.9454858303070068),
            ["HumanoidRootPart"] = CFrame.new(0, 0, 0, 1, 0, 0, 0, 1, 0, 0, 0, 1),
            ["RightUpperLeg"] = CFrame.new(-5.960464477539063e-08, 1.5832483768463135e-08, 3.55576048605144e-08, 0.9848713278770447, -0.1049770936369896, 0.13787035644054413, 0.15767794847488403, 0.2128870040178299, -0.9642700552940369, 0.0718754306435585, 0.9714211225509644, 0.22621895372867584),
            ["LeftUpperArm"] = CFrame.new(0.07592260837554932, 0.01775538921356201, -0.16649815440177917, 0.621680498123169, 0.4837379455566406, -0.6160441637039185, -0.7800859212875366, 0.31152477860450745, -0.5426038503646851, -0.07056514918804169, 0.8178936839103699, 0.5710260272026062),
            ["RightLowerArm"] = CFrame.new(6.556510925292969e-07, 2.384185791015625e-07, -0.000003874301910400391, 1, 0.00000393390610042843, 0.000019080938727711327, 0.00001895800232887268, -0.4200640618801117, -0.9074945449829102, 0.000004470348358154297, 0.9074944853782654, -0.42006412148475647),
            ["LeftHand"] = CFrame.new(-0.0000013932585716247559, -0.0000013709068298339844, 1.043081283569336e-07, 0.9777699708938599, -0.18581648170948029, -0.09714934229850769, 0.17263619601726532, 0.9763716459274292, -0.12998203933238983, 0.11900685727596283, 0.11032094806432724, 0.9867455959320068),
            ["LeftFoot"] = CFrame.new(-5.960464477539063e-08, -5.960464477539063e-08, 1.4901161193847656e-08, 0.9321354627609253, -0.2593192458152771, 0.25273871421813965, 0.3566328287124634, 0.536503255367279, -0.7648383378982544, 0.06274209171533585, 0.8030677437782288, 0.5925752520561218),
            ["LowerTorso"] = CFrame.new(0.08857885003089905, -0.5919978618621826, 0.3129149079322815, 0.992300808429718, -0.014678431674838066, 0.12297796458005905, 0.001437391503714025, 0.9942501187324524, 0.10707370936870575, -0.1238425225019455, -0.10607258230447769, 0.9866162538528442),
            ["RightLowerLeg"] = CFrame.new(2.9802322387695312e-08, -0.0007264018058776855, 0.00004598667874233797, 1, 1.1455273352112272e-07, 4.8428795196286956e-08, -7.543712854385376e-08, 0.43714091181755066, 0.8993929028511047, 1.4156103134155273e-07, -0.8993930816650391, 0.4371411204338074),
            ["LeftUpperLeg"] = CFrame.new(-5.960464477539063e-08, 4.190951585769653e-08, 1.862645149230957e-08, 0.8131067156791687, 0.4371962547302246, 0.3843398094177246, -0.409040629863739, 0.8988841772079468, -0.15713973343372345, -0.4141777753829956, -0.02943911775946617, 0.9097197651863098),
            ["LeftLowerLeg"] = CFrame.new(5.960464477539063e-08, -0.0007266998291015625, 0.00008097663521766663, 1, 1.0430814256778831e-07, 2.2351736461700966e-08, -7.450577754752885e-08, 0.36976754665374756, 0.9291243553161621, 1.1734660176898615e-07, -0.9291242957115173, 0.36976736783981323),
        }},
        {Time = 0.167, Data = {
            ["RightFoot"] = CFrame.new(1.1734664440155029e-07, -5.960464477539063e-08, -5.790934665128589e-08, 0.9859970808029175, 0.1532004028558731, -0.06587370485067368, -0.13775232434272766, 0.9708707928657532, 0.19604633748531342, 0.09398908168077469, -0.1842268407344818, 0.9783796072006226),
            ["LeftLowerArm"] = CFrame.new(0.0000015795230865478516, -3.5762786865234375e-07, 0.000004738569259643555, 1, -7.450579886381092e-08, -8.940696716308594e-08, -5.960463766996327e-08, -0.41631609201431274, -0.9092199802398682, 0, 0.9092199802398682, -0.4163160026073456),
            ["RightUpperArm"] = CFrame.new(0.009205341339111328, -0.030895233154296875, -0.16352587938308716, 0.6586209535598755, -0.7500234842300415, 0.06068820133805275, 0.5958376526832581, 0.47056522965431213, -0.6508042812347412, 0.45956069231033325, 0.4647936522960663, 0.7568162083625793),
            ["Head"] = CFrame.new(-7.450580596923828e-09, -3.5762786865234375e-07, -9.313225746154785e-09, 0.9529034495353699, -0.1501573920249939, -0.2634914517402649, 0.003588714636862278, 0.8743458390235901, -0.4852902889251709, 0.30325260758399963, 0.4614890217781067, 0.8337059020996094),
            ["RightHand"] = CFrame.new(3.8743019104003906e-07, 0.0000011920928955078125, -8.344650268554688e-07, 0.9405568838119507, 0.25429558753967285, 0.22513623535633087, -0.1865469515323639, 0.9407330751419067, -0.2832343876361847, -0.2838187515735626, 0.22439953684806824, 0.9322510361671448),
            ["UpperTorso"] = CFrame.new(9.313225746154785e-10, -8.940696716308594e-08, 6.426125764846802e-08, 0.9673318862915039, -0.04963036626577377, 0.24860812723636627, 0.01819194108247757, 0.9917111396789551, 0.12719334661960602, -0.2528599798679352, -0.11851556599140167, 0.9602166414260864),
            ["HumanoidRootPart"] = CFrame.new(0, 0, 0, 1, 0, 0, 0, 1, 0, 0, 0, 1),
            ["RightUpperLeg"] = CFrame.new(-2.9802322387695312e-08, -1.2665987014770508e-07, 2.438173396512866e-08, 0.9878432750701904, -0.1106802374124527, 0.10915861278772354, 0.13734416663646698, 0.2924768626689911, -0.9463582038879395, 0.07281684130430222, 0.9498458504676819, 0.30412256717681885),
            ["LeftUpperArm"] = CFrame.new(0.07161939144134521, 0.020231008529663086, -0.1691139191389084, 0.6386398077011108, 0.5021408796310425, -0.5830896496772766, -0.7645623683929443, 0.3283146321773529, -0.554665744304657, -0.087083600461483, 0.8000399470329285, 0.5935928225517273),
            ["RightLowerArm"] = CFrame.new(4.172325134277344e-07, 2.980232238769531e-07, -0.0000036954879760742188, 1, 0.0000031851227504375856, 0.0000191815215657698, 0.00001896172580018174, -0.3840212821960449, -0.9233241677284241, 0.000004433095000422327, 0.9233242273330688, -0.38402146100997925),
            ["LeftHand"] = CFrame.new(-0.0000017583370208740234, -0.0000013113021850585938, 8.940696716308594e-08, 0.9777297973632812, -0.19055035710334778, -0.08794782310724258, 0.17615477740764618, 0.972923994064331, -0.14962813258171082, 0.11407837271690369, 0.13080330193042755, 0.9848232269287109),
            ["LeftFoot"] = CFrame.new(5.960464477539063e-08, -5.960464477539063e-08, 0, 0.9436226487159729, -0.25664567947387695, 0.20906804502010345, 0.32757869362831116, 0.6331111192703247, -0.701329231262207, 0.04762975126504898, 0.730276346206665, 0.6814895272254944),
            ["LowerTorso"] = CFrame.new(0.07154079526662827, -0.5420740842819214, 0.319995254278183, 0.9944111108779907, -0.016179870814085007, 0.10433067381381989, 0.006938623730093241, 0.9960664510726929, 0.08833816647529602, -0.1053495928645134, -0.08712054044008255, 0.9906116724014282),
            ["RightLowerLeg"] = CFrame.new(2.7939677238464355e-08, -0.0007264614105224609, 0.000045994129322934896, 1, 1.2479725342018355e-07, 1.4901161193847656e-08, -8.009374141693115e-08, 0.5238169431686401, 0.8518308401107788, 1.30385160446167e-07, -0.8518308401107788, 0.5238169431686401),
            ["LeftUpperLeg"] = CFrame.new(-2.9802322387695312e-08, -2.3888424038887024e-07, 3.725290298461914e-08, 0.8415029644966125, 0.42161861062049866, 0.3378029465675354, -0.3995462954044342, 0.9065441489219666, -0.13616350293159485, -0.36364221572875977, -0.020385855808854103, 0.9313156008720398),
            ["LeftLowerLeg"] = CFrame.new(0, -0.0007265210151672363, 0.00008099526166915894, 1, 1.043081283569336e-07, 5.960463766996327e-08, -7.450580596923828e-08, 0.36367127299308777, 0.9315274357795715, 8.009374141693115e-08, -0.9315273761749268, 0.36367109417915344),
        }},
        {Time = 0.200, Data = {
            ["RightFoot"] = CFrame.new(2.3655593395233154e-07, -5.960464477539063e-08, 3.149762051180005e-08, 0.9896010160446167, 0.12944772839546204, -0.06271602213382721, -0.11029551178216934, 0.9627652168273926, 0.2468160092830658, 0.092330701649189, -0.23733220994472504, 0.9670308232307434),
            ["LeftLowerArm"] = CFrame.new(9.5367431640625e-07, -7.152557373046875e-07, 0.000005066394805908203, 1, -7.450581485102248e-09, -8.940698847936801e-08, -2.2351741790771484e-08, -0.38154494762420654, -0.9243503212928772, 0, 0.9243503212928772, -0.38154491782188416),
            ["RightUpperArm"] = CFrame.new(0.0034365057945251465, -0.03239238262176514, -0.16411694884300232, 0.6968963742256165, -0.7089576721191406, 0.10823353379964828, 0.5819283127784729, 0.4707943797111511, -0.6631079316139221, 0.4191597104072571, 0.5251017212867737, 0.7406575083732605),
            ["Head"] = CFrame.new(6.05359673500061e-09, -7.152557373046875e-07, -1.4901161193847656e-08, 0.9747166037559509, -0.11762838065624237, -0.1899767518043518, 0.011811695992946625, 0.8761535882949829, -0.4818875193595886, 0.2231324315071106, 0.4674597978591919, 0.8553907871246338),
            ["RightHand"] = CFrame.new(6.109476089477539e-07, 0.0000010132789611816406, -9.685754776000977e-07, 0.9457448720932007, 0.25297319889068604, 0.20389015972614288, -0.19291499257087708, 0.9421482086181641, -0.2741181552410126, -0.2614395320415497, 0.2199123203754425, 0.9398341178894043),
            ["UpperTorso"] = CFrame.new(-3.725290298461914e-09, 1.4901161193847656e-07, -1.3969838619232178e-09, 0.9807103872299194, -0.0355670191347599, 0.192203551530838, 0.009745815768837929, 0.9909803867340088, 0.13365234434604645, -0.19522354006767273, -0.12920112907886505, 0.9722113609313965),
            ["HumanoidRootPart"] = CFrame.new(0, 0, 0, 1, 0, 0, 0, 1, 0, 0, 0, 1),
            ["RightUpperLeg"] = CFrame.new(0, 2.4959444999694824e-07, -9.145878721028566e-09, 0.9909472465515137, -0.11443227529525757, 0.07020608335733414, 0.10712794214487076, 0.3588169515132904, -0.9272400736808777, 0.08091504126787186, 0.926366925239563, 0.367827445268631),
            ["LeftUpperArm"] = CFrame.new(0.06601208448410034, 0.021509289741516113, -0.17021970450878143, 0.6614999175071716, 0.5204983353614807, -0.5399067997932434, -0.7386653423309326, 0.3278123736381531, -0.5889929533004761, -0.1295817792415619, 0.7884292602539062, 0.6013219952583313),
            ["RightLowerArm"] = CFrame.new(3.5762786865234375e-07, 6.556510925292969e-07, -0.000003874301910400391, 1, 0.0000027641656288324157, 0.0000193193627637811, 0.00001899153176054824, -0.35733863711357117, -0.9339749813079834, 0.0000043958430069324095, 0.9339749217033386, -0.35733866691589355),
            ["LeftHand"] = CFrame.new(-0.000001691281795501709, -0.0000016093254089355469, -1.043081283569336e-07, 0.9778658151626587, -0.1912897676229477, -0.08477452397346497, 0.1766396313905716, 0.9719074368476868, -0.15554574131965637, 0.11214742064476013, 0.13712821900844574, 0.9841843247413635),
            ["LeftFoot"] = CFrame.new(7.450580596923828e-08, -2.384185791015625e-07, 2.9802322387695312e-08, 0.9558315873146057, -0.24301812052726746, 0.16531169414520264, 0.2915307283401489, 0.712409257888794, -0.638343870639801, 0.037359531968832016, 0.6583427786827087, 0.7517906427383423),
            ["LowerTorso"] = CFrame.new(0.054505109786987305, -0.4985067844390869, 0.32604920864105225, 0.9961826801300049, -0.02064322680234909, 0.08481752127408981, 0.014011509716510773, 0.9968509078025818, 0.07805221527814865, -0.08616166561841965, -0.07656584680080414, 0.9933347105979919),
            ["RightLowerLeg"] = CFrame.new(-1.2852251529693604e-07, -0.0007261037826538086, 0.000046277251385618, 1, 1.1944216282699927e-07, -9.313227522511625e-09, -7.171182403453713e-08, 0.6041679978370667, 0.7968570590019226, 1.071020676590706e-07, -0.7968569993972778, 0.6041679382324219),
            ["LeftUpperLeg"] = CFrame.new(-5.960464477539063e-08, 9.499490261077881e-08, -7.450580596923828e-09, 0.8651294708251953, 0.40696603059768677, 0.29313769936561584, -0.3866961896419525, 0.9134362936019897, -0.12688679993152618, -0.3194011449813843, -0.0035817809402942657, 0.9476128220558167),
            ["LeftLowerLeg"] = CFrame.new(2.9802322387695312e-08, -0.0007265806198120117, 0.00008098408579826355, 1, 5.960465188081798e-08, 3.725290298461914e-08, -5.960463766996327e-08, 0.3577607572078705, 0.9338132739067078, 7.636844401304188e-08, -0.9338133335113525, 0.3577607274055481),
        }},
        {Time = 0.233, Data = {
            ["RightFoot"] = CFrame.new(1.3783574104309082e-07, 1.1920928955078125e-07, -2.7175701688975096e-08, 0.9930504560470581, 0.1057601049542427, -0.05163048952817917, -0.08671677112579346, 0.954131543636322, 0.28655415773391724, 0.07956820726394653, -0.28008541464805603, 0.9566718935966492),
            ["LeftLowerArm"] = CFrame.new(0.0000014603137969970703, -3.5762786865234375e-07, 0.0000050961971282958984, 1, 2.2351738238057806e-08, -1.0430814256778831e-07, -3.725289943190546e-08, -0.3498309850692749, -0.9368129372596741, -2.9802318834981634e-08, 0.9368128776550293, -0.3498309254646301),
            ["RightUpperArm"] = CFrame.new(-0.0027979612350463867, -0.03529322147369385, -0.1636536717414856, 0.6966517567634583, -0.6937962174415588, 0.18254618346691132, 0.5990341901779175, 0.4225417375564575, -0.6801592707633972, 0.39475858211517334, 0.5831854939460754, 0.709972083568573),
            ["Head"] = CFrame.new(2.0023435354232788e-08, -7.152557373046875e-07, -1.1455267667770386e-07, 0.9894468188285828, -0.08675242215394974, -0.11605636775493622, 0.02197461761534214, 0.8815365433692932, -0.47160425782203674, 0.14322081208229065, 0.464076966047287, 0.8741398453712463),
            ["RightHand"] = CFrame.new(3.2782554626464844e-07, 0.0000013709068298339844, -5.364418029785156e-07, 0.9577633142471313, 0.2364848405122757, 0.16359728574752808, -0.19972309470176697, 0.9563744068145752, -0.2132110595703125, -0.20688167214393616, 0.17153137922286987, 0.9632118344306946),
            ["UpperTorso"] = CFrame.new(3.725290298461914e-09, -8.940696716308594e-08, 2.4563632905483246e-08, 0.9903210997581482, -0.019775930792093277, 0.13737931847572327, 0.0032053343020379543, 0.992792010307312, 0.11980768293142319, -0.13875851035118103, -0.1182078868150711, 0.9832462072372437),
            ["HumanoidRootPart"] = CFrame.new(0, 0, 0, 1, 0, 0, 0, 1, 0, 0, 0, 1),
            ["RightUpperLeg"] = CFrame.new(0, -9.313225746154785e-08, 1.3205863069742918e-08, 0.992781937122345, -0.11529570817947388, 0.03303046524524689, 0.07540770620107651, 0.38590794801712036, -0.9194502830505371, 0.09326197952032089, 0.9153043627738953, 0.39181649684906006),
            ["LeftUpperArm"] = CFrame.new(0.05989307165145874, 0.020473480224609375, -0.1703842133283615, 0.6813750863075256, 0.5420332551002502, -0.49186185002326965, -0.7056899070739746, 0.30816176533699036, -0.6379953622817993, -0.1942417323589325, 0.7818160653114319, 0.5924811363220215),
            ["RightLowerArm"] = CFrame.new(-5.960464477539063e-08, 2.384185791015625e-07, -0.000003874301910400391, 1, 0.000001840293634813861, 0.00001940131733135786, 0.00001893937587738037, -0.31544288992881775, -0.9489446878433228, 0.0000044405460357666016, 0.9489446878433228, -0.315442830324173),
            ["LeftHand"] = CFrame.new(-0.0000016093254089355469, -0.0000011920928955078125, 8.940696716308594e-08, 0.9784249663352966, -0.1876785308122635, -0.08637893199920654, 0.17337998747825623, 0.9732528924942017, -0.1507263481616974, 0.1123567745089531, 0.13249801099300385, 0.9847946166992188),
            ["LeftFoot"] = CFrame.new(-2.9802322387695312e-08, -5.960464477539063e-08, 2.9802322387695312e-08, 0.9656773805618286, -0.22060754895210266, 0.1371116042137146, 0.25774168968200684, 0.7484211325645447, -0.6110933423042297, 0.032194484025239944, 0.6254583597183228, 0.7795930504798889),
            ["LowerTorso"] = CFrame.new(0.03674028813838959, -0.47670185565948486, 0.3303195834159851, 0.997550904750824, -0.0270747821778059, 0.06449182331562042, 0.021693885326385498, 0.9963366389274597, 0.08272116631269455, -0.06649521738290787, -0.08111949265003204, 0.9944838285446167),
            ["RightLowerLeg"] = CFrame.new(-2.60770320892334e-08, -0.0007263422012329102, 0.00004599785461323336, 1, 1.1781234832142218e-07, -3.02679947772333e-09, -6.891787052154541e-08, 0.6525817513465881, 0.7577182650566101, 9.12696123123169e-08, -0.7577183842658997, 0.6525819897651672),
            ["LeftUpperLeg"] = CFrame.new(2.9802322387695312e-08, -6.05359673500061e-08, 3.725290298461914e-09, 0.8868518471717834, 0.38827142119407654, 0.25047779083251953, -0.3686906695365906, 0.9213952422142029, -0.12287463247776031, -0.2784977853298187, 0.01662275940179825, 0.9602930545806885),
            ["LeftLowerLeg"] = CFrame.new(-4.470348358154297e-08, -0.0007265806198120117, 0.00008094869554042816, 1, 5.960465188081798e-08, 8.195638656616211e-08, -3.5390254282674505e-08, 0.35453560948371887, 0.9350425601005554, 2.8870996260366155e-08, -0.9350425601005554, 0.3545354902744293),
        }},
        {Time = 0.267, Data = {
            ["RightFoot"] = CFrame.new(1.043081283569336e-07, -2.384185791015625e-07, 5.3849362302571535e-08, 0.9956209659576416, 0.08786468952894211, -0.03191731870174408, -0.0734357088804245, 0.9463902711868286, 0.3145676553249359, 0.057845719158649445, -0.3108461797237396, 0.9486984014511108),
            ["LeftLowerArm"] = CFrame.new(0.0000016093254089355469, -6.556510925292969e-07, 0.000004738569259643555, 1, -2.2351738238057806e-08, -1.0430815677864302e-07, -2.9802318834981634e-08, -0.3304874300956726, -0.9438105225563049, 5.960463766996327e-08, 0.9438104033470154, -0.33048734068870544),
            ["RightUpperArm"] = CFrame.new(-0.00801241397857666, -0.03778338432312012, -0.16357636451721191, 0.6764842867851257, -0.6893631815910339, 0.2591281235218048, 0.6308653354644775, 0.36089563369750977, -0.6868503093719482, 0.3799712061882019, 0.6281185150146484, 0.6790355443954468),
            ["Head"] = CFrame.new(1.1459633242338896e-08, -8.344650268554688e-07, -4.784669727087021e-08, 0.9967774152755737, -0.06283438950777054, -0.04986661672592163, 0.033225689083337784, 0.8892057538032532, -0.45629966259002686, 0.07301299273967743, 0.4531722664833069, 0.8884278535842896),
            ["RightHand"] = CFrame.new(4.470348358154297e-08, 0.0000011324882507324219, -7.450580596923828e-07, 0.9652217626571655, 0.22575822472572327, 0.13183361291885376, -0.2058883011341095, 0.9671890139579773, -0.148847758769989, -0.16111186146736145, 0.11652790009975433, 0.9800328016281128),
            ["UpperTorso"] = CFrame.new(-6.984919309616089e-09, -8.940696716308594e-08, -2.3370375856757164e-08, 0.9957194328308105, -0.003282455727458, 0.09236904978752136, -0.0057944864965975285, 0.995186448097229, 0.09782847762107849, -0.09224552661180496, -0.0979449674487114, 0.9909074902534485),
            ["HumanoidRootPart"] = CFrame.new(0, 0, 0, 1, 0, 0, 0, 1, 0, 0, 0, 1),
            ["RightUpperLeg"] = CFrame.new(5.960464477539063e-08, 1.862645149230957e-09, -6.502523319795728e-08, 0.9931986927986145, -0.11638855189085007, 0.0031626797281205654, 0.04912488907575607, 0.39426955580711365, -0.9176809787750244, 0.1055605411529541, 0.9115948677062988, 0.3973054885864258),
            ["LeftUpperArm"] = CFrame.new(0.05461931228637695, 0.016945362091064453, -0.17071008682250977, 0.7003751993179321, 0.5602275133132935, -0.44228896498680115, -0.6680663228034973, 0.2963302433490753, -0.6825509667396545, -0.25132033228874207, 0.7735201716423035, 0.5818116664886475),
            ["RightLowerArm"] = CFrame.new(3.8743019104003906e-07, 2.980232238769531e-07, -0.0000035762786865234375, 1, 0.000001125037670135498, 0.000019505627278704196, 0.000018954278857563622, -0.28113603591918945, -0.959667980670929, 0.000004418194748723181, 0.9596679210662842, -0.28113600611686707),
            ["LeftHand"] = CFrame.new(-0.0000012665987014770508, -0.0000011920928955078125, 2.086162567138672e-07, 0.9792763590812683, -0.18119560182094574, -0.09047572314739227, 0.16753722727298737, 0.9757605195045471, -0.14079351723194122, 0.11379392445087433, 0.12271766364574432, 0.9858962297439575),
            ["LeftFoot"] = CFrame.new(2.9802322387695312e-08, -1.1920928955078125e-07, 0, 0.9743440747261047, -0.1949446201324463, 0.11247390508651733, 0.22223740816116333, 0.7543976902961731, -0.6176525950431824, 0.03555804118514061, 0.6268020272254944, 0.7783669233322144),
