return {
    ["Yee Haw"] = {
        {Time = 0.000, Data = {
            ["RightFoot"] = CFrame.new(-1.0989606380462646e-07, 4.172325134277344e-07, -6.104528438299894e-09, 0.9907549023628235, 0.12330079078674316, -0.05658291280269623, -0.13337814807891846, 0.8090532422065735, -0.5724011659622192, -0.02479890175163746, 0.5746562480926514, 0.8180191516876221),
            ["LeftLowerArm"] = CFrame.new(1.1920928955078125e-07, -2.384185791015625e-07, -2.9802322387695312e-08, 1, -1.4901161193847656e-07, 7.450580596923828e-08, 7.450580596923828e-08, -0.009485691785812378, -0.9999549984931946, 1.4901161193847656e-07, 0.9999550580978394, -0.009485647082328796),
            ["LeftFoot"] = CFrame.new(1.1175870895385742e-08, -1.7881393432617188e-07, -1.4901161193847656e-08, 0.9772856831550598, -0.07187127321958542, -0.19936689734458923, -0.008978868834674358, 0.9258516430854797, -0.37778109312057495, 0.21173588931560516, 0.37098991870880127, 0.9041761159896851),
            ["Head"] = CFrame.new(-1.0710209608078003e-08, -2.384185791015625e-07, -1.862645149230957e-08, 0.9665197730064392, -0.04233575239777565, -0.25307586789131165, 0.06265440583229065, 0.9953787922859192, 0.07277120649814606, 0.2488255500793457, -0.08619100600481033, 0.9647057056427002),
            ["LowerTorso"] = CFrame.new(0.10781595855951309, -0.23344039916992188, 0.08023323863744736, 0.9819822311401367, 0.059467900544404984, 0.17937256395816803, -0.05054689198732376, 0.9972659349441528, -0.053905438631772995, -0.18208777904510498, 0.043867453932762146, 0.982303261756897),
            ["UpperTorso"] = CFrame.new(-1.3969838619232178e-08, -5.960464477539063e-08, 7.683411240577698e-09, 0.999017059803009, -0.04431557655334473, -0.0010969169670715928, 0.044222909957170486, 0.9946052432060242, 0.09383480995893478, -0.003067334182560444, -0.09379106760025024, 0.995587170124054),
            ["HumanoidRootPart"] = CFrame.new(0, 0, 0, 1, 0, 0, 0, 1, 0, 0, 0, 1),
            ["RightUpperLeg"] = CFrame.new(5.960464477539063e-08, -3.142340574413538e-07, 2.554588718339801e-08, 0.9815537929534912, -0.19062525033950806, -0.014634685590863228, 0.17537663877010345, 0.9282248020172119, -0.32808831334114075, 0.07612618803977966, 0.3194696307182312, 0.9445337653160095),
            ["LeftUpperArm"] = CFrame.new(5.960464477539063e-08, -1.1920928955078125e-07, 0, 0.6279004216194153, 0.6427205801010132, -0.4389208257198334, -0.2388506680727005, 0.6958692073822021, 0.6772860884666443, 0.7407370805740356, -0.32043159008026123, 0.5904507637023926),
            ["RightLowerArm"] = CFrame.new(0, -3.5762786865234375e-07, -1.862645149230957e-08, 1, -9.406354450902654e-08, 6.286426668111744e-08, 7.4505797087454084e-09, -0.4347916841506958, -0.9005310535430908, 9.313224325069314e-08, 0.9005310535430908, -0.4347917139530182),
            ["LeftHand"] = CFrame.new(-7.450580596923828e-08, 2.384185791015625e-07, -1.7136335372924805e-07, 0.9852045178413391, -0.10889451205730438, 0.13234081864356995, 0.09856186807155609, 0.9917231798171997, 0.08228538930416107, -0.14020569622516632, -0.06802422553300858, 0.9877829551696777),
            ["RightHand"] = CFrame.new(-4.470348358154297e-07, -1.7881393432617188e-07, 3.725290298461914e-09, 0.786076009273529, 0.6172282099723816, 0.033375512808561325, -0.5284172296524048, 0.6990230679512024, -0.48181137442588806, -0.32071778178215027, 0.3611041307449341, 0.8756391406059265),
            ["RightUpperArm"] = CFrame.new(-5.960464477539063e-08, 1.1920928955078125e-07, 0, 0.17694243788719177, -0.8295949697494507, -0.5295881628990173, 0.9738966226577759, 0.06984567642211914, 0.21597929298877716, -0.14218579232692719, -0.5539800524711609, 0.8202983736991882),
            ["RightLowerLeg"] = CFrame.new(-1.9744038581848145e-07, -0.000060558319091796875, -0.00007206777081592008, 1, -1.154839708306099e-07, -1.0500664870960463e-07, 1.564622067462551e-07, 0.4736747443675995, 0.8806996941566467, -6.33299421792799e-08, -0.8806998133659363, 0.4736751914024353),
            ["LeftUpperLeg"] = CFrame.new(-1.1920928955078125e-07, -1.578591763973236e-07, 3.934837877750397e-08, 0.9941183924674988, 0.08643551170825958, 0.06525108963251114, -0.04044478014111519, 0.855218768119812, -0.5166864991188049, -0.10046403855085373, 0.5110085010528564, 0.8536845445632935),
            ["LeftLowerLeg"] = CFrame.new(-2.2351741790771484e-08, 0.00006103515625, 0.00007203221321105957, 1, 7.450583439094771e-08, 1.4901162970204496e-08, -1.1175872316471214e-07, 0.5209981799125671, 0.8535578846931458, 7.450581485102248e-09, -0.853557825088501, 0.5209981799125671),
        }},
        {Time = 0.033, Data = {
            ["RightFoot"] = CFrame.new(-9.872019290924072e-08, 5.364418029785156e-07, 1.6596459317952394e-08, 0.9450497627258301, 0.3230103552341461, -0.05045375972986221, -0.3211570680141449, 0.8883830308914185, -0.32807597517967224, -0.06114959716796875, 0.32625165581703186, 0.9433030486106873),
            ["LeftLowerArm"] = CFrame.new(2.682209014892578e-07, -6.556510925292969e-07, -1.2293457984924316e-07, 1, -6.70552182668871e-08, 8.195638656616211e-08, 8.940692453052179e-08, 0.04802852123975754, -0.9988459944725037, -7.450577044210149e-09, 0.9988459944725037, 0.04802846908569336),
            ["LeftFoot"] = CFrame.new(1.3783574104309082e-07, 1.7881393432617188e-07, -3.725290298461914e-09, 0.9914843440055847, -0.015532635152339935, -0.12929698824882507, 0.00022714753868058324, 0.9930661916732788, -0.11755659431219101, 0.13022640347480774, 0.11652623116970062, 0.9846130013465881),
            ["Head"] = CFrame.new(3.585591912269592e-08, 4.76837158203125e-07, -1.0244548320770264e-08, 0.9940882921218872, 0.03182122856378555, 0.10380776226520538, -0.054890718311071396, 0.9721997380256653, 0.22762896120548248, -0.09367843717336655, -0.23198120296001434, 0.9681989550590515),
            ["LowerTorso"] = CFrame.new(0.027413509786128998, -0.13042140007019043, 0.10074712336063385, 0.9833739399909973, 0.16501370072364807, 0.07580368965864182, -0.16647937893867493, 0.9859539270401001, 0.013397508300840855, -0.0725281685590744, -0.025794511660933495, 0.9970327615737915),
            ["UpperTorso"] = CFrame.new(-6.05359673500061e-08, 8.940696716308594e-08, -1.3969838619232178e-08, 0.9500911831855774, -0.2477502077817917, -0.1895962953567505, 0.2447318434715271, 0.9687837958335876, -0.03955170139670372, 0.19347676634788513, -0.008822523057460785, 0.9810652136802673),
            ["HumanoidRootPart"] = CFrame.new(0, 0, 0, 1, 0, 0, 0, 1, 0, 0, 0, 1),
            ["RightUpperLeg"] = CFrame.new(-8.940696716308594e-08, 1.6205012798309326e-07, -2.7772330213338137e-08, 0.9362356066703796, -0.3459756672382355, 0.06134958565235138, 0.3338376581668854, 0.8213812112808228, -0.46247750520706177, 0.1096145436167717, 0.45346859097480774, 0.8845060467720032),
            ["LeftUpperArm"] = CFrame.new(0, -1.1920928955078125e-07, 1.862645149230957e-09, 0.8703014850616455, 0.4567612111568451, -0.18424077332019806, -0.19352851808071136, 0.661133885383606, 0.7248784899711609, 0.4529041349887848, -0.5952068567276001, 0.6637821197509766),
            ["RightLowerArm"] = CFrame.new(7.748603820800781e-07, -1.7881393432617188e-07, 7.450580596923828e-08, 1, -9.173525228334256e-08, 1.013977666275423e-07, 6.332993507385254e-08, -0.2646651566028595, -0.9643403887748718, 1.2293457984924316e-07, 0.964340329170227, -0.2646651566028595),
            ["LeftHand"] = CFrame.new(1.1920928955078125e-07, -2.384185791015625e-07, -8.940696716308594e-08, 0.931135356426239, -0.35033270716667175, 0.10126176476478577, 0.3630400598049164, 0.9167652130126953, -0.16656415164470673, -0.034480612725019455, 0.1918559968471527, 0.9808172583580017),
            ["RightHand"] = CFrame.new(-4.470348358154297e-08, -5.960464477539063e-08, -3.5390257835388184e-08, 0.8320403099060059, 0.5547080636024475, -0.002798565663397312, -0.47660425305366516, 0.7122882008552551, -0.5152612924575806, -0.2838263511657715, 0.43005186319351196, 0.8570285439491272),
            ["RightUpperArm"] = CFrame.new(0, -4.76837158203125e-07, 9.313225746154785e-09, 0.16649776697158813, -0.9812889695167542, -0.09669803828001022, 0.9850186705589294, 0.16105693578720093, 0.06163536384701729, -0.044908199459314346, -0.10551150143146515, 0.9934035539627075),
            ["RightLowerLeg"] = CFrame.new(-1.043081283569336e-07, -0.00006020069122314453, -0.00007199326500995085, 1, -1.2479718236590998e-07, -6.332994928470725e-08, 1.1175869474300271e-07, 0.39928221702575684, 0.9168280363082886, -8.381902460996571e-08, -0.9168280959129333, 0.3992826044559479),
            ["LeftUpperLeg"] = CFrame.new(-5.960464477539063e-08, -2.0721927285194397e-08, -4.0978193283081055e-08, 0.9816924929618835, -0.07430098205804825, 0.17538334429264069, 0.13057909905910492, 0.9328771829605103, -0.33569225668907166, -0.13866882026195526, 0.3524479269981384, 0.9255006909370422),
            ["LeftLowerLeg"] = CFrame.new(-4.6566128730773926e-08, 0.000060677528381347656, 0.00007204711437225342, 1, 5.215405707303944e-08, -1.4901162970204496e-08, -3.725290653733282e-08, 0.8173485398292542, 0.5761435627937317, 1.210719524635806e-08, -0.5761435031890869, 0.8173485994338989),
        }},
        {Time = 0.067, Data = {
            ["RightFoot"] = CFrame.new(-4.470348358154297e-08, 3.5762786865234375e-07, -1.3205863069742918e-08, 0.9264273047447205, 0.35706689953804016, 0.11931505799293518, -0.3667868673801422, 0.9274923801422119, 0.07228557020425797, -0.08485319465398788, -0.1107305958867073, 0.9902215600013733),
            ["LeftLowerArm"] = CFrame.new(2.980232238769531e-07, -5.960464477539063e-08, 7.674098014831543e-07, 1, 1.4901161193847656e-08, 1.4901162614933128e-07, 1.3411046495548362e-07, -0.03926226496696472, -0.9992289543151855, 1.4901162970204496e-08, 0.9992289543151855, -0.039262283593416214),
            ["LeftFoot"] = CFrame.new(-3.867899067699909e-08, 0, -1.862645149230957e-09, 0.9912800788879395, 0.043154727667570114, -0.12450496852397919, 0.008719953708350658, 0.921298623085022, 0.38875821232795715, 0.13148313760757446, -0.3864538371562958, 0.9128887057304382),
            ["Head"] = CFrame.new(1.862645149230957e-09, 0, 0, 0.9467027187347412, 0.04898850619792938, 0.3183618485927582, -0.143095001578331, 0.9494465589523315, 0.279419481754303, -0.28857922554016113, -0.3100830018520355, 0.9058535099029541),
            ["LowerTorso"] = CFrame.new(-0.037410471588373184, -0.02706122398376465, 0.09874837100505829, 0.9675624370574951, 0.23801666498184204, -0.08468182384967804, -0.23562030494213104, 0.9711254835128784, 0.0373951718211174, 0.0911373496055603, -0.016229404136538506, 0.9957060813903809),
            ["UpperTorso"] = CFrame.new(-4.377216100692749e-08, 3.2782554626464844e-07, 7.916241884231567e-09, 0.8972058892250061, -0.3771075904369354, -0.22980736196041107, 0.35851484537124634, 0.9258350133895874, -0.11956876516342163, 0.25785398483276367, 0.024888454005122185, 0.9658632874488831),
            ["HumanoidRootPart"] = CFrame.new(0, 0, 0, 1, 0, 0, 0, 1, 0, 0, 0, 1),
            ["RightUpperLeg"] = CFrame.new(-1.1920928955078125e-07, -9.057112038135529e-08, -3.149762051180005e-08, 0.8774940371513367, -0.46949416399002075, 0.09787438064813614, 0.42682111263275146, 0.6714501976966858, -0.6057875752449036, 0.21869593858718872, 0.5733497738838196, 0.7895834445953369),
            ["LeftUpperArm"] = CFrame.new(0, -4.76837158203125e-07, 5.21540641784668e-08, 0.901178240776062, 0.42182326316833496, -0.09971419721841812, -0.1838647723197937, 0.5803437232971191, 0.7933441400527954, 0.3925195038318634, -0.6966105699539185, 0.6005516052246094),
            ["RightLowerArm"] = CFrame.new(-5.960464477539063e-08, -5.960464477539063e-08, -2.9802322387695312e-08, 1, -1.0634536806719552e-07, 1.1012889444828033e-07, 1.0384245285877114e-07, -0.0970863401889801, -0.9952759742736816, 1.317821300972355e-07, 0.9952760338783264, -0.0970863401889801),
            ["LeftHand"] = CFrame.new(-7.450580596923828e-08, 3.5762786865234375e-07, 3.5762786865234375e-07, 0.9371805191040039, -0.3486559987068176, 0.011478464119136333, 0.34648481011390686, 0.9265145063400269, -0.14669431746006012, 0.040510695427656174, 0.14145630598068237, 0.989115297794342),
            ["RightHand"] = CFrame.new(1.0803341865539551e-07, -5.960464477539063e-08, -2.537854015827179e-08, 0.8688497543334961, 0.4923596978187561, -0.051786646246910095, -0.44064298272132874, 0.7213941812515259, -0.53425133228302, -0.22568553686141968, 0.48700347542762756, 0.8437379002571106),
            ["RightUpperArm"] = CFrame.new(1.1920928955078125e-07, 0, 2.9802322387695312e-08, 0.1979396939277649, -0.9610559344291687, 0.1928505301475525, 0.9621297121047974, 0.15287233889102936, -0.22569146752357483, 0.18742062151432037, 0.23022052645683289, 0.9549199938774109),
            ["RightLowerLeg"] = CFrame.new(1.1920928955078125e-07, -0.00006031990051269531, -0.00007206032023532316, 1, -1.422304194420576e-07, -1.192093321833454e-07, 1.9371512394172896e-07, 0.3224945664405823, 0.9465712308883667, -8.940698137394065e-08, -0.9465712904930115, 0.3224949538707733),
            ["LeftUpperLeg"] = CFrame.new(8.940696716308594e-08, -1.4121178537607193e-07, -1.4901161193847656e-08, 0.9249886274337769, -0.20568116009235382, 0.3195173740386963, 0.2349422574043274, 0.9704257845878601, -0.055460456758737564, -0.2986607551574707, 0.12636840343475342, 0.9459560513496399),
            ["LeftLowerLeg"] = CFrame.new(-3.841705620288849e-08, 0.0000603795051574707, 0.00007209368050098419, 1, 1.3853425073762082e-08, 4.2855399229324576e-09, -1.4435496353826238e-08, 0.9900736212730408, 0.1405496895313263, 1.4697430827936842e-08, -0.1405496895313263, 0.9900736808776855),
        }},
        {Time = 0.100, Data = {
            ["RightFoot"] = CFrame.new(-6.705522537231445e-08, 2.980232238769531e-07, 6.083428161218762e-08, 0.9451554417610168, 0.15936189889907837, 0.2851051092147827, -0.24960258603096008, 0.9154118895530701, 0.3157840669155121, -0.21066497266292572, -0.36962810158729553, 0.9049837589263916),
            ["LeftLowerArm"] = CFrame.new(8.940696716308594e-08, 0, 1.7881393432617188e-07, 1, -3.725290742551124e-09, 1.86264600188224e-07, 1.3224783401710738e-07, -0.12811501324176788, -0.9917594194412231, 2.980232949312267e-08, 0.9917593598365784, -0.12811492383480072),
            ["LeftFoot"] = CFrame.new(2.1012965589761734e-08, 0, -8.032657206058502e-09, 0.9968910217285156, 0.03480805829167366, -0.07068786025047302, 0.0027658622711896896, 0.8811193704605103, 0.4728860855102539, 0.07874482870101929, -0.471611350774765, 0.8782836198806763),
            ["Head"] = CFrame.new(-1.30385160446167e-07, 0, -7.450580596923828e-09, 0.9059193134307861, 0.08625791221857071, 0.4145720899105072, -0.20360326766967773, 0.9471646547317505, 0.24784037470817566, -0.37128984928131104, -0.3089314103126526, 0.8756170272827148),
            ["LowerTorso"] = CFrame.new(-0.07313812524080276, 0.05123186111450195, 0.07774576544761658, 0.9356976747512817, 0.2560972571372986, -0.24266037344932556, -0.26275959610939026, 0.964847981929779, 0.005074465647339821, 0.23542992770671844, 0.05901316925883293, 0.970098078250885),
            ["UpperTorso"] = CFrame.new(-6.51925802230835e-08, 4.470348358154297e-07, -1.7229467630386353e-08, 0.8805264830589294, -0.43303748965263367, -0.19274812936782837, 0.4184180498123169, 0.9011755585670471, -0.11317719519138336, 0.2227097600698471, 0.01900625042617321, 0.9746995568275452),
            ["HumanoidRootPart"] = CFrame.new(0, 0, 0, 1, 0, 0, 0, 1, 0, 0, 0, 1),
            ["RightUpperLeg"] = CFrame.new(5.960464477539063e-08, 1.909211277961731e-07, -1.3802491594105959e-08, 0.8004134893417358, -0.5984961986541748, 0.03377362713217735, 0.4120372235774994, 0.5083774328231812, -0.7561600208282471, 0.43538904190063477, 0.619156539440155, 0.6535148024559021),
            ["LeftUpperArm"] = CFrame.new(-1.1920928955078125e-07, -5.960464477539062e-07, -7.450580596923828e-09, 0.885943591594696, 0.4564668536186218, -0.08210926502943039, -0.18132992088794708, 0.5038542747497559, 0.8445415496826172, 0.42687633633613586, -0.733327329158783, 0.5291575193405151),
            ["RightLowerArm"] = CFrame.new(7.748603820800781e-07, -1.7881393432617188e-07, -2.7194619178771973e-07, 1, -1.1065274918564683e-07, 1.043081283569336e-07, 1.378357268322361e-07, 0.02529006265103817, -0.9996801614761353, 1.5506519446262246e-07, 0.99968022108078, 0.02529006078839302),
            ["LeftHand"] = CFrame.new(2.086162567138672e-07, -2.980232238769531e-07, -2.086162567138672e-07, 0.9406049847602844, -0.3294920325279236, -0.08183800429105759, 0.31664541363716125, 0.9383607506752014, -0.13861778378486633, 0.12246696650981903, 0.10447096824645996, 0.9869588017463684),
            ["RightHand"] = CFrame.new(6.034970283508301e-07, 5.960464477539063e-08, 1.7136335372924805e-07, 0.9018078446388245, 0.42252418398857117, -0.09064259380102158, -0.40335872769355774, 0.7477599382400513, -0.527405858039856, -0.15506291389465332, 0.5121802091598511, 0.8447645306587219),
            ["RightUpperArm"] = CFrame.new(0, -2.384185791015625e-07, -5.21540641784668e-08, 0.23437055945396423, -0.9167664647102356, 0.3234342038631439, 0.8575777411460876, 0.038278475403785706, -0.5129281878471375, 0.4578548073768616, 0.3975851535797119, 0.7951698303222656),
            ["RightLowerLeg"] = CFrame.new(0, -0.0000603795051574707, -0.00007183680281741545, 1, -1.1920923270736239e-07, -9.685761881428334e-08, 1.4901161193847656e-07, 0.20230406522750854, 0.9793227910995483, -1.4901161193847656e-07, -0.9793227910995483, 0.2023044228553772),
            ["LeftUpperLeg"] = CFrame.new(-1.7881393432617188e-07, 4.4191256165504456e-07, -2.60770320892334e-08, 0.9009608626365662, -0.2510319948196411, 0.353910356760025, 0.22687579691410065, 0.9678145051002502, 0.1089150682091713, -0.3698607385158539, -0.01783449947834015, 0.9289160966873169),
            ["LeftLowerLeg"] = CFrame.new(-4.889443516731262e-08, 0.00006026029586791992, 0.00007209368050098419, 1, 0, -3.442983143031597e-08, -2.3283064365386963e-10, 0.9999851584434509, 0.005462939850986004, 9.924406185746193e-09, -0.005462940316647291, 0.9999850988388062),
        }},
        {Time = 0.133, Data = {
            ["RightFoot"] = CFrame.new(-2.9802322387695312e-08, 3.5762786865234375e-07, 3.149762051180005e-08, 0.9610843658447266, -0.07487793266773224, 0.26591405272483826, -0.07108914852142334, 0.8631162643432617, 0.4999767243862152, -0.2669519782066345, -0.49942338466644287, 0.8242045640945435),
            ["LeftLowerArm"] = CFrame.new(0, -3.5762786865234375e-07, -1.043081283569336e-07, 1, -7.450580596923828e-09, 1.3224783401710738e-07, 7.450580596923828e-09, -0.11620336771011353, -0.9932255148887634, 5.21540641784668e-08, 0.9932255148887634, -0.11620338261127472),
            ["LeftFoot"] = CFrame.new(2.1653249859809875e-08, 1.1920928955078125e-07, 0, 0.9949339628219604, 0.04867030680179596, -0.08796435594558716, -0.03587138280272484, 0.9892696142196655, 0.1416299194097519, 0.09391361474990845, -0.1377568244934082, 0.9860036969184875),
            ["Head"] = CFrame.new(9.12696123123169e-08, 5.960464477539062e-07, 3.725290298461914e-09, 0.8628251552581787, 0.06680925190448761, 0.501068115234375, -0.19604888558387756, 0.9578714370727539, 0.20987430214881897, -0.46593740582466125, -0.27931854128837585, 0.8395734429359436),
            ["LowerTorso"] = CFrame.new(-0.08832459896802902, 0.10065007209777832, 0.07353883981704712, 0.9225202202796936, 0.22356529533863068, -0.31460291147232056, -0.23528973758220673, 0.9719250202178955, 0.0007283893064595759, 0.30593326687812805, 0.07335088402032852, 0.9492231011390686),
            ["UpperTorso"] = CFrame.new(2.3515895009040833e-08, -1.4901161193847656e-07, 1.3242242857813835e-08, 0.8717952370643616, -0.4314955174922943, -0.2319154590368271, 0.4091808795928955, 0.9017178416252136, -0.13955621421337128, 0.2693401873111725, 0.02676907740533352, 0.962673008441925),
            ["HumanoidRootPart"] = CFrame.new(0, 0, 0, 1, 0, 0, 0, 1, 0, 0, 0, 1),
            ["RightUpperLeg"] = CFrame.new(-5.960464477539063e-08, -1.3969838619232178e-07, 1.7047568690031767e-08, 0.7119980454444885, -0.6976118087768555, -0.07997824996709824, 0.2689531743526459, 0.37615180015563965, -0.8866646885871887, 0.6486316919326782, 0.6097931861877441, 0.45544421672821045),
            ["LeftUpperArm"] = CFrame.new(1.1920928955078125e-07, 1.1920928955078125e-07, -4.470348358154297e-08, 0.9023642539978027, 0.4296490252017975, -0.03377040848135948, -0.19086959958076477, 0.4686642587184906, 0.8625094890594482, 0.3864033818244934, -0.7718519568443298, 0.504912793636322),
            ["RightLowerArm"] = CFrame.new(3.5762786865234375e-07, -5.960464477539063e-08, 3.129243850708008e-07, 1, -2.7939677238464355e-08, 3.725290298461914e-08, 4.4121410525121973e-08, 0.07496634125709534, -0.9971861243247986, 4.0978196835794733e-08, 0.9971860647201538, 0.07496635615825653),
            ["LeftHand"] = CFrame.new(-2.980232238769531e-07, 2.384185791015625e-07, -5.960464477539063e-08, 0.9330984950065613, -0.3426485061645508, -0.10917606204748154, 0.3208220899105072, 0.9303054809570312, -0.17777816951274872, 0.1624823808670044, 0.1308584362268448, 0.977995753288269),
            ["RightHand"] = CFrame.new(-3.5762786865234375e-07, 1.1920928955078125e-07, 4.284083843231201e-08, 0.9372037053108215, 0.33600232005119324, -0.09355057030916214, -0.337007999420166, 0.8032788038253784, -0.4910895824432373, -0.08986009657382965, 0.491778165102005, 0.8660712242126465),
            ["RightUpperArm"] = CFrame.new(0, 2.384185791015625e-07, 1.4901161193847656e-08, 0.3254304826259613, -0.8310904502868652, 0.4509809613227844, 0.7345656156539917, -0.07811765372753143, -0.6740260720252991, 0.5954061150550842, 0.5506237149238586, 0.5850685238838196),
            ["RightLowerLeg"] = CFrame.new(-1.043081283569336e-07, -0.000060439109802246094, -0.00007181072578532621, 1, -1.415610029198433e-07, -1.9371513815258368e-07, 1.8626454334480513e-07, 0.05860815942287445, 0.9982811212539673, -7.450581307466564e-08, -0.9982810616493225, 0.05860845744609833),
            ["LeftUpperLeg"] = CFrame.new(8.940696716308594e-08, 4.307366907596588e-07, 8.847564458847046e-09, 0.8911411762237549, -0.11100701242685318, 0.4399375319480896, 0.16854603588581085, 0.9812184572219849, -0.09382283687591553, -0.4212597906589508, 0.15775913000106812, 0.8931138515472412),
            ["LeftLowerLeg"] = CFrame.new(2.60770320892334e-08, 0.00006031990051269531, 0.00007203221321105957, 1, 3.5390250729960826e-08, 9.313225746154785e-09, -4.842878098543224e-08, 0.8919726014137268, 0.45208942890167236, 1.3038517820973539e-08, -0.45208942890167236, 0.8919727206230164),
        }},
        {Time = 0.167, Data = {
            ["RightFoot"] = CFrame.new(-4.284083843231201e-08, 2.980232238769531e-07, 1.6188278095796704e-07, 0.9601805806159973, -0.21122007071971893, 0.18286584317684174, 0.079750195145607, 0.8345234394073486, 0.5451703071594238, -0.2677557170391083, -0.5088779330253601, 0.8181378245353699),
            ["LeftLowerArm"] = CFrame.new(-2.384185791015625e-07, 4.76837158203125e-07, 2.682209014892578e-07, 1, -6.332991375757047e-08, 1.1175869474300271e-07, 6.332992796842518e-08, -0.06786105781793594, -0.9976948499679565, 6.70552182668871e-08, 0.9976948499679565, -0.06786102056503296),
            ["LeftFoot"] = CFrame.new(8.312053978443146e-08, 1.7881393432617188e-07, 1.4901161193847656e-08, 0.9939666390419006, 0.053224314004182816, -0.09590337425470352, -0.05123354494571686, 0.998419463634491, 0.023103751242160797, 0.09698151797056198, -0.01805124245584011, 0.995122492313385),
            ["Head"] = CFrame.new(1.4901161193847656e-08, 7.152557373046875e-07, 1.862645149230957e-08, 0.8459397554397583, 0.053660884499549866, 0.5305719971656799, -0.16150043904781342, 0.9739817380905151, 0.15898869931697845, -0.5082359313964844, -0.22018234431743622, 0.8325958847999573),
            ["LowerTorso"] = CFrame.new(-0.08492933213710785, 0.12569260597229004, 0.07011296600103378, 0.9123573303222656, 0.17566123604774475, -0.36979374289512634, -0.19234177470207214, 0.9812920093536377, -0.008408520370721817, 0.3613986074924469, 0.0787983387708664, 0.9290758371353149),
            ["UpperTorso"] = CFrame.new(3.632158041000366e-08, 5.960464477539063e-08, 1.30385160446167e-08, 0.8851580023765564, -0.39377492666244507, -0.24786433577537537, 0.3730308711528778, 0.9189745783805847, -0.12780354917049408, 0.2781068980693817, 0.020665310323238373, 0.9603279232978821),
            ["HumanoidRootPart"] = CFrame.new(0, 0, 0, 1, 0, 0, 0, 1, 0, 0, 0, 1),
            ["RightUpperLeg"] = CFrame.new(0, 2.0489096641540527e-07, -1.287116901949048e-08, 0.6364558935165405, -0.751010537147522, -0.17580361664295197, 0.1341283619403839, 0.3322189748287201, -0.9336166977882385, 0.7595613598823547, 0.5706257224082947, 0.3121744692325592),
            ["LeftUpperArm"] = CFrame.new(-1.1920928955078125e-07, 0, 1.043081283569336e-07, 0.9049760103225708, 0.42358657717704773, -0.0399111844599247, -0.20110459625720978, 0.5085368752479553, 0.8372259140014648, 0.37493401765823364, -0.7496430277824402, 0.5453988909721375),
            ["RightLowerArm"] = CFrame.new(-2.980232238769531e-07, 1.1920928955078125e-07, 5.364418029785156e-07, 1, -1.4528629321830522e-07, 8.568168397005138e-08, 8.940698137394065e-08, 0.14259769022464752, -0.9897807836532593, 7.450581307466564e-08, 0.9897807240486145, 0.14259770512580872),
            ["LeftHand"] = CFrame.new(5.960464477539063e-08, -4.76837158203125e-07, -8.940696716308594e-08, 0.9236642122268677, -0.3718050420284271, -0.09276632219552994, 0.35207048058509827, 0.9189608693122864, -0.17764410376548767, 0.15129731595516205, 0.13142333924770355, 0.9797126650810242),
            ["RightHand"] = CFrame.new(5.21540641784668e-07, -5.364418029785156e-07, 3.390014171600342e-07, 0.9731314182281494, 0.22224634885787964, -0.060181260108947754, -0.22206458449363708, 0.836834728717804, -0.5003944039344788, -0.06084892898797989, 0.5003139972686768, 0.8637034296989441),
            ["RightUpperArm"] = CFrame.new(0, 1.1920928955078125e-07, 1.043081283569336e-07, 0.42025986313819885, -0.7619652152061462, 0.49273768067359924, 0.6150897145271301, -0.16000856459140778, -0.7720506191253662, 0.6671180129051208, 0.6275398135185242, 0.401431679725647),
            ["RightLowerLeg"] = CFrame.new(4.0046870708465576e-08, -0.000060498714447021484, -0.00007201678090495989, 1, -1.0570512642971153e-07, -2.0640440823171957e-07, 1.910376141722736e-07, -0.05623747035861015, 0.9984174370765686, -1.0617080903330134e-07, -0.9984174370765686, -0.05623729154467583),
            ["LeftUpperLeg"] = CFrame.new(0, 1.6763806343078613e-08, -1.30385160446167e-08, 0.8885977864265442, -0.005355095490813255, 0.4586559534072876, 0.08971051871776581, 0.9826497435569763, -0.16233167052268982, -0.4498288035392761, 0.18539389967918396, 0.8736608624458313),
            ["LeftLowerLeg"] = CFrame.new(1.043081283569336e-07, 0.00006031990051269531, 0.00007203221321105957, 1, 3.3527612686157227e-08, 2.6077035641947077e-08, -5.02914261346632e-08, 0.8096569180488586, 0.5869035124778748, 2.0489098417897367e-08, -0.58690345287323, 0.8096569776535034),
        }},
        {Time = 0.200, Data = {
            ["RightFoot"] = CFrame.new(7.450580596923828e-09, 2.384185791015625e-07, 1.3208045857027173e-07, 0.9650657773017883, -0.22678925096988678, 0.13120558857917786, 0.14068320393562317, 0.8709893226623535, 0.47072914242744446, -0.22103478014469147, -0.4358260929584503, 0.8724672794342041),
            ["LeftLowerArm"] = CFrame.new(0, 1.1920928955078125e-07, -6.258487701416016e-07, 1, -9.313224325069314e-08, 2.6077040971017595e-08, -1.4901161193847656e-08, -0.02400808408856392, -0.999711811542511, 4.470348358154297e-08, 0.9997117519378662, -0.024008141830563545),
            ["LeftFoot"] = CFrame.new(-2.5349436327815056e-08, 1.1920928955078125e-07, 0, 0.994473397731781, 0.05724610015749931, -0.08800995349884033, -0.05028855800628662, 0.9955787062644958, 0.07933571934700012, 0.09216251224279404, -0.07447142899036407, 0.9929552674293518),
            ["Head"] = CFrame.new(7.264316082000732e-08, 0, 2.60770320892334e-08, 0.848935604095459, 0.05103587359189987, 0.5260264277458191, -0.12907801568508148, 0.9852061867713928, 0.11272844672203064, -0.5124912858009338, -0.16359750926494598, 0.8429641127586365),
            ["LowerTorso"] = CFrame.new(-0.07038099318742752, 0.1282510757446289, 0.06819746643304825, 0.9006289839744568, 0.1190817579627037, -0.41795584559440613, -0.13942167162895203, 0.9900630712509155, -0.01834820583462715, 0.4116177558898926, 0.07479702681303024, 0.9082820415496826),
            ["UpperTorso"] = CFrame.new(3.5390257835388184e-08, 5.960464477539063e-08, 4.6566128730773926e-09, 0.9154781699180603, -0.3261348605155945, -0.23566031455993652, 0.3103277087211609, 0.9450985193252563, -0.1023985892534256, 0.2561179995536804, 0.020611708983778954, 0.9664258360862732),
            ["HumanoidRootPart"] = CFrame.new(0, 0, 0, 1, 0, 0, 0, 1, 0, 0, 0, 1),
            ["RightUpperLeg"] = CFrame.new(-2.9802322387695312e-08, 1.1734664440155029e-07, 2.029992174357176e-09, 0.6189637184143066, -0.7490208745002747, -0.23632974922657013, 0.0535181500017643, 0.3404181897640228, -0.9387499094009399, 0.7835941314697266, 0.5684041976928711, 0.25079265236854553),
            ["LeftUpperArm"] = CFrame.new(5.960464477539063e-08, 3.5762786865234375e-07, -1.043081283569336e-07, 0.9036449193954468, 0.4197252690792084, -0.08518562465906143, -0.18294045329093933, 0.5581207871437073, 0.8093417286872864, 0.38724496960639954, -0.7157735824584961, 0.5811277627944946),
            ["RightLowerArm"] = CFrame.new(-7.748603820800781e-07, -5.960464477539063e-08, 2.682209014892578e-07, 1, 3.725290653733282e-08, 8.381903882082042e-08, 1.0430814256778831e-07, 0.2241433560848236, -0.9745562076568604, 0, 0.9745562672615051, 0.22414331138134003),
            ["LeftHand"] = CFrame.new(-4.470348358154297e-08, 5.960464477539063e-08, 2.384185791015625e-07, 0.9136837720870972, -0.3991676867008209, -0.0764668807387352, 0.3843967318534851, 0.9098284244537354, -0.1563701033592224, 0.13198941946029663, 0.11347957700490952, 0.984734058380127),
            ["RightHand"] = CFrame.new(-4.470348358154297e-08, -0.0000011324882507324219, 2.551823854446411e-07, 0.9963043332099915, 0.08556251227855682, -0.0075437938794493675, -0.07647379487752914, 0.8436142206192017, -0.5314760804176331, -0.03911047801375389, 0.5300887823104858, 0.8470396995544434),
            ["RightUpperArm"] = CFrame.new(1.1920928955078125e-07, -2.384185791015625e-07, -4.470348358154297e-08, 0.502126157283783, -0.6999619007110596, 0.5078608393669128, 0.5021803975105286, -0.24209798872470856, -0.8301828503608704, 0.7040483951568604, 0.6718942523002625, 0.2299433797597885),
            ["RightLowerLeg"] = CFrame.new(2.2351741790771484e-08, -0.00006014108657836914, -0.00007236253441078588, 1, -1.601874686230076e-07, -1.9557778330181463e-07, 1.91852478792498e-07, -0.1583920270204544, 0.9873763918876648, -1.6763807764164085e-07, -0.9873763918876648, -0.15839186310768127),
            ["LeftUpperLeg"] = CFrame.new(-5.960464477539063e-08, -2.0582228899002075e-07, -3.725290298461914e-09, 0.8871402144432068, 0.09078908711671829, 0.45248177647590637, 0.0034816290717571974, 0.9791139960289001, -0.20328234136104584, -0.4614870548248291, 0.1819152981042862, 0.8682951927185059),
            ["LeftLowerLeg"] = CFrame.new(1.1175870895385742e-07, 0.00006085634231567383, 0.00007209368050098419, 1, 6.705523958316917e-08, 2.2351741790771484e-08, -6.426125054304066e-08, 0.7724133133888245, 0.6351203322410583, 3.352760913344355e-08, -0.6351203322410583, 0.7724132537841797),
        }},
        {Time = 0.233, Data = {
            ["RightFoot"] = CFrame.new(7.450580596923828e-09, 2.980232238769531e-07, -2.0656443666666746e-08, 0.9764316082000732, -0.18828034400939941, 0.10550758242607117, 0.14372994005680084, 0.9319424033164978, 0.33290374279022217, -0.16100628674030304, -0.3098931908607483, 0.9370396733283997),
            ["LeftLowerArm"] = CFrame.new(2.9802322387695312e-08, 1.7881393432617188e-07, -4.172325134277344e-07, 1, -1.266598843585598e-07, 1.1175870895385742e-07, 8.195637946073475e-08, 0.08917244523763657, -0.9960162043571472, 1.341104365337742e-07, 0.996016263961792, 0.08917248249053955),
            ["LeftFoot"] = CFrame.new(-1.2951204553246498e-08, 5.960464477539063e-08, 1.3969838619232178e-08, 0.9957109689712524, 0.0555562824010849, -0.07398056238889694, -0.04595581814646721, 0.9910058975219727, 0.12567956745624542, 0.08029749244451523, -0.1217411682009697, 0.9893086552619934),
            ["Head"] = CFrame.new(-1.4901161193847656e-08, 3.5762786865234375e-07, -7.450580596923828e-09, 0.8616154789924622, 0.027341917157173157, 0.5068247318267822, -0.08025814592838287, 0.9933246970176697, 0.08285383135080338, -0.5011762380599976, -0.11206482350826263, 0.8580582737922668),
            ["LowerTorso"] = CFrame.new(-0.052612386643886566, 0.10863280296325684, 0.07224944233894348, 0.8845348358154297, 0.05087358504533768, -0.4636918604373932, -0.06801773607730865, 0.9974773526191711, -0.020312651991844177, 0.4614887535572052, 0.04950651526451111, 0.8857637047767639),
            ["UpperTorso"] = CFrame.new(0, -2.384185791015625e-07, 8.381903171539307e-09, 0.9513598680496216, -0.23351265490055084, -0.2009635865688324, 0.22093331813812256, 0.9717317819595337, -0.08322201669216156, 0.21471615135669708, 0.03477449715137482, 0.9760572910308838),
            ["HumanoidRootPart"] = CFrame.new(0, 0, 0, 1, 0, 0, 0, 1, 0, 0, 0, 1),
            ["RightUpperLeg"] = CFrame.new(5.960464477539063e-08, -2.207234501838684e-07, -9.145878721028566e-09, 0.6388862729072571, -0.7097703218460083, -0.2967328131198883, -0.02454705722630024, 0.3667128086090088, -0.9300103187561035, 0.7689095139503479, 0.6014547348022461, 0.21686485409736633),
            ["LeftUpperArm"] = CFrame.new(0, 9.5367431640625e-07, -2.9802322387695312e-08, 0.8931449055671692, 0.424007385969162, -0.15003377199172974, -0.1673477739095688, 0.6229115128517151, 0.7641832232475281, 0.4174770414829254, -0.6574185490608215, 0.6273069381713867),
            ["RightLowerArm"] = CFrame.new(-8.940696716308594e-08, 4.172325134277344e-07, 2.980232238769531e-07, 1, -9.872017159295865e-08, 4.9360089349193004e-08, 8.940694584680386e-08, 0.3004196882247925, -0.9538071155548096, 6.705521116145974e-08, 0.9538071751594543, 0.3004196584224701),
            ["LeftHand"] = CFrame.new(-5.960464477539063e-08, -1.1920928955078125e-07, 2.384185791015625e-07, 0.89534991979599, -0.44394543766975403, -0.03551384434103966, 0.4312165677547455, 0.8840870261192322, -0.18011809885501862, 0.11135992407798767, 0.14595447480678558, 0.9830037355422974),
            ["RightHand"] = CFrame.new(-3.501772880554199e-07, -0.0000010132789611816406, 1.6205012798309326e-07, 0.996221125125885, -0.05969151854515076, 0.06309029459953308, 0.08473121374845505, 0.8275398015975952, -0.5549764037132263, -0.019082237035036087, 0.5582246780395508, 0.8294702768325806),
            ["RightUpperArm"] = CFrame.new(0, 2.384185791015625e-07, 5.960464477539063e-08, 0.5704198479652405, -0.6385532021522522, 0.5165953636169434, 0.42154446244239807, -0.312200665473938, -0.8513702750205994, 0.704926609992981, 0.7034065127372742, 0.09109287708997726),
            ["RightLowerLeg"] = CFrame.new(0, -0.000060439109802246094, -0.00007162283145589754, 1, -1.0430807861894209e-07, -1.3411049337719305e-07, 1.30385160446167e-07, -0.2554245591163635, 0.9668290615081787, -1.3224780559539795e-07, -0.9668290019035339, -0.2554244101047516),
            ["LeftUpperLeg"] = CFrame.new(-5.960464477539063e-08, -2.0023435354232788e-07, 2.2351741790771484e-08, 0.881088137626648, 0.20443809032440186, 0.42648428678512573, -0.09582394361495972, 0.9602119326591492, -0.2623181641101837, -0.46314308047294617, 0.1902579963207245, 0.8656213879585266),
            ["LeftLowerLeg"] = CFrame.new(1.126900315284729e-07, 0.000060558319091796875, 0.00007203035056591034, 1, 7.008202373981476e-08, 3.259629011154175e-08, -7.892958109323445e-08, 0.7258767485618591, 0.6878248453140259, 2.4214383387288763e-08, -0.6878248453140259, 0.7258767485618591),
        }},
        {Time = 0.267, Data = {
            ["RightFoot"] = CFrame.new(7.450580596923828e-09, 2.384185791015625e-07, -5.045876605436206e-08, 0.9887055158615112, -0.12446333467960358, 0.08348754048347473, 0.1069929450750351, 0.9762588143348694, 0.18833792209625244, -0.10494714975357056, -0.17727848887443542, 0.9785493612289429),
            ["LeftLowerArm"] = CFrame.new(-1.4901161193847656e-07, 3.5762786865234375e-07, -7.450580596923828e-07, 1, -1.378357268322361e-07, 2.60770320892334e-08, 2.9802322387695312e-08, 0.19564002752304077, -0.9806758165359497, 1.043081283569336e-07, 0.9806757569313049, 0.19564005732536316),
            ["LeftFoot"] = CFrame.new(1.1816155165433884e-07, -5.960464477539063e-08, 1.1175870895385742e-08, 0.9966621398925781, 0.048195041716098785, -0.06589362025260925, -0.038650065660476685, 0.9895172715187073, 0.13914711773395538, 0.07190897315740585, -0.13613559305667877, 0.9880769848823547),
            ["Head"] = CFrame.new(3.3527612686157227e-08, -2.384185791015625e-07, 1.4901161193847656e-08, 0.8760711550712585, 0.0049526020884513855, 0.4821564853191376, -0.03699159994721413, 0.9976906180381775, 0.056965216994285583, -0.4807608425617218, -0.06774121522903442, 0.8742311596870422),
            ["LowerTorso"] = CFrame.new(-0.036825139075517654, 0.06976318359375, 0.07915280759334564, 0.8660942316055298, -0.00669963750988245, -0.4998360276222229, -0.0006646174006164074, 0.9998939037322998, -0.014553869143128395, 0.49988046288490295, 0.012937220744788647, 0.865997850894928),
            ["UpperTorso"] = CFrame.new(5.587935447692871e-09, -2.384185791015625e-07, 3.725290298461914e-09, 0.9778630137443542, -0.1429910957813263, -0.1527661681175232, 0.1326543241739273, 0.9882526993751526, -0.07589091360569, 0.1618233621120453, 0.05394580960273743, 0.9853441119194031),
            ["HumanoidRootPart"] = CFrame.new(0, 0, 0, 1, 0, 0, 0, 1, 0, 0, 0, 1),
            ["RightUpperLeg"] = CFrame.new(5.960464477539063e-08, -3.83937731385231e-07, 9.480572771281004e-09, 0.6705996990203857, -0.6515300869941711, -0.35468950867652893, -0.09544650465250015, 0.3983791768550873, -0.9122412800788879, 0.7356535196304321, 0.6456025242805481, 0.20496658980846405),
            ["LeftUpperArm"] = CFrame.new(0, -2.384185791015625e-07, 1.341104507446289e-07, 0.8728042244911194, 0.42883962392807007, -0.23304349184036255, -0.15594221651554108, 0.6974765658378601, 0.6994343996047974, 0.4624875783920288, -0.5741280317306519, 0.6756348013877869),
            ["RightLowerArm"] = CFrame.new(2.980232238769531e-07, -7.152557373046875e-07, -6.258487701416016e-07, 1, -1.5307155365462677e-07, 6.915070827062664e-08, 8.149073238428173e-08, 0.3859345316886902, -0.9225262403488159, 2.5727789676466273e-08, 0.9225261211395264, 0.38593462109565735),
            ["LeftHand"] = CFrame.new(7.450580596923828e-08, 5.364418029785156e-07, -3.8743019104003906e-07, 0.8739381432533264, -0.485807865858078, 0.01492287963628769, 0.48015034198760986, 0.8581820726394653, -0.1816018521785736, 0.07541696727275848, 0.1658739447593689, 0.9832589626312256),
            ["RightHand"] = CFrame.new(1.0349322110414505e-07, 1.7881393432617188e-07, -1.1548399925231934e-07, 0.9692960381507874, -0.19838504493236542, 0.14528830349445343, 0.2458963245153427, 0.7808986306190491, -0.5742232799530029, 0.0004618801176548004, 0.5923181176185608, 0.8057040572166443),
            ["RightUpperArm"] = CFrame.new(-1.1920928955078125e-07, -3.5762786865234375e-07, 4.470348358154297e-08, 0.6332841515541077, -0.5834159255027771, 0.5085048079490662, 0.36693158745765686, -0.3521621823310852, -0.8610127568244934, 0.681404709815979, 0.7318521738052368, -0.008945012465119362),
