return {
    ["You Want Me"] = {
        {Time = 0.000, Data = {
            ["RightFoot"] = CFrame.new(-8.364440873265266e-08, 2.980232238769531e-07, 1.6952981241047382e-09, 0.9605449438095093, 0.25614070892333984, -0.10837829858064651, -0.2767963111400604, 0.9184350967407227, -0.28259578347206116, 0.027153944596648216, 0.301444947719574, 0.9530969858169556),
            ["LeftLowerArm"] = CFrame.new(3.2782554626464844e-07, 0.0000010132789611816406, -2.086162567138672e-07, 1, -1.1920919007479824e-07, 5.9604587931971764e-08, 1.341104507446289e-07, 0.043907709419727325, -0.9990355968475342, 8.195638656616211e-08, 0.999035656452179, 0.04390769079327583),
            ["RightUpperArm"] = CFrame.new(-1.1920928955078125e-07, -1.1920928955078125e-07, 0, 0.9982513785362244, -0.05040837079286575, -0.030875008553266525, 0.04558949917554855, 0.989001989364624, -0.1407012939453125, 0.03762790560722351, 0.13904768228530884, 0.9895706176757812),
            ["Head"] = CFrame.new(2.7939677238464355e-08, -4.76837158203125e-07, 2.0838342607021332e-07, 0.9999813437461853, -0.001584490411914885, 0.005900363903492689, 0.0014962045243009925, 0.9998874068260193, 0.01493324525654316, -0.005923413671553135, -0.014924157410860062, 0.9998711347579956),
            ["RightHand"] = CFrame.new(2.3469328880310059e-07, 5.960464477539063e-08, -6.016343832015991e-07, 0.9766343832015991, 0.20389385521411896, -0.06791562587022781, -0.21036534011363983, 0.9716295003890991, -0.10808645188808441, 0.04395066946744919, 0.11984807252883911, 0.9918190240859985),
            ["UpperTorso"] = CFrame.new(-2.8870999813079834e-08, 6.854534149169922e-07, 6.85686245560646e-08, 0.9849591851234436, 0.144154891371727, 0.09526152908802032, -0.15125057101249695, 0.9858707785606384, 0.07198663800954819, -0.08353834599256516, -0.08531225472688675, 0.9928459525108337),
            ["HumanoidRootPart"] = CFrame.new(0, 0, 0, 1, 0, 0, 0, 1, 0, 0, 0, 1),
            ["RightUpperLeg"] = CFrame.new(4.172325134277344e-07, 2.60770320892334e-07, -1.2369855539873242e-07, 0.9824684262275696, -0.18206553161144257, -0.04009898751974106, 0.18467430770397186, 0.9798848032951355, 0.07563915848731995, 0.025521133095026016, -0.08171841502189636, 0.9963287115097046),
            ["LeftUpperArm"] = CFrame.new(2.384185791015625e-07, -7.152557373046875e-07, -4.470348358154297e-08, 0.6877764463424683, 0.6756055355072021, -0.26555779576301575, -0.4879814088344574, 0.7011270523071289, 0.5198989510536194, 0.5374361872673035, -0.22798700630664825, 0.8119016885757446),
            ["RightLowerArm"] = CFrame.new(1.7881393432617188e-07, 0.0000011920928955078125, -4.842877388000488e-07, 1, -8.576894572343008e-08, 8.486667724127983e-08, 8.544886753725223e-08, 0.019832933321595192, -0.999803364276886, 7.956989378499202e-08, 0.999803364276886, 0.019832933321595192),
            ["LeftHand"] = CFrame.new(-8.940696716308594e-07, 1.7881393432617188e-07, -5.066394805908203e-07, 0.8964020609855652, -0.3198413550853729, -0.3068631887435913, 0.3867363929748535, 0.9026320576667786, 0.18891900777816772, 0.21656034886837006, -0.2880224287509918, 0.932815432548523),
            ["LeftFoot"] = CFrame.new(-3.725290298461914e-09, 5.960464477539063e-08, -1.4901161193847656e-08, 0.9828564524650574, -0.08125969767570496, 0.16549943387508392, 0.15994827449321747, 0.8222700953483582, -0.546157956123352, -0.09170480072498322, 0.5632663369178772, 0.8211708664894104),
            ["LowerTorso"] = CFrame.new(-0.0782269611954689, -0.15581870079040527, -0.4418949782848358, 0.9959666728973389, -0.0890539363026619, 0.010952964425086975, 0.08881168067455292, 0.9958289265632629, 0.020911188796162605, -0.012769503518939018, -0.019854094833135605, 0.999721348285675),
            ["RightLowerLeg"] = CFrame.new(2.5099143385887146e-07, -0.0000035762786865234375, -0.000013306904293131083, 1, -7.613562758024273e-08, -3.259629011154175e-08, 1.760781742632389e-07, 0.9749884605407715, 0.22225531935691833, 1.862645149230957e-09, -0.22225551307201385, 0.9749885201454163),
            ["LeftUpperLeg"] = CFrame.new(-5.364418029785156e-07, 8.624047040939331e-07, -1.1222437024116516e-07, 0.9357267618179321, 0.07196325063705444, -0.34530651569366455, -0.17178556323051453, 0.9479950666427612, -0.2679457664489746, 0.30806711316108704, 0.31004276871681213, 0.8994266986846924),
            ["LeftLowerLeg"] = CFrame.new(7.450580596923828e-09, 0.000003933906555175781, 0.000013366341590881348, 1, 1.1920927533992653e-07, -2.980233304583635e-08, -7.823108916227284e-08, 0.6333460807800293, 0.7738685607910156, 1.6763804566721774e-08, -0.7738686203956604, 0.6333462595939636),
        }},
        {Time = 0.033, Data = {
            ["RightFoot"] = CFrame.new(-8.847564458847046e-09, 3.5762786865234375e-07, -3.55576048605144e-08, 0.9724369645118713, 0.22329828143119812, -0.06711851805448532, -0.23251663148403168, 0.9072054624557495, -0.3505907356739044, -0.017396047711372375, 0.3565337657928467, 0.9341205954551697),
            ["LeftLowerArm"] = CFrame.new(-2.384185791015625e-07, 0.0000014901161193847656, 5.21540641784668e-07, 1, -1.0803330496855779e-07, 1.1920921849650767e-07, 8.940694584680386e-08, 0.07569146901369095, -0.9971312880516052, 8.940694584680386e-08, 0.9971312880516052, 0.07569140940904617),
            ["RightUpperArm"] = CFrame.new(-1.1920928955078125e-07, 9.5367431640625e-07, -2.9802322387695312e-08, 0.9980269074440002, 0.0019494728185236454, -0.06275788694620132, -0.009697344154119492, 0.9923109412193298, -0.12338971346616745, 0.06203475594520569, 0.12375486642122269, 0.9903719425201416),
            ["Head"] = CFrame.new(4.470348358154297e-08, 0, 2.4354085326194763e-07, 0.9998652338981628, -0.0067347087897360325, 0.014975212514400482, 0.006460793782025576, 0.9998124241828918, 0.018262622877955437, -0.01509544812142849, -0.018163396045565605, 0.999721109867096),
            ["RightHand"] = CFrame.new(4.954636096954346e-07, 2.384185791015625e-07, -4.3958425521850586e-07, 0.9959825873374939, 0.0830431878566742, -0.03350428491830826, -0.08723319321870804, 0.9842815399169922, -0.15355929732322693, 0.02022557705640793, 0.15586508810520172, 0.9875713586807251),
            ["UpperTorso"] = CFrame.new(-3.789318725466728e-08, 2.384185791015625e-07, 3.051536623388529e-08, 0.9835450649261475, 0.15137352049350739, 0.09861647337675095, -0.1610109508037567, 0.9820308089256287, 0.09844296425580978, -0.08194276690483093, -0.1127014234662056, 0.9902442693710327),
            ["HumanoidRootPart"] = CFrame.new(0, 0, 0, 1, 0, 0, 0, 1, 0, 0, 0, 1),
            ["RightUpperLeg"] = CFrame.new(4.172325134277344e-07, -8.693896234035492e-07, 1.0644725989550352e-08, 0.9779114723205566, -0.20105400681495667, -0.05715397000312805, 0.20342078804969788, 0.9783109426498413, 0.0390876941382885, 0.04805565997958183, -0.04985075443983078, 0.9975999593734741),
            ["LeftUpperArm"] = CFrame.new(3.5762786865234375e-07, 1.1920928955078125e-07, -2.9802322387695312e-08, 0.7722684741020203, 0.6047592163085938, -0.19459620118141174, -0.46053922176361084, 0.743918240070343, 0.48424097895622253, 0.43761295080184937, -0.2843449115753174, 0.8530199527740479),
            ["RightLowerArm"] = CFrame.new(7.748603820800781e-07, -1.7881393432617188e-07, -3.46451997756958e-07, 1, -8.754429359214555e-08, 8.300401788119416e-08, 9.499491682163352e-08, 0.0768849328160286, -0.9970399737358093, 8.183997834976253e-08, 0.9970400333404541, 0.0768849179148674),
            ["LeftHand"] = CFrame.new(-5.960464477539063e-08, 3.5762786865234375e-07, -2.980232238769531e-07, 0.9325295090675354, -0.35238078236579895, -0.07884486764669418, 0.36107495427131653, 0.9122079610824585, 0.19365349411964417, 0.003683134913444519, -0.20905645191669464, 0.9778966307640076),
            ["LeftFoot"] = CFrame.new(1.862645149230957e-08, 5.960464477539063e-08, 2.9802322387695312e-08, 0.9847739338874817, -0.05609199404716492, 0.16454225778579712, 0.14280807971954346, 0.8007516264915466, -0.5817237496376038, -0.0991273894906044, 0.5963644981384277, 0.7965697646141052),
            ["LowerTorso"] = CFrame.new(-0.10906393826007843, -0.17433953285217285, -0.47461673617362976, 0.9956708550453186, -0.09293990582227707, 0.001368926139548421, 0.0929458737373352, 0.9956573247909546, -0.005254334770143032, -0.000874643970746547, 0.005358823575079441, 0.9999852776527405),
            ["RightLowerLeg"] = CFrame.new(3.5390257835388184e-08, -0.0000035762786865234375, -0.000013267788744997233, 1, -5.02914261346632e-08, 3.725290298461914e-09, 4.237518069771795e-08, 0.937066912651062, 0.3491496443748474, -3.725290742551124e-09, -0.34914982318878174, 0.9370669722557068),
            ["LeftUpperLeg"] = CFrame.new(-4.172325134277344e-07, 4.307366907596588e-08, -8.725328370928764e-08, 0.9427007436752319, 0.05396474152803421, -0.3292464315891266, -0.14288154244422913, 0.9570595622062683, -0.2522338330745697, 0.3014967143535614, 0.2848241627216339, 0.9099313020706177),
            ["LeftLowerLeg"] = CFrame.new(-6.705522537231445e-08, 0.000003814697265625, 0.000013172626495361328, 1, 3.352760913344355e-08, 8.195640788244418e-08, -6.70552182668871e-08, 0.5947654247283936, 0.8038992285728455, 2.607702853651972e-08, -0.8038992881774902, 0.5947655439376831),
        }},
        {Time = 0.067, Data = {
            ["RightFoot"] = CFrame.new(1.2014061212539673e-07, 3.5762786865234375e-07, 2.4047039914876223e-08, 0.9847623109817505, 0.16340619325637817, -0.05951356515288353, -0.17300528287887573, 0.8857287764549255, -0.43075937032699585, -0.01767583005130291, 0.4344916343688965, 0.9005024433135986),
            ["LeftLowerArm"] = CFrame.new(9.834766387939453e-07, 0, 2.5331974029541016e-07, 1, -6.332988533586104e-08, 4.470345160711986e-08, 8.940698847936801e-08, 0.22244086861610413, -0.974946141242981, 5.960465898624534e-08, 0.9749462008476257, 0.2224409133195877),
            ["RightUpperArm"] = CFrame.new(0, 0.0000011920928955078125, 8.940696716308594e-08, 0.9988791346549988, 0.002925790147855878, -0.04724547266960144, -0.007097848225384951, 0.9960615634918213, -0.08838062733411789, 0.046800777316093445, 0.08861692249774933, 0.9949657917022705),
            ["Head"] = CFrame.new(5.587935447692871e-08, 3.5762786865234375e-07, 2.6961788535118103e-07, 0.9993988871574402, -0.015303786844015121, 0.031110186129808426, 0.01468191109597683, 0.9996898174285889, 0.0201193168759346, -0.03140848129987717, -0.019650423899292946, 0.999313473701477),
            ["RightHand"] = CFrame.new(6.370246410369873e-07, 2.980232238769531e-07, -4.544854164123535e-07, 0.9982820749282837, -0.03217368200421333, 0.04896722733974457, 0.04112054035067558, 0.9800670742988586, -0.1943652629852295, -0.04173774644732475, 0.196044921875, 0.9797062873840332),
            ["UpperTorso"] = CFrame.new(-2.2351741790771484e-08, 3.2782554626464844e-07, 2.2118911147117615e-08, 0.9851835370063782, 0.13617967069149017, 0.10425246506929398, -0.1488688737154007, 0.9808517098426819, 0.12557104229927063, -0.08515597879886627, -0.13923048973083496, 0.9865917563438416),
            ["HumanoidRootPart"] = CFrame.new(0, 0, 0, 1, 0, 0, 0, 1, 0, 0, 0, 1),
            ["RightUpperLeg"] = CFrame.new(3.5762786865234375e-07, -9.778887033462524e-08, -1.2975215213373303e-07, 0.9714722633361816, -0.23646005988121033, -0.01812548004090786, 0.23516345024108887, 0.9703826904296875, -0.0552787184715271, 0.03065989539027214, 0.049439214169979095, 0.9983064532279968),
            ["LeftUpperArm"] = CFrame.new(5.960464477539063e-08, 3.5762786865234375e-07, 0, 0.8474966287612915, 0.5036714673042297, -0.16752490401268005, -0.39644864201545715, 0.8104962110519409, 0.4311896562576294, 0.35295626521110535, -0.2990168333053589, 0.886572539806366),
            ["RightLowerArm"] = CFrame.new(9.5367431640625e-07, 0.0000013113021850585938, -3.3155083656311035e-07, 1, -8.568162712663252e-08, 6.752078718363919e-08, 8.463391054647218e-08, 0.21474161744117737, -0.9766709804534912, 6.821935727430173e-08, 0.9766709208488464, 0.21474161744117737),
            ["LeftHand"] = CFrame.new(5.960464477539063e-08, 0, -5.960464477539063e-08, 0.9512642025947571, -0.2844589352607727, 0.11907868087291718, 0.28529292345046997, 0.9583845734596252, 0.010346563532948494, -0.11706632375717163, 0.024129964411258698, 0.9928309321403503),
            ["LeftFoot"] = CFrame.new(1.6763806343078613e-08, 5.960464477539063e-08, 0, 0.9859667420387268, -0.029065102338790894, 0.16439299285411835, 0.12468590587377548, 0.7830122709274292, -0.6093809604644775, -0.11100989580154419, 0.6213268637657166, 0.7756480574607849),
            ["LowerTorso"] = CFrame.new(-0.14057444036006927, -0.19765615463256836, -0.5008065700531006, 0.9967692494392395, -0.07757625728845596, -0.020811129361391068, 0.07700584083795547, 0.9966667294502258, -0.026938294991850853, 0.02283153124153614, 0.025248685851693153, 0.9994204640388489),
            ["RightLowerLeg"] = CFrame.new(-3.3527612686157227e-08, -0.000003516674041748047, -0.000013245437003206462, 1, -8.754432911928234e-08, -5.587935447692871e-08, 1.5646217832454568e-07, 0.8345071077346802, 0.5509971976280212, -2.7939673685750677e-08, -0.550997257232666, 0.834507167339325),
            ["LeftUpperLeg"] = CFrame.new(-1.7881393432617188e-07, 3.241002559661865e-07, -1.7695128917694092e-07, 0.954566478729248, 0.02088756486773491, -0.2972649037837982, -0.09533875435590744, 0.9665166735649109, -0.23823487758636475, 0.2823357880115509, 0.2557520270347595, 0.9245960116386414),
            ["LeftLowerLeg"] = CFrame.new(-4.284083843231201e-08, 0.000003874301910400391, 0.000013396143913269043, 1, 1.0244546189142056e-07, 2.421438694000244e-08, -4.8428766774577525e-08, 0.5704126358032227, 0.8213582634925842, -4.656612428988183e-09, -0.8213583827018738, 0.5704127550125122),
        }},
        {Time = 0.100, Data = {
            ["RightFoot"] = CFrame.new(-4.9494701670482755e-08, 3.5762786865234375e-07, -3.55576048605144e-08, 0.9761305451393127, 0.1726740598678589, -0.1317310631275177, -0.21358907222747803, 0.8731443285942078, -0.4381764829158783, 0.039358269423246384, 0.4558538794517517, 0.8891841173171997),
            ["LeftLowerArm"] = CFrame.new(3.5762786865234375e-07, 2.980232238769531e-07, 5.960464477539062e-07, 1, -8.195630130103382e-08, 5.960460214282648e-08, 5.960464477539063e-08, 0.45464885234832764, -0.8906707167625427, 5.21540641784668e-08, 0.8906708359718323, 0.45464888215065),
            ["RightUpperArm"] = CFrame.new(-5.960464477539063e-08, 9.5367431640625e-07, 3.725290298461914e-08, 0.9994394779205322, -0.03274304047226906, -0.006979499477893114, 0.032298583537340164, 0.9978878498077393, -0.05636140704154968, 0.00881016906350851, 0.056104376912117004, 0.9983860850334167),
            ["Head"] = CFrame.new(5.587935447692871e-09, -1.1920928955078125e-07, 2.1513551473617554e-07, 0.9984220266342163, -0.02345537766814232, 0.05102221667766571, 0.022516226395964622, 0.9995677471160889, 0.01890375465154648, -0.05144359543919563, -0.017725111916661263, 0.9985186457633972),
            ["RightHand"] = CFrame.new(4.284083843231201e-07, 2.384185791015625e-07, -1.7695128917694092e-07, 0.9815459251403809, -0.07853337377309799, 0.17435669898986816, 0.1154882088303566, 0.9701669812202454, -0.21316350996494293, -0.15241467952728271, 0.22936587035655975, 0.9613330364227295),
            ["UpperTorso"] = CFrame.new(-9.313225746154785e-09, 6.556510925292969e-07, 4.6566128730773926e-08, 0.9889727830886841, 0.09501234441995621, 0.11360308527946472, -0.1118781715631485, 0.9819151759147644, 0.15272806584835052, -0.09703752398490906, -0.16375356912612915, 0.9817171692848206),
            ["HumanoidRootPart"] = CFrame.new(0, 0, 0, 1, 0, 0, 0, 1, 0, 0, 0, 1),
            ["RightUpperLeg"] = CFrame.new(4.76837158203125e-07, 5.559995770454407e-07, 7.094786269590259e-08, 0.9594434499740601, -0.25120511651039124, 0.12792280316352844, 0.2739487886428833, 0.9378768801689148, -0.2129301130771637, -0.06648680567741394, 0.2393387109041214, 0.9686570763587952),
            ["LeftUpperArm"] = CFrame.new(5.960464477539063e-08, 0, -1.341104507446289e-07, 0.9133901000022888, 0.37662068009376526, -0.15451760590076447, -0.30843260884284973, 0.88797527551651, 0.34112951159477234, 0.26568418741226196, -0.26392608880996704, 0.9272297620773315),
            ["RightLowerArm"] = CFrame.new(7.152557373046875e-07, -4.76837158203125e-07, -4.76837158203125e-07, 1, -7.823103942428133e-08, 5.029135152767594e-08, 8.35862010717392e-08, 0.4130231738090515, -0.9107205271720886, 5.3318217396736145e-08, 0.9107205271720886, 0.4130231440067291),
            ["LeftHand"] = CFrame.new(-4.470348358154297e-07, 2.384185791015625e-07, -4.76837158203125e-07, 0.9832266569137573, -0.1800990104675293, 0.028805162757635117, 0.18186941742897034, 0.9562257528305054, -0.22925058007240295, 0.013743564486503601, 0.2306441068649292, 0.9729411602020264),
            ["LeftFoot"] = CFrame.new(5.704350769519806e-08, 5.960464477539063e-08, 0, 0.9858373999595642, -0.005266692955046892, 0.16762158274650574, 0.11256325244903564, 0.761691153049469, -0.6380876302719116, -0.12431540340185165, 0.6479189395904541, 0.7514966726303101),
            ["LowerTorso"] = CFrame.new(-0.16433528065681458, -0.23476409912109375, -0.5216501951217651, 0.9975292086601257, -0.04203307628631592, -0.05629291385412216, 0.03975124657154083, 0.9983656406402588, -0.04105949029326439, 0.05792677402496338, 0.03872032091021538, 0.9975696802139282),
            ["RightLowerLeg"] = CFrame.new(1.2681994121521711e-08, -0.0000036954879760742188, -0.000013390723324846476, 1, -1.1207157513126731e-07, -1.727313225785565e-08, 1.4071702025830746e-07, 0.5989750623703003, 0.800767183303833, -4.330649971961975e-08, -0.8007677793502808, 0.5989757776260376),
            ["LeftUpperLeg"] = CFrame.new(-2.980232238769531e-07, 8.177012205123901e-07, -1.1548399925231934e-07, 0.96662437915802, -0.027804609388113022, -0.25468456745147705, -0.033345311880111694, 0.9719834327697754, -0.2326718270778656, 0.2540188133716583, 0.233398899435997, 0.9386158585548401),
            ["LeftLowerLeg"] = CFrame.new(4.563480615615845e-08, 0.000003874301910400391, 0.000013366341590881348, 1, 1.2572850316416861e-08, 1.1315575676462686e-07, -7.497146725654602e-08, 0.5457979440689087, 0.8379166126251221, 4.225876182317734e-08, -0.837916910648346, 0.5457983613014221),
        }},
        {Time = 0.133, Data = {
            ["RightFoot"] = CFrame.new(1.2689270079135895e-08, 4.172325134277344e-07, 5.757465260103345e-08, 0.9661466479301453, 0.21680594980716705, -0.13984344899654388, -0.2506455183029175, 0.9172224998474121, -0.3096439242362976, 0.06113480031490326, 0.3342128396034241, 0.9405128955841064),
            ["LeftLowerArm"] = CFrame.new(-3.2782554626464844e-07, 1.1920928955078125e-07, 5.960464477539062e-07, 1, -7.450572780953735e-08, 5.215402154590265e-08, 4.4703490686970326e-08, 0.647908627986908, -0.7617180943489075, 2.980232594040899e-08, 0.7617179751396179, 0.6479086875915527),
            ["RightUpperArm"] = CFrame.new(0, 9.5367431640625e-07, -5.587935447692871e-08, 0.9910486936569214, -0.08703800290822983, 0.10122703015804291, 0.08878516405820847, 0.9959676265716553, -0.012876342050731182, -0.09969814121723175, 0.021748576313257217, 0.9947801232337952),
            ["Head"] = CFrame.new(1.4901161193847656e-08, 1.1920928955078125e-07, 1.424923539161682e-07, 0.9975661635398865, -0.024706078693270683, 0.06520295888185501, 0.023865103721618652, 0.999622106552124, 0.013644552789628506, -0.06551543623209, -0.012055233120918274, 0.9977787733078003),
            ["RightHand"] = CFrame.new(7.7858567237854e-07, 5.960464477539062e-07, -9.834766387939453e-07, 0.9498539566993713, -0.1768699586391449, 0.2578653395175934, 0.23106588423252106, 0.9526351094245911, -0.19772456586360931, -0.2106800526380539, 0.2473934143781662, 0.945732831954956),
            ["UpperTorso"] = CFrame.new(-3.771856427192688e-08, 4.172325134277344e-07, 1.73225998878479e-07, 0.9925903081893921, 0.047394152730703354, 0.11188548803329468, -0.06809712946414948, 0.9795787930488586, 0.1891777664422989, -0.10063472390174866, -0.19539505243301392, 0.975547730922699),
            ["HumanoidRootPart"] = CFrame.new(0, 0, 0, 1, 0, 0, 0, 1, 0, 0, 0, 1),
            ["RightUpperLeg"] = CFrame.new(3.5762786865234375e-07, 3.380700945854187e-07, 1.3205863069742918e-08, 0.9409255981445312, -0.24791717529296875, 0.23064298927783966, 0.32280296087265015, 0.8624403476715088, -0.38986557722091675, -0.10226155817508698, 0.44128653407096863, 0.8915204405784607),
            ["LeftUpperArm"] = CFrame.new(5.960464477539063e-08, -1.1920928955078125e-07, 4.470348358154297e-08, 0.9557878375053406, 0.2557431161403656, -0.14513865113258362, -0.21352480351924896, 0.9429582357406616, 0.25541579723358154, 0.20218046009540558, -0.21313250064849854, 0.9558753371238708),
            ["RightLowerArm"] = CFrame.new(7.748603820800781e-07, 4.172325134277344e-07, -4.023313522338867e-07, 1, -6.891783499440862e-08, 4.377210416350863e-08, 6.798653373607522e-08, 0.624295175075531, -0.7811886072158813, 3.795138425743971e-08, 0.7811885476112366, 0.6242951154708862),
            ["LeftHand"] = CFrame.new(-2.682209014892578e-07, 5.960464477539062e-07, -2.384185791015625e-07, 0.9793394804000854, -0.15841469168663025, -0.12569396197795868, 0.11903256922960281, 0.9540541768074036, -0.27497634291648865, 0.16347907483577728, 0.25433364510536194, 0.9531994462013245),
            ["LeftFoot"] = CFrame.new(-6.100162863731384e-08, 0, -4.470348358154297e-08, 0.9850057363510132, 0.014990408904850483, 0.17186953127384186, 0.10428391396999359, 0.7418813705444336, -0.6623718738555908, -0.13743586838245392, 0.6703636050224304, 0.7291944026947021),
            ["LowerTorso"] = CFrame.new(-0.18499578535556793, -0.27289533615112305, -0.5375348329544067, 0.996685802936554, -0.00669527193531394, -0.08107251673936844, 0.0020929633174091578, 0.9983879327774048, -0.05672023072838783, 0.081321582198143, 0.056362561881542206, 0.9950929880142212),
            ["RightLowerLeg"] = CFrame.new(-1.4808028936386108e-07, -0.0000036954879760742188, -0.000013200733519624919, 1, -1.6996631302390597e-07, -1.0943045225531023e-07, 9.406359424701805e-08, 0.30064287781715393, 0.9537367224693298, -8.754432911928234e-08, -0.9537367224693298, 0.3006433844566345),
            ["LeftUpperLeg"] = CFrame.new(-4.172325134277344e-07, 3.7671998143196106e-07, 9.685754776000977e-08, 0.9717026948928833, -0.07890620827674866, -0.22263790667057037, 0.026339920237660408, 0.9728719592094421, -0.22984012961387634, 0.23473402857780457, 0.21747207641601562, 0.9474207162857056),
            ["LeftLowerLeg"] = CFrame.new(-2.9802322387695312e-08, 0.000004112720489501953, 0.000013455748558044434, 1, 4.563479549801741e-08, 6.053600287714289e-08, -8.754432911928234e-08, 0.5176253318786621, 0.855607271194458, 4.144385812310247e-08, -0.8556074500083923, 0.5176257491111755),
        }},
        {Time = 0.167, Data = {
            ["RightFoot"] = CFrame.new(8.381903171539307e-09, 5.364418029785156e-07, 2.032174961641431e-08, 0.9744510650634766, 0.1722438633441925, -0.14414361119270325, -0.19618463516235352, 0.9652031064033508, -0.17289942502975464, 0.10934679955244064, 0.19676169753074646, 0.9743348956108093),
            ["LeftLowerArm"] = CFrame.new(5.960464477539063e-08, 3.5762786865234375e-07, 5.960464477539062e-07, 1, -5.960457372111705e-08, 2.6077016102021844e-08, 7.450581307466564e-08, 0.7122091054916382, -0.7019673585891724, 1.4901162970204496e-08, 0.7019673585891724, 0.712209165096283),
            ["RightUpperArm"] = CFrame.new(0, 8.344650268554688e-07, 2.421438694000244e-08, 0.9408770203590393, -0.168614000082016, 0.29380232095718384, 0.15152297914028168, 0.9851974844932556, 0.08016807585954666, -0.3029707968235016, -0.030910445377230644, 0.9524984359741211),
            ["Head"] = CFrame.new(7.450580596923828e-09, 3.5762786865234375e-07, 2.116430550813675e-07, 0.9978083372116089, -0.016707051545381546, 0.0640270784497261, 0.016119739040732384, 0.999823272228241, 0.009678070433437824, -0.06417745351791382, -0.008624695241451263, 0.9979012608528137),
            ["RightHand"] = CFrame.new(7.674098014831543e-07, 8.344650268554688e-07, -4.172325134277344e-07, 0.9641999006271362, -0.24370050430297852, 0.10454084724187851, 0.26076000928878784, 0.943004846572876, -0.20675140619277954, -0.04819715395569801, 0.22660979628562927, 0.9727924466133118),
            ["UpperTorso"] = CFrame.new(-5.587935447692871e-08, 3.5762786865234375e-07, 8.381903171539307e-09, 0.9959980845451355, 0.000025592740712454543, 0.08937464654445648, -0.019929291680455208, 0.9748852849006653, 0.22181454300880432, -0.08712433278560638, -0.22270800173282623, 0.9709843397140503),
            ["HumanoidRootPart"] = CFrame.new(0, 0, 0, 1, 0, 0, 0, 1, 0, 0, 0, 1),
            ["RightUpperLeg"] = CFrame.new(4.172325134277344e-07, 3.91155481338501e-08, 3.55576048605144e-08, 0.925974428653717, -0.2087271511554718, 0.3146495819091797, 0.35896211862564087, 0.7451085448265076, -0.5621023774147034, -0.11712214350700378, 0.6334401369094849, 0.7648768424987793),
            ["LeftUpperArm"] = CFrame.new(0, -2.384185791015625e-07, -5.774199962615967e-08, 0.964199960231781, 0.19033309817314148, -0.18463976681232452, -0.14939585328102112, 0.9651695489883423, 0.2147761732339859, 0.21908769011497498, -0.1795027256011963, 0.9590513706207275),
            ["RightLowerArm"] = CFrame.new(0.0000010728836059570312, 0.0000014901161193847656, -4.470348358154297e-07, 1, -2.9802322387695312e-08, 1.4901146982992941e-08, 5.96046660916727e-08, 0.7835152745246887, -0.621372640132904, 1.4901166522918174e-08, 0.6213725805282593, 0.783515214920044),
            ["LeftHand"] = CFrame.new(-1.1920928955078125e-07, 4.172325134277344e-07, 0, 0.9709821939468384, -0.19503933191299438, -0.13839589059352875, 0.16424600780010223, 0.9644807577133179, -0.20688243210315704, 0.17383036017417908, 0.17814815044403076, 0.9685279726982117),
            ["LeftFoot"] = CFrame.new(-6.146728992462158e-08, 5.960464477539063e-08, 0, 0.9862539768218994, 0.02682267129421234, 0.16304543614387512, 0.09310516715049744, 0.7249743342399597, -0.6824541091918945, -0.1365089863538742, 0.6882534027099609, 0.7125113606452942),
            ["LowerTorso"] = CFrame.new(-0.20159777998924255, -0.30803489685058594, -0.5537479519844055, 0.996512770652771, 0.0275654848664999, -0.07875628024339676, -0.03253011032938957, 0.9975168108940125, -0.06246662512421608, 0.07683879137039185, 0.06481073796749115, 0.9949348568916321),
            ["RightLowerLeg"] = CFrame.new(2.7939677238464355e-08, -0.0000037550926208496094, -0.000013245437003206462, 1, -1.8440189819557418e-07, -1.67638120274205e-07, 1.6111884804104193e-07, -0.00038009142735973, 0.9999999403953552, -1.4156105976326216e-07, -1, -0.00037983819493092597),
            ["LeftUpperLeg"] = CFrame.new(-4.172325134277344e-07, 1.9371509552001953e-07, -7.450580596923828e-09, 0.9713419675827026, -0.12343121320009232, -0.203124538064003, 0.07260628789663315, 0.9678279757499695, -0.24090930819511414, 0.22632522881031036, 0.2192574292421341, 0.9490538835525513),
            ["LeftLowerLeg"] = CFrame.new(8.568167686462402e-08, 0.000003933906555175781, 0.00001329183578491211, 1, 6.89178563106907e-08, 6.332996349556197e-08, -5.960465188081798e-08, 0.4892440438270569, 0.8721469044685364, 5.8673329306202504e-08, -0.8721469044685364, 0.489244282245636),
        }},
        {Time = 0.200, Data = {
            ["RightFoot"] = CFrame.new(2.2351741790771484e-08, 2.980232238769531e-07, -5.045876605436206e-08, 0.9875591993331909, 0.1304328292608261, -0.08783106505870819, -0.14535489678382874, 0.9702857136726379, -0.19343607127666473, 0.05999075621366501, 0.20379643142223358, 0.9771736860275269),
            ["LeftLowerArm"] = CFrame.new(3.5762786865234375e-07, -1.1920928955078125e-07, 1.7881393432617188e-07, 1, -2.7473989305804025e-08, 7.45057526785331e-09, 5.960463766996327e-08, 0.6725679039955139, -0.740035355091095, 2.2351738238057806e-08, 0.7400354146957397, 0.6725679039955139),
            ["RightUpperArm"] = CFrame.new(-1.7881393432617188e-07, 5.960464477539062e-07, -4.6566128730773926e-09, 0.8445366621017456, -0.2896994948387146, 0.4503689408302307, 0.21601754426956177, 0.9538686871528625, 0.20849700272083282, -0.4899942874908447, -0.07879569381475449, 0.868157148361206),
            ["Head"] = CFrame.new(3.67872416973114e-08, 1.1920928955078125e-07, 2.0605511963367462e-07, 0.9990168809890747, 0.0018084022449329495, 0.04429491609334946, -0.0022011317778378725, 0.9999587535858154, 0.008818217553198338, -0.0442771390080452, -0.008906911127269268, 0.9989796876907349),
            ["RightHand"] = CFrame.new(1.9371509552001953e-07, 3.5762786865234375e-07, -4.172325134277344e-07, 0.975324273109436, -0.1767522394657135, 0.13229289650917053, 0.20184676349163055, 0.9566472172737122, -0.20996221899986267, -0.0894462838768959, 0.23148413002490997, 0.9687179923057556),
            ["UpperTorso"] = CFrame.new(-4.284083843231201e-08, 3.8743019104003906e-07, 1.7695128917694092e-08, 0.9982417821884155, -0.03654516115784645, 0.04666648060083389, 0.02402980998158455, 0.9692268371582031, 0.24499382078647614, -0.054183732718229294, -0.2434416264295578, 0.9684009552001953),
            ["HumanoidRootPart"] = CFrame.new(0, 0, 0, 1, 0, 0, 0, 1, 0, 0, 0, 1),
            ["RightUpperLeg"] = CFrame.new(4.76837158203125e-07, 3.3527612686157227e-08, -1.2276723282411695e-07, 0.9246293902397156, -0.153733029961586, 0.34846341609954834, 0.36682599782943726, 0.6055979132652283, -0.7061799764633179, -0.10246548056602478, 0.780780017375946, 0.6163467168807983),
            ["LeftUpperArm"] = CFrame.new(1.1920928955078125e-07, -2.384185791015625e-07, -2.421438694000244e-08, 0.9368172883987427, 0.23194028437137604, -0.2618725895881653, -0.19216811656951904, 0.9667389392852783, 0.16878199577331543, 0.2923097014427185, -0.10779416561126709, 0.9502292275428772),
            ["RightLowerArm"] = CFrame.new(0.0000010728836059570312, 7.152557373046875e-07, -1.7881393432617188e-07, 1, -4.0978196835794733e-08, 5.02913586331033e-08, 2.2351748896198842e-08, 0.8451700210571289, -0.5344976186752319, 2.2351748896198842e-08, 0.5344977378845215, 0.8451699614524841),
            ["LeftHand"] = CFrame.new(-3.8743019104003906e-07, 4.172325134277344e-07, -2.980232238769531e-07, 0.8781206011772156, -0.35841599106788635, -0.31692641973495483, 0.33615100383758545, 0.9335581660270691, -0.12438543885946274, 0.34045103192329407, 0.002690249588340521, 0.9402583837509155),
            ["LeftFoot"] = CFrame.new(1.3853423297405243e-08, 1.1920928955078125e-07, 2.2351741790771484e-08, 0.9924732446670532, 0.005799129139631987, 0.1223248839378357, 0.08276928216218948, 0.7044225335121155, -0.7049379944801331, -0.09025633335113525, 0.7097571492195129, 0.6986409425735474),
            ["LowerTorso"] = CFrame.new(-0.18965114653110504, -0.3446221351623535, -0.5290016531944275, 0.9973013401031494, 0.056491535156965256, -0.04689212888479233, -0.058984823524951935, 0.9968183636665344, -0.05360892415046692, 0.043714478611946106, 0.05623016506433487, 0.9974604249000549),
            ["RightLowerLeg"] = CFrame.new(-6.332993507385254e-08, -0.000003814697265625, -0.000013401899195741862, 1, -1.3783564156710781e-07, -1.8626455755565985e-07, 1.6763807764164085e-07, -0.26587164402008057, 0.9640085101127625, -2.142042205832695e-07, -0.9640084505081177, -0.2658715844154358),
            ["LeftUpperLeg"] = CFrame.new(-4.76837158203125e-07, 1.5459954738616943e-07, -2.980232238769531e-07, 0.9811871647834778, -0.1178901344537735, -0.15288442373275757, 0.07320091873407364, 0.9599518179893494, -0.2704332172870636, 0.17864301800727844, 0.2541545331478119, 0.9505220651626587),
            ["LeftLowerLeg"] = CFrame.new(-3.725290298461914e-09, 0.000003874301910400391, 0.000013306736946105957, 1, 9.150242163968869e-08, 2.002345489415802e-08, -9.778889165090732e-08, 0.44688576459884644, 0.8945906758308411, -1.164153440313953e-09, -0.8945910334587097, 0.44688645005226135),
        }},
        {Time = 0.233, Data = {
            ["RightFoot"] = CFrame.new(-2.2351741790771484e-08, 4.172325134277344e-07, 4.453613655641675e-08, 0.9876518249511719, 0.14661823213100433, -0.0552007295191288, -0.15424509346485138, 0.9717245101928711, -0.17877255380153656, 0.02742866240441799, 0.1850803941488266, 0.9823408126831055),
            ["LeftLowerArm"] = CFrame.new(4.76837158203125e-07, -0.0000010728836059570312, 6.556510925292969e-07, 1, -1.1175861658330177e-07, 3.725286745748235e-08, 8.195634393359796e-08, 0.5269458889961243, -0.8498988747596741, 8.940692453052179e-08, 0.8498988747596741, 0.5269458293914795),
            ["RightUpperArm"] = CFrame.new(-1.1920928955078125e-07, 2.384185791015625e-07, 1.6298145055770874e-09, 0.743109941482544, -0.4243395924568176, 0.5174201130867004, 0.24765823781490326, 0.892723023891449, 0.37644532322883606, -0.6216533780097961, -0.1515968292951584, 0.7684826254844666),
            ["Head"] = CFrame.new(9.313225746154785e-09, -2.384185791015625e-07, 1.8777791410684586e-07, 0.9993553757667542, 0.03442034125328064, 0.010207961313426495, -0.03456529229879379, 0.9992990493774414, 0.014378131367266178, -0.009705917909741402, -0.014721584506332874, 0.9998446106910706),
            ["RightHand"] = CFrame.new(4.023313522338867e-07, 4.76837158203125e-07, -5.289912223815918e-07, 0.9693635702133179, -0.09227228164672852, 0.227640300989151, 0.13941161334514618, 0.9697039127349854, -0.20059601962566376, -0.20223425328731537, 0.226186141371727, 0.9528595209121704),
            ["UpperTorso"] = CFrame.new(1.0244548320770264e-08, 2.682209014892578e-07, 4.566390998661518e-08, 0.9982119202613831, -0.05890699476003647, -0.010150796733796597, 0.059450455009937286, 0.9606931209564209, 0.2711724042892456, -0.006222151685506105, -0.27129101753234863, 0.9624772667884827),
            ["HumanoidRootPart"] = CFrame.new(0, 0, 0, 1, 0, 0, 0, 1, 0, 0, 0, 1),
            ["RightUpperLeg"] = CFrame.new(4.172325134277344e-07, 3.4086406230926514e-07, -2.57517967838794e-07, 0.9359704256057739, -0.11066000908613205, 0.3342360854148865, 0.34657320380210876, 0.4568052887916565, -0.8192777037620544, -0.0620197094976902, 0.882656991481781, 0.4659082293510437),
            ["LeftUpperArm"] = CFrame.new(5.960464477539063e-08, -9.5367431640625e-07, -5.3318217396736145e-08, 0.8810121417045593, 0.2603192925453186, -0.39503368735313416, -0.2248672991991043, 0.9650679230690002, 0.13445702195167542, 0.4162360727787018, -0.029628032818436623, 0.9087737798690796),
            ["RightLowerArm"] = CFrame.new(2.980232238769531e-07, -2.384185791015625e-07, -5.960464477539062e-07, 1, -6.332990665214311e-08, -3.119927427519542e-08, 3.72529100900465e-08, 0.830202579498291, -0.5574617981910706, 4.4703494239684005e-08, 0.5574617981910706, 0.8302026391029358),
            ["LeftHand"] = CFrame.new(-4.470348358154297e-07, 4.172325134277344e-07, -5.960464477539062e-07, 0.7595750093460083, -0.423333078622818, -0.49379652738571167, 0.4437069296836853, 0.8923662304878235, -0.08250250667333603, 0.4755733013153076, -0.15643414855003357, 0.8656548857688904),
            ["LeftFoot"] = CFrame.new(-6.612390279769897e-08, 1.1920928955078125e-07, -2.9802322387695312e-08, 0.9975024461746216, -0.020264478400349617, 0.06766259670257568, 0.0626344382762909, 0.6965560913085938, -0.7147632837295532, -0.03264646604657173, 0.7172161340713501, 0.6960857510566711),
            ["LowerTorso"] = CFrame.new(-0.17844413220882416, -0.3721909523010254, -0.498593807220459, 0.9970037937164307, 0.07730074226856232, 0.0028476251754909754, -0.07711640000343323, 0.9961563944816589, -0.04153888672590256, -0.006047667004168034, 0.04119482636451721, 0.9991328120231628),
            ["RightLowerLeg"] = CFrame.new(1.7136335372924805e-07, -0.0000036954879760742188, -0.000013498756743501872, 1, -1.5646212148112681e-07, -2.4586927338532405e-07, 1.0430811414607888e-07, -0.3733031153678894, 0.9277095198631287, -1.6577540407070046e-07, -0.9277095198631287, -0.3733029365539551),
            ["LeftUpperLeg"] = CFrame.new(-2.384185791015625e-07, 7.599592208862305e-07, -2.08965502679348e-07, 0.9892467856407166, -0.09948607534170151, -0.10720764100551605, 0.06126228719949722, 0.9474661350250244, -0.313934326171875, 0.1328076720237732, 0.30399090051651, 0.9433726072311401),
            ["LeftLowerLeg"] = CFrame.new(-3.91155481338501e-08, 0.0000037550926208496094, 0.000013209879398345947, 1, 6.891783499440862e-08, 4.6566150047056e-08, -8.3819010399111e-08, 0.39947235584259033, 0.9167451858520508, 6.752087244876748e-08, -0.9167452454566956, 0.3994726836681366),
        }},
        {Time = 0.267, Data = {
            ["RightFoot"] = CFrame.new(0, 3.5762786865234375e-07, -3.183231456205249e-08, 0.9818077087402344, 0.17755132913589478, -0.06730131804943085, -0.18488407135009766, 0.9746766090393066, -0.1257907599210739, 0.04326274245977402, 0.13594555854797363, 0.98977130651474),
            ["LeftLowerArm"] = CFrame.new(1.7881393432617188e-07, -2.384185791015625e-07, 7.748603820800781e-07, 1, -8.19562870901791e-08, 5.960459503739912e-08, 7.450579886381092e-08, 0.2925315201282501, -0.9562559723854065, 4.0978189730367376e-08, 0.9562559127807617, 0.29253149032592773),
            ["RightUpperArm"] = CFrame.new(-5.960464477539063e-08, 8.344650268554688e-07, 1.7578713595867157e-08, 0.7106227278709412, -0.5351922512054443, 0.4567105174064636, 0.2925460934638977, 0.815118134021759, 0.4999992549419403, -0.6398688554763794, -0.2217019498348236, 0.7358099222183228),
            ["Head"] = CFrame.new(2.0372681319713593e-10, 0, 1.8166610971093178e-07, 0.9966179132461548, 0.07801367342472076, -0.025821473449468613, -0.07730132341384888, 0.9966278076171875, 0.027524542063474655, 0.027881687507033348, -0.02543533407151699, 0.9992876052856445),
            ["RightHand"] = CFrame.new(7.450580596923828e-07, 2.980232238769531e-07, -4.76837158203125e-07, 0.9533618688583374, 0.0611535906791687, 0.29556989669799805, 0.009863050654530525, 0.9724247455596924, -0.23300862312316895, -0.30166879296302795, 0.2250567376613617, 0.9264694452285767),
            ["UpperTorso"] = CFrame.new(-5.960464477539063e-08, 5.662441253662109e-07, 6.51925802230835e-09, 0.9945210814476013, -0.061682865023612976, -0.08439835906028748, 0.08350446820259094, 0.9544589519500732, 0.28641754388809204, 0.06288772821426392, -0.29189589619636536, 0.9543803930282593),
            ["HumanoidRootPart"] = CFrame.new(0, 0, 0, 1, 0, 0, 0, 1, 0, 0, 0, 1),
            ["RightUpperLeg"] = CFrame.new(3.5762786865234375e-07, 2.3748725652694702e-07, -1.032094587571919e-07, 0.9512218832969666, -0.09417755156755447, 0.2937815487384796, 0.30841806530952454, 0.3132575750350952, -0.8981915712356567, -0.007439975626766682, 0.944986879825592, 0.3270234167575836),
            ["LeftUpperArm"] = CFrame.new(5.960464477539063e-08, -5.960464477539062e-07, -3.5157427191734314e-08, 0.7875509262084961, 0.26599887013435364, -0.5558850169181824, -0.2513567805290222, 0.9622539281845093, 0.10434206575155258, 0.562657356262207, 0.05755086988210678, 0.8246846199035645),
            ["RightLowerArm"] = CFrame.new(5.960464477539062e-07, 7.152557373046875e-07, 0, 1, -2.7008342229351e-08, -2.7939639934970728e-08, -7.450582373280668e-09, 0.7662703394889832, -0.6425184011459351, 2.2351747119842003e-08, 0.6425182819366455, 0.7662703394889832),
            ["LeftHand"] = CFrame.new(-3.8743019104003906e-07, 2.384185791015625e-07, -5.960464477539063e-08, 0.792636513710022, -0.3251238167285919, -0.5157731175422668, 0.37738436460494995, 0.9260490536689758, -0.0037845182232558727, 0.47886157035827637, -0.19164495170116425, 0.8567168712615967),
            ["LeftFoot"] = CFrame.new(-1.6996636986732483e-08, 1.1920928955078125e-07, -2.514570951461792e-08, 0.9989265203475952, -0.042803805321455, 0.017716486006975174, 0.042673759162425995, 0.7014103531837463, -0.7114789485931396, 0.018027447164058685, 0.7114712595939636, 0.7024841904640198),
