return {
    ["You're Awesome"] = {
        {Time = 0.000, Data = {
            ["RightFoot"] = CFrame.new(-7.232301868498325e-09, 4.172325134277344e-07, -2.6244379114359617e-08, 0.9212930798530579, 0.10101164877414703, 0.37552106380462646, 0.018874190747737885, 0.95292067527771, -0.30263200402259827, -0.38841086626052856, 0.28590041399002075, 0.8760125637054443),
            ["LeftLowerArm"] = CFrame.new(1.7881393432617188e-07, -1.1920928955078125e-07, 8.754432201385498e-07, 1, -4.4703494239684005e-08, 2.0489110852395243e-08, 3.259630432239646e-08, 0.8488031625747681, -0.5287090539932251, 6.5192611309328186e-09, 0.5287089347839355, 0.8488031625747681),
            ["RightUpperArm"] = CFrame.new(1.1920928955078125e-07, 2.384185791015625e-07, -2.9802322387695312e-08, 0.9616346955299377, -0.25200018286705017, -0.10841924697160721, 0.26283392310142517, 0.9595462083816528, 0.10094385594129562, 0.07859541475772858, -0.1255674511194229, 0.9889670014381409),
            ["Head"] = CFrame.new(-8.195638656616211e-08, -7.152557373046875e-07, 7.450580596923828e-08, 0.8783332109451294, -0.09717480093240738, 0.46806785464286804, 0.02250484749674797, 0.9864414930343628, 0.16256305575370789, -0.47751903533935547, -0.13225074112415314, 0.8686114549636841),
            ["RightHand"] = CFrame.new(1.4901161193847656e-07, -4.172325134277344e-07, -1.1920928955078125e-07, 0.535891056060791, 0.1669079065322876, 0.8276246786117554, -0.6334816217422485, 0.7275223731994629, 0.2634623646736145, -0.5581413507461548, -0.665472149848938, 0.4956057667732239),
            ["UpperTorso"] = CFrame.new(9.313225746154785e-08, -2.086162567138672e-07, 7.450580596923828e-09, 0.9380316734313965, 0.05907735228538513, -0.34147679805755615, -0.013455764390528202, 0.9908282160758972, 0.1344558745622635, 0.34628811478614807, -0.12152908742427826, 0.9302231669425964),
            ["HumanoidRootPart"] = CFrame.new(0, 0, 0, 1, 0, 0, 0, 1, 0, 0, 0, 1),
            ["RightUpperLeg"] = CFrame.new(-2.086162567138672e-07, -0.0000011671800166368484, -9.145878721028566e-09, 0.6837804913520813, -0.42253679037094116, -0.594900906085968, 0.0021292082965373993, 0.8164331912994385, -0.5774358510971069, 0.7296846508979797, 0.3935728073120117, 0.5591608285903931),
            ["LeftUpperArm"] = CFrame.new(5.960464477539063e-08, -2.384185791015625e-07, 0, 0.9465383887290955, 0.20931969583034515, -0.2454591691493988, -0.21398642659187317, 0.9768054485321045, 0.0078152259811759, 0.24140189588069916, 0.04512745141983032, 0.969375491142273),
            ["RightLowerArm"] = CFrame.new(7.748603820800781e-07, 2.980232238769531e-07, 1.4901161193847656e-07, 1, -1.0989606380462646e-07, 4.470348358154297e-08, 7.823108916227284e-08, 0.35096123814582825, -0.9363899827003479, 5.960463766996327e-08, 0.9363899827003479, 0.35096126794815063),
            ["LeftHand"] = CFrame.new(-1.8300488591194153e-07, 1.1920928955078125e-07, 1.7136335372924805e-07, 0.8487457036972046, -0.3873118460178375, -0.3600284457206726, 0.37455037236213684, 0.9209263324737549, -0.10773509740829468, 0.37328675389289856, -0.043409060686826706, 0.9266999363899231),
            ["LeftFoot"] = CFrame.new(-2.9802322387695312e-08, -5.960464477539063e-08, 1.862645149230957e-08, 0.8967840075492859, -0.23901952803134918, -0.37235498428344727, 0.17286650836467743, 0.9639208912849426, -0.20241962373256683, 0.40730297565460205, 0.11715898662805557, 0.9057472944259644),
            ["LowerTorso"] = CFrame.new(-0.06303181499242783, -0.06615877151489258, -0.32281842827796936, 0.5686415433883667, 0.03175150230526924, -0.8219724297523499, -0.024889478459954262, 0.9994613528251648, 0.021389048546552658, 0.822208821773529, 0.008295760490000248, 0.5691255331039429),
            ["RightLowerLeg"] = CFrame.new(-9.255018085241318e-09, -0.0000035762786865234375, -0.000013197008229326457, 1, -5.465700070317325e-08, -4.904359940383074e-08, 6.670599361768836e-08, 0.8751254081726074, 0.4838956892490387, 1.493026857701807e-08, -0.483896404504776, 0.8751257061958313),
            ["LeftUpperLeg"] = CFrame.new(2.9802322387695312e-08, -5.164183676242828e-07, 6.705522537231445e-08, 0.9660264849662781, 0.22082197666168213, 0.1342785805463791, -0.22872886061668396, 0.9723822474479675, 0.046432025730609894, -0.12031672894954681, -0.07556791603565216, 0.9898552298545837),
            ["LeftLowerLeg"] = CFrame.new(-2.086162567138672e-07, 0.0000036954879760742188, 0.000013299286365509033, 1, 3.725290298461914e-08, -7.078051567077637e-08, 7.450580596923828e-09, 0.9957481026649475, 0.09211850166320801, -1.862645149230957e-08, -0.0921185314655304, 0.9957481026649475),
        }},
        {Time = 0.033, Data = {
            ["RightFoot"] = CFrame.new(-5.413312464952469e-09, 2.980232238769531e-07, 4.0810846257954836e-08, 0.9214887022972107, 0.10891587287187576, 0.3728216588497162, 0.02164382115006447, 0.9439871311187744, -0.3292715549468994, -0.38780173659324646, 0.31148964166641235, 0.8675161004066467),
            ["LeftLowerArm"] = CFrame.new(-4.76837158203125e-07, -2.384185791015625e-07, 9.499490261077881e-07, 1, -2.421439226907296e-08, 1.1175873559921001e-08, 3.911556589741849e-08, 0.9013208746910095, -0.43315207958221436, 1.4901168299275014e-08, 0.43315204977989197, 0.9013208746910095),
            ["RightUpperArm"] = CFrame.new(0, 4.76837158203125e-07, -7.450580596923828e-08, 0.9564881920814514, -0.2632545828819275, -0.1258070319890976, 0.27001211047172546, 0.9620354175567627, 0.03976788371801376, 0.11056175827980042, -0.07200699299573898, 0.99125736951828),
            ["Head"] = CFrame.new(-3.3527612686157227e-08, -0.0000011920928955078125, 2.9802322387695312e-08, 0.8692875504493713, -0.06825172901153564, 0.48957186937332153, 0.00933233555406332, 0.9925112128257751, 0.12179653346538544, -0.4942188560962677, -0.10130740702152252, 0.8634147047996521),
            ["RightHand"] = CFrame.new(-5.960464477539063e-08, -3.5762786865234375e-07, 4.76837158203125e-07, 0.5468639731407166, 0.1779615879058838, 0.8180890083312988, -0.6235811114311218, 0.7385944724082947, 0.25617340207099915, -0.5586470365524292, -0.6502367258071899, 0.5148841738700867),
            ["UpperTorso"] = CFrame.new(6.51925802230835e-08, -2.384185791015625e-07, 7.450580596923828e-09, 0.9508113861083984, 0.04177651181817055, -0.30694037675857544, -0.002324101747944951, 0.9917985200881958, 0.12779054045677185, 0.3097617030143738, -0.12079141288995743, 0.9431103467941284),
            ["HumanoidRootPart"] = CFrame.new(0, 0, 0, 1, 0, 0, 0, 1, 0, 0, 0, 1),
            ["RightUpperLeg"] = CFrame.new(-3.8743019104003906e-07, -0.0000012329546734690666, -2.4047039914876223e-08, 0.6845516562461853, -0.43287479877471924, -0.5865224003791809, -0.0006056255660951138, 0.8042587637901306, -0.5942789912223816, 0.7289641499519348, 0.407169908285141, 0.5502945184707642),
            ["LeftUpperArm"] = CFrame.new(5.960464477539063e-08, -4.76837158203125e-07, -5.21540641784668e-08, 0.9229637384414673, 0.23449769616127014, -0.3052027225494385, -0.24566258490085602, 0.9693536758422852, 0.001879335381090641, 0.29629021883010864, 0.07324226200580597, 0.9522855877876282),
            ["RightLowerArm"] = CFrame.new(2.384185791015625e-07, 4.172325134277344e-07, 1.043081283569336e-07, 1, -1.0058287358560847e-07, 8.195639367158947e-08, 8.195638656616211e-08, 0.4112247824668884, -0.9115340113639832, 6.332993507385254e-08, 0.9115340113639832, 0.4112246632575989),
            ["LeftHand"] = CFrame.new(-1.260777935385704e-07, -3.5762786865234375e-07, 3.1478703022003174e-07, 0.8592202663421631, -0.37520483136177063, -0.34779560565948486, 0.3514420986175537, 0.9268977046012878, -0.13171608746051788, 0.3717915713787079, -0.009056899696588516, 0.9282721281051636),
            ["LeftFoot"] = CFrame.new(-3.725290298461914e-08, -5.960464477539063e-08, -3.725290298461914e-09, 0.8962607979774475, -0.24614675343036652, -0.368956059217453, 0.12009552866220474, 0.9354743957519531, -0.3323627710342407, 0.42695868015289307, 0.2535735070705414, 0.8679899573326111),
            ["LowerTorso"] = CFrame.new(-0.0628935843706131, -0.09970855712890625, -0.3221733272075653, 0.5691555142402649, 0.03267521411180496, -0.8215804100036621, -0.025291042402386665, 0.9994329810142517, 0.022228075191378593, 0.8218408226966858, 0.008127392269670963, 0.5696591734886169),
            ["RightLowerLeg"] = CFrame.new(-1.0244548320770264e-08, -0.0000035762786865234375, -0.000013148579455446452, 1, -6.63567405467802e-08, -2.7590441931124587e-08, 5.762559140976009e-08, 0.8662673830986023, 0.4995800852775574, -3.2421670681515025e-08, -0.49958065152168274, 0.866267740726471),
            ["LeftUpperLeg"] = CFrame.new(1.1920928955078125e-07, -9.853392839431763e-07, -1.862645149230957e-08, 0.9649628400802612, 0.2432161122560501, 0.0984521210193634, -0.23359732329845428, 0.9671983122825623, -0.09979848563671112, -0.11949533969163895, 0.0733039379119873, 0.9901250004768372),
            ["LeftLowerLeg"] = CFrame.new(-1.1920928955078125e-07, 0.000003814697265625, 0.000013314187526702881, 1, 8.987264976667575e-08, 0, -2.2351745343485163e-08, 0.9280663132667542, 0.37241506576538086, 1.136213683139431e-07, -0.3724149763584137, 0.9280663132667542),
        }},
        {Time = 0.067, Data = {
            ["RightFoot"] = CFrame.new(-1.257285475730896e-08, 3.5762786865234375e-07, 6.502523319795728e-08, 0.924328625202179, 0.030322685837745667, 0.38039037585258484, -0.0027241266798228025, 0.9973368644714355, -0.07288253307342529, -0.3815877139568329, 0.06633128225803375, 0.9219497442245483),
            ["LeftLowerArm"] = CFrame.new(-5.662441253662109e-07, -4.76837158203125e-07, 0.0000010542571544647217, 1, -5.029144389823159e-08, 3.725292518907963e-09, 4.423785782137202e-08, 0.9123963713645935, -0.40930798649787903, 1.3969850165551634e-08, 0.40930798649787903, 0.9123963117599487),
            ["RightUpperArm"] = CFrame.new(2.384185791015625e-07, 8.344650268554688e-07, 5.960464477539063e-08, 0.9556564688682556, -0.2699480652809143, -0.11768077313899994, 0.2715367078781128, 0.9624245762825012, -0.002625301480293274, 0.11396759748458862, -0.02944575622677803, 0.9930480718612671),
            ["Head"] = CFrame.new(-1.471489667892456e-07, -4.76837158203125e-07, 1.4901161193847656e-07, 0.8569720387458801, -0.050697050988674164, 0.5128629803657532, -0.008155928924679756, 0.9936909675598145, 0.11185552924871445, -0.5152984261512756, -0.1000400185585022, 0.8511520624160767),
            ["RightHand"] = CFrame.new(-8.940696716308594e-08, 0, 1.4901161193847656e-07, 0.5729029178619385, 0.1763656884431839, 0.800423264503479, -0.5800428986549377, 0.7772102952003479, 0.2439146339893341, -0.5790791511535645, -0.604019284248352, 0.5475656986236572),
            ["UpperTorso"] = CFrame.new(8.288770914077759e-08, -4.76837158203125e-07, 0, 0.9671895503997803, 0.014169139787554741, -0.2536607086658478, 0.014328503049910069, 0.9938122034072876, 0.11014644056558609, 0.25365182757377625, -0.11016708612442017, 0.9610015749931335),
            ["HumanoidRootPart"] = CFrame.new(0, 0, 0, 1, 0, 0, 0, 1, 0, 0, 0, 1),
            ["RightUpperLeg"] = CFrame.new(-2.682209014892578e-07, -4.969188012182713e-07, 5.045876605436206e-08, 0.686138391494751, -0.45744144916534424, -0.5656514763832092, -0.018954787403345108, 0.7660530209541321, -0.6424980163574219, 0.7272241711616516, 0.4515642821788788, 0.5169476270675659),
            ["LeftUpperArm"] = CFrame.new(0, 2.384185791015625e-07, 8.940696716308594e-08, 0.8934329748153687, 0.271121084690094, -0.3581489622592926, -0.2902194559574127, 0.956960141658783, 0.00044787314254790545, 0.34285587072372437, 0.10354157537221909, 0.9336643815040588),
            ["RightLowerArm"] = CFrame.new(0.0000016093254089355469, 2.384185791015625e-07, 1.043081283569336e-07, 1, -8.195639367158947e-08, 7.4505820180093e-08, 9.12695767851801e-08, 0.4543839991092682, -0.8908060193061829, 6.332991375757047e-08, 0.8908059597015381, 0.4543839991092682),
            ["LeftHand"] = CFrame.new(-4.4517219066619873e-07, -2.980232238769531e-07, 2.980232238769531e-07, 0.8856103420257568, -0.3672926127910614, -0.2842366099357605, 0.3255191147327423, 0.9274227619171143, -0.18418605625629425, 0.33125776052474976, 0.0705927386879921, 0.9408958554267883),
            ["LeftFoot"] = CFrame.new(9.685754776000977e-08, 5.960464477539063e-08, -1.0803341865539551e-07, 0.943869411945343, -0.23648212850093842, -0.23062315583229065, 0.1219131201505661, 0.8982878923416138, -0.4221568703651428, 0.3069983422756195, 0.37034448981285095, 0.8766964077949524),
            ["LowerTorso"] = CFrame.new(-0.03692426532506943, -0.14365768432617188, -0.31498560309410095, 0.5757642984390259, 0.04071560502052307, -0.8166013360023499, -0.02796047367155552, 0.9991556406021118, 0.030103525146842003, 0.8171375393867493, 0.005500017665326595, 0.576416552066803),
            ["RightLowerLeg"] = CFrame.new(-3.725290298461914e-09, -0.000003874301910400391, -0.000013286415196489543, 1, -1.0663643479347229e-07, -5.983748962989921e-08, 6.891786341611805e-08, 0.8587127327919006, 0.5124570727348328, -4.0978189730367376e-08, -0.5124573707580566, 0.858712911605835),
            ["LeftUpperLeg"] = CFrame.new(-2.980232238769531e-07, -5.75091689825058e-07, -1.4901161193847656e-07, 0.9715821146965027, 0.23055124282836914, 0.05361412465572357, -0.21805249154567719, 0.9598932266235352, -0.17623305320739746, -0.09209427982568741, 0.15953455865383148, 0.9828873872756958),
            ["LeftLowerLeg"] = CFrame.new(3.2782554626464844e-07, 0.0000037550926208496094, 0.000013306736946105957, 1, 3.725290653733282e-08, -1.4901161193847656e-08, -4.284083843231201e-08, 0.8271844387054443, 0.5619308352470398, 6.705522537231445e-08, -0.5619305372238159, 0.82718425989151),
        }},
        {Time = 0.100, Data = {
            ["RightFoot"] = CFrame.new(6.984919309616089e-09, 2.384185791015625e-07, 3.894820110872388e-08, 0.9559911489486694, 0.02106294222176075, 0.2926386892795563, -0.028297707438468933, 0.9993891716003418, 0.020510848611593246, -0.2920275926589966, -0.02788911573588848, 0.9560031294822693),
            ["LeftLowerArm"] = CFrame.new(-3.2782554626464844e-07, -7.152557373046875e-07, 9.238719940185547e-07, 1, -3.53902720462429e-08, -3.725291186640334e-09, 1.8626462150450607e-08, 0.9120531678199768, -0.41007208824157715, 7.450585037815927e-09, 0.41007211804389954, 0.912053108215332),
            ["RightUpperArm"] = CFrame.new(1.1920928955078125e-07, 7.152557373046875e-07, 4.470348358154297e-08, 0.9653956294059753, -0.25953757762908936, -0.025523528456687927, 0.25902822613716125, 0.9656276106834412, -0.021629884839057922, 0.030259963124990463, 0.014270087704062462, 0.9994402527809143),
            ["Head"] = CFrame.new(-1.1175870895385742e-07, -4.76837158203125e-07, 1.4901161193847656e-07, 0.8415403366088867, -0.04889746010303497, 0.5379764437675476, -0.02798689901828766, 0.9906108379364014, 0.1338171511888504, -0.5394688844680786, -0.12766890227794647, 0.832270622253418),
            ["RightHand"] = CFrame.new(-2.980232238769531e-07, -2.384185791015625e-07, -4.172325134277344e-07, 0.6347271800041199, 0.18024328351020813, 0.7514212727546692, -0.46450236439704895, 0.8661155700683594, 0.18461120128631592, -0.6175428628921509, -0.46621468663215637, 0.6334704756736755),
            ["UpperTorso"] = CFrame.new(8.568167686462402e-08, -3.2782554626464844e-07, 7.450580596923828e-09, 0.9789655208587646, -0.02004852518439293, -0.2030387669801712, 0.03622159734368324, 0.9964302182197571, 0.07625498622655869, 0.2007851004600525, -0.08200539648532867, 0.9761970043182373),
            ["HumanoidRootPart"] = CFrame.new(0, 0, 0, 1, 0, 0, 0, 1, 0, 0, 0, 1),
            ["RightUpperLeg"] = CFrame.new(-2.384185791015625e-07, -7.278867997229099e-07, 1.3205863069742918e-08, 0.7223125100135803, -0.45667994022369385, -0.5193347930908203, 0.0036138417199254036, 0.7534356713294983, -0.6575117111206055, 0.6915574073791504, 0.4730519950389862, 0.5458660125732422),
            ["LeftUpperArm"] = CFrame.new(0, 4.76837158203125e-07, 2.9802322387695312e-08, 0.9058637619018555, 0.31013450026512146, -0.2884916663169861, -0.32072243094444275, 0.9471083879470825, 0.011092904023826122, 0.276673287153244, 0.08247700333595276, 0.9574181437492371),
            ["RightLowerArm"] = CFrame.new(0.0000010728836059570312, 0.000002384185791015625, -6.332993507385254e-08, 1, -1.1920930376163597e-07, 2.980232949312267e-08, 6.146728992462158e-08, 0.508280336856842, -0.8611916303634644, 3.166496753692627e-08, 0.8611916899681091, 0.5082804560661316),
            ["LeftHand"] = CFrame.new(-7.487833499908447e-07, -4.76837158203125e-07, 2.5331974029541016e-07, 0.9011381268501282, -0.3393920660018921, -0.2697466015815735, 0.28533515334129333, 0.9327510595321655, -0.22036191821098328, 0.32639554142951965, 0.1216084361076355, 0.9373779892921448),
            ["LeftFoot"] = CFrame.new(1.043081283569336e-07, -1.7881393432617188e-07, 0, 0.9715121388435364, -0.23535090684890747, -0.027822135016322136, 0.2018844336271286, 0.8833656311035156, -0.4229755401611328, 0.124124675989151, 0.40530890226364136, 0.9057139158248901),
            ["LowerTorso"] = CFrame.new(0.029423851519823074, -0.15614748001098633, -0.2899134159088135, 0.6133004426956177, 0.057233650237321854, -0.7877734303474426, -0.03012651763856411, 0.9983405470848083, 0.04907764494419098, 0.7892749905586243, -0.006366479676216841, 0.6140069365501404),
            ["RightLowerLeg"] = CFrame.new(1.4901161193847656e-08, -0.0000035762786865234375, -0.000013307835615705699, 1, -8.475035429000854e-08, -2.980233304583635e-08, 8.102506399154663e-08, 0.8355872631072998, 0.5493570566177368, -1.7695128917694092e-08, -0.5493577718734741, 0.8355877995491028),
            ["LeftUpperLeg"] = CFrame.new(5.960464477539063e-08, -3.962777554988861e-07, -2.9802322387695312e-08, 0.9786000847816467, 0.20575611293315887, -0.0025364533066749573, -0.20300361514091492, 0.9633469581604004, -0.17536327242851257, -0.03363842889666557, 0.17212550342082977, 0.9845005869865417),
            ["LeftLowerLeg"] = CFrame.new(-1.043081283569336e-07, 0.000003814697265625, 0.000013366341590881348, 1, -1.4901161193847656e-08, 1.1175870895385742e-07, -2.9802322387695312e-08, 0.7992507815361023, 0.600997805595398, -3.91155481338501e-08, -0.6009976863861084, 0.7992507219314575),
        }},
        {Time = 0.133, Data = {
            ["RightFoot"] = CFrame.new(1.30385160446167e-08, 4.172325134277344e-07, -1.9725121092051268e-08, 0.9952396750450134, 0.09732270240783691, -0.005134372506290674, -0.09745337814092636, 0.9943315982818604, -0.04251578822731972, 0.000968080130405724, 0.04281394183635712, 0.9990826845169067),
            ["LeftLowerArm"] = CFrame.new(-2.384185791015625e-07, 0, 8.791685104370117e-07, 1, -8.940703111193216e-08, 1.4901171851988693e-08, 6.705527511030596e-08, 0.8628455996513367, -0.5054677128791809, 1.8626465703164286e-08, 0.5054677128791809, 0.8628455996513367),
            ["RightUpperArm"] = CFrame.new(0, 0.0000011920928955078125, 6.332993507385254e-08, 0.954443633556366, -0.2739705741405487, 0.11822658032178879, 0.2664569020271301, 0.9608795642852783, 0.07557269930839539, -0.1343061625957489, -0.04062757268548012, 0.9901067614555359),
            ["Head"] = CFrame.new(-8.940696716308594e-08, -3.5762786865234375e-07, 6.332993507385254e-08, 0.8279750347137451, -0.05165225639939308, 0.5583810210227966, -0.05289186164736748, 0.9841161966323853, 0.1694631278514862, -0.5582650303840637, -0.16984505951404572, 0.8120917677879333),
            ["RightHand"] = CFrame.new(1.7881393432617188e-07, -3.5762786865234375e-07, 1.4901161193847656e-07, 0.7727746367454529, 0.15071767568588257, 0.616525411605835, -0.2775495946407318, 0.9538382291793823, 0.11471232771873474, -0.5707762837409973, -0.2597631514072418, 0.778933584690094),
            ["UpperTorso"] = CFrame.new(4.0978193283081055e-08, 5.960464477539063e-08, 1.4901161193847656e-08, 0.9893423318862915, -0.056605786085128784, -0.13415510952472687, 0.062190376222133636, 0.9973480701446533, 0.03780600428581238, 0.13165917992591858, -0.045746270567178726, 0.9902389645576477),
            ["HumanoidRootPart"] = CFrame.new(0, 0, 0, 1, 0, 0, 0, 1, 0, 0, 0, 1),
            ["RightUpperLeg"] = CFrame.new(-2.980232238769531e-07, -6.498303264379501e-07, -6.129994289949536e-08, 0.8567439913749695, -0.3859809339046478, -0.342065691947937, 0.0888219103217125, 0.7637648582458496, -0.6393542885780334, 0.5080359578132629, 0.5173799395561218, 0.6886343955993652),
            ["LeftUpperArm"] = CFrame.new(-2.384185791015625e-07, 4.76837158203125e-07, 4.842877388000488e-08, 0.9386854767799377, 0.309682160615921, -0.15154702961444855, -0.30857792496681213, 0.9506821632385254, 0.031354870647192, 0.1537831723690033, 0.017331711947917938, 0.9879526495933533),
            ["RightLowerArm"] = CFrame.new(5.364418029785156e-07, 0.0000010132789611816406, 1.1920928955078125e-07, 1, -8.940699558479537e-08, 7.450580596923828e-08, 7.823110337312755e-08, 0.4750063717365265, -0.8799823522567749, 6.33299421792799e-08, 0.8799824118614197, 0.4750063419342041),
            ["LeftHand"] = CFrame.new(-3.129243850708008e-07, 2.980232238769531e-07, 5.364418029785156e-07, 0.8769641518592834, -0.262906938791275, -0.4022608995437622, 0.18781210482120514, 0.9580064415931702, -0.21668042242527008, 0.4423352777957916, 0.11447155475616455, 0.8895143866539001),
            ["LeftFoot"] = CFrame.new(2.9802322387695312e-08, -5.960464477539063e-08, 5.960464477539063e-08, 0.9643144011497498, -0.2558456361293793, 0.06812306493520737, 0.26315438747406006, 0.8979015946388245, -0.35287830233573914, 0.02911439910531044, 0.35821202397346497, 0.9331861138343811),
            ["LowerTorso"] = CFrame.new(0.12194327265024185, -0.149757981300354, -0.25533464550971985, 0.6665601134300232, 0.07055346667766571, -0.7421050667762756, -0.0260824766010046, 0.9971088767051697, 0.07136989384889603, 0.7449949383735657, -0.028216397389769554, 0.6664732098579407),
            ["RightLowerLeg"] = CFrame.new(-4.470348358154297e-08, -0.000003635883331298828, -0.000013312492228578776, 1, -9.336512363233851e-08, -7.2177499532699585e-09, 6.332992086299782e-08, 0.7901546359062195, 0.612907350063324, -5.5879340266073996e-08, -0.6129076480865479, 0.7901548147201538),
            ["LeftUpperLeg"] = CFrame.new(-5.960464477539063e-08, -2.7194619178771973e-07, -2.9802322387695312e-08, 0.9729174971580505, 0.23010797798633575, -0.02195599302649498, -0.23006576299667358, 0.9547625780105591, -0.18840937316417694, -0.022391773760318756, 0.1883583813905716, 0.9818450808525085),
            ["LeftLowerLeg"] = CFrame.new(-1.4901161193847656e-08, 0.000003933906555175781, 0.000013276934623718262, 1, -2.980232594040899e-08, -2.9802318834981634e-08, 2.60770320892334e-08, 0.7994819283485413, 0.6006907224655151, 6.705522537231445e-08, -0.6006901860237122, 0.7994815707206726),
        }},
        {Time = 0.167, Data = {
            ["RightFoot"] = CFrame.new(-1.30385160446167e-08, 3.5762786865234375e-07, -2.9038346838206053e-08, 0.9960674047470093, 0.08192495256662369, -0.03373463824391365, -0.08388030529022217, 0.9945867657661438, -0.06132883578538895, 0.028527677059173584, 0.06391728669404984, 0.9975473880767822),
            ["LeftLowerArm"] = CFrame.new(7.152557373046875e-07, -1.1920928955078125e-07, 0.0000012218952178955078, 1, -6.705524668859653e-08, 3.7252924300901213e-08, 6.146732545175837e-08, 0.6870167255401611, -0.7266416549682617, -4.0978218152076806e-08, 0.7266416549682617, 0.6870167851448059),
            ["RightUpperArm"] = CFrame.new(0, 9.5367431640625e-07, 0, 0.9213176965713501, -0.34341198205947876, 0.18232396245002747, 0.29213055968284607, 0.9208499789237976, 0.25825434923171997, -0.25658074021339417, -0.1846717894077301, 0.948716402053833),
            ["Head"] = CFrame.new(-1.1920928955078125e-07, -5.960464477539062e-07, 2.9802322387695312e-08, 0.8250924944877625, -0.0519639328122139, 0.5626030564308167, -0.08352197706699371, 0.9736035466194153, 0.21241560578346252, -0.5587903261184692, -0.22225216031074524, 0.7989728450775146),
            ["RightHand"] = CFrame.new(-3.725290298461914e-07, 0, 3.427267074584961e-07, 0.8858307600021362, 0.07974249869585037, 0.45710504055023193, -0.17849011719226837, 0.967881441116333, 0.17705079913139343, -0.4283049404621124, -0.23842565715312958, 0.8716123700141907),
            ["UpperTorso"] = CFrame.new(7.450580596923828e-08, -1.1920928955078125e-07, 5.960464477539063e-08, 0.9946152567863464, -0.08595135807991028, -0.057905279099941254, 0.0864102691411972, 0.9962446689605713, 0.0054636150598526, 0.057218216359615326, -0.010437809862196445, 0.9983071684837341),
            ["HumanoidRootPart"] = CFrame.new(0, 0, 0, 1, 0, 0, 0, 1, 0, 0, 0, 1),
            ["RightUpperLeg"] = CFrame.new(-1.7881393432617188e-07, -0.0000010654330253601074, -1.0600342648103833e-07, 0.8236321210861206, -0.33269691467285156, -0.4592851996421814, 0.048581235110759735, 0.8482620120048523, -0.52734375, 0.565039873123169, 0.41202467679977417, 0.7148186564445496),
            ["LeftUpperArm"] = CFrame.new(0, 3.5762786865234375e-07, 7.450580596923828e-08, 0.9740298986434937, 0.22427815198898315, 0.031066033989191055, -0.2263801246881485, 0.9672095775604248, 0.11514259874820709, -0.004223393741995096, -0.11918509006500244, 0.9928630590438843),
            ["RightLowerArm"] = CFrame.new(0.0000010728836059570312, 1.1920928955078125e-07, 5.364418029785156e-07, 1, -8.940698847936801e-08, 7.078052277620372e-08, 5.21540641784668e-08, 0.08468277007341385, -0.9964079856872559, 8.940696716308594e-08, 0.9964079856872559, 0.08468270301818848),
            ["LeftHand"] = CFrame.new(-2.384185791015625e-07, 0, 1.4901161193847656e-07, 0.7377266883850098, -0.1379033923149109, -0.6608645915985107, 0.11760105192661285, 0.9901984333992004, -0.07534714043140411, 0.6647776961326599, -0.022132784128189087, 0.7467132806777954),
            ["LeftFoot"] = CFrame.new(-2.9802322387695312e-08, 5.960464477539063e-08, -4.470348358154297e-08, 0.9627259969711304, -0.2420482337474823, -0.12071201950311661, 0.22356876730918884, 0.9633032083511353, -0.14853991568088531, 0.15223592519760132, 0.11601585894823074, 0.9815114140510559),
            ["LowerTorso"] = CFrame.new(0.21074067056179047, -0.09070158004760742, -0.2182144820690155, 0.7354989647865295, 0.0720224380493164, -0.6736869215965271, -0.014774007722735405, 0.9958023428916931, 0.09032956510782242, 0.6773647665977478, -0.056484248489141464, 0.7334756255149841),
            ["RightLowerLeg"] = CFrame.new(-7.450580596923828e-09, -0.000003516674041748047, -0.000013362783647608012, 1, -8.754432911928234e-08, -4.656613983300417e-10, 7.450580596923828e-08, 0.8616880774497986, 0.5074381232261658, -3.725290298461914e-09, -0.5074384212493896, 0.8616882562637329),
            ["LeftUpperLeg"] = CFrame.new(-5.960464477539063e-08, -4.2654573917388916e-07, 8.940696716308594e-08, 0.9357457160949707, 0.3301314413547516, 0.12406984716653824, -0.2905842661857605, 0.9210691452026367, -0.25921496748924255, -0.199851855635643, 0.20650659501552582, 0.9578174948692322),
            ["LeftLowerLeg"] = CFrame.new(-2.9802322387695312e-08, 0.000004172325134277344, 0.000013276934623718262, 1, -2.2351745343485163e-08, 5.21540641784668e-08, -7.450581307466564e-08, 0.8451326489448547, 0.5345568656921387, -8.940698137394065e-08, -0.5345566272735596, 0.8451325297355652),
        }},
        {Time = 0.200, Data = {
            ["RightFoot"] = CFrame.new(-2.7939677238464355e-08, 2.980232238769531e-07, 1.0041549103334546e-07, 0.9956445097923279, 0.08267191052436829, -0.04309840127825737, -0.08539745211601257, 0.9941725134849548, -0.06579026579856873, 0.0374084934592247, 0.0691843256354332, 0.9969022870063782),
            ["LeftLowerArm"] = CFrame.new(-2.384185791015625e-07, -5.960464477539063e-08, 0.0000010132789611816406, 1, -2.980232594040899e-08, 8.195644340958097e-08, 6.705525379402388e-08, 0.5228750705718994, -0.8524093627929688, 4.2840859748594085e-08, 0.8524093627929688, 0.5228750705718994),
            ["RightUpperArm"] = CFrame.new(3.5762786865234375e-07, 5.960464477539062e-07, -5.960464477539063e-08, 0.8876835703849792, -0.40215864777565, 0.22424598038196564, 0.32778632640838623, 0.8939473032951355, 0.3056378662586212, -0.3233790397644043, -0.19780486822128296, 0.9253644943237305),
            ["Head"] = CFrame.new(-1.341104507446289e-07, -7.152557373046875e-07, 7.450580596923828e-08, 0.8397449851036072, -0.044070225208997726, 0.5411896109580994, -0.11167463660240173, 0.9613751173019409, 0.25156840682029724, -0.5313730239868164, -0.2716904282569885, 0.8023884296417236),
            ["RightHand"] = CFrame.new(6.17656041868031e-08, -5.960464477539063e-08, -3.371533239260316e-07, 0.9421155452728271, -0.046591706573963165, 0.3320356011390686, 0.0021159935276955366, 0.9911044836044312, 0.1330695003271103, -0.33528202772140503, -0.12466424703598022, 0.9338335394859314),
            ["UpperTorso"] = CFrame.new(6.798654794692993e-08, 8.940696716308594e-08, 2.9802322387695312e-08, 0.9939290881156921, -0.10509593784809113, -0.03255600854754448, 0.10469651222229004, 0.9944092631340027, -0.013746017590165138, 0.0338185653090477, 0.010254055261611938, 0.9993754029273987),
            ["HumanoidRootPart"] = CFrame.new(0, 0, 0, 1, 0, 0, 0, 1, 0, 0, 0, 1),
            ["RightUpperLeg"] = CFrame.new(-3.5762786865234375e-07, -1.1874362826347351e-07, -9.85528458841145e-08, 0.7292990684509277, -0.27749699354171753, -0.6253946423530579, 0.022012419998645782, 0.9231020212173462, -0.38392478227615356, 0.6838409304618835, 0.26622942090034485, 0.6793255805969238),
            ["LeftUpperArm"] = CFrame.new(-1.1920928955078125e-07, -3.5762786865234375e-07, 0, 0.9868975877761841, 0.14155909419059753, 0.0774235874414444, -0.1537172794342041, 0.9707304835319519, 0.18453584611415863, -0.049034684896469116, -0.1940193623304367, 0.9797714948654175),
            ["RightLowerArm"] = CFrame.new(4.76837158203125e-07, 0, 4.76837158203125e-07, 1, -8.940696716308594e-08, 8.195639367158947e-08, 5.960465188081798e-08, 0.009606420993804932, -0.9999539256095886, 8.940698137394065e-08, 0.9999538660049438, 0.009606444276869297),
            ["LeftHand"] = CFrame.new(-5.960464477539063e-08, 5.960464477539063e-08, 1.7881393432617188e-07, 0.5507139563560486, -0.06068921461701393, -0.832484781742096, 0.10515180230140686, 0.9944519400596619, -0.002935707103461027, 0.8280442357063293, -0.08592062443494797, 0.5540400147438049),
            ["LeftFoot"] = CFrame.new(0, 5.960464477539063e-08, -6.705522537231445e-08, 0.9225620031356812, -0.1378130167722702, -0.36039844155311584, 0.1722438484430313, 0.9829033017158508, 0.06506308913230896, 0.34527018666267395, -0.12210109829902649, 0.930526614189148),
            ["LowerTorso"] = CFrame.new(0.28140634298324585, -0.0467381477355957, -0.18535301089286804, 0.8360373973846436, 0.05876248702406883, -0.5455167293548584, -0.004254598170518875, 0.9949127435684204, 0.10065054148435593, 0.5486559867858887, -0.08182666450738907, 0.8320342898368835),
            ["RightLowerLeg"] = CFrame.new(3.725290298461914e-08, -0.000003814697265625, -0.000013388860679697245, 1, -7.543713564928112e-08, 5.122274160385132e-09, 5.91389976989376e-08, 0.9267570376396179, 0.3756610155105591, -1.6763809895792292e-08, -0.37566155195236206, 0.9267571568489075),
            ["LeftUpperLeg"] = CFrame.new(2.9802322387695312e-08, -4.386529326438904e-07, -1.4901161193847656e-08, 0.8967755436897278, 0.41688480973243713, 0.14832690358161926, -0.31811103224754333, 0.8404114246368408, -0.4387644827365875, -0.3075697720050812, 0.3462887108325958, 0.8862758874893188),
            ["LeftLowerLeg"] = CFrame.new(0, 0.000004112720489501953, 0.000013306736946105957, 1, 4.842877388000488e-08, 5.2154071283894154e-08, -3.725290653733282e-08, 0.811333954334259, 0.5845831036567688, 8.195639367158947e-08, -0.5845829248428345, 0.811333954334259),
        }},
        {Time = 0.233, Data = {
            ["RightFoot"] = CFrame.new(-1.1175870895385742e-08, 3.5762786865234375e-07, 2.4047039914876223e-08, 0.9862596392631531, 0.11924775689840317, -0.1143316775560379, -0.12371397018432617, 0.9917766451835632, -0.03277130424976349, 0.10948393493890762, 0.0464656800031662, 0.9929019808769226),
            ["LeftLowerArm"] = CFrame.new(-2.384185791015625e-07, 9.5367431640625e-07, 7.450580596923828e-07, 1, -4.842878098543224e-08, 7.82311460056917e-08, 5.587938289863814e-08, 0.3963351845741272, -0.9181059002876282, 8.381907434795721e-08, 0.918105959892273, 0.3963351845741272),
            ["RightUpperArm"] = CFrame.new(2.384185791015625e-07, 5.960464477539062e-07, -2.7939677238464355e-08, 0.8730641603469849, -0.39517325162887573, 0.28565189242362976, 0.3258223831653595, 0.9086394309997559, 0.261178582906723, -0.3627654016017914, -0.1349538117647171, 0.9220568537712097),
            ["Head"] = CFrame.new(-1.6391277313232422e-07, -7.152557373046875e-07, 5.21540641784668e-08, 0.8709033131599426, -0.019306108355522156, 0.49107488989830017, -0.129585862159729, 0.9548450708389282, 0.2673545181751251, -0.47406208515167236, -0.2964763045310974, 0.8290760517120361),
            ["RightHand"] = CFrame.new(-3.91155481338501e-08, -4.172325134277344e-07, 2.682209014892578e-07, 0.948091983795166, -0.15922144055366516, 0.27526387572288513, 0.15275916457176208, 0.9872427582740784, 0.04490412771701813, -0.27890193462371826, -0.0005241783219389617, 0.9603195190429688),
            ["UpperTorso"] = CFrame.new(7.078051567077637e-08, 2.384185791015625e-07, 3.725290298461914e-08, 0.9923439621925354, -0.10574866086244583, -0.06380285322666168, 0.10495546460151672, 0.9943535327911377, -0.01566748134791851, 0.06509940326213837, 0.00885104387998581, 0.9978395104408264),
            ["HumanoidRootPart"] = CFrame.new(0, 0, 0, 1, 0, 0, 0, 1, 0, 0, 0, 1),
            ["RightUpperLeg"] = CFrame.new(-2.980232238769531e-07, 1.4551915228366852e-07, 3.892637323588133e-09, 0.6228979825973511, -0.19289126992225647, -0.7581499814987183, 0.030349308624863625, 0.9743542671203613, -0.22296375036239624, 0.7817142605781555, 0.11587433516979218, 0.6127771735191345),
            ["LeftUpperArm"] = CFrame.new(0, 3.5762786865234375e-07, 5.960464477539063e-08, 0.984459400177002, 0.1572333425283432, 0.07821476459503174, -0.17282353341579437, 0.946492612361908, 0.2725507318973541, -0.031175758689641953, -0.28183242678642273, 0.9589570760726929),
            ["RightLowerArm"] = CFrame.new(8.940696716308594e-07, 0.0000016093254089355469, 1.7881393432617188e-07, 1, -8.568168397005138e-08, 9.592621097453957e-08, 1.294538236606968e-07, 0.06956828385591507, -0.9975771903991699, 9.872017869838601e-08, 0.9975772500038147, 0.06956824660301208),
            ["LeftHand"] = CFrame.new(-4.6193599700927734e-07, -2.384185791015625e-07, -1.1920928955078125e-07, 0.3963333070278168, -0.07128830999135971, -0.9153348803520203, 0.12180837243795395, 0.9922503232955933, -0.024536412209272385, 0.9099904894828796, -0.10177083313465118, 0.4019452929496765),
            ["LeftFoot"] = CFrame.new(4.842877388000488e-08, -5.960464477539063e-08, -1.19674950838089e-07, 0.8986746668815613, -0.044895466417074203, -0.43631190061569214, 0.1598259061574936, 0.9598749876022339, 0.23042535781860352, 0.4084601104259491, -0.276811420917511, 0.8697908520698547),
            ["LowerTorso"] = CFrame.new(0.3348654806613922, -0.02133345603942871, -0.1609477549791336, 0.9361773133277893, 0.02519250102341175, -0.3506242632865906, 0.01172860898077488, 0.9946349263191223, 0.10278067737817764, 0.351332426071167, -0.10033328086137772, 0.9308591485023499),
            ["RightLowerLeg"] = CFrame.new(-1.1175870895385742e-08, -0.000003516674041748047, -0.00001312436506850645, 1, -2.7939684343891713e-08, -6.705522537231445e-08, 4.0978196835794733e-08, 0.9707306623458862, 0.24017059803009033, 1.1175872671742582e-08, -0.24017079174518585, 0.970730721950531),
            ["LeftUpperLeg"] = CFrame.new(2.9802322387695312e-08, 2.584420144557953e-08, 6.705522537231445e-08, 0.8972076177597046, 0.4336088001728058, 0.08367738127708435, -0.29951727390289307, 0.7367381453514099, -0.606222927570343, -0.32451170682907104, 0.5188452005386353, 0.7908805012702942),
            ["LeftLowerLeg"] = CFrame.new(-3.3527612686157227e-08, 0.0000040531158447265625, 0.000013321638107299805, 1, 1.0244548320770264e-07, 2.398156162541909e-08, -4.470348358154297e-08, 0.743148148059845, 0.6691269874572754, 2.9802322387695312e-08, -0.6691269278526306, 0.7431480884552002),
        }},
        {Time = 0.267, Data = {
            ["RightFoot"] = CFrame.new(-4.842877388000488e-08, 1.1920928955078125e-07, 6.595655577257276e-08, 0.9653736352920532, 0.18293496966362, -0.18597982823848724, -0.16906596720218658, 0.9816668629646301, 0.08801664412021637, 0.19867190718650818, -0.05352603271603584, 0.9786034226417542),
            ["LeftLowerArm"] = CFrame.new(4.172325134277344e-07, -2.384185791015625e-07, 7.152557373046875e-07, 1, -8.940698137394065e-08, 5.960468030252741e-08, 8.195644340958097e-08, 0.3148868680000305, -0.9491292834281921, 6.705527511030596e-08, 0.9491292238235474, 0.3148868978023529),
            ["RightUpperArm"] = CFrame.new(2.384185791015625e-07, 3.5762786865234375e-07, 3.725290298461914e-09, 0.8987008333206177, -0.34076347947120667, 0.2760743796825409, 0.2899234890937805, 0.9339491128921509, 0.20900604128837585, -0.3290611505508423, -0.10779348760843277, 0.9381361603736877),
            ["Head"] = CFrame.new(-5.960464477539063e-08, -0.0000010728836059570312, 1.0803341865539551e-07, 0.91103595495224, 0.017088305205106735, 0.4119725525379181, -0.13406656682491302, 0.9571276903152466, 0.25677382946014404, -0.389922559261322, -0.2891619801521301, 0.8742687702178955),
            ["RightHand"] = CFrame.new(-4.470348358154297e-08, -4.76837158203125e-07, 4.470348358154297e-07, 0.9477677941322327, -0.20077508687973022, 0.24784208834171295, 0.2142329216003418, 0.9763728976249695, -0.02829112485051155, -0.23630617558956146, 0.07990933209657669, 0.968387246131897),
            ["UpperTorso"] = CFrame.new(7.078051567077637e-08, -5.960464477539063e-08, 1.862645149230957e-08, 0.9874544739723206, -0.07723294198513031, -0.13772770762443542, 0.07698928564786911, 0.9970067143440247, -0.007103323936462402, 0.13786403834819794, -0.003589336760342121, 0.9904446601867676),
            ["HumanoidRootPart"] = CFrame.new(0, 0, 0, 1, 0, 0, 0, 1, 0, 0, 0, 1),
            ["RightUpperLeg"] = CFrame.new(-2.384185791015625e-07, -0.0000015022233128547668, -5.757465260103345e-08, 0.5239513516426086, -0.03853373974561691, -0.8508762121200562, 0.054015036672353745, 0.9984685778617859, -0.011956579983234406, 0.850033700466156, -0.03969553858041763, 0.5252301692962646),
            ["LeftUpperArm"] = CFrame.new(1.1920928955078125e-07, 1.1920928955078125e-07, 3.3527612686157227e-08, 0.9826921224594116, 0.17340070009231567, 0.06517989933490753, -0.18524621427059174, 0.9203860759735107, 0.34434473514556885, -0.00028105705860070884, -0.3504592180252075, 0.9365779757499695),
            ["RightLowerArm"] = CFrame.new(0.0000010728836059570312, 5.364418029785156e-07, -7.916241884231567e-08, 1, -7.823110337312755e-08, 6.332993507385254e-08, 4.470347647611561e-08, 0.11038146167993546, -0.9938893914222717, 9.872017869838601e-08, 0.9938892722129822, 0.11038149148225784),
            ["LeftHand"] = CFrame.new(-4.470348358154297e-07, -2.384185791015625e-07, 1.4901161193847656e-07, 0.3237660229206085, -0.09636823832988739, -0.9412167072296143, 0.12183815240859985, 0.9907631874084473, -0.05953040346503258, 0.9382596015930176, -0.09540203213691711, 0.33251672983169556),
            ["LeftFoot"] = CFrame.new(0, 5.960464477539063e-08, -4.470348358154297e-08, 0.9775029420852661, -0.11899310350418091, -0.17415179312229156, 0.1598079651594162, 0.9566934108734131, 0.24330921471118927, 0.13765770196914673, -0.26566603779792786, 0.9541864991188049),
