return {
    ["You're A Winner"] = {
        {Time = 0.000, Data = {
            ["LeftFoot"] = CFrame.new(4.284083843231201e-08, -5.960464477539063e-08, -1.0710209608078003e-08, 0.9892268776893616, -0.0989941880106926, 0.10784471780061722, 0.13485147058963776, 0.9029005765914917, -0.4081491529941559, -0.056968703866004944, 0.41829508543014526, 0.9065229892730713),
            ["LeftLowerArm"] = CFrame.new(2.9802322387695312e-08, -5.364418029785156e-07, -4.470348358154297e-08, 1, -4.0978193283081055e-08, 2.2351731132630448e-08, 2.7939670133036998e-08, 0.8974997997283936, -0.4410147964954376, 3.352760558072987e-08, 0.44101497530937195, 0.8974998593330383),
            ["RightUpperArm"] = CFrame.new(2.384185791015625e-07, -1.1920928955078125e-07, 1.1175870895385742e-07, 0.2514888048171997, -0.18772442638874054, 0.9494803547859192, 0.8585408329963684, 0.49617406725883484, -0.12930162250995636, -0.4468344748020172, 0.8476856350898743, 0.2859514057636261),
            ["Head"] = CFrame.new(2.9802322387695312e-08, -1.1920928955078125e-07, 5.3085386753082275e-08, 0.9486207365989685, -0.3110029399394989, 0.05827585980296135, 0.2526485323905945, 0.8553680181503296, 0.4522326588630676, -0.19049298763275146, -0.41427403688430786, 0.8899942636489868),
            ["RightHand"] = CFrame.new(-1.7881393432617188e-07, 2.384185791015625e-07, -1.564621925354004e-07, 0.8608038425445557, -0.34902939200401306, 0.3703986704349518, 0.42156097292900085, 0.8967399001121521, -0.13469989597797394, -0.28513720631599426, 0.27209576964378357, 0.9190542697906494),
            ["UpperTorso"] = CFrame.new(6.51925802230835e-09, -1.1920928955078125e-07, 3.958120942115784e-09, 0.995934247970581, -0.07392178475856781, 0.051485590636730194, 0.05676858499646187, 0.9587708711624146, 0.2784525752067566, -0.06994660943746567, -0.27439767122268677, 0.959069013595581),
            ["HumanoidRootPart"] = CFrame.new(0, 0, 0, 1, 0, 0, 0, 1, 0, 0, 0, 1),
            ["LeftUpperLeg"] = CFrame.new(-5.960464477539063e-08, -7.729977369308472e-08, 7.450580596923828e-09, 0.9891369342803955, 0.08741393685340881, -0.11818230152130127, -0.1256304532289505, 0.9201398491859436, -0.37089046835899353, 0.0763232409954071, 0.38170871138572693, 0.921126127243042),
            ["LeftUpperArm"] = CFrame.new(0, -5.960464477539062e-07, 1.043081283569336e-07, 0.9225708842277527, 0.3497082591056824, -0.1629941612482071, -0.3681151568889618, 0.9243460893630981, -0.1003771647810936, 0.11556027084589005, 0.1526058316230774, 0.9815077781677246),
            ["RightLowerArm"] = CFrame.new(0, -1.1920928955078125e-07, 2.3096799850463867e-07, 1, -4.8428766774577525e-08, 4.470347292340193e-08, 2.2351736461700966e-08, 0.8327373266220093, -0.5536680817604065, 2.4214381610931923e-08, 0.5536682605743408, 0.8327374458312988),
            ["LeftHand"] = CFrame.new(-2.5704503059387207e-07, 5.960464477539063e-08, 2.9802322387695312e-08, 0.9533612728118896, 0.10977689921855927, -0.2811611592769623, -0.1622513085603714, 0.9718719720840454, -0.17070285975933075, 0.25451335310935974, 0.20836003124713898, 0.9443564414978027),
            ["RightFoot"] = CFrame.new(-5.273614078760147e-08, 2.980232238769531e-07, 9.145878721028566e-09, 0.988295316696167, -0.007414084859192371, -0.15237261354923248, -0.04853297397494316, 0.9316433072090149, -0.36011841893196106, 0.14462687075138092, 0.3632987141609192, 0.9203789830207825),
            ["LowerTorso"] = CFrame.new(0.08205278217792511, -0.1436864137649536, 0.09576919674873352, 0.998711347579956, -0.027253512293100357, 0.04281258210539818, 0.02777590975165367, 0.9995463490486145, -0.011654846370220184, -0.042475517839193344, 0.012828989885747433, 0.9990151524543762),
            ["RightLowerLeg"] = CFrame.new(-7.078051567077637e-08, 2.384185791015625e-07, -5.2321411203593016e-08, 1, -1.005828522693264e-07, -4.330650327233343e-08, 1.0710209608078003e-07, 0.7131001949310303, 0.7010618448257446, -3.864988684654236e-08, -0.7010622024536133, 0.7131004333496094),
            ["RightUpperLeg"] = CFrame.new(0, 1.0710209608078003e-08, -2.4047039914876223e-08, 0.9955400228500366, -0.002198924543336034, -0.0943140909075737, -0.03404657170176506, 0.9239793419837952, -0.3809240758419037, 0.08798190206289291, 0.3824360966682434, 0.9197835326194763),
            ["LeftLowerLeg"] = CFrame.new(-2.1420419216156006e-08, 5.960464477539063e-08, 6.332993507385254e-08, 1, 7.357449760547752e-08, 2.7939687896605392e-08, -6.798654794692993e-08, 0.6742677688598633, 0.7384870052337646, 2.60770320892334e-08, -0.7384869456291199, 0.6742677688598633),
        }},
        {Time = 0.033, Data = {
            ["LeftFoot"] = CFrame.new(-7.59027898311615e-08, 5.960464477539063e-08, 5.587935447692871e-09, 0.9909752607345581, -0.10559415817260742, 0.08257202059030533, 0.13076463341712952, 0.8969882130622864, -0.4222709536552429, -0.02947678416967392, 0.4292575716972351, 0.9027010202407837),
            ["LeftLowerArm"] = CFrame.new(1.1920928955078125e-07, -1.1920928955078125e-07, 3.725290298461914e-08, 1, -5.587933316064664e-08, 0, 3.5390254282674505e-08, 0.8770726323127747, -0.48035791516304016, 2.607702853651972e-08, 0.4803577959537506, 0.8770726323127747),
            ["RightUpperArm"] = CFrame.new(1.1920928955078125e-07, -9.5367431640625e-07, 1.4901161193847656e-07, 0.2767655849456787, -0.19442802667617798, 0.9410624504089355, 0.8146459460258484, 0.5668808221817017, -0.12246628105640411, -0.509659469127655, 0.8005273342132568, 0.3152831196784973),
            ["Head"] = CFrame.new(2.2351741790771484e-08, -1.1920928955078125e-07, 7.171183824539185e-08, 0.9442564249038696, -0.32898253202438354, 0.012266447767615318, 0.27352339029312134, 0.8047213554382324, 0.5268858671188354, -0.18320731818675995, -0.49416014552116394, 0.8498476147651672),
            ["RightHand"] = CFrame.new(7.450580596923828e-09, -1.1920928955078125e-07, 2.9802322387695312e-08, 0.8997257947921753, -0.27986055612564087, 0.3349202871322632, 0.3457898497581482, 0.9252961277961731, -0.1557450294494629, -0.26631370186805725, 0.2559397518634796, 0.9292857050895691),
            ["UpperTorso"] = CFrame.new(4.6566128730773926e-09, -1.1920928955078125e-07, 5.122274160385132e-09, 0.9953030943870544, -0.0748506411910057, 0.061393026262521744, 0.05320125073194504, 0.9527413845062256, 0.2990880012512207, -0.0808785930275917, -0.29441705346107483, 0.9522485733032227),
            ["HumanoidRootPart"] = CFrame.new(0, 0, 0, 1, 0, 0, 0, 1, 0, 0, 0, 1),
            ["LeftUpperLeg"] = CFrame.new(0, -2.1862797439098358e-07, 2.421438694000244e-08, 0.9886741638183594, 0.08706150203943253, -0.12224490195512772, -0.1309228539466858, 0.8985273838043213, -0.41893652081489563, 0.07336720079183578, 0.4301964044570923, 0.8997491002082825),
            ["LeftUpperArm"] = CFrame.new(1.1920928955078125e-07, -3.5762786865234375e-07, 7.450580596923828e-09, 0.9077011346817017, 0.33309227228164673, -0.2552022933959961, -0.36995530128479004, 0.9222604036331177, -0.1121111810207367, 0.19801956415176392, 0.19617712497711182, 0.9603660106658936),
            ["RightLowerArm"] = CFrame.new(0, 0, -4.470348358154297e-08, 1, -4.8428763221863846e-08, 1.4901161193847656e-08, 9.313224857976365e-09, 0.8588398694992065, -0.5122441649436951, 1.1175869119028903e-08, 0.5122442245483398, 0.8588398694992065),
            ["LeftHand"] = CFrame.new(-5.960464477539063e-08, 2.980232238769531e-07, -5.960464477539063e-08, 0.9421650171279907, 0.10305224359035492, -0.318913072347641, -0.16227254271507263, 0.9728459119796753, -0.165040984749794, 0.29324546456336975, 0.20724673569202423, 0.9333038330078125),
            ["RightFoot"] = CFrame.new(8.149072527885437e-09, 3.5762786865234375e-07, 1.1008523870259523e-08, 0.986595869064331, -0.010813740082085133, -0.16282449662685394, -0.05423938110470772, 0.9193401336669922, -0.3897072672843933, 0.1539052277803421, 0.39331531524658203, 0.9064306020736694),
            ["LowerTorso"] = CFrame.new(0.08770263195037842, -0.1677337884902954, 0.10874771326780319, 0.9975330829620361, -0.02560851350426674, 0.06536010652780533, 0.02634449303150177, 0.9995986819267273, -0.010423386469483376, -0.06506694853305817, 0.012119553983211517, 0.9978073239326477),
            ["RightLowerLeg"] = CFrame.new(5.681067705154419e-08, 2.980232238769531e-07, -3.742025000974536e-08, 1, -1.0989607801548118e-07, -5.6345029975091165e-08, 1.1175870895385742e-07, 0.6609257459640503, 0.7504510879516602, -5.122274160385132e-08, -0.7504514455795288, 0.6609259843826294),
            ["RightUpperLeg"] = CFrame.new(-1.1920928955078125e-07, -1.760781742632389e-07, 3.892637323588133e-09, 0.9943381547927856, -0.009320163168013096, -0.10585255920886993, -0.035981688648462296, 0.9077684879302979, -0.41792577505111694, 0.0999847799539566, 0.4193682074546814, 0.9022934436798096),
            ["LeftLowerLeg"] = CFrame.new(4.330649971961975e-08, -1.7881393432617188e-07, 6.51925802230835e-08, 1, 6.798656215778465e-08, 2.7474023056583974e-08, -5.471520125865936e-08, 0.6254885792732239, 0.7802335023880005, 3.5390257835388184e-08, -0.7802334427833557, 0.6254884600639343),
        }},
        {Time = 0.067, Data = {
            ["LeftFoot"] = CFrame.new(-2.0954757928848267e-08, 5.960464477539063e-08, 2.9802322387695312e-08, 0.9920068979263306, -0.10853911936283112, 0.06435460597276688, 0.12562987208366394, 0.8972726464271545, -0.4232245683670044, -0.011807183735072613, 0.4279264807701111, 0.9037364721298218),
            ["LeftLowerArm"] = CFrame.new(5.960464477539063e-08, 6.556510925292969e-07, 7.450580596923828e-08, 1, -3.725290298461914e-08, 4.4703469370688254e-08, 2.6077035641947077e-08, 0.8575509190559387, -0.5143986940383911, 2.421439049271612e-08, 0.5143990516662598, 0.8575512170791626),
            ["RightUpperArm"] = CFrame.new(-5.960464477539063e-08, -7.152557373046875e-07, 1.1175870895385742e-07, 0.25580301880836487, -0.20261402428150177, 0.9452577829360962, 0.8122731447219849, 0.5752365589141846, -0.09651418030261993, -0.5241919159889221, 0.792496383190155, 0.3117254078388214),
            ["Head"] = CFrame.new(3.725290298461914e-09, -2.384185791015625e-07, 7.916241884231567e-08, 0.9399915933609009, -0.34053143858909607, -0.02131578139960766, 0.29028165340423584, 0.7653245329856873, 0.574469268321991, -0.17931140959262848, -0.5461838245391846, 0.8182486295700073),
            ["RightHand"] = CFrame.new(5.21540641784668e-08, 0, -1.043081283569336e-07, 0.9385241866111755, -0.19342780113220215, 0.28593388199806213, 0.25377243757247925, 0.9480991363525391, -0.19159266352653503, -0.2340342402458191, 0.25237616896629333, 0.9389005303382874),
            ["UpperTorso"] = CFrame.new(-9.313225746154785e-10, 1.1920928955078125e-07, 3.259629011154175e-09, 0.9948771595954895, -0.07660757750272751, 0.06596077233552933, 0.052538830786943436, 0.9492664933204651, 0.3100530207157135, -0.08636675029993057, -0.30499914288520813, 0.9484283924102783),
            ["HumanoidRootPart"] = CFrame.new(0, 0, 0, 1, 0, 0, 0, 1, 0, 0, 0, 1),
            ["LeftUpperLeg"] = CFrame.new(0, 2.260785549879074e-07, -1.6763806343078613e-08, 0.9890844225883484, 0.08435409516096115, -0.12081582844257355, -0.1297372281551361, 0.8872721195220947, -0.442624568939209, 0.06985926628112793, 0.45346736907958984, 0.8885309100151062),
            ["LeftUpperArm"] = CFrame.new(0, -7.152557373046875e-07, 1.4156103134155273e-07, 0.8905357122421265, 0.31403300166130066, -0.32913458347320557, -0.3668896555900574, 0.9235572814941406, -0.11150717735290527, 0.26895782351493835, 0.22005753219127655, 0.9376762509346008),
            ["RightLowerArm"] = CFrame.new(4.76837158203125e-07, 3.5762786865234375e-07, 5.960464477539063e-08, 1, -5.960465188081798e-08, 1.4901154088420299e-08, -1.6763808119435453e-08, 0.8826156258583069, -0.47009509801864624, 2.6077035641947077e-08, 0.47009551525115967, 0.8826158046722412),
            ["LeftHand"] = CFrame.new(1.341104507446289e-07, 2.384185791015625e-07, 1.4901161193847656e-07, 0.9281412363052368, 0.0931788757443428, -0.36037731170654297, -0.15835733711719513, 0.9750215411186218, -0.15574371814727783, 0.33686330914497375, 0.2016202211380005, 0.919713020324707),
            ["RightFoot"] = CFrame.new(9.289942681789398e-08, 3.5762786865234375e-07, -2.7641362976282835e-08, 0.9833988547325134, -0.012416870333254337, -0.18103164434432983, -0.06274966150522232, 0.9128345847129822, -0.40347909927368164, 0.17026188969612122, 0.40814077854156494, 0.8969014883041382),
            ["LowerTorso"] = CFrame.new(0.09038611501455307, -0.1782907247543335, 0.11616428941488266, 0.9965322017669678, -0.021258564665913582, 0.08044684678316116, 0.021929576992988586, 0.9997316598892212, -0.007466658018529415, -0.08026652038097382, 0.009204926900565624, 0.9967310428619385),
            ["RightLowerLeg"] = CFrame.new(6.845220923423767e-08, 4.172325134277344e-07, 3.5222910810261965e-08, 1, -1.1548402767402877e-07, -5.494804611316795e-08, 1.1594966053962708e-07, 0.634366512298584, 0.7730321884155273, -5.634501576423645e-08, -0.773032546043396, 0.6343669891357422),
            ["RightUpperLeg"] = CFrame.new(0, 1.648440957069397e-07, -1.1008523870259523e-08, 0.9947609305381775, -0.012368601746857166, -0.10147735476493835, -0.03350923955440521, 0.898359477519989, -0.43798112869262695, 0.09658031910657883, 0.4390868544578552, 0.8932384848594666),
            ["LeftLowerLeg"] = CFrame.new(1.792795956134796e-08, 5.960464477539063e-08, 8.009374141693115e-08, 1, 6.565825572124595e-08, 4.5634816814299484e-08, -6.146729703004894e-08, 0.6083691120147705, 0.7936540842056274, 3.166497108963995e-08, -0.793654203414917, 0.6083693504333496),
        }},
        {Time = 0.100, Data = {
            ["LeftFoot"] = CFrame.new(-4.44706529378891e-08, -1.1920928955078125e-07, 7.450580596923828e-09, 0.9924001097679138, -0.10948896408081055, 0.05616346746683121, 0.12297344952821732, 0.8989025354385376, -0.4205375015735626, -0.004441314376890659, 0.4242481589317322, 0.905535101890564),
            ["LeftLowerArm"] = CFrame.new(-5.960464477539063e-08, -2.980232238769531e-07, -1.1920928955078125e-07, 1, -2.9802322387695312e-08, 0, 5.401671643312511e-08, 0.8383591175079346, -0.5451182723045349, 2.980232594040899e-08, 0.5451183319091797, 0.8383592367172241),
            ["RightUpperArm"] = CFrame.new(0, 5.960464477539062e-07, -5.960464477539063e-08, 0.21666570007801056, -0.1884997934103012, 0.9578747153282166, 0.823562741279602, 0.5621569156646729, -0.07565845549106598, -0.5242141485214233, 0.8052623867988586, 0.27704134583473206),
            ["Head"] = CFrame.new(4.0978193283081055e-08, 3.5762786865234375e-07, 5.681067705154419e-08, 0.9363197684288025, -0.34815865755081177, -0.04572691023349762, 0.3039952218532562, 0.7385052442550659, 0.6018282175064087, -0.1757621169090271, -0.577404260635376, 0.7973154783248901),
            ["RightHand"] = CFrame.new(-1.862645149230957e-09, 1.7881393432617188e-07, -1.7881393432617188e-07, 0.965886116027832, -0.11596028506755829, 0.23155459761619568, 0.1688925325870514, 0.9598898887634277, -0.22380058467388153, -0.19631478190422058, 0.25527381896972656, 0.9467290043830872),
            ["UpperTorso"] = CFrame.new(4.6566128730773926e-09, 5.960464477539063e-08, 2.3283064365386963e-09, 0.9947406053543091, -0.07752946019172668, 0.06693564355373383, 0.052660778164863586, 0.9476271867752075, 0.3150072693824768, -0.08785238862037659, -0.3098256587982178, 0.9467259645462036),
            ["HumanoidRootPart"] = CFrame.new(0, 0, 0, 1, 0, 0, 0, 1, 0, 0, 0, 1),
            ["LeftUpperLeg"] = CFrame.new(0, 1.973239704966545e-07, 1.0244548320770264e-08, 0.9896607995033264, 0.07868467271327972, -0.11991754174232483, -0.12489708513021469, 0.8838315010070801, -0.4508245587348938, 0.07051394134759903, 0.46114081144332886, 0.8845207691192627),
            ["LeftUpperArm"] = CFrame.new(5.960464477539063e-08, 4.76837158203125e-07, 1.1175870895385742e-07, 0.8772857189178467, 0.2978383004665375, -0.3763805031776428, -0.35995620489120483, 0.9269901514053345, -0.10545531660318375, 0.31749218702316284, 0.2279948741197586, 0.9204439520835876),
            ["RightLowerArm"] = CFrame.new(-3.2782554626464844e-07, -5.960464477539062e-07, -7.450580596923828e-08, 1, 4.656612428988183e-09, 3.352760202801619e-08, -2.6542696929254816e-08, 0.8952764272689819, -0.4455110728740692, -7.450581485102248e-09, 0.4455110728740692, 0.8952764868736267),
            ["LeftHand"] = CFrame.new(8.940696716308594e-08, 1.1920928955078125e-07, -2.9802322387695312e-08, 0.9207002520561218, 0.08685190230607986, -0.3804841935634613, -0.15432949364185333, 0.9764819145202637, -0.15055033564567566, 0.35846003890037537, 0.19733180105686188, 0.9124507904052734),
            ["RightFoot"] = CFrame.new(2.264278009533882e-08, 2.980232238769531e-07, -1.1867086868733168e-08, 0.9818468689918518, -0.012933447025716305, -0.18923404812812805, -0.06743349134922028, 0.9086911678314209, -0.41198641061782837, 0.17728377878665924, 0.4172687232494354, 0.8913235068321228),
            ["LowerTorso"] = CFrame.new(0.09137037396430969, -0.1823793649673462, 0.11851533502340317, 0.9958667159080505, -0.015387925319373608, 0.08951399475336075, 0.015965357422828674, 0.9998561143875122, -0.005738303065299988, -0.08941281586885452, 0.007143708411604166, 0.9959690570831299),
            ["RightLowerLeg"] = CFrame.new(3.14321368932724e-08, 2.980232238769531e-07, -4.0679879020899534e-08, 1, -1.1781231989971275e-07, -5.7159951438734424e-08, 1.1851079761981964e-07, 0.61976557970047, 0.7847869396209717, -5.727633833885193e-08, -0.784787118434906, 0.6197656989097595),
            ["RightUpperLeg"] = CFrame.new(1.1920928955078125e-07, 4.7602225095033646e-07, 5.75528247281909e-09, 0.9948531985282898, -0.018484117463231087, -0.09962742775678635, -0.02825199067592621, 0.8936301469802856, -0.4479142427444458, 0.097309410572052, 0.44842347502708435, 0.8885083794593811),
            ["LeftLowerLeg"] = CFrame.new(-3.958120942115784e-08, 1.1920928955078125e-07, -3.725290298461914e-09, 1, 5.215407838932151e-08, 3.539026494081554e-08, -6.519257311765614e-08, 0.606183648109436, 0.7953248023986816, 3.166496398421259e-08, -0.7953248023986816, 0.6061834692955017),
        }},
        {Time = 0.133, Data = {
            ["LeftFoot"] = CFrame.new(-4.190951585769653e-08, 0, 1.1175870895385742e-08, 0.9926124811172485, -0.10861874371767044, 0.05406095087528229, 0.12125807255506516, 0.9033058285713196, -0.4115035831928253, -0.004136587958782911, 0.41501882672309875, 0.9098035097122192),
            ["LeftLowerArm"] = CFrame.new(1.7881393432617188e-07, -6.556510925292969e-07, 0, 1, 7.450580596923828e-09, 5.215405707303944e-08, 7.078050856534901e-08, 0.8209008574485779, -0.5710708498954773, 2.607702853651972e-08, 0.5710707902908325, 0.8209007382392883),
            ["RightUpperArm"] = CFrame.new(2.384185791015625e-07, 1.1920928955078125e-07, -4.470348358154297e-08, 0.15815213322639465, -0.1767701953649521, 0.9714629650115967, 0.8639990091323853, 0.5010561347007751, -0.04948359727859497, -0.4780101478099823, 0.8471688032150269, 0.2319723218679428),
            ["Head"] = CFrame.new(1.4901161193847656e-08, 1.1920928955078125e-07, 6.426125764846802e-08, 0.9339074492454529, -0.35147055983543396, -0.06546195596456528, 0.31594276428222656, 0.7256640195846558, 0.6112218499183655, -0.1673230528831482, -0.5915067195892334, 0.7887475490570068),
            ["RightHand"] = CFrame.new(-3.3527612686157227e-08, -5.960464477539063e-08, 5.960464477539063e-08, 0.9743798971176147, -0.059729743748903275, 0.21683235466480255, 0.11364100128412247, 0.9627193212509155, -0.2454739809036255, -0.19408659636974335, 0.26382577419281006, 0.9448419809341431),
            ["UpperTorso"] = CFrame.new(9.313225746154785e-10, -1.1920928955078125e-07, -9.313225746154785e-09, 0.9952134490013123, -0.07016073167324066, 0.06802751868963242, 0.04529859125614166, 0.9480004906654358, 0.31502896547317505, -0.08659274876117706, -0.31043943762779236, 0.9466409087181091),
            ["HumanoidRootPart"] = CFrame.new(0, 0, 0, 1, 0, 0, 0, 1, 0, 0, 0, 1),
            ["LeftUpperLeg"] = CFrame.new(0, -2.9569491744041443e-07, -6.51925802230835e-09, 0.9896780252456665, 0.07606611400842667, -0.121455617249012, -0.12259987741708755, 0.8882465958595276, -0.4427046477794647, 0.07420772314071655, 0.45302537083625793, 0.8884038329124451),
            ["LeftUpperArm"] = CFrame.new(-2.384185791015625e-07, 2.384185791015625e-07, -1.2665987014770508e-07, 0.8711058497428894, 0.2858010530471802, -0.39936497807502747, -0.34987226128578186, 0.9318352937698364, -0.09629365801811218, 0.34462153911590576, 0.22360870242118835, 0.9117209315299988),
            ["RightLowerArm"] = CFrame.new(-2.384185791015625e-07, -1.7881393432617188e-07, 0, 1, 4.004688136660661e-08, 4.1909512304982854e-08, 5.29689785366827e-08, 0.890710711479187, -0.45457059144973755, 2.51457130673316e-08, 0.4545707106590271, 0.8907107710838318),
            ["LeftHand"] = CFrame.new(1.4901161193847656e-07, -1.7881393432617188e-07, 8.940696716308594e-08, 0.9203377366065979, 0.08491655439138412, -0.38179513812065125, -0.1522742360830307, 0.9769225120544434, -0.14978370070457458, 0.36026516556739807, 0.19598907232284546, 0.9120292663574219),
            ["RightFoot"] = CFrame.new(6.724440027028322e-08, 2.384185791015625e-07, -2.0190782379359007e-08, 0.979913592338562, -0.012299902737140656, -0.19904299080371857, -0.07119016349315643, 0.9107576012611389, -0.40675848722457886, 0.18628303706645966, 0.41275832056999207, 0.8915881514549255),
            ["LowerTorso"] = CFrame.new(0.09057413041591644, -0.17522120475769043, 0.11649028956890106, 0.9953402280807495, -0.013948597945272923, 0.0954112857580185, 0.0144966971129179, 0.9998822212219238, -0.005053827539086342, -0.09532954543828964, 0.006413429044187069, 0.9954251646995544),
            ["RightLowerLeg"] = CFrame.new(-7.660128176212311e-08, 3.5762786865234375e-07, -3.602326614782214e-08, 1, -1.16473543698703e-07, -5.6810691262398905e-08, 1.1583324521780014e-07, 0.6331479549407959, 0.7740305066108704, -5.564652383327484e-08, -0.7740308046340942, 0.6331483721733093),
            ["RightUpperLeg"] = CFrame.new(1.1920928955078125e-07, -1.8061837181448936e-07, 9.480572771281004e-09, 0.9952974915504456, -0.017352234572172165, -0.09529896825551987, -0.026249758899211884, 0.8986952304840088, -0.43778765201568604, 0.09324132651090622, 0.4382302761077881, 0.8940134644508362),
            ["LeftLowerLeg"] = CFrame.new(-3.4458935260772705e-08, -5.960464477539063e-08, -1.4528632164001465e-07, 1, 6.519259443393821e-08, 3.9115551686563776e-08, -6.705523247774181e-08, 0.6222313046455383, 0.782833456993103, 3.166497108963995e-08, -0.7828333973884583, 0.6222313046455383),
        }},
        {Time = 0.167, Data = {
            ["LeftFoot"] = CFrame.new(-9.336508810520172e-08, 0, -1.4901161193847656e-08, 0.9927448630332947, -0.10599870979785919, 0.056763872504234314, 0.1198672205209732, 0.9096279740333557, -0.3977549076080322, -0.009472498670220375, 0.4016730785369873, 0.9157341718673706),
            ["LeftLowerArm"] = CFrame.new(-2.086162567138672e-07, 4.76837158203125e-07, 8.940696716308594e-08, 1, -3.166496398421259e-08, 2.2351738238057806e-08, 3.3527616238870905e-08, 0.8066446781158447, -0.5910366773605347, 4.284084198502569e-08, 0.5910366773605347, 0.8066446781158447),
            ["RightUpperArm"] = CFrame.new(1.1920928955078125e-07, 2.384185791015625e-07, -1.6391277313232422e-07, 0.15640251338481903, -0.16907647252082825, 0.9731143712997437, 0.9308504462242126, 0.3546482026576996, -0.08799025416374207, -0.3302361071109772, 0.919585645198822, 0.21285267174243927),
            ["Head"] = CFrame.new(-7.450580596923828e-09, 2.384185791015625e-07, 5.774199962615967e-08, 0.9329524040222168, -0.35050222277641296, -0.08214719593524933, 0.3250342905521393, 0.722015917301178, 0.6107748746871948, -0.1547662764787674, -0.5965244174003601, 0.7875314950942993),
            ["RightHand"] = CFrame.new(4.7404319047927856e-07, 1.1920928955078125e-07, -2.9802322387695312e-08, 0.9708738923072815, -0.01659809798002243, 0.23901565372943878, 0.08167611062526703, 0.9607700109481812, -0.2650471031665802, -0.22523976862430573, 0.2768492102622986, 0.9341422319412231),
            ["UpperTorso"] = CFrame.new(9.313225746154785e-10, 1.4901161193847656e-07, 7.916241884231567e-09, 0.9961637258529663, -0.05283152312040329, 0.06976285576820374, 0.028451500460505486, 0.9494166374206543, 0.31272777915000916, -0.08275587111711502, -0.3095432221889496, 0.9472774863243103),
            ["HumanoidRootPart"] = CFrame.new(0, 0, 0, 1, 0, 0, 0, 1, 0, 0, 0, 1),
            ["LeftUpperLeg"] = CFrame.new(0, 2.5203917175531387e-07, 1.30385160446167e-08, 0.9889742732048035, 0.07995381206274033, -0.12464918196201324, -0.12547379732131958, 0.8994778990745544, -0.4185640513896942, 0.07865339517593384, 0.42958927154541016, 0.8995925784111023),
            ["LeftUpperArm"] = CFrame.new(5.960464477539063e-08, 1.1920928955078125e-07, 6.705522537231445e-08, 0.8724871873855591, 0.2778088450431824, -0.40198102593421936, -0.33756300806999207, 0.937477171421051, -0.08477999269962311, 0.3532951772212982, 0.209663525223732, 0.9117146730422974),
            ["RightLowerArm"] = CFrame.new(2.384185791015625e-07, 2.980232238769531e-07, -1.1175870895385742e-07, 1, -7.008202373981476e-08, 3.213063237694769e-08, 3.841705975560217e-08, 0.8762453198432922, -0.48186543583869934, 1.5832485544819974e-08, 0.48186537623405457, 0.8762453198432922),
            ["LeftHand"] = CFrame.new(0, -2.384185791015625e-07, -2.9802322387695312e-08, 0.9200669527053833, 0.08337932080030441, -0.3827856481075287, -0.15065105259418488, 0.9772576093673706, -0.14923758804798126, 0.3616369366645813, 0.19497576355934143, 0.9117035865783691),
            ["RightFoot"] = CFrame.new(-3.4458935260772705e-08, 4.172325134277344e-07, 1.287116901949048e-08, 0.97752845287323, -0.01053798571228981, -0.21053992211818695, -0.07308340072631836, 0.9198657274246216, -0.38536450266838074, 0.1977294683456421, 0.39209213852882385, 0.8984248638153076),
            ["LowerTorso"] = CFrame.new(0.08782512694597244, -0.15726947784423828, 0.11018314212560654, 0.9950891733169556, -0.019466198980808258, 0.09704980999231339, 0.020162824541330338, 0.9997774958610535, -0.006202409043908119, -0.09690748155117035, 0.008128751069307327, 0.9952602386474609),
            ["RightLowerLeg"] = CFrame.new(-3.166496753692627e-08, 2.384185791015625e-07, 3.894820110872388e-08, 1, -1.1222438445201988e-07, -4.982576840006914e-08, 1.1129303345569497e-07, 0.6767130494117737, 0.7362465858459473, -5.075707321111622e-08, -0.7362468838691711, 0.6767134666442871),
            ["RightUpperLeg"] = CFrame.new(0, 4.2136525735259056e-07, 2.9613147489726543e-09, 0.9960790276527405, -0.0062592108733952045, -0.08824703842401505, -0.030101682990789413, 0.913999080657959, -0.4045981466770172, 0.08319017291069031, 0.4056679308414459, 0.9102268218994141),
            ["LeftLowerLeg"] = CFrame.new(-3.725290298461914e-09, -5.960464477539063e-08, -6.146728992462158e-08, 1, 6.286429510282687e-08, 2.2351745343485163e-08, -6.332993507385254e-08, 0.6530507802963257, 0.757314145565033, 2.7939677238464355e-08, -0.7573142647743225, 0.6530507802963257),
        }},
        {Time = 0.200, Data = {
            ["LeftFoot"] = CFrame.new(2.9336661100387573e-08, 0, 1.30385160446167e-08, 0.9927340149879456, -0.10225719958543777, 0.0634254738688469, 0.11881882697343826, 0.916313111782074, -0.3824295699596405, -0.019011417403817177, 0.3871869742870331, 0.921805202960968),
            ["LeftLowerArm"] = CFrame.new(-1.1920928955078125e-07, -4.172325134277344e-07, 0, 1, -7.078051567077637e-08, 2.2351738238057806e-08, 4.470348358154297e-08, 0.7971110343933105, -0.6038328409194946, 3.725290298461914e-09, 0.6038329005241394, 0.7971110343933105),
            ["RightUpperArm"] = CFrame.new(1.1920928955078125e-07, -3.5762786865234375e-07, 2.384185791015625e-07, 0.13977110385894775, -0.14529937505722046, 0.9794652462005615, 0.9818742871284485, 0.1482195407152176, -0.11812714487314224, -0.12801210582256317, 0.9782224893569946, 0.16338248550891876),
            ["Head"] = CFrame.new(2.2351741790771484e-08, -2.384185791015625e-07, 1.5459954738616943e-07, 0.9343096017837524, -0.3447200059890747, -0.09074021130800247, 0.32800939679145813, 0.731751561164856, 0.597452700138092, -0.13955460488796234, -0.5879693031311035, 0.7967538237571716),
            ["RightHand"] = CFrame.new(2.9616057872772217e-07, 5.960464477539063e-08, -1.4901161193847656e-07, 0.9676849246025085, 0.018482662737369537, 0.25148454308509827, 0.05447252839803696, 0.9584404826164246, -0.28004395961761475, -0.2462088167667389, 0.28469324111938477, 0.9264615178108215),
            ["UpperTorso"] = CFrame.new(1.7695128917694092e-08, -1.7881393432617188e-07, 3.259629011154175e-09, 0.9970495104789734, -0.03265908733010292, 0.06946816295385361, 0.009626992978155613, 0.9510337710380554, 0.3089372515678406, -0.0761561393737793, -0.30735698342323303, 0.9485419988632202),
            ["HumanoidRootPart"] = CFrame.new(0, 0, 0, 1, 0, 0, 0, 1, 0, 0, 0, 1),
            ["LeftUpperLeg"] = CFrame.new(2.9802322387695312e-08, 2.2351741790771484e-08, 7.450580596923828e-09, 0.9879570007324219, 0.0877038836479187, -0.12747211754322052, -0.13046686351299286, 0.915088415145874, -0.38156479597091675, 0.08318351209163666, 0.3936005234718323, 0.915510356426239),
            ["LeftUpperArm"] = CFrame.new(-2.384185791015625e-07, -3.5762786865234375e-07, 9.685754776000977e-08, 0.8818269371986389, 0.2762414515018463, -0.38219377398490906, -0.326003760099411, 0.9427130222320557, -0.0708080306649208, 0.3407388925552368, 0.18703699111938477, 0.9213654398918152),
            ["RightLowerArm"] = CFrame.new(1.7881393432617188e-07, 4.172325134277344e-07, -1.0617077350616455e-07, 1, 7.450580596923828e-09, -1.4901162970204496e-08, 3.5244742235818194e-08, 0.8582456111907959, -0.5132391452789307, 9.31322685637781e-10, 0.5132391452789307, 0.8582457304000854),
            ["LeftHand"] = CFrame.new(2.384185791015625e-07, -4.76837158203125e-07, -2.9802322387695312e-08, 0.9198974967002869, 0.08237122744321823, -0.3834107220172882, -0.14959117770195007, 0.9774705767631531, -0.14890876412391663, 0.3625066876411438, 0.19433553516864777, 0.9114946722984314),
            ["RightFoot"] = CFrame.new(-1.1641532182693481e-08, 3.5762786865234375e-07, 3.5579432733356953e-09, 0.9745276570320129, -0.008259336464107037, -0.22411508858203888, -0.07344380021095276, 0.9324625730514526, -0.35372230410575867, 0.2119005024433136, 0.3611724078655243, 0.9081040620803833),
            ["LowerTorso"] = CFrame.new(0.0837724357843399, -0.13391971588134766, 0.09894736111164093, 0.9951127171516418, -0.028259098529815674, 0.09461545944213867, 0.029269397258758545, 0.9995282292366028, -0.009307010099291801, -0.09430781751871109, 0.012030862271785736, 0.995470404624939),
            ["RightLowerLeg"] = CFrame.new(-5.587935447692871e-08, 3.5762786865234375e-07, -1.4137185644358397e-08, 1, -1.0360963642597198e-07, -4.6100474548893544e-08, 1.019798219203949e-07, 0.736230194568634, 0.6767309308052063, -3.934837877750397e-08, -0.6767312288284302, 0.7362303733825684),
            ["RightUpperLeg"] = CFrame.new(5.960464477539063e-08, 8.35862010717392e-08, -9.145878721028566e-09, 0.9970796704292297, 0.010612237267196178, -0.07562721520662308, -0.03682688623666763, 0.934361457824707, -0.35441872477531433, 0.06690194457769394, 0.3561687171459198, 0.9320235848426819),
            ["LeftLowerLeg"] = CFrame.new(-1.1874362826347351e-08, 0, 1.6763806343078613e-08, 1, 5.6810691262398905e-08, 2.7939684343891713e-08, -6.379558925573292e-08, 0.6919335722923279, 0.7219612002372742, 2.7939673685750677e-08, -0.721961259841919, 0.6919335722923279),
        }},
        {Time = 0.233, Data = {
            ["LeftFoot"] = CFrame.new(-4.156026989221573e-08, -1.1920928955078125e-07, -5.587935447692871e-09, 0.9925178289413452, -0.09791939705610275, 0.072939433157444, 0.11806974560022354, 0.9219016432762146, -0.36899450421333313, -0.031111301854252815, 0.3748456537723541, 0.9265651702880859),
            ["LeftLowerArm"] = CFrame.new(-1.4901161193847656e-07, -1.7881393432617188e-07, -5.960464477539063e-08, 1, -4.8428763221863846e-08, 7.450578820566989e-09, 3.725290298461914e-08, 0.7937464714050293, -0.6082488298416138, 2.9802322387695312e-08, 0.6082488298416138, 0.7937464118003845),
            ["RightUpperArm"] = CFrame.new(-1.1920928955078125e-07, -1.1920928955078125e-07, 0, 0.19868190586566925, -0.10299152135848999, 0.9746376276016235, 0.9721260666847229, -0.10560441017150879, -0.2093292772769928, 0.12448517978191376, 0.9890604019165039, 0.07913903146982193),
            ["Head"] = CFrame.new(7.450580596923828e-09, 1.1920928955078125e-07, -8.847564458847046e-08, 0.9388588666915894, -0.3331436812877655, -0.08694455027580261, 0.3216305673122406, 0.7584927082061768, 0.5667827725410461, -0.12287327647209167, -0.5600929856300354, 0.819266676902771),
            ["RightHand"] = CFrame.new(-1.4156103134155273e-07, 2.384185791015625e-07, 1.4901161193847656e-07, 0.966118574142456, 0.03386477008461952, 0.2558673322200775, 0.042061179876327515, 0.9574441313743591, -0.2855374813079834, -0.2546483278274536, 0.2866252660751343, 0.9235801100730896),
            ["UpperTorso"] = CFrame.new(-4.656612873077393e-10, 1.1920928955078125e-07, 9.778887033462524e-09, 0.9977728724479675, -0.01687324047088623, 0.06453455984592438, -0.0035885304678231478, 0.952498197555542, 0.3045230805873871, -0.06660731881856918, -0.3040764629840851, 0.9503162503242493),
            ["HumanoidRootPart"] = CFrame.new(0, 0, 0, 1, 0, 0, 0, 1, 0, 0, 0, 1),
            ["LeftUpperLeg"] = CFrame.new(0, 5.820766091346741e-08, -1.30385160446167e-08, 0.98711097240448, 0.09636048972606659, -0.1277756243944168, -0.1345008760690689, 0.9321833252906799, -0.33607104420661926, 0.08672632277011871, 0.3489253520965576, 0.9331289529800415),
            ["LeftUpperArm"] = CFrame.new(1.7881393432617188e-07, 0, 8.940696716308594e-08, 0.897962749004364, 0.2827257812023163, -0.3372378349304199, -0.3186878561973572, 0.9462465643882751, -0.055277079343795776, 0.3034818172454834, 0.15711034834384918, 0.9397953152656555),
            ["RightLowerArm"] = CFrame.new(1.1920928955078125e-07, -2.384185791015625e-07, 1.3597309589385986e-07, 1, -3.725289587919178e-08, 2.9802322387695312e-08, 3.073364496231079e-08, 0.8418156504631042, -0.5397652983665466, 3.771856427192688e-08, 0.5397652983665466, 0.8418155908584595),
            ["LeftHand"] = CFrame.new(2.384185791015625e-07, 1.1920928955078125e-07, -1.4901161193847656e-07, 0.9198393225669861, 0.08201897889375687, -0.38362565636634827, -0.1492207795381546, 0.977544367313385, -0.14879612624645233, 0.3628067672252655, 0.19411341845989227, 0.911422610282898),
            ["RightFoot"] = CFrame.new(-2.3050233721733093e-08, 3.5762786865234375e-07, 3.5579432733356953e-09, 0.9708108305931091, -0.006053993944078684, -0.23977001011371613, -0.07284839451313019, 0.945012092590332, -0.3188183307647705, 0.22851572930812836, 0.32697948813438416, 0.9169871211051941),
            ["LowerTorso"] = CFrame.new(0.07904167473316193, -0.1105344295501709, 0.08216265588998795, 0.9954202175140381, -0.036792173981666565, 0.08823210000991821, 0.038144633173942566, 0.9991784691810608, -0.013691123574972153, -0.08765587955713272, 0.01699400134384632, 0.9960058927536011),
            ["RightLowerLeg"] = CFrame.new(-2.6542693376541138e-08, 1.7881393432617188e-07, 2.590968506410718e-08, 1, -9.080395102500916e-08, -3.143214399869976e-08, 9.173527359962463e-08, 0.7969570159912109, 0.6040357947349548, -2.6309862732887268e-08, -0.6040360331535339, 0.79695725440979),
            ["RightUpperLeg"] = CFrame.new(-5.960464477539063e-08, -5.51808625459671e-08, 1.6931153368204832e-08, 0.9980625510215759, 0.028402429074048996, -0.055358801037073135, -0.043540533632040024, 0.9544044733047485, -0.2953243851661682, 0.04444676265120506, 0.2971624433994293, 0.9537919163703918),
            ["LeftLowerLeg"] = CFrame.new(-5.2619725465774536e-08, 1.1920928955078125e-07, -8.568167686462402e-08, 1, 6.129267404730854e-08, 2.4680057109094378e-08, -5.122274160385132e-08, 0.7321949005126953, 0.6810953617095947, 2.3050233721733093e-08, -0.6810952425003052, 0.732194721698761),
        }},
        {Time = 0.267, Data = {
            ["LeftFoot"] = CFrame.new(-5.9138983488082886e-08, 0, -2.7008354663848877e-08, 0.9918718338012695, -0.09428625553846359, 0.08544357866048813, 0.11810563504695892, 0.9320630431175232, -0.3425050675868988, -0.047345325350761414, 0.34981244802474976, 0.9356226921081543),
            ["LeftLowerArm"] = CFrame.new(0, 0, -8.195638656616211e-08, 1, -5.960463056453591e-08, 5.215404996761208e-08, 1.862645149230957e-08, 0.7978597283363342, -0.6028432846069336, 2.60770320892334e-08, 0.6028432250022888, 0.7978597283363342),
            ["RightUpperArm"] = CFrame.new(-5.960464477539063e-08, -2.384185791015625e-07, -5.960464477539063e-08, 0.4070134460926056, -0.05872558057308197, 0.911532461643219, 0.8239725828170776, -0.4070877432823181, -0.3941431939601898, 0.39421993494033813, 0.9114993214607239, -0.11730192601680756),
            ["Head"] = CFrame.new(7.450580596923828e-09, -2.384185791015625e-07, 7.497146725654602e-08, 0.9485305547714233, -0.3085069954395294, -0.0715072900056839, 0.3010783791542053, 0.8084825277328491, 0.5056758522987366, -0.09819213300943375, -0.5011780261993408, 0.8597550392150879),
            ["RightHand"] = CFrame.new(-2.9802322387695312e-08, -1.1920928955078125e-07, -2.086162567138672e-07, 0.9659029245376587, 0.035048678517341614, 0.25652164220809937, 0.04092557728290558, 0.9576691389083862, -0.28494730591773987, -0.2556496858596802, 0.28572970628738403, 0.9235809445381165),
            ["UpperTorso"] = CFrame.new(-2.7939677238464355e-09, 1.1920928955078125e-07, 1.862645149230957e-09, 0.9984269142150879, -0.005994444712996483, 0.05574868246912956, -0.010984054766595364, 0.9540933966636658, 0.29930800199508667, -0.05498364567756653, -0.29944947361946106, 0.9525265693664551),
            ["HumanoidRootPart"] = CFrame.new(0, 0, 0, 1, 0, 0, 0, 1, 0, 0, 0, 1),
            ["LeftUpperLeg"] = CFrame.new(0, 1.7695128917694092e-07, 3.725290298461914e-09, 0.9862890243530273, 0.10388095676898956, -0.1282297670841217, -0.13681817054748535, 0.9491950273513794, -0.28338950872421265, 0.09227627515792847, 0.2970481216907501, 0.9503934383392334),
            ["LeftUpperArm"] = CFrame.new(5.960464477539063e-08, 1.1920928955078125e-07, 8.940696716308594e-08, 0.9174769520759583, 0.29757699370384216, -0.26397737860679626, -0.3183041214942932, 0.9472054839134216, -0.03852652385830879, 0.23857615888118744, 0.11937227845191956, 0.963759183883667),
            ["RightLowerArm"] = CFrame.new(-3.5762786865234375e-07, -3.5762786865234375e-07, 2.2351741790771484e-07, 1, -8.940695295223122e-08, -7.450577932388569e-09, 5.587935447692871e-08, 0.8319104313850403, -0.554909884929657, 6.612390279769897e-08, 0.5549099445343018, 0.8319105505943298),
            ["LeftHand"] = CFrame.new(5.960464477539063e-08, 5.960464477539063e-08, 5.960464477539063e-08, 0.9194684028625488, 0.08918683230876923, -0.3829149007797241, -0.15702031552791595, 0.9761877059936523, -0.1496734321117401, 0.3604477345943451, 0.19774550199508667, 0.9115778207778931),
            ["RightFoot"] = CFrame.new(-1.2223608791828156e-09, 4.172325134277344e-07, 2.7772330213338137e-08, 0.9660728573799133, 0.0009795379592105746, -0.25826790928840637, -0.07175201922655106, 0.96164470911026, -0.2647470533847809, 0.24810278415679932, 0.2742964029312134, 0.9290891885757446),
            ["LowerTorso"] = CFrame.new(0.07313399761915207, -0.08256137371063232, 0.06260746717453003, 0.9958305358886719, -0.044704779982566833, 0.07951778918504715, 0.04649089276790619, 0.998703122138977, -0.020753221586346626, -0.07848689705133438, 0.024363543838262558, 0.9966173768043518),
