return {
    ["Your Favorite Martian"] = {
        {Time = 0.000, Data = {
            ["RightFoot"] = CFrame.new(1.51054564412334e-08, 2.980232238769531e-07, 1.1297818502953305e-07, 0.9994304180145264, 0.015733923763036728, -0.02985539846122265, -0.01949380151927471, 0.9913008213043213, -0.13016103208065033, 0.02754933014512062, 0.13067221641540527, 0.9910432696342468),
            ["LeftLowerArm"] = CFrame.new(1.1920928955078125e-07, 5.364418029785156e-07, 6.705522537231445e-08, 1, -1.8626460374093767e-08, 1.1734665861240501e-07, 1.30385160446167e-08, 1, 1.788139627478813e-07, -1.3224780559539795e-07, 0, 1),
            ["RightUpperArm"] = CFrame.new(0.05715537071228027, -0.14113914966583252, -0.004333131015300751, 0.47393733263015747, -0.5383447408676147, 0.6968364715576172, 0.30802175402641296, -0.6400153040885925, -0.703926682472229, 0.8249278664588928, 0.5482385754585266, -0.1375000923871994),
            ["Head"] = CFrame.new(2.2351741790771484e-08, 0, 7.450580596923828e-09, 0.9817557334899902, -0.06686189770698547, 0.17800366878509521, 0.04551920294761658, 0.9915599822998047, 0.12139567732810974, -0.1846180111169815, -0.11107814311981201, 0.976513147354126),
            ["RightHand"] = CFrame.new(-8.940696716308594e-08, -2.980232238769531e-07, 1.6763806343078613e-07, -0.15363378822803497, 0.1177503913640976, 0.9810869097709656, -0.8010967969894409, 0.5664176344871521, -0.193429633975029, -0.5784813165664673, -0.8156629204750061, 0.007308567874133587),
            ["UpperTorso"] = CFrame.new(2.7939677238464355e-09, 2.9802322387695312e-08, -4.190951585769653e-09, 0.9958188533782959, 0.09103136509656906, -0.007632825523614883, -0.09103135019540787, 0.9958480596542358, 0.0003481539897620678, 0.00763287115842104, 0.0003481135063339025, 0.9999708533287048),
            ["HumanoidRootPart"] = CFrame.new(0, 0, 0, 1, 0, 0, 0, 1, 0, 0, 0, 1),
            ["RightUpperLeg"] = CFrame.new(-8.940696716308594e-08, 1.7182901501655579e-07, 0, 0.5857290029525757, -0.8085492253303528, -0.056302789598703384, 0.09240514785051346, 0.13563111424446106, -0.9864408373832703, 0.8052222728729248, 0.5725840330123901, 0.15415747463703156),
            ["LeftUpperArm"] = CFrame.new(0.018839597702026367, -0.17765796184539795, 0.013948313891887665, 0.2885574698448181, 0.7645345330238342, -0.5763922333717346, -0.00790661945939064, -0.6000757217407227, -0.799905002117157, -0.9574300050735474, 0.23536385595798492, -0.16710524260997772),
            ["RightLowerArm"] = CFrame.new(1.1920928955078125e-07, 0, -3.520399332046509e-07, 1, -2.235175244891252e-08, 1.0989607801548118e-07, 0, 1, 1.396984004031765e-07, -1.1920928955078125e-07, -1.769513779947829e-08, 1),
            ["LeftHand"] = CFrame.new(-1.4901161193847656e-08, -4.172325134277344e-07, -1.4901161193847656e-07, -0.17359530925750732, 0.07199647277593613, -0.9821819067001343, 0.9448063373565674, 0.2935631275177002, -0.1454704999923706, 0.27785900235176086, -0.9532246589660645, -0.1189839318394661),
            ["LeftFoot"] = CFrame.new(-1.4901161193847656e-08, 1.1920928955078125e-07, 6.891787052154541e-08, 0.8761808276176453, -0.1302495300769806, -0.464052677154541, 0.005899202544242144, 0.9656196236610413, -0.2598871886730194, 0.4819463789463043, 0.224975124001503, 0.8468256592750549),
            ["LowerTorso"] = CFrame.new(-0.011199865490198135, -0.7391911745071411, 9.685754776000977e-08, 0.939405083656311, -0.013850315473973751, -0.34252917766571045, -0.013850213959813118, 0.9968342781066895, -0.07829241454601288, 0.34252920746803284, 0.07829241454601288, 0.9362393021583557),
            ["RightLowerLeg"] = CFrame.new(-7.264316082000732e-08, 0, -1.0523945093154907e-07, 1, -1.8998973416728404e-07, -1.8952411551254045e-07, 1.641456179868328e-07, -0.024857917800545692, 0.9996910691261292, -1.8253925304634322e-07, -0.9996910095214844, -0.024855729192495346),
            ["LeftUpperLeg"] = CFrame.new(5.960464477539063e-08, 2.6542693376541138e-08, 1.4901161193847656e-08, -0.17066392302513123, 0.9674339294433594, 0.18693673610687256, -0.21629808843135834, 0.14830946922302246, -0.9649971723556519, -0.961295485496521, -0.20512428879737854, 0.18394385278224945),
            ["LeftLowerLeg"] = CFrame.new(6.705522537231445e-08, -5.960464477539063e-08, -1.862645149230957e-08, 1, -1.3783566998881724e-07, -1.0803343286625022e-07, 1.1734661597984086e-07, -0.08199882507324219, 0.9966326951980591, -1.2293455142753373e-07, -0.99663245677948, -0.08199579268693924),
        }},
        {Time = 0.033, Data = {
            ["RightFoot"] = CFrame.new(1.51054564412334e-08, 2.980232238769531e-07, 1.1297818502953305e-07, 0.9994304180145264, 0.015733923763036728, -0.02985539846122265, -0.01949380151927471, 0.9913008213043213, -0.13016103208065033, 0.02754933014512062, 0.13067221641540527, 0.9910432696342468),
            ["LeftLowerArm"] = CFrame.new(1.1920928955078125e-07, 5.364418029785156e-07, 6.705522537231445e-08, 1, -1.8626460374093767e-08, 1.1734665861240501e-07, 1.30385160446167e-08, 1, 1.788139627478813e-07, -1.3224780559539795e-07, 0, 1),
            ["RightUpperArm"] = CFrame.new(0.05715537071228027, -0.14113914966583252, -0.004333131015300751, 0.47393733263015747, -0.5383447408676147, 0.6968364715576172, 0.30802175402641296, -0.6400153040885925, -0.703926682472229, 0.8249278664588928, 0.5482385754585266, -0.1375000923871994),
            ["Head"] = CFrame.new(2.2351741790771484e-08, 0, 7.450580596923828e-09, 0.9817557334899902, -0.06686189770698547, 0.17800366878509521, 0.04551920294761658, 0.9915599822998047, 0.12139567732810974, -0.1846180111169815, -0.11107814311981201, 0.976513147354126),
            ["RightHand"] = CFrame.new(-8.940696716308594e-08, -2.980232238769531e-07, 1.6763806343078613e-07, -0.15363378822803497, 0.1177503913640976, 0.9810869097709656, -0.8010967969894409, 0.5664176344871521, -0.193429633975029, -0.5784813165664673, -0.8156629204750061, 0.007308567874133587),
            ["UpperTorso"] = CFrame.new(2.7939677238464355e-09, 2.9802322387695312e-08, -4.190951585769653e-09, 0.9958188533782959, 0.09103136509656906, -0.007632825523614883, -0.09103135019540787, 0.9958480596542358, 0.0003481539897620678, 0.00763287115842104, 0.0003481135063339025, 0.9999708533287048),
            ["HumanoidRootPart"] = CFrame.new(0, 0, 0, 1, 0, 0, 0, 1, 0, 0, 0, 1),
            ["RightUpperLeg"] = CFrame.new(-8.940696716308594e-08, 1.7182901501655579e-07, 0, 0.5857290029525757, -0.8085492253303528, -0.056302789598703384, 0.09240514785051346, 0.13563111424446106, -0.9864408373832703, 0.8052222728729248, 0.5725840330123901, 0.15415747463703156),
            ["LeftUpperArm"] = CFrame.new(0.018839597702026367, -0.17765796184539795, 0.013948313891887665, 0.2885574698448181, 0.7645345330238342, -0.5763922333717346, -0.00790661945939064, -0.6000757217407227, -0.799905002117157, -0.9574300050735474, 0.23536385595798492, -0.16710524260997772),
            ["RightLowerArm"] = CFrame.new(1.1920928955078125e-07, 0, -3.520399332046509e-07, 1, -2.235175244891252e-08, 1.0989607801548118e-07, 0, 1, 1.396984004031765e-07, -1.1920928955078125e-07, -1.769513779947829e-08, 1),
            ["LeftHand"] = CFrame.new(-1.4901161193847656e-08, -4.172325134277344e-07, -1.4901161193847656e-07, -0.17359530925750732, 0.07199647277593613, -0.9821819067001343, 0.9448063373565674, 0.2935631275177002, -0.1454704999923706, 0.27785900235176086, -0.9532246589660645, -0.1189839318394661),
            ["LeftFoot"] = CFrame.new(-1.4901161193847656e-08, 1.1920928955078125e-07, 6.891787052154541e-08, 0.8761808276176453, -0.1302495300769806, -0.464052677154541, 0.005899202544242144, 0.9656196236610413, -0.2598871886730194, 0.4819463789463043, 0.224975124001503, 0.8468256592750549),
            ["LowerTorso"] = CFrame.new(-0.011199865490198135, -0.7391911745071411, 9.685754776000977e-08, 0.939405083656311, -0.013850315473973751, -0.34252917766571045, -0.013850213959813118, 0.9968342781066895, -0.07829241454601288, 0.34252920746803284, 0.07829241454601288, 0.9362393021583557),
            ["RightLowerLeg"] = CFrame.new(-7.264316082000732e-08, 0, -1.0523945093154907e-07, 1, -1.8998973416728404e-07, -1.8952411551254045e-07, 1.641456179868328e-07, -0.024857917800545692, 0.9996910691261292, -1.8253925304634322e-07, -0.9996910095214844, -0.024855729192495346),
            ["LeftUpperLeg"] = CFrame.new(5.960464477539063e-08, 2.6542693376541138e-08, 1.4901161193847656e-08, -0.17066392302513123, 0.9674339294433594, 0.18693673610687256, -0.21629808843135834, 0.14830946922302246, -0.9649971723556519, -0.961295485496521, -0.20512428879737854, 0.18394385278224945),
            ["LeftLowerLeg"] = CFrame.new(6.705522537231445e-08, -5.960464477539063e-08, -1.862645149230957e-08, 1, -1.3783566998881724e-07, -1.0803343286625022e-07, 1.1734661597984086e-07, -0.08199882507324219, 0.9966326951980591, -1.2293455142753373e-07, -0.99663245677948, -0.08199579268693924),
        }},
        {Time = 0.067, Data = {
            ["RightFoot"] = CFrame.new(-3.11941334985022e-08, 4.76837158203125e-07, 8.348256130830123e-08, 0.9992319941520691, 0.014379840344190598, -0.036451615393161774, -0.01892813853919506, 0.9916331768035889, -0.12768912315368652, 0.03431170806288719, 0.12828458845615387, 0.9911442399024963),
            ["LeftLowerArm"] = CFrame.new(-1.1920928955078125e-07, 5.960464477539063e-08, 7.450580596923828e-09, 1, 7.450584149637507e-09, 1.0989607801548118e-07, 2.7939677238464355e-08, 1, 1.788139627478813e-07, -9.313225746154785e-08, 5.960467319710006e-08, 1),
            ["RightUpperArm"] = CFrame.new(0.057155489921569824, -0.14113914966583252, -0.004333175718784332, 0.47393736243247986, -0.5383446216583252, 0.6968364715576172, 0.3080217242240906, -0.6400153636932373, -0.7039266228675842, 0.8249279260635376, 0.5482384562492371, -0.1375000923871994),
            ["Head"] = CFrame.new(2.2351741790771484e-08, 2.384185791015625e-07, -4.842877388000488e-08, 0.9817556738853455, -0.06686189025640488, 0.17800366878509521, 0.045519210398197174, 0.9915600419044495, 0.12139565497636795, -0.1846180409193039, -0.1110781580209732, 0.9765130877494812),
            ["RightHand"] = CFrame.new(-8.940696716308594e-08, -3.5762786865234375e-07, -2.2165477275848389e-07, -0.0899621918797493, 0.19386713206768036, 0.9768942594528198, -0.35606592893600464, 0.9097822308540344, -0.21333852410316467, -0.9301203489303589, -0.36703118681907654, -0.012816494330763817),
            ["UpperTorso"] = CFrame.new(2.3283064365386963e-09, 0, 4.6566128730773926e-09, 0.9958187937736511, 0.090265192091465, -0.01404142938554287, -0.09103135019540787, 0.9933869242668152, -0.06996890157461166, 0.007632885128259659, 0.0709545686841011, 0.9974503517150879),
            ["HumanoidRootPart"] = CFrame.new(0, 0, 0, 1, 0, 0, 0, 1, 0, 0, 0, 1),
            ["RightUpperLeg"] = CFrame.new(-2.9802322387695312e-08, -1.0209623724222183e-07, 1.3504177331924438e-08, 0.591100811958313, -0.8065963983535767, -0.0014982897555455565, 0.031941063702106476, 0.02526390366256237, -0.9991704225540161, 0.8059651255607605, 0.5905625820159912, 0.04069767892360687),
            ["LeftUpperArm"] = CFrame.new(0.018839657306671143, -0.1776580810546875, 0.013948313891887665, 0.2885574698448181, 0.764534592628479, -0.5763922333717346, -0.007906608283519745, -0.6000757217407227, -0.799905002117157, -0.9574300050735474, 0.23536385595798492, -0.16710525751113892),
            ["RightLowerArm"] = CFrame.new(0, 1.7881393432617188e-07, 9.685754776000977e-08, 1, -1.4901166522918174e-08, 1.1920930376163597e-07, -7.450580596923828e-09, 1, 1.0430814256778831e-07, -9.685754776000977e-08, -6.891789183782748e-08, 1),
            ["LeftHand"] = CFrame.new(1.4901161193847656e-08, -2.980232238769531e-07, 5.960464477539063e-08, -0.2086968719959259, -0.02157873846590519, -0.9777423143386841, 0.709048867225647, 0.685228705406189, -0.16646766662597656, 0.6735692620277405, -0.7280082702636719, -0.12770473957061768),
            ["LeftFoot"] = CFrame.new(5.587935447692871e-09, 3.5762786865234375e-07, 3.5390257835388184e-08, 0.876977801322937, -0.12996350228786469, -0.4626258909702301, 0.0012307162396609783, 0.9633359313011169, -0.2682898938655853, 0.48052942752838135, 0.23471976816654205, 0.8449839949607849),
            ["LowerTorso"] = CFrame.new(-0.015115005895495415, -0.7949154376983643, 0.0084843710064888, 0.9394051432609558, 0.011261506006121635, -0.3426240384578705, -0.013850209303200245, 0.9998911023139954, -0.005109666846692562, 0.34252914786338806, 0.009545442648231983, 0.9394587278366089),
            ["RightLowerLeg"] = CFrame.new(9.12696123123169e-08, 1.1920928955078125e-07, -3.9814040064811707e-08, 1, -1.8626440123625798e-07, -2.3026950657367706e-07, 2.3120077230487368e-07, -0.09070103615522385, 0.9958785176277161, -2.0535658507014887e-07, -0.9958782196044922, -0.0906980112195015),
            ["LeftUpperLeg"] = CFrame.new(5.960464477539063e-08, -2.0838342607021332e-08, 9.778887033462524e-09, -0.16906751692295074, 0.9779987931251526, 0.12220726162195206, -0.14503103494644165, 0.0979563295841217, -0.9845660924911499, -0.9748754501342773, -0.18418200314044952, 0.12527970969676971),
            ["LeftLowerLeg"] = CFrame.new(0, 5.960464477539063e-08, 5.587935447692871e-08, 1, -1.005827670041981e-07, -1.1548404188488348e-07, 1.0151417484394187e-07, -0.15781179070472717, 0.9874698519706726, -1.611188196193325e-07, -0.9874692559242249, -0.1578078418970108),
        }},
        {Time = 0.100, Data = {
            ["RightFoot"] = CFrame.new(-3.11941334985022e-08, 4.76837158203125e-07, 8.348256130830123e-08, 0.9992319941520691, 0.014379840344190598, -0.036451615393161774, -0.01892813853919506, 0.9916331768035889, -0.12768912315368652, 0.03431170806288719, 0.12828458845615387, 0.9911442399024963),
            ["LeftLowerArm"] = CFrame.new(-1.1920928955078125e-07, 5.960464477539063e-08, 7.450580596923828e-09, 1, 7.450584149637507e-09, 1.0989607801548118e-07, 2.7939677238464355e-08, 1, 1.788139627478813e-07, -9.313225746154785e-08, 5.960467319710006e-08, 1),
            ["RightUpperArm"] = CFrame.new(0.057155489921569824, -0.14113914966583252, -0.004333175718784332, 0.47393736243247986, -0.5383446216583252, 0.6968364715576172, 0.3080217242240906, -0.6400153636932373, -0.7039266228675842, 0.8249279260635376, 0.5482384562492371, -0.1375000923871994),
            ["Head"] = CFrame.new(2.2351741790771484e-08, 2.384185791015625e-07, -4.842877388000488e-08, 0.9817556738853455, -0.06686189025640488, 0.17800366878509521, 0.045519210398197174, 0.9915600419044495, 0.12139565497636795, -0.1846180409193039, -0.1110781580209732, 0.9765130877494812),
            ["RightHand"] = CFrame.new(-8.940696716308594e-08, -3.5762786865234375e-07, -2.2165477275848389e-07, -0.0899621918797493, 0.19386713206768036, 0.9768942594528198, -0.35606592893600464, 0.9097822308540344, -0.21333852410316467, -0.9301203489303589, -0.36703118681907654, -0.012816494330763817),
            ["UpperTorso"] = CFrame.new(2.3283064365386963e-09, 0, 4.6566128730773926e-09, 0.9958187937736511, 0.090265192091465, -0.01404142938554287, -0.09103135019540787, 0.9933869242668152, -0.06996890157461166, 0.007632885128259659, 0.0709545686841011, 0.9974503517150879),
            ["HumanoidRootPart"] = CFrame.new(0, 0, 0, 1, 0, 0, 0, 1, 0, 0, 0, 1),
            ["RightUpperLeg"] = CFrame.new(-2.9802322387695312e-08, -1.0209623724222183e-07, 1.3504177331924438e-08, 0.591100811958313, -0.8065963983535767, -0.0014982897555455565, 0.031941063702106476, 0.02526390366256237, -0.9991704225540161, 0.8059651255607605, 0.5905625820159912, 0.04069767892360687),
            ["LeftUpperArm"] = CFrame.new(0.018839657306671143, -0.1776580810546875, 0.013948313891887665, 0.2885574698448181, 0.764534592628479, -0.5763922333717346, -0.007906608283519745, -0.6000757217407227, -0.799905002117157, -0.9574300050735474, 0.23536385595798492, -0.16710525751113892),
            ["RightLowerArm"] = CFrame.new(0, 1.7881393432617188e-07, 9.685754776000977e-08, 1, -1.4901166522918174e-08, 1.1920930376163597e-07, -7.450580596923828e-09, 1, 1.0430814256778831e-07, -9.685754776000977e-08, -6.891789183782748e-08, 1),
            ["LeftHand"] = CFrame.new(1.4901161193847656e-08, -2.980232238769531e-07, 5.960464477539063e-08, -0.2086968719959259, -0.02157873846590519, -0.9777423143386841, 0.709048867225647, 0.685228705406189, -0.16646766662597656, 0.6735692620277405, -0.7280082702636719, -0.12770473957061768),
            ["LeftFoot"] = CFrame.new(5.587935447692871e-09, 3.5762786865234375e-07, 3.5390257835388184e-08, 0.876977801322937, -0.12996350228786469, -0.4626258909702301, 0.0012307162396609783, 0.9633359313011169, -0.2682898938655853, 0.48052942752838135, 0.23471976816654205, 0.8449839949607849),
            ["LowerTorso"] = CFrame.new(-0.015115005895495415, -0.7949154376983643, 0.0084843710064888, 0.9394051432609558, 0.011261506006121635, -0.3426240384578705, -0.013850209303200245, 0.9998911023139954, -0.005109666846692562, 0.34252914786338806, 0.009545442648231983, 0.9394587278366089),
            ["RightLowerLeg"] = CFrame.new(9.12696123123169e-08, 1.1920928955078125e-07, -3.9814040064811707e-08, 1, -1.8626440123625798e-07, -2.3026950657367706e-07, 2.3120077230487368e-07, -0.09070103615522385, 0.9958785176277161, -2.0535658507014887e-07, -0.9958782196044922, -0.0906980112195015),
            ["LeftUpperLeg"] = CFrame.new(5.960464477539063e-08, -2.0838342607021332e-08, 9.778887033462524e-09, -0.16906751692295074, 0.9779987931251526, 0.12220726162195206, -0.14503103494644165, 0.0979563295841217, -0.9845660924911499, -0.9748754501342773, -0.18418200314044952, 0.12527970969676971),
            ["LeftLowerLeg"] = CFrame.new(0, 5.960464477539063e-08, 5.587935447692871e-08, 1, -1.005827670041981e-07, -1.1548404188488348e-07, 1.0151417484394187e-07, -0.15781179070472717, 0.9874698519706726, -1.611188196193325e-07, -0.9874692559242249, -0.1578078418970108),
        }},
        {Time = 0.133, Data = {
            ["RightFoot"] = CFrame.new(-4.470348358154297e-08, 4.76837158203125e-07, -1.4901161193847656e-08, 0.953846275806427, -0.12046373635530472, -0.27507174015045166, 0.06323343515396118, 0.9760460257530212, -0.20816686749458313, 0.29356226325035095, 0.18117061257362366, 0.9386171698570251),
            ["LeftLowerArm"] = CFrame.new(0, 5.960464477539063e-08, 1.9371509552001953e-07, 1, 1.1641537511764e-08, 1.0710211029163474e-07, 1.0710210496256423e-08, 1, 1.1059456994644279e-07, -1.089647554408657e-07, -5.820768755882e-09, 1),
            ["RightUpperArm"] = CFrame.new(0.05715537071228027, -0.14114010334014893, -0.004333093762397766, 0.4739384055137634, -0.8750119805335999, 0.09875506907701492, 0.3080136179924011, 0.05966396629810333, -0.9495135545730591, 0.8249303102493286, 0.4804106056690216, 0.2977777421474457),
            ["Head"] = CFrame.new(4.0978193283081055e-08, -2.384185791015625e-07, 3.725290298461914e-08, 0.9770774841308594, -0.11681225895881653, 0.1779736876487732, 0.0960005670785904, 0.9879511594772339, 0.12139350920915604, -0.19000957906246185, -0.10152512788772583, 0.9765188694000244),
            ["RightHand"] = CFrame.new(1.4901161193847656e-07, -1.7881393432617188e-07, -4.470348358154297e-08, 0.3259277939796448, 0.08482057601213455, 0.9415820240974426, -0.30200037360191345, 0.9531248807907104, 0.018676841631531715, -0.895861029624939, -0.29044532775878906, 0.33626556396484375),
            ["UpperTorso"] = CFrame.new(1.4668330550193787e-08, -2.9802322387695312e-08, 1.0710209608078003e-08, 0.9746668338775635, 0.2222479283809662, -0.02510801889002323, -0.22347013652324677, 0.9723216891288757, -0.06820261478424072, 0.00925521831959486, 0.07208571583032608, 0.9973555207252502),
            ["HumanoidRootPart"] = CFrame.new(0, 0, 0, 1, 0, 0, 0, 1, 0, 0, 0, 1),
            ["RightUpperLeg"] = CFrame.new(0, -4.98257577419281e-08, -2.1420419216156006e-08, 0.9732949733734131, 0.22940532863140106, -0.008370347321033478, -0.22944821417331696, 0.971056342124939, -0.06636108458042145, -0.007095400243997574, 0.06650339812040329, 0.997760534286499),
            ["LeftUpperArm"] = CFrame.new(0.018839776515960693, -0.1776587963104248, 0.013948380947113037, -0.058747466653585434, 0.9982127547264099, -0.010972200892865658, -0.1042037233710289, -0.017062634229660034, -0.9944103956222534, -0.9928193688392639, -0.05727291852235794, 0.10501278936862946),
            ["RightLowerArm"] = CFrame.new(-2.9802322387695312e-08, 0, -4.023313522338867e-07, 1, -3.725291630729544e-09, 1.0244549741855735e-07, 1.30385160446167e-08, 1, 1.2293459406009788e-07, -1.5087425708770752e-07, 3.725291630729544e-09, 1),
            ["LeftHand"] = CFrame.new(7.450580596923828e-09, -2.384185791015625e-07, 1.5331897884607315e-07, -0.2036183774471283, -0.10233930498361588, -0.973686933517456, 0.4049112796783447, 0.8966795802116394, -0.17892077565193176, 0.8913958072662354, -0.4306884706020355, -0.1411421298980713),
            ["LeftFoot"] = CFrame.new(-2.723418646155551e-08, 2.980232238769531e-07, -4.4830585466115735e-08, 0.9849403500556946, -0.15221135318279266, -0.08200361579656601, 0.09690669178962708, 0.8788072466850281, -0.4672270715236664, 0.14318402111530304, 0.4522494077682495, 0.8803262710571289),
            ["LowerTorso"] = CFrame.new(0.004573729354888201, -0.08760595321655273, 0.017222285270690918, 0.940566897392273, -0.1074405312538147, -0.3221655786037445, 0.11212443560361862, 0.9936860203742981, -0.004040203522890806, 0.32056552171707153, -0.032322563230991364, 0.9466747641563416),
            ["RightLowerLeg"] = CFrame.new(-3.725290298461914e-09, 0, -1.043081283569336e-07, 1, -2.6076945047748268e-08, 1.862648035810821e-09, 2.2351745343485163e-08, 0.9651983976364136, 0.26152166724205017, 9.5926239396249e-08, -0.2615189850330353, 0.9651976823806763),
            ["LeftUpperLeg"] = CFrame.new(2.9802322387695312e-08, -3.958120942115784e-08, 1.7695128917694092e-08, 0.9614512324333191, 0.27460992336273193, 0.014181039296090603, -0.2627967894077301, 0.9328241944313049, -0.24653476476669312, -0.08092915266752243, 0.23329919576644897, 0.9690302014350891),
            ["LeftLowerLeg"] = CFrame.new(-3.725290298461914e-08, -1.7881393432617188e-07, 2.5331974029541016e-07, 1, -1.3411003862984217e-07, 7.450586814172766e-09, 7.450581307466564e-08, 0.7530159950256348, 0.6580070853233337, -1.1175872671742582e-08, -0.6580023169517517, 0.7530118823051453),
        }},
        {Time = 0.167, Data = {
            ["RightFoot"] = CFrame.new(-4.470348358154297e-08, 4.76837158203125e-07, -1.4901161193847656e-08, 0.953846275806427, -0.12046373635530472, -0.27507174015045166, 0.06323343515396118, 0.9760460257530212, -0.20816686749458313, 0.29356226325035095, 0.18117061257362366, 0.9386171698570251),
            ["LeftLowerArm"] = CFrame.new(0, 5.960464477539063e-08, 1.9371509552001953e-07, 1, 1.1641537511764e-08, 1.0710211029163474e-07, 1.0710210496256423e-08, 1, 1.1059456994644279e-07, -1.089647554408657e-07, -5.820768755882e-09, 1),
            ["RightUpperArm"] = CFrame.new(0.05715537071228027, -0.14114010334014893, -0.004333093762397766, 0.4739384055137634, -0.8750119805335999, 0.09875506907701492, 0.3080136179924011, 0.05966396629810333, -0.9495135545730591, 0.8249303102493286, 0.4804106056690216, 0.2977777421474457),
            ["Head"] = CFrame.new(4.0978193283081055e-08, -2.384185791015625e-07, 3.725290298461914e-08, 0.9770774841308594, -0.11681225895881653, 0.1779736876487732, 0.0960005670785904, 0.9879511594772339, 0.12139350920915604, -0.19000957906246185, -0.10152512788772583, 0.9765188694000244),
            ["RightHand"] = CFrame.new(1.4901161193847656e-07, -1.7881393432617188e-07, -4.470348358154297e-08, 0.3259277939796448, 0.08482057601213455, 0.9415820240974426, -0.30200037360191345, 0.9531248807907104, 0.018676841631531715, -0.895861029624939, -0.29044532775878906, 0.33626556396484375),
            ["UpperTorso"] = CFrame.new(1.4668330550193787e-08, -2.9802322387695312e-08, 1.0710209608078003e-08, 0.9746668338775635, 0.2222479283809662, -0.02510801889002323, -0.22347013652324677, 0.9723216891288757, -0.06820261478424072, 0.00925521831959486, 0.07208571583032608, 0.9973555207252502),
            ["HumanoidRootPart"] = CFrame.new(0, 0, 0, 1, 0, 0, 0, 1, 0, 0, 0, 1),
            ["RightUpperLeg"] = CFrame.new(0, -4.98257577419281e-08, -2.1420419216156006e-08, 0.9732949733734131, 0.22940532863140106, -0.008370347321033478, -0.22944821417331696, 0.971056342124939, -0.06636108458042145, -0.007095400243997574, 0.06650339812040329, 0.997760534286499),
            ["LeftUpperArm"] = CFrame.new(0.018839776515960693, -0.1776587963104248, 0.013948380947113037, -0.058747466653585434, 0.9982127547264099, -0.010972200892865658, -0.1042037233710289, -0.017062634229660034, -0.9944103956222534, -0.9928193688392639, -0.05727291852235794, 0.10501278936862946),
            ["RightLowerArm"] = CFrame.new(-2.9802322387695312e-08, 0, -4.023313522338867e-07, 1, -3.725291630729544e-09, 1.0244549741855735e-07, 1.30385160446167e-08, 1, 1.2293459406009788e-07, -1.5087425708770752e-07, 3.725291630729544e-09, 1),
            ["LeftHand"] = CFrame.new(7.450580596923828e-09, -2.384185791015625e-07, 1.5331897884607315e-07, -0.2036183774471283, -0.10233930498361588, -0.973686933517456, 0.4049112796783447, 0.8966795802116394, -0.17892077565193176, 0.8913958072662354, -0.4306884706020355, -0.1411421298980713),
            ["LeftFoot"] = CFrame.new(-2.723418646155551e-08, 2.980232238769531e-07, -4.4830585466115735e-08, 0.9849403500556946, -0.15221135318279266, -0.08200361579656601, 0.09690669178962708, 0.8788072466850281, -0.4672270715236664, 0.14318402111530304, 0.4522494077682495, 0.8803262710571289),
            ["LowerTorso"] = CFrame.new(0.004573729354888201, -0.08760595321655273, 0.017222285270690918, 0.940566897392273, -0.1074405312538147, -0.3221655786037445, 0.11212443560361862, 0.9936860203742981, -0.004040203522890806, 0.32056552171707153, -0.032322563230991364, 0.9466747641563416),
            ["RightLowerLeg"] = CFrame.new(-3.725290298461914e-09, 0, -1.043081283569336e-07, 1, -2.6076945047748268e-08, 1.862648035810821e-09, 2.2351745343485163e-08, 0.9651983976364136, 0.26152166724205017, 9.5926239396249e-08, -0.2615189850330353, 0.9651976823806763),
            ["LeftUpperLeg"] = CFrame.new(2.9802322387695312e-08, -3.958120942115784e-08, 1.7695128917694092e-08, 0.9614512324333191, 0.27460992336273193, 0.014181039296090603, -0.2627967894077301, 0.9328241944313049, -0.24653476476669312, -0.08092915266752243, 0.23329919576644897, 0.9690302014350891),
            ["LeftLowerLeg"] = CFrame.new(-3.725290298461914e-08, -1.7881393432617188e-07, 2.5331974029541016e-07, 1, -1.3411003862984217e-07, 7.450586814172766e-09, 7.450581307466564e-08, 0.7530159950256348, 0.6580070853233337, -1.1175872671742582e-08, -0.6580023169517517, 0.7530118823051453),
        }},
        {Time = 0.200, Data = {
            ["RightFoot"] = CFrame.new(-1.1175870895385742e-08, 4.172325134277344e-07, -7.450580596923828e-09, 0.9484409689903259, -0.1425144374370575, -0.28310519456863403, 0.06244111433625221, 0.9597203135490417, -0.2739248275756836, 0.31074258685112, 0.24212908744812012, 0.9191391468048096),
            ["LeftLowerArm"] = CFrame.new(0, 5.960464477539063e-08, 3.3061951398849487e-07, 1, 5.820768866904302e-11, 1.0803343286625022e-07, -3.3120159059762955e-08, 1, 1.1455269088855857e-07, -1.0617077350616455e-07, 3.7252920748187535e-09, 1),
            ["RightUpperArm"] = CFrame.new(0.05715537071228027, -0.14113998413085938, -0.004333063960075378, 0.4739392101764679, -0.879832923412323, -0.03591444343328476, 0.30801206827163696, 0.20384618639945984, -0.929293155670166, 0.8249304890632629, 0.4293493330478668, 0.36759278178215027),
            ["Head"] = CFrame.new(-7.450580596923828e-09, -1.1920928955078125e-07, -8.381903171539307e-09, 0.9815685749053955, -0.06955938041210175, 0.17800207436084747, 0.048243895173072815, 0.9914311170578003, 0.12139559537172318, -0.18492098152637482, -0.11057042330503464, 0.9765134453773499),
            ["RightHand"] = CFrame.new(-1.4901161193847656e-07, -3.5762786865234375e-07, 1.4901161193847656e-08, 0.325927734375, 0.08482056856155396, 0.9415820240974426, -0.30200034379959106, 0.9531249403953552, 0.018676873296499252, -0.8958609700202942, -0.2904454171657562, 0.3362656235694885),
            ["UpperTorso"] = CFrame.new(2.9103830456733704e-08, 8.940696716308594e-08, 1.210719347000122e-08, 0.9821690320968628, 0.18669337034225464, -0.022126873955130577, -0.1877925992012024, 0.9797940850257874, -0.06882917881011963, 0.008829807862639427, 0.07175714522600174, 0.9973830580711365),
            ["HumanoidRootPart"] = CFrame.new(0, 0, 0, 1, 0, 0, 0, 1, 0, 0, 0, 1),
            ["RightUpperLeg"] = CFrame.new(5.960464477539063e-08, 8.149072527885437e-08, -1.4435499906539917e-08, 0.9678164720535278, 0.2510674297809601, -0.017221549525856972, -0.2511489987373352, 0.9592514038085938, -0.12946975231170654, -0.015985677018761635, 0.12962214648723602, 0.9914339184761047),
            ["LeftUpperArm"] = CFrame.new(0.018839657306671143, -0.1776585578918457, 0.013948321342468262, -0.058747150003910065, 0.9918807148933411, 0.11279188096523285, -0.10420379042625427, 0.1062769666314125, -0.988862156867981, -0.9928193688392639, -0.06984236091375351, 0.0971074104309082),
            ["RightLowerArm"] = CFrame.new(1.1920928955078125e-07, 2.384185791015625e-07, 1.9371509552001953e-07, 1, -1.117587622445626e-08, 1.229346082709526e-07, 1.4901161193847656e-08, 1, 1.1548402767402877e-07, -9.313225746154785e-08, 1.4901168299275014e-08, 1),
            ["LeftHand"] = CFrame.new(-2.2351741790771484e-08, -5.960464477539063e-08, 1.548323780298233e-07, -0.2036183923482895, -0.10233929753303528, -0.9736870527267456, 0.4049113392829895, 0.8966795206069946, -0.17892085015773773, 0.8913958668708801, -0.4306884706020355, -0.1411421149969101),
            ["LeftFoot"] = CFrame.new(-4.029610067846079e-08, 2.980232238769531e-07, -1.6434000826848205e-08, 0.9875622987747192, -0.13552966713905334, -0.07970358431339264, 0.07837717235088348, 0.8638087511062622, -0.4976802170276642, 0.13630013167858124, 0.48524853587150574, 0.8636907339096069),
            ["LowerTorso"] = CFrame.new(0.0058008823543787, -0.11111104488372803, 0.02184310555458069, 0.940566897392273, -0.1074405312538147, -0.3221655786037445, 0.11212443560361862, 0.9936860203742981, -0.004040203522890806, 0.32056552171707153, -0.032322563230991364, 0.9466747641563416),
            ["RightLowerLeg"] = CFrame.new(3.5390257835388184e-08, 0, -1.2293457984924316e-07, 1, -6.332969348932238e-08, 4.470353687224815e-08, 5.587936158235607e-08, 0.9237130284309387, 0.3830890357494354, 1.0803343286625022e-07, -0.3830852806568146, 0.9237114191055298),
            ["LeftUpperLeg"] = CFrame.new(0, 9.313225746154785e-08, -5.122274160385132e-09, 0.9659472703933716, 0.2587316334247589, 0.001978908898308873, -0.24653464555740356, 0.9226804971694946, -0.29645270109176636, -0.07852745056152344, 0.2858649790287018, 0.9550455212593079),
            ["LeftLowerLeg"] = CFrame.new(5.960464477539063e-08, -3.5762786865234375e-07, 2.2351741790771484e-07, 1, -1.4901121403454454e-07, 0, 8.940698137394065e-08, 0.6912543177604675, 0.7226161956787109, -1.862645326866641e-08, -0.7226116061210632, 0.6912496089935303),
        }},
        {Time = 0.233, Data = {
            ["RightFoot"] = CFrame.new(-1.1175870895385742e-08, 4.172325134277344e-07, -7.450580596923828e-09, 0.9484409689903259, -0.1425144374370575, -0.28310519456863403, 0.06244111433625221, 0.9597203135490417, -0.2739248275756836, 0.31074258685112, 0.24212908744812012, 0.9191391468048096),
            ["LeftLowerArm"] = CFrame.new(0, 5.960464477539063e-08, 3.3061951398849487e-07, 1, 5.820768866904302e-11, 1.0803343286625022e-07, -3.3120159059762955e-08, 1, 1.1455269088855857e-07, -1.0617077350616455e-07, 3.7252920748187535e-09, 1),
            ["RightUpperArm"] = CFrame.new(0.05715537071228027, -0.14113998413085938, -0.004333063960075378, 0.4739392101764679, -0.879832923412323, -0.03591444343328476, 0.30801206827163696, 0.20384618639945984, -0.929293155670166, 0.8249304890632629, 0.4293493330478668, 0.36759278178215027),
            ["Head"] = CFrame.new(-7.450580596923828e-09, -1.1920928955078125e-07, -8.381903171539307e-09, 0.9815685749053955, -0.06955938041210175, 0.17800207436084747, 0.048243895173072815, 0.9914311170578003, 0.12139559537172318, -0.18492098152637482, -0.11057042330503464, 0.9765134453773499),
            ["RightHand"] = CFrame.new(-1.4901161193847656e-07, -3.5762786865234375e-07, 1.4901161193847656e-08, 0.325927734375, 0.08482056856155396, 0.9415820240974426, -0.30200034379959106, 0.9531249403953552, 0.018676873296499252, -0.8958609700202942, -0.2904454171657562, 0.3362656235694885),
            ["UpperTorso"] = CFrame.new(2.9103830456733704e-08, 8.940696716308594e-08, 1.210719347000122e-08, 0.9821690320968628, 0.18669337034225464, -0.022126873955130577, -0.1877925992012024, 0.9797940850257874, -0.06882917881011963, 0.008829807862639427, 0.07175714522600174, 0.9973830580711365),
            ["HumanoidRootPart"] = CFrame.new(0, 0, 0, 1, 0, 0, 0, 1, 0, 0, 0, 1),
            ["RightUpperLeg"] = CFrame.new(5.960464477539063e-08, 8.149072527885437e-08, -1.4435499906539917e-08, 0.9678164720535278, 0.2510674297809601, -0.017221549525856972, -0.2511489987373352, 0.9592514038085938, -0.12946975231170654, -0.015985677018761635, 0.12962214648723602, 0.9914339184761047),
            ["LeftUpperArm"] = CFrame.new(0.018839657306671143, -0.1776585578918457, 0.013948321342468262, -0.058747150003910065, 0.9918807148933411, 0.11279188096523285, -0.10420379042625427, 0.1062769666314125, -0.988862156867981, -0.9928193688392639, -0.06984236091375351, 0.0971074104309082),
            ["RightLowerArm"] = CFrame.new(1.1920928955078125e-07, 2.384185791015625e-07, 1.9371509552001953e-07, 1, -1.117587622445626e-08, 1.229346082709526e-07, 1.4901161193847656e-08, 1, 1.1548402767402877e-07, -9.313225746154785e-08, 1.4901168299275014e-08, 1),
            ["LeftHand"] = CFrame.new(-2.2351741790771484e-08, -5.960464477539063e-08, 1.548323780298233e-07, -0.2036183923482895, -0.10233929753303528, -0.9736870527267456, 0.4049113392829895, 0.8966795206069946, -0.17892085015773773, 0.8913958668708801, -0.4306884706020355, -0.1411421149969101),
            ["LeftFoot"] = CFrame.new(-4.029610067846079e-08, 2.980232238769531e-07, -1.6434000826848205e-08, 0.9875622987747192, -0.13552966713905334, -0.07970358431339264, 0.07837717235088348, 0.8638087511062622, -0.4976802170276642, 0.13630013167858124, 0.48524853587150574, 0.8636907339096069),
            ["LowerTorso"] = CFrame.new(0.0058008823543787, -0.11111104488372803, 0.02184310555458069, 0.940566897392273, -0.1074405312538147, -0.3221655786037445, 0.11212443560361862, 0.9936860203742981, -0.004040203522890806, 0.32056552171707153, -0.032322563230991364, 0.9466747641563416),
            ["RightLowerLeg"] = CFrame.new(3.5390257835388184e-08, 0, -1.2293457984924316e-07, 1, -6.332969348932238e-08, 4.470353687224815e-08, 5.587936158235607e-08, 0.9237130284309387, 0.3830890357494354, 1.0803343286625022e-07, -0.3830852806568146, 0.9237114191055298),
            ["LeftUpperLeg"] = CFrame.new(0, 9.313225746154785e-08, -5.122274160385132e-09, 0.9659472703933716, 0.2587316334247589, 0.001978908898308873, -0.24653464555740356, 0.9226804971694946, -0.29645270109176636, -0.07852745056152344, 0.2858649790287018, 0.9550455212593079),
            ["LeftLowerLeg"] = CFrame.new(5.960464477539063e-08, -3.5762786865234375e-07, 2.2351741790771484e-07, 1, -1.4901121403454454e-07, 0, 8.940698137394065e-08, 0.6912543177604675, 0.7226161956787109, -1.862645326866641e-08, -0.7226116061210632, 0.6912496089935303),
        }},
        {Time = 0.267, Data = {
            ["RightFoot"] = CFrame.new(-1.1175870895385742e-08, 4.172325134277344e-07, -7.450580596923828e-09, 0.9484409689903259, -0.1425144374370575, -0.28310519456863403, 0.06244111433625221, 0.9597203135490417, -0.2739248275756836, 0.31074258685112, 0.24212908744812012, 0.9191391468048096),
            ["LeftLowerArm"] = CFrame.new(0, 5.960464477539063e-08, 3.3061951398849487e-07, 1, 5.820768866904302e-11, 1.0803343286625022e-07, -3.3120159059762955e-08, 1, 1.1455269088855857e-07, -1.0617077350616455e-07, 3.7252920748187535e-09, 1),
            ["RightUpperArm"] = CFrame.new(0.05715537071228027, -0.14113998413085938, -0.004333063960075378, 0.4739392101764679, -0.879832923412323, -0.03591444343328476, 0.30801206827163696, 0.20384618639945984, -0.929293155670166, 0.8249304890632629, 0.4293493330478668, 0.36759278178215027),
            ["Head"] = CFrame.new(-7.450580596923828e-09, -1.1920928955078125e-07, -8.381903171539307e-09, 0.9815685749053955, -0.06955938041210175, 0.17800207436084747, 0.048243895173072815, 0.9914311170578003, 0.12139559537172318, -0.18492098152637482, -0.11057042330503464, 0.9765134453773499),
            ["RightHand"] = CFrame.new(-1.4901161193847656e-07, -3.5762786865234375e-07, 1.4901161193847656e-08, 0.325927734375, 0.08482056856155396, 0.9415820240974426, -0.30200034379959106, 0.9531249403953552, 0.018676873296499252, -0.8958609700202942, -0.2904454171657562, 0.3362656235694885),
            ["UpperTorso"] = CFrame.new(2.9103830456733704e-08, 8.940696716308594e-08, 1.210719347000122e-08, 0.9821690320968628, 0.18669337034225464, -0.022126873955130577, -0.1877925992012024, 0.9797940850257874, -0.06882917881011963, 0.008829807862639427, 0.07175714522600174, 0.9973830580711365),
            ["HumanoidRootPart"] = CFrame.new(0, 0, 0, 1, 0, 0, 0, 1, 0, 0, 0, 1),
            ["RightUpperLeg"] = CFrame.new(5.960464477539063e-08, 8.149072527885437e-08, -1.4435499906539917e-08, 0.9678164720535278, 0.2510674297809601, -0.017221549525856972, -0.2511489987373352, 0.9592514038085938, -0.12946975231170654, -0.015985677018761635, 0.12962214648723602, 0.9914339184761047),
            ["LeftUpperArm"] = CFrame.new(0.018839657306671143, -0.1776585578918457, 0.013948321342468262, -0.058747150003910065, 0.9918807148933411, 0.11279188096523285, -0.10420379042625427, 0.1062769666314125, -0.988862156867981, -0.9928193688392639, -0.06984236091375351, 0.0971074104309082),
            ["RightLowerArm"] = CFrame.new(1.1920928955078125e-07, 2.384185791015625e-07, 1.9371509552001953e-07, 1, -1.117587622445626e-08, 1.229346082709526e-07, 1.4901161193847656e-08, 1, 1.1548402767402877e-07, -9.313225746154785e-08, 1.4901168299275014e-08, 1),
            ["LeftHand"] = CFrame.new(-2.2351741790771484e-08, -5.960464477539063e-08, 1.548323780298233e-07, -0.2036183923482895, -0.10233929753303528, -0.9736870527267456, 0.4049113392829895, 0.8966795206069946, -0.17892085015773773, 0.8913958668708801, -0.4306884706020355, -0.1411421149969101),
            ["LeftFoot"] = CFrame.new(-4.029610067846079e-08, 2.980232238769531e-07, -1.6434000826848205e-08, 0.9875622987747192, -0.13552966713905334, -0.07970358431339264, 0.07837717235088348, 0.8638087511062622, -0.4976802170276642, 0.13630013167858124, 0.48524853587150574, 0.8636907339096069),
            ["LowerTorso"] = CFrame.new(0.0058008823543787, -0.11111104488372803, 0.02184310555458069, 0.940566897392273, -0.1074405312538147, -0.3221655786037445, 0.11212443560361862, 0.9936860203742981, -0.004040203522890806, 0.32056552171707153, -0.032322563230991364, 0.9466747641563416),
            ["RightLowerLeg"] = CFrame.new(3.5390257835388184e-08, 0, -1.2293457984924316e-07, 1, -6.332969348932238e-08, 4.470353687224815e-08, 5.587936158235607e-08, 0.9237130284309387, 0.3830890357494354, 1.0803343286625022e-07, -0.3830852806568146, 0.9237114191055298),
            ["LeftUpperLeg"] = CFrame.new(0, 9.313225746154785e-08, -5.122274160385132e-09, 0.9659472703933716, 0.2587316334247589, 0.001978908898308873, -0.24653464555740356, 0.9226804971694946, -0.29645270109176636, -0.07852745056152344, 0.2858649790287018, 0.9550455212593079),
