return {
    ["YRN"] = {
        {Time = 0.000, Data = {
            ["LeftFoot"] = CFrame.new(-3.5390257835388184e-08, 5.960464477539063e-08, -2.7008354663848877e-08, 0.9577659964561462, -0.22792960703372955, 0.1753067821264267, 0.28738877177238464, 0.7790992856025696, -0.5571459531784058, -0.009591268375515938, 0.5839968323707581, 0.811699390411377),
            ["LeftLowerArm"] = CFrame.new(-1.4901161193847656e-07, 5.960464477539063e-08, 3.5762786865234375e-07, 1, -2.9802322387695312e-08, 1.4528632164001465e-07, 2.9802322387695312e-08, 0.13913169503211975, -0.9902739524841309, 5.960464477539063e-08, 0.9902738928794861, 0.1391316056251526),
            ["LowerTorso"] = CFrame.new(-0.18430402874946594, -0.2562386989593506, 0.0628676787018776, 0.9350801110267639, -0.05867132917046547, -0.3495467007160187, 0.019142938777804375, 0.9931246042251587, -0.1154860258102417, 0.3539191484451294, 0.10129732638597488, 0.9297742247581482),
            ["Head"] = CFrame.new(-7.450580596923828e-09, -3.5762786865234375e-07, 2.9802322387695312e-08, 0.8871356844902039, -0.017732789739966393, -0.4611680209636688, 0.06671496480703354, 0.9936931133270264, 0.09012816846370697, 0.45666131377220154, -0.11072275787591934, 0.8827236294746399),
            ["RightUpperArm"] = CFrame.new(1.1920928955078125e-07, 0, 4.470348358154297e-08, 0.9476838707923889, -0.27282828092575073, 0.16571085155010223, 0.20882143080234528, 0.13723891973495483, -0.9682764410972595, 0.24143123626708984, 0.9522238373756409, 0.18703153729438782),
            ["UpperTorso"] = CFrame.new(-7.450580596923828e-09, -2.9802322387695312e-08, 1.4901161193847656e-08, 0.9998522996902466, 0.008137458935379982, -0.015145726501941681, -0.008666271343827248, 0.9993432760238647, -0.03518380969762802, 0.014849475584924221, 0.03530988469719887, 0.9992660880088806),
            ["HumanoidRootPart"] = CFrame.new(0, 0, 0, 1, 0, 0, 0, 1, 0, 0, 0, 1),
            ["RightHand"] = CFrame.new(-7.450580596923828e-08, -1.7881393432617188e-07, -8.940696716308594e-08, 0.999971330165863, -0.005136772524565458, -0.0055705406703054905, 0.005570524372160435, 0.9967093467712402, 0.08086640387773514, 0.005136771127581596, -0.08089511096477509, 0.9967093467712402),
            ["LeftUpperArm"] = CFrame.new(2.384185791015625e-07, 0, -6.705522537231445e-08, 0.8855794668197632, -0.19104613363742828, -0.4233798384666443, -0.44092923402786255, -0.059163834899663925, -0.8955898880958557, 0.14605021476745605, 0.9797965288162231, -0.13663215935230255),
            ["RightLowerArm"] = CFrame.new(-8.940696716308594e-08, -2.384185791015625e-07, -7.82310962677002e-08, 1, -1.1734663019069558e-07, 2.048909948371147e-07, 9.092036634683609e-08, -0.09342546761035919, -0.9956262707710266, 8.940696716308594e-08, 0.9956262707710266, -0.09342546761035919),
            ["LeftHand"] = CFrame.new(-8.344650268554688e-07, -2.384185791015625e-07, -1.7881393432617188e-07, 0.999817430973053, -0.015956269577145576, 0.010519101284444332, 0.016732225194573402, 0.9967845678329468, -0.07836251705884933, -0.009234932251274586, 0.07852418720722198, 0.9968694448471069),
            ["RightUpperLeg"] = CFrame.new(-2.9802322387695312e-08, 1.1920928955078125e-07, -9.145878721028566e-09, 0.9828683733940125, -0.16217324137687683, 0.08757733553647995, 0.18282735347747803, 0.7977331876754761, -0.5746269822120667, 0.02332574874162674, 0.5807940363883972, 0.8137161731719971),
            ["LeftUpperLeg"] = CFrame.new(2.9802322387695312e-08, 8.66129994392395e-08, 7.450580596923828e-09, 0.9488436579704285, 0.2928496301174164, 0.11804619431495667, -0.2673342823982239, 0.9440417885780334, -0.19317755103111267, -0.16801251471042633, 0.15173746645450592, 0.9740368127822876),
            ["RightLowerLeg"] = CFrame.new(2.9802322387695312e-08, -0.00012248754501342773, -0.00007747689232928678, 1, -5.960463056453591e-08, -3.213063237694769e-08, 1.043081283569336e-07, 0.7264128923416138, 0.6872583031654358, 0, -0.6872585415840149, 0.7264131903648376),
            ["RightFoot"] = CFrame.new(-1.825392246246338e-07, 2.384185791015625e-07, 2.9867806006222963e-08, 0.9343949556350708, 0.19769170880317688, 0.29635149240493774, -0.18389961123466492, 0.9801547527313232, -0.07401139289140701, -0.3051016926765442, 0.01465721894055605, 0.9522070288658142),
            ["LeftLowerLeg"] = CFrame.new(-1.1175870895385742e-08, 0.0001226663589477539, 0.00007744133472442627, 1, 9.685752644372769e-08, 2.7939677238464355e-08, -7.823108916227284e-08, 0.5745999813079834, 0.8184344172477722, -1.4901159417490817e-08, -0.818434476852417, 0.5745999813079834),
        }},
        {Time = 0.033, Data = {
            ["LeftFoot"] = CFrame.new(-1.0058283805847168e-07, 5.960464477539063e-08, 2.0023435354232788e-08, 0.9577968120574951, -0.2277498096227646, 0.17537222802639008, 0.28701820969581604, 0.7910338640213013, -0.5402647256851196, -0.015680093318223953, 0.567798912525177, 0.8230180740356445),
            ["LeftLowerArm"] = CFrame.new(3.8743019104003906e-07, -1.7881393432617188e-07, -3.2782554626464844e-07, 1, -4.8428766774577525e-08, 2.0489096641540527e-08, 8.195638656616211e-08, 0.34243783354759216, -0.9395405650138855, 5.960464477539063e-08, 0.9395405650138855, 0.34243762493133545),
            ["LowerTorso"] = CFrame.new(-0.17529618740081787, -0.23320865631103516, 0.03840332850813866, 0.934876561164856, -0.07004707306623459, -0.34799322485923767, 0.019099460914731026, 0.9888430237770081, -0.14773251116275787, 0.35445883870124817, 0.13146519660949707, 0.9257839322090149),
            ["Head"] = CFrame.new(1.862645149230957e-08, 1.1920928955078125e-07, 7.450580596923828e-09, 0.8852640986442566, -0.01639718748629093, -0.464799702167511, 0.06337599456310272, 0.9943094253540039, 0.08562953025102615, 0.4607505798339844, -0.1052619218826294, 0.8812654614448547),
            ["RightUpperArm"] = CFrame.new(0, 2.384185791015625e-07, 1.043081283569336e-07, 0.9601733684539795, -0.21205055713653564, 0.1819387972354889, 0.19287894666194916, 0.03192362189292908, -0.9807031154632568, 0.20215032994747162, 0.9767371416091919, 0.07155217975378036),
            ["UpperTorso"] = CFrame.new(3.725290298461914e-09, 1.7881393432617188e-07, -5.21540641784668e-08, 0.999866247177124, 0.007108199410140514, -0.014731599017977715, -0.007178492844104767, 0.999963104724884, -0.004724294412881136, 0.014697515405714512, 0.00482942583039403, 0.9998804330825806),
            ["HumanoidRootPart"] = CFrame.new(0, 0, 0, 1, 0, 0, 0, 1, 0, 0, 0, 1),
            ["RightHand"] = CFrame.new(-1.7136335372924805e-07, -1.7881393432617188e-07, -1.4901161193847656e-08, 0.9999712705612183, -0.004938812926411629, -0.005749039351940155, 0.005749016534537077, 0.9885592460632324, 0.15072405338287354, 0.004938814323395491, -0.15075281262397766, 0.9885592460632324),
            ["LeftUpperArm"] = CFrame.new(0, 0, -6.705522537231445e-08, 0.8944665193557739, -0.2156098335981369, -0.39171698689460754, -0.42289620637893677, -0.12340936064720154, -0.8977354764938354, 0.14521874487400055, 0.9686499238014221, -0.20156610012054443),
            ["RightLowerArm"] = CFrame.new(2.384185791015625e-07, -1.1920928955078125e-07, 3.835884854197502e-07, 1, -1.341104365337742e-07, 8.009374141693115e-08, -1.862645149230957e-08, 0.17740008234977722, -0.9841389060020447, 4.598405212163925e-08, 0.9841388463973999, 0.17739999294281006),
            ["LeftHand"] = CFrame.new(-5.364418029785156e-07, -4.172325134277344e-07, -8.940696716308594e-08, 0.9999142289161682, -0.01118750125169754, 0.006807395257055759, 0.010868154466152191, 0.9989160299301147, 0.0452616922557354, -0.007306363433599472, -0.04518380016088486, 0.9989520311355591),
            ["RightUpperLeg"] = CFrame.new(1.1920928955078125e-07, -1.9185245037078857e-07, -2.4047039914876223e-08, 0.9832330346107483, -0.16341911256313324, 0.08091394603252411, 0.18165262043476105, 0.8388826847076416, -0.5131065845489502, 0.01597410812973976, 0.5192014575004578, 0.8545025587081909),
            ["LeftUpperLeg"] = CFrame.new(-1.1920928955078125e-07, -2.0116567611694336e-07, 1.4901161193847656e-08, 0.9487966895103455, 0.2861567437648773, 0.1337878555059433, -0.27251267433166504, 0.955673336982727, -0.11146937310695648, -0.15975528955459595, 0.06930279731750488, 0.9847210645675659),
            ["RightLowerLeg"] = CFrame.new(-1.4901161193847656e-08, -0.00012230873107910156, -0.00007726827607257292, 1, -5.215405707303944e-08, -2.1420424545226524e-08, 8.940698847936801e-08, 0.7548107504844666, 0.6559424996376038, 7.450582373280668e-09, -0.6559425592422485, 0.7548109292984009),
            ["RightFoot"] = CFrame.new(3.725290298461914e-09, 4.172325134277344e-07, 1.985608832910657e-08, 0.9350417256355286, 0.19604544341564178, 0.29540401697158813, -0.18241249024868011, 0.980485200881958, -0.07331036031246185, -0.30401134490966797, 0.014663035981357098, 0.9525555372238159),
            ["LeftLowerLeg"] = CFrame.new(-9.685754776000977e-08, 0.00012290477752685547, 0.00007741153240203857, 1, 1.1175869474300271e-07, -2.9802318834981634e-08, -6.332992086299782e-08, 0.632850170135498, 0.7742744088172913, 1.862644793959589e-08, -0.7742743492126465, 0.6328499913215637),
        }},
        {Time = 0.067, Data = {
            ["LeftFoot"] = CFrame.new(-7.636845111846924e-08, 0, -4.586763679981232e-08, 0.9577867984771729, -0.22780828177928925, 0.17535091936588287, 0.2866116166114807, 0.8040520548820496, -0.5209164023399353, -0.022322267293930054, 0.5491845607757568, 0.8354030847549438),
            ["LeftLowerArm"] = CFrame.new(2.682209014892578e-07, 5.960464477539063e-08, -4.172325134277344e-07, 1, -6.030313670635223e-08, 1.4901155864777138e-08, 8.940696716308594e-08, 0.5589666366577148, -0.8291899561882019, 8.940696716308594e-08, 0.829190194606781, 0.5589669346809387),
            ["LowerTorso"] = CFrame.new(-0.1662883311510086, -0.21117925643920898, 0.014759816229343414, 0.9346739053726196, -0.08135927468538284, -0.3460715413093567, 0.01903727650642395, 0.9835184216499329, -0.17980296909809113, 0.3549964129924774, 0.16146886348724365, 0.9208177924156189),
            ["Head"] = CFrame.new(3.725290298461914e-08, 1.1920928955078125e-07, -7.450580596923828e-09, 0.8835142254829407, -0.016007479280233383, -0.4681311845779419, 0.05996747314929962, 0.995057225227356, 0.07915245741605759, 0.4645499885082245, -0.09800498932600021, 0.8801069259643555),
            ["RightUpperArm"] = CFrame.new(1.1920928955078125e-07, 3.5762786865234375e-07, -4.470348358154297e-08, 0.9667539000511169, -0.15683908760547638, 0.2019616961479187, 0.18655230104923248, -0.10758119821548462, -0.9765370488166809, 0.174886092543602, 0.9817473888397217, -0.07474582642316818),
            ["UpperTorso"] = CFrame.new(-9.313225746154785e-09, -1.1920928955078125e-07, 7.450580596923828e-09, 0.9998782873153687, 0.006057471968233585, -0.014380954205989838, -0.0056861150078475475, 0.9996529817581177, 0.025723209604620934, 0.01453186571598053, -0.025638310238718987, 0.9995656609535217),
            ["HumanoidRootPart"] = CFrame.new(0, 0, 0, 1, 0, 0, 0, 1, 0, 0, 0, 1),
            ["RightHand"] = CFrame.new(-1.3783574104309082e-07, -3.5762786865234375e-07, 2.9802322387695312e-08, 0.999971330165863, -0.004730783868581057, -0.0059158653020858765, 0.00591586297377944, 0.975509524345398, 0.21987812221050262, 0.004730876535177231, -0.21990683674812317, 0.9755094051361084),
            ["LeftUpperArm"] = CFrame.new(-1.1920928955078125e-07, 3.5762786865234375e-07, -4.470348358154297e-08, 0.8993833065032959, -0.2350919246673584, -0.36856725811958313, -0.41670289635658264, -0.2061324566602707, -0.8853632211685181, 0.1321679651737213, 0.949863851070404, -0.2833554148674011),
            ["RightLowerArm"] = CFrame.new(-2.980232238769531e-07, 2.384185791015625e-07, 2.8312206268310547e-07, 1, -1.1036169667022477e-07, 2.2351741790771484e-08, 1.0058283805847168e-07, 0.4903760850429535, -0.8715108633041382, 5.960464477539063e-08, 0.8715110421180725, 0.4903762936592102),
            ["LeftHand"] = CFrame.new(-2.682209014892578e-07, -1.7881393432617188e-07, 8.940696716308594e-08, 0.9999749660491943, -0.0060254307463765144, 0.0037274211645126343, 0.005316140130162239, 0.9858630299568176, 0.16746941208839417, -0.0046838074922561646, -0.1674453765153885, 0.9858703017234802),
            ["RightUpperLeg"] = CFrame.new(-8.940696716308594e-08, 7.450580596923828e-09, 3.55576048605144e-08, 0.9835997223854065, -0.16435426473617554, 0.07429174333810806, 0.18015505373477936, 0.8753675222396851, -0.4486377537250519, 0.008703111670911312, 0.4546639919281006, 0.8906204700469971),
            ["LeftUpperLeg"] = CFrame.new(0, -1.862645149230957e-07, -8.940696716308594e-08, 0.948679506778717, 0.2786845862865448, 0.14947286248207092, -0.2776608169078827, 0.9602680802345276, -0.02810392901301384, -0.1513659805059433, -0.014841170981526375, 0.9883663654327393),
            ["RightLowerLeg"] = CFrame.new(9.685754776000977e-08, -0.00012236833572387695, -0.00007740238652331755, 1, -1.0058280253133489e-07, -1.3737013304648826e-08, 1.0430811414607888e-07, 0.7830804586410522, 0.6219202876091003, 1.4901159417490817e-08, -0.6219203472137451, 0.7830806970596313),
            ["RightFoot"] = CFrame.new(-4.470348358154297e-08, 2.980232238769531e-07, 6.595655577257276e-08, 0.9357047080993652, 0.19434626400470734, 0.29442521929740906, -0.18144455552101135, 0.9808491468429565, -0.07080090045928955, -0.30254697799682617, 0.012827075086534023, 0.9530482888221741),
            ["LeftLowerLeg"] = CFrame.new(1.0803341865539551e-07, 0.00012260675430297852, 0.00007748603820800781, 1, 2.2351741790771484e-08, 4.6100467443466187e-08, -3.3527612686157227e-08, 0.6904078722000122, 0.7234203219413757, 5.587935447692871e-08, -0.7234203815460205, 0.6904078722000122),
        }},
        {Time = 0.100, Data = {
            ["LeftFoot"] = CFrame.new(-2.2351741790771484e-08, 5.960464477539063e-08, -2.2351741790771484e-08, 0.9577067494392395, -0.22827497124671936, 0.17518112063407898, 0.28645071387290955, 0.8140532374382019, -0.5052362084388733, -0.027273833751678467, 0.5340487360954285, 0.8450135588645935),
            ["LeftLowerArm"] = CFrame.new(-2.980232238769531e-07, 4.172325134277344e-07, -4.6193599700927734e-07, 1, -3.352760913344355e-08, 3.7252917195473856e-08, 2.9802318834981634e-08, 0.7262037396430969, -0.6874796152114868, 2.9802318834981634e-08, 0.6874796152114868, 0.7262036800384521),
            ["LowerTorso"] = CFrame.new(-0.15935921669006348, -0.19604241847991943, -0.0019436478614807129, 0.934518575668335, -0.09000665694475174, -0.3443455994129181, 0.018976829946041107, 0.97871994972229, -0.2043212205171585, 0.3554081618785858, 0.18440738320350647, 0.9163399934768677),
            ["Head"] = CFrame.new(7.450580596923828e-09, -5.960464477539062e-07, 5.21540641784668e-08, 0.8825320601463318, -0.01655927672982216, -0.4699607193470001, 0.0575314499437809, 0.9956745505332947, 0.07295440882444382, 0.4667198061943054, -0.09142207354307175, 0.879667341709137),
            ["RightUpperArm"] = CFrame.new(0, -5.960464477539062e-07, 5.960464477539063e-08, 0.9683009386062622, -0.10706028342247009, 0.22568008303642273, 0.19219233095645905, -0.25776445865631104, -0.9469000101089478, 0.15954788029193878, 0.9602580666542053, -0.22901734709739685),
            ["UpperTorso"] = CFrame.new(7.450580596923828e-09, 0, 5.960464477539063e-08, 0.9998852014541626, 0.0052288975566625595, -0.014229513704776764, -0.004524214193224907, 0.9987830519676208, 0.049111273139715195, 0.014468992128968239, -0.04904124140739441, 0.998691976070404),
            ["HumanoidRootPart"] = CFrame.new(0, 0, 0, 1, 0, 0, 0, 1, 0, 0, 0, 1),
            ["RightHand"] = CFrame.new(-9.406358003616333e-08, 7.748603820800781e-07, 9.499490261077881e-08, 0.999971330165863, -0.004566342104226351, -0.006039060652256012, 0.0060390904545784, 0.96214759349823, 0.27246206998825073, 0.004566363990306854, -0.2724907398223877, 0.96214759349823),
            ["LeftUpperArm"] = CFrame.new(5.960464477539063e-08, -2.384185791015625e-07, 1.4901161193847656e-08, 0.9002698063850403, -0.2493668496608734, -0.35683390498161316, -0.42033353447914124, -0.2846165597438812, -0.8615759611129761, 0.1132877841591835, 0.9256401658058167, -0.36104899644851685),
            ["RightLowerArm"] = CFrame.new(1.7881393432617188e-07, -1.7881393432617188e-07, -1.341104507446289e-07, 1, -4.470348358154297e-08, 1.4901162614933128e-07, 9.685756197086448e-08, 0.7561854720115662, -0.6543572545051575, 1.4901162970204496e-08, 0.6543574333190918, 0.7561855316162109),
            ["LeftHand"] = CFrame.new(0, 4.172325134277344e-07, 8.940696716308594e-08, 0.9999966025352478, -0.0018684868700802326, 0.0018221663776785135, 0.0013335981639102101, 0.9659662246704102, 0.25866517424583435, -0.0022434445563703775, -0.25866180658340454, 0.9659653902053833),
            ["RightUpperLeg"] = CFrame.new(-8.940696716308594e-08, 1.0989606380462646e-07, 6.535992724820971e-08, 0.9838978052139282, -0.16461561620235443, 0.06961951404809952, 0.17870454490184784, 0.899196445941925, -0.3993876874446869, 0.003143843961879611, 0.405397891998291, 0.9141349792480469),
            ["LeftUpperLeg"] = CFrame.new(1.1920928955078125e-07, 1.4528632164001465e-07, 4.470348358154297e-08, 0.9484596848487854, 0.2729855179786682, 0.16094456613063812, -0.28186434507369995, 0.9588251113891602, 0.03474239259958267, -0.144833505153656, -0.07831626385450363, 0.9863518476486206),
            ["RightLowerLeg"] = CFrame.new(7.450580596923828e-08, -0.0001220703125, -0.00007743963942630216, 1, -1.4901162614933128e-07, -5.82076831179279e-09, 1.0430811414607888e-07, 0.8027023077011108, 0.596379816532135, -4.470347647611561e-08, -0.5963800549507141, 0.8027024865150452),
            ["RightFoot"] = CFrame.new(1.4901161193847656e-08, 2.980232238769531e-07, 4.965841071680188e-08, 0.9362539052963257, 0.1929306983947754, 0.2936093211174011, -0.1807381808757782, 0.9811512231826782, -0.06838113814592361, -0.30126816034317017, 0.01095579843968153, 0.95347660779953),
            ["LeftLowerLeg"] = CFrame.new(3.725290298461914e-08, 0.0001226663589477539, 0.00007738173007965088, 1, 7.450580596923828e-08, -1.6298141503057195e-08, -7.450579886381092e-08, 0.7314453125, 0.681899905204773, 7.4505797087454084e-09, -0.681900143623352, 0.7314454913139343),
        }},
        {Time = 0.133, Data = {
            ["LeftFoot"] = CFrame.new(2.3655593395233154e-07, 1.1920928955078125e-07, 3.3527612686157227e-08, 0.9575252532958984, -0.22932742536067963, 0.1747978925704956, 0.28704601526260376, 0.8156594634056091, -0.5022991299629211, -0.027384620159864426, 0.5311391353607178, 0.8468419909477234),
            ["LeftLowerArm"] = CFrame.new(-5.066394805908203e-07, -2.980232238769531e-07, -4.3213367462158203e-07, 1, -8.568165554834195e-08, -1.4901159417490817e-08, 2.980232594040899e-08, 0.7706763744354248, -0.6372267603874207, 7.450581485102248e-09, 0.6372267603874207, 0.77067631483078),
            ["LowerTorso"] = CFrame.new(-0.15658757090568542, -0.19369041919708252, -0.0055876486003398895, 0.9344566464424133, -0.0934503823518753, -0.343595415353775, 0.0189495999366045, 0.9766311049461365, -0.21408598124980927, 0.35557234287261963, 0.19354310631752014, 0.9143902063369751),
            ["Head"] = CFrame.new(3.725290298461914e-08, -5.960464477539062e-07, -2.2351741790771484e-08, 0.8829882144927979, -0.017861492931842804, -0.46905505657196045, 0.05790289118885994, 0.9957884550094604, 0.07108185440301895, 0.4658101201057434, -0.08992418646812439, 0.8803038597106934),
            ["RightUpperArm"] = CFrame.new(0, 0, -4.470348358154297e-08, 0.9688416123390198, -0.07253796607255936, 0.23682081699371338, 0.19975046813488007, -0.33649876713752747, -0.9202544689178467, 0.14644326269626617, 0.9388860464096069, -0.3115246891975403),
            ["UpperTorso"] = CFrame.new(-3.725290298461914e-09, -8.940696716308594e-08, -2.2351741790771484e-08, 0.999884307384491, 0.004876181483268738, -0.014413620345294476, -0.004025612026453018, 0.9982814192771912, 0.05846353992819786, 0.014673885889351368, -0.05839872360229492, 0.9981855750083923),
            ["HumanoidRootPart"] = CFrame.new(0, 0, 0, 1, 0, 0, 0, 1, 0, 0, 0, 1),
            ["RightHand"] = CFrame.new(-1.862645149230957e-08, -5.960464477539063e-08, 2.2724270820617676e-07, 0.999971330165863, -0.004504702985286713, -0.006096794269979, 0.0060968175530433655, 0.9558703303337097, 0.2937260568141937, 0.004504643380641937, -0.2937546968460083, 0.9558701515197754),
            ["LeftUpperArm"] = CFrame.new(5.960464477539063e-08, -2.384185791015625e-07, -4.470348358154297e-08, 0.9009383916854858, -0.2475852072238922, -0.3563864529132843, -0.4219602346420288, -0.30812951922416687, -0.8526464104652405, 0.10128950327634811, 0.9185628890991211, -0.3820769190788269),
            ["RightLowerArm"] = CFrame.new(0, 0, -1.4901161193847656e-08, 1, -6.705523247774181e-08, 7.450580596923828e-09, 5.21540641784668e-08, 0.8585792183876038, -0.5126809477806091, 1.4901161193847656e-08, 0.5126811265945435, 0.8585792779922485),
            ["LeftHand"] = CFrame.new(-1.4901161193847656e-07, -8.940696716308594e-07, 1.341104507446289e-07, 0.9999992847442627, -0.0001766830828273669, 0.0011755303712561727, -0.00017654895782470703, 0.9558404088020325, 0.2938864231109619, -0.0011754930019378662, -0.29388633370399475, 0.9558396935462952),
            ["RightUpperLeg"] = CFrame.new(5.960464477539063e-08, -5.587935447692871e-08, -6.875052349641919e-08, 0.9840632081031799, -0.16387923061847687, 0.0690174400806427, 0.17781756818294525, 0.9050665497779846, -0.3863103687763214, 0.000842742738313973, 0.3924260139465332, 0.9197831749916077),
            ["LeftUpperLeg"] = CFrame.new(-5.960464477539063e-08, 7.450580596923828e-09, 0, 0.9480987787246704, 0.2727046012878418, 0.1635265350341797, -0.2843899726867676, 0.9572728872299194, 0.052451152354478836, -0.14223577082157135, -0.09623420238494873, 0.9851436614990234),
            ["RightLowerLeg"] = CFrame.new(-5.960464477539063e-08, -0.00012254714965820312, -0.00007735023245913908, 1, -9.313224325069314e-08, -6.705522537231445e-08, 1.341104365337742e-07, 0.8043649792671204, 0.5941352248191833, -7.4505797087454084e-09, -0.5941355228424072, 0.8043651580810547),
            ["RightFoot"] = CFrame.new(-7.450580596923828e-09, 4.76837158203125e-07, 1.229636836796999e-09, 0.9365633726119995, 0.19212943315505981, 0.29314732551574707, -0.17950858175754547, 0.9812887907028198, -0.06963473558425903, -0.3010411858558655, 0.012595251202583313, 0.953528106212616),
            ["LeftLowerLeg"] = CFrame.new(-2.60770320892334e-08, 0.00012248754501342773, 0.00007741153240203857, 1, 1.1175869474300271e-07, 2.3283062144940914e-09, -8.00937343115038e-08, 0.7392953038215637, 0.6733813881874084, -3.7252898543727042e-09, -0.6733814477920532, 0.7392953038215637),
        }},
        {Time = 0.167, Data = {
            ["LeftFoot"] = CFrame.new(1.0803341865539551e-07, 0, 3.213062882423401e-08, 0.9571743011474609, -0.23134297132492065, 0.1740630716085434, 0.2886330187320709, 0.809360682964325, -0.5114941000938416, -0.0225493423640728, 0.5398295521736145, 0.8414723873138428),
            ["LeftLowerArm"] = CFrame.new(-5.960464477539063e-08, -2.384185791015625e-07, 2.384185791015625e-07, 1, -6.332991375757047e-08, 1.4901159417490817e-08, 0, 0.6471665501594543, -0.7623487114906311, 2.9802322387695312e-08, 0.7623485922813416, 0.6471664309501648),
            ["LowerTorso"] = CFrame.new(-0.15715505182743073, -0.2030562162399292, 0.003902890719473362, 0.934472918510437, -0.09285195916891098, -0.343713641166687, 0.018855886533856392, 0.976946234703064, -0.21265102922916412, 0.3555348515510559, 0.1922355741262436, 0.914680540561676),
            ["Head"] = CFrame.new(-6.332993507385254e-08, -7.152557373046875e-07, 2.2351741790771484e-08, 0.8824557662010193, -0.020235886797308922, -0.4699602425098419, 0.05132380872964859, 0.9972516894340515, 0.0534316822886467, 0.46758726239204407, -0.07127128541469574, 0.8810690641403198),
            ["RightUpperArm"] = CFrame.new(-5.960464477539063e-08, -3.5762786865234375e-07, 5.960464477539063e-08, 0.9759169816970825, -0.06728929281234741, 0.20750509202480316, 0.18516647815704346, -0.2473539412021637, -0.9510675668716431, 0.11532395333051682, 0.9665859341621399, -0.22893711924552917),
            ["UpperTorso"] = CFrame.new(9.313225746154785e-09, 2.9802322387695312e-08, -2.9802322387695312e-08, 0.9998812675476074, 0.004924810025840998, -0.014607787132263184, -0.003915916662663221, 0.9976568222045898, 0.06830582022666931, 0.014909984543919563, -0.06824050843715668, 0.997557520866394),
            ["HumanoidRootPart"] = CFrame.new(0, 0, 0, 1, 0, 0, 0, 1, 0, 0, 0, 1),
            ["RightHand"] = CFrame.new(2.9243528842926025e-07, -2.384185791015625e-07, -2.9802322387695312e-08, 0.9999708533287048, -0.004775300621986389, -0.005961477756500244, 0.00596155971288681, 0.9758673906326294, 0.2182825356721878, 0.004775278270244598, -0.21831174194812775, 0.9758674502372742),
            ["LeftUpperArm"] = CFrame.new(-1.1920928955078125e-07, -3.5762786865234375e-07, -2.9802322387695312e-08, 0.904851496219635, -0.21959318220615387, -0.3647232949733734, -0.4127670228481293, -0.24274063110351562, -0.8778953552246094, 0.10424669831991196, 0.9449105858802795, -0.31028497219085693),
            ["RightLowerArm"] = CFrame.new(1.1920928955078125e-07, -5.960464477539063e-08, -4.3958425521850586e-07, 1, -5.960463056453591e-08, 5.21540641784668e-08, 2.2351745343485163e-08, 0.718192458152771, -0.6958446502685547, -4.4703490686970326e-08, 0.6958445906639099, 0.7181922793388367),
            ["LeftHand"] = CFrame.new(-2.384185791015625e-07, 5.960464477539063e-08, -1.1920928955078125e-07, 0.999999463558197, -0.0001453906443202868, 0.001068383571691811, -0.00014527702296618372, 0.9636677503585815, 0.267103910446167, -0.0010683463187888265, -0.2671038806438446, 0.9636672139167786),
            ["RightUpperLeg"] = CFrame.new(1.1920928955078125e-07, -3.390014171600342e-07, -3.149762051180005e-08, 0.9841853380203247, -0.16172999143600464, 0.0722690150141716, 0.17714037001132965, 0.8966406583786011, -0.4057794511318207, 0.0008273349376395345, 0.41216379404067993, 0.9111092686653137),
            ["LeftUpperLeg"] = CFrame.new(-5.960464477539063e-08, -1.564621925354004e-07, 1.4901161193847656e-08, 0.9474897384643555, 0.27824699878692627, 0.15761339664459229, -0.2861602306365967, 0.9577277302742004, 0.02949617989361286, -0.1427435278892517, -0.0730501338839531, 0.9870603680610657),
            ["RightLowerLeg"] = CFrame.new(-5.960464477539063e-08, -0.00012236833572387695, -0.00007733533129794523, 1, -1.0430809993522416e-07, -8.498319203908977e-08, 7.450581307466564e-08, 0.7893471121788025, 0.6139468550682068, 4.4703490686970326e-08, -0.6139471530914307, 0.7893474698066711),
            ["RightFoot"] = CFrame.new(-3.725290298461914e-08, 2.980232238769531e-07, 3.755121724680066e-08, 0.9368295669555664, 0.19143861532211304, 0.2927488088607788, -0.17742668092250824, 0.9813514351844788, -0.07395320385694504, -0.3014468848705292, 0.01734033413231373, 0.9533253312110901),
            ["LeftLowerLeg"] = CFrame.new(1.1920928955078125e-07, 0.00012248754501342773, 0.00007738173007965088, 1, 6.705522537231445e-08, 2.3748725652694702e-08, -1.4901162970204496e-08, 0.7162816524505615, 0.6978113651275635, 5.960465188081798e-08, -0.6978114247322083, 0.716281533241272),
        }},
        {Time = 0.200, Data = {
            ["LeftFoot"] = CFrame.new(1.993030309677124e-07, -1.1920928955078125e-07, -3.306195139884949e-08, 0.9567113518714905, -0.23396073281764984, 0.1731070578098297, 0.29065823554992676, 0.7984767556190491, -0.5272120237350464, -0.014875052496790886, 0.5547047257423401, 0.8319143056869507),
            ["LeftLowerArm"] = CFrame.new(0, -1.1920928955078125e-07, 1.7881393432617188e-07, 1, -8.940698137394065e-08, 5.960464477539063e-08, 1.043081283569336e-07, 0.4089919924736023, -0.9125379323959351, 2.9802322387695312e-08, 0.9125379920005798, 0.4089921712875366),
            ["LowerTorso"] = CFrame.new(-0.16014395654201508, -0.22045600414276123, 0.022294580936431885, 0.9345425963401794, -0.08925537765026093, -0.34447619318962097, 0.01878528483211994, 0.9790576696395874, -0.20271506905555725, 0.355355441570282, 0.18297474086284637, 0.9166476726531982),
            ["Head"] = CFrame.new(3.725290298461914e-09, 1.1920928955078125e-07, 7.450580596923828e-09, 0.8795775771141052, -0.023209720849990845, -0.4751890301704407, 0.03359546139836311, 0.9993460178375244, 0.01337420754134655, 0.47456783056259155, -0.027727922424674034, 0.8797820806503296),
            ["RightUpperArm"] = CFrame.new(-1.7881393432617188e-07, -1.1920928955078125e-07, 1.4901161193847656e-08, 0.9805159568786621, -0.06557579338550568, 0.18517127633094788, 0.17809493839740753, -0.10100705176591873, -0.9788155555725098, 0.08289029449224472, 0.99272221326828, -0.08736004680395126),
            ["UpperTorso"] = CFrame.new(2.9802322387695312e-08, 0, 0, 0.9998794794082642, 0.005192426964640617, -0.014638159424066544, -0.003959693480283022, 0.9965402483940125, 0.08301771432161331, 0.015018628910183907, -0.08294972032308578, 0.9964405298233032),
            ["HumanoidRootPart"] = CFrame.new(0, 0, 0, 1, 0, 0, 0, 1, 0, 0, 0, 1),
            ["RightHand"] = CFrame.new(-1.7695128917694092e-07, 5.960464477539063e-08, -3.725290298461914e-08, 0.9999704360961914, -0.005362764000892639, -0.0055253393948078156, 0.005525421816855669, 0.9995390772819519, 0.029853027313947678, 0.00536273093894124, -0.029882660135626793, 0.9995390176773071),
            ["LeftUpperArm"] = CFrame.new(0, -1.1920928955078125e-07, 2.9802322387695312e-08, 0.9070776104927063, -0.1777406483888626, -0.38159969449043274, -0.40734660625457764, -0.1419074535369873, -0.9021813273429871, 0.10620246827602386, 0.9737918972969055, -0.20112298429012299),
            ["RightLowerArm"] = CFrame.new(-2.086162567138672e-07, 5.960464477539063e-08, 5.587935447692871e-08, 1, -9.313225746154785e-08, 1.1920928955078125e-07, 6.33299421792799e-08, 0.40873855352401733, -0.9126516580581665, 4.0978196835794733e-08, 0.9126515984535217, 0.4087384045124054),
            ["LeftHand"] = CFrame.new(-1.7881393432617188e-07, -1.1920928955078125e-07, 1.862645149230957e-07, 0.9999997019767761, -0.00007889420521678403, 0.0007904022932052612, -0.00007888861000537872, 0.9802826642990112, 0.19760046899318695, -0.0007903650403022766, -0.19760048389434814, 0.9802823662757874),
            ["RightUpperLeg"] = CFrame.new(5.960464477539063e-08, -1.4528632164001465e-07, 4.300818545743823e-08, 0.9842743277549744, -0.1586024910211563, 0.07777772843837738, 0.17662833631038666, 0.8772550225257874, -0.4463476240634918, 0.0025609114672988653, 0.4530661106109619, 0.8914732336997986),
            ["LeftUpperLeg"] = CFrame.new(8.940696716308594e-08, -1.9371509552001953e-07, -1.4901161193847656e-08, 0.9467071890830994, 0.28711268305778503, 0.1459861844778061, -0.28728577494621277, 0.957628607749939, -0.020357759669423103, -0.14564554393291473, -0.02266700007021427, 0.9890772104263306),
            ["RightLowerLeg"] = CFrame.new(-5.960464477539063e-08, -0.00012195110321044922, -0.00007734278187854216, 1, -1.378357268322361e-07, -5.960465898624534e-08, 1.1920930376163597e-07, 0.7636617422103882, 0.6456162929534912, 7.450581485102248e-09, -0.6456165909767151, 0.7636619806289673),
            ["RightFoot"] = CFrame.new(-2.60770320892334e-08, 3.5762786865234375e-07, 2.9634975362569094e-08, 0.937036395072937, 0.19090035557746887, 0.2924383282661438, -0.1752994805574417, 0.9813475012779236, -0.07891310751438141, -0.3020479083061218, 0.022680554538965225, 0.9530228972434998),
            ["LeftLowerLeg"] = CFrame.new(1.2293457984924316e-07, 0.00012260675430297852, 0.00007741153240203857, 1, 5.215404996761208e-08, 1.0710208719899583e-08, -2.2351747119842003e-08, 0.6726731657981873, 0.7399399280548096, 3.3527619791584584e-08, -0.7399396896362305, 0.6726731061935425),
        }},
        {Time = 0.233, Data = {
            ["LeftFoot"] = CFrame.new(1.0617077350616455e-07, 1.7881393432617188e-07, -1.5832483768463135e-08, 0.9563084244728088, -0.23620280623435974, 0.1722864806652069, 0.29232057929039, 0.7821635603904724, -0.5502440333366394, -0.00478697195649147, 0.5765659213066101, 0.8170367479324341),
            ["LeftLowerArm"] = CFrame.new(-2.086162567138672e-07, -2.384185791015625e-07, -3.8743019104003906e-07, 1, -1.0430811414607888e-07, 9.96515154838562e-08, 9.313224325069314e-08, 0.13381601870059967, -0.9910061955451965, 1.4156101713069802e-07, 0.9910062551498413, 0.13381600379943848),
            ["LowerTorso"] = CFrame.new(-0.16748404502868652, -0.2481597661972046, 0.04814273864030838, 0.9346997737884521, -0.07991836965084076, -0.34633734822273254, 0.01904626190662384, 0.9842564463615417, -0.17571771144866943, 0.35492783784866333, 0.15764686465263367, 0.9215062260627747),
            ["Head"] = CFrame.new(-1.4901161193847656e-08, 0, 2.421438694000244e-08, 0.8764140605926514, -0.02481240965425968, -0.48091885447502136, 0.015101678669452667, 0.9995966553688049, -0.024052051827311516, 0.4813215136528015, 0.013816861435770988, 0.8764351606369019),
            ["RightUpperArm"] = CFrame.new(-5.960464477539063e-08, -1.1920928955078125e-07, 6.146728992462158e-08, 0.9801945090293884, -0.06238104775547981, 0.18795566260814667, 0.18981094658374786, 0.02522188052535057, -0.9814966917037964, 0.05648624151945114, 0.9977336525917053, 0.03656294196844101),
            ["UpperTorso"] = CFrame.new(1.4901161193847656e-08, -2.384185791015625e-07, 2.2351741790771484e-08, 0.9998729825019836, 0.0057746306993067265, -0.014858118258416653, -0.004561092704534531, 0.9967483878135681, 0.08044923841953278, 0.015274398028850555, -0.08037124574184418, 0.9966480135917664),
            ["HumanoidRootPart"] = CFrame.new(0, 0, 0, 1, 0, 0, 0, 1, 0, 0, 0, 1),
            ["RightHand"] = CFrame.new(7.078051567077637e-08, -1.7881393432617188e-07, 5.21540641784668e-08, 0.9999706149101257, -0.005937977693974972, -0.004862837493419647, 0.004862964153289795, 0.9803662896156311, -0.19712486863136292, 0.005937846843153238, 0.19709540903568268, 0.9803664088249207),
            ["LeftUpperArm"] = CFrame.new(0, -2.384185791015625e-07, 3.166496753692627e-08, 0.9040915966033936, -0.12225812673568726, -0.4094769358634949, -0.41762807965278625, -0.049665603786706924, -0.9072597026824951, 0.09058301150798798, 0.991254985332489, -0.09596069902181625),
            ["RightLowerArm"] = CFrame.new(5.960464477539063e-08, -1.7881393432617188e-07, -2.7008354663848877e-08, 1, -6.33299421792799e-08, 9.872020712009544e-08, 1.2014062633625144e-07, 0.045725781470537186, -0.9989540576934814, 1.1920930376163597e-07, 0.9989540576934814, 0.04572578892111778),
            ["LeftHand"] = CFrame.new(2.682209014892578e-07, 2.980232238769531e-07, -1.043081283569336e-07, 1, -0.00002032891097769607, 0.0004024076624773443, -0.000020332634449005127, 0.9949274659156799, 0.10059572756290436, -0.00040239281952381134, -0.10059573501348495, 0.9949273467063904),
            ["RightUpperLeg"] = CFrame.new(5.960464477539063e-08, -4.2282044887542725e-07, 1.3205863069742918e-08, 0.9840937256813049, -0.15569280087947845, 0.08555351942777634, 0.17745234072208405, 0.8387672901153564, -0.5147623419761658, 0.008385269902646542, 0.5217558741569519, 0.8530535697937012),
            ["LeftUpperLeg"] = CFrame.new(0, -5.085021257400513e-07, -2.2351741790771484e-08, 0.9460076093673706, 0.2978540062904358, 0.12787744402885437, -0.2856421172618866, 0.9525125026702881, -0.10549183189868927, -0.1532260626554489, 0.06326882541179657, 0.9861637353897095),
            ["RightLowerLeg"] = CFrame.new(9.685754776000977e-08, -0.00012230873107910156, -0.00007732043013675138, 1, -9.313223614526578e-08, -9.872020712009544e-08, 1.0430815677864302e-07, 0.7248031497001648, 0.6889558434486389, 1.4901164746561335e-08, -0.688956081867218, 0.7248032689094543),
            ["RightFoot"] = CFrame.new(1.862645149230957e-08, 2.384185791015625e-07, 4.954927135258913e-09, 0.9366407990455627, 0.1919286698102951, 0.2930315136909485, -0.1743088662624359, 0.9809840321540833, -0.08536260575056076, -0.30384284257888794, 0.028876427561044693, 0.952284574508667),
            ["LeftLowerLeg"] = CFrame.new(1.341104507446289e-07, 0.00012254714965820312, 0.00007745623588562012, 1, 1.4156103134155273e-07, -1.1175870895385742e-08, -7.823110337312755e-08, 0.6043803095817566, 0.7966961860656738, 1.4901162970204496e-08, -0.7966960072517395, 0.6043800711631775),
        }},
        {Time = 0.267, Data = {
            ["LeftFoot"] = CFrame.new(1.8440186977386475e-07, -5.960464477539063e-08, -4.6566128730773926e-08, 0.9560638070106506, -0.2375485748052597, 0.17179302871227264, 0.2930649220943451, 0.7596384286880493, -0.580570638179779, 0.007413016632199287, 0.6054090261459351, 0.7958800196647644),
            ["LeftLowerArm"] = CFrame.new(-8.940696716308594e-08, 1.1920928955078125e-07, 3.8743019104003906e-07, 1, -5.2154071283894154e-08, 8.940695295223122e-08, 1.0058283805847168e-07, -0.11639788001775742, -0.9932026863098145, 1.2665987014770508e-07, 0.9932026863098145, -0.1163979172706604),
            ["LowerTorso"] = CFrame.new(-0.1800483763217926, -0.28747570514678955, 0.07797347009181976, 0.9349283576011658, -0.06162252649664879, -0.34944474697113037, 0.02167627215385437, 0.99288409948349, -0.11709510535001755, 0.35417383909225464, 0.10190087556838989, 0.9296112656593323),
            ["Head"] = CFrame.new(1.862645149230957e-08, 3.5762786865234375e-07, 2.2351741790771484e-08, 0.8744229674339294, -0.022822264581918716, -0.484627366065979, 0.005471487063914537, 0.999293327331543, -0.037186846137046814, 0.48513367772102356, 0.02986537665128708, 0.8739299774169922),
            ["RightUpperArm"] = CFrame.new(-5.960464477539063e-08, 1.1920928955078125e-07, -7.450580596923828e-09, 0.9636242985725403, -0.11339937150478363, 0.24201011657714844, 0.2551424503326416, 0.12074951827526093, -0.9593340754508972, 0.07956551015377045, 0.9861847162246704, 0.1452900469303131),
            ["UpperTorso"] = CFrame.new(-3.725290298461914e-09, 2.9802322387695312e-08, 2.9802322387695312e-08, 0.9998403787612915, 0.008499347604811192, -0.015722934156656265, -0.007982698269188404, 0.9994354248046875, 0.032635778188705444, 0.01599147543311119, -0.03250505030155182, 0.9993436932563782),
            ["HumanoidRootPart"] = CFrame.new(0, 0, 0, 1, 0, 0, 0, 1, 0, 0, 0, 1),
            ["RightHand"] = CFrame.new(-1.1920928955078125e-07, 6.556510925292969e-07, -1.341104507446289e-07, 0.9999713897705078, -0.006286934949457645, -0.004229262936860323, 0.004229411948472261, 0.9262462854385376, -0.3768952488899231, 0.006286905147135258, 0.37686651945114136, 0.9262462854385376),
            ["LeftUpperArm"] = CFrame.new(-2.384185791015625e-07, 2.384185791015625e-07, 7.450580596923828e-09, 0.8940500020980835, -0.04154558107256889, -0.44603630900382996, -0.4457685649394989, 0.016018398106098175, -0.8950049877166748, 0.04432836174964905, 0.9990082383155823, -0.004198476206511259),
            ["RightLowerArm"] = CFrame.new(5.960464477539063e-08, -5.960464477539063e-08, 2.5704503059387207e-07, 1, -8.568166975919667e-08, 1.601874686230076e-07, 1.648440957069397e-07, -0.27725595235824585, -0.9607961773872375, 9.685754776000977e-08, 0.9607961773872375, -0.27725598216056824),
            ["LeftHand"] = CFrame.new(3.5762786865234375e-07, -1.1920928955078125e-07, 2.682209014892578e-07, 1, -7.450580596923828e-08, -0.000025793910026550293, -1.266598843585598e-07, 0.9999791383743286, -0.006463572382926941, 0.000025808814825722948, 0.006463482975959778, 0.9999791979789734),
            ["RightUpperLeg"] = CFrame.new(-5.960464477539063e-08, -3.166496753692627e-08, 2.8107024263590574e-08, 0.9837422966957092, -0.15295693278312683, 0.09410363435745239, 0.1782364398241043, 0.7674387097358704, -0.6158487796783447, 0.021979669108986855, 0.6226090788841248, 0.7822242975234985),
