return {
    ["Zany"] = {
        {Time = 0.000, Data = {
            ["RightFoot"] = CFrame.new(-1.30385160446167e-08, 2.384185791015625e-07, -2.029992174357176e-09, 0.9897330403327942, 0.1340494453907013, -0.049590326845645905, -0.12886661291122437, 0.9869991540908813, 0.09605250507593155, 0.06182143837213516, -0.08867576718330383, 0.9941402077674866),
            ["LeftLowerArm"] = CFrame.new(1.7881393432617188e-07, -4.172325134277344e-07, 2.9802322387695312e-08, 1, 1.4901162970204496e-08, 1.899897767998482e-07, 3.166496753692627e-08, -0.866025447845459, -0.5000001192092896, 1.5273690223693848e-07, 0.5000000596046448, -0.8660253882408142),
            ["RightUpperArm"] = CFrame.new(0, 0, -5.960464477539063e-08, 0.940729558467865, -0.09442789852619171, -0.3257473409175873, 0.06519480049610138, 0.9928950667381287, -0.09954430162906647, 0.3328327536582947, 0.07240723818540573, 0.9402018785476685),
            ["Head"] = CFrame.new(-1.1175870895385742e-08, 2.384185791015625e-07, -7.82310962677002e-08, 0.87413489818573, 0.10284753888845444, -0.4746688902378082, -0.3621237576007843, 0.7892994284629822, -0.49585574865341187, 0.3236582279205322, 0.6053337454795837, 0.7271978259086609),
            ["RightHand"] = CFrame.new(-5.960464477539063e-08, -1.1920928955078125e-07, 1.564621925354004e-07, 0.9386054277420044, -0.13232816755771637, 0.31860512495040894, 0.22271433472633362, 0.9377080202102661, -0.2666492164134979, -0.2634733319282532, 0.3212367296218872, 0.9096092581748962),
            ["UpperTorso"] = CFrame.new(2.7939677238464355e-08, 2.682209014892578e-07, -4.842877388000488e-08, 0.9938481450080872, -0.017973221838474274, 0.10928308218717575, 0.002428644336760044, 0.990043580532074, 0.1407407522201538, -0.11072458326816559, -0.13960954546928406, 0.983996570110321),
            ["HumanoidRootPart"] = CFrame.new(0, 0, 0, 1, 0, 0, 0, 1, 0, 0, 0, 1),
            ["RightUpperLeg"] = CFrame.new(5.960464477539063e-08, 2.1979212760925293e-07, -3.894820110872388e-08, 0.9660108685493469, -0.1436115950345993, -0.21493929624557495, -0.24982959032058716, -0.3051038682460785, -0.9189650416374207, 0.06639521569013596, 0.9414283633232117, -0.3306121528148651),
            ["LeftUpperArm"] = CFrame.new(-1.1920928955078125e-07, 1.1920928955078125e-07, -1.4901161193847656e-08, 0.8665199875831604, 0.482297420501709, -0.12857873737812042, -0.4966987669467926, 0.8077195286750793, -0.317614883184433, -0.049329131841659546, 0.33908453583717346, 0.9394616484642029),
            ["RightLowerArm"] = CFrame.new(2.384185791015625e-07, 2.384185791015625e-07, 2.2351741790771484e-08, 1, -7.823108916227284e-08, 1.359731243155693e-07, 1.043081283569336e-07, -0.494246244430542, -0.8693219423294067, 1.564621925354004e-07, 0.8693220019340515, -0.49424639344215393),
            ["LeftHand"] = CFrame.new(-1.1920928955078125e-07, 0, -8.940696716308594e-08, 0.8812596201896667, -0.3081265091896057, -0.3583851456642151, 0.3161143362522125, 0.9479712247848511, -0.03771374002099037, 0.35135915875434875, -0.08005493134260178, 0.9328117966651917),
            ["LeftFoot"] = CFrame.new(5.4016709327697754e-08, 1.1920928955078125e-07, 1.4901161193847656e-08, 0.9859443306922913, 0.16422225534915924, -0.030736707150936127, -0.16386321187019348, 0.9145984053611755, -0.3696735203266144, -0.03259682282805443, 0.369514524936676, 0.9286532998085022),
            ["LowerTorso"] = CFrame.new(-0.16797704994678497, -0.17804527282714844, 0.2160874456167221, 0.9724987745285034, -0.12390592694282532, -0.1972142457962036, 0.1875043362379074, 0.918796181678772, 0.34735530614852905, 0.1381603181362152, -0.3747811019420624, 0.916761040687561),
            ["RightLowerLeg"] = CFrame.new(1.4901161193847656e-08, -0.000060558319091796875, -0.00007209338218672201, 1, -1.2665985593685036e-07, -2.793968860714813e-07, 6.763729487602177e-08, -0.47754237055778503, 0.878608763217926, -1.9464638967292558e-07, -0.878608763217926, -0.4775424599647522),
            ["LeftUpperLeg"] = CFrame.new(2.9802322387695312e-08, 2.3096799850463867e-07, -4.470348358154297e-08, 0.9154263734817505, 0.2746884524822235, 0.2941781282424927, 0.13312609493732452, 0.48311910033226013, -0.8653748035430908, -0.379831463098526, 0.8313497304916382, 0.4056917130947113),
            ["LeftLowerLeg"] = CFrame.new(-8.940696716308594e-08, 0.000060677528381347656, 0.00007189810276031494, 1, 9.685753354915505e-08, -4.842878098543224e-08, -1.0430814256778831e-07, 0.5177540183067322, 0.8555294871330261, -2.980232594040899e-08, -0.8555296063423157, 0.5177541971206665),
        }},
        {Time = 0.033, Data = {
            ["RightFoot"] = CFrame.new(3.166496753692627e-08, 2.980232238769531e-07, -1.0633812053129077e-07, 0.9974159598350525, 0.06554541736841202, -0.02941458858549595, -0.06572040170431137, 0.9978255033493042, -0.005018056835979223, 0.02902165800333023, 0.006938498001545668, 0.9995548129081726),
            ["LeftLowerArm"] = CFrame.new(8.940696716308594e-08, 0, 7.078051567077637e-08, 1, -2.980232594040899e-08, 1.9557776909095992e-07, 4.284083487959833e-08, -0.7925744652748108, -0.6097753643989563, 1.247972107876194e-07, 0.6097752451896667, -0.792574405670166),
            ["RightUpperArm"] = CFrame.new(-5.960464477539063e-08, -1.1920928955078125e-07, -4.0978193283081055e-08, 0.9644627571105957, -0.030067533254623413, -0.26250267028808594, 0.022941842675209045, 0.9992815256118774, -0.030168592929840088, 0.2632210850715637, 0.023074183613061905, 0.9644595384597778),
            ["Head"] = CFrame.new(-1.30385160446167e-08, 1.1920928955078125e-07, 0, 0.9135231375694275, 0.10572250187397003, -0.392808198928833, -0.28711026906967163, 0.851639986038208, -0.4384942352771759, 0.28817230463027954, 0.5133539438247681, 0.8083467483520508),
            ["RightHand"] = CFrame.new(-1.341104507446289e-07, 0, -1.1408701539039612e-07, 0.9468530416488647, -0.1043962612748146, 0.3042547106742859, 0.19937650859355927, 0.9327338337898254, -0.30042701959609985, -0.2524252235889435, 0.3451215922832489, 0.9039760231971741),
            ["UpperTorso"] = CFrame.new(2.0489096641540527e-08, 8.940696716308594e-08, 2.9802322387695312e-08, 0.9947645664215088, 0.005816638004034758, 0.10202810168266296, -0.016649043187499046, 0.9942646622657776, 0.10564347356557846, -0.10082846134901047, -0.1067889854311943, 0.9891561269760132),
            ["HumanoidRootPart"] = CFrame.new(0, 0, 0, 1, 0, 0, 0, 1, 0, 0, 0, 1),
            ["RightUpperLeg"] = CFrame.new(1.1920928955078125e-07, 3.129243850708008e-07, 7.281050784513354e-08, 0.956480860710144, -0.13447703421115875, -0.25896015763282776, -0.26160261034965515, -0.0020553090143948793, -0.9651734232902527, 0.129261314868927, 0.9909146428108215, -0.03714560717344284),
            ["LeftUpperArm"] = CFrame.new(-1.1920928955078125e-07, -1.1920928955078125e-07, -4.470348358154297e-08, 0.8662529587745667, 0.457337886095047, -0.2011175900697708, -0.49891015887260437, 0.7706263065338135, -0.39651432633399963, -0.026354342699050903, 0.4438212513923645, 0.8957276940345764),
            ["RightLowerArm"] = CFrame.new(-1.4901161193847656e-07, 6.556510925292969e-07, 1.1175870895385742e-07, 1, -8.568168397005138e-08, 1.1594967475048179e-07, 6.705522537231445e-08, -0.4453677833080292, -0.8953477144241333, 1.043081283569336e-07, 0.8953477740287781, -0.4453679025173187),
            ["LeftHand"] = CFrame.new(2.384185791015625e-07, 2.384185791015625e-07, -1.6763806343078613e-07, 0.8795391321182251, -0.35394391417503357, -0.3180166780948639, 0.35711702704429626, 0.9326995611190796, -0.05038999021053314, 0.3144492506980896, -0.06924919039011002, 0.9467451572418213),
            ["LeftFoot"] = CFrame.new(-2.2351741790771484e-08, 0, -2.2351741790771484e-08, 0.9792507886886597, 0.16773109138011932, -0.11372887343168259, -0.1985049545764923, 0.9068759083747864, -0.37171533703804016, 0.04078980162739754, 0.3865780234336853, 0.9213541746139526),
            ["LowerTorso"] = CFrame.new(-0.1703614890575409, -0.1723651885986328, 0.18623819947242737, 0.9769932627677917, -0.12100596725940704, -0.1756182610988617, 0.17348207533359528, 0.9298763275146484, 0.32439789175987244, 0.12404917925596237, -0.3474011719226837, 0.9294753074645996),
            ["RightLowerLeg"] = CFrame.new(-1.4901161193847656e-08, -0.000060558319091796875, -0.00007229873881442472, 1, -1.3597308168300515e-07, -1.3038521728958585e-07, 9.126962652317161e-08, -0.24119141697883606, 0.9704776406288147, -2.0861628513557662e-07, -0.9704776406288147, -0.24119126796722412),
            ["LeftUpperLeg"] = CFrame.new(-5.960464477539063e-08, 7.450580596923828e-08, 6.705522537231445e-08, 0.8859084248542786, 0.28702884912490845, 0.36439093947410583, 0.16486389935016632, 0.5394363403320312, -0.8257290124893188, -0.4335736930370331, 0.7915951013565063, 0.43057048320770264),
            ["LeftLowerLeg"] = CFrame.new(1.1920928955078125e-07, 0.000060558319091796875, 0.00007215142250061035, 1, 5.960465188081798e-08, -1.4901161193847656e-08, -8.195638656616211e-08, 0.5376767516136169, 0.8431510329246521, 8.940696716308594e-08, -0.8431511521339417, 0.5376768112182617),
        }},
        {Time = 0.067, Data = {
            ["RightFoot"] = CFrame.new(2.6542693376541138e-08, 2.980232238769531e-07, -1.4137185644358397e-08, 0.9996852874755859, 0.004907312802970409, 0.024601822718977928, -0.0037701278924942017, 0.9989315271377563, -0.046060334891080856, -0.024801624938845634, 0.0459534227848053, 0.9986357092857361),
            ["LeftLowerArm"] = CFrame.new(-1.1920928955078125e-07, 7.748603820800781e-07, 2.9802322387695312e-08, 1, -1.3411049337719305e-07, 1.1175872316471214e-07, 1.1175873737556685e-07, -0.6083205938339233, -0.7936916947364807, 1.4156105976326216e-07, 0.7936915755271912, -0.6083202958106995),
            ["RightUpperArm"] = CFrame.new(0, -1.1920928955078125e-07, 4.0978193283081055e-08, 0.9785581827163696, -0.04913121089339256, -0.200025275349617, 0.062144920229911804, 0.9963035583496094, 0.059306930750608444, 0.19637204706668854, -0.07046578079462051, 0.9779942035675049),
            ["Head"] = CFrame.new(-2.1420419216156006e-08, 0, 9.12696123123169e-08, 0.9701001644134521, 0.09247925877571106, -0.2243955135345459, -0.15410485863685608, 0.9489781856536865, -0.2751219570636749, 0.18750320374965668, 0.3014763295650482, 0.9348554015159607),
            ["RightHand"] = CFrame.new(-4.470348358154297e-08, -5.960464477539063e-08, -5.811452865600586e-07, 0.9648233652114868, -0.04381518438458443, 0.2592223584651947, 0.1320781111717224, 0.9333316087722778, -0.3338374197483063, -0.22731316089630127, 0.35633209347724915, 0.9062871336936951),
            ["UpperTorso"] = CFrame.new(2.5989720597863197e-08, 2.9802322387695312e-08, 3.003515303134918e-08, 0.996074378490448, 0.039828237146139145, 0.07905459403991699, -0.04280156269669533, 0.9984246492385864, 0.03627924993634224, -0.0774851068854332, -0.039520520716905594, 0.9962099194526672),
            ["HumanoidRootPart"] = CFrame.new(0, 0, 0, 1, 0, 0, 0, 1, 0, 0, 0, 1),
            ["RightUpperLeg"] = CFrame.new(5.960464477539063e-08, 3.986060619354248e-07, 3.9282895158976316e-08, 0.9459215402603149, -0.0972568690776825, -0.30947327613830566, -0.21672026813030243, 0.5204029679298401, -0.8259620070457458, 0.24138127267360687, 0.8483642339706421, 0.47118276357650757),
            ["LeftUpperArm"] = CFrame.new(0, 0, 1.564621925354004e-07, 0.8714872002601624, 0.408579021692276, -0.2712445557117462, -0.4893314242362976, 0.7612487077713013, -0.425505667924881, 0.03263203799724579, 0.5035511255264282, 0.8633489608764648),
            ["RightLowerArm"] = CFrame.new(2.384185791015625e-07, 2.384185791015625e-07, -4.470348358154297e-08, 1, -8.288768782449552e-08, 1.4039687812328339e-07, 8.940696716308594e-08, -0.372538685798645, -0.9280166625976562, 1.043081283569336e-07, 0.928016722202301, -0.372538685798645),
            ["LeftHand"] = CFrame.new(2.682209014892578e-07, -1.7881393432617188e-07, -1.4901161193847656e-07, 0.8928152918815613, -0.3852497339248657, -0.23337393999099731, 0.38001886010169983, 0.9224114418029785, -0.06886893510818481, 0.24179869890213013, -0.027199190109968185, 0.9699452519416809),
            ["LeftFoot"] = CFrame.new(-7.450580596923828e-08, 0, 0, 0.9687824249267578, 0.154157817363739, -0.19415491819381714, -0.21884450316429138, 0.8997412323951721, -0.3775880038738251, 0.11648105084896088, 0.4082905054092407, 0.9053901433944702),
            ["LowerTorso"] = CFrame.new(-0.16442766785621643, -0.1609945297241211, 0.1162499263882637, 0.9854576587677002, -0.1127515360713005, -0.12712305784225464, 0.14340409636497498, 0.9531770944595337, 0.26624971628189087, 0.09115071594715118, -0.28060775995254517, 0.9554846286773682),
            ["RightLowerLeg"] = CFrame.new(5.494803190231323e-08, -0.00006026029586791992, -0.00007225403533084318, 1, -1.5972177891399042e-07, -6.472694025205783e-08, 1.2712554564586753e-07, 0.33411964774131775, 0.9425305724143982, -6.33299421792799e-08, -0.9425306916236877, 0.33412009477615356),
            ["LeftUpperLeg"] = CFrame.new(8.940696716308594e-08, 2.3283064365386963e-07, 2.2351741790771484e-08, 0.8619083762168884, 0.26961806416511536, 0.42944151163101196, 0.16532965004444122, 0.6512058973312378, -0.7406734228134155, -0.47935372591018677, 0.7093920111656189, 0.5167040228843689),
            ["LeftLowerLeg"] = CFrame.new(1.4901161193847656e-08, 0.000060677528381347656, 0.00007206201553344727, 1, 0, 8.195640788244418e-08, -9.685756197086448e-08, 0.5779128074645996, 0.8160983920097351, 7.450581307466564e-08, -0.8160985708236694, 0.5779129266738892),
        }},
        {Time = 0.100, Data = {
            ["RightFoot"] = CFrame.new(-3.4458935260772705e-08, 2.384185791015625e-07, 3.5222910810261965e-08, 0.9979846477508545, -0.01178516261279583, 0.062352657318115234, 0.012813608162105083, 0.9997879266738892, -0.01612103544175625, -0.06214940547943115, 0.016887687146663666, 0.9979240298271179),
            ["LeftLowerArm"] = CFrame.new(-1.4901161193847656e-07, -5.960464477539063e-08, -5.960464477539063e-08, 1, -1.3411047916633834e-07, 1.1920926112907182e-07, -1.4901159417490817e-08, -0.4780225157737732, -0.8783478140830994, 5.960463766996327e-08, 0.878347635269165, -0.47802218794822693),
            ["RightUpperArm"] = CFrame.new(-5.960464477539063e-08, 2.384185791015625e-07, -2.7939677238464355e-08, 0.9900644421577454, -0.05875289812684059, -0.12775185704231262, 0.07512140274047852, 0.9890103340148926, 0.12733948230743408, 0.11886631697416306, -0.13567118346691132, 0.9835976362228394),
            ["Head"] = CFrame.new(1.0244548320770264e-08, 3.5762786865234375e-07, -4.6566128730773926e-09, 0.9947237372398376, 0.06297726929187775, -0.08098569512367249, -0.0716644898056984, 0.9914261102676392, -0.1092638224363327, 0.07341015338897705, 0.11449118703603745, 0.9907082915306091),
            ["RightHand"] = CFrame.new(-7.450580596923828e-08, -5.960464477539063e-08, -4.190951585769653e-08, 0.9789842367172241, 0.016894463449716568, 0.2032351940870285, 0.0576414093375206, 0.9330043792724609, -0.35521820187568665, -0.1956208348274231, 0.3594682216644287, 0.9124229550361633),
            ["UpperTorso"] = CFrame.new(-3.958120942115784e-09, 2.9802322387695312e-08, 2.1420419216156006e-08, 0.9975942969322205, 0.05229420214891434, 0.04550939425826073, -0.05152779072523117, 0.9985119700431824, -0.017854833975434303, -0.04637536779046059, 0.015466880984604359, 0.9988043904304504),
            ["HumanoidRootPart"] = CFrame.new(0, 0, 0, 1, 0, 0, 0, 1, 0, 0, 0, 1),
            ["RightUpperLeg"] = CFrame.new(0, 5.029141902923584e-08, 3.55576048605144e-08, 0.9325348138809204, -0.0686105415225029, -0.3545018434524536, -0.15389426052570343, 0.8126239776611328, -0.5621023774147034, 0.32664284110069275, 0.5787355899810791, 0.7472411394119263),
            ["LeftUpperArm"] = CFrame.new(0, 0, -6.705522537231445e-08, 0.8791258931159973, 0.37167203426361084, -0.29832497239112854, -0.46686872839927673, 0.7973895072937012, -0.38236552476882935, 0.09576679021120071, 0.47542592883110046, 0.8745278716087341),
            ["RightLowerArm"] = CFrame.new(5.960464477539063e-08, 1.7881393432617188e-07, -4.6566128730773926e-08, 1, -8.603091572467747e-08, 1.4179389040691603e-07, 9.313224325069314e-08, -0.30210673809051514, -0.953274130821228, 1.0058282384761696e-07, 0.9532740712165833, -0.3021068871021271),
            ["LeftHand"] = CFrame.new(-1.043081283569336e-07, 0, 2.086162567138672e-07, 0.9003456234931946, -0.3984682261943817, -0.17493106424808502, 0.38831081986427307, 0.9170832633972168, -0.09040456265211105, 0.1964496225118637, 0.013467604294419289, 0.9804214239120483),
            ["LeftFoot"] = CFrame.new(-5.960464477539063e-08, 1.1920928955078125e-07, -2.9802322387695312e-08, 0.9636828899383545, 0.13270357251167297, -0.2317439317703247, -0.21761727333068848, 0.8932163119316101, -0.39345574378967285, 0.1547844409942627, 0.4295979142189026, 0.8896557688713074),
            ["LowerTorso"] = CFrame.new(-0.1579076498746872, -0.1553041934967041, 0.03546188399195671, 0.9920281171798706, -0.09995199739933014, -0.07674528658390045, 0.11302678287029266, 0.9750333428382874, 0.1911415010690689, 0.05572422593832016, -0.19829204678535461, 0.9785576462745667),
            ["RightLowerLeg"] = CFrame.new(-2.60770320892334e-08, -0.00006031990051269531, -0.0000721348260412924, 1, -5.21540464148984e-08, -2.9336657547673894e-08, 1.210719204891575e-07, 0.6964530348777771, 0.7176020741462708, -9.406356582530861e-08, -0.7176023721694946, 0.6964534521102905),
            ["LeftUpperLeg"] = CFrame.new(-1.1920928955078125e-07, -3.527384251356125e-08, 9.313225746154785e-09, 0.859632134437561, 0.23349595069885254, 0.4544362425804138, 0.13293048739433289, 0.756608247756958, -0.6402137279510498, -0.49331748485565186, 0.610756516456604, 0.6193658709526062),
            ["LeftLowerLeg"] = CFrame.new(1.4901161193847656e-08, 0.000060439109802246094, 0.00007218122482299805, 1, 8.940695295223122e-08, 4.8428766774577525e-08, -7.450579886381092e-08, 0.610038161277771, 0.7923720479011536, 5.960463766996327e-08, -0.7923720479011536, 0.6100382208824158),
        }},
        {Time = 0.133, Data = {
            ["RightFoot"] = CFrame.new(2.3283064365386963e-08, 4.172325134277344e-07, 5.3616531658917665e-08, 0.9978592395782471, 0.03918500617146492, 0.052359096705913544, -0.018543414771556854, 0.9372898936271667, -0.3480571508407593, -0.06271425634622574, 0.34634143114089966, 0.9360101222991943),
            ["LeftLowerArm"] = CFrame.new(-5.960464477539062e-07, -2.384185791015625e-07, -1.1920928955078125e-07, 1, -1.0430815677864302e-07, 1.639127589214695e-07, 7.823110337312755e-08, -0.5267414450645447, -0.8500257134437561, 1.1175872316471214e-07, 0.8500255942344666, -0.5267413258552551),
            ["RightUpperArm"] = CFrame.new(0, -4.76837158203125e-07, 1.5832483768463135e-08, 0.9986138939857483, -0.037643708288669586, -0.036789119243621826, 0.0424882136285305, 0.9890576004981995, 0.14127929508686066, 0.03106827475130558, -0.14264656603336334, 0.9892860054969788),
            ["Head"] = CFrame.new(2.537854015827179e-08, -3.5762786865234375e-07, 1.257285475730896e-08, 0.998963475227356, 0.044217549264431, -0.010808663442730904, -0.043896764516830444, 0.9986345171928406, 0.028325755149126053, 0.012046396732330322, -0.027821825817227364, 0.9995402693748474),
            ["RightHand"] = CFrame.new(-5.960464477539063e-08, 5.960464477539063e-08, 1.4901161193847656e-08, 0.9900795221328735, 0.06489899009466171, 0.12462268769741058, -0.01618231274187565, 0.933704674243927, -0.35767820477485657, -0.1395736038684845, 0.352113276720047, 0.9254921078681946),
            ["UpperTorso"] = CFrame.new(-1.280568540096283e-08, -1.4901161193847656e-07, -1.3969838619232178e-08, 0.9993134140968323, 0.03704915568232536, -0.0003349080216139555, -0.03698408603668213, 0.9969353079795837, -0.06893723458051682, -0.0022201843094080687, 0.06890230625867844, 0.9976209402084351),
            ["HumanoidRootPart"] = CFrame.new(0, 0, 0, 1, 0, 0, 0, 1, 0, 0, 0, 1),
            ["RightUpperLeg"] = CFrame.new(0, 5.8673322200775146e-08, -5.8862497098743916e-09, 0.9239076375961304, -0.05555960536003113, -0.37856027483940125, -0.06464669853448868, 0.9525083899497986, -0.29757124185562134, 0.37711483240127563, 0.29940086603164673, 0.8764380216598511),
            ["LeftUpperArm"] = CFrame.new(-1.1920928955078125e-07, -3.5762786865234375e-07, 5.587935447692871e-09, 0.887313961982727, 0.35677939653396606, -0.29220303893089294, -0.4296343922615051, 0.8697984218597412, -0.24262091517448425, 0.1675957590341568, 0.34082144498825073, 0.9250688552856445),
            ["RightLowerArm"] = CFrame.new(5.960464477539063e-08, -2.980232238769531e-07, 1.862645149230957e-08, 1, -9.196811845413322e-08, 9.883660823106766e-08, 9.359791874885559e-08, -0.1996987760066986, -0.979857325553894, 1.0337680578231812e-07, 0.9798573851585388, -0.19969876110553741),
            ["LeftHand"] = CFrame.new(5.960464477539063e-08, -1.1920928955078125e-07, 3.2782554626464844e-07, 0.9065386056900024, -0.38663116097450256, -0.16942381858825684, 0.3707272410392761, 0.921156644821167, -0.11845481395721436, 0.201864093542099, 0.0445735901594162, 0.9783987998962402),
            ["LeftFoot"] = CFrame.new(9.313225746154785e-09, 0, 2.2351741790771484e-08, 0.9590835571289062, 0.11230973154306412, -0.2598949372768402, -0.21529586613178253, 0.8854445219039917, -0.4118689298629761, 0.18386566638946533, 0.4509706497192383, 0.8733949661254883),
            ["LowerTorso"] = CFrame.new(-0.15295876562595367, -0.1619739532470703, -0.06114618107676506, 0.9969171285629272, -0.07544641941785812, -0.02154756523668766, 0.07719128578901291, 0.9922955632209778, 0.09690772742033005, 0.014070210047066212, -0.09827225655317307, 0.99506014585495),
            ["RightLowerLeg"] = CFrame.new(-2.9802322387695312e-08, -0.000060498714447021484, -0.00007214972720248625, 1, -8.568168397005138e-08, -4.3772171665068527e-08, 5.960465188081798e-08, 0.8317620754241943, 0.5551320910453796, -1.3597311010471458e-07, -0.5551323890686035, 0.8317622542381287),
            ["LeftUpperLeg"] = CFrame.new(2.9802322387695312e-08, -8.055940270423889e-08, -2.0489096641540527e-08, 0.8877593278884888, 0.17114165425300598, 0.4273102879524231, 0.08829319477081299, 0.8477649092674255, -0.5229713320732117, -0.45176073908805847, 0.5020012259483337, 0.7375005483627319),
            ["LeftLowerLeg"] = CFrame.new(-2.2351741790771484e-08, 0.000060677528381347656, 0.00007212162017822266, 1, 1.0430815677864302e-07, 1.862645326866641e-08, -5.2154071283894154e-08, 0.6283094882965088, 0.7779637575149536, 3.3527616238870905e-08, -0.7779635787010193, 0.6283091902732849),
        }},
        {Time = 0.167, Data = {
            ["RightFoot"] = CFrame.new(3.073364496231079e-08, 2.384185791015625e-07, 5.420588422566652e-09, 0.9981887936592102, 0.05895708501338959, 0.011966295540332794, -0.04700719937682152, 0.8885104656219482, -0.45644184947013855, -0.03754270076751709, 0.4550529420375824, 0.8896728157997131),
            ["LeftLowerArm"] = CFrame.new(-1.7881393432617188e-07, -1.7881393432617188e-07, 2.9802322387695312e-08, 1, -6.705522537231445e-08, 1.2293457984924316e-07, 5.587935447692871e-08, -0.6176831722259521, -0.7864270806312561, 1.6391277313232422e-07, 0.7864270806312561, -0.6176831722259521),
            ["RightUpperArm"] = CFrame.new(-1.1920928955078125e-07, 3.5762786865234375e-07, 5.704350769519806e-08, 0.999051570892334, -0.029240543022751808, 0.03226353973150253, 0.02325824461877346, 0.9847699999809265, 0.17229941487312317, -0.036810293793678284, -0.17138558626174927, 0.9845162034034729),
            ["Head"] = CFrame.new(-6.461050361394882e-09, 4.76837158203125e-07, 1.6239937394857407e-08, 0.9995412230491638, 0.0297441016882658, 0.005706016439944506, -0.030286677181720734, 0.9813551306724548, 0.18980276584625244, 0.00004592039476847276, -0.18988840281963348, 0.981805682182312),
            ["RightHand"] = CFrame.new(1.043081283569336e-07, 0, 3.725290298461914e-09, 0.9940666556358337, 0.09962054342031479, 0.0436728373169899, -0.07910226285457611, 0.9376733303070068, -0.33839553594589233, -0.07466193288564682, 0.3329334259033203, 0.9399899840354919),
            ["UpperTorso"] = CFrame.new(-6.868503987789154e-09, -1.4901161193847656e-07, -1.1641532182693481e-08, 0.9995266795158386, 0.02020161971449852, -0.023203112185001373, -0.022673794999718666, 0.9934763312339783, -0.11176244914531708, 0.020793963223695755, 0.11223559826612473, 0.9934640526771545),
            ["HumanoidRootPart"] = CFrame.new(0, 0, 0, 1, 0, 0, 0, 1, 0, 0, 0, 1),
            ["RightUpperLeg"] = CFrame.new(0, -2.784654498100281e-07, -9.145878721028566e-09, 0.929405689239502, -0.0911128968000412, -0.3576362133026123, 0.028635025024414062, 0.9839280843734741, -0.17625465989112854, 0.36794736981391907, 0.1535709947347641, 0.9170773029327393),
            ["LeftUpperArm"] = CFrame.new(5.960464477539063e-08, 2.384185791015625e-07, 3.67872416973114e-08, 0.8957231640815735, 0.3400440216064453, -0.2864443361759186, -0.3730173110961914, 0.9253320097923279, -0.06796054542064667, 0.24194657802581787, 0.16772256791591644, 0.9556835889816284),
            ["RightLowerArm"] = CFrame.new(-5.960464477539063e-08, 0, -1.4901161193847656e-08, 1, -8.614731683564969e-08, 8.451754496263675e-08, 8.748611435294151e-08, -0.11556528508663177, -0.9932999014854431, 9.872019290924072e-08, 0.9932999014854431, -0.11556533724069595),
            ["LeftHand"] = CFrame.new(-4.470348358154297e-08, 1.1920928955078125e-07, -5.21540641784668e-08, 0.9098753333091736, -0.3767716884613037, -0.17369498312473297, 0.35235315561294556, 0.9227871894836426, -0.15591959655284882, 0.21902978420257568, 0.08066537231206894, 0.972378134727478),
            ["LeftFoot"] = CFrame.new(-5.587935447692871e-09, 0, 2.9802322387695312e-08, 0.9567042589187622, 0.09047000110149384, -0.2766449451446533, -0.21559466421604156, 0.8588062524795532, -0.46472638845443726, 0.1955403983592987, 0.5042490363121033, 0.841128408908844),
            ["LowerTorso"] = CFrame.new(-0.14682245254516602, -0.19058489799499512, -0.16595390439033508, 0.9986625909805298, -0.04972314089536667, 0.014172473922371864, 0.05014307424426079, 0.9982609152793884, -0.03099663555622101, -0.012606577947735786, 0.031665824353694916, 0.9994190335273743),
            ["RightLowerLeg"] = CFrame.new(3.725290298461914e-08, -0.00006026029586791992, -0.00007206032023532316, 1, -7.82310962677002e-08, -2.7939677238464355e-08, 8.195640788244418e-08, 0.7708867192268372, 0.6369719505310059, -7.823111758398227e-08, -0.6369723677635193, 0.770887017250061),
            ["LeftUpperLeg"] = CFrame.new(2.9802322387695312e-08, -1.6158446669578552e-07, -1.5832483768463135e-08, 0.9119701981544495, 0.1321944147348404, 0.388374924659729, 0.03235047310590744, 0.9205437898635864, -0.38929757475852966, -0.4089791178703308, 0.36759182810783386, 0.8352318406105042),
            ["LeftLowerLeg"] = CFrame.new(-4.470348358154297e-08, 0.00006091594696044922, 0.00007209181785583496, 1, 4.470348358154297e-08, 9.313227167240257e-08, -4.4703490686970326e-08, 0.5987368226051331, 0.8009458780288696, 3.3527616238870905e-08, -0.8009458184242249, 0.5987368822097778),
        }},
        {Time = 0.200, Data = {
            ["RightFoot"] = CFrame.new(-5.029141902923584e-08, 3.5762786865234375e-07, -2.438173396512866e-08, 0.9973589777946472, 0.07086656987667084, 0.01590738818049431, -0.04890865087509155, 0.8172261118888855, -0.5742379426956177, -0.053694188594818115, 0.5719437003135681, 0.8185340166091919),
            ["LeftLowerArm"] = CFrame.new(-1.4901161193847656e-07, 5.364418029785156e-07, 5.960464477539063e-08, 1, -1.4901161193847656e-07, 1.806765510536934e-07, 7.078050856534901e-08, -0.7126181721687317, -0.701552152633667, 1.2665985593685036e-07, 0.7015520930290222, -0.7126181125640869),
            ["RightUpperArm"] = CFrame.new(0, -1.1920928955078125e-07, -3.818422555923462e-08, 0.9957724213600159, -0.025615375488996506, 0.08821142464876175, 0.007220914587378502, 0.979187548160553, 0.20282898843288422, -0.09157107025384903, -0.20133455097675323, 0.9752328991889954),
            ["Head"] = CFrame.new(-1.2209966371301562e-09, -1.1920928955078125e-07, -4.1851308196783066e-08, 0.9998514652252197, 0.01708952710032463, -0.0022617599461227655, -0.015560454688966274, 0.9511743187904358, 0.30826205015182495, 0.007419440895318985, -0.30818095803260803, 0.9512987732887268),
            ["RightHand"] = CFrame.new(1.0058283805847168e-07, 5.960464477539063e-08, -1.7136335372924805e-07, 0.9917263984680176, 0.12821592390537262, -0.006279546767473221, -0.12404940277338028, 0.9446166157722473, -0.3038273751735687, -0.03302374854683876, 0.30209290981292725, 0.9527064561843872),
            ["UpperTorso"] = CFrame.new(0, -1.7881393432617188e-07, 6.938353180885315e-08, 0.9989920854568481, 0.02102249674499035, 0.0396609790623188, -0.018558697775006294, 0.9979345798492432, -0.061498455703258514, -0.040871910750865936, 0.06070041283965111, 0.9973189234733582),
            ["HumanoidRootPart"] = CFrame.new(0, 0, 0, 1, 0, 0, 0, 1, 0, 0, 0, 1),
            ["RightUpperLeg"] = CFrame.new(0, -1.8998980522155762e-07, 4.487083060666919e-08, 0.9461522102355957, -0.14410004019737244, -0.2898813486099243, 0.11606080085039139, 0.9869312047958374, -0.11178933829069138, 0.3022017478942871, 0.07212577760219574, 0.9505113959312439),
            ["LeftUpperArm"] = CFrame.new(5.960464477539063e-08, -1.1920928955078125e-07, -7.310882210731506e-08, 0.9076859951019287, 0.31604406237602234, -0.2760842442512512, -0.3128167986869812, 0.9481085538864136, 0.05688272416591644, 0.279735267162323, 0.034732114523649216, 0.9594488143920898),
            ["RightLowerArm"] = CFrame.new(5.960464477539063e-08, 2.980232238769531e-07, 1.4901161193847656e-08, 1, -1.1129304766654968e-07, 9.220094909778709e-08, 8.428468589727345e-08, -0.05028506740927696, -0.9987348914146423, 1.0174697706588631e-07, 0.9987348914146423, -0.05028510466217995),
            ["LeftHand"] = CFrame.new(-2.086162567138672e-07, 0, -1.1175870895385742e-08, 0.9007151126861572, -0.3973376750946045, -0.17559950053691864, 0.3639601171016693, 0.9109224677085876, -0.1943025439977646, 0.23716121912002563, 0.1110999658703804, 0.9650965332984924),
            ["LeftFoot"] = CFrame.new(1.6763806343078613e-08, -5.960464477539063e-08, -7.450580596923828e-09, 0.9707820415496826, 0.07259529083967209, -0.2287183701992035, -0.19447539746761322, 0.7963873744010925, -0.5726661682128906, 0.14057551324367523, 0.6004141569137573, 0.7872366309165955),
            ["LowerTorso"] = CFrame.new(-0.14367416501045227, -0.2625296115875244, -0.23573729395866394, 0.9987569451332092, -0.03209986537694931, -0.03813474252820015, 0.02382732182741165, 0.9794266819953918, -0.200389102101326, 0.04378265142440796, 0.19923135638237, 0.9789739847183228),
            ["RightLowerLeg"] = CFrame.new(6.705522537231445e-08, -0.000060498714447021484, -0.0000721050237189047, 1, -5.960463766996327e-08, -1.0803344707710494e-07, 1.1920928955078125e-07, 0.6089730858802795, 0.7931904792785645, -7.636845111846924e-08, -0.7931908369064331, 0.6089735627174377),
            ["LeftUpperLeg"] = CFrame.new(5.960464477539063e-08, 5.587935447692871e-09, 1.0244548320770264e-07, 0.908682644367218, 0.12982594966888428, 0.3967885673046112, -0.033434830605983734, 0.969997227191925, -0.2408061921596527, -0.41614654660224915, 0.2055499404668808, 0.8857602477073669),
            ["LeftLowerLeg"] = CFrame.new(3.725290298461914e-08, 0.000060617923736572266, 0.00007206201553344727, 1, 9.313227167240257e-08, 2.2351741790771484e-08, -6.70552182668871e-08, 0.49487122893333435, 0.8689662218093872, 7.823108916227284e-08, -0.8689664006233215, 0.4948714077472687),
        }},
        {Time = 0.233, Data = {
            ["RightFoot"] = CFrame.new(-7.450580596923828e-09, 2.384185791015625e-07, -5.790934665128589e-08, 0.9964049458503723, 0.0815814733505249, 0.022839538753032684, -0.04566201567649841, 0.7442469000816345, -0.6663417220115662, -0.07135936617851257, 0.6629035472869873, 0.7452966570854187),
            ["LeftLowerArm"] = CFrame.new(-5.960464477539063e-08, 3.5762786865234375e-07, -7.450580596923828e-09, 1, -1.4901166522918174e-08, 1.5925620289181097e-07, 2.6077035641947077e-08, -0.7632728219032288, -0.6460765600204468, 1.1548401346317405e-07, 0.6460764408111572, -0.7632727026939392),
            ["RightUpperArm"] = CFrame.new(-1.1920928955078125e-07, 0, -3.958120942115784e-08, 0.9913012981414795, -0.03446240350604057, 0.12702059745788574, 0.002897832775488496, 0.9705907106399536, 0.24071858823299408, -0.13158072531223297, -0.2382565587759018, 0.9622475504875183),
            ["Head"] = CFrame.new(-2.3283064365386963e-10, 0, 8.591450750827789e-08, 0.9999390840530396, 0.004784277640283108, -0.009950137697160244, -0.0004667812609113753, 0.9187382459640503, 0.3948670029640198, 0.011030805297195911, -0.3948381543159485, 0.9186844229698181),
            ["RightHand"] = CFrame.new(1.1175870895385742e-07, 0, -1.0803341865539551e-07, 0.9879792928695679, 0.15211886167526245, -0.027507856488227844, -0.15390704572200775, 0.9512807130813599, -0.26716625690460205, -0.014473259449005127, 0.2681884765625, 0.9632578492164612),
            ["UpperTorso"] = CFrame.new(1.210719347000122e-08, -1.7881393432617188e-07, 3.5390257835388184e-08, 0.9947541952133179, 0.01743851602077484, 0.10079699754714966, -0.02028265781700611, 0.999422550201416, 0.02726091258227825, -0.10026339441537857, -0.02916237898170948, 0.9945335388183594),
            ["HumanoidRootPart"] = CFrame.new(0, 0, 0, 1, 0, 0, 0, 1, 0, 0, 0, 1),
            ["RightUpperLeg"] = CFrame.new(5.960464477539063e-08, 1.6298145055770874e-08, 3.183231456205249e-08, 0.9552122354507446, -0.19988249242305756, -0.21821261942386627, 0.19373178482055664, 0.9798073172569275, -0.0494537428021431, 0.22369128465652466, 0.004963978659361601, 0.9746474027633667),
            ["LeftUpperArm"] = CFrame.new(0, 1.1920928955078125e-07, 1.955777406692505e-08, 0.9201151728630066, 0.28643783926963806, -0.2670985162258148, -0.2572172284126282, 0.9562453627586365, 0.13940604031085968, 0.2953428328037262, -0.05956721678376198, 0.9535325765609741),
            ["RightLowerArm"] = CFrame.new(2.384185791015625e-07, -1.1920928955078125e-07, 0, 1, -9.685756197086448e-08, 9.313227167240257e-08, 8.475035429000854e-08, -0.02372562140226364, -0.9997186064720154, 9.220093488693237e-08, 0.9997186064720154, -0.023725587874650955),
            ["LeftHand"] = CFrame.new(-5.960464477539063e-08, -2.980232238769531e-07, 3.725290298461914e-08, 0.8900524973869324, -0.4203852713108063, -0.17630283534526825, 0.3801072835922241, 0.897895336151123, -0.22204189002513885, 0.25164467096328735, 0.1306149959564209, 0.958965539932251),
            ["LeftFoot"] = CFrame.new(4.7497451305389404e-08, -5.960464477539063e-08, 3.259629011154175e-08, 0.9802621603012085, 0.06359657645225525, -0.18719418346881866, -0.17217262089252472, 0.7400017380714417, -0.6501953601837158, 0.09717375040054321, 0.6695917248725891, 0.7363452911376953),
            ["LowerTorso"] = CFrame.new(-0.1416080743074417, -0.33583950996398926, -0.2797902524471283, 0.9954550266265869, -0.01872633770108223, -0.0933736264705658, -0.01580403372645378, 0.9343969821929932, -0.35588276386260986, 0.09391242265701294, 0.3557409942150116, 0.9298542141914368),
            ["RightLowerLeg"] = CFrame.new(5.21540641784668e-08, -0.00006031990051269531, -0.00007217952952487394, 1, -1.4901159772762185e-07, -1.080334541825323e-07, 1.1175870895385742e-07, 0.433888703584671, 0.900966227054596, -1.1548399925231934e-07, -0.900966465473175, 0.4338892102241516),
            ["LeftUpperLeg"] = CFrame.new(8.940696716308594e-08, -1.7695128917694092e-07, 4.470348358154297e-08, 0.9034902453422546, 0.10747242718935013, 0.4149158298969269, -0.07794544845819473, 0.9931095838546753, -0.08750907331705093, -0.4214617609977722, 0.046722907572984695, 0.9056417942047119),
            ["LeftLowerLeg"] = CFrame.new(5.960464477539063e-08, 0.000060677528381347656, 0.00007200241088867188, 1, 4.0978196835794733e-08, 9.313227167240257e-08, -1.0803343286625022e-07, 0.40873655676841736, 0.9126524925231934, 0, -0.9126524925231934, 0.4087364673614502),
        }},
        {Time = 0.267, Data = {
            ["RightFoot"] = CFrame.new(5.4016709327697754e-08, 3.5762786865234375e-07, -7.281050784513354e-08, 0.9950351715087891, 0.0957670658826828, 0.02708602137863636, -0.04896291345357895, 0.7079924941062927, -0.7045204043388367, -0.08664658665657043, 0.6996967196464539, 0.7091667056083679),
            ["LeftLowerArm"] = CFrame.new(-2.9802322387695312e-08, 5.960464477539062e-07, -1.564621925354004e-07, 1, -8.940696716308594e-08, 1.1478553574306716e-07, 1.1175872316471214e-07, -0.7165130376815796, -0.6975739002227783, 1.2293459406009788e-07, 0.6975737810134888, -0.71651291847229),
            ["RightUpperArm"] = CFrame.new(0, -2.384185791015625e-07, -6.05359673500061e-09, 0.9873723983764648, -0.05299275368452072, 0.14929038286209106, 0.004858959466218948, 0.9520778656005859, 0.30581727623939514, -0.1583421677350998, -0.301230251789093, 0.9403128623962402),
            ["Head"] = CFrame.new(4.656612873077393e-10, 0, -1.2689270079135895e-07, 0.9998793005943298, -0.0031753890216350555, -0.015209422446787357, 0.009744217619299889, 0.890607476234436, 0.45466846227645874, 0.012101971544325352, -0.45476189255714417, 0.8905308842658997),
            ["RightHand"] = CFrame.new(-1.4156103134155273e-07, 0, 7.450580596923828e-08, 0.9848210215568542, 0.17225348949432373, 0.021363092586398125, -0.16223013401031494, 0.957226574420929, -0.23958052694797516, -0.06171786040067673, 0.23247841000556946, 0.9706414341926575),
            ["UpperTorso"] = CFrame.new(2.3283064365386963e-10, 0, 1.4039687812328339e-07, 0.9994945526123047, 0.017432479187846184, 0.026585767045617104, -0.019576484337449074, 0.9963870644569397, 0.08264187723398209, -0.025049056857824326, -0.08312059193849564, 0.9962246417999268),
            ["HumanoidRootPart"] = CFrame.new(0, 0, 0, 1, 0, 0, 0, 1, 0, 0, 0, 1),
            ["RightUpperLeg"] = CFrame.new(5.960464477539063e-08, -6.58910721540451e-08, 1.2077362043783069e-07, 0.9304766654968262, -0.22017791867256165, -0.29280537366867065, 0.24564124643802643, 0.9679240584373474, 0.05275830626487732, 0.2717970311641693, -0.1210155263543129, 0.9547154903411865),
            ["LeftUpperArm"] = CFrame.new(0, 0, -8.009374141693115e-08, 0.9300715327262878, 0.25637248158454895, -0.26313555240631104, -0.21369639039039612, 0.9601469039916992, 0.1801430732011795, 0.29883256554603577, -0.1113148033618927, 0.9477911591529846),
            ["RightLowerArm"] = CFrame.new(-2.980232238769531e-07, 2.980232238769531e-07, -1.4901161193847656e-08, 1, -7.310882921274242e-08, 9.49949381379156e-08, 9.313227877782992e-08, -0.036281995475292206, -0.9993416666984558, 1.2922103564960707e-07, 0.9993416666984558, -0.0362820141017437),
            ["LeftHand"] = CFrame.new(7.450580596923828e-09, 0, -1.671724021434784e-07, 0.8878743052482605, -0.42632386088371277, -0.1729947328567505, 0.38559988141059875, 0.8946396708488464, -0.22568254172801971, 0.2509819269180298, 0.13367095589637756, 0.9587180018424988),
            ["LeftFoot"] = CFrame.new(-1.862645149230957e-09, 5.960464477539063e-08, 2.60770320892334e-08, 0.984249472618103, 0.07665028423070908, -0.1593039482831955, -0.16540004312992096, 0.7174198627471924, -0.6767215132713318, 0.0624169185757637, 0.692411482334137, 0.7187979221343994),
            ["LowerTorso"] = CFrame.new(-0.14039058983325958, -0.37149930000305176, -0.2957455813884735, 0.9998070597648621, -0.007656837813556194, -0.018087683245539665, -0.0010575872147455812, 0.8985651731491089, -0.438838928937912, 0.01961309090256691, 0.43877336382865906, 0.8983837962150574),
