return {
    ["Zaya Shuffle"] = {
        {Time = 0.000, Data = {
            ["LeftFoot"] = CFrame.new(-5.587935447692871e-08, 5.960464477539063e-08, 1.2665987014770508e-07, 0.9732281565666199, 0.03000864014029503, -0.22787392139434814, -0.00981972087174654, 0.9959636330604553, 0.08921883255243301, 0.22963154315948486, -0.08459307998418808, 0.9695945382118225),
            ["LeftLowerArm"] = CFrame.new(0, -2.384185791015625e-07, -2.7474015951156616e-07, 1, -2.9802315282267955e-08, 1.0430811414607888e-07, 1.7322595624591486e-07, -0.6032041311264038, -0.7975866794586182, 1.0803339023368608e-07, 0.7975869178771973, -0.6032043695449829),
            ["RightUpperArm"] = CFrame.new(0, -1.1920928955078125e-07, -5.21540641784668e-08, 0.8608394861221313, -0.5013911724090576, -0.08696196228265762, 0.49643847346305847, 0.864997148513794, -0.0729985311627388, 0.11182287335395813, 0.019668592140078545, 0.9935334920883179),
            ["Head"] = CFrame.new(1.341104507446289e-07, 4.76837158203125e-07, 3.725290298461914e-09, 0.9561067223548889, -0.27520421147346497, 0.10061192512512207, 0.27619245648384094, 0.961093008518219, 0.004247934091836214, -0.09786645323038101, 0.02372676134109497, 0.9949166774749756),
            ["LowerTorso"] = CFrame.new(-0.08902322500944138, -0.3267514705657959, 0.050596222281455994, 0.9916787147521973, 0.04790302366018295, 0.11949334293603897, -0.05192763730883598, 0.9981759190559387, 0.03079576976597309, -0.11780016124248505, -0.03674451261758804, 0.9923573136329651),
            ["UpperTorso"] = CFrame.new(-1.3504177331924438e-08, 2.980232238769531e-07, -2.514570951461792e-08, 0.9641063213348389, 0.09093645960092545, -0.2494586855173111, -0.08018796890974045, 0.995373010635376, 0.05293848365545273, 0.2531185448169708, -0.031034719198942184, 0.9669373631477356),
            ["HumanoidRootPart"] = CFrame.new(0, 0, 0, 1, 0, 0, 0, 1, 0, 0, 0, 1),
            ["LeftUpperLeg"] = CFrame.new(-1.7881393432617188e-07, 1.601874828338623e-07, -8.195638656616211e-08, 0.9919445514678955, 0.12139199674129486, -0.036193475127220154, -0.08931674063205719, 0.4676513373851776, -0.8793892860412598, -0.08982481062412262, 0.8755376935005188, 0.4747258126735687),
            ["LeftUpperArm"] = CFrame.new(5.960464477539063e-08, 2.384185791015625e-07, 7.450580596923828e-09, 0.8021941184997559, 0.503646731376648, -0.32066258788108826, 0.24757921695709229, 0.20812243223190308, 0.9462502598762512, 0.5433130860328674, -0.8384659290313721, 0.04226195439696312),
            ["RightLowerArm"] = CFrame.new(0, 1.1920928955078125e-07, -2.2351741790771484e-08, 1, -1.4901162970204496e-08, 2.2351738948600541e-07, 1.210719347000122e-07, -0.7856257557868958, -0.6187018156051636, 5.3085386753082275e-08, 0.6187019944190979, -0.7856258749961853),
            ["LeftHand"] = CFrame.new(-8.940696716308594e-08, -2.384185791015625e-07, 5.960464477539063e-08, 0.4443807303905487, -0.23851080238819122, -0.8635033965110779, 0.42918163537979126, 0.9027689695358276, -0.02848861739039421, 0.7863389253616333, -0.35793983936309814, 0.5035378932952881),
            ["RightFoot"] = CFrame.new(1.1641532182693481e-10, 2.384185791015625e-07, -2.029992174357176e-09, 0.8427551984786987, -0.3240412771701813, 0.4298381507396698, 0.4923114776611328, 0.7869167327880859, -0.3720110058784485, -0.21769966185092926, 0.5251278877258301, 0.8227070569992065),
            ["RightHand"] = CFrame.new(-3.3155083656311035e-07, -3.5762786865234375e-07, -2.086162567138672e-07, 0.8524979948997498, -0.3866112232208252, 0.3518218994140625, 0.42002323269844055, 0.9072757959365845, -0.02076563984155655, -0.3111712634563446, 0.1654762327671051, 0.9358366131782532),
            ["RightLowerLeg"] = CFrame.new(-4.842877388000488e-08, -0.00012242794036865234, -0.00007762776658637449, 1, -1.4156101713069802e-07, -1.1175869474300271e-07, 1.8626454334480513e-07, 0.3557122051715851, 0.9345951080322266, -7.450581307466564e-08, -0.9345955848693848, 0.3557133674621582),
            ["RightUpperLeg"] = CFrame.new(1.7881393432617188e-07, -2.0756851881742477e-07, -5.664333002641797e-08, 0.9762457013130188, 0.17593085765838623, -0.1264624148607254, -0.2161097526550293, 0.7488393783569336, -0.6265274286270142, -0.015525591559708118, 0.6389741897583008, 0.7690714001655579),
            ["LeftLowerLeg"] = CFrame.new(1.564621925354004e-07, 0.0001227259635925293, 0.0000773947685956955, 1, 5.960464477539063e-08, 1.5273695908035734e-07, -5.215404996761208e-08, -0.7257822155952454, 0.6879245042800903, 1.3038513202445756e-07, -0.6879245638847351, -0.7257823348045349),
        }},
        {Time = 0.033, Data = {
            ["LeftFoot"] = CFrame.new(-6.332993507385254e-08, 0, 5.960464477539063e-08, 0.9623408317565918, 0.24695445597171783, -0.11363940685987473, -0.22327826917171478, 0.9564942121505737, 0.18779131770133972, 0.15507115423679352, -0.15534591674804688, 0.9756128787994385),
            ["LeftLowerArm"] = CFrame.new(-5.960464477539063e-08, -1.7881393432617188e-07, -1.601874828338623e-07, 1, -3.725289943190546e-08, 8.940695295223122e-08, 6.705522537231445e-08, -0.384684681892395, -0.9230480790138245, 1.1175870895385742e-07, 0.9230480790138245, -0.3846847414970398),
            ["RightUpperArm"] = CFrame.new(-1.7881393432617188e-07, 4.76837158203125e-07, 0, 0.732047975063324, -0.6392722129821777, -0.23544958233833313, 0.4950290620326996, 0.7365999817848206, -0.4608328640460968, 0.4680299758911133, 0.22079730033874512, 0.8556848764419556),
            ["Head"] = CFrame.new(8.800998330116272e-08, 7.152557373046875e-07, -1.1175870895385742e-08, 0.9660611748695374, -0.25811636447906494, 0.01009789016097784, 0.25659283995628357, 0.9633962512016296, 0.07763978093862534, -0.029768355190753937, -0.07241373509168625, 0.9969303607940674),
            ["LowerTorso"] = CFrame.new(-0.1021554097533226, -0.2540609836578369, 0.04251156747341156, 0.99873948097229, 0.050128355622291565, 0.002569862175732851, -0.05016027018427849, 0.9986374974250793, 0.014392529614269733, -0.0018448870396241546, -0.014503292739391327, 0.9998931288719177),
            ["UpperTorso"] = CFrame.new(2.1900632418692112e-08, 1.7881393432617188e-07, -5.020410753786564e-09, 0.9963200688362122, 0.03521114960312843, -0.07814489305019379, -0.03173759952187538, 0.9984711408615112, 0.04525578022003174, 0.07961893081665039, -0.04260909929871559, 0.9959143400192261),
            ["HumanoidRootPart"] = CFrame.new(0, 0, 0, 1, 0, 0, 0, 1, 0, 0, 0, 1),
            ["LeftUpperLeg"] = CFrame.new(2.086162567138672e-07, 2.2584572434425354e-08, -5.8906152844429016e-08, 0.9895479679107666, 0.08241725713014603, -0.11833161860704422, -0.12806805968284607, 0.12508806586265564, -0.9838452935218811, -0.06628397852182388, 0.9887165427207947, 0.13433562219142914),
            ["LeftUpperArm"] = CFrame.new(5.960464477539063e-08, 1.1920928955078125e-07, 0, 0.6811821460723877, 0.5910744071006775, -0.4319975674152374, 0.3452773690223694, 0.2609570026397705, 0.9014905691146851, 0.6455808281898499, -0.7632381916046143, -0.02632548101246357),
            ["RightLowerArm"] = CFrame.new(4.172325134277344e-07, 0, 1.6391277313232422e-07, 1, -1.4156101713069802e-07, 1.7881390590446244e-07, 1.1920928955078125e-07, -0.6514025926589966, -0.7587323784828186, 1.9371509552001953e-07, 0.758732259273529, -0.651402473449707),
            ["LeftHand"] = CFrame.new(1.2293457984924316e-07, -5.960464477539063e-08, -3.725290298461914e-09, 0.2556517422199249, -0.13624709844589233, -0.9571202397346497, 0.2698618173599243, 0.9607244729995728, -0.06467854976654053, 0.9283409118652344, -0.24175482988357544, 0.2823786437511444),
            ["RightFoot"] = CFrame.new(-1.367880031466484e-08, 2.384185791015625e-07, -9.014911483973265e-09, 0.8307586908340454, -0.2814689874649048, 0.48022446036338806, 0.444102942943573, 0.8552755117416382, -0.26697683334350586, -0.335578054189682, 0.43506208062171936, 0.8355284333229065),
            ["RightHand"] = CFrame.new(-1.7136335372924805e-07, 2.384185791015625e-07, 1.501757651567459e-08, 0.7273716926574707, -0.6665704846382141, -0.16313986480236053, 0.6589425802230835, 0.744798481464386, -0.10521291941404343, 0.1916380524635315, -0.030971214175224304, 0.9809768795967102),
            ["RightLowerLeg"] = CFrame.new(3.725290298461914e-08, -0.00012254714965820312, -0.00007736140833003446, 1, -9.499490261077881e-08, -6.332993507385254e-08, 1.1734663019069558e-07, 0.4890923798084259, 0.8722313046455383, -8.195637946073475e-08, -0.8722319602966309, 0.4890937805175781),
            ["RightUpperLeg"] = CFrame.new(1.1920928955078125e-07, -3.253808245062828e-08, -3.661989467218518e-08, 0.9791586995124817, 0.1878078579902649, -0.07730818539857864, -0.198500394821167, 0.8044308423995972, -0.5599006414413452, -0.042964622378349304, 0.5635772943496704, 0.8249453902244568),
            ["LeftLowerLeg"] = CFrame.new(1.1175870895385742e-07, 0.00012302398681640625, 0.00007742643356323242, 1, 4.773029971261167e-08, 1.49011640360186e-07, -3.9115551686563776e-08, -0.8823184370994568, 0.47065281867980957, 1.4994294872394676e-07, -0.4706529676914215, -0.8823186159133911),
        }},
        {Time = 0.067, Data = {
            ["LeftFoot"] = CFrame.new(5.541369318962097e-08, -1.1920928955078125e-07, 1.2479722499847412e-07, 0.9510125517845154, 0.23977938294410706, -0.1951434463262558, -0.19953998923301697, 0.95821613073349, 0.20495374500751495, 0.23613333702087402, -0.1559739112854004, 0.9591209292411804),
            ["LeftLowerArm"] = CFrame.new(0, 0, -5.587935447692871e-08, 1, -6.332993507385254e-08, 8.940696716308594e-08, 6.332994928470725e-08, -0.31172364950180054, -0.9501729011535645, 5.960465898624534e-08, 0.9501728415489197, -0.31172364950180054),
            ["RightUpperArm"] = CFrame.new(2.384185791015625e-07, -2.384185791015625e-07, 7.450580596923828e-09, 0.5433670282363892, -0.8177860379219055, -0.1896800696849823, 0.39378949999809265, 0.447835773229599, -0.8027284741401672, 0.7414056062698364, 0.36148205399513245, 0.5653746128082275),
            ["Head"] = CFrame.new(6.181653589010239e-08, 2.384185791015625e-07, -2.3137545213103294e-08, 0.9689189195632935, -0.24176949262619019, -0.05237962305545807, 0.24624904990196228, 0.9628368020057678, 0.11093563586473465, 0.023612188175320625, -0.12038605660200119, 0.9924463033676147),
            ["LowerTorso"] = CFrame.new(-0.1038510799407959, -0.17279493808746338, 0.032330222427845, 0.9880317449569702, 0.07437640428543091, -0.13513515889644623, -0.07019758969545364, 0.9969035387039185, 0.03543601557612419, 0.13735231757164001, -0.02552574872970581, 0.9901933073997498),
            ["UpperTorso"] = CFrame.new(2.3981556296348572e-08, -8.940696716308594e-08, -1.862645149230957e-09, 0.9938696026802063, -0.029542438685894012, 0.10653924942016602, 0.027466893196105957, 0.9994043111801147, 0.02089686132967472, -0.10709311813116074, -0.017842447385191917, 0.9940889477729797),
            ["HumanoidRootPart"] = CFrame.new(0, 0, 0, 1, 0, 0, 0, 1, 0, 0, 0, 1),
            ["LeftUpperLeg"] = CFrame.new(1.7881393432617188e-07, -3.7462450563907623e-07, -1.1548399925231934e-07, 0.9863945841789246, 0.06756250560283661, -0.14987057447433472, -0.15193970501422882, 0.026575850322842598, -0.9880324006080627, -0.06277098506689072, 0.9973610639572144, 0.03647971898317337),
            ["LeftUpperArm"] = CFrame.new(0, 1.1920928955078125e-07, 1.862645149230957e-08, 0.6619030237197876, 0.582797646522522, -0.4714146554470062, 0.4482179284095764, 0.19636256992816925, 0.8720908761024475, 0.6008204221725464, -0.7885358333587646, -0.13124728202819824),
            ["RightLowerArm"] = CFrame.new(0, 0, -6.705522537231445e-08, 1, -5.0291401265667446e-08, 1.5646213569198153e-07, 4.470347647611561e-08, -0.3310006260871887, -0.9436306357383728, -1.4901159417490817e-08, 0.9436305165290833, -0.33100050687789917),
            ["LeftHand"] = CFrame.new(1.2665987014770508e-07, 4.76837158203125e-07, 0, 0.46045148372650146, -0.15396057069301605, -0.8742316365242004, 0.12882736325263977, 0.986007809638977, -0.1057930514216423, 0.8782869577407837, -0.06391255557537079, 0.47384268045425415),
            ["RightFoot"] = CFrame.new(-2.2351741790771484e-08, 2.384185791015625e-07, -9.480572771281004e-09, 0.9923089742660522, 0.012148911133408546, 0.12318908423185349, 0.01491926796734333, 0.9761803150177002, -0.21644747257232666, -0.12288418412208557, 0.21662072837352753, 0.9684911370277405),
            ["RightHand"] = CFrame.new(2.5331974029541016e-07, -5.960464477539063e-08, 2.2351741790771484e-08, 0.483516126871109, -0.7751992344856262, -0.4065452218055725, 0.7333763837814331, 0.6123177409172058, -0.2953401803970337, 0.47788211703300476, -0.15534883737564087, 0.8645780682563782),
            ["RightLowerLeg"] = CFrame.new(-4.470348358154297e-08, -0.00012236833572387695, -0.00007747502968413755, 1, -1.1920930376163597e-07, -5.215404996761208e-08, 8.940698137394065e-08, 0.6036345362663269, 0.7972604036331177, -5.2154071283894154e-08, -0.7972612380981445, 0.6036356687545776),
            ["RightUpperLeg"] = CFrame.new(2.384185791015625e-07, -8.177012205123901e-07, -6.502523319795728e-08, 0.9233226776123047, 0.2891487777233124, 0.252721905708313, -0.1115674301981926, 0.831675112247467, -0.5439387559890747, -0.3674616813659668, 0.4740353524684906, 0.800163984298706),
            ["LeftLowerLeg"] = CFrame.new(8.940696716308594e-08, 0.0001226663589477539, 0.00007693842053413391, 1, 3.725289943190546e-08, 1.341104507446289e-07, -3.352760558072987e-08, -0.8690280914306641, 0.4947633147239685, 1.9092108516360895e-07, -0.4947628080844879, -0.869027853012085),
        }},
        {Time = 0.100, Data = {
            ["LeftFoot"] = CFrame.new(6.705522537231445e-08, 5.960464477539063e-08, 8.009374141693115e-08, 0.9574263691902161, 0.1705232411623001, -0.23293009400367737, -0.14641740918159485, 0.9822489023208618, 0.1172574907541275, 0.2487906515598297, -0.07816014438867569, 0.9653985500335693),
            ["LeftLowerArm"] = CFrame.new(1.1920928955078125e-07, -4.172325134277344e-07, -1.4156103134155273e-07, 1, -8.754430069757291e-08, 1.7881390590446244e-07, 9.371434828153724e-08, -0.3284428119659424, -0.9445239305496216, 2.980232594040899e-08, 0.9445238709449768, -0.3284427225589752),
            ["RightUpperArm"] = CFrame.new(1.1920928955078125e-07, 1.1920928955078125e-07, -1.1175870895385742e-08, 0.3738577961921692, -0.906532883644104, 0.19603231549263, 0.30097106099128723, -0.08134423941373825, -0.950157642364502, 0.8772952556610107, 0.41422373056411743, 0.24242901802062988),
            ["Head"] = CFrame.new(5.838228389620781e-08, 5.960464477539062e-07, -5.532638169825077e-08, 0.9675120115280151, -0.24094770848751068, -0.07658226042985916, 0.24869972467422485, 0.9615101218223572, 0.11681995540857315, 0.04548710212111473, -0.13207070529460907, 0.9901960492134094),
            ["LowerTorso"] = CFrame.new(-0.09922727942466736, -0.11225688457489014, 0.029582418501377106, 0.9610744714736938, 0.09696761518716812, -0.25871431827545166, -0.08727868646383286, 0.9949926137924194, 0.048705220222473145, 0.2621416449546814, -0.024229099974036217, 0.9647252559661865),
            ["UpperTorso"] = CFrame.new(-1.862645149230957e-08, -1.4901161193847656e-07, -3.725290298461914e-09, 0.9660260081291199, -0.07134147733449936, 0.24840335547924042, 0.06945259869098663, 0.9974509477615356, 0.016371089965105057, -0.24893811345100403, 0.001437365892343223, 0.9685184359550476),
            ["HumanoidRootPart"] = CFrame.new(0, 0, 0, 1, 0, 0, 0, 1, 0, 0, 0, 1),
            ["LeftUpperLeg"] = CFrame.new(0, -5.550682544708252e-07, -8.940696716308594e-08, 0.9932015538215637, 0.012491364032030106, -0.11573562771081924, -0.11629343032836914, 0.06243729218840599, -0.9912505149841309, -0.005156045779585838, 0.997970700263977, 0.06346533447504044),
            ["LeftUpperArm"] = CFrame.new(0, 1.1920928955078125e-07, -6.51925802230835e-09, 0.6770172119140625, 0.5909208059310913, -0.4387030601501465, 0.5103741884231567, 0.052507754415273666, 0.8583480715751648, 0.5302509069442749, -0.8050190210342407, -0.26604199409484863),
            ["RightLowerArm"] = CFrame.new(0, 0, 1.825392246246338e-07, 1, -1.4156101713069802e-07, 2.2351734685344127e-08, 9.033830394855613e-08, 0.37387320399284363, -0.9274798631668091, 4.0978196835794733e-08, 0.9274798631668091, 0.3738730847835541),
            ["LeftHand"] = CFrame.new(2.9802322387695312e-08, 1.1920928955078125e-07, -8.940696716308594e-08, 0.20690736174583435, -0.0857759565114975, -0.9745932817459106, 0.102895587682724, 0.9925326108932495, -0.0655098631978035, 0.9729347825050354, -0.08672705292701721, 0.21418794989585876),
            ["RightFoot"] = CFrame.new(-1.6763806343078613e-08, 3.5762786865234375e-07, 5.8862497098743916e-09, 0.9924845099449158, 0.03004330024123192, 0.11862444877624512, -0.035122547298669815, 0.9985432028770447, 0.04096287488937378, -0.11722135543823242, -0.044821321964263916, 0.9920939803123474),
            ["RightHand"] = CFrame.new(-1.043081283569336e-07, 4.76837158203125e-07, 2.60770320892334e-08, 0.49250489473342896, -0.6849178671836853, -0.5369606018066406, 0.5321913361549377, 0.7251920700073242, -0.43688544631004333, 0.6886300444602966, -0.07059729844331741, 0.7216677665710449),
            ["RightLowerLeg"] = CFrame.new(-2.421438694000244e-08, -0.00012248754501342773, -0.00007730557263130322, 1, -1.3411046495548362e-07, -5.21540464148984e-08, 1.0058283805847168e-07, 0.702866792678833, 0.711320698261261, -1.525040715932846e-08, -0.7113215327262878, 0.7028676271438599),
            ["RightUpperLeg"] = CFrame.new(2.384185791015625e-07, -5.085021257400513e-07, -1.6596459317952394e-08, 0.9210587739944458, 0.27573344111442566, 0.2749946117401123, -0.12999646365642548, 0.8833531737327576, -0.45031994581222534, -0.3670852780342102, 0.37902283668518066, 0.8494645357131958),
            ["LeftLowerLeg"] = CFrame.new(1.4901161193847656e-07, 0.00012254714965820312, 0.00007707998156547546, 1, 8.195637946073475e-08, 1.816079020500183e-07, -8.009374141693115e-08, -0.7574607133865356, 0.6528807878494263, 1.51805579662323e-07, -0.6528806686401367, -0.7574607729911804),
        }},
        {Time = 0.133, Data = {
            ["LeftFoot"] = CFrame.new(0, -5.960464477539063e-08, -2.9802322387695312e-08, 0.9770339727401733, 0.09351055324077606, -0.19146928191184998, -0.0974964126944542, 0.9951696991920471, -0.011482015252113342, 0.18947097659111023, 0.029886189848184586, 0.9814314246177673),
            ["LeftLowerArm"] = CFrame.new(-8.940696716308594e-08, -5.960464477539063e-08, 1.9371509552001953e-07, 1, -8.940694584680386e-08, 1.1920927533992653e-07, 5.960464477539063e-08, -0.3529660105705261, -0.9356362223625183, 1.4901161193847656e-07, 0.9356361031532288, -0.35296598076820374),
            ["RightUpperArm"] = CFrame.new(1.1920928955078125e-07, 3.5762786865234375e-07, 5.587935447692871e-09, 0.3280097246170044, -0.7530785202980042, 0.5703355073928833, 0.19551973044872284, -0.5365456938743591, -0.8209085464477539, 0.9242196083068848, 0.3807776868343353, -0.0287504680454731),
            ["Head"] = CFrame.new(6.146728992462158e-08, 5.960464477539062e-07, -2.88855517283082e-08, 0.9650416970252991, -0.24307915568351746, -0.09801621735095978, 0.25347232818603516, 0.9607122540473938, 0.11306560784578323, 0.06668148189783096, -0.13395744562149048, 0.9887410998344421),
            ["LowerTorso"] = CFrame.new(-0.08465508371591568, -0.08437788486480713, 0.02612408995628357, 0.920628011226654, 0.11097640544176102, -0.3743373453617096, -0.09984223544597626, 0.9937924146652222, 0.04907328262925148, 0.3774596154689789, -0.007803563494235277, 0.9259932041168213),
            ["UpperTorso"] = CFrame.new(-3.818422555923462e-08, -1.7881393432617188e-07, -2.1420419216156006e-08, 0.9196035265922546, -0.10615994781255722, 0.37823209166526794, 0.10344579815864563, 0.9942534565925598, 0.027551228180527687, -0.37898337841033936, 0.01379032339900732, 0.9253007173538208),
            ["HumanoidRootPart"] = CFrame.new(0, 0, 0, 1, 0, 0, 0, 1, 0, 0, 0, 1),
            ["LeftUpperLeg"] = CFrame.new(0, -4.4016633182764053e-07, -1.6391277313232422e-07, 0.9956024289131165, -0.030499614775180817, -0.08857538551092148, -0.08210096508264542, 0.17126040160655975, -0.9817991256713867, 0.04511397331953049, 0.9847536683082581, 0.16800294816493988),
            ["LeftUpperArm"] = CFrame.new(-2.384185791015625e-07, 2.384185791015625e-07, 8.381903171539307e-09, 0.6759542226791382, 0.6063713431358337, -0.41880789399147034, 0.5499895811080933, -0.036827996373176575, 0.8343592286109924, 0.4905073642730713, -0.7943283915519714, -0.3583919107913971),
            ["RightLowerArm"] = CFrame.new(-2.9802322387695312e-08, -5.960464477539063e-08, 2.2657332010567188e-07, 1, -2.9802311729554276e-08, 5.215405707303944e-08, 2.9802322387695312e-08, 0.8893239498138428, -0.4572780728340149, 8.381903171539307e-09, 0.45727774500846863, 0.8893237113952637),
            ["LeftHand"] = CFrame.new(1.341104507446289e-07, 2.384185791015625e-07, -5.960464477539063e-08, 0.20659422874450684, -0.028616078197956085, -0.9780082106590271, -0.012660441920161247, 0.9994103312492371, -0.03191665560007095, 0.9783447980880737, 0.018975796177983284, 0.2061096727848053),
            ["RightFoot"] = CFrame.new(2.2351741790771484e-08, 3.5762786865234375e-07, 9.844370651990175e-09, 0.9862879514694214, -0.05574016273021698, 0.15533588826656342, 0.027277030050754547, 0.9833489060401917, 0.17966927587985992, -0.1627640724182129, -0.172968327999115, 0.9713854789733887),
            ["RightHand"] = CFrame.new(6.705522537231445e-08, 5.960464477539063e-08, -1.0803341865539551e-07, 0.5941973328590393, -0.4388810396194458, -0.6740278005599976, 0.21021224558353424, 0.8936210870742798, -0.3965499997138977, 0.7763636708259583, 0.09394025057554245, 0.6232452392578125),
            ["RightLowerLeg"] = CFrame.new(-4.563480615615845e-08, -0.00012254714965820312, -0.00007750296936137602, 1, -9.313225746154785e-08, -4.4703469370688254e-08, 7.823108916227284e-08, 0.6600014567375183, 0.7512635588645935, -1.4901159417490817e-08, -0.7512643337249756, 0.6600022315979004),
            ["RightUpperLeg"] = CFrame.new(1.1920928955078125e-07, -3.1187664717435837e-07, -3.894820110872388e-08, 0.936698853969574, 0.2767390012741089, 0.21450166404247284, -0.1670830398797989, 0.891659677028656, -0.4207451045513153, -0.3076987862586975, 0.35827183723449707, 0.8814548850059509),
            ["LeftLowerLeg"] = CFrame.new(1.4901161193847656e-07, 0.0001226663589477539, 0.0000774487853050232, 1, -1.4901161193847656e-08, 1.266598985694145e-07, -1.1548401346317405e-07, -0.5274413824081421, 0.8495914340019226, 1.527369164477932e-07, -0.8495914340019226, -0.5274413228034973),
        }},
        {Time = 0.167, Data = {
            ["LeftFoot"] = CFrame.new(2.9802322387695312e-08, -5.960464477539063e-08, -4.470348358154297e-08, 0.9878495335578918, 0.007020824588835239, -0.1552547812461853, -0.023849140852689743, 0.9939950108528137, -0.10679547488689423, 0.1535729318857193, 0.10920052230358124, 0.9820848703384399),
            ["LeftLowerArm"] = CFrame.new(1.1920928955078125e-07, 2.384185791015625e-07, 2.9802322387695312e-08, 1, -1.1175870895385742e-07, 1.1920928955078125e-07, 1.005828522693264e-07, -0.37781548500061035, -0.9258809685707092, 1.3411046495548362e-07, 0.9258809089660645, -0.37781551480293274),
            ["RightUpperArm"] = CFrame.new(0, -8.344650268554688e-07, 1.30385160446167e-08, 0.4580710530281067, -0.6889095902442932, 0.5617606043815613, 0.12153783440589905, -0.5774882435798645, -0.8073015213012695, 0.8805677890777588, 0.4380764961242676, -0.1808021068572998),
            ["Head"] = CFrame.new(6.397021934390068e-08, 1.1920928955078125e-07, -1.9441358745098114e-08, 0.9624683260917664, -0.2500150203704834, -0.1055808812379837, 0.2590930163860321, 0.9622576236724854, 0.08325362205505371, 0.08078134804964066, -0.10748425126075745, 0.9909195303916931),
            ["LowerTorso"] = CFrame.new(-0.06932566314935684, -0.0765005350112915, 0.012371543794870377, 0.8850340843200684, 0.14451301097869873, -0.4425276815891266, -0.13014288246631622, 0.9895009994506836, 0.06285455822944641, 0.446964830160141, 0.0019633853808045387, 0.8945494294166565),
            ["UpperTorso"] = CFrame.new(-3.3993273973464966e-08, -3.8743019104003906e-07, -1.3969838619232178e-09, 0.8779106140136719, -0.15278607606887817, 0.45379438996315, 0.15178781747817993, 0.9876481890678406, 0.038878340274095535, -0.4541294276714325, 0.034748777747154236, 0.8902578949928284),
            ["HumanoidRootPart"] = CFrame.new(0, 0, 0, 1, 0, 0, 0, 1, 0, 0, 0, 1),
            ["LeftUpperLeg"] = CFrame.new(-1.7881393432617188e-07, -4.963076207786798e-07, -5.960464477539063e-08, 0.9885085821151733, -0.11291435360908508, -0.10050501674413681, -0.05923392251133919, 0.3223665654659271, -0.9447598457336426, 0.13907629251480103, 0.9398564696311951, 0.3119737207889557),
            ["LeftUpperArm"] = CFrame.new(-2.384185791015625e-07, -5.960464477539062e-07, 1.30385160446167e-08, 0.6768357157707214, 0.6203527450561523, -0.3963029682636261, 0.5512726306915283, -0.07036951929330826, 0.8313521146774292, 0.4878441393375397, -0.7811597585678101, -0.3896123468875885),
            ["RightLowerArm"] = CFrame.new(-8.940696716308594e-08, 1.1920928955078125e-07, 1.3737007975578308e-07, 1, -1.4901161193847656e-08, 0, 2.980232594040899e-08, 0.940092921257019, -0.3409182131290436, 7.450581307466564e-08, 0.34091833233833313, 0.9400929808616638),
            ["LeftHand"] = CFrame.new(-8.940696716308594e-08, 4.172325134277344e-07, 2.9802322387695312e-08, 0.17771700024604797, 0.018787214532494545, -0.9839023351669312, -0.08592623472213745, 0.9962954521179199, 0.0035031805746257305, 0.980323076248169, 0.08392023295164108, 0.17867301404476166),
            ["RightFoot"] = CFrame.new(4.470348358154297e-08, 2.980232238769531e-07, -3.4160620998591185e-08, 0.9789926409721375, -0.0937458723783493, 0.1810663342475891, 0.06161045283079147, 0.9825347065925598, 0.17558486759662628, -0.19436439871788025, -0.16074033081531525, 0.9676698446273804),
            ["RightHand"] = CFrame.new(-1.4901161193847656e-08, 1.1920928955078125e-07, -2.086162567138672e-07, 0.5537524223327637, -0.5562317371368408, -0.6196489930152893, 0.3051895201206207, 0.8279525637626648, -0.47048258781433105, 0.7747371196746826, 0.07142071425914764, 0.628236711025238),
            ["RightLowerLeg"] = CFrame.new(-3.91155481338501e-08, -0.00012260675430297852, -0.00007735395774943754, 1, -1.7136333951839333e-07, -4.842875611643649e-08, 1.0430814256778831e-07, 0.6312969326972961, 0.7755405306816101, -3.725290653733282e-08, -0.7755412459373474, 0.6312978267669678),
            ["RightUpperLeg"] = CFrame.new(1.1920928955078125e-07, -4.850735422223806e-07, -1.6596459317952394e-08, 0.9468463063240051, 0.24739760160446167, 0.2056131213903427, -0.14753536880016327, 0.9019535183906555, -0.4058486521244049, -0.28585928678512573, 0.35394105315208435, 0.890511155128479),
            ["LeftLowerLeg"] = CFrame.new(1.043081283569336e-07, 0.0001227259635925293, 0.0000774189829826355, 1, 8.940698137394065e-08, 8.940696716308594e-08, -1.4156103134155273e-07, -0.0846010223031044, 0.9964149594306946, 7.450580596923828e-08, -0.9964148998260498, -0.08460089564323425),
        }},
        {Time = 0.200, Data = {
            ["LeftFoot"] = CFrame.new(9.685754776000977e-08, 0, 2.2351741790771484e-08, 0.9817810654640198, -0.021549692377448082, -0.1887902170419693, -0.0010205806465819478, 0.9929359555244446, -0.11864849925041199, 0.19001305103302002, 0.11667919158935547, 0.9748234748840332),
            ["LeftLowerArm"] = CFrame.new(4.172325134277344e-07, 1.7881393432617188e-07, -6.705522537231445e-08, 1, -1.7695125364980413e-08, 2.682209014892578e-07, 0, -0.4957992732524872, -0.8684372901916504, 1.0430815677864302e-07, 0.8684371709823608, -0.49579906463623047),
            ["RightUpperArm"] = CFrame.new(0, 1.1920928955078125e-07, 1.6996636986732483e-08, 0.47150617837905884, -0.6129453778266907, 0.6340190172195435, 0.15732762217521667, -0.6489532589912415, -0.744384229183197, 0.8677154183387756, 0.45073026418685913, -0.2095520943403244),
            ["Head"] = CFrame.new(5.2854602472507395e-08, 4.76837158203125e-07, -3.3306605473626405e-08, 0.9637971520423889, -0.25225287675857544, -0.08639218658208847, 0.2566780745983124, 0.9654732346534729, 0.04447360336780548, 0.07219073921442032, -0.06503849476575851, 0.9952681064605713),
            ["LowerTorso"] = CFrame.new(-0.05082472786307335, -0.08402025699615479, -0.008048953488469124, 0.8481340408325195, 0.1753515750169754, -0.4999205768108368, -0.1425524652004242, 0.9843683242797852, 0.10343030095100403, 0.5102426409721375, -0.016457857564091682, 0.8598730564117432),
            ["UpperTorso"] = CFrame.new(-1.0710209608078003e-08, -4.76837158203125e-07, -3.073364496231079e-08, 0.8447448015213013, -0.17973937094211578, 0.5040833950042725, 0.1971486210823059, 0.9801872372627258, 0.019119635224342346, -0.4975326359272003, 0.08322817832231522, 0.8634433150291443),
            ["HumanoidRootPart"] = CFrame.new(0, 0, 0, 1, 0, 0, 0, 1, 0, 0, 0, 1),
            ["LeftUpperLeg"] = CFrame.new(-5.960464477539063e-08, -8.046627044677734e-07, -1.1920928955078125e-07, 0.983757734298706, -0.12091878056526184, -0.13266286253929138, -0.05841361731290817, 0.48318079113960266, -0.873569905757904, 0.1697312593460083, 0.8671303987503052, 0.4682694673538208),
            ["LeftUpperArm"] = CFrame.new(-1.1920928955078125e-07, -1.1920928955078125e-07, 1.7811544239521027e-08, 0.6788356900215149, 0.650142252445221, -0.3413168787956238, 0.5273156762123108, -0.10815009474754333, 0.8427586555480957, 0.510999321937561, -0.7520762085914612, -0.41624611616134644),
            ["RightLowerArm"] = CFrame.new(-1.7881393432617188e-07, 2.384185791015625e-07, 9.010545909404755e-08, 1, 5.960463056453591e-08, -3.725289943190546e-08, -1.4901159417490817e-08, 0.9845203161239624, -0.17527049779891968, -4.470347647611561e-08, 0.1752704232931137, 0.9845203161239624),
            ["LeftHand"] = CFrame.new(-1.1175870895385742e-07, -5.960464477539063e-08, -5.960464477539063e-08, 0.08866795897483826, 0.020168686285614967, -0.9958570599555969, 0.08715227246284485, 0.9958034753799438, 0.027927784249186516, 0.9922411441802979, -0.0892675593495369, 0.0865381732583046),
            ["RightFoot"] = CFrame.new(0, 2.980232238769531e-07, -6.686605047434568e-09, 0.9668911099433899, -0.13510222733020782, 0.21649280190467834, 0.10534483939409256, 0.9840149283409119, 0.14358726143836975, -0.23243075609207153, -0.1160266175866127, 0.9656674861907959),
            ["RightHand"] = CFrame.new(-2.980232238769531e-07, -1.1920928955078125e-07, -2.2351741790771484e-07, 0.4998970329761505, -0.5608053207397461, -0.6600005030632019, 0.4272916913032532, 0.822547435760498, -0.3752831518650055, 0.7533424496650696, -0.09440980851650238, 0.6508162617683411),
            ["RightLowerLeg"] = CFrame.new(-4.284083843231201e-08, -0.00012236833572387695, -0.00007734278187854216, 1, -9.685756197086448e-08, -6.705519695060502e-08, 1.0430809993522416e-07, 0.6183458566665649, 0.7859054207801819, -8.940694584680386e-08, -0.785906195640564, 0.6183467507362366),
            ["RightUpperLeg"] = CFrame.new(1.1920928955078125e-07, -8.698552846908569e-07, -6.129994289949536e-08, 0.960110068321228, 0.21884261071681976, 0.17405910789966583, -0.1346784234046936, 0.9074357748031616, -0.39802286028862, -0.24505187571048737, 0.35870352387428284, 0.9007115960121155),
            ["LeftLowerLeg"] = CFrame.new(3.203749656677246e-07, 0.0001227259635925293, 0.00007738545536994934, 1, 7.078055119791316e-08, 1.30385116037246e-08, -3.725290298461914e-08, 0.48530930280685425, 0.8743425607681274, 4.470348358154297e-08, -0.8743426203727722, 0.48530930280685425),
        }},
        {Time = 0.233, Data = {
            ["LeftFoot"] = CFrame.new(3.725290298461914e-08, 0, -4.470348358154297e-08, 0.9603977799415588, -0.09331035614013672, -0.2625442147254944, 0.07879592478275299, 0.9947496652603149, -0.06530321389436722, 0.26725929975509644, 0.04202914610505104, 0.9627077579498291),
            ["LeftLowerArm"] = CFrame.new(-2.980232238769531e-07, -1.7881393432617188e-07, 4.76837158203125e-07, 1, -1.862644971595273e-08, 8.940694584680386e-08, 1.4156103134155273e-07, -0.6357504725456238, -0.7718948125839233, 1.6391277313232422e-07, 0.771894633769989, -0.6357503533363342),
            ["RightUpperArm"] = CFrame.new(0, 4.76837158203125e-07, -1.862645149230957e-09, 0.4964260458946228, -0.5983698964118958, 0.6288995146751404, 0.17021214962005615, -0.6433133482933044, -0.7464421391487122, 0.8512279391288757, 0.47759971022605896, -0.2175074815750122),
            ["Head"] = CFrame.new(4.7730281949043274e-08, 9.5367431640625e-07, -2.2846506908535957e-08, 0.9688823819160461, -0.2395114004611969, -0.062461450695991516, 0.2409379631280899, 0.970403790473938, 0.016294091939926147, 0.05671021342277527, -0.03083638846874237, 0.9979143738746643),
            ["LowerTorso"] = CFrame.new(-0.0374351367354393, -0.11833751201629639, -0.03056846745312214, 0.8150855898857117, 0.1979360580444336, -0.5444784760475159, -0.13329531252384186, 0.9786834120750427, 0.15624059736728668, 0.563797652721405, -0.054773055016994476, 0.8240947127342224),
            ["UpperTorso"] = CFrame.new(3.5390257835388184e-08, -2.086162567138672e-07, -1.30385160446167e-08, 0.8205265998840332, -0.17930816113948822, 0.5427566170692444, 0.23084022104740143, 0.9725983142852783, -0.02766561508178711, -0.5229235291481018, 0.14799045026302338, 0.8394343256950378),
            ["HumanoidRootPart"] = CFrame.new(0, 0, 0, 1, 0, 0, 0, 1, 0, 0, 0, 1),
            ["LeftUpperLeg"] = CFrame.new(-1.1920928955078125e-07, -2.1420419216156006e-07, -5.960464477539063e-08, 0.9799631834030151, -0.10435253381729126, -0.16965530812740326, -0.07568765431642532, 0.5927811861038208, -0.8017991781234741, 0.18423794209957123, 0.7985742688179016, 0.5730054378509521),
            ["LeftUpperArm"] = CFrame.new(5.960464477539063e-08, 8.344650268554688e-07, 1.862645149230957e-09, 0.7232539653778076, 0.6356909871101379, -0.2698166072368622, 0.4832877814769745, -0.18683192133903503, 0.8552935123443604, 0.4932917654514313, -0.7489932775497437, -0.44234830141067505),
            ["RightLowerArm"] = CFrame.new(2.384185791015625e-07, -4.172325134277344e-07, -3.9814040064811707e-08, 1, -1.4901155864777138e-08, 7.4505820180093e-08, 5.960464477539063e-08, 0.9827932119369507, -0.1847093254327774, 0, 0.18470925092697144, 0.9827932119369507),
            ["LeftHand"] = CFrame.new(1.862645149230957e-07, 2.384185791015625e-07, -3.725290298461914e-08, -0.07416839897632599, 0.036794085055589676, -0.9965667724609375, 0.3262598514556885, 0.9452205300331116, 0.01061682403087616, 0.9423660039901733, -0.3243522346019745, -0.08211012184619904),
            ["RightFoot"] = CFrame.new(3.725290298461914e-08, 2.980232238769531e-07, -5.045876605436206e-08, 0.9632752537727356, -0.18582507967948914, 0.19383002817630768, 0.1705583781003952, 0.9809651374816895, 0.0928301066160202, -0.20739005506038666, -0.056361302733421326, 0.9766333103179932),
            ["RightHand"] = CFrame.new(8.940696716308594e-08, 2.384185791015625e-07, -8.195638656616211e-08, 0.45327213406562805, -0.5427916049957275, -0.707051694393158, 0.5678439736366272, 0.7872666716575623, -0.24034132063388824, 0.6870936751365662, -0.29255515336990356, 0.6650669574737549),
            ["RightLowerLeg"] = CFrame.new(-8.288770914077759e-08, -0.00012260675430297852, -0.00007740797445876524, 1, -1.0430816388407038e-07, -1.3411039390121005e-07, 1.341104365337742e-07, 0.6181567311286926, 0.7860535979270935, -9.685753354915505e-08, -0.7860549092292786, 0.6181584596633911),
            ["RightUpperLeg"] = CFrame.new(2.980232238769531e-07, -1.5739351511001587e-07, -1.0600342648103833e-07, 0.9718027710914612, 0.2076285034418106, 0.11175823956727982, -0.15488892793655396, 0.9194676876068115, -0.3613707721233368, -0.1777890920639038, 0.3338707983493805, 0.9257003664970398),
            ["LeftLowerLeg"] = CFrame.new(1.564621925354004e-07, 0.00012290477752685547, 0.00007741153240203857, 1, 1.2293456563838845e-07, 1.490115550950577e-07, -1.4901159417490817e-08, 0.8641964197158813, 0.5031547546386719, 9.685753354915505e-08, -0.5031545758247375, 0.8641963601112366),
        }},
        {Time = 0.267, Data = {
            ["LeftFoot"] = CFrame.new(5.21540641784668e-08, 1.1920928955078125e-07, -2.1420419216156006e-08, 0.9623250365257263, -0.09953225404024124, -0.2530296742916107, 0.0836537554860115, 0.9938334226608276, -0.07278302311897278, 0.25871357321739197, 0.04887404665350914, 0.9647168517112732),
            ["LeftLowerArm"] = CFrame.new(0, 0, 3.427267074584961e-07, 1, -8.940693874137651e-08, 2.3841852225814364e-07, 8.195638656616211e-08, -0.7432927489280701, -0.6689663529396057, 1.7881393432617188e-07, 0.6689663529396057, -0.7432926297187805),
            ["RightUpperArm"] = CFrame.new(-5.960464477539063e-08, -5.960464477539062e-07, -5.587935447692871e-09, 0.49894294142723083, -0.5566672086715698, 0.6642120480537415, 0.22196123003959656, -0.6587802767753601, -0.7188477516174316, 0.8377286791801453, 0.5060930848121643, -0.2051352560520172),
            ["Head"] = CFrame.new(7.473863661289215e-08, 5.960464477539062e-07, -2.9569491744041443e-08, 0.9782720804214478, -0.20171357691287994, -0.047911930829286575, 0.2020503133535385, 0.9793726801872253, 0.002240798668935895, 0.04647163674235344, -0.011872733943164349, 0.9988491535186768),
            ["LowerTorso"] = CFrame.new(-0.03973203897476196, -0.17383825778961182, -0.053182072937488556, 0.7989475727081299, 0.20533813536167145, -0.5652601718902588, -0.11989054083824158, 0.9754208922386169, 0.18487924337387085, 0.5893293023109436, -0.07993946224451065, 0.8039283156394958),
            ["UpperTorso"] = CFrame.new(-7.450580596923828e-09, -1.4901161193847656e-07, -1.1175870895385742e-08, 0.8069798350334167, -0.17228756844997406, 0.5648898482322693, 0.24975775182247162, 0.9663166403770447, -0.062074288725852966, -0.535167932510376, 0.1911783516407013, 0.8228282928466797),
            ["HumanoidRootPart"] = CFrame.new(0, 0, 0, 1, 0, 0, 0, 1, 0, 0, 0, 1),
            ["LeftUpperLeg"] = CFrame.new(2.9802322387695312e-08, -2.4028122425079346e-07, -1.7881393432617188e-07, 0.9966257214546204, -0.07114060968160629, 0.04094241186976433, 0.07685868442058563, 0.6337540745735168, -0.7697067260742188, 0.02880985476076603, 0.7702562808990479, 0.6370835304260254),
            ["LeftUpperArm"] = CFrame.new(2.980232238769531e-07, 0, -1.1175870895385742e-08, 0.8087822794914246, 0.5530424118041992, -0.20003853738307953, 0.40252381563186646, -0.27256980538368225, 0.8738882541656494, 0.42877262830734253, -0.7873054146766663, -0.4430621564388275),
            ["RightLowerArm"] = CFrame.new(-1.4901161193847656e-07, 1.1920928955078125e-07, 2.0815059542655945e-07, 1, -2.9802311729554276e-08, -2.980232949312267e-08, 0, 0.9917377233505249, -0.12828245759010315, 4.4703490686970326e-08, 0.12828241288661957, 0.9917377829551697),
            ["LeftHand"] = CFrame.new(2.1363666746765375e-07, -1.7881393432617188e-07, -1.1657539289444685e-07, -0.28436538577079773, -0.049660585820674896, -0.9574289321899414, 0.5121980905532837, 0.8363195061683655, -0.1955062448978424, 0.8104254603385925, -0.5459886193275452, -0.212384432554245),
            ["RightFoot"] = CFrame.new(0, 2.980232238769531e-07, -2.0656443666666746e-08, 0.963829755783081, -0.1848326474428177, 0.19201400876045227, 0.2000412493944168, 0.9777647256851196, -0.06292625516653061, -0.1761132925748825, 0.0990610271692276, 0.9793727993965149),
            ["RightHand"] = CFrame.new(-1.4901161193847656e-07, 0, 5.21540641784668e-08, 0.3078959584236145, -0.587887167930603, -0.7480571866035461, 0.6265124678611755, 0.7169971466064453, -0.3056088089942932, 0.7160183191299438, -0.37457162141799927, 0.5890788435935974),
