return {
    ["Zom-Beam"] = {
        {Time = 0.000, Data = {
            ["LeftFoot"] = CFrame.new(3.725290298461914e-08, 0, -2.9802322387695312e-08, 0.9521505236625671, -0.2996657192707062, -0.060082316398620605, 0.25084438920021057, 0.8785330057144165, -0.4065183103084564, 0.17460384964942932, 0.37199515104293823, 0.9116650223731995),
            ["LeftLowerArm"] = CFrame.new(-3.5762786865234375e-07, -2.384185791015625e-07, 5.960464477539063e-08, 1, -8.195640788244418e-08, 1.0617075929530984e-07, 8.568166975919667e-08, -0.3769162595272064, -0.9262474179267883, 1.5646217832454568e-07, 0.9262473583221436, -0.37691617012023926),
            ["LowerTorso"] = CFrame.new(0.07547807693481445, -0.19446301460266113, -0.046657584607601166, 0.9029696583747864, -0.08763876557350159, -0.4206724166870117, 0.08747407793998718, 0.9959715008735657, -0.0197286419570446, 0.42070668935775757, -0.01898355409502983, 0.9069980978965759),
            ["Head"] = CFrame.new(7.450580596923828e-08, -1.1920928955078125e-07, 0, 0.7435057163238525, -0.37000155448913574, 0.5570443868637085, 0.17168934643268585, 0.9106835126876831, 0.37573692202568054, -0.6463143229484558, -0.1837237924337387, 0.7406236529350281),
            ["RightUpperArm"] = CFrame.new(-5.960464477539063e-08, -1.1920928955078125e-07, -5.21540641784668e-08, 0.8442062139511108, -0.14367935061454773, -0.5164033770561218, 0.3796115815639496, 0.84042888879776, 0.38674840331077576, 0.3784325122833252, -0.5225280523300171, 0.7640376091003418),
            ["UpperTorso"] = CFrame.new(-9.313225746154785e-09, 1.1920928955078125e-07, -3.725290298461914e-09, 0.9672801494598389, -0.2516435384750366, -0.032322827726602554, 0.2536746859550476, 0.9614156484603882, 0.1064382940530777, 0.004291102755814791, -0.11115509271621704, 0.9937938451766968),
            ["HumanoidRootPart"] = CFrame.new(0, 0, 0, 1, 0, 0, 0, 1, 0, 0, 0, 1),
            ["RightHand"] = CFrame.new(2.384185791015625e-07, 5.960464477539063e-08, -1.1920928955078125e-07, 0.3471354842185974, 0.5632039308547974, 0.749865710735321, -0.8734790086746216, 0.48522239923477173, 0.03992240130901337, -0.3413669466972351, -0.6688501834869385, 0.6603845357894897),
            ["LeftUpperArm"] = CFrame.new(1.1920928955078125e-07, -1.1920928955078125e-07, 0, 0.759307861328125, 0.05951392278075218, 0.6480044722557068, -0.37831029295921326, 0.8506072759628296, 0.365168958902359, -0.5294647216796875, -0.5224227905273438, 0.6683874726295471),
            ["RightLowerArm"] = CFrame.new(-2.384185791015625e-07, -5.960464477539063e-08, -2.9802322387695312e-08, 1, -1.9371509552001953e-07, 5.960464477539063e-08, 6.705523247774181e-08, -0.018845051527023315, -0.9998224377632141, 8.940698137394065e-08, 0.9998224377632141, -0.01884513348340988),
            ["LeftHand"] = CFrame.new(-4.470348358154297e-08, 2.384185791015625e-07, 0, 0.5468146204948425, -0.29357168078422546, -0.7840980291366577, 0.8316774368286133, 0.2983618378639221, 0.46828708052635193, 0.0964692234992981, -0.9081827998161316, 0.4073053300380707),
            ["RightUpperLeg"] = CFrame.new(0, 2.0512379705905914e-07, -1.6596459317952394e-08, 0.7087157964706421, 0.12863993644714355, 0.693666934967041, 0.2090037614107132, 0.9008142948150635, -0.3805933892726898, -0.6738245487213135, 0.4147113859653473, 0.6115349531173706),
            ["LeftUpperLeg"] = CFrame.new(0, 2.1420419216156006e-07, -7.450580596923828e-09, 0.9007431268692017, 0.43224626779556274, -0.04271974787116051, -0.40788835287094116, 0.8079569339752197, -0.4252443313598633, -0.14929449558258057, 0.4004606604576111, 0.9040699005126953),
            ["RightLowerLeg"] = CFrame.new(5.21540641784668e-08, -0.00006031990051269531, -0.00007206032023532316, 1, -8.940696716308594e-08, 0, 7.450579886381092e-08, 0.8276104927062988, 0.5613024830818176, 7.4505797087454084e-09, -0.5613028407096863, 0.8276107907295227),
            ["RightFoot"] = CFrame.new(3.166496753692627e-08, 2.980232238769531e-07, -2.029992174357176e-09, 0.9523797035217285, 0.28265517950057983, 0.11436377465724945, -0.23695451021194458, 0.9221318364143372, -0.3058188557624817, -0.19189982116222382, 0.26415693759918213, 0.9451962113380432),
            ["LeftLowerLeg"] = CFrame.new(-4.470348358154297e-08, 0.000060677528381347656, 0.00007195770740509033, 1, 9.685754776000977e-08, 1.4901159417490817e-08, -7.450579886381092e-08, 0.6378014087677002, 0.7702009081840515, 2.9802318834981634e-08, -0.7702009677886963, 0.6378014087677002),
        }},
        {Time = 0.033, Data = {
            ["LeftFoot"] = CFrame.new(0, -5.960464477539063e-08, -7.450580596923828e-09, 0.9520298838615417, -0.30004605650901794, -0.060097530484199524, 0.2516767382621765, 0.8794697523117065, -0.40397027134895325, 0.1740633100271225, 0.3694663345813751, 0.9127959609031677),
            ["LeftLowerArm"] = CFrame.new(-8.940696716308594e-08, -1.1920928955078125e-07, 1.4901161193847656e-08, 1, -9.685756197086448e-08, 1.1175869474300271e-07, 9.685753354915505e-08, -0.36601394414901733, -0.930609405040741, 1.4901159772762185e-07, 0.930609405040741, -0.36601394414901733),
            ["LowerTorso"] = CFrame.new(0.07732748240232468, -0.1944718360900879, -0.047011446207761765, 0.9032458662986755, -0.08397836238145828, -0.4208262264728546, 0.08258938789367676, 0.9963504076004028, -0.021560905501246452, 0.42110109329223633, -0.015280970372259617, 0.9068850874900818),
            ["Head"] = CFrame.new(-5.960464477539063e-08, -2.384185791015625e-07, -4.470348358154297e-08, 0.7254775166511536, -0.3637358546257019, 0.5842763185501099, 0.16259877383708954, 0.9154853224754333, 0.3680330812931061, -0.6687631011009216, -0.17199692130088806, 0.7233069539070129),
            ["RightUpperArm"] = CFrame.new(0, -1.1920928955078125e-07, -5.587935447692871e-08, 0.83840012550354, -0.1423957645893097, -0.5261263251304626, 0.38575422763824463, 0.8369604349136353, 0.3881893455982208, 0.3850702941417694, -0.5284134149551392, 0.7566372752189636),
            ["UpperTorso"] = CFrame.new(2.2351741790771484e-08, -2.086162567138672e-07, 0, 0.9664629697799683, -0.2553345263004303, -0.027455387637019157, 0.256806343793869, 0.9609231948852539, 0.1033310815691948, -0.0000014486724921880523, -0.10691633075475693, 0.9942681193351746),
            ["HumanoidRootPart"] = CFrame.new(0, 0, 0, 1, 0, 0, 0, 1, 0, 0, 0, 1),
            ["RightHand"] = CFrame.new(-1.1920928955078125e-07, -5.960464477539063e-08, 1.6391277313232422e-07, 0.34196263551712036, 0.5655685663223267, 0.750462532043457, -0.8778567314147949, 0.4772193431854248, 0.04036704823374748, -0.3353046178817749, -0.6726022958755493, 0.6596791744232178),
            ["LeftUpperArm"] = CFrame.new(0, 0, -1.4901161193847656e-08, 0.761362612247467, 0.0566035620868206, 0.6458507180213928, -0.38049137592315674, 0.8455916047096252, 0.37443411350250244, -0.5249317288398743, -0.530820906162262, 0.665338933467865),
            ["RightLowerArm"] = CFrame.new(5.960464477539063e-08, 5.960464477539063e-08, 5.960464477539063e-08, 1, -1.4901162614933128e-07, 3.3527612686157227e-08, 9.313227167240257e-08, -0.014615999534726143, -0.9998931884765625, 1.1920930376163597e-07, 0.9998932480812073, -0.014616131782531738),
            ["LeftHand"] = CFrame.new(-6.705522537231445e-08, 1.1920928955078125e-07, -1.9371509552001953e-07, 0.54999178647995, -0.29663315415382385, -0.7807164788246155, 0.8303388357162476, 0.29461684823036194, 0.47300979495048523, 0.08970197290182114, -0.9084105491638184, 0.4083425998687744),
            ["RightUpperLeg"] = CFrame.new(5.960464477539063e-08, -4.591420292854309e-07, -1.6952981241047382e-09, 0.7077078819274902, 0.12915876507759094, 0.6945989727973938, 0.21055635809898376, 0.8999133110046387, -0.3818666636943817, -0.6744001507759094, 0.4165022373199463, 0.6096804141998291),
            ["LeftUpperLeg"] = CFrame.new(0, -2.7194619178771973e-07, 1.1175870895385742e-08, 0.9025164842605591, 0.4289337694644928, -0.038470201194286346, -0.4041076898574829, 0.8126162886619568, -0.4199426472187042, -0.1488659381866455, 0.39455124735832214, 0.9067350029945374),
            ["RightLowerLeg"] = CFrame.new(-3.725290298461914e-09, -0.000060617923736572266, -0.00007207522139651701, 1, -9.313227167240257e-08, -2.980232594040899e-08, 4.4703494239684005e-08, 0.8212997317314148, 0.5704964995384216, 8.940698847936801e-08, -0.5704970359802246, 0.8213000297546387),
            ["RightFoot"] = CFrame.new(9.406358003616333e-08, 3.5762786865234375e-07, -2.0656443666666746e-08, 0.9525423049926758, 0.281991571187973, 0.11464763432741165, -0.2353195697069168, 0.9210497736930847, -0.3103089928627014, -0.19310083985328674, 0.26860395073890686, 0.9436970949172974),
            ["LeftLowerLeg"] = CFrame.new(-1.4901161193847656e-08, 0.000060558319091796875, 0.0000721365213394165, 1, 4.470348358154297e-08, 7.450578820566989e-09, -5.960464477539063e-08, 0.6435606479644775, 0.7653952240943909, 7.450580596923828e-08, -0.7653951644897461, 0.6435604691505432),
        }},
        {Time = 0.067, Data = {
            ["LeftFoot"] = CFrame.new(4.470348358154297e-08, -1.1920928955078125e-07, -7.450580596923828e-09, 0.9519041180610657, -0.30043068528175354, -0.060166265815496445, 0.2524976134300232, 0.8804147243499756, -0.4013913571834564, 0.17356155812740326, 0.3668941855430603, 0.9139283299446106),
            ["LeftLowerArm"] = CFrame.new(-5.960464477539063e-08, -5.960464477539062e-07, -4.172325134277344e-07, 1, -8.56816981809061e-08, 9.313227167240257e-08, 8.940696716308594e-08, -0.353870689868927, -0.9352943897247314, 1.4901161193847656e-07, 0.9352944493293762, -0.3538706302642822),
            ["LowerTorso"] = CFrame.new(0.07940197736024857, -0.1945335865020752, -0.047786179929971695, 0.9033750295639038, -0.0795251727104187, -0.4214136302471161, 0.07694514840841293, 0.9967665076255798, -0.02315477654337883, 0.4218924045562744, -0.01150827668607235, 0.9065729379653931),
            ["Head"] = CFrame.new(1.1920928955078125e-07, 2.384185791015625e-07, 7.450580596923828e-09, 0.696627676486969, -0.35901468992233276, 0.6211428046226501, 0.1566050946712494, 0.9210019111633301, 0.3566938042640686, -0.7001319527626038, -0.15120840072631836, 0.6978188157081604),
            ["RightUpperArm"] = CFrame.new(1.1920928955078125e-07, 4.76837158203125e-07, 3.725290298461914e-09, 0.8304022550582886, -0.1434578001499176, -0.5383790731430054, 0.39580249786376953, 0.8319700956344604, 0.38880130648612976, 0.39213863015174866, -0.5359529852867126, 0.7476507425308228),
            ["UpperTorso"] = CFrame.new(0, 2.086162567138672e-07, -1.862645149230957e-09, 0.9661349654197693, -0.2571925222873688, -0.02086583338677883, 0.25797414779663086, 0.9609426259994507, 0.10019323229789734, -0.005718117114156485, -0.10218299180269241, 0.9947491884231567),
            ["HumanoidRootPart"] = CFrame.new(0, 0, 0, 1, 0, 0, 0, 1, 0, 0, 0, 1),
            ["RightHand"] = CFrame.new(-5.960464477539063e-08, -1.7881393432617188e-07, 0, 0.3364688754081726, 0.5671839714050293, 0.7517256140708923, -0.882568895816803, 0.4683329164981842, 0.041672103106975555, -0.32842186093330383, -0.6774707436561584, 0.658158004283905),
            ["LeftUpperArm"] = CFrame.new(2.384185791015625e-07, 3.5762786865234375e-07, 7.450580596923828e-09, 0.7648047208786011, 0.051455527544021606, 0.642204225063324, -0.38050979375839233, 0.8404532670974731, 0.38581177592277527, -0.5198906064033508, -0.5394355654716492, 0.662361741065979),
            ["RightLowerArm"] = CFrame.new(1.1920928955078125e-07, -2.384185791015625e-07, -8.940696716308594e-08, 1, -1.043081283569336e-07, 6.70552182668871e-08, 1.6763806343078613e-07, -0.010460667312145233, -0.9999452829360962, 1.043081283569336e-07, 0.9999452829360962, -0.010460629127919674),
            ["LeftHand"] = CFrame.new(-1.4901161193847656e-07, 2.384185791015625e-07, 2.086162567138672e-07, 0.5522467494010925, -0.30170950293540955, -0.7771714329719543, 0.8296334743499756, 0.2906339466571808, 0.4766972064971924, 0.08204848319292068, -0.9080216884613037, 0.41080957651138306),
            ["RightUpperLeg"] = CFrame.new(-2.9802322387695312e-08, 1.9348226487636566e-07, -2.4047039914876223e-08, 0.7062104344367981, 0.12978678941726685, 0.6960045099258423, 0.21276816725730896, 0.8987087607383728, -0.38347411155700684, -0.6752752065658569, 0.41890090703964233, 0.6070629358291626),
            ["LeftUpperLeg"] = CFrame.new(-5.960464477539063e-08, 2.942979335784912e-07, 3.725290298461914e-09, 0.9044952988624573, 0.4251976013183594, -0.03309456259012222, -0.39960458874702454, 0.8178215026855469, -0.4141067862510681, -0.1490117311477661, 0.38778236508369446, 0.9096266031265259),
            ["RightLowerLeg"] = CFrame.new(2.2351741790771484e-07, -0.000060439109802246094, -0.00007214972720248625, 1, -1.266598843585598e-07, -5.2154071283894154e-08, 8.940696716308594e-08, 0.8139489889144897, 0.5809358954429626, -5.21540641784668e-08, -0.5809364914894104, 0.8139493465423584),
            ["RightFoot"] = CFrame.new(9.778887033462524e-08, 3.5762786865234375e-07, -3.9282895158976316e-08, 0.9527243375778198, 0.28127601742744446, 0.11489299684762955, -0.2334776669740677, 0.9197279214859009, -0.3155765235424042, -0.19443438947200775, 0.2738330066204071, 0.9419189095497131),
            ["LeftLowerLeg"] = CFrame.new(1.4901161193847656e-08, 0.00006073713302612305, 0.0000721663236618042, 1, 1.043081283569336e-07, 5.960463766996327e-08, -8.940695295223122e-08, 0.6500312685966492, 0.7599074244499207, 1.4901159417490817e-08, -0.7599074840545654, 0.6500313878059387),
        }},
        {Time = 0.100, Data = {
            ["LeftFoot"] = CFrame.new(-3.725290298461914e-08, 5.960464477539063e-08, 3.725290298461914e-08, 0.9519041180610657, -0.3002767860889435, -0.060930751264095306, 0.25277337431907654, 0.8820122480392456, -0.39769336581230164, 0.1731596291065216, 0.3631644546985626, 0.9154930114746094),
            ["LeftLowerArm"] = CFrame.new(-2.086162567138672e-07, -1.1920928955078125e-07, -1.4901161193847656e-08, 1, -6.705523958316917e-08, 1.1734660176898615e-07, 8.195636524988004e-08, -0.341490775346756, -0.939885139465332, 9.313223614526578e-08, 0.939885139465332, -0.34149062633514404),
            ["LowerTorso"] = CFrame.new(0.08173888921737671, -0.1947007179260254, -0.04941912367939949, 0.9033592939376831, -0.07458789646625519, -0.42234915494918823, 0.07087869197130203, 0.9971839189529419, -0.024503367021679878, 0.4229874908924103, -0.007800199557095766, 0.9061020016670227),
            ["Head"] = CFrame.new(-1.043081283569336e-07, -1.1920928955078125e-07, -7.450580596923828e-09, 0.6585308909416199, -0.35307440161705017, 0.6645869612693787, 0.14997170865535736, 0.9269664287567139, 0.3438630998134613, -0.7374588847160339, -0.12677495181560516, 0.6633870601654053),
            ["RightUpperArm"] = CFrame.new(-5.960464477539063e-08, 1.1920928955078125e-07, 2.9802322387695312e-08, 0.8212496042251587, -0.14583779871463776, -0.5516164302825928, 0.4084526598453522, 0.8253108263015747, 0.3899086117744446, 0.3983914256095886, -0.5455213785171509, 0.7373538017272949),
            ["UpperTorso"] = CFrame.new(-1.1175870895385742e-08, -2.086162567138672e-07, -9.313225746154785e-09, 0.9659833908081055, -0.2582757771015167, -0.01303374208509922, 0.25831303000450134, 0.9612767100334167, 0.09602952748537064, -0.012273075990378857, -0.09612970054149628, 0.9952932000160217),
            ["HumanoidRootPart"] = CFrame.new(0, 0, 0, 1, 0, 0, 0, 1, 0, 0, 0, 1),
            ["RightHand"] = CFrame.new(-2.9802322387695312e-08, 5.960464477539063e-08, 5.960464477539063e-08, 0.330765038728714, 0.5679152607917786, 0.7537021040916443, -0.887309193611145, 0.45912379026412964, 0.043449126183986664, -0.3213669955730438, -0.6831381916999817, 0.6557783484458923),
            ["LeftUpperArm"] = CFrame.new(-1.1920928955078125e-07, -2.384185791015625e-07, -7.450580596923828e-09, 0.7687767744064331, 0.04506603628396988, 0.6379274129867554, -0.379909873008728, 0.8346056342124939, 0.39887556433677673, -0.5144421458244324, -0.5490013360977173, 0.6587464213371277),
            ["RightLowerArm"] = CFrame.new(4.76837158203125e-07, 2.384185791015625e-07, 1.1920928955078125e-07, 1, -1.4901159772762185e-07, 7.078052277620372e-08, 1.862645149230957e-08, -0.006043276749551296, -0.9999817609786987, 1.4901161193847656e-08, 0.9999818205833435, -0.006043323315680027),
            ["LeftHand"] = CFrame.new(-5.960464477539063e-08, -2.980232238769531e-07, 3.725290298461914e-07, 0.5535883903503418, -0.3083760440349579, -0.7735919952392578, 0.829549252986908, 0.2860680818557739, 0.47959697246551514, 0.07340399920940399, -0.9072317481040955, 0.41417670249938965),
            ["RightUpperLeg"] = CFrame.new(1.1920928955078125e-07, -1.9639264792203903e-07, -1.6596459317952394e-08, 0.7044480443000793, 0.13084417581558228, 0.6975906491279602, 0.21512016654014587, 0.8972674012184143, -0.38553163409233093, -0.6763700246810913, 0.42165276408195496, 0.6039311289787292),
            ["LeftUpperLeg"] = CFrame.new(0, -4.651956260204315e-07, -1.862645149230957e-08, 0.906601071357727, 0.4211341142654419, -0.02684597484767437, -0.39457035064697266, 0.8234199285507202, -0.40779149532318115, -0.1496293991804123, 0.3802967667579651, 0.9126803874969482),
            ["RightLowerLeg"] = CFrame.new(-9.685754776000977e-08, -0.000060617923736572266, -0.00007211992488009855, 1, -1.043081283569336e-07, -4.4703490686970326e-08, 3.725290298461914e-08, 0.8055844902992249, 0.5924805402755737, 0, -0.5924809575080872, 0.8055847883224487),
            ["RightFoot"] = CFrame.new(4.563480615615845e-08, 4.172325134277344e-07, 1.287116901949048e-08, 0.9530373215675354, 0.2797672152519226, 0.11597621440887451, -0.23053617775440216, 0.9185040593147278, -0.3212525248527527, -0.19640040397644043, 0.2794293165206909, 0.9398651123046875),
            ["LeftLowerLeg"] = CFrame.new(5.960464477539063e-08, 0.000060439109802246094, 0.00007209181785583496, 1, 5.960463766996327e-08, 7.450579886381092e-08, -5.960464477539063e-08, 0.6571061611175537, 0.7537978291511536, 8.940696716308594e-08, -0.7537980675697327, 0.657106339931488),
        }},
        {Time = 0.133, Data = {
            ["LeftFoot"] = CFrame.new(3.725290298461914e-08, -1.1920928955078125e-07, -4.470348358154297e-08, 0.9515939354896545, -0.30141013860702515, -0.060175877064466476, 0.2541828453540802, 0.8818033337593079, -0.3972581624984741, 0.1728007048368454, 0.3627326488494873, 0.9157319068908691),
            ["LeftLowerArm"] = CFrame.new(-1.1920928955078125e-07, 3.5762786865234375e-07, 7.450580596923828e-08, 1, -8.568167686462402e-08, 1.4714893836753618e-07, 8.940696716308594e-08, -0.32834404706954956, -0.9445582032203674, 1.0803341865539551e-07, 0.9445582628250122, -0.32834392786026),
            ["LowerTorso"] = CFrame.new(0.08459687978029251, -0.19502806663513184, -0.051569413393735886, 0.90323805809021, -0.0691145807504654, -0.423537939786911, 0.06422823667526245, 0.9976011514663696, -0.02581927925348282, 0.4243064820766449, -0.0038821266498416662, 0.9055103659629822),
            ["Head"] = CFrame.new(-2.9802322387695312e-08, -3.5762786865234375e-07, 5.21540641784668e-08, 0.6137897968292236, -0.340023934841156, 0.7124928832054138, 0.13863258063793182, 0.9348939657211304, 0.3267330825328827, -0.7772021889686584, -0.10177049040794373, 0.6209666132926941),
            ["RightUpperArm"] = CFrame.new(-5.960464477539063e-08, -3.5762786865234375e-07, 2.9802322387695312e-08, 0.8112646341323853, -0.1486850529909134, -0.565457820892334, 0.42277514934539795, 0.8172240257263184, 0.39167115092277527, 0.4038699269294739, -0.5568104386329651, 0.7258450984954834),
            ["UpperTorso"] = CFrame.new(-1.30385160446167e-08, -8.940696716308594e-08, 1.1175870895385742e-08, 0.9657122492790222, -0.2595774829387665, -0.00440750177949667, 0.25889256596565247, 0.9616212844848633, 0.09088041633367538, -0.019352108240127563, -0.08890540152788162, 0.9958521127700806),
            ["HumanoidRootPart"] = CFrame.new(0, 0, 0, 1, 0, 0, 0, 1, 0, 0, 0, 1),
            ["RightHand"] = CFrame.new(-2.384185791015625e-07, -5.960464477539063e-08, 2.9802322387695312e-08, 0.3245053291320801, 0.5679111480712891, 0.7564214468002319, -0.8922268748283386, 0.4492955803871155, 0.04544081166386604, -0.3140503466129303, -0.6896452307701111, 0.6525041460990906),
            ["LeftUpperArm"] = CFrame.new(-1.1920928955078125e-07, -2.384185791015625e-07, 5.21540641784668e-08, 0.7727986574172974, 0.03721686825156212, 0.6335592865943909, -0.37935739755630493, 0.8273976445198059, 0.41412681341171265, -0.5087930560112, -0.5603820085525513, 0.6535302400588989),
            ["RightLowerArm"] = CFrame.new(2.384185791015625e-07, -5.960464477539063e-08, 2.9802322387695312e-08, 1, -1.4901159772762185e-07, 8.195639367158947e-08, 0, -0.0007185860886238515, -0.9999997615814209, 4.4703490686970326e-08, 0.9999997615814209, -0.0007186309085227549),
            ["LeftHand"] = CFrame.new(1.7881393432617188e-07, 0, -2.9802322387695312e-08, 0.5544174313545227, -0.31643402576446533, -0.7697347402572632, 0.8298317790031433, 0.2804819941520691, 0.4823988676071167, 0.06324956566095352, -0.9062005281448364, 0.4180907607078552),
            ["RightUpperLeg"] = CFrame.new(1.1920928955078125e-07, 1.2223608791828156e-09, -3.5222910810261965e-08, 0.7022544741630554, 0.13183318078517914, 0.6996132731437683, 0.21792006492614746, 0.8957288861274719, -0.3875315189361572, -0.677753210067749, 0.42460551857948303, 0.6003005504608154),
            ["LeftUpperLeg"] = CFrame.new(-5.960464477539063e-08, -3.015156835317612e-08, 4.470348358154297e-08, 0.908715009689331, 0.4169309735298157, -0.020143304020166397, -0.38941606879234314, 0.8293917775154114, -0.4005800783634186, -0.15030749142169952, 0.3718571960926056, 0.9160404205322266),
            ["RightLowerLeg"] = CFrame.new(-2.9802322387695312e-08, -0.000060439109802246094, -0.00007209012255771086, 1, -1.0803343286625022e-07, 0, 1.1920931797249068e-07, 0.7960635423660278, 0.6052126288414001, -3.72529100900465e-08, -0.6052131652832031, 0.7960639595985413),
            ["RightFoot"] = CFrame.new(1.1827796697616577e-07, 4.76837158203125e-07, 3.5222910810261965e-08, 0.9532693028450012, 0.27923300862312317, 0.11535484343767166, -0.2286168485879898, 0.9163072109222412, -0.3288087546825409, -0.19751466810703278, 0.28707170486450195, 0.9373250603675842),
            ["LeftLowerLeg"] = CFrame.new(0, 0.0000603795051574707, 0.00007209181785583496, 1, 5.960463766996327e-08, 5.2154071283894154e-08, -8.940698137394065e-08, 0.6639367341995239, 0.7477889060974121, 0, -0.7477888464927673, 0.6639366149902344),
        }},
        {Time = 0.167, Data = {
            ["LeftFoot"] = CFrame.new(-5.960464477539063e-08, 5.960464477539063e-08, -2.9802322387695312e-08, 0.9505931735038757, -0.3054724931716919, -0.05531153827905655, 0.2581337094306946, 0.8767570853233337, -0.40578803420066833, 0.17245176434516907, 0.3714616298675537, 0.9122920632362366),
            ["LeftLowerArm"] = CFrame.new(1.1920928955078125e-07, -2.980232238769531e-07, 1.7881393432617188e-07, 1, -9.313225746154785e-08, 7.82310962677002e-08, 7.450580596923828e-08, -0.3153345286846161, -0.9489806294441223, 7.450580596923828e-08, 0.9489805698394775, -0.3153344988822937),
            ["LowerTorso"] = CFrame.new(0.08790379762649536, -0.19556641578674316, -0.0537409670650959, 0.9030051827430725, -0.06359095871448517, -0.42489752173423767, 0.05758088082075119, 0.9979760646820068, -0.026986386626958847, 0.4257536232471466, -0.00009711613529361784, 0.9048391580581665),
            ["Head"] = CFrame.new(1.4901161193847656e-08, 0, -3.725290298461914e-08, 0.5639083981513977, -0.3167876899242401, 0.7626617550849915, 0.12219566106796265, 0.9453426599502563, 0.3023170828819275, -0.8167469501495361, -0.07728496938943863, 0.571796715259552),
            ["RightUpperArm"] = CFrame.new(-1.1920928955078125e-07, -2.384185791015625e-07, -2.9802322387695312e-08, 0.8014043569564819, -0.15224093198776245, -0.5784236192703247, 0.4375344216823578, 0.8085874915122986, 0.393382728099823, 0.4078170955181122, -0.5683388710021973, 0.714616060256958),
            ["UpperTorso"] = CFrame.new(-5.587935447692871e-09, 1.4901161193847656e-07, 7.450580596923828e-09, 0.9654133915901184, -0.26069700717926025, 0.0037434985861182213, 0.25942838191986084, 0.9619468450546265, 0.08576223254203796, -0.025958970189094543, -0.08182485401630402, 0.9963086247444153),
            ["HumanoidRootPart"] = CFrame.new(0, 0, 0, 1, 0, 0, 0, 1, 0, 0, 0, 1),
            ["RightHand"] = CFrame.new(-2.980232238769531e-07, 0, 8.940696716308594e-08, 0.3182169198989868, 0.5668361783027649, 0.7598912119865417, -0.8968619108200073, 0.43974769115448, 0.047548528760671616, -0.30720800161361694, -0.6966482400894165, 0.6483089923858643),
            ["LeftUpperArm"] = CFrame.new(0, -2.384185791015625e-07, -1.1175870895385742e-07, 0.7763949632644653, 0.027357399463653564, 0.6296526193618774, -0.3782821297645569, 0.8193140625953674, 0.43084436655044556, -0.5040966272354126, -0.5726918578147888, 0.6464600563049316),
            ["RightLowerArm"] = CFrame.new(3.5762786865234375e-07, 2.980232238769531e-07, 5.960464477539063e-08, 1, -2.9802315282267955e-08, 7.078052988163108e-08, 7.450579175838357e-08, 0.005273169372230768, -0.9999861717224121, 5.960463056453591e-08, 0.9999861717224121, 0.005273194517940283),
            ["LeftHand"] = CFrame.new(8.940696716308594e-08, -5.960464477539063e-08, 2.9802322387695312e-08, 0.5545485019683838, -0.325341135263443, -0.7659175395965576, 0.8304945826530457, 0.2744280695915222, 0.48473483324050903, 0.052485257387161255, -0.9048991799354553, 0.42237749695777893),
            ["RightUpperLeg"] = CFrame.new(-5.960464477539063e-08, 7.088874554028735e-07, 2.8107024263590574e-08, 0.6995865106582642, 0.13234977424144745, 0.7021839022636414, 0.22129738330841064, 0.8942501544952393, -0.3890298902988434, -0.6794161796569824, 0.4275514483451843, 0.5963166356086731),
            ["LeftUpperLeg"] = CFrame.new(2.9802322387695312e-08, 3.944769559893757e-07, -3.3527612686157227e-08, 0.910467803478241, 0.4133405089378357, -0.014068972319364548, -0.38513362407684326, 0.8349564671516418, -0.3930904269218445, -0.15073321759700775, 0.36331450939178467, 0.9193922877311707),
            ["RightLowerLeg"] = CFrame.new(1.341104507446289e-07, -0.00006026029586791992, -0.0000721050237189047, 1, -1.1548399925231934e-07, -1.4901164746561335e-08, 5.960465898624534e-08, 0.7859798669815063, 0.6182515621185303, -1.4901164746561335e-08, -0.6182520985603333, 0.7859802842140198),
            ["RightFoot"] = CFrame.new(-4.7497451305389404e-08, 4.76837158203125e-07, 1.287116901949048e-08, 0.9532254934310913, 0.28144732117652893, 0.11022157222032547, -0.23003831505775452, 0.9120544195175171, -0.33946818113327026, -0.19607046246528625, 0.29823505878448486, 0.9341373443603516),
            ["LeftLowerLeg"] = CFrame.new(8.940696716308594e-08, 0.00006073713302612305, 0.00007221102714538574, 1, 8.940694584680386e-08, -2.9802318834981634e-08, -1.6391281576488836e-07, 0.668501615524292, 0.7437107563018799, 2.980232949312267e-08, -0.7437107563018799, 0.6685015559196472),
        }},
        {Time = 0.200, Data = {
            ["LeftFoot"] = CFrame.new(1.4901161193847656e-08, -1.7881393432617188e-07, -1.4901161193847656e-08, 0.9492605328559875, -0.3110586404800415, -0.04633473604917526, 0.26337239146232605, 0.8668070435523987, -0.42341533303260803, 0.17187024652957916, 0.38972821831703186, 0.9047500491142273),
            ["LeftLowerArm"] = CFrame.new(-8.940696716308594e-08, -1.1920928955078125e-07, -7.450580596923828e-09, 1, -4.842878453814592e-08, 8.568164844291459e-08, 8.568166975919667e-08, -0.3020252287387848, -0.9533000588417053, 9.685753354915505e-08, 0.9532999992370605, -0.3020249605178833),
            ["LowerTorso"] = CFrame.new(0.09171320497989655, -0.19636130332946777, -0.0558728352189064, 0.9026938080787659, -0.05815768241882324, -0.42633506655693054, 0.051044050604104996, 0.9983009696006775, -0.028104038909077644, 0.4272451400756836, 0.003607484046369791, 0.9041286706924438),
            ["Head"] = CFrame.new(-2.9802322387695312e-08, -1.1920928955078125e-07, 4.470348358154297e-08, 0.49418729543685913, -0.2857915461063385, 0.8210374116897583, 0.10459348559379578, 0.9571062326431274, 0.27019965648651123, -0.8630406856536865, -0.04765382781624794, 0.5028815865516663),
            ["RightUpperArm"] = CFrame.new(0, -1.1920928955078125e-07, 2.2351741790771484e-08, 0.7916908264160156, -0.15713724493980408, -0.5903674960136414, 0.4526410698890686, 0.7998780012130737, 0.3940953314304352, 0.41029492020606995, -0.5792262554168701, 0.7043827772140503),
            ["UpperTorso"] = CFrame.new(-9.313225746154785e-09, -2.9802322387695312e-08, -1.862645149230957e-09, 0.9653062224388123, -0.2609034478664398, 0.010644746944308281, 0.25922292470932007, 0.9624002575874329, 0.08117441087961197, -0.03142314776778221, -0.07559876143932343, 0.9966431260108948),
            ["HumanoidRootPart"] = CFrame.new(0, 0, 0, 1, 0, 0, 0, 1, 0, 0, 0, 1),
            ["RightHand"] = CFrame.new(-4.76837158203125e-07, -1.1920928955078125e-07, -2.086162567138672e-07, 0.3118217885494232, 0.564476728439331, 0.7642863392829895, -0.9012565612792969, 0.43041297793388367, 0.04981550946831703, -0.3008387088775635, -0.7043513655662537, 0.642950177192688),
            ["LeftUpperArm"] = CFrame.new(-1.1920928955078125e-07, -1.1920928955078125e-07, 2.9802322387695312e-08, 0.7795854210853577, 0.01463555358350277, 0.626124918460846, -0.3759363293647766, 0.8105261921882629, 0.44913098216056824, -0.5009175539016724, -0.5855194926261902, 0.6373765468597412),
            ["RightLowerArm"] = CFrame.new(-1.1920928955078125e-07, -1.1920928955078125e-07, -2.9802322387695312e-08, 1, -7.450580596923828e-08, 8.568166975919667e-08, 2.2351741790771484e-08, 0.012013085186481476, -0.9999278783798218, 1.4901161193847656e-07, 0.9999278783798218, 0.012013165280222893),
            ["LeftHand"] = CFrame.new(-1.043081283569336e-07, -1.7881393432617188e-07, 1.9371509552001953e-07, 0.5541803240776062, -0.3347640931606293, -0.7621138691902161, 0.8313519358634949, 0.268453449010849, 0.4866075813770294, 0.04169335588812828, -0.903252899646759, 0.42707785964012146),
            ["RightUpperLeg"] = CFrame.new(0, 2.0937295630574226e-07, 2.0656443666666746e-08, 0.6967036724090576, 0.1333148181438446, 0.7048625946044922, 0.22471636533737183, 0.8925666809082031, -0.39093172550201416, -0.6812537312507629, 0.4307575523853302, 0.5918962955474854),
            ["LeftUpperLeg"] = CFrame.new(0, 3.405148163437843e-08, -3.725290298461914e-08, 0.9118890762329102, 0.4103420376777649, -0.008824842050671577, -0.381728857755661, 0.8400108218193054, -0.3855709135532379, -0.1508028656244278, 0.35496652126312256, 0.9226360321044922),
            ["RightLowerLeg"] = CFrame.new(1.4901161193847656e-08, -0.000060439109802246094, -0.0000721050237189047, 1, -1.6763806343078613e-07, 2.980232594040899e-08, 5.215404996761208e-08, 0.7742937803268433, 0.6328259706497192, 3.725289587919178e-08, -0.6328262686729431, 0.7742941379547119),
            ["RightFoot"] = CFrame.new(-1.862645149230957e-08, 1.7881393432617188e-07, 9.145878721028566e-09, 0.9532686471939087, 0.28467217087745667, 0.10119646042585373, -0.2329729050397873, 0.9058806896209717, -0.3536998927593231, -0.1923607438802719, 0.3135952353477478, 0.9298686385154724),
            ["LeftLowerLeg"] = CFrame.new(1.043081283569336e-07, 0.0000603795051574707, 0.00007215142250061035, 1, 8.940695295223122e-08, 5.960463766996327e-08, 0, 0.6704406142234802, 0.7419632077217102, 0, -0.7419632077217102, 0.6704406142234802),
        }},
        {Time = 0.233, Data = {
            ["LeftFoot"] = CFrame.new(-1.4901161193847656e-08, -1.1920928955078125e-07, 4.470348358154297e-08, 0.9480201005935669, -0.3160999119281769, -0.036588359624147415, 0.26849493384361267, 0.8563133478164673, -0.44117799401283264, 0.17078739404678345, 0.40842190384864807, 0.8966734409332275),
            ["LeftLowerArm"] = CFrame.new(2.9802322387695312e-08, -1.1920928955078125e-07, -4.917383193969727e-07, 1, -1.0803344707710494e-07, 1.1175866632129328e-07, 6.70552182668871e-08, -0.2896212935447693, -0.9571413397789001, 1.2665985593685036e-07, 0.9571413993835449, -0.2896212637424469),
            ["LowerTorso"] = CFrame.new(0.09638135880231857, -0.19747686386108398, -0.057828862220048904, 0.9023348689079285, -0.05299750342965126, -0.4277651906013489, 0.04479166865348816, 0.998568594455719, -0.029232367873191833, 0.42870208621025085, 0.00721708033233881, 0.9034171104431152),
            ["Head"] = CFrame.new(1.4901161193847656e-08, -2.384185791015625e-07, 3.725290298461914e-09, 0.4084753692150116, -0.24893316626548767, 0.8781687021255493, 0.08573484420776367, 0.9683029651641846, 0.23460425436496735, -0.9087340235710144, -0.020540131255984306, 0.4168700575828552),
            ["RightUpperArm"] = CFrame.new(0, -1.1920928955078125e-07, 1.862645149230957e-08, 0.7831910252571106, -0.1613093465566635, -0.600492537021637, 0.46610864996910095, 0.7915052175521851, 0.3953002393245697, 0.4115273952484131, -0.5894902944564819, 0.6950874328613281),
            ["UpperTorso"] = CFrame.new(-1.30385160446167e-08, -5.960464477539063e-08, 0, 0.9648860096931458, -0.2621443271636963, 0.01659505069255829, 0.2601703703403473, 0.9624917507171631, 0.07694797217845917, -0.03614402189850807, -0.06992847472429276, 0.9968970417976379),
            ["HumanoidRootPart"] = CFrame.new(0, 0, 0, 1, 0, 0, 0, 1, 0, 0, 0, 1),
            ["RightHand"] = CFrame.new(-5.960464477539062e-07, -1.1920928955078125e-07, -1.4901161193847656e-08, 0.3053327798843384, 0.5606963038444519, 0.7696698904037476, -0.9052208065986633, 0.4217658042907715, 0.05185472592711449, -0.2955454885959625, -0.7125540971755981, 0.6363326907157898),
            ["LeftUpperArm"] = CFrame.new(0, -3.5762786865234375e-07, 6.332993507385254e-08, 0.7817397713661194, 0.0021154845599085093, 0.6236013174057007, -0.3742961883544922, 0.8014265894889832, 0.4664950668811798, -0.4987839460372925, -0.5980895757675171, 0.6272987127304077),
            ["RightLowerArm"] = CFrame.new(3.5762786865234375e-07, -1.7881393432617188e-07, 2.9802322387695312e-08, 1, -7.450579175838357e-08, 3.352760913344355e-08, 9.685754776000977e-08, 0.01993597485125065, -0.9998013377189636, 1.043081283569336e-07, 0.9998012781143188, 0.019935956224799156),
            ["LeftHand"] = CFrame.new(1.1920928955078125e-07, -2.384185791015625e-07, -3.2782554626464844e-07, 0.5534769892692566, -0.3443887531757355, -0.7583269476890564, 0.8323401808738708, 0.2610223889350891, 0.4889555275440216, 0.029549717903137207, -0.9018113613128662, 0.4311182200908661),
            ["RightUpperLeg"] = CFrame.new(1.1920928955078125e-07, 2.0349398255348206e-07, -1.6952981241047382e-09, 0.6940540075302124, 0.13542746007442474, 0.7070703506469727, 0.22738169133663177, 0.8906363248825073, -0.39378246665000916, -0.683071494102478, 0.4340810775756836, 0.5873559713363647),
            ["LeftUpperLeg"] = CFrame.new(0, 1.5832483768463135e-08, 3.725290298461914e-09, 0.9130061268806458, 0.407925546169281, -0.004079306498169899, -0.37906721234321594, 0.8446363210678101, -0.3780178725719452, -0.1507575660943985, 0.3466789126396179, 0.9257893562316895),
            ["RightLowerLeg"] = CFrame.new(-7.450580596923828e-08, -0.000060617923736572266, -0.00007201561675174162, 1, -7.078051567077637e-08, -9.685756197086448e-08, 1.1175869474300271e-07, 0.7613838911056519, 0.6483010649681091, 3.725289943190546e-08, -0.648301362991333, 0.7613841891288757),
            ["RightFoot"] = CFrame.new(-1.0896474123001099e-07, 4.172325134277344e-07, -2.0656443666666746e-08, 0.953808605670929, 0.2863166034221649, 0.09095057100057602, -0.23496851325035095, 0.8996492028236389, -0.3679959774017334, -0.18718695640563965, 0.3296276032924652, 0.9253686666488647),
            ["LeftLowerLeg"] = CFrame.new(-5.960464477539063e-08, 0.00006079673767089844, 0.0000721961259841919, 1, 5.21540641784668e-08, 2.2351741790771484e-08, -6.705522537231445e-08, 0.6719288229942322, 0.7406158447265625, 2.9802322387695312e-08, -0.7406158447265625, 0.6719288229942322),
        }},
        {Time = 0.267, Data = {
            ["LeftFoot"] = CFrame.new(-3.725290298461914e-08, 0, -7.450580596923828e-09, 0.9473249316215515, -0.31883716583251953, -0.030302926898002625, 0.272178053855896, 0.851320207118988, -0.4485226571559906, 0.1688033789396286, 0.4166494309902191, 0.8932575583457947),
            ["LeftLowerArm"] = CFrame.new(5.960464477539063e-08, -1.1920928955078125e-07, 1.564621925354004e-07, 1, -6.705524668859653e-08, 1.0430809993522416e-07, 9.313225746154785e-08, -0.2798203229904175, -0.9600524306297302, 1.1920928955078125e-07, 0.960052490234375, -0.27982020378112793),
            ["LowerTorso"] = CFrame.new(0.10233688354492188, -0.19898343086242676, -0.0594237856566906, 0.9019610285758972, -0.04832714423537254, -0.42910465598106384, 0.03904784843325615, 0.9987745881080627, -0.030408212915062904, 0.4300483763217926, 0.010671421885490417, 0.9027428030967712),
            ["Head"] = CFrame.new(6.705522537231445e-08, 2.384185791015625e-07, 2.8870999813079834e-08, 0.3188565671443939, -0.21018201112747192, 0.9242045879364014, 0.06032330542802811, 0.9776253700256348, 0.20151887834072113, -0.9458813667297363, -0.008504264988005161, 0.32440099120140076),
            ["RightUpperArm"] = CFrame.new(1.1920928955078125e-07, 1.1920928955078125e-07, 2.1420419216156006e-08, 0.7774356603622437, -0.16202722489833832, -0.6077345609664917, 0.47546935081481934, 0.7839257121086121, 0.39923611283302307, 0.411731481552124, -0.5993394255638123, 0.6864905953407288),
            ["UpperTorso"] = CFrame.new(0, 1.4901161193847656e-07, -1.1175870895385742e-08, 0.9634175300598145, -0.2670867443084717, 0.022166971117258072, 0.26488786935806274, 0.961527407169342, 0.07279808819293976, -0.04075756296515465, -0.06426320970058441, 0.9971003532409668),
            ["HumanoidRootPart"] = CFrame.new(0, 0, 0, 1, 0, 0, 0, 1, 0, 0, 0, 1),
            ["RightHand"] = CFrame.new(2.384185791015625e-07, 0, 2.384185791015625e-07, 0.298826664686203, 0.5553683042526245, 0.7760599255561829, -0.9084987640380859, 0.4144868552684784, 0.05320579186081886, -0.29211753606796265, -0.7209485173225403, 0.6284109354019165),
            ["LeftUpperArm"] = CFrame.new(0, -1.1920928955078125e-07, 4.377216100692749e-08, 0.7820417284965515, -0.006142184138298035, 0.6231960654258728, -0.3761083483695984, 0.7926831841468811, 0.47978705167770386, -0.4969438910484314, -0.6096028685569763, 0.6176011562347412),
            ["RightLowerArm"] = CFrame.new(-5.960464477539063e-08, -1.7881393432617188e-07, 1.4901161193847656e-07, 1, -7.4505820180093e-08, 5.029141902923584e-08, 6.705522537231445e-08, 0.029508672654628754, -0.9995645880699158, 8.940696716308594e-08, 0.9995645880699158, 0.02950865775346756),
            ["LeftHand"] = CFrame.new(-1.9371509552001953e-07, 0, -1.341104507446289e-07, 0.5525668859481812, -0.3538990318775177, -0.7546030282974243, 0.8333461880683899, 0.2501074969768524, 0.4929305911064148, 0.014284366741776466, -0.9012224674224854, 0.43312108516693115),
            ["RightUpperLeg"] = CFrame.new(0, 4.78699803352356e-07, -5.420588422566652e-09, 0.6921133399009705, 0.13931594789028168, 0.7082161903381348, 0.22848591208457947, 0.8884490132331848, -0.39806118607521057, -0.6846703290939331, 0.4373207688331604, 0.5830757021903992),
            ["LeftUpperLeg"] = CFrame.new(0, 1.4365650713443756e-07, -1.4901161193847656e-08, 0.9138140678405762, 0.4061325192451477, 0.0005331567954272032, -0.37705153226852417, 0.8488670587539673, -0.3704819679260254, -0.15091733634471893, 0.3383505642414093, 0.9288396239280701),
            ["RightLowerLeg"] = CFrame.new(-6.705522537231445e-08, -0.000060498714447021484, -0.00007209012255771086, 1, -7.450580596923828e-08, 0, 8.195639367158947e-08, 0.7480562925338745, 0.6636348962783813, -7.450581307466564e-08, -0.6636353135108948, 0.7480567693710327),
