return {
    Z0rde = {
        [1] = {Time = 0.000, Data = {
            ["LeftFoot"] = CFrame.new(-2.2049508885402247e-08, -1.1920928955078125e-07, -1.1373486152876922e-08, 0.9703671336174011, -0.24078260362148285, 0.020282508805394173, 0.240858256816864, 0.9571059346199036, -0.1610458940267563, 0.01936456747353077, 0.16115878522396088, 0.9867385029792786),
            ["LeftLowerArm"] = CFrame.new(0, -5.960464477539063e-08, -1.341104507446289e-07, 1, -9.685753354915505e-08, 3.725290298461914e-08, 4.470348358154297e-08, 0.6920539140701294, -0.7218459248542786, 7.450580596923828e-08, 0.721845805644989, 0.6920539140701294),
            ["LowerTorso"] = CFrame.new(0.22848783433437347, -0.13540029525756836, 3.297338935226435e-08, 0.9901484847068787, 0.10835275799036026, 0.08868870139122009, -0.09684246778488159, 0.987400472164154, -0.12514728307724, -0.10113131254911423, 0.11532554030418396, 0.988166332244873),
            ["Head"] = CFrame.new(3.725290298461914e-09, 1.1920928955078125e-07, 4.470348358154297e-08, 0.6069190502166748, 0.09839187562465668, -0.7886496782302856, -0.05913771316409111, 0.995147168636322, 0.07864398509263992, 0.7925604581832886, -0.0010916218161582947, 0.6097924113273621),
            ["RightUpperArm"] = CFrame.new(0, 2.384185791015625e-07, 1.1920928955078125e-07, 0.719799816608429, 0.5882456302642822, 0.3685857355594635, 0.6875413656234741, -0.6773847937583923, -0.26160404086112976, 0.09578703343868256, 0.44172048568725586, -0.8920246958732605),
            ["UpperTorso"] = CFrame.new(-4.7497451305389404e-08, 1.7881393432617188e-07, -1.6763806343078613e-08, 0.6409846544265747, -0.2891559302806854, 0.7110046148300171, 0.03192826732993126, 0.9355685710906982, 0.3516990542411804, -0.7668893933296204, -0.20273256301879883, 0.6089172959327698),
            ["HumanoidRootPart"] = CFrame.new(0, 0, 0, 1, 0, 0, 0, 1, 0, 0, 0, 1),
            ["RightHand"] = CFrame.new(1.7881393432617188e-07, 3.5762786865234375e-07, 7.450580596923828e-09, 0.9846366047859192, 0.17460907995700836, -0.0015570225659757853, -0.17311382293701172, 0.9772943258285522, 0.12217835336923599, 0.022855114191770554, -0.12003172188997269, 0.9925070405006409),
            ["LeftUpperArm"] = CFrame.new(0, 3.5762786865234375e-07, 0, 0.9443644285202026, -0.21268804371356964, -0.2508777976036072, 0.30189982056617737, 0.8632211089134216, 0.4046059548854828, 0.13050825893878937, -0.4578353762626648, 0.8794056177139282),
            ["RightLowerArm"] = CFrame.new(2.384185791015625e-07, 1.1920928955078125e-07, -1.7136335372924805e-07, 1, -7.450581307466564e-08, 5.2154071283894154e-08, 8.940698137394065e-08, 0.7559537291526794, -0.6546251177787781, -2.980232594040899e-08, 0.6546251773834229, 0.7559537291526794),
            ["LeftHand"] = CFrame.new(1.7881393432617188e-07, 0, -2.7939677238464355e-09, 0.9502412676811218, -0.3031344711780548, 0.07177052646875381, 0.3086191713809967, 0.94742351770401, -0.08451655507087708, -0.04237726330757141, 0.10246086120605469, 0.9938340187072754),
            ["RightUpperLeg"] = CFrame.new(-5.960464477539063e-08, -5.3551048040390015e-08, 2.438173396512866e-08, 0.7527046203613281, -0.2887084186077118, 0.5916783809661865, 0.38623881340026855, 0.9214543104171753, -0.04173232987523079, -0.5331559777259827, 0.2599411606788635, 0.8050933480262756),
            ["LeftUpperLeg"] = CFrame.new(-1.1920928955078125e-07, 1.30385160446167e-08, 1.6763806343078613e-08, 0.9820743799209595, 0.11068718135356903, -0.15257257223129272, -0.13026781380176544, 0.9835742712020874, -0.1249476969242096, 0.13623633980751038, 0.14258325099945068, 0.980362057685852),
            ["RightLowerLeg"] = CFrame.new(-1.4901161193847656e-07, -0.00012254714965820312, -0.00007729807839496061, 1, -1.639127589214695e-07, -1.0430814256778831e-07, 1.1920927533992653e-07, 0.5407138466835022, 0.8412063121795654, -7.4505797087454084e-09, -0.8412066698074341, 0.5407143235206604),
            ["RightFoot"] = CFrame.new(4.547109710983932e-08, 3.5762786865234375e-07, -9.219365892931819e-08, 0.932019054889679, 0.36012110114097595, -0.040662821382284164, -0.360083669424057, 0.9075003266334534, -0.21629327535629272, -0.04099036008119583, 0.21623161435127258, 0.9754813313484192),
            ["LeftLowerLeg"] = CFrame.new(6.332993507385254e-08, 0.00012254714965820312, 0.00007745623588562012, 1, 2.7939680791178034e-08, -9.313224857976365e-09, -3.073364851502447e-08, 0.9181422591209412, 0.3962510824203491, 9.313226634333205e-09, -0.3962511718273163, 0.9181421995162964)
        }},
        [2] = {Time = 0.033, Data = {
            ["LeftFoot"] = CFrame.new(1.518642989140062e-08, 0, 4.5929482439532876e-10, 0.9708030819892883, -0.2398153841495514, 0.005484282970428467, 0.23858000338077545, 0.9629223942756653, -0.12593676149845123, 0.02492062933743, 0.12356830388307571, 0.9920231699943542),
            ["LeftLowerArm"] = CFrame.new(-1.1920928955078125e-07, 5.960464477539063e-08, -4.470348358154297e-08, 1, -1.1920930376163597e-07, 5.21540641784668e-08, 4.470348358154297e-08, 0.6772371530532837, -0.7357648611068726, 1.4901161193847656e-08, 0.7357648015022278, 0.6772370934486389),
            ["LowerTorso"] = CFrame.new(0.24254785478115082, -0.1261821985244751, 3.164103645758587e-07, 0.9900334477424622, 0.09726369380950928, 0.10185075551271439, -0.08521008491516113, 0.9895092844963074, -0.11666553467512131, -0.1121295765042305, 0.10682408511638641, 0.9879350066184998),
            ["Head"] = CFrame.new(-1.4901161193847656e-08, 3.5762786865234375e-07, 3.166496753692627e-08, 0.6065080165863037, 0.10092021524906158, -0.7886464595794678, -0.052627354860305786, 0.994831919670105, 0.08683203905820847, 0.7933337688446045, -0.011159933172166348, 0.6086847186088562),
            ["RightUpperArm"] = CFrame.new(0, 1.1920928955078125e-07, 2.9802322387695312e-08, 0.7071477174758911, 0.593209445476532, 0.38476571440696716, 0.7070202231407166, -0.5994264483451843, -0.3752472996711731, 0.00803841557353735, 0.5373924374580383, -0.8432939648628235),
            ["UpperTorso"] = CFrame.new(5.587935447692871e-09, 2.9802322387695312e-08, -1.1175870895385742e-08, 0.6539828181266785, -0.267814576625824, 0.7075181007385254, 0.031231805682182312, 0.9440010786056519, 0.32846105098724365, -0.7558644413948059, -0.19271084666252136, 0.6257247924804688),
            ["HumanoidRootPart"] = CFrame.new(0, 0, 0, 1, 0, 0, 0, 1, 0, 0, 0, 1),
            ["RightHand"] = CFrame.new(0, 0, 1.4901161193847656e-08, 0.9842175245285034, 0.17608553171157837, -0.01759876310825348, -0.1732252836227417, 0.9789854288101196, 0.10761341452598572, 0.0361780971288681, -0.10286643356084824, 0.9940370321273804),
            ["LeftUpperArm"] = CFrame.new(0, 5.960464477539062e-07, 0, 0.9312610626220703, -0.17653559148311615, -0.3187287449836731, 0.3061179518699646, 0.853510320186615, 0.4216776490211487, 0.1975972056388855, -0.490260511636734, 0.8488816022872925),
            ["RightLowerArm"] = CFrame.new(6.556510925292969e-07, -5.960464477539063e-08, -3.725290298461914e-09, 1, -5.960464477539063e-08, -7.450580596923828e-09, 4.470348358154297e-08, 0.8059261441230774, -0.5920161008834839, -1.4901161193847656e-08, 0.5920161604881287, 0.8059261441230774),
            ["LeftHand"] = CFrame.new(7.82310962677002e-08, -5.960464477539063e-08, 1.0803341865539551e-07, 0.9502413272857666, -0.30313459038734436, 0.07177050411701202, 0.3086192309856415, 0.94742351770401, -0.08451653271913528, -0.04237725958228111, 0.10246095806360245, 0.9938340187072754),
            ["RightUpperLeg"] = CFrame.new(0, -6.146728992462158e-08, -2.4047039914876223e-08, 0.7689886093139648, -0.28037673234939575, 0.5744958519935608, 0.3720279037952423, 0.9271051287651062, -0.045512259006500244, -0.5198574662208557, 0.2487267702817917, 0.8172412514686584),
            ["LeftUpperLeg"] = CFrame.new(-5.960464477539063e-08, -2.2258609533309937e-07, -1.862645149230957e-09, 0.9859504699707031, 0.13753868639469147, -0.09478817135095596, -0.14895139634609222, 0.9807513952255249, -0.12625467777252197, 0.07559875398874283, 0.13859958946704865, 0.9874588847160339),
            ["RightLowerLeg"] = CFrame.new(1.6391277313232422e-07, -0.00012230873107910156, -0.00007738003478152677, 1, -8.940694584680386e-08, -1.043081780949251e-07, 1.341104365337742e-07, 0.5673843622207642, 0.8234529495239258, -1.341104365337742e-07, -0.8234531283378601, 0.5673847794532776),
            ["RightFoot"] = CFrame.new(-1.749795046634972e-07, 2.980232238769531e-07, -2.5247572921216488e-09, 0.9355048537254333, 0.350649893283844, -0.04330482706427574, -0.3514288365840912, 0.9108536243438721, -0.21643288433551788, -0.036448054015636444, 0.21769307553768158, 0.9753366708755493),
            ["LeftLowerLeg"] = CFrame.new(9.313225746154785e-08, 0.00012236833572387695, 0.00007742946036159992, 1, 1.490115231206346e-08, -1.8626449271863521e-09, -5.0291408371094803e-08, 0.9325593709945679, 0.3610168397426605, 4.656611984898973e-09, -0.3610166311264038, 0.9325592517852783)
        }},
        [3] = {Time = 0.067, Data = {
            ["LeftFoot"] = CFrame.new(1.5060777514008805e-08, 0, 1.728130882838741e-08, 0.972957968711853, -0.22969292104244232, -0.024374885484576225, 0.22872291505336761, 0.9727849364280701, -0.03708707541227341, 0.03223010152578354, 0.030508996918797493, 0.9990147352218628),
            ["LeftLowerArm"] = CFrame.new(-8.940696716308594e-08, -2.980232238769531e-07, -1.6391277313232422e-07, 1, -7.450580596923828e-08, -2.9802322387695312e-08, 8.940696716308594e-08, 0.6375748515129089, -0.7703884243965149, 4.470348358154297e-08, 0.7703884840011597, 0.6375747919082642),
            ["LowerTorso"] = CFrame.new(0.28012576699256897, -0.10402274131774902, 8.827839792502346e-07, 0.9886751770973206, 0.06870470196008682, 0.13342046737670898, -0.056296300143003464, 0.99391770362854, -0.09464863687753677, -0.13911177217960358, 0.08606567978858948, 0.9865295886993408),
            ["Head"] = CFrame.new(2.9802322387695312e-08, 3.5762786865234375e-07, 6.332993507385254e-08, 0.6076815724372864, 0.10718940198421478, -0.786914050579071, -0.03662963956594467, 0.993578314781189, 0.10705351084470749, 0.7933356761932373, -0.03623008728027344, 0.6077054738998413),
            ["RightUpperArm"] = CFrame.new(0, 1.1920928955078125e-07, 5.960464477539063e-08, 0.6759259700775146, 0.5903951525688171, 0.44108715653419495, 0.6972673535346985, -0.31852543354034424, -0.6421525478363037, -0.23862624168395996, 0.7416031360626221, -0.6269627809524536),
            ["UpperTorso"] = CFrame.new(1.0244548320770264e-08, 1.1920928955078125e-07, 3.725290298461914e-09, 0.6869809627532959, -0.2140050232410431, 0.6944487690925598, 0.028331946581602097, 0.9628132581710815, 0.26867833733558655, -0.7261228561401367, -0.16490185260772705, 0.6674975156784058),
            ["HumanoidRootPart"] = CFrame.new(0, 0, 0, 1, 0, 0, 0, 1, 0, 0, 0, 1),
            ["RightHand"] = CFrame.new(6.146728992462158e-07, 1.7881393432617188e-07, -2.9802322387695312e-08, 0.9824284911155701, 0.17731055617332458, -0.0582699328660965, -0.1731814742088318, 0.9824269413948059, 0.06961043179035187, 0.06958852708339691, -0.05829595774412155, 0.9958710074424744),
            ["LeftUpperArm"] = CFrame.new(0, 3.5762786865234375e-07, 5.960464477539063e-08, 0.8752496838569641, -0.06941922754049301, -0.47866368293762207, 0.3192020356655121, 0.8264296054840088, 0.46381497383117676, 0.3633842170238495, -0.5587442517280579, 0.7454910278320312),
            ["RightLowerArm"] = CFrame.new(5.960464477539063e-08, 0, 1.5087425708770752e-07, 1, -5.21540641784668e-08, -4.0978193283081055e-08, 3.166496753692627e-08, 0.9019807577133179, -0.4317762851715088, 3.073364496231079e-08, 0.4317762851715088, 0.9019808173179626),
            ["LeftHand"] = CFrame.new(2.9802322387695312e-08, -1.7881393432617188e-07, 0, 0.9502413272857666, -0.303134560585022, 0.0717705637216568, 0.3086191713809967, 0.9474235773086548, -0.08451651781797409, -0.04237722232937813, 0.10246089100837708, 0.9938339591026306),
            ["RightUpperLeg"] = CFrame.new(-5.960464477539063e-08, -2.314336597919464e-07, 2.8107024263590574e-08, 0.8075993657112122, -0.2584077715873718, 0.5301026701927185, 0.3355417251586914, 0.940549910068512, -0.052702896296978, -0.48496922850608826, 0.2204342931509018, 0.846294105052948),
            ["LeftUpperLeg"] = CFrame.new(5.960464477539063e-08, -2.1420419216156006e-08, -7.450580596923828e-09, 0.9804211258888245, 0.19160573184490204, 0.04540780559182167, -0.1837875097990036, 0.9731893539428711, -0.13829226791858673, -0.07068796455860138, 0.12723921239376068, 0.9893500804901123),
            ["RightLowerLeg"] = CFrame.new(-5.960464477539063e-08, -0.00012224912643432617, -0.00007739493594272062, 1, -2.533196834519913e-07, 8.940698847936801e-08, 9.685756907629184e-08, 0.6354060769081116, 0.7721779942512512, 3.725291186640334e-09, -0.7721781134605408, 0.6354064345359802),
            ["RightFoot"] = CFrame.new(-1.1067459126934409e-07, 2.980232238769531e-07, 1.0264193406328559e-07, 0.9440174102783203, 0.326459676027298, -0.04749210923910141, -0.32881999015808105, 0.9195221662521362, -0.21530453860759735, -0.0266183502972126, 0.21886782348155975, 0.9753915071487427),
            ["LeftLowerLeg"] = CFrame.new(2.60770320892334e-08, 0.00012254714965820312, 0.00007740408182144165, 1, -1.862644793959589e-08, 1.0244547432591844e-08, -2.9802322387695312e-08, 0.9617173075675964, 0.2740436792373657, 1.1175870895385742e-08, -0.27404356002807617, 0.9617173075675964)
        }},
        [4] = {Time = 0.100, Data = {
            ["LeftFoot"] = CFrame.new(2.28719727601856e-08, 1.1920928955078125e-07, -2.5758708943612874e-08, 0.9783616662025452, -0.20314382016658783, -0.039258893579244614, 0.20548903942108154, 0.9761670827865601, 0.06980051845312119, 0.024143867194652557, -0.07635723799467087, 0.9967882037162781),
            ["LeftLowerArm"] = CFrame.new(1.1920928955078125e-07, 1.1920928955078125e-07, -2.169981598854065e-07, 1, -2.980232594040899e-08, 0, 1.6391278734317893e-07, 0.5801042914390564, -0.814542293548584, 3.725290653733282e-08, 0.8145422339439392, 0.5801042318344116),
            ["LowerTorso"] = CFrame.new(0.33431851863861084, -0.0771634578704834, 0.0000013061883237242, 0.9847458600997925, 0.029948212206363678, 0.171402707695961, -0.01912757381796837, 0.9977385401725769, -0.06443703919649124, -0.17294485867023468, 0.06017559394240379, 0.9830915331840515),
            ["Head"] = CFrame.new(1.4901161193847656e-08, 1.1920928955078125e-07, -1.4901161193847656e-08, 0.6140080690383911, 0.11505940556526184, -0.7808684706687927, -0.016541626304388046, 0.9909764528274536, 0.13301149010658264, 0.7891263961791992, -0.06875328719615936, 0.6103708148002625),
            ["RightUpperArm"] = CFrame.new(0, 1.1920928955078125e-07, 5.960464477539063e-08, 0.653355062007904, 0.5373729467391968, 0.5332517623901367, 0.5227742195129395, 0.18922434747219086, -0.8312046527862549, -0.5475712418556213, 0.8218420743942261, -0.15729402005672455),
            ["UpperTorso"] = CFrame.new(2.514570951461792e-08, -8.940696716308594e-08, -1.1175870895385742e-08, 0.7305527329444885, -0.1435060054063797, 0.6676066517829895, 0.021332696080207825, 0.9819871187210083, 0.18773984909057617, -0.6825230717658997, -0.12291201949119568, 0.720454752445221),
            ["HumanoidRootPart"] = CFrame.new(0, 0, 0, 1, 0, 0, 0, 1, 0, 0, 0, 1),
            ["RightHand"] = CFrame.new(1.4901161193847656e-08, -1.1920928955078125e-07, -3.46451997756958e-07, 0.9784778952598572, 0.17330382764339447, -0.11201300472021103, -0.1725175529718399, 0.9848640561103821, 0.016749078407883644, 0.1132202222943306, 0.002935632597655058, 0.9935656189918518),
            ["LeftUpperArm"] = CFrame.new(0, 1.1920928955078125e-07, -2.9802322387695312e-08, 0.754483699798584, 0.09764990955591202, -0.6490137577056885, 0.34161412715911865, 0.7859287858009338, 0.5153793096542358, 0.5604053735733032, -0.610557496547699, 0.5596117973327637),
            ["RightLowerArm"] = CFrame.new(0, 0, 5.057081580162048e-07, 1, -4.470348358154297e-08, -2.7008354663848877e-08, 2.9802322387695312e-08, 0.9728243947029114, -0.23154422640800476, 0, 0.23154428601264954, 0.9728243947029114),
            ["LeftHand"] = CFrame.new(-7.450580596923828e-08, 5.960464477539063e-08, -3.725290298461914e-08, 0.9502412676811218, -0.30313462018966675, 0.07177058607339859, 0.3086192011833191, 0.94742351770401, -0.08451656252145767, -0.042377158999443054, 0.10246080160140991, 0.9938340187072754),
            ["RightUpperLeg"] = CFrame.new(0, -2.505257725715637e-07, -9.145878721028566e-09, 0.8532034158706665, -0.2278643548488617, 0.46917134523391724, 0.28575611114501953, 0.9567227363586426, -0.05500142648816109, -0.43633413314819336, 0.1809958666563034, 0.881392776966095),
            ["LeftUpperLeg"] = CFrame.new(8.940696716308594e-08, -2.3748725652694702e-07, -1.4901161193847656e-08, 0.9501742124557495, 0.2377546727657318, 0.20159797370433807, -0.20471985638141632, 0.9636605381965637, -0.1716051697731018, -0.2350720763206482, 0.1217835396528244, 0.9643184542655945),
            ["RightLowerLeg"] = CFrame.new(7.450580596923828e-08, -0.00012230873107910156, -0.00007735023245913908, 1, -5.960463766996327e-08, -1.3411050758804777e-07, 8.940698137394065e-08, 0.7268235683441162, 0.6868240237236023, -1.2293459406009788e-07, -0.686824381351471, 0.7268238067626953),
            ["RightFoot"] = CFrame.new(-9.755240171216428e-08, 3.5762786865234375e-07, -1.6509147826582193e-08, 0.954538106918335, 0.29428398609161377, -0.04747718200087547, -0.29758408665657043, 0.9314911961555481, -0.20920702815055847, -0.017341487109661102, 0.2138253003358841, 0.9767181873321533),
            ["LeftLowerLeg"] = CFrame.new(4.0978193283081055e-08, 0.0001227259635925293, 0.00007744133472442627, 1, -2.1420413887085488e-08, -2.8870999813079834e-08, -5.5879340266073996e-08, 0.983748197555542, 0.17955389618873596, -1.1175868230850483e-08, -0.17955391108989716, 0.983748197555542)
        }},
        [5] = {Time = 0.133, Data = {
            ["LeftFoot"] = CFrame.new(-2.5208464649040252e-08, 0, -9.575160220265388e-09, 0.9858212471008301, -0.16592787206172943, -0.024991855025291443, 0.167684406042099, 0.9796673655509949, 0.11015387624502182, 0.006206064950674772, -0.1127827987074852, 0.9936003088951111),
            ["LeftLowerArm"] = CFrame.new(2.9802322387695312e-08, 2.384185791015625e-07, -5.960464477539063e-08, 1, -7.543713564928112e-08, 8.381904947896146e-09, 7.450580596923828e-08, 0.5137895345687866, -0.8579163551330566, 3.4458935260772705e-08, 0.8579162955284119, 0.5137895345687866),
            ["LowerTorso"] = CFrame.new(0.3982228636741638, -0.05384624004364014, 0.000001160717602033401, 0.978828489780426, -0.010741456411778927, 0.20440013706684113, 0.01777103915810585, 0.9993109107017517, -0.03258679062128067, -0.2039092630147934, 0.035529281944036484, 0.9783448576927185),
            ["Head"] = CFrame.new(-9.313225746154785e-09, 0, -1.955777406692505e-08, 0.629037618637085, 0.12243536859750748, -0.7676726579666138, 0.00188227160833776, 0.9872764348983765, 0.1590021848678589, 0.7773725390434265, -0.10146331042051315, 0.6208035945892334),
            ["RightUpperArm"] = CFrame.new(1.1920928955078125e-07, 2.384185791015625e-07, 5.960464477539063e-08, 0.6737809777259827, 0.421314001083374, 0.6070533990859985, 0.20688356459140778, 0.681115448474884, -0.7023396492004395, -0.7093789577484131, 0.598812460899353, 0.37175965309143066),
            ["UpperTorso"] = CFrame.new(-2.537854015827179e-08, -2.384185791015625e-07, 1.862645149230957e-09, 0.7759193181991577, -0.07214944064617157, 0.626692533493042, 0.009454363025724888, 0.994656503200531, 0.10280653089284897, -0.6307612657546997, -0.07384460419416428, 0.7724554538726807),
            ["HumanoidRootPart"] = CFrame.new(0, 0, 0, 1, 0, 0, 0, 1, 0, 0, 0, 1),
            ["RightHand"] = CFrame.new(1.5459954738616943e-07, 2.384185791015625e-07, 2.5331974029541016e-07, 0.9728513360023499, 0.16057828068733215, -0.16665808856487274, -0.1697433739900589, 0.984584629535675, -0.042195163667201996, 0.15731331706047058, 0.06933877617120743, 0.9851115942001343),
            ["LeftUpperArm"] = CFrame.new(-1.1920928955078125e-07, -1.1920928955078125e-07, 0, 0.5928548574447632, 0.28269192576408386, -0.7540613412857056, 0.36434075236320496, 0.7408959865570068, 0.5642066597938538, 0.7181775569915771, -0.6092278361320496, 0.33624762296676636),
            ["RightLowerArm"] = CFrame.new(0, -2.384185791015625e-07, 8.940696716308594e-08, 1, -1.6763804566721774e-08, -1.4901161193847656e-08, 1.1175870895385742e-08, 0.9977807998657227, -0.06658457219600677, 7.450580596923828e-09, 0.06658461689949036, 0.9977808594703674),
            ["LeftHand"] = CFrame.new(9.313225746154785e-10, 1.7881393432617188e-07, 7.450580596923828e-09, 0.9502413272857666, -0.303134560585022, 0.07177054136991501, 0.3086191713809967, 0.94742351770401, -0.08451654762029648, -0.04237718507647514, 0.10246086120605469, 0.9938340187072754),
            ["RightUpperLeg"] = CFrame.new(-1.1920928955078125e-07, -2.3562461137771606e-07, -2.590968506410718e-08, 0.8942060470581055, -0.1931396722793579, 0.40384721755981445, 0.2316979467868805, 0.9715844392776489, -0.04837050661444664, -0.38302960991859436, 0.1368236243724823, 0.9135468006134033),
            ["LeftUpperLeg"] = CFrame.new(-5.960464477539063e-08, -1.0128132998943329e-08, 7.450580596923828e-09, 0.9103819131851196, 0.28390705585479736, 0.30100104212760925, -0.2035956233739853, 0.9406667947769165, -0.2714676856994629, -0.3602132499217987, 0.18585678935050964, 0.9141682982444763),
            ["RightLowerLeg"] = CFrame.new(8.940696716308594e-08, -0.00012177228927612305, -0.00007740983710391447, 1, -8.940695295223122e-08, -7.4505820180093e-08, 9.685756197086448e-08, 0.8189939260482788, 0.5738019347190857, 1.1175872671742582e-08, -0.5738021731376648, 0.8189941644668579),
            ["RightFoot"] = CFrame.new(2.1434243535622954e-07, 3.5762786865234375e-07, 2.6309862732887268e-08, 0.9645574688911438, 0.26067304611206055, -0.04097486287355423, -0.26357442140579224, 0.9443899989128113, -0.19661010801792145, -0.012554651126265526, 0.20044206082820892, 0.9796252250671387),
            ["LeftLowerLeg"] = CFrame.new(2.9802322387695312e-08, 0.00012254714965820312, 0.00007743202149868011, 1, -1.8626444830971423e-09, -1.8626447051417472e-09, -1.4901162970204496e-08, 0.9750197529792786, 0.22211815416812897, -3.3527616238870905e-08, -0.22211812436580658, 0.9750197529792786)
        }},
        [6] = {Time = 0.167, Data = {
            ["LeftFoot"] = CFrame.new(2.143193000847532e-08, -5.960464477539063e-08, 2.782542196655413e-08, 0.9917121529579163, -0.12846072018146515, -0.0022399399895220995, 0.1283317506313324, 0.9895778298377991, 0.06532022356987, -0.0061747124418616295, -0.06506627053022385, 0.9978618621826172),
            ["LeftLowerArm"] = CFrame.new(-5.960464477539063e-08, -2.384185791015625e-07, -2.980232238769531e-07, 1, -9.685756197086448e-08, 3.3527612686157227e-08, 4.470348358154297e-08, 0.4505521357059479, -0.8927502036094666, 5.960464477539063e-08, 0.8927502036094666, 0.4505521059036255),
            ["LowerTorso"] = CFrame.new(0.46493563055992126, -0.0423126220703125, 2.0466242034444804e-08, 0.9739733338356018, -0.04417172819375992, 0.2223169058561325, 0.046896256506443024, 0.9988753199577332, -0.006988478358834982, -0.221758171916008, 0.017232423648238182, 0.9749494194984436),
            ["Head"] = CFrame.new(-4.7031790018081665e-08, 2.384185791015625e-07, -1.0710209608078003e-08, 0.6561341881752014, 0.1277063637971878, -0.7437601089477539, 0.012510507367551327, 0.9836008548736572, 0.17992453277111053, 0.7545406222343445, -0.12735939025878906, 0.6437764763832092),
            ["RightUpperArm"] = CFrame.new(-5.960464477539063e-08, 2.384185791015625e-07, 1.4901161193847656e-08, 0.7274888157844543, 0.28395575284957886, 0.6246031522750854, -0.043084125965833664, 0.927450954914093, -0.37145474553108215, -0.6847655773162842, 0.24331875145435333, 0.6869441866874695),
            ["UpperTorso"] = CFrame.new(-5.343463271856308e-08, -1.7881393432617188e-07, 8.381903171539307e-09, 0.8162810206413269, -0.01432084385305643, 0.5774776339530945, -0.005213073920458555, 0.9994693994522095, 0.0321546234190464, -0.5776316523551941, -0.029257643967866898, 0.815773069858551),
            ["HumanoidRootPart"] = CFrame.new(0, 0, 0, 1, 0, 0, 0, 1, 0, 0, 0, 1),
            ["RightHand"] = CFrame.new(8.847564458847046e-08, 3.5762786865234375e-07, -1.0617077350616455e-07, 0.967863917350769, 0.13822226226329803, -0.21008120477199554, -0.1616208255290985, 0.9819197654724121, -0.09855137020349503, 0.1926608830690384, 0.12933780252933502, 0.9727042317390442),
            ["LeftUpperArm"] = CFrame.new(0, 3.5762786865234375e-07, -1.4901161193847656e-08, 0.4587189257144928, 0.434583842754364, -0.7750572562217712, 0.36782559752464294, 0.7011337280273438, 0.6108322143554688, 0.8088765740394592, -0.5652861595153809, 0.16177217662334442),
            ["RightLowerArm"] = CFrame.new(-8.940696716308594e-08, 1.1920928955078125e-07, -2.491287887096405e-08, 1, -3.725290742551124e-09, -1.862645371275562e-09, 1.3969840839678227e-09, 1, 4.336471182142532e-09, 0, -2.3457690900841044e-08, 1),
            ["LeftHand"] = CFrame.new(7.450580596923828e-08, 0, -1.0803341865539551e-07, 0.9502412676811218, -0.30313459038734436, 0.0717705637216568, 0.3086191415786743, 0.9474234580993652, -0.0845165103673935, -0.042377229779958725, 0.10246089100837708, 0.9938339591026306),
            ["RightUpperLeg"] = CFrame.new(-1.1920928955078125e-07, -2.0337756723165512e-07, -8.214556146413088e-09, 0.924452006816864, -0.15596602857112885, 0.34794119000434875, 0.18256232142448425, 0.9821735620498657, -0.04479066655039787, -0.33475279808044434, 0.10492758452892303, 0.9364458322525024),
            ["LeftUpperLeg"] = CFrame.new(-1.1920928955078125e-07, -2.3329630494117737e-07, 5.122274160385132e-09, 0.8831079602241516, 0.34117183089256287, 0.32205930352211, -0.19109269976615906, 0.8884860873222351, -0.417224258184433, -0.4284902811050415, 0.30691081285476685, 0.8498246073722839),
            ["RightLowerLeg"] = CFrame.new(-1.6391277313232422e-07, -0.00012236833572387695, -0.00007749924407107756, 1, -7.450581307466564e-08, -8.940696716308594e-08, 6.705523958316917e-08, 0.8829520344734192, 0.46946313977241516, -8.381904947896146e-09, -0.46946337819099426, 0.882952094078064),
            ["RightFoot"] = CFrame.new(-1.7487764125689864e-08, 4.172325134277344e-07, -1.0689836926758289e-07, 0.9725929498672485, 0.23050731420516968, -0.030490025877952576, -0.2320900559425354, 0.9545111060142517, -0.18719647824764252, -0.014047171920537949, 0.1891425997018814, 0.981849193572998),
            ["LeftLowerLeg"] = CFrame.new(1.1175870895385742e-08, 0.00012236833572387695, 0.00007745623588562012, 1, 8.195639367158947e-08, 3.192690201103687e-08, 2.9802322387695312e-08, 0.9107313752174377, 0.4129992425441742, 3.3527612686157227e-08, -0.4129992723464966, 0.9107314348220825)
        }},
        [7] = {Time = 0.200, Data = {
            ["LeftFoot"] = CFrame.new(3.3058313420042396e-08, -1.7881393432617188e-07, -1.0437361197546124e-08, 0.9954058527946472, -0.09574588388204575, -0.0001875106245279312, 0.09573090076446533, 0.9952805042266846, -0.01588781177997589, 0.001707874471321702, 0.015796789899468422, 0.9998737573623657),
            ["LeftLowerArm"] = CFrame.new(-2.9802322387695312e-08, -5.960464477539063e-08, -2.384185791015625e-07, 1, -6.705522537231445e-08, 1.4901161193847656e-08, 1.0151417484394187e-07, 0.4021485149860382, -0.9155744314193726, 1.1920930376163597e-07, 0.9155744314193726, 0.4021485149860382),
            ["LowerTorso"] = CFrame.new(0.5286973714828491, -0.04835164546966553, -0.0000023015952592686517, 0.9737676382064819, -0.06307350099086761, 0.21862836182117462, 0.06334391981363297, 0.9979750514030457, 0.005779326893389225, -0.2185501754283905, 0.008221054449677467, 0.9757910966873169),
            ["Head"] = CFrame.new(6.51925802230835e-09, -2.384185791015625e-07, -3.166496753692627e-08, 0.6967542767524719, 0.1304439902305603, -0.7053495049476624, 0.010807720012962818, 0.9813053607940674, 0.19215397536754608, 0.7172284722328186, -0.1415073126554489, 0.6823188662528992),
            ["RightUpperArm"] = CFrame.new(1.1920928955078125e-07, 1.1920928955078125e-07, 3.725290298461914e-08, 0.7867754101753235, 0.14273078739643097, 0.6005102396011353, -0.14345091581344604, 0.9885402321815491, -0.04701244458556175, -0.6003385782241821, -0.04915551096200943, 0.7982339262962341),
            ["UpperTorso"] = CFrame.new(2.3865140974521637e-08, 2.9802322387695312e-08, -2.3283064365386963e-10, 0.8483966588973999, 0.020909855142235756, 0.5289481282234192, -0.017999345436692238, 0.9997812509536743, -0.010652671568095684, -0.529055118560791, -0.00048302626237273216, 0.8485873937606812),
            ["HumanoidRootPart"] = CFrame.new(0, 0, 0, 1, 0, 0, 0, 1, 0, 0, 0, 1),
            ["RightHand"] = CFrame.new(1.4901161193847656e-07, -1.1920928955078125e-07, 2.514570951461792e-08, 0.9662017226219177, 0.10906776785850525, -0.233577698469162, -0.1455480456352234, 0.9786550998687744, -0.14508666098117828, 0.21276767551898956, 0.1741797775030136, 0.9614527225494385),
            ["LeftUpperArm"] = CFrame.new(0, -2.384185791015625e-07, -2.9802322387695312e-08, 0.40714770555496216, 0.5320806503295898, -0.742375373840332, 0.33232027292251587, 0.6707874536514282, 0.6630290746688843, 0.8507609367370605, -0.5166569948196411, 0.09628836810588837),
            ["RightLowerArm"] = CFrame.new(1.1920928955078125e-07, 5.960464477539063e-08, 5.4016709327697754e-08, 1, -9.778887033462524e-09, -1.1117663234472275e-08, -1.0011717677116394e-08, 1, 2.7939677238464355e-09, -1.0652001947164536e-08, -2.7939677238464355e-09, 1),
            ["LeftHand"] = CFrame.new(8.940696716308594e-08, -5.960464477539063e-08, 3.725290298461914e-08, 0.9502413272857666, -0.30313459038734436, 0.07177052646875381, 0.30861911177635193, 0.94742351770401, -0.0845164880156517, -0.04237719252705574, 0.10246091336011887, 0.9938339591026306),
            ["RightUpperLeg"] = CFrame.new(1.7881393432617188e-07, -1.536100171506405e-07, 1.1343217920511961e-08, 0.9432335495948792, -0.11465279012918472, 0.3117133378982544, 0.14552845060825348, 0.9863073229789734, -0.07758548855781555, -0.2985498905181885, 0.11854440718889236, 0.9470033049583435),
            ["LeftUpperLeg"] = CFrame.new(0, -8.381903171539307e-08, -1.6763806343078613e-08, 0.87766033411026, 0.3805745542049408, 0.29133376479148865, -0.17755156755447388, 0.8227756023406982, -0.5399220585823059, -0.4451829791069031, 0.42214152216911316, 0.7896890640258789),
            ["RightLowerLeg"] = CFrame.new(-9.685754776000977e-08, -0.00012254714965820312, -0.00007732788071734831, 1, -3.72529100900465e-08, -3.7252888773764425e-08, 6.705522537231445e-08, 0.8940501809120178, 0.4479665756225586, 1.4901161193847656e-08, -0.4479670822620392, 0.8940503001213074),
            ["RightFoot"] = CFrame.new(1.148000592365861e-07, 2.980232238769531e-07, 3.1723175197839737e-09, 0.9784464240074158, 0.2054348886013031, -0.020958298817276955, -0.2052743136882782, 0.9565642476081848, -0.20699594914913177, -0.022476036101579666, 0.20683662593364716, 0.9781173467636108),
            ["LeftLowerLeg"] = CFrame.new(2.9802322387695312e-08, 0.0001227855682373047, 0.00007735192775726318, 1, 5.3085386753082275e-08, 7.450578820566989e-09, -4.4703490686970326e-08, 0.778506875038147, 0.6276359558105469, 4.4703490686970326e-08, -0.6276360750198364, 0.7785070538520813)
        }},
        [8] = {Time = 0.233, Data = {
            ["LeftFoot"] = CFrame.new(-1.2129021342843771e-08, 0, 1.1030351743102074e-08, 0.9975776672363281, -0.06649843603372574, -0.020415717735886574, 0.06419725716114044, 0.9931206703186035, -0.09792973101139069, 0.026787325739860535, 0.09638182818889618, 0.9949839115142822),
            ["LeftLowerArm"] = CFrame.new(2.9802322387695312e-08, -1.1920928955078125e-07, -2.980232238769531e-07, 1, -7.450580596923828e-08, 5.960464477539063e-08, 6.705522537231445e-08, 0.37102311849594116, -0.9286236763000488, 7.450580596923828e-08, 0.9286236763000488, 0.37102311849594116),
            ["LowerTorso"] = CFrame.new(0.5883229374885559, -0.06794178485870361, -0.000005036987658968428, 0.9780508875846863, -0.06916305422782898, 0.19655272364616394, 0.06912500411272049, 0.9975830316543579, 0.007062302902340889, -0.19656610488891602, 0.006679415702819824, 0.9804677963256836),
            ["Head"] = CFrame.new(2.7939677238464355e-09, 2.384185791015625e-07, -9.313225746154785e-09, 0.7465313673019409, 0.1316070705652237, -0.6522043943405151, -0.000619968050159514, 0.9803794026374817, 0.19711923599243164, 0.6653500199317932, -0.1467513144016266, 0.7319654226303101),
            ["RightUpperArm"] = CFrame.new(0, 0, -4.842877388000488e-08, 0.8396229147911072, -0.006836571730673313, 0.5431267619132996, -0.1366523951292038, 0.9651003479957581, 0.22339990735054016, -0.5256990790367126, -0.2617912292480469, 0.809386134147644),
            ["UpperTorso"] = CFrame.new(4.901085048913956e-08, 1.1920928955078125e-07, -1.1641532182693481e-08, 0.8740231990814209, 0.037411559373140335, 0.48444175720214844, -0.026419764384627342, 0.9992156028747559, -0.029499340802431107, -0.48516538739204407, 0.012984275817871094, 0.8743259906768799),
            ["HumanoidRootPart"] = CFrame.new(0, 0, 0, 1, 0, 0, 0, 1, 0, 0, 0, 1),
            ["RightHand"] = CFrame.new(-5.960464477539063e-08, -1.7881393432617188e-07, -1.4901161193847656e-08, 0.9673500657081604, 0.0826001688838005, -0.23960627615451813, -0.1275767982006073, 0.9755899906158447, -0.17874109745025635, 0.21899348497390747, 0.20347343385219574, 0.9542748332023621),
            ["LeftUpperArm"] = CFrame.new(5.960464477539063e-08, 1.1920928955078125e-07, -3.3527612686157227e-08, 0.4294969439506531, 0.5897958278656006, -0.6838664412498474, 0.2546645700931549, 0.6474334001541138, 0.7183145880699158, 0.8664169907569885, -0.48267048597335815, 0.12787064909934998),
            ["RightLowerArm"] = CFrame.new(1.1920928955078125e-07, -5.960464477539063e-08, 8.940696716308594e-08, 1, 0, 9.313225746154785e-09, -1.4901161193847656e-08, 1, -1.1175870895385742e-08, 5.587935447692871e-09, -1.1175870895385742e-08, 1),
            ["LeftHand"] = CFrame.new(8.940696716308594e-08, 3.5762786865234375e-07, -2.60770320892334e-08, 0.9502413272857666, -0.303134560585022, 0.07177052646875381, 0.3086191713809967, 0.94742351770401, -0.08451657742261887, -0.04237722232937813, 0.10246087610721588, 0.9938339591026306),
            ["RightUpperLeg"] = CFrame.new(5.960464477539063e-08, 2.325396053493023e-07, -2.7772330213338137e-08, 0.95490962266922, -0.07262958586215973, 0.2878762185573578, 0.11902844160795212, 0.9819350838661194, -0.14709068834781647, -0.27199259400367737, 0.17472365498542786, 0.9463041424751282),
            ["LeftUpperLeg"] = CFrame.new(-5.960464477539063e-08, 2.456945367157459e-07, -1.955777406692505e-08, 0.8905810117721558, 0.3854793310165405, 0.24139447510242462, -0.16378682851791382, 0.7669440507888794, -0.620460033416748, -0.42431047558784485, 0.5130327939987183, 0.7461622357368469),
            ["RightLowerLeg"] = CFrame.new(-2.2351741790771484e-07, -0.00012248754501342773, -0.0000775141452322714, 1, -8.940698137394065e-08, -4.470348358154297e-08, 5.21540641784668e-08, 0.8613237142562866, 0.5080562233924866, -2.9802322387695312e-08, -0.5080565810203552, 0.8613239526748657),
            ["RightFoot"] = CFrame.new(-6.427217158488929e-08, 2.980232238769531e-07, 4.113826435059309e-08, 0.9829495549201965, 0.18334944546222687, -0.013899647630751133, -0.18083681166172028, 0.9502537250518799, -0.25360575318336487, -0.03329043835401535, 0.2517954111099243, 0.9672079086303711),
            ["LeftLowerLeg"] = CFrame.new(5.960464477539063e-08, 0.0001227855682373047, 0.00007751584053039551, 1, 2.9802322387695312e-08, 9.499491682163352e-08, -9.685756197086448e-08, 0.6074169278144836, 0.7943832874298096, 0, -0.7943832278251648, 0.6074168682098389)
        }},
        [9] = {Time = 0.267, Data = {
            ["LeftFoot"] = CFrame.new(2.544402377679944e-08, 5.960464477539063e-08, -9.022187441587448e-09, 0.9980154633522034, -0.04029318317770958, -0.048392266035079956, 0.03169241175055504, 0.9854602813720703, -0.16692453622817993, 0.05441458150744438, 0.16505961120128632, 0.9847813844680786),
            ["LeftLowerArm"] = CFrame.new(1.1920928955078125e-07, 0, -2.9802322387695312e-08, 1, -8.940698847936801e-08, 5.2154071283894154e-08, 6.705523247774181e-08, 0.35639268159866333, -0.9343363046646118, 8.195639367158947e-08, 0.9343363642692566, 0.35639265179634094),
            ["LowerTorso"] = CFrame.new(0.6437708735466003, -0.09460866451263428, -0.000007178354735515313, 0.9846877455711365, -0.06663373112678528, 0.1610901653766632, 0.06741198897361755, 0.9977250099182129, 0.000635569158475846, -0.16076603531837463, 0.010233571752905846, 0.9869394898414612),
            ["Head"] = CFrame.new(8.568167686462402e-08, 1.1920928955078125e-07, -2.514570951461792e-08, 0.7996568083763123, 0.13189177215099335, -0.5857933163642883, -0.017232315614819527, 0.9802172780036926, 0.1971731036901474, 0.6002101302146912, -0.14757616817951202, 0.7861101031303406),
            ["RightUpperArm"] = CFrame.new(0, 0, -2.9802322387695312e-08, 0.8771443367004395, -0.1656000316143036, 0.45077112317085266, -0.0579710379242897, 0.8952850103378296, 0.44170594215393066, -0.4767151176929474, -0.4135715067386627, 0.7756940722465515),
            ["UpperTorso"] = CFrame.new(4.685716703534126e-08, 1.4901161193847656e-07, 7.566995918750763e-09, 0.8952304720878601, 0.04111548513174057, 0.44370269775390625, -0.029696352779865265, 0.9990254044532776, -0.03265775367617607, -0.44461295008659363, 0.016059860587120056, 0.8955788016319275),
            ["HumanoidRootPart"] = CFrame.new(0, 0, 0, 1, 0, 0, 0, 1, 0, 0, 0, 1),
            ["RightHand"] = CFrame.new(0, 0, 0, 0.9698663949966431, 0.068976491689682, -0.2336696833372116, -0.11675920337438583, 0.9733666777610779, -0.19729317724704742, 0.21383757889270782, 0.21863111853599548, 0.9520893096923828),
            ["LeftUpperArm"] = CFrame.new(5.960464477539063e-08, -1.1920928955078125e-07, -4.563480615615845e-08, 0.5002380013465881, 0.6216824054718018, -0.6027213931083679, 0.13684889674186707, 0.6305623054504395, 0.763978898525238, 0.8550055027008057, -0.4646528959274292, 0.23035463690757751),
            ["RightLowerArm"] = CFrame.new(-2.9802322387695312e-08, 1.1920928955078125e-07, -1.7881393432617188e-07, 1, 7.450580596923828e-09, -3.4458935260772705e-08, 1.30385160446167e-08, 1, 2.2351741790771484e-08, -9.313225746154785e-10, 0, 1),
            ["LeftHand"] = CFrame.new(5.960464477539063e-08, -5.960464477539063e-08, -1.0058283805847168e-07, 0.9502412676811218, -0.3031346797943115, 0.0717705711722374, 0.3086191713809967, 0.9474234580993652, -0.0845165029168129, -0.042377207428216934, 0.10246092081069946, 0.9938339591026306),
            ["RightUpperLeg"] = CFrame.new(-5.960464477539063e-08, -2.5046756491065025e-07, 1.8444552551954985e-08, 0.9629793763160706, -0.036262352019548416, 0.2671251893043518, 0.09951335936784744, 0.9687418937683105, -0.22723610699176788, -0.2505352199077606, 0.2454061210155487, 0.9364870190620422),
            ["LeftUpperLeg"] = CFrame.new(0, 7.351627573370934e-08, 6.984919309616089e-09, 0.9175603985786438, 0.3512387275695801, 0.18631771206855774, -0.14503951370716095, 0.7320091128349304, -0.6656772494316101, -0.3701978325843811, 0.5837756991386414, 0.7226060628890991),
            ["RightLowerLeg"] = CFrame.new(-8.940696716308594e-08, -0.00012218952178955078, -0.00007744709000689909, 1, -1.1920926112907182e-07, 0, 1.1175872316471214e-07, 0.8037199378013611, 0.5950074791908264, 3.725290742551124e-09, -0.5950077772140503, 0.803720235824585),
