return {
["xstep"] = {

          {Time = 0.000, Data = {

              ["Head"] = CFrame.new(0.000000, -0.000000, 0.000000, 0.991866, 0.043138, 0.119755, -0.075523, 0.956770, 0.280870, -0.102461, -0.287630, 0.952245),

              ["LeftFoot"] = CFrame.new(-0.000000, 0.009549, -0.000003, 0.999979, -0.004923, -0.004145, 0.004457, 0.994377, -0.105807, 0.004643, 0.105779, 0.994378),

              ["LeftHand"] = CFrame.new(0.000485, 0.022406, -0.000000, 0.870783, 0.424207, -0.248569, -0.354235, 0.891892, 0.281154, 0.340962, -0.156770, 0.926912),

              ["LeftLowerArm"] = CFrame.new(-0.000500, 0.108981, 0.055889, 1.000000, -0.000000, -0.000000, 0.000000, 0.423704, -0.905801, 0.000000, 0.905801, 0.423704),

              ["LeftLowerLeg"] = CFrame.new(0.000000, 0.046313, -0.006871, 1.000000, -0.000000, -0.000000, 0.000000, 0.929165, 0.369653, -0.000000, -0.369664, 0.929170),

              ["LeftUpperArm"] = CFrame.new(-0.053105, -0.587582, -0.170984, -0.054296, 0.924231, 0.377953, -0.938142, 0.082412, -0.336301, -0.341968, -0.372833, 0.862585),

              ["LeftUpperLeg"] = CFrame.new(0.000000, -0.000000, -0.000100, 0.988146, 0.043524, 0.147220, -0.013071, 0.979339, -0.201785, -0.152961, 0.197484, 0.968302),

              ["LowerTorso"] = CFrame.new(0.000000, -0.043893, 0.000000, 1.000000, 0.000000, -0.000000, 0.000000, 1.000000, 0.000000, 0.000000, 0.000000, 1.000000),

              ["RightFoot"] = CFrame.new(-0.000000, 0.034475, -0.000100, 0.935116, 0.183772, 0.302983, -0.111026, 0.963905, -0.242000, -0.336500, 0.192654, 0.921758),

              ["RightHand"] = CFrame.new(-0.000485, 0.023176, -0.000000, 0.999347, 0.031257, -0.018129, -0.036048, 0.827971, -0.559615, -0.002482, 0.559899, 0.828555),

              ["RightLowerArm"] = CFrame.new(-0.000001, 0.113178, 0.064396, 1.000000, 0.000000, 0.000000, -0.000000, 0.335464, -0.942053, -0.000000, 0.942053, 0.335464),

              ["RightLowerLeg"] = CFrame.new(-0.000000, 0.121641, -0.125767, 1.000000, 0.000000, 0.000000, -0.000000, -0.303815, 0.952729, 0.000000, -0.952731, -0.303823),

              ["RightUpperArm"] = CFrame.new(0.280014, -0.450179, -0.300397, -0.352538, -0.903112, 0.245163, 0.717470, -0.429045, -0.548778, 0.600794, -0.017568, 0.799211),

              ["RightUpperLeg"] = CFrame.new(0.000000, -0.000000, -0.000000, 0.915886, -0.357809, 0.181996, 0.355083, 0.933576, 0.048511, -0.187264, 0.020215, 0.982102),

              ["UpperTorso"] = CFrame.new(0.000000, 0.000000, 0.000000, 1.000000, -0.000000, 0.000000, 0.000000, 0.996802, 0.079915, -0.000000, -0.079915, 0.996802)

          }},

          {Time = 0.033, Data = {

              ["Head"] = CFrame.new(0.000000, -0.000000, 0.000000, 0.993729, 0.040965, 0.104038, -0.067311, 0.962149, 0.264082, -0.089282, -0.269429, 0.958873),

              ["LeftFoot"] = CFrame.new(-0.000000, 0.009466, -0.000003, 0.999979, -0.004918, -0.004119, 0.004464, 0.994582, -0.103867, 0.004607, 0.103839, 0.994583),

              ["LeftHand"] = CFrame.new(0.000485, 0.022571, 0.000000, 0.879517, 0.407611, -0.245570, -0.339519, 0.899085, 0.276358, 0.333432, -0.159683, 0.929151),

              ["LeftLowerArm"] = CFrame.new(-0.000500, 0.109639, 0.057053, 1.000000, -0.000000, -0.000000, 0.000000, 0.411601, -0.911364, 0.000000, 0.911364, 0.411602),

              ["LeftLowerLeg"] = CFrame.new(-0.000000, 0.045853, -0.006719, 1.000000, -0.000000, 0.000000, 0.000000, 0.930701, 0.365769, -0.000000, -0.365780, 0.930706),

              ["LeftUpperArm"] = CFrame.new(-0.061737, -0.584463, -0.181011, -0.068347, 0.924463, 0.375096, -0.931005, 0.076021, -0.357003, -0.358551, -0.373616, 0.855484),

              ["LeftUpperLeg"] = CFrame.new(0.000000, -0.000000, -0.000100, 0.988150, 0.043198, 0.147286, -0.013078, 0.979786, -0.199606, -0.152932, 0.195330, 0.968744),

              ["LowerTorso"] = CFrame.new(0.000006, -0.042664, 0.000000, 1.000000, -0.000014, 0.000003, 0.000014, 1.000000, 0.000000, -0.000003, -0.000000, 1.000000),

              ["RightFoot"] = CFrame.new(-0.000000, 0.034458, -0.000100, 0.935664, 0.188685, 0.298234, -0.120436, 0.965055, -0.232736, -0.331706, 0.181840, 0.925684),

              ["RightHand"] = CFrame.new(-0.000485, 0.023272, -0.000000, 0.999114, 0.036522, -0.020899, -0.041973, 0.829800, -0.556484, -0.002983, 0.556865, 0.830596),

              ["RightLowerArm"] = CFrame.new(-0.000001, 0.113533, 0.065226, 1.000000, 0.000000, 0.000000, -0.000000, 0.326833, -0.945082, -0.000000, 0.945082, 0.326834),

              ["RightLowerLeg"] = CFrame.new(-0.000000, 0.121734, -0.125475, 1.000000, 0.000000, 0.000000, -0.000000, -0.300775, 0.953693, 0.000000, -0.953695, -0.300783),

              ["RightUpperArm"] = CFrame.new(0.278621, -0.444348, -0.306843, -0.349755, -0.905794, 0.239184, 0.709208, -0.422814, -0.564139, 0.612124, -0.027680, 0.790277),

              ["RightUpperLeg"] = CFrame.new(0.000000, -0.000000, -0.000000, 0.916940, -0.349967, 0.191683, 0.355489, 0.934662, 0.005960, -0.181243, 0.062697, 0.981439),

              ["UpperTorso"] = CFrame.new(0.000000, 0.000000, 0.000000, 0.999998, -0.000122, 0.001893, -0.000022, 0.997089, 0.076253, -0.001897, -0.076252, 0.997087)

          }},

          {Time = 0.067, Data = {

              ["Head"] = CFrame.new(-0.000000, -0.000000, 0.000000, 0.997200, 0.034323, 0.066434, -0.048367, 0.973623, 0.222978, -0.057028, -0.225567, 0.972557),

              ["LeftFoot"] = CFrame.new(-0.000000, 0.009248, -0.000003, 0.999980, -0.004906, -0.004042, 0.004483, 0.995096, -0.098823, 0.004507, 0.098796, 0.995097),

              ["LeftHand"] = CFrame.new(0.000486, 0.022787, 0.000000, 0.902348, 0.360141, -0.236787, -0.296866, 0.917605, 0.264335, 0.312472, -0.168225, 0.934911),

              ["LeftLowerArm"] = CFrame.new(-0.000500, 0.111039, 0.059939, 1.000000, -0.000000, -0.000000, 0.000000, 0.381720, -0.924278, 0.000000, 0.924278, 0.381720),

              ["LeftLowerLeg"] = CFrame.new(0.000000, 0.044651, -0.006334, 1.000000, -0.000000, -0.000000, 0.000000, 0.934613, 0.355655, -0.000000, -0.355666, 0.934617),

              ["LeftUpperArm"] = CFrame.new(-0.084511, -0.574070, -0.209795, -0.104968, 0.926366, 0.361702, -0.907715, 0.059328, -0.415371, -0.406245, -0.371922, 0.834649),

              ["LeftUpperLeg"] = CFrame.new(0.000000, -0.000000, -0.000100, 0.988165, 0.042350, 0.147432, -0.013100, 0.980921, -0.193951, -0.152833, 0.189740, 0.969869),

              ["LowerTorso"] = CFrame.new(0.000022, -0.039328, 0.000000, 1.000000, -0.000054, 0.000028, 0.000054, 1.000000, 0.000000, -0.000028, -0.000000, 1.000000),

              ["RightFoot"] = CFrame.new(-0.000000, 0.034351, -0.000100, 0.937360, 0.201153, 0.284436, -0.145544, 0.967907, -0.204878, -0.316501, 0.150645, 0.936547),

              ["RightHand"] = CFrame.new(-0.000485, 0.023513, 0.000000, 0.998214, 0.052623, -0.028278, -0.059510, 0.834460, -0.547849, -0.005233, 0.548550, 0.836099),

              ["RightLowerArm"] = CFrame.new(-0.000000, 0.114391, 0.067325, 1.000000, 0.000000, 0.000000, -0.000000, 0.305020, -0.952346, -0.000000, 0.952346, 0.305020),

              ["RightLowerLeg"] = CFrame.new(0.000000, 0.122317, -0.123585, 1.000000, 0.000000, 0.000000, -0.000000, -0.281088, 0.959680, 0.000000, -0.959682, -0.281095),

              ["RightUpperArm"] = CFrame.new(0.274507, -0.427382, -0.325099, -0.341553, -0.912545, 0.224949, 0.684461, -0.405531, -0.605853, 0.644092, -0.052962, 0.763112),

              ["RightUpperLeg"] = CFrame.new(0.000000, -0.000000, -0.000000, 0.920140, -0.328952, 0.212440, 0.355539, 0.929170, -0.101150, -0.164119, 0.168625, 0.971925),

              ["UpperTorso"] = CFrame.new(0.000000, 0.000000, 0.000000, 0.999975, -0.000424, 0.007022, -0.000043, 0.997800, 0.066302, -0.007035, -0.066300, 0.997775)

          }},

          {Time = 0.100, Data = {

              ["Head"] = CFrame.new(0.000000, 0.000000, 0.000000, 0.999490, 0.023592, 0.021511, -0.026947, 0.984714, 0.172081, -0.017123, -0.172573, 0.984848),

              ["LeftFoot"] = CFrame.new(-0.000000, 0.008905, -0.000003, 0.999980, -0.004889, -0.003918, 0.004513, 0.995856, -0.090839, 0.004345, 0.090814, 0.995858),

              ["LeftHand"] = CFrame.new(0.000485, 0.023133, -0.000000, 0.932360, 0.284844, -0.222642, -0.227899, 0.941127, 0.249686, 0.280654, -0.182054, 0.942384),

              ["LeftLowerArm"] = CFrame.new(-0.000500, 0.112532, 0.063157, 1.000000, -0.000000, -0.000000, 0.000000, 0.348334, -0.937370, 0.000000, 0.937370, 0.348334),

              ["LeftLowerLeg"] = CFrame.new(0.000000, 0.042745, -0.005747, 1.000000, -0.000000, 0.000000, 0.000000, 0.940566, 0.339599, -0.000000, -0.339611, 0.940570),

              ["LeftUpperArm"] = CFrame.new(-0.115149, -0.553255, -0.255847, -0.152680, 0.933289, 0.325054, -0.862273, 0.034907, -0.505239, -0.482880, -0.357425, 0.799421),

              ["LeftUpperLeg"] = CFrame.new(-0.000000, -0.000000, -0.000100, 0.988194, 0.041009, 0.147620, -0.013138, 0.982644, -0.185020, -0.152646, 0.180911, 0.971584),

              ["LowerTorso"] = CFrame.new(0.000047, -0.034412, 0.000000, 1.000000, -0.000118, 0.000094, 0.000118, 1.000000, 0.000001, -0.000094, -0.000001, 1.000000),

              ["RightFoot"] = CFrame.new(0.000000, 0.034022, -0.000100, 0.940333, 0.217343, 0.261812, -0.179392, 0.970459, -0.161331, -0.289125, 0.104741, 0.951539),

              ["RightHand"] = CFrame.new(-0.000484, 0.023815, -0.000000, 0.996016, 0.080233, -0.038930, -0.088598, 0.840518, -0.534494, -0.010163, 0.535811, 0.844275),

              ["RightLowerArm"] = CFrame.new(-0.000000, 0.115393, 0.069967, 1.000000, 0.000000, 0.000000, -0.000000, 0.277543, -0.960713, -0.000000, 0.960713, 0.277543),

              ["RightLowerLeg"] = CFrame.new(0.000000, 0.123749, -0.117948, 1.000000, 0.000000, 0.000000, -0.000000, -0.222320, 0.974972, 0.000000, -0.974974, -0.222329),

              ["RightUpperArm"] = CFrame.new(0.267849, -0.399290, -0.353265, -0.328315, -0.921071, 0.209373, 0.641729, -0.380154, -0.666084, 0.693104, -0.084324, 0.715888),

              ["RightUpperLeg"] = CFrame.new(0.000000, -0.000000, -0.000000, 0.925600, -0.301544, 0.228763, 0.352567, 0.906755, -0.231262, -0.137696, 0.294732, 0.945614),

              ["UpperTorso"] = CFrame.new(0.000000, 0.000000, 0.000000, 0.999894, -0.000785, 0.014563, 0.000032, 0.998667, 0.051610, -0.014584, -0.051604, 0.998561)

          }},

          {Time = 0.133, Data = {

              ["Head"] = CFrame.new(0.000000, -0.000000, 0.000000, 0.999801, 0.011619, -0.016192, -0.009456, 0.991758, 0.127778, 0.017543, -0.127600, 0.991671),

              ["LeftFoot"] = CFrame.new(0.000000, 0.008472, -0.000003, 0.999981, -0.004870, -0.003748, 0.004551, 0.996715, -0.080864, 0.004129, 0.080841, 0.996718),

              ["LeftHand"] = CFrame.new(0.000485, 0.023389, 0.000000, 0.960605, 0.187953, -0.204724, -0.136922, 0.961094, 0.239901, 0.241847, -0.202417, 0.948966),

              ["LeftLowerArm"] = CFrame.new(-0.000499, 0.113498, 0.065380, 1.000000, -0.000000, 0.000000, 0.000000, 0.325237, -0.945633, 0.000000, 0.945633, 0.325237),

              ["LeftLowerLeg"] = CFrame.new(0.000000, 0.040347, -0.005053, 1.000000, -0.000000, -0.000000, 0.000000, 0.947599, 0.319449, -0.000000, -0.319462, 0.947604),

              ["LeftUpperArm"] = CFrame.new(-0.144898, -0.518942, -0.315966, -0.195051, 0.947483, 0.253439, -0.788812, 0.002019, -0.614632, -0.582865, -0.319799, 0.746992),

              ["LeftUpperLeg"] = CFrame.new(0.000000, -0.000000, -0.000100, 0.988238, 0.039339, 0.147777, -0.013193, 0.984675, -0.173887, -0.152353, 0.169907, 0.973614),

              ["LowerTorso"] = CFrame.new(0.000082, -0.028443, 0.000001, 1.000000, -0.000206, 0.000222, 0.000206, 1.000000, 0.000002, -0.000222, -0.000002, 1.000000),

              ["RightFoot"] = CFrame.new(-0.000000, 0.033379, -0.000101, 0.944232, 0.234342, 0.231335, -0.213115, 0.970446, -0.113209, -0.251014, 0.057602, 0.966265),

              ["RightHand"] = CFrame.new(-0.000484, 0.023999, 0.000000, 0.991584, 0.119023, -0.050933, -0.128155, 0.846648, -0.516495, -0.018352, 0.518673, 0.854774),

              ["RightLowerArm"] = CFrame.new(-0.000000, 0.116191, 0.072456, 1.000000, 0.000000, -0.000000, -0.000000, 0.251713, -0.967802, -0.000000, 0.967802, 0.251713),

              ["RightLowerLeg"] = CFrame.new(0.000000, 0.125525, -0.106611, 1.000000, 0.000000, 0.000000, -0.000000, -0.104257, 0.994549, 0.000000, -0.994550, -0.104268),

              ["RightUpperArm"] = CFrame.new(0.258852, -0.360058, -0.388425, -0.310474, -0.929410, 0.199506, 0.579463, -0.351421, -0.735341, 0.753544, -0.112698, 0.647666),

              ["RightUpperLeg"] = CFrame.new(0.000000, -0.000000, -0.000000, 0.932798, -0.278612, 0.228607, 0.344581, 0.875328, -0.339190, -0.105603, 0.395192, 0.912518),

              ["UpperTorso"] = CFrame.new(-0.000000, 0.000000, 0.000000, 0.999719, -0.001090, 0.023688, 0.000290, 0.999431, 0.033734, -0.023712, -0.033717, 0.999150)

          }},

          {Time = 0.167, Data = {

              ["Head"] = CFrame.new(-0.000000, 0.000000, 0.000000, 0.999452, 0.003649, -0.032895, -0.000086, 0.994187, 0.107668, 0.033097, -0.107607, 0.993643),

              ["LeftFoot"] = CFrame.new(-0.000000, 0.007976, -0.000003, 0.999982, -0.004851, -0.003536, 0.004593, 0.997563, -0.069627, 0.003865, 0.069607, 0.997567),

              ["LeftHand"] = CFrame.new(0.000485, 0.023423, 0.000000, 0.979005, 0.081931, -0.186650, -0.034937, 0.969561, 0.242346, 0.200823, -0.230735, 0.952066),

              ["LeftLowerArm"] = CFrame.new(-0.000499, 0.113619, 0.065671, 1.000000, -0.000000, -0.000000, 0.000000, 0.322220, -0.946665, 0.000000, 0.946665, 0.322220),

              ["LeftLowerLeg"] = CFrame.new(0.000000, 0.037626, -0.004324, 1.000000, -0.000000, -0.000000, 0.000000, 0.954982, 0.296652, -0.000000, -0.296665, 0.954986),

              ["LeftUpperArm"] = CFrame.new(-0.163924, -0.471346, -0.383420, -0.213491, 0.966239, 0.144237, -0.688058, -0.043902, -0.724326, -0.693540, -0.253880, 0.674201),

              ["LeftUpperLeg"] = CFrame.new(0.000000, -0.000000, -0.000100, 0.988301, 0.037467, 0.147841, -0.013266, 0.986800, -0.161388, -0.151936, 0.157552, 0.975755),

              ["LowerTorso"] = CFrame.new(0.000125, -0.021946, 0.000001, 1.000000, -0.000313, 0.000434, 0.000313, 1.000000, 0.000003, -0.000434, -0.000003, 1.000000),

              ["RightFoot"] = CFrame.new(0.000000, 0.032172, -0.000101, 0.948193, 0.250590, 0.195292, -0.241063, 0.967871, -0.071516, -0.206928, 0.020742, 0.978134),

              ["RightHand"] = CFrame.new(-0.000484, 0.024096, -0.000000, 0.984126, 0.166547, -0.061300, -0.174905, 0.851698, -0.493986, -0.030062, 0.496863, 0.867306),

              ["RightLowerArm"] = CFrame.new(-0.000000, 0.116689, 0.074220, 1.000000, 0.000000, 0.000000, -0.000000, 0.233429, -0.972374, -0.000000, 0.972374, 0.233429),

              ["RightLowerLeg"] = CFrame.new(0.000000, 0.125348, -0.089019, 1.000000, 0.000000, 0.000000, -0.000000, 0.078861, 0.996887, 0.000000, -0.996886, 0.078847),

              ["RightUpperArm"] = CFrame.new(0.247616, -0.310997, -0.426469, -0.288260, -0.936230, 0.200947, 0.498765, -0.325943, -0.803116, 0.817398, -0.131281, 0.560915),

              ["RightUpperLeg"] = CFrame.new(-0.000000, -0.000000, -0.000000, 0.940459, -0.267772, 0.209364, 0.332113, 0.855040, -0.398234, -0.072378, 0.444078, 0.893071),

              ["UpperTorso"] = CFrame.new(0.000000, -0.000000, -0.000000, 0.999436, -0.001262, 0.033565, 0.000784, 0.999898, 0.014242, -0.033579, -0.014207, 0.999335)

          }},

          {Time = 0.200, Data = {

              ["Head"] = CFrame.new(0.000000, 0.000000, -0.000000, 0.999403, -0.000087, -0.034543, 0.003740, 0.994391, 0.105703, 0.034340, -0.105769, 0.993798),

              ["LeftFoot"] = CFrame.new(-0.000000, 0.007465, -0.000003, 0.999983, -0.004835, -0.003284, 0.004636, 0.998290, -0.058281, 0.003560, 0.058263, 0.998295),

              ["LeftHand"] = CFrame.new(0.000485, 0.023207, 0.000000, 0.984748, -0.017014, -0.173155, 0.062309, 0.963686, 0.259669, 0.162447, -0.266495, 0.950047),

              ["LeftLowerArm"] = CFrame.new(-0.000500, 0.112814, 0.063792, 1.000000, -0.000000, -0.000000, 0.000000, 0.341737, -0.939796, 0.000000, 0.939796, 0.341737),

              ["LeftLowerLeg"] = CFrame.new(0.000000, 0.034855, -0.003646, 1.000000, -0.000000, 0.000000, 0.000000, 0.961855, 0.273547, -0.000000, -0.273561, 0.961859),

              ["LeftUpperArm"] = CFrame.new(-0.165369, -0.415744, -0.449086, -0.195354, 0.980690, 0.009114, -0.570856, -0.106149, -0.814160, -0.797471, -0.164252, 0.580570),

              ["LeftUpperLeg"] = CFrame.new(-0.000000, -0.000000, -0.000100, 0.988386, 0.035591, 0.147740, -0.013357, 0.988771, -0.148825, -0.151378, 0.145137, 0.977765),

              ["LowerTorso"] = CFrame.new(0.000176, -0.015450, 0.000002, 1.000000, -0.000440, 0.000750, 0.000440, 1.000000, 0.000006, -0.000750, -0.000005, 1.000000),

              ["RightFoot"] = CFrame.new(-0.000000, 0.029900, -0.000102, 0.951440, 0.264976, 0.156693, -0.262359, 0.964240, -0.037540, -0.161028, -0.005387, 0.986934),

              ["RightHand"] = CFrame.new(-0.000484, 0.024138, 0.000000, 0.973567, 0.218567, -0.066306, -0.223803, 0.854912, -0.468017, -0.045607, 0.470482, 0.881229),

              ["RightLowerArm"] = CFrame.new(-0.000001, 0.116899, 0.075002, 1.000000, 0.000000, 0.000000, -0.000000, 0.225325, -0.974284, -0.000000, 0.974284, 0.225324),

              ["RightLowerLeg"] = CFrame.new(-0.000000, 0.119622, -0.066591, 1.000000, 0.000000, 0.000000, -0.000000, 0.312187, 0.950026, 0.000000, -0.950021, 0.312172),

              ["RightUpperArm"] = CFrame.new(0.233969, -0.255575, -0.463029, -0.261359, -0.940805, 0.215817, 0.405050, -0.309849, -0.860191, 0.876143, -0.137402, 0.462055),

              ["RightUpperLeg"] = CFrame.new(0.000000, -0.000000, -0.000000, 0.947322, -0.268618, 0.174424, 0.317645, 0.857722, -0.404223, -0.041025, 0.438357, 0.897875),

              ["UpperTorso"] = CFrame.new(-0.000000, 0.000000, 0.000000, 0.999059, -0.001282, 0.043352, 0.001512, 0.999985, -0.005279, -0.043345, 0.005340, 0.999046)

          }},

          {Time = 0.233, Data = {

              ["Head"] = CFrame.new(-0.000000, 0.000000, -0.000000, 0.999349, -0.003249, -0.035931, 0.006974, 0.994549, 0.104035, 0.035397, -0.104218, 0.993924),

              ["LeftFoot"] = CFrame.new(0.000000, 0.006956, -0.000003, 0.999984, -0.004824, -0.002996, 0.004678, 0.998875, -0.047189, 0.003220, 0.047174, 0.998882),

              ["LeftHand"] = CFrame.new(0.000485, 0.022813, -0.000000, 0.981199, -0.096518, -0.167131, 0.142274, 0.946863, 0.288462, 0.130407, -0.306813, 0.942792),

              ["LeftLowerArm"] = CFrame.new(-0.000499, 0.111220, 0.060337, 1.000000, -0.000000, -0.000000, 0.000000, 0.377609, -0.925965, 0.000000, 0.925965, 0.377609),

              ["LeftLowerLeg"] = CFrame.new(0.000000, 0.032131, -0.003038, 1.000000, -0.000000, -0.000000, 0.000000, 0.968005, 0.250915, -0.000000, -0.250930, 0.968009),

              ["LeftUpperArm"] = CFrame.new(-0.149169, -0.360398, -0.505065, -0.141593, 0.981480, -0.129029, -0.454022, -0.180211, -0.872576, -0.879668, -0.064968, 0.471130),

              ["LeftUpperLeg"] = CFrame.new(0.000000, -0.000000, -0.000100, 0.988494, 0.033779, 0.147439, -0.013468, 0.990529, -0.136627, -0.150658, 0.133083, 0.979589),

              ["LowerTorso"] = CFrame.new(0.000233, -0.009481, 0.000003, 0.999999, -0.000583, 0.001190, 0.000583, 1.000000, 0.000009, -0.001190, -0.000008, 0.999999),

              ["RightFoot"] = CFrame.new(0.000000, 0.025245, -0.000103, 0.953680, 0.276360, 0.118830, -0.277792, 0.960630, -0.004673, -0.115436, -0.028552, 0.992904),

              ["RightHand"] = CFrame.new(-0.000484, 0.024133, -0.000000, 0.960534, 0.271023, -0.062621, -0.270223, 0.855759, -0.441200, -0.065986, 0.440707, 0.895221),

              ["RightLowerArm"] = CFrame.new(-0.000001, 0.116877, 0.074919, 1.000000, 0.000000, -0.000000, -0.000000, 0.226177, -0.974086, -0.000000, 0.974086, 0.226177),

              ["RightLowerLeg"] = CFrame.new(-0.000000, 0.104543, -0.042744, 1.000000, 0.000000, 0.000000, -0.000000, 0.560200, 0.828364, 0.000000, -0.828358, 0.560190),

              ["RightUpperArm"] = CFrame.new(0.217319, -0.198933, -0.495020, -0.228609, -0.942967, 0.241973, 0.307084, -0.305714, -0.901243, 0.923817, -0.131726, 0.359459),

              ["RightUpperLeg"] = CFrame.new(-0.000000, -0.000000, -0.000000, 0.952682, -0.275665, 0.128081, 0.303722, 0.880283, -0.364472, -0.012274, 0.386149, 0.922364),

              ["UpperTorso"] = CFrame.new(0.000000, 0.000000, 0.000000, 0.998636, -0.001191, 0.052209, 0.002407, 0.999727, -0.023238, -0.052167, 0.023332, 0.998366)

          }},

          {Time = 0.267, Data = {

              ["Head"] = CFrame.new(-0.000000, -0.000000, 0.000000, 0.999295, -0.005886, -0.037084, 0.009668, 0.994672, 0.102642, 0.036282, -0.102928, 0.994027),

              ["LeftFoot"] = CFrame.new(0.000000, 0.006526, -0.000003, 0.999985, -0.004821, -0.002673, 0.004717, 0.999267, -0.038001, 0.002854, 0.037989, 0.999274),

              ["LeftHand"] = CFrame.new(0.000485, 0.022505, 0.000000, 0.973892, -0.153910, -0.166871, 0.201517, 0.924580, 0.323334, 0.104520, -0.348516, 0.931456),

              ["LeftLowerArm"] = CFrame.new(-0.000500, 0.109377, 0.056586, 1.000000, -0.000000, -0.000000, 0.000000, 0.416458, -0.909155, 0.000000, 0.909155, 0.416459),

              ["LeftLowerLeg"] = CFrame.new(-0.000000, 0.029868, -0.002578, 1.000000, -0.000000, -0.000000, 0.000000, 0.972661, 0.232216, -0.000000, -0.232231, 0.972664),

              ["LeftUpperArm"] = CFrame.new(-0.122368, -0.312660, -0.547570, -0.067366, 0.967039, -0.245556, -0.352552, -0.253310, -0.900856, -0.933364, 0.025883, 0.357996),

              ["LeftUpperLeg"] = CFrame.new(0.000000, -0.000000, -0.000100, 0.988629, 0.032312, 0.146865, -0.013599, 0.991851, -0.126665, -0.149761, 0.123240, 0.981013),

              ["LowerTorso"] = CFrame.new(0.000297, -0.004565, 0.000005, 0.999998, -0.000742, 0.001777, 0.000742, 1.000000, 0.000014, -0.001777, -0.000012, 0.999998),

              ["RightFoot"] = CFrame.new(0.000000, 0.016544, -0.000103, 0.954992, 0.284055, 0.085468, -0.287598, 0.957209, 0.032214, -0.072655, -0.055345, 0.995820),

              ["RightHand"] = CFrame.new(-0.000484, 0.024107, 0.000000, 0.945428, 0.322206, -0.048478, -0.312251, 0.853432, -0.417320, -0.093090, 0.409680, 0.907466),

              ["RightLowerArm"] = CFrame.new(-0.000000, 0.116744, 0.074420, 1.000000, 0.000000, 0.000000, -0.000000, 0.231353, -0.972870, -0.000000, 0.972870, 0.231353),

              ["RightLowerLeg"] = CFrame.new(-0.000000, 0.078453, -0.022373, 1.000000, 0.000000, 0.000000, -0.000000, 0.771785, 0.635884, 0.000000, -0.635883, 0.771784),

              ["RightUpperArm"] = CFrame.new(0.196641, -0.146367, -0.521420, -0.187988, -0.943283, 0.273637, 0.213933, -0.311241, -0.925939, 0.958589, -0.115525, 0.260308),

              ["RightUpperLeg"] = CFrame.new(-0.000000, -0.000000, -0.000000, 0.956288, -0.282537, 0.075397, 0.292065, 0.910001, -0.294255, 0.014527, 0.303433, 0.952748),

              ["UpperTorso"] = CFrame.new(0.000000, 0.000000, 0.000000, 0.998240, -0.001087, 0.059296, 0.003348, 0.999270, -0.038043, -0.059211, 0.038175, 0.997515)

          }},

          {Time = 0.300, Data = {

              ["Head"] = CFrame.new(-0.000000, -0.000000, -0.000000, 0.999245, -0.008044, -0.038024, 0.011870, 0.994765, 0.101499, 0.037008, -0.101874, 0.994109),

              ["LeftFoot"] = CFrame.new(-0.000000, 0.006215, -0.000003, 0.999986, -0.004829, -0.002319, 0.004754, 0.999496, -0.031391, 0.002469, 0.031381, 0.999505),

              ["LeftHand"] = CFrame.new(0.000485, 0.022192, -0.000000, 0.966499, -0.196166, -0.165526, 0.244608, 0.899330, 0.362456, 0.077761, -0.390799, 0.917184),

              ["LeftLowerArm"] = CFrame.new(-0.000500, 0.108100, 0.054381, 1.000000, -0.000000, -0.000000, 0.000000, 0.439375, -0.898303, 0.000000, 0.898304, 0.439375),

              ["LeftLowerLeg"] = CFrame.new(0.000000, 0.028253, -0.002274, 1.000000, -0.000000, 0.000000, 0.000000, 0.975739, 0.218922, -0.000000, -0.218938, 0.975742),

              ["LeftUpperArm"] = CFrame.new(-0.096550, -0.277179, -0.577487, 0.003080, 0.946832, -0.321715, -0.276035, -0.308412, -0.910323, -0.961143, 0.091609, 0.260409),

              ["LeftUpperLeg"] = CFrame.new(-0.000000, -0.000000, -0.000100, 0.988792, 0.031303, 0.145983, -0.013751, 0.992712, -0.119714, -0.148666, 0.116377, 0.982017),

              ["LowerTorso"] = CFrame.new(0.000366, -0.001229, 0.000007, 0.999996, -0.000914, 0.002530, 0.000914, 1.000000, 0.000020, -0.002530, -0.000018, 0.999997),

              ["RightFoot"] = CFrame.new(-0.000000, 0.010165, -0.000103, 0.955567, 0.288379, 0.061075, -0.292939, 0.952100, 0.087714, -0.032853, -0.101702, 0.994272),

              ["RightHand"] = CFrame.new(-0.000484, 0.024093, -0.000000, 0.927356, 0.373399, -0.024176, -0.351243, 0.846418, -0.400258, -0.128992, 0.379671, 0.916084),

              ["RightLowerArm"] = CFrame.new(-0.000001, 0.116677, 0.074174, 1.000000, 0.000000, 0.000000, -0.000000, 0.233906, -0.972259, -0.000000, 0.972259, 0.233906),

              ["RightLowerLeg"] = CFrame.new(-0.000000, 0.048445, -0.007766, 1.000000, 0.000000, 0.000000, -0.000000, 0.921090, 0.389341, 0.000000, -0.389351, 0.921094),

              ["RightUpperArm"] = CFrame.new(0.170714, -0.102123, -0.542720, -0.137083, -0.943124, 0.302862, 0.132572, -0.320466, -0.937937, 0.981648, -0.088425, 0.168962),

              ["RightUpperLeg"] = CFrame.new(0.000000, -0.000000, -0.000000, 0.958026, -0.286130, 0.017768, 0.283794, 0.937777, -0.200074, 0.040585, 0.196734, 0.979620),

              ["UpperTorso"] = CFrame.new(-0.000000, 0.000000, 0.000000, 0.997964, -0.001100, 0.063777, 0.004176, 0.998833, -0.048110, -0.063650, 0.048279, 0.996804)

          }},

          {Time = 0.333, Data = {

              ["Head"] = CFrame.new(0.000000, -0.000000, 0.000000, 0.999200, -0.009772, -0.038775, 0.013633, 0.994835, 0.100583, 0.037592, -0.101031, 0.994173),

              ["LeftFoot"] = CFrame.new(-0.000000, 0.006104, -0.000003, 0.999986, -0.004850, -0.001936, 0.004792, 0.999572, -0.028842, 0.002075, 0.028834, 0.999582),

              ["LeftHand"] = CFrame.new(0.000485, 0.022344, 0.000000, 0.959651, -0.236211, -0.152559, 0.278791, 0.870007, 0.406653, 0.036671, -0.432774, 0.900755),

              ["LeftLowerArm"] = CFrame.new(-0.000500, 0.108729, 0.055451, 1.000000, -0.000000, -0.000000, 0.000000, 0.428251, -0.903660, 0.000000, 0.903660, 0.428252),

              ["LeftLowerLeg"] = CFrame.new(-0.000000, 0.027677, -0.002171, 1.000000, -0.000000, -0.000000, 0.000000, 0.976788, 0.214190, 0.000000, -0.214206, 0.976792),

              ["LeftUpperArm"] = CFrame.new(-0.084924, -0.256856, -0.598981, 0.042255, 0.936419, -0.348330, -0.230565, -0.330091, -0.915358, -0.972139, 0.118992, 0.201958),

              ["LeftUpperLeg"] = CFrame.new(0.000000, -0.000000, -0.000100, 0.988985, 0.030991, 0.144732, -0.013925, 0.992978, -0.117462, -0.147357, 0.114165, 0.982474),

              ["LowerTorso"] = CFrame.new(0.000439, 0.000000, 0.000010, 0.999993, -0.001097, 0.003470, 0.001097, 0.999999, 0.000028, -0.003470, -0.000024, 0.999994),

              ["RightFoot"] = CFrame.new(-0.000000, 0.005821, -0.000103, 0.955505, 0.290594, 0.050659, -0.294869, 0.945608, 0.137412, -0.007974, -0.146221, 0.989218),

              ["RightHand"] = CFrame.new(-0.000484, 0.024133, -0.000000, 0.903881, 0.427708, 0.008046, -0.390390, 0.832415, -0.393297, -0.174913, 0.352350, 0.919376),

              ["RightLowerArm"] = CFrame.new(-0.000001, 0.116874, 0.074911, 1.000000, 0.000000, 0.000000, -0.000000, 0.226266, -0.974066, -0.000000, 0.974066, 0.226266),

              ["RightLowerLeg"] = CFrame.new(-0.000000, 0.025015, -0.001855, 1.000000, 0.000000, -0.000000, -0.000000, 0.980991, 0.194037, 0.000000, -0.194053, 0.980994),

              ["RightUpperArm"] = CFrame.new(0.138566, -0.069364, -0.559792, -0.073977, -0.944122, 0.321187, 0.067807, -0.326087, -0.942905, 0.994952, -0.047975, 0.088140),

              ["RightUpperLeg"] = CFrame.new(-0.000000, -0.000000, -0.000000, 0.957642, -0.286175, -0.032023, 0.280006, 0.951368, -0.128428, 0.067219, 0.114033, 0.991202),

              ["UpperTorso"] = CFrame.new(0.000000, 0.000000, 0.000000, 0.997896, -0.001356, 0.064815, 0.004725, 0.998644, -0.051855, -0.064656, 0.052052, 0.996549)

          }},

          {Time = 0.367, Data = {

              ["Head"] = CFrame.new(-0.000000, -0.000000, 0.000000, 0.999163, -0.011118, -0.039358, 0.015004, 0.994887, 0.099869, 0.038047, -0.100376, 0.994222),

              ["LeftFoot"] = CFrame.new(-0.000000, 0.006799, -0.000003, 0.999987, -0.004918, -0.001554, 0.004848, 0.999070, -0.042846, 0.001763, 0.042838, 0.999080),

              ["LeftHand"] = CFrame.new(0.000485, 0.022861, -0.000000, 0.951514, -0.278552, -0.130498, 0.306883, 0.830575, 0.464728, -0.021062, -0.482239, 0.875784),

              ["LeftLowerArm"] = CFrame.new(-0.000500, 0.111443, 0.060809, 1.000000, -0.000000, -0.000000, 0.000000, 0.372708, -0.927948, 0.000000, 0.927949, 0.372708),

              ["LeftLowerLeg"] = CFrame.new(-0.000000, 0.031300, -0.002865, 1.000000, -0.000000, -0.000000, 0.000000, 0.969764, 0.244031, -0.000000, -0.244046, 0.969767),

              ["LeftUpperArm"] = CFrame.new(-0.086671, -0.252675, -0.615790, 0.051701, 0.943985, -0.325912, -0.218187, -0.307788, -0.926100, -0.974537, 0.118990, 0.190053),

              ["LeftUpperLeg"] = CFrame.new(0.000000, -0.000000, -0.000100, 0.989204, 0.033429, 0.142682, -0.014156, 0.990879, -0.133999, -0.145860, 0.130546, 0.980656),

              ["LowerTorso"] = CFrame.new(0.000496, -0.007387, 0.000013, 0.999989, -0.001289, 0.004598, 0.001288, 0.999999, 0.000034, -0.004598, -0.000028, 0.999989),

              ["RightFoot"] = CFrame.new(-0.000000, 0.004165, -0.000103, 0.954926, 0.292621, 0.049895, -0.296821, 0.943357, 0.148255, -0.003689, -0.156366, 0.987690),

              ["RightHand"] = CFrame.new(-0.000484, 0.024797, -0.000000, 0.864041, 0.501434, 0.044694, -0.440837, 0.796508, -0.413811, -0.243097, 0.337845, 0.909265),

              ["RightLowerArm"] = CFrame.new(-0.000001, 0.119015, 0.084897, 1.000000, 0.000000, -0.000000, -0.000000, 0.122604, -0.992456, -0.000000, 0.992456, 0.122604),

              ["RightLowerLeg"] = CFrame.new(-0.000000, 0.016991, -0.000809, 1.000000, 0.000000, 0.000000, -0.000000, 0.991593, 0.129378, -0.000000, -0.129395, 0.991595),

              ["RightUpperArm"] = CFrame.new(0.100329, -0.061454, -0.572474, 0.000904, -0.967440, 0.253097, 0.039175, -0.252869, -0.966707, 0.999232, 0.010788, 0.037670),

              ["RightUpperLeg"] = CFrame.new(0.000000, -0.000000, -0.000000, 0.955388, -0.288226, -0.064489, 0.279511, 0.952877, -0.117883, 0.095428, 0.094609, 0.990931),

              ["UpperTorso"] = CFrame.new(-0.000000, -0.000000, 0.000000, 0.997969, -0.001760, 0.063674, 0.005065, 0.998645, -0.051785, -0.063497, 0.052003, 0.996626)

          }},

          {Time = 0.400, Data = {

              ["Head"] = CFrame.new(-0.000000, 0.000000, 0.000000, 0.999134, -0.012129, -0.039796, 0.016035, 0.994925, 0.099332, 0.038389, -0.099884, 0.994258),

              ["LeftFoot"] = CFrame.new(0.000000, 0.008369, -0.000003, 0.999987, -0.005048, -0.001184, 0.004942, 0.997035, -0.076796, 0.001569, 0.076785, 0.997046),

              ["LeftHand"] = CFrame.new(0.000484, 0.023913, 0.000000, 0.941100, -0.320255, -0.108485, 0.326581, 0.777773, 0.537046, -0.087614, -0.540839, 0.836548),

              ["LeftLowerArm"] = CFrame.new(-0.000499, 0.115286, 0.069945, 1.000000, -0.000000, -0.000000, 0.000000, 0.277772, -0.960647, 0.000000, 0.960647, 0.277772),

              ["LeftLowerLeg"] = CFrame.new(-0.000000, 0.039778, -0.004895, 1.000000, -0.000000, -0.000000, 0.000000, 0.949197, 0.314671, -0.000000, -0.314683, 0.949201),

              ["LeftUpperArm"] = CFrame.new(-0.092176, -0.263171, -0.628857, 0.051420, 0.963727, -0.261888, -0.235852, -0.243099, -0.940892, -0.970428, 0.110148, 0.214797),

              ["LeftUpperLeg"] = CFrame.new(0.000000, -0.000000, -0.000100, 0.989445, 0.039057, 0.139546, -0.014456, 0.984792, -0.173119, -0.144186, 0.169289, 0.974965),

              ["LowerTorso"] = CFrame.new(0.000517, -0.026437, 0.000017, 0.999981, -0.001487, 0.005912, 0.001486, 0.999999, 0.000032, -0.005912, -0.000023, 0.999983),

              ["RightFoot"] = CFrame.new(0.000000, 0.004243, -0.000103, 0.954169, 0.294944, 0.050692, -0.299163, 0.944545, 0.135427, -0.007940, -0.144369, 0.989490),

              ["RightHand"] = CFrame.new(-0.000483, 0.025869, 0.000000, 0.805438, 0.588057, 0.073881, -0.482962, 0.723470, -0.493296, -0.343535, 0.361635, 0.866718),

              ["RightLowerArm"] = CFrame.new(-0.000001, 0.119786, 0.105772, 1.000000, 0.000000, -0.000000, -0.000000, -0.094173, -0.995556, -0.000000, 0.995556, -0.094174),

              ["RightLowerLeg"] = CFrame.new(-0.000000, 0.017353, -0.000846, 1.000000, 0.000000, -0.000000, -0.000000, 0.991213, 0.132256, -0.000000, -0.132273, 0.991216),

              ["RightUpperArm"] = CFrame.new(0.063293, -0.092748, -0.580454, 0.072811, -0.995727, 0.056801, 0.070830, -0.051646, -0.996150, 0.994827, 0.076554, 0.066767),

              ["RightUpperLeg"] = CFrame.new(0.000000, -0.000000, -0.000000, 0.951955, -0.293433, -0.087632, 0.279648, 0.949575, -0.141778, 0.124817, 0.110470, 0.986012),

              ["UpperTorso"] = CFrame.new(0.000000, -0.000000, -0.000000, 0.998063, -0.002153, 0.062178, 0.005362, 0.998659, -0.051488, -0.061984, 0.051722, 0.996736)

          }},

          {Time = 0.433, Data = {

              ["Head"] = CFrame.new(0.000000, 0.000000, -0.000000, 0.999113, -0.012854, -0.040109, 0.016773, 0.994951, 0.098947, 0.038635, -0.099532, 0.994284),

              ["LeftFoot"] = CFrame.new(0.000000, 0.010163, -0.000003, 0.999986, -0.005206, -0.000801, 0.005075, 0.992988, -0.118120, 0.001411, 0.118105, 0.992999),

              ["LeftHand"] = CFrame.new(0.000484, 0.024637, 0.000000, 0.928399, -0.361384, -0.086474, 0.335924, 0.716780, 0.611053, -0.158840, -0.596346, 0.786852),

              ["LeftLowerArm"] = CFrame.new(-0.000500, 0.118401, 0.082166, 1.000000, -0.000000, 0.000000, 0.000000, 0.151025, -0.988530, 0.000000, 0.988530, 0.151024),

              ["LeftLowerLeg"] = CFrame.new(-0.000000, 0.049750, -0.008061, 1.000000, -0.000000, 0.000000, 0.000000, 0.917082, 0.398690, -0.000000, -0.398699, 0.917086),

              ["LeftUpperArm"] = CFrame.new(-0.098664, -0.287969, -0.637252, 0.047188, 0.986222, -0.158553, -0.282811, -0.139044, -0.949044, -0.958014, 0.089624, 0.272353),

              ["LeftUpperLeg"] = CFrame.new(0.000000, -0.000000, -0.000100, 0.989715, 0.045680, 0.135568, -0.014789, 0.975243, -0.220625, -0.142290, 0.216367, 0.965891),

              ["LowerTorso"] = CFrame.new(0.000501, -0.052486, 0.000022, 0.999971, -0.001689, 0.007435, 0.001689, 0.999999, 0.000024, -0.007435, -0.000012, 0.999972),

              ["RightFoot"] = CFrame.new(0.000000, 0.005487, -0.000103, 0.953442, 0.296967, 0.052525, -0.301065, 0.947419, 0.108448, -0.017559, -0.119199, 0.992714),

              ["RightHand"] = CFrame.new(-0.000482, 0.026758, 0.000000, 0.761243, 0.635562, 0.128736, -0.421724, 0.636018, -0.646245, -0.492604, 0.437655, 0.752193),

              ["RightLowerArm"] = CFrame.new(-0.000001, 0.115652, 0.126556, 1.000000, 0.000000, -0.000000, -0.000000, -0.310079, -0.950711, -0.000000, 0.950711, -0.310080),

              ["RightLowerLeg"] = CFrame.new(0.000000, 0.023344, -0.001599, 1.000000, 0.000000, -0.000000, -0.000000, 0.983585, 0.180431, -0.000000, -0.180447, 0.983588),

              ["RightUpperArm"] = CFrame.new(0.035935, -0.188763, -0.576994, 0.124765, -0.969917, -0.209031, 0.216244, 0.232195, -0.948327, 0.968335, 0.073116, 0.238709),

              ["RightUpperLeg"] = CFrame.new(0.000000, -0.000000, -0.000000, 0.947571, -0.302339, -0.103447, 0.279799, 0.941390, -0.188397, 0.154345, 0.149586, 0.976630),

              ["UpperTorso"] = CFrame.new(-0.000000, -0.000000, -0.000000, 0.998176, -0.002536, 0.060320, 0.005619, 0.998683, -0.050988, -0.060111, 0.051234, 0.996876)

          }},

          {Time = 0.467, Data = {

              ["Head"] = CFrame.new(-0.000000, 0.000000, 0.000000, 0.999098, -0.013340, -0.040319, 0.017267, 0.994969, 0.098689, 0.038799, -0.099296, 0.994301),

              ["LeftFoot"] = CFrame.new(0.000000, 0.011842, -0.000003, 0.999986, -0.005359, -0.000376, 0.005233, 0.987398, -0.158183, 0.001219, 0.158166, 0.987410),

              ["LeftHand"] = CFrame.new(0.000483, 0.025510, 0.000000, 0.915256, -0.397173, -0.067538, 0.335730, 0.659261, 0.672803, -0.222692, -0.638458, 0.736733),

              ["LeftLowerArm"] = CFrame.new(-0.000499, 0.119924, 0.095791, 1.000000, -0.000000, 0.000000, 0.000000, 0.009488, -0.999955, 0.000000, 0.999955, 0.009487),

              ["LeftLowerLeg"] = CFrame.new(0.000000, 0.059090, -0.011859, 1.000000, -0.000000, -0.000000, 0.000000, 0.878459, 0.477812, -0.000000, -0.477817, 0.878462),

              ["LeftUpperArm"] = CFrame.new(-0.099572, -0.326378, -0.638484, 0.052352, 0.998393, -0.021708, -0.357686, -0.001549, -0.933841, -0.932373, 0.056653, 0.357029),

              ["LeftUpperLeg"] = CFrame.new(0.000000, -0.000000, -0.000100, 0.990018, 0.051822, 0.131065, -0.015118, 0.963628, -0.266802, -0.140124, 0.262175, 0.954798),

              ["LowerTorso"] = CFrame.new(0.000448, -0.080868, 0.000027, 0.999956, -0.001894, 0.009187, 0.001894, 0.999998, 0.000010, -0.009187, 0.000007, 0.999958),

              ["RightFoot"] = CFrame.new(-0.000000, 0.007033, -0.000103, 0.952935, 0.298155, 0.054933, -0.301824, 0.950070, 0.079195, -0.028578, -0.092038, 0.995345),

              ["RightHand"] = CFrame.new(-0.000482, 0.027239, 0.000000, 0.746732, 0.568407, 0.345411, -0.128488, 0.632809, -0.763575, -0.652597, 0.525801, 0.545569),

              ["RightLowerArm"] = CFrame.new(-0.000002, 0.111267, 0.137609, 1.000000, 0.000000, -0.000000, -0.000000, -0.424942, -0.905220, -0.000000, 0.905220, -0.424944),

              ["RightLowerLeg"] = CFrame.new(-0.000000, 0.031280, -0.003002, 1.000000, 0.000000, 0.000000, -0.000000, 0.969386, 0.245526, 0.000000, -0.245540, 0.969390),

              ["RightUpperArm"] = CFrame.new(0.016282, -0.392561, -0.507181, 0.160689, -0.900014, -0.405160, 0.563983, 0.420605, -0.710644, 0.810001, -0.114311, 0.575179),

              ["RightUpperLeg"] = CFrame.new(0.000000, -0.000000, -0.000000, 0.942566, -0.313613, -0.114967, 0.279434, 0.928911, -0.242971, 0.182994, 0.196903, 0.963197),

              ["UpperTorso"] = CFrame.new(-0.000000, 0.000000, -0.000000, 0.998307, -0.002909, 0.058091, 0.005838, 0.998717, -0.050311, -0.057870, 0.050565, 0.997043)

          }},

          {Time = 0.500, Data = {

              ["Head"] = CFrame.new(0.000000, 0.000000, 0.000000, 0.999089, -0.013634, -0.040446, 0.017567, 0.994979, 0.098532, 0.038899, -0.099153, 0.994312),

              ["LeftFoot"] = CFrame.new(-0.000000, 0.013220, -0.000003, 0.999985, -0.005470, 0.000121, 0.005393, 0.981535, -0.191223, 0.000927, 0.191205, 0.981547),

              ["LeftHand"] = CFrame.new(0.000483, 0.026106, 0.000000, 0.906391, -0.418466, -0.057822, 0.331539, 0.619830, 0.711264, -0.261797, -0.663850, 0.700543),

              ["LeftLowerArm"] = CFrame.new(-0.000499, 0.119373, 0.108947, 1.000000, -0.000000, 0.000000, 0.000000, -0.127135, -0.991885, 0.000000, 0.991885, -0.127136),

              ["LeftLowerLeg"] = CFrame.new(0.000000, 0.066568, -0.015542, 1.000000, -0.000000, 0.000000, 0.000000, 0.840923, 0.541152, -0.000000, -0.541155, 0.840925),

              ["LeftUpperArm"] = CFrame.new(-0.084967, -0.375576, -0.628927, 0.087003, 0.986522, 0.138582, -0.454841, 0.163100, -0.875510, -0.886313, 0.013139, 0.462901),

