return {
["travis idle"] = {
    {Time = 0.000, Data = {
      ["Head"] = CFrame.new(0.000000, 0.000000, 0.000000, 0.995131, -0.005488, 0.098413, 0.003650, 0.999816, 0.018848, -0.098498, -0.018397, 0.994967),
      ["LeftFoot"] = CFrame.new(0.000000, -0.010705, -0.000003, 0.997625, -0.052687, -0.044373, 0.052736, 0.998608, -0.000049, 0.044314, -0.002292, 0.999015),
      ["LeftHand"] = CFrame.new(0.000498, 0.002740, -0.000000, 0.998428, -0.048784, 0.027582, 0.045846, 0.994069, 0.098615, -0.032230, -0.097196, 0.994743),
      ["LeftLowerArm"] = CFrame.new(-0.000500, 0.013408, 0.000576, 1.000000, 0.000000, 0.000000, 0.000000, 0.994000, -0.109378, 0.000000, 0.109378, 0.994000),
      ["LeftLowerLeg"] = CFrame.new(0.000000, -0.010267, -0.000035, 1.000000, 0.000000, 0.000000, 0.000000, 1.000000, 0.000000, 0.000000, 0.000000, 1.000000),
      ["LeftUpperArm"] = CFrame.new(-0.092807, 0.014802, 0.289784, 0.814397, -0.032362, -0.579406, 0.029631, 0.999460, -0.014175, 0.579552, -0.005624, 0.814916),
      ["LeftUpperLeg"] = CFrame.new(0.000000, -0.000000, -0.000100, 0.998895, 0.015539, 0.044355, -0.015528, 0.999879, -0.000604, -0.044359, -0.000086, 0.999016),
      ["LowerTorso"] = CFrame.new(-0.014896, 0.000278, 0.000000, 0.999308, 0.037198, 0.000000, -0.037198, 0.999308, -0.000000, -0.000000, 0.000000, 1.000000),
      ["RightFoot"] = CFrame.new(0.000000, 0.002527, -0.000103, 0.995598, 0.071719, 0.060336, -0.070200, 0.997170, -0.026922, -0.062096, 0.022568, 0.997815),
      ["RightHand"] = CFrame.new(-0.000496, 0.005670, -0.000000, 0.993230, 0.100691, -0.057926, -0.090754, 0.983875, 0.154124, 0.072511, -0.147823, 0.986352),
      ["RightLowerArm"] = CFrame.new(-0.000000, 0.032398, 0.003645, 1.000000, 0.000000, 0.000000, 0.000000, 0.962820, -0.270145, 0.000000, 0.270145, 0.962820),
      ["RightLowerLeg"] = CFrame.new(-0.000000, 0.009756, -0.000244, 1.000000, -0.000000, 0.000000, 0.000000, 0.997346, 0.072807, -0.000000, -0.072807, 0.997346),
      ["RightUpperArm"] = CFrame.new(0.070261, -0.104624, 0.233191, 0.859487, -0.228330, 0.457327, 0.209223, 0.973454, 0.092808, -0.466378, 0.015916, 0.884443),
      ["RightUpperLeg"] = CFrame.new(0.000000, 0.000000, -0.000000, 0.981256, -0.115723, -0.154096, 0.108284, 0.992550, -0.055850, 0.159411, 0.038117, 0.986476),
      ["UpperTorso"] = CFrame.new(0.000000, 0.000000, 0.000000, 0.985558, 0.054575, -0.160305, -0.051384, 0.998391, 0.023987, 0.161356, -0.015404, 0.986776)
    }},
    {Time = 0.017, Data = {
      ["Head"] = CFrame.new(-0.000000, 0.000000, -0.000000, 0.995131, -0.005488, 0.098413, 0.003650, 0.999816, 0.018848, -0.098498, -0.018397, 0.994967),
      ["LeftFoot"] = CFrame.new(-0.000000, -0.010706, -0.000003, 0.997625, -0.052687, -0.044373, 0.052736, 0.998608, -0.000049, 0.044314, -0.002292, 0.999015),
      ["LeftHand"] = CFrame.new(0.000498, 0.002739, 0.000000, 0.998428, -0.048783, 0.027584, 0.045848, 0.994077, 0.098529, -0.032228, -0.097110, 0.994752),
      ["LeftLowerArm"] = CFrame.new(-0.000500, 0.013403, 0.000576, 1.000000, 0.000000, 0.000000, 0.000000, 0.994010, -0.109292, 0.000000, 0.109292, 0.994010),
      ["LeftLowerLeg"] = CFrame.new(0.000000, -0.010268, -0.000035, 1.000000, 0.000000, 0.000000, 0.000000, 1.000000, 0.000000, 0.000000, 0.000000, 1.000000),
      ["LeftUpperArm"] = CFrame.new(-0.092809, 0.014802, 0.289786, 0.814397, -0.032362, -0.579406, 0.029631, 0.999460, -0.014175, 0.579552, -0.005624, 0.814916),
      ["LeftUpperLeg"] = CFrame.new(0.000000, -0.000000, -0.000100, 0.998895, 0.015539, 0.044355, -0.015528, 0.999879, -0.000604, -0.044359, -0.000086, 0.999016),
      ["LowerTorso"] = CFrame.new(-0.014896, 0.000278, 0.000000, 0.999305, 0.037285, 0.000000, -0.037285, 0.999305, -0.000000, -0.000000, 0.000000, 1.000000),
      ["RightFoot"] = CFrame.new(-0.000000, 0.002527, -0.000103, 0.995598, 0.071719, 0.060336, -0.070200, 0.997170, -0.026922, -0.062096, 0.022568, 0.997815),
      ["RightHand"] = CFrame.new(-0.000496, 0.005670, 0.000000, 0.993230, 0.100691, -0.057926, -0.090754, 0.983875, 0.154124, 0.072511, -0.147823, 0.986352),
      ["RightLowerArm"] = CFrame.new(0.000000, 0.032396, 0.003645, 1.000000, 0.000000, 0.000000, 0.000000, 0.962820, -0.270145, 0.000000, 0.270145, 0.962820),
      ["RightLowerLeg"] = CFrame.new(-0.000000, 0.009757, -0.000244, 1.000000, -0.000000, 0.000000, 0.000000, 0.997346, 0.072807, -0.000000, -0.072807, 0.997346),
      ["RightUpperArm"] = CFrame.new(0.070261, -0.104626, 0.233191, 0.859487, -0.228330, 0.457327, 0.209223, 0.973454, 0.092808, -0.466378, 0.015916, 0.884443),
      ["RightUpperLeg"] = CFrame.new(-0.000000, 0.000000, -0.000000, 0.981256, -0.115723, -0.154096, 0.108284, 0.992550, -0.055850, 0.159411, 0.038117, 0.986476),
      ["UpperTorso"] = CFrame.new(-0.000000, 0.000000, 0.000000, 0.985558, 0.054575, -0.160305, -0.051384, 0.998391, 0.023987, 0.161356, -0.015404, 0.986776)
    }},
    {Time = 0.033, Data = {
      ["Head"] = CFrame.new(-0.000000, -0.000000, 0.000000, 0.995131, -0.005488, 0.098413, 0.003650, 0.999816, 0.018848, -0.098498, -0.018397, 0.994967),
      ["LeftFoot"] = CFrame.new(0.000000, -0.010708, -0.000003, 0.997625, -0.052687, -0.044373, 0.052736, 0.998608, -0.000049, 0.044314, -0.002292, 0.999015),
      ["LeftHand"] = CFrame.new(0.000498, 0.002737, 0.000000, 0.998428, -0.048783, 0.027584, 0.045848, 0.994077, 0.098529, -0.032228, -0.097110, 0.994752),
      ["LeftLowerArm"] = CFrame.new(-0.000500, 0.013388, 0.000574, 1.000000, 0.000000, 0.000000, 0.000000, 0.994019, -0.109206, 0.000000, 0.109206, 0.994019),
      ["LeftLowerLeg"] = CFrame.new(0.000000, -0.010270, -0.000035, 1.000000, 0.000000, 0.000000, 0.000000, 1.000000, 0.000000, 0.000000, 0.000000, 1.000000),
      ["LeftUpperArm"] = CFrame.new(-0.092813, 0.014801, 0.289792, 0.814397, -0.032362, -0.579406, 0.029631, 0.999460, -0.014175, 0.579552, -0.005624, 0.814916),
      ["LeftUpperLeg"] = CFrame.new(0.000000, -0.000000, -0.000100, 0.998895, 0.015539, 0.044355, -0.015528, 0.999879, -0.000604, -0.044359, -0.000086, 0.999016),
      ["LowerTorso"] = CFrame.new(-0.014896, 0.000278, 0.000000, 0.999305, 0.037285, 0.000000, -0.037285, 0.999305, -0.000000, -0.000000, 0.000000, 1.000000),
      ["RightFoot"] = CFrame.new(-0.000000, 0.002527, -0.000103, 0.995598, 0.071719, 0.060336, -0.070200, 0.997170, -0.026922, -0.062096, 0.022568, 0.997815),
      ["RightHand"] = CFrame.new(-0.000496, 0.005669, -0.000000, 0.993230, 0.100691, -0.057926, -0.090754, 0.983875, 0.154124, 0.072511, -0.147823, 0.986352),
      ["RightLowerArm"] = CFrame.new(0.000000, 0.032391, 0.003643, 1.000000, 0.000000, 0.000000, 0.000000, 0.962820, -0.270145, 0.000000, 0.270145, 0.962820),
      ["RightLowerLeg"] = CFrame.new(0.000000, 0.009760, -0.000245, 1.000000, -0.000000, 0.000000, 0.000000, 0.997346, 0.072807, -0.000000, -0.072807, 0.997346),
      ["RightUpperArm"] = CFrame.new(0.070263, -0.104632, 0.233191, 0.859487, -0.228309, 0.457337, 0.209244, 0.973457, 0.092725, -0.466368, 0.015999, 0.884446),
      ["RightUpperLeg"] = CFrame.new(0.000000, -0.000000, -0.000000, 0.981256, -0.115723, -0.154096, 0.108284, 0.992550, -0.055850, 0.159411, 0.038117, 0.986476),
      ["UpperTorso"] = CFrame.new(-0.000000, 0.000000, 0.000000, 0.985558, 0.054575, -0.160305, -0.051384, 0.998391, 0.023987, 0.161356, -0.015404, 0.986776)
    }},
    {Time = 0.050, Data = {
      ["Head"] = CFrame.new(-0.000000, 0.000000, 0.000000, 0.995131, -0.005488, 0.098413, 0.003650, 0.999816, 0.018848, -0.098498, -0.018397, 0.994967),
      ["LeftFoot"] = CFrame.new(0.000000, -0.010711, -0.000003, 0.997625, -0.052687, -0.044373, 0.052736, 0.998608, -0.000049, 0.044314, -0.002292, 0.999015),
      ["LeftHand"] = CFrame.new(0.000498, 0.002732, -0.000000, 0.998428, -0.048780, 0.027589, 0.045851, 0.994094, 0.098357, -0.032224, -0.096938, 0.994769),
      ["LeftLowerArm"] = CFrame.new(-0.000500, 0.013362, 0.000572, 1.000000, 0.000000, 0.000000, 0.000000, 0.994047, -0.108949, 0.000000, 0.108949, 0.994047),
      ["LeftLowerLeg"] = CFrame.new(0.000000, -0.010274, -0.000035, 1.000000, 0.000000, 0.000000, 0.000000, 1.000000, 0.000000, 0.000000, 0.000000, 1.000000),
      ["LeftUpperArm"] = CFrame.new(-0.092820, 0.014800, 0.289802, 0.814344, -0.032414, -0.579476, 0.029578, 0.999460, -0.014341, 0.579628, -0.005461, 0.814863),
      ["LeftUpperLeg"] = CFrame.new(0.000000, -0.000000, -0.000100, 0.998896, 0.015453, 0.044355, -0.015442, 0.999881, -0.000602, -0.044359, -0.000084, 0.999016),
      ["LowerTorso"] = CFrame.new(-0.014896, 0.000278, 0.000000, 0.999305, 0.037285, 0.000000, -0.037285, 0.999305, -0.000000, -0.000000, 0.000000, 1.000000),
      ["RightFoot"] = CFrame.new(0.000000, 0.002528, -0.000103, 0.995598, 0.071719, 0.060336, -0.070200, 0.997170, -0.026922, -0.062096, 0.022568, 0.997815),
      ["RightHand"] = CFrame.new(-0.000496, 0.005667, -0.000000, 0.993230, 0.100693, -0.057922, -0.090751, 0.983862, 0.154209, 0.072515, -0.147909, 0.986339),
      ["RightLowerArm"] = CFrame.new(0.000000, 0.032380, 0.003641, 1.000000, 0.000000, 0.000000, 0.000000, 0.962843, -0.270061, 0.000000, 0.270061, 0.962843),
      ["RightLowerLeg"] = CFrame.new(-0.000000, 0.009765, -0.000245, 1.000000, -0.000000, 0.000000, 0.000000, 0.997346, 0.072807, -0.000000, -0.072807, 0.997346),
      ["RightUpperArm"] = CFrame.new(0.070265, -0.104642, 0.233191, 0.859487, -0.228289, 0.457348, 0.209265, 0.973461, 0.092642, -0.466359, 0.016082, 0.884449),
      ["RightUpperLeg"] = CFrame.new(0.000000, 0.000000, -0.000000, 0.981246, -0.115815, -0.154089, 0.108363, 0.992536, -0.055942, 0.159417, 0.038196, 0.986472),
      ["UpperTorso"] = CFrame.new(-0.000000, 0.000000, 0.000000, 0.985553, 0.054661, -0.160304, -0.051470, 0.998386, 0.023994, 0.161357, -0.015397, 0.986776)
    }},
    {Time = 0.067, Data = {
      ["Head"] = CFrame.new(0.000000, 0.000000, -0.000000, 0.995131, -0.005488, 0.098413, 0.003650, 0.999816, 0.018848, -0.098498, -0.018397, 0.994967),
      ["LeftFoot"] = CFrame.new(0.000000, -0.010717, -0.000003, 0.997625, -0.052687, -0.044373, 0.052736, 0.998608, -0.000049, 0.044314, -0.002292, 0.999015),
      ["LeftHand"] = CFrame.new(0.000498, 0.002726, -0.000000, 0.998428, -0.048778, 0.027593, 0.045853, 0.994111, 0.098185, -0.032220, -0.096766, 0.994786),
      ["LeftLowerArm"] = CFrame.new(-0.000500, 0.013328, 0.000569, 1.000000, 0.000000, 0.000000, 0.000000, 0.994076, -0.108691, 0.000000, 0.108691, 0.994076),
      ["LeftLowerLeg"] = CFrame.new(0.000000, -0.010279, -0.000035, 1.000000, 0.000000, 0.000000, 0.000000, 1.000000, 0.000000, 0.000000, 0.000000, 1.000000),
      ["LeftUpperArm"] = CFrame.new(-0.092830, 0.014799, 0.289816, 0.814341, -0.032523, -0.579474, 0.029634, 0.999456, -0.014449, 0.579629, -0.005405, 0.814862),
      ["LeftUpperLeg"] = CFrame.new(-0.000000, -0.000000, -0.000100, 0.998896, 0.015453, 0.044355, -0.015442, 0.999881, -0.000602, -0.044359, -0.000084, 0.999016),
      ["LowerTorso"] = CFrame.new(-0.014896, 0.000278, 0.000000, 0.999305, 0.037285, 0.000000, -0.037285, 0.999305, -0.000000, -0.000000, 0.000000, 1.000000),
      ["RightFoot"] = CFrame.new(-0.000000, 0.002530, -0.000103, 0.995598, 0.071719, 0.060336, -0.070200, 0.997170, -0.026922, -0.062096, 0.022568, 0.997815),
      ["RightHand"] = CFrame.new(-0.000496, 0.005665, -0.000000, 0.993230, 0.100693, -0.057922, -0.090751, 0.983862, 0.154209, 0.072515, -0.147909, 0.986339),
      ["RightLowerArm"] = CFrame.new(0.000000, 0.032367, 0.003638, 1.000000, 0.000000, 0.000000, 0.000000, 0.962890, -0.269893, 0.000000, 0.269893, 0.962890),
      ["RightLowerLeg"] = CFrame.new(-0.000000, 0.009771, -0.000245, 1.000000, -0.000000, 0.000000, 0.000000, 0.997340, 0.072894, -0.000000, -0.072894, 0.997340),
      ["RightUpperArm"] = CFrame.new(0.070269, -0.104657, 0.233191, 0.859445, -0.228247, 0.457446, 0.209303, 0.973467, 0.092485, -0.466418, 0.016259, 0.884415),
      ["RightUpperLeg"] = CFrame.new(0.000000, -0.000000, -0.000000, 0.981246, -0.115815, -0.154089, 0.108363, 0.992536, -0.055942, 0.159417, 0.038196, 0.986472),
      ["UpperTorso"] = CFrame.new(-0.000000, -0.000000, 0.000000, 0.985553, 0.054661, -0.160304, -0.051470, 0.998386, 0.023994, 0.161357, -0.015397, 0.986776)
    }},
    {Time = 0.083, Data = {
      ["Head"] = CFrame.new(-0.000000, 0.000000, -0.000000, 0.995131, -0.005488, 0.098413, 0.003650, 0.999816, 0.018848, -0.098498, -0.018397, 0.994967),
      ["LeftFoot"] = CFrame.new(-0.000000, -0.010723, -0.000003, 0.997625, -0.052687, -0.044373, 0.052736, 0.998608, -0.000049, 0.044314, -0.002292, 0.999015),
      ["LeftHand"] = CFrame.new(0.000498, 0.002717, -0.000000, 0.998428, -0.048774, 0.027599, 0.045858, 0.994136, 0.097927, -0.032214, -0.096508, 0.994811),
      ["LeftLowerArm"] = CFrame.new(-0.000500, 0.013282, 0.000565, 1.000000, 0.000000, 0.000000, 0.000000, 0.994113, -0.108347, 0.000000, 0.108347, 0.994113),
      ["LeftLowerLeg"] = CFrame.new(0.000000, -0.010285, -0.000035, 1.000000, 0.000000, 0.000000, 0.000000, 1.000000, 0.000000, 0.000000, 0.000000, 1.000000),
      ["LeftUpperArm"] = CFrame.new(-0.092843, 0.014797, 0.289834, 0.814341, -0.032575, -0.579471, 0.029581, 0.999456, -0.014614, 0.579632, -0.005241, 0.814862),
      ["LeftUpperLeg"] = CFrame.new(0.000000, -0.000000, -0.000100, 0.998896, 0.015453, 0.044355, -0.015442, 0.999881, -0.000602, -0.044359, -0.000084, 0.999016),
      ["LowerTorso"] = CFrame.new(-0.014896, 0.000278, 0.000000, 0.999305, 0.037285, 0.000000, -0.037285, 0.999305, -0.000000, -0.000000, 0.000000, 1.000000),
      ["RightFoot"] = CFrame.new(0.000000, 0.002532, -0.000103, 0.995598, 0.071721, 0.060333, -0.070197, 0.997167, -0.027009, -0.062100, 0.022654, 0.997813),
      ["RightHand"] = CFrame.new(-0.000496, 0.005663, -0.000000, 0.993238, 0.100608, -0.057928, -0.090665, 0.983870, 0.154207, 0.072508, -0.147912, 0.986339),
      ["RightLowerArm"] = CFrame.new(0.000000, 0.032350, 0.003634, 1.000000, 0.000000, 0.000000, 0.000000, 0.962937, -0.269725, 0.000000, 0.269725, 0.962937),
      ["RightLowerLeg"] = CFrame.new(0.000000, 0.009780, -0.000246, 1.000000, -0.000000, 0.000000, 0.000000, 0.997333, 0.072980, -0.000000, -0.072980, 0.997333),
      ["RightUpperArm"] = CFrame.new(0.070274, -0.104675, 0.233192, 0.859445, -0.228206, 0.457467, 0.209345, 0.973474, 0.092319, -0.466400, 0.016425, 0.884422),
      ["RightUpperLeg"] = CFrame.new(0.000000, -0.000000, -0.000000, 0.981246, -0.115815, -0.154089, 0.108363, 0.992536, -0.055942, 0.159417, 0.038196, 0.986472),
      ["UpperTorso"] = CFrame.new(-0.000000, 0.000000, 0.000000, 0.985553, 0.054661, -0.160304, -0.051470, 0.998386, 0.023994, 0.161357, -0.015397, 0.986776)
    }},
    {Time = 0.100, Data = {
      ["Head"] = CFrame.new(0.000000, 0.000000, 0.000000, 0.995131, -0.005488, 0.098413, 0.003650, 0.999816, 0.018848, -0.098498, -0.018397, 0.994967),
      ["LeftFoot"] = CFrame.new(0.000000, -0.010731, -0.000003, 0.997625, -0.052687, -0.044373, 0.052736, 0.998608, -0.000049, 0.044314, -0.002292, 0.999015),
      ["LeftHand"] = CFrame.new(0.000498, 0.002708, -0.000000, 0.998424, -0.048857, 0.027601, 0.045948, 0.994158, 0.097670, -0.032212, -0.096248, 0.994836),
      ["LeftLowerArm"] = CFrame.new(-0.000500, 0.013228, 0.000560, 1.000000, 0.000000, 0.000000, 0.000000, 0.994169, -0.107831, 0.000000, 0.107831, 0.994169),
      ["LeftLowerLeg"] = CFrame.new(-0.000000, -0.010293, -0.000035, 1.000000, 0.000000, 0.000000, 0.000000, 1.000000, 0.000000, 0.000000, 0.000000, 1.000000),
      ["LeftUpperArm"] = CFrame.new(-0.092858, 0.014794, 0.289856, 0.814286, -0.032710, -0.579542, 0.029610, 0.999452, -0.014806, 0.579708, -0.005104, 0.814808),
      ["LeftUpperLeg"] = CFrame.new(0.000000, -0.000000, -0.000100, 0.998898, 0.015367, 0.044355, -0.015355, 0.999882, -0.000600, -0.044359, -0.000082, 0.999016),
      ["LowerTorso"] = CFrame.new(-0.014896, 0.000279, 0.000000, 0.999301, 0.037371, 0.000000, -0.037371, 0.999301, -0.000000, -0.000000, 0.000000, 1.000000),
      ["RightFoot"] = CFrame.new(0.000000, 0.002535, -0.000103, 0.995598, 0.071721, 0.060333, -0.070197, 0.997167, -0.027009, -0.062100, 0.022654, 0.997813),
      ["RightHand"] = CFrame.new(-0.000496, 0.005659, -0.000000, 0.993238, 0.100610, -0.057924, -0.090662, 0.983857, 0.154292, 0.072512, -0.147997, 0.986326),
      ["RightLowerArm"] = CFrame.new(0.000000, 0.032329, 0.003629, 1.000000, 0.000000, 0.000000, 0.000000, 0.962984, -0.269557, 0.000000, 0.269557, 0.962984),
      ["RightLowerLeg"] = CFrame.new(0.000000, 0.009790, -0.000246, 1.000000, -0.000000, 0.000000, 0.000000, 0.997327, 0.073066, -0.000000, -0.073066, 0.997327),
      ["RightUpperArm"] = CFrame.new(0.070279, -0.104696, 0.233192, 0.859445, -0.228145, 0.457497, 0.209407, 0.973484, 0.092069, -0.466371, 0.016675, 0.884432),
      ["RightUpperLeg"] = CFrame.new(0.000000, -0.000000, -0.000000, 0.981236, -0.115908, -0.154081, 0.108442, 0.992522, -0.056035, 0.159424, 0.038274, 0.986468),
      ["UpperTorso"] = CFrame.new(-0.000000, 0.000000, 0.000000, 0.985553, 0.054661, -0.160304, -0.051470, 0.998386, 0.023994, 0.161357, -0.015397, 0.986776)
    }},
    {Time = 0.117, Data = {
      ["Head"] = CFrame.new(-0.000000, 0.000000, 0.000000, 0.995131, -0.005488, 0.098413, 0.003650, 0.999816, 0.018848, -0.098498, -0.018397, 0.994967),
      ["LeftFoot"] = CFrame.new(-0.000000, -0.010740, -0.000003, 0.997625, -0.052687, -0.044373, 0.052736, 0.998608, -0.000049, 0.044314, -0.002292, 0.999015),
      ["LeftHand"] = CFrame.new(0.000498, 0.002697, -0.000000, 0.998424, -0.048852, 0.027610, 0.045954, 0.994191, 0.097327, -0.032204, -0.095904, 0.994869),
      ["LeftLowerArm"] = CFrame.new(-0.000500, 0.013163, 0.000554, 1.000000, 0.000000, 0.000000, 0.000000, 0.994225, -0.107316, 0.000000, 0.107316, 0.994225),
      ["LeftLowerLeg"] = CFrame.new(0.000000, -0.010302, -0.000036, 1.000000, 0.000000, 0.000000, 0.000000, 1.000000, 0.000000, 0.000000, 0.000000, 1.000000),
      ["LeftUpperArm"] = CFrame.new(-0.092876, 0.014791, 0.289882, 0.814231, -0.032870, -0.579610, 0.029613, 0.999448, -0.015080, 0.579786, -0.004885, 0.814754),
      ["LeftUpperLeg"] = CFrame.new(0.000000, -0.000000, -0.000100, 0.998898, 0.015367, 0.044355, -0.015355, 0.999882, -0.000600, -0.044359, -0.000082, 0.999016),
      ["LowerTorso"] = CFrame.new(-0.014896, 0.000279, 0.000000, 0.999301, 0.037371, 0.000000, -0.037371, 0.999301, -0.000000, -0.000000, 0.000000, 1.000000),
      ["RightFoot"] = CFrame.new(-0.000000, 0.002537, -0.000103, 0.995598, 0.071724, 0.060330, -0.070195, 0.997165, -0.027095, -0.062103, 0.022741, 0.997811),
      ["RightHand"] = CFrame.new(-0.000496, 0.005656, 0.000000, 0.993238, 0.100610, -0.057924, -0.090662, 0.983857, 0.154292, 0.072512, -0.147997, 0.986326),
      ["RightLowerArm"] = CFrame.new(-0.000000, 0.032306, 0.003623, 1.000000, 0.000000, 0.000000, 0.000000, 0.963031, -0.269390, 0.000000, 0.269390, 0.963031),
      ["RightLowerLeg"] = CFrame.new(0.000000, 0.009802, -0.000247, 1.000000, -0.000000, 0.000000, 0.000000, 0.997321, 0.073152, -0.000000, -0.073152, 0.997321),
      ["RightUpperArm"] = CFrame.new(0.070285, -0.104722, 0.233192, 0.859404, -0.228083, 0.457606, 0.209466, 0.973495, 0.091829, -0.466421, 0.016935, 0.884401),
      ["RightUpperLeg"] = CFrame.new(0.000000, -0.000000, -0.000000, 0.981236, -0.115908, -0.154081, 0.108442, 0.992522, -0.056035, 0.159424, 0.038274, 0.986468),
      ["UpperTorso"] = CFrame.new(0.000000, 0.000000, 0.000000, 0.985553, 0.054654, -0.160306, -0.051477, 0.998388, 0.023908, 0.161354, -0.015311, 0.986778)
    }},
    {Time = 0.133, Data = {
      ["Head"] = CFrame.new(0.000000, -0.000000, 0.000000, 0.995131, -0.005488, 0.098413, 0.003650, 0.999816, 0.018848, -0.098498, -0.018397, 0.994967),
      ["LeftFoot"] = CFrame.new(0.000000, -0.010751, -0.000003, 0.997625, -0.052687, -0.044373, 0.052736, 0.998608, -0.000049, 0.044314, -0.002292, 0.999015),
      ["LeftHand"] = CFrame.new(0.000498, 0.002684, -0.000000, 0.998424, -0.048846, 0.027620, 0.045960, 0.994233, 0.096897, -0.032194, -0.095474, 0.994911),
      ["LeftLowerArm"] = CFrame.new(-0.000500, 0.013090, 0.000548, 1.000000, 0.000000, 0.000000, 0.000000, 0.994290, -0.106714, 0.000000, 0.106714, 0.994290),
      ["LeftLowerLeg"] = CFrame.new(0.000000, -0.010313, -0.000036, 1.000000, 0.000000, 0.000000, 0.000000, 1.000000, 0.000000, 0.000000, 0.000000, 1.000000),
      ["LeftUpperArm"] = CFrame.new(-0.092897, 0.014788, 0.289911, 0.814228, -0.033058, -0.579603, 0.029590, 0.999443, -0.015435, 0.579791, -0.004583, 0.814752),
      ["LeftUpperLeg"] = CFrame.new(-0.000000, -0.000000, -0.000100, 0.998898, 0.015367, 0.044355, -0.015355, 0.999882, -0.000600, -0.044359, -0.000082, 0.999016),
      ["LowerTorso"] = CFrame.new(-0.014896, 0.000280, 0.000000, 0.999298, 0.037457, 0.000000, -0.037457, 0.999298, -0.000000, -0.000000, 0.000000, 1.000000),
      ["RightFoot"] = CFrame.new(0.000000, 0.002540, -0.000103, 0.995598, 0.071724, 0.060330, -0.070195, 0.997165, -0.027095, -0.062103, 0.022741, 0.997811),
      ["RightHand"] = CFrame.new(-0.000496, 0.005652, -0.000000, 0.993238, 0.100610, -0.057924, -0.090662, 0.983857, 0.154292, 0.072512, -0.147997, 0.986326),
      ["RightLowerArm"] = CFrame.new(-0.000000, 0.032278, 0.003616, 1.000000, 0.000000, 0.000000, 0.000000, 0.963102, -0.269138, 0.000000, 0.269138, 0.963102),
      ["RightLowerLeg"] = CFrame.new(0.000000, 0.009814, -0.000248, 1.000000, -0.000000, 0.000000, 0.000000, 0.997314, 0.073238, -0.000000, -0.073238, 0.997314),
      ["RightUpperArm"] = CFrame.new(0.070293, -0.104752, 0.233192, 0.859404, -0.228001, 0.457647, 0.209549, 0.973508, 0.091496, -0.466384, 0.017267, 0.884414),
      ["RightUpperLeg"] = CFrame.new(0.000000, -0.000000, -0.000000, 0.981226, -0.116000, -0.154074, 0.108520, 0.992508, -0.056127, 0.159430, 0.038353, 0.986464),
      ["UpperTorso"] = CFrame.new(-0.000000, -0.000000, 0.000000, 0.985553, 0.054654, -0.160306, -0.051477, 0.998388, 0.023908, 0.161354, -0.015311, 0.986778)
    }},
    {Time = 0.150, Data = {
      ["Head"] = CFrame.new(-0.000000, 0.000000, -0.000000, 0.995139, -0.005488, 0.098327, 0.003651, 0.999816, 0.018847, -0.098412, -0.018397, 0.994976),
      ["LeftFoot"] = CFrame.new(0.000000, -0.010762, -0.000003, 0.997625, -0.052687, -0.044373, 0.052736, 0.998608, -0.000049, 0.044314, -0.002292, 0.999015),
      ["LeftHand"] = CFrame.new(0.000498, 0.002669, -0.000000, 0.998420, -0.048926, 0.027627, 0.046054, 0.994270, 0.096468, -0.032188, -0.095043, 0.994953),
      ["LeftLowerArm"] = CFrame.new(-0.000500, 0.013008, 0.000541, 1.000000, 0.000000, 0.000000, 0.000000, 0.994363, -0.106026, 0.000000, 0.106026, 0.994363),
      ["LeftLowerLeg"] = CFrame.new(0.000000, -0.010324, -0.000036, 1.000000, 0.000000, 0.000000, 0.000000, 1.000000, 0.000000, 0.000000, 0.000000, 1.000000),
      ["LeftUpperArm"] = CFrame.new(-0.092920, 0.014785, 0.289944, 0.814172, -0.033219, -0.579672, 0.029593, 0.999439, -0.015709, 0.579869, -0.004364, 0.814698),
      ["LeftUpperLeg"] = CFrame.new(0.000000, -0.000000, -0.000100, 0.998899, 0.015281, 0.044355, -0.015269, 0.999883, -0.000598, -0.044359, -0.000080, 0.999016),
      ["LowerTorso"] = CFrame.new(-0.014896, 0.000281, 0.000000, 0.999298, 0.037457, 0.000000, -0.037457, 0.999298, -0.000000, -0.000000, 0.000000, 1.000000),
      ["RightFoot"] = CFrame.new(0.000000, 0.002544, -0.000103, 0.995598, 0.071726, 0.060327, -0.070192, 0.997163, -0.027181, -0.062106, 0.022827, 0.997809),
      ["RightHand"] = CFrame.new(-0.000497, 0.005647, 0.000000, 0.993238, 0.100613, -0.057920, -0.090659, 0.983844, 0.154377, 0.072516, -0.148083, 0.986313),
      ["RightLowerArm"] = CFrame.new(-0.000000, 0.032248, 0.003609, 1.000000, 0.000000, 0.000000, 0.000000, 0.963172, -0.268886, 0.000000, 0.268886, 0.963172),
      ["RightLowerLeg"] = CFrame.new(0.000000, 0.009830, -0.000248, 1.000000, -0.000000, 0.000000, 0.000000, 0.997308, 0.073324, -0.000000, -0.073324, 0.997308),
      ["RightUpperArm"] = CFrame.new(0.070300, -0.104784, 0.233192, 0.859424, -0.227837, 0.457692, 0.209551, 0.973541, 0.091143, -0.466347, 0.017579, 0.884427),
      ["RightUpperLeg"] = CFrame.new(0.000000, 0.000000, -0.000000, 0.981226, -0.116007, -0.154069, 0.108514, 0.992504, -0.056213, 0.159435, 0.038439, 0.986460),
      ["UpperTorso"] = CFrame.new(-0.000000, 0.000000, 0.000000, 0.985553, 0.054654, -0.160306, -0.051477, 0.998388, 0.023908, 0.161354, -0.015311, 0.986778)
    }},
    {Time = 0.167, Data = {
      ["Head"] = CFrame.new(0.000000, 0.000000, -0.000000, 0.995139, -0.005488, 0.098327, 0.003651, 0.999816, 0.018847, -0.098412, -0.018397, 0.994976),
      ["LeftFoot"] = CFrame.new(0.000000, -0.010775, -0.000003, 0.997625, -0.052687, -0.044373, 0.052736, 0.998608, -0.000049, 0.044314, -0.002292, 0.999015),
      ["LeftHand"] = CFrame.new(0.000498, 0.002653, -0.000000, 0.998418, -0.048923, 0.027726, 0.046058, 0.994320, 0.095954, -0.032262, -0.094525, 0.995000),
      ["LeftLowerArm"] = CFrame.new(-0.000500, 0.012916, 0.000533, 1.000000, 0.000000, 0.000000, 0.000000, 0.994446, -0.105253, 0.000000, 0.105253, 0.994446),
      ["LeftLowerLeg"] = CFrame.new(0.000000, -0.010337, -0.000036, 1.000000, 0.000000, 0.000000, 0.000000, 1.000000, 0.000000, 0.000000, 0.000000, 1.000000),
      ["LeftUpperArm"] = CFrame.new(-0.092946, 0.014781, 0.289981, 0.814117, -0.033406, -0.579739, 0.029569, 0.999434, -0.016066, 0.579948, -0.004063, 0.814644),
      ["LeftUpperLeg"] = CFrame.new(0.000000, -0.000000, -0.000100, 0.998900, 0.015194, 0.044355, -0.015183, 0.999885, -0.000596, -0.044359, -0.000078, 0.999016),
      ["LowerTorso"] = CFrame.new(-0.014896, 0.000282, 0.000000, 0.999295, 0.037543, 0.000000, -0.037543, 0.999295, -0.000000, -0.000000, 0.000000, 1.000000),
      ["RightFoot"] = CFrame.new(-0.000000, 0.002548, -0.000103, 0.995598, 0.071726, 0.060327, -0.070192, 0.997163, -0.027181, -0.062106, 0.022827, 0.997809),
      ["RightHand"] = CFrame.new(-0.000496, 0.005642, -0.000000, 0.993238, 0.100615, -0.057915, -0.090656, 0.983831, 0.154463, 0.072520, -0.148168, 0.986300),
      ["RightLowerArm"] = CFrame.new(0.000000, 0.032212, 0.003601, 1.000000, 0.000000, 0.000000, 0.000000, 0.963266, -0.268550, 0.000000, 0.268550, 0.963266),
      ["RightLowerLeg"] = CFrame.new(-0.000000, 0.009846, -0.000249, 1.000000, -0.000000, 0.000000, 0.000000, 0.997295, 0.073497, -0.000000, -0.073497, 0.997295),
      ["RightUpperArm"] = CFrame.new(0.070309, -0.104820, 0.233192, 0.859382, -0.227754, 0.457810, 0.209630, 0.973554, 0.090820, -0.466388, 0.017922, 0.884399),
      ["RightUpperLeg"] = CFrame.new(0.000000, -0.000000, -0.000000, 0.981217, -0.116099, -0.154061, 0.108592, 0.992491, -0.056306, 0.159441, 0.038518, 0.986456),
      ["UpperTorso"] = CFrame.new(-0.000000, 0.000000, -0.000000, 0.985553, 0.054654, -0.160306, -0.051477, 0.998388, 0.023908, 0.161354, -0.015311, 0.986778)
    }},
    {Time = 0.183, Data = {
      ["Head"] = CFrame.new(-0.000000, -0.000000, -0.000000, 0.995139, -0.005488, 0.098327, 0.003651, 0.999816, 0.018847, -0.098412, -0.018397, 0.994976),
      ["LeftFoot"] = CFrame.new(-0.000000, -0.010790, -0.000003, 0.997625, -0.052687, -0.044373, 0.052736, 0.998608, -0.000049, 0.044314, -0.002292, 0.999015),
      ["LeftHand"] = CFrame.new(0.000498, 0.002635, -0.000000, 0.998414, -0.049002, 0.027734, 0.046152, 0.994365, 0.095439, -0.032255, -0.094008, 0.995049),
      ["LeftLowerArm"] = CFrame.new(-0.000500, 0.012815, 0.000524, 1.000000, 0.000000, 0.000000, 0.000000, 0.994536, -0.104393, 0.000000, 0.104393, 0.994536),
      ["LeftLowerLeg"] = CFrame.new(-0.000000, -0.010352, -0.000036, 1.000000, 0.000000, 0.000000, 0.000000, 1.000000, 0.000000, 0.000000, 0.000000, 1.000000),
      ["LeftUpperArm"] = CFrame.new(-0.092975, 0.014777, 0.290021, 0.814062, -0.033619, -0.579805, 0.029519, 0.999428, -0.016505, 0.580028, -0.003680, 0.814588),
      ["LeftUpperLeg"] = CFrame.new(0.000000, -0.000000, -0.000100, 0.998900, 0.015194, 0.044355, -0.015183, 0.999885, -0.000596, -0.044359, -0.000078, 0.999016),
      ["LowerTorso"] = CFrame.new(-0.014896, 0.000283, 0.000000, 0.999295, 0.037543, 0.000000, -0.037543, 0.999295, -0.000000, -0.000000, 0.000000, 1.000000),
      ["RightFoot"] = CFrame.new(0.000000, 0.002552, -0.000103, 0.995598, 0.071729, 0.060324, -0.070189, 0.997161, -0.027267, -0.062109, 0.022913, 0.997806),
      ["RightHand"] = CFrame.new(-0.000496, 0.005637, -0.000000, 0.993238, 0.100615, -0.057915, -0.090656, 0.983831, 0.154463, 0.072520, -0.148168, 0.986300),
      ["RightLowerArm"] = CFrame.new(0.000000, 0.032175, 0.003592, 1.000000, 0.000000, 0.000000, 0.000000, 0.963359, -0.268215, 0.000000, 0.268215, 0.963359),
      ["RightLowerLeg"] = CFrame.new(-0.000000, 0.009865, -0.000250, 1.000000, -0.000000, 0.000000, 0.000000, 0.997289, 0.073583, -0.000000, -0.073583, 0.997289),
      ["RightUpperArm"] = CFrame.new(0.070319, -0.104860, 0.233191, 0.859341, -0.227650, 0.457940, 0.209730, 0.973570, 0.090413, -0.466419, 0.018348, 0.884374),
      ["RightUpperLeg"] = CFrame.new(0.000000, -0.000000, -0.000000, 0.981207, -0.116191, -0.154054, 0.108671, 0.992477, -0.056398, 0.159448, 0.038597, 0.986452),
      ["UpperTorso"] = CFrame.new(0.000000, -0.000000, 0.000000, 0.985535, 0.054740, -0.160391, -0.051562, 0.998383, 0.023917, 0.161440, -0.015301, 0.986764)
    }},
    {Time = 0.200, Data = {
      ["Head"] = CFrame.new(0.000000, 0.000000, 0.000000, 0.995139, -0.005488, 0.098327, 0.003651, 0.999816, 0.018847, -0.098412, -0.018397, 0.994976),
      ["LeftFoot"] = CFrame.new(-0.000000, -0.010805, -0.000003, 0.997625, -0.052687, -0.044373, 0.052736, 0.998608, -0.000049, 0.044314, -0.002292, 0.999015),
      ["LeftHand"] = CFrame.new(0.000498, 0.002616, -0.000000, 0.998409, -0.049080, 0.027745, 0.046248, 0.994418, 0.094838, -0.032245, -0.093404, 0.995106),
      ["LeftLowerArm"] = CFrame.new(-0.000500, 0.012705, 0.000515, 1.000000, 0.000000, 0.000000, 0.000000, 0.994626, -0.103533, 0.000000, 0.103533, 0.994626),
      ["LeftLowerLeg"] = CFrame.new(0.000000, -0.010368, -0.000036, 1.000000, 0.000000, 0.000000, 0.000000, 1.000000, 0.000000, 0.000000, 0.000000, 1.000000),
      ["LeftUpperArm"] = CFrame.new(-0.093006, 0.014773, 0.290065, 0.814003, -0.033888, -0.579871, 0.029578, 0.999420, -0.016887, 0.580107, -0.003405, 0.814533),
      ["LeftUpperLeg"] = CFrame.new(0.000000, -0.000000, -0.000100, 0.998902, 0.015108, 0.044355, -0.015096, 0.999886, -0.000594, -0.044359, -0.000076, 0.999016),
      ["LowerTorso"] = CFrame.new(-0.014896, 0.000283, 0.000000, 0.999292, 0.037630, 0.000000, -0.037630, 0.999292, -0.000000, -0.000000, 0.000000, 1.000000),
      ["RightFoot"] = CFrame.new(0.000000, 0.002557, -0.000103, 0.995598, 0.071732, 0.060321, -0.070187, 0.997159, -0.027353, -0.062112, 0.022999, 0.997804),
      ["RightHand"] = CFrame.new(-0.000496, 0.005630, -0.000000, 0.993238, 0.100618, -0.057911, -0.090652, 0.983818, 0.154548, 0.072524, -0.148253, 0.986287),
      ["RightLowerArm"] = CFrame.new(-0.000000, 0.032135, 0.003582, 1.000000, 0.000000, 0.000000, 0.000000, 0.963453, -0.267879, 0.000000, 0.267879, 0.963453),
      ["RightLowerLeg"] = CFrame.new(0.000000, 0.009884, -0.000251, 1.000000, -0.000000, 0.000000, 0.000000, 0.997276, 0.073755, -0.000000, -0.073755, 0.997276),
      ["RightUpperArm"] = CFrame.new(0.070329, -0.104902, 0.233191, 0.859360, -0.227445, 0.458005, 0.209774, 0.973609, 0.089893, -0.466363, 0.018827, 0.884393),
      ["RightUpperLeg"] = CFrame.new(0.000000, -0.000000, -0.000000, 0.981207, -0.116198, -0.154049, 0.108664, 0.992473, -0.056484, 0.159452, 0.038683, 0.986447),
      ["UpperTorso"] = CFrame.new(0.000000, 0.000000, 0.000000, 0.985535, 0.054734, -0.160393, -0.051569, 0.998385, 0.023831, 0.161438, -0.015215, 0.986766)
    }},
    {Time = 0.217, Data = {
      ["Head"] = CFrame.new(0.000000, -0.000000, -0.000000, 0.995148, -0.005487, 0.098241, 0.003652, 0.999816, 0.018847, -0.098326, -0.018397, 0.994984),
      ["LeftFoot"] = CFrame.new(0.000000, -0.010822, -0.000003, 0.997625, -0.052687, -0.044373, 0.052736, 0.998608, -0.000049, 0.044314, -0.002292, 0.999015),
      ["LeftHand"] = CFrame.new(0.000498, 0.002594, -0.000000, 0.998409, -0.049071, 0.027760, 0.046258, 0.994475, 0.094236, -0.032231, -0.092802, 0.995163),
      ["LeftLowerArm"] = CFrame.new(-0.000500, 0.012586, 0.000505, 1.000000, 0.000000, 0.000000, 0.000000, 0.994733, -0.102502, 0.000000, 0.102502, 0.994733),
      ["LeftLowerLeg"] = CFrame.new(0.000000, -0.010384, -0.000037, 1.000000, 0.000000, 0.000000, 0.000000, 1.000000, 0.000000, 0.000000, 0.000000, 1.000000),
      ["LeftUpperArm"] = CFrame.new(-0.093040, 0.014768, 0.290112, 0.813895, -0.034128, -0.580008, 0.029500, 0.999413, -0.017409, 0.580262, -0.002941, 0.814424),
      ["LeftUpperLeg"] = CFrame.new(-0.000000, -0.000000, -0.000100, 0.998903, 0.015022, 0.044355, -0.015010, 0.999887, -0.000592, -0.044359, -0.000074, 0.999016),
      ["LowerTorso"] = CFrame.new(-0.014896, 0.000284, 0.000000, 0.999288, 0.037716, 0.000000, -0.037716, 0.999288, -0.000000, -0.000000, 0.000000, 1.000000),
      ["RightFoot"] = CFrame.new(0.000000, 0.002562, -0.000103, 0.995593, 0.071735, 0.060404, -0.070183, 0.997157, -0.027443, -0.062201, 0.023082, 0.997797),
      ["RightHand"] = CFrame.new(-0.000496, 0.005624, -0.000000, 0.993238, 0.100620, -0.057907, -0.090649, 0.983804, 0.154634, 0.072528, -0.148339, 0.986273),
      ["RightLowerArm"] = CFrame.new(-0.000000, 0.032091, 0.003572, 1.000000, 0.000000, 0.000000, 0.000000, 0.963546, -0.267543, 0.000000, 0.267543, 0.963546),
      ["RightLowerLeg"] = CFrame.new(0.000000, 0.009905, -0.000253, 1.000000, -0.000000, 0.000000, 0.000000, 0.997264, 0.073927, -0.000000, -0.073927, 0.997264),
      ["RightUpperArm"] = CFrame.new(0.070340, -0.104948, 0.233191, 0.859319, -0.227321, 0.458144, 0.209895, 0.973628, 0.089404, -0.466385, 0.019336, 0.884371),
      ["RightUpperLeg"] = CFrame.new(0.000000, -0.000000, -0.000000, 0.981197, -0.116290, -0.154041, 0.108743, 0.992459, -0.056577, 0.159459, 0.038762, 0.986443),
      ["UpperTorso"] = CFrame.new(-0.000000, 0.000000, 0.000000, 0.985535, 0.054734, -0.160393, -0.051569, 0.998385, 0.023831, 0.161438, -0.015215, 0.986766)
    }},
    {Time = 0.233, Data = {
      ["Head"] = CFrame.new(-0.000000, 0.000000, -0.000000, 0.995148, -0.005487, 0.098241, 0.003652, 0.999816, 0.018847, -0.098326, -0.018397, 0.994984),
      ["LeftFoot"] = CFrame.new(0.000000, -0.010839, -0.000003, 0.997625, -0.052687, -0.044373, 0.052736, 0.998608, -0.000049, 0.044314, -0.002292, 0.999015),
      ["LeftHand"] = CFrame.new(0.000498, 0.002572, -0.000000, 0.998405, -0.049148, 0.027773, 0.046355, 0.994535, 0.093549, -0.032219, -0.092113, 0.995227),
      ["LeftLowerArm"] = CFrame.new(-0.000500, 0.012459, 0.000494, 1.000000, 0.000000, 0.000000, 0.000000, 0.994839, -0.101470, 0.000000, 0.101470, 0.994839),
      ["LeftLowerLeg"] = CFrame.new(-0.000000, -0.010401, -0.000037, 1.000000, 0.000000, 0.000000, 0.000000, 1.000000, 0.000000, 0.000000, 0.000000, 1.000000),
      ["LeftUpperArm"] = CFrame.new(-0.093076, 0.014763, 0.290163, 0.813837, -0.034424, -0.580073, 0.029532, 0.999404, -0.017874, 0.580342, -0.002584, 0.814368),
      ["LeftUpperLeg"] = CFrame.new(0.000000, 0.000000, -0.000100, 0.998904, 0.014935, 0.044355, -0.014924, 0.999888, -0.000590, -0.044359, -0.000072, 0.999016),
      ["LowerTorso"] = CFrame.new(-0.014896, 0.000285, 0.000000, 0.999285, 0.037802, 0.000000, -0.037802, 0.999285, -0.000000, -0.000000, 0.000000, 1.000000),
      ["RightFoot"] = CFrame.new(0.000000, 0.002568, -0.000103, 0.995593, 0.071738, 0.060401, -0.070180, 0.997154, -0.027529, -0.062204, 0.023169, 0.997795),
      ["RightHand"] = CFrame.new(-0.000496, 0.005617, -0.000000, 0.993238, 0.100620, -0.057907, -0.090649, 0.983804, 0.154634, 0.072528, -0.148339, 0.986273),
      ["RightLowerArm"] = CFrame.new(-0.000000, 0.032043, 0.003561, 1.000000, 0.000000, 0.000000, 0.000000, 0.963662, -0.267123, 0.000000, 0.267123, 0.963662),
      ["RightLowerLeg"] = CFrame.new(-0.000000, 0.009928, -0.000254, 1.000000, -0.000000, 0.000000, 0.000000, 0.997251, 0.074100, -0.000000, -0.074100, 0.997251),
      ["RightUpperArm"] = CFrame.new(0.070351, -0.104997, 0.233190, 0.859278, -0.227197, 0.458283, 0.210016, 0.973646, 0.088914, -0.466407, 0.019845, 0.884348),
      ["RightUpperLeg"] = CFrame.new(-0.000000, -0.000000, -0.000000, 0.981187, -0.116382, -0.154034, 0.108821, 0.992445, -0.056669, 0.159465, 0.038841, 0.986439),
      ["UpperTorso"] = CFrame.new(-0.000000, 0.000000, 0.000000, 0.985535, 0.054734, -0.160393, -0.051569, 0.998385, 0.023831, 0.161438, -0.015215, 0.986766)
    }},
    {Time = 0.250, Data = {
      ["Head"] = CFrame.new(0.000000, 0.000000, 0.000000, 0.995148, -0.005487, 0.098241, 0.003652, 0.999816, 0.018847, -0.098326, -0.018397, 0.994984),
      ["LeftFoot"] = CFrame.new(0.000000, -0.010858, -0.000003, 0.997625, -0.052687, -0.044373, 0.052736, 0.998608, -0.000049, 0.044314, -0.002292, 0.999015),
      ["LeftHand"] = CFrame.new(0.000498, 0.002547, 0.000000, 0.998399, -0.049227, 0.027874, 0.046450, 0.994603, 0.092779, -0.032291, -0.091335, 0.995297),
      ["LeftLowerArm"] = CFrame.new(-0.000500, 0.012323, 0.000483, 1.000000, 0.000000, 0.000000, 0.000000, 0.994952, -0.100352, 0.000000, 0.100352, 0.994952),
      ["LeftLowerLeg"] = CFrame.new(-0.000000, -0.010420, -0.000037, 1.000000, 0.000000, 0.000000, 0.000000, 1.000000, 0.000000, 0.000000, 0.000000, 1.000000),
      ["LeftUpperArm"] = CFrame.new(-0.093114, 0.014757, 0.290218, 0.813779, -0.034746, -0.580136, 0.029538, 0.999394, -0.018422, 0.580424, -0.002145, 0.814312),
      ["LeftUpperLeg"] = CFrame.new(0.000000, -0.000000, -0.000100, 0.998904, 0.014935, 0.044355, -0.014924, 0.999888, -0.000590, -0.044359, -0.000072, 0.999016),
      ["LowerTorso"] = CFrame.new(-0.014896, 0.000287, 0.000000, 0.999282, 0.037889, 0.000000, -0.037889, 0.999282, -0.000000, -0.000000, 0.000000, 1.000000),
      ["RightFoot"] = CFrame.new(-0.000000, 0.002574, -0.000103, 0.995593, 0.071740, 0.060398, -0.070177, 0.997152, -0.027615, -0.062207, 0.023255, 0.997792),
      ["RightHand"] = CFrame.new(-0.000496, 0.005610, -0.000000, 0.993238, 0.100623, -0.057902, -0.090646, 0.983791, 0.154719, 0.072532, -0.148424, 0.986260),
      ["RightLowerArm"] = CFrame.new(-0.000000, 0.031994, 0.003549, 1.000000, 0.000000, 0.000000, 0.000000, 0.963779, -0.266704, 0.000000, 0.266704, 0.963779),
      ["RightLowerLeg"] = CFrame.new(-0.000000, 0.009952, -0.000255, 1.000000, -0.000000, 0.000000, 0.000000, 0.997238, 0.074272, -0.000000, -0.074272, 0.997238),
      ["RightUpperArm"] = CFrame.new(0.070364, -0.105049, 0.233189, 0.859297, -0.226992, 0.458348, 0.210060, 0.973684, 0.088394, -0.466351, 0.020323, 0.884366),
      ["RightUpperLeg"] = CFrame.new(0.000000, -0.000000, -0.000000, 0.981178, -0.116475, -0.154026, 0.108900, 0.992431, -0.056762, 0.159472, 0.038920, 0.986435),
      ["UpperTorso"] = CFrame.new(0.000000, 0.000000, 0.000000, 0.985530, 0.054813, -0.160394, -0.051662, 0.998382, 0.023752, 0.161437, -0.015122, 0.986767)
    }},
    {Time = 0.267, Data = {
      ["Head"] = CFrame.new(0.000000, 0.000000, -0.000000, 0.995148, -0.005487, 0.098241, 0.003652, 0.999816, 0.018847, -0.098326, -0.018397, 0.994984),
      ["LeftFoot"] = CFrame.new(0.000000, -0.010878, -0.000003, 0.997625, -0.052687, -0.044373, 0.052736, 0.998608, -0.000049, 0.044314, -0.002292, 0.999015),
      ["LeftHand"] = CFrame.new(0.000498, 0.002521, -0.000000, 0.998394, -0.049303, 0.027889, 0.046549, 0.994670, 0.092006, -0.032277, -0.090560, 0.995368),
      ["LeftLowerArm"] = CFrame.new(-0.000500, 0.012179, 0.000471, 1.000000, 0.000000, 0.000000, 0.000000, 0.995073, -0.099148, 0.000000, 0.099148, 0.995073),
      ["LeftLowerLeg"] = CFrame.new(-0.000000, -0.010440, -0.000037, 1.000000, 0.000000, 0.000000, 0.000000, 1.000000, 0.000000, 0.000000, 0.000000, 1.000000),
      ["LeftUpperArm"] = CFrame.new(-0.093155, 0.014752, 0.290276, 0.813667, -0.035068, -0.580272, 0.029543, 0.999384, -0.018970, 0.580580, -0.001708, 0.814202),
