return {
["twerk 8"] = {

          {Time = 0.000, Data = {

              ["Head"] = CFrame.new(0.000000, 0.000000, 0.000000, 1.000000, 0.000000, 0.000000, 0.000000, 1.000000, -0.000000, 0.000000, 0.000000, 1.000000),

              ["LeftFoot"] = CFrame.new(0.000000, 0.006205, -0.000003, 0.934940, -0.271415, -0.228538, 0.203486, 0.937798, -0.281308, 0.290657, 0.216492, 0.932007),

              ["LeftHand"] = CFrame.new(0.000500, 0.000100, -0.000000, 0.944087, -0.281292, 0.171971, 0.315193, 0.923053, -0.220516, -0.096708, 0.262388, 0.960104),

              ["LeftLowerArm"] = CFrame.new(-0.000500, 0.099983, 0.101873, 1.000000, -0.000000, 0.000000, 0.000000, -0.019727, -0.999805, 0.000000, 0.999805, -0.019728),

              ["LeftLowerLeg"] = CFrame.new(-0.000000, 0.028197, -0.002263, 1.000000, -0.000000, -0.000000, 0.000000, 0.975845, 0.218448, -0.000000, -0.218464, 0.975849),

              ["LeftUpperArm"] = CFrame.new(-0.348657, 0.222450, -0.238139, 0.007960, 0.083644, -0.996464, 0.125614, -0.988686, -0.081987, -0.992047, -0.124518, -0.018376),

              ["LeftUpperLeg"] = CFrame.new(0.000662, -0.039846, 0.031134, 0.929552, 0.253914, 0.267323, -0.346803, 0.848269, 0.400220, -0.125141, -0.464723, 0.876563),

              ["LowerTorso"] = CFrame.new(0.014763, -0.075760, -0.310442, 0.999557, -0.006207, -0.029121, -0.006207, 0.913095, -0.407699, 0.029121, 0.407699, 0.912652),

              ["RightFoot"] = CFrame.new(0.000000, 0.008323, -0.000103, 0.922532, 0.295216, 0.248578, -0.210009, 0.924390, -0.318448, -0.323776, 0.241561, 0.914768),

              ["RightHand"] = CFrame.new(-0.000500, 0.000000, 0.000001, 0.976446, 0.188607, -0.104788, -0.206555, 0.957488, -0.201376, 0.062352, 0.218276, 0.973893),

              ["RightLowerArm"] = CFrame.new(0.000000, 0.099495, 0.089010, 1.000000, 0.000000, -0.000000, -0.000000, 0.108911, -0.994052, -0.000000, 0.994052, 0.108910),

              ["RightLowerLeg"] = CFrame.new(-0.000000, 0.038221, -0.004631, 1.000000, 0.000000, 0.000000, -0.000000, 0.952891, 0.303299, 0.000000, -0.303313, 0.952895),

              ["RightUpperArm"] = CFrame.new(0.411621, 0.280009, -0.377904, -0.024518, -0.017064, 0.999554, -0.265390, -0.963868, -0.022965, 0.963829, -0.265835, 0.019104),

              ["RightUpperLeg"] = CFrame.new(0.000100, -0.072285, 0.018832, 0.927526, -0.304870, -0.216220, 0.365176, 0.862456, 0.350464, 0.079635, -0.404010, 0.911276),

              ["UpperTorso"] = CFrame.new(-0.008669, 0.161073, 0.089789, 0.999557, -0.006207, 0.029121, -0.006207, 0.913095, 0.407699, -0.029121, -0.407699, 0.912652)

          }},

          {Time = 0.017, Data = {

              ["Head"] = CFrame.new(-0.000000, 0.000000, 0.000000, 1.000000, -0.000000, -0.000000, -0.000000, 1.000000, -0.000000, -0.000000, 0.000000, 1.000000),

              ["LeftFoot"] = CFrame.new(0.000000, 0.006264, -0.000003, 0.940148, -0.260673, -0.219493, 0.195727, 0.940315, -0.278398, 0.278948, 0.218765, 0.935049),

              ["LeftHand"] = CFrame.new(0.000500, 0.000100, 0.000000, 0.944088, -0.281292, 0.171971, 0.315193, 0.923053, -0.220516, -0.096708, 0.262388, 0.960104),

              ["LeftLowerArm"] = CFrame.new(-0.000500, 0.099982, 0.101873, 1.000000, -0.000000, 0.000000, 0.000000, -0.019727, -0.999805, 0.000000, 0.999805, -0.019728),

              ["LeftLowerLeg"] = CFrame.new(-0.000000, 0.028506, -0.002320, 1.000000, -0.000000, -0.000000, 0.000000, 0.975273, 0.220988, -0.000000, -0.221005, 0.975276),

              ["LeftUpperArm"] = CFrame.new(-0.348658, 0.222591, -0.238121, 0.007959, 0.083644, -0.996464, 0.125896, -0.988650, -0.081982, -0.992011, -0.124799, -0.018400),

              ["LeftUpperLeg"] = CFrame.new(0.000585, -0.041083, 0.032887, 0.938090, 0.232726, 0.256567, -0.321784, 0.859671, 0.396772, -0.128225, -0.454757, 0.881332),

              ["LowerTorso"] = CFrame.new(0.000641, -0.075812, -0.304518, 0.999416, 0.005354, -0.033741, -0.018436, 0.916019, -0.400712, 0.028762, 0.401100, 0.915583),

              ["RightFoot"] = CFrame.new(-0.000000, 0.008663, -0.000103, 0.917479, 0.304293, 0.256221, -0.216062, 0.921997, -0.321321, -0.333991, 0.239432, 0.911649),

              ["RightHand"] = CFrame.new(-0.000500, 0.000000, 0.000000, 0.976446, 0.188607, -0.104788, -0.206555, 0.957488, -0.201376, 0.062352, 0.218276, 0.973893),

              ["RightLowerArm"] = CFrame.new(0.000000, 0.099494, 0.089010, 1.000000, 0.000000, -0.000000, -0.000000, 0.108911, -0.994052, -0.000000, 0.994052, 0.108910),

              ["RightLowerLeg"] = CFrame.new(-0.000000, 0.040096, -0.005138, 1.000000, 0.000000, 0.000000, -0.000000, 0.947746, 0.319011, 0.000000, -0.319025, 0.947751),

              ["RightUpperArm"] = CFrame.new(0.411621, 0.280225, -0.377844, -0.024518, -0.017064, 0.999554, -0.265822, -0.963748, -0.022974, 0.963710, -0.266267, 0.019093),

              ["RightUpperLeg"] = CFrame.new(0.000039, -0.072827, 0.020519, 0.918699, -0.329056, -0.218440, 0.386417, 0.863250, 0.324792, 0.081695, -0.382782, 0.920214),

              ["UpperTorso"] = CFrame.new(-0.000654, 0.157991, 0.088169, 0.999397, -0.019463, 0.028748, 0.006289, 0.915867, 0.401432, -0.034142, -0.401009, 0.915438)

          }},

          {Time = 0.033, Data = {

              ["Head"] = CFrame.new(-0.000000, 0.000000, 0.000000, 1.000000, -0.000000, -0.000000, 0.000000, 1.000000, 0.000000, 0.000000, -0.000000, 1.000000),

              ["LeftFoot"] = CFrame.new(0.000000, 0.006373, -0.000003, 0.952862, -0.232094, -0.195429, 0.175582, 0.947088, -0.268702, 0.247438, 0.221712, 0.943190),

              ["LeftHand"] = CFrame.new(0.000500, 0.000100, -0.000001, 0.944087, -0.281292, 0.171971, 0.315193, 0.923053, -0.220516, -0.096708, 0.262388, 0.960104),

              ["LeftLowerArm"] = CFrame.new(-0.000500, 0.099982, 0.101873, 1.000000, -0.000000, 0.000000, 0.000000, -0.019727, -0.999805, 0.000000, 0.999805, -0.019728),

              ["LeftLowerLeg"] = CFrame.new(0.000000, 0.029071, -0.002425, 1.000000, -0.000000, -0.000000, 0.000000, 0.974208, 0.225634, -0.000000, -0.225650, 0.974212),

              ["LeftUpperArm"] = CFrame.new(-0.348657, 0.222993, -0.238070, 0.007960, 0.083644, -0.996464, 0.126701, -0.988549, -0.081967, -0.991909, -0.125600, -0.018466),

              ["LeftUpperLeg"] = CFrame.new(0.000363, -0.044608, 0.037883, 0.957606, 0.175879, 0.228164, -0.254475, 0.887667, 0.383795, -0.135033, -0.425575, 0.894787),

              ["LowerTorso"] = CFrame.new(-0.036751, -0.075762, -0.287611, 0.998331, 0.036233, -0.044975, -0.050657, 0.923367, -0.380563, 0.027739, 0.382206, 0.923661),

              ["RightFoot"] = CFrame.new(0.000000, 0.009441, -0.000103, 0.903642, 0.327626, 0.275868, -0.232947, 0.916451, -0.325365, -0.359397, 0.229737, 0.904453),

              ["RightHand"] = CFrame.new(-0.000500, 0.000000, -0.000001, 0.976446, 0.188607, -0.104788, -0.206555, 0.957488, -0.201376, 0.062352, 0.218276, 0.973893),

              ["RightLowerArm"] = CFrame.new(-0.000000, 0.099494, 0.089009, 1.000000, 0.000000, 0.000000, 0.000000, 0.108911, -0.994052, -0.000000, 0.994052, 0.108910),

              ["RightLowerLeg"] = CFrame.new(-0.000000, 0.044406, -0.006418, 1.000000, 0.000000, 0.000000, -0.000000, 0.934765, 0.355254, 0.000000, -0.355266, 0.934770),

              ["RightUpperArm"] = CFrame.new(0.411621, 0.280842, -0.377674, -0.024519, -0.017064, 0.999554, -0.267055, -0.963407, -0.022998, 0.963369, -0.267499, 0.019064),

              ["RightUpperLeg"] = CFrame.new(-0.000133, -0.074371, 0.025329, 0.893186, -0.391912, -0.220513, 0.440695, 0.860436, 0.255821, 0.089479, -0.325660, 0.941238),

              ["UpperTorso"] = CFrame.new(0.020567, 0.150561, 0.082945, 0.998135, -0.054438, 0.027639, 0.039705, 0.922698, 0.383474, -0.046378, -0.381661, 0.923138)

          }},

          {Time = 0.050, Data = {

              ["Head"] = CFrame.new(-0.000000, -0.000000, -0.000000, 1.000000, -0.000000, -0.000000, 0.000000, 1.000000, 0.000000, -0.000000, -0.000000, 1.000000),

              ["LeftFoot"] = CFrame.new(0.000000, 0.006350, -0.000003, 0.968176, -0.191447, -0.161204, 0.147808, 0.957155, -0.249022, 0.201960, 0.217260, 0.954988),

              ["LeftHand"] = CFrame.new(0.000500, 0.000100, -0.000000, 0.944088, -0.281292, 0.171971, 0.315193, 0.923053, -0.220516, -0.096708, 0.262388, 0.960104),

              ["LeftLowerArm"] = CFrame.new(-0.000500, 0.099983, 0.101873, 1.000000, -0.000000, 0.000000, 0.000000, -0.019727, -0.999805, 0.000000, 0.999805, -0.019728),

              ["LeftLowerLeg"] = CFrame.new(-0.000000, 0.028951, -0.002403, 1.000000, -0.000000, 0.000000, 0.000000, 0.974437, 0.224646, -0.000000, -0.224663, 0.974440),

              ["LeftUpperArm"] = CFrame.new(-0.348657, 0.223625, -0.237989, 0.007960, 0.083644, -0.996464, 0.127963, -0.988388, -0.081943, -0.991747, -0.126859, -0.018570),

              ["LeftUpperLeg"] = CFrame.new(0.000014, -0.050145, 0.045728, 0.977548, 0.093389, 0.188887, -0.157049, 0.920560, 0.357648, -0.140482, -0.379272, 0.914554),

              ["LowerTorso"] = CFrame.new(-0.089985, -0.075066, -0.260978, 0.995027, 0.080814, -0.058228, -0.096116, 0.932406, -0.348399, 0.026136, 0.352263, 0.935536),

              ["RightFoot"] = CFrame.new(-0.000000, 0.010239, -0.000103, 0.883107, 0.358900, 0.302201, -0.259726, 0.910354, -0.322189, -0.390722, 0.206024, 0.897145),

              ["RightHand"] = CFrame.new(-0.000500, -0.000000, 0.000000, 0.976446, 0.188607, -0.104788, -0.206555, 0.957488, -0.201376, 0.062352, 0.218276, 0.973893),

              ["RightLowerArm"] = CFrame.new(-0.000000, 0.099494, 0.089010, 1.000000, 0.000000, 0.000000, 0.000000, 0.108911, -0.994052, -0.000000, 0.994052, 0.108910),

              ["RightLowerLeg"] = CFrame.new(0.000000, 0.048857, -0.007912, 1.000000, 0.000000, -0.000000, -0.000000, 0.919612, 0.392818, 0.000000, -0.392828, 0.919616),

              ["RightUpperArm"] = CFrame.new(0.411621, 0.281809, -0.377405, -0.024519, -0.017064, 0.999554, -0.268989, -0.962868, -0.023036, 0.962831, -0.269434, 0.019018),

              ["RightUpperLeg"] = CFrame.new(-0.000403, -0.076796, 0.032882, 0.852113, -0.477164, -0.214989, 0.512458, 0.844119, 0.157651, 0.106252, -0.244494, 0.963808),

              ["UpperTorso"] = CFrame.new(0.050697, 0.142159, 0.073403, 0.994257, -0.103868, 0.025786, 0.088024, 0.930718, 0.354987, -0.060871, -0.350679, 0.934516)

          }},

          {Time = 0.067, Data = {

              ["Head"] = CFrame.new(-0.000000, 0.000000, -0.000000, 1.000000, -0.000000, -0.000000, 0.000000, 1.000000, 0.000000, 0.000000, -0.000000, 1.000000),

              ["LeftFoot"] = CFrame.new(0.000000, 0.006024, -0.000003, 0.981822, -0.145192, -0.122255, 0.116422, 0.969368, -0.216277, 0.149903, 0.198104, 0.968647),

              ["LeftHand"] = CFrame.new(0.000500, 0.000100, 0.000001, 0.944088, -0.281292, 0.171971, 0.315193, 0.923053, -0.220516, -0.096708, 0.262388, 0.960104),

              ["LeftLowerArm"] = CFrame.new(-0.000500, 0.099983, 0.101873, 1.000000, -0.000000, 0.000000, 0.000000, -0.019727, -0.999805, 0.000000, 0.999805, -0.019728),

              ["LeftLowerLeg"] = CFrame.new(0.000000, 0.027265, -0.002097, 1.000000, -0.000000, -0.000000, 0.000000, 0.977527, 0.210795, -0.000000, -0.210812, 0.977530),

              ["LeftUpperArm"] = CFrame.new(-0.348657, 0.224454, -0.237881, 0.007960, 0.083644, -0.996464, 0.129621, -0.988174, -0.081912, -0.991532, -0.128511, -0.018707),

              ["LeftUpperLeg"] = CFrame.new(-0.000443, -0.057415, 0.056030, 0.989273, -0.002815, 0.146054, -0.044003, 0.947635, 0.316320, -0.139297, -0.319342, 0.937342),

              ["LowerTorso"] = CFrame.new(-0.151513, -0.073232, -0.225859, 0.988698, 0.133178, -0.068847, -0.147982, 0.940545, -0.305740, 0.024036, 0.312473, 0.949623),

              ["RightFoot"] = CFrame.new(-0.000000, 0.010775, -0.000103, 0.858990, 0.391656, 0.329782, -0.295198, 0.905102, -0.306032, -0.418324, 0.165515, 0.893078),

              ["RightHand"] = CFrame.new(-0.000500, 0.000001, 0.000000, 0.976446, 0.188607, -0.104788, -0.206555, 0.957488, -0.201376, 0.062352, 0.218276, 0.973893),

              ["RightLowerArm"] = CFrame.new(-0.000000, 0.099494, 0.089009, 1.000000, 0.000000, -0.000000, -0.000000, 0.108911, -0.994052, -0.000000, 0.994052, 0.108910),

              ["RightLowerLeg"] = CFrame.new(0.000000, 0.051851, -0.009018, 1.000000, 0.000000, 0.000000, -0.000000, 0.908372, 0.418154, 0.000000, -0.418163, 0.908376),

              ["RightUpperArm"] = CFrame.new(0.411621, 0.283078, -0.377048, -0.024519, -0.017064, 0.999554, -0.271527, -0.962154, -0.023086, 0.962118, -0.271972, 0.018957),

              ["RightUpperLeg"] = CFrame.new(-0.000757, -0.079979, 0.042800, 0.799245, -0.567687, -0.197337, 0.585813, 0.809210, 0.044762, 0.134278, -0.151362, 0.979313),

              ["UpperTorso"] = CFrame.new(0.085200, 0.135848, 0.059364, 0.986783, -0.160383, 0.023185, 0.144886, 0.937268, 0.317077, -0.072585, -0.309526, 0.948117)

          }},

          {Time = 0.083, Data = {

              ["Head"] = CFrame.new(0.000000, -0.000000, 0.000000, 1.000000, 0.000000, 0.000000, -0.000000, 1.000000, -0.000000, 0.000000, 0.000000, 1.000000),

              ["LeftFoot"] = CFrame.new(0.000000, 0.005307, -0.000003, 0.991408, -0.100060, -0.084253, 0.084680, 0.981860, -0.169653, 0.099694, 0.161055, 0.981896),

              ["LeftHand"] = CFrame.new(0.000500, 0.000100, 0.000001, 0.944088, -0.281292, 0.171971, 0.315193, 0.923053, -0.220516, -0.096708, 0.262388, 0.960104),

              ["LeftLowerArm"] = CFrame.new(-0.000500, 0.099983, 0.101873, 1.000000, -0.000000, 0.000000, 0.000000, -0.019727, -0.999805, 0.000000, 0.999805, -0.019728),

              ["LeftLowerLeg"] = CFrame.new(0.000000, 0.023643, -0.001513, 1.000000, -0.000000, 0.000000, 0.000000, 0.983438, 0.181226, 0.000000, -0.181244, 0.983441),

              ["LeftUpperArm"] = CFrame.new(-0.348657, 0.225448, -0.237750, 0.007960, 0.083644, -0.996464, 0.131611, -0.987915, -0.081875, -0.991270, -0.130494, -0.018872),

              ["LeftUpperLeg"] = CFrame.new(-0.000992, -0.066141, 0.068394, 0.989398, -0.098885, 0.106360, 0.068304, 0.963168, 0.260093, -0.128162, -0.250059, 0.959708),

              ["LowerTorso"] = CFrame.new(-0.213560, -0.070184, -0.183514, 0.979672, 0.186839, -0.073037, -0.199450, 0.946226, -0.254707, 0.021520, 0.264096, 0.964256),

              ["RightFoot"] = CFrame.new(0.000000, 0.010896, -0.000103, 0.835625, 0.420194, 0.353812, -0.336770, 0.900729, -0.274370, -0.433955, 0.110108, 0.894169),

              ["RightHand"] = CFrame.new(-0.000500, 0.000001, -0.000000, 0.976446, 0.188607, -0.104788, -0.206555, 0.957488, -0.201376, 0.062352, 0.218276, 0.973893),

              ["RightLowerArm"] = CFrame.new(-0.000000, 0.099495, 0.089010, 1.000000, 0.000000, 0.000000, 0.000000, 0.108911, -0.994052, -0.000000, 0.994052, 0.108910),

              ["RightLowerLeg"] = CFrame.new(0.000000, 0.052526, -0.009280, 1.000000, 0.000000, -0.000000, -0.000000, 0.905717, 0.423874, 0.000000, -0.423883, 0.905721),

              ["RightUpperArm"] = CFrame.new(0.411621, 0.284600, -0.376616, -0.024518, -0.017064, 0.999554, -0.274572, -0.961288, -0.023146, 0.961254, -0.275017, 0.018884),

              ["RightUpperLeg"] = CFrame.new(-0.001183, -0.083800, 0.054703, 0.742439, -0.648241, -0.169029, 0.647163, 0.759216, -0.069063, 0.173101, -0.058098, 0.983189),

              ["UpperTorso"] = CFrame.new(0.119390, 0.133268, 0.041598, 0.976048, -0.216646, 0.019889, 0.203323, 0.940892, 0.270890, -0.077400, -0.260358, 0.962405)

          }},

          {Time = 0.100, Data = {

              ["Head"] = CFrame.new(0.000000, 0.000000, 0.000000, 1.000000, 0.000000, 0.000000, -0.000000, 1.000000, -0.000000, 0.000000, 0.000000, 1.000000),

              ["LeftFoot"] = CFrame.new(0.000000, 0.004278, -0.000003, 0.996702, -0.062073, -0.052268, 0.055886, 0.992078, -0.112507, 0.058834, 0.109215, 0.992275),

              ["LeftHand"] = CFrame.new(0.000500, 0.000100, -0.000000, 0.944088, -0.281292, 0.171971, 0.315193, 0.923053, -0.220516, -0.096708, 0.262388, 0.960104),

              ["LeftLowerArm"] = CFrame.new(-0.000500, 0.099983, 0.101873, 1.000000, -0.000000, 0.000000, 0.000000, -0.019727, -0.999805, 0.000000, 0.999805, -0.019728),

              ["LeftLowerLeg"] = CFrame.new(-0.000000, 0.018656, -0.000866, 1.000000, -0.000000, 0.000000, 0.000000, 0.990001, 0.141045, -0.000000, -0.141063, 0.990003),

              ["LeftUpperArm"] = CFrame.new(-0.348657, 0.226577, -0.237599, 0.007959, 0.083644, -0.996464, 0.133868, -0.987615, -0.081831, -0.990967, -0.132743, -0.019058),

              ["LeftUpperLeg"] = CFrame.new(-0.001616, -0.076045, 0.082428, 0.980584, -0.181093, 0.075232, 0.164208, 0.967999, 0.189781, -0.107192, -0.173732, 0.978940),

              ["LowerTorso"] = CFrame.new(-0.268152, -0.066455, -0.135259, 0.969617, 0.234815, -0.068590, -0.243914, 0.949410, -0.197804, 0.018673, 0.208524, 0.977839),

              ["RightFoot"] = CFrame.new(-0.000000, 0.010620, -0.000103, 0.817759, 0.440281, 0.370726, -0.378945, 0.896641, -0.229000, -0.433210, 0.046778, 0.900067),

              ["RightHand"] = CFrame.new(-0.000500, 0.000000, 0.000000, 0.976446, 0.188607, -0.104788, -0.206555, 0.957488, -0.201376, 0.062352, 0.218276, 0.973893),

              ["RightLowerArm"] = CFrame.new(-0.000000, 0.099494, 0.089010, 1.000000, 0.000000, -0.000000, -0.000000, 0.108911, -0.994052, -0.000000, 0.994052, 0.108910),

              ["RightLowerLeg"] = CFrame.new(0.000000, 0.050988, -0.008691, 1.000000, 0.000000, -0.000000, -0.000000, 0.911696, 0.410855, 0.000000, -0.410865, 0.911701),

              ["RightUpperArm"] = CFrame.new(0.411621, 0.286326, -0.376120, -0.024519, -0.017064, 0.999554, -0.278024, -0.960294, -0.023214, 0.960261, -0.278469, 0.018800),

              ["RightUpperLeg"] = CFrame.new(-0.001666, -0.088138, 0.068214, 0.692440, -0.708644, -0.135477, 0.687331, 0.705016, -0.174711, 0.219323, 0.027876, 0.975255),

              ["UpperTorso"] = CFrame.new(0.148755, 0.134028, 0.021603, 0.963960, -0.265564, 0.016028, 0.255862, 0.941881, 0.217704, -0.072910, -0.205757, 0.975883)

          }},

          {Time = 0.117, Data = {

              ["Head"] = CFrame.new(-0.000000, -0.000000, -0.000000, 1.000000, 0.000000, -0.000000, -0.000000, 1.000000, -0.000000, -0.000000, 0.000000, 1.000000),

              ["LeftFoot"] = CFrame.new(-0.000000, 0.003262, -0.000003, 0.998902, -0.035833, -0.030173, 0.034213, 0.998028, -0.052629, 0.031997, 0.051543, 0.998158),

              ["LeftHand"] = CFrame.new(0.000500, 0.000100, 0.000000, 0.944087, -0.281292, 0.171971, 0.315193, 0.923053, -0.220516, -0.096708, 0.262388, 0.960104),

              ["LeftLowerArm"] = CFrame.new(-0.000500, 0.099983, 0.101873, 1.000000, -0.000000, 0.000000, 0.000000, -0.019727, -0.999805, 0.000000, 0.999805, -0.019728),

              ["LeftLowerLeg"] = CFrame.new(0.000000, 0.013999, -0.000417, 1.000000, -0.000000, -0.000000, -0.000000, 0.994558, 0.104168, 0.000000, -0.104186, 0.994560),

              ["LeftUpperArm"] = CFrame.new(-0.348657, 0.227808, -0.237431, 0.007960, 0.083644, -0.996464, 0.136330, -0.987282, -0.081784, -0.990632, -0.135197, -0.019262),

              ["LeftUpperLeg"] = CFrame.new(-0.002295, -0.086849, 0.097738, 0.969630, -0.237792, 0.057212, 0.231055, 0.967310, 0.104529, -0.080198, -0.088126, 0.992875),

              ["LowerTorso"] = CFrame.new(-0.307224, -0.063172, -0.082477, 0.961298, 0.269894, -0.055344, -0.275070, 0.951554, -0.137413, 0.015576, 0.147318, 0.988967),

              ["RightFoot"] = CFrame.new(0.000000, 0.010126, -0.000103, 0.809524, 0.449098, 0.378150, -0.413681, 0.893366, -0.175410, -0.416580, -0.014435, 0.908974),

              ["RightHand"] = CFrame.new(-0.000500, 0.000000, 0.000000, 0.976446, 0.188607, -0.104788, -0.206555, 0.957488, -0.201376, 0.062352, 0.218276, 0.973893),

              ["RightLowerArm"] = CFrame.new(0.000000, 0.099494, 0.089009, 1.000000, 0.000000, -0.000000, -0.000000, 0.108911, -0.994052, -0.000000, 0.994052, 0.108910),

              ["RightLowerLeg"] = CFrame.new(-0.000000, 0.048227, -0.007690, 1.000000, 0.000000, 0.000000, -0.000000, 0.921864, 0.387504, 0.000000, -0.387514, 0.921868),

              ["RightUpperArm"] = CFrame.new(0.411621, 0.288207, -0.375571, -0.024519, -0.017065, 0.999554, -0.281786, -0.959195, -0.023288, 0.959164, -0.282231, 0.018709),

              ["RightUpperLeg"] = CFrame.new(-0.002193, -0.092870, 0.082953, 0.660546, -0.743814, -0.102086, 0.701532, 0.659914, -0.268998, 0.267455, 0.106084, 0.957715),

              ["UpperTorso"] = CFrame.new(0.169214, 0.135802, 0.000918, 0.953728, -0.300439, 0.011825, 0.294845, 0.942226, 0.158983, -0.058907, -0.148140, 0.987211)

          }},

          {Time = 0.133, Data = {

              ["Head"] = CFrame.new(0.000000, 0.000000, 0.000000, 1.000000, -0.000000, -0.000000, 0.000000, 1.000000, 0.000000, 0.000000, -0.000000, 1.000000),

              ["LeftFoot"] = CFrame.new(0.000000, 0.002962, -0.000003, 0.999481, -0.024632, -0.020741, 0.024594, 0.999695, -0.002065, 0.020784, 0.001562, 0.999783),

              ["LeftHand"] = CFrame.new(0.000500, 0.000100, -0.000000, 0.944088, -0.281292, 0.171971, 0.315193, 0.923053, -0.220516, -0.096708, 0.262388, 0.960104),

              ["LeftLowerArm"] = CFrame.new(-0.000500, 0.099983, 0.101873, 1.000000, -0.000000, 0.000000, 0.000000, -0.019727, -0.999805, 0.000000, 0.999805, -0.019728),

              ["LeftLowerLeg"] = CFrame.new(0.000000, 0.012677, -0.000316, 1.000000, -0.000000, 0.000000, 0.000000, 0.995587, 0.093828, -0.000000, -0.093846, 0.995588),

              ["LeftUpperArm"] = CFrame.new(-0.348658, 0.229110, -0.237250, 0.007959, 0.083644, -0.996464, 0.138933, -0.986923, -0.081733, -0.990270, -0.137791, -0.019476),

              ["LeftUpperLeg"] = CFrame.new(-0.003015, -0.098276, 0.113930, 0.964218, -0.259058, 0.056331, 0.259526, 0.965735, -0.001016, -0.054137, 0.015609, 0.998412),

              ["LowerTorso"] = CFrame.new(-0.322725, -0.061831, -0.026619, 0.957905, 0.284903, -0.035341, -0.286822, 0.955024, -0.075245, 0.012314, 0.082214, 0.996539),

              ["RightFoot"] = CFrame.new(-0.000000, 0.009719, -0.000103, 0.813891, 0.444453, 0.374240, -0.432069, 0.893604, -0.121616, -0.388454, -0.062712, 0.919323),

              ["RightHand"] = CFrame.new(-0.000500, 0.000000, 0.000001, 0.976446, 0.188607, -0.104788, -0.206555, 0.957488, -0.201376, 0.062352, 0.218276, 0.973893),

              ["RightLowerArm"] = CFrame.new(0.000000, 0.099495, 0.089010, 1.000000, 0.000000, 0.000000, -0.000000, 0.108911, -0.994052, -0.000000, 0.994052, 0.108910),

              ["RightLowerLeg"] = CFrame.new(0.000000, 0.045949, -0.006916, 1.000000, 0.000000, -0.000000, -0.000000, 0.929719, 0.368259, 0.000000, -0.368269, 0.929723),

              ["RightUpperArm"] = CFrame.new(0.411621, 0.290195, -0.374983, -0.024518, -0.017064, 0.999554, -0.285760, -0.958016, -0.023365, 0.957988, -0.286205, 0.018613),

              ["RightUpperLeg"] = CFrame.new(-0.002751, -0.097874, 0.098541, 0.656755, -0.750720, -0.071360, 0.687110, 0.634712, -0.353572, 0.310729, 0.183192, 0.932681),

              ["UpperTorso"] = CFrame.new(0.177004, 0.135194, -0.019629, 0.949108, -0.314860, 0.007592, 0.312708, 0.944945, 0.096398, -0.037526, -0.089118, 0.995314)

          }},

          {Time = 0.150, Data = {

              ["Head"] = CFrame.new(0.000000, 0.000000, 0.000000, 1.000000, -0.000000, 0.000000, -0.000000, 1.000000, 0.000000, -0.000000, -0.000000, 1.000000),

              ["LeftFoot"] = CFrame.new(-0.000000, 0.003095, -0.000003, 0.999483, -0.024592, -0.020707, 0.025478, 0.998722, 0.043649, 0.019606, -0.044143, 0.998832),

              ["LeftHand"] = CFrame.new(0.000500, 0.000100, -0.000000, 0.944087, -0.281292, 0.171971, 0.315193, 0.923053, -0.220516, -0.096708, 0.262388, 0.960104),

              ["LeftLowerArm"] = CFrame.new(-0.000500, 0.099983, 0.101873, 1.000000, -0.000000, 0.000000, 0.000000, -0.019727, -0.999805, 0.000000, 0.999805, -0.019728),

              ["LeftLowerLeg"] = CFrame.new(-0.000000, 0.013263, -0.000360, 1.000000, -0.000000, 0.000000, 0.000000, 0.995145, 0.098402, -0.000000, -0.098420, 0.995147),

              ["LeftUpperArm"] = CFrame.new(-0.348658, 0.230450, -0.237060, 0.007959, 0.083644, -0.996464, 0.141613, -0.986547, -0.081680, -0.989890, -0.140462, -0.019698),

              ["LeftUpperLeg"] = CFrame.new(-0.003755, -0.110049, 0.130612, 0.965388, -0.252481, 0.065415, 0.258687, 0.958890, -0.116660, -0.033271, 0.129554, 0.991015),

              ["LowerTorso"] = CFrame.new(-0.319156, -0.061790, 0.030807, 0.959113, 0.282731, -0.012868, -0.282882, 0.959081, -0.011931, 0.008968, 0.015083, 0.999846),

              ["RightFoot"] = CFrame.new(-0.000000, 0.009352, -0.000103, 0.827376, 0.429637, 0.361765, -0.436349, 0.897234, -0.067628, -0.353624, -0.101895, 0.929813),

              ["RightHand"] = CFrame.new(-0.000500, -0.000000, 0.000000, 0.976446, 0.188607, -0.104788, -0.206555, 0.957488, -0.201376, 0.062352, 0.218276, 0.973893),

              ["RightLowerArm"] = CFrame.new(0.000000, 0.099494, 0.089010, 1.000000, 0.000000, -0.000000, 0.000000, 0.108911, -0.994052, -0.000000, 0.994052, 0.108910),

              ["RightLowerLeg"] = CFrame.new(0.000000, 0.043919, -0.006266, 1.000000, -0.000000, -0.000000, -0.000000, 0.936310, 0.351163, 0.000000, -0.351174, 0.936314),

              ["RightUpperArm"] = CFrame.new(0.411621, 0.292239, -0.374368, -0.024519, -0.017064, 0.999554, -0.289849, -0.956785, -0.023444, 0.956758, -0.290294, 0.018513),

              ["RightUpperLeg"] = CFrame.new(-0.003325, -0.103030, 0.114601, 0.675251, -0.736123, -0.046471, 0.651437, 0.624740, -0.430489, 0.345927, 0.260429, 0.901399),

              ["UpperTorso"] = CFrame.new(0.175198, 0.132664, -0.040419, 0.949998, -0.312235, 0.003536, 0.311973, 0.949561, 0.031735, -0.013266, -0.029045, 0.999490)

          }},

          {Time = 0.167, Data = {

              ["Head"] = CFrame.new(-0.000000, -0.000000, -0.000000, 1.000000, 0.000000, 0.000000, -0.000000, 1.000000, 0.000000, -0.000000, -0.000000, 1.000000),

              ["LeftFoot"] = CFrame.new(0.000000, 0.002720, -0.000003, 0.999259, -0.029444, -0.024793, 0.031742, 0.994677, 0.098051, 0.021772, -0.098750, 0.994873),

              ["LeftHand"] = CFrame.new(0.000500, 0.000100, -0.000001, 0.944087, -0.281292, 0.171971, 0.315193, 0.923053, -0.220516, -0.096708, 0.262388, 0.960104),

              ["LeftLowerArm"] = CFrame.new(-0.000500, 0.099983, 0.101873, 1.000000, -0.000000, 0.000000, 0.000000, -0.019727, -0.999805, 0.000000, 0.999805, -0.019728),

              ["LeftLowerLeg"] = CFrame.new(0.000000, 0.011629, -0.000245, 1.000000, -0.000000, -0.000000, 0.000000, 0.996321, 0.085685, -0.000000, -0.085703, 0.996322),

              ["LeftUpperArm"] = CFrame.new(-0.348658, 0.231797, -0.236866, 0.007960, 0.083644, -0.996464, 0.144308, -0.986160, -0.081626, -0.989501, -0.143148, -0.019920),

              ["LeftUpperLeg"] = CFrame.new(-0.004501, -0.121888, 0.147389, 0.969559, -0.233522, 0.073645, 0.244231, 0.943833, -0.222548, -0.017538, 0.233769, 0.972136),

              ["LowerTorso"] = CFrame.new(-0.306909, -0.061243, 0.088263, 0.962416, 0.271437, 0.008748, -0.271520, 0.961044, 0.051687, 0.005623, -0.052120, 0.998625),

              ["RightFoot"] = CFrame.new(-0.000000, 0.008678, -0.000103, 0.844139, 0.410112, 0.345324, -0.434619, 0.900588, -0.007138, -0.313904, -0.144048, 0.938457),

              ["RightHand"] = CFrame.new(-0.000500, 0.000000, -0.000000, 0.976446, 0.188607, -0.104788, -0.206555, 0.957488, -0.201376, 0.062352, 0.218276, 0.973893),

              ["RightLowerArm"] = CFrame.new(-0.000000, 0.099494, 0.089010, 1.000000, 0.000000, 0.000000, -0.000000, 0.108911, -0.994052, -0.000000, 0.994052, 0.108910),

              ["RightLowerLeg"] = CFrame.new(0.000000, 0.040186, -0.005164, 1.000000, 0.000000, -0.000000, -0.000000, 0.947489, 0.319776, -0.000000, -0.319788, 0.947493),

              ["RightUpperArm"] = CFrame.new(0.411621, 0.294292, -0.373742, -0.024518, -0.017065, 0.999554, -0.293956, -0.955529, -0.023524, 0.955504, -0.294402, 0.018412),

              ["RightUpperLeg"] = CFrame.new(-0.003903, -0.108215, 0.130753, 0.702999, -0.710460, -0.032229, 0.605268, 0.621470, -0.497411, 0.373422, 0.330184, 0.866916),

              ["UpperTorso"] = CFrame.new(0.169641, 0.131181, -0.061616, 0.953678, -0.300829, -0.000290, 0.300654, 0.953157, -0.033144, 0.010247, 0.031521, 0.999451)

          }},

          {Time = 0.183, Data = {

              ["Head"] = CFrame.new(-0.000000, -0.000000, 0.000000, 1.000000, 0.000000, -0.000000, 0.000000, 1.000000, -0.000000, -0.000000, 0.000000, 1.000000),

              ["LeftFoot"] = CFrame.new(0.000000, 0.001664, -0.000003, 0.998743, -0.038340, -0.032283, 0.043053, 0.986032, 0.160914, 0.025661, -0.162082, 0.986440),

              ["LeftHand"] = CFrame.new(0.000500, 0.000100, -0.000001, 0.944087, -0.281292, 0.171971, 0.315193, 0.923053, -0.220516, -0.096708, 0.262388, 0.960104),

              ["LeftLowerArm"] = CFrame.new(-0.000500, 0.099983, 0.101873, 1.000000, -0.000000, 0.000000, 0.000000, -0.019727, -0.999805, 0.000000, 0.999805, -0.019728),

              ["LeftLowerLeg"] = CFrame.new(-0.000000, 0.007238, -0.000019, 1.000000, 0.000000, 0.000000, -0.000000, 0.998645, 0.052016, 0.000000, -0.052034, 0.998646),

              ["LeftUpperArm"] = CFrame.new(-0.348658, 0.233120, -0.236671, 0.007959, 0.083644, -0.996464, 0.146954, -0.985774, -0.081572, -0.989111, -0.145785, -0.020138),

              ["LeftUpperLeg"] = CFrame.new(-0.005232, -0.133518, 0.163868, 0.975774, -0.204036, 0.078953, 0.218596, 0.924058, -0.313574, -0.008976, 0.323244, 0.946276),

              ["LowerTorso"] = CFrame.new(-0.286915, -0.060023, 0.144205, 0.967350, 0.251950, 0.027495, -0.253435, 0.960589, 0.114194, 0.002360, -0.117434, 0.993078),

              ["RightFoot"] = CFrame.new(0.000000, 0.007608, -0.000103, 0.862707, 0.386841, 0.325729, -0.427034, 0.902281, 0.059454, -0.270885, -0.190374, 0.943592),

              ["RightHand"] = CFrame.new(-0.000500, 0.000000, 0.000001, 0.976446, 0.188607, -0.104788, -0.206555, 0.957488, -0.201376, 0.062352, 0.218276, 0.973893),

              ["RightLowerArm"] = CFrame.new(0.000000, 0.099494, 0.089010, 1.000000, 0.000000, -0.000000, -0.000000, 0.108911, -0.994052, -0.000000, 0.994052, 0.108910),

              ["RightLowerLeg"] = CFrame.new(0.000000, 0.034354, -0.003676, 1.000000, 0.000000, 0.000000, -0.000000, 0.962564, 0.271042, -0.000000, -0.271056, 0.962568),

              ["RightUpperArm"] = CFrame.new(0.411621, 0.296307, -0.373117, -0.024519, -0.017064, 0.999554, -0.297985, -0.954279, -0.023601, 0.954256, -0.298431, 0.018312),

              ["RightUpperLeg"] = CFrame.new(-0.004471, -0.113308, 0.146618, 0.737267, -0.674946, -0.029745, 0.550704, 0.625884, -0.552255, 0.391361, 0.390790, 0.833144),

              ["UpperTorso"] = CFrame.new(0.160620, 0.131115, -0.082786, 0.959562, -0.281471, -0.003759, 0.279816, 0.955209, -0.096328, 0.030705, 0.091381, 0.995342)

          }},

          {Time = 0.200, Data = {

              ["Head"] = CFrame.new(0.000000, 0.000000, 0.000000, 1.000000, 0.000000, -0.000000, 0.000000, 1.000000, -0.000000, 0.000000, 0.000000, 1.000000),

              ["LeftFoot"] = CFrame.new(0.000000, -0.000262, -0.000003, 0.997824, -0.050439, -0.042470, 0.058860, 0.971666, 0.228939, 0.029718, -0.230915, 0.972514),

              ["LeftHand"] = CFrame.new(0.000500, 0.000100, -0.000000, 0.944088, -0.281292, 0.171971, 0.315193, 0.923053, -0.220516, -0.096708, 0.262388, 0.960104),

              ["LeftLowerArm"] = CFrame.new(-0.000500, 0.099983, 0.101873, 1.000000, -0.000000, 0.000000, 0.000000, -0.019727, -0.999805, 0.000000, 0.999805, -0.019728),

              ["LeftLowerLeg"] = CFrame.new(-0.000000, 0.000139, 0.000103, 1.000000, 0.000000, -0.000000, -0.000000, 1.000000, -0.000007, -0.000000, -0.000010, 1.000000),

              ["LeftUpperArm"] = CFrame.new(-0.348658, 0.234387, -0.236481, 0.007959, 0.083644, -0.996464, 0.149488, -0.985397, -0.081521, -0.988732, -0.148311, -0.020347),

              ["LeftUpperLeg"] = CFrame.new(-0.005934, -0.144661, 0.179656, 0.982832, -0.165691, 0.081165, 0.184287, 0.902832, -0.388495, -0.008907, 0.396789, 0.917869),

              ["LowerTorso"] = CFrame.new(-0.260216, -0.058075, 0.197117, 0.973353, 0.225481, 0.041744, -0.229312, 0.957669, 0.174029, -0.000737, -0.178964, 0.983855),

              ["RightFoot"] = CFrame.new(-0.000000, 0.005951, -0.000103, 0.881714, 0.360894, 0.303880, -0.414282, 0.900429, 0.132690, -0.225724, -0.242866, 0.943425),

              ["RightHand"] = CFrame.new(-0.000500, 0.000000, -0.000001, 0.976446, 0.188607, -0.104788, -0.206555, 0.957488, -0.201376, 0.062352, 0.218276, 0.973893),

              ["RightLowerArm"] = CFrame.new(-0.000000, 0.099494, 0.089010, 1.000000, 0.000000, -0.000000, -0.000000, 0.108911, -0.994052, -0.000000, 0.994052, 0.108910),

              ["RightLowerLeg"] = CFrame.new(-0.000000, 0.025679, -0.001963, 1.000000, 0.000000, 0.000000, -0.000000, 0.979903, 0.199459, 0.000000, -0.199475, 0.979906),

              ["RightUpperArm"] = CFrame.new(0.411621, 0.298234, -0.372511, -0.024518, -0.017064, 0.999554, -0.301840, -0.953065, -0.023675, 0.953043, -0.302286, 0.018217),

              ["RightUpperLeg"] = CFrame.new(-0.005014, -0.118188, 0.161818, 0.775237, -0.630417, -0.039770, 0.490044, 0.639950, -0.591873, 0.398579, 0.439361, 0.805050),

              ["UpperTorso"] = CFrame.new(0.148386, 0.132635, -0.103354, 0.966927, -0.254962, -0.006762, 0.250828, 0.955384, -0.155973, 0.046227, 0.149119, 0.987738)

          }},

          {Time = 0.217, Data = {

              ["Head"] = CFrame.new(0.000000, -0.000000, -0.000000, 1.000000, 0.000000, -0.000000, 0.000000, 1.000000, 0.000000, 0.000000, -0.000000, 1.000000),

              ["LeftFoot"] = CFrame.new(0.000000, -0.006415, -0.000003, 0.996387, -0.064967, -0.054704, 0.077345, 0.960188, 0.268461, 0.035083, -0.271695, 0.961736),

              ["LeftHand"] = CFrame.new(0.000500, 0.000100, 0.000000, 0.944087, -0.281292, 0.171971, 0.315193, 0.923053, -0.220516, -0.096708, 0.262388, 0.960104),

              ["LeftLowerArm"] = CFrame.new(-0.000500, 0.099983, 0.101873, 1.000000, -0.000000, 0.000000, 0.000000, -0.019727, -0.999805, 0.000000, 0.999805, -0.019728),

              ["LeftLowerLeg"] = CFrame.new(-0.000000, -0.005993, 0.000021, 1.000000, 0.000000, -0.000000, 0.000000, 1.000000, -0.000007, 0.000000, -0.000010, 1.000000),

              ["LeftUpperArm"] = CFrame.new(-0.348657, 0.235567, -0.236301, 0.007959, 0.083644, -0.996464, 0.151847, -0.985041, -0.081472, -0.988372, -0.150662, -0.020542),

              ["LeftUpperLeg"] = CFrame.new(-0.006586, -0.155037, 0.194360, 0.989461, -0.117060, 0.085226, 0.143688, 0.866531, -0.477988, -0.017898, 0.485202, 0.874222),

              ["LowerTorso"] = CFrame.new(-0.227929, -0.055477, 0.245534, 0.979822, 0.193421, 0.050365, -0.199838, 0.952570, 0.229508, -0.003585, -0.234942, 0.972003),

              ["RightFoot"] = CFrame.new(0.000000, 0.003340, -0.000103, 0.900021, 0.333403, 0.280732, -0.397096, 0.892766, 0.212833, -0.179660, -0.303005, 0.935891),

              ["RightHand"] = CFrame.new(-0.000500, -0.000000, -0.000000, 0.976446, 0.188607, -0.104788, -0.206555, 0.957488, -0.201376, 0.062352, 0.218276, 0.973893),

              ["RightLowerArm"] = CFrame.new(-0.000000, 0.099494, 0.089009, 1.000000, 0.000000, 0.000000, -0.000000, 0.108911, -0.994052, -0.000000, 0.994052, 0.108910),

              ["RightLowerLeg"] = CFrame.new(-0.000000, 0.013264, -0.000475, 1.000000, 0.000000, 0.000000, 0.000000, 0.994988, 0.099978, -0.000000, -0.099995, 0.994990),

              ["RightUpperArm"] = CFrame.new(0.411621, 0.300028, -0.371939, -0.024519, -0.017064, 0.999554, -0.305426, -0.951920, -0.023743, 0.951900, -0.305872, 0.018127),

              ["RightUpperLeg"] = CFrame.new(-0.005520, -0.122732, 0.175973, 0.814227, -0.577287, -0.061428, 0.425718, 0.665662, -0.612905, 0.394713, 0.472899, 0.787765),

              ["UpperTorso"] = CFrame.new(0.133188, 0.135647, -0.122644, 0.974978, -0.222109, -0.009205, 0.215261, 0.953633, -0.210349, 0.055498, 0.203104, 0.977583)

          }},

          {Time = 0.233, Data = {

              ["Head"] = CFrame.new(-0.000000, 0.000000, -0.000000, 1.000000, 0.000000, -0.000000, -0.000000, 1.000000, 0.000000, -0.000000, -0.000000, 1.000000),

              ["LeftFoot"] = CFrame.new(0.000000, -0.013142, -0.000003, 0.994338, -0.081288, -0.068446, 0.098328, 0.948061, 0.302538, 0.040296, -0.307526, 0.950677),

              ["LeftHand"] = CFrame.new(0.000500, 0.000100, -0.000000, 0.944087, -0.281292, 0.171971, 0.315193, 0.923053, -0.220516, -0.096708, 0.262388, 0.960104),

              ["LeftLowerArm"] = CFrame.new(-0.000500, 0.099983, 0.101873, 1.000000, -0.000000, 0.000000, 0.000000, -0.019727, -0.999805, 0.000000, 0.999805, -0.019728),

              ["LeftLowerLeg"] = CFrame.new(-0.000000, -0.012696, -0.000067, 1.000000, 0.000000, 0.000000, 0.000000, 1.000000, -0.000007, 0.000000, -0.000010, 1.000000),

              ["LeftUpperArm"] = CFrame.new(-0.348658, 0.236627, -0.236137, 0.007960, 0.083644, -0.996464, 0.153968, -0.984715, -0.081427, -0.988044, -0.152776, -0.020716),

              ["LeftUpperLeg"] = CFrame.new(-0.007174, -0.164371, 0.207586, 0.994458, -0.062000, 0.084908, 0.098852, 0.826396, -0.554340, -0.035798, 0.559666, 0.827948),

              ["LowerTorso"] = CFrame.new(-0.191189, -0.052442, 0.288056, 0.986153, 0.157212, 0.052799, -0.165729, 0.945919, 0.278874, -0.006101, -0.283762, 0.958875),

              ["RightFoot"] = CFrame.new(0.000000, -0.002367, -0.000103, 0.916801, 0.305481, 0.257220, -0.374221, 0.882045, 0.286311, -0.139412, -0.358717, 0.922965),

              ["RightHand"] = CFrame.new(-0.000500, 0.000000, -0.000000, 0.976446, 0.188607, -0.104788, -0.206555, 0.957488, -0.201376, 0.062352, 0.218276, 0.973893),

              ["RightLowerArm"] = CFrame.new(-0.000000, 0.099494, 0.089010, 1.000000, 0.000000, -0.000000, -0.000000, 0.108911, -0.994052, -0.000000, 0.994052, 0.108910),

              ["RightLowerLeg"] = CFrame.new(0.000000, -0.002357, -0.000028, 1.000000, -0.000000, -0.000000, -0.000000, 1.000000, -0.000007, 0.000000, -0.000010, 1.000000),

              ["RightUpperArm"] = CFrame.new(0.411621, 0.301638, -0.371420, -0.024519, -0.017064, 0.999554, -0.308647, -0.950879, -0.023804, 0.950861, -0.309093, 0.018047),

              ["RightUpperLeg"] = CFrame.new(-0.005976, -0.126820, 0.188706, 0.851909, -0.516963, -0.083663, 0.360104, 0.694264, -0.623152, 0.380232, 0.500746, 0.777613),

              ["UpperTorso"] = CFrame.new(0.115316, 0.139770, -0.139941, 0.982911, -0.183752, -0.011013, 0.174756, 0.950242, -0.257876, 0.057851, 0.251544, 0.966115)

          }},

          {Time = 0.250, Data = {

              ["Head"] = CFrame.new(0.000000, 0.000001, -0.000000, 1.000000, 0.000000, -0.000000, -0.000000, 1.000000, -0.000000, -0.000000, 0.000000, 1.000000),

              ["LeftFoot"] = CFrame.new(-0.000000, -0.019160, -0.000003, 0.991598, -0.098950, -0.083318, 0.121170, 0.936010, 0.330489, 0.045282, -0.337778, 0.940125),

              ["LeftHand"] = CFrame.new(0.000500, 0.000100, -0.000000, 0.944087, -0.281292, 0.171971, 0.315193, 0.923053, -0.220516, -0.096708, 0.262388, 0.960104),

              ["LeftLowerArm"] = CFrame.new(-0.000500, 0.099982, 0.101873, 1.000000, -0.000000, 0.000000, 0.000000, -0.019727, -0.999805, 0.000000, 0.999805, -0.019728),

              ["LeftLowerLeg"] = CFrame.new(-0.000000, -0.018693, -0.000147, 1.000000, -0.000000, 0.000000, -0.000000, 1.000000, -0.000007, -0.000000, -0.000010, 1.000000),

              ["LeftUpperArm"] = CFrame.new(-0.348658, 0.237538, -0.235994, 0.007959, 0.083644, -0.996464, 0.155788, -0.984432, -0.081389, -0.987758, -0.154590, -0.020866),

