return {
["triple kill rub"] = {

          {Time = 0.000, Data = {

              ["Head"] = CFrame.new(0.000000, -0.000000, -0.000000, 1.000000, -0.000000, -0.000000, 0.000000, 1.000000, -0.000000, -0.000000, 0.000000, 1.000000),

              ["LeftFoot"] = CFrame.new(-0.000000, 0.012264, -0.000003, 0.999264, -0.029346, -0.024710, 0.024264, 0.982358, -0.185443, 0.029714, 0.184692, 0.982344),

              ["LeftHand"] = CFrame.new(0.000489, 0.016500, -0.000000, 0.857499, 0.443906, -0.260084, -0.469964, 0.881545, -0.044872, 0.209355, 0.160707, 0.964543),

              ["LeftLowerArm"] = CFrame.new(-0.000500, 0.085431, 0.029016, 1.000000, -0.000000, -0.000000, 0.000000, 0.702522, -0.711661, 0.000000, 0.711662, 0.702523),

              ["LeftLowerLeg"] = CFrame.new(0.000000, 0.061403, -0.012934, 1.000000, -0.000000, -0.000000, 0.000000, 0.867509, 0.497416, -0.000000, -0.497421, 0.867512),

              ["LeftUpperArm"] = CFrame.new(-0.049246, -1.389981, 0.298895, 0.438152, 0.568030, 0.696681, -0.824822, 0.562158, 0.060394, -0.357340, -0.601099, 0.714834),

              ["LeftUpperLeg"] = CFrame.new(0.315103, -0.018560, -0.000100, 0.993067, 0.116651, -0.014502, -0.114923, 0.937526, -0.328371, -0.024709, 0.327778, 0.944438),

              ["LowerTorso"] = CFrame.new(0.000000, -0.102335, 0.092102, 0.996317, -0.085749, -0.000000, 0.085749, 0.996317, -0.000000, 0.000000, -0.000000, 1.000000),

              ["RightFoot"] = CFrame.new(0.000000, 0.027110, -0.000100, 0.940264, 0.260446, 0.219297, -0.201197, 0.944655, -0.259105, -0.274635, 0.199487, 0.940624),

              ["RightHand"] = CFrame.new(-0.000531, -0.047988, -0.000000, 0.979708, 0.173458, -0.100423, -0.193731, 0.947985, -0.252576, 0.051388, 0.266904, 0.962352),

              ["RightLowerArm"] = CFrame.new(-0.000001, -0.047929, 0.000261, 1.000000, 0.000000, 0.000000, -0.000000, 1.000000, -0.000001, -0.000000, -0.000000, 1.000000),

              ["RightLowerLeg"] = CFrame.new(-0.000000, 0.110339, -0.049808, 1.000000, 0.000000, 0.000000, -0.000000, 0.486681, 0.873580, 0.000000, -0.873580, 0.486680),

              ["RightUpperArm"] = CFrame.new(0.337486, -1.150228, -0.372375, -0.122722, 0.492439, 0.861652, 0.837549, 0.517149, -0.176264, -0.532401, 0.700044, -0.475907),

              ["RightUpperLeg"] = CFrame.new(0.613279, 0.674604, 0.590234, -0.413290, -0.641841, 0.645906, -0.899287, 0.399173, -0.178797, -0.143088, -0.654753, -0.742184),

              ["UpperTorso"] = CFrame.new(0.000000, -0.000000, 0.000000, 0.995762, 0.091969, 0.000000, -0.091969, 0.995762, -0.000000, -0.000000, -0.000000, 1.000000)

          }},

          {Time = 0.020, Data = {

              ["Head"] = CFrame.new(0.000000, -0.000000, -0.000000, 1.000000, -0.000000, -0.000000, 0.000000, 1.000000, -0.000000, -0.000000, 0.000000, 1.000000),

              ["LeftFoot"] = CFrame.new(-0.000000, 0.012264, -0.000003, 0.999264, -0.029346, -0.024710, 0.024264, 0.982358, -0.185443, 0.029714, 0.184692, 0.982344),

              ["LeftHand"] = CFrame.new(0.000489, 0.016395, 0.000000, 0.858255, 0.442816, -0.259450, -0.468387, 0.882464, -0.043269, 0.209793, 0.158658, 0.964787),

              ["LeftLowerArm"] = CFrame.new(-0.000500, 0.085083, 0.028759, 1.000000, -0.000000, -0.000000, 0.000000, 0.705196, -0.709012, 0.000000, 0.709013, 0.705196),

              ["LeftLowerLeg"] = CFrame.new(0.000000, 0.061403, -0.012934, 1.000000, -0.000000, -0.000000, 0.000000, 0.867509, 0.497416, -0.000000, -0.497421, 0.867512),

              ["LeftUpperArm"] = CFrame.new(-0.050153, -1.392557, 0.303816, 0.436338, 0.576603, 0.690752, -0.829973, 0.554404, 0.061495, -0.347498, -0.600138, 0.720472),

              ["LeftUpperLeg"] = CFrame.new(0.315103, -0.018560, -0.000100, 0.993067, 0.116651, -0.014502, -0.114923, 0.937526, -0.328371, -0.024709, 0.327778, 0.944438),

              ["LowerTorso"] = CFrame.new(0.000000, -0.102335, 0.092102, 0.996317, -0.085749, -0.000000, 0.085749, 0.996317, -0.000000, 0.000000, -0.000000, 1.000000),

              ["RightFoot"] = CFrame.new(-0.000000, 0.026896, -0.000100, 0.942180, 0.256362, 0.215857, -0.200671, 0.947435, -0.249169, -0.268381, 0.191428, 0.944098),

              ["RightHand"] = CFrame.new(-0.000531, -0.046429, -0.000000, 0.980536, 0.169927, -0.098361, -0.190035, 0.947313, -0.257847, 0.049363, 0.271518, 0.961166),

              ["RightLowerArm"] = CFrame.new(-0.000001, -0.046372, 0.000252, 1.000000, 0.000000, 0.000000, 0.000000, 1.000000, -0.000001, -0.000000, -0.000000, 1.000000),

              ["RightLowerLeg"] = CFrame.new(-0.000000, 0.109527, -0.048653, 1.000000, 0.000000, 0.000000, -0.000000, 0.498672, 0.866791, 0.000000, -0.866791, 0.498672),

              ["RightUpperArm"] = CFrame.new(0.335183, -1.148793, -0.376378, -0.122803, 0.492031, 0.861873, 0.836926, 0.518072, -0.176512, -0.533362, 0.699648, -0.475413),

              ["RightUpperLeg"] = CFrame.new(0.613279, 0.674604, 0.590234, -0.409936, -0.650209, 0.639644, -0.901577, 0.395162, -0.176156, -0.138245, -0.648903, -0.748215),

              ["UpperTorso"] = CFrame.new(0.000000, -0.000000, 0.000000, 0.995762, 0.091969, 0.000000, -0.091969, 0.995762, -0.000000, -0.000000, -0.000000, 1.000000)

          }},

          {Time = 0.040, Data = {

              ["Head"] = CFrame.new(0.000000, -0.000000, -0.000000, 1.000000, -0.000000, -0.000000, 0.000000, 1.000000, -0.000000, -0.000000, 0.000000, 1.000000),

              ["LeftFoot"] = CFrame.new(-0.000000, 0.012264, -0.000003, 0.999264, -0.029346, -0.024710, 0.024264, 0.982358, -0.185443, 0.029714, 0.184692, 0.982344),

              ["LeftHand"] = CFrame.new(0.000489, 0.016075, 0.000000, 0.860648, 0.439339, -0.257425, -0.463789, 0.885037, -0.040120, 0.210202, 0.153919, 0.965465),

              ["LeftLowerArm"] = CFrame.new(-0.000500, 0.084006, 0.027972, 1.000000, -0.000000, -0.000000, 0.000000, 0.713360, -0.700797, 0.000000, 0.700798, 0.713360),

              ["LeftLowerLeg"] = CFrame.new(0.000000, 0.061403, -0.012934, 1.000000, -0.000000, -0.000000, 0.000000, 0.867509, 0.497416, -0.000000, -0.497421, 0.867512),

              ["LeftUpperArm"] = CFrame.new(-0.052903, -1.399533, 0.317746, 0.430838, 0.600416, 0.673705, -0.843925, 0.532492, 0.065131, -0.319637, -0.596618, 0.736125),

              ["LeftUpperLeg"] = CFrame.new(0.315103, -0.018560, -0.000100, 0.993067, 0.116651, -0.014502, -0.114923, 0.937526, -0.328371, -0.024709, 0.327778, 0.944438),

              ["LowerTorso"] = CFrame.new(0.000000, -0.102335, 0.092102, 0.996317, -0.085749, -0.000000, 0.085749, 0.996317, -0.000000, 0.000000, -0.000000, 1.000000),

              ["RightFoot"] = CFrame.new(-0.000000, 0.026089, -0.000101, 0.947196, 0.245307, 0.206549, -0.199081, 0.954773, -0.220823, -0.251370, 0.168027, 0.953192),

              ["RightHand"] = CFrame.new(-0.000528, -0.041994, -0.000000, 0.982791, 0.159892, -0.092500, -0.179449, 0.945197, -0.272767, 0.043817, 0.284670, 0.957623),

              ["RightLowerArm"] = CFrame.new(-0.000001, -0.041943, 0.000228, 1.000000, 0.000000, 0.000000, -0.000000, 1.000000, -0.000001, -0.000000, -0.000000, 1.000000),

              ["RightLowerLeg"] = CFrame.new(-0.000000, 0.106999, -0.045485, 1.000000, 0.000000, 0.000000, -0.000000, 0.531643, 0.846969, 0.000000, -0.846969, 0.531643),

              ["RightUpperArm"] = CFrame.new(0.328707, -1.144724, -0.387771, -0.123157, 0.490859, 0.862491, 0.835163, 0.520712, -0.177092, -0.536036, 0.698510, -0.474077),

              ["RightUpperLeg"] = CFrame.new(0.613279, 0.674604, 0.590234, -0.400711, -0.672778, 0.621904, -0.907618, 0.384225, -0.169191, -0.125143, -0.632250, -0.764598),

              ["UpperTorso"] = CFrame.new(0.000000, -0.000000, 0.000000, 0.995762, 0.091969, 0.000000, -0.091969, 0.995762, -0.000000, -0.000000, -0.000000, 1.000000)

          }},

          {Time = 0.060, Data = {

              ["Head"] = CFrame.new(0.000000, -0.000000, -0.000000, 1.000000, -0.000000, -0.000000, 0.000000, 1.000000, -0.000000, -0.000000, 0.000000, 1.000000),

              ["LeftFoot"] = CFrame.new(-0.000000, 0.012264, -0.000003, 0.999264, -0.029346, -0.024710, 0.024264, 0.982358, -0.185443, 0.029714, 0.184692, 0.982344),

              ["LeftHand"] = CFrame.new(0.000490, 0.015502, 0.000000, 0.864910, 0.433054, -0.253762, -0.456465, 0.888892, -0.038869, 0.208733, 0.149451, 0.966485),

              ["LeftLowerArm"] = CFrame.new(-0.000500, 0.082045, 0.026578, 1.000000, -0.000000, -0.000000, 0.000000, 0.727814, -0.685774, 0.000000, 0.685775, 0.727814),

              ["LeftLowerLeg"] = CFrame.new(0.000000, 0.061403, -0.012934, 1.000000, -0.000000, -0.000000, 0.000000, 0.867509, 0.497416, -0.000000, -0.497421, 0.867512),

              ["LeftUpperArm"] = CFrame.new(-0.057756, -1.409555, 0.339540, 0.421133, 0.636376, 0.646276, -0.863970, 0.498327, 0.072296, -0.276049, -0.588809, 0.759672),

              ["LeftUpperLeg"] = CFrame.new(0.315103, -0.018560, -0.000100, 0.993067, 0.116651, -0.014502, -0.114923, 0.937526, -0.328371, -0.024709, 0.327778, 0.944438),

              ["LowerTorso"] = CFrame.new(0.000000, -0.102335, 0.092102, 0.996317, -0.085749, -0.000000, 0.085749, 0.996317, -0.000000, 0.000000, -0.000000, 1.000000),

              ["RightFoot"] = CFrame.new(0.000000, 0.024704, -0.000101, 0.954027, 0.229294, 0.193065, -0.196361, 0.964733, -0.175269, -0.226439, 0.129288, 0.965405),

              ["RightHand"] = CFrame.new(-0.000523, -0.035064, -0.000000, 0.986039, 0.144171, -0.083318, -0.162630, 0.941261, -0.295941, 0.035757, 0.305358, 0.951566),

              ["RightLowerArm"] = CFrame.new(-0.000001, -0.035021, 0.000190, 1.000000, 0.000000, 0.000000, -0.000000, 1.000000, -0.000001, -0.000000, -0.000000, 1.000000),

              ["RightLowerLeg"] = CFrame.new(0.000000, 0.102657, -0.040650, 1.000000, 0.000000, 0.000000, -0.000000, 0.581926, 0.813242, 0.000000, -0.813242, 0.581926),

              ["RightUpperArm"] = CFrame.new(0.318773, -1.138375, -0.405653, -0.124085, 0.488992, 0.863418, 0.832430, 0.524887, -0.177636, -0.540059, 0.696692, -0.472182),

              ["RightUpperLeg"] = CFrame.new(0.613279, 0.674604, 0.590234, -0.386901, -0.705743, 0.593464, -0.915977, 0.368338, -0.159181, -0.106273, -0.605189, -0.788963),

              ["UpperTorso"] = CFrame.new(0.000000, -0.000000, 0.000000, 0.995762, 0.091969, 0.000000, -0.091969, 0.995762, -0.000000, -0.000000, -0.000000, 1.000000)

          }},

          {Time = 0.080, Data = {

              ["Head"] = CFrame.new(0.000000, -0.000000, -0.000000, 1.000000, -0.000000, -0.000000, 0.000000, 1.000000, -0.000000, -0.000000, 0.000000, 1.000000),

              ["LeftFoot"] = CFrame.new(-0.000000, 0.012264, -0.000003, 0.999264, -0.029346, -0.024710, 0.024264, 0.982358, -0.185443, 0.029714, 0.184692, 0.982344),

              ["LeftHand"] = CFrame.new(0.000490, 0.014630, 0.000000, 0.871161, 0.423612, -0.248258, -0.446896, 0.893525, -0.043546, 0.203376, 0.148880, 0.967715),

              ["LeftLowerArm"] = CFrame.new(-0.000500, 0.078968, 0.024483, 1.000000, -0.000000, -0.000000, 0.000000, 0.749491, -0.662014, 0.000000, 0.662014, 0.749492),

              ["LeftLowerLeg"] = CFrame.new(0.000000, 0.061403, -0.012934, 1.000000, -0.000000, -0.000000, 0.000000, 0.867509, 0.497416, -0.000000, -0.497421, 0.867512),

              ["LeftUpperArm"] = CFrame.new(-0.065040, -1.421042, 0.367977, 0.406565, 0.681011, 0.609039, -0.886942, 0.454124, 0.084291, -0.219176, -0.574452, 0.788649),

              ["LeftUpperLeg"] = CFrame.new(0.315103, -0.018560, -0.000100, 0.993067, 0.116651, -0.014502, -0.114923, 0.937526, -0.328371, -0.024709, 0.327778, 0.944438),

              ["LowerTorso"] = CFrame.new(0.000000, -0.102335, 0.092102, 0.996317, -0.085749, -0.000000, 0.085749, 0.996317, -0.000000, 0.000000, -0.000000, 1.000000),

              ["RightFoot"] = CFrame.new(-0.000000, 0.022633, -0.000101, 0.961438, 0.210400, 0.177157, -0.192330, 0.974721, -0.113640, -0.196585, 0.075177, 0.977600),

              ["RightHand"] = CFrame.new(-0.000517, -0.026066, -0.000000, 0.989774, 0.123558, -0.071279, -0.140184, 0.934958, -0.325890, 0.026376, 0.332547, 0.942717),

              ["RightLowerArm"] = CFrame.new(-0.000001, -0.026034, 0.000142, 1.000000, -0.000000, 0.000000, -0.000000, 1.000000, -0.000001, -0.000000, -0.000000, 1.000000),

              ["RightLowerLeg"] = CFrame.new(-0.000000, 0.096183, -0.034558, 1.000000, 0.000000, 0.000000, -0.000000, 0.645261, 0.763962, 0.000000, -0.763962, 0.645262),

              ["RightUpperArm"] = CFrame.new(0.306148, -1.130103, -0.429145, -0.125986, 0.486487, 0.864557, 0.828898, 0.530432, -0.177684, -0.545029, 0.694243, -0.470075),

              ["RightUpperLeg"] = CFrame.new(0.613279, 0.674604, 0.590234, -0.369858, -0.745142, 0.554919, -0.925263, 0.349582, -0.147330, -0.084226, -0.567940, -0.818755),

              ["UpperTorso"] = CFrame.new(0.000000, -0.000000, 0.000000, 0.995762, 0.091969, 0.000000, -0.091969, 0.995762, -0.000000, -0.000000, -0.000000, 1.000000)

          }},

          {Time = 0.100, Data = {

              ["Head"] = CFrame.new(0.000000, -0.000000, -0.000000, 1.000000, -0.000000, -0.000000, 0.000000, 1.000000, -0.000000, -0.000000, 0.000000, 1.000000),

              ["LeftFoot"] = CFrame.new(-0.000000, 0.012264, -0.000003, 0.999264, -0.029346, -0.024710, 0.024264, 0.982358, -0.185443, 0.029714, 0.184692, 0.982344),

              ["LeftHand"] = CFrame.new(0.000491, 0.013036, -0.000000, 0.879255, 0.410961, -0.240879, -0.435521, 0.898369, -0.057043, 0.192954, 0.155062, 0.968878),

              ["LeftLowerArm"] = CFrame.new(-0.000500, 0.074322, 0.021785, 1.000000, -0.000000, -0.000000, 0.000000, 0.777501, -0.628882, 0.000000, 0.628882, 0.777501),

              ["LeftLowerLeg"] = CFrame.new(0.000000, 0.061403, -0.012934, 1.000000, -0.000000, -0.000000, 0.000000, 0.867509, 0.497416, -0.000000, -0.497421, 0.867512),

              ["LeftUpperArm"] = CFrame.new(-0.074904, -1.432335, 0.401547, 0.386836, 0.729956, 0.563491, -0.909529, 0.402769, 0.102637, -0.152037, -0.552215, 0.819722),

              ["LeftUpperLeg"] = CFrame.new(0.315103, -0.018560, -0.000100, 0.993067, 0.116651, -0.014502, -0.114923, 0.937526, -0.328371, -0.024709, 0.327778, 0.944438),

              ["LowerTorso"] = CFrame.new(0.000000, -0.102335, 0.092102, 0.996317, -0.085749, -0.000000, 0.085749, 0.996317, -0.000000, 0.000000, -0.000000, 1.000000),

              ["RightFoot"] = CFrame.new(-0.000000, 0.019428, -0.000101, 0.968487, 0.190547, 0.160440, -0.186801, 0.981654, -0.038017, -0.164740, 0.006845, 0.986313),

              ["RightHand"] = CFrame.new(-0.000510, -0.015375, 0.000000, 0.993481, 0.098818, -0.056832, -0.112731, 0.925707, -0.361054, 0.016931, 0.365105, 0.930812),

              ["RightLowerArm"] = CFrame.new(0.000000, -0.015355, 0.000083, 1.000000, -0.000000, 0.000000, 0.000000, 1.000000, -0.000001, -0.000000, -0.000000, 1.000000),

              ["RightLowerLeg"] = CFrame.new(0.000000, 0.087075, -0.027777, 1.000000, 0.000000, 0.000000, -0.000000, 0.715784, 0.698321, 0.000000, -0.698322, 0.715785),

              ["RightUpperArm"] = CFrame.new(0.291607, -1.120264, -0.457365, -0.129286, 0.483393, 0.865804, 0.824735, 0.537184, -0.176765, -0.550542, 0.691206, -0.468121),

              ["RightUpperLeg"] = CFrame.new(0.613279, 0.674604, 0.590234, -0.350978, -0.786934, 0.507463, -0.934374, 0.329841, -0.134811, -0.061312, -0.521479, -0.851063),

              ["UpperTorso"] = CFrame.new(0.000000, -0.000000, 0.000000, 0.995762, 0.091969, 0.000000, -0.091969, 0.995762, -0.000000, -0.000000, -0.000000, 1.000000)

          }},

          {Time = 0.120, Data = {

              ["Head"] = CFrame.new(0.000000, -0.000000, -0.000000, 1.000000, -0.000000, -0.000000, 0.000000, 1.000000, -0.000000, -0.000000, 0.000000, 1.000000),

              ["LeftFoot"] = CFrame.new(-0.000000, 0.012264, -0.000003, 0.999264, -0.029346, -0.024710, 0.024264, 0.982358, -0.185443, 0.029714, 0.184692, 0.982344),

              ["LeftHand"] = CFrame.new(0.000492, 0.011378, 0.000000, 0.888757, 0.395437, -0.231823, -0.423279, 0.902098, -0.083985, 0.175915, 0.172767, 0.969126),

              ["LeftLowerArm"] = CFrame.new(-0.000500, 0.068210, 0.018300, 1.000000, -0.000000, -0.000000, -0.000000, 0.813420, -0.581677, 0.000000, 0.581677, 0.813420),

              ["LeftLowerLeg"] = CFrame.new(0.000000, 0.061403, -0.012934, 1.000000, -0.000000, -0.000000, 0.000000, 0.867509, 0.497416, -0.000000, -0.497421, 0.867512),

              ["LeftUpperArm"] = CFrame.new(-0.087148, -1.441939, 0.438355, 0.362348, 0.780453, 0.509507, -0.928738, 0.348334, 0.126924, -0.078421, -0.519189, 0.851054),

              ["LeftUpperLeg"] = CFrame.new(0.315103, -0.018560, -0.000100, 0.993067, 0.116651, -0.014502, -0.114923, 0.937526, -0.328371, -0.024709, 0.327778, 0.944438),

              ["LowerTorso"] = CFrame.new(0.000000, -0.102335, 0.092102, 0.996317, -0.085749, -0.000000, 0.085749, 0.996317, -0.000000, 0.000000, -0.000000, 1.000000),

              ["RightFoot"] = CFrame.new(-0.000000, 0.015582, -0.000101, 0.974602, 0.171330, 0.144259, -0.180115, 0.982345, 0.050424, -0.133075, -0.075124, 0.988254),

              ["RightHand"] = CFrame.new(-0.000502, -0.003383, -0.000000, 0.996679, 0.070695, -0.040410, -0.080971, 0.913017, -0.399806, 0.008631, 0.401748, 0.915709),

              ["RightLowerArm"] = CFrame.new(-0.000001, -0.003379, 0.000019, 1.000000, -0.000000, 0.000000, -0.000000, 1.000000, -0.000001, -0.000000, -0.000000, 1.000000),

              ["RightLowerLeg"] = CFrame.new(-0.000001, 0.075429, -0.020656, 1.000000, 0.000000, 0.000000, -0.000000, 0.789524, 0.613718, 0.000000, -0.613719, 0.789525),

              ["RightUpperArm"] = CFrame.new(0.275908, -1.109206, -0.489421, -0.134366, 0.479763, 0.867049, 0.820099, 0.544978, -0.174462, -0.556222, 0.687624, -0.466680),

              ["RightUpperLeg"] = CFrame.new(0.613279, 0.674604, 0.590234, -0.331623, -0.828588, 0.451042, -0.942592, 0.310968, -0.121833, -0.039327, -0.465554, -0.884148),

              ["UpperTorso"] = CFrame.new(0.000000, -0.000000, 0.000000, 0.995762, 0.091969, 0.000000, -0.091969, 0.995762, -0.000000, -0.000000, -0.000000, 1.000000)

          }},

          {Time = 0.140, Data = {

              ["Head"] = CFrame.new(0.000000, -0.000000, -0.000000, 1.000000, -0.000000, -0.000000, 0.000000, 1.000000, -0.000000, -0.000000, 0.000000, 1.000000),

              ["LeftFoot"] = CFrame.new(-0.000000, 0.012264, -0.000003, 0.999264, -0.029346, -0.024710, 0.024264, 0.982358, -0.185443, 0.029714, 0.184692, 0.982344),

              ["LeftHand"] = CFrame.new(0.000493, 0.009903, -0.000000, 0.899049, 0.377702, -0.221476, -0.410610, 0.902927, -0.126972, 0.152018, 0.205093, 0.966864),

              ["LeftLowerArm"] = CFrame.new(-0.000500, 0.060511, 0.014136, 1.000000, -0.000000, -0.000000, 0.000000, 0.856039, -0.516911, 0.000000, 0.516912, 0.856039),

              ["LeftLowerLeg"] = CFrame.new(0.000000, 0.061403, -0.012934, 1.000000, -0.000000, -0.000000, 0.000000, 0.867509, 0.497416, -0.000000, -0.497421, 0.867512),

              ["LeftUpperArm"] = CFrame.new(-0.101164, -1.448798, 0.476188, 0.334316, 0.829403, 0.447575, -0.942457, 0.295599, 0.156194, -0.002755, -0.474038, 0.880500),

              ["LeftUpperLeg"] = CFrame.new(0.315103, -0.018560, -0.000100, 0.993067, 0.116651, -0.014502, -0.114923, 0.937526, -0.328371, -0.024709, 0.327778, 0.944438),

              ["LowerTorso"] = CFrame.new(0.000000, -0.102335, 0.092102, 0.996317, -0.085749, -0.000000, 0.085749, 0.996317, -0.000000, 0.000000, -0.000000, 1.000000),

              ["RightFoot"] = CFrame.new(0.000000, 0.012564, -0.000101, 0.979545, 0.153954, 0.129629, -0.173108, 0.972963, 0.152862, -0.102595, -0.172166, 0.979709),

              ["RightHand"] = CFrame.new(-0.000498, 0.002633, 0.000000, 0.998951, 0.039909, -0.022457, -0.045520, 0.918893, -0.391875, 0.004996, 0.392483, 0.919744),

              ["RightLowerArm"] = CFrame.new(-0.000000, 0.013469, 0.000573, 1.000000, 0.000000, 0.000000, -0.000000, 0.994038, -0.109033, -0.000000, 0.109032, 0.994038),

              ["RightLowerLeg"] = CFrame.new(-0.000000, 0.061764, -0.013307, 1.000000, 0.000000, -0.000000, -0.000000, 0.864749, 0.502203, 0.000000, -0.502205, 0.864750),

              ["RightUpperArm"] = CFrame.new(0.259767, -1.097272, -0.524406, -0.141528, 0.426538, 0.893328, 0.815132, 0.562270, -0.139328, -0.561720, 0.708461, -0.427262),

              ["RightUpperLeg"] = CFrame.new(0.613279, 0.674604, 0.590234, -0.313043, -0.869268, 0.382557, -0.949540, 0.294745, -0.107348, -0.019458, -0.396860, -0.917674),

              ["UpperTorso"] = CFrame.new(0.000000, -0.000000, 0.000000, 0.995762, 0.091969, 0.000000, -0.091969, 0.995762, -0.000000, -0.000000, -0.000000, 1.000000)

          }},

          {Time = 0.160, Data = {

              ["Head"] = CFrame.new(0.000000, -0.000000, -0.000000, 1.000000, -0.000000, -0.000000, 0.000000, 1.000000, -0.000000, -0.000000, 0.000000, 1.000000),

              ["LeftFoot"] = CFrame.new(-0.000000, 0.012264, -0.000003, 0.999264, -0.029346, -0.024710, 0.024264, 0.982358, -0.185443, 0.029714, 0.184692, 0.982344),

              ["LeftHand"] = CFrame.new(0.000494, 0.008492, -0.000000, 0.909524, 0.358531, -0.210290, -0.397279, 0.898609, -0.186204, 0.122207, 0.252899, 0.959743),

              ["LeftLowerArm"] = CFrame.new(-0.000500, 0.050951, 0.009688, 1.000000, -0.000000, -0.000000, 0.000000, 0.901375, -0.433038, 0.000000, 0.433039, 0.901375),

              ["LeftLowerLeg"] = CFrame.new(0.000000, 0.061403, -0.012934, 1.000000, -0.000000, -0.000000, 0.000000, 0.867509, 0.497416, -0.000000, -0.497421, 0.867512),

              ["LeftUpperArm"] = CFrame.new(-0.116010, -1.452507, 0.512725, 0.304624, 0.873862, 0.378905, -0.949873, 0.249349, 0.188589, 0.070321, -0.417360, 0.906016),

              ["LeftUpperLeg"] = CFrame.new(0.315103, -0.018560, -0.000100, 0.993067, 0.116651, -0.014502, -0.114923, 0.937526, -0.328371, -0.024709, 0.327778, 0.944438),

              ["LowerTorso"] = CFrame.new(0.000000, -0.102335, 0.092102, 0.996317, -0.085749, -0.000000, 0.085749, 0.996317, -0.000000, 0.000000, -0.000000, 1.000000),

              ["RightFoot"] = CFrame.new(-0.000000, 0.009587, -0.000100, 0.983296, 0.139256, 0.117253, -0.166150, 0.949561, 0.265944, -0.074312, -0.280967, 0.956831),

              ["RightHand"] = CFrame.new(-0.000497, 0.005153, -0.000000, 0.999968, 0.007194, -0.003384, -0.007938, 0.927369, -0.374067, 0.000447, 0.374079, 0.927396),

              ["RightLowerArm"] = CFrame.new(0.000000, 0.028976, 0.002876, 1.000000, 0.000000, 0.000000, 0.000000, 0.970620, -0.240617, -0.000000, 0.240617, 0.970620),

              ["RightLowerLeg"] = CFrame.new(-0.000000, 0.045226, -0.006684, 1.000000, 0.000000, -0.000000, -0.000000, 0.932099, 0.362203, 0.000000, -0.362204, 0.932099),

              ["RightUpperArm"] = CFrame.new(0.243818, -1.084789, -0.561377, -0.150909, 0.360006, 0.920664, 0.809946, 0.578982, -0.093638, -0.566758, 0.731557, -0.378959),

              ["RightUpperLeg"] = CFrame.new(0.613279, 0.674604, 0.590234, -0.296321, -0.905991, 0.302242, -0.955085, 0.281896, -0.091484, -0.002332, -0.315777, -0.948831),

              ["UpperTorso"] = CFrame.new(0.000000, -0.000000, 0.000000, 0.995762, 0.091969, 0.000000, -0.091969, 0.995762, -0.000000, -0.000000, -0.000000, 1.000000)

          }},

          {Time = 0.180, Data = {

              ["Head"] = CFrame.new(0.000000, -0.000000, -0.000000, 1.000000, -0.000000, -0.000000, 0.000000, 1.000000, -0.000000, -0.000000, 0.000000, 1.000000),

              ["LeftFoot"] = CFrame.new(-0.000000, 0.012264, -0.000003, 0.999264, -0.029346, -0.024710, 0.024264, 0.982358, -0.185443, 0.029714, 0.184692, 0.982344),

              ["LeftHand"] = CFrame.new(0.000495, 0.006808, 0.000000, 0.919754, 0.338531, -0.198620, -0.382428, 0.886828, -0.259395, 0.088328, 0.314535, 0.945127),

              ["LeftLowerArm"] = CFrame.new(-0.000499, 0.039344, 0.005548, 1.000000, -0.000000, -0.000000, 0.000000, 0.943477, -0.331437, 0.000000, 0.331437, 0.943477),

              ["LeftLowerLeg"] = CFrame.new(0.000000, 0.061403, -0.012934, 1.000000, -0.000000, -0.000000, 0.000000, 0.867509, 0.497416, -0.000000, -0.497421, 0.867512),

              ["LeftUpperArm"] = CFrame.new(-0.130578, -1.453355, 0.545794, 0.275488, 0.911452, 0.305553, -0.951570, 0.213437, 0.221267, 0.136458, -0.351711, 0.926109),

              ["LeftUpperLeg"] = CFrame.new(0.315103, -0.018560, -0.000100, 0.993067, 0.116651, -0.014502, -0.114923, 0.937526, -0.328371, -0.024709, 0.327778, 0.944438),

              ["LowerTorso"] = CFrame.new(0.000000, -0.102335, 0.092102, 0.996317, -0.085749, -0.000000, 0.085749, 0.996317, -0.000000, 0.000000, -0.000000, 1.000000),

              ["RightFoot"] = CFrame.new(0.000000, 0.005893, -0.000100, 0.985954, 0.127787, 0.107595, -0.159739, 0.909348, 0.384158, -0.048764, -0.395925, 0.916977),

              ["RightHand"] = CFrame.new(-0.000495, 0.006998, -0.000000, 0.999510, -0.026690, 0.016374, 0.030828, 0.930380, -0.365302, -0.005483, 0.365625, 0.930745),

              ["RightLowerArm"] = CFrame.new(-0.000000, 0.041439, 0.006168, 1.000000, 0.000000, 0.000000, 0.000000, 0.937175, -0.348860, -0.000000, 0.348860, 0.937175),

              ["RightLowerLeg"] = CFrame.new(0.000000, 0.025395, -0.001920, 1.000000, 0.000000, -0.000000, -0.000000, 0.980367, 0.197184, 0.000000, -0.197184, 0.980366),

              ["RightUpperArm"] = CFrame.new(0.228611, -1.072072, -0.599362, -0.162478, 0.301287, 0.939589, 0.804629, 0.591621, -0.050567, -0.571115, 0.747805, -0.338549),

              ["RightUpperLeg"] = CFrame.new(0.613279, 0.674604, 0.590234, -0.282375, -0.935560, 0.212063, -0.959231, 0.272666, -0.074516, 0.011877, -0.224459, -0.974411),

              ["UpperTorso"] = CFrame.new(0.000000, -0.000000, 0.000000, 0.995762, 0.091969, 0.000000, -0.091969, 0.995762, -0.000000, -0.000000, -0.000000, 1.000000)

          }},

          {Time = 0.200, Data = {

              ["Head"] = CFrame.new(0.000000, -0.000000, -0.000000, 1.000000, -0.000000, -0.000000, 0.000000, 1.000000, -0.000000, -0.000000, 0.000000, 1.000000),

              ["LeftFoot"] = CFrame.new(-0.000000, 0.012264, -0.000003, 0.999264, -0.029346, -0.024710, 0.024264, 0.982358, -0.185443, 0.029714, 0.184692, 0.982344),

              ["LeftHand"] = CFrame.new(0.000497, 0.004808, 0.000000, 0.929577, 0.317918, -0.186590, -0.364861, 0.865688, -0.342728, 0.052569, 0.386669, 0.920718),

              ["LeftLowerArm"] = CFrame.new(-0.000500, 0.025984, 0.002302, 1.000000, -0.000000, -0.000000, 0.000000, 0.976449, -0.215748, 0.000000, 0.215748, 0.976449),

              ["LeftLowerLeg"] = CFrame.new(0.000000, 0.061403, -0.012934, 1.000000, -0.000000, -0.000000, 0.000000, 0.867509, 0.497416, -0.000000, -0.497421, 0.867512),

              ["LeftUpperArm"] = CFrame.new(-0.143769, -1.452201, 0.573545, 0.249107, 0.940825, 0.229769, -0.949261, 0.190169, 0.250478, 0.191960, -0.280507, 0.940461),

              ["LeftUpperLeg"] = CFrame.new(0.315103, -0.018560, -0.000100, 0.993067, 0.116651, -0.014502, -0.114923, 0.937526, -0.328371, -0.024709, 0.327778, 0.944438),

              ["LowerTorso"] = CFrame.new(0.000000, -0.102335, 0.092102, 0.996317, -0.085749, -0.000000, 0.085749, 0.996317, -0.000000, 0.000000, -0.000000, 1.000000),

              ["RightFoot"] = CFrame.new(-0.000000, 0.000622, -0.000100, 0.987641, 0.119924, 0.100974, -0.154564, 0.851814, 0.500540, -0.026001, -0.509933, 0.859804),

              ["RightHand"] = CFrame.new(-0.000494, 0.008481, 0.000000, 0.997480, -0.060930, 0.036340, 0.069972, 0.929447, -0.362262, -0.011703, 0.363890, 0.931367),

              ["RightLowerArm"] = CFrame.new(0.000000, 0.051666, 0.009945, 1.000000, 0.000000, 0.000000, 0.000000, 0.898759, -0.438443, -0.000000, 0.438443, 0.898759),

              ["RightLowerLeg"] = CFrame.new(-0.000000, 0.002264, -0.000009, 1.000000, -0.000000, 0.000000, 0.000000, 0.999864, 0.016483, 0.000000, -0.016480, 0.999864),

              ["RightUpperArm"] = CFrame.new(0.214597, -1.059432, -0.637361, -0.176009, 0.249201, 0.952323, 0.799263, 0.600907, -0.009523, -0.574631, 0.759480, -0.304942),

              ["RightUpperLeg"] = CFrame.new(0.613279, 0.674604, 0.590234, -0.271995, -0.955290, 0.115836, -0.962017, 0.267060, -0.056794, 0.023305, -0.126882, -0.991643),

              ["UpperTorso"] = CFrame.new(0.000000, -0.000000, 0.000000, 0.995762, 0.091969, 0.000000, -0.091969, 0.995762, -0.000000, -0.000000, -0.000000, 1.000000)

          }},

          {Time = 0.220, Data = {

              ["Head"] = CFrame.new(0.000000, -0.000000, -0.000000, 1.000000, -0.000000, -0.000000, 0.000000, 1.000000, -0.000000, -0.000000, 0.000000, 1.000000),

              ["LeftFoot"] = CFrame.new(-0.000000, 0.012264, -0.000003, 0.999264, -0.029346, -0.024710, 0.024264, 0.982358, -0.185443, 0.029714, 0.184692, 0.982344),

              ["LeftHand"] = CFrame.new(0.000498, 0.002407, -0.000000, 0.938977, 0.296629, -0.174164, -0.343521, 0.834772, -0.430293, 0.017750, 0.463861, 0.885729),

              ["LeftLowerArm"] = CFrame.new(-0.000500, 0.011542, 0.000421, 1.000000, -0.000000, -0.000000, 0.000000, 0.995584, -0.093878, 0.000000, 0.093877, 0.995584),

              ["LeftLowerLeg"] = CFrame.new(0.000000, 0.061403, -0.012934, 1.000000, -0.000000, -0.000000, 0.000000, 0.867509, 0.497416, -0.000000, -0.497421, 0.867512),

              ["LeftUpperArm"] = CFrame.new(-0.154683, -1.450164, 0.594787, 0.227280, 0.961436, 0.154871, -0.945188, 0.179501, 0.272764, 0.234445, -0.208375, 0.949534),

              ["LeftUpperLeg"] = CFrame.new(0.315103, -0.018560, -0.000100, 0.993067, 0.116651, -0.014502, -0.114923, 0.937526, -0.328371, -0.024709, 0.327778, 0.944438),

              ["LowerTorso"] = CFrame.new(0.000000, -0.102335, 0.092102, 0.996317, -0.085749, -0.000000, 0.085749, 0.996317, -0.000000, 0.000000, -0.000000, 1.000000),

              ["RightFoot"] = CFrame.new(0.000000, -0.011445, -0.000100, 0.988476, 0.115827, 0.097524, -0.150366, 0.825363, 0.544230, -0.017473, -0.552594, 0.833248),

              ["RightHand"] = CFrame.new(-0.000494, 0.009721, 0.000000, 0.993937, -0.094628, 0.055991, 0.108550, 0.925545, -0.362747, -0.017495, 0.366623, 0.930204),

              ["RightLowerArm"] = CFrame.new(0.000000, 0.060066, 0.013855, 1.000000, 0.000000, 0.000000, -0.000000, 0.858905, -0.512135, -0.000000, 0.512136, 0.858905),

              ["RightLowerLeg"] = CFrame.new(-0.000000, -0.011404, -0.000151, 1.000000, -0.000000, 0.000000, -0.000000, 1.000000, 0.000003, 0.000000, 0.000000, 1.000000),

              ["RightUpperArm"] = CFrame.new(0.202118, -1.047180, -0.674334, -0.191051, 0.203403, 0.960274, 0.793926, 0.607308, 0.029317, -0.577218, 0.767987, -0.277513),

              ["RightUpperLeg"] = CFrame.new(0.613279, 0.674604, 0.590234, -0.265724, -0.958446, 0.103688, -0.963507, 0.260466, -0.061911, 0.032317, -0.116354, -0.992681),

              ["UpperTorso"] = CFrame.new(0.000000, -0.000000, 0.000000, 0.995762, 0.091969, 0.000000, -0.091969, 0.995762, -0.000000, -0.000000, -0.000000, 1.000000)

          }},

          {Time = 0.240, Data = {

              ["Head"] = CFrame.new(0.000000, -0.000000, -0.000000, 1.000000, -0.000000, -0.000000, 0.000000, 1.000000, -0.000000, -0.000000, 0.000000, 1.000000),

              ["LeftFoot"] = CFrame.new(-0.000000, 0.012264, -0.000003, 0.999264, -0.029346, -0.024710, 0.024264, 0.982358, -0.185443, 0.029714, 0.184692, 0.982344),

              ["LeftHand"] = CFrame.new(0.000501, -0.001563, -0.000000, 0.947718, 0.275155, -0.161621, -0.318972, 0.801919, -0.505159, -0.009390, 0.530297, 0.847758),

              ["LeftLowerArm"] = CFrame.new(-0.000499, -0.001760, 0.000009, 1.000000, -0.000000, -0.000000, 0.000000, 1.000000, -0.000001, 0.000000, -0.000000, 1.000000),

              ["LeftLowerLeg"] = CFrame.new(0.000000, 0.061403, -0.012934, 1.000000, -0.000000, -0.000000, 0.000000, 0.867509, 0.497416, -0.000000, -0.497421, 0.867512),

              ["LeftUpperArm"] = CFrame.new(-0.162880, -1.448112, 0.609748, 0.210884, 0.972754, 0.096323, -0.941083, 0.175388, 0.289139, 0.264367, -0.151622, 0.952429),

              ["LeftUpperLeg"] = CFrame.new(0.315103, -0.018560, -0.000100, 0.993067, 0.116651, -0.014502, -0.114923, 0.937526, -0.328371, -0.024709, 0.327778, 0.944438),

              ["LowerTorso"] = CFrame.new(0.000000, -0.102335, 0.092102, 0.996317, -0.085749, -0.000000, 0.085749, 0.996317, -0.000000, 0.000000, -0.000000, 1.000000),

              ["RightFoot"] = CFrame.new(-0.000000, -0.020061, -0.000100, 0.988623, 0.115089, 0.096903, -0.149992, 0.802237, 0.577876, -0.011249, -0.585807, 0.810351),

              ["RightHand"] = CFrame.new(-0.000493, 0.010998, -0.000000, 0.989111, -0.126782, 0.074741, 0.145464, 0.919333, -0.365607, -0.022360, 0.372496, 0.927764),

              ["RightLowerArm"] = CFrame.new(-0.000000, 0.067021, 0.017574, 1.000000, 0.000000, 0.000000, -0.000000, 0.820873, -0.571110, -0.000000, 0.571110, 0.820874),

              ["RightLowerLeg"] = CFrame.new(-0.000000, -0.019989, -0.000264, 1.000000, -0.000000, 0.000000, 0.000000, 1.000000, 0.000003, 0.000000, 0.000000, 1.000000),

              ["RightUpperArm"] = CFrame.new(0.191398, -1.035638, -0.709201, -0.206925, 0.164358, 0.964452, 0.788723, 0.611298, 0.065047, -0.578877, 0.774145, -0.256126),

              ["RightUpperLeg"] = CFrame.new(0.613279, 0.674604, 0.590234, -0.263359, -0.959401, 0.100850, -0.963890, 0.257458, -0.068219, 0.039471, -0.115173, -0.992560),

              ["UpperTorso"] = CFrame.new(0.000000, -0.000000, 0.000000, 0.995762, 0.091969, 0.000000, -0.091969, 0.995762, -0.000000, -0.000000, -0.000000, 1.000000)

          }},

          {Time = 0.260, Data = {

              ["Head"] = CFrame.new(0.000000, -0.000000, -0.000000, 1.000000, -0.000000, -0.000000, 0.000000, 1.000000, -0.000000, -0.000000, 0.000000, 1.000000),

              ["LeftFoot"] = CFrame.new(-0.000000, 0.012264, -0.000003, 0.999264, -0.029346, -0.024710, 0.024264, 0.982358, -0.185443, 0.029714, 0.184692, 0.982344),

              ["LeftHand"] = CFrame.new(0.000506, -0.009161, -0.000000, 0.955571, 0.254138, -0.149324, -0.294110, 0.788444, -0.540240, -0.019561, 0.560152, 0.828156),

              ["LeftLowerArm"] = CFrame.new(-0.000499, -0.009349, 0.000050, 1.000000, -0.000000, -0.000000, 0.000000, 1.000000, -0.000001, 0.000000, -0.000000, 1.000000),

              ["LeftLowerLeg"] = CFrame.new(0.000000, 0.061403, -0.012934, 1.000000, -0.000000, -0.000000, 0.000000, 0.867509, 0.497416, -0.000000, -0.497421, 0.867512),

              ["LeftUpperArm"] = CFrame.new(-0.168067, -1.446537, 0.619051, 0.200511, 0.975910, 0.085998, -0.937935, 0.165870, 0.304575, 0.282973, -0.141731, 0.948598),

              ["LeftUpperLeg"] = CFrame.new(0.315103, -0.018560, -0.000100, 0.993067, 0.116651, -0.014502, -0.114923, 0.937526, -0.328371, -0.024709, 0.327778, 0.944438),

              ["LowerTorso"] = CFrame.new(0.000000, -0.102335, 0.092102, 0.996317, -0.085749, -0.000000, 0.085749, 0.996317, -0.000000, 0.000000, -0.000000, 1.000000),

              ["RightFoot"] = CFrame.new(-0.000000, -0.024970, -0.000100, 0.988182, 0.117288, 0.098754, -0.153176, 0.779741, 0.607096, -0.005815, -0.615019, 0.788468),

              ["RightHand"] = CFrame.new(-0.000492, 0.012402, 0.000000, 0.983424, -0.156281, 0.091946, 0.179442, 0.911663, -0.369693, -0.026047, 0.380061, 0.924594),

              ["RightLowerArm"] = CFrame.new(-0.000000, 0.072783, 0.020872, 1.000000, 0.000000, 0.000000, -0.000000, 0.786956, -0.617009, -0.000000, 0.617010, 0.786956),

              ["RightLowerLeg"] = CFrame.new(-0.000000, -0.024882, -0.000329, 1.000000, -0.000000, 0.000000, 0.000000, 1.000000, 0.000003, 0.000000, 0.000000, 1.000000),

              ["RightUpperArm"] = CFrame.new(0.182556, -1.025152, -0.740835, -0.222735, 0.132191, 0.965875, 0.783800, 0.613424, 0.096795, -0.579695, 0.778612, -0.240242),

              ["RightUpperLeg"] = CFrame.new(0.613279, 0.674604, 0.590234, -0.264610, -0.959287, 0.098634, -0.963296, 0.258177, -0.073675, 0.045197, -0.114508, -0.992393),

              ["UpperTorso"] = CFrame.new(0.000000, -0.000000, 0.000000, 0.995762, 0.091969, 0.000000, -0.091969, 0.995762, -0.000000, -0.000000, -0.000000, 1.000000)

          }},

          {Time = 0.280, Data = {

              ["Head"] = CFrame.new(0.000000, -0.000000, -0.000000, 1.000000, -0.000000, -0.000000, 0.000000, 1.000000, -0.000000, -0.000000, 0.000000, 1.000000),

              ["LeftFoot"] = CFrame.new(-0.000000, 0.012264, -0.000003, 0.999264, -0.029346, -0.024710, 0.024264, 0.982358, -0.185443, 0.029714, 0.184692, 0.982344),

              ["LeftHand"] = CFrame.new(0.000510, -0.014663, -0.000000, 0.962372, 0.234266, -0.137696, -0.270281, 0.772860, -0.574143, -0.028082, 0.589752, 0.807093),

              ["LeftLowerArm"] = CFrame.new(-0.000499, -0.014845, 0.000080, 1.000000, -0.000000, -0.000000, 0.000000, 1.000000, -0.000001, 0.000000, -0.000000, 1.000000),

              ["LeftLowerLeg"] = CFrame.new(0.000000, 0.061403, -0.012934, 1.000000, -0.000000, -0.000000, 0.000000, 0.867509, 0.497416, -0.000000, -0.497421, 0.867512),

              ["LeftUpperArm"] = CFrame.new(-0.169951, -1.445621, 0.623343, 0.196743, 0.977455, 0.076643, -0.936102, 0.164022, 0.311143, 0.291557, -0.132961, 0.947268),

              ["LeftUpperLeg"] = CFrame.new(0.315103, -0.018560, -0.000100, 0.993067, 0.116651, -0.014502, -0.114923, 0.937526, -0.328371, -0.024709, 0.327778, 0.944438),

              ["LowerTorso"] = CFrame.new(0.000000, -0.102335, 0.092102, 0.996317, -0.085749, -0.000000, 0.085749, 0.996317, -0.000000, 0.000000, -0.000000, 1.000000),

              ["RightFoot"] = CFrame.new(-0.000000, -0.027238, -0.000100, 0.987187, 0.122095, 0.102802, -0.159567, 0.759216, 0.630995, -0.001025, -0.639284, 0.768946),

              ["RightHand"] = CFrame.new(-0.000491, 0.014085, -0.000000, 0.977485, -0.181923, 0.106902, 0.209081, 0.903350, -0.374495, -0.028440, 0.388411, 0.921046),

              ["RightLowerArm"] = CFrame.new(0.000000, 0.077570, 0.023529, 1.000000, 0.000000, 0.000000, 0.000000, 0.759369, -0.650660, -0.000000, 0.650660, 0.759370),

              ["RightLowerLeg"] = CFrame.new(-0.000000, -0.027142, -0.000359, 1.000000, -0.000000, 0.000000, -0.000000, 1.000000, 0.000003, 0.000000, 0.000000, 1.000000),

              ["RightUpperArm"] = CFrame.new(0.175617, -1.016095, -0.768065, -0.237403, 0.107374, 0.965459, 0.779366, 0.614313, 0.123323, -0.579852, 0.781723, -0.229523),

              ["RightUpperLeg"] = CFrame.new(0.613279, 0.674604, 0.590234, -0.269250, -0.958184, 0.096789, -0.961785, 0.262377, -0.078421, 0.049734, -0.114204, -0.992211),

              ["UpperTorso"] = CFrame.new(0.000000, -0.000000, 0.000000, 0.995762, 0.091969, 0.000000, -0.091969, 0.995762, -0.000000, -0.000000, -0.000000, 1.000000)

          }},

          {Time = 0.300, Data = {

              ["Head"] = CFrame.new(0.000000, -0.000000, -0.000000, 1.000000, -0.000000, -0.000000, 0.000000, 1.000000, -0.000000, -0.000000, 0.000000, 1.000000),

              ["LeftFoot"] = CFrame.new(-0.000000, 0.012264, -0.000003, 0.999264, -0.029346, -0.024710, 0.024264, 0.982358, -0.185443, 0.029714, 0.184692, 0.982344),

              ["LeftHand"] = CFrame.new(0.000512, -0.018346, -0.000000, 0.967981, 0.216390, -0.127233, -0.248593, 0.755998, -0.605535, -0.034843, 0.617772, 0.785582),

              ["LeftLowerArm"] = CFrame.new(-0.000499, -0.018523, 0.000100, 1.000000, -0.000000, -0.000000, 0.000000, 1.000000, -0.000001, 0.000000, -0.000000, 1.000000),

              ["LeftLowerLeg"] = CFrame.new(0.000000, 0.061403, -0.012934, 1.000000, -0.000000, -0.000000, 0.000000, 0.867509, 0.497416, -0.000000, -0.497421, 0.867512),

              ["LeftUpperArm"] = CFrame.new(-0.168222, -1.445269, 0.623298, 0.200200, 0.977416, 0.067663, -0.935397, 0.170135, 0.309979, 0.291466, -0.125350, 0.948333),

