return {
["sway twerk 2"] = {

          {Time = 0.000, Data = {

              ["Head"] = CFrame.new(-0.000000, -0.000000, 0.000000, 1.000000, -0.000000, -0.000000, 0.000000, 1.000000, -0.000000, 0.000000, 0.000000, 1.000000),

              ["LeftFoot"] = CFrame.new(-0.000000, 0.004521, -0.000003, 0.924687, -0.314480, -0.214617, 0.305134, 0.949251, -0.076269, 0.227699, 0.005043, 0.973716),

              ["LeftHand"] = CFrame.new(0.000511, -0.016399, 0.000000, 0.989421, 0.124901, -0.073800, -0.084679, 0.910263, 0.405281, 0.117796, -0.394741, 0.911208),

              ["LeftLowerArm"] = CFrame.new(-0.000499, -0.016577, 0.000090, 1.000000, -0.000000, -0.000000, -0.000000, 1.000000, -0.000001, 0.000000, -0.000000, 1.000000),

              ["LeftLowerLeg"] = CFrame.new(-0.000000, 0.019815, -0.001001, 1.000000, -0.000000, 0.000000, 0.000000, 0.988633, 0.150333, -0.000000, -0.150350, 0.988635),

              ["LeftUpperArm"] = CFrame.new(0.224253, -0.236818, 0.268151, 0.702564, 0.457159, -0.545352, -0.388933, 0.888445, 0.243713, 0.595932, 0.040882, 0.801994),

              ["LeftUpperLeg"] = CFrame.new(-0.000000, 0.000000, -0.000100, 0.809626, 0.570788, 0.136778, -0.546304, 0.818023, -0.179965, -0.214611, 0.070992, 0.974117),

              ["LowerTorso"] = CFrame.new(0.337018, 0.010973, -0.012280, 0.964892, -0.262646, -0.000000, 0.262646, 0.964892, -0.000000, 0.000000, -0.000000, 1.000000),

              ["RightFoot"] = CFrame.new(-0.000000, -0.072152, -0.000103, 0.985711, -0.047575, -0.161596, 0.047066, 0.998867, -0.006984, 0.161736, -0.000711, 0.986832),

              ["RightHand"] = CFrame.new(-0.000488, 0.018618, -0.000000, 0.985721, 0.145669, -0.084468, -0.156159, 0.978475, -0.134915, 0.062996, 0.146178, 0.987250),

              ["RightLowerArm"] = CFrame.new(-0.000000, 0.093564, 0.035838, 1.000000, 0.000000, 0.000000, -0.000000, 0.631763, -0.775161, -0.000000, 0.775161, 0.631764),

              ["RightLowerLeg"] = CFrame.new(0.000000, -0.071902, -0.000949, 1.000000, -0.000000, -0.000000, -0.000000, 1.000000, -0.000008, -0.000000, -0.000011, 1.000000),

              ["RightUpperArm"] = CFrame.new(0.089934, -0.040002, 0.415756, 0.327707, -0.488447, 0.808720, -0.005930, 0.854908, 0.518746, -0.944761, -0.174793, 0.277262),

              ["RightUpperLeg"] = CFrame.new(0.000000, 0.000000, -0.000000, 0.938609, 0.307761, 0.155874, -0.304798, 0.951438, -0.043170, -0.161592, -0.006984, 0.986833),

              ["UpperTorso"] = CFrame.new(-0.144412, 0.118853, 0.000000, 0.960030, 0.279897, 0.000000, -0.279897, 0.960030, -0.000000, -0.000000, -0.000000, 1.000000)

          }},

          {Time = 0.020, Data = {

              ["Head"] = CFrame.new(-0.000000, 0.000000, 0.000000, 1.000000, -0.000000, 0.000000, 0.000000, 1.000000, -0.000000, 0.000000, 0.000000, 1.000000),

              ["LeftFoot"] = CFrame.new(-0.000000, 0.004526, -0.000003, 0.929757, -0.304944, -0.206312, 0.295373, 0.952316, -0.076485, 0.219787, 0.010179, 0.975492),

              ["LeftHand"] = CFrame.new(0.000510, -0.015752, 0.000000, 0.989356, 0.125282, -0.074022, -0.084911, 0.910137, 0.405515, 0.118173, -0.394911, 0.911086),

              ["LeftLowerArm"] = CFrame.new(-0.000500, -0.015933, 0.000086, 1.000000, -0.000000, -0.000000, 0.000000, 1.000000, -0.000001, 0.000000, -0.000000, 1.000000),

              ["LeftLowerLeg"] = CFrame.new(0.000000, 0.019839, -0.001004, 1.000000, -0.000000, 0.000000, -0.000000, 0.988603, 0.150527, -0.000000, -0.150544, 0.988606),

              ["LeftUpperArm"] = CFrame.new(0.224253, -0.237030, 0.268011, 0.702564, 0.457568, -0.545009, -0.389360, 0.888233, 0.243807, 0.595653, 0.040915, 0.802199),

              ["LeftUpperLeg"] = CFrame.new(-0.000000, -0.000000, -0.000100, 0.825809, 0.547651, 0.134607, -0.524859, 0.833669, -0.171803, -0.206307, 0.071237, 0.975892),

              ["LowerTorso"] = CFrame.new(0.321447, 0.008812, -0.012280, 0.969101, -0.246664, -0.000000, 0.246664, 0.969101, -0.000000, 0.000000, -0.000000, 1.000000),

              ["RightFoot"] = CFrame.new(-0.000000, -0.066777, -0.000103, 0.986896, -0.040783, -0.156129, 0.040186, 0.999168, -0.006987, 0.156275, 0.000632, 0.987712),

              ["RightHand"] = CFrame.new(-0.000488, 0.018558, -0.000000, 0.985672, 0.145917, -0.084613, -0.156550, 0.978144, -0.136843, 0.062796, 0.148128, 0.986972),

              ["RightLowerArm"] = CFrame.new(0.000000, 0.093358, 0.035649, 1.000000, 0.000000, 0.000000, 0.000000, 0.633723, -0.773559, -0.000000, 0.773560, 0.633724),

              ["RightLowerLeg"] = CFrame.new(-0.000000, -0.066544, -0.000878, 1.000000, -0.000000, -0.000000, 0.000000, 1.000000, -0.000008, 0.000000, -0.000011, 1.000000),

              ["RightUpperArm"] = CFrame.new(0.089942, -0.040015, 0.415759, 0.327690, -0.487387, 0.809366, -0.005905, 0.855593, 0.517615, -0.944767, -0.174397, 0.277492),

              ["RightUpperLeg"] = CFrame.new(0.000000, -0.000000, -0.000000, 0.946341, 0.285403, 0.151606, -0.282955, 0.958382, -0.037940, -0.156125, -0.006987, 0.987713),

              ["UpperTorso"] = CFrame.new(-0.137344, 0.114649, 0.000000, 0.964739, 0.263209, 0.000000, -0.263209, 0.964739, -0.000000, -0.000000, -0.000000, 1.000000)

          }},

          {Time = 0.040, Data = {

              ["Head"] = CFrame.new(-0.000000, -0.000000, 0.000000, 1.000000, -0.000000, -0.000000, 0.000000, 1.000000, -0.000000, 0.000000, 0.000000, 1.000000),

              ["LeftFoot"] = CFrame.new(-0.000000, 0.004315, -0.000003, 0.942645, -0.278783, -0.183585, 0.269737, 0.960159, -0.073054, 0.196627, 0.019349, 0.980286),

              ["LeftHand"] = CFrame.new(0.000509, -0.013985, -0.000000, 0.989179, 0.126315, -0.074626, -0.085538, 0.909796, 0.406150, 0.119196, -0.395369, 0.910754),

              ["LeftLowerArm"] = CFrame.new(-0.000500, -0.014168, 0.000077, 1.000000, 0.000000, -0.000000, 0.000000, 1.000000, -0.000001, 0.000000, -0.000000, 1.000000),

              ["LeftLowerLeg"] = CFrame.new(-0.000000, 0.018834, -0.000886, 1.000000, -0.000000, 0.000000, 0.000000, 0.989797, 0.142471, -0.000000, -0.142488, 0.989799),

              ["LeftUpperArm"] = CFrame.new(0.224252, -0.237610, 0.267633, 0.702562, 0.458681, -0.544075, -0.390518, 0.887655, 0.244059, 0.594896, 0.041005, 0.802756),

              ["LeftUpperLeg"] = CFrame.new(-0.000000, -0.000000, -0.000100, 0.866444, 0.482305, 0.129066, -0.464299, 0.873410, -0.146901, -0.183580, 0.067367, 0.980695),

              ["LowerTorso"] = CFrame.new(0.279051, 0.003481, -0.012280, 0.979187, -0.202959, -0.000000, 0.202959, 0.979187, -0.000000, 0.000000, -0.000000, 1.000000),

              ["RightFoot"] = CFrame.new(0.000000, -0.052595, -0.000103, 0.989848, -0.021445, -0.140512, 0.020668, 0.999762, -0.006994, 0.140620, 0.004030, 0.990054),

              ["RightHand"] = CFrame.new(-0.000488, 0.018399, -0.000000, 0.985538, 0.146590, -0.085005, -0.157608, 0.977227, -0.142082, 0.062242, 0.153424, 0.986198),

              ["RightLowerArm"] = CFrame.new(0.000000, 0.092801, 0.035138, 1.000000, 0.000000, 0.000000, 0.000000, 0.639040, -0.769173, -0.000000, 0.769173, 0.639040),

              ["RightLowerLeg"] = CFrame.new(-0.000000, -0.052411, -0.000691, 1.000000, 0.000000, 0.000000, -0.000000, 1.000000, -0.000008, 0.000000, -0.000011, 1.000000),

              ["RightUpperArm"] = CFrame.new(0.089964, -0.040048, 0.415767, 0.327647, -0.484492, 0.811119, -0.005839, 0.857454, 0.514528, -0.944782, -0.173320, 0.278114),

              ["RightUpperLeg"] = CFrame.new(-0.000000, -0.000000, -0.000000, 0.964893, 0.223148, 0.138515, -0.221897, 0.974760, -0.024598, -0.140509, -0.006994, 0.990055),

              ["UpperTorso"] = CFrame.new(-0.117688, 0.104588, 0.000000, 0.976054, 0.217529, 0.000000, -0.217529, 0.976054, -0.000000, -0.000000, -0.000000, 1.000000)

          }},

          {Time = 0.060, Data = {

              ["Head"] = CFrame.new(0.000000, -0.000000, 0.000000, 1.000000, -0.000000, -0.000000, 0.000000, 1.000000, -0.000000, 0.000000, 0.000000, 1.000000),

              ["LeftFoot"] = CFrame.new(-0.000000, 0.003362, -0.000003, 0.959174, -0.239834, -0.149892, 0.233762, 0.970612, -0.057171, 0.159191, 0.019804, 0.987048),

              ["LeftHand"] = CFrame.new(0.000508, -0.011364, -0.000000, 0.988916, 0.127839, -0.075516, -0.086460, 0.909291, 0.407085, 0.120706, -0.396040, 0.910263),

              ["LeftLowerArm"] = CFrame.new(-0.000500, -0.011549, 0.000063, 1.000000, -0.000000, -0.000000, -0.000000, 1.000000, -0.000001, 0.000000, -0.000000, 1.000000),

              ["LeftLowerLeg"] = CFrame.new(0.000000, 0.014446, -0.000454, 1.000000, -0.000000, 0.000000, 0.000000, 0.994184, 0.107678, -0.000000, -0.107695, 0.994186),

              ["LeftUpperArm"] = CFrame.new(0.224248, -0.238464, 0.267074, 0.702556, 0.460320, -0.542698, -0.392227, 0.886800, 0.244427, 0.593779, 0.041138, 0.803576),

              ["LeftUpperLeg"] = CFrame.new(-0.000000, -0.000000, -0.000100, 0.916961, 0.380460, 0.120134, -0.369750, 0.923474, -0.102366, -0.149888, 0.049456, 0.987466),

              ["LowerTorso"] = CFrame.new(0.216285, -0.002936, -0.012280, 0.990456, -0.137832, -0.000000, 0.137832, 0.990456, 0.000000, 0.000000, -0.000000, 1.000000),

              ["RightFoot"] = CFrame.new(-0.000000, -0.032930, -0.000103, 0.993277, 0.009474, -0.115382, -0.010351, 0.999922, -0.007005, 0.115299, 0.008162, 0.993297),

              ["RightHand"] = CFrame.new(-0.000488, 0.018162, -0.000000, 0.985341, 0.147578, -0.085582, -0.159164, 0.975819, -0.149813, 0.061403, 0.161238, 0.985004),

              ["RightLowerArm"] = CFrame.new(-0.000000, 0.091966, 0.034385, 1.000000, 0.000000, 0.000000, -0.000000, 0.646864, -0.762605, -0.000000, 0.762605, 0.646864),

              ["RightLowerLeg"] = CFrame.new(0.000000, -0.032814, -0.000431, 1.000000, 0.000000, -0.000000, -0.000000, 1.000000, -0.000008, 0.000000, -0.000011, 1.000000),

              ["RightUpperArm"] = CFrame.new(0.089994, -0.040095, 0.415777, 0.327587, -0.480183, 0.813702, -0.005744, 0.860195, 0.509933, -0.944804, -0.171721, 0.279030),

              ["RightUpperLeg"] = CFrame.new(-0.000000, -0.000000, -0.000000, 0.985102, 0.127568, 0.115327, -0.127521, 0.991805, -0.007811, -0.115379, -0.007004, 0.993297),

              ["UpperTorso"] = CFrame.new(-0.087712, 0.093417, -0.000000, 0.988782, 0.149363, 0.000000, -0.149363, 0.988782, -0.000000, -0.000000, 0.000000, 1.000000)

          }},

          {Time = 0.080, Data = {

              ["Head"] = CFrame.new(0.000000, 0.000000, 0.000000, 1.000000, -0.000000, 0.000000, 0.000000, 1.000000, -0.000000, 0.000000, 0.000000, 1.000000),

              ["LeftFoot"] = CFrame.new(-0.000000, 0.000662, -0.000003, 0.975136, -0.192738, -0.109370, 0.191957, 0.981243, -0.017739, 0.110733, -0.003686, 0.993843),

              ["LeftHand"] = CFrame.new(0.000505, -0.008184, -0.000000, 0.988592, 0.129690, -0.076597, -0.087577, 0.908675, 0.408219, 0.122543, -0.396850, 0.909665),

              ["LeftLowerArm"] = CFrame.new(-0.000500, -0.008374, 0.000045, 1.000000, -0.000000, -0.000000, -0.000000, 1.000000, -0.000001, 0.000000, -0.000000, 1.000000),

              ["LeftLowerLeg"] = CFrame.new(0.000000, 0.003344, 0.000084, 1.000000, -0.000000, -0.000000, 0.000000, 0.999737, 0.022905, 0.000000, -0.022924, 0.999738),

              ["LeftUpperArm"] = CFrame.new(0.224241, -0.239503, 0.266394, 0.702541, 0.462309, -0.541023, -0.394305, 0.885756, 0.244865, 0.592418, 0.041301, 0.804571),

              ["LeftUpperLeg"] = CFrame.new(-0.000000, -0.000000, -0.000100, 0.962324, 0.250977, 0.104612, -0.248941, 0.967980, -0.032289, -0.109367, 0.005038, 0.993989),

              ["LowerTorso"] = CFrame.new(0.139756, -0.008401, -0.012280, 0.998318, -0.057968, -0.000000, 0.057968, 0.998318, 0.000000, 0.000000, -0.000000, 1.000000),

              ["RightFoot"] = CFrame.new(-0.000000, -0.011319, -0.000103, 0.995380, 0.050833, -0.081459, -0.051574, 0.998644, -0.007015, 0.080986, 0.011194, 0.996652),

              ["RightHand"] = CFrame.new(-0.000488, 0.017873, -0.000000, 0.985101, 0.148772, -0.086278, -0.161044, 0.974019, -0.159221, 0.060349, 0.170743, 0.983466),

              ["RightLowerArm"] = CFrame.new(0.000000, 0.090935, 0.033471, 1.000000, 0.000000, 0.000000, 0.000000, 0.656347, -0.754459, -0.000000, 0.754460, 0.656347),

              ["RightLowerLeg"] = CFrame.new(-0.000000, -0.011278, -0.000146, 1.000000, 0.000000, -0.000000, 0.000000, 1.000000, -0.000008, -0.000000, -0.000011, 1.000000),

              ["RightUpperArm"] = CFrame.new(0.090028, -0.040150, 0.415790, 0.327518, -0.474879, 0.816836, -0.005635, 0.863522, 0.504280, -0.944828, -0.169764, 0.280143),

              ["RightUpperLeg"] = CFrame.new(0.000000, -0.000001, -0.000000, 0.996653, 0.006401, 0.081501, -0.006952, 0.999955, 0.006478, -0.081456, -0.007015, 0.996652),

              ["UpperTorso"] = CFrame.new(-0.050278, 0.085814, -0.000000, 0.997842, 0.065656, 0.000000, -0.065656, 0.997842, -0.000000, -0.000000, 0.000000, 1.000000)

          }},

          {Time = 0.100, Data = {

              ["Head"] = CFrame.new(-0.000000, 0.000000, 0.000000, 1.000000, -0.000000, 0.000000, 0.000000, 1.000000, -0.000000, -0.000000, 0.000000, 1.000000),

              ["LeftFoot"] = CFrame.new(0.000000, -0.010737, -0.000003, 0.987477, -0.142937, -0.066766, 0.142789, 0.989728, -0.007016, 0.067080, -0.002595, 0.997744),

              ["LeftHand"] = CFrame.new(0.000503, -0.004728, 0.000000, 0.988233, 0.131706, -0.077774, -0.088790, 0.908003, 0.409451, 0.124545, -0.397724, 0.909011),

              ["LeftLowerArm"] = CFrame.new(-0.000500, -0.004922, 0.000026, 1.000000, -0.000000, -0.000000, -0.000000, 1.000000, -0.000001, 0.000000, -0.000000, 1.000000),

              ["LeftLowerLeg"] = CFrame.new(-0.000000, -0.010299, -0.000035, 1.000000, 0.000000, -0.000000, 0.000000, 1.000000, -0.000008, -0.000000, -0.000011, 1.000000),

              ["LeftUpperArm"] = CFrame.new(0.224229, -0.240636, 0.265652, 0.702516, 0.464474, -0.539198, -0.396571, 0.884615, 0.245333, 0.590933, 0.041480, 0.805654),

              ["LeftUpperLeg"] = CFrame.new(0.000000, -0.000000, -0.000100, 0.991247, 0.113678, 0.067129, -0.113893, 0.993493, -0.000628, -0.066764, -0.007016, 0.997744),

              ["LowerTorso"] = CFrame.new(0.056313, -0.011426, -0.012280, 0.999569, 0.029351, -0.000000, -0.029351, 0.999569, 0.000000, 0.000000, -0.000000, 1.000000),

              ["RightFoot"] = CFrame.new(-0.000000, 0.003069, -0.000103, 0.994139, 0.100253, -0.040459, -0.102213, 0.993521, -0.049687, 0.035212, 0.053535, 0.997945),

              ["RightHand"] = CFrame.new(-0.000488, 0.017558, -0.000000, 0.984838, 0.150066, -0.087033, -0.163079, 0.971947, -0.169486, 0.059157, 0.181108, 0.981682),

              ["RightLowerArm"] = CFrame.new(0.000000, 0.089791, 0.032478, 1.000000, 0.000000, 0.000000, 0.000000, 0.666642, -0.745378, -0.000000, 0.745378, 0.666642),

              ["RightLowerLeg"] = CFrame.new(0.000000, 0.012072, -0.000388, 1.000000, 0.000000, 0.000000, -0.000000, 0.995879, 0.090679, 0.000000, -0.090697, 0.995880),

              ["RightUpperArm"] = CFrame.new(0.090062, -0.040206, 0.415802, 0.327450, -0.469015, 0.820245, -0.005523, 0.867140, 0.498034, -0.944852, -0.167612, 0.281355),

              ["RightUpperLeg"] = CFrame.new(0.000000, -0.000000, -0.000000, 0.990768, -0.127738, 0.045398, 0.129388, 0.990959, -0.035466, -0.040457, 0.041022, 0.998339),

              ["UpperTorso"] = CFrame.new(-0.009152, 0.085047, -0.000000, 0.999663, -0.025947, 0.000000, 0.025947, 0.999663, -0.000000, -0.000000, 0.000000, 1.000000)

          }},

          {Time = 0.120, Data = {

              ["Head"] = CFrame.new(-0.000000, 0.000000, -0.000000, 1.000000, -0.000000, 0.000000, -0.000000, 1.000000, -0.000000, -0.000000, 0.000000, 1.000000),

              ["LeftFoot"] = CFrame.new(-0.000000, -0.027631, -0.000003, 0.995042, -0.095813, -0.026676, 0.095659, 0.995389, -0.007008, 0.027224, 0.004432, 0.999620),

              ["LeftHand"] = CFrame.new(0.000501, -0.001267, -0.000000, 0.987869, 0.133723, -0.078953, -0.089999, 0.907328, 0.410682, 0.126552, -0.398591, 0.908354),

              ["LeftLowerArm"] = CFrame.new(-0.000500, -0.001465, 0.000007, 1.000000, -0.000000, -0.000000, 0.000000, 1.000000, -0.000001, 0.000000, 0.000000, 1.000000),

              ["LeftLowerLeg"] = CFrame.new(-0.000000, -0.027134, -0.000258, 1.000000, -0.000000, -0.000000, 0.000000, 1.000000, -0.000008, -0.000000, -0.000011, 1.000000),

              ["LeftUpperArm"] = CFrame.new(0.224212, -0.241771, 0.264907, 0.702483, 0.466639, -0.537369, -0.398841, 0.883466, 0.245791, 0.589443, 0.041661, 0.806735),

              ["LeftUpperLeg"] = CFrame.new(0.000000, -0.000000, -0.000100, 0.999430, -0.020900, 0.026523, 0.020706, 0.999757, 0.007569, -0.026675, -0.007008, 0.999620),

              ["LowerTorso"] = CFrame.new(-0.027042, -0.011401, -0.012280, 0.993197, 0.116445, -0.000000, -0.116445, 0.993197, 0.000000, 0.000000, -0.000000, 1.000000),

              ["RightFoot"] = CFrame.new(-0.000000, 0.006786, -0.000103, 0.988138, 0.153507, 0.004301, -0.151931, 0.981306, -0.118141, -0.022356, 0.116082, 0.992988),

              ["RightHand"] = CFrame.new(-0.000489, 0.017241, -0.000000, 0.984574, 0.151352, -0.087783, -0.165102, 0.969753, -0.179778, 0.057917, 0.191497, 0.979783),

              ["RightLowerArm"] = CFrame.new(-0.000000, 0.088622, 0.031487, 1.000000, 0.000000, 0.000000, -0.000000, 0.676912, -0.736064, -0.000000, 0.736064, 0.676912),

              ["RightLowerLeg"] = CFrame.new(0.000000, 0.029977, -0.002738, 1.000000, 0.000000, 0.000000, -0.000000, 0.972052, 0.234750, 0.000000, -0.234765, 0.972056),

              ["RightUpperArm"] = CFrame.new(0.090093, -0.040258, 0.415813, 0.327388, -0.463053, 0.823650, -0.005419, 0.870754, 0.491689, -0.944874, -0.165436, 0.282566),

              ["RightUpperLeg"] = CFrame.new(0.000000, -0.000000, -0.000000, 0.963541, -0.266141, 0.027525, 0.267527, 0.956650, -0.115100, 0.004302, 0.118280, 0.992973),

              ["UpperTorso"] = CFrame.new(0.031356, 0.092081, -0.000000, 0.993093, -0.117331, 0.000000, 0.117331, 0.993093, -0.000000, -0.000000, 0.000000, 1.000000)

          }},

          {Time = 0.140, Data = {

              ["Head"] = CFrame.new(-0.000000, 0.000000, 0.000000, 1.000000, -0.000000, -0.000000, -0.000000, 1.000000, -0.000000, 0.000000, 0.000000, 1.000000),

              ["LeftFoot"] = CFrame.new(-0.000000, -0.046116, -0.000003, 0.998424, -0.055642, 0.007332, 0.055694, 0.998423, -0.007000, -0.006931, 0.007408, 0.999949),

              ["LeftHand"] = CFrame.new(0.000500, 0.000631, 0.000000, 0.987529, 0.135576, -0.080033, -0.089872, 0.902840, 0.420483, 0.129263, -0.408043, 0.903764),

              ["LeftLowerArm"] = CFrame.new(-0.000500, 0.002380, 0.000014, 1.000000, -0.000000, -0.000000, 0.000000, 0.999809, -0.019550, 0.000000, 0.019549, 0.999809),

              ["LeftLowerLeg"] = CFrame.new(-0.000000, -0.045556, -0.000503, 1.000000, -0.000000, 0.000000, -0.000000, 1.000000, -0.000008, 0.000000, -0.000011, 1.000000),

              ["LeftUpperArm"] = CFrame.new(0.224192, -0.242816, 0.264221, 0.702443, 0.473949, -0.530986, -0.400930, 0.879905, 0.254996, 0.588073, 0.033769, 0.808103),

              ["LeftUpperLeg"] = CFrame.new(0.000000, -0.000000, -0.000100, 0.990006, -0.140785, -0.008246, 0.140836, 0.990016, 0.005905, 0.007333, -0.007000, 0.999949),

              ["LowerTorso"] = CFrame.new(-0.103330, -0.008707, -0.012280, 0.980662, 0.195710, -0.000000, -0.195710, 0.980662, 0.000000, 0.000000, -0.000000, 1.000000),

              ["RightFoot"] = CFrame.new(0.000000, 0.008576, -0.000103, 0.977629, 0.204789, 0.047990, -0.195113, 0.968173, -0.156766, -0.078563, 0.143887, 0.986469),

              ["RightHand"] = CFrame.new(-0.000489, 0.016959, 0.000000, 0.984331, 0.152529, -0.088469, -0.166952, 0.967625, -0.189284, 0.056733, 0.201088, 0.977929),

              ["RightLowerArm"] = CFrame.new(0.000000, 0.087530, 0.030575, 1.000000, 0.000000, 0.000000, -0.000000, 0.686357, -0.727264, -0.000000, 0.727265, 0.686357),

              ["RightLowerLeg"] = CFrame.new(-0.000000, 0.039616, -0.005006, 1.000000, 0.000000, 0.000000, -0.000000, 0.949091, 0.314991, 0.000000, -0.315003, 0.949095),

              ["RightUpperArm"] = CFrame.new(0.090119, -0.040303, 0.415822, 0.327338, -0.457466, 0.826786, -0.005328, 0.874084, 0.485746, -0.944892, -0.163409, 0.283683),

              ["RightUpperLeg"] = CFrame.new(0.000000, -0.000000, -0.000000, 0.918644, -0.394574, 0.020105, 0.392161, 0.904478, -0.167707, 0.047990, 0.161961, 0.985632),

              ["UpperTorso"] = CFrame.new(0.067138, 0.105299, -0.000000, 0.979703, -0.200455, 0.000000, 0.200455, 0.979703, -0.000000, -0.000000, 0.000000, 1.000000)

          }},

          {Time = 0.160, Data = {

              ["Head"] = CFrame.new(-0.000000, -0.000000, 0.000000, 1.000000, -0.000000, 0.000000, -0.000000, 1.000000, -0.000000, 0.000000, 0.000000, 1.000000),

              ["LeftFoot"] = CFrame.new(-0.000000, -0.063154, -0.000003, 0.999137, -0.025145, 0.033051, 0.025389, 0.999653, -0.006993, -0.032862, 0.007836, 0.999429),

              ["LeftHand"] = CFrame.new(0.000499, 0.001433, -0.000000, 0.987246, 0.137102, -0.080921, -0.088715, 0.895832, 0.435452, 0.132191, -0.422716, 0.896568),

              ["LeftLowerArm"] = CFrame.new(-0.000500, 0.006353, 0.000121, 1.000000, 0.000000, -0.000000, -0.000000, 0.998678, -0.051401, 0.000000, 0.051401, 0.998678),

              ["LeftLowerLeg"] = CFrame.new(0.000000, -0.062535, -0.000728, 1.000000, -0.000000, 0.000000, 0.000000, 1.000000, -0.000008, 0.000000, -0.000011, 1.000000),

              ["LeftUpperArm"] = CFrame.new(0.224171, -0.243677, 0.263656, 0.702402, 0.484123, -0.521781, -0.402653, 0.874754, 0.269586, 0.586943, 0.020740, 0.809363),

              ["LeftUpperLeg"] = CFrame.new(-0.000000, -0.000000, -0.000100, 0.971298, -0.235458, -0.033769, 0.235560, 0.971859, -0.000983, 0.033050, -0.006993, 0.999429),

              ["LowerTorso"] = CFrame.new(-0.165787, -0.004589, -0.012280, 0.965592, 0.260064, -0.000000, -0.260064, 0.965592, 0.000000, 0.000000, -0.000000, 1.000000),

              ["RightFoot"] = CFrame.new(-0.000000, 0.009406, -0.000103, 0.965059, 0.247825, 0.085119, -0.230343, 0.957191, -0.175303, -0.124913, 0.149561, 0.980828),

              ["RightHand"] = CFrame.new(-0.000489, 0.016727, 0.000000, 0.984131, 0.153493, -0.089031, -0.168467, 0.965795, -0.197128, 0.055728, 0.208998, 0.976327),

              ["RightLowerArm"] = CFrame.new(0.000000, 0.086612, 0.029825, 1.000000, 0.000000, 0.000000, -0.000000, 0.694114, -0.719866, -0.000000, 0.719865, 0.694114),

              ["RightLowerLeg"] = CFrame.new(-0.000000, 0.044218, -0.006360, 1.000000, 0.000000, -0.000000, -0.000000, 0.935362, 0.353681, 0.000000, -0.353693, 0.935366),

              ["RightUpperArm"] = CFrame.new(0.090137, -0.040338, 0.415829, 0.327300, -0.452800, 0.829366, -0.005258, 0.876823, 0.480784, -0.944906, -0.161722, 0.284603),

              ["RightUpperLeg"] = CFrame.new(-0.000000, 0.000000, -0.000000, 0.867402, -0.497300, 0.017502, 0.490274, 0.848070, -0.201004, 0.085118, 0.182948, 0.979434),

              ["UpperTorso"] = CFrame.new(0.094990, 0.120897, -0.000000, 0.963455, -0.267870, 0.000000, 0.267870, 0.963455, -0.000000, -0.000000, 0.000000, 1.000000)

          }},

          {Time = 0.180, Data = {

              ["Head"] = CFrame.new(0.000000, -0.000000, 0.000000, 1.000000, -0.000000, -0.000000, -0.000000, 1.000000, -0.000000, 0.000000, 0.000000, 1.000000),

              ["LeftFoot"] = CFrame.new(-0.000000, -0.075543, -0.000003, 0.998769, -0.005858, 0.049271, 0.006210, 0.999956, -0.006988, -0.049225, 0.007295, 0.998761),

              ["LeftHand"] = CFrame.new(0.000499, 0.001922, -0.000000, 0.987052, 0.138137, -0.081523, -0.087942, 0.891113, 0.445181, 0.134141, -0.432244, 0.891722),

              ["LeftLowerArm"] = CFrame.new(-0.000500, 0.008903, 0.000245, 1.000000, -0.000000, -0.000000, 0.000000, 0.997392, -0.072169, 0.000000, 0.072169, 0.997392),

              ["LeftLowerLeg"] = CFrame.new(-0.000000, -0.074882, -0.000891, 1.000000, 0.000000, 0.000000, 0.000000, 1.000000, -0.000007, 0.000000, -0.000011, 1.000000),

              ["LeftUpperArm"] = CFrame.new(0.224156, -0.244263, 0.263272, 0.702372, 0.490713, -0.515630, -0.403823, 0.871235, 0.279062, 0.586175, 0.012219, 0.810093),

              ["LeftUpperLeg"] = CFrame.new(0.000000, -0.000000, -0.000100, 0.953560, -0.297172, -0.049121, 0.297146, 0.954799, -0.007971, 0.049270, -0.006988, 0.998761),

              ["LowerTorso"] = CFrame.new(-0.207916, -0.000832, -0.012280, 0.952958, 0.303102, -0.000000, -0.303102, 0.952958, 0.000000, 0.000000, -0.000000, 1.000000),

              ["RightFoot"] = CFrame.new(-0.000000, 0.009698, -0.000103, 0.954483, 0.277020, 0.110561, -0.254644, 0.949842, -0.181551, -0.155300, 0.145124, 0.977147),

              ["RightHand"] = CFrame.new(-0.000489, 0.016528, -0.000000, 0.983994, 0.154146, -0.089412, -0.169485, 0.964532, -0.202371, 0.055046, 0.214285, 0.975219),

              ["RightLowerArm"] = CFrame.new(-0.000000, 0.085956, 0.029333, 1.000000, 0.000000, 0.000000, -0.000000, 0.699230, -0.714896, -0.000000, 0.714896, 0.699231),

              ["RightLowerLeg"] = CFrame.new(0.000000, 0.045831, -0.006877, 1.000000, 0.000000, 0.000000, -0.000000, 0.930113, 0.367264, -0.000000, -0.367275, 0.930117),

              ["RightUpperArm"] = CFrame.new(0.090149, -0.040361, 0.415833, 0.327276, -0.449680, 0.831071, -0.005213, 0.878634, 0.477468, -0.944915, -0.160597, 0.285211),

              ["RightUpperLeg"] = CFrame.new(0.000000, -0.000000, -0.000000, 0.825617, -0.563996, 0.016286, 0.553294, 0.803616, -0.219230, 0.110559, 0.190026, 0.975537),

              ["UpperTorso"] = CFrame.new(0.112822, 0.133822, -0.000000, 0.949786, -0.312901, 0.000000, 0.312901, 0.949786, -0.000000, -0.000000, 0.000000, 1.000000)

          }},

          {Time = 0.200, Data = {

              ["Head"] = CFrame.new(0.000000, 0.000000, 0.000000, 1.000000, -0.000000, 0.000000, -0.000000, 1.000000, -0.000000, -0.000000, 0.000000, 1.000000),

              ["LeftFoot"] = CFrame.new(-0.000000, -0.080237, -0.000004, 0.998487, 0.000956, 0.054993, -0.000572, 0.999975, -0.006986, -0.054995, 0.006954, 0.998462),

              ["LeftHand"] = CFrame.new(0.000498, 0.002093, 0.000000, 0.986981, 0.138518, -0.081745, -0.087656, 0.889373, 0.448704, 0.134854, -0.435694, 0.889934),

              ["LeftLowerArm"] = CFrame.new(-0.000500, 0.009822, 0.000301, 1.000000, 0.000000, -0.000000, 0.000000, 0.996819, -0.079705, 0.000000, 0.079705, 0.996818),

              ["LeftLowerLeg"] = CFrame.new(0.000000, -0.079560, -0.000953, 1.000000, -0.000000, 0.000000, -0.000000, 1.000000, -0.000008, 0.000000, -0.000011, 1.000000),

              ["LeftUpperArm"] = CFrame.new(0.224150, -0.244478, 0.263131, 0.702360, 0.493093, -0.513371, -0.404255, 0.869929, 0.282494, 0.585892, 0.009121, 0.810338),

              ["LeftUpperLeg"] = CFrame.new(0.000000, -0.000000, -0.000100, 0.946080, -0.319344, -0.054343, 0.319232, 0.947613, -0.010945, 0.054992, -0.006985, 0.998462),

              ["LowerTorso"] = CFrame.new(-0.223378, 0.000746, -0.012280, 0.947819, 0.318809, -0.000000, -0.318809, 0.947819, 0.000000, 0.000000, -0.000000, 1.000000),

              ["RightFoot"] = CFrame.new(-0.000000, 0.009759, -0.000103, 0.950178, 0.287715, 0.119935, -0.263721, 0.947126, -0.182776, -0.166172, 0.142030, 0.975812),

              ["RightHand"] = CFrame.new(-0.000489, 0.016455, -0.000000, 0.983944, 0.154386, -0.089552, -0.169860, 0.964058, -0.204305, 0.054791, 0.216234, 0.974803),

              ["RightLowerArm"] = CFrame.new(0.000000, 0.085713, 0.029152, 1.000000, 0.000000, 0.000000, -0.000000, 0.701113, -0.713050, -0.000000, 0.713050, 0.701113),

              ["RightLowerLeg"] = CFrame.new(0.000000, 0.046172, -0.006990, 1.000000, 0.000000, 0.000000, -0.000000, 0.928971, 0.370142, 0.000000, -0.370152, 0.928975),

              ["RightUpperArm"] = CFrame.new(0.090154, -0.040368, 0.415834, 0.327267, -0.448524, 0.831698, -0.005197, 0.879300, 0.476240, -0.944918, -0.160180, 0.285435),

              ["RightUpperLeg"] = CFrame.new(0.000000, -0.000000, -0.000000, 0.808870, -0.587773, 0.015901, 0.575627, 0.786056, -0.225309, 0.119933, 0.191414, 0.974158),

              ["UpperTorso"] = CFrame.new(0.119143, 0.139047, -0.000000, 0.944218, -0.329322, 0.000000, 0.329322, 0.944218, -0.000000, -0.000000, 0.000000, 1.000000)

          }},

          {Time = 0.220, Data = {

              ["Head"] = CFrame.new(0.000000, 0.000000, 0.000000, 1.000000, -0.000000, 0.000000, -0.000000, 1.000000, -0.000000, -0.000000, 0.000000, 1.000000),

              ["LeftFoot"] = CFrame.new(-0.000000, -0.080237, -0.000004, 0.998487, 0.000956, 0.054993, -0.000572, 0.999975, -0.006986, -0.054995, 0.006954, 0.998462),

              ["LeftHand"] = CFrame.new(0.000498, 0.002093, 0.000000, 0.986981, 0.138518, -0.081745, -0.087656, 0.889373, 0.448704, 0.134854, -0.435694, 0.889934),

              ["LeftLowerArm"] = CFrame.new(-0.000500, 0.009822, 0.000301, 1.000000, 0.000000, -0.000000, 0.000000, 0.996819, -0.079705, 0.000000, 0.079705, 0.996818),

              ["LeftLowerLeg"] = CFrame.new(0.000000, -0.079560, -0.000953, 1.000000, -0.000000, 0.000000, -0.000000, 1.000000, -0.000008, 0.000000, -0.000011, 1.000000),

              ["LeftUpperArm"] = CFrame.new(0.224150, -0.244478, 0.263131, 0.702360, 0.493093, -0.513371, -0.404255, 0.869929, 0.282494, 0.585892, 0.009121, 0.810338),

              ["LeftUpperLeg"] = CFrame.new(0.000000, -0.000000, -0.000100, 0.946080, -0.319344, -0.054343, 0.319232, 0.947613, -0.010945, 0.054992, -0.006985, 0.998462),

              ["LowerTorso"] = CFrame.new(-0.223378, 0.000746, -0.012280, 0.947819, 0.318809, -0.000000, -0.318809, 0.947819, 0.000000, 0.000000, -0.000000, 1.000000),

              ["RightFoot"] = CFrame.new(-0.000000, 0.009759, -0.000103, 0.950178, 0.287715, 0.119935, -0.263721, 0.947126, -0.182776, -0.166172, 0.142030, 0.975812),

              ["RightHand"] = CFrame.new(-0.000489, 0.016455, -0.000000, 0.983944, 0.154386, -0.089552, -0.169860, 0.964058, -0.204305, 0.054791, 0.216234, 0.974803),

              ["RightLowerArm"] = CFrame.new(0.000000, 0.085713, 0.029152, 1.000000, 0.000000, 0.000000, -0.000000, 0.701113, -0.713050, -0.000000, 0.713050, 0.701113),

              ["RightLowerLeg"] = CFrame.new(0.000000, 0.046172, -0.006990, 1.000000, 0.000000, 0.000000, -0.000000, 0.928971, 0.370142, 0.000000, -0.370152, 0.928975),

              ["RightUpperArm"] = CFrame.new(0.090154, -0.040368, 0.415834, 0.327267, -0.448524, 0.831698, -0.005197, 0.879300, 0.476240, -0.944918, -0.160180, 0.285435),

              ["RightUpperLeg"] = CFrame.new(0.000000, -0.000000, -0.000000, 0.808870, -0.587773, 0.015901, 0.575627, 0.786056, -0.225309, 0.119933, 0.191414, 0.974158),

              ["UpperTorso"] = CFrame.new(0.119143, 0.139047, -0.000000, 0.944218, -0.329322, 0.000000, 0.329322, 0.944218, -0.000000, -0.000000, 0.000000, 1.000000)

          }},

          {Time = 0.240, Data = {

              ["Head"] = CFrame.new(0.000000, 0.000000, 0.000000, 1.000000, -0.000000, 0.000000, -0.000000, 1.000000, -0.000000, -0.000000, 0.000000, 1.000000),

              ["LeftFoot"] = CFrame.new(-0.000000, -0.080237, -0.000004, 0.998487, 0.000956, 0.054993, -0.000572, 0.999975, -0.006986, -0.054995, 0.006954, 0.998462),

              ["LeftHand"] = CFrame.new(0.000498, 0.002093, 0.000000, 0.986981, 0.138518, -0.081745, -0.087656, 0.889373, 0.448704, 0.134854, -0.435694, 0.889934),

              ["LeftLowerArm"] = CFrame.new(-0.000500, 0.009822, 0.000301, 1.000000, 0.000000, -0.000000, 0.000000, 0.996819, -0.079705, 0.000000, 0.079705, 0.996818),

              ["LeftLowerLeg"] = CFrame.new(0.000000, -0.079560, -0.000953, 1.000000, -0.000000, 0.000000, -0.000000, 1.000000, -0.000008, 0.000000, -0.000011, 1.000000),

              ["LeftUpperArm"] = CFrame.new(0.224150, -0.244478, 0.263131, 0.702360, 0.493093, -0.513371, -0.404255, 0.869929, 0.282494, 0.585892, 0.009121, 0.810338),

              ["LeftUpperLeg"] = CFrame.new(0.000000, -0.000000, -0.000100, 0.946080, -0.319344, -0.054343, 0.319232, 0.947613, -0.010945, 0.054992, -0.006985, 0.998462),

              ["LowerTorso"] = CFrame.new(-0.223378, 0.000746, -0.012280, 0.947819, 0.318809, -0.000000, -0.318809, 0.947819, 0.000000, 0.000000, -0.000000, 1.000000),

              ["RightFoot"] = CFrame.new(-0.000000, 0.009759, -0.000103, 0.950178, 0.287715, 0.119935, -0.263721, 0.947126, -0.182776, -0.166172, 0.142030, 0.975812),

              ["RightHand"] = CFrame.new(-0.000489, 0.016455, -0.000000, 0.983944, 0.154386, -0.089552, -0.169860, 0.964058, -0.204305, 0.054791, 0.216234, 0.974803),

              ["RightLowerArm"] = CFrame.new(0.000000, 0.085713, 0.029152, 1.000000, 0.000000, 0.000000, -0.000000, 0.701113, -0.713050, -0.000000, 0.713050, 0.701113),

              ["RightLowerLeg"] = CFrame.new(0.000000, 0.046172, -0.006990, 1.000000, 0.000000, 0.000000, -0.000000, 0.928971, 0.370142, 0.000000, -0.370152, 0.928975),

              ["RightUpperArm"] = CFrame.new(0.090154, -0.040368, 0.415834, 0.327267, -0.448524, 0.831698, -0.005197, 0.879300, 0.476240, -0.944918, -0.160180, 0.285435),

              ["RightUpperLeg"] = CFrame.new(0.000000, -0.000000, -0.000000, 0.808870, -0.587773, 0.015901, 0.575627, 0.786056, -0.225309, 0.119933, 0.191414, 0.974158),

              ["UpperTorso"] = CFrame.new(0.119143, 0.139047, -0.000000, 0.944218, -0.329322, 0.000000, 0.329322, 0.944218, -0.000000, -0.000000, 0.000000, 1.000000)

          }},

          {Time = 0.260, Data = {

              ["Head"] = CFrame.new(0.000000, 0.000000, 0.000000, 1.000000, -0.000000, 0.000000, -0.000000, 1.000000, -0.000000, -0.000000, 0.000000, 1.000000),

              ["LeftFoot"] = CFrame.new(-0.000000, -0.080237, -0.000004, 0.998487, 0.000956, 0.054993, -0.000572, 0.999975, -0.006986, -0.054995, 0.006954, 0.998462),

              ["LeftHand"] = CFrame.new(0.000498, 0.002093, 0.000000, 0.986981, 0.138518, -0.081745, -0.087656, 0.889373, 0.448704, 0.134854, -0.435694, 0.889934),

              ["LeftLowerArm"] = CFrame.new(-0.000500, 0.009822, 0.000301, 1.000000, 0.000000, -0.000000, 0.000000, 0.996819, -0.079705, 0.000000, 0.079705, 0.996818),

              ["LeftLowerLeg"] = CFrame.new(0.000000, -0.079560, -0.000953, 1.000000, -0.000000, 0.000000, -0.000000, 1.000000, -0.000008, 0.000000, -0.000011, 1.000000),

              ["LeftUpperArm"] = CFrame.new(0.224150, -0.244478, 0.263131, 0.702360, 0.493093, -0.513371, -0.404255, 0.869929, 0.282494, 0.585892, 0.009121, 0.810338),

              ["LeftUpperLeg"] = CFrame.new(0.000000, -0.000000, -0.000100, 0.946080, -0.319344, -0.054343, 0.319232, 0.947613, -0.010945, 0.054992, -0.006985, 0.998462),

              ["LowerTorso"] = CFrame.new(-0.223378, 0.000746, -0.012280, 0.947819, 0.318809, -0.000000, -0.318809, 0.947819, 0.000000, 0.000000, -0.000000, 1.000000),

              ["RightFoot"] = CFrame.new(-0.000000, 0.009759, -0.000103, 0.950178, 0.287715, 0.119935, -0.263721, 0.947126, -0.182776, -0.166172, 0.142030, 0.975812),

              ["RightHand"] = CFrame.new(-0.000489, 0.016455, -0.000000, 0.983944, 0.154386, -0.089552, -0.169860, 0.964058, -0.204305, 0.054791, 0.216234, 0.974803),

              ["RightLowerArm"] = CFrame.new(0.000000, 0.085713, 0.029152, 1.000000, 0.000000, 0.000000, -0.000000, 0.701113, -0.713050, -0.000000, 0.713050, 0.701113),

              ["RightLowerLeg"] = CFrame.new(0.000000, 0.046172, -0.006990, 1.000000, 0.000000, 0.000000, -0.000000, 0.928971, 0.370142, 0.000000, -0.370152, 0.928975),

              ["RightUpperArm"] = CFrame.new(0.090154, -0.040368, 0.415834, 0.327267, -0.448524, 0.831698, -0.005197, 0.879300, 0.476240, -0.944918, -0.160180, 0.285435),

              ["RightUpperLeg"] = CFrame.new(0.000000, -0.000000, -0.000000, 0.808870, -0.587773, 0.015901, 0.575627, 0.786056, -0.225309, 0.119933, 0.191414, 0.974158),

              ["UpperTorso"] = CFrame.new(0.119143, 0.139047, -0.000000, 0.944218, -0.329322, 0.000000, 0.329322, 0.944218, -0.000000, -0.000000, 0.000000, 1.000000)

          }},

          {Time = 0.280, Data = {

              ["Head"] = CFrame.new(0.000000, 0.000000, 0.000000, 1.000000, -0.000000, 0.000000, -0.000000, 1.000000, -0.000000, -0.000000, 0.000000, 1.000000),

              ["LeftFoot"] = CFrame.new(-0.000000, -0.080237, -0.000004, 0.998487, 0.000956, 0.054993, -0.000572, 0.999975, -0.006986, -0.054995, 0.006954, 0.998462),

              ["LeftHand"] = CFrame.new(0.000498, 0.002093, 0.000000, 0.986981, 0.138518, -0.081745, -0.087656, 0.889373, 0.448704, 0.134854, -0.435694, 0.889934),

              ["LeftLowerArm"] = CFrame.new(-0.000500, 0.009822, 0.000301, 1.000000, 0.000000, -0.000000, 0.000000, 0.996819, -0.079705, 0.000000, 0.079705, 0.996818),

              ["LeftLowerLeg"] = CFrame.new(0.000000, -0.079560, -0.000953, 1.000000, -0.000000, 0.000000, -0.000000, 1.000000, -0.000008, 0.000000, -0.000011, 1.000000),

              ["LeftUpperArm"] = CFrame.new(0.224150, -0.244478, 0.263131, 0.702360, 0.493093, -0.513371, -0.404255, 0.869929, 0.282494, 0.585892, 0.009121, 0.810338),

              ["LeftUpperLeg"] = CFrame.new(0.000000, -0.000000, -0.000100, 0.946080, -0.319344, -0.054343, 0.319232, 0.947613, -0.010945, 0.054992, -0.006985, 0.998462),

              ["LowerTorso"] = CFrame.new(-0.223378, 0.000746, -0.012280, 0.947819, 0.318809, -0.000000, -0.318809, 0.947819, 0.000000, 0.000000, -0.000000, 1.000000),

              ["RightFoot"] = CFrame.new(-0.000000, 0.009759, -0.000103, 0.950178, 0.287715, 0.119935, -0.263721, 0.947126, -0.182776, -0.166172, 0.142030, 0.975812),

              ["RightHand"] = CFrame.new(-0.000489, 0.016455, -0.000000, 0.983944, 0.154386, -0.089552, -0.169860, 0.964058, -0.204305, 0.054791, 0.216234, 0.974803),

              ["RightLowerArm"] = CFrame.new(0.000000, 0.085713, 0.029152, 1.000000, 0.000000, 0.000000, -0.000000, 0.701113, -0.713050, -0.000000, 0.713050, 0.701113),

              ["RightLowerLeg"] = CFrame.new(0.000000, 0.046172, -0.006990, 1.000000, 0.000000, 0.000000, -0.000000, 0.928971, 0.370142, 0.000000, -0.370152, 0.928975),

              ["RightUpperArm"] = CFrame.new(0.090154, -0.040368, 0.415834, 0.327267, -0.448524, 0.831698, -0.005197, 0.879300, 0.476240, -0.944918, -0.160180, 0.285435),

              ["RightUpperLeg"] = CFrame.new(0.000000, -0.000000, -0.000000, 0.808870, -0.587773, 0.015901, 0.575627, 0.786056, -0.225309, 0.119933, 0.191414, 0.974158),

              ["UpperTorso"] = CFrame.new(0.119143, 0.139047, -0.000000, 0.944218, -0.329322, 0.000000, 0.329322, 0.944218, -0.000000, -0.000000, 0.000000, 1.000000)

          }},

          {Time = 0.300, Data = {

              ["Head"] = CFrame.new(0.000000, 0.000000, 0.000000, 1.000000, -0.000000, 0.000000, -0.000000, 1.000000, -0.000000, -0.000000, 0.000000, 1.000000),

              ["LeftFoot"] = CFrame.new(-0.000000, -0.080237, -0.000004, 0.998487, 0.000956, 0.054993, -0.000572, 0.999975, -0.006986, -0.054995, 0.006954, 0.998462),

              ["LeftHand"] = CFrame.new(0.000498, 0.002093, 0.000000, 0.986981, 0.138518, -0.081745, -0.087656, 0.889373, 0.448704, 0.134854, -0.435694, 0.889934),

              ["LeftLowerArm"] = CFrame.new(-0.000500, 0.009822, 0.000301, 1.000000, 0.000000, -0.000000, 0.000000, 0.996819, -0.079705, 0.000000, 0.079705, 0.996818),

              ["LeftLowerLeg"] = CFrame.new(0.000000, -0.079560, -0.000953, 1.000000, -0.000000, 0.000000, -0.000000, 1.000000, -0.000008, 0.000000, -0.000011, 1.000000),

              ["LeftUpperArm"] = CFrame.new(0.224150, -0.244478, 0.263131, 0.702360, 0.493093, -0.513371, -0.404255, 0.869929, 0.282494, 0.585892, 0.009121, 0.810338),

