return {
  ["KeyframeSequence"] = {
    {Time = 0.000, Data = {
      ["Head"] = CFrame.new(1.569447, -2.837602, -2.628392, -0.014371, -0.891869, -0.452066, 0.121349, 0.447215, -0.886156, 0.992506, -0.067593, 0.101800),
      ["LeftFoot"] = CFrame.new(0.000000, 0.031109, -0.000001, 0.314253, -0.726213, -0.611467, 0.945975, 0.293710, 0.137348, 0.079848, -0.621570, 0.779258),
      ["LeftHand"] = CFrame.new(0.000500, 0.000100, 0.000000, 0.998674, 0.033727, 0.038897, -0.034986, 0.998870, 0.032160, -0.037768, -0.033478, 0.998726),
      ["LeftLowerArm"] = CFrame.new(-0.020751, 0.127063, -0.058546, 1.000000, 0.000000, 0.000000, 0.000000, -0.869301, -0.494282, 0.000000, 0.494283, -0.869302),
      ["LeftLowerLeg"] = CFrame.new(-0.000000, 0.123991, -0.079911, 1.000000, -0.000000, -0.000000, 0.000000, 0.172641, 0.984987, -0.000000, -0.984985, 0.172627),
      ["LeftUpperArm"] = CFrame.new(0.017398, 0.123870, 0.009807, -0.997698, -0.063502, -0.023814, 0.067354, -0.968873, -0.238221, -0.007945, -0.239276, 0.970919),
      ["LeftUpperLeg"] = CFrame.new(-0.352340, 0.493619, -0.286882, 0.631278, 0.380787, 0.675657, -0.014533, -0.865210, 0.501182, 0.775421, -0.326211, -0.540652),
      ["LowerTorso"] = CFrame.new(-0.312647, 0.374083, 0.484500, -0.053270, 0.541541, 0.838985, -0.857714, 0.405430, -0.316153, -0.511359, -0.736451, 0.442890),
      ["RightFoot"] = CFrame.new(0.000000, 0.019962, -0.000100, 0.999281, 0.029011, 0.024431, -0.036566, 0.907517, 0.418444, -0.010014, -0.419012, 0.907914),
      ["RightHand"] = CFrame.new(-0.000500, 0.000000, -0.000000, 0.999992, -0.003397, 0.002252, 0.003462, 0.999559, -0.029487, -0.002151, 0.029495, 0.999563),
      ["RightLowerArm"] = CFrame.new(-0.022999, 0.091579, 0.012182, 1.000000, 0.000000, -0.000000, -0.000000, -0.824530, -0.565817, -0.000000, 0.565818, -0.824531),
      ["RightLowerLeg"] = CFrame.new(-0.000000, 0.102416, -0.142190, 1.000000, 0.000000, 0.000000, -0.000000, -0.448355, 0.893854, 0.000000, -0.893856, -0.448357),
      ["RightUpperArm"] = CFrame.new(0.076746, 0.028969, 0.035979, -0.997488, 0.070836, 0.000470, -0.068677, -0.965421, -0.251488, -0.017361, -0.250888, 0.967860),
      ["RightUpperLeg"] = CFrame.new(0.486551, 0.370925, -0.157002, 0.909304, 0.234933, 0.343479, -0.096324, -0.684119, 0.722978, 0.404830, -0.690498, -0.599437),
      ["UpperTorso"] = CFrame.new(-0.025178, -0.118468, 0.042333, 0.997697, 0.062075, 0.027322, -0.067811, 0.920093, 0.385787, -0.001192, -0.386751, 0.922183)
    }},
    {Time = 0.017, Data = {
      ["Head"] = CFrame.new(1.572207, -2.825626, -2.630218, -0.014008, -0.895124, -0.445597, 0.121904, 0.440787, -0.889295, 0.992443, -0.066778, 0.102944),
      ["LeftFoot"] = CFrame.new(0.000000, 0.031175, -0.000001, 0.321653, -0.724315, -0.609869, 0.942940, 0.303562, 0.136799, 0.086045, -0.619047, 0.780606),
      ["LeftHand"] = CFrame.new(0.000500, 0.000100, 0.000000, 0.998674, 0.033727, 0.038897, -0.034986, 0.998870, 0.032161, -0.037768, -0.033478, 0.998726),
      ["LeftLowerArm"] = CFrame.new(-0.020752, 0.127063, -0.058546, 1.000000, -0.000000, 0.000000, 0.000000, -0.869301, -0.494282, 0.000000, 0.494283, -0.869302),
      ["LeftLowerLeg"] = CFrame.new(-0.000000, 0.124117, -0.080442, 1.000000, -0.000000, -0.000000, 0.000000, 0.167106, 0.985941, -0.000000, -0.985939, 0.167092),
      ["LeftUpperArm"] = CFrame.new(0.017399, 0.123870, 0.009808, -0.997698, -0.063503, -0.023814, 0.067354, -0.968873, -0.238220, -0.007945, -0.239276, 0.970919),
      ["LeftUpperLeg"] = CFrame.new(-0.352340, 0.493619, -0.286882, 0.630625, 0.383688, 0.674625, -0.014982, -0.863064, 0.504854, 0.775943, -0.328488, -0.538520),
      ["LowerTorso"] = CFrame.new(-0.312641, 0.376711, 0.485937, -0.053457, 0.541525, 0.838984, -0.862166, 0.398860, -0.312380, -0.503798, -0.740042, 0.445562),
      ["RightFoot"] = CFrame.new(0.000000, 0.019978, -0.000099, 0.999292, 0.028795, 0.024250, -0.036199, 0.911442, 0.409857, -0.010282, -0.410420, 0.911827),
      ["RightHand"] = CFrame.new(-0.000500, 0.000000, -0.000000, 0.999992, -0.003397, 0.002252, 0.003462, 0.999559, -0.029487, -0.002151, 0.029495, 0.999563),
      ["RightLowerArm"] = CFrame.new(-0.022999, 0.091580, 0.012182, 1.000000, 0.000000, -0.000000, -0.000000, -0.824530, -0.565817, -0.000000, 0.565818, -0.824531),
      ["RightLowerLeg"] = CFrame.new(0.000000, 0.102288, -0.142438, 1.000000, 0.000000, 0.000000, -0.000000, -0.450904, 0.892571, 0.000000, -0.892572, -0.450906),
      ["RightUpperArm"] = CFrame.new(0.075688, 0.030159, 0.035674, -0.997488, 0.070835, 0.000470, -0.068677, -0.965421, -0.251488, -0.017361, -0.250888, 0.967860),
      ["RightUpperLeg"] = CFrame.new(0.487937, 0.375603, -0.154856, 0.909274, 0.237689, 0.341657, -0.090576, -0.688172, 0.719868, 0.406222, -0.685509, -0.604203),
      ["UpperTorso"] = CFrame.new(-0.024096, -0.118633, 0.042500, 0.997751, 0.061217, 0.027286, -0.067006, 0.920130, 0.385838, -0.001487, -0.386799, 0.922163)
    }},
    {Time = 0.033, Data = {
      ["Head"] = CFrame.new(1.579972, -2.791925, -2.635355, -0.013006, -0.904049, -0.427230, 0.123483, 0.422544, -0.897891, 0.992261, -0.064434, 0.106139),
      ["LeftFoot"] = CFrame.new(0.000000, 0.031354, -0.000001, 0.342139, -0.718800, -0.605226, 0.933987, 0.330749, 0.135182, 0.103004, -0.611499, 0.784491),
      ["LeftHand"] = CFrame.new(0.000499, 0.000100, -0.000000, 0.998674, 0.033727, 0.038897, -0.034986, 0.998870, 0.032161, -0.037768, -0.033478, 0.998726),
      ["LeftLowerArm"] = CFrame.new(-0.020751, 0.127063, -0.058546, 1.000000, -0.000000, 0.000000, 0.000000, -0.869301, -0.494282, 0.000000, 0.494283, -0.869302),
      ["LeftLowerLeg"] = CFrame.new(-0.000000, 0.124440, -0.081870, 1.000000, -0.000000, -0.000000, 0.000000, 0.152215, 0.988349, -0.000000, -0.988347, 0.152202),
      ["LeftUpperArm"] = CFrame.new(0.017399, 0.123870, 0.009808, -0.997698, -0.063503, -0.023814, 0.067354, -0.968873, -0.238221, -0.007945, -0.239276, 0.970919),
      ["LeftUpperLeg"] = CFrame.new(-0.352340, 0.493619, -0.286881, 0.629070, 0.391409, 0.671635, -0.016259, -0.857174, 0.514752, 0.777178, -0.334742, -0.532857),
      ["LowerTorso"] = CFrame.new(-0.312622, 0.384169, 0.489850, -0.053957, 0.541476, 0.838983, -0.874335, 0.380215, -0.301620, -0.482314, -0.749826, 0.452917),
      ["RightFoot"] = CFrame.new(0.000000, 0.020017, -0.000100, 0.999358, 0.027420, 0.023092, -0.034195, 0.922164, 0.385308, -0.010711, -0.385826, 0.922499),
      ["RightHand"] = CFrame.new(-0.000500, 0.000000, -0.000000, 0.999992, -0.003397, 0.002252, 0.003462, 0.999559, -0.029487, -0.002151, 0.029495, 0.999563),
      ["RightLowerArm"] = CFrame.new(-0.022999, 0.091579, 0.012182, 1.000000, 0.000000, -0.000000, -0.000000, -0.824530, -0.565817, -0.000000, 0.565818, -0.824531),
      ["RightLowerLeg"] = CFrame.new(-0.000000, 0.101957, -0.143073, 1.000000, 0.000000, 0.000000, -0.000000, -0.457414, 0.889252, 0.000000, -0.889254, -0.457417),
      ["RightUpperArm"] = CFrame.new(0.072711, 0.033506, 0.034817, -0.997488, 0.070835, 0.000470, -0.068677, -0.965421, -0.251488, -0.017361, -0.250888, 0.967860),
      ["RightUpperLeg"] = CFrame.new(0.491839, 0.388767, -0.148818, 0.909428, 0.244580, 0.336342, -0.074500, -0.699840, 0.710401, 0.409133, -0.671122, -0.618227),
      ["UpperTorso"] = CFrame.new(-0.021045, -0.119052, 0.042946, 0.997896, 0.058858, 0.027200, -0.064798, 0.920230, 0.385976, -0.002313, -0.386927, 0.922108)
    }},
    {Time = 0.050, Data = {
      ["Head"] = CFrame.new(1.591973, -2.739842, -2.643293, -0.011518, -0.917142, -0.398395, 0.125971, 0.393916, -0.910473, 0.991967, -0.060673, 0.110996),
      ["LeftFoot"] = CFrame.new(0.000000, 0.031608, -0.000001, 0.372799, -0.709822, -0.597667, 0.919069, 0.371170, 0.132464, 0.127804, -0.598653, 0.790726),
      ["LeftHand"] = CFrame.new(0.000500, 0.000100, 0.000000, 0.998674, 0.033727, 0.038897, -0.034986, 0.998870, 0.032161, -0.037768, -0.033478, 0.998726),
      ["LeftLowerArm"] = CFrame.new(-0.020752, 0.127063, -0.058546, 1.000000, -0.000000, 0.000000, 0.000000, -0.869301, -0.494282, 0.000000, 0.494283, -0.869302),
      ["LeftLowerLeg"] = CFrame.new(-0.000001, 0.124860, -0.083891, 1.000000, -0.000000, -0.000000, 0.000000, 0.131135, 0.991366, -0.000000, -0.991364, 0.131122),
      ["LeftUpperArm"] = CFrame.new(0.017398, 0.123870, 0.009808, -0.997698, -0.063503, -0.023814, 0.067354, -0.968873, -0.238220, -0.007945, -0.239276, 0.970919),
      ["LeftUpperLeg"] = CFrame.new(-0.352340, 0.493619, -0.286882, 0.627498, 0.402118, 0.666761, -0.018214, -0.848505, 0.528857, 0.778405, -0.344007, -0.525109),
      ["LowerTorso"] = CFrame.new(-0.312589, 0.395866, 0.495523, -0.054650, 0.541395, 0.838990, -0.892091, 0.350973, -0.284589, -0.448538, -0.764009, 0.463793),
      ["RightFoot"] = CFrame.new(0.000000, 0.020067, -0.000100, 0.999537, 0.023284, 0.019610, -0.028628, 0.937667, 0.346376, -0.010304, -0.346755, 0.937891),
      ["RightHand"] = CFrame.new(-0.000500, 0.000000, 0.000000, 0.999992, -0.003397, 0.002252, 0.003462, 0.999559, -0.029487, -0.002151, 0.029495, 0.999563),
      ["RightLowerArm"] = CFrame.new(-0.022999, 0.091580, 0.012182, 1.000000, 0.000000, -0.000000, -0.000000, -0.824530, -0.565817, -0.000000, 0.565818, -0.824531),
      ["RightLowerLeg"] = CFrame.new(0.000000, 0.101536, -0.143863, 1.000000, 0.000000, 0.000000, -0.000000, -0.465518, 0.885037, 0.000001, -0.885039, -0.465520),
      ["RightUpperArm"] = CFrame.new(0.068110, 0.038680, 0.033492, -0.997488, 0.070835, 0.000470, -0.068677, -0.965421, -0.251488, -0.017361, -0.250888, 0.967860),
      ["RightUpperLeg"] = CFrame.new(0.497870, 0.409110, -0.139486, 0.910325, 0.252861, 0.327679, -0.050033, -0.718625, 0.693592, 0.410858, -0.647796, -0.641526),
      ["UpperTorso"] = CFrame.new(-0.016303, -0.119571, 0.043561, 0.998098, 0.055360, 0.027120, -0.061542, 0.920372, 0.386170, -0.003582, -0.387105, 0.922029)
    }},
    {Time = 0.067, Data = {
      ["Head"] = CFrame.new(1.607440, -2.672719, -2.653523, -0.009710, -0.932716, -0.360481, 0.129255, 0.356303, -0.925387, 0.991564, -0.055580, 0.117099),
      ["LeftFoot"] = CFrame.new(0.000000, 0.031805, -0.000001, 0.410462, -0.697555, -0.587339, 0.898218, 0.420349, 0.128502, 0.157242, -0.580278, 0.799074),
      ["LeftHand"] = CFrame.new(0.000500, 0.000100, -0.000000, 0.998674, 0.033727, 0.038897, -0.034986, 0.998870, 0.032161, -0.037768, -0.033478, 0.998726),
      ["LeftLowerArm"] = CFrame.new(-0.020752, 0.127062, -0.058546, 1.000000, -0.000000, 0.000000, 0.000000, -0.869301, -0.494282, 0.000000, 0.494283, -0.869302),
      ["LeftLowerLeg"] = CFrame.new(-0.000000, 0.125228, -0.086198, 1.000000, -0.000000, -0.000000, 0.000000, 0.107131, 0.994246, -0.000000, -0.994245, 0.107117),
      ["LeftUpperArm"] = CFrame.new(0.017399, 0.123870, 0.009808, -0.997698, -0.063503, -0.023814, 0.067354, -0.968873, -0.238220, -0.007945, -0.239276, 0.970919),
      ["LeftUpperLeg"] = CFrame.new(-0.352340, 0.493619, -0.286881, 0.626978, 0.413970, 0.659964, -0.020549, -0.838050, 0.545188, 0.778766, -0.355388, -0.516931),
      ["LowerTorso"] = CFrame.new(-0.312544, 0.411222, 0.502152, -0.055404, 0.541282, 0.839014, -0.913056, 0.312583, -0.261954, -0.404052, -0.780580, 0.476903),
      ["RightFoot"] = CFrame.new(-0.000000, 0.020110, -0.000100, 0.999808, 0.014993, 0.012629, -0.018042, 0.955392, 0.294809, -0.007628, -0.294960, 0.955473),
      ["RightHand"] = CFrame.new(-0.000500, 0.000000, 0.000000, 0.999992, -0.003397, 0.002252, 0.003462, 0.999559, -0.029487, -0.002151, 0.029495, 0.999563),
      ["RightLowerArm"] = CFrame.new(-0.022999, 0.091579, 0.012182, 1.000000, 0.000000, -0.000000, 0.000000, -0.824530, -0.565817, -0.000000, 0.565818, -0.824531),
      ["RightLowerLeg"] = CFrame.new(-0.000000, 0.101173, -0.144529, 1.000000, 0.000000, 0.000000, -0.000000, -0.472357, 0.881406, 0.000001, -0.881407, -0.472360),
      ["RightUpperArm"] = CFrame.new(0.062179, 0.045347, 0.031784, -0.997488, 0.070836, 0.000470, -0.068677, -0.965421, -0.251488, -0.017361, -0.250888, 0.967860),
      ["RightUpperLeg"] = CFrame.new(0.505641, 0.435329, -0.127459, 0.912536, 0.259706, 0.315966, -0.019444, -0.744081, 0.667803, 0.408533, -0.615545, -0.673947),
      ["UpperTorso"] = CFrame.new(-0.010160, -0.120009, 0.044217, 0.998326, 0.051092, 0.027114, -0.057605, 0.920534, 0.386392, -0.005218, -0.387307, 0.921936)
    }},
    {Time = 0.083, Data = {
      ["Head"] = CFrame.new(1.625602, -2.593899, -2.665537, -0.007755, -0.949063, -0.314990, 0.133216, 0.311211, -0.940958, 0.991057, -0.049259, 0.124017),
      ["LeftFoot"] = CFrame.new(-0.000000, 0.031946, -0.000001, 0.451947, -0.682383, -0.574565, 0.871990, 0.473758, 0.123252, 0.188088, -0.556692, 0.809125),
      ["LeftHand"] = CFrame.new(0.000500, 0.000100, 0.000000, 0.998674, 0.033727, 0.038897, -0.034986, 0.998870, 0.032161, -0.037768, -0.033478, 0.998726),
      ["LeftLowerArm"] = CFrame.new(-0.020752, 0.127063, -0.058546, 1.000000, -0.000000, 0.000000, 0.000000, -0.869301, -0.494282, 0.000000, 0.494283, -0.869302),
      ["LeftLowerLeg"] = CFrame.new(-0.000000, 0.125504, -0.088482, 1.000000, -0.000000, -0.000000, 0.000000, 0.083394, 0.996518, -0.000000, -0.996517, 0.083380),
      ["LeftUpperArm"] = CFrame.new(0.017399, 0.123870, 0.009808, -0.997698, -0.063503, -0.023814, 0.067354, -0.968873, -0.238221, -0.007945, -0.239276, 0.970919),
      ["LeftUpperLeg"] = CFrame.new(-0.352340, 0.493619, -0.286882, 0.628531, 0.425335, 0.651201, -0.022738, -0.826825, 0.561982, 0.777452, -0.368035, -0.510013),
      ["LowerTorso"] = CFrame.new(-0.312491, 0.429609, 0.508937, -0.056089, 0.541149, 0.839054, -0.934854, 0.266615, -0.234446, -0.350574, -0.797543, 0.490941),
      ["RightFoot"] = CFrame.new(0.000000, 0.020127, -0.000100, 0.999996, 0.002209, 0.001864, -0.002575, 0.972459, 0.233076, -0.001282, -0.233064, 0.972457),
      ["RightHand"] = CFrame.new(-0.000500, 0.000000, -0.000000, 0.999992, -0.003397, 0.002252, 0.003462, 0.999559, -0.029487, -0.002151, 0.029495, 0.999563),
      ["RightLowerArm"] = CFrame.new(-0.022999, 0.091579, 0.012182, 1.000000, 0.000000, -0.000000, -0.000000, -0.824530, -0.565817, -0.000000, 0.565818, -0.824531),
      ["RightLowerLeg"] = CFrame.new(-0.000000, 0.101030, -0.144789, 1.000000, 0.000000, 0.000000, -0.000000, -0.475025, 0.879970, 0.000000, -0.879972, -0.475029),
      ["RightUpperArm"] = CFrame.new(0.055216, 0.053176, 0.029779, -0.997488, 0.070835, 0.000470, -0.068677, -0.965421, -0.251488, -0.017361, -0.250888, 0.967860),
      ["RightUpperLeg"] = CFrame.new(0.514768, 0.466116, -0.113337, 0.916376, 0.263030, 0.301783, 0.014652, -0.775356, 0.631351, 0.400050, -0.574141, -0.714369),
      ["UpperTorso"] = CFrame.new(-0.002917, -0.120192, 0.044789, 0.998552, 0.046371, 0.027258, -0.053309, 0.920695, 0.386626, -0.007168, -0.387519, 0.921834)
    }},
    {Time = 0.100, Data = {
      ["Head"] = CFrame.new(1.645689, -2.506723, -2.678823, -0.005813, -0.964607, -0.263629, 0.137713, 0.260349, -0.955643, 0.990455, -0.041860, 0.131326),
      ["LeftFoot"] = CFrame.new(0.000000, 0.032069, -0.000001, 0.494320, -0.664968, -0.559903, 0.841623, 0.527285, 0.116824, 0.217529, -0.528949, 0.820281),
      ["LeftHand"] = CFrame.new(0.000500, 0.000100, -0.000000, 0.998674, 0.033727, 0.038897, -0.034986, 0.998870, 0.032160, -0.037768, -0.033478, 0.998726),
      ["LeftLowerArm"] = CFrame.new(-0.020751, 0.127063, -0.058546, 1.000000, -0.000000, 0.000000, 0.000000, -0.869301, -0.494282, 0.000000, 0.494283, -0.869302),
      ["LeftLowerLeg"] = CFrame.new(-0.000000, 0.125700, -0.090496, 1.000000, -0.000000, -0.000000, 0.000000, 0.062466, 0.998048, -0.000000, -0.998047, 0.062452),
      ["LeftUpperArm"] = CFrame.new(0.017399, 0.123870, 0.009808, -0.997698, -0.063503, -0.023814, 0.067354, -0.968873, -0.238221, -0.007945, -0.239276, 0.970919),
      ["LeftUpperLeg"] = CFrame.new(-0.352340, 0.493619, -0.286882, 0.632918, 0.435122, 0.640396, -0.024061, -0.815678, 0.577990, 0.773845, -0.381234, -0.505787),
      ["LowerTorso"] = CFrame.new(-0.312436, 0.450319, 0.515165, -0.056596, 0.541011, 0.839109, -0.955330, 0.214840, -0.202952, -0.290073, -0.813112, 0.504685),
      ["RightFoot"] = CFrame.new(-0.000000, 0.020103, -0.000100, 0.999832, -0.014013, -0.011795, 0.015773, 0.986210, 0.164757, 0.009338, -0.164904, 0.986264),
      ["RightHand"] = CFrame.new(-0.000500, -0.000000, -0.000000, 0.999992, -0.003397, 0.002252, 0.003462, 0.999559, -0.029487, -0.002151, 0.029495, 0.999563),
      ["RightLowerArm"] = CFrame.new(-0.022999, 0.091579, 0.012182, 1.000000, 0.000000, -0.000000, 0.000000, -0.824530, -0.565817, -0.000000, 0.565818, -0.824531),
      ["RightLowerLeg"] = CFrame.new(0.000000, 0.101248, -0.144394, 1.000000, 0.000000, 0.000000, -0.000000, -0.470965, 0.882150, 0.000000, -0.882152, -0.470969),
      ["RightUpperArm"] = CFrame.new(0.047514, 0.061835, 0.027561, -0.997488, 0.070835, 0.000470, -0.068677, -0.965421, -0.251488, -0.017361, -0.250888, 0.967860),
      ["RightUpperLeg"] = CFrame.new(0.524861, 0.500167, -0.097717, 0.921771, 0.261911, 0.285910, 0.049450, -0.810741, 0.583310, 0.384569, -0.523548, -0.760266),
      ["UpperTorso"] = CFrame.new(0.005104, -0.119977, 0.045167, 0.998760, 0.041433, 0.027618, -0.048898, 0.920837, 0.386869, -0.009403, -0.387740, 0.921721)
    }},
    {Time = 0.117, Data = {
      ["Head"] = CFrame.new(1.666932, -2.414533, -2.692875, -0.004024, -0.978046, -0.208349, 0.142582, 0.205661, -0.968181, 0.989775, -0.033603, 0.138624),
      ["LeftFoot"] = CFrame.new(0.000000, 0.032167, -0.000001, 0.535108, -0.646228, -0.544124, 0.808921, 0.577639, 0.109499, 0.243530, -0.498721, 0.831828),
      ["LeftHand"] = CFrame.new(0.000500, 0.000100, -0.000000, 0.998674, 0.033727, 0.038897, -0.034986, 0.998870, 0.032161, -0.037768, -0.033478, 0.998726),
      ["LeftLowerArm"] = CFrame.new(-0.020752, 0.127063, -0.058546, 1.000000, -0.000000, 0.000000, 0.000000, -0.869301, -0.494282, 0.000000, 0.494283, -0.869302),
      ["LeftLowerLeg"] = CFrame.new(-0.000000, 0.125824, -0.092090, 1.000000, -0.000000, -0.000000, 0.000000, 0.045883, 0.998947, -0.000000, -0.998947, 0.045870),
      ["LeftUpperArm"] = CFrame.new(0.017398, 0.123870, 0.009807, -0.997698, -0.063503, -0.023814, 0.067354, -0.968873, -0.238221, -0.007945, -0.239276, 0.970919),
      ["LeftUpperLeg"] = CFrame.new(-0.352341, 0.493619, -0.286882, 0.640467, 0.442904, 0.627424, -0.023725, -0.805154, 0.592575, 0.767619, -0.394416, -0.505166),
      ["LowerTorso"] = CFrame.new(-0.312389, 0.472553, 0.520270, -0.056851, 0.540895, 0.839167, -0.972743, 0.159255, -0.168551, -0.224810, -0.825876, 0.517098),
      ["RightFoot"] = CFrame.new(0.000000, 0.020026, -0.000100, 0.999153, -0.031471, -0.026495, 0.033853, 0.994945, 0.094548, 0.023399, -0.095358, 0.995168),
      ["RightHand"] = CFrame.new(-0.000500, 0.000000, 0.000000, 0.999992, -0.003397, 0.002252, 0.003462, 0.999559, -0.029487, -0.002151, 0.029495, 0.999563),
      ["RightLowerArm"] = CFrame.new(-0.022999, 0.091580, 0.012182, 1.000000, 0.000000, -0.000000, -0.000000, -0.824530, -0.565817, -0.000000, 0.565818, -0.824531),
      ["RightLowerLeg"] = CFrame.new(-0.000000, 0.101911, -0.143163, 1.000000, 0.000000, 0.000000, -0.000000, -0.458339, 0.888775, 0.000000, -0.888777, -0.458344),
      ["RightUpperArm"] = CFrame.new(0.039370, 0.070991, 0.025216, -0.997488, 0.070835, 0.000470, -0.068677, -0.965421, -0.251488, -0.017361, -0.250888, 0.967860),
      ["RightUpperLeg"] = CFrame.new(0.535535, 0.536176, -0.081199, 0.928309, 0.256558, 0.269114, 0.082277, -0.847572, 0.524259, 0.362591, -0.464542, -0.807917),
      ["UpperTorso"] = CFrame.new(0.013562, -0.119278, 0.045272, 0.998937, 0.036430, 0.028243, -0.044532, 0.920947, 0.387136, -0.011907, -0.387982, 0.921590)
    }},
    {Time = 0.133, Data = {
      ["Head"] = CFrame.new(1.688559, -2.320673, -2.707180, -0.002492, -0.988482, -0.151318, 0.147634, 0.149297, -0.977709, 0.989039, -0.024776, 0.145561),
      ["LeftFoot"] = CFrame.new(-0.000000, 0.032235, -0.000001, 0.572452, -0.627222, -0.528122, 0.775954, 0.622538, 0.101746, 0.264940, -0.468017, 0.843051),
      ["LeftHand"] = CFrame.new(0.000500, 0.000100, -0.000000, 0.998674, 0.033727, 0.038897, -0.034986, 0.998870, 0.032161, -0.037768, -0.033478, 0.998726),
      ["LeftLowerArm"] = CFrame.new(-0.020751, 0.127063, -0.058546, 1.000000, -0.000000, 0.000000, 0.000000, -0.869301, -0.494282, 0.000000, 0.494283, -0.869302),
      ["LeftLowerLeg"] = CFrame.new(-0.000000, 0.125895, -0.093206, 1.000000, -0.000000, -0.000000, 0.000000, 0.034277, 0.999413, -0.000000, -0.999412, 0.034264),
      ["LeftUpperArm"] = CFrame.new(0.017399, 0.123870, 0.009808, -0.997698, -0.063503, -0.023814, 0.067354, -0.968873, -0.238220, -0.007945, -0.239276, 0.970919),
      ["LeftUpperLeg"] = CFrame.new(-0.352340, 0.493619, -0.286882, 0.650985, 0.448779, 0.612241, -0.021057, -0.795538, 0.605521, 0.758798, -0.407083, -0.508434),
      ["LowerTorso"] = CFrame.new(-0.312361, 0.495435, 0.523889, -0.056820, 0.540824, 0.839215, -0.985913, 0.102052, -0.132519, -0.157312, -0.834922, 0.527407),
      ["RightFoot"] = CFrame.new(-0.000000, 0.019895, -0.000100, 0.998068, -0.047518, -0.040007, 0.048651, 0.998433, 0.027664, 0.038641, -0.029556, 0.998816),
      ["RightHand"] = CFrame.new(-0.000500, 0.000000, -0.000000, 0.999992, -0.003397, 0.002252, 0.003462, 0.999559, -0.029487, -0.002151, 0.029495, 0.999563),
      ["RightLowerArm"] = CFrame.new(-0.022999, 0.091579, 0.012182, 1.000000, 0.000000, -0.000000, -0.000000, -0.824530, -0.565817, -0.000000, 0.565818, -0.824531),
      ["RightLowerLeg"] = CFrame.new(0.000000, 0.103010, -0.141019, 1.000000, 0.000000, 0.000000, -0.000000, -0.436343, 0.899777, 0.000000, -0.899780, -0.436350),
      ["RightUpperArm"] = CFrame.new(0.031078, 0.080314, 0.022828, -0.997488, 0.070835, 0.000470, -0.068677, -0.965421, -0.251488, -0.017361, -0.250888, 0.967860),
      ["RightUpperLeg"] = CFrame.new(0.546402, 0.572838, -0.064382, 0.935424, 0.247961, 0.251993, 0.110993, -0.882712, 0.456614, 0.335652, -0.399168, -0.853231),
      ["UpperTorso"] = CFrame.new(0.022110, -0.118073, 0.045061, 0.999080, 0.031448, 0.029154, -0.040296, 0.921012, 0.387444, -0.014667, -0.388263, 0.921432)
    }},
    {Time = 0.150, Data = {
      ["Head"] = CFrame.new(1.709802, -2.228484, -2.721231, -0.001278, -0.995491, -0.094846, 0.152665, 0.093540, -0.983841, 0.988277, -0.015737, 0.151857),
      ["LeftFoot"] = CFrame.new(0.000000, 0.032275, -0.000001, 0.605140, -0.609000, -0.512780, 0.744703, 0.660734, 0.094131, 0.281466, -0.438804, 0.853344),
      ["LeftHand"] = CFrame.new(0.000500, 0.000100, 0.000000, 0.998674, 0.033727, 0.038897, -0.034986, 0.998870, 0.032160, -0.037768, -0.033478, 0.998726),
      ["LeftLowerArm"] = CFrame.new(-0.020752, 0.127063, -0.058546, 1.000000, -0.000000, 0.000000, 0.000000, -0.869301, -0.494282, 0.000000, 0.494283, -0.869302),
      ["LeftLowerLeg"] = CFrame.new(-0.000000, 0.125930, -0.093857, 1.000000, -0.000000, -0.000000, 0.000000, 0.027507, 0.999622, -0.000000, -0.999622, 0.027494),
      ["LeftUpperArm"] = CFrame.new(0.017399, 0.123870, 0.009807, -0.997698, -0.063503, -0.023814, 0.067354, -0.968873, -0.238221, -0.007945, -0.239276, 0.970919),
      ["LeftUpperLeg"] = CFrame.new(-0.352341, 0.493619, -0.286881, 0.663783, 0.453163, 0.595028, -0.015714, -0.786925, 0.616832, 0.747760, -0.418798, -0.515227),
      ["LowerTorso"] = CFrame.new(-0.312358, 0.518042, 0.525883, -0.056510, 0.540817, 0.839240, -0.994311, 0.045533, -0.096294, -0.090291, -0.839907, 0.535168),
      ["RightFoot"] = CFrame.new(-0.000000, 0.019715, -0.000100, 0.996930, -0.059882, -0.050418, 0.058363, 0.997808, -0.031220, 0.052186, 0.028178, 0.998240),
      ["RightHand"] = CFrame.new(-0.000500, 0.000000, 0.000000, 0.999992, -0.003397, 0.002252, 0.003462, 0.999559, -0.029487, -0.002151, 0.029495, 0.999563),
      ["RightLowerArm"] = CFrame.new(-0.022999, 0.091579, 0.012182, 1.000000, 0.000000, -0.000000, -0.000000, -0.824530, -0.565817, -0.000000, 0.565818, -0.824531),
      ["RightLowerLeg"] = CFrame.new(0.000000, 0.104440, -0.138005, 1.000000, 0.000000, 0.000000, -0.000000, -0.405433, 0.914121, 0.000000, -0.914125, -0.405441),
      ["RightUpperArm"] = CFrame.new(0.022934, 0.089471, 0.020482, -0.997488, 0.070835, 0.000470, -0.068677, -0.965421, -0.251488, -0.017361, -0.250888, 0.967860),
      ["RightUpperLeg"] = CFrame.new(0.557077, 0.608847, -0.047864, 0.942551, 0.237454, 0.234979, 0.134309, -0.913383, 0.384303, 0.305873, -0.330676, -0.892802),
      ["UpperTorso"] = CFrame.new(0.030402, -0.116415, 0.044540, 0.999187, 0.026541, 0.030332, -0.036237, 0.921026, 0.387811, -0.017644, -0.388596, 0.921240)
    }},
    {Time = 0.167, Data = {
      ["Head"] = CFrame.new(1.729890, -2.141308, -2.734519, -0.000400, -0.999147, -0.041281, 0.157463, 0.040703, -0.986686, 0.987525, -0.006895, 0.157312),
      ["LeftFoot"] = CFrame.new(-0.000000, 0.032291, -0.000001, 0.632557, -0.592473, -0.498864, 0.716762, 0.691855, 0.087185, 0.293467, -0.412690, 0.862284),
      ["LeftHand"] = CFrame.new(0.000500, 0.000100, -0.000000, 0.998674, 0.033727, 0.038897, -0.034986, 0.998870, 0.032161, -0.037768, -0.033478, 0.998726),
      ["LeftLowerArm"] = CFrame.new(-0.020752, 0.127063, -0.058546, 1.000000, -0.000000, 0.000000, 0.000000, -0.869301, -0.494282, 0.000000, 0.494283, -0.869302),
      ["LeftLowerLeg"] = CFrame.new(-0.000000, 0.125942, -0.094111, 1.000000, -0.000000, -0.000000, 0.000000, 0.024865, 0.999691, -0.000000, -0.999691, 0.024852),
      ["LeftUpperArm"] = CFrame.new(0.017399, 0.123870, 0.009808, -0.997698, -0.063503, -0.023814, 0.067354, -0.968873, -0.238220, -0.007945, -0.239276, 0.970919),
      ["LeftUpperLeg"] = CFrame.new(-0.352340, 0.493619, -0.286881, 0.677789, 0.456562, 0.576346, -0.007834, -0.779321, 0.626561, 0.735215, -0.429197, -0.524640),
      ["LowerTorso"] = CFrame.new(-0.312384, 0.539446, 0.526344, -0.055972, 0.540883, 0.839233, -0.998080, -0.007977, -0.061425, -0.026529, -0.841060, 0.540291),
      ["RightFoot"] = CFrame.new(-0.000000, 0.019500, -0.000101, 0.996121, -0.067301, -0.056666, 0.062733, 0.994901, -0.078984, 0.061699, 0.075115, 0.995264),
      ["RightHand"] = CFrame.new(-0.000500, 0.000000, 0.000000, 0.999992, -0.003397, 0.002252, 0.003462, 0.999559, -0.029487, -0.002151, 0.029495, 0.999563),
      ["RightLowerArm"] = CFrame.new(-0.022999, 0.091579, 0.012182, 1.000000, 0.000000, -0.000000, -0.000000, -0.824530, -0.565817, -0.000000, 0.565818, -0.824531),
      ["RightLowerLeg"] = CFrame.new(-0.000000, 0.106025, -0.134298, 1.000000, 0.000000, 0.000000, -0.000000, -0.367435, 0.930046, 0.000000, -0.930049, -0.367444),
      ["RightUpperArm"] = CFrame.new(0.015232, 0.098130, 0.018265, -0.997488, 0.070835, 0.000470, -0.068677, -0.965421, -0.251488, -0.017361, -0.250888, 0.967860),
      ["RightUpperLeg"] = CFrame.new(0.567171, 0.642899, -0.032244, 0.949220, 0.226393, 0.218473, 0.151885, -0.937864, 0.311994, 0.275523, -0.262979, -0.924624),
      ["UpperTorso"] = CFrame.new(0.038117, -0.114423, 0.043761, 0.999260, 0.021780, 0.031715, -0.032396, 0.920988, 0.388241, -0.020754, -0.388981, 0.921012)
    }},
    {Time = 0.183, Data = {
      ["Head"] = CFrame.new(1.748052, -2.062487, -2.746532, 0.000167, -0.999975, 0.007087, 0.161816, -0.006967, -0.986796, 0.986821, 0.001312, 0.161811),
      ["LeftFoot"] = CFrame.new(-0.000000, 0.032288, -0.000001, 0.654555, -0.578321, -0.486949, 0.693214, 0.716140, 0.081305, 0.301682, -0.390753, 0.869638),
      ["LeftHand"] = CFrame.new(0.000500, 0.000100, 0.000000, 0.998674, 0.033727, 0.038897, -0.034986, 0.998870, 0.032161, -0.037768, -0.033478, 0.998726),
      ["LeftLowerArm"] = CFrame.new(-0.020752, 0.127063, -0.058546, 1.000000, -0.000000, 0.000000, 0.000000, -0.869301, -0.494282, 0.000000, 0.494283, -0.869302),
      ["LeftLowerLeg"] = CFrame.new(0.000000, 0.125941, -0.094069, 1.000000, -0.000000, -0.000000, 0.000000, 0.025299, 0.999680, -0.000000, -0.999680, 0.025286),
      ["LeftUpperArm"] = CFrame.new(0.017399, 0.123870, 0.009808, -0.997698, -0.063503, -0.023814, 0.067354, -0.968873, -0.238220, -0.007945, -0.239276, 0.970919),
      ["LeftUpperLeg"] = CFrame.new(-0.352340, 0.493619, -0.286882, 0.691737, 0.459381, 0.557216, 0.001887, -0.772734, 0.634712, 0.722147, -0.438008, -0.535398),
      ["LowerTorso"] = CFrame.new(-0.312436, 0.558744, 0.525573, -0.055285, 0.541013, 0.839195, -0.997982, -0.056222, -0.029501, 0.031221, -0.839133, 0.543030),
      ["RightFoot"] = CFrame.new(-0.000000, 0.019271, -0.000101, 0.995832, -0.069766, -0.058741, 0.062711, 0.991440, -0.114529, 0.066234, 0.110358, 0.991682),
      ["RightHand"] = CFrame.new(-0.000500, 0.000000, -0.000000, 0.999992, -0.003397, 0.002252, 0.003462, 0.999559, -0.029487, -0.002151, 0.029495, 0.999563),
      ["RightLowerArm"] = CFrame.new(-0.022999, 0.091580, 0.012182, 1.000000, 0.000000, -0.000000, -0.000000, -0.824530, -0.565817, -0.000000, 0.565818, -0.824531),
      ["RightLowerLeg"] = CFrame.new(-0.000000, 0.107564, -0.130207, 1.000000, 0.000000, 0.000000, -0.000000, -0.325514, 0.945534, 0.000000, -0.945537, -0.325524),
      ["RightUpperArm"] = CFrame.new(0.008269, 0.105958, 0.016259, -0.997488, 0.070835, 0.000470, -0.068677, -0.965421, -0.251488, -0.017361, -0.250888, 0.967860),
      ["RightUpperLeg"] = CFrame.new(0.576297, 0.673686, -0.018122, 0.955065, 0.215971, 0.203002, 0.164185, -0.955689, 0.244337, 0.246768, -0.200039, -0.948203),
      ["UpperTorso"] = CFrame.new(0.044959, -0.112277, 0.042816, 0.999299, 0.017289, 0.033199, -0.028847, 0.920906, 0.388716, -0.023852, -0.389402, 0.920759)
    }},
    {Time = 0.200, Data = {
      ["Head"] = CFrame.new(1.763518, -1.995364, -2.756762, 0.000480, -0.998842, 0.048098, 0.165523, -0.047355, -0.985068, 0.986206, 0.008434, 0.165309),
      ["LeftFoot"] = CFrame.new(-0.000000, 0.032275, -0.000001, 0.671294, -0.566982, -0.477402, 0.674633, 0.734165, 0.076712, 0.306976, -0.373541, 0.875330),
      ["LeftHand"] = CFrame.new(0.000500, 0.000100, -0.000000, 0.998674, 0.033727, 0.038897, -0.034986, 0.998870, 0.032161, -0.037768, -0.033478, 0.998726),
      ["LeftLowerArm"] = CFrame.new(-0.020752, 0.127063, -0.058546, 1.000000, -0.000000, 0.000000, 0.000000, -0.869301, -0.494282, 0.000000, 0.494283, -0.869302),
      ["LeftLowerLeg"] = CFrame.new(-0.000000, 0.125930, -0.093849, 1.000000, -0.000000, -0.000000, 0.000000, 0.027588, 0.999620, -0.000000, -0.999619, 0.027575),
      ["LeftUpperArm"] = CFrame.new(0.017399, 0.123870, 0.009808, -0.997698, -0.063503, -0.023814, 0.067354, -0.968873, -0.238220, -0.007945, -0.239276, 0.970919),
      ["LeftUpperLeg"] = CFrame.new(-0.352340, 0.493619, -0.286881, 0.704344, 0.461814, 0.539118, 0.012241, -0.767239, 0.641229, 0.709753, -0.445053, -0.546056),
      ["LowerTorso"] = CFrame.new(-0.312505, 0.575087, 0.524033, -0.054557, 0.541184, 0.839133, -0.995274, -0.097079, -0.002100, 0.080326, -0.835282, 0.543923),
      ["RightFoot"] = CFrame.new(0.000000, 0.019043, -0.000101, 0.995995, -0.068390, -0.057582, 0.059872, 0.988536, -0.138621, 0.066407, 0.134605, 0.988670),
      ["RightHand"] = CFrame.new(-0.000500, 0.000000, 0.000000, 0.999992, -0.003397, 0.002252, 0.003462, 0.999559, -0.029487, -0.002151, 0.029495, 0.999563),
      ["RightLowerArm"] = CFrame.new(-0.022999, 0.091580, 0.012182, 1.000000, 0.000000, -0.000000, -0.000000, -0.824530, -0.565817, -0.000000, 0.565818, -0.824531),
      ["RightLowerLeg"] = CFrame.new(-0.000000, 0.108866, -0.126155, 1.000000, 0.000000, 0.000000, -0.000000, -0.283999, 0.958821, 0.000000, -0.958825, -0.284011),
      ["RightUpperArm"] = CFrame.new(0.002339, 0.112626, 0.014552, -0.997488, 0.070835, 0.000470, -0.068677, -0.965421, -0.251488, -0.017361, -0.250888, 0.967860),
      ["RightUpperLeg"] = CFrame.new(0.584068, 0.699904, -0.006095, 0.959826, 0.207114, 0.189313, 0.172166, -0.967435, 0.185547, 0.221569, -0.145511, -0.964226),
      ["UpperTorso"] = CFrame.new(0.050669, -0.110197, 0.041833, 0.999312, 0.013269, 0.034640, -0.025718, 0.920795, 0.389199, -0.026732, -0.389822, 0.920502)
    }},
    {Time = 0.217, Data = {
      ["Head"] = CFrame.new(1.775519, -1.943282, -2.764701, 0.000616, -0.996816, 0.079736, 0.168393, -0.078494, -0.982590, 0.985720, 0.014033, 0.167809),
      ["LeftFoot"] = CFrame.new(-0.000000, 0.032258, -0.000001, 0.683072, -0.558689, -0.470420, 0.661228, 0.746588, 0.073462, 0.310146, -0.361209, 0.879380),
      ["LeftHand"] = CFrame.new(0.000500, 0.000100, 0.000000, 0.998674, 0.033727, 0.038897, -0.034986, 0.998870, 0.032161, -0.037768, -0.033478, 0.998726),
      ["LeftLowerArm"] = CFrame.new(-0.020752, 0.127063, -0.058546, 1.000000, -0.000000, 0.000000, 0.000000, -0.869301, -0.494282, 0.000000, 0.494283, -0.869301),
      ["LeftLowerLeg"] = CFrame.new(0.000000, 0.125915, -0.093570, 1.000000, -0.000000, -0.000000, 0.000000, 0.030491, 0.999535, -0.000000, -0.999535, 0.030478),
      ["LeftUpperArm"] = CFrame.new(0.017398, 0.123870, 0.009808, -0.997698, -0.063503, -0.023814, 0.067354, -0.968873, -0.238221, -0.007945, -0.239276, 0.970919),
      ["LeftUpperLeg"] = CFrame.new(-0.352340, 0.493619, -0.286881, 0.714455, 0.463829, 0.523868, 0.021648, -0.762997, 0.646025, 0.699347, -0.450221, -0.555170),
      ["LowerTorso"] = CFrame.new(-0.312574, 0.587683, 0.522282, -0.053904, 0.541357, 0.839063, -0.991514, -0.128569, 0.019253, 0.118300, -0.830905, 0.543693),
      ["RightFoot"] = CFrame.new(-0.000000, 0.018845, -0.000101, 0.996380, -0.065027, -0.054751, 0.055978, 0.986606, -0.153233, 0.063986, 0.149600, 0.986672),
      ["RightHand"] = CFrame.new(-0.000500, 0.000000, 0.000000, 0.999992, -0.003397, 0.002252, 0.003462, 0.999559, -0.029487, -0.002151, 0.029495, 0.999563),
      ["RightLowerArm"] = CFrame.new(-0.022999, 0.091580, 0.012183, 1.000000, 0.000000, -0.000000, -0.000000, -0.824531, -0.565817, -0.000000, 0.565817, -0.824531),
      ["RightLowerLeg"] = CFrame.new(0.000000, 0.109818, -0.122644, 1.000000, 0.000000, 0.000000, -0.000000, -0.248019, 0.968752, 0.000000, -0.968755, -0.248031),
      ["RightUpperArm"] = CFrame.new(-0.002263, 0.117799, 0.013227, -0.997488, 0.070836, 0.000470, -0.068677, -0.965421, -0.251488, -0.017361, -0.250888, 0.967860),
      ["RightUpperLeg"] = CFrame.new(0.590098, 0.720248, 0.003236, 0.963339, 0.200440, 0.178334, 0.176922, -0.974303, 0.139398, 0.201683, -0.102747, -0.974046),
      ["UpperTorso"] = CFrame.new(0.055015, -0.108427, 0.040958, 0.999306, 0.009997, 0.035874, -0.023198, 0.920680, 0.389629, -0.029133, -0.390191, 0.920273)
    }},
    {Time = 0.233, Data = {
      ["Head"] = CFrame.new(1.783285, -1.909581, -2.769837, 0.000655, -0.994977, 0.100098, 0.170245, -0.098526, -0.980464, 0.985402, 0.017684, 0.169325),
      ["LeftFoot"] = CFrame.new(0.000000, 0.032244, -0.000001, 0.690149, -0.553577, -0.466115, 0.653047, 0.753941, 0.071523, 0.311808, -0.353730, 0.881829),
      ["LeftHand"] = CFrame.new(0.000500, 0.000100, -0.000000, 0.998674, 0.033727, 0.038897, -0.034986, 0.998870, 0.032161, -0.037768, -0.033478, 0.998726),
      ["LeftLowerArm"] = CFrame.new(-0.020752, 0.127063, -0.058546, 1.000000, -0.000000, 0.000000, 0.000000, -0.869301, -0.494282, 0.000000, 0.494283, -0.869302),
      ["LeftLowerLeg"] = CFrame.new(-0.000000, 0.125903, -0.093342, 1.000000, -0.000000, -0.000000, 0.000000, 0.032866, 0.999460, -0.000000, -0.999460, 0.032853),
      ["LeftUpperArm"] = CFrame.new(0.017399, 0.123870, 0.009808, -0.997698, -0.063503, -0.023814, 0.067354, -0.968873, -0.238220, -0.007945, -0.239276, 0.970919),
      ["LeftUpperLeg"] = CFrame.new(-0.352340, 0.493619, -0.286881, 0.721099, 0.465226, 0.513422, 0.028391, -0.760244, 0.649002, 0.692250, -0.453424, -0.561422),
      ["LowerTorso"] = CFrame.new(-0.312627, 0.595784, 0.520892, -0.053442, 0.541490, 0.839007, -0.988310, -0.148821, 0.033096, 0.142783, -0.827430, 0.543113),
      ["RightFoot"] = CFrame.new(0.000000, 0.018709, -0.000101, 0.996734, -0.061767, -0.052006, 0.052699, 0.985593, -0.160735, 0.061189, 0.157455, 0.985627),
      ["RightHand"] = CFrame.new(-0.000500, 0.000000, 0.000000, 0.999992, -0.003397, 0.002252, 0.003462, 0.999559, -0.029487, -0.002151, 0.029495, 0.999563),
      ["RightLowerArm"] = CFrame.new(-0.022999, 0.091579, 0.012182, 1.000000, 0.000000, -0.000000, -0.000000, -0.824530, -0.565817, -0.000000, 0.565818, -0.824531),
      ["RightLowerLeg"] = CFrame.new(-0.000000, 0.110396, -0.120197, 1.000000, 0.000000, 0.000000, -0.000000, -0.222950, 0.974827, 0.000000, -0.974830, -0.222963),
      ["RightUpperArm"] = CFrame.new(-0.005239, 0.121146, 0.012369, -0.997488, 0.070835, 0.000470, -0.068677, -0.965421, -0.251488, -0.017361, -0.250888, 0.967860),
      ["RightUpperLeg"] = CFrame.new(0.594000, 0.733411, 0.009275, 0.965511, 0.196287, 0.171059, 0.179393, -0.977681, 0.109355, 0.188696, -0.074907, -0.979173),
      ["UpperTorso"] = CFrame.new(0.057785, -0.107211, 0.040339, 0.999295, 0.007797, 0.036726, -0.021514, 0.920591, 0.389936, -0.030769, -0.390451, 0.920109)
    }},
    {Time = 0.250, Data = {
      ["Head"] = CFrame.new(1.786045, -1.897605, -2.771663, 0.000660, -0.994225, 0.107311, 0.170901, -0.105620, -0.979611, 0.985288, 0.018986, 0.169845),
      ["LeftFoot"] = CFrame.new(-0.000000, 0.032238, -0.000001, 0.692563, -0.551810, -0.464627, 0.650235, 0.756429, 0.070866, 0.312331, -0.351171, 0.882666),
      ["LeftHand"] = CFrame.new(0.000500, 0.000100, 0.000000, 0.998674, 0.033727, 0.038897, -0.034986, 0.998870, 0.032161, -0.037768, -0.033478, 0.998726),
      ["LeftLowerArm"] = CFrame.new(-0.020752, 0.127063, -0.058546, 1.000000, -0.000000, 0.000000, 0.000000, -0.869301, -0.494282, 0.000000, 0.494283, -0.869302),
      ["LeftLowerLeg"] = CFrame.new(-0.000000, 0.125898, -0.093252, 1.000000, -0.000000, -0.000000, 0.000000, 0.033801, 0.999429, -0.000000, -0.999429, 0.033789),
      ["LeftUpperArm"] = CFrame.new(0.017399, 0.123870, 0.009808, -0.997698, -0.063503, -0.023814, 0.067354, -0.968873, -0.238221, -0.007945, -0.239276, 0.970919),
      ["LeftUpperLeg"] = CFrame.new(-0.352340, 0.493619, -0.286882, 0.723473, 0.465744, 0.509598, 0.030914, -0.759263, 0.650034, 0.689660, -0.454535, -0.563707),
      ["LowerTorso"] = CFrame.new(-0.312647, 0.598652, 0.520350, -0.053270, 0.541541, 0.838985, -0.987026, -0.155992, 0.038019, 0.151464, -0.826075, 0.542825),
      ["RightFoot"] = CFrame.new(0.000000, 0.018659, -0.000101, 0.996877, -0.060404, -0.050858, 0.051393, 0.985285, -0.163026, 0.059961, 0.159889, 0.985310),
      ["RightHand"] = CFrame.new(-0.000500, 0.000000, 0.000000, 0.999992, -0.003397, 0.002252, 0.003462, 0.999559, -0.029487, -0.002151, 0.029495, 0.999563),
      ["RightLowerArm"] = CFrame.new(-0.022999, 0.091579, 0.012182, 1.000000, 0.000000, -0.000000, -0.000000, -0.824530, -0.565817, -0.000000, 0.565818, -0.824531),
      ["RightLowerLeg"] = CFrame.new(-0.000000, 0.110593, -0.119294, 1.000000, 0.000000, 0.000000, -0.000000, -0.213700, 0.976897, 0.000000, -0.976899, -0.213713),
      ["RightUpperArm"] = CFrame.new(-0.006298, 0.122336, 0.012065, -0.997488, 0.070836, 0.000470, -0.068677, -0.965421, -0.251488, -0.017361, -0.250888, 0.967860),
      ["RightUpperLeg"] = CFrame.new(0.595387, 0.738089, 0.011421, 0.966262, 0.194852, 0.168442, 0.180165, -0.978678, 0.098649, 0.184063, -0.064983, -0.980763),
      ["UpperTorso"] = CFrame.new(0.058761, -0.106766, 0.040109, 0.999289, 0.006999, 0.037039, -0.020905, 0.920556, 0.390050, -0.031367, -0.390547, 0.920048)
    }},
    {Time = 0.267, Data = {
      ["Head"] = CFrame.new(1.783285, -1.909581, -2.769837, 0.000655, -0.994977, 0.100098, 0.170245, -0.098526, -0.980464, 0.985402, 0.017684, 0.169325),
      ["LeftFoot"] = CFrame.new(0.000000, 0.032243, -0.000001, 0.690149, -0.553577, -0.466115, 0.653047, 0.753941, 0.071523, 0.311808, -0.353730, 0.881829),
      ["LeftHand"] = CFrame.new(0.000500, 0.000100, 0.000000, 0.998674, 0.033727, 0.038897, -0.034986, 0.998870, 0.032161, -0.037768, -0.033478, 0.998726),
      ["LeftLowerArm"] = CFrame.new(-0.020752, 0.127062, -0.058546, 1.000000, -0.000000, 0.000000, 0.000000, -0.869301, -0.494282, 0.000000, 0.494283, -0.869302),
