return {
  ["KeyframeSequence"] = {
    {Time = 0.000, Data = {
      ["Head"] = CFrame.new(3.363561, -1.828843, 0.274257, -0.997270, 0.068326, 0.028015, -0.038382, -0.155496, -0.987091, -0.063087, -0.985471, 0.157694),
      ["LeftFoot"] = CFrame.new(-0.000000, 0.030597, -0.000001, 0.996490, -0.064024, -0.053904, 0.082735, 0.851444, 0.517901, 0.012719, -0.520522, 0.853741),
      ["LeftHand"] = CFrame.new(0.000500, 0.000100, 0.000000, 0.998674, 0.033727, 0.038897, -0.034986, 0.998870, 0.032161, -0.037768, -0.033478, 0.998726),
      ["LeftLowerArm"] = CFrame.new(0.005666, -0.027912, 0.010662, 1.000000, -0.000000, -0.000000, 0.000000, 0.998746, -0.050073, 0.000000, 0.050072, 0.998746),
      ["LeftLowerLeg"] = CFrame.new(-0.000000, 0.122851, -0.075525, 1.000000, -0.000000, -0.000000, 0.000000, 0.218300, 0.975884, -0.000000, -0.975882, 0.218290),
      ["LeftUpperArm"] = CFrame.new(0.017399, 0.123870, 0.009808, -0.997698, -0.063503, -0.023814, 0.067354, -0.968873, -0.238220, -0.007945, -0.239276, 0.970919),
      ["LeftUpperLeg"] = CFrame.new(-0.377086, 0.745184, 0.102857, 0.947007, 0.310716, 0.081519, 0.299567, -0.762726, -0.573148, -0.115919, 0.567191, -0.815387),
      ["LowerTorso"] = CFrame.new(-0.090320, 0.753624, 0.525655, -0.999729, -0.014277, 0.018399, -0.007688, -0.543422, -0.839425, 0.021983, -0.839338, 0.543165),
      ["RightFoot"] = CFrame.new(0.000000, 0.015242, -0.000101, 0.962662, 0.207078, 0.174376, -0.202102, 0.978281, -0.046198, -0.180104, 0.009231, 0.983595),
      ["RightHand"] = CFrame.new(-0.000500, 0.000000, 0.000000, 0.999992, -0.003397, 0.002252, 0.003462, 0.999559, -0.029487, -0.002151, 0.029495, 0.999563),
      ["RightLowerArm"] = CFrame.new(-0.011635, -0.038963, -0.003714, 1.000000, 0.000000, 0.000000, -0.000000, 0.999604, -0.028131, -0.000000, 0.028131, 0.999604),
      ["RightLowerLeg"] = CFrame.new(0.000000, 0.106137, -0.065862, 1.000000, 0.000000, 0.000000, -0.000000, 0.332292, 0.943184, 0.000000, -0.943177, 0.332272),
      ["RightUpperArm"] = CFrame.new(0.014260, 0.083879, 0.020651, -0.997488, 0.070835, 0.000470, -0.068677, -0.965421, -0.251487, -0.017361, -0.250888, 0.967860),
      ["RightUpperLeg"] = CFrame.new(0.258418, 0.635645, -0.081047, 0.819166, -0.323457, 0.473622, -0.221400, -0.940135, -0.259074, 0.529102, 0.107336, -0.841762),
      ["UpperTorso"] = CFrame.new(0.030209, -0.077743, 0.097489, 0.999734, -0.002720, 0.022897, -0.006440, 0.920551, 0.390570, -0.022140, -0.390614, 0.920288)
    }},
    {Time = 0.017, Data = {
      ["Head"] = CFrame.new(3.363573, -1.829263, 0.273825, -0.997272, 0.068269, 0.028066, -0.038194, -0.151899, -0.987658, -0.063163, -0.986036, 0.154092),
      ["LeftFoot"] = CFrame.new(-0.000000, 0.030608, -0.000001, 0.996363, -0.065177, -0.054875, 0.084157, 0.854044, 0.513371, 0.013386, -0.516102, 0.856410),
      ["LeftHand"] = CFrame.new(0.000500, 0.000100, -0.000000, 0.998674, 0.033727, 0.038897, -0.034986, 0.998870, 0.032161, -0.037768, -0.033478, 0.998726),
      ["LeftLowerArm"] = CFrame.new(0.005666, -0.027074, 0.010706, 1.000000, -0.000000, -0.000000, 0.000000, 0.998290, -0.058455, 0.000000, 0.058454, 0.998290),
      ["LeftLowerLeg"] = CFrame.new(-0.000000, 0.122892, -0.075683, 1.000000, -0.000000, -0.000000, 0.000000, 0.216661, 0.976249, -0.000000, -0.976247, 0.216651),
      ["LeftUpperArm"] = CFrame.new(0.017402, 0.123883, 0.009470, -0.997690, -0.063559, -0.023971, 0.067379, -0.970741, -0.230481, -0.008621, -0.231564, 0.972782),
      ["LeftUpperLeg"] = CFrame.new(-0.377086, 0.745184, 0.102857, 0.946949, 0.310953, 0.081281, 0.299180, -0.760535, -0.576252, -0.117380, 0.569995, -0.813220),
      ["LowerTorso"] = CFrame.new(-0.090320, 0.753624, 0.525655, -0.999729, -0.014277, 0.018399, -0.007688, -0.543422, -0.839425, 0.021983, -0.839338, 0.543165),
      ["RightFoot"] = CFrame.new(-0.000000, 0.015282, -0.000102, 0.962601, 0.207244, 0.174515, -0.201397, 0.978191, -0.050945, -0.181216, 0.013892, 0.983336),
      ["RightHand"] = CFrame.new(-0.000500, -0.000000, -0.000000, 0.999992, -0.003397, 0.002252, 0.003462, 0.999559, -0.029487, -0.002151, 0.029495, 0.999563),
      ["RightLowerArm"] = CFrame.new(-0.011635, -0.038198, -0.003690, 1.000000, 0.000000, 0.000000, -0.000000, 0.999360, -0.035779, -0.000000, 0.035778, 0.999360),
      ["RightLowerLeg"] = CFrame.new(0.000000, 0.106260, -0.066139, 1.000000, 0.000000, 0.000000, -0.000000, 0.329465, 0.944175, 0.000000, -0.944168, 0.329445),
      ["RightUpperArm"] = CFrame.new(0.014262, 0.083902, 0.020443, -0.997492, 0.070780, 0.000307, -0.068723, -0.967441, -0.243586, -0.016944, -0.242997, 0.969879),
      ["RightUpperLeg"] = CFrame.new(0.258418, 0.635645, -0.081047, 0.819051, -0.324471, 0.473127, -0.221558, -0.939624, -0.260790, 0.529215, 0.108747, -0.841510),
      ["UpperTorso"] = CFrame.new(0.030209, -0.077743, 0.097489, 0.999736, -0.002765, 0.022817, -0.006455, 0.919021, 0.394156, -0.022059, -0.394199, 0.918760)
    }},
    {Time = 0.033, Data = {
      ["Head"] = CFrame.new(3.363608, -1.830443, 0.272611, -0.997279, 0.068107, 0.028210, -0.037663, -0.141762, -0.989184, -0.063372, -0.987555, 0.143942),
      ["LeftFoot"] = CFrame.new(-0.000000, 0.030638, -0.000001, 0.995993, -0.068403, -0.057592, 0.088107, 0.861197, 0.500599, 0.015335, -0.503647, 0.863762),
      ["LeftHand"] = CFrame.new(0.000500, 0.000099, -0.000000, 0.998674, 0.033727, 0.038897, -0.034986, 0.998870, 0.032161, -0.037768, -0.033478, 0.998726),
      ["LeftLowerArm"] = CFrame.new(0.005666, -0.024718, 0.010870, 1.000000, -0.000000, -0.000000, 0.000000, 0.996631, -0.082016, 0.000000, 0.082016, 0.996631),
      ["LeftLowerLeg"] = CFrame.new(-0.000000, 0.123000, -0.076105, 1.000000, -0.000000, -0.000000, 0.000000, 0.212277, 0.977212, -0.000000, -0.977209, 0.212267),
      ["LeftUpperArm"] = CFrame.new(0.017413, 0.123904, 0.008515, -0.997669, -0.063723, -0.024414, 0.067423, -0.975680, -0.208575, -0.010529, -0.209735, 0.977702),
      ["LeftUpperLeg"] = CFrame.new(-0.377086, 0.745184, 0.102857, 0.946777, 0.311629, 0.080701, 0.298092, -0.754207, -0.585067, -0.121468, 0.577979, -0.806960),
      ["LowerTorso"] = CFrame.new(-0.090320, 0.753624, 0.525655, -0.999729, -0.014277, 0.018399, -0.007688, -0.543422, -0.839425, 0.021983, -0.839338, 0.543165),
      ["RightFoot"] = CFrame.new(-0.000000, 0.015392, -0.000101, 0.962428, 0.207714, 0.174911, -0.199388, 0.977817, -0.064270, -0.184330, 0.026979, 0.982484),
      ["RightHand"] = CFrame.new(-0.000500, 0.000000, 0.000000, 0.999992, -0.003397, 0.002252, 0.003462, 0.999559, -0.029487, -0.002151, 0.029495, 0.999563),
      ["RightLowerArm"] = CFrame.new(-0.011635, -0.036042, -0.003592, 1.000000, 0.000000, 0.000000, -0.000000, 0.998355, -0.057332, -0.000000, 0.057332, 0.998355),
      ["RightLowerLeg"] = CFrame.new(0.000000, 0.106595, -0.066902, 1.000000, 0.000000, 0.000000, -0.000000, 0.321649, 0.946866, 0.000000, -0.946859, 0.321629),
      ["RightUpperArm"] = CFrame.new(0.014268, 0.083957, 0.019853, -0.997504, 0.070617, -0.000148, -0.068835, -0.972793, -0.221212, -0.015766, -0.220650, 0.975226),
      ["RightUpperLeg"] = CFrame.new(0.258418, 0.635645, -0.081047, 0.818724, -0.327389, 0.471681, -0.222003, -0.938129, -0.265746, 0.529534, 0.112830, -0.840771),
      ["UpperTorso"] = CFrame.new(0.030209, -0.077743, 0.097489, 0.999741, -0.002887, 0.022593, -0.006494, 0.914639, 0.404220, -0.021832, -0.404262, 0.914383)
    }},
    {Time = 0.050, Data = {
      ["Head"] = CFrame.new(3.363662, -1.832268, 0.270734, -0.997290, 0.067856, 0.028430, -0.036837, -0.126055, -0.991339, -0.063684, -0.989700, 0.128213),
      ["LeftFoot"] = CFrame.new(-0.000000, 0.030699, -0.000001, 0.995393, -0.073337, -0.061746, 0.094071, 0.871777, 0.480808, 0.018548, -0.484382, 0.874649),
      ["LeftHand"] = CFrame.new(0.000500, 0.000100, -0.000000, 0.998674, 0.033727, 0.038897, -0.034986, 0.998870, 0.032161, -0.037768, -0.033478, 0.998726),
      ["LeftLowerArm"] = CFrame.new(0.005666, -0.021086, 0.011232, 1.000000, -0.000000, -0.000000, 0.000000, 0.992974, -0.118336, 0.000000, 0.118335, 0.992974),
      ["LeftLowerLeg"] = CFrame.new(-0.000000, 0.123158, -0.076688, 1.000000, -0.000000, -0.000000, 0.000000, 0.206209, 0.978510, -0.000000, -0.978508, 0.206199),
      ["LeftUpperArm"] = CFrame.new(0.017430, 0.123896, 0.007034, -0.997634, -0.063999, -0.025093, 0.067405, -0.982369, -0.174378, -0.013491, -0.175656, 0.984359),
      ["LeftUpperLeg"] = CFrame.new(-0.377086, 0.745184, 0.102857, 0.946480, 0.312690, 0.080072, 0.296417, -0.743921, -0.598923, -0.127718, 0.590599, -0.796793),
      ["LowerTorso"] = CFrame.new(-0.090320, 0.753624, 0.525655, -0.999729, -0.014277, 0.018399, -0.007688, -0.543422, -0.839425, 0.021983, -0.839338, 0.543165),
      ["RightFoot"] = CFrame.new(0.000000, 0.015557, -0.000102, 0.962156, 0.208450, 0.175531, -0.196213, 0.976898, -0.084765, -0.189094, 0.047113, 0.980818),
      ["RightHand"] = CFrame.new(-0.000500, -0.000000, 0.000000, 0.999992, -0.003397, 0.002252, 0.003462, 0.999559, -0.029487, -0.002151, 0.029495, 0.999563),
      ["RightLowerArm"] = CFrame.new(-0.011635, -0.032705, -0.003347, 1.000000, 0.000000, 0.000000, -0.000000, 0.995877, -0.090711, -0.000000, 0.090711, 0.995877),
      ["RightLowerLeg"] = CFrame.new(0.000000, 0.107080, -0.068040, 1.000000, 0.000000, 0.000000, -0.000000, 0.309980, 0.950750, 0.000000, -0.950743, 0.309960),
      ["RightUpperArm"] = CFrame.new(0.014277, 0.084017, 0.018936, -0.997523, 0.070342, -0.000848, -0.068954, -0.980078, -0.186258, -0.013933, -0.185738, 0.982501),
      ["RightUpperLeg"] = CFrame.new(0.258418, 0.635645, -0.081047, 0.818211, -0.332086, 0.469283, -0.222701, -0.935654, -0.273766, 0.530033, 0.119461, -0.839539),
      ["UpperTorso"] = CFrame.new(0.030209, -0.077743, 0.097489, 0.999748, -0.003072, 0.022244, -0.006549, 0.907643, 0.419691, -0.021479, -0.419731, 0.907394)
    }},
    {Time = 0.067, Data = {
      ["Head"] = CFrame.new(3.363731, -1.834620, 0.268315, -0.997304, 0.067526, 0.028707, -0.035764, -0.105743, -0.993750, -0.064068, -0.992098, 0.107873),
      ["LeftFoot"] = CFrame.new(-0.000000, 0.030779, -0.000001, 0.994570, -0.079604, -0.067023, 0.101494, 0.884576, 0.455240, 0.023028, -0.459552, 0.887842),
      ["LeftHand"] = CFrame.new(0.000500, 0.000100, -0.000000, 0.998674, 0.033727, 0.038897, -0.034986, 0.998870, 0.032161, -0.037768, -0.033478, 0.998726),
      ["LeftLowerArm"] = CFrame.new(0.005666, -0.016428, 0.011894, 1.000000, -0.000000, -0.000000, 0.000000, 0.986310, -0.164903, 0.000000, 0.164903, 0.986310),
      ["LeftLowerLeg"] = CFrame.new(-0.000000, 0.123331, -0.077323, 1.000000, -0.000000, -0.000000, 0.000000, 0.199600, 0.979880, -0.000000, -0.979878, 0.199590),
      ["LeftUpperArm"] = CFrame.new(0.017454, 0.123808, 0.005118, -0.997587, -0.064390, -0.025958, 0.067230, -0.989262, -0.129776, -0.017323, -0.131208, 0.991204),
      ["LeftUpperLeg"] = CFrame.new(-0.377086, 0.745184, 0.102857, 0.946046, 0.314089, 0.079730, 0.294270, -0.729766, -0.617120, -0.135655, 0.607280, -0.782820),
      ["LowerTorso"] = CFrame.new(-0.090320, 0.753624, 0.525655, -0.999729, -0.014277, 0.018399, -0.007688, -0.543422, -0.839425, 0.021983, -0.839338, 0.543165),
      ["RightFoot"] = CFrame.new(0.000000, 0.015759, -0.000101, 0.961797, 0.209418, 0.176345, -0.192000, 0.975106, -0.110987, -0.195148, 0.072885, 0.978051),
      ["RightHand"] = CFrame.new(-0.000500, 0.000000, 0.000000, 0.999992, -0.003397, 0.002252, 0.003462, 0.999559, -0.029487, -0.002151, 0.029495, 0.999563),
      ["RightLowerArm"] = CFrame.new(-0.011635, -0.028398, -0.002865, 1.000000, 0.000000, 0.000000, -0.000000, 0.991012, -0.133772, -0.000000, 0.133772, 0.991012),
      ["RightLowerLeg"] = CFrame.new(-0.000000, 0.107653, -0.069435, 1.000000, 0.000000, 0.000000, -0.000000, 0.295683, 0.955292, 0.000000, -0.955286, 0.295664),
      ["RightUpperArm"] = CFrame.new(0.014290, 0.084046, 0.017747, -0.997549, 0.069950, -0.001739, -0.069011, -0.987655, -0.140625, -0.011554, -0.140160, 0.990061),
      ["RightUpperLeg"] = CFrame.new(0.258418, 0.635645, -0.081047, 0.817535, -0.338463, 0.465892, -0.223618, -0.932154, -0.284737, 0.530689, 0.128574, -0.837777),
      ["UpperTorso"] = CFrame.new(0.030209, -0.077743, 0.097489, 0.999757, -0.003302, 0.021788, -0.006611, 0.898231, 0.439474, -0.021022, -0.439512, 0.897991)
    }},
    {Time = 0.083, Data = {
      ["Head"] = CFrame.new(3.363812, -1.837381, 0.265476, -0.997322, 0.067130, 0.029024, -0.034493, -0.081811, -0.996051, -0.064491, -0.994384, 0.083907),
      ["LeftFoot"] = CFrame.new(0.000000, 0.030852, -0.000000, 0.993536, -0.086832, -0.073109, 0.109823, 0.898420, 0.425204, 0.028741, -0.430466, 0.902140),
      ["LeftHand"] = CFrame.new(0.000500, 0.000100, 0.000000, 0.998674, 0.033727, 0.038897, -0.034986, 0.998870, 0.032161, -0.037768, -0.033478, 0.998726),
      ["LeftLowerArm"] = CFrame.new(0.005666, -0.011006, 0.012950, 1.000000, -0.000000, -0.000000, 0.000000, 0.975700, -0.219113, 0.000000, 0.219112, 0.975700),
      ["LeftLowerLeg"] = CFrame.new(-0.000000, 0.123486, -0.077904, 1.000000, -0.000000, -0.000000, 0.000000, 0.193547, 0.981093, -0.000000, -0.981091, 0.193537),
      ["LeftUpperArm"] = CFrame.new(0.017484, 0.123593, 0.002865, -0.997528, -0.064902, -0.026954, 0.066800, -0.994806, -0.076803, -0.021830, -0.078414, 0.996682),
      ["LeftUpperLeg"] = CFrame.new(-0.377086, 0.745184, 0.102857, 0.945465, 0.315770, 0.079983, 0.291766, -0.711842, -0.638861, -0.144805, 0.627352, -0.765153),
      ["LowerTorso"] = CFrame.new(-0.090320, 0.753624, 0.525655, -0.999729, -0.014277, 0.018399, -0.007688, -0.543422, -0.839425, 0.021983, -0.839338, 0.543165),
      ["RightFoot"] = CFrame.new(-0.000000, 0.015952, -0.000101, 0.961363, 0.210581, 0.177325, -0.186878, 0.972147, -0.141500, -0.202133, 0.102890, 0.973927),
      ["RightHand"] = CFrame.new(-0.000500, -0.000000, -0.000000, 0.999992, -0.003397, 0.002252, 0.003462, 0.999559, -0.029487, -0.002151, 0.029495, 0.999563),
      ["RightLowerArm"] = CFrame.new(-0.011635, -0.023350, -0.002057, 1.000000, 0.000000, 0.000000, -0.000000, 0.982880, -0.184245, -0.000000, 0.184245, 0.982880),
      ["RightLowerLeg"] = CFrame.new(0.000000, 0.108237, -0.070974, 1.000000, 0.000000, 0.000000, -0.000000, 0.279916, 0.960030, 0.000000, -0.960024, 0.279897),
      ["RightUpperArm"] = CFrame.new(0.014307, 0.084008, 0.016343, -0.997583, 0.069434, -0.002766, -0.068937, -0.993875, -0.086374, -0.008747, -0.085975, 0.996259),
      ["RightUpperLeg"] = CFrame.new(0.258418, 0.635645, -0.081047, 0.816721, -0.346386, 0.461478, -0.224720, -0.927581, -0.298473, 0.531477, 0.140039, -0.835435),
      ["UpperTorso"] = CFrame.new(0.030209, -0.077743, 0.097489, 0.999768, -0.003559, 0.021246, -0.006672, 0.886614, 0.462462, -0.020483, -0.462497, 0.886384)
    }},
    {Time = 0.100, Data = {
      ["Head"] = CFrame.new(3.363903, -1.840436, 0.262335, -0.997342, 0.066684, 0.029363, -0.033076, -0.055263, -0.997924, -0.064923, -0.996243, 0.057322),
      ["LeftFoot"] = CFrame.new(-0.000000, 0.030906, -0.000000, 0.992312, -0.094663, -0.079703, 0.118536, 0.912262, 0.392101, 0.035571, -0.398518, 0.916463),
      ["LeftHand"] = CFrame.new(0.000500, 0.000100, -0.000000, 0.998674, 0.033727, 0.038897, -0.034986, 0.998870, 0.032161, -0.037768, -0.033478, 0.998726),
      ["LeftLowerArm"] = CFrame.new(0.005666, -0.005088, 0.014463, 1.000000, -0.000000, -0.000000, 0.000000, 0.960499, -0.278283, 0.000000, 0.278283, 0.960499),
      ["LeftLowerLeg"] = CFrame.new(-0.000000, 0.123599, -0.078339, 1.000000, -0.000000, -0.000000, 0.000000, 0.189011, 0.981977, -0.000000, -0.981975, 0.189002),
      ["LeftUpperArm"] = CFrame.new(0.017519, 0.123214, 0.000380, -0.997457, -0.065531, -0.028027, 0.066042, -0.997660, -0.017716, -0.026800, -0.019522, 0.999450),
      ["LeftUpperLeg"] = CFrame.new(-0.377086, 0.745184, 0.102857, 0.944738, 0.317660, 0.081081, 0.289021, -0.690347, -0.663233, -0.154716, 0.650010, -0.744008),
      ["LowerTorso"] = CFrame.new(-0.090320, 0.753624, 0.525655, -0.999729, -0.014277, 0.018399, -0.007688, -0.543422, -0.839425, 0.021983, -0.839338, 0.543165),
      ["RightFoot"] = CFrame.new(0.000000, 0.016063, -0.000101, 0.960867, 0.211904, 0.178438, -0.180993, 0.967817, -0.174891, -0.209707, 0.135744, 0.968284),
      ["RightHand"] = CFrame.new(-0.000500, -0.000000, -0.000000, 0.999992, -0.003397, 0.002252, 0.003462, 0.999559, -0.029487, -0.002151, 0.029495, 0.999563),
      ["RightLowerArm"] = CFrame.new(-0.011635, -0.017801, -0.000859, 1.000000, 0.000000, 0.000000, -0.000000, 0.970842, -0.239720, -0.000000, 0.239720, 0.970842),
      ["RightLowerLeg"] = CFrame.new(0.000000, 0.108747, -0.072565, 1.000000, 0.000000, 0.000000, -0.000000, 0.263686, 0.964614, 0.000000, -0.964609, 0.263667),
      ["RightUpperArm"] = CFrame.new(0.014328, 0.083878, 0.014789, -0.997623, 0.068796, -0.003872, -0.068675, -0.997305, -0.025806, -0.005637, -0.025479, 0.999659),
      ["RightUpperLeg"] = CFrame.new(0.258418, 0.635645, -0.081047, 0.815792, -0.355640, 0.456050, -0.225973, -0.921914, -0.314644, 0.532371, 0.153603, -0.832477),
      ["UpperTorso"] = CFrame.new(0.030209, -0.077743, 0.097489, 0.999780, -0.003827, 0.020639, -0.006723, 0.873067, 0.487554, -0.019885, -0.487585, 0.872849)
    }},
    {Time = 0.117, Data = {
      ["Head"] = CFrame.new(3.363998, -1.843665, 0.259013, -0.997364, 0.066203, 0.029710, -0.031563, -0.027130, -0.999133, -0.065339, -0.997437, 0.029148),
      ["LeftFoot"] = CFrame.new(0.000000, 0.030934, -0.000000, 0.990935, -0.102762, -0.086523, 0.127173, 0.925260, 0.357401, 0.043307, -0.365149, 0.929935),
      ["LeftHand"] = CFrame.new(0.000500, 0.000100, 0.000000, 0.998674, 0.033727, 0.038897, -0.034986, 0.998870, 0.032161, -0.037768, -0.033478, 0.998726),
      ["LeftLowerArm"] = CFrame.new(0.005666, 0.001058, 0.016455, 1.000000, -0.000000, -0.000000, 0.000000, 0.940526, -0.339723, 0.000000, 0.339722, 0.940526),
      ["LeftLowerLeg"] = CFrame.new(-0.000000, 0.123656, -0.078562, 1.000000, -0.000000, -0.000000, 0.000000, 0.186693, 0.982420, -0.000000, -0.982418, 0.186684),
      ["LeftUpperArm"] = CFrame.new(0.017559, 0.122652, -0.002227, -0.997377, -0.066266, -0.029122, 0.064918, -0.996875, 0.045010, -0.032013, 0.043002, 0.998562),
      ["LeftUpperLeg"] = CFrame.new(-0.377086, 0.745184, 0.102857, 0.943879, 0.319669, 0.083160, 0.286145, -0.665677, -0.689191, -0.164962, 0.674304, -0.719791),
      ["LowerTorso"] = CFrame.new(-0.090320, 0.753624, 0.525655, -0.999729, -0.014277, 0.018399, -0.007688, -0.543422, -0.839425, 0.021983, -0.839338, 0.543165),
      ["RightFoot"] = CFrame.new(0.000000, 0.016169, -0.000101, 0.960322, 0.213345, 0.179652, -0.174554, 0.962081, -0.209636, -0.217516, 0.169951, 0.961134),
      ["RightHand"] = CFrame.new(-0.000500, 0.000000, -0.000000, 0.999992, -0.003397, 0.002252, 0.003462, 0.999559, -0.029487, -0.002151, 0.029495, 0.999563),
      ["RightLowerArm"] = CFrame.new(-0.011635, -0.012002, 0.000753, 1.000000, 0.000000, 0.000000, -0.000000, 0.954662, -0.297693, -0.000000, 0.297693, 0.954662),
      ["RightLowerLeg"] = CFrame.new(0.000000, 0.109208, -0.074086, 1.000000, 0.000000, 0.000000, -0.000000, 0.248153, 0.968726, 0.000000, -0.968721, 0.248135),
      ["RightUpperArm"] = CFrame.new(0.014350, 0.083636, 0.013152, -0.997669, 0.068048, -0.005001, -0.068191, -0.996928, 0.038537, -0.002363, 0.038788, 0.999245),
      ["RightUpperLeg"] = CFrame.new(0.258418, 0.635645, -0.081047, 0.814777, -0.366017, 0.449612, -0.227339, -0.915129, -0.332937, 0.533344, 0.169030, -0.828856),
      ["UpperTorso"] = CFrame.new(0.030209, -0.077743, 0.097489, 0.999792, -0.004092, 0.019988, -0.006758, 0.857959, 0.513674, -0.019251, -0.513702, 0.857753)
    }},
    {Time = 0.133, Data = {
      ["Head"] = CFrame.new(3.364095, -1.846954, 0.255631, -0.997387, 0.065702, 0.030048, -0.030012, 0.001542, -0.999548, -0.065719, -0.997838, 0.000434),
      ["LeftFoot"] = CFrame.new(0.000000, 0.030930, -0.000000, 0.989450, -0.110819, -0.093306, 0.135361, 0.936817, 0.322589, 0.051640, -0.331802, 0.941929),
      ["LeftHand"] = CFrame.new(0.000500, 0.000100, 0.000000, 0.998674, 0.033727, 0.038897, -0.034986, 0.998870, 0.032161, -0.037768, -0.033478, 0.998726),
      ["LeftLowerArm"] = CFrame.new(0.005666, 0.007170, 0.018886, 1.000000, -0.000000, -0.000000, 0.000000, 0.916158, -0.400817, 0.000000, 0.400817, 0.916158),
      ["LeftLowerLeg"] = CFrame.new(-0.000000, 0.123649, -0.078537, 1.000000, -0.000000, -0.000000, 0.000000, 0.186954, 0.982370, -0.000000, -0.982369, 0.186946),
      ["LeftUpperArm"] = CFrame.new(0.017602, 0.121913, -0.004842, -0.997291, -0.067084, -0.030187, 0.063439, -0.992043, 0.108752, -0.037242, 0.106542, 0.993611),
      ["LeftUpperLeg"] = CFrame.new(-0.377086, 0.745184, 0.102857, 0.942917, 0.321690, 0.086227, 0.283249, -0.638497, -0.715598, -0.175150, 0.699169, -0.693170),
      ["LowerTorso"] = CFrame.new(-0.090320, 0.753624, 0.525655, -0.999729, -0.014277, 0.018399, -0.007688, -0.543422, -0.839425, 0.021983, -0.839338, 0.543165),
      ["RightFoot"] = CFrame.new(0.000000, 0.016264, -0.000101, 0.959745, 0.214859, 0.180927, -0.167786, 0.955071, -0.244344, -0.225250, 0.204142, 0.952660),
      ["RightHand"] = CFrame.new(-0.000500, 0.000000, 0.000000, 0.999992, -0.003397, 0.002252, 0.003462, 0.999559, -0.029487, -0.002151, 0.029495, 0.999563),
      ["RightLowerArm"] = CFrame.new(-0.011635, -0.006203, 0.002752, 1.000000, 0.000000, 0.000000, -0.000000, 0.934615, -0.355662, -0.000000, 0.355662, 0.934615),
      ["RightLowerLeg"] = CFrame.new(0.000000, 0.109602, -0.075463, 1.000000, 0.000000, 0.000000, -0.000000, 0.234084, 0.972221, 0.000000, -0.972216, 0.234066),
      ["RightUpperArm"] = CFrame.new(0.014376, 0.083282, 0.011503, -0.997720, 0.067213, -0.006099, -0.067483, -0.992291, 0.103950, 0.000935, 0.104124, 0.994564),
      ["RightUpperLeg"] = CFrame.new(0.258418, 0.635645, -0.081047, 0.813706, -0.377156, 0.442286, -0.228774, -0.907316, -0.352748, 0.534365, 0.185825, -0.824592),
      ["UpperTorso"] = CFrame.new(0.030209, -0.077743, 0.097489, 0.999804, -0.004341, 0.019317, -0.006774, 0.841771, 0.539793, -0.018604, -0.539818, 0.841576)
    }},
    {Time = 0.150, Data = {
      ["Head"] = CFrame.new(3.364190, -1.850184, 0.252310, -0.997410, 0.065202, 0.030367, -0.028479, 0.029698, -0.999153, -0.066049, -0.997430, -0.027764),
      ["LeftFoot"] = CFrame.new(0.000000, 0.030896, -0.000000, 0.987917, -0.118550, -0.099816, 0.142817, 0.946594, 0.289094, 0.060191, -0.299844, 0.952083),
      ["LeftHand"] = CFrame.new(0.000500, 0.000100, 0.000000, 0.998674, 0.033727, 0.038897, -0.034986, 0.998870, 0.032160, -0.037768, -0.033478, 0.998726),
      ["LeftLowerArm"] = CFrame.new(0.005666, 0.013005, 0.021659, 1.000000, -0.000000, -0.000000, 0.000000, 0.888365, -0.459137, 0.000000, 0.459138, 0.888365),
      ["LeftLowerLeg"] = CFrame.new(-0.000000, 0.123579, -0.078265, 1.000000, -0.000000, -0.000000, 0.000000, 0.189784, 0.981827, -0.000000, -0.981826, 0.189776),
      ["LeftUpperArm"] = CFrame.new(0.017647, 0.121026, -0.007356, -0.997201, -0.067951, -0.031179, 0.061666, -0.983363, 0.170864, -0.042271, 0.168463, 0.984801),
      ["LeftUpperLeg"] = CFrame.new(-0.377086, 0.745184, 0.102857, 0.941892, 0.323612, 0.090152, 0.280434, -0.609780, -0.741292, -0.184923, 0.723494, -0.665100),
      ["LowerTorso"] = CFrame.new(-0.090320, 0.753624, 0.525655, -0.999729, -0.014277, 0.018399, -0.007688, -0.543422, -0.839425, 0.021983, -0.839338, 0.543165),
      ["RightFoot"] = CFrame.new(-0.000000, 0.016345, -0.000101, 0.959155, 0.216395, 0.182220, -0.160951, 0.947096, -0.277711, -0.232628, 0.237029, 0.943225),
      ["RightHand"] = CFrame.new(-0.000500, -0.000000, 0.000000, 0.999992, -0.003397, 0.002252, 0.003462, 0.999559, -0.029487, -0.002151, 0.029495, 0.999563),
      ["RightLowerArm"] = CFrame.new(-0.011635, -0.000642, 0.005055, 1.000000, 0.000000, 0.000000, -0.000000, 0.911523, -0.411248, -0.000000, 0.411248, 0.911523),
      ["RightLowerLeg"] = CFrame.new(0.000000, 0.109924, -0.076646, 1.000000, 0.000000, 0.000000, -0.000000, 0.221999, 0.975051, 0.000000, -0.975047, 0.221982),
      ["RightUpperArm"] = CFrame.new(0.014402, 0.082830, 0.009911, -0.997773, 0.066325, -0.007121, -0.066579, -0.983588, 0.167698, 0.004119, 0.167798, 0.985813),
      ["RightUpperLeg"] = CFrame.new(0.258418, 0.635645, -0.081047, 0.812615, -0.388613, 0.434303, -0.230229, -0.898686, -0.373294, 0.535398, 0.203331, -0.819776),
      ["UpperTorso"] = CFrame.new(0.030209, -0.077743, 0.097489, 0.999816, -0.004566, 0.018651, -0.006771, 0.825101, 0.564945, -0.017969, -0.564967, 0.824918)
    }},
    {Time = 0.167, Data = {
      ["Head"] = CFrame.new(3.364280, -1.853238, 0.249169, -0.997432, 0.064721, 0.030655, -0.027021, 0.056286, -0.998049, -0.066320, -0.996315, -0.054393),
      ["LeftFoot"] = CFrame.new(-0.000000, 0.030836, -0.000000, 0.986406, -0.125699, -0.105835, 0.149351, 0.954477, 0.258221, 0.068536, -0.270506, 0.960271),
      ["LeftHand"] = CFrame.new(0.000500, 0.000100, -0.000000, 0.998674, 0.033727, 0.038897, -0.034986, 0.998870, 0.032161, -0.037768, -0.033478, 0.998726),
      ["LeftLowerArm"] = CFrame.new(0.005665, 0.018347, 0.024623, 1.000000, -0.000000, -0.000000, 0.000000, 0.858671, -0.512527, 0.000000, 0.512527, 0.858671),
      ["LeftLowerLeg"] = CFrame.new(-0.000000, 0.123452, -0.077783, 1.000000, -0.000000, -0.000000, 0.000000, 0.194802, 0.980844, -0.000000, -0.980843, 0.194793),
      ["LeftUpperArm"] = CFrame.new(0.017691, 0.120047, -0.009671, -0.997113, -0.068825, -0.032063, 0.059708, -0.971636, 0.228818, -0.046902, 0.226243, 0.972941),
      ["LeftUpperLeg"] = CFrame.new(-0.377086, 0.745184, 0.102857, 0.940854, 0.325335, 0.094671, 0.277802, -0.580800, -0.765171, -0.193956, 0.746209, -0.636828),
      ["LowerTorso"] = CFrame.new(-0.090320, 0.753624, 0.525655, -0.999729, -0.014277, 0.018399, -0.007688, -0.543422, -0.839425, 0.021983, -0.839338, 0.543165),
      ["RightFoot"] = CFrame.new(0.000000, 0.016422, -0.000101, 0.958576, 0.217894, 0.183481, -0.154337, 0.938620, -0.308534, -0.239400, 0.267423, 0.933350),
      ["RightHand"] = CFrame.new(-0.000500, -0.000000, 0.000000, 0.999992, -0.003397, 0.002252, 0.003462, 0.999559, -0.029487, -0.002151, 0.029495, 0.999563),
      ["RightLowerArm"] = CFrame.new(-0.011635, 0.004467, 0.007531, 1.000000, 0.000000, 0.000000, -0.000000, 0.886717, -0.462313, -0.000000, 0.462313, 0.886717),
      ["RightLowerLeg"] = CFrame.new(-0.000000, 0.110178, -0.077606, 1.000000, 0.000000, 0.000000, -0.000000, 0.212187, 0.977233, 0.000000, -0.977229, 0.212170),
      ["RightUpperArm"] = CFrame.new(0.014428, 0.082311, 0.008440, -0.997825, 0.065429, -0.008030, -0.065541, -0.971648, 0.227168, 0.007061, 0.227200, 0.973822),
      ["RightUpperLeg"] = CFrame.new(0.258418, 0.635645, -0.081047, 0.811547, -0.399871, 0.426003, -0.231649, -0.889589, -0.393650, 0.536405, 0.220759, -0.814593),
      ["UpperTorso"] = CFrame.new(0.030209, -0.077743, 0.097489, 0.999826, -0.004760, 0.018016, -0.006750, 0.808657, 0.588241, -0.017369, -0.588260, 0.808485)
    }},
    {Time = 0.183, Data = {
      ["Head"] = CFrame.new(3.364361, -1.856000, 0.246328, -0.997453, 0.064279, 0.030903, -0.025699, 0.080272, -0.996442, -0.066531, -0.994698, -0.078416),
      ["LeftFoot"] = CFrame.new(-0.000000, 0.030757, -0.000000, 0.984992, -0.132028, -0.111165, 0.154848, 0.960533, 0.231101, 0.076242, -0.244836, 0.966558),
      ["LeftHand"] = CFrame.new(0.000500, 0.000100, 0.000000, 0.998674, 0.033727, 0.038897, -0.034986, 0.998870, 0.032161, -0.037768, -0.033478, 0.998726),
      ["LeftLowerArm"] = CFrame.new(0.005666, 0.023013, 0.027579, 1.000000, -0.000000, -0.000000, 0.000000, 0.829061, -0.559159, 0.000000, 0.559159, 0.829061),
      ["LeftLowerLeg"] = CFrame.new(-0.000000, 0.123285, -0.077161, 1.000000, -0.000000, -0.000000, 0.000000, 0.201289, 0.979534, -0.000000, -0.979532, 0.201281),
      ["LeftUpperArm"] = CFrame.new(0.017732, 0.119050, -0.011703, -0.997031, -0.069654, -0.032814, 0.057714, -0.958172, 0.280313, -0.050966, 0.277587, 0.959348),
      ["LeftUpperLeg"] = CFrame.new(-0.377086, 0.745184, 0.102857, 0.939864, 0.326780, 0.099413, 0.275447, -0.553098, -0.786258, -0.201952, 0.766353, -0.609849),
      ["LowerTorso"] = CFrame.new(-0.090320, 0.753624, 0.525655, -0.999729, -0.014277, 0.018399, -0.007688, -0.543422, -0.839425, 0.021983, -0.839338, 0.543165),
      ["RightFoot"] = CFrame.new(-0.000000, 0.016510, -0.000101, 0.958032, 0.219289, 0.184656, -0.148251, 0.930229, -0.335733, -0.245349, 0.294254, 0.923681),
      ["RightHand"] = CFrame.new(-0.000500, 0.000000, 0.000000, 0.999992, -0.003397, 0.002252, 0.003462, 0.999559, -0.029487, -0.002151, 0.029495, 0.999563),
      ["RightLowerArm"] = CFrame.new(-0.011635, 0.008941, 0.010005, 1.000000, 0.000000, 0.000000, -0.000000, 0.861927, -0.507033, -0.000000, 0.507032, 0.861927),
      ["RightLowerLeg"] = CFrame.new(0.000000, 0.110381, -0.078336, 1.000000, 0.000000, 0.000000, -0.000000, 0.204715, 0.978825, 0.000000, -0.978822, 0.204698),
      ["RightUpperArm"] = CFrame.new(0.014453, 0.081768, 0.007144, -0.997874, 0.064578, -0.008800, -0.064456, -0.957837, 0.279988, 0.009652, 0.279960, 0.959963),
      ["RightUpperLeg"] = CFrame.new(0.258418, 0.635645, -0.081047, 0.810548, -0.410373, 0.417839, -0.232971, -0.880524, -0.412786, 0.537341, 0.237216, -0.809332),
      ["UpperTorso"] = CFrame.new(0.030209, -0.077743, 0.097489, 0.999836, -0.004919, 0.017438, -0.006716, 0.793239, 0.608873, -0.016828, -0.608890, 0.793076)
    }},
    {Time = 0.200, Data = {
      ["Head"] = CFrame.new(3.364430, -1.858351, 0.243910, -0.997471, 0.063900, 0.031107, -0.024571, 0.100642, -0.994619, -0.066686, -0.992869, -0.098817),
      ["LeftFoot"] = CFrame.new(0.000000, 0.030673, -0.000000, 0.983755, -0.137321, -0.115622, 0.159237, 0.964938, 0.208680, 0.082888, -0.223691, 0.971125),
      ["LeftHand"] = CFrame.new(0.000500, 0.000101, 0.000000, 0.998674, 0.033727, 0.038897, -0.034986, 0.998870, 0.032161, -0.037768, -0.033478, 0.998726),
      ["LeftLowerArm"] = CFrame.new(0.005666, 0.026854, 0.030297, 1.000000, -0.000000, -0.000000, 0.000000, 0.801847, -0.597530, 0.000000, 0.597530, 0.801847),
      ["LeftLowerLeg"] = CFrame.new(-0.000000, 0.123100, -0.076491, 1.000000, -0.000000, -0.000000, 0.000000, 0.208266, 0.978074, -0.000000, -0.978072, 0.208258),
      ["LeftUpperArm"] = CFrame.new(0.017768, 0.118121, -0.013381, -0.996960, -0.070387, -0.033414, 0.055857, -0.944637, 0.323328, -0.054322, 0.320478, 0.945697),
      ["LeftUpperLeg"] = CFrame.new(-0.377086, 0.745184, 0.102857, 0.938984, 0.327905, 0.103927, 0.273461, -0.528410, -0.803736, -0.208635, 0.783110, -0.585839),
      ["LowerTorso"] = CFrame.new(-0.090320, 0.753624, 0.525655, -0.999729, -0.014277, 0.018399, -0.007688, -0.543422, -0.839425, 0.021983, -0.839338, 0.543165),
      ["RightFoot"] = CFrame.new(0.000000, 0.016573, -0.000101, 0.957554, 0.220509, 0.185683, -0.142996, 0.922572, -0.358377, -0.250287, 0.316600, 0.914925),
      ["RightHand"] = CFrame.new(-0.000500, 0.000000, -0.000000, 0.999992, -0.003397, 0.002252, 0.003462, 0.999559, -0.029487, -0.002151, 0.029495, 0.999563),
      ["RightLowerArm"] = CFrame.new(-0.011635, 0.012631, 0.012280, 1.000000, 0.000000, 0.000000, -0.000000, 0.839146, -0.543906, -0.000000, 0.543906, 0.839146),
      ["RightLowerLeg"] = CFrame.new(-0.000000, 0.110522, -0.078859, 1.000000, 0.000000, 0.000000, -0.000000, 0.199355, 0.979930, 0.000000, -0.979927, 0.199340),
      ["RightUpperArm"] = CFrame.new(0.014474, 0.081254, 0.006072, -0.997917, 0.063824, -0.009416, -0.063427, -0.943900, 0.324083, 0.011797, 0.324005, 0.945982),
      ["RightUpperLeg"] = CFrame.new(0.258418, 0.635645, -0.081047, 0.809673, -0.419515, 0.410394, -0.234127, -0.872158, -0.429553, 0.538159, 0.251691, -0.804401),
      ["UpperTorso"] = CFrame.new(0.030209, -0.077743, 0.097489, 0.999844, -0.005043, 0.016943, -0.006677, 0.779710, 0.626105, -0.016368, -0.626120, 0.779555)
    }},
    {Time = 0.217, Data = {
      ["Head"] = CFrame.new(3.364485, -1.860176, 0.242033, -0.997486, 0.063602, 0.031259, -0.023694, 0.116403, -0.992919, -0.066791, -0.991163, -0.114603),
      ["LeftFoot"] = CFrame.new(-0.000000, 0.030619, -0.000000, 0.982775, -0.141366, -0.119028, 0.162469, 0.967904, 0.191768, 0.088074, -0.207793, 0.974196),
      ["LeftHand"] = CFrame.new(0.000500, 0.000099, -0.000000, 0.998674, 0.033727, 0.038897, -0.034986, 0.998870, 0.032161, -0.037768, -0.033478, 0.998726),
      ["LeftLowerArm"] = CFrame.new(0.005665, 0.029742, 0.032528, 1.000000, -0.000000, -0.000000, 0.000000, 0.779504, -0.626397, 0.000000, 0.626397, 0.779504),
      ["LeftLowerLeg"] = CFrame.new(-0.000000, 0.122939, -0.075877, 1.000000, -0.000000, -0.000000, 0.000000, 0.214644, 0.976694, -0.000000, -0.976692, 0.214636),
      ["LeftUpperArm"] = CFrame.new(0.017796, 0.117353, -0.014647, -0.996904, -0.070971, -0.033854, 0.054320, -0.932871, 0.356091, -0.056853, 0.353149, 0.933838),
      ["LeftUpperLeg"] = CFrame.new(-0.377086, 0.745184, 0.102857, 0.938279, 0.328693, 0.107733, 0.271931, -0.508550, -0.816958, -0.213743, 0.795825, -0.566545),
      ["LowerTorso"] = CFrame.new(-0.090320, 0.753624, 0.525655, -0.999729, -0.014277, 0.018399, -0.007688, -0.543422, -0.839425, 0.021983, -0.839338, 0.543165),
      ["RightFoot"] = CFrame.new(0.000000, 0.016615, -0.000101, 0.957172, 0.221477, 0.186498, -0.138879, 0.916328, -0.375604, -0.254036, 0.333603, 0.907822),
      ["RightHand"] = CFrame.new(-0.000500, 0.000000, 0.000000, 0.999992, -0.003397, 0.002252, 0.003462, 0.999559, -0.029487, -0.002151, 0.029495, 0.999563),
      ["RightLowerArm"] = CFrame.new(-0.011635, 0.015411, 0.014145, 1.000000, 0.000000, 0.000000, -0.000000, 0.820470, -0.571690, -0.000000, 0.571690, 0.820470),
      ["RightLowerLeg"] = CFrame.new(0.000000, 0.110613, -0.079202, 1.000000, 0.000000, 0.000000, -0.000000, 0.195836, 0.980640, 0.000000, -0.980637, 0.195821),
      ["RightUpperArm"] = CFrame.new(0.014491, 0.080823, 0.005261, -0.997951, 0.063223, -0.009867, -0.062566, -0.931758, 0.357650, 0.013419, 0.357534, 0.933803),
      ["RightUpperLeg"] = CFrame.new(0.258418, 0.635645, -0.081047, 0.808976, -0.426716, 0.404297, -0.235043, -0.865241, -0.442834, 0.538806, 0.263194, -0.800276),
      ["UpperTorso"] = CFrame.new(0.030209, -0.077743, 0.097489, 0.999850, -0.005132, 0.016558, -0.006639, 0.768967, 0.639254, -0.016013, -0.639268, 0.768818)
    }},
    {Time = 0.233, Data = {
      ["Head"] = CFrame.new(3.364520, -1.861357, 0.240819, -0.997495, 0.063409, 0.031355, -0.023126, 0.126577, -0.991687, -0.066851, -0.989928, -0.124794),
      ["LeftFoot"] = CFrame.new(0.000000, 0.030588, -0.000000, 0.982132, -0.143956, -0.121209, 0.164484, 0.969624, 0.181062, 0.091437, -0.197755, 0.975974),
      ["LeftHand"] = CFrame.new(0.000500, 0.000100, -0.000000, 0.998674, 0.033727, 0.038897, -0.034986, 0.998870, 0.032161, -0.037768, -0.033478, 0.998726),
      ["LeftLowerArm"] = CFrame.new(0.005666, 0.031567, 0.034028, 1.000000, -0.000000, -0.000000, 0.000000, 0.764492, -0.644633, 0.000000, 0.644633, 0.764493),
      ["LeftLowerLeg"] = CFrame.new(-0.000000, 0.122824, -0.075437, 1.000000, -0.000000, -0.000000, 0.000000, 0.219212, 0.975679, -0.000000, -0.975677, 0.219205),
      ["LeftUpperArm"] = CFrame.new(0.017814, 0.116835, -0.015448, -0.996867, -0.071356, -0.034127, 0.053284, -0.924689, 0.376977, -0.058456, 0.373977, 0.925594),
      ["LeftUpperLeg"] = CFrame.new(-0.377086, 0.745184, 0.102857, 0.937813, 0.329160, 0.110333, 0.270947, -0.495380, -0.825334, -0.217012, 0.803899, -0.553760),
      ["LowerTorso"] = CFrame.new(-0.090320, 0.753624, 0.525655, -0.999729, -0.014277, 0.018399, -0.007688, -0.543422, -0.839425, 0.021983, -0.839338, 0.543165),
      ["RightFoot"] = CFrame.new(0.000000, 0.016638, -0.000101, 0.956920, 0.222113, 0.187033, -0.136200, 0.912154, -0.386584, -0.256424, 0.344442, 0.903090),
      ["RightHand"] = CFrame.new(-0.000500, 0.000000, 0.000000, 0.999992, -0.003397, 0.002252, 0.003462, 0.999559, -0.029487, -0.002151, 0.029495, 0.999563),
      ["RightLowerArm"] = CFrame.new(-0.011635, 0.017169, 0.015396, 1.000000, 0.000000, 0.000000, -0.000000, 0.807942, -0.589263, -0.000000, 0.589262, 0.807942),
      ["RightLowerLeg"] = CFrame.new(0.000000, 0.110664, -0.079395, 1.000000, 0.000000, 0.000000, -0.000000, 0.193858, 0.981032, 0.000000, -0.981030, 0.193843),
      ["RightUpperArm"] = CFrame.new(0.014502, 0.080531, 0.004747, -0.997973, 0.062828, -0.010145, -0.061981, -0.923303, 0.379038, 0.014447, 0.378898, 0.925326),
      ["RightUpperLeg"] = CFrame.new(0.258418, 0.635645, -0.081047, 0.808518, -0.431420, 0.400202, -0.235646, -0.860563, -0.451544, 0.539231, 0.270755, -0.797462),
      ["UpperTorso"] = CFrame.new(0.030209, -0.077743, 0.097489, 0.999854, -0.005186, 0.016308, -0.006612, 0.761904, 0.647656, -0.015783, -0.647669, 0.761758)
    }},
    {Time = 0.250, Data = {
      ["Head"] = CFrame.new(3.364532, -1.861776, 0.240388, -0.997498, 0.063340, 0.031388, -0.022924, 0.130188, -0.991224, -0.066871, -0.989464, -0.128410),
      ["LeftFoot"] = CFrame.new(0.000000, 0.030576, -0.000000, 0.981903, -0.144871, -0.121979, 0.165186, 0.970199, 0.177304, 0.092633, -0.194235, 0.976568),
      ["LeftHand"] = CFrame.new(0.000500, 0.000100, -0.000000, 0.998674, 0.033727, 0.038897, -0.034986, 0.998870, 0.032161, -0.037768, -0.033478, 0.998726),
      ["LeftLowerArm"] = CFrame.new(0.005666, 0.032207, 0.034571, 1.000000, -0.000000, -0.000000, 0.000000, 0.759054, -0.651027, 0.000000, 0.651027, 0.759054),
      ["LeftLowerLeg"] = CFrame.new(-0.000000, 0.122781, -0.075272, 1.000000, -0.000000, -0.000000, 0.000000, 0.220917, 0.975294, -0.000000, -0.975293, 0.220909),
      ["LeftUpperArm"] = CFrame.new(0.017821, 0.116647, -0.015729, -0.996854, -0.071494, -0.034221, 0.052908, -0.921676, 0.384337, -0.059019, 0.381317, 0.922558),
      ["LeftUpperLeg"] = CFrame.new(-0.377086, 0.745184, 0.102857, 0.937646, 0.329317, 0.111282, 0.270599, -0.490641, -0.828274, -0.218167, 0.806735, -0.549162),
      ["LowerTorso"] = CFrame.new(-0.090320, 0.753624, 0.525655, -0.999729, -0.014277, 0.018399, -0.007688, -0.543422, -0.839425, 0.021983, -0.839338, 0.543165),
      ["RightFoot"] = CFrame.new(0.000000, 0.016646, -0.000101, 0.956830, 0.222341, 0.187225, -0.135244, 0.910647, -0.390454, -0.257265, 0.348263, 0.901384),
      ["RightHand"] = CFrame.new(-0.000500, 0.000000, 0.000000, 0.999992, -0.003397, 0.002252, 0.003462, 0.999559, -0.029487, -0.002151, 0.029495, 0.999563),
      ["RightLowerArm"] = CFrame.new(-0.011635, 0.017787, 0.015848, 1.000000, 0.000000, 0.000000, -0.000000, 0.803408, -0.595429, -0.000000, 0.595429, 0.803408),
      ["RightLowerLeg"] = CFrame.new(-0.000000, 0.110681, -0.079458, 1.000000, 0.000000, 0.000000, -0.000000, 0.193212, 0.981160, 0.000000, -0.981157, 0.193197),
      ["RightUpperArm"] = CFrame.new(0.014506, 0.080424, 0.004566, -0.997981, 0.062686, -0.010242, -0.061767, -0.920188, 0.386572, 0.014808, 0.386424, 0.922202),
      ["RightUpperLeg"] = CFrame.new(0.258418, 0.635645, -0.081047, 0.808353, -0.433100, 0.398719, -0.235862, -0.858861, -0.454660, 0.539383, 0.273463, -0.796434),
      ["UpperTorso"] = CFrame.new(0.030209, -0.077743, 0.097489, 0.999855, -0.005204, 0.016219, -0.006602, 0.759374, 0.650622, -0.015702, -0.650634, 0.759229)
    }},
    {Time = 0.267, Data = {
      ["Head"] = CFrame.new(3.364518, -1.861296, 0.240881, -0.997494, 0.063419, 0.031350, -0.023155, 0.126057, -0.991753, -0.066848, -0.989994, -0.124273),
      ["LeftFoot"] = CFrame.new(0.000000, 0.030590, -0.000000, 0.982166, -0.143824, -0.121097, 0.164383, 0.969539, 0.181606, 0.091265, -0.198264, 0.975887),
      ["LeftHand"] = CFrame.new(0.000500, 0.000100, -0.000000, 0.998674, 0.033727, 0.038897, -0.034986, 0.998870, 0.032161, -0.037768, -0.033478, 0.998726),
      ["LeftLowerArm"] = CFrame.new(0.005666, 0.031474, 0.033950, 1.000000, -0.000000, -0.000000, 0.000000, 0.765272, -0.643707, 0.000000, 0.643707, 0.765272),
      ["LeftLowerLeg"] = CFrame.new(-0.000000, 0.122830, -0.075460, 1.000000, -0.000000, -0.000000, 0.000000, 0.218970, 0.975733, -0.000000, -0.975732, 0.218963),
