return {
    ["VEDANT'S FLY IDLE"] = {
        {
            Time = 0.000,
            Data = {
                ["RightFoot"] = CFrame.new(-0.000000, 0.016898, -0.000103, 0.999876, 0.012072, 0.010162, -0.012603, 0.998534, 0.052649, -0.009483, -0.052765, 0.998561),
                ["LeftLowerArm"] = CFrame.new(0.005666, 0.011433, 0.020866, 1.000000, -0.000000, -0.000000, 0.000000, 0.896312, -0.443424, 0.000000, 0.443425, 0.896312),
                ["LeftFoot"] = CFrame.new(0.000000, 0.001552, 0.000003, 0.995809, -0.069967, -0.058913, 0.066887, 0.996371, -0.052597, 0.062379, 0.048470, 0.996877),
                ["Head"] = CFrame.new(-0.003107, 0.068928, 0.157247, 0.998047, 0.018744, -0.059596, -0.006878, 0.981097, 0.193396, 0.062094, -0.192609, 0.979309),
                ["RightUpperArm"] = CFrame.new(-0.029927, -0.071528, -0.087407, 0.936032, 0.023823, -0.351108, 0.274637, 0.574389, 0.771137, 0.220043, -0.818235, 0.531104),
                ["UpperTorso"] = CFrame.new(0.027641, -0.003608, -0.031994, 0.999439, 0.030929, 0.012847, -0.033327, 0.956367, 0.290260, -0.003309, -0.290525, 0.956862),
                ["HumanoidRootPart"] = CFrame.new(0.000000, 0.000000, 0.000000, 1.000000, 0.000000, 0.000000, 0.000000, 1.000000, 0.000000, 0.000000, 0.000000, 1.000000),
                ["RightHand"] = CFrame.new(-0.000500, 0.000000, -0.000000, 0.999992, -0.003397, 0.002252, 0.003462, 0.999559, -0.029487, -0.002151, 0.029495, 0.999563),
                ["LeftUpperArm"] = CFrame.new(0.060301, 0.082797, 0.096035, 0.982306, 0.175902, -0.064298, 0.018572, 0.250139, 0.968032, 0.186362, -0.952097, 0.242446),
                ["RightLowerArm"] = CFrame.new(-0.011635, -0.000854, 0.004960, 1.000000, 0.000000, 0.000000, -0.000000, 0.912477, -0.409128, -0.000000, 0.409128, 0.912477),
                ["LeftHand"] = CFrame.new(0.000500, 0.000100, -0.000000, 0.998674, 0.033727, 0.038897, -0.034986, 0.998870, 0.032161, -0.037768, -0.033478, 0.998726),
                ["LowerTorso"] = CFrame.new(-0.015500, 1.972950, 0.188637, -0.979063, -0.201327, 0.030035, 0.201332, -0.979519, -0.002902, 0.030004, 0.003206, 0.999545),
                ["RightUpperLeg"] = CFrame.new(-0.016717, -0.066243, -0.093048, 0.954506, -0.243952, 0.171489, 0.295252, 0.692540, -0.658164, 0.041768, 0.678878, 0.733084),
                ["RightLowerLeg"] = CFrame.new(-0.000000, 0.110289, -0.076158, 1.000000, 0.000000, 0.000000, -0.000000, 0.226475, 0.974024, 0.000000, -0.974017, 0.226445),
                ["LeftUpperLeg"] = CFrame.new(-0.000723, -0.097399, -0.061041, 0.996908, -0.071822, -0.031890, 0.078482, 0.930366, 0.358155, 0.003937, -0.359528, 0.933117),
                ["LeftLowerLeg"] = CFrame.new(0.000000, 0.092958, -0.060051, 1.000000, -0.000000, -0.000000, 0.000000, 0.399379, 0.916777, -0.000000, -0.916786, 0.399398),
            }
        },
        {
            Time = 0.016,
            Data = {
                ["RightFoot"] = CFrame.new(0.000000, 0.016887, -0.000103, 0.999876, 0.012072, 0.010162, -0.012603, 0.998535, 0.052636, -0.009484, -0.052752, 0.998562),
                ["LeftLowerArm"] = CFrame.new(0.005666, 0.011433, 0.020866, 1.000000, -0.000000, -0.000000, 0.000000, 0.896312, -0.443424, 0.000000, 0.443424, 0.896312),
                ["LeftFoot"] = CFrame.new(0.000000, 0.001551, 0.000002, 0.995809, -0.069966, -0.058912, 0.066887, 0.996371, -0.052591, 0.062378, 0.048463, 0.996877),
                ["Head"] = CFrame.new(-0.003107, 0.068928, 0.157247, 0.998047, 0.018744, -0.059596, -0.006878, 0.981097, 0.193396, 0.062094, -0.192609, 0.979309),
                ["RightUpperArm"] = CFrame.new(-0.029927, -0.071532, -0.087407, 0.936034, 0.023815, -0.351102, 0.274632, 0.574405, 0.771127, 0.220039, -0.818225, 0.531122),
                ["UpperTorso"] = CFrame.new(0.027641, -0.003608, -0.031994, 0.999439, 0.030929, 0.012847, -0.033327, 0.956367, 0.290260, -0.003309, -0.290525, 0.956862),
                ["HumanoidRootPart"] = CFrame.new(0.000000, 0.000000, 0.000000, 1.000000, 0.000000, 0.000000, 0.000000, 1.000000, 0.000000, 0.000000, 0.000000, 1.000000),
                ["RightHand"] = CFrame.new(-0.000500, -0.000000, -0.000000, 0.999992, -0.003397, 0.002252, 0.003462, 0.999559, -0.029487, -0.002151, 0.029495, 0.999563),
                ["LeftUpperArm"] = CFrame.new(0.060307, 0.082773, 0.096031, 0.982306, 0.175897, -0.064298, 0.018569, 0.250157, 0.968027, 0.186358, -0.952093, 0.242465),
                ["RightLowerArm"] = CFrame.new(-0.011635, -0.000854, 0.004960, 1.000000, 0.000000, 0.000000, -0.000000, 0.912477, -0.409128, -0.000000, 0.409128, 0.912477),
                ["LeftHand"] = CFrame.new(0.000500, 0.000100, -0.000000, 0.998674, 0.033727, 0.038897, -0.034986, 0.998870, 0.032161, -0.037768, -0.033478, 0.998726),
                ["LowerTorso"] = CFrame.new(-0.015500, 1.972959, 0.188637, -0.979063, -0.201327, 0.030035, 0.201332, -0.979519, -0.002902, 0.030004, 0.003206, 0.999545),
                ["RightUpperLeg"] = CFrame.new(-0.016717, -0.066244, -0.093048, 0.954506, -0.243949, 0.171492, 0.295252, 0.692530, -0.658174, 0.041768, 0.678889, 0.733074),
                ["RightLowerLeg"] = CFrame.new(-0.000000, 0.110279, -0.076161, 1.000000, 0.000000, 0.000000, -0.000000, 0.226448, 0.974030, 0.000000, -0.974023, 0.226418),
                ["LeftUpperLeg"] = CFrame.new(-0.000723, -0.097399, -0.061041, 0.996908, -0.071823, -0.031890, 0.078483, 0.930366, 0.358155, 0.003937, -0.359528, 0.933117),
                ["LeftLowerLeg"] = CFrame.new(-0.000000, 0.092958, -0.060051, 1.000000, -0.000000, -0.000000, 0.000000, 0.399385, 0.916775, -0.000000, -0.916783, 0.399404),
            }
        },
        {
            Time = 0.033,
            Data = {
                ["RightFoot"] = CFrame.new(-0.000000, 0.016854, -0.000103, 0.999876, 0.012073, 0.010162, -0.012603, 0.998537, 0.052599, -0.009484, -0.052715, 0.998564),
                ["LeftLowerArm"] = CFrame.new(0.005666, 0.011433, 0.020866, 1.000000, -0.000000, -0.000000, 0.000000, 0.896312, -0.443424, 0.000000, 0.443425, 0.896312),
                ["LeftFoot"] = CFrame.new(0.000000, 0.001551, 0.000003, 0.995809, -0.069965, -0.058911, 0.066887, 0.996373, -0.052570, 0.062375, 0.048443, 0.996878),
                ["Head"] = CFrame.new(-0.003107, 0.068928, 0.157247, 0.998047, 0.018744, -0.059596, -0.006878, 0.981097, 0.193396, 0.062094, -0.192609, 0.979309),
                ["RightUpperArm"] = CFrame.new(-0.029926, -0.071541, -0.087407, 0.936041, 0.023793, -0.351085, 0.274618, 0.574450, 0.771098, 0.220028, -0.818194, 0.531174),
                ["UpperTorso"] = CFrame.new(0.027641, -0.003608, -0.031994, 0.999439, 0.030929, 0.012847, -0.033327, 0.956367, 0.290260, -0.003309, -0.290525, 0.956862),
                ["HumanoidRootPart"] = CFrame.new(0.000000, 0.000000, 0.000000, 1.000000, 0.000000, 0.000000, 0.000000, 1.000000, 0.000000, 0.000000, 0.000000, 1.000000),
                ["RightHand"] = CFrame.new(-0.000500, 0.000000, 0.000000, 0.999992, -0.003397, 0.002252, 0.003462, 0.999559, -0.029487, -0.002151, 0.029495, 0.999563),
                ["LeftUpperArm"] = CFrame.new(0.060325, 0.082700, 0.096021, 0.982309, 0.175884, -0.064297, 0.018561, 0.250211, 0.968013, 0.186346, -0.952082, 0.242520),
                ["RightLowerArm"] = CFrame.new(-0.011635, -0.000854, 0.004960, 1.000000, 0.000000, 0.000000, -0.000000, 0.912477, -0.409128, -0.000000, 0.409128, 0.912477),
                ["LeftHand"] = CFrame.new(0.000500, 0.000100, 0.000000, 0.998674, 0.033727, 0.038897, -0.034986, 0.998870, 0.032161, -0.037768, -0.033478, 0.998726),
                ["LowerTorso"] = CFrame.new(-0.015500, 1.972984, 0.188637, -0.979063, -0.201327, 0.030035, 0.201332, -0.979519, -0.002902, 0.030004, 0.003206, 0.999545),
                ["RightUpperLeg"] = CFrame.new(-0.016717, -0.066244, -0.093048, 0.954506, -0.243942, 0.171504, 0.295253, 0.692501, -0.658205, 0.041768, 0.678922, 0.733043),
                ["RightLowerLeg"] = CFrame.new(-0.000000, 0.110253, -0.076172, 1.000000, 0.000000, 0.000000, -0.000000, 0.226369, 0.974049, 0.000000, -0.974042, 0.226339),
                ["LeftUpperLeg"] = CFrame.new(-0.000723, -0.097399, -0.061041, 0.996908, -0.071824, -0.031889, 0.078484, 0.930367, 0.358153, 0.003936, -0.359526, 0.933118),
                ["LeftLowerLeg"] = CFrame.new(0.000000, 0.092957, -0.060049, 1.000000, -0.000000, -0.000000, 0.000000, 0.399402, 0.916768, -0.000000, -0.916776, 0.399421),
            }
        },
        {
            Time = 0.050,
            Data = {
                ["RightFoot"] = CFrame.new(-0.000000, 0.016799, -0.000104, 0.999876, 0.012073, 0.010163, -0.012603, 0.998540, 0.052538, -0.009485, -0.052655, 0.998567),
                ["LeftLowerArm"] = CFrame.new(0.005666, 0.011433, 0.020866, 1.000000, -0.000000, -0.000000, 0.000000, 0.896312, -0.443424, 0.000000, 0.443425, 0.896312),
                ["LeftFoot"] = CFrame.new(-0.000000, 0.001551, 0.000003, 0.995809, -0.069962, -0.058909, 0.066887, 0.996374, -0.052537, 0.062371, 0.048410, 0.996880),
                ["Head"] = CFrame.new(-0.003107, 0.068928, 0.157247, 0.998047, 0.018744, -0.059596, -0.006878, 0.981097, 0.193396, 0.062094, -0.192609, 0.979309),
                ["RightUpperArm"] = CFrame.new(-0.029925, -0.071558, -0.087406, 0.936052, 0.023757, -0.351057, 0.274594, 0.574524, 0.771051, 0.220009, -0.818143, 0.531261),
                ["UpperTorso"] = CFrame.new(0.027641, -0.003608, -0.031994, 0.999439, 0.030929, 0.012847, -0.033327, 0.956367, 0.290260, -0.003309, -0.290525, 0.956862),
                ["HumanoidRootPart"] = CFrame.new(0.000000, 0.000000, 0.000000, 1.000000, 0.000000, 0.000000, 0.000000, 1.000000, 0.000000, 0.000000, 0.000000, 1.000000),
                ["RightHand"] = CFrame.new(-0.000500, 0.000000, -0.000000, 0.999992, -0.003397, 0.002252, 0.003462, 0.999559, -0.029487, -0.002151, 0.029495, 0.999563),
                ["LeftUpperArm"] = CFrame.new(0.060354, 0.082581, 0.096005, 0.982313, 0.175862, -0.064296, 0.018548, 0.250299, 0.967991, 0.186326, -0.952062, 0.242610),
                ["RightLowerArm"] = CFrame.new(-0.011635, -0.000854, 0.004960, 1.000000, 0.000000, 0.000000, -0.000000, 0.912477, -0.409128, -0.000000, 0.409128, 0.912477),
                ["LeftHand"] = CFrame.new(0.000500, 0.000100, -0.000000, 0.998674, 0.033727, 0.038897, -0.034986, 0.998870, 0.032161, -0.037768, -0.033478, 0.998726),
                ["LowerTorso"] = CFrame.new(-0.015500, 1.973025, 0.188637, -0.979063, -0.201327, 0.030035, 0.201332, -0.979519, -0.002902, 0.030004, 0.003206, 0.999545),
                ["RightUpperLeg"] = CFrame.new(-0.016717, -0.066243, -0.093048, 0.954506, -0.243930, 0.171521, 0.295253, 0.692453, -0.658256, 0.041768, 0.678975, 0.732994),
                ["RightLowerLeg"] = CFrame.new(-0.000000, 0.110210, -0.076191, 1.000000, 0.000000, 0.000000, -0.000000, 0.226239, 0.974079, 0.000000, -0.974072, 0.226208),
                ["LeftUpperLeg"] = CFrame.new(-0.000723, -0.097399, -0.061040, 0.996907, -0.071827, -0.031887, 0.078486, 0.930368, 0.358151, 0.003933, -0.359523, 0.933119),
                ["LeftLowerLeg"] = CFrame.new(-0.000000, 0.092956, -0.060046, 1.000000, -0.000000, -0.000000, 0.000000, 0.399429, 0.916755, -0.000000, -0.916764, 0.399449),
            }
        },
        {
            Time = 0.066,
            Data = {
                ["RightFoot"] = CFrame.new(0.000000, 0.016722, -0.000103, 0.999876, 0.012073, 0.010163, -0.012602, 0.998544, 0.052455, -0.009487, -0.052571, 0.998572),
                ["LeftLowerArm"] = CFrame.new(0.005666, 0.011433, 0.020866, 1.000000, -0.000000, -0.000000, 0.000000, 0.896312, -0.443424, 0.000000, 0.443425, 0.896312),
                ["LeftFoot"] = CFrame.new(-0.000000, 0.001551, 0.000003, 0.995810, -0.069959, -0.058907, 0.066887, 0.996377, -0.052490, 0.062365, 0.048364, 0.996883),
                ["Head"] = CFrame.new(-0.003107, 0.068928, 0.157247, 0.998047, 0.018744, -0.059596, -0.006878, 0.981097, 0.193396, 0.062094, -0.192609, 0.979309),
                ["RightUpperArm"] = CFrame.new(-0.029923, -0.071581, -0.087405, 0.936068, 0.023707, -0.351018, 0.274561, 0.574628, 0.770986, 0.219983, -0.818072, 0.531382),
                ["UpperTorso"] = CFrame.new(0.027641, -0.003608, -0.031994, 0.999439, 0.030929, 0.012847, -0.033327, 0.956367, 0.290260, -0.003309, -0.290525, 0.956862),
                ["HumanoidRootPart"] = CFrame.new(0.000000, 0.000000, 0.000000, 1.000000, 0.000000, 0.000000, 0.000000, 1.000000, 0.000000, 0.000000, 0.000000, 1.000000),
                ["RightHand"] = CFrame.new(-0.000500, 0.000000, -0.000000, 0.999992, -0.003397, 0.002252, 0.003462, 0.999559, -0.029487, -0.002151, 0.029495, 0.999563),
                ["LeftUpperArm"] = CFrame.new(0.060394, 0.082414, 0.095982, 0.982318, 0.175832, -0.064294, 0.018529, 0.250422, 0.967959, 0.186299, -0.952036, 0.242736),
                ["RightLowerArm"] = CFrame.new(-0.011635, -0.000854, 0.004960, 1.000000, 0.000000, 0.000000, -0.000000, 0.912477, -0.409128, -0.000000, 0.409128, 0.912477),
                ["LeftHand"] = CFrame.new(0.000500, 0.000100, -0.000000, 0.998674, 0.033727, 0.038897, -0.034986, 0.998870, 0.032161, -0.037768, -0.033478, 0.998726),
                ["LowerTorso"] = CFrame.new(-0.015500, 1.973083, 0.188637, -0.979063, -0.201327, 0.030035, 0.201332, -0.979519, -0.002902, 0.030004, 0.003206, 0.999545),
                ["RightUpperLeg"] = CFrame.new(-0.016717, -0.066244, -0.093048, 0.954505, -0.243913, 0.171547, 0.295254, 0.692386, -0.658326, 0.041768, 0.679050, 0.732925),
                ["RightLowerLeg"] = CFrame.new(-0.000000, 0.110151, -0.076215, 1.000000, 0.000000, 0.000000, -0.000000, 0.226058, 0.974121, 0.000000, -0.974114, 0.226027),
                ["LeftUpperLeg"] = CFrame.new(-0.000723, -0.097399, -0.061041, 0.996907, -0.071831, -0.031885, 0.078489, 0.930369, 0.358147, 0.003931, -0.359520, 0.933121),
                ["LeftLowerLeg"] = CFrame.new(0.000000, 0.092955, -0.060042, 1.000000, -0.000000, -0.000000, 0.000000, 0.399468, 0.916739, -0.000000, -0.916747, 0.399488),
            }
        },
        {
            Time = 0.083,
            Data = {
                ["RightFoot"] = CFrame.new(-0.000000, 0.016624, -0.000104, 0.999876, 0.012074, 0.010163, -0.012602, 0.998550, 0.052347, -0.009489, -0.052464, 0.998577),
                ["LeftLowerArm"] = CFrame.new(0.005666, 0.011433, 0.020866, 1.000000, -0.000000, -0.000000, 0.000000, 0.896312, -0.443424, 0.000000, 0.443424, 0.896312),
                ["LeftFoot"] = CFrame.new(-0.000000, 0.001550, 0.000003, 0.995810, -0.069955, -0.058903, 0.066887, 0.996380, -0.052432, 0.062358, 0.048306, 0.996886),
                ["Head"] = CFrame.new(-0.003107, 0.068928, 0.157247, 0.998047, 0.018744, -0.059596, -0.006878, 0.981097, 0.193396, 0.062094, -0.192609, 0.979309),
                ["RightUpperArm"] = CFrame.new(-0.029920, -0.071610, -0.087403, 0.936088, 0.023643, -0.350969, 0.274519, 0.574760, 0.770903, 0.219949, -0.817981, 0.531536),
                ["UpperTorso"] = CFrame.new(0.027641, -0.003608, -0.031994, 0.999439, 0.030929, 0.012847, -0.033327, 0.956367, 0.290260, -0.003309, -0.290525, 0.956862),
                ["HumanoidRootPart"] = CFrame.new(0.000000, 0.000000, 0.000000, 1.000000, 0.000000, 0.000000, 0.000000, 1.000000, 0.000000, 0.000000, 0.000000, 1.000000),
                ["RightHand"] = CFrame.new(-0.000500, 0.000000, -0.000000, 0.999992, -0.003397, 0.002252, 0.003462, 0.999559, -0.029487, -0.002151, 0.029495, 0.999563),
                ["LeftUpperArm"] = CFrame.new(0.060446, 0.082202, 0.095953, 0.982326, 0.175793, -0.064291, 0.018506, 0.250578, 0.967919, 0.186263, -0.952002, 0.242896),
                ["RightLowerArm"] = CFrame.new(-0.011635, -0.000854, 0.004960, 1.000000, 0.000000, 0.000000, -0.000000, 0.912477, -0.409128, -0.000000, 0.409128, 0.912477),
                ["LeftHand"] = CFrame.new(0.000500, 0.000100, -0.000000, 0.998674, 0.033727, 0.038897, -0.034986, 0.998870, 0.032161, -0.037768, -0.033478, 0.998726),
                ["LowerTorso"] = CFrame.new(-0.015500, 1.973156, 0.188637, -0.979063, -0.201327, 0.030035, 0.201332, -0.979519, -0.002902, 0.030004, 0.003206, 0.999545),
                ["RightUpperLeg"] = CFrame.new(-0.016717, -0.066244, -0.093048, 0.954505, -0.243891, 0.171579, 0.295254, 0.692300, -0.658416, 0.041768, 0.679145, 0.732837),
                ["RightLowerLeg"] = CFrame.new(-0.000000, 0.110075, -0.076246, 1.000000, 0.000000, 0.000000, -0.000000, 0.225827, 0.974174, 0.000000, -0.974167, 0.225796),
                ["LeftUpperLeg"] = CFrame.new(-0.000723, -0.097399, -0.061041, 0.996907, -0.071836, -0.031883, 0.078493, 0.930370, 0.358142, 0.003927, -0.359515, 0.933123),
                ["LeftLowerLeg"] = CFrame.new(0.000000, 0.092951, -0.060038, 1.000000, -0.000000, -0.000000, 0.000000, 0.399517, 0.916717, -0.000000, -0.916726, 0.399536),
            }
        },
        {
            Time = 0.100,
            Data = {
                ["RightFoot"] = CFrame.new(-0.000000, 0.016523, -0.000104, 0.999876, 0.012074, 0.010164, -0.012602, 0.998556, 0.052229, -0.009491, -0.052346, 0.998583),
                ["LeftLowerArm"] = CFrame.new(0.005666, 0.011433, 0.020866, 1.000000, -0.000000, -0.000000, 0.000000, 0.896312, -0.443424, 0.000000, 0.443425, 0.896312),
                ["LeftFoot"] = CFrame.new(-0.000000, 0.001550, 0.000002, 0.995811, -0.069950, -0.058899, 0.066886, 0.996384, -0.052360, 0.062348, 0.048235, 0.996890),
                ["Head"] = CFrame.new(-0.003107, 0.068928, 0.157247, 0.998047, 0.018744, -0.059596, -0.006878, 0.981097, 0.193396, 0.062094, -0.192609, 0.979309),
                ["RightUpperArm"] = CFrame.new(-0.029918, -0.071644, -0.087401, 0.936113, 0.023565, -0.350909, 0.274469, 0.574919, 0.770801, 0.219908, -0.817871, 0.531722),
                ["UpperTorso"] = CFrame.new(0.027641, -0.003608, -0.031994, 0.999439, 0.030929, 0.012847, -0.033327, 0.956367, 0.290260, -0.003309, -0.290525, 0.956862),
                ["HumanoidRootPart"] = CFrame.new(0.000000, 0.000000, 0.000000, 1.000000, 0.000000, 0.000000, 0.000000, 1.000000, 0.000000, 0.000000, 0.000000, 1.000000),
                ["RightHand"] = CFrame.new(-0.000500, -0.000000, -0.000000, 0.999992, -0.003397, 0.002252, 0.003462, 0.999559, -0.029487, -0.002151, 0.029495, 0.999563),
                ["LeftUpperArm"] = CFrame.new(0.060509, 0.081945, 0.095918, 0.982334, 0.175746, -0.064288, 0.018478, 0.250768, 0.967871, 0.186221, -0.951961, 0.243091),
                ["RightLowerArm"] = CFrame.new(-0.011635, -0.000854, 0.004960, 1.000000, 0.000000, 0.000000, -0.000000, 0.912477, -0.409128, -0.000000, 0.409128, 0.912477),
                ["LeftHand"] = CFrame.new(0.000500, 0.000100, 0.000000, 0.998674, 0.033727, 0.038897, -0.034986, 0.998870, 0.032161, -0.037768, -0.033478, 0.998726),
                ["LowerTorso"] = CFrame.new(-0.015500, 1.973245, 0.188637, -0.979063, -0.201327, 0.030035, 0.201332, -0.979519, -0.002902, 0.030004, 0.003206, 0.999545),
                ["RightUpperLeg"] = CFrame.new(-0.016717, -0.066244, -0.093048, 0.954505, -0.243868, 0.171613, 0.295256, 0.692210, -0.658510, 0.041768, 0.679245, 0.732744),
                ["RightLowerLeg"] = CFrame.new(-0.000000, 0.109992, -0.076280, 1.000000, 0.000000, 0.000000, -0.000000, 0.225579, 0.974232, 0.000000, -0.974225, 0.225548),
                ["LeftUpperLeg"] = CFrame.new(-0.000723, -0.097399, -0.061041, 0.996907, -0.071842, -0.031880, 0.078497, 0.930372, 0.358136, 0.003922, -0.359509, 0.933125),
                ["LeftLowerLeg"] = CFrame.new(0.000000, 0.092949, -0.060032, 1.000000, -0.000000, -0.000000, 0.000000, 0.399577, 0.916691, -0.000000, -0.916700, 0.399597),
            }
        },
        {
            Time = 0.116,
            Data = {
                ["RightFoot"] = CFrame.new(0.000000, 0.016409, -0.000104, 0.999876, 0.012075, 0.010165, -0.012601, 0.998563, 0.052096, -0.009493, -0.052213, 0.998590),
                ["LeftLowerArm"] = CFrame.new(0.005666, 0.011433, 0.020866, 1.000000, -0.000000, -0.000000, 0.000000, 0.896312, -0.443424, 0.000000, 0.443424, 0.896312),
                ["LeftFoot"] = CFrame.new(-0.000000, 0.001549, 0.000003, 0.995811, -0.069945, -0.058894, 0.066886, 0.996388, -0.052276, 0.062338, 0.048152, 0.996895),
                ["Head"] = CFrame.new(-0.003107, 0.068928, 0.157247, 0.998047, 0.018744, -0.059596, -0.006878, 0.981097, 0.193396, 0.062094, -0.192609, 0.979309),
                ["RightUpperArm"] = CFrame.new(-0.029914, -0.071686, -0.087399, 0.936142, 0.023474, -0.350839, 0.274409, 0.575107, 0.770683, 0.219860, -0.817742, 0.531940),
                ["UpperTorso"] = CFrame.new(0.027641, -0.003608, -0.031994, 0.999439, 0.030929, 0.012847, -0.033327, 0.956367, 0.290260, -0.003309, -0.290525, 0.956862),
                ["HumanoidRootPart"] = CFrame.new(0.000000, 0.000000, 0.000000, 1.000000, 0.000000, 0.000000, 0.000000, 1.000000, 0.000000, 0.000000, 0.000000, 1.000000),
                ["RightHand"] = CFrame.new(-0.000500, 0.000000, -0.000000, 0.999992, -0.003397, 0.002252, 0.003462, 0.999559, -0.029487, -0.002151, 0.029495, 0.999563),
                ["LeftUpperArm"] = CFrame.new(0.060583, 0.081644, 0.095877, 0.982344, 0.175691, -0.064284, 0.018444, 0.250990, 0.967814, 0.186171, -0.951912, 0.243318),
                ["RightLowerArm"] = CFrame.new(-0.011635, -0.000854, 0.004960, 1.000000, 0.000000, 0.000000, -0.000000, 0.912477, -0.409128, -0.000000, 0.409128, 0.912477),
                ["LeftHand"] = CFrame.new(0.000500, 0.000100, -0.000000, 0.998674, 0.033727, 0.038897, -0.034986, 0.998870, 0.032161, -0.037768, -0.033478, 0.998726),
                ["LowerTorso"] = CFrame.new(-0.015500, 1.973349, 0.188637, -0.979063, -0.201327, 0.030035, 0.201332, -0.979519, -0.002902, 0.030004, 0.003206, 0.999545),
                ["RightUpperLeg"] = CFrame.new(-0.016717, -0.066243, -0.093048, 0.954505, -0.243843, 0.171650, 0.295256, 0.692109, -0.658615, 0.041768, 0.679356, 0.732641),
                ["RightLowerLeg"] = CFrame.new(-0.000000, 0.109896, -0.076318, 1.000000, 0.000000, 0.000000, -0.000000, 0.225301, 0.974297, 0.000000, -0.974289, 0.225269),
                ["LeftUpperLeg"] = CFrame.new(-0.000723, -0.097399, -0.061041, 0.996906, -0.071849, -0.031876, 0.078503, 0.930374, 0.358130, 0.003917, -0.359502, 0.933127),
                ["LeftLowerLeg"] = CFrame.new(0.000000, 0.092946, -0.060025, 1.000000, -0.000000, -0.000000, 0.000000, 0.399647, 0.916661, -0.000000, -0.916669, 0.399667),
            }
        },
        {
            Time = 0.133,
            Data = {
                ["RightFoot"] = CFrame.new(0.000000, 0.016279, -0.000103, 0.999876, 0.012076, 0.010165, -0.012601, 0.998571, 0.051943, -0.009496, -0.052060, 0.998598),
                ["LeftLowerArm"] = CFrame.new(0.005665, 0.011433, 0.020866, 1.000000, -0.000000, -0.000000, -0.000000, 0.896312, -0.443424, 0.000000, 0.443425, 0.896312),
                ["LeftFoot"] = CFrame.new(-0.000000, 0.001549, 0.000002, 0.995812, -0.069938, -0.058889, 0.066886, 0.996393, -0.052180, 0.062326, 0.048057, 0.996900),
                ["Head"] = CFrame.new(-0.003107, 0.068928, 0.157247, 0.998047, 0.018744, -0.059596, -0.006878, 0.981097, 0.193396, 0.062094, -0.192609, 0.979309),
                ["RightUpperArm"] = CFrame.new(-0.029910, -0.071732, -0.087396, 0.936174, 0.023369, -0.350758, 0.274341, 0.575321, 0.770547, 0.219806, -0.817594, 0.532189),
                ["UpperTorso"] = CFrame.new(0.027641, -0.003608, -0.031994, 0.999439, 0.030929, 0.012847, -0.033327, 0.956367, 0.290260, -0.003309, -0.290525, 0.956862),
                ["HumanoidRootPart"] = CFrame.new(0.000000, 0.000000, 0.000000, 1.000000, 0.000000, 0.000000, 0.000000, 1.000000, 0.000000, 0.000000, 0.000000, 1.000000),
                ["RightHand"] = CFrame.new(-0.000500, 0.000000, 0.000000, 0.999992, -0.003397, 0.002252, 0.003462, 0.999559, -0.029487, -0.002151, 0.029495, 0.999563),
                ["LeftUpperArm"] = CFrame.new(0.060667, 0.081300, 0.095830, 0.982356, 0.175628, -0.064280, 0.018406, 0.251244, 0.967749, 0.186114, -0.951857, 0.243579),
                ["RightLowerArm"] = CFrame.new(-0.011635, -0.000854, 0.004960, 1.000000, 0.000000, 0.000000, -0.000000, 0.912477, -0.409128, -0.000000, 0.409128, 0.912477),
                ["LeftHand"] = CFrame.new(0.000500, 0.000100, -0.000000, 0.998674, 0.033727, 0.038897, -0.034986, 0.998870, 0.032160, -0.037768, -0.033478, 0.998726),
                ["LowerTorso"] = CFrame.new(-0.015500, 1.973468, 0.188637, -0.979063, -0.201327, 0.030035, 0.201332, -0.979519, -0.002902, 0.030004, 0.003206, 0.999545),
                ["RightUpperLeg"] = CFrame.new(-0.016717, -0.066243, -0.093048, 0.954504, -0.243814, 0.171694, 0.295258, 0.691994, -0.658736, 0.041768, 0.679484, 0.732522),
                ["RightLowerLeg"] = CFrame.new(-0.000000, 0.109788, -0.076362, 1.000000, 0.000000, 0.000000, -0.000000, 0.224981, 0.974370, 0.000000, -0.974363, 0.224950),
                ["LeftUpperLeg"] = CFrame.new(-0.000723, -0.097399, -0.061041, 0.996906, -0.071857, -0.031872, 0.078509, 0.930377, 0.358122, 0.003911, -0.359494, 0.933131),
                ["LeftLowerLeg"] = CFrame.new(0.000000, 0.092942, -0.060017, 1.000000, -0.000000, -0.000000, 0.000000, 0.399727, 0.916626, -0.000000, -0.916634, 0.399746),
            }
        },
        {
            Time = 0.150,
            Data = {
                ["RightFoot"] = CFrame.new(-0.000000, 0.016134, -0.000104, 0.999875, 0.012077, 0.010166, -0.012601, 0.998580, 0.051772, -0.009499, -0.051890, 0.998607),
                ["LeftLowerArm"] = CFrame.new(0.005666, 0.011433, 0.020866, 1.000000, -0.000000, -0.000000, 0.000000, 0.896312, -0.443424, 0.000000, 0.443424, 0.896312),
                ["LeftFoot"] = CFrame.new(-0.000000, 0.001548, 0.000003, 0.995813, -0.069931, -0.058883, 0.066886, 0.996399, -0.052072, 0.062312, 0.047950, 0.996906),
                ["Head"] = CFrame.new(-0.003107, 0.068928, 0.157247, 0.998047, 0.018744, -0.059596, -0.006878, 0.981097, 0.193396, 0.062094, -0.192609, 0.979309),
                ["RightUpperArm"] = CFrame.new(-0.029906, -0.071785, -0.087393, 0.936211, 0.023252, -0.350668, 0.274265, 0.575561, 0.770395, 0.219744, -0.817428, 0.532470),
                ["UpperTorso"] = CFrame.new(0.027641, -0.003608, -0.031994, 0.999439, 0.030929, 0.012847, -0.033327, 0.956367, 0.290260, -0.003309, -0.290525, 0.956862),
                ["HumanoidRootPart"] = CFrame.new(0.000000, 0.000000, 0.000000, 1.000000, 0.000000, 0.000000, 0.000000, 1.000000, 0.000000, 0.000000, 0.000000, 1.000000),
                ["RightHand"] = CFrame.new(-0.000500, 0.000001, -0.000000, 0.999992, -0.003397, 0.002252, 0.003462, 0.999559, -0.029487, -0.002151, 0.029495, 0.999563),
                ["LeftUpperArm"] = CFrame.new(0.060761, 0.080912, 0.095776, 0.982369, 0.175557, -0.064275, 0.018364, 0.251530, 0.967675, 0.186049, -0.951794, 0.243871),
                ["RightLowerArm"] = CFrame.new(-0.011635, -0.000854, 0.004960, 1.000000, 0.000000, 0.000000, -0.000000, 0.912477, -0.409128, -0.000000, 0.409128, 0.912477),
                ["LeftHand"] = CFrame.new(0.000500, 0.000100, -0.000000, 0.998674, 0.033727, 0.038897, -0.034986, 0.998870, 0.032161, -0.037768, -0.033478, 0.998726),
                ["LowerTorso"] = CFrame.new(-0.015500, 1.973602, 0.188637, -0.979063, -0.201327, 0.030035, 0.201332, -0.979519, -0.002902, 0.030004, 0.003206, 0.999545),
                ["RightUpperLeg"] = CFrame.new(-0.016717, -0.066244, -0.093048, 0.954504, -0.243781, 0.171742, 0.295259, 0.691865, -0.658871, 0.041768, 0.679627, 0.732389),
                ["RightLowerLeg"] = CFrame.new(-0.000000, 0.109667, -0.076412, 1.000000, 0.000000, 0.000000, -0.000000, 0.224625, 0.974453, 0.000000, -0.974445, 0.224593),
                ["LeftUpperLeg"] = CFrame.new(-0.000723, -0.097399, -0.061041, 0.996905, -0.071866, -0.031868, 0.078516, 0.930379, 0.358114, 0.003904, -0.359485, 0.933134),
                ["LeftLowerLeg"] = CFrame.new(0.000000, 0.092937, -0.060008, 1.000000, -0.000000, -0.000000, 0.000000, 0.399817, 0.916586, -0.000000, -0.916595, 0.399837),
            }
        },
        {
            Time = 0.166,
            Data = {
                ["RightFoot"] = CFrame.new(-0.000000, 0.015975, -0.000104, 0.999875, 0.012078, 0.010167, -0.012600, 0.998590, 0.051583, -0.009502, -0.051701, 0.998617),
                ["LeftLowerArm"] = CFrame.new(0.005666, 0.011433, 0.020866, 1.000000, -0.000000, -0.000000, 0.000000, 0.896312, -0.443424, 0.000000, 0.443424, 0.896312),
                ["LeftFoot"] = CFrame.new(-0.000000, 0.001547, 0.000002, 0.995814, -0.069923, -0.058876, 0.066885, 0.996405, -0.051953, 0.062297, 0.047832, 0.996912),
                ["Head"] = CFrame.new(-0.003107, 0.068928, 0.157247, 0.998047, 0.018744, -0.059596, -0.006878, 0.981097, 0.193396, 0.062094, -0.192609, 0.979309),
                ["RightUpperArm"] = CFrame.new(-0.029901, -0.071843, -0.087390, 0.936252, 0.023122, -0.350568, 0.274180, 0.575827, 0.770226, 0.219676, -0.817244, 0.532780),
                ["UpperTorso"] = CFrame.new(0.027641, -0.003608, -0.031994, 0.999439, 0.030929, 0.012847, -0.033327, 0.956367, 0.290260, -0.003309, -0.290525, 0.956862),
                ["HumanoidRootPart"] = CFrame.new(0.000000, 0.000000, 0.000000, 1.000000, 0.000000, 0.000000, 0.000000, 1.000000, 0.000000, 0.000000, 0.000000, 1.000000),
                ["RightHand"] = CFrame.new(-0.000500, 0.000000, -0.000000, 0.999992, -0.003397, 0.002252, 0.003462, 0.999559, -0.029487, -0.002151, 0.029495, 0.999563),
                ["LeftUpperArm"] = CFrame.new(0.060866, 0.080483, 0.095717, 0.982383, 0.175479, -0.064270, 0.018316, 0.251846, 0.967594, 0.185978, -0.951725, 0.244195),
                ["RightLowerArm"] = CFrame.new(-0.011635, -0.000854, 0.004960, 1.000000, 0.000000, 0.000000, -0.000000, 0.912477, -0.409128, -0.000000, 0.409128, 0.912477),
                ["LeftHand"] = CFrame.new(0.000500, 0.000100, 0.000000, 0.998674, 0.033727, 0.038897, -0.034986, 0.998870, 0.032161, -0.037768, -0.033478, 0.998726),
                ["LowerTorso"] = CFrame.new(-0.015500, 1.973750, 0.188637, -0.979063, -0.201327, 0.030035, 0.201332, -0.979519, -0.002902, 0.030004, 0.003206, 0.999545),
                ["RightUpperLeg"] = CFrame.new(-0.016716, -0.066244, -0.093048, 0.954503, -0.243745, 0.171796, 0.295261, 0.691722, -0.659020, 0.041768, 0.679785, 0.732243),
                ["RightLowerLeg"] = CFrame.new(-0.000000, 0.109533, -0.076466, 1.000000, 0.000000, 0.000000, -0.000000, 0.224231, 0.974544, 0.000000, -0.974536, 0.224198),
                ["LeftUpperLeg"] = CFrame.new(-0.000723, -0.097399, -0.061041, 0.996905, -0.071877, -0.031863, 0.078523, 0.930382, 0.358104, 0.003897, -0.359476, 0.933138),
                ["LeftLowerLeg"] = CFrame.new(0.000000, 0.092932, -0.059998, 1.000000, -0.000000, -0.000000, 0.000000, 0.399917, 0.916543, -0.000000, -0.916551, 0.399936),
            }
        },
        {
            Time = 0.183,
            Data = {
                ["RightFoot"] = CFrame.new(0.000000, 0.015801, -0.000104, 0.999875, 0.012080, 0.010168, -0.012600, 0.998600, 0.051379, -0.009506, -0.051498, 0.998627),
                ["LeftLowerArm"] = CFrame.new(0.005666, 0.011433, 0.020866, 1.000000, -0.000000, -0.000000, 0.000000, 0.896312, -0.443424, 0.000000, 0.443424, 0.896312),
                ["LeftFoot"] = CFrame.new(-0.000000, 0.001546, 0.000002, 0.995815, -0.069914, -0.058868, 0.066885, 0.996412, -0.051822, 0.062280, 0.047702, 0.996920),
                ["Head"] = CFrame.new(-0.003107, 0.068928, 0.157247, 0.998047, 0.018744, -0.059596, -0.006878, 0.981097, 0.193396, 0.062094, -0.192609, 0.979309),
                ["RightUpperArm"] = CFrame.new(-0.029895, -0.071908, -0.087387, 0.936296, 0.022980, -0.350458, 0.274088, 0.576119, 0.770041, 0.219602, -0.817043, 0.533120),
                ["UpperTorso"] = CFrame.new(0.027641, -0.003607, -0.031994, 0.999439, 0.030929, 0.012847, -0.033327, 0.956367, 0.290260, -0.003309, -0.290525, 0.956862),
                ["HumanoidRootPart"] = CFrame.new(0.000000, 0.000000, 0.000000, 1.000000, 0.000000, 0.000000, 0.000000, 1.000000, 0.000000, 0.000000, 0.000000, 1.000000),
                ["RightHand"] = CFrame.new(-0.000500, 0.000000, 0.000000, 0.999992, -0.003397, 0.002252, 0.003462, 0.999559, -0.029487, -0.002151, 0.029495, 0.999563),
                ["LeftUpperArm"] = CFrame.new(0.060980, 0.080014, 0.095652, 0.982399, 0.175393, -0.064264, 0.018265, 0.252193, 0.967505, 0.185901, -0.951649, 0.244551),
                ["RightLowerArm"] = CFrame.new(-0.011635, -0.000854, 0.004960, 1.000000, 0.000000, 0.000000, -0.000000, 0.912477, -0.409128, -0.000000, 0.409128, 0.912477),
                ["LeftHand"] = CFrame.new(0.000500, 0.000100, -0.000000, 0.998674, 0.033727, 0.038897, -0.034986, 0.998870, 0.032161, -0.037768, -0.033478, 0.998726),
                ["LowerTorso"] = CFrame.new(-0.015500, 1.973912, 0.188637, -0.979063, -0.201327, 0.030035, 0.201332, -0.979519, -0.002902, 0.030004, 0.003206, 0.999545),
                ["RightUpperLeg"] = CFrame.new(-0.016717, -0.066243, -0.093048, 0.954503, -0.243707, 0.171854, 0.295263, 0.691568, -0.659180, 0.041768, 0.679956, 0.732084),
                ["RightLowerLeg"] = CFrame.new(-0.000000, 0.109388, -0.076524, 1.000000, 0.000000, 0.000000, -0.000000, 0.223805, 0.974642, 0.000000, -0.974634, 0.223772),
                ["LeftUpperLeg"] = CFrame.new(-0.000723, -0.097399, -0.061041, 0.996904, -0.071888, -0.031857, 0.078531, 0.930385, 0.358094, 0.003888, -0.359465, 0.933142),
                ["LeftLowerLeg"] = CFrame.new(0.000000, 0.092928, -0.059987, 1.000000, -0.000000, -0.000000, 0.000000, 0.400027, 0.916495, -0.000000, -0.916504, 0.400046),
            }
        },
        {
            Time = 0.200,
            Data = {
                ["RightFoot"] = CFrame.new(-0.000000, 0.015613, -0.000104, 0.999875, 0.012081, 0.010170, -0.012599, 0.998611, 0.051159, -0.009510, -0.051278, 0.998639),
                ["LeftLowerArm"] = CFrame.new(0.005666, 0.011433, 0.020866, 1.000000, -0.000000, -0.000000, 0.000000, 0.896312, -0.443424, 0.000000, 0.443425, 0.896312),
                ["LeftFoot"] = CFrame.new(-0.000000, 0.001546, 0.000002, 0.995816, -0.069904, -0.058860, 0.066884, 0.996419, -0.051681, 0.062262, 0.047562, 0.996928),
                ["Head"] = CFrame.new(-0.003107, 0.068928, 0.157247, 0.998047, 0.018744, -0.059596, -0.006878, 0.981097, 0.193396, 0.062094, -0.192609, 0.979309),
                ["RightUpperArm"] = CFrame.new(-0.029889, -0.071977, -0.087383, 0.936345, 0.022826, -0.350338, 0.273987, 0.576436, 0.769839, 0.219520, -0.816823, 0.533489),
                ["UpperTorso"] = CFrame.new(0.027641, -0.003608, -0.031994, 0.999439, 0.030929, 0.012847, -0.033327, 0.956367, 0.290260, -0.003309, -0.290525, 0.956862),
                ["HumanoidRootPart"] = CFrame.new(0.000000, 0.000000, 0.000000, 1.000000, 0.000000, 0.000000, 0.000000, 1.000000, 0.000000, 0.000000, 0.000000, 1.000000),
                ["RightHand"] = CFrame.new(-0.000500, 0.000001, 0.000000, 0.999992, -0.003397, 0.002252, 0.003462, 0.999559, -0.029487, -0.002151, 0.029495, 0.999563),
                ["LeftUpperArm"] = CFrame.new(0.061105, 0.079505, 0.095581, 0.982416, 0.175300, -0.064258, 0.018209, 0.252569, 0.967408, 0.185816, -0.951567, 0.244936),
                ["RightLowerArm"] = CFrame.new(-0.011635, -0.000854, 0.004960, 1.000000, 0.000000, 0.000000, -0.000000, 0.912477, -0.409128, -0.000000, 0.409128, 0.912477),
                ["LeftHand"] = CFrame.new(0.000500, 0.000100, 0.000000, 0.998674, 0.033727, 0.038897, -0.034986, 0.998870, 0.032161, -0.037768, -0.033478, 0.998726),
                ["LowerTorso"] = CFrame.new(-0.015500, 1.974089, 0.188637, -0.979063, -0.201327, 0.030035, 0.201332, -0.979519, -0.002902, 0.030004, 0.003206, 0.999545),
                ["RightUpperLeg"] = CFrame.new(-0.016717, -0.066245, -0.093048, 0.954502, -0.243664, 0.171916, 0.295264, 0.691402, -0.659355, 0.041769, 0.680141, 0.731913),
                ["RightLowerLeg"] = CFrame.new(-0.000000, 0.109232, -0.076589, 1.000000, 0.000000, 0.000000, -0.000000, 0.223345, 0.974747, 0.000000, -0.974739, 0.223312),
                ["LeftUpperLeg"] = CFrame.new(-0.000723, -0.097399, -0.061041, 0.996903, -0.071900, -0.031851, 0.078541, 0.930389, 0.358083, 0.003880, -0.359453, 0.933146),
                ["LeftLowerLeg"] = CFrame.new(0.000000, 0.092921, -0.059975, 1.000000, -0.000000, -0.000000, 0.000000, 0.400144, 0.916444, -0.000000, -0.916452, 0.400164),
            }
        },
        {
            Time = 0.216,
            Data = {
                ["RightFoot"] = CFrame.new(0.000000, 0.015413, -0.000104, 0.999875, 0.012083, 0.010171, -0.012598, 0.998623, 0.050924, -0.009514, -0.051044, 0.998651),
                ["LeftLowerArm"] = CFrame.new(0.005666, 0.011433, 0.020866, 1.000000, -0.000000, -0.000000, 0.000000, 0.896312, -0.443424, 0.000000, 0.443425, 0.896312),
                ["LeftFoot"] = CFrame.new(-0.000000, 0.001544, 0.000002, 0.995817, -0.069894, -0.058851, 0.066884, 0.996427, -0.051528, 0.062242, 0.047410, 0.996936),
                ["Head"] = CFrame.new(-0.003107, 0.068928, 0.157247, 0.998047, 0.018744, -0.059596, -0.006878, 0.981097, 0.193396, 0.062094, -0.192609, 0.979309),
                ["RightUpperArm"] = CFrame.new(-0.029883, -0.072052, -0.087378, 0.936397, 0.022660, -0.350210, 0.273879, 0.576777, 0.769622, 0.219433, -0.816587, 0.533886),
                ["UpperTorso"] = CFrame.new(0.027641, -0.003608, -0.031994, 0.999439, 0.030929, 0.012847, -0.033327, 0.956367, 0.290260, -0.003309, -0.290525, 0.956862),
                ["HumanoidRootPart"] = CFrame.new(0.000000, 0.000000, 0.000000, 1.000000, 0.000000, 0.000000, 0.000000, 1.000000, 0.000000, 0.000000, 0.000000, 1.000000),
                ["RightHand"] = CFrame.new(-0.000500, 0.000000, -0.000000, 0.999992, -0.003397, 0.002252, 0.003462, 0.999559, -0.029487, -0.002151, 0.029495, 0.999563),
                ["LeftUpperArm"] = CFrame.new(0.061239, 0.078955, 0.095505, 0.982434, 0.175199, -0.064251, 0.018148, 0.252974, 0.967303, 0.185725, -0.951477, 0.245351),
                ["RightLowerArm"] = CFrame.new(-0.011635, -0.000854, 0.004961, 1.000000, 0.000000, 0.000000, -0.000000, 0.912477, -0.409128, -0.000000, 0.409128, 0.912477),
                ["LeftHand"] = CFrame.new(0.000500, 0.000100, 0.000000, 0.998674, 0.033727, 0.038897, -0.034986, 0.998870, 0.032161, -0.037768, -0.033478, 0.998726),
                ["LowerTorso"] = CFrame.new(-0.015500, 1.974278, 0.188637, -0.979063, -0.201327, 0.030035, 0.201332, -0.979519, -0.002902, 0.030004, 0.003206, 0.999545),
                ["RightUpperLeg"] = CFrame.new(-0.016717, -0.066243, -0.093048, 0.954502, -0.243620, 0.171983, 0.295266, 0.691223, -0.659541, 0.041769, 0.680338, 0.731729),
                ["RightLowerLeg"] = CFrame.new(-0.000000, 0.109065, -0.076656, 1.000000, 0.000000, 0.000000, -0.000000, 0.222853, 0.974860, 0.000000, -0.974852, 0.222819),
                ["LeftUpperLeg"] = CFrame.new(-0.000723, -0.097399, -0.061041, 0.996903, -0.071913, -0.031845, 0.078550, 0.930393, 0.358071, 0.003870, -0.359441, 0.933151),
                ["LeftLowerLeg"] = CFrame.new(0.000000, 0.092915, -0.059962, 1.000000, -0.000000, -0.000000, 0.000000, 0.400272, 0.916388, -0.000000, -0.916396, 0.400292),
            }
        },
        {
            Time = 0.233,
            Data = {
                ["RightFoot"] = CFrame.new(-0.000000, 0.015201, -0.000104, 0.999875, 0.012084, 0.010172, -0.012598, 0.998636, 0.050675, -0.009518, -0.050796, 0.998663),
                ["LeftLowerArm"] = CFrame.new(0.005666, 0.011433, 0.020866, 1.000000, -0.000000, -0.000000, 0.000000, 0.896312, -0.443424, 0.000000, 0.443424, 0.896312),
