return {
  ["KeyframeSequence"] = {
    {Time = 0.000, Data = {
      ["Head"] = CFrame.new(-0.000977, 0.067360, -0.024537, 0.999864, 0.006038, -0.015367, -0.005978, 0.999974, 0.003996, 0.015391, -0.003903, 0.999874),
      ["LeftFoot"] = CFrame.new(0.000000, 0.034316, 0.000001, 0.986710, -0.124298, -0.104657, 0.026578, 0.758904, -0.650686, 0.160300, 0.639230, 0.752100),
      ["LeftHand"] = CFrame.new(0.000500, 0.000100, 0.000000, 0.998554, 0.049751, -0.020374, -0.049329, 0.998568, 0.020722, 0.021375, -0.019686, 0.999578),
      ["LeftLowerArm"] = CFrame.new(0.005666, -0.026590, 0.010736, 1.000000, -0.000000, -0.000000, 0.000000, 0.997995, -0.063290, 0.000000, 0.063290, 0.997995),
      ["LeftLowerLeg"] = CFrame.new(-0.000000, 0.121561, -0.126497, 1.000000, -0.000000, -0.000000, 0.000000, -0.312474, 0.949926, -0.000000, -0.949926, -0.312476),
      ["LeftUpperArm"] = CFrame.new(0.056978, 0.066198, 0.021086, 0.992567, 0.079771, -0.091904, -0.075460, 0.995921, 0.049464, 0.095475, -0.042161, 0.994539),
      ["LeftUpperLeg"] = CFrame.new(-0.000723, -0.097399, -0.061041, 0.981608, 0.181921, -0.057851, -0.113307, 0.311343, -0.943516, -0.153645, 0.932722, 0.326238),
      ["LowerTorso"] = CFrame.new(0.414860, -0.835045, 0.248095, 0.998325, 0.014473, -0.056019, -0.011143, 0.998178, 0.059294, 0.056775, -0.058571, 0.996668),
      ["RightFoot"] = CFrame.new(-0.000000, 0.020046, -0.000100, 0.999773, -0.016269, -0.013697, 0.003647, 0.766323, -0.642472, 0.020977, 0.642250, 0.766187),
      ["RightHand"] = CFrame.new(-0.000500, 0.000001, 0.000000, 0.999992, -0.003397, 0.002252, 0.003462, 0.999559, -0.029487, -0.002151, 0.029495, 0.999563),
      ["RightLowerArm"] = CFrame.new(-0.011635, -0.042652, -0.003746, 1.000000, 0.000000, 0.000000, -0.000000, 0.999962, 0.008770, -0.000000, -0.008770, 0.999962),
      ["RightLowerLeg"] = CFrame.new(0.000000, 0.108322, -0.129783, 1.000000, 0.000000, 0.000000, -0.000000, -0.322400, 0.946609, 0.000000, -0.946603, -0.322383),
      ["RightUpperArm"] = CFrame.new(-0.880051, -1.589325, -0.665637, 0.999305, -0.017000, 0.033178, 0.032597, -0.033404, -0.998910, 0.018090, 0.999297, -0.032827),
      ["RightUpperLeg"] = CFrame.new(-0.016717, -0.066244, -0.093048, 0.996901, 0.077323, 0.014280, -0.013830, 0.351168, -0.936206, -0.077441, 0.933114, 0.351161),
      ["UpperTorso"] = CFrame.new(-0.021022, -0.016547, 0.093754, 0.997984, 0.033823, 0.053711, -0.035229, 0.999055, 0.025445, -0.052799, -0.027286, 0.998232)
    }},
    {Time = 0.017, Data = {
      ["Head"] = CFrame.new(-0.000977, 0.067360, -0.024537, 0.999864, 0.006038, -0.015367, -0.005978, 0.999974, 0.003996, 0.015391, -0.003903, 0.999874),
      ["LeftFoot"] = CFrame.new(-0.000000, 0.034326, 0.000001, 0.986489, -0.125323, -0.105520, 0.024670, 0.750411, -0.660536, 0.161960, 0.648981, 0.743342),
      ["LeftHand"] = CFrame.new(0.000500, 0.000100, 0.000000, 0.998554, 0.049751, -0.020374, -0.049329, 0.998568, 0.020722, 0.021375, -0.019686, 0.999578),
      ["LeftLowerArm"] = CFrame.new(0.005666, -0.026591, 0.010736, 1.000000, -0.000000, -0.000000, 0.000000, 0.997995, -0.063290, 0.000000, 0.063290, 0.997995),
      ["LeftLowerLeg"] = CFrame.new(-0.000000, 0.121503, -0.126671, 1.000000, -0.000000, -0.000000, 0.000000, -0.314285, 0.949328, -0.000000, -0.949329, -0.314288),
      ["LeftUpperArm"] = CFrame.new(0.056978, 0.066198, 0.021086, 0.992567, 0.079771, -0.091904, -0.075460, 0.995921, 0.049464, 0.095475, -0.042161, 0.994539),
      ["LeftUpperLeg"] = CFrame.new(-0.000723, -0.097399, -0.061041, 0.981352, 0.183747, -0.056409, -0.114276, 0.321786, -0.939888, -0.154562, 0.928811, 0.336791),
      ["LowerTorso"] = CFrame.new(0.414860, -0.835045, 0.237604, 0.998325, 0.014473, -0.056019, -0.011143, 0.998178, 0.059294, 0.056775, -0.058571, 0.996668),
      ["RightFoot"] = CFrame.new(0.000000, 0.020054, -0.000100, 0.999767, -0.016491, -0.013884, 0.003422, 0.757940, -0.652342, 0.021310, 0.652115, 0.757798),
      ["RightHand"] = CFrame.new(-0.000500, 0.000001, 0.000000, 0.999992, -0.003397, 0.002252, 0.003462, 0.999559, -0.029487, -0.002151, 0.029495, 0.999563),
      ["RightLowerArm"] = CFrame.new(-0.011635, -0.042652, -0.003746, 1.000000, 0.000000, 0.000000, -0.000000, 0.999962, 0.008770, -0.000000, -0.008770, 0.999962),
      ["RightLowerLeg"] = CFrame.new(0.000000, 0.108278, -0.129913, 1.000000, 0.000000, 0.000000, -0.000000, -0.323726, 0.946157, 0.000000, -0.946151, -0.323709),
      ["RightUpperArm"] = CFrame.new(-0.880049, -1.589355, -0.665279, 0.999305, -0.017000, 0.033178, 0.032597, -0.033404, -0.998910, 0.018090, 0.999297, -0.032827),
      ["RightUpperLeg"] = CFrame.new(-0.016716, -0.066244, -0.093048, 0.996883, 0.077408, 0.015036, -0.014051, 0.361954, -0.932086, -0.077630, 0.928976, 0.361925),
      ["UpperTorso"] = CFrame.new(-0.021095, -0.016471, 0.092463, 0.997984, 0.033823, 0.053711, -0.035229, 0.999055, 0.025445, -0.052799, -0.027286, 0.998232)
    }},
    {Time = 0.033, Data = {
      ["Head"] = CFrame.new(-0.000977, 0.067360, -0.024537, 0.999864, 0.006038, -0.015367, -0.005978, 0.999974, 0.003996, 0.015391, -0.003903, 0.999874),
      ["LeftFoot"] = CFrame.new(0.000000, 0.034348, 0.000001, 0.985831, -0.128315, -0.108038, 0.019139, 0.725961, -0.687495, 0.166644, 0.675660, 0.718108),
      ["LeftHand"] = CFrame.new(0.000500, 0.000100, 0.000000, 0.998554, 0.049751, -0.020374, -0.049329, 0.998568, 0.020722, 0.021375, -0.019686, 0.999578),
      ["LeftLowerArm"] = CFrame.new(0.005666, -0.026591, 0.010736, 1.000000, -0.000000, -0.000000, 0.000000, 0.997995, -0.063290, 0.000000, 0.063290, 0.997995),
      ["LeftLowerLeg"] = CFrame.new(-0.000000, 0.121367, -0.127073, 1.000000, -0.000000, -0.000000, 0.000000, -0.318475, 0.947931, -0.000000, -0.947931, -0.318477),
      ["LeftUpperArm"] = CFrame.new(0.056978, 0.066198, 0.021086, 0.992567, 0.079771, -0.091904, -0.075460, 0.995921, 0.049464, 0.095475, -0.042161, 0.994539),
      ["LeftUpperLeg"] = CFrame.new(-0.000723, -0.097399, -0.061041, 0.980593, 0.189000, -0.052079, -0.117103, 0.351645, -0.928777, -0.157237, 0.916856, 0.366962),
      ["LowerTorso"] = CFrame.new(0.414860, -0.835045, 0.208085, 0.998325, 0.014473, -0.056019, -0.011143, 0.998178, 0.059294, 0.056775, -0.058571, 0.996668),
      ["RightFoot"] = CFrame.new(-0.000000, 0.020070, -0.000100, 0.999748, -0.017138, -0.014429, 0.002753, 0.733821, -0.679365, 0.022259, 0.679126, 0.733659),
      ["RightHand"] = CFrame.new(-0.000500, 0.000001, 0.000000, 0.999992, -0.003397, 0.002252, 0.003462, 0.999559, -0.029487, -0.002151, 0.029495, 0.999563),
      ["RightLowerArm"] = CFrame.new(-0.011635, -0.042652, -0.003746, 1.000000, 0.000000, 0.000000, -0.000000, 0.999962, 0.008770, -0.000000, -0.008770, 0.999962),
      ["RightLowerLeg"] = CFrame.new(0.000000, 0.108181, -0.130191, 1.000000, 0.000000, 0.000000, -0.000000, -0.326574, 0.945177, 0.000000, -0.945171, -0.326558),
      ["RightUpperArm"] = CFrame.new(-0.880042, -1.589440, -0.664269, 0.999305, -0.017000, 0.033178, 0.032597, -0.033404, -0.998910, 0.018090, 0.999297, -0.032827),
      ["RightUpperLeg"] = CFrame.new(-0.016716, -0.066243, -0.093048, 0.996831, 0.077623, 0.017226, -0.014693, 0.392699, -0.919545, -0.078179, 0.916385, 0.392608),
      ["UpperTorso"] = CFrame.new(-0.021302, -0.016257, 0.088831, 0.997984, 0.033823, 0.053711, -0.035229, 0.999055, 0.025445, -0.052799, -0.027286, 0.998232)
    }},
    {Time = 0.050, Data = {
      ["Head"] = CFrame.new(-0.000977, 0.067360, -0.024537, 0.999864, 0.006038, -0.015367, -0.005978, 0.999974, 0.003996, 0.015391, -0.003903, 0.999874),
      ["LeftFoot"] = CFrame.new(0.000000, 0.034370, 0.000001, 0.984706, -0.133275, -0.112215, 0.010121, 0.686794, -0.726806, 0.173929, 0.714529, 0.677614),
      ["LeftHand"] = CFrame.new(0.000500, 0.000100, 0.000000, 0.998554, 0.049751, -0.020374, -0.049329, 0.998568, 0.020722, 0.021375, -0.019686, 0.999578),
      ["LeftLowerArm"] = CFrame.new(0.005666, -0.026591, 0.010735, 1.000000, -0.000000, -0.000000, 0.000000, 0.997995, -0.063290, 0.000000, 0.063290, 0.997995),
      ["LeftLowerLeg"] = CFrame.new(-0.000000, 0.121241, -0.127440, 1.000000, -0.000000, -0.000000, 0.000000, -0.322299, 0.946637, -0.000000, -0.946638, -0.322301),
      ["LeftUpperArm"] = CFrame.new(0.056978, 0.066198, 0.021086, 0.992567, 0.079771, -0.091904, -0.075460, 0.995921, 0.049464, 0.095475, -0.042161, 0.994539),
      ["LeftUpperLeg"] = CFrame.new(-0.000723, -0.097399, -0.061041, 0.979300, 0.197434, -0.044578, -0.121791, 0.398889, -0.908872, -0.161671, 0.895493, 0.414687),
      ["LowerTorso"] = CFrame.new(0.414860, -0.835045, 0.162463, 0.998325, 0.014473, -0.056019, -0.011143, 0.998178, 0.059294, 0.056775, -0.058571, 0.996668),
      ["RightFoot"] = CFrame.new(-0.000000, 0.020081, -0.000101, 0.999716, -0.018206, -0.015328, 0.001619, 0.695232, -0.718813, 0.023771, 0.718555, 0.695035),
      ["RightHand"] = CFrame.new(-0.000500, 0.000001, -0.000000, 0.999992, -0.003397, 0.002252, 0.003462, 0.999559, -0.029487, -0.002151, 0.029495, 0.999563),
      ["RightLowerArm"] = CFrame.new(-0.011635, -0.042652, -0.003746, 1.000000, 0.000000, 0.000000, -0.000000, 0.999962, 0.008770, -0.000000, -0.008770, 0.999962),
      ["RightLowerLeg"] = CFrame.new(0.000000, 0.108119, -0.130369, 1.000000, 0.000000, 0.000000, -0.000000, -0.328404, 0.944543, 0.000000, -0.944537, -0.328388),
      ["RightUpperArm"] = CFrame.new(-0.880033, -1.589571, -0.662709, 0.999305, -0.017000, 0.033178, 0.032597, -0.033404, -0.998910, 0.018090, 0.999297, -0.032827),
      ["RightUpperLeg"] = CFrame.new(-0.016717, -0.066243, -0.093048, 0.996743, 0.077876, 0.020788, -0.015753, 0.441080, -0.897323, -0.079085, 0.894082, 0.440885),
      ["UpperTorso"] = CFrame.new(-0.021622, -0.015928, 0.083218, 0.997984, 0.033823, 0.053711, -0.035229, 0.999055, 0.025445, -0.052799, -0.027286, 0.998232)
    }},
    {Time = 0.067, Data = {
      ["Head"] = CFrame.new(-0.000977, 0.067360, -0.024537, 0.999864, 0.006038, -0.015367, -0.005978, 0.999974, 0.003996, 0.015391, -0.003903, 0.999874),
      ["LeftFoot"] = CFrame.new(0.000000, 0.034370, 0.000001, 0.983024, -0.140353, -0.118174, -0.002324, 0.634549, -0.772902, 0.183461, 0.760032, 0.623424),
      ["LeftHand"] = CFrame.new(0.000500, 0.000100, 0.000000, 0.998554, 0.049751, -0.020374, -0.049329, 0.998568, 0.020722, 0.021375, -0.019686, 0.999578),
      ["LeftLowerArm"] = CFrame.new(0.005666, -0.026591, 0.010736, 1.000000, -0.000000, -0.000000, 0.000000, 0.997995, -0.063290, 0.000000, 0.063290, 0.997995),
      ["LeftLowerLeg"] = CFrame.new(-0.000000, 0.121235, -0.127457, 1.000000, -0.000000, -0.000000, 0.000000, -0.322468, 0.946580, -0.000000, -0.946580, -0.322470),
      ["LeftUpperArm"] = CFrame.new(0.056978, 0.066198, 0.021086, 0.992567, 0.079771, -0.091904, -0.075460, 0.995921, 0.049464, 0.095475, -0.042161, 0.994539),
      ["LeftUpperLeg"] = CFrame.new(-0.000723, -0.097399, -0.061041, 0.977379, 0.208832, -0.033394, -0.128481, 0.460902, -0.878097, -0.167995, 0.862530, 0.477316),
      ["LowerTorso"] = CFrame.new(0.414860, -0.835045, 0.103667, 0.998325, 0.014473, -0.056019, -0.011143, 0.998178, 0.059294, 0.056775, -0.058571, 0.996668),
      ["RightFoot"] = CFrame.new(-0.000000, 0.020070, -0.000101, 0.999667, -0.019719, -0.016602, -0.000029, 0.643832, -0.765195, 0.025806, 0.764913, 0.643584),
      ["RightHand"] = CFrame.new(-0.000500, 0.000001, 0.000000, 0.999992, -0.003397, 0.002252, 0.003462, 0.999559, -0.029487, -0.002151, 0.029495, 0.999563),
      ["RightLowerArm"] = CFrame.new(-0.011635, -0.042652, -0.003746, 1.000000, 0.000000, 0.000000, -0.000000, 0.999962, 0.008770, -0.000000, -0.008770, 0.999962),
      ["RightLowerLeg"] = CFrame.new(0.000000, 0.108197, -0.130149, 1.000000, 0.000000, 0.000000, -0.000000, -0.326150, 0.945323, 0.000000, -0.945318, -0.326137),
      ["RightUpperArm"] = CFrame.new(-0.880020, -1.589740, -0.660699, 0.999305, -0.017000, 0.033178, 0.032597, -0.033404, -0.998910, 0.018090, 0.999297, -0.032827),
      ["RightUpperLeg"] = CFrame.new(-0.016716, -0.066243, -0.093048, 0.996616, 0.078053, 0.025667, -0.017256, 0.504157, -0.863431, -0.080369, 0.860077, 0.503814),
      ["UpperTorso"] = CFrame.new(-0.022034, -0.015502, 0.075984, 0.997984, 0.033823, 0.053711, -0.035229, 0.999055, 0.025445, -0.052799, -0.027286, 0.998232)
    }},
    {Time = 0.083, Data = {
      ["Head"] = CFrame.new(-0.000977, 0.067360, -0.024537, 0.999864, 0.006038, -0.015367, -0.005978, 0.999974, 0.003996, 0.015391, -0.003903, 0.999874),
      ["LeftFoot"] = CFrame.new(-0.000000, 0.034333, 0.000001, 0.980630, -0.149835, -0.126157, -0.018090, 0.572096, -0.820008, 0.195033, 0.806384, 0.558275),
      ["LeftHand"] = CFrame.new(0.000500, 0.000100, 0.000000, 0.998554, 0.049751, -0.020374, -0.049329, 0.998568, 0.020722, 0.021375, -0.019686, 0.999578),
      ["LeftLowerArm"] = CFrame.new(0.005666, -0.026591, 0.010736, 1.000000, -0.000000, -0.000000, 0.000000, 0.997995, -0.063290, 0.000000, 0.063290, 0.997995),
      ["LeftLowerLeg"] = CFrame.new(-0.000000, 0.121453, -0.126819, 1.000000, -0.000000, -0.000000, 0.000000, -0.315827, 0.948816, -0.000000, -0.948817, -0.315829),
      ["LeftUpperArm"] = CFrame.new(0.056978, 0.066198, 0.021086, 0.992567, 0.079771, -0.091904, -0.075460, 0.995921, 0.049464, 0.095475, -0.042161, 0.994539),
      ["LeftUpperLeg"] = CFrame.new(-0.000723, -0.097399, -0.061041, 0.974664, 0.222942, -0.017953, -0.137444, 0.533679, -0.834438, -0.176461, 0.815772, 0.550809),
      ["LowerTorso"] = CFrame.new(0.414860, -0.835045, 0.034625, 0.998325, 0.014473, -0.056019, -0.011143, 0.998178, 0.059294, 0.056775, -0.058571, 0.996668),
      ["RightFoot"] = CFrame.new(-0.000000, 0.020022, -0.000101, 0.999596, -0.021730, -0.018295, -0.002237, 0.582451, -0.812890, 0.028348, 0.812575, 0.582129),
      ["RightHand"] = CFrame.new(-0.000500, 0.000001, 0.000000, 0.999992, -0.003397, 0.002252, 0.003462, 0.999559, -0.029487, -0.002151, 0.029495, 0.999563),
      ["RightLowerArm"] = CFrame.new(-0.011635, -0.042652, -0.003746, 1.000000, 0.000000, 0.000000, -0.000000, 0.999962, 0.008770, -0.000000, -0.008770, 0.999962),
      ["RightLowerLeg"] = CFrame.new(0.000000, 0.108509, -0.129247, 1.000000, 0.000000, 0.000000, -0.000000, -0.316891, 0.948465, 0.000000, -0.948462, -0.316880),
      ["RightUpperArm"] = CFrame.new(-0.880006, -1.589939, -0.658338, 0.999305, -0.017000, 0.033178, 0.032597, -0.033404, -0.998910, 0.018090, 0.999297, -0.032827),
      ["RightUpperLeg"] = CFrame.new(-0.016717, -0.066244, -0.093048, 0.996440, 0.078052, 0.031761, -0.019252, 0.577687, -0.816020, -0.082075, 0.812518, 0.577150),
      ["UpperTorso"] = CFrame.new(-0.022518, -0.015003, 0.067490, 0.997984, 0.033823, 0.053711, -0.035229, 0.999055, 0.025445, -0.052799, -0.027286, 0.998232)
    }},
    {Time = 0.100, Data = {
      ["Head"] = CFrame.new(-0.000977, 0.067360, -0.024537, 0.999864, 0.006038, -0.015367, -0.005978, 0.999974, 0.003996, 0.015391, -0.003903, 0.999874),
      ["LeftFoot"] = CFrame.new(0.000000, 0.034246, 0.000001, 0.977277, -0.162148, -0.136524, -0.036972, 0.503861, -0.863012, 0.208717, 0.848429, 0.486386),
      ["LeftHand"] = CFrame.new(0.000500, 0.000100, 0.000000, 0.998554, 0.049751, -0.020374, -0.049329, 0.998568, 0.020722, 0.021375, -0.019686, 0.999578),
      ["LeftLowerArm"] = CFrame.new(0.005666, -0.026591, 0.010736, 1.000000, -0.000000, -0.000000, 0.000000, 0.997995, -0.063290, 0.000000, 0.063290, 0.997995),
      ["LeftLowerLeg"] = CFrame.new(-0.000000, 0.121954, -0.125294, 1.000000, -0.000000, -0.000000, 0.000000, -0.299932, 0.953960, -0.000000, -0.953961, -0.299934),
      ["LeftUpperArm"] = CFrame.new(0.056978, 0.066198, 0.021086, 0.992567, 0.079771, -0.091904, -0.075460, 0.995921, 0.049464, 0.095475, -0.042161, 0.994539),
      ["LeftUpperLeg"] = CFrame.new(-0.000723, -0.097399, -0.061041, 0.970896, 0.239484, 0.002228, -0.149084, 0.611625, -0.776967, -0.187445, 0.754031, 0.629538),
      ["LowerTorso"] = CFrame.new(0.414860, -0.835045, -0.041736, 0.998325, 0.014473, -0.056019, -0.011143, 0.998178, 0.059294, 0.056775, -0.058571, 0.996668),
      ["RightFoot"] = CFrame.new(-0.000000, 0.019924, -0.000102, 0.999494, -0.024315, -0.020471, -0.005037, 0.515332, -0.857000, 0.031414, 0.856645, 0.514909),
      ["RightHand"] = CFrame.new(-0.000500, 0.000001, 0.000000, 0.999992, -0.003397, 0.002252, 0.003462, 0.999559, -0.029487, -0.002151, 0.029495, 0.999563),
      ["RightLowerArm"] = CFrame.new(-0.011635, -0.042652, -0.003746, 1.000000, 0.000000, 0.000000, -0.000000, 0.999962, 0.008770, -0.000000, -0.008770, 0.999962),
      ["RightLowerLeg"] = CFrame.new(0.000000, 0.109100, -0.127444, 1.000000, 0.000000, 0.000000, -0.000000, -0.298404, 0.954442, 0.000000, -0.954440, -0.298398),
      ["RightUpperArm"] = CFrame.new(-0.879990, -1.590158, -0.655726, 0.999305, -0.017000, 0.033178, 0.032597, -0.033404, -0.998910, 0.018090, 0.999297, -0.032827),
      ["RightUpperLeg"] = CFrame.new(-0.016717, -0.066243, -0.093048, 0.996204, 0.077831, 0.038896, -0.021817, 0.656059, -0.754380, -0.084266, 0.750686, 0.655284),
      ["UpperTorso"] = CFrame.new(-0.023053, -0.014451, 0.058094, 0.997984, 0.033823, 0.053711, -0.035229, 0.999055, 0.025445, -0.052799, -0.027286, 0.998232)
    }},
    {Time = 0.117, Data = {
      ["Head"] = CFrame.new(-0.000977, 0.067360, -0.024537, 0.999864, 0.006038, -0.015367, -0.005978, 0.999974, 0.003996, 0.015391, -0.003903, 0.999874),
      ["LeftFoot"] = CFrame.new(0.000000, 0.034101, 0.000001, 0.972593, -0.177869, -0.149760, -0.058726, 0.435341, -0.898364, 0.224978, 0.882520, 0.412933),
      ["LeftHand"] = CFrame.new(0.000500, 0.000100, 0.000000, 0.998554, 0.049751, -0.020374, -0.049329, 0.998568, 0.020722, 0.021375, -0.019686, 0.999578),
      ["LeftLowerArm"] = CFrame.new(0.005666, -0.026591, 0.010736, 1.000000, -0.000000, -0.000000, 0.000000, 0.997995, -0.063290, 0.000000, 0.063290, 0.997995),
      ["LeftLowerLeg"] = CFrame.new(-0.000000, 0.122724, -0.122742, 1.000000, -0.000000, -0.000000, 0.000000, -0.273348, 0.961915, -0.000000, -0.961915, -0.273350),
      ["LeftUpperArm"] = CFrame.new(0.056978, 0.066198, 0.021086, 0.992567, 0.079771, -0.091904, -0.075460, 0.995921, 0.049464, 0.095475, -0.042161, 0.994539),
      ["LeftUpperLeg"] = CFrame.new(-0.000723, -0.097399, -0.061041, 0.965680, 0.258261, 0.027533, -0.163947, 0.688344, -0.706604, -0.201452, 0.677852, 0.707073),
      ["LowerTorso"] = CFrame.new(0.414860, -0.835045, -0.122489, 0.998325, 0.014473, -0.056019, -0.011143, 0.998178, 0.059294, 0.056775, -0.058571, 0.996668),
      ["RightFoot"] = CFrame.new(0.000000, 0.019774, -0.000102, 0.999349, -0.027573, -0.023215, -0.008441, 0.447656, -0.894186, 0.035075, 0.893781, 0.447092),
      ["RightHand"] = CFrame.new(-0.000500, 0.000000, 0.000000, 0.999992, -0.003397, 0.002252, 0.003462, 0.999559, -0.029487, -0.002151, 0.029495, 0.999563),
      ["RightLowerArm"] = CFrame.new(-0.011635, -0.042652, -0.003746, 1.000000, 0.000000, 0.000000, -0.000000, 0.999962, 0.008770, -0.000000, -0.008770, 0.999962),
      ["RightLowerLeg"] = CFrame.new(-0.000000, 0.109943, -0.124632, 1.000000, 0.000000, 0.000000, -0.000000, -0.269588, 0.962976, 0.000000, -0.962976, -0.269586),
      ["RightUpperArm"] = CFrame.new(-0.879973, -1.590390, -0.652965, 0.999305, -0.017000, 0.033178, 0.032597, -0.033404, -0.998910, 0.018090, 0.999297, -0.032827),
      ["RightUpperLeg"] = CFrame.new(-0.016716, -0.066244, -0.093048, 0.995891, 0.077458, 0.046855, -0.025049, 0.733020, -0.679729, -0.087028, 0.675783, 0.731966),
      ["UpperTorso"] = CFrame.new(-0.023619, -0.013867, 0.048159, 0.997984, 0.033823, 0.053711, -0.035229, 0.999055, 0.025445, -0.052799, -0.027286, 0.998232)
    }},
    {Time = 0.133, Data = {
      ["Head"] = CFrame.new(-0.000977, 0.067360, -0.024537, 0.999864, 0.006038, -0.015367, -0.005978, 0.999974, 0.003996, 0.015391, -0.003903, 0.999874),
      ["LeftFoot"] = CFrame.new(0.000000, 0.033894, 0.000001, 0.966027, -0.197703, -0.166460, -0.083118, 0.372250, -0.924417, 0.244712, 0.906832, 0.343140),
      ["LeftHand"] = CFrame.new(0.000500, 0.000100, 0.000000, 0.998554, 0.049751, -0.020374, -0.049329, 0.998568, 0.020722, 0.021375, -0.019686, 0.999578),
      ["LeftLowerArm"] = CFrame.new(0.005666, -0.026591, 0.010735, 1.000000, -0.000000, -0.000000, 0.000000, 0.997995, -0.063290, 0.000000, 0.063290, 0.997995),
      ["LeftLowerLeg"] = CFrame.new(-0.000000, 0.123633, -0.119209, 1.000000, -0.000000, -0.000000, 0.000000, -0.236511, 0.971628, -0.000000, -0.971629, -0.236514),
      ["LeftUpperArm"] = CFrame.new(0.056978, 0.066198, 0.021086, 0.992567, 0.079771, -0.091904, -0.075460, 0.995921, 0.049464, 0.095475, -0.042161, 0.994539),
      ["LeftUpperLeg"] = CFrame.new(-0.000723, -0.097399, -0.061041, 0.958445, 0.279300, 0.058047, -0.182700, 0.757261, -0.627025, -0.219096, 0.590379, 0.776833),
      ["LowerTorso"] = CFrame.new(0.414860, -0.835045, -0.204705, 0.998325, 0.014473, -0.056019, -0.011143, 0.998178, 0.059294, 0.056775, -0.058571, 0.996668),
      ["RightFoot"] = CFrame.new(0.000000, 0.019560, -0.000102, 0.999144, -0.031627, -0.026627, -0.012451, 0.384463, -0.923073, 0.039458, 0.922599, 0.383703),
      ["RightHand"] = CFrame.new(-0.000500, 0.000001, 0.000000, 0.999992, -0.003397, 0.002252, 0.003462, 0.999559, -0.029487, -0.002151, 0.029495, 0.999563),
      ["RightLowerArm"] = CFrame.new(-0.011635, -0.042652, -0.003746, 1.000000, 0.000000, 0.000000, -0.000000, 0.999962, 0.008770, -0.000000, -0.008770, 0.999962),
      ["RightLowerLeg"] = CFrame.new(0.000000, 0.110899, -0.120842, 1.000000, 0.000000, 0.000000, -0.000000, -0.230710, 0.973022, 0.000000, -0.973023, -0.230714),
      ["RightUpperArm"] = CFrame.new(-0.879956, -1.590627, -0.650154, 0.999305, -0.017000, 0.033178, 0.032597, -0.033404, -0.998910, 0.018090, 0.999297, -0.032827),
      ["RightUpperLeg"] = CFrame.new(-0.016717, -0.066244, -0.093048, 0.995476, 0.077126, 0.055440, -0.029070, 0.802920, -0.595358, -0.090462, 0.591076, 0.801546),
      ["UpperTorso"] = CFrame.new(-0.024195, -0.013273, 0.038044, 0.997984, 0.033823, 0.053711, -0.035229, 0.999055, 0.025445, -0.052799, -0.027286, 0.998232)
    }},
    {Time = 0.150, Data = {
      ["Head"] = CFrame.new(-0.000977, 0.067360, -0.024537, 0.999864, 0.006038, -0.015367, -0.005978, 0.999974, 0.003996, 0.015391, -0.003903, 0.999874),
      ["LeftFoot"] = CFrame.new(-0.000000, 0.033642, 0.000001, 0.956804, -0.222407, -0.187259, -0.110063, 0.319115, -0.941315, 0.269097, 0.921250, 0.280822),
      ["LeftHand"] = CFrame.new(0.000500, 0.000100, -0.000000, 0.998554, 0.049751, -0.020374, -0.049329, 0.998568, 0.020722, 0.021375, -0.019686, 0.999578),
      ["LeftLowerArm"] = CFrame.new(0.005666, -0.026591, 0.010735, 1.000000, -0.000000, -0.000000, 0.000000, 0.997995, -0.063290, 0.000000, 0.063290, 0.997995),
      ["LeftLowerLeg"] = CFrame.new(-0.000000, 0.124557, -0.114829, 1.000000, -0.000000, -0.000000, 0.000000, -0.190866, 0.981615, -0.000000, -0.981616, -0.190869),
      ["LeftUpperArm"] = CFrame.new(0.056978, 0.066198, 0.021086, 0.992567, 0.079771, -0.091904, -0.075460, 0.995921, 0.049464, 0.095475, -0.042161, 0.994539),
      ["LeftUpperLeg"] = CFrame.new(-0.000723, -0.097399, -0.061041, 0.948390, 0.302866, 0.093934, -0.206063, 0.813787, -0.543390, -0.241028, 0.496007, 0.834209),
      ["LowerTorso"] = CFrame.new(0.414860, -0.835045, -0.285458, 0.998325, 0.014473, -0.056019, -0.011143, 0.998178, 0.059294, 0.056775, -0.058571, 0.996668),
      ["RightFoot"] = CFrame.new(-0.000000, 0.019304, -0.000103, 0.998853, -0.036599, -0.030813, -0.017059, 0.329702, -0.943943, 0.044733, 0.943375, 0.328668),
      ["RightHand"] = CFrame.new(-0.000500, 0.000000, 0.000000, 0.999992, -0.003397, 0.002252, 0.003462, 0.999559, -0.029487, -0.002151, 0.029495, 0.999563),
      ["RightLowerArm"] = CFrame.new(-0.011635, -0.042652, -0.003746, 1.000000, 0.000000, 0.000000, -0.000000, 0.999962, 0.008770, -0.000000, -0.008770, 0.999962),
      ["RightLowerLeg"] = CFrame.new(-0.000000, 0.111839, -0.116232, 1.000000, 0.000000, 0.000000, -0.000000, -0.183442, 0.983029, 0.000000, -0.983030, -0.183452),
      ["RightUpperArm"] = CFrame.new(-0.879939, -1.590859, -0.647392, 0.999305, -0.017000, 0.033178, 0.032597, -0.033404, -0.998910, 0.018090, 0.999297, -0.032827),
      ["RightUpperLeg"] = CFrame.new(-0.016716, -0.066244, -0.093048, 0.994928, 0.077130, 0.064522, -0.034000, 0.861745, -0.506179, -0.094672, 0.501444, 0.860011),
      ["UpperTorso"] = CFrame.new(-0.024761, -0.012689, 0.028108, 0.997984, 0.033823, 0.053711, -0.035229, 0.999055, 0.025445, -0.052799, -0.027286, 0.998232)
    }},
    {Time = 0.167, Data = {
      ["Head"] = CFrame.new(-0.000977, 0.067360, -0.024537, 0.999864, 0.006038, -0.015367, -0.005978, 0.999974, 0.003996, 0.015391, -0.003903, 0.999874),
      ["LeftFoot"] = CFrame.new(-0.000000, 0.033364, 0.000000, 0.943931, -0.252554, -0.212642, -0.139484, 0.278751, -0.950190, 0.299231, 0.926560, 0.227866),
      ["LeftHand"] = CFrame.new(0.000500, 0.000100, 0.000000, 0.998554, 0.049751, -0.020374, -0.049329, 0.998568, 0.020722, 0.021375, -0.019686, 0.999578),
      ["LeftLowerArm"] = CFrame.new(0.005666, -0.026591, 0.010735, 1.000000, -0.000000, -0.000000, 0.000000, 0.997995, -0.063290, 0.000000, 0.063290, 0.997995),
      ["LeftLowerLeg"] = CFrame.new(-0.000000, 0.125341, -0.109885, 1.000000, -0.000000, -0.000000, 0.000000, -0.139382, 0.990238, -0.000000, -0.990239, -0.139386),
      ["LeftUpperArm"] = CFrame.new(0.056978, 0.066198, 0.021086, 0.992567, 0.079771, -0.091904, -0.075460, 0.995921, 0.049464, 0.095475, -0.042161, 0.994539),
      ["LeftUpperLeg"] = CFrame.new(-0.000723, -0.097399, -0.061041, 0.934503, 0.329295, 0.135147, -0.234580, 0.855305, -0.461962, -0.267725, 0.400023, 0.876542),
      ["LowerTorso"] = CFrame.new(0.414860, -0.835045, -0.361819, 0.998325, 0.014473, -0.056019, -0.011143, 0.998178, 0.059294, 0.056775, -0.058571, 0.996668),
      ["RightFoot"] = CFrame.new(-0.000000, 0.019023, -0.000103, 0.998448, -0.042577, -0.035846, -0.022242, 0.285548, -0.958115, 0.051056, 0.957418, 0.284131),
      ["RightHand"] = CFrame.new(-0.000500, 0.000001, 0.000000, 0.999992, -0.003397, 0.002252, 0.003462, 0.999559, -0.029487, -0.002151, 0.029495, 0.999563),
      ["RightLowerArm"] = CFrame.new(-0.011635, -0.042652, -0.003746, 1.000000, 0.000000, 0.000000, -0.000000, 0.999962, 0.008770, -0.000000, -0.008770, 0.999962),
      ["RightLowerLeg"] = CFrame.new(0.000000, 0.112611, -0.111091, 1.000000, 0.000000, 0.000000, -0.000000, -0.130764, 0.991412, 0.000000, -0.991413, -0.130779),
      ["RightUpperArm"] = CFrame.new(-0.879923, -1.591079, -0.644781, 0.999305, -0.017000, 0.033178, 0.032597, -0.033404, -0.998910, 0.018090, 0.999297, -0.032827),
      ["RightUpperLeg"] = CFrame.new(-0.016716, -0.066244, -0.093048, 0.994213, 0.077790, 0.074041, -0.039927, 0.907663, -0.417775, -0.099731, 0.412428, 0.905529),
      ["UpperTorso"] = CFrame.new(-0.025296, -0.012137, 0.018713, 0.997984, 0.033823, 0.053711, -0.035229, 0.999055, 0.025445, -0.052799, -0.027286, 0.998232)
    }},
    {Time = 0.183, Data = {
      ["Head"] = CFrame.new(-0.000977, 0.067360, -0.024537, 0.999864, 0.006038, -0.015367, -0.005978, 0.999974, 0.003996, 0.015391, -0.003903, 0.999874),
      ["LeftFoot"] = CFrame.new(-0.000000, 0.033078, 0.000000, 0.926425, -0.288001, -0.242488, -0.170957, 0.252088, -0.952492, 0.335427, 0.923854, 0.184277),
      ["LeftHand"] = CFrame.new(0.000500, 0.000100, 0.000000, 0.998554, 0.049751, -0.020374, -0.049329, 0.998568, 0.020722, 0.021375, -0.019686, 0.999578),
      ["LeftLowerArm"] = CFrame.new(0.005666, -0.026591, 0.010736, 1.000000, -0.000000, -0.000000, 0.000000, 0.997995, -0.063290, 0.000000, 0.063290, 0.997995),
      ["LeftLowerLeg"] = CFrame.new(0.000000, 0.125869, -0.104769, 1.000000, -0.000000, -0.000000, 0.000000, -0.086137, 0.996283, -0.000000, -0.996283, -0.086143),
      ["LeftUpperArm"] = CFrame.new(0.056978, 0.066198, 0.021086, 0.992567, 0.079771, -0.091904, -0.075460, 0.995921, 0.049464, 0.095475, -0.042161, 0.994539),
      ["LeftUpperLeg"] = CFrame.new(-0.000723, -0.097399, -0.061041, 0.915806, 0.358505, 0.181023, -0.268121, 0.881344, -0.389010, -0.299017, 0.307744, 0.903273),
      ["LowerTorso"] = CFrame.new(0.414860, -0.835045, -0.430861, 0.998325, 0.014473, -0.056019, -0.011143, 0.998178, 0.059294, 0.056775, -0.058571, 0.996668),
      ["RightFoot"] = CFrame.new(-0.000000, 0.018737, -0.000103, 0.997900, -0.049522, -0.041694, -0.027904, 0.252434, -0.967218, 0.058450, 0.966346, 0.250500),
      ["RightHand"] = CFrame.new(-0.000500, 0.000001, 0.000000, 0.999992, -0.003397, 0.002252, 0.003462, 0.999559, -0.029487, -0.002151, 0.029495, 0.999563),
      ["RightLowerArm"] = CFrame.new(-0.011635, -0.042652, -0.003746, 1.000000, 0.000000, 0.000000, -0.000000, 0.999962, 0.008770, -0.000000, -0.008770, 0.999962),
      ["RightLowerLeg"] = CFrame.new(-0.000000, 0.113106, -0.105813, 1.000000, 0.000000, 0.000000, -0.000000, -0.076716, 0.997052, 0.000000, -0.997053, -0.076735),
      ["RightUpperArm"] = CFrame.new(-0.879909, -1.591277, -0.642420, 0.999305, -0.017000, 0.033178, 0.032597, -0.033404, -0.998910, 0.018090, 0.999297, -0.032827),
      ["RightUpperLeg"] = CFrame.new(-0.016716, -0.066243, -0.093048, 0.993306, 0.079337, 0.083915, -0.046813, 0.940820, -0.335637, -0.105604, 0.329489, 0.938246),
      ["UpperTorso"] = CFrame.new(-0.025780, -0.011638, 0.010218, 0.997984, 0.033823, 0.053711, -0.035229, 0.999055, 0.025445, -0.052799, -0.027286, 0.998232)
    }},
    {Time = 0.200, Data = {
      ["Head"] = CFrame.new(-0.000977, 0.067360, -0.024537, 0.999864, 0.006038, -0.015367, -0.005978, 0.999974, 0.003996, 0.015391, -0.003903, 0.999874),
      ["LeftFoot"] = CFrame.new(-0.000000, 0.032670, -0.000000, 0.904069, -0.326944, -0.275277, -0.203052, 0.238226, -0.949755, 0.376071, 0.914525, 0.148959),
      ["LeftHand"] = CFrame.new(0.000500, 0.000100, 0.000000, 0.998554, 0.049751, -0.020374, -0.049329, 0.998568, 0.020722, 0.021375, -0.019686, 0.999578),
      ["LeftLowerArm"] = CFrame.new(0.005666, -0.026591, 0.010735, 1.000000, -0.000000, -0.000000, 0.000000, 0.997995, -0.063290, 0.000000, 0.063290, 0.997995),
      ["LeftLowerLeg"] = CFrame.new(0.000000, 0.126044, -0.099956, 1.000000, -0.000000, -0.000000, 0.000000, -0.035962, 0.999353, -0.000000, -0.999353, -0.035969),
      ["LeftUpperArm"] = CFrame.new(0.056978, 0.066198, 0.021086, 0.992567, 0.079771, -0.091904, -0.075460, 0.995921, 0.049464, 0.095475, -0.042161, 0.994539),
      ["LeftUpperLeg"] = CFrame.new(-0.000723, -0.097399, -0.061041, 0.892144, 0.389217, 0.229314, -0.304982, 0.893405, -0.329848, -0.333263, 0.224360, 0.915759),
      ["LowerTorso"] = CFrame.new(0.414860, -0.835045, -0.489657, 0.998325, 0.014473, -0.056019, -0.011143, 0.998178, 0.059294, 0.056775, -0.058571, 0.996668),
      ["RightFoot"] = CFrame.new(0.000000, 0.018322, -0.000103, 0.997207, -0.057110, -0.048083, -0.033784, 0.229419, -0.972746, 0.066611, 0.971651, 0.226831),
      ["RightHand"] = CFrame.new(-0.000500, 0.000001, 0.000000, 0.999992, -0.003397, 0.002252, 0.003462, 0.999559, -0.029487, -0.002151, 0.029495, 0.999563),
      ["RightLowerArm"] = CFrame.new(-0.011635, -0.042652, -0.003746, 1.000000, 0.000000, 0.000000, -0.000000, 0.999962, 0.008770, -0.000000, -0.008770, 0.999962),
      ["RightLowerLeg"] = CFrame.new(-0.000000, 0.113235, -0.100896, 1.000000, 0.000000, 0.000000, -0.000000, -0.026284, 0.999654, 0.000000, -0.999655, -0.026306),
      ["RightUpperArm"] = CFrame.new(-0.879896, -1.591446, -0.640410, 0.999305, -0.017000, 0.033178, 0.032597, -0.033404, -0.998910, 0.018090, 0.999297, -0.032827),
      ["RightUpperLeg"] = CFrame.new(-0.016716, -0.066243, -0.093048, 0.992220, 0.081791, 0.093818, -0.054336, 0.962738, -0.264903, -0.112015, 0.257771, 0.959700),
      ["UpperTorso"] = CFrame.new(-0.026192, -0.011213, 0.002985, 0.997984, 0.033823, 0.053711, -0.035229, 0.999055, 0.025445, -0.052799, -0.027286, 0.998232)
    }},
    {Time = 0.217, Data = {
      ["Head"] = CFrame.new(-0.000977, 0.067360, -0.024537, 0.999864, 0.006038, -0.015367, -0.005978, 0.999974, 0.003996, 0.015391, -0.003903, 0.999874),
      ["LeftFoot"] = CFrame.new(0.000000, 0.032399, -0.000000, 0.878987, -0.364779, -0.307133, -0.232560, 0.234404, -0.943920, 0.416289, 0.901106, 0.121181),
      ["LeftHand"] = CFrame.new(0.000500, 0.000100, 0.000000, 0.998554, 0.049751, -0.020374, -0.049329, 0.998568, 0.020722, 0.021375, -0.019686, 0.999578),
      ["LeftLowerArm"] = CFrame.new(0.005666, -0.026591, 0.010735, 1.000000, -0.000000, -0.000000, 0.000000, 0.997995, -0.063290, 0.000000, 0.063290, 0.997995),
      ["LeftLowerLeg"] = CFrame.new(0.000000, 0.126007, -0.095944, 1.000000, -0.000000, -0.000000, 0.000000, 0.005803, 0.999983, -0.000000, -0.999983, 0.005795),
      ["LeftUpperArm"] = CFrame.new(0.056978, 0.066198, 0.021086, 0.992567, 0.079771, -0.091904, -0.075460, 0.995921, 0.049464, 0.095475, -0.042161, 0.994539),
      ["LeftUpperLeg"] = CFrame.new(-0.000723, -0.097399, -0.061040, 0.865798, 0.418166, 0.274825, -0.340807, 0.894924, -0.288011, -0.366395, 0.155721, 0.917344),
      ["LowerTorso"] = CFrame.new(0.414860, -0.835045, -0.535279, 0.998325, 0.014473, -0.056019, -0.011143, 0.998178, 0.059294, 0.056775, -0.058571, 0.996668),
      ["RightFoot"] = CFrame.new(-0.000000, 0.018075, -0.000103, 0.996435, -0.064509, -0.054312, -0.039296, 0.214914, -0.975847, 0.074649, 0.974500, 0.211598),
      ["RightHand"] = CFrame.new(-0.000500, 0.000001, 0.000000, 0.999992, -0.003397, 0.002252, 0.003462, 0.999559, -0.029487, -0.002151, 0.029495, 0.999563),
      ["RightLowerArm"] = CFrame.new(-0.011635, -0.042652, -0.003746, 1.000000, 0.000000, 0.000000, -0.000000, 0.999962, 0.008770, -0.000000, -0.008770, 0.999962),
      ["RightLowerLeg"] = CFrame.new(-0.000000, 0.113166, -0.096788, 1.000000, 0.000000, 0.000000, -0.000000, 0.015774, 0.999876, 0.000000, -0.999876, 0.015750),
      ["RightUpperArm"] = CFrame.new(-0.879887, -1.591577, -0.638850, 0.999305, -0.017000, 0.033178, 0.032597, -0.033404, -0.998910, 0.018090, 0.999297, -0.032827),
      ["RightUpperLeg"] = CFrame.new(-0.016716, -0.066243, -0.093048, 0.991066, 0.084732, 0.102959, -0.061672, 0.975825, -0.209657, -0.118260, 0.201461, 0.972339),
      ["UpperTorso"] = CFrame.new(-0.026512, -0.010883, -0.002629, 0.997984, 0.033823, 0.053711, -0.035229, 0.999055, 0.025445, -0.052799, -0.027286, 0.998232)
    }},
    {Time = 0.233, Data = {
      ["Head"] = CFrame.new(-0.000977, 0.067360, -0.024537, 0.999864, 0.006038, -0.015367, -0.005978, 0.999974, 0.003996, 0.015391, -0.003903, 0.999874),
      ["LeftFoot"] = CFrame.new(0.000000, 0.032232, -0.000001, 0.857327, -0.393792, -0.331562, -0.254357, 0.235956, -0.937892, 0.447541, 0.888399, 0.102105),
      ["LeftHand"] = CFrame.new(0.000500, 0.000100, 0.000000, 0.998554, 0.049751, -0.020374, -0.049329, 0.998568, 0.020722, 0.021375, -0.019686, 0.999578),
      ["LeftLowerArm"] = CFrame.new(0.005666, -0.026591, 0.010735, 1.000000, -0.000000, -0.000000, 0.000000, 0.997995, -0.063290, 0.000000, 0.063290, 0.997995),
      ["LeftLowerLeg"] = CFrame.new(-0.000000, 0.125890, -0.093216, 1.000000, -0.000000, -0.000000, 0.000000, 0.034183, 0.999416, -0.000000, -0.999416, 0.034174),
      ["LeftUpperArm"] = CFrame.new(0.056978, 0.066198, 0.021086, 0.992567, 0.079771, -0.091904, -0.075460, 0.995921, 0.049464, 0.095475, -0.042161, 0.994539),
      ["LeftUpperLeg"] = CFrame.new(-0.000723, -0.097399, -0.061040, 0.843169, 0.439885, 0.309137, -0.368290, 0.891448, -0.263956, -0.391700, 0.108732, 0.913653),
      ["LowerTorso"] = CFrame.new(0.414860, -0.835045, -0.564798, 0.998325, 0.014473, -0.056019, -0.011143, 0.998178, 0.059294, 0.056775, -0.058571, 0.996668),
      ["RightFoot"] = CFrame.new(-0.000000, 0.017909, -0.000102, 0.995772, -0.070249, -0.059145, -0.043460, 0.207103, -0.977357, 0.080933, 0.975794, 0.203161),
      ["RightHand"] = CFrame.new(-0.000500, 0.000001, 0.000000, 0.999992, -0.003397, 0.002252, 0.003462, 0.999559, -0.029487, -0.002151, 0.029495, 0.999563),
      ["RightLowerArm"] = CFrame.new(-0.011635, -0.042652, -0.003746, 1.000000, 0.000000, 0.000000, -0.000000, 0.999962, 0.008770, -0.000000, -0.008770, 0.999962),
      ["RightLowerLeg"] = CFrame.new(-0.000000, 0.113019, -0.094005, 1.000000, 0.000000, 0.000000, -0.000000, 0.044258, 0.999021, 0.000000, -0.999020, 0.044234),
      ["RightUpperArm"] = CFrame.new(-0.879881, -1.591662, -0.637840, 0.999305, -0.017000, 0.033178, 0.032597, -0.033404, -0.998910, 0.018090, 0.999297, -0.032827),
      ["RightUpperLeg"] = CFrame.new(-0.016717, -0.066244, -0.093048, 0.990105, 0.087303, 0.109821, -0.067363, 0.982453, -0.173910, -0.123101, 0.164818, 0.978619),
      ["UpperTorso"] = CFrame.new(-0.026719, -0.010669, -0.006261, 0.997984, 0.033823, 0.053711, -0.035229, 0.999055, 0.025445, -0.052799, -0.027286, 0.998232)
    }},
    {Time = 0.250, Data = {
      ["Head"] = CFrame.new(-0.000977, 0.067360, -0.024537, 0.999864, 0.006038, -0.015367, -0.005978, 0.999974, 0.003996, 0.015391, -0.003903, 0.999874),
      ["LeftFoot"] = CFrame.new(-0.000000, 0.032171, -0.000001, 0.848276, -0.405100, -0.341083, -0.262688, 0.237405, -0.935226, 0.459807, 0.882912, 0.094947),
      ["LeftHand"] = CFrame.new(0.000500, 0.000100, 0.000000, 0.998554, 0.049751, -0.020374, -0.049329, 0.998568, 0.020722, 0.021375, -0.019686, 0.999578),
      ["LeftLowerArm"] = CFrame.new(0.005666, -0.026591, 0.010736, 1.000000, -0.000000, -0.000000, 0.000000, 0.997995, -0.063290, 0.000000, 0.063290, 0.997995),
      ["LeftLowerLeg"] = CFrame.new(0.000000, 0.125828, -0.092222, 1.000000, -0.000000, -0.000000, 0.000000, 0.044514, 0.999009, -0.000000, -0.999009, 0.044505),
      ["LeftUpperArm"] = CFrame.new(0.056978, 0.066198, 0.021086, 0.992567, 0.079771, -0.091904, -0.075460, 0.995921, 0.049464, 0.095475, -0.042161, 0.994539),
      ["LeftUpperLeg"] = CFrame.new(-0.000723, -0.097399, -0.061040, 0.833741, 0.448250, 0.322407, -0.379004, 0.889221, -0.256186, -0.401537, 0.091424, 0.911275),
      ["LowerTorso"] = CFrame.new(0.414860, -0.835045, -0.575289, 0.998325, 0.014473, -0.056019, -0.011143, 0.998178, 0.059294, 0.056775, -0.058571, 0.996668),
      ["RightFoot"] = CFrame.new(-0.000000, 0.017848, -0.000102, 0.995494, -0.072511, -0.061049, -0.045079, 0.204627, -0.977805, 0.083419, 0.976151, 0.200424),
      ["RightHand"] = CFrame.new(-0.000500, 0.000001, 0.000000, 0.999992, -0.003397, 0.002252, 0.003462, 0.999559, -0.029487, -0.002151, 0.029495, 0.999563),
      ["RightLowerArm"] = CFrame.new(-0.011635, -0.042652, -0.003746, 1.000000, 0.000000, 0.000000, -0.000000, 0.999962, 0.008770, -0.000000, -0.008770, 0.999962),
      ["RightLowerLeg"] = CFrame.new(0.000000, 0.112946, -0.092993, 1.000000, 0.000000, 0.000000, -0.000000, 0.054616, 0.998509, 0.000000, -0.998507, 0.054591),
      ["RightUpperArm"] = CFrame.new(-0.879878, -1.591692, -0.637481, 0.999305, -0.017000, 0.033178, 0.032597, -0.033404, -0.998910, 0.018090, 0.999297, -0.032827),
      ["RightUpperLeg"] = CFrame.new(-0.016716, -0.066244, -0.093048, 0.989711, 0.088373, 0.112484, -0.069605, 0.984459, -0.161220, -0.125007, 0.151759, 0.980487),
      ["UpperTorso"] = CFrame.new(-0.026793, -0.010594, -0.007551, 0.997984, 0.033823, 0.053711, -0.035229, 0.999055, 0.025445, -0.052799, -0.027286, 0.998232)
    }},
    {Time = 0.267, Data = {
      ["Head"] = CFrame.new(-0.000977, 0.067360, -0.024537, 0.999864, 0.006038, -0.015367, -0.005978, 0.999974, 0.003996, 0.015391, -0.003903, 0.999874),
      ["LeftFoot"] = CFrame.new(-0.000000, 0.032232, -0.000001, 0.857327, -0.393792, -0.331562, -0.254357, 0.235956, -0.937892, 0.447541, 0.888399, 0.102105),
      ["LeftHand"] = CFrame.new(0.000500, 0.000100, 0.000000, 0.998554, 0.049751, -0.020374, -0.049329, 0.998568, 0.020722, 0.021375, -0.019686, 0.999578),
      ["LeftLowerArm"] = CFrame.new(0.005666, -0.026591, 0.010735, 1.000000, -0.000000, -0.000000, 0.000000, 0.997995, -0.063290, 0.000000, 0.063290, 0.997995),
      ["LeftLowerLeg"] = CFrame.new(-0.000000, 0.125890, -0.093216, 1.000000, -0.000000, -0.000000, 0.000000, 0.034183, 0.999416, -0.000000, -0.999416, 0.034175),
