  return {
      ["dogrun"] = {
          {Time = 0.000, Data = {
              ["Head"] = CFrame.new(-0.000000, 0.000000, -0.000000, 0.999953, 0.005426, 0.008103, 0.005711, 0.347758, -0.937567, -0.007905, 0.937569, 0.347711),
              ["LeftFoot"] = CFrame.new(0.000000, -0.000260, -0.000000, 0.999752, -0.021343, -0.006342, 0.020510, 0.993637, -0.110747, 0.008666, 0.110589, 0.993828),
              ["LeftHand"] = CFrame.new(0.000000, 0.000000, 0.000000, 1.000000, 0.000000, -0.000000, 0.000000, 1.000000, 0.000000, 0.000000, 0.000000, 1.000000),
              ["LeftLowerArm"] = CFrame.new(0.000000, 0.000000, -0.000000, 1.000000, -0.000000, -0.000000, 0.000000, 0.987613, -0.156912, 0.000000, 0.156912, 0.987613),
              ["LeftLowerLeg"] = CFrame.new(0.000000, 0.000200, -0.010550, 1.000000, -0.000000, -0.000000, 0.000000, 0.371624, 0.928383, 0.000000, -0.928383, 0.371624),
              ["LeftUpperArm"] = CFrame.new(0.138198, -0.049770, -0.285070, 0.866753, 0.155119, -0.474001, -0.146945, -0.828787, -0.539925, -0.476599, 0.537634, -0.695560),
              ["LeftUpperLeg"] = CFrame.new(-0.064754, -0.016866, -0.092833, 0.951910, 0.270707, 0.143476, -0.230127, 0.940905, -0.248476, -0.202261, 0.203509, 0.957953),
              ["LowerTorso"] = CFrame.new(-0.033242, 0.261259, 0.764654, 1.000000, 0.000000, 0.000000, -0.000000, 0.370435, 0.928859, -0.000000, -0.928858, 0.370435),
              ["RightFoot"] = CFrame.new(-0.000000, -0.000059, -0.000100, 0.977183, -0.203574, -0.060600, 0.211762, 0.955866, 0.203656, 0.016467, -0.211842, 0.977165),
              ["RightHand"] = CFrame.new(-0.000000, 0.000000, 0.000000, 1.000000, 0.000000, -0.000000, 0.000000, 1.000000, -0.000000, -0.000000, 0.000000, 1.000000),
              ["RightLowerArm"] = CFrame.new(0.000000, 0.000000, 0.000000, 1.000000, 0.000000, -0.000000, 0.000000, 0.987613, -0.156912, 0.000000, 0.156912, 0.987613),
              ["RightLowerLeg"] = CFrame.new(-0.000000, 0.000001, -0.010550, 1.000000, 0.000000, 0.000000, 0.000000, 0.497790, 0.867297, 0.000000, -0.867298, 0.497791),
              ["RightUpperArm"] = CFrame.new(-0.142499, -0.049770, -0.285070, 0.866753, -0.155119, 0.474002, 0.146945, -0.828787, -0.539925, 0.476599, 0.537633, -0.695560),
              ["RightUpperLeg"] = CFrame.new(0.052742, -0.016866, -0.092833, 0.922290, -0.230186, -0.310476, 0.174053, 0.964601, -0.198115, 0.345089, 0.128680, 0.929707),
              ["UpperTorso"] = CFrame.new(0.000000, 0.000000, 0.000000, 0.999953, 0.005711, -0.007905, -0.002872, 0.947087, 0.320964, 0.009320, -0.320926, 0.947058)
          }},
          {Time = 0.017, Data = {
              ["Head"] = CFrame.new(0.000000, 0.000000, 0.000000, 0.999953, 0.005413, 0.008108, 0.005747, 0.344526, -0.938759, -0.007875, 0.938761, 0.344478),
              ["LeftFoot"] = CFrame.new(0.000000, -0.000260, -0.000000, 0.999992, 0.003712, 0.001103, -0.003486, 0.986954, -0.160966, -0.001686, 0.160961, 0.986959),
              ["LeftHand"] = CFrame.new(0.000000, 0.000000, 0.000000, 1.000000, 0.000000, -0.000000, -0.000000, 1.000000, 0.000000, 0.000000, 0.000000, 1.000000),
              ["LeftLowerArm"] = CFrame.new(0.000000, 0.000000, 0.000000, 1.000000, -0.000000, -0.000000, 0.000000, 0.987074, -0.160264, 0.000000, 0.160264, 0.987074),
              ["LeftLowerLeg"] = CFrame.new(0.000000, 0.000200, -0.010550, 1.000000, -0.000000, -0.000000, 0.000000, 0.239690, 0.970850, 0.000000, -0.970849, 0.239690),
              ["LeftUpperArm"] = CFrame.new(0.146740, -0.051927, -0.283081, 0.869078, 0.154345, -0.469980, -0.151568, -0.821298, -0.549997, -0.470883, 0.549224, -0.690378),
              ["LeftUpperLeg"] = CFrame.new(-0.069838, -0.016849, -0.090234, 0.944571, 0.299157, 0.135245, -0.226456, 0.891945, -0.391346, -0.237706, 0.339027, 0.910251),
              ["LowerTorso"] = CFrame.new(-0.033242, 0.281887, 0.770635, 1.000000, -0.000000, 0.000000, -0.000000, 0.314858, 0.949139, -0.000000, -0.949139, 0.314858),
              ["RightFoot"] = CFrame.new(-0.000000, -0.000060, -0.000100, 0.973471, -0.219302, -0.065283, 0.228642, 0.943321, 0.240558, 0.008827, -0.249103, 0.968437),
              ["RightHand"] = CFrame.new(-0.000265, 0.001333, -0.000101, 1.000000, 0.000000, 0.000000, 0.000000, 1.000000, -0.000000, -0.000000, 0.000000, 1.000000),
              ["RightLowerArm"] = CFrame.new(0.000000, 0.000000, -0.000000, 1.000000, 0.000000, 0.000000, 0.000000, 0.987544, -0.157342, 0.000000, 0.157342, 0.987544),
              ["RightLowerLeg"] = CFrame.new(0.000000, 0.000000, -0.010550, 1.000000, -0.000000, 0.000000, -0.000000, 0.421169, 0.906982, 0.000000, -0.906982, 0.421170),
              ["RightUpperArm"] = CFrame.new(-0.156560, -0.039214, -0.265307, 0.869392, -0.154052, 0.469495, 0.148544, -0.824724, -0.545678, 0.471267, 0.544149, -0.694125),
              ["RightUpperLeg"] = CFrame.new(0.059461, -0.015987, -0.093164, 0.921112, -0.243243, -0.303949, 0.157576, 0.946905, -0.280252, 0.355980, 0.210248, 0.910535),
              ["UpperTorso"] = CFrame.new(0.000000, 0.000000, -0.000000, 0.999952, 0.005747, -0.007875, -0.002857, 0.945072, 0.326849, 0.009321, -0.326811, 0.945044)
          }},
          {Time = 0.033, Data = {
              ["Head"] = CFrame.new(0.000000, 0.000000, -0.000000, 0.999953, 0.005379, 0.008121, 0.005845, 0.335566, -0.941999, -0.007792, 0.942001, 0.335519),
              ["LeftFoot"] = CFrame.new(-0.000000, -0.000260, 0.000000, 0.999756, 0.021168, 0.006290, -0.019437, 0.978709, -0.204332, -0.010481, 0.204160, 0.978881),
              ["LeftHand"] = CFrame.new(-0.000000, 0.000000, 0.000000, 1.000000, -0.000000, -0.000000, -0.000000, 1.000000, 0.000000, 0.000000, 0.000000, 1.000000),
              ["LeftLowerArm"] = CFrame.new(-0.000000, 0.000000, -0.000000, 1.000000, -0.000000, -0.000000, 0.000000, 0.985319, -0.170726, 0.000000, 0.170726, 0.985319),
              ["LeftLowerLeg"] = CFrame.new(-0.000000, 0.000200, -0.010550, 1.000000, 0.000000, -0.000000, 0.000000, 0.110281, 0.993900, -0.000000, -0.993900, 0.110281),
              ["LeftUpperArm"] = CFrame.new(0.157982, -0.057688, -0.280494, 0.870696, 0.153511, -0.467251, -0.167071, -0.801227, -0.574563, -0.462576, 0.578333, -0.671978),
              ["LeftUpperLeg"] = CFrame.new(-0.073611, -0.016731, -0.083179, 0.934920, 0.333635, 0.120879, -0.226808, 0.823799, -0.519533, -0.272914, 0.458305, 0.845857),
              ["LowerTorso"] = CFrame.new(-0.033242, 0.296965, 0.775024, 1.000000, -0.000000, 0.000000, -0.000000, 0.264952, 0.964262, -0.000000, -0.964262, 0.264952),
              ["RightFoot"] = CFrame.new(0.000000, -0.000060, -0.000100, 0.970923, -0.229443, -0.068301, 0.239209, 0.941039, 0.239216, 0.009388, -0.248598, 0.968561),
              ["RightHand"] = CFrame.new(-0.000984, 0.004952, -0.000373, 1.000000, -0.000000, -0.000000, 0.000000, 1.000000, -0.000000, -0.000000, 0.000000, 1.000000),
              ["RightLowerArm"] = CFrame.new(0.000000, -0.000000, -0.000000, 1.000000, -0.000000, 0.000000, -0.000000, 0.987060, -0.160351, 0.000000, 0.160351, 0.987060),
              ["RightLowerLeg"] = CFrame.new(0.000000, 0.000000, -0.010550, 1.000000, -0.000000, 0.000000, 0.000000, 0.281067, 0.959688, 0.000000, -0.959688, 0.281067),
              ["RightUpperArm"] = CFrame.new(-0.177051, -0.025778, -0.226876, 0.872101, -0.152776, 0.464865, 0.156424, -0.813120, -0.560685, 0.463651, 0.561690, -0.685225),
              ["RightUpperLeg"] = CFrame.new(0.065788, -0.013473, -0.093462, 0.924975, -0.259929, -0.277233, 0.139160, 0.910506, -0.389376, 0.353633, 0.321584, 0.878367),
              ["UpperTorso"] = CFrame.new(0.000000, 0.000000, -0.000000, 0.999953, 0.005845, -0.007792, -0.002814, 0.939203, 0.343351, 0.009325, -0.343313, 0.939175)
          }},
          {Time = 0.050, Data = {
              ["Head"] = CFrame.new(0.000000, 0.000000, 0.000000, 0.999953, 0.005326, 0.008140, 0.005992, 0.321984, -0.946726, -0.007663, 0.946730, 0.321937),
              ["LeftFoot"] = CFrame.new(0.000000, -0.000260, 0.000000, 0.999476, 0.031032, 0.009221, -0.027906, 0.970257, -0.240463, -0.016409, 0.240080, 0.970614),
              ["LeftHand"] = CFrame.new(0.000000, -0.000000, -0.000000, 1.000000, -0.000000, -0.000000, 0.000000, 1.000000, 0.000000, 0.000000, -0.000000, 1.000000),
              ["LeftLowerArm"] = CFrame.new(-0.000000, 0.000000, -0.000000, 1.000000, -0.000000, -0.000000, -0.000000, 0.981999, -0.188885, 0.000000, 0.188885, 0.981999),
              ["LeftLowerLeg"] = CFrame.new(0.000000, 0.000200, -0.010550, 1.000000, 0.000000, -0.000000, 0.000000, -0.017908, 0.999840, 0.000000, -0.999840, -0.017908),
              ["LeftUpperArm"] = CFrame.new(0.170741, -0.065987, -0.275576, 0.872522, 0.150139, -0.464934, -0.191005, -0.771057, -0.607444, -0.449691, 0.618813, -0.644087),
              ["LeftUpperLeg"] = CFrame.new(-0.076321, -0.016410, -0.072782, 0.923054, 0.372462, 0.096140, -0.231071, 0.736693, -0.635523, -0.307534, 0.564407, 0.766072),
              ["LowerTorso"] = CFrame.new(-0.033242, 0.306244, 0.778177, 1.000000, -0.000000, 0.000000, -0.000000, 0.221055, 0.975261, -0.000000, -0.975261, 0.221055),
              ["RightFoot"] = CFrame.new(-0.000000, -0.000060, -0.000100, 0.970296, -0.231866, -0.069022, 0.241410, 0.946538, 0.213979, 0.015718, -0.224286, 0.974397),
              ["RightHand"] = CFrame.new(-0.002043, 0.010284, -0.000776, 1.000000, -0.000000, 0.000000, 0.000000, 1.000000, -0.000000, 0.000000, 0.000000, 1.000000),
              ["RightLowerArm"] = CFrame.new(0.000000, -0.000000, 0.000000, 1.000000, -0.000000, -0.000000, 0.000000, 0.985699, -0.168514, 0.000000, 0.168514, 0.985699),
              ["RightLowerLeg"] = CFrame.new(0.000000, 0.000000, -0.010550, 1.000000, -0.000000, -0.000000, -0.000000, 0.114363, 0.993439, -0.000000, -0.993439, 0.114363),
              ["RightUpperArm"] = CFrame.new(-0.201413, -0.010786, -0.175558, 0.876045, -0.149379, 0.458510, 0.170288, -0.793729, -0.583949, 0.451162, 0.589644, -0.669905),
              ["RightUpperLeg"] = CFrame.new(0.071728, -0.009505, -0.093728, 0.931640, -0.273323, -0.239462, 0.123270, 0.857616, -0.499299, 0.341836, 0.435648, 0.832681),
              ["UpperTorso"] = CFrame.new(-0.000000, 0.000000, -0.000000, 0.999953, 0.005992, -0.007663, -0.002745, 0.929562, 0.368656, 0.009332, -0.368617, 0.929534)
          }},
          {Time = 0.067, Data = {
              ["Head"] = CFrame.new(0.000000, 0.000000, 0.000000, 0.999953, 0.005256, 0.008164, 0.006173, 0.304900, -0.952364, -0.007495, 0.952370, 0.304854),
              ["LeftFoot"] = CFrame.new(0.000000, -0.000260, -0.000000, 0.999393, 0.033410, 0.009928, -0.029544, 0.963172, -0.267260, -0.018491, 0.266804, 0.963574),
              ["LeftHand"] = CFrame.new(0.000000, 0.000000, 0.000000, 1.000000, -0.000000, -0.000000, -0.000000, 1.000000, 0.000000, 0.000000, -0.000000, 1.000000),
              ["LeftLowerArm"] = CFrame.new(0.000000, 0.000000, 0.000000, 1.000000, -0.000000, -0.000000, -0.000000, 0.976550, -0.215292, 0.000000, 0.215292, 0.976550),
              ["LeftLowerLeg"] = CFrame.new(0.000000, 0.000200, -0.010550, 1.000000, 0.000000, -0.000000, 0.000000, -0.145638, 0.989338, 0.000000, -0.989338, -0.145638),
              ["LeftUpperArm"] = CFrame.new(0.183834, -0.075758, -0.266596, 0.875292, 0.141699, -0.462370, -0.220716, -0.733663, -0.642669, -0.430289, 0.664575, -0.610894),
              ["LeftUpperLeg"] = CFrame.new(-0.078212, -0.015786, -0.060156, 0.909060, 0.412836, 0.056362, -0.239195, 0.627826, -0.740689, -0.341168, 0.659849, 0.669480),
              ["LowerTorso"] = CFrame.new(-0.033242, 0.309505, 0.780392, 1.000000, -0.000000, 0.000000, -0.000000, 0.183429, 0.983033, -0.000000, -0.983033, 0.183429),
              ["RightFoot"] = CFrame.new(-0.000000, -0.000060, -0.000100, 0.972072, -0.224931, -0.066958, 0.233306, 0.957078, 0.171960, 0.025405, -0.182780, 0.982826),
              ["RightHand"] = CFrame.new(-0.003330, 0.016759, -0.001264, 1.000000, -0.000000, -0.000000, 0.000000, 1.000000, -0.000000, 0.000000, -0.000000, 1.000000),
              ["RightLowerArm"] = CFrame.new(0.000000, 0.000000, 0.000000, 1.000000, 0.000000, -0.000000, 0.000000, 0.982852, -0.184397, 0.000000, 0.184397, 0.982852),
              ["RightLowerLeg"] = CFrame.new(0.000000, 0.000000, -0.010550, 1.000000, 0.000000, -0.000000, 0.000000, -0.046603, 0.998914, 0.000000, -0.998913, -0.046603),
              ["RightUpperArm"] = CFrame.new(-0.227085, 0.004444, -0.117135, 0.882243, -0.141763, 0.448944, 0.189549, -0.765928, -0.614350, 0.430950, 0.627103, -0.648863),
              ["RightUpperLeg"] = CFrame.new(0.077285, -0.004265, -0.093965, 0.938911, -0.281381, -0.198171, 0.113876, 0.797371, -0.592649, 0.324776, 0.533877, 0.780702),
              ["UpperTorso"] = CFrame.new(0.000000, -0.000000, -0.000000, 0.999953, 0.006173, -0.007495, -0.002651, 0.916134, 0.400865, 0.009341, -0.400826, 0.916107)
          }},
          {Time = 0.083, Data = {
              ["Head"] = CFrame.new(0.000000, -0.000000, -0.000000, 0.999953, 0.005173, 0.008192, 0.006375, 0.285456, -0.958371, -0.007296, 0.958378, 0.285409),
              ["LeftFoot"] = CFrame.new(0.000000, -0.000260, -0.000000, 0.999559, 0.028478, 0.008462, -0.024970, 0.959664, -0.280040, -0.016096, 0.279705, 0.959951),
              ["LeftHand"] = CFrame.new(0.000000, 0.000000, 0.000000, 1.000000, 0.000000, 0.000000, -0.000000, 1.000000, -0.000000, 0.000000, -0.000000, 1.000000),
              ["LeftLowerArm"] = CFrame.new(0.000000, 0.000000, 0.000000, 1.000000, -0.000000, -0.000000, 0.000000, 0.968132, -0.250442, 0.000000, 0.250442, 0.968132),
              ["LeftLowerLeg"] = CFrame.new(-0.000000, 0.000200, -0.010550, 1.000000, 0.000000, -0.000000, 0.000000, -0.271495, 0.962440, -0.000000, -0.962440, -0.271495),
              ["LeftUpperArm"] = CFrame.new(0.196078, -0.085933, -0.251822, 0.879462, 0.125568, -0.459106, -0.253474, -0.692859, -0.675054, -0.402861, 0.710056, -0.577515),
              ["LeftUpperLeg"] = CFrame.new(-0.079533, -0.014758, -0.046416, 0.892993, 0.450058, -0.003430, -0.251142, 0.491955, -0.833612, -0.373486, 0.745270, 0.552341),
              ["LowerTorso"] = CFrame.new(-0.033242, 0.306549, 0.781914, 1.000000, -0.000000, 0.000000, -0.000000, 0.152282, 0.988337, -0.000000, -0.988337, 0.152282),
              ["RightFoot"] = CFrame.new(-0.000000, -0.000060, -0.000100, 0.976260, -0.207599, -0.061799, 0.213590, 0.970087, 0.115374, 0.035998, -0.125834, 0.991398),
              ["RightHand"] = CFrame.new(-0.004730, 0.023806, -0.001796, 1.000000, 0.000000, 0.000000, 0.000000, 1.000000, -0.000000, 0.000000, -0.000000, 1.000000),
              ["RightLowerArm"] = CFrame.new(0.000000, -0.000000, 0.000000, 1.000000, -0.000000, -0.000000, 0.000000, 0.977588, -0.210529, 0.000000, 0.210529, 0.977588),
              ["RightLowerLeg"] = CFrame.new(0.000000, 0.000000, -0.010550, 1.000000, 0.000000, 0.000000, 0.000000, -0.176210, 0.984353, 0.000000, -0.984353, -0.176209),
              ["RightUpperArm"] = CFrame.new(-0.251507, 0.018589, -0.057389, 0.891424, -0.127516, 0.434860, 0.213205, -0.728749, -0.650745, 0.399884, 0.672804, -0.622437),
              ["RightUpperLeg"] = CFrame.new(0.082466, 0.002066, -0.094173, 0.944519, -0.287070, -0.159606, 0.114706, 0.743625, -0.658684, 0.307776, 0.603832, 0.735296),
              ["UpperTorso"] = CFrame.new(0.000000, -0.000000, 0.000000, 0.999953, 0.006375, -0.007296, -0.002535, 0.898947, 0.438050, 0.009351, -0.438010, 0.898921)
          }},
          {Time = 0.100, Data = {
              ["Head"] = CFrame.new(0.000000, 0.000000, 0.000000, 0.999953, 0.005079, 0.008220, 0.006582, 0.264808, -0.964279, -0.007074, 0.964288, 0.264762),
              ["LeftFoot"] = CFrame.new(-0.000000, -0.000260, -0.000000, 0.999852, 0.016496, 0.004902, -0.014558, 0.962660, -0.270323, -0.009178, 0.270212, 0.962757),
              ["LeftHand"] = CFrame.new(0.000000, -0.000000, -0.000000, 0.999970, 0.003552, 0.006926, -0.003836, 0.999135, 0.041401, -0.006773, -0.041426, 0.999119),
              ["LeftLowerArm"] = CFrame.new(0.000000, -0.000000, -0.000000, 1.000000, -0.000000, -0.000000, 0.000000, 0.955583, -0.294722, 0.000000, 0.294722, 0.955583),
              ["LeftLowerLeg"] = CFrame.new(0.000000, 0.000200, -0.010550, 1.000000, 0.000000, -0.000000, 0.000000, -0.391589, 0.920141, -0.000000, -0.920140, -0.391589),
              ["LeftUpperArm"] = CFrame.new(0.206289, -0.095447, -0.229521, 0.885127, 0.099035, -0.454688, -0.286757, -0.653454, -0.700548, -0.366497, 0.750460, -0.549991),
              ["LeftUpperLeg"] = CFrame.new(-0.080529, -0.013223, -0.032677, 0.874848, 0.476279, -0.088311, -0.266783, 0.321580, -0.908523, -0.404311, 0.818379, 0.408397),
              ["LowerTorso"] = CFrame.new(-0.033242, 0.297192, 0.782936, 1.000000, -0.000000, 0.000000, -0.000000, 0.127794, 0.991801, -0.000000, -0.991801, 0.127794),
              ["RightFoot"] = CFrame.new(-0.000000, -0.000060, -0.000100, 0.980006, -0.190700, -0.056768, 0.195167, 0.976834, 0.087778, 0.038714, -0.097102, 0.994521),
              ["RightHand"] = CFrame.new(-0.006130, 0.030852, -0.002327, 0.999882, -0.015049, -0.003124, 0.015116, 0.999632, 0.022532, 0.002784, -0.022577, 0.999741),
              ["RightLowerArm"] = CFrame.new(-0.000000, -0.000000, 0.000000, 1.000000, 0.000000, -0.000000, 0.000000, 0.968418, -0.249333, 0.000000, 0.249333, 0.968418),
              ["RightLowerLeg"] = CFrame.new(-0.000000, 0.000000, -0.010549, 1.000000, -0.000000, -0.000000, -0.000000, -0.268919, 0.963163, 0.000000, -0.963163, -0.268919),
              ["RightUpperArm"] = CFrame.new(-0.272121, 0.030328, -0.002098, 0.903805, -0.103800, 0.415166, 0.239677, -0.680932, -0.692017, 0.354531, 0.724954, -0.590551),
              ["RightUpperLeg"] = CFrame.new(0.087275, 0.009306, -0.094356, 0.941283, -0.310704, -0.132099, 0.119958, 0.673514, -0.729376, 0.315590, 0.670702, 0.671239),
              ["UpperTorso"] = CFrame.new(0.000000, 0.000000, 0.000000, 0.999953, 0.006582, -0.007074, -0.002397, 0.878190, 0.478307, 0.009361, -0.478267, 0.878165)
          }},
          {Time = 0.117, Data = {
              ["Head"] = CFrame.new(0.000000, -0.000000, 0.000000, 0.999954, 0.004978, 0.008249, 0.006784, 0.244116, -0.969722, -0.006841, 0.969733, 0.244071),
              ["LeftFoot"] = CFrame.new(0.000000, -0.000260, 0.000000, 0.999998, -0.002033, -0.000604, 0.001846, 0.974632, -0.223805, 0.001044, 0.223804, 0.974634),
              ["LeftHand"] = CFrame.new(-0.000000, -0.000000, 0.000000, 0.999582, 0.015538, 0.024372, -0.018799, 0.989994, 0.139851, -0.021956, -0.140250, 0.989873),
              ["LeftLowerArm"] = CFrame.new(0.000000, 0.000000, -0.000000, 1.000000, -0.000000, -0.000000, 0.000000, 0.937369, -0.348337, 0.000000, 0.348337, 0.937369),
              ["LeftLowerLeg"] = CFrame.new(0.000000, 0.000200, -0.010550, 1.000000, -0.000000, -0.000000, 0.000000, -0.499131, 0.866526, -0.000000, -0.866526, -0.499131),
              ["LeftUpperArm"] = CFrame.new(0.213283, -0.103233, -0.197963, 0.891935, 0.059331, -0.448254, -0.318615, -0.620956, -0.716169, -0.320837, 0.781597, -0.534949),
              ["LeftUpperLeg"] = CFrame.new(-0.081446, -0.011081, -0.020052, 0.854575, 0.478479, -0.201890, -0.285634, 0.108379, -0.952191, -0.433722, 0.871385, 0.229288),
              ["LowerTorso"] = CFrame.new(-0.033242, 0.281254, 0.783597, 1.000000, -0.000000, 0.000000, -0.000000, 0.110128, 0.993917, -0.000000, -0.993917, 0.110128),
              ["RightFoot"] = CFrame.new(0.000000, -0.000060, -0.000100, 0.981235, -0.184802, -0.055012, 0.190376, 0.973794, 0.124431, 0.030575, -0.132569, 0.990702),
              ["RightHand"] = CFrame.new(-0.007416, 0.037327, -0.002815, 0.998497, -0.053449, -0.012108, 0.054232, 0.995490, 0.077840, 0.007892, -0.078379, 0.996892),
              ["RightLowerArm"] = CFrame.new(0.000000, -0.000000, 0.000000, 1.000000, -0.000000, -0.000000, 0.000000, 0.953002, -0.302963, 0.000000, 0.302963, 0.953002),
              ["RightLowerLeg"] = CFrame.new(0.000000, 0.000000, -0.010550, 1.000000, 0.000000, -0.000000, -0.000000, -0.337674, 0.941263, 0.000000, -0.941263, -0.337674),
              ["RightUpperArm"] = CFrame.new(-0.286366, 0.038340, 0.042953, 0.918766, -0.067274, 0.389028, 0.266614, -0.621023, -0.737053, 0.291180, 0.780900, -0.552639),
              ["RightUpperLeg"] = CFrame.new(0.091718, 0.017272, -0.094515, 0.926788, -0.360196, -0.106411, 0.118587, 0.549462, -0.827060, 0.356373, 0.753890, 0.551949),
              ["UpperTorso"] = CFrame.new(0.000000, 0.000000, 0.000000, 0.999954, 0.006784, -0.006841, -0.002240, 0.854273, 0.519820, 0.009370, -0.519780, 0.854249)
          }},
          {Time = 0.133, Data = {
              ["Head"] = CFrame.new(0.000000, -0.000000, 0.000000, 0.999954, 0.004873, 0.008276, 0.006971, 0.224525, -0.974443, -0.006607, 0.974456, 0.224480),
              ["LeftFoot"] = CFrame.new(-0.000000, -0.000260, -0.000000, 0.999639, -0.025757, -0.007654, 0.024657, 0.992506, -0.119683, 0.010679, 0.119451, 0.992783),
              ["LeftHand"] = CFrame.new(0.000000, 0.000000, -0.000000, 0.998114, 0.038214, 0.048038, -0.049247, 0.965673, 0.255050, -0.036643, -0.256935, 0.965734),
              ["LeftLowerArm"] = CFrame.new(0.000000, -0.000000, -0.000000, 1.000000, -0.000000, -0.000000, 0.000000, 0.911552, -0.411186, 0.000000, 0.411186, 0.911551),
              ["LeftLowerLeg"] = CFrame.new(0.000000, 0.000200, -0.010550, 1.000000, 0.000000, -0.000000, 0.000000, -0.582225, 0.813028, -0.000000, -0.813028, -0.582225),
              ["LeftUpperArm"] = CFrame.new(0.215877, -0.108226, -0.155414, 0.898999, 0.003686, -0.437935, -0.348008, -0.601060, -0.719456, -0.265877, 0.799195, -0.539070),
              ["LeftUpperLeg"] = CFrame.new(-0.082532, -0.008230, -0.009654, 0.832254, 0.438084, -0.339757, -0.306125, -0.147803, -0.940448, -0.462212, 0.886700, 0.011099),
              ["LowerTorso"] = CFrame.new(-0.033242, 0.258560, 0.783979, 1.000000, -0.000000, 0.000000, -0.000000, 0.099432, 0.995044, -0.000000, -0.995044, 0.099432),
              ["RightFoot"] = CFrame.new(-0.000000, -0.000060, -0.000100, 0.979918, -0.191115, -0.056892, 0.198890, 0.957215, 0.210194, 0.014286, -0.217288, 0.976003),
              ["RightHand"] = CFrame.new(-0.008475, 0.042660, -0.003218, 0.994142, -0.104833, -0.026285, 0.107573, 0.983264, 0.147040, 0.010430, -0.149006, 0.988781),
              ["RightLowerArm"] = CFrame.new(0.000000, 0.000000, -0.000000, 1.000000, -0.000000, -0.000000, 0.000000, 0.927840, -0.372979, 0.000000, 0.372979, 0.927840),
              ["RightLowerLeg"] = CFrame.new(0.000000, 0.000000, -0.010550, 1.000000, -0.000000, 0.000000, 0.000000, -0.380801, 0.924657, 0.000000, -0.924657, -0.380801),
              ["RightUpperArm"] = CFrame.new(-0.291684, 0.041304, 0.071985, 0.934392, -0.014140, 0.355966, 0.290635, -0.547587, -0.784653, 0.206018, 0.836629, -0.507551),
              ["RightUpperLeg"] = CFrame.new(0.095799, 0.025784, -0.094651, 0.904775, -0.420386, -0.068252, 0.105434, 0.376361, -0.920454, 0.412634, 0.825608, 0.384845),
              ["UpperTorso"] = CFrame.new(0.000000, 0.000000, -0.000000, 0.999954, 0.006971, -0.006607, -0.002065, 0.827864, 0.560925, 0.009380, -0.560885, 0.827840)
          }},
          {Time = 0.150, Data = {
              ["Head"] = CFrame.new(0.000000, -0.000000, -0.000000, 0.999954, 0.004769, 0.008302, 0.007134, 0.207134, -0.978287, -0.006385, 0.978301, 0.207090),
              ["LeftFoot"] = CFrame.new(-0.000000, -0.000260, 0.000000, 0.998614, -0.050449, -0.014991, 0.051254, 0.996925, 0.059269, 0.011955, -0.059955, 0.998129),
              ["LeftHand"] = CFrame.new(-0.000000, 0.000000, -0.000000, 0.994402, 0.075849, 0.073563, -0.096848, 0.932659, 0.347518, -0.042250, -0.352697, 0.934783),
              ["LeftLowerArm"] = CFrame.new(0.000000, 0.000000, -0.000000, 1.000000, -0.000000, -0.000000, 0.000000, 0.875790, -0.482692, 0.000000, 0.482692, 0.875790),
              ["LeftLowerLeg"] = CFrame.new(0.000000, 0.000200, -0.010550, 1.000000, 0.000000, -0.000000, 0.000000, -0.623415, 0.781891, -0.000000, -0.781891, -0.623415),
              ["LeftUpperArm"] = CFrame.new(0.211389, -0.110116, -0.076931, 0.909578, -0.083011, -0.407157, -0.364841, -0.628539, -0.686899, -0.198894, 0.773336, -0.601991),
              ["LeftUpperLeg"] = CFrame.new(-0.084032, -0.004571, -0.002599, 0.808942, 0.341703, -0.478384, -0.323445, -0.420815, -0.847525, -0.490913, 0.840330, -0.229893),
              ["LowerTorso"] = CFrame.new(-0.033242, 0.228945, 0.784110, 1.000000, 0.000000, 0.000000, -0.000000, 0.095841, 0.995397, 0.000000, -0.995397, 0.095841),
              ["RightFoot"] = CFrame.new(0.000000, -0.000060, -0.000100, 0.978098, -0.199496, -0.059386, 0.207914, 0.922900, 0.324080, -0.009845, -0.329329, 0.944164),
              ["RightHand"] = CFrame.new(-0.009194, 0.046278, -0.003490, 0.986333, -0.159100, -0.042820, 0.164585, 0.963458, 0.211331, 0.007632, -0.215491, 0.976476),
              ["RightLowerArm"] = CFrame.new(-0.000000, -0.000000, -0.000000, 1.000000, -0.000000, -0.000000, 0.000000, 0.888045, -0.459757, 0.000000, 0.459757, 0.888045),
              ["RightLowerLeg"] = CFrame.new(-0.000000, 0.000000, -0.010550, 1.000000, -0.000000, 0.000000, 0.000000, -0.396259, 0.918139, -0.000000, -0.918139, -0.396259),
              ["RightUpperArm"] = CFrame.new(-0.265450, -0.037408, 0.082784, 0.949465, 0.064940, 0.307080, 0.301713, -0.458505, -0.835908, 0.086514, 0.886316, -0.454928),
              ["RightUpperLeg"] = CFrame.new(0.099524, 0.034659, -0.094766, 0.883607, -0.468198, -0.005411, 0.086586, 0.174746, -0.980799, 0.460153, 0.866173, 0.194946),
              ["UpperTorso"] = CFrame.new(-0.000000, -0.000000, -0.000000, 0.999954, 0.007134, -0.006385, -0.001875, 0.799877, 0.600162, 0.009389, -0.600122, 0.799853)
          }},
          {Time = 0.167, Data = {
              ["Head"] = CFrame.new(-0.000000, 0.000000, -0.000000, 0.999955, 0.004671, 0.008326, 0.007268, 0.192985, -0.981175, -0.006189, 0.981191, 0.192943),
              ["LeftFoot"] = CFrame.new(0.000000, -0.000260, -0.000000, 0.997807, -0.063454, -0.018855, 0.066191, 0.952899, 0.295977, -0.000814, -0.296576, 0.955009),
              ["LeftHand"] = CFrame.new(0.000000, -0.000000, 0.000000, 0.986223, 0.135726, 0.094562, -0.161901, 0.909263, 0.383444, -0.033938, -0.393471, 0.918710),
              ["LeftLowerArm"] = CFrame.new(-0.000000, 0.000000, -0.000000, 1.000000, -0.000000, -0.000000, 0.000000, 0.827419, -0.561585, 0.000000, 0.561585, 0.827419),
              ["LeftLowerLeg"] = CFrame.new(-0.000000, 0.000200, -0.010550, 1.000000, 0.000000, -0.000000, 0.000000, -0.598430, 0.801175, -0.000000, -0.801175, -0.598430),
              ["LeftUpperArm"] = CFrame.new(0.206900, -0.110386, 0.010952, 0.906851, -0.161323, -0.389355, -0.393947, -0.652744, -0.647094, -0.149758, 0.740203, -0.655494),
              ["LeftUpperLeg"] = CFrame.new(-0.086192, -0.000000, -0.000000, 0.789468, 0.214667, -0.575029, -0.324666, -0.649010, -0.688025, -0.520896, 0.729866, -0.442677),
              ["LowerTorso"] = CFrame.new(-0.033242, 0.192186, 0.785087, 1.000000, 0.000000, -0.000000, 0.000000, 0.100745, 0.994912, 0.000000, -0.994912, 0.100745),
              ["RightFoot"] = CFrame.new(0.000000, -0.000060, -0.000100, 0.985155, -0.164534, -0.048979, 0.169001, 0.879422, 0.445034, -0.030150, -0.446705, 0.894173),
              ["RightHand"] = CFrame.new(-0.009459, 0.047611, -0.003591, 0.976639, -0.207498, -0.055865, 0.214887, 0.943150, 0.253559, 0.000076, -0.259641, 0.965705),
              ["RightLowerArm"] = CFrame.new(0.000000, -0.000000, 0.000000, 1.000000, -0.000000, -0.000000, -0.000000, 0.827419, -0.561585, 0.000000, 0.561585, 0.827419),
              ["RightLowerLeg"] = CFrame.new(0.000000, 0.000001, -0.010550, 1.000000, 0.000000, 0.000000, 0.000000, -0.391041, 0.920373, -0.000000, -0.920373, -0.391041),
              ["RightUpperArm"] = CFrame.new(-0.239216, -0.116121, 0.087415, 0.944654, 0.134560, 0.299204, 0.327867, -0.355165, -0.875420, -0.011530, 0.925068, -0.379626),
              ["RightUpperLeg"] = CFrame.new(0.102897, 0.043716, -0.094862, 0.881590, -0.459520, 0.107890, 0.105221, -0.031501, -0.993950, 0.460139, 0.887608, 0.020580),
              ["UpperTorso"] = CFrame.new(0.000000, 0.000000, 0.000000, 0.999955, 0.007268, -0.006189, -0.001669, 0.771433, 0.636308, 0.009400, -0.636269, 0.771410)
          }},
          {Time = 0.183, Data = {
              ["Head"] = CFrame.new(0.000000, 0.000000, 0.000000, 0.999955, 0.004582, 0.008349, 0.007371, 0.182834, -0.983116, -0.006031, 0.983133, 0.182792),
              ["LeftFoot"] = CFrame.new(0.000000, -0.000260, 0.000000, 0.999522, -0.029642, -0.008808, 0.030410, 0.890581, 0.453807, -0.005607, -0.453858, 0.891056),
              ["LeftHand"] = CFrame.new(-0.000000, 0.000000, -0.000000, 0.970310, 0.226427, 0.085022, -0.241851, 0.911885, 0.331624, -0.002442, -0.342341, 0.939573),
              ["LeftLowerArm"] = CFrame.new(0.000000, -0.000000, 0.000000, 1.000000, -0.000000, -0.000000, 0.000000, 0.764320, -0.644838, 0.000000, 0.644838, 0.764320),
              ["LeftLowerLeg"] = CFrame.new(-0.000000, 0.000200, -0.010550, 1.000000, 0.000000, -0.000000, 0.000000, -0.470556, 0.882370, 0.000000, -0.882370, -0.470555),
              ["LeftUpperArm"] = CFrame.new(0.207909, -0.110081, 0.071856, 0.886355, -0.205147, -0.415077, -0.447212, -0.611482, -0.652757, -0.119901, 0.764202, -0.633734),
              ["LeftUpperLeg"] = CFrame.new(-0.089180, 0.007019, -0.002664, 0.795745, 0.167770, -0.581930, -0.242572, -0.792136, -0.560071, -0.554931, 0.586834, -0.589643),
              ["LowerTorso"] = CFrame.new(-0.033242, 0.149326, 0.787685, 1.000000, 0.000000, -0.000000, 0.000000, 0.115527, 0.993304, 0.000000, -0.993304, 0.115527),
              ["RightFoot"] = CFrame.new(0.000000, -0.000060, -0.000100, 0.999955, -0.009143, -0.002722, 0.009162, 0.840920, 0.541082, -0.002658, -0.541083, 0.840965),
              ["RightHand"] = CFrame.new(-0.009428, 0.047456, -0.003579, 0.967873, -0.243438, -0.062937, 0.251310, 0.928465, 0.273489, -0.008143, -0.280519, 0.959814),
              ["RightLowerArm"] = CFrame.new(-0.000000, -0.000000, 0.000000, 1.000000, -0.000000, -0.000000, 0.000000, 0.729564, -0.683913, 0.000000, 0.683913, 0.729564),
              ["RightLowerLeg"] = CFrame.new(0.000000, 0.000000, -0.010550, 1.000000, -0.000000, -0.000000, 0.000000, -0.371859, 0.928289, -0.000000, -0.928289, -0.371859),
              ["RightUpperArm"] = CFrame.new(-0.242616, -0.111588, 0.098565, 0.920403, 0.172714, 0.350754, 0.384290, -0.234504, -0.892933, -0.071969, 0.956649, -0.282210),
              ["RightUpperLeg"] = CFrame.new(0.105925, 0.052773, -0.094940, 0.889899, -0.341058, 0.302917, 0.241396, -0.211354, -0.947131, 0.387049, 0.915974, -0.105754),
              ["UpperTorso"] = CFrame.new(0.000000, 0.000000, 0.000000, 0.999955, 0.007371, -0.006031, -0.001450, 0.743666, 0.668549, 0.009413, -0.668510, 0.743643)
          }},
          {Time = 0.200, Data = {
              ["Head"] = CFrame.new(0.000000, 0.000000, 0.000000, 0.999955, 0.004502, 0.008373, 0.007447, 0.176510, -0.984271, -0.005909, 0.984288, 0.176469),
              ["LeftFoot"] = CFrame.new(0.000000, -0.000260, -0.000000, 0.999789, 0.019692, 0.005852, -0.020208, 0.891520, 0.452530, 0.003695, -0.452553, 0.891730),
              ["LeftHand"] = CFrame.new(0.000000, -0.000000, -0.000000, 0.943303, 0.330629, 0.029405, -0.329217, 0.920595, 0.210049, 0.042378, -0.207820, 0.977249),
              ["LeftLowerArm"] = CFrame.new(0.000000, 0.000000, -0.000000, 1.000000, -0.000000, -0.000000, 0.000000, 0.694891, -0.719115, 0.000000, 0.719115, 0.694892),
              ["LeftLowerLeg"] = CFrame.new(-0.000000, 0.000200, -0.010550, 1.000000, 0.000000, -0.000000, 0.000000, -0.229576, 0.973291, -0.000000, -0.973291, -0.229576),
              ["LeftUpperArm"] = CFrame.new(0.210648, -0.109255, 0.120624, 0.859147, -0.234478, -0.454847, -0.506233, -0.519350, -0.688480, -0.074792, 0.821764, -0.564898),
              ["LeftUpperLeg"] = CFrame.new(-0.092842, 0.017323, -0.009896, 0.833122, 0.228118, -0.503855, -0.093292, -0.839971, -0.534551, -0.545164, 0.492352, -0.678517),
              ["LowerTorso"] = CFrame.new(-0.033242, 0.100235, 0.791311, 1.000000, 0.000000, -0.000000, 0.000000, 0.140240, 0.990118, 0.000000, -0.990118, 0.140240),
              ["RightFoot"] = CFrame.new(-0.000000, -0.000060, -0.000100, 0.970266, 0.231983, 0.069058, -0.229081, 0.788019, 0.571444, 0.078146, -0.570272, 0.817731),
              ["RightHand"] = CFrame.new(-0.009339, 0.047005, -0.003545, 0.961437, -0.266816, -0.066698, 0.274648, 0.918748, 0.283672, -0.014410, -0.291051, 0.956599),
              ["RightLowerArm"] = CFrame.new(0.000000, 0.000000, 0.000000, 1.000000, -0.000000, -0.000000, 0.000000, 0.597370, -0.801966, 0.000000, 0.801966, 0.597370),
              ["RightLowerLeg"] = CFrame.new(0.000000, 0.000000, -0.010550, 1.000000, -0.000000, 0.000000, 0.000000, -0.329260, 0.944239, -0.000000, -0.944239, -0.329260),
              ["RightUpperArm"] = CFrame.new(-0.251846, -0.099283, 0.117149, 0.886771, 0.203740, 0.414882, 0.439685, -0.095049, -0.893108, -0.142528, 0.974400, -0.173868),
              ["RightUpperLeg"] = CFrame.new(0.108613, 0.061649, -0.095004, 0.829489, -0.165225, 0.533525, 0.468613, -0.313863, -0.825768, 0.303891, 0.934982, -0.182919),
              ["UpperTorso"] = CFrame.new(0.000000, 0.000000, 0.000000, 0.999955, 0.007447, -0.005909, -0.001223, 0.717175, 0.696892, 0.009428, -0.696854, 0.717152)
          }},
          {Time = 0.217, Data = {
              ["Head"] = CFrame.new(0.000000, -0.000000, -0.000000, 0.999955, 0.004429, 0.008398, 0.007501, 0.173642, -0.984780, -0.005820, 0.984799, 0.173601),
              ["LeftFoot"] = CFrame.new(-0.000000, -0.000260, 0.000000, 0.999975, 0.006785, 0.002016, -0.007051, 0.929798, 0.368002, 0.000622, -0.368007, 0.929823),
              ["LeftHand"] = CFrame.new(0.000000, -0.000000, 0.000000, 0.907511, 0.416353, -0.055445, -0.412726, 0.908437, 0.066325, 0.077983, -0.037307, 0.996256),
              ["LeftLowerArm"] = CFrame.new(0.000000, 0.000000, -0.000000, 1.000000, -0.000000, -0.000000, 0.000000, 0.637216, -0.770685, 0.000000, 0.770685, 0.637216),
              ["LeftLowerLeg"] = CFrame.new(-0.000000, 0.000200, -0.010550, 1.000000, 0.000000, -0.000000, 0.000000, 0.085701, 0.996321, -0.000000, -0.996321, 0.085701),
              ["LeftUpperArm"] = CFrame.new(0.214684, -0.108038, 0.158604, 0.825785, -0.246398, -0.507313, -0.563894, -0.376805, -0.734875, -0.010086, 0.892920, -0.450103),
              ["LeftUpperLeg"] = CFrame.new(-0.096946, 0.029966, -0.020553, 0.866902, 0.296471, -0.400731, 0.009886, -0.813977, -0.580813, -0.498380, 0.499547, -0.708570),
              ["LowerTorso"] = CFrame.new(-0.033242, 0.044260, 0.795252, 1.000000, 0.000000, -0.000000, 0.000000, 0.174897, 0.984587, 0.000000, -0.984587, 0.174897),
              ["RightFoot"] = CFrame.new(0.000000, -0.000060, -0.000100, 0.915842, 0.384850, 0.114562, -0.381938, 0.746875, 0.544336, 0.123924, -0.542281, 0.831008),
              ["RightHand"] = CFrame.new(-0.009194, 0.046278, -0.003490, 0.957714, -0.279668, -0.067599, 0.287116, 0.913717, 0.287552, -0.018653, -0.294802, 0.955376),
              ["RightLowerArm"] = CFrame.new(0.000000, 0.000000, -0.000000, 1.000000, 0.000000, 0.000000, 0.000000, 0.474008, -0.880520, 0.000000, 0.880520, 0.474008),
              ["RightLowerLeg"] = CFrame.new(-0.000000, 0.000000, -0.010550, 1.000000, 0.000003, 0.000004, -0.000003, -0.256488, 0.966548, 0.000004, -0.966547, -0.256488),
              ["RightUpperArm"] = CFrame.new(-0.265447, -0.081151, 0.141141, 0.843812, 0.223161, 0.488037, 0.488503, 0.057032, -0.870696, -0.222140, 0.973112, -0.060891),
              ["RightUpperLeg"] = CFrame.new(0.110964, 0.070160, -0.095052, 0.717300, -0.083966, 0.691686, 0.612767, -0.396509, -0.683592, 0.331658, 0.914183, -0.232965),
              ["UpperTorso"] = CFrame.new(0.000000, 0.000000, 0.000000, 0.999955, 0.007501, -0.005820, -0.000995, 0.692397, 0.721516, 0.009442, -0.721478, 0.692373)
          }},
          {Time = 0.233, Data = {
              ["Head"] = CFrame.new(-0.000000, -0.000000, -0.000000, 0.999955, 0.004360, 0.008425, 0.007539, 0.173882, -0.984738, -0.005759, 0.984757, 0.173842),
              ["LeftFoot"] = CFrame.new(0.000000, -0.000260, -0.000000, 0.999175, -0.038930, -0.011568, 0.040612, 0.956122, 0.290142, -0.000235, -0.290372, 0.956914),
              ["LeftHand"] = CFrame.new(0.000000, 0.000000, -0.000000, 0.874845, 0.465227, -0.134943, -0.474837, 0.878710, -0.048981, 0.095788, 0.106927, 0.989642),
              ["LeftLowerArm"] = CFrame.new(0.000000, -0.000000, -0.000000, 1.000000, -0.000000, 0.000000, 0.000000, 0.613189, -0.789936, 0.000000, 0.789936, 0.613189),
              ["LeftLowerLeg"] = CFrame.new(0.000000, 0.000200, -0.010550, 1.000000, 0.000000, -0.000000, 0.000000, 0.398737, 0.917065, 0.000000, -0.917065, 0.398737),
              ["LeftUpperArm"] = CFrame.new(0.219586, -0.106559, 0.187145, 0.788481, -0.237270, -0.567451, -0.610459, -0.189271, -0.769101, 0.075082, 0.952827, -0.294080),
              ["LeftUpperLeg"] = CFrame.new(-0.101258, 0.043999, -0.033493, 0.889621, 0.348147, -0.295581, 0.078755, -0.754461, -0.651603, -0.449858, 0.556401, -0.698602),
              ["LowerTorso"] = CFrame.new(-0.033242, -0.019237, 0.798661, 1.000000, 0.000000, -0.000000, 0.000000, 0.219472, 0.975619, 0.000000, -0.975619, 0.219472),
              ["RightFoot"] = CFrame.new(-0.000000, -0.000060, -0.000100, 0.917218, 0.381827, 0.113664, -0.384921, 0.775832, 0.499921, 0.102699, -0.502288, 0.858580),
              ["RightHand"] = CFrame.new(-0.009000, 0.045298, -0.003417, 0.956586, -0.283773, -0.066457, 0.290680, 0.912340, 0.288341, -0.021192, -0.295141, 0.955219),
              ["RightLowerArm"] = CFrame.new(0.000000, 0.000000, 0.000000, 1.000000, -0.000000, -0.000000, 0.000000, 0.419534, -0.907740, 0.000000, 0.907740, 0.419534),
              ["RightLowerLeg"] = CFrame.new(0.000000, 0.000000, -0.010550, 1.000000, 0.000000, -0.000000, 0.000000, -0.155779, 0.987792, -0.000000, -0.987792, -0.155779),
              ["RightUpperArm"] = CFrame.new(-0.281963, -0.059133, 0.168513, 0.793061, 0.227692, 0.564987, 0.525874, 0.212187, -0.823671, -0.307426, 0.950333, 0.048540),
              ["RightUpperLeg"] = CFrame.new(0.112986, 0.078127, -0.095089, 0.666310, -0.114479, 0.736835, 0.575640, -0.549153, -0.605863, 0.473994, 0.827844, -0.300008),
              ["UpperTorso"] = CFrame.new(-0.000000, -0.000000, -0.000000, 0.999955, 0.007539, -0.005759, -0.000773, 0.669753, 0.742584, 0.009455, -0.742546, 0.669728)
          }},
          {Time = 0.250, Data = {
              ["Head"] = CFrame.new(-0.000000, 0.000000, -0.000000, 0.999955, 0.004293, 0.008456, 0.007564, 0.176914, -0.984197, -0.005721, 0.984217, 0.176874),
              ["LeftFoot"] = CFrame.new(-0.000000, -0.000260, -0.000000, 0.995997, -0.085683, -0.025461, 0.089358, 0.961612, 0.259456, 0.002252, -0.260693, 0.965419),
              ["LeftHand"] = CFrame.new(0.000000, 0.000000, 0.000000, 0.860890, 0.479755, -0.169423, -0.498802, 0.861482, -0.095106, 0.100327, 0.166384, 0.980944),
              ["LeftLowerArm"] = CFrame.new(-0.000000, -0.000000, -0.000000, 1.000000, -0.000000, 0.000000, 0.000000, 0.648386, -0.761312, 0.000000, 0.761312, 0.648386),
              ["LeftLowerLeg"] = CFrame.new(-0.000000, 0.000200, -0.010550, 1.000000, 0.000000, -0.000000, 0.000000, 0.613861, 0.789414, 0.000000, -0.789414, 0.613861),
              ["LeftUpperArm"] = CFrame.new(0.224919, -0.104950, 0.207597, 0.751141, -0.206491, -0.627016, -0.636461, 0.025593, -0.770884, 0.175228, 0.978114, -0.112199),
