return {
  ["Nova pole dive dance"] = {
    {Time = 0.000, Data = {
      ["Head"] = CFrame.new(-0.003107, 0.068928, 0.157247, 0.712411, 0.208114, 0.670193, -0.059593, 0.969506, -0.237712, -0.699227, 0.129410, 0.703089),
      ["LeftFoot"] = CFrame.new(0.000000, -0.017743, -0.000004, 0.939210, 0.262649, 0.221158, -0.224622, 0.957146, -0.182809, -0.259672, 0.122010, 0.957951),
      ["LeftHand"] = CFrame.new(0.000514, -0.021462, 0.000000, 0.998635, -0.043566, 0.028801, 0.044288, 0.998708, -0.024926, -0.027677, 0.026169, 0.999274),
      ["LeftLowerArm"] = CFrame.new(0.005849, -0.055455, 0.010975, 1.000000, -0.000000, -0.000000, 0.000000, 1.000000, -0.000001, 0.000000, -0.000000, 1.000000),
      ["LeftLowerLeg"] = CFrame.new(0.000000, -0.017284, -0.000128, 1.000000, -0.000000, -0.000000, 0.000000, 1.000000, -0.000008, -0.000000, -0.000011, 1.000000),
      ["LeftUpperArm"] = CFrame.new(0.099360, -0.026022, 0.089212, 0.972948, -0.226820, 0.043881, -0.137428, -0.720912, -0.679264, 0.185705, 0.654858, -0.732581),
      ["LeftUpperLeg"] = CFrame.new(-0.000723, -0.097399, -0.061041, 0.952410, -0.280817, 0.118549, 0.270155, 0.957779, 0.098381, -0.141179, -0.061650, 0.988062),
      ["LowerTorso"] = CFrame.new(-1.144541, 0.055408, -0.986426, -0.689844, -0.028709, 0.723389, -0.013445, 0.999549, 0.026847, -0.723833, 0.008794, -0.689919),
      ["RightFoot"] = CFrame.new(0.000000, -0.124164, -0.000101, 0.925605, 0.289550, 0.243814, -0.177760, 0.901148, -0.395392, -0.334152, 0.322636, 0.885562),
      ["RightHand"] = CFrame.new(-0.000606, -0.160766, -0.000000, 0.976014, 0.206935, -0.067641, -0.191701, 0.964145, 0.183509, 0.103189, -0.166139, 0.980688),
      ["RightLowerArm"] = CFrame.new(-0.014202, -0.211453, -0.003716, 1.000000, -0.000000, 0.000000, -0.000000, 1.000000, -0.000001, -0.000000, -0.000000, 1.000000),
      ["RightLowerLeg"] = CFrame.new(-0.000000, -0.123336, -0.001590, 1.000000, -0.000000, -0.000000, -0.000000, 1.000000, -0.000006, 0.000000, -0.000009, 1.000000),
      ["RightUpperArm"] = CFrame.new(0.103736, 0.058130, 0.402958, 0.564216, 0.824403, -0.044947, 0.008604, -0.060309, -0.998143, -0.825583, 0.562781, -0.041121),
      ["RightUpperLeg"] = CFrame.new(-0.016717, -0.066244, -0.093048, 0.979461, -0.111295, 0.168100, -0.014049, 0.794186, 0.607512, -0.201144, -0.597396, 0.776319),
      ["UpperTorso"] = CFrame.new(0.008825, 0.019096, 0.020728, 0.383830, -0.020350, 0.923179, 0.013976, 0.999771, 0.016228, -0.923298, 0.006674, 0.384027)
    }},
    {Time = 0.033, Data = {
      ["Head"] = CFrame.new(-0.003107, 0.068928, 0.157247, 0.722140, 0.204142, 0.660939, -0.056932, 0.969761, -0.237323, -0.689400, 0.133751, 0.711926),
      ["LeftFoot"] = CFrame.new(0.000000, -0.021612, -0.000004, 0.936849, 0.267539, 0.225275, -0.235657, 0.958798, -0.158663, -0.258419, 0.095548, 0.961289),
      ["LeftHand"] = CFrame.new(0.000519, -0.028217, 0.000000, 0.999161, -0.033408, 0.023675, 0.034017, 0.999087, -0.025840, -0.022790, 0.026624, 0.999386),
      ["LeftLowerArm"] = CFrame.new(0.005906, -0.062519, 0.011110, 1.000000, -0.000000, -0.000000, 0.000000, 1.000000, -0.000001, 0.000000, -0.000000, 1.000000),
      ["LeftLowerLeg"] = CFrame.new(0.000000, -0.021140, -0.000179, 1.000000, -0.000000, 0.000000, -0.000000, 1.000000, -0.000008, -0.000000, -0.000011, 1.000000),
      ["LeftUpperArm"] = CFrame.new(0.096972, -0.024669, 0.101977, 0.968107, -0.242340, 0.063570, -0.134720, -0.717463, -0.683445, 0.211235, 0.653083, -0.727229),
      ["LeftUpperLeg"] = CFrame.new(-0.000723, -0.097399, -0.061041, 0.952130, -0.283475, 0.114404, 0.278367, 0.958678, 0.058740, -0.126336, -0.024058, 0.991696),
      ["LowerTorso"] = CFrame.new(-1.164912, 0.065075, -0.970230, -0.762647, -0.041202, 0.645501, -0.011113, 0.998656, 0.050615, -0.646719, 0.031428, -0.762081),
      ["RightFoot"] = CFrame.new(-0.000000, -0.049093, -0.000101, 0.962575, 0.207338, 0.174591, -0.146004, 0.939285, -0.310525, -0.228326, 0.273414, 0.934394),
      ["RightHand"] = CFrame.new(-0.000603, -0.157009, 0.000000, 0.979411, 0.192266, -0.061551, -0.178549, 0.967265, 0.180334, 0.094206, -0.165629, 0.981678),
      ["RightLowerArm"] = CFrame.new(-0.014142, -0.207489, -0.003717, 1.000000, 0.000000, 0.000000, -0.000000, 1.000000, -0.000001, -0.000000, 0.000000, 1.000000),
      ["RightLowerLeg"] = CFrame.new(-0.000000, -0.048651, -0.000614, 1.000000, -0.000000, 0.000000, 0.000000, 1.000000, -0.000007, -0.000000, -0.000011, 1.000000),
      ["RightUpperArm"] = CFrame.new(0.103499, 0.061101, 0.402832, 0.564643, 0.823686, -0.052150, 0.002663, -0.065005, -0.997882, -0.825331, 0.563308, -0.038898),
      ["RightUpperLeg"] = CFrame.new(-0.016717, -0.066244, -0.093048, 0.965536, -0.080363, 0.247511, -0.073147, 0.829021, 0.554417, -0.249778, -0.553413, 0.794582),
      ["UpperTorso"] = CFrame.new(0.007228, 0.018530, 0.021832, 0.450316, -0.023639, 0.892556, 0.039609, 0.999194, 0.006479, -0.891990, 0.032436, 0.450890)
    }},
    {Time = 0.067, Data = {
      ["Head"] = CFrame.new(-0.003107, 0.068928, 0.157247, 0.737273, 0.197746, 0.646007, -0.052695, 0.970124, -0.236820, -0.673537, 0.140560, 0.725666),
      ["LeftFoot"] = CFrame.new(0.000000, -0.028299, -0.000004, 0.933452, 0.274398, 0.231051, -0.251260, 0.959838, -0.124824, -0.256000, 0.058457, 0.964901),
      ["LeftHand"] = CFrame.new(0.000526, -0.039478, 0.000000, 0.999737, -0.017015, 0.015403, 0.017431, 0.999475, -0.027321, -0.014930, 0.027583, 0.999508),
      ["LeftLowerArm"] = CFrame.new(0.006002, -0.074295, 0.011337, 1.000000, -0.000000, -0.000000, 0.000000, 1.000000, -0.000001, 0.000000, 0.000000, 1.000000),
      ["LeftLowerLeg"] = CFrame.new(-0.000000, -0.027803, -0.000267, 1.000000, 0.000000, 0.000000, 0.000000, 1.000000, -0.000008, -0.000000, -0.000011, 1.000000),
      ["LeftUpperArm"] = CFrame.new(0.092425, -0.022295, 0.122464, 0.958905, -0.267374, 0.094930, -0.129969, -0.711353, -0.690714, 0.252207, 0.649991, -0.716870),
      ["LeftUpperLeg"] = CFrame.new(-0.000723, -0.097399, -0.061040, 0.951814, -0.286808, 0.108579, 0.288314, 0.957534, 0.001921, -0.104527, 0.029500, 0.994086),
      ["LowerTorso"] = CFrame.new(-1.198635, 0.080335, -0.946258, -0.856977, -0.050032, 0.512920, -0.005779, 0.996147, 0.087513, -0.515322, 0.072033, -0.853964),
      ["RightFoot"] = CFrame.new(-0.000000, 0.002030, -0.000101, 0.983286, 0.139298, 0.117299, -0.080522, 0.910282, -0.406096, -0.163292, 0.389849, 0.906271),
      ["RightHand"] = CFrame.new(-0.000599, -0.150306, -0.000000, 0.984059, 0.169982, -0.052296, -0.158430, 0.971473, 0.176469, 0.080799, -0.165369, 0.982916),
      ["RightLowerArm"] = CFrame.new(-0.014035, -0.200413, -0.003718, 1.000000, 0.000000, 0.000000, -0.000000, 1.000000, -0.000001, -0.000000, -0.000000, 1.000000),
      ["RightLowerLeg"] = CFrame.new(-0.000000, 0.050991, -0.013005, 1.000000, 0.000000, 0.000000, -0.000000, 0.870504, 0.492147, 0.000000, -0.492161, 0.870512),
      ["RightUpperArm"] = CFrame.new(0.102638, 0.065382, 0.402258, 0.566291, 0.821760, -0.063437, -0.005899, -0.072925, -0.997320, -0.824184, 0.565148, -0.036450),
      ["RightUpperLeg"] = CFrame.new(-0.016717, -0.066244, -0.093048, 0.954030, 0.026921, 0.298459, -0.093730, 0.972813, 0.211807, -0.284678, -0.230024, 0.930623),
      ["UpperTorso"] = CFrame.new(0.004797, 0.017610, 0.023218, 0.544692, -0.027402, 0.838188, 0.073667, 0.997166, -0.015273, -0.835394, 0.070066, 0.545167)
    }},
    {Time = 0.100, Data = {
      ["Head"] = CFrame.new(-0.003107, 0.068928, 0.157247, 0.756807, 0.189056, 0.625700, -0.047037, 0.970528, -0.236353, -0.651944, 0.149443, 0.743395),
      ["LeftFoot"] = CFrame.new(-0.000000, -0.037706, -0.000004, 0.930150, 0.280881, 0.236510, -0.267710, 0.959585, -0.086767, -0.251300, 0.017386, 0.967747),
      ["LeftHand"] = CFrame.new(0.000536, -0.055371, -0.000000, 0.999979, 0.004623, 0.004481, -0.004490, 0.999563, -0.029222, -0.004614, 0.029203, 0.999563),
      ["LeftLowerArm"] = CFrame.new(0.006137, -0.090913, 0.011659, 1.000000, -0.000000, -0.000000, 0.000000, 1.000000, -0.000001, 0.000000, -0.000000, 1.000000),
      ["LeftLowerLeg"] = CFrame.new(-0.000000, -0.037178, -0.000392, 1.000000, -0.000000, 0.000000, -0.000000, 1.000000, -0.000008, -0.000000, -0.000011, 1.000000),
      ["LeftUpperArm"] = CFrame.new(0.084975, -0.018665, 0.149729, 0.943852, -0.300969, 0.136239, -0.122706, -0.702254, -0.701271, 0.306736, 0.645180, -0.699755),
      ["LeftUpperLeg"] = CFrame.new(-0.000723, -0.097399, -0.061041, 0.951774, -0.289136, 0.102587, 0.296387, 0.952918, -0.064019, -0.079255, 0.091361, 0.992662),
      ["LowerTorso"] = CFrame.new(-1.246909, 0.100676, -0.915605, -0.944222, -0.041916, 0.326632, 0.003048, 0.990711, 0.135948, -0.329296, 0.129360, -0.935323),
      ["RightFoot"] = CFrame.new(-0.000000, 0.012175, -0.000103, 0.986316, 0.126140, 0.106218, -0.061654, 0.879435, -0.472034, -0.152904, 0.459003, 0.875158),
      ["RightHand"] = CFrame.new(-0.000592, -0.140222, 0.000001, 0.989056, 0.141846, -0.040608, -0.132845, 0.975881, 0.173231, 0.064200, -0.165938, 0.984044),
      ["RightLowerArm"] = CFrame.new(-0.013874, -0.189768, -0.003721, 1.000000, 0.000000, 0.000000, -0.000000, 1.000000, -0.000000, -0.000000, 0.000000, 1.000000),
      ["RightLowerLeg"] = CFrame.new(-0.000000, 0.095239, -0.047472, 1.000000, 0.000000, 0.000000, -0.000000, 0.520374, 0.853952, 0.000000, -0.853939, 0.520351),
      ["RightUpperArm"] = CFrame.new(0.100667, 0.070400, 0.400867, 0.570127, 0.817819, -0.078270, -0.015933, -0.084246, -0.996318, -0.821402, 0.569275, -0.035001),
      ["RightUpperLeg"] = CFrame.new(-0.016716, -0.066243, -0.093048, 0.957049, 0.084084, 0.277425, -0.034886, 0.983450, -0.177762, -0.287819, 0.160484, 0.944159),
      ["UpperTorso"] = CFrame.new(0.001760, 0.016402, 0.024496, 0.651801, -0.030182, 0.757789, 0.107106, 0.992856, -0.052582, -0.750789, 0.115437, 0.650377)
    }},
    {Time = 0.133, Data = {
      ["Head"] = CFrame.new(-0.003107, 0.068928, 0.157247, 0.779669, 0.178191, 0.600303, -0.040125, 0.970904, -0.236084, -0.624905, 0.159981, 0.764134),
      ["LeftFoot"] = CFrame.new(0.000000, -0.049127, -0.000004, 0.928981, 0.283136, 0.238409, -0.279873, 0.958828, -0.048168, -0.242208, -0.021979, 0.969970),
      ["LeftHand"] = CFrame.new(0.000550, -0.075763, 0.000000, 0.999510, 0.030151, -0.008410, -0.030399, 0.999056, -0.031028, 0.007467, 0.031270, 0.999483),
      ["LeftLowerArm"] = CFrame.new(0.006310, -0.112236, 0.012070, 1.000000, -0.000000, -0.000000, 0.000000, 1.000000, -0.000001, 0.000000, 0.000000, 1.000000),
      ["LeftLowerLeg"] = CFrame.new(0.000000, -0.048560, -0.000543, 1.000000, 0.000000, -0.000000, -0.000000, 1.000000, -0.000008, -0.000000, -0.000011, 1.000000),
      ["LeftUpperArm"] = CFrame.new(0.073839, -0.013418, 0.182410, 0.921387, -0.341706, 0.185156, -0.112209, -0.690015, -0.715044, 0.372096, 0.638057, -0.674113),
      ["LeftUpperLeg"] = CFrame.new(-0.000723, -0.097399, -0.061040, 0.952427, -0.288107, 0.099376, 0.299566, 0.944987, -0.131356, -0.056072, 0.154901, 0.986342),
      ["LowerTorso"] = CFrame.new(-1.310405, 0.125649, -0.876241, -0.995112, -0.005100, 0.098626, 0.014188, 0.980924, 0.193875, -0.097733, 0.194327, -0.976056),
      ["RightFoot"] = CFrame.new(-0.000000, 0.016396, -0.000103, 0.970907, 0.183196, 0.154259, -0.090011, 0.875970, -0.473914, -0.221897, 0.446224, 0.866954),
      ["RightHand"] = CFrame.new(-0.000583, -0.126276, 0.000000, 0.993600, 0.109632, -0.027217, -0.103380, 0.979647, 0.172059, 0.045526, -0.168142, 0.984711),
      ["RightLowerArm"] = CFrame.new(-0.013651, -0.175047, -0.003724, 1.000000, 0.000000, 0.000000, -0.000000, 1.000000, -0.000000, -0.000000, 0.000000, 1.000000),
      ["RightLowerLeg"] = CFrame.new(-0.000000, 0.110072, -0.077232, 1.000000, 0.000000, 0.000000, -0.000000, 0.216038, 0.976392, 0.000000, -0.976385, 0.216005),
      ["RightUpperArm"] = CFrame.new(0.097170, 0.075653, 0.398328, 0.576985, 0.811075, -0.096155, -0.026433, -0.099123, -0.994724, -0.816327, 0.576482, -0.035753),
      ["RightUpperLeg"] = CFrame.new(-0.016717, -0.066243, -0.093048, 0.959422, 0.012223, 0.281680, 0.119703, 0.886860, -0.446228, -0.255305, 0.461876, 0.849433),
      ["UpperTorso"] = CFrame.new(-0.001604, 0.015052, 0.025359, 0.756674, -0.030939, 0.653060, 0.130773, 0.985856, -0.104816, -0.640580, 0.164714, 0.750018)
    }},
    {Time = 0.167, Data = {
      ["Head"] = CFrame.new(-0.003107, 0.068928, 0.157247, 0.804746, 0.165283, 0.570145, -0.032140, 0.971179, -0.236176, -0.592749, 0.171737, 0.786864),
      ["LeftFoot"] = CFrame.new(-0.000000, -0.061403, -0.000004, 0.932229, 0.276818, 0.233089, -0.282484, 0.959226, -0.009405, -0.226166, -0.057076, 0.972410),
      ["LeftHand"] = CFrame.new(0.000566, -0.100041, 0.000000, 0.998056, 0.058107, -0.022540, -0.058806, 0.997767, -0.031673, 0.020649, 0.032938, 0.999244),
      ["LeftLowerArm"] = CFrame.new(0.006517, -0.137622, 0.012558, 1.000000, 0.000000, -0.000000, 0.000000, 1.000000, -0.000001, 0.000000, 0.000000, 1.000000),
      ["LeftLowerLeg"] = CFrame.new(0.000000, -0.060793, -0.000705, 1.000000, 0.000000, 0.000000, -0.000000, 1.000000, -0.000007, -0.000000, -0.000010, 1.000000),
      ["LeftUpperArm"] = CFrame.new(0.058448, -0.006103, 0.218692, 0.890369, -0.387591, 0.238780, -0.097574, -0.674805, -0.731517, 0.444659, 0.628022, -0.638645),
      ["LeftUpperLeg"] = CFrame.new(-0.000723, -0.097399, -0.061040, 0.954039, -0.281398, 0.103069, 0.296749, 0.935073, -0.193831, -0.041841, 0.215531, 0.975606),
      ["LowerTorso"] = CFrame.new(-1.386862, 0.154607, -0.823200, -0.987081, 0.064513, -0.146663, 0.024855, 0.965931, 0.257604, 0.158285, 0.250631, -0.955055),
      ["RightFoot"] = CFrame.new(-0.000000, 0.017712, -0.000103, 0.924325, 0.291928, 0.245812, -0.152693, 0.873162, -0.462913, -0.349725, 0.390341, 0.851639),
      ["RightHand"] = CFrame.new(-0.000571, -0.108150, 0.000000, 0.997089, 0.075149, -0.012866, -0.071763, 0.982041, 0.174488, 0.025747, -0.173055, 0.984575),
      ["RightLowerArm"] = CFrame.new(-0.013362, -0.155914, -0.003728, 1.000000, 0.000000, 0.000000, -0.000000, 1.000000, -0.000001, -0.000000, 0.000000, 1.000000),
      ["RightLowerLeg"] = CFrame.new(0.000000, 0.112724, -0.090618, 1.000000, 0.000000, 0.000000, -0.000000, 0.078917, 0.996883, 0.000000, -0.996881, 0.078892),
      ["RightUpperArm"] = CFrame.new(0.091939, 0.080760, 0.394440, 0.587284, 0.800938, -0.116606, -0.036645, -0.117607, -0.992384, -0.808551, 0.587084, -0.039718),
      ["RightUpperLeg"] = CFrame.new(-0.016717, -0.066244, -0.093048, 0.918717, -0.162129, 0.360088, 0.343610, 0.777569, -0.526578, -0.194658, 0.607537, 0.770099),
      ["UpperTorso"] = CFrame.new(-0.004979, 0.013755, 0.025655, 0.846860, -0.029309, 0.531008, 0.138108, 0.976344, -0.166367, -0.513571, 0.214226, 0.830875)
    }},
    {Time = 0.200, Data = {
      ["Head"] = CFrame.new(-0.003107, 0.068928, 0.157247, 0.830922, 0.150503, 0.535647, -0.023286, 0.971283, -0.236783, -0.555902, 0.184275, 0.810565),
      ["LeftFoot"] = CFrame.new(0.000000, -0.073353, -0.000004, 0.940978, 0.258918, 0.218017, -0.272140, 0.961711, 0.032441, -0.201249, -0.089855, 0.975406),
      ["LeftHand"] = CFrame.new(0.000583, -0.126795, 0.000000, 0.995483, 0.087303, -0.037315, -0.088424, 0.995646, -0.029510, 0.034576, 0.032677, 0.998868),
      ["LeftLowerArm"] = CFrame.new(0.006744, -0.165595, 0.013098, 1.000000, -0.000000, -0.000000, 0.000000, 1.000000, -0.000001, 0.000000, -0.000000, 1.000000),
      ["LeftLowerLeg"] = CFrame.new(0.000000, -0.072702, -0.000863, 1.000000, -0.000000, -0.000000, -0.000000, 1.000000, -0.000007, -0.000000, -0.000010, 1.000000),
      ["LeftUpperArm"] = CFrame.new(0.038675, 0.003749, 0.256417, 0.850545, -0.436078, 0.293953, -0.077862, -0.657209, -0.749676, 0.520106, 0.614746, -0.592940),
      ["LeftUpperLeg"] = CFrame.new(-0.000724, -0.097400, -0.061041, 0.956225, -0.267847, 0.117851, 0.289491, 0.924693, -0.247239, -0.042761, 0.270556, 0.961761),
      ["LowerTorso"] = CFrame.new(-1.469345, 0.186297, -0.750921, -0.911962, 0.158964, -0.378226, 0.031802, 0.946503, 0.321125, 0.409040, 0.280825, -0.868230),
      ["RightFoot"] = CFrame.new(-0.000000, 0.017194, -0.000104, 0.864699, 0.384246, 0.323541, -0.212179, 0.863187, -0.458151, -0.455275, 0.327510, 0.827900),
      ["RightHand"] = CFrame.new(-0.000557, -0.085885, 0.000000, 0.999189, 0.040231, 0.001700, -0.039868, 0.982482, 0.182044, 0.005653, -0.181962, 0.983289),
      ["RightLowerArm"] = CFrame.new(-0.013006, -0.132414, -0.003733, 1.000000, 0.000000, 0.000000, -0.000000, 1.000000, -0.000000, -0.000000, 0.000000, 1.000000),
      ["RightLowerLeg"] = CFrame.new(0.000000, 0.111715, -0.083846, 1.000000, 0.000000, 0.000000, -0.000000, 0.148236, 0.988957, 0.000000, -0.988952, 0.148204),
      ["RightUpperArm"] = CFrame.new(0.085095, 0.085513, 0.389205, 0.600778, 0.787220, -0.139106, -0.046148, -0.139568, -0.989137, -0.798083, 0.600671, -0.047521),
      ["RightUpperLeg"] = CFrame.new(-0.016717, -0.066244, -0.093048, 0.830425, -0.379712, 0.407682, 0.539315, 0.731411, -0.417305, -0.139763, 0.566442, 0.812189),
      ["UpperTorso"] = CFrame.new(-0.008059, 0.012702, 0.025415, 0.914688, -0.025623, 0.403349, 0.127661, 0.965212, -0.228184, -0.383470, 0.260209, 0.886139)
    }},
    {Time = 0.233, Data = {
      ["Head"] = CFrame.new(-0.003107, 0.068928, 0.157247, 0.857122, 0.134076, 0.497358, -0.013789, 0.971158, -0.238038, -0.514929, 0.197170, 0.834250),
      ["LeftFoot"] = CFrame.new(0.000000, -0.084181, -0.000004, 0.953878, 0.229641, 0.193365, -0.248902, 0.965075, 0.081722, -0.167826, -0.126077, 0.977718),
      ["LeftHand"] = CFrame.new(0.000601, -0.153852, -0.000000, 0.991718, 0.117220, -0.052485, -0.118525, 0.992697, -0.022466, 0.049468, 0.028502, 0.998369),
      ["LeftLowerArm"] = CFrame.new(0.006974, -0.193885, 0.013643, 1.000000, -0.000000, -0.000000, 0.000000, 1.000000, -0.000001, 0.000000, -0.000000, 1.000000),
      ["LeftLowerLeg"] = CFrame.new(0.000000, -0.083494, -0.001006, 1.000000, -0.000000, -0.000000, 0.000000, 1.000000, -0.000007, 0.000000, -0.000010, 1.000000),
      ["LeftUpperArm"] = CFrame.new(0.014984, 0.016541, 0.293311, 0.802845, -0.484269, 0.347739, -0.052272, -0.638203, -0.768092, 0.593892, 0.598482, -0.537692),
      ["LeftUpperLeg"] = CFrame.new(-0.000723, -0.097399, -0.061041, 0.957556, -0.248338, 0.146324, 0.281457, 0.915081, -0.288784, -0.062190, 0.317733, 0.946146),
      ["LowerTorso"] = CFrame.new(-1.546671, 0.218564, -0.656638, -0.780122, 0.259417, -0.569308, 0.033007, 0.925780, 0.376620, 0.624756, 0.275019, -0.730784),
      ["RightFoot"] = CFrame.new(-0.000000, 0.014623, -0.000103, 0.849375, 0.403754, 0.339964, -0.242378, 0.870510, -0.428345, -0.468844, 0.281417, 0.837225),
      ["RightHand"] = CFrame.new(-0.000540, -0.060229, -0.000000, 0.999854, 0.006676, 0.015752, -0.009636, 0.980545, 0.196059, -0.014137, -0.196180, 0.980466),
      ["RightLowerArm"] = CFrame.new(-0.012597, -0.105335, -0.003739, 1.000000, 0.000000, 0.000000, -0.000000, 1.000000, -0.000001, -0.000000, 0.000000, 1.000000),
      ["RightLowerLeg"] = CFrame.new(-0.000000, 0.104096, -0.061559, 1.000000, 0.000000, 0.000000, -0.000000, 0.376354, 0.926490, 0.000000, -0.926476, 0.376320),
      ["RightUpperArm"] = CFrame.new(0.077179, 0.089880, 0.382927, 0.616387, 0.770367, -0.163100, -0.054876, -0.164599, -0.984833, -0.785529, 0.615988, -0.059182),
      ["RightUpperLeg"] = CFrame.new(-0.016717, -0.066244, -0.093048, 0.764097, -0.557321, 0.324877, 0.632591, 0.745994, -0.208071, -0.126427, 0.364537, 0.922584),
      ["UpperTorso"] = CFrame.new(-0.010596, 0.012012, 0.024812, 0.958446, -0.020690, 0.284523, 0.103928, 0.954150, -0.280707, -0.265670, 0.298613, 0.916652)
    }},
    {Time = 0.267, Data = {
      ["Head"] = CFrame.new(-0.003107, 0.068928, 0.157247, 0.882364, 0.116289, 0.455972, -0.003892, 0.970754, -0.240044, -0.470551, 0.210031, 0.857011),
      ["LeftFoot"] = CFrame.new(-0.000000, -0.093399, -0.000004, 0.967609, 0.193122, 0.162615, -0.216554, 0.965981, 0.141375, -0.129763, -0.172004, 0.976509),
      ["LeftHand"] = CFrame.new(0.000617, -0.178297, -0.000000, 0.986590, 0.148259, -0.068266, -0.149165, 0.988777, -0.008344, 0.066262, 0.018416, 0.997632),
      ["LeftLowerArm"] = CFrame.new(0.007181, -0.219442, 0.014136, 1.000000, -0.000000, -0.000000, 0.000000, 1.000000, -0.000001, 0.000000, 0.000000, 1.000000),
      ["LeftLowerLeg"] = CFrame.new(0.000000, -0.092680, -0.001128, 1.000000, -0.000000, 0.000000, -0.000000, 1.000000, -0.000007, 0.000000, -0.000010, 1.000000),
      ["LeftUpperArm"] = CFrame.new(-0.011577, 0.032539, 0.327291, 0.749363, -0.529227, 0.397962, -0.020268, -0.619057, -0.785085, 0.661849, 0.580248, -0.474625),
      ["LeftUpperLeg"] = CFrame.new(-0.000723, -0.097399, -0.061041, 0.955748, -0.225774, 0.188597, 0.276655, 0.907786, -0.315237, -0.100042, 0.353485, 0.930084),
      ["LowerTorso"] = CFrame.new(-1.606137, 0.248461, -0.542656, -0.618143, 0.343220, -0.707177, 0.028840, 0.908938, 0.415933, 0.785537, 0.236711, -0.571752),
      ["RightFoot"] = CFrame.new(-0.000000, 0.008308, -0.000102, 0.889706, 0.349247, 0.294072, -0.242368, 0.907119, -0.344098, -0.386886, 0.234865, 0.891694),
      ["RightHand"] = CFrame.new(-0.000521, -0.032795, 0.000000, 0.999304, -0.023912, 0.028639, 0.017122, 0.975933, 0.217398, -0.033147, -0.216755, 0.975663),
      ["RightLowerArm"] = CFrame.new(-0.012158, -0.076380, -0.003746, 1.000000, 0.000000, 0.000000, 0.000000, 1.000000, -0.000000, -0.000000, 0.000000, 1.000000),
      ["RightLowerLeg"] = CFrame.new(-0.000000, 0.082977, -0.034896, 1.000000, 0.000000, 0.000000, -0.000000, 0.649063, 0.760744, 0.000000, -0.760735, 0.649052),
      ["RightUpperArm"] = CFrame.new(0.069170, 0.094010, 0.376295, 0.632155, 0.751676, -0.188052, -0.063129, -0.191926, -0.979377, -0.772266, 0.630990, -0.073874),
      ["RightUpperLeg"] = CFrame.new(-0.016717, -0.066243, -0.093048, 0.759046, -0.626886, 0.175692, 0.631876, 0.774353, 0.033030, -0.156786, 0.085976, 0.983891),
      ["UpperTorso"] = CFrame.new(-0.012421, 0.011712, 0.024099, 0.981781, -0.015459, 0.189386, 0.075928, 0.945573, -0.316429, -0.174187, 0.325043, 0.929519)
    }},
    {Time = 0.300, Data = {
      ["Head"] = CFrame.new(-0.003107, 0.068928, 0.157247, 0.905805, 0.097496, 0.412325, 0.006143, 0.970041, -0.242865, -0.423651, 0.222521, 0.878069),
      ["LeftFoot"] = CFrame.new(-0.000000, -0.100573, -0.000003, 0.979041, 0.155799, 0.131188, -0.181103, 0.960618, 0.210755, -0.093171, -0.230086, 0.968696),
      ["LeftHand"] = CFrame.new(0.000630, -0.196880, -0.000000, 0.979632, 0.181759, -0.085348, -0.181154, 0.983343, 0.014843, 0.086623, 0.000922, 0.996241),
      ["LeftLowerArm"] = CFrame.new(0.007338, -0.238871, 0.014510, 1.000000, -0.000000, -0.000000, 0.000000, 1.000000, -0.000001, 0.000000, -0.000000, 1.000000),
      ["LeftLowerLeg"] = CFrame.new(0.000000, -0.099829, -0.001223, 1.000000, 0.000000, -0.000000, -0.000000, 1.000000, -0.000007, -0.000000, -0.000010, 1.000000),
      ["LeftUpperArm"] = CFrame.new(-0.039570, 0.051866, 0.356731, 0.692977, -0.568313, 0.443625, 0.018395, -0.601187, -0.798896, 0.720725, 0.561777, -0.406155),
      ["LeftUpperLeg"] = CFrame.new(-0.000723, -0.097399, -0.061040, 0.948196, -0.203987, 0.243536, 0.277276, 0.905564, -0.321028, -0.155060, 0.371945, 0.915222),
      ["LowerTorso"] = CFrame.new(-1.636803, 0.272828, -0.415905, -0.460812, 0.392467, -0.796004, 0.021870, 0.901657, 0.431898, 0.887228, 0.181616, -0.424077),
      ["RightFoot"] = CFrame.new(0.000000, 0.002445, -0.000101, 0.946078, 0.247816, 0.208671, -0.204464, 0.956345, -0.208809, -0.251261, 0.154889, 0.955435),
      ["RightHand"] = CFrame.new(-0.000504, -0.006153, 0.000000, 0.997936, -0.050343, 0.039867, 0.039021, 0.968445, 0.246155, -0.051000, -0.244089, 0.968410),
      ["RightLowerArm"] = CFrame.new(-0.011733, -0.048262, -0.003750, 1.000000, -0.000000, 0.000000, -0.000000, 1.000000, -0.000000, -0.000000, 0.000000, 1.000000),
      ["RightLowerLeg"] = CFrame.new(-0.000000, 0.054107, -0.014619, 1.000000, 0.000000, 0.000000, -0.000000, 0.854301, 0.519765, 0.000000, -0.519778, 0.854309),
      ["RightUpperArm"] = CFrame.new(0.062420, 0.098231, 0.370414, 0.645375, 0.733400, -0.213578, -0.071564, -0.220321, -0.972799, -0.760506, 0.643104, -0.089705),
      ["RightUpperLeg"] = CFrame.new(-0.016717, -0.066243, -0.093047, 0.790304, -0.607926, 0.076507, 0.572389, 0.777071, 0.261757, -0.218613, -0.163055, 0.962097),
      ["UpperTorso"] = CFrame.new(-0.013428, 0.011772, 0.023523, 0.991243, -0.010733, 0.131617, 0.054096, 0.942229, -0.330573, -0.120465, 0.334798, 0.934558)
    }},
    {Time = 0.333, Data = {
      ["Head"] = CFrame.new(-0.003107, 0.068928, 0.157247, 0.926783, 0.078113, 0.367385, 0.016052, 0.969004, -0.246522, -0.375254, 0.234370, 0.896803),
      ["LeftFoot"] = CFrame.new(-0.000000, -0.102413, -0.000004, 0.987015, 0.122876, 0.103466, -0.148139, 0.945323, 0.290563, -0.062093, -0.302103, 0.951246),
      ["LeftHand"] = CFrame.new(0.000637, -0.208712, -0.000000, 0.970712, 0.216896, -0.103319, -0.212924, 0.975881, 0.048166, 0.111273, -0.024755, 0.993481),
      ["LeftLowerArm"] = CFrame.new(0.007440, -0.251242, 0.014747, 1.000000, -0.000000, -0.000000, 0.000000, 1.000000, -0.000001, 0.000000, -0.000000, 1.000000),
      ["LeftLowerLeg"] = CFrame.new(0.000000, -0.101664, -0.001247, 1.000000, -0.000000, -0.000000, 0.000000, 1.000000, -0.000007, -0.000000, -0.000010, 1.000000),
      ["LeftUpperArm"] = CFrame.new(-0.066395, 0.073614, 0.379774, 0.638884, -0.598425, 0.483440, 0.061900, -0.586388, -0.807662, 0.766809, 0.545927, -0.337592),
      ["LeftUpperLeg"] = CFrame.new(-0.000723, -0.097400, -0.061041, 0.938215, -0.185752, 0.291963, 0.276738, 0.909306, -0.310751, -0.207769, 0.372370, 0.904539),
      ["LowerTorso"] = CFrame.new(-1.643945, 0.290371, -0.282521, -0.319312, 0.406184, -0.856186, 0.014090, 0.905419, 0.424285, 0.947545, 0.123415, -0.294834),
      ["RightFoot"] = CFrame.new(0.000000, -0.000933, -0.000101, 0.984133, 0.135743, 0.114306, -0.128571, 0.989365, -0.068022, -0.122278, 0.052264, 0.991114),
      ["RightHand"] = CFrame.new(-0.000498, 0.003184, -0.000000, 0.996503, -0.068882, 0.047302, 0.047235, 0.931330, 0.361104, -0.068927, -0.357604, 0.931325),
      ["RightLowerArm"] = CFrame.new(-0.011585, -0.021699, -0.002343, 1.000000, 0.000000, 0.000000, -0.000000, 0.985741, -0.168269, -0.000000, 0.168269, 0.985741),
      ["RightLowerLeg"] = CFrame.new(0.000000, 0.029528, -0.004802, 1.000000, 0.000000, 0.000000, -0.000000, 0.952689, 0.303922, 0.000000, -0.303946, 0.952697),
      ["RightUpperArm"] = CFrame.new(0.057167, 0.101525, 0.365697, 0.655575, 0.734043, -0.177208, -0.078148, -0.167463, -0.982776, -0.751076, 0.658131, -0.052421),
      ["RightUpperLeg"] = CFrame.new(-0.016717, -0.066244, -0.093048, 0.823879, -0.564291, 0.052938, 0.489319, 0.755346, 0.435893, -0.285990, -0.333208, 0.898440),
      ["UpperTorso"] = CFrame.new(-0.013933, 0.012185, 0.023013, 0.994959, -0.006868, 0.100052, 0.039116, 0.945215, -0.324096, -0.092344, 0.326376, 0.940719)
    }},
    {Time = 0.367, Data = {
      ["Head"] = CFrame.new(-0.003107, 0.068928, 0.157247, 0.944852, 0.058602, 0.322211, 0.025577, 0.967651, -0.250993, -0.326496, 0.245392, 0.912789),
      ["LeftFoot"] = CFrame.new(-0.000000, -0.097550, -0.000003, 0.991924, 0.097027, 0.081701, -0.120898, 0.918038, 0.377628, -0.038353, -0.384437, 0.922346),
      ["LeftHand"] = CFrame.new(0.000642, -0.214985, -0.000001, 0.959866, 0.252690, -0.121674, -0.242780, 0.965842, 0.090593, 0.140409, -0.057416, 0.988427),
      ["LeftLowerArm"] = CFrame.new(0.007494, -0.257799, 0.014874, 1.000000, -0.000000, -0.000000, 0.000000, 1.000000, -0.000001, 0.000000, -0.000000, 1.000000),
      ["LeftLowerLeg"] = CFrame.new(0.000000, -0.096817, -0.001183, 1.000000, 0.000000, -0.000000, 0.000000, 1.000000, -0.000007, -0.000000, -0.000010, 1.000000),
      ["LeftUpperArm"] = CFrame.new(-0.090085, 0.096116, 0.396141, 0.591023, -0.619195, 0.517001, 0.106917, -0.575134, -0.811043, 0.799538, 0.534621, -0.273715),
      ["LeftUpperLeg"] = CFrame.new(-0.000723, -0.097399, -0.061040, 0.932099, -0.173012, 0.318201, 0.270536, 0.916704, -0.294027, -0.240834, 0.360168, 0.901275),
      ["LowerTorso"] = CFrame.new(-1.637620, 0.303088, -0.146178, -0.185722, 0.393331, -0.900443, 0.006072, 0.916828, 0.399235, 0.982584, 0.068679, -0.172664),
      ["RightFoot"] = CFrame.new(0.000000, -0.002824, -0.000101, 0.998909, 0.035731, 0.030095, -0.036597, 0.998923, 0.028568, -0.028998, -0.029617, 0.999139),
      ["RightHand"] = CFrame.new(-0.000496, 0.005161, -0.000000, 0.995885, -0.075549, 0.050052, 0.045298, 0.893334, 0.447109, -0.078491, -0.442998, 0.893078),
      ["RightLowerArm"] = CFrame.new(-0.011554, -0.009045, 0.000075, 1.000000, 0.000000, 0.000000, -0.000000, 0.961293, -0.275527, -0.000000, 0.275527, 0.961293),
      ["RightLowerLeg"] = CFrame.new(0.000000, 0.017453, -0.002111, 1.000000, -0.000000, 0.000000, -0.000000, 0.979580, 0.201029, 0.000000, -0.201053, 0.979585),
      ["RightUpperArm"] = CFrame.new(0.052592, 0.103089, 0.361636, 0.664390, 0.729914, -0.160659, -0.081268, -0.143133, -0.986361, -0.742955, 0.668385, -0.035777),
      ["RightUpperLeg"] = CFrame.new(-0.016717, -0.066244, -0.093048, 0.849697, -0.521399, 0.078464, 0.405521, 0.741369, 0.534703, -0.336999, -0.422510, 0.841389),
      ["UpperTorso"] = CFrame.new(-0.014327, 0.012898, 0.022373, 0.997191, -0.003785, 0.074809, 0.026315, 0.952764, -0.302568, -0.070130, 0.303687, 0.950187)
    }},
    {Time = 0.400, Data = {
      ["Head"] = CFrame.new(-0.003107, 0.068928, 0.157247, 0.959794, 0.039459, 0.277920, 0.034475, 0.966006, -0.256212, -0.278582, 0.255492, 0.925806),
      ["LeftFoot"] = CFrame.new(-0.000000, -0.087969, -0.000003, 0.994711, 0.078578, 0.066166, -0.100378, 0.880322, 0.463656, -0.021805, -0.467823, 0.883542),
      ["LeftHand"] = CFrame.new(0.000642, -0.215899, 0.000000, 0.946577, 0.290075, -0.140885, -0.270962, 0.952320, 0.140236, 0.174845, -0.094568, 0.980043),
      ["LeftLowerArm"] = CFrame.new(0.007501, -0.258756, 0.014892, 1.000000, -0.000000, -0.000000, -0.000000, 1.000000, -0.000001, 0.000000, -0.000000, 1.000000),
      ["LeftLowerLeg"] = CFrame.new(0.000000, -0.087269, -0.001056, 1.000000, -0.000000, -0.000000, 0.000000, 1.000000, -0.000007, 0.000000, -0.000010, 1.000000),
      ["LeftUpperArm"] = CFrame.new(-0.110396, 0.118468, 0.407056, 0.549880, -0.632436, 0.545580, 0.151631, -0.566758, -0.809811, 0.821365, 0.528026, -0.215752),
      ["LeftUpperLeg"] = CFrame.new(-0.000723, -0.097399, -0.061040, 0.929817, -0.167093, 0.327894, 0.261667, 0.926686, -0.269764, -0.258787, 0.336651, 0.905380),
      ["LowerTorso"] = CFrame.new(-1.617298, 0.313264, -0.010821, -0.064248, 0.359367, -0.930982, -0.001281, 0.932879, 0.360188, 0.997933, 0.024334, -0.059476),
      ["RightFoot"] = CFrame.new(0.000000, -0.001954, -0.000101, 0.998566, -0.040948, -0.034470, 0.043113, 0.996965, 0.064834, 0.031753, -0.066208, 0.997301),
      ["RightHand"] = CFrame.new(-0.000496, 0.005742, 0.000000, 0.996416, -0.069733, 0.047885, 0.036766, 0.866828, 0.497254, -0.076183, -0.493708, 0.866282),
      ["RightLowerArm"] = CFrame.new(-0.011545, -0.005118, 0.001095, 1.000000, 0.000000, 0.000000, 0.000000, 0.950974, -0.309272, -0.000000, 0.309272, 0.950974),
      ["RightLowerLeg"] = CFrame.new(-0.000000, 0.022816, -0.003153, 1.000000, 0.000000, -0.000000, -0.000000, 0.969172, 0.246364, 0.000000, -0.246387, 0.969177),
      ["RightUpperArm"] = CFrame.new(0.048560, 0.102758, 0.358192, 0.672090, 0.721285, -0.167458, -0.080599, -0.153546, -0.984849, -0.736069, 0.675404, -0.045062),
      ["RightUpperLeg"] = CFrame.new(-0.016717, -0.066244, -0.093048, 0.864129, -0.482345, 0.143581, 0.334959, 0.764206, 0.551162, -0.375610, -0.428174, 0.821952),
      ["UpperTorso"] = CFrame.new(-0.014627, 0.013808, 0.021624, 0.998472, -0.001408, 0.055235, 0.016262, 0.962886, -0.269420, -0.052806, 0.269906, 0.961438)
    }},
    {Time = 0.433, Data = {
      ["Head"] = CFrame.new(-0.003107, 0.068928, 0.157247, 0.971609, 0.021197, 0.235641, 0.042529, 0.964108, -0.262083, -0.232739, 0.264663, 0.935834),
      ["LeftFoot"] = CFrame.new(0.000000, -0.075446, -0.000004, 0.996208, 0.066558, 0.056045, -0.086342, 0.835707, 0.542369, -0.010729, -0.545128, 0.838269),
      ["LeftHand"] = CFrame.new(0.000640, -0.211828, 0.000000, 0.930495, 0.329053, -0.160948, -0.296862, 0.934813, 0.194933, 0.214598, -0.133603, 0.967521),
      ["LeftLowerArm"] = CFrame.new(0.007465, -0.254499, 0.014811, 1.000000, -0.000000, -0.000000, 0.000000, 1.000000, -0.000001, 0.000000, -0.000000, 1.000000),
      ["LeftLowerLeg"] = CFrame.new(-0.000000, -0.074788, -0.000891, 1.000000, -0.000000, 0.000000, 0.000000, 1.000000, -0.000007, -0.000000, -0.000010, 1.000000),
      ["LeftUpperArm"] = CFrame.new(-0.127414, 0.139989, 0.413683, 0.515283, -0.639823, 0.570184, 0.194684, -0.560528, -0.804926, 0.834615, 0.525771, -0.164268),
      ["LeftUpperLeg"] = CFrame.new(-0.000723, -0.097399, -0.061041, 0.930113, -0.168128, 0.326523, 0.252768, 0.938046, -0.236996, -0.266456, 0.302989, 0.914995),
      ["LowerTorso"] = CFrame.new(-1.582914, 0.323233, 0.121021, 0.043557, 0.310767, -0.949488, -0.007461, 0.950464, 0.310744, 0.999023, -0.006451, 0.043718),
      ["RightFoot"] = CFrame.new(0.000000, 0.000238, -0.000101, 0.992858, -0.091251, -0.076826, 0.096692, 0.992814, 0.070507, 0.069881, -0.077418, 0.994548),
      ["RightHand"] = CFrame.new(-0.000496, 0.005460, 0.000000, 0.997797, -0.052159, 0.040991, 0.023138, 0.852733, 0.521838, -0.062173, -0.519737, 0.852059),
      ["RightLowerArm"] = CFrame.new(-0.011550, -0.007034, 0.000580, 1.000000, 0.000000, 0.000000, -0.000000, 0.956178, -0.292787, -0.000000, 0.292787, 0.956178),
      ["RightLowerLeg"] = CFrame.new(-0.000000, 0.037741, -0.007383, 1.000000, 0.000000, -0.000000, -0.000000, 0.926871, 0.375360, 0.000000, -0.375380, 0.926879),
      ["RightUpperArm"] = CFrame.new(0.045144, 0.100549, 0.355460, 0.678532, 0.710157, -0.187806, -0.076172, -0.186267, -0.979542, -0.730611, 0.678956, -0.072295),
      ["RightUpperLeg"] = CFrame.new(-0.016717, -0.066244, -0.093048, 0.867691, -0.443786, 0.223949, 0.283310, 0.811718, 0.510727, -0.408471, -0.379695, 0.830063),
      ["UpperTorso"] = CFrame.new(-0.014848, 0.014819, 0.020788, 0.999174, 0.000349, 0.040647, 0.008940, 0.973589, -0.228132, -0.039653, 0.228307, 0.972781)
    }},
    {Time = 0.467, Data = {
      ["Head"] = CFrame.new(-0.003107, 0.068928, 0.157247, 0.980499, 0.004329, 0.196478, 0.049552, 0.962010, -0.268480, -0.190176, 0.272980, 0.943035),
      ["LeftFoot"] = CFrame.new(-0.000000, -0.061383, -0.000004, 0.996949, 0.059710, 0.050279, -0.077987, 0.788931, 0.609536, -0.003262, -0.611573, 0.791163),
      ["LeftHand"] = CFrame.new(0.000634, -0.203143, -0.000001, 0.911589, 0.368879, -0.181481, -0.319332, 0.913379, 0.252521, 0.258908, -0.172240, 0.950420),
      ["LeftLowerArm"] = CFrame.new(0.007392, -0.245418, 0.014635, 1.000000, 0.000000, -0.000000, -0.000000, 1.000000, -0.000001, 0.000000, -0.000000, 1.000000),
      ["LeftLowerLeg"] = CFrame.new(0.000000, -0.060773, -0.000705, 1.000000, 0.000000, -0.000000, -0.000000, 1.000000, -0.000007, -0.000000, -0.000010, 1.000000),
      ["LeftUpperArm"] = CFrame.new(-0.141378, 0.160157, 0.417041, 0.486754, -0.642838, 0.591464, 0.235036, -0.555742, -0.797439, 0.841325, 0.527172, -0.119420),
      ["LeftUpperLeg"] = CFrame.new(-0.000723, -0.097399, -0.061041, 0.931505, -0.175343, 0.318663, 0.245635, 0.949418, -0.195602, -0.268256, 0.260501, 0.927466),
      ["LowerTorso"] = CFrame.new(-1.534461, 0.335155, 0.247952, 0.138080, 0.253947, -0.957311, -0.012250, 0.966934, 0.254732, 0.990345, -0.023446, 0.136625),
      ["RightFoot"] = CFrame.new(0.000000, 0.002316, -0.000101, 0.988308, -0.116631, -0.098196, 0.124660, 0.988952, 0.080203, 0.087796, -0.091499, 0.991930),
      ["RightHand"] = CFrame.new(-0.000497, 0.004456, -0.000000, 0.999238, -0.024827, 0.030122, 0.005316, 0.851044, 0.525071, -0.038670, -0.524507, 0.850525),
      ["RightLowerArm"] = CFrame.new(-0.011565, -0.013688, -0.000962, 1.000000, 0.000000, 0.000000, -0.000000, 0.971782, -0.235882, -0.000000, 0.235882, 0.971782),
      ["RightLowerLeg"] = CFrame.new(-0.000000, 0.053154, -0.014113, 1.000000, 0.000000, -0.000000, -0.000000, 0.859385, 0.511317, 0.000000, -0.511329, 0.859392),
      ["RightUpperArm"] = CFrame.new(0.042675, 0.096789, 0.353722, 0.683051, 0.697360, -0.217096, -0.068642, -0.234633, -0.969658, -0.727138, 0.677227, -0.112398),
      ["RightUpperLeg"] = CFrame.new(-0.016717, -0.066243, -0.093048, 0.861706, -0.407013, 0.302957, 0.250580, 0.860599, 0.443368, -0.441216, -0.306122, 0.843589),
      ["UpperTorso"] = CFrame.new(-0.015005, 0.015846, 0.019899, 0.999538, 0.001577, 0.030345, 0.003983, 0.983231, -0.182321, -0.030123, 0.182357, 0.982771)
    }},
    {Time = 0.500, Data = {
      ["Head"] = CFrame.new(-0.003107, 0.068928, 0.157247, 0.986818, -0.010642, 0.161481, 0.055394, 0.959771, -0.275265, -0.152056, 0.280582, 0.947709),
      ["LeftFoot"] = CFrame.new(-0.000000, -0.047009, -0.000003, 0.997237, 0.056824, 0.047849, -0.074256, 0.745304, 0.662600, 0.001998, -0.664299, 0.747443),
      ["LeftHand"] = CFrame.new(0.000625, -0.190084, -0.000000, 0.890286, 0.408245, -0.201813, -0.336992, 0.888652, 0.311023, 0.306312, -0.208887, 0.928728),
      ["LeftLowerArm"] = CFrame.new(0.007282, -0.231765, 0.014373, 1.000000, 0.000000, -0.000000, 0.000000, 1.000000, -0.000001, 0.000000, -0.000000, 1.000000),
      ["LeftLowerLeg"] = CFrame.new(0.000000, -0.046448, -0.000515, 1.000000, 0.000000, 0.000000, 0.000000, 1.000000, -0.000007, 0.000000, -0.000010, 1.000000),
      ["LeftUpperArm"] = CFrame.new(-0.152523, 0.178531, 0.417982, 0.463827, -0.642765, 0.609687, 0.271797, -0.551762, -0.788470, 0.843203, 0.531425, -0.081220),
      ["LeftUpperLeg"] = CFrame.new(-0.000723, -0.097399, -0.061041, 0.932808, -0.187304, 0.307863, 0.240979, 0.959417, -0.146427, -0.267951, 0.210799, 0.940096),
      ["LowerTorso"] = CFrame.new(-1.471777, 0.350876, 0.369368, 0.220923, 0.194738, -0.955652, -0.015599, 0.980443, 0.196184, 0.975167, -0.028435, 0.219640),
      ["RightFoot"] = CFrame.new(-0.000000, 0.003936, -0.000101, 0.987462, -0.120752, -0.101667, 0.131772, 0.985163, 0.109939, 0.086921, -0.121954, 0.988725),
      ["RightHand"] = CFrame.new(-0.000498, 0.002614, 0.000000, 0.999821, 0.009195, 0.016508, -0.016298, 0.861712, 0.507139, -0.009561, -0.507314, 0.861706),
      ["RightLowerArm"] = CFrame.new(-0.011594, -0.025096, -0.002780, 1.000000, -0.000000, 0.000000, -0.000000, 0.990151, -0.140003, -0.000000, 0.140003, 0.990151),
      ["RightLowerLeg"] = CFrame.new(0.000000, 0.065215, -0.021432, 1.000000, 0.000000, 0.000000, -0.000000, 0.785779, 0.618504, 0.000000, -0.618507, 0.785782),
      ["RightUpperArm"] = CFrame.new(0.041714, 0.092131, 0.353436, 0.684530, 0.683074, -0.254615, -0.059316, -0.295924, -0.953368, -0.726568, 0.667711, -0.162051),
      ["RightUpperLeg"] = CFrame.new(-0.016717, -0.066243, -0.093048, 0.847487, -0.373907, 0.376741, 0.233582, 0.900088, 0.367804, -0.476661, -0.223688, 0.850168),
      ["UpperTorso"] = CFrame.new(-0.015109, 0.016815, 0.019005, 0.999718, 0.002368, 0.023619, 0.000860, 0.990743, -0.135749, -0.023722, 0.135731, 0.990462)
    }},
    {Time = 0.533, Data = {
      ["Head"] = CFrame.new(-0.003107, 0.068928, 0.157247, 0.991027, -0.023226, 0.131633, 0.059935, 0.957452, -0.282299, -0.119476, 0.287655, 0.950253),
      ["LeftFoot"] = CFrame.new(-0.000000, -0.033269, -0.000004, 0.997249, 0.056703, 0.047747, -0.073898, 0.710205, 0.700128, 0.005798, -0.701707, 0.712419),
      ["LeftHand"] = CFrame.new(0.000614, -0.172815, -0.000000, 0.867626, 0.445385, -0.221038, -0.348430, 0.861756, 0.368748, 0.354713, -0.242916, 0.902866),
      ["LeftLowerArm"] = CFrame.new(0.007134, -0.213711, 0.014025, 1.000000, -0.000000, -0.000000, 0.000000, 1.000000, -0.000001, 0.000000, -0.000000, 1.000000),
      ["LeftLowerLeg"] = CFrame.new(0.000000, -0.032756, -0.000333, 1.000000, 0.000000, 0.000000, -0.000000, 1.000000, -0.000007, 0.000000, -0.000011, 1.000000),
