return {
["sexy wiggle"] = {

          {Time = 0.000, Data = {

              ["Head"] = CFrame.new(0.000000, 0.000000, -0.000000, 1.000000, -0.000000, 0.000000, 0.000000, 1.000000, -0.000000, 0.000000, 0.000000, 1.000000),

              ["LeftFoot"] = CFrame.new(0.000000, 0.008536, -0.000003, 0.915479, -0.307794, -0.259170, 0.277258, 0.949319, -0.148070, 0.291593, 0.063694, 0.954414),

              ["LeftHand"] = CFrame.new(0.000484, 0.024100, -0.000001, 0.988571, -0.130239, 0.075936, 0.150515, 0.881281, -0.447986, -0.008575, 0.454292, 0.890810),

              ["LeftLowerArm"] = CFrame.new(-0.000500, 0.116096, 0.072472, 1.000000, -0.000000, -0.000000, 0.000000, 0.251551, -0.967844, 0.000000, 0.967844, 0.251551),

              ["LeftLowerLeg"] = CFrame.new(-0.000000, 0.040696, -0.005151, 1.000000, -0.000000, 0.000000, 0.000000, 0.946606, 0.322379, 0.000000, -0.322392, 0.946611),

              ["LeftUpperArm"] = CFrame.new(-0.301402, 0.278911, -0.440517, 0.021967, 0.186664, -0.982178, 0.472543, -0.867688, -0.154337, -0.881034, -0.460731, -0.107268),

              ["LeftUpperLeg"] = CFrame.new(-0.000000, -0.000000, -0.000100, 0.826755, 0.547617, 0.128812, -0.499310, 0.819785, -0.280422, -0.259163, 0.167537, 0.951195),

              ["LowerTorso"] = CFrame.new(0.197412, -0.051850, 0.000000, 0.976121, -0.217226, -0.000000, 0.217226, 0.976121, -0.000000, 0.000000, -0.000000, 1.000000),

              ["RightFoot"] = CFrame.new(-0.000000, -0.031994, -0.000103, 0.992951, 0.090668, 0.076345, -0.090916, 0.995859, -0.000230, -0.076045, -0.006702, 0.997081),

              ["RightHand"] = CFrame.new(-0.000485, 0.022315, 0.000000, 0.985640, 0.145903, -0.085003, -0.168856, 0.849000, -0.500689, -0.000885, 0.507850, 0.861443),

              ["RightLowerArm"] = CFrame.new(-0.000000, 0.109119, 0.055955, 1.000000, 0.000000, 0.000000, -0.000000, 0.423023, -0.906119, -0.000000, 0.906119, 0.423024),

              ["RightLowerLeg"] = CFrame.new(0.000000, -0.031882, -0.000419, 1.000000, -0.000000, -0.000000, -0.000000, 1.000000, -0.000008, 0.000000, -0.000011, 1.000000),

              ["RightUpperArm"] = CFrame.new(0.262210, 0.154979, -0.462166, 0.020758, -0.085104, 0.996156, -0.381024, -0.921849, -0.070816, 0.924332, -0.378089, -0.051562),

              ["RightUpperLeg"] = CFrame.new(-0.000000, -0.000000, -0.000000, 0.988936, 0.127582, -0.075688, -0.127191, 0.991828, 0.009975, 0.076342, -0.000230, 0.997082),

              ["UpperTorso"] = CFrame.new(-0.094545, 0.083943, 0.000000, 0.970574, 0.240801, 0.000000, -0.240801, 0.970574, -0.000000, -0.000000, -0.000000, 1.000000)

          }},

          {Time = 0.020, Data = {

              ["Head"] = CFrame.new(-0.000000, -0.000000, 0.000000, 1.000000, -0.000000, 0.000000, 0.000000, 1.000000, -0.000000, 0.000000, 0.000000, 1.000000),

              ["LeftFoot"] = CFrame.new(0.000000, 0.008402, -0.000003, 0.929554, -0.282030, -0.237476, 0.252885, 0.956418, -0.145998, 0.268287, 0.075655, 0.960359),

              ["LeftHand"] = CFrame.new(0.000484, 0.023991, -0.000000, 0.989256, -0.126302, 0.073625, 0.146001, 0.879397, -0.453154, -0.007511, 0.459031, 0.888387),

              ["LeftLowerArm"] = CFrame.new(-0.000499, 0.115535, 0.070639, 1.000000, -0.000000, -0.000000, 0.000000, 0.270553, -0.962705, 0.000000, 0.962705, 0.270553),

              ["LeftLowerLeg"] = CFrame.new(-0.000000, 0.039961, -0.004946, 1.000000, -0.000000, 0.000000, 0.000000, 0.948686, 0.316208, -0.000000, -0.316221, 0.948690),

              ["LeftUpperArm"] = CFrame.new(-0.301986, 0.277892, -0.441076, 0.020800, 0.167278, -0.985690, 0.470504, -0.871543, -0.137978, -0.882153, -0.460902, -0.096833),

              ["LeftUpperLeg"] = CFrame.new(-0.000000, -0.000000, -0.000100, 0.864963, 0.484442, 0.130986, -0.442095, 0.859087, -0.257906, -0.237470, 0.165185, 0.957250),

              ["LowerTorso"] = CFrame.new(0.154496, -0.055086, 0.000000, 0.984214, -0.176986, -0.000000, 0.176986, 0.984214, -0.000000, 0.000000, -0.000000, 1.000000),

              ["RightFoot"] = CFrame.new(0.000000, -0.022351, -0.000103, 0.989015, 0.113073, 0.095211, -0.113574, 0.993530, -0.000161, -0.094607, -0.010643, 0.995457),

              ["RightHand"] = CFrame.new(-0.000485, 0.022543, 0.000001, 0.985072, 0.148737, -0.086668, -0.172145, 0.851899, -0.494608, 0.000266, 0.502141, 0.864784),

              ["RightLowerArm"] = CFrame.new(-0.000000, 0.110115, 0.057779, 1.000000, 0.000000, 0.000000, -0.000000, 0.404083, -0.914722, -0.000000, 0.914722, 0.404083),

              ["RightLowerLeg"] = CFrame.new(-0.000000, -0.022272, -0.000291, 1.000000, 0.000000, -0.000000, -0.000000, 1.000000, -0.000008, 0.000000, -0.000011, 1.000000),

              ["RightUpperArm"] = CFrame.new(0.261933, 0.155802, -0.461820, 0.021311, -0.104787, 0.994266, -0.382670, -0.919616, -0.088718, 0.923639, -0.378585, -0.059696),

              ["RightUpperLeg"] = CFrame.new(0.000000, -0.000000, -0.000000, 0.993414, 0.064060, -0.095001, -0.063753, 0.997946, 0.006267, 0.095207, -0.000161, 0.995457),

              ["UpperTorso"] = CFrame.new(-0.071514, 0.075246, -0.000000, 0.980848, 0.194772, 0.000000, -0.194772, 0.980848, -0.000000, -0.000000, -0.000000, 1.000000)

          }},

          {Time = 0.040, Data = {

              ["Head"] = CFrame.new(0.000000, -0.000000, -0.000000, 1.000000, -0.000000, 0.000000, 0.000000, 1.000000, -0.000000, -0.000000, 0.000000, 1.000000),

              ["LeftFoot"] = CFrame.new(0.000000, 0.007290, -0.000003, 0.957920, -0.219571, -0.184884, 0.198967, 0.972170, -0.123688, 0.206885, 0.081694, 0.974946),

              ["LeftHand"] = CFrame.new(0.000485, 0.023492, -0.000000, 0.990758, -0.117199, 0.068281, 0.135544, 0.874290, -0.466098, -0.005071, 0.471042, 0.882095),

              ["LeftLowerArm"] = CFrame.new(-0.000500, 0.113869, 0.066275, 1.000000, -0.000000, 0.000000, 0.000000, 0.315937, -0.948780, 0.000000, 0.948780, 0.315937),

              ["LeftLowerLeg"] = CFrame.new(-0.000000, 0.033920, -0.003430, 1.000000, -0.000000, -0.000000, 0.000000, 0.964035, 0.265762, 0.000000, -0.265777, 0.964039),

              ["LeftUpperArm"] = CFrame.new(-0.303273, 0.275576, -0.442332, 0.018225, 0.121088, -0.992475, 0.465872, -0.879327, -0.098729, -0.884664, -0.460567, -0.072437),

              ["LeftUpperLeg"] = CFrame.new(-0.000000, 0.000000, -0.000100, 0.937297, 0.322674, 0.131743, -0.295456, 0.936117, -0.190753, -0.184879, 0.139881, 0.972757),

              ["LowerTorso"] = CFrame.new(0.051727, -0.060121, 0.000000, 0.996799, -0.079952, -0.000000, 0.079952, 0.996799, 0.000000, 0.000000, -0.000000, 1.000000),

              ["RightFoot"] = CFrame.new(-0.000000, -0.002671, -0.000103, 0.975173, 0.169394, 0.142635, -0.171143, 0.985247, -0.000018, -0.140526, -0.024381, 0.989775),

              ["RightHand"] = CFrame.new(-0.000485, 0.022914, -0.000000, 0.983629, 0.155686, -0.090751, -0.180179, 0.858161, -0.480727, 0.003037, 0.489205, 0.872162),

              ["RightLowerArm"] = CFrame.new(-0.000000, 0.112167, 0.062135, 1.000000, 0.000000, 0.000000, -0.000000, 0.358940, -0.933360, -0.000000, 0.933361, 0.358941),

              ["RightLowerLeg"] = CFrame.new(0.000000, -0.002662, -0.000032, 1.000000, -0.000000, 0.000000, 0.000000, 1.000000, -0.000008, 0.000000, -0.000011, 1.000000),

              ["RightUpperArm"] = CFrame.new(0.261214, 0.157852, -0.460947, 0.022749, -0.151634, 0.988175, -0.386771, -0.912800, -0.131164, 0.921895, -0.379214, -0.079413),

              ["RightUpperLeg"] = CFrame.new(0.000000, 0.000000, -0.000000, 0.985594, -0.091822, -0.142030, 0.090886, 0.995776, -0.013072, 0.142630, -0.000018, 0.989776),

              ["UpperTorso"] = CFrame.new(-0.014774, 0.062783, -0.000000, 0.996512, 0.083454, 0.000000, -0.083454, 0.996512, -0.000000, -0.000000, 0.000000, 1.000000)

          }},

          {Time = 0.060, Data = {

              ["Head"] = CFrame.new(0.000000, 0.000000, -0.000000, 1.000000, -0.000000, -0.000000, -0.000000, 1.000000, -0.000000, 0.000000, 0.000000, 1.000000),

              ["LeftFoot"] = CFrame.new(-0.000000, 0.003804, -0.000003, 0.981645, -0.145892, -0.122845, 0.139697, 0.988513, -0.057670, 0.129841, 0.039455, 0.990749),

              ["LeftHand"] = CFrame.new(0.000485, 0.022878, -0.000001, 0.992331, -0.106824, 0.062190, 0.123587, 0.866810, -0.483083, -0.002302, 0.487061, 0.873363),

              ["LeftLowerArm"] = CFrame.new(-0.000499, 0.111514, 0.060958, 1.000000, -0.000000, -0.000000, 0.000000, 0.371163, -0.928568, 0.000000, 0.928568, 0.371163),

              ["LeftLowerLeg"] = CFrame.new(-0.000000, 0.016452, -0.000635, 1.000000, -0.000000, -0.000000, 0.000000, 0.992342, 0.123504, 0.000000, -0.123522, 0.992344),

              ["LeftUpperArm"] = CFrame.new(-0.304632, 0.273008, -0.443700, 0.015508, 0.065457, -0.997735, 0.460738, -0.886072, -0.050970, -0.887401, -0.458904, -0.043900),

              ["LeftUpperLeg"] = CFrame.new(0.000000, -0.000000, -0.000100, 0.986347, 0.118296, 0.114572, -0.109683, 0.990839, -0.078777, -0.122842, 0.065146, 0.990287),

              ["LowerTorso"] = CFrame.new(-0.071302, -0.061130, 0.000000, 0.999323, 0.036786, -0.000000, -0.036786, 0.999323, 0.000000, 0.000000, -0.000000, 1.000000),

              ["RightFoot"] = CFrame.new(-0.000000, 0.004393, -0.000103, 0.949469, 0.240091, 0.202163, -0.231919, 0.970657, -0.063554, -0.211478, 0.013463, 0.977288),

              ["RightHand"] = CFrame.new(-0.000484, 0.023497, 0.000000, 0.981733, 0.164357, -0.095847, -0.190159, 0.864189, -0.465853, 0.006263, 0.475567, 0.879656),

              ["RightLowerArm"] = CFrame.new(-0.000001, 0.114337, 0.067189, 1.000000, 0.000000, 0.000000, -0.000000, 0.306437, -0.951891, -0.000000, 0.951891, 0.306437),

              ["RightLowerLeg"] = CFrame.new(-0.000000, 0.018057, -0.000922, 1.000000, 0.000000, -0.000000, -0.000000, 0.990449, 0.137863, 0.000000, -0.137881, 0.990451),

              ["RightUpperArm"] = CFrame.new(0.260237, 0.160474, -0.459814, 0.024703, -0.206659, 0.978101, -0.392013, -0.902041, -0.180688, 0.919628, -0.378965, -0.103296),

              ["RightUpperLeg"] = CFrame.new(-0.000000, -0.000000, -0.000000, 0.939993, -0.294120, -0.172938, 0.274856, 0.953068, -0.126937, 0.202157, 0.071798, 0.976719),

              ["UpperTorso"] = CFrame.new(0.054290, 0.063441, -0.000000, 0.998715, -0.050671, 0.000000, 0.050671, 0.998715, -0.000000, -0.000000, 0.000000, 1.000000)

          }},

          {Time = 0.080, Data = {

              ["Head"] = CFrame.new(-0.000000, -0.000000, 0.000000, 1.000000, -0.000000, 0.000000, -0.000000, 1.000000, -0.000000, -0.000000, 0.000000, 1.000000),

              ["LeftFoot"] = CFrame.new(-0.000000, -0.008101, -0.000003, 0.993446, -0.087440, -0.073627, 0.087674, 0.996149, -0.000056, 0.073344, -0.006388, 0.997286),

              ["LeftHand"] = CFrame.new(0.000485, 0.022476, 0.000000, 0.993485, -0.098509, 0.057308, 0.113966, 0.859242, -0.498717, -0.000113, 0.501996, 0.864868),

              ["LeftLowerArm"] = CFrame.new(-0.000500, 0.109263, 0.056385, 1.000000, -0.000000, -0.000000, -0.000000, 0.418547, -0.908195, 0.000000, 0.908195, 0.418547),

              ["LeftLowerLeg"] = CFrame.new(-0.000000, -0.007673, -0.000001, 1.000000, -0.000000, 0.000000, -0.000000, 1.000000, -0.000008, -0.000000, -0.000011, 1.000000),

              ["LeftUpperArm"] = CFrame.new(-0.305632, 0.271011, -0.444748, 0.013506, 0.018219, -0.999743, 0.456741, -0.889543, -0.010041, -0.889497, -0.456488, -0.020336),

              ["LeftUpperLeg"] = CFrame.new(0.000000, -0.000000, -0.000100, 0.996190, -0.046877, 0.073540, 0.046745, 0.998901, 0.003515, -0.073624, -0.000056, 0.997286),

              ["LowerTorso"] = CFrame.new(-0.174252, -0.057779, 0.000000, 0.990944, 0.134273, -0.000000, -0.134273, 0.990944, 0.000000, 0.000000, -0.000000, 1.000000),

              ["RightFoot"] = CFrame.new(0.000000, 0.005959, -0.000103, 0.919966, 0.299863, 0.252492, -0.285902, 0.953911, -0.091189, -0.268184, 0.011707, 0.963292),

              ["RightHand"] = CFrame.new(-0.000484, 0.023938, 0.000000, 0.979982, 0.171966, -0.100318, -0.198888, 0.868178, -0.454657, 0.008908, 0.465505, 0.884999),

              ["RightLowerArm"] = CFrame.new(-0.000001, 0.115857, 0.071340, 1.000000, 0.000000, 0.000000, -0.000000, 0.263274, -0.964721, -0.000000, 0.964721, 0.263274),

              ["RightLowerLeg"] = CFrame.new(0.000000, 0.025714, -0.001968, 1.000000, 0.000000, 0.000000, -0.000000, 0.979846, 0.199738, -0.000000, -0.199754, 0.979850),

              ["RightUpperArm"] = CFrame.new(0.259309, 0.162827, -0.458778, 0.026559, -0.252253, 0.967297, -0.396720, -0.890835, -0.221421, 0.917556, -0.377865, -0.123733),

              ["RightUpperLeg"] = CFrame.new(0.000000, -0.000000, -0.000000, 0.871369, -0.456506, -0.179775, 0.420674, 0.883730, -0.205061, 0.252485, 0.103069, 0.962097),

              ["UpperTorso"] = CFrame.new(0.111207, 0.077031, -0.000000, 0.986718, -0.162444, 0.000000, 0.162444, 0.986718, -0.000000, -0.000000, 0.000000, 1.000000)

          }},

          {Time = 0.100, Data = {

              ["Head"] = CFrame.new(0.000000, -0.000000, 0.000000, 1.000000, -0.000000, 0.000000, -0.000000, 1.000000, -0.000000, -0.000000, 0.000000, 1.000000),

              ["LeftFoot"] = CFrame.new(0.000000, -0.017969, -0.000003, 0.996465, -0.064265, -0.054113, 0.064353, 0.997927, -0.000129, 0.054006, -0.003343, 0.998535),

              ["LeftHand"] = CFrame.new(0.000486, 0.022206, 0.000000, 0.993928, -0.095118, 0.055317, 0.110031, 0.855786, -0.505496, 0.000742, 0.508510, 0.861054),

              ["LeftLowerArm"] = CFrame.new(-0.000500, 0.108160, 0.054481, 1.000000, -0.000000, -0.000000, 0.000000, 0.438332, -0.898813, 0.000000, 0.898813, 0.438333),

              ["LeftLowerLeg"] = CFrame.new(0.000000, -0.017506, -0.000131, 1.000000, -0.000000, -0.000000, -0.000000, 1.000000, -0.000008, 0.000000, -0.000011, 1.000000),

              ["LeftUpperArm"] = CFrame.new(-0.306018, 0.270212, -0.445164, 0.012736, -0.001546, -0.999918, 0.455143, -0.890389, 0.007173, -0.890327, -0.455197, -0.010637),

              ["LeftUpperLeg"] = CFrame.new(0.000000, -0.000001, -0.000100, 0.992354, -0.111102, 0.053761, 0.110932, 0.993809, 0.006147, -0.054111, -0.000128, 0.998535),

              ["LowerTorso"] = CFrame.new(-0.217293, -0.055241, 0.000000, 0.984599, 0.174826, -0.000000, -0.174826, 0.984599, 0.000000, 0.000000, -0.000000, 1.000000),

              ["RightFoot"] = CFrame.new(0.000000, 0.006145, -0.000103, 0.905566, 0.324499, 0.273236, -0.310522, 0.945886, -0.094218, -0.289008, 0.000479, 0.957322),

              ["RightHand"] = CFrame.new(-0.000484, 0.024033, 0.000000, 0.979199, 0.175257, -0.102251, -0.202657, 0.869608, -0.450239, 0.010011, 0.461593, 0.887034),

              ["RightLowerArm"] = CFrame.new(-0.000001, 0.116372, 0.073081, 1.000000, 0.000000, 0.000000, -0.000000, 0.245236, -0.969463, -0.000000, 0.969463, 0.245236),

              ["RightLowerLeg"] = CFrame.new(-0.000000, 0.026663, -0.002128, 1.000000, 0.000000, 0.000000, -0.000000, 0.978230, 0.207507, -0.000000, -0.207523, 0.978234),

              ["RightUpperArm"] = CFrame.new(0.258889, 0.163859, -0.458318, 0.027400, -0.271330, 0.962096, -0.398785, -0.885521, -0.238377, 0.916635, -0.377138, -0.132466),

              ["RightUpperLeg"] = CFrame.new(0.000000, -0.000000, -0.000000, 0.834887, -0.519918, -0.180694, 0.477818, 0.847551, -0.230960, 0.273229, 0.106498, 0.956037),

              ["UpperTorso"] = CFrame.new(0.134359, 0.086218, -0.000000, 0.977962, -0.208785, 0.000000, 0.208785, 0.977962, -0.000000, -0.000000, 0.000000, 1.000000)

          }},

          {Time = 0.120, Data = {

              ["Head"] = CFrame.new(-0.000000, -0.000000, 0.000000, 1.000000, -0.000000, 0.000000, -0.000000, 1.000000, -0.000000, -0.000000, 0.000000, 1.000000),

              ["LeftFoot"] = CFrame.new(0.000000, -0.008101, -0.000003, 0.993446, -0.087440, -0.073627, 0.087674, 0.996149, -0.000056, 0.073344, -0.006388, 0.997286),

              ["LeftHand"] = CFrame.new(0.000485, 0.022476, 0.000000, 0.993485, -0.098509, 0.057308, 0.113966, 0.859242, -0.498717, -0.000113, 0.501996, 0.864868),

              ["LeftLowerArm"] = CFrame.new(-0.000500, 0.109263, 0.056385, 1.000000, -0.000000, -0.000000, -0.000000, 0.418547, -0.908195, 0.000000, 0.908195, 0.418547),

              ["LeftLowerLeg"] = CFrame.new(-0.000000, -0.007673, -0.000001, 1.000000, -0.000000, 0.000000, -0.000000, 1.000000, -0.000007, 0.000000, -0.000011, 1.000000),

              ["LeftUpperArm"] = CFrame.new(-0.305632, 0.271011, -0.444748, 0.013506, 0.018219, -0.999743, 0.456741, -0.889543, -0.010041, -0.889497, -0.456488, -0.020336),

              ["LeftUpperLeg"] = CFrame.new(0.000000, -0.000000, -0.000100, 0.996190, -0.046877, 0.073540, 0.046745, 0.998901, 0.003515, -0.073624, -0.000056, 0.997286),

              ["LowerTorso"] = CFrame.new(-0.174252, -0.057779, 0.000000, 0.990944, 0.134273, -0.000000, -0.134273, 0.990944, 0.000000, 0.000000, -0.000000, 1.000000),

              ["RightFoot"] = CFrame.new(0.000000, 0.005959, -0.000103, 0.919966, 0.299863, 0.252492, -0.285903, 0.953911, -0.091189, -0.268184, 0.011707, 0.963292),

              ["RightHand"] = CFrame.new(-0.000484, 0.023938, 0.000000, 0.979982, 0.171966, -0.100318, -0.198888, 0.868178, -0.454657, 0.008908, 0.465505, 0.884999),

              ["RightLowerArm"] = CFrame.new(-0.000001, 0.115857, 0.071340, 1.000000, 0.000000, 0.000000, -0.000000, 0.263274, -0.964721, -0.000000, 0.964721, 0.263274),

              ["RightLowerLeg"] = CFrame.new(-0.000000, 0.025714, -0.001968, 1.000000, 0.000000, -0.000000, -0.000000, 0.979846, 0.199738, 0.000000, -0.199754, 0.979849),

              ["RightUpperArm"] = CFrame.new(0.259309, 0.162827, -0.458778, 0.026559, -0.252253, 0.967297, -0.396720, -0.890835, -0.221421, 0.917556, -0.377865, -0.123733),

              ["RightUpperLeg"] = CFrame.new(0.000000, 0.000000, -0.000000, 0.871369, -0.456506, -0.179775, 0.420674, 0.883730, -0.205061, 0.252485, 0.103068, 0.962097),

              ["UpperTorso"] = CFrame.new(0.111207, 0.077031, -0.000000, 0.986718, -0.162444, 0.000000, 0.162444, 0.986718, -0.000000, -0.000000, 0.000000, 1.000000)

          }},

          {Time = 0.140, Data = {

              ["Head"] = CFrame.new(0.000000, 0.000000, 0.000000, 1.000000, -0.000000, -0.000000, -0.000000, 1.000000, -0.000000, 0.000000, 0.000000, 1.000000),

              ["LeftFoot"] = CFrame.new(0.000000, 0.003804, -0.000003, 0.981645, -0.145892, -0.122845, 0.139697, 0.988513, -0.057670, 0.129840, 0.039455, 0.990749),

              ["LeftHand"] = CFrame.new(0.000485, 0.022878, -0.000000, 0.992331, -0.106824, 0.062190, 0.123587, 0.866810, -0.483083, -0.002302, 0.487061, 0.873363),

              ["LeftLowerArm"] = CFrame.new(-0.000499, 0.111514, 0.060958, 1.000000, -0.000000, -0.000000, 0.000000, 0.371163, -0.928568, 0.000000, 0.928568, 0.371163),

              ["LeftLowerLeg"] = CFrame.new(-0.000000, 0.016452, -0.000635, 1.000000, 0.000000, -0.000000, 0.000000, 0.992342, 0.123504, 0.000000, -0.123521, 0.992344),

              ["LeftUpperArm"] = CFrame.new(-0.304632, 0.273008, -0.443700, 0.015508, 0.065457, -0.997735, 0.460738, -0.886072, -0.050970, -0.887401, -0.458904, -0.043900),

              ["LeftUpperLeg"] = CFrame.new(0.000000, -0.000000, -0.000100, 0.986347, 0.118296, 0.114572, -0.109683, 0.990839, -0.078777, -0.122842, 0.065145, 0.990287),

              ["LowerTorso"] = CFrame.new(-0.071302, -0.061130, 0.000000, 0.999323, 0.036786, -0.000000, -0.036786, 0.999323, 0.000000, 0.000000, -0.000000, 1.000000),

              ["RightFoot"] = CFrame.new(-0.000000, 0.004393, -0.000103, 0.949469, 0.240091, 0.202163, -0.231919, 0.970657, -0.063554, -0.211478, 0.013463, 0.977288),

              ["RightHand"] = CFrame.new(-0.000484, 0.023497, 0.000000, 0.981733, 0.164357, -0.095847, -0.190159, 0.864189, -0.465853, 0.006263, 0.475567, 0.879656),

              ["RightLowerArm"] = CFrame.new(-0.000000, 0.114337, 0.067189, 1.000000, 0.000000, 0.000000, -0.000000, 0.306437, -0.951891, -0.000000, 0.951891, 0.306437),

              ["RightLowerLeg"] = CFrame.new(0.000000, 0.018057, -0.000922, 1.000000, 0.000000, -0.000000, -0.000000, 0.990449, 0.137864, 0.000000, -0.137881, 0.990451),

              ["RightUpperArm"] = CFrame.new(0.260237, 0.160474, -0.459814, 0.024703, -0.206659, 0.978101, -0.392013, -0.902041, -0.180688, 0.919628, -0.378965, -0.103296),

              ["RightUpperLeg"] = CFrame.new(-0.000000, -0.000000, -0.000000, 0.939993, -0.294120, -0.172938, 0.274856, 0.953068, -0.126938, 0.202157, 0.071798, 0.976719),

              ["UpperTorso"] = CFrame.new(0.054290, 0.063441, -0.000000, 0.998715, -0.050671, 0.000000, 0.050671, 0.998715, -0.000000, -0.000000, 0.000000, 1.000000)

          }},

          {Time = 0.160, Data = {

              ["Head"] = CFrame.new(0.000000, -0.000000, -0.000000, 1.000000, -0.000000, 0.000000, 0.000000, 1.000000, -0.000000, -0.000000, 0.000000, 1.000000),

              ["LeftFoot"] = CFrame.new(0.000000, 0.007290, -0.000003, 0.957920, -0.219571, -0.184884, 0.198967, 0.972170, -0.123688, 0.206885, 0.081694, 0.974946),

              ["LeftHand"] = CFrame.new(0.000485, 0.023492, -0.000000, 0.990758, -0.117199, 0.068281, 0.135544, 0.874290, -0.466098, -0.005071, 0.471042, 0.882095),

              ["LeftLowerArm"] = CFrame.new(-0.000500, 0.113869, 0.066275, 1.000000, -0.000000, 0.000000, 0.000000, 0.315937, -0.948780, 0.000000, 0.948780, 0.315937),

              ["LeftLowerLeg"] = CFrame.new(-0.000000, 0.033920, -0.003431, 1.000000, -0.000000, 0.000000, 0.000000, 0.964035, 0.265763, 0.000000, -0.265777, 0.964039),

              ["LeftUpperArm"] = CFrame.new(-0.303273, 0.275576, -0.442332, 0.018225, 0.121088, -0.992475, 0.465872, -0.879327, -0.098729, -0.884664, -0.460567, -0.072437),

              ["LeftUpperLeg"] = CFrame.new(-0.000000, 0.000000, -0.000100, 0.937297, 0.322674, 0.131743, -0.295456, 0.936117, -0.190753, -0.184879, 0.139881, 0.972757),

              ["LowerTorso"] = CFrame.new(0.051727, -0.060121, 0.000000, 0.996799, -0.079952, -0.000000, 0.079952, 0.996799, 0.000000, 0.000000, -0.000000, 1.000000),

              ["RightFoot"] = CFrame.new(-0.000000, -0.002671, -0.000103, 0.975173, 0.169394, 0.142635, -0.171143, 0.985247, -0.000018, -0.140526, -0.024381, 0.989775),

              ["RightHand"] = CFrame.new(-0.000485, 0.022914, -0.000000, 0.983629, 0.155686, -0.090751, -0.180179, 0.858161, -0.480727, 0.003037, 0.489205, 0.872162),

              ["RightLowerArm"] = CFrame.new(-0.000000, 0.112167, 0.062135, 1.000000, 0.000000, 0.000000, -0.000000, 0.358940, -0.933360, -0.000000, 0.933361, 0.358941),

              ["RightLowerLeg"] = CFrame.new(0.000000, -0.002662, -0.000032, 1.000000, -0.000000, 0.000000, 0.000000, 1.000000, -0.000008, -0.000000, -0.000011, 1.000000),

              ["RightUpperArm"] = CFrame.new(0.261214, 0.157852, -0.460947, 0.022749, -0.151634, 0.988175, -0.386771, -0.912800, -0.131164, 0.921895, -0.379214, -0.079413),

              ["RightUpperLeg"] = CFrame.new(0.000000, 0.000000, -0.000000, 0.985594, -0.091822, -0.142030, 0.090886, 0.995776, -0.013072, 0.142630, -0.000018, 0.989776),

              ["UpperTorso"] = CFrame.new(-0.014774, 0.062783, -0.000000, 0.996512, 0.083454, 0.000000, -0.083454, 0.996512, -0.000000, -0.000000, 0.000000, 1.000000)

          }},

          {Time = 0.180, Data = {

              ["Head"] = CFrame.new(-0.000000, -0.000000, -0.000000, 1.000000, -0.000000, 0.000000, 0.000000, 1.000000, -0.000000, 0.000000, 0.000000, 1.000000),

              ["LeftFoot"] = CFrame.new(-0.000000, 0.008402, -0.000003, 0.929554, -0.282030, -0.237476, 0.252885, 0.956418, -0.145999, 0.268287, 0.075655, 0.960359),

              ["LeftHand"] = CFrame.new(0.000484, 0.023992, -0.000000, 0.989256, -0.126302, 0.073625, 0.146001, 0.879397, -0.453154, -0.007511, 0.459031, 0.888387),

              ["LeftLowerArm"] = CFrame.new(-0.000499, 0.115535, 0.070639, 1.000000, -0.000000, -0.000000, 0.000000, 0.270553, -0.962705, 0.000000, 0.962705, 0.270553),

              ["LeftLowerLeg"] = CFrame.new(0.000000, 0.039961, -0.004946, 1.000000, -0.000000, 0.000000, 0.000000, 0.948685, 0.316209, -0.000000, -0.316222, 0.948689),

              ["LeftUpperArm"] = CFrame.new(-0.301986, 0.277892, -0.441076, 0.020800, 0.167278, -0.985690, 0.470504, -0.871543, -0.137978, -0.882153, -0.460902, -0.096833),

              ["LeftUpperLeg"] = CFrame.new(-0.000000, -0.000000, -0.000100, 0.864962, 0.484442, 0.130985, -0.442095, 0.859087, -0.257906, -0.237470, 0.165185, 0.957250),

              ["LowerTorso"] = CFrame.new(0.154496, -0.055086, 0.000000, 0.984214, -0.176986, -0.000000, 0.176986, 0.984214, -0.000000, 0.000000, -0.000000, 1.000000),

              ["RightFoot"] = CFrame.new(-0.000000, -0.022351, -0.000103, 0.989015, 0.113072, 0.095211, -0.113574, 0.993530, -0.000161, -0.094607, -0.010643, 0.995457),

              ["RightHand"] = CFrame.new(-0.000485, 0.022543, 0.000001, 0.985072, 0.148737, -0.086668, -0.172145, 0.851899, -0.494608, 0.000266, 0.502141, 0.864784),

              ["RightLowerArm"] = CFrame.new(-0.000000, 0.110115, 0.057779, 1.000000, 0.000000, 0.000000, -0.000000, 0.404083, -0.914722, -0.000000, 0.914722, 0.404083),

              ["RightLowerLeg"] = CFrame.new(-0.000000, -0.022273, -0.000291, 1.000000, 0.000000, 0.000000, 0.000000, 1.000000, -0.000008, 0.000000, -0.000011, 1.000000),

              ["RightUpperArm"] = CFrame.new(0.261933, 0.155802, -0.461820, 0.021311, -0.104787, 0.994266, -0.382670, -0.919616, -0.088718, 0.923639, -0.378585, -0.059696),

              ["RightUpperLeg"] = CFrame.new(0.000000, -0.000000, -0.000000, 0.993414, 0.064060, -0.095001, -0.063754, 0.997946, 0.006267, 0.095207, -0.000161, 0.995457),

              ["UpperTorso"] = CFrame.new(-0.071514, 0.075246, -0.000000, 0.980848, 0.194772, 0.000000, -0.194772, 0.980848, -0.000000, -0.000000, -0.000000, 1.000000)

          }},

          {Time = 0.200, Data = {

              ["Head"] = CFrame.new(0.000000, 0.000000, -0.000000, 1.000000, -0.000000, 0.000000, 0.000000, 1.000000, -0.000000, 0.000000, 0.000000, 1.000000),

              ["LeftFoot"] = CFrame.new(0.000000, 0.008536, -0.000003, 0.915479, -0.307794, -0.259170, 0.277258, 0.949319, -0.148070, 0.291593, 0.063694, 0.954414),

              ["LeftHand"] = CFrame.new(0.000484, 0.024100, -0.000001, 0.988571, -0.130239, 0.075936, 0.150515, 0.881281, -0.447986, -0.008575, 0.454292, 0.890810),

              ["LeftLowerArm"] = CFrame.new(-0.000500, 0.116096, 0.072472, 1.000000, -0.000000, -0.000000, 0.000000, 0.251551, -0.967844, 0.000000, 0.967844, 0.251551),

              ["LeftLowerLeg"] = CFrame.new(-0.000000, 0.040696, -0.005151, 1.000000, -0.000000, 0.000000, 0.000000, 0.946606, 0.322379, 0.000000, -0.322392, 0.946611),

              ["LeftUpperArm"] = CFrame.new(-0.301402, 0.278911, -0.440517, 0.021967, 0.186664, -0.982178, 0.472543, -0.867688, -0.154337, -0.881034, -0.460731, -0.107268),

              ["LeftUpperLeg"] = CFrame.new(-0.000000, -0.000000, -0.000100, 0.826755, 0.547617, 0.128812, -0.499310, 0.819785, -0.280422, -0.259163, 0.167537, 0.951195),

              ["LowerTorso"] = CFrame.new(0.197412, -0.051850, 0.000000, 0.976121, -0.217226, -0.000000, 0.217226, 0.976121, -0.000000, 0.000000, -0.000000, 1.000000),

              ["RightFoot"] = CFrame.new(-0.000000, -0.031994, -0.000103, 0.992951, 0.090668, 0.076345, -0.090916, 0.995859, -0.000230, -0.076045, -0.006702, 0.997081),

              ["RightHand"] = CFrame.new(-0.000485, 0.022315, 0.000000, 0.985640, 0.145903, -0.085003, -0.168856, 0.849000, -0.500689, -0.000885, 0.507850, 0.861443),

              ["RightLowerArm"] = CFrame.new(-0.000000, 0.109119, 0.055955, 1.000000, 0.000000, 0.000000, -0.000000, 0.423023, -0.906119, -0.000000, 0.906119, 0.423024),

              ["RightLowerLeg"] = CFrame.new(0.000000, -0.031882, -0.000419, 1.000000, -0.000000, -0.000000, -0.000000, 1.000000, -0.000008, 0.000000, -0.000011, 1.000000),

              ["RightUpperArm"] = CFrame.new(0.262210, 0.154979, -0.462166, 0.020758, -0.085104, 0.996156, -0.381024, -0.921849, -0.070816, 0.924332, -0.378089, -0.051562),

              ["RightUpperLeg"] = CFrame.new(-0.000000, -0.000000, -0.000000, 0.988936, 0.127582, -0.075688, -0.127191, 0.991828, 0.009975, 0.076342, -0.000230, 0.997082),

              ["UpperTorso"] = CFrame.new(-0.094545, 0.083943, 0.000000, 0.970574, 0.240801, 0.000000, -0.240801, 0.970574, -0.000000, -0.000000, -0.000000, 1.000000)

          }},

          {Time = 0.220, Data = {

              ["Head"] = CFrame.new(-0.000000, -0.000000, 0.000000, 1.000000, -0.000000, 0.000000, 0.000000, 1.000000, -0.000000, 0.000000, 0.000000, 1.000000),

              ["LeftFoot"] = CFrame.new(0.000000, 0.008402, -0.000003, 0.929554, -0.282030, -0.237476, 0.252885, 0.956418, -0.145998, 0.268287, 0.075655, 0.960359),

              ["LeftHand"] = CFrame.new(0.000484, 0.023991, -0.000000, 0.989256, -0.126302, 0.073625, 0.146001, 0.879397, -0.453154, -0.007511, 0.459031, 0.888387),

              ["LeftLowerArm"] = CFrame.new(-0.000499, 0.115535, 0.070639, 1.000000, -0.000000, -0.000000, 0.000000, 0.270553, -0.962705, 0.000000, 0.962705, 0.270553),

              ["LeftLowerLeg"] = CFrame.new(-0.000000, 0.039961, -0.004946, 1.000000, -0.000000, 0.000000, 0.000000, 0.948686, 0.316208, -0.000000, -0.316221, 0.948690),

              ["LeftUpperArm"] = CFrame.new(-0.301986, 0.277892, -0.441076, 0.020800, 0.167278, -0.985690, 0.470504, -0.871543, -0.137978, -0.882153, -0.460902, -0.096833),

              ["LeftUpperLeg"] = CFrame.new(-0.000000, -0.000000, -0.000100, 0.864963, 0.484442, 0.130986, -0.442095, 0.859087, -0.257906, -0.237470, 0.165185, 0.957250),

              ["LowerTorso"] = CFrame.new(0.154496, -0.055086, 0.000000, 0.984214, -0.176986, -0.000000, 0.176986, 0.984214, -0.000000, 0.000000, -0.000000, 1.000000),

              ["RightFoot"] = CFrame.new(0.000000, -0.022351, -0.000103, 0.989015, 0.113073, 0.095211, -0.113574, 0.993530, -0.000161, -0.094607, -0.010643, 0.995457),

              ["RightHand"] = CFrame.new(-0.000485, 0.022543, 0.000001, 0.985072, 0.148737, -0.086668, -0.172145, 0.851899, -0.494608, 0.000266, 0.502141, 0.864784),

              ["RightLowerArm"] = CFrame.new(-0.000000, 0.110115, 0.057779, 1.000000, 0.000000, 0.000000, -0.000000, 0.404083, -0.914722, -0.000000, 0.914722, 0.404083),

              ["RightLowerLeg"] = CFrame.new(-0.000000, -0.022272, -0.000291, 1.000000, 0.000000, -0.000000, -0.000000, 1.000000, -0.000008, 0.000000, -0.000011, 1.000000),

              ["RightUpperArm"] = CFrame.new(0.261933, 0.155802, -0.461820, 0.021311, -0.104787, 0.994266, -0.382670, -0.919616, -0.088718, 0.923639, -0.378585, -0.059696),

              ["RightUpperLeg"] = CFrame.new(0.000000, -0.000000, -0.000000, 0.993414, 0.064060, -0.095001, -0.063753, 0.997946, 0.006267, 0.095207, -0.000161, 0.995457),

              ["UpperTorso"] = CFrame.new(-0.071514, 0.075246, -0.000000, 0.980848, 0.194772, 0.000000, -0.194772, 0.980848, -0.000000, -0.000000, -0.000000, 1.000000)

          }},

          {Time = 0.240, Data = {

              ["Head"] = CFrame.new(0.000000, -0.000000, -0.000000, 1.000000, -0.000000, 0.000000, 0.000000, 1.000000, -0.000000, -0.000000, 0.000000, 1.000000),

              ["LeftFoot"] = CFrame.new(0.000000, 0.007290, -0.000003, 0.957920, -0.219571, -0.184884, 0.198967, 0.972170, -0.123688, 0.206885, 0.081694, 0.974946),

              ["LeftHand"] = CFrame.new(0.000485, 0.023492, -0.000000, 0.990758, -0.117199, 0.068281, 0.135544, 0.874290, -0.466098, -0.005071, 0.471042, 0.882095),

              ["LeftLowerArm"] = CFrame.new(-0.000500, 0.113869, 0.066275, 1.000000, -0.000000, 0.000000, 0.000000, 0.315937, -0.948780, 0.000000, 0.948780, 0.315937),

              ["LeftLowerLeg"] = CFrame.new(-0.000000, 0.033920, -0.003430, 1.000000, -0.000000, -0.000000, 0.000000, 0.964035, 0.265762, 0.000000, -0.265777, 0.964039),

              ["LeftUpperArm"] = CFrame.new(-0.303273, 0.275576, -0.442332, 0.018225, 0.121088, -0.992475, 0.465872, -0.879327, -0.098729, -0.884664, -0.460567, -0.072437),

              ["LeftUpperLeg"] = CFrame.new(-0.000000, 0.000000, -0.000100, 0.937297, 0.322674, 0.131743, -0.295456, 0.936117, -0.190753, -0.184879, 0.139881, 0.972757),

              ["LowerTorso"] = CFrame.new(0.051727, -0.060121, 0.000000, 0.996799, -0.079952, -0.000000, 0.079952, 0.996799, 0.000000, 0.000000, -0.000000, 1.000000),

              ["RightFoot"] = CFrame.new(-0.000000, -0.002671, -0.000103, 0.975173, 0.169394, 0.142635, -0.171143, 0.985247, -0.000018, -0.140526, -0.024381, 0.989775),

              ["RightHand"] = CFrame.new(-0.000485, 0.022914, -0.000000, 0.983629, 0.155686, -0.090751, -0.180179, 0.858161, -0.480727, 0.003037, 0.489205, 0.872162),

              ["RightLowerArm"] = CFrame.new(-0.000000, 0.112167, 0.062135, 1.000000, 0.000000, 0.000000, -0.000000, 0.358940, -0.933360, -0.000000, 0.933361, 0.358941),

              ["RightLowerLeg"] = CFrame.new(0.000000, -0.002662, -0.000032, 1.000000, -0.000000, 0.000000, 0.000000, 1.000000, -0.000008, 0.000000, -0.000011, 1.000000),

              ["RightUpperArm"] = CFrame.new(0.261214, 0.157852, -0.460947, 0.022749, -0.151634, 0.988175, -0.386771, -0.912800, -0.131164, 0.921895, -0.379214, -0.079413),

              ["RightUpperLeg"] = CFrame.new(0.000000, 0.000000, -0.000000, 0.985594, -0.091822, -0.142030, 0.090886, 0.995776, -0.013072, 0.142630, -0.000018, 0.989776),

              ["UpperTorso"] = CFrame.new(-0.014774, 0.062783, -0.000000, 0.996512, 0.083454, 0.000000, -0.083454, 0.996512, -0.000000, -0.000000, 0.000000, 1.000000)

          }},

          {Time = 0.260, Data = {

              ["Head"] = CFrame.new(0.000000, 0.000000, -0.000000, 1.000000, -0.000000, -0.000000, -0.000000, 1.000000, -0.000000, 0.000000, 0.000000, 1.000000),

              ["LeftFoot"] = CFrame.new(0.000000, 0.003804, -0.000003, 0.981645, -0.145892, -0.122845, 0.139697, 0.988513, -0.057670, 0.129840, 0.039455, 0.990749),

              ["LeftHand"] = CFrame.new(0.000485, 0.022878, -0.000000, 0.992331, -0.106824, 0.062190, 0.123587, 0.866810, -0.483083, -0.002302, 0.487061, 0.873363),

              ["LeftLowerArm"] = CFrame.new(-0.000499, 0.111514, 0.060958, 1.000000, -0.000000, -0.000000, 0.000000, 0.371163, -0.928568, 0.000000, 0.928568, 0.371163),

              ["LeftLowerLeg"] = CFrame.new(-0.000000, 0.016452, -0.000635, 1.000000, -0.000000, -0.000000, 0.000000, 0.992342, 0.123504, 0.000000, -0.123521, 0.992344),

              ["LeftUpperArm"] = CFrame.new(-0.304632, 0.273008, -0.443700, 0.015508, 0.065457, -0.997735, 0.460738, -0.886072, -0.050970, -0.887401, -0.458904, -0.043900),

              ["LeftUpperLeg"] = CFrame.new(0.000000, 0.000000, -0.000100, 0.986347, 0.118296, 0.114572, -0.109683, 0.990839, -0.078777, -0.122841, 0.065145, 0.990287),

              ["LowerTorso"] = CFrame.new(-0.071302, -0.061130, 0.000000, 0.999323, 0.036786, -0.000000, -0.036786, 0.999323, 0.000000, 0.000000, -0.000000, 1.000000),

              ["RightFoot"] = CFrame.new(0.000000, 0.004393, -0.000103, 0.949469, 0.240091, 0.202163, -0.231919, 0.970657, -0.063554, -0.211478, 0.013463, 0.977288),

              ["RightHand"] = CFrame.new(-0.000484, 0.023497, 0.000000, 0.981733, 0.164357, -0.095847, -0.190159, 0.864189, -0.465853, 0.006263, 0.475567, 0.879656),

              ["RightLowerArm"] = CFrame.new(-0.000000, 0.114337, 0.067189, 1.000000, 0.000000, 0.000000, -0.000000, 0.306437, -0.951891, -0.000000, 0.951891, 0.306437),

              ["RightLowerLeg"] = CFrame.new(-0.000000, 0.018057, -0.000922, 1.000000, 0.000000, 0.000000, -0.000000, 0.990449, 0.137864, 0.000000, -0.137881, 0.990451),

              ["RightUpperArm"] = CFrame.new(0.260237, 0.160474, -0.459814, 0.024703, -0.206659, 0.978101, -0.392013, -0.902041, -0.180688, 0.919628, -0.378965, -0.103296),

              ["RightUpperLeg"] = CFrame.new(-0.000000, 0.000000, -0.000000, 0.939993, -0.294120, -0.172938, 0.274856, 0.953068, -0.126938, 0.202157, 0.071798, 0.976719),

              ["UpperTorso"] = CFrame.new(0.054290, 0.063441, -0.000000, 0.998715, -0.050671, 0.000000, 0.050671, 0.998715, -0.000000, -0.000000, 0.000000, 1.000000)

          }},

          {Time = 0.280, Data = {

              ["Head"] = CFrame.new(-0.000000, -0.000000, -0.000000, 1.000000, -0.000000, 0.000000, -0.000000, 1.000000, -0.000000, -0.000000, 0.000000, 1.000000),

              ["LeftFoot"] = CFrame.new(0.000000, -0.008101, -0.000003, 0.993446, -0.087440, -0.073627, 0.087674, 0.996149, -0.000056, 0.073344, -0.006388, 0.997286),

              ["LeftHand"] = CFrame.new(0.000485, 0.022476, 0.000000, 0.993485, -0.098509, 0.057308, 0.113966, 0.859241, -0.498717, -0.000113, 0.501996, 0.864868),

              ["LeftLowerArm"] = CFrame.new(-0.000500, 0.109263, 0.056385, 1.000000, -0.000000, -0.000000, -0.000000, 0.418547, -0.908195, 0.000000, 0.908195, 0.418547),

              ["LeftLowerLeg"] = CFrame.new(-0.000000, -0.007673, -0.000001, 1.000000, 0.000000, 0.000000, -0.000000, 1.000000, -0.000007, -0.000000, -0.000011, 1.000000),

              ["LeftUpperArm"] = CFrame.new(-0.305632, 0.271011, -0.444748, 0.013506, 0.018219, -0.999743, 0.456741, -0.889543, -0.010041, -0.889497, -0.456488, -0.020336),

              ["LeftUpperLeg"] = CFrame.new(0.000000, -0.000000, -0.000100, 0.996190, -0.046877, 0.073540, 0.046745, 0.998901, 0.003515, -0.073624, -0.000056, 0.997286),

              ["LowerTorso"] = CFrame.new(-0.174252, -0.057779, 0.000000, 0.990944, 0.134273, -0.000000, -0.134273, 0.990944, 0.000000, 0.000000, -0.000000, 1.000000),

              ["RightFoot"] = CFrame.new(0.000000, 0.005958, -0.000103, 0.919966, 0.299863, 0.252492, -0.285903, 0.953911, -0.091189, -0.268184, 0.011707, 0.963292),

              ["RightHand"] = CFrame.new(-0.000484, 0.023939, 0.000000, 0.979982, 0.171966, -0.100318, -0.198888, 0.868178, -0.454657, 0.008908, 0.465505, 0.884999),

              ["RightLowerArm"] = CFrame.new(-0.000001, 0.115857, 0.071340, 1.000000, 0.000000, 0.000000, -0.000000, 0.263274, -0.964721, -0.000000, 0.964721, 0.263274),

              ["RightLowerLeg"] = CFrame.new(-0.000000, 0.025713, -0.001968, 1.000000, 0.000000, -0.000000, -0.000000, 0.979846, 0.199737, 0.000000, -0.199753, 0.979850),

              ["RightUpperArm"] = CFrame.new(0.259309, 0.162827, -0.458778, 0.026559, -0.252253, 0.967297, -0.396720, -0.890835, -0.221421, 0.917556, -0.377865, -0.123733),

              ["RightUpperLeg"] = CFrame.new(0.000000, -0.000000, -0.000000, 0.871369, -0.456506, -0.179775, 0.420674, 0.883730, -0.205061, 0.252485, 0.103068, 0.962097),

              ["UpperTorso"] = CFrame.new(0.111207, 0.077031, -0.000000, 0.986718, -0.162444, 0.000000, 0.162444, 0.986718, -0.000000, -0.000000, 0.000000, 1.000000)

          }},

          {Time = 0.300, Data = {

              ["Head"] = CFrame.new(0.000000, -0.000000, 0.000000, 1.000000, -0.000000, 0.000000, -0.000000, 1.000000, -0.000000, -0.000000, 0.000000, 1.000000),

              ["LeftFoot"] = CFrame.new(0.000000, -0.017969, -0.000003, 0.996465, -0.064265, -0.054113, 0.064353, 0.997927, -0.000129, 0.054006, -0.003343, 0.998535),

              ["LeftHand"] = CFrame.new(0.000486, 0.022206, 0.000000, 0.993928, -0.095118, 0.055317, 0.110031, 0.855786, -0.505496, 0.000742, 0.508510, 0.861054),

              ["LeftLowerArm"] = CFrame.new(-0.000500, 0.108160, 0.054481, 1.000000, -0.000000, -0.000000, 0.000000, 0.438332, -0.898813, 0.000000, 0.898813, 0.438333),

              ["LeftLowerLeg"] = CFrame.new(0.000000, -0.017506, -0.000131, 1.000000, -0.000000, -0.000000, -0.000000, 1.000000, -0.000008, 0.000000, -0.000011, 1.000000),

              ["LeftUpperArm"] = CFrame.new(-0.306018, 0.270212, -0.445164, 0.012736, -0.001546, -0.999918, 0.455143, -0.890389, 0.007173, -0.890327, -0.455197, -0.010637),

