return {
["ghetto twerk"] = {

          {Time = 0.000, Data = {

              ["Head"] = CFrame.new(-0.000000, 0.000000, 0.000000, 1.000000, -0.000000, 0.000000, -0.000000, 0.992809, -0.119712, 0.000000, 0.119712, 0.992809),

              ["LeftFoot"] = CFrame.new(0.000000, -0.000664, -0.000003, 0.999164, -0.031270, -0.026330, 0.031721, 0.999354, 0.016880, 0.025784, -0.017689, 0.999511),

              ["LeftHand"] = CFrame.new(0.000493, 0.010952, 0.000000, 0.903126, 0.370359, -0.217252, -0.289212, 0.898679, 0.329749, 0.317363, -0.234971, 0.918731),

              ["LeftLowerArm"] = CFrame.new(-0.000500, 0.066244, 0.017200, 1.000000, -0.000000, -0.000000, 0.000000, 0.824700, -0.565570, 0.000000, 0.565570, 0.824701),

              ["LeftLowerLeg"] = CFrame.new(-0.000000, -0.000262, 0.000097, 1.000000, -0.000000, -0.000000, 0.000000, 1.000000, -0.000008, 0.000000, -0.000011, 1.000000),

              ["LeftUpperArm"] = CFrame.new(-0.060729, -0.216796, -0.100201, 0.878542, 0.364753, 0.308412, -0.433592, 0.879861, 0.194534, -0.200403, -0.304631, 0.931149),

              ["LeftUpperLeg"] = CFrame.new(0.000000, -0.000000, -0.000100, 0.973894, 0.038475, 0.223718, -0.037499, 0.999260, -0.008604, -0.223883, -0.000002, 0.974616),

              ["LowerTorso"] = CFrame.new(0.000000, 0.000000, 0.000000, 1.000000, 0.000000, -0.000000, 0.000000, 1.000000, 0.000000, 0.000000, 0.000000, 1.000000),

              ["RightFoot"] = CFrame.new(-0.000000, 0.022398, -0.000103, 0.989749, 0.109249, 0.091990, -0.123022, 0.979330, 0.160564, -0.072543, -0.170228, 0.982729),

              ["RightHand"] = CFrame.new(-0.000489, 0.016298, 0.000000, 0.984372, -0.151700, 0.089437, 0.133927, 0.974664, 0.179150, -0.114348, -0.164370, 0.979748),

              ["RightLowerArm"] = CFrame.new(0.000000, 0.085192, 0.028766, 1.000000, 0.000000, 0.000000, 0.000000, 0.705123, -0.709084, -0.000000, 0.709085, 0.705124),

              ["RightLowerLeg"] = CFrame.new(0.000000, 0.095466, -0.033952, 1.000000, 0.000000, 0.000000, -0.000000, 0.651560, 0.758603, 0.000000, -0.758597, 0.651554),

              ["RightUpperArm"] = CFrame.new(0.099329, -0.269751, 0.129218, 0.801342, -0.598203, -0.002328, 0.539502, 0.721015, 0.434827, -0.258435, -0.349700, 0.900511),

              ["RightUpperLeg"] = CFrame.new(0.000000, -0.000000, -0.000000, 0.904593, -0.309177, -0.293470, 0.134167, 0.859947, -0.492413, 0.404612, 0.406079, 0.819393),

              ["UpperTorso"] = CFrame.new(0.000000, 0.000000, 0.000000, 0.999950, -0.000300, -0.009994, -0.000300, 0.998201, -0.059963, 0.009994, 0.059963, 0.998151)

          }},

          {Time = 0.033, Data = {

              ["Head"] = CFrame.new(0.000000, -0.000000, 0.000000, 0.999743, -0.001225, -0.022638, -0.001465, 0.992965, -0.118400, 0.022623, 0.118403, 0.992708),

              ["LeftFoot"] = CFrame.new(0.000000, -0.002593, -0.000003, 0.999288, -0.028860, -0.024301, 0.029319, 0.999395, 0.018724, 0.023745, -0.019411, 0.999529),

              ["LeftHand"] = CFrame.new(0.000493, 0.011520, 0.000000, 0.903839, 0.369063, -0.216492, -0.279962, 0.892733, 0.353061, 0.323568, -0.258498, 0.910209),

              ["LeftLowerArm"] = CFrame.new(-0.000500, 0.068863, 0.018676, 1.000000, -0.000000, -0.000000, 0.000000, 0.809567, -0.587027, 0.000000, 0.587027, 0.809568),

              ["LeftLowerLeg"] = CFrame.new(0.000000, -0.002184, 0.000072, 1.000000, -0.000000, -0.000000, 0.000000, 1.000000, -0.000008, 0.000000, -0.000011, 1.000000),

              ["LeftUpperArm"] = CFrame.new(-0.056503, -0.205038, -0.106440, 0.886916, 0.335961, 0.317033, -0.409959, 0.888753, 0.205067, -0.212870, -0.311847, 0.925979),

              ["LeftUpperLeg"] = CFrame.new(0.000000, 0.000000, -0.000100, 0.975739, 0.033839, 0.216309, -0.029092, 0.999262, -0.025088, -0.216998, 0.018194, 0.976003),

              ["LowerTorso"] = CFrame.new(-0.000940, 0.000427, 0.006034, 0.999223, 0.004210, 0.039194, -0.004785, 0.999882, 0.014589, -0.039128, -0.014765, 0.999125),

              ["RightFoot"] = CFrame.new(-0.000000, 0.021549, -0.000103, 0.989950, 0.108176, 0.091087, -0.120589, 0.982184, 0.144133, -0.073868, -0.153663, 0.985357),

              ["RightHand"] = CFrame.new(-0.000488, 0.018221, -0.000000, 0.978108, -0.179335, 0.105569, 0.153605, 0.964427, 0.215144, -0.140395, -0.194216, 0.970860),

              ["RightLowerArm"] = CFrame.new(-0.000000, 0.092177, 0.034573, 1.000000, 0.000000, 0.000000, 0.000000, 0.644905, -0.764262, -0.000000, 0.764263, 0.644905),

              ["RightLowerLeg"] = CFrame.new(0.000000, 0.092854, -0.031815, 1.000000, 0.000000, 0.000000, -0.000000, 0.673750, 0.738964, 0.000000, -0.738960, 0.673744),

              ["RightUpperArm"] = CFrame.new(0.086365, -0.253878, 0.133211, 0.823092, -0.567903, 0.002459, 0.499148, 0.725493, 0.473828, -0.270872, -0.388776, 0.880614),

              ["RightUpperLeg"] = CFrame.new(0.000000, -0.000000, -0.000000, 0.902735, -0.309117, -0.299199, 0.131735, 0.860698, -0.491758, 0.409531, 0.404531, 0.817713),

              ["UpperTorso"] = CFrame.new(-0.001028, -0.002408, -0.000366, 0.999900, -0.005064, -0.013222, 0.004094, 0.997368, -0.072385, 0.013554, 0.072324, 0.997289)

          }},

          {Time = 0.067, Data = {

              ["Head"] = CFrame.new(-0.000000, 0.000000, 0.000000, 0.996417, -0.004559, -0.084457, -0.005182, 0.993379, -0.114768, 0.084421, 0.114794, 0.989796),

              ["LeftFoot"] = CFrame.new(-0.000000, -0.007097, -0.000003, 0.999492, -0.024383, -0.020532, 0.024870, 0.999409, 0.023764, 0.019939, -0.024250, 0.999507),

              ["LeftHand"] = CFrame.new(0.000492, 0.012872, -0.000000, 0.909200, 0.359126, -0.210678, -0.253477, 0.878848, 0.404200, 0.330309, -0.314093, 0.890077),

              ["LeftLowerArm"] = CFrame.new(-0.000500, 0.073864, 0.021538, 1.000000, -0.000000, -0.000000, 0.000000, 0.780066, -0.625697, 0.000000, 0.625698, 0.780066),

              ["LeftLowerLeg"] = CFrame.new(-0.000000, -0.006673, 0.000013, 1.000000, -0.000000, 0.000000, -0.000000, 1.000000, -0.000008, 0.000000, -0.000011, 1.000000),

              ["LeftUpperArm"] = CFrame.new(-0.047843, -0.175223, -0.122790, 0.904001, 0.262813, 0.337210, -0.349988, 0.907915, 0.230651, -0.245540, -0.326527, 0.912737),

              ["LeftUpperLeg"] = CFrame.new(-0.000000, 0.000000, -0.000100, 0.979511, 0.024152, 0.199938, -0.011632, 0.997910, -0.063554, -0.201055, 0.059933, 0.977745),

              ["LowerTorso"] = CFrame.new(-0.001293, 0.001071, 0.020120, 0.989522, 0.009133, 0.144095, -0.016206, 0.998717, 0.047987, -0.143472, -0.049819, 0.988400),

              ["RightFoot"] = CFrame.new(-0.000000, 0.018822, -0.000103, 0.990486, 0.105267, 0.088637, -0.114032, 0.988388, 0.100432, -0.077031, -0.109582, 0.990988),

              ["RightHand"] = CFrame.new(-0.000486, 0.021078, -0.000000, 0.957396, -0.249007, 0.146250, 0.196927, 0.933379, 0.300042, -0.211218, -0.258455, 0.942648),

              ["RightLowerArm"] = CFrame.new(-0.000000, 0.103620, 0.047337, 1.000000, 0.000000, 0.000000, 0.000000, 0.512451, -0.858716, -0.000000, 0.858716, 0.512451),

              ["RightLowerLeg"] = CFrame.new(-0.000000, 0.085280, -0.026576, 1.000000, 0.000000, 0.000000, -0.000000, 0.728245, 0.685320, 0.000000, -0.685317, 0.728242),

              ["RightUpperArm"] = CFrame.new(0.058665, -0.208844, 0.149455, 0.867020, -0.494445, 0.061655, 0.385640, 0.744230, 0.545347, -0.315529, -0.449050, 0.835940),

              ["RightUpperLeg"] = CFrame.new(0.000000, 0.000000, -0.000000, 0.900337, -0.304220, -0.311202, 0.125121, 0.865834, -0.484415, 0.416819, 0.397218, 0.817615),

              ["UpperTorso"] = CFrame.new(-0.003220, -0.008003, -0.001802, 0.999665, -0.015998, -0.020350, 0.013883, 0.994876, -0.100147, 0.021848, 0.099831, 0.994765)

          }},

          {Time = 0.100, Data = {

              ["Head"] = CFrame.new(0.000000, -0.000000, 0.000000, 0.984364, -0.009391, -0.175896, -0.010031, 0.993968, -0.109206, 0.175860, 0.109263, 0.978333),

              ["LeftFoot"] = CFrame.new(-0.000000, -0.012001, -0.000003, 0.999562, -0.022639, -0.019062, 0.023241, 0.999220, 0.031941, 0.018323, -0.032357, 0.999308),

              ["LeftHand"] = CFrame.new(0.000491, 0.013949, -0.000000, 0.926393, 0.324764, -0.190594, -0.208516, 0.863880, 0.458515, 0.313557, -0.385019, 0.868008),

              ["LeftLowerArm"] = CFrame.new(-0.000500, 0.076834, 0.023170, 1.000000, -0.000000, -0.000000, 0.000000, 0.763102, -0.646278, 0.000000, 0.646278, 0.763102),

              ["LeftLowerLeg"] = CFrame.new(-0.000000, -0.011560, -0.000052, 1.000000, 0.000000, 0.000000, 0.000000, 1.000000, -0.000007, 0.000000, -0.000011, 1.000000),

              ["LeftUpperArm"] = CFrame.new(-0.041363, -0.139950, -0.143318, 0.916578, 0.174239, 0.359896, -0.278880, 0.923579, 0.263111, -0.286548, -0.341529, 0.895124),

              ["LeftUpperLeg"] = CFrame.new(0.000000, 0.000000, -0.000100, 0.982806, 0.017121, 0.183849, 0.002860, 0.994161, -0.107867, -0.184622, 0.106545, 0.977018),

              ["LowerTorso"] = CFrame.new(0.002577, 0.000700, 0.035524, 0.956167, 0.003367, 0.292804, -0.029426, 0.995977, 0.084638, -0.291341, -0.089544, 0.952419),

              ["RightFoot"] = CFrame.new(-0.000000, 0.015085, -0.000103, 0.991211, 0.101197, 0.085210, -0.105103, 0.993546, 0.042662, -0.080338, -0.051245, 0.995449),

              ["RightHand"] = CFrame.new(-0.000485, 0.022502, 0.000000, 0.929095, -0.319003, 0.187141, 0.223390, 0.887310, 0.403460, -0.294754, -0.333044, 0.895655),

              ["RightLowerArm"] = CFrame.new(-0.000000, 0.109864, 0.057278, 1.000000, 0.000000, 0.000000, -0.000000, 0.409263, -0.912416, -0.000000, 0.912416, 0.409264),

              ["RightLowerLeg"] = CFrame.new(-0.000000, 0.073633, -0.019632, 1.000000, 0.000000, 0.000000, -0.000000, 0.800058, 0.599922, 0.000000, -0.599922, 0.800059),

              ["RightUpperArm"] = CFrame.new(0.043735, -0.151098, 0.189197, 0.879707, -0.417536, 0.227550, 0.235447, 0.798224, 0.554440, -0.413134, -0.434168, 0.800511),

              ["RightUpperLeg"] = CFrame.new(0.000000, -0.000000, -0.000000, 0.902313, -0.287362, -0.321337, 0.116461, 0.880188, -0.460098, 0.415052, 0.377746, 0.827679),

              ["UpperTorso"] = CFrame.new(-0.005220, -0.014276, -0.004538, 0.999241, -0.027488, -0.027592, 0.023709, 0.991359, -0.129016, 0.030900, 0.128264, 0.991259)

          }},

          {Time = 0.133, Data = {

              ["Head"] = CFrame.new(0.000000, -0.000000, 0.000000, 0.958068, -0.015086, -0.286143, -0.014872, 0.994649, -0.102235, 0.286155, 0.102204, 0.952717),

              ["LeftFoot"] = CFrame.new(-0.000000, -0.014644, -0.000003, 0.999374, -0.027061, -0.022786, 0.028044, 0.998640, 0.043955, 0.021565, -0.044552, 0.998774),

              ["LeftHand"] = CFrame.new(0.000491, 0.013264, -0.000000, 0.958043, 0.247116, -0.145217, -0.141824, 0.848976, 0.509048, 0.249077, -0.467091, 0.848400),

              ["LeftLowerArm"] = CFrame.new(-0.000500, 0.074955, 0.022130, 1.000000, -0.000000, -0.000000, 0.000000, 0.773919, -0.633284, 0.000000, 0.633285, 0.773920),

              ["LeftLowerLeg"] = CFrame.new(-0.000000, -0.014193, -0.000087, 1.000000, -0.000000, -0.000000, 0.000000, 1.000000, -0.000007, -0.000000, -0.000011, 1.000000),

              ["LeftUpperArm"] = CFrame.new(-0.038533, -0.115576, -0.156476, 0.921709, 0.109630, 0.372066, -0.229364, 0.927599, 0.294879, -0.312801, -0.357131, 0.880121),

              ["LeftUpperLeg"] = CFrame.new(0.000000, -0.000000, -0.000100, 0.984186, 0.019950, 0.176011, 0.005690, 0.989564, -0.143976, -0.177046, 0.142708, 0.973803),

              ["LowerTorso"] = CFrame.new(0.010986, -0.002669, 0.045007, 0.888306, -0.016278, 0.458963, -0.039307, 0.993010, 0.111297, -0.457566, -0.116907, 0.881457),

              ["RightFoot"] = CFrame.new(0.000000, 0.012142, -0.000103, 0.992202, 0.095344, 0.080282, -0.094778, 0.995439, -0.010844, -0.080945, 0.003148, 0.996713),

              ["RightHand"] = CFrame.new(-0.000485, 0.022483, -0.000000, 0.932245, -0.312073, 0.183113, 0.191783, 0.855317, 0.481305, -0.306819, -0.413573, 0.857214),

              ["RightLowerArm"] = CFrame.new(-0.000000, 0.109786, 0.057139, 1.000000, 0.000000, 0.000000, -0.000000, 0.410709, -0.911766, -0.000000, 0.911767, 0.410709),

              ["RightLowerLeg"] = CFrame.new(-0.000000, 0.059439, -0.012210, 1.000000, 0.000000, 0.000000, -0.000000, 0.875908, 0.482472, 0.000000, -0.482478, 0.875911),

              ["RightUpperArm"] = CFrame.new(0.072045, -0.131361, 0.260232, 0.801805, -0.369264, 0.469843, 0.153584, 0.887162, 0.435151, -0.577512, -0.276745, 0.768044),

              ["RightUpperLeg"] = CFrame.new(0.000000, 0.000000, -0.000000, 0.913506, -0.252527, -0.318966, 0.107593, 0.906074, -0.409195, 0.392339, 0.339499, 0.854881),

              ["UpperTorso"] = CFrame.new(-0.006013, -0.018782, -0.007644, 0.998906, -0.033989, -0.032122, 0.028915, 0.988711, -0.147018, 0.036757, 0.145928, 0.988612)

          }},

          {Time = 0.167, Data = {

              ["Head"] = CFrame.new(0.000000, -0.000000, 0.000000, 0.914837, -0.021138, -0.403269, -0.018729, 0.995334, -0.094659, 0.403388, 0.094151, 0.910172),

              ["LeftFoot"] = CFrame.new(-0.000000, -0.012425, -0.000003, 0.998739, -0.038407, -0.032340, 0.040306, 0.997370, 0.060246, 0.029939, -0.061459, 0.997660),

              ["LeftHand"] = CFrame.new(0.000493, 0.011265, 0.000000, 0.991041, 0.114961, -0.067985, -0.058261, 0.830158, 0.554480, 0.120181, -0.545548, 0.829416),

              ["LeftLowerArm"] = CFrame.new(-0.000500, 0.067689, 0.018005, 1.000000, -0.000000, -0.000000, 0.000000, 0.816453, -0.577411, 0.000000, 0.577412, 0.816453),

              ["LeftLowerLeg"] = CFrame.new(-0.000000, -0.011981, -0.000058, 1.000000, -0.000000, 0.000000, -0.000000, 1.000000, -0.000007, 0.000000, -0.000011, 1.000000),

              ["LeftUpperArm"] = CFrame.new(-0.033442, -0.111796, -0.145076, 0.931226, 0.104205, 0.349228, -0.220832, 0.923637, 0.313254, -0.289917, -0.368830, 0.883126),

              ["LeftUpperLeg"] = CFrame.new(0.000000, 0.000000, -0.000100, 0.982603, 0.036531, 0.182092, -0.006924, 0.986987, -0.160642, -0.185591, 0.156594, 0.970070),

              ["LowerTorso"] = CFrame.new(0.019155, -0.011393, 0.043012, 0.786428, -0.040414, 0.616358, -0.041721, 0.992103, 0.118284, -0.616271, -0.118737, 0.778531),

              ["RightFoot"] = CFrame.new(0.000000, 0.009421, -0.000103, 0.993797, 0.085067, 0.071629, -0.081750, 0.995494, -0.048050, -0.075389, 0.041894, 0.996273),

              ["RightHand"] = CFrame.new(-0.000486, 0.021007, 0.000000, 0.979633, -0.173027, 0.101890, 0.108642, 0.883466, 0.455729, -0.168868, -0.435374, 0.884268),

              ["RightLowerArm"] = CFrame.new(0.000000, 0.103273, 0.046849, 1.000000, 0.000000, 0.000000, -0.000000, 0.517502, -0.855682, -0.000000, 0.855682, 0.517502),

              ["RightLowerLeg"] = CFrame.new(0.000000, 0.044302, -0.006386, 1.000000, 0.000000, 0.000000, -0.000000, 0.935092, 0.354393, 0.000000, -0.354405, 0.935096),

              ["RightUpperArm"] = CFrame.new(0.153272, -0.198208, 0.334319, 0.615555, -0.346889, 0.707644, 0.240778, 0.937764, 0.250251, -0.750412, 0.016343, 0.660768),

              ["RightUpperLeg"] = CFrame.new(-0.000000, -0.000000, -0.000000, 0.936980, -0.200902, -0.285847, 0.098182, 0.936576, -0.336416, 0.335305, 0.287164, 0.897282),

              ["UpperTorso"] = CFrame.new(-0.005246, -0.019362, -0.009110, 0.998983, -0.031699, -0.032080, 0.026706, 0.988981, -0.145613, 0.036342, 0.144608, 0.988821)

          }},

          {Time = 0.200, Data = {

              ["Head"] = CFrame.new(-0.000000, -0.000000, -0.000000, 0.856373, -0.027308, -0.515635, -0.020965, 0.995938, -0.087564, 0.515931, 0.085797, 0.852323),

              ["LeftFoot"] = CFrame.new(-0.000000, -0.003240, -0.000003, 0.997373, -0.055412, -0.046658, 0.058993, 0.995110, 0.079237, 0.042037, -0.081765, 0.995763),

              ["LeftHand"] = CFrame.new(0.000494, 0.009065, 0.000000, 0.997079, -0.066291, 0.037941, 0.031928, 0.812987, 0.581410, -0.069388, -0.578496, 0.812726),

              ["LeftLowerArm"] = CFrame.new(-0.000500, 0.054874, 0.011393, 1.000000, -0.000000, -0.000000, -0.000000, 0.884010, -0.467468, 0.000000, 0.467468, 0.884010),

              ["LeftLowerLeg"] = CFrame.new(0.000000, -0.002828, 0.000063, 1.000000, 0.000000, -0.000000, 0.000000, 1.000000, -0.000008, -0.000000, -0.000011, 1.000000),

              ["LeftUpperArm"] = CFrame.new(-0.022901, -0.123727, -0.094141, 0.951508, 0.163776, 0.260405, -0.243531, 0.918219, 0.312358, -0.187952, -0.360627, 0.913577),

              ["LeftUpperLeg"] = CFrame.new(0.000000, -0.000000, -0.000100, 0.976285, 0.066109, 0.206151, -0.035788, 0.988416, -0.147481, -0.213513, 0.136613, 0.967342),

              ["LowerTorso"] = CFrame.new(0.018582, -0.027425, 0.027997, 0.664289, -0.050507, 0.745767, -0.034893, 0.994532, 0.098435, -0.746661, -0.091412, 0.658894),

              ["RightFoot"] = CFrame.new(0.000000, 0.007435, -0.000103, 0.996163, 0.066947, 0.056371, -0.063377, 0.996005, -0.062914, -0.060354, 0.059099, 0.996426),

              ["RightHand"] = CFrame.new(-0.000489, 0.017209, -0.000000, 0.999609, 0.024480, -0.013498, -0.019841, 0.961426, 0.274350, 0.019693, -0.273972, 0.961535),

              ["RightLowerArm"] = CFrame.new(0.000000, 0.088507, 0.031391, 1.000000, 0.000000, 0.000000, -0.000000, 0.677908, -0.735147, -0.000000, 0.735147, 0.677908),

              ["RightLowerLeg"] = CFrame.new(0.000000, 0.033421, -0.003463, 1.000000, 0.000000, -0.000000, -0.000000, 0.964715, 0.263283, -0.000000, -0.263297, 0.964719),

              ["RightUpperArm"] = CFrame.new(0.251460, -0.314142, 0.353631, 0.394460, -0.314747, 0.863328, 0.425600, 0.895244, 0.131924, -0.814411, 0.315394, 0.487094),

              ["RightUpperLeg"] = CFrame.new(0.000000, -0.000000, -0.000000, 0.969597, -0.139613, -0.200973, 0.083786, 0.961041, -0.263387, 0.229916, 0.238554, 0.943524),

              ["UpperTorso"] = CFrame.new(-0.003157, -0.013963, -0.006835, 0.999474, -0.019883, -0.025635, 0.016707, 0.992797, -0.118641, 0.027809, 0.118151, 0.992606)

          }},

          {Time = 0.233, Data = {

              ["Head"] = CFrame.new(-0.000000, -0.000000, -0.000000, 0.788733, -0.033714, -0.613810, -0.021361, 0.996389, -0.082176, 0.614365, 0.077926, 0.785165),

              ["LeftFoot"] = CFrame.new(0.000000, 0.004376, -0.000003, 0.994923, -0.076983, -0.064821, 0.078907, 0.996499, 0.027656, 0.062462, -0.032622, 0.997514),

              ["LeftHand"] = CFrame.new(0.000496, 0.006262, -0.000000, 0.953114, -0.261620, 0.152086, 0.132080, 0.811824, 0.568771, -0.272266, -0.522013, 0.808313),

              ["LeftLowerArm"] = CFrame.new(-0.000500, 0.035621, 0.004489, 1.000000, -0.000000, -0.000000, 0.000000, 0.954247, -0.299019, 0.000000, 0.299019, 0.954247),

              ["LeftLowerLeg"] = CFrame.new(0.000000, 0.019119, -0.000919, 1.000000, -0.000000, 0.000000, 0.000000, 0.989465, 0.144753, -0.000000, -0.144770, 0.989468),

              ["LeftUpperArm"] = CFrame.new(-0.016695, -0.137123, -0.008940, 0.962989, 0.249965, 0.100844, -0.268976, 0.915386, 0.299536, -0.017438, -0.315574, 0.948741),

              ["LeftUpperLeg"] = CFrame.new(0.000000, -0.000000, -0.000100, 0.961909, 0.123458, 0.243907, -0.083540, 0.982285, -0.167734, -0.260294, 0.140979, 0.955183),

              ["LowerTorso"] = CFrame.new(0.000306, -0.051617, 0.002309, 0.545426, -0.027018, 0.837724, -0.019163, 0.998817, 0.044690, -0.837940, -0.040428, 0.544263),

              ["RightFoot"] = CFrame.new(-0.000000, 0.007624, -0.000103, 0.998577, 0.040800, 0.034354, -0.038987, 0.997892, -0.051890, -0.036397, 0.050476, 0.998062),

              ["RightHand"] = CFrame.new(-0.000493, 0.010711, 0.000000, 0.982200, 0.162536, -0.094161, -0.164274, 0.986354, -0.010958, 0.091094, 0.026231, 0.995497),

              ["RightLowerArm"] = CFrame.new(0.000000, 0.065697, 0.016848, 1.000000, 0.000000, 0.000000, -0.000000, 0.828316, -0.560261, -0.000000, 0.560261, 0.828316),

              ["RightLowerLeg"] = CFrame.new(0.000000, 0.034438, -0.003695, 1.000000, 0.000000, -0.000000, -0.000000, 0.962366, 0.271743, 0.000000, -0.271757, 0.962370),

              ["RightUpperArm"] = CFrame.new(0.318550, -0.407740, 0.328212, 0.236234, -0.268087, 0.933982, 0.568784, 0.817462, 0.090778, -0.787831, 0.509790, 0.345596),

              ["RightUpperLeg"] = CFrame.new(0.000000, -0.000000, -0.000000, 0.996266, -0.066518, -0.055032, 0.052411, 0.972548, -0.226711, 0.068602, 0.222994, 0.972406),

              ["UpperTorso"] = CFrame.new(-0.000000, -0.000000, 0.000000, 0.999950, -0.000300, -0.009994, -0.000300, 0.998201, -0.059963, 0.009994, 0.059963, 0.998151)

          }},

          {Time = 0.267, Data = {

              ["Head"] = CFrame.new(0.000000, 0.000000, -0.000000, 0.719763, -0.040676, -0.693028, -0.020158, 0.996637, -0.079431, 0.693928, 0.071141, 0.716522),

              ["LeftFoot"] = CFrame.new(0.000000, 0.008851, -0.000003, 0.990652, -0.104349, -0.087865, 0.099488, 0.993346, -0.058015, 0.093328, 0.048729, 0.994442),

              ["LeftHand"] = CFrame.new(0.000499, 0.002278, -0.000000, 0.880569, -0.409534, 0.238501, 0.247179, 0.826254, 0.506172, -0.404354, -0.386764, 0.828799),

              ["LeftLowerArm"] = CFrame.new(-0.000500, 0.010830, 0.000369, 1.000000, -0.000000, -0.000000, 0.000000, 0.996121, -0.088000, 0.000000, 0.087999, 0.996120),

              ["LeftLowerLeg"] = CFrame.new(-0.000000, 0.042442, -0.005656, 1.000000, -0.000000, -0.000000, 0.000000, 0.941482, 0.337052, -0.000000, -0.337065, 0.941486),

              ["LeftUpperArm"] = CFrame.new(-0.023304, -0.142551, 0.074678, 0.948719, 0.308093, -0.070790, -0.278308, 0.920229, 0.275180, 0.149924, -0.241367, 0.958783),

              ["LeftUpperLeg"] = CFrame.new(-0.000000, -0.000000, -0.000100, 0.934333, 0.202057, 0.293593, -0.158418, 0.973362, -0.165726, -0.319259, 0.108348, 0.941455),

              ["LowerTorso"] = CFrame.new(-0.039946, -0.081743, -0.029671, 0.452001, 0.039161, 0.891157, 0.004257, 0.998930, -0.046056, -0.892007, 0.024611, 0.451351),

              ["RightFoot"] = CFrame.new(0.000000, 0.009938, -0.000103, 0.999804, 0.015128, 0.012738, -0.015236, 0.999848, 0.008433, -0.012607, -0.008625, 0.999883),

              ["RightHand"] = CFrame.new(-0.000495, 0.007057, -0.000000, 0.964641, 0.227914, -0.132375, -0.258057, 0.918876, -0.298456, 0.053613, 0.322060, 0.945199),

              ["RightLowerArm"] = CFrame.new(0.000000, 0.041851, 0.006301, 1.000000, 0.000000, 0.000000, 0.000000, 0.935829, -0.352456, -0.000000, 0.352455, 0.935829),

              ["RightLowerLeg"] = CFrame.new(-0.000000, 0.047174, -0.007327, 1.000000, 0.000000, 0.000000, -0.000000, 0.925552, 0.378610, 0.000000, -0.378620, 0.925556),

              ["RightUpperArm"] = CFrame.new(0.355702, -0.465177, 0.298832, 0.139868, -0.208731, 0.967920, 0.645597, 0.760399, 0.070689, -0.750760, 0.614999, 0.241112),

              ["RightUpperLeg"] = CFrame.new(0.000000, -0.000000, -0.000000, 0.991473, 0.044599, 0.122443, -0.013325, 0.969381, -0.245183, -0.129629, 0.241476, 0.961714),

              ["UpperTorso"] = CFrame.new(0.004731, 0.024870, 0.008940, 0.999555, 0.024595, 0.016901, -0.025136, 0.999152, 0.032624, -0.016084, -0.033035, 0.999325)

          }},

          {Time = 0.300, Data = {

              ["Head"] = CFrame.new(0.000000, -0.000000, -0.000000, 0.653261, -0.048057, -0.755606, -0.018096, 0.996708, -0.079037, 0.756916, 0.065305, 0.650241),

              ["LeftFoot"] = CFrame.new(-0.000000, 0.011903, -0.000003, 0.983454, -0.138580, -0.116688, 0.123086, 0.983724, -0.130917, 0.132923, 0.114378, 0.984502),

              ["LeftHand"] = CFrame.new(0.000506, -0.009079, 0.000000, 0.825145, -0.488117, 0.284394, 0.330283, 0.825250, 0.458124, -0.458311, -0.284086, 0.842165),

              ["LeftLowerArm"] = CFrame.new(-0.000500, -0.009268, 0.000050, 1.000000, 0.000000, -0.000000, 0.000000, 1.000000, -0.000001, 0.000000, -0.000000, 1.000000),

              ["LeftLowerLeg"] = CFrame.new(0.000000, 0.059421, -0.012010, 1.000000, -0.000000, 0.000000, 0.000000, 0.876926, 0.480620, 0.000000, -0.480626, 0.876929),

              ["LeftUpperArm"] = CFrame.new(-0.034778, -0.142791, 0.130348, 0.924600, 0.337713, -0.176252, -0.277098, 0.913736, 0.297159, 0.261402, -0.225913, 0.938420),

              ["LeftUpperLeg"] = CFrame.new(0.000000, -0.000000, -0.000100, 0.891013, 0.286094, 0.352488, -0.260976, 0.958112, -0.117938, -0.371465, 0.013110, 0.928355),

              ["LowerTorso"] = CFrame.new(-0.093852, -0.109966, -0.060841, 0.383894, 0.131237, 0.914003, 0.031861, 0.987376, -0.155154, -0.922827, 0.088683, 0.374867),

              ["RightFoot"] = CFrame.new(-0.000000, 0.012609, -0.000103, 0.999976, 0.005302, 0.004465, -0.005819, 0.992108, 0.125257, -0.003764, -0.125275, 0.992114),

              ["RightHand"] = CFrame.new(-0.000497, 0.004007, -0.000000, 0.957101, 0.250513, -0.145609, -0.289540, 0.807479, -0.513953, -0.011175, 0.534061, 0.845370),

              ["RightLowerArm"] = CFrame.new(-0.000001, 0.021646, 0.001553, 1.000000, 0.000000, 0.000000, -0.000000, 0.984057, -0.177857, -0.000000, 0.177856, 0.984056),

              ["RightLowerLeg"] = CFrame.new(0.000000, 0.061995, -0.013416, 1.000000, 0.000000, -0.000000, -0.000000, 0.863625, 0.504131, 0.000000, -0.504135, 0.863627),

              ["RightUpperArm"] = CFrame.new(0.379213, -0.499229, 0.277877, 0.072964, -0.156813, 0.984929, 0.681908, 0.728502, 0.065471, -0.727789, 0.666854, 0.160087),

              ["RightUpperLeg"] = CFrame.new(-0.000000, -0.000000, -0.000000, 0.945319, 0.190406, 0.264801, -0.103871, 0.945382, -0.308955, -0.309165, 0.264574, 0.913470),

              ["UpperTorso"] = CFrame.new(0.011891, 0.057680, 0.014121, 0.997465, 0.051050, 0.049565, -0.057553, 0.988455, 0.140157, -0.041838, -0.142654, 0.988888)

          }},

          {Time = 0.333, Data = {

              ["Head"] = CFrame.new(0.000000, -0.000000, 0.000000, 0.590852, -0.055479, -0.804870, -0.015821, 0.996644, -0.080312, 0.806625, 0.060186, 0.587991),

              ["LeftFoot"] = CFrame.new(-0.000000, 0.013883, -0.000003, 0.972987, -0.176599, -0.148700, 0.149194, 0.972516, -0.178768, 0.176173, 0.151739, 0.972590),

              ["LeftHand"] = CFrame.new(0.000513, -0.019232, -0.000000, 0.805291, -0.512267, 0.298480, 0.372548, 0.828850, 0.417394, -0.461209, -0.224923, 0.858308),

              ["LeftLowerArm"] = CFrame.new(-0.000499, -0.019409, 0.000105, 1.000000, -0.000000, -0.000000, 0.000000, 1.000000, -0.000001, 0.000000, -0.000000, 1.000000),

              ["LeftLowerLeg"] = CFrame.new(0.000000, 0.070074, -0.017483, 1.000000, -0.000000, -0.000000, 0.000000, 0.821104, 0.570776, -0.000000, -0.570778, 0.821106),

              ["LeftUpperArm"] = CFrame.new(-0.042353, -0.142421, 0.157593, 0.908165, 0.358921, -0.215433, -0.274508, 0.899153, 0.340836, 0.316041, -0.250397, 0.915106),

              ["LeftUpperLeg"] = CFrame.new(-0.000000, -0.000000, -0.000100, 0.835481, 0.362364, 0.413120, -0.375509, 0.925346, -0.052221, -0.401203, -0.111482, 0.909178),

              ["LowerTorso"] = CFrame.new(-0.149263, -0.130221, -0.085958, 0.331776, 0.224563, 0.916240, 0.060192, 0.964235, -0.258122, -0.941436, 0.140789, 0.306393),

              ["RightFoot"] = CFrame.new(0.000000, 0.015363, -0.000103, 0.999784, 0.015897, 0.013386, -0.018825, 0.965603, 0.259349, -0.008801, -0.259533, 0.965691),

              ["RightHand"] = CFrame.new(-0.000499, 0.002415, -0.000000, 0.957454, 0.249482, -0.145054, -0.283106, 0.714520, -0.639778, -0.055969, 0.653620, 0.754747),

              ["RightLowerArm"] = CFrame.new(-0.000000, 0.012241, 0.000468, 1.000000, 0.000000, 0.000000, -0.000000, 0.995104, -0.098837, -0.000000, 0.098836, 0.995104),

              ["RightLowerLeg"] = CFrame.new(0.000000, 0.074633, -0.020196, 1.000000, 0.000000, 0.000000, -0.000000, 0.794248, 0.607593, 0.000000, -0.607593, 0.794248),

              ["RightUpperArm"] = CFrame.new(0.397825, -0.518930, 0.264998, 0.017956, -0.136940, 0.990417, 0.695450, 0.713406, 0.086031, -0.718350, 0.687240, 0.108046),

              ["RightUpperLeg"] = CFrame.new(0.000000, -0.000000, -0.000000, 0.877929, 0.334414, 0.342654, -0.184229, 0.896498, -0.402910, -0.441928, 0.290617, 0.848676),

              ["UpperTorso"] = CFrame.new(0.021771, 0.092307, 0.012611, 0.993886, 0.075785, 0.080294, -0.092996, 0.966609, 0.238788, -0.059516, -0.244795, 0.967747)

          }},

          {Time = 0.367, Data = {

              ["Head"] = CFrame.new(-0.000000, -0.000000, -0.000000, 0.533360, -0.062462, -0.843579, -0.013800, 0.996495, -0.082510, 0.845776, 0.055649, 0.530628),

              ["LeftFoot"] = CFrame.new(0.000000, 0.015626, -0.000003, 0.961284, -0.210794, -0.177493, 0.175211, 0.964674, -0.196749, 0.212683, 0.158019, 0.964254),

              ["LeftHand"] = CFrame.new(0.000515, -0.022806, -0.000000, 0.814412, -0.501406, 0.292109, 0.393292, 0.847069, 0.357487, -0.426679, -0.176256, 0.887060),

              ["LeftLowerArm"] = CFrame.new(-0.000499, -0.022977, 0.000124, 1.000000, -0.000000, -0.000000, 0.000000, 1.000000, -0.000001, 0.000000, -0.000000, 1.000000),

              ["LeftLowerLeg"] = CFrame.new(-0.000000, 0.076472, -0.021040, 1.000000, -0.000000, -0.000000, 0.000000, 0.784528, 0.620094, -0.000000, -0.620093, 0.784528),

              ["LeftUpperArm"] = CFrame.new(-0.044390, -0.142689, 0.165764, 0.902698, 0.368723, -0.221765, -0.273043, 0.889221, 0.367062, 0.332543, -0.270794, 0.903375),

              ["LeftUpperLeg"] = CFrame.new(0.000000, -0.000000, -0.000100, 0.779876, 0.418153, 0.465778, -0.472209, 0.881486, -0.000693, -0.410867, -0.219386, 0.884902),

              ["LowerTorso"] = CFrame.new(-0.194472, -0.140497, -0.100880, 0.284656, 0.295862, 0.911832, 0.084583, 0.939721, -0.331316, -0.954891, 0.171437, 0.242472),

              ["RightFoot"] = CFrame.new(0.000000, 0.019161, -0.000103, 0.998499, 0.041904, 0.035284, -0.051508, 0.937418, 0.344392, -0.018642, -0.345676, 0.938163),

              ["RightHand"] = CFrame.new(-0.000498, 0.003123, 0.000000, 0.962437, 0.234709, -0.136481, -0.262109, 0.672103, -0.692518, -0.070810, 0.702274, 0.708373),

              ["RightLowerArm"] = CFrame.new(-0.000000, 0.016297, 0.000855, 1.000000, 0.000000, 0.000000, 0.000000, 0.991162, -0.132655, -0.000000, 0.132654, 0.991162),

              ["RightLowerLeg"] = CFrame.new(-0.000000, 0.086284, -0.027243, 1.000000, 0.000000, 0.000000, -0.000000, 0.721332, 0.692593, 0.000000, -0.692590, 0.721329),

              ["RightUpperArm"] = CFrame.new(0.414844, -0.529083, 0.257818, -0.031848, -0.159404, 0.986700, 0.695496, 0.705462, 0.136418, -0.717824, 0.690590, 0.088398),

              ["RightUpperLeg"] = CFrame.new(-0.000000, -0.000000, 0.000000, 0.821275, 0.439032, 0.364368, -0.214366, 0.829291, -0.516048, -0.528729, 0.345727, 0.775198),

              ["UpperTorso"] = CFrame.new(0.033094, 0.122126, 0.007098, 0.990338, 0.094334, 0.101642, -0.121408, 0.943996, 0.306810, -0.067007, -0.316186, 0.946328)

          }},

          {Time = 0.400, Data = {

              ["Head"] = CFrame.new(-0.000000, 0.000000, 0.000000, 0.481134, -0.068451, -0.873970, -0.012369, 0.996318, -0.084843, 0.876560, 0.051630, 0.478516),

              ["LeftFoot"] = CFrame.new(0.000000, 0.016903, -0.000003, 0.953001, -0.231761, -0.195148, 0.195970, 0.962741, -0.186361, 0.231054, 0.139346, 0.962905),

              ["LeftHand"] = CFrame.new(0.000513, -0.020826, 0.000000, 0.839469, -0.469573, 0.273486, 0.394386, 0.872699, 0.287849, -0.373834, -0.133779, 0.917796),

              ["LeftLowerArm"] = CFrame.new(-0.000499, -0.021000, 0.000114, 1.000000, 0.000000, -0.000000, 0.000000, 1.000000, -0.000001, 0.000000, -0.000000, 1.000000),

              ["LeftLowerLeg"] = CFrame.new(-0.000000, 0.080336, -0.023257, 1.000000, -0.000000, -0.000000, 0.000000, 0.761603, 0.648045, -0.000000, -0.648043, 0.761602),

              ["LeftUpperArm"] = CFrame.new(-0.042812, -0.143018, 0.164022, 0.904358, 0.369248, -0.213992, -0.271562, 0.884695, 0.378906, 0.329228, -0.284554, 0.900354),

              ["LeftUpperLeg"] = CFrame.new(0.000000, 0.000000, -0.000100, 0.742541, 0.447199, 0.498653, -0.519253, 0.854593, 0.006823, -0.423095, -0.263975, 0.866775),

              ["LowerTorso"] = CFrame.new(-0.218365, -0.141364, -0.102301, 0.231156, 0.323433, 0.917583, 0.098518, 0.930497, -0.352803, -0.967916, 0.171951, 0.183225),

              ["RightFoot"] = CFrame.new(-0.000000, 0.023246, -0.000103, 0.995463, 0.072789, 0.061291, -0.088499, 0.944869, 0.315280, -0.034959, -0.319257, 0.947017),

              ["RightHand"] = CFrame.new(-0.000497, 0.004980, -0.000000, 0.969394, 0.212240, -0.123412, -0.236262, 0.669768, -0.703986, -0.066756, 0.711594, 0.699409),

              ["RightLowerArm"] = CFrame.new(-0.000000, 0.027848, 0.002644, 1.000000, 0.000000, 0.000000, 0.000000, 0.972976, -0.230908, -0.000000, 0.230907, 0.972976),

              ["RightLowerLeg"] = CFrame.new(-0.000000, 0.097986, -0.036112, 1.000000, 0.000000, 0.000000, -0.000000, 0.629094, 0.777335, 0.000000, -0.777329, 0.629087),

              ["RightUpperArm"] = CFrame.new(0.430745, -0.532680, 0.254093, -0.077483, -0.205467, 0.975592, 0.687691, 0.697477, 0.201512, -0.721857, 0.686520, 0.087256),

              ["RightUpperLeg"] = CFrame.new(-0.000000, 0.000000, 0.000000, 0.807746, 0.473448, 0.351283, -0.159945, 0.749500, -0.642376, -0.567418, 0.462707, 0.681141),

              ["UpperTorso"] = CFrame.new(0.042773, 0.141919, 0.004752, 0.989211, 0.100272, 0.106808, -0.130033, 0.936782, 0.324855, -0.067482, -0.335239, 0.939713)

          }},

          {Time = 0.433, Data = {

              ["Head"] = CFrame.new(0.000000, 0.000000, 0.000000, 0.434240, -0.072822, -0.897849, -0.011775, 0.996183, -0.086492, 0.900720, 0.048131, 0.431725),

              ["LeftFoot"] = CFrame.new(-0.000000, 0.017653, -0.000003, 0.953380, -0.230846, -0.194377, 0.205027, 0.968090, -0.144116, 0.221430, 0.097534, 0.970282),

              ["LeftHand"] = CFrame.new(0.000510, -0.014960, -0.000000, 0.869677, -0.426595, 0.248355, 0.378893, 0.899382, 0.218069, -0.316390, -0.095548, 0.943804),

              ["LeftLowerArm"] = CFrame.new(-0.000499, -0.015141, 0.000082, 1.000000, -0.000000, -0.000000, 0.000000, 1.000000, -0.000001, 0.000000, -0.000000, 1.000000),

              ["LeftLowerLeg"] = CFrame.new(0.000000, 0.082575, -0.024614, 1.000000, -0.000000, -0.000000, 0.000000, 0.747544, 0.664215, -0.000000, -0.664213, 0.747542),

              ["LeftUpperArm"] = CFrame.new(-0.039975, -0.142715, 0.159435, 0.908439, 0.363494, -0.206421, -0.268681, 0.886039, 0.377818, 0.320232, -0.287763, 0.902576),

              ["LeftUpperLeg"] = CFrame.new(-0.000000, -0.000000, -0.000100, 0.740772, 0.445588, 0.502709, -0.487578, 0.871413, -0.053903, -0.462087, -0.205161, 0.862773),

              ["LowerTorso"] = CFrame.new(-0.208747, -0.131811, -0.088911, 0.159247, 0.282790, 0.945870, 0.094871, 0.949279, -0.299781, -0.982670, 0.137475, 0.124342),

              ["RightFoot"] = CFrame.new(-0.000000, 0.026601, -0.000102, 0.991201, 0.101257, 0.085261, -0.111323, 0.986137, 0.123059, -0.071613, -0.131460, 0.988730),

              ["RightHand"] = CFrame.new(-0.000496, 0.006807, 0.000000, 0.976413, 0.186661, -0.108519, -0.208417, 0.683529, -0.699539, -0.056400, 0.705653, 0.706306),

              ["RightLowerArm"] = CFrame.new(0.000000, 0.040130, 0.005757, 1.000000, 0.000000, 0.000000, -0.000000, 0.941353, -0.337423, -0.000000, 0.337422, 0.941353),

              ["RightLowerLeg"] = CFrame.new(-0.000000, 0.108416, -0.047140, 1.000000, 0.000000, 0.000000, -0.000000, 0.514379, 0.857569, 0.000000, -0.857563, 0.514369),

              ["RightUpperArm"] = CFrame.new(0.444401, -0.532008, 0.252201, -0.116775, -0.254395, 0.960024, 0.676275, 0.687545, 0.264452, -0.727335, 0.680122, 0.091753),

              ["RightUpperLeg"] = CFrame.new(-0.000000, -0.000000, -0.000000, 0.854104, 0.395422, 0.337865, 0.005780, 0.642338, -0.766385, -0.520070, 0.656539, 0.546352),

              ["UpperTorso"] = CFrame.new(0.047041, 0.147132, 0.013122, 0.992259, 0.086399, 0.089200, -0.107715, 0.956251, 0.271994, -0.061798, -0.279497, 0.958156)

          }},

          {Time = 0.467, Data = {

              ["Head"] = CFrame.new(0.000000, -0.000000, -0.000000, 0.392651, -0.075067, -0.916619, -0.012140, 0.996154, -0.086780, 0.919608, 0.045202, 0.390229),

              ["LeftFoot"] = CFrame.new(0.000000, 0.017602, -0.000003, 0.964076, -0.203196, -0.171095, 0.196395, 0.978927, -0.055965, 0.178851, 0.020347, 0.983664),

              ["LeftHand"] = CFrame.new(0.000505, -0.007178, -0.000000, 0.898086, -0.380147, 0.221204, 0.352031, 0.922793, 0.156613, -0.263658, -0.062780, 0.962570),

              ["LeftLowerArm"] = CFrame.new(-0.000500, -0.007369, 0.000040, 1.000000, -0.000000, -0.000000, 0.000000, 1.000000, -0.000001, 0.000000, -0.000000, 1.000000),

              ["LeftLowerLeg"] = CFrame.new(-0.000000, 0.082426, -0.024522, 1.000000, -0.000000, -0.000000, 0.000000, 0.748500, 0.663137, -0.000000, -0.663135, 0.748498),

              ["LeftUpperArm"] = CFrame.new(-0.037603, -0.141626, 0.156883, 0.911498, 0.354626, -0.208355, -0.264102, 0.892972, 0.364489, 0.315312, -0.277203, 0.907599),

              ["LeftUpperLeg"] = CFrame.new(-0.000000, -0.000000, -0.000100, 0.778343, 0.409532, 0.475892, -0.356875, 0.912201, -0.201300, -0.516549, -0.013134, 0.856157),

              ["LowerTorso"] = CFrame.new(-0.150248, -0.107139, -0.066737, 0.059603, 0.152602, 0.986489, 0.071807, 0.985030, -0.156715, -0.995636, 0.080178, 0.047752),

              ["RightFoot"] = CFrame.new(-0.000000, 0.027936, -0.000102, 0.983002, 0.140443, 0.118256, -0.114761, 0.972778, -0.201337, -0.143304, 0.184332, 0.972357),

              ["RightHand"] = CFrame.new(-0.000495, 0.008248, -0.000000, 0.982442, 0.161303, -0.093746, -0.180699, 0.697673, -0.693256, -0.046420, 0.698021, 0.714568),

              ["RightLowerArm"] = CFrame.new(0.000000, 0.050061, 0.009282, 1.000000, 0.000000, 0.000000, -0.000000, 0.905497, -0.424352, -0.000000, 0.424352, 0.905497),

              ["RightLowerLeg"] = CFrame.new(-0.000000, 0.113298, -0.054306, 1.000000, 0.000000, 0.000000, -0.000000, 0.439961, 0.898023, 0.000000, -0.898017, 0.439948),

              ["RightUpperArm"] = CFrame.new(0.454275, -0.528738, 0.251427, -0.146738, -0.298831, 0.942957, 0.664254, 0.676593, 0.317786, -0.732963, 0.672995, 0.099218),

              ["RightUpperLeg"] = CFrame.new(-0.000000, 0.000000, -0.000000, 0.916610, 0.158009, 0.367237, 0.262116, 0.456066, -0.850459, -0.301864, 0.875807, 0.376637),

              ["UpperTorso"] = CFrame.new(0.044609, 0.134908, 0.026453, 0.997715, 0.050876, 0.044460, -0.056357, 0.989610, 0.132271, -0.037269, -0.134475, 0.990216)

          }},

          {Time = 0.500, Data = {

              ["Head"] = CFrame.new(-0.000000, -0.000000, 0.000000, 0.356477, -0.075310, -0.931264, -0.013321, 0.996235, -0.085664, 0.934209, 0.042943, 0.354132),

              ["LeftFoot"] = CFrame.new(0.000000, 0.015522, -0.000003, 0.977989, -0.159613, -0.134399, 0.171684, 0.981604, 0.083541, 0.118584, -0.104774, 0.987400),

              ["LeftHand"] = CFrame.new(0.000499, 0.000364, 0.000000, 0.921061, -0.336632, 0.195771, 0.320212, 0.940798, 0.111191, -0.221609, -0.039725, 0.974326),

              ["LeftLowerArm"] = CFrame.new(-0.000500, 0.001119, 0.000002, 1.000000, -0.000000, -0.000000, 0.000000, 0.999954, -0.009572, 0.000000, 0.009571, 0.999954),

              ["LeftLowerLeg"] = CFrame.new(-0.000000, 0.076119, -0.020838, 1.000000, -0.000000, 0.000000, 0.000000, 0.786614, 0.617445, -0.000000, -0.617445, 0.786614),

              ["LeftUpperArm"] = CFrame.new(-0.036324, -0.140130, 0.157930, 0.912283, 0.346038, -0.219084, -0.258594, 0.901485, 0.347066, 0.317598, -0.259968, 0.911892),

