return {
["gnarly twerk"] = {
        {Time = 0.000, Data = {
            ["Head"] = CFrame.new(0, -1.1920928955078125e-07, 0, 1, 0, 0, 0, 1, 0, 0, 0, 1),
            ["LeftFoot"] = CFrame.new(-8.463393896818161e-08, 0.030182123184204102, -1.9685830920934677e-06, 0.81411230564117432, -0.44423145055770874, -0.37400490045547485, 0.16587460041046143, 0.79510974884033203, -0.58334052562713623, 0.55651313066482544, 0.41286677122116089, 0.72099530696868896),
            ["LeftHand"] = CFrame.new(0.00048329681158065796, 0.025485575199127197, 2.8114300221204758e-07, 0.97963482141494751, -0.17368169128894806, 0.1007484644651413, 0.066782623529434204, 0.75504356622695923, 0.65226471424102783, -0.18935592472553253, -0.63225305080413818, 0.75126588344573975),
            ["LeftLowerArm"] = CFrame.new(-0.00049898028373718262, 0.11990630626678467, 0.095246456563472748, 1, 0, 0, 0, 0.01520150899887085, -0.99988442659378052, 0, 0.99988442659378052, 0.01520150899887085),
            ["LeftLowerLeg"] = CFrame.new(-1.4901161193847656e-08, 0.12113440036773682, -0.069740094244480133, 1, -0, 0, 0, 0.27828329801559448, 0.960499107837677, -0, -0.960499107837677, 0.27828329801559448),
            ["LeftUpperArm"] = CFrame.new(-0.097943902015686035, 0.0055412054061889648, -0.50359493494033813, 0.062407195568084717, 0.76498335599899292, 0.64101934432983398, -0.096079051494598389, 0.64389312267303467, -0.75905895233154297, -0.99341535568237305, -0.014217793941497803, 0.11368244886398315),
            ["LeftUpperLeg"] = CFrame.new(0, 1.3044336810708046e-07, -9.9958386272192001e-05, 0.81032133102416992, 0.58597689867019653, 0.0032266974449157715, -0.51411169767379761, 0.71356296539306641, -0.47593802213668823, -0.28119111061096191, 0.38400387763977051, 0.87947291135787964),
            ["LowerTorso"] = CFrame.new(-0.00041845455416478217, -0.6480410099029541, 0.095662817358970642, -0.99998688697814941, 0.0010487990221008658, 0.005010663066059351, -1.8641934730112553e-05, 0.97803592681884766, -0.20843645930290222, -0.0051192161627113819, -0.20843380689620972, -0.97802305221557617),
            ["RightFoot"] = CFrame.new(-8.3236955106258392e-08, 0.030576109886169434, -0.00010182899859501049, 0.83354580402374268, 0.42258912324905396, 0.35583680868148804, -0.1472448855638504, 0.79074913263320923, -0.59416729211807251, -0.53246629238128662, 0.44287052750587463, 0.72134971618652344),
            ["RightHand"] = CFrame.new(-0.00048630498349666595, 0.020772278308868408, -5.3551048040390015e-08, 0.99550348520278931, 0.082078456878662109, -0.047285489737987518, -0.082608506083488464, 0.99653810262680054, -0.009363243356347084, 0.046353273093700409, 0.013227324932813644, 0.99883753061294556),
            ["RightLowerArm"] = CFrame.new(-1.1920928955078125e-07, 0.10239911079406738, 0.04572729766368866, 1, 0, 0, 0, 0.52913075685501099, -0.84854030609130859, 0, 0.84854030609130859, 0.52913075685501099),
            ["RightLowerLeg"] = CFrame.new(2.2351741790771484e-07, 0.12175917625427246, -0.072450332343578339, 1, -0, 0, 0, 0.2512781023979187, 0.96791493892669678, -0, -0.96791493892669678, 0.2512781023979187),
            ["RightUpperArm"] = CFrame.new(0.036477208137512207, 0.11233770847320557, -0.32422038912773132, 0.1864132285118103, -0.5190156102180481, 0.83418995141983032, 0.144850954413414, -0.82527506351470947, -0.54583823680877686, 0.97173470258712769, 0.22258467972278595, -0.078662276268005371),
            ["RightUpperLeg"] = CFrame.new(5.9604644775390625e-08, 1.1798692867159843e-07, -8.5048668552190065e-08, 0.83705580234527588, -0.54687106609344482, 0.016419820487499237, 0.48579105734825134, 0.72908949851989746, -0.48211568593978882, 0.25168359279632568, 0.41153430938720703, 0.87595367431640625),
            ["UpperTorso"] = CFrame.new(6.1512473621405661e-05, 0.062612175941467285, -0.00078928470611572266, 0.99994933605194092, -1.9201310351490974e-05, 0.010066645219922066, -0.0020794963929802179, 0.97803550958633423, 0.20842801034450531, -0.0098495390266180038, -0.20843838155269623, 0.9779859185218811)
        }},
        {Time = 0.022, Data = {
            ["Head"] = CFrame.new(-2.6603051359042063e-12, -1.1920928955078125e-07, -4.6564765932011198e-10, 1, -0, 0, 0, 0.99999707937240601, 0.0024170149117708206, -0, -0.0024170149117708206, 0.99999707937240601),
            ["LeftFoot"] = CFrame.new(1.1641532182693481e-10, 0.03004908561706543, -1.9795261323451996e-06, 0.81113320589065552, -0.44737103581428528, -0.37672549486160278, 0.16167578101158142, 0.79054164886474609, -0.59068173170089722, 0.56207102537155151, 0.41821417212486267, 0.71356368064880371),
            ["LeftHand"] = CFrame.new(0.00048327818512916565, 0.02549135684967041, 2.0116567611694336e-07, 0.97868055105209351, -0.17762428522109985, 0.10312149673700333, 0.06931760162115097, 0.75827205181121826, 0.64824259281158447, -0.19333779811859131, -0.6272742748260498, 0.75441861152648926),
            ["LeftLowerArm"] = CFrame.new(-0.0004990696907043457, 0.11991161108016968, 0.095371298491954803, 1, 0, 0, 0, 0.013868510723114014, -0.99990385770797729, 0, 0.99990385770797729, 0.013868510723114014),
            ["LeftLowerLeg"] = CFrame.new(-7.4505805969238281e-08, 0.12078452110290527, -0.068842485547065735, 1, -0, 0, 0, 0.2876899242401123, 0.95772379636764526, -0, -0.95772379636764526, 0.2876899242401123),
            ["LeftUpperArm"] = CFrame.new(-0.10010290145874023, 0.0060257911682128906, -0.50377249717712402, 0.058102071285247803, 0.76081252098083496, 0.64636552333831787, -0.09509316086769104, 0.64873313903808594, -0.7550513744354248, -0.99377131462097168, -0.017594903707504272, 0.11004078388214111),
            ["LeftUpperLeg"] = CFrame.new(-1.1920928955078125e-07, -5.320180207490921e-08, -9.9951401352882385e-05, 0.80728799104690552, 0.58997374773025513, 0.01473429799079895, -0.52530354261398315, 0.72972726821899414, -0.43766918778419495, -0.26896536350250244, 0.34558507800102234, 0.89901536703109741),
            ["LowerTorso"] = CFrame.new(-0.00048881641123443842, -0.64333367347717285, 0.11374050378799438, -0.99998593330383301, 0.0012234051246196032, 0.0051570534706115723, -2.340052742511034e-05, 0.97196710109710693, -0.23511677980422974, -0.0053001297637820244, -0.23511359095573425, -0.97195351123809814),
            ["RightFoot"] = CFrame.new(1.521548256278038e-07, 0.03051292896270752, -0.00010203074634773657, 0.83097469806671143, 0.42554405331611633, 0.35832017660140991, -0.14301910996437073, 0.78586745262145996, -0.60162937641143799, -0.53761196136474609, 0.44869217276573181, 0.71389687061309814),
            ["RightHand"] = CFrame.new(-0.00048616528511047363, 0.021003901958465576, -2.3283064365386963e-09, 0.99520319700241089, 0.08473137766122818, -0.048900268971920013, -0.084946088492870331, 0.99638283252716064, -0.002325764624401927, 0.048526324331760406, 0.0064684944227337837, 0.99880093336105347),
            ["RightLowerArm"] = CFrame.new(-1.7881393432617188e-07, 0.10325413942337036, 0.046822749078273773, 1, 0, 0, 0, 0.51775401830673218, -0.8555295467376709, 0, 0.8555295467376709, 0.51775401830673218),
            ["RightLowerLeg"] = CFrame.new(-5.9604644775390625e-08, 0.12148940563201904, -0.071563228964805603, 1, -0, 0, 0, 0.26043993234634399, 0.96549004316329956, -0, -0.96549004316329956, 0.26043993234634399),
            ["RightUpperArm"] = CFrame.new(0.036572813987731934, 0.1151890754699707, -0.32465517520904541, 0.18621999025344849, -0.52494674921035767, 0.83051377534866333, 0.13917089998722076, -0.82268309593200684, -0.55120241641998291, 0.97260147333145142, 0.21822823584079742, -0.080142736434936523),
            ["RightUpperLeg"] = CFrame.new(5.9604644775390625e-08, -1.2107193470001221e-08, -3.2428943086415529e-08, 0.83456528186798096, -0.55087739229202271, 0.0059111267328262329, 0.49590331315994263, 0.74652087688446045, -0.44360631704330444, 0.23995989561080933, 0.37314975261688232, 0.89620226621627808),
            ["UpperTorso"] = CFrame.new(0.00010105955152539536, 0.067018449306488037, 0.0036879067774862051, 0.99994826316833496, -9.4211427494883537e-06, 0.010171588510274887, -0.002409019973129034, 0.97132939100265503, 0.23772560060024261, -0.0098822023719549179, -0.23773781955242157, 0.9712790846824646)
        }},
        {Time = 0.044, Data = {
            ["Head"] = CFrame.new(1.5825150218029549e-11, 0, 2.3932245074576031e-14, 1, -0, 0, 0, 0.99997371435165405, 0.0072510028257966042, -0, -0.0072510028257966042, 0.99997371435165405),
            ["LeftFoot"] = CFrame.new(1.5267869457602501e-07, 0.02962493896484375, -2.1345913410186768e-06, 0.80598604679107666, -0.45282137393951416, -0.38123387098312378, 0.15446893870830536, 0.78262865543365479, -0.60301882028579712, 0.57142436504364014, 0.42713600397109985, 0.70073461532592773),
            ["LeftHand"] = CFrame.new(0.00048323348164558411, 0.025505661964416504, -7.6834112405776978e-08, 0.97644579410552979, -0.18661841750144958, 0.10829226672649384, 0.076513439416885376, 0.76877880096435547, 0.63492119312286377, -0.20174078643321991, -0.61168026924133301, 0.76494961977005005),
            ["LeftLowerArm"] = CFrame.new(-0.00049921870231628418, 0.11992031335830688, 0.095693282783031464, 1, 0, 0, 0, 0.010471105575561523, -0.99994516372680664, 0, 0.99994516372680664, 0.010471105575561523),
            ["LeftLowerLeg"] = CFrame.new(-4.4703483581542969e-08, 0.11960685253143311, -0.06598857045173645, 1, -0, 0, 0, 0.31745755672454834, 0.9482724666595459, -0, -0.9482724666595459, 0.31745755672454834),
            ["LeftUpperArm"] = CFrame.new(-0.10504245758056641, 0.00675201416015625, -0.50410556793212891, 0.048205196857452393, 0.74732673168182373, 0.66270583868026733, -0.09362831711769104, 0.66393661499023438, -0.74190425872802734, -0.99443954229354858, -0.026284366846084595, 0.10197615623474121),
            ["LeftUpperLeg"] = CFrame.new(-1.1920928955078125e-07, -4.3283216655254364e-07, -9.9986325949430466e-05, 0.80195122957229614, 0.59581267833709717, 0.04337657243013382, -0.54689991474151611, 0.76144993305206299, -0.34798622131347656, -0.24036368727684021, 0.25534534454345703, 0.93649560213088989),
            ["LowerTorso"] = CFrame.new(-0.00064045435283333063, -0.62761080265045166, 0.15324576199054718, -0.9999840259552002, 0.0015978034352883697, 0.0054344162344932556, -6.108451634645462e-05, 0.95629435777664185, -0.2924056351184845, -0.0056641083210706711, -0.29240128397941589, -0.95627903938293457),
            ["RightFoot"] = CFrame.new(4.8545189201831818e-08, 0.030218720436096191, -0.00010208429739577696, 0.82665097713470459, 0.43043330311775208, 0.36245745420455933, -0.13545683026313782, 0.77739489078521729, -0.6142546534538269, -0.54616820812225342, 0.45867687463760376, 0.70093929767608643),
            ["RightHand"] = CFrame.new(-0.0004858803004026413, 0.021497905254364014, -1.9138678908348083e-07, 0.99448186159133911, 0.090851441025733948, -0.052458491176366806, -0.089996293187141418, 0.99577128887176514, 0.018444636836647987, 0.053912382572889328, -0.01362178660929203, 0.99845278263092041),
            ["RightLowerArm"] = CFrame.new(-1.7881393432617188e-07, 0.1055949330329895, 0.050226755440235138, 1, 0, 0, 0, 0.48245745897293091, -0.8759194016456604, 0, 0.8759194016456604, 0.48245745897293091),
            ["RightLowerLeg"] = CFrame.new(-4.4703483581542969e-08, 0.1205030083656311, -0.068736106157302856, 1, -0, 0, 0, 0.28985196352005005, 0.95707142353057861, -0, -0.95707142353057861, 0.28985196352005005),
            ["RightUpperArm"] = CFrame.new(0.036794185638427734, 0.12131965160369873, -0.32553526759147644, 0.18578416109085083, -0.54272001981735229, 0.81910878419876099, 0.12688755989074707, -0.81339049339294434, -0.56771087646484375, 0.97436326742172241, 0.20940643548965454, -0.082250714302062988),
            ["RightUpperLeg"] = CFrame.new(0, -2.8609065338969231e-07, -5.4315023589879274e-08, 0.83042120933532715, -0.55676794052124023, -0.020250611007213593, 0.51506459712982178, 0.78106194734573364, -0.35305902361869812, 0.21238893270492554, 0.28275731205940247, 0.93538188934326172),
            ["UpperTorso"] = CFrame.new(0.00018570847169030458, 0.078149616718292236, 0.01110000628978014, 0.99994438886642456, -0.00013552932068705559, 0.010546530596911907, -0.0030364065896719694, 0.95388787984848022, 0.30014780163764954, -0.010100887157022953, -0.30016312003135681, 0.9538344144821167)
        }},
        {Time = 0.067, Data = {
            ["Head"] = CFrame.new(1.7462090801112495e-11, -1.1920928955078125e-07, 8.5091655943614342e-14, 1, 8.6320738773792982e-05, 4.6944384735070344e-07, -8.6320738773792982e-05, 0.99994087219238281, 0.010876412503421307, 4.6944384735070344e-07, -0.010876412503421307, 0.99994087219238281),
            ["LeftFoot"] = CFrame.new(5.5704731494188309e-08, 0.028917014598846436, -2.2207386791706085e-06, 0.80440664291381836, -0.45444238185882568, -0.38263839483261108, 0.15172494947910309, 0.77987962961196899, -0.6072622537612915, 0.57437753677368164, 0.43043005466461182, 0.69629061222076416),
            ["LeftHand"] = CFrame.new(0.00048323720693588257, 0.025522887706756592, 1.6554258763790131e-07, 0.9738728404045105, -0.19637155532836914, 0.11406086385250092, 0.087446242570877075, 0.78780585527420044, 0.60968440771102905, -0.20958249270915985, -0.58378094434738159, 0.78439468145370483),
            ["LeftLowerArm"] = CFrame.new(-0.00049918889999389648, 0.11993181705474854, 0.096061289310455322, 1, 0, 0, 0, 0.0067028999328613281, -0.99997752904891968, 0, 0.99997752904891968, 0.0067028999328613281),
            ["LeftLowerLeg"] = CFrame.new(-1.0430812835693359e-07, 0.11742472648620605, -0.061254113912582397, 1, -0, 0, 0, 0.36666262149810791, 0.93035399913787842, -0, -0.93035399913787842, 0.36666262149810791),
            ["LeftUpperArm"] = CFrame.new(-0.11042547225952148, 0.0066303014755249023, -0.50432592630386353, 0.037463486194610596, 0.72275453805923462, 0.69008868932723999, -0.093867897987365723, 0.69006526470184326, -0.71763414144515991, -0.99487954378128052, -0.03789210319519043, 0.093695700168609619),
            ["LeftUpperLeg"] = CFrame.new(-1.1920928955078125e-07, -7.206108421087265e-08, -9.9929748103022575e-05, 0.80026137828826904, 0.59450244903564453, 0.078412674367427826, -0.56186461448669434, 0.78907960653305054, -0.24831737577915192, -0.20949912071228027, 0.15466149151325226, 0.96549981832504272),
            ["LowerTorso"] = CFrame.new(-0.00076698145130649209, -0.59971535205841064, 0.19233529269695282, -0.99998259544372559, 0.001883890712633729, 0.0056259655393660069, -0.00018446421017870307, 0.93791854381561279, -0.3468555212020874, -0.0059301354922354221, -0.34685045480728149, -0.93790185451507568),
            ["RightFoot"] = CFrame.new(-8.6671207100152969e-08, 0.029521405696868896, -0.00010231794294668362, 0.82549786567687988, 0.43171751499176025, 0.36355641484260559, -0.13229905068874359, 0.77420413494110107, -0.61895465850830078, -0.54868048429489136, 0.46284759044647217, 0.69621968269348145),
            ["RightHand"] = CFrame.new(-0.00048527121543884277, 0.022320926189422607, -3.0081719160079956e-07, 0.99364852905273438, 0.097419671714305878, -0.0563209168612957, -0.094542451202869415, 0.99417859315872192, 0.051678597927093506, 0.061027560383081436, -0.046025641262531281, 0.99707436561584473),
            ["RightLowerArm"] = CFrame.new(-1.7881393432617188e-07, 0.10913926362991333, 0.055990688502788544, 1, 0, 0, 0, 0.42268574237823486, -0.90627634525299072, 0, 0.90627634525299072, 0.42268574237823486),
            ["RightLowerLeg"] = CFrame.new(4.4703483581542969e-08, 0.1185036301612854, -0.064050823450088501, 1, -0, 0, 0, 0.33867162466049194, 0.94090467691421509, -0, -0.94090467691421509, 0.33867162466049194),
            ["RightUpperArm"] = CFrame.new(0.037041544914245605, 0.12709879875183105, -0.3263002336025238, 0.18529349565505981, -0.57161009311676025, 0.79932987689971924, 0.11534810066223145, -0.79514098167419434, -0.59535348415374756, 0.97588992118835449, 0.20251631736755371, -0.081400394439697266),
            ["RightUpperLeg"] = CFrame.new(1.1920928955078125e-07, -7.7416189014911652e-08, 3.090099198743701e-08, 0.82930654287338257, -0.55633866786956787, -0.052325725555419922, 0.52806496620178223, 0.81088286638259888, -0.25222280621528625, 0.18275132775306702, 0.18153864145278931, 0.96625339984893799),
            ["UpperTorso"] = CFrame.new(0.00024946275516413152, 0.091209322214126587, 0.013245135545730591, 0.99994122982025146, -0.00025254779029637575, 0.010839163325726986, -0.0036475919187068939, 0.93361747264862061, 0.35825279355049133, -0.010210108943283558, -0.3582712709903717, 0.93356168270111084)
        }},
        {Time = 0.089, Data = {
            ["Head"] = CFrame.new(2.0007667397847761e-12, 0, 9.3137220158467926e-10, 1, 8.6321000708267093e-05, 4.1728341670932423e-07, -8.6321000708267093e-05, 0.99995326995849609, 0.0096679525449872017, 4.1728341670932423e-07, -0.0096679525449872017, 0.99995326995849609),
            ["LeftFoot"] = CFrame.new(-6.2282197177410126e-09, 0.027956366539001465, -2.5157351046800613e-06, 0.81112003326416016, -0.44743219017982483, -0.37668114900588989, 0.15876206755638123, 0.78828370571136475, -0.59447741508483887, 0.5629199743270874, 0.42238986492156982, 0.71042799949645996),
            ["LeftHand"] = CFrame.new(0.0004832148551940918, 0.025529742240905762, -8.6147338151931763e-08, 0.97211343050003052, -0.20278003811836243, 0.11779545992612839, 0.10129254311323166, 0.8161013126373291, 0.56896263360977173, -0.21150729060173035, -0.54116445779800415, 0.81388312578201294),
            ["LeftLowerArm"] = CFrame.new(-0.0004990696907043457, 0.11993598937988281, 0.096216402947902679, 1, 0, 0, 0, 0.005120694637298584, -0.99998694658279419, 0, 0.99998694658279419, 0.005120694637298584),
            ["LeftLowerLeg"] = CFrame.new(-2.6822090148925781e-07, 0.114238440990448, -0.055410586297512054, 1, -0, 0, 0, 0.42740654945373535, 0.90405952930450439, -0, -0.90405952930450439, 0.42740654945373535),
            ["LeftUpperArm"] = CFrame.new(-0.11397469043731689, 0.0045371055603027344, -0.50424492359161377, 0.030403614044189453, 0.6854138970375061, 0.72751867771148682, -0.098059773445129395, 0.72638940811157227, -0.68025195598602295, -0.99471592903137207, -0.050658166408538818, 0.089296400547027588),
            ["LeftUpperLeg"] = CFrame.new(-5.9604644775390625e-08, -2.6682391762733459e-07, -0.0001000664196908474, 0.80719172954559326, 0.58063119649887085, 0.10634347796440125, -0.55736202001571655, 0.80902343988418579, -0.1866244375705719, -0.19439435005187988, 0.091369889676570892, 0.97665876150131226),
            ["LowerTorso"] = CFrame.new(-0.0007338710711337626, -0.56107842922210693, 0.20996296405792236, -0.99998307228088379, 0.0018435962265357375, 0.0055366209708154202, -0.00031715689692646265, 0.93021059036254883, -0.36702609062194824, -0.0058268713764846325, -0.36702162027359009, -0.93019437789916992),
            ["RightFoot"] = CFrame.new(-4.2491592466831207e-08, 0.028637170791625977, -0.00010247626778436825, 0.83165568113327026, 0.42477169632911682, 0.35765603184700012, -0.13901826739311218, 0.78284382820129395, -0.60648941993713379, -0.53760838508605957, 0.45466968417167664, 0.71010756492614746),
            ["RightHand"] = CFrame.new(-0.00048474594950675964, 0.023163378238677979, 4.8801302909851074e-07, 0.99312525987625122, 0.10133476555347443, -0.058596324175596237, -0.095444232225418091, 0.99081093072891235, 0.095833979547023773, 0.067769192159175873, -0.089582465589046478, 0.99367111921310425),
            ["RightLowerArm"] = CFrame.new(-4.76837158203125e-07, 0.11313062906265259, 0.064285919070243835, 1, 0, 0, 0, 0.33658510446548462, -0.94165301322937012, 0, 0.94165301322937012, 0.33658510446548462),
            ["RightLowerLeg"] = CFrame.new(1.7881393432617188e-07, 0.11559218168258667, -0.058175988495349884, 1, -0, 0, 0, 0.39973694086074829, 0.91662991046905518, -0, -0.91662991046905518, 0.39973694086074829),
            ["RightUpperArm"] = CFrame.new(0.037199497222900391, 0.12873697280883789, -0.32652100920677185, 0.1849672794342041, -0.61069661378860474, 0.7699589729309082, 0.11205349862575531, -0.76526272296905518, -0.63389039039611816, 0.97633552551269531, 0.20352555811405182, -0.073117852210998535),
            ["RightUpperLeg"] = CFrame.new(5.9604644775390625e-08, -1.5558907762169838e-07, -8.7609805632382631e-08, 0.83530157804489136, -0.54418933391571045, -0.078289523720741272, 0.52336311340332031, 0.83066421747207642, -0.1899683028459549, 0.1684110164642334, 0.11770696938037872, 0.97866380214691162),
            ["UpperTorso"] = CFrame.new(0.00020665160263888538, 0.099123716354370117, 0.0044579021632671356, 0.99994230270385742, -0.00043020013254135847, 0.01073476392775774, -0.0036492887884378433, 0.92618644237518311, 0.37704822421073914, -0.01010459940880537, -0.37706562876701355, 0.92613142728805542)
        }},
        {Time = 0.111, Data = {
            ["Head"] = CFrame.new(-1.717376241217039e-16, -1.1920928955078125e-07, 7.0908556804027967e-14, 1, 0, 0, 0, 1, 0, 0, 0, 1),
            ["LeftFoot"] = CFrame.new(-9.3714334070682526e-08, 0.02682960033416748, -2.6022316887974739e-06, 0.82913410663604736, -0.42764735221862793, -0.36007553339004517, 0.17765283584594727, 0.81224876642227173, -0.55560010671615601, 0.53007179498672485, 0.39669856429100037, 0.7494359016418457),
            ["LeftHand"] = CFrame.new(0.00048327073454856873, 0.025508522987365723, 3.771856427192688e-08, 0.97228676080703735, -0.20215405523777008, 0.11744019389152527, 0.1160748153924942, 0.85344791412353516, 0.50808793306350708, -0.20294111967086792, -0.48037528991699219, 0.85326105356216431),
            ["LeftLowerArm"] = CFrame.new(-0.00049915909767150879, 0.11992299556732178, 0.095744743943214417, 1, 0, 0, 0, 0.0099853873252868652, -0.99995017051696777, 0, 0.99995017051696777, 0.0099853873252868652),
            ["LeftLowerLeg"] = CFrame.new(-1.3411045074462891e-07, 0.11021941900253296, -0.049248248338699341, 1, -0, 0, 0, 0.49146378040313721, 0.87089800834655762, -0, -0.87089800834655762, 0.49146378040313721),
            ["LeftUpperArm"] = CFrame.new(-0.11362910270690918, -0.00074017047882080078, -0.50368577241897583, 0.031005620956420898, 0.63439714908599854, 0.77238517999649048, -0.10858911275863647, 0.77032077312469482, -0.62834250926971436, -0.99360305070877075, -0.064390510320663452, 0.092772901058197021),
            ["LeftUpperLeg"] = CFrame.new(0, 1.807347871363163e-07, -0.00010000308975577354, 0.82573467493057251, 0.55229061841964722, 0.11461824178695679, -0.52297443151473999, 0.82574945688247681, -0.21127139031887054, -0.21132916212081909, 0.11451171338558197, 0.97068381309509277),
            ["LowerTorso"] = CFrame.new(-0.00041845464147627354, -0.51324713230133057, 0.18518900871276855, -0.99998664855957031, 0.0010148846777155995, 0.0050818305462598801, -0.00067421921994537115, 0.94682139158248901, -0.32175898551940918, -0.0051381336525082588, -0.32175809144973755, -0.94680798053741455),
            ["RightFoot"] = CFrame.new(7.7183358371257782e-08, 0.027501761913299561, -0.00010244343866361305, 0.84762495756149292, 0.4058765172958374, 0.34175458550453186, -0.15795409679412842, 0.80791324377059937, -0.56773823499679565, -0.50653964281082153, 0.42724752426147461, 0.74891728162765503),
            ["RightHand"] = CFrame.new(-0.00048401765525341034, 0.024140834808349609, -3.4226104617118835e-07, 0.99343740940093994, 0.098990589380264282, -0.057297341525554657, -0.089583605527877808, 0.98487532138824463, 0.14830851554870605, 0.071111880242824554, -0.14220231771469116, 0.98727989196777344),
            ["RightLowerArm"] = CFrame.new(-4.76837158203125e-07, 0.11690855026245117, 0.075042352080345154, 1, 0, 0, 0, 0.22495973110198975, -0.97436809539794922, 0, 0.97436809539794922, 0.22495973110198975),
            ["RightLowerLeg"] = CFrame.new(4.4703483581542969e-08, 0.11176562309265137, -0.051915526390075684, 1, -0, 0, 0, 0.46483319997787476, 0.885398268699646, -0, -0.885398268699646, 0.46483319997787476),
            ["RightUpperArm"] = CFrame.new(0.037121891975402832, 0.12206542491912842, -0.32569423317909241, 0.18503892421722412, -0.65794569253921509, 0.72997814416885376, 0.12542414665222168, -0.72091972827911377, -0.68157434463500977, 0.97469455003738403, 0.21767467260360718, -0.05087590217590332),
            ["RightUpperLeg"] = CFrame.new(-2.9802322387695312e-08, 2.6775524020195007e-08, -9.2266418505460024e-08, 0.8507159948348999, -0.51841616630554199, -0.086757645010948181, 0.4920574426651001, 0.84350311756134033, -0.21536463499069214, 0.18482886254787445, 0.14052441716194153, 0.97267216444015503),
            ["UpperTorso"] = CFrame.new(4.5612978283315897e-07, 0.096969008445739746, -0.019982323050498962, 0.99995017051696777, -0.00059673772193491459, 0.009962952695786953, -0.0026407118421047926, 0.94682085514068604, 0.32175043225288391, -0.0096251321956515312, -0.32176074385643005, 0.94677209854125977)
        }},
        {Time = 0.133, Data = {
            ["Head"] = CFrame.new(1.4551571753118608e-11, -1.1920928955078125e-07, 1.1176013003932894e-08, 1, -8.6317573732230812e-05, 8.7555008576600812e-07, 8.6317573732230812e-05, 0.99979424476623535, -0.020284630358219147, 8.7555008576600812e-07, 0.020284630358219147, 0.99979424476623535),
            ["LeftFoot"] = CFrame.new(-3.9406586438417435e-08, 0.024888098239898682, -2.6167836040258408e-06, 0.85699474811553955, -0.39422327280044556, -0.33188548684120178, 0.20780140161514282, 0.85371482372283936, -0.47748258709907532, 0.47157028317451477, 0.34023383259773254, 0.81354928016662598),
            ["LeftHand"] = CFrame.new(0.00048328191041946411, 0.025433123111724854, 1.9604340195655823e-07, 0.97435116767883301, -0.1945706307888031, 0.11305764317512512, 0.12969917058944702, 0.89611953496932983, 0.42443832755088806, -0.18389639258384705, -0.39888849854469299, 0.89837080240249634),
            ["LeftLowerArm"] = CFrame.new(-0.00049936771392822266, 0.11986064910888672, 0.0940990149974823, 1, 0, 0, 0, 0.027038097381591797, -0.99963444471359253, 0, 0.99963444471359253, 0.027038097381591797),
            ["LeftLowerLeg"] = CFrame.new(-7.4505805969238281e-08, 0.10427534580230713, -0.042139433324337006, 1, -0, 0, 0, 0.56542909145355225, 0.82479691505432129, -0, -0.82479691505432129, 0.56542909145355225),
            ["LeftUpperArm"] = CFrame.new(-0.10944890975952148, -0.010309100151062012, -0.50239771604537964, 0.039399206638336182, 0.57232522964477539, 0.81907963752746582, -0.12773667275905609, 0.81587547063827515, -0.56394195556640625, -0.99102520942687988, -0.082407683134078979, 0.10525178909301758),
            ["LeftUpperLeg"] = CFrame.new(0, -2.5815097615122795e-08, -0.00010000693146139383, 0.85458725690841675, 0.50897938013076782, 0.10305637121200562, -0.44970142841339111, 0.82456862926483154, -0.343300461769104, -0.25970989465713501, 0.24703562259674072, 0.93355458974838257),
            ["LowerTorso"] = CFrame.new(0.00015128095401450992, -0.45296549797058105, 0.10496880859136581, -0.9999929666519165, -0.00033923800219781697, 0.0037602616939693689, -0.0010358182480558753, 0.9823908805847168, -0.18683448433876038, -0.0036306653637439013, -0.18683704733848572, -0.9823843240737915),
            ["RightFoot"] = CFrame.new(2.2468157112598419e-08, 0.025802552700042725, -0.0001026195750455372, 0.87204599380493164, 0.37436753511428833, 0.31525343656539917, -0.18861269950866699, 0.85144054889678955, -0.48936101794242859, -0.45162045955657959, 0.36728450655937195, 0.81310582160949707),
            ["RightHand"] = CFrame.new(-0.00048346072435379028, 0.025041639804840088, 5.1222741603851318e-09, 0.99478620290756226, 0.088271208107471466, -0.051074706017971039, -0.076041005551815033, 0.97574174404144287, 0.20529459416866302, 0.067957319319248199, -0.20034046471118927, 0.97736662626266479),
            ["RightLowerArm"] = CFrame.new(-7.4505805969238281e-07, 0.11945295333862305, 0.087781541049480438, 1, 0, 0, 0, 0.092605233192443848, -0.99570292234420776, 0, 0.99570292234420776, 0.092605233192443848),
            ["RightLowerLeg"] = CFrame.new(2.9802322387695312e-08, 0.10617095232009888, -0.044542357325553894, 1, -0, 0, 0, 0.54144716262817383, 0.84073483943939209, -0, -0.84073483943939209, 0.54144716262817383),
            ["RightUpperArm"] = CFrame.new(0.036744356155395508, 0.10496211051940918, -0.32311466336250305, 0.18588930368423462, -0.70955014228820801, 0.67969381809234619, 0.15961635112762451, -0.66075563430786133, -0.73343342542648315, 0.96951937675476074, 0.24482767283916473, -0.0095715522766113281),
            ["RightUpperLeg"] = CFrame.new(0, -1.5166006051003933e-07, -6.4443156588822603e-08, 0.87427663803100586, -0.4791005551815033, -0.078121408820152283, 0.42624518275260925, 0.83468776941299438, -0.34872817993164062, 0.2322828620672226, 0.27158606052398682, 0.93396234512329102),
            ["UpperTorso"] = CFrame.new(-0.00027789649902842939, 0.091826438903808594, -0.064860418438911438, 0.99996346235275269, -0.00096368708182126284, 0.0084952395409345627, -0.00044752820394933224, 0.98636531829833984, 0.16456975042819977, -0.0085380040109157562, -0.16456754505634308, 0.9863288402557373)
        }},
        {Time = 0.156, Data = {
            ["Head"] = CFrame.new(-5.8196641949948003e-12, -1.1920928955078125e-07, 1.1175417036213275e-08, 0.99999994039535522, -0.00025889230892062187, 6.1810123952454887e-06, 0.00025889230892062187, 0.99886059761047363, -0.047722488641738892, 6.1810123952454887e-06, 0.047722488641738892, 0.99886065721511841),
            ["LeftFoot"] = CFrame.new(2.1007144823670387e-07, 0.02143394947052002, -2.7383212000131607e-06, 0.88613933324813843, -0.35448184609413147, -0.29849565029144287, 0.24215045571327209, 0.90337491035461426, -0.35394477844238281, 0.39512050151824951, 0.241363525390625, 0.88635402917861938),
            ["LeftHand"] = CFrame.new(0.00048340484499931335, 0.025294065475463867, -5.5413693189620972e-08, 0.97688865661621094, -0.18480914831161499, 0.1073969304561615, 0.14072433114051819, 0.93426179885864258, 0.32764554023742676, -0.16088873147964478, -0.30495983362197876, 0.93867689371109009),
            ["LeftLowerArm"] = CFrame.new(-0.00049924850463867188, 0.11967122554779053, 0.091086871922016144, 1, 0, 0, 0, 0.05833137035369873, -0.99829727411270142, 0, 0.99829727411270142, 0.05833137035369873),
            ["LeftLowerLeg"] = CFrame.new(-6.7055225372314453e-08, 0.093320965766906738, -0.031928710639476776, 1, -0, 0, 0, 0.67149317264556885, 0.74101084470748901, -0, -0.74101084470748901, 0.67149317264556885),
            ["LeftUpperArm"] = CFrame.new(-0.10406482219696045, -0.022554755210876465, -0.50042033195495605, 0.050124645233154297, 0.51066422462463379, 0.85831791162490845, -0.1522369384765625, 0.85326224565505981, -0.49876594543457031, -0.9870721697807312, -0.10566724836826324, 0.12051141262054443),
            ["LeftUpperLeg"] = CFrame.new(-5.9604644775390625e-08, -3.8149300962686539e-07, -0.00010003539500758052, 0.88475954532623291, 0.45683681964874268, 0.092199020087718964, -0.34826004505157471, 0.77954566478729248, -0.52059930562973022, -0.30970221757888794, 0.42849600315093994, 0.8488084077835083),
            ["LowerTorso"] = CFrame.new(0.00064332055626437068, -0.37548589706420898, -0.013135530054569244, -0.99999797344207764, -0.0015659533673897386, 0.0015415422385558486, -0.0015415422385558486, 0.99987536668777466, 0.015711324289441109, -0.0015659533673897386, 0.015708910301327705, -0.99987578392028809),
            ["RightFoot"] = CFrame.new(1.8218997865915298e-08, 0.022454321384429932, -0.00010259699047310278, 0.89767920970916748, 0.337086021900177, 0.28380456566810608, -0.22332227230072021, 0.90324193239212036, -0.36644399166107178, -0.37986734509468079, 0.26556926965713501, 0.88610029220581055),
            ["RightHand"] = CFrame.new(-0.00048317387700080872, 0.025633513927459717, 2.7101486921310425e-07, 0.99652576446533203, 0.072094820439815521, -0.04169868677854538, -0.058915339410305023, 0.964103102684021, 0.25890955328941345, 0.058867871761322021, -0.25555333495140076, 0.96500104665756226),
            ["RightLowerArm"] = CFrame.new(-1.0132789611816406e-06, 0.12003976106643677, 0.10065422207117081, 1, 0, 0, 0, -0.040956258773803711, -0.99916094541549683, 0, 0.99916094541549683, -0.040956258773803711),
            ["RightLowerLeg"] = CFrame.new(7.4505805969238281e-09, 0.095637202262878418, -0.034095540642738342, 1, -0, 0, 0, 0.65009486675262451, 0.7598530650138855, -0, -0.7598530650138855, 0.65009486675262451),
            ["RightUpperArm"] = CFrame.new(0.036192536354064941, 0.081763029098510742, -0.31861323118209839, 0.18696480989456177, -0.75797379016876221, 0.62491583824157715, 0.20600774884223938, -0.5917365550994873, -0.77936416864395142, 0.96052324771881104, 0.27445119619369507, 0.045514583587646484),
            ["RightUpperLeg"] = CFrame.new(1.1920928955078125e-07, -1.1827796697616577e-07, -9.6457370091229677e-08, 0.89896243810653687, -0.43224427103996277, -0.070932552218437195, 0.33408305048942566, 0.78132343292236328, -0.52718323469161987, 0.28329318761825562, 0.45022055506706238, 0.84678590297698975),
            ["UpperTorso"] = CFrame.new(-0.00035751884570345283, 0.10492002964019775, -0.12143382430076599, 0.99997752904891968, -0.0015074959956109524, 0.006528566125780344, 0.0019434080459177494, 0.99773174524307251, -0.067287042737007141, -0.0064123230986297131, 0.067298218607902527, 0.99771231412887573)
        }},
        {Time = 0.178, Data = {
            ["Head"] = CFrame.new(2.0371572484467748e-11, -1.1920928955078125e-07, 7.4510344560962949e-09, 0.99999994039535522, -0.00034502980997785926, 1.3353072063182481e-05, 0.00034502980997785926, 0.99700886011123657, -0.077286675572395325, 1.3353072063182481e-05, 0.077286675572395325, 0.99700891971588135),
            ["LeftFoot"] = CFrame.new(-7.7416189014911652e-09, 0.014484524726867676, -2.5525223463773727e-06, 0.91001236438751221, -0.31712588667869568, -0.26703694462776184, 0.27229240536689758, 0.9428972601890564, -0.19183748960494995, 0.31262502074241638, 0.10186237096786499, 0.94439911842346191),
            ["LeftHand"] = CFrame.new(0.00048352032899856567, 0.025114595890045166, 7.2643160820007324e-08, 0.97905498743057251, -0.17601044476032257, 0.10233084857463837, 0.14834649860858917, 0.96096086502075195, 0.23355400562286377, -0.13944388926029205, -0.21348181366920471, 0.96694409847259521),
            ["LeftLowerArm"] = CFrame.new(-0.00049924850463867188, 0.11928701400756836, 0.087212421000003815, 1, 0, 0, 0, 0.098526179790496826, -0.99513453245162964, 0, 0.99513453245162964, 0.098526179790496826),
            ["LeftLowerLeg"] = CFrame.new(7.8231096267700195e-08, 0.07238471508026123, -0.018732793629169464, 1, -0, 0, 0, 0.80824971199035645, 0.58883988857269287, -0, -0.58883988857269287, 0.80824971199035645),
            ["LeftUpperArm"] = CFrame.new(-0.099241971969604492, -0.034616947174072266, -0.498138427734375, 0.059783816337585449, 0.46011835336685181, 0.88584268093109131, -0.17641258239746094, 0.87833148241043091, -0.4443112313747406, -0.98249924182891846, -0.12971112132072449, 0.13368064165115356),
            ["LeftUpperLeg"] = CFrame.new(-5.9604644775390625e-08, -1.1129304766654968e-07, -0.00010011089034378529, 0.909537672996521, 0.40412819385528564, 0.097064800560474396, -0.24062763154506683, 0.70244252681732178, -0.66983044147491455, -0.33887982368469238, 0.58587956428527832, 0.73614239692687988),
            ["LowerTorso"] = CFrame.new(0.00075399858178570867, -0.28219389915466309, -0.14163357019424438, -0.99999761581420898, -0.0018659122288227081, -0.0010978856589645147, -0.0020755226723849773, 0.97051632404327393, 0.24102644622325897, 0.00061578175518661737, 0.24102817475795746, -0.97051799297332764),
            ["RightFoot"] = CFrame.new(4.5984052121639252e-08, 0.015601873397827148, -0.00010252458014292642, 0.91885310411453247, 0.30181846022605896, 0.25419402122497559, -0.25327828526496887, 0.94507557153701782, -0.20659691095352173, -0.30258733034133911, 0.12545037269592285, 0.94482964277267456),
            ["RightHand"] = CFrame.new(-0.00048283301293849945, 0.026125848293304443, 2.4167820811271667e-07, 0.99805366992950439, 0.054051492363214493, -0.031101545318961143, -0.042128514498472214, 0.95212531089782715, 0.30279132723808289, 0.045978892594575882, -0.30089172720909119, 0.9525492787361145),
            ["RightLowerArm"] = CFrame.new(-9.5367431640625e-07, 0.11909091472625732, 0.11179957538843155, 1, 0, 0, 0, -0.15678215026855469, -0.98763316869735718, 0, 0.98763316869735718, -0.15678215026855469),
            ["RightLowerLeg"] = CFrame.new(7.8231096267700195e-08, 0.07549583911895752, -0.020692357793450356, 1, -0, 0, 0, 0.7891395092010498, 0.61421400308609009, -0, -0.61421400308609009, 0.7891395092010498),
            ["RightUpperArm"] = CFrame.new(0.03560936450958252, 0.058073997497558594, -0.31279900670051575, 0.18815666437149048, -0.79750406742095947, 0.57322275638580322, 0.25337502360343933, -0.5244748592376709, -0.8128514289855957, 0.94889318943023682, 0.29818376898765564, 0.10338413715362549),
            ["RightUpperLeg"] = CFrame.new(5.9604644775390625e-08, 1.4790566638112068e-07, -1.1543306754902005e-07, 0.91929543018341064, -0.38567355275154114, -0.078434035181999207, 0.23451068997383118, 0.69682878255844116, -0.67781591415405273, 0.31607073545455933, 0.60471940040588379, 0.73103606700897217),
            ["UpperTorso"] = CFrame.new(-8.9571665739640594e-05, 0.14601939916610718, -0.16936817765235901, 0.99998772144317627, -0.0021582995541393757, 0.004462802316993475, 0.0034646200947463512, 0.94815999269485474, -0.31777441501617432, -0.0035455985926091671, 0.31778597831726074, 0.94815582036972046)
        }},
        {Time = 0.200, Data = {
            ["Head"] = CFrame.new(-5.8208347863963894e-11, -1.1920928955078125e-07, 2.9802606604789617e-08, 0.99999988079071045, -0.0005172298988327384, 2.6959489332512021e-05, 0.0005172298988327384, 0.99458098411560059, -0.1039632186293602, 2.6959489332512021e-05, 0.1039632186293602, 0.99458116292953491),
            ["LeftFoot"] = CFrame.new(-3.1897798180580139e-08, 0.0084643959999084473, -2.5785993784666061e-06, 0.9261929988861084, -0.28841742873191833, -0.24286185204982758, 0.29818877577781677, 0.95449995994567871, 0.003647826611995697, 0.23075954616069794, -0.075797252357006073, 0.970054030418396),
            ["LeftHand"] = CFrame.new(0.00048374757170677185, 0.024773359298706055, 7.4505805969238281e-09, 0.98030924797058105, -0.17071768641471863, 0.099243238568305969, 0.15371671319007874, 0.9752117395401001, 0.15916426479816437, -0.12395532429218292, -0.14077486097812653, 0.98225122690200806),
            ["LeftLowerArm"] = CFrame.new(-0.00049939751625061035, 0.11868131160736084, 0.083599857985973358, 1, 0, 0, 0, 0.13614284992218018, -0.99068939685821533, 0, 0.99068939685821533, 0.13614284992218018),
            ["LeftLowerLeg"] = CFrame.new(-3.0267983675003052e-09, 0.040312469005584717, -0.0050434358417987823, 1, -0, 0, 0, 0.94769048690795898, 0.31919077038764954, -0, -0.31919077038764954, 0.94769048690795898),
            ["LeftUpperArm"] = CFrame.new(-0.096372246742248535, -0.043554782867431641, -0.4962659478187561, 0.06560814380645752, 0.42599955201148987, 0.90234136581420898, -0.19423791766166687, 0.89244407415390015, -0.40720415115356445, -0.97875797748565674, -0.14855299890041351, 0.1412968635559082),
            ["LeftUpperLeg"] = CFrame.new(-5.9604644775390625e-08, -3.1373929232358932e-07, -0.00010029319673776627, 0.92636013031005859, 0.35476246476173401, 0.12649305164813995, -0.1492360532283783, 0.65409117937088013, -0.74154794216156006, -0.34581136703491211, 0.66806316375732422, 0.65886735916137695),
            ["LowerTorso"] = CFrame.new(0.00045152983511798084, -0.18747448921203613, -0.25120210647583008, -0.99999332427978516, -0.0011485812719911337, -0.0034560626372694969, -0.0025515479501336813, 0.89808827638626099, 0.43980789184570312, 0.002598694059997797, 0.43981379270553589, -0.89808523654937744),
