return {
["scared"] = {
        {Time = 0.000, Data = {
            ["Head"] = CFrame.new(-2.6366382025127757e-24, -1.1920928955078125e-07, 3.7252902984619141e-09, 1, -0, 0, 0, 0.70375514030456543, 0.71044266223907471, -0, -0.71044266223907471, 0.70375514030456543),
            ["LeftFoot"] = CFrame.new(8.3819031715393066e-08, 0.035837292671203613, 7.0407986640930176e-07, 0.98897850513458252, -0.11327515542507172, -0.095342643558979034, 0.099197089672088623, 0.98498624563217163, -0.14128699898719788, 0.10991550236940384, 0.13027209043502808, 0.9853668212890625),
            ["LeftHand"] = CFrame.new(0.00048433244228363037, 0.023929595947265625, 3.5855919122695923e-08, 0.3182256817817688, -0.8187752366065979, 0.47784894704818726, 0.7872583270072937, 0.50905776023864746, 0.34797206521034241, -0.5281636118888855, 0.26545688509941101, 0.80658280849456787),
            ["LeftLowerArm"] = CFrame.new(-0.00049963593482971191, 0.11533993482589722, 0.070094659924507141, 1, 0, 0, 0, 0.2762075662612915, -0.96109801530838013, 0, 0.96109801530838013, 0.2762075662612915),
            ["LeftLowerLeg"] = CFrame.new(5.2154064178466797e-08, 0.10963261127471924, -0.15014976263046265, 1, 0, 0, 0, -0.55921030044555664, 0.82902580499649048, 0, -0.82902580499649048, -0.55921030044555664),
            ["LeftUpperArm"] = CFrame.new(0.22447448968887329, -0.62050932645797729, -0.18569117784500122, 0.51661312580108643, -0.24345086514949799, -0.82087916135787964, -0.64510977268218994, 0.51970517635345459, -0.56012487411499023, 0.56297808885574341, 0.81892502307891846, 0.11143398284912109),
            ["LeftUpperLeg"] = CFrame.new(0, -6.7055218266887096e-08, -0.00010002205817727372, 0.98898744583129883, 0.035650163888931274, -0.143641397356987, -0.14787247776985168, 0.27819180488586426, -0.94907480478286743, 0.0061251968145370483, 0.95986372232437134, 0.28039991855621338),
            ["LowerTorso"] = CFrame.new(5.6618519754850737e-15, -1.3203253746032715, 0.089144051074981689, 1, 0, 0, 0, 0.73767447471618652, -0.67515665292739868, 0, 0.67515665292739868, 0.73767447471618652),
            ["RightFoot"] = CFrame.new(3.3527612686157227e-08, 0.036000967025756836, -9.9251214123796672e-05, 0.96965116262435913, 0.18702617287635803, 0.15747320652008057, -0.1616949737071991, 0.97366160154342651, -0.16074146330356598, -0.18338847160339355, 0.13040052354335785, 0.97435331344604492),
            ["RightHand"] = CFrame.new(-0.0004854053258895874, 0.022094905376434326, 1.2107193470001221e-07, 0.44728261232376099, 0.77247786521911621, -0.45079511404037476, -0.82652699947357178, 0.54958784580230713, 0.12168118357658386, 0.34174752235412598, 0.31816846132278442, 0.88429492712020874),
            ["RightLowerArm"] = CFrame.new(-2.9802322387695312e-07, 0.10821008682250977, 0.054397955536842346, 1, 0, 0, 0, 0.43916970491409302, -0.89840412139892578, 0, 0.89840412139892578, 0.43916970491409302),
            ["RightLowerLeg"] = CFrame.new(8.1956386566162109e-08, 0.10977667570114136, -0.14975972473621368, 1, 0, 0, 0, -0.55408978462219238, 0.83245736360549927, 0, -0.83245736360549927, -0.55408978462219238),
            ["RightUpperArm"] = CFrame.new(-0.14263695478439331, 0.015291929244995117, 0.049703262746334076, 0.46732634305953979, 0.55651271343231201, 0.68694961071014404, 0.20772367715835571, 0.68614685535430908, -0.69717526435852051, -0.85933518409729004, 0.46850407123565674, 0.20505368709564209),
            ["RightUpperLeg"] = CFrame.new(0, -8.5681683970051381e-08, -1.0798976290971041e-07, 0.9696509838104248, -0.063058719038963318, 0.23622137308120728, 0.24428363144397736, 0.28987240791320801, -0.92536449432373047, -0.010121755301952362, 0.95498561859130859, 0.29647928476333618),
            ["UpperTorso"] = CFrame.new(1.7538653617935702e-15, 0, 2.9802322387695312e-08, 1, -0, 0, 0, 0.54260361194610596, 0.8399888277053833, -0, -0.8399888277053833, 0.54260361194610596)
        }},
        {Time = 0.033, Data = {
            ["Head"] = CFrame.new(-1.1864871911307491e-23, -2.384185791015625e-07, -3.3527612686157227e-08, 1, -0, 0, 0, 0.70375514030456543, 0.71044266223907471, -0, -0.71044266223907471, 0.70375514030456543),
            ["LeftFoot"] = CFrame.new(-7.4505805969238281e-08, 0.035838186740875244, 8.0466270446777344e-07, 0.98897850513458252, -0.11327102035284042, -0.095347560942173004, 0.099201865494251251, 0.98499804735183716, -0.14120152592658997, 0.10991119593381882, 0.13018661737442017, 0.98537862300872803),
            ["LeftHand"] = CFrame.new(0.00048436224460601807, 0.023935437202453613, 2.5611370801925659e-08, 0.31837481260299683, -0.81874215602874756, 0.47780647873878479, 0.78694891929626465, 0.5092918872833252, 0.34832945466041565, -0.52853500843048096, 0.26510980725288391, 0.80645376443862915),
            ["LeftLowerArm"] = CFrame.new(-0.00049942731857299805, 0.11535888910293579, 0.070147126913070679, 1, 0, 0, 0, 0.27568811178207397, -0.96124726533889771, 0, 0.96124726533889771, 0.27568811178207397),
            ["LeftLowerLeg"] = CFrame.new(1.862645149230957e-08, 0.10962611436843872, -0.15015855431556702, 1, 0, 0, 0, -0.55929136276245117, 0.82897114753723145, 0, -0.82897114753723145, -0.55929136276245117),
            ["LeftUpperArm"] = CFrame.new(0.22442436218261719, -0.62058466672897339, -0.18573175370693207, 0.51650792360305786, -0.2434864342212677, -0.82093477249145508, -0.64523696899414062, 0.51960033178329468, -0.56007564067840576, 0.56292879581451416, 0.81898093223571777, 0.11127126216888428),
            ["LeftUpperLeg"] = CFrame.new(0, 1.4901166522918174e-08, -0.00010005186049966142, 0.98897755146026611, 0.035687610507011414, -0.14370045065879822, -0.14794231951236725, 0.27776896953582764, -0.9491877555847168, 0.0060412809252738953, 0.95998477935791016, 0.27998697757720947),
            ["LowerTorso"] = CFrame.new(5.6618519754850737e-15, -1.3204283714294434, 0.089118599891662598, 1, 0, 0, 0, 0.73786205053329468, -0.67495155334472656, 0, 0.67495155334472656, 0.73786205053329468),
            ["RightFoot"] = CFrame.new(0, 0.036001622676849365, -9.9236312962602824e-05, 0.96965116262435913, 0.18702617287635803, 0.15747320652008057, -0.1616949737071991, 0.97366160154342651, -0.16074146330356598, -0.18338847160339355, 0.13040052354335785, 0.97435331344604492),
            ["RightHand"] = CFrame.new(-0.0004855133593082428, 0.022101998329162598, 4.0978193283081055e-08, 0.44764870405197144, 0.77229988574981689, -0.4507366418838501, -0.82619774341583252, 0.55003416538238525, 0.12190030515193939, 0.34206414222717285, 0.31782907247543335, 0.88429450988769531),
            ["RightLowerArm"] = CFrame.new(-2.9802322387695312e-07, 0.10824006795883179, 0.054448902606964111, 1, 0, 0, 0, 0.43862104415893555, -0.89867216348648071, 0, 0.89867216348648071, 0.43862104415893555),
            ["RightLowerLeg"] = CFrame.new(7.4505805969238281e-08, 0.10977047681808472, -0.14976860582828522, 1, 0, 0, 0, -0.55417132377624512, 0.83240312337875366, 0, -0.83240312337875366, -0.55417132377624512),
            ["RightUpperArm"] = CFrame.new(-0.14246958494186401, 0.015183091163635254, 0.049767851829528809, 0.46699821949005127, 0.55655324459075928, 0.68713986873626709, 0.20794527232646942, 0.68616652488708496, -0.69708991050720215, -0.85945999622344971, 0.46842718124389648, 0.20470595359802246),
            ["RightUpperLeg"] = CFrame.new(0, 1.1175865566315224e-08, -1.5269324649125338e-07, 0.96963441371917725, -0.063075713813304901, 0.23628497123718262, 0.24435380101203918, 0.28944969177246094, -0.92547827959060669, -0.010017424821853638, 0.9551127552986145, 0.29607319831848145),
            ["UpperTorso"] = CFrame.new(3.5302226247102943e-15, 0, 2.9802322387695312e-08, 1, -0, 0, 0, 0.54260361194610596, 0.8399888277053833, -0, -0.8399888277053833, 0.54260361194610596)
        }},
        {Time = 0.067, Data = {
            ["Head"] = CFrame.new(-3.3087224502121107e-24, -1.1920928955078125e-07, 1.4901161193847656e-08, 1, -0, 0, 0, 0.70375514030456543, 0.71044266223907471, -0, -0.71044266223907471, 0.70375514030456543),
            ["LeftFoot"] = CFrame.new(4.0978193283081055e-08, 0.035839855670928955, 7.4505805969238281e-07, 0.98896962404251099, -0.11326839029788971, -0.09544304758310318, 0.099205285310745239, 0.98502159118652344, -0.14103487133979797, 0.1099882498383522, 0.13001075387001038, 0.985393226146698),
            ["LeftHand"] = CFrame.new(0.00048416852951049805, 0.023952722549438477, 7.3574483394622803e-08, 0.31876832246780396, -0.81862825155258179, 0.47773897647857666, 0.78600031137466431, 0.50999301671981812, 0.34944325685501099, -0.52970767021179199, 0.26411157846450806, 0.80601167678833008),
            ["LeftLowerArm"] = CFrame.new(-0.00049954652786254883, 0.11541366577148438, 0.070298850536346436, 1, 0, 0, 0, 0.27412891387939453, -0.9616929292678833, 0, 0.9616929292678833, 0.27412891387939453),
            ["LeftLowerLeg"] = CFrame.new(2.9802322387695312e-08, 0.10960763692855835, -0.15018489956855774, 1, 0, 0, 0, -0.55961549282073975, 0.82875239849090576, 0, -0.82875239849090576, -0.55961549282073975),
            ["LeftUpperArm"] = CFrame.new(0.22427952289581299, -0.62080246210098267, -0.18584862351417542, 0.5162501335144043, -0.24353237450122833, -0.82108330726623535, -0.64567971229553223, 0.5191805362701416, -0.55995476245880127, 0.56265759468078613, 0.81923353672027588, 0.11078310012817383),
            ["LeftUpperLeg"] = CFrame.new(0, -1.1175862013601545e-08, -0.00010008166282204911, 0.98896944522857666, 0.035542335361242294, -0.14379221200942993, -0.14799760282039642, 0.27652913331985474, -0.94954115152359009, 0.006013825535774231, 0.96034806966781616, 0.27873903512954712),
            ["LowerTorso"] = CFrame.new(5.6618532460344945e-15, -1.3207259178161621, 0.089045226573944092, 1, 0, 0, 0, 0.73836177587509155, -0.67440485954284668, 0, 0.67440485954284668, 0.73836177587509155),
            ["RightFoot"] = CFrame.new(1.4901161193847656e-08, 0.036003291606903076, -9.9217686511110514e-05, 0.96962112188339233, 0.18710286915302277, 0.15756730735301971, -0.16178871691226959, 0.97367179393768311, -0.16058547794818878, -0.18346484005451202, 0.13021446764469147, 0.97436380386352539),
            ["RightHand"] = CFrame.new(-0.00048538669943809509, 0.022122800350189209, 6.3329935073852539e-08, 0.4486241340637207, 0.77185946702957153, -0.45052117109298706, -0.82533365488052368, 0.55119937658309937, 0.12248890101909637, 0.34287118911743164, 0.3168787956237793, 0.88432300090789795),
            ["RightLowerArm"] = CFrame.new(-1.7881393432617188e-07, 0.10832703113555908, 0.054596111178398132, 1, 0, 0, 0, 0.4371565580368042, -0.89938545227050781, 0, 0.89938545227050781, 0.4371565580368042),
            ["RightLowerLeg"] = CFrame.new(-2.9802322387695312e-08, 0.109752357006073, -0.14979459345340729, 1, 0, 0, 0, -0.5544971227645874, 0.83218574523925781, 0, -0.83218574523925781, -0.5544971227645874),
            ["RightUpperArm"] = CFrame.new(-0.14198499917984009, 0.014867663383483887, 0.049954526126384735, 0.46601313352584839, 0.55659735202789307, 0.68777263164520264, 0.20851320028305054, 0.68635636568069458, -0.69673323631286621, -0.85985696315765381, 0.46809649467468262, 0.20379316806793213),
            ["RightUpperLeg"] = CFrame.new(0, 5.5879347371501353e-08, -1.7504498828202486e-07, 0.9696044921875, -0.062938868999481201, 0.2364441454410553, 0.24447822570800781, 0.28821384906768799, -0.925831139087677, -0.0098757073283195496, 0.95549541711807251, 0.29484057426452637),
            ["UpperTorso"] = CFrame.new(1.7538668441012279e-15, 5.9604644775390625e-08, -2.9802322387695312e-08, 1, -0, 0, 0, 0.54260361194610596, 0.8399888277053833, -0, -0.8399888277053833, 0.54260361194610596)
        }},
        {Time = 0.100, Data = {
            ["Head"] = CFrame.new(-2.7917345673664684e-24, 0, -5.9604644775390625e-08, 1, -0, 0, 0, 0.70375514030456543, 0.71044266223907471, -0, -0.71044266223907471, 0.70375514030456543),
            ["LeftFoot"] = CFrame.new(8.0093741416931152e-08, 0.035843431949615479, 7.1898102760314941e-07, 0.9889603853225708, -0.11334159225225449, -0.095451675355434418, 0.099305219948291779, 0.98504757881164551, -0.14078257977962494, 0.10998096317052841, 0.12974955141544342, 0.98542845249176025),
            ["LeftHand"] = CFrame.new(0.00048416852951049805, 0.023980379104614258, -3.9115548133850098e-08, 0.31937253475189209, -0.81844079494476318, 0.47765654325485229, 0.78452885150909424, 0.51108068227767944, 0.35115668177604675, -0.53152197599411011, 0.26258555054664612, 0.80531561374664307),
            ["LeftLowerArm"] = CFrame.new(-0.00049942731857299805, 0.11550003290176392, 0.070540755987167358, 1, 0, 0, 0, 0.27152639627456665, -0.96243101358413696, 0, 0.96243101358413696, 0.27152639627456665),
            ["LeftLowerLeg"] = CFrame.new(2.9802322387695312e-08, 0.10957837104797363, -0.15022629499435425, 1, 0, 0, 0, -0.56002044677734375, 0.82847875356674194, 0, -0.82847875356674194, -0.56002044677734375),
            ["LeftUpperArm"] = CFrame.new(0.22404801845550537, -0.62115025520324707, -0.18603618443012238, 0.5157817006111145, -0.24364995956420898, -0.82134276628494263, -0.64637649059295654, 0.51855051517486572, -0.55973458290100098, 0.56228703260421753, 0.81959748268127441, 0.10996925830841064),
            ["LeftUpperLeg"] = CFrame.new(0, -6.3329935073852539e-08, -0.00010007421224145219, 0.98894953727722168, 0.035531263798475266, -0.14393159747123718, -0.1481405645608902, 0.27454406023025513, -0.95009469985961914, 0.0057575032114982605, 0.96091783046722412, 0.27677386999130249),
            ["LowerTorso"] = CFrame.new(5.661854940100389e-15, -1.3212008476257324, 0.088928461074829102, 1, 0, 0, 0, 0.7392352819442749, -0.67344731092453003, 0, 0.67344731092453003, 0.7392352819442749),
            ["RightFoot"] = CFrame.new(-2.9802322387695312e-08, 0.036006569862365723, -9.9288467026781291e-05, 0.96957576274871826, 0.18725740909576416, 0.15766257047653198, -0.16197523474693298, 0.97367936372756958, -0.16035142540931702, -0.18353977799415588, 0.12993541359901428, 0.97438693046569824),
            ["RightHand"] = CFrame.new(-0.00048547238111495972, 0.022155821323394775, -2.4214386940002441e-08, 0.45024669170379639, 0.77117049694061279, -0.45008224248886108, -0.82393825054168701, 0.55307924747467041, 0.12340608239173889, 0.34409826993942261, 0.31527680158615112, 0.88441896438598633),
            ["RightLowerArm"] = CFrame.new(-1.7881393432617188e-07, 0.10846531391143799, 0.054830297827720642, 1, 0, 0, 0, 0.43468105792999268, -0.90058445930480957, 0, 0.90058445930480957, 0.43468105792999268),
            ["RightLowerLeg"] = CFrame.new(2.2351741790771484e-08, 0.10972374677658081, -0.14983561635017395, 1, 0, 0, 0, -0.55490422248840332, 0.83191418647766113, 0, -0.83191418647766113, -0.55490422248840332),
            ["RightUpperArm"] = CFrame.new(-0.14120960235595703, 0.014364004135131836, 0.0502513088285923, 0.46447539329528809, 0.55663132667541504, 0.68878453969955444, 0.20954959094524384, 0.68660461902618408, -0.69617742300033569, -0.86043685674667358, 0.4676918089389801, 0.20226907730102539),
            ["RightUpperLeg"] = CFrame.new(0, 1.1175867342672063e-08, -1.5269324649125338e-07, 0.96957123279571533, -0.062844626605510712, 0.2366054356098175, 0.24462351202964783, 0.28634977340698242, -0.92637091875076294, -0.0095344707369804382, 0.95606189966201782, 0.29300975799560547),
            ["UpperTorso"] = CFrame.new(-2.2488380642466852e-17, 2.9802322387695312e-08, -2.9802322387695312e-08, 1, -0, 0, 0, 0.54260361194610596, 0.8399888277053833, -0, -0.8399888277053833, 0.54260361194610596)
        }},
        {Time = 0.133, Data = {
            ["Head"] = CFrame.new(-1.4320564354824292e-23, -1.1920928955078125e-07, 3.7252902984619141e-09, 1, -0, 0, 0, 0.70375514030456543, 0.71044266223907471, -0, -0.71044266223907471, 0.70375514030456543),
            ["LeftFoot"] = CFrame.new(-5.5879354476928711e-08, 0.0358467698097229, 7.934868335723877e-07, 0.9889330267906189, -0.11350191384553909, -0.095544807612895966, 0.099489487707614899, 0.98507601022720337, -0.14045323431491852, 0.11006060987710953, 0.12939314544200897, 0.98546642065048218),
            ["LeftHand"] = CFrame.new(0.00048416852951049805, 0.024011790752410889, 1.6856938600540161e-07, 0.32023847103118896, -0.81819343566894531, 0.47750100493431091, 0.78254890441894531, 0.51254898309707642, 0.35342752933502197, -0.53391474485397339, 0.26048660278320312, 0.80441403388977051),
            ["LeftLowerArm"] = CFrame.new(-0.00049945712089538574, 0.11561107635498047, 0.070865452289581299, 1, 0, 0, 0, 0.26818835735321045, -0.96336644887924194, 0, 0.96336644887924194, 0.26818835735321045),
            ["LeftLowerLeg"] = CFrame.new(-7.8231096267700195e-08, 0.1095384955406189, -0.15028181672096252, 1, 0, 0, 0, -0.56058716773986816, 0.82809543609619141, 0, -0.82809543609619141, -0.56058716773986816),
            ["LeftUpperArm"] = CFrame.new(0.22373849153518677, -0.6216161847114563, -0.18628816306591034, 0.51510190963745117, -0.24384003877639771, -0.82171285152435303, -0.6473272442817688, 0.51770961284637451, -0.55941420793533325, 0.56181621551513672, 0.8200724720954895, 0.10882890224456787),
            ["LeftUpperLeg"] = CFrame.new(0, -1.2665985593685036e-07, -0.00010002205817727372, 0.98893147706985474, 0.035352472215890884, -0.1440996527671814, -0.14826814830303192, 0.27194428443908691, -0.95082223415374756, 0.0055731609463691711, 0.96166348457336426, 0.27417594194412231),
            ["LowerTorso"] = CFrame.new(5.6618570576827572e-15, -1.3218371868133545, 0.088773250579833984, 1, 0, 0, 0, 0.74041837453842163, -0.67214632034301758, 0, 0.67214632034301758, 0.74041837453842163),
            ["RightFoot"] = CFrame.new(7.8231096267700195e-08, 0.036010205745697021, -9.9202785349916667e-05, 0.96951550245285034, 0.18741071224212646, 0.15785084664821625, -0.16216278076171875, 0.97369945049285889, -0.16003946959972382, -0.18369238078594208, 0.12956322729587555, 0.97440773248672485),
            ["RightHand"] = CFrame.new(-0.00048528239130973816, 0.022200345993041992, 6.5192580223083496e-08, 0.45235109329223633, 0.7702479362487793, -0.44955158233642578, -0.82204544544219971, 0.55558645725250244, 0.12476012855768204, 0.34586101770401001, 0.31311643123626709, 0.88449889421463013),
            ["RightLowerArm"] = CFrame.new(-2.9802322387695312e-07, 0.10864841938018799, 0.055142775177955627, 1, 0, 0, 0, 0.43146395683288574, -0.902130126953125, 0, 0.902130126953125, 0.43146395683288574),
            ["RightLowerLeg"] = CFrame.new(7.4505805969238281e-09, 0.10968470573425293, -0.14989085495471954, 1, 0, 0, 0, -0.55547428131103516, 0.83153378963470459, 0, -0.83153378963470459, -0.55547428131103516),
            ["RightUpperArm"] = CFrame.new(-0.14016872644424438, 0.01368868350982666, 0.050646703690290451, 0.46234273910522461, 0.55678474903106689, 0.69009435176849365, 0.21092438697814941, 0.68687206506729126, -0.69549822807312012, -0.86124932765960693, 0.46711635589599609, 0.20013082027435303),
            ["RightUpperLeg"] = CFrame.new(0, -1.4901162614933128e-07, -1.0798976290971041e-07, 0.96950805187225342, -0.062676303088665009, 0.23690895736217499, 0.24488988518714905, 0.28375309705734253, -0.92709928750991821, -0.0091164708137512207, 0.95684677362442017, 0.29044967889785767),
            ["UpperTorso"] = CFrame.new(-1.7988430230510104e-15, 0, 0, 1, -0, 0, 0, 0.54260361194610596, 0.8399888277053833, -0, -0.8399888277053833, 0.54260361194610596)
        }},
        {Time = 0.167, Data = {
            ["Head"] = CFrame.new(-1.6362666492064579e-23, -2.384185791015625e-07, -4.8428773880004883e-08, 1, -0, 0, 0, 0.70375514030456543, 0.71044266223907471, -0, -0.71044266223907471, 0.70375514030456543),
            ["LeftFoot"] = CFrame.new(7.4505805969238281e-08, 0.035852670669555664, 6.5937638282775879e-07, 0.9889148473739624, -0.11357242614030838, -0.095648996531963348, 0.099592931568622589, 0.98512518405914307, -0.1400342583656311, 0.11013027280569077, 0.12895599007606506, 0.98551595211029053),
            ["LeftHand"] = CFrame.new(0.00048424303531646729, 0.024033784866333008, -2.3562461137771606e-07, 0.32122480869293213, -0.81788980960845947, 0.47735834121704102, 0.78010821342468262, 0.51431107521057129, 0.35625162720680237, -0.53688526153564453, 0.25795426964759827, 0.80325204133987427),
            ["LeftLowerArm"] = CFrame.new(-0.00049948692321777344, 0.11573535203933716, 0.071267023682594299, 1, 0, 0, 0, 0.26400506496429443, -0.96452128887176514, 0, 0.96452128887176514, 0.26400506496429443),
            ["LeftLowerLeg"] = CFrame.new(8.5681676864624023e-08, 0.10949081182479858, -0.15034954249858856, 1, 0, 0, 0, -0.56131529808044434, 0.82760214805603027, 0, -0.82760214805603027, -0.56131529808044434),
            ["LeftUpperArm"] = CFrame.new(0.2233586311340332, -0.62218695878982544, -0.18659853935241699, 0.51439750194549561, -0.24406746029853821, -0.8220866322517395, -0.64840471744537354, 0.51668095588684082, -0.55911737680435181, 0.56121891736984253, 0.82065337896347046, 0.10752487182617188),
            ["LeftUpperLeg"] = CFrame.new(0, -9.6857540654582408e-08, -0.00010000715701607987, 0.98891156911849976, 0.035246618092060089, -0.14426222443580627, -0.14841383695602417, 0.26870644092559814, -0.95171958208084106, 0.005219288170337677, 0.96257704496383667, 0.27095800638198853),
            ["LowerTorso"] = CFrame.new(5.6618600222980726e-15, -1.3226175308227539, 0.088584303855895996, 1, 0, 0, 0, 0.74178493022918701, -0.67063784599304199, 0, 0.67063784599304199, 0.74178493022918701),
            ["RightFoot"] = CFrame.new(-3.7252902984619141e-08, 0.036015927791595459, -9.9284741736482829e-05, 0.96943992376327515, 0.18764179944992065, 0.15804038941860199, -0.16244316101074219, 0.97371673583984375, -0.15964946150779724, -0.18384347856044769, 0.12909799814224243, 0.97444099187850952),
            ["RightHand"] = CFrame.new(-0.00048530101776123047, 0.022254407405853271, -1.0617077350616455e-07, 0.4549330472946167, 0.76910215616226196, -0.44890731573104858, -0.81976622343063354, 0.55860406160354614, 0.12627284228801727, 0.34787815809249878, 0.31055337190628052, 0.88461142778396606),
            ["RightLowerArm"] = CFrame.new(-8.9406967163085938e-08, 0.10887050628662109, 0.055524170398712158, 1, 0, 0, 0, 0.42749893665313721, -0.90401583909988403, 0, 0.90401583909988403, 0.42749893665313721),
            ["RightLowerLeg"] = CFrame.new(2.9802322387695312e-08, 0.10963791608810425, -0.14995817840099335, 1, 0, 0, 0, -0.55620646476745605, 0.83104413747787476, 0, -0.83104413747787476, -0.55620646476745605),
            ["RightUpperArm"] = CFrame.new(-0.13888776302337646, 0.012859225273132324, 0.051128260791301727, 0.45980584621429443, 0.55690091848373413, 0.69169354438781738, 0.2125750333070755, 0.68724352121353149, -0.69462805986404419, -0.86220097541809082, 0.46643081307411194, 0.19761538505554199),
            ["RightUpperLeg"] = CFrame.new(0, -9.6857554865437123e-08, -7.0736859925091267e-08, 0.96944475173950195, -0.06242978572845459, 0.23723280429840088, 0.24515834450721741, 0.28053849935531616, -0.92800623178482056, -0.0086177065968513489, 0.95781034231185913, 0.28727179765701294),
            ["UpperTorso"] = CFrame.new(1.7538735144856875e-15, -5.9604644775390625e-08, 2.9802322387695312e-08, 1, -0, 0, 0, 0.54260361194610596, 0.8399888277053833, -0, -0.8399888277053833, 0.54260361194610596)
        }},
        {Time = 0.200, Data = {
            ["Head"] = CFrame.new(1.2924697071141057e-23, 1.1920928955078125e-07, 2.6077032089233398e-08, 1, -0, 0, 0, 0.70375514030456543, 0.71044266223907471, -0, -0.71044266223907471, 0.70375514030456543),
            ["LeftFoot"] = CFrame.new(2.2351741790771484e-08, 0.035858094692230225, 7.8976154327392578e-07, 0.98887848854064941, -0.11372994631528854, -0.09583776444196701, 0.099780760705471039, 0.98517656326293945, -0.13953830301761627, 0.11028679460287094, 0.12842364609241486, 0.98556792736053467),
            ["LeftHand"] = CFrame.new(0.00048428773880004883, 0.024059534072875977, 2.7939677238464355e-08, 0.32238131761550903, -0.81754386425018311, 0.4771711528301239, 0.77722024917602539, 0.51635849475860596, 0.35958674550056458, -0.54036927223205566, 0.25494304299354553, 0.80187594890594482),
            ["LeftLowerArm"] = CFrame.new(-0.00049933791160583496, 0.11587643623352051, 0.071732178330421448, 1, 0, 0, 0, 0.25917953252792358, -0.96582931280136108, 0, 0.96582931280136108, 0.25917953252792358),
            ["LeftLowerLeg"] = CFrame.new(-4.8428773880004883e-08, 0.10943472385406494, -0.15042836964130402, 1, 0, 0, 0, -0.56212365627288818, 0.82705366611480713, 0, -0.82705366611480713, -0.56212365627288818),
            ["LeftUpperArm"] = CFrame.new(0.22291707992553711, -0.62285059690475464, -0.18696175515651703, 0.51345729827880859, -0.24430812895298004, -0.82260262966156006, -0.64979594945907593, 0.51541620492935181, -0.55866920948028564, 0.56047022342681885, 0.82137668132781982, 0.10589379072189331),
            ["LeftUpperLeg"] = CFrame.new(0, -1.4901152312063459e-08, -0.00010006676166085526, 0.98888349533081055, 0.035048376768827438, -0.14450278878211975, -0.14861193299293518, 0.26494050025939941, -0.95274406671524048, 0.0048925280570983887, 0.96362775564193726, 0.2672039270401001),
            ["LowerTorso"] = CFrame.new(5.6618634104298616e-15, -1.3235254287719727, 0.088366717100143433, 1, 0, 0, 0, 0.74345707893371582, -0.66878372430801392, 0, 0.66878372430801392, 0.74345707893371582),
            ["RightFoot"] = CFrame.new(1.862645149230957e-08, 0.03602147102355957, -9.9236312962602824e-05, 0.96936428546905518, 0.18787278234958649, 0.1582300066947937, -0.16272358596324921, 0.97373378276824951, -0.15925951302051544, -0.18399444222450256, 0.12863273918628693, 0.97447407245635986),
            ["RightHand"] = CFrame.new(-0.00048530846834182739, 0.02231675386428833, -9.3132257461547852e-09, 0.45798808336257935, 0.76777380704879761, -0.44807398319244385, -0.81706017255783081, 0.56214320659637451, 0.12809270620346069, 0.350227952003479, 0.30743846297264099, 0.88477230072021484),
            ["RightLowerArm"] = CFrame.new(-1.4901161193847656e-07, 0.10912400484085083, 0.055965244770050049, 1, 0, 0, 0, 0.4228711724281311, -0.90618979930877686, 0, 0.90618979930877686, 0.4228711724281311),
            ["RightLowerLeg"] = CFrame.new(4.4703483581542969e-08, 0.10958284139633179, -0.15003646910190582, 1, 0, 0, 0, -0.55701923370361328, 0.83049952983856201, 0, -0.83049952983856201, -0.55701923370361328),
            ["RightUpperArm"] = CFrame.new(-0.13739186525344849, 0.011893153190612793, 0.051684029400348663, 0.45684117078781128, 0.55708372592926025, 0.6935083270072937, 0.21448485553264618, 0.68763363361358643, -0.69365423917770386, -0.86330312490463257, 0.46563687920570374, 0.19465327262878418),
            ["RightUpperLeg"] = CFrame.new(0, -1.1175879777169939e-08, -1.2289092410355806e-07, 0.9693647027015686, -0.062185011804103851, 0.23762394487857819, 0.24549567699432373, 0.27678793668746948, -0.9290427565574646, -0.0079989135265350342, 0.95891684293746948, 0.28357458114624023),
            ["UpperTorso"] = CFrame.new(-2.2479989722333114e-17, 2.9802322387695312e-08, 0, 1, -0, 0, 0, 0.54260361194610596, 0.8399888277053833, -0, -0.8399888277053833, 0.54260361194610596)
        }},
        {Time = 0.233, Data = {
            ["Head"] = CFrame.new(1.8508166205873994e-23, 1.1920928955078125e-07, -1.4901161193847656e-08, 1, -0, 0, 0, 0.70375514030456543, 0.71044266223907471, -0, -0.71044266223907471, 0.70375514030456543),
            ["LeftFoot"] = CFrame.new(9.3132257461547852e-09, 0.03586500883102417, 8.1956386566162109e-07, 0.988841712474823, -0.11396744847297668, -0.095934920012950897, 0.10006032884120941, 0.985218346118927, -0.13904212415218353, 0.11036311835050583, 0.12789137661457062, 0.98562860488891602),
            ["LeftHand"] = CFrame.new(0.00048400461673736572, 0.024088084697723389, -2.4586915969848633e-07, 0.32367426156997681, -0.81718742847442627, 0.47690635919570923, 0.77397048473358154, 0.51860344409942627, 0.36334574222564697, -0.5442468523979187, 0.25150579214096069, 0.80033755302429199),
            ["LeftLowerArm"] = CFrame.new(-0.000499725341796875, 0.11603140830993652, 0.072251394391059875, 1, 0, 0, 0, 0.25381112098693848, -0.96725380420684814, 0, 0.96725380420684814, 0.25381112098693848),
            ["LeftLowerLeg"] = CFrame.new(-2.2351741790771484e-08, 0.10937190055847168, -0.15051636099815369, 1, 0, 0, 0, -0.5630115270614624, 0.82644909620285034, 0, -0.82644909620285034, -0.5630115270614624),
            ["LeftUpperArm"] = CFrame.new(0.22242188453674316, -0.62359404563903809, -0.18737185001373291, 0.51251530647277832, -0.24464868009090424, -0.82308876514434814, -0.65125244855880737, 0.51398599147796631, -0.55829083919525146, 0.55964124202728271, 0.82217121124267578, 0.10409766435623169),
            ["LeftUpperLeg"] = CFrame.new(0, -3.352760202801619e-08, -0.00010004440991906449, 0.98884540796279907, 0.03487749770283699, -0.14480461180210114, -0.1488785445690155, 0.26063269376754761, -0.95388978719711304, 0.0044715255498886108, 0.96480780839920044, 0.26291793584823608),
            ["LowerTorso"] = CFrame.new(5.6618672220781242e-15, -1.3245444297790527, 0.088125377893447876, 1, 0, 0, 0, 0.74524712562561035, -0.66678839921951294, 0, 0.66678839921951294, 0.74524712562561035),
            ["RightFoot"] = CFrame.new(-3.7252902984619141e-09, 0.036028087139129639, -9.9210235930513591e-05, 0.96927320957183838, 0.18817460536956787, 0.15842923521995544, -0.16310489177703857, 0.97376024723052979, -0.15870656073093414, -0.18413662910461426, 0.12798942625522614, 0.97453188896179199),
            ["RightHand"] = CFrame.new(-0.00048528239130973816, 0.022386550903320312, 2.1606683731079102e-07, 0.46139037609100342, 0.76622551679611206, -0.44723308086395264, -0.81401950120925903, 0.56608748435974121, 0.13006633520126343, 0.35283321142196655, 0.30404505133628845, 0.88490980863571167),
            ["RightLowerArm"] = CFrame.new(-3.2782554626464844e-07, 0.10940372943878174, 0.056456342339515686, 1, 0, 0, 0, 0.4177592396736145, -0.90855777263641357, 0, 0.90855777263641357, 0.4177592396736145),
            ["RightLowerLeg"] = CFrame.new(-1.1920928955078125e-07, 0.10952138900756836, -0.15012376010417938, 1, 0, 0, 0, -0.55791294574737549, 0.82989990711212158, 0, -0.82989990711212158, -0.55791294574737549),
            ["RightUpperArm"] = CFrame.new(-0.13570582866668701, 0.010807633399963379, 0.05230109766125679, 0.4534638524055481, 0.55726867914199829, 0.69557321071624756, 0.21671813726425171, 0.68806135654449463, -0.69253504276275635, -0.8645251989364624, 0.4647829532623291, 0.19124066829681396),
            ["RightUpperLeg"] = CFrame.new(0, -1.8626462150450607e-08, -1.1544034350663424e-07, 0.96927112340927124, -0.061834238469600677, 0.23809653520584106, 0.24588367342948914, 0.27261644601821899, -0.93017280101776123, -0.00739249587059021, 0.96013367176055908, 0.27944326400756836),
            ["UpperTorso"] = CFrame.new(1.7538806083866208e-15, 0, 0, 1, -0, 0, 0, 0.54260361194610596, 0.8399888277053833, -0, -0.8399888277053833, 0.54260361194610596)
        }},
        {Time = 0.267, Data = {
            ["Head"] = CFrame.new(-7.5997218778309418e-24, -2.384185791015625e-07, 7.4505805969238281e-09, 1, -0, 0, 0, 0.70375514030456543, 0.71044266223907471, -0, -0.71044266223907471, 0.70375514030456543),
            ["LeftFoot"] = CFrame.new(3.5390257835388184e-08, 0.035872042179107666, 7.2643160820007324e-07, 0.98880517482757568, -0.11411646008491516, -0.096133768558502197, 0.10025788843631744, 0.98529219627380371, -0.1383751779794693, 0.11051073670387268, 0.12718792259693146, 0.98570311069488525),
            ["LeftHand"] = CFrame.new(0.00048407912254333496, 0.024118959903717041, 1.1175870895385742e-07, 0.32510054111480713, -0.81676918268203735, 0.47665262222290039, 0.77041119337081909, 0.52104973793029785, 0.36738768219947815, -0.5484306812286377, 0.24778059124946594, 0.79864168167114258),
            ["LeftLowerArm"] = CFrame.new(-0.00049954652786254883, 0.11619573831558228, 0.072815224528312683, 1, 0, 0, 0, 0.24799984693527222, -0.96876007318496704, 0, 0.96876007318496704, 0.24799984693527222),
            ["LeftLowerLeg"] = CFrame.new(-2.2351741790771484e-08, 0.10930317640304565, -0.15061220526695251, 1, 0, 0, 0, -0.56406009197235107, 0.82573384046554565, 0, -0.82573384046554565, -0.56406009197235107),
            ["LeftUpperArm"] = CFrame.new(0.22188133001327515, -0.62440520524978638, -0.18782278895378113, 0.51146590709686279, -0.24502892792224884, -0.82362830638885498, -0.65283459424972534, 0.51244735717773438, -0.55785727500915527, 0.55875730514526367, 0.82301795482635498, 0.10213601589202881),
            ["LeftUpperLeg"] = CFrame.new(0, -3.7252895879191783e-08, -0.00010009656398324296, 0.98880720138549805, 0.034681148827075958, -0.14511221647262573, -0.14914470911026001, 0.25599783658981323, -0.95510256290435791, 0.0040243566036224365, 0.96605503559112549, 0.25830501317977905),
            ["LowerTorso"] = CFrame.new(5.6618714572428605e-15, -1.3256571292877197, 0.087865054607391357, 1, 0, 0, 0, 0.7472764253616333, -0.66451334953308105, 0, 0.66451334953308105, 0.7472764253616333),
            ["RightFoot"] = CFrame.new(7.0780515670776367e-08, 0.036034762859344482, -9.9243763543199748e-05, 0.96916699409484863, 0.18848185241222382, 0.15871340036392212, -0.16347937285900116, 0.97378623485565186, -0.15816079080104828, -0.18436336517333984, 0.12733785808086395, 0.97457438707351685),
            ["RightHand"] = CFrame.new(-0.00048502907156944275, 0.022461593151092529, -1.4156103134155273e-07, 0.46513617038726807, 0.76458054780960083, -0.44616690278053284, -0.81066828966140747, 0.57036674022674561, 0.13228282332420349, 0.3556196391582489, 0.30016383528709412, 0.88511937856674194),
            ["RightLowerArm"] = CFrame.new(-2.384185791015625e-07, 0.10970258712768555, 0.056989341974258423, 1, 0, 0, 0, 0.41225022077560425, -0.91107082366943359, 0, 0.91107082366943359, 0.41225022077560425),
            ["RightLowerLeg"] = CFrame.new(6.7055225372314453e-08, 0.10945421457290649, -0.15021893382072449, 1, 0, 0, 0, -0.55888605117797852, 0.82924443483352661, 0, -0.82924443483352661, -0.55888605117797852),
            ["RightUpperArm"] = CFrame.new(-0.13385570049285889, 0.00962066650390625, 0.052968021482229233, 0.44971901178359985, 0.55751901865005493, 0.6978003978729248, 0.21905709803104401, 0.68855339288711548, -0.69130903482437134, -0.8658907413482666, 0.46375292539596558, 0.18752706050872803),
            ["RightUpperLeg"] = CFrame.new(0, -1.0430813546236095e-07, -1.3034150470048189e-07, 0.96917402744293213, -0.061548635363578796, 0.2385653555393219, 0.24628840386867523, 0.26800364255905151, -0.93140560388565063, -0.0066097080707550049, 0.96145004034042358, 0.27490085363388062),
            ["UpperTorso"] = CFrame.new(-1.7988288352491439e-15, -2.9802322387695312e-08, -2.9802322387695312e-08, 1, -0, 0, 0, 0.54260361194610596, 0.8399888277053833, -0, -0.8399888277053833, 0.54260361194610596)
        }},
        {Time = 0.300, Data = {
            ["Head"] = CFrame.new(3.6189151799194961e-25, 1.1920928955078125e-07, 1.4901161193847656e-08, 1, -0, 0, 0, 0.70375514030456543, 0.71044266223907471, -0, -0.71044266223907471, 0.70375514030456543),
            ["LeftFoot"] = CFrame.new(3.166496753692627e-08, 0.035879611968994141, 7.7113509178161621e-07, 0.98876827955245972, -0.114345483481884, -0.096241101622581482, 0.10054717212915421, 0.98535615205764771, -0.13770800828933716, 0.11057804524898529, 0.12648454308509827, 0.9857860803604126),
            ["LeftHand"] = CFrame.new(0.00048421323299407959, 0.024151504039764404, 6.0535967350006104e-08, 0.32665681838989258, -0.81628859043121338, 0.47641199827194214, 0.76653707027435303, 0.52369022369384766, 0.37171155214309692, -0.55291622877120972, 0.24376529455184937, 0.79678237438201904),
            ["LeftLowerArm"] = CFrame.new(-0.00049948692321777344, 0.11636620759963989, 0.073414191603660583, 1, 0, 0, 0, 0.24174082279205322, -0.9703410267829895, 0, 0.9703410267829895, 0.24174082279205322),
            ["LeftLowerLeg"] = CFrame.new(2.6077032089233398e-08, 0.10923027992248535, -0.15071436762809753, 1, 0, 0, 0, -0.56510746479034424, 0.82501769065856934, 0, -0.82501769065856934, -0.56510746479034424),
            ["LeftUpperArm"] = CFrame.new(0.22130352258682251, -0.62527155876159668, -0.18830858170986176, 0.51030832529067993, -0.24549852311611176, -0.82420617341995239, -0.65457504987716675, 0.51071780920028687, -0.55740368366241455, 0.55777853727340698, 0.82395255565643311, 0.099926352500915527),
            ["LeftUpperLeg"] = CFrame.new(0, 1.117587622445626e-08, -0.00010017852036980912, 0.98876893520355225, 0.034459013491868973, -0.14542552828788757, -0.1494101881980896, 0.25103294849395752, -0.95637816190719604, 0.0035507604479789734, 0.9673650860786438, 0.25336205959320068),
            ["LowerTorso"] = CFrame.new(5.6618761159240704e-15, -1.3268470764160156, 0.087590575218200684, 1, 0, 0, 0, 0.7493586540222168, -0.66216433048248291, 0, 0.66216433048248291, 0.7493586540222168),
            ["RightFoot"] = CFrame.new(2.6077032089233398e-08, 0.036042630672454834, -9.9240038252901286e-05, 0.96907556056976318, 0.1887834370136261, 0.1589130163192749, -0.16386088728904724, 0.97381174564361572, -0.15760797262191772, -0.18450513482093811, 0.12669441103935242, 0.97463142871856689),
            ["RightHand"] = CFrame.new(-0.00048513337969779968, 0.022527873516082764, 1.862645149230957e-08, 0.46914017200469971, 0.76273602247238159, -0.44513070583343506, -0.80704194307327271, 0.57494741678237915, 0.13460604846477509, 0.35859560966491699, 0.29609006643295288, 0.88529086112976074),
            ["RightLowerArm"] = CFrame.new(-3.2782554626464844e-07, 0.11000716686248779, 0.057558447122573853, 1, 0, 0, 0, 0.40633934736251831, -0.91372221708297729, 0, 0.91372221708297729, 0.40633934736251831),
            ["RightLowerLeg"] = CFrame.new(6.7055225372314453e-08, 0.10938262939453125, -0.15031999349594116, 1, 0, 0, 0, -0.55993962287902832, 0.82853347063064575, 0, -0.82853347063064575, -0.55993962287902832),
            ["RightUpperArm"] = CFrame.new(-0.1318666934967041, 0.0083483457565307617, 0.053672134876251221, 0.44579923152923584, 0.5577966570854187, 0.70008993148803711, 0.22158575057983398, 0.68899786472320557, -0.69005918502807617, -0.86727321147918701, 0.46275782585144043, 0.18355488777160645),
            ["RightUpperLeg"] = CFrame.new(0, 1.8626446163239052e-08, -2.3464963305741549e-07, 0.969063401222229, -0.061168290674686432, 0.23911195993423462, 0.24674248695373535, 0.26306647062301636, -0.93269187211990356, -0.0058511793613433838, 0.96283668279647827, 0.27002090215682983),
            ["UpperTorso"] = CFrame.new(-2.2467264375789598e-17, 2.9802322387695312e-08, -2.9802322387695312e-08, 1, -0, 0, 0, 0.54260361194610596, 0.8399888277053833, -0, -0.8399888277053833, 0.54260361194610596)
        }},
        {Time = 0.333, Data = {
            ["Head"] = CFrame.new(-1.1373733422604131e-24, 0, -4.4703483581542969e-08, 1, -0, 0, 0, 0.70375514030456543, 0.71044266223907471, -0, -0.71044266223907471, 0.70375514030456543),
            ["LeftFoot"] = CFrame.new(-6.891787052154541e-08, 0.035888016223907471, 6.5565109252929688e-07, 0.98873168230056763, -0.11449429392814636, -0.096440218389034271, 0.10074494779109955, 0.98542892932891846, -0.13704106211662292, 0.11072539538145065, 0.12578096985816956, 0.98585951328277588),
            ["LeftHand"] = CFrame.new(0.00048416852951049805, 0.024185895919799805, -2.859160304069519e-07, 0.32822680473327637, -0.81582283973693848, 0.47613048553466797, 0.7624824047088623, 0.52635717391967773, 0.37625616788864136, -0.55757308006286621, 0.23954372107982635, 0.79481512308120728),
            ["LeftLowerArm"] = CFrame.new(-0.00049951672554016113, 0.11654001474380493, 0.074039310216903687, 1, 0, 0, 0, 0.23534941673278809, -0.97191077470779419, 0, 0.97191077470779419, 0.23534941673278809),
