return {
["a thrust"] = {

          {Time = 0.000, Data = {

              ["Head"] = CFrame.new(-0.000000, 0.000000, 0.000000, 1.000000, -0.000000, 0.000000, 0.000000, 1.000000, 0.000000, -0.000000, 0.000000, 1.000000),

              ["LeftFoot"] = CFrame.new(0.000000, 0.027465, -0.000003, 0.988541, -0.115475, -0.097230, 0.002162, 0.654865, -0.755764, 0.150934, 0.746872, 0.647585),

              ["LeftHand"] = CFrame.new(0.000483, 0.026113, -0.000000, 0.972711, -0.200467, 0.116821, 0.184014, 0.973209, 0.137852, -0.141325, -0.112591, 0.983539),

              ["LeftLowerArm"] = CFrame.new(-0.000499, 0.119352, 0.109124, 1.000000, -0.000000, 0.000000, 0.000000, -0.128973, -0.991648, 0.000000, 0.991648, -0.128974),

              ["LeftLowerLeg"] = CFrame.new(0.000000, 0.112549, -0.052707, 1.000000, -0.000000, -0.000000, 0.000000, 0.455547, 0.890219, -0.000000, -0.890212, 0.455534),

              ["LeftUpperArm"] = CFrame.new(-0.016154, -0.109586, -0.062322, 0.967692, 0.188901, 0.166999, -0.219171, 0.957644, 0.186770, -0.124645, -0.217337, 0.968105),

              ["LeftUpperLeg"] = CFrame.new(0.000000, 0.000000, -0.000100, 0.988172, 0.112377, 0.104347, -0.145905, 0.898430, 0.414192, -0.047203, -0.424494, 0.904189),

              ["LowerTorso"] = CFrame.new(0.100988, -0.504802, -0.447891, 0.999032, 0.005053, -0.043689, -0.031194, 0.781677, -0.622903, 0.031003, 0.623663, 0.781079),

              ["RightFoot"] = CFrame.new(-0.000000, 0.028742, -0.000103, 0.985338, 0.130520, 0.109897, 0.000256, 0.642971, -0.765912, -0.170616, 0.754688, 0.633483),

              ["RightHand"] = CFrame.new(-0.000483, 0.026068, 0.000000, 0.980719, 0.168821, -0.098441, -0.168681, 0.985622, 0.009809, 0.098680, 0.006986, 0.995095),

              ["RightLowerArm"] = CFrame.new(-0.000001, 0.119288, 0.110409, 1.000000, 0.000000, -0.000000, -0.000000, -0.142313, -0.989821, -0.000000, 0.989822, -0.142315),

              ["RightLowerLeg"] = CFrame.new(0.000000, 0.115959, -0.058865, 1.000000, 0.000000, 0.000000, -0.000000, 0.392541, 0.919741, 0.000000, -0.919735, 0.392526),

              ["RightUpperArm"] = CFrame.new(0.017632, -0.095149, -0.090927, 0.964736, -0.151645, -0.215146, 0.190297, 0.966532, 0.172057, 0.181854, -0.206932, 0.961306),

              ["RightUpperLeg"] = CFrame.new(0.000000, -0.000000, 0.000000, 0.983719, -0.177458, -0.028392, 0.175540, 0.914954, 0.363405, -0.038511, -0.362447, 0.931199),

              ["UpperTorso"] = CFrame.new(0.011284, 0.255013, 0.154644, 0.999013, -0.038050, 0.022928, 0.010117, 0.697430, 0.716582, -0.043257, -0.715642, 0.697126)

          }},

          {Time = 0.013, Data = {

              ["Head"] = CFrame.new(-0.000000, -0.000000, 0.000000, 1.000000, -0.000014, 0.000066, 0.000014, 0.999999, 0.001689, -0.000066, -0.001689, 0.999999),

              ["LeftFoot"] = CFrame.new(0.000000, 0.027572, -0.000003, 0.988676, -0.114800, -0.096662, 0.002342, 0.655826, -0.754930, 0.150050, 0.746132, 0.648642),

              ["LeftHand"] = CFrame.new(0.000483, 0.026104, 0.000000, 0.973338, -0.198187, 0.115480, 0.180521, 0.972464, 0.147400, -0.141511, -0.122621, 0.982313),

              ["LeftLowerArm"] = CFrame.new(-0.000499, 0.119380, 0.108888, 1.000000, -0.000000, 0.000000, 0.000000, -0.126527, -0.991963, 0.000000, 0.991963, -0.126528),

              ["LeftLowerLeg"] = CFrame.new(0.000000, 0.112924, -0.053293, 1.000000, -0.000000, -0.000000, 0.000000, 0.449458, 0.893308, -0.000000, -0.893302, 0.449444),

              ["LeftUpperArm"] = CFrame.new(-0.015973, -0.109340, -0.061344, 0.968054, 0.190355, 0.163210, -0.218679, 0.959410, 0.178078, -0.122687, -0.208080, 0.970387),

              ["LeftUpperLeg"] = CFrame.new(0.000000, -0.000000, -0.000100, 0.988273, 0.113027, 0.102673, -0.144977, 0.905622, 0.398559, -0.047935, -0.408747, 0.911378),

              ["LowerTorso"] = CFrame.new(0.100891, -0.505942, -0.441172, 0.999060, 0.005056, -0.043055, -0.030520, 0.787373, -0.615721, 0.030788, 0.616457, 0.786787),

              ["RightFoot"] = CFrame.new(-0.000000, 0.028812, -0.000103, 0.985474, 0.129916, 0.109389, -0.000125, 0.644656, -0.764494, -0.169827, 0.753352, 0.635282),

              ["RightHand"] = CFrame.new(-0.000482, 0.026040, -0.000000, 0.981200, 0.166728, -0.097205, -0.165750, 0.986002, 0.018110, 0.098863, -0.001657, 0.995100),

              ["RightLowerArm"] = CFrame.new(-0.000001, 0.119372, 0.109769, 1.000000, 0.000000, -0.000000, -0.000000, -0.135670, -0.990754, -0.000000, 0.990754, -0.135671),

              ["RightLowerLeg"] = CFrame.new(-0.000000, 0.116199, -0.059324, 1.000000, 0.000000, 0.000000, -0.000000, 0.387771, 0.921762, 0.000000, -0.921756, 0.387756),

              ["RightUpperArm"] = CFrame.new(0.017258, -0.094618, -0.089489, 0.965483, -0.153693, -0.210289, 0.189235, 0.968668, 0.160852, 0.178978, -0.195094, 0.964316),

              ["RightUpperLeg"] = CFrame.new(-0.000000, 0.000000, -0.000000, 0.983949, -0.176367, -0.027181, 0.174706, 0.921047, 0.348090, -0.036356, -0.347227, 0.937067),

              ["UpperTorso"] = CFrame.new(0.011088, 0.250810, 0.153819, 0.999035, -0.037665, 0.022577, 0.010549, 0.704922, 0.709207, -0.042627, -0.708284, 0.704639)

          }},

          {Time = 0.026, Data = {

              ["Head"] = CFrame.new(0.000000, 0.000000, 0.000000, 1.000000, -0.000056, 0.000254, 0.000054, 0.999979, 0.006506, -0.000255, -0.006506, 0.999979),

              ["LeftFoot"] = CFrame.new(-0.000000, 0.027871, -0.000003, 0.989046, -0.112916, -0.095075, 0.002896, 0.658821, -0.752317, 0.147577, 0.743778, 0.651905),

              ["LeftHand"] = CFrame.new(0.000483, 0.026072, 0.000000, 0.975046, -0.191834, 0.111741, 0.170857, 0.969802, 0.174051, -0.141754, -0.150614, 0.978376),

              ["LeftLowerArm"] = CFrame.new(-0.000499, 0.119466, 0.108130, 1.000000, -0.000000, 0.000000, 0.000000, -0.118656, -0.992935, 0.000000, 0.992935, -0.118657),

              ["LeftLowerLeg"] = CFrame.new(0.000000, 0.113949, -0.054935, 1.000000, -0.000000, -0.000000, 0.000000, 0.432380, 0.901698, -0.000000, -0.901691, 0.432366),

              ["LeftUpperArm"] = CFrame.new(-0.015479, -0.108642, -0.058618, 0.969042, 0.194235, 0.152412, -0.217285, 0.964058, 0.152903, -0.117236, -0.181286, 0.976418),

              ["LeftUpperLeg"] = CFrame.new(0.000000, -0.000000, -0.000100, 0.988553, 0.114801, 0.097902, -0.142368, 0.924585, 0.353400, -0.049948, -0.363268, 0.930335),

              ["LowerTorso"] = CFrame.new(0.100620, -0.509174, -0.422019, 0.999136, 0.005013, -0.041263, -0.028601, 0.803252, -0.594953, 0.030162, 0.595619, 0.802701),

              ["RightFoot"] = CFrame.new(-0.000000, 0.029005, -0.000103, 0.985852, 0.128224, 0.107964, -0.001239, 0.649660, -0.760246, -0.167611, 0.749334, 0.640601),

              ["RightHand"] = CFrame.new(-0.000483, 0.025965, -0.000000, 0.982502, 0.160924, -0.093778, -0.157675, 0.986634, 0.041137, 0.099144, -0.025630, 0.994743),

              ["RightLowerArm"] = CFrame.new(-0.000001, 0.119586, 0.107944, 1.000000, 0.000000, -0.000000, -0.000000, -0.116727, -0.993164, -0.000000, 0.993164, -0.116728),

              ["RightLowerLeg"] = CFrame.new(0.000000, 0.116853, -0.060605, 1.000000, 0.000000, 0.000000, -0.000000, 0.374464, 0.927247, 0.000000, -0.927241, 0.374449),

              ["RightUpperArm"] = CFrame.new(0.016249, -0.093142, -0.085494, 0.967503, -0.158911, -0.196687, 0.186283, 0.973931, 0.129447, 0.170989, -0.161880, 0.971884),

              ["RightUpperLeg"] = CFrame.new(-0.000000, -0.000000, 0.000000, 0.984589, -0.173252, -0.023864, 0.172241, 0.936988, 0.303975, -0.030303, -0.303375, 0.952381),

              ["UpperTorso"] = CFrame.new(0.010549, 0.239189, 0.151150, 0.999100, -0.036521, 0.021585, 0.011677, 0.725896, 0.687705, -0.040784, -0.686834, 0.725669)

          }},

          {Time = 0.039, Data = {

              ["Head"] = CFrame.new(-0.000000, -0.000000, -0.000000, 1.000000, -0.000123, 0.000550, 0.000115, 0.999901, 0.014077, -0.000551, -0.014077, 0.999901),

              ["LeftFoot"] = CFrame.new(-0.000000, 0.028328, -0.000003, 0.989599, -0.110046, -0.092659, 0.003922, 0.664502, -0.747298, 0.143800, 0.739139, 0.657997),

              ["LeftHand"] = CFrame.new(0.000483, 0.026012, -0.000000, 0.977511, -0.182250, 0.106099, 0.156519, 0.964176, 0.214167, -0.141328, -0.192742, 0.971018),

              ["LeftLowerArm"] = CFrame.new(-0.000499, 0.119611, 0.106704, 1.000000, -0.000000, 0.000000, 0.000000, -0.103849, -0.994593, 0.000000, 0.994593, -0.103850),

              ["LeftLowerLeg"] = CFrame.new(-0.000000, 0.115419, -0.057394, 1.000000, -0.000000, -0.000000, 0.000000, 0.406788, 0.913529, -0.000000, -0.913523, 0.406774),

              ["LeftUpperArm"] = CFrame.new(-0.014762, -0.107574, -0.054520, 0.970475, 0.199529, 0.135520, -0.215147, 0.970092, 0.112402, -0.109040, -0.138239, 0.984378),

              ["LeftUpperLeg"] = CFrame.new(0.000000, -0.000000, -0.000100, 0.988971, 0.117316, 0.090414, -0.138344, 0.949686, 0.281018, -0.052897, -0.290402, 0.955434),

              ["LowerTorso"] = CFrame.new(0.100228, -0.513948, -0.391844, 0.999247, 0.004801, -0.038495, -0.025604, 0.827094, -0.561480, 0.029144, 0.562043, 0.826594),

              ["RightFoot"] = CFrame.new(0.000000, 0.029290, -0.000102, 0.986432, 0.125587, 0.105744, -0.003115, 0.658303, -0.752769, -0.164139, 0.742203, 0.649736),

              ["RightHand"] = CFrame.new(-0.000483, 0.025827, -0.000000, 0.984339, 0.152341, -0.088710, -0.145899, 0.986445, 0.075096, 0.098946, -0.060976, 0.993223),

              ["RightLowerArm"] = CFrame.new(-0.000001, 0.119851, 0.104870, 1.000000, 0.000000, -0.000000, -0.000000, -0.084796, -0.996398, -0.000000, 0.996398, -0.084797),

              ["RightLowerLeg"] = CFrame.new(0.000000, 0.117780, -0.062498, 1.000000, 0.000000, 0.000000, -0.000000, 0.354779, 0.934956, 0.000000, -0.934950, 0.354764),

              ["RightUpperArm"] = CFrame.new(0.014814, -0.090927, -0.079545, 0.970371, -0.165715, -0.175838, 0.181854, 0.980073, 0.079918, 0.159091, -0.109527, 0.981170),

              ["RightUpperLeg"] = CFrame.new(0.000000, -0.000000, -0.000000, 0.985555, -0.168282, -0.019036, 0.168038, 0.957708, 0.233603, -0.021080, -0.233402, 0.972146),

              ["UpperTorso"] = CFrame.new(0.009743, 0.221789, 0.146104, 0.999199, -0.034645, 0.020033, 0.013185, 0.757604, 0.652581, -0.037786, -0.651794, 0.757454)

          }},

          {Time = 0.053, Data = {

              ["Head"] = CFrame.new(-0.000000, -0.000000, -0.000000, 1.000000, -0.000215, 0.000937, 0.000192, 0.999711, 0.024028, -0.000942, -0.024028, 0.999711),

              ["LeftFoot"] = CFrame.new(-0.000000, 0.028790, -0.000003, 0.990276, -0.106425, -0.089610, 0.005537, 0.673739, -0.738972, 0.139010, 0.731266, 0.667750),

              ["LeftHand"] = CFrame.new(0.000483, 0.025906, 0.000000, 0.980393, -0.170332, 0.099082, 0.139233, 0.954595, 0.263372, -0.139442, -0.244410, 0.959593),

              ["LeftLowerArm"] = CFrame.new(-0.000499, 0.119781, 0.104408, 1.000000, -0.000000, 0.000000, 0.000000, -0.079997, -0.996795, 0.000000, 0.996795, -0.079998),

              ["LeftLowerLeg"] = CFrame.new(0.000000, 0.117002, -0.060404, 1.000000, -0.000000, -0.000000, 0.000000, 0.375509, 0.926825, -0.000000, -0.926819, 0.375494),

              ["LeftUpperArm"] = CFrame.new(-0.013922, -0.106219, -0.049457, 0.972156, 0.204987, 0.113553, -0.212438, 0.975463, 0.057819, -0.098915, -0.080332, 0.991848),

              ["LeftUpperLeg"] = CFrame.new(0.000000, 0.000000, -0.000100, 0.989484, 0.120115, 0.080587, -0.133194, 0.973888, 0.183876, -0.056397, -0.192650, 0.979641),

              ["LowerTorso"] = CFrame.new(0.099780, -0.519487, -0.351998, 0.999380, 0.004257, -0.034962, -0.021700, 0.856298, -0.516026, 0.027741, 0.516464, 0.855859),

              ["RightFoot"] = CFrame.new(0.000000, 0.029625, -0.000102, 0.987174, 0.122129, 0.102833, -0.005813, 0.671169, -0.741305, -0.159543, 0.731175, 0.663244),

              ["RightHand"] = CFrame.new(-0.000483, 0.025624, 0.000000, 0.986416, 0.141989, -0.082595, -0.132050, 0.984502, 0.115410, 0.097701, -0.102933, 0.989878),

              ["RightLowerArm"] = CFrame.new(-0.000001, 0.120043, 0.100446, 1.000000, 0.000000, -0.000000, -0.000000, -0.038847, -0.999245, -0.000000, 0.999245, -0.038848),

              ["RightLowerLeg"] = CFrame.new(0.000000, 0.118815, -0.064737, 1.000000, 0.000000, 0.000000, -0.000000, 0.331485, 0.943466, 0.000000, -0.943461, 0.331469),

              ["RightUpperArm"] = CFrame.new(0.013178, -0.088190, -0.072292, 0.973646, -0.172233, -0.149500, 0.176380, 0.984210, 0.014841, 0.144584, -0.040818, 0.988650),

              ["RightUpperLeg"] = CFrame.new(0.000000, 0.000000, -0.000000, 0.986763, -0.161615, -0.013393, 0.161888, 0.976847, 0.139890, -0.009525, -0.140180, 0.990077),

              ["UpperTorso"] = CFrame.new(0.008757, 0.200424, 0.138033, 0.999324, -0.032077, 0.017986, 0.014704, 0.796797, 0.604068, -0.033708, -0.603395, 0.796730)

          }},

          {Time = 0.066, Data = {

              ["Head"] = CFrame.new(0.000000, -0.000000, -0.000000, 0.999999, -0.000330, 0.001402, 0.000279, 0.999352, 0.035984, -0.001413, -0.035984, 0.999351),

              ["LeftFoot"] = CFrame.new(0.000000, 0.029271, -0.000002, 0.991020, -0.102290, -0.086128, 0.007858, 0.687538, -0.726130, 0.133483, 0.718908, 0.682142),

              ["LeftHand"] = CFrame.new(0.000483, 0.025751, 0.000000, 0.983386, -0.156952, 0.091204, 0.120768, 0.940769, 0.316814, -0.135525, -0.300533, 0.944093),

              ["LeftLowerArm"] = CFrame.new(-0.000499, 0.119931, 0.101030, 1.000000, -0.000000, 0.000000, 0.000000, -0.044910, -0.998991, 0.000000, 0.998991, -0.044911),

              ["LeftLowerLeg"] = CFrame.new(-0.000000, 0.118548, -0.063611, 1.000000, -0.000000, -0.000000, 0.000000, 0.342167, 0.939645, -0.000000, -0.939639, 0.342151),

              ["LeftUpperArm"] = CFrame.new(-0.013045, -0.104663, -0.043818, 0.973911, 0.209303, 0.087689, -0.209326, 0.977804, -0.009040, -0.087635, -0.009551, 0.996107),

              ["LeftUpperLeg"] = CFrame.new(0.000000, -0.000000, -0.000100, 0.990051, 0.122708, 0.068870, -0.127239, 0.989688, 0.065815, -0.060084, -0.073896, 0.995452),

              ["LowerTorso"] = CFrame.new(0.099348, -0.524925, -0.303852, 0.999517, 0.003221, -0.030898, -0.017063, 0.888069, -0.459393, 0.025960, 0.459698, 0.887696),

              ["RightFoot"] = CFrame.new(-0.000000, 0.029966, -0.000102, 0.988035, 0.117985, 0.099344, -0.009356, 0.688763, -0.724950, -0.153947, 0.715322, 0.681600),

              ["RightHand"] = CFrame.new(-0.000483, 0.025354, -0.000000, 0.988499, 0.130764, -0.075964, -0.117622, 0.980523, 0.157294, 0.095052, -0.146548, 0.984626),

              ["RightLowerArm"] = CFrame.new(-0.000001, 0.119980, 0.094570, 1.000000, 0.000000, -0.000000, -0.000000, 0.022159, -0.999755, -0.000000, 0.999755, 0.022158),

              ["RightLowerLeg"] = CFrame.new(0.000000, 0.119806, -0.067027, 1.000000, 0.000000, 0.000000, -0.000000, 0.307650, 0.951504, 0.000000, -0.951499, 0.307635),

              ["RightUpperArm"] = CFrame.new(0.011517, -0.085132, -0.064323, 0.976965, -0.176781, -0.119531, 0.170264, 0.983396, -0.062784, 0.128646, 0.040986, 0.990843),

              ["RightUpperLeg"] = CFrame.new(0.000000, -0.000000, 0.000000, 0.988123, -0.153475, -0.007666, 0.153627, 0.987766, 0.026817, 0.003456, -0.027650, 0.999611),

              ["UpperTorso"] = CFrame.new(0.007678, 0.177041, 0.126383, 0.999463, -0.028859, 0.015502, 0.015838, 0.839915, 0.542487, -0.028676, -0.541950, 0.839921)

          }},

          {Time = 0.079, Data = {

              ["Head"] = CFrame.new(0.000000, 0.000000, 0.000000, 0.999998, -0.000467, 0.001929, 0.000371, 0.998771, 0.049567, -0.001949, -0.049566, 0.998769),

              ["LeftFoot"] = CFrame.new(0.000000, 0.029728, -0.000002, 0.991782, -0.097870, -0.082407, 0.010914, 0.706467, -0.707686, 0.127471, 0.700946, 0.701705),

              ["LeftHand"] = CFrame.new(0.000483, 0.025538, -0.000000, 0.986258, -0.142894, 0.082928, 0.102716, 0.923475, 0.369657, -0.129402, -0.356055, 0.925460),

              ["LeftLowerArm"] = CFrame.new(-0.000499, 0.119939, 0.096384, 1.000000, -0.000000, 0.000000, 0.000000, 0.003334, -0.999994, 0.000000, 0.999995, 0.003333),

              ["LeftLowerLeg"] = CFrame.new(-0.000000, 0.119901, -0.066677, 1.000000, -0.000000, -0.000000, 0.000000, 0.310255, 0.950658, -0.000000, -0.950653, 0.310240),

              ["LeftUpperArm"] = CFrame.new(-0.012192, -0.102979, -0.037937, 0.975615, 0.211341, 0.059246, -0.205958, 0.974798, -0.085740, -0.075874, 0.071447, 0.994555),

              ["LeftUpperLeg"] = CFrame.new(0.000000, -0.000000, -0.000100, 0.990630, 0.124673, 0.055758, -0.120823, 0.990357, -0.067760, -0.063669, 0.060415, 0.996142),

              ["LowerTorso"] = CFrame.new(0.098994, -0.529445, -0.248849, 0.999646, 0.001563, -0.026560, -0.011870, 0.919610, -0.392653, 0.023811, 0.392829, 0.919303),

              ["RightFoot"] = CFrame.new(0.000000, 0.030269, -0.000102, 0.988969, 0.113312, 0.095410, -0.013682, 0.711222, -0.702859, -0.147491, 0.693775, 0.704902),

              ["RightHand"] = CFrame.new(-0.000483, 0.025013, 0.000000, 0.990438, 0.119341, -0.069216, -0.103762, 0.975027, 0.196359, 0.090920, -0.187297, 0.978086),

              ["RightLowerArm"] = CFrame.new(-0.000001, 0.119382, 0.087181, 1.000000, 0.000000, 0.000000, -0.000000, 0.098828, -0.995105, -0.000000, 0.995105, 0.098827),

              ["RightLowerLeg"] = CFrame.new(0.000000, 0.120637, -0.069073, 1.000000, 0.000000, 0.000000, -0.000000, 0.286330, 0.958136, 0.000000, -0.958131, 0.286314),

              ["RightUpperArm"] = CFrame.new(0.009958, -0.081922, -0.056108, 0.980083, -0.178154, -0.087739, 0.163843, 0.975066, -0.149674, 0.112216, 0.132318, 0.984835),

              ["RightUpperLeg"] = CFrame.new(0.000000, -0.000000, -0.000000, 0.989545, -0.144204, -0.002542, 0.143227, 0.984604, -0.100184, 0.016950, 0.098799, 0.994966),

              ["UpperTorso"] = CFrame.new(0.006594, 0.153655, 0.110874, 0.999607, -0.025030, 0.012636, 0.016195, 0.883293, 0.468542, -0.022889, -0.468154, 0.883351)

          }},

          {Time = 0.092, Data = {

              ["Head"] = CFrame.new(0.000000, -0.000000, -0.000000, 0.999997, -0.000626, 0.002501, 0.000464, 0.997924, 0.064396, -0.002537, -0.064395, 0.997921),

              ["LeftFoot"] = CFrame.new(-0.000000, 0.030118, -0.000002, 0.992522, -0.093380, -0.078626, 0.014631, 0.730454, -0.682830, 0.121188, 0.676548, 0.726334),

              ["LeftHand"] = CFrame.new(0.000483, 0.025259, -0.000000, 0.988854, -0.128828, 0.074649, 0.086313, 0.904512, 0.417625, -0.121322, -0.406523, 0.905548),

              ["LeftLowerArm"] = CFrame.new(-0.000500, 0.119610, 0.090343, 1.000000, -0.000000, 0.000000, 0.000000, 0.066029, -0.997818, 0.000000, 0.997818, 0.066029),

              ["LeftLowerLeg"] = CFrame.new(0.000000, 0.120965, -0.069300, 1.000000, -0.000000, -0.000000, 0.000000, 0.282920, 0.959148, -0.000000, -0.959143, 0.282905),

              ["LeftUpperArm"] = CFrame.new(-0.011406, -0.101224, -0.032084, 0.977189, 0.210298, 0.029611, -0.202447, 0.964545, -0.169316, -0.064168, 0.159460, 0.985117),

              ["LeftUpperLeg"] = CFrame.new(0.000000, -0.000000, -0.000100, 0.991188, 0.125696, 0.041794, -0.114291, 0.971026, -0.209845, -0.066961, 0.203245, 0.976841),

              ["LowerTorso"] = CFrame.new(0.098762, -0.532396, -0.188547, 0.999753, -0.000794, -0.022210, -0.006295, 0.948315, -0.317267, 0.021314, 0.317328, 0.948076),

              ["RightFoot"] = CFrame.new(-0.000000, 0.030447, -0.000102, 0.989928, 0.108300, 0.091190, -0.018615, 0.738071, -0.674491, -0.140343, 0.665974, 0.732630),

              ["RightHand"] = CFrame.new(-0.000484, 0.024320, 0.000000, 0.992161, 0.108156, -0.062609, -0.091173, 0.969087, 0.229257, 0.085468, -0.221749, 0.971350),

              ["RightLowerArm"] = CFrame.new(-0.000000, 0.117721, 0.078373, 1.000000, 0.000000, -0.000000, -0.000000, 0.190373, -0.981712, -0.000000, 0.981712, 0.190373),

              ["RightLowerLeg"] = CFrame.new(0.000000, 0.121198, -0.070634, 1.000000, 0.000000, 0.000000, -0.000000, 0.270094, 0.962838, 0.000000, -0.962834, 0.270078),

              ["RightUpperArm"] = CFrame.new(0.008569, -0.078693, -0.047985, 0.982863, -0.175690, -0.055798, 0.157385, 0.957378, -0.242190, 0.095970, 0.229259, 0.968623),

              ["RightUpperLeg"] = CFrame.new(-0.000000, -0.000000, 0.000000, 0.990945, -0.134263, 0.001421, 0.130852, 0.963281, -0.234428, 0.030107, 0.232517, 0.972133),

              ["UpperTorso"] = CFrame.new(0.005584, 0.132250, 0.091620, 0.999743, -0.020626, 0.009446, 0.015428, 0.923403, 0.383522, -0.016633, -0.383277, 0.923484)

          }},

          {Time = 0.105, Data = {

              ["Head"] = CFrame.new(-0.000000, -0.000000, 0.000000, 0.999995, -0.000803, 0.003106, 0.000552, 0.996787, 0.080091, -0.003160, -0.080089, 0.996783),

              ["LeftFoot"] = CFrame.new(0.000000, 0.030299, -0.000002, 0.993209, -0.089002, -0.074941, 0.018836, 0.758597, -0.651313, 0.114811, 0.645452, 0.755100),

              ["LeftHand"] = CFrame.new(0.000484, 0.024709, -0.000000, 0.991089, -0.115303, 0.066695, 0.072314, 0.886239, 0.457553, -0.111864, -0.448649, 0.886678),

              ["LeftLowerArm"] = CFrame.new(-0.000499, 0.118551, 0.082923, 1.000000, -0.000000, 0.000000, 0.000000, 0.143151, -0.989701, 0.000000, 0.989701, 0.143151),

              ["LeftLowerLeg"] = CFrame.new(-0.000000, 0.121633, -0.071280, 1.000000, -0.000000, -0.000000, 0.000000, 0.262361, 0.964974, -0.000000, -0.964970, 0.262346),

              ["LeftUpperArm"] = CFrame.new(-0.010703, -0.099440, -0.026460, 0.978594, 0.205799, 0.000169, -0.198879, 0.945898, -0.256369, -0.052920, 0.250848, 0.966579),

              ["LeftUpperLeg"] = CFrame.new(0.000000, -0.000000, -0.000100, 0.991697, 0.125620, 0.027526, -0.107957, 0.929515, -0.352604, -0.069880, 0.346729, 0.935368),

              ["LowerTorso"] = CFrame.new(0.098678, -0.533405, -0.124613, 0.999829, -0.003859, -0.018104, -0.000506, 0.971964, -0.235128, 0.018504, 0.235097, 0.971796),

              ["RightFoot"] = CFrame.new(0.000000, 0.030509, -0.000102, 0.990867, 0.103153, 0.086856, -0.023902, 0.768247, -0.639733, -0.132709, 0.631788, 0.763674),

              ["RightHand"] = CFrame.new(-0.000485, 0.023610, -0.000000, 0.993650, 0.097433, -0.056279, -0.080197, 0.964097, 0.253154, 0.078923, -0.247031, 0.965788),

              ["RightLowerArm"] = CFrame.new(-0.000001, 0.114722, 0.068174, 1.000000, 0.000000, 0.000000, -0.000000, 0.296188, -0.955130, -0.000000, 0.955130, 0.296188),

              ["RightLowerLeg"] = CFrame.new(0.000000, 0.121473, -0.071512, 1.000000, 0.000000, 0.000000, -0.000000, 0.260991, 0.965345, 0.000000, -0.965341, 0.260976),

              ["RightUpperArm"] = CFrame.new(0.007376, -0.075547, -0.040172, 0.985249, -0.169302, -0.024933, 0.151094, 0.929029, -0.337750, 0.080345, 0.329001, 0.940906),

              ["RightUpperLeg"] = CFrame.new(-0.000000, -0.000000, 0.000000, 0.992251, -0.124187, 0.003845, 0.116856, 0.922262, -0.368456, 0.042212, 0.366074, 0.929637),

              ["UpperTorso"] = CFrame.new(0.004721, 0.114670, 0.069187, 0.999859, -0.015670, 0.005996, 0.013265, 0.957120, 0.289389, -0.010274, -0.289269, 0.957193)

          }},

          {Time = 0.118, Data = {

              ["Head"] = CFrame.new(-0.000000, 0.000000, -0.000000, 0.999993, -0.000996, 0.003726, 0.000633, 0.995355, 0.096267, -0.003805, -0.096264, 0.995349),

              ["LeftFoot"] = CFrame.new(-0.000000, 0.030382, -0.000002, 0.993824, -0.084888, -0.071476, 0.023315, 0.789446, -0.613403, 0.108490, 0.607923, 0.786529),

              ["LeftHand"] = CFrame.new(0.000484, 0.024189, -0.000000, 0.992935, -0.102765, 0.059325, 0.061070, 0.871239, 0.487049, -0.101736, -0.479981, 0.871358),

              ["LeftLowerArm"] = CFrame.new(-0.000499, 0.116558, 0.074103, 1.000000, -0.000000, 0.000000, 0.000000, 0.234645, -0.972081, 0.000000, 0.972081, 0.234645),

              ["LeftLowerLeg"] = CFrame.new(-0.000000, 0.121988, -0.072449, 1.000000, -0.000000, -0.000000, 0.000000, 0.250231, 0.968190, -0.000000, -0.968186, 0.250216),

              ["LeftUpperArm"] = CFrame.new(-0.010088, -0.097656, -0.021208, 0.979824, 0.197889, -0.028023, -0.195311, 0.918289, -0.344381, -0.042416, 0.342906, 0.938412),

              ["LeftUpperLeg"] = CFrame.new(0.000000, 0.000000, -0.000100, 0.992135, 0.124438, 0.013509, -0.102074, 0.866806, -0.488064, -0.072444, 0.482869, 0.872703),

              ["LowerTorso"] = CFrame.new(0.098748, -0.532461, -0.058804, 0.999867, -0.007567, -0.014467, 0.005335, 0.988894, -0.148528, 0.015430, 0.148431, 0.988802),

              ["RightFoot"] = CFrame.new(0.000000, 0.030514, -0.000102, 0.991747, 0.098078, 0.082583, -0.029244, 0.800154, -0.599106, -0.124830, 0.591722, 0.796399),

              ["RightHand"] = CFrame.new(-0.000485, 0.022456, 0.000000, 0.994919, 0.087235, -0.050265, -0.070801, 0.961168, 0.266729, 0.071580, -0.261812, 0.962460),

              ["RightLowerArm"] = CFrame.new(-0.000000, 0.109680, 0.056949, 1.000000, 0.000000, 0.000000, -0.000000, 0.412688, -0.910872, -0.000000, 0.910873, 0.412688),

              ["RightLowerLeg"] = CFrame.new(-0.000000, 0.121500, -0.071598, 1.000000, 0.000000, 0.000000, -0.000000, 0.260098, 0.965586, 0.000000, -0.965582, 0.260083),

              ["RightUpperArm"] = CFrame.new(0.006381, -0.072561, -0.032797, 0.987237, -0.159211, 0.003797, 0.145121, 0.889536, -0.433204, 0.065593, 0.428227, 0.901288),

              ["RightUpperLeg"] = CFrame.new(-0.000000, 0.000000, -0.000000, 0.993412, -0.114507, 0.004589, 0.101741, 0.862801, -0.495179, 0.052742, 0.492405, 0.868779),

              ["UpperTorso"] = CFrame.new(0.004066, 0.102493, 0.044597, 0.999946, -0.010171, 0.002358, 0.009543, 0.981977, 0.188758, -0.004235, -0.188726, 0.982021)

          }},

          {Time = 0.132, Data = {

              ["Head"] = CFrame.new(0.000000, 0.000000, -0.000000, 0.999990, -0.001200, 0.004349, 0.000703, 0.993647, 0.112543, -0.004456, -0.112539, 0.993637),

              ["LeftFoot"] = CFrame.new(-0.000000, 0.030407, -0.000002, 0.994357, -0.081153, -0.068332, 0.027823, 0.821033, -0.570228, 0.102373, 0.565084, 0.818640),

              ["LeftHand"] = CFrame.new(0.000485, 0.023252, 0.000000, 0.994401, -0.091572, 0.052750, 0.052523, 0.861393, 0.505220, -0.091701, -0.499616, 0.861377),

              ["LeftLowerArm"] = CFrame.new(-0.000500, 0.112990, 0.064192, 1.000000, -0.000000, -0.000000, 0.000000, 0.337580, -0.941297, 0.000000, 0.941297, 0.337580),

              ["LeftLowerLeg"] = CFrame.new(-0.000000, 0.122089, -0.072792, 1.000000, -0.000000, -0.000000, 0.000000, 0.246672, 0.969103, -0.000000, -0.969099, 0.246658),

              ["LeftUpperArm"] = CFrame.new(-0.009556, -0.095892, -0.016423, 0.980887, 0.186944, -0.053962, -0.191784, 0.882069, -0.430317, -0.032847, 0.432442, 0.901064),

              ["LeftUpperLeg"] = CFrame.new(0.000000, -0.000000, -0.000100, 0.992492, 0.122307, 0.000194, -0.096818, 0.786606, -0.609797, -0.074736, 0.605220, 0.792557),

              ["LowerTorso"] = CFrame.new(0.098957, -0.529979, 0.007085, 0.999865, -0.011788, -0.011471, 0.011079, 0.998133, -0.060058, 0.012158, 0.059923, 0.998129),

              ["RightFoot"] = CFrame.new(-0.000000, 0.030466, -0.000102, 0.992540, 0.093263, 0.078529, -0.034341, 0.831872, -0.553929, -0.116980, 0.547075, 0.828852),

              ["RightHand"] = CFrame.new(-0.000486, 0.020632, 0.000000, 0.995997, 0.077510, -0.044533, -0.062744, 0.961002, 0.269331, 0.063672, -0.265456, 0.962017),

              ["RightLowerArm"] = CFrame.new(-0.000000, 0.101925, 0.045151, 1.000000, 0.000000, 0.000000, -0.000000, 0.535166, -0.844746, -0.000000, 0.844747, 0.535167),

              ["RightLowerLeg"] = CFrame.new(0.000000, 0.121290, -0.070926, 1.000000, 0.000000, 0.000000, -0.000000, 0.267072, 0.963681, 0.000000, -0.963677, 0.267058),

              ["RightUpperArm"] = CFrame.new(0.005573, -0.069787, -0.025915, 0.988855, -0.145888, 0.029721, 0.139572, 0.838849, -0.526167, 0.051830, 0.524452, 0.849862),

              ["RightUpperLeg"] = CFrame.new(0.000000, -0.000000, -0.000000, 0.994394, -0.105674, 0.003768, 0.086094, 0.788408, -0.609078, 0.061393, 0.606008, 0.793101),

              ["UpperTorso"] = CFrame.new(0.003670, 0.096929, 0.019265, 0.999991, -0.004117, -0.001387, 0.004220, 0.996393, 0.084756, 0.001033, -0.084761, 0.996401)

          }},

          {Time = 0.145, Data = {

              ["Head"] = CFrame.new(-0.000000, -0.000000, -0.000000, 0.999987, -0.001412, 0.004958, 0.000763, 0.991704, 0.128538, -0.005098, -0.128533, 0.991692),

              ["LeftFoot"] = CFrame.new(-0.000000, 0.030379, -0.000002, 0.994805, -0.077874, -0.065571, 0.032140, 0.851399, -0.523557, 0.096593, 0.518706, 0.849463),

              ["LeftHand"] = CFrame.new(0.000486, 0.022061, -0.000001, 0.995521, -0.081968, 0.047112, 0.046444, 0.858048, 0.511469, -0.082347, -0.506986, 0.858009),

              ["LeftLowerArm"] = CFrame.new(-0.000500, 0.107544, 0.053458, 1.000000, -0.000000, -0.000000, 0.000000, 0.448956, -0.893554, 0.000000, 0.893554, 0.448957),

              ["LeftLowerLeg"] = CFrame.new(-0.000000, 0.121975, -0.072406, 1.000000, -0.000000, -0.000000, 0.000000, 0.250680, 0.968074, -0.000000, -0.968070, 0.250666),

              ["LeftUpperArm"] = CFrame.new(-0.009098, -0.094166, -0.012160, 0.981804, 0.173526, -0.077128, -0.188331, 0.837767, -0.512521, -0.024320, 0.517721, 0.855204),

              ["LeftUpperLeg"] = CFrame.new(0.000000, 0.000000, -0.000100, 0.992763, 0.119481, -0.012098, -0.092272, 0.694404, -0.713628, -0.076864, 0.709597, 0.700420),

              ["LowerTorso"] = CFrame.new(0.099287, -0.526596, 0.071329, 0.999824, -0.016338, -0.009225, 0.016587, 0.999483, 0.027540, 0.008771, -0.027688, 0.999578),

              ["RightFoot"] = CFrame.new(0.000000, 0.030350, -0.000102, 0.993232, 0.088848, 0.074811, -0.038959, 0.861629, -0.506065, -0.109415, 0.499702, 0.859245),

              ["RightHand"] = CFrame.new(-0.000488, 0.017844, 0.000000, 0.996910, 0.068173, -0.039037, -0.055695, 0.963782, 0.260813, 0.055403, -0.257830, 0.964600),

              ["RightLowerArm"] = CFrame.new(0.000000, 0.090831, 0.033379, 1.000000, 0.000000, 0.000000, -0.000000, 0.657296, -0.753632, -0.000000, 0.753632, 0.657297),

              ["RightLowerLeg"] = CFrame.new(0.000000, 0.120853, -0.069629, 1.000000, 0.000000, 0.000000, -0.000000, 0.280540, 0.959847, 0.000000, -0.959842, 0.280526),

              ["RightUpperArm"] = CFrame.new(0.004930, -0.067254, -0.019554, 0.990141, -0.129912, 0.052388, 0.134507, 0.777359, -0.614508, 0.039107, 0.615496, 0.787169),

              ["RightUpperLeg"] = CFrame.new(0.000000, 0.000000, -0.000000, 0.995187, -0.097980, 0.001679, 0.070502, 0.703969, -0.706706, 0.068062, 0.703440, 0.707505),

              ["UpperTorso"] = CFrame.new(0.003559, 0.098516, -0.005174, 0.999984, 0.002464, -0.005160, -0.002563, 0.999813, -0.019161, 0.005112, 0.019174, 0.999803)

          }},

          {Time = 0.158, Data = {

              ["Head"] = CFrame.new(-0.000000, -0.000000, 0.000000, 0.999983, -0.001624, 0.005540, 0.000810, 0.989595, 0.143877, -0.005716, -0.143870, 0.989580),

              ["LeftFoot"] = CFrame.new(0.000000, 0.030305, -0.000002, 0.995175, -0.075056, -0.063199, 0.036135, 0.879182, -0.475137, 0.091219, 0.470537, 0.877640),

              ["LeftHand"] = CFrame.new(0.000487, 0.020163, 0.000000, 0.996361, -0.073944, 0.042403, 0.042328, 0.861000, 0.506844, -0.073987, -0.503201, 0.860994),

              ["LeftLowerArm"] = CFrame.new(-0.000500, 0.099665, 0.042551, 1.000000, -0.000000, -0.000000, 0.000000, 0.562169, -0.827022, 0.000000, 0.827022, 0.562170),

              ["LeftLowerLeg"] = CFrame.new(-0.000000, 0.121660, -0.071370, 1.000000, -0.000000, -0.000000, 0.000000, 0.261427, 0.965227, -0.000000, -0.965223, 0.261413),

              ["LeftUpperArm"] = CFrame.new(-0.008703, -0.092502, -0.008424, 0.982594, 0.158358, -0.097122, -0.185003, 0.786746, -0.588901, -0.016847, 0.596619, 0.802348),

              ["LeftUpperLeg"] = CFrame.new(-0.000000, -0.000000, -0.000100, 0.992955, 0.116220, -0.023107, -0.088413, 0.596796, -0.797493, -0.078895, 0.793932, 0.602885),

              ["LowerTorso"] = CFrame.new(0.099725, -0.522452, 0.132444, 0.999749, -0.021003, -0.007760, 0.021737, 0.993522, 0.111540, 0.005367, -0.111681, 0.993730),

              ["RightFoot"] = CFrame.new(0.000000, 0.030083, -0.000102, 0.993827, 0.084870, 0.071462, -0.042975, 0.888280, -0.457309, -0.102284, 0.451393, 0.886432),

              ["RightHand"] = CFrame.new(-0.000491, 0.013398, -0.000000, 0.997668, 0.059286, -0.033811, -0.049379, 0.968999, 0.242082, 0.047114, -0.239845, 0.969667),

              ["RightLowerArm"] = CFrame.new(0.000000, 0.075698, 0.022483, 1.000000, 0.000000, 0.000000, -0.000000, 0.770252, -0.637739, -0.000000, 0.637740, 0.770252),

              ["RightLowerLeg"] = CFrame.new(0.000000, 0.120139, -0.067833, 1.000000, 0.000000, 0.000000, -0.000000, 0.299250, 0.954179, 0.000000, -0.954175, 0.299236),

              ["RightUpperArm"] = CFrame.new(0.004428, -0.064955, -0.013765, 0.991144, -0.112024, 0.071306, 0.129908, 0.706637, -0.695549, 0.027531, 0.698652, 0.714932),

              ["RightUpperLeg"] = CFrame.new(-0.000000, -0.000000, -0.000000, 0.995806, -0.091487, -0.001329, 0.055467, 0.615149, -0.786443, 0.072767, 0.783085, 0.617661),

              ["UpperTorso"] = CFrame.new(0.003715, 0.106427, -0.027288, 0.999917, 0.009341, -0.008910, -0.010338, 0.992799, -0.119349, 0.007731, 0.119431, 0.992812)

          }},

          {Time = 0.171, Data = {

              ["Head"] = CFrame.new(0.000000, 0.000000, -0.000000, 0.999980, -0.001831, 0.006081, 0.000846, 0.987409, 0.158186, -0.006294, -0.158177, 0.987391),

              ["LeftFoot"] = CFrame.new(-0.000000, 0.030194, -0.000002, 0.995475, -0.072690, -0.061207, 0.039708, 0.903363, -0.427055, 0.086329, 0.422671, 0.902152),

              ["LeftHand"] = CFrame.new(0.000489, 0.017533, -0.000000, 0.996980, -0.067407, 0.038570, 0.039730, 0.869410, 0.492495, -0.066730, -0.489471, 0.869460),

              ["LeftLowerArm"] = CFrame.new(-0.000500, 0.089235, 0.032088, 1.000000, -0.000000, -0.000000, 0.000000, 0.670681, -0.741746, 0.000000, 0.741746, 0.670681),

              ["LeftLowerLeg"] = CFrame.new(0.000000, 0.121171, -0.069836, 1.000000, -0.000000, -0.000000, 0.000000, 0.277336, 0.960777, -0.000000, -0.960773, 0.277322),

              ["LeftUpperArm"] = CFrame.new(-0.008363, -0.090918, -0.005201, 0.983274, 0.142165, -0.113850, -0.181837, 0.730547, -0.658207, -0.010402, 0.667900, 0.744179),

              ["LeftUpperLeg"] = CFrame.new(0.000000, -0.000000, -0.000100, 0.993079, 0.112813, -0.032679, -0.085189, 0.500290, -0.861645, -0.080856, 0.858477, 0.506458),

              ["LowerTorso"] = CFrame.new(0.100244, -0.517834, 0.188999, 0.999649, -0.025554, -0.007026, 0.026422, 0.981548, 0.189383, 0.002056, -0.189502, 0.981878),

              ["RightFoot"] = CFrame.new(0.000000, 0.029762, -0.000102, 0.994327, 0.081364, 0.068510, -0.046337, 0.911114, -0.409562, -0.095738, 0.404043, 0.909706),

              ["RightHand"] = CFrame.new(-0.000494, 0.009298, -0.000000, 0.998285, 0.050911, -0.028886, -0.043851, 0.977345, 0.207064, 0.038773, -0.205440, 0.977901),

              ["RightLowerArm"] = CFrame.new(0.000000, 0.057226, 0.012446, 1.000000, 0.000000, 0.000000, -0.000000, 0.873274, -0.487230, -0.000000, 0.487230, 0.873274),

              ["RightLowerLeg"] = CFrame.new(0.000000, 0.119229, -0.065678, 1.000000, 0.000000, 0.000000, -0.000000, 0.321692, 0.946849, 0.000000, -0.946844, 0.321678),

              ["RightUpperArm"] = CFrame.new(0.004042, -0.062865, -0.008587, 0.991916, -0.092410, 0.086967, 0.125730, 0.622952, -0.772089, 0.017173, 0.776783, 0.629535),

              ["RightUpperLeg"] = CFrame.new(0.000000, -0.000000, -0.000000, 0.996269, -0.086168, -0.004891, 0.041471, 0.527624, -0.848453, 0.075690, 0.845097, 0.529248),

              ["UpperTorso"] = CFrame.new(0.004093, 0.119276, -0.045996, 0.999789, 0.016246, -0.012563, -0.018544, 0.977013, -0.212373, 0.008825, 0.212561, 0.977108)

          }},

          {Time = 0.184, Data = {

              ["Head"] = CFrame.new(0.000000, 0.000000, 0.000000, 0.999976, -0.002024, 0.006568, 0.000870, 0.985254, 0.171098, -0.006817, -0.171088, 0.985232),

              ["LeftFoot"] = CFrame.new(0.000000, 0.029935, -0.000002, 0.995712, -0.070770, -0.059590, 0.042770, 0.923254, -0.381822, 0.082033, 0.377616, 0.922313),

              ["LeftHand"] = CFrame.new(0.000491, 0.013736, 0.000000, 0.997428, -0.062249, 0.035544, 0.038224, 0.881358, 0.470905, -0.060640, -0.468331, 0.881468),

              ["LeftLowerArm"] = CFrame.new(-0.000500, 0.076250, 0.022844, 1.000000, -0.000000, -0.000000, 0.000000, 0.766497, -0.642247, 0.000000, 0.642248, 0.766497),

              ["LeftLowerLeg"] = CFrame.new(-0.000000, 0.120479, -0.068079, 1.000000, -0.000000, -0.000000, 0.000000, 0.295652, 0.955300, -0.000000, -0.955296, 0.295638),

              ["LeftUpperArm"] = CFrame.new(-0.008068, -0.089427, -0.002476, 0.983863, 0.125846, -0.127183, -0.178853, 0.672069, -0.718564, -0.004953, 0.729717, 0.683732),

              ["LeftUpperLeg"] = CFrame.new(0.000000, -0.000001, -0.000100, 0.993146, 0.109529, -0.040791, -0.082546, 0.410206, -0.908240, -0.082746, 0.905392, 0.416456),

              ["LowerTorso"] = CFrame.new(0.100802, -0.513346, 0.239597, 0.999533, -0.029775, -0.006904, 0.030547, 0.965449, 0.258796, -0.001040, -0.258886, 0.965907),

              ["RightFoot"] = CFrame.new(0.000000, 0.029422, -0.000102, 0.994738, 0.078371, 0.065990, -0.049034, 0.929715, -0.365020, -0.089953, 0.359844, 0.928658),

              ["RightHand"] = CFrame.new(-0.000496, 0.005940, 0.000000, 0.998776, 0.043084, -0.024282, -0.039051, 0.988316, 0.147333, 0.030346, -0.146202, 0.988789),

              ["RightLowerArm"] = CFrame.new(0.000000, 0.034213, 0.004094, 1.000000, 0.000000, 0.000000, -0.000000, 0.958254, -0.285917, -0.000000, 0.285917, 0.958254),

              ["RightLowerLeg"] = CFrame.new(-0.000000, 0.118202, -0.063399, 1.000000, 0.000000, 0.000000, -0.000000, 0.345416, 0.938455, 0.000000, -0.938450, 0.345402),

              ["RightUpperArm"] = CFrame.new(0.003748, -0.060969, -0.004033, 0.992505, -0.070686, 0.099685, 0.121937, 0.519001, -0.846032, 0.008066, 0.851846, 0.523730),

              ["RightUpperLeg"] = CFrame.new(0.000000, -0.000000, -0.000000, 0.996599, -0.081959, -0.008609, 0.028961, 0.446100, -0.894504, 0.077153, 0.891223, 0.446976),

              ["UpperTorso"] = CFrame.new(0.004641, 0.135456, -0.060605, 0.999609, 0.022936, -0.016007, -0.026642, 0.955044, -0.295263, 0.008515, 0.295574, 0.955282)

          }},

          {Time = 0.197, Data = {

              ["Head"] = CFrame.new(-0.000000, -0.000000, 0.000000, 0.999973, -0.002197, 0.006987, 0.000886, 0.983252, 0.182252, -0.007271, -0.182241, 0.983227),

              ["LeftFoot"] = CFrame.new(-0.000000, 0.029678, -0.000002, 0.995889, -0.069291, -0.058345, 0.045286, 0.938681, -0.341818, 0.078447, 0.337752, 0.937953),

              ["LeftHand"] = CFrame.new(0.000493, 0.010124, 0.000000, 0.997742, -0.058353, 0.033259, 0.037718, 0.896505, 0.441428, -0.055575, -0.439173, 0.896680),

              ["LeftLowerArm"] = CFrame.new(-0.000500, 0.061976, 0.014909, 1.000000, -0.000000, -0.000000, 0.000000, 0.848148, -0.529758, 0.000000, 0.529759, 0.848149),

              ["LeftLowerLeg"] = CFrame.new(-0.000000, 0.119764, -0.066356, 1.000000, -0.000000, -0.000000, 0.000000, 0.313596, 0.949561, -0.000000, -0.949557, 0.313582),

              ["LeftUpperArm"] = CFrame.new(-0.007811, -0.088031, -0.000237, 0.984379, 0.109800, -0.137627, -0.176060, 0.611806, -0.771165, -0.000473, 0.783350, 0.621581),

