return {
["ice twerk 11"] = {

          {Time = 0.000, Data = {

              ["Head"] = CFrame.new(0.000000, -0.000000, -0.037336, 0.504647, 0.099635, -0.857557, -0.250736, 0.967417, -0.035152, 0.826113, 0.232760, 0.513186),

              ["LeftFoot"] = CFrame.new(0.000000, 0.014689, -0.000003, 0.996455, -0.064350, -0.054186, 0.058963, 0.993654, -0.095801, 0.060002, 0.092250, 0.993925),

              ["LeftHand"] = CFrame.new(0.000500, 0.000100, 0.000000, 0.817868, -0.498613, -0.287191, 0.575011, 0.689724, 0.440053, -0.021333, -0.525039, 0.850809),

              ["LeftLowerArm"] = CFrame.new(-0.000500, 0.059354, 0.019519, 1.000000, -0.000000, -0.000000, 0.000000, 0.804213, -0.594342, 0.000000, 0.594342, 0.804213),

              ["LeftLowerLeg"] = CFrame.new(-0.000000, 0.073104, -0.019132, 1.000000, -0.000000, 0.000000, 0.000000, 0.804189, 0.594377, -0.000000, -0.594374, 0.804186),

              ["LeftUpperArm"] = CFrame.new(-0.179280, 0.013321, 0.053968, 0.611143, 0.144002, -0.778311, -0.085153, 0.989566, 0.116225, 0.786927, -0.004754, 0.617028),

              ["LeftUpperLeg"] = CFrame.new(-0.016848, -0.076459, 0.194019, 0.954904, -0.163586, 0.247784, 0.266936, 0.838412, -0.475167, -0.130013, 0.519909, 0.844286),

              ["LowerTorso"] = CFrame.new(-0.238498, -0.313964, 0.156622, 0.941200, 0.329371, -0.075207, -0.329101, 0.944154, 0.016321, 0.076383, 0.009389, 0.997034),

              ["RightFoot"] = CFrame.new(-0.000000, 0.019696, -0.000103, 0.812419, 0.446031, 0.375565, -0.298641, 0.871491, -0.389010, -0.500788, 0.203863, 0.841203),

              ["RightHand"] = CFrame.new(-0.000500, 0.000000, -0.000000, 0.837744, 0.263797, 0.478120, -0.393803, 0.898422, 0.194315, -0.378291, -0.351068, 0.856530),

              ["RightLowerArm"] = CFrame.new(-0.007253, -0.023644, 0.011730, 1.000000, 0.000000, 0.000000, -0.000000, 0.997046, 0.076809, -0.000000, -0.076810, 0.997046),

              ["RightLowerLeg"] = CFrame.new(0.000000, 0.087846, -0.028301, 1.000000, 0.000000, 0.000000, -0.000000, 0.710343, 0.703859, 0.000000, -0.703856, 0.710339),

              ["RightUpperArm"] = CFrame.new(0.240564, -0.234192, 0.201432, 0.435167, -0.166013, 0.884912, 0.209256, 0.974588, 0.079933, -0.875695, 0.150390, 0.458848),

              ["RightUpperLeg"] = CFrame.new(-0.000707, 0.069129, 0.089835, 0.696042, -0.664588, 0.271735, 0.703380, 0.555154, -0.443904, 0.144160, 0.500127, 0.853879),

              ["UpperTorso"] = CFrame.new(0.084973, 0.086553, 0.023078, 0.939952, -0.341308, 0.000258, 0.333970, 0.919898, 0.205552, -0.070394, -0.193123, 0.978646)

          }},

          {Time = 0.017, Data = {

              ["Head"] = CFrame.new(0.000000, -0.000000, -0.037336, 0.504664, 0.099611, -0.857550, -0.246810, 0.968510, -0.032746, 0.827284, 0.228178, 0.513357),

              ["LeftFoot"] = CFrame.new(-0.000000, 0.016574, -0.000003, 0.995906, -0.069150, -0.058228, 0.059673, 0.986702, -0.151210, 0.067904, 0.147099, 0.986785),

              ["LeftHand"] = CFrame.new(0.000500, 0.000100, 0.000000, 0.817868, -0.498613, -0.287191, 0.575011, 0.689724, 0.440053, -0.021333, -0.525039, 0.850809),

              ["LeftLowerArm"] = CFrame.new(-0.000500, 0.060357, 0.020269, 1.000000, -0.000000, -0.000000, 0.000000, 0.796705, -0.604369, 0.000000, 0.604368, 0.796705),

              ["LeftLowerLeg"] = CFrame.new(0.000000, 0.079329, -0.022670, 1.000000, -0.000000, -0.000000, 0.000000, 0.767697, 0.640819, -0.000000, -0.640813, 0.767692),

              ["LeftUpperArm"] = CFrame.new(-0.178816, 0.013462, 0.054445, 0.611200, 0.144418, -0.778189, -0.085068, 0.989503, 0.116821, 0.786891, -0.005202, 0.617070),

              ["LeftUpperLeg"] = CFrame.new(-0.021630, -0.095648, 0.168326, 0.954527, -0.152130, 0.256387, 0.254831, 0.862680, -0.436827, -0.154725, 0.482327, 0.862234),

              ["LowerTorso"] = CFrame.new(-0.221638, -0.306655, 0.143682, 0.940591, 0.324781, -0.099030, -0.328745, 0.944053, -0.026295, 0.084950, 0.057288, 0.994737),

              ["RightFoot"] = CFrame.new(-0.000000, 0.023169, -0.000103, 0.797330, 0.461690, 0.388749, -0.282640, 0.854718, -0.435413, -0.533272, 0.237274, 0.811966),

              ["RightHand"] = CFrame.new(-0.000500, 0.000000, 0.000000, 0.837744, 0.263796, 0.478120, -0.393803, 0.898422, 0.194315, -0.378291, -0.351068, 0.856530),

              ["RightLowerArm"] = CFrame.new(-0.007253, -0.023644, 0.011730, 1.000000, 0.000000, 0.000000, -0.000000, 0.997046, 0.076809, -0.000000, -0.076810, 0.997046),

              ["RightLowerLeg"] = CFrame.new(0.000000, 0.097763, -0.035917, 1.000000, 0.000000, 0.000000, -0.000000, 0.631124, 0.775688, 0.000000, -0.775682, 0.631117),

              ["RightUpperArm"] = CFrame.new(0.240564, -0.234192, 0.201432, 0.435167, -0.166013, 0.884912, 0.209256, 0.974588, 0.079932, -0.875695, 0.150390, 0.458848),

              ["RightUpperLeg"] = CFrame.new(0.005098, 0.004844, 0.087529, 0.682717, -0.660443, 0.312575, 0.720533, 0.537463, -0.438126, 0.121362, 0.524356, 0.842818),

              ["UpperTorso"] = CFrame.new(0.072926, 0.075379, 0.013627, 0.939524, -0.342331, 0.010155, 0.329252, 0.910996, 0.248354, -0.094271, -0.229991, 0.968616)

          }},

          {Time = 0.033, Data = {

              ["Head"] = CFrame.new(-0.000000, -0.000000, -0.037336, 0.504679, 0.099588, -0.857544, -0.243089, 0.969525, -0.030469, 0.828376, 0.223836, 0.513508),

              ["LeftFoot"] = CFrame.new(-0.000000, 0.018324, -0.000003, 0.994983, -0.076527, -0.064439, 0.061877, 0.976864, -0.204735, 0.078610, 0.199702, 0.976694),

              ["LeftHand"] = CFrame.new(0.000500, 0.000100, 0.000000, 0.817868, -0.498613, -0.287191, 0.575011, 0.689724, 0.440053, -0.021333, -0.525039, 0.850808),

              ["LeftLowerArm"] = CFrame.new(-0.000500, 0.061365, 0.021042, 1.000000, -0.000000, -0.000000, 0.000000, 0.788962, -0.614442, 0.000000, 0.614441, 0.788962),

              ["LeftLowerLeg"] = CFrame.new(-0.000000, 0.084571, -0.025887, 1.000000, -0.000000, -0.000000, 0.000000, 0.734376, 0.678749, -0.000000, -0.678743, 0.734371),

              ["LeftUpperArm"] = CFrame.new(-0.177955, 0.013906, 0.054659, 0.612040, 0.144676, -0.777480, -0.084381, 0.989458, 0.117696, 0.786312, -0.006431, 0.617796),

              ["LeftUpperLeg"] = CFrame.new(-0.026394, -0.114766, 0.142725, 0.955079, -0.136622, 0.262978, 0.234969, 0.889866, -0.391030, -0.180591, 0.435286, 0.882008),

              ["LowerTorso"] = CFrame.new(-0.202468, -0.298773, 0.130534, 0.940926, 0.315558, -0.122804, -0.325419, 0.942948, -0.070368, 0.093593, 0.106174, 0.989933),

              ["RightFoot"] = CFrame.new(-0.000000, 0.025549, -0.000103, 0.782523, 0.476284, 0.401038, -0.262508, 0.836416, -0.481157, -0.564577, 0.271222, 0.779523),

              ["RightHand"] = CFrame.new(-0.000500, -0.000000, 0.000000, 0.837744, 0.263796, 0.478120, -0.393803, 0.898422, 0.194315, -0.378291, -0.351068, 0.856530),

              ["RightLowerArm"] = CFrame.new(-0.007253, -0.023644, 0.011730, 1.000000, 0.000000, 0.000000, -0.000000, 0.997046, 0.076809, -0.000000, -0.076810, 0.997046),

              ["RightLowerLeg"] = CFrame.new(0.000000, 0.105439, -0.043725, 1.000000, 0.000000, 0.000000, -0.000000, 0.549983, 0.835182, 0.000000, -0.835176, 0.549973),

              ["RightUpperArm"] = CFrame.new(0.240564, -0.234192, 0.201432, 0.435167, -0.166013, 0.884912, 0.209256, 0.974588, 0.079932, -0.875695, 0.150390, 0.458848),

              ["RightUpperLeg"] = CFrame.new(0.010892, -0.058378, 0.085401, 0.672237, -0.653917, 0.347101, 0.734133, 0.528228, -0.426630, 0.095635, 0.541634, 0.835169),

              ["UpperTorso"] = CFrame.new(0.060583, 0.063045, 0.005328, 0.940063, -0.340368, 0.020780, 0.319904, 0.901366, 0.291892, -0.118081, -0.267749, 0.956226)

          }},

          {Time = 0.050, Data = {

              ["Head"] = CFrame.new(-0.000000, 0.000000, -0.037336, 0.504694, 0.099567, -0.857537, -0.239567, 0.970467, -0.028316, 0.829392, 0.219729, 0.513642),

              ["LeftFoot"] = CFrame.new(-0.000000, 0.019751, -0.000003, 0.993530, -0.086877, -0.073153, 0.065545, 0.964612, -0.255417, 0.092748, 0.248950, 0.964060),

              ["LeftHand"] = CFrame.new(0.000500, 0.000100, 0.000000, 0.817868, -0.498613, -0.287191, 0.575011, 0.689724, 0.440053, -0.021333, -0.525039, 0.850809),

              ["LeftLowerArm"] = CFrame.new(-0.000500, 0.062372, 0.021835, 1.000000, -0.000000, -0.000000, 0.000000, 0.781024, -0.624501, 0.000000, 0.624501, 0.781024),

              ["LeftLowerLeg"] = CFrame.new(0.000000, 0.088762, -0.028700, 1.000000, -0.000000, -0.000000, 0.000000, 0.705180, 0.709035, -0.000000, -0.709028, 0.705173),

              ["LeftUpperArm"] = CFrame.new(-0.176732, 0.014627, 0.054628, 0.613596, 0.144783, -0.776234, -0.083144, 0.989428, 0.118824, 0.785231, -0.008371, 0.619146),

              ["LeftUpperLeg"] = CFrame.new(-0.031077, -0.133563, 0.117554, 0.956478, -0.116325, 0.267616, 0.206570, 0.917676, -0.339378, -0.206106, 0.379920, 0.901778),

              ["LowerTorso"] = CFrame.new(-0.181091, -0.290371, 0.117660, 0.942328, 0.301574, -0.145156, -0.318811, 0.940809, -0.115055, 0.101866, 0.154697, 0.982696),

              ["RightFoot"] = CFrame.new(0.000000, 0.027384, -0.000102, 0.769546, 0.488500, 0.411323, -0.238160, 0.817157, -0.524930, -0.592519, 0.305978, 0.745159),

              ["RightHand"] = CFrame.new(-0.000500, -0.000000, -0.000000, 0.837744, 0.263796, 0.478120, -0.393803, 0.898422, 0.194315, -0.378291, -0.351068, 0.856530),

              ["RightLowerArm"] = CFrame.new(-0.007253, -0.023644, 0.011730, 1.000000, 0.000000, 0.000000, -0.000000, 0.997046, 0.076809, -0.000000, -0.076810, 0.997046),

              ["RightLowerLeg"] = CFrame.new(0.000000, 0.111342, -0.051279, 1.000000, 0.000000, 0.000000, -0.000000, 0.471422, 0.881914, 0.000000, -0.881908, 0.471410),

              ["RightUpperArm"] = CFrame.new(0.240564, -0.234191, 0.201432, 0.435167, -0.166013, 0.884912, 0.209256, 0.974588, 0.079933, -0.875695, 0.150390, 0.458848),

              ["RightUpperLeg"] = CFrame.new(0.016585, -0.118588, 0.083663, 0.666254, -0.645563, 0.373286, 0.742704, 0.529419, -0.409994, 0.067055, 0.550421, 0.832204),

              ["UpperTorso"] = CFrame.new(0.047971, 0.049850, -0.001542, 0.941683, -0.335005, 0.031715, 0.305793, 0.891271, 0.334852, -0.140444, -0.305626, 0.941737)

          }},

          {Time = 0.067, Data = {

              ["Head"] = CFrame.new(0.000000, 0.000000, -0.037336, 0.504708, 0.099546, -0.857532, -0.236243, 0.971338, -0.026285, 0.830337, 0.215852, 0.513759),

              ["LeftFoot"] = CFrame.new(-0.000000, 0.020978, -0.000003, 0.991345, -0.100423, -0.084559, 0.070566, 0.950745, -0.301857, 0.110701, 0.293256, 0.949596),

              ["LeftHand"] = CFrame.new(0.000500, 0.000100, -0.000000, 0.817868, -0.498613, -0.287191, 0.575011, 0.689724, 0.440053, -0.021334, -0.525039, 0.850809),

              ["LeftLowerArm"] = CFrame.new(-0.000500, 0.063371, 0.022643, 1.000000, -0.000000, -0.000000, 0.000000, 0.772933, -0.634488, 0.000000, 0.634488, 0.772933),

              ["LeftLowerLeg"] = CFrame.new(-0.000000, 0.092056, -0.030994, 1.000000, -0.000000, -0.000000, 0.000000, 0.681278, 0.732032, -0.000000, -0.732025, 0.681270),

              ["LeftUpperArm"] = CFrame.new(-0.175182, 0.015597, 0.054372, 0.615796, 0.144742, -0.774496, -0.081410, 0.989409, 0.120177, 0.783688, -0.010953, 0.621058),

              ["LeftUpperLeg"] = CFrame.new(-0.035616, -0.151786, 0.093150, 0.958459, -0.090606, 0.270456, 0.169268, 0.943866, -0.283630, -0.229576, 0.317659, 0.920004),

              ["LowerTorso"] = CFrame.new(-0.157706, -0.281553, 0.105528, 0.944892, 0.282929, -0.164714, -0.308587, 0.937729, -0.159492, 0.109332, 0.201531, 0.973361),

              ["RightFoot"] = CFrame.new(-0.000000, 0.028658, -0.000102, 0.760343, 0.496862, 0.418364, -0.209648, 0.797345, -0.565957, -0.614757, 0.342592, 0.710398),

              ["RightHand"] = CFrame.new(-0.000500, -0.000001, 0.000000, 0.837744, 0.263796, 0.478120, -0.393803, 0.898422, 0.194315, -0.378291, -0.351068, 0.856530),

              ["RightLowerArm"] = CFrame.new(-0.007253, -0.023645, 0.011730, 1.000000, 0.000000, 0.000000, -0.000000, 0.997046, 0.076809, -0.000000, -0.076810, 0.997046),

              ["RightLowerLeg"] = CFrame.new(-0.000000, 0.115671, -0.058324, 1.000000, 0.000000, 0.000000, -0.000000, 0.398159, 0.917323, 0.000000, -0.917317, 0.398145),

              ["RightUpperArm"] = CFrame.new(0.240564, -0.234191, 0.201432, 0.435167, -0.166013, 0.884912, 0.209256, 0.974588, 0.079933, -0.875695, 0.150390, 0.458848),

              ["RightUpperLeg"] = CFrame.new(0.022089, -0.173837, 0.082526, 0.666655, -0.635044, 0.390230, 0.744511, 0.542247, -0.389436, 0.035710, 0.550170, 0.834302),

              ["UpperTorso"] = CFrame.new(0.035109, 0.036165, -0.006848, 0.944472, -0.325825, 0.042542, 0.287014, 0.881060, 0.375975, -0.159984, -0.342887, 0.925653)

          }},

          {Time = 0.083, Data = {

              ["Head"] = CFrame.new(-0.000000, -0.000000, -0.037336, 0.504721, 0.099527, -0.857526, -0.233112, 0.972145, -0.024374, 0.831213, 0.212202, 0.513863),

              ["LeftFoot"] = CFrame.new(-0.000000, 0.021803, -0.000003, 0.988201, -0.117161, -0.098653, 0.076676, 0.935998, -0.343575, 0.132585, 0.331936, 0.933929),

              ["LeftHand"] = CFrame.new(0.000500, 0.000100, 0.000000, 0.817868, -0.498613, -0.287191, 0.575011, 0.689724, 0.440053, -0.021333, -0.525039, 0.850808),

              ["LeftLowerArm"] = CFrame.new(-0.000500, 0.064359, 0.023462, 1.000000, -0.000000, -0.000000, 0.000000, 0.764733, -0.644348, 0.000000, 0.644348, 0.764733),

              ["LeftLowerLeg"] = CFrame.new(0.000000, 0.094443, -0.032844, 1.000000, -0.000000, -0.000000, 0.000000, 0.662046, 0.749471, -0.000000, -0.749464, 0.662037),

              ["LeftUpperArm"] = CFrame.new(-0.173341, 0.016791, 0.053909, 0.618572, 0.144559, -0.772316, -0.079234, 0.989396, 0.121730, 0.781723, -0.014105, 0.623466),

              ["LeftUpperLeg"] = CFrame.new(-0.039949, -0.169184, 0.069850, 0.960571, -0.058640, 0.271781, 0.123229, 0.966042, -0.227072, -0.249237, 0.251643, 0.935186),

              ["LowerTorso"] = CFrame.new(-0.132589, -0.272472, 0.094583, 0.948671, 0.259927, -0.180169, -0.294398, 0.933921, -0.202783, 0.115555, 0.245416, 0.962506),

              ["RightFoot"] = CFrame.new(0.000000, 0.029596, -0.000102, 0.757136, 0.499720, 0.420770, -0.178082, 0.777578, -0.603057, -0.628516, 0.381644, 0.677698),

              ["RightHand"] = CFrame.new(-0.000500, 0.000000, 0.000000, 0.837744, 0.263797, 0.478120, -0.393803, 0.898422, 0.194315, -0.378291, -0.351068, 0.856530),

              ["RightLowerArm"] = CFrame.new(-0.007253, -0.023645, 0.011730, 1.000000, 0.000000, 0.000000, -0.000000, 0.997046, 0.076809, -0.000000, -0.076810, 0.997046),

              ["RightLowerLeg"] = CFrame.new(0.000000, 0.118733, -0.064558, 1.000000, 0.000000, 0.000000, -0.000000, 0.333348, 0.942809, 0.000000, -0.942804, 0.333333),

              ["RightUpperArm"] = CFrame.new(0.240564, -0.234191, 0.201432, 0.435167, -0.166013, 0.884912, 0.209256, 0.974588, 0.079933, -0.875695, 0.150390, 0.458848),

              ["RightUpperLeg"] = CFrame.new(0.027313, -0.222174, 0.082201, 0.675418, -0.621295, 0.397230, 0.737433, 0.567746, -0.365849, 0.001776, 0.540053, 0.841643),

              ["UpperTorso"] = CFrame.new(0.022015, 0.022400, -0.010604, 0.948479, -0.312404, 0.052827, 0.263867, 0.871141, 0.414109, -0.175389, -0.378835, 0.908693)

          }},

          {Time = 0.100, Data = {

              ["Head"] = CFrame.new(0.000000, 0.000000, -0.037336, 0.504734, 0.099509, -0.857521, -0.230169, 0.972889, -0.022580, 0.832026, 0.208771, 0.513953),

              ["LeftFoot"] = CFrame.new(-0.000000, 0.022375, -0.000003, 0.983872, -0.136833, -0.115216, 0.083646, 0.921267, -0.379853, 0.158113, 0.364066, 0.917844),

              ["LeftHand"] = CFrame.new(0.000500, 0.000100, 0.000000, 0.817868, -0.498613, -0.287191, 0.575011, 0.689724, 0.440053, -0.021333, -0.525039, 0.850809),

              ["LeftLowerArm"] = CFrame.new(-0.000500, 0.065327, 0.024288, 1.000000, -0.000000, -0.000000, 0.000000, 0.756472, -0.654027, 0.000000, 0.654027, 0.756471),

              ["LeftLowerLeg"] = CFrame.new(-0.000000, 0.096179, -0.034288, 1.000000, -0.000000, -0.000000, 0.000000, 0.647045, 0.762460, -0.000000, -0.762452, 0.647036),

              ["LeftUpperArm"] = CFrame.new(-0.171245, 0.018181, 0.053257, 0.621852, 0.144237, -0.769738, -0.076668, 0.989384, 0.123457, 0.779373, -0.017758, 0.626309),

              ["LeftUpperLeg"] = CFrame.new(-0.044014, -0.185504, 0.047991, 0.962193, -0.019907, 0.271638, 0.069194, 0.982470, -0.173070, -0.263432, 0.185356, 0.946710),

              ["LowerTorso"] = CFrame.new(-0.106081, -0.263324, 0.085229, 0.953663, 0.233027, -0.190330, -0.275870, 0.929711, -0.243994, 0.120094, 0.285194, 0.950916),

              ["RightFoot"] = CFrame.new(0.000000, 0.030358, -0.000102, 0.762148, 0.495242, 0.416999, -0.145630, 0.758725, -0.634940, -0.630811, 0.423168, 0.650356),

              ["RightHand"] = CFrame.new(-0.000500, -0.000000, 0.000000, 0.837744, 0.263796, 0.478120, -0.393803, 0.898422, 0.194315, -0.378291, -0.351068, 0.856530),

              ["RightLowerArm"] = CFrame.new(-0.007253, -0.023644, 0.011730, 1.000000, 0.000000, 0.000000, -0.000000, 0.997046, 0.076809, -0.000000, -0.076810, 0.997046),

              ["RightLowerLeg"] = CFrame.new(-0.000000, 0.120873, -0.069680, 1.000000, 0.000000, 0.000000, -0.000000, 0.280004, 0.960003, 0.000000, -0.959999, 0.279989),

              ["RightUpperArm"] = CFrame.new(0.240564, -0.234191, 0.201432, 0.435167, -0.166013, 0.884912, 0.209256, 0.974588, 0.079933, -0.875695, 0.150390, 0.458848),

              ["RightUpperLeg"] = CFrame.new(0.032168, -0.261652, 0.082900, 0.694322, -0.602065, 0.394238, 0.718846, 0.606329, -0.340022, -0.034321, 0.519503, 0.853792),

              ["UpperTorso"] = CFrame.new(0.008712, 0.008970, -0.012980, 0.953690, -0.294307, 0.062120, 0.236810, 0.861983, 0.448225, -0.185462, -0.412757, 0.891760)

          }},

          {Time = 0.117, Data = {

              ["Head"] = CFrame.new(-0.000000, 0.000000, -0.037336, 0.504745, 0.099492, -0.857516, -0.227411, 0.973575, -0.020899, 0.832777, 0.205558, 0.514032),

              ["LeftFoot"] = CFrame.new(0.000000, 0.022831, -0.000003, 0.978175, -0.158946, -0.133835, 0.091270, 0.907301, -0.410479, 0.186664, 0.389283, 0.901995),

              ["LeftHand"] = CFrame.new(0.000500, 0.000100, -0.000000, 0.817868, -0.498613, -0.287191, 0.575011, 0.689724, 0.440053, -0.021333, -0.525039, 0.850809),

              ["LeftLowerArm"] = CFrame.new(-0.000500, 0.066273, 0.025114, 1.000000, -0.000000, -0.000000, 0.000000, 0.748200, -0.663474, 0.000000, 0.663474, 0.748200),

              ["LeftLowerLeg"] = CFrame.new(-0.000000, 0.097533, -0.035447, 1.000000, -0.000000, -0.000000, 0.000000, 0.634991, 0.772527, -0.000000, -0.772519, 0.634981),

              ["LeftUpperArm"] = CFrame.new(-0.168931, 0.019740, 0.052434, 0.625565, 0.143779, -0.766809, -0.073765, 0.989369, 0.125332, 0.776677, -0.021840, 0.629520),

              ["LeftUpperLeg"] = CFrame.new(-0.047747, -0.200496, 0.027911, 0.962593, 0.025960, 0.269707, 0.008435, 0.992045, -0.125563, -0.270822, 0.123176, 0.954721),

              ["LowerTorso"] = CFrame.new(-0.078555, -0.254346, 0.077819, 0.959783, 0.202774, -0.194164, -0.252610, 0.925523, -0.282128, 0.122495, 0.319829, 0.939524),

              ["RightFoot"] = CFrame.new(0.000000, 0.030651, -0.000102, 0.777065, 0.481487, 0.405416, -0.115213, 0.742013, -0.660428, -0.618786, 0.466463, 0.632039),

              ["RightHand"] = CFrame.new(-0.000500, -0.000000, 0.000000, 0.837744, 0.263796, 0.478120, -0.393803, 0.898422, 0.194315, -0.378291, -0.351068, 0.856530),

              ["RightLowerArm"] = CFrame.new(-0.007253, -0.023645, 0.011730, 1.000000, 0.000000, 0.000000, -0.000000, 0.997046, 0.076809, -0.000000, -0.076810, 0.997046),

              ["RightLowerLeg"] = CFrame.new(-0.000000, 0.122067, -0.073505, 1.000000, 0.000000, 0.000000, -0.000000, 0.240306, 0.970701, 0.000000, -0.970697, 0.240291),

              ["RightUpperArm"] = CFrame.new(0.240564, -0.234191, 0.201432, 0.435167, -0.166013, 0.884912, 0.209256, 0.974588, 0.079933, -0.875695, 0.150390, 0.458848),

              ["RightUpperLeg"] = CFrame.new(0.036565, -0.290320, 0.084834, 0.724409, -0.573700, 0.382216, 0.685639, 0.657204, -0.313004, -0.071622, 0.488827, 0.869448),

              ["UpperTorso"] = CFrame.new(-0.004763, -0.003729, -0.014285, 0.960010, -0.271084, 0.069960, 0.206385, 0.854097, 0.477413, -0.189171, -0.443882, 0.875890)

          }},

          {Time = 0.133, Data = {

              ["Head"] = CFrame.new(0.000000, -0.000001, -0.037336, 0.504755, 0.099476, -0.857512, -0.224834, 0.974205, -0.019330, 0.833470, 0.202555, 0.514101),

              ["LeftFoot"] = CFrame.new(-0.000000, 0.023250, -0.000003, 0.971012, -0.182851, -0.153963, 0.099369, 0.894581, -0.435742, 0.217396, 0.407788, 0.886806),

              ["LeftHand"] = CFrame.new(0.000500, 0.000100, -0.000000, 0.817868, -0.498613, -0.287191, 0.575011, 0.689724, 0.440053, -0.021333, -0.525039, 0.850808),

              ["LeftLowerArm"] = CFrame.new(-0.000500, 0.067190, 0.025936, 1.000000, -0.000000, -0.000000, 0.000000, 0.739970, -0.672640, 0.000000, 0.672640, 0.739970),

              ["LeftLowerLeg"] = CFrame.new(0.000000, 0.098758, -0.036520, 1.000000, -0.000000, -0.000000, 0.000000, 0.623817, 0.781579, -0.000000, -0.781571, 0.623807),

              ["LeftUpperArm"] = CFrame.new(-0.166436, 0.021441, 0.051459, 0.629641, 0.143191, -0.763577, -0.070578, 0.989346, 0.127330, 0.773674, -0.026280, 0.633039),

              ["LeftUpperLeg"] = CFrame.new(-0.051087, -0.213908, 0.009948, 0.960982, 0.079157, 0.265043, -0.057415, 0.994392, -0.088779, -0.270586, 0.070132, 0.960141),

              ["LowerTorso"] = CFrame.new(-0.050386, -0.245803, 0.072658, 0.966840, 0.169707, -0.190838, -0.224204, 0.921851, -0.316107, 0.122278, 0.348412, 0.929332),

              ["RightFoot"] = CFrame.new(0.000000, 0.030803, -0.000102, 0.802223, 0.456707, 0.384551, -0.090748, 0.729883, -0.677539, -0.590088, 0.508615, 0.626947),

              ["RightHand"] = CFrame.new(-0.000500, -0.000000, 0.000000, 0.837744, 0.263796, 0.478120, -0.393803, 0.898422, 0.194315, -0.378291, -0.351068, 0.856530),

              ["RightLowerArm"] = CFrame.new(-0.007253, -0.023645, 0.011730, 1.000000, 0.000000, 0.000000, -0.000000, 0.997046, 0.076809, -0.000000, -0.076810, 0.997046),

              ["RightLowerLeg"] = CFrame.new(0.000000, 0.122651, -0.075634, 1.000000, 0.000000, 0.000000, -0.000000, 0.218211, 0.975905, 0.000000, -0.975902, 0.218196),

              ["RightUpperArm"] = CFrame.new(0.240564, -0.234192, 0.201432, 0.435167, -0.166013, 0.884912, 0.209256, 0.974588, 0.079933, -0.875695, 0.150390, 0.458848),

              ["RightUpperLeg"] = CFrame.new(0.040413, -0.306229, 0.088215, 0.765177, -0.532216, 0.362273, 0.634656, 0.718135, -0.285452, -0.108237, 0.448362, 0.887286),

              ["UpperTorso"] = CFrame.new(-0.018353, -0.015349, -0.014946, 0.967237, -0.242275, 0.075859, 0.173129, 0.848019, 0.500890, -0.185683, -0.471346, 0.862180)

          }},

          {Time = 0.150, Data = {

              ["Head"] = CFrame.new(0.000000, -0.000000, -0.037336, 0.504765, 0.099461, -0.857508, -0.222434, 0.974784, -0.017870, 0.834108, 0.199759, 0.514161),

              ["LeftFoot"] = CFrame.new(-0.000000, 0.023722, -0.000003, 0.962377, -0.207855, -0.175016, 0.107841, 0.883367, -0.456129, 0.249399, 0.420070, 0.872534),

              ["LeftHand"] = CFrame.new(0.000500, 0.000100, 0.000000, 0.817868, -0.498613, -0.287191, 0.575011, 0.689724, 0.440053, -0.021333, -0.525039, 0.850809),

              ["LeftLowerArm"] = CFrame.new(-0.000500, 0.068075, 0.026748, 1.000000, -0.000000, -0.000000, 0.000000, 0.731838, -0.681479, 0.000000, 0.681479, 0.731838),

              ["LeftLowerLeg"] = CFrame.new(-0.000000, 0.100110, -0.037735, 1.000000, -0.000000, -0.000000, 0.000000, 0.611158, 0.791516, -0.000000, -0.791508, 0.611148),

              ["LeftUpperArm"] = CFrame.new(-0.163795, 0.023258, 0.050350, 0.634008, 0.142476, -0.760089, -0.067161, 0.989312, 0.129423, 0.770405, -0.031007, 0.636801),

              ["LeftUpperLeg"] = CFrame.new(-0.053969, -0.225486, -0.005562, 0.956568, 0.139639, 0.255890, -0.126632, 0.989704, -0.066675, -0.262568, 0.031410, 0.964404),

              ["LowerTorso"] = CFrame.new(-0.021904, -0.237970, 0.070002, 0.974508, 0.134265, -0.179742, -0.190233, 0.919218, -0.344745, 0.118935, 0.370150, 0.921327),

              ["RightFoot"] = CFrame.new(0.000000, 0.030816, -0.000102, 0.835464, 0.420388, 0.353970, -0.075087, 0.725373, -0.684267, -0.544392, 0.545076, 0.637561),

              ["RightHand"] = CFrame.new(-0.000500, -0.000000, -0.000000, 0.837744, 0.263797, 0.478120, -0.393803, 0.898422, 0.194315, -0.378291, -0.351068, 0.856530),

              ["RightLowerArm"] = CFrame.new(-0.007253, -0.023645, 0.011730, 1.000000, 0.000000, 0.000000, -0.000000, 0.997046, 0.076809, -0.000000, -0.076810, 0.997046),

              ["RightLowerLeg"] = CFrame.new(0.000000, 0.122702, -0.075832, 1.000000, 0.000000, 0.000000, -0.000000, 0.216160, 0.976361, 0.000000, -0.976358, 0.216145),

              ["RightUpperArm"] = CFrame.new(0.240564, -0.234191, 0.201432, 0.435167, -0.166013, 0.884912, 0.209256, 0.974588, 0.079932, -0.875695, 0.150390, 0.458848),

              ["RightUpperLeg"] = CFrame.new(0.043866, -0.308455, 0.093278, 0.813526, -0.474393, 0.336334, 0.564227, 0.783939, -0.258993, -0.140799, 0.400489, 0.905429),

              ["UpperTorso"] = CFrame.new(-0.031963, -0.025588, -0.015477, 0.975034, -0.207417, 0.079298, 0.137474, 0.844273, 0.517981, -0.174387, -0.494147, 0.851709)

          }},

          {Time = 0.167, Data = {

              ["Head"] = CFrame.new(-0.000000, -0.000000, -0.037336, 0.504774, 0.099448, -0.857504, -0.220206, 0.975313, -0.016515, 0.834693, 0.197164, 0.514212),

              ["LeftFoot"] = CFrame.new(0.000000, 0.024236, -0.000003, 0.952330, -0.233369, -0.196499, 0.116676, 0.873738, -0.472218, 0.281875, 0.426757, 0.859301),

              ["LeftHand"] = CFrame.new(0.000500, 0.000100, 0.000000, 0.817868, -0.498613, -0.287191, 0.575011, 0.689724, 0.440053, -0.021333, -0.525039, 0.850809),

              ["LeftLowerArm"] = CFrame.new(-0.000500, 0.068922, 0.027545, 1.000000, -0.000000, -0.000000, 0.000000, 0.723860, -0.689947, 0.000000, 0.689947, 0.723860),

              ["LeftLowerLeg"] = CFrame.new(-0.000000, 0.101753, -0.039343, 1.000000, -0.000000, -0.000000, 0.000000, 0.594442, 0.804147, -0.000000, -0.804139, 0.594430),

              ["LeftUpperArm"] = CFrame.new(-0.161045, 0.025165, 0.049129, 0.638597, 0.141643, -0.756393, -0.063566, 0.989265, 0.131584, 0.766911, -0.035949, 0.640746),

              ["LeftUpperLeg"] = CFrame.new(-0.056333, -0.234981, -0.018281, 0.948539, 0.207088, 0.239562, -0.197719, 0.978246, -0.062746, -0.247348, 0.012185, 0.968851),

              ["LowerTorso"] = CFrame.new(0.006645, -0.231111, 0.070071, 0.982288, 0.096670, -0.160514, -0.150279, 0.918115, -0.366717, 0.111919, 0.384343, 0.916381),

              ["RightFoot"] = CFrame.new(-0.000000, 0.030713, -0.000102, 0.871837, 0.374682, 0.315485, -0.067547, 0.729910, -0.680217, -0.485116, 0.571703, 0.661645),

              ["RightHand"] = CFrame.new(-0.000500, -0.000000, 0.000000, 0.837744, 0.263796, 0.478120, -0.393803, 0.898422, 0.194315, -0.378291, -0.351068, 0.856530),

              ["RightLowerArm"] = CFrame.new(-0.007253, -0.023645, 0.011730, 1.000000, 0.000000, 0.000000, -0.000000, 0.997046, 0.076809, -0.000000, -0.076810, 0.997046),

              ["RightLowerLeg"] = CFrame.new(0.000000, 0.122309, -0.074364, 1.000000, 0.000000, 0.000000, -0.000000, 0.231397, 0.972863, 0.000000, -0.972860, 0.231381),

              ["RightUpperArm"] = CFrame.new(0.240564, -0.234191, 0.201432, 0.435167, -0.166013, 0.884912, 0.209256, 0.974588, 0.079933, -0.875695, 0.150390, 0.458848),

              ["RightUpperLeg"] = CFrame.new(0.048041, -0.300170, 0.100353, 0.863658, -0.400188, 0.306494, 0.476464, 0.846586, -0.237199, -0.164548, 0.350916, 0.921845),

              ["UpperTorso"] = CFrame.new(-0.045451, -0.034193, -0.016435, 0.982889, -0.166052, 0.079726, 0.099639, 0.843326, 0.528084, -0.154924, -0.511104, 0.845441)

          }},

          {Time = 0.183, Data = {

              ["Head"] = CFrame.new(0.000000, 0.000000, -0.037336, 0.504783, 0.099435, -0.857501, -0.218148, 0.975796, -0.015264, 0.835228, 0.194767, 0.514256),

              ["LeftFoot"] = CFrame.new(0.000000, 0.024744, -0.000003, 0.940932, -0.259017, -0.218095, 0.126108, 0.865823, -0.484218, 0.314235, 0.428089, 0.847330),

              ["LeftHand"] = CFrame.new(0.000500, 0.000100, -0.000000, 0.817868, -0.498613, -0.287191, 0.575010, 0.689724, 0.440053, -0.021333, -0.525039, 0.850809),

              ["LeftLowerArm"] = CFrame.new(-0.000500, 0.069728, 0.028321, 1.000000, -0.000000, -0.000000, 0.000000, 0.716096, -0.698002, 0.000000, 0.698002, 0.716096),

              ["LeftLowerLeg"] = CFrame.new(0.000000, 0.103746, -0.041552, 1.000000, -0.000000, -0.000000, 0.000000, 0.571554, 0.820573, -0.000000, -0.820565, 0.571542),

              ["LeftUpperArm"] = CFrame.new(-0.158220, 0.027134, 0.047816, 0.643340, 0.140698, -0.752541, -0.059844, 0.989202, 0.133786, 0.763238, -0.041035, 0.644813),

              ["LeftUpperLeg"] = CFrame.new(-0.058115, -0.242141, -0.027872, 0.936002, 0.280636, 0.212478, -0.269671, 0.959661, -0.079523, -0.226227, 0.017169, 0.973925),

              ["LowerTorso"] = CFrame.new(0.035142, -0.225439, 0.073060, 0.989477, 0.056831, -0.133064, -0.103951, 0.918908, -0.380528, 0.100648, 0.390356, 0.915146),

              ["RightFoot"] = CFrame.new(-0.000000, 0.030515, -0.000102, 0.906638, 0.322752, 0.271760, -0.065164, 0.743480, -0.665598, -0.416848, 0.585721, 0.695073),

              ["RightHand"] = CFrame.new(-0.000500, -0.000000, 0.000000, 0.837744, 0.263796, 0.478120, -0.393803, 0.898422, 0.194315, -0.378291, -0.351068, 0.856530),

              ["RightLowerArm"] = CFrame.new(-0.007253, -0.023645, 0.011730, 1.000000, 0.000000, 0.000000, -0.000000, 0.997046, 0.076809, -0.000000, -0.076810, 0.997046),

              ["RightLowerLeg"] = CFrame.new(-0.000000, 0.121501, -0.071600, 1.000000, 0.000000, 0.000000, -0.000000, 0.260073, 0.965593, 0.000000, -0.965589, 0.260058),

              ["RightUpperArm"] = CFrame.new(0.240564, -0.234192, 0.201432, 0.435167, -0.166013, 0.884912, 0.209256, 0.974588, 0.079933, -0.875695, 0.150390, 0.458848),

              ["RightUpperLeg"] = CFrame.new(0.054297, -0.285575, 0.109794, 0.909927, -0.312042, 0.273238, 0.375590, 0.899397, -0.223622, -0.175970, 0.306129, 0.935593),

              ["UpperTorso"] = CFrame.new(-0.058608, -0.040940, -0.018371, 0.990088, -0.117751, 0.076558, 0.059525, 0.845507, 0.530636, -0.127213, -0.520819, 0.844135)

          }},

          {Time = 0.200, Data = {

              ["Head"] = CFrame.new(-0.000000, 0.000000, -0.037336, 0.504790, 0.099423, -0.857498, -0.216254, 0.976235, -0.014114, 0.835716, 0.192561, 0.514295),

              ["LeftFoot"] = CFrame.new(0.000000, 0.025574, -0.000003, 0.928169, -0.284692, -0.239713, 0.137042, 0.860279, -0.491080, 0.346009, 0.422932, 0.837483),

              ["LeftHand"] = CFrame.new(0.000500, 0.000100, 0.000000, 0.817868, -0.498613, -0.287191, 0.575011, 0.689724, 0.440053, -0.021333, -0.525039, 0.850808),

              ["LeftLowerArm"] = CFrame.new(-0.000500, 0.070490, 0.029069, 1.000000, -0.000000, -0.000000, 0.000000, 0.708606, -0.705604, 0.000000, 0.705604, 0.708606),

              ["LeftLowerLeg"] = CFrame.new(-0.000000, 0.106271, -0.044335, 1.000000, -0.000000, -0.000000, 0.000000, 0.542601, 0.839998, -0.000000, -0.839991, 0.542589),

              ["LeftUpperArm"] = CFrame.new(-0.155356, 0.029141, 0.046433, 0.648167, 0.139652, -0.748583, -0.056046, 0.989123, 0.135998, 0.759433, -0.046194, 0.648944),

              ["LeftUpperLeg"] = CFrame.new(-0.059253, -0.246713, -0.033997, 0.917873, 0.358315, 0.170655, -0.342096, 0.932289, -0.117478, -0.201198, 0.049483, 0.978303),

              ["LowerTorso"] = CFrame.new(0.063631, -0.221070, 0.079149, 0.995121, 0.014241, -0.097630, -0.050913, 0.921722, -0.384495, 0.084512, 0.387590, 0.917950),

              ["RightFoot"] = CFrame.new(0.000000, 0.030096, -0.000102, 0.936924, 0.267385, 0.225141, -0.064167, 0.764718, -0.641185, -0.343592, 0.586269, 0.733617),

              ["RightHand"] = CFrame.new(-0.000500, 0.000000, 0.000000, 0.837744, 0.263796, 0.478120, -0.393803, 0.898422, 0.194315, -0.378291, -0.351068, 0.856530),

              ["RightLowerArm"] = CFrame.new(-0.007253, -0.023645, 0.011730, 1.000000, 0.000000, 0.000000, -0.000000, 0.997046, 0.076809, -0.000000, -0.076810, 0.997046),

              ["RightLowerLeg"] = CFrame.new(0.000000, 0.120170, -0.067909, 1.000000, 0.000000, 0.000000, -0.000000, 0.298460, 0.954427, 0.000000, -0.954422, 0.298445),

              ["RightUpperArm"] = CFrame.new(0.240564, -0.234192, 0.201432, 0.435167, -0.166013, 0.884912, 0.209256, 0.974588, 0.079933, -0.875695, 0.150390, 0.458848),

              ["RightUpperLeg"] = CFrame.new(0.063995, -0.268865, 0.121957, 0.948183, -0.213114, 0.235646, 0.265804, 0.938383, -0.220849, -0.174060, 0.272066, 0.946413),

              ["UpperTorso"] = CFrame.new(-0.071152, -0.045607, -0.021778, 0.995666, -0.062145, 0.069188, 0.016622, 0.850894, 0.525075, -0.091502, -0.521649, 0.848239)

          }},

          {Time = 0.217, Data = {

              ["Head"] = CFrame.new(0.000000, -0.000000, -0.037336, 0.504797, 0.099412, -0.857495, -0.214520, 0.976632, -0.013061, 0.836158, 0.190543, 0.514327),

              ["LeftFoot"] = CFrame.new(-0.000000, 0.026525, -0.000003, 0.913976, -0.310402, -0.261362, 0.150778, 0.857764, -0.491453, 0.376716, 0.409746, 0.830761),

              ["LeftHand"] = CFrame.new(0.000500, 0.000100, -0.000000, 0.817868, -0.498613, -0.287191, 0.575011, 0.689724, 0.440053, -0.021333, -0.525039, 0.850809),

              ["LeftLowerArm"] = CFrame.new(-0.000500, 0.071202, 0.029784, 1.000000, -0.000000, -0.000000, 0.000000, 0.701453, -0.712716, 0.000000, 0.712716, 0.701453),

              ["LeftLowerLeg"] = CFrame.new(-0.000000, 0.109029, -0.047590, 1.000000, -0.000000, -0.000000, 0.000000, 0.508670, 0.860969, -0.000000, -0.860962, 0.508658),

              ["LeftUpperArm"] = CFrame.new(-0.152487, 0.031159, 0.045004, 0.653014, 0.138515, -0.744571, -0.052224, 0.989028, 0.138189, 0.755543, -0.051355, 0.653083),

              ["LeftUpperLeg"] = CFrame.new(-0.059704, -0.248527, -0.036429, 0.892941, 0.436370, 0.110638, -0.414681, 0.892956, -0.175093, -0.175205, 0.110501, 0.978316),

              ["LowerTorso"] = CFrame.new(0.092204, -0.217917, 0.088386, 0.997963, -0.031716, -0.055350, 0.008524, 0.926170, -0.377011, 0.063221, 0.375771, 0.924554),

              ["RightFoot"] = CFrame.new(-0.000000, 0.029430, -0.000102, 0.961320, 0.210700, 0.177412, -0.061408, 0.791830, -0.607670, -0.268500, 0.573245, 0.774121),

              ["RightHand"] = CFrame.new(-0.000500, 0.000000, -0.000000, 0.837744, 0.263796, 0.478120, -0.393803, 0.898422, 0.194315, -0.378291, -0.351068, 0.856530),

              ["RightLowerArm"] = CFrame.new(-0.007253, -0.023644, 0.011730, 1.000000, 0.000000, 0.000000, -0.000000, 0.997046, 0.076809, -0.000000, -0.076810, 0.997046),

              ["RightLowerLeg"] = CFrame.new(0.000000, 0.118223, -0.063443, 1.000000, 0.000000, 0.000000, -0.000000, 0.344957, 0.938624, 0.000000, -0.938618, 0.344942),

              ["RightUpperArm"] = CFrame.new(0.240564, -0.234192, 0.201432, 0.435167, -0.166013, 0.884912, 0.209256, 0.974589, 0.079933, -0.875695, 0.150390, 0.458848),

              ["RightUpperLeg"] = CFrame.new(0.078024, -0.253466, 0.137020, 0.975432, -0.107019, 0.192557, 0.150729, 0.961670, -0.229043, -0.160664, 0.252466, 0.954181),

              ["UpperTorso"] = CFrame.new(-0.082701, -0.047988, -0.026971, 0.998360, 0.000449, 0.057242, -0.029690, 0.859019, 0.511083, -0.048943, -0.511944, 0.857623)

          }},

          {Time = 0.233, Data = {

              ["Head"] = CFrame.new(-0.000000, 0.000000, -0.037336, 0.504803, 0.099403, -0.857492, -0.212943, 0.976990, -0.012104, 0.836558, 0.188708, 0.514355),

              ["LeftFoot"] = CFrame.new(-0.000000, 0.027140, -0.000003, 0.898592, -0.335657, -0.282627, 0.168620, 0.858782, -0.483815, 0.405091, 0.387076, 0.828278),

              ["LeftHand"] = CFrame.new(0.000500, 0.000100, 0.000000, 0.817868, -0.498613, -0.287191, 0.575011, 0.689724, 0.440053, -0.021333, -0.525039, 0.850809),

              ["LeftLowerArm"] = CFrame.new(-0.000500, 0.071861, 0.030458, 1.000000, -0.000000, -0.000000, 0.000000, 0.694699, -0.719300, 0.000000, 0.719300, 0.694699),

              ["LeftLowerLeg"] = CFrame.new(0.000000, 0.111363, -0.050920, 1.000000, -0.000000, -0.000000, 0.000000, 0.474112, 0.880471, -0.000000, -0.880465, 0.474099),

              ["LeftUpperArm"] = CFrame.new(-0.149646, 0.033165, 0.043553, 0.657814, 0.137301, -0.740560, -0.048428, 0.988920, 0.140330, 0.751622, -0.056447, 0.657175),

              ["LeftUpperLeg"] = CFrame.new(-0.059508, -0.247742, -0.035379, 0.860870, 0.507732, 0.033340, -0.485407, 0.839128, -0.245416, -0.152587, 0.195121, 0.968844),

              ["LowerTorso"] = CFrame.new(0.120487, -0.215590, 0.100374, 0.996708, -0.080497, -0.009685, 0.071724, 0.931110, -0.357617, 0.037805, 0.355745, 0.933818),

              ["RightFoot"] = CFrame.new(-0.000000, 0.028592, -0.000102, 0.978984, 0.156009, 0.131362, -0.055564, 0.823759, -0.564235, -0.196224, 0.545053, 0.815097),

              ["RightHand"] = CFrame.new(-0.000500, -0.000000, -0.000000, 0.837744, 0.263796, 0.478120, -0.393803, 0.898422, 0.194315, -0.378291, -0.351068, 0.856530),

              ["RightLowerArm"] = CFrame.new(-0.007253, -0.023645, 0.011730, 1.000000, 0.000000, 0.000000, -0.000000, 0.997046, 0.076809, -0.000000, -0.076810, 0.997046),

              ["RightLowerLeg"] = CFrame.new(0.000000, 0.115433, -0.057881, 1.000000, 0.000000, 0.000000, -0.000000, 0.402760, 0.915312, 0.000000, -0.915306, 0.402746),

              ["RightUpperArm"] = CFrame.new(0.240564, -0.234191, 0.201432, 0.435167, -0.166013, 0.884912, 0.209256, 0.974588, 0.079933, -0.875695, 0.150390, 0.458848),

              ["RightUpperLeg"] = CFrame.new(0.095392, -0.239702, 0.154470, 0.989419, -0.000879, 0.145084, 0.036595, 0.969160, -0.243675, -0.140396, 0.246432, 0.958944),

              ["UpperTorso"] = CFrame.new(-0.092789, -0.048040, -0.033819, 0.996881, 0.067220, 0.041350, -0.078862, 0.868517, 0.489346, -0.003019, -0.491081, 0.871109)

          }},

          {Time = 0.250, Data = {

              ["Head"] = CFrame.new(0.000000, -0.000000, -0.037336, 0.504809, 0.099394, -0.857490, -0.211519, 0.977309, -0.011240, 0.836915, 0.187049, 0.514378),

              ["LeftFoot"] = CFrame.new(-0.000000, 0.027633, -0.000002, 0.882678, -0.359518, -0.302720, 0.191857, 0.863610, -0.466243, 0.429034, 0.353446, 0.831251),

              ["LeftHand"] = CFrame.new(0.000500, 0.000100, 0.000000, 0.817868, -0.498613, -0.287191, 0.575011, 0.689724, 0.440053, -0.021333, -0.525039, 0.850808),

              ["LeftLowerArm"] = CFrame.new(-0.000500, 0.072463, 0.031086, 1.000000, -0.000000, -0.000000, 0.000000, 0.688410, -0.725322, 0.000000, 0.725322, 0.688410),

              ["LeftLowerLeg"] = CFrame.new(-0.000000, 0.113131, -0.053631, 1.000000, -0.000000, -0.000000, 0.000000, 0.445949, 0.895065, -0.000000, -0.895059, 0.445936),

              ["LeftUpperArm"] = CFrame.new(-0.146866, 0.035131, 0.042107, 0.662504, 0.136024, -0.736604, -0.044706, 0.988801, 0.142386, 0.747723, -0.061401, 0.661166),

