return {
["luigi thrust 2"] = {

          {Time = 0.000, Data = {

              ["Head"] = CFrame.new(-0.000000, 0.000000, 0.000000, 0.962682, -0.245199, -0.114547, 0.238332, 0.968626, -0.070432, 0.128223, 0.040504, 0.990918),

              ["LeftFoot"] = CFrame.new(0.000000, 0.032560, -0.000001, 0.971162, -0.182381, -0.153567, 0.222725, 0.923822, 0.311390, 0.085075, -0.336587, 0.937792),

              ["LeftHand"] = CFrame.new(0.000529, -0.045103, -0.000000, 0.998629, 0.044789, -0.027112, -0.048351, 0.987588, -0.149438, 0.020082, 0.150543, 0.988399),

              ["LeftLowerArm"] = CFrame.new(-0.000499, -0.045248, 0.000246, 1.000000, -0.000000, -0.000000, 0.000000, 1.000000, -0.000001, 0.000000, -0.000000, 1.000000),

              ["LeftLowerLeg"] = CFrame.new(0.000000, 0.126050, -0.098534, 1.000000, -0.000000, -0.000000, 0.000000, -0.021152, 0.999776, -0.000000, -0.999776, -0.021164),

              ["LeftUpperArm"] = CFrame.new(-0.036379, -0.597045, -0.232805, 0.012616, 0.997429, 0.070539, -0.890050, 0.043350, -0.453796, -0.455687, -0.057058, 0.888309),

              ["LeftUpperLeg"] = CFrame.new(-0.000000, 0.000000, -0.000100, 0.796669, 0.227985, -0.559763, -0.584769, 0.056532, -0.809226, -0.152849, 0.972022, 0.178376),

              ["LowerTorso"] = CFrame.new(0.028754, -0.215666, 0.482427, 0.995281, -0.024909, 0.093788, -0.023178, 0.877501, 0.479015, -0.094231, -0.478928, 0.872782),

              ["RightFoot"] = CFrame.new(-0.000000, 0.013726, -0.000102, 0.993684, 0.085842, 0.072282, -0.086274, 0.996267, 0.002862, -0.071761, -0.009083, 0.997380),

              ["RightHand"] = CFrame.new(-0.000487, 0.020008, -0.000000, 0.869111, 0.427409, -0.248936, -0.196046, 0.759739, 0.619973, 0.454105, -0.490019, 0.744086),

              ["RightLowerArm"] = CFrame.new(0.000000, 0.099509, 0.042243, 1.000000, 0.000000, 0.000000, -0.000000, 0.565366, -0.824840, -0.000000, 0.824840, 0.565367),

              ["RightLowerLeg"] = CFrame.new(0.000000, 0.068009, -0.016533, 1.000000, 0.000000, 0.000000, -0.000000, 0.831830, 0.555027, 0.000000, -0.555030, 0.831832),

              ["RightUpperArm"] = CFrame.new(-0.140773, -0.528177, -0.090085, 0.709334, -0.696896, 0.105742, 0.681458, 0.639665, -0.355590, 0.180170, 0.324291, 0.928641),

              ["RightUpperLeg"] = CFrame.new(-0.000000, 0.000000, -0.000000, 0.980193, -0.182550, -0.076794, 0.015959, 0.459294, -0.888134, 0.197400, 0.869324, 0.453124),

              ["UpperTorso"] = CFrame.new(-0.000000, 0.147138, -0.128349, 0.998934, 0.045815, 0.005673, -0.045403, 0.997237, -0.058804, -0.008352, 0.058483, 0.998253)

          }},

          {Time = 0.033, Data = {

              ["Head"] = CFrame.new(0.000000, 0.000000, -0.000000, 0.962796, -0.244728, -0.114594, 0.238505, 0.968937, -0.065402, 0.127040, 0.035638, 0.991257),

              ["LeftFoot"] = CFrame.new(0.000000, 0.032577, -0.000001, 0.970189, -0.185387, -0.156098, 0.225186, 0.927668, 0.297892, 0.089579, -0.324137, 0.941750),

              ["LeftHand"] = CFrame.new(0.000530, -0.045024, -0.000000, 0.998525, 0.046462, -0.028090, -0.050157, 0.987465, -0.149656, 0.020784, 0.150843, 0.988339),

              ["LeftLowerArm"] = CFrame.new(-0.000499, -0.045169, 0.000245, 1.000000, -0.000000, -0.000000, 0.000000, 1.000000, -0.000001, 0.000000, -0.000000, 1.000000),

              ["LeftLowerLeg"] = CFrame.new(-0.000000, 0.126050, -0.098796, 1.000000, -0.000000, -0.000000, 0.000000, -0.023879, 0.999715, -0.000000, -0.999715, -0.023892),

              ["LeftUpperArm"] = CFrame.new(-0.035888, -0.598195, -0.230529, 0.013598, 0.997351, 0.071463, -0.892352, 0.044349, -0.449157, -0.451136, -0.057662, 0.890590),

              ["LeftUpperLeg"] = CFrame.new(0.000000, 0.000000, -0.000100, 0.793722, 0.235363, -0.560895, -0.587317, 0.056538, -0.807379, -0.158317, 0.970262, 0.183128),

              ["LowerTorso"] = CFrame.new(0.032355, -0.220183, 0.469800, 0.995278, -0.026088, 0.093497, -0.022768, 0.873592, 0.486127, -0.094360, -0.485960, 0.868872),

              ["RightFoot"] = CFrame.new(0.000000, 0.014117, -0.000102, 0.993862, 0.084628, 0.071259, -0.083872, 0.996385, -0.013548, -0.072143, 0.007484, 0.997366),

              ["RightHand"] = CFrame.new(-0.000487, 0.019969, -0.000000, 0.870768, 0.424886, -0.247462, -0.197073, 0.762672, 0.616033, 0.450473, -0.487650, 0.747841),

              ["RightLowerArm"] = CFrame.new(-0.000000, 0.099331, 0.042031, 1.000000, 0.000000, 0.000000, -0.000000, 0.567566, -0.823328, -0.000000, 0.823328, 0.567566),

              ["RightLowerLeg"] = CFrame.new(-0.000000, 0.070066, -0.017694, 1.000000, 0.000000, 0.000000, -0.000000, 0.819972, 0.572401, 0.000000, -0.572403, 0.819974),

              ["RightUpperArm"] = CFrame.new(-0.142235, -0.527230, -0.087867, 0.712258, -0.694252, 0.103447, 0.679563, 0.645147, -0.349256, 0.175733, 0.319060, 0.931300),

              ["RightUpperLeg"] = CFrame.new(-0.000000, -0.000000, -0.000000, 0.980519, -0.181055, -0.076170, 0.013401, 0.448525, -0.893662, 0.195966, 0.875240, 0.442228),

              ["UpperTorso"] = CFrame.new(-0.003787, 0.150749, -0.119033, 0.998952, 0.045435, 0.005496, -0.044915, 0.996337, -0.072772, -0.008783, 0.072449, 0.997333)

          }},

          {Time = 0.067, Data = {

              ["Head"] = CFrame.new(0.000000, -0.000000, -0.000000, 0.963112, -0.243427, -0.114708, 0.238950, 0.969665, -0.051498, 0.123764, 0.022189, 0.992064),

              ["LeftFoot"] = CFrame.new(-0.000000, 0.032616, -0.000001, 0.967767, -0.192652, -0.162216, 0.230213, 0.937880, 0.259609, 0.102121, -0.288560, 0.951992),

              ["LeftHand"] = CFrame.new(0.000529, -0.044795, -0.000000, 0.998223, 0.051036, -0.030763, -0.055094, 0.987143, -0.150044, 0.022709, 0.151472, 0.988201),

              ["LeftLowerArm"] = CFrame.new(-0.000499, -0.044940, 0.000244, 1.000000, -0.000000, -0.000000, 0.000000, 1.000000, -0.000001, 0.000000, -0.000000, 1.000000),

              ["LeftLowerLeg"] = CFrame.new(0.000000, 0.126046, -0.099435, 1.000000, -0.000000, -0.000000, 0.000000, -0.030527, 0.999534, -0.000000, -0.999534, -0.030539),

              ["LeftUpperArm"] = CFrame.new(-0.034590, -0.601370, -0.224093, 0.016193, 0.997134, 0.073897, -0.898700, 0.046909, -0.436047, -0.438265, -0.059350, 0.896885),

              ["LeftUpperLeg"] = CFrame.new(0.000000, 0.000000, -0.000100, 0.786476, 0.256559, -0.561807, -0.593395, 0.061618, -0.802548, -0.171285, 0.964562, 0.200722),

              ["LowerTorso"] = CFrame.new(0.041160, -0.232198, 0.433680, 0.995271, -0.028828, 0.092765, -0.021806, 0.864280, 0.502538, -0.094662, -0.502185, 0.859564),

              ["RightFoot"] = CFrame.new(-0.000000, 0.015607, -0.000102, 0.994265, 0.081809, 0.068885, -0.077930, 0.995314, -0.057247, -0.073241, 0.051543, 0.995981),

              ["RightHand"] = CFrame.new(-0.000487, 0.019855, -0.000000, 0.875231, 0.417989, -0.243431, -0.199889, 0.770823, 0.604880, 0.440472, -0.480747, 0.758196),

              ["RightLowerArm"] = CFrame.new(-0.000000, 0.098800, 0.041401, 1.000000, 0.000000, 0.000000, 0.000000, 0.574095, -0.818789, -0.000000, 0.818789, 0.574095),

              ["RightLowerLeg"] = CFrame.new(0.000000, 0.075515, -0.020703, 1.000000, 0.000000, 0.000000, -0.000000, 0.789028, 0.614357, 0.000000, -0.614358, 0.789028),

              ["RightUpperArm"] = CFrame.new(-0.146219, -0.524554, -0.081722, 0.720227, -0.686865, 0.097418, 0.674211, 0.659933, -0.331554, 0.163444, 0.304474, 0.938393),

              ["RightUpperLeg"] = CFrame.new(0.000000, 0.000000, -0.000000, 0.981264, -0.177386, -0.075208, 0.007544, 0.425407, -0.904963, 0.192522, 0.887447, 0.418790),

              ["UpperTorso"] = CFrame.new(-0.013274, 0.158955, -0.094286, 0.999012, 0.044154, 0.004973, -0.043360, 0.993205, -0.107995, -0.009708, 0.107672, 0.994139)

          }},

          {Time = 0.100, Data = {

              ["Head"] = CFrame.new(0.000000, -0.000000, 0.000000, 0.963592, -0.241461, -0.114838, 0.239535, 0.970409, -0.030493, 0.118803, 0.001875, 0.992916),

              ["LeftFoot"] = CFrame.new(-0.000000, 0.032688, -0.000001, 0.964665, -0.201551, -0.169709, 0.233998, 0.951406, 0.200202, 0.121107, -0.232817, 0.964945),

              ["LeftHand"] = CFrame.new(0.000529, -0.044433, -0.000000, 0.997730, 0.057734, -0.034676, -0.062314, 0.986696, -0.150159, 0.025545, 0.151978, 0.988054),

              ["LeftLowerArm"] = CFrame.new(-0.000499, -0.044579, 0.000242, 1.000000, -0.000000, -0.000000, 0.000000, 1.000000, -0.000001, 0.000000, -0.000000, 1.000000),

              ["LeftLowerLeg"] = CFrame.new(0.000000, 0.126049, -0.100090, 1.000000, -0.000000, -0.000000, 0.000000, -0.037366, 0.999301, -0.000000, -0.999302, -0.037379),

              ["LeftUpperArm"] = CFrame.new(-0.032815, -0.606104, -0.214031, 0.019743, 0.996811, 0.077313, -0.908168, 0.050220, -0.415582, -0.418140, -0.062008, 0.906264),

              ["LeftUpperLeg"] = CFrame.new(-0.000000, -0.000000, -0.000100, 0.777348, 0.290569, -0.557936, -0.600789, 0.079971, -0.795396, -0.186500, 0.953506, 0.236756),

              ["LowerTorso"] = CFrame.new(0.052177, -0.249463, 0.376737, 0.995261, -0.031936, 0.091843, -0.020691, 0.853342, 0.520941, -0.095010, -0.520373, 0.848637),

              ["RightFoot"] = CFrame.new(-0.000000, 0.017996, -0.000102, 0.994705, 0.078614, 0.066195, -0.070190, 0.990147, -0.121182, -0.075064, 0.115882, 0.990421),

              ["RightHand"] = CFrame.new(-0.000487, 0.019665, -0.000000, 0.881594, 0.407890, -0.237529, -0.204012, 0.783073, 0.587520, 0.425642, -0.469492, 0.773563),

              ["RightLowerArm"] = CFrame.new(-0.000000, 0.097904, 0.040358, 1.000000, 0.000000, 0.000000, -0.000000, 0.584895, -0.811109, -0.000000, 0.811109, 0.584895),

              ["RightLowerLeg"] = CFrame.new(0.000000, 0.082811, -0.024986, 1.000000, 0.000000, 0.000000, -0.000000, 0.744729, 0.667369, 0.000000, -0.667368, 0.744727),

              ["RightUpperArm"] = CFrame.new(-0.152015, -0.520400, -0.072481, 0.731819, -0.675643, 0.089148, 0.665904, 0.681102, -0.304422, 0.144962, 0.282147, 0.948356),

              ["RightUpperLeg"] = CFrame.new(-0.000000, -0.000000, -0.000000, 0.982088, -0.172843, -0.075033, 0.001060, 0.403253, -0.915081, 0.188422, 0.898617, 0.396229),

              ["UpperTorso"] = CFrame.new(-0.025654, 0.167888, -0.059021, 0.999119, 0.041753, 0.004137, -0.040615, 0.987173, -0.154399, -0.010531, 0.154095, 0.988000)

          }},

          {Time = 0.133, Data = {

              ["Head"] = CFrame.new(0.000000, -0.000000, 0.000000, 0.964194, -0.238997, -0.114934, 0.240120, 0.970734, -0.004175, 0.112568, -0.023573, 0.993364),

              ["LeftFoot"] = CFrame.new(0.000000, 0.032717, -0.000001, 0.961700, -0.209677, -0.176553, 0.233083, 0.964498, 0.124182, 0.144240, -0.160560, 0.976426),

              ["LeftHand"] = CFrame.new(0.000529, -0.043951, -0.000000, 0.997063, 0.065708, -0.039335, -0.070892, 0.986209, -0.149553, 0.028966, 0.151901, 0.987971),

              ["LeftLowerArm"] = CFrame.new(-0.000499, -0.044097, 0.000240, 1.000000, -0.000000, -0.000000, 0.000000, 1.000000, -0.000001, 0.000000, -0.000000, 1.000000),

              ["LeftLowerLeg"] = CFrame.new(-0.000000, 0.126048, -0.100347, 1.000000, -0.000000, -0.000000, 0.000000, -0.040046, 0.999197, -0.000000, -0.999198, -0.040058),

              ["LeftUpperArm"] = CFrame.new(-0.030932, -0.611899, -0.200852, 0.023509, 0.996422, 0.081188, -0.919758, 0.053382, -0.388840, -0.391782, -0.065532, 0.917721),

              ["LeftUpperLeg"] = CFrame.new(0.000000, 0.000000, -0.000100, 0.768729, 0.335696, -0.544385, -0.608033, 0.119589, -0.784851, -0.198370, 0.934348, 0.296065),

              ["LowerTorso"] = CFrame.new(0.062425, -0.269923, 0.301754, 0.995254, -0.034249, 0.091091, -0.019823, 0.845055, 0.534311, -0.095277, -0.533581, 0.840366),

              ["RightFoot"] = CFrame.new(-0.000000, 0.020559, -0.000102, 0.994997, 0.076427, 0.064354, -0.062202, 0.977894, -0.199651, -0.078185, 0.194633, 0.977751),

              ["RightHand"] = CFrame.new(-0.000487, 0.019402, -0.000000, 0.888929, 0.395834, -0.230482, -0.208917, 0.798173, 0.565046, 0.407626, -0.454131, 0.792213),

              ["RightLowerArm"] = CFrame.new(0.000000, 0.096630, 0.038920, 1.000000, 0.000000, 0.000000, -0.000000, 0.599785, -0.800161, -0.000000, 0.800161, 0.599785),

              ["RightLowerLeg"] = CFrame.new(0.000000, 0.090317, -0.030029, 1.000000, 0.000000, 0.000000, -0.000000, 0.692377, 0.721540, 0.000000, -0.721536, 0.692373),

              ["RightUpperArm"] = CFrame.new(-0.158890, -0.515032, -0.060999, 0.745569, -0.661591, 0.080155, 0.655167, 0.705631, -0.269890, 0.121998, 0.253737, 0.959549),

              ["RightUpperLeg"] = CFrame.new(0.000000, 0.000000, -0.000000, 0.982646, -0.169054, -0.076341, -0.003532, 0.394415, -0.918918, 0.185457, 0.903248, 0.386990),

              ["UpperTorso"] = CFrame.new(-0.038143, 0.174720, -0.018564, 0.999273, 0.038006, 0.003069, -0.036604, 0.978711, -0.201952, -0.010679, 0.201693, 0.979391)

          }},

          {Time = 0.167, Data = {

              ["Head"] = CFrame.new(0.000000, -0.000000, -0.000000, 0.964880, -0.236207, -0.114949, 0.240585, 0.970290, 0.025636, 0.105478, -0.052390, 0.993041),

              ["LeftFoot"] = CFrame.new(-0.000000, 0.032656, -0.000001, 0.959716, -0.214932, -0.180978, 0.225064, 0.973634, 0.037202, 0.168202, -0.076422, 0.982783),

              ["LeftHand"] = CFrame.new(0.000528, -0.043341, -0.000000, 0.996266, 0.074133, -0.044258, -0.079920, 0.985778, -0.147835, 0.032669, 0.150820, 0.988021),

              ["LeftLowerArm"] = CFrame.new(-0.000499, -0.043488, 0.000236, 1.000000, -0.000000, -0.000000, 0.000000, 1.000000, -0.000001, 0.000000, -0.000000, 1.000000),

              ["LeftLowerLeg"] = CFrame.new(-0.000000, 0.126048, -0.099796, 1.000000, -0.000000, -0.000000, 0.000000, -0.034292, 0.999411, -0.000000, -0.999412, -0.034305),

              ["LeftUpperArm"] = CFrame.new(-0.029293, -0.618253, -0.185093, 0.026787, 0.996017, 0.085040, -0.932465, 0.055555, -0.356962, -0.360265, -0.069734, 0.930240),

              ["LeftUpperLeg"] = CFrame.new(0.000000, -0.000000, -0.000100, 0.762922, 0.388571, -0.516676, -0.614450, 0.187340, -0.766387, -0.201004, 0.902173, 0.381702),

              ["LowerTorso"] = CFrame.new(0.068936, -0.291683, 0.211617, 0.995252, -0.034633, 0.090961, -0.019603, 0.844078, 0.535863, -0.095337, -0.535102, 0.839391),

              ["RightFoot"] = CFrame.new(-0.000000, 0.022868, -0.000102, 0.994924, 0.076978, 0.064818, -0.055328, 0.956446, -0.286636, -0.084054, 0.281575, 0.955844),

              ["RightHand"] = CFrame.new(-0.000488, 0.019026, -0.000000, 0.896446, 0.382977, -0.222967, -0.214094, 0.814800, 0.538765, 0.388005, -0.435234, 0.812415),

              ["RightLowerArm"] = CFrame.new(0.000000, 0.094959, 0.037148, 1.000000, 0.000000, 0.000000, 0.000000, 0.618145, -0.786064, -0.000000, 0.786064, 0.618145),

              ["RightLowerLeg"] = CFrame.new(0.000000, 0.096881, -0.035152, 1.000000, 0.000000, 0.000000, -0.000000, 0.639080, 0.769145, 0.000000, -0.769141, 0.639074),

              ["RightUpperArm"] = CFrame.new(-0.166194, -0.508728, -0.048094, 0.760176, -0.645755, 0.071650, 0.642558, 0.730887, -0.230050, 0.096188, 0.220919, 0.970538),

              ["RightUpperLeg"] = CFrame.new(0.000000, -0.000000, -0.000000, 0.982539, -0.168088, -0.079780, -0.003740, 0.410841, -0.911691, 0.186021, 0.896078, 0.403057),

              ["UpperTorso"] = CFrame.new(-0.047998, 0.178257, 0.021428, 0.999464, 0.032689, 0.001911, -0.031266, 0.970056, -0.240861, -0.009727, 0.240672, 0.970558)

          }},

          {Time = 0.200, Data = {

              ["Head"] = CFrame.new(0.000000, 0.000000, -0.000000, 0.965607, -0.233263, -0.114855, 0.240845, 0.968883, 0.057088, 0.097964, -0.082786, 0.991741),

              ["LeftFoot"] = CFrame.new(-0.000000, 0.032531, -0.000001, 0.959545, -0.215378, -0.181353, 0.208933, 0.976429, -0.054155, 0.188733, 0.014080, 0.981926),

              ["LeftHand"] = CFrame.new(0.000528, -0.042577, -0.000000, 0.995403, 0.082284, -0.049021, -0.088592, 0.985501, -0.144705, 0.036403, 0.148382, 0.988260),

              ["LeftLowerArm"] = CFrame.new(-0.000499, -0.042725, 0.000232, 1.000000, -0.000000, -0.000000, 0.000000, 1.000000, -0.000001, 0.000000, -0.000000, 1.000000),

              ["LeftLowerLeg"] = CFrame.new(-0.000000, 0.126047, -0.098063, 1.000000, -0.000000, -0.000000, 0.000000, -0.016252, 0.999868, -0.000000, -0.999868, -0.016264),

              ["LeftUpperArm"] = CFrame.new(-0.028186, -0.624692, -0.167352, 0.029002, 0.995658, 0.088451, -0.945344, 0.056072, -0.321217, -0.324782, -0.074300, 0.942866),

              ["LeftUpperLeg"] = CFrame.new(-0.000000, -0.000000, -0.000100, 0.762155, 0.443667, -0.471455, -0.619359, 0.287709, -0.730486, -0.188452, 0.848754, 0.494086),

              ["LowerTorso"] = CFrame.new(0.068732, -0.312733, 0.109155, 0.995261, -0.031936, 0.091843, -0.020432, 0.854758, 0.518624, -0.095066, -0.518043, 0.850055),

              ["RightFoot"] = CFrame.new(0.000000, 0.024467, -0.000102, 0.994159, 0.082560, 0.069518, -0.050534, 0.925200, -0.376122, -0.095364, 0.370389, 0.923959),

              ["RightHand"] = CFrame.new(-0.000488, 0.018408, -0.000000, 0.903569, 0.370278, -0.215544, -0.219073, 0.831635, 0.510287, 0.368199, -0.413856, 0.832555),

              ["RightLowerArm"] = CFrame.new(-0.000000, 0.092833, 0.035168, 1.000000, 0.000000, 0.000000, -0.000000, 0.638731, -0.769430, -0.000000, 0.769430, 0.638731),

              ["RightLowerLeg"] = CFrame.new(-0.000000, 0.101713, -0.039613, 1.000000, 0.000000, 0.000000, -0.000000, 0.592667, 0.805453, 0.000000, -0.805447, 0.592659),

              ["RightUpperArm"] = CFrame.new(-0.173416, -0.501773, -0.034509, 0.774620, -0.629144, 0.064347, 0.628649, 0.754894, -0.186911, 0.069019, 0.185237, 0.980267),

              ["RightUpperLeg"] = CFrame.new(-0.000000, -0.000000, -0.000000, 0.981189, -0.172713, -0.086248, 0.003394, 0.462111, -0.886806, 0.193019, 0.869842, 0.454022),

              ["UpperTorso"] = CFrame.new(-0.052490, 0.178756, 0.055319, 0.999672, 0.025591, 0.000872, -0.024471, 0.964848, -0.261667, -0.007538, 0.261560, 0.965158)

          }},

          {Time = 0.233, Data = {

              ["Head"] = CFrame.new(0.000000, 0.000000, -0.000000, 0.966332, -0.230344, -0.114643, 0.240869, 0.966531, 0.088315, 0.090463, -0.112956, 0.989473),

              ["LeftFoot"] = CFrame.new(-0.000000, 0.032333, -0.000001, 0.961989, -0.208903, -0.175902, 0.185015, 0.972292, -0.142890, 0.200867, 0.104916, 0.973982),

              ["LeftHand"] = CFrame.new(0.000527, -0.041601, -0.000000, 0.994551, 0.089599, -0.053295, -0.096280, 0.985466, -0.139951, 0.039981, 0.144319, 0.988723),

              ["LeftLowerArm"] = CFrame.new(-0.000499, -0.041750, 0.000227, 1.000000, -0.000000, -0.000000, 0.000000, 1.000000, -0.000001, 0.000000, -0.000000, 1.000000),

              ["LeftLowerLeg"] = CFrame.new(-0.000000, 0.125973, -0.094814, 1.000000, -0.000000, -0.000000, 0.000000, 0.017555, 0.999846, -0.000000, -0.999846, 0.017542),

              ["LeftUpperArm"] = CFrame.new(-0.027799, -0.630799, -0.148309, 0.029774, 0.995400, 0.091067, -0.957559, 0.054536, -0.283032, -0.286696, -0.078774, 0.954777),

              ["LeftUpperLeg"] = CFrame.new(-0.000000, -0.000000, -0.000100, 0.768699, 0.493271, -0.407158, -0.620508, 0.420698, -0.661794, -0.155155, 0.761379, 0.629485),

              ["LowerTorso"] = CFrame.new(0.058799, -0.330442, -0.003158, 0.995281, -0.024909, 0.093788, -0.022711, 0.879861, 0.474689, -0.094344, -0.474578, 0.875143),

              ["RightFoot"] = CFrame.new(0.000000, 0.025172, -0.000102, 0.992051, 0.096264, 0.081056, -0.048276, 0.885932, -0.461321, -0.116211, 0.453715, 0.883523),

              ["RightHand"] = CFrame.new(-0.000489, 0.017727, -0.000000, 0.909942, 0.358444, -0.208626, -0.223754, 0.847829, 0.480752, 0.349199, -0.390772, 0.851677),

              ["RightLowerArm"] = CFrame.new(0.000000, 0.090411, 0.033012, 1.000000, 0.000000, 0.000000, -0.000000, 0.661100, -0.750297, -0.000000, 0.750298, 0.661100),

              ["RightLowerLeg"] = CFrame.new(-0.000000, 0.104330, -0.042514, 1.000000, 0.000000, 0.000000, -0.000000, 0.562593, 0.826740, 0.000000, -0.826734, 0.562584),

              ["RightUpperArm"] = CFrame.new(-0.180202, -0.494454, -0.020891, 0.788192, -0.612595, 0.058999, 0.614010, 0.776243, -0.142963, 0.041782, 0.148909, 0.987968),

              ["RightUpperLeg"] = CFrame.new(0.000000, -0.000000, -0.000000, 0.977586, -0.186426, -0.097841, 0.022334, 0.553896, -0.832274, 0.209351, 0.811446, 0.545663),

              ["UpperTorso"] = CFrame.new(-0.048876, 0.176980, 0.077905, 0.999864, 0.016527, 0.000216, -0.015926, 0.966815, -0.254981, -0.004423, 0.254943, 0.966946)

          }},

          {Time = 0.267, Data = {

              ["Head"] = CFrame.new(0.000000, -0.000000, -0.000000, 0.967014, -0.227624, -0.114328, 0.240678, 0.963471, 0.117465, 0.083414, -0.141107, 0.986474),

              ["LeftFoot"] = CFrame.new(0.000000, 0.032014, -0.000001, 0.967294, -0.194040, -0.163386, 0.155743, 0.962695, -0.221277, 0.200217, 0.188589, 0.961427),

              ["LeftHand"] = CFrame.new(0.000527, -0.040395, -0.000000, 0.993783, 0.095717, -0.056870, -0.102577, 0.985735, -0.133433, 0.043287, 0.138437, 0.989425),

              ["LeftLowerArm"] = CFrame.new(-0.000498, -0.040547, 0.000220, 1.000000, -0.000000, -0.000000, 0.000000, 1.000000, -0.000001, 0.000000, -0.000000, 1.000000),

              ["LeftLowerLeg"] = CFrame.new(-0.000000, 0.125617, -0.089615, 1.000000, -0.000000, -0.000000, 0.000000, 0.071625, 0.997433, -0.000000, -0.997432, 0.071612),

              ["LeftUpperArm"] = CFrame.new(-0.028203, -0.636241, -0.128738, 0.028966, 0.995284, 0.092577, -0.968441, 0.050880, -0.243993, -0.247553, -0.082587, 0.965348),

              ["LeftUpperLeg"] = CFrame.new(-0.000000, 0.000000, -0.000100, 0.783776, 0.528928, -0.325458, -0.613109, 0.575488, -0.541198, -0.098960, 0.623738, 0.775359),

              ["LowerTorso"] = CFrame.new(0.037751, -0.341489, -0.122977, 0.995299, -0.012589, 0.096027, -0.026705, 0.917403, 0.397062, -0.093094, -0.397760, 0.912754),

              ["RightFoot"] = CFrame.new(-0.000000, 0.025255, -0.000103, 0.987451, 0.120812, 0.101725, -0.048192, 0.843866, -0.534411, -0.150396, 0.522776, 0.839081),

              ["RightHand"] = CFrame.new(-0.000489, 0.017010, 0.000000, 0.915398, 0.347924, -0.202475, -0.228038, 0.862681, 0.451424, 0.331729, -0.367057, 0.869034),

              ["RightLowerArm"] = CFrame.new(0.000000, 0.087758, 0.030770, 1.000000, 0.000000, 0.000000, 0.000000, 0.684340, -0.729163, -0.000000, 0.729163, 0.684340),

              ["RightLowerLeg"] = CFrame.new(-0.000000, 0.104575, -0.042779, 1.000000, 0.000000, 0.000000, -0.000000, 0.559836, 0.828610, 0.000000, -0.828603, 0.559827),

              ["RightUpperArm"] = CFrame.new(-0.186335, -0.487042, -0.007790, 0.800458, -0.596780, 0.055862, 0.599186, 0.794282, -0.100455, 0.015580, 0.113882, 0.993372),

              ["RightUpperLeg"] = CFrame.new(-0.000000, 0.000000, -0.000000, 0.970180, -0.211362, -0.118650, 0.059060, 0.680874, -0.730000, 0.235080, 0.701239, 0.673070),

              ["UpperTorso"] = CFrame.new(-0.035894, 0.173287, 0.086222, 0.999985, 0.005488, 0.000224, -0.005314, 0.976889, -0.213683, -0.001391, 0.213679, 0.976903)

          }},

          {Time = 0.300, Data = {

              ["Head"] = CFrame.new(0.000000, 0.000000, -0.000000, 0.967609, -0.225277, -0.113943, 0.240344, 0.960139, 0.142718, 0.077250, -0.165481, 0.983183),

              ["LeftFoot"] = CFrame.new(-0.000000, 0.031367, -0.000001, 0.973839, -0.173832, -0.146370, 0.127759, 0.951469, -0.279983, 0.187926, 0.253949, 0.948781),

              ["LeftHand"] = CFrame.new(0.000526, -0.038904, -0.000000, 0.993146, 0.100502, -0.059667, -0.107325, 0.986330, -0.125042, 0.046284, 0.130588, 0.990356),

              ["LeftLowerArm"] = CFrame.new(-0.000499, -0.039057, 0.000212, 1.000000, -0.000000, -0.000000, 0.000000, 1.000000, -0.000001, 0.000000, -0.000000, 1.000000),

              ["LeftLowerLeg"] = CFrame.new(0.000000, 0.124462, -0.081975, 1.000000, -0.000000, -0.000000, 0.000000, 0.151129, 0.988516, -0.000000, -0.988514, 0.151114),

              ["LeftUpperArm"] = CFrame.new(-0.029338, -0.640786, -0.109500, 0.026696, 0.995338, 0.092680, -0.977534, 0.045384, -0.205832, -0.209079, -0.085102, 0.974189),

              ["LeftUpperLeg"] = CFrame.new(-0.000000, -0.000001, -0.000100, 0.804027, 0.546387, -0.234511, -0.593949, 0.719687, -0.359532, -0.027671, 0.428383, 0.903184),

              ["LowerTorso"] = CFrame.new(0.010964, -0.343952, -0.246159, 0.995295, 0.004229, 0.096799, -0.032117, 0.956965, 0.288421, -0.091414, -0.290173, 0.952598),

              ["RightFoot"] = CFrame.new(-0.000000, 0.024559, -0.000103, 0.979610, 0.153690, 0.129408, -0.048588, 0.806200, -0.589670, -0.194943, 0.571333, 0.797209),

              ["RightHand"] = CFrame.new(-0.000489, 0.016205, -0.000000, 0.919907, 0.338935, -0.197219, -0.231868, 0.875729, 0.423484, 0.316241, -0.343834, 0.884175),

              ["RightLowerArm"] = CFrame.new(0.000000, 0.084879, 0.028536, 1.000000, 0.000000, 0.000000, 0.000000, 0.707513, -0.706700, -0.000000, 0.706701, 0.707513),

              ["RightLowerLeg"] = CFrame.new(0.000000, 0.102071, -0.040003, 1.000000, 0.000000, 0.000000, -0.000000, 0.588630, 0.808408, 0.000000, -0.808402, 0.588622),

              ["RightUpperArm"] = CFrame.new(-0.191707, -0.479799, 0.004323, 0.811203, -0.582179, 0.054934, 0.584701, 0.808916, -0.061475, -0.008647, 0.081989, 0.996596),

              ["RightUpperLeg"] = CFrame.new(0.000000, -0.000000, -0.000000, 0.958320, -0.241927, -0.151970, 0.115114, 0.813797, -0.569615, 0.261479, 0.528399, 0.807740),

              ["UpperTorso"] = CFrame.new(-0.018433, 0.168562, 0.083325, 0.999976, -0.006930, 0.001065, 0.007011, 0.989956, -0.141200, -0.000076, 0.141204, 0.989981)

          }},

          {Time = 0.333, Data = {

              ["Head"] = CFrame.new(0.000000, -0.000000, 0.000000, 0.968076, -0.223469, -0.113536, 0.239974, 0.957116, 0.162301, 0.072398, -0.184365, 0.980188),

              ["LeftFoot"] = CFrame.new(-0.000000, 0.030339, -0.000002, 0.979819, -0.152906, -0.128751, 0.106392, 0.944209, -0.311703, 0.169219, 0.291702, 0.941416),

              ["LeftHand"] = CFrame.new(0.000524, -0.037081, -0.000000, 0.992656, 0.104037, -0.061733, -0.110599, 0.987230, -0.114655, 0.049016, 0.120640, 0.991485),

              ["LeftLowerArm"] = CFrame.new(-0.000499, -0.037235, 0.000202, 1.000000, -0.000000, -0.000000, 0.000000, 1.000000, -0.000001, 0.000000, -0.000000, 1.000000),

              ["LeftLowerLeg"] = CFrame.new(-0.000000, 0.121800, -0.071822, 1.000000, -0.000000, -0.000000, 0.000000, 0.256735, 0.966486, -0.000000, -0.966482, 0.256719),

              ["LeftUpperArm"] = CFrame.new(-0.031027, -0.644330, -0.091538, 0.023320, 0.995574, 0.091042, -0.984619, 0.038645, -0.170389, -0.173153, -0.085667, 0.981162),

              ["LeftUpperLeg"] = CFrame.new(0.000000, -0.000000, -0.000100, 0.825008, 0.546327, -0.144517, -0.563011, 0.816673, -0.126722, 0.048790, 0.185937, 0.981354),

              ["LowerTorso"] = CFrame.new(-0.014339, -0.336665, -0.367330, 0.995247, 0.023926, 0.094396, -0.038513, 0.987024, 0.155884, -0.089441, -0.158779, 0.983255),

              ["RightFoot"] = CFrame.new(0.000000, 0.022611, -0.000103, 0.968995, 0.189012, 0.159149, -0.049537, 0.779626, -0.624307, -0.242064, 0.597040, 0.764796),

              ["RightHand"] = CFrame.new(-0.000490, 0.015305, 0.000000, 0.923526, 0.331511, -0.192877, -0.235295, 0.886850, 0.397663, 0.302880, -0.321866, 0.897030),

              ["RightLowerArm"] = CFrame.new(0.000000, 0.081805, 0.026341, 1.000000, 0.000000, 0.000000, 0.000000, 0.730268, -0.683160, -0.000000, 0.683161, 0.730269),

              ["RightLowerLeg"] = CFrame.new(0.000000, 0.096107, -0.034491, 1.000000, 0.000000, 0.000000, -0.000000, 0.645953, 0.763383, 0.000000, -0.763377, 0.645947),

              ["RightUpperArm"] = CFrame.new(-0.196289, -0.472973, 0.015042, 0.820366, -0.569065, 0.056262, 0.571047, 0.820431, -0.028249, -0.030083, 0.055304, 0.998016),

              ["RightUpperLeg"] = CFrame.new(0.000000, -0.000000, -0.000000, 0.942970, -0.268162, -0.197228, 0.186124, 0.915953, -0.355489, 0.275980, 0.298528, 0.913635),

              ["UpperTorso"] = CFrame.new(-0.002961, 0.163208, 0.073079, 0.999796, -0.019993, 0.002735, 0.020094, 0.998826, -0.044074, -0.001851, 0.044120, 0.999025)

          }},

          {Time = 0.367, Data = {

              ["Head"] = CFrame.new(-0.000000, -0.000000, 0.000000, 0.968385, -0.222319, -0.113156, 0.239681, 0.954955, 0.174966, 0.069161, -0.196556, 0.978050),

              ["LeftFoot"] = CFrame.new(0.000000, 0.028703, -0.000002, 0.984185, -0.135510, -0.114102, 0.093651, 0.944730, -0.314203, 0.150364, 0.298533, 0.942474),

              ["LeftHand"] = CFrame.new(0.000523, -0.034935, -0.000000, 0.992292, 0.106584, -0.063221, -0.112675, 0.988358, -0.102235, 0.051588, 0.108570, 0.992749),

              ["LeftLowerArm"] = CFrame.new(-0.000499, -0.035092, 0.000190, 1.000000, -0.000000, -0.000000, 0.000000, 1.000000, -0.000001, 0.000000, -0.000000, 1.000000),

              ["LeftLowerLeg"] = CFrame.new(0.000000, 0.116710, -0.059830, 1.000000, -0.000000, -0.000000, 0.000000, 0.381482, 0.924382, -0.000000, -0.924376, 0.381467),

              ["LeftUpperArm"] = CFrame.new(-0.033009, -0.646897, -0.075698, 0.019356, 0.995986, 0.087390, -0.989753, 0.031456, -0.139283, -0.141473, -0.083798, 0.986389),

              ["LeftUpperLeg"] = CFrame.new(-0.000000, -0.000000, -0.000100, 0.843295, 0.533672, -0.063616, -0.523289, 0.842297, 0.129264, 0.122566, -0.075692, 0.989568),

              ["LowerTorso"] = CFrame.new(-0.032208, -0.319157, -0.480645, 0.995143, 0.044471, 0.087821, -0.045457, 0.998923, 0.009269, -0.087314, -0.013217, 0.996093),

              ["RightFoot"] = CFrame.new(0.000000, 0.019079, -0.000103, 0.957884, 0.219669, 0.184962, -0.052881, 0.768016, -0.638267, -0.282245, 0.601579, 0.747265),

              ["RightHand"] = CFrame.new(-0.000490, 0.014390, -0.000000, 0.926384, 0.325507, -0.189364, -0.238463, 0.896242, 0.374015, 0.291458, -0.301322, 0.907884),

              ["RightLowerArm"] = CFrame.new(-0.000000, 0.078566, 0.024153, 1.000000, 0.000000, 0.000000, -0.000000, 0.752908, -0.658125, -0.000000, 0.658125, 0.752909),

              ["RightLowerLeg"] = CFrame.new(-0.000000, 0.086040, -0.027079, 1.000000, 0.000000, 0.000000, -0.000000, 0.723032, 0.690818, 0.000000, -0.690815, 0.723029),

              ["RightUpperArm"] = CFrame.new(-0.200120, -0.466756, 0.024075, 0.828029, -0.557470, 0.059957, 0.558614, 0.829423, -0.002833, -0.048150, 0.035839, 0.998197),

              ["RightUpperLeg"] = CFrame.new(0.000000, -0.000000, -0.000000, 0.927187, -0.280297, -0.248516, 0.261184, 0.959283, -0.107488, 0.268526, 0.034776, 0.962646),

              ["UpperTorso"] = CFrame.new(0.005420, 0.157077, 0.058402, 0.999442, -0.033020, 0.005067, 0.032587, 0.997031, 0.069768, -0.007355, -0.069564, 0.997550)

          }},

          {Time = 0.400, Data = {

              ["Head"] = CFrame.new(-0.000000, 0.000000, 0.000000, 0.968552, -0.221758, -0.112826, 0.239513, 0.953791, 0.181429, 0.067379, -0.202747, 0.976910),

              ["LeftFoot"] = CFrame.new(-0.000000, 0.026443, -0.000003, 0.987097, -0.122490, -0.103139, 0.087833, 0.952729, -0.290867, 0.133882, 0.278037, 0.951188),

              ["LeftHand"] = CFrame.new(0.000522, -0.032562, -0.000000, 0.992018, 0.108457, -0.064315, -0.113909, 0.989567, -0.088220, 0.054076, 0.094842, 0.994023),

              ["LeftLowerArm"] = CFrame.new(-0.000499, -0.032722, 0.000177, 1.000000, -0.000000, -0.000000, 0.000000, 1.000000, -0.000001, 0.000000, -0.000000, 1.000000),

              ["LeftLowerLeg"] = CFrame.new(-0.000000, 0.108725, -0.047167, 1.000000, -0.000000, -0.000000, 0.000000, 0.513051, 0.858365, -0.000000, -0.858358, 0.513040),

              ["LeftUpperArm"] = CFrame.new(-0.035058, -0.648667, -0.062254, 0.015257, 0.996525, 0.081888, -0.993296, 0.024491, -0.112972, -0.114586, -0.079615, 0.990218),

              ["LeftUpperLeg"] = CFrame.new(-0.000000, -0.000000, -0.000100, 0.858456, 0.512863, 0.005135, -0.477207, 0.795035, 0.374442, 0.187954, -0.323869, 0.927236),

              ["LowerTorso"] = CFrame.new(-0.042403, -0.291076, -0.581803, 0.994982, 0.063731, 0.077133, -0.052513, 0.988813, -0.139610, -0.085168, 0.134859, 0.987198),

              ["RightFoot"] = CFrame.new(-0.000000, 0.014492, -0.000103, 0.948471, 0.242395, 0.204097, -0.062047, 0.773698, -0.630532, -0.310730, 0.585352, 0.748848),

              ["RightHand"] = CFrame.new(-0.000492, 0.013134, 0.000000, 0.928703, 0.320538, -0.186457, -0.241211, 0.904081, 0.352785, 0.281650, -0.282654, 0.916939),

              ["RightLowerArm"] = CFrame.new(-0.000000, 0.074970, 0.022083, 1.000000, 0.000000, 0.000000, -0.000000, 0.774405, -0.632691, -0.000000, 0.632691, 0.774405),

              ["RightLowerLeg"] = CFrame.new(0.000000, 0.071475, -0.018448, 1.000000, 0.000000, 0.000000, -0.000000, 0.812228, 0.583339, 0.000000, -0.583340, 0.812229),

              ["RightUpperArm"] = CFrame.new(-0.203352, -0.461158, 0.031451, 0.834493, -0.547158, 0.065116, 0.547417, 0.836718, 0.015384, -0.062901, 0.022808, 0.997759),

              ["RightUpperLeg"] = CFrame.new(0.000000, -0.000000, -0.000000, 0.913674, -0.274359, -0.299882, 0.328938, 0.932514, 0.149075, 0.238745, -0.234830, 0.942256),

              ["UpperTorso"] = CFrame.new(0.007316, 0.148891, 0.041885, 0.998935, -0.045480, 0.007811, 0.043168, 0.980813, 0.190114, -0.016308, -0.189574, 0.981731)

          }},

          {Time = 0.433, Data = {

              ["Head"] = CFrame.new(-0.000000, -0.000000, 0.000000, 0.968604, -0.221671, -0.112550, 0.239469, 0.953527, 0.182869, 0.066783, -0.204080, 0.976674),

              ["LeftFoot"] = CFrame.new(0.000000, 0.022831, -0.000003, 0.988829, -0.114024, -0.096010, 0.086980, 0.964447, -0.249570, 0.121045, 0.238414, 0.963585),

              ["LeftHand"] = CFrame.new(0.000520, -0.030038, -0.000000, 0.991802, 0.109919, -0.065169, -0.114605, 0.990714, -0.073147, 0.056523, 0.080016, 0.995190),

              ["LeftLowerArm"] = CFrame.new(-0.000499, -0.030201, 0.000164, 1.000000, -0.000000, -0.000000, 0.000000, 1.000000, -0.000001, 0.000000, -0.000000, 1.000000),

              ["LeftLowerLeg"] = CFrame.new(-0.000000, 0.097556, -0.035460, 1.000000, -0.000000, -0.000000, 0.000000, 0.634832, 0.772656, -0.000000, -0.772650, 0.634825),

              ["LeftUpperArm"] = CFrame.new(-0.036995, -0.649835, -0.051304, 0.011384, 0.997134, 0.074792, -0.995630, 0.018236, -0.091584, -0.092686, -0.073422, 0.992985),

              ["LeftUpperLeg"] = CFrame.new(0.000000, -0.000000, -0.000100, 0.870550, 0.488397, 0.060115, -0.428810, 0.693020, 0.579537, 0.241383, -0.530275, 0.812726),

              ["LowerTorso"] = CFrame.new(-0.046264, -0.253906, -0.666954, 0.994776, 0.079938, 0.063492, -0.059243, 0.958563, -0.278654, -0.083136, 0.273437, 0.958291),

              ["RightFoot"] = CFrame.new(-0.000000, 0.010861, -0.000103, 0.942440, 0.255791, 0.215378, -0.080959, 0.799477, -0.595239, -0.324428, 0.543514, 0.774147),

              ["RightHand"] = CFrame.new(-0.000492, 0.011915, -0.000000, 0.930678, 0.316236, -0.183938, -0.243855, 0.911043, 0.332472, 0.272713, -0.264567, 0.925002),

              ["RightLowerArm"] = CFrame.new(-0.000000, 0.071187, 0.019989, 1.000000, 0.000000, 0.000000, -0.000000, 0.796078, -0.605194, -0.000000, 0.605194, 0.796078),

              ["RightLowerLeg"] = CFrame.new(0.000000, 0.052329, -0.009202, 1.000000, 0.000000, 0.000000, -0.000000, 0.906499, 0.422198, 0.000000, -0.422207, 0.906504),

              ["RightUpperArm"] = CFrame.new(-0.206124, -0.456145, 0.037247, 0.840036, -0.537753, 0.071840, 0.537392, 0.842934, 0.025918, -0.074493, 0.016835, 0.997079),

              ["RightUpperLeg"] = CFrame.new(0.000000, -0.000000, 0.000000, 0.904505, -0.247564, -0.347252, 0.380229, 0.836880, 0.393787, 0.193122, -0.488204, 0.851086),

              ["UpperTorso"] = CFrame.new(0.004728, 0.137971, 0.025911, 0.998323, -0.056897, 0.010679, 0.050903, 0.950615, 0.306170, -0.027572, -0.305113, 0.951917)

          }},

          {Time = 0.467, Data = {

              ["Head"] = CFrame.new(-0.000000, 0.000000, 0.000000, 0.968568, -0.221947, -0.112322, 0.239528, 0.953974, 0.180442, 0.067104, -0.201674, 0.977151),

              ["LeftFoot"] = CFrame.new(-0.000000, 0.018318, -0.000003, 0.989604, -0.110016, -0.092636, 0.089807, 0.975782, -0.199474, 0.112330, 0.189066, 0.975514),

              ["LeftHand"] = CFrame.new(0.000518, -0.027478, 0.000000, 0.991613, 0.111175, -0.065902, -0.115008, 0.991697, -0.057541, 0.058958, 0.064638, 0.996166),

              ["LeftLowerArm"] = CFrame.new(-0.000499, -0.027644, 0.000150, 1.000000, -0.000000, -0.000000, 0.000000, 1.000000, -0.000001, 0.000000, -0.000000, 1.000000),

              ["LeftLowerLeg"] = CFrame.new(0.000000, 0.084575, -0.025883, 1.000000, -0.000000, -0.000000, 0.000000, 0.734396, 0.678724, -0.000000, -0.678722, 0.734393),

              ["LeftUpperArm"] = CFrame.new(-0.038672, -0.650561, -0.042918, 0.008028, 0.997765, 0.066340, -0.997082, 0.013024, -0.075218, -0.075914, -0.065542, 0.994958),

              ["LeftUpperLeg"] = CFrame.new(0.000000, -0.000000, -0.000100, 0.879655, 0.464688, 0.101362, -0.383283, 0.566435, 0.729563, 0.281603, -0.680600, 0.676361),

              ["LowerTorso"] = CFrame.new(-0.045436, -0.211245, -0.732851, 0.994550, 0.092081, 0.048900, -0.065210, 0.915341, -0.397365, -0.081349, 0.392010, 0.916357),

              ["RightFoot"] = CFrame.new(0.000000, 0.005943, -0.000103, 0.940430, 0.260082, 0.218993, -0.109420, 0.841342, -0.529333, -0.321900, 0.473815, 0.819664),

              ["RightHand"] = CFrame.new(-0.000493, 0.011067, -0.000000, 0.932460, 0.312297, -0.181631, -0.246660, 0.917665, 0.311530, 0.263964, -0.245686, 0.932716),

              ["RightLowerArm"] = CFrame.new(0.000000, 0.067338, 0.017750, 1.000000, 0.000000, 0.000000, 0.000000, 0.819060, -0.573707, -0.000000, 0.573707, 0.819061),

              ["RightLowerLeg"] = CFrame.new(0.000000, 0.025635, -0.001955, 1.000000, 0.000000, 0.000000, -0.000000, 0.979979, 0.199082, 0.000000, -0.199099, 0.979983),

              ["RightUpperArm"] = CFrame.new(-0.208544, -0.451687, 0.041523, 0.844876, -0.528903, 0.080292, 0.528477, 0.848479, 0.028208, -0.083045, 0.018601, 0.996372),

              ["RightUpperLeg"] = CFrame.new(0.000000, -0.000000, -0.000000, 0.900551, -0.201039, -0.385477, 0.410844, 0.683509, 0.603350, 0.142181, -0.701711, 0.698124),

              ["UpperTorso"] = CFrame.new(-0.000389, 0.124665, 0.012250, 0.997676, -0.066821, 0.013358, 0.055568, 0.911241, 0.408107, -0.039442, -0.406417, 0.912836)

          }},

          {Time = 0.500, Data = {

              ["Head"] = CFrame.new(0.000000, -0.000000, 0.000000, 0.968469, -0.222474, -0.112132, 0.239654, 0.954902, 0.175294, 0.068077, -0.196640, 0.978110),

              ["LeftFoot"] = CFrame.new(-0.000000, 0.014580, -0.000003, 0.989551, -0.110294, -0.092871, 0.095644, 0.984107, -0.149633, 0.107890, 0.139175, 0.984370),

              ["LeftHand"] = CFrame.new(0.000516, -0.024966, -0.000000, 0.991433, 0.112366, -0.066598, -0.115297, 0.992446, -0.041928, 0.061383, 0.049248, 0.996899),

              ["LeftLowerArm"] = CFrame.new(-0.000500, -0.025135, 0.000136, 1.000000, -0.000000, -0.000000, 0.000000, 1.000000, -0.000001, 0.000000, -0.000000, 1.000000),

              ["LeftLowerLeg"] = CFrame.new(0.000000, 0.072731, -0.018921, 1.000000, -0.000000, 0.000000, 0.000000, 0.806341, 0.591450, -0.000000, -0.591452, 0.806342),

              ["LeftUpperArm"] = CFrame.new(-0.039980, -0.650976, -0.037142, 0.005413, 0.998372, 0.056777, -0.997912, 0.009048, -0.063952, -0.064362, -0.056311, 0.996337),

