return {
["lean twerk 2"] = {

          {Time = 0.000, Data = {

              ["Head"] = CFrame.new(0.000000, 0.000000, 0.000000, 1.000000, -0.000000, 0.000000, 0.000000, 0.944768, -0.327741, 0.000000, 0.327741, 0.944768),

              ["LeftFoot"] = CFrame.new(-0.000000, 0.007496, -0.000003, 0.998665, -0.039510, -0.033270, 0.040394, 0.998839, 0.026270, 0.032191, -0.027572, 0.999101),

              ["LeftHand"] = CFrame.new(0.000500, 0.000100, 0.000000, 1.000000, 0.000000, 0.000000, -0.000000, 1.000000, 0.000001, -0.000000, -0.000000, 1.000000),

              ["LeftLowerArm"] = CFrame.new(-0.000500, -0.000100, -0.000000, 1.000000, -0.000000, -0.000000, 0.000000, 1.000000, -0.000001, 0.000000, -0.000000, 1.000000),

              ["LeftLowerLeg"] = CFrame.new(-0.000000, 0.035037, -0.003689, 1.000000, -0.000000, -0.000000, 0.000000, 0.961422, 0.275065, 0.000000, -0.275079, 0.961426),

              ["LeftUpperArm"] = CFrame.new(0.000000, 0.000000, -0.000000, 1.000000, 0.000000, 0.000000, 0.000000, -0.999223, 0.039415, 0.000000, -0.039415, -0.999223),

              ["LeftUpperLeg"] = CFrame.new(0.000000, -0.000000, -0.000100, 0.546151, 0.343622, 0.763970, 0.348868, 0.735838, -0.580365, -0.761584, 0.583496, 0.282005),

              ["LowerTorso"] = CFrame.new(0.025378, -0.048970, 0.199610, 0.989796, 0.000514, -0.142488, 0.070664, 0.866587, 0.493997, 0.123732, -0.499025, 0.857709),

              ["RightFoot"] = CFrame.new(0.000000, -0.007827, -0.000103, 0.997988, -0.048498, -0.040835, 0.054906, 0.983177, 0.174234, 0.031698, -0.176102, 0.983857),

              ["RightHand"] = CFrame.new(-0.000500, 0.000001, -0.000000, 1.000000, -0.000000, -0.000000, 0.000000, 1.000000, 0.000001, 0.000000, -0.000000, 1.000000),

              ["RightLowerArm"] = CFrame.new(-0.000000, 0.000000, -0.000000, 1.000000, 0.000000, 0.000000, -0.000000, 1.000000, -0.000001, -0.000000, -0.000000, 1.000000),

              ["RightLowerLeg"] = CFrame.new(0.000000, -0.007798, -0.000100, 1.000000, -0.000000, -0.000000, -0.000000, 1.000000, -0.000007, 0.000000, -0.000010, 1.000000),

              ["RightUpperArm"] = CFrame.new(0.000000, 0.000000, -0.000000, 1.000000, -0.000000, -0.000000, -0.000000, -0.999736, 0.022962, -0.000000, -0.022962, -0.999736),

              ["RightUpperLeg"] = CFrame.new(-0.000000, -0.000000, -0.000000, 0.715483, -0.017940, -0.698401, -0.428744, 0.778009, -0.459212, 0.551600, 0.627997, 0.548963),

              ["UpperTorso"] = CFrame.new(-0.018091, 0.088669, 0.054199, 0.989797, 0.070664, 0.123732, 0.000514, 0.866587, -0.499025, -0.142488, 0.493997, 0.857709)

          }},

          {Time = 0.017, Data = {

              ["Head"] = CFrame.new(0.000000, 0.000000, 0.000000, 1.000000, -0.000000, 0.000000, 0.000000, 0.944768, -0.327741, 0.000000, 0.327741, 0.944768),

              ["LeftFoot"] = CFrame.new(0.000000, 0.007844, -0.000003, 0.998724, -0.038626, -0.032526, 0.039186, 0.999093, 0.016705, 0.031848, -0.017953, 0.999331),

              ["LeftHand"] = CFrame.new(0.000500, 0.000100, 0.000000, 1.000000, 0.000000, 0.000000, -0.000000, 1.000000, 0.000001, -0.000000, -0.000000, 1.000000),

              ["LeftLowerArm"] = CFrame.new(-0.000500, -0.000100, -0.000000, 1.000000, -0.000000, -0.000000, 0.000000, 1.000000, -0.000001, 0.000000, -0.000000, 1.000000),

              ["LeftLowerLeg"] = CFrame.new(0.000000, 0.036912, -0.004144, 1.000000, -0.000000, 0.000000, 0.000000, 0.956814, 0.290687, -0.000000, -0.290701, 0.956818),

              ["LeftUpperArm"] = CFrame.new(0.000000, 0.003395, -0.000000, 1.000000, 0.000000, 0.000000, 0.000000, -0.999223, 0.039415, 0.000000, -0.039415, -0.999223),

              ["LeftUpperLeg"] = CFrame.new(-0.000000, -0.000000, -0.000100, 0.546566, 0.346045, 0.762578, 0.348793, 0.733806, -0.582976, -0.761321, 0.584621, 0.280381),

              ["LowerTorso"] = CFrame.new(0.021200, -0.053855, 0.198653, 0.989889, 0.002455, -0.141820, 0.068324, 0.867958, 0.491915, 0.124301, -0.496632, 0.859015),

              ["RightFoot"] = CFrame.new(0.000000, -0.005022, -0.000103, 0.998104, -0.047082, -0.039643, 0.053370, 0.982863, 0.176465, 0.030655, -0.178222, 0.983508),

              ["RightHand"] = CFrame.new(-0.000500, 0.000001, -0.000000, 1.000000, -0.000000, -0.000000, 0.000000, 1.000000, 0.000001, 0.000000, -0.000000, 1.000000),

              ["RightLowerArm"] = CFrame.new(-0.000000, -0.000000, -0.000000, 1.000000, 0.000000, 0.000000, -0.000000, 1.000000, -0.000001, -0.000000, -0.000000, 1.000000),

              ["RightLowerLeg"] = CFrame.new(0.000000, -0.005003, -0.000063, 1.000000, 0.000000, -0.000000, 0.000000, 1.000000, -0.000007, -0.000000, -0.000010, 1.000000),

              ["RightUpperArm"] = CFrame.new(0.000000, 0.003335, -0.000000, 1.000000, -0.000000, -0.000000, -0.000000, -0.999736, 0.022962, -0.000000, -0.022962, -0.999736),

              ["RightUpperLeg"] = CFrame.new(-0.000000, -0.000000, -0.000000, 0.715416, -0.022854, -0.698326, -0.424906, 0.779175, -0.460801, 0.554649, 0.626390, 0.547726),

              ["UpperTorso"] = CFrame.new(-0.014895, 0.089669, 0.053997, 0.989890, 0.068324, 0.124301, 0.002455, 0.867958, -0.496632, -0.141820, 0.491915, 0.859015)

          }},

          {Time = 0.033, Data = {

              ["Head"] = CFrame.new(0.000000, 0.000000, 0.000000, 1.000000, -0.000000, 0.000000, 0.000000, 0.944768, -0.327741, 0.000000, 0.327741, 0.944768),

              ["LeftFoot"] = CFrame.new(-0.000000, 0.008806, -0.000003, 0.998883, -0.036147, -0.030439, 0.035839, 0.999301, -0.010672, 0.030800, 0.009571, 0.999480),

              ["LeftHand"] = CFrame.new(0.000500, 0.000100, 0.000000, 1.000000, 0.000000, 0.000000, -0.000000, 1.000000, 0.000001, -0.000000, -0.000000, 1.000000),

              ["LeftLowerArm"] = CFrame.new(-0.000500, -0.000100, -0.000000, 1.000000, -0.000000, -0.000000, 0.000000, 1.000000, -0.000001, 0.000000, -0.000000, 1.000000),

              ["LeftLowerLeg"] = CFrame.new(-0.000000, 0.042200, -0.005585, 1.000000, -0.000000, 0.000000, 0.000000, 0.942207, 0.335021, 0.000000, -0.335032, 0.942211),

              ["LeftUpperArm"] = CFrame.new(0.000000, 0.013257, -0.000000, 1.000000, 0.000000, 0.000000, 0.000000, -0.999223, 0.039415, 0.000000, -0.039415, -0.999223),

              ["LeftUpperLeg"] = CFrame.new(-0.000000, 0.000000, -0.000100, 0.547699, 0.353091, 0.758525, 0.348411, 0.727991, -0.590446, -0.760681, 0.587670, 0.275705),

              ["LowerTorso"] = CFrame.new(0.009427, -0.067969, 0.195847, 0.990125, 0.007938, -0.139963, 0.061679, 0.871901, 0.485783, 0.125891, -0.489619, 0.862801),

              ["RightFoot"] = CFrame.new(-0.000000, 0.001097, -0.000103, 0.998417, -0.043020, -0.036223, 0.048551, 0.984395, 0.169164, 0.028380, -0.170633, 0.984922),

              ["RightHand"] = CFrame.new(-0.000500, 0.000001, -0.000000, 1.000000, -0.000000, -0.000000, 0.000000, 1.000000, 0.000001, 0.000000, -0.000000, 1.000000),

              ["RightLowerArm"] = CFrame.new(-0.000000, 0.000000, -0.000000, 1.000000, 0.000000, 0.000000, -0.000000, 1.000000, -0.000001, -0.000000, -0.000000, 1.000000),

              ["RightLowerLeg"] = CFrame.new(-0.000000, 0.004035, -0.000032, 1.000000, 0.000000, -0.000000, -0.000000, 0.999564, 0.029510, 0.000000, -0.029527, 0.999564),

              ["RightUpperArm"] = CFrame.new(0.000000, 0.013024, -0.000000, 1.000000, -0.000000, -0.000000, -0.000000, -0.999736, 0.022962, -0.000000, -0.022962, -0.999736),

              ["RightUpperLeg"] = CFrame.new(0.000000, -0.000000, -0.000000, 0.715121, -0.047779, -0.697367, -0.413803, 0.775121, -0.477440, 0.563356, 0.630004, 0.534537),

              ["UpperTorso"] = CFrame.new(-0.005920, 0.092608, 0.053416, 0.990125, 0.061679, 0.125891, 0.007938, 0.871901, -0.489619, -0.139963, 0.485783, 0.862801)

          }},

          {Time = 0.050, Data = {

              ["Head"] = CFrame.new(0.000000, 0.000000, 0.000000, 1.000000, -0.000000, 0.000000, 0.000000, 0.944768, -0.327741, 0.000000, 0.327741, 0.944768),

              ["LeftFoot"] = CFrame.new(0.000000, 0.010151, -0.000003, 0.999108, -0.032305, -0.027203, 0.030886, 0.998214, -0.051144, 0.028804, 0.050255, 0.998321),

              ["LeftHand"] = CFrame.new(0.000500, 0.000100, 0.000000, 1.000000, 0.000000, 0.000000, -0.000000, 1.000000, 0.000001, -0.000000, -0.000000, 1.000000),

              ["LeftLowerArm"] = CFrame.new(-0.000500, -0.000100, -0.000000, 1.000000, -0.000000, -0.000000, 0.000000, 1.000000, -0.000001, 0.000000, -0.000000, 1.000000),

              ["LeftLowerLeg"] = CFrame.new(0.000000, 0.049690, -0.008040, 1.000000, -0.000000, -0.000000, 0.000000, 0.917298, 0.398192, 0.000000, -0.398201, 0.917302),

              ["LeftUpperArm"] = CFrame.new(0.000000, 0.029101, -0.000000, 1.000000, 0.000000, 0.000000, 0.000000, -0.999223, 0.039415, 0.000000, -0.039415, -0.999223),

              ["LeftUpperLeg"] = CFrame.new(-0.000000, -0.000000, -0.000100, 0.549361, 0.361983, 0.753113, 0.347544, 0.720647, -0.599891, -0.759879, 0.591301, 0.270097),

              ["LowerTorso"] = CFrame.new(-0.008807, -0.090469, 0.191286, 0.990405, 0.016479, -0.137206, 0.051296, 0.878089, 0.475740, 0.128319, -0.478214, 0.868819),

              ["RightFoot"] = CFrame.new(-0.000000, 0.004897, -0.000103, 0.998859, -0.036541, -0.030768, 0.039975, 0.992012, 0.119657, 0.026149, -0.120734, 0.992338),

              ["RightHand"] = CFrame.new(-0.000500, 0.000001, -0.000000, 1.000000, -0.000000, -0.000000, 0.000000, 1.000000, 0.000001, 0.000000, -0.000000, 1.000000),

              ["RightLowerArm"] = CFrame.new(-0.000000, 0.000000, -0.000000, 1.000000, 0.000000, 0.000000, -0.000000, 1.000000, -0.000001, -0.000000, -0.000000, 1.000000),

              ["RightLowerLeg"] = CFrame.new(0.000000, 0.020466, -0.001206, 1.000000, 0.000000, 0.000000, -0.000000, 0.987567, 0.157180, 0.000000, -0.157197, 0.987570),

              ["RightUpperArm"] = CFrame.new(0.000000, 0.028590, -0.000000, 1.000000, -0.000000, -0.000000, -0.000000, -0.999736, 0.022962, -0.000000, -0.022962, -0.999736),

              ["RightUpperLeg"] = CFrame.new(0.000000, -0.000000, -0.000000, 0.714361, -0.117051, -0.689920, -0.395950, 0.745300, -0.536418, 0.576986, 0.656375, 0.486071),

              ["UpperTorso"] = CFrame.new(0.007886, 0.097468, 0.052483, 0.990405, 0.051296, 0.128319, 0.016479, 0.878089, -0.478214, -0.137206, 0.475740, 0.868819)

          }},

          {Time = 0.067, Data = {

              ["Head"] = CFrame.new(0.000000, 0.000000, 0.000000, 1.000000, -0.000000, 0.000000, 0.000000, 0.944768, -0.327741, 0.000000, 0.327741, 0.944768),

              ["LeftFoot"] = CFrame.new(0.000000, 0.011723, -0.000002, 0.999363, -0.027304, -0.022992, 0.024849, 0.994567, -0.101103, 0.025625, 0.100459, 0.994610),

              ["LeftHand"] = CFrame.new(0.000500, 0.000100, 0.000000, 1.000000, 0.000000, 0.000000, -0.000000, 1.000000, 0.000001, -0.000000, -0.000000, 1.000000),

              ["LeftLowerArm"] = CFrame.new(-0.000500, -0.000100, -0.000000, 1.000000, -0.000000, -0.000000, 0.000000, 1.000000, -0.000001, 0.000000, -0.000000, 1.000000),

              ["LeftLowerLeg"] = CFrame.new(0.000000, 0.058446, -0.011570, 1.000000, -0.000000, 0.000000, 0.000000, 0.881407, 0.472351, -0.000000, -0.472358, 0.881411),

              ["LeftUpperArm"] = CFrame.new(0.000000, 0.050444, -0.000000, 1.000000, 0.000000, 0.000000, 0.000000, -0.999223, 0.039415, 0.000000, -0.039415, -0.999223),

              ["LeftUpperLeg"] = CFrame.new(-0.000000, 0.000000, -0.000100, 0.551351, 0.370905, 0.747295, 0.346051, 0.713369, -0.609376, -0.759118, 0.594588, 0.264972),

              ["LowerTorso"] = CFrame.new(-0.032376, -0.120487, 0.185048, 0.990610, 0.027608, -0.133904, 0.037741, 0.886127, 0.461903, 0.131408, -0.462620, 0.876764),

              ["RightFoot"] = CFrame.new(-0.000000, 0.008079, -0.000103, 0.999338, -0.027826, -0.023430, 0.029372, 0.997219, 0.068496, 0.021458, -0.069131, 0.997376),

              ["RightHand"] = CFrame.new(-0.000500, 0.000001, -0.000000, 1.000000, -0.000000, -0.000000, 0.000000, 1.000000, 0.000001, 0.000000, -0.000000, 1.000000),

              ["RightLowerArm"] = CFrame.new(-0.000000, -0.000000, -0.000000, 1.000000, 0.000000, 0.000000, -0.000000, 1.000000, -0.000001, -0.000000, -0.000000, 1.000000),

              ["RightLowerLeg"] = CFrame.new(0.000000, 0.036902, -0.004291, 1.000000, 0.000000, 0.000000, -0.000000, 0.956330, 0.292278, 0.000000, -0.292291, 0.956333),

              ["RightUpperArm"] = CFrame.new(0.000000, 0.049556, -0.000000, 1.000000, -0.000000, -0.000000, -0.000000, -0.999736, 0.022962, -0.000000, -0.022962, -0.999736),

              ["RightUpperLeg"] = CFrame.new(0.000000, -0.000000, -0.000000, 0.712813, -0.196263, -0.673337, -0.371763, 0.708347, -0.600021, 0.594719, 0.678030, 0.431962),

              ["UpperTorso"] = CFrame.new(0.025549, 0.104287, 0.051197, 0.990610, 0.037741, 0.131408, 0.027608, 0.886127, -0.462620, -0.133904, 0.461903, 0.876764)

          }},

          {Time = 0.083, Data = {

              ["Head"] = CFrame.new(0.000000, 0.000000, 0.000000, 1.000000, -0.000000, 0.000000, 0.000000, 0.944768, -0.327741, 0.000000, 0.327741, 0.944768),

              ["LeftFoot"] = CFrame.new(0.000000, 0.013410, -0.000002, 0.999611, -0.021344, -0.017974, 0.018265, 0.987448, -0.156902, 0.021095, 0.156499, 0.987451),

              ["LeftHand"] = CFrame.new(0.000500, 0.000100, 0.000000, 1.000000, 0.000000, 0.000000, -0.000000, 1.000000, 0.000001, -0.000000, -0.000000, 1.000000),

              ["LeftLowerArm"] = CFrame.new(-0.000500, -0.000100, -0.000000, 1.000000, -0.000000, -0.000000, 0.000000, 1.000000, -0.000001, 0.000000, -0.000000, 1.000000),

              ["LeftLowerLeg"] = CFrame.new(-0.000000, 0.067594, -0.016096, 1.000000, -0.000000, -0.000000, 0.000000, 0.835272, 0.549833, -0.000000, -0.549836, 0.835274),

              ["LeftUpperArm"] = CFrame.new(0.000000, 0.076800, -0.000000, 1.000000, 0.000000, 0.000000, 0.000000, -0.999223, 0.039415, 0.000000, -0.039415, -0.999223),

              ["LeftUpperLeg"] = CFrame.new(-0.000000, 0.000000, -0.000100, 0.553464, 0.378095, 0.742113, 0.343794, 0.707855, -0.617034, -0.758606, 0.596646, 0.261794),

              ["LowerTorso"] = CFrame.new(-0.060152, -0.157135, 0.177210, 0.990614, 0.040853, -0.130445, 0.021582, 0.895579, 0.444380, 0.134978, -0.443024, 0.886291),

              ["RightFoot"] = CFrame.new(0.000000, 0.010846, -0.000103, 0.999752, -0.017026, -0.014336, 0.017318, 0.999639, 0.020551, 0.013981, -0.020793, 0.999686),

              ["RightHand"] = CFrame.new(-0.000500, 0.000001, -0.000000, 1.000000, -0.000000, -0.000000, 0.000000, 1.000000, 0.000001, 0.000000, -0.000000, 1.000000),

              ["RightLowerArm"] = CFrame.new(-0.000000, -0.000000, -0.000000, 1.000000, 0.000000, 0.000000, -0.000000, 1.000000, -0.000001, -0.000000, -0.000000, 1.000000),

              ["RightLowerLeg"] = CFrame.new(0.000000, 0.052258, -0.009176, 1.000000, 0.000000, 0.000000, -0.000000, 0.906773, 0.421610, 0.000000, -0.421619, 0.906777),

              ["RightUpperArm"] = CFrame.new(0.000000, 0.075449, -0.000000, 1.000000, -0.000000, -0.000000, -0.000000, -0.999736, 0.022962, -0.000000, -0.022962, -0.999736),

              ["RightUpperLeg"] = CFrame.new(0.000000, 0.000000, -0.000000, 0.710110, -0.279482, -0.646251, -0.341612, 0.665816, -0.663308, 0.615667, 0.691794, 0.377337),

              ["UpperTorso"] = CFrame.new(0.046082, 0.113096, 0.049515, 0.990614, 0.021582, 0.134978, 0.040853, 0.895579, -0.443024, -0.130445, 0.444380, 0.886291)

          }},

          {Time = 0.100, Data = {

              ["Head"] = CFrame.new(0.000000, 0.000000, 0.000000, 1.000000, -0.000000, 0.000000, 0.000000, 0.944768, -0.327741, 0.000000, 0.327741, 0.944768),

              ["LeftFoot"] = CFrame.new(-0.000000, 0.015776, -0.000002, 0.999817, -0.014637, -0.012326, 0.011652, 0.976610, -0.214720, 0.015179, 0.214520, 0.976598),

              ["LeftHand"] = CFrame.new(0.000500, 0.000100, 0.000000, 1.000000, 0.000000, 0.000000, -0.000000, 1.000000, 0.000001, -0.000000, -0.000000, 1.000000),

              ["LeftLowerArm"] = CFrame.new(-0.000500, -0.000100, -0.000000, 1.000000, -0.000000, -0.000000, 0.000000, 1.000000, -0.000001, 0.000000, -0.000000, 1.000000),

              ["LeftLowerLeg"] = CFrame.new(-0.000000, 0.076934, -0.021298, 1.000000, -0.000000, -0.000000, 0.000000, 0.781865, 0.623448, -0.000000, -0.623448, 0.781865),

              ["LeftUpperArm"] = CFrame.new(0.000000, 0.107685, -0.000000, 1.000000, 0.000000, 0.000000, 0.000000, -0.999223, 0.039415, 0.000000, -0.039415, -0.999223),

              ["LeftUpperLeg"] = CFrame.new(0.000000, 0.000000, -0.000100, 0.555504, 0.381712, 0.738731, 0.340604, 0.705999, -0.620917, -0.758554, 0.596542, 0.262182),

              ["LowerTorso"] = CFrame.new(-0.091002, -0.199523, 0.167844, 0.990308, 0.055729, -0.127219, 0.003392, 0.905992, 0.423281, 0.138848, -0.419610, 0.897022),

              ["RightFoot"] = CFrame.new(-0.000000, 0.013358, -0.000102, 0.999984, -0.004281, -0.003604, 0.004200, 0.999751, -0.021911, 0.003697, 0.021891, 0.999753),

              ["RightHand"] = CFrame.new(-0.000500, 0.000001, -0.000000, 1.000000, -0.000000, -0.000000, 0.000000, 1.000000, 0.000001, 0.000000, -0.000000, 1.000000),

              ["RightLowerArm"] = CFrame.new(-0.000000, -0.000000, -0.000000, 1.000000, 0.000000, 0.000000, -0.000000, 1.000000, -0.000001, -0.000000, -0.000000, 1.000000),

              ["RightLowerLeg"] = CFrame.new(0.000000, 0.066052, -0.015474, 1.000000, 0.000000, -0.000000, -0.000000, 0.842634, 0.538483, 0.000000, -0.538487, 0.842636),

              ["RightUpperArm"] = CFrame.new(0.000000, 0.105790, -0.000000, 1.000000, -0.000000, -0.000000, -0.000000, -0.999736, 0.022962, -0.000000, -0.022962, -0.999736),

              ["RightUpperLeg"] = CFrame.new(-0.000000, 0.000000, -0.000000, 0.705880, -0.362777, -0.608387, -0.305858, 0.618587, -0.723730, 0.638893, 0.696953, 0.325700),

              ["UpperTorso"] = CFrame.new(0.068494, 0.123872, 0.047343, 0.990308, 0.003392, 0.138848, 0.055729, 0.905992, -0.419610, -0.127219, 0.423281, 0.897022)

          }},

          {Time = 0.117, Data = {

              ["Head"] = CFrame.new(0.000000, 0.000000, 0.000000, 1.000000, -0.000000, 0.000000, 0.000000, 0.944768, -0.327741, 0.000000, 0.327741, 0.944768),

              ["LeftFoot"] = CFrame.new(0.000000, 0.018883, -0.000002, 0.999953, -0.007422, -0.006251, 0.005436, 0.961990, -0.273052, 0.008039, 0.272985, 0.961979),

              ["LeftHand"] = CFrame.new(0.000500, 0.000100, 0.000000, 1.000000, 0.000000, 0.000000, -0.000000, 1.000000, 0.000001, -0.000000, -0.000000, 1.000000),

              ["LeftLowerArm"] = CFrame.new(-0.000500, -0.000100, -0.000000, 1.000000, -0.000000, -0.000000, 0.000000, 1.000000, -0.000001, 0.000000, -0.000000, 1.000000),

              ["LeftLowerLeg"] = CFrame.new(-0.000000, 0.086259, -0.026992, 1.000000, -0.000000, -0.000000, 0.000000, 0.722891, 0.690965, -0.000000, -0.690962, 0.722888),

              ["LeftUpperArm"] = CFrame.new(0.000000, 0.142614, -0.000000, 1.000000, 0.000000, 0.000000, 0.000000, -0.999223, 0.039415, 0.000000, -0.039415, -0.999223),

              ["LeftUpperLeg"] = CFrame.new(-0.000000, 0.000000, -0.000100, 0.557289, 0.381894, 0.737291, 0.336253, 0.708080, -0.620917, -0.759186, 0.593953, 0.266202),

              ["LowerTorso"] = CFrame.new(-0.123782, -0.246761, 0.157026, 0.989612, 0.071723, -0.124593, -0.016254, 0.916923, 0.398732, 0.142840, -0.392565, 0.908564),

              ["RightFoot"] = CFrame.new(-0.000000, 0.016617, -0.000102, 0.999910, 0.010265, 0.008645, -0.009763, 0.998357, -0.056479, -0.009209, 0.056381, 0.998366),

              ["RightHand"] = CFrame.new(-0.000500, 0.000000, -0.000000, 1.000000, -0.000000, -0.000000, 0.000000, 1.000000, 0.000001, 0.000000, -0.000000, 1.000000),

              ["RightLowerArm"] = CFrame.new(-0.000000, 0.000000, -0.000000, 1.000000, 0.000000, 0.000000, -0.000000, 1.000000, -0.000001, -0.000000, -0.000000, 1.000000),

              ["RightLowerLeg"] = CFrame.new(0.000000, 0.078681, -0.022504, 1.000000, 0.000000, 0.000000, -0.000000, 0.770424, 0.637533, 0.000000, -0.637532, 0.770423),

              ["RightUpperArm"] = CFrame.new(0.000000, 0.140105, -0.000000, 1.000000, -0.000000, -0.000000, -0.000000, -0.999736, 0.022962, -0.000000, -0.022962, -0.999736),

              ["RightUpperLeg"] = CFrame.new(0.000000, 0.000000, -0.000000, 0.699778, -0.442319, -0.560959, -0.264897, 0.568593, -0.778791, 0.663431, 0.693582, 0.280731),

              ["UpperTorso"] = CFrame.new(0.091807, 0.136498, 0.044544, 0.989612, -0.016254, 0.142840, 0.071723, 0.916923, -0.392565, -0.124593, 0.398732, 0.908564)

          }},

          {Time = 0.133, Data = {

              ["Head"] = CFrame.new(0.000000, 0.000000, 0.000000, 1.000000, -0.000000, 0.000000, 0.000000, 0.944768, -0.327741, 0.000000, 0.327741, 0.944768),

              ["LeftFoot"] = CFrame.new(0.000000, 0.021964, -0.000002, 1.000000, 0.000011, 0.000008, -0.000005, 0.943234, -0.332151, -0.000011, 0.332129, 0.943226),

              ["LeftHand"] = CFrame.new(0.000500, 0.000100, 0.000000, 1.000000, 0.000000, 0.000000, -0.000000, 1.000000, 0.000001, -0.000000, -0.000000, 1.000000),

              ["LeftLowerArm"] = CFrame.new(-0.000500, -0.000100, -0.000000, 1.000000, -0.000000, -0.000000, 0.000000, 1.000000, -0.000001, 0.000000, -0.000000, 1.000000),

              ["LeftLowerLeg"] = CFrame.new(-0.000000, 0.094961, -0.033265, 1.000000, -0.000000, -0.000000, 0.000000, 0.657656, 0.753323, -0.000000, -0.753319, 0.657650),

              ["LeftUpperArm"] = CFrame.new(0.000000, 0.181103, -0.000000, 1.000000, 0.000000, 0.000000, 0.000000, -0.999223, 0.039415, 0.000000, -0.039415, -0.999223),

              ["LeftUpperLeg"] = CFrame.new(-0.000000, 0.000000, -0.000100, 0.558663, 0.380358, 0.737045, 0.330423, 0.713010, -0.618400, -0.760734, 0.589020, 0.272664),

              ["LowerTorso"] = CFrame.new(-0.157338, -0.297970, 0.144836, 0.988486, 0.088294, -0.122881, -0.036782, 0.927952, 0.370881, 0.146775, -0.362090, 0.920515),

              ["RightFoot"] = CFrame.new(0.000000, 0.020535, -0.000103, 0.999402, 0.026452, 0.022274, -0.024484, 0.996125, -0.084480, -0.024420, 0.083874, 0.996176),

              ["RightHand"] = CFrame.new(-0.000500, 0.000001, -0.000000, 1.000000, -0.000000, -0.000000, 0.000000, 1.000000, 0.000001, 0.000000, -0.000000, 1.000000),

              ["RightLowerArm"] = CFrame.new(-0.000000, -0.000000, -0.000000, 1.000000, 0.000000, 0.000000, -0.000000, 1.000000, -0.000001, -0.000000, -0.000000, 1.000000),

              ["RightLowerLeg"] = CFrame.new(-0.000000, 0.090246, -0.029979, 1.000000, 0.000000, 0.000000, -0.000000, 0.692902, 0.721036, 0.000000, -0.721032, 0.692898),

              ["RightUpperArm"] = CFrame.new(0.000000, 0.177917, -0.000000, 1.000000, -0.000000, -0.000000, -0.000000, -0.999736, 0.022962, -0.000000, -0.022962, -0.999736),

              ["RightUpperLeg"] = CFrame.new(0.000000, 0.000000, -0.000000, 0.691517, -0.517000, -0.504506, -0.219182, 0.515299, -0.828498, 0.688305, 0.683504, 0.243034),

              ["UpperTorso"] = CFrame.new(0.115067, 0.150734, 0.040945, 0.988486, -0.036782, 0.146775, 0.088294, 0.927952, -0.362091, -0.122881, 0.370881, 0.920515)

          }},

          {Time = 0.150, Data = {

              ["Head"] = CFrame.new(0.000000, 0.000000, 0.000000, 1.000000, -0.000000, 0.000000, 0.000000, 0.944768, -0.327741, 0.000000, 0.327741, 0.944768),

              ["LeftFoot"] = CFrame.new(0.000000, 0.024416, -0.000003, 0.999954, 0.007307, 0.006151, -0.004312, 0.920132, -0.391609, -0.008520, 0.391541, 0.920111),

              ["LeftHand"] = CFrame.new(0.000500, 0.000100, 0.000000, 1.000000, 0.000000, 0.000000, -0.000000, 1.000000, 0.000001, -0.000000, -0.000000, 1.000000),

              ["LeftLowerArm"] = CFrame.new(-0.000500, -0.000100, -0.000000, 1.000000, -0.000000, -0.000000, 0.000000, 1.000000, -0.000001, 0.000000, -0.000000, 1.000000),

              ["LeftLowerLeg"] = CFrame.new(-0.000000, 0.102499, -0.040154, 1.000000, -0.000000, -0.000000, 0.000000, 0.586037, 0.810290, -0.000000, -0.810284, 0.586029),

              ["LeftUpperArm"] = CFrame.new(0.000000, 0.222668, -0.000000, 1.000000, 0.000000, 0.000000, 0.000000, -0.999223, 0.039415, 0.000000, -0.039415, -0.999223),

              ["LeftUpperLeg"] = CFrame.new(-0.000000, 0.000000, -0.000100, 0.559497, 0.378393, 0.737424, 0.322674, 0.720068, -0.614298, -0.763443, 0.581653, 0.280790),

              ["LowerTorso"] = CFrame.new(-0.190500, -0.352287, 0.131361, 0.986934, 0.104873, -0.122327, -0.057619, 0.938697, 0.339893, 0.150474, -0.328404, 0.932474),

              ["RightFoot"] = CFrame.new(0.000000, 0.023978, -0.000102, 0.998338, 0.044087, 0.037124, -0.039827, 0.993286, -0.108627, -0.041661, 0.106958, 0.993389),

              ["RightHand"] = CFrame.new(-0.000500, 0.000001, -0.000000, 1.000000, -0.000000, -0.000000, 0.000000, 1.000000, 0.000001, 0.000000, -0.000000, 1.000000),

              ["RightLowerArm"] = CFrame.new(-0.000000, -0.000000, -0.000000, 1.000000, 0.000000, 0.000000, -0.000000, 1.000000, -0.000001, -0.000000, -0.000000, 1.000000),

              ["RightLowerLeg"] = CFrame.new(0.000000, 0.100095, -0.037999, 1.000000, 0.000000, 0.000000, -0.000000, 0.609437, 0.792840, 0.000000, -0.792835, 0.609430),

              ["RightUpperArm"] = CFrame.new(0.000000, 0.218751, -0.000000, 1.000000, -0.000000, -0.000000, -0.000000, -0.999736, 0.022962, -0.000000, -0.022962, -0.999736),

              ["RightUpperLeg"] = CFrame.new(0.000000, 0.000000, -0.000000, 0.680894, -0.586327, -0.438879, -0.169247, 0.457040, -0.873185, 0.712558, 0.668831, 0.211975),

              ["UpperTorso"] = CFrame.new(0.137364, 0.166203, 0.036368, 0.986934, -0.057619, 0.150474, 0.104873, 0.938697, -0.328404, -0.122327, 0.339893, 0.932474)

          }},

          {Time = 0.167, Data = {

              ["Head"] = CFrame.new(0.000000, 0.000000, 0.000000, 1.000000, -0.000000, 0.000000, 0.000000, 0.944768, -0.327741, 0.000000, 0.327741, 0.944768),

              ["LeftFoot"] = CFrame.new(0.000000, 0.026490, -0.000002, 0.999832, 0.014019, 0.011803, -0.007212, 0.893153, -0.449719, -0.016844, 0.449534, 0.893092),

              ["LeftHand"] = CFrame.new(0.000500, 0.000100, 0.000000, 1.000000, 0.000000, 0.000000, -0.000000, 1.000000, 0.000001, -0.000000, -0.000000, 1.000000),

              ["LeftLowerArm"] = CFrame.new(-0.000500, -0.000100, -0.000000, 1.000000, -0.000000, -0.000000, 0.000000, 1.000000, -0.000001, 0.000000, -0.000000, 1.000000),

              ["LeftLowerLeg"] = CFrame.new(-0.000000, 0.108915, -0.047428, 1.000000, -0.000000, -0.000000, 0.000000, 0.510349, 0.859974, -0.000000, -0.859967, 0.510338),

              ["LeftUpperArm"] = CFrame.new(0.000000, 0.266824, -0.000000, 1.000000, 0.000000, 0.000000, 0.000000, -0.999223, 0.039415, 0.000000, -0.039415, -0.999223),

              ["LeftUpperLeg"] = CFrame.new(0.000000, -0.000000, -0.000100, 0.559690, 0.376219, 0.738390, 0.312419, 0.729472, -0.608477, -0.767556, 0.571253, 0.290752),

              ["LowerTorso"] = CFrame.new(-0.222094, -0.408867, 0.116698, 0.985009, 0.120866, -0.123078, -0.078197, 0.948829, 0.305957, 0.153760, -0.291746, 0.944056),

              ["RightFoot"] = CFrame.new(0.000000, 0.026403, -0.000102, 0.996609, 0.062946, 0.053003, -0.055619, 0.989965, -0.129919, -0.060645, 0.126521, 0.990107),

              ["RightHand"] = CFrame.new(-0.000500, 0.000001, -0.000000, 1.000000, -0.000000, -0.000000, 0.000000, 1.000000, 0.000001, 0.000000, -0.000000, 1.000000),

              ["RightLowerArm"] = CFrame.new(-0.000000, -0.000000, -0.000000, 1.000000, 0.000000, 0.000000, -0.000000, 1.000000, -0.000001, -0.000000, -0.000000, 1.000000),

              ["RightLowerLeg"] = CFrame.new(0.000000, 0.107872, -0.046497, 1.000000, 0.000000, 0.000000, -0.000000, 0.521088, 0.853509, 0.000000, -0.853503, 0.521077),

              ["RightUpperArm"] = CFrame.new(0.000000, 0.262130, -0.000000, 1.000000, -0.000000, -0.000000, -0.000000, -0.999736, 0.022962, -0.000000, -0.022962, -0.999736),

              ["RightUpperLeg"] = CFrame.new(0.000000, -0.000000, -0.000000, 0.667813, -0.648640, -0.365105, -0.115716, 0.394057, -0.911764, 0.735279, 0.651141, 0.188111),

              ["UpperTorso"] = CFrame.new(0.157843, 0.182383, 0.030655, 0.985009, -0.078197, 0.153760, 0.120866, 0.948829, -0.291746, -0.123078, 0.305957, 0.944056)

          }},

          {Time = 0.183, Data = {

              ["Head"] = CFrame.new(0.000000, 0.000000, 0.000000, 1.000000, -0.000000, 0.000000, 0.000000, 0.944768, -0.327741, 0.000000, 0.327741, 0.944768),

              ["LeftFoot"] = CFrame.new(-0.000000, 0.027887, -0.000002, 0.999672, 0.019584, 0.016489, -0.008556, 0.862649, -0.505755, -0.024127, 0.505423, 0.862520),

              ["LeftHand"] = CFrame.new(0.000500, 0.000100, 0.000000, 1.000000, 0.000000, 0.000000, -0.000000, 1.000000, 0.000001, -0.000000, -0.000000, 1.000000),

              ["LeftLowerArm"] = CFrame.new(-0.000500, -0.000100, -0.000000, 1.000000, -0.000000, -0.000000, 0.000000, 1.000000, -0.000001, 0.000000, -0.000000, 1.000000),

              ["LeftLowerLeg"] = CFrame.new(-0.000000, 0.114012, -0.055039, 1.000000, -0.000000, 0.000000, 0.000000, 0.431294, 0.902218, -0.000000, -0.902212, 0.431281),

              ["LeftUpperArm"] = CFrame.new(0.000000, 0.313087, -0.000000, 1.000000, 0.000000, 0.000000, 0.000000, -0.999223, 0.039415, 0.000000, -0.039415, -0.999223),

              ["LeftUpperLeg"] = CFrame.new(-0.000000, -0.000000, -0.000100, 0.559167, 0.375102, 0.739354, 0.298884, 0.740616, -0.601776, -0.773305, 0.557482, 0.302028),

              ["LowerTorso"] = CFrame.new(-0.250937, -0.466889, 0.100953, 0.982816, 0.135664, -0.125172, -0.097954, 0.958070, 0.269271, 0.156454, -0.252383, 0.954895),

              ["RightFoot"] = CFrame.new(-0.000000, 0.028093, -0.000102, 0.994130, 0.082759, 0.069686, -0.071717, 0.986339, -0.148309, -0.081003, 0.142432, 0.986483),

              ["RightHand"] = CFrame.new(-0.000500, 0.000000, -0.000000, 1.000000, -0.000000, -0.000000, 0.000000, 1.000000, 0.000001, 0.000000, -0.000000, 1.000000),

              ["RightLowerArm"] = CFrame.new(-0.000000, -0.000000, -0.000000, 1.000000, 0.000000, 0.000000, -0.000000, 1.000000, -0.000001, -0.000000, -0.000000, 1.000000),

              ["RightLowerLeg"] = CFrame.new(0.000000, 0.113834, -0.055175, 1.000000, 0.000000, -0.000000, -0.000000, 0.430926, 0.902393, 0.000000, -0.902387, 0.430913),

              ["RightUpperArm"] = CFrame.new(0.000000, 0.307579, -0.000000, 1.000000, -0.000000, -0.000000, -0.000000, -0.999736, 0.022962, -0.000000, -0.022962, -0.999736),

              ["RightUpperLeg"] = CFrame.new(0.000000, -0.000000, -0.000000, 0.652303, -0.702078, -0.285650, -0.059300, 0.328419, -0.942662, 0.755635, 0.631845, 0.172607),

              ["UpperTorso"] = CFrame.new(0.175713, 0.198619, 0.023706, 0.982816, -0.097954, 0.156454, 0.135664, 0.958070, -0.252383, -0.125172, 0.269271, 0.954895)

          }},

          {Time = 0.200, Data = {

              ["Head"] = CFrame.new(0.000000, 0.000000, 0.000000, 1.000000, -0.000000, 0.000000, 0.000000, 0.944768, -0.327741, 0.000000, 0.327741, 0.944768),

              ["LeftFoot"] = CFrame.new(-0.000000, 0.029135, -0.000002, 0.999536, 0.023300, 0.019618, -0.008381, 0.829650, -0.558247, -0.029280, 0.557798, 0.829443),

              ["LeftHand"] = CFrame.new(0.000500, 0.000100, 0.000000, 1.000000, 0.000000, 0.000000, -0.000000, 1.000000, 0.000001, -0.000000, -0.000000, 1.000000),

              ["LeftLowerArm"] = CFrame.new(-0.000500, -0.000100, -0.000000, 1.000000, -0.000000, -0.000000, 0.000000, 1.000000, -0.000001, 0.000000, -0.000000, 1.000000),

              ["LeftLowerLeg"] = CFrame.new(-0.000000, 0.118130, -0.062718, 1.000000, -0.000000, -0.000000, 0.000000, 0.351460, 0.936208, -0.000000, -0.936203, 0.351446),

              ["LeftUpperArm"] = CFrame.new(0.000000, 0.360971, -0.000000, 1.000000, 0.000000, 0.000000, 0.000000, -0.999223, 0.039415, 0.000000, -0.039415, -0.999223),

              ["LeftUpperLeg"] = CFrame.new(0.000000, -0.000000, -0.000100, 0.557863, 0.375603, 0.740085, 0.281077, 0.753524, -0.594285, -0.780887, 0.539559, 0.314802),

              ["LowerTorso"] = CFrame.new(-0.275847, -0.525555, 0.084243, 0.980501, 0.148661, -0.128525, -0.116338, 0.966201, 0.230044, 0.158379, -0.210606, 0.964656),

              ["RightFoot"] = CFrame.new(-0.000000, 0.029476, -0.000102, 0.990856, 0.103211, 0.086908, -0.087940, 0.982498, -0.164220, -0.102329, 0.155068, 0.982588),

              ["RightHand"] = CFrame.new(-0.000500, 0.000001, -0.000000, 1.000000, -0.000000, -0.000000, 0.000000, 1.000000, 0.000001, 0.000000, -0.000000, 1.000000),

              ["RightLowerArm"] = CFrame.new(-0.000000, 0.000000, -0.000000, 1.000000, 0.000000, 0.000000, -0.000000, 1.000000, -0.000001, -0.000000, -0.000000, 1.000000),

              ["RightLowerLeg"] = CFrame.new(0.000000, 0.118370, -0.063759, 1.000000, 0.000000, 0.000000, -0.000000, 0.341661, 0.939828, 0.000000, -0.939823, 0.341647),

              ["RightUpperArm"] = CFrame.new(0.000000, 0.354621, -0.000000, 1.000000, -0.000000, -0.000000, -0.000000, -0.999736, 0.022962, -0.000000, -0.022962, -0.999736),

              ["RightUpperLeg"] = CFrame.new(0.000000, 0.000000, -0.000000, 0.634530, -0.745628, -0.203510, -0.000794, 0.262655, -0.964884, 0.772898, 0.612414, 0.166083),

              ["UpperTorso"] = CFrame.new(0.190251, 0.214153, 0.015518, 0.980501, -0.116338, 0.158379, 0.148661, 0.966201, -0.210606, -0.128525, 0.230044, 0.964656)

          }},

          {Time = 0.217, Data = {

              ["Head"] = CFrame.new(0.000000, 0.000000, 0.000000, 1.000000, -0.000000, 0.000000, 0.000000, 0.944768, -0.327741, 0.000000, 0.327741, 0.944768),

              ["LeftFoot"] = CFrame.new(0.000000, 0.030234, -0.000002, 0.999496, 0.024292, 0.020453, -0.006909, 0.795035, -0.606550, -0.030992, 0.606077, 0.794783),

              ["LeftHand"] = CFrame.new(0.000500, 0.000100, 0.000000, 1.000000, 0.000000, 0.000000, -0.000000, 1.000000, 0.000001, -0.000000, -0.000000, 1.000000),

              ["LeftLowerArm"] = CFrame.new(-0.000500, -0.000100, -0.000000, 1.000000, -0.000000, -0.000000, 0.000000, 1.000000, -0.000001, 0.000000, -0.000000, 1.000000),

              ["LeftLowerLeg"] = CFrame.new(-0.000000, 0.121345, -0.070372, 1.000000, -0.000000, -0.000000, 0.000000, 0.271775, 0.962365, -0.000000, -0.962361, 0.271760),

              ["LeftUpperArm"] = CFrame.new(0.000000, 0.409993, -0.000000, 1.000000, 0.000000, 0.000000, 0.000000, -0.999223, 0.039415, 0.000000, -0.039415, -0.999223),

              ["LeftUpperLeg"] = CFrame.new(-0.000000, -0.000000, -0.000100, 0.555700, 0.379251, 0.739851, 0.257750, 0.767455, -0.586987, -0.790419, 0.516895, 0.328735),

              ["LowerTorso"] = CFrame.new(-0.295649, -0.584084, 0.066693, 0.978247, 0.159263, -0.132921, -0.132807, 0.973055, 0.188486, 0.159359, -0.166733, 0.973039),

              ["RightFoot"] = CFrame.new(-0.000000, 0.030555, -0.000102, 0.986787, 0.123942, 0.104363, -0.103954, 0.978344, -0.178995, -0.124281, 0.165774, 0.978299),

              ["RightHand"] = CFrame.new(-0.000500, 0.000001, -0.000000, 1.000000, -0.000000, -0.000000, 0.000000, 1.000000, 0.000001, 0.000000, -0.000000, 1.000000),

              ["RightLowerArm"] = CFrame.new(-0.000000, -0.000000, -0.000000, 1.000000, 0.000000, 0.000000, -0.000000, 1.000000, -0.000001, -0.000000, -0.000000, 1.000000),

              ["RightLowerLeg"] = CFrame.new(-0.000000, 0.121672, -0.072160, 1.000000, 0.000000, 0.000000, -0.000000, 0.254261, 0.967140, 0.000000, -0.967136, 0.254246),

              ["RightUpperArm"] = CFrame.new(0.000000, 0.402780, -0.000000, 1.000000, -0.000000, -0.000000, -0.000000, -0.999736, 0.022962, -0.000000, -0.022962, -0.999736),

              ["RightUpperLeg"] = CFrame.new(0.000000, 0.000000, -0.000000, 0.614803, -0.779278, -0.121438, 0.058943, 0.198922, -0.978237, 0.786475, 0.594270, 0.168243),

              ["UpperTorso"] = CFrame.new(0.200801, 0.228154, 0.006209, 0.978247, -0.132807, 0.159359, 0.159263, 0.973055, -0.166733, -0.132921, 0.188486, 0.973039)

          }},

          {Time = 0.233, Data = {

              ["Head"] = CFrame.new(0.000000, 0.000000, 0.000000, 1.000000, -0.000000, 0.000000, 0.000000, 0.944768, -0.327741, 0.000000, 0.327741, 0.944768),

              ["LeftFoot"] = CFrame.new(-0.000000, 0.030870, -0.000002, 0.999605, 0.021500, 0.018103, -0.004562, 0.759691, -0.650294, -0.027730, 0.649929, 0.759467),

              ["LeftHand"] = CFrame.new(0.000500, 0.000100, 0.000000, 1.000000, 0.000000, 0.000000, -0.000000, 1.000000, 0.000001, -0.000000, -0.000000, 1.000000),

              ["LeftLowerArm"] = CFrame.new(-0.000500, -0.000100, -0.000000, 1.000000, -0.000000, -0.000000, 0.000000, 1.000000, -0.000001, 0.000000, -0.000000, 1.000000),

              ["LeftLowerLeg"] = CFrame.new(-0.000000, 0.123514, -0.078019, 1.000000, -0.000000, -0.000000, 0.000000, 0.192353, 0.981329, -0.000000, -0.981326, 0.192338),

              ["LeftUpperArm"] = CFrame.new(0.000000, 0.459668, -0.000000, 1.000000, 0.000000, 0.000000, 0.000000, -0.999223, 0.039415, 0.000000, -0.039415, -0.999223),

              ["LeftUpperLeg"] = CFrame.new(-0.000000, -0.000000, -0.000100, 0.552551, 0.388085, 0.737626, 0.227377, 0.781229, -0.581342, -0.801865, 0.488950, 0.343438),

              ["LowerTorso"] = CFrame.new(-0.309178, -0.641717, 0.048441, 0.976265, 0.166911, -0.138011, -0.146824, 0.978507, 0.144801, 0.159214, -0.121101, 0.979788),

              ["RightFoot"] = CFrame.new(0.000000, 0.031349, -0.000102, 0.981986, 0.144543, 0.121710, -0.119244, 0.973674, -0.194277, -0.146579, 0.176258, 0.973367),

              ["RightHand"] = CFrame.new(-0.000500, 0.000001, -0.000000, 1.000000, -0.000000, -0.000000, 0.000000, 1.000000, 0.000001, 0.000000, -0.000000, 1.000000),

              ["RightLowerArm"] = CFrame.new(-0.000000, -0.000000, -0.000000, 1.000000, 0.000000, 0.000000, -0.000000, 1.000000, -0.000001, -0.000000, -0.000000, 1.000000),

              ["RightLowerLeg"] = CFrame.new(-0.000000, 0.123868, -0.080342, 1.000000, 0.000000, 0.000000, -0.000000, 0.169197, 0.985585, 0.000000, -0.985582, 0.169182),

              ["RightUpperArm"] = CFrame.new(0.000000, 0.451581, -0.000000, 1.000000, -0.000000, -0.000000, -0.000000, -0.999736, 0.022962, -0.000000, -0.022962, -0.999736),

              ["RightUpperLeg"] = CFrame.new(0.000000, -0.000000, -0.000000, 0.593575, -0.803663, -0.042364, 0.119002, 0.139689, -0.983016, 0.795932, 0.578457, 0.178565),

              ["UpperTorso"] = CFrame.new(0.206753, 0.239780, -0.003960, 0.976265, -0.146824, 0.159214, 0.166911, 0.978507, -0.121101, -0.138011, 0.144802, 0.979788)

          }},

          {Time = 0.250, Data = {

              ["Head"] = CFrame.new(0.000000, 0.000000, 0.000000, 1.000000, -0.000000, 0.000000, 0.000000, 0.944768, -0.327741, 0.000000, 0.327741, 0.944768),

              ["LeftFoot"] = CFrame.new(0.000000, 0.031755, -0.000002, 0.999840, 0.013677, 0.011515, -0.001991, 0.725278, -0.688479, -0.017765, 0.688320, 0.725165),

              ["LeftHand"] = CFrame.new(0.000500, 0.000100, 0.000000, 1.000000, 0.000000, 0.000000, -0.000000, 1.000000, 0.000001, -0.000000, -0.000000, 1.000000),

              ["LeftLowerArm"] = CFrame.new(-0.000500, -0.000100, -0.000000, 1.000000, -0.000000, -0.000000, 0.000000, 1.000000, -0.000001, 0.000000, -0.000000, 1.000000),

              ["LeftLowerLeg"] = CFrame.new(-0.000000, 0.125119, -0.085412, 1.000000, -0.000000, -0.000000, 0.000000, 0.115297, 0.993333, -0.000000, -0.993331, 0.115282),

              ["LeftUpperArm"] = CFrame.new(0.000000, 0.509511, -0.000000, 1.000000, 0.000000, 0.000000, 0.000000, -0.999223, 0.039415, 0.000000, -0.039415, -0.999223),

