return {
["jerk off 2"] = {
        {Time = 0.000, Data = {
            ["Head"] = CFrame.new(0, 0, 0, 0.99955636262893677, 0.0057962858118116856, -0.029215229675173759, -0.0021291240118443966, 0.99227714538574219, 0.12402237206697464, 0.029708473011851311, -0.12390514463186264, 0.99184924364089966),
            ["LeftFoot"] = CFrame.new(9.041173143486958e-08, -0.0036479830741882324, -3.2026550798036624e-06, 0.99294948577880859, -0.090691007673740387, -0.076331004500389099, 0.090954490005970001, 0.99585503339767456, -2.4626730009913445e-05, 0.076016843318939209, -0.0069181947037577629, 0.99708253145217896),
            ["LeftHand"] = CFrame.new(0.00048637762665748596, 0.020707249641418457, -1.73225998878479e-07, 0.9492039680480957, 0.2713579535484314, -0.15930061042308807, -0.20065641403198242, 0.91196596622467041, 0.35784780979156494, 0.24238158762454987, -0.30770587921142578, 0.92009145021438599),
            ["LeftLowerArm"] = CFrame.new(-0.00049978494644165039, 0.10174190998077393, 0.045049827545881271, 1, 0, 0, 0, 0.536224365234375, -0.84407550096511841, 0, 0.84407550096511841, 0.536224365234375),
            ["LeftLowerLeg"] = CFrame.new(-4.1301746023236774e-08, -0.0032353997230529785, 5.8051606174558401e-05, 1, 0, 0, 0, 1, 0, 0, 0, 1),
            ["LeftUpperArm"] = CFrame.new(0.10252618789672852, -0.2676701545715332, 0.45151501893997192, 0.42728453874588013, 0.5903773307800293, -0.6847500205039978, -0.044158697128295898, 0.77009212970733643, 0.63640248775482178, 0.90303820371627808, -0.24168729782104492, 0.35511875152587891),
            ["LeftUpperLeg"] = CFrame.new(0, -1.1920928955078125e-07, -9.9983095424249768e-05, 0.99294948577880859, 0.090954490005970001, 0.076016843318939209, -0.090691007673740387, 0.99585503339767456, -0.0069181947037577629, -0.076331004500389099, -2.4626730009913445e-05, 0.99708253145217896),
            ["RightFoot"] = CFrame.new(4.2491592466831207e-08, 0.0066206455230712891, -0.00010293516970705241, 0.99668818712234497, 0.062196895480155945, 0.052385255694389343, -0.059374794363975525, 0.996784508228302, -0.053808022290468216, -0.055563502013683319, 0.050519455224275589, 0.99717622995376587),
            ["RightHand"] = CFrame.new(-0.00048437714576721191, 0.023732423782348633, -2.2910535335540771e-07, 0.99997663497924805, -0.0055839964188635349, 0.003945767879486084, 0.0041426173411309719, 0.95390307903289795, 0.30008623003959656, -0.0054395608603954315, -0.3000628650188446, 0.9539039134979248),
            ["RightLowerArm"] = CFrame.new(-4.1723251342773438e-07, 0.1151268482208252, 0.069242477416992188, 1, 0, 0, 0, 0.28511178493499756, -0.95849430561065674, 0, 0.95849430561065674, 0.28511178493499756),
            ["RightLowerLeg"] = CFrame.new(5.3551048040390015e-08, 0.029120683670043945, -0.00257300422526896, 1, -0, 0, 0, 0.97373712062835693, 0.22767527401447296, -0, -0.22767527401447296, 0.97373712062835693),
            ["RightUpperArm"] = CFrame.new(0.052870273590087891, -0.90823125839233398, 0.34954136610031128, 0.25573784112930298, 0.13622583448886871, 0.95710021257400513, 0.072714775800704956, 0.98450720310211182, -0.15955618023872375, -0.9640076756477356, 0.11039987206459045, 0.24187010526657104),
            ["RightUpperLeg"] = CFrame.new(0, -1.1920928955078125e-07, -5.9750163927674294e-08, 0.9966888427734375, -0.070488370954990387, -0.04053131490945816, 0.065016113221645355, 0.99023258686065674, -0.12333809584379196, 0.048829331994056702, 0.12029451876878738, 0.99153667688369751)
        }},
        {Time = 0.017, Data = {
            ["Head"] = CFrame.new(0, 0, 0, 0.99955636262893677, 0.0057962858118116856, -0.029215229675173759, -0.0021291240118443966, 0.99227714538574219, 0.12402237206697464, 0.029708473011851311, -0.12390514463186264, 0.99184924364089966),
            ["LeftFoot"] = CFrame.new(9.041173143486958e-08, -0.0036479830741882324, -3.2026550798036624e-06, 0.99294948577880859, -0.090691007673740387, -0.076331004500389099, 0.090954490005970001, 0.99585503339767456, -2.4626730009913445e-05, 0.076016843318939209, -0.0069181947037577629, 0.99708253145217896),
            ["LeftHand"] = CFrame.new(0.00048637762665748596, 0.020707249641418457, -1.73225998878479e-07, 0.9492039680480957, 0.2713579535484314, -0.15930061042308807, -0.20065641403198242, 0.91196596622467041, 0.35784780979156494, 0.24238158762454987, -0.30770587921142578, 0.92009145021438599),
            ["LeftLowerArm"] = CFrame.new(-0.00049978494644165039, 0.10174190998077393, 0.045049827545881271, 1, 0, 0, 0, 0.536224365234375, -0.84407550096511841, 0, 0.84407550096511841, 0.536224365234375),
            ["LeftLowerLeg"] = CFrame.new(-4.1301746023236774e-08, -0.0032353997230529785, 5.8051606174558401e-05, 1, 0, 0, 0, 1, 0, 0, 0, 1),
            ["LeftUpperArm"] = CFrame.new(0.10252618789672852, -0.2676701545715332, 0.45151501893997192, 0.42728453874588013, 0.5903773307800293, -0.6847500205039978, -0.044158697128295898, 0.77009212970733643, 0.63640248775482178, 0.90303820371627808, -0.24168729782104492, 0.35511875152587891),
            ["LeftUpperLeg"] = CFrame.new(0, -1.1920928955078125e-07, -9.9983095424249768e-05, 0.99294948577880859, 0.090954490005970001, 0.076016843318939209, -0.090691007673740387, 0.99585503339767456, -0.0069181947037577629, -0.076331004500389099, -2.4626730009913445e-05, 0.99708253145217896),
            ["RightFoot"] = CFrame.new(4.2491592466831207e-08, 0.0066206455230712891, -0.00010293516970705241, 0.99668818712234497, 0.062196895480155945, 0.052385255694389343, -0.059374794363975525, 0.996784508228302, -0.053808022290468216, -0.055563502013683319, 0.050519455224275589, 0.99717622995376587),
            ["RightHand"] = CFrame.new(-0.00048437714576721191, 0.02369534969329834, 4.4517219066619873e-07, 0.99997782707214355, 0.006019920576363802, -0.0028388681821525097, -0.0049035982228815556, 0.95476067066192627, 0.29733479022979736, 0.0045003714039921761, -0.29731428623199463, 0.9547690749168396),
            ["RightLowerArm"] = CFrame.new(-2.384185791015625e-07, 0.11500614881515503, 0.068920224905014038, 1, 0, 0, 0, 0.28841096162796021, -0.95750671625137329, 0, 0.95750671625137329, 0.28841096162796021),
            ["RightLowerLeg"] = CFrame.new(5.3551048040390015e-08, 0.029120683670043945, -0.00257300422526896, 1, -0, 0, 0, 0.97373712062835693, 0.22767527401447296, -0, -0.22767527401447296, 0.97373712062835693),
            ["RightUpperArm"] = CFrame.new(0.048703551292419434, -0.91170144081115723, 0.34920841455459595, 0.26066738367080688, 0.13399450480937958, 0.9560847282409668, 0.083739146590232849, 0.98345100879669189, -0.16066056489944458, -0.96179020404815674, 0.12194070219993591, 0.24513304233551025),
            ["RightUpperLeg"] = CFrame.new(0, -1.1920928955078125e-07, -5.9750163927674294e-08, 0.9966888427734375, -0.070488370954990387, -0.04053131490945816, 0.065016113221645355, 0.99023258686065674, -0.12333809584379196, 0.048829331994056702, 0.12029451876878738, 0.99153667688369751)
        }},
        {Time = 0.033, Data = {
            ["Head"] = CFrame.new(0, 0, 0, 0.99955636262893677, 0.0057962858118116856, -0.029215229675173759, -0.0021291240118443966, 0.99227714538574219, 0.12402237206697464, 0.029708473011851311, -0.12390514463186264, 0.99184924364089966),
            ["LeftFoot"] = CFrame.new(9.041173143486958e-08, -0.0036479830741882324, -3.2026550798036624e-06, 0.99294948577880859, -0.090691007673740387, -0.076331004500389099, 0.090954490005970001, 0.99585503339767456, -2.4626730009913445e-05, 0.076016843318939209, -0.0069181947037577629, 0.99708253145217896),
            ["LeftHand"] = CFrame.new(0.00048637762665748596, 0.020707249641418457, -1.73225998878479e-07, 0.9492039680480957, 0.2713579535484314, -0.15930061042308807, -0.20065641403198242, 0.91196596622467041, 0.35784780979156494, 0.24238158762454987, -0.30770587921142578, 0.92009145021438599),
            ["LeftLowerArm"] = CFrame.new(-0.00049978494644165039, 0.10174190998077393, 0.045049827545881271, 1, 0, 0, 0, 0.536224365234375, -0.84407550096511841, 0, 0.84407550096511841, 0.536224365234375),
            ["LeftLowerLeg"] = CFrame.new(-4.1301746023236774e-08, -0.0032353997230529785, 5.8051606174558401e-05, 1, 0, 0, 0, 1, 0, 0, 0, 1),
            ["LeftUpperArm"] = CFrame.new(0.10252618789672852, -0.2676701545715332, 0.45151501893997192, 0.42728453874588013, 0.5903773307800293, -0.6847500205039978, -0.044158697128295898, 0.77009212970733643, 0.63640248775482178, 0.90303820371627808, -0.24168729782104492, 0.35511875152587891),
            ["LeftUpperLeg"] = CFrame.new(0, -1.1920928955078125e-07, -9.9983095424249768e-05, 0.99294948577880859, 0.090954490005970001, 0.076016843318939209, -0.090691007673740387, 0.99585503339767456, -0.0069181947037577629, -0.076331004500389099, -2.4626730009913445e-05, 0.99708253145217896),
            ["RightFoot"] = CFrame.new(4.2491592466831207e-08, 0.0066206455230712891, -0.00010293516970705241, 0.99668818712234497, 0.062196895480155945, 0.052385255694389343, -0.059374794363975525, 0.996784508228302, -0.053808022290468216, -0.055563502013683319, 0.050519455224275589, 0.99717622995376587),
            ["RightHand"] = CFrame.new(-0.000484466552734375, 0.023576557636260986, 2.2351741790771484e-08, 0.9990275502204895, 0.038360316306352615, -0.021735163405537605, -0.030454237014055252, 0.9568556547164917, 0.28896328806877136, 0.031882137060165405, -0.28802034258842468, 0.95709341764450073),
            ["RightLowerArm"] = CFrame.new(-3.8743019104003906e-07, 0.11460942029953003, 0.067882046103477478, 1, 0, 0, 0, 0.29918277263641357, -0.95419585704803467, 0, 0.95419585704803467, 0.29918277263641357),
            ["RightLowerLeg"] = CFrame.new(5.3551048040390015e-08, 0.029120683670043945, -0.00257300422526896, 1, -0, 0, 0, 0.97373712062835693, 0.22767527401447296, -0, -0.22767527401447296, 0.97373712062835693),
            ["RightUpperArm"] = CFrame.new(0.037150859832763672, -0.92130279541015625, 0.34791815280914307, 0.27440434694290161, 0.12785860896110535, 0.95307630300521851, 0.11432372778654099, 0.97975414991378784, -0.16435295343399048, -0.95479434728622437, 0.15405839681625366, 0.25423157215118408),
            ["RightUpperLeg"] = CFrame.new(0, -1.1920928955078125e-07, -5.9750163927674294e-08, 0.9966888427734375, -0.070488370954990387, -0.04053131490945816, 0.065016113221645355, 0.99023258686065674, -0.12333809584379196, 0.048829331994056702, 0.12029451876878738, 0.99153667688369751)
        }},
        {Time = 0.050, Data = {
            ["Head"] = CFrame.new(0, 0, 0, 0.99955636262893677, 0.0057962858118116856, -0.029215229675173759, -0.0021291240118443966, 0.99227714538574219, 0.12402237206697464, 0.029708473011851311, -0.12390514463186264, 0.99184924364089966),
            ["LeftFoot"] = CFrame.new(9.041173143486958e-08, -0.0036479830741882324, -3.2026550798036624e-06, 0.99294948577880859, -0.090691007673740387, -0.076331004500389099, 0.090954490005970001, 0.99585503339767456, -2.4626730009913445e-05, 0.076016843318939209, -0.0069181947037577629, 0.99708253145217896),
            ["LeftHand"] = CFrame.new(0.00048637762665748596, 0.020707249641418457, -1.73225998878479e-07, 0.9492039680480957, 0.2713579535484314, -0.15930061042308807, -0.20065641403198242, 0.91196596622467041, 0.35784780979156494, 0.24238158762454987, -0.30770587921142578, 0.92009145021438599),
            ["LeftLowerArm"] = CFrame.new(-0.00049978494644165039, 0.10174190998077393, 0.045049827545881271, 1, 0, 0, 0, 0.536224365234375, -0.84407550096511841, 0, 0.84407550096511841, 0.536224365234375),
            ["LeftLowerLeg"] = CFrame.new(-4.1301746023236774e-08, -0.0032353997230529785, 5.8051606174558401e-05, 1, 0, 0, 0, 1, 0, 0, 0, 1),
            ["LeftUpperArm"] = CFrame.new(0.10252618789672852, -0.2676701545715332, 0.45151501893997192, 0.42728453874588013, 0.5903773307800293, -0.6847500205039978, -0.044158697128295898, 0.77009212970733643, 0.63640248775482178, 0.90303820371627808, -0.24168729782104492, 0.35511875152587891),
            ["LeftUpperLeg"] = CFrame.new(0, -1.1920928955078125e-07, -9.9983095424249768e-05, 0.99294948577880859, 0.090954490005970001, 0.076016843318939209, -0.090691007673740387, 0.99585503339767456, -0.0069181947037577629, -0.076331004500389099, -2.4626730009913445e-05, 0.99708253145217896),
            ["RightFoot"] = CFrame.new(4.2491592466831207e-08, 0.0066206455230712891, -0.00010293516970705241, 0.99668818712234497, 0.062196895480155945, 0.052385255694389343, -0.059374794363975525, 0.996784508228302, -0.053808022290468216, -0.055563502013683319, 0.050519455224275589, 0.99717622995376587),
            ["RightHand"] = CFrame.new(-0.00048454105854034424, 0.023349165916442871, 1.862645149230957e-08, 0.99489831924438477, 0.087406307458877563, -0.05037299171090126, -0.07040347158908844, 0.95919018983840942, 0.27385678887367249, 0.072254091501235962, -0.26891323924064636, 0.96045041084289551),
            ["RightLowerArm"] = CFrame.new(-2.9802322387695312e-07, 0.11381429433822632, 0.065900295972824097, 1, 0, 0, 0, 0.31987595558166504, -0.94745939970016479, 0, 0.94745939970016479, 0.31987595558166504),
            ["RightLowerLeg"] = CFrame.new(5.3551048040390015e-08, 0.029120683670043945, -0.00257300422526896, 1, -0, 0, 0, 0.97373712062835693, 0.22767527401447296, -0, -0.22767527401447296, 0.97373712062835693),
            ["RightUpperArm"] = CFrame.new(0.019823312759399414, -0.9355776309967041, 0.34496408700942993, 0.29455071687698364, 0.11928218603134155, 0.94816243648529053, 0.16036555171012878, 0.97193998098373413, -0.17209179699420929, -0.94208443164825439, 0.20274235308170319, 0.26715683937072754),
            ["RightUpperLeg"] = CFrame.new(0, -1.1920928955078125e-07, -5.9750163927674294e-08, 0.9966888427734375, -0.070488370954990387, -0.04053131490945816, 0.065016113221645355, 0.99023258686065674, -0.12333809584379196, 0.048829331994056702, 0.12029451876878738, 0.99153667688369751)
        }},
        {Time = 0.067, Data = {
            ["Head"] = CFrame.new(0, 0, 0, 0.99955636262893677, 0.0057962858118116856, -0.029215229675173759, -0.0021291240118443966, 0.99227714538574219, 0.12402237206697464, 0.029708473011851311, -0.12390514463186264, 0.99184924364089966),
            ["LeftFoot"] = CFrame.new(9.041173143486958e-08, -0.0036479830741882324, -3.2026550798036624e-06, 0.99294948577880859, -0.090691007673740387, -0.076331004500389099, 0.090954490005970001, 0.99585503339767456, -2.4626730009913445e-05, 0.076016843318939209, -0.0069181947037577629, 0.99708253145217896),
            ["LeftHand"] = CFrame.new(0.00048637762665748596, 0.020707249641418457, -1.73225998878479e-07, 0.9492039680480957, 0.2713579535484314, -0.15930061042308807, -0.20065641403198242, 0.91196596622467041, 0.35784780979156494, 0.24238158762454987, -0.30770587921142578, 0.92009145021438599),
            ["LeftLowerArm"] = CFrame.new(-0.00049978494644165039, 0.10174190998077393, 0.045049827545881271, 1, 0, 0, 0, 0.536224365234375, -0.84407550096511841, 0, 0.84407550096511841, 0.536224365234375),
            ["LeftLowerLeg"] = CFrame.new(-4.1301746023236774e-08, -0.0032353997230529785, 5.8051606174558401e-05, 1, 0, 0, 0, 1, 0, 0, 0, 1),
            ["LeftUpperArm"] = CFrame.new(0.10252618789672852, -0.2676701545715332, 0.45151501893997192, 0.42728453874588013, 0.5903773307800293, -0.6847500205039978, -0.044158697128295898, 0.77009212970733643, 0.63640248775482178, 0.90303820371627808, -0.24168729782104492, 0.35511875152587891),
            ["LeftUpperLeg"] = CFrame.new(0, -1.1920928955078125e-07, -9.9983095424249768e-05, 0.99294948577880859, 0.090954490005970001, 0.076016843318939209, -0.090691007673740387, 0.99585503339767456, -0.0069181947037577629, -0.076331004500389099, -2.4626730009913445e-05, 0.99708253145217896),
            ["RightFoot"] = CFrame.new(4.2491592466831207e-08, 0.0066206455230712891, -0.00010293516970705241, 0.99668818712234497, 0.062196895480155945, 0.052385255694389343, -0.059374794363975525, 0.996784508228302, -0.053808022290468216, -0.055563502013683319, 0.050519455224275589, 0.99717622995376587),
            ["RightHand"] = CFrame.new(-0.00048485398292541504, 0.02297818660736084, -1.0430812835693359e-07, 0.98518574237823486, 0.14835034310817719, -0.086030140519142151, -0.12269388884305954, 0.96023595333099365, 0.25078490376472473, 0.11981326341629028, -0.23651435971260071, 0.96421247720718384),
            ["RightLowerArm"] = CFrame.new(-1.7881393432617188e-07, 0.11241847276687622, 0.062684103846549988, 1, 0, 0, 0, 0.3532828688621521, -0.93551653623580933, 0, 0.93551653623580933, 0.3532828688621521),
            ["RightLowerLeg"] = CFrame.new(5.3551048040390015e-08, 0.029120683670043945, -0.00257300422526896, 1, -0, 0, 0, 0.97373712062835693, 0.22767527401447296, -0, -0.22767527401447296, 0.97373712062835693),
            ["RightUpperArm"] = CFrame.new(-0.0015113353729248047, -0.95274996757507324, 0.33964258432388306, 0.31842601299285889, 0.10999929159879684, 0.94154399633407593, 0.21740993857383728, 0.95829474925994873, -0.18548336625099182, -0.92267972230911255, 0.26376375555992126, 0.28123104572296143),
            ["RightUpperLeg"] = CFrame.new(0, -1.1920928955078125e-07, -5.9750163927674294e-08, 0.9966888427734375, -0.070488370954990387, -0.04053131490945816, 0.065016113221645355, 0.99023258686065674, -0.12333809584379196, 0.048829331994056702, 0.12029451876878738, 0.99153667688369751)
        }},
        {Time = 0.083, Data = {
            ["Head"] = CFrame.new(0, 0, 0, 0.99955636262893677, 0.0057962858118116856, -0.029215229675173759, -0.0021291240118443966, 0.99227714538574219, 0.12402237206697464, 0.029708473011851311, -0.12390514463186264, 0.99184924364089966),
            ["LeftFoot"] = CFrame.new(9.041173143486958e-08, -0.0036479830741882324, -3.2026550798036624e-06, 0.99294948577880859, -0.090691007673740387, -0.076331004500389099, 0.090954490005970001, 0.99585503339767456, -2.4626730009913445e-05, 0.076016843318939209, -0.0069181947037577629, 0.99708253145217896),
            ["LeftHand"] = CFrame.new(0.00048637762665748596, 0.020707249641418457, -1.73225998878479e-07, 0.9492039680480957, 0.2713579535484314, -0.15930061042308807, -0.20065641403198242, 0.91196596622467041, 0.35784780979156494, 0.24238158762454987, -0.30770587921142578, 0.92009145021438599),
            ["LeftLowerArm"] = CFrame.new(-0.00049978494644165039, 0.10174190998077393, 0.045049827545881271, 1, 0, 0, 0, 0.536224365234375, -0.84407550096511841, 0, 0.84407550096511841, 0.536224365234375),
            ["LeftLowerLeg"] = CFrame.new(-4.1301746023236774e-08, -0.0032353997230529785, 5.8051606174558401e-05, 1, 0, 0, 0, 1, 0, 0, 0, 1),
            ["LeftUpperArm"] = CFrame.new(0.10252618789672852, -0.2676701545715332, 0.45151501893997192, 0.42728453874588013, 0.5903773307800293, -0.6847500205039978, -0.044158697128295898, 0.77009212970733643, 0.63640248775482178, 0.90303820371627808, -0.24168729782104492, 0.35511875152587891),
            ["LeftUpperLeg"] = CFrame.new(0, -1.1920928955078125e-07, -9.9983095424249768e-05, 0.99294948577880859, 0.090954490005970001, 0.076016843318939209, -0.090691007673740387, 0.99585503339767456, -0.0069181947037577629, -0.076331004500389099, -2.4626730009913445e-05, 0.99708253145217896),
            ["RightFoot"] = CFrame.new(4.2491592466831207e-08, 0.0066206455230712891, -0.00010293516970705241, 0.99668818712234497, 0.062196895480155945, 0.052385255694389343, -0.059374794363975525, 0.996784508228302, -0.053808022290468216, -0.055563502013683319, 0.050519455224275589, 0.99717622995376587),
            ["RightHand"] = CFrame.new(-0.00048488378524780273, 0.022554159164428711, -3.2782554626464844e-07, 0.96826672554016113, 0.21605445444583893, -0.12561836838722229, -0.18544353544712067, 0.95807337760925293, 0.21841724216938019, 0.16754162311553955, -0.18819104135036469, 0.96773648262023926),
            ["RightLowerArm"] = CFrame.new(-5.6624412536621094e-07, 0.11019814014434814, 0.057951048016548157, 1, 0, 0, 0, 0.40228772163391113, -0.91551327705383301, 0, 0.91551327705383301, 0.40228772163391113),
            ["RightLowerLeg"] = CFrame.new(5.3551048040390015e-08, 0.029120683670043945, -0.00257300422526896, 1, -0, 0, 0, 0.97373712062835693, 0.22767527401447296, -0, -0.22767527401447296, 0.97373712062835693),
            ["RightUpperArm"] = CFrame.new(-0.025085866451263428, -0.97084856033325195, 0.33162885904312134, 0.34362024068832397, 0.10258660465478897, 0.93348884582519531, 0.28015455603599548, 0.93755626678466797, -0.20615947246551514, -0.8963475227355957, 0.33236169815063477, 0.29342317581176758),
            ["RightUpperLeg"] = CFrame.new(0, -1.1920928955078125e-07, -5.9750163927674294e-08, 0.9966888427734375, -0.070488370954990387, -0.04053131490945816, 0.065016113221645355, 0.99023258686065674, -0.12333809584379196, 0.048829331994056702, 0.12029451876878738, 0.99153667688369751)
        }},
        {Time = 0.100, Data = {
            ["Head"] = CFrame.new(0, 0, 0, 0.99955636262893677, 0.0057962858118116856, -0.029215229675173759, -0.0021291240118443966, 0.99227714538574219, 0.12402237206697464, 0.029708473011851311, -0.12390514463186264, 0.99184924364089966),
            ["LeftFoot"] = CFrame.new(9.041173143486958e-08, -0.0036479830741882324, -3.2026550798036624e-06, 0.99294948577880859, -0.090691007673740387, -0.076331004500389099, 0.090954490005970001, 0.99585503339767456, -2.4626730009913445e-05, 0.076016843318939209, -0.0069181947037577629, 0.99708253145217896),
            ["LeftHand"] = CFrame.new(0.00048637762665748596, 0.020707249641418457, -1.73225998878479e-07, 0.9492039680480957, 0.2713579535484314, -0.15930061042308807, -0.20065641403198242, 0.91196596622467041, 0.35784780979156494, 0.24238158762454987, -0.30770587921142578, 0.92009145021438599),
            ["LeftLowerArm"] = CFrame.new(-0.00049978494644165039, 0.10174190998077393, 0.045049827545881271, 1, 0, 0, 0, 0.536224365234375, -0.84407550096511841, 0, 0.84407550096511841, 0.536224365234375),
            ["LeftLowerLeg"] = CFrame.new(-4.1301746023236774e-08, -0.0032353997230529785, 5.8051606174558401e-05, 1, 0, 0, 0, 1, 0, 0, 0, 1),
            ["LeftUpperArm"] = CFrame.new(0.10252618789672852, -0.2676701545715332, 0.45151501893997192, 0.42728453874588013, 0.5903773307800293, -0.6847500205039978, -0.044158697128295898, 0.77009212970733643, 0.63640248775482178, 0.90303820371627808, -0.24168729782104492, 0.35511875152587891),
            ["LeftUpperLeg"] = CFrame.new(0, -1.1920928955078125e-07, -9.9983095424249768e-05, 0.99294948577880859, 0.090954490005970001, 0.076016843318939209, -0.090691007673740387, 0.99585503339767456, -0.0069181947037577629, -0.076331004500389099, -2.4626730009913445e-05, 0.99708253145217896),
            ["RightFoot"] = CFrame.new(4.2491592466831207e-08, 0.0066206455230712891, -0.00010293516970705241, 0.99668818712234497, 0.062196895480155945, 0.052385255694389343, -0.059374794363975525, 0.996784508228302, -0.053808022290468216, -0.055563502013683319, 0.050519455224275589, 0.99717622995376587),
            ["RightHand"] = CFrame.new(-0.00048564374446868896, 0.021710395812988281, -8.9406967163085938e-08, 0.9439241886138916, 0.28537392616271973, -0.1660386323928833, -0.25629186630249023, 0.95036649703979492, 0.17640303075313568, 0.20813837647438049, -0.12395675480365753, 0.97021293640136719),
            ["RightLowerArm"] = CFrame.new(0, 0.10655337572097778, 0.051706738770008087, 1, 0, 0, 0, 0.46715265512466431, -0.88417667150497437, 0, 0.88417667150497437, 0.46715265512466431),
            ["RightLowerLeg"] = CFrame.new(5.3551048040390015e-08, 0.029120683670043945, -0.00257300422526896, 1, -0, 0, 0, 0.97373712062835693, 0.22767527401447296, -0, -0.22767527401447296, 0.97373712062835693),
            ["RightUpperArm"] = CFrame.new(-0.049319624900817871, -0.98798441886901855, 0.32116258144378662, 0.36770600080490112, 0.099126458168029785, 0.92464381456375122, 0.34386196732521057, 0.90933775901794434, -0.23423022031784058, -0.86403197050094604, 0.40407770872116089, 0.30028313398361206),
            ["RightUpperLeg"] = CFrame.new(0, -1.1920928955078125e-07, -5.9750163927674294e-08, 0.9966888427734375, -0.070488370954990387, -0.04053131490945816, 0.065016113221645355, 0.99023258686065674, -0.12333809584379196, 0.048829331994056702, 0.12029451876878738, 0.99153667688369751)
        }},
        {Time = 0.117, Data = {
            ["Head"] = CFrame.new(0, 0, 0, 0.99955636262893677, 0.0057962858118116856, -0.029215229675173759, -0.0021291240118443966, 0.99227714538574219, 0.12402237206697464, 0.029708473011851311, -0.12390514463186264, 0.99184924364089966),
            ["LeftFoot"] = CFrame.new(9.041173143486958e-08, -0.0036479830741882324, -3.2026550798036624e-06, 0.99294948577880859, -0.090691007673740387, -0.076331004500389099, 0.090954490005970001, 0.99585503339767456, -2.4626730009913445e-05, 0.076016843318939209, -0.0069181947037577629, 0.99708253145217896),
            ["LeftHand"] = CFrame.new(0.00048637762665748596, 0.020707249641418457, -1.73225998878479e-07, 0.9492039680480957, 0.2713579535484314, -0.15930061042308807, -0.20065641403198242, 0.91196596622467041, 0.35784780979156494, 0.24238158762454987, -0.30770587921142578, 0.92009145021438599),
            ["LeftLowerArm"] = CFrame.new(-0.00049978494644165039, 0.10174190998077393, 0.045049827545881271, 1, 0, 0, 0, 0.536224365234375, -0.84407550096511841, 0, 0.84407550096511841, 0.536224365234375),
            ["LeftLowerLeg"] = CFrame.new(-4.1301746023236774e-08, -0.0032353997230529785, 5.8051606174558401e-05, 1, 0, 0, 0, 1, 0, 0, 0, 1),
            ["LeftUpperArm"] = CFrame.new(0.10252618789672852, -0.2676701545715332, 0.45151501893997192, 0.42728453874588013, 0.5903773307800293, -0.6847500205039978, -0.044158697128295898, 0.77009212970733643, 0.63640248775482178, 0.90303820371627808, -0.24168729782104492, 0.35511875152587891),
            ["LeftUpperLeg"] = CFrame.new(0, -1.1920928955078125e-07, -9.9983095424249768e-05, 0.99294948577880859, 0.090954490005970001, 0.076016843318939209, -0.090691007673740387, 0.99585503339767456, -0.0069181947037577629, -0.076331004500389099, -2.4626730009913445e-05, 0.99708253145217896),
            ["RightFoot"] = CFrame.new(4.2491592466831207e-08, 0.0066206455230712891, -0.00010293516970705241, 0.99668818712234497, 0.062196895480155945, 0.052385255694389343, -0.059374794363975525, 0.996784508228302, -0.053808022290468216, -0.055563502013683319, 0.050519455224275589, 0.99717622995376587),
            ["RightHand"] = CFrame.new(-0.00048658251762390137, 0.020365595817565918, -1.6391277313232422e-07, 0.9134177565574646, 0.35172399878501892, -0.20483723282814026, -0.33200332522392273, 0.93496710062026978, 0.12494135648012161, 0.23546093702316284, -0.046117015182971954, 0.97078907489776611),
            ["RightLowerArm"] = CFrame.new(-2.384185791015625e-07, 0.10101360082626343, 0.044060692191123962, 1, 0, 0, 0, 0.54647588729858398, -0.83747488260269165, 0, 0.83747488260269165, 0.54647588729858398),
            ["RightLowerLeg"] = CFrame.new(5.3551048040390015e-08, 0.029120683670043945, -0.00257300422526896, 1, -0, 0, 0, 0.97373712062835693, 0.22767527401447296, -0, -0.22767527401447296, 0.97373712062835693),
            ["RightUpperArm"] = CFrame.new(-0.07296520471572876, -1.0026779174804688, 0.30898800492286682, 0.38928759098052979, 0.10226045548915863, 0.91542243957519531, 0.40430861711502075, 0.87399554252624512, -0.26956695318222046, -0.82764124870300293, 0.47505217790603638, 0.29889082908630371),
            ["RightUpperLeg"] = CFrame.new(0, -1.1920928955078125e-07, -5.9750163927674294e-08, 0.9966888427734375, -0.070488370954990387, -0.04053131490945816, 0.065016113221645355, 0.99023258686065674, -0.12333809584379196, 0.048829331994056702, 0.12029451876878738, 0.99153667688369751)
        }},
        {Time = 0.133, Data = {
            ["Head"] = CFrame.new(0, 0, 0, 0.99955636262893677, 0.0057962858118116856, -0.029215229675173759, -0.0021291240118443966, 0.99227714538574219, 0.12402237206697464, 0.029708473011851311, -0.12390514463186264, 0.99184924364089966),
            ["LeftFoot"] = CFrame.new(9.041173143486958e-08, -0.0036479830741882324, -3.2026550798036624e-06, 0.99294948577880859, -0.090691007673740387, -0.076331004500389099, 0.090954490005970001, 0.99585503339767456, -2.4626730009913445e-05, 0.076016843318939209, -0.0069181947037577629, 0.99708253145217896),
            ["LeftHand"] = CFrame.new(0.00048637762665748596, 0.020707249641418457, -1.73225998878479e-07, 0.9492039680480957, 0.2713579535484314, -0.15930061042308807, -0.20065641403198242, 0.91196596622467041, 0.35784780979156494, 0.24238158762454987, -0.30770587921142578, 0.92009145021438599),
            ["LeftLowerArm"] = CFrame.new(-0.00049978494644165039, 0.10174190998077393, 0.045049827545881271, 1, 0, 0, 0, 0.536224365234375, -0.84407550096511841, 0, 0.84407550096511841, 0.536224365234375),
            ["LeftLowerLeg"] = CFrame.new(-4.1301746023236774e-08, -0.0032353997230529785, 5.8051606174558401e-05, 1, 0, 0, 0, 1, 0, 0, 0, 1),
            ["LeftUpperArm"] = CFrame.new(0.10252618789672852, -0.2676701545715332, 0.45151501893997192, 0.42728453874588013, 0.5903773307800293, -0.6847500205039978, -0.044158697128295898, 0.77009212970733643, 0.63640248775482178, 0.90303820371627808, -0.24168729782104492, 0.35511875152587891),
            ["LeftUpperLeg"] = CFrame.new(0, -1.1920928955078125e-07, -9.9983095424249768e-05, 0.99294948577880859, 0.090954490005970001, 0.076016843318939209, -0.090691007673740387, 0.99585503339767456, -0.0069181947037577629, -0.076331004500389099, -2.4626730009913445e-05, 0.99708253145217896),
            ["RightFoot"] = CFrame.new(4.2491592466831207e-08, 0.0066206455230712891, -0.00010293516970705241, 0.99668818712234497, 0.062196895480155945, 0.052385255694389343, -0.059374794363975525, 0.996784508228302, -0.053808022290468216, -0.055563502013683319, 0.050519455224275589, 0.99717622995376587),
            ["RightHand"] = CFrame.new(-0.00048774480819702148, 0.018468618392944336, 1.6391277313232422e-07, 0.87891900539398193, 0.41213768720626831, -0.24009148776531219, -0.40913397073745728, 0.91018056869506836, 0.064658939838409424, 0.24517498910427094, 0.04139961302280426, 0.96859449148178101),
            ["RightLowerArm"] = CFrame.new(1.1920928955078125e-07, 0.09304577112197876, 0.035361338406801224, 1, 0, 0, 0, 0.63668167591094971, -0.77112674713134766, 0, 0.77112674713134766, 0.63668167591094971),
            ["RightLowerLeg"] = CFrame.new(5.3551048040390015e-08, 0.029120683670043945, -0.00257300422526896, 1, -0, 0, 0, 0.97373712062835693, 0.22767527401447296, -0, -0.22767527401447296, 0.97373712062835693),
            ["RightUpperArm"] = CFrame.new(-0.09515535831451416, -1.0140762329101562, 0.2961122989654541, 0.40749359130859375, 0.11409436166286469, 0.90605264902114868, 0.45876961946487427, 0.83230054378509521, -0.31113696098327637, -0.78960710763931274, 0.54245579242706299, 0.28681409358978271),
            ["RightUpperLeg"] = CFrame.new(0, -1.1920928955078125e-07, -5.9750163927674294e-08, 0.9966888427734375, -0.070488370954990387, -0.04053131490945816, 0.065016113221645355, 0.99023258686065674, -0.12333809584379196, 0.048829331994056702, 0.12029451876878738, 0.99153667688369751)
        }},
        {Time = 0.150, Data = {
            ["Head"] = CFrame.new(0, 0, 0, 0.99955636262893677, 0.0057962858118116856, -0.029215229675173759, -0.0021291240118443966, 0.99227714538574219, 0.12402237206697464, 0.029708473011851311, -0.12390514463186264, 0.99184924364089966),
            ["LeftFoot"] = CFrame.new(9.041173143486958e-08, -0.0036479830741882324, -3.2026550798036624e-06, 0.99294948577880859, -0.090691007673740387, -0.076331004500389099, 0.090954490005970001, 0.99585503339767456, -2.4626730009913445e-05, 0.076016843318939209, -0.0069181947037577629, 0.99708253145217896),
            ["LeftHand"] = CFrame.new(0.00048637762665748596, 0.020707249641418457, -1.73225998878479e-07, 0.9492039680480957, 0.2713579535484314, -0.15930061042308807, -0.20065641403198242, 0.91196596622467041, 0.35784780979156494, 0.24238158762454987, -0.30770587921142578, 0.92009145021438599),
            ["LeftLowerArm"] = CFrame.new(-0.00049978494644165039, 0.10174190998077393, 0.045049827545881271, 1, 0, 0, 0, 0.536224365234375, -0.84407550096511841, 0, 0.84407550096511841, 0.536224365234375),
            ["LeftLowerLeg"] = CFrame.new(-4.1301746023236774e-08, -0.0032353997230529785, 5.8051606174558401e-05, 1, 0, 0, 0, 1, 0, 0, 0, 1),
            ["LeftUpperArm"] = CFrame.new(0.10252618789672852, -0.2676701545715332, 0.45151501893997192, 0.42728453874588013, 0.5903773307800293, -0.6847500205039978, -0.044158697128295898, 0.77009212970733643, 0.63640248775482178, 0.90303820371627808, -0.24168729782104492, 0.35511875152587891),
            ["LeftUpperLeg"] = CFrame.new(0, -1.1920928955078125e-07, -9.9983095424249768e-05, 0.99294948577880859, 0.090954490005970001, 0.076016843318939209, -0.090691007673740387, 0.99585503339767456, -0.0069181947037577629, -0.076331004500389099, -2.4626730009913445e-05, 0.99708253145217896),
            ["RightFoot"] = CFrame.new(4.2491592466831207e-08, 0.0066206455230712891, -0.00010293516970705241, 0.99668818712234497, 0.062196895480155945, 0.052385255694389343, -0.059374794363975525, 0.996784508228302, -0.053808022290468216, -0.055563502013683319, 0.050519455224275589, 0.99717622995376587),
            ["RightHand"] = CFrame.new(-0.00048981606960296631, 0.015329658985137939, 2.5331974029541016e-07, 0.84310513734817505, 0.46460059285163879, -0.27077668905258179, -0.48309871554374695, 0.8755638599395752, -0.0019038692116737366, 0.23619772493839264, 0.13241702318191528, 0.96264028549194336),
            ["RightLowerArm"] = CFrame.new(3.5762786865234375e-07, 0.081893026828765869, 0.026402145624160767, 1, 0, 0, 0, 0.72961020469665527, -0.68386328220367432, 0, 0.68386328220367432, 0.72961020469665527),
            ["RightLowerLeg"] = CFrame.new(5.3551048040390015e-08, 0.029120683670043945, -0.00257300422526896, 1, -0, 0, 0, 0.97373712062835693, 0.22767527401447296, -0, -0.22767527401447296, 0.97373712062835693),
            ["RightUpperArm"] = CFrame.new(-0.11534398794174194, -1.0219802856445312, 0.28353047370910645, 0.42214727401733398, 0.13456878066062927, 0.8964836597442627, 0.50560843944549561, 0.78586727380752563, -0.35605159401893616, -0.75243055820465088, 0.6035759449005127, 0.26371258497238159),
            ["RightUpperLeg"] = CFrame.new(0, -1.1920928955078125e-07, -5.9750163927674294e-08, 0.9966888427734375, -0.070488370954990387, -0.04053131490945816, 0.065016113221645355, 0.99023258686065674, -0.12333809584379196, 0.048829331994056702, 0.12029451876878738, 0.99153667688369751)
        }},
        {Time = 0.167, Data = {
            ["Head"] = CFrame.new(0, 0, 0, 0.99955636262893677, 0.0057962858118116856, -0.029215229675173759, -0.0021291240118443966, 0.99227714538574219, 0.12402237206697464, 0.029708473011851311, -0.12390514463186264, 0.99184924364089966),
            ["LeftFoot"] = CFrame.new(9.041173143486958e-08, -0.0036479830741882324, -3.2026550798036624e-06, 0.99294948577880859, -0.090691007673740387, -0.076331004500389099, 0.090954490005970001, 0.99585503339767456, -2.4626730009913445e-05, 0.076016843318939209, -0.0069181947037577629, 0.99708253145217896),
            ["LeftHand"] = CFrame.new(0.00048637762665748596, 0.020707249641418457, -1.73225998878479e-07, 0.9492039680480957, 0.2713579535484314, -0.15930061042308807, -0.20065641403198242, 0.91196596622467041, 0.35784780979156494, 0.24238158762454987, -0.30770587921142578, 0.92009145021438599),
            ["LeftLowerArm"] = CFrame.new(-0.00049978494644165039, 0.10174190998077393, 0.045049827545881271, 1, 0, 0, 0, 0.536224365234375, -0.84407550096511841, 0, 0.84407550096511841, 0.536224365234375),
            ["LeftLowerLeg"] = CFrame.new(-4.1301746023236774e-08, -0.0032353997230529785, 5.8051606174558401e-05, 1, 0, 0, 0, 1, 0, 0, 0, 1),
            ["LeftUpperArm"] = CFrame.new(0.10252618789672852, -0.2676701545715332, 0.45151501893997192, 0.42728453874588013, 0.5903773307800293, -0.6847500205039978, -0.044158697128295898, 0.77009212970733643, 0.63640248775482178, 0.90303820371627808, -0.24168729782104492, 0.35511875152587891),
            ["LeftUpperLeg"] = CFrame.new(0, -1.1920928955078125e-07, -9.9983095424249768e-05, 0.99294948577880859, 0.090954490005970001, 0.076016843318939209, -0.090691007673740387, 0.99585503339767456, -0.0069181947037577629, -0.076331004500389099, -2.4626730009913445e-05, 0.99708253145217896),
            ["RightFoot"] = CFrame.new(4.2491592466831207e-08, 0.0066206455230712891, -0.00010293516970705241, 0.99668818712234497, 0.062196895480155945, 0.052385255694389343, -0.059374794363975525, 0.996784508228302, -0.053808022290468216, -0.055563502013683319, 0.050519455224275589, 0.99717622995376587),
            ["RightHand"] = CFrame.new(-0.00049266219139099121, 0.01110917329788208, -2.2351741790771484e-07, 0.80839407444000244, 0.50858569145202637, -0.29637756943702698, -0.55002498626708984, 0.83199232816696167, -0.072534352540969849, 0.20969393849372864, 0.22165140509605408, 0.95231252908706665),
            ["RightLowerArm"] = CFrame.new(1.1920928955078125e-07, 0.067533612251281738, 0.01786041259765625, 1, 0, 0, 0, 0.81790763139724731, -0.57534956932067871, 0, 0.57534956932067871, 0.81790763139724731),
            ["RightLowerLeg"] = CFrame.new(5.3551048040390015e-08, 0.029120683670043945, -0.00257300422526896, 1, -0, 0, 0, 0.97373712062835693, 0.22767527401447296, -0, -0.22767527401447296, 0.97373712062835693),
            ["RightUpperArm"] = CFrame.new(-0.1331934928894043, -1.0267143249511719, 0.27204018831253052, 0.43347287178039551, 0.16383820772171021, 0.88614803552627563, 0.54450154304504395, 0.73592168092727661, -0.40241438150405884, -0.71806639432907104, 0.65694469213485718, 0.22979193925857544),
            ["RightUpperLeg"] = CFrame.new(0, -1.1920928955078125e-07, -5.9750163927674294e-08, 0.9966888427734375, -0.070488370954990387, -0.04053131490945816, 0.065016113221645355, 0.99023258686065674, -0.12333809584379196, 0.048829331994056702, 0.12029451876878738, 0.99153667688369751)
        }},
        {Time = 0.183, Data = {
            ["Head"] = CFrame.new(0, 0, 0, 0.99955636262893677, 0.0057962858118116856, -0.029215229675173759, -0.0021291240118443966, 0.99227714538574219, 0.12402237206697464, 0.029708473011851311, -0.12390514463186264, 0.99184924364089966),
            ["LeftFoot"] = CFrame.new(9.041173143486958e-08, -0.0036479830741882324, -3.2026550798036624e-06, 0.99294948577880859, -0.090691007673740387, -0.076331004500389099, 0.090954490005970001, 0.99585503339767456, -2.4626730009913445e-05, 0.076016843318939209, -0.0069181947037577629, 0.99708253145217896),
            ["LeftHand"] = CFrame.new(0.00048637762665748596, 0.020707249641418457, -1.73225998878479e-07, 0.9492039680480957, 0.2713579535484314, -0.15930061042308807, -0.20065641403198242, 0.91196596622467041, 0.35784780979156494, 0.24238158762454987, -0.30770587921142578, 0.92009145021438599),
            ["LeftLowerArm"] = CFrame.new(-0.00049978494644165039, 0.10174190998077393, 0.045049827545881271, 1, 0, 0, 0, 0.536224365234375, -0.84407550096511841, 0, 0.84407550096511841, 0.536224365234375),
            ["LeftLowerLeg"] = CFrame.new(-4.1301746023236774e-08, -0.0032353997230529785, 5.8051606174558401e-05, 1, 0, 0, 0, 1, 0, 0, 0, 1),
            ["LeftUpperArm"] = CFrame.new(0.10252618789672852, -0.2676701545715332, 0.45151501893997192, 0.42728453874588013, 0.5903773307800293, -0.6847500205039978, -0.044158697128295898, 0.77009212970733643, 0.63640248775482178, 0.90303820371627808, -0.24168729782104492, 0.35511875152587891),
            ["LeftUpperLeg"] = CFrame.new(0, -1.1920928955078125e-07, -9.9983095424249768e-05, 0.99294948577880859, 0.090954490005970001, 0.076016843318939209, -0.090691007673740387, 0.99585503339767456, -0.0069181947037577629, -0.076331004500389099, -2.4626730009913445e-05, 0.99708253145217896),
