return {
["aware of it thrust 2"] = {

          {Time = 0.000, Data = {

              ["Head"] = CFrame.new(-0.000000, -0.025119, -0.027027, 1.000000, -0.000000, -0.000000, 0.000000, 0.936130, 0.351655, -0.000000, -0.351655, 0.936130),

              ["LeftFoot"] = CFrame.new(0.000000, 0.021284, -0.000003, 0.941365, -0.307898, -0.137980, 0.176774, 0.798419, -0.575590, 0.287372, 0.517422, 0.806013),

              ["LeftHand"] = CFrame.new(0.000499, 0.002205, -0.000000, 0.999694, 0.020960, -0.013169, -0.020039, 0.997583, 0.066533, 0.014531, -0.066247, 0.997697),

              ["LeftLowerArm"] = CFrame.new(-0.000500, 0.010431, 0.000341, 1.000000, -0.000000, -0.000000, 0.000000, 0.996405, -0.084720, 0.000000, 0.084719, 0.996405),

              ["LeftLowerLeg"] = CFrame.new(-0.000000, 0.092849, -0.031550, 1.000000, -0.000000, -0.000000, 0.000000, 0.675449, 0.737412, -0.000000, -0.737407, 0.675443),

              ["LeftUpperArm"] = CFrame.new(0.301772, 0.046692, 0.137514, 0.961107, 0.123449, -0.247050, 0.025160, 0.851679, 0.523460, 0.275028, -0.509317, 0.815448),

              ["LeftUpperLeg"] = CFrame.new(-0.000000, -0.000000, -0.000100, 0.820582, 0.564991, 0.086215, -0.570818, 0.817706, 0.074337, -0.028500, -0.110190, 0.993499),

              ["LowerTorso"] = CFrame.new(0.164370, -0.238372, -0.297059, 0.965153, -0.261686, -0.000000, 0.246990, 0.910949, -0.330405, 0.086462, 0.318891, 0.943839),

              ["RightFoot"] = CFrame.new(-0.000000, 0.010050, -0.000103, 0.994228, 0.046027, -0.096921, -0.075826, 0.940515, -0.331204, 0.075907, 0.336621, 0.938568),

              ["RightHand"] = CFrame.new(-0.000499, 0.001521, 0.000000, 0.996494, 0.072639, -0.041512, -0.074539, 0.996146, -0.046225, 0.037993, 0.049157, 0.998068),

              ["RightLowerArm"] = CFrame.new(0.000000, 0.007419, 0.000163, 1.000000, 0.000000, 0.000000, -0.000000, 0.998243, -0.059249, -0.000000, 0.059248, 0.998243),

              ["RightLowerLeg"] = CFrame.new(-0.000000, 0.047794, -0.007539, 1.000000, 0.000000, 0.000000, -0.000000, 0.923399, 0.383831, 0.000000, -0.383842, 0.923403),

              ["RightUpperArm"] = CFrame.new(-0.263100, 0.005659, 0.105267, 0.977570, -0.103481, 0.183437, 0.005737, 0.883732, 0.467958, -0.210534, -0.456409, 0.864503),

              ["RightUpperLeg"] = CFrame.new(-0.000000, -0.000000, -0.000000, 0.962570, 0.211668, 0.169282, -0.249153, 0.936894, 0.245273, -0.106684, -0.278255, 0.954560),

              ["UpperTorso"] = CFrame.new(-0.013641, 0.177810, 0.260788, 0.965153, 0.261686, 0.000000, -0.261686, 0.965153, -0.000000, -0.000000, -0.000000, 1.000000)

          }},

          {Time = 0.013, Data = {

              ["Head"] = CFrame.new(-0.000000, -0.025119, -0.027027, 1.000000, -0.000000, -0.000000, 0.000000, 0.936130, 0.351655, -0.000000, -0.351655, 0.936130),

              ["LeftFoot"] = CFrame.new(0.000000, 0.023657, -0.000003, 0.942700, -0.304900, -0.135498, 0.180843, 0.808211, -0.560461, 0.280379, 0.503817, 0.817021),

              ["LeftHand"] = CFrame.new(0.000498, 0.002169, -0.000000, 0.999694, 0.020954, -0.013166, -0.020044, 0.997629, 0.065836, 0.014514, -0.065551, 0.997744),

              ["LeftLowerArm"] = CFrame.new(-0.000500, 0.010232, 0.000328, 1.000000, -0.000000, -0.000000, 0.000000, 0.996543, -0.083075, 0.000000, 0.083074, 0.996543),

              ["LeftLowerLeg"] = CFrame.new(-0.000000, 0.099944, -0.037579, 1.000000, -0.000000, -0.000000, 0.000000, 0.612769, 0.790268, -0.000000, -0.790262, 0.612761),

              ["LeftUpperArm"] = CFrame.new(0.301772, 0.046690, 0.137517, 0.961106, 0.123219, -0.247170, 0.025157, 0.852177, 0.522648, 0.275033, -0.508538, 0.815932),

              ["LeftUpperLeg"] = CFrame.new(0.000000, 0.000000, -0.000100, 0.819911, 0.572478, 0.003976, -0.569393, 0.816173, -0.098225, -0.059478, 0.078296, 0.995156),

              ["LowerTorso"] = CFrame.new(0.164211, -0.256041, -0.219220, 0.963331, -0.268312, -0.001291, 0.260152, 0.935190, -0.240293, 0.065681, 0.231146, 0.970699),

              ["RightFoot"] = CFrame.new(0.000000, 0.011280, -0.000103, 0.994345, 0.051499, -0.092880, -0.078922, 0.943530, -0.321770, 0.071060, 0.327260, 0.942251),

              ["RightHand"] = CFrame.new(-0.000499, 0.001480, 0.000000, 0.996494, 0.072638, -0.041511, -0.074567, 0.996109, -0.046978, 0.037936, 0.049908, 0.998033),

              ["RightLowerArm"] = CFrame.new(0.000000, 0.007204, 0.000153, 1.000000, 0.000000, 0.000000, -0.000000, 0.998345, -0.057508, -0.000000, 0.057508, 0.998345),

              ["RightLowerLeg"] = CFrame.new(-0.000000, 0.054662, -0.010134, 1.000000, 0.000000, 0.000000, -0.000000, 0.897029, 0.441964, 0.000000, -0.441972, 0.897033),

              ["RightUpperArm"] = CFrame.new(-0.263100, 0.005660, 0.105266, 0.977570, -0.103298, 0.183538, 0.005736, 0.884194, 0.467084, -0.210532, -0.455554, 0.864954),

              ["RightUpperLeg"] = CFrame.new(-0.000000, 0.000000, -0.000000, 0.965181, 0.228267, 0.127755, -0.240101, 0.966901, 0.086352, -0.103816, -0.114002, 0.988039),

              ["UpperTorso"] = CFrame.new(-0.016785, 0.150633, 0.232119, 0.963331, 0.267243, -0.023963, -0.268312, 0.959041, -0.090827, -0.001291, 0.093926, 0.995578)

          }},

          {Time = 0.027, Data = {

              ["Head"] = CFrame.new(-0.000000, -0.025119, -0.027027, 1.000000, -0.000000, -0.000000, 0.000000, 0.936130, 0.351655, -0.000000, -0.351655, 0.936130),

              ["LeftFoot"] = CFrame.new(-0.000000, 0.026299, -0.000002, 0.947595, -0.293541, -0.126108, 0.200215, 0.853225, -0.481603, 0.248954, 0.431092, 0.867269),

              ["LeftHand"] = CFrame.new(0.000499, 0.002070, -0.000000, 0.999694, 0.020939, -0.013158, -0.020056, 0.997750, 0.063975, 0.014467, -0.063691, 0.997865),

              ["LeftLowerArm"] = CFrame.new(-0.000500, 0.009698, 0.000293, 1.000000, -0.000000, -0.000000, 0.000000, 0.996900, -0.078685, 0.000000, 0.078685, 0.996900),

              ["LeftLowerLeg"] = CFrame.new(-0.000000, 0.108332, -0.046703, 1.000000, -0.000000, -0.000000, 0.000000, 0.517897, 0.855449, -0.000000, -0.855443, 0.517887),

              ["LeftUpperArm"] = CFrame.new(0.301769, 0.046685, 0.137524, 0.961102, 0.122606, -0.247490, 0.025148, 0.853502, 0.520483, 0.275048, -0.506460, 0.817219),

              ["LeftUpperLeg"] = CFrame.new(-0.000000, -0.000000, -0.000100, 0.824218, 0.540465, -0.168990, -0.552299, 0.701352, -0.450616, -0.125022, 0.464760, 0.876577),

              ["LowerTorso"] = CFrame.new(0.162082, -0.284615, -0.033281, 0.959324, -0.282182, -0.008413, 0.281812, 0.958981, -0.030633, 0.016712, 0.027016, 0.999495),

              ["RightFoot"] = CFrame.new(0.000000, 0.012822, -0.000103, 0.994440, 0.064129, -0.083531, -0.084136, 0.960857, -0.263982, 0.063330, 0.269522, 0.960904),

              ["RightHand"] = CFrame.new(-0.000499, 0.001369, -0.000000, 0.996495, 0.072635, -0.041508, -0.074640, 0.996007, -0.048987, 0.037784, 0.051913, 0.997937),

              ["RightLowerArm"] = CFrame.new(-0.000000, 0.006632, 0.000129, 1.000000, 0.000000, 0.000000, -0.000000, 0.998602, -0.052866, -0.000000, 0.052865, 0.998602),

              ["RightLowerLeg"] = CFrame.new(0.000000, 0.063148, -0.013982, 1.000000, 0.000000, 0.000000, -0.000000, 0.857851, 0.513895, 0.000000, -0.513899, 0.857853),

              ["RightUpperArm"] = CFrame.new(-0.263100, 0.005661, 0.105265, 0.977571, -0.102810, 0.183808, 0.005734, 0.885423, 0.464751, -0.210529, -0.453273, 0.866153),

              ["RightUpperLeg"] = CFrame.new(-0.000000, -0.000000, -0.000000, 0.970666, 0.237774, 0.035650, -0.221371, 0.941693, -0.253378, -0.093818, 0.238073, 0.966710),

              ["UpperTorso"] = CFrame.new(-0.016261, 0.114564, 0.152291, 0.959324, 0.271507, -0.077339, -0.282182, 0.914050, -0.291353, -0.008413, 0.301325, 0.953484)

          }},

          {Time = 0.040, Data = {

              ["Head"] = CFrame.new(-0.000000, -0.025119, -0.027027, 1.000000, -0.000000, -0.000000, 0.000000, 0.936130, 0.351655, -0.000000, -0.351655, 0.936130),

              ["LeftFoot"] = CFrame.new(-0.000000, 0.026469, -0.000002, 0.955814, -0.272958, -0.109162, 0.225539, 0.919045, -0.323264, 0.188551, 0.284341, 0.939992),

              ["LeftHand"] = CFrame.new(0.000499, 0.001926, 0.000000, 0.999695, 0.020917, -0.013146, -0.020074, 0.997918, 0.061292, 0.014400, -0.061008, 0.998033),

              ["LeftLowerArm"] = CFrame.new(-0.000500, 0.008926, 0.000246, 1.000000, -0.000000, -0.000000, 0.000000, 0.997379, -0.072360, 0.000000, 0.072359, 0.997379),

              ["LeftLowerLeg"] = CFrame.new(0.000000, 0.108835, -0.047319, 1.000000, -0.000000, -0.000000, 0.000000, 0.511483, 0.859300, -0.000000, -0.859293, 0.511472),

              ["LeftUpperArm"] = CFrame.new(0.301767, 0.046679, 0.137534, 0.961096, 0.121722, -0.247948, 0.025135, 0.855399, 0.517359, 0.275068, -0.503464, 0.819061),

              ["LeftUpperLeg"] = CFrame.new(-0.000000, -0.000000, -0.000100, 0.841450, 0.444077, -0.307818, -0.511042, 0.469029, -0.720300, -0.175494, 0.763419, 0.621623),

              ["LowerTorso"] = CFrame.new(0.153082, -0.299339, 0.183178, 0.957420, -0.288226, -0.016503, 0.285903, 0.938664, 0.192791, -0.040077, -0.189300, 0.981101),

              ["RightFoot"] = CFrame.new(-0.000000, 0.013021, -0.000103, 0.994223, 0.079539, -0.072081, -0.089906, 0.983912, -0.154396, 0.058638, 0.159972, 0.985376),

              ["RightHand"] = CFrame.new(-0.000499, 0.001196, -0.000000, 0.996495, 0.072630, -0.041504, -0.074753, 0.995840, -0.052107, 0.037547, 0.055027, 0.997779),

              ["RightLowerArm"] = CFrame.new(0.000000, 0.005748, 0.000095, 1.000000, 0.000000, 0.000000, -0.000000, 0.998954, -0.045718, -0.000000, 0.045717, 0.998954),

              ["RightLowerLeg"] = CFrame.new(-0.000000, 0.064236, -0.014531, 1.000000, 0.000000, 0.000000, -0.000000, 0.852259, 0.523116, 0.000000, -0.523120, 0.852262),

              ["RightUpperArm"] = CFrame.new(-0.263101, 0.005662, 0.105262, 0.977572, -0.102064, 0.184217, 0.005731, 0.887289, 0.461179, -0.210524, -0.449780, 0.867973),

              ["RightUpperLeg"] = CFrame.new(-0.000000, -0.000000, -0.000000, 0.977517, 0.204293, -0.052188, -0.198257, 0.806239, -0.557367, -0.071790, 0.555197, 0.828624),

              ["UpperTorso"] = CFrame.new(-0.001566, 0.123072, 0.049695, 0.957420, 0.256605, -0.132290, -0.288227, 0.823403, -0.488808, -0.016503, 0.506124, 0.862303)

          }},

          {Time = 0.053, Data = {

              ["Head"] = CFrame.new(-0.000000, -0.025119, -0.027027, 1.000000, -0.000000, -0.000000, 0.000000, 0.936130, 0.351655, -0.000000, -0.351655, 0.936130),

              ["LeftFoot"] = CFrame.new(-0.000000, 0.024587, -0.000002, 0.965912, -0.244278, -0.085696, 0.228567, 0.960170, -0.160730, 0.121538, 0.135652, 0.983271),

              ["LeftHand"] = CFrame.new(0.000499, 0.001754, -0.000000, 0.999696, 0.020892, -0.013132, -0.020095, 0.998107, 0.058132, 0.014321, -0.057849, 0.998223),

              ["LeftLowerArm"] = CFrame.new(-0.000500, 0.008016, 0.000197, 1.000000, -0.000000, -0.000000, 0.000000, 0.997891, -0.064921, 0.000000, 0.064920, 0.997890),

              ["LeftLowerLeg"] = CFrame.new(-0.000000, 0.103173, -0.040901, 1.000000, -0.000000, -0.000000, 0.000000, 0.578291, 0.815837, -0.000000, -0.815831, 0.578282),

              ["LeftUpperArm"] = CFrame.new(0.301764, 0.046671, 0.137546, 0.961090, 0.120681, -0.248481, 0.025120, 0.857612, 0.513684, 0.275092, -0.499938, 0.821210),

              ["LeftUpperLeg"] = CFrame.new(-0.000000, -0.000000, -0.000100, 0.878951, 0.328503, -0.345725, -0.449352, 0.327579, -0.831122, -0.159776, 0.885877, 0.435558),

              ["LowerTorso"] = CFrame.new(0.128436, -0.308729, 0.351424, 0.965153, -0.261686, -0.000000, 0.247754, 0.913768, 0.321943, -0.084248, -0.310724, 0.946759),

              ["RightFoot"] = CFrame.new(-0.000000, 0.013270, -0.000103, 0.993470, 0.098133, -0.058199, -0.102049, 0.992408, -0.068651, 0.051018, 0.074134, 0.995942),

              ["RightHand"] = CFrame.new(-0.000499, 0.001003, -0.000000, 0.996496, 0.072625, -0.041500, -0.074874, 0.995649, -0.055474, 0.037290, 0.058387, 0.997597),

              ["RightLowerArm"] = CFrame.new(0.000000, 0.004782, 0.000064, 1.000000, 0.000000, 0.000000, -0.000000, 0.999280, -0.037936, -0.000000, 0.037935, 0.999280),

              ["RightLowerLeg"] = CFrame.new(-0.000000, 0.065578, -0.015224, 1.000000, 0.000000, 0.000000, -0.000000, 0.845185, 0.534471, 0.000000, -0.534474, 0.845187),

              ["RightUpperArm"] = CFrame.new(-0.263102, 0.005664, 0.105259, 0.977573, -0.101244, 0.184662, 0.005728, 0.889316, 0.457257, -0.210518, -0.445944, 0.869951),

              ["RightUpperLeg"] = CFrame.new(0.000000, -0.000000, -0.000000, 0.988067, 0.120740, -0.095634, -0.152223, 0.670705, -0.725924, -0.023506, 0.731831, 0.681093),

              ["UpperTorso"] = CFrame.new(0.020980, 0.168179, -0.041874, 0.965153, 0.206004, -0.161375, -0.261686, 0.759785, -0.595187, -0.000000, 0.616676, 0.787217)

          }},

          {Time = 0.067, Data = {

              ["Head"] = CFrame.new(-0.000000, -0.025119, -0.027027, 1.000000, -0.000000, -0.000000, 0.000000, 0.936130, 0.351655, -0.000000, -0.351655, 0.936130),

              ["LeftFoot"] = CFrame.new(-0.000000, 0.023037, -0.000002, 0.977188, -0.205366, -0.054121, 0.200392, 0.975996, -0.085300, 0.070336, 0.072501, 0.994884),

              ["LeftHand"] = CFrame.new(0.000499, 0.001573, -0.000000, 0.999696, 0.020866, -0.013118, -0.020117, 0.998292, 0.054854, 0.014240, -0.054573, 0.998408),

              ["LeftLowerArm"] = CFrame.new(-0.000500, 0.007069, 0.000151, 1.000000, -0.000000, -0.000000, 0.000000, 0.998362, -0.057214, 0.000000, 0.057213, 0.998362),

              ["LeftLowerLeg"] = CFrame.new(-0.000000, 0.098165, -0.035993, 1.000000, -0.000000, -0.000000, 0.000000, 0.629289, 0.777176, -0.000000, -0.777171, 0.629283),

              ["LeftUpperArm"] = CFrame.new(0.301760, 0.046664, 0.137559, 0.961083, 0.119602, -0.249028, 0.025105, 0.859884, 0.509871, 0.275117, -0.496280, 0.823417),

              ["LeftUpperLeg"] = CFrame.new(0.000000, 0.000000, -0.000100, 0.935332, 0.206126, -0.287513, -0.348956, 0.403915, -0.845617, -0.058174, 0.891271, 0.449742),

              ["LowerTorso"] = CFrame.new(0.077729, -0.331441, 0.418030, 0.983308, -0.173711, 0.054132, 0.151097, 0.945343, 0.288957, -0.101368, -0.275954, 0.955811),

              ["RightFoot"] = CFrame.new(0.000000, 0.016685, -0.000103, 0.991215, 0.127152, -0.036392, -0.129811, 0.988005, -0.083651, 0.025318, 0.087630, 0.995830),

              ["RightHand"] = CFrame.new(-0.000500, 0.000789, 0.000000, 0.996496, 0.072620, -0.041495, -0.075005, 0.995427, -0.059163, 0.037009, 0.062067, 0.997386),

              ["RightLowerArm"] = CFrame.new(0.000000, 0.003725, 0.000037, 1.000000, 0.000000, 0.000000, -0.000000, 0.999566, -0.029469, -0.000000, 0.029468, 0.999566),

              ["RightLowerLeg"] = CFrame.new(-0.000000, 0.078885, -0.022623, 1.000000, 0.000000, 0.000000, -0.000000, 0.769198, 0.639012, 0.000000, -0.639011, 0.769197),

              ["RightUpperArm"] = CFrame.new(-0.263102, 0.005665, 0.105256, 0.977575, -0.100356, 0.185140, 0.005725, 0.891489, 0.453007, -0.210512, -0.441788, 0.872071),

              ["RightUpperLeg"] = CFrame.new(-0.000000, -0.000000, -0.000000, 0.997571, -0.016968, -0.067559, -0.041941, 0.628051, -0.777029, 0.055615, 0.777987, 0.625828),

              ["UpperTorso"] = CFrame.new(0.033206, 0.197687, -0.121117, 0.983308, 0.109119, -0.145599, -0.173711, 0.801075, -0.572803, 0.054132, 0.588533, 0.806659)

          }},

          {Time = 0.080, Data = {

              ["Head"] = CFrame.new(-0.000000, -0.025119, -0.027027, 1.000000, -0.000000, -0.000000, 0.000000, 0.936130, 0.351655, -0.000000, -0.351655, 0.936130),

              ["LeftFoot"] = CFrame.new(0.000000, 0.021750, -0.000002, 0.987436, -0.157260, -0.015486, 0.155340, 0.983988, -0.087401, 0.028981, 0.083888, 0.996053),

              ["LeftHand"] = CFrame.new(0.000499, 0.001402, 0.000000, 0.999697, 0.020842, -0.013105, -0.020136, 0.998453, 0.051832, 0.014165, -0.051551, 0.998570),

              ["LeftLowerArm"] = CFrame.new(-0.000500, 0.006192, 0.000115, 1.000000, -0.000000, -0.000000, 0.000000, 0.998744, -0.050115, 0.000000, 0.050114, 0.998744),

              ["LeftLowerLeg"] = CFrame.new(-0.000000, 0.094306, -0.032727, 1.000000, -0.000000, -0.000000, 0.000000, 0.663244, 0.748407, -0.000000, -0.748403, 0.663239),

              ["LeftUpperArm"] = CFrame.new(0.301757, 0.046657, 0.137570, 0.961077, 0.118608, -0.249526, 0.025091, 0.861960, 0.506356, 0.275139, -0.492908, 0.825433),

              ["LeftUpperLeg"] = CFrame.new(0.000000, -0.000000, -0.000100, 0.981411, 0.069192, -0.179010, -0.182614, 0.623564, -0.760132, 0.059029, 0.778704, 0.624624),

              ["LowerTorso"] = CFrame.new(0.003885, -0.351387, 0.396218, 0.995081, -0.028789, 0.094795, 0.017031, 0.992313, 0.122577, -0.097596, -0.120359, 0.987921),

              ["RightFoot"] = CFrame.new(-0.000000, 0.022377, -0.000102, 0.984958, 0.172785, -0.001742, -0.170804, 0.972037, -0.161163, -0.026151, 0.159023, 0.986926),

              ["RightHand"] = CFrame.new(-0.000499, 0.000600, -0.000000, 0.996497, 0.072615, -0.041491, -0.075117, 0.995226, -0.062313, 0.036768, 0.065211, 0.997194),

              ["RightLowerArm"] = CFrame.new(-0.000000, 0.002811, 0.000020, 1.000000, 0.000000, 0.000000, -0.000000, 0.999754, -0.022181, -0.000000, 0.022180, 0.999754),

              ["RightLowerLeg"] = CFrame.new(0.000000, 0.095409, -0.033904, 1.000000, 0.000000, 0.000000, -0.000000, 0.652058, 0.758174, 0.000000, -0.758169, 0.652053),

              ["RightUpperArm"] = CFrame.new(-0.263103, 0.005666, 0.105253, 0.977576, -0.099585, 0.185549, 0.005722, 0.893353, 0.449320, -0.210506, -0.438182, 0.873890),

              ["RightUpperLeg"] = CFrame.new(0.000000, -0.000000, -0.000000, 0.983225, -0.180478, 0.026375, 0.143312, 0.674952, -0.723797, 0.112828, 0.715449, 0.689509),

              ["UpperTorso"] = CFrame.new(0.031159, 0.183634, -0.190815, 0.995080, -0.016171, -0.097742, -0.028789, 0.896817, -0.441465, 0.094795, 0.442107, 0.891939)

          }},

          {Time = 0.093, Data = {

              ["Head"] = CFrame.new(-0.000000, -0.025119, -0.027027, 1.000000, -0.000000, -0.000000, 0.000000, 0.936130, 0.351655, -0.000000, -0.351655, 0.936130),

              ["LeftFoot"] = CFrame.new(0.000000, 0.018902, -0.000003, 0.993740, -0.109431, 0.022505, 0.111338, 0.986695, -0.118487, -0.009239, 0.120239, 0.992701),

              ["LeftHand"] = CFrame.new(0.000499, 0.001255, -0.000000, 0.999698, 0.020823, -0.013095, -0.020155, 0.998584, 0.049227, 0.014101, -0.048948, 0.998702),

              ["LeftLowerArm"] = CFrame.new(-0.000500, 0.005444, 0.000087, 1.000000, -0.000000, -0.000000, 0.000000, 0.999029, -0.044070, 0.000000, 0.044069, 0.999028),

              ["LeftLowerLeg"] = CFrame.new(-0.000000, 0.086313, -0.027029, 1.000000, -0.000000, -0.000000, 0.000000, 0.722516, 0.691357, -0.000000, -0.691354, 0.722513),

              ["LeftUpperArm"] = CFrame.new(0.301755, 0.046652, 0.137579, 0.961072, 0.117766, -0.249943, 0.025080, 0.863698, 0.503385, 0.275157, -0.490057, 0.827123),

              ["LeftUpperLeg"] = CFrame.new(0.000000, -0.000000, -0.000100, 0.994385, -0.071774, -0.077763, 0.021156, 0.854830, -0.518458, 0.103686, 0.513920, 0.851560),

              ["LowerTorso"] = CFrame.new(-0.073817, -0.343283, 0.314625, 0.989349, 0.127700, 0.069863, -0.119661, 0.986795, -0.109168, -0.082881, 0.099645, 0.991565),

              ["RightFoot"] = CFrame.new(0.000000, 0.025217, -0.000103, 0.972842, 0.227869, 0.040685, -0.210390, 0.943761, -0.255067, -0.096513, 0.239563, 0.966067),

              ["RightHand"] = CFrame.new(-0.000500, 0.000450, 0.000000, 0.996497, 0.072611, -0.041488, -0.075203, 0.995062, -0.064785, 0.036579, 0.067678, 0.997037),

              ["RightLowerArm"] = CFrame.new(0.000000, 0.002090, 0.000010, 1.000000, 0.000000, 0.000000, -0.000000, 0.999865, -0.016464, -0.000000, 0.016463, 0.999864),

              ["RightLowerLeg"] = CFrame.new(0.000000, 0.104461, -0.042656, 1.000000, 0.000000, 0.000000, -0.000000, 0.561118, 0.827742, 0.000000, -0.827736, 0.561109),

              ["RightUpperArm"] = CFrame.new(-0.263103, 0.005668, 0.105251, 0.977577, -0.098979, 0.185868, 0.005719, 0.894804, 0.446423, -0.210502, -0.435350, 0.875305),

              ["RightUpperLeg"] = CFrame.new(0.000000, -0.000000, -0.000000, 0.931841, -0.337344, 0.133677, 0.353145, 0.758384, -0.547834, 0.083431, 0.557721, 0.825838),

              ["UpperTorso"] = CFrame.new(0.022218, 0.133457, -0.233129, 0.989349, -0.140325, -0.038690, 0.127700, 0.964299, -0.231993, 0.069863, 0.224581, 0.971948)

          }},

          {Time = 0.107, Data = {

              ["Head"] = CFrame.new(-0.000000, -0.025119, -0.027027, 1.000000, -0.000000, -0.000000, 0.000000, 0.936130, 0.351655, -0.000000, -0.351655, 0.936130),

              ["LeftFoot"] = CFrame.new(-0.000000, 0.014336, -0.000003, 0.995919, -0.075814, 0.048963, 0.081961, 0.986895, -0.139012, -0.037781, 0.142444, 0.989080),

              ["LeftHand"] = CFrame.new(0.000499, 0.001177, 0.000000, 0.999698, 0.020813, -0.013089, -0.020164, 0.998649, 0.047885, 0.014068, -0.047606, 0.998767),

              ["LeftLowerArm"] = CFrame.new(-0.000500, 0.005053, 0.000075, 1.000000, -0.000000, -0.000000, 0.000000, 0.999162, -0.040919, 0.000000, 0.040919, 0.999162),

              ["LeftLowerLeg"] = CFrame.new(-0.000000, 0.071838, -0.018436, 1.000000, -0.000000, -0.000000, 0.000000, 0.811322, 0.584598, -0.000000, -0.584599, 0.811323),

              ["LeftUpperArm"] = CFrame.new(0.301754, 0.046648, 0.137584, 0.961070, 0.117323, -0.250161, 0.025074, 0.864608, 0.501821, 0.275167, -0.488557, 0.828007),

              ["LeftUpperLeg"] = CFrame.new(0.000000, -0.000000, -0.000100, 0.982242, -0.184688, -0.033050, 0.177213, 0.971098, -0.159871, 0.061621, 0.151196, 0.986585),

              ["LowerTorso"] = CFrame.new(-0.128819, -0.304983, 0.205197, 0.972628, 0.232177, -0.009430, -0.222478, 0.918747, -0.326202, -0.067073, 0.319371, 0.945253),

              ["RightFoot"] = CFrame.new(-0.000000, 0.025805, -0.000103, 0.959617, 0.271248, 0.074581, -0.232417, 0.913820, -0.333058, -0.158485, 0.302255, 0.939952),

              ["RightHand"] = CFrame.new(-0.000500, 0.000362, -0.000000, 0.996497, 0.072609, -0.041486, -0.075252, 0.994966, -0.066185, 0.036471, 0.069075, 0.996945),

              ["RightLowerArm"] = CFrame.new(-0.000000, 0.001681, 0.000006, 1.000000, 0.000000, 0.000000, -0.000000, 0.999913, -0.013226, -0.000000, 0.013225, 0.999913),

              ["RightLowerLeg"] = CFrame.new(0.000000, 0.106177, -0.044548, 1.000000, 0.000000, 0.000000, -0.000000, 0.541407, 0.840767, 0.000000, -0.840761, 0.541397),

              ["RightUpperArm"] = CFrame.new(-0.263104, 0.005669, 0.105250, 0.977577, -0.098636, 0.186048, 0.005718, 0.895621, 0.444781, -0.210499, -0.433744, 0.876103),

              ["RightUpperLeg"] = CFrame.new(0.000000, -0.000000, -0.000000, 0.868001, -0.459511, 0.188204, 0.495826, 0.822677, -0.278114, -0.027033, 0.334744, 0.941930),

              ["UpperTorso"] = CFrame.new(0.016209, 0.077405, -0.234434, 0.972628, -0.232145, 0.010201, 0.232177, 0.972671, -0.002123, -0.009430, 0.004434, 0.999946)

          }},

          {Time = 0.120, Data = {

              ["Head"] = CFrame.new(-0.000000, -0.025119, -0.027027, 1.000000, -0.000000, -0.000000, 0.000000, 0.936130, 0.351655, -0.000000, -0.351655, 0.936130),

              ["LeftFoot"] = CFrame.new(0.000000, 0.011309, -0.000003, 0.996311, -0.060123, 0.061244, 0.068388, 0.987318, -0.143283, -0.051850, 0.146931, 0.987785),

              ["LeftHand"] = CFrame.new(0.000499, 0.001175, -0.000000, 0.999698, 0.020812, -0.013089, -0.020164, 0.998651, 0.047841, 0.014067, -0.047562, 0.998769),

              ["LeftLowerArm"] = CFrame.new(-0.000500, 0.005040, 0.000075, 1.000000, -0.000000, -0.000000, 0.000000, 0.999167, -0.040815, 0.000000, 0.040814, 0.999167),

              ["LeftLowerLeg"] = CFrame.new(-0.000000, 0.056140, -0.010567, 1.000000, -0.000000, 0.000000, 0.000000, 0.891611, 0.452796, -0.000000, -0.452803, 0.891614),

              ["LeftUpperArm"] = CFrame.new(0.301753, 0.046648, 0.137584, 0.961069, 0.117308, -0.250169, 0.025073, 0.864639, 0.501769, 0.275167, -0.488507, 0.828036),

              ["LeftUpperLeg"] = CFrame.new(-0.000000, 0.000000, -0.000100, 0.971023, -0.234586, -0.045659, 0.238980, 0.954563, 0.178057, 0.001815, -0.183791, 0.982960),

              ["LowerTorso"] = CFrame.new(-0.150194, -0.256356, 0.094330, 0.962168, 0.260147, -0.080966, -0.266066, 0.833174, -0.484798, -0.058660, 0.488000, 0.870870),

              ["RightFoot"] = CFrame.new(0.000000, 0.024746, -0.000103, 0.953583, 0.288045, 0.087827, -0.234235, 0.892781, -0.384827, -0.189246, 0.346371, 0.918801),

              ["RightHand"] = CFrame.new(-0.000500, 0.000360, 0.000000, 0.996497, 0.072609, -0.041486, -0.075254, 0.994962, -0.066231, 0.036468, 0.069120, 0.996942),

              ["RightLowerArm"] = CFrame.new(-0.000000, 0.001668, 0.000006, 1.000000, 0.000000, 0.000000, -0.000000, 0.999914, -0.013120, -0.000000, 0.013119, 0.999914),

              ["RightLowerLeg"] = CFrame.new(0.000000, 0.102802, -0.040810, 1.000000, 0.000000, 0.000000, -0.000000, 0.580273, 0.814429, 0.000000, -0.814422, 0.580263),

              ["RightUpperArm"] = CFrame.new(-0.263104, 0.005668, 0.105250, 0.977577, -0.098624, 0.186054, 0.005718, 0.895648, 0.444728, -0.210499, -0.433691, 0.876129),

              ["RightUpperLeg"] = CFrame.new(0.000000, 0.000000, -0.000000, 0.835716, -0.522766, 0.168201, 0.530921, 0.847411, -0.004148, -0.140366, 0.092793, 0.985744),

              ["UpperTorso"] = CFrame.new(0.018973, 0.044567, -0.201155, 0.962168, -0.270505, 0.032543, 0.260147, 0.947620, 0.185308, -0.080966, -0.169832, 0.982141)

          }},

          {Time = 0.133, Data = {

              ["Head"] = CFrame.new(-0.000000, -0.025119, -0.027027, 1.000000, -0.000000, -0.000000, 0.000000, 0.936130, 0.351655, -0.000000, -0.351655, 0.936130),

              ["LeftFoot"] = CFrame.new(-0.000000, 0.009088, -0.000003, 0.996350, -0.055651, 0.064736, 0.065132, 0.985763, -0.155021, -0.055184, 0.158663, 0.985788),

              ["LeftHand"] = CFrame.new(0.000499, 0.001238, 0.000000, 0.999697, 0.020821, -0.013094, -0.020157, 0.998599, 0.048934, 0.014094, -0.048654, 0.998716),

              ["LeftLowerArm"] = CFrame.new(-0.000500, 0.005359, 0.000085, 1.000000, -0.000000, -0.000000, 0.000000, 0.999059, -0.043381, 0.000000, 0.043381, 0.999059),

              ["LeftLowerLeg"] = CFrame.new(0.000000, 0.043757, -0.006054, 1.000000, -0.000000, -0.000000, 0.000000, 0.937452, 0.348103, -0.000000, -0.348116, 0.937456),

              ["LeftUpperArm"] = CFrame.new(0.301754, 0.046651, 0.137580, 0.961072, 0.117669, -0.249991, 0.025078, 0.863898, 0.503043, 0.275159, -0.489729, 0.827316),

              ["LeftUpperLeg"] = CFrame.new(0.000000, -0.000000, -0.000100, 0.971821, -0.222941, -0.076563, 0.234158, 0.875710, 0.422272, -0.027095, -0.428287, 0.903230),

              ["LowerTorso"] = CFrame.new(-0.147585, -0.212239, -0.010261, 0.964640, 0.238530, -0.112126, -0.257534, 0.762491, -0.593535, -0.056081, 0.601424, 0.796959),

              ["RightFoot"] = CFrame.new(0.000000, 0.022460, -0.000103, 0.955647, 0.282463, 0.083417, -0.224640, 0.882224, -0.413806, -0.190464, 0.376689, 0.906536),

              ["RightHand"] = CFrame.new(-0.000500, 0.000431, -0.000000, 0.996497, 0.072610, -0.041488, -0.075214, 0.995041, -0.065092, 0.036555, 0.067984, 0.997017),

              ["RightLowerArm"] = CFrame.new(-0.000000, 0.002001, 0.000009, 1.000000, 0.000000, 0.000000, -0.000000, 0.999876, -0.015754, -0.000000, 0.015754, 0.999876),

              ["RightLowerLeg"] = CFrame.new(0.000000, 0.095650, -0.034105, 1.000000, 0.000000, 0.000000, -0.000000, 0.649967, 0.759968, 0.000000, -0.759963, 0.649960),

              ["RightUpperArm"] = CFrame.new(-0.263103, 0.005668, 0.105251, 0.977577, -0.098904, 0.185907, 0.005719, 0.894983, 0.446064, -0.210501, -0.434998, 0.875480),

              ["RightUpperLeg"] = CFrame.new(0.000000, -0.000000, -0.000000, 0.844433, -0.525430, 0.104186, 0.493492, 0.838746, 0.230174, -0.208325, -0.142928, 0.967556),

              ["UpperTorso"] = CFrame.new(0.026507, 0.041399, -0.149191, 0.964640, -0.261600, 0.032159, 0.238530, 0.918382, 0.315717, -0.112126, -0.296882, 0.948308)

          }},

          {Time = 0.147, Data = {

              ["Head"] = CFrame.new(-0.000000, -0.025119, -0.027027, 1.000000, -0.000000, -0.000000, 0.000000, 0.936130, 0.351655, -0.000000, -0.351655, 0.936130),

              ["LeftFoot"] = CFrame.new(-0.000000, 0.008276, -0.000003, 0.996324, -0.058943, 0.062166, 0.069946, 0.978690, -0.193076, -0.049458, 0.196705, 0.979212),

              ["LeftHand"] = CFrame.new(0.000499, 0.001350, -0.000000, 0.999697, 0.020836, -0.013102, -0.020144, 0.998501, 0.050891, 0.014142, -0.050611, 0.998618),

              ["LeftLowerArm"] = CFrame.new(-0.000500, 0.005929, 0.000105, 1.000000, -0.000000, -0.000000, 0.000000, 0.998848, -0.047979, 0.000000, 0.047978, 0.998848),

              ["LeftLowerLeg"] = CFrame.new(0.000000, 0.039270, -0.004756, 1.000000, -0.000000, -0.000000, 0.000000, 0.950601, 0.310402, -0.000000, -0.310415, 0.950606),

              ["LeftUpperArm"] = CFrame.new(0.301757, 0.046656, 0.137572, 0.961076, 0.118314, -0.249671, 0.025088, 0.862565, 0.505324, 0.275145, -0.491918, 0.826022),

              ["LeftUpperLeg"] = CFrame.new(-0.000000, -0.000000, -0.000100, 0.981591, -0.164767, -0.096605, 0.190392, 0.803848, 0.563552, -0.015198, -0.571560, 0.820412),

              ["LowerTorso"] = CFrame.new(-0.129760, -0.179779, -0.105443, 0.976196, 0.192068, -0.100757, -0.209924, 0.719890, -0.661581, -0.054535, 0.666984, 0.743074),

              ["RightFoot"] = CFrame.new(0.000000, 0.018741, -0.000103, 0.962722, 0.261990, 0.067309, -0.210124, 0.881034, -0.423845, -0.170333, 0.393878, 0.903230),

              ["RightHand"] = CFrame.new(-0.000500, 0.000556, -0.000000, 0.996497, 0.072613, -0.041490, -0.075142, 0.995178, -0.063045, 0.036712, 0.065942, 0.997148),

              ["RightLowerArm"] = CFrame.new(-0.000000, 0.002598, 0.000016, 1.000000, 0.000000, 0.000000, -0.000000, 0.999790, -0.020487, -0.000000, 0.020486, 0.999790),

              ["RightLowerLeg"] = CFrame.new(-0.000000, 0.085039, -0.026417, 1.000000, 0.000000, 0.000000, -0.000000, 0.729899, 0.683558, 0.000000, -0.683555, 0.729897),

              ["RightUpperArm"] = CFrame.new(-0.263103, 0.005667, 0.105253, 0.977576, -0.099405, 0.185644, 0.005721, 0.893784, 0.448462, -0.210505, -0.437343, 0.874310),

              ["RightUpperLeg"] = CFrame.new(-0.000000, -0.000000, 0.000000, 0.881136, -0.471699, 0.033156, 0.418403, 0.810414, 0.410100, -0.220313, -0.347461, 0.911438),

              ["UpperTorso"] = CFrame.new(0.032768, 0.062123, -0.089456, 0.976196, -0.216153, 0.017888, 0.192068, 0.899836, 0.391670, -0.100757, -0.378911, 0.919932)

          }},

          {Time = 0.160, Data = {

              ["Head"] = CFrame.new(-0.000000, -0.025119, -0.027027, 1.000000, -0.000000, -0.000000, 0.000000, 0.936130, 0.351655, -0.000000, -0.351655, 0.936130),

              ["LeftFoot"] = CFrame.new(-0.000000, 0.009203, -0.000003, 0.996070, -0.071368, 0.052447, 0.082752, 0.960977, -0.263975, -0.031559, 0.267263, 0.963102),

              ["LeftHand"] = CFrame.new(0.000499, 0.001508, 0.000000, 0.999697, 0.020856, -0.013113, -0.020124, 0.998355, 0.053694, 0.014211, -0.053413, 0.998471),

              ["LeftLowerArm"] = CFrame.new(-0.000500, 0.006732, 0.000137, 1.000000, -0.000000, -0.000000, 0.000000, 0.998515, -0.054487, 0.000000, 0.054486, 0.998515),

              ["LeftLowerLeg"] = CFrame.new(0.000000, 0.044404, -0.006255, 1.000000, -0.000000, 0.000000, 0.000000, 0.935410, 0.353553, -0.000000, -0.353565, 0.935415),

              ["LeftUpperArm"] = CFrame.new(0.301759, 0.046661, 0.137563, 0.961081, 0.119220, -0.249220, 0.025099, 0.860684, 0.508522, 0.275126, -0.494985, 0.824194),

              ["LeftUpperLeg"] = CFrame.new(0.000000, -0.000000, -0.000100, 0.992770, -0.073743, -0.094706, 0.116593, 0.779923, 0.614930, 0.028517, -0.621516, 0.782874),

              ["LowerTorso"] = CFrame.new(-0.099952, -0.163199, -0.187468, 0.989551, 0.131659, -0.058787, -0.135608, 0.711262, -0.689723, -0.048995, 0.690488, 0.721683),

              ["RightFoot"] = CFrame.new(-0.000000, 0.014837, -0.000103, 0.971756, 0.231891, 0.043808, -0.192939, 0.887570, -0.418346, -0.135883, 0.398054, 0.907231),

              ["RightHand"] = CFrame.new(-0.000499, 0.000716, -0.000000, 0.996496, 0.072618, -0.041494, -0.075048, 0.995351, -0.060374, 0.036916, 0.063277, 0.997313),

              ["RightLowerArm"] = CFrame.new(-0.000000, 0.003374, 0.000030, 1.000000, 0.000000, 0.000000, -0.000000, 0.999644, -0.026665, -0.000000, 0.026665, 0.999644),

              ["RightLowerLeg"] = CFrame.new(0.000000, 0.072735, -0.019132, 1.000000, 0.000000, 0.000000, -0.000000, 0.805191, 0.593015, 0.000000, -0.593016, 0.805192),

              ["RightUpperArm"] = CFrame.new(-0.263103, 0.005666, 0.105255, 0.977575, -0.100059, 0.185298, 0.005724, 0.892208, 0.451589, -0.210510, -0.440401, 0.872773),

              ["RightUpperLeg"] = CFrame.new(0.000000, -0.000000, -0.000000, 0.928009, -0.372253, -0.015089, 0.323121, 0.784055, 0.529969, -0.185451, -0.496675, 0.847883),

              ["UpperTorso"] = CFrame.new(0.033342, 0.096472, -0.027111, 0.989550, -0.144180, -0.001438, 0.131659, 0.899457, 0.416705, -0.058787, -0.412540, 0.909041)

          }},

          {Time = 0.173, Data = {

              ["Head"] = CFrame.new(-0.000000, -0.025119, -0.027027, 1.000000, -0.000000, -0.000000, 0.000000, 0.936130, 0.351655, -0.000000, -0.351655, 0.936130),

              ["LeftFoot"] = CFrame.new(0.000000, 0.011263, -0.000003, 0.994725, -0.097487, 0.031928, 0.102465, 0.929450, -0.354455, 0.004878, 0.355835, 0.934528),

              ["LeftHand"] = CFrame.new(0.000499, 0.001669, 0.000000, 0.999696, 0.020879, -0.013125, -0.020105, 0.998196, 0.056574, 0.014283, -0.056292, 0.998312),

              ["LeftLowerArm"] = CFrame.new(-0.000500, 0.007566, 0.000175, 1.000000, -0.000000, -0.000000, 0.000000, 0.998122, -0.061257, 0.000000, 0.061256, 0.998122),

              ["LeftLowerLeg"] = CFrame.new(0.000000, 0.055883, -0.010458, 1.000000, -0.000000, -0.000000, 0.000000, 0.892714, 0.450615, -0.000000, -0.450623, 0.892718),

              ["LeftUpperArm"] = CFrame.new(0.301762, 0.046668, 0.137552, 0.961086, 0.120169, -0.248742, 0.025113, 0.858695, 0.511872, 0.275104, -0.498200, 0.822262),

              ["LeftUpperLeg"] = CFrame.new(-0.000000, -0.000000, -0.000100, 0.996536, 0.042664, -0.071390, 0.007966, 0.805480, 0.592582, 0.082785, -0.591085, 0.802340),

              ["LowerTorso"] = CFrame.new(-0.057549, -0.164437, -0.250935, 0.998260, 0.058593, -0.006572, -0.047685, 0.736768, -0.674463, -0.034677, 0.673603, 0.738280),

              ["RightFoot"] = CFrame.new(0.000000, 0.012611, -0.000103, 0.980722, 0.194823, 0.015151, -0.172360, 0.898970, -0.402694, -0.092067, 0.392296, 0.915209),

              ["RightHand"] = CFrame.new(-0.000499, 0.000907, -0.000000, 0.996496, 0.072622, -0.041498, -0.074933, 0.995551, -0.057130, 0.037164, 0.060039, 0.997504),

              ["RightLowerArm"] = CFrame.new(0.000000, 0.004305, 0.000051, 1.000000, 0.000000, 0.000000, -0.000000, 0.999418, -0.034109, -0.000000, 0.034108, 0.999418),

              ["RightLowerLeg"] = CFrame.new(0.000000, 0.062004, -0.013419, 1.000000, 0.000000, -0.000000, -0.000000, 0.863591, 0.504188, 0.000000, -0.504193, 0.863594),

              ["RightUpperArm"] = CFrame.new(-0.263102, 0.005665, 0.105258, 0.977574, -0.100841, 0.184880, 0.005727, 0.890306, 0.455328, -0.210515, -0.444057, 0.870917),

              ["RightUpperLeg"] = CFrame.new(-0.000000, 0.000000, 0.000000, 0.969200, -0.245325, -0.021614, 0.211207, 0.782858, 0.585270, -0.126660, -0.571795, 0.810551),

              ["UpperTorso"] = CFrame.new(0.026597, 0.133071, 0.035870, 0.998260, -0.056465, -0.016974, 0.058593, 0.917952, 0.392341, -0.006572, -0.392653, 0.919663)

          }},

          {Time = 0.187, Data = {

              ["Head"] = CFrame.new(-0.000000, -0.025119, -0.027027, 1.000000, -0.000000, -0.000000, 0.000000, 0.936130, 0.351655, -0.000000, -0.351655, 0.936130),

              ["LeftFoot"] = CFrame.new(-0.000000, 0.013638, -0.000003, 0.990002, -0.141035, -0.002551, 0.125329, 0.887777, -0.442907, 0.064725, 0.438134, 0.896564),

              ["LeftHand"] = CFrame.new(0.000499, 0.001829, -0.000000, 0.999695, 0.020903, -0.013138, -0.020086, 0.998026, 0.059500, 0.014355, -0.059217, 0.998142),

              ["LeftLowerArm"] = CFrame.new(-0.000500, 0.008410, 0.000218, 1.000000, -0.000000, -0.000000, 0.000000, 0.997676, -0.068141, 0.000000, 0.068140, 0.997676),

              ["LeftLowerLeg"] = CFrame.new(0.000000, 0.068789, -0.016754, 1.000000, -0.000000, -0.000000, 0.000000, 0.828548, 0.559916, -0.000000, -0.559919, 0.828550),

              ["LeftUpperArm"] = CFrame.new(0.301765, 0.046675, 0.137541, 0.961092, 0.121132, -0.248251, 0.025127, 0.856657, 0.515275, 0.275082, -0.501464, 0.820282),

              ["LeftUpperLeg"] = CFrame.new(0.000000, -0.000000, -0.000100, 0.983374, 0.178934, -0.030958, -0.139080, 0.851758, 0.505154, 0.116758, -0.492433, 0.862474),

              ["LowerTorso"] = CFrame.new(-0.002580, -0.181115, -0.290283, 0.999119, -0.026731, 0.032339, 0.040975, 0.787373, -0.615114, -0.009021, 0.615897, 0.787775),

              ["RightFoot"] = CFrame.new(0.000000, 0.011397, -0.000103, 0.988134, 0.152642, -0.017092, -0.147247, 0.909758, -0.388169, -0.043698, 0.386057, 0.921430),

              ["RightHand"] = CFrame.new(-0.000499, 0.001087, -0.000000, 0.996495, 0.072627, -0.041502, -0.074821, 0.995733, -0.054017, 0.037401, 0.056933, 0.997677),

              ["RightLowerArm"] = CFrame.new(-0.000000, 0.005200, 0.000076, 1.000000, 0.000000, 0.000000, -0.000000, 0.999147, -0.041302, -0.000000, 0.041302, 0.999147),

              ["RightLowerLeg"] = CFrame.new(-0.000000, 0.055314, -0.010404, 1.000000, 0.000000, -0.000000, -0.000000, 0.894284, 0.447491, 0.000000, -0.447500, 0.894288),

              ["RightUpperArm"] = CFrame.new(-0.263101, 0.005663, 0.105260, 0.977573, -0.101599, 0.184470, 0.005730, 0.888442, 0.458955, -0.210520, -0.447604, 0.869098),

              ["RightUpperLeg"] = CFrame.new(0.000000, -0.000000, 0.000000, 0.993672, -0.111276, 0.015253, 0.083245, 0.820833, 0.565083, -0.075400, -0.560224, 0.824893),

              ["UpperTorso"] = CFrame.new(0.014438, 0.162104, 0.098340, 0.999120, 0.035694, -0.022053, -0.026731, 0.946649, 0.321156, 0.032339, -0.320284, 0.946769)

          }},

          {Time = 0.200, Data = {

              ["Head"] = CFrame.new(-0.000000, -0.025119, -0.027027, 1.000000, -0.000000, -0.000000, 0.000000, 0.936130, 0.351655, -0.000000, -0.351655, 0.936130),

              ["LeftFoot"] = CFrame.new(0.000000, 0.016711, -0.000003, 0.979274, -0.196942, -0.047322, 0.145993, 0.848271, -0.509066, 0.140389, 0.491580, 0.859425),

              ["LeftHand"] = CFrame.new(0.000499, 0.001976, 0.000000, 0.999695, 0.020925, -0.013150, -0.020068, 0.997861, 0.062208, 0.014423, -0.061925, 0.997977),

              ["LeftLowerArm"] = CFrame.new(-0.000500, 0.009190, 0.000262, 1.000000, -0.000000, -0.000000, 0.000000, 0.997220, -0.074520, 0.000000, 0.074520, 0.997220),

              ["LeftLowerLeg"] = CFrame.new(-0.000000, 0.079760, -0.022916, 1.000000, -0.000000, -0.000000, 0.000000, 0.765131, 0.643876, -0.000000, -0.643874, 0.765130),

              ["LeftUpperArm"] = CFrame.new(0.301768, 0.046681, 0.137531, 0.961098, 0.122024, -0.247792, 0.025139, 0.854753, 0.518426, 0.275061, -0.504488, 0.818433),

