return {
["down twerk 2"] = {
    {Time = 0.000, Data = {
      ["LeftFoot"] = CFrame.new(0.000000, 0.033917, -0.000000, 0.938028, -0.265129, -0.223181, 0.111387, 0.840472, -0.530283, 0.328171, 0.472561, 0.817918),
      ["LeftHand"] = CFrame.new(0.000537, -0.056627, -0.000000, 0.764904, -0.556569, 0.324272, 0.560666, 0.823110, 0.090240, -0.317137, 0.112783, 0.941650),
      ["LeftLowerArm"] = CFrame.new(-0.000499, -0.056456, 0.000267, 1.000000, 0.000000, 0.000000, 0.000000, 1.000000, 0.000000, 0.000000, 0.000000, 1.000000),
      ["LeftLowerLeg"] = CFrame.new(-0.000000, 0.123570, -0.119495, 1.000000, 0.000000, 0.000000, 0.000000, -0.239507, 0.970895, 0.000000, -0.970895, -0.239507),
      ["LeftUpperArm"] = CFrame.new(-0.004009, -0.083269, 0.253093, 0.991979, 0.039185, -0.120175, -0.025671, 0.993376, 0.112007, 0.123768, -0.108024, 0.986414),
      ["LeftUpperLeg"] = CFrame.new(0.000000, 0.000000, -0.000100, 0.901711, 0.262484, -0.343539, -0.375922, 0.868485, -0.323135, 0.213541, 0.420518, 0.881796),
      ["LowerTorso"] = CFrame.new(-0.033666, -0.775939, -0.184977, 0.998430, -0.006427, 0.055650, 0.028671, 0.912055, -0.409064, -0.048127, 0.410017, 0.910807),
      ["RightFoot"] = CFrame.new(-0.000000, 0.033669, -0.000101, 0.858013, 0.392915, 0.330805, -0.164285, 0.820159, -0.548041, -0.486646, 0.415880, 0.768257),
      ["RightHand"] = CFrame.new(-0.000497, 0.004082, 0.000000, 0.997248, 0.064392, -0.036749, -0.026609, 0.773492, 0.633247, 0.069202, -0.630526, 0.773077),
      ["RightLowerArm"] = CFrame.new(-0.000001, 0.080444, 0.036085, 1.000000, 0.000000, 0.000000, 0.000000, 0.636682, -0.771127, 0.000000, 0.771127, 0.636682),
      ["RightLowerLeg"] = CFrame.new(-0.000000, 0.124894, -0.111769, 1.000000, 0.000000, 0.000000, 0.000000, -0.158015, 0.987437, 0.000000, -0.987437, -0.158015),
      ["RightUpperArm"] = CFrame.new(-0.230287, 0.089694, -0.028593, 0.997622, -0.063720, 0.026260, -0.038519, -0.831474, -0.554228, 0.057150, 0.551898, -0.831951),
      ["RightUpperLeg"] = CFrame.new(0.000000, 0.000000, -0.000000, 0.869591, -0.432996, 0.237331, 0.484299, 0.841627, -0.238994, -0.096261, 0.322766, 0.941571),
      ["UpperTorso"] = CFrame.new(0.027784, 0.100739, 0.164222, 0.998430, 0.028671, -0.048127, -0.006427, 0.912055, 0.410017, 0.055650, -0.409064, 0.910807)
    }},
    {Time = 0.033, Data = {
      ["Head"] = CFrame.new(-0.000000, 0.000000, 0.000000, 0.999977, 0.000255, 0.006820, -0.000263, 0.999999, 0.001294, -0.006819, -0.001296, 0.999976),
      ["LeftFoot"] = CFrame.new(-0.000000, 0.033929, -0.000000, 0.928181, -0.284667, -0.239678, 0.120419, 0.839177, -0.530360, 0.352108, 0.463408, 0.813187),
      ["LeftHand"] = CFrame.new(0.000541, -0.061271, -0.000000, 0.769466, -0.551877, 0.321489, 0.553989, 0.827195, 0.094045, -0.317835, 0.105737, 0.942232),
      ["LeftLowerArm"] = CFrame.new(-0.000498, -0.061080, 0.000290, 1.000000, 0.000000, 0.000000, 0.000000, 1.000000, 0.000000, 0.000000, 0.000000, 1.000000),
      ["LeftLowerLeg"] = CFrame.new(-0.000000, 0.123521, -0.119699, 1.000000, 0.000000, 0.000000, 0.000000, -0.241635, 0.970367, 0.000000, -0.970367, -0.241635),
      ["LeftUpperArm"] = CFrame.new(-0.002516, -0.084814, 0.245419, 0.993681, 0.040099, -0.104833, -0.028402, 0.993438, 0.110786, 0.108587, -0.107109, 0.988300),
      ["LeftUpperLeg"] = CFrame.new(0.000000, 0.000000, -0.000100, 0.880886, 0.293176, -0.371602, -0.417432, 0.851287, -0.317901, 0.223139, 0.435153, 0.872268),
      ["LowerTorso"] = CFrame.new(-0.014317, -0.776020, -0.182229, 0.997619, -0.024764, 0.064363, 0.048818, 0.912806, -0.405466, -0.048710, 0.407643, 0.911841),
      ["RightFoot"] = CFrame.new(-0.000000, 0.033676, -0.000101, 0.870729, 0.376160, 0.316758, -0.157401, 0.823421, -0.545162, -0.465894, 0.424830, 0.776184),
      ["RightHand"] = CFrame.new(-0.000497, 0.004614, -0.000000, 0.997414, 0.062394, -0.035674, -0.024607, 0.762797, 0.646170, 0.067529, -0.643621, 0.762360),
      ["RightLowerArm"] = CFrame.new(-0.000000, 0.083114, 0.038883, 1.000000, 0.000000, 0.000000, 0.000000, 0.608335, -0.793681, 0.000000, 0.793681, 0.608335),
      ["RightLowerLeg"] = CFrame.new(0.000000, 0.124876, -0.111893, 1.000000, 0.000000, 0.000000, 0.000000, -0.159246, 0.987239, 0.000000, -0.987239, -0.159246),
      ["RightUpperArm"] = CFrame.new(-0.230247, 0.089032, -0.029716, 0.997539, -0.064419, 0.027678, -0.037189, -0.820787, -0.570022, 0.059438, 0.567590, -0.821163),
      ["RightUpperLeg"] = CFrame.new(0.000000, 0.000000, -0.000000, 0.890861, -0.400274, 0.214821, 0.446646, 0.858081, -0.253384, -0.082911, 0.321679, 0.943212),
      ["UpperTorso"] = CFrame.new(0.017291, 0.110866, 0.157026, 0.997638, 0.048903, -0.048246, -0.025014, 0.912691, 0.407883, 0.063980, -0.405713, 0.911758)
    }},
    {Time = 0.067, Data = {
      ["Head"] = CFrame.new(-0.000000, 0.000000, -0.000000, 0.999666, 0.000886, 0.025810, -0.001013, 0.999987, 0.004908, -0.025806, -0.004932, 0.999655),
      ["LeftFoot"] = CFrame.new(-0.000000, 0.033947, -0.000000, 0.899873, -0.333624, -0.280934, 0.146712, 0.838125, -0.525378, 0.410737, 0.431557, 0.803152),
      ["LeftHand"] = CFrame.new(0.000547, -0.072424, -0.000000, 0.781953, -0.538633, 0.313726, 0.535596, 0.838059, 0.103898, -0.318883, 0.086787, 0.943812),
      ["LeftLowerArm"] = CFrame.new(-0.000498, -0.072195, 0.000348, 1.000000, 0.000000, 0.000000, 0.000000, 1.000000, 0.000000, 0.000000, 0.000000, 1.000000),
      ["LeftLowerLeg"] = CFrame.new(-0.000000, 0.123443, -0.120018, 1.000000, 0.000000, 0.000000, 0.000000, -0.244927, 0.969542, 0.000000, -0.969542, -0.244927),
      ["LeftUpperArm"] = CFrame.new(0.000962, -0.089665, 0.224272, 0.997124, 0.042718, -0.062602, -0.035840, 0.993598, 0.107140, 0.066778, -0.104588, 0.992271),
      ["LeftUpperLeg"] = CFrame.new(-0.000000, -0.000000, -0.000100, 0.819431, 0.363058, -0.443533, -0.520923, 0.794523, -0.312045, 0.239106, 0.486746, 0.840182),
      ["LowerTorso"] = CFrame.new(0.034414, -0.777217, -0.170969, 0.993756, -0.071304, 0.085813, 0.099139, 0.917164, -0.385981, -0.051183, 0.392078, 0.918507),
      ["RightFoot"] = CFrame.new(0.000000, 0.033689, -0.000101, 0.899698, 0.333887, 0.281182, -0.142303, 0.833309, -0.534177, -0.412667, 0.440585, 0.797240),
      ["RightHand"] = CFrame.new(-0.000496, 0.006144, 0.000000, 0.997888, 0.056428, -0.032181, -0.019781, 0.735836, 0.676871, 0.061875, -0.674805, 0.735398),
      ["RightLowerArm"] = CFrame.new(-0.000000, 0.089326, 0.046000, 1.000000, 0.000000, 0.000000, 0.000000, 0.535892, -0.844287, 0.000000, 0.844287, 0.535892),
      ["RightLowerLeg"] = CFrame.new(-0.000000, 0.124840, -0.112122, 1.000000, 0.000000, 0.000000, 0.000000, -0.161596, 0.986857, 0.000000, -0.986857, -0.161596),
      ["RightUpperArm"] = CFrame.new(-0.230125, 0.087024, -0.032796, 0.997290, -0.066263, 0.031956, -0.033269, -0.793658, -0.607454, 0.065614, 0.604745, -0.793712),
      ["RightUpperLeg"] = CFrame.new(0.000000, -0.000000, -0.000000, 0.935575, -0.316136, 0.157341, 0.350252, 0.887495, -0.299459, -0.044970, 0.335276, 0.941046),
      ["UpperTorso"] = CFrame.new(-0.006667, 0.136369, 0.139428, 0.993821, 0.099482, -0.049221, -0.072297, 0.916692, 0.393001, 0.084216, -0.387014, 0.918220)
    }},
    {Time = 0.100, Data = {
      ["Head"] = CFrame.new(-0.000000, 0.000000, -0.000000, 0.998481, 0.001774, 0.055063, -0.002368, 0.999940, 0.010729, -0.055041, -0.010843, 0.998425),
      ["LeftFoot"] = CFrame.new(-0.000000, 0.033935, -0.000000, 0.855360, -0.396264, -0.333666, 0.191395, 0.840269, -0.507264, 0.481380, 0.370032, 0.794575),
      ["LeftHand"] = CFrame.new(0.000557, -0.085935, -0.000000, 0.800809, -0.517529, 0.301445, 0.507699, 0.853590, 0.116731, -0.317722, 0.059564, 0.946311),
      ["LeftLowerArm"] = CFrame.new(-0.000498, -0.085665, 0.000418, 1.000000, 0.000000, 0.000000, 0.000000, 1.000000, 0.000000, 0.000000, 0.000000, 1.000000),
      ["LeftLowerLeg"] = CFrame.new(0.000000, 0.123495, -0.119805, 1.000000, 0.000000, 0.000000, 0.000000, -0.242697, 0.970102, 0.000000, -0.970102, -0.242697),
      ["LeftUpperArm"] = CFrame.new(0.004481, -0.098100, 0.192327, 0.998908, 0.046702, 0.000905, -0.046553, 0.993757, 0.101390, 0.003836, -0.101322, 0.994846),
      ["LeftUpperLeg"] = CFrame.new(0.000000, 0.000000, -0.000100, 0.721066, 0.434098, -0.540021, -0.651632, 0.689743, -0.315643, 0.235456, 0.579494, 0.780223),
      ["LowerTorso"] = CFrame.new(0.099008, -0.780426, -0.146523, 0.984834, -0.134395, 0.109725, 0.164088, 0.926946, -0.337412, -0.056362, 0.350300, 0.934940),
      ["RightFoot"] = CFrame.new(0.000000, 0.033695, -0.000101, 0.931374, 0.278483, 0.234501, -0.125565, 0.850311, -0.511082, -0.341726, 0.446563, 0.826925),
      ["RightHand"] = CFrame.new(-0.000495, 0.007514, -0.000000, 0.998580, 0.046354, -0.026271, -0.013614, 0.698690, 0.715295, 0.051512, -0.713921, 0.698329),
      ["RightLowerArm"] = CFrame.new(-0.000000, 0.095850, 0.055818, 1.000000, 0.000000, 0.000000, 0.000000, 0.436057, -0.899919, 0.000000, 0.899919, 0.436057),
      ["RightLowerLeg"] = CFrame.new(0.000000, 0.124822, -0.112237, 1.000000, 0.000000, 0.000000, 0.000000, -0.162825, 0.986655, 0.000000, -0.986655, -0.162825),
      ["RightUpperArm"] = CFrame.new(-0.229909, 0.083588, -0.037336, 0.996861, -0.068770, 0.039230, -0.026478, -0.756549, -0.653400, 0.074614, 0.650310, -0.755996),
      ["RightUpperLeg"] = CFrame.new(0.000000, -0.000000, -0.000000, 0.975513, -0.205255, 0.079018, 0.219816, 0.897798, -0.381628, 0.007389, 0.389653, 0.920932),
      ["UpperTorso"] = CFrame.new(-0.032666, 0.170600, 0.119290, 0.984979, 0.164696, -0.051887, -0.136276, 0.925958, 0.352180, 0.106047, -0.339819, 0.934493)
    }},
    {Time = 0.133, Data = {
      ["Head"] = CFrame.new(-0.000000, 0.000000, -0.000000, 0.995696, 0.002761, 0.092640, -0.004482, 0.999821, 0.018370, -0.092572, -0.018707, 0.995530),
      ["LeftFoot"] = CFrame.new(-0.000000, 0.033865, -0.000000, 0.803274, -0.455620, -0.383615, 0.255511, 0.845400, -0.469055, 0.538019, 0.278762, 0.795504),
      ["LeftHand"] = CFrame.new(0.000564, -0.097658, -0.000000, 0.824097, -0.489511, 0.285032, 0.472831, 0.871552, 0.129722, -0.311920, 0.027868, 0.949699),
      ["LeftLowerArm"] = CFrame.new(-0.000497, -0.097358, 0.000479, 1.000000, 0.000000, 0.000000, 0.000000, 1.000000, 0.000000, 0.000000, 0.000000, 1.000000),
      ["LeftLowerLeg"] = CFrame.new(0.000000, 0.123779, -0.118602, 1.000000, 0.000000, 0.000000, 0.000000, -0.230217, 0.973139, 0.000000, -0.973139, -0.230217),
      ["LeftUpperArm"] = CFrame.new(0.006006, -0.110397, 0.152557, 0.995472, 0.051853, 0.079663, -0.059248, 0.993860, 0.093450, -0.074328, -0.097747, 0.992432),
      ["LeftUpperLeg"] = CFrame.new(-0.000000, 0.000000, -0.000100, 0.605119, 0.471049, -0.641829, -0.774740, 0.534049, -0.338481, 0.183327, 0.702071, 0.688104),
      ["LowerTorso"] = CFrame.new(0.166304, -0.785654, -0.103669, 0.971460, -0.203153, 0.122453, 0.228087, 0.941773, -0.247064, -0.065131, 0.267943, 0.961231),
      ["RightFoot"] = CFrame.new(0.000000, 0.033700, -0.000101, 0.956645, 0.222778, 0.187619, -0.111141, 0.874644, -0.471852, -0.269218, 0.430543, 0.861484),
      ["RightHand"] = CFrame.new(-0.000494, 0.008716, 0.000000, 0.999336, 0.031777, -0.017802, -0.007518, 0.658188, 0.752816, 0.035639, -0.752182, 0.657991),
      ["RightLowerArm"] = CFrame.new(-0.000001, 0.101027, 0.066274, 1.000000, 0.000000, 0.000000, 0.000000, 0.329606, -0.944119, 0.000000, 0.944119, 0.329606),
      ["RightLowerLeg"] = CFrame.new(0.000000, 0.124809, -0.112325, 1.000000, 0.000000, 0.000000, 0.000000, -0.163718, 0.986507, 0.000000, -0.986507, -0.163718),
      ["RightUpperArm"] = CFrame.new(-0.229576, 0.078629, -0.042825, 0.996192, -0.071538, 0.049840, -0.016711, -0.717705, -0.696146, 0.085572, 0.692663, -0.716168),
      ["RightUpperLeg"] = CFrame.new(-0.000000, -0.000000, -0.000000, 0.995109, -0.098606, -0.005820, 0.082105, 0.858467, -0.506254, 0.054916, 0.503301, 0.862365),
      ["UpperTorso"] = CFrame.new(-0.052531, 0.205056, 0.107682, 0.971691, 0.229260, -0.057062, -0.205980, 0.940384, 0.270647, 0.115709, -0.251232, 0.960986)
    }},
    {Time = 0.167, Data = {
      ["Head"] = CFrame.new(0.000000, 0.000000, 0.000000, 0.990672, 0.003597, 0.136221, -0.007426, 0.999591, 0.027609, -0.136066, -0.028363, 0.990294),
      ["LeftFoot"] = CFrame.new(0.000000, 0.033736, -0.000000, 0.760109, -0.497082, -0.418503, 0.334442, 0.851471, -0.403912, 0.557120, 0.167052, 0.813456),
      ["LeftHand"] = CFrame.new(0.000568, -0.103440, -0.000000, 0.849071, -0.456563, 0.265761, 0.434348, 0.889682, 0.140742, -0.300700, -0.004067, 0.953710),
      ["LeftLowerArm"] = CFrame.new(-0.000497, -0.103112, 0.000508, 1.000000, 0.000000, 0.000000, 0.000000, 1.000000, 0.000000, 0.000000, 0.000000, 1.000000),
      ["LeftLowerLeg"] = CFrame.new(-0.000000, 0.124262, -0.116370, 1.000000, 0.000000, 0.000000, 0.000000, -0.206908, 0.978360, 0.000000, -0.978360, -0.206908),
      ["LeftUpperArm"] = CFrame.new(0.004066, -0.126910, 0.108612, 0.984364, 0.058034, 0.166311, -0.072702, 0.993851, 0.083511, -0.160442, -0.094297, 0.982531),
      ["LeftUpperLeg"] = CFrame.new(0.000000, -0.000000, -0.000100, 0.508809, 0.452338, -0.732464, -0.858460, 0.330333, -0.392334, 0.064489, 0.828415, 0.556390),
      ["LowerTorso"] = CFrame.new(0.222455, -0.790607, -0.036460, 0.957893, -0.265110, 0.110263, 0.276283, 0.955581, -0.102625, -0.078159, 0.128767, 0.988590),
      ["RightFoot"] = CFrame.new(-0.000000, 0.033710, -0.000100, 0.972348, 0.178650, 0.150412, -0.102674, 0.905495, -0.411748, -0.209757, 0.384919, 0.898799),
      ["RightHand"] = CFrame.new(-0.000494, 0.009313, -0.000000, 0.999895, 0.012848, -0.006726, -0.002690, 0.620050, 0.784558, 0.014250, -0.784457, 0.620019),
      ["RightLowerArm"] = CFrame.new(-0.000001, 0.104130, 0.075492, 1.000000, 0.000000, 0.000000, 0.000000, 0.235990, -0.971756, 0.000000, 0.971756, 0.235990),
      ["RightLowerLeg"] = CFrame.new(0.000000, 0.124780, -0.112507, 1.000000, 0.000000, 0.000000, 0.000000, -0.165615, 0.986191, 0.000000, -0.986191, -0.165615),
      ["RightUpperArm"] = CFrame.new(-0.229091, 0.072143, -0.048867, 0.995207, -0.073885, 0.064068, -0.003998, -0.685326, -0.728226, 0.097713, 0.724479, -0.682337),
      ["RightUpperLeg"] = CFrame.new(0.000000, -0.000000, -0.000000, 0.996344, -0.028068, -0.080695, -0.033855, 0.737482, -0.674518, 0.078443, 0.674783, 0.733835),
      ["UpperTorso"] = CFrame.new(-0.063572, 0.226472, 0.115793, 0.958317, 0.278090, -0.065536, -0.267880, 0.954320, 0.132342, 0.099346, -0.109269, 0.989035)
    }},
    {Time = 0.200, Data = {
      ["Head"] = CFrame.new(-0.000000, 0.000000, 0.000000, 0.982955, 0.004221, 0.183800, -0.011419, 0.999208, 0.038119, -0.183494, -0.039568, 0.982224),
      ["LeftFoot"] = CFrame.new(0.000000, 0.033551, -0.000000, 0.746893, -0.508658, -0.428272, 0.412986, 0.859643, -0.300761, 0.521145, 0.047766, 0.852130),
      ["LeftHand"] = CFrame.new(0.000565, -0.099124, -0.000000, 0.872772, -0.421871, 0.245548, 0.396106, 0.906070, 0.148788, -0.285253, -0.032595, 0.957898),
      ["LeftLowerArm"] = CFrame.new(-0.000497, -0.098777, 0.000481, 1.000000, 0.000000, 0.000000, 0.000000, 1.000000, 0.000000, 0.000000, 0.000000, 1.000000),
      ["LeftLowerLeg"] = CFrame.new(-0.000000, 0.124867, -0.113107, 1.000000, 0.000000, 0.000000, 0.000000, -0.172958, 0.984929, 0.000000, -0.984929, -0.172958),
      ["LeftUpperArm"] = CFrame.new(-0.001634, -0.148179, 0.064796, 0.965510, 0.065266, 0.252052, -0.086068, 0.993655, 0.072396, -0.245728, -0.091593, 0.965002),
      ["LeftUpperLeg"] = CFrame.new(-0.000000, 0.000000, -0.000100, 0.475891, 0.374279, -0.795892, -0.871557, 0.079314, -0.483836, -0.117964, 0.923918, 0.363950),
      ["LowerTorso"] = CFrame.new(0.251567, -0.787901, 0.060659, 0.950803, -0.302437, 0.067127, 0.294484, 0.949614, 0.107298, -0.096196, -0.082252, 0.991958),
      ["RightFoot"] = CFrame.new(-0.000000, 0.033688, -0.000100, 0.978826, 0.156563, 0.131866, -0.107053, 0.940618, -0.322146, -0.174471, 0.301208, 0.937461),
      ["RightHand"] = CFrame.new(-0.000494, 0.009827, 0.000000, 0.999932, -0.009691, 0.006504, 0.000470, 0.590237, 0.807230, -0.011661, -0.807172, 0.590201),
      ["RightLowerArm"] = CFrame.new(-0.000001, 0.105686, 0.081484, 1.000000, 0.000000, 0.000000, 0.000000, 0.174845, -0.984596, 0.000000, 0.984596, 0.174845),
      ["RightLowerLeg"] = CFrame.new(0.000000, 0.124841, -0.112118, 1.000000, 0.000000, 0.000000, 0.000000, -0.161596, 0.986857, 0.000000, -0.986857, -0.161596),
      ["RightUpperArm"] = CFrame.new(-0.228386, 0.064365, -0.055375, 0.993795, -0.074752, 0.082365, 0.011305, -0.668786, -0.743369, 0.110653, 0.739688, -0.663791),
      ["RightUpperLeg"] = CFrame.new(-0.000000, 0.000000, -0.000000, 0.992235, -0.016818, -0.123234, -0.098413, 0.499708, -0.860585, 0.076054, 0.866031, 0.494172),
      ["UpperTorso"] = CFrame.new(-0.067333, 0.215149, 0.146188, 0.951606, 0.297190, -0.078260, -0.303023, 0.949805, -0.077765, 0.051221, 0.097716, 0.993895)
    }},
    {Time = 0.233, Data = {
      ["Head"] = CFrame.new(-0.000000, -0.000000, -0.000000, 0.972461, 0.004454, 0.233023, -0.016456, 0.998634, 0.049584, -0.232484, -0.052053, 0.971206),
      ["LeftFoot"] = CFrame.new(0.000000, 0.033330, -0.000001, 0.808848, -0.449827, -0.378710, 0.431782, 0.891548, -0.136770, 0.399161, -0.052894, 0.915354),
      ["LeftHand"] = CFrame.new(0.000552, -0.078653, -0.000000, 0.892155, -0.390431, 0.227205, 0.363078, 0.919017, 0.153567, -0.268763, -0.054512, 0.961663),
      ["LeftLowerArm"] = CFrame.new(-0.000498, -0.078267, 0.000361, 1.000000, 0.000000, 0.000000, 0.000000, 1.000000, 0.000000, 0.000000, 0.000000, 1.000000),
      ["LeftLowerLeg"] = CFrame.new(0.000000, 0.125435, -0.109191, 1.000000, 0.000000, 0.000000, 0.000000, -0.132167, 0.991228, 0.000000, -0.991228, -0.132167),
      ["LeftUpperArm"] = CFrame.new(-0.009858, -0.175171, 0.025757, 0.941870, 0.074011, 0.327724, -0.099375, 0.993159, 0.061312, -0.320945, -0.090316, 0.942782),
      ["LeftUpperLeg"] = CFrame.new(-0.000000, 0.000000, -0.000100, 0.599322, 0.209977, -0.772478, -0.750864, -0.187083, -0.633406, -0.277518, 0.959640, 0.045541),
      ["LowerTorso"] = CFrame.new(0.197474, -0.755447, 0.184071, 0.961020, -0.274732, 0.031029, 0.243157, 0.893270, 0.378078, -0.131588, -0.355795, 0.925254),
      ["RightFoot"] = CFrame.new(-0.000000, 0.033498, -0.000101, 0.967477, 0.193533, 0.162892, -0.157835, 0.965062, -0.209151, -0.197678, 0.176638, 0.964221),
      ["RightHand"] = CFrame.new(-0.000494, 0.009871, -0.000000, 0.999207, -0.034029, 0.020673, 0.002759, 0.577123, 0.816653, -0.039720, -0.815948, 0.576759),
      ["RightLowerArm"] = CFrame.new(-0.000001, 0.105790, 0.081934, 1.000000, 0.000000, 0.000000, 0.000000, 0.170292, -0.985394, 0.000000, 0.985394, 0.170292),
      ["RightLowerLeg"] = CFrame.new(0.000000, 0.125303, -0.108721, 1.000000, 0.000000, 0.000000, 0.000000, -0.126244, 0.991999, 0.000000, -0.991999, -0.126244),
      ["RightUpperArm"] = CFrame.new(-0.227344, 0.055983, -0.062823, 0.991693, -0.073444, 0.105602, 0.027838, -0.678972, -0.733636, 0.125582, 0.730481, -0.671287),
      ["RightUpperLeg"] = CFrame.new(0.000000, 0.000000, -0.000000, 0.991225, -0.118600, -0.058376, -0.039262, 0.157543, -0.986731, 0.126223, 0.980364, 0.151504),
      ["UpperTorso"] = CFrame.new(-0.044045, 0.130634, 0.170813, 0.962873, 0.247384, -0.108057, -0.269753, 0.897175, -0.349729, 0.010429, 0.365893, 0.930598)
    }},
    {Time = 0.267, Data = {
      ["Head"] = CFrame.new(0.000000, -0.000000, 0.000000, 0.959483, 0.004179, 0.281734, -0.022465, 0.997841, 0.061707, -0.280868, -0.065536, 0.957506),
      ["LeftFoot"] = CFrame.new(-0.000000, 0.032875, -0.000001, 0.896659, -0.338621, -0.285199, 0.364341, 0.930370, 0.040838, 0.251511, -0.140528, 0.957598),
      ["LeftHand"] = CFrame.new(0.000531, -0.047425, -0.000000, 0.898963, -0.378598, 0.220294, 0.356784, 0.924648, 0.133159, -0.254108, -0.041108, 0.966302),
      ["LeftLowerArm"] = CFrame.new(-0.000499, -0.047116, 0.000197, 1.000000, 0.000000, 0.000000, 0.000000, 1.000000, 0.000000, 0.000000, 0.000000, 1.000000),
      ["LeftLowerLeg"] = CFrame.new(0.000000, 0.126033, -0.101780, 1.000000, 0.000000, 0.000000, 0.000000, -0.055012, 0.998486, 0.000000, -0.998486, -0.055012),
      ["LeftUpperArm"] = CFrame.new(-0.016982, -0.214256, 0.000019, 0.921185, 0.084813, 0.379769, -0.123542, 0.989209, 0.078753, -0.368991, -0.119463, 0.921723),
      ["LeftUpperLeg"] = CFrame.new(0.000000, 0.000000, -0.000100, 0.791256, 0.031813, -0.610656, -0.551252, -0.395085, -0.734866, -0.264640, 0.918093, -0.295077),
      ["LowerTorso"] = CFrame.new(0.080602, -0.709981, 0.290093, 0.976423, -0.205560, 0.065895, 0.124740, 0.786443, 0.604936, -0.176174, -0.582454, 0.793543),
      ["RightFoot"] = CFrame.new(-0.000000, 0.033238, -0.000101, 0.934287, 0.272712, 0.229641, -0.249630, 0.960270, -0.124765, -0.254543, 0.059241, 0.965245),
      ["RightHand"] = CFrame.new(-0.000494, 0.009381, 0.000000, 0.997773, -0.057243, 0.034226, 0.005536, 0.582488, 0.812821, -0.066465, -0.810821, 0.581508),
      ["RightLowerArm"] = CFrame.new(-0.000001, 0.104468, 0.076748, 1.000000, 0.000000, 0.000000, 0.000000, 0.223131, -0.974789, 0.000000, 0.974789, 0.223131),
      ["RightLowerLeg"] = CFrame.new(-0.000000, 0.125732, -0.104053, 1.000000, 0.000000, 0.000000, 0.000000, -0.077659, 0.996980, 0.000000, -0.996980, -0.077659),
      ["RightUpperArm"] = CFrame.new(-0.225816, 0.047976, -0.072036, 0.988630, -0.069953, 0.133104, 0.043508, -0.714254, -0.698533, 0.143935, 0.696382, -0.703089),
      ["RightUpperLeg"] = CFrame.new(0.000000, -0.000000, -0.000000, 0.952226, -0.283867, 0.112629, 0.070459, -0.154642, -0.985455, 0.297155, 0.946312, -0.127253),
      ["UpperTorso"] = CFrame.new(0.016173, 0.028610, 0.149726, 0.980365, 0.130945, -0.147434, -0.192653, 0.795495, -0.574519, 0.042053, 0.591643, 0.805103)
    }},
    {Time = 0.300, Data = {
      ["Head"] = CFrame.new(0.000000, 0.000000, -0.000000, 0.944778, 0.003550, 0.327691, -0.029451, 0.996815, 0.074111, -0.326384, -0.079669, 0.941874),
      ["LeftFoot"] = CFrame.new(-0.000000, 0.032581, -0.000001, 0.939208, -0.262632, -0.221161, 0.295437, 0.946364, 0.130816, 0.174943, -0.188202, 0.966424),
      ["LeftHand"] = CFrame.new(0.000511, -0.016359, -0.000000, 0.891321, -0.391865, 0.228009, 0.381057, 0.920007, 0.091553, -0.245647, 0.005281, 0.969345),
      ["LeftLowerArm"] = CFrame.new(-0.000500, -0.016182, 0.000040, 1.000000, 0.000000, 0.000000, 0.000000, 1.000000, 0.000000, 0.000000, 0.000000, 1.000000),
      ["LeftLowerLeg"] = CFrame.new(0.000000, 0.126051, -0.098846, 1.000000, 0.000000, 0.000000, 0.000000, -0.024387, 0.999703, 0.000000, -0.999703, -0.024387),
      ["LeftUpperArm"] = CFrame.new(-0.019925, -0.266740, -0.008764, 0.910127, 0.097043, 0.402805, -0.159284, 0.979422, 0.123938, -0.382489, -0.176959, 0.906856),
      ["LeftUpperLeg"] = CFrame.new(0.000000, 0.000000, -0.000100, 0.901308, -0.090042, -0.423716, -0.410862, -0.487608, -0.770345, -0.137244, 0.868407, -0.476480),
      ["LowerTorso"] = CFrame.new(-0.017012, -0.731645, 0.341533, 0.979711, -0.130792, 0.151857, -0.008802, 0.728894, 0.684570, -0.200224, -0.672018, 0.712954),
      ["RightFoot"] = CFrame.new(0.000000, 0.033473, -0.000101, 0.883322, 0.358574, 0.301940, -0.339719, 0.933501, -0.114749, -0.323007, -0.001214, 0.946396),
      ["RightHand"] = CFrame.new(-0.000494, 0.008852, 0.000000, 0.995934, -0.077416, 0.046061, 0.009990, 0.603082, 0.797617, -0.089527, -0.793914, 0.601403),
      ["RightLowerArm"] = CFrame.new(-0.000001, 0.101518, 0.067439, 1.000000, 0.000000, 0.000000, 0.000000, 0.317760, -0.948171, 0.000000, 0.948171, 0.317760),
      ["RightLowerLeg"] = CFrame.new(0.000000, 0.125356, -0.108263, 1.000000, 0.000000, 0.000000, 0.000000, -0.121444, 0.992598, 0.000000, -0.992598, -0.121444),
      ["RightUpperArm"] = CFrame.new(-0.223685, 0.041031, -0.083439, 0.984350, -0.064449, 0.164017, 0.057024, -0.764160, -0.642501, 0.166744, 0.641799, -0.748526),
      ["RightUpperLeg"] = CFrame.new(0.000000, 0.000000, -0.000000, 0.851375, -0.407988, 0.329707, 0.183275, -0.357572, -0.915725, 0.491499, 0.840053, -0.229653),
      ["UpperTorso"] = CFrame.new(0.072305, -0.004133, 0.129514, 0.985953, -0.000633, -0.167023, -0.111430, 0.742425, -0.660597, 0.124421, 0.669929, 0.731925)
    }},
    {Time = 0.333, Data = {
      ["Head"] = CFrame.new(0.000000, 0.000000, 0.000000, 0.929456, 0.002614, 0.368924, -0.037192, 0.995545, 0.086647, -0.367054, -0.094256, 0.925412),
      ["LeftFoot"] = CFrame.new(0.000000, 0.033485, -0.000001, 0.956033, -0.224314, -0.188902, 0.245694, 0.964347, 0.098332, 0.160110, -0.140421, 0.977060),
      ["LeftHand"] = CFrame.new(0.000502, -0.003618, -0.000000, 0.880317, -0.410030, 0.238573, 0.374845, 0.909462, 0.179918, -0.290745, -0.068957, 0.954312),
      ["LeftLowerArm"] = CFrame.new(-0.000500, 0.019887, 0.002744, 1.000000, 0.000000, 0.000000, 0.000000, 0.972354, -0.233510, 0.000000, 0.233510, 0.972354),
      ["LeftLowerLeg"] = CFrame.new(-0.000000, 0.125055, -0.111936, 1.000000, 0.000000, 0.000000, 0.000000, -0.160701, 0.987003, 0.000000, -0.987003, -0.160701),
      ["LeftUpperArm"] = CFrame.new(-0.018820, -0.321850, -0.007184, 0.908944, 0.059348, 0.412673, -0.182929, 0.946222, 0.266836, -0.374644, -0.318029, 0.870919),
      ["LeftUpperLeg"] = CFrame.new(-0.000000, 0.000000, -0.000100, 0.961654, -0.079354, -0.262535, -0.262709, -0.541453, -0.798632, -0.078775, 0.836978, -0.541537),
      ["LowerTorso"] = CFrame.new(-0.095252, -0.848010, 0.357126, 0.987315, 0.006586, 0.158634, -0.111559, 0.739705, 0.663620, -0.112972, -0.672900, 0.731057),
      ["RightFoot"] = CFrame.new(-0.000000, 0.034066, -0.000100, 0.798680, 0.460324, 0.387572, -0.459971, 0.882282, -0.100023, -0.387991, -0.098386, 0.916397),
      ["RightHand"] = CFrame.new(-0.000495, 0.007524, 0.000000, 0.994027, -0.093898, 0.055613, 0.016592, 0.633704, 0.773398, -0.107863, -0.767856, 0.631477),
      ["RightLowerArm"] = CFrame.new(-0.000000, 0.095928, 0.055964, 1.000000, 0.000000, 0.000000, 0.000000, 0.434589, -0.900629, 0.000000, 0.900629, 0.434589),
      ["RightLowerLeg"] = CFrame.new(-0.000000, 0.123585, -0.118681, 1.000000, 0.000000, 0.000000, 0.000000, -0.230003, 0.973190, 0.000000, -0.973190, -0.230003),
      ["RightUpperArm"] = CFrame.new(-0.220874, 0.035427, -0.096937, 0.978719, -0.056626, 0.197239, 0.067754, -0.818099, -0.571073, 0.193698, 0.572283, -0.796852),
      ["RightUpperLeg"] = CFrame.new(0.000000, 0.000000, -0.000000, 0.714557, -0.335186, 0.614051, 0.379427, -0.551744, -0.742706, 0.587744, 0.763694, -0.267074),
      ["UpperTorso"] = CFrame.new(0.096947, 0.041335, 0.137939, 0.991769, -0.103779, -0.074990, 0.029818, 0.756793, -0.652974, 0.124518, 0.645363, 0.753659)
    }},
    {Time = 0.367, Data = {
      ["Head"] = CFrame.new(0.000000, 0.000000, 0.000000, 0.914869, 0.001507, 0.403747, -0.045386, 0.994039, 0.099133, -0.401191, -0.109018, 0.909484),
      ["LeftFoot"] = CFrame.new(-0.000000, 0.034616, -0.000000, 0.964971, -0.200657, -0.169017, 0.202848, 0.979200, -0.004385, 0.166382, -0.030053, 0.985603),
      ["LeftHand"] = CFrame.new(0.000501, -0.000806, -0.000000, 0.870851, -0.424791, 0.247329, 0.340120, 0.884002, 0.320718, -0.354877, -0.195176, 0.914313),
      ["LeftLowerArm"] = CFrame.new(-0.000500, 0.048749, 0.013128, 1.000000, 0.000000, 0.000000, 0.000000, 0.868321, -0.496003, 0.000000, 0.496003, 0.868321),
      ["LeftLowerLeg"] = CFrame.new(-0.000000, 0.119727, -0.131531, 1.000000, 0.000000, 0.000000, 0.000000, -0.364913, 0.931042, 0.000000, -0.931042, -0.364913),
      ["LeftUpperArm"] = CFrame.new(-0.013898, -0.393830, 0.002982, 0.916886, 0.005931, 0.399105, -0.182654, 0.895291, 0.406316, -0.354905, -0.445443, 0.821963),
      ["LeftUpperLeg"] = CFrame.new(-0.000000, 0.000000, -0.000100, 0.986768, 0.046831, -0.155228, -0.100806, -0.572654, -0.813576, -0.126993, 0.818459, -0.560355),
      ["LowerTorso"] = CFrame.new(-0.165590, -0.990428, 0.354375, 0.983906, 0.165940, 0.066280, -0.170341, 0.758993, 0.628421, 0.053975, -0.629597, 0.775044),
      ["RightFoot"] = CFrame.new(-0.000000, 0.034334, -0.000100, 0.675938, 0.563735, 0.474669, -0.616437, 0.785478, -0.055046, -0.403873, -0.255396, 0.878441),
      ["RightHand"] = CFrame.new(-0.000496, 0.005847, -0.000000, 0.992297, -0.106599, 0.063112, 0.024559, 0.668628, 0.743191, -0.121422, -0.735917, 0.666096),
      ["RightLowerArm"] = CFrame.new(-0.000000, 0.087895, 0.044158, 1.000000, 0.000000, 0.000000, 0.000000, 0.554578, -0.832131, 0.000000, 0.832131, 0.554578),
      ["RightLowerLeg"] = CFrame.new(0.000000, 0.122420, -0.123240, 1.000000, 0.000000, 0.000000, 0.000000, -0.277453, 0.960739, 0.000000, -0.960739, -0.277453),
      ["RightUpperArm"] = CFrame.new(-0.217353, 0.031122, -0.112033, 0.971661, -0.046001, 0.231860, 0.075972, -0.868066, -0.490602, 0.223837, 0.494313, -0.839971),
      ["RightUpperLeg"] = CFrame.new(-0.000000, 0.000000, -0.000000, 0.552957, -0.093918, 0.827900, 0.576302, -0.674506, -0.461430, 0.601760, 0.732272, -0.318847),
      ["UpperTorso"] = CFrame.new(0.100857, 0.115230, 0.143254, 0.981278, -0.166356, 0.097049, 0.191119, 0.778837, -0.597399, 0.023796, 0.604763, 0.796050)
    }},
    {Time = 0.400, Data = {
      ["Head"] = CFrame.new(-0.000000, -0.000000, -0.000000, 0.902626, 0.000614, 0.430425, -0.053839, 0.992306, 0.111487, -0.427045, -0.123805, 0.895715),
      ["LeftFoot"] = CFrame.new(0.000000, 0.035604, 0.000000, 0.957040, -0.221799, -0.186758, 0.206530, 0.973536, -0.097838, 0.203516, 0.055064, 0.977522),
      ["LeftHand"] = CFrame.new(0.000499, 0.000783, -0.000000, 0.859948, -0.441037, 0.256856, 0.299283, 0.843410, 0.446194, -0.413423, -0.306831, 0.857284),
      ["LeftLowerArm"] = CFrame.new(-0.000500, 0.068198, 0.026340, 1.000000, 0.000000, 0.000000, 0.000000, 0.735733, -0.677272, 0.000000, 0.677272, 0.735733),
      ["LeftLowerLeg"] = CFrame.new(-0.000000, 0.111834, -0.146895, 1.000000, 0.000000, 0.000000, 0.000000, -0.525270, 0.850936, 0.000000, -0.850936, -0.525270),
      ["LeftUpperArm"] = CFrame.new(-0.004763, -0.480906, 0.022078, 0.931527, -0.041113, 0.361342, -0.163848, 0.839590, 0.517921, -0.324672, -0.541662, 0.775365),
      ["LeftUpperLeg"] = CFrame.new(0.000000, 0.000000, -0.000100, 0.977610, 0.125585, -0.168842, -0.075828, -0.538224, -0.839384, -0.196289, 0.833393, -0.516650),
      ["LowerTorso"] = CFrame.new(-0.190368, -1.115663, 0.323957, 0.972439, 0.232526, -0.017117, -0.186554, 0.820012, 0.541090, 0.139854, -0.522984, 0.840791),
      ["RightFoot"] = CFrame.new(-0.000000, 0.034613, -0.000100, 0.559786, 0.633872, 0.533710, -0.712838, 0.696767, -0.079863, -0.422495, -0.335743, 0.841888),
      ["RightHand"] = CFrame.new(-0.000497, 0.003711, -0.000000, 0.990816, -0.116400, 0.068804, 0.032624, 0.699613, 0.713777, -0.131220, -0.704977, 0.696985),
      ["RightLowerArm"] = CFrame.new(0.000000, 0.078505, 0.034164, 1.000000, 0.000000, 0.000000, 0.000000, 0.656206, -0.754582, 0.000000, 0.754582, 0.656206),
      ["RightLowerLeg"] = CFrame.new(0.000000, 0.120834, -0.128156, 1.000000, 0.000000, 0.000000, 0.000000, -0.328707, 0.944432, 0.000000, -0.944432, -0.328707),
      ["RightUpperArm"] = CFrame.new(-0.213163, 0.027877, -0.128002, 0.963262, -0.034010, 0.266400, 0.081935, -0.907442, -0.412112, 0.255759, 0.418800, -0.871318),
      ["RightUpperLeg"] = CFrame.new(-0.000000, 0.000000, -0.000000, 0.420449, 0.061641, 0.905220, 0.710061, -0.643448, -0.285988, 0.564833, 0.763004, -0.314306),
      ["UpperTorso"] = CFrame.new(0.094772, 0.168384, 0.122088, 0.964422, -0.185042, 0.188812, 0.254974, 0.839745, -0.479392, -0.069846, 0.510479, 0.857049)
    }},
    {Time = 0.433, Data = {
      ["Head"] = CFrame.new(0.000000, -0.000000, 0.000000, 0.894235, 0.000245, 0.447598, -0.062107, 0.990394, 0.123540, -0.443268, -0.138273, 0.885660),
      ["LeftFoot"] = CFrame.new(-0.000000, 0.036106, 0.000000, 0.917922, -0.303482, -0.255572, 0.272607, 0.950439, -0.149504, 0.288278, 0.067563, 0.955160),
      ["LeftHand"] = CFrame.new(0.000499, 0.001428, -0.000000, 0.849207, -0.456309, 0.265764, 0.263021, 0.801916, 0.536424, -0.457896, -0.385633, 0.801011),
      ["LeftLowerArm"] = CFrame.new(-0.000500, 0.077266, 0.035241, 1.000000, 0.000000, 0.000000, 0.000000, 0.646402, -0.762997, 0.000000, 0.762997, 0.646402),
      ["LeftLowerLeg"] = CFrame.new(-0.000000, 0.107099, -0.153564, 1.000000, 0.000000, 0.000000, 0.000000, -0.594851, 0.803836, 0.000000, -0.803836, -0.594851),
      ["LeftUpperArm"] = CFrame.new(0.008712, -0.547335, 0.045271, 0.949247, -0.070804, 0.306458, -0.127705, 0.803650, 0.581239, -0.287439, -0.590875, 0.753820),
      ["LeftUpperLeg"] = CFrame.new(0.000000, 0.000000, -0.000100, 0.956935, 0.074796, -0.280502, -0.225883, -0.415102, -0.881287, -0.182354, 0.906695, -0.380330),
      ["LowerTorso"] = CFrame.new(-0.146120, -1.197647, 0.262052, 0.979099, 0.203308, -0.005565, -0.187755, 0.914043, 0.359546, 0.078186, -0.350986, 0.933111),
      ["RightFoot"] = CFrame.new(0.000000, 0.035427, -0.000100, 0.491084, 0.666389, 0.561037, -0.700489, 0.684945, -0.200415, -0.517834, -0.294580, 0.803163),
      ["RightHand"] = CFrame.new(-0.000498, 0.002446, -0.000000, 0.989561, -0.124088, 0.073294, 0.038679, 0.718585, 0.694363, -0.138830, -0.684279, 0.715883),
      ["RightLowerArm"] = CFrame.new(-0.000000, 0.071153, 0.027577, 1.000000, 0.000000, 0.000000, 0.000000, 0.722775, -0.691083, 0.000000, 0.691083, 0.722775),
      ["RightLowerLeg"] = CFrame.new(0.000000, 0.114929, -0.141447, 1.000000, 0.000000, 0.000000, 0.000000, -0.467331, 0.884082, 0.000000, -0.884082, -0.467331),
      ["RightUpperArm"] = CFrame.new(-0.208438, 0.025342, -0.144019, 0.953784, -0.023601, 0.299566, 0.086495, -0.933158, -0.348905, 0.287777, 0.358691, -0.887989),
      ["RightUpperLeg"] = CFrame.new(-0.000000, 0.000000, -0.000000, 0.339832, 0.040982, 0.939593, 0.815862, -0.509828, -0.272844, 0.467850, 0.859299, -0.206691),
      ["UpperTorso"] = CFrame.new(0.065285, 0.177261, 0.079271, 0.973670, -0.183562, 0.135175, 0.216717, 0.929297, -0.299066, -0.070721, 0.320486, 0.944610)
    }},
    {Time = 0.467, Data = {
      ["Head"] = CFrame.new(0.000000, -0.000000, 0.000000, 0.891136, 0.000785, 0.453736, -0.069853, 0.988314, 0.135482, -0.448327, -0.152428, 0.880777),
      ["LeftFoot"] = CFrame.new(-0.000000, 0.036092, 0.000001, 0.849102, -0.404074, -0.340221, 0.345045, 0.911960, -0.221974, 0.399962, 0.071087, 0.913771),
      ["LeftHand"] = CFrame.new(0.000499, 0.001203, 0.000000, 0.836291, -0.473782, 0.275950, 0.246332, 0.774310, 0.582893, -0.489835, -0.419493, 0.764256),
      ["LeftLowerArm"] = CFrame.new(-0.000500, 0.077354, 0.035568, 1.000000, 0.000000, 0.000000, 0.000000, 0.643201, -0.765697, 0.000000, 0.765697, 0.643201),
      ["LeftLowerLeg"] = CFrame.new(-0.000000, 0.107216, -0.153412, 1.000000, 0.000000, 0.000000, 0.000000, -0.593295, 0.804985, 0.000000, -0.804985, -0.593295),
      ["LeftUpperArm"] = CFrame.new(0.026885, -0.558897, 0.069639, 0.966825, -0.080130, 0.242548, -0.078340, 0.810754, 0.580122, -0.243132, -0.579877, 0.777579),
      ["LeftUpperLeg"] = CFrame.new(-0.000000, 0.000000, -0.000100, 0.905812, -0.010133, -0.423558, -0.419932, -0.154146, -0.894369, -0.056228, 0.987996, -0.143883),
      ["LowerTorso"] = CFrame.new(-0.064140, -1.225669, 0.169683, 0.983464, 0.166976, 0.070130, -0.173912, 0.978774, 0.108428, -0.050537, -0.118831, 0.991628),
      ["RightFoot"] = CFrame.new(0.000000, 0.036437, -0.000099, 0.485239, 0.668831, 0.563212, -0.559259, 0.732543, -0.388084, -0.672140, -0.126668, 0.729509),
      ["RightHand"] = CFrame.new(-0.000499, 0.001933, 0.000000, 0.989697, -0.123261, 0.072844, 0.038810, 0.720677, 0.692184, -0.137817, -0.682225, 0.718036),
      ["RightLowerArm"] = CFrame.new(-0.000000, 0.066263, 0.023575, 1.000000, 0.000000, 0.000000, 0.000000, 0.763100, -0.646281, 0.000000, 0.646281, 0.763100),
      ["RightLowerLeg"] = CFrame.new(0.000000, 0.105612, -0.155279, 1.000000, 0.000000, 0.000000, 0.000000, -0.611765, 0.791039, 0.000000, -0.791039, -0.611765),
      ["RightUpperArm"] = CFrame.new(-0.202600, 0.028610, -0.163072, 0.942088, -0.018626, 0.334849, 0.079377, -0.957703, -0.276597, 0.325837, 0.287158, -0.900761),
      ["RightUpperLeg"] = CFrame.new(0.000000, 0.000000, -0.000000, 0.324736, -0.152545, 0.933422, 0.895843, -0.266909, -0.355282, 0.303336, 0.951572, 0.049981),
      ["UpperTorso"] = CFrame.new(0.008258, 0.146665, 0.037535, 0.986391, -0.163878, 0.013321, 0.164317, 0.985386, -0.044880, -0.005772, 0.046458, 0.998904)
    }},
    {Time = 0.500, Data = {
      ["Head"] = CFrame.new(-0.000000, 0.000000, 0.000000, 0.891604, 0.002221, 0.452811, -0.077090, 0.986134, 0.146957, -0.446206, -0.165934, 0.879412),
      ["LeftFoot"] = CFrame.new(0.000000, 0.035877, 0.000001, 0.785948, -0.472965, -0.398234, 0.374094, 0.876576, -0.302767, 0.492281, 0.088982, 0.865876),
      ["LeftHand"] = CFrame.new(0.000500, 0.000456, 0.000000, 0.818087, -0.496938, 0.289459, 0.251565, 0.761839, 0.596923, -0.517154, -0.415517, 0.748263),
      ["LeftLowerArm"] = CFrame.new(-0.000500, 0.071795, 0.030098, 1.000000, 0.000000, 0.000000, 0.000000, 0.698215, -0.715889, 0.000000, 0.715889, 0.698215),
      ["LeftLowerLeg"] = CFrame.new(0.000000, 0.109256, -0.150679, 1.000000, 0.000000, 0.000000, 0.000000, -0.564704, 0.825293, 0.000000, -0.825293, -0.564704),
      ["LeftUpperArm"] = CFrame.new(0.050474, -0.501425, 0.097539, 0.981945, -0.077502, 0.172561, -0.025796, 0.848835, 0.528028, -0.187399, -0.522945, 0.831510),
      ["LeftUpperLeg"] = CFrame.new(0.000000, -0.000000, -0.000100, 0.824919, -0.068361, -0.561103, -0.545941, 0.160894, -0.822230, 0.146487, 0.984601, 0.095403),
      ["LowerTorso"] = CFrame.new(0.006624, -1.208498, 0.066326, 0.975949, 0.145638, 0.162215, -0.121037, 0.980874, -0.152433, -0.181312, 0.129133, 0.974911),
      ["RightFoot"] = CFrame.new(0.000000, 0.036882, -0.000099, 0.552696, 0.637518, 0.536747, -0.292660, 0.751514, -0.591250, -0.780306, 0.169697, 0.601935),
      ["RightHand"] = CFrame.new(-0.000499, 0.001223, -0.000000, 0.992922, -0.102182, 0.060536, 0.032432, 0.723600, 0.689457, -0.114254, -0.682614, 0.721792),
      ["RightLowerArm"] = CFrame.new(-0.000000, 0.059281, 0.018618, 1.000000, 0.000000, 0.000000, 0.000000, 0.812978, -0.582295, 0.000000, 0.582295, 0.812978),
      ["RightLowerLeg"] = CFrame.new(-0.000000, 0.101299, -0.160202, 1.000000, 0.000000, 0.000000, 0.000000, -0.663185, 0.748456, 0.000000, -0.748456, -0.663185),
      ["RightUpperArm"] = CFrame.new(-0.193897, 0.044600, -0.189129, 0.924685, -0.018755, 0.380270, 0.046765, -0.985629, -0.162327, 0.377849, 0.167884, -0.910520),
      ["RightUpperLeg"] = CFrame.new(0.000000, -0.000000, -0.000000, 0.415590, -0.500002, 0.759791, 0.900765, 0.110417, -0.420037, 0.126125, 0.858956, 0.496273),
      ["UpperTorso"] = CFrame.new(-0.044997, 0.093111, 0.017286, 0.989102, -0.098571, -0.109367, 0.122786, 0.962149, 0.243296, 0.081246, -0.254074, 0.963766)
    }},
    {Time = 0.533, Data = {
      ["Head"] = CFrame.new(-0.000000, 0.000000, 0.000000, 0.893041, 0.004092, 0.449956, -0.084071, 0.983868, 0.157911, -0.442051, -0.178850, 0.878979),
      ["LeftFoot"] = CFrame.new(-0.000000, 0.035889, 0.000001, 0.728882, -0.523724, -0.440958, 0.365852, 0.842351, -0.395723, 0.578691, 0.127110, 0.805580),
      ["LeftHand"] = CFrame.new(0.000500, -0.000413, -0.000000, 0.795766, -0.523286, 0.304841, 0.269921, 0.757070, 0.594968, -0.542125, -0.391173, 0.743697),
      ["LeftLowerArm"] = CFrame.new(-0.000500, 0.064278, 0.023742, 1.000000, 0.000000, 0.000000, 0.000000, 0.762029, -0.647543, 0.000000, 0.647543, 0.762029),
      ["LeftLowerLeg"] = CFrame.new(-0.000000, 0.109131, -0.150851, 1.000000, 0.000000, 0.000000, 0.000000, -0.566555, 0.824024, 0.000000, -0.824024, -0.566555),
      ["LeftUpperArm"] = CFrame.new(0.078092, -0.404245, 0.130769, 0.992473, -0.072998, 0.098334, 0.019771, 0.887908, 0.459596, -0.120861, -0.454192, 0.882668),
      ["LeftUpperLeg"] = CFrame.new(0.000000, -0.000000, -0.000100, 0.698037, -0.056780, -0.713808, -0.636471, 0.407560, -0.654828, 0.328101, 0.911411, 0.248353),
