return {
["hip sway thrust 2"] = {

          {Time = 0.000, Data = {

              ["Head"] = CFrame.new(-0.000000, 0.000000, 0.000000, 1.000000, -0.000000, -0.000000, 0.000000, 0.997875, 0.065159, -0.000000, -0.065159, 0.997875),

              ["LeftFoot"] = CFrame.new(0.000000, 0.007530, -0.000003, 0.994812, -0.099746, -0.020016, 0.090680, 0.958579, -0.270020, 0.046118, 0.266789, 0.962647),

              ["LeftHand"] = CFrame.new(0.000497, 0.004353, -0.000000, 0.999725, -0.020641, 0.011161, 0.021995, 0.990004, -0.139313, -0.008174, 0.139519, 0.990185),

              ["LeftLowerArm"] = CFrame.new(-0.000500, 0.023077, 0.001794, 1.000000, -0.000000, -0.000000, 0.000000, 0.981614, -0.190875, 0.000000, 0.190875, 0.981614),

              ["LeftLowerLeg"] = CFrame.new(-0.000000, 0.035209, -0.003729, 1.000000, -0.000000, -0.000000, 0.000000, 0.961015, 0.276483, -0.000000, -0.276497, 0.961019),

              ["LeftUpperArm"] = CFrame.new(0.445089, -0.035330, 0.179251, 0.928228, 0.259680, -0.266382, -0.091007, 0.852810, 0.514231, 0.360709, -0.453080, 0.815234),

              ["LeftUpperLeg"] = CFrame.new(0.000000, -0.000000, -0.000100, 0.994812, 0.099897, 0.019250, -0.101260, 0.954060, 0.282000, 0.009805, -0.282473, 0.959221),

              ["LowerTorso"] = CFrame.new(0.020467, -0.085106, -0.238933, 1.000000, 0.000000, -0.000000, -0.000000, 0.956927, -0.290327, 0.000000, 0.290327, 0.956927),

              ["RightFoot"] = CFrame.new(0.000000, 0.007774, -0.000103, 0.995258, 0.087462, -0.042575, -0.095760, 0.957840, -0.270887, 0.017086, 0.273664, 0.961669),

              ["RightHand"] = CFrame.new(-0.000498, 0.002889, -0.000000, 0.999897, 0.012771, -0.006546, -0.013546, 0.990502, -0.136828, 0.004736, 0.136901, 0.990573),

              ["RightLowerArm"] = CFrame.new(-0.000000, 0.014935, 0.000711, 1.000000, 0.000000, 0.000000, -0.000000, 0.992622, -0.121254, -0.000000, 0.121254, 0.992622),

              ["RightLowerLeg"] = CFrame.new(-0.000000, 0.035243, -0.003884, 1.000000, 0.000000, -0.000000, -0.000000, 0.960449, 0.278441, 0.000000, -0.278456, 0.960453),

              ["RightUpperArm"] = CFrame.new(-0.373021, -0.062594, 0.231941, 0.886425, -0.301352, 0.351336, 0.084730, 0.851852, 0.516885, -0.455050, -0.428411, 0.780636),

              ["RightUpperLeg"] = CFrame.new(0.000000, 0.000000, -0.000000, 0.995258, -0.087215, 0.043075, 0.071334, 0.955464, 0.286368, -0.066132, -0.281924, 0.957151),

              ["UpperTorso"] = CFrame.new(0.000000, 0.045446, 0.114542, 1.000000, -0.000000, 0.000000, 0.000000, 0.982663, 0.185403, -0.000000, -0.185403, 0.982663)

          }},

          {Time = 0.017, Data = {

              ["Head"] = CFrame.new(-0.000000, -0.000000, -0.000000, 1.000000, -0.000000, -0.000000, 0.000000, 0.997875, 0.065159, -0.000000, -0.065159, 0.997875),

              ["LeftFoot"] = CFrame.new(-0.000000, 0.008010, -0.000003, 0.994278, -0.104147, -0.023756, 0.093483, 0.955948, -0.278267, 0.051687, 0.274439, 0.960210),

              ["LeftHand"] = CFrame.new(0.000497, 0.004332, -0.000000, 0.999725, -0.020619, 0.011148, 0.021976, 0.989934, -0.139812, -0.008153, 0.140018, 0.990115),

              ["LeftLowerArm"] = CFrame.new(-0.000500, 0.022946, 0.001772, 1.000000, -0.000000, -0.000000, 0.000000, 0.981829, -0.189767, 0.000000, 0.189766, 0.981829),

              ["LeftLowerLeg"] = CFrame.new(0.000000, 0.037805, -0.004370, 1.000000, -0.000000, 0.000000, 0.000000, 0.954518, 0.298139, -0.000000, -0.298153, 0.954522),

              ["LeftUpperArm"] = CFrame.new(0.445093, -0.035323, 0.179243, 0.928235, 0.259490, -0.266540, -0.090992, 0.853137, 0.513690, 0.360693, -0.452572, 0.815524),

              ["LeftUpperLeg"] = CFrame.new(-0.000000, -0.000000, -0.000100, 0.993485, 0.111956, 0.021297, -0.113596, 0.957859, 0.263837, 0.009139, -0.264524, 0.964332),

              ["LowerTorso"] = CFrame.new(0.026458, -0.087582, -0.234762, 0.999973, -0.007050, 0.002106, 0.007358, 0.958142, -0.286198, 0.000000, 0.286206, 0.958168),

              ["RightFoot"] = CFrame.new(0.000000, 0.007769, -0.000103, 0.995457, 0.083502, -0.045740, -0.092761, 0.958847, -0.268359, 0.021448, 0.271368, 0.962232),

              ["RightHand"] = CFrame.new(-0.000498, 0.002866, -0.000000, 0.999897, 0.012750, -0.006533, -0.013526, 0.990435, -0.137315, 0.004720, 0.137388, 0.990506),

              ["RightLowerArm"] = CFrame.new(-0.000000, 0.014804, 0.000698, 1.000000, 0.000000, 0.000000, -0.000000, 0.992755, -0.120155, -0.000000, 0.120155, 0.992755),

              ["RightLowerLeg"] = CFrame.new(0.000000, 0.035218, -0.003878, 1.000000, 0.000000, 0.000000, -0.000000, 0.960511, 0.278228, 0.000000, -0.278242, 0.960515),

              ["RightUpperArm"] = CFrame.new(-0.373025, -0.062587, 0.231933, 0.886435, -0.301116, 0.351515, 0.084717, 0.852174, 0.516355, -0.455035, -0.427935, 0.780907),

              ["RightUpperLeg"] = CFrame.new(0.000000, 0.000000, 0.000000, 0.996045, -0.075796, 0.046364, 0.059898, 0.958220, 0.279704, -0.065627, -0.275807, 0.958966),

              ["UpperTorso"] = CFrame.new(-0.003080, 0.046161, 0.111743, 0.999973, 0.007315, -0.000794, -0.007050, 0.983424, 0.181182, 0.002106, -0.181172, 0.983449)

          }},

          {Time = 0.033, Data = {

              ["Head"] = CFrame.new(-0.000000, 0.000000, 0.000000, 1.000000, -0.000000, -0.000000, 0.000000, 0.997875, 0.065159, -0.000000, -0.065159, 0.997875),

              ["LeftFoot"] = CFrame.new(0.000000, 0.009227, -0.000003, 0.992622, -0.116351, -0.034139, 0.100917, 0.948790, -0.299372, 0.067219, 0.293700, 0.953526),

              ["LeftHand"] = CFrame.new(0.000497, 0.004281, -0.000000, 0.999727, -0.020556, 0.011110, 0.021918, 0.989771, -0.140973, -0.008099, 0.141177, 0.989951),

              ["LeftLowerArm"] = CFrame.new(-0.000500, 0.022636, 0.001722, 1.000000, -0.000000, -0.000000, 0.000000, 0.982336, -0.187128, 0.000000, 0.187128, 0.982336),

              ["LeftLowerLeg"] = CFrame.new(0.000000, 0.044531, -0.006295, 1.000000, -0.000000, -0.000000, 0.000000, 0.935001, 0.354634, -0.000000, -0.354646, 0.935005),

              ["LeftUpperArm"] = CFrame.new(0.445105, -0.035300, 0.179219, 0.928258, 0.259019, -0.266919, -0.090946, 0.853932, 0.512377, 0.360646, -0.451342, 0.816226),

              ["LeftUpperLeg"] = CFrame.new(0.000000, 0.000000, -0.000100, 0.989046, 0.145412, 0.025352, -0.147458, 0.965735, 0.213583, 0.006574, -0.214967, 0.976596),

              ["LowerTorso"] = CFrame.new(0.042908, -0.094405, -0.222812, 0.999622, -0.026443, 0.007545, 0.027499, 0.961258, -0.274276, 0.000000, 0.274380, 0.961621),

              ["RightFoot"] = CFrame.new(0.000000, 0.007752, -0.000103, 0.995867, 0.072848, -0.054244, -0.084560, 0.961625, -0.261025, 0.033145, 0.264519, 0.963807),

              ["RightHand"] = CFrame.new(-0.000498, 0.002800, 0.000000, 0.999898, 0.012689, -0.006497, -0.013468, 0.990238, -0.138735, 0.004673, 0.138807, 0.990308),

              ["RightLowerArm"] = CFrame.new(-0.000000, 0.014421, 0.000661, 1.000000, 0.000000, 0.000000, -0.000000, 0.993137, -0.116956, -0.000000, 0.116956, 0.993137),

              ["RightLowerLeg"] = CFrame.new(0.000000, 0.035124, -0.003856, 1.000000, 0.000000, 0.000000, -0.000000, 0.960739, 0.277440, 0.000000, -0.277455, 0.960743),

              ["RightUpperArm"] = CFrame.new(-0.373039, -0.062568, 0.231910, 0.886462, -0.300426, 0.352036, 0.084680, 0.853112, 0.514810, -0.454988, -0.426548, 0.781692),

              ["RightUpperLeg"] = CFrame.new(0.000000, 0.000000, 0.000000, 0.997494, -0.044593, 0.054936, 0.028808, 0.965098, 0.260314, -0.064627, -0.258065, 0.963960),

              ["UpperTorso"] = CFrame.new(-0.011370, 0.048439, 0.103751, 0.999622, 0.027338, -0.002966, -0.026443, 0.985242, 0.169113, 0.007545, -0.168970, 0.985592)

          }},

          {Time = 0.050, Data = {

              ["Head"] = CFrame.new(-0.000000, 0.000000, 0.000000, 1.000000, -0.000000, -0.000000, 0.000000, 0.997875, 0.065159, -0.000000, -0.065159, 0.997875),

              ["LeftFoot"] = CFrame.new(-0.000000, 0.010774, -0.000003, 0.989597, -0.134915, -0.049964, 0.111601, 0.939035, -0.325227, 0.090790, 0.316247, 0.944315),

              ["LeftHand"] = CFrame.new(0.000497, 0.004183, -0.000000, 0.999730, -0.020454, 0.011050, 0.021827, 0.989436, -0.143321, -0.008002, 0.143522, 0.989615),

              ["LeftLowerArm"] = CFrame.new(-0.000500, 0.022023, 0.001626, 1.000000, -0.000000, -0.000000, 0.000000, 0.983316, -0.181906, 0.000000, 0.181905, 0.983316),

              ["LeftLowerLeg"] = CFrame.new(0.000000, 0.053162, -0.009350, 1.000000, -0.000000, -0.000000, 0.000000, 0.903980, 0.427566, -0.000000, -0.427575, 0.903984),

              ["LeftUpperArm"] = CFrame.new(0.445123, -0.035263, 0.179182, 0.928295, 0.258125, -0.267657, -0.090873, 0.855463, 0.509828, 0.360571, -0.448948, 0.817579),

              ["LeftUpperLeg"] = CFrame.new(0.000000, -0.000000, -0.000100, 0.980201, 0.196065, 0.027654, -0.198004, 0.970114, 0.140280, 0.000675, -0.142961, 0.989726),

              ["LowerTorso"] = CFrame.new(0.067559, -0.104550, -0.203918, 0.998345, -0.055594, 0.014700, 0.057504, 0.965174, -0.255209, 0.000000, 0.255632, 0.966774),

              ["RightFoot"] = CFrame.new(-0.000000, 0.007695, -0.000103, 0.996132, 0.057475, -0.066476, -0.072330, 0.965860, -0.248776, 0.049905, 0.252608, 0.966277),

              ["RightHand"] = CFrame.new(-0.000498, 0.002692, -0.000000, 0.999900, 0.012591, -0.006439, -0.013373, 0.989916, -0.141025, 0.004598, 0.141096, 0.989985),

              ["RightLowerArm"] = CFrame.new(-0.000000, 0.013801, 0.000603, 1.000000, 0.000000, 0.000000, -0.000000, 0.993731, -0.111797, -0.000000, 0.111797, 0.993731),

              ["RightLowerLeg"] = CFrame.new(0.000000, 0.034819, -0.003784, 1.000000, 0.000000, 0.000000, -0.000000, 0.961467, 0.274905, 0.000000, -0.274920, 0.961471),

              ["RightUpperArm"] = CFrame.new(-0.373061, -0.062538, 0.231873, 0.886506, -0.299314, 0.352872, 0.084620, 0.854618, 0.512317, -0.454914, -0.424312, 0.782951),

              ["RightUpperLeg"] = CFrame.new(0.000000, -0.000000, -0.000000, 0.997788, 0.001665, 0.066453, -0.016898, 0.973199, 0.229355, -0.064291, -0.229957, 0.971072),

              ["UpperTorso"] = CFrame.new(-0.023299, 0.052778, 0.091204, 0.998345, 0.057169, -0.006199, -0.055594, 0.987108, 0.150089, 0.014700, -0.149496, 0.988653)

          }},

          {Time = 0.067, Data = {

              ["Head"] = CFrame.new(-0.000000, 0.000000, 0.000000, 1.000000, -0.000000, -0.000000, 0.000000, 0.997875, 0.065159, -0.000000, -0.065159, 0.997875),

              ["LeftFoot"] = CFrame.new(0.000000, 0.012399, -0.000003, 0.984916, -0.158275, -0.069935, 0.124354, 0.928474, -0.349982, 0.120319, 0.335983, 0.934142),

              ["LeftHand"] = CFrame.new(0.000497, 0.004049, -0.000000, 0.999733, -0.020316, 0.010968, 0.021705, 0.988970, -0.146518, -0.007871, 0.146716, 0.989147),

              ["LeftLowerArm"] = CFrame.new(-0.000500, 0.021187, 0.001499, 1.000000, -0.000000, -0.000000, 0.000000, 0.984605, -0.174795, 0.000000, 0.174794, 0.984605),

              ["LeftLowerLeg"] = CFrame.new(-0.000000, 0.062136, -0.013286, 1.000000, -0.000000, 0.000000, 0.000000, 0.863924, 0.503617, -0.000000, -0.503622, 0.863927),

              ["LeftUpperArm"] = CFrame.new(0.445147, -0.035214, 0.179130, 0.928344, 0.256908, -0.268656, -0.090776, 0.857532, 0.506359, 0.360469, -0.445687, 0.819405),

              ["LeftUpperLeg"] = CFrame.new(0.000000, 0.000000, -0.000100, 0.965570, 0.258998, 0.024396, -0.259942, 0.964261, 0.051316, -0.010234, -0.055872, 0.998384),

              ["LowerTorso"] = CFrame.new(0.098132, -0.116942, -0.178907, 0.995532, -0.091877, 0.021786, 0.094424, 0.968671, -0.229695, 0.000000, 0.230726, 0.973019),

              ["RightFoot"] = CFrame.new(-0.000000, 0.007567, -0.000103, 0.995952, 0.039413, -0.080794, -0.057200, 0.971189, -0.231355, 0.069343, 0.235027, 0.969509),

              ["RightHand"] = CFrame.new(-0.000498, 0.002544, -0.000000, 0.999902, 0.012459, -0.006361, -0.013246, 0.989471, -0.144127, 0.004498, 0.144195, 0.989539),

              ["RightLowerArm"] = CFrame.new(-0.000000, 0.012961, 0.000528, 1.000000, -0.000000, 0.000000, -0.000000, 0.994492, -0.104811, -0.000000, 0.104811, 0.994492),

              ["RightLowerLeg"] = CFrame.new(0.000000, 0.034126, -0.003623, 1.000000, 0.000000, 0.000000, -0.000000, 0.963099, 0.269133, 0.000000, -0.269147, 0.963103),

              ["RightUpperArm"] = CFrame.new(-0.373090, -0.062498, 0.231823, 0.886565, -0.297807, 0.353996, 0.084540, 0.856641, 0.508940, -0.454813, -0.421281, 0.784644),

              ["RightUpperLeg"] = CFrame.new(-0.000000, 0.000000, -0.000000, 0.995223, 0.058031, 0.078507, -0.071967, 0.979467, 0.188333, -0.065967, -0.193070, 0.978962),

              ["UpperTorso"] = CFrame.new(-0.037218, 0.059787, 0.074841, 0.995532, 0.093875, -0.010175, -0.091877, 0.987893, 0.125003, 0.021786, -0.123510, 0.992104)

          }},

          {Time = 0.083, Data = {

              ["Head"] = CFrame.new(-0.000000, -0.000000, -0.000000, 1.000000, -0.000000, -0.000000, 0.000000, 0.997875, 0.065159, -0.000000, -0.065159, 0.997875),

              ["LeftFoot"] = CFrame.new(0.000000, 0.013945, -0.000003, 0.978450, -0.184604, -0.092520, 0.138440, 0.918908, -0.369405, 0.153201, 0.348612, 0.924651),

              ["LeftHand"] = CFrame.new(0.000497, 0.003878, -0.000000, 0.999738, -0.020147, 0.010867, 0.021554, 0.988372, -0.150520, -0.007708, 0.150714, 0.988547),

              ["LeftLowerArm"] = CFrame.new(-0.000500, 0.020137, 0.001348, 1.000000, -0.000000, -0.000000, 0.000000, 0.986144, -0.165891, 0.000000, 0.165890, 0.986144),

              ["LeftLowerLeg"] = CFrame.new(0.000000, 0.070401, -0.017671, 1.000000, -0.000000, -0.000000, 0.000000, 0.819179, 0.573536, -0.000000, -0.573538, 0.819180),

              ["LeftUpperArm"] = CFrame.new(0.445178, -0.035154, 0.179067, 0.928405, 0.255385, -0.269895, -0.090655, 0.860095, 0.502014, 0.360342, -0.441605, 0.821668),

              ["LeftUpperLeg"] = CFrame.new(0.000000, 0.000000, -0.000100, 0.944482, 0.328306, 0.013020, -0.327415, 0.943751, -0.046179, -0.027449, 0.039372, 0.998848),

              ["LowerTorso"] = CFrame.new(0.132296, -0.130576, -0.148611, 0.990808, -0.132533, 0.027115, 0.135278, 0.970701, -0.198594, 0.000000, 0.200436, 0.979707),

              ["RightFoot"] = CFrame.new(0.000000, 0.007344, -0.000103, 0.995202, 0.020577, -0.095661, -0.040274, 0.977129, -0.208813, 0.089170, 0.211652, 0.973266),

              ["RightHand"] = CFrame.new(-0.000499, 0.002356, 0.000000, 0.999905, 0.012297, -0.006264, -0.013088, 0.988902, -0.147990, 0.004375, 0.148057, 0.988969),

              ["RightLowerArm"] = CFrame.new(-0.000000, 0.011911, 0.000442, 1.000000, 0.000000, 0.000000, -0.000000, 0.995371, -0.096114, -0.000000, 0.096113, 0.995370),

              ["RightLowerLeg"] = CFrame.new(0.000000, 0.032932, -0.003354, 1.000000, 0.000000, 0.000000, -0.000000, 0.965816, 0.259215, 0.000000, -0.259230, 0.965820),

              ["RightUpperArm"] = CFrame.new(-0.373127, -0.062450, 0.231761, 0.886638, -0.295930, 0.355385, 0.084442, 0.859136, 0.504733, -0.454689, -0.417505, 0.786732),

              ["RightUpperLeg"] = CFrame.new(0.000000, 0.000000, -0.000000, 0.988837, 0.119451, 0.089067, -0.131096, 0.981575, 0.139029, -0.070819, -0.149140, 0.986275),

              ["UpperTorso"] = CFrame.new(-0.051534, 0.069887, 0.055556, 0.990808, 0.134491, -0.014568, -0.132533, 0.986641, 0.094737, 0.027115, -0.091935, 0.995396)

          }},

          {Time = 0.100, Data = {

              ["Head"] = CFrame.new(-0.000000, 0.000000, 0.000000, 1.000000, -0.000000, -0.000000, 0.000000, 0.997875, 0.065159, -0.000000, -0.065159, 0.997875),

              ["LeftFoot"] = CFrame.new(0.000000, 0.016088, -0.000003, 0.970416, -0.211795, -0.115931, 0.153707, 0.912193, -0.379863, 0.186193, 0.350782, 0.917750),

              ["LeftHand"] = CFrame.new(0.000498, 0.003674, -0.000000, 0.999743, -0.019948, 0.010749, 0.021376, 0.987638, -0.155289, -0.007518, 0.155478, 0.987811),

              ["LeftLowerArm"] = CFrame.new(-0.000500, 0.018883, 0.001178, 1.000000, -0.000000, -0.000000, 0.000000, 0.987871, -0.155279, 0.000000, 0.155279, 0.987871),

              ["LeftLowerLeg"] = CFrame.new(-0.000000, 0.077878, -0.021829, 1.000000, -0.000000, -0.000000, 0.000000, 0.776375, 0.630273, -0.000000, -0.630272, 0.776374),

              ["LeftUpperArm"] = CFrame.new(0.445214, -0.035084, 0.178993, 0.928476, 0.253571, -0.271356, -0.090515, 0.863112, 0.496836, 0.360194, -0.436738, 0.824330),

              ["LeftUpperLeg"] = CFrame.new(0.000000, -0.000000, -0.000100, 0.917571, 0.397516, -0.006651, -0.394239, 0.907589, -0.144399, -0.051366, 0.135140, 0.989497),

              ["LowerTorso"] = CFrame.new(0.167659, -0.144604, -0.113873, 0.984195, -0.174643, 0.029319, 0.177087, 0.970612, -0.162947, 0.000000, 0.165564, 0.986199),

              ["RightFoot"] = CFrame.new(-0.000000, 0.007031, -0.000103, 0.993956, 0.002641, -0.109758, -0.022686, 0.983075, -0.181800, 0.107414, 0.183182, 0.977191),

              ["RightHand"] = CFrame.new(-0.000499, 0.002130, 0.000000, 0.999908, 0.012107, -0.006151, -0.012903, 0.988210, -0.152562, 0.004231, 0.152626, 0.988275),

              ["RightLowerArm"] = CFrame.new(-0.000000, 0.010666, 0.000350, 1.000000, 0.000000, 0.000000, -0.000000, 0.996311, -0.085822, -0.000000, 0.085821, 0.996310),

              ["RightLowerLeg"] = CFrame.new(-0.000000, 0.031268, -0.002999, 1.000000, 0.000000, 0.000000, -0.000000, 0.969414, 0.245415, 0.000000, -0.245431, 0.969418),

              ["RightUpperArm"] = CFrame.new(-0.373170, -0.062392, 0.231688, 0.886723, -0.293708, 0.357012, 0.084329, 0.862056, 0.499749, -0.454544, -0.413033, 0.789173),

              ["RightUpperLeg"] = CFrame.new(-0.000000, -0.000000, -0.000000, 0.978714, 0.181029, 0.096689, -0.189196, 0.978404, 0.083261, -0.079529, -0.099768, 0.991826),

              ["UpperTorso"] = CFrame.new(-0.064851, 0.083117, 0.034360, 0.984195, 0.176059, -0.019056, -0.174643, 0.982792, 0.060156, 0.029319, -0.055877, 0.998007)

          }},

          {Time = 0.117, Data = {

              ["Head"] = CFrame.new(-0.000000, 0.000000, 0.000000, 1.000000, -0.000000, -0.000000, 0.000000, 0.997875, 0.065159, -0.000000, -0.065159, 0.997875),

              ["LeftFoot"] = CFrame.new(0.000000, 0.018171, -0.000003, 0.961483, -0.237589, -0.138225, 0.169545, 0.908433, -0.382125, 0.216343, 0.343949, 0.913714),

              ["LeftHand"] = CFrame.new(0.000498, 0.003432, 0.000000, 0.999749, -0.019722, 0.010615, 0.021173, 0.986762, -0.160786, -0.007303, 0.160970, 0.986932),

              ["LeftLowerArm"] = CFrame.new(-0.000500, 0.017433, 0.000997, 1.000000, -0.000000, -0.000000, 0.000000, 0.989717, -0.143043, 0.000000, 0.143042, 0.989717),

              ["LeftLowerLeg"] = CFrame.new(-0.000000, 0.084127, -0.025594, 1.000000, -0.000000, -0.000000, 0.000000, 0.737388, 0.675473, -0.000000, -0.675470, 0.737385),

              ["LeftUpperArm"] = CFrame.new(0.445254, -0.035005, 0.178909, 0.928557, 0.251480, -0.273021, -0.090357, 0.866539, 0.490864, 0.360026, -0.431125, 0.827353),

              ["LeftUpperLeg"] = CFrame.new(-0.000000, -0.000000, -0.000100, 0.887047, 0.460414, -0.034148, -0.454486, 0.857823, -0.239944, -0.081182, 0.228383, 0.970186),

              ["LowerTorso"] = CFrame.new(0.201779, -0.158393, -0.075551, 0.976187, -0.215174, 0.027539, 0.216929, 0.968289, -0.123928, 0.000000, 0.126951, 0.991909),

              ["RightFoot"] = CFrame.new(0.000000, 0.006679, -0.000103, 0.992439, -0.013055, -0.122047, -0.005695, 0.988359, -0.152038, 0.122603, 0.151576, 0.980811),

              ["RightHand"] = CFrame.new(-0.000499, 0.001865, -0.000000, 0.999911, 0.011892, -0.006023, -0.012693, 0.987392, -0.157789, 0.004071, 0.157850, 0.987455),

              ["RightLowerArm"] = CFrame.new(-0.000000, 0.009234, 0.000259, 1.000000, 0.000000, 0.000000, -0.000000, 0.997254, -0.074062, -0.000000, 0.074061, 0.997254),

              ["RightLowerLeg"] = CFrame.new(0.000000, 0.029423, -0.002631, 1.000000, 0.000000, -0.000000, -0.000000, 0.973142, 0.230189, 0.000000, -0.230204, 0.973146),

              ["RightUpperArm"] = CFrame.new(-0.373218, -0.062330, 0.231606, 0.886820, -0.291166, 0.358849, 0.084202, 0.865348, 0.494048, -0.454380, -0.407915, 0.791924),

              ["RightUpperLeg"] = CFrame.new(-0.000000, -0.000000, -0.000000, 0.965975, 0.238357, 0.100398, -0.241681, 0.970102, 0.022194, -0.092107, -0.045690, 0.994700),

              ["UpperTorso"] = CFrame.new(-0.076084, 0.099035, 0.012297, 0.976187, 0.215671, -0.023323, -0.215174, 0.976326, 0.022108, 0.027539, -0.016563, 0.999484)

          }},

          {Time = 0.133, Data = {

              ["Head"] = CFrame.new(-0.000000, 0.000000, 0.000000, 1.000000, -0.000000, -0.000000, 0.000000, 0.997875, 0.065159, -0.000000, -0.065159, 0.997875),

              ["LeftFoot"] = CFrame.new(0.000000, 0.019816, -0.000003, 0.952744, -0.259781, -0.157473, 0.185140, 0.907526, -0.377008, 0.240836, 0.330015, 0.912725),

              ["LeftHand"] = CFrame.new(0.000498, 0.003154, -0.000000, 0.999756, -0.019474, 0.010467, 0.020949, 0.985739, -0.166971, -0.007066, 0.167149, 0.985906),

              ["LeftLowerArm"] = CFrame.new(-0.000500, 0.015793, 0.000811, 1.000000, -0.000000, -0.000000, 0.000000, 0.991610, -0.129269, 0.000000, 0.129269, 0.991610),

              ["LeftLowerLeg"] = CFrame.new(-0.000000, 0.088968, -0.028838, 1.000000, -0.000000, -0.000000, 0.000000, 0.703728, 0.710473, -0.000000, -0.710469, 0.703724),

              ["LeftUpperArm"] = CFrame.new(0.445298, -0.034918, 0.178816, 0.928645, 0.249127, -0.274869, -0.090184, 0.870332, 0.484138, 0.359840, -0.424803, 0.830697),

              ["LeftUpperLeg"] = CFrame.new(-0.000000, -0.000000, -0.000100, 0.856542, 0.511679, -0.067213, -0.503127, 0.798939, -0.329465, -0.114882, 0.316039, 0.941772),

              ["LowerTorso"] = CFrame.new(0.232202, -0.171542, -0.034520, 0.967734, -0.251053, 0.021539, 0.251975, 0.964191, -0.082724, 0.000000, 0.085482, 0.996340),

              ["RightFoot"] = CFrame.new(-0.000000, 0.006348, -0.000103, 0.990953, -0.025513, -0.131769, 0.009430, 0.992575, -0.121275, 0.133877, 0.118931, 0.983834),

              ["RightHand"] = CFrame.new(-0.000499, 0.001561, -0.000000, 0.999915, 0.011655, -0.005883, -0.012460, 0.986447, -0.163610, 0.003896, 0.163668, 0.986508),

              ["RightLowerArm"] = CFrame.new(-0.000000, 0.007630, 0.000173, 1.000000, 0.000000, 0.000000, -0.000000, 0.998140, -0.060967, -0.000000, 0.060967, 0.998140),

              ["RightLowerLeg"] = CFrame.new(0.000000, 0.027706, -0.002311, 1.000000, -0.000000, -0.000000, -0.000000, 0.976377, 0.216060, 0.000000, -0.216076, 0.976380),

              ["RightUpperArm"] = CFrame.new(-0.373271, -0.062260, 0.231515, 0.886926, -0.288333, 0.360870, 0.084063, 0.868962, 0.487688, -0.454198, -0.402207, 0.794942),

              ["RightUpperLeg"] = CFrame.new(0.000000, -0.000001, -0.000000, 0.952549, 0.287576, 0.099751, -0.284645, 0.957678, -0.042764, -0.107829, 0.012354, 0.994093),

              ["UpperTorso"] = CFrame.new(-0.084528, 0.116724, -0.009686, 0.967734, 0.250518, -0.027065, -0.251053, 0.967795, -0.018576, 0.021539, 0.024771, 0.999461)

          }},

          {Time = 0.150, Data = {

              ["Head"] = CFrame.new(-0.000000, 0.000000, -0.000000, 1.000000, -0.000000, -0.000000, 0.000000, 0.997875, 0.065159, -0.000000, -0.065159, 0.997875),

              ["LeftFoot"] = CFrame.new(-0.000000, 0.021208, -0.000003, 0.945544, -0.276395, -0.171925, 0.199455, 0.909388, -0.365029, 0.257223, 0.310838, 0.914984),

              ["LeftHand"] = CFrame.new(0.000498, 0.002839, 0.000000, 0.999762, -0.019205, 0.010308, 0.020705, 0.984563, -0.173802, -0.006810, 0.173972, 0.984727),

              ["LeftLowerArm"] = CFrame.new(-0.000500, 0.013972, 0.000628, 1.000000, -0.000000, -0.000000, 0.000000, 0.993475, -0.114053, 0.000000, 0.114053, 0.993475),

              ["LeftLowerLeg"] = CFrame.new(0.000000, 0.092626, -0.031379, 1.000000, -0.000000, -0.000000, 0.000000, 0.677228, 0.735778, -0.000000, -0.735774, 0.677223),

              ["LeftUpperArm"] = CFrame.new(0.445346, -0.034825, 0.178715, 0.928741, 0.246528, -0.276882, -0.089998, 0.874445, 0.476703, 0.359638, -0.417815, 0.834320),

              ["LeftUpperLeg"] = CFrame.new(-0.000000, -0.000000, -0.000100, 0.830596, 0.547485, -0.101824, -0.536439, 0.737537, -0.410194, -0.149478, 0.395349, 0.906296),

              ["LowerTorso"] = CFrame.new(0.256495, -0.183851, 0.008325, 0.960140, -0.279270, 0.011764, 0.279518, 0.959290, -0.040409, 0.000000, 0.042086, 0.999114),

              ["RightFoot"] = CFrame.new(-0.000000, 0.006177, -0.000103, 0.989793, -0.034026, -0.138396, 0.021249, 0.995460, -0.092780, 0.140917, 0.088891, 0.986021),

              ["RightHand"] = CFrame.new(-0.000499, 0.001208, -0.000000, 0.999919, 0.011400, -0.005731, -0.012209, 0.985336, -0.170188, 0.003707, 0.170243, 0.985395),

              ["RightLowerArm"] = CFrame.new(-0.000000, 0.005811, 0.000097, 1.000000, 0.000000, 0.000000, -0.000000, 0.998932, -0.046215, -0.000000, 0.046214, 0.998932),

              ["RightLowerLeg"] = CFrame.new(0.000000, 0.026828, -0.002156, 1.000000, 0.000000, 0.000000, -0.000000, 0.977942, 0.208859, 0.000000, -0.208875, 0.977946),

              ["RightUpperArm"] = CFrame.new(-0.373328, -0.062186, 0.231417, 0.887040, -0.285149, 0.363112, 0.083916, 0.872956, 0.480528, -0.454003, -0.395776, 0.798275),

              ["RightUpperLeg"] = CFrame.new(-0.000000, -0.000000, -0.000000, 0.940829, 0.325515, 0.094242, -0.314885, 0.942508, -0.111906, -0.125252, 0.075622, 0.989240),

              ["UpperTorso"] = CFrame.new(-0.089869, 0.134888, -0.030863, 0.960140, 0.277905, -0.029990, -0.279270, 0.958268, -0.061081, 0.011764, 0.067022, 0.997682)

          }},

          {Time = 0.167, Data = {

              ["Head"] = CFrame.new(-0.000000, 0.000000, 0.000000, 1.000000, -0.000000, -0.000000, 0.000000, 0.997875, 0.065159, -0.000000, -0.065159, 0.997875),

              ["LeftFoot"] = CFrame.new(0.000000, 0.021986, -0.000003, 0.941235, -0.285750, -0.180080, 0.210727, 0.913477, -0.348090, 0.263950, 0.289667, 0.920002),

              ["LeftHand"] = CFrame.new(0.000498, 0.002486, -0.000000, 0.999770, -0.018919, 0.010138, 0.020444, 0.983228, -0.181232, -0.006539, 0.181396, 0.983388),

              ["LeftLowerArm"] = CFrame.new(-0.000500, 0.011978, 0.000455, 1.000000, -0.000000, -0.000000, 0.000000, 0.995236, -0.097493, 0.000000, 0.097493, 0.995236),

              ["LeftLowerLeg"] = CFrame.new(-0.000000, 0.095025, -0.033318, 1.000000, -0.000000, -0.000000, 0.000000, 0.657106, 0.753803, -0.000000, -0.753798, 0.657100),

              ["LeftUpperArm"] = CFrame.new(0.445397, -0.034727, 0.178608, 0.928843, 0.243698, -0.279036, -0.089802, 0.878833, 0.468604, 0.359424, -0.410201, 0.838182),

              ["LeftUpperLeg"] = CFrame.new(0.000000, 0.000000, -0.000100, 0.813930, 0.565296, -0.133995, -0.551938, 0.680417, -0.482061, -0.181336, 0.466341, 0.865831),

              ["LowerTorso"] = CFrame.new(0.272278, -0.195259, 0.052080, 0.954897, -0.296938, -0.000677, 0.296939, 0.954894, 0.002178, 0.000000, -0.002280, 0.999997),

              ["RightFoot"] = CFrame.new(-0.000000, 0.006317, -0.000103, 0.989203, -0.038057, -0.141530, 0.028358, 0.997148, -0.069936, 0.143779, 0.065167, 0.987461),

              ["RightHand"] = CFrame.new(-0.000500, 0.000818, -0.000000, 0.999923, 0.011130, -0.005570, -0.011941, 0.984113, -0.177144, 0.003510, 0.177196, 0.984169),

              ["RightLowerArm"] = CFrame.new(0.000000, 0.003868, 0.000040, 1.000000, -0.000000, 0.000000, -0.000000, 0.999532, -0.030602, -0.000000, 0.030601, 0.999532),

              ["RightLowerLeg"] = CFrame.new(-0.000000, 0.027550, -0.002283, 1.000000, 0.000000, -0.000000, -0.000000, 0.976657, 0.214787, -0.000000, -0.214803, 0.976661),

              ["RightUpperArm"] = CFrame.new(-0.373388, -0.062109, 0.231313, 0.887161, -0.281765, 0.365451, 0.083762, 0.877114, 0.472922, -0.453795, -0.388946, 0.801742),

              ["RightUpperLeg"] = CFrame.new(0.000000, -0.000000, -0.000000, 0.933285, 0.349275, 0.083579, -0.329750, 0.925589, -0.185864, -0.142279, 0.145916, 0.979014),

              ["UpperTorso"] = CFrame.new(-0.092090, 0.151997, -0.050821, 0.954897, 0.295229, -0.031820, -0.296938, 0.949151, -0.104596, -0.000677, 0.109327, 0.994006)

          }},

          {Time = 0.183, Data = {

              ["Head"] = CFrame.new(-0.000000, -0.000000, -0.000000, 1.000000, -0.000000, -0.000000, 0.000000, 0.997875, 0.065159, -0.000000, -0.065159, 0.997875),

              ["LeftFoot"] = CFrame.new(0.000000, 0.022486, -0.000003, 0.940711, -0.286861, -0.181049, 0.217497, 0.919647, -0.327042, 0.260302, 0.268255, 0.927505),

              ["LeftHand"] = CFrame.new(0.000499, 0.002093, -0.000000, 0.999777, -0.018620, 0.009959, 0.020168, 0.981731, -0.189204, -0.006254, 0.189362, 0.981887),

              ["LeftLowerArm"] = CFrame.new(-0.000500, 0.009823, 0.000301, 1.000000, -0.000000, -0.000000, 0.000000, 0.996818, -0.079718, 0.000000, 0.079717, 0.996818),

              ["LeftLowerLeg"] = CFrame.new(0.000000, 0.096534, -0.034584, 1.000000, -0.000000, -0.000000, 0.000000, 0.643952, 0.765071, -0.000000, -0.765066, 0.643946),

              ["LeftUpperArm"] = CFrame.new(0.445451, -0.034625, 0.178495, 0.928950, 0.240657, -0.281310, -0.089598, 0.883441, 0.459897, 0.359198, -0.402016, 0.842235),

              ["LeftUpperLeg"] = CFrame.new(-0.000000, -0.000000, -0.000100, 0.809980, 0.564404, -0.159298, -0.548761, 0.633596, -0.545346, -0.206867, 0.529155, 0.822935),

              ["LowerTorso"] = CFrame.new(0.277779, -0.205799, 0.095833, 0.953214, -0.301968, -0.014100, 0.302297, 0.952177, 0.044460, 0.000000, -0.046642, 0.998912),

              ["RightFoot"] = CFrame.new(-0.000000, 0.006853, -0.000103, 0.989311, -0.037337, -0.140970, 0.029834, 0.998042, -0.054970, 0.142738, 0.050177, 0.988487),

              ["RightHand"] = CFrame.new(-0.000500, 0.000406, 0.000000, 0.999927, 0.010847, -0.005402, -0.011656, 0.982832, -0.184135, 0.003312, 0.184184, 0.982886),

              ["RightLowerArm"] = CFrame.new(-0.000000, 0.001888, 0.000008, 1.000000, 0.000000, 0.000000, -0.000000, 0.999890, -0.014856, -0.000000, 0.014855, 0.999890),

              ["RightLowerLeg"] = CFrame.new(-0.000000, 0.030331, -0.002809, 1.000000, -0.000000, -0.000000, -0.000000, 0.971343, 0.237669, -0.000000, -0.237684, 0.971346),

              ["RightUpperArm"] = CFrame.new(-0.373451, -0.062030, 0.231204, 0.887287, -0.278320, 0.367776, 0.083604, 0.881250, 0.465199, -0.453577, -0.382017, 0.805190),

              ["RightUpperLeg"] = CFrame.new(-0.000000, -0.000000, -0.000000, 0.931737, 0.356627, 0.068433, -0.327716, 0.906971, -0.264573, -0.156422, 0.224099, 0.961934),

              ["UpperTorso"] = CFrame.new(-0.091422, 0.166772, -0.069473, 0.953214, 0.300560, -0.032352, -0.301968, 0.941716, -0.148277, -0.014100, 0.151109, 0.988417)

          }},

          {Time = 0.200, Data = {

              ["Head"] = CFrame.new(-0.000000, 0.000000, -0.000000, 1.000000, -0.000000, -0.000000, 0.000000, 0.997875, 0.065159, -0.000000, -0.065159, 0.997875),

              ["LeftFoot"] = CFrame.new(0.000000, 0.022758, -0.000003, 0.943636, -0.280586, -0.175578, 0.219295, 0.927313, -0.303332, 0.247912, 0.247714, 0.936569),

              ["LeftHand"] = CFrame.new(0.000499, 0.001660, 0.000000, 0.999785, -0.018309, 0.009774, 0.019880, 0.980073, -0.197643, -0.005961, 0.197793, 0.980225),

              ["LeftLowerArm"] = CFrame.new(-0.000500, 0.007522, 0.000172, 1.000000, -0.000000, -0.000000, 0.000000, 0.998144, -0.060895, 0.000000, 0.060894, 0.998144),

              ["LeftLowerLeg"] = CFrame.new(-0.000000, 0.097343, -0.035278, 1.000000, -0.000000, -0.000000, 0.000000, 0.636735, 0.771088, -0.000000, -0.771083, 0.636729),

              ["LeftUpperArm"] = CFrame.new(0.445506, -0.034521, 0.178378, 0.929061, 0.237432, -0.283676, -0.089389, 0.888209, 0.450659, 0.358964, -0.393332, 0.846424),

              ["LeftUpperLeg"] = CFrame.new(-0.000000, -0.000000, -0.000100, 0.818173, 0.547430, -0.175808, -0.529480, 0.598140, -0.601551, -0.224151, 0.585277, 0.779249),

              ["LowerTorso"] = CFrame.new(0.273488, -0.215687, 0.138673, 0.955122, -0.295010, -0.026667, 0.296212, 0.951244, 0.085986, 0.000000, -0.090026, 0.995939),

              ["RightFoot"] = CFrame.new(-0.000000, 0.007734, -0.000103, 0.990022, -0.032414, -0.137142, 0.026046, 0.998509, -0.047982, 0.138485, 0.043931, 0.989389),

              ["RightHand"] = CFrame.new(-0.000500, -0.000074, 0.000000, 0.999931, 0.010555, -0.005229, -0.011358, 0.981587, -0.190679, 0.003120, 0.190724, 0.981639),

              ["RightLowerArm"] = CFrame.new(0.000000, -0.000075, 0.000000, 1.000000, 0.000000, 0.000000, -0.000000, 1.000000, -0.000001, -0.000000, -0.000000, 1.000000),

              ["RightLowerLeg"] = CFrame.new(-0.000000, 0.035031, -0.003834, 1.000000, 0.000000, -0.000000, -0.000000, 0.960959, 0.276678, 0.000000, -0.276692, 0.960963),

              ["RightUpperArm"] = CFrame.new(-0.373517, -0.061950, 0.231092, 0.887417, -0.275014, 0.369943, 0.083443, 0.885117, 0.457828, -0.453351, -0.375414, 0.808416),

              ["RightUpperLeg"] = CFrame.new(0.000000, -0.000000, -0.000000, 0.935990, 0.348328, 0.050899, -0.310554, 0.885123, -0.346561, -0.165770, 0.308584, 0.936645),

              ["UpperTorso"] = CFrame.new(-0.088427, 0.179232, -0.086880, 0.955122, 0.294516, -0.031655, -0.295010, 0.936175, -0.191167, -0.026667, 0.191927, 0.981047)

          }},

          {Time = 0.217, Data = {

              ["Head"] = CFrame.new(-0.000000, -0.000000, -0.000000, 1.000000, -0.000000, -0.000000, 0.000000, 0.997875, 0.065159, -0.000000, -0.065159, 0.997875),

              ["LeftFoot"] = CFrame.new(-0.000000, 0.022831, -0.000003, 0.949183, -0.268162, -0.164760, 0.216164, 0.935941, -0.278023, 0.228747, 0.228262, 0.946339),

              ["LeftHand"] = CFrame.new(0.000499, 0.001173, -0.000000, 0.999792, -0.017991, 0.009584, 0.019583, 0.978215, -0.206671, -0.005657, 0.206815, 0.978364),

              ["LeftLowerArm"] = CFrame.new(-0.000500, 0.005036, 0.000074, 1.000000, -0.000000, -0.000000, 0.000000, 0.999168, -0.040777, 0.000000, 0.040776, 0.999168),

              ["LeftLowerLeg"] = CFrame.new(-0.000000, 0.097559, -0.035465, 1.000000, -0.000000, -0.000000, 0.000000, 0.634792, 0.772689, -0.000000, -0.772683, 0.634785),

              ["LeftUpperArm"] = CFrame.new(0.445563, -0.034415, 0.178258, 0.929174, 0.233987, -0.286155, -0.089177, 0.893176, 0.440777, 0.358723, -0.384039, 0.850783),

              ["LeftUpperLeg"] = CFrame.new(-0.000000, -0.000000, -0.000100, 0.836211, 0.517051, -0.182772, -0.496873, 0.573254, -0.651522, -0.232097, 0.635640, 0.736284),

              ["LowerTorso"] = CFrame.new(0.260467, -0.225093, 0.179695, 0.960044, -0.277420, -0.036793, 0.279849, 0.951711, 0.126220, 0.000000, -0.131473, 0.991320),

              ["RightFoot"] = CFrame.new(0.000000, 0.008821, -0.000103, 0.991166, -0.023851, -0.130474, 0.017853, 0.998737, -0.046958, 0.131421, 0.044211, 0.990339),

              ["RightHand"] = CFrame.new(-0.000501, -0.001358, 0.000000, 0.999935, 0.010256, -0.005054, -0.011030, 0.981708, -0.190077, 0.003012, 0.190118, 0.981756),

              ["RightLowerArm"] = CFrame.new(-0.000000, -0.001356, 0.000007, 1.000000, 0.000000, 0.000000, -0.000000, 1.000000, -0.000001, -0.000000, -0.000000, 1.000000),

              ["RightLowerLeg"] = CFrame.new(-0.000000, 0.040970, -0.005386, 1.000000, 0.000000, -0.000000, -0.000000, 0.945242, 0.326357, 0.000000, -0.326369, 0.945247),

              ["RightUpperArm"] = CFrame.new(-0.373583, -0.061869, 0.230977, 0.887550, -0.274496, 0.370011, 0.083281, 0.885487, 0.457140, -0.453123, -0.374919, 0.808774),

              ["RightUpperLeg"] = CFrame.new(-0.000000, -0.000000, -0.000000, 0.944887, 0.325610, 0.034152, -0.280516, 0.858954, -0.428367, -0.168816, 0.395192, 0.902959),

              ["UpperTorso"] = CFrame.new(-0.083506, 0.189800, -0.103046, 0.960044, 0.278252, -0.029861, -0.277420, 0.932248, -0.232274, -0.036793, 0.231278, 0.972192)

          }},

          {Time = 0.233, Data = {

              ["Head"] = CFrame.new(-0.000000, 0.000000, 0.000000, 1.000000, -0.000000, -0.000000, 0.000000, 0.997875, 0.065159, -0.000000, -0.065159, 0.997875),

              ["LeftFoot"] = CFrame.new(-0.000000, 0.022715, -0.000002, 0.956414, -0.250763, -0.149645, 0.208377, 0.945061, -0.251886, 0.204575, 0.209708, 0.956117),

              ["LeftHand"] = CFrame.new(0.000500, 0.000652, -0.000000, 0.999800, -0.017667, 0.009391, 0.019278, 0.976243, -0.215822, -0.005355, 0.215958, 0.976388),

              ["LeftLowerArm"] = CFrame.new(-0.000500, 0.002481, 0.000016, 1.000000, -0.000000, -0.000000, 0.000000, 0.999793, -0.020354, 0.000000, 0.020354, 0.999793),

              ["LeftLowerLeg"] = CFrame.new(-0.000000, 0.097218, -0.035171, 1.000000, -0.000000, -0.000000, 0.000000, 0.637848, 0.770167, -0.000000, -0.770162, 0.637842),

              ["LeftUpperArm"] = CFrame.new(0.445620, -0.034308, 0.178135, 0.929290, 0.230469, -0.288626, -0.088964, 0.898100, 0.430700, 0.358477, -0.374567, 0.855098),

              ["LeftUpperLeg"] = CFrame.new(-0.000000, 0.000000, -0.000100, 0.861204, 0.475285, -0.180077, -0.453209, 0.557721, -0.695366, -0.230066, 0.680479, 0.695729),

              ["LowerTorso"] = CFrame.new(0.239794, -0.234126, 0.218007, 0.967126, -0.250592, -0.043246, 0.254296, 0.953039, 0.164470, 0.000000, -0.170060, 0.985434),

              ["RightFoot"] = CFrame.new(0.000000, 0.010032, -0.000103, 0.992549, -0.012039, -0.121253, 0.005906, 0.998690, -0.050827, 0.121699, 0.049729, 0.991319),

              ["RightHand"] = CFrame.new(-0.000502, -0.002768, -0.000000, 0.999939, 0.009954, -0.004877, -0.010698, 0.981826, -0.189482, 0.002903, 0.189521, 0.981872),

              ["RightLowerArm"] = CFrame.new(-0.000000, -0.002764, 0.000015, 1.000000, 0.000000, 0.000000, -0.000000, 1.000000, -0.000001, -0.000000, -0.000000, 1.000000),

              ["RightLowerLeg"] = CFrame.new(0.000000, 0.047704, -0.007508, 1.000000, 0.000000, -0.000000, -0.000000, 0.923709, 0.383085, 0.000000, -0.383095, 0.923713),

              ["RightUpperArm"] = CFrame.new(-0.373649, -0.061788, 0.230861, 0.887683, -0.273978, 0.370074, 0.083120, 0.885858, 0.456451, -0.452890, -0.374423, 0.809134),

              ["RightUpperLeg"] = CFrame.new(-0.000000, 0.000000, -0.000000, 0.956859, 0.289799, 0.020928, -0.239580, 0.827683, -0.507474, -0.164388, 0.480580, 0.861413),

              ["UpperTorso"] = CFrame.new(-0.076863, 0.198933, -0.117869, 0.967126, 0.252849, -0.027090, -0.250592, 0.929499, -0.270620, -0.043246, 0.268513, 0.962305)

          }},

          {Time = 0.250, Data = {

              ["Head"] = CFrame.new(-0.000000, 0.000000, 0.000000, 1.000000, -0.000000, -0.000000, 0.000000, 0.997875, 0.065159, -0.000000, -0.065159, 0.997875),

              ["LeftFoot"] = CFrame.new(-0.000000, 0.022418, -0.000002, 0.964416, -0.229522, -0.131245, 0.196398, 0.954225, -0.225588, 0.177004, 0.191769, 0.965342),

              ["LeftHand"] = CFrame.new(0.000500, 0.000107, 0.000000, 0.999807, -0.017340, 0.009197, 0.018964, 0.974223, -0.224792, -0.005062, 0.224922, 0.974363),

              ["LeftLowerArm"] = CFrame.new(-0.000500, -0.000064, -0.000000, 1.000000, -0.000000, -0.000000, 0.000000, 1.000000, -0.000280, 0.000000, 0.000279, 1.000000),

              ["LeftLowerLeg"] = CFrame.new(-0.000000, 0.096332, -0.034413, 1.000000, -0.000000, -0.000000, 0.000000, 0.645725, 0.763575, -0.000000, -0.763570, 0.645719),

              ["LeftUpperArm"] = CFrame.new(0.445678, -0.034203, 0.178011, 0.929406, 0.226978, -0.291009, -0.088752, 0.902833, 0.420732, 0.358229, -0.365202, 0.859243),

