return {
["ice twerk 6"] = {
        {Time = 0.000, Data = {
            ["Head"] = CFrame.new(3.7252902984619141e-09, 1.1920928955078125e-07, -1.5919795259833336e-07, 0.24358129501342773, 0.138287752866745, 0.95997118949890137, 0.52026200294494629, 0.8166993260383606, -0.24965916574001312, -0.81853258609771729, 0.56024879217147827, 0.1269868016242981),
            ["LeftFoot"] = CFrame.new(-1.3022440725762863e-07, -0.060773730278015137, -2.5761946744751185e-06, 0.95760643482208252, -0.2203826904296875, -0.1855299174785614, 0.23909419775009155, 0.96725887060165405, 0.085113227367401123, 0.16069799661636353, -0.12586408853530884, 0.97894555330276489),
            ["LeftHand"] = CFrame.new(0.00050001218914985657, 0.00010013580322265625, 2.6077032089233398e-07, 0.99550992250442505, 0.084025785326957703, -0.043585367500782013, -0.088780045509338379, 0.98855084180831909, -0.12200548499822617, 0.032834745943546295, 0.12532718479633331, 0.99157196283340454),
            ["LeftLowerArm"] = CFrame.new(-0.00049996376037597656, 0.094701051712036133, 0.067880734801292419, 1, 0, 0, 0, 0.32027870416641235, -0.94732332229614258, 0, 0.94732332229614258, 0.32027870416641235),
            ["LeftLowerLeg"] = CFrame.new(2.1886080503463745e-08, -0.060163617134094238, -0.00069721275940537453, 1, 0, 0, 0, 1, 0, 0, 0, 1),
            ["LeftUpperArm"] = CFrame.new(0.16097241640090942, -0.39457410573959351, -0.12935727834701538, 0.98816955089569092, -0.11950267106294632, -0.096125200390815735, -0.13217636942863464, -0.98148989677429199, -0.13859023153781891, -0.07778400182723999, 0.14965613186359406, -0.98567378520965576),
            ["LeftUpperLeg"] = CFrame.new(0.063791275024414062, 0.17017160356044769, 0.044210817664861679, 0.93800944089889526, 0.33267039060592651, -0.097307585179805756, -0.33199459314346313, 0.78166115283966064, -0.52800148725509644, -0.099588863551616669, 0.52757591009140015, 0.843650221824646),
            ["LowerTorso"] = CFrame.new(-0.022592980414628983, -0.052846431732177734, 0.17821615934371948, 0.98920702934265137, -0.14533935487270355, 0.01860017329454422, 0.12128202617168427, 0.88339823484420776, 0.45265686511993408, -0.082220219075679779, -0.44551545381546021, 0.89149075746536255),
            ["RightFoot"] = CFrame.new(-4.9408299673814327e-10, -0.087706029415130615, -0.00010328006464987993, 0.9629594087600708, 0.20630820095539093, 0.17362639307975769, -0.21249403059482574, 0.97700351476669312, 0.01762002520263195, -0.1659984290599823, -0.053861938416957855, 0.98465394973754883),
            ["RightHand"] = CFrame.new(-0.00049990415573120117, 1.7881393432617188e-07, 5.9604644775390625e-08, 0.96658110618591309, 0.075322136282920837, 0.24504612386226654, -0.0041721388697624207, 0.96035826206207275, -0.27873751521110535, -0.25632718205451965, 0.26840004324913025, 0.92857837677001953),
            ["RightLowerArm"] = CFrame.new(-1.4901161193847656e-07, 0.073175549507141113, 0.031735628843307495, 1, 0, 0, 0, 0.68190479278564453, -0.7314409613609314, 0, 0.7314409613609314, 0.68190479278564453),
            ["RightLowerLeg"] = CFrame.new(2.1420419216156006e-08, -0.087403357028961182, -0.0011550505878403783, 1, 0, 0, 0, 1, 0, 0, 0, 1),
            ["RightUpperArm"] = CFrame.new(0.096818327903747559, -0.069080948829650879, 0.28752779960632324, 0.80638426542282104, -0.061376139521598816, 0.58819848299026489, 0.13819620013237, 0.98661947250366211, -0.086508810520172119, -0.57501846551895142, 0.15104612708091736, 0.80407637357711792),
            ["RightUpperLeg"] = CFrame.new(0.013237357139587402, 0.13197186589241028, 0.010329923592507839, 0.98011350631713867, -0.092893384397029877, -0.17535212635993958, -0.0042788758873939514, 0.87356424331665039, -0.4866899847984314, 0.19839164614677429, 0.47776174545288086, 0.85579466819763184),
            ["UpperTorso"] = CFrame.new(0.05535193532705307, 0.035417854785919189, 0.022805595770478249, 0.9899943470954895, 0.14082394540309906, 0.0089339260011911392, -0.141045942902565, 0.98944336175918579, 0.033285096287727356, -0.0041522746905684471, -0.034212149679660797, 0.99940598011016846)
        }},
        {Time = 0.017, Data = {
            ["Head"] = CFrame.new(-3.7252902984619141e-09, -1.1920928955078125e-07, -1.6414560377597809e-07, 0.24341434240341187, 0.13677246868610382, 0.96023058891296387, 0.52200329303741455, 0.81592798233032227, -0.24854402244091034, -0.81747293472290039, 0.56174266338348389, 0.12721288204193115),
            ["LeftFoot"] = CFrame.new(2.7165793170524921e-08, -0.054911315441131592, -2.670325557119213e-06, 0.96260541677474976, -0.20724251866340637, -0.17447435855865479, 0.22322329878807068, 0.97169142961502075, 0.077376201748847961, 0.15349960327148438, -0.1134294867515564, 0.98161685466766357),
            ["LeftHand"] = CFrame.new(0.00050022173672914505, 9.9778175354003906e-05, 2.6822090148925781e-07, 0.99550741910934448, 0.083878017961978912, -0.043925344944000244, -0.088744334876537323, 0.98829919099807739, -0.12405307590961456, 0.033006057143211365, 0.12739388644695282, 0.99130290746688843),
            ["LeftLowerArm"] = CFrame.new(-0.00050002336502075195, 0.094771802425384521, 0.068089663982391357, 1, 0, 0, 0, 0.31816327571868896, -0.9480360746383667, 0, 0.9480360746383667, 0.31816327571868896),
            ["LeftLowerLeg"] = CFrame.new(-1.7524143913760781e-08, -0.054320633411407471, -0.00061955908313393593, 1, 0, 0, 0, 1, 0, 0, 0, 1),
            ["LeftUpperArm"] = CFrame.new(0.16089272499084473, -0.39465492963790894, -0.12958255410194397, 0.9881022572517395, -0.11963048577308655, -0.096656434237957001, -0.13238683342933655, -0.98145544528961182, -0.13863277435302734, -0.078279279172420502, 0.14977940917015076, -0.98561584949493408),
            ["LeftUpperLeg"] = CFrame.new(0.048281699419021606, 0.16732946038246155, 0.045438636094331741, 0.94599854946136475, 0.31528174877166748, -0.075393147766590118, -0.3081555962562561, 0.802406907081604, -0.51106089353561401, -0.1006321981549263, 0.50669568777084351, 0.85623162984848022),
            ["LowerTorso"] = CFrame.new(-0.039446331560611725, -0.056895017623901367, 0.17542903125286102, 0.99238181114196777, -0.12293500453233719, -0.0080836694687604904, 0.113874651491642, 0.8902432918548584, 0.44102096557617188, -0.047020480036735535, -0.43858170509338379, 0.89746040105819702),
            ["RightFoot"] = CFrame.new(-4.8409219743916765e-08, -0.0855063796043396, -0.00010329094948247075, 0.96052616834640503, 0.21279898285865784, 0.179181769490242, -0.22090837359428406, 0.97493839263916016, 0.026355216279625893, -0.16908283531665802, -0.064897634088993073, 0.98346292972564697),
            ["RightHand"] = CFrame.new(-0.00049990415573120117, 5.9604644775390625e-08, 5.9604644775390625e-08, 0.9663470983505249, 0.076275378465652466, 0.24567326903343201, -0.0049089230597019196, 0.96032297611236572, -0.27884712815284729, -0.25719484686851501, 0.26825711131095886, 0.92837971448898315),
            ["RightLowerArm"] = CFrame.new(0, 0.073257863521575928, 0.031824469566345215, 1, 0, 0, 0, 0.68100917339324951, -0.73227494955062866, 0, 0.73227494955062866, 0.68100917339324951),
            ["RightLowerLeg"] = CFrame.new(-8.0559402704238892e-08, -0.085210919380187988, -0.0011259188177064061, 1, 0, 0, 0, 1, 0, 0, 0, 1),
            ["RightUpperArm"] = CFrame.new(0.096818089485168457, -0.06908118724822998, 0.28752762079238892, 0.80638426542282104, -0.061376139521598816, 0.58819848299026489, 0.13819620013237, 0.98661947250366211, -0.086508810520172119, -0.57501846551895142, 0.15104612708091736, 0.80407637357711792),
            ["RightUpperLeg"] = CFrame.new(0.011878609657287598, 0.13054990768432617, 0.010599158704280853, 0.98381698131561279, -0.10754410922527313, -0.14331220090389252, 0.023715388029813766, 0.87095975875854492, -0.49078166484832764, 0.17759983241558075, 0.47944062948226929, 0.85941547155380249),
            ["UpperTorso"] = CFrame.new(0.061387501657009125, 0.037282884120941162, 0.021436970680952072, 0.9925391674041748, 0.1165928915143013, 0.035665698349475861, -0.11805219203233719, 0.99211949110031128, 0.041982751339673996, -0.030489742755889893, -0.045879941433668137, 0.99848157167434692)
        }},
        {Time = 0.033, Data = {
            ["Head"] = CFrame.new(9.3132257461547852e-10, -4.76837158203125e-07, 4.5751221477985382e-08, 0.24289381504058838, 0.13262982666492462, 0.96094322204589844, 0.5269736647605896, 0.81365090608596802, -0.24550148844718933, -0.81443309783935547, 0.56602251529693604, 0.127738356590271),
            ["LeftFoot"] = CFrame.new(-8.3771965364576317e-08, -0.041197538375854492, -2.6412653824081644e-06, 0.97477006912231445, -0.1707548201084137, -0.14375706017017365, 0.1800408661365509, 0.98216581344604492, 0.054180998355150223, 0.13194160163402557, -0.078696161508560181, 0.98812872171401978),
            ["LeftHand"] = CFrame.new(0.00050005409866571426, 9.9539756774902344e-05, -1.3411045074462891e-07, 0.99550294876098633, 0.083442598581314087, -0.044846892356872559, -0.088629946112632751, 0.98755264282226562, -0.12994027137756348, 0.033446110785007477, 0.13333070278167725, 0.99050706624984741),
            ["LeftLowerArm"] = CFrame.new(-0.00049984455108642578, 0.094972074031829834, 0.068690165877342224, 1, 0, 0, 0, 0.31210178136825562, -0.95004868507385254, 0, 0.95004868507385254, 0.31210178136825562),
            ["LeftLowerLeg"] = CFrame.new(1.8393620848655701e-08, -0.04065406322479248, -0.00043837353587150574, 1, 0, 0, 0, 1, 0, 0, 0, 1),
            ["LeftUpperArm"] = CFrame.new(0.16066056489944458, -0.394889235496521, -0.13023462891578674, 0.98791402578353882, -0.12003509700298309, -0.098068401217460632, -0.13299946486949921, -0.98137748241424561, -0.13860069215297699, -0.079605132341384888, 0.14996860921382904, -0.9854811429977417),
            ["LeftUpperLeg"] = CFrame.new(0.0077211856842041016, 0.15937791764736176, 0.048528436571359634, 0.96425086259841919, 0.2642313539981842, -0.02005317434668541, -0.24325558543205261, 0.85260570049285889, -0.46248281002044678, -0.10510498285293579, 0.45082747936248779, 0.8864014744758606),
            ["LowerTorso"] = CFrame.new(-0.08327290415763855, -0.067173004150390625, 0.16660946607589722, 0.99458825588226318, -0.065914362668991089, -0.080308869481086731, 0.093298017978668213, 0.9067423939704895, 0.41123437881469727, 0.04571320116519928, -0.41650152206420898, 0.90798503160476685),
            ["RightFoot"] = CFrame.new(1.1290921975160018e-08, -0.080424845218658447, -0.00010330525401514024, 0.95314395427703857, 0.23138877749443054, 0.19487397372722626, -0.24497762322425842, 0.96831750869750977, 0.048447307199239731, -0.17748971283435822, -0.093917012214660645, 0.97963106632232666),
            ["RightHand"] = CFrame.new(-0.00049999356269836426, -5.9604644775390625e-08, 5.9604644775390625e-08, 0.96571522951126099, 0.078834220767021179, 0.24734435975551605, -0.0069127343595027924, 0.96024793386459351, -0.27906304597854614, -0.25951161980628967, 0.26778560876846313, 0.9278709888458252),
            ["RightLowerArm"] = CFrame.new(-1.7881393432617188e-07, 0.07349473237991333, 0.032079786062240601, 1, 0, 0, 0, 0.67845296859741211, -0.73464387655258179, 0, 0.73464387655258179, 0.67845296859741211),
            ["RightLowerLeg"] = CFrame.new(9.4994902610778809e-08, -0.080146968364715576, -0.0010588077129796147, 1, 0, 0, 0, 1, 0, 0, 0, 1),
            ["RightUpperArm"] = CFrame.new(0.096818208694458008, -0.069081425666809082, 0.28752794861793518, 0.80638426542282104, -0.061376139521598816, 0.58819848299026489, 0.13819620013237, 0.98661947250366211, -0.086508810520172119, -0.57501846551895142, 0.15104612708091736, 0.80407637357711792),
            ["RightUpperLeg"] = CFrame.new(0.0080934762954711914, 0.12645675241947174, 0.011357748880982399, 0.98782366514205933, -0.14438751339912415, -0.057936698198318481, 0.096669331192970276, 0.8614269495010376, -0.4985966682434082, 0.12189936637878418, 0.48692488670349121, 0.86489576101303101),
            ["UpperTorso"] = CFrame.new(0.076888248324394226, 0.043596923351287842, 0.016129285097122192, 0.99302083253860474, 0.052245184779167175, 0.10573579370975494, -0.059536166489124298, 0.99597418308258057, 0.067014232277870178, -0.10180895030498505, -0.072841629385948181, 0.99213355779647827)
        }},
        {Time = 0.050, Data = {
            ["Head"] = CFrame.new(3.8417056202888489e-09, -2.384185791015625e-07, 1.5285331755876541e-07, 0.24205303192138672, 0.12629330158233643, 0.96200847625732422, 0.53447222709655762, 0.81014645099639893, -0.24083644151687622, -0.80978381633758545, 0.57246202230453491, 0.12859815359115601),
            ["LeftFoot"] = CFrame.new(6.8076360548730008e-08, -0.026748001575469971, -2.6940506359096617e-06, 0.98856782913208008, -0.11532605439424515, -0.097126543521881104, 0.11723699420690536, 0.99300265312194824, 0.014183927327394485, 0.094811141490936279, -0.02540859580039978, 0.9951709508895874),
            ["LeftHand"] = CFrame.new(0.0004999842494726181, 9.9956989288330078e-05, 1.0430812835693359e-07, 0.9954988956451416, 0.082724541425704956, -0.046245429664850235, -0.088431492447853088, 0.98629063367843628, -0.13932198286056519, 0.034086089581251144, 0.14278441667556763, 0.98916667699813843),
            ["LeftLowerArm"] = CFrame.new(-0.00049996376037597656, 0.095281898975372314, 0.069646403193473816, 1, 0, 0, 0, 0.30255120992660522, -0.95313310623168945, 0, 0.95313310623168945, 0.30255120992660522),
            ["LeftLowerLeg"] = CFrame.new(-6.7753717303276062e-08, -0.026254475116729736, -0.00024749524891376495, 1, 0, 0, 0, 1, 0, 0, 0, 1),
            ["LeftUpperArm"] = CFrame.new(0.16028523445129395, -0.39526188373565674, -0.1312764585018158, 0.98760396242141724, -0.12061980366706848, -0.10044556111097336, -0.13393819332122803, -0.98125314712524414, -0.1385762095451355, -0.08184746652841568, 0.1503119170665741, -0.98524510860443115),
            ["LeftUpperLeg"] = CFrame.new(-0.048936307430267334, 0.14717788994312286, 0.052590157836675644, 0.98227608203887939, 0.18052423000335693, 0.0504445880651474, -0.14753952622413635, 0.91064560413360596, -0.38594895601272583, -0.11561028659343719, 0.37166589498519897, 0.92113989591598511),
            ["LowerTorso"] = CFrame.new(-0.14315961301326752, -0.080602884292602539, 0.15100744366645813, 0.98243463039398193, 0.0082412026822566986, -0.1864248663187027, 0.062887459993362427, 0.92596238851547241, 0.37234234809875488, 0.17569096386432648, -0.37752580642700195, 0.90917927026748657),
            ["RightFoot"] = CFrame.new(-1.2675627658609301e-08, -0.075524032115936279, -0.00010321185982320458, 0.94013732671737671, 0.26069709658622742, 0.21949689090251923, -0.28312674164772034, 0.95596462488174438, 0.077271334826946259, -0.1896868497133255, -0.13479110598564148, 0.97254830598831177),
            ["RightHand"] = CFrame.new(-0.00050008296966552734, 3.5762786865234375e-07, -1.1920928955078125e-07, 0.96469801664352417, 0.082826480269432068, 0.24999496340751648, -0.010013844817876816, 0.96010702848434448, -0.27945342659950256, -0.26316806674003601, 0.2670847475528717, 0.92704278230667114),
            ["RightLowerArm"] = CFrame.new(1.1920928955078125e-07, 0.073870003223419189, 0.032487213611602783, 1, 0, 0, 0, 0.67435574531555176, -0.73840665817260742, 0, 0.73840665817260742, 0.67435574531555176),
            ["RightLowerLeg"] = CFrame.new(9.9651515483856201e-08, -0.075261831283569336, -0.00099392805714160204, 1, 0, 0, 0, 1, 0, 0, 0, 1),
            ["RightUpperArm"] = CFrame.new(0.096817970275878906, -0.069081306457519531, 0.28752779960632324, 0.80638426542282104, -0.061376139521598816, 0.58819848299026489, 0.13819620013237, 0.98661947250366211, -0.086508810520172119, -0.57501846551895142, 0.15104612708091736, 0.80407637357711792),
            ["RightUpperLeg"] = CFrame.new(0.0023182034492492676, 0.11994734406471252, 0.01253150962293148, 0.97960209846496582, -0.19048012793064117, 0.064008213579654694, 0.19654999673366547, 0.84198689460754395, -0.50242030620574951, 0.041807003319263458, 0.5047527551651001, 0.86225098371505737),
            ["UpperTorso"] = CFrame.new(0.097100019454956055, 0.055505573749542236, 0.0042879297398030758, 0.97829383611679077, -0.038475535809993744, 0.20361927151679993, 0.016908537596464157, 0.99415642023086548, 0.1066165417432785, -0.20653152465820312, -0.10085940361022949, 0.97322767972946167)
        }},
        {Time = 0.067, Data = {
            ["Head"] = CFrame.new(1.862645149230957e-09, 2.384185791015625e-07, 1.1839438229799271e-07, 0.2406347393989563, 0.11819495260715485, 0.96339249610900879, 0.54410195350646973, 0.80551517009735107, -0.23473066091537476, -0.8037712574005127, 0.58066803216934204, 0.129524827003479),
            ["LeftFoot"] = CFrame.new(1.343607891612919e-07, -0.017551064491271973, -2.6549923859420232e-06, 0.99807649850845337, -0.047408442944288254, -0.039947029203176498, 0.04575546458363533, 0.99809753894805908, -0.041324667632579803, 0.041830170899629593, 0.039417386054992676, 0.99834686517715454),
            ["LeftHand"] = CFrame.new(0.00050003081560134888, 0.00010019540786743164, 3.0547380447387695e-07, 0.99548661708831787, 0.081807814538478851, -0.048103254288434982, -0.088235758244991302, 0.98447138071060181, -0.15175808966159821, 0.034941282123327255, 0.15531755983829498, 0.98724645376205444),
            ["LeftLowerArm"] = CFrame.new(-0.00050008296966552734, 0.095679163932800293, 0.070921719074249268, 1, 0, 0, 0, 0.28985196352005005, -0.95707142353057861, 0, 0.95707142353057861, 0.28985196352005005),
            ["LeftLowerLeg"] = CFrame.new(-3.8649886846542358e-08, -0.017088770866394043, -0.00012591853737831116, 1, 0, 0, 0, 1, 0, 0, 0, 1),
            ["LeftUpperArm"] = CFrame.new(0.15977537631988525, -0.39576053619384766, -0.13267189264297485, 0.98718929290771484, -0.1214032769203186, -0.10353062301874161, -0.1351851224899292, -0.98108208179473877, -0.13857465982437134, -0.084748618304729462, 0.15079522132873535, -0.98492562770843506),
            ["LeftUpperLeg"] = CFrame.new(-0.11273795366287231, 0.13159124553203583, 0.056734010577201843, 0.99037933349609375, 0.072498366236686707, 0.11786772310733795, -0.035353623330593109, 0.95606857538223267, -0.29100346565246582, -0.13378690183162689, 0.28403675556182861, 0.94943362474441528),
            ["LowerTorso"] = CFrame.new(-0.2080385684967041, -0.094768404960632324, 0.12936374545097351, 0.94691973924636841, 0.081516027450561523, -0.31096318364143372, 0.027977850288152695, 0.94274866580963135, 0.33232840895652771, 0.3202502429485321, -0.32338842749595642, 0.89042669534683228),
            ["RightFoot"] = CFrame.new(2.5684130378067493e-08, -0.073540627956390381, -0.00010315486724721268, 0.92116409540176392, 0.29773497581481934, 0.25062036514282227, -0.33165544271469116, 0.93751037120819092, 0.10525663942098618, -0.20362061262130737, -0.18007823824882507, 0.96234631538391113),
            ["RightHand"] = CFrame.new(-0.00049996376037597656, 4.76837158203125e-07, 2.9802322387695312e-07, 0.96326941251754761, 0.088238529860973358, 0.25362566113471985, -0.014221809804439545, 0.95991021394729614, -0.27994656562805176, -0.26815995573997498, 0.26605695486068726, 0.92590707540512085),
            ["RightLowerArm"] = CFrame.new(0, 0.074365675449371338, 0.033032536506652832, 1, 0, 0, 0, 0.66889917850494385, -0.74335324764251709, 0, 0.74335324764251709, 0.66889917850494385),
            ["RightLowerLeg"] = CFrame.new(-1.5087425708770752e-07, -0.073285400867462158, -0.00096771324751898646, 1, 0, 0, 0, 1, 0, 0, 0, 1),
            ["RightUpperArm"] = CFrame.new(0.096818327903747559, -0.06908106803894043, 0.28752785921096802, 0.80638426542282104, -0.061376139521598816, 0.58819848299026489, 0.13819620013237, 0.98661947250366211, -0.086508810520172119, -0.57501846551895142, 0.15104612708091736, 0.80407637357711792),
            ["RightUpperLeg"] = CFrame.new(-0.0050109326839447021, 0.1112789511680603, 0.014046816155314445, 0.95132005214691162, -0.23131193220615387, 0.20367848873138428, 0.30401867628097534, 0.81283009052276611, -0.49687007069587708, -0.05062403529882431, 0.53460454940795898, 0.84358471632003784),
            ["UpperTorso"] = CFrame.new(0.11644759774208069, 0.072650402784347534, -0.015497979708015919, 0.93964147567749023, -0.13895691931247711, 0.31267374753952026, 0.093210205435752869, 0.98321533203125, 0.15684211254119873, -0.32921993732452393, -0.11823096871376038, 0.93682211637496948)
        }},
        {Time = 0.083, Data = {
            ["Head"] = CFrame.new(-3.7252902984619141e-09, -1.1920928955078125e-07, -1.6123522073030472e-07, 0.23877108097076416, 0.10890936851501465, 0.96494936943054199, 0.55528414249420166, 0.79988795518875122, -0.22768153250217438, -0.79664802551269531, 0.59018480777740479, 0.13051444292068481),
            ["LeftFoot"] = CFrame.new(4.5928572944831103e-08, -0.015320777893066406, -2.607786882435903e-06, 0.99953752756118774, 0.023248549550771713, 0.019602153450250626, -0.021054070442914963, 0.99419033527374268, -0.10555722564458847, -0.021942324936389923, 0.10509570688009262, 0.99422001838684082),
            ["LeftHand"] = CFrame.new(0.00050004571676254272, 0.00010001659393310547, -7.4505805969238281e-09, 0.9954645037651062, 0.080688156187534332, -0.05039641261100769, -0.088045679032802582, 0.98205047845840454, -0.16680760681629181, 0.036032423377037048, 0.17048825323581696, 0.98470067977905273),
            ["LeftLowerArm"] = CFrame.new(-0.00049981474876403809, 0.096138358116149902, 0.07248060405254364, 1, 0, 0, 0, 0.27423292398452759, -0.96166324615478516, 0, 0.96166324615478516, 0.27423292398452759),
            ["LeftLowerLeg"] = CFrame.new(-1.0617077350616455e-07, -0.01486659049987793, -9.647756814956665e-05, 1, 0, 0, 0, 1, 0, 0, 0, 1),
            ["LeftUpperArm"] = CFrame.new(0.15913927555084229, -0.39637136459350586, -0.13438399136066437, 0.98666292428970337, -0.12238448858261108, -0.10732313990592957, -0.13674053549766541, -0.98086380958557129, -0.13859355449676514, -0.088307678699493408, 0.15142056345939636, -0.98451697826385498),
            ["LeftUpperLeg"] = CFrame.new(-0.17473042011260986, 0.11347879469394684, 0.060069546103477478, 0.98449462652206421, -0.041727513074874878, 0.17037954926490784, 0.074799343943595886, 0.97842562198638916, -0.19258345663547516, -0.15866768360137939, 0.20234166085720062, 0.96637594699859619),
            ["LowerTorso"] = CFrame.new(-0.26820731163024902, -0.10856473445892334, 0.10448144376277924, 0.88944125175476074, 0.139719158411026, -0.43516978621482849, -0.0051352456212043762, 0.95512336492538452, 0.29616379737854004, 0.45702061057090759, -0.26118558645248413, 0.85024362802505493),
            ["RightFoot"] = CFrame.new(-2.5162989913951606e-08, -0.075425922870635986, -0.00010308989294571802, 0.89733803272247314, 0.33761602640151978, 0.28425318002700806, -0.38419204950332642, 0.91453033685684204, 0.12661264836788177, -0.21721170842647552, -0.22282214462757111, 0.9503522515296936),
            ["RightHand"] = CFrame.new(-0.00049999356269836426, 0, 0, 0.96150290966033936, 0.094777137041091919, 0.25793305039405823, -0.019317787140607834, 0.95962947607040405, -0.28060314059257507, -0.2741149365901947, 0.26481804251670837, 0.92451739311218262),
            ["RightLowerArm"] = CFrame.new(-2.9802322387695312e-08, 0.074964046478271484, 0.033701986074447632, 1, 0, 0, 0, 0.66226321458816528, -0.74927139282226562, 0, 0.74927139282226562, 0.66226321458816528),
            ["RightLowerLeg"] = CFrame.new(-3.7252902984619141e-08, -0.075164079666137695, -0.00099267635960131884, 1, 0, 0, 0, 1, 0, 0, 0, 1),
            ["RightUpperArm"] = CFrame.new(0.096818089485168457, -0.069081544876098633, 0.2875276505947113, 0.80638426542282104, -0.061376139521598816, 0.58819848299026489, 0.13819620013237, 0.98661947250366211, -0.086508810520172119, -0.57501846551895142, 0.15104612708091736, 0.80407637357711792),
            ["RightUpperLeg"] = CFrame.new(-0.013457328081130981, 0.10070736706256866, 0.015829158946871758, 0.90479880571365356, -0.25640422105789185, 0.33999410271644592, 0.40150153636932373, 0.77970618009567261, -0.48047348856925964, -0.14190006256103516, 0.57124000787734985, 0.80842393636703491),
            ["UpperTorso"] = CFrame.new(0.13017100095748901, 0.09260404109954834, -0.041517511010169983, 0.87893098592758179, -0.23197183012962341, 0.41673660278320312, 0.15472120046615601, 0.96517741680145264, 0.21093587577342987, -0.4511559009552002, -0.12092007696628571, 0.88421529531478882)
        }},
        {Time = 0.100, Data = {
            ["Head"] = CFrame.new(-7.4505805969238281e-09, 0, 1.41095370054245e-07, 0.23641717433929443, 0.099019050598144531, 0.96659308671951294, 0.56742513179779053, 0.79347217082977295, -0.22006975114345551, -0.78875583410263062, 0.60049742460250854, 0.13140451908111572),
            ["LeftFoot"] = CFrame.new(7.9997334978543222e-08, -0.016623020172119141, -2.644839696586132e-06, 0.99375456571578979, 0.085346698760986328, 0.07188752293586731, -0.072352573275566101, 0.98326832056045532, -0.16717800498008728, -0.084952816367149353, 0.16093266010284424, 0.98330247402191162),
            ["LeftHand"] = CFrame.new(0.00050001591444015503, 0.00010013580322265625, -2.7567148208618164e-07, 0.99544191360473633, 0.079280190169811249, -0.053010042756795883, -0.087773717939853668, 0.9789770245552063, -0.18411877751350403, 0.037298645824193954, 0.18793243169784546, 0.98147350549697876),
            ["LeftLowerArm"] = CFrame.new(-0.00049990415573120117, 0.096638083457946777, 0.074287652969360352, 1, 0, 0, 0, 0.25612920522689819, -0.96664267778396606, 0, 0.96664267778396606, 0.25612920522689819),
            ["LeftLowerLeg"] = CFrame.new(1.1175870895385742e-07, -0.01616358757019043, -0.00011353194713592529, 1, 0, 0, 0, 1, 0, 0, 0, 1),
            ["LeftUpperArm"] = CFrame.new(0.15838432312011719, -0.39708054065704346, -0.13637553155422211, 0.98602765798568726, -0.12348155677318573, -0.11181116849184036, -0.13851533830165863, -0.98062121868133545, -0.13854919373989105, -0.092536114156246185, 0.15210090577602386, -0.98402369022369385),
            ["LeftUpperLeg"] = CFrame.new(-0.22596019506454468, 0.093702308833599091, 0.061706617474555969, 0.96846705675125122, -0.14130643010139465, 0.20519280433654785, 0.16522341966629028, 0.98070937395095825, -0.10445243865251541, -0.18647471070289612, 0.13506139814853668, 0.97313183546066284),
            ["LowerTorso"] = CFrame.new(-0.31655317544937134, -0.12200570106506348, 0.080233573913574219, 0.82307100296020508, 0.17474496364593506, -0.54038721323013306, -0.03121938556432724, 0.96397113800048828, 0.26416856050491333, 0.56707984209060669, -0.20055893063545227, 0.79887211322784424),
            ["RightFoot"] = CFrame.new(4.692446964327246e-08, -0.079210937023162842, -0.00010300726717105135, 0.87171071767807007, 0.37483152747154236, 0.31562912464141846, -0.4330919086933136, 0.89066088199615479, 0.13840009272098541, -0.22924178838729858, -0.25734126567840576, 0.93873512744903564),
            ["RightHand"] = CFrame.new(-0.00049984455108642578, 0, 2.384185791015625e-07, 0.95940124988555908, 0.10224644839763641, 0.26285898685455322, -0.025154322385787964, 0.95928144454956055, -0.28132966160774231, -0.28092068433761597, 0.263295978307724, 0.92290776968002319),
            ["RightLowerArm"] = CFrame.new(-8.9406967163085938e-08, 0.075646519660949707, 0.034481287002563477, 1, 0, 0, 0, 0.65441417694091797, -0.75613623857498169, 0, 0.75613623857498169, 0.65441417694091797),
            ["RightLowerLeg"] = CFrame.new(-1.1175870895385742e-08, -0.078935980796813965, -0.0010427330853417516, 1, 0, 0, 0, 1, 0, 0, 0, 1),
            ["RightUpperArm"] = CFrame.new(0.096818208694458008, -0.069080948829650879, 0.28752812743186951, 0.80638426542282104, -0.061376139521598816, 0.58819848299026489, 0.13819620013237, 0.98661947250366211, -0.086508810520172119, -0.57501846551895142, 0.15104612708091736, 0.80407637357711792),
            ["RightUpperLeg"] = CFrame.new(-0.022585034370422363, 0.088489480316638947, 0.017805138602852821, 0.85106611251831055, -0.26486122608184814, 0.45335972309112549, 0.47675734758377075, 0.75156271457672119, -0.45591220259666443, -0.2199748158454895, 0.60415399074554443, 0.76590406894683838),
            ["UpperTorso"] = CFrame.new(0.13642199337482452, 0.11188048124313354, -0.068740516901016235, 0.80966460704803467, -0.30433303117752075, 0.50182127952575684, 0.19348493218421936, 0.94566035270690918, 0.26132369041442871, -0.55408191680908203, -0.11448968946933746, 0.82455158233642578)
        }},
        {Time = 0.117, Data = {
            ["Head"] = CFrame.new(-1.862645149230957e-09, -1.1920928955078125e-07, 6.28642737865448e-09, 0.23348343372344971, 0.088806882500648499, 0.96829688549041748, 0.58002769947052002, 0.78652733564376831, -0.21199685335159302, -0.7804187536239624, 0.61113673448562622, 0.13213068246841431),
            ["LeftFoot"] = CFrame.new(-6.0936145018786192e-08, -0.015709400177001953, -2.5197368813678622e-06, 0.98539942502975464, 0.13022631406784058, 0.10967692732810974, -0.10428421944379807, 0.97085165977478027, -0.21580506861209869, -0.13458351790904999, 0.20121662318706512, 0.97025728225708008),
            ["LeftHand"] = CFrame.new(0.00049979239702224731, 9.9778175354003906e-05, -4.5448541641235352e-07, 0.99541372060775757, 0.077677510678768158, -0.055836647748947144, -0.087498508393764496, 0.97522741556167603, -0.20316381752490997, 0.038672171533107758, 0.20711766183376312, 0.97755140066146851),
            ["LeftLowerArm"] = CFrame.new(-0.00049984455108642578, 0.097152352333068848, 0.076305210590362549, 1, 0, 0, 0, 0.23598968982696533, -0.9717557430267334, 0, 0.9717557430267334, 0.23598968982696533),
            ["LeftLowerLeg"] = CFrame.new(5.2154064178466797e-08, -0.01525270938873291, -0.00010135769844055176, 1, 0, 0, 0, 1, 0, 0, 0, 1),
            ["LeftUpperArm"] = CFrame.new(0.15751868486404419, -0.39787560701370239, -0.1386105865240097, 0.98528993129730225, -0.12479372322559357, -0.11674865335226059, -0.14058084785938263, -0.98032879829406738, -0.13853707909584045, -0.097163505852222443, 0.15291181206703186, -0.9834517240524292),
            ["LeftUpperLeg"] = CFrame.new(-0.25936436653137207, 0.07305629551410675, 0.060969144105911255, 0.95061111450195312, -0.21297943592071533, 0.22578355669975281, 0.22570079565048218, 0.97367745637893677, -0.031802266836166382, -0.21306711435317993, 0.081191122531890869, 0.97365826368331909),
            ["LowerTorso"] = CFrame.new(-0.34974586963653564, -0.13552296161651611, 0.059551294893026352, 0.76633453369140625, 0.18633560836315155, -0.6148255467414856, -0.0488118976354599, 0.97113513946533203, 0.2334822416305542, 0.64058476686477661, -0.14891472458839417, 0.75330984592437744),
            ["RightFoot"] = CFrame.new(5.9333615354262292e-08, -0.081086695194244385, -0.00010283968731528148, 0.84815162420272827, 0.40524208545684814, 0.34120050072669983, -0.4724724292755127, 0.86995768547058105, 0.14122138917446136, -0.23960116505622864, -0.28098493814468384, 0.92932164669036865),
            ["RightHand"] = CFrame.new(-0.00049996376037597656, 1.1920928955078125e-07, 1.1920928955078125e-07, 0.95693886280059814, 0.11056922376155853, 0.26840725541114807, -0.031631812453269958, 0.95883077383041382, -0.28221097588539124, -0.28856095671653748, 0.26156845688819885, 0.92103993892669678),
            ["RightLowerArm"] = CFrame.new(2.384185791015625e-07, 0.076397061347961426, 0.035356581211090088, 1, 0, 0, 0, 0.64567601680755615, -0.76361149549484253, 0, 0.76361149549484253, 0.64567601680755615),
            ["RightLowerLeg"] = CFrame.new(-2.6077032089233398e-07, -0.080805003643035889, -0.0010675435187295079, 1, 0, 0, 0, 1, 0, 0, 0, 1),
            ["RightUpperArm"] = CFrame.new(0.096818089485168457, -0.069081306457519531, 0.28752774000167847, 0.80638426542282104, -0.061376139521598816, 0.58819848299026489, 0.13819620013237, 0.98661947250366211, -0.086508810520172119, -0.57501846551895142, 0.15104612708091736, 0.80407637357711792),
            ["RightUpperLeg"] = CFrame.new(-0.031957536935806274, 0.074881725013256073, 0.019900677725672722, 0.80395126342773438, -0.26579973101615906, 0.53198951482772827, 0.52584278583526611, 0.73554283380508423, -0.42716047167778015, -0.27776193618774414, 0.62315905094146729, 0.73110949993133545),
            ["UpperTorso"] = CFrame.new(0.13700924813747406, 0.12780523300170898, -0.091256573796272278, 0.75071161985397339, -0.35107171535491943, 0.55962550640106201, 0.20897579193115234, 0.9298064112663269, 0.30296725034713745, -0.62670660018920898, -0.11049285531044006, 0.77138197422027588)
        }},
        {Time = 0.133, Data = {
            ["Head"] = CFrame.new(8.3819031715393066e-09, 0, -1.7404090613126755e-07, 0.23010700941085815, 0.078863769769668579, 0.96996474266052246, 0.59254968166351318, 0.77929210662841797, -0.20393308997154236, -0.77196884155273438, 0.62167870998382568, 0.13258987665176392),
            ["LeftFoot"] = CFrame.new(-5.4238626034930348e-08, -0.0098490715026855469, -2.5268964236602187e-06, 0.97853773832321167, 0.15761473774909973, 0.13274577260017395, -0.12088311463594437, 0.96075904369354248, -0.24965840578079224, -0.16688653826713562, 0.22825345396995544, 0.95919197797775269),
            ["LeftHand"] = CFrame.new(0.00050010904669761658, 0.00010025501251220703, -7.4505805969238281e-09, 0.99537152051925659, 0.075960837304592133, -0.058868177235126495, -0.087309680879116058, 0.97074753046035767, -0.22366537153720856, 0.040156334638595581, 0.22776989638805389, 0.97288662195205688),
            ["LeftLowerArm"] = CFrame.new(-0.00049996376037597656, 0.097661018371582031, 0.078496381640434265, 1, 0, 0, 0, 0.21406686305999756, -0.97681897878646851, 0, 0.97681897878646851, 0.21406686305999756),
            ["LeftLowerLeg"] = CFrame.new(1.3411045074462891e-07, -0.009413301944732666, -2.4124979972839355e-05, 1, 0, 0, 0, 1, 0, 0, 0, 1),
            ["LeftUpperArm"] = CFrame.new(0.15655040740966797, -0.39874213933944702, -0.14105217158794403, 0.98445582389831543, -0.12614749372005463, -0.12220305949449539, -0.14276830852031708, -0.98002183437347412, -0.13847292959690094, -0.10229363292455673, 0.15376721322536469, -0.98279798030853271),
            ["LeftUpperLeg"] = CFrame.new(-0.2754366397857666, 0.052067462354898453, 0.058035224676132202, 0.93621289730072021, -0.25885319709777832, 0.23769813776016235, 0.25941550731658936, 0.96531581878662109, 0.029478233307600021, -0.23708429932594299, 0.034064684063196182, 0.97089165449142456),
            ["LowerTorso"] = CFrame.new(-0.36997565627098083, -0.14931631088256836, 0.042576760053634644, 0.72806394100189209, 0.18087528645992279, -0.66121631860733032, -0.060318250209093094, 0.97772431373596191, 0.20103955268859863, 0.68285030126571655, -0.1064862385392189, 0.72275590896606445),
            ["RightFoot"] = CFrame.new(-1.4055694919079542e-07, -0.078763902187347412, -0.00010271872451994568, 0.82818472385406494, 0.42872652411460876, 0.3609759509563446, -0.50211185216903687, 0.85371339321136475, 0.13804742693901062, -0.24898542463779449, -0.29557907581329346, 0.92230105400085449),
            ["RightHand"] = CFrame.new(-0.00049984455108642578, 1.1920928955078125e-07, 1.1920928955078125e-07, 0.95417147874832153, 0.11953785270452499, 0.27434924244880676, -0.038615100085735321, 0.95827364921569824, -0.28323227167129517, -0.29675862193107605, 0.25965815782546997, 0.91897332668304443),
            ["RightLowerArm"] = CFrame.new(1.1920928955078125e-07, 0.077196836471557617, 0.036313027143478394, 1, 0, 0, 0, 0.63609260320663452, -0.77161282300949097, 0, 0.77161282300949097, 0.63609260320663452),
            ["RightLowerLeg"] = CFrame.new(1.1175870895385742e-08, -0.078489482402801514, -0.001036970061250031, 1, 0, 0, 0, 1, 0, 0, 0, 1),
            ["RightUpperArm"] = CFrame.new(0.096818089485168457, -0.069080948829650879, 0.28752768039703369, 0.80638426542282104, -0.061376139521598816, 0.58819848299026489, 0.13819620013237, 0.98661947250366211, -0.086508810520172119, -0.57501846551895142, 0.15104612708091736, 0.80407637357711792),
            ["RightUpperLeg"] = CFrame.new(-0.041138499975204468, 0.060140196233987808, 0.022041663527488708, 0.76938414573669434, -0.26868152618408203, 0.57953286170959473, 0.55421501398086548, 0.73189538717269897, -0.39645287394523621, -0.3176378607749939, 0.62621033191680908, 0.71201598644256592),
            ["UpperTorso"] = CFrame.new(0.13530795276165009, 0.14016425609588623, -0.10718844830989838, 0.71104663610458374, -0.37776580452919006, 0.59304773807525635, 0.20730575919151306, 0.9185594916343689, 0.33656024932861328, -0.67189061641693115, -0.11636780202388763, 0.73145169019699097)
        }},
        {Time = 0.150, Data = {
            ["Head"] = CFrame.new(-1.862645149230957e-09, 4.76837158203125e-07, -4.7497451305389404e-08, 0.22623896598815918, 0.069782465696334839, 0.9715690016746521, 0.6045461893081665, 0.77202326059341431, -0.19622446596622467, -0.7637668251991272, 0.63175195455551147, 0.13247501850128174),
            ["LeftFoot"] = CFrame.new(1.1991505743935704e-07, 0.00023496150970458984, -2.4575638235546649e-06, 0.9751085638999939, 0.16961891949176788, 0.14280286431312561, -0.12552584707736969, 0.95319795608520508, -0.27505806088447571, -0.18277445435523987, 0.25028601288795471, 0.9507630467414856),
            ["LeftHand"] = CFrame.new(0.00049998611211776733, 9.9658966064453125e-05, 4.5448541641235352e-07, 0.99533271789550781, 0.073976688086986542, -0.061969943344593048, -0.087022267282009125, 0.96560466289520264, -0.24501991271972656, 0.041712701320648193, 0.24926909804344177, 0.96753549575805664),
            ["LeftLowerArm"] = CFrame.new(-0.00049996376037597656, 0.098143696784973145, 0.080821141600608826, 1, 0, 0, 0, 0.190845787525177, -0.98162001371383667, 0, 0.98162001371383667, 0.190845787525177),
            ["LeftLowerLeg"] = CFrame.new(1.0430812835693359e-07, 0.0017678141593933105, 0.00010000169277191162, 1, -0, 0, 0, 0.9999350905418396, 0.011394321918487549, -0, -0.011394321918487549, 0.9999350905418396),
            ["LeftUpperArm"] = CFrame.new(0.15548825263977051, -0.39966654777526855, -0.14366286993026733, 0.98351484537124634, -0.12762852013111115, -0.12809959053993225, -0.14516158401966095, -0.9796750545501709, -0.13844034075737, -0.10782699286937714, 0.15475326776504517, -0.98205173015594482),
            ["LeftUpperLeg"] = CFrame.new(-0.2765621542930603, 0.031195808202028275, 0.053296864032745361, 0.92709487676620483, -0.28253751993179321, 0.24630793929100037, 0.27166414260864258, 0.95924204587936401, 0.077802687883377075, -0.25825110077857971, -0.0052174404263496399, 0.9660637378692627),
            ["LowerTorso"] = CFrame.new(-0.3799583911895752, -0.1632230281829834, 0.028372572734951973, 0.71070438623428345, 0.16432651877403259, -0.68402934074401855, -0.068232379853725433, 0.98385316133499146, 0.16546092927455902, 0.70017409324645996, -0.070920884609222412, 0.71044111251831055),
            ["RightFoot"] = CFrame.new(-1.4862962416373193e-08, -0.071413516998291016, -0.00010251311323372647, 0.81239557266235352, 0.44605952501296997, 0.37555864453315735, -0.52303344011306763, 0.84216058254241943, 0.13115477561950684, -0.25777783989906311, -0.30297926068305969, 0.91747158765792847),
            ["RightHand"] = CFrame.new(-0.00049988925457000732, 3.5762786865234375e-07, 5.9604644775390625e-08, 0.95113211870193481, 0.12902900576591492, 0.28053385019302368, -0.046054929494857788, 0.95762693881988525, -0.28430560231208801, -0.30533039569854736, 0.25749221444129944, 0.91677212715148926),
            ["RightLowerArm"] = CFrame.new(-5.9604644775390625e-08, 0.078029930591583252, 0.037334859371185303, 1, 0, 0, 0, 0.62585908174514771, -0.77993613481521606, 0, 0.77993613481521606, 0.62585908174514771),
            ["RightLowerLeg"] = CFrame.new(9.6857547760009766e-08, -0.071163594722747803, -0.0009398816036991775, 1, 0, 0, 0, 1, 0, 0, 0, 1),
