return {
["wall twerk 4"] = {
        {Time = 0.000, Data = {
            ["Head"] = CFrame.new(6.6174449004242214e-24, 0, -2.9802322387695312e-08, 0.68294447660446167, 0.16188526153564453, 0.71230620145797729, 0.25148886442184448, 0.8634113073348999, -0.43734925985336304, -0.68581360578536987, 0.47782230377197266, 0.54894959926605225),
            ["LeftFoot"] = CFrame.new(-1.4901161193847656e-08, 0.0098924040794372559, -2.9206275939941406e-06, 0.98036962747573853, 0.15078999102115631, 0.12703445553779602, -0.052917193621397018, 0.82188224792480469, -0.56719422340393066, -0.18993458151817322, 0.54933774471282959, 0.81372779607772827),
            ["LeftHand"] = CFrame.new(0.00048416852951049805, 0.024186611175537109, -9.6857547760009766e-08, 0.8424261212348938, -0.46553894877433777, 0.27127805352210999, 0.26711663603782654, 0.79808950424194336, 0.54009437561035156, -0.4679391086101532, -0.38252675533294678, 0.7966846227645874),
            ["LeftLowerArm"] = CFrame.new(-0.00049954652786254883, 0.11654329299926758, 0.074050746858119965, 1, 0, 0, 0, 0.23513579368591309, -0.97196251153945923, 0, 0.97196251153945923, 0.23513579368591309),
            ["LeftLowerLeg"] = CFrame.new(2.9802322387695312e-08, 0.048237144947052002, -0.0075230710208415985, 1, -0, 0, 0, 0.92252832651138306, 0.38592943549156189, -0, -0.38592943549156189, 0.92252832651138306),
            ["LeftUpperArm"] = CFrame.new(-0.16897797584533691, -0.2314687967300415, -0.29469737410545349, 0.66206759214401245, 0.080952063202857971, -0.74505925178527832, -0.4629443883895874, -0.73762404918670654, -0.49152153730392456, -0.5893632173538208, 0.67034143209457397, -0.45088064670562744),
            ["LeftUpperLeg"] = CFrame.new(2.9802322387695312e-08, -8.9406967163085938e-08, -9.9875032901763916e-05, 0.87532055377960205, -0.035136356949806213, -0.48226481676101685, 0.35565292835235596, 0.72250008583068848, 0.59287834167480469, 0.32760477066040039, -0.69047749042510986, 0.64491552114486694),
            ["LowerTorso"] = CFrame.new(-0.44351854920387268, -0.083973526954650879, 0.88110744953155518, 0.97570896148681641, 0.18927308917045593, 0.11030738055706024, -3.6858022212982178e-05, -0.50338196754455566, 0.86406391859054565, 0.21907080709934235, -0.84307903051376343, -0.49114727973937988),
            ["RightFoot"] = CFrame.new(1.1175870895385742e-07, -0.028828978538513184, -0.00010336393461329862, 0.89576327800750732, 0.34004288911819458, 0.28631985187530518, -0.3782619833946228, 0.92139816284179688, 0.089125104248523712, -0.23350822925567627, -0.18813890218734741, 0.95397990942001343),
            ["RightHand"] = CFrame.new(-0.00048328936100006104, 0.025305271148681641, 4.4703483581542969e-08, 0.99938184022903442, 0.030575968325138092, -0.017351634800434113, -0.02643633633852005, 0.97894382476806641, 0.20241084694862366, 0.023175183683633804, -0.20182701945304871, 0.97914695739746094),
            ["RightLowerArm"] = CFrame.new(-7.152557373046875e-07, 0.11993014812469482, 0.093496650457382202, 1, 0, 0, 0, 0.033289611339569092, -0.99944579601287842, 0, 0.99944579601287842, 0.033289611339569092),
            ["RightLowerLeg"] = CFrame.new(-2.9802322387695312e-08, -0.028727531433105469, -0.00037678162334486842, 1, 0, 0, 0, 1, 0, 0, 0, 1),
            ["RightUpperArm"] = CFrame.new(0.10580849647521973, -0.23746240139007568, -0.19551146030426025, 0.78837352991104126, -0.077033698558807373, 0.61035484075546265, 0.4749302864074707, -0.55441272258758545, -0.68342369794845581, 0.3910350501537323, 0.82866913080215454, -0.40049874782562256),
            ["RightUpperLeg"] = CFrame.new(5.9604644775390625e-08, 1.51805579662323e-07, -1.6281410353258252e-07, 0.93674939870834351, -0.34949618577957153, -0.018788829445838928, -0.24293398857116699, -0.6106109619140625, -0.75374889373779297, 0.25195968151092529, 0.71063828468322754, -0.65689396858215332),
            ["UpperTorso"] = CFrame.new(0.3225860595703125, 0.20923256874084473, 0.12189336121082306, 0.97571206092834473, -0.19814693927764893, -0.093401044607162476, 0.18928572535514832, 0.97723716497421265, -0.095804080367088318, 0.11025825142860413, 0.075797721743583679, 0.99100852012634277)
        }},
        {Time = 0.017, Data = {
            ["Head"] = CFrame.new(-1.9852334701272664e-23, 1.1920928955078125e-07, -5.9604644775390625e-08, 0.68296635150909424, 0.16153085231781006, 0.71236568689346313, 0.25040274858474731, 0.86437445878982544, -0.43606805801391602, -0.68618911504745483, 0.47619813680648804, 0.54989087581634521),
            ["LeftFoot"] = CFrame.new(-5.9604644775390625e-08, 0.0093867182731628418, -2.8312206268310547e-06, 0.98142051696777344, 0.14674380421638489, 0.12361250817775726, -0.053192425519227982, 0.82709240913391113, -0.55954337120056152, -0.18434847891330719, 0.54257214069366455, 0.81953108310699463),
            ["LeftHand"] = CFrame.new(0.00048404932022094727, 0.024155080318450928, 1.1175870895385742e-07, 0.84325039386749268, -0.46443295478820801, 0.270611971616745, 0.2694973349571228, 0.80089110136032104, 0.53473794460296631, -0.46508064866065979, -0.37798872590065002, 0.80051517486572266),
            ["LeftLowerArm"] = CFrame.new(-0.00049942731857299805, 0.11638510227203369, 0.073480211198329926, 1, 0, 0, 0, 0.24110311269760132, -0.97049951553344727, 0, 0.97049951553344727, 0.24110311269760132),
            ["LeftLowerLeg"] = CFrame.new(-1.4901161193847656e-07, 0.045413017272949219, -0.0065751844085752964, 1, -0, 0, 0, 0.93216431140899658, 0.36203554272651672, -0, -0.36203554272651672, 0.93216431140899658),
            ["LeftUpperArm"] = CFrame.new(-0.16907501220703125, -0.23210465908050537, -0.29430609941482544, 0.66186165809631348, 0.080259054899215698, -0.74531716108322144, -0.46419194340705872, -0.73681509494781494, -0.49155843257904053, -0.58861285448074341, 0.67131388187408447, -0.45041406154632568),
            ["LeftUpperLeg"] = CFrame.new(-5.9604644775390625e-08, 4.4703483581542969e-08, -9.9852681159973145e-05, 0.87915170192718506, -0.022562235593795776, -0.47600755095481873, 0.35376483201980591, 0.70015186071395874, 0.62019181251525879, 0.31928464770317078, -0.71363747119903564, 0.62352144718170166),
            ["LowerTorso"] = CFrame.new(-0.43738836050033569, -0.091709017753601074, 0.8821033239364624, 0.97651940584182739, 0.18782195448875427, 0.10551199316978455, -0.00079187005758285522, -0.48664236068725586, 0.87360095977783203, 0.21542802453041077, -0.85317182540893555, -0.47506701946258545),
            ["RightFoot"] = CFrame.new(0, -0.023816883563995361, -0.00010339001164538786, 0.89661353826522827, 0.33873945474624634, 0.28520125150680542, -0.37671858072280884, 0.92202097177505493, 0.089221552014350891, -0.2327386736869812, -0.18743787705898285, 0.95430588722229004),
            ["RightHand"] = CFrame.new(-0.00048343092203140259, 0.025278747081756592, 6.7055225372314453e-08, 0.99940282106399536, 0.03004462830722332, -0.017069358378648758, -0.026128685101866722, 0.98031854629516602, 0.19568555057048798, 0.022612709552049637, -0.19512267410755157, 0.98051810264587402),
            ["RightLowerArm"] = CFrame.new(-6.8545341491699219e-07, 0.11989760398864746, 0.092914119362831116, 1, 0, 0, 0, 0.039401352405548096, -0.99922347068786621, 0, 0.99922347068786621, 0.039401352405548096),
            ["RightLowerLeg"] = CFrame.new(5.9604644775390625e-08, -0.023732364177703857, -0.00031041930196806788, 1, 0, 0, 0, 1, 0, 0, 0, 1),
            ["RightUpperArm"] = CFrame.new(0.10591971874237061, -0.23771405220031738, -0.19542963802814484, 0.7881547212600708, -0.077207982540130615, 0.6106153130531311, 0.4754101037979126, -0.55371952056884766, -0.68365180492401123, 0.39089304208755493, 0.8291161060333252, -0.3997112512588501),
            ["RightUpperLeg"] = CFrame.new(5.9604644775390625e-08, 1.8998980522155762e-07, -8.9239620137959719e-08, 0.93673354387283325, -0.3493780791759491, -0.021569520235061646, -0.23978224396705627, -0.59555840492248535, -0.76669114828109741, 0.25501912832260132, 0.72335726022720337, -0.64165425300598145),
            ["UpperTorso"] = CFrame.new(0.31881529092788696, 0.20347046852111816, 0.12047059834003448, 0.97652721405029297, -0.19451518356800079, -0.092511758208274841, 0.18782515823841095, 0.97923374176025391, -0.076308771967887878, 0.10543385148048401, 0.057141557335853577, 0.99278324842453003)
        }},
        {Time = 0.033, Data = {
            ["Head"] = CFrame.new(-3.3087224502121107e-23, 0, 2.9802322387695312e-08, 0.68302679061889648, 0.16053295135498047, 0.71253323554992676, 0.247353196144104, 0.86706185340881348, -0.43245825171470642, -0.68723416328430176, 0.47162792086601257, 0.55251812934875488),
            ["LeftFoot"] = CFrame.new(4.4703483581542969e-08, 0.0078241825103759766, -2.8908252716064453e-06, 0.98440760374069214, 0.13452872633934021, 0.11333017796278, -0.053507156670093536, 0.84275913238525391, -0.5356249213218689, -0.16756696999073029, 0.52120929956436157, 0.83681672811508179),
            ["LeftHand"] = CFrame.new(0.00048433244228363037, 0.024065852165222168, -4.4703483581542969e-08, 0.84531927108764648, -0.46159273386001587, 0.2690119743347168, 0.27607190608978271, 0.80848062038421631, 0.51975321769714355, -0.45740526914596558, -0.36509078741073608, 0.81085705757141113),
            ["LeftLowerArm"] = CFrame.new(-0.0004996955394744873, 0.11590921878814697, 0.071840874850749969, 1, 0, 0, 0, 0.25812846422195435, -0.96611064672470093, 0, 0.96611064672470093, 0.25812846422195435),
            ["LeftLowerLeg"] = CFrame.new(0, 0.036798775196075439, -0.0041147544980049133, 1, -0, 0, 0, 0.9571075439453125, 0.28973284363746643, -0, -0.28973284363746643, 0.9571075439453125),
            ["LeftUpperArm"] = CFrame.new(-0.16932940483093262, -0.23374760150909424, -0.29329001903533936, 0.66136294603347778, 0.078096315264701843, -0.74598944187164307, -0.46748065948486328, -0.73485302925109863, -0.49137938022613525, -0.58656716346740723, 0.67371571063995361, -0.44949615001678467),
            ["LeftUpperLeg"] = CFrame.new(5.9604644775390625e-08, -4.4703483581542969e-08, -9.9964439868927002e-05, 0.89002430438995361, 0.012921273708343506, -0.4557299017906189, 0.34579101204872131, 0.63232803344726562, 0.69324588775634766, 0.29712837934494019, -0.77459299564361572, 0.55831927061080933),
            ["LowerTorso"] = CFrame.new(-0.41955316066741943, -0.11312437057495117, 0.8844292163848877, 0.9787939190864563, 0.18284517526626587, 0.092358574271202087, -0.002637907862663269, -0.43957746028900146, 0.89820098876953125, 0.20483042299747467, -0.87939727306365967, -0.42977344989776611),
            ["RightFoot"] = CFrame.new(2.9802322387695312e-08, -0.0097724795341491699, -0.0001033080552588217, 0.89912927150726318, 0.3347858190536499, 0.28193080425262451, -0.37195992469787598, 0.92396634817123413, 0.0890616774559021, -0.23067797720432281, -0.18494492769241333, 0.95529210567474365),
            ["RightHand"] = CFrame.new(-0.00048343092203140259, 0.025201857089996338, 5.9604644775390625e-08, 0.99944925308227539, 0.028844652697443962, -0.01640547439455986, -0.025487883016467094, 0.98386341333389282, 0.17709647119045258, 0.021249033510684967, -0.17658080160617828, 0.98405677080154419),
            ["RightLowerArm"] = CFrame.new(-5.9604644775390625e-07, 0.11978381872177124, 0.091244272887706757, 1, 0, 0, 0, 0.05667191743850708, -0.99839299917221069, 0, 0.99839299917221069, 0.05667191743850708),
            ["RightLowerLeg"] = CFrame.new(5.9604644775390625e-08, -0.0097371339797973633, -0.00012521276948973536, 1, 0, 0, 0, 1, 0, 0, 0, 1),
            ["RightUpperArm"] = CFrame.new(0.10618674755096436, -0.23831748962402344, -0.19523313641548157, 0.78765416145324707, -0.07737983763217926, 0.61123913526535034, 0.47659981250762939, -0.55219078063964844, -0.68405997753143311, 0.39045301079750061, 0.83011913299560547, -0.39805614948272705),
            ["RightUpperLeg"] = CFrame.new(5.9604644775390625e-08, 1.9278377294540405e-07, -2.5222107069566846e-07, 0.93691623210906982, -0.34830451011657715, -0.029529929161071777, -0.23064841330051422, -0.55252337455749512, -0.8009493350982666, 0.26265823841094971, 0.75723350048065186, -0.59800398349761963),
            ["UpperTorso"] = CFrame.new(0.30775311589241028, 0.18767654895782471, 0.11774900555610657, 0.97879123687744141, -0.18413697183132172, -0.089784704148769379, 0.18283246457576752, 0.98288393020629883, -0.022614642977714539, 0.092412136495113373, 0.0057194540277123451, 0.99570441246032715)
        }},
        {Time = 0.050, Data = {
            ["Head"] = CFrame.new(0, 1.1920928955078125e-07, -2.9802322387695312e-08, 0.68318706750869751, 0.15890192985534668, 0.71274518966674805, 0.24249252676963806, 0.87128549814224243, -0.42668375372886658, -0.68880546092987061, 0.46434018015861511, 0.55671846866607666),
            ["LeftFoot"] = CFrame.new(4.4703483581542969e-08, 0.0046547651290893555, -2.9653310775756836e-06, 0.98887759447097778, 0.11378128826618195, 0.095785707235336304, -0.052865222096443176, 0.87085378170013428, -0.48869109153747559, -0.13901925086975098, 0.47819197177886963, 0.86718285083770752),
            ["LeftHand"] = CFrame.new(0.00048434734344482422, 0.023834168910980225, 3.7252902984619141e-08, 0.8481641411781311, -0.45769602060317993, 0.26670575141906738, 0.2861253023147583, 0.81953275203704834, 0.49648606777191162, -0.44581377506256104, -0.34479039907455444, 0.82605671882629395),
            ["LeftLowerArm"] = CFrame.new(-0.00049945712089538574, 0.1150321364402771, 0.069256387650966644, 1, 0, 0, 0, 0.28490537405014038, -0.95855569839477539, 0, 0.95855569839477539, 0.28490537405014038),
            ["LeftLowerLeg"] = CFrame.new(-7.4505805969238281e-08, 0.020458996295928955, -0.0010791271924972534, 1, -0, 0, 0, 0.98783451318740845, 0.15550875663757324, -0, -0.15550875663757324, 0.98783451318740845),
            ["LeftUpperArm"] = CFrame.new(-0.16968464851379395, -0.23598372936248779, -0.29189610481262207, 0.66060370206832886, 0.074397757649421692, -0.74703943729400635, -0.47197997570037842, -0.73267030715942383, -0.49033671617507935, -0.58381319046020508, 0.67650586366653442, -0.44889068603515625),
            ["LeftUpperLeg"] = CFrame.new(2.9802322387695312e-08, -7.4505805969238281e-08, -9.9636614322662354e-05, 0.90654569864273071, 0.068643003702163696, -0.41648897528648376, 0.32722434401512146, 0.50900459289550781, 0.79613983631134033, 0.26664420962333679, -0.85802245140075684, 0.43897420167922974),
            ["LowerTorso"] = CFrame.new(-0.39067351818084717, -0.14572477340698242, 0.88653886318206787, 0.98215723037719727, 0.17295962572097778, 0.073838725686073303, -0.0053234174847602844, -0.36690402030944824, 0.93024367094039917, 0.18798629939556122, -0.91403859853744507, -0.3594367504119873),
            ["RightFoot"] = CFrame.new(8.9406967163085938e-08, 0.003911435604095459, -0.00010303983435733244, 0.9033551812171936, 0.32809776067733765, 0.27622693777084351, -0.3502039909362793, 0.93607676029205322, 0.03342876210808754, -0.2476017028093338, -0.12693381309509277, 0.96051090955734253),
            ["RightHand"] = CFrame.new(-0.00048346817493438721, 0.025079309940338135, 5.2154064178466797e-08, 0.99950438737869263, 0.027385734021663666, -0.015522832050919533, -0.024773381650447845, 0.98854577541351318, 0.14887404441833496, 0.019422056153416634, -0.14841571450233459, 0.98873430490493774),
            ["RightLowerArm"] = CFrame.new(-6.5565109252929688e-07, 0.11954188346862793, 0.088589251041412354, 1, 0, 0, 0, 0.084213137626647949, -0.99644780158996582, 0, 0.99644780158996582, 0.084213137626647949),
            ["RightLowerLeg"] = CFrame.new(-1.3411045074462891e-07, 0.015826284885406494, -0.00069406459806486964, 1, -0, 0, 0, 0.99276000261306763, 0.12011491507291794, -0, -0.12011491507291794, 0.99276000261306763),
            ["RightUpperArm"] = CFrame.new(0.10650861263275146, -0.23904168605804443, -0.19499608874320984, 0.78699588775634766, -0.077088102698326111, 0.61212331056594849, 0.47807216644287109, -0.55094993114471436, -0.68403297662734985, 0.38998013734817505, 0.83097022771835327, -0.39674162864685059),
            ["RightUpperLeg"] = CFrame.new(5.9604644775390625e-08, 2.3469328880310059e-07, -2.1263986127451062e-07, 0.93742978572845459, -0.34758138656616211, -0.020311132073402405, -0.21658504009246826, -0.53646838665008545, -0.8156546950340271, 0.2726101279258728, 0.76901811361312866, -0.57818245887756348),
            ["UpperTorso"] = CFrame.new(0.28954640030860901, 0.1646462082862854, 0.1170872300863266, 0.98216831684112549, -0.16772496700286865, -0.084933407604694366, 0.17291638255119324, 0.98323112726211548, 0.0579347163438797, 0.073792077600955963, -0.071588024497032166, 0.99470090866088867)
        }},
        {Time = 0.067, Data = {
            ["Head"] = CFrame.new(-6.6174449004242214e-24, 1.1920928955078125e-07, 0, 0.68337118625640869, 0.15676535665988922, 0.71304184198379517, 0.23608110845088959, 0.8767508864402771, -0.41901504993438721, -0.69084709882736206, 0.45467847585678101, 0.5621369481086731),
            ["LeftFoot"] = CFrame.new(7.4505805969238281e-08, -0.0061774253845214844, -3.166496753692627e-06, 0.99396413564682007, 0.08390934020280838, 0.070672266185283661, -0.045200563967227936, 0.90021055936813354, -0.43310254812240601, -0.099961273372173309, 0.42729395627975464, 0.89856976270675659),
            ["LeftHand"] = CFrame.new(0.00048463046550750732, 0.023441016674041748, 6.7055225372314453e-08, 0.8512197732925415, -0.45343968272209167, 0.26422980427742004, 0.29871580004692078, 0.83257901668548584, 0.46645599603652954, -0.43150177597999573, -0.31812697649002075, 0.84415727853775024),
            ["LeftLowerArm"] = CFrame.new(-0.00049954652786254883, 0.11368513107299805, 0.065829142928123474, 1, 0, 0, 0, 0.32058042287826538, -0.94722145795822144, 0, 0.94722145795822144, 0.32058042287826538),
            ["LeftLowerLeg"] = CFrame.new(-1.4901161193847656e-07, -0.0057549476623535156, 2.4802982807159424e-05, 1, 0, 0, 0, 1, 0, 0, 0, 1),
            ["LeftUpperArm"] = CFrame.new(-0.17008185386657715, -0.23841190338134766, -0.29036834836006165, 0.65979975461959839, 0.068917751312255859, -0.74827456474304199, -0.47686249017715454, -0.7311851978302002, -0.48782297968864441, -0.58074665069580078, 0.67868947982788086, -0.44957172870635986),
            ["LeftUpperLeg"] = CFrame.new(1.1920928955078125e-07, -1.3411045074462891e-07, -9.9632889032363892e-05, 0.92647284269332886, 0.12719732522964478, -0.35421591997146606, 0.29376807808876038, 0.34391313791275024, 0.89186555147171021, 0.2352624386548996, -0.93034654855728149, 0.28125965595245361),
            ["LowerTorso"] = CFrame.new(-0.35144057869911194, -0.18682897090911865, 0.88666999340057373, 0.98619538545608521, 0.15683048963546753, 0.053130041807889938, -0.0083230212330818176, -0.2735065221786499, 0.9618341326713562, 0.16537633538246155, -0.94899863004684448, -0.2684255838394165),
            ["RightFoot"] = CFrame.new(8.1956386566162109e-08, 0.0091333389282226562, -0.00010287173063261434, 0.90943634510040283, 0.31808710098266602, 0.26785477995872498, -0.31004577875137329, 0.94791507720947266, -0.072997227311134338, -0.27712306380271912, -0.016660923138260841, 0.9606899619102478),
            ["RightHand"] = CFrame.new(-0.00048373639583587646, 0.024814307689666748, 1.4901161193847656e-08, 0.99954706430435181, 0.026172762736678123, -0.014854595065116882, -0.024325029924511909, 0.99326688051223755, 0.113266222178936, 0.017719067633152008, -0.11285357922315598, 0.99345362186431885),
            ["RightLowerArm"] = CFrame.new(-4.4703483581542969e-07, 0.11904650926589966, 0.085075713694095612, 1, 0, 0, 0, 0.12075752019882202, -0.99268203973770142, 0, 0.99268203973770142, 0.12075752019882202),
            ["RightLowerLeg"] = CFrame.new(-8.9406967163085938e-08, 0.042702615261077881, -0.0058932136744260788, 1, -0, 0, 0, 0.9400896430015564, 0.3409273624420166, -0, -0.3409273624420166, 0.9400896430015564),
            ["RightUpperArm"] = CFrame.new(0.10678744316101074, -0.23966753482818604, -0.19479042291641235, 0.78640854358673096, -0.07578083872795105, 0.6130407452583313, 0.47932955622673035, -0.55112564563751221, -0.68301123380661011, 0.38962143659591675, 0.83097440004348755, -0.39708602428436279),
            ["RightUpperLeg"] = CFrame.new(5.9604644775390625e-08, 4.2840838432312012e-08, 2.1297455532476306e-07, 0.93852555751800537, -0.34519085288047791, 0.0036137402057647705, -0.19854822754859924, -0.54832923412322998, -0.81235074996948242, 0.2823975682258606, 0.76169443130493164, -0.58315801620483398),
            ["UpperTorso"] = CFrame.new(0.26422899961471558, 0.13801324367523193, 0.12183205783367157, 0.98618674278259277, -0.14609280228614807, -0.078055053949356079, 0.15688934922218323, 0.97500205039978027, 0.15734292566776276, 0.053117170929908752, -0.16741551458835602, 0.9844544529914856)
        }},
        {Time = 0.083, Data = {
            ["Head"] = CFrame.new(2.6469779601696886e-23, 0, -5.9604644775390625e-08, 0.6835707426071167, 0.15419295430183411, 0.71341133117675781, 0.22832441329956055, 0.88320046663284302, -0.40966448187828064, -0.6932525634765625, 0.44292387366294861, 0.56852400302886963),
            ["LeftFoot"] = CFrame.new(-1.1920928955078125e-07, -0.031465411186218262, -3.0621886253356934e-06, 0.99825483560562134, 0.045174553990364075, 0.038033165037631989, -0.023736618459224701, 0.89668285846710205, -0.44203665852546692, -0.05407249927520752, 0.44036248326301575, 0.89619028568267822),
            ["LeftHand"] = CFrame.new(0.00048510730266571045, 0.022958099842071533, -1.4901161193847656e-08, 0.85404491424560547, -0.4494439959526062, 0.26193010807037354, 0.3132140040397644, 0.84629958868026733, 0.43089902400970459, -0.41533631086349487, -0.28596693277359009, 0.86355006694793701),
            ["LeftLowerArm"] = CFrame.new(-0.00049984455108642578, 0.11184024810791016, 0.061647400259971619, 1, 0, 0, 0, 0.36403679847717285, -0.93138456344604492, 0, 0.93138456344604492, 0.36403679847717285),
            ["LeftLowerLeg"] = CFrame.new(1.1920928955078125e-07, -0.030955076217651367, -0.00030925124883651733, 1, 0, 0, 0, 1, 0, 0, 0, 1),
            ["LeftUpperArm"] = CFrame.new(-0.17046236991882324, -0.24067223072052002, -0.28893229365348816, 0.65908157825469971, 0.061291113495826721, -0.74956989288330078, -0.48135042190551758, -0.73141443729400635, -0.48304831981658936, -0.57785248756408691, 0.67917394638061523, -0.45255947113037109),
            ["LeftUpperLeg"] = CFrame.new(8.9406967163085938e-08, 4.4703483581542969e-08, -9.9789351224899292e-05, 0.9466126561164856, 0.15495970845222473, -0.2826869785785675, 0.2435128390789032, 0.23090893030166626, 0.94200992584228516, 0.21124854683876038, -0.96055638790130615, 0.18084663152694702),
            ["LowerTorso"] = CFrame.new(-0.30282461643218994, -0.23323118686676025, 0.88344073295593262, 0.99040752649307251, 0.13401070237159729, 0.033675499260425568, -0.011108893901109695, -0.16570007801055908, 0.98611396551132202, 0.13772979378700256, -0.97702878713607788, -0.16262185573577881),
            ["RightFoot"] = CFrame.new(-4.4703483581542969e-08, 0.012927711009979248, -0.00010280700371367857, 0.91741645336151123, 0.30441728234291077, 0.256275475025177, -0.26752302050590515, 0.94859540462493896, -0.16911011934280396, -0.29458177089691162, 0.086584806442260742, 0.95169568061828613),
            ["RightHand"] = CFrame.new(-0.00048390775918960571, 0.024450361728668213, 1.1362135410308838e-07, 0.9995686411857605, 0.025571297854185104, -0.01444596704095602, -0.024457152932882309, 0.99705779552459717, 0.072647318243980408, 0.016261149197816849, -0.072262674570083618, 0.99725306034088135),
            ["RightLowerArm"] = CFrame.new(-3.5762786865234375e-07, 0.11823534965515137, 0.080806225538253784, 1, 0, 0, 0, 0.16516876220703125, -0.98626530170440674, 0, 0.98626530170440674, 0.16516876220703125),
            ["RightLowerLeg"] = CFrame.new(0, 0.063729763031005859, -0.014272550120949745, 1, -0, 0, 0, 0.85488194227218628, 0.51882261037826538, -0, -0.51882261037826538, 0.85488194227218628),
            ["RightUpperArm"] = CFrame.new(0.10693359375, -0.23999559879302979, -0.19468152523040771, 0.78615266084671021, -0.072886914014816284, 0.6137194037437439, 0.47997179627418518, -0.55357921123504639, -0.68057125806808472, 0.38934701681137085, 0.82960087060928345, -0.40021407604217529),
            ["RightUpperLeg"] = CFrame.new(0, 2.7194619178771973e-07, 2.134402166120708e-07, 0.9405331015586853, -0.33928769826889038, 0.01677238941192627, -0.17792987823486328, -0.53409302234649658, -0.82649004459381104, 0.289375901222229, 0.77435696125030518, -0.56270158290863037),
            ["UpperTorso"] = CFrame.new(0.23192700743675232, 0.11199057102203369, 0.13391540944576263, 0.99040937423706055, -0.11985361576080322, -0.068733885884284973, 0.13400846719741821, 0.95440542697906494, 0.26674333214759827, 0.033629853278398514, -0.27339604496955872, 0.96131348609924316)
        }},
        {Time = 0.100, Data = {
            ["Head"] = CFrame.new(-3.3087224502121107e-23, 0, 0, 0.68384659290313721, 0.15119808912277222, 0.71378779411315918, 0.21937498450279236, 0.89041817188262939, -0.39878574013710022, -0.69586527347564697, 0.42929545044898987, 0.57574039697647095),
            ["LeftFoot"] = CFrame.new(-1.1920928955078125e-07, -0.058889567852020264, -3.2112002372741699e-06, 0.99999815225601196, -0.0014509810134768486, -0.0012522921897470951, 0.00073259772034361959, 0.8931199312210083, -0.44981807470321655, 0.0017711245454847813, 0.44981634616851807, 0.89311933517456055),
            ["LeftHand"] = CFrame.new(0.0004850924015045166, 0.022535026073455811, 1.4714896678924561e-07, 0.85625302791595459, -0.446348637342453, 0.26000705361366272, 0.32916387915611267, 0.85938560962677002, 0.39128956198692322, -0.39809784293174744, -0.24945798516273499, 0.88277339935302734),
            ["LeftLowerArm"] = CFrame.new(-0.00049954652786254883, 0.10949766635894775, 0.056800186634063721, 1, 0, 0, 0, 0.41421407461166382, -0.91017955541610718, 0, 0.91017955541610718, 0.41421407461166382),
            ["LeftLowerLeg"] = CFrame.new(7.4505805969238281e-09, -0.058284580707550049, -0.00067128986120223999, 1, 0, 0, 0, 1, 0, 0, 0, 1),
            ["LeftUpperArm"] = CFrame.new(-0.17077040672302246, -0.24245941638946533, -0.28778690099716187, 0.65847373008728027, 0.051119685173034668, -0.75086569786071777, -0.48490697145462036, -0.73418474197387695, -0.47522458434104919, -0.57556724548339844, 0.67702287435531616, -0.45865309238433838),
            ["LeftUpperLeg"] = CFrame.new(-5.9604644775390625e-08, 1.1175870895385742e-07, -9.9930912256240845e-05, 0.96302157640457153, 0.18458302319049835, -0.19626133143901825, 0.17813281714916229, 0.11030024290084839, 0.97780495882034302, 0.20213387906551361, -0.97660785913467407, 0.073341250419616699),
            ["LowerTorso"] = CFrame.new(-0.24618229269981384, -0.28115677833557129, 0.87637102603912354, 0.99432247877120972, 0.10476621985435486, 0.018623467534780502, -0.013305280357599258, -0.051234245300292969, 0.99859803915023804, 0.10557349026203156, -0.99317628145217896, -0.049549460411071777),
            ["RightFoot"] = CFrame.new(2.9802322387695312e-08, 0.017294824123382568, -0.00010255554661853239, 0.92738258838653564, 0.28618478775024414, 0.24095593392848969, -0.22434878349304199, 0.94083362817764282, -0.2539680004119873, -0.29938122630119324, 0.18146732449531555, 0.9367179274559021),
            ["RightHand"] = CFrame.new(-0.00048411637544631958, 0.024185061454772949, 1.1920928955078125e-07, 0.99955981969833374, 0.025846805423498154, -0.014562042430043221, -0.02541753277182579, 0.99925822019577026, 0.028930531814694405, 0.015299001708626747, -0.028547665104269981, 0.99947535991668701),
            ["RightLowerArm"] = CFrame.new(-5.3644180297851562e-07, 0.11712104082107544, 0.075862899422645569, 1, 0, 0, 0, 0.21644610166549683, -0.97629463672637939, 0, 0.97629463672637939, 0.21644610166549683),
            ["RightLowerLeg"] = CFrame.new(2.9802322387695312e-08, 0.080716967582702637, -0.023703115060925484, 1, -0, 0, 0, 0.75802230834960938, 0.65222865343093872, -0, -0.65222865343093872, 0.75802230834960938),
            ["RightUpperArm"] = CFrame.new(0.10686850547790527, -0.23985230922698975, -0.19472663104534149, 0.78627759218215942, -0.067885711789131165, 0.61413282155990601, 0.47966772317886353, -0.55945754051208496, -0.67596310377120972, 0.38946947455406189, 0.82607430219650269, -0.407326340675354),
            ["RightUpperLeg"] = CFrame.new(0, 8.754432201385498e-08, -2.4477049009874463e-07, 0.94376915693283081, -0.33007976412773132, 0.018631383776664734, -0.15680277347564697, -0.49652254581451416, -0.85374367237091064, 0.29105442762374878, 0.80281543731689453, -0.52036011219024658),
            ["UpperTorso"] = CFrame.new(0.1930181086063385, 0.090585291385650635, 0.15308173000812531, 0.99431967735290527, -0.089871585369110107, -0.057021491229534149, 0.10480029881000519, 0.92022013664245605, 0.37710973620414734, 0.018580878153443336, -0.38094350695610046, 0.9244115948677063)
        }},
        {Time = 0.117, Data = {
            ["Head"] = CFrame.new(-6.6174449004242214e-24, 0, 2.9802322387695312e-08, 0.68419086933135986, 0.14792045950889587, 0.71414446830749512, 0.20950940251350403, 0.8980746865272522, -0.38673976063728333, -0.69856178760528564, 0.41422381997108459, 0.58346378803253174),
            ["LeftFoot"] = CFrame.new(1.0617077350616455e-07, -0.086573660373687744, -3.1236559152603149e-06, 0.99747008085250854, -0.054359786212444305, -0.04580911248922348, 0.027488335967063904, 0.88921904563903809, -0.45665517449378967, 0.065558008849620819, 0.45424064993858337, 0.88846361637115479),
            ["LeftHand"] = CFrame.new(0.0004857480525970459, 0.02179187536239624, 3.2945536077022552e-08, 0.85757255554199219, -0.44442236423492432, 0.2589556872844696, 0.34569865465164185, 0.87078350782394409, 0.34961190819740295, -0.38086971640586853, -0.21029695868492126, 0.90039628744125366),
            ["LeftLowerArm"] = CFrame.new(-0.00049996376037597656, 0.10637003183364868, 0.051575049757957458, 1, 0, 0, 0, 0.46848839521408081, -0.88346970081329346, 0, 0.88346970081329346, 0.46848839521408081),
            ["LeftLowerLeg"] = CFrame.new(-2.1047890186309814e-07, -0.085873782634735107, -0.0010371152311563492, 1, 0, 0, 0, 1, 0, 0, 0, 1),
            ["LeftUpperArm"] = CFrame.new(-0.17095553874969482, -0.24352085590362549, -0.28710150718688965, 0.65809494256973267, 0.038717761635780334, -0.75193881988525391, -0.48704540729522705, -0.739707350730896, -0.46434882283210754, -0.57419323921203613, 0.67181396484375, -0.46794033050537109),
            ["LeftUpperLeg"] = CFrame.new(1.1920928955078125e-07, 1.4901161193847656e-07, -9.9838245660066605e-05, 0.97176611423492432, 0.21483318507671356, -0.097556695342063904, 0.10194937884807587, -0.0094349384307861328, 0.99474489688873291, 0.21278376877307892, -0.97660517692565918, -0.031070590019226074),
            ["LowerTorso"] = CFrame.new(-0.18320225179195404, -0.32647597789764404, 0.86624795198440552, 0.99746537208557129, 0.070433944463729858, 0.010094087570905685, -0.014416329562664032, 0.061130106449127197, 0.99802559614181519, 0.069677829742431641, -0.99564152956008911, 0.061990559101104736),
            ["RightFoot"] = CFrame.new(-7.4505805969238281e-08, 0.021988213062286377, -0.00010251084313495085, 0.93931525945663452, 0.26242223381996155, 0.22095572948455811, -0.1813775897026062, 0.92659610509872437, -0.32942655682563782, -0.29118555784225464, 0.26935896277427673, 0.91796338558197021),
            ["RightHand"] = CFrame.new(-0.00048418343067169189, 0.023870706558227539, 6.7055225372314453e-08, 0.99950653314590454, 0.027325475588440895, -0.015493449755012989, -0.027566837146878242, 0.99949848651885986, -0.015584778971970081, 0.015059818513691425, 0.01600419357419014, 0.99975848197937012),
            ["RightLowerArm"] = CFrame.new(-5.6624412536621094e-07, 0.11556810140609741, 0.070450685918331146, 1, 0, 0, 0, 0.27246385812759399, -0.96216601133346558, 0, 0.96216601133346558, 0.27246385812759399),
            ["RightLowerLeg"] = CFrame.new(7.4505805969238281e-09, 0.094221830368041992, -0.032919425517320633, 1, -0, 0, 0, 0.66226321458816528, 0.74927139282226562, -0, -0.74927139282226562, 0.66226321458816528),
            ["RightUpperArm"] = CFrame.new(0.10652601718902588, -0.23908829689025879, -0.19497440755367279, 0.78695619106292725, -0.060606256127357483, 0.61402511596679688, 0.47817814350128174, -0.56900608539581299, -0.66901260614395142, 0.38993033766746521, 0.82009702920913696, -0.41880226135253906),
            ["RightUpperLeg"] = CFrame.new(0, 2.2724270820617676e-07, -2.7131318347528577e-07, 0.9485471248626709, -0.31647345423698425, 0.010142982006072998, -0.1378014087677002, -0.44144129753112793, -0.88664591312408447, 0.28507736325263977, 0.83962774276733398, -0.46233844757080078),
            ["UpperTorso"] = CFrame.new(0.14823965728282928, 0.076561391353607178, 0.17689737677574158, 0.99746465682983398, -0.056899175047874451, -0.042741019278764725, 0.070447951555252075, 0.87448275089263916, 0.47991347312927246, 0.010069601237773895, -0.48170775175094604, 0.87627410888671875)
        }},
        {Time = 0.133, Data = {
            ["Head"] = CFrame.new(6.6174449004242214e-24, 0, -5.9604644775390625e-08, 0.68459987640380859, 0.14450556039810181, 0.71445167064666748, 0.19886156916618347, 0.90594446659088135, -0.37378960847854614, -0.70126819610595703, 0.39797329902648926, 0.59147286415100098),
            ["LeftFoot"] = CFrame.new(-1.4901161193847656e-07, -0.11264032125473022, -3.2261013984680176e-06, 0.9892767071723938, -0.11173570156097412, -0.094057232141494751, 0.055874526500701904, 0.8845369815826416, -0.46311160922050476, 0.13494320213794708, 0.45289012789726257, 0.88129502534866333),
            ["LeftHand"] = CFrame.new(0.00048609077930450439, 0.020958065986633301, -3.5390257835388184e-08, 0.85775083303451538, -0.44416838884353638, 0.25880095362663269, 0.36279666423797607, 0.87971228361129761, 0.30738386511802673, -0.36420056223869324, -0.1697666347026825, 0.91571676731109619),
            ["LeftLowerArm"] = CFrame.new(-0.000499725341796875, 0.10258835554122925, 0.04608212411403656, 1, 0, 0, 0, 0.52543759346008301, -0.85083222389221191, 0, 0.85083222389221191, 0.52543759346008301),
            ["LeftLowerLeg"] = CFrame.new(-1.0430812835693359e-07, -0.11185246706008911, -0.0013817176222801208, 1, 0, 0, 0, 1, 0, 0, 0, 1),
            ["LeftUpperArm"] = CFrame.new(-0.17097532749176025, -0.24364662170410156, -0.28701755404472351, 0.65803241729736328, 0.024115920066833496, -0.75260341167449951, -0.48730576038360596, -0.74832367897033691, -0.45005059242248535, -0.57404398918151855, 0.6628957986831665, -0.48066949844360352),
            ["LeftUpperLeg"] = CFrame.new(0, -1.6763806343078613e-08, -9.9878758192062378e-05, 0.96956825256347656, 0.24460342526435852, 0.010323531925678253, 0.019875802099704742, -0.12067294120788574, 0.99249345064163208, 0.24401304125785828, -0.96208494901657104, -0.12186241149902344),
            ["LowerTorso"] = CFrame.new(-0.1157195046544075, -0.36504852771759033, 0.85523748397827148, 0.99943572282791138, 0.032437212765216827, 0.008724188432097435, -0.013902794569730759, 0.163033127784729, 0.9865226149559021, 0.030577713623642921, -0.98608726263046265, 0.16339212656021118),
            ["RightFoot"] = CFrame.new(3.7252902984619141e-09, 0.024880886077880859, -0.00010244378790957853, 0.95288956165313721, 0.23201732337474823, 0.19537003338336945, -0.13960333168506622, 0.90731096267700195, -0.39660787582397461, -0.26928126811981201, 0.35064917802810669, 0.89695751667022705),
            ["RightHand"] = CFrame.new(-0.00048461556434631348, 0.023228466510772705, -2.9802322387695312e-08, 0.99939209222793579, 0.030318679288029671, -0.017212431877851486, -0.03127916157245636, 0.99779224395751953, -0.058585762977600098, 0.01539818849414587, 0.059088535606861115, 0.99813395738601685),
            ["RightLowerArm"] = CFrame.new(-4.76837158203125e-07, 0.11337262392044067, 0.064847968518733978, 1, 0, 0, 0, 0.33080548048019409, -0.9436989426612854, 0, 0.9436989426612854, 0.33080548048019409),
            ["RightLowerLeg"] = CFrame.new(1.2665987014770508e-07, 0.10333508253097534, -0.041406162083148956, 1, -0, 0, 0, 0.57407712936401367, 0.81880128383636475, -0, -0.81880128383636475, 0.57407712936401367),
            ["RightUpperArm"] = CFrame.new(0.10585260391235352, -0.23757302761077881, -0.19546554982662201, 0.78831088542938232, -0.05153830349445343, 0.61311489343643188, 0.47512763738632202, -0.58213484287261963, -0.65982836484909058, 0.39092177152633667, 0.81145769357681274, -0.43441605567932129),
            ["RightUpperLeg"] = CFrame.new(0, -1.1175870895385742e-07, -2.3894972400739789e-07, 0.955078125, -0.29627084732055664, -0.0070286542177200317, -0.12393613159656525, -0.37776041030883789, -0.91757124662399292, 0.26919448375701904, 0.87722331285476685, -0.39750933647155762),
            ["UpperTorso"] = CFrame.new(0.098741710186004639, 0.07061237096786499, 0.20147866010665894, 0.99943399429321289, -0.021738829091191292, -0.025673883035778999, 0.032478392124176025, 0.82241958379745483, 0.56795346736907959, 0.008768061175942421, -0.56846582889556885, 0.82266014814376831)
        }},
        {Time = 0.150, Data = {
            ["Head"] = CFrame.new(-3.3087224502121107e-23, 0, -1.7881393432617188e-07, 0.68506228923797607, 0.14083193242549896, 0.71474194526672363, 0.18776394426822662, 0.91385030746459961, -0.36003103852272034, -0.70387101173400879, 0.38084647059440613, 0.59960120916366577),
            ["LeftFoot"] = CFrame.new(2.2351741790771484e-08, -0.13532525300979614, -3.382563591003418e-06, 0.97422051429748535, -0.17257870733737946, -0.1452961266040802, 0.085416719317436218, 0.87827461957931519, -0.47046539187431335, 0.20880219340324402, 0.44592633843421936, 0.87037432193756104),
            ["LeftHand"] = CFrame.new(0.00048719346523284912, 0.019811630249023438, 1.0058283805847168e-07, 0.8564949631690979, -0.44599637389183044, 0.2598145604133606, 0.38020393252372742, 0.88558077812194824, 0.26681756973266602, -0.3490864634513855, -0.12974536418914795, 0.92806506156921387),
            ["LeftLowerArm"] = CFrame.new(-0.00049987435340881348, 0.098023891448974609, 0.040611773729324341, 1, 0, 0, 0, 0.58224368095397949, -0.81301432847976685, 0, 0.81301432847976685, 0.58224368095397949),
            ["LeftLowerLeg"] = CFrame.new(-6.7986547946929932e-08, -0.13446146249771118, -0.0016814619302749634, 1, 0, 0, 0, 1, 0, 0, 0, 1),
            ["LeftUpperArm"] = CFrame.new(-0.17079734802246094, -0.24265396595001221, -0.28765395283699036, 0.6584322452545166, 0.0077746957540512085, -0.75259983539581299, -0.48528623580932617, -0.75994300842285156, -0.43241629004478455, -0.5752948522567749, 0.64994317293167114, -0.4965980052947998),
            ["LeftUpperLeg"] = CFrame.new(-1.1920928955078125e-07, -1.0943040251731873e-07, -9.9947676062583923e-05, 0.95391756296157837, 0.2728007435798645, 0.12498396635055542, -0.065705284476280212, -0.21651411056518555, 0.97406589984893799, 0.29278671741485596, -0.93739068508148193, -0.18861210346221924),
            ["LowerTorso"] = CFrame.new(-0.045475378632545471, -0.39303529262542725, 0.84669637680053711, 0.99987524747848511, -0.0077516627497971058, 0.013763958588242531, -0.011431179009377956, 0.24630236625671387, 0.96912562847137451, -0.010902430862188339, -0.9691619873046875, 0.24618303775787354),
            ["RightFoot"] = CFrame.new(-4.4703483581542969e-08, 0.02675551176071167, -0.0001023394797812216, 0.96720188856124878, 0.19428274035453796, 0.16362990438938141, -0.10205876082181931, 0.88714194297790527, -0.45007020235061646, -0.23260383307933807, 0.4186089038848877, 0.87787359952926636),
            ["RightHand"] = CFrame.new(-0.00048504024744033813, 0.022634804248809814, 2.9802322387695312e-08, 0.99918627738952637, 0.03504311665892601, -0.019969921559095383, -0.036846507340669632, 0.99445050954818726, -0.098541967570781708, 0.016405880451202393, 0.099197603762149811, 0.99493247270584106),
