return {
["peep this lame ahh nigga"] = {

          {Time = 0.000, Data = {

              ["Head"] = CFrame.new(0.000000, 0.000000, 0.000000, 0.988771, -0.000499, 0.149437, -0.000997, 0.999950, 0.009933, -0.149435, -0.009971, 0.988721),

              ["LeftFoot"] = CFrame.new(-0.000000, -0.001535, -0.000003, 0.997038, -0.058837, -0.049542, 0.058909, 0.998263, -0.000007, 0.049454, -0.002900, 0.998772),

              ["LeftHand"] = CFrame.new(0.000496, 0.006389, -0.000000, 0.956993, -0.250868, 0.145706, 0.261275, 0.963580, -0.057010, -0.126096, 0.092627, 0.987684),

              ["LeftLowerArm"] = CFrame.new(-0.000500, 0.036482, 0.004722, 1.000000, -0.000000, -0.000000, 0.000000, 0.951868, -0.306508, 0.000000, 0.306508, 0.951868),

              ["LeftLowerLeg"] = CFrame.new(-0.000000, -0.001130, 0.000086, 1.000000, 0.000000, -0.000000, 0.000000, 1.000000, -0.000008, 0.000000, -0.000011, 1.000000),

              ["LeftUpperArm"] = CFrame.new(-0.072051, -0.003708, 0.258546, 0.855898, 0.090395, -0.509184, -0.007415, 0.986649, 0.162694, 0.517092, -0.135473, 0.845140),

              ["LeftUpperLeg"] = CFrame.new(0.000000, -0.000000, -0.000100, 0.997038, 0.058909, 0.049455, -0.058837, 0.998263, -0.002904, -0.049541, -0.000007, 0.998772),

              ["LowerTorso"] = CFrame.new(0.000000, 0.000000, 0.000000, 1.000000, 0.000000, -0.000000, 0.000000, 1.000000, 0.000000, 0.000000, 0.000000, 1.000000),

              ["RightFoot"] = CFrame.new(-0.000000, -0.000926, -0.000103, 0.997821, 0.050471, 0.042498, -0.050517, 0.998723, -0.000004, -0.042442, -0.002132, 0.999097),

              ["RightHand"] = CFrame.new(-0.000484, 0.024247, 0.000000, 0.603194, 0.688530, -0.402600, -0.707602, 0.229037, -0.668465, -0.368045, 0.688091, 0.625355),

              ["RightLowerArm"] = CFrame.new(-0.000000, 0.117403, 0.077008, 1.000000, 0.000000, 0.000000, -0.000000, 0.204526, -0.978861, -0.000000, 0.978861, 0.204526),

              ["RightLowerLeg"] = CFrame.new(-0.000000, -0.000923, -0.000009, 1.000000, -0.000000, 0.000000, -0.000000, 1.000000, -0.000008, -0.000000, -0.000011, 1.000000),

              ["RightUpperArm"] = CFrame.new(0.047762, 0.342580, -0.217762, 0.077968, -0.777525, -0.624000, -0.747517, 0.368547, -0.552622, 0.659651, 0.509538, -0.552478),

              ["RightUpperLeg"] = CFrame.new(0.000000, -0.000000, -0.000000, 0.997821, -0.050517, -0.042443, 0.050472, 0.998723, -0.002135, 0.042497, -0.000004, 0.999097),

              ["UpperTorso"] = CFrame.new(0.000000, 0.000000, 0.000000, 1.000000, 0.000000, 0.000000, 0.000000, 1.000000, 0.000000, -0.000000, 0.000000, 1.000000)

          }},

          {Time = 0.017, Data = {

              ["Head"] = CFrame.new(0.000000, 0.000000, 0.000000, 0.988771, -0.000499, 0.149437, -0.000997, 0.999950, 0.009933, -0.149435, -0.009971, 0.988721),

              ["LeftFoot"] = CFrame.new(-0.000000, -0.001535, -0.000003, 0.997038, -0.058837, -0.049542, 0.058909, 0.998263, -0.000007, 0.049454, -0.002900, 0.998772),

              ["LeftHand"] = CFrame.new(0.000496, 0.006389, -0.000000, 0.956993, -0.250868, 0.145706, 0.261275, 0.963580, -0.057010, -0.126096, 0.092627, 0.987684),

              ["LeftLowerArm"] = CFrame.new(-0.000500, 0.036482, 0.004722, 1.000000, -0.000000, -0.000000, 0.000000, 0.951868, -0.306508, 0.000000, 0.306508, 0.951868),

              ["LeftLowerLeg"] = CFrame.new(-0.000000, -0.001130, 0.000086, 1.000000, 0.000000, -0.000000, 0.000000, 1.000000, -0.000008, 0.000000, -0.000011, 1.000000),

              ["LeftUpperArm"] = CFrame.new(-0.072051, -0.003708, 0.258546, 0.855898, 0.090395, -0.509184, -0.007415, 0.986649, 0.162694, 0.517092, -0.135473, 0.845140),

              ["LeftUpperLeg"] = CFrame.new(0.000000, -0.000000, -0.000100, 0.997038, 0.058909, 0.049455, -0.058837, 0.998263, -0.002904, -0.049541, -0.000007, 0.998772),

              ["LowerTorso"] = CFrame.new(0.000000, 0.000000, 0.000000, 1.000000, 0.000000, -0.000000, 0.000000, 1.000000, 0.000000, 0.000000, 0.000000, 1.000000),

              ["RightFoot"] = CFrame.new(-0.000000, -0.000926, -0.000103, 0.997821, 0.050471, 0.042498, -0.050517, 0.998723, -0.000004, -0.042442, -0.002132, 0.999097),

              ["RightHand"] = CFrame.new(-0.000484, 0.024247, 0.000000, 0.603194, 0.688530, -0.402600, -0.707602, 0.229037, -0.668465, -0.368045, 0.688091, 0.625355),

              ["RightLowerArm"] = CFrame.new(-0.000000, 0.117403, 0.077008, 1.000000, 0.000000, 0.000000, -0.000000, 0.204526, -0.978861, -0.000000, 0.978861, 0.204526),

              ["RightLowerLeg"] = CFrame.new(-0.000000, -0.000923, -0.000009, 1.000000, -0.000000, 0.000000, -0.000000, 1.000000, -0.000008, -0.000000, -0.000011, 1.000000),

              ["RightUpperArm"] = CFrame.new(0.047762, 0.342580, -0.217762, 0.077968, -0.777525, -0.624000, -0.747517, 0.368547, -0.552622, 0.659651, 0.509538, -0.552478),

              ["RightUpperLeg"] = CFrame.new(0.000000, -0.000000, -0.000000, 0.997821, -0.050517, -0.042443, 0.050472, 0.998723, -0.002135, 0.042497, -0.000004, 0.999097),

              ["UpperTorso"] = CFrame.new(0.000000, 0.000000, 0.000000, 1.000000, 0.000000, 0.000000, 0.000000, 1.000000, 0.000000, -0.000000, 0.000000, 1.000000)

          }},

          {Time = 0.033, Data = {

              ["Head"] = CFrame.new(0.000000, 0.000000, 0.000000, 0.988771, -0.000499, 0.149437, -0.000997, 0.999950, 0.009933, -0.149435, -0.009971, 0.988721),

              ["LeftFoot"] = CFrame.new(-0.000000, -0.001535, -0.000003, 0.997038, -0.058837, -0.049542, 0.058909, 0.998263, -0.000007, 0.049454, -0.002900, 0.998772),

              ["LeftHand"] = CFrame.new(0.000496, 0.006389, -0.000000, 0.956993, -0.250868, 0.145706, 0.261275, 0.963580, -0.057010, -0.126096, 0.092627, 0.987684),

              ["LeftLowerArm"] = CFrame.new(-0.000500, 0.036482, 0.004722, 1.000000, -0.000000, -0.000000, 0.000000, 0.951868, -0.306508, 0.000000, 0.306508, 0.951868),

              ["LeftLowerLeg"] = CFrame.new(-0.000000, -0.001130, 0.000086, 1.000000, 0.000000, -0.000000, 0.000000, 1.000000, -0.000008, 0.000000, -0.000011, 1.000000),

              ["LeftUpperArm"] = CFrame.new(-0.072051, -0.003708, 0.258546, 0.855898, 0.090395, -0.509184, -0.007415, 0.986649, 0.162694, 0.517092, -0.135473, 0.845140),

              ["LeftUpperLeg"] = CFrame.new(0.000000, -0.000000, -0.000100, 0.997038, 0.058909, 0.049455, -0.058837, 0.998263, -0.002904, -0.049541, -0.000007, 0.998772),

              ["LowerTorso"] = CFrame.new(0.000000, 0.000000, 0.000000, 1.000000, 0.000000, -0.000000, 0.000000, 1.000000, 0.000000, 0.000000, 0.000000, 1.000000),

              ["RightFoot"] = CFrame.new(-0.000000, -0.000926, -0.000103, 0.997821, 0.050471, 0.042498, -0.050517, 0.998723, -0.000004, -0.042442, -0.002132, 0.999097),

              ["RightHand"] = CFrame.new(-0.000484, 0.024247, 0.000000, 0.603194, 0.688530, -0.402600, -0.707602, 0.229037, -0.668465, -0.368045, 0.688091, 0.625355),

              ["RightLowerArm"] = CFrame.new(-0.000000, 0.117403, 0.077008, 1.000000, 0.000000, 0.000000, -0.000000, 0.204526, -0.978861, -0.000000, 0.978861, 0.204526),

              ["RightLowerLeg"] = CFrame.new(-0.000000, -0.000923, -0.000009, 1.000000, -0.000000, 0.000000, -0.000000, 1.000000, -0.000008, -0.000000, -0.000011, 1.000000),

              ["RightUpperArm"] = CFrame.new(0.047762, 0.342580, -0.217762, 0.077968, -0.777525, -0.624000, -0.747517, 0.368547, -0.552622, 0.659651, 0.509538, -0.552478),

              ["RightUpperLeg"] = CFrame.new(0.000000, -0.000000, -0.000000, 0.997821, -0.050517, -0.042443, 0.050472, 0.998723, -0.002135, 0.042497, -0.000004, 0.999097),

              ["UpperTorso"] = CFrame.new(0.000000, 0.000000, 0.000000, 1.000000, 0.000000, 0.000000, 0.000000, 1.000000, 0.000000, -0.000000, 0.000000, 1.000000)

          }},

          {Time = 0.050, Data = {

              ["Head"] = CFrame.new(0.000000, 0.000000, 0.000000, 0.988771, -0.000499, 0.149437, -0.000997, 0.999950, 0.009933, -0.149435, -0.009971, 0.988721),

              ["LeftFoot"] = CFrame.new(-0.000000, -0.001535, -0.000003, 0.997038, -0.058837, -0.049542, 0.058909, 0.998263, -0.000007, 0.049454, -0.002900, 0.998772),

              ["LeftHand"] = CFrame.new(0.000496, 0.006389, -0.000000, 0.956993, -0.250868, 0.145706, 0.261275, 0.963580, -0.057010, -0.126096, 0.092627, 0.987684),

              ["LeftLowerArm"] = CFrame.new(-0.000500, 0.036482, 0.004722, 1.000000, -0.000000, -0.000000, 0.000000, 0.951868, -0.306508, 0.000000, 0.306508, 0.951868),

              ["LeftLowerLeg"] = CFrame.new(-0.000000, -0.001130, 0.000086, 1.000000, 0.000000, -0.000000, 0.000000, 1.000000, -0.000008, 0.000000, -0.000011, 1.000000),

              ["LeftUpperArm"] = CFrame.new(-0.072051, -0.003708, 0.258546, 0.855898, 0.090395, -0.509184, -0.007415, 0.986649, 0.162694, 0.517092, -0.135473, 0.845140),

              ["LeftUpperLeg"] = CFrame.new(0.000000, -0.000000, -0.000100, 0.997038, 0.058909, 0.049455, -0.058837, 0.998263, -0.002904, -0.049541, -0.000007, 0.998772),

              ["LowerTorso"] = CFrame.new(0.000000, 0.000000, 0.000000, 1.000000, 0.000000, -0.000000, 0.000000, 1.000000, 0.000000, 0.000000, 0.000000, 1.000000),

              ["RightFoot"] = CFrame.new(-0.000000, -0.000926, -0.000103, 0.997821, 0.050471, 0.042498, -0.050517, 0.998723, -0.000004, -0.042442, -0.002132, 0.999097),

              ["RightHand"] = CFrame.new(-0.000484, 0.024247, 0.000000, 0.603194, 0.688530, -0.402600, -0.707602, 0.229037, -0.668465, -0.368045, 0.688091, 0.625355),

              ["RightLowerArm"] = CFrame.new(-0.000000, 0.117403, 0.077008, 1.000000, 0.000000, 0.000000, -0.000000, 0.204526, -0.978861, -0.000000, 0.978861, 0.204526),

              ["RightLowerLeg"] = CFrame.new(-0.000000, -0.000923, -0.000009, 1.000000, -0.000000, 0.000000, -0.000000, 1.000000, -0.000008, -0.000000, -0.000011, 1.000000),

              ["RightUpperArm"] = CFrame.new(0.047762, 0.342580, -0.217762, 0.077968, -0.777525, -0.624000, -0.747517, 0.368547, -0.552622, 0.659651, 0.509538, -0.552478),

              ["RightUpperLeg"] = CFrame.new(0.000000, -0.000000, -0.000000, 0.997821, -0.050517, -0.042443, 0.050472, 0.998723, -0.002135, 0.042497, -0.000004, 0.999097),

              ["UpperTorso"] = CFrame.new(0.000000, 0.000000, 0.000000, 1.000000, 0.000000, 0.000000, 0.000000, 1.000000, 0.000000, -0.000000, 0.000000, 1.000000)

          }},

          {Time = 0.067, Data = {

              ["Head"] = CFrame.new(0.000000, 0.000000, 0.000000, 0.988771, -0.000499, 0.149437, -0.000997, 0.999950, 0.009933, -0.149435, -0.009971, 0.988721),

              ["LeftFoot"] = CFrame.new(-0.000000, -0.001535, -0.000003, 0.997038, -0.058837, -0.049542, 0.058909, 0.998263, -0.000007, 0.049454, -0.002900, 0.998772),

              ["LeftHand"] = CFrame.new(0.000496, 0.006389, -0.000000, 0.956993, -0.250868, 0.145706, 0.261275, 0.963580, -0.057010, -0.126096, 0.092627, 0.987684),

              ["LeftLowerArm"] = CFrame.new(-0.000500, 0.036482, 0.004722, 1.000000, -0.000000, -0.000000, 0.000000, 0.951868, -0.306508, 0.000000, 0.306508, 0.951868),

              ["LeftLowerLeg"] = CFrame.new(-0.000000, -0.001130, 0.000086, 1.000000, 0.000000, -0.000000, 0.000000, 1.000000, -0.000008, 0.000000, -0.000011, 1.000000),

              ["LeftUpperArm"] = CFrame.new(-0.072051, -0.003708, 0.258546, 0.855898, 0.090395, -0.509184, -0.007415, 0.986649, 0.162694, 0.517092, -0.135473, 0.845140),

              ["LeftUpperLeg"] = CFrame.new(0.000000, -0.000000, -0.000100, 0.997038, 0.058909, 0.049455, -0.058837, 0.998263, -0.002904, -0.049541, -0.000007, 0.998772),

              ["LowerTorso"] = CFrame.new(0.000000, 0.000000, 0.000000, 1.000000, 0.000000, -0.000000, 0.000000, 1.000000, 0.000000, 0.000000, 0.000000, 1.000000),

              ["RightFoot"] = CFrame.new(-0.000000, -0.000926, -0.000103, 0.997821, 0.050471, 0.042498, -0.050517, 0.998723, -0.000004, -0.042442, -0.002132, 0.999097),

              ["RightHand"] = CFrame.new(-0.000484, 0.024247, 0.000000, 0.603194, 0.688530, -0.402600, -0.707602, 0.229037, -0.668465, -0.368045, 0.688091, 0.625355),

              ["RightLowerArm"] = CFrame.new(-0.000000, 0.117403, 0.077008, 1.000000, 0.000000, 0.000000, -0.000000, 0.204526, -0.978861, -0.000000, 0.978861, 0.204526),

              ["RightLowerLeg"] = CFrame.new(-0.000000, -0.000923, -0.000009, 1.000000, -0.000000, 0.000000, -0.000000, 1.000000, -0.000008, -0.000000, -0.000011, 1.000000),

              ["RightUpperArm"] = CFrame.new(0.047762, 0.342580, -0.217762, 0.077968, -0.777525, -0.624000, -0.747517, 0.368547, -0.552622, 0.659651, 0.509538, -0.552478),

              ["RightUpperLeg"] = CFrame.new(0.000000, -0.000000, -0.000000, 0.997821, -0.050517, -0.042443, 0.050472, 0.998723, -0.002135, 0.042497, -0.000004, 0.999097),

              ["UpperTorso"] = CFrame.new(0.000000, 0.000000, 0.000000, 1.000000, 0.000000, 0.000000, 0.000000, 1.000000, 0.000000, -0.000000, 0.000000, 1.000000)

          }},

          {Time = 0.083, Data = {

              ["Head"] = CFrame.new(0.000000, 0.000000, 0.000000, 0.988771, -0.000499, 0.149437, -0.000997, 0.999950, 0.009933, -0.149435, -0.009971, 0.988721),

              ["LeftFoot"] = CFrame.new(-0.000000, -0.001535, -0.000003, 0.997038, -0.058837, -0.049542, 0.058909, 0.998263, -0.000007, 0.049454, -0.002900, 0.998772),

              ["LeftHand"] = CFrame.new(0.000496, 0.006389, -0.000000, 0.956993, -0.250868, 0.145706, 0.261275, 0.963580, -0.057010, -0.126096, 0.092627, 0.987684),

              ["LeftLowerArm"] = CFrame.new(-0.000500, 0.036482, 0.004722, 1.000000, -0.000000, -0.000000, 0.000000, 0.951868, -0.306508, 0.000000, 0.306508, 0.951868),

              ["LeftLowerLeg"] = CFrame.new(-0.000000, -0.001130, 0.000086, 1.000000, 0.000000, -0.000000, 0.000000, 1.000000, -0.000008, 0.000000, -0.000011, 1.000000),

              ["LeftUpperArm"] = CFrame.new(-0.072051, -0.003708, 0.258546, 0.855898, 0.090395, -0.509184, -0.007415, 0.986649, 0.162694, 0.517092, -0.135473, 0.845140),

              ["LeftUpperLeg"] = CFrame.new(0.000000, -0.000000, -0.000100, 0.997038, 0.058909, 0.049455, -0.058837, 0.998263, -0.002904, -0.049541, -0.000007, 0.998772),

              ["LowerTorso"] = CFrame.new(0.000000, 0.000000, 0.000000, 1.000000, 0.000000, -0.000000, 0.000000, 1.000000, 0.000000, 0.000000, 0.000000, 1.000000),

              ["RightFoot"] = CFrame.new(-0.000000, -0.000926, -0.000103, 0.997821, 0.050471, 0.042498, -0.050517, 0.998723, -0.000004, -0.042442, -0.002132, 0.999097),

              ["RightHand"] = CFrame.new(-0.000484, 0.024247, 0.000000, 0.603194, 0.688530, -0.402600, -0.707602, 0.229037, -0.668465, -0.368045, 0.688091, 0.625355),

              ["RightLowerArm"] = CFrame.new(-0.000000, 0.117403, 0.077008, 1.000000, 0.000000, 0.000000, -0.000000, 0.204526, -0.978861, -0.000000, 0.978861, 0.204526),

              ["RightLowerLeg"] = CFrame.new(-0.000000, -0.000923, -0.000009, 1.000000, -0.000000, 0.000000, -0.000000, 1.000000, -0.000008, -0.000000, -0.000011, 1.000000),

              ["RightUpperArm"] = CFrame.new(0.047762, 0.342580, -0.217762, 0.077968, -0.777525, -0.624000, -0.747517, 0.368547, -0.552622, 0.659651, 0.509538, -0.552478),

              ["RightUpperLeg"] = CFrame.new(0.000000, -0.000000, -0.000000, 0.997821, -0.050517, -0.042443, 0.050472, 0.998723, -0.002135, 0.042497, -0.000004, 0.999097),

              ["UpperTorso"] = CFrame.new(0.000000, 0.000000, 0.000000, 1.000000, 0.000000, 0.000000, 0.000000, 1.000000, 0.000000, -0.000000, 0.000000, 1.000000)

          }},

          {Time = 0.100, Data = {

              ["Head"] = CFrame.new(0.000000, 0.000000, 0.000000, 0.988771, -0.000499, 0.149437, -0.000997, 0.999950, 0.009933, -0.149435, -0.009971, 0.988721),

              ["LeftFoot"] = CFrame.new(-0.000000, -0.001535, -0.000003, 0.997038, -0.058837, -0.049542, 0.058909, 0.998263, -0.000007, 0.049454, -0.002900, 0.998772),

              ["LeftHand"] = CFrame.new(0.000496, 0.006389, -0.000000, 0.956993, -0.250868, 0.145706, 0.261275, 0.963580, -0.057010, -0.126096, 0.092627, 0.987684),

              ["LeftLowerArm"] = CFrame.new(-0.000500, 0.036482, 0.004722, 1.000000, -0.000000, -0.000000, 0.000000, 0.951868, -0.306508, 0.000000, 0.306508, 0.951868),

              ["LeftLowerLeg"] = CFrame.new(-0.000000, -0.001130, 0.000086, 1.000000, 0.000000, -0.000000, 0.000000, 1.000000, -0.000008, 0.000000, -0.000011, 1.000000),

              ["LeftUpperArm"] = CFrame.new(-0.072051, -0.003708, 0.258546, 0.855898, 0.090395, -0.509184, -0.007415, 0.986649, 0.162694, 0.517092, -0.135473, 0.845140),

              ["LeftUpperLeg"] = CFrame.new(0.000000, -0.000000, -0.000100, 0.997038, 0.058909, 0.049455, -0.058837, 0.998263, -0.002904, -0.049541, -0.000007, 0.998772),

              ["LowerTorso"] = CFrame.new(0.000000, 0.000000, 0.000000, 1.000000, 0.000000, -0.000000, 0.000000, 1.000000, 0.000000, 0.000000, 0.000000, 1.000000),

              ["RightFoot"] = CFrame.new(-0.000000, -0.000926, -0.000103, 0.997821, 0.050471, 0.042498, -0.050517, 0.998723, -0.000004, -0.042442, -0.002132, 0.999097),

              ["RightHand"] = CFrame.new(-0.000484, 0.024247, 0.000000, 0.603194, 0.688530, -0.402600, -0.707602, 0.229037, -0.668465, -0.368045, 0.688091, 0.625355),

              ["RightLowerArm"] = CFrame.new(-0.000000, 0.117403, 0.077008, 1.000000, 0.000000, 0.000000, -0.000000, 0.204526, -0.978861, -0.000000, 0.978861, 0.204526),

              ["RightLowerLeg"] = CFrame.new(-0.000000, -0.000923, -0.000009, 1.000000, -0.000000, 0.000000, -0.000000, 1.000000, -0.000008, -0.000000, -0.000011, 1.000000),

              ["RightUpperArm"] = CFrame.new(0.047762, 0.342580, -0.217762, 0.077968, -0.777525, -0.624000, -0.747517, 0.368547, -0.552622, 0.659651, 0.509538, -0.552478),

              ["RightUpperLeg"] = CFrame.new(0.000000, -0.000000, -0.000000, 0.997821, -0.050517, -0.042443, 0.050472, 0.998723, -0.002135, 0.042497, -0.000004, 0.999097),

              ["UpperTorso"] = CFrame.new(0.000000, 0.000000, 0.000000, 1.000000, 0.000000, 0.000000, 0.000000, 1.000000, 0.000000, -0.000000, 0.000000, 1.000000)

          }},

          {Time = 0.117, Data = {

              ["Head"] = CFrame.new(0.000000, 0.000000, 0.000000, 0.988771, -0.000499, 0.149437, -0.000997, 0.999950, 0.009933, -0.149435, -0.009971, 0.988721),

              ["LeftFoot"] = CFrame.new(-0.000000, -0.001535, -0.000003, 0.997038, -0.058837, -0.049542, 0.058909, 0.998263, -0.000007, 0.049454, -0.002900, 0.998772),

              ["LeftHand"] = CFrame.new(0.000496, 0.006389, -0.000000, 0.956993, -0.250868, 0.145706, 0.261275, 0.963580, -0.057010, -0.126096, 0.092627, 0.987684),

              ["LeftLowerArm"] = CFrame.new(-0.000500, 0.036482, 0.004722, 1.000000, -0.000000, -0.000000, 0.000000, 0.951868, -0.306508, 0.000000, 0.306508, 0.951868),

              ["LeftLowerLeg"] = CFrame.new(-0.000000, -0.001130, 0.000086, 1.000000, 0.000000, -0.000000, 0.000000, 1.000000, -0.000008, 0.000000, -0.000011, 1.000000),

              ["LeftUpperArm"] = CFrame.new(-0.072051, -0.003708, 0.258546, 0.855898, 0.090395, -0.509184, -0.007415, 0.986649, 0.162694, 0.517092, -0.135473, 0.845140),

              ["LeftUpperLeg"] = CFrame.new(0.000000, -0.000000, -0.000100, 0.997038, 0.058909, 0.049455, -0.058837, 0.998263, -0.002904, -0.049541, -0.000007, 0.998772),

              ["LowerTorso"] = CFrame.new(0.000000, 0.000000, 0.000000, 1.000000, 0.000000, -0.000000, 0.000000, 1.000000, 0.000000, 0.000000, 0.000000, 1.000000),

              ["RightFoot"] = CFrame.new(-0.000000, -0.000926, -0.000103, 0.997821, 0.050471, 0.042498, -0.050517, 0.998723, -0.000004, -0.042442, -0.002132, 0.999097),

              ["RightHand"] = CFrame.new(-0.000484, 0.024247, 0.000000, 0.603194, 0.688530, -0.402600, -0.707602, 0.229037, -0.668465, -0.368045, 0.688091, 0.625355),

              ["RightLowerArm"] = CFrame.new(-0.000000, 0.117403, 0.077008, 1.000000, 0.000000, 0.000000, -0.000000, 0.204526, -0.978861, -0.000000, 0.978861, 0.204526),

              ["RightLowerLeg"] = CFrame.new(-0.000000, -0.000923, -0.000009, 1.000000, -0.000000, 0.000000, -0.000000, 1.000000, -0.000008, -0.000000, -0.000011, 1.000000),

              ["RightUpperArm"] = CFrame.new(0.047762, 0.342580, -0.217762, 0.077968, -0.777525, -0.624000, -0.747517, 0.368547, -0.552622, 0.659651, 0.509538, -0.552478),

              ["RightUpperLeg"] = CFrame.new(0.000000, -0.000000, -0.000000, 0.997821, -0.050517, -0.042443, 0.050472, 0.998723, -0.002135, 0.042497, -0.000004, 0.999097),

              ["UpperTorso"] = CFrame.new(0.000000, 0.000000, 0.000000, 1.000000, 0.000000, 0.000000, 0.000000, 1.000000, 0.000000, -0.000000, 0.000000, 1.000000)

          }},

          {Time = 0.133, Data = {

              ["Head"] = CFrame.new(0.000000, 0.000000, 0.000000, 0.988771, -0.000499, 0.149437, -0.000997, 0.999950, 0.009933, -0.149435, -0.009971, 0.988721),

              ["LeftFoot"] = CFrame.new(-0.000000, -0.001535, -0.000003, 0.997038, -0.058837, -0.049542, 0.058909, 0.998263, -0.000007, 0.049454, -0.002900, 0.998772),

              ["LeftHand"] = CFrame.new(0.000496, 0.006389, -0.000000, 0.956993, -0.250868, 0.145706, 0.261275, 0.963580, -0.057010, -0.126096, 0.092627, 0.987684),

              ["LeftLowerArm"] = CFrame.new(-0.000500, 0.036482, 0.004722, 1.000000, -0.000000, -0.000000, 0.000000, 0.951868, -0.306508, 0.000000, 0.306508, 0.951868),

              ["LeftLowerLeg"] = CFrame.new(-0.000000, -0.001130, 0.000086, 1.000000, 0.000000, -0.000000, 0.000000, 1.000000, -0.000008, 0.000000, -0.000011, 1.000000),

              ["LeftUpperArm"] = CFrame.new(-0.072051, -0.003708, 0.258546, 0.855898, 0.090395, -0.509184, -0.007415, 0.986649, 0.162694, 0.517092, -0.135473, 0.845140),

              ["LeftUpperLeg"] = CFrame.new(0.000000, -0.000000, -0.000100, 0.997038, 0.058909, 0.049455, -0.058837, 0.998263, -0.002904, -0.049541, -0.000007, 0.998772),

              ["LowerTorso"] = CFrame.new(0.000000, 0.000000, 0.000000, 1.000000, 0.000000, -0.000000, 0.000000, 1.000000, 0.000000, 0.000000, 0.000000, 1.000000),

              ["RightFoot"] = CFrame.new(-0.000000, -0.000926, -0.000103, 0.997821, 0.050471, 0.042498, -0.050517, 0.998723, -0.000004, -0.042442, -0.002132, 0.999097),

              ["RightHand"] = CFrame.new(-0.000484, 0.024247, 0.000000, 0.603194, 0.688530, -0.402600, -0.707602, 0.229037, -0.668465, -0.368045, 0.688091, 0.625355),

              ["RightLowerArm"] = CFrame.new(-0.000000, 0.117403, 0.077008, 1.000000, 0.000000, 0.000000, -0.000000, 0.204526, -0.978861, -0.000000, 0.978861, 0.204526),

              ["RightLowerLeg"] = CFrame.new(-0.000000, -0.000923, -0.000009, 1.000000, -0.000000, 0.000000, -0.000000, 1.000000, -0.000008, -0.000000, -0.000011, 1.000000),

              ["RightUpperArm"] = CFrame.new(0.047762, 0.342580, -0.217762, 0.077968, -0.777525, -0.624000, -0.747517, 0.368547, -0.552622, 0.659651, 0.509538, -0.552478),

              ["RightUpperLeg"] = CFrame.new(0.000000, -0.000000, -0.000000, 0.997821, -0.050517, -0.042443, 0.050472, 0.998723, -0.002135, 0.042497, -0.000004, 0.999097),

              ["UpperTorso"] = CFrame.new(0.000000, 0.000000, 0.000000, 1.000000, 0.000000, 0.000000, 0.000000, 1.000000, 0.000000, -0.000000, 0.000000, 1.000000)

          }},

          {Time = 0.150, Data = {

              ["Head"] = CFrame.new(0.000000, 0.000000, 0.000000, 0.988771, -0.000499, 0.149437, -0.000997, 0.999950, 0.009933, -0.149435, -0.009971, 0.988721),

              ["LeftFoot"] = CFrame.new(-0.000000, -0.001535, -0.000003, 0.997038, -0.058837, -0.049542, 0.058909, 0.998263, -0.000007, 0.049454, -0.002900, 0.998772),

              ["LeftHand"] = CFrame.new(0.000496, 0.006389, -0.000000, 0.956993, -0.250868, 0.145706, 0.261275, 0.963580, -0.057010, -0.126096, 0.092627, 0.987684),

              ["LeftLowerArm"] = CFrame.new(-0.000500, 0.036482, 0.004722, 1.000000, -0.000000, -0.000000, 0.000000, 0.951868, -0.306508, 0.000000, 0.306508, 0.951868),

              ["LeftLowerLeg"] = CFrame.new(-0.000000, -0.001130, 0.000086, 1.000000, 0.000000, -0.000000, 0.000000, 1.000000, -0.000008, 0.000000, -0.000011, 1.000000),

              ["LeftUpperArm"] = CFrame.new(-0.072051, -0.003708, 0.258546, 0.855898, 0.090395, -0.509184, -0.007415, 0.986649, 0.162694, 0.517092, -0.135473, 0.845140),

              ["LeftUpperLeg"] = CFrame.new(0.000000, -0.000000, -0.000100, 0.997038, 0.058909, 0.049455, -0.058837, 0.998263, -0.002904, -0.049541, -0.000007, 0.998772),

              ["LowerTorso"] = CFrame.new(0.000000, 0.000000, 0.000000, 1.000000, 0.000000, -0.000000, 0.000000, 1.000000, 0.000000, 0.000000, 0.000000, 1.000000),

              ["RightFoot"] = CFrame.new(-0.000000, -0.000926, -0.000103, 0.997821, 0.050471, 0.042498, -0.050517, 0.998723, -0.000004, -0.042442, -0.002132, 0.999097),

              ["RightHand"] = CFrame.new(-0.000484, 0.024247, 0.000000, 0.603194, 0.688530, -0.402600, -0.707602, 0.229037, -0.668465, -0.368045, 0.688091, 0.625355),

              ["RightLowerArm"] = CFrame.new(-0.000000, 0.117403, 0.077008, 1.000000, 0.000000, 0.000000, -0.000000, 0.204526, -0.978861, -0.000000, 0.978861, 0.204526),

              ["RightLowerLeg"] = CFrame.new(-0.000000, -0.000923, -0.000009, 1.000000, -0.000000, 0.000000, -0.000000, 1.000000, -0.000008, -0.000000, -0.000011, 1.000000),

              ["RightUpperArm"] = CFrame.new(0.047762, 0.342580, -0.217762, 0.077968, -0.777525, -0.624000, -0.747517, 0.368547, -0.552622, 0.659651, 0.509538, -0.552478),

              ["RightUpperLeg"] = CFrame.new(0.000000, -0.000000, -0.000000, 0.997821, -0.050517, -0.042443, 0.050472, 0.998723, -0.002135, 0.042497, -0.000004, 0.999097),

              ["UpperTorso"] = CFrame.new(0.000000, 0.000000, 0.000000, 1.000000, 0.000000, 0.000000, 0.000000, 1.000000, 0.000000, -0.000000, 0.000000, 1.000000)

          }},

          {Time = 0.167, Data = {

              ["Head"] = CFrame.new(0.000000, 0.000000, 0.000000, 0.988771, -0.000499, 0.149437, -0.000997, 0.999950, 0.009933, -0.149435, -0.009971, 0.988721),

              ["LeftFoot"] = CFrame.new(-0.000000, -0.001535, -0.000003, 0.997038, -0.058837, -0.049542, 0.058909, 0.998263, -0.000007, 0.049454, -0.002900, 0.998772),

              ["LeftHand"] = CFrame.new(0.000496, 0.006389, -0.000000, 0.956993, -0.250868, 0.145706, 0.261275, 0.963580, -0.057010, -0.126096, 0.092627, 0.987684),

              ["LeftLowerArm"] = CFrame.new(-0.000500, 0.036482, 0.004722, 1.000000, -0.000000, -0.000000, 0.000000, 0.951868, -0.306508, 0.000000, 0.306508, 0.951868),

              ["LeftLowerLeg"] = CFrame.new(-0.000000, -0.001130, 0.000086, 1.000000, 0.000000, -0.000000, 0.000000, 1.000000, -0.000008, 0.000000, -0.000011, 1.000000),

              ["LeftUpperArm"] = CFrame.new(-0.072051, -0.003708, 0.258546, 0.855898, 0.090395, -0.509184, -0.007415, 0.986649, 0.162694, 0.517092, -0.135473, 0.845140),

              ["LeftUpperLeg"] = CFrame.new(0.000000, -0.000000, -0.000100, 0.997038, 0.058909, 0.049455, -0.058837, 0.998263, -0.002904, -0.049541, -0.000007, 0.998772),

              ["LowerTorso"] = CFrame.new(0.000000, 0.000000, 0.000000, 1.000000, 0.000000, -0.000000, 0.000000, 1.000000, 0.000000, 0.000000, 0.000000, 1.000000),

              ["RightFoot"] = CFrame.new(-0.000000, -0.000926, -0.000103, 0.997821, 0.050471, 0.042498, -0.050517, 0.998723, -0.000004, -0.042442, -0.002132, 0.999097),

              ["RightHand"] = CFrame.new(-0.000484, 0.024247, 0.000000, 0.603194, 0.688530, -0.402600, -0.707602, 0.229037, -0.668465, -0.368045, 0.688091, 0.625355),

              ["RightLowerArm"] = CFrame.new(-0.000000, 0.117403, 0.077008, 1.000000, 0.000000, 0.000000, -0.000000, 0.204526, -0.978861, -0.000000, 0.978861, 0.204526),

              ["RightLowerLeg"] = CFrame.new(-0.000000, -0.000923, -0.000009, 1.000000, -0.000000, 0.000000, -0.000000, 1.000000, -0.000008, -0.000000, -0.000011, 1.000000),

              ["RightUpperArm"] = CFrame.new(0.047762, 0.342580, -0.217762, 0.077968, -0.777525, -0.624000, -0.747517, 0.368547, -0.552622, 0.659651, 0.509538, -0.552478),

              ["RightUpperLeg"] = CFrame.new(0.000000, -0.000000, -0.000000, 0.997821, -0.050517, -0.042443, 0.050472, 0.998723, -0.002135, 0.042497, -0.000004, 0.999097),

              ["UpperTorso"] = CFrame.new(0.000000, 0.000000, 0.000000, 1.000000, 0.000000, 0.000000, 0.000000, 1.000000, 0.000000, -0.000000, 0.000000, 1.000000)

          }},

      }
}
