return {
["twerk 9"] = {

          {Time = 0.000, Data = {

              ["Head"] = CFrame.new(-0.000000, 0.000000, 0.000000, 0.999124, 0.041849, -0.000000, -0.041849, 0.999124, -0.000000, -0.000000, 0.000000, 1.000000),

              ["LeftFoot"] = CFrame.new(-0.000000, -0.066950, -0.000003, 0.995359, 0.073609, 0.061980, -0.077748, 0.994702, 0.067264, -0.056698, -0.071756, 0.995808),

              ["LeftHand"] = CFrame.new(0.000558, -0.087726, 0.000000, 0.999686, -0.022029, 0.011941, 0.024393, 0.964574, -0.262685, -0.005731, 0.262892, 0.964808),

              ["LeftLowerArm"] = CFrame.new(-0.000497, -0.087821, 0.000478, 1.000000, -0.000000, -0.000000, 0.000000, 1.000000, -0.000001, 0.000000, -0.000000, 1.000000),

              ["LeftLowerLeg"] = CFrame.new(0.000000, -0.066318, -0.000778, 1.000000, 0.000000, -0.000000, -0.000000, 1.000000, -0.000007, -0.000000, -0.000011, 1.000000),

              ["LeftUpperArm"] = CFrame.new(-0.184673, 0.371469, -0.499490, 0.041203, -0.415508, -0.908656, -0.018438, -0.909590, 0.415098, -0.998981, -0.000350, -0.045139),

              ["LeftUpperLeg"] = CFrame.new(0.020995, 0.004881, 0.127344, 0.952827, -0.301003, -0.038974, 0.297120, 0.951248, -0.082738, 0.061979, 0.067262, 0.995809),

              ["LowerTorso"] = CFrame.new(-0.254575, 0.010393, 0.000000, 0.974017, 0.226475, -0.000000, -0.226475, 0.974017, 0.000000, 0.000000, -0.000000, 1.000000),

              ["RightFoot"] = CFrame.new(-0.000000, 0.009445, -0.000103, 0.970535, 0.184326, 0.155207, -0.171336, 0.980776, -0.093398, -0.169429, 0.064049, 0.983457),

              ["RightHand"] = CFrame.new(-0.000499, 0.000916, 0.000000, 0.997926, 0.055972, -0.031790, -0.062850, 0.953917, -0.293419, 0.013902, 0.294806, 0.955455),

              ["RightLowerArm"] = CFrame.new(-0.000000, 0.004358, 0.000052, 1.000000, 0.000000, 0.000000, -0.000000, 0.999404, -0.034527, -0.000000, 0.034526, 0.999404),

              ["RightLowerLeg"] = CFrame.new(-0.000000, 0.044432, -0.006428, 1.000000, 0.000000, -0.000000, -0.000000, 0.934675, 0.355492, 0.000000, -0.355503, 0.934679),

              ["RightUpperArm"] = CFrame.new(0.178257, 0.400927, -0.499764, 0.029475, 0.274949, 0.961007, 0.008642, -0.961459, 0.274813, 0.999528, 0.000204, -0.030715),

              ["RightUpperLeg"] = CFrame.new(0.004024, -0.017305, 0.124366, 0.903571, -0.427419, -0.029522, 0.399338, 0.865156, -0.303357, 0.155203, 0.262331, 0.952420),

              ["UpperTorso"] = CFrame.new(0.159725, 0.037139, -0.000000, 0.961460, -0.274943, 0.000000, 0.274943, 0.961460, -0.000000, -0.000000, 0.000000, 1.000000)

          }},

          {Time = 0.017, Data = {

              ["Head"] = CFrame.new(0.000000, 0.000000, 0.000000, 0.999166, 0.040838, -0.000000, -0.040838, 0.999166, -0.000000, -0.000000, 0.000000, 1.000000),

              ["LeftFoot"] = CFrame.new(0.000000, -0.062144, -0.000003, 0.995478, 0.072662, 0.061183, -0.076333, 0.995279, 0.059962, -0.056535, -0.064346, 0.996324),

              ["LeftHand"] = CFrame.new(0.000557, -0.087097, -0.000000, 0.999685, -0.022055, 0.011957, 0.024426, 0.964400, -0.263318, -0.005723, 0.263525, 0.964635),

              ["LeftLowerArm"] = CFrame.new(-0.000497, -0.087193, 0.000474, 1.000000, -0.000000, -0.000000, 0.000000, 1.000000, -0.000001, 0.000000, -0.000000, 1.000000),

              ["LeftLowerLeg"] = CFrame.new(0.000000, -0.061529, -0.000714, 1.000000, 0.000000, 0.000000, 0.000000, 1.000000, -0.000007, -0.000000, -0.000011, 1.000000),

              ["LeftUpperArm"] = CFrame.new(-0.184662, 0.371503, -0.499490, 0.041225, -0.414111, -0.909293, -0.018372, -0.910227, 0.413703, -0.998981, -0.000350, -0.045131),

              ["LeftUpperLeg"] = CFrame.new(0.020995, 0.004881, 0.127344, 0.954320, -0.295954, -0.041036, 0.293234, 0.954066, -0.061412, 0.057327, 0.046581, 0.997269),

              ["LowerTorso"] = CFrame.new(-0.250360, 0.005546, -0.014551, 0.974916, 0.222554, -0.002870, -0.222572, 0.974820, -0.013656, -0.000242, 0.013952, 0.999903),

              ["RightFoot"] = CFrame.new(0.000000, 0.009869, -0.000103, 0.970728, 0.183728, 0.154704, -0.167556, 0.979493, -0.111894, -0.172079, 0.082691, 0.981604),

              ["RightHand"] = CFrame.new(-0.000500, 0.000634, -0.000000, 0.997928, 0.055953, -0.031777, -0.062893, 0.952523, -0.297902, 0.013599, 0.299281, 0.954068),

              ["RightLowerArm"] = CFrame.new(-0.000000, 0.002975, 0.000023, 1.000000, 0.000000, 0.000000, -0.000000, 0.999724, -0.023486, -0.000000, 0.023485, 0.999724),

              ["RightLowerLeg"] = CFrame.new(0.000000, 0.046790, -0.007196, 1.000000, 0.000000, -0.000000, -0.000000, 0.926874, 0.375362, 0.000000, -0.375372, 0.926879),

              ["RightUpperArm"] = CFrame.new(0.178260, 0.400902, -0.499764, 0.029468, 0.281891, 0.958994, 0.008691, -0.959446, 0.281756, 0.999528, 0.000032, -0.030723),

              ["RightUpperLeg"] = CFrame.new(0.004024, -0.017305, 0.124366, 0.905448, -0.423422, -0.029642, 0.397300, 0.870020, -0.291906, 0.149390, 0.252544, 0.955987),

              ["UpperTorso"] = CFrame.new(0.156363, 0.040089, 0.008449, 0.962791, -0.270246, -0.000242, 0.270223, 0.962697, 0.013952, -0.003538, -0.013498, 0.999903)

          }},

          {Time = 0.033, Data = {

              ["Head"] = CFrame.new(0.000000, -0.000000, 0.000000, 0.999280, 0.037953, -0.000000, -0.037953, 0.999280, -0.000000, -0.000000, 0.000000, 1.000000),

              ["LeftFoot"] = CFrame.new(-0.000000, -0.049476, -0.000003, 0.995850, 0.069620, 0.058622, -0.072017, 0.996609, 0.039820, -0.055649, -0.043863, 0.997486),

              ["LeftHand"] = CFrame.new(0.000556, -0.085306, 0.000000, 0.999683, -0.022131, 0.012001, 0.024521, 0.963901, -0.265132, -0.005700, 0.265340, 0.964137),

              ["LeftLowerArm"] = CFrame.new(-0.000497, -0.085404, 0.000465, 1.000000, -0.000000, -0.000000, 0.000000, 1.000000, -0.000001, 0.000000, -0.000000, 1.000000),

              ["LeftLowerLeg"] = CFrame.new(0.000000, -0.048904, -0.000547, 1.000000, -0.000000, 0.000000, 0.000000, 1.000000, -0.000008, 0.000000, -0.000011, 1.000000),

              ["LeftUpperArm"] = CFrame.new(-0.184632, 0.371596, -0.499491, 0.041284, -0.410111, -0.911101, -0.018182, -0.912036, 0.409707, -0.998982, -0.000349, -0.045109),

              ["LeftUpperLeg"] = CFrame.new(0.020995, 0.004882, 0.127344, 0.958538, -0.281225, -0.046009, 0.281398, 0.959587, -0.002794, 0.044937, -0.010261, 0.998937),

              ["LowerTorso"] = CFrame.new(-0.238295, -0.007137, -0.053773, 0.977373, 0.211279, -0.010102, -0.211519, 0.976046, -0.050926, -0.000900, 0.051911, 0.998651),

              ["RightFoot"] = CFrame.new(0.000000, 0.010890, -0.000103, 0.971423, 0.181567, 0.152883, -0.157020, 0.974593, -0.159741, -0.177992, 0.131160, 0.975248),

              ["RightHand"] = CFrame.new(-0.000500, -0.000413, -0.000000, 0.997932, 0.055899, -0.031740, -0.062956, 0.949647, -0.306933, 0.012985, 0.308294, 0.951202),

              ["RightLowerArm"] = CFrame.new(-0.000000, -0.000413, 0.000002, 1.000000, 0.000000, 0.000000, -0.000000, 1.000000, -0.000001, -0.000000, -0.000000, 1.000000),

              ["RightLowerLeg"] = CFrame.new(0.000000, 0.052497, -0.009269, 1.000000, 0.000000, 0.000000, -0.000000, 0.905829, 0.423635, 0.000000, -0.423644, 0.905833),

              ["RightUpperArm"] = CFrame.new(0.178272, 0.400833, -0.499764, 0.029444, 0.297693, 0.954208, 0.008830, -0.954662, 0.297562, 0.999527, -0.000336, -0.030738),

              ["RightUpperLeg"] = CFrame.new(0.004024, -0.017305, 0.124366, 0.910900, -0.411443, -0.031231, 0.390395, 0.883855, -0.257651, 0.133614, 0.222518, 0.965733),

              ["UpperTorso"] = CFrame.new(0.147035, 0.049154, 0.030631, 0.966436, -0.256905, -0.000900, 0.256604, 0.965122, 0.051911, -0.012468, -0.050399, 0.998651)

          }},

          {Time = 0.050, Data = {

              ["Head"] = CFrame.new(0.000000, 0.000000, -0.000000, 0.999442, 0.033417, -0.000000, -0.033417, 0.999442, -0.000000, -0.000000, 0.000000, 1.000000),

              ["LeftFoot"] = CFrame.new(0.000000, -0.031849, -0.000003, 0.996500, 0.063942, 0.053841, -0.064529, 0.997873, 0.009236, -0.053134, -0.012666, 0.998507),

              ["LeftHand"] = CFrame.new(0.000554, -0.082504, 0.000000, 0.999680, -0.022251, 0.012072, 0.024673, 0.963101, -0.268010, -0.005663, 0.268220, 0.963340),

              ["LeftLowerArm"] = CFrame.new(-0.000498, -0.082606, 0.000449, 1.000000, -0.000000, -0.000000, 0.000000, 1.000000, -0.000001, 0.000000, -0.000000, 1.000000),

              ["LeftLowerLeg"] = CFrame.new(-0.000000, -0.031339, -0.000314, 1.000000, -0.000000, 0.000000, -0.000000, 1.000000, -0.000008, -0.000000, -0.000011, 1.000000),

              ["LeftUpperArm"] = CFrame.new(-0.184586, 0.371747, -0.499492, 0.041377, -0.403779, -0.913920, -0.017881, -0.914856, 0.403383, -0.998984, -0.000349, -0.045074),

              ["LeftUpperLeg"] = CFrame.new(0.020995, 0.004881, 0.127344, 0.964989, -0.257180, -0.051531, 0.260829, 0.961625, 0.085130, 0.027660, -0.095583, 0.995036),

              ["LowerTorso"] = CFrame.new(-0.219233, -0.024570, -0.110980, 0.980945, 0.193341, -0.019140, -0.194277, 0.975178, -0.106225, -0.001873, 0.107919, 0.994158),

              ["RightFoot"] = CFrame.new(-0.000000, 0.012070, -0.000103, 0.972835, 0.177091, 0.149115, -0.141345, 0.964458, -0.223270, -0.183343, 0.196113, 0.963284),

              ["RightHand"] = CFrame.new(-0.000503, -0.004475, 0.000000, 0.997938, 0.055814, -0.031690, -0.062819, 0.950616, -0.303949, 0.013160, 0.305311, 0.952161),

              ["RightLowerArm"] = CFrame.new(-0.000000, -0.004469, 0.000024, 1.000000, 0.000000, 0.000000, -0.000000, 1.000000, -0.000001, -0.000000, -0.000000, 1.000000),

              ["RightLowerLeg"] = CFrame.new(0.000000, 0.059042, -0.012028, 1.000000, 0.000000, 0.000000, -0.000000, 0.877755, 0.479103, 0.000000, -0.479109, 0.877759),

              ["RightUpperArm"] = CFrame.new(0.178294, 0.400725, -0.499763, 0.029401, 0.304444, 0.952076, 0.009044, -0.952530, 0.304309, 0.999527, -0.000337, -0.030759),

              ["RightUpperLeg"] = CFrame.new(0.004024, -0.017305, 0.124366, 0.919612, -0.391091, -0.036899, 0.376875, 0.904860, -0.197955, 0.110808, 0.168153, 0.979516),

              ["UpperTorso"] = CFrame.new(0.132954, 0.065435, 0.061358, 0.971746, -0.236022, -0.001873, 0.234840, 0.966025, 0.107919, -0.023662, -0.105310, 0.994158)

          }},

          {Time = 0.067, Data = {

              ["Head"] = CFrame.new(-0.000000, 0.000000, 0.000000, 0.999623, 0.027453, -0.000000, -0.027453, 0.999623, -0.000000, -0.000000, 0.000000, 1.000000),

              ["LeftFoot"] = CFrame.new(-0.000000, -0.012302, -0.000003, 0.997423, 0.054882, 0.046212, -0.053568, 0.998137, -0.029205, -0.047727, 0.026663, 0.998505),

              ["LeftHand"] = CFrame.new(0.000552, -0.078833, 0.000000, 0.999675, -0.022410, 0.012166, 0.024874, 0.962020, -0.271846, -0.005611, 0.272058, 0.962264),

              ["LeftLowerArm"] = CFrame.new(-0.000498, -0.078937, 0.000429, 1.000000, -0.000000, -0.000000, 0.000000, 1.000000, -0.000001, 0.000000, -0.000000, 1.000000),

              ["LeftLowerLeg"] = CFrame.new(-0.000000, -0.011859, -0.000056, 1.000000, -0.000000, -0.000000, 0.000000, 1.000000, -0.000008, -0.000000, -0.000011, 1.000000),

              ["LeftUpperArm"] = CFrame.new(-0.184526, 0.371946, -0.499493, 0.041497, -0.395374, -0.917582, -0.017484, -0.918520, 0.394987, -0.998986, -0.000349, -0.045028),

              ["LeftUpperLeg"] = CFrame.new(0.020995, 0.004882, 0.127344, 0.973018, -0.224165, -0.054654, 0.230564, 0.953666, 0.193300, 0.008791, -0.200679, 0.979616),

              ["LowerTorso"] = CFrame.new(-0.194121, -0.043668, -0.179397, 0.985127, 0.169658, -0.027237, -0.171803, 0.969695, -0.173712, -0.003060, 0.175808, 0.984420),

              ["RightFoot"] = CFrame.new(0.000000, 0.013095, -0.000103, 0.975180, 0.169375, 0.142617, -0.122295, 0.948949, -0.290774, -0.184575, 0.266096, 0.946103),

              ["RightHand"] = CFrame.new(-0.000506, -0.009834, -0.000000, 0.997946, 0.055705, -0.031626, -0.062642, 0.951851, -0.300095, 0.013386, 0.301458, 0.953385),

              ["RightLowerArm"] = CFrame.new(-0.000000, -0.009822, 0.000053, 1.000000, 0.000000, 0.000000, -0.000000, 1.000000, -0.000001, -0.000000, -0.000000, 1.000000),

              ["RightLowerLeg"] = CFrame.new(0.000000, 0.064626, -0.014730, 1.000000, 0.000000, 0.000000, -0.000000, 0.850229, 0.526409, 0.000000, -0.526412, 0.850232),

              ["RightUpperArm"] = CFrame.new(0.178323, 0.400586, -0.499763, 0.029342, 0.313223, 0.949226, 0.009323, -0.949680, 0.313084, 0.999526, -0.000337, -0.030786),

              ["RightUpperLeg"] = CFrame.new(0.004024, -0.017305, 0.124366, 0.931139, -0.361602, -0.047163, 0.354761, 0.928178, -0.112365, 0.084408, 0.087915, 0.992547),

              ["UpperTorso"] = CFrame.new(0.115351, 0.089670, 0.095144, 0.977978, -0.208685, -0.003060, 0.205962, 0.962638, 0.175808, -0.033743, -0.172566, 0.984420)

          }},

          {Time = 0.083, Data = {

              ["Head"] = CFrame.new(-0.000000, 0.000000, 0.000000, 0.999794, 0.020283, -0.000000, -0.020283, 0.999794, -0.000000, -0.000000, 0.000000, 1.000000),

              ["LeftFoot"] = CFrame.new(0.000000, 0.002217, -0.000003, 0.998517, 0.041643, 0.035065, -0.037769, 0.993785, -0.104708, -0.039205, 0.103231, 0.993885),

              ["LeftHand"] = CFrame.new(0.000549, -0.074459, -0.000000, 0.999669, -0.022605, 0.012280, 0.025120, 0.960677, -0.276531, -0.005546, 0.276746, 0.960926),

              ["LeftLowerArm"] = CFrame.new(-0.000498, -0.074568, 0.000405, 1.000000, -0.000000, -0.000000, 0.000000, 1.000000, -0.000001, 0.000000, -0.000000, 1.000000),

              ["LeftLowerLeg"] = CFrame.new(-0.000000, 0.009497, -0.000120, 1.000000, -0.000000, -0.000000, 0.000000, 0.997600, 0.069223, -0.000000, -0.069241, 0.997601),

              ["LeftUpperArm"] = CFrame.new(-0.184456, 0.372187, -0.499494, 0.041638, -0.385150, -0.921914, -0.017001, -0.922854, 0.384775, -0.998988, -0.000348, -0.044973),

              ["LeftUpperLeg"] = CFrame.new(0.020995, 0.004882, 0.127344, 0.981751, -0.184668, -0.045425, 0.189992, 0.942041, 0.276524, -0.008273, -0.280100, 0.959933),

              ["LowerTorso"] = CFrame.new(-0.164068, -0.061726, -0.252189, 0.989412, 0.141567, -0.031982, -0.145069, 0.958035, -0.247231, -0.004360, 0.249253, 0.968429),

              ["RightFoot"] = CFrame.new(0.000000, 0.013777, -0.000103, 0.978590, 0.157448, 0.132574, -0.101800, 0.930036, -0.353108, -0.178883, 0.332029, 0.926142),

              ["RightHand"] = CFrame.new(-0.000511, -0.016316, -0.000000, 0.997956, 0.055577, -0.031550, -0.062432, 0.953281, -0.295567, 0.013649, 0.296930, 0.954801),

              ["RightLowerArm"] = CFrame.new(-0.000000, -0.016297, 0.000089, 1.000000, 0.000000, 0.000000, -0.000000, 1.000000, -0.000001, -0.000000, -0.000000, 1.000000),

              ["RightLowerLeg"] = CFrame.new(-0.000000, 0.068263, -0.016673, 1.000000, 0.000000, 0.000000, -0.000000, 0.830397, 0.557169, 0.000000, -0.557172, 0.830399),

              ["RightUpperArm"] = CFrame.new(0.178360, 0.400420, -0.499762, 0.029269, 0.323629, 0.945731, 0.009654, -0.946184, 0.323485, 0.999525, -0.000338, -0.030818),

              ["RightUpperLeg"] = CFrame.new(0.004024, -0.017305, 0.124366, 0.944808, -0.322102, -0.059897, 0.322419, 0.946586, -0.004546, 0.058163, -0.014997, 0.998194),

              ["UpperTorso"] = CFrame.new(0.095375, 0.121000, 0.126746, 0.984379, -0.176007, -0.004360, 0.171523, 0.953128, 0.249253, -0.039714, -0.246107, 0.968429)

          }},

          {Time = 0.100, Data = {

              ["Head"] = CFrame.new(0.000000, -0.000000, -0.000000, 0.999926, 0.012132, -0.000000, -0.012132, 0.999926, -0.000000, -0.000000, 0.000000, 1.000000),

              ["LeftFoot"] = CFrame.new(-0.000000, 0.006260, -0.000003, 0.999525, 0.023588, 0.019862, -0.018670, 0.975544, -0.219018, -0.024541, 0.218533, 0.975519),

              ["LeftHand"] = CFrame.new(0.000546, -0.069554, 0.000000, 0.999662, -0.022831, 0.012413, 0.025405, 0.959090, -0.281960, -0.005468, 0.282178, 0.959346),

              ["LeftLowerArm"] = CFrame.new(-0.000498, -0.069669, 0.000379, 1.000000, -0.000000, -0.000000, 0.000000, 1.000000, -0.000001, 0.000000, -0.000000, 1.000000),

              ["LeftLowerLeg"] = CFrame.new(0.000000, 0.028482, -0.002316, 1.000000, -0.000000, -0.000000, 0.000000, 0.975318, 0.220790, -0.000000, -0.220806, 0.975321),

              ["LeftUpperArm"] = CFrame.new(-0.184379, 0.372465, -0.499495, 0.041793, -0.373364, -0.926743, -0.016447, -0.927685, 0.373001, -0.998991, -0.000347, -0.044911),

              ["LeftUpperLeg"] = CFrame.new(0.020995, 0.004882, 0.127344, 0.990042, -0.138516, -0.025094, 0.139275, 0.937928, 0.317648, -0.020462, -0.317969, 0.947877),

              ["LowerTorso"] = CFrame.new(-0.130328, -0.076681, -0.322557, 0.993342, 0.110754, -0.031720, -0.115067, 0.940232, -0.320504, -0.005672, 0.322019, 0.946716),

              ["RightFoot"] = CFrame.new(0.000000, 0.014027, -0.000103, 0.982988, 0.140504, 0.118306, -0.081677, 0.911282, -0.403625, -0.164511, 0.387071, 0.907243),

              ["RightHand"] = CFrame.new(-0.000516, -0.023744, -0.000000, 0.997966, 0.055434, -0.031466, -0.062199, 0.954836, -0.290554, 0.013937, 0.291918, 0.956341),

              ["RightLowerArm"] = CFrame.new(-0.000001, -0.023715, 0.000129, 1.000000, 0.000000, 0.000000, -0.000000, 1.000000, -0.000001, -0.000000, -0.000000, 1.000000),

              ["RightLowerLeg"] = CFrame.new(-0.000000, 0.069580, -0.017414, 1.000000, 0.000000, 0.000000, -0.000000, 0.822828, 0.568289, 0.000000, -0.568291, 0.822829),

              ["RightUpperArm"] = CFrame.new(0.178403, 0.400235, -0.499762, 0.029183, 0.335270, 0.941670, 0.010026, -0.942122, 0.335120, 0.999524, -0.000339, -0.030855),

              ["RightUpperLeg"] = CFrame.new(0.004024, -0.017305, 0.124366, 0.959603, -0.272264, -0.070957, 0.279071, 0.953123, 0.116960, 0.035788, -0.132017, 0.990599),

              ["UpperTorso"] = CFrame.new(0.074011, 0.156441, 0.151886, 0.990256, -0.139140, -0.005672, 0.133539, 0.937268, 0.322019, -0.039489, -0.319639, 0.946716)

          }},

          {Time = 0.117, Data = {

              ["Head"] = CFrame.new(0.000000, -0.000000, 0.000000, 0.999995, 0.003223, -0.000000, -0.003223, 0.999995, -0.000000, -0.000000, 0.000000, 1.000000),

              ["LeftFoot"] = CFrame.new(-0.000000, 0.008443, -0.000003, 1.000000, 0.000527, 0.000444, -0.000368, 0.952867, -0.303406, -0.000583, 0.303389, 0.952861),

              ["LeftHand"] = CFrame.new(0.000542, -0.064244, -0.000000, 0.999655, -0.023082, 0.012561, 0.025723, 0.957281, -0.288016, -0.005376, 0.288237, 0.957543),

              ["LeftLowerArm"] = CFrame.new(-0.000498, -0.064367, 0.000350, 1.000000, -0.000000, -0.000000, 0.000000, 1.000000, -0.000001, 0.000000, -0.000000, 1.000000),

              ["LeftLowerLeg"] = CFrame.new(0.000000, 0.040183, -0.005007, 1.000000, -0.000000, -0.000000, 0.000000, 0.948065, 0.318062, -0.000000, -0.318076, 0.948070),

              ["LeftUpperArm"] = CFrame.new(-0.184296, 0.372771, -0.499497, 0.041956, -0.360283, -0.931899, -0.015834, -0.932843, 0.359935, -0.998994, -0.000346, -0.044843),

              ["LeftUpperLeg"] = CFrame.new(0.020995, 0.004882, 0.127344, 0.996494, -0.083448, -0.006052, 0.079647, 0.923991, 0.374041, -0.025621, -0.373198, 0.927393),

              ["LowerTorso"] = CFrame.new(-0.094187, -0.087198, -0.383868, 0.996541, 0.078990, -0.025826, -0.082819, 0.918147, -0.387489, -0.006896, 0.388287, 0.921513),

              ["RightFoot"] = CFrame.new(0.000000, 0.013844, -0.000103, 0.987991, 0.118197, 0.099524, -0.063160, 0.896757, -0.438018, -0.141012, 0.426447, 0.893440),

              ["RightHand"] = CFrame.new(-0.000521, -0.031905, -0.000000, 0.997978, 0.055283, -0.031376, -0.061950, 0.956453, -0.285237, 0.014241, 0.286602, 0.957943),

              ["RightLowerArm"] = CFrame.new(-0.000001, -0.031867, 0.000173, 1.000000, 0.000000, 0.000000, -0.000000, 1.000000, -0.000001, -0.000000, -0.000000, 1.000000),

              ["RightLowerLeg"] = CFrame.new(0.000000, 0.068613, -0.016868, 1.000000, 0.000000, 0.000000, -0.000000, 0.828409, 0.560122, 0.000000, -0.560124, 0.828410),

              ["RightUpperArm"] = CFrame.new(0.178452, 0.400035, -0.499761, 0.029085, 0.347765, 0.937131, 0.010426, -0.937582, 0.347609, 0.999523, -0.000340, -0.030895),

              ["RightUpperLeg"] = CFrame.new(0.004024, -0.017305, 0.124366, 0.974098, -0.213112, -0.075617, 0.225206, 0.944443, 0.239413, 0.020395, -0.250222, 0.967969),

              ["UpperTorso"] = CFrame.new(0.052016, 0.191051, 0.167907, 0.995035, -0.099288, -0.006896, 0.094164, 0.916715, 0.388287, -0.032231, -0.387008, 0.921513)

          }},

          {Time = 0.133, Data = {

              ["Head"] = CFrame.new(0.000000, 0.000000, 0.000000, 0.999981, -0.006219, 0.000000, 0.006219, 0.999981, -0.000000, -0.000000, 0.000000, 1.000000),

              ["LeftFoot"] = CFrame.new(0.000000, 0.009796, -0.000003, 0.999381, -0.026920, -0.022667, 0.016871, 0.931741, -0.362752, 0.030884, 0.362124, 0.931610),

              ["LeftHand"] = CFrame.new(0.000539, -0.058695, -0.000000, 0.999646, -0.023354, 0.012721, 0.026066, 0.955273, -0.294576, -0.005273, 0.294801, 0.955544),

              ["LeftLowerArm"] = CFrame.new(-0.000498, -0.058823, 0.000319, 1.000000, -0.000000, -0.000000, 0.000000, 1.000000, -0.000001, 0.000000, -0.000000, 1.000000),

              ["LeftLowerLeg"] = CFrame.new(0.000000, 0.047695, -0.007335, 1.000000, -0.000000, -0.000000, 0.000000, 0.924447, 0.381300, -0.000000, -0.381311, 0.924451),

              ["LeftUpperArm"] = CFrame.new(-0.184213, 0.373100, -0.499498, 0.042122, -0.346192, -0.937218, -0.015176, -0.938164, 0.345859, -0.998997, -0.000346, -0.044771),

              ["LeftUpperLeg"] = CFrame.new(0.020995, 0.004882, 0.127343, 0.999639, -0.022161, 0.015177, 0.013602, 0.904909, 0.425403, -0.023161, -0.425029, 0.904877),

              ["LowerTorso"] = CFrame.new(-0.056821, -0.092607, -0.429750, 0.998749, 0.047773, -0.014767, -0.049370, 0.895299, -0.442720, -0.007929, 0.442896, 0.896538),

              ["RightFoot"] = CFrame.new(0.000000, 0.013292, -0.000103, 0.992903, 0.090980, 0.076606, -0.046509, 0.889819, -0.453962, -0.109460, 0.447152, 0.887722),

              ["RightHand"] = CFrame.new(-0.000527, -0.040629, 0.000000, 0.997989, 0.055128, -0.031285, -0.061693, 0.958080, -0.279783, 0.014549, 0.281149, 0.959553),

              ["RightLowerArm"] = CFrame.new(-0.000001, -0.040580, 0.000221, 1.000000, 0.000000, 0.000000, -0.000000, 1.000000, -0.000001, -0.000000, -0.000000, 1.000000),

              ["RightLowerLeg"] = CFrame.new(0.000000, 0.065683, -0.015278, 1.000000, 0.000000, 0.000000, -0.000000, 0.844634, 0.535342, 0.000000, -0.535345, 0.844636),

              ["RightUpperArm"] = CFrame.new(0.178506, 0.399826, -0.499761, 0.028977, 0.360756, 0.932210, 0.010843, -0.932660, 0.360593, 0.999521, -0.000341, -0.030937),

              ["RightUpperLeg"] = CFrame.new(0.004024, -0.017305, 0.124366, 0.986561, -0.147414, -0.070475, 0.162815, 0.923193, 0.348165, 0.013738, -0.354942, 0.934781),

              ["UpperTorso"] = CFrame.new(0.029876, 0.218599, 0.174016, 0.998302, -0.057703, -0.007929, 0.055242, 0.894870, 0.442896, -0.018461, -0.442582, 0.896538)

          }},

          {Time = 0.150, Data = {

              ["Head"] = CFrame.new(0.000000, 0.000000, 0.000000, 0.999873, -0.015969, 0.000000, 0.015969, 0.999873, -0.000000, -0.000000, 0.000000, 1.000000),

              ["LeftFoot"] = CFrame.new(-0.000000, 0.010695, -0.000003, 0.997217, -0.057036, -0.048025, 0.033178, 0.916250, -0.399254, 0.066771, 0.396526, 0.915582),

              ["LeftHand"] = CFrame.new(0.000535, -0.053036, 0.000000, 0.999637, -0.023641, 0.012890, 0.026428, 0.953100, -0.301502, -0.005158, 0.301731, 0.953378),

              ["LeftLowerArm"] = CFrame.new(-0.000499, -0.053172, 0.000289, 1.000000, -0.000000, -0.000000, 0.000000, 1.000000, -0.000001, 0.000000, -0.000000, 1.000000),

              ["LeftLowerLeg"] = CFrame.new(0.000000, 0.052717, -0.009175, 1.000000, -0.000000, -0.000000, 0.000000, 0.905756, 0.423790, -0.000000, -0.423799, 0.905760),

              ["LeftUpperArm"] = CFrame.new(-0.184131, 0.373443, -0.499500, 0.042287, -0.331391, -0.942546, -0.014488, -0.943493, 0.331074, -0.999000, -0.000345, -0.044698),

              ["LeftUpperLeg"] = CFrame.new(0.020995, 0.004881, 0.127343, 0.998372, 0.042357, 0.038214, -0.055139, 0.888301, 0.455954, -0.014633, -0.457304, 0.889183),

              ["LowerTorso"] = CFrame.new(-0.019171, -0.092689, -0.454108, 0.999838, 0.018011, -0.000000, -0.015786, 0.876336, -0.481442, -0.008671, 0.481364, 0.876478),

              ["RightFoot"] = CFrame.new(0.000000, 0.012480, -0.000103, 0.996884, 0.060342, 0.050809, -0.031059, 0.892319, -0.450361, -0.072509, 0.447355, 0.891400),

              ["RightHand"] = CFrame.new(-0.000533, -0.049712, -0.000000, 0.998001, 0.054973, -0.031193, -0.061436, 0.959668, -0.274343, 0.014853, 0.275709, 0.961126),

              ["RightLowerArm"] = CFrame.new(-0.000001, -0.049652, 0.000271, 1.000000, 0.000000, 0.000000, -0.000000, 1.000000, -0.000001, -0.000000, -0.000000, 1.000000),

              ["RightLowerLeg"] = CFrame.new(0.000000, 0.061290, -0.013075, 1.000000, 0.000000, 0.000000, -0.000000, 0.867092, 0.498143, 0.000000, -0.498149, 0.867095),

              ["RightUpperArm"] = CFrame.new(0.178564, 0.399614, -0.499760, 0.028861, 0.373903, 0.927019, 0.011267, -0.927468, 0.373733, 0.999520, -0.000342, -0.030980),

              ["RightUpperLeg"] = CFrame.new(0.004024, -0.017305, 0.124366, 0.995329, -0.079240, -0.055149, 0.095292, 0.897980, 0.429611, 0.015481, -0.432843, 0.901329),

              ["UpperTorso"] = CFrame.new(0.007780, 0.232472, 0.170826, 0.999840, -0.015669, -0.008671, 0.017908, 0.876338, 0.481364, 0.000057, -0.481442, 0.876478)

          }},

          {Time = 0.167, Data = {

              ["Head"] = CFrame.new(-0.000000, 0.000000, 0.000000, 0.999667, -0.025802, 0.000000, 0.025802, 0.999667, -0.000000, -0.000000, 0.000000, 1.000000),

              ["LeftFoot"] = CFrame.new(-0.000000, 0.011440, -0.000003, 0.993418, -0.087623, -0.073779, 0.048786, 0.906412, -0.419591, 0.103633, 0.413206, 0.904710),

              ["LeftHand"] = CFrame.new(0.000531, -0.047433, -0.000000, 0.999628, -0.023937, 0.013064, 0.026801, 0.950800, -0.308646, -0.005034, 0.308879, 0.951087),

              ["LeftLowerArm"] = CFrame.new(-0.000498, -0.047575, 0.000258, 1.000000, -0.000000, -0.000000, 0.000000, 1.000000, -0.000001, 0.000000, -0.000000, 1.000000),

              ["LeftLowerLeg"] = CFrame.new(-0.000000, 0.056862, -0.010875, 1.000000, -0.000000, -0.000000, 0.000000, 0.888475, 0.458917, -0.000000, -0.458925, 0.888479),

              ["LeftUpperArm"] = CFrame.new(-0.184053, 0.373795, -0.499502, 0.042444, -0.316208, -0.947740, -0.013785, -0.948690, 0.315907, -0.999004, -0.000344, -0.044625),

              ["LeftUpperLeg"] = CFrame.new(0.020995, 0.004881, 0.127344, 0.992416, 0.107379, 0.059837, -0.122866, 0.881489, 0.455954, -0.003786, -0.459833, 0.887989),

              ["LowerTorso"] = CFrame.new(0.018128, -0.090827, -0.457500, 0.999815, -0.010150, 0.016320, 0.016957, 0.865539, -0.500554, -0.009045, 0.500738, 0.865551),

              ["RightFoot"] = CFrame.new(0.000000, 0.011623, -0.000103, 0.999285, 0.028929, 0.024359, -0.015552, 0.901458, -0.432611, -0.034472, 0.431899, 0.901251),

              ["RightHand"] = CFrame.new(-0.000539, -0.058932, 0.000000, 0.998012, 0.054822, -0.031104, -0.061184, 0.961182, -0.269048, 0.015146, 0.270414, 0.962624),

              ["RightLowerArm"] = CFrame.new(-0.000002, -0.058861, 0.000320, 1.000000, 0.000000, 0.000000, -0.000000, 1.000000, -0.000001, -0.000000, -0.000000, 1.000000),

              ["RightLowerLeg"] = CFrame.new(-0.000000, 0.056569, -0.010935, 1.000000, 0.000000, 0.000000, -0.000000, 0.888883, 0.458126, 0.000000, -0.458134, 0.888887),

              ["RightUpperArm"] = CFrame.new(0.178624, 0.399405, -0.499759, 0.028740, 0.386894, 0.921676, 0.011687, -0.922124, 0.386717, 0.999519, -0.000343, -0.031023),

              ["RightUpperLeg"] = CFrame.new(0.004024, -0.017305, 0.124366, 0.999370, -0.012925, -0.033044, 0.027094, 0.879318, 0.475479, 0.022911, -0.476060, 0.879106),

              ["UpperTorso"] = CFrame.new(-0.014352, 0.233042, 0.162188, 0.999631, 0.025607, -0.009045, -0.017638, 0.865419, 0.500738, 0.020650, -0.500394, 0.865551)

          }},

          {Time = 0.183, Data = {

              ["Head"] = CFrame.new(0.000000, 0.000000, -0.000000, 0.999370, -0.035491, 0.000000, 0.035491, 0.999370, -0.000000, -0.000000, 0.000000, 1.000000),

              ["LeftFoot"] = CFrame.new(0.000000, 0.012195, -0.000003, 0.988207, -0.117135, -0.098629, 0.063698, 0.900178, -0.430864, 0.139244, 0.419476, 0.897011),

              ["LeftHand"] = CFrame.new(0.000528, -0.042001, -0.000000, 0.999619, -0.024234, 0.013240, 0.027176, 0.948424, -0.315841, -0.004903, 0.316078, 0.948720),

              ["LeftLowerArm"] = CFrame.new(-0.000499, -0.042149, 0.000229, 1.000000, -0.000000, -0.000000, 0.000000, 1.000000, -0.000001, 0.000000, -0.000000, 1.000000),

              ["LeftLowerLeg"] = CFrame.new(-0.000000, 0.061022, -0.012753, 1.000000, -0.000000, -0.000000, 0.000000, 0.869356, 0.494180, -0.000000, -0.494186, 0.869360),

              ["LeftUpperArm"] = CFrame.new(-0.183979, 0.374146, -0.499503, 0.042591, -0.300990, -0.952676, -0.013084, -0.953627, 0.300705, -0.999007, -0.000343, -0.044554),

              ["LeftUpperLeg"] = CFrame.new(0.020995, 0.004881, 0.127344, 0.982254, 0.171199, 0.076602, -0.187482, 0.884979, 0.426236, 0.005179, -0.433017, 0.901363),

              ["LowerTorso"] = CFrame.new(0.054688, -0.090532, -0.445714, 0.998793, -0.037185, 0.032083, 0.048268, 0.863807, -0.501505, -0.009065, 0.502449, 0.864559),

              ["RightFoot"] = CFrame.new(-0.000000, 0.010881, -0.000103, 0.999999, -0.001018, -0.000857, 0.000580, 0.912984, -0.408017, 0.001198, 0.407993, 0.912974),

              ["RightHand"] = CFrame.new(-0.000545, -0.068076, -0.000000, 0.998022, 0.054678, -0.031019, -0.060942, 0.962592, -0.264015, 0.015422, 0.265381, 0.964020),

              ["RightLowerArm"] = CFrame.new(-0.000002, -0.067994, 0.000370, 1.000000, 0.000000, 0.000000, -0.000000, 1.000000, -0.000001, -0.000000, -0.000000, 1.000000),

              ["RightLowerLeg"] = CFrame.new(0.000000, 0.052439, -0.009245, 1.000000, 0.000000, 0.000000, -0.000000, 0.906062, 0.423137, 0.000000, -0.423146, 0.906066),

              ["RightUpperArm"] = CFrame.new(0.178686, 0.399201, -0.499759, 0.028616, 0.399440, 0.916313, 0.012094, -0.916759, 0.399257, 0.999517, -0.000344, -0.031065),

              ["RightUpperLeg"] = CFrame.new(0.004024, -0.017305, 0.124366, 0.998751, 0.049142, -0.009027, -0.038495, 0.872013, 0.487980, 0.031852, -0.487009, 0.872808),

              ["UpperTorso"] = CFrame.new(-0.036328, 0.225679, 0.151537, 0.997824, 0.065305, -0.009065, -0.051919, 0.863047, 0.502449, 0.040636, -0.500885, 0.864559)

          }},

          {Time = 0.200, Data = {

              ["Head"] = CFrame.new(-0.000000, 0.000000, -0.000000, 0.998995, -0.044812, 0.000000, 0.044812, 0.998995, -0.000000, -0.000000, 0.000000, 1.000000),

              ["LeftFoot"] = CFrame.new(0.000000, 0.012926, -0.000003, 0.982098, -0.144100, -0.121334, 0.078232, 0.897920, -0.433175, 0.171357, 0.415903, 0.893106),

              ["LeftHand"] = CFrame.new(0.000524, -0.036850, 0.000000, 0.999609, -0.024526, 0.013412, 0.027544, 0.946030, -0.322909, -0.004768, 0.323150, 0.946335),

              ["LeftLowerArm"] = CFrame.new(-0.000499, -0.037004, 0.000201, 1.000000, -0.000000, -0.000000, 0.000000, 1.000000, -0.000001, 0.000000, -0.000000, 1.000000),

              ["LeftLowerLeg"] = CFrame.new(-0.000000, 0.064989, -0.014713, 1.000000, -0.000000, -0.000000, 0.000000, 0.849378, 0.527782, -0.000000, -0.527786, 0.849380),

              ["LeftUpperArm"] = CFrame.new(-0.183912, 0.374487, -0.499505, 0.042725, -0.286108, -0.957244, -0.012401, -0.958197, 0.285840, -0.999010, -0.000342, -0.044487),

              ["LeftUpperLeg"] = CFrame.new(0.020995, 0.004882, 0.127344, 0.968967, 0.231781, 0.085917, -0.247028, 0.895327, 0.370647, 0.008984, -0.380351, 0.924791),

              ["LowerTorso"] = CFrame.new(0.090091, -0.091592, -0.420448, 0.996941, -0.063493, 0.045569, 0.077660, 0.870256, -0.486439, -0.008771, 0.488490, 0.872525),

              ["RightFoot"] = CFrame.new(0.000000, 0.010249, -0.000103, 0.999323, -0.028151, -0.023704, 0.017126, 0.925844, -0.377540, 0.032572, 0.376857, 0.925690),

              ["RightHand"] = CFrame.new(-0.000551, -0.076950, -0.000000, 0.998032, 0.054545, -0.030940, -0.060717, 0.963876, -0.259341, 0.015676, 0.260707, 0.965290),

              ["RightLowerArm"] = CFrame.new(-0.000002, -0.076859, 0.000418, 1.000000, 0.000000, 0.000000, -0.000000, 1.000000, -0.000001, -0.000000, -0.000000, 1.000000),

              ["RightLowerLeg"] = CFrame.new(-0.000000, 0.048910, -0.007930, 1.000000, 0.000000, 0.000000, -0.000000, 0.919420, 0.393266, 0.000000, -0.393276, 0.919425),

              ["RightUpperArm"] = CFrame.new(0.178748, 0.399008, -0.499758, 0.028493, 0.411276, 0.911065, 0.012478, -0.911511, 0.411087, 0.999516, -0.000345, -0.031104),

              ["RightUpperLeg"] = CFrame.new(0.004024, -0.017305, 0.124366, 0.994288, 0.105937, 0.013008, -0.099527, 0.876242, 0.471495, 0.038550, -0.470083, 0.881773),

              ["UpperTorso"] = CFrame.new(-0.057747, 0.211790, 0.138778, 0.994672, 0.102716, -0.008771, -0.085367, 0.868383, 0.488490, 0.057793, -0.485139, 0.872525)

          }},

          {Time = 0.217, Data = {

              ["Head"] = CFrame.new(-0.000000, 0.000000, 0.000000, 0.998566, -0.053540, 0.000000, 0.053540, 0.998566, -0.000000, -0.000000, 0.000000, 1.000000),

              ["LeftFoot"] = CFrame.new(0.000000, 0.013575, -0.000003, 0.975792, -0.167301, -0.140869, 0.092795, 0.899950, -0.426028, 0.198038, 0.402618, 0.893676),

              ["LeftHand"] = CFrame.new(0.000521, -0.032103, -0.000000, 0.999600, -0.024805, 0.013576, 0.027894, 0.943689, -0.329657, -0.004635, 0.329902, 0.944003),

              ["LeftLowerArm"] = CFrame.new(-0.000499, -0.032263, 0.000175, 1.000000, -0.000000, -0.000000, 0.000000, 1.000000, -0.000001, 0.000000, -0.000000, 1.000000),

              ["LeftLowerLeg"] = CFrame.new(0.000000, 0.068453, -0.016567, 1.000000, -0.000000, -0.000000, 0.000000, 0.830458, 0.557079, -0.000000, -0.557082, 0.830460),

              ["LeftUpperArm"] = CFrame.new(-0.183853, 0.374811, -0.499506, 0.042843, -0.271958, -0.961355, -0.011754, -0.962309, 0.271704, -0.999013, -0.000341, -0.044425),

              ["LeftUpperLeg"] = CFrame.new(0.020995, 0.004882, 0.127344, 0.954046, 0.286864, 0.086644, -0.299611, 0.907817, 0.293449, 0.005522, -0.305904, 0.952040),

              ["LowerTorso"] = CFrame.new(0.123789, -0.093485, -0.383223, 0.994475, -0.089150, 0.055428, 0.104656, 0.883218, -0.457136, -0.008201, 0.460411, 0.887668),

              ["RightFoot"] = CFrame.new(-0.000000, 0.009680, -0.000103, 0.997729, -0.051526, -0.043386, 0.033689, 0.939466, -0.341002, 0.058327, 0.338746, 0.939061),

              ["RightHand"] = CFrame.new(-0.000556, -0.085304, 0.000000, 0.998041, 0.054424, -0.030869, -0.060513, 0.965017, -0.255110, 0.015905, 0.256477, 0.966419),

              ["RightLowerArm"] = CFrame.new(-0.000003, -0.085203, 0.000464, 1.000000, 0.000000, 0.000000, -0.000000, 1.000000, -0.000001, -0.000000, -0.000000, 1.000000),

              ["RightLowerLeg"] = CFrame.new(0.000000, 0.045727, -0.006843, 1.000000, 0.000000, 0.000000, -0.000000, 0.930461, 0.366379, 0.000000, -0.366390, 0.930466),

              ["RightUpperArm"] = CFrame.new(0.178806, 0.398832, -0.499757, 0.028375, 0.422158, 0.906078, 0.012833, -0.906522, 0.421963, 0.999515, -0.000346, -0.031140),

              ["RightUpperLeg"] = CFrame.new(0.004024, -0.017305, 0.124366, 0.987179, 0.156680, 0.030473, -0.154432, 0.889305, 0.430463, 0.040345, -0.429637, 0.902094),

              ["UpperTorso"] = CFrame.new(-0.078193, 0.193025, 0.123410, 0.990515, 0.137158, -0.008202, -0.118018, 0.879826, 0.460411, 0.070365, -0.455076, 0.887668)

          }},

          {Time = 0.233, Data = {

              ["Head"] = CFrame.new(0.000000, -0.000000, 0.000000, 0.998110, -0.061452, 0.000000, 0.061452, 0.998110, -0.000000, -0.000000, 0.000000, 1.000000),

              ["LeftFoot"] = CFrame.new(-0.000000, 0.014142, -0.000003, 0.970042, -0.185842, -0.156481, 0.107722, 0.906337, -0.408617, 0.217749, 0.379495, 0.899192),

              ["LeftHand"] = CFrame.new(0.000518, -0.027881, 0.000000, 0.999592, -0.025062, 0.013728, 0.028217, 0.941482, -0.335883, -0.004507, 0.336131, 0.941804),

              ["LeftLowerArm"] = CFrame.new(-0.000499, -0.028047, 0.000152, 1.000000, -0.000000, -0.000000, 0.000000, 1.000000, -0.000001, 0.000000, -0.000000, 1.000000),

              ["LeftLowerLeg"] = CFrame.new(-0.000000, 0.071125, -0.018054, 1.000000, -0.000000, -0.000000, 0.000000, 0.815247, 0.579113, -0.000000, -0.579114, 0.815248),

              ["LeftUpperArm"] = CFrame.new(-0.183802, 0.375107, -0.499508, 0.042945, -0.258951, -0.964936, -0.011161, -0.965891, 0.258710, -0.999015, -0.000341, -0.044370),

              ["LeftUpperLeg"] = CFrame.new(0.020995, 0.004881, 0.127344, 0.939156, 0.334224, 0.079258, -0.343438, 0.917707, 0.199679, -0.005999, -0.214730, 0.976651),

              ["LowerTorso"] = CFrame.new(0.155079, -0.095501, -0.335474, 0.991644, -0.113838, 0.060695, 0.128795, 0.900569, -0.415195, -0.007395, 0.419543, 0.907706),

              ["RightFoot"] = CFrame.new(0.000000, 0.009100, -0.000103, 0.995737, -0.070559, -0.059412, 0.049791, 0.953357, -0.297728, 0.077643, 0.293483, 0.952800),

              ["RightHand"] = CFrame.new(-0.000561, -0.092924, -0.000000, 0.998048, 0.054317, -0.030806, -0.060332, 0.966003, -0.251395, 0.016103, 0.252762, 0.967394),

              ["RightLowerArm"] = CFrame.new(-0.000003, -0.092813, 0.000505, 1.000000, 0.000000, 0.000000, -0.000000, 1.000000, -0.000001, -0.000000, -0.000000, 1.000000),

              ["RightLowerLeg"] = CFrame.new(-0.000000, 0.042509, -0.005835, 1.000000, 0.000000, 0.000000, -0.000000, 0.940680, 0.339282, 0.000000, -0.339295, 0.940685),

              ["RightUpperArm"] = CFrame.new(0.178861, 0.398673, -0.499757, 0.028266, 0.431857, 0.901499, 0.013150, -0.901942, 0.431657, 0.999514, -0.000346, -0.031173),

              ["RightUpperLeg"] = CFrame.new(0.004024, -0.017305, 0.124366, 0.978768, 0.200581, 0.042201, -0.201820, 0.907114, 0.369356, 0.035804, -0.370017, 0.928330),

              ["UpperTorso"] = CFrame.new(-0.097232, 0.171166, 0.104799, 0.985763, 0.167976, -0.007395, -0.149422, 0.895353, 0.419543, 0.077094, -0.412465, 0.907706)

          }},

          {Time = 0.250, Data = {

              ["Head"] = CFrame.new(-0.000000, 0.000000, 0.000000, 0.997663, -0.068325, 0.000000, 0.068325, 0.997663, -0.000000, -0.000000, 0.000000, 1.000000),

              ["LeftFoot"] = CFrame.new(0.000000, 0.014580, -0.000003, 0.965513, -0.199165, -0.167699, 0.123028, 0.916645, -0.380318, 0.229452, 0.346547, 0.909525),

              ["LeftHand"] = CFrame.new(0.000516, -0.024254, -0.000000, 0.999584, -0.025288, 0.013862, 0.028502, 0.939496, -0.341375, -0.004390, 0.341625, 0.939825),

              ["LeftLowerArm"] = CFrame.new(-0.000499, -0.024423, 0.000132, 1.000000, -0.000000, -0.000000, 0.000000, 1.000000, -0.000001, 0.000000, -0.000000, 1.000000),

              ["LeftLowerLeg"] = CFrame.new(0.000000, 0.072722, -0.018916, 1.000000, -0.000000, -0.000000, 0.000000, 0.806386, 0.591389, -0.000000, -0.591390, 0.806387),

              ["LeftUpperArm"] = CFrame.new(-0.183761, 0.375367, -0.499509, 0.043028, -0.247512, -0.967929, -0.010641, -0.968885, 0.247283, -0.999017, -0.000340, -0.044323),

