return {
["cowgirl"] = {
        {Time = 0.000, Data = {
            ["Head"] = CFrame.new(0, 0, 0, 1, 0, 0, 0, 0.97839641571044922, -0.2067377120256424, 0, 0.2067377120256424, 0.97839641571044922),
            ["LeftFoot"] = CFrame.new(-2.5656845537014306e-08, 0.028413712978363037, -2.2217545847524889e-06, 0.85694718360900879, -0.39425972104072571, -0.33196508884429932, 0.20527669787406921, 0.85188066959381104, -0.4818306565284729, 0.47276103496551514, 0.34475868940353394, 0.81094908714294434),
            ["LeftHand"] = CFrame.new(0.00049990415573120117, 9.9956989288330078e-05, 1.1920928955078125e-07, 1, 0, 0, 0, 1, 0, 0, 0, 1),
            ["LeftLowerArm"] = CFrame.new(-0.00049987435340881348, 0.038668036460876465, 0.0077780634164810181, 1, 0, 0, 0, 0.92181313037872314, -0.3876345157623291, 0, 0.3876345157623291, 0.92181313037872314),
            ["LeftLowerLeg"] = CFrame.new(-1.4901161193847656e-07, 0.11571240425109863, -0.057929255068302155, 1, -0, 0, 0, 0.40124917030334473, 0.91596907377243042, -0, -0.91596907377243042, 0.40124917030334473),
            ["LeftUpperArm"] = CFrame.new(-0.19964003562927246, -1.234000563621521, 0.30966973304748535, 0.60068368911743164, -0.0022765398025512695, -0.7994835376739502, -0.50556224584579468, 0.77359116077423096, -0.38205176591873169, 0.61934316158294678, 0.63368099927902222, 0.46353268623352051),
            ["LeftUpperLeg"] = CFrame.new(-5.9604644775390625e-08, -1.1920928955078125e-07, -0.00010004382056649774, 0.85691988468170166, 0.51544690132141113, 0.0016661137342453003, -0.39427760243415833, 0.65755367279052734, -0.64200335741043091, -0.33201420307159424, 0.5494886040687561, 0.76669996976852417),
            ["LowerTorso"] = CFrame.new(0, -0.55616569519042969, 0, 1, 0, 0, 0, 1, 0, 0, 0, 1),
            ["RightFoot"] = CFrame.new(-4.4525222619995475e-08, 0.02368319034576416, -0.00010264731827192008, 0.74413156509399414, 0.51103520393371582, 0.43024551868438721, -0.37156909704208374, 0.85185372829437256, -0.36916345357894897, -0.55516177415847778, 0.11484023928642273, 0.82377612590789795),
            ["RightHand"] = CFrame.new(-0.00050008296966552734, 0, -3.7252902984619141e-08, 1, 0, 0, 0, 1, 0, 0, 0, 1),
            ["RightLowerArm"] = CFrame.new(1.1920928955078125e-07, 0.03229069709777832, 0.0053226053714752197, 1, 0, 0, 0, 0.94645476341247559, -0.32283645868301392, 0, 0.32283645868301392, 0.94645476341247559),
            ["RightLowerLeg"] = CFrame.new(2.5331974029541016e-07, 0.099250674247741699, -0.03723481297492981, 1, -0, 0, 0, 0.61737346649169922, 0.7866702675819397, -0, -0.7866702675819397, 0.61737346649169922),
            ["RightUpperArm"] = CFrame.new(0.18185567855834961, -1.1411139965057373, 0.29403573274612427, 0.63629519939422607, -0.017615273594856262, 0.77124452590942383, 0.49931681156158447, 0.7714846134185791, -0.39432752132415771, -0.58805716037750244, 0.63600409030914307, 0.4996875524520874),
            ["RightUpperLeg"] = CFrame.new(5.9604644775390625e-08, 0, -8.8650267571210861e-08, 0.74411004781723022, -0.66614198684692383, -0.050549030303955078, 0.51100814342498779, 0.61628907918930054, -0.59921497106552124, 0.43031498789787292, 0.42005091905593872, 0.79899078607559204)
        }},
        {Time = 0.017, Data = {
            ["Head"] = CFrame.new(0, 1.1920928955078125e-07, 0, 1, 0, 0, 0, 0.97839641571044922, -0.2067377120256424, 0, 0.2067377120256424, 0.97839641571044922),
            ["LeftFoot"] = CFrame.new(3.0851197152514942e-08, 0.028484463691711426, -2.2070439626986627e-06, 0.85630816221237183, -0.39505511522293091, -0.33266770839691162, 0.20472168922424316, 0.85099756717681885, -0.48362398147583008, 0.47415757179260254, 0.34602683782577515, 0.80959248542785645),
            ["LeftHand"] = CFrame.new(0.00049990415573120117, 9.9956989288330078e-05, 4.4703483581542969e-08, 1, 0, 0, 0, 1, 0, 0, 0, 1),
            ["LeftLowerArm"] = CFrame.new(-0.00049987435340881348, 0.038667738437652588, 0.0077781081199645996, 1, 0, 0, 0, 0.92181313037872314, -0.3876345157623291, 0, 0.3876345157623291, 0.92181313037872314),
            ["LeftLowerLeg"] = CFrame.new(0, 0.11596220731735229, -0.058396570384502411, 1, -0, 0, 0, 0.39632707834243774, 0.91810941696166992, -0, -0.91810941696166992, 0.39632707834243774),
            ["LeftUpperArm"] = CFrame.new(-0.19964003562927246, -1.2309656143188477, 0.30966970324516296, 0.60068368911743164, -0.0022765398025512695, -0.7994835376739502, -0.50556224584579468, 0.77359116077423096, -0.38205176591873169, 0.61934316158294678, 0.63368099927902222, 0.46353268623352051),
            ["LeftUpperLeg"] = CFrame.new(-5.9604644775390625e-08, -1.1920928955078125e-07, -0.00010004403156926855, 0.85630476474761963, 0.51647090911865234, -2.2858381271362305e-05, -0.39506202936172485, 0.65498125553131104, -0.64414715766906738, -0.33266830444335938, 0.55159533023834229, 0.76490157842636108),
            ["LowerTorso"] = CFrame.new(0, -0.55943453311920166, 0, 1, 0, 0, 0, 1, 0, 0, 0, 1),
            ["RightFoot"] = CFrame.new(-2.3213488020701334e-08, 0.023839294910430908, -0.00010256830137223005, 0.7431836724281311, 0.5118066668510437, 0.43096631765365601, -0.37108010053634644, 0.85125821828842163, -0.37102419137954712, -0.55675631761550903, 0.11581610143184662, 0.82256251573562622),
            ["RightHand"] = CFrame.new(-0.00049984455108642578, 0, 8.1956386566162109e-08, 1, 0, 0, 0, 1, 0, 0, 0, 1),
            ["RightLowerArm"] = CFrame.new(0, 0.03229057788848877, 0.0053227245807647705, 1, 0, 0, 0, 0.94645476341247559, -0.32283645868301392, 0, 0.32283645868301392, 0.94645476341247559),
            ["RightLowerLeg"] = CFrame.new(2.5331974029541016e-07, 0.099696636199951172, -0.037637334316968918, 1, -0, 0, 0, 0.613209068775177, 0.7899206280708313, -0, -0.7899206280708313, 0.613209068775177),
            ["RightUpperArm"] = CFrame.new(0.18185567855834961, -1.1378141641616821, 0.29403573274612427, 0.63629519939422607, -0.017615273594856262, 0.77124452590942383, 0.49931681156158447, 0.7714846134185791, -0.39432752132415771, -0.58805716037750244, 0.63600409030914307, 0.4996875524520874),
            ["RightUpperLeg"] = CFrame.new(5.9604644775390625e-08, 0, -8.8861270342022181e-08, 0.7432091236114502, -0.66731387376785278, -0.048294216394424438, 0.5117841362953186, 0.61351430416107178, -0.60139608383178711, 0.43094912171363831, 0.42224684357643127, 0.79749011993408203)
        }},
        {Time = 0.033, Data = {
            ["Head"] = CFrame.new(0, 0, 0, 1, 0, 0, 0, 0.97839641571044922, -0.2067377120256424, 0, 0.2067377120256424, 0.97839641571044922),
            ["LeftFoot"] = CFrame.new(9.8081159194407519e-08, 0.028686225414276123, -2.1828595890838187e-06, 0.85449296236038208, -0.39735680818557739, -0.33458840847015381, 0.20317237079143524, 0.84844404458999634, -0.48873692750930786, 0.47808247804641724, 0.34964317083358765, 0.80572134256362915),
            ["LeftHand"] = CFrame.new(0.00050002336502075195, 0.00010001659393310547, 8.9406967163085938e-08, 1, 0, 0, 0, 1, 0, 0, 0, 1),
            ["LeftLowerArm"] = CFrame.new(-0.00049987435340881348, 0.038667917251586914, 0.0077781230211257935, 1, 0, 0, 0, 0.92181313037872314, -0.3876345157623291, 0, 0.3876345157623291, 0.92181313037872314),
            ["LeftLowerLeg"] = CFrame.new(-8.9406967163085938e-08, 0.11665832996368408, -0.059730518609285355, 1, -0, 0, 0, 0.3824954628944397, 0.92395740747451782, -0, -0.92395740747451782, 0.3824954628944397),
            ["LeftUpperArm"] = CFrame.new(-0.19964003562927246, -1.2222806215286255, 0.30966973304748535, 0.60068368911743164, -0.0022765398025512695, -0.7994835376739502, -0.50556224584579468, 0.77359116077423096, -0.38205176591873169, 0.61934316158294678, 0.63368099927902222, 0.46353268623352051),
            ["LeftUpperLeg"] = CFrame.new(-5.9604644775390625e-08, -1.1920928955078125e-07, -0.00010004463547375053, 0.85447466373443604, 0.51947027444839478, -0.0048561692237854004, -0.3973940908908844, 0.64759421348571777, -0.65015357732772827, -0.33459064364433289, 0.55746954679489136, 0.75978732109069824),
            ["LowerTorso"] = CFrame.new(0, -0.56878995895385742, 0, 1, 0, 0, 0, 1, 0, 0, 0, 1),
            ["RightFoot"] = CFrame.new(1.1338715921738185e-07, 0.024278104305267334, -0.00010262493742629886, 0.74055880308151245, 0.5140613317489624, 0.43279749155044556, -0.36973327398300171, 0.84950125217437744, -0.37635737657546997, -0.56113278865814209, 0.11869512498378754, 0.81917119026184082),
            ["RightHand"] = CFrame.new(-0.00049990415573120117, 0, -6.7055225372314453e-08, 1, 0, 0, 0, 1, 0, 0, 0, 1),
            ["RightLowerArm"] = CFrame.new(5.9604644775390625e-08, 0.03229057788848877, 0.0053226649761199951, 1, 0, 0, 0, 0.94645476341247559, -0.32283645868301392, 0, 0.32283645868301392, 0.94645476341247559),
            ["RightLowerLeg"] = CFrame.new(-1.4901161193847656e-08, 0.10094672441482544, -0.0387895368039608, 1, -0, 0, 0, 0.60119718313217163, 0.79910081624984741, -0, -0.79910081624984741, 0.60119718313217163),
            ["RightUpperArm"] = CFrame.new(0.18185567855834961, -1.1283705234527588, 0.29403573274612427, 0.63629519939422607, -0.017615273594856262, 0.77124452590942383, 0.49931681156158447, 0.7714846134185791, -0.39432752132415771, -0.58805716037750244, 0.63600409030914307, 0.4996875524520874),
            ["RightUpperLeg"] = CFrame.new(5.9604644775390625e-08, 0, -8.9465174823999405e-08, 0.74055653810501099, -0.6706840991973877, -0.041938081383705139, 0.51405167579650879, 0.6055908203125, -0.60746246576309204, 0.43281275033950806, 0.42830196022987366, 0.79324054718017578)
        }},
        {Time = 0.050, Data = {
            ["Head"] = CFrame.new(0, 0, 0, 1, 0, 0, 0, 0.97839641571044922, -0.2067377120256424, 0, 0.2067377120256424, 0.97839641571044922),
            ["LeftFoot"] = CFrame.new(-7.9910023487173021e-08, 0.029001533985137939, -2.0802235667360947e-06, 0.85155105590820312, -0.40106362104415894, -0.33765178918838501, 0.20076119899749756, 0.8444027304649353, -0.49666786193847656, 0.48430949449539185, 0.35515069961547852, 0.79957008361816406),
            ["LeftHand"] = CFrame.new(0.00049990415573120117, 9.9837779998779297e-05, 0, 1, 0, 0, 0, 1, 0, 0, 0, 1),
            ["LeftLowerArm"] = CFrame.new(-0.00049996376037597656, 0.038667738437652588, 0.0077781081199645996, 1, 0, 0, 0, 0.92181313037872314, -0.3876345157623291, 0, 0.3876345157623291, 0.92181313037872314),
            ["LeftLowerLeg"] = CFrame.new(4.4703483581542969e-08, 0.11770308017730713, -0.061825647950172424, 1, -0, 0, 0, 0.36072248220443726, 0.93267315626144409, -0, -0.93267315626144409, 0.36072248220443726),
            ["LeftUpperArm"] = CFrame.new(-0.19964003562927246, -1.2085722684860229, 0.30966970324516296, 0.60068368911743164, -0.0022765398025512695, -0.7994835376739502, -0.50556224584579468, 0.77359116077423096, -0.38205176591873169, 0.61934316158294678, 0.63368099927902222, 0.46353268623352051),
            ["LeftUpperLeg"] = CFrame.new(-5.9604644775390625e-08, -1.1920928955078125e-07, -0.00010004555952036753, 0.85155636072158813, 0.52411353588104248, -0.01251848042011261, -0.40103018283843994, 0.63582444190979004, -0.65947097539901733, -0.33767813444137573, 0.56659704446792603, 0.75162571668624878),
            ["LowerTorso"] = CFrame.new(0, -0.58355593681335449, 0, 1, 0, 0, 0, 1, 0, 0, 0, 1),
            ["RightFoot"] = CFrame.new(3.3011929190251976e-08, 0.024715840816497803, -0.00010264242882840335, 0.73630785942077637, 0.51761072874069214, 0.43580952286720276, -0.36740851402282715, 0.84669077396392822, -0.3848709762096405, -0.56820923089981079, 0.12326338887214661, 0.81359964609146118),
            ["RightHand"] = CFrame.new(-0.00050014257431030273, -1.1920928955078125e-07, 2.2351741790771484e-08, 1, 0, 0, 0, 1, 0, 0, 0, 1),
            ["RightLowerArm"] = CFrame.new(5.9604644775390625e-08, 0.032290458679199219, 0.0053226649761199951, 1, 0, 0, 0, 0.94645476341247559, -0.32283645868301392, 0, 0.32283645868301392, 0.94645476341247559),
            ["RightLowerLeg"] = CFrame.new(-4.4703483581542969e-08, 0.10268855094909668, -0.040683746337890625, 1, -0, 0, 0, 0.581612229347229, 0.81346613168716431, -0, -0.81346613168716431, 0.581612229347229),
            ["RightUpperArm"] = CFrame.new(0.18185567855834961, -1.1134655475616455, 0.29403573274612427, 0.63629519939422607, -0.017615273594856262, 0.77124452590942383, 0.49931681156158447, 0.7714846134185791, -0.39432752132415771, -0.58805716037750244, 0.63600409030914307, 0.4996875524520874),
            ["RightUpperLeg"] = CFrame.new(5.9604644775390625e-08, 0, -9.0440153144299984e-08, 0.73633456230163574, -0.67587989568710327, -0.031590983271598816, 0.51754337549209595, 0.59268146753311157, -0.6171528697013855, 0.4358445405960083, 0.438081294298172, 0.7862088680267334)
        }},
        {Time = 0.067, Data = {
            ["Head"] = CFrame.new(0, 0, 0, 1, 0, 0, 0, 0.97839641571044922, -0.2067377120256424, 0, 0.2067377120256424, 0.97839641571044922),
            ["LeftFoot"] = CFrame.new(-1.0557135965427733e-07, 0.029412925243377686, -2.078357510981732e-06, 0.84758675098419189, -0.40593987703323364, -0.34177407622337341, 0.19761939346790314, 0.83919304609298706, -0.50665730237960815, 0.49248680472373962, 0.36189484596252441, 0.79151046276092529),
            ["LeftHand"] = CFrame.new(0.00050008296966552734, 9.9956989288330078e-05, 7.4505805969238281e-09, 1, 0, 0, 0, 1, 0, 0, 0, 1),
            ["LeftLowerArm"] = CFrame.new(-0.00049993395805358887, 0.038667917251586914, 0.0077781230211257935, 1, 0, 0, 0, 0.92181313037872314, -0.3876345157623291, 0, 0.3876345157623291, 0.92181313037872314),
            ["LeftLowerLeg"] = CFrame.new(-1.0430812835693359e-07, 0.11898386478424072, -0.064572319388389587, 1, -0, 0, 0, 0.33220279216766357, 0.94320815801620483, -0, -0.94320815801620483, 0.33220279216766357),
            ["LeftUpperArm"] = CFrame.new(-0.19964003562927246, -1.1904691457748413, 0.30966973304748535, 0.60068368911743164, -0.0022765398025512695, -0.7994835376739502, -0.50556224584579468, 0.77359116077423096, -0.38205176591873169, 0.61934316158294678, 0.63368099927902222, 0.46353268623352051),
            ["LeftUpperLeg"] = CFrame.new(-5.9604644775390625e-08, -1.1920928955078125e-07, -0.00010004673094954342, 0.84759140014648438, 0.53016048669815063, -0.022777199745178223, -0.40593591332435608, 0.62014734745025635, -0.67129230499267578, -0.34176740050315857, 0.57822763919830322, 0.74084270000457764),
            ["LowerTorso"] = CFrame.new(0, -0.60305595397949219, 0, 1, 0, 0, 0, 1, 0, 0, 0, 1),
            ["RightFoot"] = CFrame.new(-5.8716523199109361e-08, 0.025370001792907715, -0.00010243396536679938, 0.7305830717086792, 0.52233129739761353, 0.43979364633560181, -0.36463898420333862, 0.84299659729003906, -0.39546835422515869, -0.57731002569198608, 0.12855662405490875, 0.80634140968322754),
            ["RightHand"] = CFrame.new(-0.00049990415573120117, 1.1920928955078125e-07, 5.2154064178466797e-08, 1, 0, 0, 0, 1, 0, 0, 0, 1),
            ["RightLowerArm"] = CFrame.new(5.9604644775390625e-08, 0.03229069709777832, 0.0053227245807647705, 1, 0, 0, 0, 0.94645476341247559, -0.32283645868301392, 0, 0.32283645868301392, 0.94645476341247559),
            ["RightLowerLeg"] = CFrame.new(1.6391277313232422e-07, 0.10491383075714111, -0.043147504329681396, 1, -0, 0, 0, 0.55596244335174561, 0.83120745420455933, -0, -0.83120745420455933, 0.55596244335174561),
            ["RightUpperArm"] = CFrame.new(0.18185567855834961, -1.0937817096710205, 0.29403573274612427, 0.63629519939422607, -0.017615273594856262, 0.77124452590942383, 0.49931681156158447, 0.7714846134185791, -0.39432752132415771, -0.58805716037750244, 0.63600409030914307, 0.4996875524520874),
            ["RightUpperLeg"] = CFrame.new(5.9604644775390625e-08, 0, -9.1655238065868616e-08, 0.73060250282287598, -0.6825670599937439, -0.017952412366867065, 0.52229708433151245, 0.57560223340988159, -0.62919628620147705, 0.43980202078819275, 0.45031595230102539, 0.77703917026519775)
        }},
        {Time = 0.083, Data = {
            ["Head"] = CFrame.new(0, 1.1920928955078125e-07, 0, 1, 0, 0, 0, 0.97839641571044922, -0.2067377120256424, 0, 0.2067377120256424, 0.97839641571044922),
            ["LeftFoot"] = CFrame.new(-1.147822104030638e-07, 0.029902160167694092, -1.9740489278774476e-06, 0.84256529808044434, -0.41200152039527893, -0.34689828753471375, 0.19389602541923523, 0.83292794227600098, -0.51830041408538818, 0.50248181819915771, 0.36943978071212769, 0.78168165683746338),
            ["LeftHand"] = CFrame.new(0.00050020217895507812, 9.9956989288330078e-05, 4.4703483581542969e-08, 1, 0, 0, 0, 1, 0, 0, 0, 1),
            ["LeftLowerArm"] = CFrame.new(-0.00049993395805358887, 0.038667678833007812, 0.0077781230211257935, 1, 0, 0, 0, 0.92181313037872314, -0.3876345157623291, 0, 0.3876345157623291, 0.92181313037872314),
            ["LeftLowerLeg"] = CFrame.new(-7.4505805969238281e-08, 0.12038958072662354, -0.067857816815376282, 1, -0, 0, 0, 0.29795593023300171, 0.95457965135574341, -0, -0.95457965135574341, 0.29795593023300171),
            ["LeftUpperArm"] = CFrame.new(-0.19964003562927246, -1.1685986518859863, 0.30966973304748535, 0.60068368911743164, -0.0022765398025512695, -0.7994835376739502, -0.50556224584579468, 0.77359116077423096, -0.38205176591873169, 0.61934316158294678, 0.63368099927902222, 0.46353268623352051),
            ["LeftUpperLeg"] = CFrame.new(-5.9604644775390625e-08, -1.1920928955078125e-07, -0.00010004808427765965, 0.84253489971160889, 0.5374796986579895, -0.035362422466278076, -0.41202443838119507, 0.60080516338348389, -0.68503206968307495, -0.34694492816925049, 0.59173363447189331, 0.7276540994644165),
            ["LowerTorso"] = CFrame.new(0, -0.62661373615264893, 0, 1, 0, 0, 0, 1, 0, 0, 0, 1),
            ["RightFoot"] = CFrame.new(1.8374430510448292e-07, 0.026271641254425049, -0.00010240318079013377, 0.72347575426101685, 0.52810370922088623, 0.4446226954460144, -0.36157447099685669, 0.83851909637451172, -0.40761452913284302, -0.58808737993240356, 0.13413500785827637, 0.79759705066680908),
            ["RightHand"] = CFrame.new(-0.00050002336502075195, 2.384185791015625e-07, 2.2351741790771484e-08, 1, 0, 0, 0, 1, 0, 0, 0, 1),
            ["RightLowerArm"] = CFrame.new(1.7881393432617188e-07, 0.03229057788848877, 0.0053226649761199951, 1, 0, 0, 0, 0.94645476341247559, -0.32283645868301392, 0, 0.32283645868301392, 0.94645476341247559),
            ["RightLowerLeg"] = CFrame.new(-2.9802322387695312e-08, 0.10750186443328857, -0.046064946800470352, 1, -0, 0, 0, 0.52560591697692871, 0.85072815418243408, -0, -0.85072815418243408, 0.52560591697692871),
            ["RightUpperArm"] = CFrame.new(0.18185567855834961, -1.0700017213821411, 0.29403573274612427, 0.63629519939422607, -0.017615273594856262, 0.77124452590942383, 0.49931681156158447, 0.7714846134185791, -0.39432752132415771, -0.58805716037750244, 0.63600409030914307, 0.4996875524520874),
            ["RightUpperLeg"] = CFrame.new(5.9604644775390625e-08, 0, -9.3008566182106733e-08, 0.72346949577331543, -0.69035476446151733, -0.0014900863170623779, 0.52810853719711304, 0.5548282265663147, -0.64285844564437866, 0.44462713599205017, 0.46430152654647827, 0.76598352193832397)
        }},
        {Time = 0.100, Data = {
            ["Head"] = CFrame.new(0, 0, 0, 1, 0, 0, 0, 0.97839641571044922, -0.2067377120256424, 0, 0.2067377120256424, 0.97839641571044922),
            ["LeftFoot"] = CFrame.new(9.9139015219407156e-08, 0.03032219409942627, -1.8448108676238917e-06, 0.83651244640350342, -0.41915044188499451, -0.35293024778366089, 0.18970951437950134, 0.82580035924911499, -0.53109699487686157, 0.51405948400497437, 0.37731504440307617, 0.77030915021896362),
            ["LeftHand"] = CFrame.new(0.00050014257431030273, 9.9956989288330078e-05, 8.9406967163085938e-08, 1, 0, 0, 0, 1, 0, 0, 0, 1),
            ["LeftLowerArm"] = CFrame.new(-0.00049987435340881348, 0.038667798042297363, 0.0077780634164810181, 1, 0, 0, 0, 0.92181313037872314, -0.3876345157623291, 0, 0.3876345157623291, 0.92181313037872314),
            ["LeftLowerLeg"] = CFrame.new(-2.9802322387695312e-08, 0.12173283100128174, -0.071604445576667786, 1, -0, 0, 0, 0.25896924734115601, 0.96588575839996338, -0, -0.96588575839996338, 0.25896924734115601),
            ["LeftUpperArm"] = CFrame.new(-0.19964003562927246, -1.1435891389846802, 0.30966973304748535, 0.60068368911743164, -0.0022765398025512695, -0.7994835376739502, -0.50556224584579468, 0.77359116077423096, -0.38205176591873169, 0.61934316158294678, 0.63368099927902222, 0.46353268623352051),
            ["LeftUpperLeg"] = CFrame.new(-5.9604644775390625e-08, 0, -0.00010004957584897056, 0.83651936054229736, 0.54564392566680908, -0.05008070170879364, -0.41912457346916199, 0.57831358909606934, -0.6999199390411377, -0.35294473171234131, 0.60648655891418457, 0.71246331930160522),
            ["LowerTorso"] = CFrame.new(0, -0.65355300903320312, 0, 1, 0, 0, 0, 1, 0, 0, 0, 1),
            ["RightFoot"] = CFrame.new(5.0038352128467523e-08, 0.027045905590057373, -0.00010241493146168068, 0.71506071090698242, 0.53473174571990967, 0.45027783513069153, -0.35810273885726929, 0.8333778977394104, -0.42100319266319275, -0.60037535429000854, 0.13979712128639221, 0.78740471601486206),
            ["RightHand"] = CFrame.new(-0.00049996376037597656, 1.1920928955078125e-07, -9.6857547760009766e-08, 1, 0, 0, 0, 1, 0, 0, 0, 1),
            ["RightLowerArm"] = CFrame.new(0, 0.032290458679199219, 0.0053226649761199951, 1, 0, 0, 0, 0.94645476341247559, -0.32283645868301392, 0, 0.32283645868301392, 0.94645476341247559),
            ["RightLowerLeg"] = CFrame.new(4.4703483581542969e-08, 0.11008620262145996, -0.049443989992141724, 1, -0, 0, 0, 0.49050575494766235, 0.87143796682357788, -0, -0.87143796682357788, 0.49050575494766235),
            ["RightUpperArm"] = CFrame.new(0.18185567855834961, -1.0428087711334229, 0.29403573274612427, 0.63629519939422607, -0.017615273594856262, 0.77124452590942383, 0.49931681156158447, 0.7714846134185791, -0.39432752132415771, -0.58805716037750244, 0.63600409030914307, 0.4996875524520874),
            ["RightUpperLeg"] = CFrame.new(5.9604644775390625e-08, 0, -9.4514689408242702e-08, 0.71502804756164551, -0.69887250661849976, 0.017668068408966064, 0.53478735685348511, 0.53052306175231934, -0.65768367052078247, 0.45026370882987976, 0.4797109067440033, 0.75308698415756226)
        }},
        {Time = 0.117, Data = {
            ["Head"] = CFrame.new(0, 0, 0, 1, 0, 0, 0, 0.97839641571044922, -0.2067377120256424, 0, 0.2067377120256424, 0.97839641571044922),
            ["LeftFoot"] = CFrame.new(-1.0737267075455748e-08, 0.030614256858825684, -1.6512108231836464e-06, 0.82953506708145142, -0.42721036076545715, -0.35967051982879639, 0.1852886974811554, 0.81811070442199707, -0.54439228773117065, 0.52682036161422729, 0.38494959473609924, 0.75780874490737915),
            ["LeftHand"] = CFrame.new(0.00050032138824462891, 9.9956989288330078e-05, 3.7252902984619141e-08, 1, 0, 0, 0, 1, 0, 0, 0, 1),
            ["LeftLowerArm"] = CFrame.new(-0.00049993395805358887, 0.038667798042297363, 0.0077780634164810181, 1, 0, 0, 0, 0.92181313037872314, -0.3876345157623291, 0, 0.3876345157623291, 0.92181313037872314),
            ["LeftLowerLeg"] = CFrame.new(4.4703483581542969e-08, 0.12289607524871826, -0.075709916651248932, 1, -0, 0, 0, 0.21633803844451904, 0.97631853818893433, -0, -0.97631853818893433, 0.21633803844451904),
            ["LeftUpperArm"] = CFrame.new(-0.19964003562927246, -1.1160682439804077, 0.30966973304748535, 0.60068368911743164, -0.0022765398025512695, -0.7994835376739502, -0.50556224584579468, 0.77359116077423096, -0.38205176591873169, 0.61934316158294678, 0.63368099927902222, 0.46353268623352051),
            ["LeftUpperLeg"] = CFrame.new(-5.9604644775390625e-08, 0, -0.0001000511329039, 0.82952231168746948, 0.55446112155914307, -0.066825166344642639, -0.42719599604606628, 0.55289989709854126, -0.71540564298629761, -0.35971701145172119, 0.62199240922927856, 0.69550633430480957),
            ["LowerTorso"] = CFrame.new(0, -0.6831974983215332, 0, 1, 0, 0, 0, 1, 0, 0, 0, 1),
            ["RightFoot"] = CFrame.new(5.3588337323162705e-08, 0.027728378772735596, -0.00010238218965241686, 0.70535016059875488, 0.54225218296051025, 0.45655626058578491, -0.35468712449073792, 0.82762765884399414, -0.43500509858131409, -0.61374109983444214, 0.14489629864692688, 0.77609723806381226),
            ["RightHand"] = CFrame.new(-0.00049996376037597656, 1.1920928955078125e-07, 2.2351741790771484e-08, 1, 0, 0, 0, 1, 0, 0, 0, 1),
            ["RightLowerArm"] = CFrame.new(-1.1920928955078125e-07, 0.03229057788848877, 0.0053227245807647705, 1, 0, 0, 0, 0.94645476341247559, -0.32283645868301392, 0, 0.32283645868301392, 0.94645476341247559),
            ["RightLowerLeg"] = CFrame.new(-1.0430812835693359e-07, 0.11257588863372803, -0.053162515163421631, 1, -0, 0, 0, 0.4518054723739624, 0.89211654663085938, -0, -0.89211654663085938, 0.4518054723739624),
            ["RightUpperArm"] = CFrame.new(0.18185567855834961, -1.0128848552703857, 0.29403573274612427, 0.63629519939422607, -0.017615273594856262, 0.77124452590942383, 0.49931681156158447, 0.7714846134185791, -0.39432752132415771, -0.58805716037750244, 0.63600409030914307, 0.4996875524520874),
            ["RightUpperLeg"] = CFrame.new(5.9604644775390625e-08, 0, -9.6079020295292139e-08, 0.70535051822662354, -0.70777976512908936, 0.039097875356674194, 0.54224586486816406, 0.50321567058563232, -0.67286223173141479, 0.45656347274780273, 0.49580439925193787, 0.73873400688171387)
        }},
        {Time = 0.133, Data = {
            ["Head"] = CFrame.new(0, 0, 0, 1, 0, 0, 0, 0.97839641571044922, -0.2067377120256424, 0, 0.2067377120256424, 0.97839641571044922),
            ["LeftFoot"] = CFrame.new(1.1129986887681298e-07, 0.031115055084228516, -1.6004923963919282e-06, 0.8215796947479248, -0.43607714772224426, -0.3672105073928833, 0.18076029419898987, 0.81014901399612427, -0.55765962600708008, 0.54067784547805786, 0.39178472757339478, 0.74442744255065918),
            ["LeftHand"] = CFrame.new(0.00050020217895507812, 9.9956989288330078e-05, 1.0430812835693359e-07, 1, 0, 0, 0, 1, 0, 0, 0, 1),
            ["LeftLowerArm"] = CFrame.new(-0.00050008296966552734, 0.038667917251586914, 0.0077781230211257935, 1, 0, 0, 0, 0.92181313037872314, -0.3876345157623291, 0, 0.3876345157623291, 0.92181313037872314),
            ["LeftLowerLeg"] = CFrame.new(1.1920928955078125e-07, 0.12400287389755249, -0.079969137907028198, 1, -0, 0, 0, 0.17206990718841553, 0.98508477210998535, -0, -0.98508477210998535, 0.17206990718841553),
            ["LeftUpperArm"] = CFrame.new(-0.19964003562927246, -1.0866636037826538, 0.30966973304748535, 0.60068368911743164, -0.0022765398025512695, -0.7994835376739502, -0.50556224584579468, 0.77359116077423096, -0.38205176591873169, 0.61934316158294678, 0.63368099927902222, 0.46353268623352051),
            ["LeftUpperLeg"] = CFrame.new(-5.9604644775390625e-08, 0, -0.00010005265357904136, 0.82158803939819336, 0.56369596719741821, -0.085087567567825317, -0.43610167503356934, 0.52533119916915894, -0.73064523935317993, -0.36716261506080627, 0.63739627599716187, 0.67743456363677979),
            ["LowerTorso"] = CFrame.new(0, -0.71487092971801758, 0, 1, 0, 0, 0, 1, 0, 0, 0, 1),
            ["RightFoot"] = CFrame.new(-1.1252950571360998e-08, 0.028437674045562744, -0.00010232587374048308, 0.69457733631134033, 0.55031722784042358, 0.4633716344833374, -0.35145413875579834, 0.82156366109848022, -0.44890221953392029, -0.62772786617279053, 0.1489434540271759, 0.76405072212219238),
            ["RightHand"] = CFrame.new(-0.00049990415573120117, 1.1920928955078125e-07, -7.4505805969238281e-09, 1, 0, 0, 0, 1, 0, 0, 0, 1),
            ["RightLowerArm"] = CFrame.new(1.7881393432617188e-07, 0.03229057788848877, 0.0053227245807647705, 1, 0, 0, 0, 0.94645476341247559, -0.32283645868301392, 0, 0.32283645868301392, 0.94645476341247559),
            ["RightLowerLeg"] = CFrame.new(1.3411045074462891e-07, 0.11496603488922119, -0.057074140757322311, 1, -0, 0, 0, 0.41112667322158813, 0.91157817840576172, -0, -0.91157817840576172, 0.41112667322158813),
            ["RightUpperArm"] = CFrame.new(0.18185567855834961, -0.98091292381286621, 0.29403573274612427, 0.63629519939422607, -0.017615273594856262, 0.77124452590942383, 0.49931681156158447, 0.7714846134185791, -0.39432752132415771, -0.58805716037750244, 0.63600409030914307, 0.4996875524520874),
            ["RightUpperLeg"] = CFrame.new(5.9604644775390625e-08, 0, -9.7621523309499025e-08, 0.69458109140396118, -0.71671122312545776, 0.062306329607963562, 0.55035001039505005, 0.47357821464538574, -0.68763256072998047, 0.46332705020904541, 0.51190686225891113, 0.72338050603866577)
        }},
        {Time = 0.150, Data = {
            ["Head"] = CFrame.new(0, -1.1920928955078125e-07, 0, 1, 0, 0, 0, 0.97839641571044922, -0.2067377120256424, 0, 0.2067377120256424, 0.97839641571044922),
            ["LeftFoot"] = CFrame.new(6.7399923864286393e-08, 0.031659245491027832, -1.5205332601908594e-06, 0.81277740001678467, -0.44565069675445557, -0.37521776556968689, 0.17642848193645477, 0.80211544036865234, -0.57051193714141846, 0.55521702766418457, 0.39750009775161743, 0.73056674003601074),
            ["LeftHand"] = CFrame.new(0.00050002336502075195, 9.9897384643554688e-05, 9.6857547760009766e-08, 1, 0, 0, 0, 1, 0, 0, 0, 1),
            ["LeftLowerArm"] = CFrame.new(-0.00049996376037597656, 0.038667917251586914, 0.0077781230211257935, 1, 0, 0, 0, 0.92181313037872314, -0.3876345157623291, 0, 0.3876345157623291, 0.92181313037872314),
            ["LeftLowerLeg"] = CFrame.new(-4.4703483581542969e-08, 0.12494039535522461, -0.084314562380313873, 1, -0, 0, 0, 0.12669986486434937, 0.99194115400314331, -0, -0.99194115400314331, 0.12669986486434937),
            ["LeftUpperArm"] = CFrame.new(-0.19964003562927246, -1.0560033321380615, 0.30966973304748535, 0.60068368911743164, -0.0022765398025512695, -0.7994835376739502, -0.50556224584579468, 0.77359116077423096, -0.38205176591873169, 0.61934316158294678, 0.63368099927902222, 0.46353268623352051),
            ["LeftUpperLeg"] = CFrame.new(-5.9604644775390625e-08, 0, -0.0001000541087705642, 0.8127865195274353, 0.57308977842330933, -0.10462468862533569, -0.44560962915420532, 0.49592071771621704, -0.7453153133392334, -0.37524691224098206, 0.6524040699005127, 0.65845191478729248),
            ["LowerTorso"] = CFrame.new(0, -0.74789702892303467, 0, 1, 0, 0, 0, 1, 0, 0, 0, 1),
            ["RightFoot"] = CFrame.new(-1.9094670733466046e-07, 0.029078662395477295, -0.00010215843212790787, 0.68285322189331055, 0.55884832143783569, 0.47053170204162598, -0.34850618243217468, 0.81525051593780518, -0.46250411868095398, -0.64207088947296143, 0.15183922648429871, 0.75145852565765381),
            ["RightHand"] = CFrame.new(-0.00050002336502075195, 2.384185791015625e-07, 4.4703483581542969e-08, 1, 0, 0, 0, 1, 0, 0, 0, 1),
            ["RightLowerArm"] = CFrame.new(5.9604644775390625e-08, 0.032290458679199219, 0.0053226649761199951, 1, 0, 0, 0, 0.94645476341247559, -0.32283645868301392, 0, 0.32283645868301392, 0.94645476341247559),
            ["RightLowerLeg"] = CFrame.new(2.384185791015625e-07, 0.11710250377655029, -0.06110747903585434, 1, -0, 0, 0, 0.3691861629486084, 0.9293554425239563, -0, -0.9293554425239563, 0.3691861629486084),
            ["RightUpperArm"] = CFrame.new(0.18185567855834961, -0.94757568836212158, 0.29403573274612427, 0.63629519939422607, -0.017615273594856262, 0.77124452590942383, 0.49931681156158447, 0.7714846134185791, -0.39432752132415771, -0.58805716037750244, 0.63600409030914307, 0.4996875524520874),
            ["RightUpperLeg"] = CFrame.new(5.9604644775390625e-08, 0, -9.9105818662792444e-08, 0.68284308910369873, -0.72539490461349487, 0.086761474609375, 0.55882459878921509, 0.44212877750396729, -0.70159620046615601, 0.47057455778121948, 0.52756458520889282, 0.70727312564849854)
        }},
        {Time = 0.167, Data = {
            ["Head"] = CFrame.new(0, 0, 0, 1, 0, 0, 0, 0.97839641571044922, -0.2067377120256424, 0, 0.2067377120256424, 0.97839641571044922),
            ["LeftFoot"] = CFrame.new(5.8229488786309958e-08, 0.031958580017089844, -1.3398166629485786e-06, 0.80314207077026367, -0.45573252439498901, -0.38375863432884216, 0.17217932641506195, 0.79417753219604492, -0.58278322219848633, 0.5703657865524292, 0.40198245644569397, 0.71630513668060303),
            ["LeftHand"] = CFrame.new(0.00050014257431030273, 9.9897384643554688e-05, 1.2293457984924316e-07, 1, 0, 0, 0, 1, 0, 0, 0, 1),
            ["LeftLowerArm"] = CFrame.new(-0.00049987435340881348, 0.038667917251586914, 0.0077781826257705688, 1, 0, 0, 0, 0.92181313037872314, -0.3876345157623291, 0, 0.3876345157623291, 0.92181313037872314),
            ["LeftLowerLeg"] = CFrame.new(-1.4901161193847656e-08, 0.12552642822265625, -0.088713370263576508, 1, -0, 0, 0, 0.080938994884490967, 0.99671906232833862, -0, -0.99671906232833862, 0.080938994884490967),
            ["LeftUpperArm"] = CFrame.new(-0.19964003562927246, -1.0247150659561157, 0.30966973304748535, 0.60068368911743164, -0.0022765398025512695, -0.7994835376739502, -0.50556224584579468, 0.77359116077423096, -0.38205176591873169, 0.61934316158294678, 0.63368099927902222, 0.46353268623352051),
            ["LeftUpperLeg"] = CFrame.new(-5.9604644775390625e-08, 0, -0.00010005551303038374, 0.80313557386398315, 0.58244192600250244, -0.12543806433677673, -0.45576146245002747, 0.46499466896057129, -0.75898712873458862, -0.38373789191246033, 0.66673940420150757, 0.6389082670211792),
            ["LowerTorso"] = CFrame.new(0, -0.78159928321838379, 0, 1, 0, 0, 0, 1, 0, 0, 0, 1),
            ["RightFoot"] = CFrame.new(3.916915147783584e-08, 0.029683768749237061, -0.00010214811482001096, 0.67030107975006104, 0.56766641139984131, 0.47796577215194702, -0.34608718752861023, 0.80887937545776367, -0.47532913088798523, -0.65644508600234985, 0.15319576859474182, 0.73865479230880737),
            ["RightHand"] = CFrame.new(-0.00049984455108642578, 2.384185791015625e-07, 7.4505805969238281e-08, 1, 0, 0, 0, 1, 0, 0, 0, 1),
            ["RightLowerArm"] = CFrame.new(0, 0.03229057788848877, 0.0053227245807647705, 1, 0, 0, 0, 0.94645476341247559, -0.32283645868301392, 0, 0.32283645868301392, 0.94645476341247559),
            ["RightLowerLeg"] = CFrame.new(-1.1920928955078125e-07, 0.11899608373641968, -0.065147705376148224, 1, -0, 0, 0, 0.3272055983543396, 0.94495326280593872, -0, -0.94495326280593872, 0.3272055983543396),
            ["RightUpperArm"] = CFrame.new(0.18185567855834961, -0.91355562210083008, 0.29403573274612427, 0.63629519939422607, -0.017615273594856262, 0.77124452590942383, 0.49931681156158447, 0.7714846134185791, -0.39432752132415771, -0.58805716037750244, 0.63600409030914307, 0.4996875524520874),
            ["RightUpperLeg"] = CFrame.new(5.9604644775390625e-08, 0, -1.004882506094873e-07, 0.67022925615310669, -0.73362076282501221, 0.11222000420093536, 0.56769609451293945, 0.40938830375671387, -0.71422851085662842, 0.47803133726119995, 0.5424036979675293, 0.6908576488494873)
        }},
        {Time = 0.183, Data = {
            ["Head"] = CFrame.new(0, 0, 0, 1, 0, 0, 0, 0.97839641571044922, -0.2067377120256424, 0, 0.2067377120256424, 0.97839641571044922),
            ["LeftFoot"] = CFrame.new(-7.6362994150258601e-08, 0.032222270965576172, -1.2177442840766162e-06, 0.7928769588470459, -0.46617487072944641, -0.39246290922164917, 0.16838952898979187, 0.7865644097328186, -0.59410554170608521, 0.58565443754196167, 0.40496593713760376, 0.70214778184890747),
            ["LeftHand"] = CFrame.new(0.00050014257431030273, 9.9837779998779297e-05, 7.0780515670776367e-08, 1, 0, 0, 0, 1, 0, 0, 0, 1),
            ["LeftLowerArm"] = CFrame.new(-0.00049987435340881348, 0.038667798042297363, 0.0077781230211257935, 1, 0, 0, 0, 0.92181313037872314, -0.3876345157623291, 0, 0.3876345157623291, 0.92181313037872314),
            ["LeftLowerLeg"] = CFrame.new(-8.9406967163085938e-08, 0.12588202953338623, -0.093014985322952271, 1, -0, 0, 0, 0.036287963390350342, 0.99934148788452148, -0, -0.99934148788452148, 0.036287963390350342),
            ["LeftUpperArm"] = CFrame.new(-0.19964003562927246, -0.99342691898345947, 0.30966973304748535, 0.60068368911743164, -0.0022765398025512695, -0.7994835376739502, -0.50556224584579468, 0.77359116077423096, -0.38205176591873169, 0.61934316158294678, 0.63368099927902222, 0.46353268623352051),
            ["LeftUpperLeg"] = CFrame.new(-5.9604644775390625e-08, 0, -0.00010005680087488145, 0.79287183284759521, 0.59139615297317505, -0.14698606729507446, -0.46616607904434204, 0.43326878547668457, -0.77134132385253906, -0.39248377084732056, 0.68009471893310547, 0.61921536922454834),
            ["LowerTorso"] = CFrame.new(0, -0.81530165672302246, 0, 1, 0, 0, 0, 1, 0, 0, 0, 1),
            ["RightFoot"] = CFrame.new(-4.0785380406305194e-08, 0.030271470546722412, -0.00010189833119511604, 0.6570582389831543, 0.57667058706283569, 0.4855157732963562, -0.34433972835540771, 0.80253362655639648, -0.48720628023147583, -0.67060023546218872, 0.1529405266046524, 0.72588193416595459),
            ["RightHand"] = CFrame.new(-0.00049984455108642578, 1.1920928955078125e-07, -4.4703483581542969e-08, 1, 0, 0, 0, 1, 0, 0, 0, 1),
            ["RightLowerArm"] = CFrame.new(1.1920928955078125e-07, 0.032290458679199219, 0.0053226649761199951, 1, 0, 0, 0, 0.94645476341247559, -0.32283645868301392, 0, 0.32283645868301392, 0.94645476341247559),
            ["RightLowerLeg"] = CFrame.new(-5.9604644775390625e-08, 0.12064528465270996, -0.069095775485038757, 1, -0, 0, 0, 0.28604042530059814, 0.95821768045425415, -0, -0.95821768045425415, 0.28604042530059814),
            ["RightUpperArm"] = CFrame.new(0.18185567855834961, -0.87953567504882812, 0.29403573274612427, 0.63629519939422607, -0.017615273594856262, 0.77124452590942383, 0.49931681156158447, 0.7714846134185791, -0.39432752132415771, -0.58805716037750244, 0.63600409030914307, 0.4996875524520874),
            ["RightUpperLeg"] = CFrame.new(5.9604644775390625e-08, 0, -1.0174699127674103e-07, 0.65706139802932739, -0.74107611179351807, 0.13811790943145752, 0.57663798332214355, 0.37608969211578369, -0.72528976202011108, 0.4855501651763916, 0.55620390176773071, 0.67444664239883423)
        }},
        {Time = 0.200, Data = {
            ["Head"] = CFrame.new(0, 0, 0, 1, 0, 0, 0, 0.97839641571044922, -0.2067377120256424, 0, 0.2067377120256424, 0.97839641571044922),
            ["LeftFoot"] = CFrame.new(1.0569237929303199e-07, 0.032473981380462646, -1.0445255611557513e-06, 0.78209757804870605, -0.47666570544242859, -0.40138909220695496, 0.16493788361549377, 0.77949494123458862, -0.60430389642715454, 0.60093170404434204, 0.40642032027244568, 0.68826133012771606),
            ["LeftHand"] = CFrame.new(0.00050008296966552734, 9.9956989288330078e-05, 7.8231096267700195e-08, 1, 0, 0, 0, 1, 0, 0, 0, 1),
            ["LeftLowerArm"] = CFrame.new(-0.00049993395805358887, 0.038667917251586914, 0.0077781230211257935, 1, 0, 0, 0, 0.92181313037872314, -0.3876345157623291, 0, 0.3876345157623291, 0.92181313037872314),
            ["LeftLowerLeg"] = CFrame.new(4.4703483581542969e-08, 0.12603724002838135, -0.097125500440597534, 1, 0, 0, 0, -0.0064597129821777344, 0.99997913837432861, 0, -0.99997913837432861, -0.0064597129821777344),
            ["LeftUpperArm"] = CFrame.new(-0.19964003562927246, -0.96276652812957764, 0.30966970324516296, 0.60068368911743164, -0.0022765398025512695, -0.7994835376739502, -0.50556224584579468, 0.77359116077423096, -0.38205176591873169, 0.61934316158294678, 0.63368099927902222, 0.46353268623352051),
            ["LeftUpperLeg"] = CFrame.new(-5.9604644775390625e-08, 0, -0.00010005795047618449, 0.78204840421676636, 0.59990847110748291, -0.16884943842887878, -0.4767148494720459, 0.40132218599319458, -0.78210198879241943, -0.40142658352851868, 0.69213461875915527, 0.59983861446380615),
