return {
["you ladies alright"] = {

          {Time = 0.000, Data = {

              ["Head"] = CFrame.new(0.000000, 0.000000, -67.826454, 0.307826, -0.595031, -0.742416, 0.850610, 0.521708, -0.065452, 0.426270, -0.611358, 0.666734),

              ["LeftFoot"] = CFrame.new(-0.000000, -0.002095, -0.000003, 0.995962, -0.068678, -0.057829, 0.068793, 0.997631, -0.000011, 0.057690, -0.003956, 0.998327),

              ["LeftHand"] = CFrame.new(0.000506, -0.008649, -0.000000, 1.000000, -0.000004, -0.001019, 0.000070, 0.997845, 0.065617, 0.001016, -0.065617, 0.997844),

              ["LeftLowerArm"] = CFrame.new(-0.000500, 0.005559, 0.000828, 1.000000, -0.000000, -0.000000, 0.000000, 0.990994, -0.133910, 0.000000, 0.133910, 0.990994),

              ["LeftLowerLeg"] = CFrame.new(-0.000000, -0.001688, 0.000079, 1.000000, -0.000000, 0.000000, 0.000000, 1.000000, -0.000008, -0.000000, -0.000011, 1.000000),

              ["LeftUpperArm"] = CFrame.new(-0.000000, -0.000002, -0.000509, 1.000000, -0.000066, 0.001017, -0.000004, 0.997645, 0.068595, -0.001019, -0.068595, 0.997644),

              ["LeftUpperLeg"] = CFrame.new(0.000000, -0.000000, -0.000100, 0.995962, 0.068793, 0.057691, -0.068678, 0.997631, -0.003959, -0.057827, -0.000011, 0.998327),

              ["LowerTorso"] = CFrame.new(0.000000, 0.000000, 0.000000, 1.000000, 0.000000, -0.000000, 0.000000, 1.000000, 0.000000, 0.000000, 0.000000, 1.000000),

              ["RightFoot"] = CFrame.new(-0.000000, -0.003444, -0.000103, 0.992956, 0.090638, 0.076320, -0.090902, 0.995860, -0.000023, -0.076002, -0.006903, 0.997083),

              ["RightHand"] = CFrame.new(-0.000505, -0.007818, 0.000000, 1.000000, 0.000003, 0.000997, -0.000064, 0.998178, 0.060335, -0.000994, -0.060334, 0.998178),

              ["RightLowerArm"] = CFrame.new(0.000000, 0.005234, 0.000716, 1.000000, 0.000000, 0.000000, -0.000000, 0.992392, -0.123121, -0.000000, 0.123121, 0.992392),

              ["RightLowerLeg"] = CFrame.new(-0.000000, -0.003432, -0.000042, 1.000000, -0.000000, 0.000000, 0.000000, 1.000000, -0.000008, -0.000000, -0.000011, 1.000000),

              ["RightUpperArm"] = CFrame.new(0.000000, -0.000002, -0.000498, 1.000000, 0.000060, -0.000995, 0.000003, 0.998012, 0.063021, 0.000996, -0.063021, 0.998012),

              ["RightUpperLeg"] = CFrame.new(0.000000, -0.000000, -0.000000, 0.992955, -0.090901, -0.076004, 0.090638, 0.995860, -0.006907, 0.076317, -0.000023, 0.997084),

              ["UpperTorso"] = CFrame.new(0.000000, 0.000000, 0.000000, 1.000000, 0.000000, 0.000000, 0.000000, 1.000000, 0.000000, -0.000000, 0.000000, 1.000000)

          }},

          {Time = 0.017, Data = {

              ["Head"] = CFrame.new(-0.004612, 0.072040, -67.800407, 0.308776, -0.599051, -0.738779, 0.851704, 0.519901, -0.065597, 0.423388, -0.608967, 0.670747),

              ["LeftFoot"] = CFrame.new(-0.000000, -0.002060, -0.000003, 0.995961, -0.068680, -0.057830, 0.068795, 0.997631, -0.000011, 0.057691, -0.003956, 0.998326),

              ["LeftHand"] = CFrame.new(0.000506, -0.008644, -0.000000, 1.000000, -0.000004, -0.001019, 0.000071, 0.997838, 0.065719, 0.001016, -0.065718, 0.997838),

              ["LeftLowerArm"] = CFrame.new(-0.000500, 0.005584, 0.000831, 1.000000, -0.000000, -0.000000, 0.000000, 0.990966, -0.134115, 0.000000, 0.134115, 0.990966),

              ["LeftLowerLeg"] = CFrame.new(-0.000000, -0.001653, 0.000079, 1.000000, 0.000000, -0.000000, 0.000000, 1.000000, -0.000008, 0.000000, -0.000011, 1.000000),

              ["LeftUpperArm"] = CFrame.new(-0.000000, -0.000002, -0.000509, 1.000000, -0.000066, 0.001017, -0.000004, 0.997637, 0.068701, -0.001019, -0.068701, 0.997637),

              ["LeftUpperLeg"] = CFrame.new(0.000000, -0.000000, -0.000100, 0.995961, 0.068794, 0.057692, -0.068680, 0.997631, -0.003959, -0.057828, -0.000011, 0.998327),

              ["LowerTorso"] = CFrame.new(0.000000, -0.000041, 0.000000, 1.000000, 0.000000, -0.000000, 0.000000, 1.000000, 0.000000, 0.000000, 0.000000, 1.000000),

              ["RightFoot"] = CFrame.new(0.000000, -0.003425, -0.000103, 0.992955, 0.090640, 0.076321, -0.090904, 0.995860, -0.000023, -0.076004, -0.006904, 0.997083),

              ["RightHand"] = CFrame.new(-0.000505, -0.007813, -0.000000, 1.000000, 0.000003, 0.000997, -0.000064, 0.998172, 0.060442, -0.000994, -0.060441, 0.998171),

              ["RightLowerArm"] = CFrame.new(0.000000, 0.005260, 0.000718, 1.000000, 0.000000, 0.000000, -0.000000, 0.992365, -0.123337, -0.000000, 0.123337, 0.992365),

              ["RightLowerLeg"] = CFrame.new(0.000000, -0.003412, -0.000042, 1.000000, -0.000000, -0.000000, 0.000000, 1.000000, -0.000008, -0.000000, -0.000011, 1.000000),

              ["RightUpperArm"] = CFrame.new(0.000000, -0.000002, -0.000498, 1.000000, 0.000060, -0.000995, 0.000003, 0.998005, 0.063132, 0.000996, -0.063132, 0.998005),

              ["RightUpperLeg"] = CFrame.new(0.000000, -0.000000, -0.000000, 0.992955, -0.090903, -0.076005, 0.090640, 0.995860, -0.006907, 0.076319, -0.000023, 0.997083),

              ["UpperTorso"] = CFrame.new(0.000000, 0.000000, 0.000000, 1.000000, 0.000000, 0.000000, 0.000000, 1.000000, 0.000000, -0.000000, 0.000000, 1.000000)

          }},

          {Time = 0.033, Data = {

              ["Head"] = CFrame.new(-0.018054, 0.282028, -67.722664, 0.311419, -0.610757, -0.728007, 0.854918, 0.514552, -0.065973, 0.414891, -0.601840, 0.682388),

              ["LeftFoot"] = CFrame.new(-0.000000, -0.002005, -0.000003, 0.995961, -0.068685, -0.057834, 0.068799, 0.997631, -0.000011, 0.057695, -0.003957, 0.998326),

              ["LeftHand"] = CFrame.new(0.000505, -0.008631, -0.000000, 1.000000, -0.000003, -0.001019, 0.000071, 0.997818, 0.066019, 0.001016, -0.066017, 0.997818),

              ["LeftLowerArm"] = CFrame.new(-0.000500, 0.005659, 0.000839, 1.000000, -0.000000, -0.000000, 0.000000, 0.990883, -0.134724, 0.000000, 0.134724, 0.990883),

              ["LeftLowerLeg"] = CFrame.new(-0.000000, -0.001598, 0.000080, 1.000000, 0.000000, -0.000000, -0.000000, 1.000000, -0.000008, 0.000000, -0.000011, 1.000000),

              ["LeftUpperArm"] = CFrame.new(-0.000000, -0.000002, -0.000509, 1.000000, -0.000067, 0.001017, -0.000004, 0.997616, 0.069014, -0.001019, -0.069014, 0.997615),

              ["LeftUpperLeg"] = CFrame.new(0.000000, -0.000000, -0.000100, 0.995961, 0.068799, 0.057696, -0.068685, 0.997631, -0.003960, -0.057832, -0.000011, 0.998326),

              ["LowerTorso"] = CFrame.new(0.000000, -0.000164, 0.000000, 1.000000, 0.000000, -0.000000, 0.000000, 1.000000, 0.000000, 0.000000, 0.000000, 1.000000),

              ["RightFoot"] = CFrame.new(-0.000000, -0.003367, -0.000103, 0.992954, 0.090646, 0.076327, -0.090910, 0.995859, -0.000023, -0.076009, -0.006905, 0.997083),

              ["RightHand"] = CFrame.new(-0.000505, -0.007801, -0.000000, 1.000000, 0.000003, 0.000996, -0.000064, 0.998153, 0.060755, -0.000994, -0.060754, 0.998152),

              ["RightLowerArm"] = CFrame.new(0.000000, 0.005337, 0.000726, 1.000000, 0.000000, 0.000000, -0.000000, 0.992286, -0.123974, -0.000000, 0.123974, 0.992285),

              ["RightLowerLeg"] = CFrame.new(0.000000, -0.003355, -0.000041, 1.000000, -0.000000, 0.000000, 0.000000, 1.000000, -0.000008, 0.000000, -0.000011, 1.000000),

              ["RightUpperArm"] = CFrame.new(0.000000, -0.000002, -0.000498, 1.000000, 0.000060, -0.000995, 0.000003, 0.997985, 0.063459, 0.000996, -0.063459, 0.997984),

              ["RightUpperLeg"] = CFrame.new(0.000000, -0.000000, -0.000000, 0.992954, -0.090910, -0.076011, 0.090646, 0.995859, -0.006909, 0.076324, -0.000023, 0.997083),

              ["UpperTorso"] = CFrame.new(0.000000, 0.000000, 0.000000, 1.000000, 0.000000, 0.000000, 0.000000, 1.000000, 0.000000, -0.000000, 0.000000, 1.000000)

          }},

          {Time = 0.050, Data = {

              ["Head"] = CFrame.new(-0.039737, 0.620767, -67.593826, 0.315335, -0.629578, -0.710067, 0.860145, 0.505709, -0.066401, 0.400892, -0.589822, 0.700996),

              ["LeftFoot"] = CFrame.new(0.000000, -0.001898, -0.000003, 0.995960, -0.068692, -0.057841, 0.068807, 0.997630, -0.000010, 0.057701, -0.003959, 0.998326),

              ["LeftHand"] = CFrame.new(0.000506, -0.008608, -0.000000, 1.000000, -0.000004, -0.001019, 0.000071, 0.997786, 0.066511, 0.001016, -0.066510, 0.997785),

              ["LeftLowerArm"] = CFrame.new(-0.000500, 0.005782, 0.000853, 1.000000, -0.000000, -0.000000, 0.000000, 0.990747, -0.135723, 0.000000, 0.135723, 0.990747),

              ["LeftLowerLeg"] = CFrame.new(-0.000000, -0.001491, 0.000081, 1.000000, -0.000000, -0.000000, -0.000000, 1.000000, -0.000008, 0.000000, -0.000011, 1.000000),

              ["LeftUpperArm"] = CFrame.new(-0.000000, -0.000002, -0.000509, 1.000000, -0.000067, 0.001017, -0.000004, 0.997580, 0.069528, -0.001018, -0.069528, 0.997580),

              ["LeftUpperLeg"] = CFrame.new(0.000000, -0.000000, -0.000100, 0.995960, 0.068807, 0.057703, -0.068693, 0.997630, -0.003962, -0.057839, -0.000010, 0.998326),

              ["LowerTorso"] = CFrame.new(0.000000, -0.000366, 0.000000, 1.000000, 0.000000, -0.000000, 0.000000, 1.000000, 0.000000, 0.000000, 0.000000, 1.000000),

              ["RightFoot"] = CFrame.new(-0.000000, -0.003272, -0.000103, 0.992953, 0.090656, 0.076335, -0.090921, 0.995858, -0.000022, -0.076017, -0.006908, 0.997082),

              ["RightHand"] = CFrame.new(-0.000505, -0.007779, -0.000000, 1.000000, 0.000003, 0.000996, -0.000064, 0.998121, 0.061270, -0.000994, -0.061269, 0.998121),

              ["RightLowerArm"] = CFrame.new(0.000000, 0.005464, 0.000740, 1.000000, 0.000000, 0.000000, -0.000000, 0.992154, -0.125021, -0.000000, 0.125020, 0.992154),

              ["RightLowerLeg"] = CFrame.new(-0.000000, -0.003260, -0.000040, 1.000000, 0.000000, 0.000000, -0.000000, 1.000000, -0.000008, 0.000000, -0.000011, 1.000000),

              ["RightUpperArm"] = CFrame.new(0.000000, -0.000002, -0.000498, 1.000000, 0.000060, -0.000995, 0.000003, 0.997950, 0.063997, 0.000996, -0.063997, 0.997950),

              ["RightUpperLeg"] = CFrame.new(0.000000, -0.000000, -0.000000, 0.992953, -0.090920, -0.076019, 0.090657, 0.995858, -0.006911, 0.076333, -0.000022, 0.997082),

              ["UpperTorso"] = CFrame.new(0.000000, 0.000000, 0.000000, 1.000000, 0.000000, 0.000000, 0.000000, 1.000000, 0.000000, -0.000000, 0.000000, 1.000000)

          }},

          {Time = 0.067, Data = {

              ["Head"] = CFrame.new(-0.069074, 1.079062, -67.414497, 0.319957, -0.654870, -0.684669, 0.867273, 0.493358, -0.066594, 0.381398, -0.572488, 0.725805),

              ["LeftFoot"] = CFrame.new(0.000000, -0.001757, -0.000003, 0.995959, -0.068703, -0.057850, 0.068818, 0.997629, -0.000009, 0.057710, -0.003961, 0.998325),

              ["LeftHand"] = CFrame.new(0.000506, -0.008576, -0.000000, 1.000000, -0.000004, -0.001019, 0.000072, 0.997740, 0.067190, 0.001016, -0.067189, 0.997740),

              ["LeftLowerArm"] = CFrame.new(-0.000500, 0.005951, 0.000872, 1.000000, -0.000000, -0.000000, 0.000000, 0.990557, -0.137102, 0.000000, 0.137101, 0.990557),

              ["LeftLowerLeg"] = CFrame.new(-0.000000, -0.001351, 0.000083, 1.000000, -0.000000, 0.000000, -0.000000, 1.000000, -0.000008, 0.000000, -0.000011, 1.000000),

              ["LeftUpperArm"] = CFrame.new(-0.000000, -0.000002, -0.000509, 1.000000, -0.000068, 0.001017, -0.000004, 0.997530, 0.070237, -0.001018, -0.070237, 0.997530),

              ["LeftUpperLeg"] = CFrame.new(0.000000, -0.000000, -0.000100, 0.995959, 0.068818, 0.057712, -0.068703, 0.997629, -0.003964, -0.057848, -0.000009, 0.998325),

              ["LowerTorso"] = CFrame.new(0.000000, -0.000645, 0.000000, 1.000000, 0.000000, -0.000000, 0.000000, 1.000000, 0.000000, 0.000000, 0.000000, 1.000000),

              ["RightFoot"] = CFrame.new(-0.000000, -0.003125, -0.000103, 0.992950, 0.090671, 0.076347, -0.090935, 0.995857, -0.000021, -0.076029, -0.006911, 0.997081),

              ["RightHand"] = CFrame.new(-0.000505, -0.007750, 0.000000, 1.000000, 0.000003, 0.000996, -0.000065, 0.998077, 0.061981, -0.000994, -0.061980, 0.998077),

              ["RightLowerArm"] = CFrame.new(0.000000, 0.005638, 0.000758, 1.000000, 0.000000, 0.000000, -0.000000, 0.991971, -0.126466, -0.000000, 0.126466, 0.991971),

              ["RightLowerLeg"] = CFrame.new(0.000000, -0.003113, -0.000038, 1.000000, 0.000000, -0.000000, -0.000000, 1.000000, -0.000008, -0.000000, -0.000011, 1.000000),

              ["RightUpperArm"] = CFrame.new(0.000000, -0.000002, -0.000498, 1.000000, 0.000061, -0.000995, 0.000003, 0.997902, 0.064739, 0.000996, -0.064739, 0.997902),

              ["RightUpperLeg"] = CFrame.new(0.000000, -0.000000, -0.000000, 0.992950, -0.090935, -0.076031, 0.090671, 0.995857, -0.006914, 0.076345, -0.000021, 0.997082),

              ["UpperTorso"] = CFrame.new(0.000000, 0.000000, 0.000000, 1.000000, 0.000000, 0.000000, 0.000000, 1.000000, 0.000000, -0.000000, 0.000000, 1.000000)

          }},

          {Time = 0.083, Data = {

              ["Head"] = CFrame.new(-0.105476, 1.647716, -67.185265, 0.324569, -0.685877, -0.651328, 0.876167, 0.477446, -0.066162, 0.356353, -0.549198, 0.755906),

              ["LeftFoot"] = CFrame.new(0.000000, -0.001585, -0.000003, 0.995957, -0.068717, -0.057862, 0.068832, 0.997628, -0.000008, 0.057722, -0.003964, 0.998325),

              ["LeftHand"] = CFrame.new(0.000506, -0.008536, -0.000000, 1.000000, -0.000004, -0.001018, 0.000073, 0.997682, 0.068050, 0.001015, -0.068049, 0.997681),

              ["LeftLowerArm"] = CFrame.new(-0.000500, 0.006164, 0.000896, 1.000000, -0.000000, -0.000000, 0.000000, 0.990314, -0.138848, 0.000000, 0.138847, 0.990314),

              ["LeftLowerLeg"] = CFrame.new(0.000000, -0.001180, 0.000085, 1.000000, -0.000000, -0.000000, 0.000000, 1.000000, -0.000008, -0.000000, -0.000011, 1.000000),

              ["LeftUpperArm"] = CFrame.new(-0.000000, -0.000002, -0.000509, 1.000000, -0.000069, 0.001016, -0.000004, 0.997467, 0.071135, -0.001018, -0.071135, 0.997466),

              ["LeftUpperLeg"] = CFrame.new(0.000000, -0.000000, -0.000100, 0.995957, 0.068832, 0.057723, -0.068717, 0.997628, -0.003967, -0.057860, -0.000008, 0.998325),

              ["LowerTorso"] = CFrame.new(0.000000, -0.000998, 0.000000, 1.000000, 0.000000, -0.000000, 0.000000, 1.000000, 0.000000, 0.000000, 0.000000, 1.000000),

              ["RightFoot"] = CFrame.new(-0.000000, -0.002942, -0.000103, 0.992948, 0.090689, 0.076363, -0.090953, 0.995855, -0.000019, -0.076044, -0.006915, 0.997080),

              ["RightHand"] = CFrame.new(-0.000505, -0.007713, -0.000000, 1.000000, 0.000003, 0.000996, -0.000066, 0.998021, 0.062881, -0.000993, -0.062880, 0.998021),

              ["RightLowerArm"] = CFrame.new(-0.000000, 0.005857, 0.000781, 1.000000, 0.000000, 0.000000, -0.000000, 0.991736, -0.128294, -0.000000, 0.128293, 0.991736),

              ["RightLowerLeg"] = CFrame.new(0.000000, -0.002932, -0.000035, 1.000000, 0.000000, 0.000000, 0.000000, 1.000000, -0.000008, 0.000000, -0.000011, 1.000000),

              ["RightUpperArm"] = CFrame.new(0.000000, -0.000002, -0.000498, 1.000000, 0.000062, -0.000994, 0.000003, 0.997841, 0.065679, 0.000996, -0.065679, 0.997840),

              ["RightUpperLeg"] = CFrame.new(0.000000, -0.000000, -0.000000, 0.992947, -0.090953, -0.076046, 0.090689, 0.995855, -0.006918, 0.076360, -0.000019, 0.997080),

              ["UpperTorso"] = CFrame.new(0.000000, 0.000000, 0.000000, 1.000000, 0.000000, 0.000000, 0.000000, 1.000000, 0.000000, -0.000000, 0.000000, 1.000000)

          }},

          {Time = 0.100, Data = {

              ["Head"] = CFrame.new(-0.148353, 2.317532, -66.906754, 0.328298, -0.721667, -0.609440, 0.886648, 0.457910, -0.064607, 0.325694, -0.519148, 0.790196),

              ["LeftFoot"] = CFrame.new(-0.000000, -0.001367, -0.000003, 0.995955, -0.068734, -0.057876, 0.068849, 0.997627, -0.000006, 0.057736, -0.003968, 0.998324),

              ["LeftHand"] = CFrame.new(0.000506, -0.008490, -0.000000, 1.000000, -0.000003, -0.001018, 0.000074, 0.997611, 0.069085, 0.001015, -0.069084, 0.997610),

              ["LeftLowerArm"] = CFrame.new(-0.000500, 0.006421, 0.000926, 1.000000, -0.000000, -0.000000, 0.000000, 0.990017, -0.140948, 0.000000, 0.140948, 0.990017),

              ["LeftLowerLeg"] = CFrame.new(0.000000, -0.000963, 0.000088, 1.000000, 0.000000, 0.000000, 0.000000, 1.000000, -0.000008, 0.000000, -0.000011, 1.000000),

              ["LeftUpperArm"] = CFrame.new(-0.000000, -0.000002, -0.000509, 1.000000, -0.000070, 0.001016, -0.000004, 0.997389, 0.072217, -0.001018, -0.072216, 0.997388),

              ["LeftUpperLeg"] = CFrame.new(0.000000, -0.000000, -0.000100, 0.995955, 0.068849, 0.057737, -0.068734, 0.997627, -0.003971, -0.057874, -0.000006, 0.998324),

              ["LowerTorso"] = CFrame.new(0.000000, -0.001425, 0.000000, 1.000000, 0.000000, -0.000000, 0.000000, 1.000000, 0.000000, 0.000000, 0.000000, 1.000000),

              ["RightFoot"] = CFrame.new(0.000000, -0.002743, -0.000103, 0.992944, 0.090711, 0.076381, -0.090976, 0.995853, -0.000018, -0.076062, -0.006920, 0.997079),

              ["RightHand"] = CFrame.new(-0.000505, -0.007669, 0.000000, 1.000000, 0.000003, 0.000995, -0.000067, 0.997952, 0.063964, -0.000993, -0.063962, 0.997952),

              ["RightLowerArm"] = CFrame.new(-0.000000, 0.006121, 0.000810, 1.000000, 0.000000, 0.000000, -0.000000, 0.991449, -0.130493, -0.000000, 0.130492, 0.991449),

              ["RightLowerLeg"] = CFrame.new(0.000000, -0.002733, -0.000033, 1.000000, -0.000000, 0.000000, -0.000000, 1.000000, -0.000008, 0.000000, -0.000011, 1.000000),

              ["RightUpperArm"] = CFrame.new(0.000000, -0.000002, -0.000498, 1.000000, 0.000063, -0.000994, 0.000003, 0.997766, 0.066809, 0.000995, -0.066809, 0.997765),

              ["RightUpperLeg"] = CFrame.new(0.000000, -0.000000, -0.000000, 0.992944, -0.090975, -0.076064, 0.090711, 0.995853, -0.006923, 0.076378, -0.000018, 0.997079),

              ["UpperTorso"] = CFrame.new(0.000000, 0.000000, 0.000000, 1.000000, 0.000000, 0.000000, 0.000000, 1.000000, 0.000000, -0.000000, 0.000000, 1.000000)

          }},

          {Time = 0.117, Data = {

              ["Head"] = CFrame.new(-0.197117, 3.079313, -66.579544, 0.330115, -0.761084, -0.558369, 0.898480, 0.434710, -0.061338, 0.289412, -0.481435, 0.827322),

              ["LeftFoot"] = CFrame.new(-0.000000, -0.001125, -0.000003, 0.995953, -0.068753, -0.057892, 0.068869, 0.997626, -0.000004, 0.057752, -0.003972, 0.998323),

              ["LeftHand"] = CFrame.new(0.000506, -0.008435, -0.000000, 1.000000, -0.000003, -0.001018, 0.000075, 0.997527, 0.070288, 0.001014, -0.070287, 0.997526),

              ["LeftLowerArm"] = CFrame.new(-0.000500, 0.006720, 0.000961, 1.000000, -0.000000, -0.000000, -0.000000, 0.989666, -0.143390, 0.000000, 0.143389, 0.989666),

              ["LeftLowerLeg"] = CFrame.new(-0.000000, -0.000722, 0.000091, 1.000000, -0.000000, 0.000000, 0.000000, 1.000000, -0.000008, 0.000000, -0.000011, 1.000000),

              ["LeftUpperArm"] = CFrame.new(-0.000000, -0.000002, -0.000509, 1.000000, -0.000071, 0.001016, -0.000004, 0.997297, 0.073473, -0.001017, -0.073473, 0.997297),

              ["LeftUpperLeg"] = CFrame.new(0.000000, -0.000000, -0.000100, 0.995953, 0.068868, 0.057753, -0.068753, 0.997626, -0.003975, -0.057890, -0.000004, 0.998323),

              ["LowerTorso"] = CFrame.new(0.000000, -0.001922, 0.000000, 1.000000, 0.000000, -0.000000, 0.000000, 1.000000, 0.000000, 0.000000, 0.000000, 1.000000),

              ["RightFoot"] = CFrame.new(0.000000, -0.002496, -0.000103, 0.992940, 0.090736, 0.076402, -0.091001, 0.995851, -0.000016, -0.076083, -0.006926, 0.997077),

              ["RightHand"] = CFrame.new(-0.000505, -0.007607, 0.000000, 1.000000, 0.000003, 0.000995, -0.000068, 0.997853, 0.065499, -0.000992, -0.065497, 0.997852),

              ["RightLowerArm"] = CFrame.new(-0.000000, 0.006495, 0.000851, 1.000000, 0.000000, 0.000000, -0.000000, 0.991034, -0.133610, -0.000000, 0.133609, 0.991034),

              ["RightLowerLeg"] = CFrame.new(0.000000, -0.002487, -0.000029, 1.000000, 0.000000, -0.000000, 0.000000, 1.000000, -0.000008, -0.000000, -0.000011, 1.000000),

              ["RightUpperArm"] = CFrame.new(0.000000, -0.000002, -0.000497, 1.000000, 0.000065, -0.000993, 0.000003, 0.997657, 0.068412, 0.000995, -0.068412, 0.997657),

              ["RightUpperLeg"] = CFrame.new(0.000000, -0.000000, -0.000000, 0.992940, -0.091001, -0.076085, 0.090736, 0.995851, -0.006929, 0.076400, -0.000016, 0.997077),

              ["UpperTorso"] = CFrame.new(0.000000, 0.000000, 0.000000, 1.000000, 0.000000, 0.000000, 0.000000, 1.000000, 0.000000, -0.000000, 0.000000, 1.000000)

          }},

          {Time = 0.133, Data = {

              ["Head"] = CFrame.new(-0.251180, 3.923863, -66.204247, 0.328845, -0.802681, -0.497559, 0.911341, 0.407870, -0.055670, 0.247625, -0.435139, 0.865642),

              ["LeftFoot"] = CFrame.new(0.000000, -0.000850, -0.000003, 0.995950, -0.068775, -0.057911, 0.068891, 0.997624, -0.000002, 0.057770, -0.003977, 0.998322),

              ["LeftHand"] = CFrame.new(0.000505, -0.008372, -0.000000, 1.000000, -0.000004, -0.001017, 0.000076, 0.997430, 0.071653, 0.001014, -0.071651, 0.997429),

              ["LeftLowerArm"] = CFrame.new(-0.000500, 0.007057, 0.001002, 1.000000, -0.000000, -0.000000, 0.000000, 0.989262, -0.146156, 0.000000, 0.146156, 0.989262),

              ["LeftLowerLeg"] = CFrame.new(-0.000000, -0.000448, 0.000095, 1.000000, 0.000000, -0.000000, -0.000000, 1.000000, -0.000008, 0.000000, -0.000011, 1.000000),

              ["LeftUpperArm"] = CFrame.new(-0.000000, -0.000002, -0.000508, 1.000000, -0.000073, 0.001015, -0.000004, 0.997191, 0.074898, -0.001017, -0.074898, 0.997191),

              ["LeftUpperLeg"] = CFrame.new(0.000000, -0.000000, -0.000100, 0.995950, 0.068891, 0.057772, -0.068775, 0.997624, -0.003980, -0.057909, -0.000002, 0.998322),

              ["LowerTorso"] = CFrame.new(0.000000, -0.002488, 0.000000, 1.000000, 0.000000, -0.000000, 0.000000, 1.000000, 0.000000, 0.000000, 0.000000, 1.000000),

              ["RightFoot"] = CFrame.new(0.000000, -0.002203, -0.000103, 0.992936, 0.090765, 0.076427, -0.091031, 0.995848, -0.000014, -0.076107, -0.006932, 0.997075),

              ["RightHand"] = CFrame.new(-0.000505, -0.007549, 0.000000, 1.000000, 0.000003, 0.000995, -0.000070, 0.997759, 0.066916, -0.000992, -0.066915, 0.997758),

              ["RightLowerArm"] = CFrame.new(0.000000, 0.006840, 0.000891, 1.000000, 0.000000, 0.000000, -0.000000, 0.990642, -0.136486, -0.000000, 0.136486, 0.990642),

              ["RightLowerLeg"] = CFrame.new(0.000000, -0.002195, -0.000026, 1.000000, 0.000000, 0.000000, -0.000000, 1.000000, -0.000008, 0.000000, -0.000011, 1.000000),

              ["RightUpperArm"] = CFrame.new(0.000000, -0.000002, -0.000497, 1.000000, 0.000066, -0.000993, 0.000003, 0.997555, 0.069892, 0.000994, -0.069892, 0.997554),

              ["RightUpperLeg"] = CFrame.new(0.000000, -0.000000, -0.000000, 0.992936, -0.091030, -0.076109, 0.090765, 0.995848, -0.006936, 0.076424, -0.000014, 0.997075),

              ["UpperTorso"] = CFrame.new(0.000000, 0.000000, 0.000000, 1.000000, 0.000000, 0.000000, 0.000000, 1.000000, 0.000000, -0.000000, 0.000000, 1.000000)

          }},

          {Time = 0.150, Data = {

              ["Head"] = CFrame.new(-0.309952, 4.841986, -65.781456, 0.323201, -0.844690, -0.426662, 0.924812, 0.377527, -0.046860, 0.200658, -0.379437, 0.903196),

              ["LeftFoot"] = CFrame.new(-0.000000, -0.000530, -0.000003, 0.995947, -0.068800, -0.057931, 0.068916, 0.997623, 0.000000, 0.057791, -0.003982, 0.998321),

              ["LeftHand"] = CFrame.new(0.000506, -0.008303, -0.000000, 1.000000, -0.000003, -0.001017, 0.000078, 0.997319, 0.073172, 0.001013, -0.073171, 0.997319),

              ["LeftLowerArm"] = CFrame.new(-0.000500, 0.007433, 0.001048, 1.000000, -0.000000, -0.000000, 0.000000, 0.988802, -0.149237, 0.000000, 0.149236, 0.988801),

              ["LeftLowerLeg"] = CFrame.new(-0.000000, -0.000128, 0.000099, 1.000000, -0.000000, -0.000000, 0.000000, 1.000000, -0.000008, 0.000000, -0.000011, 1.000000),

              ["LeftUpperArm"] = CFrame.new(-0.000000, -0.000002, -0.000508, 1.000000, -0.000074, 0.001014, -0.000003, 0.997071, 0.076485, -0.001016, -0.076485, 0.997070),

              ["LeftUpperLeg"] = CFrame.new(0.000000, -0.000000, -0.000100, 0.995947, 0.068916, 0.057792, -0.068800, 0.997622, -0.003985, -0.057930, 0.000000, 0.998321),

              ["LowerTorso"] = CFrame.new(0.000000, -0.003120, 0.000000, 1.000000, 0.000000, -0.000000, 0.000000, 1.000000, 0.000000, 0.000000, 0.000000, 1.000000),

              ["RightFoot"] = CFrame.new(0.000000, -0.001899, -0.000103, 0.992931, 0.090798, 0.076454, -0.091064, 0.995845, -0.000012, -0.076134, -0.006940, 0.997073),

              ["RightHand"] = CFrame.new(-0.000505, -0.007485, -0.000000, 1.000000, 0.000003, 0.000994, -0.000071, 0.997652, 0.068493, -0.000991, -0.068492, 0.997651),

              ["RightLowerArm"] = CFrame.new(0.000000, 0.007224, 0.000935, 1.000000, 0.000000, 0.000000, -0.000000, 0.990196, -0.139687, -0.000000, 0.139687, 0.990196),

              ["RightLowerLeg"] = CFrame.new(0.000000, -0.001892, -0.000021, 1.000000, -0.000000, -0.000000, 0.000000, 1.000000, -0.000008, 0.000000, -0.000011, 1.000000),

              ["RightUpperArm"] = CFrame.new(0.000000, -0.000002, -0.000497, 1.000000, 0.000068, -0.000992, 0.000003, 0.997438, 0.071538, 0.000994, -0.071538, 0.997437),

              ["RightUpperLeg"] = CFrame.new(0.000000, -0.000000, -0.000000, 0.992930, -0.091063, -0.076135, 0.090798, 0.995845, -0.006943, 0.076452, -0.000012, 0.997073),

              ["UpperTorso"] = CFrame.new(0.000000, 0.000000, 0.000000, 1.000000, 0.000000, 0.000000, 0.000000, 1.000000, 0.000000, -0.000000, 0.000000, 1.000000)

          }},

          {Time = 0.167, Data = {

              ["Head"] = CFrame.new(-0.372845, 5.824484, -65.311775, 0.311842, -0.885015, -0.345693, 0.938359, 0.343973, -0.034141, 0.149125, -0.313737, 0.937726),

              ["LeftFoot"] = CFrame.new(0.000000, -0.000310, -0.000003, 0.995944, -0.068827, -0.057954, 0.068944, 0.997621, 0.000003, 0.057813, -0.003988, 0.998319),

              ["LeftHand"] = CFrame.new(0.000505, -0.008219, -0.000000, 1.000000, -0.000003, -0.001016, 0.000080, 0.997175, 0.075116, 0.001012, -0.075115, 0.997174),

              ["LeftLowerArm"] = CFrame.new(-0.000500, 0.007912, 0.001108, 1.000000, -0.000000, -0.000000, 0.000000, 0.988199, -0.153176, 0.000000, 0.153176, 0.988199),

              ["LeftLowerLeg"] = CFrame.new(-0.000000, 0.000091, 0.000102, 1.000000, -0.000000, -0.000000, -0.000000, 1.000000, -0.000008, 0.000000, -0.000011, 1.000000),

              ["LeftUpperArm"] = CFrame.new(-0.000000, -0.000002, -0.000508, 1.000000, -0.000076, 0.001014, -0.000003, 0.996913, 0.078515, -0.001016, -0.078515, 0.996912),

              ["LeftUpperLeg"] = CFrame.new(0.000000, -0.000000, -0.000100, 0.995944, 0.068943, 0.057815, -0.068827, 0.997621, -0.003991, -0.057953, 0.000003, 0.998319),

              ["LowerTorso"] = CFrame.new(0.000000, -0.003817, 0.000000, 1.000000, 0.000000, -0.000000, 0.000000, 1.000000, 0.000000, 0.000000, 0.000000, 1.000000),

              ["RightFoot"] = CFrame.new(0.000000, -0.001538, -0.000103, 0.992925, 0.090833, 0.076484, -0.091100, 0.995842, -0.000009, -0.076163, -0.006948, 0.997071),

              ["RightHand"] = CFrame.new(-0.000505, -0.007415, 0.000000, 1.000000, 0.000003, 0.000994, -0.000073, 0.997532, 0.070215, -0.000990, -0.070214, 0.997531),

              ["RightLowerArm"] = CFrame.new(0.000000, 0.007643, 0.000985, 1.000000, 0.000000, 0.000000, -0.000000, 0.989697, -0.143181, -0.000000, 0.143181, 0.989697),

              ["RightLowerLeg"] = CFrame.new(0.000000, -0.001533, -0.000017, 1.000000, -0.000000, 0.000000, -0.000000, 1.000000, -0.000008, 0.000000, -0.000011, 1.000000),

              ["RightUpperArm"] = CFrame.new(0.000000, -0.000002, -0.000497, 1.000000, 0.000070, -0.000992, 0.000003, 0.997307, 0.073336, 0.000993, -0.073336, 0.997307),

              ["RightUpperLeg"] = CFrame.new(0.000000, -0.000000, -0.000000, 0.992925, -0.091100, -0.076165, 0.090834, 0.995842, -0.006951, 0.076482, -0.000009, 0.997071),

              ["UpperTorso"] = CFrame.new(0.000000, 0.000000, 0.000000, 1.000000, 0.000000, 0.000000, 0.000000, 1.000000, 0.000000, -0.000000, 0.000000, 1.000000)

          }},

          {Time = 0.183, Data = {

              ["Head"] = CFrame.new(-0.439271, 6.862163, -64.795807, 0.293476, -0.921278, -0.255183, 0.951335, 0.307701, -0.016790, 0.093989, -0.237837, 0.966747),

              ["LeftFoot"] = CFrame.new(0.000000, -0.000121, -0.000003, 0.995941, -0.068857, -0.057979, 0.068918, 0.997622, -0.000955, 0.057904, -0.003033, 0.998317),

              ["LeftHand"] = CFrame.new(0.000505, -0.008139, -0.000000, 1.000000, -0.000003, -0.001016, 0.000082, 0.997037, 0.076919, 0.001012, -0.076918, 0.997037),

              ["LeftLowerArm"] = CFrame.new(-0.000500, 0.008355, 0.001166, 1.000000, -0.000000, -0.000000, -0.000000, 0.987626, -0.156829, 0.000000, 0.156829, 0.987626),

              ["LeftLowerLeg"] = CFrame.new(-0.000000, 0.000483, 0.000104, 1.000000, 0.000000, -0.000000, 0.000000, 0.999998, 0.002039, -0.000000, -0.002057, 0.999998),

              ["LeftUpperArm"] = CFrame.new(-0.000000, -0.000002, -0.000508, 1.000000, -0.000078, 0.001013, -0.000003, 0.996763, 0.080398, -0.001015, -0.080398, 0.996762),

              ["LeftUpperLeg"] = CFrame.new(0.000000, -0.000000, -0.000100, 0.995940, 0.069036, 0.057765, -0.068857, 0.997614, -0.005078, -0.057978, 0.001087, 0.998317),

              ["LowerTorso"] = CFrame.new(0.000000, -0.004576, 0.000000, 1.000000, 0.000000, -0.000000, 0.000000, 1.000000, 0.000000, 0.000000, 0.000000, 1.000000),

              ["RightFoot"] = CFrame.new(-0.000000, -0.001159, -0.000103, 0.992919, 0.090872, 0.076517, -0.091140, 0.995838, -0.000006, -0.076195, -0.006957, 0.997068),

              ["RightHand"] = CFrame.new(-0.000505, -0.007333, 0.000000, 1.000000, 0.000003, 0.000993, -0.000075, 0.997401, 0.072053, -0.000990, -0.072052, 0.997400),

              ["RightLowerArm"] = CFrame.new(0.000000, 0.008096, 0.001040, 1.000000, 0.000000, 0.000000, -0.000000, 0.989150, -0.146908, -0.000000, 0.146907, 0.989150),

              ["RightLowerLeg"] = CFrame.new(-0.000000, -0.001155, -0.000012, 1.000000, 0.000000, -0.000000, 0.000000, 1.000000, -0.000007, 0.000000, -0.000011, 1.000000),

              ["RightUpperArm"] = CFrame.new(0.000000, -0.000002, -0.000496, 1.000000, 0.000072, -0.000991, 0.000003, 0.997164, 0.075255, 0.000993, -0.075255, 0.997164),

              ["RightUpperLeg"] = CFrame.new(0.000000, -0.000000, -0.000000, 0.992919, -0.091139, -0.076197, 0.090873, 0.995838, -0.006960, 0.076515, -0.000006, 0.997069),

              ["UpperTorso"] = CFrame.new(0.000000, 0.000000, 0.000000, 1.000000, 0.000000, 0.000000, 0.000000, 1.000000, 0.000000, -0.000000, 0.000000, 1.000000)

          }},

          {Time = 0.200, Data = {

              ["Head"] = CFrame.new(-0.508639, 7.945823, -64.234154, 0.266991, -0.950938, -0.156312, 0.963004, 0.269426, 0.005793, 0.036606, -0.152076, 0.987691),

              ["LeftFoot"] = CFrame.new(-0.000000, 0.000036, -0.000003, 0.995937, -0.068889, -0.058006, 0.068840, 0.997624, -0.002853, 0.058062, -0.001141, 0.998312),

              ["LeftHand"] = CFrame.new(0.000505, -0.008065, -0.000000, 1.000000, -0.000003, -0.001015, 0.000083, 0.996881, 0.078918, 0.001011, -0.078917, 0.996881),

              ["LeftLowerArm"] = CFrame.new(-0.000500, 0.008834, 0.001231, 1.000000, -0.000000, -0.000000, 0.000000, 0.986974, -0.160879, 0.000000, 0.160878, 0.986974),

              ["LeftLowerLeg"] = CFrame.new(0.000000, 0.001043, 0.000103, 1.000000, -0.000000, -0.000000, -0.000000, 0.999981, 0.006084, 0.000000, -0.006102, 0.999982),

              ["LeftUpperArm"] = CFrame.new(-0.000000, -0.000002, -0.000507, 1.000000, -0.000080, 0.001012, -0.000003, 0.996592, 0.082487, -0.001015, -0.082487, 0.996592),

              ["LeftUpperLeg"] = CFrame.new(0.000000, -0.000000, -0.000100, 0.995937, 0.069192, 0.057643, -0.068889, 0.997598, -0.007221, -0.058005, 0.003229, 0.998311),

              ["LowerTorso"] = CFrame.new(0.000000, -0.005395, 0.000000, 1.000000, 0.000000, -0.000000, 0.000000, 1.000000, 0.000000, 0.000000, 0.000000, 1.000000),

              ["RightFoot"] = CFrame.new(-0.000000, -0.000755, -0.000103, 0.992912, 0.090914, 0.076553, -0.091182, 0.995834, -0.000003, -0.076230, -0.006966, 0.997066),

              ["RightHand"] = CFrame.new(-0.000505, -0.007245, -0.000000, 1.000000, 0.000003, 0.000992, -0.000077, 0.997256, 0.074026, -0.000989, -0.074025, 0.997256),

              ["RightLowerArm"] = CFrame.new(0.000000, 0.008581, 0.001100, 1.000000, 0.000000, 0.000000, -0.000000, 0.988548, -0.150908, -0.000000, 0.150908, 0.988548),

              ["RightLowerLeg"] = CFrame.new(0.000000, -0.000752, -0.000006, 1.000000, 0.000000, -0.000000, 0.000000, 1.000000, -0.000008, -0.000000, -0.000011, 1.000000),

              ["RightUpperArm"] = CFrame.new(0.000000, -0.000002, -0.000496, 1.000000, 0.000074, -0.000990, 0.000003, 0.997007, 0.077316, 0.000992, -0.077316, 0.997006),

              ["RightUpperLeg"] = CFrame.new(0.000000, -0.000000, -0.000000, 0.992912, -0.091182, -0.076232, 0.090915, 0.995834, -0.006969, 0.076550, -0.000003, 0.997066),

              ["UpperTorso"] = CFrame.new(0.000000, 0.000000, 0.000000, 1.000000, 0.000000, 0.000000, 0.000000, 1.000000, 0.000000, -0.000000, 0.000000, 1.000000)

          }},

          {Time = 0.217, Data = {

              ["Head"] = CFrame.new(-0.580363, 9.066271, -63.627403, 0.231605, -0.971473, -0.050991, 0.972577, 0.230084, 0.033994, -0.021292, -0.057466, 0.998120),

              ["LeftFoot"] = CFrame.new(0.000000, 0.000201, -0.000003, 0.995933, -0.068923, -0.058035, 0.068756, 0.997622, -0.004891, 0.058231, 0.000891, 0.998303),

              ["LeftHand"] = CFrame.new(0.000505, -0.007986, -0.000000, 1.000000, -0.000003, -0.001014, 0.000085, 0.996710, 0.081049, 0.001010, -0.081047, 0.996710),

              ["LeftLowerArm"] = CFrame.new(-0.000500, 0.009343, 0.001303, 1.000000, -0.000000, -0.000000, 0.000000, 0.986262, -0.165190, 0.000000, 0.165189, 0.986262),

              ["LeftLowerLeg"] = CFrame.new(0.000000, 0.001641, 0.000101, 1.000000, -0.000000, 0.000000, 0.000000, 0.999946, 0.010429, -0.000000, -0.010447, 0.999946),

              ["LeftUpperArm"] = CFrame.new(-0.000000, -0.000002, -0.000507, 1.000000, -0.000083, 0.001011, -0.000003, 0.996406, 0.084712, -0.001014, -0.084712, 0.996405),

              ["LeftUpperLeg"] = CFrame.new(0.000000, -0.000000, -0.000100, 0.995933, 0.069359, 0.057512, -0.068924, 0.997576, -0.009524, -0.058034, 0.005529, 0.998299),

              ["LowerTorso"] = CFrame.new(0.000000, -0.006273, 0.000000, 1.000000, 0.000000, -0.000000, 0.000000, 1.000000, 0.000000, 0.000000, 0.000000, 1.000000),

              ["RightFoot"] = CFrame.new(0.000000, -0.000324, -0.000103, 0.992905, 0.090960, 0.076591, -0.091228, 0.995830, 0.000000, -0.076267, -0.006976, 0.997063),

              ["RightHand"] = CFrame.new(-0.000505, -0.007152, 0.000000, 1.000000, 0.000003, 0.000992, -0.000079, 0.997098, 0.076128, -0.000988, -0.076127, 0.997098),

              ["RightLowerArm"] = CFrame.new(0.000000, 0.009098, 0.001166, 1.000000, 0.000000, 0.000000, -0.000000, 0.987888, -0.155166, -0.000000, 0.155166, 0.987888),

              ["RightLowerLeg"] = CFrame.new(0.000000, -0.000323, -0.000001, 1.000000, 0.000000, -0.000000, 0.000000, 1.000000, -0.000008, -0.000000, -0.000011, 1.000000),

              ["RightUpperArm"] = CFrame.new(0.000000, -0.000002, -0.000496, 1.000000, 0.000076, -0.000989, 0.000003, 0.996834, 0.079511, 0.000992, -0.079510, 0.996834),

              ["RightUpperLeg"] = CFrame.new(0.000000, -0.000000, -0.000000, 0.992905, -0.091228, -0.076269, 0.090960, 0.995830, -0.006980, 0.076588, 0.000000, 0.997063),

              ["UpperTorso"] = CFrame.new(0.000000, 0.000000, 0.000000, 1.000000, 0.000000, 0.000000, 0.000000, 1.000000, 0.000000, -0.000000, 0.000000, 1.000000)

          }},

          {Time = 0.233, Data = {

              ["Head"] = CFrame.new(-0.653853, 10.214306, -62.976173, 0.187018, -0.980633, 0.058167, 0.979280, 0.190787, 0.067899, -0.077682, 0.044263, 0.995995),

              ["LeftFoot"] = CFrame.new(0.000000, 0.000375, -0.000003, 0.995928, -0.068960, -0.058066, 0.068665, 0.997615, -0.007065, 0.058412, 0.003060, 0.998288),

              ["LeftHand"] = CFrame.new(0.000505, -0.007904, -0.000000, 1.000000, -0.000003, -0.001014, 0.000088, 0.996525, 0.083300, 0.001009, -0.083299, 0.996524),

              ["LeftLowerArm"] = CFrame.new(-0.000500, 0.009880, 0.001380, 1.000000, -0.000000, -0.000000, 0.000000, 0.985488, -0.169745, 0.000000, 0.169745, 0.985488),

              ["LeftLowerLeg"] = CFrame.new(-0.000000, 0.002277, 0.000096, 1.000000, -0.000000, -0.000000, 0.000000, 0.999886, 0.015066, -0.000000, -0.015084, 0.999887),

              ["LeftUpperArm"] = CFrame.new(-0.000000, -0.000002, -0.000507, 1.000000, -0.000085, 0.001010, -0.000003, 0.996203, 0.087064, -0.001014, -0.087064, 0.996202),

              ["LeftUpperLeg"] = CFrame.new(0.000000, -0.000000, -0.000100, 0.995928, 0.069538, 0.057372, -0.068960, 0.997547, -0.011981, -0.058064, 0.007984, 0.998281),

              ["LowerTorso"] = CFrame.new(0.000000, -0.007206, 0.000000, 1.000000, 0.000000, -0.000000, 0.000000, 1.000000, 0.000000, 0.000000, 0.000000, 1.000000),

              ["RightFoot"] = CFrame.new(-0.000000, -0.000030, -0.000103, 0.992898, 0.091008, 0.076631, -0.091277, 0.995826, 0.000004, -0.076307, -0.006987, 0.997060),

              ["RightHand"] = CFrame.new(-0.000504, -0.007045, -0.000000, 1.000000, 0.000003, 0.000991, -0.000081, 0.996903, 0.078637, -0.000987, -0.078636, 0.996903),

              ["RightLowerArm"] = CFrame.new(0.000000, 0.009711, 0.001248, 1.000000, 0.000000, 0.000000, -0.000000, 0.987077, -0.160246, -0.000000, 0.160246, 0.987077),

              ["RightLowerLeg"] = CFrame.new(0.000000, -0.000030, 0.000003, 1.000000, -0.000000, 0.000000, -0.000000, 1.000000, -0.000008, -0.000000, -0.000011, 1.000000),

              ["RightUpperArm"] = CFrame.new(0.000000, -0.000002, -0.000495, 1.000000, 0.000078, -0.000988, 0.000003, 0.996622, 0.082130, 0.000991, -0.082130, 0.996621),

              ["RightUpperLeg"] = CFrame.new(0.000000, -0.000000, -0.000000, 0.992898, -0.091276, -0.076309, 0.091008, 0.995826, -0.006991, 0.076629, 0.000004, 0.997060),

              ["UpperTorso"] = CFrame.new(0.000000, 0.000000, 0.000000, 1.000000, 0.000000, 0.000000, 0.000000, 1.000000, 0.000000, -0.000000, 0.000000, 1.000000)

          }},

          {Time = 0.250, Data = {

              ["Head"] = CFrame.new(-0.728520, 11.380735, -62.281055, 0.133522, -0.976706, 0.167977, 0.982430, 0.152747, 0.107236, -0.130397, 0.150708, 0.979941),

              ["LeftFoot"] = CFrame.new(-0.000000, 0.000571, -0.000003, 0.995924, -0.068999, -0.058099, 0.068557, 0.997601, -0.009567, 0.058617, 0.005555, 0.998265),

              ["LeftHand"] = CFrame.new(0.000505, -0.007819, -0.000000, 1.000000, -0.000003, -0.001013, 0.000090, 0.996324, 0.085667, 0.001008, -0.085666, 0.996323),

              ["LeftLowerArm"] = CFrame.new(-0.000501, 0.010444, 0.001464, 1.000000, -0.000000, -0.000000, -0.000000, 0.984652, -0.174530, 0.000000, 0.174530, 0.984652),

              ["LeftLowerLeg"] = CFrame.new(0.000000, 0.003004, 0.000088, 1.000000, -0.000000, -0.000000, -0.000000, 0.999792, 0.020399, 0.000000, -0.020417, 0.999792),

              ["LeftUpperArm"] = CFrame.new(-0.000000, -0.000002, -0.000506, 1.000000, -0.000087, 0.001010, -0.000003, 0.995984, 0.089537, -0.001013, -0.089537, 0.995983),

