return {
  ["testtt"] = {
    {Time = 0.000, Data = {
      ["RightUpperArm"] = CFrame.new(-0.474167, -0.000015, -0.618225, 0.956324, 0.292312, 0.000000, -0.292312, 0.956324, -0.000000, 0.000000, 0.000000, 1.000000)
    }},
    {Time = 0.067, Data = {
      ["RightUpperArm"] = CFrame.new(-0.474167, -0.000015, -0.618225, 0.956324, 0.292312, 0.000000, -0.292312, 0.956324, -0.000000, 0.000000, 0.000000, 1.000000)
    }},
    {Time = 0.100, Data = {
      ["RightUpperArm"] = CFrame.new(-0.474152, -0.000017, -0.618256, 0.956351, 0.277926, -0.090303, -0.292229, 0.909543, -0.295528, 0.000000, 0.309017, 0.951057)
    }},
    {Time = 0.200, Data = {
      ["RightUpperArm"] = CFrame.new(-0.474167, -0.000025, -0.618225, 0.956353, 0.217163, -0.195532, -0.292221, 0.710715, -0.639918, 0.000001, 0.669124, 0.743151)
    }},
    {Time = 0.267, Data = {
      ["RightUpperArm"] = CFrame.new(-0.474167, -0.000025, -0.618225, 0.956353, 0.217163, -0.195532, -0.292221, 0.710715, -0.639918, 0.000001, 0.669124, 0.743151)
    }},
    {Time = 0.367, Data = {
      ["RightUpperArm"] = CFrame.new(-0.474167, -0.000025, -0.618195, 0.956351, 0.274603, -0.099948, -0.292227, 0.898674, -0.327097, -0.000001, 0.342026, 0.939691)
    }},
    {Time = 0.467, Data = {
      ["RightUpperArm"] = CFrame.new(-0.474152, -0.000025, -0.618195, 0.956353, 0.291108, -0.025468, -0.292220, 0.952714, -0.083349, 0.000000, 0.087153, 0.996195)
    }}
  }
}
