return {
["goofy thrust"] = {

          {Time = 0.000, Data = {

              ["Head"] = CFrame.new(0.000000, 0.000000, 0.000000, 0.999979, 0.005329, -0.003679, -0.005003, 0.996478, 0.083708, 0.004112, -0.083687, 0.996484),

              ["LeftFoot"] = CFrame.new(-0.000000, 0.027320, -0.000002, 1.000000, -0.000000, 0.000000, 0.000000, 0.992074, -0.125667, -0.000000, 0.125658, 0.992073),

              ["LeftHand"] = CFrame.new(0.000551, -0.077181, -0.000000, 0.991413, -0.113307, 0.065282, 0.106502, 0.989303, 0.099685, -0.075878, -0.091874, 0.992875),

              ["LeftLowerArm"] = CFrame.new(-0.000498, -0.077289, 0.000420, 1.000000, -0.000000, -0.000000, 0.000000, 1.000000, -0.000001, 0.000000, -0.000000, 1.000000),

              ["LeftLowerLeg"] = CFrame.new(0.000000, 0.112038, -0.051923, 1.000000, -0.000000, -0.000000, 0.000000, 0.463686, 0.886006, -0.000000, -0.886000, 0.463674),

              ["LeftUpperArm"] = CFrame.new(-0.004294, -0.156798, -0.117544, 0.991413, 0.106502, -0.075878, -0.091966, 0.155345, -0.983570, -0.092965, 0.982103, 0.163805),

              ["LeftUpperLeg"] = CFrame.new(0.000000, 0.000000, -0.000100, 1.000000, 0.000000, -0.000000, -0.000000, -0.422105, -0.906556, -0.000000, 0.906547, -0.422086),

              ["LowerTorso"] = CFrame.new(-0.000000, -0.295385, 1.278144, 1.000000, 0.000000, -0.000000, 0.000000, 0.235509, 0.971872, 0.000000, -0.971872, 0.235509),

              ["RightFoot"] = CFrame.new(0.000000, 0.029906, -0.000102, 1.000000, 0.000000, -0.000000, -0.000000, 0.969512, 0.245064, 0.000000, -0.245046, 0.969507),

              ["RightHand"] = CFrame.new(-0.000544, -0.067454, -0.000000, 0.986841, 0.140010, -0.080883, -0.132656, 0.987058, 0.090106, 0.092451, -0.078189, 0.992642),

              ["RightLowerArm"] = CFrame.new(-0.000002, -0.067373, 0.000367, 1.000000, 0.000000, 0.000000, -0.000000, 1.000000, -0.000001, -0.000000, -0.000000, 1.000000),

              ["RightLowerLeg"] = CFrame.new(-0.000000, 0.119643, -0.066639, 1.000000, 0.000000, 0.000000, -0.000000, 0.311691, 0.950188, 0.000000, -0.950184, 0.311676),

              ["RightUpperArm"] = CFrame.new(0.006580, -0.145128, -0.152111, 0.986841, -0.132656, 0.092451, 0.116702, 0.188592, -0.975097, 0.111917, 0.973055, 0.201592),

              ["RightUpperLeg"] = CFrame.new(0.000000, 0.000000, -0.000000, 1.000000, 0.000000, 0.000000, 0.000000, -0.120800, -0.992679, -0.000000, 0.992677, -0.120779),

              ["UpperTorso"] = CFrame.new(0.000000, -0.006677, 0.104453, 1.000000, -0.000000, 0.000000, 0.000000, 0.985999, 0.166752, -0.000000, -0.166752, 0.985999)

          }},

          {Time = 0.033, Data = {

              ["Head"] = CFrame.new(0.000000, 0.000000, -0.000000, 0.999967, 0.006486, -0.004804, -0.006403, 0.999831, 0.017220, 0.004915, -0.017189, 0.999840),

              ["LeftFoot"] = CFrame.new(0.000000, 0.000520, -0.000003, 1.000000, -0.000000, 0.000000, 0.000000, 0.911244, 0.411902, -0.000000, -0.411867, 0.911228),

              ["LeftHand"] = CFrame.new(0.000496, 0.006287, -0.000000, 0.978934, -0.176655, 0.102377, 0.119564, 0.902436, 0.413904, -0.165506, -0.392941, 0.904545),

              ["LeftLowerArm"] = CFrame.new(-0.000500, 0.035789, 0.004533, 1.000000, -0.000000, -0.000000, 0.000000, 0.953791, -0.300472, 0.000000, 0.300472, 0.953791),

              ["LeftLowerLeg"] = CFrame.new(0.000000, 0.002815, 0.000091, 1.000000, -0.000000, 0.000000, 0.000000, 0.999819, 0.019006, -0.000000, -0.019024, 0.999819),

              ["LeftUpperArm"] = CFrame.new(-0.010533, -0.173128, -0.183844, 0.978934, 0.163769, -0.121932, -0.071254, -0.285625, -0.955689, -0.191340, 0.944245, -0.267938),

              ["LeftUpperLeg"] = CFrame.new(0.000000, -0.000000, -0.000099, 1.000000, 0.000000, -0.000000, -0.000000, -0.178376, -0.983963, -0.000000, 0.983962, -0.178374),

              ["LowerTorso"] = CFrame.new(0.000000, 0.136276, 1.276445, 1.000000, -0.000000, -0.000000, 0.000000, -0.165896, 0.986143, -0.000000, -0.986143, -0.165896),

              ["RightFoot"] = CFrame.new(-0.000000, 0.022888, -0.000102, 1.000000, 0.000000, -0.000000, 0.000000, 0.950617, 0.310381, 0.000000, -0.310366, 0.950612),

              ["RightHand"] = CFrame.new(-0.000494, 0.008623, -0.000000, 0.965313, 0.225793, -0.131106, -0.134273, 0.859955, 0.492395, 0.223922, -0.457707, 0.860441),

              ["RightLowerArm"] = CFrame.new(0.000000, 0.052637, 0.010357, 1.000000, 0.000000, 0.000000, 0.000000, 0.894558, -0.446953, -0.000000, 0.446953, 0.894558),

              ["RightLowerLeg"] = CFrame.new(-0.000000, 0.096939, -0.035201, 1.000000, 0.000000, 0.000000, -0.000000, 0.638572, 0.769567, 0.000000, -0.769562, 0.638566),

              ["RightUpperArm"] = CFrame.new(0.017344, -0.158887, -0.239392, 0.965313, -0.220198, 0.140298, 0.102426, -0.174902, -0.979244, 0.240166, 0.959647, -0.146281),

              ["RightUpperLeg"] = CFrame.new(-0.000000, 0.000000, -0.000000, 1.000000, 0.000000, 0.000000, 0.000000, -0.217988, -0.975956, -0.000000, 0.975951, -0.217969),

              ["UpperTorso"] = CFrame.new(-0.000000, -0.099252, 0.151427, 1.000000, -0.000000, 0.000000, -0.000000, 0.972474, 0.233010, -0.000000, -0.233010, 0.972474)

          }},

          {Time = 0.067, Data = {

              ["Head"] = CFrame.new(0.000000, 0.000000, 0.000000, 0.999953, 0.007526, -0.006151, -0.007984, 0.996908, -0.078177, 0.005544, 0.078223, 0.996921),

              ["LeftFoot"] = CFrame.new(0.000000, -0.192797, -0.000004, 1.000000, -0.000000, 0.000000, 0.000000, 0.885779, 0.464142, -0.000000, -0.464108, 0.885761),

              ["LeftHand"] = CFrame.new(0.000494, 0.009099, 0.000000, 0.960924, -0.239348, 0.139066, 0.109405, 0.789856, 0.603458, -0.254276, -0.564659, 0.785174),

              ["LeftLowerArm"] = CFrame.new(-0.000500, 0.055103, 0.011497, 1.000000, -0.000000, -0.000000, 0.000000, 0.882948, -0.469471, 0.000000, 0.469471, 0.882948),

              ["LeftLowerLeg"] = CFrame.new(0.000000, -0.191745, -0.002442, 1.000000, -0.000000, 0.000000, -0.000000, 1.000000, -0.000008, 0.000000, -0.000011, 1.000000),

              ["LeftUpperArm"] = CFrame.new(-0.019538, -0.186151, -0.242483, 0.960923, 0.215975, -0.173151, -0.042572, -0.502769, -0.863372, -0.273521, 0.837006, -0.473928),

              ["LeftUpperLeg"] = CFrame.new(0.000000, 0.000000, -0.000100, 1.000000, 0.000000, -0.000000, -0.000000, -0.545206, -0.838304, -0.000000, 0.838302, -0.545203),

              ["LowerTorso"] = CFrame.new(0.000000, 0.544470, 1.199916, 1.000000, -0.000000, -0.000000, 0.000000, -0.597949, 0.801534, -0.000000, -0.801534, -0.597949),

              ["RightFoot"] = CFrame.new(0.000000, 0.010060, -0.000103, 1.000000, 0.000000, -0.000000, -0.000000, 0.928006, 0.372591, 0.000000, -0.372567, 0.927996),

              ["RightHand"] = CFrame.new(-0.000492, 0.011985, 0.000000, 0.928804, 0.320291, -0.186381, -0.107660, 0.714487, 0.691319, 0.354587, -0.622030, 0.698098),

              ["RightLowerArm"] = CFrame.new(-0.000000, 0.071416, 0.020114, 1.000000, 0.000000, 0.000000, -0.000000, 0.794786, -0.606889, -0.000000, 0.606890, 0.794786),

              ["RightLowerLeg"] = CFrame.new(0.000000, 0.047863, -0.007562, 1.000000, 0.000000, 0.000000, -0.000000, 0.923155, 0.384417, 0.000000, -0.384428, 0.923159),

              ["RightUpperArm"] = CFrame.new(0.035598, -0.170142, -0.323736, 0.928804, -0.300763, 0.216484, 0.082078, -0.402713, -0.911639, 0.361368, 0.864502, -0.349354),

              ["RightUpperLeg"] = CFrame.new(0.000000, -0.000000, 0.000000, 1.000000, 0.000000, 0.000000, 0.000000, -0.327584, -0.944826, 0.000000, 0.944822, -0.327573),

              ["UpperTorso"] = CFrame.new(-0.000000, -0.091587, 0.145008, 1.000000, 0.000000, 0.000000, -0.000000, 0.999965, 0.008390, -0.000000, -0.008390, 0.999965)

          }},

          {Time = 0.100, Data = {

              ["Head"] = CFrame.new(0.000000, 0.000000, 0.000000, 0.999936, 0.008371, -0.007680, -0.009686, 0.981495, -0.191240, 0.005937, 0.191302, 0.981513),

              ["LeftFoot"] = CFrame.new(0.000000, -0.248066, -0.000004, 1.000000, -0.000000, 0.000000, 0.000000, 0.867708, 0.497107, -0.000000, -0.497074, 0.867689),

              ["LeftHand"] = CFrame.new(0.000493, 0.011059, -0.000000, 0.952729, -0.262668, 0.152692, 0.109757, 0.766180, 0.633187, -0.283305, -0.586493, 0.758788),

              ["LeftLowerArm"] = CFrame.new(-0.000500, 0.066739, 0.017472, 1.000000, -0.000000, -0.000000, 0.000000, 0.821910, -0.569617, 0.000000, 0.569618, 0.821910),

              ["LeftLowerLeg"] = CFrame.new(-0.000000, -0.246837, -0.003173, 1.000000, -0.000000, 0.000000, -0.000000, 1.000000, -0.000008, 0.000000, -0.000011, 1.000000),

              ["LeftUpperArm"] = CFrame.new(-0.023636, -0.229696, -0.270489, 0.952728, 0.251586, -0.170333, -0.074934, -0.348735, -0.934221, -0.294438, 0.902823, -0.313397),

              ["LeftUpperLeg"] = CFrame.new(0.000000, -0.000000, -0.000100, 1.000000, 0.000000, -0.000001, -0.000000, -0.803346, -0.595516, -0.000000, 0.595512, -0.803343),

              ["LowerTorso"] = CFrame.new(0.000000, 0.658957, 1.208156, 1.000000, -0.000000, -0.000000, -0.000000, -0.840772, 0.541390, -0.000000, -0.541390, -0.840772),

              ["RightFoot"] = CFrame.new(0.000000, 0.011259, -0.000102, 1.000000, 0.000000, 0.000000, -0.000000, 0.979476, 0.201574, -0.000000, -0.201560, 0.979473),

              ["RightHand"] = CFrame.new(-0.000490, 0.015517, -0.000000, 0.910822, 0.356752, -0.207685, -0.103965, 0.685142, 0.720955, 0.399493, -0.635066, 0.661128),

              ["RightLowerArm"] = CFrame.new(-0.000000, 0.082541, 0.026855, 1.000000, 0.000000, 0.000000, -0.000000, 0.724938, -0.688814, -0.000000, 0.688814, 0.724938),

              ["RightLowerLeg"] = CFrame.new(0.000000, 0.054554, -0.010090, 1.000000, 0.000000, 0.000000, -0.000000, 0.897476, 0.441055, 0.000000, -0.441064, 0.897480),

              ["RightUpperArm"] = CFrame.new(0.044590, -0.219001, -0.361509, 0.910821, -0.350546, 0.217996, 0.136940, -0.241604, -0.960664, 0.389425, 0.904845, -0.172054),

              ["RightUpperLeg"] = CFrame.new(0.000000, -0.000001, 0.000000, 1.000000, -0.000000, 0.000000, 0.000000, -0.587797, -0.809017, 0.000000, 0.809009, -0.587786),

              ["UpperTorso"] = CFrame.new(-0.000000, 0.002907, 0.235238, 1.000000, 0.000000, 0.000000, -0.000000, 0.919088, -0.394053, -0.000000, 0.394053, 0.919088)

          }},

          {Time = 0.133, Data = {

              ["Head"] = CFrame.new(0.000000, -0.000000, -0.000000, 0.999916, 0.008978, -0.009306, -0.011416, 0.950887, -0.309327, 0.006072, 0.309407, 0.950910),

              ["LeftFoot"] = CFrame.new(-0.000000, -0.148135, -0.000004, 1.000000, -0.000000, 0.000000, 0.000000, 0.881000, 0.473151, -0.000000, -0.473117, 0.880981),

              ["LeftHand"] = CFrame.new(0.000490, 0.016054, -0.000000, 0.947625, -0.276109, 0.160538, 0.108919, 0.751887, 0.650236, -0.300240, -0.598690, 0.742577),

              ["LeftLowerArm"] = CFrame.new(-0.000500, 0.083935, 0.027921, 1.000000, -0.000000, -0.000000, 0.000000, 0.713889, -0.700258, 0.000000, 0.700259, 0.713890),

              ["LeftLowerLeg"] = CFrame.new(0.000000, -0.147229, -0.001850, 1.000000, -0.000000, 0.000000, -0.000000, 1.000000, -0.000008, 0.000000, -0.000011, 1.000000),

              ["LeftUpperArm"] = CFrame.new(-0.026188, -0.288707, -0.284019, 0.947624, 0.288003, -0.138067, -0.139583, -0.015370, -0.990091, -0.287271, 0.957506, 0.025635),

              ["LeftUpperLeg"] = CFrame.new(0.000000, 0.000000, -0.000100, 1.000000, 0.000000, -0.000000, -0.000000, -0.558009, -0.829837, -0.000000, 0.829835, -0.558006),

              ["LowerTorso"] = CFrame.new(0.000000, 0.447968, 1.208083, 1.000000, -0.000000, -0.000000, 0.000000, -0.608651, 0.793438, -0.000000, -0.793438, -0.608651),

              ["RightFoot"] = CFrame.new(0.000000, 0.018876, -0.000102, 1.000000, 0.000000, 0.000000, -0.000000, 0.993822, -0.110999, -0.000000, 0.110988, 0.993821),

              ["RightHand"] = CFrame.new(-0.000487, 0.019226, -0.000000, 0.902742, 0.371767, -0.216446, -0.103840, 0.676585, 0.729009, 0.417463, -0.635627, 0.649382),

              ["RightLowerArm"] = CFrame.new(-0.000000, 0.095763, 0.037968, 1.000000, 0.000000, 0.000000, -0.000000, 0.609638, -0.792679, -0.000000, 0.792680, 0.609639),

              ["RightLowerLeg"] = CFrame.new(0.000000, 0.085449, -0.026687, 1.000000, 0.000000, 0.000000, -0.000000, 0.727100, 0.686534, 0.000000, -0.686532, 0.727098),

              ["RightUpperArm"] = CFrame.new(0.048630, -0.285335, -0.372407, 0.902741, -0.394220, 0.172190, 0.227813, 0.098559, -0.968704, 0.364911, 0.913716, 0.178782),

              ["RightUpperLeg"] = CFrame.new(0.000000, -0.000000, -0.000000, 1.000000, -0.000000, 0.000000, 0.000000, -0.270281, -0.962786, 0.000000, 0.962782, -0.270264),

              ["UpperTorso"] = CFrame.new(-0.000000, 0.075768, 0.130596, 1.000000, 0.000000, 0.000000, -0.000000, 0.973533, -0.228546, -0.000000, 0.228546, 0.973533)

          }},

          {Time = 0.167, Data = {

              ["Head"] = CFrame.new(0.000000, -0.000000, 0.000000, 0.999897, 0.009351, -0.010925, -0.013076, 0.907424, -0.420013, 0.005986, 0.420113, 0.907452),

              ["LeftFoot"] = CFrame.new(-0.000000, 0.003731, -0.000003, 1.000000, -0.000000, 0.000000, 0.000000, 0.940677, 0.339334, -0.000000, -0.339304, 0.940666),

              ["LeftHand"] = CFrame.new(0.000488, 0.018594, 0.000000, 0.945743, -0.280886, 0.163323, 0.116997, 0.763339, 0.635319, -0.303120, -0.581736, 0.754782),

              ["LeftLowerArm"] = CFrame.new(-0.000500, 0.093036, 0.035444, 1.000000, -0.000000, -0.000000, 0.000000, 0.635854, -0.771809, 0.000000, 0.771809, 0.635855),

              ["LeftLowerLeg"] = CFrame.new(0.000000, 0.016123, -0.000604, 1.000000, -0.000000, 0.000000, 0.000000, 0.992663, 0.120894, -0.000000, -0.120911, 0.992666),

              ["LeftUpperArm"] = CFrame.new(-0.027129, -0.350855, -0.279210, 0.945743, 0.308345, -0.102442, -0.213222, 0.351073, -0.911748, -0.245169, 0.884122, 0.397770),

              ["LeftUpperLeg"] = CFrame.new(-0.000000, 0.000000, -0.000100, 1.000000, 0.000000, -0.000000, -0.000000, -0.207714, -0.978191, -0.000000, 0.978190, -0.207710),

              ["LowerTorso"] = CFrame.new(0.000000, 0.104488, 1.159620, 1.000000, -0.000000, -0.000000, 0.000000, -0.216201, 0.976349, -0.000000, -0.976349, -0.216201),

              ["RightFoot"] = CFrame.new(0.000000, 0.021506, -0.000102, 1.000000, 0.000000, 0.000000, -0.000000, 0.952993, -0.303014, -0.000000, 0.302992, 0.952986),

              ["RightHand"] = CFrame.new(-0.000486, 0.020378, -0.000000, 0.903759, 0.369923, -0.215358, -0.121165, 0.703631, 0.700162, 0.410535, -0.606680, 0.680731),

              ["RightLowerArm"] = CFrame.new(-0.000000, 0.101056, 0.044111, 1.000000, 0.000000, 0.000000, -0.000000, 0.545983, -0.837796, -0.000000, 0.837796, 0.545984),

              ["RightLowerLeg"] = CFrame.new(-0.000000, 0.092726, -0.031713, 1.000000, 0.000000, 0.000000, -0.000000, 0.674804, 0.738001, 0.000000, -0.737997, 0.674800),

              ["RightUpperArm"] = CFrame.new(0.048121, -0.349999, -0.355485, 0.903758, -0.410100, 0.122634, 0.317472, 0.450031, -0.834676, 0.287111, 0.793278, 0.536915),

              ["RightUpperLeg"] = CFrame.new(0.000000, 0.000000, 0.000000, 1.000000, -0.000000, 0.000000, 0.000000, 0.319755, -0.947494, 0.000000, 0.947500, 0.319773),

              ["UpperTorso"] = CFrame.new(-0.000000, 0.058338, -0.009578, 1.000000, 0.000000, 0.000000, -0.000000, 0.999550, -0.029997, -0.000000, 0.029997, 0.999550)

          }},

          {Time = 0.200, Data = {

              ["Head"] = CFrame.new(-0.000000, 0.000000, -0.000000, 0.999877, 0.009556, -0.012435, -0.014584, 0.858185, -0.513134, 0.005768, 0.513252, 0.858219),

              ["LeftFoot"] = CFrame.new(0.000000, 0.016237, -0.000003, 1.000000, -0.000000, 0.000000, 0.000000, 0.997508, 0.070551, -0.000000, -0.070550, 0.997508),

              ["LeftHand"] = CFrame.new(0.000487, 0.019204, 0.000000, 0.943125, -0.287382, 0.167117, 0.125794, 0.773824, 0.620787, -0.307719, -0.564453, 0.765961),

              ["LeftLowerArm"] = CFrame.new(-0.000500, 0.095121, 0.037398, 1.000000, -0.000000, -0.000000, 0.000000, 0.615535, -0.788109, 0.000000, 0.788110, 0.615535),

              ["LeftLowerLeg"] = CFrame.new(-0.000000, 0.078331, -0.022086, 1.000000, -0.000000, -0.000000, 0.000000, 0.773707, 0.633544, -0.000000, -0.633544, 0.773707),

              ["LeftUpperArm"] = CFrame.new(-0.028438, -0.406571, -0.262661, 0.943125, 0.319948, -0.090273, -0.278066, 0.610404, -0.741678, -0.182195, 0.724597, 0.664654),

              ["LeftUpperLeg"] = CFrame.new(0.000000, 0.000000, -0.000100, 1.000000, -0.000000, -0.000000, -0.000000, -0.674698, -0.738107, -0.000000, 0.738094, -0.674684),

              ["LowerTorso"] = CFrame.new(-0.000000, -0.094952, 1.247685, 1.000000, -0.000000, -0.000000, 0.000000, -0.346720, 0.937969, -0.000000, -0.937969, -0.346720),

              ["RightFoot"] = CFrame.new(-0.000000, 0.022592, -0.000102, 1.000000, 0.000000, 0.000000, -0.000000, 0.963404, -0.268074, -0.000000, 0.268054, 0.963399),

              ["RightHand"] = CFrame.new(-0.000487, 0.020208, -0.000000, 0.903296, 0.370768, -0.215847, -0.139060, 0.728987, 0.670257, 0.405856, -0.575421, 0.710047),

              ["RightLowerArm"] = CFrame.new(-0.000000, 0.100424, 0.043357, 1.000000, 0.000000, 0.000000, 0.000000, 0.553818, -0.832637, -0.000000, 0.832638, 0.553819),

              ["RightLowerLeg"] = CFrame.new(0.000000, 0.096057, -0.034449, 1.000000, 0.000000, 0.000000, -0.000000, 0.646389, 0.763013, 0.000000, -0.763008, 0.646384),

              ["RightUpperArm"] = CFrame.new(0.048353, -0.402754, -0.325250, 0.903295, -0.414946, 0.108985, 0.386498, 0.676809, -0.626537, 0.186217, 0.608070, 0.771735),

              ["RightUpperLeg"] = CFrame.new(0.000000, 0.000000, 0.000000, 1.000000, -0.000000, 0.000000, 0.000000, 0.177926, -0.984040, 0.000000, 0.984044, 0.177945),

              ["UpperTorso"] = CFrame.new(0.000000, 0.191788, 0.025541, 1.000000, 0.000000, 0.000000, -0.000000, 0.913692, -0.406408, -0.000000, 0.406408, 0.913692)

          }},

          {Time = 0.233, Data = {

              ["Head"] = CFrame.new(0.000000, 0.000000, -0.000000, 0.999858, 0.009702, -0.013759, -0.015897, 0.813189, -0.581783, 0.005544, 0.581919, 0.813228),

              ["LeftFoot"] = CFrame.new(-0.000000, 0.021998, -0.000003, 1.000000, -0.000000, 0.000000, 0.000000, 0.999623, -0.027450, -0.000000, 0.027445, 0.999623),

              ["LeftHand"] = CFrame.new(0.000486, 0.021174, 0.000000, 0.933401, -0.310170, 0.180440, 0.116921, 0.738291, 0.664274, -0.339252, -0.598933, 0.725384),

              ["LeftLowerArm"] = CFrame.new(-0.000500, 0.103500, 0.047309, 1.000000, -0.000000, -0.000000, 0.000000, 0.512740, -0.858544, 0.000000, 0.858544, 0.512740),

              ["LeftLowerLeg"] = CFrame.new(-0.000000, 0.095057, -0.033342, 1.000000, -0.000000, -0.000000, 0.000000, 0.656854, 0.754023, -0.000000, -0.754018, 0.656848),

              ["LeftUpperArm"] = CFrame.new(-0.033300, -0.454092, -0.252904, 0.933400, 0.351214, -0.073567, -0.331947, 0.767250, -0.548761, -0.136289, 0.536634, 0.832736),

              ["LeftUpperLeg"] = CFrame.new(0.000000, 0.000000, -0.000100, 1.000000, -0.000000, -0.000000, -0.000000, -0.905133, -0.425149, -0.000000, 0.425128, -0.905124),

              ["LowerTorso"] = CFrame.new(-0.000000, -0.211704, 1.294478, 1.000000, -0.000000, -0.000000, 0.000000, -0.534889, 0.844923, -0.000000, -0.844923, -0.534889),

              ["RightFoot"] = CFrame.new(0.000000, 0.019895, -0.000102, 1.000000, 0.000000, 0.000000, -0.000000, 0.995021, -0.099680, -0.000000, 0.099670, 0.995020),

              ["RightHand"] = CFrame.new(-0.000486, 0.021602, -0.000000, 0.890544, 0.393111, -0.228906, -0.133434, 0.706805, 0.694712, 0.434888, -0.588124, 0.681892),

              ["RightLowerArm"] = CFrame.new(-0.000000, 0.106068, 0.050951, 1.000000, 0.000000, 0.000000, -0.000000, 0.474976, -0.879999, -0.000000, 0.879999, 0.474976),

              ["RightLowerLeg"] = CFrame.new(0.000000, 0.088427, -0.028700, 1.000000, 0.000000, 0.000000, -0.000000, 0.706197, 0.708019, 0.000000, -0.708016, 0.706194),

              ["RightUpperArm"] = CFrame.new(0.054729, -0.446015, -0.306206, 0.890543, -0.446080, 0.089140, 0.440791, 0.797768, -0.411424, 0.112416, 0.405684, 0.907074),

              ["RightUpperLeg"] = CFrame.new(0.000000, 0.000000, -0.000000, 1.000000, 0.000000, 0.000000, 0.000000, -0.052461, -0.998624, -0.000000, 0.998623, -0.052443),

              ["UpperTorso"] = CFrame.new(0.000000, 0.299147, 0.090261, 1.000000, 0.000000, 0.000000, -0.000000, 0.695743, -0.718290, -0.000000, 0.718290, 0.695743)

          }},

          {Time = 0.267, Data = {

              ["Head"] = CFrame.new(0.000000, 0.000000, 0.000000, 0.999841, 0.009918, -0.014843, -0.016998, 0.782939, -0.621866, 0.005454, 0.622019, 0.782983),

              ["LeftFoot"] = CFrame.new(-0.000000, 0.025538, -0.000003, 1.000000, 0.000000, 0.000000, -0.000000, 0.980513, -0.196467, -0.000000, 0.196454, 0.980510),

              ["LeftHand"] = CFrame.new(0.000484, 0.023726, 0.000000, 0.918393, -0.341970, 0.199032, 0.099320, 0.686160, 0.720641, -0.383002, -0.642060, 0.664126),

              ["LeftLowerArm"] = CFrame.new(-0.000500, 0.114674, 0.068310, 1.000000, -0.000000, 0.000000, 0.000000, 0.294781, -0.955565, 0.000000, 0.955565, 0.294782),

              ["LeftLowerLeg"] = CFrame.new(-0.000000, 0.106184, -0.044230, 1.000000, -0.000000, -0.000000, 0.000000, 0.543685, 0.839296, -0.000000, -0.839289, 0.543675),

              ["LeftUpperArm"] = CFrame.new(-0.040804, -0.491544, -0.262522, 0.918392, 0.395263, -0.017995, -0.372478, 0.848317, -0.376322, -0.133480, 0.352314, 0.926314),

              ["LeftUpperLeg"] = CFrame.new(0.000000, 0.000000, -0.000100, 1.000000, -0.000000, -0.000000, -0.000000, -0.903065, -0.429527, -0.000000, 0.429504, -0.903054),

              ["LowerTorso"] = CFrame.new(-0.000000, -0.306519, 1.185896, 1.000000, -0.000000, -0.000000, 0.000000, -0.470614, 0.882339, -0.000000, -0.882339, -0.470614),

              ["RightFoot"] = CFrame.new(0.000000, 0.012235, -0.000102, 1.000000, 0.000000, 0.000000, -0.000000, 0.992598, 0.121452, -0.000000, -0.121444, 0.992597),

              ["RightHand"] = CFrame.new(-0.000484, 0.023855, -0.000000, 0.870921, 0.424644, -0.247341, -0.119394, 0.671072, 0.731718, 0.476700, -0.607733, 0.635147),

              ["RightLowerArm"] = CFrame.new(-0.000001, 0.115518, 0.070312, 1.000000, 0.000000, -0.000000, -0.000000, 0.273947, -0.961745, -0.000000, 0.961745, 0.273947),

              ["RightLowerLeg"] = CFrame.new(0.000000, 0.059963, -0.012451, 1.000000, 0.000000, 0.000000, -0.000000, 0.873451, 0.486905, 0.000000, -0.486912, 0.873455),

              ["RightUpperArm"] = CFrame.new(0.064540, -0.480009, -0.313156, 0.870920, -0.491173, 0.015764, 0.481860, 0.847229, -0.223640, 0.096490, 0.202369, 0.974544),

              ["RightUpperLeg"] = CFrame.new(0.000000, 0.000000, -0.000000, 1.000000, 0.000000, 0.000000, 0.000000, 0.133554, -0.991040, -0.000000, 0.991042, 0.133567),

              ["UpperTorso"] = CFrame.new(0.000000, 0.271031, -0.047755, 1.000000, 0.000000, 0.000000, -0.000000, 0.725584, -0.688133, -0.000000, 0.688133, 0.725584)

          }},

          {Time = 0.300, Data = {

              ["Head"] = CFrame.new(-0.000000, 0.000000, -0.000000, 0.999825, 0.010313, -0.015624, -0.017857, 0.775859, -0.630653, 0.005618, 0.630822, 0.775908),

              ["LeftFoot"] = CFrame.new(0.000000, 0.027638, -0.000003, 1.000000, 0.000000, 0.000000, -0.000000, 0.929345, -0.369232, -0.000000, 0.369212, 0.929337),

              ["LeftHand"] = CFrame.new(0.000484, 0.023847, -0.000000, 0.921284, -0.336115, 0.195615, 0.114014, 0.714344, 0.690447, -0.371803, -0.613791, 0.696432),

              ["LeftLowerArm"] = CFrame.new(-0.000500, 0.115075, 0.069371, 1.000000, -0.000000, -0.000000, 0.000000, 0.283739, -0.958902, 0.000000, 0.958902, 0.283739),

              ["LeftLowerLeg"] = CFrame.new(0.000000, 0.113156, -0.053657, 1.000000, -0.000000, -0.000000, 0.000000, 0.445664, 0.895207, -0.000000, -0.895200, 0.445650),

              ["LeftUpperArm"] = CFrame.new(-0.039359, -0.503080, -0.265111, 0.921283, 0.388874, 0.003833, -0.369315, 0.877949, -0.304650, -0.121836, 0.279253, 0.952457),

              ["LeftUpperLeg"] = CFrame.new(0.000000, -0.000000, -0.000100, 1.000000, 0.000000, -0.000000, -0.000000, -0.834719, -0.550698, -0.000000, 0.550677, -0.834705),

              ["LowerTorso"] = CFrame.new(-0.000000, -0.381702, 1.028061, 1.000000, -0.000000, -0.000000, 0.000000, -0.329601, 0.944120, -0.000000, -0.944120, -0.329601),

              ["RightFoot"] = CFrame.new(-0.000000, 0.008762, -0.000103, 1.000000, 0.000000, 0.000000, -0.000000, 0.965651, 0.259864, -0.000000, -0.259844, 0.965645),

              ["RightHand"] = CFrame.new(-0.000484, 0.023840, 0.000000, 0.876967, 0.415254, -0.241858, -0.139195, 0.701218, 0.699230, 0.459950, -0.579532, 0.672743),

              ["RightLowerArm"] = CFrame.new(-0.000001, 0.115471, 0.070183, 1.000000, 0.000000, 0.000000, -0.000000, 0.275298, -0.961359, -0.000000, 0.961359, 0.275298),

              ["RightLowerLeg"] = CFrame.new(0.000000, 0.040656, -0.005296, 1.000000, 0.000000, 0.000000, -0.000000, 0.946149, 0.323720, 0.000000, -0.323732, 0.946153),

              ["RightUpperArm"] = CFrame.new(0.061517, -0.486261, -0.316365, 0.876966, -0.480498, -0.007193, 0.473822, 0.867083, -0.153817, 0.080145, 0.131484, 0.988073),

              ["RightUpperLeg"] = CFrame.new(-0.000000, -0.000000, -0.000000, 1.000000, 0.000000, -0.000000, -0.000000, 0.341537, -0.939865, -0.000000, 0.939868, 0.341547),

              ["UpperTorso"] = CFrame.new(0.000000, 0.160532, -0.144694, 1.000000, 0.000000, 0.000000, -0.000000, 0.813256, -0.581907, -0.000000, 0.581907, 0.813256)

          }},

          {Time = 0.333, Data = {

              ["Head"] = CFrame.new(0.000000, 0.000000, 0.000000, 0.999812, 0.010977, -0.016006, -0.018407, 0.797699, -0.602775, 0.006152, 0.602956, 0.797751),

              ["LeftFoot"] = CFrame.new(-0.000000, 0.027124, -0.000003, 1.000000, 0.000000, 0.000000, -0.000000, 0.902696, -0.430302, -0.000000, 0.430278, 0.902685),

              ["LeftHand"] = CFrame.new(0.000489, 0.017234, -0.000000, 0.945044, -0.282645, 0.164334, 0.160554, 0.839054, 0.519821, -0.284807, -0.464865, 0.838320),

              ["LeftLowerArm"] = CFrame.new(-0.000500, 0.088123, 0.031155, 1.000000, -0.000000, -0.000000, 0.000000, 0.680354, -0.732884, 0.000000, 0.732884, 0.680354),

              ["LeftLowerLeg"] = CFrame.new(0.000000, 0.111322, -0.050848, 1.000000, -0.000000, -0.000000, 0.000000, 0.474851, 0.880073, -0.000000, -0.880066, 0.474838),

              ["LeftUpperArm"] = CFrame.new(-0.027478, -0.487315, -0.240463, 0.945043, 0.317965, -0.076103, -0.321050, 0.858508, -0.399864, -0.061808, 0.402322, 0.913410),

              ["LeftUpperLeg"] = CFrame.new(0.000000, 0.000000, -0.000100, 1.000000, 0.000000, -0.000000, -0.000000, -0.694875, -0.719147, -0.000000, 0.719131, -0.694858),

              ["LowerTorso"] = CFrame.new(-0.000000, -0.379067, 0.930056, 1.000000, -0.000000, -0.000000, 0.000000, -0.147766, 0.989022, -0.000000, -0.989022, -0.147766),

              ["RightFoot"] = CFrame.new(-0.000000, 0.012712, -0.000103, 1.000000, 0.000000, 0.000000, -0.000000, 0.967995, 0.250984, -0.000000, -0.250970, 0.967991),

              ["RightHand"] = CFrame.new(-0.000489, 0.017122, -0.000000, 0.911070, 0.356299, -0.207373, -0.191417, 0.811124, 0.552667, 0.365117, -0.463819, 0.807190),

              ["RightLowerArm"] = CFrame.new(-0.000000, 0.088179, 0.031118, 1.000000, 0.000000, 0.000000, -0.000000, 0.680737, -0.732527, -0.000000, 0.732528, 0.680738),

              ["RightLowerLeg"] = CFrame.new(-0.000000, 0.062567, -0.013695, 1.000000, 0.000000, 0.000000, -0.000000, 0.860777, 0.508977, 0.000000, -0.508982, 0.860780),

              ["RightUpperArm"] = CFrame.new(0.044465, -0.461894, -0.291015, 0.911070, -0.397764, 0.108331, 0.411982, 0.868962, -0.274183, 0.014925, 0.294431, 0.955556),

              ["RightUpperLeg"] = CFrame.new(-0.000000, -0.000000, 0.000000, 1.000000, 0.000000, -0.000000, -0.000000, 0.325699, -0.945469, -0.000000, 0.945474, 0.325712),

              ["UpperTorso"] = CFrame.new(0.000000, 0.114302, -0.173437, 1.000000, 0.000000, 0.000000, -0.000000, 0.848850, -0.528634, -0.000000, 0.528634, 0.848850)

          }},

          {Time = 0.367, Data = {

              ["Head"] = CFrame.new(0.000000, 0.000000, 0.000000, 0.999803, 0.011954, -0.015831, -0.018508, 0.849338, -0.527526, 0.007140, 0.527715, 0.849392),

              ["LeftFoot"] = CFrame.new(-0.000000, 0.024871, -0.000003, 1.000000, 0.000000, 0.000000, -0.000000, 0.918025, -0.396548, -0.000000, 0.396524, 0.918014),

              ["LeftHand"] = CFrame.new(0.000505, -0.007453, -0.000000, 0.956184, -0.253168, 0.147032, 0.216918, 0.949917, 0.224955, -0.196618, -0.183202, 0.963212),

              ["LeftLowerArm"] = CFrame.new(-0.000500, -0.007644, 0.000041, 1.000000, -0.000000, -0.000000, 0.000000, 1.000000, -0.000001, 0.000000, -0.000000, 1.000000),

              ["LeftLowerLeg"] = CFrame.new(-0.000000, 0.104229, -0.042087, 1.000000, -0.000000, -0.000000, 0.000000, 0.565989, 0.824419, -0.000000, -0.824413, 0.565980),

              ["LeftUpperArm"] = CFrame.new(-0.021908, -0.476053, -0.215661, 0.956184, 0.216918, -0.196618, -0.292645, 0.688820, -0.663238, -0.008434, 0.691717, 0.722119),

              ["LeftUpperLeg"] = CFrame.new(0.000000, -0.000000, -0.000100, 1.000000, 0.000000, -0.000000, -0.000000, -0.511160, -0.859496, -0.000000, 0.859486, -0.511142),

              ["LowerTorso"] = CFrame.new(-0.000000, -0.339358, 0.928580, 1.000000, 0.000000, -0.000000, 0.000000, 0.067595, 0.997713, 0.000000, -0.997713, 0.067595),

              ["RightFoot"] = CFrame.new(-0.000000, 0.021929, -0.000102, 1.000000, 0.000000, 0.000000, -0.000000, 0.970062, 0.242870, 0.000000, -0.242858, 0.970059),

              ["RightHand"] = CFrame.new(-0.000505, -0.007944, -0.000000, 0.925274, 0.327875, -0.190701, -0.266831, 0.919988, 0.287098, 0.269572, -0.214757, 0.938727),

              ["RightLowerArm"] = CFrame.new(-0.000000, -0.007934, 0.000043, 1.000000, -0.000000, 0.000000, -0.000000, 1.000000, -0.000001, -0.000000, -0.000000, 1.000000),

              ["RightLowerLeg"] = CFrame.new(0.000000, 0.094043, -0.032775, 1.000000, 0.000000, 0.000000, -0.000000, 0.663781, 0.747931, 0.000000, -0.747927, 0.663776),

              ["RightUpperArm"] = CFrame.new(0.037363, -0.446342, -0.262192, 0.925274, -0.266831, 0.269573, 0.376273, 0.735330, -0.563656, -0.047824, 0.622969, 0.780784),

              ["RightUpperLeg"] = CFrame.new(-0.000000, -0.000000, -0.000000, 1.000000, 0.000000, 0.000000, 0.000000, 0.217726, -0.976006, -0.000000, 0.976010, 0.217744),

              ["UpperTorso"] = CFrame.new(-0.000000, 0.085113, -0.222252, 1.000000, 0.000000, 0.000000, 0.000000, 0.877102, -0.480305, -0.000000, 0.480305, 0.877102)

          }},

          {Time = 0.400, Data = {

              ["Head"] = CFrame.new(-0.000000, 0.000000, 0.000000, 0.999799, 0.013248, -0.015053, -0.018116, 0.918586, -0.394805, 0.008597, 0.394998, 0.918642),

              ["LeftFoot"] = CFrame.new(-0.000000, 0.025027, -0.000002, 1.000000, 0.000000, 0.000000, -0.000000, 0.938105, -0.346373, -0.000000, 0.346351, 0.938097),

              ["LeftHand"] = CFrame.new(0.000547, -0.071594, -0.000000, 0.950143, -0.269595, 0.156679, 0.199289, 0.911484, 0.359837, -0.239819, -0.310669, 0.919766),

              ["LeftLowerArm"] = CFrame.new(-0.000498, -0.071708, 0.000390, 1.000000, -0.000000, -0.000000, 0.000000, 1.000000, -0.000001, 0.000000, -0.000000, 1.000000),

              ["LeftLowerLeg"] = CFrame.new(0.000000, 0.104693, -0.042587, 1.000000, -0.000000, -0.000000, 0.000000, 0.560783, 0.827969, -0.000000, -0.827963, 0.560774),

              ["LeftUpperArm"] = CFrame.new(-0.024929, -0.485275, -0.200800, 0.950142, 0.199289, -0.239819, -0.311089, 0.658349, -0.685419, 0.021288, 0.725851, 0.687522),

              ["LeftUpperLeg"] = CFrame.new(0.000000, 0.000000, -0.000100, 1.000000, 0.000000, -0.000000, -0.000000, -0.383016, -0.923750, -0.000000, 0.923742, -0.382997),

              ["LowerTorso"] = CFrame.new(-0.000000, -0.371674, 1.023972, 1.000000, 0.000000, -0.000000, 0.000000, 0.307663, 0.951495, 0.000000, -0.951495, 0.307663),

              ["RightFoot"] = CFrame.new(0.000000, 0.029067, -0.000102, 1.000000, 0.000000, -0.000000, -0.000000, 0.970743, 0.240135, 0.000000, -0.240119, 0.970739),

              ["RightHand"] = CFrame.new(-0.000544, -0.066984, -0.000000, 0.908963, 0.360296, -0.209703, -0.246678, 0.870364, 0.426167, 0.336061, -0.335637, 0.880004),

              ["RightLowerArm"] = CFrame.new(-0.000002, -0.066904, 0.000364, 1.000000, 0.000000, 0.000000, -0.000000, 1.000000, -0.000001, -0.000000, -0.000000, 1.000000),

              ["RightLowerLeg"] = CFrame.new(0.000000, 0.117068, -0.061037, 1.000000, 0.000000, 0.000000, -0.000000, 0.369969, 0.929050, 0.000000, -0.929044, 0.369955),

              ["RightUpperArm"] = CFrame.new(0.045519, -0.461481, -0.239992, 0.908962, -0.246678, 0.336062, 0.406550, 0.702869, -0.583688, -0.092225, 0.667177, 0.739169),

              ["RightUpperLeg"] = CFrame.new(-0.000000, -0.000000, -0.000000, 1.000000, -0.000000, 0.000000, 0.000000, 0.081331, -0.996685, 0.000000, 0.996687, 0.081352),

              ["UpperTorso"] = CFrame.new(-0.000000, -0.018208, -0.233214, 1.000000, -0.000000, 0.000000, 0.000000, 0.937973, -0.346708, -0.000000, 0.346708, 0.937973)

          }},

          {Time = 0.433, Data = {

              ["Head"] = CFrame.new(-0.000000, 0.000000, 0.000000, 0.999798, 0.014574, -0.013827, -0.017301, 0.974441, -0.223976, 0.010209, 0.224170, 0.974497),

              ["LeftFoot"] = CFrame.new(-0.000000, 0.027282, -0.000002, 1.000000, 0.000000, 0.000000, -0.000000, 0.946731, -0.322046, -0.000000, 0.322026, 0.946724),

              ["LeftHand"] = CFrame.new(0.000566, -0.100529, -0.000000, 0.932737, -0.311652, 0.181316, 0.190881, 0.853441, 0.484980, -0.305885, -0.417745, 0.855522),

              ["LeftLowerArm"] = CFrame.new(-0.000497, -0.100609, 0.000548, 1.000000, -0.000000, -0.000000, 0.000000, 1.000000, -0.000001, 0.000000, -0.000000, 1.000000),

              ["LeftLowerLeg"] = CFrame.new(0.000000, 0.111902, -0.051718, 1.000000, -0.000000, -0.000000, 0.000000, 0.465820, 0.884886, -0.000000, -0.884880, 0.465807),

              ["LeftUpperArm"] = CFrame.new(-0.033632, -0.509242, -0.194836, 0.932737, 0.190881, -0.305886, -0.359025, 0.569853, -0.739168, 0.033217, 0.799270, 0.600054),

              ["LeftUpperLeg"] = CFrame.new(-0.000000, 0.000000, -0.000100, 1.000000, 0.000000, -0.000000, -0.000000, -0.297437, -0.954748, -0.000000, 0.954742, -0.297416),

              ["LowerTorso"] = CFrame.new(-0.000000, -0.471150, 1.131661, 1.000000, 0.000000, -0.000000, 0.000000, 0.539506, 0.841982, 0.000000, -0.841982, 0.539506),

              ["RightFoot"] = CFrame.new(0.000000, 0.032129, -0.000101, 1.000000, 0.000000, -0.000000, -0.000000, 0.967517, 0.252830, 0.000000, -0.252808, 0.967511),

              ["RightHand"] = CFrame.new(-0.000558, -0.088390, -0.000000, 0.867857, 0.429285, -0.250081, -0.238348, 0.801419, 0.548563, 0.435906, -0.416464, 0.797834),

              ["RightLowerArm"] = CFrame.new(-0.000003, -0.088286, 0.000481, 1.000000, 0.000000, 0.000000, -0.000000, 1.000000, -0.000001, -0.000000, -0.000000, 1.000000),

              ["RightLowerLeg"] = CFrame.new(-0.000000, 0.125276, -0.088341, 1.000000, 0.000000, 0.000000, -0.000000, 0.085898, 0.996305, 0.000000, -0.996304, 0.085884),

              ["RightUpperArm"] = CFrame.new(0.066072, -0.499193, -0.225846, 0.867857, -0.238348, 0.435907, 0.481976, 0.616758, -0.622341, -0.120515, 0.750200, 0.650136),

              ["RightUpperLeg"] = CFrame.new(0.000000, 0.000000, -0.000000, 1.000000, -0.000000, 0.000000, 0.000000, -0.017030, -0.999855, 0.000000, 0.999855, -0.017009),

              ["UpperTorso"] = CFrame.new(0.000000, -0.123278, -0.159734, 1.000000, -0.000000, 0.000000, 0.000000, 0.992243, -0.124314, -0.000000, 0.124314, 0.992243)

          }},

          {Time = 0.467, Data = {

              ["Head"] = CFrame.new(0.000000, 0.000000, 0.000000, 0.999802, 0.015554, -0.012417, -0.016216, 0.998348, -0.055130, 0.011539, 0.055321, 0.998402),

              ["LeftFoot"] = CFrame.new(-0.000000, 0.030364, -0.000002, 1.000000, 0.000000, 0.000000, -0.000000, 0.922495, -0.386030, -0.000000, 0.386010, 0.922486),

              ["LeftHand"] = CFrame.new(0.000563, -0.095665, -0.000000, 0.919834, -0.339054, 0.197356, 0.189503, 0.824485, 0.533214, -0.343502, -0.453065, 0.822638),

              ["LeftLowerArm"] = CFrame.new(-0.000497, -0.095751, 0.000521, 1.000000, -0.000000, -0.000000, 0.000000, 1.000000, -0.000001, 0.000000, -0.000000, 1.000000),

              ["LeftLowerLeg"] = CFrame.new(0.000000, 0.121910, -0.072182, 1.000000, -0.000000, -0.000000, 0.000000, 0.253002, 0.967470, -0.000000, -0.967466, 0.252986),

              ["LeftUpperArm"] = CFrame.new(-0.040083, -0.525584, -0.200588, 0.919833, 0.189504, -0.343504, -0.391708, 0.492102, -0.777432, 0.021713, 0.849661, 0.526882),

              ["LeftUpperLeg"] = CFrame.new(0.000000, 0.000000, -0.000100, 1.000000, 0.000000, -0.000000, -0.000000, -0.231303, -0.972887, -0.000000, 0.972882, -0.231282),

              ["LowerTorso"] = CFrame.new(-0.000000, -0.622818, 1.153520, 1.000000, 0.000000, -0.000000, 0.000000, 0.729401, 0.684087, 0.000000, -0.684087, 0.729401),

              ["RightFoot"] = CFrame.new(0.000000, 0.033720, -0.000101, 1.000000, -0.000000, -0.000000, 0.000000, 0.980702, 0.195527, 0.000000, -0.195507, 0.980699),

              ["RightHand"] = CFrame.new(-0.000552, -0.078428, 0.000000, 0.838376, 0.470957, -0.274459, -0.238120, 0.769350, 0.592793, 0.490331, -0.431626, 0.757145),

              ["RightLowerArm"] = CFrame.new(-0.000002, -0.078334, 0.000427, 1.000000, 0.000000, 0.000000, -0.000000, 1.000000, -0.000001, -0.000000, -0.000000, 1.000000),

              ["RightLowerLeg"] = CFrame.new(-0.000000, 0.124755, -0.112668, 1.000000, 0.000000, 0.000000, -0.000000, -0.167321, 0.985901, 0.000000, -0.985903, -0.167331),

              ["RightUpperArm"] = CFrame.new(0.080812, -0.525051, -0.230653, 0.838375, -0.238119, 0.490332, 0.533692, 0.541595, -0.649498, -0.110903, 0.806209, 0.581143),

              ["RightUpperLeg"] = CFrame.new(-0.000000, -0.000000, -0.000000, 1.000000, -0.000000, 0.000000, 0.000000, -0.021647, -0.999766, 0.000000, 0.999766, -0.021628),

              ["UpperTorso"] = CFrame.new(0.000000, -0.130904, -0.049605, 1.000000, -0.000000, 0.000000, 0.000000, 0.988289, 0.152596, -0.000000, -0.152596, 0.988289)

          }},

          {Time = 0.500, Data = {

              ["Head"] = CFrame.new(0.000000, 0.000000, -0.000000, 0.999808, 0.016026, -0.011248, -0.015222, 0.997552, 0.068253, 0.012314, -0.068069, 0.997605),

              ["LeftFoot"] = CFrame.new(0.000000, 0.032984, -0.000001, 1.000000, 0.000000, 0.000000, -0.000000, 0.828922, -0.559389, -0.000000, 0.559364, 0.828905),

              ["LeftHand"] = CFrame.new(0.000529, -0.043467, -0.000000, 0.930863, -0.315809, 0.183737, 0.198608, 0.859461, 0.471046, -0.306673, -0.401984, 0.862761),

              ["LeftLowerArm"] = CFrame.new(-0.000499, -0.043614, 0.000237, 1.000000, -0.000000, -0.000000, 0.000000, 1.000000, -0.000001, 0.000000, -0.000000, 1.000000),

              ["LeftLowerLeg"] = CFrame.new(-0.000000, 0.125992, -0.102984, 1.000000, -0.000000, -0.000000, 0.000000, -0.067563, 0.997714, -0.000000, -0.997715, -0.067576),

              ["LeftUpperArm"] = CFrame.new(-0.034569, -0.512325, -0.217138, 0.930863, 0.198608, -0.306674, -0.365191, 0.479596, -0.797886, -0.011387, 0.854718, 0.518968),

