return {
["vibing"] = {

          {Time = 0.000, Data = {

              ["Head"] = CFrame.new(0.000000, 0.000000, 0.000000, 1.000000, 0.000000, -0.000000, 0.000000, 0.911687, 0.410886, 0.000000, -0.410886, 0.911687),

              ["LeftFoot"] = CFrame.new(-0.000000, 0.019393, -0.000003, 0.975937, -0.166803, -0.140452, 0.162221, 0.985793, -0.043551, 0.145712, 0.019713, 0.989129),

              ["LeftHand"] = CFrame.new(0.000485, 0.023408, 0.000000, 0.992303, 0.106728, -0.062800, -0.115540, 0.980423, -0.159443, 0.044553, 0.165471, 0.985208),

              ["LeftLowerArm"] = CFrame.new(-0.000500, 0.113567, 0.065546, 1.000000, -0.000000, -0.000000, 0.000000, 0.323519, -0.946222, 0.000000, 0.946222, 0.323520),

              ["LeftLowerLeg"] = CFrame.new(-0.000000, 0.087752, -0.028000, 1.000000, -0.000000, -0.000000, 0.000000, 0.712433, 0.701743, -0.000000, -0.701740, 0.712430),

              ["LeftUpperArm"] = CFrame.new(-0.282141, -0.505538, 0.465615, -0.022244, 0.414962, -0.909566, -0.514772, 0.775166, 0.366235, 0.857038, 0.476366, 0.196369),

              ["LeftUpperLeg"] = CFrame.new(0.000000, -0.000000, -0.000100, 0.975936, 0.217826, -0.010022, -0.151026, 0.642050, -0.751627, -0.157290, 0.735067, 0.659512),

              ["LowerTorso"] = CFrame.new(0.000000, -0.347413, 0.099586, 1.000000, -0.000000, -0.000000, 0.000000, 0.994400, 0.105683, 0.000000, -0.105683, 0.994400),

              ["RightFoot"] = CFrame.new(0.000000, 0.019735, -0.000103, 0.968923, 0.189222, 0.159330, -0.180502, 0.981245, -0.067669, -0.169135, 0.036800, 0.984904),

              ["RightHand"] = CFrame.new(-0.000495, 0.007426, -0.000000, 0.984560, -0.150757, 0.088960, 0.150687, 0.988553, 0.007541, -0.089078, 0.005981, 0.996007),

              ["RightLowerArm"] = CFrame.new(-0.000000, 0.044393, 0.007155, 1.000000, 0.000000, 0.000000, -0.000000, 0.927148, -0.374695, -0.000000, 0.374695, 0.927148),

              ["RightLowerLeg"] = CFrame.new(-0.000000, 0.087962, -0.028381, 1.000000, 0.000000, -0.000000, -0.000000, 0.709514, 0.704694, 0.000000, -0.704691, 0.709511),

              ["RightUpperArm"] = CFrame.new(0.334012, 0.223670, -0.409794, 0.144499, -0.055391, 0.987953, -0.350087, -0.936716, -0.001314, 0.925505, -0.345680, -0.154746),

              ["RightUpperLeg"] = CFrame.new(0.000000, -0.000000, -0.000000, 0.968922, -0.247261, 0.007189, 0.171325, 0.649812, -0.740522, 0.178431, 0.718753, 0.671994),

              ["UpperTorso"] = CFrame.new(0.000000, 0.014796, 0.167548, 1.000000, -0.000000, 0.000000, -0.000000, 0.842555, 0.538611, -0.000000, -0.538611, 0.842555)

          }},

          {Time = 0.033, Data = {

              ["Head"] = CFrame.new(-0.000000, -0.000000, 0.000000, 1.000000, -0.000000, -0.000000, 0.000000, 0.988700, 0.149911, 0.000000, -0.149911, 0.988700),

              ["LeftFoot"] = CFrame.new(-0.000000, 0.014061, -0.000002, 0.979017, -0.155882, -0.131257, 0.168601, 0.981376, 0.092069, 0.114452, -0.112263, 0.987064),

              ["LeftHand"] = CFrame.new(0.000486, 0.021486, -0.000000, 0.999348, 0.030964, -0.018596, -0.034469, 0.971415, -0.234873, 0.010791, 0.235359, 0.971848),

              ["LeftLowerArm"] = CFrame.new(-0.000500, 0.104981, 0.049456, 1.000000, -0.000000, -0.000000, 0.000000, 0.490481, -0.871452, 0.000000, 0.871452, 0.490482),

              ["LeftLowerLeg"] = CFrame.new(0.000000, 0.070844, -0.017906, 1.000000, -0.000000, -0.000000, 0.000000, 0.816766, 0.576966, -0.000000, -0.576969, 0.816768),

              ["LeftUpperArm"] = CFrame.new(-0.323911, -0.484815, 0.534177, -0.037110, 0.286219, -0.957445, -0.481693, 0.834328, 0.268085, 0.875554, 0.471143, 0.106908),

              ["LeftUpperLeg"] = CFrame.new(0.000000, 0.000000, -0.000100, 0.979017, 0.203745, -0.003791, -0.064951, 0.294337, -0.953487, -0.193153, 0.933731, 0.301409),

              ["LowerTorso"] = CFrame.new(0.000000, -0.311364, 0.213330, 1.000000, -0.000000, -0.000000, 0.000000, 0.854308, 0.519767, 0.000000, -0.519767, 0.854308),

              ["RightFoot"] = CFrame.new(0.000000, 0.014570, -0.000102, 0.972922, 0.176808, 0.148877, -0.188165, 0.979925, 0.065898, -0.134228, -0.092124, 0.986658),

              ["RightHand"] = CFrame.new(-0.000497, 0.005015, 0.000000, 0.949023, -0.271766, 0.159685, 0.290459, 0.950756, -0.108148, -0.122430, 0.149016, 0.981226),

              ["RightLowerArm"] = CFrame.new(0.000000, 0.028072, 0.002690, 1.000000, 0.000000, 0.000000, 0.000000, 0.972514, -0.232844, -0.000000, 0.232843, 0.972514),

              ["RightLowerLeg"] = CFrame.new(0.000000, 0.071772, -0.018609, 1.000000, 0.000000, 0.000000, -0.000000, 0.810576, 0.585632, 0.000000, -0.585634, 0.810577),

              ["RightUpperArm"] = CFrame.new(0.344786, 0.122819, -0.351861, 0.163141, 0.028237, 0.986199, -0.153898, -0.986626, 0.053707, 0.974526, -0.160536, -0.156613),

              ["RightUpperLeg"] = CFrame.new(0.000000, 0.000000, -0.000000, 0.972921, -0.231132, 0.001388, 0.073670, 0.304387, -0.949691, 0.219082, 0.924082, 0.313187),

              ["UpperTorso"] = CFrame.new(0.000000, -0.058823, 0.069766, 1.000000, 0.000000, 0.000000, -0.000000, 0.999859, -0.016825, -0.000000, 0.016825, 0.999859)

          }},

          {Time = 0.067, Data = {

              ["Head"] = CFrame.new(-0.000000, -0.000000, -0.000000, 1.000000, -0.000000, -0.000000, 0.000000, 0.986760, -0.162189, 0.000000, 0.162189, 0.986760),

              ["LeftFoot"] = CFrame.new(-0.000000, 0.012372, -0.000002, 0.979854, -0.152773, -0.128639, 0.169594, 0.976642, 0.131952, 0.105468, -0.151101, 0.982874),

              ["LeftHand"] = CFrame.new(0.000486, 0.020641, 0.000000, 0.995246, -0.084325, 0.048739, 0.093534, 0.967027, -0.236877, -0.027157, 0.240308, 0.970316),

              ["LeftLowerArm"] = CFrame.new(-0.000500, 0.101519, 0.044781, 1.000000, -0.000000, -0.000000, 0.000000, 0.539010, -0.842299, 0.000000, 0.842299, 0.539011),

              ["LeftLowerLeg"] = CFrame.new(0.000000, 0.062008, -0.013225, 1.000000, -0.000000, -0.000000, 0.000000, 0.864548, 0.502545, -0.000000, -0.502551, 0.864551),

              ["LeftUpperArm"] = CFrame.new(-0.348981, -0.440529, 0.614693, -0.009954, 0.210963, -0.977443, -0.399391, 0.895299, 0.197301, 0.916727, 0.392346, 0.075345),

              ["LeftUpperLeg"] = CFrame.new(0.000000, 0.000000, -0.000100, 0.979854, 0.199627, 0.005958, -0.018387, 0.119861, -0.992619, -0.198868, 0.972513, 0.121130),

              ["LowerTorso"] = CFrame.new(0.000000, -0.279955, 0.224591, 1.000000, -0.000000, -0.000000, 0.000000, 0.711778, 0.702405, 0.000000, -0.702405, 0.711778),

              ["RightFoot"] = CFrame.new(-0.000000, 0.012809, -0.000102, 0.974008, 0.173272, 0.145900, -0.189441, 0.976230, 0.105306, -0.124177, -0.130202, 0.983679),

              ["RightHand"] = CFrame.new(-0.000518, -0.028235, -0.000000, 0.905306, -0.366341, 0.214981, 0.413514, 0.875815, -0.248907, -0.097097, 0.314233, 0.944367),

              ["RightLowerArm"] = CFrame.new(-0.000001, -0.028199, 0.000153, 1.000000, 0.000000, 0.000000, -0.000000, 1.000000, -0.000001, -0.000000, -0.000000, 1.000000),

              ["RightLowerLeg"] = CFrame.new(-0.000000, 0.063095, -0.013956, 1.000000, 0.000000, 0.000000, -0.000000, 0.858120, 0.513444, 0.000000, -0.513450, 0.858123),

              ["RightUpperArm"] = CFrame.new(0.359882, -0.023171, -0.267675, 0.171966, 0.140170, 0.975080, 0.119050, -0.985528, 0.120675, 0.977883, 0.095331, -0.186165),

              ["RightUpperLeg"] = CFrame.new(0.000000, -0.000000, -0.000000, 0.974008, -0.226324, -0.009296, 0.020854, 0.130448, -0.991234, 0.225553, 0.965278, 0.131790),

              ["UpperTorso"] = CFrame.new(-0.000000, -0.017869, -0.147764, 1.000000, 0.000000, 0.000000, -0.000000, 0.887469, -0.460868, -0.000000, 0.460868, 0.887469)

          }},

          {Time = 0.100, Data = {

              ["Head"] = CFrame.new(-0.000000, 0.000000, 0.000000, 1.000000, -0.000000, -0.000000, -0.000000, 0.895352, -0.445360, 0.000000, 0.445360, 0.895352),

              ["LeftFoot"] = CFrame.new(0.000000, 0.020425, -0.000002, 0.975457, -0.168436, -0.141828, 0.161685, 0.985141, -0.057937, 0.149469, 0.033578, 0.988194),

              ["LeftHand"] = CFrame.new(0.000486, 0.021465, 0.000000, 0.988005, -0.133564, 0.077502, 0.145083, 0.974762, -0.169674, -0.052883, 0.178882, 0.982448),

              ["LeftLowerArm"] = CFrame.new(-0.000500, 0.104885, 0.049311, 1.000000, -0.000000, -0.000000, 0.000000, 0.491980, -0.870606, 0.000000, 0.870607, 0.491980),

              ["LeftLowerLeg"] = CFrame.new(-0.000000, 0.090703, -0.030062, 1.000000, -0.000000, -0.000000, 0.000000, 0.690995, 0.722863, -0.000000, -0.722859, 0.690992),

              ["LeftUpperArm"] = CFrame.new(-0.383671, -0.434828, 0.671153, -0.003420, 0.183954, -0.982929, -0.392325, 0.903882, 0.170526, 0.919820, 0.386211, 0.069079),

              ["LeftUpperLeg"] = CFrame.new(0.000000, -0.000000, -0.000100, 0.975457, 0.219772, -0.013588, -0.066029, 0.233061, -0.970214, -0.210059, 0.947303, 0.241870),

              ["LowerTorso"] = CFrame.new(-0.000000, -0.360974, 0.094024, 1.000000, -0.000000, -0.000000, 0.000000, 0.843832, 0.536607, 0.000000, -0.536607, 0.843832),

              ["RightFoot"] = CFrame.new(-0.000000, 0.020765, -0.000102, 0.968301, 0.191078, 0.160893, -0.179809, 0.980274, -0.082053, -0.173386, 0.050515, 0.983555),

              ["RightHand"] = CFrame.new(-0.000545, -0.067593, 0.000000, 0.908458, -0.360485, 0.211555, 0.408704, 0.872144, -0.268937, -0.087558, 0.330779, 0.939637),

              ["RightLowerArm"] = CFrame.new(-0.000002, -0.067512, 0.000368, 1.000000, 0.000000, 0.000000, -0.000000, 1.000000, -0.000001, -0.000000, -0.000000, 1.000000),

              ["RightLowerLeg"] = CFrame.new(0.000000, 0.090878, -0.030426, 1.000000, 0.000000, 0.000000, -0.000000, 0.688239, 0.725488, 0.000000, -0.725484, 0.688235),

              ["RightUpperArm"] = CFrame.new(0.377898, -0.037473, -0.187319, 0.170658, 0.132103, 0.976435, 0.121546, -0.986226, 0.112184, 0.977805, 0.099536, -0.184364),

              ["RightUpperLeg"] = CFrame.new(0.000000, -0.000000, -0.000000, 0.968300, -0.249544, 0.011112, 0.074905, 0.247620, -0.965953, 0.238297, 0.936169, 0.258480),

              ["UpperTorso"] = CFrame.new(-0.000000, -0.040889, -0.290186, 1.000000, 0.000000, 0.000000, -0.000000, 0.943711, -0.330772, -0.000000, 0.330772, 0.943711)

          }},

          {Time = 0.133, Data = {

              ["Head"] = CFrame.new(-0.000000, -0.000000, -0.000000, 1.000000, -0.000000, -0.000000, -0.000000, 0.769613, -0.638510, 0.000000, 0.638510, 0.769613),

              ["LeftFoot"] = CFrame.new(0.000000, 0.027299, -0.000002, 0.965213, -0.200013, -0.168415, 0.136124, 0.934308, -0.329470, 0.223237, 0.295065, 0.929024),

              ["LeftHand"] = CFrame.new(0.000485, 0.022171, -0.000000, 0.993145, -0.101164, 0.058564, 0.106915, 0.988682, -0.105248, -0.047253, 0.110788, 0.992720),

              ["LeftLowerArm"] = CFrame.new(-0.000500, 0.108011, 0.054231, 1.000000, -0.000000, -0.000000, 0.000000, 0.440925, -0.897544, 0.000000, 0.897544, 0.440926),

              ["LeftLowerLeg"] = CFrame.new(-0.000000, 0.111962, -0.051811, 1.000000, -0.000000, -0.000000, 0.000000, 0.464859, 0.885391, -0.000000, -0.885385, 0.464848),

              ["LeftUpperArm"] = CFrame.new(-0.431192, -0.452209, 0.706672, -0.033940, 0.165448, -0.985634, -0.429656, 0.888002, 0.163855, 0.902354, 0.429045, 0.040948),

              ["LeftUpperLeg"] = CFrame.new(0.000000, 0.000000, -0.000100, 0.965211, 0.260934, -0.016744, -0.187677, 0.646773, -0.739216, -0.182058, 0.716657, 0.673261),

              ["LowerTorso"] = CFrame.new(-0.000000, -0.450224, -0.151746, 1.000000, 0.000000, -0.000000, 0.000000, 0.997525, 0.070312, 0.000000, -0.070312, 0.997525),

              ["RightFoot"] = CFrame.new(0.000000, 0.027379, -0.000102, 0.954996, 0.226904, 0.191058, -0.150081, 0.925182, -0.348607, -0.255848, 0.304225, 0.917589),

              ["RightHand"] = CFrame.new(-0.000544, -0.066129, -0.000000, 0.939669, -0.294959, 0.173270, 0.333849, 0.901188, -0.276415, -0.074617, 0.317583, 0.945289),

              ["RightLowerArm"] = CFrame.new(-0.000002, -0.066049, 0.000360, 1.000000, 0.000000, 0.000000, -0.000000, 1.000000, -0.000001, -0.000000, -0.000000, 1.000000),

              ["RightLowerLeg"] = CFrame.new(-0.000000, 0.111327, -0.051257, 1.000000, 0.000000, 0.000000, -0.000000, 0.471648, 0.881793, 0.000000, -0.881787, 0.471636),

              ["RightUpperArm"] = CFrame.new(0.393879, 0.047721, -0.124223, 0.166002, 0.128305, 0.977743, -0.075582, -0.986927, 0.142342, 0.983225, -0.097530, -0.154134),

              ["RightUpperLeg"] = CFrame.new(0.000000, 0.000000, -0.000000, 0.954994, -0.296395, 0.011664, 0.212909, 0.657541, -0.722695, 0.206534, 0.692669, 0.691069),

              ["UpperTorso"] = CFrame.new(0.000000, -0.204461, -0.298038, 1.000000, -0.000000, 0.000000, 0.000000, 0.974580, 0.224039, -0.000000, -0.224039, 0.974580)

          }},

          {Time = 0.167, Data = {

              ["Head"] = CFrame.new(-0.000000, 0.000000, 0.000000, 1.000000, -0.000000, -0.000000, -0.000000, 0.683739, -0.729726, 0.000000, 0.729726, 0.683739),

              ["LeftFoot"] = CFrame.new(-0.000000, 0.027389, -0.000003, 0.954624, -0.227821, -0.191828, 0.105705, 0.861342, -0.496929, 0.278424, 0.454079, 0.846324),

              ["LeftHand"] = CFrame.new(0.000485, 0.022711, -0.000000, 0.999941, -0.009634, 0.005074, 0.009850, 0.998965, -0.044411, -0.004641, 0.044459, 0.999000),

              ["LeftLowerArm"] = CFrame.new(-0.000500, 0.110508, 0.058801, 1.000000, -0.000000, -0.000000, 0.000000, 0.393499, -0.919325, 0.000000, 0.919325, 0.393500),

              ["LeftLowerLeg"] = CFrame.new(0.000000, 0.112276, -0.052289, 1.000000, -0.000000, -0.000000, 0.000000, 0.459885, 0.887985, -0.000000, -0.887979, 0.459872),

              ["LeftUpperArm"] = CFrame.new(-0.481251, -0.464625, 0.726245, -0.090936, 0.156157, -0.983537, -0.455455, 0.871764, 0.180522, 0.885602, 0.464373, -0.008153),

              ["LeftUpperLeg"] = CFrame.new(0.000000, 0.000000, -0.000100, 0.954621, 0.295855, 0.034184, -0.288521, 0.947153, -0.140177, -0.073850, 0.123979, 0.989536),

              ["LowerTorso"] = CFrame.new(-0.000000, -0.435849, -0.400390, 1.000000, 0.000000, -0.000000, -0.000000, 0.900773, -0.434290, 0.000000, 0.434290, 0.900773),

              ["RightFoot"] = CFrame.new(0.000000, 0.027288, -0.000103, 0.941254, 0.258332, 0.217519, -0.116673, 0.853186, -0.508412, -0.316904, 0.453142, 0.833189),

              ["RightHand"] = CFrame.new(-0.000532, -0.049017, -0.000000, 0.971249, -0.205147, 0.120796, 0.231037, 0.934622, -0.270380, -0.057430, 0.290512, 0.955146),

              ["RightLowerArm"] = CFrame.new(-0.000001, -0.048958, 0.000267, 1.000000, 0.000000, 0.000000, -0.000000, 1.000000, -0.000001, -0.000000, -0.000000, 1.000000),

              ["RightLowerLeg"] = CFrame.new(-0.000000, 0.110986, -0.050750, 1.000000, 0.000000, 0.000000, -0.000000, 0.476917, 0.878955, 0.000000, -0.878948, 0.476905),

              ["RightUpperArm"] = CFrame.new(0.406580, 0.167240, -0.054676, 0.157367, 0.126311, 0.979429, -0.335553, -0.925938, 0.173326, 0.928784, -0.355926, -0.103328),

              ["RightUpperLeg"] = CFrame.new(0.000000, 0.000000, 0.000000, 0.941251, -0.334195, -0.048594, 0.327161, 0.938043, -0.114174, 0.083741, 0.091595, 0.992272),

              ["UpperTorso"] = CFrame.new(0.000000, -0.332467, -0.162168, 1.000000, -0.000000, 0.000000, 0.000000, 0.647858, 0.761761, -0.000000, -0.761761, 0.647858)

          }},

          {Time = 0.200, Data = {

              ["Head"] = CFrame.new(0.000000, 0.000000, 0.000000, 1.000000, -0.000000, -0.000000, -0.000000, 0.682750, -0.730652, 0.000000, 0.730652, 0.682750),

              ["LeftFoot"] = CFrame.new(0.000000, 0.024844, -0.000003, 0.950616, -0.237427, -0.199916, 0.098728, 0.841947, -0.530473, 0.294249, 0.484513, 0.823791),

              ["LeftHand"] = CFrame.new(0.000485, 0.022960, -0.000000, 0.995039, 0.085655, -0.050611, -0.085695, 0.996320, 0.001393, 0.050543, 0.002952, 0.998718),

              ["LeftLowerArm"] = CFrame.new(-0.000500, 0.111846, 0.061662, 1.000000, -0.000000, -0.000000, 0.000000, 0.363862, -0.931453, 0.000000, 0.931453, 0.363862),

              ["LeftLowerLeg"] = CFrame.new(-0.000000, 0.104144, -0.041997, 1.000000, -0.000000, -0.000000, 0.000000, 0.566924, 0.823777, -0.000000, -0.823770, 0.566914),

              ["LeftUpperArm"] = CFrame.new(-0.513892, -0.465551, 0.730134, -0.141884, 0.156872, -0.977374, -0.456854, 0.865540, 0.205244, 0.878153, 0.475638, -0.051139),

              ["LeftUpperLeg"] = CFrame.new(0.000000, -0.000000, -0.000100, 0.950613, 0.298374, 0.085494, -0.309329, 0.888120, 0.339961, 0.025506, -0.349594, 0.936545),

              ["LowerTorso"] = CFrame.new(-0.000000, -0.377821, -0.537265, 1.000000, 0.000000, -0.000000, -0.000000, 0.709435, -0.704771, 0.000000, 0.704771, 0.709435),

              ["RightFoot"] = CFrame.new(-0.000000, 0.024567, -0.000103, 0.936058, 0.269154, 0.226630, -0.110300, 0.836095, -0.537404, -0.334109, 0.478018, 0.812303),

              ["RightHand"] = CFrame.new(-0.000516, -0.025137, 0.000000, 0.988630, -0.129423, 0.076554, 0.144813, 0.956587, -0.252926, -0.040496, 0.261135, 0.964452),

              ["RightLowerArm"] = CFrame.new(-0.000000, -0.025106, 0.000136, 1.000000, 0.000000, 0.000000, -0.000000, 1.000000, -0.000001, -0.000000, -0.000000, 1.000000),

              ["RightLowerLeg"] = CFrame.new(0.000000, 0.102099, -0.040031, 1.000000, 0.000000, 0.000000, -0.000000, 0.588337, 0.808623, 0.000000, -0.808616, 0.588328),

              ["RightUpperArm"] = CFrame.new(0.414016, 0.260419, 0.005105, 0.146541, 0.126465, 0.981087, -0.532022, -0.826060, 0.185947, 0.833953, -0.549209, -0.053769),

              ["RightUpperLeg"] = CFrame.new(0.000000, -0.000000, 0.000000, 0.936055, -0.335070, -0.107385, 0.350664, 0.863308, 0.362972, -0.028914, -0.377396, 0.925592),

              ["UpperTorso"] = CFrame.new(0.000000, -0.333680, -0.037276, 1.000000, -0.000000, -0.000000, 0.000000, 0.265255, 0.964178, -0.000000, -0.964178, 0.265255)

          }},

          {Time = 0.233, Data = {

              ["Head"] = CFrame.new(-0.000000, 0.000000, 0.000000, 1.000000, -0.000000, -0.000000, -0.000000, 0.752499, -0.658594, 0.000000, 0.658594, 0.752499),

              ["LeftFoot"] = CFrame.new(0.000000, 0.023396, -0.000003, 0.949671, -0.239629, -0.201770, 0.099465, 0.841427, -0.531160, 0.297038, 0.484333, 0.822896),

              ["LeftHand"] = CFrame.new(0.000485, 0.023161, -0.000000, 0.984766, 0.149887, -0.088142, -0.148315, 0.988645, 0.024169, 0.090763, -0.010727, 0.995815),

              ["LeftLowerArm"] = CFrame.new(-0.000500, 0.112639, 0.063397, 1.000000, -0.000000, -0.000000, 0.000000, 0.345840, -0.938294, 0.000000, 0.938293, 0.345840),

              ["LeftLowerLeg"] = CFrame.new(-0.000000, 0.099199, -0.036908, 1.000000, -0.000000, -0.000000, 0.000000, 0.619762, 0.784796, -0.000000, -0.784790, 0.619754),

              ["LeftUpperArm"] = CFrame.new(-0.521256, -0.466692, 0.717347, -0.167986, 0.171775, -0.970708, -0.457530, 0.858633, 0.231120, 0.873182, 0.482953, -0.065646),

              ["LeftUpperLeg"] = CFrame.new(0.000000, -0.000000, -0.000100, 0.949668, 0.294767, 0.106040, -0.305910, 0.799771, 0.516530, 0.067447, -0.522952, 0.849678),

              ["LowerTorso"] = CFrame.new(-0.000000, -0.350283, -0.584831, 1.000000, 0.000000, -0.000000, -0.000000, 0.608332, -0.793683, 0.000000, 0.793683, 0.608332),

              ["RightFoot"] = CFrame.new(0.000000, 0.022778, -0.000103, 0.934835, 0.271632, 0.228716, -0.111660, 0.836289, -0.536821, -0.337070, 0.476274, 0.812104),

              ["RightHand"] = CFrame.new(-0.000499, 0.002220, -0.000000, 0.996190, -0.074899, 0.044682, 0.081942, 0.979230, -0.185457, -0.029863, 0.188410, 0.981636),

              ["RightLowerArm"] = CFrame.new(-0.000000, 0.011159, 0.000386, 1.000000, 0.000000, 0.000000, -0.000000, 0.995951, -0.089894, -0.000000, 0.089893, 0.995951),

              ["RightLowerLeg"] = CFrame.new(-0.000000, 0.096607, -0.034915, 1.000000, 0.000000, 0.000000, -0.000000, 0.641543, 0.767092, 0.000000, -0.767087, 0.641537),

              ["RightUpperArm"] = CFrame.new(0.416263, 0.321289, 0.035651, 0.134953, 0.084305, 0.987259, -0.653752, -0.741151, 0.152653, 0.744577, -0.666024, -0.044906),

              ["RightUpperLeg"] = CFrame.new(0.000000, -0.000000, 0.000000, 0.934831, -0.330208, -0.130600, 0.346765, 0.769741, 0.535976, -0.076455, -0.546316, 0.834070),

              ["UpperTorso"] = CFrame.new(0.000000, -0.269028, 0.013475, 1.000000, -0.000000, -0.000000, 0.000000, 0.058448, 0.998290, -0.000000, -0.998290, 0.058448)

          }},

          {Time = 0.267, Data = {

              ["Head"] = CFrame.new(0.000000, 0.000000, 0.000000, 1.000000, -0.000000, -0.000000, -0.000000, 0.855124, -0.518423, 0.000000, 0.518423, 0.855124),

              ["LeftFoot"] = CFrame.new(0.000000, 0.024249, -0.000003, 0.948929, -0.241344, -0.203214, 0.096881, 0.835876, -0.540325, 0.300248, 0.493016, 0.816550),

              ["LeftHand"] = CFrame.new(0.000485, 0.023346, 0.000000, 0.976231, 0.186892, -0.109754, -0.184958, 0.982358, 0.027634, 0.112981, -0.006676, 0.993575),

              ["LeftLowerArm"] = CFrame.new(-0.000500, 0.113340, 0.065008, 1.000000, -0.000000, -0.000000, 0.000000, 0.329100, -0.944295, 0.000000, 0.944295, 0.329100),

              ["LeftLowerLeg"] = CFrame.new(0.000000, 0.101831, -0.039422, 1.000000, -0.000000, -0.000000, 0.000000, 0.593610, 0.804759, -0.000000, -0.804753, 0.593602),

              ["LeftUpperArm"] = CFrame.new(-0.508298, -0.469271, 0.691920, -0.173450, 0.201452, -0.964019, -0.460207, 0.848831, 0.260184, 0.870703, 0.488778, -0.054520),

              ["LeftUpperLeg"] = CFrame.new(-0.000000, -0.000000, -0.000100, 0.948926, 0.299144, 0.100271, -0.309699, 0.822534, 0.477014, 0.060218, -0.483684, 0.873157),

              ["LowerTorso"] = CFrame.new(-0.000000, -0.366290, -0.577196, 1.000000, 0.000000, -0.000000, -0.000000, 0.627952, -0.778252, 0.000000, 0.778252, 0.627952),

              ["RightFoot"] = CFrame.new(0.000000, 0.023746, -0.000103, 0.933873, 0.273561, 0.230340, -0.108603, 0.830621, -0.546168, -0.340715, 0.485009, 0.805385),

              ["RightHand"] = CFrame.new(-0.000494, 0.008254, -0.000000, 0.998886, -0.040370, 0.024448, 0.040089, 0.999126, 0.011873, -0.024906, -0.010879, 0.999631),

              ["RightLowerArm"] = CFrame.new(-0.000000, 0.050104, 0.009301, 1.000000, 0.000000, 0.000000, -0.000000, 0.905317, -0.424738, -0.000000, 0.424738, 0.905317),

              ["RightLowerLeg"] = CFrame.new(-0.000000, 0.099430, -0.037395, 1.000000, 0.000000, 0.000000, -0.000000, 0.615734, 0.787960, 0.000000, -0.787954, 0.615726),

              ["RightUpperArm"] = CFrame.new(0.413753, 0.357354, 0.030738, 0.124263, -0.086305, 0.988489, -0.717889, -0.695532, 0.029519, 0.684978, -0.713293, -0.148386),

              ["RightUpperLeg"] = CFrame.new(0.000000, -0.000000, 0.000000, 0.933869, -0.335350, -0.124223, 0.351041, 0.793328, 0.497413, -0.068257, -0.508106, 0.858574),

              ["UpperTorso"] = CFrame.new(0.000000, -0.178928, 0.016672, 1.000000, -0.000000, -0.000000, 0.000000, 0.032265, 0.999479, -0.000000, -0.999479, 0.032265)

          }},

          {Time = 0.300, Data = {

              ["Head"] = CFrame.new(-0.000000, 0.000000, 0.000000, 1.000000, -0.000000, -0.000000, -0.000000, 0.946409, -0.322971, 0.000000, 0.322971, 0.946409),

              ["LeftFoot"] = CFrame.new(0.000000, 0.026498, -0.000003, 0.948653, -0.241977, -0.203747, 0.093303, 0.829483, -0.550707, 0.302245, 0.503394, 0.809450),

              ["LeftHand"] = CFrame.new(0.000484, 0.023529, 0.000000, 0.972353, 0.201387, -0.118206, -0.201074, 0.979466, 0.014696, 0.118737, 0.009479, 0.992880),

              ["LeftLowerArm"] = CFrame.new(-0.000500, 0.114000, 0.066599, 1.000000, -0.000000, -0.000000, 0.000000, 0.312571, -0.949894, 0.000000, 0.949894, 0.312571),

              ["LeftLowerLeg"] = CFrame.new(-0.000000, 0.108939, -0.047458, 1.000000, -0.000000, -0.000000, 0.000000, 0.510036, 0.860160, -0.000000, -0.860153, 0.510024),

              ["LeftUpperArm"] = CFrame.new(-0.480156, -0.473645, 0.657392, -0.162854, 0.241862, -0.956546, -0.465887, 0.835750, 0.290638, 0.869728, 0.492975, -0.023425),

              ["LeftUpperLeg"] = CFrame.new(-0.000000, -0.000000, -0.000100, 0.948650, 0.307574, 0.073906, -0.315995, 0.910739, 0.265920, 0.014480, -0.275595, 0.961158),

              ["LowerTorso"] = CFrame.new(-0.000000, -0.413253, -0.525560, 1.000000, 0.000000, -0.000000, -0.000000, 0.734665, -0.678430, 0.000000, 0.678430, 0.734665),

              ["RightFoot"] = CFrame.new(-0.000000, 0.026107, -0.000103, 0.933516, 0.274272, 0.230940, -0.103739, 0.823157, -0.558280, -0.343200, 0.497180, 0.796863),

              ["RightHand"] = CFrame.new(-0.000491, 0.012950, 0.000000, 0.999485, -0.027334, 0.016794, 0.024396, 0.987548, 0.155418, -0.020833, -0.154926, 0.987706),

              ["RightLowerArm"] = CFrame.new(0.000000, 0.074462, 0.021807, 1.000000, 0.000000, 0.000000, -0.000000, 0.777273, -0.629164, -0.000000, 0.629164, 0.777273),

              ["RightLowerLeg"] = CFrame.new(-0.000000, 0.107036, -0.045524, 1.000000, 0.000000, 0.000000, -0.000000, 0.531233, 0.847233, 0.000000, -0.847226, 0.531222),

              ["RightUpperArm"] = CFrame.new(0.406304, 0.372782, -0.010096, 0.117358, -0.200286, 0.972683, -0.734895, -0.676292, -0.050589, 0.667950, -0.708883, -0.226558),

              ["RightUpperLeg"] = CFrame.new(0.000000, -0.000000, -0.000000, 0.933512, -0.345888, -0.094436, 0.358170, 0.887556, 0.289777, -0.016413, -0.304310, 0.952424),

              ["UpperTorso"] = CFrame.new(0.000000, -0.076506, 0.017351, 1.000000, -0.000000, -0.000000, 0.000000, 0.146690, 0.989183, -0.000000, -0.989183, 0.146690)

          }},

          {Time = 0.333, Data = {

              ["Head"] = CFrame.new(0.000000, 0.000000, 0.000000, 1.000000, -0.000000, -0.000000, 0.000000, 0.994088, -0.108576, 0.000000, 0.108576, 0.994088),

              ["LeftFoot"] = CFrame.new(0.000000, 0.028257, -0.000003, 0.950401, -0.237930, -0.200340, 0.096119, 0.837234, -0.538354, 0.295804, 0.492371, 0.818559),

              ["LeftHand"] = CFrame.new(0.000484, 0.023672, 0.000000, 0.973265, 0.198092, -0.116257, -0.200765, 0.979570, -0.011631, 0.111577, 0.034661, 0.993151),

              ["LeftLowerArm"] = CFrame.new(-0.000500, 0.114496, 0.067847, 1.000000, -0.000000, -0.000000, 0.000000, 0.299590, -0.954068, 0.000000, 0.954068, 0.299590),

              ["LeftLowerLeg"] = CFrame.new(-0.000000, 0.115224, -0.057074, 1.000000, -0.000000, -0.000000, 0.000000, 0.410130, 0.912034, -0.000000, -0.912027, 0.410116),

              ["LeftUpperArm"] = CFrame.new(-0.441898, -0.479620, 0.617148, -0.140635, 0.286964, -0.947562, -0.474465, 0.820480, 0.318897, 0.868967, 0.494434, 0.020766),

              ["LeftUpperLeg"] = CFrame.new(-0.000000, -0.000000, -0.000100, 0.950398, 0.309211, 0.033660, -0.305824, 0.948709, -0.080118, -0.056708, 0.065876, 0.996217),

              ["LowerTorso"] = CFrame.new(-0.000000, -0.468466, -0.432985, 1.000000, 0.000000, -0.000000, -0.000000, 0.869559, -0.493829, 0.000000, 0.493829, 0.869559),

              ["RightFoot"] = CFrame.new(0.000000, 0.028132, -0.000103, 0.935780, 0.269720, 0.227107, -0.105794, 0.829197, -0.548875, -0.336340, 0.489575, 0.804462),

              ["RightHand"] = CFrame.new(-0.000489, 0.017201, -0.000000, 0.998988, -0.038480, 0.023285, 0.031685, 0.969544, 0.242862, -0.031921, -0.241875, 0.969781),

              ["RightLowerArm"] = CFrame.new(0.000000, 0.088477, 0.031366, 1.000000, 0.000000, 0.000000, -0.000000, 0.678165, -0.734910, -0.000000, 0.734910, 0.678165),

              ["RightLowerLeg"] = CFrame.new(-0.000000, 0.113957, -0.055376, 1.000000, 0.000000, 0.000000, -0.000000, 0.428838, 0.903388, 0.000000, -0.903381, 0.428824),

              ["RightUpperArm"] = CFrame.new(0.393630, 0.367534, -0.082957, 0.117335, -0.265101, 0.957055, -0.706829, -0.699241, -0.107031, 0.697586, -0.663915, -0.269427),

              ["RightUpperLeg"] = CFrame.new(0.000000, -0.000000, -0.000000, 0.935776, -0.349221, -0.048668, 0.346685, 0.936449, -0.053571, 0.064285, 0.033284, 0.997377),

              ["UpperTorso"] = CFrame.new(0.000000, 0.021864, 0.052411, 1.000000, -0.000000, -0.000000, 0.000000, 0.353022, 0.935615, -0.000000, -0.935615, 0.353022)

          }},

          {Time = 0.367, Data = {

              ["Head"] = CFrame.new(-0.000000, 0.000000, -0.000000, 1.000000, -0.000000, -0.000000, 0.000000, 0.996766, 0.080355, 0.000000, -0.080355, 0.996766),

              ["LeftFoot"] = CFrame.new(-0.000000, 0.029198, -0.000002, 0.954931, -0.227066, -0.191194, 0.109709, 0.868465, -0.483480, 0.275811, 0.440692, 0.854220),

              ["LeftHand"] = CFrame.new(0.000484, 0.023735, 0.000000, 0.977492, 0.181943, -0.106797, -0.187768, 0.981078, -0.047209, 0.096186, 0.066199, 0.993159),

              ["LeftLowerArm"] = CFrame.new(-0.000500, 0.114705, 0.068390, 1.000000, -0.000000, -0.000000, 0.000000, 0.293945, -0.955822, 0.000000, 0.955822, 0.293945),

              ["LeftLowerLeg"] = CFrame.new(0.000000, 0.118322, -0.063127, 1.000000, -0.000000, -0.000000, 0.000000, 0.347200, 0.937797, -0.000000, -0.937791, 0.347186),

              ["LeftUpperArm"] = CFrame.new(-0.398634, -0.486589, 0.574707, -0.111311, 0.330445, -0.937239, -0.485009, 0.805093, 0.341456, 0.867396, 0.492577, 0.070653),

              ["LeftUpperLeg"] = CFrame.new(0.000000, 0.000000, -0.000100, 0.954928, 0.296751, -0.007118, -0.266382, 0.846118, -0.461632, -0.130968, 0.442745, 0.887043),

              ["LowerTorso"] = CFrame.new(-0.000000, -0.507998, -0.309110, 1.000000, 0.000000, -0.000000, -0.000000, 0.970649, -0.240501, 0.000000, 0.240501, 0.970649),

              ["RightFoot"] = CFrame.new(-0.000000, 0.029197, -0.000102, 0.941652, 0.257481, 0.216803, -0.120102, 0.858713, -0.498204, -0.314432, 0.443075, 0.839517),

              ["RightHand"] = CFrame.new(-0.000488, 0.017980, -0.000000, 0.996665, -0.070107, 0.041760, 0.056651, 0.962785, 0.264266, -0.058733, -0.261016, 0.963545),

              ["RightLowerArm"] = CFrame.new(0.000000, 0.091323, 0.033812, 1.000000, 0.000000, 0.000000, -0.000000, 0.652804, -0.757527, -0.000000, 0.757527, 0.652804),

              ["RightLowerLeg"] = CFrame.new(-0.000000, 0.117486, -0.061890, 1.000000, 0.000000, 0.000000, -0.000000, 0.361107, 0.932530, 0.000000, -0.932524, 0.361093),

              ["RightUpperArm"] = CFrame.new(0.376874, 0.341172, -0.176203, 0.124430, -0.278770, 0.952263, -0.634947, -0.759860, -0.139478, 0.762469, -0.587281, -0.271554),

              ["RightUpperLeg"] = CFrame.new(0.000000, -0.000000, -0.000000, 0.941649, -0.336593, -0.001551, 0.302063, 0.847052, -0.437312, 0.148511, 0.411349, 0.899309),

              ["UpperTorso"] = CFrame.new(0.000000, 0.088065, 0.133361, 1.000000, -0.000000, 0.000000, 0.000000, 0.589611, 0.807688, -0.000000, -0.807688, 0.589611)

          }},

          {Time = 0.400, Data = {

              ["Head"] = CFrame.new(-0.000000, 0.000000, 0.000000, 1.000000, -0.000000, -0.000000, 0.000000, 0.973821, 0.227315, 0.000000, -0.227315, 0.973821),

              ["LeftFoot"] = CFrame.new(-0.000000, 0.029097, -0.000002, 0.961009, -0.211528, -0.178111, 0.128978, 0.912618, -0.387953, 0.244595, 0.349835, 0.904306),

              ["LeftHand"] = CFrame.new(0.000484, 0.023700, -0.000000, 0.982969, 0.158470, -0.093060, -0.166534, 0.982241, -0.086422, 0.077711, 0.100447, 0.991903),

              ["LeftLowerArm"] = CFrame.new(-0.000500, 0.114588, 0.068084, 1.000000, -0.000000, -0.000000, 0.000000, 0.297129, -0.954837, 0.000000, 0.954837, 0.297129),

              ["LeftLowerLeg"] = CFrame.new(0.000000, 0.118010, -0.062465, 1.000000, -0.000000, -0.000000, 0.000000, 0.354087, 0.935218, -0.000000, -0.935213, 0.354073),

              ["LeftUpperArm"] = CFrame.new(-0.355632, -0.493647, 0.533924, -0.079721, 0.367114, -0.926753, -0.495990, 0.791844, 0.356339, 0.864661, 0.488068, 0.118958),

              ["LeftUpperLeg"] = CFrame.new(0.000000, -0.000000, -0.000100, 0.961007, 0.274424, -0.034010, -0.204835, 0.623818, -0.754236, -0.185765, 0.731808, 0.655723),

              ["LowerTorso"] = CFrame.new(-0.000000, -0.517266, -0.175063, 1.000000, 0.000000, -0.000000, -0.000000, 0.999324, 0.036776, 0.000000, -0.036776, 0.999324),

              ["RightFoot"] = CFrame.new(0.000000, 0.029180, -0.000102, 0.949538, 0.239934, 0.202029, -0.141444, 0.902430, -0.406976, -0.279949, 0.357844, 0.890817),

              ["RightHand"] = CFrame.new(-0.000489, 0.016286, -0.000000, 0.992335, -0.106345, 0.062945, 0.089666, 0.970126, 0.225427, -0.085037, -0.218052, 0.972225),

              ["RightLowerArm"] = CFrame.new(0.000000, 0.085149, 0.028734, 1.000000, 0.000000, 0.000000, -0.000000, 0.705449, -0.708760, -0.000000, 0.708760, 0.705450),

              ["RightLowerLeg"] = CFrame.new(0.000000, 0.117435, -0.061785, 1.000000, 0.000000, 0.000000, -0.000000, 0.362196, 0.932107, 0.000000, -0.932102, 0.362182),

              ["RightUpperArm"] = CFrame.new(0.359780, 0.302018, -0.268725, 0.133678, -0.245387, 0.960164, -0.538028, -0.831616, -0.137628, 0.832260, -0.498197, -0.243194),

              ["RightUpperLeg"] = CFrame.new(0.000000, 0.000000, -0.000000, 0.949536, -0.312177, 0.030439, 0.232342, 0.634835, -0.736872, 0.210712, 0.706775, 0.675347),

              ["UpperTorso"] = CFrame.new(0.000000, 0.099499, 0.240250, 1.000000, -0.000000, 0.000000, 0.000000, 0.792061, 0.610443, -0.000000, -0.610443, 0.792061)

          }},

          {Time = 0.433, Data = {

              ["Head"] = CFrame.new(0.000000, 0.000000, 0.000000, 1.000000, 0.000000, -0.000000, 0.000000, 0.943929, 0.330149, 0.000000, -0.330149, 0.943929),

              ["LeftFoot"] = CFrame.new(-0.000000, 0.028088, -0.000002, 0.966555, -0.196183, -0.165191, 0.145132, 0.949441, -0.278399, 0.211443, 0.245099, 0.946153),

              ["LeftHand"] = CFrame.new(0.000484, 0.023590, 0.000000, 0.987877, 0.133838, -0.078652, -0.142825, 0.982116, -0.122677, 0.060826, 0.132423, 0.989325),

              ["LeftLowerArm"] = CFrame.new(-0.000499, 0.114213, 0.067130, 1.000000, -0.000000, -0.000000, 0.000000, 0.307050, -0.951693, 0.000000, 0.951693, 0.307050),

              ["LeftLowerLeg"] = CFrame.new(0.000000, 0.114682, -0.056152, 1.000000, -0.000000, -0.000000, 0.000000, 0.419722, 0.907659, -0.000000, -0.907653, 0.419710),

              ["LeftUpperArm"] = CFrame.new(-0.318300, -0.499763, 0.499069, -0.050982, 0.393846, -0.917762, -0.505634, 0.782294, 0.363800, 0.861240, 0.482599, 0.159259),

              ["LeftUpperLeg"] = CFrame.new(0.000000, -0.000000, -0.000100, 0.966554, 0.252837, -0.042978, -0.142018, 0.388101, -0.910600, -0.213554, 0.886257, 0.411048),

              ["LowerTorso"] = CFrame.new(-0.000000, -0.498863, -0.057146, 1.000000, -0.000000, -0.000000, 0.000000, 0.959914, 0.280296, 0.000000, -0.280296, 0.959914),

              ["RightFoot"] = CFrame.new(-0.000000, 0.028237, -0.000102, 0.956739, 0.222565, 0.187405, -0.159870, 0.940280, -0.300541, -0.243088, 0.257563, 0.935176),

              ["RightHand"] = CFrame.new(-0.000492, 0.011816, 0.000000, 0.987972, -0.133149, 0.078629, 0.120541, 0.981654, 0.147734, -0.096857, -0.136477, 0.985897),

              ["RightLowerArm"] = CFrame.new(0.000000, 0.070770, 0.019743, 1.000000, 0.000000, 0.000000, 0.000000, 0.798617, -0.601839, -0.000000, 0.601840, 0.798617),

              ["RightLowerLeg"] = CFrame.new(0.000000, 0.114313, -0.055969, 1.000000, 0.000000, 0.000000, -0.000000, 0.422663, 0.906293, 0.000000, -0.906287, 0.422650),

              ["RightUpperArm"] = CFrame.new(0.345919, 0.262916, -0.343610, 0.140463, -0.179874, 0.973609, -0.443887, -0.890433, -0.100468, 0.885005, -0.418061, -0.204917),

              ["RightUpperLeg"] = CFrame.new(0.000000, 0.000000, -0.000000, 0.956737, -0.287884, 0.042139, 0.161116, 0.403590, -0.900634, 0.242272, 0.868469, 0.432531),

              ["UpperTorso"] = CFrame.new(0.000000, 0.061051, 0.337233, 1.000000, -0.000000, 0.000000, -0.000000, 0.920453, 0.390854, -0.000000, -0.390854, 0.920453)

          }},

          {Time = 0.467, Data = {

              ["Head"] = CFrame.new(0.000000, -0.000000, -0.000000, 1.000000, 0.000000, -0.000000, 0.000000, 0.920506, 0.390729, 0.000000, -0.390729, 0.920506),

              ["LeftFoot"] = CFrame.new(0.000000, 0.026735, -0.000002, 0.970243, -0.185223, -0.155962, 0.154414, 0.969428, -0.190709, 0.186506, 0.160939, 0.969178),

              ["LeftHand"] = CFrame.new(0.000485, 0.023466, -0.000000, 0.991138, 0.114499, -0.067343, -0.123472, 0.981069, -0.149192, 0.048985, 0.156185, 0.986512),

              ["LeftLowerArm"] = CFrame.new(-0.000500, 0.113777, 0.066053, 1.000000, -0.000000, -0.000000, 0.000000, 0.318248, -0.948008, 0.000000, 0.948008, 0.318248),

              ["LeftLowerLeg"] = CFrame.new(-0.000000, 0.109869, -0.048751, 1.000000, -0.000000, -0.000000, 0.000000, 0.496622, 0.867973, -0.000000, -0.867967, 0.496611),

              ["LeftUpperArm"] = CFrame.new(-0.292044, -0.503986, 0.474738, -0.030204, 0.409698, -0.911721, -0.512317, 0.776867, 0.366072, 0.858265, 0.478147, 0.186432),

              ["LeftUpperLeg"] = CFrame.new(0.000000, -0.000000, -0.000100, 0.970242, 0.238570, -0.041399, -0.096586, 0.224518, -0.969667, -0.222039, 0.944815, 0.240899),

              ["LowerTorso"] = CFrame.new(-0.000000, -0.470986, 0.023217, 1.000000, -0.000000, -0.000000, 0.000000, 0.895759, 0.444539, 0.000000, -0.444539, 0.895759),

              ["RightFoot"] = CFrame.new(-0.000000, 0.026942, -0.000102, 0.961529, 0.210138, 0.176942, -0.170706, 0.961695, -0.214494, -0.215224, 0.176025, 0.960564),

              ["RightHand"] = CFrame.new(-0.000494, 0.008782, -0.000000, 0.985345, -0.146902, 0.086693, 0.142466, 0.988251, 0.055346, -0.093804, -0.042183, 0.994697),

              ["RightLowerArm"] = CFrame.new(0.000000, 0.053724, 0.010832, 1.000000, 0.000000, 0.000000, -0.000000, 0.889727, -0.456492, -0.000000, 0.456492, 0.889727),

              ["RightLowerLeg"] = CFrame.new(0.000000, 0.109697, -0.048891, 1.000000, 0.000000, 0.000000, -0.000000, 0.496205, 0.868211, 0.000000, -0.868205, 0.496194),

              ["RightUpperArm"] = CFrame.new(0.337097, 0.234484, -0.392294, 0.143693, -0.098638, 0.984694, -0.375899, -0.925886, -0.037894, 0.915452, -0.364701, -0.170122),

              ["RightUpperLeg"] = CFrame.new(0.000000, 0.000000, -0.000000, 0.961528, -0.271568, 0.041408, 0.109579, 0.240918, -0.964335, 0.251907, 0.931777, 0.261427),

              ["UpperTorso"] = CFrame.new(0.000000, 0.006936, 0.398604, 1.000000, 0.000000, 0.000000, -0.000000, 0.976456, 0.215715, -0.000000, -0.215715, 0.976456)

          }},

          {Time = 0.500, Data = {

              ["Head"] = CFrame.new(0.000000, 0.000000, 0.000000, 1.000000, 0.000000, -0.000000, 0.000000, 0.911687, 0.410886, 0.000000, -0.410886, 0.911687),

              ["LeftFoot"] = CFrame.new(-0.000000, 0.025907, -0.000002, 0.971558, -0.181144, -0.152528, 0.157327, 0.975152, -0.155983, 0.176981, 0.127540, 0.975912),

              ["LeftHand"] = CFrame.new(0.000485, 0.023408, 0.000000, 0.992303, 0.106728, -0.062800, -0.115540, 0.980423, -0.159443, 0.044553, 0.165471, 0.985208),

              ["LeftLowerArm"] = CFrame.new(-0.000500, 0.113567, 0.065546, 1.000000, -0.000000, -0.000000, 0.000000, 0.323519, -0.946222, 0.000000, 0.946222, 0.323520),

              ["LeftLowerLeg"] = CFrame.new(-0.000000, 0.107246, -0.045436, 1.000000, -0.000000, -0.000000, 0.000000, 0.531107, 0.847311, -0.000000, -0.847305, 0.531097),

              ["LeftUpperArm"] = CFrame.new(-0.282141, -0.505538, 0.465615, -0.022244, 0.414962, -0.909566, -0.514772, 0.775166, 0.366235, 0.857038, 0.476366, 0.196369),

