return {
["fly down"] = {

          {Time = 0.000, Data = {

              ["Head"] = CFrame.new(-0.000000, -0.000004, 0.000000, 1.000000, -0.000000, -0.000000, 0.000000, 1.000000, 0.000000, 0.000000, -0.000000, 1.000000),

              ["LeftFoot"] = CFrame.new(-0.000000, -0.000199, -0.000003, 1.000000, -0.000000, -0.000000, 0.000000, 1.000000, 0.000003, 0.000000, 0.000007, 1.000000),

              ["LeftHand"] = CFrame.new(0.000508, -0.013883, 0.000000, 0.999540, 0.025781, -0.016001, -0.025783, 0.999668, 0.000046, 0.015997, 0.000367, 0.999872),

              ["LeftLowerArm"] = CFrame.new(-0.000506, -0.014065, 0.000076, 1.000000, -0.000000, -0.000000, 0.000000, 1.000000, -0.000001, 0.000000, -0.000000, 1.000000),

              ["LeftLowerLeg"] = CFrame.new(-0.000000, 0.000205, 0.000105, 1.000000, -0.000000, -0.000000, -0.000000, 1.000000, -0.000005, 0.000000, -0.000013, 1.000000),

              ["LeftUpperArm"] = CFrame.new(-0.166450, -0.521259, -0.008001, -0.000921, 1.000000, -0.000060, -0.999872, -0.000922, -0.016001, -0.016002, 0.000045, 0.999872),

              ["LeftUpperLeg"] = CFrame.new(-0.000000, -0.000002, -0.000100, 1.000000, -0.000000, -0.000000, 0.000000, 1.000000, 0.000002, 0.000000, 0.000005, 1.000000),

              ["LowerTorso"] = CFrame.new(0.055276, 36.994846, 0.000000, -0.999952, 0.009842, 0.000000, -0.009842, -0.999952, -0.000000, 0.000000, -0.000000, 1.000000),

              ["RightFoot"] = CFrame.new(0.000000, 0.000002, -0.000103, 1.000000, -0.000000, -0.000000, 0.000000, 1.000000, 0.000004, 0.000000, 0.000006, 1.000000),

              ["RightHand"] = CFrame.new(-0.000528, -0.042959, -0.000000, 0.999963, 0.007844, -0.003647, -0.007843, 0.999969, 0.000151, 0.003647, -0.000122, 0.999993),

              ["RightLowerArm"] = CFrame.new(-0.000001, -0.042908, 0.000233, 1.000000, 0.000000, 0.000000, -0.000000, 1.000000, -0.000001, -0.000000, -0.000000, 1.000000),

              ["RightLowerLeg"] = CFrame.new(0.000000, -0.000005, 0.000004, 1.000000, -0.000000, 0.000000, 0.000000, 1.000000, -0.000007, 0.000000, -0.000011, 1.000000),

              ["RightUpperArm"] = CFrame.new(0.173213, -0.514208, 0.001823, -0.000234, -1.000000, 0.000149, 0.999993, -0.000233, 0.003646, -0.003646, 0.000150, 0.999993),

              ["RightUpperLeg"] = CFrame.new(0.000000, -0.000001, -0.000000, 1.000000, -0.000000, 0.000000, 0.000000, 1.000000, 0.000003, -0.000000, 0.000004, 1.000000),

              ["UpperTorso"] = CFrame.new(-0.000000, 0.000001, 0.000000, 1.000000, -0.000000, 0.000000, 0.000000, 1.000000, -0.000000, -0.000000, -0.000000, 1.000000)

          }},

          {Time = 0.017, Data = {

              ["Head"] = CFrame.new(0.000000, 0.000002, -0.000000, 1.000000, -0.000001, -0.000017, 0.000001, 1.000000, -0.000511, 0.000017, 0.000511, 1.000000),

              ["LeftFoot"] = CFrame.new(0.000000, -0.000289, -0.000003, 0.999986, 0.004040, 0.003402, -0.004042, 0.999992, 0.000433, -0.003400, -0.000436, 0.999994),

              ["LeftHand"] = CFrame.new(0.000499, 0.001811, -0.000000, 0.999566, 0.025016, -0.015543, -0.024445, 0.999057, 0.035888, 0.016426, -0.035491, 0.999235),

              ["LeftLowerArm"] = CFrame.new(-0.000506, 0.008313, 0.000213, 1.000000, -0.000000, -0.000000, 0.000000, 0.997730, -0.067347, 0.000000, 0.067346, 0.997730),

              ["LeftLowerLeg"] = CFrame.new(0.000000, 0.000101, 0.000102, 1.000000, -0.000000, 0.000000, -0.000000, 1.000000, -0.000007, -0.000000, -0.000011, 1.000000),

              ["LeftUpperArm"] = CFrame.new(-0.166807, -0.521258, -0.007803, -0.001635, 0.999503, 0.031479, -0.999877, -0.001143, -0.015650, -0.015606, -0.031500, 0.999382),

              ["LeftUpperLeg"] = CFrame.new(0.000000, 0.000015, -0.000100, 0.999987, -0.004043, -0.003040, 0.004041, 0.999992, -0.000443, 0.003042, 0.000438, 0.999995),

              ["LowerTorso"] = CFrame.new(0.055051, 36.987545, 0.000368, -0.999607, 0.009838, -0.026251, -0.009842, -0.999952, -0.000000, -0.026250, 0.000258, 0.999655),

              ["RightFoot"] = CFrame.new(0.000000, -0.000052, -0.000103, 0.999984, -0.004341, -0.003655, 0.004339, 0.999990, -0.000464, 0.003657, 0.000459, 0.999993),

              ["RightHand"] = CFrame.new(-0.000519, -0.022940, -0.000000, 0.999950, 0.009052, -0.004352, -0.009065, 0.999955, -0.002750, 0.004326, 0.002790, 0.999987),

              ["RightLowerArm"] = CFrame.new(-0.000009, -0.022913, 0.000124, 1.000000, 0.000000, 0.000000, -0.000000, 1.000000, -0.000001, -0.000000, -0.000000, 1.000000),

              ["RightLowerLeg"] = CFrame.new(0.000000, -0.000052, 0.000002, 1.000000, -0.000000, 0.000000, 0.000000, 1.000000, -0.000007, -0.000000, -0.000011, 1.000000),

              ["RightUpperArm"] = CFrame.new(0.173793, -0.514205, 0.002204, -0.001394, -0.999995, -0.002747, 0.999989, -0.001406, 0.004405, -0.004408, -0.002740, 0.999987),

              ["RightUpperLeg"] = CFrame.new(0.000000, 0.000008, -0.000000, 0.999983, 0.004338, 0.004018, -0.004340, 0.999990, 0.000452, -0.004016, -0.000462, 0.999992),

              ["UpperTorso"] = CFrame.new(0.000000, 0.000006, 0.000000, 1.000000, -0.000000, 0.000000, 0.000000, 1.000000, 0.000000, -0.000000, -0.000000, 1.000000)

          }},

          {Time = 0.033, Data = {

              ["Head"] = CFrame.new(-0.000000, -0.000002, -0.000000, 1.000000, -0.000002, -0.000066, 0.000002, 0.999998, -0.002025, 0.000066, 0.002025, 0.999998),

              ["LeftFoot"] = CFrame.new(0.000000, -0.000638, -0.000003, 0.999816, 0.014687, 0.012367, -0.014703, 0.999891, 0.001170, -0.012348, -0.001341, 0.999923),

              ["LeftHand"] = CFrame.new(0.000498, 0.009411, -0.000000, 0.999653, 0.022378, -0.013937, -0.018087, 0.966774, 0.254996, 0.019181, -0.254653, 0.966842),

              ["LeftLowerArm"] = CFrame.new(-0.000499, 0.057216, 0.012490, 1.000000, -0.000000, -0.000000, 0.000000, 0.872830, -0.488024, 0.000000, 0.488024, 0.872831),

              ["LeftLowerLeg"] = CFrame.new(0.000000, -0.000230, 0.000099, 1.000000, -0.000000, 0.000000, 0.000000, 1.000000, -0.000008, 0.000000, -0.000011, 1.000000),

              ["LeftUpperArm"] = CFrame.new(-0.168056, -0.521276, -0.007078, -0.004133, 0.968424, 0.249277, -0.999891, -0.000473, -0.014739, -0.014156, -0.249310, 0.968320),

              ["LeftUpperLeg"] = CFrame.new(-0.000000, -0.000000, -0.000100, 0.999828, -0.014704, -0.011309, 0.014689, 0.999891, -0.001354, 0.011328, 0.001196, 0.999935),

              ["LowerTorso"] = CFrame.new(0.054406, 36.965801, 0.001377, -0.994891, 0.009792, -0.100479, -0.009841, -0.999952, -0.000000, -0.100474, 0.000989, 0.994939),

              ["RightFoot"] = CFrame.new(-0.000000, -0.000256, -0.000103, 0.999787, -0.015802, -0.013306, 0.015787, 0.999875, -0.001272, 0.013324, 0.001072, 0.999911),

              ["RightHand"] = CFrame.new(-0.000499, 0.006154, 0.000000, 0.999895, 0.012864, -0.006625, -0.011815, 0.990160, 0.139442, 0.008353, -0.139347, 0.990208),

              ["RightLowerArm"] = CFrame.new(-0.000003, 0.035661, 0.004475, 1.000000, 0.000000, 0.000000, -0.000000, 0.954398, -0.298538, -0.000000, 0.298538, 0.954398),

              ["RightLowerLeg"] = CFrame.new(0.000000, -0.000250, 0.000000, 1.000000, 0.000000, 0.000000, 0.000000, 1.000000, -0.000008, 0.000000, -0.000011, 1.000000),

              ["RightUpperArm"] = CFrame.new(0.175632, -0.514192, 0.003412, -0.005072, -0.986690, -0.162533, 0.999964, -0.006114, 0.005909, -0.006823, -0.162497, 0.986685),

              ["RightUpperLeg"] = CFrame.new(-0.000000, 0.000000, -0.000000, 0.999772, 0.015783, 0.014364, -0.015800, 0.999875, 0.001059, -0.014345, -0.001278, 0.999896),

              ["UpperTorso"] = CFrame.new(0.000000, 0.000002, -0.000000, 1.000000, 0.000000, 0.000000, -0.000000, 1.000000, 0.000000, -0.000000, 0.000000, 1.000000)

          }},

          {Time = 0.050, Data = {

              ["Head"] = CFrame.new(-0.000000, 0.000002, -0.000000, 1.000000, -0.000005, -0.000148, 0.000005, 0.999990, -0.004512, 0.000148, 0.004512, 0.999990),

              ["LeftFoot"] = CFrame.new(-0.000000, -0.001551, -0.000003, 0.999292, 0.028784, 0.024237, -0.028812, 0.999585, 0.000834, -0.024201, -0.001521, 0.999706),

              ["LeftHand"] = CFrame.new(0.000480, 0.018384, 0.000000, 0.999799, 0.016961, -0.010725, -0.010897, 0.907650, 0.419590, 0.016851, -0.419385, 0.907650),

              ["LeftLowerArm"] = CFrame.new(-0.000502, 0.092302, 0.034774, 1.000000, -0.000000, -0.000000, 0.000000, 0.642816, -0.766021, 0.000000, 0.766021, 0.642816),

              ["LeftLowerLeg"] = CFrame.new(-0.000000, -0.001147, 0.000086, 1.000000, 0.000000, -0.000000, 0.000000, 1.000000, -0.000008, -0.000000, -0.000011, 1.000000),

              ["LeftUpperArm"] = CFrame.new(-0.170657, -0.521266, -0.005568, -0.009336, 0.904891, 0.425542, -0.999894, -0.003709, -0.014050, -0.011136, -0.425628, 0.904830),

              ["LeftUpperLeg"] = CFrame.new(-0.000000, -0.000000, -0.000100, 0.999308, -0.028816, -0.023500, 0.028788, 0.999584, -0.001531, 0.023535, 0.000861, 0.999723),

              ["LowerTorso"] = CFrame.new(0.053388, 36.929840, 0.002883, -0.976421, 0.009610, -0.215660, -0.009841, -0.999952, -0.000000, -0.215649, 0.002122, 0.976469),

              ["RightFoot"] = CFrame.new(0.000000, -0.000898, -0.000103, 0.999181, -0.030960, -0.026069, 0.030947, 0.999521, -0.000912, 0.026083, 0.000115, 0.999660),

              ["RightHand"] = CFrame.new(-0.000494, 0.014996, -0.000000, 0.999744, 0.019906, -0.010802, -0.014915, 0.937585, 0.347440, 0.017043, -0.347187, 0.937640),

              ["RightLowerArm"] = CFrame.new(0.000007, 0.080724, 0.025596, 1.000000, 0.000000, 0.000000, -0.000000, 0.737970, -0.674834, -0.000000, 0.674834, 0.737970),

              ["RightLowerLeg"] = CFrame.new(0.000000, -0.000898, -0.000009, 1.000000, -0.000000, -0.000000, -0.000000, 1.000000, -0.000008, -0.000000, -0.000011, 1.000000),

              ["RightUpperArm"] = CFrame.new(0.179052, -0.514145, 0.005587, -0.011913, -0.926380, -0.376402, 0.999867, -0.015243, 0.005869, -0.011174, -0.376282, 0.926438),

              ["RightUpperLeg"] = CFrame.new(0.000000, 0.000001, -0.000000, 0.999162, 0.030941, 0.026786, -0.030955, 0.999521, 0.000105, -0.026770, -0.000926, 0.999641),

              ["UpperTorso"] = CFrame.new(-0.000000, 0.000002, 0.000000, 1.000000, 0.000000, 0.000000, 0.000000, 1.000000, -0.000000, -0.000000, -0.000000, 1.000000)

          }},

          {Time = 0.067, Data = {

              ["Head"] = CFrame.new(0.000000, -0.000004, 0.000000, 1.000000, -0.000010, -0.000261, 0.000008, 0.999968, -0.007946, 0.000261, 0.007946, 0.999968),

              ["LeftFoot"] = CFrame.new(0.000000, -0.002793, -0.000003, 0.998464, 0.042379, 0.035684, -0.042346, 0.999102, -0.001694, -0.035722, 0.000191, 0.999362),

              ["LeftHand"] = CFrame.new(0.000481, 0.022689, -0.000000, 0.999957, 0.007683, -0.005258, -0.003793, 0.852022, 0.523497, 0.008502, -0.523450, 0.852012),

              ["LeftLowerArm"] = CFrame.new(-0.000501, 0.110352, 0.058477, 1.000000, -0.000000, -0.000000, 0.000000, 0.396865, -0.917877, 0.000000, 0.917877, 0.396866),

              ["LeftLowerLeg"] = CFrame.new(0.000000, -0.002384, 0.000070, 1.000000, 0.000000, -0.000000, -0.000000, 1.000000, -0.000007, 0.000000, -0.000011, 1.000000),

              ["LeftUpperArm"] = CFrame.new(-0.175162, -0.521231, -0.002920, -0.018347, 0.818509, 0.574201, -0.999815, -0.011665, -0.015318, -0.005840, -0.574376, 0.818571),

              ["LeftUpperLeg"] = CFrame.new(0.000000, -0.000002, -0.000100, 0.998392, -0.042350, -0.037675, 0.042387, 0.999101, 0.000207, 0.037632, -0.001796, 0.999290),

              ["LowerTorso"] = CFrame.new(0.052043, 36.879898, 0.004743, -0.932080, 0.009173, -0.362136, -0.009841, -0.999952, -0.000000, -0.362119, 0.003564, 0.932125),

              ["RightFoot"] = CFrame.new(0.000000, -0.001957, -0.000103, 0.998238, -0.045394, -0.038223, 0.045498, 0.998963, 0.001847, 0.038098, -0.003572, 0.999268),

              ["RightHand"] = CFrame.new(-0.000490, 0.021291, -0.000000, 0.999368, 0.031038, -0.017347, -0.018107, 0.864109, 0.502982, 0.030600, -0.502346, 0.864123),

              ["RightLowerArm"] = CFrame.new(-0.000000, 0.104634, 0.048799, 1.000000, 0.000000, 0.000000, -0.000000, 0.497295, -0.867581, -0.000000, 0.867581, 0.497296),

              ["RightLowerLeg"] = CFrame.new(0.000000, -0.001950, -0.000022, 1.000000, -0.000000, 0.000000, -0.000000, 1.000000, -0.000008, -0.000000, -0.000011, 1.000000),

              ["RightUpperArm"] = CFrame.new(0.184494, -0.514006, 0.008937, -0.022797, -0.865864, -0.499761, 0.999580, -0.028678, 0.004090, -0.017873, -0.499458, 0.866154),

              ["RightUpperLeg"] = CFrame.new(0.000000, -0.000001, -0.000000, 0.998311, 0.045487, 0.036148, -0.045388, 0.998963, -0.003556, -0.036272, 0.001917, 0.999340),

              ["UpperTorso"] = CFrame.new(0.000000, 0.000000, -0.000000, 1.000000, -0.000000, 0.000000, -0.000000, 1.000000, -0.000000, -0.000000, -0.000000, 1.000000)

          }},

          {Time = 0.083, Data = {

              ["Head"] = CFrame.new(0.000000, -0.000003, 0.000000, 1.000000, -0.000016, -0.000404, 0.000011, 0.999924, -0.012299, 0.000404, 0.012299, 0.999924),

              ["LeftFoot"] = CFrame.new(-0.000000, -0.004139, -0.000003, 0.997736, 0.051450, 0.043322, -0.051222, 0.998667, -0.006352, -0.043589, 0.004129, 0.999041),

              ["LeftHand"] = CFrame.new(0.000487, 0.024170, -0.000000, 0.999983, -0.005264, 0.002335, 0.003114, 0.835311, 0.549773, -0.004844, -0.549753, 0.835311),

              ["LeftLowerArm"] = CFrame.new(-0.000504, 0.116460, 0.073748, 1.000000, -0.000000, -0.000000, 0.000000, 0.238324, -0.971186, 0.000000, 0.971186, 0.238324),

              ["LeftLowerLeg"] = CFrame.new(-0.000000, -0.003722, 0.000052, 1.000000, -0.000000, -0.000000, -0.000000, 1.000000, -0.000007, 0.000000, -0.000011, 1.000000),

              ["LeftUpperArm"] = CFrame.new(-0.181494, -0.521080, 0.000828, -0.031011, 0.732522, 0.680037, -0.999518, -0.023855, -0.019884, 0.001656, -0.680325, 0.732908),

              ["LeftUpperLeg"] = CFrame.new(0.000000, -0.000001, -0.000100, 0.997402, -0.051187, -0.050683, 0.051464, 0.998666, 0.004195, 0.050400, -0.006785, 0.998706),

              ["LowerTorso"] = CFrame.new(0.050416, 36.816204, 0.006814, -0.850783, 0.008373, -0.525451, -0.009841, -0.999952, -0.000000, -0.525426, 0.005171, 0.850824),

              ["RightFoot"] = CFrame.new(0.000000, -0.003209, -0.000103, 0.997442, -0.054681, -0.046042, 0.055057, 0.998459, 0.006942, 0.045590, -0.009448, 0.998915),

              ["RightHand"] = CFrame.new(-0.000485, 0.023167, -0.000000, 0.998586, 0.046242, -0.026241, -0.020440, 0.789500, 0.613414, 0.049082, -0.612006, 0.789325),

              ["RightLowerArm"] = CFrame.new(0.000002, 0.113146, 0.064316, 1.000000, 0.000000, 0.000000, -0.000000, 0.336293, -0.941757, -0.000000, 0.941757, 0.336294),

              ["RightLowerLeg"] = CFrame.new(-0.000000, -0.003188, -0.000039, 1.000000, 0.000000, -0.000000, 0.000000, 1.000000, -0.000008, -0.000000, -0.000011, 1.000000),

              ["RightUpperArm"] = CFrame.new(0.191970, -0.513674, 0.013427, -0.037748, -0.842344, -0.537618, 0.998927, -0.046265, 0.002352, -0.026853, -0.536951, 0.843185),

              ["RightUpperLeg"] = CFrame.new(-0.000000, 0.000000, -0.000000, 0.997744, 0.054995, 0.038498, -0.054672, 0.998460, -0.009381, -0.038954, 0.007263, 0.999215),

              ["UpperTorso"] = CFrame.new(-0.000000, 0.000002, -0.000000, 1.000000, -0.000000, 0.000000, -0.000000, 1.000000, 0.000000, -0.000000, -0.000000, 1.000000)

          }},

          {Time = 0.100, Data = {

              ["Head"] = CFrame.new(-0.000000, 0.000001, 0.000000, 1.000000, -0.000024, -0.000576, 0.000014, 0.999846, -0.017543, 0.000576, 0.017542, 0.999846),

              ["LeftFoot"] = CFrame.new(0.000000, -0.005304, -0.000003, 0.997606, 0.052901, 0.044544, -0.052432, 0.998557, -0.011637, -0.045093, 0.009284, 0.998940),

              ["LeftHand"] = CFrame.new(0.000485, 0.024229, -0.000000, 0.999759, -0.019283, 0.010540, 0.011283, 0.861992, 0.506801, -0.018858, -0.506555, 0.861999),

              ["LeftLowerArm"] = CFrame.new(-0.000498, 0.116753, 0.074831, 1.000000, -0.000000, -0.000000, 0.000000, 0.227094, -0.973873, 0.000000, 0.973873, 0.227094),

              ["LeftLowerLeg"] = CFrame.new(0.000000, -0.004894, 0.000036, 1.000000, 0.000000, 0.000000, -0.000000, 1.000000, -0.000008, 0.000000, -0.000011, 1.000000),

              ["LeftUpperArm"] = CFrame.new(-0.188387, -0.520798, 0.004937, -0.044796, 0.688224, 0.724115, -0.998947, -0.038024, -0.025658, 0.009874, -0.724502, 0.689202),

              ["LeftUpperLeg"] = CFrame.new(0.000000, -0.000001, -0.000100, 0.996927, -0.052288, -0.058339, 0.052924, 0.998554, 0.009410, 0.057763, -0.012461, 0.998253),

              ["LowerTorso"] = CFrame.new(0.048555, 36.738987, 0.008953, -0.727003, 0.007155, -0.686596, -0.009841, -0.999952, -0.000000, -0.686563, 0.006757, 0.727039),

              ["RightFoot"] = CFrame.new(-0.000000, -0.004381, -0.000103, 0.997342, -0.055734, -0.046929, 0.056388, 0.998328, 0.012733, 0.046139, -0.015334, 0.998817),

              ["RightHand"] = CFrame.new(-0.000485, 0.023290, -0.000000, 0.997400, 0.062553, -0.035771, -0.023501, 0.751650, 0.659147, 0.068118, -0.656590, 0.751163),

              ["RightLowerArm"] = CFrame.new(-0.000004, 0.113595, 0.065385, 1.000000, 0.000000, 0.000000, -0.000000, 0.325186, -0.945650, -0.000000, 0.945650, 0.325186),

              ["RightLowerLeg"] = CFrame.new(0.000000, -0.004367, -0.000054, 1.000000, 0.000000, 0.000000, 0.000000, 1.000000, -0.000008, -0.000000, -0.000011, 1.000000),

              ["RightUpperArm"] = CFrame.new(0.200028, -0.513150, 0.018183, -0.053864, -0.865991, -0.497151, 0.997886, -0.064815, 0.004785, -0.036366, -0.495842, 0.867651),

              ["RightUpperLeg"] = CFrame.new(-0.000000, 0.000000, -0.000000, 0.997878, 0.056199, 0.032890, -0.055723, 0.998330, -0.015206, -0.033689, 0.013349, 0.999343),

              ["UpperTorso"] = CFrame.new(0.000000, 0.000002, -0.000000, 1.000000, 0.000000, 0.000000, -0.000000, 1.000000, -0.000000, -0.000000, -0.000000, 1.000000)

          }},

          {Time = 0.117, Data = {

              ["Head"] = CFrame.new(-0.000000, 0.000002, -0.000000, 1.000000, -0.000035, -0.000776, 0.000017, 0.999720, -0.023650, 0.000777, 0.023650, 0.999720),

              ["LeftFoot"] = CFrame.new(-0.000000, -0.006198, -0.000003, 0.998215, 0.045684, 0.038467, -0.045131, 0.998866, -0.015122, -0.039113, 0.013369, 0.999145),

              ["LeftHand"] = CFrame.new(0.000489, 0.022896, 0.000000, 0.999353, -0.031364, 0.017582, 0.021051, 0.906779, 0.421084, -0.029150, -0.420438, 0.906851),

              ["LeftLowerArm"] = CFrame.new(-0.000493, 0.111590, 0.061118, 1.000000, -0.000000, -0.000000, 0.000000, 0.369504, -0.929229, 0.000000, 0.929229, 0.369504),

              ["LeftLowerLeg"] = CFrame.new(0.000000, -0.005774, 0.000025, 1.000000, -0.000000, 0.000000, -0.000000, 1.000000, -0.000008, -0.000000, -0.000011, 1.000000),

              ["LeftUpperArm"] = CFrame.new(-0.194378, -0.520441, 0.008519, -0.056777, 0.724547, 0.686883, -0.998241, -0.052940, -0.026671, 0.017039, -0.687190, 0.726278),

              ["LeftUpperLeg"] = CFrame.new(0.000000, 0.000000, -0.000100, 0.997379, -0.044877, -0.056764, 0.045714, 0.998863, 0.013539, 0.056092, -0.016091, 0.998296),

              ["LowerTorso"] = CFrame.new(0.046505, 36.648483, 0.011016, -0.564206, 0.005553, -0.825616, -0.009841, -0.999952, -0.000000, -0.825576, 0.008125, 0.564233),

              ["RightFoot"] = CFrame.new(-0.000000, -0.005365, -0.000103, 0.998039, -0.047882, -0.040318, 0.048582, 0.998682, 0.016554, 0.039471, -0.018469, 0.999050),

              ["RightHand"] = CFrame.new(-0.000484, 0.021659, -0.000000, 0.996291, 0.074638, -0.042830, -0.032237, 0.785177, 0.618435, 0.079787, -0.614757, 0.784668),

              ["RightLowerArm"] = CFrame.new(-0.000001, 0.106324, 0.051342, 1.000000, 0.000000, 0.000000, -0.000000, 0.470917, -0.882178, -0.000000, 0.882178, 0.470917),

              ["RightLowerLeg"] = CFrame.new(0.000000, -0.005354, -0.000068, 1.000000, -0.000000, -0.000000, -0.000000, 1.000000, -0.000008, 0.000000, -0.000011, 1.000000),

              ["RightUpperArm"] = CFrame.new(0.206039, -0.512652, 0.021652, -0.065885, -0.912877, -0.402884, 0.996887, -0.077742, 0.013127, -0.043304, -0.400765, 0.915157),

              ["RightUpperLeg"] = CFrame.new(0.000000, -0.000006, -0.000000, 0.998597, 0.048262, 0.021812, -0.047867, 0.998686, -0.018298, -0.022666, 0.017236, 0.999595),

              ["UpperTorso"] = CFrame.new(0.000000, -0.000001, -0.000000, 1.000000, -0.000000, 0.000000, 0.000000, 1.000000, -0.000000, -0.000000, 0.000000, 1.000000)

          }},

          {Time = 0.133, Data = {

              ["Head"] = CFrame.new(-0.000000, 0.000004, 0.000000, 1.000000, -0.000049, -0.001004, 0.000019, 0.999532, -0.030596, 0.001005, 0.030596, 0.999531),

              ["LeftFoot"] = CFrame.new(0.000000, -0.006968, -0.000003, 0.999151, 0.031507, 0.026530, -0.031129, 0.999409, -0.014549, -0.026971, 0.013720, 0.999542),

              ["LeftHand"] = CFrame.new(0.000482, 0.019020, 0.000000, 0.998892, -0.040978, 0.023149, 0.031775, 0.950007, 0.310612, -0.034719, -0.309529, 0.950255),

              ["LeftLowerArm"] = CFrame.new(-0.000496, 0.094497, 0.036809, 1.000000, -0.000000, -0.000000, 0.000000, 0.621672, -0.783277, 0.000000, 0.783278, 0.621672),

              ["LeftLowerLeg"] = CFrame.new(-0.000000, -0.006547, 0.000014, 1.000000, -0.000000, -0.000000, -0.000000, 1.000000, -0.000008, -0.000000, -0.000011, 1.000000),

              ["LeftUpperArm"] = CFrame.new(-0.199243, -0.520082, 0.011401, -0.066507, 0.831523, 0.551495, -0.997525, -0.068041, -0.017706, 0.022801, -0.551308, 0.833990),

              ["LeftUpperLeg"] = CFrame.new(0.000000, -0.000002, -0.000100, 0.998535, -0.030896, -0.044430, 0.031541, 0.999406, 0.013889, 0.043975, -0.015262, 0.998916),

              ["LowerTorso"] = CFrame.new(0.044312, 36.544922, 0.012860, -0.374683, 0.003688, -0.927146, -0.009841, -0.999952, -0.000000, -0.927101, 0.009124, 0.374701),

              ["RightFoot"] = CFrame.new(-0.000000, -0.006343, -0.000103, 0.999061, -0.033137, -0.027902, 0.033590, 0.999309, 0.015917, 0.027354, -0.016827, 0.999484),

              ["RightHand"] = CFrame.new(-0.000488, 0.015735, -0.000000, 0.995703, 0.080306, -0.046110, -0.048981, 0.879309, 0.473731, 0.078588, -0.469433, 0.879462),

              ["RightLowerArm"] = CFrame.new(-0.000001, 0.083294, 0.027384, 1.000000, 0.000000, 0.000000, -0.000000, 0.719440, -0.694554, -0.000000, 0.694555, 0.719440),

              ["RightLowerLeg"] = CFrame.new(-0.000000, -0.006327, -0.000081, 1.000000, 0.000000, 0.000000, -0.000000, 1.000000, -0.000008, -0.000000, -0.000011, 1.000000),

              ["RightUpperArm"] = CFrame.new(0.208936, -0.512381, 0.023203, -0.071681, -0.959446, -0.272627, 0.996347, -0.081594, 0.025183, -0.046406, -0.269826, 0.961790),

              ["RightUpperLeg"] = CFrame.new(-0.000000, -0.000001, -0.000000, 0.999397, 0.033280, 0.009891, -0.033113, 0.999313, -0.016658, -0.010438, 0.016328, 0.999812),

              ["UpperTorso"] = CFrame.new(0.000000, 0.000000, 0.000000, 1.000000, 0.000000, 0.000000, 0.000000, 1.000000, 0.000000, -0.000000, -0.000000, 1.000000)

          }},

          {Time = 0.150, Data = {

              ["Head"] = CFrame.new(0.000000, -0.000001, 0.000000, 0.999999, -0.000066, -0.001258, 0.000018, 0.999264, -0.038351, 0.001260, 0.038351, 0.999264),

              ["LeftFoot"] = CFrame.new(-0.000000, -0.007967, -0.000003, 0.999820, 0.014534, 0.012238, -0.014423, 0.999855, -0.009066, -0.012367, 0.008898, 0.999884),

              ["LeftHand"] = CFrame.new(0.000494, 0.009058, -0.000000, 0.998366, -0.049707, 0.028179, 0.044216, 0.984450, 0.170015, -0.036191, -0.168489, 0.985039),

              ["LeftLowerArm"] = CFrame.new(-0.000508, 0.054822, 0.011369, 1.000000, -0.000000, -0.000000, 0.000000, 0.884255, -0.467004, 0.000000, 0.467004, 0.884255),

              ["LeftLowerLeg"] = CFrame.new(0.000000, -0.007532, 0.000002, 1.000000, 0.000000, -0.000000, 0.000000, 1.000000, -0.000008, 0.000000, -0.000011, 1.000000),

              ["LeftUpperArm"] = CFrame.new(-0.203803, -0.519691, 0.014018, -0.075627, 0.947404, 0.310977, -0.996742, -0.080595, 0.003137, 0.028035, -0.309726, 0.950412),

              ["LeftUpperLeg"] = CFrame.new(0.000000, 0.000005, -0.000100, 0.999619, -0.014354, -0.023588, 0.014570, 0.999853, 0.009005, 0.023455, -0.009338, 0.999681),

              ["LowerTorso"] = CFrame.new(0.042022, 36.428535, 0.014343, -0.175378, 0.001726, -0.984500, -0.009841, -0.999952, -0.000000, -0.984452, 0.009689, 0.175387),

              ["RightFoot"] = CFrame.new(-0.000000, -0.007595, -0.000103, 0.999793, -0.015580, -0.013119, 0.015710, 0.999828, 0.009872, 0.012962, -0.010064, 0.999865),

              ["RightHand"] = CFrame.new(-0.000496, 0.005543, 0.000000, 0.995482, 0.082366, -0.047232, -0.071779, 0.978475, 0.193483, 0.062151, -0.189216, 0.979966),

              ["RightLowerArm"] = CFrame.new(-0.000002, 0.031556, 0.003447, 1.000000, 0.000000, 0.000000, -0.000000, 0.964821, -0.262909, -0.000000, 0.262909, 0.964821),

              ["RightLowerLeg"] = CFrame.new(0.000000, -0.007562, -0.000096, 1.000000, -0.000000, 0.000000, 0.000000, 1.000000, -0.000008, 0.000000, -0.000011, 1.000000),

              ["RightUpperArm"] = CFrame.new(0.210154, -0.512268, 0.023679, -0.074115, -0.994473, -0.074362, 0.996125, -0.077366, 0.041836, -0.047357, -0.070973, 0.996353),

              ["RightUpperLeg"] = CFrame.new(0.000000, 0.000002, -0.000000, 0.999877, 0.015564, 0.001741, -0.015546, 0.999830, -0.009957, -0.001896, 0.009936, 0.999949),

              ["UpperTorso"] = CFrame.new(0.000000, -0.000000, 0.000000, 1.000000, -0.000000, 0.000000, 0.000000, 1.000000, 0.000000, -0.000000, -0.000000, 1.000000)

          }},

          {Time = 0.167, Data = {

              ["Head"] = CFrame.new(-0.000000, 0.000000, 0.000000, 0.999999, -0.000088, -0.001538, 0.000016, 0.998900, -0.046890, 0.001541, 0.046890, 0.998899),

              ["LeftFoot"] = CFrame.new(-0.000000, -0.009395, -0.000003, 1.000000, -0.000146, -0.000123, 0.000146, 1.000000, -0.000066, 0.000123, 0.000076, 1.000000),

              ["LeftHand"] = CFrame.new(0.000511, -0.016056, 0.000000, 0.997656, -0.059487, 0.033822, 0.059519, 0.998227, 0.000073, -0.033765, 0.001941, 0.999428),

              ["LeftLowerArm"] = CFrame.new(-0.000490, -0.016238, 0.000088, 1.000000, -0.000000, -0.000000, 0.000000, 1.000000, -0.000001, 0.000000, -0.000000, 1.000000),

              ["LeftLowerLeg"] = CFrame.new(0.000000, -0.008965, -0.000018, 1.000000, -0.000000, 0.000000, -0.000000, 1.000000, -0.000007, 0.000000, -0.000011, 1.000000),

              ["LeftUpperArm"] = CFrame.new(-0.209043, -0.519172, 0.016910, -0.086108, 0.996282, 0.002845, -0.995712, -0.086155, 0.033701, 0.033821, 0.000070, 0.999428),

              ["LeftUpperLeg"] = CFrame.new(0.000000, -0.000002, -0.000100, 1.000000, 0.000104, 0.000123, -0.000104, 1.000000, 0.000073, -0.000123, -0.000066, 1.000000),

              ["LowerTorso"] = CFrame.new(0.039682, 36.299553, 0.015320, 0.017740, -0.000174, -0.999843, -0.009842, -0.999952, -0.000000, -0.999794, 0.009840, -0.017740),

              ["RightFoot"] = CFrame.new(-0.000000, -0.009288, -0.000103, 1.000000, -0.000148, -0.000124, 0.000148, 1.000000, -0.000067, 0.000124, 0.000077, 1.000000),

              ["RightHand"] = CFrame.new(-0.000534, -0.045902, 0.000000, 0.995222, 0.084711, -0.048558, -0.084801, 0.996398, 0.000200, 0.048399, 0.003919, 0.998820),

              ["RightLowerArm"] = CFrame.new(0.000003, -0.045845, 0.000249, 1.000000, 0.000000, 0.000000, -0.000000, 1.000000, -0.000001, -0.000000, -0.000000, 1.000000),

              ["RightLowerLeg"] = CFrame.new(-0.000000, -0.009262, -0.000120, 1.000000, -0.000000, 0.000000, -0.000000, 1.000000, -0.000007, -0.000000, -0.000011, 1.000000),

              ["RightUpperArm"] = CFrame.new(0.211663, -0.512133, 0.024280, -0.077134, -0.997014, -0.003576, 0.995838, -0.077216, 0.048428, -0.048559, 0.000175, 0.998820),

              ["RightUpperLeg"] = CFrame.new(-0.000000, -0.000001, -0.000000, 1.000000, 0.000105, 0.000125, -0.000105, 1.000000, 0.000074, -0.000125, -0.000067, 1.000000),

              ["UpperTorso"] = CFrame.new(-0.000000, 0.000001, -0.000000, 1.000000, 0.000000, 0.000000, -0.000000, 1.000000, -0.000000, -0.000000, 0.000000, 1.000000)

          }},

          {Time = 0.183, Data = {

              ["Head"] = CFrame.new(-0.000000, -0.000002, -0.000000, 0.999998, -0.000114, -0.001843, 0.000010, 0.998421, -0.056183, 0.001847, 0.056183, 0.998419),

              ["LeftFoot"] = CFrame.new(0.000000, -0.011194, -0.000003, 0.999931, -0.009013, -0.007589, 0.009083, 0.999916, 0.009221, 0.007505, -0.009278, 0.999929),

              ["LeftHand"] = CFrame.new(0.000544, -0.063191, -0.000000, 0.996580, -0.071750, 0.040993, 0.069330, 0.995925, 0.057679, -0.044963, -0.054639, 0.997493),

              ["LeftLowerArm"] = CFrame.new(-0.000499, -0.063315, 0.000344, 1.000000, -0.000000, -0.000000, 0.000000, 1.000000, -0.000001, 0.000000, -0.000000, 1.000000),

              ["LeftLowerLeg"] = CFrame.new(-0.000000, -0.010750, -0.000041, 1.000000, -0.000000, 0.000000, -0.000000, 1.000000, -0.000008, 0.000000, -0.000011, 1.000000),

              ["LeftUpperArm"] = CFrame.new(-0.215673, -0.518427, 0.020501, -0.099368, 0.993617, -0.053395, -0.994206, -0.096929, 0.046474, 0.041002, 0.057704, 0.997491),

              ["LeftUpperLeg"] = CFrame.new(0.000000, -0.000008, -0.000100, 0.999750, 0.009152, 0.020403, -0.008962, 0.999916, -0.009408, -0.020487, 0.009230, 0.999748),

              ["LowerTorso"] = CFrame.new(0.037338, 36.158211, 0.015684, 0.194479, -0.001914, -0.980905, -0.009842, -0.999952, -0.000001, -0.980857, 0.009654, -0.194488),

              ["RightFoot"] = CFrame.new(-0.000000, -0.011288, -0.000103, 0.999924, 0.009428, 0.007939, -0.009346, 0.999903, -0.010362, -0.008035, 0.010297, 0.999915),

              ["RightHand"] = CFrame.new(-0.000559, -0.093430, 0.000000, 0.994628, 0.089788, -0.051516, -0.092626, 0.994145, -0.055636, 0.046218, 0.060109, 0.997121),

              ["RightLowerArm"] = CFrame.new(-0.000005, -0.093318, 0.000507, 1.000000, 0.000000, 0.000000, -0.000000, 1.000000, -0.000001, -0.000000, -0.000000, 1.000000),

              ["RightLowerLeg"] = CFrame.new(-0.000000, -0.011254, -0.000146, 1.000000, 0.000000, -0.000000, -0.000000, 1.000000, -0.000008, -0.000000, -0.000011, 1.000000),

              ["RightUpperArm"] = CFrame.new(0.214681, -0.511815, 0.025762, -0.083170, -0.994736, -0.059857, 0.995203, -0.086014, 0.046620, -0.051523, -0.055693, 0.997118),

              ["RightUpperLeg"] = CFrame.new(0.000000, -0.000007, -0.000000, 0.999943, -0.009528, 0.004862, 0.009478, 0.999904, 0.010167, -0.004959, -0.010112, 0.999937),

              ["UpperTorso"] = CFrame.new(0.000000, -0.000002, 0.000000, 1.000000, -0.000000, 0.000000, 0.000000, 1.000000, -0.000000, -0.000000, -0.000000, 1.000000)

          }},

          {Time = 0.200, Data = {

              ["Head"] = CFrame.new(0.000000, 0.000003, -0.000000, 0.999998, -0.000145, -0.002171, 0.000001, 0.997806, -0.066204, 0.002176, 0.066204, 0.997804),

              ["LeftFoot"] = CFrame.new(-0.000000, -0.013211, -0.000003, 0.999865, -0.012552, -0.010569, 0.012724, 0.999785, 0.016378, 0.010360, -0.016499, 0.999810),

              ["LeftHand"] = CFrame.new(0.000550, -0.086682, 0.000000, 0.994986, -0.086757, 0.049769, 0.081514, 0.991729, 0.099148, -0.057958, -0.094593, 0.993827),

              ["LeftLowerArm"] = CFrame.new(-0.000498, -0.086781, 0.000472, 1.000000, -0.000000, -0.000000, 0.000000, 1.000000, -0.000001, 0.000000, -0.000000, 1.000000),

              ["LeftLowerLeg"] = CFrame.new(-0.000000, -0.012770, -0.000069, 1.000000, 0.000000, -0.000000, -0.000000, 1.000000, -0.000008, -0.000000, -0.000011, 1.000000),

              ["LeftUpperArm"] = CFrame.new(-0.223748, -0.517353, 0.024804, -0.115517, 0.988951, -0.092905, -0.992066, -0.110196, 0.060515, 0.049608, 0.099159, 0.993834),

              ["LeftUpperLeg"] = CFrame.new(-0.000000, 0.000005, -0.000100, 0.999293, 0.013072, 0.035261, -0.012487, 0.999782, -0.016747, -0.035472, 0.016302, 0.999238),

              ["LowerTorso"] = CFrame.new(0.035038, 36.004730, 0.015467, 0.353015, -0.003474, -0.935611, -0.009842, -0.999952, -0.000001, -0.935566, 0.009209, -0.353032),

              ["RightFoot"] = CFrame.new(0.000000, -0.013435, -0.000103, 0.999848, 0.013339, 0.011232, -0.013131, 0.999745, -0.018361, -0.011473, 0.018220, 0.999768),

              ["RightHand"] = CFrame.new(-0.000580, -0.116986, -0.000000, 0.993595, 0.097978, -0.056304, -0.103066, 0.990033, -0.095976, 0.046338, 0.101164, 0.993790),

              ["RightLowerArm"] = CFrame.new(-0.000007, -0.116850, 0.000636, 1.000000, 0.000000, 0.000000, -0.000000, 1.000000, -0.000001, -0.000000, -0.000000, 1.000000),

              ["RightLowerLeg"] = CFrame.new(-0.000000, -0.013395, -0.000174, 1.000000, 0.000000, 0.000000, 0.000000, 1.000000, -0.000008, -0.000000, -0.000011, 1.000000),

              ["RightUpperArm"] = CFrame.new(0.219333, -0.511260, 0.028241, -0.092473, -0.990586, -0.100942, 0.994112, -0.097599, 0.047074, -0.056483, -0.095994, 0.993778),

              ["RightUpperLeg"] = CFrame.new(-0.000000, 0.000006, -0.000000, 0.999817, -0.013641, 0.013431, 0.013399, 0.999749, 0.017972, -0.013672, -0.017781, 0.999748),

              ["UpperTorso"] = CFrame.new(-0.000000, 0.000004, -0.000000, 1.000000, 0.000000, 0.000000, -0.000000, 1.000000, 0.000000, -0.000000, 0.000000, 1.000000)

          }},

          {Time = 0.217, Data = {

              ["Head"] = CFrame.new(0.000000, -0.000001, 0.000000, 0.999997, -0.000182, -0.002523, -0.000012, 0.997037, -0.076924, 0.002529, 0.076923, 0.997034),

              ["LeftFoot"] = CFrame.new(0.000000, -0.015319, -0.000003, 0.999868, -0.012446, -0.010479, 0.012657, 0.999714, 0.020327, 0.010223, -0.020445, 0.999739),

              ["LeftHand"] = CFrame.new(0.000563, -0.091539, 0.000000, 0.992733, -0.104303, 0.060023, 0.096344, 0.987727, 0.122938, -0.072108, -0.116260, 0.990598),

              ["LeftLowerArm"] = CFrame.new(-0.000496, -0.091624, 0.000498, 1.000000, -0.000000, -0.000000, 0.000000, 1.000000, -0.000001, 0.000000, -0.000000, 1.000000),

              ["LeftLowerLeg"] = CFrame.new(0.000000, -0.014867, -0.000096, 1.000000, -0.000000, -0.000000, 0.000000, 1.000000, -0.000008, 0.000000, -0.000011, 1.000000),

              ["LeftUpperArm"] = CFrame.new(-0.233075, -0.515904, 0.029757, -0.134172, 0.984375, -0.114032, -0.989169, -0.126130, 0.075070, 0.059514, 0.122869, 0.990637),

              ["LeftUpperLeg"] = CFrame.new(0.000000, 0.000005, -0.000100, 0.998917, 0.013285, 0.044584, -0.012368, 0.999707, -0.020786, -0.044847, 0.020220, 0.998789),

              ["LowerTorso"] = CFrame.new(0.032827, 35.839355, 0.014738, 0.494006, -0.004861, -0.869445, -0.009842, -0.999952, -0.000001, -0.869403, 0.008558, -0.494029),

              ["RightFoot"] = CFrame.new(0.000000, -0.015608, -0.000103, 0.999852, 0.013178, 0.011096, -0.012921, 0.999655, -0.022862, -0.011393, 0.022724, 0.999677),

              ["RightHand"] = CFrame.new(-0.000580, -0.121697, 0.000000, 0.992015, 0.109305, -0.062925, -0.116206, 0.986054, -0.119141, 0.049024, 0.125501, 0.990881),

              ["RightLowerArm"] = CFrame.new(-0.000002, -0.121560, 0.000662, 1.000000, 0.000000, 0.000000, -0.000000, 1.000000, -0.000001, -0.000000, -0.000000, 1.000000),

              ["RightLowerLeg"] = CFrame.new(0.000000, -0.015554, -0.000203, 1.000000, 0.000000, -0.000000, 0.000000, 1.000000, -0.000008, -0.000000, -0.000011, 1.000000),

              ["RightUpperArm"] = CFrame.new(0.225552, -0.510437, 0.031720, -0.104912, -0.986564, -0.125242, 0.992456, -0.111898, 0.050098, -0.063439, -0.119041, 0.990861),

              ["RightUpperLeg"] = CFrame.new(0.000000, 0.000005, -0.000000, 0.999641, -0.013763, 0.022976, 0.013249, 0.999662, 0.022383, -0.023276, -0.022063, 0.999485),

              ["UpperTorso"] = CFrame.new(0.000000, 0.000003, -0.000000, 1.000000, 0.000000, 0.000000, 0.000000, 1.000000, 0.000000, -0.000000, -0.000000, 1.000000)

          }},

          {Time = 0.233, Data = {

              ["Head"] = CFrame.new(-0.000000, -0.000000, -0.000000, 0.999996, -0.000226, -0.002896, -0.000031, 0.996093, -0.088312, 0.002904, 0.088312, 0.996089),

              ["LeftFoot"] = CFrame.new(-0.000000, -0.017491, -0.000003, 0.999909, -0.010328, -0.008697, 0.010509, 0.999726, 0.020939, 0.008478, -0.021016, 0.999743),

              ["LeftHand"] = CFrame.new(0.000557, -0.083906, 0.000000, 0.989731, -0.123817, 0.071428, 0.113905, 0.985051, 0.129234, -0.086360, -0.119769, 0.989038),

              ["LeftLowerArm"] = CFrame.new(-0.000497, -0.084004, 0.000456, 1.000000, -0.000000, -0.000000, 0.000000, 1.000000, -0.000001, 0.000000, -0.000000, 1.000000),

              ["LeftLowerLeg"] = CFrame.new(-0.000000, -0.017037, -0.000124, 1.000000, -0.000000, 0.000000, -0.000000, 1.000000, -0.000008, 0.000000, -0.000011, 1.000000),

              ["LeftUpperArm"] = CFrame.new(-0.243292, -0.514051, 0.035216, -0.154605, 0.981027, -0.116974, -0.985463, -0.144686, 0.089047, 0.070432, 0.129041, 0.989135),

              ["LeftUpperLeg"] = CFrame.new(0.000000, 0.000002, -0.000100, 0.998751, 0.011271, 0.048688, -0.010238, 0.999718, -0.021415, -0.048915, 0.020897, 0.998585),

              ["LowerTorso"] = CFrame.new(0.030755, 35.662308, 0.013565, 0.618321, -0.006085, -0.785902, -0.009842, -0.999952, -0.000001, -0.785864, 0.007736, -0.618351),

              ["RightFoot"] = CFrame.new(-0.000000, -0.017788, -0.000103, 0.999902, 0.010687, 0.008998, -0.010471, 0.999664, -0.023694, -0.009248, 0.023606, 0.999679),

              ["RightHand"] = CFrame.new(-0.000580, -0.113799, -0.000000, 0.989740, 0.123776, -0.071377, -0.132001, 0.983313, -0.125189, 0.054689, 0.133326, 0.989562),

              ["RightLowerArm"] = CFrame.new(0.000001, -0.113664, 0.000619, 1.000000, 0.000000, 0.000000, -0.000000, 1.000000, -0.000001, -0.000000, -0.000000, 1.000000),

              ["RightLowerLeg"] = CFrame.new(0.000000, -0.017722, -0.000231, 1.000000, -0.000000, -0.000000, -0.000000, 1.000000, -0.000008, 0.000000, -0.000011, 1.000000),

              ["RightUpperArm"] = CFrame.new(0.233267, -0.509250, 0.036179, -0.120341, -0.983777, -0.133045, 0.990092, -0.128707, 0.056145, -0.072358, -0.124970, 0.989519),

              ["RightUpperLeg"] = CFrame.new(0.000000, 0.000006, -0.000000, 0.999454, -0.011487, 0.030970, 0.010771, 0.999673, 0.023208, -0.031227, -0.022854, 0.999251),

              ["UpperTorso"] = CFrame.new(0.000000, 0.000004, 0.000000, 1.000000, 0.000000, 0.000000, 0.000000, 1.000000, 0.000000, -0.000000, -0.000000, 1.000000)

          }},

          {Time = 0.250, Data = {

              ["Head"] = CFrame.new(0.000000, 0.000002, -0.000000, 0.999995, -0.000277, -0.003289, -0.000055, 0.994953, -0.100340, 0.003300, 0.100340, 0.994948),

              ["LeftFoot"] = CFrame.new(0.000000, -0.019717, -0.000003, 0.999952, -0.007515, -0.006328, 0.007633, 0.999795, 0.018751, 0.006185, -0.018786, 0.999804),

              ["LeftHand"] = CFrame.new(0.000543, -0.070222, 0.000000, 0.985982, -0.144464, 0.083492, 0.133996, 0.983724, 0.119720, -0.099427, -0.106852, 0.989291),

              ["LeftLowerArm"] = CFrame.new(-0.000496, -0.070333, 0.000381, 1.000000, -0.000000, -0.000000, 0.000000, 1.000000, -0.000001, 0.000000, -0.000000, 1.000000),

              ["LeftLowerLeg"] = CFrame.new(0.000000, -0.019252, -0.000154, 1.000000, -0.000000, 0.000000, 0.000000, 1.000000, -0.000008, 0.000000, -0.000011, 1.000000),

