return {
["death"] = {

          {Time = 0.000, Data = {

              ["Head"] = CFrame.new(0.000000, 0.000000, 0.000000, 0.999992, -0.003973, 0.000737, 0.004027, 0.995134, -0.098451, -0.000342, 0.098453, 0.995142),

              ["LeftFoot"] = CFrame.new(-0.000000, -0.000201, -0.000003, 1.000000, -0.000000, 0.000000, 0.000000, 1.000000, 0.000004, -0.000000, 0.000007, 1.000000),

              ["LeftHand"] = CFrame.new(0.000500, 0.000100, -0.000000, 1.000000, 0.000000, -0.000937, 0.000000, 1.000000, 0.000003, 0.000938, -0.000003, 1.000000),

              ["LeftLowerArm"] = CFrame.new(-0.000500, -0.000099, -0.000000, 1.000000, -0.000000, -0.000000, 0.000000, 1.000000, -0.000007, 0.000000, 0.000006, 1.000000),

              ["LeftLowerLeg"] = CFrame.new(-0.000000, 0.000199, 0.000104, 1.000000, -0.000000, 0.000000, -0.000000, 1.000000, -0.000007, 0.000000, -0.000011, 1.000000),

              ["LeftUpperArm"] = CFrame.new(-0.000000, -0.000000, -0.000469, 1.000000, 0.000000, 0.000938, -0.000000, 1.000000, 0.000004, -0.000938, -0.000003, 1.000000),

              ["LeftUpperLeg"] = CFrame.new(0.000000, -0.000000, -0.000100, 1.000000, 0.000000, -0.000000, -0.000000, 1.000000, 0.000003, 0.000000, 0.000005, 1.000000),

              ["LowerTorso"] = CFrame.new(0.000000, 0.000000, 0.000000, 1.000000, 0.000000, -0.000000, 0.000000, 1.000000, 0.000000, 0.000000, 0.000000, 1.000000),

              ["RightFoot"] = CFrame.new(-0.000000, -0.000001, -0.000103, 1.000000, -0.000000, -0.000000, 0.000000, 1.000000, 0.000004, 0.000000, 0.000007, 1.000000),

              ["RightHand"] = CFrame.new(-0.000500, 0.000000, -0.000000, 1.000000, -0.000000, 0.000937, -0.000000, 1.000000, 0.000003, -0.000937, -0.000003, 1.000000),

              ["RightLowerArm"] = CFrame.new(0.000000, 0.000001, -0.000000, 1.000000, 0.000000, 0.000000, -0.000000, 1.000000, -0.000007, -0.000000, 0.000006, 1.000000),

              ["RightLowerLeg"] = CFrame.new(-0.000000, -0.000001, 0.000004, 1.000000, 0.000000, 0.000000, 0.000000, 1.000000, -0.000007, -0.000000, -0.000011, 1.000000),

              ["RightUpperArm"] = CFrame.new(0.000000, -0.000000, -0.000469, 1.000000, -0.000000, -0.000938, 0.000000, 1.000000, 0.000004, 0.000938, -0.000003, 1.000000),

              ["RightUpperLeg"] = CFrame.new(0.000000, -0.000000, -0.000000, 1.000000, 0.000000, 0.000000, -0.000000, 1.000000, 0.000003, -0.000000, 0.000005, 1.000000),

              ["UpperTorso"] = CFrame.new(0.000000, 0.000000, 0.000000, 1.000000, 0.000000, 0.000000, 0.000000, 1.000000, 0.000000, -0.000000, 0.000000, 1.000000)

          }},

          {Time = 0.017, Data = {

              ["Head"] = CFrame.new(0.000000, -0.000000, -0.000000, 0.999992, -0.003973, 0.000737, 0.004025, 0.995550, -0.094152, -0.000359, 0.094155, 0.995558),

              ["LeftFoot"] = CFrame.new(0.000000, 0.001059, -0.000003, 0.999976, -0.005255, -0.004425, 0.005209, 0.999933, -0.010383, 0.004479, 0.010369, 0.999936),

              ["LeftHand"] = CFrame.new(0.000500, 0.000551, -0.000000, 0.999936, -0.010119, 0.004978, 0.010063, 0.999888, 0.011047, -0.005089, -0.010996, 0.999927),

              ["LeftLowerArm"] = CFrame.new(-0.000500, 0.001996, 0.000010, 1.000000, -0.000000, -0.000000, 0.000000, 0.999864, -0.016511, 0.000000, 0.016510, 0.999864),

              ["LeftLowerLeg"] = CFrame.new(-0.000000, 0.004853, 0.000054, 1.000000, -0.000000, 0.000000, 0.000000, 0.999418, 0.034098, -0.000000, -0.034117, 0.999418),

              ["LeftUpperArm"] = CFrame.new(-0.000036, -0.005749, 0.001858, 0.999927, 0.011488, -0.003742, -0.011497, 0.999931, -0.002313, 0.003715, 0.002357, 0.999990),

              ["LeftUpperLeg"] = CFrame.new(0.000000, -0.000000, -0.000100, 0.999976, 0.005359, 0.004299, -0.005218, 0.999467, -0.032210, -0.004469, 0.032195, 0.999472),

              ["LowerTorso"] = CFrame.new(0.000000, -0.003516, 0.021582, 1.000000, 0.000000, -0.000000, 0.000000, 0.999982, 0.006039, 0.000000, -0.006039, 0.999982),

              ["RightFoot"] = CFrame.new(-0.000000, 0.001314, -0.000103, 0.999946, 0.007927, 0.006675, -0.007809, 0.999815, -0.017592, -0.006813, 0.017548, 0.999823),

              ["RightHand"] = CFrame.new(-0.000500, 0.000240, -0.000000, 0.999537, 0.026682, -0.014654, -0.026659, 0.999643, 0.001772, 0.014696, -0.001380, 0.999891),

              ["RightLowerArm"] = CFrame.new(-0.000000, 0.001108, 0.000002, 1.000000, 0.000000, 0.000000, -0.000000, 0.999962, -0.008706, -0.000000, 0.008705, 0.999962),

              ["RightLowerLeg"] = CFrame.new(0.000000, 0.004862, -0.000051, 1.000000, 0.000000, -0.000000, -0.000000, 0.999363, 0.035656, 0.000000, -0.035674, 0.999364),

              ["RightUpperArm"] = CFrame.new(0.000230, -0.013481, 0.006909, 0.999541, -0.026868, 0.013997, 0.026960, 0.999616, -0.006479, -0.013817, 0.006854, 0.999881),

              ["RightUpperLeg"] = CFrame.new(0.000000, -0.000000, -0.000000, 0.999946, -0.008047, -0.006530, 0.007841, 0.999493, -0.030870, 0.006775, 0.030825, 0.999502),

              ["UpperTorso"] = CFrame.new(0.000000, 0.000000, -0.000000, 1.000000, 0.000000, 0.000000, -0.000000, 1.000000, 0.000000, -0.000000, 0.000000, 1.000000)

          }},

          {Time = 0.033, Data = {

              ["Head"] = CFrame.new(0.000000, 0.000000, 0.000000, 0.999992, -0.003973, 0.000737, 0.004020, 0.996639, -0.081826, -0.000409, 0.081828, 0.996646),

              ["LeftFoot"] = CFrame.new(0.000000, 0.003908, -0.000003, 0.999731, -0.017736, -0.014934, 0.017158, 0.999128, -0.038049, 0.015595, 0.037787, 0.999164),

              ["LeftHand"] = CFrame.new(0.000499, 0.001669, -0.000000, 0.999136, -0.036282, 0.020273, 0.035417, 0.998509, 0.041544, -0.021750, -0.040789, 0.998931),

              ["LeftLowerArm"] = CFrame.new(-0.000500, 0.007571, 0.000175, 1.000000, -0.000000, -0.000000, 0.000000, 0.998120, -0.061296, 0.000000, 0.061295, 0.998120),

              ["LeftLowerLeg"] = CFrame.new(0.000000, 0.016932, -0.000683, 1.000000, -0.000000, 0.000000, 0.000000, 0.991861, 0.127309, -0.000000, -0.127327, 0.991863),

              ["LeftUpperArm"] = CFrame.new(-0.000493, -0.020980, 0.007228, 0.999015, 0.041810, -0.014883, -0.041960, 0.999070, -0.009894, 0.014456, 0.010510, 0.999840),

              ["LeftUpperLeg"] = CFrame.new(0.000000, -0.000000, -0.000100, 0.999731, 0.019003, 0.013285, -0.017234, 0.992310, -0.122559, -0.015511, 0.122308, 0.992372),

              ["LowerTorso"] = CFrame.new(0.000000, -0.013743, 0.085889, 1.000000, 0.000000, -0.000000, 0.000000, 0.999728, 0.023320, 0.000000, -0.023320, 0.999728),

              ["RightFoot"] = CFrame.new(-0.000000, 0.004229, -0.000103, 0.999369, 0.027166, 0.022874, -0.025631, 0.997563, -0.064896, -0.024580, 0.064271, 0.997630),

              ["RightHand"] = CFrame.new(-0.000500, 0.000425, -0.000000, 0.994619, 0.089856, -0.051568, -0.090076, 0.995933, -0.001968, 0.051180, 0.006603, 0.998668),

              ["RightLowerArm"] = CFrame.new(-0.000000, 0.001976, 0.000009, 1.000000, 0.000000, 0.000000, -0.000000, 0.999879, -0.015554, -0.000000, 0.015553, 0.999879),

              ["RightLowerLeg"] = CFrame.new(0.000000, 0.017291, -0.000840, 1.000000, 0.000000, -0.000000, -0.000000, 0.991279, 0.131761, 0.000000, -0.131779, 0.991282),

              ["RightUpperArm"] = CFrame.new(0.002661, -0.046371, 0.022436, 0.994679, -0.091179, 0.047967, 0.092742, 0.995194, -0.031428, -0.044871, 0.035710, 0.998354),

              ["RightUpperLeg"] = CFrame.new(0.000000, -0.000000, -0.000000, 0.999369, -0.028647, -0.020989, 0.026007, 0.992819, -0.116756, 0.024183, 0.116147, 0.992939),

              ["UpperTorso"] = CFrame.new(0.000000, 0.000000, -0.000000, 1.000000, -0.000000, 0.000000, 0.000000, 1.000000, 0.000000, -0.000000, 0.000000, 1.000000)

          }},

          {Time = 0.050, Data = {

              ["Head"] = CFrame.new(0.000000, -0.000000, -0.000000, 0.999992, -0.003973, 0.000737, 0.004012, 0.998049, -0.062302, -0.000488, 0.062304, 0.998057),

              ["LeftFoot"] = CFrame.new(-0.000000, 0.006839, -0.000003, 0.999097, -0.032497, -0.027363, 0.030563, 0.997194, -0.068346, 0.029505, 0.067446, 0.997286),

              ["LeftHand"] = CFrame.new(0.000498, 0.002982, -0.000000, 0.996522, -0.072348, 0.041357, 0.068656, 0.994045, 0.084625, -0.047233, -0.081490, 0.995554),

              ["LeftLowerArm"] = CFrame.new(-0.000500, 0.014793, 0.000707, 1.000000, -0.000000, -0.000000, 0.000000, 0.992664, -0.120905, 0.000000, 0.120904, 0.992664),

              ["LeftLowerLeg"] = CFrame.new(-0.000000, 0.031514, -0.002909, 1.000000, -0.000000, 0.000000, 0.000000, 0.969315, 0.245808, -0.000000, -0.245822, 0.969319),

              ["LeftUpperArm"] = CFrame.new(-0.002003, -0.042797, 0.012924, 0.995995, 0.084832, -0.028249, -0.085594, 0.995966, -0.026950, 0.025848, 0.029260, 0.999238),

              ["LeftUpperLeg"] = CFrame.new(0.000000, 0.000000, -0.000100, 0.999097, 0.036879, 0.021088, -0.030433, 0.967662, -0.250394, -0.029641, 0.249539, 0.967914),

              ["LowerTorso"] = CFrame.new(0.000000, -0.030203, 0.192259, 1.000000, 0.000000, -0.000000, 0.000000, 0.998720, 0.050583, 0.000000, -0.050583, 0.998720),

              ["RightFoot"] = CFrame.new(0.000000, 0.007214, -0.000103, 0.997782, 0.050916, 0.042872, -0.045204, 0.991124, -0.125026, -0.048855, 0.122806, 0.991227),

              ["RightHand"] = CFrame.new(-0.000500, 0.000104, -0.000000, 0.981985, 0.163558, -0.094630, -0.166010, 0.985949, -0.018594, 0.090258, 0.033968, 0.995339),

              ["RightLowerArm"] = CFrame.new(0.000000, 0.000480, -0.000000, 1.000000, 0.000000, 0.000000, -0.000000, 0.999993, -0.003769, -0.000000, 0.003768, 0.999993),

              ["RightLowerLeg"] = CFrame.new(-0.000000, 0.032242, -0.003205, 1.000000, 0.000000, -0.000000, -0.000000, 0.967334, 0.253492, 0.000000, -0.253507, 0.967337),

              ["RightUpperArm"] = CFrame.new(0.008895, -0.086930, 0.035481, 0.982211, -0.167083, 0.085707, 0.173859, 0.981611, -0.078821, -0.070961, 0.092321, 0.993198),

              ["RightUpperLeg"] = CFrame.new(0.000000, 0.000000, -0.000000, 0.997782, -0.056113, -0.035801, 0.046053, 0.970333, -0.237332, 0.048057, 0.235170, 0.970769),

              ["UpperTorso"] = CFrame.new(0.000000, -0.000000, -0.000000, 1.000000, -0.000000, 0.000000, -0.000000, 1.000000, 0.000000, -0.000000, 0.000000, 1.000000)

          }},

          {Time = 0.067, Data = {

              ["Head"] = CFrame.new(0.000000, -0.000000, 0.000000, 0.999992, -0.003973, 0.000737, 0.003998, 0.999329, -0.036405, -0.000592, 0.036407, 0.999337),

              ["LeftFoot"] = CFrame.new(0.000000, 0.009418, -0.000003, 0.998296, -0.044633, -0.037583, 0.041094, 0.995077, -0.090192, 0.041420, 0.088488, 0.995215),

              ["LeftHand"] = CFrame.new(0.000497, 0.004287, -0.000000, 0.991598, -0.112083, 0.064586, 0.102504, 0.985360, 0.136234, -0.078909, -0.128468, 0.988569),

              ["LeftLowerArm"] = CFrame.new(-0.000500, 0.022667, 0.001727, 1.000000, -0.000000, -0.000000, 0.000000, 0.982287, -0.187386, 0.000000, 0.187386, 0.982286),

              ["LeftLowerLeg"] = CFrame.new(0.000000, 0.045589, -0.006633, 1.000000, -0.000000, -0.000000, 0.000000, 0.931576, 0.363536, -0.000000, -0.363547, 0.931580),

              ["LeftUpperArm"] = CFrame.new(-0.004917, -0.068053, 0.016172, 0.990166, 0.133990, -0.040220, -0.136107, 0.989137, -0.055529, 0.032343, 0.060458, 0.997647),

              ["LeftUpperLeg"] = CFrame.new(0.000000, -0.000000, -0.000100, 0.998296, 0.053341, 0.023648, -0.039589, 0.916945, -0.397031, -0.042863, 0.395433, 0.917500),

              ["LowerTorso"] = CFrame.new(0.000000, -0.052417, 0.340032, 1.000000, 0.000000, -0.000000, 0.000000, 0.996250, 0.086523, 0.000000, -0.086523, 0.996250),

              ["RightFoot"] = CFrame.new(-0.000000, 0.009908, -0.000103, 0.995568, 0.071937, 0.060573, -0.059524, 0.980681, -0.186349, -0.072804, 0.181906, 0.980615),

              ["RightHand"] = CFrame.new(-0.000500, 0.000209, -0.000000, 0.966054, 0.223462, -0.129632, -0.229133, 0.972920, -0.030424, 0.119321, 0.059093, 0.991095),

              ["RightLowerArm"] = CFrame.new(-0.000000, 0.000963, 0.000001, 1.000000, 0.000000, 0.000000, -0.000000, 0.999971, -0.007557, -0.000000, 0.007556, 0.999971),

              ["RightLowerLeg"] = CFrame.new(-0.000000, 0.047008, -0.007270, 1.000000, 0.000000, 0.000000, -0.000000, 0.926125, 0.377207, 0.000000, -0.377218, 0.926129),

              ["RightUpperArm"] = CFrame.new(0.016729, -0.122575, 0.037746, 0.966541, -0.231327, 0.110840, 0.245150, 0.960216, -0.133742, -0.075493, 0.156441, 0.984798),

              ["RightUpperLeg"] = CFrame.new(0.000000, -0.000000, -0.000000, 0.995568, -0.082591, -0.044975, 0.059719, 0.924657, -0.376074, 0.072647, 0.371736, 0.925497),

              ["UpperTorso"] = CFrame.new(0.000000, 0.000000, -0.000000, 1.000000, -0.000000, 0.000000, 0.000000, 1.000000, 0.000000, -0.000000, 0.000000, 1.000000)

          }},

          {Time = 0.083, Data = {

              ["Head"] = CFrame.new(0.000000, 0.000000, 0.000000, 0.999992, -0.003973, 0.000737, 0.003977, 0.999980, -0.004980, -0.000717, 0.004983, 0.999987),

              ["LeftFoot"] = CFrame.new(0.000000, 0.011643, -0.000003, 0.997914, -0.049386, -0.041584, 0.045087, 0.994101, -0.098650, 0.046208, 0.096561, 0.994253),

              ["LeftHand"] = CFrame.new(0.000496, 0.005633, -0.000000, 0.985065, -0.149054, 0.086203, 0.129791, 0.971752, 0.197110, -0.113146, -0.182976, 0.976584),

              ["LeftLowerArm"] = CFrame.new(-0.000500, 0.031397, 0.003433, 1.000000, -0.000000, -0.000000, 0.000000, 0.964962, -0.262391, 0.000000, 0.262391, 0.964962),

              ["LeftLowerLeg"] = CFrame.new(-0.000000, 0.057998, -0.011372, 1.000000, -0.000000, -0.000000, 0.000000, 0.883426, 0.468564, -0.000000, -0.468570, 0.883430),

              ["LeftUpperArm"] = CFrame.new(-0.008953, -0.093058, 0.014613, 0.982093, 0.182341, -0.047381, -0.186115, 0.978034, -0.093859, 0.029226, 0.100997, 0.994457),

              ["LeftUpperLeg"] = CFrame.new(0.000000, -0.000000, -0.000100, 0.997914, 0.061484, 0.019697, -0.040628, 0.835136, -0.548526, -0.050175, 0.546596, 0.835901),

              ["LowerTorso"] = CFrame.new(0.000000, -0.079903, 0.528548, 1.000000, 0.000000, -0.000000, 0.000000, 0.991543, 0.129776, 0.000000, -0.129776, 0.991543),

              ["RightFoot"] = CFrame.new(-0.000000, 0.012382, -0.000103, 0.994205, 0.082235, 0.069243, -0.063056, 0.967739, -0.243953, -0.087065, 0.238156, 0.967312),

              ["RightHand"] = CFrame.new(-0.000498, 0.002656, 0.000000, 0.957557, 0.249275, -0.144730, -0.251422, 0.967871, 0.003560, 0.140966, 0.032979, 0.989465),

              ["RightLowerArm"] = CFrame.new(-0.000000, 0.013596, 0.000584, 1.000000, 0.000000, 0.000000, -0.000000, 0.993922, -0.110090, -0.000000, 0.110089, 0.993922),

              ["RightLowerLeg"] = CFrame.new(-0.000000, 0.060761, -0.012825, 1.000000, 0.000000, 0.000000, -0.000000, 0.869644, 0.493674, 0.000000, -0.493679, 0.869647),

              ["RightUpperArm"] = CFrame.new(0.020860, -0.140452, 0.026426, 0.958280, -0.266955, 0.102153, 0.280904, 0.945641, -0.163880, -0.052851, 0.185739, 0.981177),

              ["RightUpperLeg"] = CFrame.new(0.000000, -0.000000, -0.000000, 0.994205, -0.097820, -0.044590, 0.060359, 0.851147, -0.521431, 0.088959, 0.515733, 0.852128),

              ["UpperTorso"] = CFrame.new(-0.000000, 0.000000, -0.000000, 1.000000, 0.000000, 0.000000, -0.000000, 1.000000, 0.000000, -0.000000, 0.000000, 1.000000)

          }},

          {Time = 0.100, Data = {

              ["Head"] = CFrame.new(0.000000, 0.000000, -0.000000, 0.999992, -0.003973, 0.000737, 0.003949, 0.999509, 0.031086, -0.000860, -0.031083, 0.999516),

              ["LeftFoot"] = CFrame.new(-0.000000, 0.013469, -0.000003, 0.997960, -0.048834, -0.041119, 0.044995, 0.994961, -0.089609, 0.045285, 0.087567, 0.995128),

              ["LeftHand"] = CFrame.new(0.000496, 0.007038, -0.000000, 0.978000, -0.180494, 0.104588, 0.147205, 0.952372, 0.267059, -0.147808, -0.245785, 0.957988),

              ["LeftLowerArm"] = CFrame.new(-0.000500, 0.040932, 0.006039, 1.000000, -0.000000, -0.000000, 0.000000, 0.938494, -0.345297, 0.000000, 0.345296, 0.938494),

              ["LeftLowerLeg"] = CFrame.new(0.000000, 0.067904, -0.016265, 1.000000, -0.000000, -0.000000, 0.000000, 0.833540, 0.552456, -0.000000, -0.552459, 0.833542),

              ["LeftUpperArm"] = CFrame.new(-0.013609, -0.115623, 0.007428, 0.972782, 0.226530, -0.048772, -0.231245, 0.962529, -0.141647, 0.014857, 0.149070, 0.988715),

              ["LeftUpperLeg"] = CFrame.new(0.000000, 0.000000, -0.000100, 0.997960, 0.062525, 0.012891, -0.036292, 0.721749, -0.691190, -0.052520, 0.689325, 0.722558),

              ["LowerTorso"] = CFrame.new(0.000000, -0.112185, 0.757146, 1.000000, 0.000000, -0.000000, 0.000000, 0.983868, 0.178897, 0.000000, -0.178897, 0.983868),

              ["RightFoot"] = CFrame.new(-0.000000, 0.014847, -0.000103, 0.993924, 0.084201, 0.070899, -0.060018, 0.954483, -0.292185, -0.092268, 0.286134, 0.953730),

              ["RightHand"] = CFrame.new(-0.000496, 0.005842, -0.000000, 0.956439, 0.252449, -0.146613, -0.244374, 0.967079, 0.070998, 0.159708, -0.032076, 0.986643),

              ["RightLowerArm"] = CFrame.new(-0.000000, 0.033555, 0.003928, 1.000000, 0.000000, 0.000000, -0.000000, 0.959940, -0.280207, -0.000000, 0.280206, 0.959940),

              ["RightLowerLeg"] = CFrame.new(0.000000, 0.072773, -0.019155, 1.000000, 0.000000, 0.000000, -0.000000, 0.804960, 0.593328, 0.000000, -0.593329, 0.804960),

              ["RightUpperArm"] = CFrame.new(0.021358, -0.144382, 0.007478, 0.957283, -0.280450, 0.070399, 0.288764, 0.939828, -0.182590, -0.014956, 0.195119, 0.980666),

              ["RightUpperLeg"] = CFrame.new(0.000000, 0.000000, 0.000000, 0.993923, -0.103060, -0.038665, 0.051911, 0.748601, -0.660971, 0.097064, 0.654962, 0.749415),

              ["UpperTorso"] = CFrame.new(-0.000000, 0.000000, 0.000000, 1.000000, -0.000000, 0.000000, 0.000000, 1.000000, 0.000000, -0.000000, 0.000000, 1.000000)

          }},

          {Time = 0.117, Data = {

              ["Head"] = CFrame.new(0.000000, -0.000000, -0.000000, 0.999992, -0.003973, 0.000737, 0.003911, 0.997479, 0.070855, -0.001016, -0.070852, 0.997486),

              ["LeftFoot"] = CFrame.new(0.000000, 0.015241, -0.000003, 0.998021, -0.048106, -0.040506, 0.045638, 0.997167, -0.059796, 0.043265, 0.057822, 0.997388),

              ["LeftHand"] = CFrame.new(0.000495, 0.008456, 0.000000, 0.970457, -0.208693, 0.121081, 0.156240, 0.925976, 0.343744, -0.183853, -0.314668, 0.931225),

              ["LeftLowerArm"] = CFrame.new(-0.000500, 0.050707, 0.009587, 1.000000, -0.000000, -0.000000, 0.000000, 0.902403, -0.430892, 0.000000, 0.430892, 0.902403),

              ["LeftLowerLeg"] = CFrame.new(0.000000, 0.075118, -0.020259, 1.000000, -0.000000, -0.000000, 0.000000, 0.792571, 0.609779, -0.000000, -0.609779, 0.792572),

              ["LeftUpperArm"] = CFrame.new(-0.018909, -0.136118, -0.004847, 0.962182, 0.268368, -0.046745, -0.272236, 0.941202, -0.200065, -0.009695, 0.205225, 0.978667),

              ["LeftUpperLeg"] = CFrame.new(0.000000, -0.000000, -0.000100, 0.998021, 0.062555, 0.006463, -0.031199, 0.581721, -0.812779, -0.054603, 0.810979, 0.582536),

              ["LowerTorso"] = CFrame.new(0.000000, -0.148780, 1.025165, 1.000000, 0.000000, -0.000000, 0.000000, 0.972628, 0.232366, 0.000000, -0.232366, 0.972628),

              ["RightFoot"] = CFrame.new(-0.000000, 0.018087, -0.000103, 0.993684, 0.085838, 0.072278, -0.057834, 0.943719, -0.325674, -0.096159, 0.319415, 0.942715),

              ["RightHand"] = CFrame.new(-0.000494, 0.008449, -0.000000, 0.954718, 0.257254, -0.149448, -0.237653, 0.961625, 0.137107, 0.178983, -0.095381, 0.979218),

              ["RightLowerArm"] = CFrame.new(-0.000000, 0.051444, 0.009852, 1.000000, 0.000000, 0.000000, -0.000000, 0.899707, -0.436494, -0.000000, 0.436494, 0.899707),

              ["RightLowerLeg"] = CFrame.new(0.000000, 0.083078, -0.025152, 1.000000, 0.000000, 0.000000, -0.000000, 0.743004, 0.669289, 0.000000, -0.669287, 0.743002),

              ["RightUpperArm"] = CFrame.new(0.022208, -0.146651, -0.014421, 0.955585, -0.292220, 0.038273, 0.293301, 0.930236, -0.220536, 0.028842, 0.221967, 0.974628),

              ["RightUpperLeg"] = CFrame.new(0.000000, 0.000000, -0.000000, 0.993684, -0.107331, -0.032742, 0.041162, 0.620060, -0.783462, 0.104392, 0.777178, 0.620576),

              ["UpperTorso"] = CFrame.new(0.000000, 0.000000, -0.000000, 1.000000, 0.000000, 0.000000, 0.000000, 1.000000, 0.000000, -0.000000, 0.000000, 1.000000)

          }},

          {Time = 0.133, Data = {

              ["Head"] = CFrame.new(0.000000, 0.000000, 0.000000, 0.999992, -0.003973, 0.000737, 0.003864, 0.993549, 0.113335, -0.001182, -0.113331, 0.993557),

              ["LeftFoot"] = CFrame.new(0.000000, 0.016569, -0.000002, 0.998096, -0.047180, -0.039727, 0.046840, 0.998858, -0.009454, 0.040125, 0.007571, 0.999166),

              ["LeftHand"] = CFrame.new(0.000493, 0.009837, -0.000000, 0.962505, -0.234579, 0.136223, 0.157319, 0.891816, 0.424167, -0.220985, -0.386829, 0.895280),

              ["LeftLowerArm"] = CFrame.new(-0.000500, 0.060071, 0.013909, 1.000000, -0.000000, -0.000000, 0.000000, 0.858357, -0.513053, 0.000000, 0.513054, 0.858357),

              ["LeftLowerLeg"] = CFrame.new(0.000000, 0.079338, -0.022670, 1.000000, -0.000000, -0.000000, 0.000000, 0.767671, 0.640846, -0.000000, -0.640845, 0.767670),

              ["LeftUpperArm"] = CFrame.new(-0.024860, -0.154159, -0.021843, 0.950280, 0.308330, -0.043602, -0.308318, 0.911970, -0.270648, -0.043685, 0.270636, 0.961690),

              ["LeftUpperLeg"] = CFrame.new(0.000000, -0.000000, -0.000100, 0.998096, 0.061672, 0.000787, -0.025448, 0.423378, -0.905588, -0.056183, 0.903852, 0.424157),

              ["LowerTorso"] = CFrame.new(0.000000, -0.189211, 1.331946, 1.000000, 0.000000, -0.000000, 0.000000, 0.957442, 0.288625, 0.000000, -0.288625, 0.957442),

              ["RightFoot"] = CFrame.new(-0.000000, 0.020842, -0.000102, 0.993527, 0.086896, 0.073168, -0.056472, 0.936684, -0.345615, -0.098561, 0.339224, 0.935519),

              ["RightHand"] = CFrame.new(-0.000493, 0.010942, -0.000000, 0.952380, 0.263632, -0.153200, -0.231265, 0.951995, 0.200556, 0.198717, -0.155574, 0.967630),

              ["RightLowerArm"] = CFrame.new(0.000000, 0.066763, 0.017431, 1.000000, 0.000000, 0.000000, -0.000000, 0.822336, -0.569001, -0.000000, 0.569001, 0.822337),

              ["RightLowerLeg"] = CFrame.new(0.000000, 0.091066, -0.030553, 1.000000, 0.000000, 0.000000, -0.000000, 0.686917, 0.726740, 0.000000, -0.726736, 0.686913),

              ["RightUpperArm"] = CFrame.new(0.023438, -0.146201, -0.038904, 0.953125, -0.302474, 0.007910, 0.292402, 0.914034, -0.281144, 0.077809, 0.270279, 0.959633),

              ["RightUpperLeg"] = CFrame.new(0.000000, 0.000000, -0.000000, 0.993527, -0.110422, -0.026666, 0.028352, 0.468339, -0.883084, 0.110001, 0.876622, 0.468456),

              ["UpperTorso"] = CFrame.new(-0.000000, -0.000000, -0.000000, 1.000000, 0.000000, 0.000000, 0.000000, 1.000000, 0.000000, -0.000000, 0.000000, 1.000000)

          }},

          {Time = 0.150, Data = {

              ["Head"] = CFrame.new(0.000000, 0.000000, -0.000000, 0.999992, -0.003973, 0.000737, 0.003808, 0.987513, 0.157494, -0.001353, -0.157490, 0.987520),

              ["LeftFoot"] = CFrame.new(0.000000, 0.016795, -0.000003, 0.998187, -0.046047, -0.038773, 0.048314, 0.997047, 0.059700, 0.035907, -0.061464, 0.997463),

              ["LeftHand"] = CFrame.new(0.000493, 0.011463, -0.000000, 0.954097, -0.258951, 0.150481, 0.151181, 0.850134, 0.504400, -0.258542, -0.458493, 0.850257),

              ["LeftLowerArm"] = CFrame.new(-0.000500, 0.068601, 0.018525, 1.000000, -0.000000, -0.000000, 0.000000, 0.811117, -0.584884, 0.000000, 0.584884, 0.811117),

              ["LeftLowerLeg"] = CFrame.new(0.000000, 0.080022, -0.023071, 1.000000, -0.000000, -0.000000, 0.000000, 0.763522, 0.645783, -0.000000, -0.645782, 0.763521),

              ["LeftUpperArm"] = CFrame.new(-0.031518, -0.169322, -0.043070, 0.936963, 0.346843, -0.042424, -0.338644, 0.871400, -0.354940, -0.086140, 0.346933, 0.933926),

              ["LeftUpperLeg"] = CFrame.new(0.000000, 0.000000, -0.000100, 0.998187, 0.060078, -0.003783, -0.019196, 0.258095, -0.965924, -0.057054, 0.964250, 0.258797),

              ["LowerTorso"] = CFrame.new(0.000000, -0.232998, 1.676828, 1.000000, 0.000000, -0.000000, 0.000000, 0.938192, 0.346115, 0.000000, -0.346115, 0.938192),

              ["RightFoot"] = CFrame.new(0.000000, 0.022762, -0.000102, 0.993485, 0.087177, 0.073405, -0.056047, 0.934570, -0.351360, -0.099226, 0.344935, 0.933358),

              ["RightHand"] = CFrame.new(-0.000490, 0.014820, -0.000000, 0.949511, 0.271240, -0.157666, -0.225249, 0.939187, 0.259216, 0.218386, -0.210612, 0.952863),

              ["RightLowerArm"] = CFrame.new(-0.000000, 0.080105, 0.025177, 1.000000, 0.000000, 0.000000, 0.000000, 0.742319, -0.670046, -0.000000, 0.670047, 0.742320),

              ["RightLowerLeg"] = CFrame.new(0.000000, 0.096567, -0.034883, 1.000000, 0.000000, 0.000000, -0.000000, 0.641877, 0.766812, 0.000000, -0.766808, 0.641871),

              ["RightUpperArm"] = CFrame.new(0.025029, -0.141921, -0.065278, 0.949942, -0.311918, -0.017818, 0.283841, 0.885454, -0.367974, 0.130555, 0.344497, 0.929666),

              ["RightUpperLeg"] = CFrame.new(0.000000, 0.000000, -0.000000, 0.993485, -0.112065, -0.020716, 0.014072, 0.300996, -0.953516, 0.113092, 0.947018, 0.300630),

              ["UpperTorso"] = CFrame.new(0.000000, 0.000000, -0.000000, 1.000000, -0.000000, 0.000000, 0.000000, 1.000000, 0.000000, -0.000000, 0.000000, 1.000000)

          }},

          {Time = 0.167, Data = {

              ["Head"] = CFrame.new(0.000000, 0.000000, 0.000000, 0.999992, -0.003973, 0.000737, 0.003742, 0.979321, 0.202280, -0.001525, -0.202275, 0.979327),

              ["LeftFoot"] = CFrame.new(-0.000000, 0.015686, -0.000002, 0.998290, -0.044719, -0.037654, 0.049754, 0.988090, 0.145619, 0.030692, -0.147238, 0.988624),

              ["LeftHand"] = CFrame.new(0.000491, 0.013665, -0.000000, 0.945144, -0.282390, 0.164192, 0.138887, 0.802354, 0.580467, -0.295656, -0.525817, 0.797558),

              ["LeftLowerArm"] = CFrame.new(-0.000500, 0.076057, 0.022737, 1.000000, -0.000000, -0.000000, 0.000000, 0.767607, -0.640921, 0.000000, 0.640921, 0.767607),

              ["LeftLowerLeg"] = CFrame.new(0.000000, 0.076664, -0.021147, 1.000000, -0.000000, -0.000000, 0.000000, 0.783423, 0.621488, -0.000000, -0.621488, 0.783424),

              ["LeftUpperArm"] = CFrame.new(-0.038948, -0.181151, -0.067937, 0.922104, 0.384110, -0.046722, -0.362301, 0.814667, -0.452831, -0.135875, 0.434485, 0.890371),

              ["LeftUpperLeg"] = CFrame.new(0.000000, 0.000000, -0.000100, 0.998290, 0.058054, -0.006876, -0.012652, 0.099712, -0.994934, -0.057074, 0.993321, 0.100292),

              ["LowerTorso"] = CFrame.new(0.000000, -0.279662, 2.059149, 1.000000, 0.000000, -0.000000, 0.000000, 0.915047, 0.403347, 0.000000, -0.403347, 0.915047),

              ["RightFoot"] = CFrame.new(0.000000, 0.023848, -0.000102, 0.993574, 0.086584, 0.072906, -0.056604, 0.937852, -0.342410, -0.098016, 0.336061, 0.936718),

              ["RightHand"] = CFrame.new(-0.000488, 0.017668, -0.000000, 0.946362, 0.279326, -0.162407, -0.217539, 0.922470, 0.318948, 0.238904, -0.266508, 0.933754),

              ["RightLowerArm"] = CFrame.new(-0.000000, 0.090196, 0.032827, 1.000000, 0.000000, 0.000000, 0.000000, 0.663029, -0.748593, -0.000000, 0.748593, 0.663030),

              ["RightLowerLeg"] = CFrame.new(0.000000, 0.099726, -0.037664, 1.000000, 0.000000, 0.000000, -0.000000, 0.612930, 0.790143, 0.000000, -0.790137, 0.612923),

              ["RightUpperArm"] = CFrame.new(0.026875, -0.132745, -0.092367, 0.946250, -0.321118, -0.038650, 0.265488, 0.839405, -0.474251, 0.184734, 0.438499, 0.879541),

              ["RightUpperLeg"] = CFrame.new(0.000000, 0.000000, 0.000000, 0.993573, -0.112143, -0.015354, -0.000811, 0.128577, -0.991697, 0.113186, 0.985339, 0.127678),

              ["UpperTorso"] = CFrame.new(0.000000, 0.000000, 0.000000, 1.000000, 0.000000, 0.000000, 0.000000, 1.000000, 0.000000, -0.000000, 0.000000, 1.000000)

          }},

          {Time = 0.183, Data = {

              ["Head"] = CFrame.new(0.000000, 0.000000, 0.000000, 0.999992, -0.003973, 0.000737, 0.003669, 0.969099, 0.246646, -0.001694, -0.246641, 0.969105),

              ["LeftFoot"] = CFrame.new(-0.000000, 0.013623, -0.000003, 0.998402, -0.043222, -0.036394, 0.050892, 0.967714, 0.246874, 0.024547, -0.248319, 0.968364),

              ["LeftHand"] = CFrame.new(0.000490, 0.015365, 0.000000, 0.935621, -0.305136, 0.177501, 0.120927, 0.749445, 0.650932, -0.331647, -0.587557, 0.738093),

              ["LeftLowerArm"] = CFrame.new(-0.000500, 0.081568, 0.026245, 1.000000, -0.000000, -0.000000, 0.000000, 0.731256, -0.682103, 0.000000, 0.682103, 0.731256),

              ["LeftLowerLeg"] = CFrame.new(0.000000, 0.068725, -0.016718, 1.000000, -0.000000, -0.000000, 0.000000, 0.828908, 0.559382, -0.000000, -0.559385, 0.828910),

              ["LeftUpperArm"] = CFrame.new(-0.047163, -0.189139, -0.095736, 0.905674, 0.419902, -0.058631, -0.378277, 0.737839, -0.559017, -0.191473, 0.528466, 0.827081),

              ["LeftUpperLeg"] = CFrame.new(0.000000, -0.000000, -0.000100, 0.998402, 0.055916, -0.008120, -0.006054, -0.037040, -0.999296, -0.056178, 0.997748, -0.036627),

              ["LowerTorso"] = CFrame.new(0.000000, -0.328722, 2.477273, 1.000000, 0.000000, -0.000000, 0.000000, 0.888460, 0.458955, 0.000000, -0.458955, 0.888460),

              ["RightFoot"] = CFrame.new(-0.000000, 0.024196, -0.000102, 0.993787, 0.085139, 0.071689, -0.058030, 0.945973, -0.319032, -0.094972, 0.312869, 0.945029),

              ["RightHand"] = CFrame.new(-0.000487, 0.019450, 0.000000, 0.943420, 0.286656, -0.166700, -0.207785, 0.902806, 0.376524, 0.258428, -0.320579, 0.911285),

              ["RightLowerArm"] = CFrame.new(0.000000, 0.096868, 0.039184, 1.000000, 0.000000, 0.000000, -0.000000, 0.597050, -0.802204, -0.000000, 0.802204, 0.597051),

              ["RightLowerLeg"] = CFrame.new(-0.000000, 0.100707, -0.038561, 1.000000, 0.000000, 0.000000, -0.000000, 0.603576, 0.797311, 0.000000, -0.797305, 0.603569),

              ["RightUpperArm"] = CFrame.new(0.028744, -0.117881, -0.118415, 0.942511, -0.330138, -0.051780, 0.235761, 0.766726, -0.597116, 0.236832, 0.550582, 0.800482),

              ["RightUpperLeg"] = CFrame.new(0.000000, -0.000000, -0.000000, 0.993787, -0.110749, -0.011058, -0.015313, -0.037667, -0.999174, 0.110241, 0.993134, -0.039110),

              ["UpperTorso"] = CFrame.new(-0.000000, -0.000000, -0.000000, 1.000000, 0.000000, 0.000000, 0.000000, 1.000000, 0.000000, -0.000000, 0.000000, 1.000000)

          }},

          {Time = 0.200, Data = {

              ["Head"] = CFrame.new(0.000000, 0.000000, 0.000000, 0.999992, -0.003973, 0.000737, 0.003590, 0.957146, 0.289583, -0.001856, -0.289578, 0.957153),

              ["LeftFoot"] = CFrame.new(-0.000000, 0.011073, -0.000002, 0.998520, -0.041602, -0.035029, 0.051514, 0.929993, 0.363971, 0.017434, -0.365215, 0.930751),

              ["LeftHand"] = CFrame.new(0.000490, 0.016276, -0.000000, 0.925700, -0.326932, 0.190255, 0.099053, 0.694937, 0.712219, -0.365059, -0.640452, 0.675683),

              ["LeftLowerArm"] = CFrame.new(-0.000500, 0.084684, 0.028466, 1.000000, -0.000000, -0.000000, 0.000000, 0.708229, -0.705982, 0.000000, 0.705983, 0.708230),

              ["LeftLowerLeg"] = CFrame.new(0.000000, 0.054837, -0.010024, 1.000000, -0.000000, -0.000000, 0.000000, 0.897130, 0.441757, -0.000000, -0.441766, 0.897135),

              ["LeftUpperArm"] = CFrame.new(-0.056044, -0.192687, -0.125599, 0.887912, 0.452921, -0.080467, -0.385373, 0.636852, -0.667762, -0.251198, 0.623924, 0.740013),

              ["LeftUpperLeg"] = CFrame.new(0.000000, -0.000000, -0.000100, 0.998520, 0.053917, -0.007116, 0.000363, -0.137468, -0.990508, -0.054383, 0.989038, -0.137272),

              ["LowerTorso"] = CFrame.new(0.000000, -0.379701, 2.925644, 1.000000, 0.000000, -0.000000, 0.000000, 0.859132, 0.511754, 0.000000, -0.511754, 0.859132),

              ["RightFoot"] = CFrame.new(-0.000000, 0.023777, -0.000102, 0.994100, 0.082972, 0.069864, -0.060063, 0.957417, -0.282412, -0.090315, 0.276530, 0.956746),

              ["RightHand"] = CFrame.new(-0.000487, 0.020162, -0.000000, 0.941385, 0.291605, -0.169595, -0.196448, 0.882599, 0.427118, 0.274232, -0.368762, 0.888148),

              ["RightLowerArm"] = CFrame.new(-0.000000, 0.100215, 0.043100, 1.000000, 0.000000, 0.000000, -0.000000, 0.556477, -0.830863, -0.000000, 0.830863, 0.556477),

              ["RightLowerLeg"] = CFrame.new(0.000000, 0.099525, -0.037481, 1.000000, 0.000000, 0.000000, -0.000000, 0.614838, 0.788659, 0.000000, -0.788653, 0.614831),

              ["RightUpperArm"] = CFrame.new(0.030281, -0.097166, -0.141148, 0.939438, -0.338283, -0.054953, 0.194331, 0.657872, -0.727626, 0.282296, 0.672881, 0.683769),

              ["RightUpperLeg"] = CFrame.new(0.000000, 0.000000, 0.000000, 0.994100, -0.108159, -0.008163, -0.028539, -0.188240, -0.981712, 0.104644, 0.976149, -0.190197),

              ["UpperTorso"] = CFrame.new(0.000000, 0.000000, 0.000000, 1.000000, 0.000000, 0.000000, 0.000000, 1.000000, 0.000000, -0.000000, 0.000000, 1.000000)

          }},

          {Time = 0.217, Data = {

              ["Head"] = CFrame.new(0.000000, 0.000000, -0.000000, 0.999992, -0.003973, 0.000737, 0.003507, 0.943924, 0.330144, -0.002007, -0.330138, 0.943930),

              ["LeftFoot"] = CFrame.new(-0.000000, 0.006655, -0.000003, 0.998638, -0.039915, -0.033608, 0.051377, 0.864659, 0.499755, 0.009112, -0.500770, 0.865515),

              ["LeftHand"] = CFrame.new(0.000489, 0.016431, 0.000000, 0.915950, -0.346809, 0.201892, 0.076129, 0.644140, 0.761112, -0.394004, -0.681768, 0.616399),

              ["LeftLowerArm"] = CFrame.new(-0.000500, 0.085203, 0.028848, 1.000000, -0.000000, -0.000000, 0.000000, 0.704276, -0.709926, 0.000000, 0.709927, 0.704276),

              ["LeftLowerLeg"] = CFrame.new(-0.000000, 0.030549, -0.002712, 1.000000, -0.000000, -0.000000, 0.000000, 0.971306, 0.237818, -0.000000, -0.237834, 0.971310),

              ["LeftUpperArm"] = CFrame.new(-0.065219, -0.191054, -0.156411, 0.869562, 0.480642, -0.113335, -0.382106, 0.509498, -0.770978, -0.312821, 0.713720, 0.626696),

              ["LeftUpperLeg"] = CFrame.new(0.000000, 0.000000, -0.000100, 0.998638, 0.052070, -0.003368, 0.006393, -0.186179, -0.982496, -0.051786, 0.981135, -0.186251),

              ["LowerTorso"] = CFrame.new(0.000000, -0.432117, 3.397736, 1.000000, 0.000000, -0.000000, 0.000000, 0.827970, 0.560772, 0.000000, -0.560772, 0.827970),

              ["RightFoot"] = CFrame.new(0.000000, 0.022620, -0.000102, 0.994478, 0.080283, 0.067601, -0.062411, 0.970210, -0.234106, -0.084376, 0.228577, 0.969858),

              ["RightHand"] = CFrame.new(-0.000487, 0.020246, 0.000000, 0.941017, 0.292490, -0.170109, -0.185363, 0.866222, 0.464008, 0.283067, -0.405105, 0.869344),

              ["RightLowerArm"] = CFrame.new(-0.000001, 0.100594, 0.043567, 1.000000, 0.000000, 0.000000, -0.000000, 0.551635, -0.834085, -0.000000, 0.834086, 0.551636),

              ["RightLowerLeg"] = CFrame.new(-0.000000, 0.096140, -0.034518, 1.000000, 0.000000, 0.000000, -0.000000, 0.645668, 0.763623, 0.000000, -0.763618, 0.645662),

              ["RightUpperArm"] = CFrame.new(0.031077, -0.071428, -0.158143, 0.937846, -0.343840, -0.047096, 0.142855, 0.506145, -0.850535, 0.316286, 0.790944, 0.523805),

              ["RightUpperLeg"] = CFrame.new(0.000000, 0.000000, -0.000000, 0.994477, -0.104730, -0.006823, -0.039842, -0.316607, -0.947726, 0.097096, 0.942758, -0.319013),

              ["UpperTorso"] = CFrame.new(-0.000000, 0.000000, 0.000000, 1.000000, -0.000000, 0.000000, 0.000000, 1.000000, 0.000000, -0.000000, 0.000000, 1.000000)

          }},

          {Time = 0.233, Data = {

              ["Head"] = CFrame.new(0.000000, 0.000000, 0.000000, 0.999992, -0.003973, 0.000737, 0.003425, 0.930032, 0.367462, -0.002145, -0.367457, 0.930038),

              ["LeftFoot"] = CFrame.new(0.000000, -0.011074, -0.000003, 0.998751, -0.038222, -0.032183, 0.049949, 0.780449, 0.623252, 0.001295, -0.624050, 0.781359),

              ["LeftHand"] = CFrame.new(0.000490, 0.015743, 0.000000, 0.907566, -0.362873, 0.211304, 0.055616, 0.602654, 0.796065, -0.416211, -0.710726, 0.567126),

              ["LeftLowerArm"] = CFrame.new(-0.000500, 0.082877, 0.027163, 1.000000, -0.000000, -0.000000, 0.000000, 0.721740, -0.692164, 0.000000, 0.692164, 0.721740),

              ["LeftLowerLeg"] = CFrame.new(-0.000000, -0.010633, -0.000039, 1.000000, 0.000000, 0.000000, 0.000000, 1.000000, -0.000007, 0.000000, -0.000011, 1.000000),

              ["LeftUpperArm"] = CFrame.new(-0.073922, -0.183328, -0.186678, 0.852156, 0.499600, -0.155659, -0.366655, 0.357822, -0.858794, -0.373356, 0.788900, 0.488101),

              ["LeftUpperLeg"] = CFrame.new(0.000000, 0.000000, -0.000101, 0.998751, 0.049949, 0.001295, 0.011880, -0.212227, -0.977149, -0.048532, 0.975943, -0.212553),

              ["LowerTorso"] = CFrame.new(0.000000, -0.485493, 3.887017, 1.000000, 0.000000, -0.000000, 0.000000, 0.796024, 0.605265, 0.000000, -0.605265, 0.796024),

              ["RightFoot"] = CFrame.new(0.000000, 0.020564, -0.000103, 0.994881, 0.077300, 0.065088, -0.064790, 0.982224, -0.176193, -0.077545, 0.171059, 0.982201),

              ["RightHand"] = CFrame.new(-0.000487, 0.019646, -0.000000, 0.942820, 0.288129, -0.167552, -0.176913, 0.858647, 0.481072, 0.282476, -0.423919, 0.860521),

              ["RightLowerArm"] = CFrame.new(0.000000, 0.097812, 0.040253, 1.000000, 0.000000, 0.000000, -0.000000, 0.585983, -0.810323, -0.000000, 0.810324, 0.585983),

              ["RightLowerLeg"] = CFrame.new(-0.000000, 0.090327, -0.030034, 1.000000, 0.000000, 0.000000, -0.000000, 0.692320, 0.721594, 0.000000, -0.721591, 0.692316),

              ["RightUpperArm"] = CFrame.new(0.030830, -0.042608, -0.167523, 0.938340, -0.344446, -0.029566, 0.085214, 0.313325, -0.945815, 0.335046, 0.884977, 0.323357),

              ["RightUpperLeg"] = CFrame.new(0.000000, 0.000000, -0.000000, 0.994881, -0.100814, -0.006937, -0.048894, -0.420177, -0.906132, 0.088435, 0.901825, -0.422938),

              ["UpperTorso"] = CFrame.new(-0.000000, 0.000000, -0.000000, 1.000000, 0.000000, 0.000000, 0.000000, 1.000000, 0.000000, -0.000000, 0.000000, 1.000000)

          }},

          {Time = 0.250, Data = {

              ["Head"] = CFrame.new(0.000000, 0.000000, 0.000000, 0.999992, -0.003973, 0.000737, 0.003345, 0.916175, 0.400763, -0.002267, -0.400758, 0.916181),

              ["LeftFoot"] = CFrame.new(-0.000000, -0.050450, -0.000003, 0.998856, -0.036584, -0.030804, 0.047825, 0.765289, 0.641938, 0.000089, -0.642647, 0.766137),

              ["LeftHand"] = CFrame.new(0.000491, 0.014200, 0.000000, 0.902503, -0.372164, 0.216760, 0.041056, 0.575342, 0.816884, -0.428723, -0.728338, 0.534523),

              ["LeftLowerArm"] = CFrame.new(-0.000500, 0.077509, 0.023551, 1.000000, -0.000000, -0.000000, 0.000000, 0.759135, -0.650933, 0.000000, 0.650934, 0.759135),

              ["LeftLowerLeg"] = CFrame.new(-0.000000, -0.049873, -0.000559, 1.000000, -0.000000, -0.000000, -0.000000, 1.000000, -0.000008, -0.000000, -0.000011, 1.000000),

              ["LeftUpperArm"] = CFrame.new(-0.080899, -0.168497, -0.214390, 0.838203, 0.506276, -0.202734, -0.336992, 0.188552, -0.922434, -0.428780, 0.841506, 0.328656),

              ["LeftUpperLeg"] = CFrame.new(0.000000, 0.000000, -0.000100, 0.998856, 0.047825, 0.000089, 0.016732, -0.347725, -0.937448, -0.044802, 0.936376, -0.348125),

