return {
["super corkscrew twerk 2"] = {

          {Time = 0.000, Data = {

              ["Head"] = CFrame.new(0.000000, 0.000000, -0.000000, 0.997432, 0.067611, 0.023625, -0.069086, 0.821318, 0.566271, 0.018883, -0.566449, 0.823880),

              ["LeftFoot"] = CFrame.new(-0.000000, -0.016235, -0.000003, 0.998191, -0.045988, -0.038724, 0.055575, 0.951500, 0.302619, 0.022925, -0.304193, 0.952325),

              ["LeftHand"] = CFrame.new(0.000483, 0.025618, -0.000000, 0.994453, 0.090521, -0.053560, -0.045135, 0.827230, 0.560052, 0.095002, -0.554524, 0.826725),

              ["LeftLowerArm"] = CFrame.new(-0.000499, 0.119963, 0.098149, 1.000000, -0.000000, -0.000000, 0.000000, -0.014996, -0.999888, 0.000000, 0.999888, -0.014997),

              ["LeftLowerLeg"] = CFrame.new(-0.000000, -0.015777, -0.000108, 1.000000, 0.000000, -0.000000, -0.000000, 1.000000, -0.000007, -0.000000, -0.000011, 1.000000),

              ["LeftUpperArm"] = CFrame.new(0.082322, -0.212430, -0.082830, 0.768576, 0.466175, -0.438145, -0.469300, 0.876273, 0.109104, 0.434796, 0.121767, 0.892258),

              ["LeftUpperLeg"] = CFrame.new(-0.000000, 0.000000, -0.000100, 0.154985, 0.971789, -0.177777, 0.093557, -0.193585, -0.976613, -0.983477, 0.134727, -0.120922),

              ["LowerTorso"] = CFrame.new(-0.071192, -1.731417, -0.400674, -0.974862, 0.078785, -0.208414, 0.058964, 0.993272, 0.099671, 0.214864, 0.084877, -0.972949),

              ["RightFoot"] = CFrame.new(0.000000, 0.006699, -0.000103, 0.934053, -0.273192, -0.230034, 0.267527, 0.961916, -0.056100, 0.236588, -0.009133, 0.971564),

              ["RightHand"] = CFrame.new(-0.000483, 0.026046, 0.000000, 0.998794, -0.042069, 0.025333, 0.006337, 0.621990, 0.783003, -0.048697, -0.781895, 0.621502),

              ["RightLowerArm"] = CFrame.new(-0.000001, 0.119354, 0.109905, 1.000000, 0.000000, -0.000000, 0.000000, -0.137077, -0.990560, -0.000000, 0.990560, -0.137078),

              ["RightLowerLeg"] = CFrame.new(0.000000, 0.029536, -0.002653, 1.000000, 0.000000, -0.000000, -0.000000, 0.972921, 0.231121, 0.000000, -0.231137, 0.972925),

              ["RightUpperArm"] = CFrame.new(-0.073524, -0.225051, -0.093431, 0.893432, -0.124765, 0.431524, 0.244435, 0.941005, -0.234012, -0.376869, 0.314554, 0.871221),

              ["RightUpperLeg"] = CFrame.new(0.000000, 0.000000, 0.000000, 0.442505, -0.873859, 0.201387, -0.175228, 0.135994, 0.975092, -0.879480, -0.466772, -0.092948),

              ["UpperTorso"] = CFrame.new(-0.105990, 0.049314, -0.096349, 0.998671, 0.008426, 0.050844, -0.047113, 0.549165, 0.834385, -0.020891, -0.835671, 0.548833)

          }},

          {Time = 0.017, Data = {

              ["Head"] = CFrame.new(-0.000000, -0.000000, 0.000000, 0.997432, 0.067611, 0.023625, -0.069086, 0.821318, 0.566271, 0.018883, -0.566449, 0.823880),

              ["LeftFoot"] = CFrame.new(-0.000000, -0.022704, -0.000003, 0.998923, -0.035490, -0.029885, 0.042793, 0.953637, 0.297931, 0.017922, -0.298858, 0.954119),

              ["LeftHand"] = CFrame.new(0.000483, 0.025612, 0.000000, 0.994492, 0.090209, -0.053378, -0.044988, 0.827303, 0.559955, 0.094672, -0.554465, 0.826802),

              ["LeftLowerArm"] = CFrame.new(-0.000499, 0.119963, 0.098016, 1.000000, -0.000000, -0.000000, 0.000000, -0.013618, -0.999907, 0.000000, 0.999907, -0.013619),

              ["LeftLowerLeg"] = CFrame.new(-0.000000, -0.022224, -0.000193, 1.000000, -0.000000, -0.000000, 0.000000, 1.000000, -0.000008, -0.000000, -0.000011, 1.000000),

              ["LeftUpperArm"] = CFrame.new(0.082297, -0.212430, -0.082786, 0.768528, 0.465970, -0.438448, -0.469299, 0.876321, 0.108724, 0.434883, 0.122206, 0.892156),

              ["LeftUpperLeg"] = CFrame.new(-0.000000, 0.000000, -0.000100, 0.171219, 0.967149, -0.187895, 0.120995, -0.209913, -0.970205, -0.977775, 0.143382, -0.152963),

              ["LowerTorso"] = CFrame.new(-0.085345, -1.716119, -0.420161, -0.972789, 0.101707, -0.208178, 0.073754, 0.987696, 0.137904, 0.219642, 0.118797, -0.968320),

              ["RightFoot"] = CFrame.new(-0.000000, 0.008268, -0.000103, 0.938600, -0.263917, -0.222224, 0.253010, 0.964416, -0.076735, 0.234556, 0.015801, 0.971971),

              ["RightHand"] = CFrame.new(-0.000483, 0.026038, 0.000000, 0.998828, -0.041455, 0.024975, 0.006280, 0.622713, 0.782428, -0.047988, -0.781352, 0.622240),

              ["RightLowerArm"] = CFrame.new(-0.000001, 0.119380, 0.109702, 1.000000, 0.000000, -0.000000, 0.000000, -0.134975, -0.990849, -0.000000, 0.990849, -0.134977),

              ["RightLowerLeg"] = CFrame.new(-0.000000, 0.037934, -0.004555, 1.000000, 0.000000, -0.000000, -0.000000, 0.953654, 0.300892, 0.000000, -0.300906, 0.953658),

              ["RightUpperArm"] = CFrame.new(-0.073503, -0.225145, -0.093441, 0.893389, -0.124716, 0.431628, 0.244624, 0.940839, -0.234479, -0.376849, 0.315068, 0.871044),

              ["RightUpperLeg"] = CFrame.new(0.000000, -0.000000, 0.000000, 0.434298, -0.863492, 0.256441, -0.140300, 0.216384, 0.966178, -0.889776, -0.455588, -0.027175),

              ["UpperTorso"] = CFrame.new(-0.109390, 0.042899, -0.103275, 0.997917, 0.019780, 0.061401, -0.061444, 0.581309, 0.811359, -0.019645, -0.813442, 0.581314)

          }},

          {Time = 0.033, Data = {

              ["Head"] = CFrame.new(0.000000, 0.000000, -0.000000, 0.997432, 0.067611, 0.023625, -0.069086, 0.821318, 0.566271, 0.018883, -0.566449, 0.823880),

              ["LeftFoot"] = CFrame.new(-0.000000, -0.025583, -0.000003, 0.999553, -0.022881, -0.019267, 0.027451, 0.957532, 0.287049, 0.011878, -0.287419, 0.957722),

              ["LeftHand"] = CFrame.new(0.000483, 0.025604, -0.000000, 0.994542, 0.089793, -0.053136, -0.044793, 0.827408, 0.559817, 0.094231, -0.554377, 0.826911),

              ["LeftLowerArm"] = CFrame.new(-0.000499, 0.119961, 0.097840, 1.000000, -0.000000, -0.000000, 0.000000, -0.011785, -0.999931, 0.000000, 0.999931, -0.011786),

              ["LeftLowerLeg"] = CFrame.new(0.000000, -0.025093, -0.000231, 1.000000, -0.000000, 0.000000, -0.000000, 1.000000, -0.000008, -0.000000, -0.000011, 1.000000),

              ["LeftUpperArm"] = CFrame.new(0.082268, -0.212427, -0.082731, 0.768468, 0.465701, -0.438839, -0.469294, 0.876384, 0.108232, 0.434995, 0.122772, 0.892024),

              ["LeftUpperLeg"] = CFrame.new(-0.000000, -0.000000, -0.000100, 0.191190, 0.963992, -0.184836, 0.161815, -0.216692, -0.962736, -0.968123, 0.154155, -0.197420),

              ["LowerTorso"] = CFrame.new(-0.093471, -1.691911, -0.443680, -0.970716, 0.120924, -0.207577, 0.081092, 0.978296, 0.190687, 0.226130, 0.168270, -0.959453),

              ["RightFoot"] = CFrame.new(0.000000, 0.009262, -0.000103, 0.944360, -0.251605, -0.211857, 0.239084, 0.967427, -0.083214, 0.225882, 0.027933, 0.973752),

              ["RightHand"] = CFrame.new(-0.000483, 0.026026, -0.000000, 0.998874, -0.040639, 0.024498, 0.006203, 0.623674, 0.781663, -0.047044, -0.780628, 0.623220),

              ["RightLowerArm"] = CFrame.new(-0.000001, 0.119414, 0.109430, 1.000000, 0.000000, 0.000000, 0.000000, -0.132155, -0.991229, -0.000000, 0.991229, -0.132156),

              ["RightLowerLeg"] = CFrame.new(0.000000, 0.043422, -0.006112, 1.000000, 0.000000, 0.000000, -0.000000, 0.937871, 0.346973, 0.000000, -0.346985, 0.937875),

              ["RightUpperArm"] = CFrame.new(-0.073472, -0.225272, -0.093450, 0.893327, -0.124640, 0.431777, 0.244878, 0.940614, -0.235119, -0.376830, 0.315771, 0.870798),

              ["RightUpperLeg"] = CFrame.new(0.000000, -0.000000, 0.000000, 0.426792, -0.854824, 0.295159, -0.085568, 0.286754, 0.954179, -0.900293, -0.432491, 0.049235),

              ["UpperTorso"] = CFrame.new(-0.109684, 0.029940, -0.108986, 0.997492, 0.029155, 0.064488, -0.068552, 0.624478, 0.778028, -0.017589, -0.780498, 0.624911)

          }},

          {Time = 0.050, Data = {

              ["Head"] = CFrame.new(0.000000, 0.000000, 0.000000, 0.997432, 0.067611, 0.023625, -0.069086, 0.821318, 0.566271, 0.018883, -0.566449, 0.823880),

              ["LeftFoot"] = CFrame.new(0.000000, -0.025553, -0.000003, 0.999940, -0.008415, -0.007087, 0.010017, 0.962758, 0.270208, 0.004546, -0.270233, 0.962776),

              ["LeftHand"] = CFrame.new(0.000483, 0.025595, 0.000000, 0.994602, 0.089295, -0.052845, -0.044560, 0.827536, 0.559645, 0.093704, -0.554266, 0.827046),

              ["LeftLowerArm"] = CFrame.new(-0.000499, 0.119959, 0.097629, 1.000000, -0.000000, 0.000000, 0.000000, -0.009591, -0.999954, 0.000000, 0.999954, -0.009592),

              ["LeftLowerLeg"] = CFrame.new(0.000000, -0.025063, -0.000231, 1.000000, -0.000000, -0.000000, -0.000000, 1.000000, -0.000007, -0.000000, -0.000011, 1.000000),

              ["LeftUpperArm"] = CFrame.new(0.082233, -0.212423, -0.082665, 0.768399, 0.465381, -0.439300, -0.469285, 0.876461, 0.107648, 0.435126, 0.123440, 0.891868),

              ["LeftUpperLeg"] = CFrame.new(-0.000000, 0.000000, -0.000100, 0.214373, 0.961859, -0.169910, 0.213427, -0.215883, -0.952808, -0.953149, 0.167991, -0.251569),

              ["LowerTorso"] = CFrame.new(-0.096325, -1.659250, -0.470274, -0.968795, 0.136950, -0.206592, 0.081773, 0.963427, 0.255190, 0.233985, 0.230334, -0.944562),

              ["RightFoot"] = CFrame.new(-0.000000, 0.009830, -0.000103, 0.950843, -0.236887, -0.199464, 0.225748, 0.971123, -0.077193, 0.211979, 0.028369, 0.976860),

              ["RightHand"] = CFrame.new(-0.000483, 0.026013, 0.000000, 0.998927, -0.039663, 0.023928, 0.006107, 0.624821, 0.780747, -0.045917, -0.779760, 0.624389),

              ["RightLowerArm"] = CFrame.new(-0.000001, 0.119455, 0.109104, 1.000000, 0.000000, 0.000000, 0.000000, -0.128761, -0.991675, -0.000000, 0.991676, -0.128762),

              ["RightLowerLeg"] = CFrame.new(0.000000, 0.046573, -0.007123, 1.000000, 0.000000, 0.000000, -0.000000, 0.927616, 0.373525, 0.000000, -0.373536, 0.927620),

              ["RightUpperArm"] = CFrame.new(-0.073434, -0.225424, -0.093459, 0.893251, -0.124540, 0.431964, 0.245182, 0.940339, -0.235898, -0.376814, 0.316626, 0.870494),

              ["RightUpperLeg"] = CFrame.new(0.000000, -0.000000, -0.000000, 0.419995, -0.849081, 0.320405, -0.013923, 0.346996, 0.937768, -0.907420, -0.398317, 0.133912),

              ["UpperTorso"] = CFrame.new(-0.107088, 0.011519, -0.115371, 0.997468, 0.036574, 0.060997, -0.069660, 0.675356, 0.734194, -0.014342, -0.736584, 0.676194)

          }},

          {Time = 0.067, Data = {

              ["Head"] = CFrame.new(0.000000, 0.000000, 0.000000, 0.997432, 0.067611, 0.023625, -0.069086, 0.821318, 0.566271, 0.018883, -0.566449, 0.823880),

              ["LeftFoot"] = CFrame.new(0.000000, -0.023422, -0.000003, 0.999951, 0.007609, 0.006406, -0.008959, 0.968842, 0.247547, -0.004325, -0.247564, 0.968855),

              ["LeftHand"] = CFrame.new(0.000483, 0.025584, -0.000000, 0.994670, 0.088737, -0.052520, -0.044300, 0.827683, 0.559448, 0.093113, -0.554135, 0.827200),

              ["LeftLowerArm"] = CFrame.new(-0.000499, 0.119957, 0.097392, 1.000000, -0.000000, 0.000000, 0.000000, -0.007131, -0.999975, 0.000000, 0.999975, -0.007131),

              ["LeftLowerLeg"] = CFrame.new(0.000000, -0.022940, -0.000203, 1.000000, 0.000000, -0.000000, 0.000000, 1.000000, -0.000007, 0.000000, -0.000011, 1.000000),

              ["LeftUpperArm"] = CFrame.new(0.082195, -0.212417, -0.082592, 0.768323, 0.465023, -0.439811, -0.469273, 0.876546, 0.107001, 0.435272, 0.124180, 0.891694),

              ["LeftUpperLeg"] = CFrame.new(-0.000000, 0.000000, -0.000100, 0.240144, 0.959951, -0.144309, 0.273120, -0.209473, -0.938897, -0.931524, 0.186054, -0.312487),

              ["LowerTorso"] = CFrame.new(-0.094672, -1.618592, -0.498897, -0.967055, 0.150328, -0.205443, 0.076590, 0.941443, 0.328357, 0.242774, 0.301805, -0.921941),

              ["RightFoot"] = CFrame.new(-0.000000, 0.010065, -0.000103, 0.957568, -0.220467, -0.185638, 0.212811, 0.975221, -0.060461, 0.194358, 0.018390, 0.980756),

              ["RightHand"] = CFrame.new(-0.000483, 0.025997, 0.000000, 0.998985, -0.038571, 0.023290, 0.005995, 0.626107, 0.779717, -0.044656, -0.778783, 0.625699),

              ["RightLowerArm"] = CFrame.new(-0.000001, 0.119497, 0.108735, 1.000000, 0.000000, -0.000000, -0.000000, -0.124939, -0.992164, -0.000000, 0.992164, -0.124940),

              ["RightLowerLeg"] = CFrame.new(-0.000000, 0.047885, -0.007570, 1.000000, 0.000000, 0.000000, -0.000000, 0.923078, 0.384602, 0.000000, -0.384613, 0.923082),

              ["RightUpperArm"] = CFrame.new(-0.073389, -0.225594, -0.093464, 0.893163, -0.124419, 0.432182, 0.245521, 0.940028, -0.236782, -0.376802, 0.317595, 0.870146),

              ["RightUpperLeg"] = CFrame.new(0.000000, -0.000000, -0.000000, 0.413811, -0.846474, 0.335014, 0.071187, 0.396975, 0.915070, -0.907575, -0.354814, 0.224528),

              ["UpperTorso"] = CFrame.new(-0.101620, -0.011010, -0.124303, 0.997771, 0.042004, 0.051844, -0.066071, 0.730438, 0.679776, -0.009315, -0.681686, 0.731586)

          }},

          {Time = 0.083, Data = {

              ["Head"] = CFrame.new(-0.000000, 0.000000, -0.000000, 0.997432, 0.067611, 0.023625, -0.069086, 0.821318, 0.566272, 0.018883, -0.566449, 0.823880),

              ["LeftFoot"] = CFrame.new(0.000000, -0.020042, -0.000003, 0.999473, 0.024835, 0.020911, -0.028821, 0.975246, 0.219264, -0.014949, -0.219724, 0.975442),

              ["LeftHand"] = CFrame.new(0.000483, 0.025572, 0.000000, 0.994741, 0.088141, -0.052173, -0.044021, 0.827844, 0.559232, 0.092481, -0.553990, 0.827368),

              ["LeftLowerArm"] = CFrame.new(-0.000499, 0.119954, 0.097138, 1.000000, -0.000000, -0.000000, 0.000000, -0.004496, -0.999990, 0.000000, 0.999990, -0.004496),

              ["LeftLowerLeg"] = CFrame.new(-0.000000, -0.019572, -0.000158, 1.000000, 0.000000, 0.000000, 0.000000, 1.000000, -0.000007, 0.000000, -0.000011, 1.000000),

              ["LeftUpperArm"] = CFrame.new(0.082155, -0.212410, -0.082514, 0.768243, 0.464640, -0.440354, -0.469259, 0.876637, 0.106313, 0.435428, 0.124966, 0.891508),

              ["LeftUpperLeg"] = CFrame.new(-0.000000, 0.000000, -0.000100, 0.267776, 0.957264, -0.109270, 0.338058, -0.199555, -0.919725, -0.902226, 0.209338, -0.377049),

              ["LowerTorso"] = CFrame.new(-0.089285, -1.570534, -0.528421, -0.965444, 0.161617, -0.204446, 0.066341, 0.911052, 0.406920, 0.252026, 0.379295, -0.890291),

              ["RightFoot"] = CFrame.new(0.000000, 0.009986, -0.000103, 0.964103, -0.203118, -0.171030, 0.200360, 0.979152, -0.033425, 0.174245, -0.002042, 0.984699),

              ["RightHand"] = CFrame.new(-0.000483, 0.025981, 0.000000, 0.999044, -0.037406, 0.022609, 0.005873, 0.627480, 0.778613, -0.043311, -0.777734, 0.627097),

              ["RightLowerArm"] = CFrame.new(-0.000001, 0.119543, 0.108340, 1.000000, 0.000000, 0.000000, -0.000000, -0.120836, -0.992672, -0.000000, 0.992673, -0.120837),

              ["RightLowerLeg"] = CFrame.new(0.000000, 0.047446, -0.007419, 1.000000, 0.000000, 0.000000, -0.000000, 0.924615, 0.380892, 0.000000, -0.380903, 0.924620),

              ["RightUpperArm"] = CFrame.new(-0.073341, -0.225774, -0.093467, 0.893066, -0.124281, 0.432421, 0.245882, 0.939693, -0.237738, -0.376797, 0.318640, 0.869766),

              ["RightUpperLeg"] = CFrame.new(0.000000, -0.000000, 0.000000, 0.408126, -0.847197, 0.340122, 0.165688, 0.435127, 0.884998, -0.897764, -0.304831, 0.317955),

              ["UpperTorso"] = CFrame.new(-0.093210, -0.035995, -0.137346, 0.998247, 0.045399, 0.037970, -0.059153, 0.786211, 0.615120, -0.001927, -0.616288, 0.787519)

          }},

          {Time = 0.100, Data = {

              ["Head"] = CFrame.new(0.000000, 0.000000, -0.000000, 0.997432, 0.067611, 0.023625, -0.069086, 0.821318, 0.566271, 0.018883, -0.566449, 0.823880),

              ["LeftFoot"] = CFrame.new(0.000000, -0.016270, -0.000003, 0.998431, 0.042829, 0.036062, -0.048807, 0.981389, 0.185751, -0.027437, -0.187194, 0.981935),

              ["LeftHand"] = CFrame.new(0.000483, 0.025560, 0.000000, 0.994814, 0.087527, -0.051815, -0.043735, 0.828012, 0.559006, 0.091831, -0.553837, 0.827543),

              ["LeftLowerArm"] = CFrame.new(-0.000499, 0.119950, 0.096877, 1.000000, -0.000000, -0.000000, 0.000000, -0.001782, -0.999998, 0.000000, 0.999998, -0.001783),

              ["LeftLowerLeg"] = CFrame.new(-0.000000, -0.015813, -0.000108, 1.000000, 0.000000, -0.000000, 0.000000, 1.000000, -0.000008, -0.000000, -0.000011, 1.000000),

              ["LeftUpperArm"] = CFrame.new(0.082114, -0.212402, -0.082433, 0.768162, 0.464246, -0.440911, -0.469244, 0.876731, 0.105609, 0.435588, 0.125770, 0.891316),

              ["LeftUpperLeg"] = CFrame.new(-0.000000, 0.000000, -0.000100, 0.296450, 0.952749, -0.066222, 0.405352, -0.188308, -0.894555, -0.864758, 0.238345, -0.442024),

              ["LowerTorso"] = CFrame.new(-0.080936, -1.515927, -0.557672, -0.963873, 0.171376, -0.203908, 0.051841, 0.871591, 0.487485, 0.261268, 0.459303, -0.848988),

              ["RightFoot"] = CFrame.new(0.000000, 0.009596, -0.000103, 0.970105, -0.185644, -0.156316, 0.188492, 0.982069, 0.003461, 0.152863, -0.032818, 0.987701),

              ["RightHand"] = CFrame.new(-0.000483, 0.025963, -0.000000, 0.999104, -0.036210, 0.021911, 0.005742, 0.628893, 0.777474, -0.041931, -0.776648, 0.628534),

              ["RightLowerArm"] = CFrame.new(-0.000001, 0.119587, 0.107932, 1.000000, 0.000000, -0.000000, 0.000000, -0.116598, -0.993179, -0.000000, 0.993179, -0.116598),

              ["RightLowerLeg"] = CFrame.new(-0.000000, 0.045267, -0.006693, 1.000000, 0.000000, 0.000000, -0.000000, 0.931979, 0.362500, 0.000000, -0.362512, 0.931984),

              ["RightUpperArm"] = CFrame.new(-0.073290, -0.225959, -0.093467, 0.892964, -0.124131, 0.432675, 0.246252, 0.939345, -0.238729, -0.376797, 0.319724, 0.869368),

              ["RightUpperLeg"] = CFrame.new(0.000000, -0.000000, 0.000000, 0.402870, -0.851166, 0.336460, 0.265031, 0.460365, 0.847250, -0.876045, -0.252153, 0.411051),

              ["UpperTorso"] = CFrame.new(-0.081793, -0.061547, -0.155503, 0.998701, 0.046729, 0.020326, -0.050289, 0.839373, 0.541225, 0.008230, -0.541544, 0.840632)

          }},

          {Time = 0.117, Data = {

              ["Head"] = CFrame.new(0.000000, 0.000000, -0.000000, 0.997432, 0.067612, 0.023625, -0.069086, 0.821318, 0.566272, 0.018883, -0.566449, 0.823880),

              ["LeftFoot"] = CFrame.new(0.000000, -0.012904, -0.000003, 0.996806, 0.061092, 0.051440, -0.068094, 0.986687, 0.147712, -0.041731, -0.150720, 0.987692),

              ["LeftHand"] = CFrame.new(0.000483, 0.025548, 0.000000, 0.994886, 0.086918, -0.051460, -0.043451, 0.828181, 0.558779, 0.091185, -0.553681, 0.827719),

              ["LeftLowerArm"] = CFrame.new(-0.000499, 0.119944, 0.096617, 1.000000, -0.000000, 0.000000, 0.000000, 0.000915, -1.000000, 0.000000, 1.000000, 0.000914),

              ["LeftLowerLeg"] = CFrame.new(0.000000, -0.012458, -0.000064, 1.000000, -0.000000, -0.000000, -0.000000, 1.000000, -0.000007, -0.000000, -0.000011, 1.000000),

              ["LeftUpperArm"] = CFrame.new(0.082074, -0.212394, -0.082354, 0.768082, 0.463855, -0.441462, -0.469227, 0.876824, 0.104912, 0.435748, 0.126565, 0.891126),

              ["LeftUpperLeg"] = CFrame.new(-0.000000, 0.000000, -0.000100, 0.325275, 0.945469, -0.016868, 0.472177, -0.177853, -0.863375, -0.819295, 0.272867, -0.504280),

              ["LowerTorso"] = CFrame.new(-0.070379, -1.455950, -0.585498, -0.962246, 0.180120, -0.204056, 0.033922, 0.823227, 0.566698, 0.270058, 0.538381, -0.798257),

              ["RightFoot"] = CFrame.new(0.000000, 0.008885, -0.000103, 0.975345, -0.168814, -0.142145, 0.177328, 0.982910, 0.049435, 0.131364, -0.073415, 0.988611),

              ["RightHand"] = CFrame.new(-0.000483, 0.025947, -0.000000, 0.999161, -0.035025, 0.021219, 0.005608, 0.630294, 0.776339, -0.040565, -0.775566, 0.629958),

              ["RightLowerArm"] = CFrame.new(-0.000001, 0.119630, 0.107525, 1.000000, 0.000000, -0.000000, -0.000000, -0.112374, -0.993666, -0.000000, 0.993666, -0.112375),

              ["RightLowerLeg"] = CFrame.new(-0.000000, 0.041326, -0.005488, 1.000000, 0.000000, -0.000000, -0.000000, 0.944205, 0.329346, 0.000000, -0.329359, 0.944209),

              ["RightUpperArm"] = CFrame.new(-0.073238, -0.226141, -0.093464, 0.892861, -0.123973, 0.432933, 0.246616, 0.938996, -0.239723, -0.376803, 0.320807, 0.868966),

              ["RightUpperLeg"] = CFrame.new(0.000000, -0.000000, -0.000000, 0.398031, -0.858057, 0.324502, 0.364525, 0.472552, 0.802387, -0.841839, -0.201079, 0.500872),

              ["UpperTorso"] = CFrame.new(-0.067393, -0.085720, -0.179049, 0.998941, 0.046013, -0.000134, -0.040798, 0.887069, 0.459831, 0.021278, -0.459339, 0.888006)

          }},

          {Time = 0.133, Data = {

              ["Head"] = CFrame.new(0.000000, 0.000000, -0.000000, 0.997432, 0.067611, 0.023625, -0.069086, 0.821318, 0.566271, 0.018883, -0.566449, 0.823880),

              ["LeftFoot"] = CFrame.new(0.000000, -0.010592, -0.000003, 0.994643, 0.079072, 0.066581, -0.085864, 0.990630, 0.106225, -0.057556, -0.111351, 0.992111),

              ["LeftHand"] = CFrame.new(0.000483, 0.025537, -0.000000, 0.994954, 0.086334, -0.051120, -0.043179, 0.828344, 0.558557, 0.090566, -0.553527, 0.827889),

              ["LeftLowerArm"] = CFrame.new(-0.000499, 0.119939, 0.096368, 1.000000, -0.000000, -0.000000, 0.000000, 0.003501, -0.999994, 0.000000, 0.999994, 0.003500),

              ["LeftLowerLeg"] = CFrame.new(0.000000, -0.010154, -0.000033, 1.000000, 0.000000, -0.000000, 0.000000, 1.000000, -0.000008, 0.000000, -0.000011, 1.000000),

              ["LeftUpperArm"] = CFrame.new(0.082036, -0.212385, -0.082277, 0.768006, 0.463481, -0.441987, -0.469210, 0.876912, 0.104248, 0.435901, 0.127322, 0.890943),

              ["LeftUpperLeg"] = CFrame.new(-0.000000, 0.000000, -0.000100, 0.353327, 0.934776, 0.036800, 0.535940, -0.170023, -0.826958, -0.766765, 0.311906, -0.561058),

              ["LowerTorso"] = CFrame.new(-0.058334, -1.392148, -0.610859, -0.960482, 0.188273, -0.205006, 0.013440, 0.767036, 0.641464, 0.278017, 0.613359, -0.739254),

              ["RightFoot"] = CFrame.new(-0.000000, 0.007794, -0.000103, 0.979715, -0.153292, -0.129075, 0.167141, 0.980402, 0.104299, 0.110553, -0.123745, 0.986135),

              ["RightHand"] = CFrame.new(-0.000483, 0.025930, 0.000000, 0.999214, -0.033892, 0.020557, 0.005475, 0.631636, 0.775249, -0.039259, -0.774524, 0.631322),

              ["RightLowerArm"] = CFrame.new(-0.000001, 0.119670, 0.107134, 1.000000, 0.000000, -0.000000, 0.000000, -0.108314, -0.994117, -0.000000, 0.994117, -0.108315),

              ["RightLowerLeg"] = CFrame.new(0.000000, 0.035356, -0.003911, 1.000000, 0.000000, -0.000000, -0.000000, 0.960176, 0.279382, 0.000000, -0.279396, 0.960180),

              ["RightUpperArm"] = CFrame.new(-0.073188, -0.226315, -0.093458, 0.892760, -0.123814, 0.433186, 0.246964, 0.938659, -0.240681, -0.376814, 0.321852, 0.868575),

              ["RightUpperLeg"] = CFrame.new(0.000000, -0.000000, -0.000000, 0.393646, -0.867681, 0.303589, 0.459767, 0.471823, 0.752332, -0.796026, -0.156564, 0.584662),

              ["UpperTorso"] = CFrame.new(-0.050187, -0.106753, -0.207475, 0.998808, 0.043344, -0.022463, -0.031836, 0.927127, 0.373394, 0.037011, -0.372234, 0.927401)

          }},

          {Time = 0.150, Data = {

              ["Head"] = CFrame.new(0.000000, -0.000000, 0.000000, 0.997432, 0.067612, 0.023625, -0.069086, 0.821318, 0.566271, 0.018883, -0.566449, 0.823880),

              ["LeftFoot"] = CFrame.new(-0.000000, -0.009736, -0.000003, 0.992060, 0.096204, 0.081006, -0.101405, 0.992867, 0.062734, -0.074390, -0.070431, 0.994737),

              ["LeftHand"] = CFrame.new(0.000483, 0.025526, -0.000000, 0.995016, 0.085798, -0.050807, -0.042928, 0.828496, 0.558351, 0.089998, -0.553383, 0.828048),

              ["LeftLowerArm"] = CFrame.new(-0.000499, 0.119934, 0.096138, 1.000000, -0.000000, -0.000000, 0.000000, 0.005883, -0.999983, 0.000000, 0.999983, 0.005882),

              ["LeftLowerLeg"] = CFrame.new(-0.000000, -0.009302, -0.000022, 1.000000, -0.000000, 0.000000, -0.000000, 1.000000, -0.000008, -0.000000, -0.000011, 1.000000),

              ["LeftUpperArm"] = CFrame.new(0.082001, -0.212377, -0.082207, 0.767936, 0.463136, -0.442471, -0.469193, 0.876993, 0.103639, 0.436042, 0.128017, 0.890774),

              ["LeftUpperLeg"] = CFrame.new(-0.000000, 0.000000, -0.000100, 0.379705, 0.920466, 0.092568, 0.594453, -0.166099, -0.786789, -0.708837, 0.353772, -0.610241),

              ["LowerTorso"] = CFrame.new(-0.045464, -1.326421, -0.632916, -0.958533, 0.196123, -0.206764, -0.008733, 0.704976, 0.709178, 0.284849, 0.681575, -0.674030),

              ["RightFoot"] = CFrame.new(0.000000, 0.006219, -0.000103, 0.983211, -0.139581, -0.117531, 0.158162, 0.973117, 0.167438, 0.090996, -0.183197, 0.978852),

              ["RightHand"] = CFrame.new(-0.000483, 0.025915, 0.000000, 0.999261, -0.032853, 0.019950, 0.005349, 0.632869, 0.774243, -0.038061, -0.773562, 0.632573),

              ["RightLowerArm"] = CFrame.new(-0.000001, 0.119704, 0.106773, 1.000000, 0.000000, -0.000000, -0.000000, -0.104568, -0.994518, -0.000000, 0.994518, -0.104569),

              ["RightLowerLeg"] = CFrame.new(-0.000000, 0.027043, -0.002194, 1.000000, 0.000000, -0.000000, -0.000000, 0.977565, 0.210620, 0.000000, -0.210637, 0.977568),

              ["RightUpperArm"] = CFrame.new(-0.073141, -0.226474, -0.093451, 0.892666, -0.123661, 0.433424, 0.247281, 0.938347, -0.241571, -0.376829, 0.322819, 0.868209),

              ["RightUpperLeg"] = CFrame.new(0.000000, -0.000000, -0.000000, 0.389764, -0.879551, 0.272892, 0.547060, 0.459519, 0.699695, -0.740817, -0.123420, 0.660270),

              ["UpperTorso"] = CFrame.new(-0.030549, -0.123312, -0.239551, 0.998196, 0.038895, -0.045734, -0.024283, 0.958235, 0.284949, 0.054907, -0.283325, 0.957451)

          }},

          {Time = 0.167, Data = {

              ["Head"] = CFrame.new(0.000000, 0.000000, 0.000000, 0.997432, 0.067612, 0.023625, -0.069086, 0.821318, 0.566271, 0.018883, -0.566449, 0.823880),

              ["LeftFoot"] = CFrame.new(-0.000000, -0.010488, -0.000003, 0.989234, 0.111943, 0.094259, -0.114208, 0.993276, 0.018965, -0.091499, -0.029510, 0.995367),

              ["LeftHand"] = CFrame.new(0.000483, 0.025517, 0.000000, 0.995071, 0.085329, -0.050534, -0.042710, 0.828631, 0.558168, 0.089501, -0.553254, 0.828188),

              ["LeftLowerArm"] = CFrame.new(-0.000499, 0.119928, 0.095938, 1.000000, -0.000000, -0.000000, 0.000000, 0.007964, -0.999968, 0.000000, 0.999968, 0.007963),

              ["LeftLowerLeg"] = CFrame.new(0.000000, -0.010051, -0.000032, 1.000000, -0.000000, 0.000000, -0.000000, 1.000000, -0.000008, 0.000000, -0.000011, 1.000000),

              ["LeftUpperArm"] = CFrame.new(0.081971, -0.212369, -0.082145, 0.767875, 0.462835, -0.442891, -0.469178, 0.877064, 0.103109, 0.436165, 0.128620, 0.890627),

              ["LeftUpperLeg"] = CFrame.new(-0.000000, -0.000000, -0.000100, 0.403589, 0.902868, 0.148145, 0.646082, -0.166587, -0.744867, -0.647838, 0.396330, -0.650558),

              ["LowerTorso"] = CFrame.new(-0.032359, -1.260966, -0.651112, -0.956393, 0.203773, -0.209258, -0.031710, 0.639761, 0.767919, 0.290356, 0.741068, -0.605402),

              ["RightFoot"] = CFrame.new(0.000000, 0.003927, -0.000103, 0.985904, -0.127986, -0.107767, 0.150586, 0.959494, 0.238134, 0.072921, -0.250981, 0.965235),

              ["RightHand"] = CFrame.new(-0.000483, 0.025900, 0.000000, 0.999301, -0.031948, 0.019421, 0.005237, 0.633943, 0.773365, -0.037018, -0.772720, 0.633664),

              ["RightLowerArm"] = CFrame.new(-0.000001, 0.119731, 0.106457, 1.000000, 0.000000, 0.000000, -0.000000, -0.101284, -0.994857, -0.000000, 0.994858, -0.101285),

              ["RightLowerLeg"] = CFrame.new(0.000000, 0.015902, -0.000701, 1.000000, 0.000000, 0.000000, -0.000000, 0.992683, 0.120729, -0.000000, -0.120747, 0.992685),

              ["RightUpperArm"] = CFrame.new(-0.073099, -0.226612, -0.093443, 0.892582, -0.123519, 0.433636, 0.247557, 0.938072, -0.242357, -0.376845, 0.323674, 0.867884),

              ["RightUpperLeg"] = CFrame.new(0.000000, -0.000000, -0.000000, 0.386419, -0.892877, 0.231189, 0.623700, 0.437629, 0.647675, -0.679469, -0.106074, 0.725995),

              ["UpperTorso"] = CFrame.new(-0.009077, -0.134706, -0.273500, 0.997069, 0.032935, -0.069055, -0.018666, 0.980045, 0.197897, 0.074195, -0.196028, 0.977787)

          }},

          {Time = 0.183, Data = {

              ["Head"] = CFrame.new(-0.000000, -0.000000, 0.000000, 0.997432, 0.067611, 0.023625, -0.069086, 0.821318, 0.566271, 0.018883, -0.566449, 0.823880),

              ["LeftFoot"] = CFrame.new(0.000000, -0.012684, -0.000003, 0.986382, 0.125813, 0.105939, -0.124039, 0.992006, -0.023214, -0.108007, 0.009770, 0.994102),

              ["LeftHand"] = CFrame.new(0.000483, 0.025509, 0.000000, 0.995114, 0.084950, -0.050313, -0.042534, 0.828741, 0.558018, 0.089099, -0.553148, 0.828302),

              ["LeftLowerArm"] = CFrame.new(-0.000499, 0.119924, 0.095776, 1.000000, -0.000000, -0.000000, 0.000000, 0.009648, -0.999953, 0.000000, 0.999954, 0.009647),

              ["LeftLowerLeg"] = CFrame.new(0.000000, -0.012239, -0.000061, 1.000000, 0.000000, -0.000000, 0.000000, 1.000000, -0.000008, -0.000000, -0.000011, 1.000000),

              ["LeftUpperArm"] = CFrame.new(0.081947, -0.212363, -0.082095, 0.767827, 0.462591, -0.443229, -0.469164, 0.877121, 0.102683, 0.436265, 0.129105, 0.890508),

              ["LeftUpperLeg"] = CFrame.new(-0.000000, 0.000000, -0.000100, 0.424298, 0.882861, 0.201320, 0.689829, -0.171120, -0.703459, -0.586606, 0.437349, -0.681628),

              ["LowerTorso"] = CFrame.new(-0.019530, -1.198203, -0.665217, -0.954106, 0.211129, -0.212381, -0.054605, 0.574653, 0.816574, 0.294447, 0.790695, -0.536751),

              ["RightFoot"] = CFrame.new(-0.000000, 0.000393, -0.000103, 0.987905, -0.118615, -0.099876, 0.144433, 0.938271, 0.314335, 0.056424, -0.324928, 0.944044),

              ["RightHand"] = CFrame.new(-0.000483, 0.025889, -0.000000, 0.999332, -0.031216, 0.018993, 0.005144, 0.634813, 0.772652, -0.036176, -0.772035, 0.634546),

              ["RightLowerArm"] = CFrame.new(-0.000001, 0.119752, 0.106200, 1.000000, 0.000000, -0.000000, -0.000000, -0.098617, -0.995125, -0.000000, 0.995125, -0.098618),

              ["RightLowerLeg"] = CFrame.new(0.000000, 0.001413, 0.000001, 1.000000, -0.000000, -0.000000, 0.000000, 0.999948, 0.010225, -0.000000, -0.010243, 0.999948),

              ["RightUpperArm"] = CFrame.new(-0.073065, -0.226723, -0.093434, 0.892514, -0.123401, 0.433811, 0.247780, 0.937847, -0.242999, -0.376862, 0.324369, 0.867617),

              ["RightUpperLeg"] = CFrame.new(0.000000, -0.000000, -0.000000, 0.383610, -0.906119, 0.178301, 0.688111, 0.409225, 0.599199, -0.615911, -0.107163, 0.780493),

              ["UpperTorso"] = CFrame.new(0.013405, -0.140998, -0.307236, 0.995463, 0.025822, -0.091582, -0.015113, 0.993163, 0.115757, 0.093945, -0.113848, 0.989047)

          }},

          {Time = 0.200, Data = {

              ["Head"] = CFrame.new(0.000000, 0.000000, -0.000000, 0.997432, 0.067612, 0.023625, -0.069086, 0.821318, 0.566271, 0.018883, -0.566449, 0.823880),

              ["LeftFoot"] = CFrame.new(-0.000000, -0.015908, -0.000003, 0.983727, 0.137438, 0.115728, -0.130952, 0.989451, -0.061949, -0.123014, 0.045797, 0.991347),

              ["LeftHand"] = CFrame.new(0.000483, 0.025504, 0.000000, 0.995145, 0.084682, -0.050157, -0.042409, 0.828820, 0.557909, 0.088815, -0.553070, 0.828385),

              ["LeftLowerArm"] = CFrame.new(-0.000499, 0.119920, 0.095660, 1.000000, -0.000000, 0.000000, 0.000000, 0.010841, -0.999941, 0.000000, 0.999941, 0.010841),

              ["LeftLowerLeg"] = CFrame.new(0.000000, -0.015451, -0.000104, 1.000000, 0.000000, 0.000000, -0.000000, 1.000000, -0.000008, -0.000000, -0.000011, 1.000000),

              ["LeftUpperArm"] = CFrame.new(0.081930, -0.212357, -0.082061, 0.767794, 0.462420, -0.443465, -0.469154, 0.877161, 0.102384, 0.436334, 0.129444, 0.890425),

              ["LeftUpperLeg"] = CFrame.new(-0.000000, 0.000000, -0.000100, 0.441334, 0.861785, 0.250108, 0.725336, -0.178505, -0.664849, -0.528311, 0.474829, -0.703862),

              ["LowerTorso"] = CFrame.new(-0.007407, -1.140672, -0.675332, -0.951763, 0.217891, -0.216033, -0.076540, 0.513217, 0.854839, 0.297134, 0.830140, -0.471783),

              ["RightFoot"] = CFrame.new(-0.000000, -0.009520, -0.000103, 0.989337, -0.111413, -0.093812, 0.137109, 0.929728, 0.341801, 0.049137, -0.350988, 0.935078),

              ["RightHand"] = CFrame.new(-0.000483, 0.025880, -0.000000, 0.999354, -0.030698, 0.018690, 0.005077, 0.635427, 0.772147, -0.035579, -0.771550, 0.635169),

              ["RightLowerArm"] = CFrame.new(-0.000001, 0.119767, 0.106018, 1.000000, 0.000000, -0.000000, 0.000000, -0.096722, -0.995311, -0.000000, 0.995311, -0.096723),

              ["RightLowerLeg"] = CFrame.new(-0.000000, -0.009486, -0.000122, 1.000000, 0.000000, -0.000000, -0.000000, 1.000000, -0.000008, -0.000000, -0.000011, 1.000000),

              ["RightUpperArm"] = CFrame.new(-0.073040, -0.226802, -0.093427, 0.892464, -0.123313, 0.433939, 0.247938, 0.937686, -0.243458, -0.376876, 0.324868, 0.867425),

              ["RightUpperLeg"] = CFrame.new(0.000000, -0.000000, 0.000000, 0.381297, -0.908324, 0.171928, 0.739784, 0.411336, 0.532471, -0.554376, -0.075835, 0.828804),

              ["UpperTorso"] = CFrame.new(0.035862, -0.142991, -0.338617, 0.993486, 0.018000, -0.112529, -0.013351, 0.999031, 0.041939, 0.113175, -0.040163, 0.992763)

          }},

          {Time = 0.217, Data = {

              ["Head"] = CFrame.new(-0.000000, -0.000000, 0.000000, 0.997432, 0.067611, 0.023625, -0.069086, 0.821318, 0.566271, 0.018883, -0.566449, 0.823880),

              ["LeftFoot"] = CFrame.new(0.000000, -0.019489, -0.000003, 0.981474, 0.146562, 0.123410, -0.135258, 0.986194, -0.095528, -0.135699, 0.077074, 0.987747),

              ["LeftHand"] = CFrame.new(0.000483, 0.025502, -0.000000, 0.995161, 0.084545, -0.050077, -0.042345, 0.828863, 0.557851, 0.088669, -0.553027, 0.828429),

              ["LeftLowerArm"] = CFrame.new(-0.000499, 0.119919, 0.095602, 1.000000, -0.000000, 0.000000, 0.000000, 0.011448, -0.999935, 0.000000, 0.999934, 0.011447),

              ["LeftLowerLeg"] = CFrame.new(-0.000000, -0.019021, -0.000151, 1.000000, 0.000000, -0.000000, 0.000000, 1.000000, -0.000008, 0.000000, -0.000011, 1.000000),

              ["LeftUpperArm"] = CFrame.new(0.081923, -0.212354, -0.082044, 0.767778, 0.462334, -0.443581, -0.469148, 0.877182, 0.102236, 0.436368, 0.129611, 0.890384),

              ["LeftUpperLeg"] = CFrame.new(-0.000000, 0.000000, -0.000100, 0.454396, 0.841303, 0.292808, 0.752783, -0.186912, -0.631176, -0.476280, 0.507221, -0.718248),

              ["LowerTorso"] = CFrame.new(0.003652, -1.090943, -0.681840, -0.949497, 0.223586, -0.220148, -0.096652, 0.459088, 0.883118, 0.298520, 0.859795, -0.414293),

              ["RightFoot"] = CFrame.new(0.000000, -0.019620, -0.000103, 0.990315, -0.106206, -0.089428, 0.131592, 0.923398, 0.360614, 0.044276, -0.368857, 0.928418),

              ["RightHand"] = CFrame.new(-0.000483, 0.025876, 0.000000, 0.999365, -0.030434, 0.018536, 0.005043, 0.635740, 0.771890, -0.035275, -0.771303, 0.635486),

              ["RightLowerArm"] = CFrame.new(-0.000001, 0.119774, 0.105924, 1.000000, 0.000000, -0.000000, -0.000000, -0.095749, -0.995405, -0.000000, 0.995405, -0.095750),

              ["RightLowerLeg"] = CFrame.new(-0.000000, -0.019551, -0.000255, 1.000000, -0.000000, 0.000000, -0.000000, 1.000000, -0.000008, -0.000000, -0.000011, 1.000000),

              ["RightUpperArm"] = CFrame.new(-0.073027, -0.226842, -0.093422, 0.892437, -0.123266, 0.434007, 0.248019, 0.937602, -0.243699, -0.376886, 0.325128, 0.867323),

              ["RightUpperLeg"] = CFrame.new(0.000000, -0.000000, 0.000000, 0.379415, -0.909660, 0.169005, 0.779069, 0.412640, 0.471998, -0.499095, -0.047412, 0.865249),

              ["UpperTorso"] = CFrame.new(0.057084, -0.142100, -0.365657, 0.991311, 0.009978, -0.131164, -0.012764, 0.999710, -0.020420, 0.130922, 0.021917, 0.991150)

          }},

          {Time = 0.233, Data = {

              ["Head"] = CFrame.new(-0.000000, 0.000000, 0.000000, 0.997432, 0.067612, 0.023625, -0.069086, 0.821318, 0.566271, 0.018883, -0.566449, 0.823880),

              ["LeftFoot"] = CFrame.new(0.000000, -0.022667, -0.000003, 0.979783, 0.153039, 0.128864, -0.137429, 0.982916, -0.122430, -0.145391, 0.102251, 0.984076),

              ["LeftHand"] = CFrame.new(0.000483, 0.025502, 0.000000, 0.995159, 0.084562, -0.050086, -0.042354, 0.828862, 0.557852, 0.088687, -0.553026, 0.828428),

              ["LeftLowerArm"] = CFrame.new(-0.000499, 0.119919, 0.095609, 1.000000, -0.000000, 0.000000, -0.000000, 0.011373, -0.999935, 0.000000, 0.999935, 0.011373),

              ["LeftLowerLeg"] = CFrame.new(-0.000000, -0.022187, -0.000193, 1.000000, -0.000000, -0.000000, -0.000000, 1.000000, -0.000008, 0.000000, -0.000011, 1.000000),

              ["LeftUpperArm"] = CFrame.new(0.081925, -0.212353, -0.082047, 0.767784, 0.462347, -0.443558, -0.469146, 0.877180, 0.102263, 0.436361, 0.129578, 0.890392),

              ["LeftUpperLeg"] = CFrame.new(-0.000000, 0.000000, -0.000100, 0.463366, 0.823239, 0.327983, 0.772704, -0.194148, -0.604347, -0.433844, 0.533464, -0.726080),

              ["LowerTorso"] = CFrame.new(0.013344, -1.051534, -0.685316, -0.947476, 0.227600, -0.224695, -0.114099, 0.415779, 0.902280, 0.298782, 0.880526, -0.367972),

              ["RightFoot"] = CFrame.new(-0.000000, -0.028350, -0.000103, 0.990935, -0.102765, -0.086531, 0.127944, 0.918330, 0.374600, 0.040966, -0.382244, 0.923140),

              ["RightHand"] = CFrame.new(-0.000483, 0.025876, 0.000000, 0.999364, -0.030465, 0.018554, 0.005047, 0.635702, 0.771921, -0.035311, -0.771334, 0.635448),

              ["RightLowerArm"] = CFrame.new(-0.000001, 0.119774, 0.105934, 1.000000, 0.000000, -0.000000, -0.000000, -0.095850, -0.995396, -0.000000, 0.995396, -0.095851),

              ["RightLowerLeg"] = CFrame.new(0.000000, -0.028250, -0.000371, 1.000000, -0.000000, 0.000000, -0.000000, 1.000000, -0.000008, 0.000000, -0.000011, 1.000000),

              ["RightUpperArm"] = CFrame.new(-0.073027, -0.226838, -0.093420, 0.892437, -0.123265, 0.434006, 0.248011, 0.937608, -0.243683, -0.376890, 0.325111, 0.867328),

              ["RightUpperLeg"] = CFrame.new(0.000000, -0.000000, -0.000000, 0.377902, -0.911102, 0.164565, 0.806845, 0.411263, 0.424106, -0.454082, -0.027486, 0.890535),

              ["UpperTorso"] = CFrame.new(0.075738, -0.140106, -0.386645, 0.989162, 0.002309, -0.146809, -0.012496, 0.997572, -0.068510, 0.146294, 0.069602, 0.986790)

          }},

          {Time = 0.250, Data = {

              ["Head"] = CFrame.new(0.000000, 0.000000, -0.000000, 0.997432, 0.067612, 0.023625, -0.069086, 0.821318, 0.566271, 0.018883, -0.566449, 0.823880),

              ["LeftFoot"] = CFrame.new(0.000000, -0.024608, -0.000003, 0.978766, 0.156799, 0.132031, -0.137986, 0.980301, -0.141315, -0.151579, 0.120100, 0.981121),

              ["LeftHand"] = CFrame.new(0.000483, 0.025506, 0.000000, 0.995137, 0.084752, -0.050198, -0.042444, 0.828811, 0.557920, 0.088888, -0.553072, 0.828375),

              ["LeftLowerArm"] = CFrame.new(-0.000499, 0.119921, 0.095691, 1.000000, -0.000000, 0.000000, 0.000000, 0.010523, -0.999945, 0.000000, 0.999945, 0.010522),

              ["LeftLowerLeg"] = CFrame.new(-0.000000, -0.024121, -0.000218, 1.000000, -0.000000, -0.000000, 0.000000, 1.000000, -0.000008, -0.000000, -0.000011, 1.000000),

              ["LeftUpperArm"] = CFrame.new(0.081940, -0.212355, -0.082075, 0.767812, 0.462473, -0.443376, -0.469149, 0.877152, 0.102488, 0.436306, 0.129319, 0.890457),

