return {
["no guidance"] = {

          {Time = 0.000, Data = {

              ["Head"] = CFrame.new(0.000000, -0.000000, 0.000000, 0.996431, -0.079702, 0.027790, 0.084041, 0.967437, -0.238751, -0.007856, 0.240235, 0.970683),

              ["LeftFoot"] = CFrame.new(0.000000, 0.015862, -0.000002, 0.860460, -0.389761, -0.328188, 0.389819, 0.918334, -0.068593, 0.328100, -0.068913, 0.942119),

              ["LeftHand"] = CFrame.new(0.000499, 0.002083, 0.000000, 0.965329, -0.225758, 0.131049, 0.259954, 0.877077, -0.403935, -0.023749, 0.423993, 0.905352),

              ["LeftLowerArm"] = CFrame.new(-0.000500, 0.009766, 0.000297, 1.000000, -0.000000, -0.000000, 0.000000, 0.996855, -0.079246, 0.000000, 0.079246, 0.996855),

              ["LeftLowerLeg"] = CFrame.new(-0.000000, 0.077194, -0.021443, 1.000000, -0.000000, 0.000000, 0.000000, 0.780363, 0.625328, -0.000000, -0.625327, 0.780362),

              ["LeftUpperArm"] = CFrame.new(0.284693, -0.028735, 0.613413, 0.864793, -0.456971, -0.208113, 0.475081, 0.878818, 0.044457, 0.162578, -0.137316, 0.977094),

              ["LeftUpperLeg"] = CFrame.new(-0.000000, -0.000000, -0.000100, 0.607761, 0.758489, 0.235217, -0.489181, 0.590899, -0.641503, -0.625563, 0.274831, 0.730169),

              ["LowerTorso"] = CFrame.new(0.109771, -0.356131, 0.000000, 0.991584, -0.129468, -0.000000, 0.129468, 0.991584, -0.000000, 0.000000, -0.000000, 1.000000),

              ["RightFoot"] = CFrame.new(0.000000, 0.019772, -0.000103, 0.968378, 0.190849, 0.160700, -0.153083, 0.963110, -0.221341, -0.197002, 0.189725, 0.961865),

              ["RightHand"] = CFrame.new(-0.000495, 0.007547, 0.000000, 0.982474, -0.160617, 0.094594, 0.185173, 0.899172, -0.396488, -0.021373, 0.407052, 0.913154),

              ["RightLowerArm"] = CFrame.new(0.000000, 0.045229, 0.007448, 1.000000, 0.000000, 0.000000, -0.000000, 0.924161, -0.382003, -0.000000, 0.382003, 0.924161),

              ["RightLowerLeg"] = CFrame.new(-0.000000, 0.088065, -0.028451, 1.000000, 0.000000, -0.000000, -0.000000, 0.708787, 0.705427, 0.000000, -0.705423, 0.708783),

              ["RightUpperArm"] = CFrame.new(-0.218754, 0.197326, 0.065208, 0.920857, 0.283189, 0.268004, -0.379906, 0.806318, 0.453347, -0.087714, -0.519284, 0.850088),

              ["RightUpperLeg"] = CFrame.new(0.000000, -0.000000, -0.000000, 0.747138, -0.380025, -0.545321, 0.094919, 0.873022, -0.478336, 0.657857, 0.305638, 0.688346),

              ["UpperTorso"] = CFrame.new(-0.000000, 0.000000, -0.000000, 0.942789, 0.331589, 0.034604, -0.325929, 0.894878, 0.304900, 0.070136, -0.298735, 0.951756)

          }},

          {Time = 0.017, Data = {

              ["Head"] = CFrame.new(0.000000, 0.000000, -0.000000, 0.996507, -0.078603, 0.028208, 0.083063, 0.967852, -0.237410, -0.008640, 0.238924, 0.971000),

              ["LeftFoot"] = CFrame.new(0.000000, 0.015529, -0.000003, 0.859152, -0.391579, -0.329446, 0.393719, 0.917053, -0.063254, 0.326869, -0.075364, 0.942053),

              ["LeftHand"] = CFrame.new(0.000498, 0.002499, 0.000000, 0.965134, -0.226377, 0.131415, 0.260412, 0.881214, -0.394524, -0.026493, 0.414987, 0.909440),

              ["LeftLowerArm"] = CFrame.new(-0.000500, 0.012050, 0.000461, 1.000000, -0.000000, -0.000000, 0.000000, 0.995178, -0.098086, 0.000000, 0.098086, 0.995178),

              ["LeftLowerLeg"] = CFrame.new(-0.000000, 0.076148, -0.020855, 1.000000, -0.000000, 0.000000, 0.000000, 0.786437, 0.617671, -0.000000, -0.617671, 0.786436),

              ["LeftUpperArm"] = CFrame.new(0.285742, -0.030408, 0.612937, 0.866953, -0.451295, -0.211484, 0.471441, 0.880227, 0.054260, 0.161667, -0.146743, 0.975874),

              ["LeftUpperLeg"] = CFrame.new(-0.000000, -0.000000, -0.000100, 0.606035, 0.758907, 0.238299, -0.491311, 0.592725, -0.638182, -0.625568, 0.269697, 0.732077),

              ["LowerTorso"] = CFrame.new(0.116132, -0.355362, 0.000008, 0.991672, -0.128790, -0.000040, 0.128790, 0.991671, -0.001512, 0.000235, 0.001494, 0.999999),

              ["RightFoot"] = CFrame.new(-0.000000, 0.019858, -0.000103, 0.969224, 0.187952, 0.159006, -0.149867, 0.962852, -0.224639, -0.195309, 0.193879, 0.961382),

              ["RightHand"] = CFrame.new(-0.000495, 0.007220, 0.000000, 0.982677, -0.159688, 0.094058, 0.184232, 0.896856, -0.402133, -0.020140, 0.412492, 0.910737),

              ["RightLowerArm"] = CFrame.new(0.000000, 0.042971, 0.006669, 1.000000, 0.000000, 0.000000, -0.000000, 0.932083, -0.362246, -0.000000, 0.362246, 0.932083),

              ["RightLowerLeg"] = CFrame.new(0.000000, 0.088313, -0.028622, 1.000000, 0.000000, -0.000000, -0.000000, 0.707007, 0.707210, 0.000000, -0.707206, 0.707004),

              ["RightUpperArm"] = CFrame.new(-0.218224, 0.198590, 0.065274, 0.919798, 0.288950, 0.265482, -0.382433, 0.811595, 0.441654, -0.087848, -0.507761, 0.857007),

              ["RightUpperLeg"] = CFrame.new(0.000000, -0.000000, -0.000000, 0.748466, -0.377236, -0.545435, 0.093329, 0.874182, -0.476527, 0.656573, 0.305776, 0.689509),

              ["UpperTorso"] = CFrame.new(-0.000344, 0.000447, -0.000007, 0.944248, 0.327522, 0.033532, -0.321743, 0.896364, 0.304981, 0.069831, -0.298767, 0.951768)

          }},

          {Time = 0.033, Data = {

              ["Head"] = CFrame.new(0.000000, 0.000000, -0.000000, 0.996710, -0.075550, 0.029355, 0.080330, 0.969005, -0.233618, -0.010795, 0.235208, 0.971885),

              ["LeftFoot"] = CFrame.new(-0.000000, 0.014716, -0.000003, 0.855660, -0.396424, -0.332724, 0.404429, 0.913304, -0.048104, 0.322928, -0.093401, 0.941797),

              ["LeftHand"] = CFrame.new(0.000498, 0.003506, -0.000000, 0.964550, -0.228224, 0.132502, 0.261727, 0.891573, -0.369592, -0.033786, 0.391167, 0.919698),

              ["LeftLowerArm"] = CFrame.new(-0.000500, 0.017881, 0.001051, 1.000000, -0.000000, -0.000000, 0.000000, 0.989164, -0.146818, 0.000000, 0.146817, 0.989164),

              ["LeftLowerLeg"] = CFrame.new(-0.000000, 0.073222, -0.019191, 1.000000, -0.000000, -0.000000, 0.000000, 0.803558, 0.595226, -0.000000, -0.595227, 0.803558),

              ["LeftUpperArm"] = CFrame.new(0.288577, -0.035011, 0.611635, 0.872811, -0.435858, -0.219610, 0.461369, 0.883595, 0.079992, 0.159182, -0.171138, 0.972303),

              ["LeftUpperLeg"] = CFrame.new(0.000000, 0.000000, -0.000100, 0.601523, 0.759539, 0.247540, -0.497084, 0.598432, -0.628310, -0.625363, 0.254910, 0.737530),

              ["LowerTorso"] = CFrame.new(0.133406, -0.353102, 0.000030, 0.991926, -0.126818, -0.000171, 0.126815, 0.991909, -0.005840, 0.000910, 0.005771, 0.999983),

              ["RightFoot"] = CFrame.new(0.000000, 0.020074, -0.000103, 0.971472, 0.179984, 0.154437, -0.141149, 0.962092, -0.233374, -0.190574, 0.204901, 0.960045),

              ["RightHand"] = CFrame.new(-0.000496, 0.006252, -0.000000, 0.983216, -0.157192, 0.092617, 0.181693, 0.889715, -0.418804, -0.016570, 0.428600, 0.903341),

              ["RightLowerArm"] = CFrame.new(-0.000000, 0.036332, 0.004654, 1.000000, 0.000000, 0.000000, -0.000000, 0.952567, -0.304329, -0.000000, 0.304329, 0.952567),

              ["RightLowerLeg"] = CFrame.new(0.000000, 0.088935, -0.029054, 1.000000, 0.000000, -0.000000, -0.000000, 0.702519, 0.711668, 0.000000, -0.711665, 0.702516),

              ["RightUpperArm"] = CFrame.new(-0.216767, 0.202025, 0.065414, 0.916884, 0.305021, 0.257461, -0.389304, 0.825774, 0.408093, -0.088127, -0.474404, 0.875885),

              ["RightUpperLeg"] = CFrame.new(0.000000, 0.000000, -0.000000, 0.752036, -0.369553, -0.545785, 0.089151, 0.877457, -0.471279, 0.653066, 0.305778, 0.692831),

              ["UpperTorso"] = CFrame.new(-0.001336, 0.001725, -0.000035, 0.948154, 0.316340, 0.030551, -0.310223, 0.900344, 0.305191, 0.069038, -0.298846, 0.951801)

          }},

          {Time = 0.050, Data = {

              ["Head"] = CFrame.new(-0.000000, 0.000000, 0.000000, 0.996999, -0.070911, 0.031071, 0.076141, 0.970744, -0.227723, -0.014014, 0.229405, 0.973230),

              ["LeftFoot"] = CFrame.new(-0.000000, 0.013598, -0.000003, 0.850646, -0.403345, -0.337231, 0.420419, 0.907004, -0.024349, 0.315672, -0.121062, 0.941107),

              ["LeftHand"] = CFrame.new(0.000497, 0.004741, 0.000000, 0.963567, -0.231300, 0.134312, 0.263814, 0.904606, -0.334801, -0.044059, 0.358033, 0.932668),

              ["LeftLowerArm"] = CFrame.new(-0.000500, 0.025545, 0.002221, 1.000000, -0.000000, -0.000000, 0.000000, 0.977272, -0.211987, 0.000000, 0.211987, 0.977272),

              ["LeftLowerLeg"] = CFrame.new(0.000000, 0.068584, -0.016641, 1.000000, -0.000000, -0.000000, 0.000000, 0.829708, 0.558196, -0.000000, -0.558198, 0.829710),

              ["LeftUpperArm"] = CFrame.new(0.292706, -0.041943, 0.609701, 0.881376, -0.413214, -0.228977, 0.446086, 0.887511, 0.115463, 0.155509, -0.203910, 0.966560),

              ["LeftUpperLeg"] = CFrame.new(-0.000000, 0.000000, -0.000100, 0.595267, 0.759255, 0.263051, -0.505555, 0.608330, -0.611830, -0.624557, 0.231229, 0.745968),

              ["LowerTorso"] = CFrame.new(0.158878, -0.349423, 0.000055, 0.992327, -0.123641, -0.000408, 0.123626, 0.992248, -0.012674, 0.001972, 0.012526, 0.999920),

              ["RightFoot"] = CFrame.new(-0.000000, 0.020353, -0.000103, 0.974659, 0.168003, 0.147709, -0.128376, 0.960802, -0.245740, -0.183193, 0.220533, 0.958015),

              ["RightHand"] = CFrame.new(-0.000497, 0.004533, 0.000000, 0.983979, -0.153584, 0.090538, 0.177970, 0.876306, -0.447681, -0.010582, 0.456618, 0.889598),

              ["RightLowerArm"] = CFrame.new(0.000000, 0.024957, 0.002097, 1.000000, 0.000000, 0.000000, -0.000000, 0.978532, -0.206095, -0.000000, 0.206095, 0.978532),

              ["RightLowerLeg"] = CFrame.new(-0.000000, 0.089728, -0.029611, 1.000000, 0.000000, 0.000000, -0.000000, 0.696729, 0.717339, 0.000000, -0.717335, 0.696725),

              ["RightUpperArm"] = CFrame.new(-0.214567, 0.207101, 0.065536, 0.912483, 0.329761, 0.242141, -0.399456, 0.845977, 0.353212, -0.088370, -0.419025, 0.903664),

              ["RightUpperLeg"] = CFrame.new(0.000000, 0.000000, -0.000000, 0.757226, -0.357904, -0.546371, 0.083248, 0.882564, -0.462744, 0.647826, 0.304935, 0.698102),

              ["UpperTorso"] = CFrame.new(-0.002921, 0.003735, -0.000092, 0.953725, 0.299555, 0.026012, -0.292907, 0.906035, 0.305462, 0.067935, -0.298945, 0.951849)

          }},

          {Time = 0.067, Data = {

              ["Head"] = CFrame.new(-0.000000, 0.000000, 0.000000, 0.997329, -0.065057, 0.033205, 0.070791, 0.972912, -0.220071, -0.017988, 0.221833, 0.974919),

              ["LeftFoot"] = CFrame.new(0.000000, 0.012435, -0.000003, 0.844779, -0.411415, -0.342196, 0.440252, 0.897845, 0.007382, 0.304183, -0.156881, 0.939600),

              ["LeftHand"] = CFrame.new(0.000496, 0.005985, 0.000000, 0.962161, -0.235623, 0.136850, 0.266642, 0.917597, -0.294820, -0.056107, 0.320152, 0.945703),

              ["LeftLowerArm"] = CFrame.new(-0.000500, 0.033745, 0.004000, 1.000000, -0.000000, -0.000000, 0.000000, 0.959203, -0.282717, 0.000000, 0.282717, 0.959203),

              ["LeftLowerLeg"] = CFrame.new(-0.000000, 0.062341, -0.013387, 1.000000, -0.000000, 0.000000, 0.000000, 0.862904, 0.505362, -0.000000, -0.505368, 0.862907),

              ["LeftUpperArm"] = CFrame.new(0.297628, -0.050609, 0.607337, 0.891642, -0.385804, -0.236918, 0.426800, 0.890867, 0.155554, 0.151049, -0.239815, 0.958996),

              ["LeftUpperLeg"] = CFrame.new(-0.000000, -0.000000, -0.000100, 0.588317, 0.756590, 0.285412, -0.515796, 0.622934, -0.588129, -0.622766, 0.198805, 0.756733),

              ["LowerTorso"] = CFrame.new(0.189832, -0.344394, 0.000066, 0.992852, -0.119346, -0.000770, 0.119302, 0.992621, -0.021702, 0.003354, 0.021455, 0.999764),

              ["RightFoot"] = CFrame.new(-0.000000, 0.020625, -0.000103, 0.978310, 0.153101, 0.139544, -0.113003, 0.958993, -0.259946, -0.173610, 0.238521, 0.955487),

              ["RightHand"] = CFrame.new(-0.000499, 0.001488, -0.000000, 0.984856, -0.149328, 0.088091, 0.173368, 0.852660, -0.492868, -0.001513, 0.500673, 0.865633),

              ["RightLowerArm"] = CFrame.new(-0.000000, 0.007248, 0.000155, 1.000000, 0.000000, 0.000000, -0.000000, 0.998325, -0.057863, -0.000000, 0.057862, 0.998325),

              ["RightLowerLeg"] = CFrame.new(0.000000, 0.090497, -0.030158, 1.000000, 0.000000, 0.000000, -0.000000, 0.691040, 0.722821, -0.000000, -0.722817, 0.691035),

              ["RightUpperArm"] = CFrame.new(-0.211808, 0.213286, 0.065547, 0.906965, 0.361747, 0.215761, -0.411826, 0.869089, 0.274013, -0.088392, -0.337375, 0.937211),

              ["RightUpperLeg"] = CFrame.new(0.000000, -0.000000, -0.000000, 0.763420, -0.343262, -0.547146, 0.076508, 0.889185, -0.451086, 0.641355, 0.302524, 0.705091),

              ["UpperTorso"] = CFrame.new(-0.005045, 0.006379, -0.000185, 0.960169, 0.278683, 0.020266, -0.271341, 0.912640, 0.305717, 0.066702, -0.299039, 0.951907)

          }},

          {Time = 0.083, Data = {

              ["Head"] = CFrame.new(0.000000, 0.000000, -0.000000, 0.997661, -0.058356, 0.035599, 0.064580, 0.975349, -0.211006, -0.022408, 0.212812, 0.976836),

              ["LeftFoot"] = CFrame.new(-0.000000, 0.010979, -0.000003, 0.838710, -0.419788, -0.346921, 0.462111, 0.885655, 0.045513, 0.288129, -0.198477, 0.936790),

              ["LeftHand"] = CFrame.new(0.000495, 0.007136, 0.000000, 0.960306, -0.241202, 0.140122, 0.270263, 0.928880, -0.253262, -0.069068, 0.281077, 0.957196),

              ["LeftLowerArm"] = CFrame.new(-0.000500, 0.041604, 0.006254, 1.000000, -0.000000, -0.000000, -0.000000, 0.936311, -0.351172, 0.000000, 0.351172, 0.936311),

              ["LeftLowerLeg"] = CFrame.new(-0.000000, 0.054308, -0.009809, 1.000000, -0.000000, -0.000000, 0.000000, 0.899322, 0.437278, -0.000000, -0.437286, 0.899326),

              ["LeftUpperArm"] = CFrame.new(0.302864, -0.060386, 0.604753, 0.902650, -0.355946, -0.241921, 0.404776, 0.893115, 0.196221, 0.146220, -0.275042, 0.950248),

              ["LeftUpperLeg"] = CFrame.new(-0.000000, -0.000000, -0.000100, 0.581670, 0.750316, 0.314154, -0.526924, 0.641778, -0.557190, -0.619686, 0.158579, 0.768666),

              ["LowerTorso"] = CFrame.new(0.223551, -0.338084, 0.000043, 0.993477, -0.114024, -0.001274, 0.113922, 0.992954, -0.032609, 0.004983, 0.032251, 0.999467),

              ["RightFoot"] = CFrame.new(0.000000, 0.020856, -0.000103, 0.981983, 0.136450, 0.130737, -0.096437, 0.956806, -0.274287, -0.162506, 0.256718, 0.952720),

              ["RightHand"] = CFrame.new(-0.000507, -0.010690, -0.000000, 0.985745, -0.144889, 0.085519, 0.168241, 0.851818, -0.496089, -0.000969, 0.503402, 0.864050),

              ["RightLowerArm"] = CFrame.new(-0.000000, -0.010677, 0.000058, 1.000000, 0.000000, 0.000000, -0.000000, 1.000000, -0.000001, -0.000000, -0.000000, 1.000000),

              ["RightLowerLeg"] = CFrame.new(-0.000000, 0.091093, -0.030571, 1.000000, 0.000000, -0.000000, -0.000000, 0.686728, 0.726919, 0.000000, -0.726914, 0.686724),

              ["RightUpperArm"] = CFrame.new(-0.208694, 0.220048, 0.065366, 0.900738, 0.383819, 0.203359, -0.425350, 0.874290, 0.233871, -0.088031, -0.297154, 0.950763),

              ["RightUpperLeg"] = CFrame.new(0.000000, -0.000000, -0.000000, 0.769986, -0.326777, -0.548039, 0.069907, 0.896935, -0.436581, 0.634220, 0.297866, 0.713478),

              ["UpperTorso"] = CFrame.new(-0.007657, 0.009554, -0.000323, 0.966770, 0.255281, 0.013669, -0.247108, 0.919438, 0.305896, 0.065521, -0.299109, 0.951967)

          }},

          {Time = 0.100, Data = {

              ["Head"] = CFrame.new(0.000000, 0.000000, 0.000000, 0.997963, -0.051175, 0.038092, 0.057814, 0.977909, -0.200876, -0.026970, 0.202669, 0.978876),

              ["LeftFoot"] = CFrame.new(-0.000000, 0.009214, -0.000003, 0.833064, -0.427722, -0.350811, 0.484307, 0.870374, 0.088885, 0.267304, -0.243932, 0.932218),

              ["LeftHand"] = CFrame.new(0.000495, 0.008126, -0.000000, 0.957980, -0.248008, 0.144109, 0.274819, 0.937497, -0.213483, -0.082155, 0.244115, 0.966260),

              ["LeftLowerArm"] = CFrame.new(-0.000500, 0.048431, 0.008677, 1.000000, -0.000000, -0.000000, 0.000000, 0.911663, -0.410938, 0.000000, 0.410938, 0.911663),

              ["LeftLowerLeg"] = CFrame.new(-0.000000, 0.044463, -0.006274, 1.000000, -0.000000, 0.000000, 0.000000, 0.935216, 0.354066, -0.000000, -0.354077, 0.935221),

              ["LeftUpperArm"] = CFrame.new(0.307984, -0.070596, 0.602160, 0.913530, -0.325985, -0.243305, 0.381389, 0.894397, 0.233658, 0.141443, -0.306247, 0.941386),

              ["LeftUpperLeg"] = CFrame.new(-0.000000, 0.000000, -0.000100, 0.576232, 0.739071, 0.348909, -0.538119, 0.664400, -0.518643, -0.615130, 0.111116, 0.780559),

              ["LowerTorso"] = CFrame.new(0.257319, -0.330564, -0.000034, 0.994175, -0.107763, -0.001939, 0.107567, 0.993175, -0.045081, 0.006783, 0.044610, 0.998981),

              ["RightFoot"] = CFrame.new(-0.000000, 0.020977, -0.000103, 0.985305, 0.119337, 0.122208, -0.079972, 0.954497, -0.287316, -0.150926, 0.273301, 0.950008),

              ["RightHand"] = CFrame.new(-0.000518, -0.026918, 0.000000, 0.986560, -0.140703, 0.083083, 0.163315, 0.865650, -0.473267, -0.005331, 0.480471, 0.876993),

              ["RightLowerArm"] = CFrame.new(-0.000000, -0.026884, 0.000146, 1.000000, 0.000000, 0.000000, -0.000000, 1.000000, -0.000001, -0.000000, -0.000000, 1.000000),

              ["RightLowerLeg"] = CFrame.new(0.000000, 0.091389, -0.030771, 1.000000, 0.000000, -0.000000, -0.000000, 0.684634, 0.728891, 0.000000, -0.728887, 0.684629),

              ["RightUpperArm"] = CFrame.new(-0.205464, 0.226851, 0.064894, 0.894278, 0.399894, 0.200876, -0.438956, 0.871197, 0.219850, -0.087086, -0.284782, 0.954628),

              ["RightUpperLeg"] = CFrame.new(0.000000, 0.000000, -0.000000, 0.776276, -0.309928, -0.548951, 0.064546, 0.905297, -0.419827, 0.627080, 0.290486, 0.722771),

              ["UpperTorso"] = CFrame.new(-0.010707, 0.013158, -0.000513, 0.972942, 0.230956, 0.006579, -0.221843, 0.925836, 0.305963, 0.064573, -0.299144, 0.952021)

          }},

          {Time = 0.117, Data = {

              ["Head"] = CFrame.new(-0.000000, 0.000000, 0.000000, 0.998215, -0.043876, 0.040510, 0.050808, 0.980464, -0.190024, -0.031381, 0.191743, 0.980943),

              ["LeftFoot"] = CFrame.new(-0.000000, 0.007069, -0.000003, 0.828420, -0.434574, -0.353377, 0.505247, 0.852105, 0.136564, 0.241754, -0.291655, 0.925459),

              ["LeftHand"] = CFrame.new(0.000494, 0.008908, -0.000000, 0.955176, -0.255949, 0.148756, 0.280462, 0.943222, -0.177971, -0.094758, 0.211713, 0.972727),

              ["LeftLowerArm"] = CFrame.new(-0.000500, 0.053804, 0.010911, 1.000000, -0.000000, -0.000000, 0.000000, 0.888915, -0.458071, 0.000000, 0.458071, 0.888915),

              ["LeftLowerLeg"] = CFrame.new(-0.000000, 0.032738, -0.003169, 1.000000, -0.000000, -0.000000, 0.000000, 0.966687, 0.255947, -0.000000, -0.255961, 0.966691),

              ["LeftUpperArm"] = CFrame.new(0.312613, -0.080487, 0.599770, 0.923533, -0.298059, -0.241346, 0.358163, 0.895306, 0.264854, 0.137136, -0.331041, 0.933598),

              ["LeftUpperLeg"] = CFrame.new(-0.000000, -0.000000, -0.000100, 0.572801, 0.721422, 0.389171, -0.548606, 0.690160, -0.471914, -0.609040, 0.056822, 0.791103),

              ["LowerTorso"] = CFrame.new(0.288420, -0.321900, -0.000179, 0.994918, -0.100653, -0.002782, 0.100316, 0.993217, -0.058799, 0.008681, 0.058221, 0.998266),

              ["RightFoot"] = CFrame.new(-0.000000, 0.020943, -0.000103, 0.987992, 0.103154, 0.115037, -0.064771, 0.952436, -0.297796, -0.140276, 0.286748, 0.947673),

              ["RightHand"] = CFrame.new(-0.000528, -0.042698, 0.000000, 0.987226, -0.137181, 0.081035, 0.159041, 0.878946, -0.449625, -0.009545, 0.456766, 0.889534),

              ["RightLowerArm"] = CFrame.new(-0.000001, -0.042646, 0.000232, 1.000000, 0.000000, 0.000000, -0.000000, 1.000000, -0.000001, -0.000000, -0.000000, 1.000000),

              ["RightLowerLeg"] = CFrame.new(0.000000, 0.091305, -0.030715, 1.000000, 0.000000, 0.000000, -0.000000, 0.685227, 0.728334, 0.000000, -0.728329, 0.685223),

              ["RightUpperArm"] = CFrame.new(-0.202398, 0.233158, 0.064026, 0.888145, 0.415021, 0.197374, -0.451568, 0.867872, 0.207085, -0.085351, -0.273048, 0.958206),

              ["RightUpperLeg"] = CFrame.new(0.000000, -0.000000, -0.000000, 0.781620, -0.294495, -0.549864, 0.061661, 0.913689, -0.401688, 0.620700, 0.280080, 0.732322),

              ["UpperTorso"] = CFrame.new(-0.014143, 0.017089, -0.000761, 0.978264, 0.207361, -0.000647, -0.197226, 0.931404, 0.305923, 0.064039, -0.299146, 0.952056)

          }},

          {Time = 0.133, Data = {

              ["Head"] = CFrame.new(0.000000, -0.000000, 0.000000, 0.998411, -0.036817, 0.042668, 0.043886, 0.982907, -0.178794, -0.035356, 0.180382, 0.982961),

              ["LeftFoot"] = CFrame.new(0.000000, 0.004416, -0.000003, 0.825319, -0.439766, -0.354208, 0.523159, 0.831570, 0.186566, 0.212494, -0.339259, 0.916368),

              ["LeftHand"] = CFrame.new(0.000494, 0.009433, -0.000000, 0.951919, -0.264850, 0.153961, 0.287356, 0.946153, -0.149069, -0.106189, 0.186142, 0.976767),

              ["LeftLowerArm"] = CFrame.new(-0.000500, 0.057365, 0.012561, 1.000000, -0.000000, -0.000000, 0.000000, 0.872109, -0.489312, 0.000000, 0.489312, 0.872109),

              ["LeftLowerLeg"] = CFrame.new(-0.000000, 0.019313, -0.000941, 1.000000, 0.000000, 0.000000, -0.000000, 0.989237, 0.146307, -0.000000, -0.146324, 0.989239),

              ["LeftUpperArm"] = CFrame.new(0.316446, -0.089228, 0.597783, 0.932043, -0.274257, -0.236811, 0.336780, 0.896817, 0.286879, 0.133697, -0.347136, 0.928236),

              ["LeftUpperLeg"] = CFrame.new(-0.000000, -0.000000, -0.000100, 0.572075, 0.696516, 0.433130, -0.557637, 0.717536, -0.417345, -0.601474, -0.002769, 0.798888),

              ["LowerTorso"] = CFrame.new(0.314137, -0.312160, -0.000401, 0.995679, -0.092783, -0.003821, 0.092253, 0.993024, -0.073440, 0.010608, 0.072770, 0.997292),

              ["RightFoot"] = CFrame.new(0.000000, 0.020741, -0.000103, 0.989854, 0.089374, 0.110468, -0.051875, 0.951060, -0.304641, -0.132281, 0.295799, 0.946039),

              ["RightHand"] = CFrame.new(-0.000538, -0.057070, 0.000000, 0.987684, -0.134705, 0.079597, 0.155876, 0.891220, -0.425949, -0.013561, 0.433107, 0.901239),

              ["RightLowerArm"] = CFrame.new(-0.000001, -0.057001, 0.000310, 1.000000, 0.000000, 0.000000, -0.000000, 1.000000, -0.000001, -0.000000, -0.000000, 1.000000),

              ["RightLowerLeg"] = CFrame.new(0.000000, 0.090813, -0.030383, 1.000000, 0.000000, 0.000000, -0.000000, 0.688696, 0.725055, 0.000000, -0.725051, 0.688691),

              ["RightUpperArm"] = CFrame.new(-0.199808, 0.238427, 0.062661, 0.882966, 0.428064, 0.192700, -0.462110, 0.864823, 0.196306, -0.082620, -0.262379, 0.961421),

              ["RightUpperLeg"] = CFrame.new(-0.000000, -0.000000, -0.000000, 0.785303, -0.282471, -0.550923, 0.062599, 0.921517, -0.383238, 0.615939, 0.266489, 0.741358),

              ["UpperTorso"] = CFrame.new(-0.017913, 0.021244, -0.001074, 0.982485, 0.186186, -0.007653, -0.174971, 0.935874, 0.305818, 0.064101, -0.299122, 0.952059)

          }},

          {Time = 0.150, Data = {

              ["Head"] = CFrame.new(-0.000000, 0.000000, 0.000000, 0.998554, -0.030348, 0.044368, 0.037385, 0.985158, -0.167528, -0.038625, 0.168945, 0.984868),

              ["LeftFoot"] = CFrame.new(0.000000, 0.001037, -0.000003, 0.824262, -0.442753, -0.352945, 0.536178, 0.810664, 0.235270, 0.181947, -0.383137, 0.905581),

              ["LeftHand"] = CFrame.new(0.000494, 0.009635, -0.000000, 0.948271, -0.274447, 0.159567, 0.295680, 0.946508, -0.129217, -0.115567, 0.169712, 0.978694),

              ["LeftLowerArm"] = CFrame.new(-0.000500, 0.058725, 0.013228, 1.000000, -0.000000, -0.000000, 0.000000, 0.865304, -0.501247, 0.000000, 0.501247, 0.865304),

              ["LeftLowerLeg"] = CFrame.new(-0.000000, 0.004770, 0.000056, 1.000000, -0.000000, -0.000000, 0.000000, 0.999439, 0.033478, -0.000000, -0.033496, 0.999439),

              ["LeftUpperArm"] = CFrame.new(0.319238, -0.095910, 0.596381, 0.938564, -0.256681, -0.230677, 0.319073, 0.900107, 0.296649, 0.131489, -0.352026, 0.926708),

              ["LeftUpperLeg"] = CFrame.new(-0.000000, -0.000000, -0.000100, 0.574663, 0.664776, 0.477324, -0.564454, 0.744273, -0.356996, -0.592583, -0.064268, 0.802942),

              ["LowerTorso"] = CFrame.new(0.331756, -0.301412, -0.000700, 0.996432, -0.084242, -0.005071, 0.083463, 0.992557, -0.088682, 0.012504, 0.087942, 0.996047),

              ["RightFoot"] = CFrame.new(-0.000000, 0.020429, -0.000103, 0.990762, 0.079478, 0.109885, -0.042252, 0.950845, -0.306794, -0.128859, 0.299296, 0.945412),

              ["RightHand"] = CFrame.new(-0.000545, -0.069145, -0.000000, 0.987879, -0.133636, 0.078980, 0.154251, 0.902130, -0.402952, -0.017401, 0.410247, 0.911807),

              ["RightLowerArm"] = CFrame.new(-0.000002, -0.069062, 0.000376, 1.000000, 0.000000, 0.000000, -0.000000, 1.000000, -0.000001, -0.000000, -0.000000, 1.000000),

              ["RightLowerLeg"] = CFrame.new(0.000000, 0.089942, -0.029762, 1.000000, 0.000000, 0.000000, -0.000000, 0.695156, 0.718863, 0.000000, -0.718859, 0.695152),

              ["RightUpperArm"] = CFrame.new(-0.198034, 0.242124, 0.060691, 0.879418, 0.437919, 0.186684, -0.469503, 0.862666, 0.188083, -0.078681, -0.253051, 0.964248),

              ["RightUpperLeg"] = CFrame.new(0.000000, -0.000000, -0.000000, 0.786539, -0.275910, -0.552482, 0.068768, 0.928208, -0.365631, 0.613700, 0.249608, 0.749051),

              ["UpperTorso"] = CFrame.new(-0.021961, 0.025523, -0.001457, 0.985492, 0.169139, -0.014087, -0.156809, 0.939117, 0.305728, 0.064940, -0.299083, 0.952015)

          }},

          {Time = 0.167, Data = {

              ["Head"] = CFrame.new(0.000000, -0.000000, 0.000000, 0.998661, -0.024815, 0.045398, 0.031646, 0.987160, -0.156569, -0.040930, 0.157796, 0.986623),

              ["LeftFoot"] = CFrame.new(0.000000, -0.005348, -0.000003, 0.825731, -0.442956, -0.349236, 0.537319, 0.806084, 0.248060, 0.171629, -0.392453, 0.903604),

              ["LeftHand"] = CFrame.new(0.000494, 0.009432, -0.000000, 0.944329, -0.284414, 0.165384, 0.305669, 0.944383, -0.121273, -0.121693, 0.165074, 0.978745),

              ["LeftLowerArm"] = CFrame.new(-0.000500, 0.057356, 0.012556, 1.000000, -0.000000, -0.000000, 0.000000, 0.872149, -0.489241, 0.000000, 0.489241, 0.872149),

              ["LeftLowerLeg"] = CFrame.new(-0.000000, -0.004929, 0.000036, 1.000000, 0.000000, -0.000000, -0.000000, 1.000000, -0.000008, -0.000000, -0.000011, 1.000000),

              ["LeftUpperArm"] = CFrame.new(0.320784, -0.099586, 0.595727, 0.942686, -0.247546, -0.223748, 0.306959, 0.906269, 0.290609, 0.130837, -0.342634, 0.930314),

              ["LeftUpperLeg"] = CFrame.new(-0.000000, 0.000000, -0.000100, 0.581122, 0.647029, 0.493613, -0.568236, 0.756802, -0.323040, -0.582585, -0.092757, 0.807460),

              ["LowerTorso"] = CFrame.new(0.338562, -0.289724, -0.001066, 0.997153, -0.075120, -0.006546, 0.074033, 0.991797, -0.104200, 0.014320, 0.103419, 0.994535),

              ["RightFoot"] = CFrame.new(-0.000000, 0.019982, -0.000103, 0.990569, 0.074871, 0.114753, -0.036831, 0.952176, -0.303343, -0.131969, 0.296235, 0.945946),

              ["RightHand"] = CFrame.new(-0.000551, -0.077950, 0.000000, 0.987755, -0.134309, 0.079380, 0.154575, 0.911432, -0.381314, -0.021135, 0.388912, 0.921031),

              ["RightLowerArm"] = CFrame.new(-0.000002, -0.077857, 0.000424, 1.000000, 0.000000, 0.000000, -0.000000, 1.000000, -0.000001, -0.000000, -0.000000, 1.000000),

              ["RightLowerLeg"] = CFrame.new(0.000000, 0.088671, -0.028870, 1.000000, 0.000000, 0.000000, -0.000000, 0.704432, 0.709775, 0.000000, -0.709771, 0.704428),

              ["RightUpperArm"] = CFrame.new(-0.197422, 0.243699, 0.058005, 0.878194, 0.443502, 0.179115, -0.472654, 0.862067, 0.182864, -0.073309, -0.245249, 0.966684),

              ["RightUpperLeg"] = CFrame.new(0.000000, 0.000000, -0.000000, 0.784421, -0.276910, -0.554987, 0.081535, 0.933075, -0.350299, 0.614846, 0.229549, 0.754506),

              ["UpperTorso"] = CFrame.new(-0.026229, 0.029827, -0.001916, 0.987256, 0.157929, -0.019603, -0.144472, 0.941083, 0.305764, 0.066737, -0.299035, 0.951906)

          }},

          {Time = 0.183, Data = {

              ["Head"] = CFrame.new(0.000000, 0.000000, -0.000000, 0.998740, -0.020368, 0.045871, 0.026882, 0.988888, -0.146210, -0.042384, 0.147259, 0.988189),

              ["LeftFoot"] = CFrame.new(-0.000000, -0.009280, -0.000003, 0.830979, -0.438787, -0.341975, 0.529469, 0.812441, 0.244167, 0.170692, -0.383934, 0.907433),

              ["LeftHand"] = CFrame.new(0.000494, 0.008821, -0.000000, 0.942687, -0.288457, 0.167734, 0.310722, 0.942092, -0.126155, -0.121630, 0.171042, 0.977727),

              ["LeftLowerArm"] = CFrame.new(-0.000500, 0.053207, 0.010648, 1.000000, -0.000000, -0.000000, 0.000000, 0.891595, -0.452833, 0.000000, 0.452834, 0.891595),

              ["LeftLowerLeg"] = CFrame.new(0.000000, -0.008847, -0.000016, 1.000000, -0.000000, -0.000000, -0.000000, 1.000000, -0.000007, -0.000000, -0.000011, 1.000000),

              ["LeftUpperArm"] = CFrame.new(0.320592, -0.097906, 0.594841, 0.943419, -0.251686, -0.215907, 0.305155, 0.913746, 0.268232, 0.129774, -0.318939, 0.938848),

              ["LeftUpperLeg"] = CFrame.new(-0.000000, -0.000000, -0.000100, 0.593036, 0.630993, 0.500159, -0.567148, 0.768283, -0.296785, -0.571534, -0.107654, 0.813486),

              ["LowerTorso"] = CFrame.new(0.328071, -0.277225, -0.001478, 0.997818, -0.065507, -0.008258, 0.064052, 0.990745, -0.119670, 0.016021, 0.118880, 0.992779),

              ["RightFoot"] = CFrame.new(0.000000, 0.019367, -0.000103, 0.988628, 0.078537, 0.128253, -0.038117, 0.955818, -0.291499, -0.145472, 0.283274, 0.947934),

              ["RightHand"] = CFrame.new(-0.000554, -0.082369, -0.000000, 0.988281, -0.131399, 0.077685, 0.150769, 0.919816, -0.362228, -0.023859, 0.369692, 0.928847),

              ["RightLowerArm"] = CFrame.new(-0.000002, -0.082271, 0.000448, 1.000000, 0.000000, 0.000000, -0.000000, 1.000000, -0.000001, -0.000000, -0.000000, 1.000000),

              ["RightLowerLeg"] = CFrame.new(-0.000000, 0.086888, -0.027649, 1.000000, 0.000000, 0.000000, -0.000000, 0.717119, 0.696954, 0.000000, -0.696951, 0.717116),

              ["RightUpperArm"] = CFrame.new(-0.198632, 0.241732, 0.056075, 0.880614, 0.441508, 0.172017, -0.468718, 0.864883, 0.179671, -0.069448, -0.238848, 0.968570),

              ["RightUpperLeg"] = CFrame.new(0.000000, -0.000000, -0.000000, 0.776761, -0.289800, -0.559165, 0.104080, 0.934701, -0.339834, 0.621136, 0.205790, 0.756206),

              ["UpperTorso"] = CFrame.new(-0.030655, 0.034059, -0.002456, 0.988378, 0.150032, -0.024491, -0.135442, 0.942261, 0.306267, 0.069026, -0.299390, 0.951631)

          }},

          {Time = 0.200, Data = {

              ["Head"] = CFrame.new(0.000000, -0.000000, 0.000000, 0.998795, -0.016856, 0.046090, 0.023016, 0.990362, -0.136577, -0.043344, 0.137473, 0.989557),

              ["LeftFoot"] = CFrame.new(0.000000, -0.008121, -0.000003, 0.840297, -0.429519, -0.330790, 0.514613, 0.823880, 0.237508, 0.170512, -0.369777, 0.913328),

              ["LeftHand"] = CFrame.new(0.000495, 0.007866, -0.000000, 0.945264, -0.282100, 0.164003, 0.305692, 0.941384, -0.142650, -0.114147, 0.184975, 0.976091),

              ["LeftLowerArm"] = CFrame.new(-0.000500, 0.046641, 0.007998, 1.000000, -0.000000, -0.000000, 0.000000, 0.918573, -0.395251, 0.000000, 0.395251, 0.918573),

              ["LeftLowerLeg"] = CFrame.new(-0.000000, -0.007693, -0.000001, 1.000000, 0.000000, -0.000000, -0.000000, 1.000000, -0.000007, -0.000000, -0.000011, 1.000000),

              ["LeftUpperArm"] = CFrame.new(0.318575, -0.090122, 0.592747, 0.940584, -0.270226, -0.205622, 0.315181, 0.920096, 0.232563, 0.126347, -0.283552, 0.950597),

              ["LeftUpperLeg"] = CFrame.new(-0.000000, -0.000000, -0.000100, 0.610695, 0.607134, 0.508373, -0.560116, 0.785003, -0.264647, -0.559751, -0.123124, 0.819463),

              ["LowerTorso"] = CFrame.new(0.298223, -0.264275, -0.001905, 0.998407, -0.055491, -0.010218, 0.053612, 0.989426, -0.134768, 0.017588, 0.134006, 0.990825),

              ["RightFoot"] = CFrame.new(0.000000, 0.018561, -0.000103, 0.984316, 0.090822, 0.151252, -0.047233, 0.961681, -0.270093, -0.169976, 0.258693, 0.950880),

              ["RightHand"] = CFrame.new(-0.000554, -0.082533, -0.000000, 0.990149, -0.120492, 0.071317, 0.137859, 0.928011, -0.346112, -0.024479, 0.352531, 0.935479),

              ["RightLowerArm"] = CFrame.new(-0.000002, -0.082434, 0.000449, 1.000000, 0.000000, 0.000000, 0.000000, 1.000000, -0.000001, -0.000000, -0.000000, 1.000000),

              ["RightLowerLeg"] = CFrame.new(-0.000000, 0.084499, -0.026065, 1.000000, 0.000000, 0.000000, -0.000000, 0.733551, 0.679637, 0.000000, -0.679634, 0.733549),

              ["RightUpperArm"] = CFrame.new(-0.201737, 0.235760, 0.056349, 0.886824, 0.430623, 0.167653, -0.456776, 0.871821, 0.176874, -0.069997, -0.233435, 0.969850),

              ["RightUpperLeg"] = CFrame.new(0.000000, -0.000000, -0.000000, 0.762338, -0.315221, -0.565228, 0.136650, 0.932074, -0.335488, 0.632588, 0.178535, 0.753634),

              ["UpperTorso"] = CFrame.new(-0.035174, 0.038126, -0.003081, 0.989461, 0.141819, -0.029248, -0.126098, 0.943178, 0.307431, 0.071185, -0.300503, 0.951121)

          }},

          {Time = 0.217, Data = {

              ["Head"] = CFrame.new(0.000000, -0.000000, -0.000000, 0.998835, -0.014163, 0.046124, 0.019960, 0.991605, -0.127752, -0.043927, 0.128524, 0.990733),

              ["LeftFoot"] = CFrame.new(-0.000000, -0.003204, -0.000003, 0.852738, -0.415689, -0.316301, 0.493759, 0.839055, 0.228482, 0.170411, -0.350983, 0.920733),

              ["LeftHand"] = CFrame.new(0.000496, 0.006491, 0.000000, 0.950852, -0.267722, 0.155580, 0.292987, 0.940467, -0.172284, -0.100193, 0.209398, 0.972683),

              ["LeftLowerArm"] = CFrame.new(-0.000500, 0.037180, 0.004917, 1.000000, -0.000000, -0.000000, 0.000000, 0.949891, -0.312582, 0.000000, 0.312582, 0.949891),

              ["LeftLowerLeg"] = CFrame.new(0.000000, -0.002792, 0.000064, 1.000000, 0.000000, 0.000000, -0.000000, 1.000000, -0.000008, -0.000000, -0.000011, 1.000000),

              ["LeftUpperArm"] = CFrame.new(0.315027, -0.077748, 0.589678, 0.934765, -0.299931, -0.190411, 0.334019, 0.924542, 0.183448, 0.121021, -0.235081, 0.964412),

              ["LeftUpperLeg"] = CFrame.new(-0.000000, -0.000000, -0.000100, 0.632746, 0.576368, 0.517141, -0.547320, 0.805306, -0.227860, -0.547789, -0.138858, 0.825012),

              ["LowerTorso"] = CFrame.new(0.252946, -0.251297, -0.002304, 0.998902, -0.045161, -0.012433, 0.042806, 0.987884, -0.149175, 0.019019, 0.148479, 0.988733),

              ["RightFoot"] = CFrame.new(0.000000, 0.017526, -0.000103, 0.977364, 0.108867, 0.181414, -0.063305, 0.968648, -0.240254, -0.201870, 0.223313, 0.953607),

              ["RightHand"] = CFrame.new(-0.000553, -0.079493, -0.000000, 0.992782, -0.103148, 0.061186, 0.117714, 0.935707, -0.332563, -0.022949, 0.337363, 0.941094),

              ["RightLowerArm"] = CFrame.new(-0.000002, -0.079398, 0.000432, 1.000000, 0.000000, 0.000000, -0.000000, 1.000000, -0.000001, -0.000000, -0.000000, 1.000000),

              ["RightLowerLeg"] = CFrame.new(-0.000000, 0.081405, -0.024119, 1.000000, 0.000000, 0.000000, -0.000000, 0.753707, 0.657212, 0.000000, -0.657210, 0.753705),

              ["RightUpperArm"] = CFrame.new(-0.206170, 0.226565, 0.058640, 0.895688, 0.412520, 0.166042, -0.438384, 0.881760, 0.174124, -0.074580, -0.228750, 0.970624),

              ["RightUpperLeg"] = CFrame.new(0.000000, -0.000001, -0.000000, 0.741749, -0.349112, -0.572658, 0.175797, 0.925191, -0.336310, 0.647228, 0.148803, 0.747635),

              ["UpperTorso"] = CFrame.new(-0.039716, 0.041937, -0.003797, 0.990492, 0.133344, -0.033836, -0.116503, 0.943847, 0.309161, 0.073161, -0.302279, 0.950408)

          }},

          {Time = 0.233, Data = {

              ["Head"] = CFrame.new(-0.000000, 0.000000, -0.000000, 0.998865, -0.012177, 0.046045, 0.017624, 0.992639, -0.119823, -0.044247, 0.120499, 0.991727),

              ["LeftFoot"] = CFrame.new(-0.000000, 0.001370, -0.000003, 0.867346, -0.397815, -0.299098, 0.464342, 0.863116, 0.198569, 0.179156, -0.311085, 0.933333),

              ["LeftHand"] = CFrame.new(0.000497, 0.004465, -0.000000, 0.958107, -0.247673, 0.143838, 0.274821, 0.936410, -0.218197, -0.080649, 0.248584, 0.965246),

              ["LeftLowerArm"] = CFrame.new(-0.000500, 0.023791, 0.001912, 1.000000, -0.000000, -0.000000, 0.000000, 0.980410, -0.196970, 0.000000, 0.196969, 0.980410),

              ["LeftLowerLeg"] = CFrame.new(0.000000, 0.006064, 0.000021, 1.000000, 0.000000, -0.000000, -0.000000, 0.999068, 0.043151, 0.000000, -0.043170, 0.999069),

              ["LeftUpperArm"] = CFrame.new(0.310185, -0.062311, 0.585958, 0.926433, -0.337404, -0.166973, 0.358643, 0.925858, 0.119006, 0.114441, -0.170134, 0.978753),

              ["LeftUpperLeg"] = CFrame.new(-0.000000, -0.000000, -0.000100, 0.657845, 0.551514, 0.512908, -0.528990, 0.823100, -0.206576, -0.536105, -0.135421, 0.833218),

              ["LowerTorso"] = CFrame.new(0.196169, -0.238712, -0.002624, 0.999290, -0.034606, -0.014909, 0.031727, 0.986187, -0.162571, 0.020329, 0.161983, 0.986584),

              ["RightFoot"] = CFrame.new(-0.000000, 0.016219, -0.000103, 0.967679, 0.129849, 0.216201, -0.085523, 0.975426, -0.203065, -0.237242, 0.177996, 0.954998),

              ["RightHand"] = CFrame.new(-0.000549, -0.074368, -0.000000, 0.995560, -0.080874, 0.048174, 0.092110, 0.942492, -0.321289, -0.019420, 0.324297, 0.945755),

              ["RightLowerArm"] = CFrame.new(-0.000002, -0.074280, 0.000405, 1.000000, 0.000000, 0.000000, -0.000000, 1.000000, -0.000001, -0.000000, -0.000000, 1.000000),

              ["RightLowerLeg"] = CFrame.new(-0.000000, 0.077466, -0.021809, 1.000000, 0.000000, 0.000000, -0.000000, 0.777615, 0.628741, 0.000000, -0.628740, 0.777615),

              ["RightUpperArm"] = CFrame.new(-0.211357, 0.214864, 0.062695, 0.906064, 0.388758, 0.167079, -0.414983, 0.893552, 0.171328, -0.082688, -0.224569, 0.970944),

              ["RightUpperLeg"] = CFrame.new(0.000000, -0.000000, -0.000000, 0.715962, -0.387271, -0.580886, 0.217970, 0.914444, -0.340982, 0.663240, 0.117531, 0.739123),

              ["UpperTorso"] = CFrame.new(-0.044208, 0.045405, -0.004607, 0.991463, 0.124659, -0.038214, -0.106726, 0.944280, 0.311359, 0.074899, -0.304623, 0.949524)

          }},

          {Time = 0.250, Data = {

              ["Head"] = CFrame.new(-0.000000, 0.000000, 0.000000, 0.998886, -0.010786, 0.045930, 0.015918, 0.993482, -0.112876, -0.044413, 0.113482, 0.992547),

              ["LeftFoot"] = CFrame.new(0.000000, 0.003959, -0.000003, 0.883132, -0.376534, -0.279831, 0.427090, 0.892104, 0.147492, 0.194093, -0.249746, 0.948652),

              ["LeftHand"] = CFrame.new(0.000499, 0.001007, -0.000000, 0.965809, -0.224240, 0.130112, 0.253127, 0.924092, -0.286327, -0.056029, 0.309469, 0.949257),

              ["LeftLowerArm"] = CFrame.new(-0.000500, 0.004205, 0.000051, 1.000000, -0.000000, -0.000000, 0.000000, 0.999418, -0.034110, 0.000000, 0.034109, 0.999418),

              ["LeftLowerLeg"] = CFrame.new(0.000000, 0.017166, -0.000706, 1.000000, 0.000000, 0.000000, -0.000000, 0.991621, 0.129165, -0.000000, -0.129183, 0.991623),

              ["LeftUpperArm"] = CFrame.new(0.304330, -0.045247, 0.581984, 0.916144, -0.378976, -0.130604, 0.386195, 0.921780, 0.034284, 0.107396, -0.081847, 0.990842),

