return {
["ride it thrust"] = {

          {Time = 0.000, Data = {

              ["Head"] = CFrame.new(0.000000, 0.000000, 0.000000, 0.760616, 0.147104, 0.632316, 0.244472, 0.837390, -0.488889, -0.601412, 0.526440, 0.600969),

              ["LeftFoot"] = CFrame.new(-0.000000, 0.031767, -0.000002, 0.997297, 0.056213, 0.047337, -0.043720, 0.971511, -0.232942, -0.059049, 0.230233, 0.971338),

              ["LeftHand"] = CFrame.new(0.000500, 0.000042, 0.000000, 0.841357, -0.467035, 0.272027, 0.259431, 0.790506, 0.554797, -0.474145, -0.396206, 0.786258),

              ["LeftLowerArm"] = CFrame.new(-0.000500, 0.099431, 0.089565, 1.000000, -0.000000, 0.000000, -0.000000, 0.103390, -0.994641, 0.000000, 0.994641, 0.103390),

              ["LeftLowerLeg"] = CFrame.new(-0.000000, 0.125136, -0.085479, 1.000000, -0.000000, -0.000000, 0.000000, 0.114598, 0.993414, -0.000000, -0.993412, 0.114582),

              ["LeftUpperArm"] = CFrame.new(0.338335, -0.214148, -0.371568, 0.841356, 0.498428, 0.209019, -0.379287, 0.820001, -0.428649, -0.385047, 0.281369, 0.878960),

              ["LeftUpperLeg"] = CFrame.new(0.102335, 0.012837, 0.169975, 0.670444, 0.733436, -0.112019, -0.058406, -0.098338, -0.993438, -0.739657, 0.672608, -0.023065),

              ["LowerTorso"] = CFrame.new(0.086172, -1.136256, 0.170923, 1.000000, 0.000000, -0.000000, 0.000000, 0.075264, 0.997164, 0.000000, -0.997164, 0.075264),

              ["RightFoot"] = CFrame.new(-0.000000, 0.030780, -0.000102, 0.893028, -0.344236, -0.289854, 0.253998, 0.917255, -0.306813, 0.371466, 0.200361, 0.906559),

              ["RightHand"] = CFrame.new(-0.000499, 0.001825, 0.000000, 0.991440, 0.112861, -0.065650, -0.119252, 0.987471, -0.103345, 0.053164, 0.110289, 0.992477),

              ["RightLowerArm"] = CFrame.new(-0.000001, 0.100206, 0.111654, 1.000000, 0.000000, -0.000000, -0.000000, -0.119256, -0.992863, -0.000000, 0.992864, -0.119257),

              ["RightLowerLeg"] = CFrame.new(0.000000, 0.122572, -0.075336, 1.000000, 0.000000, 0.000000, -0.000000, 0.221308, 0.975207, 0.000000, -0.975204, 0.221293),

              ["RightUpperArm"] = CFrame.new(-0.194556, 0.054640, -0.275865, 0.928605, -0.295578, 0.224335, 0.326595, 0.364039, -0.872246, 0.176151, 0.883238, 0.434582),

              ["RightUpperLeg"] = CFrame.new(-0.144975, 0.018613, 0.246609, 0.609368, -0.756653, -0.236973, -0.142299, 0.189633, -0.971484, 0.780014, 0.625713, 0.007898),

              ["UpperTorso"] = CFrame.new(0.000000, -0.213517, 0.015668, 1.000000, 0.000000, 0.000000, 0.000000, 0.984707, -0.174216, -0.000000, 0.174216, 0.984707)

          }},

          {Time = 0.020, Data = {

              ["Head"] = CFrame.new(0.000000, -0.000000, 0.000000, 0.760022, 0.146061, 0.633271, 0.247115, 0.836280, -0.489459, -0.601083, 0.528491, 0.599497),

              ["LeftFoot"] = CFrame.new(0.000000, 0.031586, -0.000002, 0.996825, 0.060921, 0.051301, -0.047349, 0.971186, -0.233583, -0.064019, 0.230403, 0.970982),

              ["LeftHand"] = CFrame.new(0.000500, 0.000066, 0.000000, 0.845035, -0.462051, 0.269122, 0.267169, 0.800820, 0.536014, -0.463181, -0.381046, 0.800164),

              ["LeftLowerArm"] = CFrame.new(-0.000500, 0.099425, 0.089418, 1.000000, -0.000000, 0.000000, -0.000000, 0.104840, -0.994489, 0.000000, 0.994489, 0.104840),

              ["LeftLowerLeg"] = CFrame.new(-0.000000, 0.124823, -0.083676, 1.000000, -0.000000, -0.000000, 0.000000, 0.133381, 0.991067, -0.000000, -0.991065, 0.133365),

              ["LeftUpperArm"] = CFrame.new(0.338664, -0.211603, -0.370316, 0.844564, 0.489029, 0.218084, -0.374297, 0.830438, -0.412643, -0.382900, 0.266876, 0.884401),

              ["LeftUpperLeg"] = CFrame.new(0.099107, 0.011872, 0.163434, 0.674046, 0.732215, -0.097445, -0.044710, -0.091235, -0.994826, -0.737335, 0.674935, -0.028731),

              ["LowerTorso"] = CFrame.new(0.087752, -1.121799, 0.157330, 0.999998, -0.001664, -0.000789, 0.000885, 0.058617, 0.998280, -0.001614, -0.998279, 0.058618),

              ["RightFoot"] = CFrame.new(0.000000, 0.030623, -0.000102, 0.891076, -0.347183, -0.292335, 0.255904, 0.916270, -0.308171, 0.374829, 0.199784, 0.905302),

              ["RightHand"] = CFrame.new(-0.000499, 0.001918, 0.000000, 0.992478, 0.105819, -0.061565, -0.112223, 0.987344, -0.112067, 0.048927, 0.118132, 0.991792),

              ["RightLowerArm"] = CFrame.new(-0.000001, 0.099932, 0.113937, 1.000000, 0.000000, -0.000000, -0.000000, -0.142204, -0.989837, -0.000000, 0.989837, -0.142205),

              ["RightLowerLeg"] = CFrame.new(0.000000, 0.121959, -0.073126, 1.000000, 0.000000, 0.000000, -0.000000, 0.244237, 0.969719, 0.000000, -0.969715, 0.244223),

              ["RightUpperArm"] = CFrame.new(-0.194266, 0.052276, -0.274077, 0.927755, -0.299458, 0.222698, 0.331983, 0.389685, -0.859031, 0.170462, 0.870902, 0.460947),

              ["RightUpperLeg"] = CFrame.new(-0.139917, 0.017967, 0.237939, 0.612373, -0.747362, -0.257795, -0.158572, 0.203323, -0.966181, 0.774503, 0.632542, 0.006011),

              ["UpperTorso"] = CFrame.new(-0.001012, -0.206567, 0.007336, 0.999998, 0.001674, -0.000659, -0.001768, 0.982175, -0.187962, 0.000333, 0.187962, 0.982176)

          }},

          {Time = 0.040, Data = {

              ["Head"] = CFrame.new(-0.000000, 0.000000, 0.000000, 0.758287, 0.143065, 0.636029, 0.254733, 0.833039, -0.491077, -0.600093, 0.534395, 0.595240),

              ["LeftFoot"] = CFrame.new(-0.000000, 0.030969, -0.000002, 0.995308, 0.074025, 0.062333, -0.057698, 0.970993, -0.232054, -0.077669, 0.227359, 0.970704),

              ["LeftHand"] = CFrame.new(0.000500, 0.000112, 0.000000, 0.854586, -0.448746, 0.261366, 0.286711, 0.827338, 0.483024, -0.432990, -0.337845, 0.835689),

              ["LeftLowerArm"] = CFrame.new(-0.000500, 0.099341, 0.088496, 1.000000, -0.000000, 0.000000, 0.000000, 0.114040, -0.993476, 0.000000, 0.993476, 0.114039),

              ["LeftLowerLeg"] = CFrame.new(-0.000000, 0.123709, -0.078747, 1.000000, -0.000000, 0.000000, 0.000000, 0.184762, 0.982786, -0.000000, -0.982783, 0.184746),

              ["LeftUpperArm"] = CFrame.new(0.339118, -0.204919, -0.366897, 0.852830, 0.464195, 0.239172, -0.361224, 0.855180, -0.371732, -0.377092, 0.230630, 0.897002),

              ["LeftUpperLeg"] = CFrame.new(0.090352, 0.009414, 0.146030, 0.684044, 0.726927, -0.060281, -0.007801, -0.075347, -0.997128, -0.729399, 0.682568, -0.045842),

              ["LowerTorso"] = CFrame.new(0.092074, -1.081247, 0.121692, 0.999976, -0.006107, -0.003217, 0.003297, 0.013131, 0.999908, -0.006065, -0.999895, 0.013150),

              ["RightFoot"] = CFrame.new(-0.000000, 0.029987, -0.000102, 0.885252, -0.355794, -0.299586, 0.262767, 0.914020, -0.309074, 0.383774, 0.194877, 0.902619),

              ["RightHand"] = CFrame.new(-0.000499, 0.002142, 0.000000, 0.995175, 0.084798, -0.049365, -0.091011, 0.985751, -0.141467, 0.036665, 0.145276, 0.988711),

              ["RightLowerArm"] = CFrame.new(-0.000000, 0.099046, 0.119438, 1.000000, 0.000000, -0.000000, -0.000000, -0.197524, -0.980298, -0.000000, 0.980298, -0.197525),

              ["RightLowerLeg"] = CFrame.new(0.000000, 0.119873, -0.067190, 1.000000, 0.000000, 0.000000, -0.000000, 0.305951, 0.952052, 0.000000, -0.952047, 0.305936),

              ["RightUpperArm"] = CFrame.new(-0.193153, 0.045072, -0.268570, 0.924754, -0.310303, 0.220322, 0.348298, 0.456793, -0.818554, 0.153358, 0.833698, 0.530498),

              ["RightUpperLeg"] = CFrame.new(-0.126341, 0.016232, 0.214683, 0.620968, -0.719624, -0.310727, -0.202705, 0.235481, -0.950499, 0.757172, 0.653216, 0.000368),

              ["UpperTorso"] = CFrame.new(-0.003689, -0.186226, -0.014901, 0.999977, 0.006282, -0.002542, -0.006694, 0.974152, -0.225796, 0.001057, 0.225807, 0.974171)

          }},

          {Time = 0.060, Data = {

              ["Head"] = CFrame.new(-0.000000, 0.000000, -0.000000, 0.755455, 0.138328, 0.640432, 0.266854, 0.827755, -0.493569, -0.598395, 0.543771, 0.588418),

              ["LeftFoot"] = CFrame.new(-0.000000, 0.030302, -0.000002, 0.992458, 0.093784, 0.078970, -0.074196, 0.972169, -0.222234, -0.097580, 0.214689, 0.971790),

              ["LeftHand"] = CFrame.new(0.000500, 0.000139, 0.000000, 0.867514, -0.429826, 0.250340, 0.311437, 0.861783, 0.400424, -0.387848, -0.269406, 0.881471),

              ["LeftLowerArm"] = CFrame.new(-0.000500, 0.099021, 0.085921, 1.000000, -0.000000, -0.000000, 0.000000, 0.139778, -0.990183, 0.000000, 0.990183, 0.139777),

              ["LeftLowerLeg"] = CFrame.new(0.000000, 0.121630, -0.071250, 1.000000, -0.000000, -0.000000, 0.000000, 0.262666, 0.964891, -0.000000, -0.964887, 0.262650),

              ["LeftUpperArm"] = CFrame.new(0.338777, -0.195639, -0.361917, 0.863868, 0.430010, 0.262342, -0.343135, 0.883643, -0.318488, -0.368770, 0.185114, 0.910902),

              ["LeftUpperLeg"] = CFrame.new(0.077469, 0.006118, 0.121093, 0.699024, 0.715008, -0.010254, 0.045314, -0.058605, -0.997254, -0.713661, 0.696656, -0.073339),

              ["LowerTorso"] = CFrame.new(0.098416, -1.018680, 0.071197, 0.999895, -0.012377, -0.007510, 0.006826, -0.054412, 0.998495, -0.012767, -0.998442, -0.054321),

              ["RightFoot"] = CFrame.new(-0.000000, 0.028690, -0.000102, 0.875546, -0.369582, -0.311195, 0.276756, 0.911592, -0.303994, 0.396012, 0.180025, 0.900414),

              ["RightHand"] = CFrame.new(-0.000498, 0.002411, 0.000000, 0.998454, 0.048010, -0.027995, -0.052618, 0.978763, -0.198129, 0.017889, 0.199294, 0.979776),

              ["RightLowerArm"] = CFrame.new(-0.000001, 0.097580, 0.125915, 1.000000, 0.000000, -0.000000, -0.000000, -0.262697, -0.964878, -0.000000, 0.964878, -0.262699),

              ["RightLowerLeg"] = CFrame.new(0.000000, 0.115785, -0.058537, 1.000000, 0.000000, 0.000000, -0.000000, 0.395948, 0.918279, 0.000000, -0.918273, 0.395934),

              ["RightUpperArm"] = CFrame.new(-0.190329, 0.032127, -0.258415, 0.917871, -0.328576, 0.222600, 0.377225, 0.547960, -0.746620, 0.123346, 0.769271, 0.626903),

              ["RightUpperLeg"] = CFrame.new(-0.106638, 0.013713, 0.180969, 0.634247, -0.673065, -0.380428, -0.266693, 0.271373, -0.924781, 0.725676, 0.687997, -0.007371),

              ["UpperTorso"] = CFrame.new(-0.007380, -0.152677, -0.046048, 0.999898, 0.013194, -0.005533, -0.014220, 0.959206, -0.282350, 0.001582, 0.282400, 0.959296)

          }},

          {Time = 0.080, Data = {

              ["Head"] = CFrame.new(0.000000, 0.000000, -0.000000, 0.751544, 0.132078, 0.646326, 0.282994, 0.820472, -0.496729, -0.595900, 0.556220, 0.579244),

              ["LeftFoot"] = CFrame.new(0.000000, 0.029041, -0.000002, 0.987949, 0.118413, 0.099707, -0.096692, 0.975023, -0.199966, -0.120862, 0.187906, 0.974716),

              ["LeftHand"] = CFrame.new(0.000500, 0.000114, 0.000000, 0.881579, -0.407903, 0.237560, 0.334238, 0.894786, 0.296048, -0.333322, -0.181586, 0.925160),

              ["LeftLowerArm"] = CFrame.new(-0.000500, 0.098204, 0.081100, 1.000000, -0.000000, 0.000000, 0.000000, 0.188012, -0.982167, 0.000000, 0.982167, 0.188011),

              ["LeftLowerLeg"] = CFrame.new(-0.000000, 0.117821, -0.062056, 1.000000, -0.000000, -0.000000, 0.000000, 0.358336, 0.933598, -0.000000, -0.933593, 0.358321),

              ["LeftUpperArm"] = CFrame.new(0.336846, -0.185231, -0.355991, 0.875642, 0.393686, 0.279751, -0.322945, 0.907990, -0.266949, -0.359106, 0.143408, 0.922213),

              ["LeftUpperLeg"] = CFrame.new(0.061852, 0.002639, 0.091949, 0.717501, 0.695225, 0.042816, 0.107097, -0.049377, -0.993025, -0.688275, 0.717094, -0.109859),

              ["LowerTorso"] = CFrame.new(0.105979, -0.938370, 0.013029, 0.999716, -0.019417, -0.013861, 0.011076, -0.136840, 0.990531, -0.021130, -0.990403, -0.136586),

              ["RightFoot"] = CFrame.new(0.000000, 0.026823, -0.000102, 0.861813, -0.388011, -0.326712, 0.299922, 0.909233, -0.288700, 0.409054, 0.150806, 0.899951),

              ["RightHand"] = CFrame.new(-0.000498, 0.002623, 0.000000, 0.999959, -0.007858, 0.004497, 0.008811, 0.958942, -0.283466, -0.002084, 0.283492, 0.958972),

              ["RightLowerArm"] = CFrame.new(-0.000001, 0.095977, 0.131269, 1.000000, 0.000000, -0.000000, -0.000000, -0.316534, -0.948581, -0.000000, 0.948581, -0.316535),

              ["RightLowerLeg"] = CFrame.new(0.000000, 0.109236, -0.048245, 1.000000, 0.000000, 0.000000, -0.000000, 0.502906, 0.864348, 0.000000, -0.864341, 0.502895),

              ["RightUpperArm"] = CFrame.new(-0.184041, 0.012178, -0.242068, 0.903645, -0.357170, 0.236335, 0.421173, 0.640975, -0.641690, 0.077708, 0.679397, 0.729644),

              ["RightUpperLeg"] = CFrame.new(-0.083202, 0.010713, 0.140924, 0.651183, -0.609080, -0.452763, -0.341605, 0.297478, -0.891516, 0.677693, 0.735206, -0.014338),

              ["UpperTorso"] = CFrame.new(-0.011389, -0.106221, -0.080577, 0.999718, 0.021765, -0.009534, -0.023728, 0.935721, -0.351941, 0.001261, 0.352068, 0.935974)

          }},

          {Time = 0.100, Data = {

              ["Head"] = CFrame.new(0.000000, 0.000000, 0.000000, 0.746561, 0.124555, 0.653554, 0.302658, 0.811213, -0.500331, -0.592490, 0.571331, 0.567923),

              ["LeftFoot"] = CFrame.new(-0.000000, 0.027335, -0.000002, 0.981564, 0.146220, 0.123120, -0.125346, 0.978636, -0.162986, -0.144291, 0.144541, 0.978916),

              ["LeftHand"] = CFrame.new(0.000500, 0.000026, 0.000000, 0.895185, -0.385147, 0.224290, 0.349629, 0.918934, 0.182541, -0.276410, -0.084987, 0.957274),

              ["LeftLowerArm"] = CFrame.new(-0.000500, 0.096548, 0.074092, 1.000000, -0.000000, -0.000000, 0.000000, 0.258148, -0.966105, 0.000000, 0.966105, 0.258148),

              ["LeftLowerLeg"] = CFrame.new(-0.000000, 0.112083, -0.051987, 1.000000, -0.000000, 0.000000, 0.000000, 0.463024, 0.886352, -0.000000, -0.886346, 0.463011),

              ["LeftUpperArm"] = CFrame.new(0.332838, -0.174911, -0.349635, 0.886737, 0.361811, 0.287732, -0.303068, 0.925006, -0.229158, -0.349066, 0.116002, 0.929891),

              ["LeftUpperLeg"] = CFrame.new(0.044901, -0.000368, 0.061930, 0.738051, 0.668487, 0.091591, 0.170133, -0.053024, -0.983997, -0.652944, 0.741831, -0.152843),

              ["LowerTorso"] = CFrame.new(0.113962, -0.845072, -0.044926, 0.999410, -0.026186, -0.022235, 0.015730, -0.226574, 0.973867, -0.030540, -0.973642, -0.226028),

              ["RightFoot"] = CFrame.new(0.000000, 0.023868, -0.000102, 0.843827, -0.410491, -0.345642, 0.333038, 0.905636, -0.262516, 0.420763, 0.106397, 0.900898),

              ["RightHand"] = CFrame.new(-0.000498, 0.002731, 0.000000, 0.995162, -0.084932, 0.049388, 0.097443, 0.917474, -0.385680, -0.012554, 0.388624, 0.921310),

              ["RightLowerArm"] = CFrame.new(-0.000001, 0.095047, 0.133945, 1.000000, 0.000000, -0.000000, -0.000000, -0.343446, -0.939172, -0.000000, 0.939172, -0.343448),

              ["RightLowerLeg"] = CFrame.new(-0.000000, 0.099783, -0.037715, 1.000000, 0.000000, 0.000000, -0.000000, 0.612399, 0.790554, 0.000000, -0.790549, 0.612392),

              ["RightUpperArm"] = CFrame.new(-0.171660, -0.015017, -0.218310, 0.876869, -0.399218, 0.267816, 0.480515, 0.711207, -0.513119, 0.014374, 0.578627, 0.815465),

              ["RightUpperLeg"] = CFrame.new(-0.058427, 0.007538, 0.098676, 0.670743, -0.532793, -0.515990, -0.418174, 0.302902, -0.856370, 0.612563, 0.790178, -0.019616),

              ["UpperTorso"] = CFrame.new(-0.015079, -0.048087, -0.113179, 0.999404, 0.031346, -0.014436, -0.034508, 0.902782, -0.428711, -0.000405, 0.428954, 0.903326)

          }},

          {Time = 0.120, Data = {

              ["Head"] = CFrame.new(-0.000000, -0.000000, -0.000000, 0.740513, 0.116006, 0.661954, 0.325334, 0.799999, -0.504142, -0.588046, 0.588680, 0.554668),

              ["LeftFoot"] = CFrame.new(0.000000, 0.024881, -0.000003, 0.973290, 0.175626, 0.147880, -0.159917, 0.980728, -0.112253, -0.164719, 0.085600, 0.982614),

              ["LeftHand"] = CFrame.new(0.000500, -0.000108, 0.000000, 0.907416, -0.363156, 0.211457, 0.355316, 0.931704, 0.075360, -0.224381, 0.006752, 0.974478),

              ["LeftLowerArm"] = CFrame.new(-0.000500, 0.093809, 0.065675, 1.000000, -0.000000, -0.000000, 0.000000, 0.342404, -0.939553, 0.000000, 0.939553, 0.342403),

              ["LeftLowerLeg"] = CFrame.new(0.000000, 0.104257, -0.042114, 1.000000, -0.000000, 0.000000, 0.000000, 0.565701, 0.824616, -0.000000, -0.824610, 0.565692),

              ["LeftUpperArm"] = CFrame.new(0.326587, -0.165584, -0.343199, 0.896374, 0.338427, 0.286323, -0.285300, 0.934766, -0.211701, -0.339291, 0.108076, 0.934453),

              ["LeftUpperLeg"] = CFrame.new(0.028010, -0.002246, 0.034363, 0.759329, 0.637510, 0.130342, 0.227925, -0.072974, -0.970944, -0.609482, 0.766978, -0.200695),

              ["LowerTorso"] = CFrame.new(0.121650, -0.744046, -0.093589, 0.998973, -0.031802, -0.032286, 0.020598, -0.315961, 0.948549, -0.040367, -0.948239, -0.314982),

              ["RightFoot"] = CFrame.new(0.000000, 0.019687, -0.000102, 0.821451, -0.436242, -0.367324, 0.375360, 0.898487, -0.227662, 0.429328, 0.049127, 0.901800),

              ["RightHand"] = CFrame.new(-0.000498, 0.002702, -0.000000, 0.978636, -0.177664, 0.103473, 0.205581, 0.852393, -0.480797, -0.002778, 0.491794, 0.870705),

              ["RightLowerArm"] = CFrame.new(-0.000001, 0.095303, 0.133233, 1.000000, 0.000000, -0.000000, -0.000000, -0.336289, -0.941758, -0.000000, 0.941759, -0.336291),

              ["RightLowerLeg"] = CFrame.new(0.000000, 0.087825, -0.028286, 1.000000, 0.000000, 0.000000, -0.000000, 0.710496, 0.703704, 0.000000, -0.703701, 0.710493),

              ["RightUpperArm"] = CFrame.new(-0.151271, -0.046136, -0.188638, 0.833758, -0.451003, 0.318501, 0.548490, 0.742690, -0.384150, -0.063295, 0.494983, 0.866594),

              ["RightUpperLeg"] = CFrame.new(-0.034707, 0.004491, 0.058354, 0.691862, -0.452440, -0.562703, -0.487719, 0.281806, -0.826261, 0.532406, 0.846099, -0.025677),

              ["UpperTorso"] = CFrame.new(-0.017959, 0.019201, -0.139531, 0.998945, 0.041293, -0.020101, -0.045782, 0.860779, -0.506915, -0.003629, 0.507301, 0.861762)

          }},

          {Time = 0.140, Data = {

              ["Head"] = CFrame.new(0.000000, 0.000000, -0.000000, 0.733413, 0.106682, 0.671360, 0.350499, 0.786865, -0.507931, -0.582457, 0.607834, 0.539705),

              ["LeftFoot"] = CFrame.new(0.000000, 0.021923, -0.000003, 0.963363, 0.205169, 0.172756, -0.199416, 0.978628, -0.050219, -0.179348, 0.013926, 0.983684),

              ["LeftHand"] = CFrame.new(0.000500, -0.000250, -0.000000, 0.917945, -0.342841, 0.199592, 0.352257, 0.935819, -0.012600, -0.182460, 0.081875, 0.979798),

              ["LeftLowerArm"] = CFrame.new(-0.000500, 0.090078, 0.057011, 1.000000, -0.000000, -0.000000, 0.000000, 0.429130, -0.903243, 0.000000, 0.903243, 0.429130),

              ["LeftLowerLeg"] = CFrame.new(-0.000000, 0.094832, -0.033155, 1.000000, -0.000000, -0.000000, 0.000000, 0.658792, 0.752329, -0.000000, -0.752325, 0.658787),

              ["LeftUpperArm"] = CFrame.new(0.318199, -0.157761, -0.336866, 0.904321, 0.324194, 0.277670, -0.270643, 0.938517, -0.214333, -0.330084, 0.118677, 0.936462),

              ["LeftUpperLeg"] = CFrame.new(0.012578, -0.002342, 0.012576, 0.780088, 0.605604, 0.157172, 0.275901, -0.107514, -0.955158, -0.561552, 0.788470, -0.250939),

              ["LowerTorso"] = CFrame.new(0.128488, -0.640744, -0.124743, 0.998421, -0.035659, -0.043400, 0.025635, -0.398234, 0.916926, -0.049980, -0.916590, -0.396691),

              ["RightFoot"] = CFrame.new(0.000000, 0.015472, -0.000103, 0.795072, -0.463960, -0.390663, 0.425770, 0.885653, -0.185320, 0.431949, -0.018992, 0.901686),

              ["RightHand"] = CFrame.new(-0.000498, 0.002546, 0.000000, 0.950762, -0.267752, 0.156076, 0.308797, 0.775557, -0.550599, 0.026379, 0.571681, 0.820049),

              ["RightLowerArm"] = CFrame.new(-0.000001, 0.096599, 0.129327, 1.000000, 0.000000, -0.000000, 0.000000, -0.297002, -0.954877, -0.000000, 0.954877, -0.297003),

              ["RightLowerLeg"] = CFrame.new(-0.000000, 0.075036, -0.020426, 1.000000, 0.000000, 0.000000, -0.000000, 0.791880, 0.610677, 0.000000, -0.610677, 0.791880),

              ["RightUpperArm"] = CFrame.new(-0.125648, -0.073453, -0.159411, 0.779904, -0.496838, 0.380659, 0.609529, 0.741082, -0.281555, -0.142213, 0.451608, 0.880810),

              ["RightUpperLeg"] = CFrame.new(-0.014433, 0.001877, 0.024086, 0.713271, -0.375194, -0.592015, -0.543528, 0.237189, -0.805179, 0.442517, 0.896086, -0.034734),

              ["UpperTorso"] = CFrame.new(-0.019735, 0.091922, -0.156969, 0.998353, 0.050973, -0.026343, -0.056782, 0.811695, -0.581315, -0.008249, 0.581854, 0.813252)

          }},

          {Time = 0.160, Data = {

              ["Head"] = CFrame.new(-0.000000, 0.000000, 0.000000, 0.725292, 0.096832, 0.681598, 0.377614, 0.771879, -0.511479, -0.575638, 0.628353, 0.523272),

              ["LeftFoot"] = CFrame.new(-0.000000, 0.017887, -0.000003, 0.952313, 0.233407, 0.196535, -0.241899, 0.970095, 0.020030, -0.185970, -0.066616, 0.980292),

              ["LeftHand"] = CFrame.new(0.000500, -0.000371, 0.000000, 0.926966, -0.324226, 0.188712, 0.343549, 0.935735, -0.079845, -0.150695, 0.138846, 0.978781),

              ["LeftLowerArm"] = CFrame.new(-0.000500, 0.085615, 0.048835, 1.000000, -0.000000, -0.000000, 0.000000, 0.510948, -0.859612, 0.000000, 0.859612, 0.510947),

              ["LeftLowerLeg"] = CFrame.new(0.000000, 0.083280, -0.025052, 1.000000, -0.000000, -0.000000, 0.000000, 0.742997, 0.669297, -0.000000, -0.669295, 0.742995),

              ["LeftUpperArm"] = CFrame.new(0.308012, -0.151334, -0.330737, 0.910809, 0.316714, 0.264800, -0.258865, 0.937816, -0.231281, -0.321583, 0.142106, 0.936157),

              ["LeftUpperLeg"] = CFrame.new(-0.000000, 0.000000, -0.000100, 0.799140, 0.574564, 0.176794, 0.312401, -0.145682, -0.938715, -0.513597, 0.805390, -0.295901),

              ["LowerTorso"] = CFrame.new(0.134105, -0.540018, -0.138141, 0.997791, -0.037453, -0.054859, 0.030919, -0.469085, 0.882612, -0.058790, -0.882359, -0.466890),

              ["RightFoot"] = CFrame.new(-0.000000, 0.012530, -0.000103, 0.766604, -0.491194, -0.413597, 0.484428, 0.865177, -0.129625, 0.421482, -0.100982, 0.901186),

              ["RightHand"] = CFrame.new(-0.000499, 0.002294, 0.000000, 0.919892, -0.338765, 0.197579, 0.386954, 0.702134, -0.597728, 0.063763, 0.626296, 0.776971),

              ["RightLowerArm"] = CFrame.new(-0.000001, 0.098273, 0.123107, 1.000000, 0.000000, -0.000000, -0.000000, -0.234431, -0.972132, -0.000000, 0.972133, -0.234432),

              ["RightLowerLeg"] = CFrame.new(0.000000, 0.061578, -0.013214, 1.000000, 0.000000, -0.000000, -0.000000, 0.865678, 0.500595, 0.000000, -0.500600, 0.865682),

              ["RightUpperArm"] = CFrame.new(-0.101150, -0.091540, -0.136832, 0.728077, -0.522898, 0.443261, 0.652663, 0.726503, -0.215002, -0.209606, 0.445837, 0.870227),

              ["RightUpperLeg"] = CFrame.new(0.000000, 0.000000, -0.000000, 0.733157, -0.299850, -0.610391, -0.582436, 0.186487, -0.791193, 0.351068, 0.935582, -0.037907),

              ["UpperTorso"] = CFrame.new(-0.020336, 0.165591, -0.164921, 0.997669, 0.059777, -0.032922, -0.066850, 0.759073, -0.647564, -0.013719, 0.648255, 0.761300)

          }},

          {Time = 0.180, Data = {

              ["Head"] = CFrame.new(-0.000000, 0.000000, -0.000000, 0.716205, 0.086699, 0.692484, 0.406136, 0.755148, -0.514592, -0.567542, 0.649796, 0.505629),

              ["LeftFoot"] = CFrame.new(0.000000, 0.013804, -0.000002, 0.940955, 0.258959, 0.218051, -0.285243, 0.953359, 0.098707, -0.182318, -0.155071, 0.970933),

              ["LeftHand"] = CFrame.new(0.000500, -0.000453, 0.000000, 0.934715, -0.307178, 0.178743, 0.331692, 0.934614, -0.128367, -0.127623, 0.179274, 0.975486),

              ["LeftLowerArm"] = CFrame.new(-0.000500, 0.080728, 0.041508, 1.000000, -0.000000, -0.000000, 0.000000, 0.584269, -0.811561, 0.000000, 0.811560, 0.584268),

              ["LeftLowerLeg"] = CFrame.new(-0.000000, 0.069688, -0.017263, 1.000000, -0.000000, -0.000000, 0.000000, 0.823351, 0.567531, -0.000000, -0.567533, 0.823352),

              ["LeftUpperArm"] = CFrame.new(0.296377, -0.146096, -0.324875, 0.916095, 0.313708, 0.249714, -0.249531, 0.933542, -0.257359, -0.313854, 0.173455, 0.933493),

              ["LeftUpperLeg"] = CFrame.new(-0.008651, 0.005255, -0.001262, 0.815449, 0.544504, 0.196388, 0.337612, -0.171844, -0.925465, -0.470171, 0.820966, -0.323954),

              ["LowerTorso"] = CFrame.new(0.138338, -0.446307, -0.135309, 0.997135, -0.037195, -0.065865, 0.036551, -0.525421, 0.850057, -0.066225, -0.850029, -0.522556),

              ["RightFoot"] = CFrame.new(-0.000000, 0.009565, -0.000102, 0.738852, -0.515478, -0.434044, 0.548696, 0.834108, -0.056590, 0.391190, -0.196333, 0.899112),

              ["RightHand"] = CFrame.new(-0.000499, 0.001973, 0.000000, 0.896245, -0.383117, 0.223530, 0.432417, 0.642435, -0.632690, 0.098791, 0.663700, 0.741443),

              ["RightLowerArm"] = CFrame.new(-0.000001, 0.099743, 0.115298, 1.000000, 0.000000, -0.000000, 0.000000, -0.155885, -0.987775, -0.000000, 0.987775, -0.155886),

              ["RightLowerLeg"] = CFrame.new(-0.000000, 0.045099, -0.006639, 1.000000, 0.000000, -0.000000, -0.000000, 0.932527, 0.361089, 0.000000, -0.361100, 0.932531),

              ["RightUpperArm"] = CFrame.new(-0.083811, -0.099261, -0.123976, 0.690389, -0.524320, 0.498448, 0.675504, 0.713842, -0.184731, -0.258955, 0.464239, 0.847009),

              ["RightUpperLeg"] = CFrame.new(0.006749, -0.000897, -0.010851, 0.750134, -0.224665, -0.621957, -0.604837, 0.147138, -0.782636, 0.267343, 0.963263, -0.025502),

              ["UpperTorso"] = CFrame.new(-0.019915, 0.235535, -0.164978, 0.996961, 0.067120, -0.039540, -0.075506, 0.707724, -0.702443, -0.019165, 0.703293, 0.710641)

          }},

          {Time = 0.200, Data = {

              ["Head"] = CFrame.new(0.000000, 0.000000, -0.000000, 0.706235, 0.076515, 0.703830, 0.435518, 0.736833, -0.517109, -0.558172, 0.671731, 0.487054),

              ["LeftFoot"] = CFrame.new(0.000000, 0.011048, -0.000001, 0.930242, 0.280694, 0.236355, -0.326627, 0.926917, 0.184771, -0.167224, -0.249069, 0.953937),

              ["LeftHand"] = CFrame.new(0.000500, -0.000484, 0.000000, 0.941386, -0.291585, 0.169620, 0.318297, 0.934326, -0.160384, -0.111714, 0.204973, 0.972371),

              ["LeftLowerArm"] = CFrame.new(-0.000500, 0.075720, 0.035178, 1.000000, -0.000000, -0.000000, -0.000000, 0.647611, -0.761972, 0.000000, 0.761971, 0.647610),

              ["LeftLowerLeg"] = CFrame.new(0.000000, 0.054728, -0.009982, 1.000000, -0.000000, -0.000000, 0.000000, 0.897563, 0.440879, -0.000000, -0.440885, 0.897567),

              ["LeftUpperArm"] = CFrame.new(0.283620, -0.141870, -0.319320, 0.920386, 0.313601, 0.233545, -0.242270, 0.926193, -0.288914, -0.306912, 0.209332, 0.928432),

              ["LeftUpperLeg"] = CFrame.new(-0.013603, 0.013174, 0.007802, 0.828274, 0.515344, 0.219985, 0.352791, -0.174647, -0.919253, -0.435317, 0.838999, -0.326467),

              ["LowerTorso"] = CFrame.new(0.141231, -0.363772, -0.117611, 0.996514, -0.035179, -0.075645, 0.042621, -0.564796, 0.824129, -0.071717, -0.824480, -0.561328),

              ["RightFoot"] = CFrame.new(-0.000000, 0.005685, -0.000103, 0.714258, -0.535378, -0.450799, 0.612458, 0.789845, 0.032365, 0.338719, -0.299191, 0.892038),

              ["RightHand"] = CFrame.new(-0.000499, 0.001611, 0.000000, 0.885402, -0.401458, 0.234297, 0.447467, 0.599684, -0.663443, 0.125840, 0.692251, 0.710598),

              ["RightLowerArm"] = CFrame.new(-0.000001, 0.100632, 0.106372, 1.000000, 0.000000, -0.000000, 0.000000, -0.066166, -0.997809, -0.000000, 0.997809, -0.066166),

              ["RightLowerLeg"] = CFrame.new(0.000000, 0.024342, -0.001750, 1.000000, 0.000000, -0.000000, -0.000000, 0.982060, 0.188552, -0.000000, -0.188568, 0.982063),

              ["RightUpperArm"] = CFrame.new(-0.076321, -0.098193, -0.120726, 0.672267, -0.503491, 0.542728, 0.681090, 0.707949, -0.186885, -0.290129, 0.495283, 0.818853),

              ["RightUpperLeg"] = CFrame.new(0.006169, -0.000826, -0.009708, 0.763909, -0.149575, -0.627755, -0.613800, 0.131918, -0.778359, 0.199232, 0.979911, 0.008972),

              ["UpperTorso"] = CFrame.new(-0.018819, 0.297384, -0.160565, 0.996318, 0.072453, -0.045836, -0.082453, 0.663248, -0.743844, -0.023493, 0.744884, 0.666780)

          }},

          {Time = 0.220, Data = {

              ["Head"] = CFrame.new(-0.000000, 0.000000, -0.000000, 0.695498, 0.066494, 0.715444, 0.465225, 0.717148, -0.518907, -0.547584, 0.693741, 0.467841),

              ["LeftFoot"] = CFrame.new(-0.000000, 0.008123, -0.000001, 0.920944, 0.298101, 0.251011, -0.362136, 0.892549, 0.268733, -0.143947, -0.338367, 0.929933),

              ["LeftHand"] = CFrame.new(0.000500, -0.000450, -0.000000, 0.947129, -0.277363, 0.161297, 0.304354, 0.935779, -0.178006, -0.101565, 0.217686, 0.970720),

              ["LeftLowerArm"] = CFrame.new(-0.000500, 0.070854, 0.029857, 1.000000, -0.000000, -0.000000, 0.000000, 0.700840, -0.713319, 0.000000, 0.713318, 0.700839),

              ["LeftLowerLeg"] = CFrame.new(0.000000, 0.038473, -0.004547, 1.000000, -0.000000, -0.000000, 0.000000, 0.952737, 0.303791, -0.000000, -0.303798, 0.952739),

              ["LeftUpperArm"] = CFrame.new(0.270044, -0.138507, -0.314095, 0.923847, 0.315351, 0.216934, -0.236771, 0.916144, -0.323451, -0.300744, 0.247456, 0.921043),

              ["LeftUpperLeg"] = CFrame.new(-0.015406, 0.023331, 0.024878, 0.837369, 0.488809, 0.244714, 0.359383, -0.155003, -0.920217, -0.411895, 0.858510, -0.305476),

              ["LowerTorso"] = CFrame.new(0.142991, -0.296403, -0.086550, 0.995992, -0.031883, -0.083563, 0.049192, -0.585013, 0.809531, -0.074695, -0.810397, -0.581100),

              ["RightFoot"] = CFrame.new(0.000000, -0.000478, -0.000103, 0.694225, -0.550582, -0.463600, 0.667466, 0.733492, 0.128414, 0.269336, -0.398558, 0.876690),

              ["RightHand"] = CFrame.new(-0.000499, 0.001185, 0.000000, 0.886979, -0.398830, 0.232818, 0.438980, 0.571599, -0.693235, 0.143404, 0.717084, 0.682071),

              ["RightLowerArm"] = CFrame.new(-0.000000, 0.100618, 0.096667, 1.000000, 0.000000, -0.000000, 0.000000, 0.031384, -0.999507, -0.000000, 0.999507, 0.031383),

              ["RightLowerLeg"] = CFrame.new(0.000000, -0.000475, -0.000003, 1.000000, 0.000000, 0.000000, -0.000000, 1.000000, -0.000007, -0.000000, -0.000010, 1.000000),

              ["RightUpperArm"] = CFrame.new(-0.077916, -0.090639, -0.125203, 0.672229, -0.465735, 0.575498, 0.673912, 0.706772, -0.215213, -0.306514, 0.532508, 0.788977),

              ["RightUpperLeg"] = CFrame.new(-0.000835, 0.000142, 0.001113, 0.775080, -0.079641, -0.626829, -0.613284, 0.143979, -0.776625, 0.152097, 0.986371, 0.062756),

              ["UpperTorso"] = CFrame.new(-0.017535, 0.347279, -0.156250, 0.995838, 0.075262, -0.051402, -0.087493, 0.631498, -0.770425, -0.025523, 0.771716, 0.635455)

          }},

          {Time = 0.240, Data = {

              ["Head"] = CFrame.new(0.000000, 0.000000, -0.000000, 0.684141, 0.056827, 0.727133, 0.494738, 0.696368, -0.519910, -0.535897, 0.715432, 0.448299),

              ["LeftFoot"] = CFrame.new(-0.000000, 0.005236, -0.000000, 0.913602, 0.311045, 0.261908, -0.389110, 0.855680, 0.341193, -0.118007, -0.413598, 0.902769),

              ["LeftHand"] = CFrame.new(0.000500, -0.000340, 0.000000, 0.952066, -0.264451, 0.153738, 0.290451, 0.939201, -0.183137, -0.095959, 0.219012, 0.970992),

              ["LeftLowerArm"] = CFrame.new(-0.000500, 0.066337, 0.025483, 1.000000, -0.000000, -0.000000, 0.000000, 0.744591, -0.667522, 0.000000, 0.667521, 0.744590),

              ["LeftLowerLeg"] = CFrame.new(0.000000, 0.023317, -0.001468, 1.000000, -0.000000, 0.000000, 0.000000, 0.983917, 0.178623, 0.000000, -0.178628, 0.983918),

              ["LeftUpperArm"] = CFrame.new(0.255938, -0.135888, -0.309219, 0.926607, 0.318273, 0.200253, -0.232771, 0.903734, -0.359281, -0.295325, 0.286300, 0.911491),

              ["LeftUpperLeg"] = CFrame.new(-0.014612, 0.035295, 0.047754, 0.842741, 0.467346, 0.267160, 0.358223, -0.116474, -0.926330, -0.401825, 0.876368, -0.265590),

              ["LowerTorso"] = CFrame.new(0.143925, -0.248224, -0.044070, 0.995624, -0.027814, -0.089212, 0.056292, -0.583510, 0.810153, -0.074589, -0.811630, -0.579391),

              ["RightFoot"] = CFrame.new(0.000000, -0.014484, -0.000103, 0.679308, -0.561364, -0.472679, 0.689258, 0.709170, 0.148360, 0.251920, -0.426554, 0.868657),

              ["RightHand"] = CFrame.new(-0.000499, 0.000718, 0.000000, 0.897272, -0.381249, 0.222605, 0.414407, 0.553495, -0.722436, 0.152217, 0.740468, 0.654625),

              ["RightLowerArm"] = CFrame.new(-0.000000, 0.099535, 0.086417, 1.000000, 0.000000, 0.000000, 0.000000, 0.134347, -0.990935, -0.000000, 0.990934, 0.134346),

              ["RightLowerLeg"] = CFrame.new(0.000000, -0.014432, -0.000188, 1.000000, 0.000000, 0.000000, -0.000000, 1.000000, -0.000007, 0.000000, -0.000010, 1.000000),

              ["RightUpperArm"] = CFrame.new(-0.086080, -0.078639, -0.135160, 0.685293, -0.416428, 0.597462, 0.657937, 0.705747, -0.262756, -0.312238, 0.573156, 0.757627),

              ["RightUpperLeg"] = CFrame.new(-0.013357, 0.001935, 0.019295, 0.784565, -0.080145, -0.614852, -0.606416, 0.107603, -0.787829, 0.129296, 0.990958, 0.035824),

              ["UpperTorso"] = CFrame.new(-0.016602, 0.381716, -0.156754, 0.995617, 0.075068, -0.055783, -0.090354, 0.618027, -0.780947, -0.024149, 0.782565, 0.622101)

          }},

          {Time = 0.260, Data = {

              ["Head"] = CFrame.new(0.000000, 0.000000, 0.000000, 0.672342, 0.047678, 0.738703, 0.523570, 0.674819, -0.520090, -0.523288, 0.736442, 0.428747),

              ["LeftFoot"] = CFrame.new(0.000000, 0.003082, -0.000000, 0.908518, 0.319639, 0.269142, -0.406343, 0.825908, 0.390863, -0.097370, -0.464443, 0.880221),

              ["LeftHand"] = CFrame.new(0.000500, -0.000144, 0.000000, 0.956292, -0.252819, 0.146927, 0.276931, 0.944362, -0.177455, -0.093887, 0.210388, 0.973099),

              ["LeftLowerArm"] = CFrame.new(-0.000500, 0.062327, 0.021961, 1.000000, -0.000000, -0.000000, -0.000000, 0.779813, -0.626013, 0.000000, 0.626013, 0.779813),

              ["LeftLowerLeg"] = CFrame.new(-0.000000, 0.013201, -0.000357, 1.000000, -0.000000, -0.000000, -0.000000, 0.995195, 0.097909, -0.000000, -0.097910, 0.995195),

              ["LeftUpperArm"] = CFrame.new(0.241573, -0.133912, -0.304710, 0.928768, 0.321916, 0.183738, -0.230055, 0.889312, -0.395221, -0.290629, 0.324799, 0.900023),

              ["LeftUpperLeg"] = CFrame.new(-0.011773, 0.048639, 0.074217, 0.844545, 0.455282, 0.281890, 0.349313, -0.069464, -0.934418, -0.405862, 0.887633, -0.217716),

              ["LowerTorso"] = CFrame.new(0.144380, -0.222597, 0.007251, 0.995430, -0.023379, -0.092591, 0.063873, -0.557777, 0.827530, -0.070992, -0.829662, -0.553734),

              ["RightFoot"] = CFrame.new(-0.000000, -0.020701, -0.000103, 0.669456, -0.568247, -0.478475, 0.705701, 0.687632, 0.170755, 0.231980, -0.451949, 0.861339),

              ["RightHand"] = CFrame.new(-0.000500, 0.000221, 0.000000, 0.912041, -0.354129, 0.206821, 0.380133, 0.540778, -0.750374, 0.153885, 0.762989, 0.627824),

              ["RightLowerArm"] = CFrame.new(0.000000, 0.097253, 0.075840, 1.000000, 0.000000, 0.000000, -0.000000, 0.240512, -0.970646, -0.000000, 0.970646, 0.240512),

              ["RightLowerLeg"] = CFrame.new(-0.000000, -0.020627, -0.000270, 1.000000, 0.000000, -0.000000, 0.000000, 1.000000, -0.000007, 0.000000, -0.000010, 1.000000),

              ["RightUpperArm"] = CFrame.new(-0.098070, -0.063825, -0.148624, 0.706017, -0.360122, 0.609796, 0.636313, 0.700558, -0.322995, -0.310880, 0.616061, 0.723756),

              ["RightUpperLeg"] = CFrame.new(-0.030492, 0.004479, 0.042522, 0.793198, -0.086802, -0.602755, -0.594507, 0.104022, -0.797328, 0.131903, 0.990780, 0.030910),

              ["UpperTorso"] = CFrame.new(-0.016461, 0.398000, -0.165325, 0.995714, 0.071579, -0.058572, -0.090574, 0.626447, -0.774183, -0.018723, 0.776170, 0.630246)

          }},

          {Time = 0.280, Data = {

              ["Head"] = CFrame.new(0.000000, -0.000000, 0.000000, 0.660310, 0.039180, 0.749970, 0.551269, 0.652879, -0.519472, -0.509993, 0.756448, 0.409504),

              ["LeftFoot"] = CFrame.new(0.000000, 0.002740, 0.000000, 0.905579, 0.324477, 0.273214, -0.414846, 0.811846, 0.410885, -0.088486, -0.485408, 0.869786),

              ["LeftHand"] = CFrame.new(0.000500, 0.000149, 0.000000, 0.959879, -0.242464, 0.140863, 0.263991, 0.950757, -0.162390, -0.094552, 0.193062, 0.976620),

              ["LeftLowerArm"] = CFrame.new(-0.000500, 0.058953, 0.019195, 1.000000, -0.000000, -0.000000, -0.000000, 0.807453, -0.589933, 0.000000, 0.589932, 0.807452),

              ["LeftLowerLeg"] = CFrame.new(-0.000000, 0.011705, -0.000253, 1.000000, 0.000000, 0.000000, 0.000000, 0.996272, 0.086268, -0.000000, -0.086266, 0.996272),

              ["LeftUpperArm"] = CFrame.new(0.227210, -0.132500, -0.300591, 0.930404, 0.325978, 0.167590, -0.228446, 0.873276, -0.430350, -0.286637, 0.362114, 0.886968),

              ["LeftUpperLeg"] = CFrame.new(-0.007441, 0.062934, 0.102054, 0.843303, 0.456397, 0.283807, 0.332672, -0.028548, -0.942608, -0.422102, 0.889318, -0.175910),

              ["LowerTorso"] = CFrame.new(0.144702, -0.219449, 0.064475, 0.995356, -0.018858, -0.094394, 0.071740, -0.508505, 0.858065, -0.064181, -0.860853, -0.504791),

              ["RightFoot"] = CFrame.new(-0.000000, -0.018645, -0.000103, 0.663935, -0.572025, -0.481656, 0.717629, 0.668476, 0.195338, 0.210236, -0.475319, 0.854313),

              ["RightHand"] = CFrame.new(-0.000500, -0.000304, 0.000000, 0.927964, -0.321784, 0.187984, 0.341071, 0.530047, -0.776354, 0.150177, 0.784542, 0.601612),

              ["RightLowerArm"] = CFrame.new(-0.000000, 0.093674, 0.065177, 1.000000, 0.000000, 0.000000, -0.000000, 0.347427, -0.937707, -0.000000, 0.937707, 0.347427),

              ["RightLowerLeg"] = CFrame.new(-0.000000, -0.018579, -0.000243, 1.000000, 0.000000, -0.000000, -0.000000, 1.000000, -0.000006, -0.000000, -0.000009, 1.000000),

              ["RightUpperArm"] = CFrame.new(-0.111677, -0.047494, -0.164066, 0.730029, -0.300492, 0.613809, 0.611518, 0.688219, -0.390385, -0.305127, 0.660347, 0.686176),

              ["RightUpperLeg"] = CFrame.new(-0.051334, 0.007701, 0.068478, 0.801438, -0.098775, -0.589876, -0.577324, 0.129801, -0.806125, 0.156185, 0.986608, 0.047007),

              ["UpperTorso"] = CFrame.new(-0.017200, 0.396595, -0.181439, 0.996091, 0.065144, -0.059664, -0.087788, 0.654756, -0.750725, -0.009840, 0.753028, 0.657915)

          }},

          {Time = 0.300, Data = {

              ["Head"] = CFrame.new(-0.000000, -0.000000, 0.000000, 0.648276, 0.031435, 0.760756, 0.577429, 0.630968, -0.518127, -0.496300, 0.775172, 0.390890),

              ["LeftFoot"] = CFrame.new(-0.000000, 0.004401, 0.000001, 0.904676, 0.325946, 0.274451, -0.415871, 0.815730, 0.402067, -0.092805, -0.477853, 0.873509),

              ["LeftHand"] = CFrame.new(0.000500, 0.000552, -0.000000, 0.962881, -0.233414, 0.135563, 0.251750, 0.957748, -0.139074, -0.097372, 0.168040, 0.980959),

              ["LeftLowerArm"] = CFrame.new(-0.000500, 0.056341, 0.017115, 1.000000, -0.000000, -0.000000, 0.000000, 0.828209, -0.560420, 0.000000, 0.560419, 0.828209),

              ["LeftLowerLeg"] = CFrame.new(-0.000000, 0.019247, -0.000937, 1.000000, -0.000000, -0.000000, 0.000000, 0.989312, 0.145816, -0.000000, -0.145813, 0.989312),

              ["LeftUpperArm"] = CFrame.new(0.213097, -0.131594, -0.296889, 0.931568, 0.330246, 0.152046, -0.227809, 0.856147, -0.463806, -0.283344, 0.397430, 0.872792),

