return {
["dual twerk 1"] = {
    {Time = 0.000, Data = {
      ["Head"] = CFrame.new(0.000000, 0.000000, 0.000000, 1.000000, -0.000000, 0.000000, 0.000000, 0.998323, 0.057898, -0.000000, -0.057898, 0.998323),
      ["LeftFoot"] = CFrame.new(-0.000000, 0.010887, -0.000003, 0.957118, -0.289394, -0.013301, 0.288579, 0.956444, -0.044012, 0.025458, 0.038287, 0.998942),
      ["LeftHand"] = CFrame.new(0.000489, 0.016059, 0.000000, 0.820119, -0.494342, 0.288150, 0.511617, 0.859034, 0.017597, -0.256230, 0.132991, 0.957423),
      ["LeftLowerArm"] = CFrame.new(-0.000500, 0.083949, 0.027931, 1.000000, 0.000000, 0.000000, 0.000000, 0.713769, -0.700382, 0.000000, 0.700382, 0.713769),
      ["LeftLowerLeg"] = CFrame.new(-0.000000, 0.053806, -0.009607, 1.000000, -0.000000, 0.000000, 0.000000, 0.901376, 0.433038, -0.000000, -0.433038, 0.901376),
      ["LeftUpperArm"] = CFrame.new(0.234916, -0.130274, 0.197120, 0.878733, 0.345810, -0.329004, -0.173203, 0.873317, 0.455322, 0.444779, -0.343122, 0.827308),
      ["LeftUpperLeg"] = CFrame.new(0.000000, -0.000000, -0.000100, 0.957118, 0.271135, -0.102029, -0.259104, 0.643667, -0.720110, -0.129574, 0.715667, 0.686317),
      ["LowerTorso"] = CFrame.new(-0.000000, -0.201526, 0.261805, 1.000000, -0.000000, 0.000000, 0.000000, 0.913980, 0.405760, -0.000000, -0.405760, 0.913980),
      ["RightFoot"] = CFrame.new(0.000000, 0.011587, -0.000103, 0.961641, 0.274306, -0.001912, -0.273987, 0.960136, -0.055408, -0.013363, 0.053806, 0.998462),
      ["RightHand"] = CFrame.new(-0.000492, 0.012628, 0.000000, 0.912240, 0.354018, -0.206131, -0.370216, 0.927862, -0.044854, 0.175382, 0.117230, 0.977496),
      ["RightLowerArm"] = CFrame.new(0.000000, 0.073513, 0.021284, 1.000000, 0.000000, 0.000000, 0.000000, 0.782701, -0.622398, 0.000000, 0.622398, 0.782701),
      ["RightLowerLeg"] = CFrame.new(-0.000000, 0.056383, -0.010857, 1.000000, -0.000000, 0.000000, 0.000000, 0.889701, 0.456543, -0.000000, -0.456543, 0.889701),
      ["RightUpperArm"] = CFrame.new(-0.187400, -0.127191, 0.218245, 0.903473, -0.305814, 0.300358, 0.174559, 0.902472, 0.393794, -0.391492, -0.303351, 0.868742),
      ["RightUpperLeg"] = CFrame.new(0.000000, -0.000000, -0.000000, 0.961655, -0.249829, 0.113155, 0.251426, 0.638239, -0.727624, 0.109562, 0.728174, 0.676579),
      ["UpperTorso"] = CFrame.new(-0.000000, 0.096714, -0.091588, 1.000000, 0.000000, 0.000000, 0.000000, 0.892641, -0.450768, 0.000000, 0.450768, 0.892641)
    }},
    {Time = 0.033, Data = {
      ["Head"] = CFrame.new(-0.000000, -0.000000, 0.000000, 1.000000, -0.000000, 0.000000, 0.000000, 0.998323, 0.057898, -0.000000, -0.057898, 0.998323),
      ["LeftFoot"] = CFrame.new(-0.000000, 0.011068, -0.000003, 0.963978, -0.265946, 0.004301, 0.265678, 0.961986, -0.063237, 0.012680, 0.062102, 0.997989),
      ["LeftHand"] = CFrame.new(0.000490, 0.016097, -0.000000, 0.824589, -0.488753, 0.284907, 0.509449, 0.860499, 0.001705, -0.245996, 0.143740, 0.958554),
      ["LeftLowerArm"] = CFrame.new(-0.000500, 0.084079, 0.028026, 1.000000, 0.000000, 0.000000, 0.000000, 0.712788, -0.701379, 0.000000, 0.701379, 0.712788),
      ["LeftLowerLeg"] = CFrame.new(-0.000000, 0.054811, -0.010014, 1.000000, -0.000000, 0.000000, 0.000000, 0.897231, 0.441562, -0.000000, -0.441562, 0.897231),
      ["LeftUpperArm"] = CFrame.new(0.239208, -0.127183, 0.189656, 0.887324, 0.339260, -0.312346, -0.167020, 0.867768, 0.468064, 0.429839, -0.363156, 0.826654),
      ["LeftUpperLeg"] = CFrame.new(0.000000, 0.000000, -0.000100, 0.969969, 0.236940, -0.054947, -0.204426, 0.671744, -0.712018, -0.131796, 0.701868, 0.700008),
      ["LowerTorso"] = CFrame.new(-0.042862, -0.201788, 0.259624, 0.998658, 0.042243, -0.029945, -0.026676, 0.915388, 0.401687, 0.044380, -0.400349, 0.915287),
      ["RightFoot"] = CFrame.new(0.000000, 0.011417, -0.000103, 0.954344, 0.298244, 0.016660, -0.297438, 0.953943, -0.039031, -0.027534, 0.032294, 0.999099),
      ["RightHand"] = CFrame.new(-0.000492, 0.012499, -0.000000, 0.909906, 0.358469, -0.208738, -0.373056, 0.927189, -0.033907, 0.181385, 0.108723, 0.977384),
      ["RightLowerArm"] = CFrame.new(0.000000, 0.073096, 0.021048, 1.000000, 0.000000, 0.000000, 0.000000, 0.785141, -0.619318, 0.000000, 0.619318, 0.785141),
      ["RightLowerLeg"] = CFrame.new(0.000000, 0.055440, -0.010458, 1.000000, -0.000000, 0.000000, 0.000000, 0.893758, 0.448549, -0.000000, -0.448549, 0.893758),
      ["RightUpperArm"] = CFrame.new(-0.183637, -0.130024, 0.225437, 0.895944, -0.310489, 0.317619, 0.180182, 0.907672, 0.379033, -0.405980, -0.282363, 0.869167),
      ["RightUpperLeg"] = CFrame.new(0.000000, 0.000000, -0.000000, 0.945875, -0.282533, 0.159672, 0.306579, 0.616546, -0.725176, 0.106441, 0.734878, 0.669794),
      ["UpperTorso"] = CFrame.new(0.019124, 0.096934, -0.092845, 0.999242, -0.025113, 0.029740, 0.035720, 0.895171, -0.444289, -0.015465, 0.445014, 0.895390)
    }},
    {Time = 0.067, Data = {
      ["Head"] = CFrame.new(0.000000, 0.000000, -0.000000, 1.000000, -0.000000, 0.000000, 0.000000, 0.998323, 0.057898, -0.000000, -0.057898, 0.998323),
      ["LeftFoot"] = CFrame.new(0.000000, 0.011021, -0.000003, 0.975396, -0.216687, 0.040623, 0.219626, 0.971092, -0.093515, -0.019186, 0.100136, 0.994789),
      ["LeftHand"] = CFrame.new(0.000489, 0.016079, -0.000000, 0.833848, -0.476926, 0.277921, 0.505005, 0.862396, -0.035254, -0.222865, 0.169748, 0.959957),
      ["LeftLowerArm"] = CFrame.new(-0.000500, 0.084017, 0.027981, 1.000000, 0.000000, 0.000000, 0.000000, 0.713246, -0.700914, 0.000000, 0.700914, 0.713246),
      ["LeftLowerLeg"] = CFrame.new(0.000000, 0.054548, -0.009907, 1.000000, -0.000000, 0.000000, 0.000000, 0.898324, 0.439334, -0.000000, -0.439334, 0.898324),
      ["LeftUpperArm"] = CFrame.new(0.248065, -0.120713, 0.172955, 0.905043, 0.322990, -0.276722, -0.154057, 0.855387, 0.494550, 0.396439, -0.404958, 0.823921),
      ["LeftUpperLeg"] = CFrame.new(0.000000, -0.000000, -0.000100, 0.986310, 0.159653, 0.041264, -0.088884, 0.725502, -0.682456, -0.138893, 0.669446, 0.729761),
      ["LowerTorso"] = CFrame.new(-0.132843, -0.200348, 0.253588, 0.987502, 0.127924, -0.092061, -0.081291, 0.913841, 0.397853, 0.135024, -0.385397, 0.912819),
      ["RightFoot"] = CFrame.new(-0.000000, 0.010552, -0.000103, 0.935915, 0.347796, 0.055690, -0.348592, 0.937261, 0.004975, -0.050466, -0.024069, 0.998436),
      ["RightHand"] = CFrame.new(-0.000492, 0.012112, -0.000000, 0.904609, 0.368369, -0.214443, -0.379555, 0.925092, -0.012000, 0.193959, 0.092248, 0.976663),
      ["RightLowerArm"] = CFrame.new(-0.000000, 0.071836, 0.020345, 1.000000, 0.000000, 0.000000, 0.000000, 0.792378, -0.610030, 0.000000, 0.610030, 0.792378),
      ["RightLowerLeg"] = CFrame.new(0.000000, 0.050617, -0.008553, 1.000000, -0.000000, 0.000000, 0.000000, 0.913118, 0.407694, -0.000000, -0.407694, 0.913118),
      ["RightUpperArm"] = CFrame.new(-0.174874, -0.136485, 0.240904, 0.878434, -0.318457, 0.356285, 0.193031, 0.918514, 0.345067, -0.437141, -0.234344, 0.868326),
      ["RightUpperLeg"] = CFrame.new(0.000000, 0.000000, -0.000000, 0.903461, -0.347845, 0.250522, 0.416106, 0.571178, -0.707539, 0.103021, 0.743478, 0.660777),
      ["UpperTorso"] = CFrame.new(0.059988, 0.103593, -0.099778, 0.993107, -0.077331, 0.088087, 0.107967, 0.896075, -0.430573, -0.045636, 0.437116, 0.898247)
    }},
    {Time = 0.100, Data = {
      ["Head"] = CFrame.new(-0.000000, -0.000000, -0.000000, 1.000000, -0.000000, 0.000000, 0.000000, 0.998323, 0.057898, -0.000000, -0.057898, 0.998323),
      ["LeftFoot"] = CFrame.new(-0.000000, 0.010602, -0.000003, 0.982233, -0.173283, 0.072055, 0.180516, 0.977369, -0.110293, -0.051312, 0.121341, 0.991284),
      ["LeftHand"] = CFrame.new(0.000490, 0.015904, 0.000000, 0.842448, -0.465517, 0.271248, 0.500802, 0.862254, -0.075596, -0.198693, 0.199527, 0.959536),
      ["LeftLowerArm"] = CFrame.new(-0.000500, 0.083424, 0.027553, 1.000000, 0.000000, 0.000000, 0.000000, 0.717674, -0.696379, 0.000000, 0.696379, 0.717674),
      ["LeftLowerLeg"] = CFrame.new(0.000000, 0.052207, -0.008979, 1.000000, -0.000000, 0.000000, 0.000000, 0.907748, 0.419515, -0.000000, -0.419515, 0.907748),
      ["LeftUpperArm"] = CFrame.new(0.256144, -0.114661, 0.155870, 0.921199, 0.304194, -0.242606, -0.141980, 0.843329, 0.518302, 0.362261, -0.443014, 0.820064),
      ["LeftUpperLeg"] = CFrame.new(0.000000, -0.000000, -0.000100, 0.989554, 0.085247, 0.116258, 0.009710, 0.765190, -0.643732, -0.143836, 0.638136, 0.756369),
      ["LowerTorso"] = CFrame.new(-0.212646, -0.197253, 0.246090, 0.969905, 0.197136, -0.142904, -0.126354, 0.909217, 0.396686, 0.208132, -0.366691, 0.906763),
      ["RightFoot"] = CFrame.new(0.000000, 0.009110, -0.000103, 0.916400, 0.390063, 0.089792, -0.395586, 0.916804, 0.054609, -0.061021, -0.085564, 0.994462),
      ["RightHand"] = CFrame.new(-0.000492, 0.011671, -0.000000, 0.899223, 0.378095, -0.220096, -0.386239, 0.922376, 0.006500, 0.205469, 0.079165, 0.975457),
      ["RightLowerArm"] = CFrame.new(0.000000, 0.070111, 0.019348, 1.000000, 0.000000, 0.000000, 0.000000, 0.802650, -0.596451, 0.000000, 0.596451, 0.802650),
      ["RightLowerLeg"] = CFrame.new(-0.000000, 0.042580, -0.005857, 1.000000, -0.000000, 0.000000, 0.000000, 0.940448, 0.339938, -0.000000, -0.339938, 0.940448),
      ["RightUpperArm"] = CFrame.new(-0.165521, -0.143098, 0.255776, 0.859789, -0.322400, 0.396006, 0.206066, 0.928602, 0.308603, -0.467226, -0.183730, 0.864837),
      ["RightUpperLeg"] = CFrame.new(0.000000, -0.000000, -0.000000, 0.858227, -0.405168, 0.315095, 0.502374, 0.537269, -0.677468, 0.105198, 0.739717, 0.664644),
      ["UpperTorso"] = CFrame.new(0.097997, 0.115863, -0.111128, 0.984195, -0.121392, 0.128936, 0.164851, 0.893990, -0.416660, -0.064689, 0.431330, 0.899872)
    }},
    {Time = 0.133, Data = {
      ["Head"] = CFrame.new(0.000000, 0.000000, -0.000000, 1.000000, -0.000000, 0.000000, 0.000000, 0.998323, 0.057898, -0.000000, -0.057898, 0.998323),
      ["LeftFoot"] = CFrame.new(0.000000, 0.010697, -0.000003, 0.983233, -0.164763, 0.078141, 0.172960, 0.978382, -0.113374, -0.057772, 0.124988, 0.990475),
      ["LeftHand"] = CFrame.new(0.000490, 0.015713, -0.000000, 0.846745, -0.459663, 0.267831, 0.498397, 0.861488, -0.097155, -0.186074, 0.215752, 0.958555),
      ["LeftLowerArm"] = CFrame.new(-0.000500, 0.082769, 0.027087, 1.000000, 0.000000, 0.000000, 0.000000, 0.722518, -0.691352, 0.000000, 0.691352, 0.722518),
      ["LeftLowerLeg"] = CFrame.new(0.000000, 0.052742, -0.009186, 1.000000, -0.000000, 0.000000, 0.000000, 0.905660, 0.424004, -0.000000, -0.424004, 0.905660),
      ["LeftUpperArm"] = CFrame.new(0.259670, -0.111808, 0.147784, 0.928262, 0.293935, -0.227883, -0.136308, 0.838943, 0.526872, 0.346048, -0.458013, 0.818825),
      ["LeftUpperLeg"] = CFrame.new(0.000000, -0.000000, -0.000100, 0.991575, 0.071175, 0.108229, 0.014115, 0.771175, -0.636466, -0.128764, 0.632632, 0.763673),
      ["LowerTorso"] = CFrame.new(-0.227239, -0.197613, 0.241640, 0.970740, 0.195789, -0.139036, -0.129187, 0.913864, 0.384919, 0.202423, -0.355695, 0.912418),
      ["RightFoot"] = CFrame.new(0.000000, 0.008920, -0.000103, 0.912943, 0.396812, 0.095266, -0.402791, 0.913685, 0.054208, -0.065532, -0.087861, 0.993975),
      ["RightHand"] = CFrame.new(-0.000492, 0.011436, 0.000000, 0.897737, 0.380718, -0.221634, -0.387891, 0.921627, 0.011986, 0.208827, 0.075210, 0.975056),
      ["RightLowerArm"] = CFrame.new(0.000000, 0.069035, 0.018717, 1.000000, 0.000000, 0.000000, 0.000000, 0.809157, -0.587592, 0.000000, 0.587592, 0.809157),
      ["RightLowerLeg"] = CFrame.new(-0.000000, 0.041529, -0.005547, 1.000000, -0.000000, 0.000000, 0.000000, 0.943622, 0.331026, -0.000000, -0.331026, 0.943622),
      ["RightUpperArm"] = CFrame.new(-0.161333, -0.145498, 0.262024, 0.851461, -0.320898, 0.414775, 0.210620, 0.933588, 0.289920, -0.480264, -0.159496, 0.862501),
      ["RightUpperLeg"] = CFrame.new(0.000000, -0.000000, -0.000000, 0.854289, -0.420583, 0.305450, 0.507442, 0.547434, -0.665447, 0.112661, 0.723482, 0.681088),
      ["UpperTorso"] = CFrame.new(0.113602, 0.116121, -0.114541, 0.986294, -0.125609, 0.106990, 0.158590, 0.900633, -0.404611, -0.045536, 0.416033, 0.908209)
    }},
    {Time = 0.167, Data = {
      ["Head"] = CFrame.new(0.000000, 0.000000, 0.000000, 1.000000, -0.000000, 0.000000, 0.000000, 0.998323, 0.057898, -0.000000, -0.057898, 0.998323),
      ["LeftFoot"] = CFrame.new(0.000000, 0.011571, -0.000003, 0.976396, -0.211347, 0.044538, 0.214762, 0.971935, -0.096022, -0.022995, 0.103320, 0.994382),
      ["LeftHand"] = CFrame.new(0.000490, 0.015773, 0.000000, 0.841311, -0.467039, 0.272159, 0.500339, 0.863382, -0.065063, -0.204590, 0.190910, 0.960050),
      ["LeftLowerArm"] = CFrame.new(-0.000500, 0.082978, 0.027235, 1.000000, 0.000000, 0.000000, 0.000000, 0.720973, -0.692964, 0.000000, 0.692964, 0.720973),
      ["LeftLowerLeg"] = CFrame.new(-0.000000, 0.057599, -0.011196, 1.000000, -0.000000, 0.000000, 0.000000, 0.885196, 0.465218, -0.000000, -0.465218, 0.885196),
      ["LeftUpperArm"] = CFrame.new(0.252442, -0.116798, 0.164205, 0.913806, 0.310212, -0.262160, -0.146282, 0.853532, 0.500084, 0.378894, -0.418630, 0.825341),
      ["LeftUpperLeg"] = CFrame.new(0.000000, -0.000000, -0.000100, 0.988789, 0.147586, -0.022701, -0.123914, 0.726182, -0.676243, -0.083319, 0.671475, 0.736329),
      ["LowerTorso"] = CFrame.new(-0.141865, -0.202313, 0.242050, 0.994656, 0.090606, -0.049490, -0.066683, 0.929780, 0.362026, 0.078816, -0.356791, 0.930853),
      ["RightFoot"] = CFrame.new(0.000000, 0.010592, -0.000103, 0.934768, 0.350515, 0.057864, -0.349923, 0.936557, -0.020383, -0.061338, -0.001195, 0.998116),
      ["RightHand"] = CFrame.new(-0.000492, 0.011721, 0.000000, 0.906844, 0.364232, -0.212059, -0.375524, 0.926704, -0.014177, 0.191352, 0.092490, 0.977154),
      ["RightLowerArm"] = CFrame.new(-0.000000, 0.070338, 0.019483, 1.000000, 0.000000, 0.000000, 0.000000, 0.801292, -0.598274, 0.000000, 0.598274, 0.801292),
      ["RightLowerLeg"] = CFrame.new(-0.000000, 0.050835, -0.008634, 1.000000, -0.000000, 0.000000, 0.000000, 0.912289, 0.409547, -0.000000, -0.409547, 0.912289),
      ["RightUpperArm"] = CFrame.new(-0.172024, -0.136321, 0.245825, 0.872892, -0.311378, 0.375637, 0.191918, 0.926943, 0.322403, -0.448584, -0.209331, 0.868880),
      ["RightUpperLeg"] = CFrame.new(0.000000, -0.000000, -0.000000, 0.910955, -0.368730, 0.184929, 0.389949, 0.623546, -0.677592, 0.134537, 0.689369, 0.711808),
      ["UpperTorso"] = CFrame.new(0.092339, 0.095865, -0.102988, 0.997680, -0.066555, 0.014290, 0.066831, 0.917778, -0.391430, 0.012937, 0.391477, 0.920097)
    }},
    {Time = 0.200, Data = {
      ["Head"] = CFrame.new(-0.000000, -0.000000, 0.000000, 1.000000, -0.000000, 0.000000, 0.000000, 0.998323, 0.057898, -0.000000, -0.057898, 0.998323),
      ["LeftFoot"] = CFrame.new(-0.000000, 0.011430, -0.000003, 0.956025, -0.292853, -0.015894, 0.292180, 0.955725, -0.034928, 0.025419, 0.028748, 0.999263),
      ["LeftHand"] = CFrame.new(0.000490, 0.015676, -0.000000, 0.826321, -0.486583, 0.283604, 0.506997, 0.861946, 0.001643, -0.245251, 0.142429, 0.958940),
      ["LeftLowerArm"] = CFrame.new(-0.000500, 0.082645, 0.027000, 1.000000, 0.000000, 0.000000, 0.000000, 0.723418, -0.690411, 0.000000, 0.690411, 0.723418),
      ["LeftLowerLeg"] = CFrame.new(0.000000, 0.056817, -0.010856, 1.000000, -0.000000, 0.000000, 0.000000, 0.888685, 0.458518, -0.000000, -0.458518, 0.888685),
      ["LeftUpperArm"] = CFrame.new(0.233661, -0.130291, 0.199576, 0.876265, 0.340756, -0.340653, -0.173221, 0.882520, 0.437210, 0.449615, -0.324104, 0.832348),
      ["LeftUpperLeg"] = CFrame.new(0.000000, -0.000000, -0.000100, 0.941387, 0.254358, -0.221569, -0.335117, 0.630095, -0.700484, -0.038564, 0.733678, 0.678403),
      ["LowerTorso"] = CFrame.new(-0.000908, -0.200976, 0.242850, 0.993675, -0.071420, 0.086650, 0.035141, 0.930690, 0.364117, -0.106650, -0.358769, 0.927314),
      ["RightFoot"] = CFrame.new(0.000000, 0.011123, -0.000103, 0.961822, 0.273665, -0.002357, -0.272776, 0.957927, -0.089268, -0.022172, 0.086502, 0.996005),
      ["RightHand"] = CFrame.new(-0.000492, 0.012058, 0.000000, 0.922489, 0.333645, -0.194155, -0.354230, 0.931533, -0.082263, 0.153415, 0.144663, 0.977516),
      ["RightLowerArm"] = CFrame.new(0.000000, 0.071659, 0.020248, 1.000000, 0.000000, 0.000000, 0.000000, 0.793434, -0.608657, 0.000000, 0.608657, 0.793434),
      ["RightLowerLeg"] = CFrame.new(-0.000000, 0.053799, -0.009784, 1.000000, -0.000000, 0.000000, 0.000000, 0.900607, 0.434634, -0.000000, -0.434634, 0.900607),
      ["RightUpperArm"] = CFrame.new(-0.192231, -0.119280, 0.208840, 0.913369, -0.283831, 0.291886, 0.157508, 0.907446, 0.389530, -0.375432, -0.309810, 0.873538),
      ["RightUpperLeg"] = CFrame.new(0.000000, -0.000000, -0.000000, 0.965620, -0.259596, -0.013692, 0.186834, 0.729665, -0.657786, 0.180749, 0.632613, 0.753080),
      ["UpperTorso"] = CFrame.new(0.043925, 0.082897, -0.095301, 0.994802, 0.031458, -0.096850, -0.066568, 0.920628, -0.384724, 0.077061, 0.389171, 0.917936)
    }},
    {Time = 0.233, Data = {
      ["Head"] = CFrame.new(-0.000000, 0.000000, -0.000000, 1.000000, -0.000000, 0.000000, 0.000000, 0.998323, 0.057898, -0.000000, -0.057898, 0.998323),
      ["LeftFoot"] = CFrame.new(-0.000000, 0.009215, -0.000003, 0.927153, -0.367451, -0.073258, 0.372059, 0.925990, 0.064150, 0.044264, -0.086733, 0.995248),
      ["LeftHand"] = CFrame.new(0.000490, 0.015148, -0.000000, 0.810466, -0.506117, 0.294942, 0.515125, 0.855504, 0.052531, -0.278911, 0.109358, 0.954070),
      ["LeftLowerArm"] = CFrame.new(-0.000500, 0.080808, 0.025722, 1.000000, 0.000000, 0.000000, 0.000000, 0.736673, -0.676249, 0.000000, 0.676249, 0.736673),
      ["LeftLowerLeg"] = CFrame.new(-0.000000, 0.044476, -0.006279, 1.000000, -0.000000, 0.000000, 0.000000, 0.935182, 0.354167, -0.000000, -0.354167, 0.935182),
      ["LeftUpperArm"] = CFrame.new(0.211690, -0.146269, 0.232222, 0.832300, 0.359009, -0.422362, -0.205202, 0.907352, 0.366884, 0.514945, -0.218688, 0.828859),
      ["LeftUpperLeg"] = CFrame.new(-0.000000, -0.000000, -0.000100, 0.859686, 0.341212, -0.380150, -0.509975, 0.530436, -0.677173, -0.029414, 0.776024, 0.630018),
      ["LowerTorso"] = CFrame.new(0.129620, -0.190063, 0.242897, 0.955497, -0.218735, 0.197939, 0.124613, 0.907451, 0.401254, -0.267388, -0.358731, 0.894324),
      ["RightFoot"] = CFrame.new(-0.000000, 0.009885, -0.000103, 0.977264, 0.204914, -0.054457, -0.209815, 0.971630, -0.109150, 0.030545, 0.118094, 0.992532),
      ["RightHand"] = CFrame.new(-0.000492, 0.011643, -0.000000, 0.935591, 0.305186, -0.177569, -0.334960, 0.926215, -0.172995, 0.111671, 0.221331, 0.968784),
      ["RightLowerArm"] = CFrame.new(0.000000, 0.069979, 0.019270, 1.000000, 0.000000, 0.000000, 0.000000, 0.803463, -0.595355, 0.000000, 0.595355, 0.803463),
      ["RightLowerLeg"] = CFrame.new(-0.000000, 0.046882, -0.007228, 1.000000, -0.000000, 0.000000, 0.000000, 0.926552, 0.376166, -0.000000, -0.376166, 0.926552),
      ["RightUpperArm"] = CFrame.new(-0.208549, -0.104683, 0.169447, 0.946085, -0.243254, 0.213895, 0.127873, 0.887178, 0.443354, -0.297611, -0.392099, 0.870452),
      ["RightUpperLeg"] = CFrame.new(-0.000000, 0.000000, -0.000000, 0.973865, -0.129828, -0.186364, -0.008316, 0.799594, -0.600484, 0.226975, 0.586340, 0.777617),
      ["UpperTorso"] = CFrame.new(-0.002113, 0.091747, -0.101193, 0.975682, 0.120083, -0.183370, -0.184361, 0.902078, -0.390214, 0.118556, 0.414531, 0.902280)
    }},
    {Time = 0.267, Data = {
      ["Head"] = CFrame.new(0.000000, 0.000000, 0.000000, 1.000000, -0.000000, 0.000000, 0.000000, 0.998323, 0.057898, -0.000000, -0.057898, 0.998323),
      ["LeftFoot"] = CFrame.new(0.000000, 0.007163, -0.000003, 0.913051, -0.396369, -0.096066, 0.406182, 0.904992, 0.126512, 0.036794, -0.154532, 0.987302),
      ["LeftHand"] = CFrame.new(0.000490, 0.014963, -0.000000, 0.809435, -0.507346, 0.295660, 0.514797, 0.855325, 0.058345, -0.282487, 0.104978, 0.953510),
      ["LeftLowerArm"] = CFrame.new(-0.000500, 0.080157, 0.025280, 1.000000, 0.000000, 0.000000, 0.000000, 0.741226, -0.671255, 0.000000, 0.671255, 0.741226),
      ["LeftLowerLeg"] = CFrame.new(0.000000, 0.033245, -0.003279, 1.000000, -0.000000, 0.000000, 0.000000, 0.965568, 0.260150, -0.000000, -0.260150, 0.965568),
      ["LeftUpperArm"] = CFrame.new(0.202050, -0.154027, 0.244138, 0.812988, 0.362335, -0.455811, -0.220740, 0.916157, 0.334561, 0.538817, -0.171378, 0.824806),
      ["LeftUpperLeg"] = CFrame.new(0.000000, -0.000000, -0.000100, 0.818196, 0.386366, -0.425765, -0.572804, 0.484037, -0.661516, -0.049501, 0.785130, 0.617349),
      ["LowerTorso"] = CFrame.new(0.184568, -0.179699, 0.247631, 0.932154, -0.282085, 0.226972, 0.161511, 0.885029, 0.436620, -0.324041, -0.370339, 0.870544),
      ["RightFoot"] = CFrame.new(-0.000000, 0.008576, -0.000103, 0.981355, 0.176869, -0.075235, -0.183533, 0.978556, -0.093507, 0.057084, 0.105572, 0.992772),
      ["RightHand"] = CFrame.new(-0.000493, 0.010932, 0.000000, 0.942846, 0.288012, -0.167603, -0.322672, 0.914688, -0.243370, 0.083211, 0.283541, 0.955343),
      ["RightLowerArm"] = CFrame.new(-0.000000, 0.066718, 0.017406, 1.000000, 0.000000, 0.000000, 0.000000, 0.822617, -0.568595, 0.000000, 0.568595, 0.822617),
      ["RightLowerLeg"] = CFrame.new(-0.000000, 0.039621, -0.005008, 1.000000, -0.000000, 0.000000, 0.000000, 0.949077, 0.315044, -0.000000, -0.315044, 0.949077),
      ["RightUpperArm"] = CFrame.new(-0.215103, -0.097863, 0.149361, 0.959259, -0.216696, 0.181286, 0.113735, 0.883551, 0.454315, -0.258624, -0.415188, 0.872200),
      ["RightUpperLeg"] = CFrame.new(0.000000, -0.000000, -0.000000, 0.967738, -0.062782, -0.244010, -0.092427, 0.812485, -0.575609, 0.234392, 0.579592, 0.780470),
      ["UpperTorso"] = CFrame.new(-0.020396, 0.102040, -0.105419, 0.965537, 0.161525, -0.204078, -0.231913, 0.889844, -0.392931, 0.118130, 0.426717, 0.896637)
    }},
    {Time = 0.300, Data = {
      ["Head"] = CFrame.new(-0.000000, -0.000000, 0.000000, 1.000000, -0.000000, 0.000000, 0.000000, 0.998323, 0.057898, -0.000000, -0.057898, 0.998323),
      ["LeftFoot"] = CFrame.new(-0.000000, 0.009044, -0.000003, 0.930559, -0.359890, -0.067373, 0.364142, 0.928879, 0.067707, 0.038215, -0.087539, 0.995428),
      ["LeftHand"] = CFrame.new(0.000490, 0.015833, -0.000000, 0.837062, -0.472670, 0.275517, 0.494556, 0.869068, -0.011584, -0.233967, 0.145956, 0.961226),
      ["LeftLowerArm"] = CFrame.new(-0.000500, 0.083184, 0.027382, 1.000000, 0.000000, 0.000000, 0.000000, 0.719487, -0.694505, 0.000000, 0.694505, 0.719487),
      ["LeftLowerLeg"] = CFrame.new(-0.000000, 0.043527, -0.005984, 1.000000, -0.000000, 0.000000, 0.000000, 0.938162, 0.346197, -0.000000, -0.346197, 0.938162),
      ["LeftUpperArm"] = CFrame.new(0.216690, -0.145397, 0.224316, 0.842301, 0.356017, -0.404698, -0.203415, 0.905260, 0.372998, 0.499151, -0.231855, 0.834920),
      ["LeftUpperLeg"] = CFrame.new(-0.000000, -0.000000, -0.000100, 0.867242, 0.356507, -0.347554, -0.491907, 0.505660, -0.708757, -0.076933, 0.785628, 0.613898),
      ["LowerTorso"] = CFrame.new(0.120649, -0.179996, 0.261959, 0.964876, -0.214396, 0.151818, 0.128074, 0.888466, 0.440709, -0.229371, -0.405786, 0.884719),
      ["RightFoot"] = CFrame.new(0.000000, 0.008811, -0.000103, 0.976901, 0.207046, -0.052879, -0.210153, 0.975691, -0.062150, 0.038726, 0.071827, 0.996665),
      ["RightHand"] = CFrame.new(-0.000493, 0.010506, -0.000000, 0.946449, 0.279077, -0.162330, -0.314873, 0.908998, -0.273091, 0.071344, 0.309580, 0.948193),
      ["RightLowerArm"] = CFrame.new(0.000000, 0.064743, 0.016337, 1.000000, 0.000000, 0.000000, 0.000000, 0.833549, -0.552445, 0.000000, 0.552445, 0.833549),
      ["RightLowerLeg"] = CFrame.new(-0.000000, 0.040923, -0.005373, 1.000000, -0.000000, 0.000000, 0.000000, 0.945376, 0.325982, -0.000000, -0.325982, 0.945376),
      ["RightUpperArm"] = CFrame.new(-0.211040, -0.100586, 0.161806, 0.951237, -0.222547, 0.213591, 0.118674, 0.903180, 0.412532, -0.284719, -0.367068, 0.885548),
      ["RightUpperLeg"] = CFrame.new(-0.000000, 0.000000, -0.000000, 0.981234, -0.119391, -0.151410, -0.004070, 0.772245, -0.635312, 0.192776, 0.624006, 0.757267),
      ["UpperTorso"] = CFrame.new(-0.000301, 0.092882, -0.096639, 0.981973, 0.133927, -0.133392, -0.174015, 0.916082, -0.361265, 0.073815, 0.377964, 0.922873)
    }},
    {Time = 0.333, Data = {
      ["Head"] = CFrame.new(-0.000000, -0.000000, 0.000000, 1.000000, -0.000000, 0.000000, 0.000000, 0.998323, 0.057898, -0.000000, -0.057898, 0.998323),
      ["LeftFoot"] = CFrame.new(-0.000000, 0.010859, -0.000002, 0.959898, -0.280276, -0.006419, 0.280091, 0.959744, -0.020972, 0.012038, 0.018334, 0.999759),
      ["LeftHand"] = CFrame.new(0.000489, 0.016418, 0.000000, 0.874140, -0.419647, 0.244490, 0.462155, 0.873482, -0.153111, -0.149305, 0.246832, 0.957487),
      ["LeftLowerArm"] = CFrame.new(-0.000500, 0.085160, 0.028816, 1.000000, 0.000000, 0.000000, 0.000000, 0.704618, -0.709586, 0.000000, 0.709586, 0.704618),
      ["LeftLowerLeg"] = CFrame.new(0.000000, 0.053649, -0.009544, 1.000000, -0.000000, 0.000000, 0.000000, 0.902026, 0.431681, -0.000000, -0.431681, 0.902026),
      ["LeftUpperArm"] = CFrame.new(0.241035, -0.128681, 0.185242, 0.890969, 0.328888, -0.313062, -0.170066, 0.880987, 0.441519, 0.421014, -0.340138, 0.840865),
      ["LeftUpperLeg"] = CFrame.new(0.000000, 0.000000, -0.000100, 0.946590, 0.278469, -0.162552, -0.300897, 0.581700, -0.755702, -0.115883, 0.764251, 0.634422),
      ["LowerTorso"] = CFrame.new(-0.018785, -0.181096, 0.278394, 0.998322, -0.055651, 0.016024, 0.042599, 0.893119, 0.447799, -0.039232, -0.446365, 0.893991),
      ["RightFoot"] = CFrame.new(-0.000000, 0.008726, -0.000103, 0.960550, 0.278106, 0.001104, -0.278107, 0.960528, 0.006557, 0.000763, -0.006605, 0.999978),
      ["RightHand"] = CFrame.new(-0.000493, 0.010382, -0.000000, 0.949251, 0.271871, -0.158141, -0.307308, 0.908772, -0.282303, 0.066964, 0.316575, 0.946201),
      ["RightLowerArm"] = CFrame.new(0.000000, 0.064167, 0.016033, 1.000000, 0.000000, 0.000000, 0.000000, 0.836672, -0.547704, 0.000000, 0.547704, 0.836672),
      ["RightLowerLeg"] = CFrame.new(-0.000000, 0.040452, -0.005239, 1.000000, -0.000000, 0.000000, 0.000000, 0.946737, 0.322008, -0.000000, -0.322008, 0.946737),
      ["RightUpperArm"] = CFrame.new(-0.199227, -0.110644, 0.192140, 0.927713, -0.242014, 0.284214, 0.138131, 0.929883, 0.340936, -0.346798, -0.277031, 0.896094),
      ["RightUpperLeg"] = CFrame.new(0.000000, 0.000000, -0.000000, 0.970747, -0.236804, 0.039678, 0.194450, 0.678416, -0.708478, 0.140852, 0.695469, 0.704616),
      ["UpperTorso"] = CFrame.new(0.047493, 0.087710, -0.092058, 0.999124, 0.035827, -0.021621, -0.040733, 0.951017, -0.306444, 0.009583, 0.307056, 0.951643)
    }},
    {Time = 0.367, Data = {
      ["Head"] = CFrame.new(0.000000, -0.000000, 0.000000, 1.000000, -0.000000, 0.000000, 0.000000, 0.998323, 0.057898, -0.000000, -0.057898, 0.998323),
      ["LeftFoot"] = CFrame.new(0.000000, 0.010533, -0.000003, 0.978298, -0.200439, 0.052505, 0.203669, 0.976826, -0.065807, -0.038098, 0.075073, 0.996450),
      ["LeftHand"] = CFrame.new(0.000490, 0.015797, -0.000000, 0.899891, -0.376806, 0.219574, 0.430205, 0.849581, -0.305182, -0.071552, 0.369092, 0.926634),
      ["LeftLowerArm"] = CFrame.new(-0.000500, 0.083062, 0.027295, 1.000000, 0.000000, 0.000000, 0.000000, 0.720392, -0.693567, 0.000000, 0.693567, 0.720392),
      ["LeftLowerLeg"] = CFrame.new(-0.000000, 0.051827, -0.008833, 1.000000, -0.000000, 0.000000, 0.000000, 0.909226, 0.416304, -0.000000, -0.416304, 0.909226),
      ["LeftUpperArm"] = CFrame.new(0.259456, -0.114636, 0.147219, 0.927840, 0.288122, -0.236853, -0.141922, 0.859989, 0.490181, 0.344922, -0.421195, 0.838823),
      ["LeftUpperLeg"] = CFrame.new(-0.000000, -0.000000, -0.000100, 0.983371, 0.176987, 0.040704, -0.086856, 0.655178, -0.750466, -0.159491, 0.734451, 0.659655),
      ["LowerTorso"] = CFrame.new(-0.162003, -0.172897, 0.289031, 0.987141, 0.115559, -0.110443, -0.048132, 0.873738, 0.484009, 0.152430, -0.472470, 0.868065),
      ["RightFoot"] = CFrame.new(-0.000000, 0.005904, -0.000103, 0.933964, 0.352403, 0.059353, -0.357224, 0.925313, 0.127226, -0.010085, -0.140027, 0.990096),
      ["RightHand"] = CFrame.new(-0.000493, 0.010377, -0.000000, 0.951544, 0.265795, -0.154651, -0.300331, 0.911301, -0.281659, 0.066070, 0.314458, 0.946969),
      ["RightLowerArm"] = CFrame.new(-0.000000, 0.064141, 0.016019, 1.000000, 0.000000, 0.000000, 0.000000, 0.836820, -0.547478, 0.000000, 0.547478, 0.836820),
      ["RightLowerLeg"] = CFrame.new(0.000000, 0.025443, -0.001924, 1.000000, -0.000000, 0.000000, 0.000000, 0.980291, 0.197560, -0.000000, -0.197560, 0.980291),
      ["RightUpperArm"] = CFrame.new(-0.184948, -0.122807, 0.221171, 0.899264, -0.255152, 0.355277, 0.161825, 0.948676, 0.271711, -0.406370, -0.186847, 0.894400),
      ["RightUpperLeg"] = CFrame.new(0.000000, -0.000000, -0.000000, 0.914021, -0.341234, 0.219376, 0.387811, 0.576320, -0.719346, 0.119035, 0.742573, 0.659102),
      ["UpperTorso"] = CFrame.new(0.093588, 0.105543, -0.101257, 0.993481, -0.088989, 0.071250, 0.105103, 0.957056, -0.270181, -0.044147, 0.275908, 0.960170)
    }},
    {Time = 0.400, Data = {
      ["Head"] = CFrame.new(-0.000000, 0.000000, -0.000000, 1.000000, -0.000000, 0.000000, 0.000000, 0.998323, 0.057898, -0.000000, -0.057898, 0.998323),
      ["LeftFoot"] = CFrame.new(0.000000, 0.009441, -0.000003, 0.983334, -0.163853, 0.078784, 0.169117, 0.983415, -0.065529, -0.066740, 0.077761, 0.994736),
      ["LeftHand"] = CFrame.new(0.000490, 0.015104, 0.000000, 0.909341, -0.359468, 0.209482, 0.414293, 0.828605, -0.376531, -0.038227, 0.429181, 0.902409),
      ["LeftLowerArm"] = CFrame.new(-0.000500, 0.080656, 0.025618, 1.000000, 0.000000, 0.000000, 0.000000, 0.737737, -0.675088, 0.000000, 0.675088, 0.737737),
      ["LeftLowerLeg"] = CFrame.new(0.000000, 0.045722, -0.006677, 1.000000, -0.000000, 0.000000, 0.000000, 0.931143, 0.364654, -0.000000, -0.364654, 0.931143),
      ["LeftUpperArm"] = CFrame.new(0.266265, -0.109105, 0.130110, 0.941462, 0.265844, -0.207306, -0.130843, 0.854878, 0.502060, 0.310691, -0.445545, 0.839619),
      ["LeftUpperLeg"] = CFrame.new(-0.000000, 0.000000, -0.000100, 0.982702, 0.117132, 0.143443, 0.026314, 0.678388, -0.734232, -0.183312, 0.725307, 0.663571),
      ["LowerTorso"] = CFrame.new(-0.231791, -0.161788, 0.296505, 0.964145, 0.207129, -0.165900, -0.091512, 0.846300, 0.524788, 0.249100, -0.490790, 0.834910),
      ["RightFoot"] = CFrame.new(-0.000000, 0.001202, -0.000103, 0.917928, 0.387019, 0.087317, -0.396560, 0.888243, 0.231871, 0.012179, -0.247467, 0.968820),
      ["RightHand"] = CFrame.new(-0.000493, 0.010323, -0.000000, 0.953754, 0.259833, -0.151128, -0.293509, 0.913494, -0.281745, 0.064848, 0.313073, 0.947513),
      ["RightLowerArm"] = CFrame.new(-0.000000, 0.063890, 0.015889, 1.000000, 0.000000, 0.000000, 0.000000, 0.838149, -0.545442, 0.000000, 0.545442, 0.838149),
      ["RightLowerLeg"] = CFrame.new(0.000000, 0.004441, -0.000041, 1.000000, -0.000000, 0.000000, 0.000000, 0.999470, 0.032539, -0.000000, -0.032539, 0.999470),
      ["RightUpperArm"] = CFrame.new(-0.177913, -0.127702, 0.233392, 0.885328, -0.254629, 0.389048, 0.170939, 0.956367, 0.236942, -0.432405, -0.143268, 0.890225),
      ["RightUpperLeg"] = CFrame.new(0.000000, 0.000000, -0.000000, 0.871371, -0.396625, 0.288793, 0.474785, 0.533323, -0.700104, 0.123658, 0.747165, 0.653034),
      ["UpperTorso"] = CFrame.new(0.109269, 0.124172, -0.107692, 0.980639, -0.156660, 0.117491, 0.183570, 0.944336, -0.273004, -0.068182, 0.289286, 0.954812)
    }},
    {Time = 0.433, Data = {
      ["Head"] = CFrame.new(0.000000, 0.000000, -0.000000, 1.000000, -0.000000, 0.000000, 0.000000, 0.998323, 0.057898, -0.000000, -0.057898, 0.998323),
      ["LeftFoot"] = CFrame.new(0.000000, 0.009392, -0.000003, 0.979537, -0.192700, 0.058094, 0.195197, 0.979913, -0.040853, -0.049054, 0.051357, 0.997475),
      ["LeftHand"] = CFrame.new(0.000490, 0.015240, 0.000000, 0.905556, -0.366522, 0.213610, 0.420714, 0.840560, -0.341261, -0.054473, 0.398899, 0.915375),
      ["LeftLowerArm"] = CFrame.new(-0.000500, 0.081133, 0.025945, 1.000000, 0.000000, 0.000000, 0.000000, 0.734350, -0.678771, 0.000000, 0.678771, 0.734350),
      ["LeftLowerLeg"] = CFrame.new(-0.000000, 0.045451, -0.006589, 1.000000, -0.000000, 0.000000, 0.000000, 0.932037, 0.362363, -0.000000, -0.362363, 0.932037),
      ["LeftUpperArm"] = CFrame.new(0.260135, -0.114150, 0.145585, 0.929188, 0.280621, -0.240545, -0.140988, 0.870707, 0.471159, 0.341662, -0.403882, 0.848615),
      ["LeftUpperLeg"] = CFrame.new(-0.000000, 0.000000, -0.000100, 0.982459, 0.164806, 0.087258, -0.039539, 0.641377, -0.766207, -0.182241, 0.749316, 0.636642),
      ["LowerTorso"] = CFrame.new(-0.176127, -0.159749, 0.307643, 0.979253, 0.155747, -0.129637, -0.062532, 0.840777, 0.537758, 0.192750, -0.518495, 0.833073),
      ["RightFoot"] = CFrame.new(0.000000, 0.003409, -0.000103, 0.931469, 0.358145, 0.064010, -0.363673, 0.911567, 0.191800, 0.010342, -0.201934, 0.979344),
      ["RightHand"] = CFrame.new(-0.000493, 0.010498, -0.000000, 0.959875, 0.242415, -0.140980, -0.275176, 0.911063, -0.306991, 0.054023, 0.333467, 0.941213),
      ["RightLowerArm"] = CFrame.new(0.000000, 0.064707, 0.016317, 1.000000, 0.000000, 0.000000, 0.000000, 0.833748, -0.552145, 0.000000, 0.552145, 0.833748),
      ["RightLowerLeg"] = CFrame.new(-0.000000, 0.013573, -0.000499, 1.000000, -0.000000, 0.000000, 0.000000, 0.994742, 0.102416, -0.000000, -0.102416, 0.994742),
      ["RightUpperArm"] = CFrame.new(-0.186207, -0.118390, 0.218392, 0.902049, -0.242956, 0.356763, 0.151544, 0.952189, 0.265275, -0.404156, -0.185225, 0.895740),
      ["RightUpperLeg"] = CFrame.new(0.000000, 0.000000, -0.000000, 0.902077, -0.352556, 0.248921, 0.413022, 0.537933, -0.734875, 0.125182, 0.765724, 0.630870),
      ["UpperTorso"] = CFrame.new(0.085203, 0.114435, -0.096960, 0.987999, -0.114466, 0.103708, 0.139979, 0.947379, -0.287888, -0.065297, 0.298951, 0.952032)
    }},
    {Time = 0.467, Data = {
      ["Head"] = CFrame.new(-0.000000, 0.000000, 0.000000, 1.000000, -0.000000, 0.000000, 0.000000, 0.998323, 0.057898, -0.000000, -0.057898, 0.998323),
      ["LeftFoot"] = CFrame.new(-0.000000, 0.009094, -0.000002, 0.964801, -0.262899, 0.006501, 0.262758, 0.964709, 0.017155, -0.010781, -0.014843, 0.999832),
      ["LeftHand"] = CFrame.new(0.000490, 0.015230, -0.000000, 0.894145, -0.386893, 0.225430, 0.438623, 0.858055, -0.267117, -0.090086, 0.337720, 0.936926),
      ["LeftLowerArm"] = CFrame.new(-0.000500, 0.081096, 0.025920, 1.000000, 0.000000, 0.000000, 0.000000, 0.734602, -0.678499, 0.000000, 0.678499, 0.734602),
      ["LeftLowerLeg"] = CFrame.new(0.000000, 0.043803, -0.006069, 1.000000, -0.000000, 0.000000, 0.000000, 0.937309, 0.348499, -0.000000, -0.348499, 0.937309),
      ["LeftUpperArm"] = CFrame.new(0.244343, -0.127147, 0.178728, 0.897598, 0.307631, -0.315724, -0.166965, 0.900123, 0.402370, 0.407972, -0.308451, 0.859312),
      ["LeftUpperLeg"] = CFrame.new(0.000000, -0.000000, -0.000100, 0.961411, 0.266247, -0.069297, -0.213522, 0.563266, -0.798211, -0.173489, 0.782205, 0.598379),
      ["LowerTorso"] = CFrame.new(-0.042669, -0.160722, 0.315885, 0.999187, 0.011827, -0.038533, 0.010833, 0.842005, 0.539360, 0.038824, -0.539339, 0.841193),
      ["RightFoot"] = CFrame.new(-0.000000, 0.006698, -0.000103, 0.957375, 0.288699, 0.009289, -0.288267, 0.952910, 0.094156, 0.018331, -0.092820, 0.995514),
      ["RightHand"] = CFrame.new(-0.000493, 0.010670, 0.000000, 0.968873, 0.214059, -0.124355, -0.245316, 0.897641, -0.366144, 0.033250, 0.385254, 0.922212),
      ["RightLowerArm"] = CFrame.new(0.000000, 0.065506, 0.016744, 1.000000, 0.000000, 0.000000, 0.000000, 0.829390, -0.558671, 0.000000, 0.558671, 0.829390),
      ["RightLowerLeg"] = CFrame.new(0.000000, 0.029533, -0.002652, 1.000000, -0.000000, 0.000000, 0.000000, 0.972920, 0.231143, -0.000000, -0.231143, 0.972920),
      ["RightUpperArm"] = CFrame.new(-0.201905, -0.102201, 0.184499, 0.933603, -0.217830, 0.284493, 0.118257, 0.936817, 0.329224, -0.338233, -0.273721, 0.900375),
      ["RightUpperLeg"] = CFrame.new(0.000000, -0.000000, -0.000000, 0.960075, -0.253751, 0.117754, 0.249419, 0.585872, -0.771067, 0.126670, 0.769652, 0.625772),
      ["UpperTorso"] = CFrame.new(0.033550, 0.100127, -0.084309, 0.998688, -0.003146, 0.051103, 0.018182, 0.954847, -0.296540, -0.047862, 0.297080, 0.953652)
    }},
    {Time = 0.500, Data = {
      ["Head"] = CFrame.new(-0.000000, -0.000000, -0.000000, 1.000000, -0.000000, 0.000000, 0.000000, 0.998323, 0.057898, -0.000000, -0.057898, 0.998323),
      ["LeftFoot"] = CFrame.new(-0.000000, 0.006987, -0.000003, 0.941603, -0.333448, -0.046867, 0.336639, 0.935357, 0.108547, 0.007643, -0.117985, 0.992986),
      ["LeftHand"] = CFrame.new(0.000490, 0.014603, 0.000000, 0.879942, -0.410496, 0.239156, 0.458642, 0.865289, -0.202295, -0.123898, 0.287694, 0.949674),
      ["LeftLowerArm"] = CFrame.new(-0.000500, 0.078872, 0.024420, 1.000000, 0.000000, 0.000000, 0.000000, 0.750153, -0.661265, 0.000000, 0.661265, 0.750153),
      ["LeftLowerLeg"] = CFrame.new(0.000000, 0.032307, -0.003076, 1.000000, -0.000000, 0.000000, 0.000000, 0.967621, 0.252409, -0.000000, -0.252409, 0.967621),
      ["LeftUpperArm"] = CFrame.new(0.225560, -0.142406, 0.209981, 0.860043, 0.321083, -0.396526, -0.197462, 0.926062, 0.321585, 0.470463, -0.198278, 0.859855),
      ["LeftUpperLeg"] = CFrame.new(0.000000, -0.000000, -0.000100, 0.910702, 0.349683, -0.219872, -0.379432, 0.497809, -0.779883, -0.163257, 0.793667, 0.586037),
      ["LowerTorso"] = CFrame.new(0.091066, -0.158834, 0.313166, 0.989160, -0.133650, 0.060833, 0.079431, 0.835417, 0.543847, -0.123506, -0.533119, 0.836977),
      ["RightFoot"] = CFrame.new(0.000000, 0.007778, -0.000103, 0.974666, 0.219369, -0.043632, -0.218574, 0.975566, 0.022291, 0.047456, -0.012189, 0.998799),
      ["RightHand"] = CFrame.new(-0.000493, 0.010369, -0.000000, 0.975713, 0.189425, -0.110015, -0.218612, 0.873935, -0.434103, 0.013916, 0.447611, 0.894120),
      ["RightLowerArm"] = CFrame.new(0.000000, 0.064103, 0.015999, 1.000000, 0.000000, 0.000000, 0.000000, 0.837017, -0.547176, 0.000000, 0.547176, 0.837017),
      ["RightLowerLeg"] = CFrame.new(-0.000000, 0.035278, -0.003893, 1.000000, -0.000000, 0.000000, 0.000000, 0.960356, 0.278778, -0.000000, -0.278778, 0.960356),
      ["RightUpperArm"] = CFrame.new(-0.214577, -0.088323, 0.148648, 0.959106, -0.183300, 0.215679, 0.089646, 0.919475, 0.382792, -0.268477, -0.347803, 0.898306),
      ["RightUpperLeg"] = CFrame.new(0.000000, -0.000000, -0.000000, 0.986918, -0.157409, -0.034858, 0.076267, 0.646313, -0.759251, 0.142042, 0.746660, 0.649864),
      ["UpperTorso"] = CFrame.new(-0.018770, 0.104182, -0.083833, 0.994305, 0.106133, -0.009716, -0.104102, 0.947637, -0.301905, -0.022835, 0.301197, 0.953288)
    }},
    {Time = 0.533, Data = {
      ["Head"] = CFrame.new(-0.000000, 0.000000, 0.000000, 1.000000, -0.000000, 0.000000, 0.000000, 0.998323, 0.057898, -0.000000, -0.057898, 0.998323),
      ["LeftFoot"] = CFrame.new(-0.000000, 0.005160, -0.000003, 0.929647, -0.361932, -0.068998, 0.368409, 0.915898, 0.159391, 0.005506, -0.173596, 0.984801),
      ["LeftHand"] = CFrame.new(0.000491, 0.013921, -0.000000, 0.873034, -0.421351, 0.245512, 0.467581, 0.866241, -0.176052, -0.138492, 0.268496, 0.953273),
      ["LeftLowerArm"] = CFrame.new(-0.000500, 0.076755, 0.023126, 1.000000, 0.000000, 0.000000, 0.000000, 0.763575, -0.645719, 0.000000, 0.645719, 0.763575),
      ["LeftLowerLeg"] = CFrame.new(0.000000, 0.022928, -0.001410, 1.000000, -0.000000, 0.000000, 0.000000, 0.984495, 0.175413, -0.000000, -0.175413, 0.984495),
      ["LeftUpperArm"] = CFrame.new(0.216132, -0.150218, 0.223244, 0.841207, 0.319487, -0.436233, -0.213102, 0.937363, 0.275570, 0.496950, -0.138849, 0.856599),
