return {
["shy thrust"] = {

          {Time = 0.000, Data = {

              ["Head"] = CFrame.new(0.000000, 0.000000, -0.000000, 0.999027, 0.025805, -0.035764, -0.037894, 0.917127, -0.396790, 0.022561, 0.397759, 0.917213),

              ["LeftFoot"] = CFrame.new(-0.000000, 0.014228, -0.000003, 0.978398, -0.158142, -0.133159, 0.115871, 0.952894, -0.280317, 0.171206, 0.258813, 0.950627),

              ["LeftHand"] = CFrame.new(0.000485, 0.022078, 0.000000, 0.800772, -0.517229, 0.302060, 0.592649, 0.611128, -0.524684, 0.086784, 0.599164, 0.795906),

              ["LeftLowerArm"] = CFrame.new(-0.000500, 0.107617, 0.053578, 1.000000, -0.000000, -0.000000, -0.000000, 0.447710, -0.894179, 0.000000, 0.894179, 0.447710),

              ["LeftLowerLeg"] = CFrame.new(-0.000000, 0.071446, -0.018226, 1.000000, -0.000000, 0.000000, 0.000000, 0.813482, 0.581589, -0.000000, -0.581590, 0.813483),

              ["LeftUpperArm"] = CFrame.new(0.027078, -0.311425, -0.405228, 0.421939, -0.439291, -0.793090, -0.869607, -0.443507, -0.216990, -0.256419, 0.781233, -0.569143),

              ["LeftUpperLeg"] = CFrame.new(-0.000000, 0.000000, -0.000100, 0.866439, 0.436012, 0.243269, -0.327791, 0.864267, -0.381553, -0.376612, 0.250869, 0.891761),

              ["LowerTorso"] = CFrame.new(0.147113, -0.099221, 0.000000, 0.979861, -0.183580, -0.078557, 0.182993, 0.983005, -0.014671, 0.079915, -0.000000, 0.996802),

              ["RightFoot"] = CFrame.new(-0.000000, 0.001364, -0.000103, 0.999329, -0.028026, -0.023598, 0.028058, 0.999606, 0.001100, 0.023557, -0.001751, 0.999721),

              ["RightHand"] = CFrame.new(-0.000537, -0.055927, -0.000000, 0.997480, 0.061657, -0.035087, -0.067106, 0.980491, -0.184758, 0.023011, 0.186646, 0.982158),

              ["RightLowerArm"] = CFrame.new(-0.000002, -0.055859, 0.000304, 1.000000, 0.000000, 0.000000, -0.000000, 1.000000, -0.000001, -0.000000, -0.000000, 1.000000),

              ["RightLowerLeg"] = CFrame.new(-0.000000, 0.005058, -0.000056, 1.000000, 0.000000, -0.000000, -0.000000, 0.999310, 0.037117, -0.000000, -0.037136, 0.999311),

              ["RightUpperArm"] = CFrame.new(0.019243, 0.125349, 0.056217, 0.961514, 0.224313, 0.158665, -0.250698, 0.952564, 0.172550, -0.112433, -0.205685, 0.972138),

              ["RightUpperLeg"] = CFrame.new(-0.000000, -0.000000, -0.000000, 0.825349, 0.188058, -0.532384, -0.171063, 0.981872, 0.081642, 0.538086, 0.023696, 0.842557),

              ["UpperTorso"] = CFrame.new(-0.066804, 0.042498, 0.005356, 0.983113, 0.182993, 0.001354, -0.182993, 0.983005, 0.014671, 0.001354, -0.014671, 0.999892)

          }},

          {Time = 0.033, Data = {

              ["Head"] = CFrame.new(0.000000, 0.000000, 0.000000, 0.999054, 0.025645, -0.035122, -0.037496, 0.917072, -0.396955, 0.022029, 0.397897, 0.917166),

              ["LeftFoot"] = CFrame.new(-0.000000, 0.014277, -0.000003, 0.981194, -0.147656, -0.124330, 0.110385, 0.957600, -0.266135, 0.158345, 0.247387, 0.955884),

              ["LeftHand"] = CFrame.new(0.000486, 0.022046, -0.000000, 0.799724, -0.518436, 0.302765, 0.593910, 0.609395, -0.525272, 0.087816, 0.599885, 0.795250),

              ["LeftLowerArm"] = CFrame.new(-0.000500, 0.107478, 0.053350, 1.000000, -0.000000, -0.000000, -0.000000, 0.450081, -0.892988, 0.000000, 0.892988, 0.450081),

              ["LeftLowerLeg"] = CFrame.new(0.000000, 0.071626, -0.018322, 1.000000, -0.000000, 0.000000, 0.000000, 0.812492, 0.582971, -0.000000, -0.582972, 0.812493),

              ["LeftUpperArm"] = CFrame.new(0.028117, -0.310965, -0.405070, 0.424018, -0.439832, -0.791679, -0.868688, -0.444716, -0.218193, -0.256104, 0.780240, -0.570645),

              ["LeftUpperLeg"] = CFrame.new(-0.000000, -0.000000, -0.000100, 0.875778, 0.422830, 0.232877, -0.299967, 0.854671, -0.423725, -0.378198, 0.301251, 0.875343),

              ["LowerTorso"] = CFrame.new(0.138357, -0.100760, 0.026151, 0.981039, -0.175169, -0.082935, 0.177453, 0.983906, 0.020959, 0.077929, -0.035279, 0.996335),

              ["RightFoot"] = CFrame.new(-0.000000, 0.002015, -0.000103, 0.999074, -0.032922, -0.027720, 0.033104, 0.999433, 0.006222, 0.027498, -0.007124, 0.999596),

              ["RightHand"] = CFrame.new(-0.000536, -0.054580, -0.000000, 0.997506, 0.061343, -0.034904, -0.066764, 0.980499, -0.184837, 0.022884, 0.186705, 0.982149),

              ["RightLowerArm"] = CFrame.new(-0.000002, -0.054514, 0.000297, 1.000000, 0.000000, 0.000000, -0.000000, 1.000000, -0.000001, -0.000000, -0.000000, 1.000000),

              ["RightLowerLeg"] = CFrame.new(0.000000, 0.007646, -0.000143, 1.000000, 0.000000, -0.000000, 0.000000, 0.998395, 0.056625, 0.000000, -0.056643, 0.998396),

              ["RightUpperArm"] = CFrame.new(0.018991, 0.125168, 0.056169, 0.961614, 0.223974, 0.158536, -0.250357, 0.952618, 0.172744, -0.112334, -0.205803, 0.972124),

              ["RightUpperLeg"] = CFrame.new(-0.000000, -0.000000, -0.000000, 0.826394, 0.173402, -0.535727, -0.190772, 0.981356, 0.023368, 0.529791, 0.082898, 0.844068),

              ["UpperTorso"] = CFrame.new(-0.062934, 0.040108, -0.005744, 0.984129, 0.177452, -0.000708, -0.177427, 0.983906, -0.021162, -0.003059, 0.020952, 0.999776)

          }},

          {Time = 0.067, Data = {

              ["Head"] = CFrame.new(0.000000, 0.000000, -0.000000, 0.999130, 0.025176, -0.033239, -0.036326, 0.916909, -0.397440, 0.020471, 0.398302, 0.917026),

              ["LeftFoot"] = CFrame.new(0.000000, 0.014088, -0.000003, 0.987339, -0.121342, -0.102172, 0.095638, 0.969219, -0.226883, 0.126550, 0.214221, 0.968548),

              ["LeftHand"] = CFrame.new(0.000485, 0.021956, -0.000000, 0.796993, -0.521564, 0.304590, 0.597151, 0.604768, -0.526943, 0.090627, 0.601853, 0.793446),

              ["LeftLowerArm"] = CFrame.new(-0.000499, 0.107094, 0.052725, 1.000000, -0.000000, -0.000000, 0.000000, 0.456568, -0.889688, 0.000000, 0.889688, 0.456568),

              ["LeftLowerLeg"] = CFrame.new(-0.000000, 0.070937, -0.017956, 1.000000, -0.000000, -0.000000, 0.000000, 0.816260, 0.577683, -0.000000, -0.577684, 0.816261),

              ["LeftUpperArm"] = CFrame.new(0.030907, -0.309703, -0.404695, 0.429598, -0.441288, -0.787852, -0.866164, -0.448080, -0.221323, -0.255354, 0.777489, -0.574721),

              ["LeftUpperLeg"] = CFrame.new(0.000000, 0.000000, -0.000100, 0.898066, 0.385243, 0.212293, -0.230534, 0.823263, -0.518726, -0.374609, 0.416925, 0.828164),

              ["LowerTorso"] = CFrame.new(0.114549, -0.103101, 0.089808, 0.984122, -0.152220, -0.091288, 0.161742, 0.980903, 0.108021, 0.073102, -0.121071, 0.989949),

              ["RightFoot"] = CFrame.new(-0.000000, 0.003120, -0.000103, 0.998389, -0.043400, -0.036543, 0.044336, 0.998698, 0.025234, 0.035399, -0.026803, 0.999013),

              ["RightHand"] = CFrame.new(-0.000533, -0.050866, -0.000000, 0.997575, 0.060497, -0.034410, -0.065845, 0.980530, -0.185001, 0.022548, 0.186817, 0.982136),

              ["RightLowerArm"] = CFrame.new(-0.000001, -0.050805, 0.000277, 1.000000, 0.000000, 0.000000, -0.000000, 1.000000, -0.000001, -0.000000, -0.000000, 1.000000),

              ["RightLowerLeg"] = CFrame.new(-0.000000, 0.012296, -0.000404, 1.000000, 0.000000, 0.000000, -0.000000, 0.995718, 0.092429, 0.000000, -0.092446, 0.995719),

              ["RightUpperArm"] = CFrame.new(0.018237, 0.124591, 0.056054, 0.961928, 0.222884, 0.158172, -0.249259, 0.952815, 0.173247, -0.112095, -0.206076, 0.972094),

              ["RightUpperLeg"] = CFrame.new(0.000000, 0.000000, -0.000000, 0.829034, 0.136782, -0.542212, -0.233936, 0.965532, -0.114105, 0.507915, 0.221448, 0.832458),

              ["UpperTorso"] = CFrame.new(-0.051791, 0.037700, -0.033377, 0.986817, 0.161740, -0.005731, -0.161401, 0.980907, -0.108497, -0.011926, 0.107992, 0.994080)

          }},

          {Time = 0.100, Data = {

              ["Head"] = CFrame.new(-0.000000, 0.000000, 0.000000, 0.999246, 0.024415, -0.030178, -0.034423, 0.916643, -0.398223, 0.017940, 0.398961, 0.916792),

              ["LeftFoot"] = CFrame.new(0.000000, 0.013448, -0.000003, 0.993471, -0.087268, -0.073482, 0.073917, 0.983000, -0.168086, 0.086896, 0.161544, 0.983030),

              ["LeftHand"] = CFrame.new(0.000485, 0.021823, 0.000000, 0.793207, -0.525851, 0.307092, 0.601527, 0.598095, -0.529576, 0.094808, 0.604784, 0.790724),

              ["LeftLowerArm"] = CFrame.new(-0.000500, 0.106507, 0.051791, 1.000000, -0.000000, -0.000000, 0.000000, 0.466264, -0.884645, 0.000000, 0.884645, 0.466265),

              ["LeftLowerLeg"] = CFrame.new(0.000000, 0.067788, -0.016202, 1.000000, -0.000000, -0.000000, 0.000000, 0.834190, 0.551475, -0.000000, -0.551478, 0.834191),

              ["LeftUpperArm"] = CFrame.new(0.034942, -0.307810, -0.404251, 0.437666, -0.443409, -0.782200, -0.862378, -0.453215, -0.225613, -0.254466, 0.773295, -0.580742),

              ["LeftUpperLeg"] = CFrame.new(0.000000, 0.000000, -0.000100, 0.924188, 0.327613, 0.196339, -0.142264, 0.772330, -0.619071, -0.354455, 0.544220, 0.760396),

              ["LowerTorso"] = CFrame.new(0.079643, -0.103348, 0.168486, 0.988266, -0.118825, -0.095971, 0.137204, 0.966718, 0.215941, 0.067118, -0.226575, 0.971678),

              ["RightFoot"] = CFrame.new(-0.000000, 0.003810, -0.000103, 0.997561, -0.053397, -0.044961, 0.056065, 0.996601, 0.060370, 0.041583, -0.062731, 0.997163),

              ["RightHand"] = CFrame.new(-0.000530, -0.045301, -0.000000, 0.997673, 0.059274, -0.033695, -0.064512, 0.980593, -0.185140, 0.022067, 0.186882, 0.982134),

              ["RightLowerArm"] = CFrame.new(-0.000001, -0.045245, 0.000246, 1.000000, -0.000000, 0.000000, -0.000000, 1.000000, -0.000001, -0.000000, -0.000000, 1.000000),

              ["RightLowerLeg"] = CFrame.new(-0.000000, 0.015369, -0.000652, 1.000000, -0.000000, -0.000000, -0.000000, 0.993185, 0.116533, -0.000000, -0.116550, 0.993187),

              ["RightUpperArm"] = CFrame.new(0.016981, 0.123556, 0.055917, 0.962471, 0.220927, 0.157608, -0.247282, 0.953204, 0.173938, -0.111805, -0.206384, 0.972062),

              ["RightUpperLeg"] = CFrame.new(-0.000000, 0.000000, -0.000000, 0.832462, 0.088135, -0.547028, -0.277597, 0.920766, -0.274087, 0.479528, 0.380029, 0.790972),

              ["UpperTorso"] = CFrame.new(-0.034080, 0.041778, -0.068055, 0.990471, 0.137200, -0.011976, -0.136527, 0.966732, -0.216307, -0.018100, 0.215881, 0.976252)

          }},

          {Time = 0.133, Data = {

              ["Head"] = CFrame.new(0.000000, 0.000000, 0.000000, 0.999388, 0.023380, -0.026004, -0.031825, 0.916276, -0.399280, 0.014491, 0.399864, 0.916460),

              ["LeftFoot"] = CFrame.new(-0.000000, 0.012398, -0.000003, 0.997629, -0.052646, -0.044329, 0.047818, 0.993458, -0.103716, 0.049496, 0.101342, 0.993619),

              ["LeftHand"] = CFrame.new(0.000486, 0.021657, -0.000000, 0.789009, -0.530541, 0.309828, 0.606199, 0.590229, -0.533062, 0.099941, 0.608405, 0.787307),

              ["LeftLowerArm"] = CFrame.new(-0.000500, 0.105763, 0.050635, 1.000000, -0.000000, -0.000000, 0.000000, 0.478255, -0.878221, 0.000000, 0.878221, 0.478255),

              ["LeftLowerLeg"] = CFrame.new(-0.000000, 0.062142, -0.013290, 1.000000, -0.000000, -0.000000, 0.000000, 0.863886, 0.503683, -0.000000, -0.503688, 0.863889),

              ["LeftUpperArm"] = CFrame.new(0.039716, -0.305461, -0.403888, 0.447216, -0.445943, -0.775328, -0.857680, -0.459727, -0.230297, -0.253740, 0.767975, -0.588073),

              ["LeftUpperLeg"] = CFrame.new(-0.000000, -0.000000, -0.000100, 0.947073, 0.257536, 0.191649, -0.056212, 0.720809, -0.690839, -0.316059, 0.643514, 0.697146),

              ["LowerTorso"] = CFrame.new(0.037985, -0.102410, 0.239819, 0.992539, -0.080048, -0.091972, 0.105193, 0.943590, 0.313963, 0.061652, -0.321295, 0.944970),

              ["RightFoot"] = CFrame.new(-0.000000, 0.004346, -0.000103, 0.997124, -0.057975, -0.048816, 0.062507, 0.993308, 0.097131, 0.042856, -0.099889, 0.994074),

              ["RightHand"] = CFrame.new(-0.000525, -0.038412, -0.000000, 0.997785, 0.057837, -0.032855, -0.062942, 0.980694, -0.185144, 0.021513, 0.186800, 0.982162),

              ["RightLowerArm"] = CFrame.new(-0.000001, -0.038366, 0.000209, 1.000000, 0.000000, 0.000000, -0.000000, 1.000000, -0.000001, -0.000000, -0.000000, 1.000000),

              ["RightLowerLeg"] = CFrame.new(0.000000, 0.017842, -0.000899, 1.000000, 0.000000, -0.000000, -0.000000, 0.990686, 0.136151, 0.000000, -0.136167, 0.990688),

              ["RightUpperArm"] = CFrame.new(0.015226, 0.121997, 0.055806, 0.963262, 0.217975, 0.156884, -0.244294, 0.953835, 0.174696, -0.111562, -0.206603, 0.972044),

              ["RightUpperLeg"] = CFrame.new(0.000000, -0.000000, -0.000000, 0.835680, 0.028653, -0.548469, -0.303889, 0.855961, -0.418300, 0.457483, 0.516246, 0.724021),

              ["UpperTorso"] = CFrame.new(-0.010965, 0.052579, -0.099234, 0.994295, 0.105186, -0.017701, -0.105412, 0.943624, -0.313788, -0.016303, 0.313864, 0.949328)

          }},

          {Time = 0.167, Data = {

              ["Head"] = CFrame.new(-0.000000, 0.000000, 0.000000, 0.999540, 0.022092, -0.020777, -0.028568, 0.915813, -0.400587, 0.010179, 0.400997, 0.916023),

              ["LeftFoot"] = CFrame.new(-0.000000, 0.011369, -0.000003, 0.999574, -0.022338, -0.018809, 0.021208, 0.998075, -0.058288, 0.020074, 0.057859, 0.998123),

              ["LeftHand"] = CFrame.new(0.000486, 0.021471, 0.000000, 0.785044, -0.534910, 0.312376, 0.610376, 0.582044, -0.537279, 0.105578, 0.612451, 0.783423),

              ["LeftLowerArm"] = CFrame.new(-0.000500, 0.104911, 0.049350, 1.000000, -0.000000, -0.000000, 0.000000, 0.491580, -0.870832, 0.000000, 0.870832, 0.491581),

              ["LeftLowerLeg"] = CFrame.new(0.000000, 0.056482, -0.010713, 1.000000, -0.000000, 0.000000, 0.000000, 0.890127, 0.455705, -0.000000, -0.455712, 0.890131),

              ["LeftUpperArm"] = CFrame.new(0.044745, -0.302841, -0.403756, 0.457273, -0.448620, -0.767882, -0.852439, -0.467200, -0.234674, -0.253475, 0.761882, -0.596059),

              ["LeftUpperLeg"] = CFrame.new(0.000000, 0.000000, -0.000100, 0.963146, 0.183557, 0.196617, 0.014496, 0.694476, -0.719359, -0.268589, 0.695708, 0.666231),

              ["LowerTorso"] = CFrame.new(-0.006392, -0.105742, 0.282570, 0.996037, -0.040190, -0.079344, 0.067098, 0.925115, 0.373711, 0.058383, -0.377554, 0.924145),

              ["RightFoot"] = CFrame.new(0.000000, 0.005784, -0.000103, 0.997582, -0.053162, -0.044763, 0.057666, 0.992667, 0.106257, 0.038784, -0.108568, 0.993331),

              ["RightHand"] = CFrame.new(-0.000520, -0.030724, 0.000000, 0.997898, 0.056353, -0.031988, -0.061317, 0.980844, -0.184893, 0.020956, 0.186464, 0.982238),

              ["RightLowerArm"] = CFrame.new(-0.000001, -0.030686, 0.000167, 1.000000, 0.000000, 0.000000, -0.000000, 1.000000, -0.000001, -0.000000, -0.000000, 1.000000),

              ["RightLowerLeg"] = CFrame.new(0.000000, 0.024836, -0.001827, 1.000000, 0.000000, -0.000000, -0.000000, 0.981279, 0.192577, -0.000000, -0.192593, 0.981282),

              ["RightUpperArm"] = CFrame.new(0.012974, 0.119843, 0.055771, 0.964315, 0.213892, 0.156038, -0.240153, 0.954759, 0.175392, -0.111464, -0.206605, 0.972054),

              ["RightUpperLeg"] = CFrame.new(-0.000000, 0.000000, -0.000000, 0.837113, -0.050257, -0.544718, -0.299944, 0.790566, -0.533882, 0.457466, 0.610312, 0.646724),

              ["UpperTorso"] = CFrame.new(0.015697, 0.062609, -0.117827, 0.997522, 0.067089, -0.021166, -0.070138, 0.925174, -0.373007, -0.005443, 0.373567, 0.927587)

          }},

          {Time = 0.200, Data = {

              ["Head"] = CFrame.new(-0.000000, 0.000000, -0.000000, 0.999682, 0.020569, -0.014562, -0.024689, 0.915255, -0.402119, 0.005057, 0.402350, 0.915472),

              ["LeftFoot"] = CFrame.new(-0.000000, 0.011038, -0.000003, 0.999997, 0.001765, 0.001486, -0.001678, 0.998410, -0.056344, -0.001584, 0.056336, 0.998410),

              ["LeftHand"] = CFrame.new(0.000486, 0.021280, 0.000000, 0.781956, -0.538274, 0.314338, 0.613331, 0.574431, -0.542086, 0.111224, 0.616677, 0.779317),

              ["LeftLowerArm"] = CFrame.new(-0.000500, 0.104010, 0.048035, 1.000000, -0.000000, -0.000000, 0.000000, 0.505218, -0.862992, 0.000000, 0.862992, 0.505218),

              ["LeftLowerLeg"] = CFrame.new(-0.000000, 0.054641, -0.009945, 1.000000, -0.000000, 0.000000, 0.000000, 0.897940, 0.440109, -0.000000, -0.440117, 0.897944),

              ["LeftUpperArm"] = CFrame.new(0.049569, -0.300143, -0.404005, 0.466921, -0.451147, -0.760560, -0.847043, -0.475190, -0.238142, -0.253974, 0.755421, -0.604017),

              ["LeftUpperLeg"] = CFrame.new(-0.000000, 0.000000, -0.000100, 0.971765, 0.112616, 0.207342, 0.067592, 0.709047, -0.701903, -0.226061, 0.696110, 0.681426),

              ["LowerTorso"] = CFrame.new(-0.050488, -0.119111, 0.281703, 0.997976, -0.000964, -0.063585, 0.024849, 0.926296, 0.375977, 0.058536, -0.376796, 0.924445),

              ["RightFoot"] = CFrame.new(0.000000, 0.008460, -0.000103, 0.998899, -0.035883, -0.030214, 0.037897, 0.996896, 0.069020, 0.027642, -0.070082, 0.997158),

              ["RightHand"] = CFrame.new(-0.000515, -0.022733, -0.000000, 0.997999, 0.054993, -0.031194, -0.059818, 0.981055, -0.184266, 0.020469, 0.185762, 0.982381),

              ["RightLowerArm"] = CFrame.new(-0.000001, -0.022706, 0.000123, 1.000000, 0.000000, 0.000000, -0.000000, 1.000000, -0.000001, -0.000000, -0.000000, 1.000000),

              ["RightLowerLeg"] = CFrame.new(0.000000, 0.038984, -0.004834, 1.000000, 0.000000, -0.000000, -0.000000, 0.950829, 0.309702, 0.000000, -0.309715, 0.950834),

              ["RightUpperArm"] = CFrame.new(0.010233, 0.117025, 0.055863, 0.965636, 0.208536, 0.155115, -0.234713, 0.956020, 0.175888, -0.111614, -0.206251, 0.972112),

              ["RightUpperLeg"] = CFrame.new(0.000000, 0.000000, -0.000000, 0.834109, -0.152789, -0.530020, -0.256208, 0.743617, -0.617560, 0.488488, 0.650914, 0.581118),

              ["UpperTorso"] = CFrame.new(0.043465, 0.063001, -0.118855, 0.999469, 0.024837, -0.021090, -0.030940, 0.926376, -0.375327, 0.010215, 0.375780, 0.926652)

          }},

          {Time = 0.233, Data = {

              ["Head"] = CFrame.new(0.000000, -0.000000, -0.000000, 0.999795, 0.018830, -0.007421, -0.020223, 0.914604, -0.403846, -0.000818, 0.403913, 0.914797),

              ["LeftFoot"] = CFrame.new(-0.000000, 0.011400, -0.000003, 0.999647, 0.020326, 0.017115, -0.018633, 0.995416, -0.093819, -0.018942, 0.093459, 0.995442),

              ["LeftHand"] = CFrame.new(0.000486, 0.021099, -0.000000, 0.780367, -0.539992, 0.315337, 0.614407, 0.568309, -0.547296, 0.116326, 0.620833, 0.775261),

              ["LeftLowerArm"] = CFrame.new(-0.000501, 0.103133, 0.046794, 1.000000, -0.000000, -0.000000, 0.000000, 0.518069, -0.855339, 0.000000, 0.855339, 0.518069),

              ["LeftLowerLeg"] = CFrame.new(0.000000, 0.056655, -0.010787, 1.000000, -0.000000, -0.000000, 0.000000, 0.889372, 0.457177, -0.000000, -0.457184, 0.889376),

              ["LeftUpperArm"] = CFrame.new(0.053760, -0.297570, -0.404782, 0.475304, -0.453209, -0.754114, -0.841897, -0.483219, -0.240227, -0.255529, 0.749067, -0.611231),

              ["LeftUpperLeg"] = CFrame.new(0.000000, -0.000000, -0.000100, 0.974207, 0.048063, 0.220480, 0.108319, 0.757524, -0.643746, -0.197959, 0.651036, 0.732789),

              ["LowerTorso"] = CFrame.new(-0.091641, -0.140279, 0.242589, 0.997951, 0.036761, -0.052374, -0.017606, 0.944659, 0.327581, 0.061518, -0.325988, 0.943370),

              ["RightFoot"] = CFrame.new(-0.000000, 0.011329, -0.000103, 0.999954, -0.007374, -0.006208, 0.007398, 0.999964, 0.004146, 0.006178, -0.004192, 0.999972),

              ["RightHand"] = CFrame.new(-0.000510, -0.014992, -0.000000, 0.998077, 0.053921, -0.030567, -0.058625, 0.981339, -0.183131, 0.020122, 0.184569, 0.982613),

              ["RightLowerArm"] = CFrame.new(-0.000001, -0.014974, 0.000081, 1.000000, 0.000000, 0.000000, -0.000000, 1.000000, -0.000001, -0.000000, -0.000000, 1.000000),

              ["RightLowerLeg"] = CFrame.new(0.000000, 0.054950, -0.010254, 1.000000, 0.000000, -0.000000, -0.000000, 0.895814, 0.444422, -0.000000, -0.444430, 0.895818),

              ["RightUpperArm"] = CFrame.new(0.007011, 0.113469, 0.056131, 0.967225, 0.201771, 0.154159, -0.227832, 0.957654, 0.176044, -0.112110, -0.205395, 0.972237),

              ["RightUpperLeg"] = CFrame.new(0.000000, -0.000000, -0.000000, 0.823983, -0.261854, -0.502482, -0.175874, 0.724809, -0.666112, 0.538628, 0.637248, 0.551186),

              ["UpperTorso"] = CFrame.new(0.069579, 0.055071, -0.104552, 0.999682, -0.017623, -0.018037, 0.010743, 0.944748, -0.327622, 0.022814, 0.327324, 0.944637)

          }},

          {Time = 0.267, Data = {

              ["Head"] = CFrame.new(-0.000000, -0.000000, -0.000000, 0.999857, 0.016897, 0.000585, -0.015207, 0.913861, -0.405742, -0.007390, 0.405675, 0.913988),

              ["LeftFoot"] = CFrame.new(0.000000, 0.012022, -0.000003, 0.999061, 0.033146, 0.027909, -0.028458, 0.987628, -0.154224, -0.032674, 0.153272, 0.987642),

              ["LeftHand"] = CFrame.new(0.000486, 0.020881, -0.000000, 0.780871, -0.539450, 0.315017, 0.613016, 0.564676, -0.552590, 0.120212, 0.624609, 0.771627),

              ["LeftLowerArm"] = CFrame.new(-0.000500, 0.102329, 0.045764, 1.000000, -0.000000, -0.000000, 0.000000, 0.528784, -0.848756, 0.000000, 0.848756, 0.528784),

              ["LeftLowerLeg"] = CFrame.new(-0.000000, 0.060082, -0.012314, 1.000000, -0.000000, 0.000000, 0.000000, 0.873829, 0.486228, -0.000000, -0.486233, 0.873832),

              ["LeftUpperArm"] = CFrame.new(0.056918, -0.295327, -0.406234, 0.481620, -0.454388, -0.749383, -0.837410, -0.490761, -0.240622, -0.258432, 0.743428, -0.616869),

              ["LeftUpperLeg"] = CFrame.new(-0.000000, -0.000000, -0.000100, 0.972306, -0.007622, 0.233589, 0.137198, 0.827742, -0.544063, -0.189204, 0.561057, 0.805874),

              ["LowerTorso"] = CFrame.new(-0.126361, -0.163264, 0.175086, 0.996236, 0.070055, -0.051050, -0.055806, 0.968997, 0.240688, 0.066328, -0.236933, 0.969259),

              ["RightFoot"] = CFrame.new(-0.000000, 0.013782, -0.000103, 0.999243, 0.029748, 0.025050, -0.027960, 0.997225, -0.069009, -0.027031, 0.068248, 0.997302),

              ["RightHand"] = CFrame.new(-0.000505, -0.008037, -0.000000, 0.998123, 0.053288, -0.030197, -0.057899, 0.981713, -0.181351, 0.019981, 0.182758, 0.982955),

              ["RightLowerArm"] = CFrame.new(-0.000001, -0.008027, 0.000044, 1.000000, 0.000000, 0.000000, -0.000000, 1.000000, -0.000001, -0.000000, -0.000000, 1.000000),

              ["RightLowerLeg"] = CFrame.new(-0.000000, 0.068300, -0.016694, 1.000000, 0.000000, 0.000000, -0.000000, 0.830183, 0.557489, 0.000000, -0.557491, 0.830185),

              ["RightUpperArm"] = CFrame.new(0.003327, 0.109109, 0.056620, 0.969069, 0.193470, 0.153215, -0.219378, 0.959687, 0.175712, -0.113043, -0.203888, 0.972446),

              ["RightUpperLeg"] = CFrame.new(0.000000, -0.000000, -0.000000, 0.805470, -0.360383, -0.470476, -0.065643, 0.734719, -0.675175, 0.588990, 0.574728, 0.568147),

              ["UpperTorso"] = CFrame.new(0.091523, 0.045228, -0.078205, 0.998355, -0.055828, -0.013028, 0.051040, 0.969076, -0.241425, 0.026104, 0.240363, 0.970332)

          }},

          {Time = 0.300, Data = {

              ["Head"] = CFrame.new(-0.000000, -0.000000, -0.000000, 0.999847, 0.014790, 0.009391, -0.009675, 0.913030, -0.407778, -0.014605, 0.407624, 0.913033),

              ["LeftFoot"] = CFrame.new(0.000000, 0.012492, -0.000003, 0.998722, 0.038664, 0.032556, -0.030540, 0.974834, -0.220846, -0.040273, 0.219553, 0.974765),

              ["LeftHand"] = CFrame.new(0.000486, 0.020704, 0.000000, 0.784018, -0.536037, 0.313020, 0.608570, 0.564408, -0.557754, 0.122305, 0.627781, 0.768719),

              ["LeftLowerArm"] = CFrame.new(-0.000500, 0.101732, 0.045038, 1.000000, -0.000000, -0.000000, 0.000000, 0.536340, -0.844002, 0.000000, 0.844002, 0.536341),

              ["LeftLowerLeg"] = CFrame.new(0.000000, 0.062646, -0.013536, 1.000000, -0.000000, -0.000000, 0.000000, 0.861382, 0.507954, -0.000000, -0.507958, 0.861384),

              ["LeftUpperArm"] = CFrame.new(0.058658, -0.293613, -0.408501, 0.485100, -0.454425, -0.747112, -0.833983, -0.497345, -0.238999, -0.262966, 0.739017, -0.620244),

              ["LeftUpperLeg"] = CFrame.new(0.000000, -0.000000, -0.000100, 0.968365, -0.050433, 0.244386, 0.148783, 0.902931, -0.403193, -0.200330, 0.426816, 0.881879),

              ["LowerTorso"] = CFrame.new(-0.150244, -0.182059, 0.089423, 0.993747, 0.093707, -0.060711, -0.085328, 0.988051, 0.128353, 0.072013, -0.122370, 0.989869),

              ["RightFoot"] = CFrame.new(-0.000000, 0.016327, -0.000103, 0.995645, 0.071316, 0.060050, -0.062473, 0.988447, -0.138110, -0.069202, 0.133744, 0.988595),

              ["RightHand"] = CFrame.new(-0.000502, -0.002404, -0.000000, 0.998127, 0.053221, -0.030158, -0.057773, 0.982190, -0.178790, 0.020105, 0.180196, 0.983425),

              ["RightLowerArm"] = CFrame.new(-0.000000, -0.002401, 0.000013, 1.000000, 0.000000, 0.000000, -0.000000, 1.000000, -0.000001, -0.000000, -0.000000, 1.000000),

              ["RightLowerLeg"] = CFrame.new(0.000000, 0.077799, -0.021999, 1.000000, 0.000000, 0.000000, -0.000000, 0.775655, 0.631158, 0.000000, -0.631158, 0.775654),

              ["RightUpperArm"] = CFrame.new(-0.000795, 0.103893, 0.057368, 0.971139, 0.183534, 0.152331, -0.209241, 0.962124, 0.174747, -0.114490, -0.201577, 0.972758),

              ["RightUpperLeg"] = CFrame.new(-0.000000, -0.000000, -0.000000, 0.780161, -0.436499, -0.448134, 0.062507, 0.767144, -0.638407, 0.622448, 0.470062, 0.625789),

              ["UpperTorso"] = CFrame.new(0.107052, 0.039597, -0.043943, 0.996325, -0.085357, -0.007088, 0.083735, 0.988100, -0.129026, 0.018017, 0.127959, 0.991616)

          }},

          {Time = 0.333, Data = {

              ["Head"] = CFrame.new(-0.000000, 0.000000, -0.000000, 0.999742, 0.012528, 0.018934, -0.003666, 0.912112, -0.409925, -0.022405, 0.409750, 0.911923),

              ["LeftFoot"] = CFrame.new(0.000000, 0.012602, -0.000003, 0.998986, 0.034442, 0.029001, -0.024926, 0.959441, -0.280824, -0.037494, 0.279797, 0.959321),

              ["LeftHand"] = CFrame.new(0.000486, 0.020627, 0.000000, 0.790299, -0.529116, 0.308976, 0.600452, 0.568386, -0.562492, 0.122005, 0.630058, 0.766901),

              ["LeftLowerArm"] = CFrame.new(-0.000499, 0.101469, 0.044720, 1.000000, -0.000000, -0.000000, 0.000000, 0.539646, -0.841892, 0.000000, 0.841892, 0.539646),

              ["LeftLowerLeg"] = CFrame.new(-0.000000, 0.063243, -0.013830, 1.000000, -0.000000, -0.000000, 0.000000, 0.858383, 0.513005, -0.000000, -0.513009, 0.858386),

              ["LeftUpperArm"] = CFrame.new(0.058594, -0.292621, -0.411721, 0.484972, -0.453037, -0.748038, -0.832000, -0.502514, -0.235067, -0.269406, 0.736368, -0.620631),

              ["LeftUpperLeg"] = CFrame.new(-0.000000, 0.000000, -0.000100, 0.964726, -0.073785, 0.252705, 0.134562, 0.963255, -0.232433, -0.226269, 0.258257, 0.939210),

              ["LowerTorso"] = CFrame.new(-0.158649, -0.192347, -0.003255, 0.991768, 0.101921, -0.077515, -0.101820, 0.994789, 0.005264, 0.077648, 0.002671, 0.996977),

              ["RightFoot"] = CFrame.new(0.000000, 0.017989, -0.000103, 0.989400, 0.111087, 0.093538, -0.090803, 0.975883, -0.198527, -0.113329, 0.187913, 0.975622),

              ["RightHand"] = CFrame.new(-0.000500, 0.000381, -0.000000, 0.998086, 0.053805, -0.030501, -0.058196, 0.983965, -0.168604, 0.020940, 0.170055, 0.985212),

              ["RightLowerArm"] = CFrame.new(-0.000000, 0.001768, 0.000007, 1.000000, 0.000000, 0.000000, -0.000000, 0.999903, -0.013913, -0.000000, 0.013912, 0.999903),

              ["RightLowerLeg"] = CFrame.new(0.000000, 0.082783, -0.024968, 1.000000, 0.000000, 0.000000, -0.000000, 0.744911, 0.667166, 0.000000, -0.667163, 0.744909),

              ["RightUpperArm"] = CFrame.new(-0.005321, 0.097784, 0.058402, 0.973386, 0.170819, 0.152774, -0.197347, 0.963694, 0.179858, -0.116504, -0.205220, 0.971757),

              ["RightUpperLeg"] = CFrame.new(0.000000, 0.000000, -0.000000, 0.753475, -0.482543, -0.446582, 0.189534, 0.809803, -0.555227, 0.629565, 0.333723, 0.701632),

              ["UpperTorso"] = CFrame.new(0.114065, 0.041333, -0.006986, 0.994798, -0.101856, -0.001239, 0.101848, 0.994788, -0.004959, 0.001737, 0.004807, 0.999987)

          }},

          {Time = 0.367, Data = {

              ["Head"] = CFrame.new(-0.000000, 0.000000, -0.000000, 0.999524, 0.010132, 0.029149, 0.002784, 0.911108, -0.412158, -0.030734, 0.412043, 0.910646),

              ["LeftFoot"] = CFrame.new(-0.000000, 0.012423, -0.000003, 0.999705, 0.018572, 0.015638, -0.012402, 0.944372, -0.328666, -0.020870, 0.328354, 0.944317),

              ["LeftHand"] = CFrame.new(0.000486, 0.020640, 0.000000, 0.799285, -0.518954, 0.303038, 0.588950, 0.576160, -0.566728, 0.119507, 0.631448, 0.766151),

              ["LeftLowerArm"] = CFrame.new(-0.000500, 0.101512, 0.044773, 1.000000, -0.000000, -0.000000, 0.000000, 0.539095, -0.842245, 0.000000, 0.842245, 0.539095),

              ["LeftLowerLeg"] = CFrame.new(-0.000000, 0.062267, -0.013350, 1.000000, -0.000000, -0.000000, 0.000000, 0.863271, 0.504736, -0.000000, -0.504740, 0.863274),

              ["LeftUpperArm"] = CFrame.new(0.056929, -0.292245, -0.415807, 0.481641, -0.450332, -0.751813, -0.831247, -0.506474, -0.229155, -0.277578, 0.735313, -0.618276),

              ["LeftUpperLeg"] = CFrame.new(0.000000, 0.000000, -0.000100, 0.962428, -0.070725, 0.262163, 0.088611, 0.994432, -0.057013, -0.256671, 0.078120, 0.963338),

              ["LowerTorso"] = CFrame.new(-0.148800, -0.193742, -0.092116, 0.991345, 0.091610, -0.094041, -0.102156, 0.988186, -0.114249, 0.082464, 0.122867, 0.988991),

              ["RightFoot"] = CFrame.new(-0.000000, 0.018199, -0.000103, 0.982479, 0.142570, 0.120048, -0.109471, 0.962707, -0.247425, -0.150837, 0.229931, 0.961441),

              ["RightHand"] = CFrame.new(-0.000499, 0.001015, -0.000000, 0.998006, 0.054898, -0.031144, -0.059025, 0.986550, -0.152433, 0.022357, 0.153966, 0.987823),

              ["RightLowerArm"] = CFrame.new(-0.000000, 0.004839, 0.000065, 1.000000, 0.000000, 0.000000, -0.000000, 0.999263, -0.038396, -0.000000, 0.038395, 0.999263),

              ["RightLowerLeg"] = CFrame.new(-0.000000, 0.083411, -0.025363, 1.000000, 0.000000, 0.000000, -0.000000, 0.740817, 0.671709, 0.000000, -0.671707, 0.740815),

              ["RightUpperArm"] = CFrame.new(-0.010197, 0.090857, 0.059680, 0.975725, 0.155731, 0.153977, -0.183848, 0.964513, 0.189512, -0.119001, -0.213219, 0.969730),

              ["RightUpperLeg"] = CFrame.new(0.000000, -0.000000, -0.000000, 0.732939, -0.492822, -0.468972, 0.295232, 0.851479, -0.433367, 0.612893, 0.179193, 0.769583),

              ["UpperTorso"] = CFrame.new(0.111157, 0.049910, 0.027769, 0.994757, -0.102199, 0.003672, 0.101090, 0.988122, 0.115737, -0.015456, -0.114759, 0.993273)

          }},

          {Time = 0.400, Data = {

              ["Head"] = CFrame.new(0.000000, -0.000000, 0.000000, 0.999172, 0.007623, 0.039971, 0.009637, 0.910022, -0.414447, -0.039534, 0.414489, 0.909195),

              ["LeftFoot"] = CFrame.new(-0.000000, 0.012092, -0.000003, 0.999950, -0.007629, -0.006424, 0.004769, 0.931427, -0.363920, 0.008760, 0.363848, 0.931408),

              ["LeftHand"] = CFrame.new(0.000486, 0.020710, -0.000000, 0.810016, -0.506396, 0.295701, 0.574912, 0.586422, -0.570605, 0.115546, 0.632197, 0.766141),

              ["LeftLowerArm"] = CFrame.new(-0.000500, 0.101752, 0.045062, 1.000000, -0.000000, -0.000000, 0.000000, 0.536095, -0.844157, 0.000000, 0.844158, 0.536095),

              ["LeftLowerLeg"] = CFrame.new(0.000000, 0.060459, -0.012488, 1.000000, -0.000000, -0.000000, 0.000000, 0.872053, 0.489406, -0.000000, -0.489412, 0.872056),

              ["LeftUpperArm"] = CFrame.new(0.054225, -0.292197, -0.420536, 0.476233, -0.446696, -0.757407, -0.831151, -0.509847, -0.221909, -0.287036, 0.735200, -0.614078),

              ["LeftUpperLeg"] = CFrame.new(0.000000, -0.000000, -0.000100, 0.959829, -0.042633, 0.277328, 0.015504, 0.994938, 0.099307, -0.280158, -0.091000, 0.955629),

              ["LowerTorso"] = CFrame.new(-0.123701, -0.188460, -0.170032, 0.992377, 0.066295, -0.103887, -0.087968, 0.971438, -0.220386, 0.086309, 0.227845, 0.969865),

              ["RightFoot"] = CFrame.new(0.000000, 0.017250, -0.000103, 0.976987, 0.163165, 0.137389, -0.119218, 0.951801, -0.282618, -0.176870, 0.259716, 0.949343),

              ["RightHand"] = CFrame.new(-0.000499, 0.001310, -0.000000, 0.997906, 0.056245, -0.031933, -0.060223, 0.988092, -0.141592, 0.023589, 0.143218, 0.989410),

              ["RightLowerArm"] = CFrame.new(-0.000000, 0.006330, 0.000116, 1.000000, 0.000000, 0.000000, -0.000000, 0.998728, -0.050419, -0.000000, 0.050418, 0.998728),

              ["RightLowerLeg"] = CFrame.new(0.000000, 0.080580, -0.023621, 1.000000, 0.000000, -0.000000, -0.000000, 0.758863, 0.651252, -0.000000, -0.651250, 0.758862),

              ["RightUpperArm"] = CFrame.new(-0.015365, 0.083245, 0.061122, 0.978058, 0.140330, 0.153983, -0.169006, 0.966620, 0.192568, -0.121820, -0.214366, 0.969127),

              ["RightUpperLeg"] = CFrame.new(0.000000, -0.000000, -0.000000, 0.722591, -0.469066, -0.507788, 0.370364, 0.882926, -0.288552, 0.583690, 0.020457, 0.811720),

              ["UpperTorso"] = CFrame.new(0.099729, 0.063047, 0.057426, 0.996091, -0.088017, 0.007500, 0.084152, 0.971309, 0.222436, -0.026863, -0.220935, 0.974919)

          }},

          {Time = 0.433, Data = {

              ["Head"] = CFrame.new(0.000000, 0.000000, 0.000000, 0.998669, 0.005020, 0.051334, 0.016855, 0.908857, -0.416767, -0.048747, 0.417078, 0.907563),

              ["LeftFoot"] = CFrame.new(0.000000, 0.011757, -0.000003, 0.998560, -0.041033, -0.034550, 0.024456, 0.921509, -0.387609, 0.047740, 0.386183, 0.921176),

              ["LeftHand"] = CFrame.new(0.000486, 0.020829, 0.000000, 0.822134, -0.491619, 0.287068, 0.558500, 0.598770, -0.574069, 0.110335, 0.632285, 0.766836),

              ["LeftLowerArm"] = CFrame.new(-0.000500, 0.102154, 0.045549, 1.000000, -0.000000, -0.000000, 0.000000, 0.531012, -0.847364, 0.000000, 0.847364, 0.531013),

              ["LeftLowerLeg"] = CFrame.new(-0.000000, 0.058613, -0.011644, 1.000000, -0.000000, 0.000000, 0.000000, 0.880652, 0.473758, -0.000000, -0.473765, 0.880655),

              ["LeftUpperArm"] = CFrame.new(0.050618, -0.292384, -0.425833, 0.469021, -0.442236, -0.764492, -0.831526, -0.512819, -0.213497, -0.297630, 0.735829, -0.608253),

              ["LeftUpperLeg"] = CFrame.new(0.000000, 0.000000, -0.000100, 0.954042, 0.006045, 0.299610, -0.074117, 0.973495, 0.216383, -0.290361, -0.228628, 0.929200),

              ["LowerTorso"] = CFrame.new(-0.087949, -0.178668, -0.231314, 0.994084, 0.031528, -0.103942, -0.062041, 0.950297, -0.305102, 0.089156, 0.309745, 0.946630),

              ["RightFoot"] = CFrame.new(-0.000000, 0.015455, -0.000103, 0.974457, 0.171794, 0.144654, -0.121831, 0.945452, -0.302141, -0.188658, 0.276779, 0.942224),

              ["RightHand"] = CFrame.new(-0.000499, 0.001327, 0.000000, 0.997794, 0.057726, -0.032798, -0.061666, 0.988839, -0.135629, 0.024602, 0.137351, 0.990217),

              ["RightLowerArm"] = CFrame.new(-0.000000, 0.006415, 0.000120, 1.000000, 0.000000, 0.000000, -0.000000, 0.998693, -0.051109, -0.000000, 0.051108, 0.998693),

              ["RightLowerLeg"] = CFrame.new(0.000000, 0.074962, -0.020384, 1.000000, 0.000000, 0.000000, -0.000000, 0.792318, 0.610108, 0.000000, -0.610108, 0.792318),

              ["RightUpperArm"] = CFrame.new(-0.020777, 0.075015, 0.062692, 0.980310, 0.124663, 0.153141, -0.152954, 0.969875, 0.189600, -0.124891, -0.209289, 0.969845),

              ["RightUpperLeg"] = CFrame.new(0.000000, 0.000000, -0.000000, 0.723520, -0.415186, -0.551496, 0.410830, 0.901003, -0.139314, 0.554741, -0.125757, 0.822462),

              ["UpperTorso"] = CFrame.new(0.081716, 0.077409, 0.080189, 0.998017, -0.062095, 0.010278, 0.055954, 0.950108, 0.306862, -0.028820, -0.305679, 0.951699)

          }},

          {Time = 0.467, Data = {

              ["Head"] = CFrame.new(0.000000, -0.000000, 0.000000, 0.998000, 0.002343, 0.063171, 0.024397, 0.907616, -0.419093, -0.058316, 0.419796, 0.905743),

              ["LeftFoot"] = CFrame.new(-0.000000, 0.011631, -0.000003, 0.994861, -0.077451, -0.065215, 0.044771, 0.914216, -0.402770, 0.090810, 0.397757, 0.912975),

              ["LeftHand"] = CFrame.new(0.000486, 0.020987, 0.000000, 0.835277, -0.474812, 0.277249, 0.539884, 0.612793, -0.577073, 0.104104, 0.631695, 0.768192),

              ["LeftLowerArm"] = CFrame.new(-0.000499, 0.102686, 0.046203, 1.000000, -0.000000, 0.000000, -0.000000, 0.524216, -0.851585, 0.000000, 0.851585, 0.524217),

              ["LeftLowerLeg"] = CFrame.new(-0.000000, 0.057919, -0.011335, 1.000000, -0.000000, -0.000000, 0.000000, 0.883791, 0.467876, -0.000000, -0.467883, 0.883794),

              ["LeftUpperArm"] = CFrame.new(0.046247, -0.292714, -0.431622, 0.460278, -0.437058, -0.772739, -0.832187, -0.515574, -0.204082, -0.309208, 0.736997, -0.601021),

              ["LeftUpperLeg"] = CFrame.new(-0.000000, -0.000000, -0.000100, 0.942811, 0.071089, 0.325659, -0.167332, 0.945907, 0.277974, -0.288283, -0.316554, 0.903702),

              ["LowerTorso"] = CFrame.new(-0.045936, -0.167163, -0.270845, 0.995484, -0.007653, -0.094626, -0.027169, 0.932086, -0.361218, 0.090964, 0.362157, 0.927668),

              ["RightFoot"] = CFrame.new(0.000000, 0.013658, -0.000103, 0.975618, 0.167891, 0.141367, -0.118472, 0.945042, -0.304749, -0.184751, 0.280551, 0.941883),

              ["RightHand"] = CFrame.new(-0.000499, 0.001107, -0.000000, 0.997677, 0.059226, -0.033673, -0.063226, 0.988988, -0.133813, 0.025376, 0.135630, 0.990434),

              ["RightLowerArm"] = CFrame.new(-0.000000, 0.005304, 0.000080, 1.000000, 0.000000, 0.000000, -0.000000, 0.999112, -0.042130, -0.000000, 0.042129, 0.999112),

              ["RightLowerLeg"] = CFrame.new(-0.000000, 0.067634, -0.016326, 1.000000, 0.000000, -0.000000, -0.000000, 0.833942, 0.551849, 0.000000, -0.551852, 0.833944),

              ["RightUpperArm"] = CFrame.new(-0.026389, 0.066231, 0.064356, 0.982411, 0.108717, 0.151821, -0.135823, 0.973978, 0.181437, -0.128145, -0.198866, 0.971613),

              ["RightUpperLeg"] = CFrame.new(0.000000, -0.000000, -0.000000, 0.734774, -0.336702, -0.588851, 0.414421, 0.910080, -0.003243, 0.536994, -0.241634, 0.808235),

              ["UpperTorso"] = CFrame.new(0.058938, 0.088866, 0.095056, 0.999557, -0.027228, 0.012037, 0.021022, 0.931853, 0.362227, -0.021080, -0.361813, 0.932012)

          }},

          {Time = 0.500, Data = {

              ["Head"] = CFrame.new(0.000000, -0.000000, -0.000000, 0.997152, -0.000389, 0.075413, 0.032223, 0.906302, -0.421400, -0.068183, 0.422631, 0.903734),

              ["LeftFoot"] = CFrame.new(0.000000, 0.011921, -0.000003, 0.989183, -0.112212, -0.094484, 0.063721, 0.908846, -0.412260, 0.132124, 0.401756, 0.906154),

              ["LeftHand"] = CFrame.new(0.000486, 0.021129, -0.000000, 0.849093, -0.456174, 0.266361, 0.519253, 0.628129, -0.579512, 0.097049, 0.630365, 0.770206),

              ["LeftLowerArm"] = CFrame.new(-0.000500, 0.103282, 0.047001, 1.000000, -0.000000, -0.000000, 0.000000, 0.515934, -0.856629, 0.000000, 0.856629, 0.515934),

              ["LeftLowerLeg"] = CFrame.new(-0.000000, 0.059522, -0.012055, 1.000000, -0.000000, 0.000000, 0.000000, 0.876463, 0.481463, -0.000000, -0.481469, 0.876467),

              ["LeftUpperArm"] = CFrame.new(0.041250, -0.293097, -0.437825, 0.450283, -0.431203, -0.781862, -0.832952, -0.518269, -0.193877, -0.321615, 0.738553, -0.592539),

