return {
  ["KeyframeSequence"] = {
    {Time = 0.000, Data = {
      ["Head"] = CFrame.new(-0.000977, 0.067360, -0.024537, 0.999864, 0.006038, -0.015367, -0.005978, 0.999974, 0.003996, 0.015391, -0.003903, 0.999874),
      ["LeftFoot"] = CFrame.new(0.000000, -0.017975, -0.000004, 0.996232, -0.066344, -0.055859, 0.078080, 0.966451, 0.244709, 0.037758, -0.248136, 0.967986),
      ["LeftHand"] = CFrame.new(0.000502, 0.000158, 0.000003, 0.998554, 0.049751, -0.020374, -0.049329, 0.998568, 0.020722, 0.021375, -0.019686, 0.999578),
      ["LeftLowerArm"] = CFrame.new(-30.331278, -1443.933960, 61.221668, 1.000000, -0.000000, -0.000000, 0.000000, 0.998393, 0.056667, 0.000000, -0.056668, 0.998393),
      ["LeftLowerLeg"] = CFrame.new(-0.000000, -0.017514, -0.000131, 1.000000, 0.000000, 0.000000, -0.000000, 1.000000, -0.000008, -0.000000, -0.000011, 1.000000),
      ["LeftUpperArm"] = CFrame.new(1.004837, -1.715705, -0.539580, 0.999370, -0.006749, -0.034837, -0.035384, -0.115791, -0.992643, 0.002666, 0.993251, -0.115957),
      ["LeftUpperLeg"] = CFrame.new(-0.000723, -0.097399, -0.061041, 0.994477, 0.070752, 0.077510, -0.068443, 0.997141, -0.032007, -0.079564, 0.026547, 0.996478),
      ["LowerTorso"] = CFrame.new(0.414860, -1.543920, 0.005171, 0.998325, 0.014473, -0.056019, -0.057000, 0.079858, -0.995175, -0.009929, 0.996701, 0.080550),
      ["RightFoot"] = CFrame.new(0.000000, -0.065497, -0.000103, 0.996655, 0.062528, 0.052650, -0.072836, 0.971647, 0.224966, -0.037056, -0.228017, 0.972943),
      ["RightHand"] = CFrame.new(-0.000500, 0.000000, -0.000000, 0.999992, -0.003397, 0.002252, 0.003462, 0.999559, -0.029487, -0.002151, 0.029495, 0.999563),
      ["RightLowerArm"] = CFrame.new(-0.011635, 0.007774, 0.009331, 1.000000, 0.000000, 0.000000, -0.000000, 0.868687, -0.495361, -0.000000, 0.495361, 0.868687),
      ["RightLowerLeg"] = CFrame.new(-0.000000, -0.064949, -0.000823, 1.000000, -0.000000, 0.000000, 0.000000, 1.000000, -0.000016, 0.000000, -0.000020, 1.000000),
      ["RightUpperArm"] = CFrame.new(0.484580, -0.109393, 0.427579, -0.137323, 0.255299, 0.957061, 0.414689, 0.892281, -0.178517, -0.899542, 0.372367, -0.228400),
      ["RightUpperLeg"] = CFrame.new(-0.016717, -0.066244, -0.093048, 0.996965, -0.074291, 0.023246, 0.074060, 0.997200, 0.010346, -0.023983, -0.008572, 0.999676),
      ["UpperTorso"] = CFrame.new(-0.027656, -0.045865, -0.032048, 0.999125, 0.003445, 0.041683, -0.003220, 0.999980, -0.005455, -0.041701, 0.005316, 0.999116)
    }},
    {Time = 0.017, Data = {
      ["Head"] = CFrame.new(-0.000977, 0.067360, -0.024537, 0.999864, 0.006038, -0.015367, -0.005978, 0.999974, 0.003996, 0.015391, -0.003903, 0.999874),
      ["LeftFoot"] = CFrame.new(0.000000, -0.017975, -0.000004, 0.996232, -0.066344, -0.055859, 0.078080, 0.966451, 0.244709, 0.037758, -0.248136, 0.967986),
      ["LeftHand"] = CFrame.new(0.000502, 0.000158, 0.000003, 0.998554, 0.049751, -0.020374, -0.049329, 0.998568, 0.020722, 0.021375, -0.019686, 0.999578),
      ["LeftLowerArm"] = CFrame.new(-30.331278, -1443.933960, 61.221668, 1.000000, -0.000000, -0.000000, 0.000000, 0.998393, 0.056667, 0.000000, -0.056668, 0.998393),
      ["LeftLowerLeg"] = CFrame.new(-0.000000, -0.017514, -0.000131, 1.000000, 0.000000, 0.000000, -0.000000, 1.000000, -0.000008, -0.000000, -0.000011, 1.000000),
      ["LeftUpperArm"] = CFrame.new(1.004837, -1.715705, -0.539580, 0.999370, -0.006749, -0.034837, -0.035384, -0.115791, -0.992643, 0.002666, 0.993251, -0.115957),
      ["LeftUpperLeg"] = CFrame.new(-0.000723, -0.097399, -0.061041, 0.994477, 0.070752, 0.077510, -0.068443, 0.997141, -0.032007, -0.079564, 0.026547, 0.996478),
      ["LowerTorso"] = CFrame.new(0.414860, -1.543920, 0.005171, 0.998325, 0.014473, -0.056019, -0.057000, 0.079858, -0.995175, -0.009929, 0.996701, 0.080550),
      ["RightFoot"] = CFrame.new(0.000000, -0.065497, -0.000103, 0.996655, 0.062528, 0.052650, -0.072836, 0.971647, 0.224966, -0.037056, -0.228017, 0.972943),
      ["RightHand"] = CFrame.new(-0.000500, 0.000000, 0.000000, 0.999992, -0.003397, 0.002252, 0.003462, 0.999559, -0.029487, -0.002151, 0.029495, 0.999563),
      ["RightLowerArm"] = CFrame.new(-0.011635, 0.007773, 0.009331, 1.000000, 0.000000, 0.000000, -0.000000, 0.868687, -0.495362, -0.000000, 0.495361, 0.868687),
      ["RightLowerLeg"] = CFrame.new(-0.000000, -0.064949, -0.000823, 1.000000, -0.000000, 0.000000, 0.000000, 1.000000, -0.000016, 0.000000, -0.000020, 1.000000),
      ["RightUpperArm"] = CFrame.new(0.484582, -0.110740, 0.426956, -0.137327, 0.255338, 0.957050, 0.417383, 0.891154, -0.177866, -0.898294, 0.375030, -0.228953),
      ["RightUpperLeg"] = CFrame.new(-0.016717, -0.066244, -0.093048, 0.996965, -0.074291, 0.023246, 0.074060, 0.997200, 0.010346, -0.023983, -0.008572, 0.999676),
      ["UpperTorso"] = CFrame.new(-0.027656, -0.045865, -0.032048, 0.999125, 0.003445, 0.041683, -0.003220, 0.999980, -0.005455, -0.041701, 0.005316, 0.999116)
    }},
    {Time = 0.033, Data = {
      ["Head"] = CFrame.new(-0.000977, 0.067360, -0.024537, 0.999864, 0.006038, -0.015367, -0.005978, 0.999974, 0.003996, 0.015391, -0.003903, 0.999874),
      ["LeftFoot"] = CFrame.new(0.000000, -0.017975, -0.000004, 0.996232, -0.066344, -0.055859, 0.078080, 0.966451, 0.244709, 0.037758, -0.248136, 0.967986),
      ["LeftHand"] = CFrame.new(0.000502, 0.000158, 0.000003, 0.998554, 0.049751, -0.020374, -0.049329, 0.998568, 0.020722, 0.021375, -0.019686, 0.999578),
      ["LeftLowerArm"] = CFrame.new(-30.331278, -1443.933960, 61.221668, 1.000000, -0.000000, -0.000000, 0.000000, 0.998393, 0.056667, 0.000000, -0.056668, 0.998393),
      ["LeftLowerLeg"] = CFrame.new(-0.000000, -0.017514, -0.000131, 1.000000, 0.000000, 0.000000, -0.000000, 1.000000, -0.000008, -0.000000, -0.000011, 1.000000),
      ["LeftUpperArm"] = CFrame.new(1.004837, -1.715705, -0.539580, 0.999370, -0.006749, -0.034837, -0.035384, -0.115791, -0.992643, 0.002666, 0.993251, -0.115957),
      ["LeftUpperLeg"] = CFrame.new(-0.000723, -0.097399, -0.061041, 0.994477, 0.070752, 0.077510, -0.068443, 0.997141, -0.032007, -0.079564, 0.026547, 0.996478),
      ["LowerTorso"] = CFrame.new(0.414860, -1.543920, 0.005171, 0.998325, 0.014473, -0.056019, -0.057000, 0.079858, -0.995175, -0.009929, 0.996701, 0.080550),
      ["RightFoot"] = CFrame.new(0.000000, -0.065497, -0.000103, 0.996655, 0.062528, 0.052650, -0.072836, 0.971647, 0.224966, -0.037056, -0.228017, 0.972943),
      ["RightHand"] = CFrame.new(-0.000500, 0.000000, -0.000000, 0.999992, -0.003397, 0.002252, 0.003462, 0.999559, -0.029487, -0.002151, 0.029495, 0.999563),
      ["RightLowerArm"] = CFrame.new(-0.011635, 0.007774, 0.009331, 1.000000, 0.000000, 0.000000, -0.000000, 0.868687, -0.495361, -0.000000, 0.495361, 0.868687),
      ["RightLowerLeg"] = CFrame.new(-0.000000, -0.064949, -0.000823, 1.000000, -0.000000, 0.000000, 0.000000, 1.000000, -0.000016, 0.000000, -0.000020, 1.000000),
      ["RightUpperArm"] = CFrame.new(0.484589, -0.114623, 0.425130, -0.137342, 0.255453, 0.957017, 0.425147, 0.887852, -0.175978, -0.894643, 0.382704, -0.230545),
      ["RightUpperLeg"] = CFrame.new(-0.016717, -0.066244, -0.093048, 0.996965, -0.074291, 0.023246, 0.074060, 0.997200, 0.010346, -0.023983, -0.008572, 0.999676),
      ["UpperTorso"] = CFrame.new(-0.027656, -0.045865, -0.032048, 0.999125, 0.003445, 0.041683, -0.003220, 0.999980, -0.005455, -0.041701, 0.005316, 0.999116)
    }},
    {Time = 0.050, Data = {
      ["Head"] = CFrame.new(-0.000977, 0.067360, -0.024537, 0.999864, 0.006038, -0.015367, -0.005978, 0.999974, 0.003996, 0.015391, -0.003903, 0.999874),
      ["LeftFoot"] = CFrame.new(0.000000, -0.017975, -0.000004, 0.996232, -0.066344, -0.055859, 0.078080, 0.966451, 0.244709, 0.037758, -0.248136, 0.967986),
      ["LeftHand"] = CFrame.new(0.000502, 0.000158, 0.000003, 0.998554, 0.049751, -0.020374, -0.049329, 0.998568, 0.020722, 0.021375, -0.019686, 0.999578),
      ["LeftLowerArm"] = CFrame.new(-30.331278, -1443.933960, 61.221668, 1.000000, -0.000000, -0.000000, 0.000000, 0.998393, 0.056667, 0.000000, -0.056668, 0.998393),
      ["LeftLowerLeg"] = CFrame.new(-0.000000, -0.017514, -0.000131, 1.000000, 0.000000, 0.000000, -0.000000, 1.000000, -0.000008, -0.000000, -0.000011, 1.000000),
      ["LeftUpperArm"] = CFrame.new(1.004837, -1.715705, -0.539580, 0.999370, -0.006749, -0.034837, -0.035384, -0.115791, -0.992643, 0.002666, 0.993251, -0.115957),
      ["LeftUpperLeg"] = CFrame.new(-0.000723, -0.097399, -0.061041, 0.994477, 0.070752, 0.077510, -0.068443, 0.997141, -0.032007, -0.079564, 0.026547, 0.996478),
      ["LowerTorso"] = CFrame.new(0.414860, -1.543920, 0.005171, 0.998325, 0.014473, -0.056019, -0.057000, 0.079858, -0.995175, -0.009929, 0.996701, 0.080550),
      ["RightFoot"] = CFrame.new(0.000000, -0.065497, -0.000103, 0.996655, 0.062528, 0.052650, -0.072836, 0.971647, 0.224966, -0.037056, -0.228017, 0.972943),
      ["RightHand"] = CFrame.new(-0.000500, 0.000000, -0.000000, 0.999992, -0.003397, 0.002252, 0.003462, 0.999559, -0.029487, -0.002151, 0.029495, 0.999563),
      ["RightLowerArm"] = CFrame.new(-0.011635, 0.007774, 0.009331, 1.000000, 0.000000, 0.000000, -0.000000, 0.868687, -0.495361, -0.000000, 0.495361, 0.868687),
      ["RightLowerLeg"] = CFrame.new(-0.000000, -0.064949, -0.000823, 1.000000, -0.000000, 0.000000, 0.000000, 1.000000, -0.000016, 0.000000, -0.000020, 1.000000),
      ["RightUpperArm"] = CFrame.new(0.484604, -0.120789, 0.422145, -0.137373, 0.255645, 0.956961, 0.437480, 0.882442, -0.172937, -0.888673, 0.394894, -0.233063),
      ["RightUpperLeg"] = CFrame.new(-0.016717, -0.066244, -0.093048, 0.996965, -0.074291, 0.023246, 0.074060, 0.997200, 0.010346, -0.023983, -0.008572, 0.999676),
      ["UpperTorso"] = CFrame.new(-0.027656, -0.045865, -0.032048, 0.999125, 0.003445, 0.041683, -0.003220, 0.999980, -0.005455, -0.041701, 0.005316, 0.999116)
    }},
    {Time = 0.067, Data = {
      ["Head"] = CFrame.new(-0.000977, 0.067360, -0.024537, 0.999864, 0.006038, -0.015367, -0.005978, 0.999974, 0.003996, 0.015391, -0.003903, 0.999874),
      ["LeftFoot"] = CFrame.new(0.000000, -0.017975, -0.000004, 0.996232, -0.066344, -0.055859, 0.078080, 0.966451, 0.244709, 0.037758, -0.248136, 0.967986),
      ["LeftHand"] = CFrame.new(0.000502, 0.000158, 0.000003, 0.998554, 0.049751, -0.020374, -0.049329, 0.998568, 0.020722, 0.021375, -0.019686, 0.999578),
      ["LeftLowerArm"] = CFrame.new(-30.331278, -1443.933960, 61.221668, 1.000000, -0.000000, -0.000000, 0.000000, 0.998393, 0.056667, 0.000000, -0.056668, 0.998393),
      ["LeftLowerLeg"] = CFrame.new(-0.000000, -0.017514, -0.000131, 1.000000, 0.000000, 0.000000, -0.000000, 1.000000, -0.000008, -0.000000, -0.000011, 1.000000),
      ["LeftUpperArm"] = CFrame.new(1.004837, -1.715705, -0.539580, 0.999370, -0.006749, -0.034837, -0.035384, -0.115791, -0.992643, 0.002666, 0.993251, -0.115957),
      ["LeftUpperLeg"] = CFrame.new(-0.000723, -0.097399, -0.061041, 0.994477, 0.070752, 0.077510, -0.068443, 0.997141, -0.032007, -0.079564, 0.026547, 0.996478),
      ["LowerTorso"] = CFrame.new(0.414860, -1.543920, 0.005171, 0.998325, 0.014473, -0.056019, -0.057000, 0.079858, -0.995175, -0.009929, 0.996701, 0.080550),
      ["RightFoot"] = CFrame.new(0.000000, -0.065497, -0.000103, 0.996655, 0.062528, 0.052650, -0.072836, 0.971647, 0.224966, -0.037056, -0.228017, 0.972943),
      ["RightHand"] = CFrame.new(-0.000500, 0.000000, -0.000000, 0.999992, -0.003397, 0.002252, 0.003462, 0.999559, -0.029487, -0.002151, 0.029495, 0.999563),
      ["RightLowerArm"] = CFrame.new(-0.011635, 0.007773, 0.009331, 1.000000, 0.000000, 0.000000, -0.000000, 0.868687, -0.495361, -0.000000, 0.495361, 0.868687),
      ["RightLowerLeg"] = CFrame.new(-0.000000, -0.064949, -0.000823, 1.000000, -0.000000, 0.000000, 0.000000, 1.000000, -0.000016, 0.000000, -0.000020, 1.000000),
      ["RightUpperArm"] = CFrame.new(0.484628, -0.128976, 0.418016, -0.137421, 0.255912, 0.956883, 0.453854, 0.874939, -0.168817, -0.880416, 0.411086, -0.236381),
      ["RightUpperLeg"] = CFrame.new(-0.016717, -0.066244, -0.093048, 0.996965, -0.074291, 0.023246, 0.074060, 0.997200, 0.010346, -0.023983, -0.008572, 0.999676),
      ["UpperTorso"] = CFrame.new(-0.027656, -0.045865, -0.032048, 0.999125, 0.003445, 0.041683, -0.003220, 0.999980, -0.005455, -0.041701, 0.005316, 0.999116)
    }},
    {Time = 0.083, Data = {
      ["Head"] = CFrame.new(-0.000977, 0.067360, -0.024537, 0.999864, 0.006038, -0.015367, -0.005978, 0.999974, 0.003996, 0.015391, -0.003903, 0.999874),
      ["LeftFoot"] = CFrame.new(0.000000, -0.017975, -0.000004, 0.996232, -0.066344, -0.055859, 0.078080, 0.966451, 0.244709, 0.037758, -0.248136, 0.967986),
      ["LeftHand"] = CFrame.new(0.000502, 0.000158, 0.000003, 0.998554, 0.049751, -0.020374, -0.049329, 0.998568, 0.020722, 0.021375, -0.019686, 0.999578),
      ["LeftLowerArm"] = CFrame.new(-30.331278, -1443.933960, 61.221668, 1.000000, -0.000000, -0.000000, 0.000000, 0.998393, 0.056667, 0.000000, -0.056668, 0.998393),
      ["LeftLowerLeg"] = CFrame.new(-0.000000, -0.017514, -0.000131, 1.000000, 0.000000, 0.000000, -0.000000, 1.000000, -0.000008, -0.000000, -0.000011, 1.000000),
      ["LeftUpperArm"] = CFrame.new(1.004837, -1.715705, -0.539580, 0.999370, -0.006749, -0.034837, -0.035384, -0.115791, -0.992643, 0.002666, 0.993251, -0.115957),
      ["LeftUpperLeg"] = CFrame.new(-0.000723, -0.097399, -0.061041, 0.994477, 0.070752, 0.077510, -0.068443, 0.997141, -0.032007, -0.079564, 0.026547, 0.996478),
      ["LowerTorso"] = CFrame.new(0.414860, -1.543920, 0.005171, 0.998325, 0.014473, -0.056019, -0.057000, 0.079858, -0.995175, -0.009929, 0.996701, 0.080550),
      ["RightFoot"] = CFrame.new(0.000000, -0.065497, -0.000103, 0.996655, 0.062528, 0.052650, -0.072836, 0.971647, 0.224966, -0.037056, -0.228017, 0.972943),
      ["RightHand"] = CFrame.new(-0.000500, 0.000000, -0.000000, 0.999992, -0.003397, 0.002252, 0.003462, 0.999559, -0.029487, -0.002151, 0.029495, 0.999563),
      ["RightLowerArm"] = CFrame.new(-0.011635, 0.007773, 0.009331, 1.000000, 0.000000, 0.000000, -0.000000, 0.868687, -0.495361, -0.000000, 0.495361, 0.868687),
      ["RightLowerLeg"] = CFrame.new(-0.000000, -0.064949, -0.000823, 1.000000, -0.000000, 0.000000, 0.000000, 1.000000, -0.000016, 0.000000, -0.000020, 1.000000),
      ["RightUpperArm"] = CFrame.new(0.484663, -0.138909, 0.412747, -0.137490, 0.256254, 0.956781, 0.473721, 0.865330, -0.163686, -0.869876, 0.430742, -0.240367),
      ["RightUpperLeg"] = CFrame.new(-0.016717, -0.066244, -0.093048, 0.996965, -0.074291, 0.023246, 0.074060, 0.997200, 0.010346, -0.023983, -0.008572, 0.999676),
      ["UpperTorso"] = CFrame.new(-0.027656, -0.045865, -0.032048, 0.999125, 0.003445, 0.041683, -0.003220, 0.999980, -0.005455, -0.041701, 0.005316, 0.999116)
    }},
    {Time = 0.100, Data = {
      ["Head"] = CFrame.new(-0.000977, 0.067360, -0.024537, 0.999864, 0.006038, -0.015367, -0.005978, 0.999974, 0.003996, 0.015391, -0.003903, 0.999874),
      ["LeftFoot"] = CFrame.new(0.000000, -0.017975, -0.000004, 0.996232, -0.066344, -0.055859, 0.078080, 0.966451, 0.244709, 0.037758, -0.248136, 0.967986),
      ["LeftHand"] = CFrame.new(0.000502, 0.000158, 0.000003, 0.998554, 0.049751, -0.020374, -0.049329, 0.998568, 0.020722, 0.021375, -0.019686, 0.999578),
      ["LeftLowerArm"] = CFrame.new(-30.331278, -1443.933960, 61.221668, 1.000000, -0.000000, -0.000000, 0.000000, 0.998393, 0.056667, 0.000000, -0.056668, 0.998393),
      ["LeftLowerLeg"] = CFrame.new(-0.000000, -0.017514, -0.000131, 1.000000, 0.000000, 0.000000, -0.000000, 1.000000, -0.000008, -0.000000, -0.000011, 1.000000),
      ["LeftUpperArm"] = CFrame.new(1.004837, -1.715705, -0.539580, 0.999370, -0.006749, -0.034837, -0.035384, -0.115791, -0.992643, 0.002666, 0.993251, -0.115957),
      ["LeftUpperLeg"] = CFrame.new(-0.000723, -0.097399, -0.061041, 0.994477, 0.070752, 0.077510, -0.068443, 0.997141, -0.032007, -0.079564, 0.026547, 0.996478),
      ["LowerTorso"] = CFrame.new(0.414860, -1.543920, 0.005171, 0.998325, 0.014473, -0.056019, -0.057000, 0.079858, -0.995175, -0.009929, 0.996701, 0.080550),
      ["RightFoot"] = CFrame.new(0.000000, -0.065497, -0.000103, 0.996655, 0.062528, 0.052650, -0.072836, 0.971647, 0.224966, -0.037056, -0.228017, 0.972943),
      ["RightHand"] = CFrame.new(-0.000500, 0.000000, -0.000000, 0.999992, -0.003397, 0.002252, 0.003462, 0.999559, -0.029487, -0.002151, 0.029495, 0.999563),
      ["RightLowerArm"] = CFrame.new(-0.011635, 0.007774, 0.009331, 1.000000, 0.000000, 0.000000, 0.000000, 0.868687, -0.495361, -0.000000, 0.495361, 0.868687),
      ["RightLowerLeg"] = CFrame.new(-0.000000, -0.064949, -0.000823, 1.000000, -0.000000, 0.000000, 0.000000, 1.000000, -0.000016, 0.000000, -0.000020, 1.000000),
      ["RightUpperArm"] = CFrame.new(0.484708, -0.150306, 0.406336, -0.137581, 0.256671, 0.956656, 0.496515, 0.853599, -0.157615, -0.857056, 0.453309, -0.244880),
      ["RightUpperLeg"] = CFrame.new(-0.016717, -0.066244, -0.093048, 0.996965, -0.074291, 0.023246, 0.074060, 0.997200, 0.010346, -0.023983, -0.008572, 0.999676),
      ["UpperTorso"] = CFrame.new(-0.027656, -0.045865, -0.032048, 0.999125, 0.003445, 0.041683, -0.003220, 0.999980, -0.005455, -0.041701, 0.005316, 0.999116)
    }},
    {Time = 0.117, Data = {
      ["Head"] = CFrame.new(-0.000977, 0.067360, -0.024537, 0.999864, 0.006038, -0.015367, -0.005978, 0.999974, 0.003996, 0.015391, -0.003903, 0.999874),
      ["LeftFoot"] = CFrame.new(0.000000, -0.017975, -0.000004, 0.996232, -0.066344, -0.055859, 0.078080, 0.966451, 0.244709, 0.037758, -0.248136, 0.967986),
      ["LeftHand"] = CFrame.new(0.000502, 0.000158, 0.000003, 0.998554, 0.049751, -0.020374, -0.049329, 0.998568, 0.020722, 0.021375, -0.019686, 0.999578),
      ["LeftLowerArm"] = CFrame.new(-30.331278, -1443.933960, 61.221668, 1.000000, -0.000000, -0.000000, 0.000000, 0.998393, 0.056667, 0.000000, -0.056668, 0.998393),
      ["LeftLowerLeg"] = CFrame.new(-0.000000, -0.017514, -0.000131, 1.000000, 0.000000, 0.000000, -0.000000, 1.000000, -0.000008, -0.000000, -0.000011, 1.000000),
      ["LeftUpperArm"] = CFrame.new(1.004837, -1.715705, -0.539580, 0.999370, -0.006749, -0.034837, -0.035384, -0.115791, -0.992643, 0.002666, 0.993251, -0.115957),
      ["LeftUpperLeg"] = CFrame.new(-0.000723, -0.097399, -0.061041, 0.994477, 0.070752, 0.077510, -0.068443, 0.997141, -0.032007, -0.079564, 0.026547, 0.996478),
      ["LowerTorso"] = CFrame.new(0.414860, -1.543920, 0.005171, 0.998325, 0.014473, -0.056019, -0.057000, 0.079858, -0.995175, -0.009929, 0.996701, 0.080550),
      ["RightFoot"] = CFrame.new(0.000000, -0.065497, -0.000103, 0.996655, 0.062528, 0.052650, -0.072836, 0.971647, 0.224966, -0.037056, -0.228017, 0.972943),
      ["RightHand"] = CFrame.new(-0.000500, 0.000000, -0.000000, 0.999992, -0.003397, 0.002252, 0.003462, 0.999559, -0.029487, -0.002151, 0.029495, 0.999563),
      ["RightLowerArm"] = CFrame.new(-0.011635, 0.007773, 0.009331, 1.000000, 0.000000, 0.000000, -0.000000, 0.868687, -0.495361, -0.000000, 0.495361, 0.868687),
      ["RightLowerLeg"] = CFrame.new(-0.000000, -0.064949, -0.000823, 1.000000, -0.000000, 0.000000, 0.000000, 1.000000, -0.000016, 0.000000, -0.000020, 1.000000),
      ["RightUpperArm"] = CFrame.new(0.484765, -0.162877, 0.398794, -0.137695, 0.257164, 0.956508, 0.521656, 0.839745, -0.150676, -0.841971, 0.478220, -0.249780),
      ["RightUpperLeg"] = CFrame.new(-0.016717, -0.066244, -0.093048, 0.996965, -0.074291, 0.023246, 0.074060, 0.997200, 0.010346, -0.023983, -0.008572, 0.999676),
      ["UpperTorso"] = CFrame.new(-0.027656, -0.045865, -0.032048, 0.999125, 0.003445, 0.041683, -0.003220, 0.999980, -0.005455, -0.041701, 0.005316, 0.999116)
    }},
    {Time = 0.133, Data = {
      ["Head"] = CFrame.new(-0.000977, 0.067360, -0.024537, 0.999864, 0.006038, -0.015367, -0.005978, 0.999974, 0.003996, 0.015391, -0.003903, 0.999874),
      ["LeftFoot"] = CFrame.new(0.000000, -0.017975, -0.000004, 0.996232, -0.066344, -0.055859, 0.078080, 0.966451, 0.244709, 0.037758, -0.248136, 0.967986),
      ["LeftHand"] = CFrame.new(0.000502, 0.000158, 0.000003, 0.998554, 0.049751, -0.020374, -0.049329, 0.998568, 0.020722, 0.021375, -0.019686, 0.999578),
      ["LeftLowerArm"] = CFrame.new(-30.331278, -1443.933960, 61.221668, 1.000000, -0.000000, -0.000000, 0.000000, 0.998393, 0.056667, 0.000000, -0.056668, 0.998393),
      ["LeftLowerLeg"] = CFrame.new(-0.000000, -0.017514, -0.000131, 1.000000, 0.000000, 0.000000, -0.000000, 1.000000, -0.000008, -0.000000, -0.000011, 1.000000),
      ["LeftUpperArm"] = CFrame.new(1.004837, -1.715705, -0.539580, 0.999370, -0.006749, -0.034837, -0.035384, -0.115791, -0.992643, 0.002666, 0.993251, -0.115957),
      ["LeftUpperLeg"] = CFrame.new(-0.000723, -0.097399, -0.061041, 0.994477, 0.070752, 0.077510, -0.068443, 0.997141, -0.032007, -0.079564, 0.026547, 0.996478),
      ["LowerTorso"] = CFrame.new(0.414860, -1.543920, 0.005171, 0.998325, 0.014473, -0.056019, -0.057000, 0.079858, -0.995175, -0.009929, 0.996701, 0.080550),
      ["RightFoot"] = CFrame.new(0.000000, -0.065497, -0.000103, 0.996655, 0.062528, 0.052650, -0.072836, 0.971647, 0.224966, -0.037056, -0.228017, 0.972943),
      ["RightHand"] = CFrame.new(-0.000500, 0.000000, -0.000000, 0.999992, -0.003397, 0.002252, 0.003462, 0.999559, -0.029487, -0.002151, 0.029495, 0.999563),
      ["RightLowerArm"] = CFrame.new(-0.011635, 0.007774, 0.009331, 1.000000, 0.000000, 0.000000, -0.000000, 0.868687, -0.495361, -0.000000, 0.495361, 0.868687),
      ["RightLowerLeg"] = CFrame.new(-0.000000, -0.064949, -0.000823, 1.000000, -0.000000, 0.000000, 0.000000, 1.000000, -0.000016, 0.000000, -0.000020, 1.000000),
      ["RightUpperArm"] = CFrame.new(0.484834, -0.176328, 0.390145, -0.137833, 0.257733, 0.956334, 0.548559, 0.823801, -0.142954, -0.824673, 0.504902, -0.254929),
      ["RightUpperLeg"] = CFrame.new(-0.016717, -0.066244, -0.093048, 0.996965, -0.074291, 0.023246, 0.074060, 0.997200, 0.010346, -0.023983, -0.008572, 0.999676),
      ["UpperTorso"] = CFrame.new(-0.027656, -0.045865, -0.032048, 0.999125, 0.003445, 0.041683, -0.003220, 0.999980, -0.005455, -0.041701, 0.005316, 0.999116)
    }},
    {Time = 0.150, Data = {
      ["Head"] = CFrame.new(-0.000977, 0.067360, -0.024537, 0.999864, 0.006038, -0.015367, -0.005978, 0.999974, 0.003996, 0.015391, -0.003903, 0.999874),
      ["LeftFoot"] = CFrame.new(0.000000, -0.017975, -0.000004, 0.996232, -0.066344, -0.055859, 0.078080, 0.966451, 0.244709, 0.037758, -0.248136, 0.967986),
      ["LeftHand"] = CFrame.new(0.000502, 0.000158, 0.000003, 0.998554, 0.049751, -0.020374, -0.049329, 0.998568, 0.020722, 0.021375, -0.019686, 0.999578),
      ["LeftLowerArm"] = CFrame.new(-30.331278, -1443.933960, 61.221668, 1.000000, -0.000000, -0.000000, 0.000000, 0.998393, 0.056667, 0.000000, -0.056668, 0.998393),
      ["LeftLowerLeg"] = CFrame.new(-0.000000, -0.017514, -0.000131, 1.000000, 0.000000, 0.000000, -0.000000, 1.000000, -0.000008, -0.000000, -0.000011, 1.000000),
      ["LeftUpperArm"] = CFrame.new(1.004837, -1.715705, -0.539580, 0.999370, -0.006749, -0.034837, -0.035384, -0.115791, -0.992643, 0.002666, 0.993251, -0.115957),
      ["LeftUpperLeg"] = CFrame.new(-0.000723, -0.097399, -0.061041, 0.994477, 0.070752, 0.077510, -0.068443, 0.997141, -0.032007, -0.079564, 0.026547, 0.996478),
      ["LowerTorso"] = CFrame.new(0.414860, -1.543920, 0.005171, 0.998325, 0.014473, -0.056019, -0.057000, 0.079858, -0.995175, -0.009929, 0.996701, 0.080550),
      ["RightFoot"] = CFrame.new(0.000000, -0.065497, -0.000103, 0.996655, 0.062528, 0.052650, -0.072836, 0.971647, 0.224966, -0.037056, -0.228017, 0.972943),
      ["RightHand"] = CFrame.new(-0.000500, 0.000000, 0.000000, 0.999992, -0.003397, 0.002252, 0.003462, 0.999559, -0.029487, -0.002151, 0.029495, 0.999563),
      ["RightLowerArm"] = CFrame.new(-0.011635, 0.007773, 0.009331, 1.000000, 0.000000, 0.000000, -0.000000, 0.868687, -0.495361, -0.000000, 0.495361, 0.868687),
      ["RightLowerLeg"] = CFrame.new(-0.000000, -0.064949, -0.000823, 1.000000, -0.000000, 0.000000, 0.000000, 1.000000, -0.000016, 0.000000, -0.000020, 1.000000),
      ["RightUpperArm"] = CFrame.new(0.484916, -0.190369, 0.380438, -0.137996, 0.258380, 0.956137, 0.576641, 0.805844, -0.134541, -0.805259, 0.532781, -0.260195),
      ["RightUpperLeg"] = CFrame.new(-0.016717, -0.066244, -0.093048, 0.996965, -0.074291, 0.023246, 0.074060, 0.997200, 0.010346, -0.023983, -0.008572, 0.999676),
      ["UpperTorso"] = CFrame.new(-0.027656, -0.045865, -0.032048, 0.999125, 0.003445, 0.041683, -0.003220, 0.999980, -0.005455, -0.041701, 0.005316, 0.999116)
    }},
    {Time = 0.167, Data = {
      ["Head"] = CFrame.new(-0.000977, 0.067360, -0.024537, 0.999864, 0.006038, -0.015367, -0.005978, 0.999974, 0.003996, 0.015391, -0.003903, 0.999874),
      ["LeftFoot"] = CFrame.new(0.000000, -0.017975, -0.000004, 0.996232, -0.066344, -0.055859, 0.078080, 0.966451, 0.244709, 0.037758, -0.248136, 0.967986),
      ["LeftHand"] = CFrame.new(0.000502, 0.000158, 0.000003, 0.998554, 0.049751, -0.020374, -0.049329, 0.998568, 0.020722, 0.021375, -0.019686, 0.999578),
      ["LeftLowerArm"] = CFrame.new(-30.331278, -1443.933960, 61.221668, 1.000000, -0.000000, -0.000000, 0.000000, 0.998393, 0.056667, 0.000000, -0.056668, 0.998393),
      ["LeftLowerLeg"] = CFrame.new(-0.000000, -0.017514, -0.000131, 1.000000, 0.000000, 0.000000, -0.000000, 1.000000, -0.000008, -0.000000, -0.000011, 1.000000),
      ["LeftUpperArm"] = CFrame.new(1.004837, -1.715705, -0.539580, 0.999370, -0.006749, -0.034837, -0.035384, -0.115791, -0.992643, 0.002666, 0.993251, -0.115957),
      ["LeftUpperLeg"] = CFrame.new(-0.000723, -0.097399, -0.061041, 0.994477, 0.070752, 0.077510, -0.068443, 0.997141, -0.032007, -0.079564, 0.026547, 0.996478),
      ["LowerTorso"] = CFrame.new(0.414860, -1.543920, 0.005171, 0.998325, 0.014473, -0.056019, -0.057000, 0.079858, -0.995175, -0.009929, 0.996701, 0.080550),
      ["RightFoot"] = CFrame.new(0.000000, -0.065497, -0.000103, 0.996655, 0.062528, 0.052650, -0.072836, 0.971647, 0.224966, -0.037056, -0.228017, 0.972943),
      ["RightHand"] = CFrame.new(-0.000500, 0.000000, 0.000000, 0.999992, -0.003397, 0.002252, 0.003462, 0.999559, -0.029487, -0.002151, 0.029495, 0.999563),
      ["RightLowerArm"] = CFrame.new(-0.011635, 0.007774, 0.009331, 1.000000, 0.000000, 0.000000, -0.000000, 0.868687, -0.495361, -0.000000, 0.495361, 0.868687),
      ["RightLowerLeg"] = CFrame.new(-0.000000, -0.064949, -0.000823, 1.000000, -0.000000, 0.000000, 0.000000, 1.000000, -0.000016, 0.000000, -0.000020, 1.000000),
      ["RightUpperArm"] = CFrame.new(0.485010, -0.204715, 0.369752, -0.138184, 0.259104, 0.955913, 0.605332, 0.786010, -0.125546, -0.783887, 0.561296, -0.265458),
      ["RightUpperLeg"] = CFrame.new(-0.016717, -0.066244, -0.093048, 0.996965, -0.074291, 0.023246, 0.074060, 0.997200, 0.010346, -0.023983, -0.008572, 0.999676),
      ["UpperTorso"] = CFrame.new(-0.027656, -0.045865, -0.032048, 0.999125, 0.003445, 0.041683, -0.003220, 0.999980, -0.005455, -0.041701, 0.005316, 0.999116)
    }},
    {Time = 0.183, Data = {
      ["Head"] = CFrame.new(-0.000977, 0.067360, -0.024537, 0.999864, 0.006038, -0.015367, -0.005978, 0.999974, 0.003996, 0.015391, -0.003903, 0.999874),
      ["LeftFoot"] = CFrame.new(0.000000, -0.017975, -0.000004, 0.996232, -0.066344, -0.055859, 0.078080, 0.966451, 0.244709, 0.037758, -0.248136, 0.967986),
      ["LeftHand"] = CFrame.new(0.000502, 0.000158, 0.000003, 0.998554, 0.049751, -0.020374, -0.049329, 0.998568, 0.020722, 0.021375, -0.019686, 0.999578),
      ["LeftLowerArm"] = CFrame.new(-30.331278, -1443.933960, 61.221668, 1.000000, -0.000000, -0.000000, 0.000000, 0.998393, 0.056667, 0.000000, -0.056668, 0.998393),
      ["LeftLowerLeg"] = CFrame.new(-0.000000, -0.017514, -0.000131, 1.000000, 0.000000, 0.000000, -0.000000, 1.000000, -0.000008, -0.000000, -0.000011, 1.000000),
      ["LeftUpperArm"] = CFrame.new(1.004837, -1.715705, -0.539580, 0.999370, -0.006749, -0.034837, -0.035384, -0.115791, -0.992643, 0.002666, 0.993251, -0.115957),
      ["LeftUpperLeg"] = CFrame.new(-0.000723, -0.097399, -0.061041, 0.994477, 0.070752, 0.077510, -0.068443, 0.997141, -0.032007, -0.079564, 0.026547, 0.996478),
      ["LowerTorso"] = CFrame.new(0.414860, -1.543920, 0.005171, 0.998325, 0.014473, -0.056019, -0.057000, 0.079858, -0.995175, -0.009929, 0.996701, 0.080550),
      ["RightFoot"] = CFrame.new(0.000000, -0.065497, -0.000103, 0.996655, 0.062528, 0.052650, -0.072836, 0.971647, 0.224966, -0.037056, -0.228017, 0.972943),
      ["RightHand"] = CFrame.new(-0.000500, 0.000000, 0.000000, 0.999992, -0.003397, 0.002252, 0.003462, 0.999559, -0.029487, -0.002151, 0.029495, 0.999563),
      ["RightLowerArm"] = CFrame.new(-0.011635, 0.007773, 0.009331, 1.000000, 0.000000, 0.000000, -0.000000, 0.868687, -0.495361, -0.000000, 0.495361, 0.868687),
      ["RightLowerLeg"] = CFrame.new(-0.000000, -0.064949, -0.000823, 1.000000, -0.000000, 0.000000, 0.000000, 1.000000, -0.000016, 0.000000, -0.000020, 1.000000),
      ["RightUpperArm"] = CFrame.new(0.485118, -0.219093, 0.358196, -0.138399, 0.259907, 0.955664, 0.634088, 0.764497, -0.116088, -0.760774, 0.589909, -0.270610),
      ["RightUpperLeg"] = CFrame.new(-0.016717, -0.066244, -0.093048, 0.996965, -0.074291, 0.023246, 0.074060, 0.997200, 0.010346, -0.023983, -0.008572, 0.999676),
      ["UpperTorso"] = CFrame.new(-0.027656, -0.045865, -0.032048, 0.999125, 0.003445, 0.041683, -0.003220, 0.999980, -0.005455, -0.041701, 0.005316, 0.999116)
    }},
    {Time = 0.200, Data = {
      ["Head"] = CFrame.new(-0.000977, 0.067360, -0.024537, 0.999864, 0.006038, -0.015367, -0.005978, 0.999974, 0.003996, 0.015391, -0.003903, 0.999874),
      ["LeftFoot"] = CFrame.new(0.000000, -0.017975, -0.000004, 0.996232, -0.066344, -0.055859, 0.078080, 0.966451, 0.244709, 0.037758, -0.248136, 0.967986),
      ["LeftHand"] = CFrame.new(0.000502, 0.000158, 0.000003, 0.998554, 0.049751, -0.020374, -0.049329, 0.998568, 0.020722, 0.021375, -0.019686, 0.999578),
      ["LeftLowerArm"] = CFrame.new(-30.331278, -1443.933960, 61.221668, 1.000000, -0.000000, -0.000000, 0.000000, 0.998393, 0.056667, 0.000000, -0.056668, 0.998393),
      ["LeftLowerLeg"] = CFrame.new(-0.000000, -0.017514, -0.000131, 1.000000, 0.000000, 0.000000, -0.000000, 1.000000, -0.000008, -0.000000, -0.000011, 1.000000),
      ["LeftUpperArm"] = CFrame.new(1.004837, -1.715705, -0.539580, 0.999370, -0.006749, -0.034837, -0.035384, -0.115791, -0.992643, 0.002666, 0.993251, -0.115957),
      ["LeftUpperLeg"] = CFrame.new(-0.000723, -0.097399, -0.061041, 0.994477, 0.070752, 0.077510, -0.068443, 0.997141, -0.032007, -0.079564, 0.026547, 0.996478),
      ["LowerTorso"] = CFrame.new(0.414860, -1.543920, 0.005171, 0.998325, 0.014473, -0.056019, -0.057000, 0.079858, -0.995175, -0.009929, 0.996701, 0.080550),
      ["RightFoot"] = CFrame.new(0.000000, -0.065497, -0.000103, 0.996655, 0.062528, 0.052650, -0.072836, 0.971647, 0.224966, -0.037056, -0.228017, 0.972943),
      ["RightHand"] = CFrame.new(-0.000500, 0.000000, -0.000000, 0.999992, -0.003397, 0.002252, 0.003462, 0.999559, -0.029487, -0.002151, 0.029495, 0.999563),
      ["RightLowerArm"] = CFrame.new(-0.011635, 0.007774, 0.009331, 1.000000, 0.000000, 0.000000, 0.000000, 0.868687, -0.495361, -0.000000, 0.495361, 0.868687),
      ["RightLowerLeg"] = CFrame.new(-0.000000, -0.064949, -0.000823, 1.000000, -0.000000, 0.000000, 0.000000, 1.000000, -0.000016, 0.000000, -0.000020, 1.000000),
      ["RightUpperArm"] = CFrame.new(0.485239, -0.233250, 0.345912, -0.138642, 0.260790, 0.955388, 0.662402, 0.741569, -0.106299, -0.736208, 0.618113, -0.275560),
      ["RightUpperLeg"] = CFrame.new(-0.016717, -0.066244, -0.093048, 0.996965, -0.074291, 0.023246, 0.074060, 0.997200, 0.010346, -0.023983, -0.008572, 0.999676),
      ["UpperTorso"] = CFrame.new(-0.027656, -0.045865, -0.032048, 0.999125, 0.003445, 0.041683, -0.003220, 0.999980, -0.005455, -0.041701, 0.005316, 0.999116)
    }},
    {Time = 0.217, Data = {
      ["Head"] = CFrame.new(-0.000977, 0.067360, -0.024537, 0.999864, 0.006038, -0.015367, -0.005978, 0.999974, 0.003996, 0.015391, -0.003903, 0.999874),
      ["LeftFoot"] = CFrame.new(0.000000, -0.017975, -0.000004, 0.996232, -0.066344, -0.055859, 0.078080, 0.966451, 0.244709, 0.037758, -0.248136, 0.967986),
      ["LeftHand"] = CFrame.new(0.000502, 0.000158, 0.000003, 0.998554, 0.049751, -0.020374, -0.049329, 0.998568, 0.020722, 0.021375, -0.019686, 0.999578),
      ["LeftLowerArm"] = CFrame.new(-30.331278, -1443.933960, 61.221668, 1.000000, -0.000000, -0.000000, 0.000000, 0.998393, 0.056667, 0.000000, -0.056668, 0.998393),
      ["LeftLowerLeg"] = CFrame.new(-0.000000, -0.017514, -0.000131, 1.000000, 0.000000, 0.000000, -0.000000, 1.000000, -0.000008, -0.000000, -0.000011, 1.000000),
      ["LeftUpperArm"] = CFrame.new(1.004837, -1.715705, -0.539580, 0.999370, -0.006749, -0.034837, -0.035384, -0.115791, -0.992643, 0.002666, 0.993251, -0.115957),
      ["LeftUpperLeg"] = CFrame.new(-0.000723, -0.097399, -0.061041, 0.994477, 0.070752, 0.077510, -0.068443, 0.997141, -0.032007, -0.079564, 0.026547, 0.996478),
      ["LowerTorso"] = CFrame.new(0.414860, -1.543920, 0.005171, 0.998325, 0.014473, -0.056019, -0.057000, 0.079858, -0.995175, -0.009929, 0.996701, 0.080550),
      ["RightFoot"] = CFrame.new(0.000000, -0.065497, -0.000103, 0.996655, 0.062528, 0.052650, -0.072836, 0.971647, 0.224966, -0.037056, -0.228017, 0.972943),
      ["RightHand"] = CFrame.new(-0.000500, 0.000000, 0.000000, 0.999992, -0.003397, 0.002252, 0.003462, 0.999559, -0.029487, -0.002151, 0.029495, 0.999563),
      ["RightLowerArm"] = CFrame.new(-0.011635, 0.007773, 0.009331, 1.000000, 0.000000, 0.000000, 0.000000, 0.868687, -0.495361, -0.000000, 0.495361, 0.868687),
      ["RightLowerLeg"] = CFrame.new(-0.000000, -0.064949, -0.000823, 1.000000, -0.000000, 0.000000, 0.000000, 1.000000, -0.000016, 0.000000, -0.000020, 1.000000),
      ["RightUpperArm"] = CFrame.new(0.485376, -0.246955, 0.333076, -0.138916, 0.261753, 0.955085, 0.689812, 0.717553, -0.096322, -0.710536, 0.645448, -0.280240),
      ["RightUpperLeg"] = CFrame.new(-0.016717, -0.066244, -0.093048, 0.996965, -0.074291, 0.023246, 0.074060, 0.997200, 0.010346, -0.023983, -0.008572, 0.999676),
      ["UpperTorso"] = CFrame.new(-0.027656, -0.045865, -0.032048, 0.999125, 0.003445, 0.041683, -0.003220, 0.999980, -0.005455, -0.041701, 0.005316, 0.999116)
    }},
    {Time = 0.233, Data = {
      ["Head"] = CFrame.new(-0.000977, 0.067360, -0.024537, 0.999864, 0.006038, -0.015367, -0.005978, 0.999974, 0.003996, 0.015391, -0.003903, 0.999874),
      ["LeftFoot"] = CFrame.new(0.000000, -0.017975, -0.000004, 0.996232, -0.066344, -0.055859, 0.078080, 0.966451, 0.244709, 0.037758, -0.248136, 0.967986),
      ["LeftHand"] = CFrame.new(0.000502, 0.000158, 0.000003, 0.998554, 0.049751, -0.020374, -0.049329, 0.998568, 0.020722, 0.021375, -0.019686, 0.999578),
      ["LeftLowerArm"] = CFrame.new(-30.331278, -1443.933960, 61.221668, 1.000000, -0.000000, -0.000000, 0.000000, 0.998393, 0.056667, 0.000000, -0.056668, 0.998393),
      ["LeftLowerLeg"] = CFrame.new(-0.000000, -0.017514, -0.000131, 1.000000, 0.000000, 0.000000, -0.000000, 1.000000, -0.000008, -0.000000, -0.000011, 1.000000),
      ["LeftUpperArm"] = CFrame.new(1.004837, -1.715705, -0.539580, 0.999370, -0.006749, -0.034837, -0.035384, -0.115791, -0.992643, 0.002666, 0.993251, -0.115957),
      ["LeftUpperLeg"] = CFrame.new(-0.000723, -0.097399, -0.061041, 0.994477, 0.070752, 0.077510, -0.068443, 0.997141, -0.032007, -0.079564, 0.026547, 0.996478),
      ["LowerTorso"] = CFrame.new(0.414860, -1.543920, 0.005171, 0.998325, 0.014473, -0.056019, -0.057000, 0.079858, -0.995175, -0.009929, 0.996701, 0.080550),
      ["RightFoot"] = CFrame.new(0.000000, -0.065497, -0.000103, 0.996655, 0.062528, 0.052650, -0.072836, 0.971647, 0.224966, -0.037056, -0.228017, 0.972943),
      ["RightHand"] = CFrame.new(-0.000500, 0.000000, -0.000000, 0.999992, -0.003397, 0.002252, 0.003462, 0.999559, -0.029487, -0.002151, 0.029495, 0.999563),
      ["RightLowerArm"] = CFrame.new(-0.011635, 0.007774, 0.009331, 1.000000, 0.000000, 0.000000, 0.000000, 0.868687, -0.495361, -0.000000, 0.495361, 0.868687),
      ["RightLowerLeg"] = CFrame.new(-0.000000, -0.064949, -0.000823, 1.000000, -0.000000, 0.000000, 0.000000, 1.000000, -0.000016, 0.000000, -0.000020, 1.000000),
      ["RightUpperArm"] = CFrame.new(0.485529, -0.260007, 0.319891, -0.139223, 0.262798, 0.954754, 0.715916, 0.692832, -0.086308, -0.684165, 0.671506, -0.284599),
      ["RightUpperLeg"] = CFrame.new(-0.016717, -0.066244, -0.093048, 0.996965, -0.074291, 0.023246, 0.074060, 0.997200, 0.010346, -0.023983, -0.008572, 0.999676),
      ["UpperTorso"] = CFrame.new(-0.027656, -0.045865, -0.032048, 0.999125, 0.003445, 0.041683, -0.003220, 0.999980, -0.005455, -0.041701, 0.005316, 0.999116)
    }},
    {Time = 0.250, Data = {
      ["Head"] = CFrame.new(-0.000977, 0.067360, -0.024537, 0.999864, 0.006038, -0.015367, -0.005978, 0.999974, 0.003996, 0.015391, -0.003903, 0.999874),
      ["LeftFoot"] = CFrame.new(0.000000, -0.017975, -0.000004, 0.996232, -0.066344, -0.055859, 0.078080, 0.966451, 0.244709, 0.037758, -0.248136, 0.967986),
      ["LeftHand"] = CFrame.new(0.000502, 0.000158, 0.000003, 0.998554, 0.049751, -0.020374, -0.049329, 0.998568, 0.020722, 0.021375, -0.019686, 0.999578),
      ["LeftLowerArm"] = CFrame.new(-30.331278, -1443.933960, 61.221668, 1.000000, -0.000000, -0.000000, 0.000000, 0.998393, 0.056667, 0.000000, -0.056668, 0.998393),
      ["LeftLowerLeg"] = CFrame.new(-0.000000, -0.017514, -0.000131, 1.000000, 0.000000, 0.000000, -0.000000, 1.000000, -0.000008, -0.000000, -0.000011, 1.000000),
      ["LeftUpperArm"] = CFrame.new(1.004837, -1.715705, -0.539580, 0.999370, -0.006749, -0.034837, -0.035384, -0.115791, -0.992643, 0.002666, 0.993251, -0.115957),
      ["LeftUpperLeg"] = CFrame.new(-0.000723, -0.097399, -0.061041, 0.994477, 0.070752, 0.077510, -0.068443, 0.997141, -0.032007, -0.079564, 0.026547, 0.996478),
      ["LowerTorso"] = CFrame.new(0.414860, -1.543920, 0.005171, 0.998325, 0.014473, -0.056019, -0.057000, 0.079858, -0.995175, -0.009929, 0.996701, 0.080550),
      ["RightFoot"] = CFrame.new(0.000000, -0.065497, -0.000103, 0.996655, 0.062528, 0.052650, -0.072836, 0.971647, 0.224966, -0.037056, -0.228017, 0.972943),
      ["RightHand"] = CFrame.new(-0.000500, 0.000000, 0.000000, 0.999992, -0.003397, 0.002252, 0.003462, 0.999559, -0.029487, -0.002151, 0.029495, 0.999563),
      ["RightLowerArm"] = CFrame.new(-0.011635, 0.007773, 0.009331, 1.000000, 0.000000, 0.000000, 0.000000, 0.868687, -0.495361, -0.000000, 0.495361, 0.868687),
      ["RightLowerLeg"] = CFrame.new(-0.000000, -0.064949, -0.000823, 1.000000, -0.000000, 0.000000, 0.000000, 1.000000, -0.000016, 0.000000, -0.000020, 1.000000),
      ["RightUpperArm"] = CFrame.new(0.485702, -0.272234, 0.306583, -0.139567, 0.263925, 0.954392, 0.740371, 0.667841, -0.076413, -0.657550, 0.695940, -0.288611),
      ["RightUpperLeg"] = CFrame.new(-0.016717, -0.066244, -0.093048, 0.996965, -0.074291, 0.023246, 0.074060, 0.997200, 0.010346, -0.023983, -0.008572, 0.999676),
      ["UpperTorso"] = CFrame.new(-0.027656, -0.045865, -0.032048, 0.999125, 0.003445, 0.041683, -0.003220, 0.999980, -0.005455, -0.041701, 0.005316, 0.999116)
    }},
    {Time = 0.267, Data = {
      ["Head"] = CFrame.new(-0.000977, 0.067360, -0.024537, 0.999864, 0.006038, -0.015367, -0.005978, 0.999974, 0.003996, 0.015391, -0.003903, 0.999874),
      ["LeftFoot"] = CFrame.new(0.000000, -0.017975, -0.000004, 0.996232, -0.066344, -0.055859, 0.078080, 0.966451, 0.244709, 0.037758, -0.248136, 0.967986),
      ["LeftHand"] = CFrame.new(0.000502, 0.000158, 0.000003, 0.998554, 0.049751, -0.020374, -0.049329, 0.998568, 0.020722, 0.021375, -0.019686, 0.999578),
      ["LeftLowerArm"] = CFrame.new(-30.331278, -1443.933960, 61.221668, 1.000000, -0.000000, -0.000000, 0.000000, 0.998393, 0.056667, 0.000000, -0.056668, 0.998393),
