return {
  ["KeyframeSequence"] = {
    {Time = 0.000, Data = {
      ["Head"] = CFrame.new(-0.000977, 0.067360, -0.024537, 0.999864, 0.006038, -0.015367, -0.005978, 0.999974, 0.003996, 0.015391, -0.003903, 0.999874),
      ["LeftFoot"] = CFrame.new(0.000000, -4.404500, -0.000019, 0.994899, -0.077161, -0.064971, 0.066884, 0.986757, -0.147781, 0.075521, 0.142676, 0.986884),
      ["LeftHand"] = CFrame.new(0.000500, 0.000100, 0.000000, 0.998554, 0.049751, -0.020374, -0.049329, 0.998568, 0.020722, 0.021375, -0.019686, 0.999578),
      ["LeftLowerArm"] = CFrame.new(0.075616, -0.598821, -0.043215, 1.000000, -0.000000, -0.000000, 0.000000, 0.997995, -0.063290, 0.000000, 0.063290, 0.997995),
      ["LeftLowerLeg"] = CFrame.new(0.000000, -4.392967, -0.058552, 1.000000, -0.000000, -0.000000, 0.000000, 1.000000, -0.000008, -0.000000, -0.000011, 1.000000),
      ["LeftUpperArm"] = CFrame.new(0.057252, 0.057470, -0.062324, 0.993115, 0.107343, -0.046913, -0.092917, 0.477903, -0.873485, -0.071343, 0.871829, 0.484586),
      ["LeftUpperLeg"] = CFrame.new(-0.000724, -0.097399, -0.061041, 0.047091, 0.924270, -0.378811, -0.990296, -0.006441, -0.138814, -0.130755, 0.381684, 0.915004),
      ["LowerTorso"] = CFrame.new(0.414860, -1.586910, 0.248095, 0.998325, 0.014473, -0.056019, -0.011143, 0.998178, 0.059294, 0.056775, -0.058571, 0.996668),
      ["RightFoot"] = CFrame.new(0.000000, -4.397484, -0.000123, 0.997688, 0.052004, 0.043787, -0.045910, 0.990443, -0.130057, -0.050100, 0.127743, 0.990539),
      ["RightHand"] = CFrame.new(-0.000500, 0.000000, -0.000000, 0.999992, -0.003397, 0.002252, 0.003462, 0.999559, -0.029487, -0.002151, 0.029495, 0.999563),
      ["RightLowerArm"] = CFrame.new(-0.023065, -0.556401, -0.055739, 1.000000, 0.000000, 0.000000, -0.000000, 0.999962, 0.008770, -0.000000, -0.008770, 0.999962),
      ["RightLowerLeg"] = CFrame.new(0.000000, -4.386022, -0.058517, 1.000000, -0.000000, 0.000000, 0.000000, 1.000000, -0.000020, -0.000000, -0.000023, 1.000000),
      ["RightUpperArm"] = CFrame.new(-0.084707, 0.056863, -0.003553, 0.998621, -0.045131, 0.026818, 0.046563, 0.525488, -0.849526, 0.024248, 0.849603, 0.526864),
      ["RightUpperLeg"] = CFrame.new(-0.016716, -0.066243, -0.093048, 0.012064, -0.860994, 0.508439, 0.996340, -0.032692, -0.079011, 0.084620, 0.507563, 0.857466),
      ["UpperTorso"] = CFrame.new(-0.021576, 0.033074, 0.096701, 0.999467, 0.003223, 0.032490, -0.022974, 0.776500, 0.629699, -0.023199, -0.630109, 0.776160)
    }},
    {Time = 0.017, Data = {
      ["Head"] = CFrame.new(-0.000977, 0.067360, -0.024537, 0.999864, 0.006038, -0.015367, -0.005978, 0.999974, 0.003996, 0.015391, -0.003903, 0.999874),
      ["LeftFoot"] = CFrame.new(0.000000, -4.404500, -0.000019, 0.994899, -0.077161, -0.064971, 0.066884, 0.986757, -0.147781, 0.075521, 0.142676, 0.986884),
      ["LeftHand"] = CFrame.new(0.000500, 0.000100, 0.000000, 0.998554, 0.049751, -0.020374, -0.049329, 0.998568, 0.020722, 0.021375, -0.019686, 0.999578),
      ["LeftLowerArm"] = CFrame.new(0.075616, -0.598821, -0.043215, 1.000000, -0.000000, -0.000000, 0.000000, 0.997995, -0.063290, 0.000000, 0.063290, 0.997995),
      ["LeftLowerLeg"] = CFrame.new(0.000000, -4.392967, -0.058552, 1.000000, -0.000000, -0.000000, 0.000000, 1.000000, -0.000008, -0.000000, -0.000011, 1.000000),
      ["LeftUpperArm"] = CFrame.new(0.057252, 0.057470, -0.062324, 0.993115, 0.107343, -0.046913, -0.092917, 0.477903, -0.873485, -0.071343, 0.871829, 0.484586),
      ["LeftUpperLeg"] = CFrame.new(-0.000724, -0.097399, -0.061041, 0.047091, 0.924270, -0.378811, -0.990296, -0.006441, -0.138814, -0.130755, 0.381684, 0.915004),
      ["LowerTorso"] = CFrame.new(0.414860, -1.586910, 0.248095, 0.998325, 0.014473, -0.056019, -0.011143, 0.998178, 0.059294, 0.056775, -0.058571, 0.996668),
      ["RightFoot"] = CFrame.new(0.000000, -4.397484, -0.000123, 0.997688, 0.052004, 0.043787, -0.045910, 0.990443, -0.130057, -0.050100, 0.127743, 0.990539),
      ["RightHand"] = CFrame.new(-0.000500, 0.000000, -0.000000, 0.999992, -0.003397, 0.002252, 0.003462, 0.999559, -0.029487, -0.002151, 0.029495, 0.999563),
      ["RightLowerArm"] = CFrame.new(-0.023065, -0.556401, -0.055739, 1.000000, 0.000000, 0.000000, -0.000000, 0.999962, 0.008770, -0.000000, -0.008770, 0.999962),
      ["RightLowerLeg"] = CFrame.new(0.000000, -4.386022, -0.058517, 1.000000, -0.000000, 0.000000, 0.000000, 1.000000, -0.000020, -0.000000, -0.000023, 1.000000),
      ["RightUpperArm"] = CFrame.new(-0.084707, 0.056863, -0.003553, 0.998621, -0.045131, 0.026818, 0.046563, 0.525488, -0.849526, 0.024248, 0.849603, 0.526864),
      ["RightUpperLeg"] = CFrame.new(-0.016716, -0.066243, -0.093048, 0.012064, -0.860994, 0.508439, 0.996340, -0.032692, -0.079011, 0.084620, 0.507563, 0.857466),
      ["UpperTorso"] = CFrame.new(-0.021576, 0.033074, 0.096701, 0.999467, 0.003223, 0.032490, -0.022974, 0.776500, 0.629699, -0.023199, -0.630109, 0.776160)
    }},
    {Time = 0.167, Data = {
      ["Head"] = CFrame.new(-0.000977, 0.067360, -0.024537, 0.999864, 0.006038, -0.015367, -0.005978, 0.999974, 0.003996, 0.015391, -0.003903, 0.999874),
      ["LeftFoot"] = CFrame.new(0.000000, -4.404500, -0.000019, 0.994899, -0.077161, -0.064971, 0.066884, 0.986757, -0.147781, 0.075521, 0.142676, 0.986884),
      ["LeftHand"] = CFrame.new(0.000500, 0.000100, 0.000000, 0.998554, 0.049751, -0.020374, -0.049329, 0.998568, 0.020722, 0.021375, -0.019686, 0.999578),
      ["LeftLowerArm"] = CFrame.new(0.075616, -0.598821, -0.043215, 1.000000, -0.000000, -0.000000, 0.000000, 0.997995, -0.063290, 0.000000, 0.063290, 0.997995),
      ["LeftLowerLeg"] = CFrame.new(0.000000, -4.392967, -0.058552, 1.000000, -0.000000, -0.000000, 0.000000, 1.000000, -0.000008, -0.000000, -0.000011, 1.000000),
      ["LeftUpperArm"] = CFrame.new(0.057252, 0.057470, -0.062324, 0.993115, 0.107343, -0.046913, -0.092917, 0.477903, -0.873485, -0.071343, 0.871829, 0.484586),
      ["LeftUpperLeg"] = CFrame.new(-0.000724, -0.097399, -0.061041, 0.047091, 0.924270, -0.378811, -0.990296, -0.006441, -0.138814, -0.130755, 0.381684, 0.915004),
      ["LowerTorso"] = CFrame.new(0.414860, -1.586910, 0.248095, 0.998325, 0.014473, -0.056019, -0.011143, 0.998178, 0.059294, 0.056775, -0.058571, 0.996668),
      ["RightFoot"] = CFrame.new(0.000000, -4.397484, -0.000123, 0.997688, 0.052004, 0.043787, -0.045910, 0.990443, -0.130057, -0.050100, 0.127743, 0.990539),
      ["RightHand"] = CFrame.new(-0.000500, 0.000000, -0.000000, 0.999992, -0.003397, 0.002252, 0.003462, 0.999559, -0.029487, -0.002151, 0.029495, 0.999563),
      ["RightLowerArm"] = CFrame.new(-0.023065, -0.556401, -0.055739, 1.000000, 0.000000, 0.000000, -0.000000, 0.999962, 0.008770, -0.000000, -0.008770, 0.999962),
      ["RightLowerLeg"] = CFrame.new(0.000000, -4.386022, -0.058517, 1.000000, -0.000000, 0.000000, 0.000000, 1.000000, -0.000020, -0.000000, -0.000023, 1.000000),
      ["RightUpperArm"] = CFrame.new(-0.084707, 0.056863, -0.003553, 0.998621, -0.045131, 0.026818, 0.046563, 0.525488, -0.849526, 0.024248, 0.849603, 0.526864),
      ["RightUpperLeg"] = CFrame.new(-0.016716, -0.066243, -0.093048, 0.012064, -0.860994, 0.508439, 0.996340, -0.032692, -0.079011, 0.084620, 0.507563, 0.857466),
      ["UpperTorso"] = CFrame.new(-0.021576, 0.033074, 0.096701, 0.999467, 0.003223, 0.032490, -0.022974, 0.776500, 0.629699, -0.023199, -0.630109, 0.776160)
    }}
  }
}