return {
  ["KeyframeSequence"] = {
    {Time = 0.000, Data = {
      ["Head"] = CFrame.new(-0.000977, 0.067360, -0.024537, 0.999864, 0.006038, -0.015367, -0.005978, 0.999974, 0.003996, 0.015391, -0.003903, 0.999874),
      ["LeftFoot"] = CFrame.new(-0.000000, -2.913777, -0.000016, 0.999983, -0.004512, -0.003796, 0.003558, 0.975162, -0.221482, 0.004711, 0.221449, 0.975157),
      ["LeftHand"] = CFrame.new(0.000500, 0.000100, 0.000000, 0.998554, 0.049751, -0.020374, -0.049329, 0.998568, 0.020722, 0.021375, -0.019686, 0.999578),
      ["LeftLowerArm"] = CFrame.new(0.005666, -0.026591, 0.010735, 1.000000, -0.000000, -0.000000, 0.000000, 0.997995, -0.063290, 0.000000, 0.063290, 0.997995),
      ["LeftLowerLeg"] = CFrame.new(0.000000, -2.905639, -0.038653, 1.000000, -0.000000, -0.000000, 0.000000, 1.000000, -0.000008, -0.000000, -0.000011, 1.000000),
      ["LeftUpperArm"] = CFrame.new(0.056978, 0.066200, 0.021086, 0.992567, 0.079771, -0.091904, -0.075460, 0.995921, 0.049464, 0.095475, -0.042161, 0.994539),
      ["LeftUpperLeg"] = CFrame.new(-0.000723, -0.097398, -0.061040, 0.998942, -0.007147, 0.045407, -0.000153, 0.987317, 0.158781, -0.045976, -0.158600, 0.986269),
      ["LowerTorso"] = CFrame.new(0.414860, 5.743284, 0.248095, 0.998325, 0.014473, -0.056019, -0.011143, 0.998178, 0.059294, 0.056775, -0.058571, 0.996668),
      ["RightFoot"] = CFrame.new(0.000000, -2.926972, -0.000115, 0.999936, 0.008680, 0.007309, -0.010265, 0.966060, 0.258139, -0.004785, -0.258172, 0.966080),
      ["RightHand"] = CFrame.new(-0.000500, -0.000001, 0.000000, 0.999992, -0.003397, 0.002252, 0.003462, 0.999559, -0.029487, -0.002151, 0.029495, 0.999563),
      ["RightLowerArm"] = CFrame.new(-0.011635, -0.042652, -0.003746, 1.000000, 0.000000, 0.000000, -0.000000, 0.999962, 0.008770, -0.000000, -0.008770, 0.999962),
      ["RightLowerLeg"] = CFrame.new(0.000000, -2.918826, -0.038884, 1.000000, -0.000000, 0.000000, 0.000000, 1.000000, -0.000019, -0.000000, -0.000022, 1.000000),
      ["RightUpperArm"] = CFrame.new(-0.084102, 0.044900, 0.001419, 0.997410, -0.070310, -0.015179, 0.070493, 0.997442, 0.011872, 0.014305, -0.012911, 0.999814),
      ["RightUpperLeg"] = CFrame.new(-0.016717, -0.066243, -0.093048, 0.998359, 0.004595, 0.057051, 0.010901, 0.963269, -0.268287, -0.056224, 0.268499, 0.961648),
      ["UpperTorso"] = CFrame.new(-0.020863, -0.030766, 0.092909, 0.997984, 0.033823, 0.053711, -0.035229, 0.999055, 0.025445, -0.052799, -0.027286, 0.998232)
    }},
    {Time = 0.017, Data = {
      ["Head"] = CFrame.new(-0.000977, 0.067360, -0.024537, 0.999864, 0.006038, -0.015367, -0.005978, 0.999974, 0.003996, 0.015391, -0.003903, 0.999874),
      ["LeftFoot"] = CFrame.new(0.000000, -2.913413, -0.000016, 0.999983, -0.004519, -0.003802, 0.003565, 0.975261, -0.221045, 0.004716, 0.221012, 0.975256),
      ["LeftHand"] = CFrame.new(0.000500, 0.000100, 0.000000, 0.998554, 0.049751, -0.020374, -0.049329, 0.998568, 0.020722, 0.021375, -0.019686, 0.999578),
      ["LeftLowerArm"] = CFrame.new(0.005666, -0.026591, 0.010735, 1.000000, -0.000000, -0.000000, 0.000000, 0.997995, -0.063290, 0.000000, 0.063290, 0.997995),
      ["LeftLowerLeg"] = CFrame.new(0.000000, -2.905274, -0.038648, 1.000000, -0.000000, -0.000000, -0.000000, 1.000000, -0.000008, -0.000000, -0.000011, 1.000000),
      ["LeftUpperArm"] = CFrame.new(0.056978, 0.066200, 0.021086, 0.992567, 0.079771, -0.091904, -0.075460, 0.995921, 0.049464, 0.095475, -0.042161, 0.994539),
      ["LeftUpperLeg"] = CFrame.new(-0.000723, -0.097398, -0.061040, 0.998942, -0.007121, 0.045417, -0.000159, 0.987388, 0.158339, -0.045982, -0.158158, 0.986340),
      ["LowerTorso"] = CFrame.new(0.414860, 5.743284, 0.248095, 0.998325, 0.014473, -0.056019, -0.011143, 0.998178, 0.059294, 0.056775, -0.058571, 0.996668),
      ["RightFoot"] = CFrame.new(-0.000000, -2.926727, -0.000115, 0.999936, 0.008680, 0.007309, -0.010263, 0.966135, 0.257859, -0.004788, -0.257892, 0.966155),
      ["RightHand"] = CFrame.new(-0.000500, -0.000001, 0.000000, 0.999992, -0.003397, 0.002252, 0.003462, 0.999559, -0.029487, -0.002151, 0.029495, 0.999563),
      ["RightLowerArm"] = CFrame.new(-0.011635, -0.042652, -0.003746, 1.000000, 0.000000, 0.000000, -0.000000, 0.999962, 0.008770, -0.000000, -0.008770, 0.999962),
      ["RightLowerLeg"] = CFrame.new(0.000000, -2.918582, -0.038880, 1.000000, -0.000000, 0.000000, 0.000000, 1.000000, -0.000019, -0.000000, -0.000022, 1.000000),
      ["RightUpperArm"] = CFrame.new(-0.084102, 0.044900, 0.001419, 0.997410, -0.070310, -0.015179, 0.070493, 0.997442, 0.011872, 0.014305, -0.012911, 0.999814),
      ["RightUpperLeg"] = CFrame.new(-0.016717, -0.066243, -0.093048, 0.998359, 0.004579, 0.057052, 0.010901, 0.963347, -0.268008, -0.056224, 0.268220, 0.961726),
      ["UpperTorso"] = CFrame.new(-0.020863, -0.030766, 0.092909, 0.997984, 0.033823, 0.053711, -0.035229, 0.999055, 0.025445, -0.052799, -0.027286, 0.998232)
    }},
    {Time = 0.033, Data = {
      ["Head"] = CFrame.new(-0.000977, 0.067360, -0.024537, 0.999864, 0.006038, -0.015367, -0.005978, 0.999974, 0.003996, 0.015391, -0.003903, 0.999874),
      ["LeftFoot"] = CFrame.new(0.000000, -2.912337, -0.000015, 0.999982, -0.004537, -0.003817, 0.003586, 0.975552, -0.219756, 0.004731, 0.219723, 0.975547),
      ["LeftHand"] = CFrame.new(0.000500, 0.000100, 0.000000, 0.998554, 0.049751, -0.020374, -0.049329, 0.998568, 0.020722, 0.021375, -0.019686, 0.999578),
      ["LeftLowerArm"] = CFrame.new(0.005666, -0.026591, 0.010735, 1.000000, -0.000000, -0.000000, 0.000000, 0.997995, -0.063290, 0.000000, 0.063290, 0.997995),
      ["LeftLowerLeg"] = CFrame.new(0.000000, -2.904203, -0.038634, 1.000000, -0.000000, -0.000000, -0.000000, 1.000000, -0.000008, -0.000000, -0.000011, 1.000000),
      ["LeftUpperArm"] = CFrame.new(0.056978, 0.066200, 0.021086, 0.992567, 0.079771, -0.091904, -0.075460, 0.995921, 0.049464, 0.095475, -0.042161, 0.994539),
      ["LeftUpperLeg"] = CFrame.new(-0.000723, -0.097398, -0.061040, 0.998941, -0.007047, 0.045446, -0.000176, 0.987597, 0.157034, -0.045999, -0.156855, 0.986547),
      ["LowerTorso"] = CFrame.new(0.414860, 5.743284, 0.248095, 0.998325, 0.014473, -0.056019, -0.011143, 0.998178, 0.059294, 0.056775, -0.058571, 0.996668),
      ["RightFoot"] = CFrame.new(0.000000, -2.926009, -0.000115, 0.999936, 0.008680, 0.007309, -0.010259, 0.966355, 0.257031, -0.004797, -0.257064, 0.966376),
      ["RightHand"] = CFrame.new(-0.000500, -0.000001, 0.000000, 0.999992, -0.003397, 0.002252, 0.003462, 0.999559, -0.029487, -0.002151, 0.029495, 0.999563),
      ["RightLowerArm"] = CFrame.new(-0.011635, -0.042652, -0.003746, 1.000000, 0.000000, 0.000000, -0.000000, 0.999962, 0.008770, -0.000000, -0.008770, 0.999962),
      ["RightLowerLeg"] = CFrame.new(0.000000, -2.917866, -0.038871, 1.000000, -0.000000, 0.000000, 0.000000, 1.000000, -0.000019, -0.000000, -0.000022, 1.000000),
      ["RightUpperArm"] = CFrame.new(-0.084102, 0.044900, 0.001419, 0.997410, -0.070310, -0.015179, 0.070493, 0.997442, 0.011872, 0.014305, -0.012911, 0.999814),
      ["RightUpperLeg"] = CFrame.new(-0.016717, -0.066243, -0.093048, 0.998359, 0.004530, 0.057056, 0.010901, 0.963576, -0.267182, -0.056224, 0.267396, 0.961955),
      ["UpperTorso"] = CFrame.new(-0.020863, -0.030766, 0.092909, 0.997984, 0.033823, 0.053711, -0.035229, 0.999055, 0.025445, -0.052799, -0.027286, 0.998232)
    }},
    {Time = 0.050, Data = {
      ["Head"] = CFrame.new(-0.000977, 0.067360, -0.024537, 0.999864, 0.006038, -0.015367, -0.005978, 0.999974, 0.003996, 0.015391, -0.003903, 0.999874),
      ["LeftFoot"] = CFrame.new(0.000000, -2.910591, -0.000015, 0.999982, -0.004567, -0.003843, 0.003620, 0.976026, -0.217641, 0.004754, 0.217608, 0.976021),
      ["LeftHand"] = CFrame.new(0.000500, 0.000100, 0.000000, 0.998554, 0.049751, -0.020374, -0.049329, 0.998568, 0.020722, 0.021375, -0.019686, 0.999578),
      ["LeftLowerArm"] = CFrame.new(0.005666, -0.026591, 0.010735, 1.000000, -0.000000, -0.000000, 0.000000, 0.997995, -0.063290, 0.000000, 0.063290, 0.997995),
      ["LeftLowerLeg"] = CFrame.new(0.000000, -2.902460, -0.038611, 1.000000, -0.000000, -0.000000, -0.000000, 1.000000, -0.000008, -0.000000, -0.000011, 1.000000),
      ["LeftUpperArm"] = CFrame.new(0.056978, 0.066200, 0.021086, 0.992567, 0.079771, -0.091904, -0.075460, 0.995921, 0.049464, 0.095475, -0.042161, 0.994539),
      ["LeftUpperLeg"] = CFrame.new(-0.000723, -0.097398, -0.061040, 0.998940, -0.006924, 0.045492, -0.000205, 0.987934, 0.154893, -0.046026, -0.154717, 0.986883),
      ["LowerTorso"] = CFrame.new(0.414860, 5.743284, 0.248095, 0.998325, 0.014473, -0.056019, -0.011143, 0.998178, 0.059294, 0.056775, -0.058571, 0.996668),
      ["RightFoot"] = CFrame.new(-0.000000, -2.924822, -0.000115, 0.999936, 0.008680, 0.007309, -0.010253, 0.966715, 0.255674, -0.004812, -0.255707, 0.966735),
      ["RightHand"] = CFrame.new(-0.000500, -0.000001, 0.000000, 0.999992, -0.003397, 0.002252, 0.003462, 0.999559, -0.029487, -0.002151, 0.029495, 0.999563),
      ["RightLowerArm"] = CFrame.new(-0.011635, -0.042652, -0.003746, 1.000000, 0.000000, 0.000000, -0.000000, 0.999962, 0.008770, -0.000000, -0.008770, 0.999962),
      ["RightLowerLeg"] = CFrame.new(0.000000, -2.916682, -0.038855, 1.000000, -0.000000, 0.000000, 0.000000, 1.000000, -0.000019, -0.000000, -0.000022, 1.000000),
      ["RightUpperArm"] = CFrame.new(-0.084102, 0.044900, 0.001419, 0.997410, -0.070310, -0.015179, 0.070493, 0.997442, 0.011872, 0.014305, -0.012911, 0.999814),
      ["RightUpperLeg"] = CFrame.new(-0.016717, -0.066243, -0.093048, 0.998359, 0.004450, 0.057062, 0.010901, 0.963950, -0.265829, -0.056224, 0.266045, 0.962330),
      ["UpperTorso"] = CFrame.new(-0.020863, -0.030766, 0.092909, 0.997984, 0.033823, 0.053711, -0.035229, 0.999055, 0.025445, -0.052799, -0.027286, 0.998232)
    }},
    {Time = 0.067, Data = {
      ["Head"] = CFrame.new(-0.000977, 0.067360, -0.024537, 0.999864, 0.006038, -0.015367, -0.005978, 0.999974, 0.003996, 0.015391, -0.003903, 0.999874),
      ["LeftFoot"] = CFrame.new(-0.000000, -2.908219, -0.000016, 0.999982, -0.004609, -0.003877, 0.003667, 0.976671, -0.214727, 0.004786, 0.214694, 0.976666),
      ["LeftHand"] = CFrame.new(0.000500, 0.000100, 0.000000, 0.998554, 0.049751, -0.020374, -0.049329, 0.998568, 0.020722, 0.021375, -0.019686, 0.999578),
      ["LeftLowerArm"] = CFrame.new(0.005666, -0.026591, 0.010735, 1.000000, -0.000000, -0.000000, 0.000000, 0.997995, -0.063290, 0.000000, 0.063290, 0.997995),
      ["LeftLowerLeg"] = CFrame.new(0.000000, -2.900094, -0.038579, 1.000000, -0.000000, -0.000000, 0.000000, 1.000000, -0.000008, -0.000000, -0.000011, 1.000000),
      ["LeftUpperArm"] = CFrame.new(0.056978, 0.066200, 0.021086, 0.992567, 0.079771, -0.091904, -0.075460, 0.995921, 0.049464, 0.095475, -0.042161, 0.994539),
      ["LeftUpperLeg"] = CFrame.new(-0.000723, -0.097398, -0.061040, 0.998939, -0.006756, 0.045556, -0.000244, 0.988392, 0.151944, -0.046063, -0.151773, 0.987339),
      ["LowerTorso"] = CFrame.new(0.414860, 5.743284, 0.248095, 0.998325, 0.014473, -0.056019, -0.011143, 0.998178, 0.059294, 0.056775, -0.058571, 0.996668),
      ["RightFoot"] = CFrame.new(0.000000, -2.923224, -0.000115, 0.999936, 0.008680, 0.007309, -0.010243, 0.967208, 0.253805, -0.004831, -0.253838, 0.967228),
      ["RightHand"] = CFrame.new(-0.000500, -0.000001, 0.000000, 0.999992, -0.003397, 0.002252, 0.003462, 0.999559, -0.029487, -0.002151, 0.029495, 0.999563),
      ["RightLowerArm"] = CFrame.new(-0.011635, -0.042652, -0.003746, 1.000000, 0.000000, 0.000000, -0.000000, 0.999962, 0.008770, -0.000000, -0.008770, 0.999962),
      ["RightLowerLeg"] = CFrame.new(0.000000, -2.915088, -0.038834, 1.000000, -0.000000, 0.000000, 0.000000, 1.000000, -0.000019, -0.000000, -0.000022, 1.000000),
      ["RightUpperArm"] = CFrame.new(-0.084102, 0.044900, 0.001419, 0.997410, -0.070310, -0.015179, 0.070493, 0.997442, 0.011872, 0.014305, -0.012911, 0.999814),
      ["RightUpperLeg"] = CFrame.new(-0.016717, -0.066243, -0.093048, 0.998359, 0.004339, 0.057071, 0.010901, 0.964463, -0.263965, -0.056224, 0.264184, 0.962842),
      ["UpperTorso"] = CFrame.new(-0.020863, -0.030766, 0.092909, 0.997984, 0.033823, 0.053711, -0.035229, 0.999055, 0.025445, -0.052799, -0.027286, 0.998232)
    }},
    {Time = 0.083, Data = {
      ["Head"] = CFrame.new(-0.000977, 0.067360, -0.024537, 0.999864, 0.006038, -0.015367, -0.005978, 0.999974, 0.003996, 0.015391, -0.003903, 0.999874),
      ["LeftFoot"] = CFrame.new(-0.000000, -2.905254, -0.000015, 0.999981, -0.004660, -0.003921, 0.003726, 0.977474, -0.211040, 0.004826, 0.211006, 0.977470),
      ["LeftHand"] = CFrame.new(0.000500, 0.000100, 0.000000, 0.998554, 0.049751, -0.020374, -0.049329, 0.998568, 0.020722, 0.021375, -0.019686, 0.999578),
      ["LeftLowerArm"] = CFrame.new(0.005666, -0.026591, 0.010735, 1.000000, -0.000000, -0.000000, 0.000000, 0.997995, -0.063290, 0.000000, 0.063290, 0.997995),
      ["LeftLowerLeg"] = CFrame.new(0.000000, -2.897136, -0.038540, 1.000000, -0.000000, 0.000000, -0.000000, 1.000000, -0.000008, -0.000000, -0.000011, 1.000000),
      ["LeftUpperArm"] = CFrame.new(0.056978, 0.066200, 0.021086, 0.992567, 0.079771, -0.091904, -0.075460, 0.995921, 0.049464, 0.095475, -0.042161, 0.994539),
      ["LeftUpperLeg"] = CFrame.new(-0.000723, -0.097398, -0.061040, 0.998936, -0.006542, 0.045634, -0.000293, 0.988959, 0.148213, -0.046110, -0.148048, 0.987902),
      ["LowerTorso"] = CFrame.new(0.414860, 5.743284, 0.248095, 0.998325, 0.014473, -0.056019, -0.011143, 0.998178, 0.059294, 0.056775, -0.058571, 0.996668),
      ["RightFoot"] = CFrame.new(0.000000, -2.921225, -0.000115, 0.999936, 0.008680, 0.007310, -0.010231, 0.967825, 0.251441, -0.004857, -0.251475, 0.967845),
      ["RightHand"] = CFrame.new(-0.000500, -0.000001, 0.000000, 0.999992, -0.003397, 0.002252, 0.003462, 0.999559, -0.029487, -0.002151, 0.029495, 0.999563),
      ["RightLowerArm"] = CFrame.new(-0.011635, -0.042652, -0.003746, 1.000000, 0.000000, 0.000000, -0.000000, 0.999962, 0.008770, -0.000000, -0.008770, 0.999962),
      ["RightLowerLeg"] = CFrame.new(0.000000, -2.913095, -0.038807, 1.000000, -0.000000, 0.000000, 0.000000, 1.000000, -0.000019, -0.000000, -0.000022, 1.000000),
      ["RightUpperArm"] = CFrame.new(-0.084102, 0.044900, 0.001419, 0.997410, -0.070310, -0.015179, 0.070493, 0.997442, 0.011872, 0.014305, -0.012911, 0.999814),
      ["RightUpperLeg"] = CFrame.new(-0.016717, -0.066243, -0.093048, 0.998359, 0.004200, 0.057081, 0.010901, 0.965105, -0.261608, -0.056224, 0.261831, 0.963485),
      ["UpperTorso"] = CFrame.new(-0.020863, -0.030766, 0.092909, 0.997984, 0.033823, 0.053711, -0.035229, 0.999055, 0.025445, -0.052799, -0.027286, 0.998232)
    }},
    {Time = 0.100, Data = {
      ["Head"] = CFrame.new(-0.000977, 0.067360, -0.024537, 0.999864, 0.006038, -0.015367, -0.005978, 0.999974, 0.003996, 0.015391, -0.003903, 0.999874),
      ["LeftFoot"] = CFrame.new(0.000000, -2.901789, -0.000016, 0.999981, -0.004722, -0.003973, 0.003798, 0.978420, -0.206604, 0.004872, 0.206570, 0.978417),
      ["LeftHand"] = CFrame.new(0.000500, 0.000100, 0.000000, 0.998554, 0.049751, -0.020374, -0.049329, 0.998568, 0.020722, 0.021375, -0.019686, 0.999578),
      ["LeftLowerArm"] = CFrame.new(0.005666, -0.026591, 0.010735, 1.000000, -0.000000, -0.000000, 0.000000, 0.997995, -0.063290, 0.000000, 0.063290, 0.997995),
      ["LeftLowerLeg"] = CFrame.new(0.000000, -2.893678, -0.038493, 1.000000, -0.000000, -0.000000, 0.000000, 1.000000, -0.000008, -0.000000, -0.000011, 1.000000),
      ["LeftUpperArm"] = CFrame.new(0.056978, 0.066200, 0.021086, 0.992567, 0.079771, -0.091904, -0.075460, 0.995921, 0.049464, 0.095475, -0.042161, 0.994539),
      ["LeftUpperLeg"] = CFrame.new(-0.000723, -0.097398, -0.061040, 0.998934, -0.006286, 0.045727, -0.000351, 0.989621, 0.143726, -0.046166, -0.143568, 0.988561),
      ["LowerTorso"] = CFrame.new(0.414860, 5.743284, 0.248095, 0.998325, 0.014473, -0.056019, -0.011143, 0.998178, 0.059294, 0.056775, -0.058571, 0.996668),
      ["RightFoot"] = CFrame.new(-0.000000, -2.918859, -0.000115, 0.999936, 0.008680, 0.007310, -0.010217, 0.968559, 0.248600, -0.004887, -0.248633, 0.968579),
      ["RightHand"] = CFrame.new(-0.000500, -0.000001, 0.000000, 0.999992, -0.003397, 0.002252, 0.003462, 0.999559, -0.029487, -0.002151, 0.029495, 0.999563),
      ["RightLowerArm"] = CFrame.new(-0.011635, -0.042652, -0.003746, 1.000000, 0.000000, 0.000000, -0.000000, 0.999962, 0.008770, -0.000000, -0.008770, 0.999962),
      ["RightLowerLeg"] = CFrame.new(0.000000, -2.910732, -0.038775, 1.000000, -0.000000, 0.000000, 0.000000, 1.000000, -0.000019, -0.000000, -0.000022, 1.000000),
      ["RightUpperArm"] = CFrame.new(-0.084102, 0.044900, 0.001419, 0.997410, -0.070310, -0.015179, 0.070493, 0.997442, 0.011872, 0.014305, -0.012911, 0.999814),
      ["RightUpperLeg"] = CFrame.new(-0.016717, -0.066243, -0.093048, 0.998359, 0.004032, 0.057093, 0.010901, 0.965868, -0.258775, -0.056224, 0.259003, 0.964249),
      ["UpperTorso"] = CFrame.new(-0.020863, -0.030766, 0.092909, 0.997984, 0.033823, 0.053711, -0.035229, 0.999055, 0.025445, -0.052799, -0.027286, 0.998232)
    }},
    {Time = 0.117, Data = {
      ["Head"] = CFrame.new(-0.000977, 0.067360, -0.024537, 0.999864, 0.006038, -0.015367, -0.005978, 0.999974, 0.003996, 0.015391, -0.003903, 0.999874),
      ["LeftFoot"] = CFrame.new(-0.000000, -2.897866, -0.000016, 0.999980, -0.004793, -0.004033, 0.003881, 0.979495, -0.201445, 0.004925, 0.201410, 0.979492),
      ["LeftHand"] = CFrame.new(0.000500, 0.000100, 0.000000, 0.998554, 0.049751, -0.020374, -0.049329, 0.998568, 0.020722, 0.021375, -0.019686, 0.999578),
      ["LeftLowerArm"] = CFrame.new(0.005666, -0.026591, 0.010735, 1.000000, -0.000000, -0.000000, 0.000000, 0.997995, -0.063290, 0.000000, 0.063290, 0.997995),
      ["LeftLowerLeg"] = CFrame.new(0.000000, -2.889765, -0.038441, 1.000000, -0.000000, -0.000000, 0.000000, 1.000000, -0.000008, -0.000000, -0.000011, 1.000000),
      ["LeftUpperArm"] = CFrame.new(0.056978, 0.066200, 0.021086, 0.992567, 0.079771, -0.091904, -0.075460, 0.995921, 0.049464, 0.095475, -0.042161, 0.994539),
      ["LeftUpperLeg"] = CFrame.new(-0.000723, -0.097398, -0.061040, 0.998931, -0.005987, 0.045832, -0.000418, 0.990364, 0.138508, -0.046230, -0.138358, 0.989300),
      ["LowerTorso"] = CFrame.new(0.414860, 5.743284, 0.248095, 0.998325, 0.014473, -0.056019, -0.011143, 0.998178, 0.059294, 0.056775, -0.058571, 0.996668),
      ["RightFoot"] = CFrame.new(-0.000000, -2.916139, -0.000114, 0.999936, 0.008680, 0.007310, -0.010201, 0.969400, 0.245297, -0.004922, -0.245331, 0.969420),
      ["RightHand"] = CFrame.new(-0.000500, -0.000001, 0.000000, 0.999992, -0.003397, 0.002252, 0.003462, 0.999559, -0.029487, -0.002151, 0.029495, 0.999563),
      ["RightLowerArm"] = CFrame.new(-0.011635, -0.042652, -0.003746, 1.000000, 0.000000, 0.000000, -0.000000, 0.999962, 0.008770, -0.000000, -0.008770, 0.999962),
      ["RightLowerLeg"] = CFrame.new(0.000000, -2.908018, -0.038739, 1.000000, -0.000000, 0.000000, 0.000000, 1.000000, -0.000018, -0.000000, -0.000021, 1.000000),
      ["RightUpperArm"] = CFrame.new(-0.084102, 0.044900, 0.001419, 0.997410, -0.070310, -0.015179, 0.070493, 0.997442, 0.011872, 0.014305, -0.012911, 0.999814),
      ["RightUpperLeg"] = CFrame.new(-0.016717, -0.066243, -0.093048, 0.998359, 0.003837, 0.057107, 0.010901, 0.966745, -0.255482, -0.056224, 0.255715, 0.965126),
      ["UpperTorso"] = CFrame.new(-0.020863, -0.030766, 0.092909, 0.997984, 0.033823, 0.053711, -0.035229, 0.999055, 0.025445, -0.052799, -0.027286, 0.998232)
    }},
    {Time = 0.133, Data = {
      ["Head"] = CFrame.new(-0.000977, 0.067360, -0.024537, 0.999864, 0.006038, -0.015367, -0.005978, 0.999974, 0.003996, 0.015391, -0.003903, 0.999874),
      ["LeftFoot"] = CFrame.new(0.000000, -2.893539, -0.000015, 0.999980, -0.004872, -0.004099, 0.003975, 0.980682, -0.195585, 0.004983, 0.195550, 0.980678),
      ["LeftHand"] = CFrame.new(0.000500, 0.000100, 0.000000, 0.998554, 0.049751, -0.020374, -0.049329, 0.998568, 0.020722, 0.021375, -0.019686, 0.999578),
      ["LeftLowerArm"] = CFrame.new(0.005666, -0.026591, 0.010735, 1.000000, -0.000000, -0.000000, 0.000000, 0.997995, -0.063290, 0.000000, 0.063290, 0.997995),
      ["LeftLowerLeg"] = CFrame.new(0.000000, -2.885447, -0.038383, 1.000000, -0.000000, -0.000000, -0.000000, 1.000000, -0.000008, -0.000000, -0.000011, 1.000000),
      ["LeftUpperArm"] = CFrame.new(0.056978, 0.066200, 0.021086, 0.992567, 0.079771, -0.091904, -0.075460, 0.995921, 0.049464, 0.095475, -0.042161, 0.994539),
      ["LeftUpperLeg"] = CFrame.new(-0.000723, -0.097398, -0.061040, 0.998927, -0.005649, 0.045948, -0.000492, 0.991174, 0.132584, -0.046301, -0.132444, 0.990106),
      ["LowerTorso"] = CFrame.new(0.414860, 5.743284, 0.248095, 0.998325, 0.014473, -0.056019, -0.011143, 0.998178, 0.059294, 0.056775, -0.058571, 0.996668),
      ["RightFoot"] = CFrame.new(0.000000, -2.913130, -0.000115, 0.999936, 0.008680, 0.007310, -0.010181, 0.970341, 0.241550, -0.004961, -0.241584, 0.970361),
      ["RightHand"] = CFrame.new(-0.000500, -0.000001, 0.000000, 0.999992, -0.003397, 0.002252, 0.003462, 0.999559, -0.029487, -0.002151, 0.029495, 0.999563),
      ["RightLowerArm"] = CFrame.new(-0.011635, -0.042652, -0.003746, 1.000000, 0.000000, 0.000000, -0.000000, 0.999962, 0.008770, -0.000000, -0.008770, 0.999962),
      ["RightLowerLeg"] = CFrame.new(0.000000, -2.905017, -0.038699, 1.000000, -0.000000, 0.000000, 0.000000, 1.000000, -0.000019, -0.000000, -0.000022, 1.000000),
      ["RightUpperArm"] = CFrame.new(-0.084102, 0.044900, 0.001419, 0.997410, -0.070310, -0.015179, 0.070493, 0.997442, 0.011872, 0.014305, -0.012911, 0.999814),
      ["RightUpperLeg"] = CFrame.new(-0.016717, -0.066243, -0.093048, 0.998359, 0.003617, 0.057121, 0.010901, 0.967725, -0.251745, -0.056224, 0.251984, 0.966106),
      ["UpperTorso"] = CFrame.new(-0.020863, -0.030766, 0.092909, 0.997984, 0.033823, 0.053711, -0.035229, 0.999055, 0.025445, -0.052799, -0.027286, 0.998232)
    }},
    {Time = 0.150, Data = {
      ["Head"] = CFrame.new(-0.000977, 0.067360, -0.024537, 0.999864, 0.006038, -0.015367, -0.005978, 0.999974, 0.003996, 0.015391, -0.003903, 0.999874),
      ["LeftFoot"] = CFrame.new(0.000000, -2.888903, -0.000016, 0.999979, -0.004959, -0.004172, 0.004079, 0.981962, -0.189049, 0.005044, 0.189014, 0.981959),
      ["LeftHand"] = CFrame.new(0.000500, 0.000100, 0.000000, 0.998554, 0.049751, -0.020374, -0.049329, 0.998568, 0.020722, 0.021375, -0.019686, 0.999578),
      ["LeftLowerArm"] = CFrame.new(0.005666, -0.026591, 0.010735, 1.000000, -0.000000, -0.000000, 0.000000, 0.997995, -0.063290, 0.000000, 0.063290, 0.997995),
      ["LeftLowerLeg"] = CFrame.new(0.000000, -2.880823, -0.038322, 1.000000, -0.000000, 0.000000, -0.000000, 1.000000, -0.000008, -0.000000, -0.000011, 1.000000),
      ["LeftUpperArm"] = CFrame.new(0.056978, 0.066200, 0.021086, 0.992567, 0.079771, -0.091904, -0.075460, 0.995921, 0.049464, 0.095475, -0.042161, 0.994539),
      ["LeftUpperLeg"] = CFrame.new(-0.000723, -0.097398, -0.061040, 0.998924, -0.005271, 0.046072, -0.000574, 0.992035, 0.125980, -0.046380, -0.125850, 0.990962),
      ["LowerTorso"] = CFrame.new(0.414860, 5.743284, 0.248095, 0.998325, 0.014473, -0.056019, -0.011143, 0.998178, 0.059294, 0.056775, -0.058571, 0.996668),
      ["RightFoot"] = CFrame.new(-0.000000, -2.909853, -0.000115, 0.999936, 0.008680, 0.007310, -0.010160, 0.971371, 0.237375, -0.005005, -0.237409, 0.971391),
      ["RightHand"] = CFrame.new(-0.000500, -0.000001, 0.000000, 0.999992, -0.003397, 0.002252, 0.003462, 0.999559, -0.029487, -0.002151, 0.029495, 0.999563),
      ["RightLowerArm"] = CFrame.new(-0.011635, -0.042652, -0.003746, 1.000000, 0.000000, 0.000000, -0.000000, 0.999962, 0.008770, -0.000000, -0.008770, 0.999962),
      ["RightLowerLeg"] = CFrame.new(0.000000, -2.901748, -0.038655, 1.000000, -0.000000, 0.000000, 0.000000, 1.000000, -0.000019, -0.000000, -0.000021, 1.000000),
      ["RightUpperArm"] = CFrame.new(-0.084102, 0.044900, 0.001419, 0.997410, -0.070310, -0.015179, 0.070493, 0.997442, 0.011872, 0.014305, -0.012911, 0.999814),
      ["RightUpperLeg"] = CFrame.new(-0.016717, -0.066243, -0.093048, 0.998359, 0.003371, 0.057136, 0.010901, 0.968798, -0.247581, -0.056223, 0.247827, 0.967181),
      ["UpperTorso"] = CFrame.new(-0.020863, -0.030766, 0.092909, 0.997984, 0.033823, 0.053711, -0.035229, 0.999055, 0.025445, -0.052799, -0.027286, 0.998232)
    }},
    {Time = 0.167, Data = {
      ["Head"] = CFrame.new(-0.000977, 0.067360, -0.024537, 0.999864, 0.006038, -0.015367, -0.005978, 0.999974, 0.003996, 0.015391, -0.003903, 0.999874),
      ["LeftFoot"] = CFrame.new(0.000000, -2.884000, -0.000015, 0.999978, -0.005052, -0.004251, 0.004194, 0.983318, -0.181861, 0.005109, 0.181826, 0.983315),
      ["LeftHand"] = CFrame.new(0.000500, 0.000100, 0.000000, 0.998554, 0.049751, -0.020374, -0.049329, 0.998568, 0.020722, 0.021375, -0.019686, 0.999578),
      ["LeftLowerArm"] = CFrame.new(0.005666, -0.026591, 0.010735, 1.000000, -0.000000, -0.000000, 0.000000, 0.997995, -0.063290, 0.000000, 0.063290, 0.997995),
      ["LeftLowerLeg"] = CFrame.new(0.000000, -2.875932, -0.038256, 1.000000, -0.000000, -0.000000, -0.000000, 1.000000, -0.000008, -0.000000, -0.000011, 1.000000),
      ["LeftUpperArm"] = CFrame.new(0.056978, 0.066200, 0.021086, 0.992567, 0.079771, -0.091904, -0.075460, 0.995921, 0.049464, 0.095475, -0.042161, 0.994539),
      ["LeftUpperLeg"] = CFrame.new(-0.000723, -0.097398, -0.061040, 0.998920, -0.004856, 0.046204, -0.000663, 0.992930, 0.118720, -0.046464, -0.118601, 0.991852),
      ["LowerTorso"] = CFrame.new(0.414860, 5.743284, 0.248095, 0.998325, 0.014473, -0.056019, -0.011143, 0.998178, 0.059294, 0.056775, -0.058571, 0.996668),
      ["RightFoot"] = CFrame.new(0.000000, -2.906328, -0.000115, 0.999936, 0.008681, 0.007310, -0.010136, 0.972481, 0.232787, -0.005053, -0.232821, 0.972500),
      ["RightHand"] = CFrame.new(-0.000500, -0.000001, 0.000000, 0.999992, -0.003397, 0.002252, 0.003462, 0.999559, -0.029487, -0.002151, 0.029495, 0.999563),
      ["RightLowerArm"] = CFrame.new(-0.011635, -0.042652, -0.003746, 1.000000, 0.000000, 0.000000, -0.000000, 0.999962, 0.008770, -0.000000, -0.008770, 0.999962),
      ["RightLowerLeg"] = CFrame.new(0.000000, -2.898230, -0.038608, 1.000000, -0.000000, 0.000000, 0.000000, 1.000000, -0.000018, -0.000000, -0.000021, 1.000000),
      ["RightUpperArm"] = CFrame.new(-0.084102, 0.044900, 0.001419, 0.997410, -0.070310, -0.015179, 0.070493, 0.997442, 0.011872, 0.014305, -0.012911, 0.999814),
      ["RightUpperLeg"] = CFrame.new(-0.016717, -0.066243, -0.093048, 0.998359, 0.003101, 0.057151, 0.010901, 0.969956, -0.243005, -0.056223, 0.243259, 0.968340),
      ["UpperTorso"] = CFrame.new(-0.020863, -0.030766, 0.092909, 0.997984, 0.033823, 0.053711, -0.035229, 0.999055, 0.025445, -0.052799, -0.027286, 0.998232)
    }},
    {Time = 0.183, Data = {
      ["Head"] = CFrame.new(-0.000977, 0.067360, -0.024537, 0.999864, 0.006038, -0.015367, -0.005978, 0.999974, 0.003996, 0.015391, -0.003903, 0.999874),
      ["LeftFoot"] = CFrame.new(0.000000, -2.878919, -0.000015, 0.999977, -0.005152, -0.004335, 0.004318, 0.984730, -0.174045, 0.005175, 0.174009, 0.984728),
      ["LeftHand"] = CFrame.new(0.000500, 0.000100, 0.000000, 0.998554, 0.049751, -0.020374, -0.049329, 0.998568, 0.020722, 0.021375, -0.019686, 0.999578),
      ["LeftLowerArm"] = CFrame.new(0.005666, -0.026591, 0.010735, 1.000000, -0.000000, -0.000000, 0.000000, 0.997995, -0.063290, 0.000000, 0.063290, 0.997995),
      ["LeftLowerLeg"] = CFrame.new(0.000000, -2.870863, -0.038189, 1.000000, -0.000000, -0.000000, 0.000000, 1.000000, -0.000008, -0.000000, -0.000011, 1.000000),
      ["LeftUpperArm"] = CFrame.new(0.056978, 0.066200, 0.021086, 0.992567, 0.079771, -0.091904, -0.075460, 0.995921, 0.049464, 0.095475, -0.042161, 0.994539),
      ["LeftUpperLeg"] = CFrame.new(-0.000723, -0.097398, -0.061040, 0.998915, -0.004405, 0.046341, -0.000757, 0.993842, 0.110829, -0.046554, -0.110723, 0.992758),
      ["LowerTorso"] = CFrame.new(0.414860, 5.743284, 0.248095, 0.998325, 0.014473, -0.056019, -0.011143, 0.998178, 0.059294, 0.056775, -0.058571, 0.996668),
      ["RightFoot"] = CFrame.new(-0.000000, -2.902624, -0.000115, 0.999936, 0.008681, 0.007310, -0.010110, 0.973660, 0.227803, -0.005105, -0.227838, 0.973680),
      ["RightHand"] = CFrame.new(-0.000500, -0.000001, 0.000000, 0.999992, -0.003397, 0.002252, 0.003462, 0.999559, -0.029487, -0.002151, 0.029495, 0.999563),
      ["RightLowerArm"] = CFrame.new(-0.011635, -0.042652, -0.003746, 1.000000, 0.000000, 0.000000, -0.000000, 0.999962, 0.008770, -0.000000, -0.008770, 0.999962),
      ["RightLowerLeg"] = CFrame.new(0.000000, -2.894534, -0.038559, 1.000000, -0.000000, 0.000000, 0.000000, 1.000000, -0.000019, -0.000000, -0.000022, 1.000000),
      ["RightUpperArm"] = CFrame.new(-0.084102, 0.044900, 0.001419, 0.997410, -0.070310, -0.015179, 0.070493, 0.997442, 0.011872, 0.014305, -0.012911, 0.999814),
      ["RightUpperLeg"] = CFrame.new(-0.016717, -0.066243, -0.093048, 0.998359, 0.002808, 0.057166, 0.010901, 0.971188, -0.238035, -0.056223, 0.238297, 0.969573),
      ["UpperTorso"] = CFrame.new(-0.020863, -0.030766, 0.092909, 0.997984, 0.033823, 0.053711, -0.035229, 0.999055, 0.025445, -0.052799, -0.027286, 0.998232)
    }},
    {Time = 0.200, Data = {
      ["Head"] = CFrame.new(-0.000977, 0.067360, -0.024537, 0.999864, 0.006038, -0.015367, -0.005978, 0.999974, 0.003996, 0.015391, -0.003903, 0.999874),
      ["LeftFoot"] = CFrame.new(0.000000, -2.873749, -0.000016, 0.999976, -0.005258, -0.004424, 0.004451, 0.986181, -0.165626, 0.005243, 0.165590, 0.986179),
      ["LeftHand"] = CFrame.new(0.000500, 0.000100, 0.000000, 0.998554, 0.049751, -0.020374, -0.049329, 0.998568, 0.020722, 0.021375, -0.019686, 0.999578),
      ["LeftLowerArm"] = CFrame.new(0.005666, -0.026591, 0.010735, 1.000000, -0.000000, -0.000000, 0.000000, 0.997995, -0.063290, 0.000000, 0.063290, 0.997995),
      ["LeftLowerLeg"] = CFrame.new(0.000000, -2.865705, -0.038120, 1.000000, -0.000000, -0.000000, 0.000000, 1.000000, -0.000008, -0.000000, -0.000011, 1.000000),
      ["LeftUpperArm"] = CFrame.new(0.056978, 0.066200, 0.021086, 0.992567, 0.079771, -0.091904, -0.075460, 0.995921, 0.049464, 0.095475, -0.042161, 0.994539),
      ["LeftUpperLeg"] = CFrame.new(-0.000723, -0.097398, -0.061041, 0.998911, -0.003920, 0.046482, -0.000857, 0.994752, 0.102335, -0.046650, -0.102242, 0.993663),
      ["LowerTorso"] = CFrame.new(0.414860, 5.743284, 0.248095, 0.998325, 0.014473, -0.056019, -0.011143, 0.998178, 0.059294, 0.056775, -0.058571, 0.996668),
      ["RightFoot"] = CFrame.new(0.000000, -2.898744, -0.000115, 0.999936, 0.008681, 0.007311, -0.010082, 0.974900, 0.222440, -0.005161, -0.222475, 0.974919),
      ["RightHand"] = CFrame.new(-0.000500, -0.000001, 0.000000, 0.999992, -0.003397, 0.002252, 0.003462, 0.999559, -0.029487, -0.002151, 0.029495, 0.999563),
      ["RightLowerArm"] = CFrame.new(-0.011635, -0.042652, -0.003746, 1.000000, 0.000000, 0.000000, -0.000000, 0.999962, 0.008770, -0.000000, -0.008770, 0.999962),
      ["RightLowerLeg"] = CFrame.new(0.000000, -2.890662, -0.038507, 1.000000, -0.000000, 0.000000, 0.000000, 1.000000, -0.000018, -0.000000, -0.000021, 1.000000),
      ["RightUpperArm"] = CFrame.new(-0.084102, 0.044900, 0.001419, 0.997410, -0.070310, -0.015179, 0.070493, 0.997442, 0.011872, 0.014305, -0.012911, 0.999814),
      ["RightUpperLeg"] = CFrame.new(-0.016717, -0.066243, -0.093048, 0.998359, 0.002493, 0.057180, 0.010901, 0.972484, -0.232685, -0.056223, 0.232956, 0.970870),
      ["UpperTorso"] = CFrame.new(-0.020863, -0.030766, 0.092909, 0.997984, 0.033823, 0.053711, -0.035229, 0.999055, 0.025445, -0.052799, -0.027286, 0.998232)
    }},
    {Time = 0.217, Data = {
      ["Head"] = CFrame.new(-0.000977, 0.067360, -0.024537, 0.999864, 0.006038, -0.015367, -0.005978, 0.999974, 0.003996, 0.015391, -0.003903, 0.999874),
      ["LeftFoot"] = CFrame.new(-0.000000, -2.868533, -0.000015, 0.999975, -0.005368, -0.004517, 0.004593, 0.987649, -0.156630, 0.005311, 0.156593, 0.987647),
      ["LeftHand"] = CFrame.new(0.000500, 0.000100, 0.000000, 0.998554, 0.049751, -0.020374, -0.049329, 0.998568, 0.020722, 0.021375, -0.019686, 0.999578),
      ["LeftLowerArm"] = CFrame.new(0.005666, -0.026591, 0.010735, 1.000000, -0.000000, -0.000000, 0.000000, 0.997995, -0.063290, 0.000000, 0.063290, 0.997995),
      ["LeftLowerLeg"] = CFrame.new(0.000000, -2.860500, -0.038050, 1.000000, -0.000000, 0.000000, 0.000000, 1.000000, -0.000008, -0.000000, -0.000011, 1.000000),
      ["LeftUpperArm"] = CFrame.new(0.056978, 0.066200, 0.021086, 0.992567, 0.079771, -0.091904, -0.075460, 0.995921, 0.049464, 0.095475, -0.042161, 0.994539),
      ["LeftUpperLeg"] = CFrame.new(-0.000723, -0.097398, -0.061041, 0.998906, -0.003402, 0.046625, -0.000960, 0.995643, 0.093262, -0.046749, -0.093184, 0.994549),
      ["LowerTorso"] = CFrame.new(0.414860, 5.743284, 0.248095, 0.998325, 0.014473, -0.056019, -0.011143, 0.998178, 0.059294, 0.056775, -0.058571, 0.996668),
      ["RightFoot"] = CFrame.new(-0.000000, -2.894756, -0.000115, 0.999936, 0.008681, 0.007311, -0.010052, 0.976189, 0.216713, -0.005220, -0.216749, 0.976208),
      ["RightHand"] = CFrame.new(-0.000500, -0.000001, 0.000000, 0.999992, -0.003397, 0.002252, 0.003462, 0.999559, -0.029487, -0.002151, 0.029495, 0.999563),
      ["RightLowerArm"] = CFrame.new(-0.011635, -0.042652, -0.003746, 1.000000, 0.000000, 0.000000, -0.000000, 0.999962, 0.008770, -0.000000, -0.008770, 0.999962),
      ["RightLowerLeg"] = CFrame.new(0.000000, -2.886685, -0.038454, 1.000000, -0.000000, 0.000000, 0.000000, 1.000000, -0.000018, -0.000000, -0.000021, 1.000000),
      ["RightUpperArm"] = CFrame.new(-0.084102, 0.044900, 0.001419, 0.997410, -0.070310, -0.015179, 0.070493, 0.997442, 0.011872, 0.014305, -0.012911, 0.999814),
      ["RightUpperLeg"] = CFrame.new(-0.016717, -0.066243, -0.093048, 0.998359, 0.002157, 0.057194, 0.010901, 0.973833, -0.226973, -0.056223, 0.227253, 0.972220),
      ["UpperTorso"] = CFrame.new(-0.020863, -0.030766, 0.092909, 0.997984, 0.033823, 0.053711, -0.035229, 0.999055, 0.025445, -0.052799, -0.027286, 0.998232)
    }},
    {Time = 0.233, Data = {
      ["Head"] = CFrame.new(-0.000977, 0.067360, -0.024537, 0.999864, 0.006038, -0.015367, -0.005978, 0.999974, 0.003996, 0.015391, -0.003903, 0.999874),
      ["LeftFoot"] = CFrame.new(0.000000, -2.863376, -0.000015, 0.999974, -0.005482, -0.004613, 0.004743, 0.989115, -0.147082, 0.005379, 0.147045, 0.989114),
      ["LeftHand"] = CFrame.new(0.000500, 0.000100, 0.000000, 0.998554, 0.049751, -0.020374, -0.049329, 0.998568, 0.020722, 0.021375, -0.019686, 0.999578),
      ["LeftLowerArm"] = CFrame.new(0.005666, -0.026591, 0.010735, 1.000000, -0.000000, -0.000000, 0.000000, 0.997995, -0.063290, 0.000000, 0.063290, 0.997995),
      ["LeftLowerLeg"] = CFrame.new(0.000000, -2.855357, -0.037981, 1.000000, -0.000000, -0.000000, 0.000000, 1.000000, -0.000008, -0.000000, -0.000011, 1.000000),
      ["LeftUpperArm"] = CFrame.new(0.056978, 0.066200, 0.021086, 0.992567, 0.079771, -0.091904, -0.075460, 0.995921, 0.049464, 0.095475, -0.042161, 0.994539),
      ["LeftUpperLeg"] = CFrame.new(-0.000723, -0.097398, -0.061041, 0.998901, -0.002853, 0.046767, -0.001068, 0.996497, 0.083640, -0.046852, -0.083577, 0.995398),
      ["LowerTorso"] = CFrame.new(0.414860, 5.743284, 0.248095, 0.998325, 0.014473, -0.056019, -0.011143, 0.998178, 0.059294, 0.056775, -0.058571, 0.996668),
      ["RightFoot"] = CFrame.new(-0.000000, -2.890685, -0.000115, 0.999936, 0.008682, 0.007311, -0.010019, 0.977517, 0.210640, -0.005283, -0.210676, 0.977536),
      ["RightHand"] = CFrame.new(-0.000500, -0.000001, 0.000000, 0.999992, -0.003397, 0.002252, 0.003462, 0.999559, -0.029487, -0.002151, 0.029495, 0.999563),
      ["RightLowerArm"] = CFrame.new(-0.011635, -0.042652, -0.003746, 1.000000, 0.000000, 0.000000, -0.000000, 0.999962, 0.008770, -0.000000, -0.008770, 0.999962),
      ["RightLowerLeg"] = CFrame.new(0.000000, -2.882623, -0.038399, 1.000000, -0.000000, 0.000000, 0.000000, 1.000000, -0.000018, -0.000000, -0.000022, 1.000000),
      ["RightUpperArm"] = CFrame.new(-0.084102, 0.044900, 0.001419, 0.997410, -0.070310, -0.015179, 0.070493, 0.997442, 0.011872, 0.014305, -0.012911, 0.999814),
      ["RightUpperLeg"] = CFrame.new(-0.016717, -0.066243, -0.093048, 0.998359, 0.001801, 0.057206, 0.010901, 0.975226, -0.220915, -0.056223, 0.221205, 0.973614),
      ["UpperTorso"] = CFrame.new(-0.020863, -0.030766, 0.092909, 0.997984, 0.033823, 0.053711, -0.035229, 0.999055, 0.025445, -0.052799, -0.027286, 0.998232)
    }},
    {Time = 0.250, Data = {
      ["Head"] = CFrame.new(-0.000977, 0.067360, -0.024537, 0.999864, 0.006038, -0.015367, -0.005978, 0.999974, 0.003996, 0.015391, -0.003903, 0.999874),
      ["LeftFoot"] = CFrame.new(-0.000000, -2.858318, -0.000015, 0.999973, -0.005600, -0.004712, 0.004900, 0.990559, -0.137011, 0.005444, 0.136972, 0.990558),
      ["LeftHand"] = CFrame.new(0.000500, 0.000100, 0.000000, 0.998554, 0.049751, -0.020374, -0.049329, 0.998568, 0.020722, 0.021375, -0.019686, 0.999578),
      ["LeftLowerArm"] = CFrame.new(0.005666, -0.026591, 0.010735, 1.000000, -0.000000, -0.000000, 0.000000, 0.997995, -0.063290, 0.000000, 0.063290, 0.997995),
      ["LeftLowerLeg"] = CFrame.new(0.000000, -2.850310, -0.037914, 1.000000, -0.000000, -0.000000, 0.000000, 1.000000, -0.000008, -0.000000, -0.000011, 1.000000),
      ["LeftUpperArm"] = CFrame.new(0.056978, 0.066200, 0.021086, 0.992567, 0.079771, -0.091904, -0.075460, 0.995921, 0.049464, 0.095475, -0.042161, 0.994539),
      ["LeftUpperLeg"] = CFrame.new(-0.000723, -0.097398, -0.061041, 0.998896, -0.002274, 0.046908, -0.001179, 0.997296, 0.073496, -0.046959, -0.073449, 0.996192),
      ["LowerTorso"] = CFrame.new(0.414860, 5.743284, 0.248095, 0.998325, 0.014473, -0.056019, -0.011143, 0.998178, 0.059294, 0.056775, -0.058571, 0.996668),
      ["RightFoot"] = CFrame.new(-0.000000, -2.886550, -0.000114, 0.999936, 0.008682, 0.007311, -0.009985, 0.978875, 0.204238, -0.005348, -0.204275, 0.978894),
      ["RightHand"] = CFrame.new(-0.000500, -0.000001, 0.000000, 0.999992, -0.003397, 0.002252, 0.003462, 0.999559, -0.029487, -0.002151, 0.029495, 0.999563),
      ["RightLowerArm"] = CFrame.new(-0.011635, -0.042652, -0.003746, 1.000000, 0.000000, 0.000000, -0.000000, 0.999962, 0.008770, -0.000000, -0.008770, 0.999962),
      ["RightLowerLeg"] = CFrame.new(0.000000, -2.878497, -0.038344, 1.000000, -0.000000, 0.000000, 0.000000, 1.000000, -0.000018, -0.000000, -0.000021, 1.000000),
      ["RightUpperArm"] = CFrame.new(-0.084102, 0.044900, 0.001419, 0.997410, -0.070310, -0.015179, 0.070493, 0.997442, 0.011872, 0.014305, -0.012911, 0.999814),
      ["RightUpperLeg"] = CFrame.new(-0.016717, -0.066243, -0.093048, 0.998359, 0.001426, 0.057216, 0.010901, 0.976651, -0.214528, -0.056222, 0.214828, 0.975041),
      ["UpperTorso"] = CFrame.new(-0.020863, -0.030766, 0.092909, 0.997984, 0.033823, 0.053711, -0.035229, 0.999055, 0.025445, -0.052799, -0.027286, 0.998232)
    }},
    {Time = 0.267, Data = {
      ["Head"] = CFrame.new(-0.000977, 0.067360, -0.024537, 0.999864, 0.006038, -0.015367, -0.005978, 0.999974, 0.003996, 0.015391, -0.003903, 0.999874),
      ["LeftFoot"] = CFrame.new(-0.000000, -2.853463, -0.000015, 0.999972, -0.005720, -0.004813, 0.005065, 0.991962, -0.126443, 0.005508, 0.126404, 0.991962),
      ["LeftHand"] = CFrame.new(0.000500, 0.000100, 0.000000, 0.998554, 0.049751, -0.020374, -0.049329, 0.998568, 0.020722, 0.021375, -0.019686, 0.999578),
      ["LeftLowerArm"] = CFrame.new(0.005666, -0.026591, 0.010735, 1.000000, -0.000000, -0.000000, 0.000000, 0.997995, -0.063290, 0.000000, 0.063290, 0.997995),
      ["LeftLowerLeg"] = CFrame.new(0.000000, -2.845466, -0.037849, 1.000000, -0.000000, -0.000000, -0.000000, 1.000000, -0.000008, -0.000000, -0.000011, 1.000000),
