return {
  ["KeyframeSequence"] = {
    {Time = 0.000, Data = {
      ["Head"] = CFrame.new(-0.000977, 0.067361, -0.024535, 0.999864, 0.006038, -0.015367, -0.005978, 0.999974, 0.003996, 0.015391, -0.003903, 0.999874),
      ["LeftFoot"] = CFrame.new(-0.000002, -10.410177, -0.000036, 0.177570, -0.749002, -0.638339, 0.497958, 0.627863, -0.598204, 0.848827, -0.211624, 0.484432),
      ["LeftHand"] = CFrame.new(0.000500, 0.000101, 0.000002, 0.998554, 0.049751, -0.020373, -0.049329, 0.998568, 0.020722, 0.021375, -0.019686, 0.999578),
      ["LeftLowerArm"] = CFrame.new(-3.142764, -52.737846, -4.582395, 1.000000, -0.000000, -0.000000, 0.000000, 0.998746, -0.050073, 0.000000, 0.050072, 0.998746),
      ["LeftLowerLeg"] = CFrame.new(-11.210799, -40.927540, 1.109048, 1.000000, 0.000000, 0.000000, -0.000000, 1.000000, -0.000007, 0.000000, -0.000010, 1.000000),
      ["LeftUpperArm"] = CFrame.new(0.040052, 0.169158, -0.177899, 0.910246, 0.367606, -0.190572, 0.185668, -0.773738, -0.605687, -0.370108, 0.515941, -0.772545),
      ["LeftUpperLeg"] = CFrame.new(-0.000724, -0.097401, -0.061046, 0.126331, 0.534248, 0.835839, 0.567911, 0.651888, -0.502504, -0.813337, 0.538165, -0.221049),
      ["LowerTorso"] = CFrame.new(0.414860, 20.726685, -0.479239, 0.998325, 0.014473, -0.056019, 0.054392, 0.095330, 0.993959, 0.019725, -0.995341, 0.094383),
      ["RightFoot"] = CFrame.new(0.000000, -10.754424, -0.000119, 0.131041, 0.772634, 0.621201, -0.687741, 0.522164, -0.504366, -0.714032, -0.361084, 0.599770),
      ["RightHand"] = CFrame.new(-0.000500, 0.000003, 0.000001, 0.999992, -0.003397, 0.002252, 0.003462, 0.999559, -0.029487, -0.002151, 0.029495, 0.999563),
      ["RightLowerArm"] = CFrame.new(9.252143, -54.016724, -8.907099, 1.000000, 0.000000, 0.000000, -0.000000, 0.999604, -0.028132, -0.000000, 0.028131, 0.999604),
      ["RightLowerLeg"] = CFrame.new(8.233691, -38.990501, 15.755810, 1.000000, 0.000000, -0.000000, 0.000000, 1.000000, -0.000009, 0.000000, -0.000012, 1.000000),
      ["RightUpperArm"] = CFrame.new(-0.059292, 0.232413, -0.036297, 0.951047, -0.260414, -0.166416, -0.308127, -0.757482, -0.575569, 0.023829, 0.598670, -0.800641),
      ["RightUpperLeg"] = CFrame.new(-0.016715, -0.066245, -0.093049, 0.199888, -0.666681, -0.718051, -0.501318, 0.560051, -0.659533, 0.841858, 0.491812, -0.222304),
      ["UpperTorso"] = CFrame.new(-0.020892, -0.080371, 0.079577, 0.999202, -0.002426, 0.039865, -0.001599, 0.994922, 0.100636, -0.039907, -0.100619, 0.994124)
    }},
    {Time = 0.017, Data = {
      ["Head"] = CFrame.new(-0.000977, 0.067361, -0.024535, 0.999864, 0.006038, -0.015367, -0.005978, 0.999974, 0.003996, 0.015391, -0.003903, 0.999874),
      ["LeftFoot"] = CFrame.new(-0.000002, -10.410177, -0.000036, 0.177570, -0.749002, -0.638339, 0.497958, 0.627863, -0.598204, 0.848827, -0.211624, 0.484432),
      ["LeftHand"] = CFrame.new(0.000500, 0.000101, 0.000002, 0.998554, 0.049751, -0.020373, -0.049329, 0.998568, 0.020722, 0.021375, -0.019686, 0.999578),
      ["LeftLowerArm"] = CFrame.new(-3.142764, -52.737846, -4.582395, 1.000000, -0.000000, -0.000000, 0.000000, 0.998746, -0.050073, 0.000000, 0.050072, 0.998746),
      ["LeftLowerLeg"] = CFrame.new(-11.210799, -40.927540, 1.109048, 1.000000, 0.000000, 0.000000, -0.000000, 1.000000, -0.000007, 0.000000, -0.000010, 1.000000),
      ["LeftUpperArm"] = CFrame.new(0.040052, 0.169158, -0.177899, 0.910246, 0.367606, -0.190572, 0.185668, -0.773738, -0.605687, -0.370108, 0.515941, -0.772545),
      ["LeftUpperLeg"] = CFrame.new(-0.000724, -0.097401, -0.061046, 0.126331, 0.534248, 0.835839, 0.567911, 0.651888, -0.502504, -0.813337, 0.538165, -0.221049),
      ["LowerTorso"] = CFrame.new(0.414860, 20.726685, -0.479239, 0.998325, 0.014473, -0.056019, 0.054392, 0.095330, 0.993959, 0.019725, -0.995341, 0.094383),
      ["RightFoot"] = CFrame.new(0.000000, -10.754424, -0.000119, 0.131041, 0.772634, 0.621201, -0.687741, 0.522164, -0.504366, -0.714032, -0.361084, 0.599770),
      ["RightHand"] = CFrame.new(-0.000500, 0.000003, 0.000001, 0.999992, -0.003397, 0.002252, 0.003462, 0.999559, -0.029487, -0.002151, 0.029495, 0.999563),
      ["RightLowerArm"] = CFrame.new(9.252143, -54.016724, -8.907099, 1.000000, 0.000000, 0.000000, -0.000000, 0.999604, -0.028132, -0.000000, 0.028131, 0.999604),
      ["RightLowerLeg"] = CFrame.new(8.233691, -38.990501, 15.755810, 1.000000, 0.000000, -0.000000, 0.000000, 1.000000, -0.000009, 0.000000, -0.000012, 1.000000),
      ["RightUpperArm"] = CFrame.new(-0.059292, 0.232413, -0.036297, 0.951047, -0.260414, -0.166416, -0.308127, -0.757482, -0.575569, 0.023829, 0.598670, -0.800641),
      ["RightUpperLeg"] = CFrame.new(-0.016715, -0.066245, -0.093049, 0.199888, -0.666681, -0.718051, -0.501318, 0.560051, -0.659533, 0.841858, 0.491812, -0.222304),
      ["UpperTorso"] = CFrame.new(-0.020892, -0.080371, 0.079577, 0.999202, -0.002426, 0.039865, -0.001599, 0.994922, 0.100636, -0.039907, -0.100619, 0.994124)
    }},
    {Time = 0.167, Data = {
      ["Head"] = CFrame.new(-0.000977, 0.067361, -0.024535, 0.999864, 0.006038, -0.015367, -0.005978, 0.999974, 0.003996, 0.015391, -0.003903, 0.999874),
      ["LeftFoot"] = CFrame.new(-0.000002, -10.410177, -0.000036, 0.177570, -0.749002, -0.638339, 0.497958, 0.627863, -0.598204, 0.848827, -0.211624, 0.484432),
      ["LeftHand"] = CFrame.new(0.000500, 0.000101, 0.000002, 0.998554, 0.049751, -0.020373, -0.049329, 0.998568, 0.020722, 0.021375, -0.019686, 0.999578),
      ["LeftLowerArm"] = CFrame.new(-3.142764, -52.737846, -4.582395, 1.000000, -0.000000, -0.000000, 0.000000, 0.998746, -0.050073, 0.000000, 0.050072, 0.998746),
      ["LeftLowerLeg"] = CFrame.new(-11.210799, -40.927540, 1.109048, 1.000000, 0.000000, 0.000000, -0.000000, 1.000000, -0.000007, 0.000000, -0.000010, 1.000000),
      ["LeftUpperArm"] = CFrame.new(0.040052, 0.169158, -0.177899, 0.910246, 0.367606, -0.190572, 0.185668, -0.773738, -0.605687, -0.370108, 0.515941, -0.772545),
      ["LeftUpperLeg"] = CFrame.new(-0.000724, -0.097401, -0.061046, 0.126331, 0.534248, 0.835839, 0.567911, 0.651888, -0.502504, -0.813337, 0.538165, -0.221049),
      ["LowerTorso"] = CFrame.new(0.414860, 20.726685, -0.479239, 0.998325, 0.014473, -0.056019, 0.054392, 0.095330, 0.993959, 0.019725, -0.995341, 0.094383),
      ["RightFoot"] = CFrame.new(0.000000, -10.754424, -0.000119, 0.131041, 0.772634, 0.621201, -0.687741, 0.522164, -0.504366, -0.714032, -0.361084, 0.599770),
      ["RightHand"] = CFrame.new(-0.000500, 0.000003, 0.000001, 0.999992, -0.003397, 0.002252, 0.003462, 0.999559, -0.029487, -0.002151, 0.029495, 0.999563),
      ["RightLowerArm"] = CFrame.new(9.252143, -54.016724, -8.907099, 1.000000, 0.000000, 0.000000, -0.000000, 0.999604, -0.028132, -0.000000, 0.028131, 0.999604),
      ["RightLowerLeg"] = CFrame.new(8.233691, -38.990501, 15.755810, 1.000000, 0.000000, -0.000000, 0.000000, 1.000000, -0.000009, 0.000000, -0.000012, 1.000000),
      ["RightUpperArm"] = CFrame.new(-0.059292, 0.232413, -0.036297, 0.951047, -0.260414, -0.166416, -0.308127, -0.757482, -0.575569, 0.023829, 0.598670, -0.800641),
      ["RightUpperLeg"] = CFrame.new(-0.016715, -0.066245, -0.093049, 0.199888, -0.666681, -0.718051, -0.501318, 0.560051, -0.659533, 0.841858, 0.491812, -0.222304),
      ["UpperTorso"] = CFrame.new(-0.020892, -0.080371, 0.079577, 0.999202, -0.002426, 0.039865, -0.001599, 0.994922, 0.100636, -0.039907, -0.100619, 0.994124)
    }}
  }
}